ChatterBot Hotel round 1
ChatterBot Charlie round 1
ChatterBot Echo round 1
ChatterBot Papa round 1
ChatterBot Delta round 1
ChatterBot Lima round 1
ChatterBot Tango round 1
ChatterBot Zulu round 1
ChatterBot X-ray round 1
ChatterBot Golf round 1
randomSelections Charlie: {Charlie, X-ray, Delta, Hotel, Echo, Lima} 
2024-10-15 04:27:37.683965 Charlie: We would work well together
ChatterBot X-ray reevaluating
ChatterBot Delta reevaluating
ChatterBot Hotel reevaluating
ChatterBot Echo reevaluating
ChatterBot Lima reevaluating
2024-10-15 04:27:37.707160 X-ray: Yes
2024-10-15 04:27:37.707887 Delta: Yes
2024-10-15 04:27:37.708996 Hotel: Yes
2024-10-15 04:27:37.709920 Echo: Yes
2024-10-15 04:27:37.711337 Lima: Yes
ChatterBot Delta reevaluating
ChatterBot Hotel reevaluating
ChatterBot Echo reevaluating
ChatterBot Lima reevaluating
ChatterBot X-ray reevaluating
ChatterBot Hotel reevaluating
ChatterBot Echo reevaluating
ChatterBot Lima reevaluating
ChatterBot X-ray reevaluating
ChatterBot Delta reevaluating
ChatterBot Echo reevaluating
ChatterBot Lima reevaluating
ChatterBot X-ray reevaluating
ChatterBot Delta reevaluating
ChatterBot Hotel reevaluating
ChatterBot Lima reevaluating
ChatterBot X-ray reevaluating
ChatterBot Delta reevaluating
ChatterBot Hotel reevaluating
ChatterBot Echo reevaluating
randomSelections Tango: {Tango, Golf} 
2024-10-15 04:27:37.794522 Tango: Friends?
ChatterBot Golf reevaluating
2024-10-15 04:27:37.798111 Golf: Yes
randomSelections Zulu: {Zulu, Papa, X-ray, Echo, Charlie, Lima} 
2024-10-15 04:27:37.803070 Zulu: Can we be friends?
ChatterBot Papa reevaluating
ChatterBot X-ray reevaluating
ChatterBot Echo reevaluating
ChatterBot Lima reevaluating
2024-10-15 04:27:37.815677 Papa: Yes
2024-10-15 04:27:37.815869 X-ray: No
2024-10-15 04:27:37.816043 Echo: No
2024-10-15 04:27:37.816242 Charlie: No
2024-10-15 04:27:37.816401 Lima: No
ChatterBot X-ray reevaluating
ChatterBot Echo reevaluating
ChatterBot Lima reevaluating
ChatterBot Papa reevaluating
ChatterBot Echo reevaluating
ChatterBot Lima reevaluating
ChatterBot Papa reevaluating
ChatterBot X-ray reevaluating
ChatterBot Lima reevaluating
ChatterBot Papa reevaluating
ChatterBot X-ray reevaluating
ChatterBot Echo reevaluating
ChatterBot Lima reevaluating
ChatterBot Papa reevaluating
ChatterBot X-ray reevaluating
ChatterBot Echo reevaluating
2024-10-15 04:27:37.873699 Papa: Charlie, sending you 3
2024-10-15 04:27:37.874667 Zulu: Charlie and Papa, sending you 2
2024-10-15 04:27:37.876667 Charlie: Hotel, Lima and X-ray, sending you 3
2024-10-15 04:27:37.877023 Hotel: Charlie and Delta, sending you 1
2024-10-15 04:27:37.877699 Papa: Echo, sending you 1
2024-10-15 04:27:37.878678 Zulu: Lima, sending you 1
2024-10-15 04:27:37.879660 Golf: Sending you 4
2024-10-15 04:27:37.879899 Delta: Hotel, sending you 7
2024-10-15 04:27:37.881097 Tango: Sending you 15
2024-10-15 04:27:37.881683 Charlie: Echo, sending you 4
2024-10-15 04:27:37.882102 Hotel: Echo, sending you 2
2024-10-15 04:27:37.882719 Papa: Lima and Zulu, sending you 2
2024-10-15 04:27:37.883100 X-ray: Hotel, sending you 2
2024-10-15 04:27:37.883407 Delta: Charlie, sending you 4
2024-10-15 04:27:37.884225 Zulu: X-ray, sending you 3
2024-10-15 04:27:37.884673 Charlie: Delta, sending you 6
2024-10-15 04:27:37.886819 Hotel: X-ray, sending you 4
2024-10-15 04:27:37.887090 Papa: X-ray, sending you 4
2024-10-15 04:27:37.887334 X-ray: Charlie, Echo and Delta, sending you 3
2024-10-15 04:27:37.887684 Echo: Hotel and X-ray, sending you 2
2024-10-15 04:27:37.888693 Delta: Echo, sending you 5
2024-10-15 04:27:37.890683 Lima: Hotel and Charlie, sending you 2
2024-10-15 04:27:37.891019 X-ray: Lima, sending you 5
2024-10-15 04:27:37.891273 Echo: Charlie, sending you 1
2024-10-15 04:27:37.892702 Delta: Lima and X-ray, sending you 2
2024-10-15 04:27:37.894666 Echo: Delta and Lima, sending you 4
2024-10-15 04:27:37.895683 Lima: Echo, sending you 6
2024-10-15 04:27:37.900677 Lima: Delta, sending you 3
2024-10-15 04:27:37.904689 Lima: X-ray, sending you 7
chatterbot Echo submitting transactions
chatterbot X-ray submitting transactions
chatterbot Zulu submitting transactions
chatterbot Charlie submitting transactions
chatterbot Tango submitting transactions
chatterbot Hotel submitting transactions
chatterbot Delta submitting transactions
chatterbot Papa submitting transactions
chatterbot Golf submitting transactions
chatterbot Lima submitting transactions
ChatterBot Hotel round 2
ChatterBot Charlie round 2
ChatterBot Echo round 2
ChatterBot Papa round 2
ChatterBot Delta round 2
ChatterBot Lima round 2
ChatterBot Tango round 2
ChatterBot Zulu round 2
ChatterBot X-ray round 2
ChatterBot Golf round 2
2024-10-15 04:27:40.665006 Papa: We should add Hotel and Delta
ChatterBot Zulu reevaluating
ChatterBot X-ray reevaluating
ChatterBot Echo reevaluating
ChatterBot Charlie reevaluating
ChatterBot Lima reevaluating
2024-10-15 04:27:40.700340 Zulu: Yes
2024-10-15 04:27:40.700873 X-ray: Yes
2024-10-15 04:27:40.701143 Echo: Yes
2024-10-15 04:27:40.702058 Charlie: Yes
2024-10-15 04:27:40.702324 Lima: Yes
ChatterBot X-ray reevaluating
ChatterBot Echo reevaluating
ChatterBot Charlie reevaluating
ChatterBot Lima reevaluating
ChatterBot Zulu reevaluating
ChatterBot Echo reevaluating
ChatterBot Charlie reevaluating
ChatterBot Lima reevaluating
ChatterBot Zulu reevaluating
ChatterBot X-ray reevaluating
ChatterBot Charlie reevaluating
ChatterBot Lima reevaluating
ChatterBot Zulu reevaluating
ChatterBot X-ray reevaluating
ChatterBot Echo reevaluating
ChatterBot Lima reevaluating
ChatterBot Zulu reevaluating
ChatterBot X-ray reevaluating
ChatterBot Echo reevaluating
ChatterBot Charlie reevaluating
2024-10-15 04:27:40.839849 Echo: We should add Papa
ChatterBot Charlie reevaluating
ChatterBot X-ray reevaluating
ChatterBot Delta reevaluating
ChatterBot Hotel reevaluating
ChatterBot Lima reevaluating
2024-10-15 04:27:40.863560 Charlie: Yes
2024-10-15 04:27:40.863779 X-ray: No
2024-10-15 04:27:40.863957 Delta: No
2024-10-15 04:27:40.864187 Hotel: No
2024-10-15 04:27:40.864319 Lima: No
ChatterBot X-ray reevaluating
ChatterBot Delta reevaluating
ChatterBot Hotel reevaluating
ChatterBot Echo reevaluating
ChatterBot Lima reevaluating
ChatterBot Charlie reevaluating
ChatterBot Delta reevaluating
ChatterBot Hotel reevaluating
ChatterBot Echo reevaluating
ChatterBot Lima reevaluating
ChatterBot Charlie reevaluating
ChatterBot X-ray reevaluating
ChatterBot Hotel reevaluating
ChatterBot Echo reevaluating
ChatterBot Lima reevaluating
ChatterBot Charlie reevaluating
ChatterBot X-ray reevaluating
ChatterBot Delta reevaluating
ChatterBot Echo reevaluating
ChatterBot Lima reevaluating
ChatterBot Charlie reevaluating
ChatterBot X-ray reevaluating
ChatterBot Delta reevaluating
ChatterBot Hotel reevaluating
ChatterBot Echo reevaluating
2024-10-15 04:27:40.972844 Echo: We should add Zulu
ChatterBot Charlie reevaluating
ChatterBot X-ray reevaluating
ChatterBot Delta reevaluating
ChatterBot Hotel reevaluating
ChatterBot Lima reevaluating
2024-10-15 04:27:40.993259 Charlie: Yes
2024-10-15 04:27:40.993406 X-ray: No
2024-10-15 04:27:40.993506 Delta: No
2024-10-15 04:27:40.993601 Hotel: No
2024-10-15 04:27:40.993716 Lima: No
ChatterBot X-ray reevaluating
ChatterBot Delta reevaluating
ChatterBot Hotel reevaluating
ChatterBot Echo reevaluating
ChatterBot Lima reevaluating
ChatterBot Charlie reevaluating
ChatterBot Delta reevaluating
ChatterBot Hotel reevaluating
ChatterBot Echo reevaluating
ChatterBot Lima reevaluating
ChatterBot Charlie reevaluating
ChatterBot X-ray reevaluating
ChatterBot Hotel reevaluating
ChatterBot Echo reevaluating
ChatterBot Lima reevaluating
ChatterBot Charlie reevaluating
ChatterBot X-ray reevaluating
ChatterBot Delta reevaluating
ChatterBot Echo reevaluating
ChatterBot Lima reevaluating
ChatterBot Charlie reevaluating
ChatterBot X-ray reevaluating
ChatterBot Delta reevaluating
ChatterBot Hotel reevaluating
ChatterBot Echo reevaluating
2024-10-15 04:27:41.132565 Golf: We should add Papa
2024-10-15 04:27:41.136049 Tango: No
ChatterBot Golf reevaluating
2024-10-15 04:27:41.145087 Papa: Hotel and Delta we want you to join our group
ChatterBot Hotel reevaluating
ChatterBot Delta reevaluating
2024-10-15 04:27:41.153714 Hotel: No
2024-10-15 04:27:41.154385 Delta: No
ChatterBot Zulu reevaluating
ChatterBot Charlie reevaluating
ChatterBot Echo reevaluating
ChatterBot Delta reevaluating
ChatterBot Lima reevaluating
ChatterBot X-ray reevaluating
ChatterBot Zulu reevaluating
ChatterBot Hotel reevaluating
ChatterBot Charlie reevaluating
ChatterBot Echo reevaluating
ChatterBot Lima reevaluating
ChatterBot X-ray reevaluating
2024-10-15 04:27:41.318569 Zulu: Hotel and Delta we want you to join our group
2024-10-15 04:27:41.326832 Hotel: No
2024-10-15 04:27:41.327765 Delta: No
2024-10-15 04:27:41.375550 Charlie: Papa and Zulu we want you to join our group
2024-10-15 04:27:41.383366 Papa: Yes
2024-10-15 04:27:41.383633 Zulu: Yes
ChatterBot Hotel reevaluating
ChatterBot Delta reevaluating
ChatterBot Hotel reevaluating
ChatterBot Delta reevaluating
2024-10-15 04:27:41.460756 Hotel: We should add Papa and Zulu
ChatterBot X-ray reevaluating
ChatterBot Delta reevaluating
ChatterBot Lima reevaluating
2024-10-15 04:27:41.486456 Charlie: Yes
2024-10-15 04:27:41.486650 X-ray: Yes
2024-10-15 04:27:41.486837 Delta: Yes
2024-10-15 04:27:41.486942 Echo: No
2024-10-15 04:27:41.487060 Lima: Yes
ChatterBot X-ray reevaluating
ChatterBot Delta reevaluating
ChatterBot Hotel reevaluating
ChatterBot Lima reevaluating
ChatterBot Delta reevaluating
ChatterBot Hotel reevaluating
ChatterBot Lima reevaluating
ChatterBot X-ray reevaluating
ChatterBot Hotel reevaluating
ChatterBot Lima reevaluating
ChatterBot X-ray reevaluating
ChatterBot Delta reevaluating
ChatterBot Hotel reevaluating
ChatterBot Lima reevaluating
ChatterBot X-ray reevaluating
ChatterBot Delta reevaluating
ChatterBot Hotel reevaluating
2024-10-15 04:27:41.589220 Echo: Papa we want you to join our group
2024-10-15 04:27:41.592957 Papa: Yes
ChatterBot Hotel reevaluating
ChatterBot Delta reevaluating
ChatterBot Lima reevaluating
ChatterBot X-ray reevaluating
2024-10-15 04:27:41.627499 Tango: Same as last round
2024-10-15 04:27:41.627819 Papa: Zulu, sending you 11
2024-10-15 04:27:41.628291 X-ray: Papa and Zulu we want you to join our group
2024-10-15 04:27:41.636785 Papa: Yes
2024-10-15 04:27:41.636969 Zulu: Yes
ChatterBot Hotel reevaluating
ChatterBot Hotel reevaluating
ChatterBot Echo reevaluating
chatterbot Tango submitting transactions
2024-10-15 04:27:41.863659 Lima: Papa and Zulu we want you to join our group
2024-10-15 04:27:41.876269 Papa: Yes
2024-10-15 04:27:41.876593 Zulu: Yes
ChatterBot Hotel reevaluating
ChatterBot Echo reevaluating
ChatterBot Hotel reevaluating
ChatterBot Echo reevaluating
2024-10-15 04:27:41.968530 Delta: Papa and Zulu we want you to join our group
2024-10-15 04:27:41.982636 Papa: Yes
2024-10-15 04:27:41.983022 Zulu: Yes
ChatterBot Hotel reevaluating
ChatterBot Echo reevaluating
ChatterBot Hotel reevaluating
ChatterBot Echo reevaluating
chatterbot Papa submitting transactions
chatterbot Golf submitting transactions
2024-10-15 04:27:42.167266 Zulu: Papa, sending you 8
2024-10-15 04:27:42.167759 Charlie: Hotel, sending you 1
2024-10-15 04:27:42.168674 Golf: Sending you 3
2024-10-15 04:27:42.168910 Hotel: Papa and Zulu we want you to join our group
2024-10-15 04:27:42.176726 Papa: Yes
2024-10-15 04:27:42.177202 Zulu: Yes
ChatterBot Hotel reevaluating
ChatterBot Echo reevaluating
ChatterBot Hotel reevaluating
ChatterBot Echo reevaluating
2024-10-15 04:27:42.229576 Charlie: Papa and X-ray, sending you 4
chatterbot Echo submitting transactions
2024-10-15 04:27:42.389006 X-ray: Hotel, Charlie, Papa and Zulu, sending you 3
2024-10-15 04:27:42.390201 Lima: Hotel, sending you 1
2024-10-15 04:27:42.390700 Echo: Papa and Zulu we want you to join our group
2024-10-15 04:27:42.398572 Papa: Yes
2024-10-15 04:27:42.399172 Zulu: Yes
ChatterBot Hotel reevaluating
ChatterBot Echo reevaluating
ChatterBot Hotel reevaluating
ChatterBot Echo reevaluating
2024-10-15 04:27:42.457011 Delta: Hotel, sending you 2
2024-10-15 04:27:42.458261 Charlie: Delta, sending you 5
chatterbot Lima submitting transactions
chatterbot Zulu submitting transactions
2024-10-15 04:27:42.459879 X-ray: Echo, sending you 2
2024-10-15 04:27:42.461161 Lima: Charlie, Papa and Delta, sending you 3
2024-10-15 04:27:42.461980 Charlie: Lima and Zulu, sending you 3
2024-10-15 04:27:42.544409 Delta: Charlie, sending you 6
2024-10-15 04:27:42.544933 X-ray: Delta, sending you 1
2024-10-15 04:27:42.545767 Lima: Echo and X-ray, sending you 4
chatterbot Charlie submitting transactions
2024-10-15 04:27:42.685954 Delta: Echo, sending you 4
2024-10-15 04:27:42.687290 X-ray: Lima, sending you 5
2024-10-15 04:27:42.688385 Lima: Zulu, sending you 2
2024-10-15 04:27:42.826516 Delta: Papa and Zulu, sending you 1
chatterbot Delta submitting transactions
chatterbot X-ray submitting transactions
2024-10-15 04:27:42.871460 Echo: Hotel, Charlie, Papa, Delta, Lima and X-ray, sending you 2
2024-10-15 04:27:42.872077 Delta: Lima and X-ray, sending you 3
2024-10-15 04:27:42.873100 Hotel: Charlie, Echo, Lima and X-ray, sending you 1
2024-10-15 04:27:42.959577 Echo: Zulu, sending you 1
2024-10-15 04:27:42.960270 Hotel: Delta, sending you 4
chatterbot Echo submitting transactions
chatterbot Hotel submitting transactions
ChatterBot Hotel round 3
ChatterBot Charlie round 3
ChatterBot Echo round 3
ChatterBot Papa round 3
ChatterBot Delta round 3
ChatterBot Lima round 3
ChatterBot Tango round 3
ChatterBot Zulu round 3
ChatterBot X-ray round 3
ChatterBot Golf round 3
2024-10-15 04:27:43.613103 X-ray: Hotel and Delta, sending you 3
2024-10-15 04:27:43.614147 Tango: Same as last round
2024-10-15 04:27:43.614362 Hotel: Charlie, Echo and Lima, sending you 1
2024-10-15 04:27:43.642531 Papa: Charlie, Lima and X-ray, sending you 2
2024-10-15 04:27:43.643087 Zulu: Charlie, Lima and X-ray, sending you 1
2024-10-15 04:27:43.643491 Delta: Hotel, Lima and X-ray, sending you 3
2024-10-15 04:27:43.644686 X-ray: Charlie, sending you 4
2024-10-15 04:27:43.645366 Echo: Hotel, Charlie, Papa, Delta, Lima and X-ray, sending you 2
2024-10-15 04:27:43.646696 Charlie: Hotel, Echo and Papa, sending you 2
2024-10-15 04:27:43.647359 Golf: Sending you 2
2024-10-15 04:27:43.648234 Hotel: Delta, sending you 3
2024-10-15 04:27:43.648803 Lima: Hotel, Papa and Zulu, sending you 2
2024-10-15 04:27:43.650234 Papa: Echo, sending you 1
2024-10-15 04:27:43.651182 Zulu: Papa, sending you 5
2024-10-15 04:27:43.652750 X-ray: Echo and Papa, sending you 2
2024-10-15 04:27:43.654035 Delta: Charlie, sending you 6
2024-10-15 04:27:43.654793 Echo: Zulu, sending you 1
2024-10-15 04:27:43.656007 Charlie: Delta, sending you 6
2024-10-15 04:27:43.656658 Hotel: X-ray, sending you 2
2024-10-15 04:27:43.658102 Lima: Charlie, Echo and Delta, sending you 3
2024-10-15 04:27:43.659377 Papa: Zulu, sending you 5
2024-10-15 04:27:43.660196 Delta: Echo, sending you 4
2024-10-15 04:27:43.661450 X-ray: Lima, sending you 5
2024-10-15 04:27:43.662978 Charlie: Lima, sending you 3
2024-10-15 04:27:43.664489 Lima: X-ray, sending you 5
2024-10-15 04:27:43.685548 Delta: Papa, sending you 1
2024-10-15 04:27:43.686724 X-ray: Zulu, sending you 1
2024-10-15 04:27:43.687264 Charlie: Zulu, sending you 1
2024-10-15 04:27:43.701191 Charlie: X-ray, sending you 4
chatterbot Lima submitting transactions
chatterbot Delta submitting transactions
chatterbot Hotel submitting transactions
chatterbot Zulu submitting transactions
chatterbot Papa submitting transactions
chatterbot Charlie submitting transactions
chatterbot Golf submitting transactions
chatterbot Tango submitting transactions
chatterbot Echo submitting transactions
chatterbot X-ray submitting transactions
ChatterBot Hotel round 4
ChatterBot Charlie round 4
ChatterBot Echo round 4
ChatterBot Papa round 4
ChatterBot Delta round 4
ChatterBot Lima round 4
ChatterBot Tango round 4
ChatterBot Zulu round 4
ChatterBot X-ray round 4
ChatterBot Golf round 4
2024-10-15 04:27:45.563374 Lima: Hotel, Papa and Zulu, sending you 2
2024-10-15 04:27:45.576386 Delta: Hotel, sending you 4
2024-10-15 04:27:45.577796 Tango: Same as last round
2024-10-15 04:27:45.578177 Hotel: Charlie, Echo and Lima, sending you 1
2024-10-15 04:27:45.579625 Papa: Charlie, Lima and X-ray, sending you 2
2024-10-15 04:27:45.580514 Lima: Charlie, Echo and Delta, sending you 3
2024-10-15 04:27:45.581731 Echo: Hotel, Charlie, Papa, Delta, Lima and X-ray, sending you 2
2024-10-15 04:27:45.582399 Charlie: Hotel, Echo and Papa, sending you 2
2024-10-15 04:27:45.584047 Delta: Charlie, sending you 6
2024-10-15 04:27:45.585412 Papa: Echo, sending you 1
2024-10-15 04:27:45.586003 Hotel: Delta, sending you 3
2024-10-15 04:27:45.587360 Lima: X-ray, sending you 5
2024-10-15 04:27:45.588134 Echo: Zulu, sending you 1
2024-10-15 04:27:45.589684 Golf: Same as last round
2024-10-15 04:27:45.590020 Zulu: Charlie, Echo, Lima and X-ray, sending you 1
2024-10-15 04:27:45.591639 X-ray: Hotel and Delta, sending you 3
2024-10-15 04:27:45.592888 Charlie: Delta, sending you 6
2024-10-15 04:27:45.594284 Papa: Zulu, sending you 5
2024-10-15 04:27:45.595042 Delta: Echo, Lima and X-ray, sending you 3
2024-10-15 04:27:45.596496 Hotel: X-ray, sending you 2
2024-10-15 04:27:45.597780 Zulu: Papa, sending you 4
2024-10-15 04:27:45.598443 X-ray: Charlie, sending you 4
2024-10-15 04:27:45.599924 Charlie: Lima, sending you 3
2024-10-15 04:27:45.601322 Delta: Papa, sending you 1
2024-10-15 04:27:45.611854 X-ray: Echo and Papa, sending you 2
2024-10-15 04:27:45.613049 Charlie: Zulu, sending you 1
2024-10-15 04:27:45.620522 Charlie: X-ray, sending you 4
2024-10-15 04:27:45.621711 X-ray: Lima, sending you 5
2024-10-15 04:27:45.650852 X-ray: Zulu, sending you 1
chatterbot Charlie submitting transactions
chatterbot Hotel submitting transactions
chatterbot Lima submitting transactions
chatterbot Papa submitting transactions
chatterbot Golf submitting transactions
chatterbot Delta submitting transactions
chatterbot Zulu submitting transactions
chatterbot Tango submitting transactions
chatterbot X-ray submitting transactions
chatterbot Echo submitting transactions
ChatterBot Hotel round 5
ChatterBot Charlie round 5
ChatterBot Echo round 5
ChatterBot Papa round 5
ChatterBot Delta round 5
ChatterBot Lima round 5
ChatterBot Tango round 5
ChatterBot Zulu round 5
ChatterBot X-ray round 5
ChatterBot Golf round 5
2024-10-15 04:27:46.665706 Hotel: Charlie, Echo and Lima, sending you 1
2024-10-15 04:27:46.671454 Hotel: Delta, sending you 3
2024-10-15 04:27:46.674771 Echo: Hotel, Charlie, Papa, Delta, Lima and X-ray, sending you 2
2024-10-15 04:27:46.675885 Zulu: Charlie, Echo, Lima and X-ray, sending you 1
2024-10-15 04:27:46.676823 Hotel: X-ray, sending you 2
2024-10-15 04:27:46.678292 Charlie: Hotel, Echo and Papa, sending you 2
2024-10-15 04:27:46.679193 Tango: Same as last round
2024-10-15 04:27:46.679515 Echo: Zulu, sending you 1
2024-10-15 04:27:46.681315 X-ray: Hotel and Delta, sending you 3
2024-10-15 04:27:46.682165 Zulu: Papa, sending you 4
2024-10-15 04:27:46.683017 Charlie: Delta, sending you 6
2024-10-15 04:27:46.684767 Papa: Charlie, Echo, Lima and X-ray, sending you 2
2024-10-15 04:27:46.685765 X-ray: Charlie, sending you 4
2024-10-15 04:27:46.686705 Golf: Same as last round
2024-10-15 04:27:46.687071 Delta: Hotel, sending you 4
2024-10-15 04:27:46.688788 Charlie: Lima, sending you 3
2024-10-15 04:27:46.689566 Papa: Zulu, sending you 4
2024-10-15 04:27:46.690735 Lima: Hotel, Papa and Zulu, sending you 2
2024-10-15 04:27:46.692522 X-ray: Echo and Papa, sending you 2
2024-10-15 04:27:46.693443 Charlie: Zulu, sending you 1
2024-10-15 04:27:46.694350 Delta: Charlie, sending you 6
2024-10-15 04:27:46.696430 Lima: Charlie, Echo and Delta, sending you 3
2024-10-15 04:27:46.697471 X-ray: Lima, sending you 5
2024-10-15 04:27:46.699765 Charlie: X-ray, sending you 4
2024-10-15 04:27:46.700844 Delta: Echo, Lima and X-ray, sending you 3
2024-10-15 04:27:46.702509 Lima: X-ray, sending you 5
2024-10-15 04:27:46.703580 X-ray: Zulu, sending you 1
2024-10-15 04:27:46.705747 Delta: Zulu, sending you 1
chatterbot Golf submitting transactions
chatterbot Tango submitting transactions
chatterbot Delta submitting transactions
chatterbot Papa submitting transactions
chatterbot X-ray submitting transactions
chatterbot Hotel submitting transactions
chatterbot Charlie submitting transactions
chatterbot Echo submitting transactions
chatterbot Zulu submitting transactions
chatterbot Lima submitting transactions
ChatterBot Hotel round 6
ChatterBot Charlie round 6
ChatterBot Echo round 6
ChatterBot Papa round 6
ChatterBot Delta round 6
ChatterBot Lima round 6
ChatterBot Tango round 6
ChatterBot Zulu round 6
ChatterBot X-ray round 6
ChatterBot Golf round 6
2024-10-15 04:27:47.835229 Papa: Charlie, Echo, Lima and X-ray, sending you 2
2024-10-15 04:27:47.839518 Charlie: Hotel, Echo and Papa, sending you 2
2024-10-15 04:27:47.841396 Papa: Zulu, sending you 4
2024-10-15 04:27:47.845204 Lima: Hotel, Papa and Zulu, sending you 2
2024-10-15 04:27:47.847598 Charlie: Delta, sending you 6
2024-10-15 04:27:47.851935 Lima: Charlie, Echo and Delta, sending you 3
2024-10-15 04:27:47.853857 Tango: Same as last round
2024-10-15 04:27:47.854147 Hotel: Charlie, Echo and Lima, sending you 1
2024-10-15 04:27:47.856338 Zulu: Charlie, Echo, Lima and X-ray, sending you 1
2024-10-15 04:27:47.858107 Echo: Hotel, Charlie, Papa, Delta, Lima and X-ray, sending you 2
2024-10-15 04:27:47.860028 Charlie: Lima, sending you 3
2024-10-15 04:27:47.861926 Delta: Hotel, sending you 4
2024-10-15 04:27:47.863675 X-ray: Hotel and Delta, sending you 3
2024-10-15 04:27:47.865785 Lima: X-ray, sending you 5
2024-10-15 04:27:47.867724 Hotel: Delta, sending you 3
2024-10-15 04:27:47.869861 Zulu: Papa, sending you 4
2024-10-15 04:27:47.872099 Echo: Zulu, sending you 1
2024-10-15 04:27:47.874573 Charlie: Zulu, sending you 1
2024-10-15 04:27:47.876810 Delta: Charlie, sending you 6
2024-10-15 04:27:47.879207 Golf: Sending you 1
2024-10-15 04:27:47.880239 X-ray: Charlie, sending you 4
2024-10-15 04:27:47.881914 Hotel: X-ray, sending you 2
2024-10-15 04:27:47.882829 Charlie: X-ray, sending you 4
2024-10-15 04:27:47.884539 Delta: Echo, Lima and X-ray, sending you 3
2024-10-15 04:27:47.886115 X-ray: Echo and Papa, sending you 2
2024-10-15 04:27:47.902465 Delta: Zulu, sending you 1
2024-10-15 04:27:47.904422 X-ray: Lima, sending you 5
2024-10-15 04:27:47.928750 X-ray: Zulu, sending you 1
chatterbot Echo submitting transactions
chatterbot Golf submitting transactions
chatterbot Zulu submitting transactions
chatterbot X-ray submitting transactions
chatterbot Delta submitting transactions
chatterbot Hotel submitting transactions
chatterbot Papa submitting transactions
chatterbot Charlie submitting transactions
chatterbot Lima submitting transactions
chatterbot Tango submitting transactions
ChatterBot Hotel round 7
ChatterBot Charlie round 7
ChatterBot Echo round 7
ChatterBot Papa round 7
ChatterBot Delta round 7
ChatterBot Lima round 7
ChatterBot Tango round 7
ChatterBot Zulu round 7
ChatterBot X-ray round 7
ChatterBot Golf round 7
2024-10-15 04:27:49.113703 Lima: We should drop Hotel
2024-10-15 04:27:49.140535 Charlie: No
2024-10-15 04:27:49.140739 Echo: Yes
2024-10-15 04:27:49.141521 Delta: No
2024-10-15 04:27:49.141665 X-ray: No
2024-10-15 04:27:49.141796 Papa: No
2024-10-15 04:27:49.141911 Zulu: No
ChatterBot Lima reevaluating
ChatterBot Lima reevaluating
ChatterBot Lima reevaluating
ChatterBot Lima reevaluating
ChatterBot Lima reevaluating
ChatterBot Lima reevaluating
ChatterBot Echo reevaluating
2024-10-15 04:27:49.388362 Charlie: Hotel, Echo and Papa, sending you 2
2024-10-15 04:27:49.390577 Papa: Charlie, Echo, Lima and X-ray, sending you 2
2024-10-15 04:27:49.392681 Hotel: Charlie, Echo and Lima, sending you 1
2024-10-15 04:27:49.396077 Delta: Hotel, sending you 4
2024-10-15 04:27:49.399096 Echo: We should drop Zulu
ChatterBot Lima reevaluating
2024-10-15 04:27:49.443458 Hotel: No
2024-10-15 04:27:49.443671 Charlie: No
2024-10-15 04:27:49.444502 Delta: No
2024-10-15 04:27:49.444670 Lima: No
2024-10-15 04:27:49.444854 X-ray: No
2024-10-15 04:27:49.445052 Papa: No
ChatterBot Echo reevaluating
ChatterBot Lima reevaluating
ChatterBot Echo reevaluating
ChatterBot Lima reevaluating
ChatterBot Echo reevaluating
ChatterBot Lima reevaluating
ChatterBot Echo reevaluating
ChatterBot Echo reevaluating
ChatterBot Lima reevaluating
ChatterBot Echo reevaluating
ChatterBot Lima reevaluating
2024-10-15 04:27:49.599557 Charlie: Delta, sending you 6
2024-10-15 04:27:49.600786 Papa: Zulu, sending you 4
2024-10-15 04:27:49.601896 Hotel: Delta, sending you 3
2024-10-15 04:27:49.603443 Delta: Charlie, sending you 6
chatterbot Charlie submitting transactions
chatterbot Papa submitting transactions
2024-10-15 04:27:49.604368 X-ray: Hotel and Delta, sending you 3
2024-10-15 04:27:49.604989 Tango: Same as last round
2024-10-15 04:27:49.605184 Zulu: Charlie, Echo, Lima and X-ray, sending you 1
2024-10-15 04:27:49.605849 Golf: Same as last round
2024-10-15 04:27:49.606084 Charlie: Lima, sending you 3
2024-10-15 04:27:49.607248 Hotel: X-ray, sending you 2
2024-10-15 04:27:49.608114 Delta: Echo, Lima and X-ray, sending you 3
2024-10-15 04:27:49.609443 X-ray: Charlie and Lima, sending you 4
2024-10-15 04:27:49.611118 Zulu: Papa, sending you 4
2024-10-15 04:27:49.612325 Charlie: Zulu, sending you 1
2024-10-15 04:27:49.613227 Delta: Zulu, sending you 1
2024-10-15 04:27:49.613935 X-ray: Echo, Papa and Zulu, sending you 2
2024-10-15 04:27:49.617681 Charlie: X-ray, sending you 4
2024-10-15 04:27:49.637694 Echo: Charlie, Papa, Lima, Zulu and X-ray, sending you 2
2024-10-15 04:27:49.641955 Echo: Delta, sending you 3
2024-10-15 04:27:49.642682 Lima: Charlie, sending you 4
2024-10-15 04:27:49.647914 Lima: Echo, Papa and Delta, sending you 3
2024-10-15 04:27:49.651659 Lima: Zulu, sending you 2
2024-10-15 04:27:49.656681 Lima: X-ray, sending you 5
chatterbot Hotel submitting transactions
chatterbot Golf submitting transactions
chatterbot Zulu submitting transactions
chatterbot Delta submitting transactions
chatterbot X-ray submitting transactions
chatterbot Lima submitting transactions
chatterbot Tango submitting transactions
chatterbot Echo submitting transactions
ChatterBot Hotel round 8
ChatterBot Charlie round 8
ChatterBot Echo round 8
ChatterBot Papa round 8
ChatterBot Delta round 8
ChatterBot Lima round 8
ChatterBot Tango round 8
ChatterBot Zulu round 8
ChatterBot X-ray round 8
ChatterBot Golf round 8
2024-10-15 04:27:50.365409 Echo: Charlie, Papa, Lima, Zulu and X-ray, sending you 2
2024-10-15 04:27:50.367908 Charlie: Hotel, Echo and Papa, sending you 2
2024-10-15 04:27:50.369534 Papa: Charlie, Echo, Lima and X-ray, sending you 2
2024-10-15 04:27:50.371575 Echo: Delta, sending you 3
2024-10-15 04:27:50.372254 Charlie: Delta, sending you 6
2024-10-15 04:27:50.374087 Delta: Hotel, sending you 4
2024-10-15 04:27:50.375952 Hotel: Charlie, Echo and Lima, sending you 1
2024-10-15 04:27:50.377799 Lima: Charlie, sending you 4
2024-10-15 04:27:50.379372 X-ray: Hotel and Delta, sending you 3
2024-10-15 04:27:50.381069 Papa: Zulu, sending you 4
2024-10-15 04:27:50.382922 Tango: Same as last round
2024-10-15 04:27:50.383250 Charlie: Lima, sending you 3
2024-10-15 04:27:50.384952 Delta: Charlie, sending you 6
2024-10-15 04:27:50.386147 Lima: Echo, Papa and Delta, sending you 3
2024-10-15 04:27:50.387145 Hotel: Delta, sending you 3
2024-10-15 04:27:50.388526 X-ray: Charlie and Lima, sending you 4
2024-10-15 04:27:50.390440 Zulu: Charlie, Echo, Delta, Lima and X-ray, sending you 1
2024-10-15 04:27:50.391842 Delta: Echo, Lima and X-ray, sending you 3
2024-10-15 04:27:50.393416 Charlie: Zulu, sending you 1
2024-10-15 04:27:50.394572 Lima: Zulu, sending you 2
2024-10-15 04:27:50.395528 Hotel: X-ray, sending you 2
2024-10-15 04:27:50.396787 X-ray: Echo, Papa and Zulu, sending you 2
2024-10-15 04:27:50.398374 Zulu: Papa, sending you 3
2024-10-15 04:27:50.399636 Golf: Same as last round
2024-10-15 04:27:50.399921 Delta: Papa, sending you 1
2024-10-15 04:27:50.401504 Lima: X-ray, sending you 5
2024-10-15 04:27:50.402044 Charlie: X-ray, sending you 4
chatterbot Zulu submitting transactions
chatterbot Echo submitting transactions
chatterbot Tango submitting transactions
chatterbot Lima submitting transactions
chatterbot X-ray submitting transactions
chatterbot Delta submitting transactions
chatterbot Papa submitting transactions
chatterbot Charlie submitting transactions
chatterbot Hotel submitting transactions
chatterbot Golf submitting transactions
ChatterBot Hotel round 9
ChatterBot Charlie round 9
ChatterBot Echo round 9
ChatterBot Papa round 9
ChatterBot Delta round 9
ChatterBot Lima round 9
ChatterBot Tango round 9
ChatterBot Zulu round 9
ChatterBot X-ray round 9
ChatterBot Golf round 9
2024-10-15 04:27:51.308677 Hotel: Charlie, Echo and Lima, sending you 1
2024-10-15 04:27:51.312657 Hotel: Delta, sending you 3
2024-10-15 04:27:51.313719 Papa: Charlie, Echo, Lima and X-ray, sending you 2
2024-10-15 04:27:51.315681 Zulu: Charlie, Echo, Lima and X-ray, sending you 1
2024-10-15 04:27:51.317696 Hotel: X-ray, sending you 2
2024-10-15 04:27:51.318822 Papa: Zulu, sending you 4
2024-10-15 04:27:51.319820 Tango: Same as last round
2024-10-15 04:27:51.320070 Zulu: Papa, sending you 4
2024-10-15 04:27:51.321654 Delta: Hotel, sending you 4
2024-10-15 04:27:51.322823 Echo: Charlie, Papa, Lima, Zulu and X-ray, sending you 2
2024-10-15 04:27:51.324662 X-ray: Hotel and Delta, sending you 3
2024-10-15 04:27:51.325697 Lima: Charlie, sending you 4
2024-10-15 04:27:51.326661 Echo: Delta, sending you 3
2024-10-15 04:27:51.327671 Delta: Charlie, sending you 6
2024-10-15 04:27:51.329651 Charlie: Hotel and Zulu, sending you 1
2024-10-15 04:27:51.330930 Lima: Echo, Papa and Delta, sending you 3
2024-10-15 04:27:51.331670 X-ray: Charlie and Lima, sending you 4
2024-10-15 04:27:51.333092 Delta: Echo, Lima and X-ray, sending you 3
2024-10-15 04:27:51.335666 Charlie: Echo and Papa, sending you 2
2024-10-15 04:27:51.336776 Golf: Same as last round
2024-10-15 04:27:51.337025 Lima: Zulu, sending you 2
2024-10-15 04:27:51.337496 X-ray: Echo, Papa and Zulu, sending you 2
2024-10-15 04:27:51.338686 Delta: Zulu, sending you 1
2024-10-15 04:27:51.341003 Lima: X-ray, sending you 5
2024-10-15 04:27:51.341667 Charlie: Delta, sending you 6
2024-10-15 04:27:51.347914 Charlie: Lima, sending you 3
2024-10-15 04:27:51.353685 Charlie: X-ray, sending you 5
chatterbot Lima submitting transactions
chatterbot Zulu submitting transactions
chatterbot Tango submitting transactions
chatterbot Golf submitting transactions
chatterbot Echo submitting transactions
chatterbot X-ray submitting transactions
chatterbot Delta submitting transactions
chatterbot Papa submitting transactions
chatterbot Hotel submitting transactions
chatterbot Charlie submitting transactions
ChatterBot Hotel round 10
ChatterBot Charlie round 10
ChatterBot Echo round 10
ChatterBot Papa round 10
ChatterBot Delta round 10
ChatterBot Lima round 10
ChatterBot Tango round 10
ChatterBot Zulu round 10
ChatterBot X-ray round 10
ChatterBot Golf round 10
2024-10-15 04:27:52.541706 Charlie: Hotel and Zulu, sending you 1
2024-10-15 04:27:52.543160 Papa: Charlie, Echo, Lima and X-ray, sending you 2
2024-10-15 04:27:52.547681 Charlie: Echo and Papa, sending you 2
2024-10-15 04:27:52.548909 Echo: Charlie, Papa, Lima, Zulu and X-ray, sending you 2
2024-10-15 04:27:52.550140 Papa: Zulu, sending you 4
2024-10-15 04:27:52.551655 Lima: Charlie and Delta, sending you 4
2024-10-15 04:27:52.552107 Hotel: Charlie, Echo and Lima, sending you 1
2024-10-15 04:27:52.553404 Tango: Same as last round
2024-10-15 04:27:52.553643 Echo: Delta, sending you 3
2024-10-15 04:27:52.554110 Charlie: Delta, sending you 6
2024-10-15 04:27:52.555563 Delta: Hotel, sending you 4
2024-10-15 04:27:52.556696 Lima: Echo and Papa, sending you 3
2024-10-15 04:27:52.557589 Hotel: Delta, sending you 3
2024-10-15 04:27:52.558567 Zulu: Charlie, Echo, Lima and X-ray, sending you 1
2024-10-15 04:27:52.560200 X-ray: Hotel, Echo, Papa and Zulu, sending you 2
2024-10-15 04:27:52.561330 Charlie: Lima, sending you 3
2024-10-15 04:27:52.562770 Delta: Charlie, sending you 6
2024-10-15 04:27:52.563801 Lima: Zulu, sending you 1
2024-10-15 04:27:52.564842 Golf: Same as last round
2024-10-15 04:27:52.565088 Hotel: X-ray, sending you 2
2024-10-15 04:27:52.566120 Zulu: Papa, sending you 4
2024-10-15 04:27:52.567739 X-ray: Charlie, sending you 4
2024-10-15 04:27:52.569343 Charlie: X-ray, sending you 5
2024-10-15 04:27:52.570443 Delta: Echo, Lima and X-ray, sending you 3
2024-10-15 04:27:52.572167 Lima: X-ray, sending you 5
2024-10-15 04:27:52.573723 X-ray: Delta, sending you 3
2024-10-15 04:27:52.576468 Delta: Zulu, sending you 1
2024-10-15 04:27:52.580121 X-ray: Lima, sending you 5
chatterbot Hotel submitting transactions
chatterbot Echo submitting transactions
chatterbot X-ray submitting transactions
chatterbot Lima submitting transactions
chatterbot Zulu submitting transactions
chatterbot Papa submitting transactions
chatterbot Golf submitting transactions
chatterbot Tango submitting transactions
chatterbot Charlie submitting transactions
chatterbot Delta submitting transactions
ChatterBot Hotel round 11
ChatterBot Charlie round 11
ChatterBot Echo round 11
ChatterBot Papa round 11
ChatterBot Delta round 11
ChatterBot Lima round 11
ChatterBot Tango round 11
ChatterBot Zulu round 11
ChatterBot X-ray round 11
ChatterBot Golf round 11
2024-10-15 04:27:53.909789 Hotel: Charlie and Echo, sending you 1
2024-10-15 04:27:53.914271 Golf: Same as last round
2024-10-15 04:27:53.914651 Zulu: Charlie, Echo, Delta, Lima and X-ray, sending you 1
2024-10-15 04:27:53.919037 Charlie: Hotel and Zulu, sending you 1
2024-10-15 04:27:53.921752 Delta: Hotel, Echo, Lima and X-ray, sending you 3
2024-10-15 04:27:53.924750 Papa: Charlie, Echo, Lima and X-ray, sending you 2
2024-10-15 04:27:53.927516 Echo: Charlie, Papa, Lima, Zulu and X-ray, sending you 2
2024-10-15 04:27:53.929643 Tango: Same as last round
2024-10-15 04:27:53.930020 Lima: Charlie, sending you 4
2024-10-15 04:27:53.931398 Hotel: Delta, sending you 4
2024-10-15 04:27:53.935972 Zulu: Papa, sending you 3
2024-10-15 04:27:53.939333 Charlie: Echo and Papa, sending you 2
2024-10-15 04:27:53.943767 Delta: Charlie, sending you 6
2024-10-15 04:27:53.946813 Papa: Zulu, sending you 4
2024-10-15 04:27:53.949959 Echo: Delta, sending you 3
2024-10-15 04:27:53.952326 X-ray: Hotel, Echo, Papa and Zulu, sending you 2
2024-10-15 04:27:53.955213 Lima: Echo, Papa and Delta, sending you 3
2024-10-15 04:27:53.957153 Hotel: X-ray, sending you 2
2024-10-15 04:27:53.960584 Charlie: Delta, sending you 6
2024-10-15 04:27:53.963281 Delta: Papa and Zulu, sending you 1
2024-10-15 04:27:53.965737 X-ray: Charlie, sending you 4
2024-10-15 04:27:53.969222 Lima: Zulu, sending you 2
2024-10-15 04:27:53.971382 Charlie: Lima, sending you 3
2024-10-15 04:27:53.974377 X-ray: Delta, sending you 3
2024-10-15 04:27:53.976429 Lima: X-ray, sending you 5
2024-10-15 04:27:53.978361 Charlie: X-ray, sending you 5
2024-10-15 04:27:53.980655 X-ray: Lima, sending you 5
chatterbot Delta submitting transactions
chatterbot Lima submitting transactions
chatterbot Papa submitting transactions
chatterbot Charlie submitting transactions
chatterbot Tango submitting transactions
chatterbot X-ray submitting transactions
chatterbot Golf submitting transactions
chatterbot Echo submitting transactions
chatterbot Hotel submitting transactions
chatterbot Zulu submitting transactions
ChatterBot Hotel round 12
ChatterBot Charlie round 12
ChatterBot Echo round 12
ChatterBot Papa round 12
ChatterBot Delta round 12
ChatterBot Lima round 12
ChatterBot Tango round 12
ChatterBot Zulu round 12
ChatterBot X-ray round 12
ChatterBot Golf round 12
2024-10-15 04:27:54.937307 Golf: We should add Hotel
ChatterBot Tango reevaluating
2024-10-15 04:27:54.940823 Tango: No
ChatterBot Golf reevaluating
2024-10-15 04:27:54.992718 Delta: Hotel, Echo, Lima and X-ray, sending you 3
2024-10-15 04:27:55.436472 Lima: Charlie, sending you 4
2024-10-15 04:27:55.440263 Charlie: Hotel and Zulu, sending you 1
2024-10-15 04:27:55.445004 X-ray: Hotel, Echo, Papa and Zulu, sending you 2
2024-10-15 04:27:55.449888 Hotel: Charlie, sending you 1
2024-10-15 04:27:55.454640 Delta: Charlie, sending you 6
2024-10-15 04:27:55.461007 Echo: Charlie, Papa, Lima, Zulu and X-ray, sending you 2
2024-10-15 04:27:55.473619 Tango: Same as last round
2024-10-15 04:27:55.476737 Lima: Echo, Papa and Delta, sending you 3
2024-10-15 04:27:55.482812 Charlie: Echo and Papa, sending you 2
2024-10-15 04:27:55.488556 X-ray: Charlie, sending you 5
2024-10-15 04:27:55.497272 Hotel: Delta, sending you 4
2024-10-15 04:27:55.503503 Papa: Charlie, Echo, Lima and X-ray, sending you 2
2024-10-15 04:27:55.510128 Zulu: Charlie, Echo, Delta, Lima and X-ray, sending you 1
2024-10-15 04:27:55.516533 Delta: Papa and Zulu, sending you 1
2024-10-15 04:27:55.522774 Golf: Same as last round
chatterbot Charlie submitting transactions
2024-10-15 04:27:55.523471 Echo: Delta, sending you 3
2024-10-15 04:27:55.526441 Lima: Zulu, sending you 2
2024-10-15 04:27:55.528977 Charlie: Delta, sending you 6
2024-10-15 04:27:55.533814 X-ray: Delta, sending you 3
2024-10-15 04:27:55.538897 Hotel: X-ray, sending you 3
2024-10-15 04:27:55.543378 Papa: Zulu, sending you 4
2024-10-15 04:27:55.548599 Zulu: Papa, sending you 3
2024-10-15 04:27:55.553958 Lima: X-ray, sending you 5
2024-10-15 04:27:55.557008 Charlie: Lima, sending you 3
2024-10-15 04:27:55.561822 X-ray: Lima, sending you 4
2024-10-15 04:27:55.567946 Charlie: X-ray, sending you 5
chatterbot X-ray submitting transactions
chatterbot Lima submitting transactions
chatterbot Papa submitting transactions
chatterbot Echo submitting transactions
chatterbot Delta submitting transactions
chatterbot Zulu submitting transactions
chatterbot Hotel submitting transactions
chatterbot Golf submitting transactions
chatterbot Tango submitting transactions
ChatterBot Hotel round 13
ChatterBot Charlie round 13
ChatterBot Echo round 13
ChatterBot Papa round 13
ChatterBot Delta round 13
ChatterBot Lima round 13
ChatterBot Tango round 13
ChatterBot Zulu round 13
ChatterBot X-ray round 13
ChatterBot Golf round 13
2024-10-15 04:27:56.532684 Delta: Hotel, sending you 4
2024-10-15 04:27:56.537863 Charlie: Hotel and Zulu, sending you 1
2024-10-15 04:27:56.543728 Hotel: Charlie, sending you 1
2024-10-15 04:27:56.549852 Delta: Charlie, sending you 6
2024-10-15 04:27:56.555115 Charlie: Echo and Papa, sending you 2
2024-10-15 04:27:56.561039 Echo: Charlie, Papa, Lima, Zulu and X-ray, sending you 2
2024-10-15 04:27:56.565213 Golf: Same as last round
2024-10-15 04:27:56.565576 Hotel: Delta, sending you 4
2024-10-15 04:27:56.570557 Zulu: Charlie, Echo, Delta, Lima and X-ray, sending you 1
2024-10-15 04:27:56.576338 Papa: Charlie, Echo, Lima and X-ray, sending you 2
2024-10-15 04:27:56.581825 Delta: Echo, Lima and X-ray, sending you 3
2024-10-15 04:27:56.587050 Lima: Charlie and Delta, sending you 4
2024-10-15 04:27:56.588378 Charlie: Delta, sending you 6
2024-10-15 04:27:56.593057 Echo: Delta, sending you 3
2024-10-15 04:27:56.594832 Hotel: X-ray, sending you 3
2024-10-15 04:27:56.599769 X-ray: Hotel, Echo, Papa and Zulu, sending you 2
2024-10-15 04:27:56.603303 Zulu: Papa, sending you 3
2024-10-15 04:27:56.606397 Papa: Delta, sending you 1
2024-10-15 04:27:56.610754 Delta: Zulu, sending you 1
2024-10-15 04:27:56.615009 Lima: Echo and Papa, sending you 3
2024-10-15 04:27:56.618145 Charlie: Lima, sending you 3
2024-10-15 04:27:56.624324 X-ray: Charlie, sending you 5
2024-10-15 04:27:56.630371 Papa: Zulu, sending you 3
2024-10-15 04:27:56.635738 Lima: Zulu, sending you 1
2024-10-15 04:27:56.638350 Charlie: X-ray, sending you 5
2024-10-15 04:27:56.643215 X-ray: Delta, sending you 3
