ChatterBot Quebec round 1
ChatterBot Echo round 1
ChatterBot Romeo round 1
ChatterBot Tango round 1
ChatterBot Charlie round 1
randomSelections Quebec: {Quebec, Foxtrot} 
2024-10-15 04:27:37.495420 Quebec: Friends?
ChatterBot Foxtrot round 1
ChatterBot Foxtrot reevaluating
2024-10-15 04:27:37.499753 Foxtrot: Yes
ChatterBot Whiskey round 1
ChatterBot Bravo round 1
ChatterBot Papa round 1
ChatterBot November round 1
randomSelections Romeo: {Romeo, Quebec, November, Papa} 
2024-10-15 04:27:37.505777 Romeo: Can we be friends?
ChatterBot November reevaluating
ChatterBot Papa reevaluating
2024-10-15 04:27:37.514745 Quebec: No
2024-10-15 04:27:37.515076 November: Yes
2024-10-15 04:27:37.515822 Papa: Yes
ChatterBot November reevaluating
ChatterBot Papa reevaluating
ChatterBot Papa reevaluating
ChatterBot November reevaluating
randomSelections Charlie: {Charlie, Tango, November, Echo, Quebec, Papa} 
2024-10-15 04:27:37.539845 Charlie: Can we be friends?
ChatterBot Tango reevaluating
ChatterBot November reevaluating
ChatterBot Echo reevaluating
ChatterBot Papa reevaluating
2024-10-15 04:27:37.553144 Tango: Yes
2024-10-15 04:27:37.553323 November: No
2024-10-15 04:27:37.554227 Echo: Yes
2024-10-15 04:27:37.554481 Quebec: No
2024-10-15 04:27:37.554872 Papa: No
ChatterBot November reevaluating
ChatterBot Echo reevaluating
ChatterBot Papa reevaluating
ChatterBot Tango reevaluating
ChatterBot Echo reevaluating
ChatterBot Papa reevaluating
ChatterBot Tango reevaluating
ChatterBot November reevaluating
ChatterBot Papa reevaluating
ChatterBot Tango reevaluating
ChatterBot November reevaluating
ChatterBot Echo reevaluating
ChatterBot Papa reevaluating
ChatterBot Tango reevaluating
ChatterBot November reevaluating
ChatterBot Echo reevaluating
randomSelections Whiskey: {Whiskey, Bravo, Echo, Foxtrot, Romeo, November} 
2024-10-15 04:27:37.619206 Whiskey: We should group up
ChatterBot Bravo reevaluating
ChatterBot Echo reevaluating
ChatterBot November reevaluating
2024-10-15 04:27:37.629914 Bravo: Yes
2024-10-15 04:27:37.631149 Echo: No
2024-10-15 04:27:37.631644 Foxtrot: No
2024-10-15 04:27:37.631927 Romeo: No
2024-10-15 04:27:37.632234 November: No
ChatterBot Echo reevaluating
ChatterBot November reevaluating
ChatterBot Bravo reevaluating
ChatterBot November reevaluating
ChatterBot Bravo reevaluating
ChatterBot Echo reevaluating
ChatterBot November reevaluating
ChatterBot Bravo reevaluating
ChatterBot Echo reevaluating
ChatterBot November reevaluating
ChatterBot Bravo reevaluating
ChatterBot Echo reevaluating
2024-10-15 04:27:37.730971 Quebec: Sending you 13
2024-10-15 04:27:37.737732 Tango: Quebec, Papa and November, sending you 1
2024-10-15 04:27:37.738864 Whiskey: Echo, sending you 3
2024-10-15 04:27:37.739237 Romeo: Quebec and Papa, sending you 5
2024-10-15 04:27:37.739695 Charlie: Echo and Papa, sending you 2
2024-10-15 04:27:37.740037 Papa: Quebec and November, sending you 2
2024-10-15 04:27:37.740799 Foxtrot: Sending you 8
2024-10-15 04:27:37.747662 Whiskey: Romeo, sending you 2
2024-10-15 04:27:37.748765 Romeo: November, sending you 7
2024-10-15 04:27:37.749142 Papa: Romeo, sending you 7
2024-10-15 04:27:37.749421 Charlie: Tango and November, sending you 3
2024-10-15 04:27:37.755012 Whiskey: Foxtrot, Bravo and November, sending you 4
2024-10-15 04:27:37.756060 Echo: Quebec, sending you 2
2024-10-15 04:27:37.756543 November: Quebec, sending you 9
2024-10-15 04:27:37.756879 Bravo: Echo, Whiskey and November, sending you 4
2024-10-15 04:27:37.765766 Echo: Tango, sending you 3
2024-10-15 04:27:37.766247 November: Romeo, sending you 4
2024-10-15 04:27:37.767199 Bravo: Romeo, sending you 1
2024-10-15 04:27:37.769671 Echo: Charlie, sending you 6
2024-10-15 04:27:37.770663 Bravo: Foxtrot, sending you 3
2024-10-15 04:27:37.772153 November: Papa, sending you 3
2024-10-15 04:27:37.775683 Echo: Papa and November, sending you 4
chatterbot Tango submitting transactions
chatterbot Whiskey submitting transactions
chatterbot Papa submitting transactions
chatterbot Echo submitting transactions
chatterbot Quebec submitting transactions
chatterbot November submitting transactions
chatterbot Bravo submitting transactions
chatterbot Romeo submitting transactions
chatterbot Charlie submitting transactions
chatterbot Foxtrot submitting transactions
ChatterBot Quebec round 2
ChatterBot Echo round 2
ChatterBot Romeo round 2
ChatterBot Tango round 2
ChatterBot Charlie round 2
2024-10-15 04:27:39.070124 Romeo: Friends?
ChatterBot Papa reevaluating
ChatterBot November reevaluating
ChatterBot Whiskey reevaluating
ChatterBot Bravo reevaluating
2024-10-15 04:27:39.148464 Papa: No
2024-10-15 04:27:39.148689 November: No
2024-10-15 04:27:39.148865 Whiskey: No
2024-10-15 04:27:39.149041 Bravo: No
ChatterBot November reevaluating
ChatterBot Whiskey reevaluating
ChatterBot Bravo reevaluating
ChatterBot Papa reevaluating
ChatterBot Whiskey reevaluating
ChatterBot Bravo reevaluating
ChatterBot Papa reevaluating
ChatterBot November reevaluating
ChatterBot Bravo reevaluating
ChatterBot Papa reevaluating
ChatterBot November reevaluating
ChatterBot Whiskey reevaluating
ChatterBot Foxtrot round 2
2024-10-15 04:27:39.424753 Echo: We should group up
ChatterBot Tango reevaluating
ChatterBot Charlie reevaluating
ChatterBot Whiskey reevaluating
ChatterBot Bravo reevaluating
2024-10-15 04:27:39.478168 Tango: No
2024-10-15 04:27:39.478417 Charlie: Yes
2024-10-15 04:27:39.479146 Whiskey: No
2024-10-15 04:27:39.479303 Bravo: No
ChatterBot Charlie reevaluating
ChatterBot Whiskey reevaluating
ChatterBot Bravo reevaluating
ChatterBot Tango reevaluating
ChatterBot Whiskey reevaluating
ChatterBot Bravo reevaluating
ChatterBot Tango reevaluating
ChatterBot Charlie reevaluating
ChatterBot Bravo reevaluating
ChatterBot Tango reevaluating
ChatterBot Charlie reevaluating
ChatterBot Whiskey reevaluating
ChatterBot Whiskey round 2
ChatterBot Bravo round 2
ChatterBot Papa round 2
ChatterBot November round 2
2024-10-15 04:27:39.712365 Foxtrot: We should add Whiskey and Bravo
ChatterBot Quebec reevaluating
2024-10-15 04:27:39.720415 Quebec: No
2024-10-15 04:27:39.727560 Quebec: Can we be friends?
ChatterBot Papa reevaluating
ChatterBot November reevaluating
2024-10-15 04:27:39.755379 Foxtrot: No
2024-10-15 04:27:39.755584 Romeo: No
2024-10-15 04:27:39.755791 Papa: No
2024-10-15 04:27:39.755974 November: No
ChatterBot Quebec reevaluating
ChatterBot Papa reevaluating
ChatterBot November reevaluating
ChatterBot Quebec reevaluating
ChatterBot Papa reevaluating
ChatterBot November reevaluating
ChatterBot Quebec reevaluating
ChatterBot November reevaluating
ChatterBot Quebec reevaluating
ChatterBot Papa reevaluating
2024-10-15 04:27:39.882219 Whiskey: Friends?
ChatterBot Tango reevaluating
ChatterBot Bravo reevaluating
2024-10-15 04:27:39.912535 Echo: Yes
2024-10-15 04:27:39.912861 Tango: Yes
2024-10-15 04:27:39.913059 Charlie: Yes
2024-10-15 04:27:39.913237 Bravo: Yes
ChatterBot Tango reevaluating
ChatterBot Bravo reevaluating
ChatterBot Bravo reevaluating
ChatterBot Tango reevaluating
ChatterBot Bravo reevaluating
ChatterBot Tango reevaluating
2024-10-15 04:27:40.054794 Foxtrot: Whiskey and Bravo we want you to join our group
ChatterBot Bravo reevaluating
2024-10-15 04:27:40.069240 Whiskey: No
2024-10-15 04:27:40.069427 Bravo: No
ChatterBot Quebec reevaluating
ChatterBot Bravo reevaluating
ChatterBot Quebec reevaluating
2024-10-15 04:27:40.115056 Romeo: Whiskey, sending you 3
2024-10-15 04:27:40.873228 Echo: Charlie, sending you 4
2024-10-15 04:27:40.873522 Charlie: Echo, sending you 10
2024-10-15 04:27:40.874360 Romeo: Bravo, sending you 2
chatterbot Echo submitting transactions
chatterbot Romeo submitting transactions
chatterbot Foxtrot submitting transactions
chatterbot Charlie submitting transactions
2024-10-15 04:27:41.138733 Echo: Whiskey, sending you 6
2024-10-15 04:27:41.139481 Whiskey: Echo, Tango, Charlie and Bravo, sending you 4
2024-10-15 04:27:41.139726 Papa: Echo, sending you 3
2024-10-15 04:27:41.140022 November: Romeo, sending you 7
2024-10-15 04:27:41.140230 Foxtrot: Quebec, sending you 5
2024-10-15 04:27:41.140441 Romeo: Papa, sending you 7
2024-10-15 04:27:41.141496 Tango: Echo, sending you 5
2024-10-15 04:27:41.232272 Echo: Bravo, sending you 9
2024-10-15 04:27:41.232729 Papa: Romeo, sending you 4
2024-10-15 04:27:41.233518 November: Whiskey and Bravo, sending you 4
2024-10-15 04:27:41.233874 Foxtrot: Whiskey, sending you 2
2024-10-15 04:27:41.234324 Tango: Charlie, sending you 4
2024-10-15 04:27:41.235075 Romeo: November, sending you 5
2024-10-15 04:27:41.235400 Bravo: Echo, Tango and Charlie, sending you 1
2024-10-15 04:27:41.235744 Quebec: Romeo, sending you 3
chatterbot Whiskey submitting transactions
2024-10-15 04:27:41.236790 Papa: Tango and Charlie, sending you 1
2024-10-15 04:27:41.343145 November: Papa, sending you 3
2024-10-15 04:27:41.344224 Foxtrot: Bravo, sending you 1
2024-10-15 04:27:41.344599 Bravo: Whiskey, sending you 11
2024-10-15 04:27:41.345081 Quebec: Foxtrot, sending you 4
2024-10-15 04:27:41.346069 Papa: November, sending you 2
chatterbot Bravo submitting transactions
chatterbot Tango submitting transactions
2024-10-15 04:27:41.407676 Quebec: Papa, sending you 1
chatterbot November submitting transactions
2024-10-15 04:27:41.432067 Quebec: November, sending you 5
chatterbot Quebec submitting transactions
chatterbot Papa submitting transactions
ChatterBot Quebec round 3
ChatterBot Echo round 3
ChatterBot Romeo round 3
ChatterBot Tango round 3
ChatterBot Charlie round 3
ChatterBot Foxtrot round 3
ChatterBot Whiskey round 3
ChatterBot Bravo round 3
ChatterBot Papa round 3
ChatterBot November round 3
2024-10-15 04:27:42.204872 Echo: Friends?
ChatterBot Tango reevaluating
ChatterBot Whiskey reevaluating
ChatterBot Bravo reevaluating
ChatterBot Romeo reevaluating
ChatterBot Papa reevaluating
ChatterBot November reevaluating
2024-10-15 04:27:42.242923 Tango: Yes
2024-10-15 04:27:42.243068 Charlie: No
2024-10-15 04:27:42.243174 Whiskey: No
2024-10-15 04:27:42.243278 Bravo: Yes
2024-10-15 04:27:42.243379 Romeo: No
2024-10-15 04:27:42.243474 Papa: Yes
2024-10-15 04:27:42.243576 November: Yes
ChatterBot Whiskey reevaluating
ChatterBot Bravo reevaluating
ChatterBot Romeo reevaluating
ChatterBot Papa reevaluating
ChatterBot November reevaluating
ChatterBot Tango reevaluating
ChatterBot Whiskey reevaluating
ChatterBot Bravo reevaluating
ChatterBot Romeo reevaluating
ChatterBot Papa reevaluating
ChatterBot November reevaluating
ChatterBot Tango reevaluating
ChatterBot Bravo reevaluating
ChatterBot Romeo reevaluating
ChatterBot Papa reevaluating
ChatterBot November reevaluating
ChatterBot Tango reevaluating
ChatterBot Whiskey reevaluating
ChatterBot Romeo reevaluating
ChatterBot Papa reevaluating
ChatterBot November reevaluating
ChatterBot Tango reevaluating
ChatterBot Whiskey reevaluating
ChatterBot Bravo reevaluating
ChatterBot Papa reevaluating
ChatterBot November reevaluating
ChatterBot Tango reevaluating
ChatterBot Charlie reevaluating
ChatterBot Whiskey reevaluating
ChatterBot Bravo reevaluating
ChatterBot Romeo reevaluating
ChatterBot November reevaluating
ChatterBot Tango reevaluating
ChatterBot Charlie reevaluating
ChatterBot Whiskey reevaluating
ChatterBot Bravo reevaluating
ChatterBot Romeo reevaluating
ChatterBot Papa reevaluating
2024-10-15 04:27:42.510133 Papa: We should add Whiskey and Bravo
ChatterBot Romeo reevaluating
ChatterBot November reevaluating
ChatterBot Tango reevaluating
ChatterBot Charlie reevaluating
2024-10-15 04:27:42.537505 Romeo: No
2024-10-15 04:27:42.537668 November: Yes
2024-10-15 04:27:42.537805 Echo: Yes
2024-10-15 04:27:42.537909 Tango: Yes
2024-10-15 04:27:42.538008 Charlie: Yes
ChatterBot Papa reevaluating
ChatterBot November reevaluating
ChatterBot Tango reevaluating
ChatterBot Charlie reevaluating
ChatterBot Papa reevaluating
ChatterBot Romeo reevaluating
ChatterBot Tango reevaluating
ChatterBot Charlie reevaluating
ChatterBot Papa reevaluating
ChatterBot Romeo reevaluating
ChatterBot November reevaluating
ChatterBot Tango reevaluating
ChatterBot Charlie reevaluating
ChatterBot Papa reevaluating
ChatterBot Romeo reevaluating
ChatterBot November reevaluating
ChatterBot Charlie reevaluating
ChatterBot Papa reevaluating
ChatterBot Romeo reevaluating
ChatterBot November reevaluating
ChatterBot Tango reevaluating
2024-10-15 04:27:42.747245 Papa: Whiskey and Bravo we want you to join our group
2024-10-15 04:27:42.758486 Whiskey: No
2024-10-15 04:27:42.759199 Bravo: Yes
2024-10-15 04:27:42.862723 Tango: Echo and Charlie, sending you 2
2024-10-15 04:27:42.864078 Echo: Tango and Bravo, sending you 3
2024-10-15 04:27:42.864579 Foxtrot: Quebec, sending you 8
2024-10-15 04:27:42.868581 Bravo: Echo, sending you 5
2024-10-15 04:27:42.869197 Quebec: Romeo, sending you 2
2024-10-15 04:27:42.869721 Charlie: Echo, sending you 5
2024-10-15 04:27:42.871431 Whiskey: Same as last round
2024-10-15 04:27:42.871895 Romeo: Quebec, sending you 4
chatterbot Echo submitting transactions
2024-10-15 04:27:42.872369 Tango: Whiskey, sending you 3
2024-10-15 04:27:42.874217 Echo: Charlie, sending you 7
2024-10-15 04:27:42.874727 Bravo: Romeo, sending you 2
2024-10-15 04:27:42.878131 Quebec: Foxtrot, sending you 6
2024-10-15 04:27:42.878502 Charlie: Tango and Whiskey, sending you 2
2024-10-15 04:27:42.880146 Romeo: Papa, sending you 6
2024-10-15 04:27:42.880543 Papa: Echo and Charlie, sending you 1
2024-10-15 04:27:42.881039 November: Echo, Charlie, Whiskey and Bravo, sending you 2
2024-10-15 04:27:42.882580 Tango: Bravo and Papa, sending you 1
2024-10-15 04:27:42.886139 Echo: Whiskey, sending you 4
2024-10-15 04:27:42.886683 Bravo: Tango and Charlie, sending you 1
2024-10-15 04:27:42.887147 Quebec: Papa, sending you 1
2024-10-15 04:27:42.888792 Charlie: Papa, sending you 1
2024-10-15 04:27:42.889327 Romeo: November, sending you 7
2024-10-15 04:27:42.889717 Papa: Romeo, sending you 6
2024-10-15 04:27:42.891755 November: Romeo, sending you 7
2024-10-15 04:27:42.892460 Echo: Papa, sending you 2
2024-10-15 04:27:42.897264 Bravo: Whiskey, sending you 4
2024-10-15 04:27:42.897922 Quebec: November, sending you 4
2024-10-15 04:27:42.900314 Papa: November, sending you 3
2024-10-15 04:27:42.901006 November: Tango, sending you 1
2024-10-15 04:27:42.962656 Bravo: November, sending you 3
2024-10-15 04:27:42.963800 November: Papa, sending you 3
chatterbot Whiskey submitting transactions
chatterbot Foxtrot submitting transactions
chatterbot November submitting transactions
chatterbot Romeo submitting transactions
chatterbot Papa submitting transactions
chatterbot Bravo submitting transactions
chatterbot Charlie submitting transactions
chatterbot Tango submitting transactions
chatterbot Quebec submitting transactions
ChatterBot Quebec round 4
ChatterBot Echo round 4
ChatterBot Romeo round 4
ChatterBot Tango round 4
ChatterBot Charlie round 4
ChatterBot Foxtrot round 4
ChatterBot Whiskey round 4
ChatterBot Bravo round 4
ChatterBot Papa round 4
ChatterBot November round 4
2024-10-15 04:27:44.021843 Tango: Echo and Charlie, sending you 2
2024-10-15 04:27:44.022534 Echo: Tango, sending you 3
2024-10-15 04:27:44.023646 Quebec: Sending you 13
2024-10-15 04:27:44.028643 Tango: Whiskey, sending you 3
2024-10-15 04:27:44.029262 Echo: Charlie, sending you 6
2024-10-15 04:27:44.037223 Tango: Bravo and November, sending you 1
2024-10-15 04:27:44.037685 Romeo: Quebec, sending you 3
2024-10-15 04:27:44.038514 Echo: Whiskey and Bravo, sending you 4
2024-10-15 04:27:44.042998 Charlie: Echo, sending you 4
2024-10-15 04:27:44.043933 Whiskey: Echo, Tango and Charlie, sending you 4
2024-10-15 04:27:44.044255 Romeo: Papa, sending you 6
2024-10-15 04:27:44.044530 Bravo: Echo and Whiskey, sending you 5
2024-10-15 04:27:44.045545 Foxtrot: Quebec, sending you 8
2024-10-15 04:27:44.045833 Echo: Papa, sending you 2
2024-10-15 04:27:44.046311 Papa: Echo, sending you 2
2024-10-15 04:27:44.047249 Whiskey: Bravo, sending you 3
2024-10-15 04:27:44.047493 Romeo: November, sending you 8
2024-10-15 04:27:44.047759 Bravo: Romeo, Tango and Papa, sending you 1
2024-10-15 04:27:44.052735 Charlie: Tango and Whiskey, sending you 2
2024-10-15 04:27:44.053733 Papa: Romeo, sending you 5
2024-10-15 04:27:44.054282 November: Echo, Charlie and Whiskey, sending you 2
2024-10-15 04:27:44.055373 Bravo: November, sending you 3
2024-10-15 04:27:44.404869 Charlie: Papa and November, sending you 1
2024-10-15 04:27:44.406543 Papa: Charlie, sending you 1
2024-10-15 04:27:44.407968 November: Romeo, sending you 7
2024-10-15 04:27:44.437214 Papa: November, sending you 3
2024-10-15 04:27:44.438272 November: Bravo and Papa, sending you 3
chatterbot Bravo submitting transactions
chatterbot Echo submitting transactions
chatterbot Foxtrot submitting transactions
chatterbot Tango submitting transactions
chatterbot Papa submitting transactions
chatterbot Quebec submitting transactions
chatterbot Charlie submitting transactions
chatterbot Romeo submitting transactions
chatterbot November submitting transactions
chatterbot Whiskey submitting transactions
ChatterBot Quebec round 5
ChatterBot Echo round 5
ChatterBot Romeo round 5
ChatterBot Tango round 5
ChatterBot Charlie round 5
ChatterBot Foxtrot round 5
ChatterBot Whiskey round 5
ChatterBot Bravo round 5
ChatterBot Papa round 5
ChatterBot November round 5
2024-10-15 04:27:45.598972 Romeo: We should drop Quebec
2024-10-15 04:27:45.606060 Papa: Yes
2024-10-15 04:27:45.607311 November: Yes
ChatterBot Romeo reevaluating
2024-10-15 04:27:45.622013 Romeo: We should replace Quebec with Bravo
2024-10-15 04:27:45.629110 Papa: Yes
2024-10-15 04:27:45.629956 November: Yes
ChatterBot Romeo reevaluating
ChatterBot Romeo reevaluating
2024-10-15 04:27:45.706233 Echo: Tango and Papa, sending you 2
2024-10-15 04:27:45.820635 Whiskey: Echo, Tango, Charlie, Bravo and November, sending you 3
2024-10-15 04:27:45.821704 Charlie: Echo, sending you 5
2024-10-15 04:27:45.823353 Papa: Echo, sending you 2
2024-10-15 04:27:45.824761 Foxtrot: Quebec, sending you 8
2024-10-15 04:27:45.826043 Echo: Charlie, sending you 6
2024-10-15 04:27:45.827700 November: Echo, Tango and Whiskey, sending you 1
2024-10-15 04:27:45.829327 Bravo: Echo, sending you 5
2024-10-15 04:27:45.830254 Quebec: Same as last round
2024-10-15 04:27:45.831415 Tango: Echo and Charlie, sending you 2
2024-10-15 04:27:45.832221 Whiskey: Romeo and Papa, sending you 2
2024-10-15 04:27:45.834051 Charlie: Tango, Papa and November, sending you 1
2024-10-15 04:27:45.836003 Papa: Romeo, sending you 5
2024-10-15 04:27:45.837671 November: Romeo, sending you 8
2024-10-15 04:27:45.839002 Echo: Whiskey and Bravo, sending you 4
2024-10-15 04:27:45.840123 Bravo: Romeo, Tango, Charlie and Papa, sending you 1
2024-10-15 04:27:45.841853 Tango: Whiskey, sending you 4
2024-10-15 04:27:45.843402 Charlie: Whiskey, sending you 2
2024-10-15 04:27:45.845156 Papa: Charlie, sending you 1
2024-10-15 04:27:45.847029 November: Charlie, sending you 2
2024-10-15 04:27:45.849105 Echo: November, sending you 1
2024-10-15 04:27:45.850267 Bravo: Whiskey, sending you 4
2024-10-15 04:27:45.851980 Tango: Bravo, sending you 1
2024-10-15 04:27:45.853690 Papa: November, sending you 3
2024-10-15 04:27:45.855470 November: Bravo and Papa, sending you 3
2024-10-15 04:27:45.857105 Bravo: November, sending you 3
2024-10-15 04:27:45.857939 Romeo: Papa, sending you 8
2024-10-15 04:27:45.871669 Romeo: November, sending you 9
chatterbot Papa submitting transactions
chatterbot Whiskey submitting transactions
chatterbot Charlie submitting transactions
chatterbot Romeo submitting transactions
chatterbot Foxtrot submitting transactions
chatterbot Echo submitting transactions
chatterbot Bravo submitting transactions
chatterbot Quebec submitting transactions
chatterbot Tango submitting transactions
chatterbot November submitting transactions
ChatterBot Quebec round 6
ChatterBot Echo round 6
ChatterBot Romeo round 6
ChatterBot Tango round 6
ChatterBot Charlie round 6
ChatterBot Foxtrot round 6
ChatterBot Whiskey round 6
ChatterBot Bravo round 6
ChatterBot Papa round 6
ChatterBot November round 6
2024-10-15 04:27:46.779711 Echo: Tango and Papa, sending you 2
2024-10-15 04:27:46.782697 Whiskey: Echo, Tango and Charlie, sending you 4
2024-10-15 04:27:46.784669 Romeo: Papa, sending you 8
2024-10-15 04:27:46.786751 Echo: Charlie, sending you 6
2024-10-15 04:27:46.787593 Charlie: Echo, sending you 5
2024-10-15 04:27:46.788455 November: Echo, Charlie and Whiskey, sending you 2
2024-10-15 04:27:46.789882 Whiskey: Bravo, sending you 3
2024-10-15 04:27:46.790458 Romeo: November, sending you 9
2024-10-15 04:27:46.790793 Tango: Echo and Charlie, sending you 2
2024-10-15 04:27:46.791444 Papa: Echo and November, sending you 2
2024-10-15 04:27:46.792044 Echo: Whiskey and Bravo, sending you 4
2024-10-15 04:27:46.793836 Bravo: Echo, sending you 5
2024-10-15 04:27:46.794889 Foxtrot: Quebec, sending you 8
2024-10-15 04:27:46.795426 Charlie: Tango, Papa and November, sending you 1
2024-10-15 04:27:46.796890 November: Romeo, sending you 7
2024-10-15 04:27:46.797926 Quebec: Same as last round
2024-10-15 04:27:46.798341 Tango: Whiskey, sending you 3
2024-10-15 04:27:46.800079 Papa: Romeo, sending you 5
2024-10-15 04:27:46.801156 Echo: November, sending you 1
2024-10-15 04:27:46.802234 Bravo: Romeo, Tango, Charlie and Papa, sending you 1
2024-10-15 04:27:46.803926 Charlie: Whiskey, sending you 2
2024-10-15 04:27:46.805143 November: Bravo and Papa, sending you 3
2024-10-15 04:27:46.807176 Tango: Bravo and November, sending you 1
2024-10-15 04:27:46.808632 Papa: Charlie and Whiskey, sending you 1
2024-10-15 04:27:46.810598 Bravo: Whiskey, sending you 4
2024-10-15 04:27:46.814714 Bravo: November, sending you 3
chatterbot Bravo submitting transactions
chatterbot Foxtrot submitting transactions
chatterbot Papa submitting transactions
chatterbot Whiskey submitting transactions
chatterbot Echo submitting transactions
chatterbot Quebec submitting transactions
chatterbot Tango submitting transactions
chatterbot Romeo submitting transactions
chatterbot November submitting transactions
chatterbot Charlie submitting transactions
ChatterBot Quebec round 7
ChatterBot Echo round 7
ChatterBot Romeo round 7
ChatterBot Tango round 7
ChatterBot Charlie round 7
ChatterBot Foxtrot round 7
ChatterBot Whiskey round 7
ChatterBot Bravo round 7
ChatterBot Papa round 7
ChatterBot November round 7
2024-10-15 04:27:47.946700 Bravo: Echo, sending you 5
2024-10-15 04:27:47.948699 Echo: Tango and Papa, sending you 2
2024-10-15 04:27:47.951402 Whiskey: Echo, Tango, Charlie, Bravo and November, sending you 3
2024-10-15 04:27:47.953754 Foxtrot: Quebec, sending you 8
2024-10-15 04:27:47.954479 Romeo: Papa, sending you 8
2024-10-15 04:27:47.955694 Bravo: Romeo, Tango and Papa, sending you 1
2024-10-15 04:27:47.957500 Echo: Charlie, sending you 6
2024-10-15 04:27:47.959415 Whiskey: Romeo and Papa, sending you 2
2024-10-15 04:27:47.961148 Tango: Echo and Charlie, sending you 2
2024-10-15 04:27:47.962972 Charlie: Echo, sending you 5
2024-10-15 04:27:47.964693 Romeo: November, sending you 9
2024-10-15 04:27:47.965190 Bravo: Whiskey and November, sending you 4
2024-10-15 04:27:47.967090 Quebec: Same as last round
2024-10-15 04:27:47.967594 Papa: Echo and November, sending you 2
2024-10-15 04:27:47.969574 Echo: Whiskey and Bravo, sending you 4
2024-10-15 04:27:47.971336 November: Echo, Charlie and Whiskey, sending you 2
2024-10-15 04:27:47.973185 Tango: Whiskey, sending you 4
2024-10-15 04:27:47.974874 Charlie: Tango, Papa and November, sending you 1
2024-10-15 04:27:47.976580 Papa: Romeo, sending you 6
2024-10-15 04:27:47.977821 Echo: November, sending you 1
2024-10-15 04:27:47.979841 November: Romeo, sending you 7
2024-10-15 04:27:47.981680 Tango: Bravo, sending you 1
2024-10-15 04:27:47.983260 Charlie: Whiskey, sending you 2
2024-10-15 04:27:47.984891 Papa: Charlie, sending you 1
2024-10-15 04:27:47.987165 November: Bravo and Papa, sending you 3
chatterbot Charlie submitting transactions
chatterbot Quebec submitting transactions
chatterbot Tango submitting transactions
chatterbot Bravo submitting transactions
chatterbot Foxtrot submitting transactions
chatterbot Romeo submitting transactions
chatterbot Echo submitting transactions
chatterbot Papa submitting transactions
chatterbot Whiskey submitting transactions
chatterbot November submitting transactions
ChatterBot Quebec round 8
ChatterBot Echo round 8
ChatterBot Romeo round 8
ChatterBot Tango round 8
ChatterBot Charlie round 8
ChatterBot Foxtrot round 8
ChatterBot Whiskey round 8
ChatterBot Bravo round 8
ChatterBot Papa round 8
ChatterBot November round 8
2024-10-15 04:27:49.207891 Whiskey: We should drop Romeo and Papa
2024-10-15 04:27:49.230840 Echo: No
2024-10-15 04:27:49.231142 Tango: No
2024-10-15 04:27:49.231336 Charlie: No
2024-10-15 04:27:49.231479 Bravo: No
2024-10-15 04:27:49.231670 November: No
ChatterBot Whiskey reevaluating
ChatterBot Whiskey reevaluating
ChatterBot Whiskey reevaluating
ChatterBot Tango reevaluating
2024-10-15 04:27:49.348978 Echo: Tango, Papa and November, sending you 2
2024-10-15 04:27:49.350503 Quebec: Same as last round
2024-10-15 04:27:49.351485 Foxtrot: Quebec, sending you 8
2024-10-15 04:27:49.352371 Charlie: Echo, sending you 5
2024-10-15 04:27:49.354369 Echo: Charlie, sending you 6
2024-10-15 04:27:49.356689 Papa: Echo and November, sending you 2
2024-10-15 04:27:49.422052 Charlie: Tango, Papa and November, sending you 1
2024-10-15 04:27:49.425635 Romeo: Papa, sending you 8
2024-10-15 04:27:49.426168 November: Echo, Charlie and Whiskey, sending you 2
2024-10-15 04:27:49.428150 Bravo: Echo, sending you 5
2024-10-15 04:27:49.430581 Echo: Whiskey, sending you 3
2024-10-15 04:27:49.433489 Papa: Romeo, sending you 5
2024-10-15 04:27:49.435950 Charlie: Whiskey, sending you 2
2024-10-15 04:27:49.438166 Romeo: November, sending you 9
2024-10-15 04:27:49.438637 November: Romeo, sending you 7
2024-10-15 04:27:49.440576 Bravo: Romeo, sending you 1
2024-10-15 04:27:49.443090 Echo: Bravo, sending you 4
2024-10-15 04:27:49.445866 Tango: Echo, sending you 3
2024-10-15 04:27:49.447963 Papa: Charlie and Whiskey, sending you 1
2024-10-15 04:27:49.450648 Whiskey: Echo, sending you 4
2024-10-15 04:27:49.453898 November: Bravo and Papa, sending you 3
2024-10-15 04:27:49.456302 Bravo: Tango, sending you 2
2024-10-15 04:27:49.458809 Tango: Charlie, sending you 2
2024-10-15 04:27:49.459759 Whiskey: Romeo and Papa, sending you 2
chatterbot Romeo submitting transactions
2024-10-15 04:27:49.464966 Bravo: Whiskey and November, sending you 4
2024-10-15 04:27:49.467824 Tango: Whiskey, sending you 4
2024-10-15 04:27:49.469554 Whiskey: Tango, Charlie, Bravo and November, sending you 3
chatterbot Quebec submitting transactions
chatterbot Bravo submitting transactions
chatterbot Foxtrot submitting transactions
chatterbot Papa submitting transactions
chatterbot Whiskey submitting transactions
chatterbot Echo submitting transactions
chatterbot Charlie submitting transactions
chatterbot November submitting transactions
chatterbot Tango submitting transactions
ChatterBot Quebec round 9
ChatterBot Echo round 9
ChatterBot Romeo round 9
ChatterBot Tango round 9
ChatterBot Charlie round 9
2024-10-15 04:27:50.557041 Romeo: We should add Bravo
2024-10-15 04:27:50.563513 Papa: Yes
2024-10-15 04:27:50.563687 November: Yes
ChatterBot Foxtrot round 9
ChatterBot Whiskey round 9
ChatterBot Bravo round 9
ChatterBot Papa round 9
ChatterBot November round 9
2024-10-15 04:27:50.587051 Romeo: Bravo we want you to join our group
2024-10-15 04:27:50.590180 Bravo: Yes
ChatterBot Romeo reevaluating
2024-10-15 04:27:50.614689 Quebec: Same as last round
2024-10-15 04:27:50.620843 Bravo: Echo, sending you 5
2024-10-15 04:27:50.622701 Echo: Tango, Papa and November, sending you 2
2024-10-15 04:27:50.628291 Bravo: Romeo, sending you 1
2024-10-15 04:27:50.629938 November: Echo, Charlie and Whiskey, sending you 2
2024-10-15 04:27:50.632611 Echo: Charlie, sending you 6
2024-10-15 04:27:50.634542 Papa: Echo, Charlie and Whiskey, sending you 1
2024-10-15 04:27:50.640491 Charlie: Echo, sending you 5
2024-10-15 04:27:50.642812 Bravo: Tango, sending you 2
2024-10-15 04:27:50.644645 November: Romeo, sending you 7
2024-10-15 04:27:50.646006 Echo: Whiskey, sending you 3
2024-10-15 04:27:50.647993 Romeo: Papa, sending you 8
2024-10-15 04:27:50.653929 Whiskey: Echo, sending you 4
2024-10-15 04:27:50.654896 Tango: Echo and Charlie, sending you 2
2024-10-15 04:27:50.656744 Foxtrot: Same as last round
2024-10-15 04:27:50.657005 Papa: Romeo, sending you 6
2024-10-15 04:27:50.658645 Charlie: Tango, Papa and November, sending you 1
2024-10-15 04:27:50.660851 Bravo: Whiskey and November, sending you 4
2024-10-15 04:27:50.666746 November: Bravo and Papa, sending you 3
2024-10-15 04:27:50.669073 Echo: Bravo, sending you 4
2024-10-15 04:27:50.671551 Romeo: November, sending you 9
2024-10-15 04:27:50.672005 Whiskey: Romeo and Papa, sending you 2
2024-10-15 04:27:50.677343 Tango: Whiskey, sending you 4
2024-10-15 04:27:50.679999 Papa: November, sending you 2
2024-10-15 04:27:50.681531 Charlie: Whiskey, sending you 2
2024-10-15 04:27:50.683850 Whiskey: Tango, Charlie, Bravo and November, sending you 3
2024-10-15 04:27:50.689105 Tango: Bravo, sending you 1
chatterbot Bravo submitting transactions
chatterbot Echo submitting transactions
chatterbot Tango submitting transactions
chatterbot Whiskey submitting transactions
chatterbot Papa submitting transactions
chatterbot Foxtrot submitting transactions
chatterbot Romeo submitting transactions
chatterbot November submitting transactions
chatterbot Charlie submitting transactions
chatterbot Quebec submitting transactions
ChatterBot Quebec round 10
ChatterBot Echo round 10
ChatterBot Romeo round 10
ChatterBot Tango round 10
ChatterBot Charlie round 10
ChatterBot Foxtrot round 10
ChatterBot Whiskey round 10
ChatterBot Bravo round 10
ChatterBot Papa round 10
ChatterBot November round 10
2024-10-15 04:27:51.885667 Tango: Echo and Whiskey, sending you 3
2024-10-15 04:27:51.886772 Quebec: Same as last round
2024-10-15 04:27:51.887695 Romeo: Papa, sending you 8
2024-10-15 04:27:51.888497 Echo: Tango, Papa and November, sending you 2
2024-10-15 04:27:51.890317 Tango: Charlie, sending you 2
2024-10-15 04:27:51.891842 Romeo: November, sending you 9
2024-10-15 04:27:51.894751 Echo: Charlie, sending you 6
2024-10-15 04:27:51.895724 Charlie: Echo, sending you 5
2024-10-15 04:27:51.896702 Tango: Bravo, sending you 1
2024-10-15 04:27:51.898664 Echo: Whiskey, sending you 3
2024-10-15 04:27:51.900666 Charlie: Tango, Papa and November, sending you 1
2024-10-15 04:27:51.902265 Foxtrot: Quebec, sending you 8
2024-10-15 04:27:51.902696 Whiskey: Echo, sending you 4
2024-10-15 04:27:51.903549 Papa: Echo, Charlie and Whiskey, sending you 1
2024-10-15 04:27:51.904431 Echo: Bravo, sending you 4
2024-10-15 04:27:51.905744 Charlie: Whiskey, sending you 2
2024-10-15 04:27:51.906665 Whiskey: Romeo and Papa, sending you 2
2024-10-15 04:27:51.908582 Papa: Romeo, sending you 6
2024-10-15 04:27:51.910004 November: Echo, Charlie and Whiskey, sending you 2
2024-10-15 04:27:51.911982 Bravo: Echo, sending you 5
2024-10-15 04:27:51.913291 Whiskey: Tango, Charlie, Bravo and November, sending you 3
2024-10-15 04:27:51.914548 Papa: November, sending you 2
2024-10-15 04:27:51.916531 November: Romeo, sending you 7
2024-10-15 04:27:51.917738 Bravo: Romeo, sending you 1
2024-10-15 04:27:51.921676 November: Bravo and Papa, sending you 3
2024-10-15 04:27:51.923745 Bravo: Tango, sending you 2
2024-10-15 04:27:51.929667 Bravo: Whiskey and November, sending you 4
chatterbot Charlie submitting transactions
chatterbot Romeo submitting transactions
chatterbot Papa submitting transactions
chatterbot Foxtrot submitting transactions
chatterbot Quebec submitting transactions
chatterbot Tango submitting transactions
chatterbot Whiskey submitting transactions
chatterbot Bravo submitting transactions
chatterbot November submitting transactions
chatterbot Echo submitting transactions
ChatterBot Quebec round 11
ChatterBot Echo round 11
ChatterBot Romeo round 11
ChatterBot Tango round 11
ChatterBot Charlie round 11
ChatterBot Foxtrot round 11
ChatterBot Whiskey round 11
ChatterBot Bravo round 11
ChatterBot Papa round 11
ChatterBot November round 11
2024-10-15 04:27:53.263404 Quebec: Same as last round
2024-10-15 04:27:53.264858 Tango: Echo and Whiskey, sending you 3
2024-10-15 04:27:53.269573 November: Echo, Charlie and Whiskey, sending you 2
2024-10-15 04:27:53.273849 Tango: Charlie, sending you 2
2024-10-15 04:27:53.277698 Charlie: Echo, sending you 5
2024-10-15 04:27:53.282069 Whiskey: Echo, sending you 4
2024-10-15 04:27:53.286277 Foxtrot: Same as last round
2024-10-15 04:27:53.287375 Echo: Tango, Papa and November, sending you 2
2024-10-15 04:27:53.290431 Bravo: Echo, sending you 5
2024-10-15 04:27:53.294252 Romeo: Papa, sending you 8
2024-10-15 04:27:53.296205 November: Romeo, sending you 7
2024-10-15 04:27:53.298867 Papa: Echo, Charlie and Whiskey, sending you 1
2024-10-15 04:27:53.303145 Tango: Bravo, sending you 1
2024-10-15 04:27:53.306114 Charlie: Tango, Papa and November, sending you 1
2024-10-15 04:27:53.309661 Whiskey: Romeo and Papa, sending you 2
2024-10-15 04:27:53.314069 Echo: Charlie, sending you 6
2024-10-15 04:27:53.318182 Bravo: Romeo, sending you 1
2024-10-15 04:27:53.321673 Romeo: November, sending you 9
2024-10-15 04:27:53.322624 November: Bravo and Papa, sending you 3
2024-10-15 04:27:53.326805 Papa: Romeo, sending you 6
2024-10-15 04:27:53.330895 Charlie: Whiskey, sending you 2
2024-10-15 04:27:53.335229 Whiskey: Tango, Charlie, Bravo and November, sending you 3
2024-10-15 04:27:53.337770 Echo: Whiskey, sending you 3
2024-10-15 04:27:53.339974 Bravo: Tango, sending you 2
2024-10-15 04:27:53.342387 Papa: November, sending you 2
2024-10-15 04:27:53.345556 Echo: Bravo, sending you 4
2024-10-15 04:27:53.349477 Bravo: Whiskey and November, sending you 4
chatterbot Quebec submitting transactions
chatterbot Foxtrot submitting transactions
chatterbot Charlie submitting transactions
chatterbot Tango submitting transactions
chatterbot Papa submitting transactions
chatterbot Romeo submitting transactions
chatterbot Echo submitting transactions
chatterbot Bravo submitting transactions
chatterbot November submitting transactions
chatterbot Whiskey submitting transactions
ChatterBot Quebec round 12
ChatterBot Echo round 12
ChatterBot Romeo round 12
ChatterBot Tango round 12
ChatterBot Charlie round 12
ChatterBot Foxtrot round 12
ChatterBot Whiskey round 12
ChatterBot Bravo round 12
ChatterBot Papa round 12
ChatterBot November round 12
2024-10-15 04:27:54.397258 Whiskey: We should drop Romeo and Papa
2024-10-15 04:27:54.419543 Echo: No
2024-10-15 04:27:54.419753 Tango: No
2024-10-15 04:27:54.419914 Charlie: No
2024-10-15 04:27:54.420062 Bravo: No
2024-10-15 04:27:54.420203 November: No
ChatterBot Whiskey reevaluating
ChatterBot Whiskey reevaluating
ChatterBot Whiskey reevaluating
ChatterBot Whiskey reevaluating
ChatterBot Whiskey reevaluating
2024-10-15 04:27:54.510661 Romeo: Papa, sending you 8
2024-10-15 04:27:54.511979 Foxtrot: Same as last round
2024-10-15 04:27:54.512274 Quebec: Same as last round
2024-10-15 04:27:54.512686 Tango: Echo and Whiskey, sending you 3
2024-10-15 04:27:54.514178 Bravo: Echo, sending you 5
2024-10-15 04:27:54.515791 Romeo: November, sending you 9
2024-10-15 04:27:54.516701 Tango: Charlie, sending you 2
2024-10-15 04:27:54.520676 Bravo: Romeo, sending you 1
2024-10-15 04:27:54.522946 Tango: Bravo, sending you 1
2024-10-15 04:27:54.525783 Bravo: Tango, sending you 2
2024-10-15 04:27:54.528566 Echo: Tango, Papa and November, sending you 2
2024-10-15 04:27:54.530949 Charlie: Echo, sending you 5
2024-10-15 04:27:54.532545 Whiskey: Echo, Tango, Charlie, Bravo, Papa and November, sending you 3
2024-10-15 04:27:54.534302 November: Echo, Charlie and Whiskey, sending you 2
2024-10-15 04:27:54.535964 Papa: Echo, Charlie and Whiskey, sending you 1
2024-10-15 04:27:54.537294 Bravo: Whiskey and November, sending you 4
2024-10-15 04:27:54.539344 Echo: Charlie, sending you 6
2024-10-15 04:27:54.541168 Charlie: Tango, Papa and November, sending you 1
2024-10-15 04:27:54.542697 Whiskey: Romeo, sending you 2
2024-10-15 04:27:54.545396 November: Romeo, sending you 7
2024-10-15 04:27:54.547406 Papa: Romeo, sending you 6
2024-10-15 04:27:54.549718 Echo: Whiskey, sending you 3
2024-10-15 04:27:54.551753 Charlie: Whiskey, sending you 2
2024-10-15 04:27:54.554027 November: Bravo and Papa, sending you 3
2024-10-15 04:27:54.556212 Papa: November, sending you 2
2024-10-15 04:27:54.558208 Echo: Bravo, sending you 4
chatterbot November submitting transactions
chatterbot Tango submitting transactions
chatterbot Charlie submitting transactions
chatterbot Foxtrot submitting transactions
chatterbot Echo submitting transactions
chatterbot Bravo submitting transactions
chatterbot Papa submitting transactions
chatterbot Quebec submitting transactions
chatterbot Whiskey submitting transactions
chatterbot Romeo submitting transactions
ChatterBot Quebec round 13
ChatterBot Echo round 13
ChatterBot Romeo round 13
ChatterBot Tango round 13
ChatterBot Charlie round 13
ChatterBot Foxtrot round 13
ChatterBot Whiskey round 13
ChatterBot Bravo round 13
ChatterBot Papa round 13
ChatterBot November round 13
2024-10-15 04:27:55.636696 Bravo: Echo, sending you 5
2024-10-15 04:27:55.639413 Echo: Tango, Papa and November, sending you 2
2024-10-15 04:27:55.641412 Charlie: Echo, sending you 5
2024-10-15 04:27:55.643542 Romeo: Papa, sending you 8
2024-10-15 04:27:55.643970 Whiskey: Echo, Tango, Charlie, Bravo, Papa and November, sending you 3
2024-10-15 04:27:55.645945 Bravo: Romeo, Tango, Charlie and Papa, sending you 1
2024-10-15 04:27:55.648981 Tango: Echo and Whiskey, sending you 3
2024-10-15 04:27:55.653309 Echo: Charlie, sending you 6
2024-10-15 04:27:55.657847 Charlie: Tango, Papa and November, sending you 1
2024-10-15 04:27:55.661138 Romeo: November, sending you 9
2024-10-15 04:27:55.662779 November: Echo, Charlie and Whiskey, sending you 2
2024-10-15 04:27:55.666244 Quebec: Same as last round
2024-10-15 04:27:55.667276 Whiskey: Romeo, sending you 2
2024-10-15 04:27:55.670882 Bravo: Whiskey, sending you 3
2024-10-15 04:27:55.674285 Tango: Charlie, sending you 1
2024-10-15 04:27:55.675686 Papa: Echo, Charlie and Whiskey, sending you 1
2024-10-15 04:27:55.678850 Foxtrot: Same as last round
2024-10-15 04:27:55.679224 Echo: Whiskey, sending you 3
2024-10-15 04:27:55.681909 Charlie: Whiskey, sending you 2
2024-10-15 04:27:55.684263 November: Romeo, sending you 7
2024-10-15 04:27:55.686018 Bravo: November, sending you 4
2024-10-15 04:27:55.687928 Tango: Bravo, sending you 2
2024-10-15 04:27:55.689672 Papa: Romeo, sending you 6
2024-10-15 04:27:55.691014 Echo: Bravo, sending you 4
2024-10-15 04:27:55.693466 November: Bravo and Papa, sending you 3
2024-10-15 04:27:55.695684 Papa: November, sending you 2
chatterbot November submitting transactions
chatterbot Foxtrot submitting transactions
chatterbot Tango submitting transactions
chatterbot Echo submitting transactions
chatterbot Whiskey submitting transactions
chatterbot Charlie submitting transactions
chatterbot Bravo submitting transactions
chatterbot Romeo submitting transactions
chatterbot Quebec submitting transactions
chatterbot Papa submitting transactions
ChatterBot Quebec round 14
ChatterBot Echo round 14
ChatterBot Romeo round 14
ChatterBot Tango round 14
ChatterBot Charlie round 14
ChatterBot Foxtrot round 14
ChatterBot Whiskey round 14
ChatterBot Bravo round 14
ChatterBot Papa round 14
ChatterBot November round 14
2024-10-15 04:27:56.991772 Foxtrot: We should add Tango
2024-10-15 04:27:56.996200 Quebec: No
ChatterBot Foxtrot reevaluating
2024-10-15 04:27:57.018386 Foxtrot: We should add Bravo
2024-10-15 04:27:57.022576 Quebec: No
ChatterBot Foxtrot reevaluating
2024-10-15 04:27:57.041638 Echo: Tango, Papa and November, sending you 2
