ChatterBot Tango round 1
ChatterBot Hotel round 1
ChatterBot Echo round 1
ChatterBot X-ray round 1
ChatterBot Charlie round 1
ChatterBot Sierra round 1
ChatterBot Bravo round 1
ChatterBot Oscar round 1
ChatterBot Juliett round 1
ChatterBot India round 1
randomSelections Bravo: {Bravo, X-ray, Sierra, India, Tango, Echo} 
2024-10-15 04:27:37.392483 Bravo: We would work well together
ChatterBot X-ray reevaluating
ChatterBot Sierra reevaluating
ChatterBot India reevaluating
ChatterBot Tango reevaluating
ChatterBot Echo reevaluating
2024-10-15 04:27:37.406514 X-ray: Yes
2024-10-15 04:27:37.406806 Sierra: Yes
2024-10-15 04:27:37.407119 India: Yes
2024-10-15 04:27:37.407771 Tango: Yes
2024-10-15 04:27:37.407970 Echo: Yes
ChatterBot Sierra reevaluating
ChatterBot India reevaluating
ChatterBot Tango reevaluating
ChatterBot Echo reevaluating
ChatterBot X-ray reevaluating
ChatterBot India reevaluating
ChatterBot Tango reevaluating
ChatterBot Echo reevaluating
ChatterBot X-ray reevaluating
ChatterBot Sierra reevaluating
ChatterBot Tango reevaluating
ChatterBot Echo reevaluating
ChatterBot X-ray reevaluating
ChatterBot Sierra reevaluating
ChatterBot India reevaluating
ChatterBot Echo reevaluating
ChatterBot X-ray reevaluating
ChatterBot Sierra reevaluating
ChatterBot India reevaluating
ChatterBot Tango reevaluating
randomSelections Hotel: {Hotel, Oscar, X-ray, India, Bravo, Juliett} 
2024-10-15 04:27:37.475350 Hotel: We should group up
ChatterBot Oscar reevaluating
ChatterBot X-ray reevaluating
ChatterBot India reevaluating
ChatterBot Juliett reevaluating
2024-10-15 04:27:37.484525 Oscar: Yes
2024-10-15 04:27:37.484676 X-ray: No
2024-10-15 04:27:37.485099 India: No
2024-10-15 04:27:37.485291 Bravo: No
2024-10-15 04:27:37.486103 Juliett: Yes
ChatterBot X-ray reevaluating
ChatterBot India reevaluating
ChatterBot Juliett reevaluating
ChatterBot Oscar reevaluating
ChatterBot India reevaluating
ChatterBot Juliett reevaluating
ChatterBot Oscar reevaluating
ChatterBot X-ray reevaluating
ChatterBot Juliett reevaluating
ChatterBot Oscar reevaluating
ChatterBot X-ray reevaluating
ChatterBot India reevaluating
ChatterBot Juliett reevaluating
ChatterBot Oscar reevaluating
ChatterBot X-ray reevaluating
ChatterBot India reevaluating
randomSelections Charlie: {Charlie, Sierra, Oscar, Hotel, Bravo, India} 
2024-10-15 04:27:37.543700 Charlie: Can we be friends?
ChatterBot Sierra reevaluating
ChatterBot Oscar reevaluating
ChatterBot India reevaluating
2024-10-15 04:27:37.556862 Sierra: No
2024-10-15 04:27:37.557758 Oscar: No
2024-10-15 04:27:37.558221 Hotel: No
2024-10-15 04:27:37.558540 Bravo: No
2024-10-15 04:27:37.559564 India: No
ChatterBot Oscar reevaluating
ChatterBot India reevaluating
ChatterBot Sierra reevaluating
ChatterBot India reevaluating
ChatterBot Sierra reevaluating
ChatterBot Oscar reevaluating
ChatterBot India reevaluating
ChatterBot Sierra reevaluating
ChatterBot Oscar reevaluating
ChatterBot India reevaluating
ChatterBot Sierra reevaluating
ChatterBot Oscar reevaluating
2024-10-15 04:27:37.637663 Hotel: X-ray and Bravo, sending you 1
2024-10-15 04:27:37.641944 Bravo: Tango and India, sending you 4
2024-10-15 04:27:37.642763 Hotel: Oscar and India, sending you 4
2024-10-15 04:27:37.644834 India: Tango and Echo, sending you 5
2024-10-15 04:27:37.645730 Echo: Tango, sending you 5
2024-10-15 04:27:37.647801 Sierra: Tango, sending you 3
2024-10-15 04:27:37.648692 Charlie: Hotel and Bravo, sending you 2
2024-10-15 04:27:37.649352 Bravo: Echo and Sierra, sending you 3
2024-10-15 04:27:37.651582 Hotel: Juliett, sending you 2
2024-10-15 04:27:37.653830 Tango: Echo, sending you 3
2024-10-15 04:27:37.654742 India: X-ray and Sierra, sending you 4
2024-10-15 04:27:37.656801 Echo: X-ray, sending you 3
2024-10-15 04:27:37.657210 Charlie: Sierra, sending you 1
2024-10-15 04:27:37.657768 Sierra: Echo and Bravo, sending you 2
2024-10-15 04:27:37.658240 Juliett: X-ray, sending you 2
2024-10-15 04:27:37.660014 Bravo: X-ray, sending you 2
2024-10-15 04:27:37.660583 Oscar: Hotel, X-ray, Bravo and India, sending you 1
2024-10-15 04:27:37.661066 Tango: X-ray and India, sending you 2
2024-10-15 04:27:37.662669 Echo: Sierra, sending you 2
2024-10-15 04:27:37.663133 Charlie: Oscar, sending you 3
2024-10-15 04:27:37.663645 India: Bravo, sending you 2
2024-10-15 04:27:37.666821 X-ray: Tango, Echo and India, sending you 4
2024-10-15 04:27:37.667204 Sierra: X-ray, sending you 6
2024-10-15 04:27:37.669557 Juliett: Bravo, sending you 1
2024-10-15 04:27:37.669990 Oscar: Juliett, sending you 4
2024-10-15 04:27:37.670328 Echo: Bravo, sending you 4
2024-10-15 04:27:37.670682 Tango: Sierra, sending you 4
2024-10-15 04:27:37.672660 X-ray: Sierra, sending you 2
2024-10-15 04:27:37.673008 Sierra: India, sending you 4
2024-10-15 04:27:37.679513 Echo: India, sending you 6
2024-10-15 04:27:37.680043 Tango: Bravo, sending you 1
2024-10-15 04:27:37.680599 Juliett: Oscar, sending you 4
2024-10-15 04:27:37.683278 X-ray: Bravo, sending you 3
2024-10-15 04:27:37.735461 Juliett: India, sending you 7
chatterbot India submitting transactions
chatterbot Bravo submitting transactions
chatterbot Juliett submitting transactions
chatterbot Charlie submitting transactions
chatterbot Hotel submitting transactions
chatterbot Tango submitting transactions
chatterbot X-ray submitting transactions
chatterbot Sierra submitting transactions
chatterbot Oscar submitting transactions
chatterbot Echo submitting transactions
ChatterBot Tango round 2
ChatterBot Hotel round 2
ChatterBot Echo round 2
ChatterBot X-ray round 2
ChatterBot Charlie round 2
ChatterBot Sierra round 2
ChatterBot Bravo round 2
ChatterBot Oscar round 2
ChatterBot Juliett round 2
ChatterBot India round 2
2024-10-15 04:27:39.713801 Hotel: Let's form a team
ChatterBot Oscar reevaluating
ChatterBot Juliett reevaluating
ChatterBot Charlie reevaluating
2024-10-15 04:27:39.725900 Oscar: Yes
2024-10-15 04:27:39.726050 Juliett: Yes
2024-10-15 04:27:39.726174 Charlie: Yes
ChatterBot Juliett reevaluating
ChatterBot Charlie reevaluating
ChatterBot Oscar reevaluating
ChatterBot Charlie reevaluating
ChatterBot Oscar reevaluating
ChatterBot Juliett reevaluating
2024-10-15 04:27:39.785506 X-ray: We should drop Bravo
2024-10-15 04:27:39.798022 Tango: No
2024-10-15 04:27:39.798249 Echo: No
2024-10-15 04:27:39.798381 Sierra: No
2024-10-15 04:27:39.798498 India: No
ChatterBot X-ray reevaluating
ChatterBot X-ray reevaluating
ChatterBot X-ray reevaluating
ChatterBot X-ray reevaluating
2024-10-15 04:27:40.787086 Hotel: Charlie, sending you 5
2024-10-15 04:27:40.787432 Tango: Echo and India, sending you 3
2024-10-15 04:27:40.788459 Echo: Tango and Bravo, sending you 4
2024-10-15 04:27:40.962622 Hotel: Oscar, sending you 4
2024-10-15 04:27:40.963451 Tango: X-ray, Sierra and Bravo, sending you 2
2024-10-15 04:27:40.963850 Echo: X-ray, sending you 5
2024-10-15 04:27:40.964161 Charlie: Hotel and Oscar, sending you 3
2024-10-15 04:27:40.964878 Sierra: Tango and India, sending you 5
2024-10-15 04:27:40.965150 Bravo: Tango, X-ray, Sierra and India, sending you 3
2024-10-15 04:27:40.965425 Juliett: Hotel, sending you 5
2024-10-15 04:27:40.965659 Oscar: Hotel and Juliett, sending you 4
2024-10-15 04:27:40.966303 India: Tango, sending you 3
chatterbot Bravo submitting transactions
chatterbot India submitting transactions
chatterbot Charlie submitting transactions
chatterbot X-ray submitting transactions
chatterbot Echo submitting transactions
2024-10-15 04:27:40.966997 Echo: Sierra, sending you 1
2024-10-15 04:27:41.215465 Charlie: Juliett, sending you 2
2024-10-15 04:27:41.215790 Sierra: Echo and X-ray, sending you 2
2024-10-15 04:27:41.216139 Juliett: Oscar, sending you 9
2024-10-15 04:27:41.216392 India: Echo, sending you 5
2024-10-15 04:27:41.217389 Bravo: Echo, sending you 4
2024-10-15 04:27:41.217741 Echo: India, sending you 6
2024-10-15 04:27:41.218073 Oscar: Charlie, sending you 3
2024-10-15 04:27:41.218317 X-ray: Tango and Bravo, sending you 2
chatterbot Oscar submitting transactions
chatterbot Tango submitting transactions
chatterbot Juliett submitting transactions
2024-10-15 04:27:41.331436 Sierra: Bravo, sending you 3
2024-10-15 04:27:41.332554 India: X-ray, Sierra and Bravo, sending you 4
2024-10-15 04:27:41.333114 X-ray: Echo, sending you 3
2024-10-15 04:27:41.402305 X-ray: Sierra, sending you 6
chatterbot Sierra submitting transactions
2024-10-15 04:27:41.415509 X-ray: India, sending you 4
chatterbot Hotel submitting transactions
ChatterBot Tango round 3
ChatterBot Hotel round 3
ChatterBot Echo round 3
ChatterBot X-ray round 3
ChatterBot Charlie round 3
ChatterBot Sierra round 3
ChatterBot Bravo round 3
ChatterBot Oscar round 3
ChatterBot Juliett round 3
ChatterBot India round 3
2024-10-15 04:27:43.801915 Charlie: Hotel, sending you 5
2024-10-15 04:27:43.802213 India: Tango, sending you 3
2024-10-15 04:27:43.803215 Tango: Echo, Sierra and India, sending you 3
2024-10-15 04:27:43.803523 Sierra: Tango and Bravo, sending you 3
2024-10-15 04:27:43.803821 X-ray: Tango, sending you 2
2024-10-15 04:27:43.804110 Echo: Tango, X-ray and Bravo, sending you 4
2024-10-15 04:27:43.805131 Oscar: Hotel, sending you 4
2024-10-15 04:27:43.805368 Hotel: Sending you each 4
2024-10-15 04:27:43.805674 Charlie: Oscar, sending you 3
2024-10-15 04:27:43.813953 X-ray: Echo, Sierra and India, sending you 4
2024-10-15 04:27:43.814353 India: Echo, sending you 5
2024-10-15 04:27:43.814704 Tango: X-ray, sending you 1
2024-10-15 04:27:43.815500 Sierra: Echo, sending you 1
2024-10-15 04:27:43.815842 Oscar: Charlie, sending you 3
2024-10-15 04:27:43.816071 Echo: Sierra, sending you 2
2024-10-15 04:27:43.816455 Juliett: Hotel, sending you 2
2024-10-15 04:27:43.817298 X-ray: Bravo, sending you 3
2024-10-15 04:27:43.819799 India: X-ray, Sierra and Bravo, sending you 4
2024-10-15 04:27:43.820848 Tango: Bravo, sending you 2
2024-10-15 04:27:43.821300 Oscar: Juliett, sending you 5
2024-10-15 04:27:43.821670 Echo: India, sending you 6
2024-10-15 04:27:43.822676 Juliett: Charlie, sending you 3
2024-10-15 04:27:43.822957 Sierra: X-ray and India, sending you 5
2024-10-15 04:27:43.826894 Bravo: Tango, X-ray, Sierra and India, sending you 3
2024-10-15 04:27:43.828547 Juliett: Oscar, sending you 9
2024-10-15 04:27:43.834013 Bravo: Echo, sending you 4
chatterbot Hotel submitting transactions
chatterbot Charlie submitting transactions
chatterbot Echo submitting transactions
chatterbot India submitting transactions
chatterbot Juliett submitting transactions
chatterbot Sierra submitting transactions
chatterbot Bravo submitting transactions
chatterbot Oscar submitting transactions
chatterbot X-ray submitting transactions
chatterbot Tango submitting transactions
ChatterBot Tango round 4
ChatterBot Hotel round 4
ChatterBot Echo round 4
ChatterBot X-ray round 4
ChatterBot Charlie round 4
ChatterBot Sierra round 4
ChatterBot Bravo round 4
ChatterBot Oscar round 4
ChatterBot Juliett round 4
ChatterBot India round 4
2024-10-15 04:27:45.302982 Tango: Echo and India, sending you 3
2024-10-15 04:27:45.305826 X-ray: Tango, sending you 2
2024-10-15 04:27:45.308853 India: Tango, sending you 3
2024-10-15 04:27:45.309355 Oscar: Hotel, sending you 4
2024-10-15 04:27:45.309638 Bravo: Tango, Echo, X-ray and Sierra, sending you 3
2024-10-15 04:27:45.310601 Hotel: Charlie, sending you 4
2024-10-15 04:27:45.310900 Echo: Tango, X-ray and Bravo, sending you 4
2024-10-15 04:27:45.311409 Tango: X-ray, Sierra and Bravo, sending you 2
2024-10-15 04:27:45.312519 Juliett: Hotel, sending you 4
2024-10-15 04:27:45.312776 Charlie: Hotel, sending you 4
2024-10-15 04:27:45.313079 Sierra: Tango and Bravo, sending you 3
chatterbot Bravo submitting transactions
2024-10-15 04:27:45.314374 X-ray: Echo, Sierra and India, sending you 4
2024-10-15 04:27:45.314903 India: Echo, sending you 5
2024-10-15 04:27:45.315414 Oscar: Charlie, sending you 3
2024-10-15 04:27:45.316363 Echo: Sierra, sending you 2
2024-10-15 04:27:45.316961 Bravo: India, sending you 4
2024-10-15 04:27:45.317550 Hotel: Oscar, sending you 5
2024-10-15 04:27:45.318498 Juliett: Charlie, sending you 2
2024-10-15 04:27:45.318917 Sierra: Echo, sending you 2
2024-10-15 04:27:45.319414 Charlie: Oscar, sending you 3
2024-10-15 04:27:45.320276 X-ray: Bravo, sending you 3
2024-10-15 04:27:45.320676 Oscar: Juliett, sending you 6
2024-10-15 04:27:45.321029 India: X-ray, Sierra and Bravo, sending you 4
2024-10-15 04:27:45.321485 Hotel: Juliett, sending you 3
2024-10-15 04:27:45.322330 Echo: India, sending you 6
2024-10-15 04:27:45.322888 Sierra: X-ray, sending you 4
2024-10-15 04:27:45.324496 Juliett: Oscar, sending you 8
2024-10-15 04:27:45.324802 Charlie: Juliett, sending you 1
2024-10-15 04:27:45.702467 Sierra: India, sending you 5
chatterbot Charlie submitting transactions
chatterbot X-ray submitting transactions
chatterbot Juliett submitting transactions
chatterbot Hotel submitting transactions
chatterbot Tango submitting transactions
chatterbot India submitting transactions
chatterbot Oscar submitting transactions
chatterbot Sierra submitting transactions
chatterbot Echo submitting transactions
ChatterBot Tango round 5
ChatterBot Hotel round 5
ChatterBot Echo round 5
ChatterBot X-ray round 5
ChatterBot Charlie round 5
ChatterBot Sierra round 5
ChatterBot Bravo round 5
ChatterBot Oscar round 5
ChatterBot Juliett round 5
ChatterBot India round 5
2024-10-15 04:27:46.358581 X-ray: We should drop Tango
2024-10-15 04:27:46.373555 Echo: No
2024-10-15 04:27:46.373745 Sierra: No
2024-10-15 04:27:46.373979 Bravo: No
2024-10-15 04:27:46.374166 India: No
2024-10-15 04:27:46.436666 Charlie: Hotel, sending you 4
2024-10-15 04:27:46.437016 Bravo: Tango, Echo, X-ray and Sierra, sending you 3
2024-10-15 04:27:46.437567 Sierra: Tango and Bravo, sending you 3
2024-10-15 04:27:46.438037 Tango: Echo and India, sending you 3
2024-10-15 04:27:46.438536 Echo: Tango, X-ray and Bravo, sending you 4
2024-10-15 04:27:46.438936 Oscar: Hotel, sending you 4
2024-10-15 04:27:46.439692 Hotel: Charlie, sending you 4
2024-10-15 04:27:46.440680 Charlie: Oscar, sending you 3
2024-10-15 04:27:46.441657 Bravo: India, sending you 4
2024-10-15 04:27:46.442620 Sierra: Echo, sending you 2
2024-10-15 04:27:46.443125 Tango: X-ray, Sierra and Bravo, sending you 2
2024-10-15 04:27:46.443607 Echo: Sierra, sending you 2
2024-10-15 04:27:46.444113 Oscar: Charlie, sending you 3
2024-10-15 04:27:46.444381 Hotel: Oscar, sending you 5
2024-10-15 04:27:46.445168 Charlie: Juliett, sending you 1
2024-10-15 04:27:46.446685 Oscar: Juliett, sending you 6
2024-10-15 04:27:46.448193 Sierra: X-ray, sending you 4
2024-10-15 04:27:46.448838 Juliett: Hotel, sending you 4
2024-10-15 04:27:46.449238 Hotel: Juliett, sending you 3
2024-10-15 04:27:46.449553 Echo: India, sending you 6
2024-10-15 04:27:46.450 India: Tango, sending you 3
2024-10-15 04:27:46.451167 X-ray: Echo, Sierra and Bravo, sending you 4
2024-10-15 04:27:46.452948 Sierra: India, sending you 5
2024-10-15 04:27:46.453686 Juliett: Charlie, sending you 2
2024-10-15 04:27:46.454685 X-ray: India, sending you 5
2024-10-15 04:27:46.455674 India: Echo, sending you 5
2024-10-15 04:27:46.458661 Juliett: Oscar, sending you 8
2024-10-15 04:27:46.460678 India: X-ray, Sierra and Bravo, sending you 4
chatterbot Hotel submitting transactions
chatterbot Echo submitting transactions
chatterbot Charlie submitting transactions
chatterbot India submitting transactions
chatterbot Oscar submitting transactions
chatterbot Bravo submitting transactions
chatterbot Sierra submitting transactions
chatterbot X-ray submitting transactions
chatterbot Juliett submitting transactions
chatterbot Tango submitting transactions
ChatterBot Tango round 6
ChatterBot Hotel round 6
ChatterBot Echo round 6
ChatterBot X-ray round 6
ChatterBot Charlie round 6
ChatterBot Sierra round 6
ChatterBot Bravo round 6
ChatterBot Oscar round 6
ChatterBot Juliett round 6
2024-10-15 04:27:47.579175 X-ray: We should add Tango
2024-10-15 04:27:47.592576 Echo: Yes
2024-10-15 04:27:47.592774 Sierra: Yes
2024-10-15 04:27:47.592924 Bravo: Yes
2024-10-15 04:27:47.593058 India: Yes
ChatterBot X-ray reevaluating
ChatterBot X-ray reevaluating
ChatterBot X-ray reevaluating
ChatterBot X-ray reevaluating
ChatterBot India round 6
2024-10-15 04:27:47.673382 X-ray: Tango we want you to join our group
2024-10-15 04:27:47.677478 Tango: Yes
ChatterBot X-ray reevaluating
2024-10-15 04:27:47.698046 Tango: Echo, sending you 4
2024-10-15 04:27:47.699410 Hotel: Charlie, sending you 4
2024-10-15 04:27:47.699999 Echo: Tango, X-ray and Bravo, sending you 4
2024-10-15 04:27:47.701655 Tango: X-ray, sending you 1
2024-10-15 04:27:47.702682 Hotel: Oscar, sending you 5
2024-10-15 04:27:47.703997 Sierra: Tango and Bravo, sending you 3
2024-10-15 04:27:47.704886 Charlie: Hotel, sending you 4
2024-10-15 04:27:47.706088 Echo: Sierra, sending you 2
2024-10-15 04:27:47.706830 Bravo: Tango, Echo, X-ray and Sierra, sending you 3
2024-10-15 04:27:47.708484 Juliett: Hotel, sending you 4
2024-10-15 04:27:47.708950 Tango: Sierra and Bravo, sending you 2
2024-10-15 04:27:47.709930 Hotel: Juliett, sending you 3
2024-10-15 04:27:47.711211 Sierra: Echo, sending you 2
2024-10-15 04:27:47.711946 Echo: India, sending you 6
2024-10-15 04:27:47.713524 Charlie: Oscar, sending you 3
2024-10-15 04:27:47.713934 Bravo: India, sending you 4
2024-10-15 04:27:47.714515 Juliett: Charlie, sending you 2
2024-10-15 04:27:47.715578 Tango: India, sending you 3
2024-10-15 04:27:47.716202 Sierra: X-ray, sending you 4
2024-10-15 04:27:47.718684 Charlie: Juliett, sending you 1
2024-10-15 04:27:47.719797 Juliett: Oscar, sending you 8
2024-10-15 04:27:47.720416 Oscar: Hotel, sending you 4
2024-10-15 04:27:47.720970 Sierra: India, sending you 5
2024-10-15 04:27:47.722682 India: Tango, sending you 3
2024-10-15 04:27:47.724655 Oscar: Charlie, sending you 3
2024-10-15 04:27:47.727706 India: Echo, sending you 5
2024-10-15 04:27:47.729071 Oscar: Juliett, sending you 7
2024-10-15 04:27:47.731683 X-ray: Tango, sending you 2
2024-10-15 04:27:47.732983 India: X-ray, Sierra and Bravo, sending you 4
2024-10-15 04:27:47.736874 X-ray: Echo, Sierra and India, sending you 4
2024-10-15 04:27:47.742996 X-ray: Bravo, sending you 3
chatterbot Juliett submitting transactions
chatterbot Oscar submitting transactions
chatterbot Sierra submitting transactions
chatterbot Hotel submitting transactions
chatterbot Bravo submitting transactions
chatterbot Tango submitting transactions
chatterbot India submitting transactions
chatterbot Echo submitting transactions
chatterbot Charlie submitting transactions
chatterbot X-ray submitting transactions
ChatterBot Tango round 7
ChatterBot Hotel round 7
ChatterBot Echo round 7
ChatterBot X-ray round 7
ChatterBot Charlie round 7
ChatterBot Sierra round 7
ChatterBot Bravo round 7
ChatterBot Oscar round 7
ChatterBot Juliett round 7
ChatterBot India round 7
2024-10-15 04:27:48.951448 X-ray: We should drop Tango
2024-10-15 04:27:48.969946 Echo: No
2024-10-15 04:27:48.970244 Sierra: No
2024-10-15 04:27:48.970751 Bravo: No
2024-10-15 04:27:48.971688 India: No
2024-10-15 04:27:49.021706 Tango: Echo, sending you 4
2024-10-15 04:27:49.023155 Hotel: Charlie, sending you 4
2024-10-15 04:27:49.027227 Tango: X-ray, sending you 1
2024-10-15 04:27:49.028415 Hotel: Oscar, sending you 5
2024-10-15 04:27:49.029696 Sierra: Tango and Bravo, sending you 3
2024-10-15 04:27:49.030697 India: Tango, sending you 3
2024-10-15 04:27:49.032686 Tango: Sierra and Bravo, sending you 2
2024-10-15 04:27:49.034874 Hotel: Juliett, sending you 3
2024-10-15 04:27:49.035683 Juliett: Hotel, sending you 4
2024-10-15 04:27:49.036295 Sierra: Echo, sending you 2
2024-10-15 04:27:49.037724 India: Echo, sending you 5
2024-10-15 04:27:49.039236 X-ray: Echo, Sierra and Bravo, sending you 4
2024-10-15 04:27:49.040015 Tango: India, sending you 3
2024-10-15 04:27:49.042074 Juliett: Charlie, sending you 1
2024-10-15 04:27:49.042808 Oscar: Hotel, sending you 5
2024-10-15 04:27:49.043484 Echo: Tango, X-ray and Bravo, sending you 4
2024-10-15 04:27:49.045815 Charlie: Hotel, sending you 4
2024-10-15 04:27:49.047204 Sierra: X-ray, sending you 4
2024-10-15 04:27:49.052060 India: X-ray, Sierra and Bravo, sending you 4
2024-10-15 04:27:49.058608 X-ray: India, sending you 5
2024-10-15 04:27:49.064602 Bravo: Tango, Echo, X-ray and Sierra, sending you 3
2024-10-15 04:27:49.069020 Juliett: Oscar, sending you 9
2024-10-15 04:27:49.072691 Oscar: Charlie, sending you 3
2024-10-15 04:27:49.076269 Echo: Sierra, sending you 2
2024-10-15 04:27:49.079335 Charlie: Oscar, sending you 3
2024-10-15 04:27:49.081525 Sierra: India, sending you 5
2024-10-15 04:27:49.085196 Bravo: India, sending you 4
2024-10-15 04:27:49.089499 Oscar: Juliett, sending you 6
2024-10-15 04:27:49.090756 Echo: India, sending you 6
2024-10-15 04:27:49.096315 Charlie: Juliett, sending you 1
chatterbot Oscar submitting transactions
chatterbot Tango submitting transactions
chatterbot Charlie submitting transactions
chatterbot India submitting transactions
chatterbot Hotel submitting transactions
chatterbot Bravo submitting transactions
chatterbot Sierra submitting transactions
chatterbot X-ray submitting transactions
chatterbot Echo submitting transactions
chatterbot Juliett submitting transactions
ChatterBot Tango round 8
ChatterBot Hotel round 8
ChatterBot Echo round 8
ChatterBot X-ray round 8
ChatterBot Charlie round 8
ChatterBot Sierra round 8
ChatterBot Bravo round 8
ChatterBot Oscar round 8
ChatterBot Juliett round 8
ChatterBot India round 8
2024-10-15 04:27:50.298701 Echo: Tango, X-ray and Bravo, sending you 4
2024-10-15 04:27:50.299693 Hotel: Charlie, sending you 4
2024-10-15 04:27:50.300137 Charlie: Hotel, sending you 4
2024-10-15 04:27:50.300543 X-ray: Echo, Sierra and Bravo, sending you 4
2024-10-15 04:27:50.303677 Echo: Sierra, sending you 2
2024-10-15 04:27:50.304390 X-ray: India, sending you 5
2024-10-15 04:27:50.305353 Hotel: Oscar, sending you 5
2024-10-15 04:27:50.305837 Charlie: Oscar, sending you 3
2024-10-15 04:27:50.306665 Tango: Echo, Bravo and India, sending you 3
2024-10-15 04:27:50.307924 Echo: India, sending you 6
2024-10-15 04:27:50.308926 Sierra: Tango and Bravo, sending you 3
2024-10-15 04:27:50.310130 Bravo: Tango, Echo, X-ray and Sierra, sending you 3
2024-10-15 04:27:50.311791 Hotel: Juliett, sending you 3
2024-10-15 04:27:50.312442 Charlie: Juliett, sending you 1
2024-10-15 04:27:50.312995 Tango: X-ray, sending you 1
2024-10-15 04:27:50.314396 Juliett: Hotel, sending you 4
2024-10-15 04:27:50.315648 Sierra: Echo, sending you 2
2024-10-15 04:27:50.316921 Bravo: India, sending you 4
2024-10-15 04:27:50.318815 Oscar: Hotel, sending you 5
2024-10-15 04:27:50.319420 Tango: Sierra, sending you 2
2024-10-15 04:27:50.320650 Juliett: Charlie, sending you 1
2024-10-15 04:27:50.321229 India: Tango, sending you 3
2024-10-15 04:27:50.323136 Sierra: X-ray, sending you 4
2024-10-15 04:27:50.324512 Oscar: Charlie, sending you 3
2024-10-15 04:27:50.326332 Juliett: Oscar, sending you 9
2024-10-15 04:27:50.327110 India: Echo, sending you 5
2024-10-15 04:27:50.328516 Oscar: Juliett, sending you 7
2024-10-15 04:27:50.329095 Sierra: India, sending you 5
2024-10-15 04:27:50.333150 India: X-ray, Sierra and Bravo, sending you 4
chatterbot Bravo submitting transactions
chatterbot Echo submitting transactions
chatterbot India submitting transactions
chatterbot Oscar submitting transactions
chatterbot X-ray submitting transactions
chatterbot Tango submitting transactions
chatterbot Charlie submitting transactions
chatterbot Hotel submitting transactions
chatterbot Sierra submitting transactions
chatterbot Juliett submitting transactions
ChatterBot Tango round 9
ChatterBot Hotel round 9
ChatterBot Echo round 9
ChatterBot X-ray round 9
ChatterBot Charlie round 9
ChatterBot Sierra round 9
ChatterBot Bravo round 9
ChatterBot Oscar round 9
ChatterBot Juliett round 9
ChatterBot India round 9
2024-10-15 04:27:51.604669 Bravo: Tango, Echo, X-ray and Sierra, sending you 3
2024-10-15 04:27:51.605428 Hotel: Charlie, sending you 4
2024-10-15 04:27:51.605847 Charlie: Hotel, sending you 4
2024-10-15 04:27:51.608657 Bravo: India, sending you 4
2024-10-15 04:27:51.609424 Hotel: Oscar, sending you 5
2024-10-15 04:27:51.609811 Charlie: Oscar, sending you 3
2024-10-15 04:27:51.610658 Juliett: Hotel, sending you 4
2024-10-15 04:27:51.611697 X-ray: Echo, Sierra and Bravo, sending you 4
2024-10-15 04:27:51.612399 Tango: Echo, Bravo and India, sending you 3
2024-10-15 04:27:51.613707 Hotel: Juliett, sending you 3
2024-10-15 04:27:51.614127 Charlie: Juliett, sending you 1
2024-10-15 04:27:51.614461 India: Tango, sending you 3
2024-10-15 04:27:51.615209 Juliett: Charlie, sending you 1
2024-10-15 04:27:51.615668 Sierra: Tango and Bravo, sending you 3
2024-10-15 04:27:51.616818 X-ray: India, sending you 5
2024-10-15 04:27:51.617488 Echo: Tango, X-ray and Bravo, sending you 4
2024-10-15 04:27:51.618236 India: Echo, sending you 5
2024-10-15 04:27:51.618923 Tango: X-ray, sending you 1
2024-10-15 04:27:51.619702 Juliett: Oscar, sending you 9
2024-10-15 04:27:51.620521 Sierra: Echo, sending you 2
2024-10-15 04:27:51.621116 Oscar: Hotel, sending you 5
2024-10-15 04:27:51.621474 Echo: Sierra, sending you 2
2024-10-15 04:27:51.623697 India: X-ray, Sierra and Bravo, sending you 4
2024-10-15 04:27:51.625042 Tango: Sierra, sending you 2
2024-10-15 04:27:51.625855 Oscar: Charlie, sending you 3
2024-10-15 04:27:51.626311 Sierra: X-ray, sending you 4
2024-10-15 04:27:51.627138 Echo: India, sending you 6
2024-10-15 04:27:51.629662 Sierra: India, sending you 5
2024-10-15 04:27:51.630679 Oscar: Juliett, sending you 7
chatterbot Hotel submitting transactions
chatterbot Tango submitting transactions
chatterbot Charlie submitting transactions
chatterbot India submitting transactions
chatterbot Bravo submitting transactions
chatterbot Oscar submitting transactions
chatterbot Juliett submitting transactions
chatterbot Sierra submitting transactions
chatterbot X-ray submitting transactions
chatterbot Echo submitting transactions
ChatterBot Tango round 10
ChatterBot Hotel round 10
ChatterBot Echo round 10
ChatterBot X-ray round 10
ChatterBot Charlie round 10
ChatterBot Sierra round 10
ChatterBot Bravo round 10
ChatterBot Oscar round 10
ChatterBot Juliett round 10
ChatterBot India round 10
2024-10-15 04:27:52.518895 Juliett: We should add Bravo
2024-10-15 04:27:52.525329 Hotel: No
2024-10-15 04:27:52.525483 Oscar: No
2024-10-15 04:27:52.525599 Charlie: No
ChatterBot Juliett reevaluating
ChatterBot Juliett reevaluating
ChatterBot Juliett reevaluating
2024-10-15 04:27:52.545362 Juliett: We should add X-ray
2024-10-15 04:27:52.551566 Hotel: Yes
2024-10-15 04:27:52.551732 Oscar: Yes
2024-10-15 04:27:52.551850 Charlie: Yes
ChatterBot Juliett reevaluating
ChatterBot Juliett reevaluating
ChatterBot Juliett reevaluating
2024-10-15 04:27:52.572783 Oscar: Hotel, sending you 5
2024-10-15 04:27:52.573113 Tango: Echo, Bravo and India, sending you 3
2024-10-15 04:27:52.573770 Hotel: Charlie, sending you 4
2024-10-15 04:27:52.575664 Oscar: Charlie, sending you 3
2024-10-15 04:27:52.577666 Tango: X-ray, sending you 1
2024-10-15 04:27:52.578686 Charlie: Hotel, sending you 4
2024-10-15 04:27:52.579040 Bravo: Tango, Echo, X-ray and Sierra, sending you 3
2024-10-15 04:27:52.579603 X-ray: Echo, Sierra and Bravo, sending you 4
2024-10-15 04:27:52.580354 Sierra: Tango and Bravo, sending you 3
2024-10-15 04:27:52.580975 Hotel: Oscar, sending you 5
2024-10-15 04:27:52.581303 Echo: Tango, X-ray and Bravo, sending you 4
2024-10-15 04:27:52.581831 India: Tango, sending you 3
2024-10-15 04:27:52.582336 Oscar: Juliett, sending you 7
2024-10-15 04:27:52.583162 Tango: Sierra, sending you 2
2024-10-15 04:27:52.583700 Bravo: India, sending you 4
2024-10-15 04:27:52.584232 Charlie: Oscar, sending you 3
2024-10-15 04:27:52.584673 X-ray: India, sending you 5
2024-10-15 04:27:52.585802 Sierra: Echo, sending you 2
2024-10-15 04:27:52.586820 Echo: Sierra, sending you 2
2024-10-15 04:27:52.588376 Hotel: Juliett, sending you 3
2024-10-15 04:27:52.588947 India: Echo, sending you 5
2024-10-15 04:27:52.590080 Charlie: Juliett, sending you 1
2024-10-15 04:27:52.591473 Sierra: X-ray, sending you 4
2024-10-15 04:27:52.592645 Echo: India, sending you 6
2024-10-15 04:27:52.594229 India: X-ray, Sierra and Bravo, sending you 4
2024-10-15 04:27:52.595322 Sierra: India, sending you 5
chatterbot Bravo submitting transactions
chatterbot Tango submitting transactions
chatterbot India submitting transactions
chatterbot Hotel submitting transactions
chatterbot Sierra submitting transactions
chatterbot Juliett submitting transactions
chatterbot X-ray submitting transactions
chatterbot Charlie submitting transactions
chatterbot Echo submitting transactions
chatterbot Oscar submitting transactions
ChatterBot Tango round 11
ChatterBot Hotel round 11
ChatterBot Echo round 11
ChatterBot X-ray round 11
ChatterBot Charlie round 11
ChatterBot Sierra round 11
ChatterBot Bravo round 11
ChatterBot Oscar round 11
ChatterBot Juliett round 11
ChatterBot India round 11
2024-10-15 04:27:53.819560 Juliett: We should add X-ray
2024-10-15 04:27:53.833286 Hotel: Yes
2024-10-15 04:27:53.834520 Oscar: Yes
2024-10-15 04:27:53.834777 Charlie: Yes
ChatterBot Juliett reevaluating
ChatterBot Juliett reevaluating
ChatterBot Juliett reevaluating
2024-10-15 04:27:53.900896 Tango: Echo, sending you 4
2024-10-15 04:27:53.903978 Juliett: X-ray we want you to join our group
2024-10-15 04:27:53.910485 X-ray: No
ChatterBot Juliett reevaluating
2024-10-15 04:27:53.933302 Tango: Sierra, sending you 2
2024-10-15 04:27:53.935772 Echo: Tango, X-ray and Bravo, sending you 4
2024-10-15 04:27:53.938138 Charlie: Hotel, sending you 4
2024-10-15 04:27:53.939115 Sierra: Tango and Echo, sending you 2
2024-10-15 04:27:53.941485 India: Tango, sending you 3
2024-10-15 04:27:53.944185 Oscar: Hotel, sending you 5
2024-10-15 04:27:53.945099 Hotel: Charlie, sending you 4
2024-10-15 04:27:53.946547 X-ray: Echo, Sierra and Bravo, sending you 4
2024-10-15 04:27:53.947676 Bravo: Tango, Echo, X-ray and Sierra, sending you 3
2024-10-15 04:27:53.949762 Tango: Bravo and India, sending you 3
2024-10-15 04:27:53.952400 Echo: Sierra, sending you 2
2024-10-15 04:27:53.954372 Charlie: Oscar, sending you 3
2024-10-15 04:27:53.955172 Sierra: X-ray, sending you 4
2024-10-15 04:27:53.957402 India: Echo, sending you 5
2024-10-15 04:27:53.959859 Hotel: Oscar, sending you 5
2024-10-15 04:27:53.960537 Oscar: Charlie, sending you 4
2024-10-15 04:27:53.962087 X-ray: India, sending you 5
2024-10-15 04:27:53.963126 Bravo: India, sending you 4
2024-10-15 04:27:53.965053 Echo: India, sending you 6
2024-10-15 04:27:53.966998 Charlie: Juliett, sending you 1
2024-10-15 04:27:53.967874 Sierra: Bravo, sending you 3
2024-10-15 04:27:53.970271 Hotel: Juliett, sending you 3
2024-10-15 04:27:53.971705 India: X-ray, Sierra and Bravo, sending you 4
2024-10-15 04:27:53.973912 Oscar: Juliett, sending you 7
2024-10-15 04:27:53.974816 Sierra: India, sending you 6
2024-10-15 04:27:53.981696 Juliett: Hotel, sending you 4
2024-10-15 04:27:53.984734 Juliett: Charlie, sending you 1
2024-10-15 04:27:53.989655 Juliett: Oscar, sending you 9
chatterbot Charlie submitting transactions
chatterbot Hotel submitting transactions
chatterbot X-ray submitting transactions
chatterbot Oscar submitting transactions
chatterbot Tango submitting transactions
chatterbot India submitting transactions
chatterbot Bravo submitting transactions
chatterbot Echo submitting transactions
chatterbot Juliett submitting transactions
chatterbot Sierra submitting transactions
ChatterBot Tango round 12
ChatterBot Hotel round 12
ChatterBot Echo round 12
ChatterBot X-ray round 12
ChatterBot Charlie round 12
ChatterBot Sierra round 12
ChatterBot Bravo round 12
ChatterBot Oscar round 12
ChatterBot Juliett round 12
ChatterBot India round 12
2024-10-15 04:27:55.193896 Charlie: We should add X-ray
2024-10-15 04:27:55.210798 Hotel: Yes
2024-10-15 04:27:55.211458 Oscar: Yes
2024-10-15 04:27:55.212253 Juliett: Yes
ChatterBot Charlie reevaluating
ChatterBot Charlie reevaluating
ChatterBot Charlie reevaluating
2024-10-15 04:27:55.338196 Charlie: X-ray we want you to join our group
2024-10-15 04:27:55.342107 X-ray: No
ChatterBot Charlie reevaluating
2024-10-15 04:27:55.362077 Hotel: Charlie, sending you 4
2024-10-15 04:27:55.363870 Echo: Tango, X-ray and Bravo, sending you 4
2024-10-15 04:27:55.366118 Oscar: Hotel, sending you 5
2024-10-15 04:27:55.367025 Juliett: Hotel, sending you 4
2024-10-15 04:27:55.368587 Sierra: Tango and Echo, sending you 2
2024-10-15 04:27:55.370504 Tango: Echo, sending you 4
2024-10-15 04:27:55.372599 X-ray: Echo, Sierra and Bravo, sending you 4
2024-10-15 04:27:55.373893 India: Tango, sending you 3
2024-10-15 04:27:55.376268 Hotel: Oscar, sending you 5
2024-10-15 04:27:55.377534 Echo: Sierra, sending you 2
2024-10-15 04:27:55.380406 Oscar: Charlie, sending you 4
2024-10-15 04:27:55.381430 Juliett: Charlie, sending you 1
2024-10-15 04:27:55.382931 Sierra: X-ray, sending you 4
2024-10-15 04:27:55.385690 Tango: Sierra, sending you 2
2024-10-15 04:27:55.388161 X-ray: India, sending you 5
2024-10-15 04:27:55.390137 India: Echo, sending you 5
2024-10-15 04:27:55.392554 Bravo: Tango, Echo, X-ray and Sierra, sending you 3
2024-10-15 04:27:55.395051 Hotel: Juliett, sending you 3
2024-10-15 04:27:55.397332 Echo: India, sending you 6
2024-10-15 04:27:55.399840 Oscar: Juliett, sending you 7
2024-10-15 04:27:55.402024 Juliett: Oscar, sending you 9
2024-10-15 04:27:55.403077 Sierra: Bravo, sending you 3
2024-10-15 04:27:55.405350 Tango: Bravo and India, sending you 3
2024-10-15 04:27:55.408608 India: X-ray, Sierra and Bravo, sending you 4
2024-10-15 04:27:55.411192 Bravo: India, sending you 4
2024-10-15 04:27:55.413518 Sierra: India, sending you 6
2024-10-15 04:27:55.426374 Charlie: Hotel, sending you 4
2024-10-15 04:27:55.434305 Charlie: Oscar, sending you 3
2024-10-15 04:27:55.465957 Charlie: Juliett, sending you 1
chatterbot Hotel submitting transactions
chatterbot X-ray submitting transactions
chatterbot Tango submitting transactions
chatterbot Sierra submitting transactions
chatterbot Juliett submitting transactions
chatterbot Bravo submitting transactions
chatterbot Charlie submitting transactions
chatterbot India submitting transactions
chatterbot Echo submitting transactions
chatterbot Oscar submitting transactions
ChatterBot Tango round 13
ChatterBot Hotel round 13
ChatterBot Echo round 13
ChatterBot X-ray round 13
ChatterBot Charlie round 13
ChatterBot Sierra round 13
ChatterBot Bravo round 13
ChatterBot Oscar round 13
ChatterBot Juliett round 13
ChatterBot India round 13
2024-10-15 04:27:56.363818 Charlie: Hotel, sending you 4
2024-10-15 04:27:56.364659 X-ray: Echo, Sierra and Bravo, sending you 4
2024-10-15 04:27:56.366297 Echo: Tango, X-ray and Bravo, sending you 4
2024-10-15 04:27:56.367797 Tango: Echo, sending you 4
2024-10-15 04:27:56.370021 Hotel: Charlie, sending you 4
2024-10-15 04:27:56.370926 Charlie: Oscar, sending you 3
2024-10-15 04:27:56.371886 X-ray: India, sending you 5
2024-10-15 04:27:56.372807 Echo: Sierra, sending you 2
2024-10-15 04:27:56.374676 Oscar: Hotel, sending you 5
2024-10-15 04:27:56.376107 Sierra: Tango and Echo, sending you 2
2024-10-15 04:27:56.377084 Tango: Sierra, sending you 2
2024-10-15 04:27:56.378723 Hotel: Oscar, sending you 5
2024-10-15 04:27:56.379274 Charlie: Juliett, sending you 1
2024-10-15 04:27:56.380571 Bravo: Tango, Echo, X-ray and Sierra, sending you 3
2024-10-15 04:27:56.381822 Echo: India, sending you 6
2024-10-15 04:27:56.384347 Oscar: Charlie, sending you 4
2024-10-15 04:27:56.385473 Sierra: X-ray, sending you 4
2024-10-15 04:27:56.387840 Tango: Bravo and India, sending you 3
2024-10-15 04:27:56.390218 India: Tango, sending you 3
2024-10-15 04:27:56.392980 Juliett: Hotel, sending you 4
2024-10-15 04:27:56.394825 Hotel: Juliett, sending you 3
2024-10-15 04:27:56.396055 Bravo: India, sending you 4
2024-10-15 04:27:56.399101 Oscar: Juliett, sending you 7
2024-10-15 04:27:56.400801 Sierra: Bravo, sending you 3
2024-10-15 04:27:56.402984 India: Echo, sending you 5
2024-10-15 04:27:56.405559 Juliett: Charlie, sending you 1
2024-10-15 04:27:56.406809 Sierra: India, sending you 6
2024-10-15 04:27:56.409356 India: X-ray, Sierra and Bravo, sending you 4
2024-10-15 04:27:56.411678 Juliett: Oscar, sending you 9
chatterbot Tango submitting transactions
chatterbot Sierra submitting transactions
chatterbot Hotel submitting transactions
chatterbot Oscar submitting transactions
chatterbot Bravo submitting transactions
chatterbot Charlie submitting transactions
chatterbot India submitting transactions
chatterbot Juliett submitting transactions
chatterbot X-ray submitting transactions
chatterbot Echo submitting transactions
ChatterBot Tango round 14
ChatterBot Hotel round 14
ChatterBot Echo round 14
ChatterBot X-ray round 14
ChatterBot Charlie round 14
ChatterBot Sierra round 14
ChatterBot Bravo round 14
ChatterBot Oscar round 14
ChatterBot Juliett round 14
ChatterBot India round 14
2024-10-15 04:27:57.591794 X-ray: Echo, Sierra and Bravo, sending you 4
2024-10-15 04:27:57.592438 Sierra: Tango and Echo, sending you 2
2024-10-15 04:27:57.593682 Hotel: Charlie, sending you 4
2024-10-15 04:27:57.597340 X-ray: India, sending you 5
2024-10-15 04:27:57.598256 Sierra: X-ray, sending you 4
2024-10-15 04:27:57.600223 Bravo: Tango, Echo, X-ray and Sierra, sending you 3
2024-10-15 04:27:57.601224 Hotel: Oscar, sending you 5
2024-10-15 04:27:57.601731 Oscar: Hotel, sending you 5
2024-10-15 04:27:57.602214 Charlie: Hotel, sending you 4
2024-10-15 04:27:57.603212 Sierra: Bravo, sending you 3
2024-10-15 04:27:57.604294 Bravo: India, sending you 4
2024-10-15 04:27:57.605703 Tango: Echo, sending you 4
2024-10-15 04:27:57.606436 Hotel: Juliett, sending you 3
2024-10-15 04:27:57.606926 Oscar: Charlie, sending you 4
2024-10-15 04:27:57.607471 Echo: Tango, X-ray and Bravo, sending you 4
2024-10-15 04:27:57.608586 India: Tango, sending you 3
2024-10-15 04:27:57.609327 Juliett: Hotel, sending you 4
2024-10-15 04:27:57.609602 Charlie: Oscar, sending you 3
2024-10-15 04:27:57.609945 Sierra: India, sending you 6
2024-10-15 04:27:57.611403 Tango: Sierra, sending you 2
2024-10-15 04:27:57.612157 Oscar: Juliett, sending you 7
2024-10-15 04:27:57.612962 Echo: Sierra, sending you 2
2024-10-15 04:27:57.613771 India: Echo, sending you 5
2024-10-15 04:27:57.614466 Juliett: Charlie, sending you 1
2024-10-15 04:27:57.614788 Charlie: Juliett, sending you 1
2024-10-15 04:27:57.615842 Tango: Bravo and India, sending you 3
2024-10-15 04:27:57.617825 India: X-ray, Sierra and Bravo, sending you 4
2024-10-15 04:27:57.618829 Echo: India, sending you 6
2024-10-15 04:27:57.620813 Juliett: Oscar, sending you 9
chatterbot Charlie submitting transactions
chatterbot India submitting transactions
chatterbot Echo submitting transactions
chatterbot Bravo submitting transactions
chatterbot Sierra submitting transactions
chatterbot Oscar submitting transactions
chatterbot Hotel submitting transactions
chatterbot Juliett submitting transactions
chatterbot Tango submitting transactions
chatterbot X-ray submitting transactions
ChatterBot Tango round 15
ChatterBot Hotel round 15
ChatterBot Echo round 15
ChatterBot X-ray round 15
ChatterBot Charlie round 15
ChatterBot Sierra round 15
ChatterBot Bravo round 15
ChatterBot Oscar round 15
ChatterBot Juliett round 15
ChatterBot India round 15
2024-10-15 04:27:58.865375 Hotel: Charlie, sending you 4
2024-10-15 04:27:58.866220 Oscar: Hotel, sending you 6
2024-10-15 04:27:58.867560 Echo: Tango, X-ray and Bravo, sending you 4
2024-10-15 04:27:58.870465 Tango: Echo, sending you 4
2024-10-15 04:27:58.872633 Juliett: Hotel, sending you 4
2024-10-15 04:27:58.874218 Bravo: Tango, Echo, X-ray and Sierra, sending you 3
2024-10-15 04:27:58.876125 Charlie: Hotel and Oscar, sending you 4
2024-10-15 04:27:58.877040 X-ray: Echo, Sierra and Bravo, sending you 4
