ChatterBot Alpha round 1
ChatterBot X-ray round 1
ChatterBot Hotel round 1
ChatterBot Romeo round 1
ChatterBot Kilo round 1
ChatterBot Zulu round 1
ChatterBot India round 1
ChatterBot Mike round 1
ChatterBot Whiskey round 1
ChatterBot Echo round 1
randomSelections Alpha: {Alpha, Echo, Hotel, Mike, India, Whiskey} 
2024-10-15 04:27:37.609163 Alpha: We should group up
ChatterBot Echo reevaluating
ChatterBot Hotel reevaluating
ChatterBot Mike reevaluating
ChatterBot India reevaluating
ChatterBot Whiskey reevaluating
2024-10-15 04:27:37.621543 Echo: Yes
2024-10-15 04:27:37.621760 Hotel: Yes
2024-10-15 04:27:37.622606 Mike: Yes
2024-10-15 04:27:37.622809 India: Yes
2024-10-15 04:27:37.623078 Whiskey: Yes
ChatterBot Hotel reevaluating
ChatterBot Mike reevaluating
ChatterBot India reevaluating
ChatterBot Whiskey reevaluating
ChatterBot Echo reevaluating
ChatterBot Mike reevaluating
ChatterBot India reevaluating
ChatterBot Whiskey reevaluating
ChatterBot Echo reevaluating
ChatterBot Hotel reevaluating
ChatterBot India reevaluating
ChatterBot Whiskey reevaluating
ChatterBot Echo reevaluating
ChatterBot Hotel reevaluating
ChatterBot Mike reevaluating
ChatterBot Whiskey reevaluating
ChatterBot Echo reevaluating
ChatterBot Hotel reevaluating
ChatterBot Mike reevaluating
ChatterBot India reevaluating
randomSelections Romeo: {Romeo, Whiskey, Mike, X-ray, Echo, India} 
2024-10-15 04:27:37.680138 Romeo: We should group up
ChatterBot Whiskey reevaluating
ChatterBot Mike reevaluating
ChatterBot X-ray reevaluating
ChatterBot Echo reevaluating
ChatterBot India reevaluating
2024-10-15 04:27:37.695002 Whiskey: No
2024-10-15 04:27:37.695294 Mike: No
2024-10-15 04:27:37.695460 X-ray: Yes
2024-10-15 04:27:37.695598 Echo: No
2024-10-15 04:27:37.695773 India: No
ChatterBot Mike reevaluating
ChatterBot X-ray reevaluating
ChatterBot Echo reevaluating
ChatterBot India reevaluating
ChatterBot Whiskey reevaluating
ChatterBot X-ray reevaluating
ChatterBot Echo reevaluating
ChatterBot India reevaluating
ChatterBot Whiskey reevaluating
ChatterBot Mike reevaluating
ChatterBot Echo reevaluating
ChatterBot India reevaluating
ChatterBot Whiskey reevaluating
ChatterBot Mike reevaluating
ChatterBot X-ray reevaluating
ChatterBot India reevaluating
ChatterBot Whiskey reevaluating
ChatterBot Mike reevaluating
ChatterBot X-ray reevaluating
ChatterBot Echo reevaluating
randomSelections Kilo: {Kilo, Hotel, Mike, Whiskey, Romeo, X-ray} 
2024-10-15 04:27:37.747799 Kilo: Group up?
ChatterBot Hotel reevaluating
ChatterBot Mike reevaluating
ChatterBot Whiskey reevaluating
ChatterBot X-ray reevaluating
2024-10-15 04:27:37.755922 Hotel: No
2024-10-15 04:27:37.756078 Mike: No
2024-10-15 04:27:37.756251 Whiskey: No
2024-10-15 04:27:37.756368 Romeo: No
2024-10-15 04:27:37.756511 X-ray: No
ChatterBot Mike reevaluating
ChatterBot Whiskey reevaluating
ChatterBot X-ray reevaluating
ChatterBot Hotel reevaluating
ChatterBot Whiskey reevaluating
ChatterBot X-ray reevaluating
ChatterBot Hotel reevaluating
ChatterBot Mike reevaluating
ChatterBot X-ray reevaluating
ChatterBot Hotel reevaluating
ChatterBot Mike reevaluating
ChatterBot Whiskey reevaluating
ChatterBot X-ray reevaluating
ChatterBot Hotel reevaluating
ChatterBot Mike reevaluating
ChatterBot Whiskey reevaluating
randomSelections Zulu: {Zulu, Mike, Hotel, Romeo, India, Alpha} 
2024-10-15 04:27:37.802398 Zulu: Group up?
ChatterBot Mike reevaluating
ChatterBot Hotel reevaluating
ChatterBot India reevaluating
2024-10-15 04:27:37.808913 Mike: No
2024-10-15 04:27:37.809037 Hotel: No
2024-10-15 04:27:37.809131 Romeo: No
2024-10-15 04:27:37.809223 India: No
2024-10-15 04:27:37.809321 Alpha: No
ChatterBot Hotel reevaluating
ChatterBot India reevaluating
ChatterBot Mike reevaluating
ChatterBot India reevaluating
ChatterBot Mike reevaluating
ChatterBot Hotel reevaluating
ChatterBot India reevaluating
ChatterBot Mike reevaluating
ChatterBot Hotel reevaluating
ChatterBot Mike reevaluating
ChatterBot Hotel reevaluating
ChatterBot India reevaluating
2024-10-15 04:27:37.853708 Alpha: Hotel and Mike, sending you 1
2024-10-15 04:27:37.854691 Echo: Hotel and Whiskey, sending you 4
2024-10-15 04:27:37.855032 X-ray: Romeo, sending you 5
2024-10-15 04:27:37.857664 Hotel: Alpha, sending you 4
2024-10-15 04:27:37.857968 X-ray: India and Mike, sending you 1
2024-10-15 04:27:37.859658 Alpha: India, sending you 6
2024-10-15 04:27:37.859935 Echo: India and Mike, sending you 2
2024-10-15 04:27:37.861195 Kilo: X-ray and Whiskey, sending you 2
2024-10-15 04:27:37.861710 Hotel: India, sending you 2
2024-10-15 04:27:37.862049 Romeo: X-ray and India, sending you 2
2024-10-15 04:27:37.862672 X-ray: Whiskey, sending you 2
2024-10-15 04:27:37.864683 Alpha: Whiskey, sending you 2
2024-10-15 04:27:37.864992 Romeo: Whiskey, sending you 4
2024-10-15 04:27:37.865783 Zulu: Alpha, sending you 1
2024-10-15 04:27:37.866138 Kilo: Romeo, sending you 5
2024-10-15 04:27:37.866715 Hotel: Mike, Whiskey and Echo, sending you 1
2024-10-15 04:27:37.867190 X-ray: Echo, sending you 3
2024-10-15 04:27:37.868670 Alpha: Echo, sending you 3
2024-10-15 04:27:37.868972 Zulu: Hotel, sending you 4
2024-10-15 04:27:37.870957 Whiskey: Alpha, Mike and Echo, sending you 2
2024-10-15 04:27:37.871369 India: Alpha, sending you 4
2024-10-15 04:27:37.871763 Zulu: Romeo and India, sending you 3
2024-10-15 04:27:37.873680 Whiskey: Hotel and India, sending you 1
2024-10-15 04:27:37.876049 India: Hotel, sending you 2
2024-10-15 04:27:37.876425 Zulu: Mike, sending you 5
2024-10-15 04:27:37.881105 India: Mike, sending you 11
2024-10-15 04:27:37.885662 India: Whiskey and Echo, sending you 1
chatterbot Romeo submitting transactions
chatterbot Zulu submitting transactions
chatterbot Kilo submitting transactions
chatterbot Echo submitting transactions
chatterbot Hotel submitting transactions
chatterbot India submitting transactions
chatterbot Whiskey submitting transactions
chatterbot Alpha submitting transactions
chatterbot X-ray submitting transactions
chatterbot Mike submitting transactions
ChatterBot Alpha round 2
ChatterBot X-ray round 2
ChatterBot Hotel round 2
ChatterBot Romeo round 2
2024-10-15 04:27:39.021965 X-ray: We would work well together
ChatterBot Romeo reevaluating
ChatterBot Kilo reevaluating
ChatterBot Zulu reevaluating
2024-10-15 04:27:39.071492 Romeo: Yes
2024-10-15 04:27:39.071718 Kilo: No
2024-10-15 04:27:39.071893 Zulu: No
ChatterBot Kilo reevaluating
ChatterBot Zulu reevaluating
ChatterBot X-ray reevaluating
ChatterBot Romeo reevaluating
ChatterBot Zulu reevaluating
ChatterBot X-ray reevaluating
ChatterBot Romeo reevaluating
ChatterBot Kilo reevaluating
2024-10-15 04:27:39.153419 Kilo: We would work well together
ChatterBot Romeo reevaluating
2024-10-15 04:27:39.160465 Romeo: Yes
ChatterBot Kilo reevaluating
ChatterBot Kilo round 2
ChatterBot Zulu round 2
ChatterBot India round 2
2024-10-15 04:27:39.190317 Alpha: We should add Zulu
ChatterBot Echo reevaluating
ChatterBot Hotel reevaluating
ChatterBot Mike reevaluating
ChatterBot India reevaluating
ChatterBot Whiskey reevaluating
2024-10-15 04:27:39.262163 Echo: No
2024-10-15 04:27:39.262374 Hotel: Yes
2024-10-15 04:27:39.262545 Mike: No
2024-10-15 04:27:39.262713 India: Yes
2024-10-15 04:27:39.262879 Whiskey: No
ChatterBot Alpha reevaluating
ChatterBot Hotel reevaluating
ChatterBot Mike reevaluating
ChatterBot India reevaluating
ChatterBot Whiskey reevaluating
ChatterBot Alpha reevaluating
ChatterBot Echo reevaluating
ChatterBot Mike reevaluating
ChatterBot India reevaluating
ChatterBot Whiskey reevaluating
ChatterBot Alpha reevaluating
ChatterBot Echo reevaluating
ChatterBot Hotel reevaluating
ChatterBot India reevaluating
ChatterBot Whiskey reevaluating
ChatterBot Alpha reevaluating
ChatterBot Echo reevaluating
ChatterBot Hotel reevaluating
ChatterBot Mike reevaluating
ChatterBot Whiskey reevaluating
ChatterBot Alpha reevaluating
ChatterBot Echo reevaluating
ChatterBot Hotel reevaluating
ChatterBot Mike reevaluating
ChatterBot India reevaluating
ChatterBot Mike round 2
ChatterBot Whiskey round 2
ChatterBot Echo round 2
2024-10-15 04:27:39.622592 Whiskey: We should add Zulu
ChatterBot Alpha reevaluating
ChatterBot Echo reevaluating
ChatterBot Mike reevaluating
2024-10-15 04:27:39.657247 Alpha: Yes
2024-10-15 04:27:39.657478 Echo: Yes
2024-10-15 04:27:39.657681 Hotel: Yes
2024-10-15 04:27:39.657853 Mike: Yes
2024-10-15 04:27:39.658518 India: Yes
ChatterBot Echo reevaluating
ChatterBot Mike reevaluating
ChatterBot Alpha reevaluating
ChatterBot Mike reevaluating
ChatterBot Alpha reevaluating
ChatterBot Echo reevaluating
ChatterBot Mike reevaluating
ChatterBot Alpha reevaluating
ChatterBot Echo reevaluating
ChatterBot Alpha reevaluating
ChatterBot Echo reevaluating
ChatterBot Mike reevaluating
2024-10-15 04:27:39.835390 Hotel: Zulu we want you to join our group
ChatterBot Zulu reevaluating
2024-10-15 04:27:39.843374 Zulu: Yes
ChatterBot Alpha reevaluating
ChatterBot Mike reevaluating
ChatterBot Echo reevaluating
2024-10-15 04:27:39.885201 Zulu: We would work well together
ChatterBot Alpha reevaluating
ChatterBot Mike reevaluating
ChatterBot Echo reevaluating
2024-10-15 04:27:39.927963 Hotel: Yes
2024-10-15 04:27:39.928148 Alpha: Yes
2024-10-15 04:27:39.928293 India: Yes
2024-10-15 04:27:39.928441 Mike: No
2024-10-15 04:27:39.928579 Whiskey: Yes
2024-10-15 04:27:39.929199 Echo: Yes
ChatterBot Alpha reevaluating
ChatterBot Zulu reevaluating
ChatterBot Mike reevaluating
ChatterBot Echo reevaluating
ChatterBot Zulu reevaluating
ChatterBot Mike reevaluating
ChatterBot Echo reevaluating
ChatterBot Alpha reevaluating
ChatterBot Zulu reevaluating
ChatterBot Mike reevaluating
ChatterBot Echo reevaluating
ChatterBot Alpha reevaluating
ChatterBot Zulu reevaluating
ChatterBot Echo reevaluating
ChatterBot Alpha reevaluating
ChatterBot Zulu reevaluating
ChatterBot Mike reevaluating
ChatterBot Echo reevaluating
ChatterBot Alpha reevaluating
ChatterBot Zulu reevaluating
ChatterBot Mike reevaluating
2024-10-15 04:27:40.186577 India: Zulu we want you to join our group
2024-10-15 04:27:40.193994 Zulu: Yes
ChatterBot Alpha reevaluating
ChatterBot Mike reevaluating
ChatterBot Echo reevaluating
2024-10-15 04:27:40.237281 Whiskey: Zulu we want you to join our group
ChatterBot Zulu reevaluating
2024-10-15 04:27:40.246115 Zulu: No
ChatterBot Alpha reevaluating
ChatterBot Mike reevaluating
ChatterBot Echo reevaluating
2024-10-15 04:27:40.437182 Mike: We should replace Hotel with Zulu
ChatterBot Alpha reevaluating
ChatterBot Echo reevaluating
2024-10-15 04:27:40.468673 Alpha: No
2024-10-15 04:27:40.468994 India: No
2024-10-15 04:27:40.469328 Whiskey: No
2024-10-15 04:27:40.470097 Echo: No
ChatterBot Mike reevaluating
ChatterBot Echo reevaluating
ChatterBot Mike reevaluating
ChatterBot Alpha reevaluating
ChatterBot Echo reevaluating
ChatterBot Mike reevaluating
ChatterBot Alpha reevaluating
ChatterBot Echo reevaluating
ChatterBot Mike reevaluating
ChatterBot Alpha reevaluating
2024-10-15 04:27:40.589388 Alpha: We should replace Mike with Zulu
ChatterBot Echo reevaluating
2024-10-15 04:27:40.618062 Hotel: No
2024-10-15 04:27:40.618348 India: No
2024-10-15 04:27:40.619296 Whiskey: No
2024-10-15 04:27:40.619569 Echo: No
ChatterBot Alpha reevaluating
ChatterBot Echo reevaluating
ChatterBot Alpha reevaluating
ChatterBot Whiskey reevaluating
ChatterBot Echo reevaluating
ChatterBot Alpha reevaluating
ChatterBot Echo reevaluating
ChatterBot Alpha reevaluating
ChatterBot Whiskey reevaluating
2024-10-15 04:27:40.693125 Mike: We should replace Echo with Zulu
ChatterBot Alpha reevaluating
ChatterBot Whiskey reevaluating
2024-10-15 04:27:40.710868 Alpha: No
2024-10-15 04:27:40.711760 Hotel: No
2024-10-15 04:27:40.711999 India: No
2024-10-15 04:27:40.712192 Whiskey: No
ChatterBot Mike reevaluating
ChatterBot Whiskey reevaluating
ChatterBot Mike reevaluating
ChatterBot Alpha reevaluating
ChatterBot Whiskey reevaluating
ChatterBot Mike reevaluating
ChatterBot Alpha reevaluating
ChatterBot Whiskey reevaluating
ChatterBot Mike reevaluating
ChatterBot Alpha reevaluating
2024-10-15 04:27:40.793982 X-ray: Romeo and Kilo, sending you 6
chatterbot X-ray submitting transactions
2024-10-15 04:27:40.967795 Kilo: Sending you each 3
2024-10-15 04:27:40.968096 Echo: Zulu we want you to join our group
ChatterBot Zulu reevaluating
2024-10-15 04:27:40.973375 Zulu: Yes
ChatterBot Mike reevaluating
ChatterBot Whiskey reevaluating
ChatterBot Echo reevaluating
2024-10-15 04:27:41.000286 Alpha: Zulu we want you to join our group
ChatterBot Zulu reevaluating
2024-10-15 04:27:41.005651 Zulu: Yes
ChatterBot Whiskey reevaluating
ChatterBot Echo reevaluating
2024-10-15 04:27:41.026689 Romeo: X-ray, sending you 5
2024-10-15 04:27:41.028174 Mike: Zulu we want you to join our group
ChatterBot Zulu reevaluating
2024-10-15 04:27:41.033782 Zulu: Yes
ChatterBot Mike reevaluating
ChatterBot Whiskey reevaluating
2024-10-15 04:27:41.054608 Mike: We should replace Whiskey with Zulu
2024-10-15 04:27:41.070063 Alpha: No
2024-10-15 04:27:41.070778 Hotel: No
2024-10-15 04:27:41.070896 India: No
2024-10-15 04:27:41.071017 Echo: No
ChatterBot Mike reevaluating
ChatterBot Mike reevaluating
ChatterBot Mike reevaluating
ChatterBot Mike reevaluating
2024-10-15 04:27:41.134211 Hotel: Alpha, sending you 2
2024-10-15 04:27:41.134547 Romeo: Kilo, sending you 4
2024-10-15 04:27:41.134808 India: Alpha, sending you 7
chatterbot Kilo submitting transactions
2024-10-15 04:27:41.223169 Hotel: Zulu and Echo, sending you 6
2024-10-15 04:27:41.224328 Romeo: Zulu, sending you 3
2024-10-15 04:27:41.224724 India: Hotel and Echo, sending you 3
chatterbot Romeo submitting transactions
2024-10-15 04:27:41.338512 Hotel: India, sending you 3
2024-10-15 04:27:41.339684 Alpha: Hotel and India, sending you 4
2024-10-15 04:27:41.340124 India: Zulu, sending you 4
2024-10-15 04:27:41.341191 Zulu: Alpha, Hotel, India, Mike and Whiskey, sending you 3
chatterbot Zulu submitting transactions
2024-10-15 04:27:41.405998 Alpha: Zulu and Whiskey, sending you 2
2024-10-15 04:27:41.406537 Hotel: Whiskey, sending you 1
2024-10-15 04:27:41.407728 India: Whiskey, sending you 2
2024-10-15 04:27:41.408437 Zulu: Echo, sending you 1
2024-10-15 04:27:41.409651 Whiskey: Alpha, sending you 2
2024-10-15 04:27:41.428975 Alpha: Echo, sending you 1
2024-10-15 04:27:41.429420 Echo: Alpha, sending you 5
2024-10-15 04:27:41.430495 Whiskey: Hotel and India, sending you 1
2024-10-15 04:27:41.430948 Mike: Alpha, Hotel and Echo, sending you 1
2024-10-15 04:27:41.455749 Echo: Hotel and India, sending you 2
2024-10-15 04:27:41.456934 Whiskey: Echo, sending you 4
2024-10-15 04:27:41.457449 Mike: Zulu, sending you 2
2024-10-15 04:27:41.469303 Echo: Whiskey, sending you 3
2024-10-15 04:27:41.469860 Mike: India, sending you 5
chatterbot India submitting transactions
chatterbot Alpha submitting transactions
chatterbot Hotel submitting transactions
chatterbot Echo submitting transactions
chatterbot Whiskey submitting transactions
chatterbot Zulu submitting transactions
chatterbot Mike submitting transactions
ChatterBot Alpha round 3
ChatterBot X-ray round 3
ChatterBot Hotel round 3
ChatterBot Romeo round 3
ChatterBot Kilo round 3
ChatterBot Zulu round 3
ChatterBot India round 3
ChatterBot Mike round 3
ChatterBot Whiskey round 3
ChatterBot Echo round 3
2024-10-15 04:27:42.586075 Alpha: We should add Mike
ChatterBot Whiskey reevaluating
2024-10-15 04:27:42.603745 Hotel: Yes
2024-10-15 04:27:42.604407 Zulu: Yes
2024-10-15 04:27:42.604557 India: Yes
2024-10-15 04:27:42.604705 Whiskey: Yes
2024-10-15 04:27:42.604882 Echo: Yes
ChatterBot Whiskey reevaluating
ChatterBot Whiskey reevaluating
ChatterBot Whiskey reevaluating
ChatterBot Whiskey reevaluating
2024-10-15 04:27:42.723936 X-ray: We should drop Zulu
ChatterBot Romeo reevaluating
ChatterBot Kilo reevaluating
2024-10-15 04:27:42.731761 Romeo: Yes
2024-10-15 04:27:42.731935 Kilo: Yes
ChatterBot Kilo reevaluating
ChatterBot Romeo reevaluating
2024-10-15 04:27:42.746265 Kilo: We should replace Zulu with Whiskey
ChatterBot Romeo reevaluating
2024-10-15 04:27:42.753768 X-ray: No
2024-10-15 04:27:42.753914 Romeo: No
ChatterBot Romeo reevaluating
ChatterBot Kilo reevaluating
ChatterBot Kilo reevaluating
2024-10-15 04:27:42.769810 Romeo: We should replace Zulu with Mike
ChatterBot Kilo reevaluating
2024-10-15 04:27:42.777362 X-ray: No
2024-10-15 04:27:42.777484 Kilo: Yes
ChatterBot Romeo reevaluating
ChatterBot Kilo reevaluating
ChatterBot Romeo reevaluating
2024-10-15 04:27:42.793966 Alpha: Mike we want you to join our group
2024-10-15 04:27:42.798467 Mike: No
ChatterBot Whiskey reevaluating
2024-10-15 04:27:42.845055 Whiskey: Mike we want you to join our group
2024-10-15 04:27:42.848770 Mike: No
2024-10-15 04:27:42.882946 Romeo: Mike we want you to join our group
2024-10-15 04:27:42.911717 Mike: No
ChatterBot Romeo reevaluating
2024-10-15 04:27:42.996575 Mike: Alpha, Hotel and Echo, sending you 1
2024-10-15 04:27:42.999716 Alpha: Hotel, Zulu, Whiskey and Echo, sending you 2
2024-10-15 04:27:43.000474 Hotel: Alpha, Zulu, India and Echo, sending you 4
2024-10-15 04:27:43.003399 Echo: Alpha and India, sending you 2
2024-10-15 04:27:43.007239 X-ray: Romeo, sending you 7
2024-10-15 04:27:43.007722 India: Alpha, sending you 5
2024-10-15 04:27:43.008411 Zulu: Alpha, sending you 2
2024-10-15 04:27:43.011259 Alpha: India, sending you 4
2024-10-15 04:27:43.011988 Mike: Zulu, sending you 3
2024-10-15 04:27:43.012445 Hotel: Whiskey, sending you 2
2024-10-15 04:27:43.015104 Kilo: X-ray, sending you 4
2024-10-15 04:27:43.015480 Echo: Hotel, sending you 4
2024-10-15 04:27:43.019634 India: Hotel, Zulu and Echo, sending you 3
2024-10-15 04:27:43.021389 X-ray: Kilo, sending you 5
2024-10-15 04:27:43.021892 Whiskey: Alpha, sending you 2
2024-10-15 04:27:43.022586 Zulu: Hotel, sending you 6
2024-10-15 04:27:43.025596 Alpha: Mike, sending you 1
2024-10-15 04:27:43.026369 Mike: India, sending you 4
2024-10-15 04:27:43.040080 Kilo: Romeo, sending you 3
2024-10-15 04:27:43.041063 Echo: Mike, sending you 1
2024-10-15 04:27:43.042887 India: Mike, sending you 4
2024-10-15 04:27:43.044529 Whiskey: Hotel, Zulu and India, sending you 1
2024-10-15 04:27:43.046577 Zulu: India, sending you 4
2024-10-15 04:27:43.048445 Kilo: Mike, sending you 2
2024-10-15 04:27:43.049112 Romeo: X-ray, sending you 7
2024-10-15 04:27:43.050755 Echo: Whiskey, sending you 3
2024-10-15 04:27:43.052630 India: Whiskey, sending you 2
2024-10-15 04:27:43.054172 Whiskey: Echo, sending you 3
2024-10-15 04:27:43.055939 Zulu: Mike, sending you 3
2024-10-15 04:27:43.057495 Romeo: Kilo, sending you 5
2024-10-15 04:27:43.084658 Zulu: Whiskey, sending you 1
chatterbot Echo submitting transactions
chatterbot X-ray submitting transactions
chatterbot Kilo submitting transactions
chatterbot Hotel submitting transactions
chatterbot India submitting transactions
chatterbot Mike submitting transactions
chatterbot Whiskey submitting transactions
chatterbot Alpha submitting transactions
chatterbot Zulu submitting transactions
chatterbot Romeo submitting transactions
ChatterBot Alpha round 4
ChatterBot X-ray round 4
ChatterBot Hotel round 4
ChatterBot Romeo round 4
ChatterBot Kilo round 4
ChatterBot Zulu round 4
ChatterBot India round 4
ChatterBot Mike round 4
ChatterBot Whiskey round 4
ChatterBot Echo round 4
2024-10-15 04:27:44.285297 Hotel: Alpha, sending you 3
2024-10-15 04:27:44.286797 Alpha: Hotel, Zulu, Whiskey and Echo, sending you 2
2024-10-15 04:27:44.287413 Romeo: X-ray, sending you 7
2024-10-15 04:27:44.287722 Zulu: Alpha, sending you 2
2024-10-15 04:27:44.290127 India: Alpha, sending you 5
2024-10-15 04:27:44.290767 Hotel: Zulu, sending you 6
2024-10-15 04:27:44.338726 Alpha: India, sending you 4
2024-10-15 04:27:44.340314 Romeo: Kilo, sending you 5
2024-10-15 04:27:44.340697 India: Hotel, Zulu and Echo, sending you 3
2024-10-15 04:27:44.342150 Kilo: X-ray and Romeo, sending you 4
2024-10-15 04:27:44.342674 Whiskey: Alpha, sending you 2
2024-10-15 04:27:44.344328 Zulu: Hotel, sending you 5
2024-10-15 04:27:44.346250 X-ray: Romeo, sending you 8
2024-10-15 04:27:44.346843 Mike: Alpha, Hotel and Echo, sending you 1
2024-10-15 04:27:44.348061 Hotel: India and Echo, sending you 4
2024-10-15 04:27:44.349192 Alpha: Mike, sending you 1
2024-10-15 04:27:44.350710 India: Mike, sending you 4
2024-10-15 04:27:44.352318 Kilo: Mike, sending you 1
2024-10-15 04:27:44.352865 Whiskey: Hotel, Zulu and India, sending you 1
2024-10-15 04:27:44.354148 Zulu: India, sending you 4
2024-10-15 04:27:44.354841 X-ray: Kilo, sending you 4
2024-10-15 04:27:44.355217 Hotel: Mike and Whiskey, sending you 1
2024-10-15 04:27:44.356603 Mike: Zulu, sending you 3
2024-10-15 04:27:44.357093 Echo: Alpha and India, sending you 2
2024-10-15 04:27:44.358483 India: Whiskey, sending you 2
2024-10-15 04:27:44.359938 Zulu: Mike, sending you 3
2024-10-15 04:27:44.360598 Whiskey: Echo, sending you 3
2024-10-15 04:27:44.362053 Mike: India, sending you 4
chatterbot Romeo submitting transactions
2024-10-15 04:27:44.362789 Echo: Hotel, sending you 4
2024-10-15 04:27:44.371388 Zulu: Whiskey and Echo, sending you 1
2024-10-15 04:27:44.372898 Echo: Mike, sending you 1
2024-10-15 04:27:44.392629 Echo: Whiskey, sending you 3
chatterbot Whiskey submitting transactions
chatterbot Kilo submitting transactions
chatterbot India submitting transactions
chatterbot Alpha submitting transactions
chatterbot Zulu submitting transactions
chatterbot Hotel submitting transactions
chatterbot Mike submitting transactions
chatterbot X-ray submitting transactions
chatterbot Echo submitting transactions
ChatterBot Alpha round 5
ChatterBot X-ray round 5
ChatterBot Hotel round 5
ChatterBot Romeo round 5
ChatterBot Kilo round 5
ChatterBot Zulu round 5
ChatterBot India round 5
ChatterBot Mike round 5
ChatterBot Whiskey round 5
ChatterBot Echo round 5
2024-10-15 04:27:45.702379 Romeo: X-ray, sending you 7
2024-10-15 04:27:45.703722 Hotel: Alpha, sending you 3
2024-10-15 04:27:45.705061 Alpha: Hotel, Zulu, Whiskey and Echo, sending you 2
2024-10-15 04:27:45.826004 Romeo: Kilo, sending you 5
2024-10-15 04:27:45.827369 Hotel: Zulu and Echo, sending you 5
2024-10-15 04:27:45.828666 Mike: Alpha, Hotel and Echo, sending you 1
2024-10-15 04:27:45.830196 X-ray: Romeo, sending you 8
2024-10-15 04:27:45.831507 Zulu: Alpha, sending you 2
2024-10-15 04:27:45.833213 India: Alpha, sending you 5
2024-10-15 04:27:45.835690 Kilo: X-ray and Romeo, sending you 4
2024-10-15 04:27:45.837212 Alpha: India, sending you 4
2024-10-15 04:27:45.838852 Whiskey: Alpha and India, sending you 2
2024-10-15 04:27:45.841227 Mike: Zulu, sending you 3
2024-10-15 04:27:45.841950 Hotel: India, sending you 4
2024-10-15 04:27:45.843560 X-ray: Kilo, sending you 4
2024-10-15 04:27:45.843924 Zulu: Hotel, sending you 6
2024-10-15 04:27:45.845384 India: Hotel and Mike, sending you 4
2024-10-15 04:27:45.847392 Kilo: Mike, sending you 1
2024-10-15 04:27:45.848019 Alpha: Mike, sending you 1
2024-10-15 04:27:45.849591 Whiskey: Hotel, sending you 1
2024-10-15 04:27:45.851062 Echo: Alpha and India, sending you 2
2024-10-15 04:27:45.851972 Mike: India, sending you 4
2024-10-15 04:27:45.853252 Hotel: Mike and Whiskey, sending you 1
2024-10-15 04:27:45.854073 Zulu: India and Mike, sending you 3
2024-10-15 04:27:45.855709 India: Zulu and Echo, sending you 3
2024-10-15 04:27:45.857284 Whiskey: Echo, sending you 3
2024-10-15 04:27:45.858726 Echo: Hotel, sending you 4
2024-10-15 04:27:45.863316 Zulu: Whiskey and Echo, sending you 1
2024-10-15 04:27:45.865453 India: Whiskey, sending you 1
2024-10-15 04:27:45.867929 Echo: Mike, sending you 1
2024-10-15 04:27:45.898115 Echo: Whiskey, sending you 3
chatterbot Hotel submitting transactions
chatterbot Echo submitting transactions
chatterbot X-ray submitting transactions
chatterbot Alpha submitting transactions
chatterbot Romeo submitting transactions
chatterbot Mike submitting transactions
chatterbot Whiskey submitting transactions
chatterbot Kilo submitting transactions
chatterbot India submitting transactions
chatterbot Zulu submitting transactions
ChatterBot Alpha round 6
ChatterBot X-ray round 6
ChatterBot Hotel round 6
ChatterBot Romeo round 6
ChatterBot Kilo round 6
ChatterBot Zulu round 6
ChatterBot India round 6
ChatterBot Mike round 6
ChatterBot Whiskey round 6
ChatterBot Echo round 6
2024-10-15 04:27:46.868300 X-ray: Romeo, sending you 8
2024-10-15 04:27:46.872669 X-ray: Kilo, sending you 4
2024-10-15 04:27:46.874312 Alpha: Hotel, Zulu, Whiskey and Echo, sending you 2
2024-10-15 04:27:46.877354 Hotel: Alpha, sending you 3
2024-10-15 04:27:46.878351 Mike: Alpha, Hotel and Echo, sending you 1
2024-10-15 04:27:46.880285 Alpha: India, sending you 4
2024-10-15 04:27:46.881576 Romeo: X-ray, sending you 6
2024-10-15 04:27:46.882323 Hotel: Zulu and Echo, sending you 5
2024-10-15 04:27:46.883847 Mike: Zulu, sending you 3
2024-10-15 04:27:46.884189 Kilo: X-ray and Romeo, sending you 4
2024-10-15 04:27:46.884466 Alpha: Mike, sending you 1
2024-10-15 04:27:46.885713 Romeo: Kilo, sending you 4
2024-10-15 04:27:46.886671 Echo: Alpha and India, sending you 2
2024-10-15 04:27:46.887365 India: Alpha, Hotel and Mike, sending you 4
2024-10-15 04:27:46.888035 Mike: India, sending you 4
2024-10-15 04:27:46.888425 Hotel: India, sending you 4
2024-10-15 04:27:46.889730 Zulu: Alpha, India and Mike, sending you 3
2024-10-15 04:27:46.890457 Whiskey: Alpha, sending you 2
2024-10-15 04:27:46.891010 Kilo: Mike, sending you 1
2024-10-15 04:27:46.891315 Romeo: Whiskey, sending you 2
2024-10-15 04:27:46.891535 India: Zulu and Echo, sending you 3
2024-10-15 04:27:46.892913 Echo: Hotel, sending you 4
2024-10-15 04:27:46.893692 Hotel: Mike and Whiskey, sending you 1
2024-10-15 04:27:46.894666 Whiskey: Hotel, Zulu and India, sending you 1
2024-10-15 04:27:46.896531 Zulu: Hotel, sending you 5
2024-10-15 04:27:46.897292 India: Whiskey, sending you 2
2024-10-15 04:27:46.898413 Echo: Mike, sending you 1
2024-10-15 04:27:46.900137 Whiskey: Echo, sending you 3
2024-10-15 04:27:46.901239 Zulu: Whiskey and Echo, sending you 1
2024-10-15 04:27:46.903704 Echo: Whiskey, sending you 3
chatterbot Alpha submitting transactions
chatterbot X-ray submitting transactions
chatterbot Romeo submitting transactions
chatterbot Whiskey submitting transactions
chatterbot India submitting transactions
chatterbot Echo submitting transactions
chatterbot Mike submitting transactions
chatterbot Zulu submitting transactions
chatterbot Hotel submitting transactions
chatterbot Kilo submitting transactions
ChatterBot Alpha round 7
ChatterBot X-ray round 7
ChatterBot Hotel round 7
ChatterBot Romeo round 7
ChatterBot Kilo round 7
ChatterBot Zulu round 7
ChatterBot India round 7
ChatterBot Mike round 7
ChatterBot Whiskey round 7
ChatterBot Echo round 7
2024-10-15 04:27:48.088843 Zulu: Alpha, India and Mike, sending you 3
2024-10-15 04:27:48.093679 Kilo: X-ray and Romeo, sending you 4
2024-10-15 04:27:48.094934 Zulu: Hotel, sending you 5
2024-10-15 04:27:48.096205 X-ray: Romeo, sending you 7
2024-10-15 04:27:48.096552 Alpha: Hotel, Zulu, Whiskey and Echo, sending you 2
2024-10-15 04:27:48.098726 Hotel: Alpha, sending you 3
2024-10-15 04:27:48.100812 Romeo: X-ray, sending you 7
2024-10-15 04:27:48.101143 Zulu: Whiskey and Echo, sending you 1
2024-10-15 04:27:48.102413 X-ray: Kilo, sending you 5
2024-10-15 04:27:48.102900 Kilo: Mike, sending you 1
2024-10-15 04:27:48.104051 Whiskey: Alpha, sending you 2
2024-10-15 04:27:48.105184 Mike: Alpha, Hotel and Echo, sending you 1
2024-10-15 04:27:48.106337 Alpha: India, sending you 4
2024-10-15 04:27:48.107361 Hotel: Zulu, sending you 6
2024-10-15 04:27:48.109207 Romeo: Kilo, sending you 5
2024-10-15 04:27:48.109717 Whiskey: Hotel, Zulu and India, sending you 1
2024-10-15 04:27:48.110914 India: Alpha, Hotel and Mike, sending you 4
2024-10-15 04:27:48.113124 Mike: Zulu, sending you 3
2024-10-15 04:27:48.113877 Alpha: Mike, sending you 1
2024-10-15 04:27:48.115508 Hotel: India, sending you 4
2024-10-15 04:27:48.116473 Echo: Alpha and India, sending you 2
2024-10-15 04:27:48.118253 Whiskey: Echo, sending you 3
2024-10-15 04:27:48.119350 India: Zulu and Echo, sending you 3
2024-10-15 04:27:48.120807 Mike: India, sending you 4
2024-10-15 04:27:48.121385 Hotel: Mike and Whiskey, sending you 1
2024-10-15 04:27:48.122906 Echo: Hotel, sending you 4
2024-10-15 04:27:48.124694 India: Whiskey, sending you 2
2024-10-15 04:27:48.126704 Hotel: Echo, sending you 5
2024-10-15 04:27:48.128333 Echo: Mike, sending you 1
2024-10-15 04:27:48.133680 Echo: Whiskey, sending you 3
chatterbot Zulu submitting transactions
chatterbot Whiskey submitting transactions
chatterbot X-ray submitting transactions
chatterbot Romeo submitting transactions
chatterbot India submitting transactions
chatterbot Kilo submitting transactions
chatterbot Echo submitting transactions
chatterbot Alpha submitting transactions
chatterbot Hotel submitting transactions
chatterbot Mike submitting transactions
ChatterBot Alpha round 8
ChatterBot X-ray round 8
ChatterBot Hotel round 8
ChatterBot Romeo round 8
ChatterBot Kilo round 8
ChatterBot Zulu round 8
ChatterBot India round 8
ChatterBot Mike round 8
ChatterBot Whiskey round 8
ChatterBot Echo round 8
2024-10-15 04:27:49.338312 Hotel: Alpha, sending you 3
2024-10-15 04:27:49.340948 Kilo: X-ray and Romeo, sending you 4
2024-10-15 04:27:49.341552 Echo: Alpha and India, sending you 2
2024-10-15 04:27:49.344576 Zulu: Alpha, sending you 2
2024-10-15 04:27:49.347260 Romeo: X-ray, sending you 7
2024-10-15 04:27:49.347913 Alpha: Hotel, Zulu, Whiskey and Echo, sending you 2
2024-10-15 04:27:49.350412 Mike: Alpha, Hotel and Echo, sending you 1
2024-10-15 04:27:49.352481 X-ray: Romeo, sending you 8
2024-10-15 04:27:49.354021 Hotel: Zulu, sending you 6
2024-10-15 04:27:49.356623 Kilo: Mike, sending you 1
2024-10-15 04:27:49.357424 Echo: Hotel, sending you 4
2024-10-15 04:27:49.359843 Zulu: Hotel, sending you 6
2024-10-15 04:27:49.363708 Romeo: Kilo, sending you 5
2024-10-15 04:27:49.364352 Alpha: India, sending you 4
2024-10-15 04:27:49.367396 Mike: Zulu, sending you 3
2024-10-15 04:27:49.368920 X-ray: Kilo, sending you 4
2024-10-15 04:27:49.370475 India: Alpha, Hotel and Mike, sending you 4
2024-10-15 04:27:49.373069 Whiskey: Alpha and India, sending you 2
2024-10-15 04:27:49.375703 Hotel: India, sending you 4
2024-10-15 04:27:49.378433 Echo: Mike, sending you 1
2024-10-15 04:27:49.380574 Zulu: India and Mike, sending you 3
2024-10-15 04:27:49.382479 Alpha: Mike, sending you 1
2024-10-15 04:27:49.384633 Mike: India, sending you 4
2024-10-15 04:27:49.386135 India: Zulu and Echo, sending you 3
2024-10-15 04:27:49.388207 Whiskey: Hotel, sending you 1
2024-10-15 04:27:49.390139 Hotel: Mike and Whiskey, sending you 1
2024-10-15 04:27:49.392374 Echo: Whiskey, sending you 3
2024-10-15 04:27:49.394992 Zulu: Whiskey and Echo, sending you 1
2024-10-15 04:27:49.398309 India: Whiskey, sending you 2
2024-10-15 04:27:49.401064 Whiskey: Echo, sending you 3
2024-10-15 04:27:49.403389 Hotel: Echo, sending you 5
chatterbot Whiskey submitting transactions
chatterbot Echo submitting transactions
chatterbot Romeo submitting transactions
chatterbot India submitting transactions
chatterbot Zulu submitting transactions
chatterbot X-ray submitting transactions
chatterbot Mike submitting transactions
chatterbot Hotel submitting transactions
chatterbot Kilo submitting transactions
chatterbot Alpha submitting transactions
ChatterBot Alpha round 9
ChatterBot X-ray round 9
ChatterBot Hotel round 9
ChatterBot Romeo round 9
ChatterBot Kilo round 9
ChatterBot Zulu round 9
ChatterBot India round 9
ChatterBot Mike round 9
ChatterBot Whiskey round 9
ChatterBot Echo round 9
2024-10-15 04:27:50.551655 Whiskey: Alpha and India, sending you 2
2024-10-15 04:27:50.554650 Whiskey: Hotel, sending you 1
2024-10-15 04:27:50.555674 Alpha: Hotel, Zulu, Whiskey and Echo, sending you 2
2024-10-15 04:27:50.558684 Mike: Alpha, Hotel and Echo, sending you 1
2024-10-15 04:27:50.559274 Echo: Alpha and India, sending you 2
2024-10-15 04:27:50.560362 Whiskey: Echo, sending you 3
2024-10-15 04:27:50.561444 X-ray: Romeo, sending you 8
2024-10-15 04:27:50.562382 Alpha: India, sending you 4
2024-10-15 04:27:50.563670 Hotel: Alpha, sending you 3
2024-10-15 04:27:50.564536 Kilo: X-ray and Romeo, sending you 4
2024-10-15 04:27:50.564986 Mike: Zulu, sending you 3
2024-10-15 04:27:50.566053 India: Alpha, Hotel and Mike, sending you 4
2024-10-15 04:27:50.566976 Echo: Hotel, sending you 4
2024-10-15 04:27:50.567857 Zulu: Alpha, India and Mike, sending you 3
2024-10-15 04:27:50.569235 X-ray: Kilo, sending you 4
2024-10-15 04:27:50.569585 Alpha: Mike, sending you 1
2024-10-15 04:27:50.570484 Hotel: Zulu, sending you 6
2024-10-15 04:27:50.571311 Kilo: Mike, sending you 1
2024-10-15 04:27:50.572188 Romeo: X-ray, sending you 7
2024-10-15 04:27:50.572524 Mike: India, sending you 4
2024-10-15 04:27:50.572973 Echo: Mike, sending you 1
2024-10-15 04:27:50.573948 India: Zulu and Echo, sending you 3
2024-10-15 04:27:50.575226 Zulu: Hotel, sending you 6
2024-10-15 04:27:50.576111 Romeo: Kilo, sending you 5
2024-10-15 04:27:50.576447 Hotel: India, sending you 4
2024-10-15 04:27:50.577440 Echo: Whiskey, sending you 3
2024-10-15 04:27:50.579147 India: Whiskey, sending you 2
2024-10-15 04:27:50.580955 Zulu: Whiskey, sending you 1
2024-10-15 04:27:50.582161 Hotel: Mike and Whiskey, sending you 1
2024-10-15 04:27:50.588683 Hotel: Echo, sending you 5
chatterbot Alpha submitting transactions
chatterbot India submitting transactions
chatterbot Kilo submitting transactions
chatterbot Mike submitting transactions
chatterbot Zulu submitting transactions
chatterbot Whiskey submitting transactions
chatterbot X-ray submitting transactions
chatterbot Romeo submitting transactions
chatterbot Echo submitting transactions
chatterbot Hotel submitting transactions
ChatterBot Alpha round 10
ChatterBot X-ray round 10
ChatterBot Hotel round 10
ChatterBot Romeo round 10
ChatterBot Kilo round 10
ChatterBot Zulu round 10
ChatterBot India round 10
ChatterBot Mike round 10
ChatterBot Whiskey round 10
ChatterBot Echo round 10
2024-10-15 04:27:51.808628 Kilo: We should replace Mike with Alpha
2024-10-15 04:27:51.814714 X-ray: No
2024-10-15 04:27:51.814897 Romeo: No
ChatterBot Kilo reevaluating
ChatterBot Kilo reevaluating
2024-10-15 04:27:51.852661 X-ray: Romeo, sending you 8
2024-10-15 04:27:51.854665 Alpha: Hotel, Zulu, Whiskey and Echo, sending you 2
2024-10-15 04:27:51.856688 X-ray: Kilo, sending you 4
2024-10-15 04:27:51.858675 Alpha: India, sending you 4
2024-10-15 04:27:51.861690 India: Alpha, Hotel and Mike, sending you 4
2024-10-15 04:27:51.862859 Zulu: Alpha, India and Mike, sending you 3
2024-10-15 04:27:51.864818 Romeo: X-ray, sending you 7
2024-10-15 04:27:51.865187 Alpha: Mike, sending you 1
2024-10-15 04:27:51.866369 India: Zulu and Echo, sending you 3
2024-10-15 04:27:51.867469 Mike: Alpha, Hotel and Echo, sending you 1
2024-10-15 04:27:51.868775 Zulu: Hotel, sending you 6
2024-10-15 04:27:51.869786 Romeo: Kilo, sending you 5
2024-10-15 04:27:51.870079 Hotel: Alpha, sending you 3
2024-10-15 04:27:51.871699 India: Whiskey, sending you 2
2024-10-15 04:27:51.872680 Mike: Zulu, sending you 3
2024-10-15 04:27:51.873665 Echo: Alpha and India, sending you 2
2024-10-15 04:27:51.875228 Hotel: Zulu, sending you 6
2024-10-15 04:27:51.876114 Zulu: Whiskey, sending you 1
2024-10-15 04:27:51.876955 Whiskey: Alpha and India, sending you 2
2024-10-15 04:27:51.878649 Kilo: X-ray, sending you 4
2024-10-15 04:27:51.878993 Mike: India, sending you 4
2024-10-15 04:27:51.879466 Echo: Hotel, sending you 4
2024-10-15 04:27:51.880664 Hotel: India, sending you 4
2024-10-15 04:27:51.882219 Whiskey: Hotel, sending you 1
2024-10-15 04:27:51.883662 Kilo: Romeo, sending you 5
2024-10-15 04:27:51.884669 Echo: Mike, sending you 1
2024-10-15 04:27:51.886663 Hotel: Mike and Whiskey, sending you 1
2024-10-15 04:27:51.887687 Whiskey: Echo, sending you 3
2024-10-15 04:27:51.889654 Echo: Whiskey, sending you 3
2024-10-15 04:27:51.891341 Hotel: Echo, sending you 5
chatterbot Alpha submitting transactions
chatterbot Mike submitting transactions
chatterbot Romeo submitting transactions
chatterbot X-ray submitting transactions
chatterbot Kilo submitting transactions
chatterbot Whiskey submitting transactions
chatterbot Hotel submitting transactions
chatterbot India submitting transactions
chatterbot Zulu submitting transactions
chatterbot Echo submitting transactions
ChatterBot Alpha round 11
ChatterBot X-ray round 11
ChatterBot Hotel round 11
ChatterBot Romeo round 11
ChatterBot Kilo round 11
ChatterBot Zulu round 11
ChatterBot India round 11
ChatterBot Mike round 11
ChatterBot Whiskey round 11
ChatterBot Echo round 11
2024-10-15 04:27:53.245693 Hotel: Alpha, sending you 3
2024-10-15 04:27:53.249627 Whiskey: Alpha and India, sending you 2
2024-10-15 04:27:53.253660 Hotel: Zulu, sending you 6
2024-10-15 04:27:53.256329 Whiskey: Hotel, sending you 1
2024-10-15 04:27:53.260215 Echo: Alpha and India, sending you 2
2024-10-15 04:27:53.264762 X-ray: Romeo, sending you 8
2024-10-15 04:27:53.265607 Kilo: X-ray, sending you 4
2024-10-15 04:27:53.267097 Hotel: India, sending you 4
2024-10-15 04:27:53.270741 Zulu: Alpha, India and Mike, sending you 3
2024-10-15 04:27:53.273328 Whiskey: Echo, sending you 3
2024-10-15 04:27:53.277064 X-ray: Kilo, sending you 4
2024-10-15 04:27:53.277758 Mike: Alpha, Hotel and Echo, sending you 1
2024-10-15 04:27:53.281211 Romeo: X-ray, sending you 7
2024-10-15 04:27:53.281931 Echo: Hotel, sending you 4
2024-10-15 04:27:53.285825 Alpha: Hotel, Zulu, Whiskey and Echo, sending you 2
2024-10-15 04:27:53.289328 Kilo: Romeo, sending you 5
2024-10-15 04:27:53.290279 India: Alpha, Hotel and Mike, sending you 4
2024-10-15 04:27:53.294127 Hotel: Mike and Whiskey, sending you 1
2024-10-15 04:27:53.296730 Zulu: Hotel, sending you 6
2024-10-15 04:27:53.300743 Mike: Zulu, sending you 3
2024-10-15 04:27:53.303325 Romeo: Kilo, sending you 5
2024-10-15 04:27:53.304024 Echo: Mike, sending you 1
2024-10-15 04:27:53.308145 Alpha: India, sending you 4
2024-10-15 04:27:53.311306 India: Zulu and Echo, sending you 3
2024-10-15 04:27:53.314734 Hotel: Echo, sending you 5
2024-10-15 04:27:53.318182 Zulu: Whiskey, sending you 1
2024-10-15 04:27:53.321915 Mike: India, sending you 4
2024-10-15 04:27:53.323824 Echo: Whiskey, sending you 3
2024-10-15 04:27:53.327464 Alpha: Mike, sending you 1
2024-10-15 04:27:53.331495 India: Whiskey, sending you 2
chatterbot Mike submitting transactions
chatterbot X-ray submitting transactions
chatterbot Kilo submitting transactions
chatterbot India submitting transactions
chatterbot Alpha submitting transactions
chatterbot Hotel submitting transactions
chatterbot Whiskey submitting transactions
chatterbot Zulu submitting transactions
chatterbot Echo submitting transactions
chatterbot Romeo submitting transactions
ChatterBot Alpha round 12
ChatterBot X-ray round 12
ChatterBot Hotel round 12
ChatterBot Romeo round 12
ChatterBot Kilo round 12
ChatterBot Zulu round 12
ChatterBot India round 12
ChatterBot Mike round 12
ChatterBot Whiskey round 12
ChatterBot Echo round 12
2024-10-15 04:27:54.627681 Kilo: We should replace Mike with Hotel
2024-10-15 04:27:54.636720 X-ray: No
2024-10-15 04:27:54.636948 Romeo: No
ChatterBot Kilo reevaluating
ChatterBot Kilo reevaluating
2024-10-15 04:27:54.671668 Hotel: Alpha, sending you 3
2024-10-15 04:27:54.674689 Echo: Alpha, sending you 2
2024-10-15 04:27:54.677052 Hotel: Zulu, sending you 6
2024-10-15 04:27:54.678594 Alpha: Hotel, Zulu, Whiskey and Echo, sending you 2
2024-10-15 04:27:54.680412 Romeo: X-ray, sending you 7
2024-10-15 04:27:54.680922 X-ray: Romeo, sending you 8
2024-10-15 04:27:54.681812 Echo: Hotel, sending you 4
2024-10-15 04:27:54.683481 India: Alpha, Hotel and Mike, sending you 4
2024-10-15 04:27:54.685461 Whiskey: Alpha and India, sending you 2
2024-10-15 04:27:54.686621 Hotel: India, sending you 4
2024-10-15 04:27:54.688626 Mike: Alpha, Hotel and Echo, sending you 1
