ChatterBot Juliett round 1
ChatterBot India round 1
ChatterBot Charlie round 1
ChatterBot Kilo round 1
ChatterBot Delta round 1
ChatterBot Mike round 1
ChatterBot Golf round 1
ChatterBot X-ray round 1
ChatterBot Bravo round 1
ChatterBot Alpha round 1
randomSelections Charlie: {Charlie, Juliett} 
2024-10-15 04:27:36.922269 Charlie: Friends?
ChatterBot Juliett reevaluating
2024-10-15 04:27:36.928285 Juliett: Yes
randomSelections Delta: {Delta, India, Juliett, Kilo, Bravo, Charlie, Golf, Mike} 
2024-10-15 04:27:36.935225 Delta: Group up?
ChatterBot India reevaluating
ChatterBot Juliett reevaluating
ChatterBot Kilo reevaluating
ChatterBot Bravo reevaluating
ChatterBot Golf reevaluating
ChatterBot Mike reevaluating
2024-10-15 04:27:36.958832 India: Yes
2024-10-15 04:27:36.959093 Juliett: No
2024-10-15 04:27:36.959342 Kilo: Yes
2024-10-15 04:27:36.959528 Bravo: Yes
2024-10-15 04:27:36.960290 Charlie: No
2024-10-15 04:27:36.960460 Golf: Yes
2024-10-15 04:27:36.960593 Mike: Yes
ChatterBot Juliett reevaluating
ChatterBot Kilo reevaluating
ChatterBot Bravo reevaluating
ChatterBot Golf reevaluating
ChatterBot Mike reevaluating
ChatterBot India reevaluating
ChatterBot Kilo reevaluating
ChatterBot Bravo reevaluating
ChatterBot Golf reevaluating
ChatterBot Mike reevaluating
ChatterBot India reevaluating
ChatterBot Juliett reevaluating
ChatterBot Bravo reevaluating
ChatterBot Golf reevaluating
ChatterBot Mike reevaluating
ChatterBot India reevaluating
ChatterBot Juliett reevaluating
ChatterBot Kilo reevaluating
ChatterBot Golf reevaluating
ChatterBot Mike reevaluating
ChatterBot India reevaluating
ChatterBot Juliett reevaluating
ChatterBot Kilo reevaluating
ChatterBot Bravo reevaluating
ChatterBot Golf reevaluating
ChatterBot Mike reevaluating
ChatterBot India reevaluating
ChatterBot Juliett reevaluating
ChatterBot Kilo reevaluating
ChatterBot Bravo reevaluating
ChatterBot Mike reevaluating
ChatterBot India reevaluating
ChatterBot Juliett reevaluating
ChatterBot Kilo reevaluating
ChatterBot Bravo reevaluating
ChatterBot Golf reevaluating
randomSelections Alpha: {Alpha, Mike, Kilo, Bravo, Golf, X-ray} 
2024-10-15 04:27:37.080904 Alpha: Let's form a team
ChatterBot Mike reevaluating
ChatterBot Kilo reevaluating
ChatterBot Bravo reevaluating
ChatterBot Golf reevaluating
ChatterBot X-ray reevaluating
2024-10-15 04:27:37.089410 Mike: No
2024-10-15 04:27:37.089580 Kilo: No
2024-10-15 04:27:37.089728 Bravo: No
2024-10-15 04:27:37.089865 Golf: No
2024-10-15 04:27:37.090063 X-ray: Yes
ChatterBot Kilo reevaluating
ChatterBot Bravo reevaluating
ChatterBot Golf reevaluating
ChatterBot X-ray reevaluating
ChatterBot Mike reevaluating
ChatterBot Bravo reevaluating
ChatterBot Golf reevaluating
ChatterBot X-ray reevaluating
ChatterBot Mike reevaluating
ChatterBot Kilo reevaluating
ChatterBot Golf reevaluating
ChatterBot X-ray reevaluating
ChatterBot Mike reevaluating
ChatterBot Kilo reevaluating
ChatterBot Bravo reevaluating
ChatterBot X-ray reevaluating
ChatterBot Mike reevaluating
ChatterBot Kilo reevaluating
ChatterBot Bravo reevaluating
ChatterBot Golf reevaluating
2024-10-15 04:27:37.169747 Bravo: Juliett, Delta and Mike, sending you 1
2024-10-15 04:27:37.170267 Mike: India, Charlie, Delta and Bravo, sending you 2
2024-10-15 04:27:37.174482 Delta: Juliett, sending you 4
2024-10-15 04:27:37.175697 Kilo: Juliett, Charlie, Delta and Golf, sending you 3
2024-10-15 04:27:37.176119 Charlie: Sending you 15
2024-10-15 04:27:37.176388 Golf: Juliett, sending you 4
2024-10-15 04:27:37.176766 X-ray: Kilo, sending you 3
2024-10-15 04:27:37.178792 Bravo: India, sending you 4
2024-10-15 04:27:37.179261 Juliett: Sending you 8
2024-10-15 04:27:37.179578 Mike: Golf, sending you 1
2024-10-15 04:27:37.179985 India: Juliett and Golf, sending you 3
2024-10-15 04:27:37.182150 Delta: India, Kilo and Mike, sending you 3
2024-10-15 04:27:37.187198 Golf: Charlie, Kilo and Mike, sending you 2
2024-10-15 04:27:37.187816 Kilo: India and Mike, sending you 2
2024-10-15 04:27:37.188306 X-ray: Mike, sending you 5
2024-10-15 04:27:37.191105 Bravo: Charlie, sending you 5
2024-10-15 04:27:37.191684 India: Kilo and Bravo, sending you 1
2024-10-15 04:27:37.192246 Delta: Charlie and Golf, sending you 1
2024-10-15 04:27:37.194936 Golf: Bravo, sending you 3
2024-10-15 04:27:37.199758 X-ray: Golf, Bravo and Alpha, sending you 4
2024-10-15 04:27:37.200217 India: Delta and Mike, sending you 4
2024-10-15 04:27:37.200757 Bravo: Kilo, sending you 3
2024-10-15 04:27:37.203210 Delta: Bravo, sending you 2
2024-10-15 04:27:37.228424 Bravo: Golf, sending you 2
chatterbot Juliett submitting transactions
chatterbot Golf submitting transactions
chatterbot X-ray submitting transactions
chatterbot Delta submitting transactions
chatterbot Charlie submitting transactions
chatterbot Bravo submitting transactions
chatterbot Kilo submitting transactions
chatterbot Alpha submitting transactions
chatterbot India submitting transactions
chatterbot Mike submitting transactions
ChatterBot Juliett round 2
ChatterBot India round 2
2024-10-15 04:27:38.190495 Juliett: We should group up
ChatterBot Charlie reevaluating
ChatterBot India reevaluating
ChatterBot Kilo reevaluating
ChatterBot Delta reevaluating
ChatterBot Mike reevaluating
ChatterBot Golf reevaluating
ChatterBot X-ray reevaluating
ChatterBot Bravo reevaluating
2024-10-15 04:27:38.251795 Charlie: No
2024-10-15 04:27:38.251946 India: No
2024-10-15 04:27:38.252079 Kilo: No
2024-10-15 04:27:38.252179 Delta: No
2024-10-15 04:27:38.252821 Mike: No
2024-10-15 04:27:38.252924 Golf: No
2024-10-15 04:27:38.253017 X-ray: No
2024-10-15 04:27:38.253110 Bravo: No
ChatterBot India reevaluating
ChatterBot Kilo reevaluating
ChatterBot Delta reevaluating
ChatterBot Mike reevaluating
ChatterBot Golf reevaluating
ChatterBot X-ray reevaluating
ChatterBot Bravo reevaluating
ChatterBot Charlie reevaluating
ChatterBot Kilo reevaluating
ChatterBot Delta reevaluating
ChatterBot Mike reevaluating
ChatterBot Golf reevaluating
ChatterBot X-ray reevaluating
ChatterBot Bravo reevaluating
ChatterBot Charlie reevaluating
ChatterBot India reevaluating
ChatterBot Delta reevaluating
ChatterBot Mike reevaluating
ChatterBot Golf reevaluating
ChatterBot X-ray reevaluating
ChatterBot Bravo reevaluating
ChatterBot Charlie reevaluating
ChatterBot India reevaluating
ChatterBot Kilo reevaluating
ChatterBot Mike reevaluating
ChatterBot Golf reevaluating
ChatterBot X-ray reevaluating
ChatterBot Bravo reevaluating
ChatterBot Charlie reevaluating
ChatterBot India reevaluating
ChatterBot Kilo reevaluating
ChatterBot Delta reevaluating
ChatterBot Golf reevaluating
ChatterBot X-ray reevaluating
ChatterBot Bravo reevaluating
ChatterBot Charlie reevaluating
ChatterBot India reevaluating
ChatterBot Kilo reevaluating
ChatterBot Delta reevaluating
ChatterBot Mike reevaluating
ChatterBot X-ray reevaluating
ChatterBot Bravo reevaluating
ChatterBot Charlie reevaluating
ChatterBot India reevaluating
ChatterBot Kilo reevaluating
ChatterBot Delta reevaluating
ChatterBot Mike reevaluating
ChatterBot Golf reevaluating
ChatterBot Bravo reevaluating
ChatterBot Charlie reevaluating
ChatterBot India reevaluating
ChatterBot Kilo reevaluating
ChatterBot Delta reevaluating
ChatterBot Mike reevaluating
ChatterBot Golf reevaluating
ChatterBot X-ray reevaluating
ChatterBot Charlie round 2
ChatterBot Kilo round 2
ChatterBot Delta round 2
ChatterBot Mike round 2
ChatterBot Golf round 2
ChatterBot X-ray round 2
ChatterBot Bravo round 2
ChatterBot Alpha round 2
2024-10-15 04:27:39.470460 Kilo: We should replace Charlie with X-ray
ChatterBot Delta reevaluating
ChatterBot Mike reevaluating
ChatterBot Golf reevaluating
ChatterBot Bravo reevaluating
2024-10-15 04:27:39.510662 India: Yes
2024-10-15 04:27:39.510919 Delta: Yes
2024-10-15 04:27:39.511089 Mike: Yes
2024-10-15 04:27:39.511254 Golf: Yes
2024-10-15 04:27:39.511428 Bravo: Yes
2024-10-15 04:27:39.511587 Juliett: No
ChatterBot Delta reevaluating
ChatterBot Mike reevaluating
ChatterBot Golf reevaluating
ChatterBot Bravo reevaluating
ChatterBot Mike reevaluating
ChatterBot Golf reevaluating
ChatterBot Bravo reevaluating
ChatterBot Delta reevaluating
ChatterBot Golf reevaluating
ChatterBot Bravo reevaluating
ChatterBot Delta reevaluating
ChatterBot Mike reevaluating
ChatterBot Bravo reevaluating
2024-10-15 04:27:39.671656 Delta: Friends?
ChatterBot Delta reevaluating
ChatterBot Mike reevaluating
ChatterBot Golf reevaluating
ChatterBot Delta reevaluating
ChatterBot Mike reevaluating
ChatterBot Golf reevaluating
ChatterBot Bravo reevaluating
ChatterBot X-ray reevaluating
2024-10-15 04:27:39.738416 X-ray: Yes
ChatterBot Mike reevaluating
ChatterBot Golf reevaluating
ChatterBot Bravo reevaluating
2024-10-15 04:27:39.772262 Kilo: Yes
2024-10-15 04:27:39.773025 India: Yes
2024-10-15 04:27:39.773206 Mike: Yes
2024-10-15 04:27:39.773561 Golf: Yes
2024-10-15 04:27:39.774295 Bravo: Yes
ChatterBot Delta reevaluating
ChatterBot Mike reevaluating
ChatterBot Golf reevaluating
ChatterBot Bravo reevaluating
ChatterBot Delta reevaluating
ChatterBot Mike reevaluating
ChatterBot Golf reevaluating
ChatterBot X-ray reevaluating
ChatterBot Bravo reevaluating
ChatterBot Delta reevaluating
ChatterBot Mike reevaluating
ChatterBot Golf reevaluating
ChatterBot X-ray reevaluating
ChatterBot Bravo reevaluating
ChatterBot Delta reevaluating
ChatterBot Golf reevaluating
ChatterBot X-ray reevaluating
ChatterBot Bravo reevaluating
ChatterBot Delta reevaluating
ChatterBot Mike reevaluating
ChatterBot X-ray reevaluating
ChatterBot Bravo reevaluating
ChatterBot Delta reevaluating
ChatterBot Mike reevaluating
ChatterBot Golf reevaluating
ChatterBot X-ray reevaluating
2024-10-15 04:27:40.050645 Alpha: We would work well together
ChatterBot X-ray reevaluating
2024-10-15 04:27:40.058084 X-ray: No
chatterbot Juliett submitting transactions
2024-10-15 04:27:40.089784 Kilo: X-ray we want you to join our group
ChatterBot X-ray reevaluating
2024-10-15 04:27:40.097755 X-ray: No
ChatterBot Delta reevaluating
ChatterBot Mike reevaluating
ChatterBot Golf reevaluating
ChatterBot Bravo reevaluating
2024-10-15 04:27:40.146225 Juliett: India, Kilo, Golf and Bravo, sending you 1
2024-10-15 04:27:40.904760 India: Kilo and Mike, sending you 3
2024-10-15 04:27:40.905771 Juliett: Charlie, sending you 5
chatterbot Charlie submitting transactions
chatterbot India submitting transactions
chatterbot Kilo submitting transactions
2024-10-15 04:27:41.156584 India: Delta, sending you 5
2024-10-15 04:27:41.157573 Charlie: Juliett, sending you 5
2024-10-15 04:27:41.157896 Alpha: Sending you 8
2024-10-15 04:27:41.158085 Juliett: Delta, sending you 2
2024-10-15 04:27:41.158405 Kilo: Juliett and Mike, sending you 1
2024-10-15 04:27:41.250195 India: Golf and X-ray, sending you 1
2024-10-15 04:27:41.251334 Charlie: India and X-ray, sending you 1
2024-10-15 04:27:41.251944 Kilo: India, sending you 2
2024-10-15 04:27:41.252790 Mike: India and X-ray, sending you 3
2024-10-15 04:27:41.253338 Golf: India and Kilo, sending you 3
2024-10-15 04:27:41.253832 X-ray: India and Kilo, sending you 4
2024-10-15 04:27:41.254879 Delta: India, sending you 7
2024-10-15 04:27:41.255339 Bravo: India, sending you 2
chatterbot Golf submitting transactions
chatterbot Bravo submitting transactions
2024-10-15 04:27:41.256565 India: Bravo, sending you 6
2024-10-15 04:27:41.257514 Kilo: Delta, Golf, X-ray and Bravo, sending you 3
2024-10-15 04:27:41.258030 Charlie: Kilo, sending you 3
2024-10-15 04:27:41.258531 Mike: Kilo, Delta, Golf and Bravo, sending you 2
2024-10-15 04:27:41.259525 Golf: Delta, sending you 1
2024-10-15 04:27:41.259986 X-ray: Delta, Mike, Golf and Bravo, sending you 3
2024-10-15 04:27:41.260848 Delta: Kilo, sending you 5
2024-10-15 04:27:41.261217 Bravo: Delta and Mike, sending you 3
2024-10-15 04:27:41.261713 Charlie: Delta, Mike and Golf, sending you 2
2024-10-15 04:27:41.262741 Golf: X-ray, sending you 4
2024-10-15 04:27:41.346700 Bravo: Golf, sending you 4
2024-10-15 04:27:41.347799 Delta: Mike, sending you 3
2024-10-15 04:27:41.348288 Charlie: Bravo, sending you 4
2024-10-15 04:27:41.349367 Golf: Bravo, sending you 2
2024-10-15 04:27:41.408164 Bravo: X-ray, sending you 5
2024-10-15 04:27:41.408638 Delta: Bravo, sending you 2
chatterbot Delta submitting transactions
chatterbot Mike submitting transactions
chatterbot Alpha submitting transactions
chatterbot X-ray submitting transactions
ChatterBot Juliett round 3
ChatterBot India round 3
ChatterBot Charlie round 3
ChatterBot Kilo round 3
ChatterBot Delta round 3
ChatterBot Mike round 3
ChatterBot Golf round 3
ChatterBot X-ray round 3
ChatterBot Bravo round 3
ChatterBot Alpha round 3
2024-10-15 04:27:42.092608 Kilo: We should add Charlie
ChatterBot X-ray reevaluating
2024-10-15 04:27:42.118138 India: No
2024-10-15 04:27:42.118443 Delta: No
2024-10-15 04:27:42.119168 Mike: No
2024-10-15 04:27:42.119310 Golf: No
2024-10-15 04:27:42.119538 X-ray: No
2024-10-15 04:27:42.119730 Bravo: No
2024-10-15 04:27:42.119963 Juliett: Yes
ChatterBot Mike reevaluating
ChatterBot X-ray reevaluating
ChatterBot Kilo reevaluating
ChatterBot India reevaluating
ChatterBot Mike reevaluating
ChatterBot X-ray reevaluating
ChatterBot Kilo reevaluating
ChatterBot India reevaluating
ChatterBot X-ray reevaluating
ChatterBot Kilo reevaluating
ChatterBot India reevaluating
ChatterBot Mike reevaluating
ChatterBot X-ray reevaluating
ChatterBot Kilo reevaluating
ChatterBot India reevaluating
ChatterBot Mike reevaluating
ChatterBot Kilo reevaluating
ChatterBot India reevaluating
ChatterBot Mike reevaluating
ChatterBot X-ray reevaluating
ChatterBot Kilo reevaluating
ChatterBot India reevaluating
ChatterBot Mike reevaluating
ChatterBot X-ray reevaluating
2024-10-15 04:27:42.351642 X-ray: Alpha we want you to join our group
2024-10-15 04:27:42.355919 Alpha: Yes
ChatterBot India reevaluating
ChatterBot Kilo reevaluating
2024-10-15 04:27:42.384035 Kilo: We should replace Juliett with Alpha
ChatterBot India reevaluating
2024-10-15 04:27:42.405659 India: No
2024-10-15 04:27:42.406302 Delta: No
2024-10-15 04:27:42.406477 Mike: Yes
2024-10-15 04:27:42.406633 Golf: No
2024-10-15 04:27:42.406826 X-ray: Yes
2024-10-15 04:27:42.407012 Bravo: No
ChatterBot Kilo reevaluating
ChatterBot India reevaluating
ChatterBot Kilo reevaluating
ChatterBot India reevaluating
ChatterBot Kilo reevaluating
ChatterBot India reevaluating
ChatterBot Kilo reevaluating
ChatterBot India reevaluating
ChatterBot Kilo reevaluating
ChatterBot India reevaluating
ChatterBot Kilo reevaluating
2024-10-15 04:27:42.567012 Mike: Alpha we want you to join our group
2024-10-15 04:27:42.571399 Alpha: Yes
ChatterBot India reevaluating
ChatterBot Kilo reevaluating
chatterbot Bravo submitting transactions
2024-10-15 04:27:42.742291 Charlie: Juliett, sending you 7
2024-10-15 04:27:42.742821 Juliett: India, Delta, Golf and Bravo, sending you 1
2024-10-15 04:27:42.744053 Golf: India and Mike, sending you 2
2024-10-15 04:27:42.744564 Delta: India, sending you 5
2024-10-15 04:27:42.745566 Bravo: India, sending you 4
2024-10-15 04:27:42.745969 Alpha: X-ray, sending you 11
chatterbot Mike submitting transactions
chatterbot Juliett submitting transactions
2024-10-15 04:27:42.747311 Charlie: India and X-ray, sending you 1
2024-10-15 04:27:42.747823 Golf: Kilo, X-ray and Bravo, sending you 3
2024-10-15 04:27:42.748851 Juliett: Charlie, sending you 6
2024-10-15 04:27:42.749255 Delta: Kilo, sending you 4
2024-10-15 04:27:42.750202 Bravo: Kilo and Delta, sending you 2
2024-10-15 04:27:42.750675 Mike: Sending you each 2
2024-10-15 04:27:42.751084 X-ray: India and Delta, sending you 2
2024-10-15 04:27:42.751973 Charlie: Kilo, Delta, Mike and Golf, sending you 2
2024-10-15 04:27:42.752378 Juliett: Kilo, sending you 2
2024-10-15 04:27:42.833770 Delta: Mike and Bravo, sending you 3
2024-10-15 04:27:42.835173 Bravo: Mike, Golf and X-ray, sending you 3
2024-10-15 04:27:42.835831 X-ray: Kilo, Mike, Golf and Bravo, sending you 3
2024-10-15 04:27:42.837144 Charlie: Bravo, sending you 3
2024-10-15 04:27:42.838415 Kilo: India, Mike and Bravo, sending you 2
2024-10-15 04:27:42.926274 Delta: X-ray, sending you 2
2024-10-15 04:27:42.927450 X-ray: Alpha, sending you 4
2024-10-15 04:27:42.928002 India: Kilo and Mike, sending you 3
2024-10-15 04:27:42.933632 Kilo: Delta, sending you 4
2024-10-15 04:27:42.934386 India: Delta, sending you 6
2024-10-15 04:27:43.066457 India: Golf and X-ray, sending you 2
2024-10-15 04:27:43.068136 Kilo: Golf and X-ray, sending you 3
chatterbot Delta submitting transactions
chatterbot Alpha submitting transactions
chatterbot Golf submitting transactions
2024-10-15 04:27:43.090394 India: Bravo, sending you 4
chatterbot Charlie submitting transactions
chatterbot X-ray submitting transactions
chatterbot Kilo submitting transactions
chatterbot India submitting transactions
ChatterBot Juliett round 4
ChatterBot India round 4
ChatterBot Charlie round 4
ChatterBot Kilo round 4
ChatterBot Delta round 4
ChatterBot Mike round 4
ChatterBot Golf round 4
ChatterBot X-ray round 4
ChatterBot Bravo round 4
ChatterBot Alpha round 4
2024-10-15 04:27:43.751318 Kilo: Juliett, sending you 1
2024-10-15 04:27:43.751863 Charlie: Juliett, sending you 9
2024-10-15 04:27:43.753230 X-ray: India, Kilo, Mike, Golf and Bravo, sending you 3
2024-10-15 04:27:43.753660 Mike: Same as last round
2024-10-15 04:27:43.754250 Alpha: Mike, sending you 4
2024-10-15 04:27:43.755228 India: Kilo and Mike, sending you 3
2024-10-15 04:27:43.755742 Delta: India, sending you 6
2024-10-15 04:27:43.756767 Juliett: India, Kilo, Delta, Golf and Bravo, sending you 1
2024-10-15 04:27:43.757398 Golf: India and Mike, sending you 2
2024-10-15 04:27:43.758478 Kilo: India, Mike and Bravo, sending you 2
2024-10-15 04:27:43.758875 Charlie: Kilo, Delta, Mike and Golf, sending you 2
2024-10-15 04:27:43.759587 X-ray: Delta, sending you 1
2024-10-15 04:27:43.760704 Alpha: X-ray, sending you 13
2024-10-15 04:27:43.761160 Delta: Kilo, sending you 4
2024-10-15 04:27:43.761606 India: Delta, sending you 5
2024-10-15 04:27:43.762571 Juliett: Charlie, sending you 6
2024-10-15 04:27:43.762999 Golf: Kilo, X-ray and Bravo, sending you 3
2024-10-15 04:27:43.764426 Kilo: Delta, Golf and X-ray, sending you 3
2024-10-15 04:27:43.764936 Charlie: Bravo, sending you 3
2024-10-15 04:27:43.765469 X-ray: Alpha, sending you 4
2024-10-15 04:27:43.766550 Delta: Mike, X-ray and Bravo, sending you 2
2024-10-15 04:27:43.767052 India: Golf and X-ray, sending you 2
2024-10-15 04:27:43.768124 Bravo: India, sending you 4
2024-10-15 04:27:43.785257 India: Bravo, sending you 4
2024-10-15 04:27:43.786363 Delta: Golf, sending you 1
2024-10-15 04:27:43.786992 Bravo: Kilo and Mike, sending you 2
2024-10-15 04:27:43.795353 India: Alpha, sending you 1
2024-10-15 04:27:43.796566 Bravo: Delta, Golf and X-ray, sending you 3
chatterbot Kilo submitting transactions
chatterbot X-ray submitting transactions
chatterbot Alpha submitting transactions
chatterbot India submitting transactions
chatterbot Golf submitting transactions
chatterbot Bravo submitting transactions
chatterbot Juliett submitting transactions
chatterbot Charlie submitting transactions
chatterbot Delta submitting transactions
chatterbot Mike submitting transactions
ChatterBot Juliett round 5
ChatterBot India round 5
ChatterBot Charlie round 5
ChatterBot Kilo round 5
ChatterBot Delta round 5
ChatterBot Mike round 5
ChatterBot Golf round 5
2024-10-15 04:27:44.913311 Charlie: We should add Alpha
ChatterBot Juliett reevaluating
ChatterBot Kilo reevaluating
2024-10-15 04:27:44.954431 Juliett: Yes
2024-10-15 04:27:44.954719 India: Yes
2024-10-15 04:27:44.954895 Kilo: Yes
2024-10-15 04:27:44.955083 Delta: No
2024-10-15 04:27:44.955259 Mike: Yes
2024-10-15 04:27:44.955925 Golf: Yes
2024-10-15 04:27:44.956104 X-ray: Yes
2024-10-15 04:27:44.956280 Bravo: No
ChatterBot Kilo reevaluating
ChatterBot Juliett reevaluating
ChatterBot Kilo reevaluating
ChatterBot Juliett reevaluating
ChatterBot Juliett reevaluating
ChatterBot Kilo reevaluating
ChatterBot Juliett reevaluating
ChatterBot Kilo reevaluating
ChatterBot Juliett reevaluating
ChatterBot Kilo reevaluating
ChatterBot Delta reevaluating
ChatterBot Juliett reevaluating
ChatterBot Kilo reevaluating
ChatterBot Delta reevaluating
ChatterBot Juliett reevaluating
ChatterBot Kilo reevaluating
ChatterBot Delta reevaluating
ChatterBot X-ray round 5
ChatterBot Bravo round 5
ChatterBot Alpha round 5
2024-10-15 04:27:45.327424 Charlie: Alpha we want you to join our group
ChatterBot Alpha reevaluating
2024-10-15 04:27:45.336287 Alpha: No
ChatterBot Juliett reevaluating
ChatterBot Kilo reevaluating
ChatterBot Delta reevaluating
ChatterBot Bravo reevaluating
2024-10-15 04:27:45.548149 Kilo: Alpha we want you to join our group
2024-10-15 04:27:45.554397 Alpha: No
ChatterBot Kilo reevaluating
ChatterBot Delta reevaluating
ChatterBot Bravo reevaluating
ChatterBot Juliett reevaluating
2024-10-15 04:27:45.582540 Kilo: We should replace Juliett with Alpha
ChatterBot Delta reevaluating
ChatterBot Bravo reevaluating
2024-10-15 04:27:45.603651 India: Yes
2024-10-15 04:27:45.604108 Delta: Yes
2024-10-15 04:27:45.604324 Mike: Yes
2024-10-15 04:27:45.605116 Golf: Yes
2024-10-15 04:27:45.605353 X-ray: Yes
2024-10-15 04:27:45.605571 Bravo: Yes
ChatterBot Kilo reevaluating
ChatterBot Delta reevaluating
ChatterBot Bravo reevaluating
ChatterBot Kilo reevaluating
ChatterBot Bravo reevaluating
ChatterBot Kilo reevaluating
ChatterBot Delta reevaluating
ChatterBot Bravo reevaluating
ChatterBot Kilo reevaluating
ChatterBot Delta reevaluating
ChatterBot Bravo reevaluating
ChatterBot Kilo reevaluating
ChatterBot Delta reevaluating
ChatterBot Bravo reevaluating
ChatterBot Kilo reevaluating
ChatterBot Delta reevaluating
chatterbot Charlie submitting transactions
2024-10-15 04:27:45.741346 India: Kilo and Golf, sending you 2
2024-10-15 04:27:45.743100 Golf: India and Mike, sending you 2
2024-10-15 04:27:45.744537 Charlie: Juliett, sending you 9
2024-10-15 04:27:45.746296 Mike: Same as last round
2024-10-15 04:27:45.748574 India: Delta, sending you 5
2024-10-15 04:27:45.750507 Golf: Kilo, X-ray and Bravo, sending you 3
2024-10-15 04:27:45.752112 Charlie: Kilo, Delta, Mike, Golf and Bravo, sending you 2
2024-10-15 04:27:45.753118 Juliett: Charlie, sending you 10
2024-10-15 04:27:45.754341 X-ray: India, Kilo, Mike, Golf and Bravo, sending you 3
2024-10-15 04:27:45.756056 India: Mike and X-ray, sending you 3
2024-10-15 04:27:45.756978 Alpha: India, sending you 1
2024-10-15 04:27:45.763846 Charlie: Alpha, sending you 1
2024-10-15 04:27:45.765668 Juliett: Alpha, sending you 2
2024-10-15 04:27:45.766353 X-ray: Delta, sending you 1
2024-10-15 04:27:45.768193 India: Bravo, sending you 4
2024-10-15 04:27:45.769746 Delta: India, sending you 6
2024-10-15 04:27:45.771705 Alpha: Mike, sending you 5
chatterbot Mike submitting transactions
2024-10-15 04:27:45.774052 X-ray: Alpha, sending you 4
2024-10-15 04:27:45.775832 India: Alpha, sending you 1
2024-10-15 04:27:45.777974 Delta: Kilo, sending you 4
2024-10-15 04:27:45.779708 Alpha: X-ray, sending you 11
2024-10-15 04:27:45.781849 Bravo: India, sending you 5
2024-10-15 04:27:45.783870 Kilo: Juliett and Alpha, sending you 1
2024-10-15 04:27:45.790942 Delta: Mike and X-ray, sending you 2
2024-10-15 04:27:45.792940 Bravo: Kilo, Delta and Mike, sending you 2
2024-10-15 04:27:45.794672 Kilo: India, Mike, Golf and Bravo, sending you 2
2024-10-15 04:27:45.808108 Delta: Bravo, sending you 3
2024-10-15 04:27:45.809934 Bravo: Golf and X-ray, sending you 3
2024-10-15 04:27:45.811768 Kilo: Delta and X-ray, sending you 3
chatterbot Kilo submitting transactions
chatterbot Bravo submitting transactions
chatterbot X-ray submitting transactions
chatterbot Delta submitting transactions
chatterbot Alpha submitting transactions
chatterbot India submitting transactions
chatterbot Juliett submitting transactions
chatterbot Golf submitting transactions
ChatterBot Juliett round 6
ChatterBot India round 6
ChatterBot Charlie round 6
ChatterBot Kilo round 6
ChatterBot Delta round 6
ChatterBot Mike round 6
ChatterBot Golf round 6
ChatterBot X-ray round 6
ChatterBot Bravo round 6
ChatterBot Alpha round 6
2024-10-15 04:27:46.618765 Kilo: We should drop Juliett
2024-10-15 04:27:46.645584 Mike: Yes
2024-10-15 04:27:46.645857 India: Yes
2024-10-15 04:27:46.646077 Delta: Yes
2024-10-15 04:27:46.646277 Golf: Yes
2024-10-15 04:27:46.646421 X-ray: Yes
2024-10-15 04:27:46.646552 Bravo: Yes
2024-10-15 04:27:46.646689 Alpha: Yes
2024-10-15 04:27:46.797699 Juliett: India, Delta, Mike, Golf and Bravo, sending you 1
2024-10-15 04:27:46.798694 Mike: Same as last round
2024-10-15 04:27:46.800225 Golf: India and Mike, sending you 2
2024-10-15 04:27:46.800928 Delta: India, sending you 6
2024-10-15 04:27:46.801536 India: Kilo and Golf, sending you 2
2024-10-15 04:27:46.803713 Juliett: Charlie, sending you 8
2024-10-15 04:27:46.804806 Golf: Kilo, X-ray and Bravo, sending you 3
2024-10-15 04:27:46.806533 Delta: Kilo, sending you 4
2024-10-15 04:27:46.807826 India: Delta, sending you 5
2024-10-15 04:27:46.809706 Bravo: India, sending you 4
2024-10-15 04:27:46.810640 Juliett: Kilo, sending you 2
2024-10-15 04:27:46.811705 Delta: Mike and Bravo, sending you 3
2024-10-15 04:27:46.813141 India: Mike and X-ray, sending you 3
2024-10-15 04:27:46.814004 Bravo: Kilo and Mike, sending you 2
2024-10-15 04:27:46.814732 Charlie: Juliett, sending you 10
2024-10-15 04:27:46.816250 Alpha: India, sending you 2
2024-10-15 04:27:46.816935 Kilo: India, Mike and Bravo, sending you 2
2024-10-15 04:27:46.817632 Delta: X-ray, sending you 1
2024-10-15 04:27:46.818846 India: Bravo, sending you 4
2024-10-15 04:27:46.819422 X-ray: India, Kilo, Mike, Golf and Bravo, sending you 3
2024-10-15 04:27:46.819949 Bravo: Delta, Golf and X-ray, sending you 3
2024-10-15 04:27:46.820493 Charlie: Kilo, Delta, Mike, Golf and Bravo, sending you 2
2024-10-15 04:27:46.821534 Alpha: Kilo, sending you 1
2024-10-15 04:27:46.822050 Kilo: Delta, Golf and X-ray, sending you 3
2024-10-15 04:27:46.822845 India: Alpha, sending you 1
2024-10-15 04:27:46.823963 X-ray: Delta, sending you 1
2024-10-15 04:27:46.825653 Alpha: Mike, sending you 4
2024-10-15 04:27:46.826785 Kilo: Alpha, sending you 1
2024-10-15 04:27:46.827312 X-ray: Alpha, sending you 4
2024-10-15 04:27:46.830183 Alpha: X-ray, sending you 10
chatterbot Alpha submitting transactions
chatterbot India submitting transactions
chatterbot X-ray submitting transactions
chatterbot Juliett submitting transactions
chatterbot Bravo submitting transactions
chatterbot Delta submitting transactions
chatterbot Mike submitting transactions
chatterbot Golf submitting transactions
chatterbot Kilo submitting transactions
chatterbot Charlie submitting transactions
ChatterBot Juliett round 7
ChatterBot India round 7
ChatterBot Charlie round 7
ChatterBot Kilo round 7
ChatterBot Delta round 7
ChatterBot Mike round 7
ChatterBot Golf round 7
ChatterBot X-ray round 7
ChatterBot Bravo round 7
ChatterBot Alpha round 7
2024-10-15 04:27:47.870621 India: Kilo, Mike and Golf, sending you 2
2024-10-15 04:27:47.892165 Juliett: Charlie, sending you 10
2024-10-15 04:27:47.892656 India: Delta, sending you 6
2024-10-15 04:27:47.894627 X-ray: India, Kilo, Mike, Golf and Bravo, sending you 3
2024-10-15 04:27:47.896472 Golf: India and Mike, sending you 2
2024-10-15 04:27:47.898087 Mike: Same as last round
2024-10-15 04:27:47.899195 Alpha: India, sending you 2
2024-10-15 04:27:47.901116 India: X-ray, sending you 3
2024-10-15 04:27:47.902738 Juliett: Alpha, sending you 2
2024-10-15 04:27:47.903149 X-ray: Delta, sending you 1
2024-10-15 04:27:47.904913 Golf: Kilo, X-ray and Bravo, sending you 3
2024-10-15 04:27:47.906700 Charlie: Juliett, sending you 10
2024-10-15 04:27:47.907784 Bravo: India, sending you 4
2024-10-15 04:27:47.908540 Delta: India, sending you 6
2024-10-15 04:27:47.910097 Kilo: India, Mike and Bravo, sending you 2
2024-10-15 04:27:47.911485 Alpha: Kilo, sending you 1
2024-10-15 04:27:47.912321 India: Bravo, sending you 4
2024-10-15 04:27:47.914147 X-ray: Alpha, sending you 4
2024-10-15 04:27:47.917274 Charlie: Kilo, Delta, Mike, Golf and Bravo, sending you 2
2024-10-15 04:27:47.919303 Bravo: Kilo and Mike, sending you 2
2024-10-15 04:27:47.921479 Delta: Kilo, sending you 4
2024-10-15 04:27:47.923586 Kilo: Delta, Golf and X-ray, sending you 3
2024-10-15 04:27:47.925172 Alpha: Mike, sending you 4
2024-10-15 04:27:47.925940 India: Alpha, sending you 1
2024-10-15 04:27:47.927797 Bravo: Delta, Golf and X-ray, sending you 3
2024-10-15 04:27:47.929155 Delta: Mike and Bravo, sending you 3
2024-10-15 04:27:47.930502 Kilo: Alpha, sending you 1
2024-10-15 04:27:47.931179 Alpha: X-ray, sending you 10
2024-10-15 04:27:47.934719 Delta: X-ray, sending you 1
chatterbot Bravo submitting transactions
chatterbot X-ray submitting transactions
chatterbot Delta submitting transactions
chatterbot Mike submitting transactions
chatterbot Juliett submitting transactions
chatterbot Alpha submitting transactions
chatterbot India submitting transactions
chatterbot Charlie submitting transactions
chatterbot Golf submitting transactions
chatterbot Kilo submitting transactions
ChatterBot Juliett round 8
ChatterBot India round 8
ChatterBot Charlie round 8
ChatterBot Kilo round 8
ChatterBot Delta round 8
ChatterBot Mike round 8
ChatterBot Golf round 8
ChatterBot X-ray round 8
ChatterBot Bravo round 8
ChatterBot Alpha round 8
2024-10-15 04:27:49.159912 Mike: Same as last round
2024-10-15 04:27:49.162137 Delta: India, sending you 6
2024-10-15 04:27:49.163529 India: Kilo, Mike and Golf, sending you 2
2024-10-15 04:27:49.164883 Charlie: Juliett, sending you 11
2024-10-15 04:27:49.166084 Juliett: India, Kilo, Delta, Golf, X-ray and Bravo, sending you 1
2024-10-15 04:27:49.166686 Bravo: India, sending you 4
2024-10-15 04:27:49.168057 Delta: Kilo, sending you 4
2024-10-15 04:27:49.168787 India: Delta, sending you 6
2024-10-15 04:27:49.170712 Charlie: Kilo, Mike, Golf and Bravo, sending you 2
2024-10-15 04:27:49.172154 Juliett: Charlie, sending you 9
2024-10-15 04:27:49.172914 X-ray: India, Kilo, Mike, Golf and Bravo, sending you 3
2024-10-15 04:27:49.175443 Bravo: Kilo and Mike, sending you 2
2024-10-15 04:27:49.176666 Delta: Mike and Bravo, sending you 3
2024-10-15 04:27:49.178406 Kilo: India, Mike and Bravo, sending you 2
2024-10-15 04:27:49.179980 Golf: India and Mike, sending you 2
2024-10-15 04:27:49.182009 Alpha: India and Kilo, sending you 2
2024-10-15 04:27:49.183965 India: X-ray, sending you 3
2024-10-15 04:27:49.185712 Charlie: Delta, sending you 1
2024-10-15 04:27:49.186917 X-ray: Delta, sending you 1
2024-10-15 04:27:49.189073 Bravo: Delta, Golf and X-ray, sending you 3
2024-10-15 04:27:49.191206 Delta: X-ray, sending you 1
2024-10-15 04:27:49.194282 Kilo: Delta, Golf and X-ray, sending you 3
2024-10-15 04:27:49.196832 Golf: Kilo, X-ray and Bravo, sending you 3
2024-10-15 04:27:49.198657 Alpha: Mike, sending you 4
2024-10-15 04:27:49.200040 India: Bravo, sending you 4
2024-10-15 04:27:49.201610 X-ray: Alpha, sending you 4
2024-10-15 04:27:49.202543 Kilo: Alpha, sending you 1
2024-10-15 04:27:49.391463 Alpha: X-ray, sending you 9
2024-10-15 04:27:49.394641 India: Alpha, sending you 1
chatterbot Bravo submitting transactions
chatterbot Golf submitting transactions
chatterbot Charlie submitting transactions
chatterbot Mike submitting transactions
chatterbot Juliett submitting transactions
chatterbot Alpha submitting transactions
chatterbot India submitting transactions
chatterbot Kilo submitting transactions
chatterbot X-ray submitting transactions
chatterbot Delta submitting transactions
ChatterBot Juliett round 9
ChatterBot India round 9
ChatterBot Charlie round 9
ChatterBot Kilo round 9
ChatterBot Delta round 9
ChatterBot Mike round 9
ChatterBot Golf round 9
ChatterBot X-ray round 9
ChatterBot Bravo round 9
ChatterBot Alpha round 9
2024-10-15 04:27:50.299684 India: Kilo, Mike and Golf, sending you 2
2024-10-15 04:27:50.305052 India: Delta, sending you 6
2024-10-15 04:27:50.306328 Charlie: Juliett, sending you 11
2024-10-15 04:27:50.307861 Kilo: India, Mike and Bravo, sending you 2
2024-10-15 04:27:50.309438 Golf: India and Mike, sending you 2
2024-10-15 04:27:50.311460 Mike: Same as last round
2024-10-15 04:27:50.312689 India: X-ray, sending you 3
2024-10-15 04:27:50.315223 Charlie: Kilo, Mike, Golf and Bravo, sending you 2
2024-10-15 04:27:50.316851 Juliett: Charlie, sending you 10
2024-10-15 04:27:50.317281 X-ray: India, Kilo, Mike, Golf and Bravo, sending you 3
2024-10-15 04:27:50.319621 Kilo: Delta, Golf and X-ray, sending you 3
2024-10-15 04:27:50.321122 Bravo: India, sending you 4
2024-10-15 04:27:50.323642 Golf: Kilo, X-ray and Bravo, sending you 3
2024-10-15 04:27:50.326762 Delta: India, sending you 6
2024-10-15 04:27:50.329082 India: Bravo, sending you 4
2024-10-15 04:27:50.331042 Charlie: Delta, sending you 1
2024-10-15 04:27:50.332134 Juliett: Alpha, sending you 2
2024-10-15 04:27:50.333461 X-ray: Delta, sending you 1
2024-10-15 04:27:50.334763 Kilo: Alpha, sending you 1
2024-10-15 04:27:50.336699 Bravo: Kilo and Mike, sending you 2
2024-10-15 04:27:50.338932 Delta: Kilo, sending you 4
2024-10-15 04:27:50.340345 India: Alpha, sending you 1
2024-10-15 04:27:50.342548 X-ray: Alpha, sending you 4
2024-10-15 04:27:50.345173 Alpha: India and Kilo, sending you 2
2024-10-15 04:27:50.347217 Bravo: Delta, Golf and X-ray, sending you 3
2024-10-15 04:27:50.349076 Delta: Mike and Bravo, sending you 3
2024-10-15 04:27:50.351917 Alpha: Mike, sending you 4
2024-10-15 04:27:50.354665 Delta: X-ray, sending you 1
2024-10-15 04:27:50.357239 Alpha: X-ray, sending you 9
chatterbot X-ray submitting transactions
chatterbot Charlie submitting transactions
chatterbot Kilo submitting transactions
chatterbot Alpha submitting transactions
chatterbot Delta submitting transactions
chatterbot Bravo submitting transactions
chatterbot India submitting transactions
chatterbot Mike submitting transactions
chatterbot Golf submitting transactions
chatterbot Juliett submitting transactions
ChatterBot Juliett round 10
ChatterBot India round 10
ChatterBot Charlie round 10
ChatterBot Kilo round 10
ChatterBot Delta round 10
ChatterBot Mike round 10
ChatterBot Golf round 10
ChatterBot X-ray round 10
ChatterBot Bravo round 10
ChatterBot Alpha round 10
2024-10-15 04:27:51.507685 India: Kilo, Mike and Golf, sending you 2
2024-10-15 04:27:51.511656 Charlie: Juliett, sending you 11
2024-10-15 04:27:51.512438 Kilo: India, Mike and Bravo, sending you 2
2024-10-15 04:27:51.513444 Alpha: India and Kilo, sending you 2
2024-10-15 04:27:51.514372 India: Delta, sending you 6
2024-10-15 04:27:51.515251 X-ray: India, Kilo, Mike, Golf, Bravo and Alpha, sending you 3
2024-10-15 04:27:51.516679 Charlie: Kilo, Mike, Golf and Bravo, sending you 2
2024-10-15 04:27:51.517471 Alpha: Mike, sending you 4
2024-10-15 04:27:51.518557 Kilo: Delta, Golf and X-ray, sending you 3
2024-10-15 04:27:51.519436 India: X-ray, sending you 3
2024-10-15 04:27:51.520302 Bravo: India, sending you 4
2024-10-15 04:27:51.521747 Golf: India and Mike, sending you 2
2024-10-15 04:27:51.522792 Charlie: Delta, sending you 1
2024-10-15 04:27:51.523461 X-ray: Delta, sending you 2
2024-10-15 04:27:51.524470 Juliett: India, Kilo, Delta, Golf, X-ray and Bravo, sending you 1
2024-10-15 04:27:51.525095 Mike: Same as last round
2024-10-15 04:27:51.526382 Delta: India, sending you 7
2024-10-15 04:27:51.527235 Alpha: X-ray, sending you 9
2024-10-15 04:27:51.528120 Kilo: Alpha, sending you 1
2024-10-15 04:27:51.529075 India: Bravo, sending you 4
2024-10-15 04:27:51.530661 Bravo: Kilo and Mike, sending you 2
2024-10-15 04:27:51.531634 Golf: Kilo, X-ray and Bravo, sending you 3
2024-10-15 04:27:51.532584 Juliett: Charlie, sending you 9
2024-10-15 04:27:51.533219 Delta: Kilo, sending you 4
2024-10-15 04:27:51.534668 Bravo: Delta, Golf and X-ray, sending you 3
2024-10-15 04:27:51.536038 India: Alpha, sending you 1
2024-10-15 04:27:51.537412 Delta: Mike, sending you 2
2024-10-15 04:27:51.543681 Delta: X-ray, sending you 1
2024-10-15 04:27:51.549684 Delta: Bravo, sending you 3
chatterbot Juliett submitting transactions
chatterbot Golf submitting transactions
chatterbot Mike submitting transactions
chatterbot Bravo submitting transactions
chatterbot India submitting transactions
chatterbot X-ray submitting transactions
chatterbot Delta submitting transactions
chatterbot Charlie submitting transactions
chatterbot Alpha submitting transactions
chatterbot Kilo submitting transactions
ChatterBot Juliett round 11
ChatterBot India round 11
ChatterBot Charlie round 11
ChatterBot Kilo round 11
ChatterBot Delta round 11
ChatterBot Mike round 11
ChatterBot Golf round 11
ChatterBot X-ray round 11
ChatterBot Bravo round 11
ChatterBot Alpha round 11
2024-10-15 04:27:52.622685 India: Kilo, Mike and Golf, sending you 2
2024-10-15 04:27:52.627001 Kilo: India, Mike and Bravo, sending you 2
2024-10-15 04:27:52.628957 Charlie: Juliett, sending you 11
2024-10-15 04:27:52.630854 India: Delta, sending you 6
2024-10-15 04:27:52.633044 Delta: India, sending you 7
2024-10-15 04:27:52.634835 Mike: Same as last round
2024-10-15 04:27:52.637170 Golf: India and Mike, sending you 2
2024-10-15 04:27:52.639756 X-ray: India, Kilo, Mike, Golf, Bravo and Alpha, sending you 3
2024-10-15 04:27:52.642092 Kilo: Delta, Golf and X-ray, sending you 3
2024-10-15 04:27:52.644250 Juliett: India, Kilo, Delta, Golf and Bravo, sending you 1
2024-10-15 04:27:52.646137 Charlie: Kilo, Mike, Golf and Bravo, sending you 2
2024-10-15 04:27:52.647122 India: X-ray, sending you 3
2024-10-15 04:27:52.649271 Delta: Kilo and Bravo, sending you 3
2024-10-15 04:27:52.651015 Golf: Kilo, X-ray and Bravo, sending you 3
2024-10-15 04:27:52.652934 X-ray: Delta, sending you 2
2024-10-15 04:27:52.654885 Bravo: India, sending you 4
2024-10-15 04:27:52.656524 Kilo: Alpha, sending you 1
2024-10-15 04:27:52.658398 Alpha: India and Kilo, sending you 2
2024-10-15 04:27:52.660513 Juliett: Charlie, sending you 10
2024-10-15 04:27:52.662028 Charlie: Delta, sending you 1
2024-10-15 04:27:52.662930 India: Bravo, sending you 4
2024-10-15 04:27:52.665146 Delta: Mike and X-ray, sending you 2
2024-10-15 04:27:52.667380 Bravo: Kilo and Mike, sending you 2
2024-10-15 04:27:52.669090 Alpha: Mike, sending you 4
2024-10-15 04:27:52.671127 India: Alpha, sending you 1
2024-10-15 04:27:52.673677 Bravo: Delta, Golf and X-ray, sending you 3
2024-10-15 04:27:52.675581 Alpha: X-ray, sending you 9
chatterbot Kilo submitting transactions
chatterbot Delta submitting transactions
chatterbot India submitting transactions
chatterbot Golf submitting transactions
chatterbot X-ray submitting transactions
chatterbot Bravo submitting transactions
chatterbot Charlie submitting transactions
chatterbot Juliett submitting transactions
chatterbot Mike submitting transactions
chatterbot Alpha submitting transactions
ChatterBot Juliett round 12
ChatterBot India round 12
ChatterBot Charlie round 12
ChatterBot Kilo round 12
ChatterBot Delta round 12
ChatterBot Mike round 12
ChatterBot Golf round 12
ChatterBot X-ray round 12
ChatterBot Bravo round 12
ChatterBot Alpha round 12
2024-10-15 04:27:53.983706 Bravo: India, sending you 4
2024-10-15 04:27:53.986350 Charlie: Juliett, sending you 11
2024-10-15 04:27:53.989621 Kilo: India, Mike and Bravo, sending you 2
2024-10-15 04:27:53.993302 Alpha: India and Kilo, sending you 2
2024-10-15 04:27:53.996602 Bravo: Kilo and Mike, sending you 2
2024-10-15 04:27:54.000555 Juliett: India, Kilo, Delta, Golf and Bravo, sending you 1
2024-10-15 04:27:54.003923 Charlie: Kilo, Mike, Golf and Bravo, sending you 2
2024-10-15 04:27:54.006887 Delta: India, sending you 7
2024-10-15 04:27:54.009136 Kilo: Delta, Golf and X-ray, sending you 3
2024-10-15 04:27:54.011531 Golf: India and Mike, sending you 2
2024-10-15 04:27:54.014799 Alpha: Mike, sending you 5
2024-10-15 04:27:54.017700 Mike: Same as last round
2024-10-15 04:27:54.020457 Bravo: Delta, Golf and X-ray, sending you 3
