ChatterBot Sierra round 1
ChatterBot Uniform round 1
ChatterBot Juliett round 1
ChatterBot X-ray round 1
ChatterBot India round 1
ChatterBot Quebec round 1
ChatterBot Mike round 1
ChatterBot Alpha round 1
ChatterBot Oscar round 1
ChatterBot Hotel round 1
randomSelections Uniform: {Uniform, Alpha, India, Sierra, X-ray, Juliett} 
2024-10-15 04:27:37.261832 Uniform: Let's form a team
ChatterBot Alpha reevaluating
ChatterBot India reevaluating
ChatterBot Sierra reevaluating
ChatterBot X-ray reevaluating
ChatterBot Juliett reevaluating
2024-10-15 04:27:37.293235 Alpha: Yes
2024-10-15 04:27:37.293409 India: Yes
2024-10-15 04:27:37.293861 Sierra: Yes
2024-10-15 04:27:37.294132 X-ray: Yes
2024-10-15 04:27:37.294489 Juliett: Yes
ChatterBot India reevaluating
ChatterBot Sierra reevaluating
ChatterBot X-ray reevaluating
ChatterBot Juliett reevaluating
ChatterBot Alpha reevaluating
ChatterBot Sierra reevaluating
ChatterBot X-ray reevaluating
ChatterBot Juliett reevaluating
ChatterBot Alpha reevaluating
ChatterBot India reevaluating
ChatterBot X-ray reevaluating
ChatterBot Juliett reevaluating
ChatterBot Alpha reevaluating
ChatterBot India reevaluating
ChatterBot Sierra reevaluating
ChatterBot Juliett reevaluating
ChatterBot Alpha reevaluating
ChatterBot India reevaluating
ChatterBot Sierra reevaluating
ChatterBot X-ray reevaluating
randomSelections Quebec: {Quebec, India, Uniform, Juliett, Alpha, Oscar, Sierra, X-ray} 
2024-10-15 04:27:37.343335 Quebec: Can we be friends?
ChatterBot India reevaluating
ChatterBot Juliett reevaluating
ChatterBot Alpha reevaluating
ChatterBot Oscar reevaluating
ChatterBot Sierra reevaluating
ChatterBot X-ray reevaluating
2024-10-15 04:27:37.355094 India: No
2024-10-15 04:27:37.355594 Uniform: No
2024-10-15 04:27:37.355906 Juliett: No
2024-10-15 04:27:37.356855 Alpha: No
2024-10-15 04:27:37.357114 Oscar: Yes
2024-10-15 04:27:37.357314 Sierra: No
2024-10-15 04:27:37.357575 X-ray: No
ChatterBot Juliett reevaluating
ChatterBot Alpha reevaluating
ChatterBot Oscar reevaluating
ChatterBot Sierra reevaluating
ChatterBot X-ray reevaluating
ChatterBot India reevaluating
ChatterBot Juliett reevaluating
ChatterBot Alpha reevaluating
ChatterBot Oscar reevaluating
ChatterBot Sierra reevaluating
ChatterBot X-ray reevaluating
ChatterBot India reevaluating
ChatterBot Alpha reevaluating
ChatterBot Oscar reevaluating
ChatterBot Sierra reevaluating
ChatterBot X-ray reevaluating
ChatterBot India reevaluating
ChatterBot Juliett reevaluating
ChatterBot Oscar reevaluating
ChatterBot Sierra reevaluating
ChatterBot X-ray reevaluating
ChatterBot India reevaluating
ChatterBot Juliett reevaluating
ChatterBot Alpha reevaluating
ChatterBot Sierra reevaluating
ChatterBot X-ray reevaluating
ChatterBot India reevaluating
ChatterBot Juliett reevaluating
ChatterBot Alpha reevaluating
ChatterBot Oscar reevaluating
ChatterBot X-ray reevaluating
ChatterBot India reevaluating
ChatterBot Juliett reevaluating
ChatterBot Alpha reevaluating
ChatterBot Oscar reevaluating
ChatterBot Sierra reevaluating
randomSelections Mike: {Mike, Uniform, Alpha, Hotel} 
2024-10-15 04:27:37.506885 Mike: We should group up
ChatterBot Alpha reevaluating
ChatterBot Hotel reevaluating
2024-10-15 04:27:37.516548 Uniform: No
2024-10-15 04:27:37.516724 Alpha: No
2024-10-15 04:27:37.516918 Hotel: Yes
ChatterBot Alpha reevaluating
ChatterBot Hotel reevaluating
ChatterBot Hotel reevaluating
ChatterBot Alpha reevaluating
2024-10-15 04:27:37.561765 Uniform: Juliett and Alpha, sending you 1
2024-10-15 04:27:37.563246 Sierra: Juliett, sending you 5
2024-10-15 04:27:37.564610 Mike: Uniform, sending you 7
2024-10-15 04:27:37.565198 India: Sierra, sending you 5
2024-10-15 04:27:37.566474 Juliett: Sierra, sending you 3
2024-10-15 04:27:37.567873 X-ray: Sierra, India and Alpha, sending you 4
2024-10-15 04:27:37.568593 Alpha: Sierra, sending you 4
2024-10-15 04:27:37.569696 Oscar: Sierra, sending you 2
2024-10-15 04:27:37.570536 Quebec: Sierra, sending you 3
2024-10-15 04:27:37.572056 Hotel: Uniform, sending you 5
2024-10-15 04:27:37.572750 Uniform: X-ray and India, sending you 3
2024-10-15 04:27:37.574211 Sierra: X-ray, sending you 3
2024-10-15 04:27:37.575796 Mike: Alpha, sending you 4
2024-10-15 04:27:37.577122 India: Uniform, sending you 1
2024-10-15 04:27:37.577836 Juliett: Uniform, X-ray and Alpha, sending you 2
2024-10-15 04:27:37.579244 X-ray: Uniform, sending you 1
2024-10-15 04:27:37.579971 Oscar: Uniform and Quebec, sending you 1
2024-10-15 04:27:37.581220 Alpha: Uniform and X-ray, sending you 1
2024-10-15 04:27:37.582814 Quebec: Uniform, India and Alpha, sending you 2
2024-10-15 04:27:37.583513 Hotel: Mike and Alpha, sending you 7
2024-10-15 04:27:37.585129 Sierra: India, sending you 1
2024-10-15 04:27:37.586025 Mike: Hotel, sending you 6
2024-10-15 04:27:37.587559 India: Juliett and X-ray, sending you 3
2024-10-15 04:27:37.588518 Juliett: India, sending you 4
2024-10-15 04:27:37.590288 X-ray: Juliett, sending you 2
2024-10-15 04:27:37.592011 Oscar: Juliett and India, sending you 3
2024-10-15 04:27:37.593386 Quebec: Juliett and X-ray, sending you 1
2024-10-15 04:27:37.595651 Alpha: India, sending you 2
2024-10-15 04:27:37.597257 India: Alpha, sending you 2
2024-10-15 04:27:37.599250 Oscar: X-ray, sending you 5
2024-10-15 04:27:37.612808 Oscar: Alpha, sending you 4
chatterbot India submitting transactions
chatterbot Uniform submitting transactions
chatterbot Mike submitting transactions
chatterbot X-ray submitting transactions
chatterbot Juliett submitting transactions
chatterbot Sierra submitting transactions
chatterbot Hotel submitting transactions
chatterbot Quebec submitting transactions
chatterbot Alpha submitting transactions
chatterbot Oscar submitting transactions
ChatterBot Sierra round 2
ChatterBot Uniform round 2
ChatterBot Juliett round 2
ChatterBot X-ray round 2
ChatterBot India round 2
ChatterBot Quebec round 2
ChatterBot Mike round 2
ChatterBot Alpha round 2
ChatterBot Oscar round 2
ChatterBot Hotel round 2
2024-10-15 04:27:39.862481 Uniform: We should group up
ChatterBot Mike reevaluating
ChatterBot Hotel reevaluating
ChatterBot Quebec reevaluating
2024-10-15 04:27:39.874288 Mike: Yes
2024-10-15 04:27:39.874476 Hotel: Yes
2024-10-15 04:27:39.874599 Quebec: No
ChatterBot Hotel reevaluating
ChatterBot Quebec reevaluating
ChatterBot Mike reevaluating
ChatterBot Quebec reevaluating
ChatterBot Uniform reevaluating
ChatterBot Mike reevaluating
ChatterBot Hotel reevaluating
2024-10-15 04:27:39.914061 Sierra: Friends?
ChatterBot Juliett reevaluating
ChatterBot X-ray reevaluating
ChatterBot India reevaluating
ChatterBot Alpha reevaluating
ChatterBot Oscar reevaluating
ChatterBot Quebec reevaluating
2024-10-15 04:27:39.937009 Juliett: Yes
2024-10-15 04:27:39.937214 X-ray: No
2024-10-15 04:27:39.937363 India: No
2024-10-15 04:27:39.937488 Alpha: Yes
2024-10-15 04:27:39.937604 Oscar: Yes
2024-10-15 04:27:39.937761 Quebec: Yes
ChatterBot X-ray reevaluating
ChatterBot India reevaluating
ChatterBot Alpha reevaluating
ChatterBot Oscar reevaluating
ChatterBot Quebec reevaluating
ChatterBot Juliett reevaluating
ChatterBot India reevaluating
ChatterBot Alpha reevaluating
ChatterBot Oscar reevaluating
ChatterBot Quebec reevaluating
ChatterBot Juliett reevaluating
ChatterBot X-ray reevaluating
ChatterBot Alpha reevaluating
ChatterBot Oscar reevaluating
ChatterBot Quebec reevaluating
ChatterBot Juliett reevaluating
ChatterBot X-ray reevaluating
ChatterBot India reevaluating
ChatterBot Oscar reevaluating
ChatterBot Quebec reevaluating
ChatterBot Juliett reevaluating
ChatterBot X-ray reevaluating
ChatterBot India reevaluating
ChatterBot Alpha reevaluating
ChatterBot Quebec reevaluating
ChatterBot Juliett reevaluating
ChatterBot X-ray reevaluating
ChatterBot India reevaluating
ChatterBot Alpha reevaluating
ChatterBot Oscar reevaluating
2024-10-15 04:27:40.182387 India: We should add Oscar
ChatterBot Uniform reevaluating
ChatterBot Alpha reevaluating
ChatterBot X-ray reevaluating
ChatterBot Juliett reevaluating
2024-10-15 04:27:40.216307 Uniform: No
2024-10-15 04:27:40.217024 Alpha: Yes
2024-10-15 04:27:40.217181 Sierra: Yes
2024-10-15 04:27:40.217318 X-ray: Yes
2024-10-15 04:27:40.217445 Juliett: Yes
ChatterBot Alpha reevaluating
ChatterBot India reevaluating
ChatterBot X-ray reevaluating
ChatterBot Juliett reevaluating
ChatterBot Uniform reevaluating
ChatterBot India reevaluating
ChatterBot X-ray reevaluating
ChatterBot Juliett reevaluating
ChatterBot Uniform reevaluating
ChatterBot Alpha reevaluating
ChatterBot India reevaluating
ChatterBot X-ray reevaluating
ChatterBot Juliett reevaluating
ChatterBot Uniform reevaluating
ChatterBot Alpha reevaluating
ChatterBot India reevaluating
ChatterBot Juliett reevaluating
ChatterBot Uniform reevaluating
ChatterBot Alpha reevaluating
ChatterBot India reevaluating
ChatterBot X-ray reevaluating
2024-10-15 04:27:40.946780 Quebec: We should drop Uniform
2024-10-15 04:27:40.984139 Sierra: Yes
2024-10-15 04:27:40.984398 Juliett: Yes
2024-10-15 04:27:40.985 X-ray: Yes
2024-10-15 04:27:40.985213 India: Yes
2024-10-15 04:27:40.985438 Alpha: Yes
2024-10-15 04:27:40.985676 Oscar: Yes
ChatterBot X-ray reevaluating
ChatterBot X-ray reevaluating
ChatterBot X-ray reevaluating
ChatterBot X-ray reevaluating
ChatterBot X-ray reevaluating
chatterbot Hotel submitting transactions
chatterbot Mike submitting transactions
chatterbot Sierra submitting transactions
chatterbot Quebec submitting transactions
2024-10-15 04:27:41.315627 Hotel: Uniform and Quebec, sending you 1
2024-10-15 04:27:41.315998 India: Sierra, sending you 1
2024-10-15 04:27:41.316450 Alpha: Juliett, India and Quebec, sending you 1
2024-10-15 04:27:41.317436 Mike: Uniform and Alpha, sending you 2
2024-10-15 04:27:41.317845 Uniform: Quebec, sending you 2
2024-10-15 04:27:41.318186 Oscar: Sierra, sending you 4
2024-10-15 04:27:41.318650 Sierra: Juliett, X-ray, Quebec and Alpha, sending you 2
2024-10-15 04:27:41.319964 Juliett: Sierra, sending you 5
chatterbot Juliett submitting transactions
2024-10-15 04:27:41.321296 India: Juliett, X-ray and Oscar, sending you 3
2024-10-15 04:27:41.321762 Hotel: Mike, sending you 12
2024-10-15 04:27:41.322137 Mike: Hotel, sending you 13
2024-10-15 04:27:41.323020 Alpha: X-ray, sending you 3
2024-10-15 04:27:41.323376 Uniform: Mike and Hotel, sending you 3
2024-10-15 04:27:41.323705 Oscar: Juliett, X-ray, India, Quebec and Alpha, sending you 3
2024-10-15 04:27:41.324598 Juliett: X-ray, sending you 2
2024-10-15 04:27:41.324979 Quebec: Oscar, sending you 11
2024-10-15 04:27:41.325436 Sierra: India, sending you 4
2024-10-15 04:27:41.326344 India: Quebec and Alpha, sending you 2
2024-10-15 04:27:41.326950 Alpha: Oscar, sending you 2
2024-10-15 04:27:41.328224 Juliett: India and Oscar, sending you 3
2024-10-15 04:27:41.400925 Sierra: Oscar, sending you 1
chatterbot India submitting transactions
chatterbot Uniform submitting transactions
chatterbot Oscar submitting transactions
chatterbot Alpha submitting transactions
chatterbot X-ray submitting transactions
ChatterBot Sierra round 3
ChatterBot Uniform round 3
ChatterBot Juliett round 3
ChatterBot X-ray round 3
ChatterBot India round 3
ChatterBot Quebec round 3
ChatterBot Mike round 3
ChatterBot Alpha round 3
ChatterBot Oscar round 3
ChatterBot Hotel round 3
2024-10-15 04:27:42.290406 X-ray: We should drop Alpha
2024-10-15 04:27:42.316666 Sierra: No
2024-10-15 04:27:42.316911 Juliett: No
2024-10-15 04:27:42.317572 India: No
2024-10-15 04:27:42.317748 Quebec: No
2024-10-15 04:27:42.317893 Oscar: No
ChatterBot X-ray reevaluating
ChatterBot X-ray reevaluating
ChatterBot X-ray reevaluating
2024-10-15 04:27:42.450572 Mike: We should drop Alpha
2024-10-15 04:27:42.461008 Uniform: Yes
2024-10-15 04:27:42.461237 Hotel: Yes
2024-10-15 04:27:42.568637 Quebec: Sierra and India, sending you 2
2024-10-15 04:27:42.569587 India: Sierra, Juliett and X-ray, sending you 3
2024-10-15 04:27:42.570011 Juliett: Sierra, sending you 4
2024-10-15 04:27:42.571034 Sierra: Juliett, sending you 4
2024-10-15 04:27:42.571372 Alpha: Sierra, Juliett, India and Quebec, sending you 1
2024-10-15 04:27:42.571736 Uniform: Quebec, sending you 2
2024-10-15 04:27:42.572544 Hotel: Uniform, sending you 4
chatterbot India submitting transactions
2024-10-15 04:27:42.572944 Quebec: X-ray and Oscar, sending you 3
2024-10-15 04:27:42.573388 India: Quebec, sending you 1
2024-10-15 04:27:42.727796 Sierra: X-ray, sending you 3
2024-10-15 04:27:42.728802 Juliett: X-ray and India, sending you 3
2024-10-15 04:27:42.729220 Alpha: X-ray and Oscar, sending you 2
2024-10-15 04:27:42.730227 Hotel: Quebec, sending you 1
2024-10-15 04:27:42.730458 Quebec: Alpha, sending you 1
2024-10-15 04:27:42.730856 Uniform: Mike and Hotel, sending you 3
2024-10-15 04:27:42.731604 Mike: Uniform, sending you 5
2024-10-15 04:27:42.731825 India: Alpha and Oscar, sending you 2
2024-10-15 04:27:42.732181 Oscar: Sierra, Juliett, X-ray, India and Alpha, sending you 3
chatterbot Mike submitting transactions
2024-10-15 04:27:42.732661 Sierra: India, Alpha and Oscar, sending you 2
2024-10-15 04:27:42.733520 Juliett: Alpha, sending you 1
chatterbot Oscar submitting transactions
2024-10-15 04:27:42.830179 Hotel: Mike, sending you 11
2024-10-15 04:27:42.831199 Mike: Hotel, sending you 12
2024-10-15 04:27:42.831444 Oscar: Quebec, sending you 4
2024-10-15 04:27:42.831847 Sierra: Quebec, sending you 1
2024-10-15 04:27:42.833110 Juliett: Oscar, sending you 2
chatterbot Juliett submitting transactions
chatterbot Uniform submitting transactions
chatterbot Quebec submitting transactions
chatterbot Alpha submitting transactions
chatterbot Hotel submitting transactions
chatterbot Sierra submitting transactions
chatterbot X-ray submitting transactions
ChatterBot Sierra round 4
ChatterBot Uniform round 4
ChatterBot Juliett round 4
ChatterBot X-ray round 4
ChatterBot India round 4
ChatterBot Quebec round 4
ChatterBot Mike round 4
ChatterBot Alpha round 4
ChatterBot Oscar round 4
ChatterBot Hotel round 4
2024-10-15 04:27:43.692060 Sierra: Juliett, sending you 4
2024-10-15 04:27:43.692563 Mike: Uniform, sending you 5
2024-10-15 04:27:43.692807 Juliett: Sierra, sending you 4
2024-10-15 04:27:43.693746 India: Sierra and Oscar, sending you 2
2024-10-15 04:27:43.694087 Alpha: Sierra and Juliett, sending you 1
2024-10-15 04:27:43.694451 Uniform: Quebec, sending you 2
2024-10-15 04:27:43.694762 X-ray: Sierra, Juliett, Quebec, Alpha and Oscar, sending you 3
2024-10-15 04:27:43.695632 Quebec: Sierra and India, sending you 2
2024-10-15 04:27:43.696062 Sierra: X-ray and India, sending you 3
2024-10-15 04:27:43.696391 Mike: Hotel, sending you 12
2024-10-15 04:27:43.713033 India: Juliett and X-ray, sending you 4
2024-10-15 04:27:43.714322 Alpha: X-ray, India and Oscar, sending you 2
2024-10-15 04:27:43.715518 Juliett: X-ray and India, sending you 3
2024-10-15 04:27:43.716304 Uniform: Mike and Hotel, sending you 3
2024-10-15 04:27:43.717246 Oscar: Sierra, Juliett, X-ray, India and Alpha, sending you 3
2024-10-15 04:27:43.717890 Hotel: Uniform, sending you 4
2024-10-15 04:27:43.718387 X-ray: India, sending you 4
2024-10-15 04:27:43.719564 Sierra: Quebec and Alpha, sending you 1
2024-10-15 04:27:43.720052 Quebec: X-ray and Oscar, sending you 3
2024-10-15 04:27:43.721254 India: Quebec and Alpha, sending you 1
2024-10-15 04:27:43.721845 Juliett: Alpha, sending you 1
2024-10-15 04:27:43.722830 Oscar: Quebec, sending you 4
2024-10-15 04:27:43.723467 Hotel: Quebec, sending you 1
2024-10-15 04:27:43.724497 Sierra: Oscar, sending you 2
2024-10-15 04:27:43.725010 Quebec: Alpha, sending you 1
2024-10-15 04:27:43.732031 Juliett: Oscar, sending you 2
2024-10-15 04:27:43.733002 Hotel: Mike, sending you 11
chatterbot Hotel submitting transactions
chatterbot Alpha submitting transactions
chatterbot Sierra submitting transactions
chatterbot X-ray submitting transactions
chatterbot Mike submitting transactions
chatterbot Juliett submitting transactions
chatterbot Quebec submitting transactions
chatterbot Oscar submitting transactions
chatterbot Uniform submitting transactions
chatterbot India submitting transactions
ChatterBot Sierra round 5
ChatterBot Uniform round 5
ChatterBot Juliett round 5
ChatterBot X-ray round 5
ChatterBot India round 5
ChatterBot Quebec round 5
ChatterBot Mike round 5
ChatterBot Alpha round 5
ChatterBot Oscar round 5
ChatterBot Hotel round 5
2024-10-15 04:27:45.713659 Uniform: Quebec, sending you 2
2024-10-15 04:27:45.714998 Sierra: Juliett, sending you 5
2024-10-15 04:27:45.716049 X-ray: Sierra, Juliett, Quebec, Alpha and Oscar, sending you 3
2024-10-15 04:27:45.717835 Juliett: Sierra, sending you 4
chatterbot X-ray submitting transactions
2024-10-15 04:27:45.719600 Uniform: Mike and Hotel, sending you 3
2024-10-15 04:27:45.720854 Sierra: X-ray, sending you 3
2024-10-15 04:27:45.721757 X-ray: India, sending you 4
2024-10-15 04:27:45.723196 Quebec: Sierra, sending you 2
2024-10-15 04:27:45.724855 Juliett: X-ray and India, sending you 3
2024-10-15 04:27:45.726272 India: Sierra, Juliett and X-ray, sending you 3
2024-10-15 04:27:45.727578 Sierra: India and Oscar, sending you 2
2024-10-15 04:27:45.729941 Quebec: X-ray, sending you 3
2024-10-15 04:27:45.731264 Juliett: Alpha, sending you 1
2024-10-15 04:27:45.731853 Hotel: Uniform, sending you 5
2024-10-15 04:27:45.732412 India: Quebec, sending you 1
2024-10-15 04:27:45.733801 Oscar: Sierra, Juliett, X-ray, India and Alpha, sending you 3
2024-10-15 04:27:45.735028 Sierra: Quebec and Alpha, sending you 1
2024-10-15 04:27:45.735760 Mike: Uniform, sending you 5
2024-10-15 04:27:45.736919 Alpha: Sierra, Juliett, India and Quebec, sending you 1
2024-10-15 04:27:45.737709 Hotel: Quebec, sending you 1
2024-10-15 04:27:45.738096 Quebec: India and Alpha, sending you 1
2024-10-15 04:27:45.739389 Juliett: Oscar, sending you 2
2024-10-15 04:27:45.740802 India: Alpha and Oscar, sending you 2
2024-10-15 04:27:45.741520 Oscar: Quebec, sending you 4
2024-10-15 04:27:45.742933 Mike: Hotel, sending you 12
2024-10-15 04:27:45.743321 Hotel: Mike, sending you 11
2024-10-15 04:27:45.744396 Alpha: X-ray and Oscar, sending you 2
2024-10-15 04:27:45.745221 Quebec: Oscar, sending you 4
chatterbot India submitting transactions
chatterbot Sierra submitting transactions
chatterbot Juliett submitting transactions
chatterbot Alpha submitting transactions
chatterbot Quebec submitting transactions
chatterbot Oscar submitting transactions
chatterbot Uniform submitting transactions
chatterbot Mike submitting transactions
chatterbot Hotel submitting transactions
ChatterBot Sierra round 6
ChatterBot Uniform round 6
ChatterBot Juliett round 6
ChatterBot X-ray round 6
ChatterBot India round 6
ChatterBot Quebec round 6
ChatterBot Mike round 6
ChatterBot Alpha round 6
ChatterBot Oscar round 6
ChatterBot Hotel round 6
2024-10-15 04:27:46.817939 X-ray: We should drop Alpha
2024-10-15 04:27:46.835775 Sierra: No
2024-10-15 04:27:46.836060 Juliett: No
2024-10-15 04:27:46.836208 India: No
2024-10-15 04:27:46.836333 Quebec: No
2024-10-15 04:27:46.836443 Oscar: No
ChatterBot X-ray reevaluating
ChatterBot X-ray reevaluating
ChatterBot X-ray reevaluating
ChatterBot X-ray reevaluating
ChatterBot X-ray reevaluating
2024-10-15 04:27:46.905685 Sierra: Juliett, sending you 4
2024-10-15 04:27:46.907658 Juliett: Sierra, sending you 4
2024-10-15 04:27:46.910671 Sierra: X-ray and India, sending you 3
2024-10-15 04:27:46.912704 Juliett: X-ray and India, sending you 3
2024-10-15 04:27:46.914676 Hotel: Uniform, sending you 5
2024-10-15 04:27:46.915173 Sierra: Quebec and Oscar, sending you 2
2024-10-15 04:27:46.916065 Mike: Uniform, sending you 5
2024-10-15 04:27:46.916693 Juliett: Alpha, sending you 1
2024-10-15 04:27:46.918537 Quebec: Sierra, India and Alpha, sending you 1
2024-10-15 04:27:46.919500 Hotel: Quebec, sending you 1
2024-10-15 04:27:46.919895 Mike: Hotel, sending you 12
2024-10-15 04:27:46.920204 Alpha: Sierra, Juliett, India and Quebec, sending you 1
2024-10-15 04:27:46.920988 Oscar: Sierra, Juliett, X-ray, India and Alpha, sending you 3
2024-10-15 04:27:46.921811 Juliett: Oscar, sending you 2
2024-10-15 04:27:46.923122 India: Sierra and Oscar, sending you 2
2024-10-15 04:27:46.923756 Quebec: X-ray, sending you 3
2024-10-15 04:27:46.924523 Hotel: Mike, sending you 11
2024-10-15 04:27:46.924853 Uniform: Quebec, sending you 2
2024-10-15 04:27:46.925174 Alpha: X-ray and Oscar, sending you 2
2024-10-15 04:27:46.925837 Oscar: Quebec, sending you 4
2024-10-15 04:27:46.931717 India: Juliett and X-ray, sending you 4
2024-10-15 04:27:46.932545 Quebec: Oscar, sending you 5
2024-10-15 04:27:46.934040 Uniform: Mike and Hotel, sending you 3
2024-10-15 04:27:46.934689 X-ray: Sierra, Juliett, Quebec, Alpha and Oscar, sending you 3
2024-10-15 04:27:46.936668 India: Quebec and Alpha, sending you 1
2024-10-15 04:27:46.939685 X-ray: India, sending you 4
chatterbot Oscar submitting transactions
chatterbot Juliett submitting transactions
chatterbot India submitting transactions
chatterbot Alpha submitting transactions
chatterbot X-ray submitting transactions
chatterbot Hotel submitting transactions
chatterbot Mike submitting transactions
chatterbot Uniform submitting transactions
chatterbot Sierra submitting transactions
chatterbot Quebec submitting transactions
ChatterBot Sierra round 7
ChatterBot Uniform round 7
ChatterBot Juliett round 7
ChatterBot X-ray round 7
ChatterBot India round 7
ChatterBot Quebec round 7
ChatterBot Mike round 7
ChatterBot Alpha round 7
ChatterBot Oscar round 7
ChatterBot Hotel round 7
2024-10-15 04:27:48.032270 Hotel: We should drop Quebec
2024-10-15 04:27:48.040184 Mike: Yes
2024-10-15 04:27:48.040359 Uniform: No
2024-10-15 04:27:48.054632 Juliett: Sierra, sending you 4
2024-10-15 04:27:48.057437 Sierra: Juliett, sending you 5
2024-10-15 04:27:48.058678 India: Sierra and Juliett, sending you 3
2024-10-15 04:27:48.059841 Mike: Uniform, sending you 5
2024-10-15 04:27:48.060084 Juliett: X-ray and India, sending you 3
2024-10-15 04:27:48.061083 X-ray: Sierra, Juliett, Quebec, Alpha and Oscar, sending you 3
2024-10-15 04:27:48.061602 Uniform: Quebec, sending you 2
2024-10-15 04:27:48.061860 Quebec: Sierra, sending you 2
2024-10-15 04:27:48.062399 Sierra: X-ray, sending you 3
2024-10-15 04:27:48.063523 India: X-ray, sending you 4
2024-10-15 04:27:48.064287 Mike: Hotel, sending you 12
2024-10-15 04:27:48.064542 X-ray: India, sending you 4
2024-10-15 04:27:48.065704 Uniform: Mike and Hotel, sending you 3
2024-10-15 04:27:48.066118 Juliett: Alpha, sending you 1
2024-10-15 04:27:48.067349 Sierra: India and Oscar, sending you 2
2024-10-15 04:27:48.068499 Quebec: X-ray, sending you 3
2024-10-15 04:27:48.069695 India: Quebec and Alpha, sending you 1
2024-10-15 04:27:48.071099 Alpha: Sierra, Juliett, India and Quebec, sending you 1
2024-10-15 04:27:48.071944 Juliett: Oscar, sending you 2
2024-10-15 04:27:48.073702 Sierra: Quebec and Alpha, sending you 1
2024-10-15 04:27:48.074833 Quebec: India and Alpha, sending you 1
2024-10-15 04:27:48.076404 India: Oscar, sending you 2
2024-10-15 04:27:48.077273 Oscar: Sierra, Juliett, X-ray, India and Alpha, sending you 3
2024-10-15 04:27:48.078783 Alpha: X-ray and Oscar, sending you 2
2024-10-15 04:27:48.079852 Hotel: Uniform, sending you 5
2024-10-15 04:27:48.080226 Quebec: Oscar, sending you 4
2024-10-15 04:27:48.082694 Oscar: Quebec, sending you 4
2024-10-15 04:27:48.084720 Hotel: Mike, sending you 11
chatterbot Alpha submitting transactions
chatterbot Oscar submitting transactions
chatterbot Sierra submitting transactions
chatterbot Juliett submitting transactions
chatterbot Mike submitting transactions
chatterbot X-ray submitting transactions
chatterbot Quebec submitting transactions
chatterbot India submitting transactions
chatterbot Hotel submitting transactions
chatterbot Uniform submitting transactions
ChatterBot Sierra round 8
ChatterBot Uniform round 8
ChatterBot Juliett round 8
ChatterBot X-ray round 8
ChatterBot India round 8
ChatterBot Quebec round 8
ChatterBot Mike round 8
ChatterBot Alpha round 8
ChatterBot Oscar round 8
ChatterBot Hotel round 8
2024-10-15 04:27:49.322973 Uniform: We should replace Quebec with Oscar
2024-10-15 04:27:49.332852 Mike: No
2024-10-15 04:27:49.333050 Hotel: No
ChatterBot Uniform reevaluating
ChatterBot Uniform reevaluating
2024-10-15 04:27:49.394290 Uniform: We should replace Quebec with Alpha
2024-10-15 04:27:49.403387 Mike: No
2024-10-15 04:27:49.403656 Hotel: No
ChatterBot Uniform reevaluating
ChatterBot Uniform reevaluating
2024-10-15 04:27:49.433900 Sierra: Juliett, sending you 5
2024-10-15 04:27:49.436097 Juliett: Sierra, sending you 4
2024-10-15 04:27:49.438251 Quebec: Sierra, sending you 2
2024-10-15 04:27:49.450179 Sierra: X-ray, sending you 3
2024-10-15 04:27:49.452661 Juliett: X-ray and India, sending you 3
2024-10-15 04:27:49.454691 Quebec: X-ray, sending you 3
2024-10-15 04:27:49.456560 Hotel: Uniform, sending you 5
2024-10-15 04:27:49.457027 X-ray: Sierra, Juliett, Quebec, Alpha and Oscar, sending you 3
2024-10-15 04:27:49.459133 India: Sierra and Oscar, sending you 2
2024-10-15 04:27:49.461426 Alpha: Sierra, Juliett, India and Quebec, sending you 1
2024-10-15 04:27:49.463673 Oscar: Sierra, Juliett, X-ray, India and Alpha, sending you 3
2024-10-15 04:27:49.466059 Sierra: India and Oscar, sending you 2
2024-10-15 04:27:49.467761 Juliett: Alpha, sending you 1
2024-10-15 04:27:49.470239 Quebec: India and Alpha, sending you 1
2024-10-15 04:27:49.472523 Hotel: Mike, sending you 11
2024-10-15 04:27:49.473072 X-ray: India, sending you 4
2024-10-15 04:27:49.475237 India: Juliett, sending you 3
2024-10-15 04:27:49.477736 Alpha: X-ray and Oscar, sending you 2
2024-10-15 04:27:49.480045 Oscar: Quebec, sending you 4
2024-10-15 04:27:49.481517 Mike: Uniform, sending you 5
2024-10-15 04:27:49.482799 Sierra: Quebec and Alpha, sending you 1
2024-10-15 04:27:49.485080 Uniform: Quebec, sending you 2
2024-10-15 04:27:49.485910 Juliett: Oscar, sending you 2
2024-10-15 04:27:49.488459 Quebec: Oscar, sending you 4
2024-10-15 04:27:49.490584 India: X-ray, sending you 5
2024-10-15 04:27:49.492271 Mike: Hotel, sending you 12
2024-10-15 04:27:49.493528 Uniform: Mike and Hotel, sending you 3
2024-10-15 04:27:49.496687 India: Quebec and Alpha, sending you 1
chatterbot Juliett submitting transactions
chatterbot Uniform submitting transactions
chatterbot Oscar submitting transactions
chatterbot X-ray submitting transactions
chatterbot India submitting transactions
chatterbot Quebec submitting transactions
chatterbot Alpha submitting transactions
chatterbot Hotel submitting transactions
chatterbot Mike submitting transactions
chatterbot Sierra submitting transactions
ChatterBot Sierra round 9
ChatterBot Uniform round 9
ChatterBot Juliett round 9
ChatterBot X-ray round 9
ChatterBot India round 9
ChatterBot Quebec round 9
ChatterBot Mike round 9
ChatterBot Alpha round 9
ChatterBot Oscar round 9
ChatterBot Hotel round 9
2024-10-15 04:27:50.559668 Sierra: Juliett, sending you 4
2024-10-15 04:27:50.561666 India: Sierra and Oscar, sending you 2
2024-10-15 04:27:50.564696 Sierra: X-ray, sending you 3
2024-10-15 04:27:50.566673 India: Juliett, sending you 3
2024-10-15 04:27:50.568949 X-ray: Sierra, Juliett, Quebec, Alpha and Oscar, sending you 3
2024-10-15 04:27:50.569981 Uniform: Quebec, sending you 2
2024-10-15 04:27:50.570695 Sierra: India, Quebec and Oscar, sending you 2
2024-10-15 04:27:50.572214 Oscar: Sierra, Juliett, X-ray, India and Alpha, sending you 3
2024-10-15 04:27:50.573252 India: X-ray, sending you 5
2024-10-15 04:27:50.574039 Mike: Uniform, sending you 5
2024-10-15 04:27:50.574312 Uniform: Mike and Hotel, sending you 3
2024-10-15 04:27:50.575154 X-ray: India, sending you 4
2024-10-15 04:27:50.575894 Juliett: Sierra, sending you 4
2024-10-15 04:27:50.576817 Sierra: Alpha, sending you 1
2024-10-15 04:27:50.577944 Alpha: Sierra, Juliett, India and Quebec, sending you 1
2024-10-15 04:27:50.579481 Oscar: Quebec, sending you 4
2024-10-15 04:27:50.580419 India: Quebec and Alpha, sending you 1
2024-10-15 04:27:50.581316 Mike: Hotel, sending you 12
2024-10-15 04:27:50.581666 Juliett: X-ray and India, sending you 3
2024-10-15 04:27:50.583502 Quebec: Sierra, sending you 2
2024-10-15 04:27:50.584463 Alpha: X-ray and Oscar, sending you 2
2024-10-15 04:27:50.585597 Hotel: Uniform, sending you 5
2024-10-15 04:27:50.585937 Juliett: Alpha, sending you 1
2024-10-15 04:27:50.586822 Quebec: X-ray, sending you 3
2024-10-15 04:27:50.589678 Juliett: Oscar, sending you 2
2024-10-15 04:27:50.590844 Hotel: Mike, sending you 11
2024-10-15 04:27:50.592014 Quebec: India and Alpha, sending you 1
2024-10-15 04:27:50.596682 Quebec: Oscar, sending you 4
chatterbot Juliett submitting transactions
chatterbot Sierra submitting transactions
chatterbot Quebec submitting transactions
chatterbot Oscar submitting transactions
chatterbot India submitting transactions
chatterbot Uniform submitting transactions
chatterbot Hotel submitting transactions
chatterbot Mike submitting transactions
chatterbot Alpha submitting transactions
chatterbot X-ray submitting transactions
ChatterBot Sierra round 10
ChatterBot Uniform round 10
ChatterBot Juliett round 10
ChatterBot X-ray round 10
ChatterBot India round 10
ChatterBot Quebec round 10
ChatterBot Mike round 10
ChatterBot Alpha round 10
ChatterBot Oscar round 10
ChatterBot Hotel round 10
2024-10-15 04:27:51.884188 Uniform: We should replace Quebec with Alpha
2024-10-15 04:27:51.889011 Mike: No
2024-10-15 04:27:51.889191 Hotel: No
ChatterBot Uniform reevaluating
ChatterBot Uniform reevaluating
2024-10-15 04:27:51.927653 Uniform: Alpha we want you to join our group
2024-10-15 04:27:51.930140 Alpha: No
ChatterBot Uniform reevaluating
2024-10-15 04:27:51.938580 Uniform: We should replace Quebec with India
2024-10-15 04:27:51.943095 Mike: No
2024-10-15 04:27:51.943251 Hotel: No
ChatterBot Uniform reevaluating
ChatterBot Uniform reevaluating
2024-10-15 04:27:51.954403 Hotel: Uniform, sending you 5
2024-10-15 04:27:51.956684 Quebec: Sierra, sending you 2
2024-10-15 04:27:51.958283 Hotel: Mike, sending you 11
2024-10-15 04:27:51.958664 Alpha: Sierra, Juliett, India and Quebec, sending you 1
2024-10-15 04:27:51.959510 Juliett: Sierra, sending you 4
2024-10-15 04:27:51.960402 Oscar: Sierra, Juliett, X-ray, India and Alpha, sending you 3
2024-10-15 04:27:51.961780 India: Sierra and Oscar, sending you 2
2024-10-15 04:27:51.962495 Sierra: Juliett, sending you 4
2024-10-15 04:27:51.963261 X-ray: Sierra, Juliett, Quebec, Alpha and Oscar, sending you 3
2024-10-15 04:27:51.964040 Quebec: X-ray, sending you 3
2024-10-15 04:27:51.964826 Juliett: X-ray and India, sending you 3
2024-10-15 04:27:51.966208 Alpha: X-ray and Oscar, sending you 2
2024-10-15 04:27:51.967066 Oscar: Quebec, sending you 4
2024-10-15 04:27:51.967846 India: Juliett, sending you 3
2024-10-15 04:27:51.968607 X-ray: India, sending you 4
2024-10-15 04:27:51.969392 Sierra: X-ray, sending you 3
2024-10-15 04:27:51.970572 Quebec: India and Alpha, sending you 1
2024-10-15 04:27:51.971326 Juliett: Alpha, sending you 1
2024-10-15 04:27:51.972699 India: X-ray, sending you 5
2024-10-15 04:27:51.974673 Sierra: India, Quebec and Oscar, sending you 2
2024-10-15 04:27:51.975940 Juliett: Oscar, sending you 2
2024-10-15 04:27:51.977539 Mike: Uniform, sending you 5
2024-10-15 04:27:51.977948 Quebec: Oscar, sending you 4
2024-10-15 04:27:51.979092 India: Quebec and Alpha, sending you 1
2024-10-15 04:27:51.980901 Sierra: Alpha, sending you 1
2024-10-15 04:27:51.982309 Mike: Hotel, sending you 12
2024-10-15 04:27:51.986658 Uniform: Quebec, sending you 2
2024-10-15 04:27:51.990661 Uniform: Mike and Hotel, sending you 3
chatterbot Mike submitting transactions
chatterbot Alpha submitting transactions
chatterbot Sierra submitting transactions
chatterbot Oscar submitting transactions
chatterbot Quebec submitting transactions
chatterbot Uniform submitting transactions
chatterbot X-ray submitting transactions
chatterbot Juliett submitting transactions
chatterbot India submitting transactions
chatterbot Hotel submitting transactions
ChatterBot Sierra round 11
ChatterBot Uniform round 11
ChatterBot Juliett round 11
ChatterBot X-ray round 11
ChatterBot India round 11
ChatterBot Quebec round 11
ChatterBot Mike round 11
ChatterBot Alpha round 11
2024-10-15 04:27:53.072710 Uniform: We should replace Quebec with Alpha
2024-10-15 04:27:53.104448 Mike: No
2024-10-15 04:27:53.104688 Hotel: No
ChatterBot Uniform reevaluating
ChatterBot Uniform reevaluating
ChatterBot Oscar round 11
ChatterBot Hotel round 11
2024-10-15 04:27:53.242336 Uniform: Alpha we want you to join our group
2024-10-15 04:27:53.246187 Alpha: No
ChatterBot Uniform reevaluating
2024-10-15 04:27:53.259955 Juliett: Sierra, sending you 4
2024-10-15 04:27:53.269254 India: Sierra and Oscar, sending you 2
2024-10-15 04:27:53.271680 Juliett: X-ray and India, sending you 3
2024-10-15 04:27:53.274594 Sierra: Juliett, sending you 4
2024-10-15 04:27:53.276646 X-ray: Sierra, Juliett, Quebec, Alpha and Oscar, sending you 3
2024-10-15 04:27:53.278778 Alpha: Sierra, Juliett, India and Quebec, sending you 1
2024-10-15 04:27:53.281288 Mike: Uniform, sending you 5
2024-10-15 04:27:53.281919 Quebec: Sierra, sending you 2
2024-10-15 04:27:53.284176 India: Juliett, sending you 3
2024-10-15 04:27:53.286319 Juliett: Alpha, sending you 1
2024-10-15 04:27:53.288297 Sierra: X-ray, sending you 3
2024-10-15 04:27:53.290347 X-ray: India, sending you 4
2024-10-15 04:27:53.293764 Mike: Hotel, sending you 12
2024-10-15 04:27:53.294283 Hotel: Uniform, sending you 5
2024-10-15 04:27:53.294818 Alpha: X-ray and Oscar, sending you 2
2024-10-15 04:27:53.297017 Oscar: Sierra, Juliett, X-ray, India and Alpha, sending you 3
2024-10-15 04:27:53.299182 Quebec: X-ray, sending you 3
2024-10-15 04:27:53.301646 India: X-ray, sending you 5
2024-10-15 04:27:53.303974 Juliett: Oscar, sending you 2
2024-10-15 04:27:53.307439 Sierra: India, Quebec and Oscar, sending you 2
2024-10-15 04:27:53.309988 Hotel: Mike, sending you 11
2024-10-15 04:27:53.311567 Oscar: Quebec, sending you 4
2024-10-15 04:27:53.314219 Quebec: India and Alpha, sending you 1
2024-10-15 04:27:53.316687 India: Quebec and Alpha, sending you 1
2024-10-15 04:27:53.318624 Sierra: Alpha, sending you 1
2024-10-15 04:27:53.320739 Quebec: Oscar, sending you 4
2024-10-15 04:27:53.322842 Uniform: Mike and Hotel, sending you 3
2024-10-15 04:27:53.331428 Uniform: Alpha, sending you 2
chatterbot Hotel submitting transactions
chatterbot Juliett submitting transactions
chatterbot Alpha submitting transactions
chatterbot X-ray submitting transactions
chatterbot India submitting transactions
chatterbot Quebec submitting transactions
chatterbot Sierra submitting transactions
chatterbot Mike submitting transactions
chatterbot Uniform submitting transactions
chatterbot Oscar submitting transactions
ChatterBot Sierra round 12
ChatterBot Uniform round 12
ChatterBot Juliett round 12
ChatterBot X-ray round 12
ChatterBot India round 12
ChatterBot Quebec round 12
ChatterBot Mike round 12
ChatterBot Alpha round 12
ChatterBot Oscar round 12
ChatterBot Hotel round 12
2024-10-15 04:27:54.552757 Uniform: We should replace Alpha with Quebec
2024-10-15 04:27:54.558797 Mike: No
2024-10-15 04:27:54.558958 Hotel: No
ChatterBot Uniform reevaluating
ChatterBot Uniform reevaluating
2024-10-15 04:27:54.591659 Uniform: Quebec we want you to join our group
2024-10-15 04:27:54.595867 Quebec: No
ChatterBot Uniform reevaluating
2024-10-15 04:27:54.604405 Uniform: We should replace Alpha with Juliett
2024-10-15 04:27:54.610121 Mike: No
2024-10-15 04:27:54.610286 Hotel: No
ChatterBot Uniform reevaluating
ChatterBot Uniform reevaluating
2024-10-15 04:27:54.622117 Sierra: Juliett, sending you 4
2024-10-15 04:27:54.623961 X-ray: Sierra, Juliett, Quebec, Alpha and Oscar, sending you 3
2024-10-15 04:27:54.624974 Quebec: Sierra, sending you 2
2024-10-15 04:27:54.626705 Sierra: X-ray, sending you 3
2024-10-15 04:27:54.628819 Mike: Uniform, sending you 5
2024-10-15 04:27:54.629235 X-ray: India, sending you 4
2024-10-15 04:27:54.631437 Alpha: Sierra, Juliett, India and Quebec, sending you 1
2024-10-15 04:27:54.633405 Oscar: Sierra, Juliett, X-ray, India and Alpha, sending you 3
2024-10-15 04:27:54.634529 India: Sierra, sending you 2
2024-10-15 04:27:54.635310 Hotel: Uniform, sending you 5
2024-10-15 04:27:54.636043 Juliett: Sierra, sending you 4
2024-10-15 04:27:54.636997 Quebec: X-ray, sending you 3
2024-10-15 04:27:54.638040 Sierra: India, Quebec and Oscar, sending you 2
2024-10-15 04:27:54.639423 Mike: Hotel, sending you 12
2024-10-15 04:27:54.639785 Alpha: X-ray and Oscar, sending you 2
2024-10-15 04:27:54.640754 Oscar: Quebec, sending you 4
2024-10-15 04:27:54.642101 India: Juliett and Oscar, sending you 3
2024-10-15 04:27:54.643438 Juliett: X-ray and India, sending you 3
2024-10-15 04:27:54.644181 Hotel: Mike, sending you 11
2024-10-15 04:27:54.644453 Quebec: India and Alpha, sending you 1
2024-10-15 04:27:54.645703 Sierra: Alpha, sending you 1
2024-10-15 04:27:54.647910 India: X-ray, sending you 4
2024-10-15 04:27:54.649359 Juliett: Alpha, sending you 1
2024-10-15 04:27:54.651438 Uniform: Mike and Hotel, sending you 3
2024-10-15 04:27:54.651918 Quebec: Oscar, sending you 4
2024-10-15 04:27:54.654202 India: Quebec and Alpha, sending you 1
2024-10-15 04:27:54.656193 Juliett: Oscar, sending you 2
2024-10-15 04:27:54.658164 Uniform: Alpha, sending you 2
chatterbot Hotel submitting transactions
chatterbot Quebec submitting transactions
chatterbot X-ray submitting transactions
chatterbot Alpha submitting transactions
chatterbot Uniform submitting transactions
chatterbot Sierra submitting transactions
chatterbot Mike submitting transactions
chatterbot Oscar submitting transactions
chatterbot India submitting transactions
chatterbot Juliett submitting transactions
ChatterBot Sierra round 13
ChatterBot Uniform round 13
ChatterBot Juliett round 13
2024-10-15 04:27:55.762434 Uniform: We should replace Alpha with Quebec
2024-10-15 04:27:55.768809 Mike: No
2024-10-15 04:27:55.768982 Hotel: No
ChatterBot Uniform reevaluating
ChatterBot Uniform reevaluating
ChatterBot X-ray round 13
ChatterBot India round 13
ChatterBot Quebec round 13
ChatterBot Mike round 13
ChatterBot Alpha round 13
ChatterBot Oscar round 13
ChatterBot Hotel round 13
2024-10-15 04:27:55.814299 X-ray: We should drop Alpha
2024-10-15 04:27:55.828652 Sierra: No
2024-10-15 04:27:55.829611 Juliett: No
2024-10-15 04:27:55.829780 India: No
2024-10-15 04:27:55.829961 Quebec: No
2024-10-15 04:27:55.830089 Oscar: No
ChatterBot X-ray reevaluating
ChatterBot X-ray reevaluating
ChatterBot X-ray reevaluating
ChatterBot X-ray reevaluating
ChatterBot X-ray reevaluating
2024-10-15 04:27:55.921074 Mike: Uniform, sending you 5
2024-10-15 04:27:55.921717 Uniform: Mike and Hotel, sending you 3
2024-10-15 04:27:55.922311 India: Sierra, sending you 2
2024-10-15 04:27:55.925026 Quebec: Sierra, sending you 2
2024-10-15 04:27:55.927018 Sierra: Juliett, sending you 4
2024-10-15 04:27:55.929123 Alpha: Sierra, Juliett, India and Quebec, sending you 1
2024-10-15 04:27:55.931039 Juliett: Sierra, sending you 4
2024-10-15 04:27:55.932932 Uniform: Alpha, sending you 2
2024-10-15 04:27:55.933896 Mike: Hotel, sending you 12
2024-10-15 04:27:55.934387 India: Juliett and Oscar, sending you 3
2024-10-15 04:27:55.936752 Quebec: X-ray, sending you 3
2024-10-15 04:27:55.938932 Sierra: X-ray, sending you 3
2024-10-15 04:27:55.940814 Alpha: X-ray and Oscar, sending you 2
2024-10-15 04:27:55.942717 Juliett: X-ray and India, sending you 3
2024-10-15 04:27:55.944484 Hotel: Uniform, sending you 5
2024-10-15 04:27:55.944921 Oscar: Sierra, Juliett, X-ray, India and Alpha, sending you 3
2024-10-15 04:27:55.946509 India: X-ray, sending you 4
2024-10-15 04:27:55.948515 Quebec: India and Alpha, sending you 1
2024-10-15 04:27:55.950625 Sierra: India, Quebec and Oscar, sending you 2
2024-10-15 04:27:55.952389 Juliett: Alpha, sending you 1
2024-10-15 04:27:55.954759 Hotel: Mike, sending you 11
