ChatterBot Foxtrot round 1
ChatterBot X-ray round 1
ChatterBot Kilo round 1
ChatterBot Romeo round 1
ChatterBot Echo round 1
ChatterBot Tango round 1
ChatterBot Mike round 1
ChatterBot Quebec round 1
ChatterBot Zulu round 1
ChatterBot Alpha round 1
randomSelections Romeo: {Romeo, Quebec, Mike, Foxtrot, Kilo, Zulu} 
2024-10-15 04:27:37.665694 Romeo: Friends?
ChatterBot Quebec reevaluating
ChatterBot Mike reevaluating
ChatterBot Foxtrot reevaluating
ChatterBot Kilo reevaluating
ChatterBot Zulu reevaluating
2024-10-15 04:27:37.695498 Quebec: Yes
2024-10-15 04:27:37.695725 Mike: Yes
2024-10-15 04:27:37.695934 Foxtrot: Yes
2024-10-15 04:27:37.697384 Kilo: Yes
2024-10-15 04:27:37.697599 Zulu: Yes
ChatterBot Mike reevaluating
ChatterBot Foxtrot reevaluating
ChatterBot Kilo reevaluating
ChatterBot Zulu reevaluating
ChatterBot Quebec reevaluating
ChatterBot Foxtrot reevaluating
ChatterBot Kilo reevaluating
ChatterBot Zulu reevaluating
ChatterBot Quebec reevaluating
ChatterBot Mike reevaluating
ChatterBot Kilo reevaluating
ChatterBot Zulu reevaluating
ChatterBot Quebec reevaluating
ChatterBot Mike reevaluating
ChatterBot Foxtrot reevaluating
ChatterBot Zulu reevaluating
ChatterBot Quebec reevaluating
ChatterBot Mike reevaluating
ChatterBot Foxtrot reevaluating
ChatterBot Kilo reevaluating
randomSelections X-ray: {X-ray, Zulu, Kilo, Tango, Alpha, Echo} 
2024-10-15 04:27:37.773996 X-ray: Group up?
ChatterBot Zulu reevaluating
ChatterBot Kilo reevaluating
ChatterBot Tango reevaluating
ChatterBot Alpha reevaluating
ChatterBot Echo reevaluating
2024-10-15 04:27:37.784294 Zulu: No
2024-10-15 04:27:37.784472 Kilo: No
2024-10-15 04:27:37.784565 Tango: Yes
2024-10-15 04:27:37.784677 Alpha: Yes
2024-10-15 04:27:37.784764 Echo: Yes
ChatterBot Kilo reevaluating
ChatterBot Tango reevaluating
ChatterBot Alpha reevaluating
ChatterBot Echo reevaluating
ChatterBot Zulu reevaluating
ChatterBot Tango reevaluating
ChatterBot Alpha reevaluating
ChatterBot Echo reevaluating
ChatterBot Zulu reevaluating
ChatterBot Kilo reevaluating
ChatterBot Alpha reevaluating
ChatterBot Echo reevaluating
ChatterBot Zulu reevaluating
ChatterBot Kilo reevaluating
ChatterBot Tango reevaluating
ChatterBot Echo reevaluating
ChatterBot Zulu reevaluating
ChatterBot Kilo reevaluating
ChatterBot Tango reevaluating
ChatterBot Alpha reevaluating
2024-10-15 04:27:37.841663 X-ray: Kilo and Alpha, sending you 4
2024-10-15 04:27:37.844949 X-ray: Echo, sending you 1
2024-10-15 04:27:37.845694 Tango: X-ray, sending you 2
2024-10-15 04:27:37.845956 Kilo: Foxtrot, sending you 4
2024-10-15 04:27:37.846894 Echo: X-ray and Alpha, sending you 3
2024-10-15 04:27:37.847685 X-ray: Tango, sending you 7
2024-10-15 04:27:37.848791 Kilo: Romeo, sending you 1
2024-10-15 04:27:37.849692 Romeo: Foxtrot and Mike, sending you 2
2024-10-15 04:27:37.849994 Tango: Kilo, sending you 1
2024-10-15 04:27:37.850737 Echo: Kilo, sending you 6
2024-10-15 04:27:37.852659 Foxtrot: Kilo, sending you 6
2024-10-15 04:27:37.852944 Kilo: Mike, sending you 5
2024-10-15 04:27:37.853655 Mike: Foxtrot, sending you 6
2024-10-15 04:27:37.854685 Romeo: Kilo and Zulu, sending you 1
2024-10-15 04:27:37.854985 Echo: Tango, sending you 2
2024-10-15 04:27:37.855673 Tango: Echo, sending you 5
2024-10-15 04:27:37.856027 Foxtrot: Romeo and Zulu, sending you 2
2024-10-15 04:27:37.856818 Kilo: Quebec, sending you 2
2024-10-15 04:27:37.857688 Zulu: Foxtrot, Mike and Quebec, sending you 3
2024-10-15 04:27:37.857993 Romeo: Quebec, sending you 3
2024-10-15 04:27:37.858825 Mike: Kilo and Zulu, sending you 4
2024-10-15 04:27:37.859193 Echo: Zulu, sending you 5
2024-10-15 04:27:37.859661 Tango: Alpha, sending you 4
2024-10-15 04:27:37.861679 Foxtrot: Mike, sending you 3
2024-10-15 04:27:37.862075 Kilo: Zulu, sending you 3
2024-10-15 04:27:37.862685 Zulu: Kilo, sending you 4
2024-10-15 04:27:37.863009 Mike: Romeo and Quebec, sending you 1
2024-10-15 04:27:37.866653 Foxtrot: Quebec, sending you 4
2024-10-15 04:27:37.867710 Zulu: Romeo, sending you 6
chatterbot Alpha submitting transactions
chatterbot Mike submitting transactions
chatterbot Tango submitting transactions
chatterbot Echo submitting transactions
chatterbot Romeo submitting transactions
chatterbot X-ray submitting transactions
chatterbot Kilo submitting transactions
chatterbot Zulu submitting transactions
chatterbot Quebec submitting transactions
chatterbot Foxtrot submitting transactions
ChatterBot Foxtrot round 2
ChatterBot X-ray round 2
ChatterBot Kilo round 2
ChatterBot Romeo round 2
ChatterBot Echo round 2
ChatterBot Tango round 2
ChatterBot Mike round 2
ChatterBot Quebec round 2
ChatterBot Zulu round 2
ChatterBot Alpha round 2
2024-10-15 04:27:40.478723 Zulu: We should replace Quebec with Echo
2024-10-15 04:27:40.501990 Foxtrot: No
2024-10-15 04:27:40.502815 Kilo: No
2024-10-15 04:27:40.503180 Romeo: No
2024-10-15 04:27:40.503468 Mike: No
2024-10-15 04:27:40.617823 X-ray: We should drop Zulu
ChatterBot Echo reevaluating
ChatterBot Alpha reevaluating
2024-10-15 04:27:40.645571 Echo: Yes
2024-10-15 04:27:40.646812 Tango: Yes
2024-10-15 04:27:40.647077 Alpha: Yes
2024-10-15 04:27:40.647352 Kilo: No
ChatterBot Alpha reevaluating
ChatterBot Echo reevaluating
ChatterBot Alpha reevaluating
ChatterBot Echo reevaluating
ChatterBot Echo reevaluating
ChatterBot Alpha reevaluating
2024-10-15 04:27:40.761042 Kilo: We should drop Romeo and Quebec
2024-10-15 04:27:40.781971 Foxtrot: No
2024-10-15 04:27:40.782975 Mike: No
2024-10-15 04:27:40.783129 Zulu: No
2024-10-15 04:27:40.844274 Tango: We should drop Zulu and Kilo
ChatterBot X-ray reevaluating
ChatterBot Echo reevaluating
ChatterBot Alpha reevaluating
2024-10-15 04:27:40.866909 X-ray: Yes
2024-10-15 04:27:40.867107 Echo: Yes
2024-10-15 04:27:40.867277 Alpha: Yes
ChatterBot Echo reevaluating
ChatterBot Alpha reevaluating
ChatterBot X-ray reevaluating
ChatterBot Alpha reevaluating
ChatterBot X-ray reevaluating
ChatterBot Echo reevaluating
2024-10-15 04:27:40.933850 Zulu: Echo we want you to join our group
ChatterBot Echo reevaluating
2024-10-15 04:27:40.941212 Echo: No
2024-10-15 04:27:40.973222 Romeo: Foxtrot, sending you 2
chatterbot Foxtrot submitting transactions
chatterbot X-ray submitting transactions
2024-10-15 04:27:41.218330 Foxtrot: Kilo, sending you 4
2024-10-15 04:27:41.219380 Romeo: Kilo and Mike, sending you 1
2024-10-15 04:27:41.219807 Mike: Foxtrot and Zulu, sending you 4
chatterbot Quebec submitting transactions
chatterbot Romeo submitting transactions
chatterbot Zulu submitting transactions
2024-10-15 04:27:41.334111 Foxtrot: Romeo, sending you 2
2024-10-15 04:27:41.334633 Zulu: Foxtrot, sending you 3
2024-10-15 04:27:41.335729 Kilo: Sending you each 5
2024-10-15 04:27:41.336078 Romeo: Zulu, sending you 8
2024-10-15 04:27:41.336582 Tango: X-ray, sending you 8
2024-10-15 04:27:41.336959 Mike: Kilo, sending you 6
2024-10-15 04:27:41.338038 Zulu: Kilo, sending you 4
2024-10-15 04:27:41.403701 Foxtrot: Mike, sending you 8
2024-10-15 04:27:41.404244 Tango: Echo, sending you 3
2024-10-15 04:27:41.404656 Mike: Romeo, sending you 2
2024-10-15 04:27:41.405742 X-ray: Echo and Tango, sending you 6
2024-10-15 04:27:41.406057 Zulu: Romeo, sending you 1
2024-10-15 04:27:41.406396 Echo: X-ray, sending you 5
chatterbot Alpha submitting transactions
chatterbot Mike submitting transactions
2024-10-15 04:27:41.423828 Foxtrot: Zulu, sending you 3
2024-10-15 04:27:41.424389 Tango: Alpha, sending you 1
2024-10-15 04:27:41.425485 Zulu: Echo and Mike, sending you 5
2024-10-15 04:27:41.425957 Echo: Tango, sending you 8
2024-10-15 04:27:41.426358 Alpha: X-ray and Tango, sending you 2
2024-10-15 04:27:41.427217 X-ray: Alpha, sending you 4
chatterbot X-ray submitting transactions
2024-10-15 04:27:41.455533 Echo: Quebec, sending you 3
2024-10-15 04:27:41.455963 Alpha: Echo, sending you 1
2024-10-15 04:27:41.470652 Echo: Alpha, sending you 4
chatterbot Tango submitting transactions
chatterbot Kilo submitting transactions
chatterbot Echo submitting transactions
ChatterBot Foxtrot round 3
ChatterBot X-ray round 3
ChatterBot Kilo round 3
ChatterBot Romeo round 3
ChatterBot Echo round 3
ChatterBot Tango round 3
ChatterBot Mike round 3
ChatterBot Quebec round 3
ChatterBot Zulu round 3
ChatterBot Alpha round 3
2024-10-15 04:27:42.101609 Echo: We should replace Quebec with Romeo
ChatterBot X-ray reevaluating
ChatterBot Alpha reevaluating
2024-10-15 04:27:42.124303 Tango: No
2024-10-15 04:27:42.124626 X-ray: Yes
2024-10-15 04:27:42.124987 Alpha: Yes
ChatterBot X-ray reevaluating
ChatterBot Alpha reevaluating
ChatterBot Alpha reevaluating
ChatterBot X-ray reevaluating
2024-10-15 04:27:42.208111 Foxtrot: We should drop Quebec
2024-10-15 04:27:42.234757 Zulu: Yes
2024-10-15 04:27:42.235017 Kilo: Yes
2024-10-15 04:27:42.235173 Romeo: No
2024-10-15 04:27:42.235338 Mike: Yes
2024-10-15 04:27:42.339290 Echo: Romeo we want you to join our group
2024-10-15 04:27:42.346392 Romeo: No
ChatterBot X-ray reevaluating
ChatterBot Alpha reevaluating
2024-10-15 04:27:42.375312 Alpha: We should add Romeo
ChatterBot X-ray reevaluating
2024-10-15 04:27:42.395274 Tango: No
2024-10-15 04:27:42.395510 X-ray: Yes
2024-10-15 04:27:42.396193 Echo: Yes
ChatterBot X-ray reevaluating
ChatterBot Alpha reevaluating
ChatterBot Tango reevaluating
ChatterBot Alpha reevaluating
ChatterBot Tango reevaluating
ChatterBot X-ray reevaluating
ChatterBot Alpha reevaluating
2024-10-15 04:27:42.546760 Romeo: Foxtrot, sending you 4
2024-10-15 04:27:42.547342 Kilo: Same as last round
2024-10-15 04:27:42.547702 Alpha: Romeo we want you to join our group
2024-10-15 04:27:42.552197 Romeo: No
ChatterBot Tango reevaluating
2024-10-15 04:27:42.569379 Romeo: Mike, sending you 3
2024-10-15 04:27:42.725476 Zulu: Foxtrot, sending you 3
2024-10-15 04:27:42.725887 Mike: Foxtrot, sending you 6
2024-10-15 04:27:42.726705 Foxtrot: Kilo, sending you 7
2024-10-15 04:27:42.726996 Echo: X-ray and Tango, sending you 6
2024-10-15 04:27:42.727247 Romeo: Zulu, sending you 6
chatterbot Mike submitting transactions
2024-10-15 04:27:42.829945 Zulu: Kilo and Romeo, sending you 5
2024-10-15 04:27:42.831046 Mike: Kilo, sending you 5
2024-10-15 04:27:42.831329 X-ray: Echo and Alpha, sending you 5
2024-10-15 04:27:42.831590 Alpha: X-ray and Echo, sending you 3
2024-10-15 04:27:42.831836 Foxtrot: Romeo, sending you 2
2024-10-15 04:27:42.832242 Echo: Romeo and Alpha, sending you 4
chatterbot Zulu submitting transactions
chatterbot Romeo submitting transactions
2024-10-15 04:27:42.914921 Zulu: Echo, sending you 2
2024-10-15 04:27:42.915488 Mike: Romeo, sending you 1
2024-10-15 04:27:42.915859 X-ray: Tango, sending you 6
2024-10-15 04:27:42.916236 Alpha: Romeo, sending you 1
2024-10-15 04:27:42.920915 Tango: X-ray and Echo, sending you 5
2024-10-15 04:27:42.921336 Foxtrot: Mike, sending you 5
2024-10-15 04:27:42.921904 Zulu: Mike, sending you 4
2024-10-15 04:27:42.924420 Mike: Zulu, sending you 4
2024-10-15 04:27:42.924962 Tango: Alpha, sending you 2
2024-10-15 04:27:42.925428 Alpha: Tango, sending you 2
2024-10-15 04:27:42.925914 Foxtrot: Zulu, sending you 3
chatterbot Foxtrot submitting transactions
chatterbot Echo submitting transactions
chatterbot Tango submitting transactions
chatterbot Quebec submitting transactions
chatterbot Kilo submitting transactions
chatterbot Alpha submitting transactions
chatterbot X-ray submitting transactions
ChatterBot Foxtrot round 4
ChatterBot X-ray round 4
ChatterBot Kilo round 4
ChatterBot Romeo round 4
ChatterBot Echo round 4
ChatterBot Tango round 4
ChatterBot Mike round 4
ChatterBot Quebec round 4
ChatterBot Zulu round 4
ChatterBot Alpha round 4
2024-10-15 04:27:43.395704 Alpha: We should drop Romeo
ChatterBot Echo reevaluating
2024-10-15 04:27:43.408831 Tango: Yes
2024-10-15 04:27:43.409073 X-ray: Yes
2024-10-15 04:27:43.409254 Echo: Yes
ChatterBot Echo reevaluating
ChatterBot Echo reevaluating
2024-10-15 04:27:43.449914 Foxtrot: Kilo, sending you 5
2024-10-15 04:27:43.450681 X-ray: Echo and Alpha, sending you 5
2024-10-15 04:27:43.452232 Kilo: Same as last round
2024-10-15 04:27:43.453752 Tango: X-ray and Echo, sending you 5
2024-10-15 04:27:43.454352 Romeo: Foxtrot, sending you 4
2024-10-15 04:27:43.455902 Foxtrot: Romeo and Zulu, sending you 3
2024-10-15 04:27:43.478652 X-ray: Tango, sending you 6
2024-10-15 04:27:43.479165 Quebec: Foxtrot, sending you 1
2024-10-15 04:27:43.480195 Mike: Foxtrot and Kilo, sending you 5
2024-10-15 04:27:43.480692 Tango: Alpha, sending you 2
2024-10-15 04:27:43.481299 Zulu: Foxtrot, sending you 3
2024-10-15 04:27:43.482272 Foxtrot: Mike, sending you 6
2024-10-15 04:27:43.482800 Romeo: Mike, sending you 3
2024-10-15 04:27:43.484012 Mike: Romeo, sending you 2
2024-10-15 04:27:43.495054 Zulu: Kilo and Romeo, sending you 5
2024-10-15 04:27:43.495666 Romeo: Zulu, sending you 8
2024-10-15 04:27:43.496891 Alpha: Sending you each 3
2024-10-15 04:27:43.497304 Mike: Zulu, sending you 4
2024-10-15 04:27:43.508420 Zulu: Echo, sending you 2
2024-10-15 04:27:43.521205 Zulu: Mike, sending you 4
chatterbot X-ray submitting transactions
chatterbot Tango submitting transactions
chatterbot Kilo submitting transactions
chatterbot Foxtrot submitting transactions
chatterbot Romeo submitting transactions
chatterbot Alpha submitting transactions
chatterbot Zulu submitting transactions
chatterbot Mike submitting transactions
chatterbot Quebec submitting transactions
chatterbot Echo submitting transactions
ChatterBot Foxtrot round 5
ChatterBot X-ray round 5
ChatterBot Kilo round 5
ChatterBot Romeo round 5
ChatterBot Echo round 5
ChatterBot Tango round 5
ChatterBot Mike round 5
ChatterBot Quebec round 5
ChatterBot Zulu round 5
ChatterBot Alpha round 5
2024-10-15 04:27:44.928843 Echo: We should replace Romeo with Quebec
ChatterBot X-ray reevaluating
ChatterBot Alpha reevaluating
2024-10-15 04:27:44.948558 Tango: No
2024-10-15 04:27:44.949409 X-ray: Yes
2024-10-15 04:27:44.949666 Alpha: Yes
ChatterBot X-ray reevaluating
ChatterBot Alpha reevaluating
ChatterBot Alpha reevaluating
ChatterBot X-ray reevaluating
ChatterBot Echo reevaluating
2024-10-15 04:27:45.012273 Alpha: We should add Quebec
ChatterBot Tango reevaluating
ChatterBot X-ray reevaluating
ChatterBot Echo reevaluating
2024-10-15 04:27:45.025137 Tango: Yes
2024-10-15 04:27:45.025287 X-ray: Yes
2024-10-15 04:27:45.025379 Echo: Yes
ChatterBot X-ray reevaluating
ChatterBot Echo reevaluating
ChatterBot Alpha reevaluating
ChatterBot Tango reevaluating
ChatterBot Echo reevaluating
ChatterBot Alpha reevaluating
ChatterBot Tango reevaluating
ChatterBot X-ray reevaluating
ChatterBot Alpha reevaluating
2024-10-15 04:27:45.084854 Foxtrot: Kilo, sending you 5
2024-10-15 04:27:45.085379 Alpha: Quebec we want you to join our group
2024-10-15 04:27:45.089382 Quebec: No
ChatterBot Echo reevaluating
ChatterBot Tango reevaluating
2024-10-15 04:27:45.106278 Zulu: We should drop Echo
2024-10-15 04:27:45.121510 Foxtrot: Yes
2024-10-15 04:27:45.122061 Kilo: Yes
2024-10-15 04:27:45.122221 Romeo: Yes
2024-10-15 04:27:45.122345 Mike: Yes
2024-10-15 04:27:45.181635 X-ray: Quebec we want you to join our group
2024-10-15 04:27:45.186253 Quebec: No
ChatterBot Echo reevaluating
ChatterBot Tango reevaluating
2024-10-15 04:27:45.203336 Quebec: Foxtrot, sending you 2
2024-10-15 04:27:45.203745 Foxtrot: Romeo and Zulu, sending you 3
2024-10-15 04:27:45.246582 Echo: Quebec we want you to join our group
2024-10-15 04:27:45.251250 Quebec: No
ChatterBot Echo reevaluating
ChatterBot Tango reevaluating
2024-10-15 04:27:45.266767 Mike: Foxtrot and Kilo, sending you 5
2024-10-15 04:27:45.267229 Kilo: Same as last round
2024-10-15 04:27:45.268182 Romeo: Foxtrot, sending you 4
2024-10-15 04:27:45.268553 Foxtrot: Mike, sending you 6
2024-10-15 04:27:45.275757 Mike: Romeo, sending you 2
2024-10-15 04:27:45.276268 Romeo: Mike, sending you 3
2024-10-15 04:27:45.277408 X-ray: Echo and Alpha, sending you 4
2024-10-15 04:27:45.277810 Alpha: X-ray and Echo, sending you 3
2024-10-15 04:27:45.278122 Tango: Quebec we want you to join our group
2024-10-15 04:27:45.282762 Quebec: No
ChatterBot Tango reevaluating
2024-10-15 04:27:45.297655 Zulu: Foxtrot, sending you 3
2024-10-15 04:27:45.298813 Mike: Zulu, sending you 4
2024-10-15 04:27:45.299351 Romeo: Zulu, sending you 9
2024-10-15 04:27:45.299922 X-ray: Tango, sending you 5
2024-10-15 04:27:45.300888 Alpha: Tango, sending you 2
2024-10-15 04:27:45.302867 Zulu: Kilo, sending you 6
2024-10-15 04:27:45.325480 Alpha: Quebec, sending you 1
2024-10-15 04:27:45.326382 X-ray: Quebec, sending you 3
2024-10-15 04:27:45.326844 Zulu: Romeo and Mike, sending you 5
2024-10-15 04:27:45.658391 Echo: X-ray and Tango, sending you 6
chatterbot Romeo submitting transactions
chatterbot Quebec submitting transactions
chatterbot Kilo submitting transactions
chatterbot Zulu submitting transactions
2024-10-15 04:27:45.669560 Echo: Quebec, sending you 3
2024-10-15 04:27:45.686841 Echo: Alpha, sending you 5
2024-10-15 04:27:45.687847 Tango: X-ray, sending you 5
2024-10-15 04:27:45.692975 Tango: Echo, sending you 4
2024-10-15 04:27:45.700466 Tango: Quebec, sending you 1
2024-10-15 04:27:45.712233 Tango: Alpha, sending you 2
chatterbot Alpha submitting transactions
chatterbot Foxtrot submitting transactions
chatterbot X-ray submitting transactions
chatterbot Mike submitting transactions
chatterbot Tango submitting transactions
chatterbot Echo submitting transactions
ChatterBot Foxtrot round 6
ChatterBot X-ray round 6
ChatterBot Kilo round 6
ChatterBot Romeo round 6
ChatterBot Echo round 6
ChatterBot Tango round 6
ChatterBot Mike round 6
ChatterBot Quebec round 6
ChatterBot Zulu round 6
ChatterBot Alpha round 6
2024-10-15 04:27:46.580683 Foxtrot: Kilo, sending you 5
2024-10-15 04:27:46.581257 X-ray: Echo and Alpha, sending you 4
2024-10-15 04:27:46.584997 Foxtrot: Romeo and Zulu, sending you 3
2024-10-15 04:27:46.586661 X-ray: Tango, sending you 5
2024-10-15 04:27:46.587680 Foxtrot: Mike, sending you 6
2024-10-15 04:27:46.589666 X-ray: Quebec, sending you 3
2024-10-15 04:27:46.591688 Mike: Foxtrot and Kilo, sending you 5
2024-10-15 04:27:46.593792 Quebec: Foxtrot, Kilo, Romeo and Zulu, sending you 1
2024-10-15 04:27:46.594699 Echo: X-ray and Tango, sending you 6
2024-10-15 04:27:46.595339 Tango: X-ray, sending you 5
2024-10-15 04:27:46.595867 Mike: Romeo, sending you 2
2024-10-15 04:27:46.596510 Alpha: X-ray and Echo, sending you 3
2024-10-15 04:27:46.597861 Echo: Quebec, sending you 3
2024-10-15 04:27:46.599705 Romeo: Foxtrot, sending you 5
2024-10-15 04:27:46.600408 Tango: Echo, sending you 4
2024-10-15 04:27:46.601691 Mike: Zulu, sending you 4
2024-10-15 04:27:46.602195 Alpha: Tango, sending you 2
2024-10-15 04:27:46.602600 Kilo: Same as last round
2024-10-15 04:27:46.602977 Echo: Alpha, sending you 5
2024-10-15 04:27:46.603703 Romeo: Mike, sending you 3
2024-10-15 04:27:46.605391 Tango: Quebec, sending you 1
2024-10-15 04:27:46.605913 Alpha: Quebec, sending you 1
2024-10-15 04:27:46.607684 Zulu: Foxtrot, sending you 2
2024-10-15 04:27:46.608867 Romeo: Zulu, sending you 9
2024-10-15 04:27:46.609705 Tango: Alpha, sending you 2
2024-10-15 04:27:46.612671 Zulu: Kilo, sending you 6
2024-10-15 04:27:46.616185 Zulu: Romeo, sending you 4
2024-10-15 04:27:46.620675 Zulu: Mike, sending you 5
chatterbot Tango submitting transactions
chatterbot Echo submitting transactions
chatterbot Foxtrot submitting transactions
chatterbot Romeo submitting transactions
chatterbot Zulu submitting transactions
chatterbot X-ray submitting transactions
chatterbot Mike submitting transactions
chatterbot Quebec submitting transactions
chatterbot Kilo submitting transactions
chatterbot Alpha submitting transactions
ChatterBot Foxtrot round 7
ChatterBot X-ray round 7
ChatterBot Kilo round 7
ChatterBot Romeo round 7
ChatterBot Echo round 7
ChatterBot Tango round 7
ChatterBot Mike round 7
ChatterBot Quebec round 7
ChatterBot Zulu round 7
ChatterBot Alpha round 7
2024-10-15 04:27:47.837039 X-ray: Echo and Alpha, sending you 4
2024-10-15 04:27:47.842867 Quebec: Foxtrot, sending you 2
2024-10-15 04:27:47.843523 X-ray: Tango, sending you 5
2024-10-15 04:27:47.846712 Quebec: Kilo, Romeo, Mike and Zulu, sending you 1
2024-10-15 04:27:47.847466 Echo: X-ray and Tango, sending you 6
2024-10-15 04:27:47.848540 Tango: X-ray, sending you 5
2024-10-15 04:27:47.849142 Romeo: Foxtrot, sending you 5
2024-10-15 04:27:47.850237 Foxtrot: Kilo, sending you 5
2024-10-15 04:27:47.850670 X-ray: Quebec, sending you 3
2024-10-15 04:27:47.851143 Kilo: Same as last round
2024-10-15 04:27:47.852372 Echo: Quebec, sending you 3
2024-10-15 04:27:47.853680 Tango: Echo, sending you 4
2024-10-15 04:27:47.854145 Foxtrot: Romeo and Zulu, sending you 3
2024-10-15 04:27:47.854797 Romeo: Mike, sending you 4
2024-10-15 04:27:47.856144 Zulu: Foxtrot, sending you 2
2024-10-15 04:27:47.857397 Alpha: X-ray and Echo, sending you 3
2024-10-15 04:27:47.858033 Echo: Alpha, sending you 5
2024-10-15 04:27:47.863490 Tango: Quebec, sending you 1
2024-10-15 04:27:47.864993 Mike: Foxtrot and Kilo, sending you 5
2024-10-15 04:27:47.865697 Foxtrot: Mike, sending you 6
2024-10-15 04:27:47.866336 Romeo: Quebec, sending you 1
2024-10-15 04:27:47.867533 Zulu: Kilo, sending you 6
2024-10-15 04:27:47.868071 Alpha: Tango, sending you 2
2024-10-15 04:27:47.869409 Tango: Alpha, sending you 2
2024-10-15 04:27:47.890897 Mike: Romeo, sending you 2
2024-10-15 04:27:47.892336 Romeo: Zulu, sending you 8
2024-10-15 04:27:47.892868 Zulu: Romeo, sending you 4
2024-10-15 04:27:47.894241 Alpha: Quebec, sending you 1
2024-10-15 04:27:47.895124 Mike: Zulu, sending you 4
2024-10-15 04:27:47.910766 Zulu: Mike, sending you 5
chatterbot Alpha submitting transactions
chatterbot Quebec submitting transactions
chatterbot Zulu submitting transactions
chatterbot Echo submitting transactions
chatterbot Mike submitting transactions
chatterbot Romeo submitting transactions
chatterbot Tango submitting transactions
chatterbot X-ray submitting transactions
chatterbot Kilo submitting transactions
chatterbot Foxtrot submitting transactions
ChatterBot Foxtrot round 8
ChatterBot X-ray round 8
ChatterBot Kilo round 8
ChatterBot Romeo round 8
ChatterBot Echo round 8
ChatterBot Tango round 8
ChatterBot Mike round 8
ChatterBot Quebec round 8
ChatterBot Zulu round 8
ChatterBot Alpha round 8
2024-10-15 04:27:49.094472 Zulu: We should add Quebec
ChatterBot Foxtrot reevaluating
ChatterBot Mike reevaluating
2024-10-15 04:27:49.124533 Foxtrot: Yes
2024-10-15 04:27:49.124788 Kilo: No
2024-10-15 04:27:49.125054 Romeo: Yes
2024-10-15 04:27:49.125284 Mike: Yes
ChatterBot Mike reevaluating
ChatterBot Foxtrot reevaluating
ChatterBot Mike reevaluating
ChatterBot Foxtrot reevaluating
ChatterBot Mike reevaluating
ChatterBot Foxtrot reevaluating
2024-10-15 04:27:49.238038 Zulu: Quebec we want you to join our group
2024-10-15 04:27:49.245789 Quebec: Yes
ChatterBot Mike reevaluating
ChatterBot Foxtrot reevaluating
2024-10-15 04:27:49.280645 X-ray: Echo and Alpha, sending you 5
2024-10-15 04:27:49.281486 Kilo: Same as last round
2024-10-15 04:27:49.311033 X-ray: Tango, sending you 6
2024-10-15 04:27:49.312154 Tango: X-ray, sending you 5
2024-10-15 04:27:49.312621 Echo: X-ray and Tango, sending you 6
2024-10-15 04:27:49.313481 Romeo: Foxtrot, sending you 5
2024-10-15 04:27:49.314105 Foxtrot: Quebec we want you to join our group
2024-10-15 04:27:49.317957 Quebec: Yes
ChatterBot Foxtrot reevaluating
2024-10-15 04:27:49.338674 Quebec: Foxtrot and Romeo, sending you 2
2024-10-15 04:27:49.340327 Mike: Quebec we want you to join our group
2024-10-15 04:27:49.347034 Quebec: Yes
ChatterBot Foxtrot reevaluating
2024-10-15 04:27:49.374882 Tango: Echo, sending you 4
2024-10-15 04:27:49.375824 Echo: Quebec, sending you 3
2024-10-15 04:27:49.377349 Romeo: Mike, sending you 4
2024-10-15 04:27:49.378547 Quebec: Kilo, Mike and Zulu, sending you 1
2024-10-15 04:27:49.380651 Zulu: Foxtrot, sending you 3
2024-10-15 04:27:49.382275 Alpha: X-ray and Echo, sending you 3
2024-10-15 04:27:49.383735 Tango: Quebec, sending you 1
2024-10-15 04:27:49.384583 Echo: Alpha, sending you 5
2024-10-15 04:27:49.385972 Romeo: Quebec, sending you 1
2024-10-15 04:27:49.386769 Zulu: Kilo, sending you 5
2024-10-15 04:27:49.388377 Alpha: Tango, sending you 2
2024-10-15 04:27:49.389992 Tango: Alpha, sending you 2
2024-10-15 04:27:49.414339 Zulu: Romeo and Mike, sending you 4
2024-10-15 04:27:49.415603 Romeo: Zulu, sending you 8
2024-10-15 04:27:49.417361 Alpha: Quebec, sending you 1
chatterbot Echo submitting transactions
2024-10-15 04:27:49.430264 Zulu: Quebec, sending you 1
2024-10-15 04:27:49.432013 Mike: Foxtrot and Kilo, sending you 5
2024-10-15 04:27:49.446706 Foxtrot: Kilo and Mike, sending you 5
2024-10-15 04:27:49.447937 Mike: Romeo, sending you 2
chatterbot X-ray submitting transactions
2024-10-15 04:27:49.485696 Foxtrot: Romeo and Zulu, sending you 3
2024-10-15 04:27:49.486941 Mike: Zulu, sending you 4
2024-10-15 04:27:49.493028 Foxtrot: Quebec, sending you 1
chatterbot Alpha submitting transactions
chatterbot Mike submitting transactions
chatterbot Quebec submitting transactions
chatterbot Kilo submitting transactions
chatterbot Romeo submitting transactions
chatterbot Tango submitting transactions
chatterbot Zulu submitting transactions
chatterbot Foxtrot submitting transactions
ChatterBot Foxtrot round 9
ChatterBot X-ray round 9
ChatterBot Kilo round 9
ChatterBot Romeo round 9
ChatterBot Echo round 9
ChatterBot Tango round 9
ChatterBot Mike round 9
ChatterBot Quebec round 9
ChatterBot Zulu round 9
ChatterBot Alpha round 9
2024-10-15 04:27:50.976410 Foxtrot: Kilo and Mike, sending you 5
2024-10-15 04:27:50.978530 Echo: X-ray and Tango, sending you 7
2024-10-15 04:27:50.997541 Kilo: Same as last round
2024-10-15 04:27:50.999474 Foxtrot: Romeo and Zulu, sending you 3
2024-10-15 04:27:51.001605 X-ray: Echo and Alpha, sending you 5
2024-10-15 04:27:51.003567 Echo: Alpha, sending you 6
2024-10-15 04:27:51.005725 Romeo: Foxtrot, sending you 5
2024-10-15 04:27:51.008496 Tango: X-ray, sending you 5
2024-10-15 04:27:51.010955 Alpha: X-ray and Echo, sending you 3
2024-10-15 04:27:51.013561 Quebec: Foxtrot, Romeo and Zulu, sending you 2
2024-10-15 04:27:51.016009 Zulu: Foxtrot, sending you 3
2024-10-15 04:27:51.019155 Mike: Foxtrot and Kilo, sending you 5
2024-10-15 04:27:51.021975 Foxtrot: Quebec, sending you 1
2024-10-15 04:27:51.024170 X-ray: Tango, sending you 6
2024-10-15 04:27:51.025986 Romeo: Mike, sending you 4
2024-10-15 04:27:51.027548 Tango: Echo, sending you 4
2024-10-15 04:27:51.029297 Alpha: Tango, sending you 2
2024-10-15 04:27:51.031144 Quebec: Kilo and Mike, sending you 1
2024-10-15 04:27:51.032284 Zulu: Kilo, sending you 5
2024-10-15 04:27:51.034290 Mike: Romeo, sending you 2
2024-10-15 04:27:51.035924 Romeo: Quebec, sending you 2
2024-10-15 04:27:51.036750 Tango: Quebec, sending you 1
2024-10-15 04:27:51.038374 Alpha: Quebec, sending you 1
2024-10-15 04:27:51.039468 Zulu: Romeo and Mike, sending you 4
2024-10-15 04:27:51.040999 Mike: Zulu, sending you 4
2024-10-15 04:27:51.041819 Romeo: Zulu, sending you 8
2024-10-15 04:27:51.043377 Tango: Alpha, sending you 2
2024-10-15 04:27:51.045140 Zulu: Quebec, sending you 1
chatterbot Tango submitting transactions
chatterbot Kilo submitting transactions
chatterbot Romeo submitting transactions
chatterbot Foxtrot submitting transactions
chatterbot Quebec submitting transactions
chatterbot Mike submitting transactions
chatterbot Alpha submitting transactions
chatterbot Zulu submitting transactions
chatterbot Echo submitting transactions
chatterbot X-ray submitting transactions
ChatterBot Foxtrot round 10
ChatterBot X-ray round 10
ChatterBot Kilo round 10
ChatterBot Romeo round 10
ChatterBot Echo round 10
ChatterBot Tango round 10
ChatterBot Mike round 10
2024-10-15 04:27:51.978877 Kilo: We should group up
2024-10-15 04:27:51.982123 Quebec: Yes
ChatterBot Quebec round 10
ChatterBot Zulu round 10
ChatterBot Alpha round 10
2024-10-15 04:27:52.020655 Foxtrot: Kilo and Mike, sending you 5
2024-10-15 04:27:52.023144 Romeo: Foxtrot, sending you 5
2024-10-15 04:27:52.024661 Kilo: Sending you 13
2024-10-15 04:27:52.025182 Echo: X-ray and Tango, sending you 7
2024-10-15 04:27:52.026549 Foxtrot: Romeo and Zulu, sending you 3
2024-10-15 04:27:52.027471 X-ray: Echo and Alpha, sending you 5
2024-10-15 04:27:52.028164 Mike: Foxtrot and Kilo, sending you 5
2024-10-15 04:27:52.029847 Quebec: Foxtrot, Romeo and Zulu, sending you 2
2024-10-15 04:27:52.030741 Echo: Alpha, sending you 6
2024-10-15 04:27:52.032039 Romeo: Mike, sending you 4
2024-10-15 04:27:52.032979 Foxtrot: Quebec, sending you 1
2024-10-15 04:27:52.033904 X-ray: Tango, sending you 6
2024-10-15 04:27:52.035026 Mike: Romeo, sending you 2
2024-10-15 04:27:52.035885 Quebec: Kilo and Mike, sending you 1
2024-10-15 04:27:52.037673 Romeo: Quebec, sending you 2
2024-10-15 04:27:52.039043 Zulu: Foxtrot and Romeo, sending you 3
2024-10-15 04:27:52.040692 Mike: Zulu, sending you 4
2024-10-15 04:27:52.043667 Romeo: Zulu, sending you 8
2024-10-15 04:27:52.044566 Alpha: X-ray and Echo, sending you 3
2024-10-15 04:27:52.045208 Zulu: Kilo, sending you 5
2024-10-15 04:27:52.049672 Alpha: Tango, sending you 2
2024-10-15 04:27:52.050665 Zulu: Mike, sending you 4
2024-10-15 04:27:52.052788 Alpha: Quebec, sending you 1
2024-10-15 04:27:52.053652 Zulu: Quebec, sending you 1
chatterbot Kilo submitting transactions
chatterbot Romeo submitting transactions
chatterbot Mike submitting transactions
chatterbot X-ray submitting transactions
chatterbot Foxtrot submitting transactions
chatterbot Alpha submitting transactions
chatterbot Zulu submitting transactions
chatterbot Echo submitting transactions
chatterbot Quebec submitting transactions
chatterbot Tango submitting transactions
ChatterBot Foxtrot round 11
ChatterBot X-ray round 11
ChatterBot Kilo round 11
ChatterBot Romeo round 11
ChatterBot Echo round 11
ChatterBot Tango round 11
ChatterBot Mike round 11
ChatterBot Quebec round 11
ChatterBot Zulu round 11
ChatterBot Alpha round 11
2024-10-15 04:27:53.191342 Quebec: We should add X-ray
ChatterBot Romeo reevaluating
ChatterBot Kilo reevaluating
2024-10-15 04:27:53.229874 Romeo: Yes
2024-10-15 04:27:53.230188 Mike: Yes
2024-10-15 04:27:53.230406 Foxtrot: Yes
2024-10-15 04:27:53.230593 Kilo: Yes
2024-10-15 04:27:53.230790 Zulu: Yes
ChatterBot Kilo reevaluating
ChatterBot Romeo reevaluating
ChatterBot Kilo reevaluating
ChatterBot Romeo reevaluating
ChatterBot Kilo reevaluating
ChatterBot Romeo reevaluating
ChatterBot Romeo reevaluating
ChatterBot Kilo reevaluating
2024-10-15 04:27:53.385794 Quebec: X-ray we want you to join our group
2024-10-15 04:27:53.395307 X-ray: No
ChatterBot Kilo reevaluating
ChatterBot Romeo reevaluating
ChatterBot Zulu reevaluating
2024-10-15 04:27:53.431118 Echo: X-ray and Tango, sending you 7
2024-10-15 04:27:53.433532 X-ray: Echo, sending you 6
2024-10-15 04:27:53.435278 Foxtrot: I was attacked by Tango
ChatterBot Romeo reevaluating
ChatterBot Quebec reevaluating
ChatterBot Mike reevaluating
ChatterBot Kilo reevaluating
ChatterBot Zulu reevaluating
2024-10-15 04:27:53.463681 Foxtrot: I'm keeping this round to protect myself
2024-10-15 04:27:53.468103 Foxtrot: Ow
2024-10-15 04:27:53.470499 Echo: Alpha, sending you 6
2024-10-15 04:27:53.473106 X-ray: Tango and Alpha, sending you 5
2024-10-15 04:27:53.475477 Tango: X-ray, sending you 5
2024-10-15 04:27:53.502241 Alpha: X-ray, sending you 4
2024-10-15 04:27:53.504261 Romeo: X-ray we want you to join our group
2024-10-15 04:27:53.509426 X-ray: No
ChatterBot Quebec reevaluating
ChatterBot Kilo reevaluating
ChatterBot Romeo reevaluating
ChatterBot Mike reevaluating
ChatterBot Zulu reevaluating
2024-10-15 04:27:53.540331 Tango: Echo, sending you 4
chatterbot Tango submitting transactions
2024-10-15 04:27:53.547877 Alpha: Echo, sending you 3
chatterbot Echo submitting transactions
2024-10-15 04:27:53.550757 Zulu: X-ray we want you to join our group
2024-10-15 04:27:53.556925 X-ray: No
ChatterBot Quebec reevaluating
ChatterBot Kilo reevaluating
ChatterBot Romeo reevaluating
ChatterBot Mike reevaluating
ChatterBot Zulu reevaluating
2024-10-15 04:27:53.582790 Tango: Alpha, sending you 3
2024-10-15 04:27:53.584086 Alpha: Tango, sending you 2
2024-10-15 04:27:53.660425 Zulu: Foxtrot and Romeo, sending you 3
2024-10-15 04:27:53.745803 Kilo: X-ray, sending you 4
2024-10-15 04:27:53.746729 Romeo: Foxtrot, sending you 6
2024-10-15 04:27:53.749093 Mike: Foxtrot, sending you 5
2024-10-15 04:27:53.750775 Zulu: Kilo, sending you 4
2024-10-15 04:27:53.752913 Kilo: Echo, sending you 5
2024-10-15 04:27:53.754608 Romeo: Mike, sending you 4
2024-10-15 04:27:53.757044 Mike: Kilo and Zulu, sending you 4
2024-10-15 04:27:53.758415 Quebec: Foxtrot, X-ray, Romeo, Mike and Zulu, sending you 1
2024-10-15 04:27:53.760621 Zulu: Mike, sending you 5
2024-10-15 04:27:53.763511 Kilo: Tango and Alpha, sending you 3
2024-10-15 04:27:53.764919 Romeo: Quebec, sending you 2
2024-10-15 04:27:53.766834 Mike: Romeo, sending you 2
2024-10-15 04:27:53.768371 Quebec: Kilo, sending you 4
2024-10-15 04:27:53.769652 Zulu: Quebec, sending you 1
2024-10-15 04:27:53.771839 Romeo: Zulu, sending you 8
2024-10-15 04:27:53.773164 Mike: Quebec, sending you 1
chatterbot Foxtrot submitting transactions
chatterbot X-ray submitting transactions
chatterbot Romeo submitting transactions
chatterbot Mike submitting transactions
chatterbot Quebec submitting transactions
chatterbot Zulu submitting transactions
chatterbot Kilo submitting transactions
chatterbot Alpha submitting transactions
ChatterBot Foxtrot round 12
ChatterBot X-ray round 12
ChatterBot Kilo round 12
ChatterBot Romeo round 12
ChatterBot Echo round 12
ChatterBot Tango round 12
ChatterBot Mike round 12
ChatterBot Quebec round 12
ChatterBot Zulu round 12
ChatterBot Alpha round 12
2024-10-15 04:27:54.508790 Zulu: We should add X-ray
2024-10-15 04:27:54.524759 Romeo: Yes
2024-10-15 04:27:54.524998 Quebec: Yes
2024-10-15 04:27:54.525196 Mike: Yes
2024-10-15 04:27:54.525360 Foxtrot: Yes
2024-10-15 04:27:54.525526 Kilo: Yes
ChatterBot Kilo reevaluating
ChatterBot Kilo reevaluating
ChatterBot Kilo reevaluating
2024-10-15 04:27:54.610059 Zulu: X-ray we want you to join our group
2024-10-15 04:27:54.613828 X-ray: No
ChatterBot Kilo reevaluating
2024-10-15 04:27:54.636671 Mike: Foxtrot, sending you 4
2024-10-15 04:27:54.637812 Foxtrot: Kilo, Romeo and Zulu, sending you 1
2024-10-15 04:27:54.639220 Echo: X-ray and Tango, sending you 7
2024-10-15 04:27:54.642185 Mike: Kilo and Romeo, sending you 3
2024-10-15 04:27:54.643669 Foxtrot: Mike, sending you 2
2024-10-15 04:27:54.644318 Echo: Alpha, sending you 6
2024-10-15 04:27:54.645257 Tango: X-ray and Echo, sending you 5
2024-10-15 04:27:54.645752 X-ray: Echo and Alpha, sending you 4
2024-10-15 04:27:54.646681 Mike: Quebec, sending you 1
2024-10-15 04:27:54.648681 Tango: Alpha, sending you 2
2024-10-15 04:27:54.649684 Zulu: Foxtrot, sending you 2
2024-10-15 04:27:54.651034 X-ray: Tango, sending you 5
2024-10-15 04:27:54.651677 Mike: Zulu, sending you 5
2024-10-15 04:27:54.653753 Quebec: Foxtrot, X-ray, Romeo, Mike and Zulu, sending you 1
2024-10-15 04:27:54.654679 Zulu: Kilo and Romeo, sending you 3
2024-10-15 04:27:54.655984 Alpha: X-ray, sending you 4
2024-10-15 04:27:54.657091 X-ray: Quebec, sending you 3
2024-10-15 04:27:54.658368 Romeo: Foxtrot and Mike, sending you 4
2024-10-15 04:27:54.659146 Quebec: Kilo, sending you 2
2024-10-15 04:27:54.660691 Alpha: Echo, sending you 3
2024-10-15 04:27:54.661608 Kilo: Romeo and Quebec, sending you 3
2024-10-15 04:27:54.663219 Zulu: Mike, sending you 4
2024-10-15 04:27:54.664255 Romeo: Quebec, sending you 2
2024-10-15 04:27:54.666016 Alpha: Tango, sending you 2
2024-10-15 04:27:54.667294 Zulu: Quebec, sending you 1
2024-10-15 04:27:54.669124 Kilo: Mike, sending you 4
2024-10-15 04:27:54.671052 Romeo: Zulu, sending you 7
2024-10-15 04:27:54.674683 Kilo: Zulu, sending you 5
chatterbot Mike submitting transactions
chatterbot Foxtrot submitting transactions
chatterbot X-ray submitting transactions
chatterbot Alpha submitting transactions
chatterbot Zulu submitting transactions
chatterbot Romeo submitting transactions
chatterbot Echo submitting transactions
chatterbot Kilo submitting transactions
chatterbot Tango submitting transactions
chatterbot Quebec submitting transactions
ChatterBot Foxtrot round 13
ChatterBot X-ray round 13
ChatterBot Kilo round 13
ChatterBot Romeo round 13
ChatterBot Echo round 13
ChatterBot Tango round 13
ChatterBot Mike round 13
ChatterBot Quebec round 13
ChatterBot Zulu round 13
ChatterBot Alpha round 13
2024-10-15 04:27:55.854065 Tango: We should drop Quebec
ChatterBot Echo reevaluating
ChatterBot Alpha reevaluating
2024-10-15 04:27:55.865190 X-ray: No
2024-10-15 04:27:55.865385 Echo: Yes
2024-10-15 04:27:55.866076 Alpha: Yes
ChatterBot Tango reevaluating
ChatterBot Echo reevaluating
ChatterBot Alpha reevaluating
ChatterBot Tango reevaluating
ChatterBot X-ray reevaluating
ChatterBot Alpha reevaluating
ChatterBot Tango reevaluating
ChatterBot X-ray reevaluating
ChatterBot Echo reevaluating
2024-10-15 04:27:55.901680 Kilo: X-ray, sending you 4
2024-10-15 04:27:55.902961 Romeo: Foxtrot, sending you 4
2024-10-15 04:27:55.905022 Foxtrot: Kilo, Romeo and Zulu, sending you 3
2024-10-15 04:27:55.906819 Quebec: Foxtrot, X-ray, Romeo, Mike and Zulu, sending you 1
2024-10-15 04:27:55.907582 Kilo: Echo, sending you 5
2024-10-15 04:27:55.908593 Mike: Foxtrot and Kilo, sending you 4
2024-10-15 04:27:55.910524 Romeo: Kilo and Quebec, sending you 2
2024-10-15 04:27:55.911061 Foxtrot: Mike, sending you 5
2024-10-15 04:27:55.912313 Zulu: Foxtrot and Romeo, sending you 3
2024-10-15 04:27:55.912971 Echo: Mike we want you to join our group
ChatterBot Mike reevaluating
2024-10-15 04:27:55.917057 Mike: No
ChatterBot X-ray reevaluating
ChatterBot Tango reevaluating
ChatterBot Alpha reevaluating
2024-10-15 04:27:55.929964 Mike: We should add X-ray
2024-10-15 04:27:55.930206 X-ray: We should add Foxtrot
ChatterBot Tango reevaluating
ChatterBot Echo reevaluating
ChatterBot Alpha reevaluating
2024-10-15 04:27:55.956795 Romeo: Yes
2024-10-15 04:27:55.957006 Quebec: Yes
2024-10-15 04:27:55.957181 Foxtrot: Yes
2024-10-15 04:27:55.957336 Kilo: Yes
2024-10-15 04:27:55.957552 Zulu: Yes
2024-10-15 04:27:55.957718 Tango: No
2024-10-15 04:27:55.957892 Echo: Yes
2024-10-15 04:27:55.958039 Alpha: Yes
ChatterBot Mike reevaluating
ChatterBot X-ray reevaluating
ChatterBot Echo reevaluating
ChatterBot Alpha reevaluating
ChatterBot Mike reevaluating
ChatterBot Tango reevaluating
ChatterBot X-ray reevaluating
ChatterBot Alpha reevaluating
ChatterBot Mike reevaluating
ChatterBot Tango reevaluating
ChatterBot X-ray reevaluating
ChatterBot Echo reevaluating
ChatterBot Mike reevaluating
ChatterBot Mike reevaluating
2024-10-15 04:27:56.078239 Quebec: Kilo, sending you 4
2024-10-15 04:27:56.078814 Kilo: Tango and Alpha, sending you 3
2024-10-15 04:27:56.079358 Romeo: Mike, sending you 5
2024-10-15 04:27:56.079817 Foxtrot: Quebec, sending you 2
2024-10-15 04:27:56.080390 Zulu: Kilo, sending you 4
2024-10-15 04:27:56.081083 Tango: We should replace Quebec with Foxtrot
ChatterBot X-ray reevaluating
ChatterBot Echo reevaluating
ChatterBot Alpha reevaluating
2024-10-15 04:27:56.089581 X-ray: Yes
2024-10-15 04:27:56.089767 Echo: Yes
2024-10-15 04:27:56.089934 Alpha: Yes
ChatterBot Tango reevaluating
ChatterBot Echo reevaluating
ChatterBot Alpha reevaluating
ChatterBot Tango reevaluating
ChatterBot X-ray reevaluating
ChatterBot Alpha reevaluating
ChatterBot Tango reevaluating
ChatterBot X-ray reevaluating
ChatterBot Echo reevaluating
2024-10-15 04:27:56.117221 Romeo: Zulu, sending you 7
2024-10-15 04:27:56.117933 Zulu: Mike, sending you 5
2024-10-15 04:27:56.120663 Zulu: Quebec, sending you 1
2024-10-15 04:27:56.123744 X-ray: Foxtrot we want you to join our group
2024-10-15 04:27:56.127389 Foxtrot: No
ChatterBot X-ray reevaluating
ChatterBot Echo reevaluating
ChatterBot Tango reevaluating
ChatterBot Alpha reevaluating
chatterbot Quebec submitting transactions
