ChatterBot Quebec round 1
ChatterBot November round 1
ChatterBot Oscar round 1
ChatterBot India round 1
ChatterBot Bravo round 1
ChatterBot Papa round 1
ChatterBot Mike round 1
ChatterBot Foxtrot round 1
ChatterBot Alpha round 1
randomSelections Oscar: {Oscar, India} 
2024-10-15 04:27:37.106579 Oscar: We should group up
ChatterBot India reevaluating
2024-10-15 04:27:37.111090 India: Yes
ChatterBot Delta round 1
randomSelections November: {November, Papa, Quebec, India, Delta, Mike, Bravo, Oscar} 
2024-10-15 04:27:37.116553 November: Group up?
ChatterBot Papa reevaluating
ChatterBot Quebec reevaluating
ChatterBot India reevaluating
ChatterBot Delta reevaluating
ChatterBot Mike reevaluating
ChatterBot Bravo reevaluating
2024-10-15 04:27:37.168279 Papa: Yes
2024-10-15 04:27:37.168507 Quebec: Yes
2024-10-15 04:27:37.168692 India: No
2024-10-15 04:27:37.168891 Delta: Yes
2024-10-15 04:27:37.169034 Mike: Yes
2024-10-15 04:27:37.169158 Bravo: Yes
2024-10-15 04:27:37.169294 Oscar: No
ChatterBot Quebec reevaluating
ChatterBot India reevaluating
ChatterBot Delta reevaluating
ChatterBot Mike reevaluating
ChatterBot Bravo reevaluating
ChatterBot Papa reevaluating
ChatterBot India reevaluating
ChatterBot Delta reevaluating
ChatterBot Mike reevaluating
ChatterBot Bravo reevaluating
ChatterBot Papa reevaluating
ChatterBot Quebec reevaluating
ChatterBot Delta reevaluating
ChatterBot Mike reevaluating
ChatterBot Bravo reevaluating
ChatterBot Papa reevaluating
ChatterBot Quebec reevaluating
ChatterBot India reevaluating
ChatterBot Mike reevaluating
ChatterBot Bravo reevaluating
ChatterBot Papa reevaluating
ChatterBot Quebec reevaluating
ChatterBot India reevaluating
ChatterBot Delta reevaluating
ChatterBot Bravo reevaluating
ChatterBot Papa reevaluating
ChatterBot Quebec reevaluating
ChatterBot India reevaluating
ChatterBot Delta reevaluating
ChatterBot Mike reevaluating
ChatterBot Papa reevaluating
ChatterBot Quebec reevaluating
ChatterBot India reevaluating
ChatterBot Delta reevaluating
ChatterBot Mike reevaluating
ChatterBot Bravo reevaluating
randomSelections Foxtrot: {Foxtrot, Quebec, November, India, Bravo, Oscar, Alpha, Mike} 
2024-10-15 04:27:37.417801 Foxtrot: Friends?
ChatterBot Quebec reevaluating
ChatterBot India reevaluating
ChatterBot Bravo reevaluating
ChatterBot Alpha reevaluating
ChatterBot Mike reevaluating
2024-10-15 04:27:37.435729 Quebec: No
2024-10-15 04:27:37.436009 November: No
2024-10-15 04:27:37.436903 India: No
2024-10-15 04:27:37.437084 Bravo: No
2024-10-15 04:27:37.437321 Oscar: No
2024-10-15 04:27:37.437672 Alpha: Yes
2024-10-15 04:27:37.437782 Mike: No
ChatterBot India reevaluating
ChatterBot Bravo reevaluating
ChatterBot Alpha reevaluating
ChatterBot Mike reevaluating
ChatterBot Quebec reevaluating
ChatterBot India reevaluating
ChatterBot Bravo reevaluating
ChatterBot Alpha reevaluating
ChatterBot Mike reevaluating
ChatterBot Quebec reevaluating
ChatterBot Bravo reevaluating
ChatterBot Alpha reevaluating
ChatterBot Mike reevaluating
ChatterBot Quebec reevaluating
ChatterBot India reevaluating
ChatterBot Alpha reevaluating
ChatterBot Mike reevaluating
ChatterBot Quebec reevaluating
ChatterBot India reevaluating
ChatterBot Bravo reevaluating
ChatterBot Alpha reevaluating
ChatterBot Mike reevaluating
ChatterBot Quebec reevaluating
ChatterBot India reevaluating
ChatterBot Bravo reevaluating
ChatterBot Mike reevaluating
ChatterBot Quebec reevaluating
ChatterBot India reevaluating
ChatterBot Bravo reevaluating
ChatterBot Alpha reevaluating
chatterbot November submitting transactions
2024-10-15 04:27:37.556219 Bravo: Quebec, November and Delta, sending you 1
2024-10-15 04:27:37.557542 November: Quebec and Delta, sending you 2
2024-10-15 04:27:37.558694 Mike: Quebec, Oscar, India, Bravo and Delta, sending you 1
2024-10-15 04:27:37.560287 Oscar: Sending you 13
2024-10-15 04:27:37.561533 Bravo: India, sending you 3
2024-10-15 04:27:37.562197 Papa: Quebec and Delta, sending you 2
2024-10-15 04:27:37.563555 Foxtrot: Quebec, India and Alpha, sending you 2
2024-10-15 04:27:37.564656 Alpha: Quebec and Oscar, sending you 2
2024-10-15 04:27:37.565136 Quebec: November, Oscar, India, Papa and Mike, sending you 1
2024-10-15 04:27:37.565600 Delta: Quebec, sending you 1
2024-10-15 04:27:37.566897 November: India, sending you 1
2024-10-15 04:27:37.567986 India: Sending you 12
2024-10-15 04:27:37.568353 Mike: November, sending you 3
2024-10-15 04:27:37.568975 Bravo: Papa, sending you 2
2024-10-15 04:27:37.570166 Papa: Oscar, sending you 4
2024-10-15 04:27:37.571796 Foxtrot: November and Mike, sending you 1
2024-10-15 04:27:37.572451 Quebec: Bravo and Delta, sending you 2
2024-10-15 04:27:37.573767 Alpha: November and Bravo, sending you 3
2024-10-15 04:27:37.574369 Delta: November, sending you 5
2024-10-15 04:27:37.575954 November: Mike, sending you 3
2024-10-15 04:27:37.577530 Bravo: Mike, sending you 5
2024-10-15 04:27:37.578282 Papa: India, sending you 3
2024-10-15 04:27:37.579447 Foxtrot: Bravo, sending you 5
2024-10-15 04:27:37.580061 Alpha: India, Mike and Foxtrot, sending you 1
2024-10-15 04:27:37.581167 Delta: Oscar, sending you 4
2024-10-15 04:27:37.585841 Papa: Bravo, sending you 7
2024-10-15 04:27:37.587741 Delta: India and Bravo, sending you 3
2024-10-15 04:27:37.592683 Papa: Mike, sending you 1
chatterbot Foxtrot submitting transactions
chatterbot Bravo submitting transactions
chatterbot Delta submitting transactions
chatterbot Alpha submitting transactions
chatterbot Mike submitting transactions
chatterbot Papa submitting transactions
chatterbot Oscar submitting transactions
chatterbot Quebec submitting transactions
chatterbot India submitting transactions
ChatterBot Quebec round 2
ChatterBot November round 2
ChatterBot Oscar round 2
ChatterBot India round 2
ChatterBot Bravo round 2
ChatterBot Papa round 2
ChatterBot Mike round 2
ChatterBot Foxtrot round 2
ChatterBot Alpha round 2
ChatterBot Delta round 2
2024-10-15 04:27:39.461728 November: Can we be friends?
ChatterBot Quebec reevaluating
ChatterBot Bravo reevaluating
ChatterBot Papa reevaluating
ChatterBot Delta reevaluating
ChatterBot Mike reevaluating
ChatterBot Foxtrot reevaluating
ChatterBot Alpha reevaluating
2024-10-15 04:27:39.496138 Quebec: Yes
2024-10-15 04:27:39.496320 Bravo: No
2024-10-15 04:27:39.496497 Papa: No
2024-10-15 04:27:39.496652 Delta: No
2024-10-15 04:27:39.496770 Mike: Yes
2024-10-15 04:27:39.496887 Foxtrot: Yes
2024-10-15 04:27:39.497010 Alpha: Yes
ChatterBot November reevaluating
ChatterBot Bravo reevaluating
ChatterBot Papa reevaluating
ChatterBot Delta reevaluating
ChatterBot Mike reevaluating
ChatterBot Foxtrot reevaluating
ChatterBot Alpha reevaluating
ChatterBot November reevaluating
ChatterBot Quebec reevaluating
ChatterBot Papa reevaluating
ChatterBot Delta reevaluating
ChatterBot Mike reevaluating
ChatterBot Foxtrot reevaluating
ChatterBot Alpha reevaluating
ChatterBot November reevaluating
ChatterBot Quebec reevaluating
ChatterBot Bravo reevaluating
ChatterBot Delta reevaluating
ChatterBot Mike reevaluating
ChatterBot Foxtrot reevaluating
ChatterBot Alpha reevaluating
ChatterBot November reevaluating
ChatterBot Quebec reevaluating
ChatterBot Bravo reevaluating
ChatterBot Papa reevaluating
ChatterBot Mike reevaluating
ChatterBot Foxtrot reevaluating
ChatterBot Alpha reevaluating
ChatterBot November reevaluating
ChatterBot Quebec reevaluating
ChatterBot Bravo reevaluating
ChatterBot Papa reevaluating
ChatterBot Delta reevaluating
ChatterBot Foxtrot reevaluating
ChatterBot Alpha reevaluating
ChatterBot November reevaluating
ChatterBot Quebec reevaluating
ChatterBot Bravo reevaluating
ChatterBot Papa reevaluating
ChatterBot Delta reevaluating
ChatterBot Mike reevaluating
ChatterBot Alpha reevaluating
ChatterBot November reevaluating
ChatterBot Quebec reevaluating
ChatterBot Bravo reevaluating
ChatterBot Papa reevaluating
ChatterBot Delta reevaluating
ChatterBot Mike reevaluating
ChatterBot Foxtrot reevaluating
2024-10-15 04:27:39.799914 India: We should group up
ChatterBot Oscar reevaluating
ChatterBot Quebec reevaluating
ChatterBot Bravo reevaluating
ChatterBot Papa reevaluating
ChatterBot Delta reevaluating
2024-10-15 04:27:39.827523 Oscar: No
2024-10-15 04:27:39.827731 Quebec: No
2024-10-15 04:27:39.827853 Bravo: No
2024-10-15 04:27:39.827951 Papa: No
2024-10-15 04:27:39.828038 Delta: No
ChatterBot Quebec reevaluating
ChatterBot Bravo reevaluating
ChatterBot Papa reevaluating
ChatterBot Delta reevaluating
ChatterBot Oscar reevaluating
ChatterBot Bravo reevaluating
ChatterBot Papa reevaluating
ChatterBot Delta reevaluating
ChatterBot Oscar reevaluating
ChatterBot Quebec reevaluating
ChatterBot Papa reevaluating
ChatterBot Delta reevaluating
ChatterBot Oscar reevaluating
ChatterBot Quebec reevaluating
ChatterBot Bravo reevaluating
ChatterBot Delta reevaluating
ChatterBot Oscar reevaluating
ChatterBot Quebec reevaluating
ChatterBot Bravo reevaluating
ChatterBot Papa reevaluating
2024-10-15 04:27:39.989700 Oscar: We should add Papa
2024-10-15 04:27:39.993866 India: Yes
ChatterBot Oscar reevaluating
2024-10-15 04:27:40.810938 Oscar: Papa we want you to join our group
2024-10-15 04:27:40.817317 Papa: No
ChatterBot Oscar reevaluating
ChatterBot India reevaluating
chatterbot November submitting transactions
2024-10-15 04:27:41.129064 Quebec: November, Papa, Foxtrot and Alpha, sending you 4
2024-10-15 04:27:41.129503 Foxtrot: Alpha, sending you 13
2024-10-15 04:27:41.129776 Delta: Quebec, November and Papa, sending you 4
2024-10-15 04:27:41.130714 Mike: Quebec, November, Papa, Foxtrot, Alpha and Delta, sending you 1
2024-10-15 04:27:41.130982 Papa: Quebec, sending you 5
2024-10-15 04:27:41.131210 November: Quebec, Bravo and Foxtrot, sending you 1
2024-10-15 04:27:41.131453 Alpha: Foxtrot, sending you 13
chatterbot Alpha submitting transactions
chatterbot Mike submitting transactions
chatterbot Papa submitting transactions
2024-10-15 04:27:41.132571 Quebec: Bravo and Delta, sending you 2
2024-10-15 04:27:41.219495 Mike: Bravo, sending you 2
2024-10-15 04:27:41.220799 Papa: November, Mike, Foxtrot and Alpha, sending you 1
2024-10-15 04:27:41.221320 November: Mike and Alpha, sending you 3
2024-10-15 04:27:41.221827 Delta: Bravo and Mike, sending you 2
chatterbot Quebec submitting transactions
2024-10-15 04:27:41.334990 Papa: Bravo, sending you 8
2024-10-15 04:27:41.336245 Oscar: Quebec, sending you 1
2024-10-15 04:27:41.336709 India: Quebec, November, Bravo, Papa, Mike and Delta, sending you 2
2024-10-15 04:27:41.337868 November: Delta, sending you 4
2024-10-15 04:27:41.338383 Bravo: Papa, sending you 9
2024-10-15 04:27:41.338780 Papa: Delta, sending you 2
2024-10-15 04:27:41.403871 Oscar: India, sending you 8
2024-10-15 04:27:41.404321 India: Oscar, sending you 5
2024-10-15 04:27:41.405510 Bravo: Delta, sending you 4
chatterbot Delta submitting transactions
2024-10-15 04:27:41.422853 Oscar: Papa and Delta, sending you 2
chatterbot Oscar submitting transactions
chatterbot Bravo submitting transactions
chatterbot Foxtrot submitting transactions
chatterbot India submitting transactions
ChatterBot Quebec round 3
ChatterBot November round 3
ChatterBot Oscar round 3
ChatterBot India round 3
ChatterBot Bravo round 3
ChatterBot Papa round 3
ChatterBot Mike round 3
ChatterBot Foxtrot round 3
ChatterBot Alpha round 3
ChatterBot Delta round 3
2024-10-15 04:27:42.124801 Bravo: We should add November and Mike
2024-10-15 04:27:42.133142 Papa: Yes
2024-10-15 04:27:42.133978 Delta: Yes
ChatterBot Bravo reevaluating
ChatterBot Bravo reevaluating
2024-10-15 04:27:42.157095 Bravo: We should add Quebec and Mike
2024-10-15 04:27:42.165934 Papa: Yes
2024-10-15 04:27:42.166113 Delta: Yes
ChatterBot Bravo reevaluating
ChatterBot Bravo reevaluating
2024-10-15 04:27:42.297899 Mike: Quebec, Bravo, Papa, Foxtrot, Alpha and Delta, sending you 1
2024-10-15 04:27:42.298949 Papa: Quebec, sending you 4
2024-10-15 04:27:42.299285 India: Quebec, November, Papa, Mike and Delta, sending you 2
2024-10-15 04:27:42.299655 Delta: Quebec, sending you 3
2024-10-15 04:27:42.300520 Oscar: Sending you 13
2024-10-15 04:27:42.300782 Quebec: November, sending you 3
2024-10-15 04:27:42.301116 Alpha: Quebec and November, sending you 2
2024-10-15 04:27:42.302016 November: Quebec, sending you 3
2024-10-15 04:27:42.302476 Bravo: Quebec and Mike we want you to join our group
2024-10-15 04:27:42.310589 Quebec: Yes
2024-10-15 04:27:42.310716 Mike: Yes
ChatterBot Bravo reevaluating
ChatterBot Bravo reevaluating
2024-10-15 04:27:42.342867 Mike: November, sending you 2
2024-10-15 04:27:42.343378 Delta: November, sending you 5
2024-10-15 04:27:42.344331 Papa: November, Foxtrot and Alpha, sending you 1
2024-10-15 04:27:42.344755 India: Oscar, sending you 5
2024-10-15 04:27:42.345137 Quebec: Papa, sending you 6
2024-10-15 04:27:42.346010 Alpha: Papa and Mike, sending you 1
2024-10-15 04:27:42.346389 November: Bravo and Papa, sending you 1
2024-10-15 04:27:42.346785 Foxtrot: Quebec, sending you 3
2024-10-15 04:27:42.347769 India: Bravo, sending you 3
2024-10-15 04:27:42.504316 Delta: Bravo, sending you 4
2024-10-15 04:27:42.505094 Quebec: Mike, Foxtrot and Alpha, sending you 2
2024-10-15 04:27:42.506108 Papa: Bravo, sending you 7
2024-10-15 04:27:42.506649 Alpha: Foxtrot, sending you 7
2024-10-15 04:27:42.507902 November: Mike and Alpha, sending you 2
2024-10-15 04:27:42.508338 Foxtrot: November and Mike, sending you 1
2024-10-15 04:27:42.509345 Delta: Papa and Mike, sending you 2
2024-10-15 04:27:42.509758 Quebec: Delta, sending you 5
2024-10-15 04:27:42.510130 Papa: Mike, sending you 2
2024-10-15 04:27:42.604208 November: Delta, sending you 4
2024-10-15 04:27:42.604841 Foxtrot: Alpha, sending you 8
2024-10-15 04:27:42.605816 Papa: Delta, sending you 3
chatterbot India submitting transactions
2024-10-15 04:27:42.753285 Bravo: Quebec, Mike and Delta, sending you 2
chatterbot Papa submitting transactions
chatterbot Quebec submitting transactions
2024-10-15 04:27:42.833784 Bravo: Papa, sending you 7
chatterbot Alpha submitting transactions
chatterbot Oscar submitting transactions
chatterbot Mike submitting transactions
chatterbot Foxtrot submitting transactions
chatterbot November submitting transactions
chatterbot Delta submitting transactions
chatterbot Bravo submitting transactions
ChatterBot Quebec round 4
ChatterBot November round 4
ChatterBot Oscar round 4
ChatterBot India round 4
ChatterBot Bravo round 4
ChatterBot Papa round 4
ChatterBot Mike round 4
ChatterBot Foxtrot round 4
ChatterBot Alpha round 4
ChatterBot Delta round 4
2024-10-15 04:27:43.593827 November: We should drop Foxtrot and Alpha
ChatterBot Bravo reevaluating
ChatterBot Delta reevaluating
2024-10-15 04:27:43.629272 Quebec: No
2024-10-15 04:27:43.629482 Bravo: Yes
2024-10-15 04:27:43.629650 Papa: No
2024-10-15 04:27:43.629817 Mike: No
2024-10-15 04:27:43.630558 Delta: Yes
ChatterBot November reevaluating
ChatterBot Bravo reevaluating
ChatterBot Delta reevaluating
ChatterBot November reevaluating
ChatterBot Quebec reevaluating
ChatterBot Papa reevaluating
ChatterBot Delta reevaluating
ChatterBot November reevaluating
ChatterBot Quebec reevaluating
ChatterBot Bravo reevaluating
ChatterBot Delta reevaluating
ChatterBot November reevaluating
ChatterBot Quebec reevaluating
ChatterBot Bravo reevaluating
ChatterBot Papa reevaluating
ChatterBot Delta reevaluating
ChatterBot November reevaluating
ChatterBot Quebec reevaluating
ChatterBot Bravo reevaluating
ChatterBot Papa reevaluating
2024-10-15 04:27:43.843689 Bravo: November we want you to join our group
ChatterBot November reevaluating
2024-10-15 04:27:43.849466 November: Yes
ChatterBot Quebec reevaluating
ChatterBot Papa reevaluating
ChatterBot Delta reevaluating
2024-10-15 04:27:43.875885 Oscar: Same as last round
2024-10-15 04:27:43.876266 India: Oscar, sending you 8
2024-10-15 04:27:43.877025 Foxtrot: Quebec, sending you 2
2024-10-15 04:27:43.877584 Mike: Quebec, Bravo, Papa, Foxtrot, Alpha and Delta, sending you 1
2024-10-15 04:27:43.878567 Alpha: Quebec and November, sending you 2
2024-10-15 04:27:43.882366 Foxtrot: Papa and Mike, sending you 1
2024-10-15 04:27:43.882834 India: Foxtrot and Alpha, sending you 5
2024-10-15 04:27:43.883085 Alpha: Papa and Mike, sending you 1
2024-10-15 04:27:43.884064 Mike: November, sending you 2
2024-10-15 04:27:43.885508 Bravo: Quebec and November, sending you 1
2024-10-15 04:27:43.887183 Foxtrot: Alpha, sending you 9
2024-10-15 04:27:43.887787 Alpha: Foxtrot, sending you 7
2024-10-15 04:27:43.888888 Delta: Quebec, sending you 4
2024-10-15 04:27:43.892162 Bravo: Papa, sending you 8
2024-10-15 04:27:43.892459 November: Quebec, sending you 3
2024-10-15 04:27:43.892939 Delta: November, sending you 5
2024-10-15 04:27:43.905357 Bravo: Delta, sending you 3
2024-10-15 04:27:43.905900 Papa: Quebec, sending you 4
2024-10-15 04:27:43.907131 Delta: Bravo and Papa, sending you 3
2024-10-15 04:27:43.907865 November: Bravo, Papa and Foxtrot, sending you 1
2024-10-15 04:27:43.921807 Papa: November, sending you 1
2024-10-15 04:27:43.922510 Delta: Mike, sending you 1
2024-10-15 04:27:43.923711 November: Mike and Alpha, sending you 2
2024-10-15 04:27:43.924803 Quebec: November, sending you 3
2024-10-15 04:27:43.940549 Papa: Oscar, India and Mike, sending you 2
2024-10-15 04:27:43.941282 November: Delta, sending you 6
2024-10-15 04:27:43.942494 Quebec: Bravo, Mike, Foxtrot and Alpha, sending you 2
2024-10-15 04:27:44.035124 Papa: Bravo, sending you 5
2024-10-15 04:27:44.035946 Quebec: Papa, sending you 5
2024-10-15 04:27:44.042520 Papa: Delta, sending you 3
2024-10-15 04:27:44.043676 Quebec: Delta, sending you 4
chatterbot Mike submitting transactions
chatterbot Delta submitting transactions
chatterbot Bravo submitting transactions
chatterbot India submitting transactions
chatterbot Oscar submitting transactions
chatterbot Quebec submitting transactions
chatterbot November submitting transactions
chatterbot Papa submitting transactions
chatterbot Foxtrot submitting transactions
chatterbot Alpha submitting transactions
ChatterBot Quebec round 5
ChatterBot November round 5
ChatterBot Oscar round 5
ChatterBot India round 5
ChatterBot Bravo round 5
ChatterBot Papa round 5
ChatterBot Mike round 5
ChatterBot Foxtrot round 5
ChatterBot Alpha round 5
ChatterBot Delta round 5
2024-10-15 04:27:45.365607 November: We should drop Foxtrot and Alpha
2024-10-15 04:27:45.545243 Quebec: No
2024-10-15 04:27:45.545829 Bravo: Yes
2024-10-15 04:27:45.547077 Papa: Yes
2024-10-15 04:27:45.547506 Mike: No
2024-10-15 04:27:45.547865 Delta: Yes
ChatterBot November reevaluating
ChatterBot Bravo reevaluating
ChatterBot November reevaluating
ChatterBot November reevaluating
ChatterBot Quebec reevaluating
ChatterBot Bravo reevaluating
ChatterBot November reevaluating
ChatterBot Quebec reevaluating
ChatterBot Bravo reevaluating
ChatterBot November reevaluating
ChatterBot Quebec reevaluating
ChatterBot Bravo reevaluating
chatterbot India submitting transactions
2024-10-15 04:27:45.749476 Mike: Quebec, Bravo, Papa, Foxtrot, Alpha and Delta, sending you 1
2024-10-15 04:27:45.751173 Alpha: Quebec and November, sending you 2
2024-10-15 04:27:45.752702 Foxtrot: Quebec, sending you 2
2024-10-15 04:27:45.754252 Delta: Quebec, Bravo and Papa, sending you 3
2024-10-15 04:27:45.755099 Oscar: Same as last round
2024-10-15 04:27:45.756098 Mike: November, sending you 2
2024-10-15 04:27:45.757079 India: Oscar, sending you 9
2024-10-15 04:27:45.758045 Alpha: Mike, sending you 1
2024-10-15 04:27:45.758843 Foxtrot: November, Papa and Mike, sending you 1
2024-10-15 04:27:45.760266 Delta: November, sending you 4
2024-10-15 04:27:45.761952 Papa: Quebec, sending you 4
2024-10-15 04:27:45.763376 Bravo: Quebec, sending you 2
2024-10-15 04:27:45.763855 November: Quebec, sending you 4
2024-10-15 04:27:45.764547 Quebec: November, sending you 4
2024-10-15 04:27:45.766098 India: Foxtrot and Alpha, sending you 5
2024-10-15 04:27:45.766606 Alpha: Foxtrot, sending you 8
2024-10-15 04:27:45.768501 Foxtrot: Alpha, sending you 8
2024-10-15 04:27:45.770048 Delta: Oscar, India and Mike, sending you 1
2024-10-15 04:27:45.771739 Papa: November, India and Mike, sending you 2
2024-10-15 04:27:45.773262 November: Bravo and Papa, sending you 2
2024-10-15 04:27:45.774227 Bravo: November, sending you 1
2024-10-15 04:27:45.775514 Quebec: India, sending you 1
2024-10-15 04:27:45.782882 Papa: Oscar, sending you 1
2024-10-15 04:27:45.784996 November: Mike, sending you 3
2024-10-15 04:27:45.785997 Bravo: Papa, sending you 7
2024-10-15 04:27:45.787523 Quebec: Bravo and Mike, sending you 2
2024-10-15 04:27:45.789348 Papa: Bravo, sending you 5
2024-10-15 04:27:45.800659 November: Delta, sending you 6
2024-10-15 04:27:45.802691 Bravo: Delta, sending you 3
2024-10-15 04:27:45.804759 Quebec: Papa, sending you 6
2024-10-15 04:27:45.807147 Papa: Delta, sending you 3
2024-10-15 04:27:45.815087 Quebec: Delta, sending you 5
chatterbot Alpha submitting transactions
chatterbot Oscar submitting transactions
chatterbot Mike submitting transactions
chatterbot Delta submitting transactions
chatterbot Bravo submitting transactions
chatterbot Papa submitting transactions
chatterbot November submitting transactions
chatterbot Quebec submitting transactions
chatterbot Foxtrot submitting transactions
ChatterBot Quebec round 6
ChatterBot November round 6
ChatterBot Oscar round 6
ChatterBot India round 6
ChatterBot Bravo round 6
ChatterBot Papa round 6
ChatterBot Mike round 6
ChatterBot Foxtrot round 6
ChatterBot Alpha round 6
ChatterBot Delta round 6
2024-10-15 04:27:46.775695 Foxtrot: Quebec, sending you 2
2024-10-15 04:27:46.776818 Quebec: November, sending you 4
2024-10-15 04:27:46.781046 Papa: Quebec, sending you 4
2024-10-15 04:27:46.781747 Alpha: Quebec, sending you 2
2024-10-15 04:27:46.782441 Foxtrot: November and Mike, sending you 1
2024-10-15 04:27:46.783148 Quebec: India, sending you 1
2024-10-15 04:27:46.784589 Oscar: Same as last round
2024-10-15 04:27:46.784925 Bravo: Quebec, sending you 2
2024-10-15 04:27:46.785305 India: Oscar, sending you 9
2024-10-15 04:27:46.785619 Mike: Quebec, Bravo, Papa, Foxtrot, Alpha and Delta, sending you 1
2024-10-15 04:27:46.786940 November: Quebec, sending you 4
2024-10-15 04:27:46.787428 Papa: November, India and Mike, sending you 2
2024-10-15 04:27:46.788197 Alpha: November and Mike, sending you 1
2024-10-15 04:27:46.788963 Foxtrot: Alpha, sending you 9
2024-10-15 04:27:46.790464 Quebec: Bravo and Mike, sending you 2
2024-10-15 04:27:46.791093 Bravo: November, sending you 1
2024-10-15 04:27:46.791475 India: Foxtrot and Alpha, sending you 5
2024-10-15 04:27:46.791815 Mike: November, sending you 2
2024-10-15 04:27:46.793754 November: Bravo and Papa, sending you 2
2024-10-15 04:27:46.794655 Papa: Oscar, sending you 1
2024-10-15 04:27:46.795558 Alpha: Foxtrot, sending you 9
2024-10-15 04:27:46.797001 Quebec: Papa, sending you 6
2024-10-15 04:27:46.797588 Delta: Quebec, sending you 4
2024-10-15 04:27:46.798271 Bravo: Papa, sending you 7
2024-10-15 04:27:46.798728 November: Mike, sending you 3
2024-10-15 04:27:46.799994 Papa: Bravo, sending you 5
2024-10-15 04:27:46.801700 Quebec: Delta, sending you 5
2024-10-15 04:27:46.802710 Delta: November, sending you 5
2024-10-15 04:27:46.804851 Bravo: Delta, sending you 3
2024-10-15 04:27:46.805739 November: Delta, sending you 6
2024-10-15 04:27:46.807163 Papa: Delta, sending you 3
2024-10-15 04:27:46.809689 Delta: Bravo and Papa, sending you 3
2024-10-15 04:27:46.812993 Delta: Mike, sending you 1
chatterbot Alpha submitting transactions
chatterbot Foxtrot submitting transactions
chatterbot India submitting transactions
chatterbot Quebec submitting transactions
chatterbot Mike submitting transactions
chatterbot Delta submitting transactions
chatterbot Oscar submitting transactions
chatterbot Bravo submitting transactions
chatterbot November submitting transactions
chatterbot Papa submitting transactions
ChatterBot Quebec round 7
ChatterBot November round 7
ChatterBot Oscar round 7
ChatterBot India round 7
ChatterBot Bravo round 7
ChatterBot Papa round 7
ChatterBot Mike round 7
ChatterBot Foxtrot round 7
ChatterBot Alpha round 7
ChatterBot Delta round 7
2024-10-15 04:27:47.950499 Alpha: We would work well together
ChatterBot India reevaluating
2024-10-15 04:27:47.962750 India: No
2024-10-15 04:27:47.962922 Oscar: No
2024-10-15 04:27:47.963044 Foxtrot: No
ChatterBot India reevaluating
ChatterBot India reevaluating
2024-10-15 04:27:48.039333 Alpha: India, sending you 4
2024-10-15 04:27:48.039959 Quebec: November and Delta, sending you 5
2024-10-15 04:27:48.041686 November: Quebec, sending you 4
2024-10-15 04:27:48.043667 Oscar: Same as last round
2024-10-15 04:27:48.044719 Alpha: Foxtrot, sending you 9
2024-10-15 04:27:48.045102 Mike: Quebec, Bravo, Papa, Foxtrot, Alpha and Delta, sending you 1
2024-10-15 04:27:48.046357 Quebec: India and Mike, sending you 1
2024-10-15 04:27:48.047002 November: Bravo and Papa, sending you 2
2024-10-15 04:27:48.048625 Papa: Quebec, sending you 4
2024-10-15 04:27:48.049859 India: Oscar, sending you 9
2024-10-15 04:27:48.050205 Mike: November, sending you 2
2024-10-15 04:27:48.051794 Delta: Quebec, sending you 4
2024-10-15 04:27:48.052534 Foxtrot: Quebec and Mike, sending you 1
2024-10-15 04:27:48.053776 Quebec: Bravo, sending you 2
2024-10-15 04:27:48.054514 Bravo: Quebec and November, sending you 2
2024-10-15 04:27:48.054983 November: Mike, sending you 3
2024-10-15 04:27:48.056172 Papa: November, India and Mike, sending you 2
2024-10-15 04:27:48.057513 India: Foxtrot, sending you 6
2024-10-15 04:27:48.057941 Delta: November, sending you 5
2024-10-15 04:27:48.058714 Quebec: Papa, sending you 6
2024-10-15 04:27:48.060064 Bravo: Papa, sending you 6
2024-10-15 04:27:48.060550 Foxtrot: Alpha, sending you 11
2024-10-15 04:27:48.061827 November: Delta, sending you 6
2024-10-15 04:27:48.062349 Papa: Oscar, sending you 1
2024-10-15 04:27:48.063950 Delta: Bravo and Papa, sending you 3
2024-10-15 04:27:48.065482 India: Alpha, sending you 5
2024-10-15 04:27:48.065849 Bravo: Delta, sending you 3
2024-10-15 04:27:48.066698 Papa: Bravo, sending you 5
2024-10-15 04:27:48.068696 Delta: Mike, sending you 1
2024-10-15 04:27:48.073592 Papa: Delta, sending you 3
chatterbot Oscar submitting transactions
chatterbot Alpha submitting transactions
chatterbot Bravo submitting transactions
chatterbot November submitting transactions
chatterbot Papa submitting transactions
chatterbot Foxtrot submitting transactions
chatterbot Mike submitting transactions
chatterbot India submitting transactions
chatterbot Quebec submitting transactions
chatterbot Delta submitting transactions
ChatterBot Quebec round 8
ChatterBot November round 8
ChatterBot Oscar round 8
ChatterBot India round 8
ChatterBot Bravo round 8
ChatterBot Papa round 8
ChatterBot Mike round 8
ChatterBot Foxtrot round 8
ChatterBot Alpha round 8
ChatterBot Delta round 8
2024-10-15 04:27:49.245294 Delta: We should drop Oscar
ChatterBot Mike reevaluating
2024-10-15 04:27:49.270065 Quebec: No
2024-10-15 04:27:49.270337 November: Yes
2024-10-15 04:27:49.270464 Bravo: Yes
2024-10-15 04:27:49.270589 Papa: No
2024-10-15 04:27:49.270723 Mike: Yes
2024-10-15 04:27:49.270840 India: No
ChatterBot Papa reevaluating
ChatterBot Mike reevaluating
ChatterBot Papa reevaluating
ChatterBot Mike reevaluating
ChatterBot Quebec reevaluating
ChatterBot Papa reevaluating
ChatterBot Mike reevaluating
ChatterBot Quebec reevaluating
ChatterBot Mike reevaluating
ChatterBot Quebec reevaluating
ChatterBot Papa reevaluating
ChatterBot Quebec reevaluating
ChatterBot Papa reevaluating
ChatterBot Mike reevaluating
2024-10-15 04:27:49.499839 India: Oscar, sending you 9
2024-10-15 04:27:49.501803 Bravo: Quebec and November, sending you 2
2024-10-15 04:27:49.503276 Alpha: India, sending you 4
2024-10-15 04:27:49.504879 November: Quebec, sending you 5
2024-10-15 04:27:49.506670 Oscar: Same as last round
2024-10-15 04:27:49.508326 India: Foxtrot, sending you 5
2024-10-15 04:27:49.509276 Bravo: Papa, sending you 6
2024-10-15 04:27:49.511950 Alpha: Foxtrot, sending you 9
2024-10-15 04:27:49.512908 November: Bravo, sending you 1
2024-10-15 04:27:49.515806 India: Alpha, sending you 6
2024-10-15 04:27:49.516621 Bravo: Delta, sending you 3
2024-10-15 04:27:49.519050 Foxtrot: Quebec and Mike, sending you 1
2024-10-15 04:27:49.521446 Quebec: November and Delta, sending you 4
2024-10-15 04:27:49.524636 November: Papa and Mike, sending you 3
2024-10-15 04:27:49.526999 Delta: Quebec, sending you 4
2024-10-15 04:27:49.529626 Foxtrot: Alpha, sending you 11
2024-10-15 04:27:49.532897 Quebec: Bravo, Foxtrot and Alpha, sending you 2
2024-10-15 04:27:49.535352 November: Delta, sending you 6
2024-10-15 04:27:49.537841 Delta: November, sending you 5
2024-10-15 04:27:49.540386 Mike: Quebec, Oscar, India, Bravo, Papa and Delta, sending you 1
2024-10-15 04:27:49.543482 Papa: Quebec, sending you 4
2024-10-15 04:27:49.545912 Quebec: Papa, sending you 5
2024-10-15 04:27:49.548980 Delta: Bravo and Papa, sending you 3
2024-10-15 04:27:49.551196 Mike: November, sending you 2
2024-10-15 04:27:49.553140 Papa: November, India and Mike, sending you 2
2024-10-15 04:27:49.555023 Quebec: Mike, sending you 1
2024-10-15 04:27:49.557108 Delta: Mike, sending you 1
2024-10-15 04:27:49.558653 Papa: Bravo, sending you 6
2024-10-15 04:27:49.564711 Papa: Delta, sending you 3
chatterbot Bravo submitting transactions
chatterbot Foxtrot submitting transactions
chatterbot November submitting transactions
chatterbot India submitting transactions
chatterbot Mike submitting transactions
chatterbot Delta submitting transactions
chatterbot Alpha submitting transactions
chatterbot Papa submitting transactions
chatterbot Oscar submitting transactions
chatterbot Quebec submitting transactions
ChatterBot Quebec round 9
ChatterBot November round 9
ChatterBot Oscar round 9
ChatterBot India round 9
ChatterBot Bravo round 9
ChatterBot Papa round 9
2024-10-15 04:27:50.589204 India: We should add Mike
2024-10-15 04:27:50.601126 Oscar: No
2024-10-15 04:27:50.601338 Foxtrot: Yes
2024-10-15 04:27:50.601513 Alpha: No
ChatterBot India reevaluating
ChatterBot India reevaluating
ChatterBot Oscar reevaluating
ChatterBot India reevaluating
ChatterBot Oscar reevaluating
ChatterBot Mike round 9
ChatterBot Foxtrot round 9
ChatterBot Alpha round 9
ChatterBot Delta round 9
2024-10-15 04:27:50.857985 Alpha: We should add Mike
ChatterBot India reevaluating
2024-10-15 04:27:50.881460 India: Yes
2024-10-15 04:27:50.881898 Oscar: No
2024-10-15 04:27:50.882269 Foxtrot: Yes
ChatterBot India reevaluating
ChatterBot India reevaluating
ChatterBot Oscar reevaluating
2024-10-15 04:27:50.952170 Quebec: We should drop Foxtrot and Alpha
ChatterBot Papa reevaluating
ChatterBot Mike reevaluating
2024-10-15 04:27:50.973815 November: Yes
2024-10-15 04:27:50.974100 Bravo: Yes
2024-10-15 04:27:50.974324 Papa: Yes
2024-10-15 04:27:50.975449 Mike: Yes
2024-10-15 04:27:50.975656 Delta: Yes
ChatterBot Quebec reevaluating
ChatterBot Papa reevaluating
ChatterBot Mike reevaluating
ChatterBot Quebec reevaluating
ChatterBot Papa reevaluating
ChatterBot Mike reevaluating
ChatterBot Quebec reevaluating
ChatterBot Mike reevaluating
ChatterBot Quebec reevaluating
ChatterBot Papa reevaluating
ChatterBot Quebec reevaluating
ChatterBot Papa reevaluating
ChatterBot Mike reevaluating
2024-10-15 04:27:51.110607 Alpha: Mike we want you to join our group
ChatterBot Mike reevaluating
2024-10-15 04:27:51.117909 Mike: No
ChatterBot Oscar reevaluating
ChatterBot India reevaluating
2024-10-15 04:27:51.148518 November: Quebec, sending you 4
2024-10-15 04:27:51.151204 Bravo: Quebec and November, sending you 2
2024-10-15 04:27:51.153675 November: Bravo, sending you 2
2024-10-15 04:27:51.154736 Foxtrot: Quebec and Mike, sending you 1
2024-10-15 04:27:51.157168 India: Mike we want you to join our group
2024-10-15 04:27:51.162044 Mike: No
ChatterBot Oscar reevaluating
ChatterBot India reevaluating
2024-10-15 04:27:51.179554 Bravo: Papa, sending you 6
2024-10-15 04:27:51.180264 November: Papa and Mike, sending you 3
2024-10-15 04:27:51.181541 Foxtrot: Alpha, sending you 11
2024-10-15 04:27:51.182697 Delta: Quebec, sending you 4
2024-10-15 04:27:51.183237 Papa: Quebec, sending you 4
2024-10-15 04:27:51.184154 Bravo: Delta, sending you 3
2024-10-15 04:27:51.185657 November: Delta, sending you 6
2024-10-15 04:27:51.186256 Delta: November, sending you 5
2024-10-15 04:27:51.186807 Quebec: November and Delta, sending you 5
2024-10-15 04:27:51.187355 Alpha: India, sending you 4
2024-10-15 04:27:51.188154 Papa: November and Delta, sending you 3
2024-10-15 04:27:51.189664 Quebec: Bravo, sending you 3
2024-10-15 04:27:51.190696 Delta: Bravo and Papa, sending you 3
2024-10-15 04:27:51.192040 Alpha: Foxtrot, sending you 9
2024-10-15 04:27:51.192654 Papa: India and Mike, sending you 2
2024-10-15 04:27:51.193695 Delta: Mike, sending you 1
2024-10-15 04:27:51.195673 Quebec: Papa, sending you 6
2024-10-15 04:27:51.197176 Mike: Quebec, Oscar, India, Bravo, Papa and Delta, sending you 1
2024-10-15 04:27:51.198117 Papa: Bravo, sending you 5
2024-10-15 04:27:51.201696 Quebec: Mike, sending you 1
2024-10-15 04:27:51.202369 Oscar: Same as last round
2024-10-15 04:27:51.202674 Mike: November, sending you 2
2024-10-15 04:27:51.205857 India: Oscar, sending you 7
2024-10-15 04:27:51.210660 India: Mike and Foxtrot, sending you 4
2024-10-15 04:27:51.214664 India: Alpha, sending you 5
chatterbot November submitting transactions
chatterbot Papa submitting transactions
chatterbot Delta submitting transactions
chatterbot India submitting transactions
chatterbot Bravo submitting transactions
chatterbot Alpha submitting transactions
chatterbot Foxtrot submitting transactions
chatterbot Oscar submitting transactions
chatterbot Quebec submitting transactions
chatterbot Mike submitting transactions
ChatterBot Quebec round 10
ChatterBot November round 10
ChatterBot Oscar round 10
ChatterBot India round 10
ChatterBot Bravo round 10
ChatterBot Papa round 10
ChatterBot Mike round 10
ChatterBot Foxtrot round 10
ChatterBot Alpha round 10
ChatterBot Delta round 10
2024-10-15 04:27:52.318023 Quebec: We should add Oscar and India
2024-10-15 04:27:52.330500 November: No
2024-10-15 04:27:52.330648 Bravo: No
2024-10-15 04:27:52.330777 Papa: No
2024-10-15 04:27:52.331275 Mike: Yes
2024-10-15 04:27:52.331427 Delta: No
ChatterBot Quebec reevaluating
ChatterBot Quebec reevaluating
ChatterBot Mike reevaluating
ChatterBot Quebec reevaluating
ChatterBot Mike reevaluating
ChatterBot Quebec reevaluating
ChatterBot Quebec reevaluating
ChatterBot Mike reevaluating
2024-10-15 04:27:52.422502 India: We should drop Mike
2024-10-15 04:27:52.431487 Oscar: Yes
2024-10-15 04:27:52.431682 Foxtrot: No
2024-10-15 04:27:52.431839 Alpha: No
ChatterBot India reevaluating
ChatterBot India reevaluating
ChatterBot Oscar reevaluating
ChatterBot India reevaluating
ChatterBot Oscar reevaluating
2024-10-15 04:27:52.476498 Oscar: We should add Mike
ChatterBot India reevaluating
2024-10-15 04:27:52.480058 India: Yes
ChatterBot Oscar reevaluating
2024-10-15 04:27:52.487712 Bravo: Quebec and November, sending you 2
2024-10-15 04:27:52.488311 Delta: Quebec, sending you 4
2024-10-15 04:27:52.492698 Bravo: Papa, sending you 6
2024-10-15 04:27:52.493704 Delta: November, sending you 5
2024-10-15 04:27:52.495712 Alpha: India, sending you 4
2024-10-15 04:27:52.496695 Papa: Quebec, sending you 4
2024-10-15 04:27:52.497890 Bravo: Delta, sending you 3
2024-10-15 04:27:52.498672 Foxtrot: Quebec and Mike, sending you 1
2024-10-15 04:27:52.499459 Alpha: Foxtrot, sending you 9
2024-10-15 04:27:52.499830 Delta: Bravo and Papa, sending you 3
2024-10-15 04:27:52.501010 Mike: Quebec, Oscar, India, Bravo, Papa and Delta, sending you 1
2024-10-15 04:27:52.502691 Papa: November and Delta, sending you 3
2024-10-15 04:27:52.503871 Foxtrot: Alpha, sending you 11
2024-10-15 04:27:52.504871 Delta: Mike, sending you 1
2024-10-15 04:27:52.505697 Mike: November, sending you 2
2024-10-15 04:27:52.507145 India: Oscar, sending you 7
2024-10-15 04:27:52.507595 Papa: India and Mike, sending you 2
2024-10-15 04:27:52.508283 Quebec: November and Delta, sending you 5
2024-10-15 04:27:52.509434 November: Quebec and Delta, sending you 5
2024-10-15 04:27:52.510141 India: Mike and Foxtrot, sending you 4
2024-10-15 04:27:52.511818 Quebec: Bravo, sending you 3
2024-10-15 04:27:52.512789 Papa: Bravo, sending you 5
2024-10-15 04:27:52.513423 November: Bravo, sending you 2
2024-10-15 04:27:52.514488 India: Alpha, sending you 5
2024-10-15 04:27:52.516772 Quebec: Papa, sending you 6
2024-10-15 04:27:52.517675 November: Papa and Mike, sending you 3
2024-10-15 04:27:52.521949 Quebec: Mike, sending you 1
chatterbot Bravo submitting transactions
chatterbot India submitting transactions
chatterbot Quebec submitting transactions
chatterbot Alpha submitting transactions
chatterbot Foxtrot submitting transactions
chatterbot November submitting transactions
chatterbot Delta submitting transactions
chatterbot Oscar submitting transactions
chatterbot Papa submitting transactions
chatterbot Mike submitting transactions
ChatterBot Quebec round 11
ChatterBot November round 11
ChatterBot Oscar round 11
ChatterBot India round 11
ChatterBot Bravo round 11
ChatterBot Papa round 11
ChatterBot Mike round 11
ChatterBot Foxtrot round 11
ChatterBot Alpha round 11
ChatterBot Delta round 11
2024-10-15 04:27:53.850547 Bravo: Quebec and November, sending you 2
2024-10-15 04:27:53.851747 Alpha: India, sending you 4
2024-10-15 04:27:53.853548 Quebec: November, sending you 6
2024-10-15 04:27:53.855910 Delta: Quebec, sending you 4
2024-10-15 04:27:53.857179 Bravo: Papa, sending you 6
2024-10-15 04:27:53.858825 Alpha: Foxtrot, sending you 9
2024-10-15 04:27:53.861524 November: Quebec, sending you 4
2024-10-15 04:27:53.863205 Quebec: Bravo, sending you 3
2024-10-15 04:27:53.865446 Delta: November, sending you 5
2024-10-15 04:27:53.867672 Papa: Quebec, sending you 4
2024-10-15 04:27:53.869311 Bravo: Delta, sending you 3
2024-10-15 04:27:53.871461 November: Bravo, sending you 2
2024-10-15 04:27:53.874066 Mike: Quebec, Bravo, Papa, Foxtrot, Alpha and Delta, sending you 1
2024-10-15 04:27:53.876109 Quebec: Papa and Delta, sending you 5
2024-10-15 04:27:53.877070 Foxtrot: Quebec and Mike, sending you 1
2024-10-15 04:27:53.879129 Delta: Bravo and Papa, sending you 3
2024-10-15 04:27:53.880876 Papa: November and Delta, sending you 3
2024-10-15 04:27:53.881819 Oscar: Sending you 13
2024-10-15 04:27:53.882895 India: Oscar, sending you 7
2024-10-15 04:27:53.883524 November: Papa and Mike, sending you 3
2024-10-15 04:27:53.885402 Mike: November, sending you 2
2024-10-15 04:27:53.888544 Quebec: Mike, sending you 1
2024-10-15 04:27:53.890663 Foxtrot: Alpha, sending you 11
2024-10-15 04:27:53.893062 Delta: Mike, sending you 1
2024-10-15 04:27:53.895896 Papa: India and Mike, sending you 2
2024-10-15 04:27:53.898836 India: Mike and Foxtrot, sending you 4
2024-10-15 04:27:53.900013 November: Delta, sending you 6
2024-10-15 04:27:53.903972 India: Alpha, sending you 5
2024-10-15 04:27:53.905552 Papa: Bravo, sending you 5
chatterbot November submitting transactions
chatterbot Quebec submitting transactions
chatterbot Oscar submitting transactions
chatterbot Papa submitting transactions
chatterbot India submitting transactions
chatterbot Alpha submitting transactions
chatterbot Mike submitting transactions
chatterbot Bravo submitting transactions
chatterbot Delta submitting transactions
chatterbot Foxtrot submitting transactions
ChatterBot Quebec round 12
ChatterBot November round 12
ChatterBot Oscar round 12
ChatterBot India round 12
ChatterBot Bravo round 12
ChatterBot Papa round 12
ChatterBot Mike round 12
ChatterBot Foxtrot round 12
ChatterBot Alpha round 12
ChatterBot Delta round 12
2024-10-15 04:27:55.226255 Mike: Quebec, India, Bravo, Papa and Delta, sending you 1
2024-10-15 04:27:55.229858 November: Quebec and Delta, sending you 5
