ChatterBot Uniform round 1
ChatterBot Alpha round 1
ChatterBot Mike round 1
ChatterBot Echo round 1
ChatterBot Papa round 1
ChatterBot Sierra round 1
ChatterBot Quebec round 1
ChatterBot November round 1
ChatterBot Romeo round 1
ChatterBot Zulu round 1
randomSelections Alpha: {Alpha, Romeo, Uniform, Echo, November, Zulu} 
2024-10-15 04:27:37.545743 Alpha: We would work well together
ChatterBot Romeo reevaluating
ChatterBot Uniform reevaluating
ChatterBot Echo reevaluating
ChatterBot November reevaluating
ChatterBot Zulu reevaluating
2024-10-15 04:27:37.559742 Romeo: Yes
2024-10-15 04:27:37.559881 Uniform: Yes
2024-10-15 04:27:37.560065 Echo: Yes
2024-10-15 04:27:37.560196 November: Yes
2024-10-15 04:27:37.560325 Zulu: Yes
ChatterBot Uniform reevaluating
ChatterBot Echo reevaluating
ChatterBot November reevaluating
ChatterBot Zulu reevaluating
ChatterBot Romeo reevaluating
ChatterBot Echo reevaluating
ChatterBot November reevaluating
ChatterBot Zulu reevaluating
ChatterBot Romeo reevaluating
ChatterBot Uniform reevaluating
ChatterBot November reevaluating
ChatterBot Zulu reevaluating
ChatterBot Romeo reevaluating
ChatterBot Uniform reevaluating
ChatterBot Echo reevaluating
ChatterBot Zulu reevaluating
ChatterBot Romeo reevaluating
ChatterBot Uniform reevaluating
ChatterBot Echo reevaluating
ChatterBot November reevaluating
randomSelections Quebec: {Quebec, Romeo, Zulu, Alpha, Papa, Uniform} 
2024-10-15 04:27:37.611274 Quebec: Let's form a team
ChatterBot Romeo reevaluating
ChatterBot Zulu reevaluating
ChatterBot Papa reevaluating
ChatterBot Uniform reevaluating
2024-10-15 04:27:37.619472 Romeo: No
2024-10-15 04:27:37.620464 Zulu: No
2024-10-15 04:27:37.620796 Alpha: No
2024-10-15 04:27:37.621128 Papa: Yes
2024-10-15 04:27:37.621487 Uniform: No
ChatterBot Zulu reevaluating
ChatterBot Papa reevaluating
ChatterBot Uniform reevaluating
ChatterBot Romeo reevaluating
ChatterBot Papa reevaluating
ChatterBot Uniform reevaluating
ChatterBot Romeo reevaluating
ChatterBot Zulu reevaluating
ChatterBot Papa reevaluating
ChatterBot Uniform reevaluating
ChatterBot Romeo reevaluating
ChatterBot Zulu reevaluating
ChatterBot Uniform reevaluating
ChatterBot Romeo reevaluating
ChatterBot Zulu reevaluating
ChatterBot Papa reevaluating
randomSelections Mike: {Mike, Echo} 
2024-10-15 04:27:37.704249 Mike: Friends?
ChatterBot Echo reevaluating
2024-10-15 04:27:37.708168 Echo: No
randomSelections Sierra: {Sierra, Romeo, Mike, Uniform, Quebec, Zulu} 
2024-10-15 04:27:37.718416 Sierra: Let's form a team
ChatterBot Romeo reevaluating
ChatterBot Uniform reevaluating
ChatterBot Zulu reevaluating
2024-10-15 04:27:37.734804 Romeo: No
2024-10-15 04:27:37.735007 Mike: No
2024-10-15 04:27:37.735182 Uniform: No
2024-10-15 04:27:37.735404 Quebec: No
2024-10-15 04:27:37.735588 Zulu: No
ChatterBot Uniform reevaluating
ChatterBot Zulu reevaluating
ChatterBot Romeo reevaluating
ChatterBot Uniform reevaluating
ChatterBot Zulu reevaluating
ChatterBot Romeo reevaluating
ChatterBot Zulu reevaluating
ChatterBot Romeo reevaluating
ChatterBot Uniform reevaluating
ChatterBot Zulu reevaluating
ChatterBot Romeo reevaluating
ChatterBot Uniform reevaluating
2024-10-15 04:27:37.802167 Sierra: Uniform, sending you 5
2024-10-15 04:27:37.804693 Quebec: Uniform, sending you 1
2024-10-15 04:27:37.805702 Sierra: Mike, Romeo and Zulu, sending you 1
2024-10-15 04:27:37.806658 Mike: Sending you 15
2024-10-15 04:27:37.807688 Zulu: Uniform, sending you 1
2024-10-15 04:27:37.808826 Romeo: Uniform, sending you 1
2024-10-15 04:27:37.809684 Echo: Uniform and Romeo, sending you 2
2024-10-15 04:27:37.810475 Quebec: Alpha, sending you 3
2024-10-15 04:27:37.810796 Alpha: Uniform, sending you 1
2024-10-15 04:27:37.812665 Zulu: Echo, sending you 4
2024-10-15 04:27:37.813792 Romeo: Alpha, sending you 4
2024-10-15 04:27:37.814089 Quebec: Zulu, sending you 4
2024-10-15 04:27:37.814696 Uniform: Alpha and Romeo, sending you 5
2024-10-15 04:27:37.815625 Echo: Alpha, sending you 4
2024-10-15 04:27:37.816100 November: Echo, sending you 2
2024-10-15 04:27:37.816410 Alpha: Echo and November, sending you 3
2024-10-15 04:27:37.817302 Zulu: November, sending you 3
2024-10-15 04:27:37.817735 Romeo: Echo and November, sending you 2
2024-10-15 04:27:37.818037 Uniform: Echo and Zulu, sending you 3
2024-10-15 04:27:37.819685 Echo: November, sending you 1
2024-10-15 04:27:37.820685 November: Zulu, sending you 1
2024-10-15 04:27:37.821037 Romeo: Zulu, sending you 3
2024-10-15 04:27:37.821918 Alpha: Romeo, sending you 2
2024-10-15 04:27:37.822277 Uniform: November, sending you 4
2024-10-15 04:27:37.822686 Echo: Zulu, sending you 5
2024-10-15 04:27:37.825124 Alpha: Zulu, sending you 7
chatterbot Papa submitting transactions
chatterbot Alpha submitting transactions
chatterbot Echo submitting transactions
chatterbot Zulu submitting transactions
chatterbot Romeo submitting transactions
chatterbot Mike submitting transactions
chatterbot Uniform submitting transactions
chatterbot Quebec submitting transactions
chatterbot November submitting transactions
chatterbot Sierra submitting transactions
ChatterBot Uniform round 2
ChatterBot Alpha round 2
ChatterBot Mike round 2
ChatterBot Echo round 2
ChatterBot Papa round 2
ChatterBot Sierra round 2
ChatterBot Quebec round 2
ChatterBot November round 2
ChatterBot Romeo round 2
ChatterBot Zulu round 2
2024-10-15 04:27:39.689322 Papa: Friends?
ChatterBot Quebec reevaluating
2024-10-15 04:27:39.699275 Quebec: No
2024-10-15 04:27:39.708377 Quebec: We should group up
ChatterBot Sierra reevaluating
2024-10-15 04:27:39.718187 Sierra: Yes
ChatterBot Quebec reevaluating
2024-10-15 04:27:39.728068 Sierra: Friends?
ChatterBot Quebec reevaluating
2024-10-15 04:27:39.735412 Quebec: Yes
ChatterBot Sierra reevaluating
2024-10-15 04:27:39.752914 Romeo: We should add Mike
ChatterBot Alpha reevaluating
ChatterBot Uniform reevaluating
ChatterBot Echo reevaluating
ChatterBot November reevaluating
ChatterBot Zulu reevaluating
2024-10-15 04:27:39.800001 Alpha: Yes
2024-10-15 04:27:39.800234 Uniform: No
2024-10-15 04:27:39.800420 Echo: Yes
2024-10-15 04:27:39.801033 November: Yes
2024-10-15 04:27:39.801209 Zulu: Yes
ChatterBot Romeo reevaluating
ChatterBot Uniform reevaluating
ChatterBot Echo reevaluating
ChatterBot November reevaluating
ChatterBot Zulu reevaluating
ChatterBot Alpha reevaluating
ChatterBot Romeo reevaluating
ChatterBot Echo reevaluating
ChatterBot November reevaluating
ChatterBot Zulu reevaluating
ChatterBot Alpha reevaluating
ChatterBot Romeo reevaluating
ChatterBot Uniform reevaluating
ChatterBot November reevaluating
ChatterBot Zulu reevaluating
ChatterBot Alpha reevaluating
ChatterBot Romeo reevaluating
ChatterBot Uniform reevaluating
ChatterBot Echo reevaluating
ChatterBot Zulu reevaluating
ChatterBot Alpha reevaluating
ChatterBot Romeo reevaluating
ChatterBot Uniform reevaluating
ChatterBot Echo reevaluating
ChatterBot November reevaluating
2024-10-15 04:27:39.991261 Mike: We should replace Echo with Sierra
2024-10-15 04:27:40.031980 Mike: Sierra we want you to join our group
2024-10-15 04:27:40.037917 Sierra: No
2024-10-15 04:27:40.045173 Uniform: Mike we want you to join our group
2024-10-15 04:27:40.052186 Mike: No
ChatterBot Alpha reevaluating
ChatterBot Romeo reevaluating
2024-10-15 04:27:40.091079 Romeo: We should replace November with Mike
ChatterBot Alpha reevaluating
2024-10-15 04:27:40.117515 Uniform: No
2024-10-15 04:27:40.117707 Alpha: No
2024-10-15 04:27:40.117853 Echo: No
2024-10-15 04:27:40.117957 Zulu: No
ChatterBot Romeo reevaluating
ChatterBot Alpha reevaluating
ChatterBot Romeo reevaluating
ChatterBot Romeo reevaluating
ChatterBot Alpha reevaluating
ChatterBot Romeo reevaluating
ChatterBot Uniform reevaluating
ChatterBot Alpha reevaluating
2024-10-15 04:27:40.222238 Echo: Mike we want you to join our group
2024-10-15 04:27:40.228841 Mike: No
ChatterBot Uniform reevaluating
ChatterBot Alpha reevaluating
ChatterBot Romeo reevaluating
2024-10-15 04:27:40.427455 Zulu: Mike we want you to join our group
2024-10-15 04:27:40.437590 Mike: No
ChatterBot Romeo reevaluating
2024-10-15 04:27:40.494125 November: Mike we want you to join our group
2024-10-15 04:27:40.506008 Mike: No
ChatterBot Alpha reevaluating
ChatterBot Romeo reevaluating
chatterbot Sierra submitting transactions
2024-10-15 04:27:40.951845 Papa: Sending you 5
2024-10-15 04:27:40.952568 Sierra: Sending you 8
2024-10-15 04:27:40.952766 Quebec: Sending you 8
2024-10-15 04:27:40.953151 Uniform: We should drop November
ChatterBot Romeo reevaluating
ChatterBot Alpha reevaluating
2024-10-15 04:27:40.988821 Romeo: No
2024-10-15 04:27:40.989034 Alpha: Yes
2024-10-15 04:27:40.989727 Echo: No
2024-10-15 04:27:40.989894 Zulu: No
ChatterBot Uniform reevaluating
ChatterBot Alpha reevaluating
ChatterBot Romeo reevaluating
ChatterBot Uniform reevaluating
ChatterBot Romeo reevaluating
ChatterBot Uniform reevaluating
ChatterBot Alpha reevaluating
ChatterBot Romeo reevaluating
ChatterBot Uniform reevaluating
ChatterBot Alpha reevaluating
chatterbot Echo submitting transactions
chatterbot Zulu submitting transactions
chatterbot November submitting transactions
2024-10-15 04:27:41.170159 Zulu: Uniform and Romeo, sending you 1
2024-10-15 04:27:41.170626 Echo: Uniform, Alpha, November, Romeo and Zulu, sending you 3
2024-10-15 04:27:41.171760 November: Uniform, sending you 3
chatterbot Papa submitting transactions
2024-10-15 04:27:41.282322 Mike: Sending you 16
2024-10-15 04:27:41.283157 Zulu: Alpha, sending you 4
2024-10-15 04:27:41.283645 November: Alpha and Zulu, sending you 2
2024-10-15 04:27:41.284105 Alpha: Mike we want you to join our group
2024-10-15 04:27:41.296123 Mike: No
ChatterBot Uniform reevaluating
ChatterBot Alpha reevaluating
ChatterBot Romeo reevaluating
2024-10-15 04:27:41.363187 Echo: Mike, sending you 4
2024-10-15 04:27:41.363879 Zulu: Echo, sending you 2
2024-10-15 04:27:41.364997 November: Echo and Romeo, sending you 1
chatterbot Quebec submitting transactions
chatterbot Uniform submitting transactions
chatterbot Mike submitting transactions
2024-10-15 04:27:41.462960 Romeo: Uniform, sending you 5
2024-10-15 04:27:41.475109 Uniform: Alpha, Romeo and Zulu, sending you 4
2024-10-15 04:27:41.475596 Romeo: Alpha and Echo, sending you 3
2024-10-15 04:27:41.476594 Alpha: Uniform, sending you 7
2024-10-15 04:27:41.489652 Uniform: Echo, sending you 8
2024-10-15 04:27:41.490126 Alpha: Mike, November and Zulu, sending you 1
2024-10-15 04:27:41.495280 Alpha: Echo and Romeo, sending you 5
chatterbot Uniform submitting transactions
chatterbot Alpha submitting transactions
chatterbot Romeo submitting transactions
ChatterBot Uniform round 3
ChatterBot Alpha round 3
ChatterBot Mike round 3
ChatterBot Echo round 3
ChatterBot Papa round 3
ChatterBot Sierra round 3
ChatterBot Quebec round 3
ChatterBot November round 3
ChatterBot Romeo round 3
ChatterBot Zulu round 3
2024-10-15 04:27:42.192599 Mike: We should add Quebec
ChatterBot Sierra reevaluating
2024-10-15 04:27:42.196639 Sierra: Yes
2024-10-15 04:27:42.201342 Sierra: Let's form a team
ChatterBot Papa reevaluating
ChatterBot Quebec reevaluating
ChatterBot November reevaluating
2024-10-15 04:27:42.216987 Mike: No
2024-10-15 04:27:42.217386 Papa: No
2024-10-15 04:27:42.217652 Quebec: No
2024-10-15 04:27:42.218238 November: No
ChatterBot Sierra reevaluating
ChatterBot Papa reevaluating
ChatterBot Quebec reevaluating
ChatterBot November reevaluating
ChatterBot Sierra reevaluating
ChatterBot Quebec reevaluating
ChatterBot November reevaluating
ChatterBot Sierra reevaluating
ChatterBot Papa reevaluating
ChatterBot November reevaluating
ChatterBot Sierra reevaluating
ChatterBot Mike reevaluating
ChatterBot Papa reevaluating
ChatterBot Quebec reevaluating
2024-10-15 04:27:42.280199 Quebec: We should add Mike and Papa
ChatterBot Sierra reevaluating
2024-10-15 04:27:42.283748 Sierra: Yes
ChatterBot Quebec reevaluating
2024-10-15 04:27:42.314875 Romeo: We should replace Quebec with November
ChatterBot Uniform reevaluating
ChatterBot Alpha reevaluating
ChatterBot Mike reevaluating
2024-10-15 04:27:42.332354 Uniform: Yes
2024-10-15 04:27:42.332537 Alpha: Yes
2024-10-15 04:27:42.332673 Echo: Yes
2024-10-15 04:27:42.332807 Zulu: Yes
2024-10-15 04:27:42.332926 Mike: No
ChatterBot Romeo reevaluating
ChatterBot Alpha reevaluating
ChatterBot Mike reevaluating
ChatterBot Romeo reevaluating
ChatterBot Uniform reevaluating
ChatterBot Mike reevaluating
ChatterBot Romeo reevaluating
ChatterBot Uniform reevaluating
ChatterBot Alpha reevaluating
ChatterBot Mike reevaluating
ChatterBot Romeo reevaluating
ChatterBot Uniform reevaluating
ChatterBot Alpha reevaluating
ChatterBot Mike reevaluating
ChatterBot Romeo reevaluating
ChatterBot Uniform reevaluating
ChatterBot Alpha reevaluating
2024-10-15 04:27:42.425810 Uniform: We should add November and Mike
ChatterBot Romeo reevaluating
ChatterBot Alpha reevaluating
2024-10-15 04:27:42.439563 Romeo: Yes
2024-10-15 04:27:42.439739 Alpha: Yes
2024-10-15 04:27:42.439847 Echo: Yes
2024-10-15 04:27:42.439942 Zulu: Yes
ChatterBot Uniform reevaluating
ChatterBot Alpha reevaluating
ChatterBot Romeo reevaluating
ChatterBot Uniform reevaluating
ChatterBot Romeo reevaluating
ChatterBot Uniform reevaluating
ChatterBot Alpha reevaluating
ChatterBot Romeo reevaluating
ChatterBot Uniform reevaluating
ChatterBot Alpha reevaluating
2024-10-15 04:27:42.500967 November: We should replace Mike with Sierra
ChatterBot Alpha reevaluating
ChatterBot Romeo reevaluating
ChatterBot Uniform reevaluating
2024-10-15 04:27:42.518057 Alpha: No
2024-10-15 04:27:42.518201 Romeo: No
2024-10-15 04:27:42.518299 Uniform: No
2024-10-15 04:27:42.518417 Echo: No
2024-10-15 04:27:42.518512 Zulu: No
ChatterBot Romeo reevaluating
ChatterBot Uniform reevaluating
ChatterBot November reevaluating
ChatterBot Alpha reevaluating
ChatterBot Uniform reevaluating
ChatterBot November reevaluating
ChatterBot Alpha reevaluating
ChatterBot Romeo reevaluating
ChatterBot November reevaluating
ChatterBot Alpha reevaluating
ChatterBot Romeo reevaluating
ChatterBot Uniform reevaluating
ChatterBot November reevaluating
ChatterBot Alpha reevaluating
ChatterBot Romeo reevaluating
ChatterBot Uniform reevaluating
ChatterBot November reevaluating
2024-10-15 04:27:42.612671 Papa: Sierra we want you to join our group
2024-10-15 04:27:42.616471 Sierra: Yes
2024-10-15 04:27:42.624192 Mike: Quebec we want you to join our group
2024-10-15 04:27:42.627861 Quebec: Yes
ChatterBot Mike reevaluating
2024-10-15 04:27:42.635769 Quebec: Mike and Papa we want you to join our group
ChatterBot Papa reevaluating
2024-10-15 04:27:42.641959 Mike: No
2024-10-15 04:27:42.642126 Papa: No
ChatterBot Quebec reevaluating
ChatterBot Papa reevaluating
ChatterBot Quebec reevaluating
2024-10-15 04:27:42.665168 Papa: Let's form a team
ChatterBot Mike reevaluating
2024-10-15 04:27:42.672724 Mike: Yes
2024-10-15 04:27:42.672863 Sierra: Yes
ChatterBot Papa reevaluating
ChatterBot Papa reevaluating
ChatterBot Mike reevaluating
2024-10-15 04:27:42.693263 Uniform: November and Mike we want you to join our group
ChatterBot Mike reevaluating
ChatterBot November reevaluating
2024-10-15 04:27:42.706857 Mike: No
2024-10-15 04:27:42.707657 November: No
ChatterBot Uniform reevaluating
ChatterBot Alpha reevaluating
ChatterBot Romeo reevaluating
ChatterBot November reevaluating
ChatterBot Uniform reevaluating
ChatterBot Alpha reevaluating
ChatterBot Mike reevaluating
ChatterBot Romeo reevaluating
chatterbot Sierra submitting transactions
2024-10-15 04:27:42.784700 Echo: Uniform, Alpha, November, Romeo and Zulu, sending you 3
2024-10-15 04:27:42.785977 Zulu: Uniform, Alpha and Echo, sending you 2
2024-10-15 04:27:42.837446 Sierra: Mike, sending you 3
2024-10-15 04:27:42.838544 Romeo: November we want you to join our group
2024-10-15 04:27:42.842107 November: Yes
ChatterBot Alpha reevaluating
ChatterBot Mike reevaluating
2024-10-15 04:27:42.862790 Zulu: November and Romeo, sending you 1
2024-10-15 04:27:42.864069 Echo: Mike, sending you 4
2024-10-15 04:27:42.864636 Sierra: Papa and Quebec, sending you 2
2024-10-15 04:27:42.868702 Papa: Sending you each 5
2024-10-15 04:27:42.950036 Sierra: November, sending you 1
2024-10-15 04:27:42.950522 November: Uniform, Alpha and Zulu, sending you 2
2024-10-15 04:27:43.079249 Romeo: Uniform and Alpha, sending you 4
2024-10-15 04:27:43.080114 Alpha: Uniform and Echo, sending you 5
2024-10-15 04:27:43.081505 Uniform: Alpha, sending you 5
2024-10-15 04:27:43.082939 Quebec: Papa, sending you 3
2024-10-15 04:27:43.083773 November: Echo, sending you 3
chatterbot Papa submitting transactions
chatterbot Papa submitting transactions
2024-10-15 04:27:43.085439 Alpha: Mike, sending you 1
2024-10-15 04:27:43.086770 Romeo: Echo, sending you 3
2024-10-15 04:27:43.088437 Uniform: Mike and Zulu, sending you 2
2024-10-15 04:27:43.089236 Quebec: Sierra, sending you 5
2024-10-15 04:27:43.114341 Alpha: November, sending you 2
2024-10-15 04:27:43.115637 Romeo: Zulu, sending you 1
2024-10-15 04:27:43.116657 Uniform: Echo and Romeo, sending you 4
2024-10-15 04:27:43.136770 Alpha: Romeo, sending you 4
2024-10-15 04:27:43.138098 Mike: Sierra, sending you 18
2024-10-15 04:27:43.138600 Uniform: November, sending you 3
2024-10-15 04:27:43.178040 Alpha: Zulu, sending you 3
2024-10-15 04:27:43.179796 Mike: Quebec, sending you 1
chatterbot Quebec submitting transactions
chatterbot Uniform submitting transactions
chatterbot Romeo submitting transactions
chatterbot Zulu submitting transactions
chatterbot Echo submitting transactions
chatterbot Alpha submitting transactions
chatterbot Mike submitting transactions
chatterbot November submitting transactions
ChatterBot Uniform round 4
ChatterBot Alpha round 4
ChatterBot Mike round 4
ChatterBot Echo round 4
ChatterBot Papa round 4
ChatterBot Sierra round 4
ChatterBot Quebec round 4
ChatterBot November round 4
ChatterBot Romeo round 4
ChatterBot Zulu round 4
2024-10-15 04:27:43.921535 Mike: We should replace Quebec with Papa
2024-10-15 04:27:43.924171 Sierra: No
2024-10-15 04:27:43.948098 Alpha: We should drop Mike
ChatterBot November reevaluating
2024-10-15 04:27:43.964210 Romeo: Yes
2024-10-15 04:27:43.964412 Uniform: Yes
2024-10-15 04:27:43.964545 Echo: No
2024-10-15 04:27:43.964693 November: Yes
2024-10-15 04:27:43.964821 Zulu: No
ChatterBot November reevaluating
ChatterBot Zulu reevaluating
ChatterBot November reevaluating
ChatterBot Zulu reevaluating
ChatterBot November reevaluating
ChatterBot Zulu reevaluating
ChatterBot Zulu reevaluating
ChatterBot November reevaluating
2024-10-15 04:27:44.082411 Mike: Papa we want you to join our group
2024-10-15 04:27:44.087425 Papa: Yes
2024-10-15 04:27:44.093957 November: We should replace Mike with Quebec
ChatterBot Zulu reevaluating
2024-10-15 04:27:44.109203 Alpha: No
2024-10-15 04:27:44.109366 Romeo: No
2024-10-15 04:27:44.109503 Uniform: No
2024-10-15 04:27:44.109627 Echo: No
2024-10-15 04:27:44.109745 Zulu: No
ChatterBot November reevaluating
ChatterBot Zulu reevaluating
ChatterBot November reevaluating
ChatterBot Zulu reevaluating
ChatterBot November reevaluating
ChatterBot Zulu reevaluating
ChatterBot November reevaluating
ChatterBot Zulu reevaluating
ChatterBot November reevaluating
2024-10-15 04:27:44.362561 Echo: Uniform and Alpha, sending you 4
2024-10-15 04:27:44.364334 Papa: Mike, sending you 2
2024-10-15 04:27:44.371985 Echo: Mike, November, Romeo and Zulu, sending you 3
2024-10-15 04:27:44.374059 Papa: Sierra, sending you 8
2024-10-15 04:27:44.375391 Alpha: Uniform, sending you 6
2024-10-15 04:27:44.377081 Sierra: Mike, sending you 3
2024-10-15 04:27:44.377936 Quebec: Mike, sending you 1
2024-10-15 04:27:44.393506 Alpha: Echo, sending you 5
2024-10-15 04:27:44.394893 Mike: Papa, sending you 10
2024-10-15 04:27:44.395460 Sierra: Papa and Quebec, sending you 2
2024-10-15 04:27:44.396562 Romeo: Uniform and Alpha, sending you 4
2024-10-15 04:27:44.397281 Uniform: Alpha, sending you 6
2024-10-15 04:27:44.398463 Quebec: Papa, sending you 2
2024-10-15 04:27:44.398900 Mike: Sierra, sending you 9
2024-10-15 04:27:44.399853 Alpha: November, sending you 2
2024-10-15 04:27:44.400637 Sierra: November, sending you 1
2024-10-15 04:27:44.400991 Uniform: Echo and Romeo, sending you 4
2024-10-15 04:27:44.402133 Romeo: Echo, sending you 3
2024-10-15 04:27:44.403867 Quebec: Sierra, sending you 5
2024-10-15 04:27:44.404393 November: Uniform and Alpha, sending you 2
2024-10-15 04:27:44.405963 Alpha: Romeo, sending you 4
2024-10-15 04:27:44.406830 Uniform: November and Zulu, sending you 3
2024-10-15 04:27:44.408481 Romeo: Zulu, sending you 1
2024-10-15 04:27:44.432702 Alpha: Zulu, sending you 3
2024-10-15 04:27:44.434190 November: Echo, sending you 3
2024-10-15 04:27:44.435761 Zulu: Uniform, Alpha and Echo, sending you 2
chatterbot Echo submitting transactions
2024-10-15 04:27:44.439585 November: Romeo and Zulu, sending you 1
2024-10-15 04:27:44.440714 Zulu: November and Romeo, sending you 1
chatterbot Romeo submitting transactions
chatterbot Uniform submitting transactions
chatterbot November submitting transactions
chatterbot Zulu submitting transactions
chatterbot Papa submitting transactions
chatterbot Quebec submitting transactions
chatterbot Sierra submitting transactions
chatterbot Alpha submitting transactions
chatterbot Mike submitting transactions
ChatterBot Uniform round 5
ChatterBot Alpha round 5
ChatterBot Mike round 5
ChatterBot Echo round 5
ChatterBot Papa round 5
ChatterBot Sierra round 5
ChatterBot Quebec round 5
ChatterBot November round 5
ChatterBot Romeo round 5
ChatterBot Zulu round 5
2024-10-15 04:27:45.688753 Echo: We should drop Mike
ChatterBot November reevaluating
2024-10-15 04:27:45.711776 Alpha: Yes
2024-10-15 04:27:45.712133 Romeo: Yes
2024-10-15 04:27:45.712544 Uniform: Yes
2024-10-15 04:27:45.713421 November: Yes
2024-10-15 04:27:45.713697 Zulu: Yes
ChatterBot November reevaluating
ChatterBot November reevaluating
ChatterBot November reevaluating
ChatterBot November reevaluating
2024-10-15 04:27:45.837395 Papa: Mike, sending you 6
2024-10-15 04:27:45.840183 Echo: Sending you each 4
2024-10-15 04:27:45.842650 Papa: Sierra, sending you 4
2024-10-15 04:27:45.847067 Romeo: Uniform and Alpha, sending you 4
2024-10-15 04:27:45.849781 Alpha: Uniform, sending you 6
2024-10-15 04:27:45.851364 Sierra: Sending you each 2
2024-10-15 04:27:45.861097 Mike: Papa, sending you 8
2024-10-15 04:27:45.861788 Quebec: Papa, sending you 2
2024-10-15 04:27:45.862921 Uniform: Alpha, sending you 6
2024-10-15 04:27:45.864711 Romeo: Echo, sending you 3
2024-10-15 04:27:45.865958 Zulu: Uniform, Alpha and Echo, sending you 2
2024-10-15 04:27:45.868031 Alpha: Echo and Romeo, sending you 4
2024-10-15 04:27:45.869892 Mike: Sierra, sending you 11
2024-10-15 04:27:45.871140 Quebec: Sierra, sending you 6
2024-10-15 04:27:45.872068 Romeo: Zulu, sending you 1
2024-10-15 04:27:45.873820 Uniform: Echo and Romeo, sending you 4
2024-10-15 04:27:45.875335 Zulu: November and Romeo, sending you 1
2024-10-15 04:27:45.879113 November: Uniform and Alpha, sending you 2
2024-10-15 04:27:45.884057 Alpha: November and Zulu, sending you 3
2024-10-15 04:27:45.888554 Uniform: November and Zulu, sending you 3
2024-10-15 04:27:45.893640 November: Echo, sending you 4
2024-10-15 04:27:45.912780 November: Zulu, sending you 1
chatterbot Quebec submitting transactions
chatterbot Mike submitting transactions
chatterbot Echo submitting transactions
chatterbot Papa submitting transactions
chatterbot Zulu submitting transactions
chatterbot Romeo submitting transactions
chatterbot Uniform submitting transactions
chatterbot Sierra submitting transactions
chatterbot Alpha submitting transactions
chatterbot November submitting transactions
ChatterBot Uniform round 6
ChatterBot Alpha round 6
ChatterBot Mike round 6
ChatterBot Echo round 6
ChatterBot Papa round 6
ChatterBot Sierra round 6
ChatterBot Quebec round 6
ChatterBot November round 6
ChatterBot Romeo round 6
ChatterBot Zulu round 6
2024-10-15 04:27:47.136771 November: We should replace Mike with Papa
2024-10-15 04:27:47.152217 Alpha: No
2024-10-15 04:27:47.152578 Romeo: No
2024-10-15 04:27:47.152968 Uniform: No
2024-10-15 04:27:47.153314 Echo: No
2024-10-15 04:27:47.154507 Zulu: No
ChatterBot Uniform reevaluating
ChatterBot Uniform reevaluating
ChatterBot November reevaluating
ChatterBot November reevaluating
ChatterBot Uniform reevaluating
ChatterBot November reevaluating
ChatterBot Uniform reevaluating
ChatterBot November reevaluating
2024-10-15 04:27:47.245693 Papa: Mike, sending you 6
2024-10-15 04:27:47.249712 Papa: Sierra, sending you 4
2024-10-15 04:27:47.250699 Mike: Papa, sending you 10
2024-10-15 04:27:47.252688 Sierra: Same as last round
2024-10-15 04:27:47.253335 Quebec: Papa, sending you 1
2024-10-15 04:27:47.254390 Alpha: Uniform, sending you 6
2024-10-15 04:27:47.255149 Zulu: Uniform, Alpha and Echo, sending you 2
2024-10-15 04:27:47.255917 Echo: Same as last round
2024-10-15 04:27:47.257188 Mike: Sierra, sending you 9
2024-10-15 04:27:47.257644 Quebec: Sierra, sending you 7
2024-10-15 04:27:47.259682 Alpha: Echo and Romeo, sending you 4
2024-10-15 04:27:47.260670 Uniform: Alpha, sending you 6
2024-10-15 04:27:47.262038 November: Uniform and Alpha, sending you 2
2024-10-15 04:27:47.262880 Romeo: Uniform and Alpha, sending you 4
2024-10-15 04:27:47.264381 Zulu: November and Romeo, sending you 1
2024-10-15 04:27:47.265240 Uniform: Echo and Romeo, sending you 4
2024-10-15 04:27:47.266007 Alpha: November and Zulu, sending you 3
2024-10-15 04:27:47.267134 November: Echo, sending you 4
2024-10-15 04:27:47.267994 Romeo: Echo, sending you 3
2024-10-15 04:27:47.269687 Uniform: November and Zulu, sending you 3
2024-10-15 04:27:47.271672 November: Zulu, sending you 1
2024-10-15 04:27:47.274020 Romeo: Zulu, sending you 1
chatterbot Zulu submitting transactions
chatterbot November submitting transactions
chatterbot Sierra submitting transactions
chatterbot Romeo submitting transactions
chatterbot Mike submitting transactions
chatterbot Papa submitting transactions
chatterbot Alpha submitting transactions
chatterbot Quebec submitting transactions
chatterbot Echo submitting transactions
chatterbot Uniform submitting transactions
ChatterBot Uniform round 7
ChatterBot Alpha round 7
ChatterBot Mike round 7
ChatterBot Echo round 7
ChatterBot Papa round 7
ChatterBot Sierra round 7
ChatterBot Quebec round 7
ChatterBot November round 7
2024-10-15 04:27:48.410365 November: We should replace Mike with Quebec
ChatterBot Uniform reevaluating
2024-10-15 04:27:48.422982 Alpha: No
2024-10-15 04:27:48.423200 Romeo: No
2024-10-15 04:27:48.423745 Uniform: No
2024-10-15 04:27:48.423883 Echo: No
2024-10-15 04:27:48.424008 Zulu: No
ChatterBot Uniform reevaluating
ChatterBot November reevaluating
ChatterBot Uniform reevaluating
ChatterBot November reevaluating
ChatterBot November reevaluating
ChatterBot Uniform reevaluating
ChatterBot November reevaluating
ChatterBot Uniform reevaluating
ChatterBot November reevaluating
ChatterBot Romeo round 7
ChatterBot Zulu round 7
2024-10-15 04:27:48.495539 November: We should replace Mike with Papa
ChatterBot Uniform reevaluating
2024-10-15 04:27:48.505273 Alpha: No
2024-10-15 04:27:48.505445 Romeo: No
2024-10-15 04:27:48.505570 Uniform: No
2024-10-15 04:27:48.505730 Echo: No
2024-10-15 04:27:48.505861 Zulu: No
ChatterBot Uniform reevaluating
ChatterBot November reevaluating
ChatterBot Uniform reevaluating
ChatterBot November reevaluating
ChatterBot November reevaluating
ChatterBot Uniform reevaluating
ChatterBot November reevaluating
ChatterBot Uniform reevaluating
ChatterBot November reevaluating
2024-10-15 04:27:48.574797 November: Papa we want you to join our group
2024-10-15 04:27:48.578361 Papa: No
ChatterBot November reevaluating
ChatterBot Uniform reevaluating
2024-10-15 04:27:48.600710 Quebec: Papa, sending you 1
2024-10-15 04:27:48.601283 Zulu: Uniform and Alpha, sending you 2
2024-10-15 04:27:48.602793 Echo: Same as last round
2024-10-15 04:27:48.603674 Papa: Mike, sending you 6
2024-10-15 04:27:48.604085 Romeo: Uniform and Alpha, sending you 4
2024-10-15 04:27:48.605480 Alpha: Uniform, sending you 6
2024-10-15 04:27:48.606488 Mike: Papa, sending you 11
2024-10-15 04:27:48.607410 Sierra: Mike and Quebec, sending you 3
2024-10-15 04:27:48.608442 Uniform: We should drop Zulu
ChatterBot November reevaluating
2024-10-15 04:27:48.623671 Alpha: No
2024-10-15 04:27:48.623890 Echo: No
2024-10-15 04:27:48.624071 November: No
2024-10-15 04:27:48.624249 Romeo: No
ChatterBot Uniform reevaluating
ChatterBot November reevaluating
ChatterBot Uniform reevaluating
ChatterBot November reevaluating
ChatterBot Uniform reevaluating
ChatterBot Uniform reevaluating
ChatterBot November reevaluating
2024-10-15 04:27:48.793793 Quebec: Sierra, sending you 7
2024-10-15 04:27:48.795674 November: We should replace Mike with Sierra
ChatterBot Uniform reevaluating
2024-10-15 04:27:48.816790 Alpha: No
2024-10-15 04:27:48.817383 Romeo: No
2024-10-15 04:27:48.817739 Uniform: No
2024-10-15 04:27:48.817957 Echo: No
2024-10-15 04:27:48.818739 Zulu: No
ChatterBot Uniform reevaluating
ChatterBot November reevaluating
ChatterBot Uniform reevaluating
ChatterBot November reevaluating
ChatterBot November reevaluating
ChatterBot Uniform reevaluating
ChatterBot November reevaluating
ChatterBot Uniform reevaluating
ChatterBot November reevaluating
2024-10-15 04:27:48.888959 Papa: Sierra, sending you 4
2024-10-15 04:27:48.889447 Zulu: Echo, sending you 3
2024-10-15 04:27:48.890776 Romeo: Echo, sending you 3
2024-10-15 04:27:48.891501 Alpha: Echo and Romeo, sending you 4
2024-10-15 04:27:48.892418 Mike: Sierra, sending you 8
2024-10-15 04:27:48.893284 Sierra: Papa, sending you 2
2024-10-15 04:27:48.894164 Zulu: November, sending you 1
2024-10-15 04:27:48.895685 Romeo: Zulu, sending you 1
2024-10-15 04:27:48.898045 Alpha: November and Zulu, sending you 3
2024-10-15 04:27:48.900112 November: Sierra we want you to join our group
ChatterBot Sierra reevaluating
2024-10-15 04:27:48.907877 Sierra: No
ChatterBot November reevaluating
2024-10-15 04:27:48.933992 Sierra: We should replace November with Zulu
2024-10-15 04:27:48.946694 Quebec: No
2024-10-15 04:27:48.947024 Mike: No
2024-10-15 04:27:48.947246 Papa: No
ChatterBot Sierra reevaluating
ChatterBot Sierra reevaluating
ChatterBot Sierra reevaluating
2024-10-15 04:27:48.985294 Uniform: Alpha, sending you 6
2024-10-15 04:27:48.989669 Uniform: Echo and Romeo, sending you 4
2024-10-15 04:27:48.996704 Uniform: November and Zulu, sending you 3
2024-10-15 04:27:49.001731 November: Uniform and Alpha, sending you 2
2024-10-15 04:27:49.007663 November: Echo, sending you 4
2024-10-15 04:27:49.011698 November: Zulu, sending you 1
chatterbot Alpha submitting transactions
chatterbot Uniform submitting transactions
chatterbot Quebec submitting transactions
chatterbot Romeo submitting transactions
chatterbot Sierra submitting transactions
chatterbot Mike submitting transactions
chatterbot Papa submitting transactions
chatterbot Echo submitting transactions
chatterbot Zulu submitting transactions
chatterbot November submitting transactions
ChatterBot Uniform round 8
ChatterBot Alpha round 8
ChatterBot Mike round 8
ChatterBot Echo round 8
ChatterBot Papa round 8
ChatterBot Sierra round 8
ChatterBot Quebec round 8
ChatterBot November round 8
ChatterBot Romeo round 8
ChatterBot Zulu round 8
2024-10-15 04:27:49.703301 Sierra: We should replace November with Zulu
2024-10-15 04:27:49.712883 Quebec: No
2024-10-15 04:27:49.713071 Mike: No
2024-10-15 04:27:49.713238 Papa: No
2024-10-15 04:27:49.749164 Sierra: Zulu we want you to join our group
2024-10-15 04:27:49.751498 Zulu: No
2024-10-15 04:27:49.763662 Papa: Mike, sending you 6
2024-10-15 04:27:49.764120 Alpha: Uniform, sending you 6
2024-10-15 04:27:49.765062 Echo: Same as last round
2024-10-15 04:27:49.768087 Papa: Sierra, sending you 4
2024-10-15 04:27:49.768718 Alpha: Echo and Romeo, sending you 4
2024-10-15 04:27:49.769553 Mike: Papa, sending you 11
2024-10-15 04:27:49.770716 Sierra: Sending you each 2
2024-10-15 04:27:49.772655 Uniform: Alpha, sending you 6
2024-10-15 04:27:49.773385 Quebec: Papa, sending you 1
2024-10-15 04:27:49.774385 Alpha: November and Zulu, sending you 3
2024-10-15 04:27:49.775079 Mike: Sierra, sending you 8
2024-10-15 04:27:49.776675 Uniform: Echo and Romeo, sending you 4
2024-10-15 04:27:49.777357 Quebec: Sierra, sending you 7
2024-10-15 04:27:49.779681 Uniform: November and Zulu, sending you 3
2024-10-15 04:27:49.781664 Romeo: Uniform, Alpha and Echo, sending you 4
2024-10-15 04:27:49.782791 Zulu: Uniform and Alpha, sending you 2
2024-10-15 04:27:49.783677 November: Uniform and Alpha, sending you 2
2024-10-15 04:27:49.785653 Zulu: Echo, sending you 3
2024-10-15 04:27:49.788654 November: Echo, sending you 4
2024-10-15 04:27:49.789122 Zulu: November, sending you 1
2024-10-15 04:27:49.792667 November: Zulu, sending you 1
chatterbot Sierra submitting transactions
chatterbot November submitting transactions
chatterbot Zulu submitting transactions
chatterbot Sierra submitting transactions
chatterbot Echo submitting transactions
chatterbot Quebec submitting transactions
chatterbot Romeo submitting transactions
chatterbot Mike submitting transactions
chatterbot Alpha submitting transactions
chatterbot Papa submitting transactions
chatterbot Uniform submitting transactions
ChatterBot Uniform round 9
ChatterBot Alpha round 9
ChatterBot Mike round 9
ChatterBot Echo round 9
ChatterBot Papa round 9
ChatterBot Sierra round 9
ChatterBot Quebec round 9
ChatterBot November round 9
ChatterBot Romeo round 9
ChatterBot Zulu round 9
2024-10-15 04:27:50.949467 Sierra: We should replace Zulu with Romeo
2024-10-15 04:27:50.962998 Quebec: No
2024-10-15 04:27:50.963976 Mike: No
2024-10-15 04:27:50.964222 Papa: No
ChatterBot Sierra reevaluating
ChatterBot Sierra reevaluating
ChatterBot Sierra reevaluating
2024-10-15 04:27:51.030197 Sierra: We should replace Zulu with November
2024-10-15 04:27:51.044910 Quebec: No
2024-10-15 04:27:51.045271 Mike: No
2024-10-15 04:27:51.045572 Papa: No
ChatterBot Sierra reevaluating
ChatterBot Sierra reevaluating
ChatterBot Sierra reevaluating
2024-10-15 04:27:51.084683 Echo: Same as last round
2024-10-15 04:27:51.086486 Uniform: Alpha, sending you 6
2024-10-15 04:27:51.088849 November: Uniform and Alpha, sending you 2
2024-10-15 04:27:51.091093 Mike: Papa, sending you 11
2024-10-15 04:27:51.091878 Papa: Mike, sending you 6
2024-10-15 04:27:51.093175 Sierra: Romeo we want you to join our group
2024-10-15 04:27:51.096261 Romeo: No
ChatterBot Sierra reevaluating
2024-10-15 04:27:51.108866 Uniform: Echo and Romeo, sending you 4
2024-10-15 04:27:51.110944 November: Echo, sending you 4
2024-10-15 04:27:51.113802 Mike: Sierra, sending you 8
2024-10-15 04:27:51.115219 Papa: Sierra, sending you 4
2024-10-15 04:27:51.116128 Uniform: November and Zulu, sending you 3
2024-10-15 04:27:51.121519 Romeo: Uniform, Alpha and Echo, sending you 4
2024-10-15 04:27:51.126596 November: Zulu, sending you 1
2024-10-15 04:27:51.131218 Alpha: Uniform, sending you 6
2024-10-15 04:27:51.135290 Quebec: Papa, sending you 1
2024-10-15 04:27:51.137999 Zulu: Uniform and Alpha, sending you 2
2024-10-15 04:27:51.140989 Alpha: Echo and Romeo, sending you 4
2024-10-15 04:27:51.143417 Quebec: Sierra, sending you 7
2024-10-15 04:27:51.144520 Zulu: Echo, sending you 3
2024-10-15 04:27:51.148075 Sierra: Same as last round
2024-10-15 04:27:51.149681 Alpha: November and Zulu, sending you 3
2024-10-15 04:27:51.152654 Zulu: November, sending you 1
chatterbot Echo submitting transactions
chatterbot Alpha submitting transactions
chatterbot Papa submitting transactions
chatterbot Sierra submitting transactions
chatterbot November submitting transactions
chatterbot Mike submitting transactions
chatterbot Uniform submitting transactions
chatterbot Quebec submitting transactions
chatterbot Romeo submitting transactions
chatterbot Zulu submitting transactions
ChatterBot Uniform round 10
ChatterBot Alpha round 10
ChatterBot Mike round 10
ChatterBot Echo round 10
ChatterBot Papa round 10
ChatterBot Sierra round 10
ChatterBot Quebec round 10
ChatterBot November round 10
ChatterBot Romeo round 10
ChatterBot Zulu round 10
2024-10-15 04:27:52.257669 Zulu: Uniform and Alpha, sending you 2
2024-10-15 04:27:52.260675 Uniform: Alpha, sending you 6
2024-10-15 04:27:52.261686 Papa: Mike, sending you 6
2024-10-15 04:27:52.262180 Quebec: Papa, sending you 1
2024-10-15 04:27:52.263648 Zulu: Echo, sending you 3
2024-10-15 04:27:52.264485 Sierra: Same as last round
2024-10-15 04:27:52.264965 Alpha: Uniform, sending you 6
2024-10-15 04:27:52.266391 Echo: Same as last round
2024-10-15 04:27:52.267101 Uniform: Echo and Romeo, sending you 4
2024-10-15 04:27:52.267814 Mike: Papa, sending you 11
2024-10-15 04:27:52.268561 Quebec: Sierra, sending you 7
2024-10-15 04:27:52.268959 Papa: Sierra, sending you 4
2024-10-15 04:27:52.269273 Zulu: November, sending you 1
2024-10-15 04:27:52.270049 Alpha: Echo and Romeo, sending you 4
2024-10-15 04:27:52.271120 Romeo: Uniform, Alpha and Echo, sending you 4
2024-10-15 04:27:52.271920 Uniform: November and Zulu, sending you 3
2024-10-15 04:27:52.272708 Mike: Sierra, sending you 8
2024-10-15 04:27:52.273088 November: Uniform and Alpha, sending you 2
2024-10-15 04:27:52.275662 Alpha: November and Zulu, sending you 3
2024-10-15 04:27:52.276703 November: Echo, sending you 4
2024-10-15 04:27:52.282673 November: Zulu, sending you 1
chatterbot Papa submitting transactions
chatterbot Uniform submitting transactions
chatterbot Quebec submitting transactions
chatterbot Mike submitting transactions
chatterbot Echo submitting transactions
chatterbot Sierra submitting transactions
chatterbot Zulu submitting transactions
chatterbot Alpha submitting transactions
chatterbot Romeo submitting transactions
chatterbot November submitting transactions
ChatterBot Uniform round 11
ChatterBot Alpha round 11
ChatterBot Mike round 11
ChatterBot Echo round 11
ChatterBot Papa round 11
ChatterBot Sierra round 11
ChatterBot Quebec round 11
ChatterBot November round 11
ChatterBot Romeo round 11
ChatterBot Zulu round 11
2024-10-15 04:27:53.496248 Mike: We should replace Sierra with Quebec
ChatterBot Papa reevaluating
2024-10-15 04:27:53.500438 Papa: Yes
ChatterBot Mike reevaluating
2024-10-15 04:27:53.528382 Sierra: We should replace Zulu with Romeo
ChatterBot Mike reevaluating
ChatterBot Papa reevaluating
2024-10-15 04:27:53.542849 Quebec: No
2024-10-15 04:27:53.545269 Mike: No
2024-10-15 04:27:53.545655 Papa: No
ChatterBot Mike reevaluating
ChatterBot Papa reevaluating
ChatterBot Sierra reevaluating
ChatterBot Papa reevaluating
ChatterBot Sierra reevaluating
ChatterBot Mike reevaluating
ChatterBot Sierra reevaluating
2024-10-15 04:27:53.626776 Uniform: Alpha, sending you 6
2024-10-15 04:27:53.629928 Zulu: Uniform and Alpha, sending you 2
2024-10-15 04:27:53.632507 Papa: Mike, sending you 7
2024-10-15 04:27:53.634290 Alpha: Uniform, sending you 6
2024-10-15 04:27:53.636705 Quebec: Sierra, sending you 8
2024-10-15 04:27:53.637610 Echo: Same as last round
2024-10-15 04:27:53.640686 Romeo: Uniform, Alpha and Echo, sending you 4
2024-10-15 04:27:53.642926 Uniform: Echo and Romeo, sending you 4
2024-10-15 04:27:53.643841 Zulu: Echo, sending you 3
2024-10-15 04:27:53.645529 Papa: Quebec, sending you 3
2024-10-15 04:27:53.646024 Alpha: Echo and Romeo, sending you 4
2024-10-15 04:27:53.647957 November: Uniform and Alpha, sending you 2
2024-10-15 04:27:53.649302 Mike: Papa, sending you 12
2024-10-15 04:27:53.649901 Sierra: Same as last round
2024-10-15 04:27:53.651327 Uniform: November and Zulu, sending you 3
2024-10-15 04:27:53.653160 Zulu: November, sending you 1
2024-10-15 04:27:53.654887 Alpha: November and Zulu, sending you 3
2024-10-15 04:27:53.657141 November: Echo, sending you 4
2024-10-15 04:27:53.659229 Mike: Sierra, sending you 7
2024-10-15 04:27:53.743168 November: Zulu, sending you 1
chatterbot Alpha submitting transactions
