ChatterBot Golf round 1
ChatterBot Charlie round 1
ChatterBot Alpha round 1
ChatterBot Papa round 1
ChatterBot X-ray round 1
ChatterBot Echo round 1
ChatterBot Yankee round 1
ChatterBot November round 1
ChatterBot Uniform round 1
ChatterBot Lima round 1
randomSelections Charlie: {Charlie, Golf, Papa, Alpha, November, X-ray} 
2024-10-15 04:27:37.486141 Charlie: We should group up
ChatterBot Golf reevaluating
ChatterBot Papa reevaluating
ChatterBot Alpha reevaluating
ChatterBot November reevaluating
ChatterBot X-ray reevaluating
2024-10-15 04:27:37.505205 Golf: Yes
2024-10-15 04:27:37.505467 Papa: Yes
2024-10-15 04:27:37.505645 Alpha: Yes
2024-10-15 04:27:37.506747 November: Yes
2024-10-15 04:27:37.506920 X-ray: Yes
ChatterBot Papa reevaluating
ChatterBot Alpha reevaluating
ChatterBot November reevaluating
ChatterBot X-ray reevaluating
ChatterBot Golf reevaluating
ChatterBot Alpha reevaluating
ChatterBot November reevaluating
ChatterBot X-ray reevaluating
ChatterBot Golf reevaluating
ChatterBot Papa reevaluating
ChatterBot November reevaluating
ChatterBot X-ray reevaluating
ChatterBot Golf reevaluating
ChatterBot Papa reevaluating
ChatterBot Alpha reevaluating
ChatterBot X-ray reevaluating
ChatterBot Golf reevaluating
ChatterBot Papa reevaluating
ChatterBot Alpha reevaluating
ChatterBot November reevaluating
randomSelections Echo: {Echo, Yankee, Lima, Charlie, Uniform, Golf} 
2024-10-15 04:27:37.570121 Echo: Group up?
ChatterBot Yankee reevaluating
ChatterBot Lima reevaluating
ChatterBot Uniform reevaluating
ChatterBot Golf reevaluating
2024-10-15 04:27:37.581961 Yankee: Yes
2024-10-15 04:27:37.582827 Lima: Yes
2024-10-15 04:27:37.582978 Charlie: No
2024-10-15 04:27:37.583355 Uniform: Yes
2024-10-15 04:27:37.583645 Golf: No
ChatterBot Lima reevaluating
ChatterBot Uniform reevaluating
ChatterBot Golf reevaluating
ChatterBot Yankee reevaluating
ChatterBot Uniform reevaluating
ChatterBot Golf reevaluating
ChatterBot Yankee reevaluating
ChatterBot Lima reevaluating
ChatterBot Uniform reevaluating
ChatterBot Golf reevaluating
ChatterBot Yankee reevaluating
ChatterBot Lima reevaluating
ChatterBot Golf reevaluating
ChatterBot Yankee reevaluating
ChatterBot Lima reevaluating
ChatterBot Uniform reevaluating
2024-10-15 04:27:37.684018 Golf: Charlie, sending you 3
2024-10-15 04:27:37.685564 Papa: Golf, sending you 4
2024-10-15 04:27:37.710331 Uniform: Golf, sending you 6
2024-10-15 04:27:37.713715 Golf: Alpha, sending you 1
2024-10-15 04:27:37.716268 Alpha: Charlie, sending you 5
2024-10-15 04:27:37.718894 Yankee: Golf, sending you 5
2024-10-15 04:27:37.722894 November: Golf, sending you 3
2024-10-15 04:27:37.724594 Papa: Charlie, sending you 2
2024-10-15 04:27:37.725448 X-ray: Golf, sending you 3
2024-10-15 04:27:37.728715 Charlie: Golf and November, sending you 3
2024-10-15 04:27:37.730913 Uniform: Charlie, sending you 1
2024-10-15 04:27:37.734718 Lima: Golf and Uniform, sending you 2
2024-10-15 04:27:37.735184 Golf: X-ray, sending you 4
2024-10-15 04:27:37.735677 Alpha: Papa and X-ray, sending you 4
2024-10-15 04:27:37.736025 Yankee: Charlie and Echo, sending you 3
2024-10-15 04:27:37.737092 November: Charlie and X-ray, sending you 2
2024-10-15 04:27:37.737412 Papa: Alpha and November, sending you 5
2024-10-15 04:27:37.737748 X-ray: Charlie, sending you 2
2024-10-15 04:27:37.738072 Charlie: Alpha and X-ray, sending you 2
2024-10-15 04:27:37.739190 Uniform: Echo, sending you 4
2024-10-15 04:27:37.739515 Lima: Charlie, sending you 6
2024-10-15 04:27:37.741622 Golf: November, sending you 8
2024-10-15 04:27:37.742717 Alpha: November, sending you 3
2024-10-15 04:27:37.743103 November: Alpha, sending you 1
2024-10-15 04:27:37.743533 Yankee: Uniform and Lima, sending you 2
2024-10-15 04:27:37.744610 Papa: X-ray, sending you 3
2024-10-15 04:27:37.745060 X-ray: Alpha, sending you 5
2024-10-15 04:27:37.745529 Uniform: Yankee, sending you 3
2024-10-15 04:27:37.745892 Lima: Echo, sending you 4
2024-10-15 04:27:37.750520 X-ray: Papa and November, sending you 1
2024-10-15 04:27:37.750960 Uniform: Lima, sending you 5
chatterbot Golf submitting transactions
chatterbot Echo submitting transactions
chatterbot Yankee submitting transactions
chatterbot X-ray submitting transactions
chatterbot Papa submitting transactions
chatterbot Uniform submitting transactions
chatterbot Charlie submitting transactions
chatterbot Lima submitting transactions
chatterbot November submitting transactions
chatterbot Alpha submitting transactions
ChatterBot Golf round 2
ChatterBot Charlie round 2
ChatterBot Alpha round 2
ChatterBot Papa round 2
ChatterBot X-ray round 2
ChatterBot Echo round 2
ChatterBot Yankee round 2
ChatterBot November round 2
ChatterBot Uniform round 2
ChatterBot Lima round 2
2024-10-15 04:27:41.614227 Yankee: Group up?
ChatterBot Uniform reevaluating
ChatterBot Lima reevaluating
2024-10-15 04:27:41.623201 Uniform: Yes
2024-10-15 04:27:41.623345 Lima: Yes
ChatterBot Lima reevaluating
ChatterBot Uniform reevaluating
2024-10-15 04:27:41.654067 Echo: We should drop Charlie and Golf
ChatterBot Uniform reevaluating
ChatterBot Lima reevaluating
2024-10-15 04:27:41.743485 Yankee: Yes
2024-10-15 04:27:41.743684 Uniform: Yes
2024-10-15 04:27:41.743812 Lima: Yes
ChatterBot Uniform reevaluating
ChatterBot Lima reevaluating
ChatterBot Lima reevaluating
ChatterBot Uniform reevaluating
2024-10-15 04:27:41.945586 Golf: Charlie, Papa, X-ray and November, sending you 4
2024-10-15 04:27:41.946861 X-ray: Golf and Alpha, sending you 3
2024-10-15 04:27:41.947291 Papa: Alpha, sending you 15
2024-10-15 04:27:41.948235 Charlie: Golf, sending you 2
2024-10-15 04:27:42.075795 X-ray: Charlie, Papa and November, sending you 2
2024-10-15 04:27:42.077186 November: Golf, sending you 4
2024-10-15 04:27:42.077962 Papa: X-ray, sending you 4
2024-10-15 04:27:42.079124 Charlie: Alpha, sending you 5
2024-10-15 04:27:42.079739 Alpha: Golf, sending you 2
2024-10-15 04:27:42.081001 Echo: Yankee, sending you 3
2024-10-15 04:27:42.081508 Yankee: Uniform, sending you 11
chatterbot Charlie submitting transactions
chatterbot Papa submitting transactions
2024-10-15 04:27:42.082957 November: Charlie and Alpha, sending you 1
2024-10-15 04:27:42.191145 Alpha: Charlie, sending you 3
2024-10-15 04:27:42.192439 Charlie: Papa, X-ray and November, sending you 1
2024-10-15 04:27:42.192987 Yankee: Lima, sending you 4
2024-10-15 04:27:42.194030 Lima: Yankee, sending you 4
2024-10-15 04:27:42.194388 Echo: Uniform, sending you 5
2024-10-15 04:27:42.195575 Uniform: Yankee and Lima, sending you 10
2024-10-15 04:27:42.196020 November: Papa, sending you 2
2024-10-15 04:27:42.196777 Alpha: Papa and X-ray, sending you 5
2024-10-15 04:27:42.372200 Lima: Uniform, sending you 10
2024-10-15 04:27:42.372565 Echo: Lima, sending you 4
2024-10-15 04:27:42.373310 Alpha: November, sending you 1
chatterbot Yankee submitting transactions
chatterbot Golf submitting transactions
chatterbot Lima submitting transactions
chatterbot Echo submitting transactions
chatterbot Alpha submitting transactions
chatterbot November submitting transactions
chatterbot X-ray submitting transactions
chatterbot Uniform submitting transactions
ChatterBot Golf round 3
ChatterBot Charlie round 3
ChatterBot Alpha round 3
ChatterBot Papa round 3
ChatterBot X-ray round 3
ChatterBot Echo round 3
ChatterBot Yankee round 3
ChatterBot November round 3
ChatterBot Uniform round 3
ChatterBot Lima round 3
2024-10-15 04:27:43.243452 Yankee: We should replace Lima with Echo
2024-10-15 04:27:43.249988 Uniform: No
ChatterBot Yankee reevaluating
2024-10-15 04:27:43.293823 Lima: We should replace Alpha with X-ray
ChatterBot Yankee reevaluating
2024-10-15 04:27:43.314610 Echo: No
2024-10-15 04:27:43.315554 Yankee: No
2024-10-15 04:27:43.315956 Uniform: No
ChatterBot Yankee reevaluating
ChatterBot Lima reevaluating
ChatterBot Lima reevaluating
ChatterBot Yankee reevaluating
ChatterBot Lima reevaluating
2024-10-15 04:27:43.378472 Lima: We should replace Alpha with Papa
ChatterBot Yankee reevaluating
2024-10-15 04:27:43.390673 Echo: No
2024-10-15 04:27:43.390866 Yankee: No
2024-10-15 04:27:43.391279 Uniform: No
ChatterBot Yankee reevaluating
ChatterBot Lima reevaluating
ChatterBot Lima reevaluating
ChatterBot Yankee reevaluating
ChatterBot Lima reevaluating
2024-10-15 04:27:43.452768 Echo: Yankee, sending you 5
2024-10-15 04:27:43.454017 Papa: Golf, sending you 5
2024-10-15 04:27:43.454767 Alpha: Golf, sending you 1
2024-10-15 04:27:43.456324 Charlie: Golf and Alpha, sending you 3
2024-10-15 04:27:43.456861 Golf: Charlie, sending you 3
2024-10-15 04:27:43.458112 Uniform: Echo, sending you 4
2024-10-15 04:27:43.458502 X-ray: Golf and Alpha, sending you 4
2024-10-15 04:27:43.459745 November: Golf, sending you 4
2024-10-15 04:27:43.461195 Echo: Uniform and Lima, sending you 6
2024-10-15 04:27:43.462063 Papa: Charlie, sending you 1
2024-10-15 04:27:43.463335 Alpha: Charlie and X-ray, sending you 3
2024-10-15 04:27:43.465202 Charlie: Papa and November, sending you 1
2024-10-15 04:27:43.465711 Golf: Alpha and Papa, sending you 2
2024-10-15 04:27:43.466928 Yankee: Echo we want you to join our group
2024-10-15 04:27:43.473363 Echo: Yes
2024-10-15 04:27:43.484640 Uniform: Yankee and Lima, sending you 8
2024-10-15 04:27:43.485680 X-ray: Charlie, sending you 1
2024-10-15 04:27:43.486380 November: Charlie, Alpha, Papa and X-ray, sending you 1
2024-10-15 04:27:43.487656 Papa: Alpha, sending you 8
2024-10-15 04:27:43.488332 Alpha: Papa, sending you 7
2024-10-15 04:27:43.489419 Charlie: X-ray, sending you 2
2024-10-15 04:27:43.490032 Golf: X-ray, sending you 4
2024-10-15 04:27:43.491289 X-ray: Papa, sending you 3
2024-10-15 04:27:43.491883 Papa: X-ray and November, sending you 3
2024-10-15 04:27:43.500352 Alpha: November, sending you 2
chatterbot Charlie submitting transactions
2024-10-15 04:27:43.500924 Golf: November, sending you 5
2024-10-15 04:27:43.502008 Lima: Echo and Yankee, sending you 3
2024-10-15 04:27:43.510635 Lima: Uniform, sending you 8
2024-10-15 04:27:43.521803 Yankee: Echo, sending you 5
2024-10-15 04:27:43.549453 Yankee: Uniform, sending you 10
chatterbot Echo submitting transactions
chatterbot November submitting transactions
chatterbot Golf submitting transactions
chatterbot X-ray submitting transactions
chatterbot Uniform submitting transactions
chatterbot Papa submitting transactions
chatterbot Lima submitting transactions
chatterbot Yankee submitting transactions
chatterbot Alpha submitting transactions
ChatterBot Golf round 4
ChatterBot Charlie round 4
ChatterBot Alpha round 4
ChatterBot Papa round 4
ChatterBot X-ray round 4
ChatterBot Echo round 4
ChatterBot Yankee round 4
ChatterBot November round 4
ChatterBot Uniform round 4
ChatterBot Lima round 4
2024-10-15 04:27:44.450995 Lima: We should replace Alpha with X-ray
ChatterBot Yankee reevaluating
2024-10-15 04:27:44.467914 Echo: No
2024-10-15 04:27:44.468280 Yankee: No
2024-10-15 04:27:44.468571 Uniform: No
ChatterBot Yankee reevaluating
ChatterBot Lima reevaluating
ChatterBot Lima reevaluating
ChatterBot Yankee reevaluating
ChatterBot Lima reevaluating
2024-10-15 04:27:44.524294 Lima: We should replace Alpha with November
ChatterBot Yankee reevaluating
2024-10-15 04:27:44.542324 Echo: No
2024-10-15 04:27:44.542656 Yankee: No
2024-10-15 04:27:44.543527 Uniform: No
ChatterBot Yankee reevaluating
ChatterBot Lima reevaluating
ChatterBot Lima reevaluating
ChatterBot Yankee reevaluating
ChatterBot Lima reevaluating
2024-10-15 04:27:44.590543 Alpha: Golf and November, sending you 2
2024-10-15 04:27:44.591794 Charlie: Golf, sending you 3
2024-10-15 04:27:44.592907 Golf: Charlie and Papa, sending you 3
2024-10-15 04:27:44.598427 Alpha: Charlie and X-ray, sending you 3
2024-10-15 04:27:44.599910 Charlie: Alpha, sending you 4
2024-10-15 04:27:44.600491 Golf: Alpha, sending you 2
2024-10-15 04:27:44.601765 Uniform: Echo, sending you 5
2024-10-15 04:27:44.602282 Papa: Golf and X-ray, sending you 4
2024-10-15 04:27:44.603461 Echo: Yankee and Uniform, sending you 6
2024-10-15 04:27:44.603867 November: Golf, sending you 4
2024-10-15 04:27:44.604932 X-ray: Golf, sending you 4
2024-10-15 04:27:44.605666 Lima: X-ray we want you to join our group
2024-10-15 04:27:44.609872 X-ray: No
ChatterBot Lima reevaluating
2024-10-15 04:27:44.623477 Alpha: Papa, sending you 6
2024-10-15 04:27:44.625078 Charlie: Papa, X-ray and November, sending you 1
2024-10-15 04:27:44.626675 Golf: X-ray and November, sending you 4
2024-10-15 04:27:44.627549 Uniform: Yankee, sending you 8
2024-10-15 04:27:44.628591 Papa: Charlie, sending you 1
2024-10-15 04:27:44.629476 Echo: Lima, sending you 5
2024-10-15 04:27:44.630517 X-ray: Charlie and Papa, sending you 2
2024-10-15 04:27:44.631294 November: Charlie, Alpha, Papa and X-ray, sending you 1
2024-10-15 04:27:44.632853 Lima: November we want you to join our group
2024-10-15 04:27:44.639324 November: No
ChatterBot Lima reevaluating
2024-10-15 04:27:44.662776 Lima: We should replace Alpha with Papa
2024-10-15 04:27:44.680048 Echo: No
2024-10-15 04:27:44.681302 Yankee: No
2024-10-15 04:27:44.681706 Uniform: No
ChatterBot Lima reevaluating
ChatterBot Lima reevaluating
ChatterBot Lima reevaluating
2024-10-15 04:27:44.736882 Yankee: Echo, sending you 6
2024-10-15 04:27:44.737248 Uniform: Lima, sending you 7
2024-10-15 04:27:44.738421 Papa: Alpha, sending you 9
2024-10-15 04:27:44.739127 X-ray: Alpha, sending you 3
2024-10-15 04:27:44.741424 Yankee: Uniform, sending you 9
2024-10-15 04:27:44.773811 Papa: November, sending you 2
2024-10-15 04:27:44.774386 X-ray: November, sending you 1
2024-10-15 04:27:44.775424 Lima: Papa we want you to join our group
2024-10-15 04:27:44.778712 Papa: No
ChatterBot Lima reevaluating
chatterbot November submitting transactions
2024-10-15 04:27:44.848453 Lima: Echo, sending you 4
chatterbot Yankee submitting transactions
2024-10-15 04:27:45.303266 Lima: Yankee, sending you 2
chatterbot Charlie submitting transactions
chatterbot X-ray submitting transactions
chatterbot Uniform submitting transactions
chatterbot Alpha submitting transactions
chatterbot Papa submitting transactions
2024-10-15 04:27:45.308838 Lima: Uniform, sending you 8
chatterbot Lima submitting transactions
chatterbot Golf submitting transactions
chatterbot Echo submitting transactions
ChatterBot Golf round 5
ChatterBot Charlie round 5
ChatterBot Alpha round 5
ChatterBot Papa round 5
ChatterBot X-ray round 5
ChatterBot Echo round 5
ChatterBot Yankee round 5
ChatterBot November round 5
ChatterBot Uniform round 5
ChatterBot Lima round 5
2024-10-15 04:27:45.779099 Golf: Charlie and Papa, sending you 3
2024-10-15 04:27:45.780869 Echo: Yankee and Uniform, sending you 6
2024-10-15 04:27:45.789681 X-ray: Golf, sending you 4
2024-10-15 04:27:45.790945 Yankee: Echo, sending you 6
2024-10-15 04:27:45.791347 Golf: Alpha, sending you 2
2024-10-15 04:27:45.792723 Echo: Lima, sending you 5
2024-10-15 04:27:45.793319 Papa: Golf, sending you 4
2024-10-15 04:27:45.794536 Charlie: Golf and Alpha, sending you 3
2024-10-15 04:27:45.795204 X-ray: Charlie and November, sending you 1
2024-10-15 04:27:45.796329 Alpha: Golf and November, sending you 2
2024-10-15 04:27:45.797026 Yankee: Uniform, sending you 9
2024-10-15 04:27:45.797431 November: Golf, sending you 4
2024-10-15 04:27:45.798793 Golf: X-ray and November, sending you 4
2024-10-15 04:27:45.800083 Papa: Charlie and November, sending you 2
2024-10-15 04:27:45.800837 Uniform: Echo, sending you 5
2024-10-15 04:27:45.802284 X-ray: Alpha and Papa, sending you 3
2024-10-15 04:27:45.803294 Charlie: Papa and November, sending you 1
2024-10-15 04:27:45.805202 Alpha: Charlie and X-ray, sending you 3
2024-10-15 04:27:45.806950 Lima: Echo, sending you 4
2024-10-15 04:27:45.807495 November: Charlie, Alpha, Papa and X-ray, sending you 1
2024-10-15 04:27:45.808748 Papa: Alpha, sending you 9
2024-10-15 04:27:45.809462 Uniform: Yankee, sending you 8
2024-10-15 04:27:45.810026 Charlie: X-ray, sending you 2
2024-10-15 04:27:45.811481 Alpha: Papa, sending you 6
2024-10-15 04:27:45.812838 Lima: Yankee, sending you 1
2024-10-15 04:27:45.813248 Papa: X-ray, sending you 3
2024-10-15 04:27:45.813810 Uniform: Lima, sending you 7
2024-10-15 04:27:45.818594 Lima: Uniform, sending you 9
chatterbot Uniform submitting transactions
chatterbot Charlie submitting transactions
chatterbot November submitting transactions
chatterbot Alpha submitting transactions
chatterbot X-ray submitting transactions
chatterbot Lima submitting transactions
chatterbot Golf submitting transactions
chatterbot Yankee submitting transactions
chatterbot Papa submitting transactions
chatterbot Echo submitting transactions
ChatterBot Golf round 6
ChatterBot Charlie round 6
ChatterBot Alpha round 6
ChatterBot Papa round 6
ChatterBot X-ray round 6
ChatterBot Echo round 6
ChatterBot Yankee round 6
ChatterBot November round 6
ChatterBot Uniform round 6
ChatterBot Lima round 6
2024-10-15 04:27:46.966529 Lima: We should replace November with Alpha
2024-10-15 04:27:47.012605 Echo: No
2024-10-15 04:27:47.012977 Yankee: No
2024-10-15 04:27:47.013282 Uniform: No
ChatterBot Lima reevaluating
ChatterBot Lima reevaluating
ChatterBot Lima reevaluating
2024-10-15 04:27:47.132693 Golf: Charlie and Papa, sending you 3
2024-10-15 04:27:47.134134 Alpha: Golf and November, sending you 2
2024-10-15 04:27:47.137700 Golf: Alpha, sending you 2
2024-10-15 04:27:47.138666 Alpha: Charlie and X-ray, sending you 3
2024-10-15 04:27:47.140725 Papa: Golf and X-ray, sending you 4
2024-10-15 04:27:47.143038 Golf: X-ray and November, sending you 4
2024-10-15 04:27:47.144247 Alpha: Papa, sending you 6
2024-10-15 04:27:47.145921 X-ray: Golf, sending you 4
2024-10-15 04:27:47.146732 Yankee: Echo, sending you 6
2024-10-15 04:27:47.147238 Charlie: Golf, sending you 3
2024-10-15 04:27:47.148763 Papa: Charlie, sending you 1
2024-10-15 04:27:47.149732 X-ray: Charlie and Papa, sending you 2
2024-10-15 04:27:47.151631 November: Golf, sending you 3
2024-10-15 04:27:47.152869 Yankee: Uniform, sending you 9
2024-10-15 04:27:47.154285 Charlie: Alpha, sending you 4
2024-10-15 04:27:47.155579 Papa: Alpha, sending you 9
2024-10-15 04:27:47.157062 Echo: Yankee and Uniform, sending you 6
2024-10-15 04:27:47.157669 X-ray: Alpha, sending you 3
2024-10-15 04:27:47.159041 November: Charlie, Papa and X-ray, sending you 1
2024-10-15 04:27:47.160064 Charlie: Papa, X-ray and November, sending you 1
2024-10-15 04:27:47.161738 Echo: Lima, sending you 5
2024-10-15 04:27:47.162691 Papa: November, sending you 2
2024-10-15 04:27:47.164403 Lima: Echo, sending you 5
2024-10-15 04:27:47.165153 Uniform: Echo, sending you 5
2024-10-15 04:27:47.166740 X-ray: November, sending you 1
2024-10-15 04:27:47.167750 November: Alpha, sending you 2
2024-10-15 04:27:47.169958 Lima: Yankee, sending you 1
2024-10-15 04:27:47.170727 Uniform: Yankee, sending you 8
2024-10-15 04:27:47.174685 Lima: Uniform, sending you 8
2024-10-15 04:27:47.176708 Uniform: Lima, sending you 7
chatterbot X-ray submitting transactions
chatterbot November submitting transactions
chatterbot Papa submitting transactions
chatterbot Uniform submitting transactions
chatterbot Yankee submitting transactions
chatterbot Lima submitting transactions
chatterbot Golf submitting transactions
chatterbot Echo submitting transactions
chatterbot Alpha submitting transactions
chatterbot Charlie submitting transactions
ChatterBot Golf round 7
ChatterBot Charlie round 7
ChatterBot Alpha round 7
ChatterBot Papa round 7
ChatterBot X-ray round 7
ChatterBot Echo round 7
ChatterBot Yankee round 7
ChatterBot November round 7
ChatterBot Uniform round 7
ChatterBot Lima round 7
2024-10-15 04:27:48.133663 Golf: Charlie and Papa, sending you 3
2024-10-15 04:27:48.138662 Golf: Alpha, sending you 2
2024-10-15 04:27:48.139718 Alpha: Golf and November, sending you 2
2024-10-15 04:27:48.140591 X-ray: Golf, sending you 4
2024-10-15 04:27:48.142077 November: Golf, sending you 3
2024-10-15 04:27:48.142869 Golf: X-ray and November, sending you 4
2024-10-15 04:27:48.143400 Papa: Golf, sending you 4
2024-10-15 04:27:48.144328 Lima: Echo, sending you 5
2024-10-15 04:27:48.144684 Alpha: Charlie and X-ray, sending you 3
2024-10-15 04:27:48.145227 Yankee: Echo, sending you 6
2024-10-15 04:27:48.145661 X-ray: Charlie and November, sending you 1
2024-10-15 04:27:48.147686 November: Charlie, Papa and X-ray, sending you 1
2024-10-15 04:27:48.148942 Lima: Yankee, sending you 1
2024-10-15 04:27:48.149403 Alpha: Papa, sending you 6
2024-10-15 04:27:48.150075 Echo: Yankee and Uniform, sending you 6
2024-10-15 04:27:48.150541 Papa: Charlie and November, sending you 2
2024-10-15 04:27:48.151732 Yankee: Uniform, sending you 9
2024-10-15 04:27:48.152065 X-ray: Alpha and Papa, sending you 3
2024-10-15 04:27:48.152764 Uniform: Echo, sending you 5
2024-10-15 04:27:48.153728 Charlie: Golf and Alpha, sending you 3
2024-10-15 04:27:48.154440 November: Alpha, sending you 2
2024-10-15 04:27:48.155138 Echo: Lima, sending you 5
2024-10-15 04:27:48.156173 Lima: Uniform, sending you 8
2024-10-15 04:27:48.156552 Papa: Alpha, sending you 9
2024-10-15 04:27:48.157248 Uniform: Yankee, sending you 8
2024-10-15 04:27:48.157645 Charlie: Papa and November, sending you 1
2024-10-15 04:27:48.159670 Papa: X-ray, sending you 3
2024-10-15 04:27:48.160817 Uniform: Lima, sending you 7
2024-10-15 04:27:48.161673 Charlie: X-ray, sending you 2
chatterbot Golf submitting transactions
chatterbot Alpha submitting transactions
chatterbot Uniform submitting transactions
chatterbot November submitting transactions
chatterbot Lima submitting transactions
chatterbot Charlie submitting transactions
chatterbot Papa submitting transactions
chatterbot Yankee submitting transactions
chatterbot Echo submitting transactions
chatterbot X-ray submitting transactions
ChatterBot Golf round 8
ChatterBot Charlie round 8
ChatterBot Alpha round 8
ChatterBot Papa round 8
ChatterBot X-ray round 8
ChatterBot Echo round 8
ChatterBot Yankee round 8
ChatterBot November round 8
ChatterBot Uniform round 8
ChatterBot Lima round 8
2024-10-15 04:27:49.440264 Golf: Charlie and Papa, sending you 3
2024-10-15 04:27:49.454832 Golf: Alpha, sending you 2
2024-10-15 04:27:49.456708 X-ray: Golf, sending you 4
2024-10-15 04:27:49.458249 November: Golf, sending you 3
2024-10-15 04:27:49.459101 Papa: Golf and X-ray, sending you 4
2024-10-15 04:27:49.460815 Echo: Yankee and Uniform, sending you 6
2024-10-15 04:27:49.461517 Charlie: Golf, sending you 3
2024-10-15 04:27:49.462503 Alpha: Golf and November, sending you 2
2024-10-15 04:27:49.464163 Yankee: Echo, sending you 6
2024-10-15 04:27:49.464607 Golf: X-ray and November, sending you 4
2024-10-15 04:27:49.466380 X-ray: Charlie, sending you 2
2024-10-15 04:27:49.467680 November: Charlie, Papa and X-ray, sending you 1
2024-10-15 04:27:49.469538 Echo: Lima, sending you 5
2024-10-15 04:27:49.470305 Charlie: Alpha, sending you 4
2024-10-15 04:27:49.472110 Papa: Charlie, sending you 1
2024-10-15 04:27:49.473167 Uniform: Echo, sending you 5
2024-10-15 04:27:49.474565 Lima: Echo, sending you 5
2024-10-15 04:27:49.475278 Alpha: Charlie and X-ray, sending you 3
2024-10-15 04:27:49.477458 Yankee: Uniform, sending you 9
2024-10-15 04:27:49.478081 X-ray: Alpha and Papa, sending you 3
2024-10-15 04:27:49.480095 November: Alpha, sending you 2
2024-10-15 04:27:49.481264 Papa: Alpha, sending you 9
2024-10-15 04:27:49.483232 Charlie: Papa, X-ray and November, sending you 1
2024-10-15 04:27:49.485115 Lima: Yankee, sending you 1
2024-10-15 04:27:49.485980 Uniform: Yankee, sending you 8
2024-10-15 04:27:49.486915 Alpha: Papa, sending you 6
2024-10-15 04:27:49.489037 Papa: November, sending you 2
2024-10-15 04:27:49.490969 Lima: Uniform, sending you 8
2024-10-15 04:27:49.491761 Uniform: Lima, sending you 7
chatterbot Papa submitting transactions
chatterbot November submitting transactions
chatterbot Uniform submitting transactions
chatterbot Lima submitting transactions
chatterbot Echo submitting transactions
chatterbot Alpha submitting transactions
chatterbot Charlie submitting transactions
chatterbot X-ray submitting transactions
chatterbot Golf submitting transactions
chatterbot Yankee submitting transactions
ChatterBot Golf round 9
ChatterBot Charlie round 9
ChatterBot Alpha round 9
ChatterBot Papa round 9
ChatterBot X-ray round 9
ChatterBot Echo round 9
ChatterBot Yankee round 9
ChatterBot November round 9
ChatterBot Uniform round 9
ChatterBot Lima round 9
2024-10-15 04:27:50.868117 Lima: We should replace November with Alpha
2024-10-15 04:27:50.882430 Echo: No
2024-10-15 04:27:50.883140 Yankee: No
2024-10-15 04:27:50.883923 Uniform: No
ChatterBot Lima reevaluating
ChatterBot Lima reevaluating
ChatterBot Lima reevaluating
2024-10-15 04:27:50.933593 Charlie: Golf and Alpha, sending you 3
2024-10-15 04:27:50.949825 Charlie: Papa and November, sending you 1
2024-10-15 04:27:50.951964 November: Golf, sending you 3
2024-10-15 04:27:50.954251 Uniform: Echo, sending you 5
2024-10-15 04:27:50.955188 Papa: Golf and X-ray, sending you 4
2024-10-15 04:27:50.957444 Golf: Charlie and Papa, sending you 3
2024-10-15 04:27:50.959595 X-ray: Golf, sending you 4
2024-10-15 04:27:50.961917 Echo: Yankee and Uniform, sending you 6
2024-10-15 04:27:50.962870 Charlie: X-ray, sending you 2
2024-10-15 04:27:50.964985 November: Charlie, Papa and X-ray, sending you 1
2024-10-15 04:27:50.966894 Uniform: Yankee, sending you 8
2024-10-15 04:27:50.968308 Yankee: Echo, sending you 6
2024-10-15 04:27:50.969039 Lima: Echo, sending you 5
2024-10-15 04:27:50.970507 Papa: Charlie, sending you 1
2024-10-15 04:27:50.972679 Alpha: Golf and November, sending you 2
2024-10-15 04:27:50.973996 Golf: Alpha, sending you 2
2024-10-15 04:27:50.975861 X-ray: Charlie and November, sending you 1
2024-10-15 04:27:50.977899 Echo: Lima, sending you 5
2024-10-15 04:27:50.978678 November: Alpha, sending you 2
2024-10-15 04:27:50.980527 Uniform: Lima, sending you 7
2024-10-15 04:27:50.981332 Yankee: Uniform, sending you 9
2024-10-15 04:27:50.982368 Lima: Yankee, sending you 1
2024-10-15 04:27:50.983300 Papa: Alpha, sending you 9
2024-10-15 04:27:50.985397 Alpha: Charlie and X-ray, sending you 3
2024-10-15 04:27:50.987321 Golf: X-ray and November, sending you 4
2024-10-15 04:27:50.989367 X-ray: Alpha and Papa, sending you 3
2024-10-15 04:27:50.991412 Lima: Uniform, sending you 8
2024-10-15 04:27:50.992897 Papa: November, sending you 2
2024-10-15 04:27:50.994830 Alpha: Papa, sending you 6
chatterbot Golf submitting transactions
chatterbot Lima submitting transactions
chatterbot Echo submitting transactions
chatterbot Alpha submitting transactions
chatterbot Yankee submitting transactions
chatterbot X-ray submitting transactions
chatterbot Charlie submitting transactions
chatterbot November submitting transactions
chatterbot Uniform submitting transactions
chatterbot Papa submitting transactions
ChatterBot Golf round 10
ChatterBot Charlie round 10
ChatterBot Alpha round 10
ChatterBot Papa round 10
ChatterBot X-ray round 10
ChatterBot Echo round 10
ChatterBot Yankee round 10
ChatterBot November round 10
ChatterBot Uniform round 10
ChatterBot Lima round 10
2024-10-15 04:27:52.128657 Golf: Charlie, Papa and November, sending you 3
2024-10-15 04:27:52.129913 November: Golf, sending you 3
2024-10-15 04:27:52.131525 Papa: Golf and X-ray, sending you 4
2024-10-15 04:27:52.132679 Golf: Alpha, sending you 2
2024-10-15 04:27:52.134145 Yankee: Echo, sending you 7
2024-10-15 04:27:52.134515 Charlie: Golf, sending you 3
2024-10-15 04:27:52.135462 Alpha: Golf and November, sending you 2
2024-10-15 04:27:52.136329 November: Charlie, Papa and X-ray, sending you 1
2024-10-15 04:27:52.137886 Uniform: Echo, sending you 5
2024-10-15 04:27:52.138489 X-ray: Golf, sending you 4
2024-10-15 04:27:52.139639 Papa: Charlie, sending you 1
2024-10-15 04:27:52.140729 Lima: Echo, sending you 5
2024-10-15 04:27:52.142107 Echo: Yankee and Uniform, sending you 6
2024-10-15 04:27:52.142767 Golf: X-ray, sending you 5
2024-10-15 04:27:52.143960 Yankee: Uniform, sending you 8
2024-10-15 04:27:52.145140 Charlie: Alpha, sending you 4
2024-10-15 04:27:52.146077 Alpha: Charlie and X-ray, sending you 3
2024-10-15 04:27:52.147157 Uniform: Yankee, sending you 8
2024-10-15 04:27:52.147796 November: Alpha, sending you 2
2024-10-15 04:27:52.149415 X-ray: Charlie and November, sending you 1
2024-10-15 04:27:52.150469 Papa: Alpha, sending you 9
2024-10-15 04:27:52.151826 Lima: Uniform, sending you 9
2024-10-15 04:27:52.152582 Echo: Lima, sending you 5
2024-10-15 04:27:52.153369 Alpha: Papa, sending you 6
2024-10-15 04:27:52.154517 Charlie: Papa, X-ray and November, sending you 1
2024-10-15 04:27:52.156065 Uniform: Lima, sending you 7
2024-10-15 04:27:52.156467 X-ray: Alpha and Papa, sending you 3
2024-10-15 04:27:52.157626 Papa: November, sending you 2
chatterbot Lima submitting transactions
chatterbot Golf submitting transactions
chatterbot November submitting transactions
chatterbot Papa submitting transactions
chatterbot X-ray submitting transactions
chatterbot Alpha submitting transactions
chatterbot Yankee submitting transactions
chatterbot Uniform submitting transactions
chatterbot Echo submitting transactions
chatterbot Charlie submitting transactions
ChatterBot Golf round 11
ChatterBot Charlie round 11
ChatterBot Alpha round 11
ChatterBot Papa round 11
ChatterBot X-ray round 11
ChatterBot Echo round 11
ChatterBot Yankee round 11
ChatterBot November round 11
ChatterBot Uniform round 11
ChatterBot Lima round 11
2024-10-15 04:27:53.305343 Yankee: We should replace Uniform with Lima
2024-10-15 04:27:53.309308 Echo: No
ChatterBot Yankee reevaluating
2024-10-15 04:27:53.316950 Lima: We should replace November with Alpha
ChatterBot Yankee reevaluating
2024-10-15 04:27:53.327352 Echo: No
2024-10-15 04:27:53.328338 Yankee: No
2024-10-15 04:27:53.328590 Uniform: No
ChatterBot Yankee reevaluating
ChatterBot Lima reevaluating
ChatterBot Lima reevaluating
ChatterBot Yankee reevaluating
ChatterBot Lima reevaluating
2024-10-15 04:27:53.368836 Lima: We should replace November with X-ray
ChatterBot Yankee reevaluating
2024-10-15 04:27:53.381824 Echo: No
2024-10-15 04:27:53.382185 Yankee: No
2024-10-15 04:27:53.382446 Uniform: No
ChatterBot Yankee reevaluating
ChatterBot Lima reevaluating
ChatterBot Lima reevaluating
ChatterBot Yankee reevaluating
ChatterBot Lima reevaluating
2024-10-15 04:27:53.415911 Charlie: Golf, sending you 3
2024-10-15 04:27:53.418167 Papa: Golf and X-ray, sending you 4
2024-10-15 04:27:53.452959 Charlie: Alpha, sending you 4
2024-10-15 04:27:53.455636 Papa: Charlie, sending you 1
2024-10-15 04:27:53.458322 Echo: Yankee and Uniform, sending you 6
2024-10-15 04:27:53.459477 Alpha: Golf and November, sending you 2
2024-10-15 04:27:53.461624 X-ray: Golf, sending you 4
2024-10-15 04:27:53.464210 November: Golf, sending you 3
2024-10-15 04:27:53.467518 Golf: Charlie, Papa and November, sending you 3
2024-10-15 04:27:53.470013 Uniform: Echo, sending you 5
2024-10-15 04:27:53.471258 Lima: Alpha we want you to join our group
ChatterBot Alpha reevaluating
2024-10-15 04:27:53.476750 Alpha: No
ChatterBot Lima reevaluating
2024-10-15 04:27:53.491689 Alpha: We should add Uniform
2024-10-15 04:27:53.492799 Lima: We should replace November with Papa
ChatterBot Yankee reevaluating
ChatterBot Uniform reevaluating
2024-10-15 04:27:53.523842 Charlie: No
2024-10-15 04:27:53.526975 Golf: No
2024-10-15 04:27:53.528518 Papa: No
2024-10-15 04:27:53.529742 November: No
2024-10-15 04:27:53.531611 X-ray: No
2024-10-15 04:27:53.532226 Echo: No
2024-10-15 04:27:53.534110 Yankee: No
2024-10-15 04:27:53.536210 Uniform: No
ChatterBot Alpha reevaluating
ChatterBot Yankee reevaluating
ChatterBot Uniform reevaluating
ChatterBot Lima reevaluating
ChatterBot Alpha reevaluating
ChatterBot Uniform reevaluating
ChatterBot Lima reevaluating
ChatterBot Alpha reevaluating
ChatterBot Yankee reevaluating
ChatterBot Lima reevaluating
ChatterBot Alpha reevaluating
ChatterBot Alpha reevaluating
2024-10-15 04:27:53.670433 Charlie: Papa, X-ray and November, sending you 1
2024-10-15 04:27:53.672479 Papa: Alpha, sending you 9
2024-10-15 04:27:53.674647 Echo: Lima, sending you 5
2024-10-15 04:27:53.675437 X-ray: Charlie and November, sending you 1
2024-10-15 04:27:53.677517 November: Charlie, Papa and X-ray, sending you 1
2024-10-15 04:27:53.679143 Golf: Alpha, sending you 2
2024-10-15 04:27:53.681117 Papa: November, sending you 2
2024-10-15 04:27:53.683283 X-ray: Alpha and Papa, sending you 3
2024-10-15 04:27:53.684813 November: Alpha, sending you 2
2024-10-15 04:27:53.686745 Golf: X-ray, sending you 5
2024-10-15 04:27:53.750656 Yankee: Echo, sending you 7
2024-10-15 04:27:53.760609 Yankee: Uniform, sending you 8
2024-10-15 04:27:53.762970 Lima: Echo, sending you 5
2024-10-15 04:27:53.783797 Lima: Uniform, sending you 9
chatterbot Echo submitting transactions
chatterbot Yankee submitting transactions
chatterbot Golf submitting transactions
chatterbot Papa submitting transactions
chatterbot Lima submitting transactions
chatterbot November submitting transactions
chatterbot X-ray submitting transactions
chatterbot Charlie submitting transactions
chatterbot Uniform submitting transactions
chatterbot Alpha submitting transactions
ChatterBot Golf round 12
ChatterBot Charlie round 12
ChatterBot Alpha round 12
ChatterBot Papa round 12
ChatterBot X-ray round 12
ChatterBot Echo round 12
2024-10-15 04:27:54.721770 Alpha: We should replace Lima with Yankee
2024-10-15 04:27:54.737934 Charlie: No
2024-10-15 04:27:54.738177 Golf: No
2024-10-15 04:27:54.738341 Papa: No
2024-10-15 04:27:54.738500 November: No
2024-10-15 04:27:54.738679 X-ray: No
ChatterBot Alpha reevaluating
ChatterBot Alpha reevaluating
ChatterBot Alpha reevaluating
ChatterBot Alpha reevaluating
ChatterBot Alpha reevaluating
ChatterBot Yankee round 12
ChatterBot November round 12
ChatterBot Uniform round 12
ChatterBot Lima round 12
2024-10-15 04:27:54.865578 Alpha: Yankee we want you to join our group
2024-10-15 04:27:54.870267 Yankee: No
ChatterBot Alpha reevaluating
2024-10-15 04:27:54.890673 Papa: Golf and X-ray, sending you 4
2024-10-15 04:27:54.892982 Echo: Yankee, sending you 7
2024-10-15 04:27:54.894785 Charlie: Golf, sending you 3
2024-10-15 04:27:54.896920 Golf: Charlie, Alpha, Papa and November, sending you 3
2024-10-15 04:27:54.898343 Papa: Charlie, sending you 1
2024-10-15 04:27:54.900322 Echo: Uniform, sending you 6
2024-10-15 04:27:54.901784 Charlie: Alpha, sending you 4
2024-10-15 04:27:54.903155 Golf: X-ray, sending you 4
2024-10-15 04:27:54.905088 Papa: Alpha, sending you 9
2024-10-15 04:27:54.906907 Echo: Lima, sending you 4
2024-10-15 04:27:54.908052 Charlie: Papa, X-ray and November, sending you 1
2024-10-15 04:27:54.911953 Papa: November, sending you 2
2024-10-15 04:27:54.914425 Yankee: Echo, sending you 7
2024-10-15 04:27:54.914963 X-ray: Golf, sending you 4
2024-10-15 04:27:54.917051 Lima: Echo, sending you 5
2024-10-15 04:27:54.917724 November: Golf, sending you 3
2024-10-15 04:27:54.919768 Yankee: Uniform, sending you 8
2024-10-15 04:27:54.921675 X-ray: Charlie and November, sending you 1
2024-10-15 04:27:54.924011 Lima: Uniform, sending you 9
2024-10-15 04:27:54.925441 November: Charlie, Papa and X-ray, sending you 1
2024-10-15 04:27:54.927680 X-ray: Alpha and Papa, sending you 3
2024-10-15 04:27:54.929669 November: Alpha, sending you 2
chatterbot November submitting transactions
chatterbot Uniform submitting transactions
chatterbot X-ray submitting transactions
chatterbot Golf submitting transactions
chatterbot Alpha submitting transactions
chatterbot Papa submitting transactions
chatterbot Charlie submitting transactions
chatterbot Echo submitting transactions
chatterbot Lima submitting transactions
chatterbot Yankee submitting transactions
ChatterBot Golf round 13
ChatterBot Charlie round 13
ChatterBot Alpha round 13
ChatterBot Papa round 13
ChatterBot X-ray round 13
ChatterBot Echo round 13
ChatterBot Yankee round 13
ChatterBot November round 13
ChatterBot Uniform round 13
ChatterBot Lima round 13
2024-10-15 04:27:56.146952 Alpha: We should replace Lima with Echo
2024-10-15 04:27:56.169977 Charlie: No
2024-10-15 04:27:56.171037 Golf: No
2024-10-15 04:27:56.171267 Papa: No
2024-10-15 04:27:56.171474 November: No
2024-10-15 04:27:56.171688 X-ray: No
ChatterBot Alpha reevaluating
ChatterBot Alpha reevaluating
ChatterBot Alpha reevaluating
ChatterBot Alpha reevaluating
ChatterBot Alpha reevaluating
2024-10-15 04:27:56.326270 Yankee: We should replace Uniform with Lima
2024-10-15 04:27:56.330193 Echo: No
ChatterBot Yankee reevaluating
2024-10-15 04:27:56.341651 Lima: We should replace November with Alpha
ChatterBot Yankee reevaluating
2024-10-15 04:27:56.351254 Echo: No
2024-10-15 04:27:56.351436 Yankee: No
2024-10-15 04:27:56.352021 Uniform: No
ChatterBot Yankee reevaluating
ChatterBot Lima reevaluating
ChatterBot Echo reevaluating
ChatterBot Lima reevaluating
ChatterBot Echo reevaluating
ChatterBot Yankee reevaluating
ChatterBot Lima reevaluating
2024-10-15 04:27:56.385568 Alpha: We should replace Lima with Yankee
2024-10-15 04:27:56.402432 Charlie: No
2024-10-15 04:27:56.402691 Golf: No
2024-10-15 04:27:56.402896 Papa: No
2024-10-15 04:27:56.403094 November: No
2024-10-15 04:27:56.403285 X-ray: No
ChatterBot Alpha reevaluating
ChatterBot Alpha reevaluating
ChatterBot Alpha reevaluating
ChatterBot Alpha reevaluating
ChatterBot Alpha reevaluating
2024-10-15 04:27:56.501899 Lima: We should replace November with X-ray
ChatterBot Echo reevaluating
ChatterBot Yankee reevaluating
2024-10-15 04:27:56.515722 Echo: No
2024-10-15 04:27:56.515986 Yankee: No
2024-10-15 04:27:56.516269 Uniform: No
ChatterBot Yankee reevaluating
ChatterBot Lima reevaluating
ChatterBot Echo reevaluating
ChatterBot Lima reevaluating
ChatterBot Echo reevaluating
ChatterBot Yankee reevaluating
ChatterBot Lima reevaluating
2024-10-15 04:27:56.579923 Papa: Golf and X-ray, sending you 4
2024-10-15 04:27:56.582573 Golf: Charlie, Alpha, Papa and November, sending you 3
2024-10-15 04:27:56.584835 Charlie: Golf, sending you 3
2024-10-15 04:27:56.587643 November: Golf, sending you 3
2024-10-15 04:27:56.588798 X-ray: Golf, sending you 4
2024-10-15 04:27:56.591930 Alpha: We should drop Lima
2024-10-15 04:27:56.624366 Charlie: Yes
2024-10-15 04:27:56.624683 Golf: Yes
2024-10-15 04:27:56.625580 Papa: Yes
2024-10-15 04:27:56.625823 November: Yes
2024-10-15 04:27:56.626046 X-ray: Yes
ChatterBot Alpha reevaluating
ChatterBot Alpha reevaluating
ChatterBot Alpha reevaluating
ChatterBot Alpha reevaluating
ChatterBot Alpha reevaluating
2024-10-15 04:27:56.864852 Lima: Alpha we want you to join our group
ChatterBot Alpha reevaluating
2024-10-15 04:27:56.904294 Alpha: No
ChatterBot Lima reevaluating
ChatterBot Echo reevaluating
ChatterBot Uniform reevaluating
2024-10-15 04:27:56.945066 Papa: Charlie, sending you 1
2024-10-15 04:27:56.947671 Golf: X-ray, sending you 4
2024-10-15 04:27:56.949709 Charlie: Alpha, sending you 4
2024-10-15 04:27:56.951833 November: Charlie, Papa and X-ray, sending you 1
2024-10-15 04:27:56.955861 X-ray: Charlie and November, sending you 1
2024-10-15 04:27:56.958167 Papa: Alpha, sending you 9
2024-10-15 04:27:56.960006 Charlie: Papa, X-ray and November, sending you 1
2024-10-15 04:27:56.961647 November: Alpha, sending you 2
2024-10-15 04:27:56.963185 X-ray: Alpha and Papa, sending you 3
2024-10-15 04:27:56.980918 Alpha: Yankee we want you to join our group
ChatterBot Yankee reevaluating
2024-10-15 04:27:56.987897 Yankee: No
ChatterBot Alpha reevaluating
2024-10-15 04:27:57.010793 Yankee: We should replace Echo with Lima
ChatterBot Uniform reevaluating
2024-10-15 04:27:57.015211 Uniform: No
ChatterBot Yankee reevaluating
2024-10-15 04:27:57.020007 Papa: November, sending you 2
chatterbot X-ray submitting transactions
2024-10-15 04:27:57.039266 Echo: Yankee, sending you 7
2024-10-15 04:27:57.062187 Echo: Uniform, sending you 6
2024-10-15 04:27:57.064323 Lima: Alpha, sending you 1
2024-10-15 04:27:57.074573 Echo: Lima, sending you 4
