ChatterBot Quebec round 1
ChatterBot Whiskey round 1
ChatterBot Lima round 1
ChatterBot Yankee round 1
ChatterBot Uniform round 1
ChatterBot Alpha round 1
ChatterBot Charlie round 1
ChatterBot Zulu round 1
ChatterBot Bravo round 1
ChatterBot Hotel round 1
randomSelections Quebec: {Quebec, Bravo, Whiskey, Lima, Uniform, Alpha, Yankee, Zulu} 
2024-10-15 04:27:37.369041 Quebec: Let's form a team
ChatterBot Bravo reevaluating
ChatterBot Whiskey reevaluating
ChatterBot Lima reevaluating
ChatterBot Uniform reevaluating
ChatterBot Alpha reevaluating
ChatterBot Yankee reevaluating
ChatterBot Zulu reevaluating
2024-10-15 04:27:37.388550 Bravo: Yes
2024-10-15 04:27:37.388910 Whiskey: Yes
2024-10-15 04:27:37.389073 Lima: Yes
2024-10-15 04:27:37.389231 Uniform: Yes
2024-10-15 04:27:37.390442 Alpha: Yes
2024-10-15 04:27:37.390658 Yankee: Yes
2024-10-15 04:27:37.390846 Zulu: Yes
ChatterBot Whiskey reevaluating
ChatterBot Lima reevaluating
ChatterBot Uniform reevaluating
ChatterBot Alpha reevaluating
ChatterBot Yankee reevaluating
ChatterBot Zulu reevaluating
ChatterBot Bravo reevaluating
ChatterBot Lima reevaluating
ChatterBot Uniform reevaluating
ChatterBot Alpha reevaluating
ChatterBot Yankee reevaluating
ChatterBot Zulu reevaluating
ChatterBot Bravo reevaluating
ChatterBot Whiskey reevaluating
ChatterBot Uniform reevaluating
ChatterBot Alpha reevaluating
ChatterBot Yankee reevaluating
ChatterBot Zulu reevaluating
ChatterBot Bravo reevaluating
ChatterBot Whiskey reevaluating
ChatterBot Lima reevaluating
ChatterBot Alpha reevaluating
ChatterBot Yankee reevaluating
ChatterBot Zulu reevaluating
ChatterBot Bravo reevaluating
ChatterBot Whiskey reevaluating
ChatterBot Lima reevaluating
ChatterBot Uniform reevaluating
ChatterBot Yankee reevaluating
ChatterBot Zulu reevaluating
ChatterBot Bravo reevaluating
ChatterBot Whiskey reevaluating
ChatterBot Lima reevaluating
ChatterBot Uniform reevaluating
ChatterBot Alpha reevaluating
ChatterBot Zulu reevaluating
ChatterBot Bravo reevaluating
ChatterBot Whiskey reevaluating
ChatterBot Lima reevaluating
ChatterBot Uniform reevaluating
ChatterBot Alpha reevaluating
ChatterBot Yankee reevaluating
randomSelections Charlie: {Charlie, Whiskey, Yankee, Zulu, Uniform, Hotel} 
2024-10-15 04:27:37.498084 Charlie: Friends?
ChatterBot Whiskey reevaluating
ChatterBot Yankee reevaluating
ChatterBot Zulu reevaluating
ChatterBot Uniform reevaluating
ChatterBot Hotel reevaluating
2024-10-15 04:27:37.514550 Whiskey: No
2024-10-15 04:27:37.514918 Yankee: No
2024-10-15 04:27:37.515868 Zulu: No
2024-10-15 04:27:37.516061 Uniform: No
2024-10-15 04:27:37.516333 Hotel: Yes
ChatterBot Yankee reevaluating
ChatterBot Zulu reevaluating
ChatterBot Uniform reevaluating
ChatterBot Hotel reevaluating
ChatterBot Whiskey reevaluating
ChatterBot Zulu reevaluating
ChatterBot Uniform reevaluating
ChatterBot Hotel reevaluating
ChatterBot Whiskey reevaluating
ChatterBot Yankee reevaluating
ChatterBot Uniform reevaluating
ChatterBot Hotel reevaluating
ChatterBot Whiskey reevaluating
ChatterBot Yankee reevaluating
ChatterBot Zulu reevaluating
ChatterBot Hotel reevaluating
ChatterBot Whiskey reevaluating
ChatterBot Yankee reevaluating
ChatterBot Zulu reevaluating
ChatterBot Uniform reevaluating
2024-10-15 04:27:37.595206 Lima: Quebec and Zulu, sending you 2
2024-10-15 04:27:37.597147 Whiskey: Quebec, sending you 1
2024-10-15 04:27:37.599156 Quebec: Whiskey and Uniform, sending you 1
2024-10-15 04:27:37.600873 Uniform: Quebec and Alpha, sending you 2
2024-10-15 04:27:37.601794 Lima: Whiskey, Yankee, Uniform, Alpha and Bravo, sending you 3
2024-10-15 04:27:37.603696 Whiskey: Lima and Zulu, sending you 3
2024-10-15 04:27:37.604451 Quebec: Yankee and Alpha, sending you 5
2024-10-15 04:27:37.605857 Charlie: Whiskey, sending you 4
2024-10-15 04:27:37.606430 Yankee: Quebec, Lima, Uniform and Alpha, sending you 1
2024-10-15 04:27:37.607988 Alpha: Quebec, Whiskey, Yankee and Uniform, sending you 2
2024-10-15 04:27:37.610108 Uniform: Lima, Yankee, Zulu and Bravo, sending you 1
2024-10-15 04:27:37.612834 Zulu: Quebec, Yankee, Uniform and Bravo, sending you 2
2024-10-15 04:27:37.613717 Hotel: Whiskey, sending you 2
2024-10-15 04:27:37.615137 Bravo: Quebec, sending you 2
2024-10-15 04:27:37.617017 Whiskey: Yankee and Uniform, sending you 4
2024-10-15 04:27:37.618485 Charlie: Uniform and Hotel, sending you 2
2024-10-15 04:27:37.619340 Yankee: Whiskey, sending you 4
2024-10-15 04:27:37.620778 Alpha: Lima, sending you 1
2024-10-15 04:27:37.622677 Zulu: Alpha, sending you 1
2024-10-15 04:27:37.623750 Hotel: Yankee, sending you 1
2024-10-15 04:27:37.625210 Bravo: Whiskey, Yankee, Alpha and Zulu, sending you 3
2024-10-15 04:27:37.626979 Whiskey: Alpha, sending you 2
2024-10-15 04:27:37.627952 Charlie: Zulu, sending you 1
2024-10-15 04:27:37.629263 Yankee: Bravo, sending you 6
2024-10-15 04:27:37.631489 Alpha: Zulu, sending you 3
2024-10-15 04:27:37.633414 Hotel: Uniform and Charlie, sending you 3
2024-10-15 04:27:37.633921 Bravo: Lima, sending you 4
2024-10-15 04:27:37.637738 Alpha: Bravo, sending you 5
2024-10-15 04:27:37.639799 Bravo: Uniform, sending you 1
chatterbot Quebec submitting transactions
chatterbot Hotel submitting transactions
chatterbot Zulu submitting transactions
chatterbot Whiskey submitting transactions
chatterbot Charlie submitting transactions
chatterbot Lima submitting transactions
chatterbot Uniform submitting transactions
chatterbot Yankee submitting transactions
chatterbot Alpha submitting transactions
chatterbot Bravo submitting transactions
ChatterBot Quebec round 2
ChatterBot Whiskey round 2
ChatterBot Lima round 2
ChatterBot Yankee round 2
ChatterBot Uniform round 2
ChatterBot Alpha round 2
ChatterBot Charlie round 2
ChatterBot Zulu round 2
ChatterBot Bravo round 2
ChatterBot Hotel round 2
2024-10-15 04:27:39.384894 Charlie: Can we be friends?
ChatterBot Hotel reevaluating
ChatterBot Uniform reevaluating
2024-10-15 04:27:39.397854 Hotel: Yes
2024-10-15 04:27:39.398081 Uniform: No
ChatterBot Charlie reevaluating
ChatterBot Uniform reevaluating
ChatterBot Charlie reevaluating
ChatterBot Hotel reevaluating
2024-10-15 04:27:39.450470 Bravo: We should drop Uniform
2024-10-15 04:27:39.484005 Quebec: No
2024-10-15 04:27:39.484213 Whiskey: No
2024-10-15 04:27:39.484379 Lima: No
2024-10-15 04:27:39.484543 Yankee: Yes
2024-10-15 04:27:39.484701 Alpha: No
2024-10-15 04:27:39.484856 Zulu: No
ChatterBot Bravo reevaluating
ChatterBot Bravo reevaluating
ChatterBot Bravo reevaluating
ChatterBot Bravo reevaluating
ChatterBot Bravo reevaluating
ChatterBot Whiskey reevaluating
2024-10-15 04:27:40.502555 Zulu: Whiskey, sending you 4
2024-10-15 04:27:40.503284 Lima: Quebec, sending you 1
chatterbot Zulu submitting transactions
chatterbot Quebec submitting transactions
chatterbot Lima submitting transactions
2024-10-15 04:27:40.946403 Zulu: Lima, sending you 2
2024-10-15 04:27:40.946826 Lima: Whiskey, sending you 5
2024-10-15 04:27:40.947728 Alpha: Quebec, sending you 5
2024-10-15 04:27:40.948168 Quebec: Whiskey and Yankee, sending you 1
2024-10-15 04:27:40.948663 Charlie: Quebec, sending you 4
2024-10-15 04:27:40.949453 Uniform: Quebec and Yankee, sending you 1
2024-10-15 04:27:40.949841 Hotel: Charlie, sending you 14
chatterbot Hotel submitting transactions
chatterbot Alpha submitting transactions
chatterbot Whiskey submitting transactions
chatterbot Uniform submitting transactions
chatterbot Yankee submitting transactions
2024-10-15 04:27:40.951150 Zulu: Uniform, sending you 1
2024-10-15 04:27:40.951524 Lima: Yankee, Uniform and Alpha, sending you 2
2024-10-15 04:27:41.180060 Charlie: Hotel, sending you 5
2024-10-15 04:27:41.180395 Alpha: Whiskey and Uniform, sending you 2
2024-10-15 04:27:41.181023 Quebec: Lima, Uniform, Alpha, Zulu and Bravo, sending you 2
2024-10-15 04:27:41.182188 Uniform: Whiskey, sending you 3
2024-10-15 04:27:41.182750 Zulu: Alpha and Bravo, sending you 3
2024-10-15 04:27:41.183789 Yankee: Quebec, sending you 4
2024-10-15 04:27:41.184159 Lima: Bravo, sending you 7
chatterbot Bravo submitting transactions
2024-10-15 04:27:41.298684 Alpha: Lima and Bravo, sending you 3
2024-10-15 04:27:41.299981 Uniform: Lima, Alpha and Zulu, sending you 2
2024-10-15 04:27:41.301157 Yankee: Whiskey, sending you 3
2024-10-15 04:27:41.301574 Bravo: Lima, sending you 4
2024-10-15 04:27:41.301990 Whiskey: Quebec, sending you 1
chatterbot Charlie submitting transactions
2024-10-15 04:27:41.324918 Alpha: Yankee and Zulu, sending you 1
2024-10-15 04:27:41.325992 Yankee: Lima, Alpha and Bravo, sending you 2
2024-10-15 04:27:41.326389 Bravo: Yankee, sending you 7
2024-10-15 04:27:41.326916 Whiskey: Lima and Bravo, sending you 4
2024-10-15 04:27:41.328104 Uniform: Whiskey did not give me 4 like they said
ChatterBot Quebec reevaluating
ChatterBot Bravo reevaluating
ChatterBot Whiskey reevaluating
ChatterBot Lima reevaluating
ChatterBot Alpha reevaluating
ChatterBot Yankee reevaluating
ChatterBot Zulu reevaluating
2024-10-15 04:27:41.378340 Uniform: Lima did not give me 3 like they said
ChatterBot Quebec reevaluating
ChatterBot Bravo reevaluating
ChatterBot Whiskey reevaluating
ChatterBot Lima reevaluating
ChatterBot Alpha reevaluating
ChatterBot Yankee reevaluating
ChatterBot Zulu reevaluating
2024-10-15 04:27:41.411464 Uniform: Yankee did not give me 1 like they said
ChatterBot Quebec reevaluating
ChatterBot Bravo reevaluating
ChatterBot Whiskey reevaluating
ChatterBot Lima reevaluating
ChatterBot Alpha reevaluating
ChatterBot Yankee reevaluating
ChatterBot Zulu reevaluating
2024-10-15 04:27:41.440856 Uniform: Charlie did not give me 2 like they said
ChatterBot Quebec reevaluating
ChatterBot Bravo reevaluating
ChatterBot Whiskey reevaluating
ChatterBot Lima reevaluating
ChatterBot Alpha reevaluating
ChatterBot Yankee reevaluating
ChatterBot Zulu reevaluating
2024-10-15 04:27:41.469872 Uniform: Zulu did not give me 2 like they said
ChatterBot Quebec reevaluating
ChatterBot Bravo reevaluating
ChatterBot Whiskey reevaluating
ChatterBot Lima reevaluating
ChatterBot Alpha reevaluating
ChatterBot Yankee reevaluating
ChatterBot Zulu reevaluating
2024-10-15 04:27:41.499953 Uniform: Bravo did not give me 1 like they said
ChatterBot Quebec reevaluating
ChatterBot Bravo reevaluating
ChatterBot Whiskey reevaluating
ChatterBot Lima reevaluating
ChatterBot Alpha reevaluating
ChatterBot Yankee reevaluating
ChatterBot Zulu reevaluating
2024-10-15 04:27:41.530626 Uniform: Hotel did not give me 3 like they said
ChatterBot Quebec reevaluating
ChatterBot Bravo reevaluating
ChatterBot Whiskey reevaluating
ChatterBot Lima reevaluating
ChatterBot Alpha reevaluating
ChatterBot Yankee reevaluating
ChatterBot Zulu reevaluating
ChatterBot Quebec round 3
ChatterBot Whiskey round 3
ChatterBot Lima round 3
ChatterBot Yankee round 3
ChatterBot Uniform round 3
ChatterBot Alpha round 3
ChatterBot Charlie round 3
ChatterBot Zulu round 3
ChatterBot Bravo round 3
ChatterBot Hotel round 3
2024-10-15 04:27:41.586106 Yankee: We should replace Uniform with Zulu
ChatterBot Quebec reevaluating
ChatterBot Whiskey reevaluating
ChatterBot Lima reevaluating
ChatterBot Alpha reevaluating
ChatterBot Bravo reevaluating
2024-10-15 04:27:41.617648 Quebec: No
2024-10-15 04:27:41.618451 Whiskey: No
2024-10-15 04:27:41.618588 Lima: No
2024-10-15 04:27:41.618712 Alpha: No
2024-10-15 04:27:41.618815 Bravo: Yes
ChatterBot Yankee reevaluating
ChatterBot Whiskey reevaluating
ChatterBot Lima reevaluating
ChatterBot Alpha reevaluating
ChatterBot Bravo reevaluating
ChatterBot Yankee reevaluating
ChatterBot Quebec reevaluating
ChatterBot Lima reevaluating
ChatterBot Alpha reevaluating
ChatterBot Bravo reevaluating
ChatterBot Yankee reevaluating
ChatterBot Quebec reevaluating
ChatterBot Whiskey reevaluating
ChatterBot Alpha reevaluating
ChatterBot Bravo reevaluating
ChatterBot Yankee reevaluating
ChatterBot Quebec reevaluating
ChatterBot Whiskey reevaluating
ChatterBot Lima reevaluating
ChatterBot Bravo reevaluating
ChatterBot Yankee reevaluating
ChatterBot Quebec reevaluating
ChatterBot Whiskey reevaluating
ChatterBot Lima reevaluating
ChatterBot Alpha reevaluating
2024-10-15 04:27:41.920986 Charlie: We should replace Quebec with Uniform
2024-10-15 04:27:41.924764 Hotel: Yes
ChatterBot Charlie reevaluating
2024-10-15 04:27:41.934177 Hotel: We should replace Uniform with Zulu
ChatterBot Charlie reevaluating
2024-10-15 04:27:41.938899 Charlie: Yes
ChatterBot Hotel reevaluating
2024-10-15 04:27:42.047956 Yankee: Zulu we want you to join our group
2024-10-15 04:27:42.055064 Zulu: Yes
2024-10-15 04:27:42.254596 Quebec: Whiskey, Lima and Zulu, sending you 1
2024-10-15 04:27:42.255126 Zulu: Quebec, Whiskey and Uniform, sending you 2
2024-10-15 04:27:42.255515 Uniform: Quebec, Whiskey, Lima, Alpha and Zulu, sending you 2
2024-10-15 04:27:42.256432 Lima: Quebec, Yankee, Uniform and Zulu, sending you 2
2024-10-15 04:27:42.256834 Alpha: Quebec, sending you 3
2024-10-15 04:27:42.461312 Quebec: Yankee, sending you 3
2024-10-15 04:27:42.461937 Zulu: Lima and Yankee, sending you 1
2024-10-15 04:27:42.463016 Uniform: Yankee and Bravo, sending you 1
2024-10-15 04:27:42.463470 Lima: Whiskey and Bravo, sending you 4
2024-10-15 04:27:42.463925 Alpha: Whiskey, Lima, Yankee, Uniform and Zulu, sending you 2
2024-10-15 04:27:42.464961 Yankee: Quebec and Lima, sending you 2
2024-10-15 04:27:42.465250 Hotel: Charlie, sending you 14
2024-10-15 04:27:42.465479 Charlie: Zulu, sending you 4
chatterbot Bravo submitting transactions
chatterbot Alpha submitting transactions
2024-10-15 04:27:42.466403 Quebec: Uniform, sending you 2
2024-10-15 04:27:42.466813 Zulu: Alpha and Bravo, sending you 3
2024-10-15 04:27:42.560351 Lima: Alpha, sending you 3
2024-10-15 04:27:42.560963 Alpha: Bravo, sending you 4
2024-10-15 04:27:42.562120 Charlie: Hotel, sending you 5
2024-10-15 04:27:42.562369 Yankee: Whiskey and Bravo, sending you 4
2024-10-15 04:27:42.563234 Quebec: Alpha, sending you 4
chatterbot Uniform submitting transactions
2024-10-15 04:27:42.711892 Yankee: Alpha and Zulu, sending you 1
chatterbot Charlie submitting transactions
chatterbot Hotel submitting transactions
chatterbot Whiskey submitting transactions
chatterbot Lima submitting transactions
chatterbot Quebec submitting transactions
chatterbot Yankee submitting transactions
chatterbot Zulu submitting transactions
ChatterBot Quebec round 4
ChatterBot Whiskey round 4
ChatterBot Lima round 4
ChatterBot Yankee round 4
ChatterBot Uniform round 4
ChatterBot Alpha round 4
ChatterBot Charlie round 4
ChatterBot Zulu round 4
ChatterBot Bravo round 4
ChatterBot Hotel round 4
2024-10-15 04:27:43.371574 Hotel: We should replace Uniform with Zulu
ChatterBot Charlie reevaluating
2024-10-15 04:27:43.378432 Charlie: No
ChatterBot Hotel reevaluating
2024-10-15 04:27:43.384255 Hotel: Friends?
2024-10-15 04:27:43.385271 Charlie: We should replace Zulu with Quebec
ChatterBot Charlie reevaluating
ChatterBot Whiskey reevaluating
ChatterBot Hotel reevaluating
2024-10-15 04:27:43.450209 Charlie: No
2024-10-15 04:27:43.450644 Quebec: No
2024-10-15 04:27:43.450933 Whiskey: No
2024-10-15 04:27:43.452232 Lima: No
2024-10-15 04:27:43.452730 Yankee: No
2024-10-15 04:27:43.453774 Uniform: No
2024-10-15 04:27:43.454063 Alpha: No
2024-10-15 04:27:43.454320 Zulu: No
2024-10-15 04:27:43.454755 Bravo: No
2024-10-15 04:27:43.455912 Hotel: Yes
ChatterBot Hotel reevaluating
ChatterBot Whiskey reevaluating
ChatterBot Hotel reevaluating
ChatterBot Charlie reevaluating
ChatterBot Whiskey reevaluating
ChatterBot Hotel reevaluating
ChatterBot Charlie reevaluating
ChatterBot Hotel reevaluating
ChatterBot Charlie reevaluating
ChatterBot Whiskey reevaluating
ChatterBot Hotel reevaluating
ChatterBot Charlie reevaluating
ChatterBot Whiskey reevaluating
ChatterBot Hotel reevaluating
ChatterBot Charlie reevaluating
ChatterBot Whiskey reevaluating
ChatterBot Hotel reevaluating
ChatterBot Charlie reevaluating
ChatterBot Whiskey reevaluating
ChatterBot Hotel reevaluating
ChatterBot Charlie reevaluating
ChatterBot Whiskey reevaluating
ChatterBot Hotel reevaluating
ChatterBot Charlie reevaluating
ChatterBot Whiskey reevaluating
ChatterBot Charlie reevaluating
2024-10-15 04:27:43.857437 Charlie: We should replace Zulu with Uniform
ChatterBot Hotel reevaluating
2024-10-15 04:27:43.861098 Hotel: No
ChatterBot Charlie reevaluating
2024-10-15 04:27:43.865548 Lima: Quebec, Yankee and Uniform, sending you 2
2024-10-15 04:27:43.866085 Quebec: Whiskey, Lima, Zulu and Bravo, sending you 1
2024-10-15 04:27:43.903010 Lima: Whiskey, sending you 4
2024-10-15 04:27:43.904345 Quebec: Yankee and Uniform, sending you 2
2024-10-15 04:27:43.905492 Charlie: Uniform we want you to join our group
2024-10-15 04:27:43.909391 Uniform: No
ChatterBot Charlie reevaluating
ChatterBot Hotel reevaluating
2024-10-15 04:27:43.920120 Lima: Alpha, sending you 3
2024-10-15 04:27:43.920710 Zulu: Quebec and Yankee, sending you 1
2024-10-15 04:27:43.921962 Quebec: Alpha, sending you 4
2024-10-15 04:27:43.922528 Uniform: Quebec, Whiskey, Lima, Alpha and Zulu, sending you 2
2024-10-15 04:27:43.923598 Yankee: Quebec, Lima and Alpha, sending you 2
2024-10-15 04:27:43.923968 Alpha: Quebec, sending you 3
2024-10-15 04:27:43.924939 Lima: Zulu, sending you 1
2024-10-15 04:27:43.931292 Zulu: Whiskey, Lima, Uniform and Alpha, sending you 2
2024-10-15 04:27:43.932561 Uniform: Yankee and Bravo, sending you 1
2024-10-15 04:27:43.933369 Yankee: Whiskey and Bravo, sending you 4
2024-10-15 04:27:43.934332 Alpha: Whiskey, Lima, Uniform and Zulu, sending you 2
2024-10-15 04:27:43.935135 Lima: Bravo, sending you 5
2024-10-15 04:27:43.936493 Zulu: Bravo, sending you 4
2024-10-15 04:27:43.948301 Alpha: Yankee, sending you 1
2024-10-15 04:27:44.030839 Hotel: Charlie, sending you 14
2024-10-15 04:27:44.031834 Alpha: Bravo, sending you 5
2024-10-15 04:27:44.039630 Charlie: Uniform, sending you 4
2024-10-15 04:27:44.046190 Charlie: Hotel, sending you 5
chatterbot Yankee submitting transactions
chatterbot Alpha submitting transactions
chatterbot Whiskey submitting transactions
chatterbot Lima submitting transactions
chatterbot Bravo submitting transactions
chatterbot Zulu submitting transactions
chatterbot Quebec submitting transactions
chatterbot Uniform submitting transactions
chatterbot Hotel submitting transactions
chatterbot Charlie submitting transactions
ChatterBot Quebec round 5
ChatterBot Whiskey round 5
ChatterBot Lima round 5
ChatterBot Yankee round 5
ChatterBot Uniform round 5
ChatterBot Alpha round 5
ChatterBot Charlie round 5
ChatterBot Zulu round 5
ChatterBot Bravo round 5
ChatterBot Hotel round 5
2024-10-15 04:27:45.327558 Alpha: Quebec, sending you 3
2024-10-15 04:27:45.329438 Quebec: Whiskey, Zulu and Bravo, sending you 1
2024-10-15 04:27:45.331306 Uniform: Quebec, Whiskey, Lima and Zulu, sending you 2
2024-10-15 04:27:45.333287 Alpha: Whiskey, Lima, Yankee, Uniform and Zulu, sending you 2
2024-10-15 04:27:45.333979 Yankee: Quebec and Lima, sending you 2
2024-10-15 04:27:45.334394 Zulu: Quebec, Lima and Yankee, sending you 1
2024-10-15 04:27:45.335753 Charlie: Hotel, sending you 9
2024-10-15 04:27:45.336115 Lima: Quebec, sending you 1
2024-10-15 04:27:45.337499 Quebec: Lima, Yankee and Uniform, sending you 2
2024-10-15 04:27:45.338229 Uniform: Yankee and Bravo, sending you 1
2024-10-15 04:27:45.339610 Hotel: Charlie, sending you 14
2024-10-15 04:27:45.339896 Alpha: Bravo, sending you 4
2024-10-15 04:27:45.340544 Yankee: Whiskey and Bravo, sending you 4
2024-10-15 04:27:45.343423 Zulu: Whiskey and Uniform, sending you 2
2024-10-15 04:27:45.344269 Lima: Whiskey, sending you 4
2024-10-15 04:27:45.345411 Quebec: Alpha, sending you 3
2024-10-15 04:27:45.346082 Uniform: Alpha, sending you 3
2024-10-15 04:27:45.347302 Yankee: Alpha and Zulu, sending you 1
2024-10-15 04:27:45.347722 Zulu: Alpha, sending you 3
2024-10-15 04:27:45.348903 Lima: Yankee, Uniform, Alpha and Zulu, sending you 2
2024-10-15 04:27:45.646214 Lima: Bravo, sending you 6
2024-10-15 04:27:45.648794 Zulu: Bravo, sending you 4
chatterbot Quebec submitting transactions
chatterbot Uniform submitting transactions
chatterbot Charlie submitting transactions
chatterbot Lima submitting transactions
chatterbot Zulu submitting transactions
chatterbot Bravo submitting transactions
chatterbot Alpha submitting transactions
chatterbot Whiskey submitting transactions
chatterbot Yankee submitting transactions
chatterbot Hotel submitting transactions
ChatterBot Quebec round 6
ChatterBot Whiskey round 6
ChatterBot Lima round 6
ChatterBot Yankee round 6
ChatterBot Uniform round 6
ChatterBot Alpha round 6
ChatterBot Charlie round 6
ChatterBot Zulu round 6
ChatterBot Bravo round 6
2024-10-15 04:27:46.658335 Whiskey: We should add Hotel
2024-10-15 04:27:46.684455 Quebec: No
2024-10-15 04:27:46.684754 Bravo: No
2024-10-15 04:27:46.684991 Lima: No
2024-10-15 04:27:46.685146 Uniform: No
2024-10-15 04:27:46.685318 Alpha: No
2024-10-15 04:27:46.685448 Yankee: No
2024-10-15 04:27:46.685564 Zulu: No
ChatterBot Whiskey reevaluating
ChatterBot Whiskey reevaluating
ChatterBot Bravo reevaluating
ChatterBot Whiskey reevaluating
ChatterBot Bravo reevaluating
ChatterBot Whiskey reevaluating
ChatterBot Bravo reevaluating
ChatterBot Whiskey reevaluating
ChatterBot Bravo reevaluating
ChatterBot Whiskey reevaluating
ChatterBot Hotel round 6
2024-10-15 04:27:46.894697 Lima: Quebec, Yankee, Uniform, Alpha and Zulu, sending you 2
2024-10-15 04:27:46.896658 Quebec: Whiskey, Lima, Zulu and Bravo, sending you 1
2024-10-15 04:27:46.900686 Lima: Whiskey, sending you 4
2024-10-15 04:27:46.901750 Quebec: Yankee and Uniform, sending you 2
2024-10-15 04:27:46.903329 Uniform: Quebec, Whiskey, Lima and Zulu, sending you 2
2024-10-15 04:27:46.905689 Lima: Bravo, sending you 5
2024-10-15 04:27:46.907758 Quebec: Alpha, sending you 4
2024-10-15 04:27:46.908791 Charlie: Hotel, sending you 9
2024-10-15 04:27:46.909183 Alpha: Quebec, sending you 3
2024-10-15 04:27:46.910620 Zulu: Quebec and Yankee, sending you 1
2024-10-15 04:27:46.911663 Uniform: Yankee and Bravo, sending you 1
2024-10-15 04:27:46.914674 Alpha: Whiskey, Lima, Uniform and Zulu, sending you 2
2024-10-15 04:27:46.916143 Hotel: Charlie, sending you 14
2024-10-15 04:27:46.916634 Yankee: Quebec, Lima and Alpha, sending you 2
2024-10-15 04:27:46.918484 Zulu: Whiskey, Lima, Uniform and Alpha, sending you 2
2024-10-15 04:27:46.919774 Uniform: Alpha, sending you 3
2024-10-15 04:27:46.920928 Alpha: Yankee, sending you 1
2024-10-15 04:27:46.922660 Yankee: Whiskey and Bravo, sending you 4
2024-10-15 04:27:46.923673 Zulu: Bravo, sending you 4
2024-10-15 04:27:46.925693 Alpha: Bravo, sending you 5
chatterbot Uniform submitting transactions
chatterbot Bravo submitting transactions
chatterbot Charlie submitting transactions
chatterbot Lima submitting transactions
chatterbot Yankee submitting transactions
chatterbot Quebec submitting transactions
chatterbot Whiskey submitting transactions
chatterbot Alpha submitting transactions
chatterbot Hotel submitting transactions
chatterbot Zulu submitting transactions
ChatterBot Quebec round 7
ChatterBot Whiskey round 7
ChatterBot Lima round 7
ChatterBot Yankee round 7
ChatterBot Uniform round 7
ChatterBot Alpha round 7
ChatterBot Charlie round 7
ChatterBot Zulu round 7
ChatterBot Bravo round 7
ChatterBot Hotel round 7
2024-10-15 04:27:48.078687 Lima: Quebec, Yankee, Uniform, Alpha and Zulu, sending you 2
2024-10-15 04:27:48.080923 Quebec: Whiskey, Zulu and Bravo, sending you 1
2024-10-15 04:27:48.084683 Lima: Whiskey, sending you 4
2024-10-15 04:27:48.087111 Yankee: Quebec, Lima and Alpha, sending you 2
2024-10-15 04:27:48.088153 Quebec: Lima, Yankee and Uniform, sending you 2
2024-10-15 04:27:48.090692 Lima: Bravo, sending you 5
2024-10-15 04:27:48.092801 Yankee: Whiskey and Bravo, sending you 4
2024-10-15 04:27:48.093392 Alpha: Quebec, sending you 3
2024-10-15 04:27:48.095118 Quebec: Alpha, sending you 3
2024-10-15 04:27:48.096333 Zulu: Quebec and Yankee, sending you 1
2024-10-15 04:27:48.098056 Uniform: Quebec, Whiskey, Lima and Zulu, sending you 2
2024-10-15 04:27:48.099415 Charlie: Hotel, sending you 9
2024-10-15 04:27:48.099918 Hotel: Charlie, sending you 14
2024-10-15 04:27:48.101082 Alpha: Whiskey, Lima, Yankee, Uniform and Zulu, sending you 2
2024-10-15 04:27:48.102435 Zulu: Whiskey, Lima, Uniform and Alpha, sending you 2
2024-10-15 04:27:48.104501 Uniform: Yankee and Bravo, sending you 1
2024-10-15 04:27:48.106675 Alpha: Bravo, sending you 4
2024-10-15 04:27:48.109231 Zulu: Bravo, sending you 4
2024-10-15 04:27:48.110475 Uniform: Alpha, sending you 3
chatterbot Lima submitting transactions
chatterbot Bravo submitting transactions
chatterbot Yankee submitting transactions
chatterbot Hotel submitting transactions
chatterbot Quebec submitting transactions
chatterbot Whiskey submitting transactions
chatterbot Zulu submitting transactions
chatterbot Charlie submitting transactions
chatterbot Alpha submitting transactions
chatterbot Uniform submitting transactions
ChatterBot Quebec round 8
ChatterBot Whiskey round 8
ChatterBot Lima round 8
ChatterBot Yankee round 8
ChatterBot Uniform round 8
ChatterBot Alpha round 8
ChatterBot Charlie round 8
ChatterBot Zulu round 8
ChatterBot Bravo round 8
ChatterBot Hotel round 8
2024-10-15 04:27:49.347526 Lima: Quebec, Yankee, Uniform, Alpha and Zulu, sending you 2
2024-10-15 04:27:49.349999 Uniform: Quebec and Zulu, sending you 2
2024-10-15 04:27:49.352544 Quebec: Whiskey, Zulu and Bravo, sending you 1
2024-10-15 04:27:49.355789 Charlie: Hotel, sending you 9
2024-10-15 04:27:49.356373 Alpha: Quebec, sending you 3
2024-10-15 04:27:49.358552 Lima: Whiskey, sending you 4
2024-10-15 04:27:49.361153 Yankee: Quebec, Lima and Alpha, sending you 2
2024-10-15 04:27:49.362405 Uniform: Whiskey, Lima and Alpha, sending you 3
2024-10-15 04:27:49.364561 Zulu: Quebec, sending you 1
2024-10-15 04:27:49.367492 Quebec: Lima, Yankee and Uniform, sending you 2
2024-10-15 04:27:49.370574 Alpha: Whiskey, Lima, Yankee, Uniform and Zulu, sending you 2
2024-10-15 04:27:49.373202 Hotel: Charlie, sending you 14
2024-10-15 04:27:49.373826 Lima: Bravo, sending you 5
2024-10-15 04:27:49.375962 Yankee: Whiskey and Bravo, sending you 4
2024-10-15 04:27:49.378205 Uniform: Bravo, sending you 1
2024-10-15 04:27:49.380398 Zulu: Whiskey, Lima, Uniform and Alpha, sending you 2
2024-10-15 04:27:49.382391 Quebec: Alpha, sending you 3
2024-10-15 04:27:49.384468 Alpha: Bravo, sending you 4
2024-10-15 04:27:49.386318 Zulu: Bravo, sending you 5
chatterbot Alpha submitting transactions
chatterbot Hotel submitting transactions
chatterbot Zulu submitting transactions
chatterbot Quebec submitting transactions
chatterbot Lima submitting transactions
chatterbot Whiskey submitting transactions
chatterbot Bravo submitting transactions
chatterbot Yankee submitting transactions
chatterbot Charlie submitting transactions
chatterbot Uniform submitting transactions
ChatterBot Quebec round 9
ChatterBot Whiskey round 9
ChatterBot Lima round 9
ChatterBot Yankee round 9
ChatterBot Uniform round 9
ChatterBot Alpha round 9
ChatterBot Charlie round 9
ChatterBot Zulu round 9
ChatterBot Bravo round 9
ChatterBot Hotel round 9
2024-10-15 04:27:50.473925 Charlie: We should replace Uniform with Quebec
ChatterBot Hotel reevaluating
2024-10-15 04:27:50.477042 Hotel: Yes
2024-10-15 04:27:50.499585 Charlie: Quebec we want you to join our group
2024-10-15 04:27:50.502291 Quebec: No
ChatterBot Charlie reevaluating
ChatterBot Hotel reevaluating
2024-10-15 04:27:50.513693 Quebec: Whiskey, Zulu and Bravo, sending you 1
2024-10-15 04:27:50.516679 Lima: Quebec, Yankee, Uniform, Alpha and Zulu, sending you 2
2024-10-15 04:27:50.518706 Quebec: Lima, Yankee and Uniform, sending you 2
2024-10-15 04:27:50.521049 Alpha: Quebec, sending you 3
2024-10-15 04:27:50.522460 Lima: Whiskey, sending you 4
2024-10-15 04:27:50.523890 Uniform: Quebec and Zulu, sending you 2
2024-10-15 04:27:50.525830 Zulu: Quebec, sending you 1
2024-10-15 04:27:50.527190 Yankee: Quebec, Lima and Alpha, sending you 2
2024-10-15 04:27:50.527987 Alpha: Whiskey, Lima, Yankee, Uniform and Zulu, sending you 2
2024-10-15 04:27:50.530198 Quebec: Alpha, sending you 3
2024-10-15 04:27:50.531601 Lima: Bravo, sending you 5
2024-10-15 04:27:50.533780 Zulu: Whiskey, Lima, Uniform and Alpha, sending you 2
2024-10-15 04:27:50.535082 Uniform: Whiskey, Lima and Alpha, sending you 3
2024-10-15 04:27:50.536780 Yankee: Whiskey and Bravo, sending you 4
2024-10-15 04:27:50.537724 Alpha: Bravo, sending you 4
2024-10-15 04:27:50.539888 Uniform: Bravo, sending you 1
2024-10-15 04:27:50.541436 Zulu: Bravo, sending you 5
2024-10-15 04:27:50.543405 Charlie: Hotel, sending you 9
2024-10-15 04:27:50.543841 Hotel: Charlie, sending you 14
chatterbot Bravo submitting transactions
chatterbot Uniform submitting transactions
chatterbot Lima submitting transactions
chatterbot Quebec submitting transactions
chatterbot Charlie submitting transactions
chatterbot Zulu submitting transactions
chatterbot Yankee submitting transactions
chatterbot Whiskey submitting transactions
chatterbot Alpha submitting transactions
chatterbot Hotel submitting transactions
ChatterBot Quebec round 10
ChatterBot Whiskey round 10
ChatterBot Lima round 10
ChatterBot Yankee round 10
ChatterBot Uniform round 10
ChatterBot Alpha round 10
ChatterBot Charlie round 10
ChatterBot Zulu round 10
ChatterBot Bravo round 10
ChatterBot Hotel round 10
2024-10-15 04:27:51.509583 Bravo: We should replace Quebec with Uniform
ChatterBot Whiskey reevaluating
ChatterBot Yankee reevaluating
2024-10-15 04:27:51.523046 Whiskey: No
2024-10-15 04:27:51.523218 Lima: No
2024-10-15 04:27:51.523348 Yankee: Yes
2024-10-15 04:27:51.523475 Alpha: No
2024-10-15 04:27:51.523651 Zulu: No
ChatterBot Yankee reevaluating
ChatterBot Bravo reevaluating
ChatterBot Whiskey reevaluating
ChatterBot Yankee reevaluating
ChatterBot Bravo reevaluating
ChatterBot Whiskey reevaluating
ChatterBot Bravo reevaluating
ChatterBot Whiskey reevaluating
ChatterBot Yankee reevaluating
ChatterBot Bravo reevaluating
ChatterBot Whiskey reevaluating
ChatterBot Yankee reevaluating
2024-10-15 04:27:51.596659 Quebec: Whiskey, Zulu and Bravo, sending you 1
2024-10-15 04:27:51.598127 Bravo: Uniform we want you to join our group
2024-10-15 04:27:51.601427 Uniform: Yes
ChatterBot Bravo reevaluating
ChatterBot Whiskey reevaluating
ChatterBot Yankee reevaluating
2024-10-15 04:27:51.618632 Quebec: Lima, Yankee and Uniform, sending you 2
2024-10-15 04:27:51.621670 Lima: Quebec, Yankee, Uniform, Alpha and Zulu, sending you 2
2024-10-15 04:27:51.622907 Alpha: Quebec, sending you 3
2024-10-15 04:27:51.624100 Yankee: Uniform we want you to join our group
2024-10-15 04:27:51.627906 Uniform: Yes
ChatterBot Bravo reevaluating
ChatterBot Whiskey reevaluating
2024-10-15 04:27:51.650136 Uniform: Quebec, Whiskey, Lima and Alpha, sending you 3
2024-10-15 04:27:51.652018 Quebec: Alpha, sending you 3
2024-10-15 04:27:51.653304 Zulu: Quebec, sending you 1
2024-10-15 04:27:51.655530 Charlie: Hotel, sending you 9
2024-10-15 04:27:51.655953 Lima: Whiskey, sending you 4
2024-10-15 04:27:51.657153 Alpha: Whiskey, Lima, Yankee, Uniform and Zulu, sending you 2
2024-10-15 04:27:51.659201 Uniform: Zulu, sending you 2
2024-10-15 04:27:51.660678 Zulu: Whiskey, Lima, Uniform and Alpha, sending you 2
2024-10-15 04:27:51.663339 Lima: Bravo, sending you 5
2024-10-15 04:27:51.664946 Hotel: Charlie, sending you 14
2024-10-15 04:27:51.665324 Alpha: Bravo, sending you 4
2024-10-15 04:27:51.666635 Uniform: Bravo, sending you 1
2024-10-15 04:27:51.668419 Zulu: Bravo, sending you 5
2024-10-15 04:27:51.678658 Yankee: Whiskey and Bravo, sending you 4
2024-10-15 04:27:51.683668 Yankee: Lima and Alpha, sending you 2
2024-10-15 04:27:51.686676 Yankee: Uniform and Zulu, sending you 1
chatterbot Charlie submitting transactions
chatterbot Whiskey submitting transactions
chatterbot Quebec submitting transactions
chatterbot Bravo submitting transactions
chatterbot Uniform submitting transactions
chatterbot Hotel submitting transactions
chatterbot Lima submitting transactions
chatterbot Alpha submitting transactions
chatterbot Yankee submitting transactions
chatterbot Zulu submitting transactions
ChatterBot Quebec round 11
ChatterBot Whiskey round 11
ChatterBot Lima round 11
ChatterBot Yankee round 11
ChatterBot Uniform round 11
ChatterBot Alpha round 11
ChatterBot Charlie round 11
ChatterBot Zulu round 11
ChatterBot Bravo round 11
ChatterBot Hotel round 11
2024-10-15 04:27:52.615696 Quebec: Whiskey, Zulu and Bravo, sending you 1
2024-10-15 04:27:52.617573 Yankee: Whiskey and Bravo, sending you 4
2024-10-15 04:27:52.620678 Quebec: Lima, Yankee and Uniform, sending you 2
2024-10-15 04:27:52.622735 Alpha: Quebec, sending you 3
2024-10-15 04:27:52.625107 Yankee: Lima and Alpha, sending you 2
2024-10-15 04:27:52.626487 Lima: Quebec, Yankee, Uniform, Alpha and Zulu, sending you 2
2024-10-15 04:27:52.628921 Charlie: Hotel, sending you 9
2024-10-15 04:27:52.629927 Quebec: Alpha, sending you 3
2024-10-15 04:27:52.631376 Alpha: Whiskey, Lima, Yankee, Uniform and Zulu, sending you 2
2024-10-15 04:27:52.633167 Yankee: Uniform and Zulu, sending you 1
2024-10-15 04:27:52.633844 Lima: Whiskey, sending you 4
2024-10-15 04:27:52.634960 Zulu: Quebec and Yankee, sending you 1
2024-10-15 04:27:52.636879 Uniform: Quebec, Whiskey, Lima and Alpha, sending you 3
2024-10-15 04:27:52.638986 Hotel: Charlie, sending you 14
2024-10-15 04:27:52.639365 Alpha: Bravo, sending you 4
2024-10-15 04:27:52.641453 Lima: Bravo, sending you 5
2024-10-15 04:27:52.642781 Zulu: Whiskey, Lima, Uniform and Alpha, sending you 2
2024-10-15 04:27:52.644404 Uniform: Yankee, sending you 1
2024-10-15 04:27:52.649049 Zulu: Bravo, sending you 4
2024-10-15 04:27:52.650768 Uniform: Zulu, sending you 2
chatterbot Yankee submitting transactions
chatterbot Hotel submitting transactions
chatterbot Uniform submitting transactions
chatterbot Lima submitting transactions
chatterbot Whiskey submitting transactions
chatterbot Zulu submitting transactions
chatterbot Charlie submitting transactions
chatterbot Quebec submitting transactions
chatterbot Bravo submitting transactions
chatterbot Alpha submitting transactions
ChatterBot Quebec round 12
ChatterBot Whiskey round 12
ChatterBot Lima round 12
ChatterBot Yankee round 12
ChatterBot Uniform round 12
ChatterBot Alpha round 12
ChatterBot Charlie round 12
ChatterBot Zulu round 12
ChatterBot Bravo round 12
ChatterBot Hotel round 12
2024-10-15 04:27:53.861926 Charlie: We should replace Uniform with Quebec
2024-10-15 04:27:53.867596 Hotel: Yes
2024-10-15 04:27:53.909816 Bravo: We should replace Quebec with Uniform
ChatterBot Whiskey reevaluating
2024-10-15 04:27:53.928280 Whiskey: Yes
2024-10-15 04:27:53.928511 Lima: No
2024-10-15 04:27:53.929542 Yankee: Yes
2024-10-15 04:27:53.929733 Alpha: No
2024-10-15 04:27:53.929896 Zulu: No
ChatterBot Bravo reevaluating
ChatterBot Bravo reevaluating
ChatterBot Whiskey reevaluating
ChatterBot Bravo reevaluating
ChatterBot Whiskey reevaluating
ChatterBot Bravo reevaluating
ChatterBot Whiskey reevaluating
ChatterBot Bravo reevaluating
ChatterBot Whiskey reevaluating
2024-10-15 04:27:54.014272 Charlie: Quebec we want you to join our group
2024-10-15 04:27:54.017660 Quebec: No
2024-10-15 04:27:54.029425 Whiskey: We should drop Bravo
2024-10-15 04:27:54.044401 Quebec: No
2024-10-15 04:27:54.044597 Lima: No
2024-10-15 04:27:54.044760 Yankee: No
2024-10-15 04:27:54.044873 Uniform: No
2024-10-15 04:27:54.044977 Alpha: No
2024-10-15 04:27:54.045095 Zulu: No
ChatterBot Whiskey reevaluating
ChatterBot Whiskey reevaluating
ChatterBot Whiskey reevaluating
ChatterBot Whiskey reevaluating
ChatterBot Yankee reevaluating
ChatterBot Whiskey reevaluating
ChatterBot Yankee reevaluating
ChatterBot Whiskey reevaluating
ChatterBot Yankee reevaluating
2024-10-15 04:27:54.185916 Bravo: Uniform we want you to join our group
2024-10-15 04:27:54.191385 Uniform: Yes
ChatterBot Bravo reevaluating
ChatterBot Whiskey reevaluating
ChatterBot Yankee reevaluating
2024-10-15 04:27:54.213627 Alpha: Quebec, sending you 3
2024-10-15 04:27:54.217850 Yankee: We should replace Whiskey with Quebec
ChatterBot Bravo reevaluating
2024-10-15 04:27:54.234895 Lima: No
2024-10-15 04:27:54.235063 Uniform: No
2024-10-15 04:27:54.235184 Alpha: No
2024-10-15 04:27:54.235289 Zulu: No
2024-10-15 04:27:54.235403 Bravo: No
ChatterBot Yankee reevaluating
ChatterBot Bravo reevaluating
ChatterBot Yankee reevaluating
ChatterBot Bravo reevaluating
ChatterBot Yankee reevaluating
ChatterBot Bravo reevaluating
ChatterBot Yankee reevaluating
ChatterBot Bravo reevaluating
ChatterBot Yankee reevaluating
2024-10-15 04:27:54.326360 Lima: Quebec, Yankee, Uniform, Alpha and Zulu, sending you 2
2024-10-15 04:27:54.327985 Quebec: Whiskey, Yankee, Zulu and Bravo, sending you 1
2024-10-15 04:27:54.328873 Zulu: Quebec and Yankee, sending you 1
2024-10-15 04:27:54.329647 Uniform: Quebec and Zulu, sending you 2
2024-10-15 04:27:54.331588 Charlie: Quebec, sending you 4
2024-10-15 04:27:54.331996 Hotel: Charlie, sending you 14
2024-10-15 04:27:54.332603 Whiskey: We should drop Quebec
ChatterBot Bravo reevaluating
ChatterBot Yankee reevaluating
2024-10-15 04:27:54.346046 Bravo: Yes
2024-10-15 04:27:54.346167 Lima: No
2024-10-15 04:27:54.346260 Yankee: No
2024-10-15 04:27:54.346362 Uniform: No
2024-10-15 04:27:54.346449 Alpha: No
2024-10-15 04:27:54.346599 Zulu: No
ChatterBot Whiskey reevaluating
ChatterBot Yankee reevaluating
ChatterBot Bravo reevaluating
ChatterBot Whiskey reevaluating
ChatterBot Yankee reevaluating
ChatterBot Bravo reevaluating
ChatterBot Whiskey reevaluating
ChatterBot Bravo reevaluating
ChatterBot Whiskey reevaluating
ChatterBot Yankee reevaluating
ChatterBot Bravo reevaluating
ChatterBot Whiskey reevaluating
ChatterBot Yankee reevaluating
ChatterBot Bravo reevaluating
ChatterBot Whiskey reevaluating
ChatterBot Yankee reevaluating
2024-10-15 04:27:54.434163 Alpha: Whiskey, Lima, Yankee, Uniform and Zulu, sending you 2
chatterbot Uniform submitting transactions
2024-10-15 04:27:54.435489 Lima: Whiskey, sending you 4
2024-10-15 04:27:54.436761 Quebec: Lima and Uniform, sending you 2
2024-10-15 04:27:54.438068 Zulu: Whiskey, Lima, Uniform and Alpha, sending you 2
2024-10-15 04:27:54.438918 Uniform: Whiskey, Lima and Alpha, sending you 3
2024-10-15 04:27:54.440257 Charlie: Hotel, sending you 5
2024-10-15 04:27:54.440629 Alpha: Bravo, sending you 4
2024-10-15 04:27:54.441459 Lima: Bravo, sending you 5
2024-10-15 04:27:54.442349 Yankee: Quebec we want you to join our group
2024-10-15 04:27:54.444987 Quebec: Yes
ChatterBot Yankee reevaluating
ChatterBot Bravo reevaluating
2024-10-15 04:27:54.459372 Quebec: Alpha, sending you 4
2024-10-15 04:27:54.460437 Uniform: Yankee and Bravo, sending you 1
2024-10-15 04:27:54.461455 Zulu: Bravo, sending you 4
2024-10-15 04:27:54.494689 Yankee: Quebec, Lima and Alpha, sending you 2
2024-10-15 04:27:54.502686 Yankee: Uniform and Zulu, sending you 1
2024-10-15 04:27:54.507691 Yankee: Bravo, sending you 6
chatterbot Alpha submitting transactions
chatterbot Quebec submitting transactions
chatterbot Charlie submitting transactions
chatterbot Whiskey submitting transactions
chatterbot Zulu submitting transactions
chatterbot Hotel submitting transactions
chatterbot Bravo submitting transactions
chatterbot Lima submitting transactions
chatterbot Yankee submitting transactions
ChatterBot Quebec round 13
ChatterBot Whiskey round 13
ChatterBot Lima round 13
ChatterBot Yankee round 13
ChatterBot Uniform round 13
ChatterBot Alpha round 13
ChatterBot Charlie round 13
ChatterBot Zulu round 13
ChatterBot Bravo round 13
ChatterBot Hotel round 13
2024-10-15 04:27:55.374269 Charlie: Quebec, sending you 4
2024-10-15 04:27:55.399045 Yankee: Quebec and Alpha, sending you 2
2024-10-15 04:27:55.401790 Charlie: Hotel, sending you 5
2024-10-15 04:27:55.402790 Zulu: Quebec and Yankee, sending you 1
2024-10-15 04:27:55.406901 Quebec: Whiskey, Zulu and Bravo, sending you 1
