ChatterBot Hotel round 1
ChatterBot Quebec round 1
ChatterBot Delta round 1
ChatterBot Charlie round 1
ChatterBot Lima round 1
ChatterBot India round 1
ChatterBot Papa round 1
ChatterBot November round 1
ChatterBot Uniform round 1
randomSelections Delta: {Delta, Quebec, November, Whiskey, Charlie, Lima} 
2024-10-15 04:27:37.673144 Delta: Friends?
ChatterBot Quebec reevaluating
ChatterBot November reevaluating
ChatterBot Charlie reevaluating
ChatterBot Lima reevaluating
2024-10-15 04:27:37.692005 Quebec: Yes
2024-10-15 04:27:37.692231 November: Yes
2024-10-15 04:27:37.692377 Charlie: Yes
2024-10-15 04:27:37.692511 Lima: Yes
ChatterBot November reevaluating
ChatterBot Charlie reevaluating
ChatterBot Lima reevaluating
ChatterBot Quebec reevaluating
ChatterBot Charlie reevaluating
ChatterBot Lima reevaluating
ChatterBot Quebec reevaluating
ChatterBot November reevaluating
ChatterBot Lima reevaluating
ChatterBot Quebec reevaluating
ChatterBot November reevaluating
ChatterBot Charlie reevaluating
ChatterBot Whiskey round 1
ChatterBot Whiskey reevaluating
ChatterBot Whiskey reevaluating
ChatterBot Whiskey reevaluating
ChatterBot Whiskey reevaluating
ChatterBot Whiskey reevaluating
2024-10-15 04:27:37.752347 Whiskey: Yes
ChatterBot Quebec reevaluating
ChatterBot November reevaluating
ChatterBot Charlie reevaluating
ChatterBot Lima reevaluating
randomSelections Hotel: {Hotel, Papa, India, Uniform, Lima, Whiskey, Quebec, Delta} 
2024-10-15 04:27:37.763417 Hotel: We would work well together
ChatterBot Papa reevaluating
ChatterBot India reevaluating
ChatterBot Uniform reevaluating
ChatterBot Lima reevaluating
ChatterBot Whiskey reevaluating
ChatterBot Quebec reevaluating
2024-10-15 04:27:37.774912 Papa: Yes
2024-10-15 04:27:37.775046 India: Yes
2024-10-15 04:27:37.775707 Uniform: Yes
2024-10-15 04:27:37.775836 Lima: No
2024-10-15 04:27:37.775945 Whiskey: No
2024-10-15 04:27:37.776055 Quebec: No
2024-10-15 04:27:37.776163 Delta: No
ChatterBot India reevaluating
ChatterBot Uniform reevaluating
ChatterBot Lima reevaluating
ChatterBot Whiskey reevaluating
ChatterBot Quebec reevaluating
ChatterBot Papa reevaluating
ChatterBot Uniform reevaluating
ChatterBot Lima reevaluating
ChatterBot Whiskey reevaluating
ChatterBot Quebec reevaluating
ChatterBot Papa reevaluating
ChatterBot India reevaluating
ChatterBot Lima reevaluating
ChatterBot Whiskey reevaluating
ChatterBot Quebec reevaluating
ChatterBot Papa reevaluating
ChatterBot India reevaluating
ChatterBot Uniform reevaluating
ChatterBot Whiskey reevaluating
ChatterBot Quebec reevaluating
ChatterBot Papa reevaluating
ChatterBot India reevaluating
ChatterBot Uniform reevaluating
ChatterBot Lima reevaluating
ChatterBot Quebec reevaluating
ChatterBot Papa reevaluating
ChatterBot India reevaluating
ChatterBot Uniform reevaluating
ChatterBot Lima reevaluating
ChatterBot Whiskey reevaluating
ChatterBot Papa reevaluating
ChatterBot India reevaluating
ChatterBot Uniform reevaluating
ChatterBot Lima reevaluating
ChatterBot Whiskey reevaluating
ChatterBot Quebec reevaluating
2024-10-15 04:27:37.865801 Quebec: Delta, Charlie and Whiskey, sending you 1
2024-10-15 04:27:37.869667 Hotel: Quebec and Papa, sending you 3
2024-10-15 04:27:37.869990 Whiskey: Quebec and November, sending you 2
2024-10-15 04:27:37.870930 Lima: Quebec, sending you 4
2024-10-15 04:27:37.871387 Quebec: Lima, sending you 3
2024-10-15 04:27:37.871809 India: Hotel, sending you 1
2024-10-15 04:27:37.872678 Charlie: Quebec and Delta, sending you 2
2024-10-15 04:27:37.873514 Uniform: Hotel, Quebec and Delta, sending you 3
2024-10-15 04:27:37.873986 Delta: Quebec, sending you 2
2024-10-15 04:27:37.874302 November: Quebec and Whiskey, sending you 3
2024-10-15 04:27:37.874563 Hotel: Lima, Uniform and Whiskey, sending you 1
2024-10-15 04:27:37.874836 Whiskey: Delta, sending you 1
2024-10-15 04:27:37.875080 Lima: Delta, Charlie, November and Whiskey, sending you 2
2024-10-15 04:27:37.876050 India: Quebec and Papa, sending you 2
2024-10-15 04:27:37.876419 Charlie: Lima, sending you 3
2024-10-15 04:27:37.877648 Uniform: Lima and India, sending you 1
2024-10-15 04:27:37.878539 Delta: Charlie and Whiskey, sending you 1
2024-10-15 04:27:37.878938 November: Charlie and Lima, sending you 1
2024-10-15 04:27:37.879200 Whiskey: Charlie, sending you 3
2024-10-15 04:27:37.879466 Papa: Hotel and Lima, sending you 2
2024-10-15 04:27:37.879810 Hotel: India, sending you 4
2024-10-15 04:27:37.881101 India: Delta, Uniform and Whiskey, sending you 3
2024-10-15 04:27:37.881416 Charlie: November, sending you 4
2024-10-15 04:27:37.881694 Uniform: Papa, sending you 5
2024-10-15 04:27:37.882089 Delta: November, sending you 4
2024-10-15 04:27:37.882683 Whiskey: Lima, sending you 5
2024-10-15 04:27:37.883033 Papa: Delta and India, sending you 1
2024-10-15 04:27:37.885667 India: Lima, sending you 5
2024-10-15 04:27:37.886824 Charlie: Whiskey, sending you 5
2024-10-15 04:27:37.887164 Papa: Uniform, sending you 4
chatterbot Delta submitting transactions
chatterbot India submitting transactions
chatterbot Uniform submitting transactions
chatterbot November submitting transactions
chatterbot Hotel submitting transactions
chatterbot Quebec submitting transactions
chatterbot Papa submitting transactions
chatterbot Lima submitting transactions
chatterbot Charlie submitting transactions
chatterbot Whiskey submitting transactions
ChatterBot Hotel round 2
ChatterBot Quebec round 2
ChatterBot Delta round 2
ChatterBot Charlie round 2
ChatterBot Lima round 2
ChatterBot India round 2
ChatterBot Papa round 2
ChatterBot November round 2
ChatterBot Uniform round 2
ChatterBot Whiskey round 2
2024-10-15 04:27:40.014362 Hotel: Can we be friends?
ChatterBot India reevaluating
ChatterBot Papa reevaluating
ChatterBot Uniform reevaluating
ChatterBot Delta reevaluating
2024-10-15 04:27:40.038076 India: Yes
2024-10-15 04:27:40.038280 Papa: Yes
2024-10-15 04:27:40.038962 Uniform: Yes
2024-10-15 04:27:40.039126 Delta: Yes
ChatterBot Papa reevaluating
ChatterBot Uniform reevaluating
ChatterBot Delta reevaluating
ChatterBot India reevaluating
ChatterBot Uniform reevaluating
ChatterBot Delta reevaluating
ChatterBot India reevaluating
ChatterBot Papa reevaluating
ChatterBot Delta reevaluating
ChatterBot India reevaluating
ChatterBot Papa reevaluating
ChatterBot Uniform reevaluating
2024-10-15 04:27:40.171889 Whiskey: Let's form a team
ChatterBot Delta reevaluating
ChatterBot Lima reevaluating
ChatterBot India reevaluating
ChatterBot Papa reevaluating
ChatterBot Uniform reevaluating
2024-10-15 04:27:40.221692 Quebec: No
2024-10-15 04:27:40.221966 Delta: No
2024-10-15 04:27:40.222120 Charlie: No
2024-10-15 04:27:40.222288 Lima: No
2024-10-15 04:27:40.222505 November: No
2024-10-15 04:27:40.223226 Hotel: No
2024-10-15 04:27:40.223396 India: No
2024-10-15 04:27:40.223582 Papa: No
2024-10-15 04:27:40.223747 Uniform: No
ChatterBot Delta reevaluating
ChatterBot Lima reevaluating
ChatterBot India reevaluating
ChatterBot Papa reevaluating
ChatterBot Uniform reevaluating
ChatterBot Lima reevaluating
ChatterBot India reevaluating
ChatterBot Papa reevaluating
ChatterBot Uniform reevaluating
ChatterBot Delta reevaluating
ChatterBot Lima reevaluating
ChatterBot India reevaluating
ChatterBot Papa reevaluating
ChatterBot Uniform reevaluating
ChatterBot Delta reevaluating
ChatterBot India reevaluating
ChatterBot Papa reevaluating
ChatterBot Uniform reevaluating
ChatterBot Delta reevaluating
ChatterBot Lima reevaluating
ChatterBot India reevaluating
ChatterBot Papa reevaluating
ChatterBot Uniform reevaluating
ChatterBot Delta reevaluating
ChatterBot Lima reevaluating
ChatterBot India reevaluating
ChatterBot Papa reevaluating
ChatterBot Uniform reevaluating
ChatterBot Delta reevaluating
ChatterBot Lima reevaluating
ChatterBot Papa reevaluating
ChatterBot Uniform reevaluating
ChatterBot Delta reevaluating
ChatterBot Lima reevaluating
ChatterBot India reevaluating
ChatterBot Uniform reevaluating
ChatterBot Delta reevaluating
ChatterBot Lima reevaluating
ChatterBot India reevaluating
ChatterBot Papa reevaluating
chatterbot Whiskey submitting transactions
chatterbot November submitting transactions
2024-10-15 04:27:41.222861 Uniform: We should add Charlie and November
ChatterBot Lima reevaluating
2024-10-15 04:27:41.246968 Hotel: No
2024-10-15 04:27:41.247291 Papa: No
2024-10-15 04:27:41.248147 India: No
2024-10-15 04:27:41.248352 Lima: Yes
2024-10-15 04:27:41.248516 Whiskey: Yes
2024-10-15 04:27:41.248701 Quebec: Yes
2024-10-15 04:27:41.248887 Delta: No
ChatterBot Uniform reevaluating
ChatterBot Lima reevaluating
ChatterBot Uniform reevaluating
ChatterBot Lima reevaluating
ChatterBot Uniform reevaluating
ChatterBot Lima reevaluating
ChatterBot Uniform reevaluating
ChatterBot Uniform reevaluating
ChatterBot Lima reevaluating
ChatterBot Uniform reevaluating
ChatterBot Lima reevaluating
ChatterBot Uniform reevaluating
ChatterBot Lima reevaluating
2024-10-15 04:27:41.440090 Quebec: Delta, Charlie, November and Whiskey, sending you 2
2024-10-15 04:27:41.440590 Whiskey: Hotel, Quebec, Delta, Papa and Uniform, sending you 1
2024-10-15 04:27:41.441784 Charlie: Quebec, Delta, Lima and November, sending you 3
2024-10-15 04:27:41.442259 Hotel: India, sending you 2
2024-10-15 04:27:41.442551 November: Delta, Charlie, Lima and Whiskey, sending you 2
chatterbot Hotel submitting transactions
chatterbot Papa submitting transactions
chatterbot India submitting transactions
2024-10-15 04:27:41.444248 Quebec: Lima, sending you 4
2024-10-15 04:27:41.445365 Whiskey: Charlie, sending you 3
2024-10-15 04:27:41.446006 Hotel: Papa, sending you 4
2024-10-15 04:27:41.463537 Charlie: Whiskey, sending you 4
2024-10-15 04:27:41.464129 Delta: Hotel, sending you 3
2024-10-15 04:27:41.464495 Papa: Hotel, sending you 3
2024-10-15 04:27:41.465301 India: Hotel, sending you 13
2024-10-15 04:27:41.465641 Hotel: Uniform, sending you 7
2024-10-15 04:27:41.466051 Whiskey: Lima, India and November, sending you 2
chatterbot Charlie submitting transactions
2024-10-15 04:27:41.477320 Delta: India and Uniform, sending you 6
2024-10-15 04:27:41.478463 Papa: Delta, sending you 1
2024-10-15 04:27:41.478881 India: Papa and Uniform, sending you 3
2024-10-15 04:27:41.479773 Lima: Quebec and Charlie, sending you 3
chatterbot Uniform submitting transactions
2024-10-15 04:27:41.491035 Delta: Papa, sending you 4
2024-10-15 04:27:41.491353 Lima: November, sending you 1
2024-10-15 04:27:41.491877 Papa: India, sending you 2
2024-10-15 04:27:41.492606 Uniform: Hotel, sending you 3
2024-10-15 04:27:41.496777 Lima: Whiskey, sending you 5
2024-10-15 04:27:41.497947 Papa: Uniform, sending you 4
2024-10-15 04:27:41.498240 Uniform: Delta, sending you 1
2024-10-15 04:27:41.503469 Uniform: India, sending you 5
2024-10-15 04:27:41.510460 Uniform: Papa, sending you 7
chatterbot Lima submitting transactions
chatterbot Delta submitting transactions
chatterbot Quebec submitting transactions
ChatterBot Hotel round 3
ChatterBot Quebec round 3
ChatterBot Delta round 3
ChatterBot Charlie round 3
ChatterBot Lima round 3
2024-10-15 04:27:41.957452 Hotel: We should add Whiskey
ChatterBot Delta reevaluating
2024-10-15 04:27:41.973176 India: No
2024-10-15 04:27:41.973400 Papa: No
2024-10-15 04:27:41.973577 Uniform: No
2024-10-15 04:27:41.973775 Delta: Yes
ChatterBot Delta reevaluating
ChatterBot Delta reevaluating
ChatterBot Hotel reevaluating
ChatterBot Delta reevaluating
ChatterBot Hotel reevaluating
ChatterBot India round 3
ChatterBot Papa round 3
ChatterBot November round 3
ChatterBot Uniform round 3
ChatterBot Whiskey round 3
2024-10-15 04:27:42.058973 Papa: We should add November
ChatterBot Hotel reevaluating
ChatterBot India reevaluating
ChatterBot Uniform reevaluating
ChatterBot Delta reevaluating
2024-10-15 04:27:42.077232 Hotel: No
2024-10-15 04:27:42.077462 India: No
2024-10-15 04:27:42.077733 Uniform: No
2024-10-15 04:27:42.077995 Delta: Yes
ChatterBot India reevaluating
ChatterBot Papa reevaluating
ChatterBot Uniform reevaluating
ChatterBot Delta reevaluating
ChatterBot Hotel reevaluating
ChatterBot Papa reevaluating
ChatterBot Uniform reevaluating
ChatterBot Delta reevaluating
ChatterBot Hotel reevaluating
ChatterBot India reevaluating
ChatterBot Papa reevaluating
ChatterBot Delta reevaluating
ChatterBot Hotel reevaluating
ChatterBot India reevaluating
ChatterBot Papa reevaluating
ChatterBot Uniform reevaluating
2024-10-15 04:27:42.148398 Uniform: We should add Whiskey
ChatterBot Hotel reevaluating
ChatterBot India reevaluating
ChatterBot Papa reevaluating
ChatterBot Delta reevaluating
2024-10-15 04:27:42.165318 Hotel: Yes
2024-10-15 04:27:42.165507 India: Yes
2024-10-15 04:27:42.165653 Papa: No
2024-10-15 04:27:42.165843 Delta: Yes
ChatterBot India reevaluating
ChatterBot Papa reevaluating
ChatterBot Uniform reevaluating
ChatterBot Delta reevaluating
ChatterBot Hotel reevaluating
ChatterBot Papa reevaluating
ChatterBot Uniform reevaluating
ChatterBot Delta reevaluating
ChatterBot Hotel reevaluating
ChatterBot India reevaluating
ChatterBot Uniform reevaluating
ChatterBot Delta reevaluating
ChatterBot Hotel reevaluating
ChatterBot India reevaluating
ChatterBot Papa reevaluating
ChatterBot Uniform reevaluating
2024-10-15 04:27:42.252153 Lima: We should drop Delta
ChatterBot Quebec reevaluating
2024-10-15 04:27:42.266885 Quebec: Yes
2024-10-15 04:27:42.267173 Charlie: No
2024-10-15 04:27:42.267334 November: No
2024-10-15 04:27:42.267453 Whiskey: No
ChatterBot Quebec reevaluating
ChatterBot Quebec reevaluating
ChatterBot Quebec reevaluating
chatterbot Uniform submitting transactions
chatterbot Lima submitting transactions
2024-10-15 04:27:42.323738 India: Whiskey we want you to join our group
2024-10-15 04:27:42.328011 Whiskey: Yes
ChatterBot Hotel reevaluating
ChatterBot Papa reevaluating
2024-10-15 04:27:42.347755 Uniform: Whiskey we want you to join our group
2024-10-15 04:27:42.352288 Whiskey: Yes
ChatterBot Hotel reevaluating
ChatterBot Papa reevaluating
2024-10-15 04:27:42.370802 Charlie: Quebec, Delta, Lima and November, sending you 3
2024-10-15 04:27:42.511285 Hotel: Whiskey we want you to join our group
2024-10-15 04:27:42.515003 Whiskey: Yes
ChatterBot Hotel reevaluating
ChatterBot Papa reevaluating
2024-10-15 04:27:42.534550 Charlie: Whiskey, sending you 4
2024-10-15 04:27:42.535172 November: Delta, Charlie, Lima and Whiskey, sending you 2
2024-10-15 04:27:42.536242 Lima: Quebec, sending you 4
2024-10-15 04:27:42.536514 Whiskey: Hotel, Delta, India, Papa and Uniform, sending you 1
2024-10-15 04:27:42.537652 Delta: Quebec and November, sending you 4
2024-10-15 04:27:42.645053 Papa: Whiskey we want you to join our group
2024-10-15 04:27:42.649507 Whiskey: Yes
ChatterBot Hotel reevaluating
ChatterBot Papa reevaluating
2024-10-15 04:27:42.668404 Papa: We should add Quebec
ChatterBot Hotel reevaluating
2024-10-15 04:27:42.682229 Hotel: No
2024-10-15 04:27:42.682450 India: No
2024-10-15 04:27:42.682712 Uniform: No
2024-10-15 04:27:42.682864 Delta: Yes
ChatterBot Papa reevaluating
ChatterBot Hotel reevaluating
ChatterBot Papa reevaluating
ChatterBot Hotel reevaluating
ChatterBot Papa reevaluating
ChatterBot Hotel reevaluating
ChatterBot Papa reevaluating
2024-10-15 04:27:42.738313 Lima: Charlie and Whiskey, sending you 3
2024-10-15 04:27:42.738663 Quebec: Charlie and Lima, sending you 5
2024-10-15 04:27:42.739703 Whiskey: Quebec, Lima and November, sending you 2
2024-10-15 04:27:42.740066 Delta: Charlie, sending you 5
2024-10-15 04:27:42.740815 Uniform: Hotel, Delta and Papa, sending you 4
2024-10-15 04:27:42.741077 India: Hotel, sending you 4
chatterbot India submitting transactions
2024-10-15 04:27:42.832074 Quebec: November and Whiskey, sending you 4
2024-10-15 04:27:42.833264 Whiskey: Charlie, sending you 3
2024-10-15 04:27:42.833914 Lima: November, sending you 2
2024-10-15 04:27:42.835088 Delta: Lima and Whiskey, sending you 3
2024-10-15 04:27:42.835651 Uniform: India, sending you 3
2024-10-15 04:27:42.836617 India: Delta, sending you 6
chatterbot Whiskey submitting transactions
2024-10-15 04:27:42.925168 Uniform: Whiskey, sending you 1
2024-10-15 04:27:42.925711 India: Papa, sending you 3
2024-10-15 04:27:43.062688 India: Uniform, sending you 5
chatterbot Delta submitting transactions
chatterbot Lima submitting transactions
2024-10-15 04:27:43.086476 Hotel: Delta and Papa, sending you 2
2024-10-15 04:27:43.087541 India: Whiskey, sending you 1
2024-10-15 04:27:43.088981 Papa: Hotel, Delta and India, sending you 2
2024-10-15 04:27:43.112581 Hotel: India, sending you 6
2024-10-15 04:27:43.113786 Papa: Uniform, sending you 3
2024-10-15 04:27:43.134975 Papa: Whiskey, sending you 1
2024-10-15 04:27:43.136139 Hotel: Uniform, sending you 3
chatterbot Charlie submitting transactions
chatterbot November submitting transactions
chatterbot Uniform submitting transactions
chatterbot Quebec submitting transactions
chatterbot Hotel submitting transactions
chatterbot Papa submitting transactions
ChatterBot Hotel round 4
ChatterBot Quebec round 4
ChatterBot Delta round 4
ChatterBot Charlie round 4
ChatterBot Lima round 4
ChatterBot India round 4
ChatterBot Papa round 4
ChatterBot November round 4
ChatterBot Uniform round 4
ChatterBot Whiskey round 4
2024-10-15 04:27:43.984073 Lima: We should add Delta
ChatterBot Quebec reevaluating
2024-10-15 04:27:44.005803 Quebec: Yes
2024-10-15 04:27:44.006115 Charlie: Yes
2024-10-15 04:27:44.006291 November: Yes
2024-10-15 04:27:44.006452 Whiskey: Yes
ChatterBot Quebec reevaluating
ChatterBot Quebec reevaluating
ChatterBot Quebec reevaluating
2024-10-15 04:27:44.112032 Lima: Delta we want you to join our group
2024-10-15 04:27:44.115123 Delta: No
ChatterBot Quebec reevaluating
2024-10-15 04:27:44.196812 Quebec: Delta we want you to join our group
2024-10-15 04:27:44.221240 Delta: No
2024-10-15 04:27:44.320022 Whiskey: Hotel, Delta, India, Papa and Uniform, sending you 1
2024-10-15 04:27:44.321858 Delta: Hotel and Papa, sending you 4
2024-10-15 04:27:44.322820 November: Quebec, Delta, Charlie and Whiskey, sending you 2
2024-10-15 04:27:44.324443 Uniform: Hotel, India and Papa, sending you 4
2024-10-15 04:27:44.326007 India: Hotel, sending you 7
2024-10-15 04:27:44.326838 Charlie: Quebec, sending you 4
2024-10-15 04:27:44.328247 Papa: Hotel, Delta and India, sending you 2
2024-10-15 04:27:44.329682 Lima: Quebec, sending you 4
2024-10-15 04:27:44.330525 Hotel: Delta and Whiskey, sending you 1
2024-10-15 04:27:44.331780 Whiskey: Quebec, Lima and November, sending you 2
2024-10-15 04:27:44.333226 Delta: India, sending you 6
2024-10-15 04:27:44.333969 Uniform: Delta, sending you 3
2024-10-15 04:27:44.335247 India: Delta and Papa, sending you 3
2024-10-15 04:27:44.336225 Charlie: Delta, Lima, November and Whiskey, sending you 3
2024-10-15 04:27:44.336932 Lima: Delta, sending you 1
2024-10-15 04:27:44.338163 Papa: Uniform, sending you 3
2024-10-15 04:27:44.338934 Hotel: India, sending you 6
2024-10-15 04:27:44.340667 Whiskey: Charlie, sending you 3
2024-10-15 04:27:44.342382 Delta: Uniform, sending you 5
2024-10-15 04:27:44.344022 Uniform: Whiskey, sending you 1
2024-10-15 04:27:44.345340 India: Uniform, sending you 5
2024-10-15 04:27:44.347304 Lima: Charlie and November, sending you 2
2024-10-15 04:27:44.349093 Papa: Whiskey, sending you 1
2024-10-15 04:27:44.350482 Hotel: Papa, sending you 2
2024-10-15 04:27:44.352076 Quebec: Delta, Charlie, Lima and Whiskey, sending you 4
2024-10-15 04:27:44.353062 India: Whiskey, sending you 1
2024-10-15 04:27:44.354394 Lima: Whiskey, sending you 3
2024-10-15 04:27:44.364427 Hotel: Uniform, sending you 3
2024-10-15 04:27:44.366122 Quebec: November, sending you 3
chatterbot Charlie submitting transactions
chatterbot India submitting transactions
chatterbot Whiskey submitting transactions
chatterbot Quebec submitting transactions
chatterbot Uniform submitting transactions
chatterbot November submitting transactions
chatterbot Papa submitting transactions
chatterbot Lima submitting transactions
chatterbot Delta submitting transactions
chatterbot Hotel submitting transactions
ChatterBot Hotel round 5
ChatterBot Quebec round 5
ChatterBot Delta round 5
ChatterBot Charlie round 5
ChatterBot Lima round 5
ChatterBot India round 5
ChatterBot Papa round 5
ChatterBot November round 5
ChatterBot Uniform round 5
ChatterBot Whiskey round 5
2024-10-15 04:27:45.627256 November: Quebec, Charlie, Lima and Whiskey, sending you 2
2024-10-15 04:27:45.630107 Charlie: Quebec, sending you 4
2024-10-15 04:27:45.647763 Uniform: Hotel, India and Papa, sending you 4
2024-10-15 04:27:45.649024 Quebec: Delta, Charlie, Lima and Whiskey, sending you 4
2024-10-15 04:27:45.649883 Hotel: Delta and Papa, sending you 2
2024-10-15 04:27:45.651243 Papa: Hotel, Delta and India, sending you 2
2024-10-15 04:27:45.652547 India: Hotel, sending you 6
2024-10-15 04:27:45.653188 Lima: Quebec, sending you 4
2024-10-15 04:27:45.653783 Delta: Quebec and November, sending you 4
2024-10-15 04:27:45.655154 Charlie: Delta, Lima, November and Whiskey, sending you 3
2024-10-15 04:27:45.656590 Uniform: Delta, sending you 3
2024-10-15 04:27:45.657351 Quebec: November, sending you 3
2024-10-15 04:27:45.658839 Hotel: India, sending you 5
2024-10-15 04:27:45.659561 Papa: Uniform, sending you 3
2024-10-15 04:27:45.660864 India: Delta and Uniform, sending you 4
2024-10-15 04:27:45.661537 Lima: Delta and November, sending you 1
2024-10-15 04:27:45.662791 Delta: Charlie, sending you 5
2024-10-15 04:27:45.663410 Whiskey: Hotel, Delta, India, Papa and Uniform, sending you 1
2024-10-15 04:27:45.664760 Uniform: Whiskey, sending you 1
2024-10-15 04:27:45.665439 Hotel: Uniform, sending you 3
2024-10-15 04:27:45.666648 India: Papa, sending you 3
2024-10-15 04:27:45.667202 Papa: Whiskey, sending you 1
2024-10-15 04:27:45.668342 Lima: Charlie and Whiskey, sending you 3
2024-10-15 04:27:45.668931 Delta: Lima and Whiskey, sending you 3
2024-10-15 04:27:45.669566 Whiskey: Quebec, Charlie and November, sending you 2
2024-10-15 04:27:45.671157 Hotel: Whiskey, sending you 1
2024-10-15 04:27:45.686045 India: Whiskey, sending you 2
2024-10-15 04:27:45.688518 Whiskey: Lima, sending you 3
chatterbot Lima submitting transactions
chatterbot Whiskey submitting transactions
chatterbot Quebec submitting transactions
chatterbot Papa submitting transactions
chatterbot November submitting transactions
chatterbot India submitting transactions
chatterbot Uniform submitting transactions
chatterbot Hotel submitting transactions
chatterbot Delta submitting transactions
chatterbot Charlie submitting transactions
ChatterBot Hotel round 6
ChatterBot Quebec round 6
ChatterBot Delta round 6
ChatterBot Charlie round 6
ChatterBot Lima round 6
ChatterBot India round 6
ChatterBot Papa round 6
ChatterBot November round 6
ChatterBot Uniform round 6
ChatterBot Whiskey round 6
2024-10-15 04:27:46.507679 Quebec: Delta, Charlie, Lima and Whiskey, sending you 4
2024-10-15 04:27:46.513655 Quebec: November, sending you 3
2024-10-15 04:27:46.517678 Whiskey: Hotel, India, Papa and Uniform, sending you 1
2024-10-15 04:27:46.518685 Papa: Hotel, Delta and India, sending you 2
2024-10-15 04:27:46.519694 Charlie: Quebec, sending you 4
2024-10-15 04:27:46.520311 India: Hotel, sending you 7
2024-10-15 04:27:46.520794 Lima: Quebec, sending you 4
2024-10-15 04:27:46.521657 Delta: Quebec and Charlie, sending you 5
2024-10-15 04:27:46.522909 Whiskey: Quebec, Delta, Charlie, Lima and November, sending you 2
2024-10-15 04:27:46.523428 Papa: Uniform, sending you 3
2024-10-15 04:27:46.523885 Hotel: Delta and Whiskey, sending you 1
2024-10-15 04:27:46.524386 Lima: Delta and November, sending you 1
2024-10-15 04:27:46.524869 Charlie: Delta, Lima, November and Whiskey, sending you 3
2024-10-15 04:27:46.525567 India: Delta and Papa, sending you 3
2024-10-15 04:27:46.526687 Delta: Lima, November and Whiskey, sending you 3
2024-10-15 04:27:46.527930 Hotel: India, sending you 6
2024-10-15 04:27:46.528655 Papa: Whiskey, sending you 1
2024-10-15 04:27:46.529104 Uniform: Hotel, India and Papa, sending you 4
2024-10-15 04:27:46.529687 Lima: Charlie and Whiskey, sending you 3
2024-10-15 04:27:46.530248 November: Quebec, Delta, Charlie and Whiskey, sending you 2
2024-10-15 04:27:46.530797 India: Uniform, sending you 5
2024-10-15 04:27:46.532683 Hotel: Papa, sending you 2
2024-10-15 04:27:46.533656 Uniform: Delta, sending you 3
2024-10-15 04:27:46.534680 India: Whiskey, sending you 1
2024-10-15 04:27:46.535708 Hotel: Uniform, sending you 3
2024-10-15 04:27:46.537659 Uniform: Whiskey, sending you 1
chatterbot Hotel submitting transactions
chatterbot Lima submitting transactions
chatterbot Papa submitting transactions
chatterbot November submitting transactions
chatterbot Delta submitting transactions
chatterbot Uniform submitting transactions
chatterbot Charlie submitting transactions
chatterbot Whiskey submitting transactions
chatterbot Quebec submitting transactions
chatterbot India submitting transactions
ChatterBot Hotel round 7
ChatterBot Quebec round 7
ChatterBot Delta round 7
ChatterBot Charlie round 7
ChatterBot Lima round 7
ChatterBot India round 7
ChatterBot Papa round 7
ChatterBot November round 7
ChatterBot Uniform round 7
ChatterBot Whiskey round 7
2024-10-15 04:27:47.729585 Hotel: We should drop Whiskey
ChatterBot Uniform reevaluating
2024-10-15 04:27:47.748275 India: Yes
2024-10-15 04:27:47.749063 Papa: Yes
2024-10-15 04:27:47.749233 Uniform: Yes
2024-10-15 04:27:47.749385 Delta: No
ChatterBot Uniform reevaluating
ChatterBot Uniform reevaluating
ChatterBot Delta reevaluating
ChatterBot Delta reevaluating
ChatterBot Uniform reevaluating
2024-10-15 04:27:47.859943 November: Quebec, Delta, Charlie and Whiskey, sending you 2
2024-10-15 04:27:47.868076 Lima: Quebec, sending you 4
2024-10-15 04:27:47.870275 Quebec: Delta, Charlie, Lima and Whiskey, sending you 4
2024-10-15 04:27:47.871890 Charlie: Quebec, sending you 4
2024-10-15 04:27:47.873598 Delta: Quebec, Charlie, November and Whiskey, sending you 4
2024-10-15 04:27:47.874861 Papa: Hotel and Delta, sending you 2
2024-10-15 04:27:47.876399 Uniform: Hotel and Papa, sending you 4
2024-10-15 04:27:47.878055 Whiskey: Hotel, India, Papa and Uniform, sending you 1
2024-10-15 04:27:47.880399 Hotel: Delta, sending you 1
2024-10-15 04:27:47.880929 India: Hotel, sending you 8
2024-10-15 04:27:47.882072 Lima: Delta, sending you 2
2024-10-15 04:27:47.882650 Quebec: November, sending you 3
2024-10-15 04:27:47.883951 Charlie: Delta, Lima, November and Whiskey, sending you 3
2024-10-15 04:27:47.884542 Delta: Lima, sending you 3
2024-10-15 04:27:47.885730 Papa: India and Uniform, sending you 3
2024-10-15 04:27:47.886224 Uniform: Delta, sending you 3
2024-10-15 04:27:47.886703 Whiskey: Quebec, Delta, Charlie, Lima and November, sending you 2
2024-10-15 04:27:47.888229 Hotel: India, sending you 6
2024-10-15 04:27:47.888819 Lima: Charlie and Whiskey, sending you 3
2024-10-15 04:27:47.890106 India: Delta and Papa, sending you 3
2024-10-15 04:27:47.890723 Uniform: India, sending you 5
2024-10-15 04:27:47.906591 Hotel: Papa, sending you 2
2024-10-15 04:27:47.907960 India: Uniform, sending you 5
2024-10-15 04:27:47.932958 Hotel: Uniform, sending you 4
chatterbot Hotel submitting transactions
chatterbot Charlie submitting transactions
chatterbot Delta submitting transactions
chatterbot Whiskey submitting transactions
chatterbot Quebec submitting transactions
chatterbot Uniform submitting transactions
chatterbot India submitting transactions
chatterbot Lima submitting transactions
chatterbot Papa submitting transactions
chatterbot November submitting transactions
ChatterBot Hotel round 8
ChatterBot Quebec round 8
ChatterBot Delta round 8
ChatterBot Charlie round 8
ChatterBot Lima round 8
ChatterBot India round 8
ChatterBot Papa round 8
ChatterBot November round 8
ChatterBot Uniform round 8
ChatterBot Whiskey round 8
2024-10-15 04:27:48.951668 Delta: Quebec, Charlie, November and Whiskey, sending you 4
2024-10-15 04:27:48.953798 Quebec: Delta, Charlie, Lima and Whiskey, sending you 4
2024-10-15 04:27:48.954963 Papa: Hotel and Delta, sending you 2
2024-10-15 04:27:48.956737 Delta: Lima, sending you 3
2024-10-15 04:27:48.957901 Lima: Quebec, sending you 4
2024-10-15 04:27:48.959648 Hotel: Delta, sending you 1
2024-10-15 04:27:48.961231 Quebec: November, sending you 3
2024-10-15 04:27:48.962550 Uniform: Hotel and India, sending you 5
2024-10-15 04:27:48.964262 Papa: India and Uniform, sending you 3
2024-10-15 04:27:48.965291 Charlie: Quebec, sending you 4
2024-10-15 04:27:48.967057 Lima: Delta, sending you 2
2024-10-15 04:27:48.967979 India: Hotel, sending you 8
2024-10-15 04:27:48.969417 November: Quebec, Delta, Charlie and Whiskey, sending you 2
2024-10-15 04:27:48.970718 Whiskey: Hotel, India, Papa and Uniform, sending you 1
2024-10-15 04:27:48.972791 Hotel: India, sending you 6
2024-10-15 04:27:48.974564 Uniform: Delta, sending you 2
2024-10-15 04:27:48.975503 Charlie: Delta, Lima, November and Whiskey, sending you 3
2024-10-15 04:27:48.977583 Lima: Charlie and Whiskey, sending you 3
2024-10-15 04:27:48.978810 India: Delta, sending you 2
2024-10-15 04:27:48.980230 Whiskey: Quebec, Delta, Charlie, Lima and November, sending you 2
2024-10-15 04:27:48.981299 Uniform: Papa, sending you 4
2024-10-15 04:27:48.982713 Hotel: Papa, sending you 2
2024-10-15 04:27:48.985292 India: Papa, sending you 3
2024-10-15 04:27:48.986693 Hotel: Uniform, sending you 4
2024-10-15 04:27:48.991166 India: Uniform, sending you 6
chatterbot Lima submitting transactions
chatterbot Hotel submitting transactions
chatterbot Delta submitting transactions
chatterbot Charlie submitting transactions
chatterbot India submitting transactions
chatterbot Quebec submitting transactions
chatterbot Uniform submitting transactions
chatterbot Papa submitting transactions
chatterbot Whiskey submitting transactions
chatterbot November submitting transactions
ChatterBot Hotel round 9
ChatterBot Quebec round 9
ChatterBot Delta round 9
ChatterBot Charlie round 9
ChatterBot Lima round 9
ChatterBot India round 9
ChatterBot Papa round 9
ChatterBot November round 9
ChatterBot Uniform round 9
ChatterBot Whiskey round 9
2024-10-15 04:27:50.481673 Quebec: Delta, Charlie, Lima and Whiskey, sending you 4
2024-10-15 04:27:50.486685 Quebec: November, sending you 3
2024-10-15 04:27:50.487668 India: Hotel, sending you 8
2024-10-15 04:27:50.490229 Uniform: Hotel and India, sending you 5
2024-10-15 04:27:50.491662 Lima: Quebec, sending you 4
2024-10-15 04:27:50.492684 India: Delta, sending you 1
2024-10-15 04:27:50.494274 November: Quebec, Delta, Charlie and Whiskey, sending you 2
2024-10-15 04:27:50.495440 Lima: Delta and Whiskey, sending you 2
2024-10-15 04:27:50.496707 Uniform: Delta, sending you 2
2024-10-15 04:27:50.498501 Hotel: Delta, sending you 1
2024-10-15 04:27:50.499730 India: Papa, sending you 4
2024-10-15 04:27:50.500945 Charlie: Quebec, Lima, November and Whiskey, sending you 3
2024-10-15 04:27:50.501919 Delta: Quebec, Charlie, November and Whiskey, sending you 4
2024-10-15 04:27:50.502969 Papa: Hotel and Delta, sending you 2
2024-10-15 04:27:50.504542 Lima: Charlie, sending you 3
2024-10-15 04:27:50.505606 Uniform: Papa, sending you 4
2024-10-15 04:27:50.506570 India: Uniform, sending you 6
2024-10-15 04:27:50.508095 Hotel: India, sending you 6
2024-10-15 04:27:50.508826 Charlie: Delta, sending you 4
2024-10-15 04:27:50.509944 Delta: Lima, sending you 3
2024-10-15 04:27:50.510860 Papa: India and Uniform, sending you 3
2024-10-15 04:27:50.512308 Lima: November, sending you 1
2024-10-15 04:27:50.513255 Whiskey: Hotel, India, Papa and Uniform, sending you 1
2024-10-15 04:27:50.514347 Hotel: Papa, sending you 2
2024-10-15 04:27:50.518688 Whiskey: Quebec, Delta, Charlie, Lima and November, sending you 2
2024-10-15 04:27:50.520970 Hotel: Uniform, sending you 4
chatterbot Quebec submitting transactions
chatterbot Delta submitting transactions
chatterbot Lima submitting transactions
chatterbot November submitting transactions
chatterbot India submitting transactions
chatterbot Charlie submitting transactions
chatterbot Whiskey submitting transactions
chatterbot Hotel submitting transactions
chatterbot Uniform submitting transactions
chatterbot Papa submitting transactions
ChatterBot Hotel round 10
ChatterBot Quebec round 10
ChatterBot Delta round 10
ChatterBot Charlie round 10
ChatterBot Lima round 10
ChatterBot India round 10
ChatterBot Papa round 10
ChatterBot November round 10
ChatterBot Uniform round 10
ChatterBot Whiskey round 10
2024-10-15 04:27:51.689964 Papa: We would work well together
ChatterBot Quebec reevaluating
ChatterBot November reevaluating
2024-10-15 04:27:51.700878 Quebec: Yes
2024-10-15 04:27:51.701030 Delta: No
2024-10-15 04:27:51.701156 Charlie: No
2024-10-15 04:27:51.701270 Lima: No
2024-10-15 04:27:51.701392 November: Yes
2024-10-15 04:27:51.701497 Whiskey: Yes
ChatterBot November reevaluating
ChatterBot Quebec reevaluating
ChatterBot November reevaluating
ChatterBot Whiskey reevaluating
ChatterBot Quebec reevaluating
ChatterBot November reevaluating
ChatterBot Whiskey reevaluating
ChatterBot Quebec reevaluating
ChatterBot November reevaluating
ChatterBot Whiskey reevaluating
ChatterBot Quebec reevaluating
ChatterBot Whiskey reevaluating
ChatterBot Quebec reevaluating
ChatterBot November reevaluating
2024-10-15 04:27:51.785640 November: Papa we want you to join our group
2024-10-15 04:27:51.788542 Papa: Yes
ChatterBot Quebec reevaluating
2024-10-15 04:27:51.802625 Papa: Quebec, Charlie, Lima and November, sending you 1
2024-10-15 04:27:51.805700 Delta: Quebec, Charlie, November and Whiskey, sending you 4
2024-10-15 04:27:51.807351 India: Hotel, sending you 8
2024-10-15 04:27:51.808535 Whiskey: Quebec, sending you 4
2024-10-15 04:27:51.809344 Hotel: Delta, sending you 1
2024-10-15 04:27:51.809931 Uniform: Hotel and India, sending you 5
2024-10-15 04:27:51.810543 Papa: Delta, sending you 2
2024-10-15 04:27:51.811028 Charlie: Quebec, Lima, November and Whiskey, sending you 3
2024-10-15 04:27:51.811786 Lima: Quebec, sending you 4
2024-10-15 04:27:51.812498 Delta: Lima, sending you 3
2024-10-15 04:27:51.813931 India: Delta, sending you 1
2024-10-15 04:27:51.814531 Whiskey: Delta, Charlie, Lima, Papa and November, sending you 2
2024-10-15 04:27:51.815100 Hotel: India, sending you 6
2024-10-15 04:27:51.815691 Uniform: Delta, sending you 2
2024-10-15 04:27:51.816338 Charlie: Delta, sending you 4
2024-10-15 04:27:51.817047 Papa: Whiskey, sending you 4
2024-10-15 04:27:51.817581 Lima: Delta and Charlie, sending you 3
2024-10-15 04:27:51.818286 November: Quebec, Charlie, Lima, Papa and Whiskey, sending you 1
2024-10-15 04:27:51.818851 India: Papa, sending you 4
2024-10-15 04:27:51.820696 Hotel: Papa, sending you 2
2024-10-15 04:27:51.821400 Uniform: Papa, sending you 4
2024-10-15 04:27:51.822185 Lima: Whiskey, sending you 2
2024-10-15 04:27:51.823695 November: Delta, sending you 3
2024-10-15 04:27:51.824663 India: Uniform, sending you 6
2024-10-15 04:27:51.826814 Hotel: Uniform, sending you 4
chatterbot Charlie submitting transactions
chatterbot Papa submitting transactions
chatterbot India submitting transactions
chatterbot Uniform submitting transactions
chatterbot Hotel submitting transactions
chatterbot Whiskey submitting transactions
chatterbot Delta submitting transactions
chatterbot November submitting transactions
chatterbot Lima submitting transactions
chatterbot Quebec submitting transactions
ChatterBot Hotel round 11
ChatterBot Quebec round 11
ChatterBot Delta round 11
2024-10-15 04:27:52.902337 Quebec: We should add Papa
2024-10-15 04:27:52.910405 Delta: No
2024-10-15 04:27:52.910565 November: Yes
2024-10-15 04:27:52.910701 Whiskey: Yes
2024-10-15 04:27:52.910814 Charlie: No
2024-10-15 04:27:52.910916 Lima: No
ChatterBot Quebec reevaluating
ChatterBot Quebec reevaluating
ChatterBot Quebec reevaluating
ChatterBot Quebec reevaluating
ChatterBot Quebec reevaluating
ChatterBot Charlie round 11
ChatterBot Lima round 11
ChatterBot India round 11
ChatterBot Papa round 11
ChatterBot November round 11
ChatterBot Uniform round 11
ChatterBot Whiskey round 11
2024-10-15 04:27:52.977412 Quebec: Papa we want you to join our group
2024-10-15 04:27:52.979345 Papa: Yes
ChatterBot Quebec reevaluating
2024-10-15 04:27:52.994659 Hotel: India, sending you 7
2024-10-15 04:27:52.995257 Delta: Quebec, Charlie, November and Whiskey, sending you 4
2024-10-15 04:27:52.996516 India: Hotel, sending you 9
2024-10-15 04:27:52.998666 Hotel: Papa, sending you 2
2024-10-15 04:27:52.999916 Delta: Lima, sending you 3
2024-10-15 04:27:53.000892 India: Delta, sending you 1
2024-10-15 04:27:53.001582 Uniform: Hotel, sending you 5
2024-10-15 04:27:53.002647 Hotel: Uniform, sending you 4
2024-10-15 04:27:53.003660 Charlie: Quebec, Lima, November and Whiskey, sending you 3
2024-10-15 04:27:53.004535 Lima: Quebec, sending you 4
2024-10-15 04:27:53.005308 Uniform: Delta, sending you 1
2024-10-15 04:27:53.006028 India: Papa, sending you 3
2024-10-15 04:27:53.006672 Charlie: Delta, sending you 4
2024-10-15 04:27:53.009654 Lima: Delta and Charlie, sending you 3
2024-10-15 04:27:53.010415 Uniform: India, sending you 6
2024-10-15 04:27:53.011253 Whiskey: Quebec and Delta, sending you 3
2024-10-15 04:27:53.011598 India: Uniform, sending you 6
2024-10-15 04:27:53.012008 November: Quebec, Charlie, Lima, Papa and Whiskey, sending you 1
2024-10-15 04:27:53.012643 Lima: Whiskey, sending you 2
2024-10-15 04:27:53.014715 Papa: Quebec and Charlie, sending you 1
2024-10-15 04:27:53.015247 Whiskey: Charlie, Lima, Papa and November, sending you 2
2024-10-15 04:27:53.015709 November: Delta, sending you 3
2024-10-15 04:27:53.016172 Uniform: Papa, sending you 4
2024-10-15 04:27:53.019680 Papa: Delta and November, sending you 2
2024-10-15 04:27:53.025108 Papa: Whiskey, sending you 4
chatterbot Uniform submitting transactions
chatterbot Hotel submitting transactions
chatterbot Quebec submitting transactions
chatterbot Delta submitting transactions
chatterbot November submitting transactions
chatterbot Lima submitting transactions
chatterbot Whiskey submitting transactions
chatterbot Papa submitting transactions
chatterbot Charlie submitting transactions
chatterbot India submitting transactions
ChatterBot Hotel round 12
ChatterBot Quebec round 12
ChatterBot Delta round 12
ChatterBot Charlie round 12
ChatterBot Lima round 12
ChatterBot India round 12
ChatterBot Papa round 12
ChatterBot November round 12
ChatterBot Uniform round 12
2024-10-15 04:27:54.192193 Quebec: We should add Papa
ChatterBot Delta reevaluating
ChatterBot Charlie reevaluating
2024-10-15 04:27:54.209600 Delta: Yes
2024-10-15 04:27:54.209943 November: Yes
2024-10-15 04:27:54.210120 Whiskey: Yes
2024-10-15 04:27:54.210301 Charlie: Yes
2024-10-15 04:27:54.210468 Lima: No
ChatterBot Quebec reevaluating
ChatterBot Charlie reevaluating
ChatterBot Lima reevaluating
ChatterBot Delta reevaluating
ChatterBot Quebec reevaluating
ChatterBot Charlie reevaluating
ChatterBot Lima reevaluating
ChatterBot Delta reevaluating
ChatterBot Quebec reevaluating
ChatterBot Charlie reevaluating
ChatterBot Lima reevaluating
ChatterBot Delta reevaluating
ChatterBot Quebec reevaluating
ChatterBot Lima reevaluating
ChatterBot Delta reevaluating
ChatterBot Quebec reevaluating
ChatterBot Charlie reevaluating
ChatterBot Whiskey round 12
2024-10-15 04:27:54.301979 Lima: Papa we want you to join our group
2024-10-15 04:27:54.304637 Papa: Yes
ChatterBot Quebec reevaluating
ChatterBot Delta reevaluating
2024-10-15 04:27:54.317528 Charlie: Papa we want you to join our group
2024-10-15 04:27:54.320385 Papa: Yes
ChatterBot Quebec reevaluating
ChatterBot Delta reevaluating
2024-10-15 04:27:54.332456 Hotel: India, sending you 8
2024-10-15 04:27:54.336750 Papa: Quebec and November, sending you 2
2024-10-15 04:27:54.337533 Whiskey: Quebec, Charlie, Lima, Papa and November, sending you 2
2024-10-15 04:27:54.338275 November: Quebec, Charlie, Lima, Papa and Whiskey, sending you 1
