ChatterBot India round 1
ChatterBot Tango round 1
ChatterBot Papa round 1
ChatterBot Echo round 1
ChatterBot Mike round 1
ChatterBot Uniform round 1
ChatterBot Zulu round 1
ChatterBot Bravo round 1
ChatterBot Sierra round 1
ChatterBot Charlie round 1
randomSelections India: {India, Bravo, Sierra, Charlie, Papa, Mike} 
2024-10-14 22:28:16.150527 India: We would work well together
ChatterBot Bravo reevaluating
ChatterBot Sierra reevaluating
ChatterBot Charlie reevaluating
ChatterBot Papa reevaluating
ChatterBot Mike reevaluating
2024-10-14 22:28:16.161887 Bravo: Yes
2024-10-14 22:28:16.162109 Sierra: Yes
2024-10-14 22:28:16.162249 Charlie: Yes
2024-10-14 22:28:16.163239 Papa: Yes
2024-10-14 22:28:16.163462 Mike: Yes
ChatterBot Sierra reevaluating
ChatterBot Charlie reevaluating
ChatterBot Papa reevaluating
ChatterBot Mike reevaluating
ChatterBot Bravo reevaluating
ChatterBot Charlie reevaluating
ChatterBot Papa reevaluating
ChatterBot Mike reevaluating
ChatterBot Bravo reevaluating
ChatterBot Sierra reevaluating
ChatterBot Papa reevaluating
ChatterBot Mike reevaluating
ChatterBot Bravo reevaluating
ChatterBot Sierra reevaluating
ChatterBot Charlie reevaluating
ChatterBot Mike reevaluating
ChatterBot Bravo reevaluating
ChatterBot Sierra reevaluating
ChatterBot Charlie reevaluating
ChatterBot Papa reevaluating
randomSelections Echo: {Echo, Charlie, Bravo, Sierra, Zulu, Tango, Uniform, India} 
2024-10-14 22:28:16.244710 Echo: Let's form a team
ChatterBot Charlie reevaluating
ChatterBot Bravo reevaluating
ChatterBot Sierra reevaluating
ChatterBot Zulu reevaluating
ChatterBot Tango reevaluating
ChatterBot Uniform reevaluating
2024-10-14 22:28:16.263400 Charlie: No
2024-10-14 22:28:16.263624 Bravo: No
2024-10-14 22:28:16.263832 Sierra: No
2024-10-14 22:28:16.263976 Zulu: Yes
2024-10-14 22:28:16.264120 Tango: Yes
2024-10-14 22:28:16.264264 Uniform: Yes
2024-10-14 22:28:16.264394 India: No
ChatterBot Bravo reevaluating
ChatterBot Sierra reevaluating
ChatterBot Zulu reevaluating
ChatterBot Tango reevaluating
ChatterBot Uniform reevaluating
ChatterBot Charlie reevaluating
ChatterBot Sierra reevaluating
ChatterBot Zulu reevaluating
ChatterBot Tango reevaluating
ChatterBot Uniform reevaluating
ChatterBot Charlie reevaluating
ChatterBot Bravo reevaluating
ChatterBot Zulu reevaluating
ChatterBot Tango reevaluating
ChatterBot Uniform reevaluating
ChatterBot Charlie reevaluating
ChatterBot Bravo reevaluating
ChatterBot Sierra reevaluating
ChatterBot Tango reevaluating
ChatterBot Uniform reevaluating
ChatterBot Charlie reevaluating
ChatterBot Bravo reevaluating
ChatterBot Sierra reevaluating
ChatterBot Zulu reevaluating
ChatterBot Uniform reevaluating
ChatterBot Charlie reevaluating
ChatterBot Bravo reevaluating
ChatterBot Sierra reevaluating
ChatterBot Zulu reevaluating
ChatterBot Tango reevaluating
ChatterBot Charlie reevaluating
ChatterBot Bravo reevaluating
ChatterBot Sierra reevaluating
ChatterBot Zulu reevaluating
ChatterBot Tango reevaluating
ChatterBot Uniform reevaluating
2024-10-14 22:28:16.372765 India: Papa, Mike, Bravo and Sierra, sending you 3
2024-10-14 22:28:16.376679 Tango: Echo, sending you 4
2024-10-14 22:28:16.378073 India: Charlie, sending you 2
2024-10-14 22:28:16.380730 Uniform: India, sending you 4
2024-10-14 22:28:16.381048 Tango: Uniform, sending you 7
2024-10-14 22:28:16.381781 Zulu: India, Echo, Bravo and Sierra, sending you 1
2024-10-14 22:28:16.383048 Mike: India, sending you 3
2024-10-14 22:28:16.383675 Papa: India, sending you 3
2024-10-14 22:28:16.384053 Bravo: India and Sierra, sending you 2
2024-10-14 22:28:16.385685 Uniform: Tango and Charlie, sending you 2
2024-10-14 22:28:16.386084 Zulu: Uniform, sending you 8
2024-10-14 22:28:16.386896 Tango: Zulu, Bravo and Sierra, sending you 1
2024-10-14 22:28:16.387263 Sierra: India, Papa, Bravo and Charlie, sending you 2
2024-10-14 22:28:16.387570 Mike: Papa and Charlie, sending you 2
2024-10-14 22:28:16.387898 Papa: Mike, Bravo and Sierra, sending you 4
2024-10-14 22:28:16.389691 Bravo: Papa and Charlie, sending you 3
2024-10-14 22:28:16.390676 Tango: Charlie, sending you 3
2024-10-14 22:28:16.391011 Uniform: Zulu and Sierra, sending you 1
2024-10-14 22:28:16.391292 Charlie: India, Papa, Mike, Bravo and Sierra, sending you 2
2024-10-14 22:28:16.391570 Sierra: Mike, sending you 1
2024-10-14 22:28:16.392483 Zulu: Charlie, sending you 3
2024-10-14 22:28:16.392809 Papa: Charlie, sending you 1
2024-10-14 22:28:16.394114 Bravo: Mike, sending you 4
2024-10-14 22:28:16.394658 Uniform: Bravo, sending you 5
chatterbot India submitting transactions
chatterbot Charlie submitting transactions
chatterbot Tango submitting transactions
chatterbot Zulu submitting transactions
chatterbot Papa submitting transactions
chatterbot Bravo submitting transactions
chatterbot Echo submitting transactions
chatterbot Mike submitting transactions
chatterbot Uniform submitting transactions
chatterbot Sierra submitting transactions
ChatterBot India round 2
ChatterBot Tango round 2
ChatterBot Papa round 2
ChatterBot Echo round 2
ChatterBot Mike round 2
ChatterBot Uniform round 2
2024-10-14 22:28:18.150558 India: Friends?
ChatterBot Papa reevaluating
ChatterBot Mike reevaluating
ChatterBot Bravo reevaluating
ChatterBot Sierra reevaluating
ChatterBot Charlie reevaluating
ChatterBot Tango reevaluating
ChatterBot Uniform reevaluating
ChatterBot Zulu reevaluating
2024-10-14 22:28:18.213531 Papa: No
2024-10-14 22:28:18.213711 Mike: No
2024-10-14 22:28:18.213828 Bravo: No
2024-10-14 22:28:18.213948 Sierra: No
2024-10-14 22:28:18.214070 Charlie: No
2024-10-14 22:28:18.214194 Tango: No
2024-10-14 22:28:18.214301 Uniform: No
2024-10-14 22:28:18.215001 Zulu: No
ChatterBot Mike reevaluating
ChatterBot Bravo reevaluating
ChatterBot Sierra reevaluating
ChatterBot Charlie reevaluating
ChatterBot Tango reevaluating
ChatterBot Uniform reevaluating
ChatterBot Zulu reevaluating
ChatterBot Papa reevaluating
ChatterBot Bravo reevaluating
ChatterBot Sierra reevaluating
ChatterBot Charlie reevaluating
ChatterBot Tango reevaluating
ChatterBot Uniform reevaluating
ChatterBot Zulu reevaluating
ChatterBot Papa reevaluating
ChatterBot Mike reevaluating
ChatterBot Sierra reevaluating
ChatterBot Charlie reevaluating
ChatterBot Tango reevaluating
ChatterBot Uniform reevaluating
ChatterBot Zulu reevaluating
ChatterBot Papa reevaluating
ChatterBot Mike reevaluating
ChatterBot Bravo reevaluating
ChatterBot Charlie reevaluating
ChatterBot Tango reevaluating
ChatterBot Uniform reevaluating
ChatterBot Zulu reevaluating
ChatterBot Papa reevaluating
ChatterBot Mike reevaluating
ChatterBot Bravo reevaluating
ChatterBot Sierra reevaluating
ChatterBot Tango reevaluating
ChatterBot Uniform reevaluating
ChatterBot Zulu reevaluating
ChatterBot Papa reevaluating
ChatterBot Mike reevaluating
ChatterBot Bravo reevaluating
ChatterBot Sierra reevaluating
ChatterBot Charlie reevaluating
ChatterBot Uniform reevaluating
ChatterBot Zulu reevaluating
ChatterBot Papa reevaluating
ChatterBot Mike reevaluating
ChatterBot Bravo reevaluating
ChatterBot Sierra reevaluating
ChatterBot Charlie reevaluating
ChatterBot Tango reevaluating
ChatterBot Zulu reevaluating
ChatterBot Papa reevaluating
ChatterBot Mike reevaluating
ChatterBot Bravo reevaluating
ChatterBot Sierra reevaluating
ChatterBot Charlie reevaluating
ChatterBot Tango reevaluating
ChatterBot Uniform reevaluating
ChatterBot Zulu round 2
ChatterBot Bravo round 2
ChatterBot Sierra round 2
ChatterBot Charlie round 2
2024-10-14 22:28:18.875366 Echo: Group up?
ChatterBot Tango reevaluating
ChatterBot Uniform reevaluating
ChatterBot Zulu reevaluating
2024-10-14 22:28:18.889007 Tango: Yes
2024-10-14 22:28:18.890488 Uniform: No
2024-10-14 22:28:18.892189 Zulu: Yes
ChatterBot Uniform reevaluating
ChatterBot Zulu reevaluating
ChatterBot Tango reevaluating
ChatterBot Zulu reevaluating
ChatterBot Tango reevaluating
ChatterBot Uniform reevaluating
2024-10-14 22:28:19.010166 India: Tango and Zulu, sending you 1
chatterbot India submitting transactions
2024-10-14 22:28:19.039338 India: Papa, Mike, Bravo, Sierra and Charlie, sending you 2
2024-10-14 22:28:19.040323 Echo: Tango, sending you 6
2024-10-14 22:28:19.040632 Charlie: India, Mike, Bravo and Sierra, sending you 2
2024-10-14 22:28:19.041667 Uniform: Tango and Zulu, sending you 7
2024-10-14 22:28:19.041955 Zulu: Tango, Echo and Uniform, sending you 5
2024-10-14 22:28:19.042243 Sierra: India, Papa, Bravo and Charlie, sending you 2
2024-10-14 22:28:19.043161 Papa: India, sending you 4
2024-10-14 22:28:19.043645 Mike: India, sending you 4
2024-10-14 22:28:19.044611 Tango: Uniform, sending you 15
2024-10-14 22:28:19.046379 Echo: Uniform, sending you 1
2024-10-14 22:28:19.046716 India: Uniform, sending you 4
2024-10-14 22:28:19.047187 Charlie: Papa, sending you 1
2024-10-14 22:28:19.048054 Uniform: Echo, sending you 1
2024-10-14 22:28:19.048688 Papa: Mike, Bravo, Sierra and Charlie, sending you 3
2024-10-14 22:28:19.050007 Mike: Papa and Bravo, sending you 5
2024-10-14 22:28:19.050477 Bravo: India, sending you 4
2024-10-14 22:28:19.051581 Echo: Zulu, sending you 3
2024-10-14 22:28:19.069341 Mike: Sierra, sending you 1
2024-10-14 22:28:19.069731 Bravo: Papa, Sierra and Charlie, sending you 3
2024-10-14 22:28:19.085138 Mike: Charlie, sending you 3
chatterbot Echo submitting transactions
chatterbot Sierra submitting transactions
chatterbot Papa submitting transactions
chatterbot Uniform submitting transactions
chatterbot Zulu submitting transactions
chatterbot Mike submitting transactions
chatterbot Charlie submitting transactions
chatterbot Tango submitting transactions
chatterbot Bravo submitting transactions
ChatterBot India round 3
ChatterBot Tango round 3
ChatterBot Papa round 3
ChatterBot Echo round 3
ChatterBot Mike round 3
ChatterBot Uniform round 3
ChatterBot Zulu round 3
ChatterBot Bravo round 3
ChatterBot Sierra round 3
ChatterBot Charlie round 3
2024-10-14 22:28:19.984912 Tango: We should add India
ChatterBot Uniform reevaluating
ChatterBot Echo reevaluating
2024-10-14 22:28:19.995545 Uniform: No
2024-10-14 22:28:19.995711 Zulu: No
2024-10-14 22:28:19.995830 Echo: No
ChatterBot Echo reevaluating
ChatterBot Tango reevaluating
ChatterBot Uniform reevaluating
ChatterBot Echo reevaluating
ChatterBot Tango reevaluating
ChatterBot Uniform reevaluating
2024-10-14 22:28:20.107828 Zulu: Same as last round
2024-10-14 22:28:20.108117 Mike: India and Papa, sending you 5
2024-10-14 22:28:20.108447 Papa: India, Bravo, Sierra and Charlie, sending you 3
2024-10-14 22:28:20.109220 Charlie: Sending you each 2
2024-10-14 22:28:20.109483 Echo: Tango, sending you 5
2024-10-14 22:28:20.109752 Bravo: Sending you each 3
2024-10-14 22:28:20.110102 Sierra: India, Papa, Bravo and Charlie, sending you 2
2024-10-14 22:28:20.110374 India: Papa and Mike, sending you 4
2024-10-14 22:28:20.154244 Mike: Bravo, sending you 3
2024-10-14 22:28:20.154713 Papa: Mike, sending you 4
2024-10-14 22:28:20.155037 Echo: Uniform, sending you 3
2024-10-14 22:28:20.155819 Uniform: Tango, sending you 8
2024-10-14 22:28:20.156130 India: Bravo and Charlie, sending you 3
2024-10-14 22:28:20.156458 Tango: Echo, sending you 5
2024-10-14 22:28:20.165606 Mike: Sierra, sending you 1
2024-10-14 22:28:20.166146 Echo: Zulu, sending you 6
2024-10-14 22:28:20.167037 India: Sierra, sending you 2
2024-10-14 22:28:20.167561 Uniform: Echo, sending you 2
2024-10-14 22:28:20.167925 Tango: Uniform, sending you 8
2024-10-14 22:28:20.168855 Mike: Charlie, sending you 4
2024-10-14 22:28:20.179297 Uniform: Zulu, sending you 5
2024-10-14 22:28:20.179678 Tango: Zulu, sending you 4
chatterbot Zulu submitting transactions
chatterbot Sierra submitting transactions
chatterbot Uniform submitting transactions
chatterbot India submitting transactions
chatterbot Bravo submitting transactions
chatterbot Mike submitting transactions
chatterbot Tango submitting transactions
chatterbot Charlie submitting transactions
chatterbot Echo submitting transactions
chatterbot Papa submitting transactions
ChatterBot India round 4
ChatterBot Tango round 4
ChatterBot Papa round 4
ChatterBot Echo round 4
ChatterBot Mike round 4
ChatterBot Uniform round 4
ChatterBot Zulu round 4
ChatterBot Bravo round 4
ChatterBot Sierra round 4
ChatterBot Charlie round 4
2024-10-14 22:28:21.785674 Mike: India, sending you 5
2024-10-14 22:28:21.786079 Uniform: Tango, sending you 8
2024-10-14 22:28:21.787109 Tango: Echo, sending you 5
2024-10-14 22:28:21.787664 Papa: India, Bravo, Sierra and Charlie, sending you 3
2024-10-14 22:28:21.788662 Mike: Papa, sending you 6
2024-10-14 22:28:21.789694 Zulu: Same as last round
2024-10-14 22:28:21.790122 Uniform: Echo, sending you 2
2024-10-14 22:28:21.790440 Echo: Tango, sending you 6
2024-10-14 22:28:21.790739 Tango: Uniform, sending you 8
2024-10-14 22:28:21.792659 India: Papa, Bravo, Sierra and Charlie, sending you 3
2024-10-14 22:28:21.793594 Papa: Mike, sending you 4
2024-10-14 22:28:21.794016 Mike: Bravo and Charlie, sending you 4
2024-10-14 22:28:21.794690 Uniform: Zulu, sending you 5
2024-10-14 22:28:21.795131 Echo: Uniform, sending you 3
2024-10-14 22:28:21.795774 Tango: Zulu, sending you 4
2024-10-14 22:28:21.796065 India: Mike, sending you 4
2024-10-14 22:28:21.799716 Echo: Zulu, sending you 7
2024-10-14 22:28:21.800684 Bravo: India, sending you 4
2024-10-14 22:28:21.805034 Charlie: Same as last round
2024-10-14 22:28:21.805674 Bravo: Papa, Mike, Sierra and Charlie, sending you 3
2024-10-14 22:28:21.806183 Sierra: India, Papa, Bravo and Charlie, sending you 2
2024-10-14 22:28:21.809676 Sierra: Mike, sending you 1
chatterbot Mike submitting transactions
chatterbot Uniform submitting transactions
chatterbot Papa submitting transactions
chatterbot Bravo submitting transactions
chatterbot India submitting transactions
chatterbot Echo submitting transactions
chatterbot Sierra submitting transactions
chatterbot Tango submitting transactions
chatterbot Zulu submitting transactions
chatterbot Charlie submitting transactions
ChatterBot India round 5
ChatterBot Tango round 5
ChatterBot Papa round 5
ChatterBot Echo round 5
ChatterBot Mike round 5
ChatterBot Uniform round 5
ChatterBot Zulu round 5
ChatterBot Bravo round 5
ChatterBot Sierra round 5
ChatterBot Charlie round 5
2024-10-14 22:28:22.964993 India: Papa and Charlie, sending you 3
2024-10-14 22:28:22.965667 Echo: Tango, sending you 6
2024-10-14 22:28:22.967155 Tango: Echo, sending you 5
2024-10-14 22:28:22.970683 India: Mike and Bravo, sending you 4
2024-10-14 22:28:22.971167 Echo: Uniform, sending you 3
2024-10-14 22:28:22.971999 Zulu: Same as last round
2024-10-14 22:28:22.972674 Tango: Uniform, sending you 8
2024-10-14 22:28:22.973112 Papa: India, Bravo, Sierra and Charlie, sending you 3
2024-10-14 22:28:22.974118 Mike: India, sending you 5
2024-10-14 22:28:22.974603 Bravo: India and Papa, sending you 4
2024-10-14 22:28:22.975257 India: Sierra, sending you 2
2024-10-14 22:28:22.976677 Echo: Zulu, sending you 7
2024-10-14 22:28:22.977023 Sierra: India, Papa, Bravo and Charlie, sending you 2
2024-10-14 22:28:22.977454 Charlie: Same as last round
2024-10-14 22:28:22.978325 Uniform: Tango, sending you 8
2024-10-14 22:28:22.978699 Tango: Zulu, sending you 4
2024-10-14 22:28:22.979010 Mike: Papa, sending you 6
2024-10-14 22:28:22.979390 Papa: Mike, sending you 4
2024-10-14 22:28:22.979791 Bravo: Mike, Sierra and Charlie, sending you 3
2024-10-14 22:28:22.980652 Sierra: Mike, sending you 1
2024-10-14 22:28:22.981688 Mike: Bravo, sending you 4
2024-10-14 22:28:22.983669 Uniform: Echo, sending you 2
2024-10-14 22:28:22.986675 Mike: Sierra, sending you 1
2024-10-14 22:28:22.987758 Uniform: Zulu, sending you 5
2024-10-14 22:28:22.990654 Mike: Charlie, sending you 3
chatterbot Zulu submitting transactions
chatterbot Uniform submitting transactions
chatterbot Mike submitting transactions
chatterbot Sierra submitting transactions
chatterbot Bravo submitting transactions
chatterbot Charlie submitting transactions
chatterbot Tango submitting transactions
chatterbot Echo submitting transactions
chatterbot Papa submitting transactions
chatterbot India submitting transactions
ChatterBot India round 6
ChatterBot Tango round 6
ChatterBot Papa round 6
ChatterBot Echo round 6
ChatterBot Mike round 6
ChatterBot Uniform round 6
ChatterBot Zulu round 6
ChatterBot Bravo round 6
ChatterBot Sierra round 6
ChatterBot Charlie round 6
2024-10-14 22:28:24.072697 India: Papa and Charlie, sending you 3
2024-10-14 22:28:24.073833 Papa: India, Bravo, Sierra and Charlie, sending you 3
2024-10-14 22:28:24.076692 Papa: Mike, sending you 4
2024-10-14 22:28:24.078667 India: Mike and Bravo, sending you 4
2024-10-14 22:28:24.081657 Echo: Tango, sending you 7
2024-10-14 22:28:24.082765 Uniform: Tango, sending you 7
2024-10-14 22:28:24.083104 Mike: India, sending you 5
2024-10-14 22:28:24.083705 India: Sierra, sending you 2
2024-10-14 22:28:24.084966 Tango: Echo, sending you 5
2024-10-14 22:28:24.085327 Bravo: India and Papa, sending you 4
2024-10-14 22:28:24.085761 Echo: Uniform, sending you 3
2024-10-14 22:28:24.086177 Uniform: Echo, sending you 3
2024-10-14 22:28:24.087673 Sierra: India, Papa, Bravo and Charlie, sending you 2
2024-10-14 22:28:24.088376 Mike: Papa, sending you 6
2024-10-14 22:28:24.089363 Tango: Uniform, sending you 8
2024-10-14 22:28:24.089660 Zulu: Same as last round
2024-10-14 22:28:24.090039 Bravo: Mike, Sierra and Charlie, sending you 3
2024-10-14 22:28:24.091012 Echo: Zulu, sending you 6
2024-10-14 22:28:24.091351 Uniform: Zulu, sending you 5
2024-10-14 22:28:24.091606 Sierra: Mike, sending you 1
2024-10-14 22:28:24.093002 Mike: Bravo, sending you 4
2024-10-14 22:28:24.093677 Tango: Zulu, sending you 4
2024-10-14 22:28:24.097105 Mike: Sierra, sending you 1
2024-10-14 22:28:24.097806 Charlie: Same as last round
2024-10-14 22:28:24.100668 Mike: Charlie, sending you 3
chatterbot Mike submitting transactions
chatterbot Papa submitting transactions
chatterbot Zulu submitting transactions
chatterbot Uniform submitting transactions
chatterbot India submitting transactions
chatterbot Echo submitting transactions
chatterbot Charlie submitting transactions
chatterbot Tango submitting transactions
chatterbot Bravo submitting transactions
chatterbot Sierra submitting transactions
ChatterBot India round 7
ChatterBot Tango round 7
ChatterBot Papa round 7
ChatterBot Echo round 7
ChatterBot Mike round 7
ChatterBot Uniform round 7
ChatterBot Zulu round 7
ChatterBot Bravo round 7
ChatterBot Sierra round 7
ChatterBot Charlie round 7
2024-10-14 22:28:25.340394 Echo: Tango and Zulu, sending you 6
2024-10-14 22:28:25.341096 India: Papa and Charlie, sending you 3
2024-10-14 22:28:25.341999 Tango: Echo, sending you 5
2024-10-14 22:28:25.342837 Zulu: Same as last round
2024-10-14 22:28:25.343581 Mike: India, sending you 5
2024-10-14 22:28:25.345238 Sierra: India, Papa, Bravo and Charlie, sending you 2
2024-10-14 22:28:25.345831 Echo: Uniform, sending you 4
2024-10-14 22:28:25.346160 India: Mike and Bravo, sending you 4
2024-10-14 22:28:25.346687 Tango: Uniform, sending you 8
2024-10-14 22:28:25.347667 Bravo: India and Papa, sending you 4
2024-10-14 22:28:25.348678 Mike: Papa, sending you 6
2024-10-14 22:28:25.349363 Charlie: Same as last round
2024-10-14 22:28:25.350001 India: Sierra, sending you 2
2024-10-14 22:28:25.351243 Sierra: Mike, sending you 1
2024-10-14 22:28:25.351837 Uniform: Tango, sending you 7
2024-10-14 22:28:25.352236 Tango: Zulu, sending you 4
2024-10-14 22:28:25.352710 Bravo: Mike, Sierra and Charlie, sending you 3
2024-10-14 22:28:25.353979 Mike: Bravo, sending you 4
2024-10-14 22:28:25.356653 Uniform: Echo, sending you 3
2024-10-14 22:28:25.357105 Papa: India, Bravo, Sierra and Charlie, sending you 3
2024-10-14 22:28:25.357704 Mike: Sierra, sending you 1
2024-10-14 22:28:25.361674 Uniform: Zulu, sending you 5
2024-10-14 22:28:25.362355 Papa: Mike, sending you 4
2024-10-14 22:28:25.363543 Mike: Charlie, sending you 3
chatterbot Papa submitting transactions
chatterbot Mike submitting transactions
chatterbot Tango submitting transactions
chatterbot Sierra submitting transactions
chatterbot Zulu submitting transactions
chatterbot Charlie submitting transactions
chatterbot Bravo submitting transactions
chatterbot India submitting transactions
chatterbot Uniform submitting transactions
chatterbot Echo submitting transactions
ChatterBot India round 8
ChatterBot Tango round 8
ChatterBot Papa round 8
ChatterBot Echo round 8
ChatterBot Mike round 8
ChatterBot Uniform round 8
ChatterBot Zulu round 8
ChatterBot Bravo round 8
ChatterBot Sierra round 8
ChatterBot Charlie round 8
2024-10-14 22:28:26.589669 Papa: India, Bravo, Sierra and Charlie, sending you 3
2024-10-14 22:28:26.593656 Papa: Mike, sending you 4
2024-10-14 22:28:26.594692 Echo: Tango and Zulu, sending you 6
2024-10-14 22:28:26.596655 Tango: Echo, sending you 5
2024-10-14 22:28:26.597676 Mike: India, sending you 5
2024-10-14 22:28:26.598265 India: Papa and Charlie, sending you 3
2024-10-14 22:28:26.599675 Echo: Uniform, sending you 4
2024-10-14 22:28:26.601675 Tango: Uniform, sending you 8
2024-10-14 22:28:26.602129 Uniform: Tango, sending you 7
2024-10-14 22:28:26.602526 Mike: Papa, sending you 6
2024-10-14 22:28:26.603204 Sierra: India, Papa, Bravo and Charlie, sending you 2
2024-10-14 22:28:26.603839 India: Mike and Bravo, sending you 4
2024-10-14 22:28:26.605658 Tango: Zulu, sending you 4
2024-10-14 22:28:26.606069 Mike: Bravo, sending you 4
2024-10-14 22:28:26.606569 Bravo: India and Papa, sending you 4
2024-10-14 22:28:26.607111 Uniform: Echo, sending you 3
2024-10-14 22:28:26.607439 India: Sierra, sending you 2
2024-10-14 22:28:26.608033 Charlie: Same as last round
2024-10-14 22:28:26.608669 Sierra: Mike, sending you 1
2024-10-14 22:28:26.609795 Mike: Sierra, sending you 1
2024-10-14 22:28:26.610348 Uniform: Zulu, sending you 5
2024-10-14 22:28:26.610758 Bravo: Mike and Charlie, sending you 3
2024-10-14 22:28:26.613916 Mike: Charlie, sending you 3
2024-10-14 22:28:26.614511 Bravo: Sierra, sending you 2
2024-10-14 22:28:26.615697 Zulu: Same as last round
chatterbot Mike submitting transactions
chatterbot India submitting transactions
chatterbot Bravo submitting transactions
chatterbot Echo submitting transactions
chatterbot Charlie submitting transactions
chatterbot Tango submitting transactions
chatterbot Zulu submitting transactions
chatterbot Papa submitting transactions
chatterbot Uniform submitting transactions
chatterbot Sierra submitting transactions
ChatterBot India round 9
ChatterBot Tango round 9
ChatterBot Papa round 9
ChatterBot Echo round 9
ChatterBot Mike round 9
ChatterBot Uniform round 9
ChatterBot Zulu round 9
ChatterBot Bravo round 9
ChatterBot Sierra round 9
ChatterBot Charlie round 9
2024-10-14 22:28:27.796658 Papa: India, Bravo, Sierra and Charlie, sending you 3
2024-10-14 22:28:27.798655 India: Papa and Charlie, sending you 3
2024-10-14 22:28:27.799555 Tango: Echo, sending you 5
2024-10-14 22:28:27.800966 Papa: Mike, sending you 4
2024-10-14 22:28:27.802682 India: Mike and Bravo, sending you 4
2024-10-14 22:28:27.804046 Tango: Uniform, sending you 8
2024-10-14 22:28:27.806664 Bravo: India and Papa, sending you 4
2024-10-14 22:28:27.807681 India: Sierra, sending you 2
2024-10-14 22:28:27.809173 Tango: Zulu, sending you 4
2024-10-14 22:28:27.809722 Sierra: India, Papa, Bravo and Charlie, sending you 2
2024-10-14 22:28:27.810532 Charlie: Same as last round
2024-10-14 22:28:27.811816 Bravo: Mike and Charlie, sending you 3
2024-10-14 22:28:27.812719 Echo: Tango and Zulu, sending you 6
2024-10-14 22:28:27.814665 Sierra: Mike, sending you 1
2024-10-14 22:28:27.815759 Mike: India, sending you 5
2024-10-14 22:28:27.817116 Echo: Uniform, sending you 4
2024-10-14 22:28:27.817577 Bravo: Sierra, sending you 2
2024-10-14 22:28:27.818227 Uniform: Tango, sending you 7
2024-10-14 22:28:27.818749 Zulu: Same as last round
2024-10-14 22:28:27.820059 Mike: Papa, sending you 6
2024-10-14 22:28:27.821658 Uniform: Echo, sending you 3
2024-10-14 22:28:27.823685 Mike: Bravo, sending you 4
2024-10-14 22:28:27.826680 Uniform: Zulu, sending you 5
2024-10-14 22:28:27.827714 Mike: Sierra, sending you 1
2024-10-14 22:28:27.830659 Mike: Charlie, sending you 3
chatterbot Echo submitting transactions
chatterbot Charlie submitting transactions
chatterbot Mike submitting transactions
chatterbot India submitting transactions
chatterbot Tango submitting transactions
chatterbot Zulu submitting transactions
chatterbot Sierra submitting transactions
chatterbot Bravo submitting transactions
chatterbot Papa submitting transactions
chatterbot Uniform submitting transactions
ChatterBot India round 10
ChatterBot Tango round 10
ChatterBot Papa round 10
ChatterBot Echo round 10
ChatterBot Mike round 10
ChatterBot Uniform round 10
ChatterBot Zulu round 10
ChatterBot Bravo round 10
ChatterBot Sierra round 10
ChatterBot Charlie round 10
2024-10-14 22:28:28.998691 Tango: Echo, sending you 5
2024-10-14 22:28:29.001281 Echo: Tango and Zulu, sending you 6
2024-10-14 22:28:29.005674 Tango: Uniform, sending you 8
2024-10-14 22:28:29.007879 Echo: Uniform, sending you 4
2024-10-14 22:28:29.009216 Charlie: Same as last round
2024-10-14 22:28:29.012602 India: Papa and Charlie, sending you 3
2024-10-14 22:28:29.015629 Papa: India, Bravo, Sierra and Charlie, sending you 3
2024-10-14 22:28:29.017313 Tango: Zulu, sending you 4
2024-10-14 22:28:29.018889 Zulu: Same as last round
2024-10-14 22:28:29.019981 India: Mike and Bravo, sending you 4
2024-10-14 22:28:29.021960 Mike: India, sending you 5
2024-10-14 22:28:29.023868 Sierra: India, Papa and Bravo, sending you 2
2024-10-14 22:28:29.025040 Papa: Mike, sending you 4
2024-10-14 22:28:29.026828 Bravo: India and Papa, sending you 4
2024-10-14 22:28:29.029168 Uniform: Tango, sending you 7
2024-10-14 22:28:29.030014 India: Sierra, sending you 2
2024-10-14 22:28:29.031763 Mike: Papa, sending you 6
2024-10-14 22:28:29.032945 Sierra: Charlie, sending you 3
2024-10-14 22:28:29.034959 Uniform: Echo, sending you 3
2024-10-14 22:28:29.036297 Bravo: Mike and Charlie, sending you 3
2024-10-14 22:28:29.037509 Mike: Bravo, sending you 4
2024-10-14 22:28:29.041082 Uniform: Zulu, sending you 5
2024-10-14 22:28:29.041721 Bravo: Sierra, sending you 2
2024-10-14 22:28:29.043497 Mike: Sierra, sending you 1
2024-10-14 22:28:29.046696 Mike: Charlie, sending you 3
chatterbot Echo submitting transactions
chatterbot Charlie submitting transactions
chatterbot Tango submitting transactions
chatterbot Zulu submitting transactions
chatterbot Bravo submitting transactions
chatterbot Uniform submitting transactions
chatterbot Sierra submitting transactions
chatterbot India submitting transactions
chatterbot Papa submitting transactions
chatterbot Mike submitting transactions
ChatterBot India round 11
ChatterBot Tango round 11
ChatterBot Papa round 11
ChatterBot Echo round 11
ChatterBot Mike round 11
ChatterBot Uniform round 11
ChatterBot Zulu round 11
ChatterBot Bravo round 11
ChatterBot Sierra round 11
ChatterBot Charlie round 11
2024-10-14 22:28:30.276679 Mike: India, sending you 5
2024-10-14 22:28:30.279661 Mike: Papa, sending you 6
2024-10-14 22:28:30.282687 Mike: Bravo, sending you 4
2024-10-14 22:28:30.283669 Echo: Tango and Zulu, sending you 6
2024-10-14 22:28:30.285692 Mike: Sierra, sending you 1
2024-10-14 22:28:30.286676 Zulu: Same as last round
2024-10-14 22:28:30.287698 India: Papa and Charlie, sending you 3
2024-10-14 22:28:30.288847 Echo: Uniform, sending you 4
2024-10-14 22:28:30.289277 Tango: Echo and Zulu, sending you 5
2024-10-14 22:28:30.289721 Uniform: Tango, sending you 7
2024-10-14 22:28:30.290148 Mike: Charlie, sending you 3
2024-10-14 22:28:30.292667 Papa: India, Bravo, Sierra and Charlie, sending you 3
2024-10-14 22:28:30.293384 Uniform: Echo, sending you 3
2024-10-14 22:28:30.293828 India: Mike and Bravo, sending you 4
2024-10-14 22:28:30.294730 Sierra: India, Papa and Bravo, sending you 2
2024-10-14 22:28:30.296252 Tango: Uniform, sending you 7
2024-10-14 22:28:30.296772 Bravo: India and Papa, sending you 4
2024-10-14 22:28:30.297478 Uniform: Zulu, sending you 5
2024-10-14 22:28:30.298045 Papa: Mike, sending you 4
2024-10-14 22:28:30.299006 Charlie: India, Papa, Bravo and Sierra, sending you 2
2024-10-14 22:28:30.300471 India: Sierra, sending you 2
2024-10-14 22:28:30.301583 Sierra: Mike, sending you 1
2024-10-14 22:28:30.302411 Bravo: Mike and Charlie, sending you 3
2024-10-14 22:28:30.304676 Charlie: Mike, sending you 1
2024-10-14 22:28:30.305580 Sierra: Charlie, sending you 3
2024-10-14 22:28:30.307672 Bravo: Sierra, sending you 2
chatterbot Echo submitting transactions
chatterbot India submitting transactions
chatterbot Zulu submitting transactions
chatterbot Bravo submitting transactions
chatterbot Charlie submitting transactions
chatterbot Uniform submitting transactions
chatterbot Tango submitting transactions
chatterbot Sierra submitting transactions
chatterbot Mike submitting transactions
chatterbot Papa submitting transactions
ChatterBot India round 12
ChatterBot Tango round 12
ChatterBot Papa round 12
ChatterBot Echo round 12
ChatterBot Mike round 12
ChatterBot Uniform round 12
ChatterBot Zulu round 12
ChatterBot Bravo round 12
ChatterBot Sierra round 12
ChatterBot Charlie round 12
2024-10-14 22:28:31.479661 Mike: India, sending you 5
2024-10-14 22:28:31.484886 Mike: Papa, sending you 6
2024-10-14 22:28:31.485702 Echo: Tango and Zulu, sending you 6
2024-10-14 22:28:31.486673 Tango: Echo and Zulu, sending you 5
2024-10-14 22:28:31.487664 Zulu: Same as last round
2024-10-14 22:28:31.488694 Echo: Uniform, sending you 4
2024-10-14 22:28:31.489668 Tango: Uniform, sending you 7
2024-10-14 22:28:31.490654 Mike: Bravo, sending you 4
2024-10-14 22:28:31.491214 Uniform: Tango, sending you 7
2024-10-14 22:28:31.492122 Bravo: India and Papa, sending you 4
2024-10-14 22:28:31.492671 Sierra: India, Papa and Bravo, sending you 2
2024-10-14 22:28:31.493670 Papa: India, Bravo, Sierra and Charlie, sending you 3
2024-10-14 22:28:31.494534 Mike: Sierra, sending you 1
2024-10-14 22:28:31.495621 India: Papa and Charlie, sending you 3
2024-10-14 22:28:31.496435 Uniform: Echo, sending you 3
2024-10-14 22:28:31.496927 Charlie: India, Papa, Bravo and Sierra, sending you 2
2024-10-14 22:28:31.497603 Bravo: Mike and Charlie, sending you 3
2024-10-14 22:28:31.498318 Papa: Mike, sending you 4
2024-10-14 22:28:31.498888 Sierra: Mike, sending you 1
2024-10-14 22:28:31.499972 Mike: Charlie, sending you 3
2024-10-14 22:28:31.500622 Uniform: Zulu, sending you 5
2024-10-14 22:28:31.500985 India: Mike and Bravo, sending you 4
2024-10-14 22:28:31.501689 Charlie: Mike, sending you 1
2024-10-14 22:28:31.502226 Bravo: Sierra, sending you 2
2024-10-14 22:28:31.503689 Sierra: Charlie, sending you 3
2024-10-14 22:28:31.505685 India: Sierra, sending you 2
chatterbot India submitting transactions
chatterbot Charlie submitting transactions
chatterbot Echo submitting transactions
chatterbot Uniform submitting transactions
chatterbot Papa submitting transactions
chatterbot Bravo submitting transactions
chatterbot Tango submitting transactions
chatterbot Zulu submitting transactions
chatterbot Mike submitting transactions
chatterbot Sierra submitting transactions
ChatterBot India round 13
ChatterBot Tango round 13
ChatterBot Papa round 13
ChatterBot Echo round 13
ChatterBot Mike round 13
ChatterBot Uniform round 13
ChatterBot Zulu round 13
ChatterBot Bravo round 13
ChatterBot Sierra round 13
ChatterBot Charlie round 13
2024-10-14 22:28:32.728228 Mike: India and Papa, sending you 6
2024-10-14 22:28:32.729968 Papa: India, Bravo, Sierra and Charlie, sending you 3
2024-10-14 22:28:32.732827 Mike: Bravo, sending you 4
2024-10-14 22:28:32.736694 Echo: Tango and Zulu, sending you 6
2024-10-14 22:28:32.737840 India: Papa and Charlie, sending you 3
2024-10-14 22:28:32.740277 Zulu: Same as last round
2024-10-14 22:28:32.741860 Papa: Mike, sending you 4
2024-10-14 22:28:32.743404 Bravo: India and Papa, sending you 4
2024-10-14 22:28:32.745642 Mike: Charlie, sending you 3
2024-10-14 22:28:32.747905 Tango: Echo and Zulu, sending you 5
2024-10-14 22:28:32.748921 Charlie: India, Papa, Bravo and Sierra, sending you 2
2024-10-14 22:28:32.751075 Echo: Uniform, sending you 4
2024-10-14 22:28:32.752123 India: Mike and Bravo, sending you 4
2024-10-14 22:28:32.754053 Bravo: Mike and Charlie, sending you 3
2024-10-14 22:28:32.755599 Tango: Uniform, sending you 7
2024-10-14 22:28:32.756941 Sierra: India, Papa and Bravo, sending you 2
2024-10-14 22:28:32.759094 Charlie: Mike, sending you 1
2024-10-14 22:28:32.761076 Uniform: Tango, sending you 7
2024-10-14 22:28:32.761896 India: Sierra, sending you 2
2024-10-14 22:28:32.764110 Bravo: Sierra, sending you 2
2024-10-14 22:28:32.765477 Sierra: Mike, sending you 1
2024-10-14 22:28:32.767385 Uniform: Echo, sending you 3
2024-10-14 22:28:32.769900 Sierra: Charlie, sending you 3
2024-10-14 22:28:32.771968 Uniform: Zulu, sending you 5
chatterbot Papa submitting transactions
chatterbot Echo submitting transactions
chatterbot Tango submitting transactions
chatterbot Bravo submitting transactions
chatterbot India submitting transactions
chatterbot Uniform submitting transactions
chatterbot Mike submitting transactions
chatterbot Charlie submitting transactions
chatterbot Zulu submitting transactions
chatterbot Sierra submitting transactions
ChatterBot India round 14
ChatterBot Tango round 14
ChatterBot Papa round 14
ChatterBot Echo round 14
ChatterBot Mike round 14
ChatterBot Uniform round 14
ChatterBot Zulu round 14
ChatterBot Bravo round 14
ChatterBot Sierra round 14
ChatterBot Charlie round 14
2024-10-14 22:28:33.994675 India: Papa and Charlie, sending you 3
2024-10-14 22:28:33.997334 Echo: Tango and Zulu, sending you 6
2024-10-14 22:28:33.999693 Zulu: Same as last round
2024-10-14 22:28:34.000901 Bravo: India and Papa, sending you 4
2024-10-14 22:28:34.003548 India: Mike and Bravo, sending you 4
2024-10-14 22:28:34.006267 Tango: Echo and Zulu, sending you 5
2024-10-14 22:28:34.007367 Echo: Uniform, sending you 4
2024-10-14 22:28:34.008358 Papa: India, Bravo, Sierra and Charlie, sending you 3
2024-10-14 22:28:34.010865 Bravo: Mike and Charlie, sending you 3
2024-10-14 22:28:34.012889 India: Sierra, sending you 2
2024-10-14 22:28:34.015482 Tango: Uniform, sending you 7
2024-10-14 22:28:34.016645 Papa: Mike, sending you 4
2024-10-14 22:28:34.019158 Uniform: Tango, sending you 7
2024-10-14 22:28:34.020224 Sierra: India, Papa and Bravo, sending you 2
2024-10-14 22:28:34.022620 Mike: India and Papa, sending you 6
2024-10-14 22:28:34.023985 Charlie: India, Papa, Bravo and Sierra, sending you 2
2024-10-14 22:28:34.026415 Bravo: Sierra, sending you 2
2024-10-14 22:28:34.028246 Uniform: Echo, sending you 3
2024-10-14 22:28:34.029411 Sierra: Mike, sending you 1
2024-10-14 22:28:34.030513 Mike: Bravo, sending you 4
2024-10-14 22:28:34.032102 Charlie: Mike, sending you 1
2024-10-14 22:28:34.033183 Uniform: Zulu, sending you 5
2024-10-14 22:28:34.033795 Sierra: Charlie, sending you 3
2024-10-14 22:28:34.036675 Mike: Sierra, sending you 1
2024-10-14 22:28:34.042022 Mike: Charlie, sending you 2
chatterbot Charlie submitting transactions
chatterbot Echo submitting transactions
chatterbot Bravo submitting transactions
chatterbot Zulu submitting transactions
chatterbot Papa submitting transactions
chatterbot Tango submitting transactions
chatterbot Uniform submitting transactions
chatterbot Mike submitting transactions
chatterbot India submitting transactions
chatterbot Sierra submitting transactions
ChatterBot India round 15
ChatterBot Tango round 15
ChatterBot Papa round 15
ChatterBot Echo round 15
ChatterBot Mike round 15
ChatterBot Uniform round 15
ChatterBot Zulu round 15
ChatterBot Bravo round 15
ChatterBot Sierra round 15
ChatterBot Charlie round 15
2024-10-14 22:28:35.114696 Tango: Echo and Zulu, sending you 5
2024-10-14 22:28:35.119669 Tango: Uniform, sending you 7
2024-10-14 22:28:35.122733 Sierra: India, Papa and Bravo, sending you 2
2024-10-14 22:28:35.123795 Bravo: India and Papa, sending you 4
2024-10-14 22:28:35.126709 Echo: Tango and Zulu, sending you 6
2024-10-14 22:28:35.128485 Papa: India, Bravo, Sierra and Charlie, sending you 3
2024-10-14 22:28:35.130572 Sierra: Mike, sending you 1
2024-10-14 22:28:35.131881 Bravo: Mike and Charlie, sending you 3
2024-10-14 22:28:35.133368 Uniform: Tango, sending you 7
2024-10-14 22:28:35.134104 Echo: Uniform, sending you 4
2024-10-14 22:28:35.135368 Zulu: Same as last round
2024-10-14 22:28:35.135923 Papa: Mike, sending you 4
2024-10-14 22:28:35.137227 Sierra: Charlie, sending you 3
2024-10-14 22:28:35.138130 Charlie: India, Papa, Bravo and Sierra, sending you 2
2024-10-14 22:28:35.140122 India: Papa and Charlie, sending you 3
2024-10-14 22:28:35.142235 Bravo: Sierra, sending you 2
2024-10-14 22:28:35.144168 Mike: India and Papa, sending you 6
2024-10-14 22:28:35.145727 Uniform: Echo, sending you 3
2024-10-14 22:28:35.146948 Charlie: Mike, sending you 1
2024-10-14 22:28:35.148020 India: Mike and Bravo, sending you 4
2024-10-14 22:28:35.149681 Mike: Bravo, sending you 4
2024-10-14 22:28:35.151504 Uniform: Zulu, sending you 5
2024-10-14 22:28:35.154244 India: Sierra, sending you 2
2024-10-14 22:28:35.155684 Mike: Sierra, sending you 1
2024-10-14 22:28:35.162162 Mike: Charlie, sending you 2
chatterbot Papa submitting transactions
chatterbot Sierra submitting transactions
chatterbot Mike submitting transactions
chatterbot Charlie submitting transactions
chatterbot India submitting transactions
chatterbot Echo submitting transactions
chatterbot Zulu submitting transactions
chatterbot Bravo submitting transactions
chatterbot Tango submitting transactions
chatterbot Uniform submitting transactions
ChatterBot India round 16
ChatterBot Tango round 16
ChatterBot Papa round 16
ChatterBot Echo round 16
ChatterBot Mike round 16
ChatterBot Uniform round 16
ChatterBot Zulu round 16
ChatterBot Bravo round 16
ChatterBot Sierra round 16
ChatterBot Charlie round 16
2024-10-14 22:28:36.420225 Tango: Echo and Zulu, sending you 5
2024-10-14 22:28:36.422687 India: Papa and Charlie, sending you 3
2024-10-14 22:28:36.426125 Sierra: India, Papa and Bravo, sending you 2
2024-10-14 22:28:36.428904 Uniform: Tango, sending you 7
2024-10-14 22:28:36.430136 Tango: Uniform, sending you 7
2024-10-14 22:28:36.432351 Papa: India, Bravo, Sierra and Charlie, sending you 3
2024-10-14 22:28:36.436031 Bravo: India and Papa, sending you 4
2024-10-14 22:28:36.439830 Mike: India and Papa, sending you 6
2024-10-14 22:28:36.443118 India: Mike and Bravo, sending you 4
2024-10-14 22:28:36.445478 Sierra: Mike, sending you 1
2024-10-14 22:28:36.448324 Zulu: Same as last round
2024-10-14 22:28:36.450272 Echo: Tango and Zulu, sending you 6
2024-10-14 22:28:36.451804 Uniform: Echo, sending you 3
2024-10-14 22:28:36.453743 Papa: Mike, sending you 4
2024-10-14 22:28:36.456515 Bravo: Mike and Charlie, sending you 3
2024-10-14 22:28:36.460089 Charlie: India, Papa, Bravo and Sierra, sending you 2
2024-10-14 22:28:36.462784 Mike: Bravo, sending you 4
2024-10-14 22:28:36.465726 India: Sierra, sending you 2
2024-10-14 22:28:36.469009 Sierra: Charlie, sending you 3
2024-10-14 22:28:36.472214 Echo: Uniform, sending you 4
2024-10-14 22:28:36.473859 Uniform: Zulu, sending you 5
2024-10-14 22:28:36.475282 Bravo: Sierra, sending you 2
2024-10-14 22:28:36.478383 Charlie: Mike, sending you 1
2024-10-14 22:28:36.482119 Mike: Sierra, sending you 1
2024-10-14 22:28:36.489668 Mike: Charlie, sending you 2
chatterbot Zulu submitting transactions
chatterbot India submitting transactions
chatterbot Mike submitting transactions
chatterbot Echo submitting transactions
chatterbot Tango submitting transactions
chatterbot Uniform submitting transactions
chatterbot Bravo submitting transactions
chatterbot Papa submitting transactions
chatterbot Sierra submitting transactions
chatterbot Charlie submitting transactions
ChatterBot India round 17
ChatterBot Tango round 17
ChatterBot Papa round 17
