ChatterBot Lima round 1
ChatterBot Oscar round 1
ChatterBot Foxtrot round 1
ChatterBot Tango round 1
ChatterBot Echo round 1
ChatterBot Papa round 1
ChatterBot India round 1
ChatterBot Yankee round 1
ChatterBot Whiskey round 1
ChatterBot Zulu round 1
randomSelections Foxtrot: {Foxtrot, Papa, Yankee, Lima, Whiskey, Oscar} 
2024-10-14 22:28:16.040718 Foxtrot: We should group up
ChatterBot Papa reevaluating
ChatterBot Yankee reevaluating
ChatterBot Lima reevaluating
ChatterBot Whiskey reevaluating
ChatterBot Oscar reevaluating
2024-10-14 22:28:16.061090 Papa: Yes
2024-10-14 22:28:16.062226 Yankee: Yes
2024-10-14 22:28:16.062405 Lima: Yes
2024-10-14 22:28:16.062618 Whiskey: Yes
2024-10-14 22:28:16.062849 Oscar: Yes
ChatterBot Yankee reevaluating
ChatterBot Lima reevaluating
ChatterBot Whiskey reevaluating
ChatterBot Oscar reevaluating
ChatterBot Papa reevaluating
ChatterBot Lima reevaluating
ChatterBot Whiskey reevaluating
ChatterBot Oscar reevaluating
ChatterBot Papa reevaluating
ChatterBot Yankee reevaluating
ChatterBot Whiskey reevaluating
ChatterBot Oscar reevaluating
ChatterBot Papa reevaluating
ChatterBot Yankee reevaluating
ChatterBot Lima reevaluating
ChatterBot Oscar reevaluating
ChatterBot Papa reevaluating
ChatterBot Yankee reevaluating
ChatterBot Lima reevaluating
ChatterBot Whiskey reevaluating
randomSelections Tango: {Tango, Oscar, Papa, India, Whiskey, Zulu} 
2024-10-14 22:28:16.136202 Tango: Let's form a team
ChatterBot Oscar reevaluating
ChatterBot Papa reevaluating
ChatterBot India reevaluating
ChatterBot Whiskey reevaluating
ChatterBot Zulu reevaluating
2024-10-14 22:28:16.147732 Oscar: No
2024-10-14 22:28:16.148252 Papa: No
2024-10-14 22:28:16.149766 India: Yes
2024-10-14 22:28:16.150205 Whiskey: No
2024-10-14 22:28:16.150731 Zulu: Yes
ChatterBot Papa reevaluating
ChatterBot India reevaluating
ChatterBot Whiskey reevaluating
ChatterBot Zulu reevaluating
ChatterBot Oscar reevaluating
ChatterBot India reevaluating
ChatterBot Whiskey reevaluating
ChatterBot Zulu reevaluating
ChatterBot Oscar reevaluating
ChatterBot Papa reevaluating
ChatterBot Whiskey reevaluating
ChatterBot Zulu reevaluating
ChatterBot Oscar reevaluating
ChatterBot Papa reevaluating
ChatterBot India reevaluating
ChatterBot Zulu reevaluating
ChatterBot Oscar reevaluating
ChatterBot Papa reevaluating
ChatterBot India reevaluating
ChatterBot Whiskey reevaluating
randomSelections Echo: {Echo, Zulu, India, Lima, Papa, Tango, Oscar} 
2024-10-14 22:28:16.244279 Echo: Can we be friends?
ChatterBot Zulu reevaluating
ChatterBot India reevaluating
ChatterBot Lima reevaluating
ChatterBot Papa reevaluating
ChatterBot Oscar reevaluating
2024-10-14 22:28:16.264059 Zulu: No
2024-10-14 22:28:16.264333 India: No
2024-10-14 22:28:16.264505 Lima: No
2024-10-14 22:28:16.265742 Papa: No
2024-10-14 22:28:16.265915 Tango: No
2024-10-14 22:28:16.266179 Oscar: No
ChatterBot India reevaluating
ChatterBot Lima reevaluating
ChatterBot Papa reevaluating
ChatterBot Oscar reevaluating
ChatterBot Zulu reevaluating
ChatterBot Lima reevaluating
ChatterBot Papa reevaluating
ChatterBot Oscar reevaluating
ChatterBot Zulu reevaluating
ChatterBot India reevaluating
ChatterBot Papa reevaluating
ChatterBot Oscar reevaluating
ChatterBot Zulu reevaluating
ChatterBot India reevaluating
ChatterBot Lima reevaluating
ChatterBot Oscar reevaluating
ChatterBot Zulu reevaluating
ChatterBot India reevaluating
ChatterBot Lima reevaluating
ChatterBot Papa reevaluating
ChatterBot Oscar reevaluating
ChatterBot Zulu reevaluating
ChatterBot India reevaluating
ChatterBot Lima reevaluating
ChatterBot Papa reevaluating
2024-10-14 22:28:16.343674 Zulu: Oscar and Papa, sending you 5
2024-10-14 22:28:16.344196 Echo: Lima and Tango, sending you 4
2024-10-14 22:28:16.345696 Yankee: Lima, Papa and Whiskey, sending you 2
2024-10-14 22:28:16.347671 Zulu: Tango and India, sending you 2
2024-10-14 22:28:16.348546 Echo: Oscar, sending you 2
2024-10-14 22:28:16.348945 Tango: Oscar and India, sending you 2
2024-10-14 22:28:16.349279 Whiskey: Lima, sending you 3
2024-10-14 22:28:16.350692 Foxtrot: Oscar and Yankee, sending you 6
2024-10-14 22:28:16.351044 Yankee: Oscar, sending you 3
2024-10-14 22:28:16.351273 Zulu: Whiskey, sending you 4
2024-10-14 22:28:16.352170 Tango: Papa, sending you 4
2024-10-14 22:28:16.353986 Echo: Papa and India, sending you 3
2024-10-14 22:28:16.354278 Whiskey: Oscar, sending you 2
2024-10-14 22:28:16.354516 Papa: Lima, sending you 1
2024-10-14 22:28:16.355359 Yankee: Foxtrot, sending you 5
2024-10-14 22:28:16.356219 Lima: Oscar, Papa and Yankee, sending you 1
2024-10-14 22:28:16.357195 Foxtrot: Papa, sending you 1
2024-10-14 22:28:16.357494 Tango: Whiskey, sending you 3
2024-10-14 22:28:16.357827 Oscar: Lima and Yankee, sending you 1
2024-10-14 22:28:16.358749 Echo: Zulu, sending you 1
2024-10-14 22:28:16.359087 Whiskey: Foxtrot, Papa and Yankee, sending you 1
2024-10-14 22:28:16.360373 Papa: Oscar, Yankee and Whiskey, sending you 4
2024-10-14 22:28:16.360739 Lima: Foxtrot and Whiskey, sending you 2
2024-10-14 22:28:16.361074 Foxtrot: Whiskey, sending you 3
2024-10-14 22:28:16.362669 Tango: Zulu, sending you 5
2024-10-14 22:28:16.363515 Oscar: Foxtrot, sending you 3
2024-10-14 22:28:16.365678 Papa: Foxtrot, sending you 3
2024-10-14 22:28:16.367918 Oscar: Whiskey, sending you 2
chatterbot Lima submitting transactions
chatterbot Papa submitting transactions
chatterbot India submitting transactions
chatterbot Echo submitting transactions
chatterbot Zulu submitting transactions
chatterbot Oscar submitting transactions
chatterbot Tango submitting transactions
chatterbot Yankee submitting transactions
chatterbot Foxtrot submitting transactions
chatterbot Whiskey submitting transactions
ChatterBot Lima round 2
ChatterBot Oscar round 2
ChatterBot Foxtrot round 2
ChatterBot Tango round 2
ChatterBot Echo round 2
ChatterBot Papa round 2
ChatterBot India round 2
ChatterBot Yankee round 2
ChatterBot Whiskey round 2
ChatterBot Zulu round 2
2024-10-14 22:28:20.282230 Tango: We should group up
ChatterBot Echo reevaluating
ChatterBot India reevaluating
ChatterBot Zulu reevaluating
ChatterBot Papa reevaluating
2024-10-14 22:28:20.362289 Echo: No
2024-10-14 22:28:20.362510 India: Yes
2024-10-14 22:28:20.362698 Zulu: Yes
2024-10-14 22:28:20.362876 Papa: No
ChatterBot India reevaluating
ChatterBot Zulu reevaluating
ChatterBot Papa reevaluating
ChatterBot Echo reevaluating
ChatterBot Zulu reevaluating
ChatterBot Papa reevaluating
ChatterBot Tango reevaluating
ChatterBot Echo reevaluating
ChatterBot India reevaluating
ChatterBot Papa reevaluating
ChatterBot Tango reevaluating
ChatterBot Echo reevaluating
ChatterBot India reevaluating
ChatterBot Zulu reevaluating
2024-10-14 22:28:20.474859 Papa: We should add Echo
ChatterBot Foxtrot reevaluating
ChatterBot Yankee reevaluating
ChatterBot Whiskey reevaluating
2024-10-14 22:28:20.491765 Foxtrot: Yes
2024-10-14 22:28:20.492075 Yankee: No
2024-10-14 22:28:20.492241 Lima: No
2024-10-14 22:28:20.492477 Whiskey: No
2024-10-14 22:28:20.493178 Oscar: No
ChatterBot Papa reevaluating
ChatterBot Yankee reevaluating
ChatterBot Whiskey reevaluating
ChatterBot Foxtrot reevaluating
ChatterBot Papa reevaluating
ChatterBot Whiskey reevaluating
ChatterBot Foxtrot reevaluating
ChatterBot Papa reevaluating
ChatterBot Yankee reevaluating
ChatterBot Whiskey reevaluating
ChatterBot Foxtrot reevaluating
ChatterBot Papa reevaluating
ChatterBot Yankee reevaluating
ChatterBot Foxtrot reevaluating
ChatterBot Papa reevaluating
ChatterBot Yankee reevaluating
ChatterBot Whiskey reevaluating
2024-10-14 22:28:20.581224 Papa: We should add Zulu
ChatterBot Foxtrot reevaluating
ChatterBot Yankee reevaluating
ChatterBot Whiskey reevaluating
2024-10-14 22:28:20.597883 Foxtrot: No
2024-10-14 22:28:20.598121 Yankee: No
2024-10-14 22:28:20.598775 Lima: No
2024-10-14 22:28:20.598920 Whiskey: Yes
2024-10-14 22:28:20.599063 Oscar: No
ChatterBot Papa reevaluating
ChatterBot Yankee reevaluating
ChatterBot Whiskey reevaluating
ChatterBot Foxtrot reevaluating
ChatterBot Papa reevaluating
ChatterBot Whiskey reevaluating
ChatterBot Foxtrot reevaluating
ChatterBot Papa reevaluating
ChatterBot Yankee reevaluating
ChatterBot Whiskey reevaluating
ChatterBot Foxtrot reevaluating
ChatterBot Papa reevaluating
ChatterBot Yankee reevaluating
ChatterBot Foxtrot reevaluating
ChatterBot Papa reevaluating
ChatterBot Yankee reevaluating
ChatterBot Whiskey reevaluating
2024-10-14 22:28:20.712752 Papa: Zulu we want you to join our group
ChatterBot Zulu reevaluating
2024-10-14 22:28:20.716570 Zulu: No
ChatterBot Papa reevaluating
ChatterBot Foxtrot reevaluating
2024-10-14 22:28:21.580115 Echo: Tango, sending you 5
2024-10-14 22:28:21.581219 Lima: Oscar and Papa, sending you 3
2024-10-14 22:28:21.581679 Tango: Echo, sending you 10
2024-10-14 22:28:21.581905 Oscar: Lima, sending you 1
2024-10-14 22:28:21.582324 Papa: Echo we want you to join our group
2024-10-14 22:28:21.585653 Echo: No
ChatterBot Foxtrot reevaluating
chatterbot Oscar submitting transactions
chatterbot Lima submitting transactions
chatterbot Tango submitting transactions
2024-10-14 22:28:21.607287 Echo: Papa, India and Zulu, sending you 4
2024-10-14 22:28:21.607747 Lima: Yankee, sending you 5
2024-10-14 22:28:21.608319 Tango: India, sending you 2
2024-10-14 22:28:21.609204 Oscar: Foxtrot and Yankee, sending you 4
2024-10-14 22:28:21.609576 India: Tango and Zulu, sending you 4
2024-10-14 22:28:21.609897 Yankee: Lima, Oscar and Whiskey, sending you 2
2024-10-14 22:28:21.610778 Whiskey: Lima, Oscar and Yankee, sending you 2
2024-10-14 22:28:21.611164 Lima: Whiskey, sending you 6
2024-10-14 22:28:21.617726 Tango: Zulu, sending you 6
2024-10-14 22:28:21.618064 Zulu: Tango, sending you 13
2024-10-14 22:28:21.618410 India: Echo, sending you 6
2024-10-14 22:28:21.619059 Oscar: Papa, sending you 5
2024-10-14 22:28:21.619409 Yankee: Foxtrot, sending you 5
2024-10-14 22:28:21.619742 Whiskey: Foxtrot, sending you 4
2024-10-14 22:28:21.625700 Zulu: Echo, sending you 3
2024-10-14 22:28:21.626055 India: Papa, sending you 3
2024-10-14 22:28:21.626318 Oscar: Whiskey, sending you 2
2024-10-14 22:28:21.626724 Yankee: Papa, sending you 4
2024-10-14 22:28:21.627493 Whiskey: Papa, sending you 6
2024-10-14 22:28:21.627866 Papa: Lima, Foxtrot and Whiskey, sending you 2
2024-10-14 22:28:21.632597 Zulu: Papa and India, sending you 1
2024-10-14 22:28:21.633376 Foxtrot: Lima, sending you 3
2024-10-14 22:28:21.633821 Papa: Echo, sending you 5
2024-10-14 22:28:21.640056 Papa: Yankee, sending you 4
2024-10-14 22:28:21.641232 Foxtrot: Oscar and Papa, sending you 4
2024-10-14 22:28:21.646679 Foxtrot: Yankee, sending you 5
2024-10-14 22:28:21.652850 Foxtrot: Whiskey, sending you 2
chatterbot Echo submitting transactions
chatterbot Whiskey submitting transactions
chatterbot Yankee submitting transactions
chatterbot Zulu submitting transactions
chatterbot Papa submitting transactions
chatterbot India submitting transactions
chatterbot Foxtrot submitting transactions
ChatterBot Lima round 3
ChatterBot Oscar round 3
ChatterBot Foxtrot round 3
ChatterBot Tango round 3
ChatterBot Echo round 3
ChatterBot Papa round 3
ChatterBot India round 3
ChatterBot Yankee round 3
ChatterBot Whiskey round 3
ChatterBot Zulu round 3
2024-10-14 22:28:22.894264 Papa: We should drop Echo
2024-10-14 22:28:22.910633 Foxtrot: Yes
2024-10-14 22:28:22.910843 Yankee: Yes
2024-10-14 22:28:22.911017 Lima: Yes
2024-10-14 22:28:22.911578 Whiskey: Yes
2024-10-14 22:28:22.911750 Oscar: Yes
2024-10-14 22:28:22.982862 India: We should drop Papa
ChatterBot Echo reevaluating
2024-10-14 22:28:22.990133 Zulu: Yes
2024-10-14 22:28:22.990267 Tango: Yes
2024-10-14 22:28:22.990405 Echo: Yes
ChatterBot Echo reevaluating
ChatterBot Echo reevaluating
2024-10-14 22:28:23.014692 Oscar: Lima, Papa, Yankee and Whiskey, sending you 3
2024-10-14 22:28:23.015235 Foxtrot: Lima, sending you 2
2024-10-14 22:28:23.015663 Lima: Oscar, sending you 2
2024-10-14 22:28:23.016115 Tango: Echo, sending you 5
2024-10-14 22:28:23.018674 Oscar: Foxtrot, sending you 5
2024-10-14 22:28:23.019513 Foxtrot: Oscar and Whiskey, sending you 4
2024-10-14 22:28:23.019844 Lima: Foxtrot and Papa, sending you 3
2024-10-14 22:28:23.020177 Tango: India, sending you 4
2024-10-14 22:28:23.023678 Papa: Lima, sending you 2
2024-10-14 22:28:23.024235 Foxtrot: Papa, sending you 3
2024-10-14 22:28:23.024717 Lima: Yankee, sending you 4
2024-10-14 22:28:23.025056 Tango: Zulu, sending you 9
2024-10-14 22:28:23.025815 Yankee: Lima, Oscar and Papa, sending you 3
2024-10-14 22:28:23.027671 Whiskey: Lima, sending you 5
2024-10-14 22:28:23.028607 Lima: Whiskey, sending you 6
2024-10-14 22:28:23.029054 Zulu: Tango, sending you 9
2024-10-14 22:28:23.029304 Papa: Oscar, Foxtrot and Yankee, sending you 3
2024-10-14 22:28:23.029710 Foxtrot: Yankee, sending you 5
2024-10-14 22:28:23.030205 India: Tango and Echo, sending you 6
2024-10-14 22:28:23.030455 Yankee: Foxtrot, sending you 4
2024-10-14 22:28:23.031672 Whiskey: Oscar, Foxtrot and Papa, sending you 3
2024-10-14 22:28:23.032678 Zulu: Echo, sending you 4
2024-10-14 22:28:23.033652 India: Zulu, sending you 5
2024-10-14 22:28:23.033931 Yankee: Whiskey, sending you 2
2024-10-14 22:28:23.034855 Papa: Whiskey, sending you 5
2024-10-14 22:28:23.035352 Whiskey: Yankee, sending you 2
2024-10-14 22:28:23.037666 Zulu: India, sending you 5
chatterbot Foxtrot submitting transactions
chatterbot Whiskey submitting transactions
chatterbot Oscar submitting transactions
chatterbot Tango submitting transactions
chatterbot Zulu submitting transactions
chatterbot Lima submitting transactions
chatterbot Yankee submitting transactions
chatterbot Papa submitting transactions
chatterbot India submitting transactions
chatterbot Echo submitting transactions
ChatterBot Lima round 4
ChatterBot Oscar round 4
ChatterBot Foxtrot round 4
ChatterBot Tango round 4
ChatterBot Echo round 4
ChatterBot Papa round 4
ChatterBot India round 4
ChatterBot Yankee round 4
ChatterBot Whiskey round 4
ChatterBot Zulu round 4
2024-10-14 22:28:24.212405 Echo: We should drop Papa
2024-10-14 22:28:24.221071 Zulu: Yes
2024-10-14 22:28:24.221246 Tango: Yes
2024-10-14 22:28:24.221387 India: Yes
2024-10-14 22:28:24.245045 Lima: Oscar, Foxtrot and Papa, sending you 3
2024-10-14 22:28:24.247667 Lima: Yankee, sending you 4
2024-10-14 22:28:24.248686 Tango: Echo, sending you 6
2024-10-14 22:28:24.249019 Yankee: Lima, Oscar and Papa, sending you 3
2024-10-14 22:28:24.249557 Foxtrot: Lima, sending you 2
2024-10-14 22:28:24.250063 Papa: Lima, sending you 2
2024-10-14 22:28:24.250506 Oscar: Lima, Papa and Whiskey, sending you 3
2024-10-14 22:28:24.252667 Lima: Whiskey, sending you 6
2024-10-14 22:28:24.253536 Yankee: Foxtrot, sending you 4
2024-10-14 22:28:24.254053 Tango: India, sending you 5
2024-10-14 22:28:24.254302 Foxtrot: Oscar and Yankee, sending you 5
2024-10-14 22:28:24.254717 Papa: Oscar, Foxtrot and Yankee, sending you 3
2024-10-14 22:28:24.255136 Oscar: Foxtrot, sending you 5
2024-10-14 22:28:24.256673 Yankee: Whiskey, sending you 2
2024-10-14 22:28:24.257322 Zulu: Tango, sending you 9
2024-10-14 22:28:24.257643 Tango: Zulu, sending you 7
2024-10-14 22:28:24.258681 Foxtrot: Papa and Whiskey, sending you 3
2024-10-14 22:28:24.259189 Oscar: Yankee, sending you 4
2024-10-14 22:28:24.259694 Papa: Whiskey, sending you 5
2024-10-14 22:28:24.260736 Whiskey: Lima, sending you 5
2024-10-14 22:28:24.261447 Echo: Tango, sending you 8
2024-10-14 22:28:24.261895 Zulu: Echo, sending you 4
2024-10-14 22:28:24.263641 Whiskey: Oscar and Foxtrot, sending you 3
2024-10-14 22:28:24.264652 India: Tango and Zulu, sending you 5
2024-10-14 22:28:24.265533 Zulu: India, sending you 5
2024-10-14 22:28:24.265853 Echo: India, sending you 6
2024-10-14 22:28:24.267676 Whiskey: Papa, sending you 4
2024-10-14 22:28:24.268269 India: Echo, sending you 7
2024-10-14 22:28:24.269701 Echo: Zulu, sending you 3
2024-10-14 22:28:24.272978 Whiskey: Yankee, sending you 1
chatterbot Papa submitting transactions
chatterbot Whiskey submitting transactions
chatterbot India submitting transactions
chatterbot Yankee submitting transactions
chatterbot Tango submitting transactions
chatterbot Foxtrot submitting transactions
chatterbot Oscar submitting transactions
chatterbot Zulu submitting transactions
chatterbot Echo submitting transactions
chatterbot Lima submitting transactions
ChatterBot Lima round 5
ChatterBot Oscar round 5
ChatterBot Foxtrot round 5
ChatterBot Tango round 5
ChatterBot Echo round 5
ChatterBot Papa round 5
ChatterBot India round 5
ChatterBot Yankee round 5
ChatterBot Whiskey round 5
ChatterBot Zulu round 5
2024-10-14 22:28:25.452688 Foxtrot: Lima, Papa and Whiskey, sending you 3
2024-10-14 22:28:25.453474 Lima: Oscar, Foxtrot and Papa, sending you 3
2024-10-14 22:28:25.455683 Foxtrot: Oscar, sending you 5
2024-10-14 22:28:25.457666 Lima: Yankee, sending you 4
2024-10-14 22:28:25.458662 Tango: Echo, sending you 6
2024-10-14 22:28:25.459669 Foxtrot: Yankee, sending you 4
2024-10-14 22:28:25.461021 India: Tango and Echo, sending you 6
2024-10-14 22:28:25.461678 Tango: India, sending you 5
2024-10-14 22:28:25.462680 Lima: Whiskey, sending you 6
2024-10-14 22:28:25.464106 Oscar: Lima, sending you 2
2024-10-14 22:28:25.464766 India: Zulu, sending you 5
2024-10-14 22:28:25.465060 Tango: Zulu, sending you 7
2024-10-14 22:28:25.465671 Yankee: Lima, Oscar and Papa, sending you 3
2024-10-14 22:28:25.467685 Echo: Tango, sending you 8
2024-10-14 22:28:25.468675 Oscar: Foxtrot, sending you 5
2024-10-14 22:28:25.469489 Zulu: Tango, sending you 9
2024-10-14 22:28:25.470288 Papa: Lima, Oscar, Foxtrot and Yankee, sending you 3
2024-10-14 22:28:25.470890 Yankee: Foxtrot, sending you 4
2024-10-14 22:28:25.471495 Echo: India, sending you 6
2024-10-14 22:28:25.473045 Whiskey: Lima, sending you 5
2024-10-14 22:28:25.473650 Oscar: Papa, sending you 3
2024-10-14 22:28:25.474051 Zulu: Echo, sending you 4
2024-10-14 22:28:25.474660 Papa: Whiskey, sending you 4
2024-10-14 22:28:25.475949 Yankee: Whiskey, sending you 2
2024-10-14 22:28:25.476671 Echo: Zulu, sending you 3
2024-10-14 22:28:25.477057 Whiskey: Oscar and Foxtrot, sending you 3
2024-10-14 22:28:25.478904 Oscar: Yankee and Whiskey, sending you 4
2024-10-14 22:28:25.479535 Zulu: India, sending you 5
2024-10-14 22:28:25.482156 Whiskey: Papa, sending you 4
2024-10-14 22:28:25.485682 Whiskey: Yankee, sending you 1
chatterbot Zulu submitting transactions
chatterbot India submitting transactions
chatterbot Whiskey submitting transactions
chatterbot Papa submitting transactions
chatterbot Oscar submitting transactions
chatterbot Echo submitting transactions
chatterbot Foxtrot submitting transactions
chatterbot Lima submitting transactions
chatterbot Tango submitting transactions
chatterbot Yankee submitting transactions
ChatterBot Lima round 6
ChatterBot Oscar round 6
ChatterBot Foxtrot round 6
ChatterBot Tango round 6
ChatterBot Echo round 6
ChatterBot Papa round 6
ChatterBot India round 6
ChatterBot Yankee round 6
ChatterBot Whiskey round 6
ChatterBot Zulu round 6
2024-10-14 22:28:26.511659 Foxtrot: Lima, Papa and Whiskey, sending you 3
2024-10-14 22:28:26.514657 Tango: Echo, sending you 6
2024-10-14 22:28:26.516169 Foxtrot: Oscar, sending you 5
2024-10-14 22:28:26.517361 India: Tango and Echo, sending you 6
2024-10-14 22:28:26.517825 Echo: Tango, sending you 7
2024-10-14 22:28:26.520027 Tango: India, sending you 5
2024-10-14 22:28:26.520647 Echo: India, sending you 6
2024-10-14 22:28:26.521686 Foxtrot: Yankee, sending you 4
2024-10-14 22:28:26.522470 Oscar: Lima, sending you 2
2024-10-14 22:28:26.523085 India: Zulu, sending you 5
2024-10-14 22:28:26.523970 Yankee: Lima, Oscar and Papa, sending you 3
2024-10-14 22:28:26.524704 Lima: Oscar, Foxtrot and Papa, sending you 3
2024-10-14 22:28:26.525579 Tango: Zulu, sending you 7
2024-10-14 22:28:26.525871 Zulu: Tango, sending you 9
2024-10-14 22:28:26.526193 Echo: Zulu, sending you 4
2024-10-14 22:28:26.526487 Papa: Lima, Oscar, Foxtrot and Yankee, sending you 3
2024-10-14 22:28:26.527538 Oscar: Foxtrot, sending you 5
2024-10-14 22:28:26.528097 Yankee: Foxtrot, sending you 4
2024-10-14 22:28:26.528566 Lima: Yankee, sending you 4
2024-10-14 22:28:26.529081 Whiskey: Lima, sending you 5
2024-10-14 22:28:26.530668 Zulu: Echo, sending you 4
2024-10-14 22:28:26.531397 Yankee: Whiskey, sending you 2
2024-10-14 22:28:26.532133 Papa: Whiskey, sending you 4
2024-10-14 22:28:26.532922 Oscar: Papa, sending you 3
2024-10-14 22:28:26.533777 Whiskey: Oscar and Foxtrot, sending you 3
2024-10-14 22:28:26.534718 Lima: Whiskey, sending you 6
2024-10-14 22:28:26.535222 Zulu: India, sending you 5
2024-10-14 22:28:26.536667 Oscar: Yankee and Whiskey, sending you 4
2024-10-14 22:28:26.539670 Whiskey: Papa, sending you 4
2024-10-14 22:28:26.544680 Whiskey: Yankee, sending you 1
chatterbot Lima submitting transactions
chatterbot Papa submitting transactions
chatterbot India submitting transactions
chatterbot Zulu submitting transactions
chatterbot Foxtrot submitting transactions
chatterbot Echo submitting transactions
chatterbot Yankee submitting transactions
chatterbot Whiskey submitting transactions
chatterbot Oscar submitting transactions
chatterbot Tango submitting transactions
ChatterBot Lima round 7
ChatterBot Oscar round 7
ChatterBot Foxtrot round 7
ChatterBot Tango round 7
ChatterBot Echo round 7
ChatterBot Papa round 7
ChatterBot India round 7
ChatterBot Yankee round 7
ChatterBot Whiskey round 7
ChatterBot Zulu round 7
2024-10-14 22:28:27.797661 Oscar: Lima, sending you 2
2024-10-14 22:28:27.801665 Oscar: Foxtrot, sending you 5
2024-10-14 22:28:27.804671 Whiskey: Lima, sending you 5
2024-10-14 22:28:27.806142 Oscar: Papa, sending you 3
2024-10-14 22:28:27.807265 Papa: Lima, Oscar, Foxtrot and Yankee, sending you 3
2024-10-14 22:28:27.808914 Tango: Echo, sending you 6
2024-10-14 22:28:27.809662 Whiskey: Oscar and Foxtrot, sending you 3
2024-10-14 22:28:27.810703 Oscar: Yankee and Whiskey, sending you 4
2024-10-14 22:28:27.812434 Echo: Tango, sending you 7
2024-10-14 22:28:27.813016 Lima: Oscar, Foxtrot and Papa, sending you 3
2024-10-14 22:28:27.814627 Zulu: Tango, sending you 9
2024-10-14 22:28:27.815276 Papa: Whiskey, sending you 4
2024-10-14 22:28:27.816273 Tango: India, sending you 5
2024-10-14 22:28:27.817135 Foxtrot: Lima, Papa and Whiskey, sending you 3
2024-10-14 22:28:27.817781 Whiskey: Papa, sending you 4
2024-10-14 22:28:27.818488 Echo: India, sending you 6
2024-10-14 22:28:27.818818 Lima: Yankee, sending you 4
2024-10-14 22:28:27.820056 Yankee: Lima, Oscar and Papa, sending you 3
2024-10-14 22:28:27.820886 Zulu: Echo, sending you 4
2024-10-14 22:28:27.821414 India: Tango and Echo, sending you 6
2024-10-14 22:28:27.821847 Foxtrot: Oscar, sending you 5
2024-10-14 22:28:27.822892 Tango: Zulu, sending you 7
2024-10-14 22:28:27.823377 Whiskey: Yankee, sending you 1
2024-10-14 22:28:27.823968 Echo: Zulu, sending you 4
2024-10-14 22:28:27.824278 Yankee: Foxtrot, sending you 4
2024-10-14 22:28:27.824861 Lima: Whiskey, sending you 6
2024-10-14 22:28:27.826033 Zulu: India, sending you 5
2024-10-14 22:28:27.826386 India: Zulu, sending you 5
2024-10-14 22:28:27.827680 Foxtrot: Yankee, sending you 4
2024-10-14 22:28:27.828505 Yankee: Whiskey, sending you 2
chatterbot Papa submitting transactions
chatterbot Whiskey submitting transactions
chatterbot Oscar submitting transactions
chatterbot Tango submitting transactions
chatterbot Zulu submitting transactions
chatterbot India submitting transactions
chatterbot Foxtrot submitting transactions
chatterbot Echo submitting transactions
chatterbot Yankee submitting transactions
chatterbot Lima submitting transactions
ChatterBot Lima round 8
ChatterBot Oscar round 8
ChatterBot Foxtrot round 8
ChatterBot Tango round 8
ChatterBot Echo round 8
ChatterBot Papa round 8
ChatterBot India round 8
ChatterBot Yankee round 8
ChatterBot Whiskey round 8
ChatterBot Zulu round 8
2024-10-14 22:28:29.074680 Tango: Echo, sending you 6
2024-10-14 22:28:29.076673 Lima: Oscar, Foxtrot and Papa, sending you 3
2024-10-14 22:28:29.077767 Oscar: Lima, Papa and Yankee, sending you 3
2024-10-14 22:28:29.080685 Tango: India, sending you 5
2024-10-14 22:28:29.081205 Zulu: Tango, sending you 9
2024-10-14 22:28:29.081693 Oscar: Foxtrot, sending you 5
2024-10-14 22:28:29.083342 Echo: Tango, sending you 7
2024-10-14 22:28:29.083928 Lima: Yankee, sending you 4
2024-10-14 22:28:29.084986 Papa: Lima, Oscar, Foxtrot and Yankee, sending you 3
2024-10-14 22:28:29.086717 Tango: Zulu, sending you 7
2024-10-14 22:28:29.087387 Zulu: Echo, sending you 4
2024-10-14 22:28:29.087981 Oscar: Whiskey, sending you 4
2024-10-14 22:28:29.089706 Lima: Whiskey, sending you 6
2024-10-14 22:28:29.090884 Echo: India, sending you 6
2024-10-14 22:28:29.091483 Papa: Whiskey, sending you 4
2024-10-14 22:28:29.092550 Foxtrot: Lima, Papa and Whiskey, sending you 3
2024-10-14 22:28:29.094356 Zulu: India, sending you 5
2024-10-14 22:28:29.094918 India: Tango and Echo, sending you 6
2024-10-14 22:28:29.095725 Echo: Zulu, sending you 4
2024-10-14 22:28:29.098680 Foxtrot: Oscar, sending you 5
2024-10-14 22:28:29.099650 Whiskey: Lima, sending you 5
2024-10-14 22:28:29.100822 Yankee: Lima, Oscar and Papa, sending you 3
2024-10-14 22:28:29.101723 India: Zulu, sending you 5
2024-10-14 22:28:29.102667 Foxtrot: Yankee, sending you 4
2024-10-14 22:28:29.105670 Whiskey: Oscar and Foxtrot, sending you 3
2024-10-14 22:28:29.106675 Yankee: Foxtrot, sending you 4
2024-10-14 22:28:29.111032 Whiskey: Papa, sending you 4
2024-10-14 22:28:29.111830 Yankee: Whiskey, sending you 2
2024-10-14 22:28:29.115659 Whiskey: Yankee, sending you 1
chatterbot Tango submitting transactions
chatterbot Lima submitting transactions
chatterbot Yankee submitting transactions
chatterbot Papa submitting transactions
chatterbot Foxtrot submitting transactions
chatterbot India submitting transactions
chatterbot Zulu submitting transactions
chatterbot Oscar submitting transactions
chatterbot Whiskey submitting transactions
chatterbot Echo submitting transactions
ChatterBot Lima round 9
ChatterBot Oscar round 9
ChatterBot Foxtrot round 9
ChatterBot Tango round 9
ChatterBot Echo round 9
ChatterBot Papa round 9
ChatterBot India round 9
ChatterBot Yankee round 9
ChatterBot Whiskey round 9
ChatterBot Zulu round 9
2024-10-14 22:28:30.301660 Foxtrot: Lima, Papa and Whiskey, sending you 3
2024-10-14 22:28:30.302713 Echo: Tango, sending you 7
2024-10-14 22:28:30.306682 Echo: India, sending you 6
2024-10-14 22:28:30.307693 Foxtrot: Oscar, sending you 5
2024-10-14 22:28:30.309399 Oscar: Lima, Papa and Yankee, sending you 3
2024-10-14 22:28:30.310176 Papa: Lima, Oscar, Foxtrot and Yankee, sending you 3
2024-10-14 22:28:30.311054 Lima: Oscar, Foxtrot and Papa, sending you 3
2024-10-14 22:28:30.312040 Echo: Zulu, sending you 4
2024-10-14 22:28:30.313301 Yankee: Lima, Oscar and Papa, sending you 3
2024-10-14 22:28:30.314214 Foxtrot: Yankee, sending you 4
2024-10-14 22:28:30.315647 Oscar: Foxtrot, sending you 6
2024-10-14 22:28:30.317456 Papa: Whiskey, sending you 4
2024-10-14 22:28:30.318645 Whiskey: Lima, sending you 5
2024-10-14 22:28:30.319467 Lima: Yankee, sending you 4
2024-10-14 22:28:30.320887 India: Tango and Echo, sending you 6
2024-10-14 22:28:30.321502 Tango: Echo, sending you 6
2024-10-14 22:28:30.322075 Yankee: Foxtrot, sending you 4
2024-10-14 22:28:30.322845 Oscar: Whiskey, sending you 4
2024-10-14 22:28:30.324224 Whiskey: Oscar and Foxtrot, sending you 3
2024-10-14 22:28:30.324963 India: Zulu, sending you 5
2024-10-14 22:28:30.325346 Lima: Whiskey, sending you 6
2024-10-14 22:28:30.326047 Yankee: Whiskey, sending you 2
2024-10-14 22:28:30.326759 Tango: India, sending you 5
2024-10-14 22:28:30.327764 Whiskey: Papa, sending you 4
2024-10-14 22:28:30.328924 Zulu: Tango, sending you 9
2024-10-14 22:28:30.332651 Tango: Zulu, sending you 7
2024-10-14 22:28:30.333684 Whiskey: Yankee, sending you 1
2024-10-14 22:28:30.334786 Zulu: Echo, sending you 4
2024-10-14 22:28:30.339687 Zulu: India, sending you 5
chatterbot Papa submitting transactions
chatterbot India submitting transactions
chatterbot Tango submitting transactions
chatterbot Echo submitting transactions
chatterbot Yankee submitting transactions
chatterbot Zulu submitting transactions
chatterbot Oscar submitting transactions
chatterbot Whiskey submitting transactions
chatterbot Foxtrot submitting transactions
chatterbot Lima submitting transactions
ChatterBot Lima round 10
ChatterBot Oscar round 10
ChatterBot Foxtrot round 10
ChatterBot Tango round 10
ChatterBot Echo round 10
ChatterBot Papa round 10
ChatterBot India round 10
ChatterBot Yankee round 10
ChatterBot Whiskey round 10
ChatterBot Zulu round 10
2024-10-14 22:28:31.495678 Lima: Oscar, Foxtrot, Papa and Yankee, sending you 3
2024-10-14 22:28:31.498680 Foxtrot: Lima, Papa and Whiskey, sending you 3
2024-10-14 22:28:31.500176 Yankee: Lima, Oscar and Papa, sending you 3
2024-10-14 22:28:31.500874 India: Tango and Echo, sending you 6
2024-10-14 22:28:31.501380 Tango: Echo, sending you 6
2024-10-14 22:28:31.501691 Oscar: Lima, Papa and Yankee, sending you 3
2024-10-14 22:28:31.502269 Lima: Whiskey, sending you 7
2024-10-14 22:28:31.503280 Whiskey: Lima, sending you 5
2024-10-14 22:28:31.503857 Foxtrot: Oscar, sending you 5
2024-10-14 22:28:31.504412 India: Zulu, sending you 5
2024-10-14 22:28:31.504769 Zulu: Tango, sending you 9
2024-10-14 22:28:31.505682 Yankee: Foxtrot, sending you 4
2024-10-14 22:28:31.507236 Tango: India, sending you 5
2024-10-14 22:28:31.507668 Oscar: Foxtrot, sending you 6
2024-10-14 22:28:31.508559 Whiskey: Oscar and Foxtrot, sending you 3
2024-10-14 22:28:31.509689 Foxtrot: Yankee, sending you 4
2024-10-14 22:28:31.510420 Zulu: Echo, sending you 4
2024-10-14 22:28:31.510822 Papa: Lima, Oscar, Foxtrot and Yankee, sending you 3
2024-10-14 22:28:31.511542 Echo: Tango, sending you 7
2024-10-14 22:28:31.511929 Oscar: Whiskey, sending you 4
2024-10-14 22:28:31.513112 Yankee: Whiskey, sending you 2
2024-10-14 22:28:31.513871 Tango: Zulu, sending you 7
2024-10-14 22:28:31.514285 Whiskey: Papa, sending you 4
2024-10-14 22:28:31.514991 Zulu: India, sending you 5
2024-10-14 22:28:31.515381 Papa: Whiskey, sending you 4
2024-10-14 22:28:31.516234 Echo: India, sending you 6
2024-10-14 22:28:31.518688 Whiskey: Yankee, sending you 1
2024-10-14 22:28:31.520780 Echo: Zulu, sending you 4
chatterbot Yankee submitting transactions
chatterbot Whiskey submitting transactions
chatterbot Tango submitting transactions
chatterbot Foxtrot submitting transactions
chatterbot Oscar submitting transactions
chatterbot India submitting transactions
chatterbot Lima submitting transactions
chatterbot Papa submitting transactions
chatterbot Echo submitting transactions
chatterbot Zulu submitting transactions
ChatterBot Lima round 11
ChatterBot Oscar round 11
ChatterBot Foxtrot round 11
ChatterBot Tango round 11
ChatterBot Echo round 11
ChatterBot Papa round 11
ChatterBot India round 11
ChatterBot Yankee round 11
ChatterBot Whiskey round 11
ChatterBot Zulu round 11
2024-10-14 22:28:32.581388 Papa: Lima, Oscar, Foxtrot and Yankee, sending you 3
2024-10-14 22:28:32.582629 India: Tango and Echo, sending you 6
2024-10-14 22:28:32.584080 Foxtrot: Lima, Papa and Whiskey, sending you 3
2024-10-14 22:28:32.585359 Papa: Whiskey, sending you 4
2024-10-14 22:28:32.587714 Whiskey: Lima, sending you 5
2024-10-14 22:28:32.593380 India: Zulu, sending you 5
2024-10-14 22:28:32.594008 Foxtrot: Oscar, sending you 5
2024-10-14 22:28:32.595767 Oscar: Lima, Papa and Yankee, sending you 3
2024-10-14 22:28:32.597881 Whiskey: Oscar and Foxtrot, sending you 3
2024-10-14 22:28:32.599117 Lima: Oscar, Foxtrot, Papa and Yankee, sending you 3
2024-10-14 22:28:32.601239 Foxtrot: Yankee, sending you 4
2024-10-14 22:28:32.606341 Oscar: Foxtrot, sending you 6
2024-10-14 22:28:32.607931 Echo: Tango, sending you 7
2024-10-14 22:28:32.608570 Tango: Echo, sending you 6
2024-10-14 22:28:32.610136 Whiskey: Papa, sending you 4
2024-10-14 22:28:32.611238 Lima: Whiskey, sending you 7
2024-10-14 22:28:32.613051 Zulu: Tango, sending you 9
2024-10-14 22:28:32.616810 Oscar: Whiskey, sending you 4
2024-10-14 22:28:32.618067 Echo: India, sending you 6
2024-10-14 22:28:32.619320 Whiskey: Yankee, sending you 1
2024-10-14 22:28:32.621362 Tango: India, sending you 5
2024-10-14 22:28:32.621993 Zulu: Echo, sending you 4
2024-10-14 22:28:32.623677 Echo: Zulu, sending you 4
2024-10-14 22:28:32.627245 Tango: Zulu, sending you 7
2024-10-14 22:28:32.627934 Zulu: India, sending you 5
chatterbot Foxtrot submitting transactions
chatterbot Whiskey submitting transactions
chatterbot Papa submitting transactions
chatterbot Tango submitting transactions
chatterbot Lima submitting transactions
chatterbot India submitting transactions
chatterbot Yankee submitting transactions
chatterbot Echo submitting transactions
chatterbot Oscar submitting transactions
chatterbot Zulu submitting transactions
ChatterBot Lima round 12
ChatterBot Oscar round 12
ChatterBot Foxtrot round 12
ChatterBot Tango round 12
ChatterBot Echo round 12
ChatterBot Papa round 12
ChatterBot India round 12
ChatterBot Yankee round 12
ChatterBot Whiskey round 12
ChatterBot Zulu round 12
2024-10-14 22:28:33.831662 Lima: Oscar, Foxtrot, Papa and Yankee, sending you 3
2024-10-14 22:28:33.836658 Lima: Whiskey, sending you 7
2024-10-14 22:28:33.837718 Foxtrot: Lima, Papa and Yankee, sending you 3
2024-10-14 22:28:33.839026 Oscar: Lima, sending you 3
2024-10-14 22:28:33.840328 India: Tango and Echo, sending you 6
2024-10-14 22:28:33.841677 Foxtrot: Oscar, sending you 5
2024-10-14 22:28:33.842566 Yankee: Lima, Oscar and Papa, sending you 3
2024-10-14 22:28:33.843410 Papa: Lima, Oscar and Foxtrot, sending you 3
2024-10-14 22:28:33.844276 Oscar: Foxtrot, sending you 6
2024-10-14 22:28:33.845580 India: Zulu, sending you 5
2024-10-14 22:28:33.846016 Tango: I was attacked by Yankee
ChatterBot Zulu reevaluating
ChatterBot Echo reevaluating
ChatterBot India reevaluating
2024-10-14 22:28:33.854364 Tango: I'm keeping this round to protect myself
2024-10-14 22:28:33.855172 Tango: Ow
2024-10-14 22:28:33.856096 Echo: We should add Foxtrot
ChatterBot Zulu reevaluating
ChatterBot India reevaluating
2024-10-14 22:28:33.863805 Zulu: No
2024-10-14 22:28:33.863957 Tango: No
2024-10-14 22:28:33.864064 India: No
ChatterBot Echo reevaluating
ChatterBot India reevaluating
ChatterBot Zulu reevaluating
ChatterBot Echo reevaluating
ChatterBot India reevaluating
ChatterBot Zulu reevaluating
ChatterBot Echo reevaluating
2024-10-14 22:28:33.890238 Foxtrot: Whiskey, sending you 4
2024-10-14 22:28:33.891021 Yankee: Foxtrot, sending you 4
2024-10-14 22:28:33.892090 Papa: Yankee, sending you 2
2024-10-14 22:28:33.892781 Oscar: Papa and Whiskey, sending you 4
2024-10-14 22:28:33.895654 Yankee: Whiskey, sending you 2
2024-10-14 22:28:33.897575 Whiskey: Lima, sending you 5
2024-10-14 22:28:33.898487 Oscar: Yankee, sending you 2
2024-10-14 22:28:33.899707 Papa: Whiskey, sending you 5
2024-10-14 22:28:33.900748 Whiskey: Oscar and Foxtrot, sending you 3
2024-10-14 22:28:33.905676 Whiskey: Papa, sending you 4
2024-10-14 22:28:33.909712 Whiskey: Yankee, sending you 1
chatterbot Zulu submitting transactions
chatterbot Yankee submitting transactions
chatterbot Whiskey submitting transactions
chatterbot Lima submitting transactions
chatterbot Foxtrot submitting transactions
chatterbot Papa submitting transactions
chatterbot Tango submitting transactions
chatterbot Oscar submitting transactions
chatterbot Echo submitting transactions
chatterbot India submitting transactions
ChatterBot Lima round 13
ChatterBot Oscar round 13
ChatterBot Foxtrot round 13
ChatterBot Tango round 13
ChatterBot Echo round 13
ChatterBot Papa round 13
ChatterBot India round 13
ChatterBot Yankee round 13
ChatterBot Whiskey round 13
2024-10-14 22:28:35.040556 Echo: We should add Lima
ChatterBot Zulu reevaluating
2024-10-14 22:28:35.048945 Zulu: No
2024-10-14 22:28:35.049179 Tango: No
2024-10-14 22:28:35.049381 India: No
ChatterBot Echo reevaluating
ChatterBot Zulu reevaluating
ChatterBot Echo reevaluating
ChatterBot Zulu reevaluating
ChatterBot Echo reevaluating
ChatterBot Zulu round 13
2024-10-14 22:28:35.078786 India: We should add Oscar
ChatterBot Zulu reevaluating
ChatterBot Tango reevaluating
ChatterBot Echo reevaluating
2024-10-14 22:28:35.087127 Zulu: Yes
2024-10-14 22:28:35.087299 Tango: Yes
2024-10-14 22:28:35.087451 Echo: No
ChatterBot Tango reevaluating
ChatterBot Echo reevaluating
ChatterBot Zulu reevaluating
ChatterBot Echo reevaluating
ChatterBot Zulu reevaluating
ChatterBot Tango reevaluating
2024-10-14 22:28:35.130988 India: Oscar we want you to join our group
2024-10-14 22:28:35.134027 Oscar: No
ChatterBot India reevaluating
ChatterBot Tango reevaluating
ChatterBot Echo reevaluating
ChatterBot Zulu reevaluating
2024-10-14 22:28:35.151124 Lima: Oscar, Foxtrot, Papa and Yankee, sending you 3
2024-10-14 22:28:35.152544 Oscar: Lima, Papa and Yankee, sending you 3
2024-10-14 22:28:35.155172 Zulu: Oscar we want you to join our group
2024-10-14 22:28:35.159697 Oscar: No
ChatterBot India reevaluating
ChatterBot Zulu reevaluating
2024-10-14 22:28:35.177636 Echo: Oscar we want you to join our group
2024-10-14 22:28:35.181323 Oscar: No
ChatterBot India reevaluating
ChatterBot Zulu reevaluating
2024-10-14 22:28:35.200052 Lima: Whiskey, sending you 7
2024-10-14 22:28:35.202561 Oscar: Foxtrot, sending you 6
2024-10-14 22:28:35.205075 Foxtrot: Lima, Papa and Whiskey, sending you 3
2024-10-14 22:28:35.207358 Yankee: Lima, Oscar and Papa, sending you 3
2024-10-14 22:28:35.209248 Oscar: Whiskey, sending you 4
2024-10-14 22:28:35.211469 Papa: Lima, Oscar, Foxtrot and Yankee, sending you 3
2024-10-14 22:28:35.213712 Whiskey: Lima, sending you 5
2024-10-14 22:28:35.215350 Foxtrot: Oscar, sending you 5
2024-10-14 22:28:35.217235 Tango: Echo, sending you 6
2024-10-14 22:28:35.217680 Yankee: Foxtrot, sending you 4
2024-10-14 22:28:35.218570 Papa: Whiskey, sending you 4
2024-10-14 22:28:35.219348 Whiskey: Oscar and Foxtrot, sending you 3
2024-10-14 22:28:35.220756 Foxtrot: Yankee, sending you 4
2024-10-14 22:28:35.221682 Tango: India, sending you 5
2024-10-14 22:28:35.222674 Yankee: Whiskey, sending you 2
2024-10-14 22:28:35.224623 India: Tango, sending you 5
2024-10-14 22:28:35.225263 Whiskey: Papa, sending you 4
2024-10-14 22:28:35.227088 Tango: Zulu, sending you 7
2024-10-14 22:28:35.229676 India: Echo and Zulu, sending you 6
2024-10-14 22:28:35.230949 Whiskey: Yankee, sending you 1
chatterbot Yankee submitting transactions
chatterbot Foxtrot submitting transactions
chatterbot Oscar submitting transactions
chatterbot Echo submitting transactions
chatterbot Tango submitting transactions
chatterbot Whiskey submitting transactions
chatterbot Lima submitting transactions
chatterbot Papa submitting transactions
chatterbot India submitting transactions
chatterbot Zulu submitting transactions
ChatterBot Lima round 14
ChatterBot Oscar round 14
ChatterBot Foxtrot round 14
ChatterBot Tango round 14
ChatterBot Echo round 14
ChatterBot Papa round 14
ChatterBot India round 14
ChatterBot Yankee round 14
ChatterBot Whiskey round 14
ChatterBot Zulu round 14
2024-10-14 22:28:36.416945 Echo: We should add Oscar
ChatterBot Zulu reevaluating
ChatterBot Tango reevaluating
ChatterBot India reevaluating
2024-10-14 22:28:36.431848 Zulu: Yes
2024-10-14 22:28:36.432245 Tango: Yes
2024-10-14 22:28:36.433369 India: Yes
ChatterBot Tango reevaluating
ChatterBot India reevaluating
ChatterBot Zulu reevaluating
ChatterBot India reevaluating
ChatterBot Zulu reevaluating
ChatterBot Tango reevaluating
2024-10-14 22:28:36.502151 Echo: Oscar we want you to join our group
ChatterBot Oscar reevaluating
2024-10-14 22:28:36.508093 Oscar: No
ChatterBot India reevaluating
ChatterBot Tango reevaluating
ChatterBot Zulu reevaluating
2024-10-14 22:28:36.523273 Oscar: We should add India
ChatterBot Papa reevaluating
2024-10-14 22:28:36.537201 Foxtrot: No
