ChatterBot Whiskey round 1
ChatterBot X-ray round 1
ChatterBot Delta round 1
ChatterBot Quebec round 1
ChatterBot Papa round 1
ChatterBot Oscar round 1
ChatterBot Tango round 1
ChatterBot Kilo round 1
ChatterBot Hotel round 1
randomSelections Whiskey: {Whiskey, Delta, X-ray, Hotel, Zulu, Quebec} 
2024-10-14 22:28:15.710358 Whiskey: We should group up
ChatterBot Delta reevaluating
ChatterBot X-ray reevaluating
ChatterBot Hotel reevaluating
ChatterBot Quebec reevaluating
2024-10-14 22:28:15.719584 Delta: Yes
2024-10-14 22:28:15.719753 X-ray: Yes
2024-10-14 22:28:15.719865 Hotel: Yes
2024-10-14 22:28:15.720002 Quebec: Yes
ChatterBot X-ray reevaluating
ChatterBot Hotel reevaluating
ChatterBot Quebec reevaluating
ChatterBot Delta reevaluating
ChatterBot Hotel reevaluating
ChatterBot Quebec reevaluating
ChatterBot Delta reevaluating
ChatterBot X-ray reevaluating
ChatterBot Quebec reevaluating
ChatterBot Delta reevaluating
ChatterBot X-ray reevaluating
ChatterBot Hotel reevaluating
ChatterBot Zulu round 1
ChatterBot Zulu reevaluating
ChatterBot Zulu reevaluating
ChatterBot Zulu reevaluating
ChatterBot Zulu reevaluating
ChatterBot Zulu reevaluating
2024-10-14 22:28:15.769033 Zulu: Yes
ChatterBot Delta reevaluating
ChatterBot X-ray reevaluating
ChatterBot Hotel reevaluating
ChatterBot Quebec reevaluating
randomSelections Papa: {Papa, Delta, X-ray, Tango, Zulu, Kilo, Hotel, Oscar} 
2024-10-14 22:28:15.859486 Papa: Can we be friends?
ChatterBot Delta reevaluating
ChatterBot X-ray reevaluating
ChatterBot Tango reevaluating
ChatterBot Zulu reevaluating
ChatterBot Kilo reevaluating
ChatterBot Hotel reevaluating
ChatterBot Oscar reevaluating
2024-10-14 22:28:15.896431 Delta: No
2024-10-14 22:28:15.897236 X-ray: No
2024-10-14 22:28:15.897641 Tango: Yes
2024-10-14 22:28:15.897965 Zulu: No
2024-10-14 22:28:15.899455 Kilo: Yes
2024-10-14 22:28:15.899696 Hotel: No
2024-10-14 22:28:15.899951 Oscar: Yes
ChatterBot X-ray reevaluating
ChatterBot Tango reevaluating
ChatterBot Zulu reevaluating
ChatterBot Kilo reevaluating
ChatterBot Hotel reevaluating
ChatterBot Oscar reevaluating
ChatterBot Delta reevaluating
ChatterBot Tango reevaluating
ChatterBot Zulu reevaluating
ChatterBot Kilo reevaluating
ChatterBot Hotel reevaluating
ChatterBot Oscar reevaluating
ChatterBot Delta reevaluating
ChatterBot X-ray reevaluating
ChatterBot Zulu reevaluating
ChatterBot Kilo reevaluating
ChatterBot Hotel reevaluating
ChatterBot Oscar reevaluating
ChatterBot Delta reevaluating
ChatterBot X-ray reevaluating
ChatterBot Tango reevaluating
ChatterBot Kilo reevaluating
ChatterBot Hotel reevaluating
ChatterBot Oscar reevaluating
ChatterBot Delta reevaluating
ChatterBot X-ray reevaluating
ChatterBot Tango reevaluating
ChatterBot Zulu reevaluating
ChatterBot Hotel reevaluating
ChatterBot Oscar reevaluating
ChatterBot Delta reevaluating
ChatterBot X-ray reevaluating
ChatterBot Tango reevaluating
ChatterBot Zulu reevaluating
ChatterBot Kilo reevaluating
ChatterBot Oscar reevaluating
ChatterBot Delta reevaluating
ChatterBot X-ray reevaluating
ChatterBot Tango reevaluating
ChatterBot Zulu reevaluating
ChatterBot Kilo reevaluating
ChatterBot Hotel reevaluating
2024-10-14 22:28:16.080111 Whiskey: X-ray and Hotel, sending you 1
2024-10-14 22:28:16.084942 Delta: Whiskey and Zulu, sending you 2
2024-10-14 22:28:16.086506 Oscar: X-ray and Tango, sending you 3
2024-10-14 22:28:16.087414 Tango: X-ray, sending you 1
2024-10-14 22:28:16.089637 Whiskey: Delta and Zulu, sending you 3
2024-10-14 22:28:16.091608 X-ray: Whiskey, sending you 1
2024-10-14 22:28:16.092693 Oscar: Delta, sending you 4
2024-10-14 22:28:16.094506 Delta: X-ray, sending you 5
2024-10-14 22:28:16.095387 Tango: Papa, sending you 5
2024-10-14 22:28:16.097430 Whiskey: Quebec, sending you 6
2024-10-14 22:28:16.098337 X-ray: Delta, sending you 3
2024-10-14 22:28:16.100200 Kilo: X-ray, sending you 5
2024-10-14 22:28:16.101599 Papa: X-ray, Tango and Hotel, sending you 2
2024-10-14 22:28:16.103504 Zulu: X-ray and Hotel, sending you 1
2024-10-14 22:28:16.104575 Hotel: Whiskey, sending you 5
2024-10-14 22:28:16.107051 Oscar: Papa, Kilo and Zulu, sending you 2
2024-10-14 22:28:16.108068 Quebec: Whiskey, sending you 2
2024-10-14 22:28:16.108837 Delta: Quebec, sending you 7
2024-10-14 22:28:16.110641 Tango: Oscar and Hotel, sending you 3
2024-10-14 22:28:16.111443 X-ray: Quebec, sending you 4
2024-10-14 22:28:16.114004 Kilo: Delta and Tango, sending you 1
2024-10-14 22:28:16.116126 Papa: Oscar, sending you 4
2024-10-14 22:28:16.118667 Zulu: Delta and Quebec, sending you 2
2024-10-14 22:28:16.120711 Hotel: X-ray and Zulu, sending you 4
2024-10-14 22:28:16.122065 Oscar: Hotel, sending you 1
2024-10-14 22:28:16.124062 Quebec: X-ray and Delta, sending you 3
2024-10-14 22:28:16.125171 Delta: Hotel, sending you 1
2024-10-14 22:28:16.127696 Tango: Kilo, sending you 4
2024-10-14 22:28:16.130458 X-ray: Hotel and Zulu, sending you 5
2024-10-14 22:28:16.133089 Kilo: Papa and Oscar, sending you 2
2024-10-14 22:28:16.134064 Papa: Kilo, sending you 1
2024-10-14 22:28:16.136289 Hotel: Delta, sending you 1
2024-10-14 22:28:16.137578 Quebec: Hotel, sending you 4
2024-10-14 22:28:16.139777 Tango: Zulu, sending you 2
2024-10-14 22:28:16.140855 Kilo: Hotel and Zulu, sending you 3
2024-10-14 22:28:16.142878 Papa: Zulu, sending you 3
2024-10-14 22:28:16.145632 Hotel: Quebec, sending you 3
2024-10-14 22:28:16.147972 Quebec: Zulu, sending you 5
chatterbot Kilo submitting transactions
chatterbot Papa submitting transactions
chatterbot Tango submitting transactions
chatterbot Whiskey submitting transactions
chatterbot Oscar submitting transactions
chatterbot Zulu submitting transactions
chatterbot X-ray submitting transactions
chatterbot Delta submitting transactions
chatterbot Quebec submitting transactions
chatterbot Hotel submitting transactions
ChatterBot Whiskey round 2
ChatterBot X-ray round 2
ChatterBot Delta round 2
ChatterBot Quebec round 2
ChatterBot Papa round 2
ChatterBot Oscar round 2
ChatterBot Tango round 2
ChatterBot Kilo round 2
ChatterBot Hotel round 2
ChatterBot Zulu round 2
2024-10-14 22:28:19.160264 Papa: We should group up
ChatterBot Oscar reevaluating
ChatterBot Tango reevaluating
ChatterBot Kilo reevaluating
2024-10-14 22:28:19.173045 Oscar: Yes
2024-10-14 22:28:19.173249 Tango: Yes
2024-10-14 22:28:19.173433 Kilo: Yes
ChatterBot Tango reevaluating
ChatterBot Kilo reevaluating
ChatterBot Oscar reevaluating
ChatterBot Kilo reevaluating
ChatterBot Oscar reevaluating
ChatterBot Tango reevaluating
2024-10-14 22:28:19.248647 Whiskey: X-ray, sending you 2
2024-10-14 22:28:19.306043 Delta: Whiskey, X-ray and Quebec, sending you 4
2024-10-14 22:28:19.306392 Tango: Papa, sending you 6
2024-10-14 22:28:19.306638 X-ray: Whiskey and Zulu, sending you 2
2024-10-14 22:28:19.307328 Oscar: Papa, sending you 8
2024-10-14 22:28:19.307520 Papa: Oscar and Kilo, sending you 4
2024-10-14 22:28:19.307723 Quebec: Whiskey and Delta, sending you 5
2024-10-14 22:28:19.307961 Whiskey: Delta and Quebec, sending you 3
2024-10-14 22:28:19.336395 Delta: Hotel, sending you 2
2024-10-14 22:28:19.336774 Tango: Oscar, sending you 8
2024-10-14 22:28:19.336991 X-ray: Delta, sending you 5
2024-10-14 22:28:19.337229 Oscar: Tango, sending you 6
2024-10-14 22:28:19.337853 Zulu: Whiskey, Delta and Hotel, sending you 2
2024-10-14 22:28:19.338165 Quebec: X-ray, sending you 3
2024-10-14 22:28:19.338414 Kilo: Papa, sending you 4
2024-10-14 22:28:19.338633 Papa: Tango, sending you 8
2024-10-14 22:28:19.339363 Whiskey: Hotel, sending you 7
2024-10-14 22:28:19.339659 Hotel: Whiskey and Delta, sending you 2
2024-10-14 22:28:19.378557 Delta: Zulu, sending you 3
2024-10-14 22:28:19.379778 X-ray: Quebec and Hotel, sending you 4
2024-10-14 22:28:19.380144 Zulu: X-ray and Quebec, sending you 3
2024-10-14 22:28:19.380912 Quebec: Hotel and Zulu, sending you 2
2024-10-14 22:28:19.381366 Tango: Kilo, sending you 4
2024-10-14 22:28:19.382140 Oscar: Kilo, sending you 3
2024-10-14 22:28:19.382427 Kilo: Oscar, sending you 5
2024-10-14 22:28:19.382712 Hotel: X-ray, sending you 7
2024-10-14 22:28:19.383073 Whiskey: Zulu, sending you 1
2024-10-14 22:28:19.606101 Kilo: Tango, sending you 8
2024-10-14 22:28:19.607239 Hotel: Quebec, sending you 6
2024-10-14 22:28:19.676716 Hotel: Zulu, sending you 1
chatterbot Kilo submitting transactions
chatterbot Delta submitting transactions
chatterbot Papa submitting transactions
chatterbot Quebec submitting transactions
chatterbot Zulu submitting transactions
chatterbot Hotel submitting transactions
chatterbot X-ray submitting transactions
chatterbot Whiskey submitting transactions
chatterbot Tango submitting transactions
chatterbot Oscar submitting transactions
ChatterBot Whiskey round 3
ChatterBot X-ray round 3
ChatterBot Delta round 3
ChatterBot Quebec round 3
ChatterBot Papa round 3
ChatterBot Oscar round 3
ChatterBot Tango round 3
ChatterBot Kilo round 3
ChatterBot Hotel round 3
ChatterBot Zulu round 3
2024-10-14 22:28:20.672063 Whiskey: X-ray and Delta, sending you 3
2024-10-14 22:28:20.687704 Papa: Oscar and Tango, sending you 6
2024-10-14 22:28:20.688715 Tango: Papa, sending you 7
2024-10-14 22:28:20.689065 Hotel: Whiskey, sending you 5
2024-10-14 22:28:20.689650 Delta: Whiskey, Hotel and Zulu, sending you 3
2024-10-14 22:28:20.690750 Whiskey: Quebec and Hotel, sending you 4
2024-10-14 22:28:20.691757 Oscar: Papa and Kilo, sending you 5
2024-10-14 22:28:20.692163 Zulu: Whiskey, sending you 2
2024-10-14 22:28:20.693277 X-ray: Whiskey, Quebec and Zulu, sending you 3
2024-10-14 22:28:20.693813 Quebec: Whiskey and X-ray, sending you 3
2024-10-14 22:28:20.695054 Kilo: Papa and Oscar, sending you 5
2024-10-14 22:28:20.695640 Tango: Oscar and Kilo, sending you 6
2024-10-14 22:28:20.696723 Papa: Kilo, sending you 4
2024-10-14 22:28:20.697095 Hotel: X-ray, sending you 6
2024-10-14 22:28:20.698170 Delta: X-ray and Quebec, sending you 4
2024-10-14 22:28:20.698700 Whiskey: Zulu, sending you 2
2024-10-14 22:28:20.699846 Oscar: Tango, sending you 7
2024-10-14 22:28:20.700212 Zulu: X-ray, Delta, Quebec and Hotel, sending you 3
2024-10-14 22:28:20.701429 X-ray: Delta, sending you 4
2024-10-14 22:28:20.702589 Quebec: Delta, sending you 5
2024-10-14 22:28:20.703110 Kilo: Tango, sending you 7
2024-10-14 22:28:20.703500 Hotel: Delta and Zulu, sending you 2
2024-10-14 22:28:20.711067 X-ray: Hotel, sending you 5
2024-10-14 22:28:20.711653 Quebec: Hotel, sending you 4
2024-10-14 22:28:20.712830 Hotel: Quebec, sending you 4
2024-10-14 22:28:20.719412 Quebec: Zulu, sending you 2
chatterbot Whiskey submitting transactions
chatterbot Zulu submitting transactions
chatterbot X-ray submitting transactions
chatterbot Quebec submitting transactions
chatterbot Delta submitting transactions
chatterbot Oscar submitting transactions
chatterbot Hotel submitting transactions
chatterbot Kilo submitting transactions
chatterbot Tango submitting transactions
chatterbot Papa submitting transactions
ChatterBot Whiskey round 4
ChatterBot X-ray round 4
ChatterBot Delta round 4
ChatterBot Quebec round 4
ChatterBot Papa round 4
ChatterBot Oscar round 4
ChatterBot Tango round 4
ChatterBot Kilo round 4
ChatterBot Hotel round 4
ChatterBot Zulu round 4
2024-10-14 22:28:22.590307 Delta: Whiskey, Hotel and Zulu, sending you 3
2024-10-14 22:28:22.591861 Papa: Oscar, sending you 5
2024-10-14 22:28:22.592336 X-ray: Whiskey, Quebec and Zulu, sending you 3
2024-10-14 22:28:22.593838 Oscar: Papa, sending you 6
2024-10-14 22:28:22.594286 Quebec: Whiskey, X-ray and Zulu, sending you 3
2024-10-14 22:28:22.594982 Tango: Papa, sending you 7
2024-10-14 22:28:22.596302 Whiskey: X-ray and Delta, sending you 3
2024-10-14 22:28:22.597276 Delta: X-ray and Quebec, sending you 4
2024-10-14 22:28:22.598554 Papa: Tango, sending you 7
2024-10-14 22:28:22.598995 Oscar: Tango, sending you 7
2024-10-14 22:28:22.600088 X-ray: Delta, sending you 4
2024-10-14 22:28:22.600881 Quebec: Delta and Hotel, sending you 4
2024-10-14 22:28:22.602103 Tango: Oscar and Kilo, sending you 6
2024-10-14 22:28:22.602522 Zulu: Whiskey, sending you 2
2024-10-14 22:28:22.603668 Whiskey: Quebec and Hotel, sending you 4
2024-10-14 22:28:22.604303 Papa: Kilo, sending you 4
2024-10-14 22:28:22.604702 Oscar: Kilo, sending you 4
2024-10-14 22:28:22.605707 X-ray: Hotel, sending you 5
2024-10-14 22:28:22.610070 Hotel: Whiskey and Quebec, sending you 4
2024-10-14 22:28:22.610676 Zulu: X-ray, sending you 4
2024-10-14 22:28:22.611808 Kilo: Papa and Oscar, sending you 5
2024-10-14 22:28:22.612107 Whiskey: Zulu, sending you 2
2024-10-14 22:28:22.614510 Hotel: X-ray, sending you 6
2024-10-14 22:28:22.615506 Kilo: Tango, sending you 7
2024-10-14 22:28:22.635459 Zulu: Delta, Quebec and Hotel, sending you 3
2024-10-14 22:28:22.637069 Hotel: Delta, sending you 2
2024-10-14 22:28:22.647441 Hotel: Zulu, sending you 3
chatterbot Zulu submitting transactions
chatterbot Delta submitting transactions
chatterbot Hotel submitting transactions
chatterbot Papa submitting transactions
chatterbot Oscar submitting transactions
chatterbot X-ray submitting transactions
chatterbot Whiskey submitting transactions
chatterbot Tango submitting transactions
chatterbot Kilo submitting transactions
chatterbot Quebec submitting transactions
ChatterBot Whiskey round 5
ChatterBot X-ray round 5
ChatterBot Delta round 5
ChatterBot Quebec round 5
ChatterBot Papa round 5
ChatterBot Oscar round 5
ChatterBot Tango round 5
ChatterBot Kilo round 5
ChatterBot Hotel round 5
ChatterBot Zulu round 5
2024-10-14 22:28:23.846781 Quebec: Whiskey, X-ray and Zulu, sending you 3
2024-10-14 22:28:23.847714 Delta: Whiskey, Hotel and Zulu, sending you 3
2024-10-14 22:28:23.851690 Quebec: Delta and Hotel, sending you 4
2024-10-14 22:28:23.852296 Delta: X-ray and Quebec, sending you 4
2024-10-14 22:28:23.854695 Whiskey: X-ray, Delta and Quebec, sending you 3
2024-10-14 22:28:23.855926 Papa: Oscar and Kilo, sending you 5
2024-10-14 22:28:23.857702 Oscar: Papa, sending you 6
2024-10-14 22:28:23.858691 Whiskey: Hotel, sending you 5
2024-10-14 22:28:23.859952 Papa: Tango, sending you 6
2024-10-14 22:28:23.860396 Tango: Papa, sending you 7
2024-10-14 22:28:23.860916 Hotel: Whiskey and Quebec, sending you 4
2024-10-14 22:28:23.862029 Zulu: Whiskey, sending you 2
2024-10-14 22:28:23.862845 Kilo: Papa and Oscar, sending you 5
2024-10-14 22:28:23.863294 Oscar: Tango, sending you 7
2024-10-14 22:28:23.864186 Whiskey: Zulu, sending you 2
2024-10-14 22:28:23.865002 Tango: Oscar and Kilo, sending you 6
2024-10-14 22:28:23.865690 X-ray: Whiskey, Quebec and Zulu, sending you 3
2024-10-14 22:28:23.866941 Hotel: X-ray, sending you 5
2024-10-14 22:28:23.867749 Zulu: X-ray, Delta and Quebec, sending you 4
2024-10-14 22:28:23.869051 Kilo: Tango, sending you 7
2024-10-14 22:28:23.869558 Oscar: Kilo, sending you 4
2024-10-14 22:28:23.871713 X-ray: Delta, sending you 4
2024-10-14 22:28:23.872965 Hotel: Delta and Zulu, sending you 3
2024-10-14 22:28:23.873557 Zulu: Hotel, sending you 3
2024-10-14 22:28:23.875671 X-ray: Hotel, sending you 5
chatterbot Whiskey submitting transactions
chatterbot X-ray submitting transactions
chatterbot Zulu submitting transactions
chatterbot Oscar submitting transactions
chatterbot Papa submitting transactions
chatterbot Delta submitting transactions
chatterbot Tango submitting transactions
chatterbot Quebec submitting transactions
chatterbot Hotel submitting transactions
chatterbot Kilo submitting transactions
ChatterBot Whiskey round 6
ChatterBot X-ray round 6
ChatterBot Delta round 6
ChatterBot Quebec round 6
ChatterBot Papa round 6
ChatterBot Oscar round 6
ChatterBot Tango round 6
ChatterBot Kilo round 6
ChatterBot Hotel round 6
ChatterBot Zulu round 6
2024-10-14 22:28:24.995683 Whiskey: X-ray, Delta, Quebec and Zulu, sending you 3
2024-10-14 22:28:24.996742 X-ray: Whiskey, Quebec and Zulu, sending you 3
2024-10-14 22:28:24.997491 Quebec: Whiskey, X-ray and Zulu, sending you 3
2024-10-14 22:28:24.999235 Papa: Oscar and Kilo, sending you 5
2024-10-14 22:28:25.000699 Whiskey: Hotel, sending you 4
2024-10-14 22:28:25.001737 X-ray: Delta, sending you 4
2024-10-14 22:28:25.002583 Quebec: Delta and Hotel, sending you 4
2024-10-14 22:28:25.004308 Delta: Whiskey, Hotel and Zulu, sending you 3
2024-10-14 22:28:25.005191 Hotel: Whiskey and Quebec, sending you 4
2024-10-14 22:28:25.010152 Papa: Tango, sending you 6
2024-10-14 22:28:25.010733 X-ray: Hotel, sending you 5
2024-10-14 22:28:25.011594 Tango: Papa, sending you 7
2024-10-14 22:28:25.012220 Zulu: Whiskey, sending you 2
2024-10-14 22:28:25.013094 Kilo: Papa and Oscar, sending you 5
2024-10-14 22:28:25.013662 Delta: X-ray and Quebec, sending you 4
2024-10-14 22:28:25.015686 Hotel: X-ray, sending you 5
2024-10-14 22:28:25.016535 Oscar: Papa, sending you 6
2024-10-14 22:28:25.018147 Zulu: X-ray, Delta and Quebec, sending you 4
2024-10-14 22:28:25.019079 Tango: Oscar and Kilo, sending you 6
2024-10-14 22:28:25.019591 Kilo: Tango, sending you 7
2024-10-14 22:28:25.024333 Hotel: Delta and Zulu, sending you 3
2024-10-14 22:28:25.025301 Zulu: Hotel, sending you 3
2024-10-14 22:28:25.027302 Oscar: Tango, sending you 7
2024-10-14 22:28:25.031682 Oscar: Kilo, sending you 4
chatterbot Zulu submitting transactions
chatterbot X-ray submitting transactions
chatterbot Kilo submitting transactions
chatterbot Whiskey submitting transactions
chatterbot Quebec submitting transactions
chatterbot Hotel submitting transactions
chatterbot Papa submitting transactions
chatterbot Tango submitting transactions
chatterbot Oscar submitting transactions
chatterbot Delta submitting transactions
ChatterBot Whiskey round 7
ChatterBot X-ray round 7
ChatterBot Delta round 7
ChatterBot Quebec round 7
ChatterBot Papa round 7
ChatterBot Oscar round 7
ChatterBot Tango round 7
ChatterBot Kilo round 7
ChatterBot Hotel round 7
ChatterBot Zulu round 7
2024-10-14 22:28:26.278690 Kilo: Papa and Tango, sending you 6
2024-10-14 22:28:26.279670 Whiskey: X-ray, Delta and Quebec, sending you 3
2024-10-14 22:28:26.280407 X-ray: Whiskey and Quebec, sending you 3
2024-10-14 22:28:26.281691 Quebec: Whiskey, X-ray and Zulu, sending you 3
2024-10-14 22:28:26.282715 Kilo: Oscar, sending you 5
2024-10-14 22:28:26.284655 Whiskey: Hotel, sending you 5
2024-10-14 22:28:26.285233 Tango: Papa and Kilo, sending you 6
2024-10-14 22:28:26.285673 X-ray: Delta, Hotel and Zulu, sending you 4
2024-10-14 22:28:26.286335 Quebec: Delta and Hotel, sending you 4
2024-10-14 22:28:26.287003 Hotel: Whiskey and Quebec, sending you 4
2024-10-14 22:28:26.287711 Papa: Oscar and Kilo, sending you 5
2024-10-14 22:28:26.288720 Whiskey: Zulu, sending you 2
2024-10-14 22:28:26.289693 Delta: Whiskey, Hotel and Zulu, sending you 3
2024-10-14 22:28:26.290392 Tango: Oscar, sending you 7
2024-10-14 22:28:26.290749 Zulu: Whiskey, sending you 2
2024-10-14 22:28:26.291333 Hotel: X-ray, sending you 5
2024-10-14 22:28:26.291867 Oscar: Papa, sending you 6
2024-10-14 22:28:26.292250 Papa: Tango, sending you 6
2024-10-14 22:28:26.293663 Zulu: X-ray, Delta, Quebec and Hotel, sending you 4
2024-10-14 22:28:26.294677 Delta: X-ray and Quebec, sending you 4
2024-10-14 22:28:26.295475 Hotel: Delta and Zulu, sending you 3
2024-10-14 22:28:26.296123 Oscar: Tango, sending you 7
2024-10-14 22:28:26.300667 Oscar: Kilo, sending you 4
chatterbot Papa submitting transactions
chatterbot X-ray submitting transactions
chatterbot Hotel submitting transactions
chatterbot Tango submitting transactions
chatterbot Kilo submitting transactions
chatterbot Quebec submitting transactions
chatterbot Whiskey submitting transactions
chatterbot Delta submitting transactions
chatterbot Oscar submitting transactions
chatterbot Zulu submitting transactions
ChatterBot Whiskey round 8
ChatterBot X-ray round 8
ChatterBot Delta round 8
ChatterBot Quebec round 8
ChatterBot Papa round 8
ChatterBot Oscar round 8
ChatterBot Tango round 8
ChatterBot Kilo round 8
ChatterBot Hotel round 8
ChatterBot Zulu round 8
2024-10-14 22:28:27.441661 X-ray: Whiskey and Quebec, sending you 3
2024-10-14 22:28:27.447672 X-ray: Delta, Hotel and Zulu, sending you 4
2024-10-14 22:28:27.449381 Delta: Whiskey, Hotel and Zulu, sending you 3
2024-10-14 22:28:27.450694 Whiskey: X-ray, Delta and Quebec, sending you 3
2024-10-14 22:28:27.452318 Hotel: Whiskey and Quebec, sending you 4
2024-10-14 22:28:27.453343 Papa: Oscar and Kilo, sending you 5
2024-10-14 22:28:27.453800 Delta: X-ray and Quebec, sending you 4
2024-10-14 22:28:27.455007 Kilo: Papa and Tango, sending you 6
2024-10-14 22:28:27.455497 Oscar: Papa, sending you 6
2024-10-14 22:28:27.455983 Quebec: Whiskey, X-ray and Zulu, sending you 3
2024-10-14 22:28:27.456576 Whiskey: Hotel, sending you 5
2024-10-14 22:28:27.457692 Hotel: X-ray, sending you 5
2024-10-14 22:28:27.458334 Papa: Tango, sending you 6
2024-10-14 22:28:27.458677 Tango: Papa and Kilo, sending you 6
2024-10-14 22:28:27.459163 Kilo: Oscar, sending you 5
2024-10-14 22:28:27.459588 Oscar: Tango, sending you 7
2024-10-14 22:28:27.460547 Quebec: Delta and Hotel, sending you 4
2024-10-14 22:28:27.461671 Hotel: Delta and Zulu, sending you 3
2024-10-14 22:28:27.462660 Whiskey: Zulu, sending you 2
2024-10-14 22:28:27.464218 Oscar: Kilo, sending you 4
2024-10-14 22:28:27.464630 Tango: Oscar, sending you 7
2024-10-14 22:28:27.465656 Zulu: Whiskey, sending you 3
2024-10-14 22:28:27.469686 Zulu: X-ray, Delta, Quebec and Hotel, sending you 4
chatterbot Hotel submitting transactions
chatterbot Delta submitting transactions
chatterbot Oscar submitting transactions
chatterbot Papa submitting transactions
chatterbot Kilo submitting transactions
chatterbot Quebec submitting transactions
chatterbot Whiskey submitting transactions
chatterbot Tango submitting transactions
chatterbot Zulu submitting transactions
chatterbot X-ray submitting transactions
ChatterBot Whiskey round 9
ChatterBot X-ray round 9
ChatterBot Delta round 9
ChatterBot Quebec round 9
ChatterBot Papa round 9
ChatterBot Oscar round 9
ChatterBot Tango round 9
ChatterBot Kilo round 9
ChatterBot Hotel round 9
ChatterBot Zulu round 9
2024-10-14 22:28:28.767686 Papa: Oscar and Kilo, sending you 5
2024-10-14 22:28:28.768399 Whiskey: X-ray, Delta, Quebec and Zulu, sending you 3
2024-10-14 22:28:28.773021 Papa: Tango, sending you 6
2024-10-14 22:28:28.773884 Whiskey: Hotel, sending you 4
2024-10-14 22:28:28.776692 Tango: Papa and Kilo, sending you 6
2024-10-14 22:28:28.777687 Kilo: Papa and Tango, sending you 6
2024-10-14 22:28:28.778416 Delta: Whiskey, Hotel and Zulu, sending you 3
2024-10-14 22:28:28.779752 X-ray: Whiskey and Quebec, sending you 3
2024-10-14 22:28:28.781632 Oscar: Papa and Kilo, sending you 5
2024-10-14 22:28:28.782084 Tango: Oscar, sending you 7
2024-10-14 22:28:28.783415 Kilo: Oscar, sending you 5
2024-10-14 22:28:28.783837 Hotel: Whiskey and Quebec, sending you 4
2024-10-14 22:28:28.784581 Delta: X-ray and Quebec, sending you 4
2024-10-14 22:28:28.789202 X-ray: Delta, Hotel and Zulu, sending you 4
2024-10-14 22:28:28.790811 Oscar: Tango, sending you 7
2024-10-14 22:28:28.791189 Quebec: Whiskey, X-ray and Zulu, sending you 3
2024-10-14 22:28:28.791863 Hotel: X-ray, sending you 5
2024-10-14 22:28:28.799412 Quebec: Delta and Hotel, sending you 4
2024-10-14 22:28:28.800544 Zulu: Whiskey, sending you 2
2024-10-14 22:28:28.802944 Hotel: Delta and Zulu, sending you 3
2024-10-14 22:28:28.805828 Zulu: X-ray, sending you 5
2024-10-14 22:28:28.810692 Zulu: Delta, Quebec and Hotel, sending you 4
chatterbot Whiskey submitting transactions
chatterbot Hotel submitting transactions
chatterbot Zulu submitting transactions
chatterbot Kilo submitting transactions
chatterbot Oscar submitting transactions
chatterbot Quebec submitting transactions
chatterbot X-ray submitting transactions
chatterbot Papa submitting transactions
chatterbot Tango submitting transactions
chatterbot Delta submitting transactions
ChatterBot Whiskey round 10
ChatterBot X-ray round 10
ChatterBot Delta round 10
ChatterBot Quebec round 10
ChatterBot Papa round 10
ChatterBot Oscar round 10
ChatterBot Tango round 10
ChatterBot Kilo round 10
ChatterBot Hotel round 10
ChatterBot Zulu round 10
2024-10-14 22:28:29.877659 Whiskey: X-ray, Delta, Quebec and Zulu, sending you 3
2024-10-14 22:28:29.882659 Whiskey: Hotel, sending you 4
2024-10-14 22:28:29.883495 Papa: Oscar and Kilo, sending you 5
2024-10-14 22:28:29.884412 X-ray: Whiskey and Quebec, sending you 3
2024-10-14 22:28:29.885673 Delta: Whiskey, Hotel and Zulu, sending you 3
2024-10-14 22:28:29.888686 Papa: Tango, sending you 6
2024-10-14 22:28:29.889210 X-ray: Delta, Hotel and Zulu, sending you 4
2024-10-14 22:28:29.890974 Delta: X-ray and Quebec, sending you 4
2024-10-14 22:28:29.892166 Quebec: Whiskey, X-ray and Zulu, sending you 3
2024-10-14 22:28:29.893134 Zulu: Whiskey, sending you 2
2024-10-14 22:28:29.896698 Oscar: Papa and Kilo, sending you 5
2024-10-14 22:28:29.897857 Quebec: Delta and Hotel, sending you 4
2024-10-14 22:28:29.898827 Kilo: Papa and Tango, sending you 6
2024-10-14 22:28:29.899358 Tango: Papa and Kilo, sending you 6
2024-10-14 22:28:29.899814 Zulu: X-ray, sending you 5
2024-10-14 22:28:29.901766 Hotel: Whiskey and Quebec, sending you 4
2024-10-14 22:28:29.902644 Oscar: Tango, sending you 7
2024-10-14 22:28:29.902969 Kilo: Oscar, sending you 5
2024-10-14 22:28:29.903280 Tango: Oscar, sending you 7
2024-10-14 22:28:29.904694 Zulu: Delta, Quebec and Hotel, sending you 4
2024-10-14 22:28:29.907678 Hotel: X-ray, sending you 5
2024-10-14 22:28:29.912683 Hotel: Delta and Zulu, sending you 3
chatterbot Delta submitting transactions
chatterbot Zulu submitting transactions
chatterbot Quebec submitting transactions
chatterbot Whiskey submitting transactions
chatterbot Hotel submitting transactions
chatterbot Tango submitting transactions
chatterbot Kilo submitting transactions
chatterbot Oscar submitting transactions
chatterbot X-ray submitting transactions
chatterbot Papa submitting transactions
ChatterBot Whiskey round 11
ChatterBot X-ray round 11
ChatterBot Delta round 11
ChatterBot Quebec round 11
ChatterBot Papa round 11
ChatterBot Oscar round 11
ChatterBot Tango round 11
ChatterBot Kilo round 11
ChatterBot Hotel round 11
ChatterBot Zulu round 11
2024-10-14 22:28:31.127684 Quebec: Whiskey, X-ray and Zulu, sending you 3
2024-10-14 22:28:31.130643 Tango: Papa and Kilo, sending you 6
2024-10-14 22:28:31.131098 Papa: Oscar and Kilo, sending you 5
2024-10-14 22:28:31.131693 Quebec: Delta and Hotel, sending you 4
2024-10-14 22:28:31.133664 Oscar: Papa and Kilo, sending you 5
2024-10-14 22:28:31.134644 Tango: Oscar, sending you 7
2024-10-14 22:28:31.135206 Papa: Tango, sending you 6
2024-10-14 22:28:31.135600 Delta: Whiskey, Hotel and Zulu, sending you 3
2024-10-14 22:28:31.138683 Kilo: Papa and Tango, sending you 6
2024-10-14 22:28:31.139285 Oscar: Tango, sending you 7
2024-10-14 22:28:31.140759 X-ray: Whiskey and Quebec, sending you 3
2024-10-14 22:28:31.142005 Delta: X-ray and Quebec, sending you 4
2024-10-14 22:28:31.143956 Whiskey: X-ray, Delta, Quebec and Zulu, sending you 3
2024-10-14 22:28:31.144706 Kilo: Oscar, sending you 5
2024-10-14 22:28:31.145254 X-ray: Delta, Hotel and Zulu, sending you 4
2024-10-14 22:28:31.146501 Zulu: Whiskey, sending you 2
2024-10-14 22:28:31.147677 Hotel: Whiskey and Quebec, sending you 4
2024-10-14 22:28:31.149646 Whiskey: Hotel, sending you 4
2024-10-14 22:28:31.150393 Zulu: X-ray, sending you 5
2024-10-14 22:28:31.150954 Hotel: X-ray, sending you 5
2024-10-14 22:28:31.153668 Hotel: Delta and Zulu, sending you 3
2024-10-14 22:28:31.155002 Zulu: Delta, Quebec and Hotel, sending you 4
chatterbot X-ray submitting transactions
chatterbot Hotel submitting transactions
chatterbot Kilo submitting transactions
chatterbot Whiskey submitting transactions
chatterbot Tango submitting transactions
chatterbot Quebec submitting transactions
chatterbot Zulu submitting transactions
chatterbot Delta submitting transactions
chatterbot Papa submitting transactions
chatterbot Oscar submitting transactions
ChatterBot Whiskey round 12
ChatterBot X-ray round 12
ChatterBot Delta round 12
ChatterBot Quebec round 12
ChatterBot Papa round 12
ChatterBot Oscar round 12
ChatterBot Tango round 12
ChatterBot Kilo round 12
ChatterBot Hotel round 12
ChatterBot Zulu round 12
2024-10-14 22:28:32.300661 Delta: Whiskey, Hotel and Zulu, sending you 3
2024-10-14 22:28:32.303668 X-ray: Whiskey and Quebec, sending you 3
2024-10-14 22:28:32.304720 Oscar: Papa and Kilo, sending you 5
2024-10-14 22:28:32.305941 Kilo: Papa and Tango, sending you 6
2024-10-14 22:28:32.306736 Delta: X-ray and Quebec, sending you 4
2024-10-14 22:28:32.308748 Whiskey: X-ray, Delta and Quebec, sending you 3
2024-10-14 22:28:32.310712 X-ray: Delta, Hotel and Zulu, sending you 4
2024-10-14 22:28:32.312255 Papa: Oscar and Kilo, sending you 5
2024-10-14 22:28:32.312791 Oscar: Tango, sending you 7
2024-10-14 22:28:32.313378 Kilo: Oscar, sending you 5
2024-10-14 22:28:32.314346 Tango: Papa and Kilo, sending you 6
2024-10-14 22:28:32.315672 Whiskey: Hotel, sending you 5
2024-10-14 22:28:32.317359 Quebec: Whiskey, X-ray and Zulu, sending you 3
2024-10-14 22:28:32.318236 Hotel: Whiskey and Quebec, sending you 4
2024-10-14 22:28:32.319835 Papa: Tango, sending you 6
2024-10-14 22:28:32.320632 Tango: Oscar, sending you 7
2024-10-14 22:28:32.321074 Zulu: Whiskey, sending you 2
2024-10-14 22:28:32.322482 Whiskey: Zulu, sending you 2
2024-10-14 22:28:32.324258 Quebec: Delta and Hotel, sending you 4
2024-10-14 22:28:32.326710 Hotel: X-ray, sending you 5
2024-10-14 22:28:32.329023 Zulu: X-ray, sending you 5
2024-10-14 22:28:32.333665 Hotel: Delta and Zulu, sending you 3
2024-10-14 22:28:32.335761 Zulu: Delta, Quebec and Hotel, sending you 4
chatterbot Oscar submitting transactions
chatterbot Quebec submitting transactions
chatterbot X-ray submitting transactions
chatterbot Hotel submitting transactions
chatterbot Papa submitting transactions
chatterbot Zulu submitting transactions
chatterbot Tango submitting transactions
chatterbot Kilo submitting transactions
chatterbot Whiskey submitting transactions
chatterbot Delta submitting transactions
ChatterBot Whiskey round 13
ChatterBot X-ray round 13
ChatterBot Delta round 13
ChatterBot Quebec round 13
ChatterBot Papa round 13
ChatterBot Oscar round 13
ChatterBot Tango round 13
ChatterBot Kilo round 13
ChatterBot Hotel round 13
ChatterBot Zulu round 13
2024-10-14 22:28:33.498686 Papa: Oscar and Kilo, sending you 5
2024-10-14 22:28:33.500223 Delta: Whiskey, Hotel and Zulu, sending you 3
2024-10-14 22:28:33.501166 X-ray: Whiskey and Quebec, sending you 3
2024-10-14 22:28:33.502834 Hotel: Whiskey and Quebec, sending you 4
2024-10-14 22:28:33.504055 Quebec: Whiskey, X-ray and Zulu, sending you 3
2024-10-14 22:28:33.505270 Delta: X-ray and Quebec, sending you 4
2024-10-14 22:28:33.507937 Papa: Tango, sending you 6
2024-10-14 22:28:33.508653 X-ray: Delta, Hotel and Zulu, sending you 4
2024-10-14 22:28:33.510548 Hotel: X-ray, sending you 5
2024-10-14 22:28:33.511578 Kilo: Papa and Tango, sending you 6
2024-10-14 22:28:33.512707 Quebec: Delta and Hotel, sending you 4
2024-10-14 22:28:33.513694 Oscar: Papa and Kilo, sending you 5
2024-10-14 22:28:33.514815 Hotel: Delta and Zulu, sending you 3
2024-10-14 22:28:33.516099 Zulu: Whiskey, sending you 2
2024-10-14 22:28:33.518214 Kilo: Oscar, sending you 5
2024-10-14 22:28:33.518907 Whiskey: X-ray, Delta and Quebec, sending you 3
2024-10-14 22:28:33.521108 Tango: Papa and Kilo, sending you 6
2024-10-14 22:28:33.521726 Oscar: Tango, sending you 7
2024-10-14 22:28:33.522676 Zulu: X-ray, sending you 5
2024-10-14 22:28:33.525669 Whiskey: Hotel, sending you 5
2024-10-14 22:28:33.527315 Tango: Oscar, sending you 7
2024-10-14 22:28:33.529095 Zulu: Delta, Quebec and Hotel, sending you 4
2024-10-14 22:28:33.530339 Whiskey: Zulu, sending you 2
chatterbot X-ray submitting transactions
chatterbot Delta submitting transactions
chatterbot Quebec submitting transactions
chatterbot Oscar submitting transactions
chatterbot Tango submitting transactions
chatterbot Zulu submitting transactions
chatterbot Papa submitting transactions
chatterbot Hotel submitting transactions
chatterbot Kilo submitting transactions
chatterbot Whiskey submitting transactions
ChatterBot Whiskey round 14
ChatterBot X-ray round 14
ChatterBot Delta round 14
ChatterBot Quebec round 14
ChatterBot Papa round 14
ChatterBot Oscar round 14
ChatterBot Tango round 14
ChatterBot Kilo round 14
ChatterBot Hotel round 14
ChatterBot Zulu round 14
2024-10-14 22:28:34.729711 X-ray: Whiskey and Quebec, sending you 3
2024-10-14 22:28:34.732095 Hotel: Whiskey and Quebec, sending you 4
2024-10-14 22:28:34.733757 Papa: Oscar and Kilo, sending you 5
2024-10-14 22:28:34.734775 Tango: Papa and Kilo, sending you 6
2024-10-14 22:28:34.736689 Quebec: Whiskey, X-ray and Zulu, sending you 3
2024-10-14 22:28:34.738758 X-ray: Delta, Hotel and Zulu, sending you 4
2024-10-14 22:28:34.740764 Hotel: X-ray, sending you 5
2024-10-14 22:28:34.742156 Delta: Whiskey, Hotel and Zulu, sending you 3
2024-10-14 22:28:34.743379 Papa: Tango, sending you 6
2024-10-14 22:28:34.745055 Tango: Oscar, sending you 7
2024-10-14 22:28:34.745936 Quebec: Delta and Hotel, sending you 4
2024-10-14 22:28:34.747284 Whiskey: X-ray, Delta and Quebec, sending you 3
2024-10-14 22:28:34.750367 Kilo: Papa and Tango, sending you 6
2024-10-14 22:28:34.751021 Hotel: Delta and Zulu, sending you 3
2024-10-14 22:28:34.751954 Delta: X-ray and Quebec, sending you 4
2024-10-14 22:28:34.753589 Oscar: Papa and Kilo, sending you 5
2024-10-14 22:28:34.754151 Zulu: Whiskey, sending you 2
2024-10-14 22:28:34.755073 Kilo: Oscar, sending you 5
2024-10-14 22:28:34.755570 Whiskey: Hotel, sending you 5
2024-10-14 22:28:34.758651 Oscar: Tango, sending you 7
2024-10-14 22:28:34.759665 Zulu: X-ray, sending you 5
2024-10-14 22:28:34.761665 Whiskey: Zulu, sending you 2
2024-10-14 22:28:34.764674 Zulu: Delta, Quebec and Hotel, sending you 4
chatterbot X-ray submitting transactions
chatterbot Hotel submitting transactions
chatterbot Quebec submitting transactions
chatterbot Kilo submitting transactions
chatterbot Whiskey submitting transactions
chatterbot Tango submitting transactions
chatterbot Zulu submitting transactions
chatterbot Delta submitting transactions
chatterbot Oscar submitting transactions
chatterbot Papa submitting transactions
ChatterBot Whiskey round 15
ChatterBot X-ray round 15
ChatterBot Delta round 15
ChatterBot Quebec round 15
ChatterBot Papa round 15
ChatterBot Oscar round 15
ChatterBot Tango round 15
ChatterBot Kilo round 15
ChatterBot Hotel round 15
ChatterBot Zulu round 15
2024-10-14 22:28:35.968675 Delta: Whiskey, Hotel and Zulu, sending you 3
2024-10-14 22:28:35.974697 Delta: X-ray and Quebec, sending you 4
2024-10-14 22:28:35.977103 X-ray: Whiskey and Quebec, sending you 3
2024-10-14 22:28:35.978908 Quebec: Whiskey, X-ray and Zulu, sending you 3
2024-10-14 22:28:35.981230 Whiskey: X-ray, Delta and Quebec, sending you 3
2024-10-14 22:28:35.983853 Kilo: Papa and Tango, sending you 6
2024-10-14 22:28:35.984983 X-ray: Delta, Hotel and Zulu, sending you 4
2024-10-14 22:28:35.988311 Quebec: Delta and Hotel, sending you 4
2024-10-14 22:28:35.991119 Oscar: Papa and Kilo, sending you 5
2024-10-14 22:28:35.992779 Whiskey: Hotel, sending you 5
2024-10-14 22:28:35.995132 Tango: Papa and Kilo, sending you 6
2024-10-14 22:28:35.996019 Kilo: Oscar, sending you 5
2024-10-14 22:28:35.997382 Oscar: Tango, sending you 7
2024-10-14 22:28:35.997996 Papa: Oscar and Kilo, sending you 5
2024-10-14 22:28:35.999030 Hotel: Whiskey and Quebec, sending you 4
2024-10-14 22:28:36.001701 Whiskey: Zulu, sending you 2
2024-10-14 22:28:36.004182 Tango: Oscar, sending you 7
2024-10-14 22:28:36.005100 Zulu: Whiskey, sending you 2
2024-10-14 22:28:36.007671 Papa: Tango, sending you 6
2024-10-14 22:28:36.008683 Hotel: X-ray, sending you 5
2024-10-14 22:28:36.011799 Zulu: X-ray, sending you 5
2024-10-14 22:28:36.014678 Hotel: Delta and Zulu, sending you 3
2024-10-14 22:28:36.017708 Zulu: Delta, Quebec and Hotel, sending you 4
chatterbot Delta submitting transactions
chatterbot Hotel submitting transactions
chatterbot Tango submitting transactions
chatterbot Quebec submitting transactions
chatterbot Kilo submitting transactions
chatterbot Papa submitting transactions
chatterbot Oscar submitting transactions
chatterbot X-ray submitting transactions
chatterbot Whiskey submitting transactions
chatterbot Zulu submitting transactions
ChatterBot Whiskey round 16
ChatterBot X-ray round 16
ChatterBot Delta round 16
ChatterBot Quebec round 16
ChatterBot Papa round 16
ChatterBot Oscar round 16
ChatterBot Tango round 16
ChatterBot Kilo round 16
ChatterBot Hotel round 16
ChatterBot Zulu round 16
2024-10-14 22:28:37.055712 Hotel: Whiskey, sending you 5
2024-10-14 22:28:37.059034 X-ray: Whiskey and Quebec, sending you 3
2024-10-14 22:28:37.062222 Kilo: Papa and Tango, sending you 6
2024-10-14 22:28:37.063816 Oscar: Papa and Kilo, sending you 5
2024-10-14 22:28:37.064779 Tango: Papa and Kilo, sending you 6
2024-10-14 22:28:37.066498 Papa: Oscar and Kilo, sending you 5
2024-10-14 22:28:37.067547 Zulu: Whiskey, sending you 2
2024-10-14 22:28:37.070394 Quebec: Whiskey, X-ray and Zulu, sending you 3
2024-10-14 22:28:37.073392 Hotel: X-ray and Quebec, sending you 4
2024-10-14 22:28:37.076507 Whiskey: X-ray, Delta and Quebec, sending you 3
2024-10-14 22:28:37.079407 X-ray: Delta, Hotel and Zulu, sending you 4
2024-10-14 22:28:37.082043 Kilo: Oscar, sending you 5
2024-10-14 22:28:37.083596 Tango: Oscar, sending you 7
2024-10-14 22:28:37.084493 Oscar: Tango, sending you 7
2024-10-14 22:28:37.086222 Papa: Tango, sending you 6
2024-10-14 22:28:37.087292 Zulu: X-ray, sending you 5
2024-10-14 22:28:37.090152 Quebec: Delta and Hotel, sending you 4
2024-10-14 22:28:37.093298 Hotel: Delta and Zulu, sending you 3
2024-10-14 22:28:37.095817 Delta: Whiskey, Hotel and Zulu, sending you 3
2024-10-14 22:28:37.097943 Whiskey: Hotel, sending you 5
2024-10-14 22:28:37.101014 Zulu: Delta, Quebec and Hotel, sending you 4
2024-10-14 22:28:37.103696 Delta: X-ray and Quebec, sending you 4
2024-10-14 22:28:37.106377 Whiskey: Zulu, sending you 2
chatterbot X-ray submitting transactions
chatterbot Delta submitting transactions
chatterbot Hotel submitting transactions
chatterbot Zulu submitting transactions
chatterbot Oscar submitting transactions
chatterbot Kilo submitting transactions
chatterbot Quebec submitting transactions
chatterbot Whiskey submitting transactions
chatterbot Tango submitting transactions
chatterbot Papa submitting transactions
ChatterBot Whiskey round 17
ChatterBot X-ray round 17
ChatterBot Delta round 17
ChatterBot Quebec round 17
ChatterBot Papa round 17
ChatterBot Oscar round 17
ChatterBot Tango round 17
ChatterBot Kilo round 17
ChatterBot Hotel round 17
ChatterBot Zulu round 17
2024-10-14 22:28:38.314678 X-ray: Whiskey and Quebec, sending you 3
2024-10-14 22:28:38.316889 Tango: Papa and Kilo, sending you 6
2024-10-14 22:28:38.317633 Delta: Whiskey, Hotel and Zulu, sending you 3
2024-10-14 22:28:38.319867 Whiskey: X-ray, Delta and Quebec, sending you 3
2024-10-14 22:28:38.322441 Oscar: Papa and Kilo, sending you 5
2024-10-14 22:28:38.323919 X-ray: Delta, Hotel and Zulu, sending you 4
2024-10-14 22:28:38.326339 Tango: Oscar, sending you 7
2024-10-14 22:28:38.327288 Delta: X-ray and Quebec, sending you 4
2024-10-14 22:28:38.329661 Whiskey: Hotel, sending you 5
2024-10-14 22:28:38.331966 Oscar: Tango, sending you 7
2024-10-14 22:28:38.332811 Quebec: Whiskey, X-ray and Zulu, sending you 3
2024-10-14 22:28:38.336131 Papa: Oscar and Kilo, sending you 5
2024-10-14 22:28:38.337982 Kilo: Papa and Tango, sending you 6
2024-10-14 22:28:38.339077 Hotel: Whiskey, sending you 5
2024-10-14 22:28:38.342309 Zulu: Whiskey, sending you 2
2024-10-14 22:28:38.344946 Whiskey: Zulu, sending you 2
2024-10-14 22:28:38.347674 Quebec: Delta and Hotel, sending you 4
2024-10-14 22:28:38.350040 Papa: Tango, sending you 6
2024-10-14 22:28:38.350743 Kilo: Oscar, sending you 5
