ChatterBot Papa round 1
ChatterBot Hotel round 1
ChatterBot Golf round 1
ChatterBot Mike round 1
ChatterBot Sierra round 1
ChatterBot November round 1
ChatterBot X-ray round 1
ChatterBot Bravo round 1
ChatterBot Quebec round 1
ChatterBot Yankee round 1
randomSelections Hotel: {Hotel, Bravo, Sierra, Mike, Quebec, November} 
2024-10-14 22:28:15.333014 Hotel: We would work well together
ChatterBot Bravo reevaluating
ChatterBot Sierra reevaluating
ChatterBot Mike reevaluating
ChatterBot Quebec reevaluating
ChatterBot November reevaluating
2024-10-14 22:28:15.429081 Bravo: Yes
2024-10-14 22:28:15.429426 Sierra: Yes
2024-10-14 22:28:15.429758 Mike: Yes
2024-10-14 22:28:15.430009 Quebec: Yes
2024-10-14 22:28:15.430986 November: Yes
ChatterBot Sierra reevaluating
ChatterBot Mike reevaluating
ChatterBot Quebec reevaluating
ChatterBot November reevaluating
ChatterBot Bravo reevaluating
ChatterBot Mike reevaluating
ChatterBot Quebec reevaluating
ChatterBot November reevaluating
ChatterBot Bravo reevaluating
ChatterBot Sierra reevaluating
ChatterBot Quebec reevaluating
ChatterBot November reevaluating
ChatterBot Bravo reevaluating
ChatterBot Sierra reevaluating
ChatterBot Mike reevaluating
ChatterBot November reevaluating
ChatterBot Bravo reevaluating
ChatterBot Sierra reevaluating
ChatterBot Mike reevaluating
ChatterBot Quebec reevaluating
randomSelections Golf: {Golf, Hotel, Sierra, Quebec, Papa, November, Yankee, X-ray} 
2024-10-14 22:28:15.496007 Golf: We would work well together
ChatterBot Sierra reevaluating
ChatterBot Quebec reevaluating
ChatterBot Papa reevaluating
ChatterBot November reevaluating
ChatterBot Yankee reevaluating
ChatterBot X-ray reevaluating
2024-10-14 22:28:15.512426 Hotel: No
2024-10-14 22:28:15.513146 Sierra: No
2024-10-14 22:28:15.513351 Quebec: No
2024-10-14 22:28:15.513632 Papa: Yes
2024-10-14 22:28:15.513832 November: No
2024-10-14 22:28:15.514554 Yankee: Yes
2024-10-14 22:28:15.514730 X-ray: Yes
ChatterBot Sierra reevaluating
ChatterBot Quebec reevaluating
ChatterBot Papa reevaluating
ChatterBot November reevaluating
ChatterBot Yankee reevaluating
ChatterBot X-ray reevaluating
ChatterBot Quebec reevaluating
ChatterBot Papa reevaluating
ChatterBot November reevaluating
ChatterBot Yankee reevaluating
ChatterBot X-ray reevaluating
ChatterBot Sierra reevaluating
ChatterBot Papa reevaluating
ChatterBot November reevaluating
ChatterBot Yankee reevaluating
ChatterBot X-ray reevaluating
ChatterBot Sierra reevaluating
ChatterBot Quebec reevaluating
ChatterBot November reevaluating
ChatterBot Yankee reevaluating
ChatterBot X-ray reevaluating
ChatterBot Sierra reevaluating
ChatterBot Quebec reevaluating
ChatterBot Papa reevaluating
ChatterBot Yankee reevaluating
ChatterBot X-ray reevaluating
ChatterBot Sierra reevaluating
ChatterBot Quebec reevaluating
ChatterBot Papa reevaluating
ChatterBot November reevaluating
ChatterBot X-ray reevaluating
ChatterBot Sierra reevaluating
ChatterBot Quebec reevaluating
ChatterBot Papa reevaluating
ChatterBot November reevaluating
ChatterBot Yankee reevaluating
2024-10-14 22:28:15.656998 Bravo: Hotel, sending you 5
2024-10-14 22:28:15.659456 Papa: Hotel, Sierra, Quebec and Yankee, sending you 2
2024-10-14 22:28:15.660454 November: Hotel and Mike, sending you 5
2024-10-14 22:28:15.662401 Bravo: Mike, Sierra, November and Quebec, sending you 3
2024-10-14 22:28:15.664794 Papa: Golf, sending you 1
2024-10-14 22:28:15.665943 Hotel: Mike, Sierra, November, Bravo and Quebec, sending you 2
2024-10-14 22:28:15.667626 November: Sierra, sending you 1
2024-10-14 22:28:15.668296 Mike: Sierra, sending you 2
2024-10-14 22:28:15.669059 Yankee: Papa, Hotel and November, sending you 2
2024-10-14 22:28:15.670900 Sierra: Hotel, Mike and Bravo, sending you 5
2024-10-14 22:28:15.671649 X-ray: Hotel and Sierra, sending you 3
2024-10-14 22:28:15.673857 Papa: November, sending you 3
2024-10-14 22:28:15.674634 November: Quebec, sending you 4
2024-10-14 22:28:15.676309 Quebec: Hotel, sending you 6
2024-10-14 22:28:15.677345 Mike: November, sending you 3
2024-10-14 22:28:15.679482 Yankee: Golf and Sierra, sending you 1
2024-10-14 22:28:15.680592 Sierra: November, sending you 3
2024-10-14 22:28:15.682902 X-ray: Golf and Quebec, sending you 2
2024-10-14 22:28:15.685019 Papa: X-ray, sending you 4
2024-10-14 22:28:15.686263 Quebec: Mike, sending you 2
2024-10-14 22:28:15.689203 Mike: Bravo, sending you 7
2024-10-14 22:28:15.690806 Yankee: X-ray, sending you 5
2024-10-14 22:28:15.691433 Sierra: Quebec, sending you 2
2024-10-14 22:28:15.693376 X-ray: November, sending you 4
2024-10-14 22:28:15.693800 Quebec: Sierra and Bravo, sending you 3
2024-10-14 22:28:15.694166 Yankee: Quebec, sending you 4
2024-10-14 22:28:15.696072 Mike: Quebec, sending you 4
2024-10-14 22:28:15.697719 Quebec: November, sending you 5
2024-10-14 22:28:15.699094 X-ray: Yankee, sending you 1
chatterbot Sierra submitting transactions
chatterbot Golf submitting transactions
chatterbot Papa submitting transactions
chatterbot Hotel submitting transactions
chatterbot Mike submitting transactions
chatterbot Quebec submitting transactions
chatterbot Yankee submitting transactions
chatterbot November submitting transactions
chatterbot Bravo submitting transactions
chatterbot X-ray submitting transactions
ChatterBot Papa round 2
ChatterBot Hotel round 2
ChatterBot Golf round 2
ChatterBot Mike round 2
ChatterBot Sierra round 2
ChatterBot November round 2
ChatterBot X-ray round 2
2024-10-14 22:28:16.884428 Papa: We should group up
ChatterBot X-ray reevaluating
ChatterBot Yankee reevaluating
ChatterBot Golf reevaluating
2024-10-14 22:28:16.912458 X-ray: Yes
2024-10-14 22:28:16.912623 Yankee: No
2024-10-14 22:28:16.912755 Golf: Yes
ChatterBot Yankee reevaluating
ChatterBot Golf reevaluating
ChatterBot X-ray reevaluating
ChatterBot Golf reevaluating
ChatterBot X-ray reevaluating
ChatterBot Yankee reevaluating
2024-10-14 22:28:16.996243 Yankee: Can we be friends?
2024-10-14 22:28:17.003662 Papa: Yes
ChatterBot Yankee reevaluating
ChatterBot Bravo round 2
2024-10-14 22:28:17.033923 November: Friends?
ChatterBot Hotel reevaluating
ChatterBot Sierra reevaluating
ChatterBot Bravo reevaluating
ChatterBot Quebec reevaluating
ChatterBot X-ray reevaluating
ChatterBot Yankee reevaluating
2024-10-14 22:28:17.109590 Hotel: Yes
2024-10-14 22:28:17.109796 Mike: No
2024-10-14 22:28:17.109917 Sierra: Yes
2024-10-14 22:28:17.110025 Bravo: No
2024-10-14 22:28:17.110131 Quebec: No
2024-10-14 22:28:17.110248 Papa: No
2024-10-14 22:28:17.110353 X-ray: No
2024-10-14 22:28:17.110914 Yankee: No
ChatterBot Sierra reevaluating
ChatterBot Bravo reevaluating
ChatterBot Quebec reevaluating
ChatterBot X-ray reevaluating
ChatterBot Yankee reevaluating
ChatterBot Hotel reevaluating
ChatterBot Sierra reevaluating
ChatterBot Bravo reevaluating
ChatterBot Quebec reevaluating
ChatterBot X-ray reevaluating
ChatterBot Yankee reevaluating
ChatterBot Hotel reevaluating
ChatterBot Bravo reevaluating
ChatterBot Quebec reevaluating
ChatterBot Papa reevaluating
ChatterBot X-ray reevaluating
ChatterBot Yankee reevaluating
ChatterBot Hotel reevaluating
ChatterBot Sierra reevaluating
ChatterBot Quebec reevaluating
ChatterBot Papa reevaluating
ChatterBot X-ray reevaluating
ChatterBot Yankee reevaluating
ChatterBot Hotel reevaluating
ChatterBot Sierra reevaluating
ChatterBot Bravo reevaluating
ChatterBot Papa reevaluating
ChatterBot X-ray reevaluating
ChatterBot Yankee reevaluating
ChatterBot Hotel reevaluating
ChatterBot Sierra reevaluating
ChatterBot Bravo reevaluating
ChatterBot Quebec reevaluating
ChatterBot X-ray reevaluating
ChatterBot Yankee reevaluating
ChatterBot Hotel reevaluating
ChatterBot Sierra reevaluating
ChatterBot Bravo reevaluating
ChatterBot Quebec reevaluating
ChatterBot Papa reevaluating
ChatterBot Yankee reevaluating
ChatterBot Hotel reevaluating
ChatterBot Sierra reevaluating
ChatterBot Bravo reevaluating
ChatterBot Quebec reevaluating
ChatterBot Papa reevaluating
ChatterBot X-ray reevaluating
ChatterBot Quebec round 2
ChatterBot Yankee round 2
2024-10-14 22:28:17.760368 Quebec: Let's form a team
ChatterBot Papa reevaluating
ChatterBot Yankee reevaluating
2024-10-14 22:28:17.791148 November: Yes
2024-10-14 22:28:17.792620 Hotel: Yes
2024-10-14 22:28:17.793182 Mike: No
2024-10-14 22:28:17.794781 Sierra: Yes
2024-10-14 22:28:17.796178 Bravo: No
2024-10-14 22:28:17.796310 Papa: Yes
2024-10-14 22:28:17.796492 X-ray: No
2024-10-14 22:28:17.796735 Yankee: Yes
ChatterBot Papa reevaluating
ChatterBot Yankee reevaluating
ChatterBot Papa reevaluating
ChatterBot Yankee reevaluating
ChatterBot Papa reevaluating
ChatterBot Yankee reevaluating
ChatterBot Papa reevaluating
ChatterBot Yankee reevaluating
ChatterBot Papa reevaluating
ChatterBot Yankee reevaluating
ChatterBot Mike reevaluating
ChatterBot X-ray reevaluating
ChatterBot Yankee reevaluating
ChatterBot Mike reevaluating
ChatterBot Papa reevaluating
ChatterBot Yankee reevaluating
ChatterBot Mike reevaluating
ChatterBot Papa reevaluating
ChatterBot X-ray reevaluating
2024-10-14 22:28:18.042932 X-ray: We should group up
ChatterBot Mike reevaluating
ChatterBot Bravo reevaluating
ChatterBot Papa reevaluating
ChatterBot Yankee reevaluating
2024-10-14 22:28:18.073481 November: Yes
2024-10-14 22:28:18.073651 Hotel: Yes
2024-10-14 22:28:18.073759 Mike: Yes
2024-10-14 22:28:18.073872 Sierra: Yes
2024-10-14 22:28:18.073971 Bravo: Yes
2024-10-14 22:28:18.074067 Quebec: Yes
2024-10-14 22:28:18.074184 Papa: Yes
2024-10-14 22:28:18.074294 Yankee: Yes
ChatterBot Mike reevaluating
ChatterBot Bravo reevaluating
ChatterBot Papa reevaluating
ChatterBot X-ray reevaluating
ChatterBot Yankee reevaluating
ChatterBot Mike reevaluating
ChatterBot Bravo reevaluating
ChatterBot Papa reevaluating
ChatterBot X-ray reevaluating
ChatterBot Yankee reevaluating
ChatterBot Bravo reevaluating
ChatterBot Papa reevaluating
ChatterBot X-ray reevaluating
ChatterBot Yankee reevaluating
ChatterBot Mike reevaluating
ChatterBot Bravo reevaluating
ChatterBot Papa reevaluating
ChatterBot X-ray reevaluating
ChatterBot Yankee reevaluating
ChatterBot Mike reevaluating
ChatterBot Papa reevaluating
ChatterBot X-ray reevaluating
ChatterBot Yankee reevaluating
ChatterBot Mike reevaluating
ChatterBot Bravo reevaluating
ChatterBot Papa reevaluating
ChatterBot X-ray reevaluating
ChatterBot Yankee reevaluating
ChatterBot Mike reevaluating
ChatterBot Bravo reevaluating
ChatterBot X-ray reevaluating
ChatterBot Yankee reevaluating
ChatterBot Mike reevaluating
ChatterBot Bravo reevaluating
ChatterBot Papa reevaluating
ChatterBot X-ray reevaluating
chatterbot Mike submitting transactions
chatterbot November submitting transactions
2024-10-14 22:28:18.720135 November: Papa, Hotel, Mike, Sierra, X-ray, Bravo and Quebec, sending you 2
chatterbot Quebec submitting transactions
2024-10-14 22:28:18.957885 November: Yankee, sending you 1
2024-10-14 22:28:18.958332 Golf: Papa and Yankee, sending you 4
2024-10-14 22:28:18.959003 Quebec: Papa, Hotel, Sierra, X-ray and Bravo, sending you 2
2024-10-14 22:28:18.959372 Hotel: Papa, Sierra, X-ray and Yankee, sending you 1
2024-10-14 22:28:18.959713 Sierra: Papa, Hotel, Mike, November and Yankee, sending you 2
chatterbot Hotel submitting transactions
chatterbot Sierra submitting transactions
chatterbot Mike submitting transactions
2024-10-14 22:28:19.006511 Hotel: Mike, November, Bravo and Quebec, sending you 2
2024-10-14 22:28:19.007478 X-ray: Papa, sending you 8
2024-10-14 22:28:19.007857 Papa: Yankee, sending you 6
2024-10-14 22:28:19.008701 Bravo: Hotel, sending you 2
2024-10-14 22:28:19.009070 Golf: X-ray, sending you 6
2024-10-14 22:28:19.009441 Quebec: Mike, November and Yankee, sending you 3
2024-10-14 22:28:19.010362 Yankee: Papa, sending you 7
2024-10-14 22:28:19.010895 Sierra: X-ray and Quebec, sending you 3
2024-10-14 22:28:19.011754 Mike: Hotel and Quebec, sending you 2
2024-10-14 22:28:19.012431 X-ray: Yankee, sending you 10
2024-10-14 22:28:19.045604 Bravo: Mike, sending you 7
2024-10-14 22:28:19.046600 Sierra: Bravo, sending you 4
2024-10-14 22:28:19.047067 Mike: Sierra, sending you 5
2024-10-14 22:28:19.047953 Yankee: Hotel, Mike, Sierra, November, Bravo and Quebec, sending you 1
2024-10-14 22:28:19.066233 Bravo: Sierra, sending you 6
2024-10-14 22:28:19.066954 Mike: November, sending you 4
2024-10-14 22:28:19.067980 Yankee: X-ray, sending you 4
chatterbot Golf submitting transactions
2024-10-14 22:28:19.083363 Mike: Bravo, sending you 3
2024-10-14 22:28:19.084006 Bravo: Quebec, sending you 3
chatterbot X-ray submitting transactions
chatterbot Yankee submitting transactions
chatterbot Papa submitting transactions
chatterbot Bravo submitting transactions
ChatterBot Papa round 3
ChatterBot Hotel round 3
ChatterBot Golf round 3
ChatterBot Mike round 3
ChatterBot Sierra round 3
ChatterBot November round 3
ChatterBot X-ray round 3
ChatterBot Bravo round 3
ChatterBot Quebec round 3
2024-10-14 22:28:19.884313 Papa: We should add Golf
ChatterBot November reevaluating
ChatterBot Hotel reevaluating
ChatterBot Mike reevaluating
ChatterBot Sierra reevaluating
ChatterBot Bravo reevaluating
ChatterBot Quebec reevaluating
ChatterBot X-ray reevaluating
2024-10-14 22:28:19.913065 November: Yes
2024-10-14 22:28:19.913237 Hotel: Yes
2024-10-14 22:28:19.913405 Mike: No
2024-10-14 22:28:19.913545 Sierra: Yes
2024-10-14 22:28:19.913720 Bravo: No
2024-10-14 22:28:19.913848 Quebec: No
2024-10-14 22:28:19.913965 X-ray: Yes
2024-10-14 22:28:19.914146 Yankee: No
ChatterBot Hotel reevaluating
ChatterBot Mike reevaluating
ChatterBot Sierra reevaluating
ChatterBot Bravo reevaluating
ChatterBot Quebec reevaluating
ChatterBot X-ray reevaluating
ChatterBot November reevaluating
ChatterBot Mike reevaluating
ChatterBot Sierra reevaluating
ChatterBot Bravo reevaluating
ChatterBot Quebec reevaluating
ChatterBot X-ray reevaluating
ChatterBot November reevaluating
ChatterBot Hotel reevaluating
ChatterBot Sierra reevaluating
ChatterBot Bravo reevaluating
ChatterBot Quebec reevaluating
ChatterBot X-ray reevaluating
ChatterBot November reevaluating
ChatterBot Hotel reevaluating
ChatterBot Mike reevaluating
ChatterBot Bravo reevaluating
ChatterBot Quebec reevaluating
ChatterBot X-ray reevaluating
ChatterBot November reevaluating
ChatterBot Hotel reevaluating
ChatterBot Mike reevaluating
ChatterBot Sierra reevaluating
ChatterBot Quebec reevaluating
ChatterBot X-ray reevaluating
ChatterBot November reevaluating
ChatterBot Hotel reevaluating
ChatterBot Mike reevaluating
ChatterBot Sierra reevaluating
ChatterBot Bravo reevaluating
ChatterBot X-ray reevaluating
ChatterBot November reevaluating
ChatterBot Hotel reevaluating
ChatterBot Mike reevaluating
ChatterBot Sierra reevaluating
ChatterBot Bravo reevaluating
ChatterBot Quebec reevaluating
ChatterBot November reevaluating
ChatterBot Hotel reevaluating
ChatterBot Mike reevaluating
ChatterBot Sierra reevaluating
ChatterBot Bravo reevaluating
ChatterBot Quebec reevaluating
ChatterBot X-ray reevaluating
ChatterBot Yankee round 3
2024-10-14 22:28:20.265164 Papa: Golf we want you to join our group
2024-10-14 22:28:20.268557 Golf: No
ChatterBot X-ray reevaluating
ChatterBot Yankee reevaluating
ChatterBot Hotel reevaluating
ChatterBot Mike reevaluating
ChatterBot Sierra reevaluating
ChatterBot November reevaluating
ChatterBot Bravo reevaluating
ChatterBot Quebec reevaluating
2024-10-14 22:28:20.368286 Yankee: We should add Golf
ChatterBot November reevaluating
ChatterBot Hotel reevaluating
ChatterBot Mike reevaluating
ChatterBot Sierra reevaluating
ChatterBot Bravo reevaluating
ChatterBot Quebec reevaluating
ChatterBot X-ray reevaluating
2024-10-14 22:28:20.444800 November: Yes
2024-10-14 22:28:20.445626 Hotel: Yes
2024-10-14 22:28:20.445864 Mike: No
2024-10-14 22:28:20.446042 Sierra: Yes
2024-10-14 22:28:20.446220 Bravo: No
2024-10-14 22:28:20.446435 Quebec: No
2024-10-14 22:28:20.447073 Papa: Yes
2024-10-14 22:28:20.447259 X-ray: Yes
ChatterBot Hotel reevaluating
ChatterBot Mike reevaluating
ChatterBot Sierra reevaluating
ChatterBot Bravo reevaluating
ChatterBot Quebec reevaluating
ChatterBot X-ray reevaluating
ChatterBot Yankee reevaluating
ChatterBot November reevaluating
ChatterBot Mike reevaluating
ChatterBot Sierra reevaluating
ChatterBot Bravo reevaluating
ChatterBot Quebec reevaluating
ChatterBot X-ray reevaluating
ChatterBot Yankee reevaluating
ChatterBot November reevaluating
ChatterBot Hotel reevaluating
ChatterBot Sierra reevaluating
ChatterBot Bravo reevaluating
ChatterBot Quebec reevaluating
ChatterBot X-ray reevaluating
ChatterBot Yankee reevaluating
ChatterBot November reevaluating
ChatterBot Hotel reevaluating
ChatterBot Mike reevaluating
ChatterBot Bravo reevaluating
ChatterBot Quebec reevaluating
ChatterBot X-ray reevaluating
ChatterBot Yankee reevaluating
ChatterBot November reevaluating
ChatterBot Hotel reevaluating
ChatterBot Mike reevaluating
ChatterBot Sierra reevaluating
ChatterBot Quebec reevaluating
ChatterBot X-ray reevaluating
ChatterBot Yankee reevaluating
ChatterBot November reevaluating
ChatterBot Hotel reevaluating
ChatterBot Mike reevaluating
ChatterBot Sierra reevaluating
ChatterBot Bravo reevaluating
ChatterBot X-ray reevaluating
ChatterBot Yankee reevaluating
ChatterBot November reevaluating
ChatterBot Hotel reevaluating
ChatterBot Mike reevaluating
ChatterBot Sierra reevaluating
ChatterBot Bravo reevaluating
ChatterBot Quebec reevaluating
ChatterBot X-ray reevaluating
ChatterBot Yankee reevaluating
ChatterBot November reevaluating
ChatterBot Hotel reevaluating
ChatterBot Mike reevaluating
ChatterBot Sierra reevaluating
ChatterBot Bravo reevaluating
ChatterBot Quebec reevaluating
ChatterBot Yankee reevaluating
2024-10-14 22:28:20.716149 November: Golf we want you to join our group
2024-10-14 22:28:20.720453 Golf: No
ChatterBot Yankee reevaluating
ChatterBot November reevaluating
2024-10-14 22:28:20.748642 X-ray: Golf we want you to join our group
2024-10-14 22:28:20.751799 Golf: No
ChatterBot Yankee reevaluating
ChatterBot November reevaluating
2024-10-14 22:28:20.777583 Hotel: Golf we want you to join our group
2024-10-14 22:28:20.781058 Golf: No
ChatterBot Yankee reevaluating
ChatterBot November reevaluating
2024-10-14 22:28:20.807372 Sierra: Golf we want you to join our group
2024-10-14 22:28:20.810554 Golf: No
ChatterBot Yankee reevaluating
2024-10-14 22:28:20.836117 Golf: Papa and Yankee, sending you 4
2024-10-14 22:28:20.850985 Golf: X-ray, sending you 8
2024-10-14 22:28:20.851308 Quebec: Hotel, sending you 3
2024-10-14 22:28:20.852067 Bravo: Hotel and Quebec, sending you 3
2024-10-14 22:28:20.852358 Papa: Hotel, Sierra, November and Quebec, sending you 1
2024-10-14 22:28:20.852738 Mike: Hotel, sending you 2
2024-10-14 22:28:20.853082 Yankee: Golf we want you to join our group
2024-10-14 22:28:20.857158 Golf: No
2024-10-14 22:28:20.881668 Bravo: Mike and Sierra, sending you 5
2024-10-14 22:28:20.882105 Quebec: Mike, Sierra, November and Bravo, sending you 4
2024-10-14 22:28:20.882835 Papa: Golf, sending you 2
2024-10-14 22:28:20.883205 Mike: Sierra, November and Quebec, sending you 3
2024-10-14 22:28:20.920954 X-ray: Papa, Sierra, November and Quebec, sending you 2
2024-10-14 22:28:20.921955 Sierra: Papa and Yankee, sending you 1
2024-10-14 22:28:20.922296 Hotel: Papa, Mike, Sierra, November, Bravo, Quebec and Yankee, sending you 2
2024-10-14 22:28:20.923093 Bravo: November, sending you 2
2024-10-14 22:28:20.923402 Papa: X-ray and Yankee, sending you 5
2024-10-14 22:28:20.923746 Mike: Bravo, sending you 5
2024-10-14 22:28:20.938690 Sierra: Hotel, November and X-ray, sending you 2
2024-10-14 22:28:20.939638 X-ray: Hotel, sending you 1
2024-10-14 22:28:20.939998 Yankee: Papa, sending you 3
2024-10-14 22:28:20.940353 Hotel: Golf and X-ray, sending you 1
2024-10-14 22:28:20.941209 November: Papa, sending you 1
chatterbot Golf submitting transactions
2024-10-14 22:28:20.978148 X-ray: Golf, sending you 4
2024-10-14 22:28:20.979203 November: Hotel, Mike, Sierra, X-ray, Bravo, Quebec and Yankee, sending you 2
2024-10-14 22:28:20.979656 Sierra: Mike, sending you 4
2024-10-14 22:28:20.980093 Yankee: Hotel, Mike, November and Bravo, sending you 1
2024-10-14 22:28:21.031158 X-ray: Yankee, sending you 5
2024-10-14 22:28:21.032376 Sierra: Bravo, sending you 5
2024-10-14 22:28:21.032865 Yankee: Golf, Sierra and Quebec, sending you 2
2024-10-14 22:28:21.071186 Sierra: Quebec, sending you 3
2024-10-14 22:28:21.071792 Yankee: X-ray, sending you 4
chatterbot Sierra submitting transactions
chatterbot Papa submitting transactions
chatterbot Hotel submitting transactions
chatterbot Bravo submitting transactions
chatterbot X-ray submitting transactions
chatterbot Yankee submitting transactions
chatterbot Mike submitting transactions
chatterbot Quebec submitting transactions
chatterbot November submitting transactions
ChatterBot Papa round 4
ChatterBot Hotel round 4
ChatterBot Golf round 4
ChatterBot Mike round 4
ChatterBot Sierra round 4
ChatterBot November round 4
ChatterBot X-ray round 4
ChatterBot Bravo round 4
ChatterBot Quebec round 4
ChatterBot Yankee round 4
2024-10-14 22:28:22.104940 Papa: Hotel, sending you 2
2024-10-14 22:28:22.108687 Papa: Golf, sending you 3
2024-10-14 22:28:22.111672 November: Papa, Hotel, Mike, Sierra, X-ray, Bravo and Quebec, sending you 2
2024-10-14 22:28:22.112692 Papa: Sierra, November and Quebec, sending you 1
2024-10-14 22:28:22.113846 Sierra: Papa and Golf, sending you 1
2024-10-14 22:28:22.114664 November: Yankee, sending you 1
2024-10-14 22:28:22.115676 Golf: Papa and Yankee, sending you 4
2024-10-14 22:28:22.116458 Papa: X-ray and Yankee, sending you 4
2024-10-14 22:28:22.117185 X-ray: Papa, sending you 3
2024-10-14 22:28:22.118553 Sierra: Hotel, November, X-ray and Yankee, sending you 2
2024-10-14 22:28:22.120895 Golf: X-ray, sending you 8
2024-10-14 22:28:22.121697 X-ray: Hotel and Quebec, sending you 1
2024-10-14 22:28:22.122341 Sierra: Mike and Quebec, sending you 3
2024-10-14 22:28:22.123344 Bravo: Hotel and Quebec, sending you 3
2024-10-14 22:28:22.123871 Hotel: Papa, Mike, Sierra, November, X-ray, Bravo, Quebec and Yankee, sending you 2
2024-10-14 22:28:22.124695 Yankee: Papa and X-ray, sending you 3
2024-10-14 22:28:22.125692 X-ray: Golf, sending you 5
2024-10-14 22:28:22.126679 Mike: Hotel and November, sending you 2
2024-10-14 22:28:22.127881 Sierra: Bravo, sending you 4
2024-10-14 22:28:22.128719 Hotel: Golf, sending you 1
2024-10-14 22:28:22.129396 Bravo: Mike and Sierra, sending you 5
2024-10-14 22:28:22.130683 Yankee: Hotel, Golf, Sierra and November, sending you 2
2024-10-14 22:28:22.131315 X-ray: Sierra and November, sending you 2
2024-10-14 22:28:22.132445 Mike: Sierra and Quebec, sending you 3
2024-10-14 22:28:22.133676 Bravo: November, sending you 2
2024-10-14 22:28:22.134647 Yankee: Mike, Bravo and Quebec, sending you 1
2024-10-14 22:28:22.135330 Quebec: Hotel, sending you 3
2024-10-14 22:28:22.135747 X-ray: Yankee, sending you 4
2024-10-14 22:28:22.136664 Mike: Bravo, sending you 5
2024-10-14 22:28:22.138675 Quebec: Mike, Sierra, November and Bravo, sending you 4
2024-10-14 22:28:22.140680 Mike: Yankee, sending you 1
chatterbot Bravo submitting transactions
chatterbot Hotel submitting transactions
chatterbot Golf submitting transactions
chatterbot Papa submitting transactions
chatterbot Mike submitting transactions
chatterbot Sierra submitting transactions
chatterbot Yankee submitting transactions
chatterbot November submitting transactions
chatterbot X-ray submitting transactions
chatterbot Quebec submitting transactions
ChatterBot Papa round 5
ChatterBot Hotel round 5
ChatterBot Golf round 5
ChatterBot Mike round 5
ChatterBot Sierra round 5
ChatterBot November round 5
ChatterBot X-ray round 5
ChatterBot Bravo round 5
ChatterBot Quebec round 5
ChatterBot Yankee round 5
2024-10-14 22:28:23.395685 Hotel: Papa, Mike, Sierra, November, X-ray, Bravo, Quebec and Yankee, sending you 2
2024-10-14 22:28:23.396466 Quebec: Hotel, sending you 3
2024-10-14 22:28:23.397041 Mike: Hotel, sending you 2
2024-10-14 22:28:23.397676 Golf: Papa, sending you 5
2024-10-14 22:28:23.399667 Hotel: Golf, sending you 1
2024-10-14 22:28:23.400718 Mike: Sierra, November and Quebec, sending you 3
2024-10-14 22:28:23.401130 Papa: Hotel and November, sending you 2
2024-10-14 22:28:23.401773 Quebec: Mike, Sierra, November and Bravo, sending you 4
2024-10-14 22:28:23.402220 Golf: X-ray, sending you 7
2024-10-14 22:28:23.403687 November: Papa, sending you 1
2024-10-14 22:28:23.404702 Mike: Bravo, sending you 5
2024-10-14 22:28:23.405120 Yankee: Papa and X-ray, sending you 3
2024-10-14 22:28:23.405713 Papa: Golf, sending you 3
2024-10-14 22:28:23.406457 Sierra: Papa and Golf, sending you 1
2024-10-14 22:28:23.407057 Golf: Yankee, sending you 4
2024-10-14 22:28:23.407360 November: Hotel, Mike, Sierra, X-ray, Bravo, Quebec and Yankee, sending you 2
2024-10-14 22:28:23.408678 Yankee: Hotel, Golf, Sierra and November, sending you 2
2024-10-14 22:28:23.409683 Bravo: Hotel, sending you 3
2024-10-14 22:28:23.410109 Sierra: Hotel, November, X-ray and Yankee, sending you 2
2024-10-14 22:28:23.410778 Papa: Sierra, sending you 1
2024-10-14 22:28:23.411553 X-ray: Papa, sending you 3
2024-10-14 22:28:23.412688 Yankee: Mike, Bravo and Quebec, sending you 1
2024-10-14 22:28:23.413413 Bravo: Mike, sending you 5
2024-10-14 22:28:23.414676 X-ray: Hotel and Quebec, sending you 1
2024-10-14 22:28:23.415693 Sierra: Mike and Quebec, sending you 3
2024-10-14 22:28:23.416336 Papa: X-ray and Yankee, sending you 4
2024-10-14 22:28:23.417671 Bravo: Sierra and Quebec, sending you 4
2024-10-14 22:28:23.418135 X-ray: Golf, sending you 5
2024-10-14 22:28:23.419669 Sierra: Bravo, sending you 4
2024-10-14 22:28:23.420656 Bravo: November, sending you 2
2024-10-14 22:28:23.422695 X-ray: Sierra and November, sending you 2
2024-10-14 22:28:23.427676 X-ray: Yankee, sending you 4
chatterbot Golf submitting transactions
chatterbot Mike submitting transactions
chatterbot Bravo submitting transactions
chatterbot Hotel submitting transactions
chatterbot Quebec submitting transactions
chatterbot Papa submitting transactions
chatterbot X-ray submitting transactions
chatterbot November submitting transactions
chatterbot Yankee submitting transactions
chatterbot Sierra submitting transactions
ChatterBot Papa round 6
ChatterBot Hotel round 6
ChatterBot Golf round 6
ChatterBot Mike round 6
ChatterBot Sierra round 6
ChatterBot November round 6
ChatterBot X-ray round 6
ChatterBot Bravo round 6
ChatterBot Quebec round 6
ChatterBot Yankee round 6
2024-10-14 22:28:24.598677 Papa: Hotel and November, sending you 2
2024-10-14 22:28:24.601670 Papa: Golf, sending you 3
2024-10-14 22:28:24.604662 Papa: Sierra, sending you 1
2024-10-14 22:28:24.609653 Papa: X-ray and Yankee, sending you 4
2024-10-14 22:28:24.610379 Quebec: Hotel and November, sending you 3
2024-10-14 22:28:24.610809 X-ray: Papa, sending you 4
2024-10-14 22:28:24.612054 Hotel: Papa, Mike, Sierra, November, X-ray, Bravo, Quebec and Yankee, sending you 2
2024-10-14 22:28:24.613649 Quebec: Mike and Sierra, sending you 4
2024-10-14 22:28:24.614055 Golf: Papa, sending you 5
2024-10-14 22:28:24.614320 X-ray: Hotel, Sierra and November, sending you 2
2024-10-14 22:28:24.614982 Sierra: Papa and Golf, sending you 1
2024-10-14 22:28:24.615690 November: Papa, sending you 1
2024-10-14 22:28:24.616399 Bravo: Hotel, sending you 3
2024-10-14 22:28:24.616788 Hotel: Golf, sending you 1
2024-10-14 22:28:24.617414 Mike: Hotel and November, sending you 2
2024-10-14 22:28:24.618664 Quebec: Bravo, sending you 5
2024-10-14 22:28:24.619093 Golf: X-ray, sending you 7
2024-10-14 22:28:24.619472 November: Hotel, Mike, Sierra, X-ray, Bravo, Quebec and Yankee, sending you 2
2024-10-14 22:28:24.620114 X-ray: Golf, sending you 5
2024-10-14 22:28:24.620677 Sierra: Hotel, November, X-ray and Yankee, sending you 2
2024-10-14 22:28:24.621224 Bravo: Mike, sending you 5
2024-10-14 22:28:24.622661 Mike: Sierra and Quebec, sending you 3
2024-10-14 22:28:24.623361 Golf: Yankee, sending you 4
2024-10-14 22:28:24.623707 Yankee: Papa and X-ray, sending you 3
2024-10-14 22:28:24.624577 X-ray: Yankee, sending you 3
2024-10-14 22:28:24.625408 Sierra: Mike and Quebec, sending you 3
2024-10-14 22:28:24.626269 Bravo: Sierra and Quebec, sending you 4
2024-10-14 22:28:24.626766 Yankee: Hotel, Golf, Sierra and November, sending you 2
2024-10-14 22:28:24.627707 Mike: Bravo, sending you 5
2024-10-14 22:28:24.629670 Sierra: Bravo, sending you 4
2024-10-14 22:28:24.630674 Yankee: Mike, Bravo and Quebec, sending you 1
2024-10-14 22:28:24.631606 Mike: Yankee, sending you 1
2024-10-14 22:28:24.632970 Bravo: November, sending you 2
chatterbot Hotel submitting transactions
chatterbot Papa submitting transactions
chatterbot Sierra submitting transactions
chatterbot Golf submitting transactions
chatterbot November submitting transactions
chatterbot Yankee submitting transactions
chatterbot Mike submitting transactions
chatterbot Quebec submitting transactions
chatterbot X-ray submitting transactions
chatterbot Bravo submitting transactions
ChatterBot Papa round 7
ChatterBot Hotel round 7
ChatterBot Golf round 7
ChatterBot Mike round 7
ChatterBot Sierra round 7
ChatterBot November round 7
ChatterBot X-ray round 7
ChatterBot Bravo round 7
ChatterBot Quebec round 7
ChatterBot Yankee round 7
2024-10-14 22:28:25.515307 Golf: We should add Hotel
2024-10-14 22:28:25.522427 Papa: Yes
2024-10-14 22:28:25.522638 X-ray: Yes
2024-10-14 22:28:25.522799 Yankee: Yes
ChatterBot Yankee reevaluating
ChatterBot Yankee reevaluating
2024-10-14 22:28:25.548926 Yankee: Can we be friends?
2024-10-14 22:28:25.556380 Papa: Yes
2024-10-14 22:28:25.556573 Golf: Yes
2024-10-14 22:28:25.556759 X-ray: Yes
2024-10-14 22:28:25.556873 Hotel: Yes
ChatterBot Yankee reevaluating
ChatterBot Yankee reevaluating
ChatterBot Yankee reevaluating
ChatterBot Yankee reevaluating
2024-10-14 22:28:25.594085 Golf: Hotel we want you to join our group
2024-10-14 22:28:25.596417 Hotel: Yes
ChatterBot Yankee reevaluating
2024-10-14 22:28:25.607663 Papa: Hotel, sending you 2
2024-10-14 22:28:25.609018 November: Papa, sending you 1
2024-10-14 22:28:25.609839 Hotel: Papa, Mike, Sierra, November, X-ray, Bravo, Quebec and Yankee, sending you 2
2024-10-14 22:28:25.610633 Sierra: Papa and Golf, sending you 1
2024-10-14 22:28:25.612697 Papa: Golf, sending you 3
2024-10-14 22:28:25.614198 Mike: Hotel and November, sending you 2
2024-10-14 22:28:25.615087 X-ray: Papa, sending you 4
2024-10-14 22:28:25.615944 November: Hotel, Mike, Sierra, X-ray, Bravo, Quebec and Yankee, sending you 2
2024-10-14 22:28:25.616815 Hotel: Golf, sending you 1
2024-10-14 22:28:25.618057 Sierra: Hotel, November, X-ray and Yankee, sending you 2
2024-10-14 22:28:25.618989 Bravo: Hotel, sending you 3
2024-10-14 22:28:25.619503 Papa: Sierra and November, sending you 1
2024-10-14 22:28:25.620669 Mike: Sierra and Quebec, sending you 3
2024-10-14 22:28:25.621465 X-ray: Hotel, Sierra and November, sending you 2
2024-10-14 22:28:25.622221 Quebec: Hotel and November, sending you 3
2024-10-14 22:28:25.622689 Bravo: Mike, sending you 5
2024-10-14 22:28:25.623622 Sierra: Mike and Quebec, sending you 3
2024-10-14 22:28:25.624419 Mike: Bravo, sending you 5
2024-10-14 22:28:25.625682 Papa: X-ray, sending you 5
2024-10-14 22:28:25.627097 Golf: Papa, sending you 4
2024-10-14 22:28:25.627446 X-ray: Golf, sending you 5
2024-10-14 22:28:25.628207 Quebec: Mike and Sierra, sending you 4
2024-10-14 22:28:25.628720 Bravo: Sierra and Quebec, sending you 4
2024-10-14 22:28:25.629610 Sierra: Bravo, sending you 4
2024-10-14 22:28:25.630467 Mike: Yankee, sending you 1
2024-10-14 22:28:25.631291 Yankee: Papa and X-ray, sending you 5
2024-10-14 22:28:25.632343 Papa: Yankee, sending you 4
2024-10-14 22:28:25.633296 Golf: Hotel, sending you 2
2024-10-14 22:28:25.633687 Quebec: Bravo, sending you 5
2024-10-14 22:28:25.634204 Bravo: November, sending you 2
2024-10-14 22:28:25.635042 X-ray: Yankee, sending you 3
2024-10-14 22:28:25.637168 Yankee: Hotel, sending you 3
2024-10-14 22:28:25.637695 Golf: X-ray, sending you 7
2024-10-14 22:28:25.641697 Yankee: Golf, sending you 4
2024-10-14 22:28:25.642327 Golf: Yankee, sending you 3
chatterbot X-ray submitting transactions
chatterbot Papa submitting transactions
chatterbot Bravo submitting transactions
chatterbot November submitting transactions
chatterbot Hotel submitting transactions
chatterbot Quebec submitting transactions
chatterbot Sierra submitting transactions
chatterbot Golf submitting transactions
chatterbot Mike submitting transactions
chatterbot Yankee submitting transactions
ChatterBot Papa round 8
ChatterBot Hotel round 8
ChatterBot Golf round 8
ChatterBot Mike round 8
ChatterBot Sierra round 8
ChatterBot November round 8
ChatterBot X-ray round 8
ChatterBot Bravo round 8
ChatterBot Quebec round 8
ChatterBot Yankee round 8
2024-10-14 22:28:26.785688 Mike: Hotel, sending you 2
2024-10-14 22:28:26.789682 Papa: Hotel, sending you 2
2024-10-14 22:28:26.790894 Mike: Sierra, November and Quebec, sending you 3
2024-10-14 22:28:26.791529 November: Papa, Hotel, Mike, Sierra, X-ray, Bravo and Quebec, sending you 2
2024-10-14 22:28:26.794681 Mike: Bravo, sending you 5
2024-10-14 22:28:26.796207 Papa: Golf, sending you 3
2024-10-14 22:28:26.797692 November: Yankee, sending you 1
2024-10-14 22:28:26.800168 Papa: Sierra and November, sending you 1
2024-10-14 22:28:26.801700 Sierra: Papa and Golf, sending you 1
2024-10-14 22:28:26.802741 Yankee: Papa and X-ray, sending you 5
2024-10-14 22:28:26.803217 Quebec: Hotel and November, sending you 3
2024-10-14 22:28:26.804774 Golf: Papa and Yankee, sending you 4
2024-10-14 22:28:26.805445 Bravo: Hotel and November, sending you 2
2024-10-14 22:28:26.806016 Papa: X-ray, sending you 4
2024-10-14 22:28:26.807544 Hotel: Papa, Mike, Sierra, November, X-ray, Bravo and Yankee, sending you 2
2024-10-14 22:28:26.809672 Sierra: Hotel, November, X-ray and Yankee, sending you 2
2024-10-14 22:28:26.811207 Yankee: Hotel, sending you 3
2024-10-14 22:28:26.811813 Quebec: Mike and Sierra, sending you 4
2024-10-14 22:28:26.812707 X-ray: Papa and Yankee, sending you 4
2024-10-14 22:28:26.814566 Golf: Hotel, sending you 2
2024-10-14 22:28:26.815208 Bravo: Mike, sending you 6
2024-10-14 22:28:26.815973 Papa: Yankee, sending you 5
2024-10-14 22:28:26.820307 Hotel: Golf and Quebec, sending you 1
2024-10-14 22:28:26.822872 Sierra: Mike and Quebec, sending you 3
2024-10-14 22:28:26.824625 Yankee: Golf, sending you 4
2024-10-14 22:28:26.826288 Quebec: Bravo, sending you 5
2024-10-14 22:28:26.827206 X-ray: Hotel, sending you 1
2024-10-14 22:28:26.829852 Golf: X-ray, sending you 6
2024-10-14 22:28:26.831394 Bravo: Sierra and Quebec, sending you 4
2024-10-14 22:28:26.832539 Sierra: Bravo, sending you 4
2024-10-14 22:28:26.838419 X-ray: Golf, sending you 5
2024-10-14 22:28:26.843668 X-ray: Sierra and November, sending you 2
chatterbot Yankee submitting transactions
chatterbot Mike submitting transactions
chatterbot Sierra submitting transactions
chatterbot November submitting transactions
chatterbot Papa submitting transactions
chatterbot Hotel submitting transactions
chatterbot X-ray submitting transactions
chatterbot Golf submitting transactions
chatterbot Bravo submitting transactions
chatterbot Quebec submitting transactions
ChatterBot Papa round 9
ChatterBot Hotel round 9
ChatterBot Golf round 9
ChatterBot Mike round 9
ChatterBot Sierra round 9
ChatterBot November round 9
ChatterBot X-ray round 9
ChatterBot Bravo round 9
ChatterBot Quebec round 9
ChatterBot Yankee round 9
2024-10-14 22:28:27.836669 Hotel: Papa, Mike, Sierra, November, X-ray, Bravo and Yankee, sending you 2
2024-10-14 22:28:27.841681 Hotel: Golf and Quebec, sending you 1
2024-10-14 22:28:27.843413 Sierra: Papa, Golf and Yankee, sending you 1
2024-10-14 22:28:27.846677 Quebec: Hotel and November, sending you 3
2024-10-14 22:28:27.847751 Sierra: Hotel, November and X-ray, sending you 2
2024-10-14 22:28:27.849112 November: Papa, Hotel, Mike, Sierra, X-ray, Bravo and Quebec, sending you 2
2024-10-14 22:28:27.850655 Golf: Papa and Yankee, sending you 4
2024-10-14 22:28:27.851097 Bravo: Hotel, sending you 3
2024-10-14 22:28:27.851779 Papa: Hotel and November, sending you 2
2024-10-14 22:28:27.853361 X-ray: Papa and Yankee, sending you 4
2024-10-14 22:28:27.854989 Mike: Hotel and November, sending you 2
2024-10-14 22:28:27.855687 Quebec: Mike and Sierra, sending you 4
2024-10-14 22:28:27.856666 Sierra: Mike and Quebec, sending you 3
2024-10-14 22:28:27.858368 November: Yankee, sending you 1
2024-10-14 22:28:27.859704 Golf: Hotel, sending you 2
2024-10-14 22:28:27.860182 Bravo: Mike, sending you 5
2024-10-14 22:28:27.860808 Papa: Golf, sending you 3
2024-10-14 22:28:27.862241 X-ray: Hotel, sending you 1
2024-10-14 22:28:27.863429 Mike: Sierra and Quebec, sending you 3
2024-10-14 22:28:27.864453 Quebec: Bravo, sending you 5
2024-10-14 22:28:27.864982 Sierra: Bravo, sending you 5
2024-10-14 22:28:27.866235 Yankee: Papa and X-ray, sending you 5
2024-10-14 22:28:27.866794 Golf: X-ray, sending you 6
2024-10-14 22:28:27.867384 Papa: Sierra, sending you 1
2024-10-14 22:28:27.869127 Bravo: Sierra and Quebec, sending you 4
2024-10-14 22:28:27.869709 X-ray: Golf, sending you 5
2024-10-14 22:28:27.870957 Mike: Bravo, sending you 6
2024-10-14 22:28:27.871737 Yankee: Hotel, sending you 3
2024-10-14 22:28:27.872210 Papa: X-ray and Yankee, sending you 4
2024-10-14 22:28:27.873658 Bravo: November, sending you 2
2024-10-14 22:28:27.874676 X-ray: Sierra and November, sending you 2
2024-10-14 22:28:27.875828 Yankee: Golf, sending you 4
chatterbot Mike submitting transactions
chatterbot Yankee submitting transactions
chatterbot Hotel submitting transactions
chatterbot Papa submitting transactions
chatterbot Golf submitting transactions
chatterbot November submitting transactions
chatterbot Sierra submitting transactions
chatterbot Quebec submitting transactions
chatterbot X-ray submitting transactions
chatterbot Bravo submitting transactions
ChatterBot Papa round 10
ChatterBot Hotel round 10
ChatterBot Golf round 10
ChatterBot Mike round 10
ChatterBot Sierra round 10
ChatterBot November round 10
ChatterBot X-ray round 10
ChatterBot Bravo round 10
ChatterBot Quebec round 10
ChatterBot Yankee round 10
2024-10-14 22:28:29.004707 Golf: Papa and Yankee, sending you 4
2024-10-14 22:28:29.007346 Mike: Hotel and November, sending you 2
2024-10-14 22:28:29.009521 Sierra: Papa and Yankee, sending you 1
2024-10-14 22:28:29.014959 Golf: Hotel, sending you 2
2024-10-14 22:28:29.016521 November: Papa, Hotel, Mike, Sierra, X-ray, Bravo and Quebec, sending you 2
2024-10-14 22:28:29.021065 Mike: Sierra and Quebec, sending you 3
2024-10-14 22:28:29.022222 Golf: X-ray, sending you 6
2024-10-14 22:28:29.022913 Sierra: Hotel, November and X-ray, sending you 2
2024-10-14 22:28:29.025198 Papa: Hotel, sending you 2
2024-10-14 22:28:29.026503 November: Yankee, sending you 1
2024-10-14 22:28:29.029362 Quebec: Hotel and November, sending you 3
2024-10-14 22:28:29.030104 Hotel: Papa, Mike, Sierra, November, X-ray, Bravo and Yankee, sending you 2
2024-10-14 22:28:29.032242 X-ray: Papa, Golf and Yankee, sending you 4
2024-10-14 22:28:29.035079 Bravo: Hotel and November, sending you 2
2024-10-14 22:28:29.036744 Mike: Bravo, sending you 6
2024-10-14 22:28:29.037600 Sierra: Mike, sending you 3
2024-10-14 22:28:29.039751 Papa: Golf, sending you 4
2024-10-14 22:28:29.040270 Quebec: Mike and Sierra, sending you 4
2024-10-14 22:28:29.041601 Hotel: Golf and Quebec, sending you 1
2024-10-14 22:28:29.044082 Yankee: Papa and X-ray, sending you 5
2024-10-14 22:28:29.044990 X-ray: Hotel, Sierra and November, sending you 2
2024-10-14 22:28:29.046650 Bravo: Mike, sending you 6
2024-10-14 22:28:29.048271 Sierra: Bravo, sending you 5
2024-10-14 22:28:29.050208 Papa: X-ray and Yankee, sending you 5
2024-10-14 22:28:29.050976 Quebec: Bravo, sending you 5
2024-10-14 22:28:29.051537 Yankee: Hotel, sending you 3
