ChatterBot Romeo round 1
ChatterBot Delta round 1
ChatterBot Lima round 1
ChatterBot Whiskey round 1
ChatterBot Victor round 1
randomSelections Delta: {Delta, Uniform, Victor, Romeo, Whiskey, Zulu} 
2024-10-14 22:28:16.191957 Delta: Can we be friends?
ChatterBot Victor reevaluating
ChatterBot Romeo reevaluating
ChatterBot Whiskey reevaluating
2024-10-14 22:28:16.203565 Victor: Yes
2024-10-14 22:28:16.203777 Romeo: Yes
2024-10-14 22:28:16.204122 Whiskey: Yes
ChatterBot Romeo reevaluating
ChatterBot Whiskey reevaluating
ChatterBot Victor reevaluating
ChatterBot Whiskey reevaluating
ChatterBot Victor reevaluating
ChatterBot Romeo reevaluating
randomSelections Lima: {Lima, Romeo, Kilo, Tango, Charlie, Victor} 
2024-10-14 22:28:16.230141 Lima: We would work well together
ChatterBot Romeo reevaluating
ChatterBot Victor reevaluating
2024-10-14 22:28:16.234962 Romeo: No
2024-10-14 22:28:16.235175 Victor: No
ChatterBot Victor reevaluating
ChatterBot Romeo reevaluating
ChatterBot Charlie round 1
ChatterBot Charlie reevaluating
ChatterBot Charlie reevaluating
ChatterBot Charlie reevaluating
2024-10-14 22:28:16.257173 Charlie: Yes
ChatterBot Romeo reevaluating
ChatterBot Victor reevaluating
ChatterBot Kilo round 1
ChatterBot Kilo reevaluating
ChatterBot Kilo reevaluating
ChatterBot Kilo reevaluating
ChatterBot Kilo reevaluating
2024-10-14 22:28:16.275316 Kilo: Yes
ChatterBot Romeo reevaluating
ChatterBot Charlie reevaluating
ChatterBot Victor reevaluating
ChatterBot Tango round 1
ChatterBot Tango reevaluating
ChatterBot Tango reevaluating
ChatterBot Tango reevaluating
ChatterBot Tango reevaluating
ChatterBot Tango reevaluating
2024-10-14 22:28:16.296806 Tango: Yes
ChatterBot Romeo reevaluating
ChatterBot Kilo reevaluating
ChatterBot Charlie reevaluating
ChatterBot Victor reevaluating
ChatterBot Zulu round 1
ChatterBot Zulu reevaluating
ChatterBot Zulu reevaluating
ChatterBot Zulu reevaluating
ChatterBot Zulu reevaluating
2024-10-14 22:28:16.318464 Zulu: Yes
ChatterBot Victor reevaluating
ChatterBot Romeo reevaluating
ChatterBot Whiskey reevaluating
ChatterBot Uniform round 1
ChatterBot Uniform reevaluating
ChatterBot Uniform reevaluating
ChatterBot Uniform reevaluating
ChatterBot Uniform reevaluating
ChatterBot Uniform reevaluating
2024-10-14 22:28:16.340477 Uniform: Yes
ChatterBot Victor reevaluating
ChatterBot Romeo reevaluating
ChatterBot Whiskey reevaluating
ChatterBot Zulu reevaluating
2024-10-14 22:28:16.379801 Lima: Romeo and Tango, sending you 4
2024-10-14 22:28:16.380179 Romeo: Delta, sending you 3
2024-10-14 22:28:16.383032 Romeo: Whiskey, sending you 1
2024-10-14 22:28:16.383662 Delta: Romeo, sending you 7
2024-10-14 22:28:16.383984 Victor: Romeo, sending you 5
2024-10-14 22:28:16.384814 Lima: Victor, sending you 5
2024-10-14 22:28:16.385686 Romeo: Victor and Uniform, sending you 2
2024-10-14 22:28:16.386683 Victor: Delta, sending you 6
2024-10-14 22:28:16.387679 Charlie: Romeo, sending you 5
2024-10-14 22:28:16.388442 Lima: Charlie, sending you 2
2024-10-14 22:28:16.388723 Delta: Whiskey, sending you 5
2024-10-14 22:28:16.389062 Romeo: Zulu, sending you 7
2024-10-14 22:28:16.390686 Charlie: Lima, sending you 2
2024-10-14 22:28:16.391689 Victor: Whiskey, sending you 1
2024-10-14 22:28:16.392659 Lima: Kilo, sending you 1
2024-10-14 22:28:16.394105 Delta: Victor and Uniform, sending you 2
2024-10-14 22:28:16.394514 Tango: Romeo, sending you 4
2024-10-14 22:28:16.394894 Kilo: Romeo, Lima, Victor and Charlie, sending you 2
2024-10-14 22:28:16.395970 Uniform: Romeo and Delta, sending you 2
2024-10-14 22:28:16.396370 Charlie: Victor, sending you 6
2024-10-14 22:28:16.396744 Zulu: Romeo, sending you 3
2024-10-14 22:28:16.397190 Victor: Zulu, sending you 2
2024-10-14 22:28:16.398106 Delta: Zulu, sending you 3
2024-10-14 22:28:16.398551 Tango: Lima, sending you 7
2024-10-14 22:28:16.399079 Kilo: Tango, sending you 6
2024-10-14 22:28:16.400681 Uniform: Whiskey, sending you 7
2024-10-14 22:28:16.401001 Zulu: Whiskey, sending you 5
2024-10-14 22:28:16.401700 Charlie: Kilo, sending you 1
2024-10-14 22:28:16.402574 Victor: Uniform, sending you 4
2024-10-14 22:28:16.402874 Tango: Victor, sending you 5
2024-10-14 22:28:16.403692 Zulu: Victor, sending you 6
2024-10-14 22:28:16.405672 Uniform: Victor, sending you 1
2024-10-14 22:28:16.406598 Charlie: Tango, sending you 3
2024-10-14 22:28:16.407144 Tango: Kilo, sending you 3
2024-10-14 22:28:16.408650 Uniform: Zulu, sending you 4
2024-10-14 22:28:16.409660 Zulu: Uniform, sending you 4
chatterbot Romeo submitting transactions
chatterbot Zulu submitting transactions
chatterbot Delta submitting transactions
chatterbot Lima submitting transactions
chatterbot Uniform submitting transactions
chatterbot Kilo submitting transactions
chatterbot Tango submitting transactions
chatterbot Whiskey submitting transactions
chatterbot Charlie submitting transactions
chatterbot Victor submitting transactions
ChatterBot Romeo round 2
ChatterBot Delta round 2
ChatterBot Lima round 2
ChatterBot Whiskey round 2
ChatterBot Victor round 2
2024-10-14 22:28:20.731051 Romeo: Friends?
ChatterBot Delta reevaluating
ChatterBot Victor reevaluating
ChatterBot Zulu reevaluating
ChatterBot Uniform reevaluating
ChatterBot Lima reevaluating
ChatterBot Charlie reevaluating
ChatterBot Kilo reevaluating
ChatterBot Tango reevaluating
2024-10-14 22:28:20.826349 Delta: No
2024-10-14 22:28:20.826549 Victor: No
2024-10-14 22:28:20.826686 Zulu: No
2024-10-14 22:28:20.826806 Uniform: No
2024-10-14 22:28:20.826932 Lima: No
2024-10-14 22:28:20.827068 Charlie: No
2024-10-14 22:28:20.827797 Kilo: No
2024-10-14 22:28:20.827917 Tango: No
ChatterBot Victor reevaluating
ChatterBot Zulu reevaluating
ChatterBot Uniform reevaluating
ChatterBot Lima reevaluating
ChatterBot Charlie reevaluating
ChatterBot Kilo reevaluating
ChatterBot Tango reevaluating
ChatterBot Delta reevaluating
ChatterBot Zulu reevaluating
ChatterBot Uniform reevaluating
ChatterBot Lima reevaluating
ChatterBot Charlie reevaluating
ChatterBot Kilo reevaluating
ChatterBot Tango reevaluating
ChatterBot Delta reevaluating
ChatterBot Victor reevaluating
ChatterBot Uniform reevaluating
ChatterBot Lima reevaluating
ChatterBot Charlie reevaluating
ChatterBot Kilo reevaluating
ChatterBot Tango reevaluating
ChatterBot Delta reevaluating
ChatterBot Victor reevaluating
ChatterBot Zulu reevaluating
ChatterBot Lima reevaluating
ChatterBot Charlie reevaluating
ChatterBot Kilo reevaluating
ChatterBot Tango reevaluating
ChatterBot Delta reevaluating
ChatterBot Victor reevaluating
ChatterBot Zulu reevaluating
ChatterBot Uniform reevaluating
ChatterBot Charlie reevaluating
ChatterBot Kilo reevaluating
ChatterBot Tango reevaluating
ChatterBot Delta reevaluating
ChatterBot Victor reevaluating
ChatterBot Zulu reevaluating
ChatterBot Uniform reevaluating
ChatterBot Lima reevaluating
ChatterBot Kilo reevaluating
ChatterBot Tango reevaluating
ChatterBot Delta reevaluating
ChatterBot Victor reevaluating
ChatterBot Zulu reevaluating
ChatterBot Uniform reevaluating
ChatterBot Lima reevaluating
ChatterBot Charlie reevaluating
ChatterBot Tango reevaluating
ChatterBot Delta reevaluating
ChatterBot Victor reevaluating
ChatterBot Zulu reevaluating
ChatterBot Uniform reevaluating
ChatterBot Lima reevaluating
ChatterBot Charlie reevaluating
ChatterBot Kilo reevaluating
ChatterBot Charlie round 2
ChatterBot Kilo round 2
ChatterBot Tango round 2
ChatterBot Zulu round 2
ChatterBot Uniform round 2
2024-10-14 22:28:21.581427 Victor: We should drop Whiskey
ChatterBot Zulu reevaluating
2024-10-14 22:28:21.594098 Romeo: Yes
2024-10-14 22:28:21.594270 Delta: No
2024-10-14 22:28:21.594393 Zulu: Yes
2024-10-14 22:28:21.594541 Uniform: Yes
ChatterBot Zulu reevaluating
ChatterBot Zulu reevaluating
ChatterBot Delta reevaluating
ChatterBot Delta reevaluating
ChatterBot Zulu reevaluating
2024-10-14 22:28:21.651310 Lima: We should drop Victor
2024-10-14 22:28:21.663556 Charlie: Yes
2024-10-14 22:28:21.663748 Kilo: Yes
2024-10-14 22:28:21.663919 Tango: Yes
2024-10-14 22:28:21.664116 Romeo: No
2024-10-14 22:28:21.712748 Kilo: We should drop Romeo and Victor
2024-10-14 22:28:21.721862 Lima: No
2024-10-14 22:28:21.722028 Charlie: Yes
2024-10-14 22:28:21.722148 Tango: Yes
ChatterBot Lima reevaluating
ChatterBot Lima reevaluating
2024-10-14 22:28:21.753475 Romeo: Delta, sending you 3
2024-10-14 22:28:21.757695 Whiskey: Romeo and Victor, sending you 1
2024-10-14 22:28:21.758158 Romeo: Lima, Victor, Charlie, Tango and Zulu, sending you 2
2024-10-14 22:28:21.761682 Whiskey: Delta and Zulu, sending you 4
2024-10-14 22:28:21.762680 Romeo: Kilo and Uniform, sending you 1
2024-10-14 22:28:21.766664 Whiskey: Uniform, sending you 6
2024-10-14 22:28:21.768367 Kilo: Lima and Charlie, sending you 4
2024-10-14 22:28:21.772673 Kilo: Tango, sending you 8
2024-10-14 22:28:21.773749 Victor: Romeo and Delta, sending you 4
2024-10-14 22:28:21.775901 Uniform: Romeo and Delta, sending you 3
2024-10-14 22:28:21.777669 Victor: Zulu, sending you 8
2024-10-14 22:28:21.778680 Delta: Romeo, sending you 5
2024-10-14 22:28:21.779387 Charlie: Lima, sending you 7
2024-10-14 22:28:21.781060 Uniform: Victor and Zulu, sending you 5
2024-10-14 22:28:21.781651 Victor: Uniform, sending you 2
2024-10-14 22:28:21.781970 Tango: Lima, sending you 6
2024-10-14 22:28:21.783023 Delta: Victor, sending you 7
2024-10-14 22:28:21.783666 Zulu: Romeo, sending you 8
2024-10-14 22:28:21.784760 Charlie: Kilo, sending you 6
2024-10-14 22:28:21.787122 Tango: Charlie, sending you 5
2024-10-14 22:28:21.787683 Delta: Zulu, sending you 3
2024-10-14 22:28:21.788064 Zulu: Delta, sending you 4
2024-10-14 22:28:21.788318 Charlie: Tango, sending you 4
2024-10-14 22:28:21.790663 Lima: Charlie and Kilo, sending you 5
2024-10-14 22:28:21.790972 Tango: Kilo, sending you 8
2024-10-14 22:28:21.791725 Delta: Uniform, sending you 4
2024-10-14 22:28:21.792027 Zulu: Victor, sending you 2
2024-10-14 22:28:21.793660 Lima: Tango, sending you 6
2024-10-14 22:28:21.794693 Zulu: Uniform, sending you 5
chatterbot Romeo submitting transactions
chatterbot Whiskey submitting transactions
chatterbot Tango submitting transactions
chatterbot Kilo submitting transactions
chatterbot Uniform submitting transactions
chatterbot Delta submitting transactions
chatterbot Victor submitting transactions
chatterbot Lima submitting transactions
chatterbot Charlie submitting transactions
chatterbot Zulu submitting transactions
ChatterBot Romeo round 3
ChatterBot Delta round 3
ChatterBot Lima round 3
ChatterBot Whiskey round 3
2024-10-14 22:28:22.859346 Delta: We should add Whiskey
ChatterBot Zulu reevaluating
ChatterBot Uniform reevaluating
2024-10-14 22:28:22.871590 Victor: No
2024-10-14 22:28:22.871777 Romeo: Yes
2024-10-14 22:28:22.872476 Zulu: Yes
2024-10-14 22:28:22.872588 Uniform: Yes
ChatterBot Zulu reevaluating
ChatterBot Uniform reevaluating
ChatterBot Zulu reevaluating
ChatterBot Uniform reevaluating
ChatterBot Uniform reevaluating
ChatterBot Zulu reevaluating
ChatterBot Victor round 3
ChatterBot Charlie round 3
ChatterBot Kilo round 3
ChatterBot Tango round 3
ChatterBot Zulu round 3
ChatterBot Uniform round 3
2024-10-14 22:28:22.931828 Delta: Whiskey we want you to join our group
2024-10-14 22:28:22.934564 Whiskey: Yes
ChatterBot Uniform reevaluating
ChatterBot Victor reevaluating
ChatterBot Zulu reevaluating
2024-10-14 22:28:22.948987 Victor: We should add Whiskey
ChatterBot Zulu reevaluating
ChatterBot Uniform reevaluating
2024-10-14 22:28:22.959678 Romeo: Yes
2024-10-14 22:28:22.959819 Delta: Yes
2024-10-14 22:28:22.959926 Zulu: Yes
2024-10-14 22:28:22.960034 Uniform: Yes
ChatterBot Victor reevaluating
ChatterBot Zulu reevaluating
ChatterBot Uniform reevaluating
ChatterBot Victor reevaluating
ChatterBot Zulu reevaluating
ChatterBot Uniform reevaluating
ChatterBot Victor reevaluating
ChatterBot Uniform reevaluating
ChatterBot Victor reevaluating
ChatterBot Zulu reevaluating
2024-10-14 22:28:23.014116 Romeo: Delta and Zulu, sending you 4
2024-10-14 22:28:23.017660 Zulu: Whiskey we want you to join our group
2024-10-14 22:28:23.020577 Whiskey: Yes
ChatterBot Victor reevaluating
2024-10-14 22:28:23.033510 Uniform: Whiskey we want you to join our group
2024-10-14 22:28:23.036352 Whiskey: Yes
ChatterBot Victor reevaluating
2024-10-14 22:28:23.047935 Romeo: Whiskey and Uniform, sending you 2
2024-10-14 22:28:23.049655 Lima: Charlie and Kilo, sending you 5
2024-10-14 22:28:23.051666 Romeo: Victor, sending you 3
2024-10-14 22:28:23.052239 Tango: Lima, sending you 6
2024-10-14 22:28:23.052634 Charlie: Romeo, Kilo and Tango, sending you 4
2024-10-14 22:28:23.053013 Kilo: Lima, sending you 4
2024-10-14 22:28:23.053346 Delta: Romeo, Whiskey and Uniform, sending you 4
2024-10-14 22:28:23.053872 Whiskey: Romeo and Victor, sending you 1
2024-10-14 22:28:23.054245 Lima: Tango, sending you 6
2024-10-14 22:28:23.054672 Victor: Whiskey we want you to join our group
2024-10-14 22:28:23.058569 Whiskey: Yes
2024-10-14 22:28:23.073240 Tango: Charlie, sending you 4
2024-10-14 22:28:23.073578 Charlie: Lima, sending you 5
2024-10-14 22:28:23.073982 Kilo: Charlie, sending you 5
2024-10-14 22:28:23.074301 Delta: Victor, sending you 5
2024-10-14 22:28:23.074763 Whiskey: Delta and Zulu, sending you 4
2024-10-14 22:28:23.075184 Zulu: Romeo and Uniform, sending you 4
2024-10-14 22:28:23.075658 Tango: Kilo, sending you 9
2024-10-14 22:28:23.076676 Kilo: Tango, sending you 7
2024-10-14 22:28:23.077672 Zulu: Delta and Whiskey, sending you 3
2024-10-14 22:28:23.078685 Delta: Zulu, sending you 2
2024-10-14 22:28:23.079675 Whiskey: Uniform, sending you 6
2024-10-14 22:28:23.080663 Uniform: Romeo, sending you 2
2024-10-14 22:28:23.081172 Zulu: Victor, sending you 5
2024-10-14 22:28:23.084685 Uniform: Delta and Victor, sending you 3
2024-10-14 22:28:23.088679 Uniform: Whiskey and Zulu, sending you 4
2024-10-14 22:28:23.093656 Victor: Romeo, sending you 3
2024-10-14 22:28:23.098927 Victor: Delta, sending you 5
2024-10-14 22:28:23.102656 Victor: Whiskey, sending you 2
2024-10-14 22:28:23.106660 Victor: Zulu and Uniform, sending you 4
chatterbot Tango submitting transactions
chatterbot Lima submitting transactions
chatterbot Kilo submitting transactions
chatterbot Uniform submitting transactions
chatterbot Victor submitting transactions
chatterbot Whiskey submitting transactions
chatterbot Zulu submitting transactions
chatterbot Charlie submitting transactions
chatterbot Romeo submitting transactions
chatterbot Delta submitting transactions
ChatterBot Romeo round 4
ChatterBot Delta round 4
ChatterBot Lima round 4
ChatterBot Whiskey round 4
ChatterBot Victor round 4
ChatterBot Charlie round 4
ChatterBot Kilo round 4
ChatterBot Tango round 4
ChatterBot Zulu round 4
ChatterBot Uniform round 4
2024-10-14 22:28:24.147020 Charlie: We should drop Romeo
2024-10-14 22:28:24.160 Kilo: Yes
2024-10-14 22:28:24.160207 Lima: Yes
2024-10-14 22:28:24.160383 Tango: Yes
2024-10-14 22:28:24.189169 Whiskey: Romeo and Victor, sending you 2
2024-10-14 22:28:24.189730 Romeo: Delta and Zulu, sending you 4
2024-10-14 22:28:24.190156 Delta: Romeo, Whiskey, Victor and Uniform, sending you 4
2024-10-14 22:28:24.191101 Victor: Romeo, sending you 3
2024-10-14 22:28:24.191508 Lima: Charlie and Kilo, sending you 5
2024-10-14 22:28:24.193659 Romeo: Whiskey, sending you 1
2024-10-14 22:28:24.194121 Victor: Delta and Zulu, sending you 5
2024-10-14 22:28:24.195094 Whiskey: Delta, Zulu and Uniform, sending you 4
2024-10-14 22:28:24.195708 Delta: Zulu, sending you 3
2024-10-14 22:28:24.196859 Lima: Tango, sending you 6
2024-10-14 22:28:24.197251 Tango: Lima, sending you 7
2024-10-14 22:28:24.198672 Romeo: Victor and Uniform, sending you 3
2024-10-14 22:28:24.199676 Victor: Whiskey, sending you 1
2024-10-14 22:28:24.201140 Tango: Charlie, sending you 4
2024-10-14 22:28:24.204702 Victor: Uniform, sending you 4
2024-10-14 22:28:24.205711 Uniform: Romeo, sending you 2
2024-10-14 22:28:24.206277 Tango: Kilo, sending you 8
2024-10-14 22:28:24.207138 Charlie: Lima and Kilo, sending you 6
2024-10-14 22:28:24.209055 Zulu: Romeo and Uniform, sending you 4
2024-10-14 22:28:24.209778 Uniform: Delta and Victor, sending you 3
2024-10-14 22:28:24.210316 Kilo: Lima, sending you 5
2024-10-14 22:28:24.211670 Charlie: Tango, sending you 5
2024-10-14 22:28:24.213065 Zulu: Delta and Whiskey, sending you 3
2024-10-14 22:28:24.213583 Uniform: Whiskey and Zulu, sending you 4
2024-10-14 22:28:24.214923 Kilo: Charlie, sending you 4
2024-10-14 22:28:24.215674 Zulu: Victor, sending you 5
2024-10-14 22:28:24.219694 Kilo: Tango, sending you 7
chatterbot Victor submitting transactions
chatterbot Whiskey submitting transactions
chatterbot Uniform submitting transactions
chatterbot Kilo submitting transactions
chatterbot Romeo submitting transactions
chatterbot Delta submitting transactions
chatterbot Zulu submitting transactions
chatterbot Lima submitting transactions
chatterbot Tango submitting transactions
chatterbot Charlie submitting transactions
ChatterBot Romeo round 5
ChatterBot Delta round 5
ChatterBot Lima round 5
ChatterBot Whiskey round 5
ChatterBot Victor round 5
ChatterBot Charlie round 5
ChatterBot Kilo round 5
ChatterBot Tango round 5
ChatterBot Zulu round 5
ChatterBot Uniform round 5
2024-10-14 22:28:25.275684 Lima: Charlie and Kilo, sending you 5
2024-10-14 22:28:25.278689 Lima: Tango, sending you 6
2024-10-14 22:28:25.281692 Charlie: Lima and Kilo, sending you 6
2024-10-14 22:28:25.284673 Charlie: Tango, sending you 5
2024-10-14 22:28:25.286275 Victor: Romeo and Uniform, sending you 3
2024-10-14 22:28:25.289180 Romeo: Delta and Zulu, sending you 4
2024-10-14 22:28:25.291673 Victor: Delta, sending you 4
2024-10-14 22:28:25.293675 Kilo: Lima, sending you 5
2024-10-14 22:28:25.294568 Zulu: Romeo and Uniform, sending you 4
2024-10-14 22:28:25.297273 Romeo: Whiskey, sending you 1
2024-10-14 22:28:25.298670 Whiskey: Romeo, sending you 2
2024-10-14 22:28:25.300824 Delta: Romeo, Whiskey, Victor and Uniform, sending you 4
2024-10-14 22:28:25.301742 Tango: Lima, sending you 7
2024-10-14 22:28:25.302962 Kilo: Charlie, sending you 4
2024-10-14 22:28:25.303638 Victor: Whiskey, sending you 2
2024-10-14 22:28:25.304684 Zulu: Delta and Whiskey, sending you 3
2024-10-14 22:28:25.305923 Romeo: Victor and Uniform, sending you 3
2024-10-14 22:28:25.306552 Whiskey: Delta and Zulu, sending you 4
2024-10-14 22:28:25.307079 Delta: Zulu, sending you 3
2024-10-14 22:28:25.307772 Uniform: Romeo, sending you 2
2024-10-14 22:28:25.308829 Tango: Charlie, sending you 4
2024-10-14 22:28:25.309389 Kilo: Tango, sending you 7
2024-10-14 22:28:25.309825 Victor: Zulu, sending you 6
2024-10-14 22:28:25.312040 Zulu: Victor, sending you 5
2024-10-14 22:28:25.315491 Whiskey: Victor, sending you 1
2024-10-14 22:28:25.318410 Tango: Kilo, sending you 8
2024-10-14 22:28:25.318987 Uniform: Delta and Victor, sending you 3
2024-10-14 22:28:25.322839 Whiskey: Uniform, sending you 5
2024-10-14 22:28:25.326478 Uniform: Whiskey and Zulu, sending you 4
chatterbot Whiskey submitting transactions
chatterbot Victor submitting transactions
chatterbot Charlie submitting transactions
chatterbot Lima submitting transactions
chatterbot Kilo submitting transactions
chatterbot Uniform submitting transactions
chatterbot Tango submitting transactions
chatterbot Romeo submitting transactions
chatterbot Zulu submitting transactions
chatterbot Delta submitting transactions
ChatterBot Romeo round 6
ChatterBot Delta round 6
ChatterBot Lima round 6
ChatterBot Whiskey round 6
ChatterBot Victor round 6
ChatterBot Charlie round 6
ChatterBot Kilo round 6
ChatterBot Tango round 6
ChatterBot Zulu round 6
ChatterBot Uniform round 6
2024-10-14 22:28:26.414146 Whiskey: Romeo and Victor, sending you 2
2024-10-14 22:28:26.418740 Whiskey: Delta, Zulu and Uniform, sending you 4
2024-10-14 22:28:26.422688 Romeo: Delta and Zulu, sending you 4
2024-10-14 22:28:26.423471 Delta: Romeo, Whiskey, Victor and Uniform, sending you 4
2024-10-14 22:28:26.424314 Tango: Lima, sending you 7
2024-10-14 22:28:26.425672 Uniform: Romeo, sending you 2
2024-10-14 22:28:26.426690 Kilo: Lima and Charlie, sending you 5
2024-10-14 22:28:26.427194 Romeo: Whiskey, sending you 1
2024-10-14 22:28:26.428594 Delta: Zulu, sending you 3
2024-10-14 22:28:26.429409 Victor: Romeo, Delta and Uniform, sending you 4
2024-10-14 22:28:26.430179 Tango: Charlie, sending you 4
2024-10-14 22:28:26.431206 Uniform: Delta and Victor, sending you 3
2024-10-14 22:28:26.431810 Kilo: Tango, sending you 6
2024-10-14 22:28:26.432160 Romeo: Victor and Uniform, sending you 3
2024-10-14 22:28:26.433448 Lima: Charlie and Kilo, sending you 5
2024-10-14 22:28:26.434055 Zulu: Romeo and Uniform, sending you 4
2024-10-14 22:28:26.434809 Victor: Whiskey, sending you 1
2024-10-14 22:28:26.435416 Charlie: Lima and Kilo, sending you 6
2024-10-14 22:28:26.436319 Tango: Kilo, sending you 8
2024-10-14 22:28:26.436756 Uniform: Whiskey and Zulu, sending you 4
2024-10-14 22:28:26.437485 Lima: Tango, sending you 6
2024-10-14 22:28:26.437896 Victor: Zulu, sending you 5
2024-10-14 22:28:26.439701 Zulu: Delta and Whiskey, sending you 3
2024-10-14 22:28:26.440606 Charlie: Tango, sending you 5
2024-10-14 22:28:26.444954 Zulu: Victor, sending you 5
chatterbot Tango submitting transactions
chatterbot Zulu submitting transactions
chatterbot Kilo submitting transactions
chatterbot Victor submitting transactions
chatterbot Uniform submitting transactions
chatterbot Delta submitting transactions
chatterbot Romeo submitting transactions
chatterbot Charlie submitting transactions
chatterbot Whiskey submitting transactions
chatterbot Lima submitting transactions
ChatterBot Romeo round 7
ChatterBot Delta round 7
ChatterBot Lima round 7
ChatterBot Whiskey round 7
ChatterBot Victor round 7
ChatterBot Charlie round 7
ChatterBot Kilo round 7
ChatterBot Tango round 7
ChatterBot Zulu round 7
ChatterBot Uniform round 7
2024-10-14 22:28:27.627700 Charlie: Lima and Kilo, sending you 6
2024-10-14 22:28:27.629107 Tango: Lima, sending you 7
2024-10-14 22:28:27.629749 Lima: Charlie and Kilo, sending you 5
2024-10-14 22:28:27.632707 Lima: Tango, sending you 6
2024-10-14 22:28:27.633811 Charlie: Tango, sending you 5
2024-10-14 22:28:27.634347 Tango: Charlie, sending you 4
2024-10-14 22:28:27.635747 Romeo: Delta, Victor and Uniform, sending you 3
2024-10-14 22:28:27.636921 Kilo: Lima and Charlie, sending you 5
2024-10-14 22:28:27.639683 Tango: Kilo, sending you 8
2024-10-14 22:28:27.640268 Kilo: Tango, sending you 6
2024-10-14 22:28:27.640836 Romeo: Whiskey, sending you 2
2024-10-14 22:28:27.642254 Victor: Romeo and Uniform, sending you 3
2024-10-14 22:28:27.645149 Delta: Romeo, Whiskey, Victor and Uniform, sending you 4
2024-10-14 22:28:27.646502 Zulu: Romeo and Uniform, sending you 4
2024-10-14 22:28:27.647575 Romeo: Zulu, sending you 4
2024-10-14 22:28:27.648983 Victor: Delta, sending you 4
2024-10-14 22:28:27.649858 Whiskey: Romeo, sending you 1
2024-10-14 22:28:27.650680 Delta: Zulu, sending you 3
2024-10-14 22:28:27.652207 Uniform: Romeo, Delta, Whiskey and Victor, sending you 3
2024-10-14 22:28:27.653349 Zulu: Delta and Whiskey, sending you 3
2024-10-14 22:28:27.654241 Victor: Whiskey, sending you 2
2024-10-14 22:28:27.655739 Whiskey: Delta and Zulu, sending you 4
2024-10-14 22:28:27.656831 Uniform: Zulu, sending you 4
2024-10-14 22:28:27.658338 Zulu: Victor, sending you 5
2024-10-14 22:28:27.659430 Victor: Zulu, sending you 6
2024-10-14 22:28:27.660678 Whiskey: Victor, sending you 2
2024-10-14 22:28:27.665679 Whiskey: Uniform, sending you 5
chatterbot Whiskey submitting transactions
chatterbot Zulu submitting transactions
chatterbot Uniform submitting transactions
chatterbot Victor submitting transactions
chatterbot Delta submitting transactions
chatterbot Romeo submitting transactions
chatterbot Charlie submitting transactions
chatterbot Kilo submitting transactions
chatterbot Lima submitting transactions
chatterbot Tango submitting transactions
ChatterBot Romeo round 8
ChatterBot Delta round 8
ChatterBot Lima round 8
ChatterBot Whiskey round 8
ChatterBot Victor round 8
ChatterBot Charlie round 8
ChatterBot Kilo round 8
ChatterBot Tango round 8
ChatterBot Zulu round 8
ChatterBot Uniform round 8
2024-10-14 22:28:28.829674 Tango: Lima and Kilo, sending you 7
2024-10-14 22:28:28.832750 Tango: Charlie, sending you 5
2024-10-14 22:28:28.833662 Lima: Charlie and Kilo, sending you 5
2024-10-14 22:28:28.834694 Whiskey: Romeo and Victor, sending you 2
2024-10-14 22:28:28.836365 Victor: Romeo and Uniform, sending you 3
2024-10-14 22:28:28.838674 Lima: Tango, sending you 6
2024-10-14 22:28:28.839664 Whiskey: Delta, Zulu and Uniform, sending you 4
2024-10-14 22:28:28.840663 Victor: Delta, sending you 4
2024-10-14 22:28:28.841981 Romeo: Delta, Victor and Uniform, sending you 3
2024-10-14 22:28:28.842823 Charlie: Lima and Kilo, sending you 6
2024-10-14 22:28:28.843926 Kilo: Lima and Charlie, sending you 5
2024-10-14 22:28:28.844413 Delta: Romeo, Whiskey, Victor and Uniform, sending you 4
2024-10-14 22:28:28.845276 Uniform: Romeo, Delta, Whiskey and Victor, sending you 3
2024-10-14 22:28:28.846559 Victor: Whiskey, sending you 2
2024-10-14 22:28:28.847449 Romeo: Whiskey, sending you 2
2024-10-14 22:28:28.848907 Kilo: Tango, sending you 6
2024-10-14 22:28:28.849547 Charlie: Tango, sending you 5
2024-10-14 22:28:28.850282 Delta: Zulu, sending you 3
2024-10-14 22:28:28.851512 Uniform: Zulu, sending you 4
2024-10-14 22:28:28.852497 Victor: Zulu, sending you 6
2024-10-14 22:28:28.853383 Romeo: Zulu, sending you 4
2024-10-14 22:28:28.855003 Zulu: Romeo and Uniform, sending you 4
2024-10-14 22:28:28.860690 Zulu: Delta and Whiskey, sending you 3
2024-10-14 22:28:28.865694 Zulu: Victor, sending you 5
chatterbot Tango submitting transactions
chatterbot Victor submitting transactions
chatterbot Lima submitting transactions
chatterbot Romeo submitting transactions
chatterbot Zulu submitting transactions
chatterbot Kilo submitting transactions
chatterbot Whiskey submitting transactions
chatterbot Uniform submitting transactions
chatterbot Delta submitting transactions
chatterbot Charlie submitting transactions
ChatterBot Romeo round 9
ChatterBot Delta round 9
ChatterBot Lima round 9
ChatterBot Whiskey round 9
ChatterBot Victor round 9
ChatterBot Charlie round 9
ChatterBot Kilo round 9
ChatterBot Tango round 9
ChatterBot Zulu round 9
ChatterBot Uniform round 9
2024-10-14 22:28:30.044673 Lima: Charlie and Kilo, sending you 5
2024-10-14 22:28:30.045670 Romeo: Delta, Victor and Uniform, sending you 3
2024-10-14 22:28:30.047691 Lima: Tango, sending you 6
2024-10-14 22:28:30.049655 Romeo: Whiskey, sending you 2
2024-10-14 22:28:30.051667 Delta: Romeo, Whiskey, Victor and Uniform, sending you 4
2024-10-14 22:28:30.055083 Romeo: Zulu, sending you 4
2024-10-14 22:28:30.056687 Delta: Zulu, sending you 3
2024-10-14 22:28:30.060670 Tango: Lima and Kilo, sending you 7
2024-10-14 22:28:30.061191 Whiskey: Romeo and Victor, sending you 2
2024-10-14 22:28:30.065033 Victor: Romeo and Uniform, sending you 3
2024-10-14 22:28:30.065778 Tango: Charlie, sending you 5
2024-10-14 22:28:30.066182 Charlie: Lima and Kilo, sending you 6
2024-10-14 22:28:30.066523 Whiskey: Delta, Zulu and Uniform, sending you 4
2024-10-14 22:28:30.067552 Kilo: Lima and Charlie, sending you 5
2024-10-14 22:28:30.068115 Zulu: Romeo and Uniform, sending you 4
2024-10-14 22:28:30.069655 Uniform: Romeo, Delta, Whiskey and Victor, sending you 3
2024-10-14 22:28:30.070392 Charlie: Tango, sending you 5
2024-10-14 22:28:30.071718 Victor: Delta, sending you 4
2024-10-14 22:28:30.072479 Kilo: Tango, sending you 6
2024-10-14 22:28:30.073679 Zulu: Delta and Whiskey, sending you 3
2024-10-14 22:28:30.074333 Uniform: Zulu, sending you 4
2024-10-14 22:28:30.077087 Victor: Whiskey, sending you 2
2024-10-14 22:28:30.078720 Zulu: Victor, sending you 5
2024-10-14 22:28:30.082249 Victor: Zulu, sending you 6
chatterbot Charlie submitting transactions
chatterbot Lima submitting transactions
chatterbot Delta submitting transactions
chatterbot Kilo submitting transactions
chatterbot Zulu submitting transactions
chatterbot Victor submitting transactions
chatterbot Tango submitting transactions
chatterbot Whiskey submitting transactions
chatterbot Uniform submitting transactions
chatterbot Romeo submitting transactions
ChatterBot Romeo round 10
ChatterBot Delta round 10
ChatterBot Lima round 10
ChatterBot Whiskey round 10
ChatterBot Victor round 10
ChatterBot Charlie round 10
ChatterBot Kilo round 10
ChatterBot Tango round 10
ChatterBot Zulu round 10
ChatterBot Uniform round 10
2024-10-14 22:28:31.173782 Victor: Romeo and Uniform, sending you 3
2024-10-14 22:28:31.174750 Lima: Charlie and Kilo, sending you 5
2024-10-14 22:28:31.178662 Victor: Delta, sending you 4
2024-10-14 22:28:31.180032 Lima: Tango, sending you 6
2024-10-14 22:28:31.181254 Delta: Romeo, Whiskey, Victor and Uniform, sending you 4
2024-10-14 22:28:31.183683 Victor: Whiskey, sending you 2
2024-10-14 22:28:31.186037 Kilo: Lima and Charlie, sending you 5
2024-10-14 22:28:31.187013 Delta: Zulu, sending you 3
2024-10-14 22:28:31.188834 Romeo: Delta, Victor and Uniform, sending you 3
2024-10-14 22:28:31.191318 Tango: Lima and Kilo, sending you 7
2024-10-14 22:28:31.192384 Victor: Zulu, sending you 6
2024-10-14 22:28:31.194788 Zulu: Romeo and Uniform, sending you 4
2024-10-14 22:28:31.196405 Whiskey: Romeo and Victor, sending you 2
2024-10-14 22:28:31.198119 Kilo: Tango, sending you 6
2024-10-14 22:28:31.198817 Romeo: Whiskey, sending you 2
2024-10-14 22:28:31.199861 Charlie: Lima and Kilo, sending you 6
2024-10-14 22:28:31.200459 Tango: Charlie, sending you 5
2024-10-14 22:28:31.201686 Uniform: Romeo, Delta, Whiskey and Victor, sending you 3
2024-10-14 22:28:31.203346 Zulu: Delta and Whiskey, sending you 3
2024-10-14 22:28:31.205576 Whiskey: Delta, Zulu and Uniform, sending you 4
2024-10-14 22:28:31.206860 Charlie: Tango, sending you 5
2024-10-14 22:28:31.207493 Romeo: Zulu, sending you 4
2024-10-14 22:28:31.208989 Uniform: Zulu, sending you 4
2024-10-14 22:28:31.210169 Zulu: Victor, sending you 5
chatterbot Delta submitting transactions
chatterbot Lima submitting transactions
chatterbot Victor submitting transactions
chatterbot Kilo submitting transactions
chatterbot Tango submitting transactions
chatterbot Romeo submitting transactions
chatterbot Zulu submitting transactions
chatterbot Whiskey submitting transactions
chatterbot Uniform submitting transactions
chatterbot Charlie submitting transactions
ChatterBot Romeo round 11
ChatterBot Delta round 11
ChatterBot Lima round 11
ChatterBot Whiskey round 11
ChatterBot Victor round 11
ChatterBot Charlie round 11
ChatterBot Kilo round 11
ChatterBot Tango round 11
ChatterBot Zulu round 11
ChatterBot Uniform round 11
2024-10-14 22:28:32.306690 Romeo: Delta, Victor and Uniform, sending you 3
2024-10-14 22:28:32.312670 Victor: Romeo and Uniform, sending you 3
2024-10-14 22:28:32.314321 Romeo: Whiskey, sending you 2
2024-10-14 22:28:32.315692 Zulu: Romeo and Uniform, sending you 4
2024-10-14 22:28:32.317485 Tango: Lima and Kilo, sending you 7
2024-10-14 22:28:32.318127 Victor: Delta, sending you 4
2024-10-14 22:28:32.319894 Delta: Romeo, Whiskey, Victor and Uniform, sending you 4
2024-10-14 22:28:32.321211 Romeo: Zulu, sending you 4
2024-10-14 22:28:32.322860 Charlie: Lima and Kilo, sending you 6
2024-10-14 22:28:32.324065 Lima: Charlie and Kilo, sending you 5
2024-10-14 22:28:32.325606 Whiskey: Romeo and Victor, sending you 2
2024-10-14 22:28:32.327709 Tango: Charlie, sending you 5
2024-10-14 22:28:32.329285 Zulu: Delta and Whiskey, sending you 3
2024-10-14 22:28:32.331321 Delta: Zulu, sending you 3
2024-10-14 22:28:32.333712 Victor: Whiskey, sending you 2
2024-10-14 22:28:32.336196 Kilo: Lima and Charlie, sending you 5
2024-10-14 22:28:32.337246 Charlie: Tango, sending you 5
2024-10-14 22:28:32.338815 Lima: Tango, sending you 6
2024-10-14 22:28:32.339605 Whiskey: Delta, Zulu and Uniform, sending you 4
2024-10-14 22:28:32.341671 Zulu: Victor, sending you 5
2024-10-14 22:28:32.343695 Victor: Zulu, sending you 6
2024-10-14 22:28:32.345247 Kilo: Tango, sending you 6
2024-10-14 22:28:32.346576 Uniform: Romeo, Delta, Whiskey and Victor, sending you 3
2024-10-14 22:28:32.352672 Uniform: Zulu, sending you 4
chatterbot Victor submitting transactions
chatterbot Kilo submitting transactions
chatterbot Charlie submitting transactions
chatterbot Zulu submitting transactions
chatterbot Whiskey submitting transactions
chatterbot Uniform submitting transactions
chatterbot Delta submitting transactions
chatterbot Tango submitting transactions
chatterbot Lima submitting transactions
chatterbot Romeo submitting transactions
ChatterBot Romeo round 12
ChatterBot Delta round 12
ChatterBot Lima round 12
ChatterBot Whiskey round 12
ChatterBot Victor round 12
ChatterBot Charlie round 12
ChatterBot Kilo round 12
ChatterBot Tango round 12
ChatterBot Zulu round 12
ChatterBot Uniform round 12
2024-10-14 22:28:33.567720 Whiskey: Romeo and Victor, sending you 2
2024-10-14 22:28:33.569844 Lima: Charlie and Kilo, sending you 5
2024-10-14 22:28:33.571669 Romeo: Delta, Victor and Uniform, sending you 3
2024-10-14 22:28:33.573005 Whiskey: Delta, Zulu and Uniform, sending you 4
2024-10-14 22:28:33.574799 Lima: Tango, sending you 6
2024-10-14 22:28:33.577695 Romeo: Whiskey, sending you 2
2024-10-14 22:28:33.579684 Delta: Romeo, Whiskey, Victor and Uniform, sending you 4
2024-10-14 22:28:33.581385 Victor: Romeo and Uniform, sending you 3
2024-10-14 22:28:33.582216 Romeo: Zulu, sending you 4
2024-10-14 22:28:33.583673 Tango: Lima and Kilo, sending you 7
2024-10-14 22:28:33.584343 Kilo: Lima and Charlie, sending you 5
2024-10-14 22:28:33.585151 Delta: Zulu, sending you 3
2024-10-14 22:28:33.586732 Uniform: Romeo, Delta, Whiskey and Victor, sending you 3
2024-10-14 22:28:33.588580 Victor: Delta, sending you 4
2024-10-14 22:28:33.589824 Tango: Charlie, sending you 5
2024-10-14 22:28:33.590843 Kilo: Tango, sending you 6
2024-10-14 22:28:33.591452 Charlie: Lima and Kilo, sending you 6
2024-10-14 22:28:33.592741 Uniform: Zulu, sending you 4
2024-10-14 22:28:33.593703 Victor: Whiskey, sending you 2
2024-10-14 22:28:33.594669 Charlie: Tango, sending you 5
2024-10-14 22:28:33.596679 Zulu: Romeo and Uniform, sending you 4
2024-10-14 22:28:33.598663 Victor: Zulu, sending you 6
2024-10-14 22:28:33.600683 Zulu: Delta and Whiskey, sending you 3
2024-10-14 22:28:33.606656 Zulu: Victor, sending you 5
chatterbot Kilo submitting transactions
chatterbot Victor submitting transactions
chatterbot Whiskey submitting transactions
chatterbot Lima submitting transactions
chatterbot Delta submitting transactions
chatterbot Zulu submitting transactions
chatterbot Tango submitting transactions
chatterbot Charlie submitting transactions
chatterbot Uniform submitting transactions
chatterbot Romeo submitting transactions
ChatterBot Romeo round 13
ChatterBot Delta round 13
ChatterBot Lima round 13
ChatterBot Whiskey round 13
ChatterBot Victor round 13
ChatterBot Charlie round 13
ChatterBot Kilo round 13
ChatterBot Tango round 13
ChatterBot Zulu round 13
ChatterBot Uniform round 13
2024-10-14 22:28:34.791825 Delta: Romeo, Whiskey, Victor and Zulu, sending you 4
2024-10-14 22:28:34.793682 Lima: Charlie and Kilo, sending you 5
2024-10-14 22:28:34.796027 Victor: Romeo and Uniform, sending you 3
2024-10-14 22:28:34.798981 Kilo: Lima and Charlie, sending you 5
2024-10-14 22:28:34.800551 Whiskey: Romeo and Victor, sending you 2
2024-10-14 22:28:34.803294 Delta: Uniform, sending you 3
2024-10-14 22:28:34.804620 Lima: Tango, sending you 6
2024-10-14 22:28:34.805300 Victor: Delta, sending you 4
2024-10-14 22:28:34.806795 Charlie: Lima and Kilo, sending you 6
2024-10-14 22:28:34.807489 Zulu: Romeo and Uniform, sending you 4
2024-10-14 22:28:34.809009 Kilo: Tango, sending you 6
2024-10-14 22:28:34.809705 Whiskey: Delta, Zulu and Uniform, sending you 4
2024-10-14 22:28:34.810987 Tango: Lima and Kilo, sending you 7
2024-10-14 22:28:34.811556 Romeo: Delta, Victor and Uniform, sending you 3
2024-10-14 22:28:34.812900 Charlie: Tango, sending you 5
2024-10-14 22:28:34.813584 Victor: Whiskey, sending you 2
2024-10-14 22:28:34.814478 Uniform: Romeo, Delta, Whiskey and Victor, sending you 3
2024-10-14 22:28:34.815917 Zulu: Delta and Whiskey, sending you 3
2024-10-14 22:28:34.817339 Tango: Charlie, sending you 5
2024-10-14 22:28:34.818442 Romeo: Whiskey, sending you 2
2024-10-14 22:28:34.819998 Victor: Zulu, sending you 6
2024-10-14 22:28:34.821808 Uniform: Zulu, sending you 4
2024-10-14 22:28:34.823075 Zulu: Victor, sending you 5
2024-10-14 22:28:34.824666 Romeo: Zulu, sending you 4
chatterbot Uniform submitting transactions
chatterbot Tango submitting transactions
chatterbot Romeo submitting transactions
chatterbot Charlie submitting transactions
chatterbot Lima submitting transactions
chatterbot Zulu submitting transactions
chatterbot Kilo submitting transactions
chatterbot Victor submitting transactions
chatterbot Delta submitting transactions
chatterbot Whiskey submitting transactions
ChatterBot Romeo round 14
ChatterBot Delta round 14
ChatterBot Lima round 14
ChatterBot Whiskey round 14
ChatterBot Victor round 14
ChatterBot Charlie round 14
ChatterBot Kilo round 14
ChatterBot Tango round 14
ChatterBot Zulu round 14
ChatterBot Uniform round 14
2024-10-14 22:28:36.008670 Uniform: Romeo, Delta, Whiskey and Victor, sending you 3
2024-10-14 22:28:36.011717 Tango: Lima and Kilo, sending you 7
2024-10-14 22:28:36.012762 Kilo: Lima and Charlie, sending you 5
2024-10-14 22:28:36.015674 Delta: Romeo, Whiskey, Victor and Zulu, sending you 4
2024-10-14 22:28:36.018022 Uniform: Zulu, sending you 4
2024-10-14 22:28:36.019680 Romeo: Delta, Victor and Uniform, sending you 3
2024-10-14 22:28:36.021568 Victor: Romeo and Uniform, sending you 3
2024-10-14 22:28:36.023488 Tango: Charlie, sending you 5
2024-10-14 22:28:36.024342 Kilo: Tango, sending you 6
2024-10-14 22:28:36.025103 Delta: Uniform, sending you 3
2024-10-14 22:28:36.027008 Whiskey: Romeo and Victor, sending you 2
2024-10-14 22:28:36.029008 Zulu: Romeo and Uniform, sending you 4
2024-10-14 22:28:36.030570 Romeo: Whiskey, sending you 2
2024-10-14 22:28:36.032760 Lima: Charlie and Kilo, sending you 5
2024-10-14 22:28:36.033709 Victor: Delta, sending you 4
2024-10-14 22:28:36.036133 Charlie: Lima and Kilo, sending you 6
2024-10-14 22:28:36.037706 Whiskey: Delta, Zulu and Uniform, sending you 4
2024-10-14 22:28:36.039452 Zulu: Delta and Whiskey, sending you 3
2024-10-14 22:28:36.041556 Romeo: Zulu, sending you 4
2024-10-14 22:28:36.043362 Lima: Tango, sending you 6
2024-10-14 22:28:36.043912 Victor: Whiskey, sending you 2
2024-10-14 22:28:36.045777 Charlie: Tango, sending you 5
2024-10-14 22:28:36.046630 Zulu: Victor, sending you 5
2024-10-14 22:28:36.050866 Victor: Zulu, sending you 6
chatterbot Lima submitting transactions
chatterbot Tango submitting transactions
chatterbot Kilo submitting transactions
chatterbot Victor submitting transactions
chatterbot Delta submitting transactions
chatterbot Romeo submitting transactions
chatterbot Whiskey submitting transactions
chatterbot Zulu submitting transactions
chatterbot Charlie submitting transactions
chatterbot Uniform submitting transactions
ChatterBot Romeo round 15
ChatterBot Delta round 15
ChatterBot Lima round 15
ChatterBot Whiskey round 15
ChatterBot Victor round 15
ChatterBot Charlie round 15
ChatterBot Kilo round 15
ChatterBot Tango round 15
ChatterBot Zulu round 15
ChatterBot Uniform round 15
2024-10-14 22:28:37.267688 Tango: Lima and Kilo, sending you 7
2024-10-14 22:28:37.269984 Lima: Charlie and Kilo, sending you 5
2024-10-14 22:28:37.270913 Uniform: Romeo, Delta, Whiskey and Victor, sending you 3
2024-10-14 22:28:37.273118 Romeo: Delta, Victor and Uniform, sending you 3
2024-10-14 22:28:37.274734 Charlie: Lima and Kilo, sending you 6
2024-10-14 22:28:37.275393 Tango: Charlie, sending you 5
2024-10-14 22:28:37.275956 Zulu: Romeo and Uniform, sending you 4
