ChatterBot India round 1
ChatterBot Romeo round 1
ChatterBot Bravo round 1
ChatterBot Delta round 1
ChatterBot Tango round 1
ChatterBot Hotel round 1
ChatterBot Victor round 1
ChatterBot Papa round 1
ChatterBot Lima round 1
ChatterBot Oscar round 1
randomSelections Delta: {Delta, Oscar, Hotel, Tango, Victor, India} 
2024-10-14 22:28:16.133762 Delta: Group up?
ChatterBot Oscar reevaluating
ChatterBot Hotel reevaluating
ChatterBot Tango reevaluating
ChatterBot Victor reevaluating
ChatterBot India reevaluating
2024-10-14 22:28:16.147861 Oscar: Yes
2024-10-14 22:28:16.148189 Hotel: Yes
2024-10-14 22:28:16.149390 Tango: Yes
2024-10-14 22:28:16.149767 Victor: Yes
2024-10-14 22:28:16.149944 India: Yes
ChatterBot Hotel reevaluating
ChatterBot Tango reevaluating
ChatterBot Victor reevaluating
ChatterBot India reevaluating
ChatterBot Oscar reevaluating
ChatterBot Tango reevaluating
ChatterBot Victor reevaluating
ChatterBot India reevaluating
ChatterBot Oscar reevaluating
ChatterBot Hotel reevaluating
ChatterBot Victor reevaluating
ChatterBot India reevaluating
ChatterBot Oscar reevaluating
ChatterBot Hotel reevaluating
ChatterBot Tango reevaluating
ChatterBot India reevaluating
ChatterBot Oscar reevaluating
ChatterBot Hotel reevaluating
ChatterBot Tango reevaluating
ChatterBot Victor reevaluating
randomSelections Romeo: {Romeo, Papa, Hotel, Lima, Delta, Bravo, Victor} 
2024-10-14 22:28:16.232182 Romeo: Friends?
ChatterBot Papa reevaluating
ChatterBot Hotel reevaluating
ChatterBot Lima reevaluating
ChatterBot Bravo reevaluating
ChatterBot Victor reevaluating
2024-10-14 22:28:16.255236 Papa: Yes
2024-10-14 22:28:16.256393 Hotel: No
2024-10-14 22:28:16.256593 Lima: Yes
2024-10-14 22:28:16.256740 Delta: No
2024-10-14 22:28:16.256924 Bravo: Yes
2024-10-14 22:28:16.257059 Victor: No
ChatterBot Hotel reevaluating
ChatterBot Lima reevaluating
ChatterBot Bravo reevaluating
ChatterBot Victor reevaluating
ChatterBot Papa reevaluating
ChatterBot Lima reevaluating
ChatterBot Bravo reevaluating
ChatterBot Victor reevaluating
ChatterBot Papa reevaluating
ChatterBot Hotel reevaluating
ChatterBot Bravo reevaluating
ChatterBot Victor reevaluating
ChatterBot Papa reevaluating
ChatterBot Hotel reevaluating
ChatterBot Lima reevaluating
ChatterBot Bravo reevaluating
ChatterBot Victor reevaluating
ChatterBot Papa reevaluating
ChatterBot Hotel reevaluating
ChatterBot Lima reevaluating
ChatterBot Victor reevaluating
ChatterBot Papa reevaluating
ChatterBot Hotel reevaluating
ChatterBot Lima reevaluating
ChatterBot Bravo reevaluating
2024-10-14 22:28:16.383658 Tango: India, sending you 2
2024-10-14 22:28:16.384036 Victor: India and Delta, sending you 1
2024-10-14 22:28:16.384815 Romeo: Delta and Papa, sending you 1
2024-10-14 22:28:16.386672 Oscar: India, sending you 1
2024-10-14 22:28:16.386952 Tango: Delta, sending you 4
2024-10-14 22:28:16.388686 Victor: Tango, sending you 3
2024-10-14 22:28:16.388948 Romeo: Hotel, sending you 4
2024-10-14 22:28:16.389680 India: Delta, sending you 1
2024-10-14 22:28:16.390724 Oscar: Delta, Tango, Hotel and Victor, sending you 2
2024-10-14 22:28:16.391072 Tango: Hotel and Victor, sending you 6
2024-10-14 22:28:16.391688 Delta: India and Victor, sending you 1
2024-10-14 22:28:16.392725 Hotel: India, sending you 1
2024-10-14 22:28:16.394095 Lima: Romeo, Bravo, Delta and Victor, sending you 2
2024-10-14 22:28:16.394562 Victor: Hotel, sending you 5
2024-10-14 22:28:16.394960 Romeo: Victor, sending you 6
2024-10-14 22:28:16.395437 Papa: Romeo and Hotel, sending you 2
2024-10-14 22:28:16.396159 India: Tango, Victor and Oscar, sending you 3
2024-10-14 22:28:16.396418 Bravo: Romeo, Delta, Hotel, Victor and Lima, sending you 2
2024-10-14 22:28:16.396784 Hotel: Delta and Oscar, sending you 6
2024-10-14 22:28:16.398090 Delta: Tango, sending you 2
2024-10-14 22:28:16.398573 Lima: Hotel and Papa, sending you 4
2024-10-14 22:28:16.399061 India: Hotel, sending you 4
2024-10-14 22:28:16.399742 Victor: Oscar, sending you 4
2024-10-14 22:28:16.400607 Romeo: Lima, sending you 3
2024-10-14 22:28:16.400938 Papa: Bravo, sending you 1
2024-10-14 22:28:16.401268 Hotel: Tango and Victor, sending you 2
2024-10-14 22:28:16.401681 Delta: Oscar, sending you 3
2024-10-14 22:28:16.404662 Papa: Delta, sending you 5
2024-10-14 22:28:16.408678 Papa: Victor and Lima, sending you 3
chatterbot Tango submitting transactions
chatterbot Victor submitting transactions
chatterbot Oscar submitting transactions
chatterbot Romeo submitting transactions
chatterbot Lima submitting transactions
chatterbot Delta submitting transactions
chatterbot Bravo submitting transactions
chatterbot India submitting transactions
chatterbot Papa submitting transactions
chatterbot Hotel submitting transactions
ChatterBot India round 2
ChatterBot Romeo round 2
ChatterBot Bravo round 2
ChatterBot Delta round 2
ChatterBot Tango round 2
ChatterBot Hotel round 2
ChatterBot Victor round 2
ChatterBot Papa round 2
ChatterBot Lima round 2
ChatterBot Oscar round 2
2024-10-14 22:28:18.003268 Romeo: We should group up
ChatterBot Bravo reevaluating
ChatterBot Papa reevaluating
ChatterBot Lima reevaluating
2024-10-14 22:28:18.013069 Bravo: Yes
2024-10-14 22:28:18.013263 Papa: Yes
2024-10-14 22:28:18.013383 Lima: Yes
ChatterBot Papa reevaluating
ChatterBot Lima reevaluating
ChatterBot Bravo reevaluating
ChatterBot Lima reevaluating
ChatterBot Bravo reevaluating
ChatterBot Papa reevaluating
2024-10-14 22:28:18.794707 Oscar: India, Delta, Hotel and Victor, sending you 2
2024-10-14 22:28:18.796056 India: Delta, Hotel, Victor and Oscar, sending you 3
2024-10-14 22:28:18.796784 Tango: India, sending you 5
2024-10-14 22:28:18.797755 Bravo: Papa and Lima, sending you 2
2024-10-14 22:28:18.798376 Victor: India, sending you 3
2024-10-14 22:28:18.799522 Romeo: Bravo, sending you 6
2024-10-14 22:28:18.800076 Hotel: India and Victor, sending you 4
chatterbot India submitting transactions
chatterbot Romeo submitting transactions
chatterbot Tango submitting transactions
chatterbot Victor submitting transactions
chatterbot Hotel submitting transactions
2024-10-14 22:28:18.801818 India: Tango, sending you 4
2024-10-14 22:28:18.802792 Victor: Delta, Hotel and Oscar, sending you 2
2024-10-14 22:28:18.803960 Tango: Delta, Hotel and Oscar, sending you 3
2024-10-14 22:28:18.983959 Romeo: Papa and Lima, sending you 5
2024-10-14 22:28:18.984375 Hotel: Delta, sending you 2
2024-10-14 22:28:18.985339 Papa: Romeo, sending you 3
2024-10-14 22:28:18.985769 Lima: Romeo, sending you 7
2024-10-14 22:28:18.986165 Delta: India and Victor, sending you 1
2024-10-14 22:28:18.987313 Tango: Victor, sending you 4
2024-10-14 22:28:18.987805 Victor: Tango, sending you 4
2024-10-14 22:28:18.988911 Papa: Lima, sending you 6
2024-10-14 22:28:18.989281 Lima: Bravo, sending you 5
2024-10-14 22:28:19.021625 Hotel: Tango, sending you 5
2024-10-14 22:28:19.022655 Delta: Tango, sending you 4
2024-10-14 22:28:19.023031 Lima: Papa, sending you 6
2024-10-14 22:28:19.059480 Hotel: Oscar, sending you 3
2024-10-14 22:28:19.060288 Delta: Hotel, sending you 5
2024-10-14 22:28:19.077191 Delta: Oscar, sending you 3
chatterbot Papa submitting transactions
chatterbot Delta submitting transactions
chatterbot Oscar submitting transactions
chatterbot Bravo submitting transactions
chatterbot Lima submitting transactions
ChatterBot India round 3
ChatterBot Romeo round 3
ChatterBot Bravo round 3
ChatterBot Delta round 3
ChatterBot Tango round 3
ChatterBot Hotel round 3
ChatterBot Victor round 3
ChatterBot Papa round 3
ChatterBot Lima round 3
ChatterBot Oscar round 3
2024-10-14 22:28:19.839993 Bravo: Romeo and Lima, sending you 2
2024-10-14 22:28:19.840473 India: Delta, sending you 2
2024-10-14 22:28:19.841427 Delta: India and Oscar, sending you 3
2024-10-14 22:28:19.841785 Victor: India and Oscar, sending you 3
2024-10-14 22:28:19.842674 Romeo: Bravo, sending you 2
2024-10-14 22:28:19.842915 Tango: India, Delta, Hotel and Victor, sending you 4
2024-10-14 22:28:19.843271 Hotel: India, Delta, Tango and Victor, sending you 4
2024-10-14 22:28:19.843624 Lima: Romeo and Papa, sending you 7
2024-10-14 22:28:19.844289 Bravo: Papa, sending you 1
2024-10-14 22:28:19.913130 India: Tango and Hotel, sending you 4
2024-10-14 22:28:19.913571 Delta: Tango and Hotel, sending you 5
2024-10-14 22:28:19.913982 Victor: Delta, sending you 1
2024-10-14 22:28:19.914867 Romeo: Papa, sending you 5
2024-10-14 22:28:19.915188 Tango: Oscar, sending you 2
2024-10-14 22:28:19.915624 Oscar: Sending you each 2
2024-10-14 22:28:19.916693 Hotel: Oscar, sending you 2
2024-10-14 22:28:19.917130 Lima: Bravo, sending you 4
2024-10-14 22:28:19.917455 Papa: Romeo, sending you 5
chatterbot Oscar submitting transactions
2024-10-14 22:28:19.918442 India: Victor and Oscar, sending you 3
2024-10-14 22:28:19.960406 Delta: Victor, sending you 2
2024-10-14 22:28:19.960889 Romeo: Lima, sending you 6
2024-10-14 22:28:19.961150 Victor: Tango and Hotel, sending you 4
2024-10-14 22:28:19.962232 Papa: Bravo, sending you 2
2024-10-14 22:28:19.992246 Papa: Lima, sending you 6
chatterbot Bravo submitting transactions
chatterbot Victor submitting transactions
chatterbot India submitting transactions
chatterbot Romeo submitting transactions
chatterbot Tango submitting transactions
chatterbot Lima submitting transactions
chatterbot Papa submitting transactions
chatterbot Hotel submitting transactions
chatterbot Delta submitting transactions
ChatterBot India round 4
ChatterBot Romeo round 4
ChatterBot Bravo round 4
ChatterBot Delta round 4
ChatterBot Tango round 4
ChatterBot Hotel round 4
ChatterBot Victor round 4
ChatterBot Papa round 4
ChatterBot Lima round 4
ChatterBot Oscar round 4
2024-10-14 22:28:21.029534 India: Delta and Victor, sending you 3
2024-10-14 22:28:21.030585 Victor: India and Oscar, sending you 3
2024-10-14 22:28:21.031096 Tango: India, Delta, Hotel and Victor, sending you 4
2024-10-14 22:28:21.032227 Papa: Romeo, sending you 6
2024-10-14 22:28:21.032687 Delta: India and Oscar, sending you 3
2024-10-14 22:28:21.033825 Hotel: India, Delta, Tango and Victor, sending you 4
2024-10-14 22:28:21.034455 Lima: Romeo and Papa, sending you 7
2024-10-14 22:28:21.035465 India: Tango and Hotel, sending you 4
2024-10-14 22:28:21.036098 Victor: Delta, sending you 2
2024-10-14 22:28:21.037189 Tango: Oscar, sending you 2
2024-10-14 22:28:21.038275 Papa: Bravo, sending you 1
2024-10-14 22:28:21.038608 Hotel: Oscar, sending you 2
2024-10-14 22:28:21.039307 Delta: Tango, sending you 5
2024-10-14 22:28:21.040254 Lima: Bravo, sending you 4
2024-10-14 22:28:21.040715 Romeo: Bravo, sending you 2
2024-10-14 22:28:21.041537 Bravo: Sending you each 2
2024-10-14 22:28:21.041971 Oscar: Same as last round
2024-10-14 22:28:21.043040 India: Oscar, sending you 2
2024-10-14 22:28:21.044229 Victor: Tango and Hotel, sending you 4
2024-10-14 22:28:21.044900 Papa: Lima, sending you 5
2024-10-14 22:28:21.045732 Delta: Hotel, sending you 6
2024-10-14 22:28:21.046429 Romeo: Papa, sending you 5
2024-10-14 22:28:21.081001 Delta: Victor, sending you 2
2024-10-14 22:28:21.081484 Romeo: Lima, sending you 6
chatterbot Lima submitting transactions
chatterbot Delta submitting transactions
chatterbot Romeo submitting transactions
chatterbot Victor submitting transactions
chatterbot India submitting transactions
chatterbot Hotel submitting transactions
chatterbot Papa submitting transactions
chatterbot Tango submitting transactions
chatterbot Oscar submitting transactions
chatterbot Bravo submitting transactions
ChatterBot India round 5
ChatterBot Romeo round 5
ChatterBot Bravo round 5
ChatterBot Delta round 5
ChatterBot Tango round 5
ChatterBot Hotel round 5
ChatterBot Victor round 5
ChatterBot Papa round 5
ChatterBot Lima round 5
2024-10-14 22:28:22.373371 India: We should add Bravo
2024-10-14 22:28:22.394967 Delta: No
2024-10-14 22:28:22.395356 Oscar: No
2024-10-14 22:28:22.396192 Hotel: No
2024-10-14 22:28:22.396610 Tango: No
2024-10-14 22:28:22.396957 Victor: No
ChatterBot India reevaluating
ChatterBot India reevaluating
ChatterBot India reevaluating
ChatterBot India reevaluating
ChatterBot Oscar round 5
2024-10-14 22:28:22.590300 India: Delta and Victor, sending you 3
2024-10-14 22:28:22.591974 Tango: India, Delta, Hotel and Victor, sending you 4
2024-10-14 22:28:22.592938 Delta: India and Oscar, sending you 3
2024-10-14 22:28:22.594469 Bravo: Same as last round
2024-10-14 22:28:22.594901 Romeo: Bravo, sending you 2
2024-10-14 22:28:22.596291 Victor: India and Oscar, sending you 3
2024-10-14 22:28:22.597259 Hotel: India, Delta, Tango and Victor, sending you 4
2024-10-14 22:28:22.598628 Papa: Romeo, sending you 6
2024-10-14 22:28:22.599913 India: Tango and Hotel, sending you 4
2024-10-14 22:28:22.600631 Tango: Oscar, sending you 2
2024-10-14 22:28:22.601998 Delta: Tango, sending you 5
2024-10-14 22:28:22.602837 Romeo: Papa, sending you 6
2024-10-14 22:28:22.603849 Victor: Delta, sending you 2
2024-10-14 22:28:22.604464 Hotel: Oscar, sending you 2
2024-10-14 22:28:22.605776 Papa: Bravo, sending you 2
2024-10-14 22:28:22.606313 Lima: Romeo and Papa, sending you 7
2024-10-14 22:28:22.606763 India: Oscar, sending you 2
2024-10-14 22:28:22.608100 Delta: Hotel, sending you 6
2024-10-14 22:28:22.609539 Romeo: Lima, sending you 5
2024-10-14 22:28:22.609941 Victor: Tango and Hotel, sending you 4
2024-10-14 22:28:22.610730 Oscar: Same as last round
2024-10-14 22:28:22.612079 Papa: Lima, sending you 5
2024-10-14 22:28:22.612574 Lima: Bravo, sending you 4
2024-10-14 22:28:22.613498 Delta: Victor, sending you 2
chatterbot Tango submitting transactions
chatterbot Papa submitting transactions
chatterbot India submitting transactions
chatterbot Delta submitting transactions
chatterbot Victor submitting transactions
chatterbot Lima submitting transactions
chatterbot Bravo submitting transactions
chatterbot Oscar submitting transactions
chatterbot Romeo submitting transactions
chatterbot Hotel submitting transactions
ChatterBot India round 6
ChatterBot Romeo round 6
ChatterBot Bravo round 6
ChatterBot Delta round 6
ChatterBot Tango round 6
ChatterBot Hotel round 6
ChatterBot Victor round 6
ChatterBot Papa round 6
ChatterBot Lima round 6
ChatterBot Oscar round 6
2024-10-14 22:28:23.654669 Romeo: Bravo, sending you 2
2024-10-14 22:28:23.660366 Romeo: Papa, sending you 6
2024-10-14 22:28:23.662658 India: Delta and Victor, sending you 3
2024-10-14 22:28:23.663496 Delta: India and Oscar, sending you 3
2024-10-14 22:28:23.665669 Romeo: Lima, sending you 5
2024-10-14 22:28:23.666298 India: Tango and Hotel, sending you 4
2024-10-14 22:28:23.667671 Delta: Tango, sending you 5
2024-10-14 22:28:23.669123 Hotel: India, Delta, Tango and Victor, sending you 4
2024-10-14 22:28:23.670027 Bravo: Same as last round
2024-10-14 22:28:23.670717 India: Oscar, sending you 2
2024-10-14 22:28:23.671834 Victor: India and Oscar, sending you 3
2024-10-14 22:28:23.672690 Papa: Romeo, sending you 6
2024-10-14 22:28:23.673195 Delta: Hotel, sending you 6
2024-10-14 22:28:23.673997 Hotel: Oscar, sending you 2
2024-10-14 22:28:23.675429 Tango: India, Delta, Hotel and Victor, sending you 4
2024-10-14 22:28:23.676500 Papa: Bravo, sending you 2
2024-10-14 22:28:23.677800 Victor: Delta, sending you 2
2024-10-14 22:28:23.678933 Delta: Victor, sending you 2
2024-10-14 22:28:23.680745 Oscar: Same as last round
2024-10-14 22:28:23.681773 Tango: Oscar, sending you 2
2024-10-14 22:28:23.683274 Victor: Tango and Hotel, sending you 4
2024-10-14 22:28:23.684148 Lima: Romeo and Papa, sending you 7
2024-10-14 22:28:23.684810 Papa: Lima, sending you 5
2024-10-14 22:28:23.689670 Lima: Bravo, sending you 4
chatterbot Romeo submitting transactions
chatterbot India submitting transactions
chatterbot Tango submitting transactions
chatterbot Bravo submitting transactions
chatterbot Oscar submitting transactions
chatterbot Papa submitting transactions
chatterbot Delta submitting transactions
chatterbot Lima submitting transactions
chatterbot Hotel submitting transactions
chatterbot Victor submitting transactions
ChatterBot India round 7
ChatterBot Romeo round 7
ChatterBot Bravo round 7
ChatterBot Delta round 7
ChatterBot Tango round 7
ChatterBot Hotel round 7
ChatterBot Victor round 7
ChatterBot Papa round 7
ChatterBot Lima round 7
ChatterBot Oscar round 7
2024-10-14 22:28:24.823100 Bravo: Same as last round
2024-10-14 22:28:24.828699 Romeo: Bravo, sending you 2
2024-10-14 22:28:24.831016 Papa: Romeo, sending you 6
2024-10-14 22:28:24.832670 India: Delta and Victor, sending you 3
2024-10-14 22:28:24.833693 Romeo: Papa, sending you 6
2024-10-14 22:28:24.834694 Papa: Bravo, sending you 2
2024-10-14 22:28:24.835696 Hotel: India, Delta, Tango and Victor, sending you 4
2024-10-14 22:28:24.836687 Delta: India and Oscar, sending you 3
2024-10-14 22:28:24.837561 Romeo: Lima, sending you 5
2024-10-14 22:28:24.838064 India: Tango and Hotel, sending you 4
2024-10-14 22:28:24.838856 Lima: Romeo and Papa, sending you 7
2024-10-14 22:28:24.839303 Papa: Lima, sending you 5
2024-10-14 22:28:24.839742 Hotel: Oscar, sending you 2
2024-10-14 22:28:24.841133 Delta: Tango, sending you 5
2024-10-14 22:28:24.841951 Victor: India, sending you 3
2024-10-14 22:28:24.842936 India: Oscar, sending you 2
2024-10-14 22:28:24.843780 Lima: Bravo, sending you 4
2024-10-14 22:28:24.844681 Delta: Hotel, sending you 6
2024-10-14 22:28:24.845683 Oscar: Same as last round
2024-10-14 22:28:24.846512 Tango: India, Delta, Hotel and Victor, sending you 4
2024-10-14 22:28:24.847072 Victor: Delta and Oscar, sending you 2
2024-10-14 22:28:24.847803 Delta: Victor, sending you 2
2024-10-14 22:28:24.850651 Tango: Oscar, sending you 2
2024-10-14 22:28:24.852674 Victor: Tango, sending you 4
2024-10-14 22:28:24.856673 Victor: Hotel, sending you 5
chatterbot Victor submitting transactions
chatterbot Papa submitting transactions
chatterbot Tango submitting transactions
chatterbot Delta submitting transactions
chatterbot Lima submitting transactions
chatterbot Romeo submitting transactions
chatterbot Bravo submitting transactions
chatterbot Oscar submitting transactions
chatterbot India submitting transactions
chatterbot Hotel submitting transactions
ChatterBot India round 8
ChatterBot Romeo round 8
ChatterBot Bravo round 8
ChatterBot Delta round 8
ChatterBot Tango round 8
ChatterBot Hotel round 8
ChatterBot Victor round 8
ChatterBot Papa round 8
ChatterBot Lima round 8
ChatterBot Oscar round 8
2024-10-14 22:28:26.064989 Delta: India and Oscar, sending you 3
2024-10-14 22:28:26.065705 Romeo: Bravo, sending you 2
2024-10-14 22:28:26.068674 Delta: Tango, sending you 5
2024-10-14 22:28:26.069668 Romeo: Papa, sending you 6
2024-10-14 22:28:26.071679 Delta: Hotel, sending you 6
2024-10-14 22:28:26.072674 Romeo: Lima, sending you 5
2024-10-14 22:28:26.076689 Delta: Victor, sending you 2
2024-10-14 22:28:26.078697 Tango: India, Delta, Hotel and Victor, sending you 4
2024-10-14 22:28:26.080343 Papa: Romeo, sending you 6
2024-10-14 22:28:26.080895 Victor: India, sending you 3
2024-10-14 22:28:26.081547 Bravo: Same as last round
2024-10-14 22:28:26.082825 Oscar: Same as last round
2024-10-14 22:28:26.083507 India: Delta and Victor, sending you 3
2024-10-14 22:28:26.084155 Tango: Oscar, sending you 2
2024-10-14 22:28:26.085371 Victor: Delta and Oscar, sending you 2
2024-10-14 22:28:26.086160 Papa: Bravo, sending you 2
2024-10-14 22:28:26.086718 India: Tango and Hotel, sending you 4
2024-10-14 22:28:26.088133 Hotel: India, Delta, Tango and Victor, sending you 4
2024-10-14 22:28:26.088948 Lima: Romeo and Papa, sending you 7
2024-10-14 22:28:26.089689 Victor: Tango, sending you 4
2024-10-14 22:28:26.090948 Papa: Lima, sending you 5
2024-10-14 22:28:26.091691 Hotel: Oscar, sending you 2
2024-10-14 22:28:26.092515 Lima: Bravo, sending you 4
2024-10-14 22:28:26.093528 India: Oscar, sending you 2
2024-10-14 22:28:26.096045 Victor: Hotel, sending you 5
chatterbot Romeo submitting transactions
chatterbot Bravo submitting transactions
chatterbot Lima submitting transactions
chatterbot Hotel submitting transactions
chatterbot Victor submitting transactions
chatterbot India submitting transactions
chatterbot Tango submitting transactions
chatterbot Papa submitting transactions
chatterbot Delta submitting transactions
chatterbot Oscar submitting transactions
ChatterBot India round 9
ChatterBot Romeo round 9
ChatterBot Bravo round 9
ChatterBot Delta round 9
ChatterBot Tango round 9
ChatterBot Hotel round 9
ChatterBot Victor round 9
ChatterBot Papa round 9
ChatterBot Lima round 9
ChatterBot Oscar round 9
2024-10-14 22:28:27.366714 India: Delta and Victor, sending you 3
2024-10-14 22:28:27.368273 Delta: India and Oscar, sending you 3
2024-10-14 22:28:27.371663 India: Tango and Hotel, sending you 4
2024-10-14 22:28:27.372849 Delta: Tango, sending you 5
2024-10-14 22:28:27.373397 Hotel: India, Delta, Tango and Victor, sending you 4
2024-10-14 22:28:27.375056 Romeo: Bravo, sending you 2
2024-10-14 22:28:27.377667 India: Oscar, sending you 2
2024-10-14 22:28:27.378663 Delta: Hotel, sending you 6
2024-10-14 22:28:27.380034 Victor: India, sending you 3
2024-10-14 22:28:27.380788 Lima: Romeo and Papa, sending you 7
2024-10-14 22:28:27.381176 Hotel: Oscar, sending you 2
2024-10-14 22:28:27.382311 Papa: Romeo, sending you 6
2024-10-14 22:28:27.382842 Romeo: Papa, sending you 6
2024-10-14 22:28:27.383200 Tango: India, Delta, Hotel and Victor, sending you 4
2024-10-14 22:28:27.384699 Delta: Victor, sending you 2
2024-10-14 22:28:27.385513 Victor: Delta and Oscar, sending you 2
2024-10-14 22:28:27.386948 Lima: Bravo, sending you 4
2024-10-14 22:28:27.387338 Bravo: Same as last round
2024-10-14 22:28:27.387811 Romeo: Lima, sending you 5
2024-10-14 22:28:27.388224 Papa: Bravo, sending you 2
2024-10-14 22:28:27.388543 Tango: Oscar, sending you 2
2024-10-14 22:28:27.391922 Victor: Tango, sending you 4
2024-10-14 22:28:27.393300 Papa: Lima, sending you 4
2024-10-14 22:28:27.393871 Oscar: Same as last round
2024-10-14 22:28:27.397711 Victor: Hotel, sending you 5
chatterbot Tango submitting transactions
chatterbot Romeo submitting transactions
chatterbot Delta submitting transactions
chatterbot Victor submitting transactions
chatterbot Oscar submitting transactions
chatterbot Bravo submitting transactions
chatterbot India submitting transactions
chatterbot Hotel submitting transactions
chatterbot Lima submitting transactions
chatterbot Papa submitting transactions
ChatterBot India round 10
ChatterBot Romeo round 10
ChatterBot Bravo round 10
ChatterBot Delta round 10
ChatterBot Tango round 10
ChatterBot Hotel round 10
ChatterBot Victor round 10
ChatterBot Papa round 10
ChatterBot Lima round 10
ChatterBot Oscar round 10
2024-10-14 22:28:28.595229 India: Delta and Victor, sending you 3
2024-10-14 22:28:28.596554 Hotel: We should drop Oscar
2024-10-14 22:28:28.605784 India: No
2024-10-14 22:28:28.605970 Delta: No
2024-10-14 22:28:28.606125 Tango: No
2024-10-14 22:28:28.606273 Victor: No
ChatterBot Hotel reevaluating
ChatterBot Hotel reevaluating
ChatterBot Hotel reevaluating
2024-10-14 22:28:28.636555 India: Tango and Hotel, sending you 4
2024-10-14 22:28:28.639697 Bravo: Same as last round
2024-10-14 22:28:28.640658 Tango: India, Delta, Hotel and Victor, sending you 4
2024-10-14 22:28:28.641561 Romeo: Bravo, sending you 2
2024-10-14 22:28:28.642521 India: Oscar, sending you 2
2024-10-14 22:28:28.643153 Papa: Romeo, sending you 6
2024-10-14 22:28:28.643482 Victor: India, sending you 3
2024-10-14 22:28:28.645662 Tango: Oscar, sending you 2
2024-10-14 22:28:28.646864 Romeo: Papa, sending you 6
2024-10-14 22:28:28.647705 Papa: Bravo, sending you 2
2024-10-14 22:28:28.648135 Victor: Delta and Oscar, sending you 2
2024-10-14 22:28:28.649092 Oscar: Same as last round
2024-10-14 22:28:28.651673 Lima: Romeo and Papa, sending you 7
2024-10-14 22:28:28.652088 Romeo: Lima, sending you 4
2024-10-14 22:28:28.652715 Delta: India and Oscar, sending you 3
2024-10-14 22:28:28.653645 Papa: Lima, sending you 4
2024-10-14 22:28:28.654158 Victor: Tango, sending you 4
2024-10-14 22:28:28.655784 Lima: Bravo, sending you 4
2024-10-14 22:28:28.656676 Delta: Tango, sending you 5
2024-10-14 22:28:28.657819 Hotel: India, Delta, Tango and Victor, sending you 4
2024-10-14 22:28:28.661684 Victor: Hotel, sending you 5
2024-10-14 22:28:28.662938 Delta: Hotel, sending you 6
2024-10-14 22:28:28.666680 Hotel: Oscar, sending you 2
2024-10-14 22:28:28.668698 Delta: Victor, sending you 2
chatterbot Delta submitting transactions
chatterbot Bravo submitting transactions
chatterbot Hotel submitting transactions
chatterbot Oscar submitting transactions
chatterbot India submitting transactions
chatterbot Romeo submitting transactions
chatterbot Tango submitting transactions
chatterbot Lima submitting transactions
chatterbot Victor submitting transactions
chatterbot Papa submitting transactions
ChatterBot India round 11
ChatterBot Romeo round 11
ChatterBot Bravo round 11
ChatterBot Delta round 11
ChatterBot Tango round 11
ChatterBot Hotel round 11
ChatterBot Victor round 11
ChatterBot Papa round 11
ChatterBot Lima round 11
ChatterBot Oscar round 11
2024-10-14 22:28:29.826208 Hotel: We should drop Oscar
2024-10-14 22:28:29.840249 India: No
2024-10-14 22:28:29.840460 Delta: No
2024-10-14 22:28:29.840648 Tango: No
2024-10-14 22:28:29.840797 Victor: No
ChatterBot Hotel reevaluating
ChatterBot Hotel reevaluating
ChatterBot Hotel reevaluating
2024-10-14 22:28:29.888658 Delta: India, sending you 4
2024-10-14 22:28:29.889337 India: Delta and Victor, sending you 3
2024-10-14 22:28:29.889893 Romeo: Bravo, sending you 2
2024-10-14 22:28:29.891039 Tango: India, Delta, Hotel and Victor, sending you 4
2024-10-14 22:28:29.892014 Delta: Tango and Hotel, sending you 5
2024-10-14 22:28:29.893685 India: Tango and Hotel, sending you 4
2024-10-14 22:28:29.895329 Romeo: Papa, sending you 6
2024-10-14 22:28:29.896689 Tango: Oscar, sending you 2
2024-10-14 22:28:29.897915 Delta: Victor, sending you 2
2024-10-14 22:28:29.898868 Oscar: India, Delta, Tango and Victor, sending you 2
2024-10-14 22:28:29.899691 India: Oscar, sending you 2
2024-10-14 22:28:29.900519 Romeo: Lima, sending you 4
2024-10-14 22:28:29.900846 Papa: Romeo, sending you 6
2024-10-14 22:28:29.901181 Bravo: Same as last round
2024-10-14 22:28:29.902659 Delta: Oscar, sending you 3
2024-10-14 22:28:29.904667 Oscar: Hotel, sending you 3
2024-10-14 22:28:29.905853 Victor: India, sending you 3
2024-10-14 22:28:29.906506 Papa: Bravo, sending you 2
2024-10-14 22:28:29.906933 Lima: Romeo and Papa, sending you 7
2024-10-14 22:28:29.910681 Victor: Delta and Oscar, sending you 2
2024-10-14 22:28:29.911786 Papa: Lima, sending you 4
2024-10-14 22:28:29.912205 Lima: Bravo, sending you 4
2024-10-14 22:28:29.916657 Victor: Tango, sending you 4
2024-10-14 22:28:29.922654 Victor: Hotel, sending you 5
chatterbot Oscar submitting transactions
chatterbot Papa submitting transactions
chatterbot Victor submitting transactions
chatterbot Delta submitting transactions
chatterbot Tango submitting transactions
chatterbot India submitting transactions
chatterbot Hotel submitting transactions
chatterbot Bravo submitting transactions
chatterbot Romeo submitting transactions
chatterbot Lima submitting transactions
ChatterBot India round 12
ChatterBot Romeo round 12
ChatterBot Bravo round 12
ChatterBot Delta round 12
ChatterBot Tango round 12
ChatterBot Hotel round 12
ChatterBot Victor round 12
ChatterBot Papa round 12
ChatterBot Lima round 12
ChatterBot Oscar round 12
2024-10-14 22:28:31.104688 Bravo: Same as last round
2024-10-14 22:28:31.106648 Romeo: Bravo, sending you 2
2024-10-14 22:28:31.108700 Hotel: India, Delta, Tango and Victor, sending you 4
2024-10-14 22:28:31.109952 Victor: India, sending you 3
2024-10-14 22:28:31.111762 Romeo: Papa, sending you 6
2024-10-14 22:28:31.112690 Hotel: Oscar, sending you 2
2024-10-14 22:28:31.114691 Delta: India, sending you 4
2024-10-14 22:28:31.115878 Romeo: Lima, sending you 4
2024-10-14 22:28:31.116290 Victor: Delta and Oscar, sending you 2
2024-10-14 22:28:31.117781 India: Delta and Victor, sending you 3
2024-10-14 22:28:31.119376 Papa: Romeo, sending you 6
2024-10-14 22:28:31.119910 Lima: Romeo and Papa, sending you 7
2024-10-14 22:28:31.120400 Tango: India, Delta, Hotel and Victor, sending you 4
2024-10-14 22:28:31.122270 Delta: Tango, sending you 5
2024-10-14 22:28:31.123249 Victor: Tango, sending you 4
2024-10-14 22:28:31.124842 India: Tango and Hotel, sending you 4
2024-10-14 22:28:31.126018 Papa: Bravo, sending you 2
2024-10-14 22:28:31.126550 Lima: Bravo, sending you 4
2024-10-14 22:28:31.127794 Tango: Oscar, sending you 2
2024-10-14 22:28:31.128835 Oscar: Sending you each 2
2024-10-14 22:28:31.130483 Delta: Hotel, sending you 6
2024-10-14 22:28:31.131586 Victor: Hotel, sending you 5
2024-10-14 22:28:31.132388 India: Oscar, sending you 2
2024-10-14 22:28:31.134316 Papa: Lima, sending you 4
2024-10-14 22:28:31.135679 Delta: Victor and Oscar, sending you 2
chatterbot Lima submitting transactions
chatterbot Oscar submitting transactions
chatterbot Romeo submitting transactions
chatterbot Delta submitting transactions
chatterbot Hotel submitting transactions
chatterbot Bravo submitting transactions
chatterbot Victor submitting transactions
chatterbot Tango submitting transactions
chatterbot Papa submitting transactions
chatterbot India submitting transactions
ChatterBot India round 13
ChatterBot Romeo round 13
ChatterBot Bravo round 13
ChatterBot Delta round 13
ChatterBot Tango round 13
ChatterBot Hotel round 13
ChatterBot Victor round 13
ChatterBot Papa round 13
ChatterBot Lima round 13
ChatterBot Oscar round 13
2024-10-14 22:28:32.367642 Hotel: We should drop Oscar
2024-10-14 22:28:32.375448 India: No
2024-10-14 22:28:32.375593 Delta: No
2024-10-14 22:28:32.375718 Tango: No
2024-10-14 22:28:32.375822 Victor: No
ChatterBot Hotel reevaluating
ChatterBot Hotel reevaluating
ChatterBot Hotel reevaluating
ChatterBot Hotel reevaluating
2024-10-14 22:28:32.409679 Delta: India, sending you 4
2024-10-14 22:28:32.411152 Victor: India, sending you 3
2024-10-14 22:28:32.412199 Romeo: Bravo, sending you 2
2024-10-14 22:28:32.412797 Bravo: Same as last round
2024-10-14 22:28:32.413315 India: Delta and Victor, sending you 3
2024-10-14 22:28:32.414707 Delta: Tango, sending you 5
2024-10-14 22:28:32.415797 Victor: Delta and Oscar, sending you 2
2024-10-14 22:28:32.417690 Romeo: Papa, sending you 6
2024-10-14 22:28:32.418125 India: Tango and Hotel, sending you 4
2024-10-14 22:28:32.418912 Delta: Hotel, sending you 6
2024-10-14 22:28:32.419688 Tango: India, Delta, Hotel and Victor, sending you 4
2024-10-14 22:28:32.421727 Victor: Tango, sending you 4
2024-10-14 22:28:32.423030 Romeo: Lima, sending you 4
2024-10-14 22:28:32.424003 Delta: Victor and Oscar, sending you 2
2024-10-14 22:28:32.424707 Papa: Romeo, sending you 6
2024-10-14 22:28:32.425132 India: Oscar, sending you 2
2024-10-14 22:28:32.425717 Tango: Oscar, sending you 2
2024-10-14 22:28:32.426645 Victor: Hotel, sending you 5
2024-10-14 22:28:32.427914 Papa: Bravo, sending you 2
2024-10-14 22:28:32.431081 Lima: Romeo and Papa, sending you 7
2024-10-14 22:28:32.431703 Oscar: India, Delta and Victor, sending you 2
2024-10-14 22:28:32.432849 Papa: Lima, sending you 4
2024-10-14 22:28:32.435679 Oscar: Tango and Hotel, sending you 3
2024-10-14 22:28:32.436747 Lima: Bravo, sending you 4
2024-10-14 22:28:32.450659 Hotel: India, Delta and Tango, sending you 4
2024-10-14 22:28:32.455660 Hotel: Victor, sending you 5
chatterbot Bravo submitting transactions
chatterbot Delta submitting transactions
chatterbot Papa submitting transactions
chatterbot Oscar submitting transactions
chatterbot India submitting transactions
chatterbot Romeo submitting transactions
chatterbot Victor submitting transactions
chatterbot Tango submitting transactions
chatterbot Hotel submitting transactions
chatterbot Lima submitting transactions
ChatterBot India round 14
ChatterBot Romeo round 14
ChatterBot Bravo round 14
ChatterBot Delta round 14
ChatterBot Tango round 14
ChatterBot Hotel round 14
ChatterBot Victor round 14
ChatterBot Papa round 14
ChatterBot Lima round 14
ChatterBot Oscar round 14
2024-10-14 22:28:33.661660 India: Delta and Victor, sending you 3
2024-10-14 22:28:33.663512 Delta: India, sending you 4
2024-10-14 22:28:33.665170 Hotel: India, Delta and Tango, sending you 4
2024-10-14 22:28:33.666386 Bravo: Same as last round
2024-10-14 22:28:33.667677 India: Tango and Hotel, sending you 4
2024-10-14 22:28:33.668842 Lima: Romeo and Papa, sending you 7
2024-10-14 22:28:33.669243 Delta: Tango, sending you 5
2024-10-14 22:28:33.670233 Hotel: Victor, sending you 5
2024-10-14 22:28:33.670700 Tango: India, Delta, Hotel and Victor, sending you 4
2024-10-14 22:28:33.671362 Victor: India, sending you 3
2024-10-14 22:28:33.672663 Delta: Hotel, sending you 6
2024-10-14 22:28:33.674242 India: Oscar, sending you 2
2024-10-14 22:28:33.675208 Lima: Bravo, sending you 4
2024-10-14 22:28:33.676294 Tango: Oscar, sending you 2
2024-10-14 22:28:33.677624 Victor: Delta and Oscar, sending you 2
2024-10-14 22:28:33.679337 Delta: Victor and Oscar, sending you 2
2024-10-14 22:28:33.680584 Romeo: Bravo, sending you 2
2024-10-14 22:28:33.682840 Victor: Tango, sending you 4
2024-10-14 22:28:33.684190 Papa: Romeo, sending you 6
2024-10-14 22:28:33.685122 Romeo: Papa, sending you 6
2024-10-14 22:28:33.686697 Oscar: India, Tango, Hotel and Victor, sending you 3
2024-10-14 22:28:33.687909 Victor: Hotel, sending you 5
2024-10-14 22:28:33.689664 Papa: Bravo, sending you 2
2024-10-14 22:28:33.690145 Romeo: Lima, sending you 4
2024-10-14 22:28:33.693099 Oscar: Delta, sending you 2
2024-10-14 22:28:33.694680 Papa: Lima, sending you 4
chatterbot Tango submitting transactions
chatterbot Romeo submitting transactions
chatterbot Papa submitting transactions
chatterbot Victor submitting transactions
chatterbot Oscar submitting transactions
chatterbot Bravo submitting transactions
chatterbot India submitting transactions
chatterbot Hotel submitting transactions
chatterbot Delta submitting transactions
chatterbot Lima submitting transactions
ChatterBot India round 15
ChatterBot Romeo round 15
ChatterBot Bravo round 15
ChatterBot Delta round 15
ChatterBot Tango round 15
ChatterBot Hotel round 15
ChatterBot Victor round 15
ChatterBot Papa round 15
ChatterBot Lima round 15
ChatterBot Oscar round 15
2024-10-14 22:28:34.901688 Delta: India, sending you 4
2024-10-14 22:28:34.903198 Oscar: India, Tango and Victor, sending you 3
2024-10-14 22:28:34.904675 Romeo: Bravo, sending you 2
2024-10-14 22:28:34.905232 Lima: Romeo and Papa, sending you 7
2024-10-14 22:28:34.905592 Hotel: India, Delta and Tango, sending you 4
2024-10-14 22:28:34.905988 Tango: India, Delta, Hotel and Victor, sending you 4
2024-10-14 22:28:34.907033 Delta: Tango, sending you 5
2024-10-14 22:28:34.907681 India: Delta and Victor, sending you 3
2024-10-14 22:28:34.908345 Oscar: Delta and Hotel, sending you 2
2024-10-14 22:28:34.908997 Romeo: Papa, sending you 6
2024-10-14 22:28:34.909358 Lima: Bravo, sending you 4
2024-10-14 22:28:34.909750 Bravo: Same as last round
2024-10-14 22:28:34.910295 Hotel: Victor, sending you 5
2024-10-14 22:28:34.911197 Tango: Oscar, sending you 2
2024-10-14 22:28:34.912061 Papa: Romeo, sending you 6
2024-10-14 22:28:34.912664 Delta: Hotel, sending you 6
2024-10-14 22:28:34.913563 India: Tango and Hotel, sending you 4
2024-10-14 22:28:34.914313 Romeo: Lima, sending you 4
2024-10-14 22:28:34.916671 Papa: Bravo, sending you 2
2024-10-14 22:28:34.917655 Victor: India, sending you 3
2024-10-14 22:28:34.918838 Delta: Victor and Oscar, sending you 2
2024-10-14 22:28:34.920400 India: Oscar, sending you 2
2024-10-14 22:28:34.921677 Papa: Lima, sending you 4
2024-10-14 22:28:34.922252 Victor: Delta and Oscar, sending you 2
2024-10-14 22:28:34.927654 Victor: Tango, sending you 4
2024-10-14 22:28:34.931654 Victor: Hotel, sending you 5
chatterbot India submitting transactions
chatterbot Delta submitting transactions
chatterbot Romeo submitting transactions
chatterbot Victor submitting transactions
chatterbot Papa submitting transactions
chatterbot Bravo submitting transactions
chatterbot Lima submitting transactions
chatterbot Hotel submitting transactions
chatterbot Tango submitting transactions
chatterbot Oscar submitting transactions
ChatterBot India round 16
ChatterBot Romeo round 16
ChatterBot Bravo round 16
ChatterBot Delta round 16
ChatterBot Tango round 16
ChatterBot Hotel round 16
ChatterBot Victor round 16
ChatterBot Papa round 16
ChatterBot Lima round 16
ChatterBot Oscar round 16
2024-10-14 22:28:36.077667 Hotel: India, Delta and Tango, sending you 4
2024-10-14 22:28:36.082689 Hotel: Victor, sending you 5
2024-10-14 22:28:36.085718 Tango: India, Delta, Hotel and Victor, sending you 4
2024-10-14 22:28:36.088367 Lima: Romeo and Papa, sending you 7
2024-10-14 22:28:36.089197 Delta: India, sending you 4
2024-10-14 22:28:36.091053 Bravo: Same as last round
2024-10-14 22:28:36.091982 Tango: Oscar, sending you 2
2024-10-14 22:28:36.094077 Lima: Bravo, sending you 4
2024-10-14 22:28:36.094881 India: Delta and Victor, sending you 3
2024-10-14 22:28:36.097034 Victor: India, sending you 3
2024-10-14 22:28:36.100716 Delta: Tango, sending you 5
2024-10-14 22:28:36.103650 Romeo: Bravo, sending you 2
2024-10-14 22:28:36.104679 Oscar: India, Delta, Tango and Victor, sending you 3
2024-10-14 22:28:36.106984 India: Tango and Hotel, sending you 4
2024-10-14 22:28:36.109166 Victor: Delta and Oscar, sending you 2
2024-10-14 22:28:36.111189 Delta: Hotel, sending you 6
2024-10-14 22:28:36.113180 Papa: Romeo, sending you 6
2024-10-14 22:28:36.113876 Romeo: Papa, sending you 6
2024-10-14 22:28:36.114887 Oscar: Hotel, sending you 2
2024-10-14 22:28:36.116669 India: Oscar, sending you 2
2024-10-14 22:28:36.118057 Victor: Tango, sending you 4
2024-10-14 22:28:36.120018 Delta: Victor and Oscar, sending you 2
2024-10-14 22:28:36.121252 Papa: Bravo, sending you 2
2024-10-14 22:28:36.122747 Romeo: Lima, sending you 4
2024-10-14 22:28:36.123761 Victor: Hotel, sending you 5
2024-10-14 22:28:36.125663 Papa: Lima, sending you 4
chatterbot Tango submitting transactions
chatterbot India submitting transactions
chatterbot Bravo submitting transactions
chatterbot Romeo submitting transactions
chatterbot Oscar submitting transactions
chatterbot Delta submitting transactions
chatterbot Papa submitting transactions
chatterbot Victor submitting transactions
chatterbot Hotel submitting transactions
chatterbot Lima submitting transactions
ChatterBot India round 17
ChatterBot Romeo round 17
ChatterBot Bravo round 17
ChatterBot Delta round 17
ChatterBot Tango round 17
ChatterBot Hotel round 17
ChatterBot Victor round 17
ChatterBot Papa round 17
ChatterBot Lima round 17
ChatterBot Oscar round 17
2024-10-14 22:28:37.176086 Romeo: Bravo, sending you 2
2024-10-14 22:28:37.178778 India: Delta and Victor, sending you 3
2024-10-14 22:28:37.182065 Romeo: Papa, sending you 6
2024-10-14 22:28:37.184083 Papa: Romeo, sending you 6
2024-10-14 22:28:37.185169 Lima: Romeo and Papa, sending you 7
2024-10-14 22:28:37.187380 India: Tango and Hotel, sending you 4
2024-10-14 22:28:37.191227 Tango: India, Delta, Hotel and Victor, sending you 4
2024-10-14 22:28:37.193648 Delta: India, sending you 4
2024-10-14 22:28:37.195953 Hotel: India, Delta and Tango, sending you 4
2024-10-14 22:28:37.196687 Romeo: Lima, sending you 4
2024-10-14 22:28:37.198546 Victor: India, sending you 3
2024-10-14 22:28:37.201029 Bravo: Romeo and Papa, sending you 3
2024-10-14 22:28:37.202060 Papa: Bravo, sending you 2
2024-10-14 22:28:37.203319 Oscar: India, Delta, Tango and Victor, sending you 3
2024-10-14 22:28:37.205091 Lima: Bravo, sending you 4
2024-10-14 22:28:37.205636 India: Oscar, sending you 2
2024-10-14 22:28:37.208285 Tango: Oscar, sending you 2
2024-10-14 22:28:37.210778 Delta: Tango, sending you 5
2024-10-14 22:28:37.213804 Hotel: Victor, sending you 5
2024-10-14 22:28:37.215181 Victor: Delta and Oscar, sending you 2
