ChatterBot Golf round 1
ChatterBot Papa round 1
ChatterBot Mike round 1
ChatterBot Victor round 1
ChatterBot India round 1
ChatterBot Whiskey round 1
ChatterBot X-ray round 1
ChatterBot Bravo round 1
ChatterBot Foxtrot round 1
randomSelections Whiskey: {Whiskey, India, Papa, Foxtrot, Golf, Victor} 
2024-10-14 14:38:25.275763 Whiskey: Group up?
ChatterBot India reevaluating
ChatterBot Papa reevaluating
ChatterBot Foxtrot reevaluating
ChatterBot Golf reevaluating
ChatterBot Victor reevaluating
2024-10-14 14:38:25.291321 India: Yes
2024-10-14 14:38:25.292015 Papa: Yes
2024-10-14 14:38:25.292173 Foxtrot: Yes
2024-10-14 14:38:25.292294 Golf: Yes
2024-10-14 14:38:25.292385 Victor: Yes
ChatterBot Papa reevaluating
ChatterBot Foxtrot reevaluating
ChatterBot Golf reevaluating
ChatterBot Victor reevaluating
ChatterBot India reevaluating
ChatterBot Foxtrot reevaluating
ChatterBot Golf reevaluating
ChatterBot Victor reevaluating
ChatterBot India reevaluating
ChatterBot Papa reevaluating
ChatterBot Golf reevaluating
ChatterBot Victor reevaluating
ChatterBot India reevaluating
ChatterBot Papa reevaluating
ChatterBot Foxtrot reevaluating
ChatterBot Victor reevaluating
ChatterBot India reevaluating
ChatterBot Papa reevaluating
ChatterBot Foxtrot reevaluating
ChatterBot Golf reevaluating
ChatterBot Sierra round 1
randomSelections X-ray: {X-ray, Whiskey, Victor, Sierra, Foxtrot, India} 
2024-10-14 14:38:25.334975 X-ray: Can we be friends?
ChatterBot Victor reevaluating
ChatterBot Sierra reevaluating
ChatterBot Foxtrot reevaluating
ChatterBot India reevaluating
2024-10-14 14:38:25.340975 Whiskey: No
2024-10-14 14:38:25.341088 Victor: No
2024-10-14 14:38:25.341181 Sierra: Yes
2024-10-14 14:38:25.341264 Foxtrot: No
2024-10-14 14:38:25.341350 India: No
ChatterBot Victor reevaluating
ChatterBot Sierra reevaluating
ChatterBot Foxtrot reevaluating
ChatterBot India reevaluating
ChatterBot Sierra reevaluating
ChatterBot Foxtrot reevaluating
ChatterBot India reevaluating
ChatterBot Victor reevaluating
ChatterBot Foxtrot reevaluating
ChatterBot India reevaluating
ChatterBot Victor reevaluating
ChatterBot Sierra reevaluating
ChatterBot India reevaluating
ChatterBot Victor reevaluating
ChatterBot Sierra reevaluating
ChatterBot Foxtrot reevaluating
randomSelections Bravo: {Bravo, Whiskey, Foxtrot, Sierra, Golf, Papa} 
2024-10-14 14:38:25.371203 Bravo: We should group up
ChatterBot Foxtrot reevaluating
ChatterBot Sierra reevaluating
ChatterBot Golf reevaluating
ChatterBot Papa reevaluating
2024-10-14 14:38:25.376687 Whiskey: No
2024-10-14 14:38:25.376874 Foxtrot: No
2024-10-14 14:38:25.376967 Sierra: No
2024-10-14 14:38:25.377069 Golf: No
2024-10-14 14:38:25.377171 Papa: No
ChatterBot Foxtrot reevaluating
ChatterBot Sierra reevaluating
ChatterBot Golf reevaluating
ChatterBot Papa reevaluating
ChatterBot Sierra reevaluating
ChatterBot Golf reevaluating
ChatterBot Papa reevaluating
ChatterBot Foxtrot reevaluating
ChatterBot Golf reevaluating
ChatterBot Papa reevaluating
ChatterBot Foxtrot reevaluating
ChatterBot Sierra reevaluating
ChatterBot Papa reevaluating
ChatterBot Foxtrot reevaluating
ChatterBot Sierra reevaluating
ChatterBot Golf reevaluating
randomSelections Mike: {Mike, Papa, X-ray, Whiskey, Foxtrot, Golf} 
2024-10-14 14:38:25.406067 Mike: We would work well together
ChatterBot Papa reevaluating
ChatterBot Foxtrot reevaluating
ChatterBot Golf reevaluating
2024-10-14 14:38:25.410390 Papa: No
2024-10-14 14:38:25.410496 X-ray: No
2024-10-14 14:38:25.410587 Whiskey: No
2024-10-14 14:38:25.411026 Foxtrot: No
2024-10-14 14:38:25.411229 Golf: No
ChatterBot Foxtrot reevaluating
ChatterBot Golf reevaluating
ChatterBot Papa reevaluating
ChatterBot Foxtrot reevaluating
ChatterBot Golf reevaluating
ChatterBot Papa reevaluating
ChatterBot Foxtrot reevaluating
ChatterBot Golf reevaluating
ChatterBot Papa reevaluating
ChatterBot Golf reevaluating
ChatterBot Papa reevaluating
ChatterBot Foxtrot reevaluating
2024-10-14 14:38:25.447659 Mike: Golf and Foxtrot, sending you 3
2024-10-14 14:38:25.450682 X-ray: Victor, sending you 1
2024-10-14 14:38:25.452676 Whiskey: Golf and Foxtrot, sending you 2
2024-10-14 14:38:25.452945 Victor: Golf and Foxtrot, sending you 3
2024-10-14 14:38:25.453140 Mike: Papa, Whiskey and X-ray, sending you 2
2024-10-14 14:38:25.453337 Foxtrot: Golf and Whiskey, sending you 2
2024-10-14 14:38:25.453686 Golf: Papa, sending you 7
2024-10-14 14:38:25.453973 X-ray: India, sending you 5
2024-10-14 14:38:25.454676 Bravo: Golf, sending you 5
2024-10-14 14:38:25.454920 Sierra: Victor, India and X-ray, sending you 4
2024-10-14 14:38:25.455667 Papa: Golf, sending you 3
2024-10-14 14:38:25.456719 India: Golf, sending you 6
2024-10-14 14:38:25.457016 Golf: Victor, sending you 4
2024-10-14 14:38:25.457685 Whiskey: Papa, sending you 4
2024-10-14 14:38:25.457972 Victor: Papa, sending you 4
2024-10-14 14:38:25.458210 Foxtrot: Papa, sending you 3
2024-10-14 14:38:25.458442 Bravo: Papa, sending you 2
2024-10-14 14:38:25.458709 X-ray: Whiskey and Foxtrot, sending you 3
2024-10-14 14:38:25.458944 Sierra: Whiskey, sending you 3
2024-10-14 14:38:25.459701 Papa: Victor and Foxtrot, sending you 4
2024-10-14 14:38:25.461858 India: Papa and Whiskey, sending you 2
2024-10-14 14:38:25.462187 Golf: India, sending you 5
2024-10-14 14:38:25.462453 Victor: India, sending you 6
2024-10-14 14:38:25.462776 Foxtrot: Victor, sending you 4
2024-10-14 14:38:25.463057 Bravo: Whiskey, sending you 6
2024-10-14 14:38:25.463277 Whiskey: Victor, sending you 3
2024-10-14 14:38:25.463497 X-ray: Sierra, sending you 4
2024-10-14 14:38:25.463717 Sierra: Foxtrot, sending you 2
2024-10-14 14:38:25.463959 Papa: India, sending you 5
2024-10-14 14:38:25.465645 India: Victor and Foxtrot, sending you 3
2024-10-14 14:38:25.465912 Golf: Whiskey and Foxtrot, sending you 1
2024-10-14 14:38:25.466206 Victor: Whiskey, sending you 1
2024-10-14 14:38:25.466495 Whiskey: India, sending you 6
2024-10-14 14:38:25.466847 Papa: Whiskey, sending you 2
2024-10-14 14:38:25.467677 Foxtrot: India, sending you 6
2024-10-14 14:38:25.467944 Bravo: Foxtrot and Sierra, sending you 3
chatterbot Mike submitting transactions
chatterbot Victor submitting transactions
chatterbot Papa submitting transactions
chatterbot India submitting transactions
chatterbot Sierra submitting transactions
chatterbot Whiskey submitting transactions
chatterbot X-ray submitting transactions
chatterbot Foxtrot submitting transactions
chatterbot Golf submitting transactions
chatterbot Bravo submitting transactions
ChatterBot Golf round 2
ChatterBot Papa round 2
ChatterBot Mike round 2
ChatterBot Victor round 2
2024-10-14 14:38:26.717495 Golf: We should add Bravo and Mike
ChatterBot Whiskey reevaluating
ChatterBot India reevaluating
ChatterBot Papa reevaluating
ChatterBot Foxtrot reevaluating
ChatterBot Victor reevaluating
2024-10-14 14:38:26.789319 Whiskey: No
2024-10-14 14:38:26.789596 India: No
2024-10-14 14:38:26.789781 Papa: No
2024-10-14 14:38:26.790208 Foxtrot: No
2024-10-14 14:38:26.790379 Victor: No
ChatterBot India reevaluating
ChatterBot Papa reevaluating
ChatterBot Foxtrot reevaluating
ChatterBot Victor reevaluating
ChatterBot Whiskey reevaluating
ChatterBot Papa reevaluating
ChatterBot Foxtrot reevaluating
ChatterBot Victor reevaluating
ChatterBot Whiskey reevaluating
ChatterBot India reevaluating
ChatterBot Foxtrot reevaluating
ChatterBot Victor reevaluating
ChatterBot Whiskey reevaluating
ChatterBot India reevaluating
ChatterBot Papa reevaluating
ChatterBot Victor reevaluating
ChatterBot Whiskey reevaluating
ChatterBot India reevaluating
ChatterBot Papa reevaluating
ChatterBot Foxtrot reevaluating
ChatterBot India round 2
ChatterBot Whiskey round 2
ChatterBot X-ray round 2
ChatterBot Bravo round 2
ChatterBot Foxtrot round 2
ChatterBot Sierra round 2
2024-10-14 14:38:27.114318 Golf: Bravo and Mike we want you to join our group
ChatterBot Bravo reevaluating
ChatterBot Mike reevaluating
2024-10-14 14:38:27.122044 Bravo: Yes
2024-10-14 14:38:27.122218 Mike: No
ChatterBot Papa reevaluating
ChatterBot Victor reevaluating
ChatterBot India reevaluating
ChatterBot Whiskey reevaluating
ChatterBot Foxtrot reevaluating
ChatterBot Mike reevaluating
ChatterBot Papa reevaluating
ChatterBot Victor reevaluating
ChatterBot India reevaluating
ChatterBot Whiskey reevaluating
ChatterBot Bravo reevaluating
ChatterBot Foxtrot reevaluating
2024-10-14 14:38:27.171626 Mike: We would work well together
ChatterBot Bravo reevaluating
2024-10-14 14:38:27.176513 Bravo: Yes
ChatterBot Mike reevaluating
2024-10-14 14:38:27.191361 X-ray: Friends?
ChatterBot Sierra reevaluating
ChatterBot Mike reevaluating
2024-10-14 14:38:27.199151 Sierra: No
2024-10-14 14:38:27.199323 Mike: No
ChatterBot Mike reevaluating
ChatterBot Sierra reevaluating
2024-10-14 14:38:27.225656 Papa: Bravo we want you to join our group
2024-10-14 14:38:27.228939 Bravo: Yes
ChatterBot Whiskey reevaluating
2024-10-14 14:38:28.767435 X-ray: Mike and Sierra, sending you 6
2024-10-14 14:38:28.768006 Mike: Sending you 6
2024-10-14 14:38:28.768205 Golf: Papa, Mike, Victor, Whiskey and Foxtrot, sending you 2
2024-10-14 14:38:28.768517 India: Golf, Papa, X-ray and Sierra, sending you 2
2024-10-14 14:38:28.768778 Victor: Golf and Papa, sending you 3
2024-10-14 14:38:28.770871 Whiskey: Group up?
ChatterBot Victor reevaluating
2024-10-14 14:38:28.794769 Victor: No
2024-10-14 14:38:28.795318 Golf: No
2024-10-14 14:38:28.795421 Papa: No
2024-10-14 14:38:28.795549 India: Yes
2024-10-14 14:38:28.795669 Bravo: No
2024-10-14 14:38:28.795783 Foxtrot: Yes
2024-10-14 14:38:28.795888 X-ray: No
2024-10-14 14:38:28.795981 Sierra: No
ChatterBot Whiskey reevaluating
ChatterBot Sierra reevaluating
ChatterBot Victor reevaluating
ChatterBot Whiskey reevaluating
ChatterBot Sierra reevaluating
ChatterBot Victor reevaluating
ChatterBot Whiskey reevaluating
ChatterBot Sierra reevaluating
ChatterBot Victor reevaluating
ChatterBot Whiskey reevaluating
ChatterBot X-ray reevaluating
ChatterBot Sierra reevaluating
ChatterBot Victor reevaluating
ChatterBot Whiskey reevaluating
ChatterBot X-ray reevaluating
ChatterBot Sierra reevaluating
ChatterBot Victor reevaluating
ChatterBot Whiskey reevaluating
ChatterBot X-ray reevaluating
ChatterBot Sierra reevaluating
ChatterBot Victor reevaluating
ChatterBot Whiskey reevaluating
ChatterBot Sierra reevaluating
ChatterBot Victor reevaluating
ChatterBot Whiskey reevaluating
ChatterBot X-ray reevaluating
2024-10-14 14:38:29.055791 X-ray: We should group up
ChatterBot Victor reevaluating
ChatterBot Whiskey reevaluating
ChatterBot Sierra reevaluating
2024-10-14 14:38:29.080798 Victor: Yes
2024-10-14 14:38:29.081481 Golf: No
2024-10-14 14:38:29.081655 Papa: No
2024-10-14 14:38:29.081781 India: Yes
2024-10-14 14:38:29.081878 Whiskey: Yes
2024-10-14 14:38:29.081997 Bravo: No
2024-10-14 14:38:29.082161 Foxtrot: Yes
2024-10-14 14:38:29.082252 Sierra: Yes
ChatterBot Whiskey reevaluating
ChatterBot Bravo reevaluating
ChatterBot X-ray reevaluating
ChatterBot Sierra reevaluating
ChatterBot Victor reevaluating
ChatterBot Whiskey reevaluating
ChatterBot Bravo reevaluating
ChatterBot X-ray reevaluating
ChatterBot Sierra reevaluating
ChatterBot Victor reevaluating
ChatterBot Whiskey reevaluating
ChatterBot Bravo reevaluating
ChatterBot X-ray reevaluating
ChatterBot Sierra reevaluating
ChatterBot Victor reevaluating
ChatterBot Whiskey reevaluating
ChatterBot Bravo reevaluating
ChatterBot X-ray reevaluating
ChatterBot Sierra reevaluating
ChatterBot Victor reevaluating
ChatterBot Bravo reevaluating
ChatterBot X-ray reevaluating
ChatterBot Sierra reevaluating
ChatterBot Victor reevaluating
ChatterBot Whiskey reevaluating
ChatterBot X-ray reevaluating
ChatterBot Sierra reevaluating
ChatterBot Victor reevaluating
ChatterBot Whiskey reevaluating
ChatterBot Bravo reevaluating
ChatterBot X-ray reevaluating
ChatterBot Sierra reevaluating
ChatterBot Victor reevaluating
ChatterBot Whiskey reevaluating
ChatterBot Bravo reevaluating
ChatterBot X-ray reevaluating
chatterbot Golf submitting transactions
2024-10-14 14:38:29.370166 Golf: India, sending you 5
2024-10-14 14:38:29.371050 India: Victor, Whiskey and Foxtrot, sending you 3
2024-10-14 14:38:29.372477 Papa: Golf, sending you 4
2024-10-14 14:38:29.373610 Foxtrot: Golf, Victor, India, Whiskey, X-ray, Bravo and Sierra, sending you 2
chatterbot X-ray submitting transactions
chatterbot Bravo submitting transactions
chatterbot Papa submitting transactions
chatterbot Victor submitting transactions
chatterbot Foxtrot submitting transactions
chatterbot India submitting transactions
chatterbot Sierra submitting transactions
2024-10-14 14:38:29.377948 Golf: Bravo, sending you 3
2024-10-14 14:38:29.379558 Papa: Victor, India, Whiskey and Foxtrot, sending you 3
2024-10-14 14:38:29.381060 Foxtrot: Papa, sending you 3
2024-10-14 14:38:29.392681 Papa: Bravo, sending you 2
2024-10-14 14:38:29.399304 X-ray: Sorry, I'm actually sending you 0
2024-10-14 14:38:29.400333 Whiskey: Golf and Victor, sending you 1
2024-10-14 14:38:29.402916 X-ray: Golf, sending you 1
2024-10-14 14:38:29.407001 Whiskey: Papa, India and Foxtrot, sending you 2
2024-10-14 14:38:31.947463 Whiskey: X-ray and Sierra, sending you 3
chatterbot Whiskey submitting transactions
chatterbot Mike submitting transactions
2024-10-14 14:38:31.966045 Whiskey: Bravo, sending you 4
ChatterBot Golf round 3
ChatterBot Papa round 3
ChatterBot Mike round 3
ChatterBot Victor round 3
ChatterBot India round 3
ChatterBot Whiskey round 3
2024-10-14 14:38:31.978576 Victor: India, Whiskey, X-ray, Bravo, Foxtrot and Sierra, sending you 2
ChatterBot X-ray round 3
ChatterBot Bravo round 3
ChatterBot Foxtrot round 3
ChatterBot Sierra round 3
2024-10-14 14:38:31.996300 Golf: We would work well together
ChatterBot Bravo reevaluating
ChatterBot X-ray reevaluating
ChatterBot Sierra reevaluating
2024-10-14 14:38:32.045227 Victor: Yes
2024-10-14 14:38:32.045413 Papa: No
2024-10-14 14:38:32.045588 India: Yes
2024-10-14 14:38:32.045768 Whiskey: Yes
2024-10-14 14:38:32.046384 Bravo: Yes
2024-10-14 14:38:32.046555 Foxtrot: Yes
2024-10-14 14:38:32.046739 X-ray: No
2024-10-14 14:38:32.046912 Sierra: No
ChatterBot Bravo reevaluating
ChatterBot X-ray reevaluating
ChatterBot Sierra reevaluating
ChatterBot Bravo reevaluating
ChatterBot X-ray reevaluating
ChatterBot Sierra reevaluating
ChatterBot Bravo reevaluating
ChatterBot X-ray reevaluating
ChatterBot Sierra reevaluating
ChatterBot Bravo reevaluating
ChatterBot X-ray reevaluating
ChatterBot Sierra reevaluating
ChatterBot X-ray reevaluating
ChatterBot Sierra reevaluating
ChatterBot Bravo reevaluating
ChatterBot X-ray reevaluating
ChatterBot Sierra reevaluating
ChatterBot Bravo reevaluating
ChatterBot Sierra reevaluating
ChatterBot Bravo reevaluating
ChatterBot X-ray reevaluating
2024-10-14 14:38:32.391692 Mike: We should group up
ChatterBot India reevaluating
ChatterBot Bravo reevaluating
2024-10-14 14:38:32.417626 Golf: No
2024-10-14 14:38:32.417764 Papa: No
2024-10-14 14:38:32.417875 Victor: No
2024-10-14 14:38:32.417970 India: Yes
2024-10-14 14:38:32.418130 Whiskey: No
2024-10-14 14:38:32.418246 Bravo: Yes
2024-10-14 14:38:32.418345 Foxtrot: No
ChatterBot India reevaluating
ChatterBot Bravo reevaluating
ChatterBot India reevaluating
ChatterBot Bravo reevaluating
ChatterBot India reevaluating
ChatterBot Bravo reevaluating
ChatterBot Bravo reevaluating
ChatterBot India reevaluating
ChatterBot Bravo reevaluating
ChatterBot India reevaluating
ChatterBot India reevaluating
ChatterBot Bravo reevaluating
chatterbot X-ray submitting transactions
chatterbot Bravo submitting transactions
chatterbot Sierra submitting transactions
chatterbot Whiskey submitting transactions
chatterbot Victor submitting transactions
2024-10-14 14:38:32.760342 Bravo: Mike we want you to join our group
2024-10-14 14:38:32.763676 Mike: No
ChatterBot Golf reevaluating
2024-10-14 14:38:32.795635 Golf: We should add X-ray and Sierra
2024-10-14 14:38:32.821911 Papa: No
2024-10-14 14:38:32.822433 Victor: Yes
2024-10-14 14:38:32.822569 India: Yes
2024-10-14 14:38:32.822698 Whiskey: Yes
2024-10-14 14:38:32.822832 Bravo: Yes
2024-10-14 14:38:32.822958 Foxtrot: Yes
2024-10-14 14:38:32.823085 Mike: No
ChatterBot Golf reevaluating
ChatterBot Golf reevaluating
ChatterBot Golf reevaluating
ChatterBot Golf reevaluating
ChatterBot Golf reevaluating
ChatterBot Golf reevaluating
ChatterBot Golf reevaluating
2024-10-14 14:38:33.112652 X-ray: We should drop Papa
ChatterBot Golf reevaluating
ChatterBot India reevaluating
2024-10-14 14:38:33.144994 Golf: No
2024-10-14 14:38:33.145428 Victor: No
2024-10-14 14:38:33.145640 India: No
2024-10-14 14:38:33.145942 Whiskey: No
2024-10-14 14:38:33.146618 Bravo: No
2024-10-14 14:38:33.146881 Foxtrot: No
2024-10-14 14:38:33.147199 Sierra: Yes
ChatterBot India reevaluating
ChatterBot Golf reevaluating
ChatterBot India reevaluating
ChatterBot Golf reevaluating
ChatterBot Golf reevaluating
ChatterBot India reevaluating
ChatterBot Golf reevaluating
ChatterBot India reevaluating
ChatterBot Golf reevaluating
ChatterBot India reevaluating
ChatterBot Golf reevaluating
ChatterBot India reevaluating
2024-10-14 14:38:33.336967 Golf: We should replace Mike with X-ray
2024-10-14 14:38:33.359253 Papa: No
2024-10-14 14:38:33.359426 Victor: Yes
2024-10-14 14:38:33.360053 India: Yes
2024-10-14 14:38:33.360205 Whiskey: Yes
2024-10-14 14:38:33.360320 Bravo: No
2024-10-14 14:38:33.360451 Foxtrot: Yes
ChatterBot Golf reevaluating
ChatterBot Golf reevaluating
ChatterBot Golf reevaluating
ChatterBot Golf reevaluating
ChatterBot Golf reevaluating
ChatterBot Golf reevaluating
chatterbot Golf submitting transactions
chatterbot Papa submitting transactions
2024-10-14 14:38:33.553989 Papa: Sending you each 3
2024-10-14 14:38:33.555094 Foxtrot: Golf, Victor, India, Whiskey, X-ray, Bravo and Sierra, sending you 2
2024-10-14 14:38:33.556604 Mike: Golf, sending you 6
2024-10-14 14:38:33.557901 Victor: Golf, Whiskey, X-ray, Bravo, Foxtrot and Sierra, sending you 2
2024-10-14 14:38:33.558785 Whiskey: Golf, Victor, Foxtrot and Sierra, sending you 2
2024-10-14 14:38:33.560809 Foxtrot: Papa, sending you 3
2024-10-14 14:38:33.593574 Mike: Papa, Victor, India, Whiskey, Bravo and Foxtrot, sending you 1
2024-10-14 14:38:33.595835 Whiskey: Papa, India and Bravo, sending you 3
2024-10-14 14:38:33.599088 Victor: Papa and India, sending you 3
chatterbot Foxtrot submitting transactions
2024-10-14 14:38:33.632074 Whiskey: X-ray, sending you 1
2024-10-14 14:38:33.633535 India: Golf, sending you 4
2024-10-14 14:38:33.634027 X-ray: Victor, India, Whiskey and Foxtrot, sending you 2
2024-10-14 14:38:33.656528 X-ray: Bravo, sending you 1
2024-10-14 14:38:33.657785 Golf: Papa, Victor, India and Bravo, sending you 3
2024-10-14 14:38:33.658400 India: Papa, Victor, Whiskey, X-ray, Foxtrot and Sierra, sending you 2
chatterbot Sierra submitting transactions
chatterbot Bravo submitting transactions
2024-10-14 14:38:33.684781 X-ray: Sierra, sending you 5
2024-10-14 14:38:33.685259 Golf: Whiskey and Foxtrot, sending you 2
2024-10-14 14:38:33.686301 India: Bravo, sending you 1
chatterbot Mike submitting transactions
2024-10-14 14:38:33.693048 Golf: X-ray and Sierra, sending you 1
chatterbot X-ray submitting transactions
chatterbot Golf submitting transactions
chatterbot India submitting transactions
ChatterBot Golf round 4
ChatterBot Papa round 4
ChatterBot Mike round 4
ChatterBot Victor round 4
ChatterBot India round 4
2024-10-14 14:38:33.994825 Golf: We should add Mike
2024-10-14 14:38:34.035964 Victor: No
2024-10-14 14:38:34.036146 Papa: No
2024-10-14 14:38:34.036266 India: No
2024-10-14 14:38:34.036377 Whiskey: No
2024-10-14 14:38:34.036485 Bravo: Yes
2024-10-14 14:38:34.036645 Foxtrot: No
2024-10-14 14:38:34.036803 X-ray: No
2024-10-14 14:38:34.036931 Sierra: No
ChatterBot Bravo reevaluating
ChatterBot Bravo reevaluating
ChatterBot Bravo reevaluating
ChatterBot Golf reevaluating
ChatterBot Bravo reevaluating
ChatterBot Whiskey round 4
ChatterBot X-ray round 4
ChatterBot Bravo round 4
ChatterBot Foxtrot round 4
ChatterBot Sierra round 4
2024-10-14 14:38:34.290078 Mike: We should add X-ray and Sierra
ChatterBot Golf reevaluating
ChatterBot Bravo reevaluating
2024-10-14 14:38:34.370148 Golf: Yes
2024-10-14 14:38:34.371055 Papa: No
2024-10-14 14:38:34.371291 Victor: Yes
2024-10-14 14:38:34.371625 India: Yes
2024-10-14 14:38:34.371836 Whiskey: Yes
2024-10-14 14:38:34.372064 Bravo: Yes
2024-10-14 14:38:34.372396 Foxtrot: Yes
ChatterBot Bravo reevaluating
ChatterBot Golf reevaluating
ChatterBot Bravo reevaluating
ChatterBot Golf reevaluating
ChatterBot Bravo reevaluating
ChatterBot Golf reevaluating
ChatterBot Bravo reevaluating
ChatterBot Golf reevaluating
ChatterBot Bravo reevaluating
ChatterBot Golf reevaluating
ChatterBot Golf reevaluating
ChatterBot Bravo reevaluating
chatterbot Victor submitting transactions
2024-10-14 14:38:34.595393 Bravo: We should add Mike
ChatterBot Golf reevaluating
2024-10-14 14:38:34.639580 Victor: No
2024-10-14 14:38:34.639811 Golf: Yes
2024-10-14 14:38:34.639976 Papa: No
2024-10-14 14:38:34.640570 India: Yes
2024-10-14 14:38:34.640752 Whiskey: No
2024-10-14 14:38:34.640922 Foxtrot: No
2024-10-14 14:38:34.641098 X-ray: No
2024-10-14 14:38:34.641282 Sierra: No
ChatterBot Golf reevaluating
ChatterBot Bravo reevaluating
ChatterBot India reevaluating
ChatterBot Bravo reevaluating
ChatterBot Golf reevaluating
ChatterBot India reevaluating
ChatterBot Bravo reevaluating
ChatterBot Golf reevaluating
ChatterBot Bravo reevaluating
ChatterBot Golf reevaluating
ChatterBot India reevaluating
ChatterBot Bravo reevaluating
ChatterBot Golf reevaluating
ChatterBot Papa reevaluating
ChatterBot India reevaluating
ChatterBot Bravo reevaluating
ChatterBot Golf reevaluating
ChatterBot Papa reevaluating
ChatterBot India reevaluating
ChatterBot Bravo reevaluating
ChatterBot Golf reevaluating
ChatterBot Papa reevaluating
ChatterBot India reevaluating
ChatterBot Bravo reevaluating
2024-10-14 14:38:34.995229 Mike: X-ray and Sierra we want you to join our group
2024-10-14 14:38:35.002809 X-ray: No
2024-10-14 14:38:35.002970 Sierra: No
ChatterBot Bravo reevaluating
ChatterBot Golf reevaluating
ChatterBot Papa reevaluating
ChatterBot India reevaluating
ChatterBot Bravo reevaluating
ChatterBot Golf reevaluating
ChatterBot Papa reevaluating
ChatterBot India reevaluating
chatterbot Whiskey submitting transactions
2024-10-14 14:38:35.072658 Sierra: We should drop Papa
ChatterBot India reevaluating
2024-10-14 14:38:35.097840 X-ray: Yes
2024-10-14 14:38:35.098470 Golf: No
2024-10-14 14:38:35.098624 Victor: No
2024-10-14 14:38:35.098761 India: No
2024-10-14 14:38:35.098909 Whiskey: No
2024-10-14 14:38:35.099045 Bravo: No
2024-10-14 14:38:35.099165 Foxtrot: No
ChatterBot India reevaluating
ChatterBot India reevaluating
ChatterBot India reevaluating
ChatterBot Bravo reevaluating
ChatterBot Bravo reevaluating
ChatterBot India reevaluating
ChatterBot Bravo reevaluating
ChatterBot India reevaluating
ChatterBot India reevaluating
ChatterBot Bravo reevaluating
2024-10-14 14:38:35.336424 Golf: Mike we want you to join our group
2024-10-14 14:38:35.340276 Mike: Yes
ChatterBot Bravo reevaluating
ChatterBot Papa reevaluating
ChatterBot India reevaluating
2024-10-14 14:38:35.414965 Mike: Golf, sending you 3
2024-10-14 14:38:35.415574 Whiskey: Golf, Victor, Foxtrot and Sierra, sending you 2
2024-10-14 14:38:35.417090 Foxtrot: Golf, Victor, India, Whiskey, X-ray, Bravo and Sierra, sending you 2
2024-10-14 14:38:35.418747 Victor: Golf and Papa, sending you 3
2024-10-14 14:38:35.420451 X-ray: Golf, sending you 1
2024-10-14 14:38:35.421939 Bravo: Mike we want you to join our group
2024-10-14 14:38:35.426529 Mike: Yes
ChatterBot Bravo reevaluating
ChatterBot Papa reevaluating
2024-10-14 14:38:35.462436 Mike: Papa, Victor, India, Whiskey and Sierra, sending you 1
2024-10-14 14:38:35.463933 Whiskey: Papa, India and Bravo, sending you 3
2024-10-14 14:38:35.465089 Foxtrot: Papa, sending you 3
2024-10-14 14:38:35.465704 Victor: India, Whiskey, X-ray, Bravo, Foxtrot and Sierra, sending you 2
2024-10-14 14:38:35.466728 X-ray: Victor, India, Whiskey, Bravo and Foxtrot, sending you 2
chatterbot X-ray submitting transactions
2024-10-14 14:38:35.467320 Golf: Papa and India, sending you 3
2024-10-14 14:38:35.468264 Mike: Bravo, sending you 4
2024-10-14 14:38:35.468769 Whiskey: X-ray, sending you 1
2024-10-14 14:38:35.497062 X-ray: Sierra, sending you 5
2024-10-14 14:38:35.498556 Golf: Mike, Victor, Whiskey, Bravo and Foxtrot, sending you 2
2024-10-14 14:38:35.538379 Golf: X-ray and Sierra, sending you 1
2024-10-14 14:38:35.539589 India: Golf, sending you 4
2024-10-14 14:38:35.540118 Papa: Golf, Victor, India, Whiskey and Foxtrot, sending you 3
2024-10-14 14:38:35.572843 Papa: Mike, sending you 1
chatterbot Victor submitting transactions
2024-10-14 14:38:35.574164 India: Papa, Victor, Whiskey, X-ray, Foxtrot and Sierra, sending you 2
2024-10-14 14:38:35.602551 Papa: Bravo, sending you 2
2024-10-14 14:38:35.603968 India: Bravo, sending you 1
chatterbot Golf submitting transactions
chatterbot Sierra submitting transactions
chatterbot Mike submitting transactions
chatterbot Whiskey submitting transactions
chatterbot Foxtrot submitting transactions
chatterbot Papa submitting transactions
chatterbot India submitting transactions
chatterbot Bravo submitting transactions
ChatterBot Golf round 5
ChatterBot Papa round 5
ChatterBot Mike round 5
ChatterBot Victor round 5
ChatterBot India round 5
ChatterBot Whiskey round 5
ChatterBot X-ray round 5
ChatterBot Bravo round 5
ChatterBot Foxtrot round 5
ChatterBot Sierra round 5
2024-10-14 14:38:36.595196 X-ray: We should add Mike
ChatterBot Golf reevaluating
ChatterBot India reevaluating
ChatterBot Bravo reevaluating
ChatterBot Sierra reevaluating
2024-10-14 14:38:36.629083 Golf: Yes
2024-10-14 14:38:36.629298 Victor: No
2024-10-14 14:38:36.629469 India: Yes
2024-10-14 14:38:36.629647 Whiskey: No
2024-10-14 14:38:36.630141 Bravo: Yes
2024-10-14 14:38:36.630300 Foxtrot: No
2024-10-14 14:38:36.630456 Sierra: Yes
ChatterBot India reevaluating
ChatterBot Bravo reevaluating
ChatterBot Sierra reevaluating
ChatterBot Golf reevaluating
ChatterBot India reevaluating
ChatterBot Bravo reevaluating
ChatterBot Sierra reevaluating
ChatterBot Golf reevaluating
ChatterBot Bravo reevaluating
ChatterBot Sierra reevaluating
ChatterBot Golf reevaluating
ChatterBot India reevaluating
ChatterBot Bravo reevaluating
ChatterBot Sierra reevaluating
ChatterBot Golf reevaluating
ChatterBot India reevaluating
ChatterBot Sierra reevaluating
ChatterBot Golf reevaluating
ChatterBot Victor reevaluating
ChatterBot India reevaluating
ChatterBot Bravo reevaluating
ChatterBot Sierra reevaluating
ChatterBot Golf reevaluating
ChatterBot Victor reevaluating
ChatterBot India reevaluating
ChatterBot Bravo reevaluating
2024-10-14 14:38:36.944555 X-ray: Mike we want you to join our group
2024-10-14 14:38:36.950887 Mike: Yes
ChatterBot Golf reevaluating
ChatterBot Victor reevaluating
ChatterBot India reevaluating
ChatterBot Bravo reevaluating
ChatterBot Sierra reevaluating
2024-10-14 14:38:36.997994 Victor: We should replace Bravo with Mike
ChatterBot Golf reevaluating
ChatterBot Papa reevaluating
ChatterBot India reevaluating
ChatterBot Foxtrot reevaluating
ChatterBot Sierra reevaluating
2024-10-14 14:38:37.039261 Golf: No
2024-10-14 14:38:37.039484 Papa: No
2024-10-14 14:38:37.039660 India: No
2024-10-14 14:38:37.039820 Whiskey: No
2024-10-14 14:38:37.039972 Foxtrot: No
2024-10-14 14:38:37.040121 X-ray: No
2024-10-14 14:38:37.040264 Sierra: No
ChatterBot Victor reevaluating
ChatterBot Papa reevaluating
ChatterBot India reevaluating
ChatterBot Foxtrot reevaluating
ChatterBot Sierra reevaluating
ChatterBot Victor reevaluating
ChatterBot Golf reevaluating
ChatterBot India reevaluating
ChatterBot Foxtrot reevaluating
ChatterBot Sierra reevaluating
ChatterBot Victor reevaluating
ChatterBot Golf reevaluating
ChatterBot Papa reevaluating
ChatterBot Foxtrot reevaluating
ChatterBot Sierra reevaluating
ChatterBot Victor reevaluating
ChatterBot Golf reevaluating
ChatterBot Papa reevaluating
ChatterBot India reevaluating
ChatterBot Foxtrot reevaluating
ChatterBot Sierra reevaluating
ChatterBot Victor reevaluating
ChatterBot Golf reevaluating
ChatterBot Papa reevaluating
ChatterBot India reevaluating
ChatterBot Sierra reevaluating
ChatterBot Victor reevaluating
ChatterBot Golf reevaluating
ChatterBot Papa reevaluating
ChatterBot India reevaluating
ChatterBot Foxtrot reevaluating
ChatterBot Sierra reevaluating
ChatterBot Victor reevaluating
ChatterBot Golf reevaluating
ChatterBot Papa reevaluating
ChatterBot India reevaluating
ChatterBot Whiskey reevaluating
ChatterBot Foxtrot reevaluating
2024-10-14 14:38:37.402987 Sierra: We should replace Papa with Mike
ChatterBot Golf reevaluating
ChatterBot Victor reevaluating
ChatterBot India reevaluating
ChatterBot Whiskey reevaluating
ChatterBot Bravo reevaluating
ChatterBot Foxtrot reevaluating
2024-10-14 14:38:37.444167 X-ray: Yes
2024-10-14 14:38:37.444355 Golf: No
2024-10-14 14:38:37.444499 Victor: No
2024-10-14 14:38:37.444652 India: No
2024-10-14 14:38:37.444800 Whiskey: No
2024-10-14 14:38:37.444942 Bravo: No
2024-10-14 14:38:37.445128 Foxtrot: No
ChatterBot Golf reevaluating
ChatterBot Victor reevaluating
ChatterBot India reevaluating
ChatterBot Whiskey reevaluating
ChatterBot Bravo reevaluating
ChatterBot Foxtrot reevaluating
ChatterBot Sierra reevaluating
ChatterBot Victor reevaluating
ChatterBot India reevaluating
ChatterBot Whiskey reevaluating
ChatterBot Bravo reevaluating
ChatterBot Foxtrot reevaluating
ChatterBot Sierra reevaluating
ChatterBot Golf reevaluating
ChatterBot India reevaluating
ChatterBot Whiskey reevaluating
ChatterBot Bravo reevaluating
ChatterBot Foxtrot reevaluating
ChatterBot Sierra reevaluating
ChatterBot Golf reevaluating
ChatterBot Victor reevaluating
ChatterBot Whiskey reevaluating
ChatterBot Bravo reevaluating
ChatterBot Foxtrot reevaluating
ChatterBot Sierra reevaluating
ChatterBot Golf reevaluating
ChatterBot Victor reevaluating
ChatterBot India reevaluating
ChatterBot Bravo reevaluating
ChatterBot Foxtrot reevaluating
ChatterBot Sierra reevaluating
ChatterBot Golf reevaluating
ChatterBot Victor reevaluating
ChatterBot India reevaluating
ChatterBot Whiskey reevaluating
ChatterBot Foxtrot reevaluating
ChatterBot Sierra reevaluating
ChatterBot Golf reevaluating
ChatterBot Victor reevaluating
ChatterBot India reevaluating
ChatterBot Whiskey reevaluating
ChatterBot Bravo reevaluating
ChatterBot Sierra reevaluating
chatterbot X-ray submitting transactions
2024-10-14 14:38:37.854862 Foxtrot: Mike we want you to join our group
2024-10-14 14:38:37.860873 Mike: Yes
ChatterBot Papa reevaluating
ChatterBot Victor reevaluating
ChatterBot Whiskey reevaluating
2024-10-14 14:38:37.913752 Mike: Golf and Bravo, sending you 3
2024-10-14 14:38:37.916234 Sierra: Mike we want you to join our group
2024-10-14 14:38:37.923220 Mike: Yes
ChatterBot Victor reevaluating
2024-10-14 14:38:37.970716 India: Mike we want you to join our group
2024-10-14 14:38:37.977840 Mike: Yes
ChatterBot Papa reevaluating
ChatterBot Victor reevaluating
2024-10-14 14:38:38.026894 Bravo: Mike we want you to join our group
2024-10-14 14:38:38.034037 Mike: Yes
ChatterBot Victor reevaluating
chatterbot Papa submitting transactions
2024-10-14 14:38:38.081233 Mike: Papa, Victor, India, Whiskey, X-ray and Sierra, sending you 1
chatterbot Mike submitting transactions
2024-10-14 14:38:38.090440 X-ray: Golf, sending you 1
2024-10-14 14:38:38.092164 Golf: Papa and India, sending you 3
2024-10-14 14:38:38.096038 X-ray: Victor, India, Whiskey, Bravo and Foxtrot, sending you 2
2024-10-14 14:38:38.101037 Golf: Mike, Victor, Whiskey, Bravo and Foxtrot, sending you 2
2024-10-14 14:38:38.103821 Papa: Golf, Victor, India, Whiskey and Foxtrot, sending you 3
2024-10-14 14:38:38.104980 X-ray: Sierra, sending you 5
2024-10-14 14:38:38.106490 Foxtrot: Golf, Papa, Victor, India, Whiskey, X-ray, Bravo and Sierra, sending you 2
2024-10-14 14:38:38.108575 Golf: X-ray and Sierra, sending you 1
2024-10-14 14:38:38.109992 Papa: Mike, sending you 1
2024-10-14 14:38:38.110974 Whiskey: Golf, Victor, Foxtrot and Sierra, sending you 2
2024-10-14 14:38:38.112990 Foxtrot: Mike, sending you 1
2024-10-14 14:38:38.114456 India: Golf, sending you 3
2024-10-14 14:38:38.117317 Papa: Bravo, sending you 2
2024-10-14 14:38:38.118751 Victor: Golf, Whiskey, X-ray, Bravo, Foxtrot and Sierra, sending you 2
2024-10-14 14:38:38.121009 Whiskey: Papa, India and Bravo, sending you 3
2024-10-14 14:38:38.124111 India: Papa, Victor, Whiskey, X-ray, Foxtrot and Sierra, sending you 2
2024-10-14 14:38:38.126099 Victor: Papa and India, sending you 3
2024-10-14 14:38:38.128124 Whiskey: X-ray, sending you 1
2024-10-14 14:38:38.135263 India: Mike and Bravo, sending you 1
chatterbot Foxtrot submitting transactions
chatterbot Whiskey submitting transactions
chatterbot Papa submitting transactions
chatterbot India submitting transactions
chatterbot Golf submitting transactions
chatterbot Bravo submitting transactions
chatterbot Sierra submitting transactions
chatterbot Victor submitting transactions
ChatterBot Golf round 6
ChatterBot Papa round 6
ChatterBot Mike round 6
ChatterBot Victor round 6
ChatterBot India round 6
ChatterBot Whiskey round 6
ChatterBot X-ray round 6
ChatterBot Bravo round 6
ChatterBot Foxtrot round 6
ChatterBot Sierra round 6
2024-10-14 14:38:39.261121 Bravo: We should add Mike
ChatterBot Victor reevaluating
ChatterBot Whiskey reevaluating
2024-10-14 14:38:39.303161 Victor: Yes
2024-10-14 14:38:39.303393 Golf: Yes
2024-10-14 14:38:39.303576 Papa: Yes
2024-10-14 14:38:39.303755 India: Yes
2024-10-14 14:38:39.305085 Whiskey: Yes
2024-10-14 14:38:39.305288 Foxtrot: Yes
2024-10-14 14:38:39.305476 X-ray: Yes
2024-10-14 14:38:39.305680 Sierra: Yes
ChatterBot Whiskey reevaluating
ChatterBot Victor reevaluating
ChatterBot Whiskey reevaluating
ChatterBot Victor reevaluating
ChatterBot Whiskey reevaluating
ChatterBot Victor reevaluating
ChatterBot Golf reevaluating
ChatterBot Whiskey reevaluating
ChatterBot Victor reevaluating
ChatterBot Golf reevaluating
ChatterBot Victor reevaluating
ChatterBot Golf reevaluating
ChatterBot Whiskey reevaluating
ChatterBot Victor reevaluating
ChatterBot Golf reevaluating
ChatterBot Whiskey reevaluating
ChatterBot Victor reevaluating
ChatterBot Golf reevaluating
ChatterBot Whiskey reevaluating
2024-10-14 14:38:39.689825 Sierra: We should replace Papa with Mike
ChatterBot Golf reevaluating
ChatterBot Victor reevaluating
ChatterBot Whiskey reevaluating
2024-10-14 14:38:39.715968 X-ray: Yes
2024-10-14 14:38:39.716163 Golf: No
2024-10-14 14:38:39.716605 Victor: No
2024-10-14 14:38:39.716727 India: No
2024-10-14 14:38:39.716832 Whiskey: No
2024-10-14 14:38:39.716927 Bravo: No
2024-10-14 14:38:39.717014 Foxtrot: No
ChatterBot Golf reevaluating
ChatterBot Victor reevaluating
ChatterBot Whiskey reevaluating
ChatterBot Victor reevaluating
ChatterBot Whiskey reevaluating
ChatterBot Golf reevaluating
ChatterBot Whiskey reevaluating
ChatterBot Golf reevaluating
ChatterBot Victor reevaluating
ChatterBot Whiskey reevaluating
ChatterBot Golf reevaluating
ChatterBot Victor reevaluating
ChatterBot Golf reevaluating
ChatterBot Victor reevaluating
ChatterBot Whiskey reevaluating
ChatterBot Golf reevaluating
ChatterBot Victor reevaluating
ChatterBot Whiskey reevaluating
2024-10-14 14:38:39.947023 Bravo: Mike we want you to join our group
2024-10-14 14:38:39.952756 Mike: Yes
ChatterBot Golf reevaluating
ChatterBot Victor reevaluating
ChatterBot Whiskey reevaluating
2024-10-14 14:38:39.987655 Sierra: Mike we want you to join our group
2024-10-14 14:38:39.995742 Mike: Yes
ChatterBot Golf reevaluating
ChatterBot Victor reevaluating
2024-10-14 14:38:40.026288 Mike: Golf and Bravo, sending you 3
2024-10-14 14:38:40.027488 X-ray: Golf, Mike and Whiskey, sending you 1
2024-10-14 14:38:40.028308 Whiskey: Mike we want you to join our group
2024-10-14 14:38:40.032502 Mike: Yes
ChatterBot Golf reevaluating
ChatterBot Victor reevaluating
2024-10-14 14:38:40.063072 Victor: We should replace Sierra with Mike
ChatterBot Golf reevaluating
2024-10-14 14:38:40.084424 Golf: Yes
2024-10-14 14:38:40.084638 Papa: Yes
2024-10-14 14:38:40.085140 India: No
2024-10-14 14:38:40.085303 Whiskey: No
2024-10-14 14:38:40.085501 Bravo: No
2024-10-14 14:38:40.085691 Foxtrot: No
2024-10-14 14:38:40.085849 X-ray: No
ChatterBot Victor reevaluating
ChatterBot Victor reevaluating
ChatterBot Golf reevaluating
ChatterBot Victor reevaluating
ChatterBot Golf reevaluating
ChatterBot Victor reevaluating
ChatterBot Golf reevaluating
ChatterBot Victor reevaluating
ChatterBot Golf reevaluating
ChatterBot Victor reevaluating
ChatterBot Golf reevaluating
ChatterBot Victor reevaluating
ChatterBot Golf reevaluating
2024-10-14 14:38:40.320370 Papa: Golf, Victor, India, Whiskey and Foxtrot, sending you 3
2024-10-14 14:38:40.321631 Mike: Papa, Victor, India, X-ray, Foxtrot and Sierra, sending you 1
2024-10-14 14:38:40.323117 India: Golf, sending you 3
2024-10-14 14:38:40.323924 X-ray: Victor, India, Bravo and Foxtrot, sending you 2
chatterbot Foxtrot submitting transactions
chatterbot Mike submitting transactions
chatterbot X-ray submitting transactions
chatterbot Sierra submitting transactions
chatterbot Papa submitting transactions
2024-10-14 14:38:40.325789 Foxtrot: Golf, Papa, Victor, India, Whiskey, X-ray, Bravo and Sierra, sending you 2
2024-10-14 14:38:40.326626 Papa: Mike, sending you 1
2024-10-14 14:38:40.327977 Victor: Mike we want you to join our group
2024-10-14 14:38:40.332479 Mike: Yes
ChatterBot Victor reevaluating
ChatterBot Golf reevaluating
2024-10-14 14:38:40.366378 India: Papa, Victor, Whiskey, X-ray, Foxtrot and Sierra, sending you 2
2024-10-14 14:38:40.367213 X-ray: Sierra, sending you 5
2024-10-14 14:38:40.367740 Foxtrot: Mike, sending you 1
2024-10-14 14:38:40.368336 Papa: Bravo, sending you 2
chatterbot India submitting transactions
2024-10-14 14:38:40.370672 India: Mike and Bravo, sending you 1
2024-10-14 14:38:40.371757 Whiskey: Golf, Victor, India, X-ray, Bravo, Foxtrot and Sierra, sending you 2
2024-10-14 14:38:40.377680 Whiskey: Papa, sending you 3
2024-10-14 14:38:40.380670 Whiskey: Mike, sending you 1
2024-10-14 14:38:40.390702 Victor: Golf, Papa, Mike, India, Whiskey, X-ray, Bravo, Foxtrot and Sierra, sending you 2
chatterbot Bravo submitting transactions
2024-10-14 14:38:40.397691 Golf: Papa and India, sending you 3
2024-10-14 14:38:40.401760 Golf: Mike, Victor, Whiskey, Bravo and Foxtrot, sending you 2
2024-10-14 14:38:40.406695 Golf: X-ray and Sierra, sending you 1
chatterbot Whiskey submitting transactions
chatterbot Golf submitting transactions
chatterbot Victor submitting transactions
ChatterBot Golf round 7
ChatterBot Papa round 7
ChatterBot Mike round 7
ChatterBot Victor round 7
ChatterBot India round 7
ChatterBot Whiskey round 7
ChatterBot X-ray round 7
ChatterBot Bravo round 7
ChatterBot Foxtrot round 7
ChatterBot Sierra round 7
2024-10-14 14:38:41.484420 Bravo: We should add Mike
ChatterBot Victor reevaluating
ChatterBot Golf reevaluating
2024-10-14 14:38:41.510331 Victor: Yes
2024-10-14 14:38:41.510520 Golf: Yes
2024-10-14 14:38:41.510661 Papa: Yes
2024-10-14 14:38:41.510781 India: Yes
2024-10-14 14:38:41.510894 Whiskey: Yes
2024-10-14 14:38:41.511009 Foxtrot: Yes
2024-10-14 14:38:41.511124 X-ray: Yes
2024-10-14 14:38:41.511714 Sierra: Yes
ChatterBot Golf reevaluating
ChatterBot Victor reevaluating
ChatterBot Victor reevaluating
ChatterBot Golf reevaluating
ChatterBot Victor reevaluating
ChatterBot Golf reevaluating
ChatterBot Victor reevaluating
ChatterBot Golf reevaluating
ChatterBot Victor reevaluating
ChatterBot Golf reevaluating
ChatterBot Victor reevaluating
ChatterBot Golf reevaluating
ChatterBot Victor reevaluating
ChatterBot Golf reevaluating
2024-10-14 14:38:41.838909 Sierra: We should replace Papa with Mike
ChatterBot Golf reevaluating
