ChatterBot Whiskey round 1
ChatterBot Zulu round 1
ChatterBot India round 1
ChatterBot Foxtrot round 1
ChatterBot X-ray round 1
ChatterBot Victor round 1
ChatterBot Sierra round 1
ChatterBot Juliett round 1
ChatterBot Romeo round 1
ChatterBot Uniform round 1
randomSelections India: {India, X-ray, Victor, Romeo, Zulu, Whiskey, Uniform, Foxtrot} 
2024-10-14 21:15:40.872852 India: We should group up
ChatterBot X-ray reevaluating
ChatterBot Victor reevaluating
ChatterBot Romeo reevaluating
ChatterBot Zulu reevaluating
ChatterBot Whiskey reevaluating
ChatterBot Uniform reevaluating
ChatterBot Foxtrot reevaluating
2024-10-14 21:15:40.962016 X-ray: Yes
2024-10-14 21:15:40.962872 Victor: Yes
2024-10-14 21:15:40.963224 Romeo: Yes
2024-10-14 21:15:40.963732 Zulu: Yes
2024-10-14 21:15:40.964580 Whiskey: Yes
2024-10-14 21:15:40.964828 Uniform: Yes
2024-10-14 21:15:40.965091 Foxtrot: Yes
ChatterBot Victor reevaluating
ChatterBot Romeo reevaluating
ChatterBot Zulu reevaluating
ChatterBot Whiskey reevaluating
ChatterBot Uniform reevaluating
ChatterBot Foxtrot reevaluating
ChatterBot X-ray reevaluating
ChatterBot Romeo reevaluating
ChatterBot Zulu reevaluating
ChatterBot Whiskey reevaluating
ChatterBot Uniform reevaluating
ChatterBot Foxtrot reevaluating
ChatterBot X-ray reevaluating
ChatterBot Victor reevaluating
ChatterBot Zulu reevaluating
ChatterBot Whiskey reevaluating
ChatterBot Uniform reevaluating
ChatterBot Foxtrot reevaluating
ChatterBot X-ray reevaluating
ChatterBot Victor reevaluating
ChatterBot Romeo reevaluating
ChatterBot Whiskey reevaluating
ChatterBot Uniform reevaluating
ChatterBot Foxtrot reevaluating
ChatterBot X-ray reevaluating
ChatterBot Victor reevaluating
ChatterBot Romeo reevaluating
ChatterBot Zulu reevaluating
ChatterBot Uniform reevaluating
ChatterBot Foxtrot reevaluating
ChatterBot X-ray reevaluating
ChatterBot Victor reevaluating
ChatterBot Romeo reevaluating
ChatterBot Zulu reevaluating
ChatterBot Whiskey reevaluating
ChatterBot Foxtrot reevaluating
ChatterBot X-ray reevaluating
ChatterBot Victor reevaluating
ChatterBot Romeo reevaluating
ChatterBot Zulu reevaluating
ChatterBot Whiskey reevaluating
ChatterBot Uniform reevaluating
randomSelections Sierra: {Sierra, X-ray, Romeo, Uniform, Zulu, Victor, Whiskey, Foxtrot} 
2024-10-14 21:15:41.064601 Sierra: We would work well together
ChatterBot X-ray reevaluating
ChatterBot Romeo reevaluating
ChatterBot Uniform reevaluating
ChatterBot Zulu reevaluating
ChatterBot Victor reevaluating
ChatterBot Whiskey reevaluating
ChatterBot Foxtrot reevaluating
2024-10-14 21:15:41.074927 X-ray: No
2024-10-14 21:15:41.075184 Romeo: No
2024-10-14 21:15:41.075335 Uniform: No
2024-10-14 21:15:41.075509 Zulu: No
2024-10-14 21:15:41.076255 Victor: No
2024-10-14 21:15:41.076525 Whiskey: No
2024-10-14 21:15:41.076818 Foxtrot: No
ChatterBot Romeo reevaluating
ChatterBot Uniform reevaluating
ChatterBot Zulu reevaluating
ChatterBot Victor reevaluating
ChatterBot Whiskey reevaluating
ChatterBot Foxtrot reevaluating
ChatterBot X-ray reevaluating
ChatterBot Uniform reevaluating
ChatterBot Zulu reevaluating
ChatterBot Victor reevaluating
ChatterBot Whiskey reevaluating
ChatterBot Foxtrot reevaluating
ChatterBot X-ray reevaluating
ChatterBot Romeo reevaluating
ChatterBot Zulu reevaluating
ChatterBot Victor reevaluating
ChatterBot Whiskey reevaluating
ChatterBot Foxtrot reevaluating
ChatterBot X-ray reevaluating
ChatterBot Romeo reevaluating
ChatterBot Uniform reevaluating
ChatterBot Victor reevaluating
ChatterBot Whiskey reevaluating
ChatterBot Foxtrot reevaluating
ChatterBot X-ray reevaluating
ChatterBot Romeo reevaluating
ChatterBot Uniform reevaluating
ChatterBot Zulu reevaluating
ChatterBot Whiskey reevaluating
ChatterBot Foxtrot reevaluating
ChatterBot X-ray reevaluating
ChatterBot Romeo reevaluating
ChatterBot Uniform reevaluating
ChatterBot Zulu reevaluating
ChatterBot Victor reevaluating
ChatterBot Foxtrot reevaluating
ChatterBot X-ray reevaluating
ChatterBot Romeo reevaluating
ChatterBot Uniform reevaluating
ChatterBot Zulu reevaluating
ChatterBot Victor reevaluating
ChatterBot Whiskey reevaluating
randomSelections Juliett: {Juliett, Romeo, India, Sierra, Victor} 
2024-10-14 21:15:41.158680 Juliett: We would work well together
ChatterBot Romeo reevaluating
ChatterBot Victor reevaluating
2024-10-14 21:15:41.164801 Romeo: No
2024-10-14 21:15:41.164954 India: No
2024-10-14 21:15:41.165152 Sierra: No
2024-10-14 21:15:41.165337 Victor: No
ChatterBot Victor reevaluating
ChatterBot Romeo reevaluating
ChatterBot Victor reevaluating
ChatterBot Romeo reevaluating
ChatterBot Victor reevaluating
ChatterBot Romeo reevaluating
2024-10-14 21:15:41.211185 Zulu: Whiskey and India, sending you 3
2024-10-14 21:15:41.213243 X-ray: Zulu, sending you 3
2024-10-14 21:15:41.215702 Zulu: Foxtrot and Romeo, sending you 1
2024-10-14 21:15:41.216143 Whiskey: Zulu, India and X-ray, sending you 2
2024-10-14 21:15:41.217229 Sierra: Whiskey, Victor and Uniform, sending you 1
2024-10-14 21:15:41.217606 X-ray: India, Foxtrot and Uniform, sending you 2
2024-10-14 21:15:41.220103 Zulu: Victor, sending you 5
2024-10-14 21:15:41.221299 Juliett: India and Romeo, sending you 5
2024-10-14 21:15:41.221806 Whiskey: Foxtrot, Victor, Romeo and Uniform, sending you 3
2024-10-14 21:15:41.222904 Sierra: Foxtrot, sending you 2
2024-10-14 21:15:41.223351 Foxtrot: Whiskey and Zulu, sending you 3
2024-10-14 21:15:41.223823 India: Whiskey, Victor and Uniform, sending you 3
2024-10-14 21:15:41.224967 Victor: Whiskey, Foxtrot and Romeo, sending you 2
2024-10-14 21:15:41.225459 X-ray: Victor and Romeo, sending you 1
2024-10-14 21:15:41.226770 Romeo: Whiskey, sending you 3
2024-10-14 21:15:41.227322 Juliett: Victor and Sierra, sending you 3
2024-10-14 21:15:41.227722 Zulu: Uniform, sending you 4
2024-10-14 21:15:41.228927 Uniform: Zulu, Victor and Romeo, sending you 3
2024-10-14 21:15:41.229577 Sierra: X-ray, sending you 8
2024-10-14 21:15:41.230707 Foxtrot: India, sending you 2
2024-10-14 21:15:41.231236 India: Zulu and Romeo, sending you 1
2024-10-14 21:15:41.232268 Victor: Zulu, sending you 3
2024-10-14 21:15:41.232766 Romeo: Zulu, Foxtrot and X-ray, sending you 2
2024-10-14 21:15:41.233266 Uniform: India and Foxtrot, sending you 1
2024-10-14 21:15:41.234536 Foxtrot: X-ray, Victor, Romeo and Uniform, sending you 1
2024-10-14 21:15:41.235190 Sierra: Romeo, sending you 5
2024-10-14 21:15:41.236309 India: X-ray, sending you 5
2024-10-14 21:15:41.236771 Romeo: India and Uniform, sending you 1
2024-10-14 21:15:41.238351 Victor: India, X-ray and Uniform, sending you 1
2024-10-14 21:15:41.239042 Uniform: X-ray, sending you 2
2024-10-14 21:15:41.240780 Romeo: Victor, sending you 4
chatterbot Zulu submitting transactions
chatterbot Uniform submitting transactions
chatterbot Juliett submitting transactions
chatterbot Sierra submitting transactions
chatterbot Foxtrot submitting transactions
chatterbot X-ray submitting transactions
chatterbot India submitting transactions
chatterbot Whiskey submitting transactions
chatterbot Victor submitting transactions
chatterbot Romeo submitting transactions
ChatterBot Whiskey round 2
ChatterBot Zulu round 2
ChatterBot India round 2
2024-10-14 21:15:42.445137 Zulu: We should add Sierra
ChatterBot India reevaluating
ChatterBot X-ray reevaluating
ChatterBot Victor reevaluating
ChatterBot Romeo reevaluating
ChatterBot Whiskey reevaluating
ChatterBot Uniform reevaluating
ChatterBot Foxtrot reevaluating
2024-10-14 21:15:42.525462 India: No
2024-10-14 21:15:42.525644 X-ray: No
2024-10-14 21:15:42.525760 Victor: No
2024-10-14 21:15:42.525861 Romeo: No
2024-10-14 21:15:42.525962 Whiskey: Yes
2024-10-14 21:15:42.526054 Uniform: No
2024-10-14 21:15:42.526169 Foxtrot: Yes
ChatterBot X-ray reevaluating
ChatterBot Victor reevaluating
ChatterBot Romeo reevaluating
ChatterBot Zulu reevaluating
ChatterBot Whiskey reevaluating
ChatterBot Uniform reevaluating
ChatterBot Foxtrot reevaluating
ChatterBot India reevaluating
ChatterBot Victor reevaluating
ChatterBot Romeo reevaluating
ChatterBot Zulu reevaluating
ChatterBot Whiskey reevaluating
ChatterBot Uniform reevaluating
ChatterBot Foxtrot reevaluating
ChatterBot India reevaluating
ChatterBot X-ray reevaluating
ChatterBot Romeo reevaluating
ChatterBot Zulu reevaluating
ChatterBot Whiskey reevaluating
ChatterBot Uniform reevaluating
ChatterBot Foxtrot reevaluating
ChatterBot India reevaluating
ChatterBot X-ray reevaluating
ChatterBot Victor reevaluating
ChatterBot Zulu reevaluating
ChatterBot Whiskey reevaluating
ChatterBot Uniform reevaluating
ChatterBot Foxtrot reevaluating
ChatterBot India reevaluating
ChatterBot X-ray reevaluating
ChatterBot Victor reevaluating
ChatterBot Romeo reevaluating
ChatterBot Zulu reevaluating
ChatterBot Uniform reevaluating
ChatterBot Foxtrot reevaluating
ChatterBot India reevaluating
ChatterBot X-ray reevaluating
ChatterBot Victor reevaluating
ChatterBot Romeo reevaluating
ChatterBot Zulu reevaluating
ChatterBot Whiskey reevaluating
ChatterBot Foxtrot reevaluating
ChatterBot India reevaluating
ChatterBot X-ray reevaluating
ChatterBot Victor reevaluating
ChatterBot Romeo reevaluating
ChatterBot Zulu reevaluating
ChatterBot Whiskey reevaluating
ChatterBot Uniform reevaluating
ChatterBot Foxtrot round 2
ChatterBot X-ray round 2
ChatterBot Victor round 2
ChatterBot Sierra round 2
ChatterBot Juliett round 2
ChatterBot Romeo round 2
ChatterBot Uniform round 2
2024-10-14 21:15:43.255728 X-ray: We should add Sierra
ChatterBot India reevaluating
ChatterBot Victor reevaluating
ChatterBot Romeo reevaluating
ChatterBot Zulu reevaluating
ChatterBot Uniform reevaluating
ChatterBot Foxtrot reevaluating
2024-10-14 21:15:43.290206 India: No
2024-10-14 21:15:43.290444 Victor: Yes
2024-10-14 21:15:43.290571 Romeo: Yes
2024-10-14 21:15:43.290696 Zulu: Yes
2024-10-14 21:15:43.290833 Whiskey: Yes
2024-10-14 21:15:43.291401 Uniform: Yes
2024-10-14 21:15:43.291511 Foxtrot: Yes
ChatterBot Victor reevaluating
ChatterBot Romeo reevaluating
ChatterBot Zulu reevaluating
ChatterBot Uniform reevaluating
ChatterBot Foxtrot reevaluating
ChatterBot India reevaluating
ChatterBot Romeo reevaluating
ChatterBot Zulu reevaluating
ChatterBot Uniform reevaluating
ChatterBot Foxtrot reevaluating
ChatterBot India reevaluating
ChatterBot Victor reevaluating
ChatterBot Zulu reevaluating
ChatterBot Uniform reevaluating
ChatterBot Foxtrot reevaluating
ChatterBot India reevaluating
ChatterBot Victor reevaluating
ChatterBot Romeo reevaluating
ChatterBot Uniform reevaluating
ChatterBot Foxtrot reevaluating
ChatterBot India reevaluating
ChatterBot Victor reevaluating
ChatterBot Romeo reevaluating
ChatterBot Zulu reevaluating
ChatterBot Uniform reevaluating
ChatterBot Foxtrot reevaluating
ChatterBot India reevaluating
ChatterBot Victor reevaluating
ChatterBot Romeo reevaluating
ChatterBot Zulu reevaluating
ChatterBot Foxtrot reevaluating
ChatterBot India reevaluating
ChatterBot Victor reevaluating
ChatterBot Romeo reevaluating
ChatterBot Zulu reevaluating
ChatterBot Uniform reevaluating
2024-10-14 21:15:43.533772 Sierra: Group up?
ChatterBot India reevaluating
ChatterBot Juliett reevaluating
2024-10-14 21:15:43.544003 India: No
2024-10-14 21:15:43.544142 Juliett: Yes
ChatterBot Sierra reevaluating
ChatterBot Juliett reevaluating
ChatterBot Sierra reevaluating
ChatterBot India reevaluating
2024-10-14 21:15:43.578548 Juliett: Friends?
ChatterBot India reevaluating
ChatterBot Sierra reevaluating
2024-10-14 21:15:43.592307 India: No
2024-10-14 21:15:43.592424 X-ray: No
2024-10-14 21:15:43.592517 Sierra: No
ChatterBot Juliett reevaluating
ChatterBot Sierra reevaluating
ChatterBot Juliett reevaluating
ChatterBot India reevaluating
ChatterBot Sierra reevaluating
ChatterBot Juliett reevaluating
ChatterBot India reevaluating
2024-10-14 21:15:43.644323 Whiskey: Sierra we want you to join our group
ChatterBot Sierra reevaluating
2024-10-14 21:15:43.649800 Sierra: No
ChatterBot Foxtrot reevaluating
ChatterBot Romeo reevaluating
ChatterBot India reevaluating
ChatterBot Zulu reevaluating
ChatterBot Victor reevaluating
ChatterBot Uniform reevaluating
2024-10-14 21:15:43.685674 X-ray: Sierra we want you to join our group
ChatterBot Sierra reevaluating
2024-10-14 21:15:43.691090 Sierra: No
ChatterBot Foxtrot reevaluating
ChatterBot Romeo reevaluating
ChatterBot Zulu reevaluating
ChatterBot Victor reevaluating
ChatterBot Uniform reevaluating
2024-10-14 21:15:43.735894 India: Juliett we want you to join our group
ChatterBot Juliett reevaluating
2024-10-14 21:15:43.777255 Juliett: No
2024-10-14 21:15:43.888447 Victor: Sierra we want you to join our group
ChatterBot Sierra reevaluating
2024-10-14 21:15:43.897708 Sierra: No
2024-10-14 21:15:43.950941 Romeo: Sierra we want you to join our group
ChatterBot Sierra reevaluating
2024-10-14 21:15:43.959903 Sierra: No
2024-10-14 21:15:43.998507 Foxtrot: Sierra we want you to join our group
ChatterBot Sierra reevaluating
2024-10-14 21:15:44.007983 Sierra: No
2024-10-14 21:15:44.057115 Uniform: Sierra we want you to join our group
ChatterBot Sierra reevaluating
2024-10-14 21:15:44.068390 Sierra: No
2024-10-14 21:15:44.121558 Zulu: Sierra we want you to join our group
ChatterBot Sierra reevaluating
2024-10-14 21:15:44.130172 Sierra: No
chatterbot X-ray submitting transactions
2024-10-14 21:15:44.388812 Whiskey: Zulu, India, X-ray, Victor, Sierra and Uniform, sending you 2
2024-10-14 21:15:44.389836 X-ray: Whiskey, Romeo and Uniform, sending you 2
chatterbot Zulu submitting transactions
chatterbot Uniform submitting transactions
2024-10-14 21:15:44.896969 Victor: Whiskey, India, Romeo and Uniform, sending you 2
2024-10-14 21:15:44.899472 Romeo: Whiskey, India, Foxtrot, X-ray, Victor and Uniform, sending you 2
2024-10-14 21:15:44.901362 Zulu: Whiskey, India, X-ray, Victor, Sierra, Romeo and Uniform, sending you 2
2024-10-14 21:15:44.903224 Uniform: Whiskey, India and X-ray, sending you 2
2024-10-14 21:15:44.906520 X-ray: India, sending you 4
2024-10-14 21:15:44.909461 Juliett: India, sending you 6
2024-10-14 21:15:44.910980 Whiskey: Foxtrot and Romeo, sending you 3
2024-10-14 21:15:44.912837 Foxtrot: Whiskey, sending you 3
2024-10-14 21:15:44.914868 India: Whiskey, Zulu, Foxtrot, X-ray, Victor and Romeo, sending you 2
chatterbot India submitting transactions
chatterbot Whiskey submitting transactions
chatterbot Romeo submitting transactions
2024-10-14 21:15:44.917904 Victor: Zulu, sending you 3
2024-10-14 21:15:44.919810 Romeo: Sierra, sending you 3
2024-10-14 21:15:44.921440 Zulu: Foxtrot, sending you 3
2024-10-14 21:15:44.922817 Uniform: Zulu, sending you 3
2024-10-14 21:15:44.923568 X-ray: Sierra, sending you 6
2024-10-14 21:15:44.924804 Juliett: X-ray and Sierra, sending you 5
2024-10-14 21:15:44.925231 India: Juliett, sending you 3
2024-10-14 21:15:44.926388 Foxtrot: Zulu, sending you 1
2024-10-14 21:15:44.926989 Sierra: India and X-ray, sending you 3
2024-10-14 21:15:44.927925 Victor: Foxtrot, sending you 1
2024-10-14 21:15:44.928622 Uniform: Foxtrot, Victor, Sierra and Romeo, sending you 1
2024-10-14 21:15:44.929951 Foxtrot: X-ray, Victor, Sierra and Romeo, sending you 2
2024-10-14 21:15:44.969207 India: Uniform, sending you 1
2024-10-14 21:15:44.969623 Sierra: Juliett, sending you 8
chatterbot Foxtrot submitting transactions
chatterbot Juliett submitting transactions
chatterbot Victor submitting transactions
chatterbot Sierra submitting transactions
ChatterBot Whiskey round 3
ChatterBot Zulu round 3
ChatterBot India round 3
ChatterBot Foxtrot round 3
ChatterBot X-ray round 3
ChatterBot Victor round 3
ChatterBot Sierra round 3
2024-10-14 21:15:45.618328 India: We should add Sierra
ChatterBot Whiskey reevaluating
ChatterBot Foxtrot reevaluating
ChatterBot X-ray reevaluating
ChatterBot Juliett reevaluating
ChatterBot Zulu reevaluating
ChatterBot Victor reevaluating
2024-10-14 21:15:45.661260 Whiskey: No
2024-10-14 21:15:45.661603 Foxtrot: Yes
2024-10-14 21:15:45.662385 Romeo: Yes
2024-10-14 21:15:45.662708 X-ray: Yes
2024-10-14 21:15:45.662918 Juliett: Yes
2024-10-14 21:15:45.663276 Zulu: No
2024-10-14 21:15:45.663479 Victor: Yes
2024-10-14 21:15:45.663791 Uniform: Yes
ChatterBot Foxtrot reevaluating
ChatterBot X-ray reevaluating
ChatterBot Juliett reevaluating
ChatterBot Zulu reevaluating
ChatterBot Victor reevaluating
ChatterBot Whiskey reevaluating
ChatterBot X-ray reevaluating
ChatterBot Juliett reevaluating
ChatterBot Zulu reevaluating
ChatterBot Victor reevaluating
ChatterBot Whiskey reevaluating
ChatterBot Foxtrot reevaluating
ChatterBot X-ray reevaluating
ChatterBot Juliett reevaluating
ChatterBot Zulu reevaluating
ChatterBot Victor reevaluating
ChatterBot Whiskey reevaluating
ChatterBot Foxtrot reevaluating
ChatterBot Juliett reevaluating
ChatterBot Zulu reevaluating
ChatterBot Victor reevaluating
ChatterBot Whiskey reevaluating
ChatterBot Foxtrot reevaluating
ChatterBot X-ray reevaluating
ChatterBot Zulu reevaluating
ChatterBot Victor reevaluating
ChatterBot Whiskey reevaluating
ChatterBot Foxtrot reevaluating
ChatterBot X-ray reevaluating
ChatterBot Juliett reevaluating
ChatterBot Victor reevaluating
ChatterBot Whiskey reevaluating
ChatterBot Foxtrot reevaluating
ChatterBot X-ray reevaluating
ChatterBot Juliett reevaluating
ChatterBot Zulu reevaluating
ChatterBot Whiskey reevaluating
ChatterBot Foxtrot reevaluating
ChatterBot X-ray reevaluating
ChatterBot Juliett reevaluating
ChatterBot Zulu reevaluating
ChatterBot Victor reevaluating
2024-10-14 21:15:45.951328 X-ray: We should add Juliett
2024-10-14 21:15:45.951608 Victor: We should add Juliett
ChatterBot Whiskey reevaluating
ChatterBot Foxtrot reevaluating
ChatterBot Sierra reevaluating
ChatterBot Zulu reevaluating
ChatterBot Victor reevaluating
2024-10-14 21:15:45.986133 Whiskey: No
ChatterBot Whiskey reevaluating
2024-10-14 21:15:45.990800 Foxtrot: Yes
ChatterBot Foxtrot reevaluating
2024-10-14 21:15:45.995937 Romeo: No
2024-10-14 21:15:46.000223 India: Yes
ChatterBot X-ray reevaluating
2024-10-14 21:15:46.008165 Sierra: Yes
ChatterBot Sierra reevaluating
2024-10-14 21:15:46.012762 Zulu: No
ChatterBot Zulu reevaluating
2024-10-14 21:15:46.017176 Victor: Yes
2024-10-14 21:15:46.017376 Uniform: No
2024-10-14 21:15:46.021458 Whiskey: No
2024-10-14 21:15:46.021608 Foxtrot: Yes
2024-10-14 21:15:46.022311 Romeo: No
2024-10-14 21:15:46.022448 India: Yes
2024-10-14 21:15:46.022553 X-ray: Yes
2024-10-14 21:15:46.022658 Sierra: Yes
2024-10-14 21:15:46.022767 Zulu: No
2024-10-14 21:15:46.022888 Uniform: No
ChatterBot Foxtrot reevaluating
ChatterBot X-ray reevaluating
ChatterBot Sierra reevaluating
ChatterBot Zulu reevaluating
ChatterBot Victor reevaluating
ChatterBot Whiskey reevaluating
ChatterBot X-ray reevaluating
ChatterBot Sierra reevaluating
ChatterBot Zulu reevaluating
ChatterBot Victor reevaluating
ChatterBot Whiskey reevaluating
ChatterBot Foxtrot reevaluating
ChatterBot X-ray reevaluating
ChatterBot Sierra reevaluating
ChatterBot Zulu reevaluating
ChatterBot Victor reevaluating
ChatterBot Whiskey reevaluating
ChatterBot Foxtrot reevaluating
ChatterBot X-ray reevaluating
ChatterBot Sierra reevaluating
ChatterBot Zulu reevaluating
ChatterBot Victor reevaluating
ChatterBot Whiskey reevaluating
ChatterBot Foxtrot reevaluating
ChatterBot X-ray reevaluating
ChatterBot Zulu reevaluating
ChatterBot Victor reevaluating
ChatterBot Whiskey reevaluating
ChatterBot Foxtrot reevaluating
ChatterBot X-ray reevaluating
ChatterBot Sierra reevaluating
ChatterBot Victor reevaluating
ChatterBot Whiskey reevaluating
ChatterBot Foxtrot reevaluating
ChatterBot X-ray reevaluating
ChatterBot Sierra reevaluating
ChatterBot Zulu reevaluating
ChatterBot Whiskey reevaluating
ChatterBot Foxtrot reevaluating
ChatterBot X-ray reevaluating
ChatterBot Sierra reevaluating
ChatterBot Zulu reevaluating
ChatterBot Victor reevaluating
ChatterBot Foxtrot reevaluating
ChatterBot X-ray reevaluating
ChatterBot Sierra reevaluating
ChatterBot Zulu reevaluating
ChatterBot Victor reevaluating
ChatterBot Whiskey reevaluating
ChatterBot X-ray reevaluating
ChatterBot Sierra reevaluating
ChatterBot Zulu reevaluating
ChatterBot Victor reevaluating
ChatterBot Whiskey reevaluating
ChatterBot Foxtrot reevaluating
ChatterBot X-ray reevaluating
ChatterBot Sierra reevaluating
ChatterBot Zulu reevaluating
ChatterBot Victor reevaluating
ChatterBot Whiskey reevaluating
ChatterBot Foxtrot reevaluating
ChatterBot X-ray reevaluating
ChatterBot Sierra reevaluating
ChatterBot Zulu reevaluating
ChatterBot Victor reevaluating
ChatterBot Whiskey reevaluating
ChatterBot Foxtrot reevaluating
ChatterBot Sierra reevaluating
ChatterBot Zulu reevaluating
ChatterBot Victor reevaluating
ChatterBot Whiskey reevaluating
ChatterBot Foxtrot reevaluating
ChatterBot X-ray reevaluating
ChatterBot Zulu reevaluating
ChatterBot Victor reevaluating
ChatterBot Whiskey reevaluating
ChatterBot Foxtrot reevaluating
ChatterBot X-ray reevaluating
ChatterBot Sierra reevaluating
ChatterBot Victor reevaluating
ChatterBot Whiskey reevaluating
ChatterBot Foxtrot reevaluating
ChatterBot X-ray reevaluating
ChatterBot Sierra reevaluating
ChatterBot Zulu reevaluating
ChatterBot Victor reevaluating
ChatterBot Juliett round 3
ChatterBot Romeo round 3
ChatterBot Uniform round 3
2024-10-14 21:15:46.718265 India: Sierra we want you to join our group
ChatterBot Sierra reevaluating
2024-10-14 21:15:46.723801 Sierra: No
ChatterBot Juliett reevaluating
ChatterBot Whiskey reevaluating
ChatterBot Foxtrot reevaluating
ChatterBot Romeo reevaluating
ChatterBot X-ray reevaluating
ChatterBot Zulu reevaluating
ChatterBot Victor reevaluating
ChatterBot Uniform reevaluating
2024-10-14 21:15:46.779352 Foxtrot: Juliett we want you to join our group
2024-10-14 21:15:46.783787 Juliett: No
ChatterBot Foxtrot reevaluating
ChatterBot Romeo reevaluating
ChatterBot Zulu reevaluating
ChatterBot Uniform reevaluating
2024-10-14 21:15:46.819242 X-ray: Juliett we want you to join our group
2024-10-14 21:15:46.823636 Juliett: No
ChatterBot Foxtrot reevaluating
ChatterBot Romeo reevaluating
ChatterBot India reevaluating
ChatterBot Zulu reevaluating
ChatterBot Uniform reevaluating
2024-10-14 21:15:46.861712 Whiskey: We should drop Sierra
ChatterBot India reevaluating
ChatterBot Romeo reevaluating
ChatterBot Zulu reevaluating
ChatterBot Uniform reevaluating
2024-10-14 21:15:46.891831 India: No
2024-10-14 21:15:46.892003 X-ray: No
2024-10-14 21:15:46.892170 Victor: No
2024-10-14 21:15:46.892302 Romeo: Yes
2024-10-14 21:15:46.892467 Zulu: Yes
2024-10-14 21:15:46.892592 Uniform: Yes
2024-10-14 21:15:46.892731 Foxtrot: No
ChatterBot Romeo reevaluating
ChatterBot Zulu reevaluating
ChatterBot Uniform reevaluating
ChatterBot India reevaluating
ChatterBot Romeo reevaluating
ChatterBot Zulu reevaluating
ChatterBot Uniform reevaluating
ChatterBot India reevaluating
ChatterBot Romeo reevaluating
ChatterBot Zulu reevaluating
ChatterBot Uniform reevaluating
ChatterBot India reevaluating
ChatterBot Victor reevaluating
ChatterBot Zulu reevaluating
ChatterBot Uniform reevaluating
ChatterBot Foxtrot reevaluating
ChatterBot India reevaluating
ChatterBot Victor reevaluating
ChatterBot Romeo reevaluating
ChatterBot Uniform reevaluating
ChatterBot Foxtrot reevaluating
ChatterBot India reevaluating
ChatterBot Victor reevaluating
ChatterBot Romeo reevaluating
ChatterBot Zulu reevaluating
ChatterBot Foxtrot reevaluating
ChatterBot India reevaluating
ChatterBot Victor reevaluating
ChatterBot Romeo reevaluating
ChatterBot Zulu reevaluating
ChatterBot Uniform reevaluating
2024-10-14 21:15:47.263578 Sierra: We should drop India
ChatterBot Juliett reevaluating
2024-10-14 21:15:47.275530 Juliett: Yes
2024-10-14 21:15:47.276764 X-ray: No
ChatterBot Juliett reevaluating
chatterbot India submitting transactions
2024-10-14 21:15:47.306964 Victor: Juliett we want you to join our group
2024-10-14 21:15:47.315862 Juliett: No
ChatterBot Foxtrot reevaluating
ChatterBot India reevaluating
ChatterBot Zulu reevaluating
ChatterBot Victor reevaluating
2024-10-14 21:15:47.383743 Juliett: We should drop India and X-ray
2024-10-14 21:15:47.388321 Sierra: Yes
ChatterBot Juliett reevaluating
2024-10-14 21:15:47.403160 Juliett: We should drop X-ray
ChatterBot India reevaluating
2024-10-14 21:15:47.417844 Sierra: Yes
2024-10-14 21:15:47.418258 India: Yes
ChatterBot India reevaluating
ChatterBot Juliett reevaluating
ChatterBot Juliett reevaluating
2024-10-14 21:15:47.454730 Whiskey: Zulu, India, Foxtrot, Victor and Romeo, sending you 3
2024-10-14 21:15:47.456043 X-ray: Whiskey, Juliett, Romeo and Uniform, sending you 2
2024-10-14 21:15:47.462356 Whiskey: X-ray, sending you 2
2024-10-14 21:15:47.464201 X-ray: India, sending you 3
2024-10-14 21:15:47.465173 Sierra: X-ray, sending you 9
2024-10-14 21:15:47.467140 Romeo: Whiskey, sending you 3
2024-10-14 21:15:47.468803 Whiskey: Uniform, sending you 1
2024-10-14 21:15:47.469699 X-ray: Foxtrot, sending you 1
2024-10-14 21:15:47.471327 Sierra: Juliett, sending you 7
2024-10-14 21:15:47.478151 Foxtrot: Whiskey, sending you 3
2024-10-14 21:15:47.479991 Romeo: Zulu, India, Foxtrot, X-ray, Victor and Uniform, sending you 2
2024-10-14 21:15:47.481042 Victor: Whiskey, India and Romeo, sending you 2
2024-10-14 21:15:47.482499 X-ray: Sierra, sending you 4
2024-10-14 21:15:47.484079 Zulu: Whiskey, India, Foxtrot, X-ray and Romeo, sending you 2
2024-10-14 21:15:47.484993 Uniform: Whiskey, Zulu, India, X-ray, Victor and Romeo, sending you 2
2024-10-14 21:15:47.486574 Foxtrot: Zulu, Victor and Romeo, sending you 2
2024-10-14 21:15:47.488162 Victor: Zulu, sending you 3
2024-10-14 21:15:47.488949 Zulu: Victor, sending you 4
2024-10-14 21:15:47.494649 India: Whiskey, Zulu, X-ray, Victor, Romeo and Uniform, sending you 2
2024-10-14 21:15:47.495240 Uniform: Foxtrot, sending you 1
2024-10-14 21:15:47.496611 Foxtrot: India, X-ray and Uniform, sending you 1
2024-10-14 21:15:47.497935 Victor: Foxtrot, Juliett and Uniform, sending you 1
2024-10-14 21:15:47.498381 Juliett: Sending you 15
2024-10-14 21:15:47.498704 Zulu: Uniform, sending you 3
chatterbot Whiskey submitting transactions
2024-10-14 21:15:47.500011 India: Foxtrot, sending you 1
2024-10-14 21:15:47.506573 India: Juliett, sending you 3
chatterbot X-ray submitting transactions
chatterbot India submitting transactions
chatterbot Romeo submitting transactions
chatterbot Victor submitting transactions
chatterbot Juliett submitting transactions
chatterbot Sierra submitting transactions
chatterbot Zulu submitting transactions
chatterbot Uniform submitting transactions
chatterbot Foxtrot submitting transactions
ChatterBot Whiskey round 4
ChatterBot Zulu round 4
ChatterBot India round 4
ChatterBot Foxtrot round 4
ChatterBot X-ray round 4
ChatterBot Victor round 4
ChatterBot Sierra round 4
ChatterBot Juliett round 4
ChatterBot Romeo round 4
ChatterBot Uniform round 4
2024-10-14 21:15:48.508596 India: We should drop Juliett
ChatterBot X-ray reevaluating
ChatterBot Romeo reevaluating
ChatterBot Uniform reevaluating
2024-10-14 21:15:48.530059 X-ray: No
2024-10-14 21:15:48.530277 Victor: Yes
2024-10-14 21:15:48.530449 Romeo: Yes
2024-10-14 21:15:48.530600 Zulu: Yes
2024-10-14 21:15:48.530774 Whiskey: Yes
2024-10-14 21:15:48.530908 Uniform: Yes
2024-10-14 21:15:48.531034 Foxtrot: Yes
ChatterBot Romeo reevaluating
ChatterBot Uniform reevaluating
ChatterBot Foxtrot reevaluating
ChatterBot X-ray reevaluating
ChatterBot Romeo reevaluating
ChatterBot Zulu reevaluating
ChatterBot Uniform reevaluating
ChatterBot Foxtrot reevaluating
ChatterBot X-ray reevaluating
ChatterBot Zulu reevaluating
ChatterBot Uniform reevaluating
ChatterBot Foxtrot reevaluating
ChatterBot X-ray reevaluating
ChatterBot Romeo reevaluating
ChatterBot Uniform reevaluating
ChatterBot Foxtrot reevaluating
ChatterBot X-ray reevaluating
ChatterBot Romeo reevaluating
ChatterBot Zulu reevaluating
ChatterBot Uniform reevaluating
ChatterBot Foxtrot reevaluating
ChatterBot X-ray reevaluating
ChatterBot Romeo reevaluating
ChatterBot Zulu reevaluating
ChatterBot Foxtrot reevaluating
ChatterBot X-ray reevaluating
ChatterBot Romeo reevaluating
ChatterBot Zulu reevaluating
ChatterBot Uniform reevaluating
2024-10-14 21:15:48.683165 Sierra: We should add Foxtrot
ChatterBot Juliett reevaluating
ChatterBot X-ray reevaluating
2024-10-14 21:15:48.688039 Juliett: No
2024-10-14 21:15:48.688181 X-ray: Yes
ChatterBot Sierra reevaluating
ChatterBot X-ray reevaluating
ChatterBot Sierra reevaluating
ChatterBot Juliett reevaluating
2024-10-14 21:15:48.698045 Juliett: We should add X-ray and India
ChatterBot Sierra reevaluating
2024-10-14 21:15:48.700530 Sierra: Yes
ChatterBot Juliett reevaluating
2024-10-14 21:15:48.713467 Foxtrot: We should drop X-ray
ChatterBot Zulu reevaluating
2024-10-14 21:15:48.725072 Whiskey: Yes
2024-10-14 21:15:48.725220 Zulu: Yes
2024-10-14 21:15:48.725322 India: Yes
2024-10-14 21:15:48.725417 Victor: Yes
2024-10-14 21:15:48.725510 Romeo: Yes
2024-10-14 21:15:48.725603 Uniform: Yes
ChatterBot Zulu reevaluating
ChatterBot Whiskey reevaluating
ChatterBot Zulu reevaluating
ChatterBot Whiskey reevaluating
ChatterBot Zulu reevaluating
ChatterBot Uniform reevaluating
ChatterBot Whiskey reevaluating
ChatterBot Zulu reevaluating
ChatterBot Uniform reevaluating
ChatterBot Whiskey reevaluating
ChatterBot Zulu reevaluating
2024-10-14 21:15:48.797354 Sierra: We should add India
ChatterBot Juliett reevaluating
ChatterBot X-ray reevaluating
2024-10-14 21:15:48.802005 Juliett: Yes
2024-10-14 21:15:48.802728 X-ray: Yes
ChatterBot Sierra reevaluating
ChatterBot X-ray reevaluating
ChatterBot Sierra reevaluating
ChatterBot Juliett reevaluating
2024-10-14 21:15:48.815662 India: Whiskey, Zulu, Foxtrot, Victor, Romeo and Uniform, sending you 2
2024-10-14 21:15:48.816804 Victor: Whiskey, India, Romeo and Uniform, sending you 2
2024-10-14 21:15:48.819072 Juliett: X-ray and India we want you to join our group
ChatterBot India reevaluating
2024-10-14 21:15:48.824537 India: No
2024-10-14 21:15:48.824697 X-ray: Yes
ChatterBot Sierra reevaluating
ChatterBot India reevaluating
ChatterBot Sierra reevaluating
2024-10-14 21:15:48.842071 Victor: Zulu, sending you 3
2024-10-14 21:15:48.844688 X-ray: Whiskey, India, Romeo and Uniform, sending you 2
2024-10-14 21:15:48.846679 Victor: Foxtrot, sending you 1
2024-10-14 21:15:48.847419 Foxtrot: Whiskey, sending you 4
2024-10-14 21:15:48.849958 X-ray: Zulu, Foxtrot and Juliett, sending you 1
2024-10-14 21:15:48.852053 Sierra: Foxtrot we want you to join our group
2024-10-14 21:15:48.855856 Foxtrot: No
ChatterBot Sierra reevaluating
2024-10-14 21:15:48.863372 Foxtrot: Zulu, Victor and Romeo, sending you 2
2024-10-14 21:15:48.863930 Whiskey: Sending you each 3
2024-10-14 21:15:48.864788 Romeo: Whiskey, sending you 4
2024-10-14 21:15:48.865255 X-ray: Sierra, sending you 5
2024-10-14 21:15:48.865864 Uniform: Whiskey, India, Victor and Romeo, sending you 2
2024-10-14 21:15:48.866977 Juliett: India and X-ray, sending you 5
2024-10-14 21:15:48.867689 Foxtrot: India and Uniform, sending you 1
2024-10-14 21:15:48.868670 Zulu: Whiskey, India, Foxtrot, Victor and Uniform, sending you 3
2024-10-14 21:15:48.869730 Romeo: Zulu, India, Foxtrot and Uniform, sending you 2
2024-10-14 21:15:48.870256 Uniform: Zulu, sending you 4
2024-10-14 21:15:48.871690 Juliett: Sierra, sending you 6
2024-10-14 21:15:48.873685 Zulu: Romeo, sending you 2
2024-10-14 21:15:48.875086 Romeo: Victor, sending you 3
2024-10-14 21:15:48.875667 Uniform: Foxtrot, sending you 1
2024-10-14 21:15:48.891671 Sierra: X-ray, sending you 8
2024-10-14 21:15:48.896685 Sierra: Juliett, sending you 7
chatterbot Romeo submitting transactions
chatterbot Uniform submitting transactions
chatterbot Whiskey submitting transactions
chatterbot Zulu submitting transactions
chatterbot India submitting transactions
chatterbot Sierra submitting transactions
chatterbot Foxtrot submitting transactions
chatterbot Victor submitting transactions
chatterbot India submitting transactions
chatterbot X-ray submitting transactions
chatterbot Juliett submitting transactions
ChatterBot Whiskey round 5
ChatterBot Zulu round 5
ChatterBot India round 5
ChatterBot Foxtrot round 5
ChatterBot X-ray round 5
ChatterBot Victor round 5
ChatterBot Sierra round 5
ChatterBot Juliett round 5
ChatterBot Romeo round 5
ChatterBot Uniform round 5
2024-10-14 21:15:49.978071 Zulu: We should drop Romeo
2024-10-14 21:15:49.989454 Whiskey: No
2024-10-14 21:15:49.989618 India: No
2024-10-14 21:15:49.989747 Foxtrot: No
2024-10-14 21:15:49.989860 Victor: No
2024-10-14 21:15:49.989974 Uniform: No
ChatterBot India reevaluating
ChatterBot Zulu reevaluating
ChatterBot Zulu reevaluating
ChatterBot India reevaluating
ChatterBot Zulu reevaluating
ChatterBot India reevaluating
ChatterBot Zulu reevaluating
ChatterBot India reevaluating
2024-10-14 21:15:50.041588 Sierra: We should add India
2024-10-14 21:15:50.045334 Juliett: Yes
2024-10-14 21:15:50.045478 X-ray: Yes
ChatterBot Sierra reevaluating
ChatterBot Sierra reevaluating
2024-10-14 21:15:50.060697 Whiskey: Same as last round
2024-10-14 21:15:50.070664 Foxtrot: Whiskey, sending you 4
2024-10-14 21:15:50.071771 X-ray: Whiskey, Zulu, Foxtrot, Romeo and Uniform, sending you 1
2024-10-14 21:15:50.072690 Romeo: Whiskey, sending you 4
2024-10-14 21:15:50.076676 Foxtrot: Zulu, India and Romeo, sending you 2
2024-10-14 21:15:50.077175 X-ray: India, sending you 3
2024-10-14 21:15:50.077703 Juliett: India and X-ray, sending you 5
2024-10-14 21:15:50.078030 Romeo: Zulu, India, Foxtrot and Uniform, sending you 2
2024-10-14 21:15:50.079692 Sierra: X-ray, sending you 8
2024-10-14 21:15:50.080173 Victor: Whiskey, India, Romeo and Uniform, sending you 2
2024-10-14 21:15:50.080848 Foxtrot: Victor and Uniform, sending you 1
2024-10-14 21:15:50.081320 Juliett: Sierra, sending you 6
2024-10-14 21:15:50.082265 Romeo: Victor, sending you 3
2024-10-14 21:15:50.082884 X-ray: Sierra, sending you 6
2024-10-14 21:15:50.083670 Victor: Zulu, sending you 3
2024-10-14 21:15:50.084675 Sierra: Juliett, sending you 7
2024-10-14 21:15:50.087701 X-ray: Juliett, sending you 2
2024-10-14 21:15:50.088674 Uniform: Whiskey, India, Victor and Romeo, sending you 2
2024-10-14 21:15:50.089104 Victor: Foxtrot, sending you 1
2024-10-14 21:15:50.089671 Zulu: Whiskey, India, Foxtrot and Uniform, sending you 3
2024-10-14 21:15:50.092674 Zulu: Victor, sending you 5
2024-10-14 21:15:50.093677 Uniform: Zulu, sending you 4
2024-10-14 21:15:50.098677 Uniform: Foxtrot, sending you 1
chatterbot X-ray submitting transactions
chatterbot Foxtrot submitting transactions
chatterbot India submitting transactions
chatterbot Romeo submitting transactions
chatterbot Uniform submitting transactions
chatterbot Sierra submitting transactions
chatterbot Juliett submitting transactions
chatterbot Zulu submitting transactions
chatterbot Victor submitting transactions
chatterbot Whiskey submitting transactions
ChatterBot Whiskey round 6
ChatterBot Zulu round 6
ChatterBot India round 6
ChatterBot Foxtrot round 6
ChatterBot X-ray round 6
ChatterBot Victor round 6
ChatterBot Sierra round 6
ChatterBot Juliett round 6
ChatterBot Romeo round 6
ChatterBot Uniform round 6
2024-10-14 21:15:51.215602 Zulu: We should add Romeo
ChatterBot India reevaluating
2024-10-14 21:15:51.227981 Whiskey: Yes
2024-10-14 21:15:51.228137 India: Yes
2024-10-14 21:15:51.228259 Foxtrot: Yes
2024-10-14 21:15:51.228374 Victor: Yes
2024-10-14 21:15:51.228488 Uniform: Yes
ChatterBot India reevaluating
ChatterBot India reevaluating
ChatterBot India reevaluating
ChatterBot India reevaluating
2024-10-14 21:15:51.300291 Zulu: Romeo we want you to join our group
2024-10-14 21:15:51.302506 Romeo: Yes
ChatterBot India reevaluating
2024-10-14 21:15:51.317271 Juliett: We should drop India
2024-10-14 21:15:51.323661 Sierra: Yes
2024-10-14 21:15:51.323843 X-ray: No
2024-10-14 21:15:51.333150 India: We should drop X-ray
2024-10-14 21:15:51.345022 Foxtrot: Yes
2024-10-14 21:15:51.345168 Whiskey: Yes
2024-10-14 21:15:51.345274 Zulu: Yes
2024-10-14 21:15:51.345375 Victor: Yes
2024-10-14 21:15:51.345474 Romeo: Yes
2024-10-14 21:15:51.345569 Uniform: Yes
ChatterBot India reevaluating
ChatterBot India reevaluating
ChatterBot India reevaluating
ChatterBot India reevaluating
ChatterBot India reevaluating
ChatterBot India reevaluating
2024-10-14 21:15:51.420702 X-ray: Whiskey, Zulu, Romeo and Uniform, sending you 1
2024-10-14 21:15:51.423687 Victor: Whiskey, India, Romeo and Uniform, sending you 2
2024-10-14 21:15:51.424265 Uniform: Whiskey, India, Victor and Romeo, sending you 2
2024-10-14 21:15:51.424863 Whiskey: Same as last round
2024-10-14 21:15:51.425713 X-ray: India, sending you 2
2024-10-14 21:15:51.426252 Foxtrot: Whiskey and Zulu, sending you 3
2024-10-14 21:15:51.426741 Zulu: Whiskey, India, Foxtrot, Victor and Uniform, sending you 3
2024-10-14 21:15:51.427245 Romeo: Whiskey, India and Victor, sending you 3
2024-10-14 21:15:51.427711 Sierra: X-ray, sending you 9
2024-10-14 21:15:51.428697 Victor: Zulu, sending you 3
2024-10-14 21:15:51.429844 Uniform: Zulu, sending you 4
2024-10-14 21:15:51.430400 Zulu: Romeo, sending you 2
2024-10-14 21:15:51.431120 X-ray: Sierra, sending you 7
2024-10-14 21:15:51.431697 Foxtrot: India and Romeo, sending you 2
2024-10-14 21:15:51.432250 Sierra: Juliett, sending you 7
2024-10-14 21:15:51.432690 Romeo: Zulu, Foxtrot and Uniform, sending you 2
2024-10-14 21:15:51.433642 Victor: Foxtrot, sending you 1
2024-10-14 21:15:51.434672 Juliett: X-ray, sending you 7
2024-10-14 21:15:51.434973 Uniform: Foxtrot, sending you 1
2024-10-14 21:15:51.435480 X-ray: Juliett, sending you 3
2024-10-14 21:15:51.436065 Foxtrot: Victor and Uniform, sending you 1
2024-10-14 21:15:51.439667 Juliett: Sierra, sending you 9
2024-10-14 21:15:51.456683 India: Whiskey, Zulu, Victor, Romeo and Uniform, sending you 3
2024-10-14 21:15:51.462691 India: Foxtrot, sending you 1
chatterbot Sierra submitting transactions
chatterbot Whiskey submitting transactions
chatterbot Juliett submitting transactions
chatterbot Romeo submitting transactions
chatterbot Foxtrot submitting transactions
chatterbot Zulu submitting transactions
chatterbot Uniform submitting transactions
chatterbot X-ray submitting transactions
chatterbot Victor submitting transactions
chatterbot India submitting transactions
ChatterBot Whiskey round 7
ChatterBot Zulu round 7
ChatterBot India round 7
ChatterBot Foxtrot round 7
ChatterBot X-ray round 7
ChatterBot Victor round 7
ChatterBot Sierra round 7
ChatterBot Juliett round 7
ChatterBot Romeo round 7
ChatterBot Uniform round 7
2024-10-14 21:15:52.558018 X-ray: We should drop Sierra and Juliett
2024-10-14 21:15:52.571937 India: Yes
2024-10-14 21:15:52.572474 Victor: Yes
2024-10-14 21:15:52.572627 Romeo: Yes
2024-10-14 21:15:52.572777 Zulu: Yes
2024-10-14 21:15:52.572898 Whiskey: Yes
2024-10-14 21:15:52.573017 Uniform: Yes
2024-10-14 21:15:52.573145 Foxtrot: Yes
ChatterBot X-ray reevaluating
ChatterBot X-ray reevaluating
ChatterBot X-ray reevaluating
ChatterBot X-ray reevaluating
2024-10-14 21:15:52.675931 Zulu: Whiskey, India, Foxtrot, Victor and Uniform, sending you 3
2024-10-14 21:15:52.678668 Zulu: Romeo, sending you 2
2024-10-14 21:15:52.680161 Whiskey: Same as last round
2024-10-14 21:15:52.680847 Victor: Whiskey, India, Romeo and Uniform, sending you 2
2024-10-14 21:15:52.681708 India: Whiskey, Zulu, Victor, Romeo and Uniform, sending you 3
2024-10-14 21:15:52.686659 Victor: Zulu, sending you 3
2024-10-14 21:15:52.689727 India: Foxtrot, sending you 1
2024-10-14 21:15:52.690565 Foxtrot: Whiskey, sending you 4
2024-10-14 21:15:52.693732 Victor: Foxtrot, sending you 1
2024-10-14 21:15:52.694465 Sierra: X-ray, sending you 9
2024-10-14 21:15:52.695656 Foxtrot: Zulu, sending you 3
2024-10-14 21:15:52.696313 Uniform: Whiskey, India, Victor and Romeo, sending you 2
2024-10-14 21:15:52.697707 Juliett: X-ray, sending you 7
2024-10-14 21:15:52.698060 Romeo: Whiskey, India and Victor, sending you 3
2024-10-14 21:15:52.699367 Sierra: Juliett, sending you 6
