ChatterBot Hotel round 1
ChatterBot Mike round 1
ChatterBot Victor round 1
ChatterBot Quebec round 1
ChatterBot Tango round 1
ChatterBot Zulu round 1
ChatterBot Alpha round 1
ChatterBot X-ray round 1
ChatterBot India round 1
ChatterBot November round 1
randomSelections Alpha: {Alpha, Victor, Tango, Mike, Hotel, X-ray} 
2024-10-14 21:16:38.111610 Alpha: We would work well together
ChatterBot Victor reevaluating
ChatterBot Tango reevaluating
ChatterBot Mike reevaluating
ChatterBot Hotel reevaluating
ChatterBot X-ray reevaluating
2024-10-14 21:16:38.124265 Victor: Yes
2024-10-14 21:16:38.124408 Tango: Yes
2024-10-14 21:16:38.124510 Mike: Yes
2024-10-14 21:16:38.124602 Hotel: Yes
2024-10-14 21:16:38.124711 X-ray: Yes
ChatterBot Tango reevaluating
ChatterBot Mike reevaluating
ChatterBot Hotel reevaluating
ChatterBot X-ray reevaluating
ChatterBot Victor reevaluating
ChatterBot Mike reevaluating
ChatterBot Hotel reevaluating
ChatterBot X-ray reevaluating
ChatterBot Victor reevaluating
ChatterBot Tango reevaluating
ChatterBot Hotel reevaluating
ChatterBot X-ray reevaluating
ChatterBot Victor reevaluating
ChatterBot Tango reevaluating
ChatterBot Mike reevaluating
ChatterBot X-ray reevaluating
ChatterBot Victor reevaluating
ChatterBot Tango reevaluating
ChatterBot Mike reevaluating
ChatterBot Hotel reevaluating
randomSelections Quebec: {Quebec, Mike, Hotel, Zulu, X-ray, Victor, India} 
2024-10-14 21:16:38.173458 Quebec: We would work well together
ChatterBot Mike reevaluating
ChatterBot Hotel reevaluating
ChatterBot Zulu reevaluating
ChatterBot X-ray reevaluating
ChatterBot Victor reevaluating
ChatterBot India reevaluating
2024-10-14 21:16:38.185045 Mike: No
2024-10-14 21:16:38.185212 Hotel: No
2024-10-14 21:16:38.185368 Zulu: Yes
2024-10-14 21:16:38.185512 X-ray: No
2024-10-14 21:16:38.185675 Victor: No
2024-10-14 21:16:38.185834 India: Yes
ChatterBot Hotel reevaluating
ChatterBot Zulu reevaluating
ChatterBot X-ray reevaluating
ChatterBot Victor reevaluating
ChatterBot India reevaluating
ChatterBot Mike reevaluating
ChatterBot Zulu reevaluating
ChatterBot X-ray reevaluating
ChatterBot Victor reevaluating
ChatterBot India reevaluating
ChatterBot Mike reevaluating
ChatterBot Hotel reevaluating
ChatterBot X-ray reevaluating
ChatterBot Victor reevaluating
ChatterBot India reevaluating
ChatterBot Mike reevaluating
ChatterBot Hotel reevaluating
ChatterBot Zulu reevaluating
ChatterBot Victor reevaluating
ChatterBot India reevaluating
ChatterBot Mike reevaluating
ChatterBot Hotel reevaluating
ChatterBot Zulu reevaluating
ChatterBot X-ray reevaluating
ChatterBot India reevaluating
ChatterBot Mike reevaluating
ChatterBot Hotel reevaluating
ChatterBot Zulu reevaluating
ChatterBot X-ray reevaluating
ChatterBot Victor reevaluating
randomSelections November: {November, India, Zulu, Tango, Alpha, Quebec} 
2024-10-14 21:16:38.316679 November: We should group up
ChatterBot India reevaluating
ChatterBot Zulu reevaluating
ChatterBot Tango reevaluating
2024-10-14 21:16:38.358523 India: No
2024-10-14 21:16:38.360055 Zulu: No
2024-10-14 21:16:38.360659 Tango: No
2024-10-14 21:16:38.360889 Alpha: No
2024-10-14 21:16:38.362062 Quebec: No
ChatterBot Zulu reevaluating
ChatterBot Tango reevaluating
ChatterBot India reevaluating
ChatterBot Tango reevaluating
ChatterBot India reevaluating
ChatterBot Zulu reevaluating
ChatterBot India reevaluating
ChatterBot Zulu reevaluating
ChatterBot Tango reevaluating
ChatterBot India reevaluating
ChatterBot Zulu reevaluating
ChatterBot Tango reevaluating
2024-10-14 21:16:38.425271 Hotel: Mike, sending you 3
2024-10-14 21:16:38.426682 Mike: Hotel and Tango, sending you 3
2024-10-14 21:16:38.427372 X-ray: Hotel, sending you 5
2024-10-14 21:16:38.430559 November: Quebec and Alpha, sending you 4
2024-10-14 21:16:38.431140 Mike: Victor, sending you 4
2024-10-14 21:16:38.432399 India: Hotel and Victor, sending you 2
2024-10-14 21:16:38.433048 Alpha: Hotel, Tango and X-ray, sending you 2
2024-10-14 21:16:38.434469 Tango: Victor and X-ray, sending you 1
2024-10-14 21:16:38.435372 Hotel: Victor, sending you 6
2024-10-14 21:16:38.436804 Quebec: Mike and Victor, sending you 4
2024-10-14 21:16:38.438505 X-ray: Mike and Alpha, sending you 2
2024-10-14 21:16:38.439215 November: Tango and Zulu, sending you 2
2024-10-14 21:16:38.440690 Mike: Alpha, sending you 2
2024-10-14 21:16:38.441395 India: Mike and X-ray, sending you 4
2024-10-14 21:16:38.442775 Alpha: Mike, sending you 4
2024-10-14 21:16:38.443669 Tango: Alpha, sending you 2
2024-10-14 21:16:38.444904 Hotel: Tango, sending you 1
2024-10-14 21:16:38.445831 Quebec: Zulu, sending you 6
2024-10-14 21:16:38.447313 Zulu: Hotel, Mike, Victor, X-ray and India, sending you 3
2024-10-14 21:16:38.448286 X-ray: Victor, sending you 6
2024-10-14 21:16:38.449561 November: India, sending you 1
2024-10-14 21:16:38.450330 Alpha: Victor, sending you 5
2024-10-14 21:16:38.451805 Victor: Hotel, sending you 4
2024-10-14 21:16:38.452732 Hotel: Alpha, sending you 4
2024-10-14 21:16:38.454288 Quebec: X-ray, sending you 1
2024-10-14 21:16:38.455123 Zulu: Quebec, sending you 1
2024-10-14 21:16:38.456419 X-ray: Tango, sending you 1
2024-10-14 21:16:38.457142 Hotel: X-ray, sending you 2
2024-10-14 21:16:38.463354 Victor: Mike, sending you 2
2024-10-14 21:16:38.464288 Quebec: India, sending you 3
2024-10-14 21:16:38.470770 Victor: Tango, Alpha and X-ray, sending you 3
chatterbot Quebec submitting transactions
chatterbot Hotel submitting transactions
chatterbot November submitting transactions
chatterbot Mike submitting transactions
chatterbot Alpha submitting transactions
chatterbot India submitting transactions
chatterbot Zulu submitting transactions
chatterbot Tango submitting transactions
chatterbot X-ray submitting transactions
chatterbot Victor submitting transactions
ChatterBot Hotel round 2
ChatterBot Mike round 2
ChatterBot Victor round 2
ChatterBot Quebec round 2
ChatterBot Tango round 2
ChatterBot Zulu round 2
ChatterBot Alpha round 2
2024-10-14 21:16:39.401588 Mike: We would work well together
ChatterBot Hotel reevaluating
ChatterBot Alpha reevaluating
ChatterBot X-ray reevaluating
ChatterBot Quebec reevaluating
ChatterBot Zulu reevaluating
ChatterBot India reevaluating
ChatterBot November reevaluating
2024-10-14 21:16:39.454038 Hotel: Yes
2024-10-14 21:16:39.454218 Victor: No
2024-10-14 21:16:39.454327 Alpha: No
2024-10-14 21:16:39.454427 X-ray: No
2024-10-14 21:16:39.454530 Quebec: Yes
2024-10-14 21:16:39.454656 Zulu: No
2024-10-14 21:16:39.454778 India: No
2024-10-14 21:16:39.454890 November: No
ChatterBot Alpha reevaluating
ChatterBot X-ray reevaluating
ChatterBot Quebec reevaluating
ChatterBot Zulu reevaluating
ChatterBot India reevaluating
ChatterBot November reevaluating
ChatterBot Hotel reevaluating
ChatterBot Alpha reevaluating
ChatterBot X-ray reevaluating
ChatterBot Quebec reevaluating
ChatterBot Zulu reevaluating
ChatterBot India reevaluating
ChatterBot November reevaluating
ChatterBot Hotel reevaluating
ChatterBot X-ray reevaluating
ChatterBot Quebec reevaluating
ChatterBot Zulu reevaluating
ChatterBot India reevaluating
ChatterBot November reevaluating
ChatterBot Hotel reevaluating
ChatterBot Alpha reevaluating
ChatterBot Quebec reevaluating
ChatterBot Zulu reevaluating
ChatterBot India reevaluating
ChatterBot November reevaluating
ChatterBot Hotel reevaluating
ChatterBot Alpha reevaluating
ChatterBot X-ray reevaluating
ChatterBot Zulu reevaluating
ChatterBot India reevaluating
ChatterBot November reevaluating
ChatterBot Hotel reevaluating
ChatterBot Alpha reevaluating
ChatterBot X-ray reevaluating
ChatterBot Quebec reevaluating
ChatterBot India reevaluating
ChatterBot November reevaluating
ChatterBot Hotel reevaluating
ChatterBot Alpha reevaluating
ChatterBot X-ray reevaluating
ChatterBot Quebec reevaluating
ChatterBot Zulu reevaluating
ChatterBot November reevaluating
ChatterBot Hotel reevaluating
ChatterBot Alpha reevaluating
ChatterBot X-ray reevaluating
ChatterBot Quebec reevaluating
ChatterBot Zulu reevaluating
ChatterBot India reevaluating
2024-10-14 21:16:39.867789 Zulu: We should add November and Alpha
ChatterBot Hotel reevaluating
ChatterBot X-ray reevaluating
ChatterBot Quebec reevaluating
2024-10-14 21:16:39.895668 Hotel: Yes
2024-10-14 21:16:39.895815 X-ray: No
2024-10-14 21:16:39.895918 Victor: No
2024-10-14 21:16:39.896028 Mike: Yes
2024-10-14 21:16:39.896543 Quebec: Yes
ChatterBot India reevaluating
2024-10-14 21:16:39.908597 India: No
ChatterBot Quebec reevaluating
ChatterBot Zulu reevaluating
ChatterBot X-ray reevaluating
ChatterBot India reevaluating
ChatterBot Quebec reevaluating
ChatterBot Hotel reevaluating
ChatterBot Zulu reevaluating
ChatterBot India reevaluating
ChatterBot Quebec reevaluating
ChatterBot Hotel reevaluating
ChatterBot Zulu reevaluating
ChatterBot X-ray reevaluating
ChatterBot India reevaluating
ChatterBot Quebec reevaluating
ChatterBot Hotel reevaluating
ChatterBot Zulu reevaluating
ChatterBot X-ray reevaluating
ChatterBot India reevaluating
ChatterBot Hotel reevaluating
ChatterBot Zulu reevaluating
ChatterBot X-ray reevaluating
ChatterBot India reevaluating
ChatterBot Quebec reevaluating
ChatterBot Hotel reevaluating
ChatterBot Zulu reevaluating
ChatterBot X-ray reevaluating
ChatterBot X-ray round 2
ChatterBot India round 2
ChatterBot November round 2
2024-10-14 21:16:40.284094 X-ray: We should group up
ChatterBot Hotel reevaluating
ChatterBot Zulu reevaluating
ChatterBot November reevaluating
2024-10-14 21:16:40.313520 Mike: Yes
2024-10-14 21:16:40.313798 Hotel: Yes
2024-10-14 21:16:40.313966 Victor: No
2024-10-14 21:16:40.314576 Alpha: No
2024-10-14 21:16:40.314770 Quebec: Yes
2024-10-14 21:16:40.314949 Zulu: Yes
2024-10-14 21:16:40.315084 India: No
2024-10-14 21:16:40.315231 November: Yes
ChatterBot Hotel reevaluating
ChatterBot Victor reevaluating
ChatterBot Zulu reevaluating
ChatterBot November reevaluating
ChatterBot Victor reevaluating
ChatterBot Zulu reevaluating
ChatterBot November reevaluating
ChatterBot Hotel reevaluating
ChatterBot Zulu reevaluating
ChatterBot November reevaluating
ChatterBot Hotel reevaluating
ChatterBot Victor reevaluating
ChatterBot Zulu reevaluating
ChatterBot November reevaluating
ChatterBot Hotel reevaluating
ChatterBot Victor reevaluating
ChatterBot Zulu reevaluating
ChatterBot November reevaluating
ChatterBot Hotel reevaluating
ChatterBot Victor reevaluating
ChatterBot November reevaluating
ChatterBot Hotel reevaluating
ChatterBot Victor reevaluating
ChatterBot Zulu reevaluating
ChatterBot November reevaluating
ChatterBot Hotel reevaluating
ChatterBot Victor reevaluating
ChatterBot Alpha reevaluating
ChatterBot Zulu reevaluating
2024-10-14 21:16:40.558284 Alpha: We should replace Tango with November
ChatterBot Hotel reevaluating
ChatterBot Victor reevaluating
2024-10-14 21:16:40.573610 Hotel: Yes
2024-10-14 21:16:40.573834 Mike: Yes
2024-10-14 21:16:40.573949 Victor: Yes
2024-10-14 21:16:40.574056 X-ray: Yes
ChatterBot Alpha reevaluating
ChatterBot Victor reevaluating
ChatterBot Alpha reevaluating
ChatterBot Hotel reevaluating
ChatterBot Victor reevaluating
ChatterBot Alpha reevaluating
ChatterBot Hotel reevaluating
ChatterBot Alpha reevaluating
ChatterBot Hotel reevaluating
ChatterBot Victor reevaluating
2024-10-14 21:16:40.658962 Quebec: November and Alpha we want you to join our group
ChatterBot Alpha reevaluating
ChatterBot November reevaluating
2024-10-14 21:16:40.672891 Alpha: No
2024-10-14 21:16:40.673195 November: Yes
ChatterBot Hotel reevaluating
ChatterBot Victor reevaluating
ChatterBot Zulu reevaluating
ChatterBot November reevaluating
ChatterBot Hotel reevaluating
ChatterBot Victor reevaluating
ChatterBot Alpha reevaluating
ChatterBot Zulu reevaluating
chatterbot Mike submitting transactions
chatterbot Victor submitting transactions
2024-10-14 21:16:40.859937 Mike: Hotel, Quebec, Zulu, Alpha and India, sending you 2
2024-10-14 21:16:40.860387 Tango: Hotel and X-ray, sending you 2
2024-10-14 21:16:40.860737 Zulu: November and Alpha we want you to join our group
ChatterBot Alpha reevaluating
2024-10-14 21:16:40.867491 Alpha: No
2024-10-14 21:16:40.867661 November: Yes
ChatterBot Alpha reevaluating
chatterbot Tango submitting transactions
2024-10-14 21:16:40.917136 Mike: Victor and X-ray, sending you 1
2024-10-14 21:16:40.918108 Tango: Mike, Victor and Alpha, sending you 3
2024-10-14 21:16:40.941298 Quebec: Hotel, Mike, Victor, Alpha, X-ray and India, sending you 1
2024-10-14 21:16:40.941918 Alpha: November we want you to join our group
2024-10-14 21:16:40.945971 November: Yes
ChatterBot Alpha reevaluating
2024-10-14 21:16:40.963711 India: Quebec, sending you 5
2024-10-14 21:16:40.964035 X-ray: Hotel, Mike, Quebec, Alpha and November, sending you 2
2024-10-14 21:16:40.964887 Hotel: Mike, Zulu, Alpha and India, sending you 2
2024-10-14 21:16:40.965428 Quebec: Zulu, sending you 3
chatterbot November submitting transactions
2024-10-14 21:16:40.980411 X-ray: Victor, Zulu and India, sending you 3
2024-10-14 21:16:40.981434 Hotel: Victor and X-ray, sending you 3
2024-10-14 21:16:40.981867 India: Zulu, sending you 4
2024-10-14 21:16:40.982093 Zulu: Hotel, Mike, Victor, Alpha, X-ray and India, sending you 1
2024-10-14 21:16:40.983015 November: Hotel, Mike, Victor, Alpha, X-ray and India, sending you 2
2024-10-14 21:16:40.983410 Victor: Hotel, Alpha and X-ray, sending you 3
2024-10-14 21:16:40.983793 Quebec: November, sending you 7
2024-10-14 21:16:40.984816 India: November, sending you 3
2024-10-14 21:16:40.994290 Zulu: Quebec and November, sending you 3
2024-10-14 21:16:40.995235 Hotel: Quebec and November, sending you 1
2024-10-14 21:16:40.995716 November: Quebec and Zulu, sending you 3
2024-10-14 21:16:40.996557 Victor: Mike, Quebec, Zulu and India, sending you 2
2024-10-14 21:16:41.003114 Victor: November, sending you 1
2024-10-14 21:16:41.007800 Alpha: Hotel, Mike, Victor and November, sending you 4
2024-10-14 21:16:41.015782 Alpha: X-ray, sending you 3
chatterbot Victor submitting transactions
chatterbot X-ray submitting transactions
chatterbot India submitting transactions
chatterbot Quebec submitting transactions
chatterbot November submitting transactions
chatterbot Hotel submitting transactions
chatterbot Zulu submitting transactions
chatterbot Alpha submitting transactions
ChatterBot Hotel round 3
ChatterBot Mike round 3
ChatterBot Victor round 3
ChatterBot Quebec round 3
ChatterBot Tango round 3
ChatterBot Zulu round 3
ChatterBot Alpha round 3
ChatterBot X-ray round 3
ChatterBot India round 3
ChatterBot November round 3
2024-10-14 21:16:42.149798 Alpha: We should group up
ChatterBot X-ray reevaluating
ChatterBot November reevaluating
2024-10-14 21:16:42.181688 Hotel: No
2024-10-14 21:16:42.181895 Mike: No
2024-10-14 21:16:42.182114 Victor: No
2024-10-14 21:16:42.182940 Tango: No
2024-10-14 21:16:42.183169 X-ray: Yes
2024-10-14 21:16:42.183398 Quebec: No
2024-10-14 21:16:42.183641 Zulu: No
2024-10-14 21:16:42.183801 India: No
2024-10-14 21:16:42.183976 November: No
ChatterBot X-ray reevaluating
ChatterBot November reevaluating
ChatterBot Hotel reevaluating
ChatterBot X-ray reevaluating
ChatterBot November reevaluating
ChatterBot Hotel reevaluating
ChatterBot X-ray reevaluating
ChatterBot November reevaluating
ChatterBot Hotel reevaluating
ChatterBot X-ray reevaluating
ChatterBot November reevaluating
ChatterBot Hotel reevaluating
ChatterBot November reevaluating
ChatterBot Hotel reevaluating
ChatterBot X-ray reevaluating
ChatterBot November reevaluating
ChatterBot Hotel reevaluating
ChatterBot X-ray reevaluating
ChatterBot November reevaluating
ChatterBot Hotel reevaluating
ChatterBot X-ray reevaluating
ChatterBot November reevaluating
ChatterBot Hotel reevaluating
ChatterBot X-ray reevaluating
2024-10-14 21:16:42.587295 X-ray: We should add Tango
ChatterBot Hotel reevaluating
ChatterBot November reevaluating
2024-10-14 21:16:42.629787 Mike: No
2024-10-14 21:16:42.629961 Hotel: No
2024-10-14 21:16:42.630123 Victor: No
2024-10-14 21:16:42.630285 Alpha: Yes
2024-10-14 21:16:42.630447 Quebec: No
2024-10-14 21:16:42.630595 Zulu: No
2024-10-14 21:16:42.631116 India: No
2024-10-14 21:16:42.631256 November: No
ChatterBot Hotel reevaluating
ChatterBot X-ray reevaluating
ChatterBot November reevaluating
ChatterBot X-ray reevaluating
ChatterBot November reevaluating
ChatterBot Hotel reevaluating
ChatterBot X-ray reevaluating
ChatterBot November reevaluating
ChatterBot Hotel reevaluating
ChatterBot X-ray reevaluating
ChatterBot November reevaluating
ChatterBot Hotel reevaluating
ChatterBot X-ray reevaluating
ChatterBot November reevaluating
ChatterBot Hotel reevaluating
ChatterBot X-ray reevaluating
ChatterBot November reevaluating
ChatterBot Hotel reevaluating
ChatterBot Alpha reevaluating
ChatterBot X-ray reevaluating
ChatterBot November reevaluating
ChatterBot Hotel reevaluating
ChatterBot Alpha reevaluating
ChatterBot X-ray reevaluating
2024-10-14 21:16:43.032731 Zulu: Hotel, Mike, Victor, X-ray and India, sending you 2
2024-10-14 21:16:43.034960 India: Hotel and Mike, sending you 1
2024-10-14 21:16:43.036792 Alpha: Hotel, Victor and November, sending you 3
2024-10-14 21:16:43.037762 Tango: Hotel, Mike, Alpha and X-ray, sending you 3
2024-10-14 21:16:43.038870 Hotel: Mike and Zulu, sending you 2
2024-10-14 21:16:43.040180 Quebec: Hotel, Mike, Victor and X-ray, sending you 2
2024-10-14 21:16:43.040985 Mike: Hotel and Victor, sending you 2
2024-10-14 21:16:43.042453 Victor: Hotel, Alpha and X-ray, sending you 3
chatterbot India submitting transactions
2024-10-14 21:16:43.044127 Zulu: Quebec and November, sending you 3
2024-10-14 21:16:43.045515 Alpha: Mike, Quebec, Zulu, X-ray and India, sending you 2
2024-10-14 21:16:43.046941 India: Victor, Quebec, Zulu, X-ray and November, sending you 2
2024-10-14 21:16:43.048314 Tango: Victor, sending you 4
2024-10-14 21:16:43.049729 Hotel: Victor, Alpha and X-ray, sending you 3
2024-10-14 21:16:43.051214 Quebec: Zulu, India and November, sending you 3
2024-10-14 21:16:43.052185 Mike: Quebec, Zulu, X-ray, India and November, sending you 1
2024-10-14 21:16:43.053782 November: Hotel, Mike and Victor, sending you 1
2024-10-14 21:16:43.055140 Victor: Mike, Quebec, Zulu and November, sending you 2
2024-10-14 21:16:43.056489 X-ray: Hotel, Victor and Alpha, sending you 3
2024-10-14 21:16:43.057949 Zulu: Alpha, sending you 1
2024-10-14 21:16:43.059557 Hotel: Quebec, India and November, sending you 1
2024-10-14 21:16:43.061230 Quebec: Alpha, sending you 1
2024-10-14 21:16:43.063038 Mike: Alpha, sending you 3
2024-10-14 21:16:43.064541 November: Quebec, sending you 6
2024-10-14 21:16:43.065998 Victor: India, sending you 1
2024-10-14 21:16:43.067341 X-ray: Mike, Quebec, Zulu, India and November, sending you 2
2024-10-14 21:16:43.068908 November: Zulu, X-ray and India, sending you 2
2024-10-14 21:16:43.212132 November: Alpha, sending you 3
chatterbot Mike submitting transactions
chatterbot November submitting transactions
chatterbot Quebec submitting transactions
chatterbot X-ray submitting transactions
chatterbot Tango submitting transactions
chatterbot Alpha submitting transactions
chatterbot Victor submitting transactions
chatterbot Zulu submitting transactions
chatterbot Hotel submitting transactions
ChatterBot Hotel round 4
ChatterBot Mike round 4
ChatterBot Victor round 4
ChatterBot Quebec round 4
ChatterBot Tango round 4
ChatterBot Zulu round 4
ChatterBot Alpha round 4
ChatterBot X-ray round 4
ChatterBot India round 4
ChatterBot November round 4
2024-10-14 21:16:44.271159 X-ray: We should add Tango
ChatterBot Alpha reevaluating
2024-10-14 21:16:44.309916 Mike: No
2024-10-14 21:16:44.310158 Hotel: No
2024-10-14 21:16:44.310336 Victor: No
2024-10-14 21:16:44.310518 Alpha: Yes
2024-10-14 21:16:44.310706 Quebec: No
2024-10-14 21:16:44.310975 Zulu: No
2024-10-14 21:16:44.311169 India: No
2024-10-14 21:16:44.311336 November: No
ChatterBot Alpha reevaluating
ChatterBot Alpha reevaluating
ChatterBot Alpha reevaluating
ChatterBot Alpha reevaluating
ChatterBot Alpha reevaluating
ChatterBot Alpha reevaluating
ChatterBot X-ray reevaluating
ChatterBot Alpha reevaluating
ChatterBot X-ray reevaluating
2024-10-14 21:16:44.499240 Alpha: Tango we want you to join our group
2024-10-14 21:16:44.502776 Tango: No
ChatterBot X-ray reevaluating
2024-10-14 21:16:44.526321 Quebec: Hotel, Mike, Victor, Alpha, X-ray and India, sending you 2
2024-10-14 21:16:44.527390 Hotel: Mike and Zulu, sending you 2
2024-10-14 21:16:44.528686 Zulu: Hotel, Mike, Victor, Alpha, X-ray, India and November, sending you 2
2024-10-14 21:16:44.530594 Quebec: Zulu and November, sending you 3
2024-10-14 21:16:44.531418 Hotel: Victor, Alpha and X-ray, sending you 3
2024-10-14 21:16:44.532228 Tango: Hotel, Alpha and X-ray, sending you 3
2024-10-14 21:16:44.533288 Mike: Hotel and Victor, sending you 2
2024-10-14 21:16:44.534334 Victor: Hotel, Alpha and X-ray, sending you 3
2024-10-14 21:16:44.535791 Zulu: Quebec, sending you 3
2024-10-14 21:16:44.536986 Hotel: Quebec, India and November, sending you 1
2024-10-14 21:16:44.538594 Tango: Mike and Victor, sending you 4
2024-10-14 21:16:44.539228 Mike: Quebec, Zulu, X-ray, India and November, sending you 1
2024-10-14 21:16:44.540326 Victor: Mike, Quebec, Zulu and India, sending you 2
2024-10-14 21:16:44.541816 India: Hotel, Mike, Victor and Alpha, sending you 1
2024-10-14 21:16:44.543702 Mike: Alpha, sending you 3
2024-10-14 21:16:44.545691 Victor: November, sending you 1
2024-10-14 21:16:44.547137 India: Quebec, Zulu, X-ray and November, sending you 2
2024-10-14 21:16:44.548339 November: Hotel and Mike, sending you 1
2024-10-14 21:16:44.550698 Alpha: Hotel, Mike, Quebec, Tango, Zulu, X-ray, India and November, sending you 2
2024-10-14 21:16:44.552692 November: Victor, X-ray and India, sending you 2
2024-10-14 21:16:44.553710 X-ray: Hotel, Victor and Alpha, sending you 3
2024-10-14 21:16:44.555213 Alpha: Victor, sending you 3
2024-10-14 21:16:44.556710 November: Quebec, sending you 4
2024-10-14 21:16:44.558675 X-ray: Mike, Quebec, Zulu, India and November, sending you 2
2024-10-14 21:16:44.562679 November: Zulu and Alpha, sending you 3
chatterbot Tango submitting transactions
chatterbot Quebec submitting transactions
chatterbot X-ray submitting transactions
chatterbot Mike submitting transactions
chatterbot Zulu submitting transactions
chatterbot Hotel submitting transactions
chatterbot Victor submitting transactions
chatterbot Alpha submitting transactions
chatterbot India submitting transactions
chatterbot November submitting transactions
ChatterBot Hotel round 5
ChatterBot Mike round 5
ChatterBot Victor round 5
ChatterBot Quebec round 5
ChatterBot Tango round 5
ChatterBot Zulu round 5
ChatterBot Alpha round 5
ChatterBot X-ray round 5
2024-10-14 21:16:45.731791 Tango: Group up?
ChatterBot Victor reevaluating
ChatterBot X-ray reevaluating
2024-10-14 21:16:45.760217 Alpha: Yes
2024-10-14 21:16:45.760388 Hotel: No
2024-10-14 21:16:45.760501 Mike: No
2024-10-14 21:16:45.761046 Victor: Yes
2024-10-14 21:16:45.761169 X-ray: Yes
2024-10-14 21:16:45.761277 Quebec: No
2024-10-14 21:16:45.761382 Zulu: No
2024-10-14 21:16:45.761480 India: No
2024-10-14 21:16:45.761574 November: No
ChatterBot Victor reevaluating
ChatterBot X-ray reevaluating
ChatterBot Mike reevaluating
ChatterBot Victor reevaluating
ChatterBot X-ray reevaluating
ChatterBot November reevaluating
ChatterBot Victor reevaluating
ChatterBot X-ray reevaluating
ChatterBot November reevaluating
ChatterBot Hotel reevaluating
ChatterBot Mike reevaluating
ChatterBot X-ray reevaluating
ChatterBot November reevaluating
ChatterBot Hotel reevaluating
ChatterBot Mike reevaluating
ChatterBot Victor reevaluating
ChatterBot November reevaluating
ChatterBot Hotel reevaluating
ChatterBot Mike reevaluating
ChatterBot Victor reevaluating
ChatterBot X-ray reevaluating
ChatterBot November reevaluating
ChatterBot Hotel reevaluating
ChatterBot Mike reevaluating
ChatterBot Victor reevaluating
ChatterBot X-ray reevaluating
ChatterBot November reevaluating
ChatterBot Hotel reevaluating
ChatterBot Mike reevaluating
ChatterBot Victor reevaluating
ChatterBot X-ray reevaluating
ChatterBot November reevaluating
ChatterBot Hotel reevaluating
ChatterBot Mike reevaluating
ChatterBot Victor reevaluating
ChatterBot X-ray reevaluating
2024-10-14 21:16:46.067002 Victor: We should add Tango
ChatterBot Mike reevaluating
ChatterBot Hotel reevaluating
ChatterBot X-ray reevaluating
ChatterBot November reevaluating
2024-10-14 21:16:46.087236 Mike: No
2024-10-14 21:16:46.087413 Hotel: Yes
2024-10-14 21:16:46.087533 Alpha: Yes
2024-10-14 21:16:46.087649 X-ray: Yes
2024-10-14 21:16:46.087770 Quebec: No
2024-10-14 21:16:46.087872 Zulu: No
2024-10-14 21:16:46.087965 India: No
2024-10-14 21:16:46.088069 November: No
ChatterBot Hotel reevaluating
ChatterBot Victor reevaluating
ChatterBot X-ray reevaluating
ChatterBot November reevaluating
ChatterBot Mike reevaluating
ChatterBot Victor reevaluating
ChatterBot X-ray reevaluating
ChatterBot November reevaluating
ChatterBot Mike reevaluating
ChatterBot Hotel reevaluating
ChatterBot Victor reevaluating
ChatterBot X-ray reevaluating
ChatterBot November reevaluating
ChatterBot Mike reevaluating
ChatterBot Hotel reevaluating
ChatterBot Victor reevaluating
ChatterBot November reevaluating
ChatterBot Mike reevaluating
ChatterBot Hotel reevaluating
ChatterBot Victor reevaluating
ChatterBot X-ray reevaluating
ChatterBot November reevaluating
ChatterBot Mike reevaluating
ChatterBot Hotel reevaluating
ChatterBot Victor reevaluating
ChatterBot X-ray reevaluating
ChatterBot November reevaluating
ChatterBot Mike reevaluating
ChatterBot Hotel reevaluating
ChatterBot Victor reevaluating
ChatterBot X-ray reevaluating
ChatterBot November reevaluating
ChatterBot Mike reevaluating
ChatterBot Hotel reevaluating
ChatterBot Victor reevaluating
ChatterBot X-ray reevaluating
ChatterBot India round 5
ChatterBot November round 5
2024-10-14 21:16:46.273166 November: We should add Tango
ChatterBot Mike reevaluating
ChatterBot Hotel reevaluating
2024-10-14 21:16:46.290478 Mike: No
2024-10-14 21:16:46.290658 Hotel: No
2024-10-14 21:16:46.290786 Victor: Yes
2024-10-14 21:16:46.290891 Alpha: Yes
2024-10-14 21:16:46.290990 X-ray: Yes
2024-10-14 21:16:46.291090 Quebec: No
2024-10-14 21:16:46.291197 Zulu: No
2024-10-14 21:16:46.291299 India: No
ChatterBot Hotel reevaluating
ChatterBot November reevaluating
ChatterBot Mike reevaluating
ChatterBot November reevaluating
ChatterBot Mike reevaluating
ChatterBot Hotel reevaluating
ChatterBot November reevaluating
ChatterBot Mike reevaluating
ChatterBot Hotel reevaluating
ChatterBot November reevaluating
ChatterBot Mike reevaluating
ChatterBot Hotel reevaluating
ChatterBot November reevaluating
ChatterBot Mike reevaluating
ChatterBot Hotel reevaluating
ChatterBot November reevaluating
ChatterBot Mike reevaluating
ChatterBot Hotel reevaluating
ChatterBot November reevaluating
ChatterBot Mike reevaluating
ChatterBot Hotel reevaluating
ChatterBot November reevaluating
2024-10-14 21:16:46.432113 Victor: Tango we want you to join our group
2024-10-14 21:16:46.434740 Tango: Yes
ChatterBot Mike reevaluating
ChatterBot November reevaluating
2024-10-14 21:16:46.452893 X-ray: Tango we want you to join our group
2024-10-14 21:16:46.455098 Tango: Yes
ChatterBot Hotel reevaluating
ChatterBot Mike reevaluating
ChatterBot November reevaluating
chatterbot Tango submitting transactions
2024-10-14 21:16:46.479020 Quebec: Hotel, Mike, Victor, Alpha, X-ray and India, sending you 2
2024-10-14 21:16:46.480654 Zulu: Hotel, Mike, Victor, Alpha, X-ray, India and November, sending you 2
2024-10-14 21:16:46.482314 Tango: Hotel, Mike, Victor, Quebec, Zulu, X-ray, India and November, sending you 2
2024-10-14 21:16:46.483275 Alpha: Hotel, Mike, Quebec, Tango, Zulu, X-ray, India and November, sending you 2
2024-10-14 21:16:46.484258 November: Tango we want you to join our group
2024-10-14 21:16:46.490926 Tango: Yes
ChatterBot Mike reevaluating
2024-10-14 21:16:46.519278 Hotel: Tango we want you to join our group
2024-10-14 21:16:46.522475 Tango: Yes
ChatterBot Hotel reevaluating
ChatterBot Mike reevaluating
2024-10-14 21:16:46.543681 Quebec: Zulu and November, sending you 3
2024-10-14 21:16:46.544518 Zulu: Quebec, sending you 3
2024-10-14 21:16:46.545125 Tango: Alpha, sending you 3
2024-10-14 21:16:46.545553 Alpha: Victor, sending you 3
2024-10-14 21:16:46.549146 Victor: Hotel, Mike, Quebec, Tango, Zulu, Alpha, X-ray, India and November, sending you 2
2024-10-14 21:16:46.549822 India: Mike and Alpha, sending you 1
2024-10-14 21:16:46.550593 X-ray: Hotel, Mike, Quebec, Tango, Zulu, Alpha, India and November, sending you 2
2024-10-14 21:16:46.553670 Mike: Tango we want you to join our group
2024-10-14 21:16:46.556965 Tango: Yes
ChatterBot Hotel reevaluating
ChatterBot Mike reevaluating
2024-10-14 21:16:46.580414 India: Victor, Quebec, Zulu, X-ray and November, sending you 2
2024-10-14 21:16:46.581177 X-ray: Victor, sending you 3
2024-10-14 21:16:46.581672 November: Hotel, Mike and Tango, sending you 1
2024-10-14 21:16:46.586706 November: Victor, X-ray and India, sending you 2
2024-10-14 21:16:46.590683 November: Quebec, Zulu and Alpha, sending you 3
2024-10-14 21:16:46.603916 Hotel: Mike, Quebec, Zulu and Alpha, sending you 2
2024-10-14 21:16:46.608670 Hotel: Victor and X-ray, sending you 3
2024-10-14 21:16:46.612692 Hotel: India and November, sending you 1
2024-10-14 21:16:46.614657 Mike: Hotel, Quebec, Tango, Zulu, X-ray, India and November, sending you 1
2024-10-14 21:16:46.620984 Mike: Victor, sending you 2
2024-10-14 21:16:46.625652 Mike: Alpha, sending you 3
chatterbot Quebec submitting transactions
chatterbot Hotel submitting transactions
chatterbot Zulu submitting transactions
chatterbot Alpha submitting transactions
chatterbot Victor submitting transactions
chatterbot November submitting transactions
chatterbot India submitting transactions
chatterbot Mike submitting transactions
chatterbot X-ray submitting transactions
ChatterBot Hotel round 6
ChatterBot Mike round 6
ChatterBot Victor round 6
ChatterBot Quebec round 6
ChatterBot Tango round 6
ChatterBot Zulu round 6
ChatterBot Alpha round 6
ChatterBot X-ray round 6
ChatterBot India round 6
ChatterBot November round 6
2024-10-14 21:16:47.501693 Hotel: We should add Tango
ChatterBot Zulu reevaluating
2024-10-14 21:16:47.526059 Mike: Yes
2024-10-14 21:16:47.526217 Victor: Yes
2024-10-14 21:16:47.526338 Alpha: Yes
2024-10-14 21:16:47.526451 X-ray: Yes
2024-10-14 21:16:47.526560 Quebec: No
2024-10-14 21:16:47.526673 Zulu: Yes
2024-10-14 21:16:47.526783 India: No
2024-10-14 21:16:47.526890 November: Yes
ChatterBot Hotel reevaluating
ChatterBot Quebec reevaluating
ChatterBot Zulu reevaluating
ChatterBot India reevaluating
ChatterBot Hotel reevaluating
ChatterBot Quebec reevaluating
ChatterBot Zulu reevaluating
ChatterBot India reevaluating
ChatterBot Hotel reevaluating
ChatterBot Quebec reevaluating
ChatterBot Zulu reevaluating
ChatterBot India reevaluating
ChatterBot Hotel reevaluating
ChatterBot Quebec reevaluating
ChatterBot Zulu reevaluating
ChatterBot India reevaluating
ChatterBot Hotel reevaluating
ChatterBot Zulu reevaluating
ChatterBot India reevaluating
ChatterBot Hotel reevaluating
ChatterBot Quebec reevaluating
ChatterBot India reevaluating
ChatterBot Hotel reevaluating
ChatterBot Quebec reevaluating
ChatterBot Zulu reevaluating
ChatterBot Hotel reevaluating
ChatterBot Quebec reevaluating
ChatterBot Zulu reevaluating
ChatterBot India reevaluating
2024-10-14 21:16:47.688501 Zulu: We should replace India with Tango
ChatterBot Hotel reevaluating
2024-10-14 21:16:47.705736 Hotel: No
2024-10-14 21:16:47.705926 Mike: No
2024-10-14 21:16:47.706081 Victor: No
2024-10-14 21:16:47.706226 Alpha: No
2024-10-14 21:16:47.706372 X-ray: No
2024-10-14 21:16:47.706514 Quebec: Yes
2024-10-14 21:16:47.706695 November: No
ChatterBot Zulu reevaluating
ChatterBot Zulu reevaluating
ChatterBot Hotel reevaluating
ChatterBot Zulu reevaluating
ChatterBot Hotel reevaluating
ChatterBot Zulu reevaluating
ChatterBot Hotel reevaluating
ChatterBot Zulu reevaluating
ChatterBot Hotel reevaluating
ChatterBot Zulu reevaluating
ChatterBot Hotel reevaluating
ChatterBot Zulu reevaluating
ChatterBot Hotel reevaluating
2024-10-14 21:16:47.829670 Mike: Hotel, Victor and Alpha, sending you 2
2024-10-14 21:16:47.830816 Tango: Hotel, Mike, Quebec, Zulu, X-ray and November, sending you 2
2024-10-14 21:16:47.831482 Alpha: Hotel, Victor, Quebec, Tango, Zulu, X-ray, India and November, sending you 2
2024-10-14 21:16:47.832130 Victor: Hotel, Mike, Quebec, Tango, Zulu, Alpha, X-ray, India and November, sending you 2
2024-10-14 21:16:47.833717 India: Tango we want you to join our group
2024-10-14 21:16:47.838204 Tango: Yes
ChatterBot Hotel reevaluating
2024-10-14 21:16:47.874183 Mike: Quebec, Tango, Zulu, X-ray, India and November, sending you 1
2024-10-14 21:16:47.875122 Tango: Victor and Alpha, sending you 3
2024-10-14 21:16:47.876245 Zulu: Tango we want you to join our group
2024-10-14 21:16:47.879629 Tango: Yes
ChatterBot Hotel reevaluating
2024-10-14 21:16:47.899483 Alpha: Mike, sending you 3
2024-10-14 21:16:47.900421 Quebec: Tango we want you to join our group
2024-10-14 21:16:47.903525 Tango: Yes
ChatterBot Hotel reevaluating
2024-10-14 21:16:47.922189 X-ray: Hotel and Victor, sending you 3
2024-10-14 21:16:47.923274 Tango: India, sending you 1
2024-10-14 21:16:47.925690 X-ray: Mike, sending you 1
2024-10-14 21:16:47.927125 November: Hotel, Mike and Tango, sending you 1
2024-10-14 21:16:47.928352 Hotel: Tango we want you to join our group
2024-10-14 21:16:47.931206 Tango: Yes
ChatterBot Hotel reevaluating
2024-10-14 21:16:47.949706 X-ray: Quebec, Tango, Zulu, Alpha, India and November, sending you 2
2024-10-14 21:16:47.950760 November: Victor, Zulu, X-ray and India, sending you 2
2024-10-14 21:16:47.953668 November: Quebec, sending you 4
2024-10-14 21:16:47.954447 Zulu: Hotel, Mike, Victor, Alpha and X-ray, sending you 2
2024-10-14 21:16:47.954968 India: Hotel, Mike, Victor, Tango, Zulu, Alpha and November, sending you 1
2024-10-14 21:16:47.956057 Quebec: Hotel, Mike, Victor, Alpha and X-ray, sending you 2
2024-10-14 21:16:47.956932 November: Alpha, sending you 3
2024-10-14 21:16:47.958140 Zulu: Quebec and November, sending you 3
2024-10-14 21:16:47.958759 India: Quebec, sending you 3
2024-10-14 21:16:47.960672 Quebec: Tango, sending you 1
2024-10-14 21:16:47.963676 Zulu: Tango, sending you 1
2024-10-14 21:16:47.964151 India: X-ray, sending you 2
2024-10-14 21:16:47.964810 Quebec: Zulu, sending you 3
2024-10-14 21:16:47.969678 Quebec: November, sending you 4
2024-10-14 21:16:47.985669 Hotel: Mike, Quebec, Tango, Zulu, Alpha and X-ray, sending you 2
2024-10-14 21:16:47.990664 Hotel: Victor, sending you 3
2024-10-14 21:16:47.996693 Hotel: November, sending you 1
chatterbot Tango submitting transactions
chatterbot Mike submitting transactions
chatterbot Alpha submitting transactions
chatterbot X-ray submitting transactions
chatterbot Hotel submitting transactions
chatterbot Quebec submitting transactions
chatterbot India submitting transactions
chatterbot November submitting transactions
chatterbot Victor submitting transactions
chatterbot Zulu submitting transactions
ChatterBot Hotel round 7
ChatterBot Mike round 7
ChatterBot Victor round 7
ChatterBot Quebec round 7
ChatterBot Tango round 7
ChatterBot Zulu round 7
ChatterBot Alpha round 7
ChatterBot X-ray round 7
ChatterBot India round 7
ChatterBot November round 7
2024-10-14 21:16:49.074881 Hotel: We should drop India
ChatterBot Alpha reevaluating
2024-10-14 21:16:49.095952 Zulu: Yes
2024-10-14 21:16:49.096102 Mike: No
2024-10-14 21:16:49.096213 Victor: No
2024-10-14 21:16:49.096314 Tango: No
2024-10-14 21:16:49.096409 Alpha: Yes
2024-10-14 21:16:49.096509 X-ray: No
2024-10-14 21:16:49.096603 Quebec: Yes
2024-10-14 21:16:49.097430 November: No
ChatterBot Alpha reevaluating
ChatterBot Hotel reevaluating
ChatterBot Alpha reevaluating
ChatterBot Hotel reevaluating
ChatterBot Alpha reevaluating
ChatterBot Hotel reevaluating
ChatterBot Alpha reevaluating
ChatterBot Hotel reevaluating
ChatterBot Mike reevaluating
ChatterBot Hotel reevaluating
ChatterBot Mike reevaluating
ChatterBot Alpha reevaluating
ChatterBot Hotel reevaluating
ChatterBot Mike reevaluating
ChatterBot Alpha reevaluating
ChatterBot Hotel reevaluating
ChatterBot Mike reevaluating
ChatterBot Tango reevaluating
ChatterBot Alpha reevaluating
2024-10-14 21:16:49.307669 Quebec: Hotel, Mike, Victor, Tango, Alpha and X-ray, sending you 2
2024-10-14 21:16:49.310710 Quebec: Zulu and November, sending you 3
2024-10-14 21:16:49.313682 India: Hotel, Mike, Quebec, Tango, Zulu, Alpha and November, sending you 1
2024-10-14 21:16:49.316657 November: Hotel, Mike and Tango, sending you 1
2024-10-14 21:16:49.317909 India: Victor, sending you 3
2024-10-14 21:16:49.318697 Victor: Hotel, Mike, Quebec, Tango, Zulu, Alpha, X-ray, India and November, sending you 2
2024-10-14 21:16:49.320688 India: X-ray, sending you 2
2024-10-14 21:16:49.321756 November: Victor, Alpha, X-ray and India, sending you 2
2024-10-14 21:16:49.323683 Zulu: Hotel, Mike, Victor, Tango, Alpha, X-ray and November, sending you 2
2024-10-14 21:16:49.325672 November: Quebec, sending you 4
2024-10-14 21:16:49.326844 X-ray: Hotel, Mike, Quebec, Tango, Zulu, Alpha, India and November, sending you 2
2024-10-14 21:16:49.328106 Alpha: Hotel, Victor, Quebec, Tango, Zulu, X-ray, India and November, sending you 2
2024-10-14 21:16:49.329967 Zulu: Quebec, sending you 3
2024-10-14 21:16:49.330848 November: Zulu, sending you 3
2024-10-14 21:16:49.333824 X-ray: Victor, sending you 3
2024-10-14 21:16:49.335671 Alpha: Mike, sending you 3
2024-10-14 21:16:49.337593 Tango: Hotel, Mike, Quebec, Zulu and November, sending you 2
2024-10-14 21:16:49.338163 Mike: Hotel, Victor, Quebec, Zulu and Alpha, sending you 2
2024-10-14 21:16:49.338734 Hotel: Mike, Quebec, Tango, Zulu, Alpha and X-ray, sending you 2
2024-10-14 21:16:49.341676 Hotel: Victor, sending you 3
2024-10-14 21:16:49.342678 Tango: Victor and X-ray, sending you 3
2024-10-14 21:16:49.344126 Mike: Tango and X-ray, sending you 1
2024-10-14 21:16:49.345102 Hotel: November, sending you 1
2024-10-14 21:16:49.347672 Tango: Alpha, sending you 4
chatterbot Victor submitting transactions
chatterbot Quebec submitting transactions
chatterbot November submitting transactions
chatterbot Alpha submitting transactions
chatterbot Mike submitting transactions
chatterbot Tango submitting transactions
chatterbot India submitting transactions
chatterbot Hotel submitting transactions
chatterbot Zulu submitting transactions
chatterbot X-ray submitting transactions
ChatterBot Hotel round 8
ChatterBot Mike round 8
ChatterBot Victor round 8
ChatterBot Quebec round 8
ChatterBot Tango round 8
ChatterBot Zulu round 8
ChatterBot Alpha round 8
ChatterBot X-ray round 8
ChatterBot India round 8
2024-10-14 21:16:50.521232 Hotel: We should add India
ChatterBot Zulu reevaluating
ChatterBot Mike reevaluating
ChatterBot Victor reevaluating
ChatterBot Tango reevaluating
ChatterBot Alpha reevaluating
ChatterBot X-ray reevaluating
ChatterBot Quebec reevaluating
2024-10-14 21:16:50.549226 Zulu: No
2024-10-14 21:16:50.549458 Mike: Yes
2024-10-14 21:16:50.549842 Victor: Yes
2024-10-14 21:16:50.550175 Tango: Yes
2024-10-14 21:16:50.550376 Alpha: Yes
2024-10-14 21:16:50.550563 X-ray: Yes
2024-10-14 21:16:50.550825 Quebec: No
2024-10-14 21:16:50.551126 November: Yes
ChatterBot Mike reevaluating
ChatterBot Victor reevaluating
ChatterBot Tango reevaluating
ChatterBot Alpha reevaluating
ChatterBot X-ray reevaluating
ChatterBot Quebec reevaluating
ChatterBot Zulu reevaluating
ChatterBot Hotel reevaluating
ChatterBot Victor reevaluating
ChatterBot Tango reevaluating
ChatterBot Alpha reevaluating
ChatterBot X-ray reevaluating
ChatterBot Quebec reevaluating
ChatterBot Zulu reevaluating
ChatterBot Hotel reevaluating
ChatterBot Mike reevaluating
ChatterBot Tango reevaluating
