ChatterBot Victor round 1
ChatterBot Alpha round 1
ChatterBot Kilo round 1
ChatterBot Romeo round 1
ChatterBot Golf round 1
ChatterBot November round 1
ChatterBot Bravo round 1
ChatterBot Whiskey round 1
ChatterBot Zulu round 1
ChatterBot Juliett round 1
randomSelections November: {November, Whiskey, Alpha, Zulu, Juliett, Victor} 
2024-10-14 21:16:38.067952 November: Friends?
ChatterBot Whiskey reevaluating
ChatterBot Alpha reevaluating
ChatterBot Zulu reevaluating
ChatterBot Juliett reevaluating
ChatterBot Victor reevaluating
2024-10-14 21:16:38.082559 Whiskey: Yes
2024-10-14 21:16:38.082750 Alpha: Yes
2024-10-14 21:16:38.082876 Zulu: Yes
2024-10-14 21:16:38.083619 Juliett: Yes
2024-10-14 21:16:38.083779 Victor: Yes
ChatterBot Alpha reevaluating
ChatterBot Zulu reevaluating
ChatterBot Juliett reevaluating
ChatterBot Victor reevaluating
ChatterBot Whiskey reevaluating
ChatterBot Zulu reevaluating
ChatterBot Juliett reevaluating
ChatterBot Victor reevaluating
ChatterBot Whiskey reevaluating
ChatterBot Alpha reevaluating
ChatterBot Juliett reevaluating
ChatterBot Victor reevaluating
ChatterBot Whiskey reevaluating
ChatterBot Alpha reevaluating
ChatterBot Zulu reevaluating
ChatterBot Victor reevaluating
ChatterBot Whiskey reevaluating
ChatterBot Alpha reevaluating
ChatterBot Zulu reevaluating
ChatterBot Juliett reevaluating
randomSelections Golf: {Golf, Bravo, Zulu, Kilo, November, Romeo, Juliett} 
2024-10-14 21:16:38.134232 Golf: We would work well together
ChatterBot Bravo reevaluating
ChatterBot Zulu reevaluating
ChatterBot Kilo reevaluating
ChatterBot Romeo reevaluating
ChatterBot Juliett reevaluating
2024-10-14 21:16:38.143734 Bravo: Yes
2024-10-14 21:16:38.143856 Zulu: No
2024-10-14 21:16:38.144011 Kilo: Yes
2024-10-14 21:16:38.144124 November: No
2024-10-14 21:16:38.144251 Romeo: Yes
2024-10-14 21:16:38.144349 Juliett: No
ChatterBot Zulu reevaluating
ChatterBot Kilo reevaluating
ChatterBot Romeo reevaluating
ChatterBot Juliett reevaluating
ChatterBot Bravo reevaluating
ChatterBot Kilo reevaluating
ChatterBot Romeo reevaluating
ChatterBot Juliett reevaluating
ChatterBot Bravo reevaluating
ChatterBot Zulu reevaluating
ChatterBot Romeo reevaluating
ChatterBot Juliett reevaluating
ChatterBot Bravo reevaluating
ChatterBot Zulu reevaluating
ChatterBot Kilo reevaluating
ChatterBot Romeo reevaluating
ChatterBot Juliett reevaluating
ChatterBot Bravo reevaluating
ChatterBot Zulu reevaluating
ChatterBot Kilo reevaluating
ChatterBot Juliett reevaluating
ChatterBot Bravo reevaluating
ChatterBot Zulu reevaluating
ChatterBot Kilo reevaluating
ChatterBot Romeo reevaluating
2024-10-14 21:16:38.221131 Whiskey: Alpha and November, sending you 2
2024-10-14 21:16:38.222874 November: Victor, Whiskey and Juliett, sending you 2
2024-10-14 21:16:38.223712 Whiskey: Zulu, sending you 4
2024-10-14 21:16:38.226436 Alpha: Victor and Zulu, sending you 3
2024-10-14 21:16:38.226900 Juliett: Victor, sending you 6
2024-10-14 21:16:38.228189 November: Alpha, sending you 7
2024-10-14 21:16:38.228648 Victor: Alpha, sending you 1
2024-10-14 21:16:38.229082 Whiskey: Juliett, sending you 7
2024-10-14 21:16:38.230398 Alpha: November, sending you 1
2024-10-14 21:16:38.230907 November: Zulu, sending you 3
2024-10-14 21:16:38.232119 Juliett: Alpha, sending you 1
2024-10-14 21:16:38.232682 Victor: November and Whiskey, sending you 6
2024-10-14 21:16:38.233864 Kilo: Romeo and November, sending you 2
2024-10-14 21:16:38.234417 Zulu: Victor, Alpha, November, Whiskey and Juliett, sending you 3
2024-10-14 21:16:38.235714 Golf: Kilo, November and Zulu, sending you 1
2024-10-14 21:16:38.236347 Alpha: Whiskey, sending you 4
2024-10-14 21:16:38.237556 Juliett: November and Whiskey, sending you 4
2024-10-14 21:16:38.238037 Bravo: Kilo and Juliett, sending you 2
2024-10-14 21:16:38.238505 Victor: Zulu, sending you 5
2024-10-14 21:16:38.239892 Kilo: Golf, sending you 3
2024-10-14 21:16:38.240382 Romeo: Kilo, sending you 2
2024-10-14 21:16:38.240875 Golf: Romeo, sending you 2
2024-10-14 21:16:38.242012 Juliett: Zulu, sending you 3
2024-10-14 21:16:38.242483 Bravo: Romeo and Zulu, sending you 1
2024-10-14 21:16:38.243578 Alpha: Juliett, sending you 5
2024-10-14 21:16:38.244218 Kilo: Bravo, sending you 4
2024-10-14 21:16:38.245517 Romeo: Golf, Bravo, Zulu and Juliett, sending you 3
2024-10-14 21:16:38.245977 Golf: Bravo, sending you 4
2024-10-14 21:16:38.246935 Bravo: November, sending you 3
2024-10-14 21:16:38.262350 Kilo: Zulu, sending you 1
2024-10-14 21:16:38.262997 Romeo: November, sending you 4
2024-10-14 21:16:38.264071 Golf: Juliett, sending you 3
chatterbot Romeo submitting transactions
chatterbot Zulu submitting transactions
chatterbot November submitting transactions
chatterbot Alpha submitting transactions
chatterbot Kilo submitting transactions
chatterbot Whiskey submitting transactions
chatterbot Victor submitting transactions
chatterbot Golf submitting transactions
chatterbot Bravo submitting transactions
chatterbot Juliett submitting transactions
ChatterBot Victor round 2
ChatterBot Alpha round 2
ChatterBot Kilo round 2
ChatterBot Romeo round 2
ChatterBot Golf round 2
ChatterBot November round 2
ChatterBot Bravo round 2
ChatterBot Whiskey round 2
ChatterBot Zulu round 2
2024-10-14 21:16:39.548942 Golf: Can we be friends?
ChatterBot Kilo reevaluating
ChatterBot Romeo reevaluating
ChatterBot Bravo reevaluating
2024-10-14 21:16:39.564405 Kilo: Yes
2024-10-14 21:16:39.565113 Romeo: Yes
2024-10-14 21:16:39.565348 Bravo: Yes
ChatterBot Romeo reevaluating
ChatterBot Bravo reevaluating
ChatterBot Kilo reevaluating
ChatterBot Bravo reevaluating
ChatterBot Kilo reevaluating
ChatterBot Romeo reevaluating
2024-10-14 21:16:39.607546 Romeo: Can we be friends?
ChatterBot Kilo reevaluating
ChatterBot Bravo reevaluating
2024-10-14 21:16:39.623056 Golf: Yes
2024-10-14 21:16:39.623246 Kilo: Yes
2024-10-14 21:16:39.623832 Bravo: Yes
ChatterBot Kilo reevaluating
ChatterBot Romeo reevaluating
ChatterBot Bravo reevaluating
ChatterBot Romeo reevaluating
ChatterBot Bravo reevaluating
ChatterBot Kilo reevaluating
ChatterBot Romeo reevaluating
ChatterBot Juliett round 2
2024-10-14 21:16:39.682800 November: We would work well together
ChatterBot Whiskey reevaluating
ChatterBot Zulu reevaluating
ChatterBot Juliett reevaluating
ChatterBot Kilo reevaluating
ChatterBot Romeo reevaluating
ChatterBot Bravo reevaluating
2024-10-14 21:16:39.722805 Victor: No
2024-10-14 21:16:39.723015 Alpha: No
2024-10-14 21:16:39.723130 Whiskey: No
2024-10-14 21:16:39.723250 Zulu: No
2024-10-14 21:16:39.723759 Juliett: No
2024-10-14 21:16:39.723866 Kilo: No
2024-10-14 21:16:39.723962 Romeo: No
2024-10-14 21:16:39.724060 Golf: No
2024-10-14 21:16:39.724158 Bravo: No
ChatterBot Whiskey reevaluating
ChatterBot Zulu reevaluating
ChatterBot Juliett reevaluating
ChatterBot Kilo reevaluating
ChatterBot Romeo reevaluating
ChatterBot Bravo reevaluating
ChatterBot November reevaluating
ChatterBot Whiskey reevaluating
ChatterBot Zulu reevaluating
ChatterBot Juliett reevaluating
ChatterBot Kilo reevaluating
ChatterBot Romeo reevaluating
ChatterBot Bravo reevaluating
ChatterBot November reevaluating
ChatterBot Zulu reevaluating
ChatterBot Juliett reevaluating
ChatterBot Kilo reevaluating
ChatterBot Romeo reevaluating
ChatterBot Bravo reevaluating
ChatterBot November reevaluating
ChatterBot Whiskey reevaluating
ChatterBot Juliett reevaluating
ChatterBot Kilo reevaluating
ChatterBot Romeo reevaluating
ChatterBot Bravo reevaluating
ChatterBot November reevaluating
ChatterBot Whiskey reevaluating
ChatterBot Zulu reevaluating
ChatterBot Kilo reevaluating
ChatterBot Romeo reevaluating
ChatterBot Bravo reevaluating
ChatterBot November reevaluating
ChatterBot Whiskey reevaluating
ChatterBot Zulu reevaluating
ChatterBot Juliett reevaluating
ChatterBot Romeo reevaluating
ChatterBot Bravo reevaluating
ChatterBot November reevaluating
ChatterBot Whiskey reevaluating
ChatterBot Zulu reevaluating
ChatterBot Juliett reevaluating
ChatterBot Kilo reevaluating
ChatterBot Bravo reevaluating
ChatterBot November reevaluating
ChatterBot Whiskey reevaluating
ChatterBot Zulu reevaluating
ChatterBot Juliett reevaluating
ChatterBot Kilo reevaluating
ChatterBot Romeo reevaluating
ChatterBot Bravo reevaluating
ChatterBot November reevaluating
ChatterBot Whiskey reevaluating
ChatterBot Zulu reevaluating
ChatterBot Juliett reevaluating
ChatterBot Kilo reevaluating
ChatterBot Romeo reevaluating
2024-10-14 21:16:40.007957 November: Bravo we want you to join our group
2024-10-14 21:16:40.012495 Bravo: No
ChatterBot November reevaluating
2024-10-14 21:16:40.571070 Victor: Alpha and Zulu, sending you 4
2024-10-14 21:16:40.572336 Alpha: Victor, Whiskey and Zulu, sending you 3
2024-10-14 21:16:40.572802 Golf: Kilo and Romeo, sending you 6
2024-10-14 21:16:40.573657 Kilo: Sending you each 4
chatterbot Victor submitting transactions
chatterbot Alpha submitting transactions
2024-10-14 21:16:40.752459 Victor: November, sending you 3
2024-10-14 21:16:40.752952 Golf: Bravo, sending you 3
2024-10-14 21:16:40.753811 Bravo: Sending you each 3
2024-10-14 21:16:40.754101 Alpha: November, sending you 5
2024-10-14 21:16:40.754431 Juliett: Victor, sending you 2
2024-10-14 21:16:40.754783 Whiskey: Victor, sending you 5
2024-10-14 21:16:40.755101 Romeo: Kilo and Golf, sending you 7
2024-10-14 21:16:40.755379 Zulu: Same as last round
2024-10-14 21:16:40.885350 Victor: Whiskey, sending you 2
2024-10-14 21:16:40.886182 Alpha: Juliett, sending you 2
2024-10-14 21:16:40.886504 Whiskey: Alpha, November, Zulu and Juliett, sending you 3
2024-10-14 21:16:40.886805 Romeo: Bravo, sending you 4
2024-10-14 21:16:40.887522 Juliett: Alpha, sending you 4
2024-10-14 21:16:40.887789 November: Victor, Kilo, Romeo, Bravo, Whiskey, Zulu and Juliett, sending you 2
chatterbot Zulu submitting transactions
chatterbot Bravo submitting transactions
chatterbot Golf submitting transactions
2024-10-14 21:16:40.888902 Victor: Juliett, sending you 5
2024-10-14 21:16:40.926078 November: Alpha and Golf, sending you 1
2024-10-14 21:16:40.926648 Juliett: November and Zulu, sending you 3
2024-10-14 21:16:40.970074 Juliett: Whiskey, sending you 6
chatterbot Kilo submitting transactions
chatterbot Romeo submitting transactions
chatterbot Juliett submitting transactions
chatterbot Whiskey submitting transactions
chatterbot November submitting transactions
ChatterBot Victor round 3
ChatterBot Alpha round 3
ChatterBot Kilo round 3
ChatterBot Romeo round 3
ChatterBot Golf round 3
ChatterBot November round 3
2024-10-14 21:16:41.515129 Romeo: We should add November
2024-10-14 21:16:41.523540 Golf: No
2024-10-14 21:16:41.523779 Kilo: No
2024-10-14 21:16:41.523909 Bravo: No
ChatterBot Romeo reevaluating
ChatterBot Romeo reevaluating
ChatterBot Romeo reevaluating
ChatterBot Bravo round 3
ChatterBot Whiskey round 3
ChatterBot Zulu round 3
ChatterBot Juliett round 3
2024-10-14 21:16:41.632302 Kilo: Same as last round
2024-10-14 21:16:41.632786 Alpha: Victor, Whiskey, Zulu and Juliett, sending you 3
2024-10-14 21:16:41.633726 Victor: Alpha, Whiskey, Zulu and Juliett, sending you 4
2024-10-14 21:16:41.738324 Alpha: November, sending you 4
2024-10-14 21:16:41.738992 Victor: November, sending you 2
2024-10-14 21:16:41.740012 Golf: Kilo, sending you 6
2024-10-14 21:16:41.740414 November: Victor, sending you 4
2024-10-14 21:16:41.740892 Bravo: Same as last round
2024-10-14 21:16:41.741707 Whiskey: Victor, Alpha, November and Zulu, sending you 3
2024-10-14 21:16:41.742198 Romeo: Kilo, sending you 6
2024-10-14 21:16:41.794527 Golf: Romeo, sending you 7
2024-10-14 21:16:41.795325 November: Alpha, Whiskey, Zulu and Juliett, sending you 3
2024-10-14 21:16:41.795749 Whiskey: Juliett, sending you 5
2024-10-14 21:16:41.796082 Romeo: Golf, sending you 7
2024-10-14 21:16:41.796811 Zulu: Same as last round
2024-10-14 21:16:41.797145 Juliett: Victor and November, sending you 3
2024-10-14 21:16:41.847932 Golf: Bravo, sending you 5
2024-10-14 21:16:41.848393 Juliett: Alpha, Whiskey and Zulu, sending you 4
2024-10-14 21:16:41.849740 Romeo: Bravo, sending you 5
chatterbot Zulu submitting transactions
chatterbot Juliett submitting transactions
chatterbot Bravo submitting transactions
chatterbot Golf submitting transactions
chatterbot Alpha submitting transactions
chatterbot November submitting transactions
chatterbot Romeo submitting transactions
chatterbot Kilo submitting transactions
chatterbot Victor submitting transactions
chatterbot Whiskey submitting transactions
ChatterBot Victor round 4
ChatterBot Alpha round 4
ChatterBot Kilo round 4
ChatterBot Romeo round 4
ChatterBot Golf round 4
ChatterBot November round 4
ChatterBot Bravo round 4
ChatterBot Whiskey round 4
ChatterBot Zulu round 4
ChatterBot Juliett round 4
2024-10-14 21:16:42.944727 Kilo: Same as last round
2024-10-14 21:16:42.947657 Alpha: Victor, Whiskey, Zulu and Juliett, sending you 3
2024-10-14 21:16:42.954066 Alpha: November, sending you 4
2024-10-14 21:16:42.955870 Zulu: Same as last round
2024-10-14 21:16:42.957104 Bravo: Same as last round
2024-10-14 21:16:42.958335 November: Victor, Whiskey, Zulu and Juliett, sending you 3
2024-10-14 21:16:42.959997 Victor: Alpha, sending you 2
2024-10-14 21:16:42.961692 Golf: Kilo and Bravo, sending you 6
2024-10-14 21:16:42.962669 Romeo: Kilo, sending you 6
2024-10-14 21:16:42.963863 November: Alpha, sending you 4
2024-10-14 21:16:42.964727 Victor: November, Whiskey, Zulu and Juliett, sending you 4
2024-10-14 21:16:42.965922 Whiskey: Victor, Alpha, November and Zulu, sending you 3
2024-10-14 21:16:42.966772 Golf: Romeo, sending you 7
2024-10-14 21:16:42.968008 Romeo: Golf, sending you 7
2024-10-14 21:16:42.969435 Juliett: Victor, Alpha and November, sending you 3
2024-10-14 21:16:42.973438 Whiskey: Juliett, sending you 5
2024-10-14 21:16:42.978919 Romeo: Bravo, sending you 5
2024-10-14 21:16:42.980060 Juliett: Whiskey, sending you 5
2024-10-14 21:16:42.985538 Juliett: Zulu, sending you 4
chatterbot Bravo submitting transactions
chatterbot Juliett submitting transactions
chatterbot Whiskey submitting transactions
chatterbot Zulu submitting transactions
chatterbot Romeo submitting transactions
chatterbot November submitting transactions
chatterbot Golf submitting transactions
chatterbot Kilo submitting transactions
chatterbot Alpha submitting transactions
chatterbot Victor submitting transactions
ChatterBot Victor round 5
ChatterBot Alpha round 5
ChatterBot Kilo round 5
ChatterBot Romeo round 5
ChatterBot Golf round 5
ChatterBot November round 5
ChatterBot Bravo round 5
ChatterBot Whiskey round 5
ChatterBot Zulu round 5
ChatterBot Juliett round 5
2024-10-14 21:16:44.178663 Kilo: Same as last round
2024-10-14 21:16:44.184041 Victor: Alpha, sending you 2
2024-10-14 21:16:44.184711 Alpha: Victor, Whiskey, Zulu and Juliett, sending you 3
2024-10-14 21:16:44.186676 Zulu: Same as last round
2024-10-14 21:16:44.187666 Alpha: November, sending you 4
2024-10-14 21:16:44.189090 Victor: November, Whiskey, Zulu and Juliett, sending you 4
2024-10-14 21:16:44.192373 Romeo: Kilo, sending you 6
2024-10-14 21:16:44.192915 Bravo: Same as last round
2024-10-14 21:16:44.193698 Golf: Kilo and Bravo, sending you 6
2024-10-14 21:16:44.194049 November: Victor, Whiskey, Zulu and Juliett, sending you 3
2024-10-14 21:16:44.194536 Whiskey: Victor, Alpha, November and Zulu, sending you 3
2024-10-14 21:16:44.195984 Juliett: Victor, sending you 4
2024-10-14 21:16:44.196678 Romeo: Golf, sending you 7
2024-10-14 21:16:44.198669 Golf: Romeo, sending you 7
2024-10-14 21:16:44.199022 November: Alpha, sending you 4
2024-10-14 21:16:44.199459 Whiskey: Juliett, sending you 5
2024-10-14 21:16:44.199936 Romeo: Bravo, sending you 5
2024-10-14 21:16:44.200695 Juliett: Alpha, November and Zulu, sending you 3
2024-10-14 21:16:44.204680 Juliett: Whiskey, sending you 5
chatterbot Juliett submitting transactions
chatterbot Victor submitting transactions
chatterbot Kilo submitting transactions
chatterbot Alpha submitting transactions
chatterbot Romeo submitting transactions
chatterbot Whiskey submitting transactions
chatterbot Bravo submitting transactions
chatterbot November submitting transactions
chatterbot Zulu submitting transactions
chatterbot Golf submitting transactions
ChatterBot Victor round 6
ChatterBot Alpha round 6
ChatterBot Kilo round 6
ChatterBot Romeo round 6
ChatterBot Golf round 6
ChatterBot November round 6
ChatterBot Bravo round 6
ChatterBot Whiskey round 6
ChatterBot Zulu round 6
ChatterBot Juliett round 6
2024-10-14 21:16:45.386689 Bravo: Kilo and Golf, sending you 3
2024-10-14 21:16:45.387692 Kilo: Same as last round
2024-10-14 21:16:45.388902 Victor: Alpha, sending you 2
2024-10-14 21:16:45.390257 Romeo: Kilo, sending you 6
2024-10-14 21:16:45.390819 Alpha: Victor, Whiskey, Zulu and Juliett, sending you 3
2024-10-14 21:16:45.391592 Bravo: Romeo, sending you 2
2024-10-14 21:16:45.393204 November: Victor, Whiskey, Zulu and Juliett, sending you 3
2024-10-14 21:16:45.394686 Golf: Kilo and Romeo, sending you 7
2024-10-14 21:16:45.395215 Victor: November, Whiskey, Zulu and Juliett, sending you 4
2024-10-14 21:16:45.396654 Whiskey: Victor, Alpha, November and Zulu, sending you 3
2024-10-14 21:16:45.397597 Romeo: Golf, sending you 7
2024-10-14 21:16:45.398985 Alpha: November, sending you 4
2024-10-14 21:16:45.399933 November: Alpha, sending you 4
2024-10-14 21:16:45.401323 Golf: Bravo, sending you 6
2024-10-14 21:16:45.402585 Whiskey: Juliett, sending you 5
2024-10-14 21:16:45.403437 Juliett: Victor, sending you 4
2024-10-14 21:16:45.404989 Romeo: Bravo, sending you 5
2024-10-14 21:16:45.409687 Juliett: Alpha, November and Zulu, sending you 3
2024-10-14 21:16:45.411425 Zulu: Same as last round
2024-10-14 21:16:45.414667 Juliett: Whiskey, sending you 5
chatterbot Alpha submitting transactions
chatterbot Juliett submitting transactions
chatterbot Golf submitting transactions
chatterbot Kilo submitting transactions
chatterbot Victor submitting transactions
chatterbot Bravo submitting transactions
chatterbot Whiskey submitting transactions
chatterbot November submitting transactions
chatterbot Zulu submitting transactions
chatterbot Romeo submitting transactions
ChatterBot Victor round 7
ChatterBot Alpha round 7
ChatterBot Kilo round 7
ChatterBot Romeo round 7
ChatterBot Golf round 7
ChatterBot November round 7
ChatterBot Bravo round 7
ChatterBot Whiskey round 7
ChatterBot Zulu round 7
ChatterBot Juliett round 7
2024-10-14 21:16:46.521665 Victor: Alpha, sending you 2
2024-10-14 21:16:46.525659 Kilo: Same as last round
2024-10-14 21:16:46.526012 Victor: November, Whiskey, Zulu and Juliett, sending you 4
2024-10-14 21:16:46.530676 November: Victor, Alpha, Zulu and Juliett, sending you 3
2024-10-14 21:16:46.531672 Alpha: Victor, Whiskey, Zulu and Juliett, sending you 3
2024-10-14 21:16:46.532221 Romeo: Kilo, sending you 6
2024-10-14 21:16:46.533681 Golf: Kilo and Romeo, sending you 7
2024-10-14 21:16:46.534713 November: Whiskey, sending you 2
2024-10-14 21:16:46.535697 Alpha: November, sending you 4
2024-10-14 21:16:46.536228 Romeo: Golf, sending you 7
2024-10-14 21:16:46.536682 Bravo: Kilo, sending you 3
2024-10-14 21:16:46.537138 Whiskey: Victor, Alpha, November and Zulu, sending you 3
2024-10-14 21:16:46.538661 Golf: Bravo, sending you 6
2024-10-14 21:16:46.538981 Zulu: Victor, November, Whiskey and Juliett, sending you 3
2024-10-14 21:16:46.539457 Juliett: Victor, sending you 4
2024-10-14 21:16:46.539948 Romeo: Bravo, sending you 5
2024-10-14 21:16:46.541662 Bravo: Romeo and Golf, sending you 2
2024-10-14 21:16:46.542272 Zulu: Alpha, sending you 2
2024-10-14 21:16:46.542754 Whiskey: Juliett, sending you 5
2024-10-14 21:16:46.543672 Juliett: Alpha, November and Zulu, sending you 3
2024-10-14 21:16:46.547669 Juliett: Whiskey, sending you 5
chatterbot Victor submitting transactions
chatterbot Zulu submitting transactions
chatterbot Bravo submitting transactions
chatterbot Romeo submitting transactions
chatterbot Kilo submitting transactions
chatterbot Juliett submitting transactions
chatterbot Alpha submitting transactions
chatterbot November submitting transactions
chatterbot Golf submitting transactions
chatterbot Whiskey submitting transactions
ChatterBot Victor round 8
ChatterBot Alpha round 8
ChatterBot Kilo round 8
ChatterBot Romeo round 8
ChatterBot Golf round 8
ChatterBot November round 8
ChatterBot Bravo round 8
ChatterBot Whiskey round 8
ChatterBot Zulu round 8
ChatterBot Juliett round 8
2024-10-14 21:16:47.598706 Alpha: Victor, Whiskey, Zulu and Juliett, sending you 3
2024-10-14 21:16:47.603676 Alpha: November, sending you 4
2024-10-14 21:16:47.607660 Whiskey: Victor, Alpha, November and Zulu, sending you 3
2024-10-14 21:16:47.608690 Golf: Kilo and Romeo, sending you 7
2024-10-14 21:16:47.609206 Victor: Alpha, sending you 2
2024-10-14 21:16:47.610647 Whiskey: Juliett, sending you 5
2024-10-14 21:16:47.611690 Bravo: I was attacked by November
ChatterBot Golf reevaluating
ChatterBot Kilo reevaluating
ChatterBot Romeo reevaluating
2024-10-14 21:16:47.620166 Bravo: I'm keeping this round to protect myself
2024-10-14 21:16:47.620944 Bravo: Ow
2024-10-14 21:16:47.621208 Zulu: Victor, November, Whiskey and Juliett, sending you 3
2024-10-14 21:16:47.621809 Victor: November, Whiskey, Zulu and Juliett, sending you 4
2024-10-14 21:16:47.624656 Zulu: Alpha, sending you 2
2024-10-14 21:16:47.625668 November: Victor, Alpha, Zulu and Juliett, sending you 3
2024-10-14 21:16:47.626696 Juliett: Victor, sending you 4
2024-10-14 21:16:47.629695 November: Whiskey, sending you 2
2024-10-14 21:16:47.630684 Juliett: Alpha, November and Zulu, sending you 3
2024-10-14 21:16:47.634671 Juliett: Whiskey, sending you 5
2024-10-14 21:16:47.640664 Romeo: Kilo, sending you 6
2024-10-14 21:16:47.643645 Romeo: Golf, sending you 7
2024-10-14 21:16:47.644674 Kilo: Same as last round
2024-10-14 21:16:47.648655 Romeo: Bravo, sending you 5
chatterbot Alpha submitting transactions
chatterbot Golf submitting transactions
chatterbot Kilo submitting transactions
chatterbot Juliett submitting transactions
chatterbot Whiskey submitting transactions
chatterbot November submitting transactions
chatterbot Romeo submitting transactions
chatterbot Victor submitting transactions
chatterbot Zulu submitting transactions
chatterbot Bravo submitting transactions
ChatterBot Victor round 9
ChatterBot Alpha round 9
ChatterBot Kilo round 9
ChatterBot Romeo round 9
ChatterBot Golf round 9
ChatterBot November round 9
ChatterBot Bravo round 9
ChatterBot Whiskey round 9
ChatterBot Zulu round 9
ChatterBot Juliett round 9
2024-10-14 21:16:48.766702 Alpha: Victor, Whiskey, Zulu and Juliett, sending you 3
2024-10-14 21:16:48.769691 Alpha: November, sending you 4
2024-10-14 21:16:48.771053 Bravo: I was attacked by November
ChatterBot Golf reevaluating
ChatterBot Kilo reevaluating
ChatterBot Romeo reevaluating
2024-10-14 21:16:48.778988 Bravo: I'm keeping this round to protect myself
2024-10-14 21:16:48.779788 Bravo: Ow
2024-10-14 21:16:48.780051 Victor: Alpha, sending you 2
2024-10-14 21:16:48.780633 November: Victor, Alpha, Zulu and Juliett, sending you 3
2024-10-14 21:16:48.784699 Victor: November, Whiskey, Zulu and Juliett, sending you 4
2024-10-14 21:16:48.785721 November: Whiskey, sending you 2
2024-10-14 21:16:48.786311 Zulu: Victor, November, Whiskey and Juliett, sending you 3
2024-10-14 21:16:48.786854 Juliett: Victor, sending you 4
2024-10-14 21:16:48.787950 Whiskey: Victor, Alpha, November and Zulu, sending you 3
2024-10-14 21:16:48.790676 Zulu: Alpha, sending you 1
2024-10-14 21:16:48.791580 Whiskey: Juliett, sending you 5
2024-10-14 21:16:48.793170 Juliett: Alpha, November and Zulu, sending you 3
2024-10-14 21:16:48.796698 Juliett: Whiskey, sending you 5
2024-10-14 21:16:48.803694 Kilo: Same as last round
2024-10-14 21:16:48.805661 Golf: Kilo, sending you 7
2024-10-14 21:16:48.808652 Golf: Romeo, sending you 8
2024-10-14 21:16:48.812677 Golf: Bravo, sending you 5
chatterbot Whiskey submitting transactions
chatterbot Victor submitting transactions
chatterbot Juliett submitting transactions
chatterbot Bravo submitting transactions
chatterbot Golf submitting transactions
chatterbot Kilo submitting transactions
chatterbot Romeo submitting transactions
chatterbot November submitting transactions
chatterbot Alpha submitting transactions
chatterbot Zulu submitting transactions
ChatterBot Victor round 10
ChatterBot Alpha round 10
ChatterBot Kilo round 10
ChatterBot Romeo round 10
ChatterBot Golf round 10
ChatterBot November round 10
ChatterBot Bravo round 10
ChatterBot Whiskey round 10
ChatterBot Zulu round 10
ChatterBot Juliett round 10
2024-10-14 21:16:50.035327 Romeo: We should add Alpha
2024-10-14 21:16:50.041796 Golf: No
2024-10-14 21:16:50.041959 Kilo: No
2024-10-14 21:16:50.042078 Bravo: No
ChatterBot Romeo reevaluating
ChatterBot Romeo reevaluating
ChatterBot Romeo reevaluating
2024-10-14 21:16:50.068773 November: We should add Bravo
2024-10-14 21:16:50.079221 Whiskey: No
2024-10-14 21:16:50.079408 Alpha: No
2024-10-14 21:16:50.079542 Zulu: No
2024-10-14 21:16:50.080042 Juliett: No
2024-10-14 21:16:50.080231 Victor: No
ChatterBot November reevaluating
ChatterBot November reevaluating
ChatterBot November reevaluating
ChatterBot November reevaluating
ChatterBot November reevaluating
2024-10-14 21:16:50.145295 Romeo: We should add November
2024-10-14 21:16:50.153740 Golf: No
2024-10-14 21:16:50.153978 Kilo: No
2024-10-14 21:16:50.154132 Bravo: No
ChatterBot Romeo reevaluating
ChatterBot Romeo reevaluating
ChatterBot Romeo reevaluating
2024-10-14 21:16:50.183651 Victor: Alpha, sending you 2
2024-10-14 21:16:50.184689 Alpha: Victor, Whiskey, Zulu and Juliett, sending you 3
2024-10-14 21:16:50.186685 Victor: November, Whiskey, Zulu and Juliett, sending you 4
2024-10-14 21:16:50.187700 Bravo: I was attacked by November
ChatterBot Golf reevaluating
ChatterBot Kilo reevaluating
ChatterBot Romeo reevaluating
2024-10-14 21:16:50.200486 Bravo: I'm keeping this round to protect myself
2024-10-14 21:16:50.201589 Bravo: Ow
2024-10-14 21:16:50.202027 Romeo: We should add Juliett
ChatterBot Golf reevaluating
ChatterBot Kilo reevaluating
2024-10-14 21:16:50.213885 Golf: No
2024-10-14 21:16:50.214138 Kilo: No
2024-10-14 21:16:50.214341 Bravo: No
ChatterBot Kilo reevaluating
ChatterBot Romeo reevaluating
ChatterBot Golf reevaluating
ChatterBot Romeo reevaluating
ChatterBot Golf reevaluating
ChatterBot Kilo reevaluating
ChatterBot Romeo reevaluating
2024-10-14 21:16:50.247993 Alpha: November, sending you 4
2024-10-14 21:16:50.251710 Whiskey: Victor, Alpha, November and Zulu, sending you 3
2024-10-14 21:16:50.253256 November: Victor, Whiskey, Zulu and Juliett, sending you 3
2024-10-14 21:16:50.254225 Zulu: Victor, November, Whiskey and Juliett, sending you 3
2024-10-14 21:16:50.255159 Juliett: Victor, sending you 4
2024-10-14 21:16:50.256106 Whiskey: Juliett, sending you 5
2024-10-14 21:16:50.257148 Romeo: November we want you to join our group
ChatterBot November reevaluating
2024-10-14 21:16:50.262213 November: No
ChatterBot Romeo reevaluating
ChatterBot Golf reevaluating
2024-10-14 21:16:50.280474 November: We should add Kilo
2024-10-14 21:16:50.280952 Romeo: We should add Victor
ChatterBot Golf reevaluating
2024-10-14 21:16:50.317518 Whiskey: No
2024-10-14 21:16:50.317798 Alpha: No
2024-10-14 21:16:50.318081 Zulu: No
2024-10-14 21:16:50.318344 Juliett: No
2024-10-14 21:16:50.318595 Victor: No
2024-10-14 21:16:50.318869 Golf: No
2024-10-14 21:16:50.319099 Kilo: No
2024-10-14 21:16:50.319315 Bravo: No
ChatterBot November reevaluating
ChatterBot Romeo reevaluating
ChatterBot November reevaluating
ChatterBot Golf reevaluating
ChatterBot Romeo reevaluating
ChatterBot November reevaluating
ChatterBot Golf reevaluating
ChatterBot Romeo reevaluating
ChatterBot November reevaluating
ChatterBot November reevaluating
2024-10-14 21:16:50.545168 Zulu: Alpha, sending you 2
2024-10-14 21:16:50.546212 Juliett: Alpha, November and Zulu, sending you 3
2024-10-14 21:16:50.550658 Juliett: Whiskey, sending you 5
2024-10-14 21:16:50.553113 Kilo: Romeo, sending you 4
2024-10-14 21:16:50.556679 Kilo: Golf, sending you 5
2024-10-14 21:16:50.560877 Kilo: Bravo, sending you 3
2024-10-14 21:16:50.572823 November: Victor, Alpha, Whiskey, Zulu and Juliett, sending you 3
2024-10-14 21:16:50.576747 November: Golf, sending you 1
chatterbot Zulu submitting transactions
chatterbot Romeo submitting transactions
chatterbot Bravo submitting transactions
chatterbot Golf submitting transactions
chatterbot Victor submitting transactions
chatterbot Whiskey submitting transactions
chatterbot Juliett submitting transactions
chatterbot November submitting transactions
chatterbot Alpha submitting transactions
chatterbot Kilo submitting transactions
ChatterBot Victor round 11
ChatterBot Alpha round 11
ChatterBot Kilo round 11
ChatterBot Romeo round 11
ChatterBot Golf round 11
ChatterBot November round 11
ChatterBot Bravo round 11
ChatterBot Whiskey round 11
ChatterBot Zulu round 11
ChatterBot Juliett round 11
2024-10-14 21:16:51.435846 Romeo: We should add November
ChatterBot Golf reevaluating
2024-10-14 21:16:51.442465 Golf: No
2024-10-14 21:16:51.442649 Kilo: No
2024-10-14 21:16:51.442817 Bravo: No
ChatterBot Romeo reevaluating
ChatterBot Golf reevaluating
ChatterBot Romeo reevaluating
ChatterBot Golf reevaluating
ChatterBot Romeo reevaluating
2024-10-14 21:16:51.469330 November: We should drop Golf
2024-10-14 21:16:51.484792 Whiskey: Yes
2024-10-14 21:16:51.485072 Alpha: Yes
2024-10-14 21:16:51.485267 Zulu: Yes
2024-10-14 21:16:51.485448 Juliett: Yes
2024-10-14 21:16:51.485639 Victor: Yes
ChatterBot November reevaluating
ChatterBot November reevaluating
ChatterBot November reevaluating
ChatterBot November reevaluating
2024-10-14 21:16:51.541658 Victor: Alpha, sending you 2
2024-10-14 21:16:51.544739 Victor: November, Whiskey, Zulu and Juliett, sending you 4
2024-10-14 21:16:51.549660 Bravo: Sending you each 1
2024-10-14 21:16:51.554658 Zulu: Victor, November, Whiskey and Juliett, sending you 3
2024-10-14 21:16:51.555488 Alpha: Victor, Whiskey, Zulu and Juliett, sending you 3
2024-10-14 21:16:51.557161 Kilo: Romeo, sending you 4
2024-10-14 21:16:51.558694 Zulu: Alpha, sending you 2
2024-10-14 21:16:51.559674 Alpha: November, sending you 4
2024-10-14 21:16:51.562140 Kilo: Golf, sending you 5
2024-10-14 21:16:51.562602 Whiskey: Victor, Alpha, November and Zulu, sending you 3
2024-10-14 21:16:51.564659 Kilo: Bravo, sending you 3
2024-10-14 21:16:51.566687 Whiskey: Juliett, sending you 5
2024-10-14 21:16:51.568679 November: Victor, sending you 4
2024-10-14 21:16:51.573668 Juliett: Victor, sending you 4
2024-10-14 21:16:51.574326 November: Alpha, Whiskey, Zulu and Juliett, sending you 3
2024-10-14 21:16:51.577665 Juliett: Alpha, November and Zulu, sending you 3
2024-10-14 21:16:51.581694 Juliett: Whiskey, sending you 5
chatterbot Golf submitting transactions
chatterbot Alpha submitting transactions
chatterbot Victor submitting transactions
chatterbot Bravo submitting transactions
chatterbot November submitting transactions
chatterbot Whiskey submitting transactions
chatterbot Juliett submitting transactions
chatterbot Romeo submitting transactions
chatterbot Zulu submitting transactions
chatterbot Kilo submitting transactions
ChatterBot Victor round 12
ChatterBot Alpha round 12
ChatterBot Kilo round 12
ChatterBot Romeo round 12
ChatterBot Golf round 12
ChatterBot November round 12
ChatterBot Bravo round 12
ChatterBot Whiskey round 12
ChatterBot Zulu round 12
ChatterBot Juliett round 12
2024-10-14 21:16:52.716687 Alpha: Victor, Whiskey, Zulu and Juliett, sending you 3
2024-10-14 21:16:52.719673 Kilo: Romeo, sending you 4
2024-10-14 21:16:52.721690 Zulu: Victor, November, Whiskey and Juliett, sending you 3
2024-10-14 21:16:52.722686 Alpha: November, sending you 4
2024-10-14 21:16:52.723488 Kilo: Golf, sending you 5
2024-10-14 21:16:52.725644 Zulu: Alpha, sending you 2
2024-10-14 21:16:52.726667 Whiskey: Victor, Alpha, November and Zulu, sending you 3
2024-10-14 21:16:52.727484 November: Victor, sending you 4
2024-10-14 21:16:52.728728 Kilo: Bravo, sending you 3
2024-10-14 21:16:52.729686 Bravo: Kilo, sending you 2
2024-10-14 21:16:52.730700 Juliett: Victor, sending you 4
2024-10-14 21:16:52.731681 Whiskey: Juliett, sending you 5
2024-10-14 21:16:52.733690 November: Alpha, Whiskey, Zulu and Juliett, sending you 3
2024-10-14 21:16:52.734561 Victor: Alpha, sending you 2
2024-10-14 21:16:52.736006 Bravo: Romeo and Golf, sending you 1
2024-10-14 21:16:52.736524 Juliett: Alpha, November and Zulu, sending you 3
2024-10-14 21:16:52.740670 Victor: November, Whiskey, Zulu and Juliett, sending you 4
2024-10-14 21:16:52.742693 Juliett: Whiskey, sending you 5
chatterbot Golf submitting transactions
chatterbot Victor submitting transactions
chatterbot Whiskey submitting transactions
chatterbot Bravo submitting transactions
chatterbot Kilo submitting transactions
chatterbot Romeo submitting transactions
chatterbot Alpha submitting transactions
chatterbot Juliett submitting transactions
chatterbot November submitting transactions
chatterbot Zulu submitting transactions
ChatterBot Victor round 13
ChatterBot Alpha round 13
ChatterBot Kilo round 13
ChatterBot Romeo round 13
ChatterBot Golf round 13
ChatterBot November round 13
ChatterBot Bravo round 13
ChatterBot Whiskey round 13
ChatterBot Zulu round 13
ChatterBot Juliett round 13
2024-10-14 21:16:53.869309 Romeo: We should add Whiskey
ChatterBot Golf reevaluating
2024-10-14 21:16:53.877050 Golf: No
2024-10-14 21:16:53.877227 Kilo: No
2024-10-14 21:16:53.877371 Bravo: No
ChatterBot Romeo reevaluating
ChatterBot Golf reevaluating
ChatterBot Romeo reevaluating
ChatterBot Golf reevaluating
ChatterBot Romeo reevaluating
2024-10-14 21:16:53.911668 Victor: Alpha, sending you 2
2024-10-14 21:16:53.917030 Victor: November, Whiskey, Zulu and Juliett, sending you 4
2024-10-14 21:16:53.921932 Bravo: Kilo, sending you 2
2024-10-14 21:16:53.923650 Kilo: Romeo, sending you 4
2024-10-14 21:16:53.924686 November: Victor, Alpha, Whiskey and Zulu, sending you 3
2024-10-14 21:16:53.925728 Bravo: Romeo and Golf, sending you 1
2024-10-14 21:16:53.928655 Kilo: Golf, sending you 5
2024-10-14 21:16:53.929142 November: Juliett, sending you 2
2024-10-14 21:16:53.930225 Alpha: Victor, Whiskey, Zulu and Juliett, sending you 3
2024-10-14 21:16:53.931508 Zulu: Victor, November, Whiskey and Juliett, sending you 3
2024-10-14 21:16:53.932772 Juliett: Victor, sending you 4
2024-10-14 21:16:53.933646 Kilo: Bravo, sending you 3
2024-10-14 21:16:53.935962 Alpha: November, sending you 4
2024-10-14 21:16:53.937665 Zulu: Alpha, sending you 2
2024-10-14 21:16:53.938660 Whiskey: Victor, Alpha, November and Zulu, sending you 3
2024-10-14 21:16:53.939661 Juliett: Alpha, November and Zulu, sending you 3
2024-10-14 21:16:53.943697 Whiskey: Juliett, sending you 5
2024-10-14 21:16:53.944495 Juliett: Whiskey, sending you 5
chatterbot Golf submitting transactions
chatterbot November submitting transactions
chatterbot Whiskey submitting transactions
chatterbot Romeo submitting transactions
chatterbot Alpha submitting transactions
chatterbot Bravo submitting transactions
chatterbot Victor submitting transactions
chatterbot Kilo submitting transactions
chatterbot Juliett submitting transactions
chatterbot Zulu submitting transactions
ChatterBot Victor round 14
ChatterBot Alpha round 14
ChatterBot Kilo round 14
ChatterBot Romeo round 14
ChatterBot Golf round 14
ChatterBot November round 14
ChatterBot Bravo round 14
ChatterBot Whiskey round 14
ChatterBot Zulu round 14
2024-10-14 21:16:55.196164 Romeo: We should add November
ChatterBot Golf reevaluating
2024-10-14 21:16:55.203763 Golf: No
2024-10-14 21:16:55.203942 Kilo: No
2024-10-14 21:16:55.204079 Bravo: No
ChatterBot Romeo reevaluating
ChatterBot Golf reevaluating
ChatterBot Romeo reevaluating
ChatterBot Golf reevaluating
ChatterBot Romeo reevaluating
ChatterBot Juliett round 14
2024-10-14 21:16:55.243677 Kilo: Sending you each 4
2024-10-14 21:16:55.245684 Bravo: I was attacked by November
ChatterBot Golf reevaluating
ChatterBot Kilo reevaluating
ChatterBot Romeo reevaluating
2024-10-14 21:16:55.253162 Bravo: I'm keeping this round to protect myself
2024-10-14 21:16:55.253877 Bravo: Ow
2024-10-14 21:16:55.256671 Victor: Alpha, sending you 2
2024-10-14 21:16:55.257831 Alpha: Victor, Whiskey, Zulu and Juliett, sending you 3
2024-10-14 21:16:55.258985 November: Victor, Alpha, Whiskey and Zulu, sending you 3
2024-10-14 21:16:55.259777 Zulu: Victor, November, Whiskey and Juliett, sending you 3
2024-10-14 21:16:55.260689 Victor: November, Whiskey, Zulu and Juliett, sending you 4
2024-10-14 21:16:55.261751 Alpha: November, sending you 4
2024-10-14 21:16:55.263696 Zulu: Alpha, sending you 1
2024-10-14 21:16:55.264759 November: Juliett, sending you 2
2024-10-14 21:16:55.265694 Whiskey: Victor, Alpha, November and Zulu, sending you 3
2024-10-14 21:16:55.269667 Juliett: Victor, sending you 4
2024-10-14 21:16:55.270484 Whiskey: Juliett, sending you 5
2024-10-14 21:16:55.272690 Juliett: Alpha, November and Zulu, sending you 3
2024-10-14 21:16:55.276672 Juliett: Whiskey, sending you 5
chatterbot November submitting transactions
chatterbot Whiskey submitting transactions
chatterbot Golf submitting transactions
chatterbot Kilo submitting transactions
chatterbot Juliett submitting transactions
chatterbot Victor submitting transactions
chatterbot Zulu submitting transactions
chatterbot Alpha submitting transactions
chatterbot Bravo submitting transactions
chatterbot Romeo submitting transactions
ChatterBot Victor round 15
ChatterBot Alpha round 15
ChatterBot Kilo round 15
ChatterBot Romeo round 15
ChatterBot Golf round 15
ChatterBot November round 15
ChatterBot Bravo round 15
ChatterBot Whiskey round 15
ChatterBot Zulu round 15
ChatterBot Juliett round 15
2024-10-14 21:16:56.322666 Kilo: Romeo, sending you 4
2024-10-14 21:16:56.327696 Kilo: Golf, sending you 5
2024-10-14 21:16:56.329415 Victor: Alpha, sending you 2
2024-10-14 21:16:56.330673 November: Victor, sending you 4
2024-10-14 21:16:56.332653 Victor: November, Whiskey, Zulu and Juliett, sending you 4
2024-10-14 21:16:56.334154 Kilo: Bravo, sending you 3
2024-10-14 21:16:56.334663 Alpha: Victor, Whiskey, Zulu and Juliett, sending you 3
2024-10-14 21:16:56.335435 Bravo: I was attacked by November
ChatterBot Golf reevaluating
ChatterBot Kilo reevaluating
ChatterBot Romeo reevaluating
2024-10-14 21:16:56.344690 Bravo: I'm keeping this round to protect myself
2024-10-14 21:16:56.345920 Bravo: Ow
2024-10-14 21:16:56.346232 Romeo: We should add Alpha
ChatterBot Golf reevaluating
ChatterBot Kilo reevaluating
2024-10-14 21:16:56.354146 Golf: No
2024-10-14 21:16:56.354324 Kilo: No
2024-10-14 21:16:56.354453 Bravo: No
ChatterBot Kilo reevaluating
ChatterBot Romeo reevaluating
ChatterBot Golf reevaluating
ChatterBot Romeo reevaluating
ChatterBot Golf reevaluating
ChatterBot Kilo reevaluating
ChatterBot Romeo reevaluating
2024-10-14 21:16:56.376867 Whiskey: Victor, Alpha, November and Zulu, sending you 3
2024-10-14 21:16:56.377735 November: Alpha, Whiskey, Zulu and Juliett, sending you 3
2024-10-14 21:16:56.378663 Alpha: November, sending you 4
2024-10-14 21:16:56.380684 Whiskey: Juliett, sending you 5
2024-10-14 21:16:56.383649 Juliett: Victor, sending you 4
2024-10-14 21:16:56.385197 Zulu: Victor, November, Whiskey and Juliett, sending you 3
2024-10-14 21:16:56.389327 Juliett: Alpha, November and Zulu, sending you 3
2024-10-14 21:16:56.391 Zulu: Alpha, sending you 2
2024-10-14 21:16:56.393661 Juliett: Whiskey, sending you 5
chatterbot Zulu submitting transactions
chatterbot Victor submitting transactions
chatterbot Alpha submitting transactions
chatterbot November submitting transactions
chatterbot Whiskey submitting transactions
chatterbot Bravo submitting transactions
chatterbot Juliett submitting transactions
chatterbot Kilo submitting transactions
chatterbot Golf submitting transactions
chatterbot Romeo submitting transactions
