ChatterBot X-ray round 1
ChatterBot Tango round 1
ChatterBot Yankee round 1
ChatterBot Victor round 1
ChatterBot Kilo round 1
ChatterBot Whiskey round 1
ChatterBot Echo round 1
ChatterBot Papa round 1
ChatterBot November round 1
ChatterBot Alpha round 1
randomSelections X-ray: {X-ray, November, Whiskey, Tango, Kilo, Yankee} 
2024-10-14 21:16:37.600581 X-ray: Friends?
ChatterBot November reevaluating
ChatterBot Whiskey reevaluating
ChatterBot Tango reevaluating
ChatterBot Kilo reevaluating
ChatterBot Yankee reevaluating
2024-10-14 21:16:37.616625 November: Yes
2024-10-14 21:16:37.616818 Whiskey: Yes
2024-10-14 21:16:37.616978 Tango: Yes
2024-10-14 21:16:37.617107 Kilo: Yes
2024-10-14 21:16:37.617262 Yankee: Yes
ChatterBot Whiskey reevaluating
ChatterBot Tango reevaluating
ChatterBot Kilo reevaluating
ChatterBot Yankee reevaluating
ChatterBot November reevaluating
ChatterBot Tango reevaluating
ChatterBot Kilo reevaluating
ChatterBot Yankee reevaluating
ChatterBot November reevaluating
ChatterBot Whiskey reevaluating
ChatterBot Kilo reevaluating
ChatterBot Yankee reevaluating
ChatterBot November reevaluating
ChatterBot Whiskey reevaluating
ChatterBot Tango reevaluating
ChatterBot Yankee reevaluating
ChatterBot November reevaluating
ChatterBot Whiskey reevaluating
ChatterBot Tango reevaluating
ChatterBot Kilo reevaluating
randomSelections Echo: {Echo, Kilo, X-ray, Alpha, November, Yankee, Papa} 
2024-10-14 21:16:37.681795 Echo: Let's form a team
ChatterBot Kilo reevaluating
ChatterBot Alpha reevaluating
ChatterBot November reevaluating
ChatterBot Yankee reevaluating
ChatterBot Papa reevaluating
2024-10-14 21:16:37.695995 Kilo: No
2024-10-14 21:16:37.696254 X-ray: No
2024-10-14 21:16:37.696405 Alpha: Yes
2024-10-14 21:16:37.696548 November: No
2024-10-14 21:16:37.696691 Yankee: No
2024-10-14 21:16:37.697340 Papa: Yes
ChatterBot Alpha reevaluating
ChatterBot November reevaluating
ChatterBot Yankee reevaluating
ChatterBot Papa reevaluating
ChatterBot Kilo reevaluating
ChatterBot Alpha reevaluating
ChatterBot November reevaluating
ChatterBot Yankee reevaluating
ChatterBot Papa reevaluating
ChatterBot Kilo reevaluating
ChatterBot November reevaluating
ChatterBot Yankee reevaluating
ChatterBot Papa reevaluating
ChatterBot Kilo reevaluating
ChatterBot Alpha reevaluating
ChatterBot Yankee reevaluating
ChatterBot Papa reevaluating
ChatterBot Kilo reevaluating
ChatterBot Alpha reevaluating
ChatterBot November reevaluating
ChatterBot Papa reevaluating
ChatterBot Kilo reevaluating
ChatterBot Alpha reevaluating
ChatterBot November reevaluating
ChatterBot Yankee reevaluating
randomSelections Victor: {Victor, X-ray, Echo, November, Tango, Whiskey} 
2024-10-14 21:16:37.873788 Victor: Friends?
ChatterBot November reevaluating
ChatterBot Tango reevaluating
ChatterBot Whiskey reevaluating
2024-10-14 21:16:37.881674 X-ray: No
2024-10-14 21:16:37.882755 Echo: No
2024-10-14 21:16:37.883388 November: No
2024-10-14 21:16:37.883743 Tango: No
2024-10-14 21:16:37.884158 Whiskey: No
ChatterBot November reevaluating
ChatterBot Tango reevaluating
ChatterBot Whiskey reevaluating
ChatterBot November reevaluating
ChatterBot Tango reevaluating
ChatterBot Whiskey reevaluating
ChatterBot Tango reevaluating
ChatterBot Whiskey reevaluating
ChatterBot November reevaluating
ChatterBot Whiskey reevaluating
ChatterBot November reevaluating
ChatterBot Tango reevaluating
2024-10-14 21:16:37.960716 Victor: X-ray, sending you 2
2024-10-14 21:16:37.962762 Papa: X-ray and Alpha, sending you 3
2024-10-14 21:16:37.964808 November: X-ray and Tango, sending you 3
2024-10-14 21:16:37.967252 Victor: Tango and Whiskey, sending you 4
2024-10-14 21:16:37.968154 X-ray: Tango, sending you 1
2024-10-14 21:16:37.969898 Whiskey: Tango, Yankee, Kilo and November, sending you 2
2024-10-14 21:16:37.970968 Papa: Yankee, sending you 5
2024-10-14 21:16:37.972769 Alpha: X-ray, Yankee and Papa, sending you 2
2024-10-14 21:16:37.973875 Kilo: Tango, sending you 3
2024-10-14 21:16:37.976014 November: Yankee, sending you 4
2024-10-14 21:16:37.977992 Echo: X-ray, Kilo, Papa and November, sending you 2
2024-10-14 21:16:37.978985 Tango: X-ray, sending you 6
2024-10-14 21:16:37.981552 Yankee: X-ray and Kilo, sending you 2
2024-10-14 21:16:37.983860 Victor: Echo, sending you 6
2024-10-14 21:16:37.984989 X-ray: Yankee and Whiskey, sending you 2
2024-10-14 21:16:37.987064 Papa: Kilo, sending you 4
2024-10-14 21:16:37.989221 Alpha: Kilo, sending you 3
2024-10-14 21:16:37.990064 Kilo: Yankee, sending you 5
2024-10-14 21:16:37.991896 November: Kilo, sending you 1
2024-10-14 21:16:37.993056 Echo: Yankee, sending you 5
2024-10-14 21:16:37.994948 Tango: Yankee and Kilo, sending you 4
2024-10-14 21:16:37.996048 Yankee: Tango, sending you 1
2024-10-14 21:16:37.998044 Victor: November, sending you 1
2024-10-14 21:16:37.999533 X-ray: Kilo and November, sending you 3
2024-10-14 21:16:38.000703 Papa: Echo, sending you 2
2024-10-14 21:16:38.002474 Alpha: Echo, sending you 6
2024-10-14 21:16:38.003439 Kilo: Whiskey, sending you 2
2024-10-14 21:16:38.004685 November: Whiskey, sending you 6
2024-10-14 21:16:38.005505 Echo: Alpha, sending you 4
2024-10-14 21:16:38.007044 Tango: Whiskey, sending you 1
2024-10-14 21:16:38.007851 Yankee: Whiskey, sending you 4
2024-10-14 21:16:38.009821 Papa: November, sending you 1
2024-10-14 21:16:38.011662 Alpha: November, sending you 4
2024-10-14 21:16:38.012573 Kilo: November, sending you 6
2024-10-14 21:16:38.014104 Tango: November, sending you 2
2024-10-14 21:16:38.015024 Yankee: November, sending you 5
chatterbot Kilo submitting transactions
chatterbot Papa submitting transactions
chatterbot Yankee submitting transactions
chatterbot Alpha submitting transactions
chatterbot Victor submitting transactions
chatterbot Echo submitting transactions
chatterbot November submitting transactions
chatterbot Whiskey submitting transactions
chatterbot X-ray submitting transactions
chatterbot Tango submitting transactions
ChatterBot X-ray round 2
ChatterBot Tango round 2
ChatterBot Yankee round 2
ChatterBot Victor round 2
ChatterBot Kilo round 2
ChatterBot Whiskey round 2
ChatterBot Echo round 2
2024-10-14 21:16:39.208752 Echo: We should group up
ChatterBot Victor reevaluating
ChatterBot Papa reevaluating
ChatterBot Alpha reevaluating
2024-10-14 21:16:39.243516 Victor: Yes
2024-10-14 21:16:39.243771 Papa: No
2024-10-14 21:16:39.244424 Alpha: No
ChatterBot Papa reevaluating
ChatterBot Alpha reevaluating
ChatterBot Victor reevaluating
ChatterBot Alpha reevaluating
ChatterBot Victor reevaluating
ChatterBot Papa reevaluating
2024-10-14 21:16:39.348739 Papa: We should group up
ChatterBot Victor reevaluating
2024-10-14 21:16:39.356287 Victor: Yes
ChatterBot Papa reevaluating
ChatterBot Papa round 2
2024-10-14 21:16:39.383172 Tango: We should add Victor
ChatterBot X-ray reevaluating
ChatterBot November reevaluating
ChatterBot Whiskey reevaluating
ChatterBot Kilo reevaluating
ChatterBot Yankee reevaluating
2024-10-14 21:16:39.425136 X-ray: Yes
2024-10-14 21:16:39.425392 November: Yes
2024-10-14 21:16:39.426015 Whiskey: Yes
2024-10-14 21:16:39.426180 Kilo: No
2024-10-14 21:16:39.426339 Yankee: No
ChatterBot November reevaluating
ChatterBot Whiskey reevaluating
ChatterBot Kilo reevaluating
ChatterBot Yankee reevaluating
ChatterBot X-ray reevaluating
ChatterBot Whiskey reevaluating
ChatterBot Kilo reevaluating
ChatterBot Yankee reevaluating
ChatterBot X-ray reevaluating
ChatterBot November reevaluating
ChatterBot Kilo reevaluating
ChatterBot Yankee reevaluating
ChatterBot X-ray reevaluating
ChatterBot November reevaluating
ChatterBot Whiskey reevaluating
ChatterBot Yankee reevaluating
ChatterBot X-ray reevaluating
ChatterBot November reevaluating
ChatterBot Whiskey reevaluating
ChatterBot Kilo reevaluating
ChatterBot November round 2
ChatterBot Alpha round 2
2024-10-14 21:16:39.656984 Papa: Let's form a team
ChatterBot Victor reevaluating
ChatterBot Alpha reevaluating
ChatterBot X-ray reevaluating
2024-10-14 21:16:39.677780 Victor: No
2024-10-14 21:16:39.678032 Echo: No
2024-10-14 21:16:39.678189 Alpha: No
2024-10-14 21:16:39.678353 X-ray: Yes
ChatterBot Alpha reevaluating
ChatterBot X-ray reevaluating
ChatterBot Victor reevaluating
ChatterBot Alpha reevaluating
ChatterBot X-ray reevaluating
ChatterBot Victor reevaluating
ChatterBot X-ray reevaluating
ChatterBot Victor reevaluating
ChatterBot Alpha reevaluating
2024-10-14 21:16:39.756462 Tango: Victor we want you to join our group
2024-10-14 21:16:39.761475 Victor: No
ChatterBot X-ray reevaluating
ChatterBot Yankee reevaluating
ChatterBot Kilo reevaluating
ChatterBot Whiskey reevaluating
ChatterBot November reevaluating
2024-10-14 21:16:39.806117 X-ray: Victor we want you to join our group
ChatterBot Victor reevaluating
2024-10-14 21:16:39.812534 Victor: No
ChatterBot X-ray reevaluating
ChatterBot Kilo reevaluating
2024-10-14 21:16:39.842825 Whiskey: Victor we want you to join our group
ChatterBot Victor reevaluating
2024-10-14 21:16:39.848529 Victor: No
ChatterBot X-ray reevaluating
ChatterBot Kilo reevaluating
ChatterBot November reevaluating
2024-10-14 21:16:39.880943 November: We should add Victor
ChatterBot X-ray reevaluating
ChatterBot Kilo reevaluating
ChatterBot Yankee reevaluating
2024-10-14 21:16:39.907022 X-ray: Yes
2024-10-14 21:16:39.907198 Whiskey: Yes
2024-10-14 21:16:39.907349 Tango: Yes
2024-10-14 21:16:39.907507 Kilo: No
2024-10-14 21:16:39.908050 Yankee: No
ChatterBot November reevaluating
ChatterBot Kilo reevaluating
ChatterBot Yankee reevaluating
ChatterBot X-ray reevaluating
ChatterBot November reevaluating
ChatterBot Kilo reevaluating
ChatterBot Yankee reevaluating
ChatterBot X-ray reevaluating
ChatterBot November reevaluating
ChatterBot Kilo reevaluating
ChatterBot Yankee reevaluating
ChatterBot X-ray reevaluating
ChatterBot November reevaluating
ChatterBot Yankee reevaluating
ChatterBot X-ray reevaluating
ChatterBot November reevaluating
ChatterBot Kilo reevaluating
2024-10-14 21:16:40.040218 Echo: Victor and Papa, sending you 4
chatterbot Echo submitting transactions
2024-10-14 21:16:40.574416 Echo: Alpha, sending you 5
2024-10-14 21:16:40.575535 Tango: X-ray, Victor, Kilo, Whiskey and November, sending you 3
2024-10-14 21:16:40.576146 Papa: X-ray and Victor, sending you 2
2024-10-14 21:16:40.577326 Kilo: Papa we want you to join our group
2024-10-14 21:16:40.582331 Papa: No
ChatterBot X-ray reevaluating
ChatterBot Yankee reevaluating
chatterbot Papa submitting transactions
2024-10-14 21:16:40.617684 Papa: Echo and Alpha, sending you 7
2024-10-14 21:16:40.618961 Alpha: Victor, sending you 4
2024-10-14 21:16:40.619290 Tango: Yankee, sending you 2
chatterbot Whiskey submitting transactions
2024-10-14 21:16:40.620548 Whiskey: X-ray, Tango and Kilo, sending you 2
2024-10-14 21:16:40.620969 Victor: Echo and Papa, sending you 6
2024-10-14 21:16:40.782109 Alpha: Echo, sending you 8
2024-10-14 21:16:40.782673 Victor: Alpha, sending you 5
2024-10-14 21:16:40.783999 Whiskey: Yankee, Victor and November, sending you 3
chatterbot Tango submitting transactions
2024-10-14 21:16:40.893688 Alpha: Papa, sending you 7
2024-10-14 21:16:40.894429 Kilo: X-ray, Tango, Yankee, Whiskey and Papa, sending you 3
2024-10-14 21:16:40.894758 November: X-ray, sending you 3
chatterbot Victor submitting transactions
2024-10-14 21:16:40.928388 Yankee: X-ray, sending you 3
2024-10-14 21:16:40.929253 November: Tango and Whiskey, sending you 2
2024-10-14 21:16:40.929596 Kilo: November, sending you 2
2024-10-14 21:16:40.972774 November: Yankee, sending you 4
2024-10-14 21:16:40.973704 X-ray: Tango, sending you 3
2024-10-14 21:16:40.974121 Yankee: Tango, Kilo and November, sending you 4
2024-10-14 21:16:40.989446 November: Kilo, sending you 6
chatterbot Kilo submitting transactions
2024-10-14 21:16:40.990038 X-ray: Yankee, Victor and November, sending you 2
2024-10-14 21:16:40.990834 Yankee: Whiskey, sending you 2
chatterbot Yankee submitting transactions
2024-10-14 21:16:40.999631 X-ray: Kilo and Whiskey, sending you 1
chatterbot November submitting transactions
chatterbot X-ray submitting transactions
chatterbot Alpha submitting transactions
ChatterBot X-ray round 3
ChatterBot Tango round 3
ChatterBot Yankee round 3
ChatterBot Victor round 3
ChatterBot Kilo round 3
ChatterBot Whiskey round 3
ChatterBot Echo round 3
ChatterBot Papa round 3
ChatterBot November round 3
ChatterBot Alpha round 3
2024-10-14 21:16:41.327448 Victor: We should add X-ray
2024-10-14 21:16:41.343111 Echo: Yes
2024-10-14 21:16:41.343508 Papa: Yes
2024-10-14 21:16:41.343831 Alpha: Yes
2024-10-14 21:16:41.447084 Victor: X-ray we want you to join our group
2024-10-14 21:16:41.452520 X-ray: No
2024-10-14 21:16:41.471280 X-ray: We should drop Victor
ChatterBot Whiskey reevaluating
ChatterBot Tango reevaluating
2024-10-14 21:16:41.497217 November: Yes
2024-10-14 21:16:41.497472 Whiskey: Yes
2024-10-14 21:16:41.497647 Tango: Yes
2024-10-14 21:16:41.498226 Kilo: Yes
2024-10-14 21:16:41.498381 Yankee: Yes
ChatterBot Whiskey reevaluating
ChatterBot Tango reevaluating
ChatterBot Tango reevaluating
ChatterBot Whiskey reevaluating
ChatterBot Whiskey reevaluating
ChatterBot Tango reevaluating
ChatterBot Whiskey reevaluating
ChatterBot Tango reevaluating
2024-10-14 21:16:41.609167 Kilo: We should drop Papa
ChatterBot Whiskey reevaluating
ChatterBot Tango reevaluating
2024-10-14 21:16:41.625815 X-ray: Yes
2024-10-14 21:16:41.625965 November: Yes
2024-10-14 21:16:41.626080 Whiskey: Yes
2024-10-14 21:16:41.626200 Tango: Yes
2024-10-14 21:16:41.626321 Yankee: Yes
ChatterBot Whiskey reevaluating
ChatterBot Tango reevaluating
ChatterBot Whiskey reevaluating
ChatterBot Tango reevaluating
ChatterBot Tango reevaluating
ChatterBot Whiskey reevaluating
ChatterBot Whiskey reevaluating
ChatterBot Tango reevaluating
2024-10-14 21:16:41.779349 Yankee: X-ray, Tango and Whiskey, sending you 3
2024-10-14 21:16:41.839313 X-ray: Tango, sending you 3
2024-10-14 21:16:41.840223 Papa: X-ray, sending you 2
2024-10-14 21:16:41.840526 Victor: X-ray, sending you 4
2024-10-14 21:16:41.840777 Yankee: Kilo and November, sending you 4
2024-10-14 21:16:41.841665 Echo: Victor and Alpha, sending you 4
2024-10-14 21:16:41.841912 Kilo: X-ray, Tango, Yankee and Whiskey, sending you 3
2024-10-14 21:16:41.842259 Alpha: Victor, sending you 5
2024-10-14 21:16:41.842902 November: X-ray, Tango and Whiskey, sending you 3
chatterbot Victor submitting transactions
chatterbot Papa submitting transactions
2024-10-14 21:16:41.889051 X-ray: Yankee, Kilo, Whiskey and November, sending you 2
2024-10-14 21:16:41.889710 Papa: Victor and Echo, sending you 5
2024-10-14 21:16:41.890066 Victor: Echo and Alpha, sending you 5
2024-10-14 21:16:41.890433 Echo: Papa, sending you 5
2024-10-14 21:16:41.892098 Kilo: November, sending you 5
2024-10-14 21:16:41.892598 Alpha: Echo and Papa, sending you 7
2024-10-14 21:16:41.892940 November: Yankee and Kilo, sending you 4
2024-10-14 21:16:41.896443 Victor: Papa, sending you 3
2024-10-14 21:16:41.896912 Papa: Alpha, sending you 6
2024-10-14 21:16:41.899058 Tango: X-ray, Whiskey and November, sending you 3
2024-10-14 21:16:42.018998 Whiskey: X-ray, sending you 3
2024-10-14 21:16:42.020599 Tango: Yankee and Kilo, sending you 4
chatterbot Alpha submitting transactions
2024-10-14 21:16:42.070304 Whiskey: Tango, Yankee, Kilo and November, sending you 4
chatterbot X-ray submitting transactions
chatterbot Yankee submitting transactions
chatterbot Echo submitting transactions
chatterbot Kilo submitting transactions
chatterbot November submitting transactions
chatterbot Whiskey submitting transactions
chatterbot Tango submitting transactions
ChatterBot X-ray round 4
ChatterBot Tango round 4
ChatterBot Yankee round 4
ChatterBot Victor round 4
ChatterBot Kilo round 4
ChatterBot Whiskey round 4
ChatterBot Echo round 4
ChatterBot Papa round 4
ChatterBot November round 4
ChatterBot Alpha round 4
2024-10-14 21:16:43.140998 Tango: X-ray, Whiskey and November, sending you 3
2024-10-14 21:16:43.142361 Kilo: X-ray, Tango, Yankee and Whiskey, sending you 3
2024-10-14 21:16:43.143557 Whiskey: Sending you each 1
2024-10-14 21:16:43.144128 Alpha: Victor and Echo, sending you 6
2024-10-14 21:16:43.144938 Yankee: X-ray, Tango and Whiskey, sending you 3
2024-10-14 21:16:43.145505 November: Tango, Yankee, Kilo and Whiskey, sending you 1
2024-10-14 21:16:43.146698 Papa: Victor, sending you 5
2024-10-14 21:16:43.147153 Victor: X-ray, sending you 3
2024-10-14 21:16:43.148054 X-ray: Tango, sending you 3
2024-10-14 21:16:43.148764 Tango: Yankee and Kilo, sending you 4
2024-10-14 21:16:43.150281 Kilo: November, sending you 5
2024-10-14 21:16:43.151437 Yankee: Kilo and November, sending you 4
2024-10-14 21:16:43.152545 Alpha: Papa, sending you 7
2024-10-14 21:16:43.152943 Papa: Echo, sending you 6
2024-10-14 21:16:43.153370 X-ray: Yankee, Kilo, Whiskey and November, sending you 2
2024-10-14 21:16:43.154480 Victor: Echo and Alpha, sending you 5
2024-10-14 21:16:43.154890 Echo: Sending you each 4
2024-10-14 21:16:43.165600 Papa: Alpha, sending you 7
2024-10-14 21:16:43.166180 Victor: Papa, sending you 4
chatterbot Alpha submitting transactions
chatterbot Papa submitting transactions
chatterbot Tango submitting transactions
chatterbot Echo submitting transactions
chatterbot Yankee submitting transactions
chatterbot Whiskey submitting transactions
chatterbot Kilo submitting transactions
chatterbot November submitting transactions
chatterbot X-ray submitting transactions
chatterbot Victor submitting transactions
ChatterBot X-ray round 5
ChatterBot Tango round 5
ChatterBot Yankee round 5
ChatterBot Victor round 5
ChatterBot Kilo round 5
ChatterBot Whiskey round 5
ChatterBot Echo round 5
ChatterBot Papa round 5
ChatterBot November round 5
ChatterBot Alpha round 5
2024-10-14 21:16:44.198092 Kilo: We should add Echo
2024-10-14 21:16:44.222681 X-ray: No
2024-10-14 21:16:44.222918 November: No
2024-10-14 21:16:44.223564 Whiskey: No
2024-10-14 21:16:44.223719 Tango: No
2024-10-14 21:16:44.223853 Yankee: No
ChatterBot Kilo reevaluating
ChatterBot Kilo reevaluating
ChatterBot Kilo reevaluating
ChatterBot Kilo reevaluating
2024-10-14 21:16:44.335208 Echo: We should add X-ray
ChatterBot Alpha reevaluating
2024-10-14 21:16:44.343922 Victor: Yes
2024-10-14 21:16:44.344082 Papa: Yes
2024-10-14 21:16:44.344216 Alpha: Yes
ChatterBot Alpha reevaluating
ChatterBot Alpha reevaluating
ChatterBot Echo reevaluating
2024-10-14 21:16:44.379826 Kilo: We should add Papa
2024-10-14 21:16:44.392109 X-ray: No
2024-10-14 21:16:44.392342 November: No
2024-10-14 21:16:44.392493 Whiskey: No
2024-10-14 21:16:44.392602 Tango: No
2024-10-14 21:16:44.392721 Yankee: No
ChatterBot Kilo reevaluating
ChatterBot Kilo reevaluating
ChatterBot Kilo reevaluating
ChatterBot Kilo reevaluating
ChatterBot Kilo reevaluating
2024-10-14 21:16:44.480085 Alpha: X-ray we want you to join our group
2024-10-14 21:16:44.483620 X-ray: No
ChatterBot Echo reevaluating
ChatterBot Alpha reevaluating
2024-10-14 21:16:44.497829 Tango: X-ray, Whiskey and November, sending you 3
2024-10-14 21:16:44.499883 Victor: X-ray, sending you 1
2024-10-14 21:16:44.502126 Papa: Victor, sending you 5
2024-10-14 21:16:44.502596 X-ray: Tango, sending you 3
2024-10-14 21:16:44.503200 Kilo: Papa we want you to join our group
2024-10-14 21:16:44.506813 Papa: No
ChatterBot Kilo reevaluating
2024-10-14 21:16:44.527786 Tango: Yankee and Kilo, sending you 4
2024-10-14 21:16:44.528677 Yankee: X-ray, Whiskey and November, sending you 3
2024-10-14 21:16:44.529507 Whiskey: X-ray, sending you 3
2024-10-14 21:16:44.530780 November: X-ray, Tango and Whiskey, sending you 3
2024-10-14 21:16:44.531746 Victor: Echo, Papa and Alpha, sending you 2
2024-10-14 21:16:44.532288 Victor: I was attacked by Whiskey
ChatterBot Papa reevaluating
ChatterBot Echo reevaluating
ChatterBot Alpha reevaluating
ChatterBot X-ray reevaluating
2024-10-14 21:16:44.552817 Victor: Ow
2024-10-14 21:16:44.553947 Yankee: Tango and Kilo, sending you 4
2024-10-14 21:16:44.554654 Whiskey: Tango, Yankee, Kilo and November, sending you 4
2024-10-14 21:16:44.556168 November: Yankee and Kilo, sending you 4
2024-10-14 21:16:44.564652 Kilo: X-ray, Tango, Whiskey and November, sending you 3
2024-10-14 21:16:44.569671 Kilo: Yankee, sending you 5
2024-10-14 21:16:44.583006 Echo: Victor and Alpha, sending you 3
2024-10-14 21:16:44.587656 Echo: Papa, sending you 4
chatterbot Kilo submitting transactions
chatterbot Alpha submitting transactions
chatterbot Victor submitting transactions
chatterbot Yankee submitting transactions
chatterbot Tango submitting transactions
chatterbot Papa submitting transactions
chatterbot X-ray submitting transactions
chatterbot November submitting transactions
chatterbot Whiskey submitting transactions
chatterbot Echo submitting transactions
ChatterBot X-ray round 6
ChatterBot Tango round 6
ChatterBot Yankee round 6
ChatterBot Victor round 6
ChatterBot Kilo round 6
ChatterBot Whiskey round 6
ChatterBot Echo round 6
ChatterBot Papa round 6
ChatterBot November round 6
ChatterBot Alpha round 6
2024-10-14 21:16:45.698677 Tango: X-ray and Yankee, sending you 4
2024-10-14 21:16:45.699857 X-ray: Tango, sending you 3
2024-10-14 21:16:45.702685 X-ray: Yankee, Kilo, Whiskey and November, sending you 2
2024-10-14 21:16:45.703900 Tango: Kilo, Whiskey and November, sending you 3
2024-10-14 21:16:45.704445 Papa: Victor, sending you 5
2024-10-14 21:16:45.707101 Yankee: X-ray, Tango and Whiskey, sending you 3
2024-10-14 21:16:45.707850 Whiskey: X-ray, sending you 3
2024-10-14 21:16:45.709656 Papa: Echo, sending you 7
2024-10-14 21:16:45.711676 Whiskey: Tango, Yankee, Kilo and November, sending you 4
2024-10-14 21:16:45.712690 Yankee: Kilo and November, sending you 4
2024-10-14 21:16:45.714184 Echo: Sending you each 4
2024-10-14 21:16:45.714676 Papa: Alpha, sending you 6
2024-10-14 21:16:45.715691 November: X-ray, Tango and Whiskey, sending you 3
2024-10-14 21:16:45.717265 Kilo: X-ray, Tango and Whiskey, sending you 3
2024-10-14 21:16:45.717952 Victor: X-ray, sending you 2
2024-10-14 21:16:45.721654 November: Yankee and Kilo, sending you 4
2024-10-14 21:16:45.722347 Kilo: Yankee and November, sending you 4
2024-10-14 21:16:45.722944 Victor: Echo and Papa, sending you 5
2024-10-14 21:16:45.726708 Victor: Alpha, sending you 4
chatterbot Tango submitting transactions
chatterbot Yankee submitting transactions
chatterbot Victor submitting transactions
chatterbot Alpha submitting transactions
chatterbot November submitting transactions
chatterbot Papa submitting transactions
chatterbot Echo submitting transactions
chatterbot Whiskey submitting transactions
chatterbot Kilo submitting transactions
chatterbot X-ray submitting transactions
ChatterBot X-ray round 7
ChatterBot Tango round 7
ChatterBot Yankee round 7
ChatterBot Victor round 7
ChatterBot Kilo round 7
ChatterBot Whiskey round 7
ChatterBot Echo round 7
ChatterBot Papa round 7
ChatterBot November round 7
ChatterBot Alpha round 7
2024-10-14 21:16:46.947160 Kilo: We should add Echo
2024-10-14 21:16:46.964971 X-ray: No
2024-10-14 21:16:46.966628 November: No
2024-10-14 21:16:46.967233 Whiskey: No
2024-10-14 21:16:46.967567 Tango: No
2024-10-14 21:16:46.967793 Yankee: No
ChatterBot Kilo reevaluating
ChatterBot Kilo reevaluating
ChatterBot Kilo reevaluating
ChatterBot Kilo reevaluating
ChatterBot Kilo reevaluating
2024-10-14 21:16:47.073812 Alpha: We should add X-ray
2024-10-14 21:16:47.082204 Echo: Yes
2024-10-14 21:16:47.082395 Victor: Yes
2024-10-14 21:16:47.082512 Papa: Yes
ChatterBot Echo reevaluating
ChatterBot Echo reevaluating
ChatterBot Alpha reevaluating
2024-10-14 21:16:47.115677 Echo: X-ray we want you to join our group
2024-10-14 21:16:47.119014 X-ray: No
ChatterBot Echo reevaluating
ChatterBot Alpha reevaluating
2024-10-14 21:16:47.132921 X-ray: Tango, sending you 3
2024-10-14 21:16:47.135666 X-ray: Yankee, Kilo, Whiskey and November, sending you 2
2024-10-14 21:16:47.136440 Yankee: X-ray, Tango and Whiskey, sending you 3
2024-10-14 21:16:47.137939 Tango: X-ray and Yankee, sending you 4
2024-10-14 21:16:47.138785 Whiskey: X-ray, sending you 3
2024-10-14 21:16:47.139662 Papa: Victor, sending you 6
2024-10-14 21:16:47.140718 Victor: X-ray, sending you 3
2024-10-14 21:16:47.141676 Tango: Kilo, Whiskey and November, sending you 3
2024-10-14 21:16:47.142683 Yankee: Kilo and November, sending you 4
2024-10-14 21:16:47.144693 Whiskey: Tango, Yankee, Kilo and November, sending you 4
2024-10-14 21:16:47.145783 Victor: Echo and Papa, sending you 5
2024-10-14 21:16:47.146423 Papa: Echo, sending you 7
2024-10-14 21:16:47.147693 Kilo: X-ray, Tango and Whiskey, sending you 3
2024-10-14 21:16:47.149335 Victor: Alpha, sending you 4
2024-10-14 21:16:47.152059 Papa: Alpha, sending you 5
2024-10-14 21:16:47.152640 November: X-ray, Tango and Whiskey, sending you 3
2024-10-14 21:16:47.153629 Kilo: Yankee and November, sending you 4
2024-10-14 21:16:47.158132 November: Yankee and Kilo, sending you 4
2024-10-14 21:16:47.162689 Echo: Victor and Papa, sending you 4
2024-10-14 21:16:47.163715 Alpha: Victor and Echo, sending you 6
2024-10-14 21:16:47.165663 Echo: Alpha, sending you 5
2024-10-14 21:16:47.167670 Alpha: Papa, sending you 7
chatterbot Whiskey submitting transactions
chatterbot Tango submitting transactions
chatterbot Yankee submitting transactions
chatterbot Papa submitting transactions
chatterbot Kilo submitting transactions
chatterbot Alpha submitting transactions
chatterbot X-ray submitting transactions
chatterbot November submitting transactions
chatterbot Victor submitting transactions
chatterbot Echo submitting transactions
ChatterBot X-ray round 8
ChatterBot Tango round 8
ChatterBot Yankee round 8
ChatterBot Victor round 8
ChatterBot Kilo round 8
ChatterBot Whiskey round 8
ChatterBot Echo round 8
ChatterBot Papa round 8
ChatterBot November round 8
ChatterBot Alpha round 8
2024-10-14 21:16:48.392252 Alpha: We should add X-ray
ChatterBot Echo reevaluating
2024-10-14 21:16:48.437845 Echo: Yes
2024-10-14 21:16:48.438148 Victor: Yes
2024-10-14 21:16:48.438401 Papa: Yes
ChatterBot Alpha reevaluating
ChatterBot Echo reevaluating
ChatterBot Alpha reevaluating
ChatterBot Echo reevaluating
ChatterBot Alpha reevaluating
2024-10-14 21:16:48.529677 X-ray: Tango, sending you 3
2024-10-14 21:16:48.531861 Victor: X-ray, sending you 3
2024-10-14 21:16:48.534682 Alpha: X-ray we want you to join our group
2024-10-14 21:16:48.540815 X-ray: No
ChatterBot Echo reevaluating
ChatterBot Alpha reevaluating
2024-10-14 21:16:48.564281 X-ray: Yankee, Kilo, Whiskey and November, sending you 2
2024-10-14 21:16:48.565959 Victor: Echo and Papa, sending you 5
2024-10-14 21:16:48.567415 Yankee: X-ray, Tango and Whiskey, sending you 3
2024-10-14 21:16:48.570688 Tango: X-ray and Whiskey, sending you 4
2024-10-14 21:16:48.571875 Yankee: Kilo and November, sending you 4
2024-10-14 21:16:48.573716 Victor: Alpha, sending you 4
2024-10-14 21:16:48.574239 Kilo: X-ray, Tango and Whiskey, sending you 3
2024-10-14 21:16:48.575512 November: X-ray, Tango and Whiskey, sending you 3
2024-10-14 21:16:48.576399 Papa: Victor, sending you 5
2024-10-14 21:16:48.576959 Whiskey: X-ray, sending you 3
2024-10-14 21:16:48.577717 Tango: Yankee, Kilo and November, sending you 3
2024-10-14 21:16:48.579518 Kilo: Yankee and November, sending you 4
2024-10-14 21:16:48.581075 November: Yankee and Kilo, sending you 4
2024-10-14 21:16:48.582920 Papa: Echo, sending you 7
2024-10-14 21:16:48.583757 Whiskey: Tango, Yankee, Kilo and November, sending you 4
2024-10-14 21:16:48.586671 Papa: Alpha, sending you 6
2024-10-14 21:16:48.594687 Echo: Sending you each 4
2024-10-14 21:16:48.609657 Alpha: X-ray, sending you 2
2024-10-14 21:16:48.612677 Alpha: Victor, sending you 5
2024-10-14 21:16:48.617672 Alpha: Echo and Papa, sending you 6
chatterbot Echo submitting transactions
chatterbot Papa submitting transactions
chatterbot Alpha submitting transactions
chatterbot Kilo submitting transactions
chatterbot Whiskey submitting transactions
chatterbot November submitting transactions
chatterbot Tango submitting transactions
chatterbot Victor submitting transactions
chatterbot Yankee submitting transactions
chatterbot X-ray submitting transactions
ChatterBot X-ray round 9
ChatterBot Tango round 9
ChatterBot Yankee round 9
ChatterBot Victor round 9
ChatterBot Kilo round 9
ChatterBot Whiskey round 9
ChatterBot Echo round 9
ChatterBot Papa round 9
ChatterBot November round 9
ChatterBot Alpha round 9
2024-10-14 21:16:49.627705 Kilo: X-ray, Tango and Whiskey, sending you 3
2024-10-14 21:16:49.629456 Alpha: We should drop X-ray
2024-10-14 21:16:49.640777 Echo: Yes
2024-10-14 21:16:49.641030 Victor: Yes
2024-10-14 21:16:49.641234 Papa: Yes
ChatterBot Victor reevaluating
ChatterBot Papa reevaluating
ChatterBot Victor reevaluating
2024-10-14 21:16:49.701039 Papa: We should replace X-ray with Kilo
ChatterBot Victor reevaluating
2024-10-14 21:16:49.711292 Echo: No
2024-10-14 21:16:49.711473 Victor: No
2024-10-14 21:16:49.711625 Alpha: No
ChatterBot Victor reevaluating
ChatterBot Papa reevaluating
ChatterBot Papa reevaluating
ChatterBot Victor reevaluating
ChatterBot Papa reevaluating
2024-10-14 21:16:49.736273 Kilo: Yankee and November, sending you 4
2024-10-14 21:16:49.738078 Papa: We should replace X-ray with Yankee
2024-10-14 21:16:49.744360 Echo: No
2024-10-14 21:16:49.744493 Victor: No
2024-10-14 21:16:49.744599 Alpha: No
ChatterBot Papa reevaluating
ChatterBot Papa reevaluating
ChatterBot Papa reevaluating
2024-10-14 21:16:49.764021 Whiskey: Sending you each 1
2024-10-14 21:16:49.764784 Tango: X-ray and Whiskey, sending you 4
2024-10-14 21:16:49.765820 Yankee: X-ray, Tango and Whiskey, sending you 3
2024-10-14 21:16:49.766390 Echo: Same as last round
2024-10-14 21:16:49.766729 November: Tango, Yankee, Kilo and Whiskey, sending you 1
2024-10-14 21:16:49.767742 X-ray: Tango, sending you 3
2024-10-14 21:16:49.768776 Tango: Yankee, Kilo and November, sending you 3
2024-10-14 21:16:49.769294 Yankee: Kilo and November, sending you 4
2024-10-14 21:16:49.772144 X-ray: Yankee, Kilo, Whiskey and November, sending you 2
2024-10-14 21:16:49.773223 Alpha: Victor, sending you 5
2024-10-14 21:16:49.775810 Papa: Yankee we want you to join our group
2024-10-14 21:16:49.779834 Yankee: No
ChatterBot Papa reevaluating
2024-10-14 21:16:49.797203 Alpha: Echo and Papa, sending you 7
2024-10-14 21:16:49.800793 Papa: Kilo we want you to join our group
2024-10-14 21:16:49.806876 Kilo: No
ChatterBot Papa reevaluating
2024-10-14 21:16:49.822787 Victor: Echo and Papa, sending you 6
2024-10-14 21:16:49.826752 Victor: Alpha, sending you 5
2024-10-14 21:16:49.846664 Papa: Victor, Echo and Alpha, sending you 6
chatterbot Whiskey submitting transactions
chatterbot Victor submitting transactions
chatterbot Yankee submitting transactions
chatterbot Papa submitting transactions
chatterbot Tango submitting transactions
chatterbot November submitting transactions
chatterbot X-ray submitting transactions
chatterbot Kilo submitting transactions
chatterbot Alpha submitting transactions
chatterbot Echo submitting transactions
ChatterBot X-ray round 10
ChatterBot Tango round 10
ChatterBot Yankee round 10
ChatterBot Victor round 10
ChatterBot Kilo round 10
ChatterBot Whiskey round 10
ChatterBot Echo round 10
ChatterBot Papa round 10
ChatterBot November round 10
ChatterBot Alpha round 10
2024-10-14 21:16:50.742443 Papa: We should replace Yankee with Kilo
2024-10-14 21:16:50.750651 Echo: No
2024-10-14 21:16:50.750845 Victor: No
2024-10-14 21:16:50.750970 Alpha: No
ChatterBot Papa reevaluating
ChatterBot Papa reevaluating
ChatterBot Papa reevaluating
2024-10-14 21:16:50.791681 Papa: Kilo we want you to join our group
ChatterBot Kilo reevaluating
2024-10-14 21:16:50.798956 Kilo: No
ChatterBot Papa reevaluating
2024-10-14 21:16:50.815969 Kilo: We should add Papa
2024-10-14 21:16:50.829089 X-ray: No
2024-10-14 21:16:50.829242 November: No
2024-10-14 21:16:50.829377 Whiskey: No
2024-10-14 21:16:50.829489 Tango: No
2024-10-14 21:16:50.829603 Yankee: No
ChatterBot Kilo reevaluating
ChatterBot Kilo reevaluating
ChatterBot Kilo reevaluating
ChatterBot Kilo reevaluating
ChatterBot Kilo reevaluating
2024-10-14 21:16:50.893191 X-ray: Tango, sending you 3
2024-10-14 21:16:50.893777 Tango: X-ray, sending you 5
2024-10-14 21:16:50.897657 X-ray: Yankee, Kilo, Whiskey and November, sending you 2
2024-10-14 21:16:50.899040 Victor: Echo and Papa, sending you 6
2024-10-14 21:16:50.899686 Tango: Yankee, Kilo, Whiskey and November, sending you 3
2024-10-14 21:16:50.900458 Echo: Victor and Papa, sending you 4
2024-10-14 21:16:50.900894 Yankee: X-ray, Tango, Whiskey and November, sending you 3
2024-10-14 21:16:50.901926 Whiskey: Sending you each 4
2024-10-14 21:16:50.902704 Alpha: I was attacked by Whiskey and November
ChatterBot Echo reevaluating
ChatterBot Victor reevaluating
ChatterBot Papa reevaluating
2024-10-14 21:16:50.911668 Alpha: I'm keeping this round to protect myself
2024-10-14 21:16:50.912804 Alpha: Ow
2024-10-14 21:16:50.913168 Yankee: Kilo, sending you 5
2024-10-14 21:16:50.918664 November: X-ray, Tango and Whiskey, sending you 3
2024-10-14 21:16:50.919757 Kilo: X-ray, Tango, Whiskey and November, sending you 3
2024-10-14 21:16:50.922743 November: Yankee and Kilo, sending you 4
2024-10-14 21:16:50.923888 Kilo: Yankee, sending you 5
2024-10-14 21:16:50.942699 Papa: Victor and Echo, sending you 6
2024-10-14 21:16:50.947672 Papa: Alpha, sending you 2
chatterbot November submitting transactions
chatterbot Alpha submitting transactions
chatterbot X-ray submitting transactions
chatterbot Yankee submitting transactions
chatterbot Kilo submitting transactions
chatterbot Victor submitting transactions
chatterbot Whiskey submitting transactions
chatterbot Tango submitting transactions
chatterbot Echo submitting transactions
chatterbot Papa submitting transactions
ChatterBot X-ray round 11
ChatterBot Tango round 11
ChatterBot Yankee round 11
ChatterBot Victor round 11
ChatterBot Kilo round 11
ChatterBot Whiskey round 11
ChatterBot Echo round 11
ChatterBot Papa round 11
ChatterBot November round 11
ChatterBot Alpha round 11
2024-10-14 21:16:52.020219 Papa: We should replace Yankee with Kilo
ChatterBot Alpha reevaluating
2024-10-14 21:16:52.030125 Echo: No
2024-10-14 21:16:52.030309 Victor: No
2024-10-14 21:16:52.030460 Alpha: Yes
ChatterBot Alpha reevaluating
ChatterBot Papa reevaluating
ChatterBot Alpha reevaluating
ChatterBot Papa reevaluating
2024-10-14 21:16:52.066778 Tango: X-ray and Whiskey, sending you 4
2024-10-14 21:16:52.068192 X-ray: Tango, sending you 3
2024-10-14 21:16:52.069968 Papa: Kilo we want you to join our group
2024-10-14 21:16:52.074912 Kilo: No
ChatterBot Papa reevaluating
2024-10-14 21:16:52.089855 Tango: Yankee, Kilo and November, sending you 3
2024-10-14 21:16:52.091261 X-ray: Yankee, Kilo, Whiskey and November, sending you 2
2024-10-14 21:16:52.094704 Kilo: X-ray, Tango, Whiskey and November, sending you 3
2024-10-14 21:16:52.096516 Yankee: X-ray, Tango and Whiskey, sending you 3
2024-10-14 21:16:52.097229 November: X-ray, Tango and Whiskey, sending you 3
2024-10-14 21:16:52.098373 Victor: Echo, sending you 6
2024-10-14 21:16:52.098821 Whiskey: Same as last round
2024-10-14 21:16:52.099930 Kilo: Yankee, sending you 5
2024-10-14 21:16:52.101724 Yankee: Kilo and November, sending you 4
2024-10-14 21:16:52.102414 November: Yankee and Kilo, sending you 4
2024-10-14 21:16:52.103852 Victor: Papa, sending you 7
2024-10-14 21:16:52.104258 Echo: Victor and Papa, sending you 4
2024-10-14 21:16:52.106675 Alpha: Victor and Echo, sending you 3
2024-10-14 21:16:52.108689 Victor: Alpha, sending you 3
2024-10-14 21:16:52.109350 Echo: Alpha, sending you 1
2024-10-14 21:16:52.111699 Alpha: Papa, sending you 4
2024-10-14 21:16:52.123009 Papa: Victor, sending you 5
2024-10-14 21:16:52.126672 Papa: Kilo, sending you 3
2024-10-14 21:16:52.130663 Papa: Echo, sending you 6
2024-10-14 21:16:52.133854 Papa: Alpha, sending you 2
chatterbot Echo submitting transactions
chatterbot Victor submitting transactions
chatterbot Alpha submitting transactions
chatterbot Yankee submitting transactions
chatterbot Tango submitting transactions
chatterbot X-ray submitting transactions
chatterbot November submitting transactions
chatterbot Whiskey submitting transactions
chatterbot Kilo submitting transactions
chatterbot Papa submitting transactions
ChatterBot X-ray round 12
ChatterBot Tango round 12
ChatterBot Yankee round 12
ChatterBot Victor round 12
ChatterBot Kilo round 12
ChatterBot Whiskey round 12
ChatterBot Echo round 12
ChatterBot Papa round 12
ChatterBot November round 12
ChatterBot Alpha round 12
2024-10-14 21:16:53.254010 Papa: We should replace Kilo with Tango
2024-10-14 21:16:53.263341 Echo: No
2024-10-14 21:16:53.263524 Victor: No
2024-10-14 21:16:53.263680 Alpha: No
ChatterBot Papa reevaluating
ChatterBot Papa reevaluating
ChatterBot Papa reevaluating
2024-10-14 21:16:53.296762 Papa: We should replace Kilo with X-ray
ChatterBot Alpha reevaluating
2024-10-14 21:16:53.305313 Echo: No
2024-10-14 21:16:53.305452 Victor: No
2024-10-14 21:16:53.305566 Alpha: No
ChatterBot Papa reevaluating
ChatterBot Alpha reevaluating
ChatterBot Papa reevaluating
ChatterBot Alpha reevaluating
ChatterBot Papa reevaluating
2024-10-14 21:16:53.329756 Whiskey: Same as last round
2024-10-14 21:16:53.330556 Victor: Echo, sending you 7
2024-10-14 21:16:53.331098 X-ray: Tango, sending you 3
2024-10-14 21:16:53.333692 Victor: Papa, sending you 6
2024-10-14 21:16:53.335085 Echo: Victor, sending you 3
2024-10-14 21:16:53.335571 Kilo: X-ray, Tango, Whiskey and November, sending you 3
2024-10-14 21:16:53.336261 X-ray: Yankee, Kilo, Whiskey and November, sending you 2
2024-10-14 21:16:53.336852 Yankee: X-ray, Tango and Whiskey, sending you 3
2024-10-14 21:16:53.337443 Tango: X-ray and Whiskey, sending you 4
2024-10-14 21:16:53.338728 Victor: Alpha, sending you 3
2024-10-14 21:16:53.339401 Echo: Papa, sending you 4
2024-10-14 21:16:53.340151 Kilo: Yankee, sending you 5
2024-10-14 21:16:53.341740 Yankee: Kilo and November, sending you 4
2024-10-14 21:16:53.343899 Tango: Yankee, Kilo and November, sending you 3
2024-10-14 21:16:53.344988 Echo: Alpha, sending you 1
2024-10-14 21:16:53.345675 November: X-ray, sending you 2
2024-10-14 21:16:53.351298 Alpha: Victor and Echo, sending you 6
2024-10-14 21:16:53.351901 November: Tango, sending you 3
2024-10-14 21:16:53.354674 Alpha: Papa, sending you 7
2024-10-14 21:16:53.356880 Papa: Victor and Echo, sending you 6
2024-10-14 21:16:53.357384 November: Yankee, Kilo and Whiskey, sending you 4
2024-10-14 21:16:53.360658 Papa: Kilo, sending you 2
2024-10-14 21:16:53.364671 Papa: Alpha, sending you 3
chatterbot Alpha submitting transactions
chatterbot Whiskey submitting transactions
chatterbot Yankee submitting transactions
chatterbot X-ray submitting transactions
chatterbot Tango submitting transactions
chatterbot Echo submitting transactions
chatterbot November submitting transactions
chatterbot Kilo submitting transactions
chatterbot Victor submitting transactions
chatterbot Papa submitting transactions
ChatterBot X-ray round 13
ChatterBot Tango round 13
ChatterBot Yankee round 13
ChatterBot Victor round 13
ChatterBot Kilo round 13
ChatterBot Whiskey round 13
ChatterBot Echo round 13
ChatterBot Papa round 13
ChatterBot November round 13
ChatterBot Alpha round 13
2024-10-14 21:16:54.605646 Echo: Victor, sending you 3
2024-10-14 21:16:54.606550 X-ray: Tango, sending you 3
2024-10-14 21:16:54.608681 November: Sending you each 1
2024-10-14 21:16:54.609959 Whiskey: Same as last round
2024-10-14 21:16:54.611553 Kilo: X-ray, Tango, Whiskey and November, sending you 3
2024-10-14 21:16:54.612591 Echo: Papa, sending you 4
2024-10-14 21:16:54.613679 X-ray: Yankee, Kilo, Whiskey and November, sending you 2
2024-10-14 21:16:54.615122 Victor: Echo, sending you 6
2024-10-14 21:16:54.616224 Tango: X-ray and Whiskey, sending you 4
2024-10-14 21:16:54.617514 Papa: Victor and Echo, sending you 6
