ChatterBot Juliett round 1
ChatterBot Zulu round 1
randomSelections Zulu: {Zulu, Oscar, Juliett, X-ray, Delta, Lima, Golf} 
2024-10-14 21:16:37.590929 Zulu: Can we be friends?
ChatterBot Juliett reevaluating
2024-10-14 21:16:37.599321 Juliett: Yes
ChatterBot Delta round 1
ChatterBot Delta reevaluating
ChatterBot Delta reevaluating
2024-10-14 21:16:37.612934 Delta: Yes
ChatterBot Juliett reevaluating
ChatterBot Foxtrot round 1
ChatterBot X-ray round 1
ChatterBot X-ray reevaluating
ChatterBot X-ray reevaluating
ChatterBot X-ray reevaluating
2024-10-14 21:16:37.632466 X-ray: Yes
ChatterBot Juliett reevaluating
ChatterBot Delta reevaluating
ChatterBot Bravo round 1
ChatterBot Lima round 1
ChatterBot Lima reevaluating
ChatterBot Lima reevaluating
ChatterBot Lima reevaluating
ChatterBot Lima reevaluating
2024-10-14 21:16:37.644037 Lima: Yes
ChatterBot Juliett reevaluating
ChatterBot X-ray reevaluating
ChatterBot Delta reevaluating
ChatterBot Papa round 1
ChatterBot Oscar round 1
ChatterBot Oscar reevaluating
ChatterBot Oscar reevaluating
ChatterBot Oscar reevaluating
ChatterBot Oscar reevaluating
ChatterBot Oscar reevaluating
2024-10-14 21:16:37.656436 Oscar: Yes
ChatterBot Juliett reevaluating
ChatterBot X-ray reevaluating
ChatterBot Delta reevaluating
ChatterBot Lima reevaluating
ChatterBot Golf round 1
ChatterBot Golf reevaluating
ChatterBot Golf reevaluating
ChatterBot Golf reevaluating
ChatterBot Golf reevaluating
ChatterBot Golf reevaluating
ChatterBot Golf reevaluating
2024-10-14 21:16:37.671367 Golf: Yes
ChatterBot Oscar reevaluating
ChatterBot Juliett reevaluating
ChatterBot X-ray reevaluating
ChatterBot Delta reevaluating
ChatterBot Lima reevaluating
randomSelections Foxtrot: {Foxtrot, Juliett, Delta, Zulu, Golf, Oscar, Bravo, X-ray} 
2024-10-14 21:16:37.685851 Foxtrot: We would work well together
ChatterBot Juliett reevaluating
ChatterBot Delta reevaluating
ChatterBot Golf reevaluating
ChatterBot Oscar reevaluating
ChatterBot Bravo reevaluating
ChatterBot X-ray reevaluating
2024-10-14 21:16:37.694843 Juliett: No
2024-10-14 21:16:37.695032 Delta: No
2024-10-14 21:16:37.695185 Zulu: No
2024-10-14 21:16:37.695771 Golf: No
2024-10-14 21:16:37.695877 Oscar: No
2024-10-14 21:16:37.695975 Bravo: Yes
2024-10-14 21:16:37.696055 X-ray: No
ChatterBot Delta reevaluating
ChatterBot Golf reevaluating
ChatterBot Oscar reevaluating
ChatterBot Bravo reevaluating
ChatterBot X-ray reevaluating
ChatterBot Juliett reevaluating
ChatterBot Golf reevaluating
ChatterBot Oscar reevaluating
ChatterBot Bravo reevaluating
ChatterBot X-ray reevaluating
ChatterBot Juliett reevaluating
ChatterBot Delta reevaluating
ChatterBot Golf reevaluating
ChatterBot Oscar reevaluating
ChatterBot Bravo reevaluating
ChatterBot X-ray reevaluating
ChatterBot Juliett reevaluating
ChatterBot Delta reevaluating
ChatterBot Oscar reevaluating
ChatterBot Bravo reevaluating
ChatterBot X-ray reevaluating
ChatterBot Juliett reevaluating
ChatterBot Delta reevaluating
ChatterBot Golf reevaluating
ChatterBot Bravo reevaluating
ChatterBot X-ray reevaluating
ChatterBot Juliett reevaluating
ChatterBot Delta reevaluating
ChatterBot Golf reevaluating
ChatterBot Oscar reevaluating
ChatterBot X-ray reevaluating
ChatterBot Juliett reevaluating
ChatterBot Delta reevaluating
ChatterBot Golf reevaluating
ChatterBot Oscar reevaluating
ChatterBot Bravo reevaluating
randomSelections Papa: {Papa, Zulu, Delta, Oscar, Lima} 
2024-10-14 21:16:37.850516 Papa: Group up?
ChatterBot Delta reevaluating
ChatterBot Oscar reevaluating
2024-10-14 21:16:37.858009 Zulu: No
2024-10-14 21:16:37.858316 Delta: No
2024-10-14 21:16:37.858564 Oscar: No
2024-10-14 21:16:37.858727 Lima: No
ChatterBot Delta reevaluating
ChatterBot Oscar reevaluating
ChatterBot Oscar reevaluating
ChatterBot Delta reevaluating
ChatterBot Delta reevaluating
ChatterBot Oscar reevaluating
2024-10-14 21:16:37.893693 Zulu: Juliett, sending you 5
2024-10-14 21:16:37.897729 Zulu: X-ray, sending you 3
2024-10-14 21:16:37.902412 Foxtrot: Juliett, sending you 1
2024-10-14 21:16:37.903263 Bravo: Zulu, Delta, Foxtrot and Golf, sending you 1
2024-10-14 21:16:37.904648 Zulu: Oscar, sending you 6
2024-10-14 21:16:37.906333 X-ray: Juliett and Golf, sending you 2
2024-10-14 21:16:37.908993 Foxtrot: Delta and Bravo, sending you 4
2024-10-14 21:16:37.910201 Lima: Juliett and Oscar, sending you 1
2024-10-14 21:16:37.911863 Bravo: X-ray, sending you 2
2024-10-14 21:16:37.913570 Zulu: Golf, sending you 2
2024-10-14 21:16:37.914537 X-ray: Zulu and Lima, sending you 4
2024-10-14 21:16:37.916064 Oscar: Juliett and Golf, sending you 2
2024-10-14 21:16:37.917683 Foxtrot: X-ray and Oscar, sending you 2
2024-10-14 21:16:37.918678 Juliett: Zulu and Delta, sending you 4
2024-10-14 21:16:37.919401 Papa: Zulu, sending you 3
2024-10-14 21:16:37.920915 Lima: Zulu, X-ray and Golf, sending you 2
2024-10-14 21:16:37.922610 Delta: Juliett and Lima, sending you 3
2024-10-14 21:16:37.923440 Golf: Juliett and Oscar, sending you 4
2024-10-14 21:16:37.924994 Oscar: Zulu, sending you 5
2024-10-14 21:16:37.926149 X-ray: Delta, sending you 3
2024-10-14 21:16:37.927905 Foxtrot: Golf, sending you 6
2024-10-14 21:16:37.928923 Juliett: X-ray, sending you 3
2024-10-14 21:16:37.930414 Papa: Delta and Lima, sending you 6
2024-10-14 21:16:37.930968 Delta: Zulu, sending you 2
2024-10-14 21:16:37.932163 Golf: Zulu, sending you 1
2024-10-14 21:16:37.932768 Oscar: Delta, sending you 3
2024-10-14 21:16:37.933969 X-ray: Oscar, sending you 1
2024-10-14 21:16:37.935032 Juliett: Lima and Oscar, sending you 2
2024-10-14 21:16:37.936858 Papa: Oscar, sending you 1
2024-10-14 21:16:37.937571 Golf: Delta, X-ray and Lima, sending you 2
2024-10-14 21:16:37.939130 Delta: X-ray, sending you 1
2024-10-14 21:16:37.940923 Oscar: X-ray, sending you 1
2024-10-14 21:16:37.942499 Juliett: Golf, sending you 1
2024-10-14 21:16:37.945042 Delta: Oscar, sending you 6
2024-10-14 21:16:37.945875 Oscar: Lima, sending you 4
2024-10-14 21:16:37.949664 Delta: Golf, sending you 4
chatterbot Foxtrot submitting transactions
chatterbot Juliett submitting transactions
chatterbot X-ray submitting transactions
chatterbot Lima submitting transactions
chatterbot Golf submitting transactions
chatterbot Bravo submitting transactions
chatterbot Zulu submitting transactions
chatterbot Papa submitting transactions
chatterbot Oscar submitting transactions
chatterbot Delta submitting transactions
ChatterBot Juliett round 2
ChatterBot Zulu round 2
ChatterBot Delta round 2
ChatterBot Foxtrot round 2
ChatterBot X-ray round 2
ChatterBot Bravo round 2
ChatterBot Lima round 2
ChatterBot Papa round 2
ChatterBot Oscar round 2
2024-10-14 21:16:38.950725 Lima: We should add Papa
ChatterBot Zulu reevaluating
ChatterBot Oscar reevaluating
ChatterBot X-ray reevaluating
ChatterBot Delta reevaluating
ChatterBot Golf reevaluating
2024-10-14 21:16:38.975549 Zulu: Yes
2024-10-14 21:16:38.975746 Oscar: No
2024-10-14 21:16:38.975884 Juliett: No
2024-10-14 21:16:38.976006 X-ray: Yes
2024-10-14 21:16:38.976124 Delta: Yes
2024-10-14 21:16:38.976240 Golf: No
ChatterBot Oscar reevaluating
ChatterBot X-ray reevaluating
ChatterBot Delta reevaluating
ChatterBot Lima reevaluating
ChatterBot Golf reevaluating
ChatterBot Zulu reevaluating
ChatterBot X-ray reevaluating
ChatterBot Delta reevaluating
ChatterBot Lima reevaluating
ChatterBot Golf reevaluating
ChatterBot Zulu reevaluating
ChatterBot Oscar reevaluating
ChatterBot X-ray reevaluating
ChatterBot Delta reevaluating
ChatterBot Lima reevaluating
ChatterBot Golf reevaluating
ChatterBot Zulu reevaluating
ChatterBot Oscar reevaluating
ChatterBot Delta reevaluating
ChatterBot Lima reevaluating
ChatterBot Golf reevaluating
ChatterBot Zulu reevaluating
ChatterBot Oscar reevaluating
ChatterBot X-ray reevaluating
ChatterBot Lima reevaluating
ChatterBot Golf reevaluating
ChatterBot Zulu reevaluating
ChatterBot Oscar reevaluating
ChatterBot X-ray reevaluating
ChatterBot Delta reevaluating
ChatterBot Lima reevaluating
2024-10-14 21:16:39.105607 Delta: We should add Papa and Foxtrot
ChatterBot Zulu reevaluating
ChatterBot Oscar reevaluating
ChatterBot X-ray reevaluating
ChatterBot Lima reevaluating
ChatterBot Golf reevaluating
2024-10-14 21:16:39.131033 Zulu: No
2024-10-14 21:16:39.131225 Oscar: No
2024-10-14 21:16:39.131335 Juliett: No
2024-10-14 21:16:39.131454 X-ray: Yes
2024-10-14 21:16:39.131551 Lima: Yes
2024-10-14 21:16:39.131648 Golf: No
ChatterBot Oscar reevaluating
ChatterBot X-ray reevaluating
ChatterBot Delta reevaluating
ChatterBot Lima reevaluating
ChatterBot Golf reevaluating
ChatterBot Zulu reevaluating
ChatterBot X-ray reevaluating
ChatterBot Delta reevaluating
ChatterBot Lima reevaluating
ChatterBot Golf reevaluating
ChatterBot Zulu reevaluating
ChatterBot Oscar reevaluating
ChatterBot X-ray reevaluating
ChatterBot Delta reevaluating
ChatterBot Lima reevaluating
ChatterBot Golf reevaluating
ChatterBot Zulu reevaluating
ChatterBot Oscar reevaluating
ChatterBot Delta reevaluating
ChatterBot Lima reevaluating
ChatterBot Golf reevaluating
ChatterBot Zulu reevaluating
ChatterBot Oscar reevaluating
ChatterBot X-ray reevaluating
ChatterBot Delta reevaluating
ChatterBot Golf reevaluating
ChatterBot Zulu reevaluating
ChatterBot Oscar reevaluating
ChatterBot X-ray reevaluating
ChatterBot Delta reevaluating
ChatterBot Lima reevaluating
ChatterBot Golf round 2
2024-10-14 21:16:39.334486 Foxtrot: Let's form a team
ChatterBot Bravo reevaluating
2024-10-14 21:16:39.338595 Bravo: Yes
2024-10-14 21:16:39.356276 Papa: Group up?
ChatterBot Foxtrot reevaluating
ChatterBot Bravo reevaluating
2024-10-14 21:16:39.363555 Foxtrot: Yes
2024-10-14 21:16:39.363711 Bravo: Yes
ChatterBot Bravo reevaluating
ChatterBot Foxtrot reevaluating
2024-10-14 21:16:39.376584 Bravo: Friends?
ChatterBot Foxtrot reevaluating
2024-10-14 21:16:39.383358 Papa: Yes
2024-10-14 21:16:39.383485 Foxtrot: Yes
ChatterBot Foxtrot reevaluating
ChatterBot Bravo reevaluating
ChatterBot Bravo reevaluating
2024-10-14 21:16:39.727019 Lima: Papa we want you to join our group
2024-10-14 21:16:39.732307 Papa: No
ChatterBot Lima reevaluating
2024-10-14 21:16:39.764560 Zulu: Papa we want you to join our group
2024-10-14 21:16:39.769890 Papa: No
ChatterBot Lima reevaluating
2024-10-14 21:16:39.804816 Delta: Papa and Foxtrot we want you to join our group
2024-10-14 21:16:39.814768 Papa: No
2024-10-14 21:16:39.815317 Foxtrot: No
ChatterBot Lima reevaluating
ChatterBot Lima reevaluating
chatterbot Juliett submitting transactions
2024-10-14 21:16:40.528476 Juliett: Zulu, Delta, X-ray, Oscar and Golf, sending you 3
2024-10-14 21:16:40.529821 X-ray: Juliett and Zulu, sending you 4
2024-10-14 21:16:40.530300 Papa: Foxtrot, sending you 6
2024-10-14 21:16:40.530597 Bravo: Foxtrot, sending you 9
2024-10-14 21:16:40.530856 Foxtrot: Bravo, sending you 11
2024-10-14 21:16:40.531713 Oscar: Juliett and Golf, sending you 3
chatterbot Oscar submitting transactions
chatterbot Delta submitting transactions
chatterbot X-ray submitting transactions
chatterbot Golf submitting transactions
2024-10-14 21:16:40.732300 X-ray: Delta and Oscar, sending you 1
2024-10-14 21:16:40.732978 Juliett: Lima, sending you 1
2024-10-14 21:16:40.734264 Papa: Bravo, sending you 7
2024-10-14 21:16:40.734672 Bravo: Papa, sending you 6
2024-10-14 21:16:40.734986 Oscar: Zulu, sending you 5
2024-10-14 21:16:40.736066 Golf: Juliett, sending you 2
2024-10-14 21:16:40.736787 Foxtrot: Papa, sending you 5
2024-10-14 21:16:40.737668 Delta: Juliett and Foxtrot, sending you 3
2024-10-14 21:16:40.738305 Zulu: Juliett, Delta, X-ray, Lima, Papa and Golf, sending you 2
chatterbot Papa submitting transactions
chatterbot Foxtrot submitting transactions
2024-10-14 21:16:40.740022 X-ray: Lima and Golf, sending you 3
2024-10-14 21:16:40.740866 Oscar: Delta, sending you 4
2024-10-14 21:16:40.741962 Golf: Zulu, Delta, X-ray, Lima and Oscar, sending you 3
2024-10-14 21:16:40.742714 Delta: Zulu and Lima, sending you 1
2024-10-14 21:16:40.743935 Zulu: Oscar, sending you 4
2024-10-14 21:16:40.855807 Oscar: X-ray and Lima, sending you 2
2024-10-14 21:16:40.856317 Lima: Juliett, Zulu and Golf, sending you 2
2024-10-14 21:16:40.857089 Delta: X-ray, Oscar and Golf, sending you 2
chatterbot Bravo submitting transactions
chatterbot Zulu submitting transactions
2024-10-14 21:16:40.920878 Delta: Papa, sending you 5
2024-10-14 21:16:40.921425 Lima: Delta, X-ray and Oscar, sending you 3
2024-10-14 21:16:40.966409 Lima: Papa, sending you 4
chatterbot Lima submitting transactions
ChatterBot Juliett round 3
ChatterBot Zulu round 3
ChatterBot Delta round 3
ChatterBot Foxtrot round 3
ChatterBot X-ray round 3
ChatterBot Bravo round 3
ChatterBot Lima round 3
ChatterBot Papa round 3
ChatterBot Oscar round 3
ChatterBot Golf round 3
2024-10-14 21:16:42.239073 Delta: We should drop Papa and Foxtrot
2024-10-14 21:16:42.258958 Zulu: Yes
2024-10-14 21:16:42.259188 Oscar: Yes
2024-10-14 21:16:42.259462 Juliett: Yes
2024-10-14 21:16:42.259607 X-ray: Yes
2024-10-14 21:16:42.259802 Lima: No
2024-10-14 21:16:42.260402 Golf: Yes
ChatterBot Lima reevaluating
ChatterBot Lima reevaluating
ChatterBot Lima reevaluating
2024-10-14 21:16:42.367171 Zulu: We should drop Papa
ChatterBot Lima reevaluating
2024-10-14 21:16:42.384294 Oscar: Yes
2024-10-14 21:16:42.384476 Juliett: Yes
2024-10-14 21:16:42.384636 X-ray: Yes
2024-10-14 21:16:42.384755 Delta: Yes
2024-10-14 21:16:42.385435 Lima: Yes
2024-10-14 21:16:42.385601 Golf: Yes
ChatterBot Lima reevaluating
ChatterBot Lima reevaluating
ChatterBot Lima reevaluating
ChatterBot Lima reevaluating
ChatterBot Lima reevaluating
2024-10-14 21:16:42.483674 Juliett: Zulu, Delta, X-ray, Oscar and Golf, sending you 3
2024-10-14 21:16:42.488047 Juliett: Lima, sending you 1
2024-10-14 21:16:42.495772 Zulu: Juliett, X-ray, Lima, Oscar and Golf, sending you 3
2024-10-14 21:16:42.496702 Delta: Juliett and Oscar, sending you 4
2024-10-14 21:16:42.497797 X-ray: Juliett, Zulu, Lima and Golf, sending you 3
2024-10-14 21:16:42.498896 Zulu: Delta, sending you 1
2024-10-14 21:16:42.500685 Golf: Juliett, Delta, X-ray, Lima and Oscar, sending you 3
2024-10-14 21:16:42.501483 Lima: Juliett and Zulu, sending you 2
2024-10-14 21:16:42.502349 Delta: Zulu, sending you 2
2024-10-14 21:16:42.502978 Bravo: Foxtrot, sending you 8
2024-10-14 21:16:42.503641 Foxtrot: Bravo, sending you 10
2024-10-14 21:16:42.503918 Oscar: Juliett, Lima and Golf, sending you 3
2024-10-14 21:16:42.504541 X-ray: Delta and Oscar, sending you 2
2024-10-14 21:16:42.505559 Golf: Zulu, sending you 2
2024-10-14 21:16:42.506544 Papa: Foxtrot, sending you 5
2024-10-14 21:16:42.506822 Lima: Delta, X-ray, Papa, Oscar and Golf, sending you 3
2024-10-14 21:16:42.507692 Delta: X-ray, Lima and Golf, sending you 3
2024-10-14 21:16:42.508906 Oscar: Zulu and Delta, sending you 4
2024-10-14 21:16:42.509984 Bravo: Papa, sending you 7
2024-10-14 21:16:42.510275 Foxtrot: Papa, sending you 8
2024-10-14 21:16:42.510556 Papa: Bravo, sending you 6
2024-10-14 21:16:42.512701 Oscar: X-ray, sending you 2
chatterbot Zulu submitting transactions
chatterbot Oscar submitting transactions
chatterbot Lima submitting transactions
chatterbot Foxtrot submitting transactions
chatterbot Delta submitting transactions
chatterbot Golf submitting transactions
chatterbot X-ray submitting transactions
chatterbot Juliett submitting transactions
chatterbot Bravo submitting transactions
chatterbot Papa submitting transactions
ChatterBot Juliett round 4
ChatterBot Zulu round 4
ChatterBot Delta round 4
ChatterBot Foxtrot round 4
ChatterBot X-ray round 4
ChatterBot Bravo round 4
ChatterBot Lima round 4
ChatterBot Papa round 4
ChatterBot Oscar round 4
ChatterBot Golf round 4
2024-10-14 21:16:43.538858 Lima: We should drop Papa
2024-10-14 21:16:43.556455 Zulu: Yes
2024-10-14 21:16:43.556719 Oscar: Yes
2024-10-14 21:16:43.557217 Juliett: Yes
2024-10-14 21:16:43.557379 X-ray: Yes
2024-10-14 21:16:43.557531 Delta: Yes
2024-10-14 21:16:43.557692 Golf: Yes
2024-10-14 21:16:43.657666 X-ray: Juliett, Zulu, Lima and Golf, sending you 3
2024-10-14 21:16:43.658462 Bravo: Foxtrot, sending you 8
2024-10-14 21:16:43.659310 Delta: Juliett and Oscar, sending you 4
2024-10-14 21:16:43.660017 Zulu: Juliett, X-ray, Lima, Oscar and Golf, sending you 3
2024-10-14 21:16:43.660754 Foxtrot: Bravo, sending you 10
2024-10-14 21:16:43.661701 X-ray: Delta and Oscar, sending you 2
2024-10-14 21:16:43.663831 Bravo: Papa, sending you 7
2024-10-14 21:16:43.664128 Zulu: Delta, sending you 1
2024-10-14 21:16:43.664728 Foxtrot: Papa, sending you 8
2024-10-14 21:16:43.664952 Delta: Zulu, sending you 2
2024-10-14 21:16:43.666687 Lima: Juliett, Zulu, Delta, Oscar and Golf, sending you 3
2024-10-14 21:16:43.670088 Juliett: Zulu, Delta, X-ray, Oscar and Golf, sending you 3
2024-10-14 21:16:43.671011 Delta: X-ray, Lima and Golf, sending you 3
2024-10-14 21:16:43.672200 Oscar: Juliett, Lima and Golf, sending you 3
2024-10-14 21:16:43.672945 Lima: X-ray, sending you 4
2024-10-14 21:16:43.673608 Papa: Foxtrot, sending you 5
2024-10-14 21:16:43.674666 Juliett: Lima, sending you 1
2024-10-14 21:16:43.676674 Papa: Bravo, sending you 6
2024-10-14 21:16:43.677688 Oscar: Zulu and Delta, sending you 4
2024-10-14 21:16:43.678992 Golf: Juliett, Zulu, Delta, X-ray and Oscar, sending you 3
2024-10-14 21:16:43.681677 Oscar: X-ray, sending you 2
2024-10-14 21:16:43.684641 Golf: Lima, sending you 2
chatterbot Foxtrot submitting transactions
chatterbot Zulu submitting transactions
chatterbot Juliett submitting transactions
chatterbot Papa submitting transactions
chatterbot Delta submitting transactions
chatterbot Lima submitting transactions
chatterbot Bravo submitting transactions
chatterbot Oscar submitting transactions
chatterbot X-ray submitting transactions
chatterbot Golf submitting transactions
ChatterBot Juliett round 5
ChatterBot Zulu round 5
ChatterBot Delta round 5
ChatterBot Foxtrot round 5
ChatterBot X-ray round 5
ChatterBot Bravo round 5
ChatterBot Lima round 5
ChatterBot Papa round 5
ChatterBot Oscar round 5
ChatterBot Golf round 5
2024-10-14 21:16:44.755671 Juliett: Zulu, Delta, X-ray, Oscar and Golf, sending you 3
2024-10-14 21:16:44.759658 Juliett: Lima, sending you 1
2024-10-14 21:16:44.761805 X-ray: Juliett, Zulu, Lima and Golf, sending you 3
2024-10-14 21:16:44.762667 Foxtrot: Bravo, sending you 10
2024-10-14 21:16:44.763661 Zulu: Juliett, X-ray, Lima, Oscar and Golf, sending you 3
2024-10-14 21:16:44.764388 Bravo: Foxtrot, sending you 8
2024-10-14 21:16:44.765684 Delta: Juliett and Oscar, sending you 4
2024-10-14 21:16:44.766708 X-ray: Delta and Oscar, sending you 2
2024-10-14 21:16:44.767349 Foxtrot: Papa, sending you 8
2024-10-14 21:16:44.767688 Zulu: Delta, sending you 1
2024-10-14 21:16:44.769650 Bravo: Papa, sending you 7
2024-10-14 21:16:44.769921 Oscar: Juliett, Lima and Golf, sending you 3
2024-10-14 21:16:44.770553 Lima: Juliett, sending you 2
2024-10-14 21:16:44.771607 Papa: Bravo, sending you 1
2024-10-14 21:16:44.771895 Delta: Zulu, sending you 2
2024-10-14 21:16:44.772675 Oscar: Zulu and Delta, sending you 4
2024-10-14 21:16:44.774658 Lima: Zulu, Delta, Oscar and Golf, sending you 3
2024-10-14 21:16:44.776126 Delta: X-ray, Lima and Golf, sending you 3
2024-10-14 21:16:44.777667 Oscar: X-ray, sending you 2
2024-10-14 21:16:44.778412 Lima: X-ray, sending you 5
2024-10-14 21:16:44.783667 Golf: Juliett, Zulu, Delta, X-ray and Oscar, sending you 3
2024-10-14 21:16:44.789850 Golf: Lima, sending you 2
chatterbot Golf submitting transactions
chatterbot Papa submitting transactions
chatterbot Juliett submitting transactions
chatterbot Lima submitting transactions
chatterbot Zulu submitting transactions
chatterbot Oscar submitting transactions
chatterbot Delta submitting transactions
chatterbot X-ray submitting transactions
chatterbot Bravo submitting transactions
chatterbot Foxtrot submitting transactions
ChatterBot Juliett round 6
ChatterBot Zulu round 6
ChatterBot Delta round 6
ChatterBot Foxtrot round 6
ChatterBot X-ray round 6
ChatterBot Bravo round 6
ChatterBot Lima round 6
ChatterBot Papa round 6
ChatterBot Oscar round 6
ChatterBot Golf round 6
2024-10-14 21:16:46.010313 Lima: We should add Bravo
2024-10-14 21:16:46.022627 Zulu: No
2024-10-14 21:16:46.022870 Oscar: No
2024-10-14 21:16:46.023016 Juliett: No
2024-10-14 21:16:46.023508 X-ray: No
2024-10-14 21:16:46.023643 Delta: No
2024-10-14 21:16:46.023772 Golf: No
ChatterBot Lima reevaluating
ChatterBot Lima reevaluating
ChatterBot Lima reevaluating
ChatterBot Lima reevaluating
2024-10-14 21:16:46.131534 Bravo: We should add Lima
2024-10-14 21:16:46.135815 Papa: No
2024-10-14 21:16:46.135998 Foxtrot: No
ChatterBot Bravo reevaluating
ChatterBot Bravo reevaluating
2024-10-14 21:16:46.152625 Zulu: I was attacked by Papa
ChatterBot Oscar reevaluating
ChatterBot Juliett reevaluating
ChatterBot X-ray reevaluating
ChatterBot Delta reevaluating
ChatterBot Lima reevaluating
ChatterBot Golf reevaluating
2024-10-14 21:16:46.178688 Zulu: I'm keeping this round to protect myself
2024-10-14 21:16:46.181153 Zulu: Ow
2024-10-14 21:16:46.181757 Lima: We should add Foxtrot
ChatterBot Oscar reevaluating
ChatterBot Juliett reevaluating
ChatterBot X-ray reevaluating
ChatterBot Delta reevaluating
ChatterBot Golf reevaluating
2024-10-14 21:16:46.207118 Zulu: No
2024-10-14 21:16:46.207363 Oscar: No
2024-10-14 21:16:46.207549 Juliett: No
2024-10-14 21:16:46.207736 X-ray: No
2024-10-14 21:16:46.207917 Delta: No
2024-10-14 21:16:46.208086 Golf: No
ChatterBot Oscar reevaluating
ChatterBot Juliett reevaluating
ChatterBot X-ray reevaluating
ChatterBot Delta reevaluating
ChatterBot Lima reevaluating
ChatterBot Golf reevaluating
ChatterBot Juliett reevaluating
ChatterBot X-ray reevaluating
ChatterBot Delta reevaluating
ChatterBot Lima reevaluating
ChatterBot Golf reevaluating
ChatterBot Oscar reevaluating
ChatterBot X-ray reevaluating
ChatterBot Delta reevaluating
ChatterBot Lima reevaluating
ChatterBot Golf reevaluating
ChatterBot Oscar reevaluating
ChatterBot Juliett reevaluating
ChatterBot Delta reevaluating
ChatterBot Lima reevaluating
ChatterBot Golf reevaluating
ChatterBot Oscar reevaluating
ChatterBot Juliett reevaluating
ChatterBot X-ray reevaluating
ChatterBot Lima reevaluating
ChatterBot Golf reevaluating
ChatterBot Oscar reevaluating
ChatterBot Juliett reevaluating
ChatterBot X-ray reevaluating
ChatterBot Delta reevaluating
ChatterBot Lima reevaluating
2024-10-14 21:16:46.300674 Papa: Foxtrot, sending you 4
2024-10-14 21:16:46.300973 Foxtrot: Bravo, sending you 11
2024-10-14 21:16:46.302779 Lima: Bravo we want you to join our group
ChatterBot Bravo reevaluating
2024-10-14 21:16:46.306209 Bravo: No
ChatterBot Lima reevaluating
2024-10-14 21:16:46.323462 Foxtrot: Papa, sending you 8
2024-10-14 21:16:46.323790 Papa: Bravo, sending you 5
2024-10-14 21:16:46.326712 Oscar: Juliett, Zulu, X-ray, Lima and Golf, sending you 3
2024-10-14 21:16:46.330700 Oscar: Delta, sending you 4
2024-10-14 21:16:46.333656 Delta: Juliett and Oscar, sending you 4
2024-10-14 21:16:46.334603 Golf: Juliett, Zulu, Delta, X-ray and Oscar, sending you 3
chatterbot Papa submitting transactions
2024-10-14 21:16:46.337648 Juliett: Zulu, Delta, X-ray, Oscar and Golf, sending you 3
2024-10-14 21:16:46.338662 Delta: Zulu, sending you 2
2024-10-14 21:16:46.339303 Golf: Lima, sending you 2
2024-10-14 21:16:46.341794 Juliett: Lima, sending you 1
2024-10-14 21:16:46.343670 Delta: X-ray, Lima and Golf, sending you 3
2024-10-14 21:16:46.344335 X-ray: Juliett, Zulu, Delta, Lima and Golf, sending you 2
2024-10-14 21:16:46.348649 Bravo: Sending you 14
2024-10-14 21:16:46.348865 X-ray: Oscar, sending you 1
2024-10-14 21:16:46.360658 Lima: Juliett and Bravo, sending you 2
2024-10-14 21:16:46.363655 Lima: Zulu, Delta, X-ray, Oscar and Golf, sending you 3
chatterbot Foxtrot submitting transactions
chatterbot Zulu submitting transactions
chatterbot Delta submitting transactions
chatterbot Bravo submitting transactions
chatterbot Juliett submitting transactions
chatterbot Lima submitting transactions
chatterbot Golf submitting transactions
chatterbot X-ray submitting transactions
chatterbot Oscar submitting transactions
ChatterBot Juliett round 7
ChatterBot Zulu round 7
ChatterBot Delta round 7
ChatterBot Foxtrot round 7
ChatterBot X-ray round 7
ChatterBot Bravo round 7
ChatterBot Lima round 7
ChatterBot Papa round 7
ChatterBot Oscar round 7
ChatterBot Golf round 7
2024-10-14 21:16:47.538550 Bravo: We should add Papa and Lima
2024-10-14 21:16:47.541217 Foxtrot: No
2024-10-14 21:16:47.555545 Lima: We should drop Bravo
2024-10-14 21:16:47.571115 Zulu: Yes
2024-10-14 21:16:47.571378 Oscar: Yes
2024-10-14 21:16:47.571598 Juliett: Yes
2024-10-14 21:16:47.571816 X-ray: Yes
2024-10-14 21:16:47.571999 Delta: Yes
2024-10-14 21:16:47.572177 Golf: Yes
ChatterBot Lima reevaluating
ChatterBot Lima reevaluating
ChatterBot Lima reevaluating
ChatterBot Lima reevaluating
ChatterBot Lima reevaluating
ChatterBot Lima reevaluating
2024-10-14 21:16:47.646974 Bravo: Papa and Lima we want you to join our group
ChatterBot Lima reevaluating
2024-10-14 21:16:47.651206 Papa: No
2024-10-14 21:16:47.651323 Lima: No
ChatterBot Lima reevaluating
2024-10-14 21:16:47.663019 Foxtrot: Bravo, sending you 10
2024-10-14 21:16:47.663507 Juliett: Zulu, Delta, X-ray, Oscar and Golf, sending you 3
2024-10-14 21:16:47.665654 X-ray: Juliett, Delta, Lima, Oscar and Golf, sending you 2
2024-10-14 21:16:47.666669 Foxtrot: Papa, sending you 8
2024-10-14 21:16:47.666957 Papa: Sending you each 2
2024-10-14 21:16:47.667188 Papa: I was attacked by X-ray
2024-10-14 21:16:47.671918 Papa: Ow
2024-10-14 21:16:47.672180 Delta: Juliett and Oscar, sending you 4
2024-10-14 21:16:47.672886 Juliett: Lima, sending you 1
2024-10-14 21:16:47.673820 X-ray: Zulu, sending you 1
2024-10-14 21:16:47.674543 Lima: Foxtrot we want you to join our group
2024-10-14 21:16:47.677072 Foxtrot: No
ChatterBot Lima reevaluating
2024-10-14 21:16:47.695035 Delta: Zulu, sending you 2
2024-10-14 21:16:47.698675 Oscar: Juliett, Delta and Golf, sending you 3
2024-10-14 21:16:47.700158 Bravo: Foxtrot, sending you 6
2024-10-14 21:16:47.700658 Delta: X-ray, Lima and Golf, sending you 3
2024-10-14 21:16:47.701687 Golf: Juliett, Delta, X-ray, Lima and Oscar, sending you 3
2024-10-14 21:16:47.704070 Oscar: Zulu, X-ray and Lima, sending you 2
2024-10-14 21:16:47.704925 Bravo: Lima, sending you 4
2024-10-14 21:16:47.706659 Golf: Zulu, sending you 2
2024-10-14 21:16:47.709664 Bravo: Papa, sending you 5
2024-10-14 21:16:47.723684 Lima: Juliett and Foxtrot, sending you 2
2024-10-14 21:16:47.729037 Lima: Zulu, Delta, X-ray, Oscar and Golf, sending you 3
chatterbot Zulu submitting transactions
chatterbot Golf submitting transactions
chatterbot Foxtrot submitting transactions
chatterbot Papa submitting transactions
chatterbot Lima submitting transactions
chatterbot Bravo submitting transactions
chatterbot Oscar submitting transactions
chatterbot Juliett submitting transactions
chatterbot X-ray submitting transactions
chatterbot Delta submitting transactions
ChatterBot Juliett round 8
ChatterBot Zulu round 8
ChatterBot Delta round 8
ChatterBot Foxtrot round 8
ChatterBot X-ray round 8
ChatterBot Bravo round 8
ChatterBot Lima round 8
ChatterBot Papa round 8
ChatterBot Oscar round 8
ChatterBot Golf round 8
2024-10-14 21:16:48.772552 Lima: We should replace Foxtrot with Bravo
2024-10-14 21:16:48.785646 Zulu: No
2024-10-14 21:16:48.785883 Oscar: No
2024-10-14 21:16:48.786027 Juliett: No
2024-10-14 21:16:48.786166 X-ray: No
2024-10-14 21:16:48.786282 Delta: No
2024-10-14 21:16:48.786400 Golf: No
ChatterBot Lima reevaluating
ChatterBot Lima reevaluating
ChatterBot Lima reevaluating
ChatterBot Lima reevaluating
ChatterBot Lima reevaluating
ChatterBot Lima reevaluating
2024-10-14 21:16:48.866676 Delta: Juliett and Oscar, sending you 4
2024-10-14 21:16:48.868677 Juliett: Zulu, sending you 1
2024-10-14 21:16:48.870701 Papa: I was attacked by X-ray and Oscar
ChatterBot Foxtrot reevaluating
ChatterBot Bravo reevaluating
2024-10-14 21:16:48.877215 Papa: I'm keeping this round to protect myself
2024-10-14 21:16:48.877790 Papa: Ow
2024-10-14 21:16:48.878140 Delta: Zulu, sending you 2
2024-10-14 21:16:48.878925 Juliett: Delta, X-ray, Lima, Oscar and Golf, sending you 3
2024-10-14 21:16:48.881672 Delta: X-ray, Lima and Golf, sending you 3
2024-10-14 21:16:48.882699 Golf: Juliett, Delta, X-ray, Lima and Oscar, sending you 3
2024-10-14 21:16:48.883654 X-ray: Juliett, Delta, Lima, Oscar and Golf, sending you 2
2024-10-14 21:16:48.886670 Golf: Zulu, sending you 2
2024-10-14 21:16:48.887400 Oscar: Juliett, Zulu, X-ray, Lima and Golf, sending you 3
2024-10-14 21:16:48.888137 X-ray: Zulu, sending you 1
2024-10-14 21:16:48.892659 Oscar: Delta, sending you 4
2024-10-14 21:16:48.893391 Lima: Juliett, Zulu and Foxtrot, sending you 2
2024-10-14 21:16:48.897684 Lima: Delta, sending you 4
2024-10-14 21:16:48.900674 Bravo: Sending you 14
2024-10-14 21:16:48.900944 Lima: X-ray, Oscar and Golf, sending you 3
2024-10-14 21:16:48.909674 Foxtrot: Bravo, sending you 11
2024-10-14 21:16:48.913664 Foxtrot: Papa, sending you 8
chatterbot Foxtrot submitting transactions
chatterbot X-ray submitting transactions
chatterbot Delta submitting transactions
chatterbot Oscar submitting transactions
chatterbot Golf submitting transactions
chatterbot Zulu submitting transactions
chatterbot Lima submitting transactions
chatterbot Bravo submitting transactions
chatterbot Papa submitting transactions
chatterbot Juliett submitting transactions
ChatterBot Juliett round 9
ChatterBot Zulu round 9
ChatterBot Delta round 9
ChatterBot Foxtrot round 9
ChatterBot X-ray round 9
ChatterBot Bravo round 9
ChatterBot Lima round 9
ChatterBot Papa round 9
ChatterBot Oscar round 9
ChatterBot Golf round 9
2024-10-14 21:16:49.903049 Lima: We should replace Foxtrot with Bravo
2024-10-14 21:16:49.918122 Zulu: No
2024-10-14 21:16:49.918297 Oscar: No
2024-10-14 21:16:49.918424 Juliett: No
2024-10-14 21:16:49.918541 X-ray: No
2024-10-14 21:16:49.918662 Delta: No
2024-10-14 21:16:49.918779 Golf: No
ChatterBot Lima reevaluating
ChatterBot Lima reevaluating
ChatterBot Lima reevaluating
ChatterBot Lima reevaluating
ChatterBot Lima reevaluating
ChatterBot Lima reevaluating
2024-10-14 21:16:50.004673 Juliett: Delta and Golf, sending you 1
2024-10-14 21:16:50.005732 Zulu: Juliett, Oscar and Golf, sending you 1
2024-10-14 21:16:50.011677 Delta: Juliett and Oscar, sending you 4
2024-10-14 21:16:50.012545 Foxtrot: Bravo, sending you 10
2024-10-14 21:16:50.013663 Golf: Juliett, Delta, X-ray, Lima and Oscar, sending you 3
2024-10-14 21:16:50.015537 Bravo: Sending you 15
2024-10-14 21:16:50.016662 Delta: Zulu, sending you 2
2024-10-14 21:16:50.017428 Foxtrot: Papa, sending you 7
2024-10-14 21:16:50.018305 Golf: Zulu, sending you 2
2024-10-14 21:16:50.020683 Delta: X-ray, Lima and Golf, sending you 3
2024-10-14 21:16:50.022666 X-ray: Juliett, Delta, Lima, Oscar and Golf, sending you 2
2024-10-14 21:16:50.025677 Papa: I was attacked by X-ray
2024-10-14 21:16:50.031392 Papa: I'm keeping this round to protect myself
2024-10-14 21:16:50.031663 Papa: Ow
2024-10-14 21:16:50.031943 X-ray: Zulu, sending you 1
2024-10-14 21:16:50.036686 Oscar: Juliett, Zulu, X-ray, Lima and Golf, sending you 3
2024-10-14 21:16:50.038671 Lima: Juliett, Delta, X-ray, Oscar and Golf, sending you 3
2024-10-14 21:16:50.042688 Oscar: Delta, sending you 4
2024-10-14 21:16:50.044575 Lima: Zulu and Foxtrot, sending you 2
chatterbot Zulu submitting transactions
chatterbot Golf submitting transactions
chatterbot Bravo submitting transactions
chatterbot Lima submitting transactions
chatterbot Papa submitting transactions
chatterbot Foxtrot submitting transactions
chatterbot Oscar submitting transactions
chatterbot Juliett submitting transactions
chatterbot X-ray submitting transactions
chatterbot Delta submitting transactions
ChatterBot Juliett round 10
ChatterBot Zulu round 10
ChatterBot Delta round 10
ChatterBot Foxtrot round 10
ChatterBot X-ray round 10
ChatterBot Bravo round 10
ChatterBot Lima round 10
ChatterBot Papa round 10
ChatterBot Oscar round 10
ChatterBot Golf round 10
2024-10-14 21:16:51.154377 Lima: We should replace Foxtrot with Bravo
2024-10-14 21:16:51.178410 Zulu: No
2024-10-14 21:16:51.178692 Oscar: No
2024-10-14 21:16:51.178963 Juliett: No
2024-10-14 21:16:51.179157 X-ray: No
2024-10-14 21:16:51.179342 Delta: No
2024-10-14 21:16:51.179518 Golf: No
ChatterBot Juliett reevaluating
ChatterBot Juliett reevaluating
ChatterBot Lima reevaluating
ChatterBot Juliett reevaluating
ChatterBot Lima reevaluating
ChatterBot Juliett reevaluating
ChatterBot Lima reevaluating
ChatterBot Juliett reevaluating
ChatterBot Lima reevaluating
2024-10-14 21:16:51.274823 Zulu: Juliett, Delta, Lima, Oscar and Golf, sending you 2
2024-10-14 21:16:51.276198 Lima: Bravo we want you to join our group
2024-10-14 21:16:51.279812 Bravo: No
ChatterBot Lima reevaluating
2024-10-14 21:16:51.311045 Foxtrot: I was attacked by Juliett
ChatterBot Papa reevaluating
ChatterBot Bravo reevaluating
2024-10-14 21:16:51.321924 Foxtrot: I'm keeping this round to protect myself
2024-10-14 21:16:51.322787 Foxtrot: Ow
2024-10-14 21:16:51.325673 Delta: Juliett, X-ray and Lima, sending you 3
2024-10-14 21:16:51.327715 Oscar: Juliett, Zulu, X-ray, Lima and Golf, sending you 3
2024-10-14 21:16:51.330171 X-ray: Juliett, Delta, Lima, Oscar and Golf, sending you 3
2024-10-14 21:16:51.331980 Delta: Zulu, sending you 2
2024-10-14 21:16:51.333722 Oscar: Delta, sending you 4
2024-10-14 21:16:51.335567 X-ray: Zulu, sending you 1
2024-10-14 21:16:51.337099 Juliett: Zulu, sending you 1
2024-10-14 21:16:51.338751 Delta: Oscar and Golf, sending you 4
2024-10-14 21:16:51.341782 Juliett: Delta, X-ray, Lima, Oscar and Golf, sending you 3
2024-10-14 21:16:51.344792 Golf: Juliett, Delta, X-ray, Lima and Oscar, sending you 3
2024-10-14 21:16:51.349697 Golf: Zulu, sending you 2
2024-10-14 21:16:51.351361 Lima: Juliett, Zulu and Bravo, sending you 2
2024-10-14 21:16:51.352681 Bravo: Sending you 13
2024-10-14 21:16:51.354676 Lima: Delta, X-ray and Golf, sending you 3
2024-10-14 21:16:51.358681 Lima: Oscar, sending you 4
chatterbot Foxtrot submitting transactions
chatterbot Papa submitting transactions
chatterbot Golf submitting transactions
chatterbot Oscar submitting transactions
chatterbot Lima submitting transactions
chatterbot Juliett submitting transactions
chatterbot X-ray submitting transactions
chatterbot Bravo submitting transactions
chatterbot Delta submitting transactions
chatterbot Zulu submitting transactions
ChatterBot Juliett round 11
ChatterBot Zulu round 11
ChatterBot Delta round 11
ChatterBot Foxtrot round 11
ChatterBot X-ray round 11
ChatterBot Bravo round 11
ChatterBot Lima round 11
ChatterBot Papa round 11
ChatterBot Oscar round 11
ChatterBot Golf round 11
2024-10-14 21:16:52.346512 Bravo: We should add Papa and Lima
ChatterBot Foxtrot reevaluating
2024-10-14 21:16:52.351398 Foxtrot: No
ChatterBot Bravo reevaluating
2024-10-14 21:16:52.388181 Golf: Juliett, Delta, X-ray, Lima and Oscar, sending you 3
2024-10-14 21:16:52.392794 Zulu: Juliett, Delta, X-ray and Lima, sending you 2
2024-10-14 21:16:52.395601 Oscar: Juliett, Zulu, X-ray, Lima and Golf, sending you 3
2024-10-14 21:16:52.398292 Golf: Zulu, sending you 2
2024-10-14 21:16:52.399966 X-ray: I was attacked by Papa
ChatterBot Zulu reevaluating
ChatterBot Oscar reevaluating
ChatterBot Juliett reevaluating
ChatterBot Delta reevaluating
ChatterBot Lima reevaluating
ChatterBot Golf reevaluating
2024-10-14 21:16:52.424242 X-ray: I'm keeping this round to protect myself
2024-10-14 21:16:52.427768 X-ray: Ow
2024-10-14 21:16:52.428210 Bravo: Sending you 8
2024-10-14 21:16:52.433691 Foxtrot: Bravo, sending you 3
2024-10-14 21:16:52.435865 Lima: We should drop Bravo
ChatterBot Zulu reevaluating
ChatterBot Oscar reevaluating
ChatterBot Juliett reevaluating
ChatterBot Delta reevaluating
ChatterBot Golf reevaluating
2024-10-14 21:16:52.455355 Zulu: Yes
2024-10-14 21:16:52.455690 Oscar: Yes
2024-10-14 21:16:52.455940 Juliett: Yes
2024-10-14 21:16:52.456170 X-ray: Yes
2024-10-14 21:16:52.456506 Delta: Yes
2024-10-14 21:16:52.457288 Golf: Yes
ChatterBot Oscar reevaluating
ChatterBot Juliett reevaluating
ChatterBot Delta reevaluating
ChatterBot Lima reevaluating
ChatterBot Golf reevaluating
ChatterBot Zulu reevaluating
ChatterBot Juliett reevaluating
ChatterBot Delta reevaluating
ChatterBot Lima reevaluating
ChatterBot Golf reevaluating
ChatterBot Zulu reevaluating
ChatterBot Oscar reevaluating
ChatterBot Delta reevaluating
ChatterBot Lima reevaluating
ChatterBot Golf reevaluating
ChatterBot Zulu reevaluating
ChatterBot Oscar reevaluating
ChatterBot Juliett reevaluating
ChatterBot Delta reevaluating
ChatterBot Lima reevaluating
ChatterBot Golf reevaluating
ChatterBot Zulu reevaluating
ChatterBot Oscar reevaluating
ChatterBot Juliett reevaluating
ChatterBot Lima reevaluating
ChatterBot Golf reevaluating
ChatterBot Zulu reevaluating
ChatterBot Oscar reevaluating
ChatterBot Juliett reevaluating
ChatterBot Delta reevaluating
ChatterBot Lima reevaluating
2024-10-14 21:16:52.550564 Foxtrot: Papa, sending you 2
2024-10-14 21:16:52.561649 Lima: Bravo we want you to join our group
ChatterBot Bravo reevaluating
2024-10-14 21:16:52.565023 Bravo: No
ChatterBot Lima reevaluating
ChatterBot Juliett reevaluating
ChatterBot Zulu reevaluating
2024-10-14 21:16:52.583169 Bravo: We should add Papa
2024-10-14 21:16:52.586041 Foxtrot: Yes
ChatterBot Bravo reevaluating
2024-10-14 21:16:52.590974 Juliett: We should drop Zulu
ChatterBot Lima reevaluating
2024-10-14 21:16:52.605120 Delta: No
2024-10-14 21:16:52.605295 X-ray: No
2024-10-14 21:16:52.605427 Lima: No
2024-10-14 21:16:52.605558 Oscar: No
2024-10-14 21:16:52.605729 Golf: No
ChatterBot Juliett reevaluating
ChatterBot Lima reevaluating
ChatterBot Juliett reevaluating
ChatterBot Lima reevaluating
ChatterBot Juliett reevaluating
ChatterBot Juliett reevaluating
ChatterBot Lima reevaluating
ChatterBot Juliett reevaluating
ChatterBot Lima reevaluating
2024-10-14 21:16:52.684667 Zulu: Juliett, Delta, Lima, Oscar and Golf, sending you 3
2024-10-14 21:16:52.689664 Zulu: X-ray, sending you 1
chatterbot Golf submitting transactions
chatterbot Zulu submitting transactions
chatterbot Delta submitting transactions
chatterbot Lima submitting transactions
chatterbot Papa submitting transactions
chatterbot Bravo submitting transactions
chatterbot X-ray submitting transactions
chatterbot Foxtrot submitting transactions
chatterbot Oscar submitting transactions
chatterbot Juliett submitting transactions
ChatterBot Juliett round 12
ChatterBot Zulu round 12
ChatterBot Delta round 12
ChatterBot Foxtrot round 12
ChatterBot X-ray round 12
ChatterBot Bravo round 12
ChatterBot Lima round 12
ChatterBot Papa round 12
ChatterBot Oscar round 12
ChatterBot Golf round 12
2024-10-14 21:16:53.726840 Bravo: We should add Papa
2024-10-14 21:16:53.730701 Foxtrot: Yes
2024-10-14 21:16:53.739079 Lima: We should replace Juliett with Foxtrot
2024-10-14 21:16:53.751454 Zulu: No
2024-10-14 21:16:53.751626 X-ray: No
2024-10-14 21:16:53.751755 Delta: No
2024-10-14 21:16:53.751863 Oscar: No
2024-10-14 21:16:53.751960 Golf: No
ChatterBot Lima reevaluating
ChatterBot Lima reevaluating
ChatterBot Lima reevaluating
2024-10-14 21:16:53.821235 Bravo: Papa we want you to join our group
2024-10-14 21:16:53.825979 Papa: Yes
ChatterBot Bravo reevaluating
2024-10-14 21:16:53.835287 Lima: We should add Foxtrot and Bravo
ChatterBot Juliett reevaluating
2024-10-14 21:16:53.852773 Zulu: No
2024-10-14 21:16:53.852970 Oscar: No
2024-10-14 21:16:53.853109 Juliett: No
2024-10-14 21:16:53.853265 X-ray: No
2024-10-14 21:16:53.853397 Delta: No
2024-10-14 21:16:53.853532 Golf: No
ChatterBot Juliett reevaluating
ChatterBot Lima reevaluating
ChatterBot Juliett reevaluating
ChatterBot Lima reevaluating
ChatterBot Lima reevaluating
ChatterBot Juliett reevaluating
ChatterBot Lima reevaluating
ChatterBot Juliett reevaluating
ChatterBot Lima reevaluating
