ChatterBot Victor round 1
ChatterBot Oscar round 1
ChatterBot November round 1
ChatterBot Sierra round 1
ChatterBot India round 1
ChatterBot Lima round 1
ChatterBot Romeo round 1
ChatterBot Quebec round 1
ChatterBot Delta round 1
ChatterBot Papa round 1
randomSelections Oscar: {Oscar, India, November, Sierra, Delta, Romeo} 
2024-10-14 15:26:31.291558 Oscar: We should group up
ChatterBot India reevaluating
ChatterBot November reevaluating
ChatterBot Sierra reevaluating
ChatterBot Delta reevaluating
ChatterBot Romeo reevaluating
2024-10-14 15:26:31.334074 India: Yes
2024-10-14 15:26:31.334547 November: Yes
2024-10-14 15:26:31.335982 Sierra: Yes
2024-10-14 15:26:31.336247 Delta: Yes
2024-10-14 15:26:31.336427 Romeo: Yes
ChatterBot November reevaluating
ChatterBot Sierra reevaluating
ChatterBot Delta reevaluating
ChatterBot Romeo reevaluating
ChatterBot India reevaluating
ChatterBot Sierra reevaluating
ChatterBot Delta reevaluating
ChatterBot Romeo reevaluating
ChatterBot India reevaluating
ChatterBot November reevaluating
ChatterBot Delta reevaluating
ChatterBot Romeo reevaluating
ChatterBot India reevaluating
ChatterBot November reevaluating
ChatterBot Sierra reevaluating
ChatterBot Romeo reevaluating
ChatterBot India reevaluating
ChatterBot November reevaluating
ChatterBot Sierra reevaluating
ChatterBot Delta reevaluating
randomSelections Quebec: {Quebec, Victor, India, Lima, Romeo, Sierra} 
2024-10-14 15:26:31.383064 Quebec: We would work well together
ChatterBot Victor reevaluating
ChatterBot India reevaluating
ChatterBot Lima reevaluating
ChatterBot Romeo reevaluating
ChatterBot Sierra reevaluating
2024-10-14 15:26:31.391044 Victor: Yes
2024-10-14 15:26:31.391173 India: No
2024-10-14 15:26:31.391435 Lima: Yes
2024-10-14 15:26:31.391576 Romeo: No
2024-10-14 15:26:31.392549 Sierra: No
ChatterBot India reevaluating
ChatterBot Lima reevaluating
ChatterBot Romeo reevaluating
ChatterBot Sierra reevaluating
ChatterBot Victor reevaluating
ChatterBot Lima reevaluating
ChatterBot Romeo reevaluating
ChatterBot Sierra reevaluating
ChatterBot Victor reevaluating
ChatterBot India reevaluating
ChatterBot Romeo reevaluating
ChatterBot Sierra reevaluating
ChatterBot Victor reevaluating
ChatterBot India reevaluating
ChatterBot Lima reevaluating
ChatterBot Sierra reevaluating
ChatterBot Victor reevaluating
ChatterBot India reevaluating
ChatterBot Lima reevaluating
ChatterBot Romeo reevaluating
randomSelections Papa: {Papa, Delta, Quebec, November, Oscar, Romeo} 
2024-10-14 15:26:31.451568 Papa: Let's form a team
ChatterBot Delta reevaluating
ChatterBot November reevaluating
ChatterBot Romeo reevaluating
2024-10-14 15:26:31.459104 Delta: No
2024-10-14 15:26:31.459240 Quebec: No
2024-10-14 15:26:31.459347 November: No
2024-10-14 15:26:31.459469 Oscar: No
2024-10-14 15:26:31.459634 Romeo: No
ChatterBot November reevaluating
ChatterBot Romeo reevaluating
ChatterBot Delta reevaluating
ChatterBot November reevaluating
ChatterBot Romeo reevaluating
ChatterBot Delta reevaluating
ChatterBot Romeo reevaluating
ChatterBot Delta reevaluating
ChatterBot November reevaluating
ChatterBot Romeo reevaluating
ChatterBot Delta reevaluating
ChatterBot November reevaluating
2024-10-14 15:26:31.507238 India: Oscar, sending you 1
2024-10-14 15:26:31.509932 Papa: Oscar and Romeo, sending you 1
2024-10-14 15:26:31.510495 November: Oscar, sending you 4
2024-10-14 15:26:31.512639 India: November and Romeo, sending you 2
2024-10-14 15:26:31.513105 Victor: Sierra and Quebec, sending you 1
2024-10-14 15:26:31.513438 Lima: Victor, sending you 4
2024-10-14 15:26:31.513797 Papa: November and Delta, sending you 4
2024-10-14 15:26:31.515165 November: Sierra, sending you 1
2024-10-14 15:26:31.516282 Quebec: Victor and Lima, sending you 3
2024-10-14 15:26:31.517635 India: Sierra, sending you 4
2024-10-14 15:26:31.518116 Delta: November, sending you 1
2024-10-14 15:26:31.519570 Victor: India, sending you 3
2024-10-14 15:26:31.520089 Sierra: Oscar, sending you 4
2024-10-14 15:26:31.520607 Oscar: November, sending you 5
2024-10-14 15:26:31.521954 Lima: Sierra and Romeo, sending you 1
2024-10-14 15:26:31.522456 Papa: Quebec, sending you 2
2024-10-14 15:26:31.522924 November: India and Romeo, sending you 2
2024-10-14 15:26:31.524005 Quebec: Sierra, sending you 1
2024-10-14 15:26:31.524422 India: Delta, sending you 3
2024-10-14 15:26:31.524884 Sierra: November, sending you 5
2024-10-14 15:26:31.525995 Delta: India, sending you 2
2024-10-14 15:26:31.526394 Victor: Lima and Romeo, sending you 2
2024-10-14 15:26:31.526857 Oscar: Sierra and Delta, sending you 1
2024-10-14 15:26:31.527965 Lima: India and Quebec, sending you 5
2024-10-14 15:26:31.528526 November: Delta, sending you 5
2024-10-14 15:26:31.529047 Romeo: Oscar, India and Delta, sending you 1
2024-10-14 15:26:31.530476 Quebec: India and Romeo, sending you 2
2024-10-14 15:26:31.530974 Sierra: Romeo, sending you 2
2024-10-14 15:26:31.534379 Romeo: November and Sierra, sending you 2
chatterbot Victor submitting transactions
chatterbot Oscar submitting transactions
chatterbot Romeo submitting transactions
chatterbot Sierra submitting transactions
chatterbot India submitting transactions
chatterbot Quebec submitting transactions
chatterbot Lima submitting transactions
chatterbot Papa submitting transactions
chatterbot Delta submitting transactions
chatterbot November submitting transactions
ChatterBot Victor round 2
ChatterBot Oscar round 2
ChatterBot November round 2
ChatterBot Sierra round 2
ChatterBot India round 2
ChatterBot Lima round 2
2024-10-14 15:26:32.521163 Lima: We should group up
ChatterBot Victor reevaluating
ChatterBot Quebec reevaluating
ChatterBot Papa reevaluating
2024-10-14 15:26:32.551325 Victor: Yes
2024-10-14 15:26:32.551532 Quebec: No
2024-10-14 15:26:32.551707 Papa: No
ChatterBot Quebec reevaluating
ChatterBot Papa reevaluating
ChatterBot Victor reevaluating
ChatterBot Papa reevaluating
ChatterBot Victor reevaluating
ChatterBot Quebec reevaluating
2024-10-14 15:26:32.617810 Quebec: We would work well together
2024-10-14 15:26:32.624572 Lima: Yes
ChatterBot Quebec reevaluating
ChatterBot Romeo round 2
ChatterBot Quebec round 2
ChatterBot Delta round 2
ChatterBot Papa round 2
2024-10-14 15:26:32.686343 Romeo: We should drop Delta
ChatterBot Oscar reevaluating
2024-10-14 15:26:32.708278 Oscar: Yes
2024-10-14 15:26:32.708868 November: No
2024-10-14 15:26:32.709025 Sierra: No
2024-10-14 15:26:32.709182 India: No
ChatterBot November reevaluating
ChatterBot Sierra reevaluating
ChatterBot Oscar reevaluating
ChatterBot Sierra reevaluating
ChatterBot Oscar reevaluating
ChatterBot November reevaluating
ChatterBot Oscar reevaluating
ChatterBot November reevaluating
ChatterBot Sierra reevaluating
2024-10-14 15:26:32.799652 Lima: Victor and Papa, sending you 5
2024-10-14 15:26:33.267019 India: Oscar and Sierra, sending you 1
2024-10-14 15:26:33.267951 Lima: Quebec, sending you 6
2024-10-14 15:26:33.268297 Victor: Sending you each 3
chatterbot Lima submitting transactions
2024-10-14 15:26:33.727749 India: November and Delta, sending you 4
2024-10-14 15:26:33.728887 Quebec: Victor and Papa, sending you 3
2024-10-14 15:26:33.729160 Delta: November, sending you 2
2024-10-14 15:26:33.729493 Romeo: Oscar, sending you 1
2024-10-14 15:26:33.730270 Papa: Sending you each 4
chatterbot Quebec submitting transactions
chatterbot Papa submitting transactions
2024-10-14 15:26:34.728541 Quebec: Lima, sending you 5
2024-10-14 15:26:34.729680 Delta: India, sending you 1
2024-10-14 15:26:34.730218 Romeo: November, Sierra and India, sending you 2
2024-10-14 15:26:34.731090 Oscar: November and Sierra, sending you 3
2024-10-14 15:26:34.731486 India: Romeo, sending you 2
2024-10-14 15:26:34.731898 November: Oscar and Sierra, sending you 4
2024-10-14 15:26:34.732766 Sierra: Oscar and November, sending you 2
chatterbot Delta submitting transactions
chatterbot India submitting transactions
chatterbot Oscar submitting transactions
chatterbot Sierra submitting transactions
chatterbot November submitting transactions
chatterbot Victor submitting transactions
chatterbot Romeo submitting transactions
2024-10-14 15:26:34.756703 Oscar: Romeo, sending you 1
2024-10-14 15:26:34.757694 Romeo: Victor did not give me 2 like they said
ChatterBot Oscar reevaluating
ChatterBot November reevaluating
ChatterBot Sierra reevaluating
ChatterBot India reevaluating
2024-10-14 15:26:34.792416 Romeo: Lima did not give me 1 like they said
ChatterBot Oscar reevaluating
ChatterBot November reevaluating
ChatterBot Sierra reevaluating
ChatterBot India reevaluating
2024-10-14 15:26:34.827200 Romeo: Quebec did not give me 2 like they said
ChatterBot Oscar reevaluating
ChatterBot November reevaluating
ChatterBot Sierra reevaluating
ChatterBot India reevaluating
2024-10-14 15:26:34.861908 Romeo: Papa did not give me 1 like they said
ChatterBot Oscar reevaluating
ChatterBot November reevaluating
ChatterBot Sierra reevaluating
ChatterBot India reevaluating
2024-10-14 15:26:34.903467 India: Victor did not give me 3 like they said
ChatterBot Oscar reevaluating
ChatterBot November reevaluating
ChatterBot Sierra reevaluating
ChatterBot Delta reevaluating
ChatterBot Romeo reevaluating
2024-10-14 15:26:34.926724 India: Lima did not give me 5 like they said
ChatterBot Oscar reevaluating
ChatterBot November reevaluating
ChatterBot Sierra reevaluating
ChatterBot Delta reevaluating
ChatterBot Romeo reevaluating
2024-10-14 15:26:34.956777 India: Quebec did not give me 2 like they said
ChatterBot Oscar reevaluating
ChatterBot November reevaluating
ChatterBot Sierra reevaluating
ChatterBot Delta reevaluating
ChatterBot Romeo reevaluating
2024-10-14 15:26:34.997297 India: Delta did not give me 2 like they said
ChatterBot Oscar reevaluating
ChatterBot November reevaluating
ChatterBot Sierra reevaluating
ChatterBot Delta reevaluating
ChatterBot Romeo reevaluating
2024-10-14 15:26:35.041683 Delta: Oscar did not give me 1 like they said
ChatterBot Oscar reevaluating
ChatterBot India reevaluating
ChatterBot November reevaluating
ChatterBot Sierra reevaluating
ChatterBot Romeo reevaluating
2024-10-14 15:26:35.081823 Delta: November did not give me 5 like they said
ChatterBot Oscar reevaluating
ChatterBot India reevaluating
ChatterBot November reevaluating
ChatterBot Sierra reevaluating
ChatterBot Romeo reevaluating
2024-10-14 15:26:35.121292 Delta: Romeo did not give me 1 like they said
ChatterBot Oscar reevaluating
ChatterBot India reevaluating
ChatterBot November reevaluating
ChatterBot Sierra reevaluating
ChatterBot Romeo reevaluating
2024-10-14 15:26:35.190120 Delta: Papa did not give me 4 like they said
ChatterBot Oscar reevaluating
ChatterBot India reevaluating
ChatterBot November reevaluating
ChatterBot Sierra reevaluating
ChatterBot Romeo reevaluating
ChatterBot Victor round 3
ChatterBot Oscar round 3
ChatterBot November round 3
ChatterBot Sierra round 3
ChatterBot India round 3
ChatterBot Lima round 3
ChatterBot Romeo round 3
ChatterBot Quebec round 3
ChatterBot Delta round 3
ChatterBot Papa round 3
2024-10-14 15:26:35.219902 Romeo: We should add Delta
ChatterBot Oscar reevaluating
ChatterBot November reevaluating
ChatterBot Sierra reevaluating
ChatterBot India reevaluating
2024-10-14 15:26:35.236314 Oscar: Yes
2024-10-14 15:26:35.237335 November: Yes
2024-10-14 15:26:35.238256 Sierra: Yes
2024-10-14 15:26:35.238435 India: Yes
ChatterBot Romeo reevaluating
ChatterBot November reevaluating
ChatterBot Sierra reevaluating
ChatterBot India reevaluating
ChatterBot Romeo reevaluating
ChatterBot Oscar reevaluating
ChatterBot Sierra reevaluating
ChatterBot India reevaluating
ChatterBot Romeo reevaluating
ChatterBot Oscar reevaluating
ChatterBot November reevaluating
ChatterBot India reevaluating
ChatterBot Romeo reevaluating
ChatterBot Oscar reevaluating
ChatterBot November reevaluating
ChatterBot Sierra reevaluating
2024-10-14 15:26:35.314181 Quebec: We should add Romeo
ChatterBot Lima reevaluating
ChatterBot Victor reevaluating
ChatterBot Papa reevaluating
2024-10-14 15:26:35.325922 Lima: Yes
2024-10-14 15:26:35.326094 Victor: No
2024-10-14 15:26:35.326744 Papa: No
ChatterBot Victor reevaluating
ChatterBot Papa reevaluating
ChatterBot Lima reevaluating
ChatterBot Quebec reevaluating
ChatterBot Papa reevaluating
ChatterBot Lima reevaluating
ChatterBot Victor reevaluating
ChatterBot Quebec reevaluating
2024-10-14 15:26:35.378055 Lima: We should add India
ChatterBot Victor reevaluating
ChatterBot Quebec reevaluating
ChatterBot Papa reevaluating
2024-10-14 15:26:35.390821 Victor: Yes
2024-10-14 15:26:35.390942 Quebec: No
2024-10-14 15:26:35.391044 Papa: No
ChatterBot Lima reevaluating
ChatterBot Quebec reevaluating
ChatterBot Papa reevaluating
ChatterBot Lima reevaluating
ChatterBot Victor reevaluating
ChatterBot Papa reevaluating
ChatterBot Lima reevaluating
ChatterBot Victor reevaluating
ChatterBot Quebec reevaluating
2024-10-14 15:26:35.443469 Quebec: We should add Delta
ChatterBot Lima reevaluating
ChatterBot Victor reevaluating
ChatterBot Papa reevaluating
2024-10-14 15:26:35.454727 Lima: No
2024-10-14 15:26:35.454862 Victor: Yes
2024-10-14 15:26:35.454984 Papa: No
ChatterBot Victor reevaluating
ChatterBot Quebec reevaluating
ChatterBot Papa reevaluating
ChatterBot Lima reevaluating
ChatterBot Quebec reevaluating
ChatterBot Papa reevaluating
ChatterBot Lima reevaluating
ChatterBot Victor reevaluating
ChatterBot Quebec reevaluating
2024-10-14 15:26:35.492371 Victor: We should add Oscar
ChatterBot Lima reevaluating
ChatterBot Quebec reevaluating
2024-10-14 15:26:35.510248 Lima: No
2024-10-14 15:26:35.510439 Quebec: Yes
2024-10-14 15:26:35.510587 Papa: No
ChatterBot Victor reevaluating
ChatterBot Quebec reevaluating
ChatterBot Lima reevaluating
ChatterBot Victor reevaluating
ChatterBot Lima reevaluating
ChatterBot Victor reevaluating
ChatterBot Quebec reevaluating
2024-10-14 15:26:35.546385 Romeo: Delta we want you to join our group
2024-10-14 15:26:35.550257 Delta: Yes
ChatterBot Romeo reevaluating
2024-10-14 15:26:35.624112 Lima: Delta we want you to join our group
2024-10-14 15:26:35.629580 Delta: No
ChatterBot Lima reevaluating
2024-10-14 15:26:35.645334 Quebec: India we want you to join our group
2024-10-14 15:26:35.649649 India: No
ChatterBot Lima reevaluating
2024-10-14 15:26:35.665186 Lima: We should add Sierra
ChatterBot Victor reevaluating
2024-10-14 15:26:35.677245 Victor: No
2024-10-14 15:26:35.677510 Quebec: No
2024-10-14 15:26:35.677672 Papa: No
ChatterBot Lima reevaluating
ChatterBot Lima reevaluating
ChatterBot Victor reevaluating
ChatterBot Papa reevaluating
ChatterBot Lima reevaluating
ChatterBot Victor reevaluating
2024-10-14 15:26:35.714473 Oscar: November, sending you 3
2024-10-14 15:26:35.715747 November: Oscar, sending you 4
2024-10-14 15:26:35.716310 Delta: November, sending you 1
2024-10-14 15:26:35.717212 India: Oscar, sending you 1
2024-10-14 15:26:35.722323 November: Sierra and India, sending you 3
2024-10-14 15:26:35.723239 Oscar: Sierra, sending you 2
2024-10-14 15:26:35.723708 Delta: India, sending you 2
2024-10-14 15:26:35.724713 India: November, Sierra and Romeo, sending you 3
2024-10-14 15:26:35.725238 Papa: Delta we want you to join our group
2024-10-14 15:26:35.731492 Delta: No
ChatterBot Lima reevaluating
ChatterBot Victor reevaluating
ChatterBot Papa reevaluating
2024-10-14 15:26:35.758029 November: Romeo and Delta, sending you 2
2024-10-14 15:26:35.758806 Oscar: India and Romeo, sending you 1
2024-10-14 15:26:35.759860 Quebec: Victor, Lima and Papa, sending you 3
2024-10-14 15:26:35.760319 India: Delta, sending you 2
2024-10-14 15:26:35.761475 Lima: Oscar we want you to join our group
2024-10-14 15:26:35.768333 Oscar: No
ChatterBot Lima reevaluating
ChatterBot Victor reevaluating
ChatterBot Papa reevaluating
2024-10-14 15:26:35.795451 Romeo: Oscar, sending you 1
2024-10-14 15:26:35.796547 Quebec: India, sending you 2
2024-10-14 15:26:35.809077 Victor: Romeo we want you to join our group
2024-10-14 15:26:35.812844 Romeo: No
ChatterBot Victor reevaluating
ChatterBot Lima reevaluating
ChatterBot Papa reevaluating
2024-10-14 15:26:35.838235 Romeo: November, Sierra and India, sending you 2
chatterbot Quebec submitting transactions
chatterbot Sierra submitting transactions
2024-10-14 15:26:35.846731 Papa: We should drop Delta
ChatterBot Lima reevaluating
ChatterBot Victor reevaluating
2024-10-14 15:26:35.864651 Lima: Yes
2024-10-14 15:26:35.864850 Victor: Yes
2024-10-14 15:26:35.864994 Quebec: Yes
ChatterBot Victor reevaluating
ChatterBot Papa reevaluating
ChatterBot Lima reevaluating
ChatterBot Papa reevaluating
ChatterBot Lima reevaluating
ChatterBot Victor reevaluating
ChatterBot Papa reevaluating
2024-10-14 15:26:36.118473 Lima: Victor and Papa, sending you 4
2024-10-14 15:26:36.120635 Victor: Lima, sending you 3
2024-10-14 15:26:36.425519 Victor: Romeo, Quebec and Papa, sending you 2
2024-10-14 15:26:36.426034 Lima: Oscar, sending you 3
chatterbot India submitting transactions
chatterbot Delta submitting transactions
chatterbot November submitting transactions
chatterbot Oscar submitting transactions
2024-10-14 15:26:36.930003 Lima: Quebec, sending you 5
chatterbot Lima submitting transactions
chatterbot Papa submitting transactions
chatterbot Romeo submitting transactions
chatterbot Victor submitting transactions
ChatterBot Victor round 4
ChatterBot Oscar round 4
ChatterBot November round 4
ChatterBot Sierra round 4
ChatterBot India round 4
ChatterBot Lima round 4
ChatterBot Romeo round 4
ChatterBot Quebec round 4
ChatterBot Delta round 4
ChatterBot Papa round 4
2024-10-14 15:26:37.805533 Victor: Lima, sending you 3
2024-10-14 15:26:37.806642 Papa: We should drop Delta
ChatterBot Lima reevaluating
2024-10-14 15:26:37.825121 Lima: Yes
2024-10-14 15:26:37.825333 Victor: Yes
2024-10-14 15:26:37.825474 Quebec: Yes
ChatterBot Papa reevaluating
ChatterBot Lima reevaluating
ChatterBot Papa reevaluating
ChatterBot Lima reevaluating
ChatterBot Victor reevaluating
ChatterBot Papa reevaluating
2024-10-14 15:26:37.927490 India: Oscar, sending you 1
2024-10-14 15:26:37.928061 Romeo: Oscar, sending you 1
2024-10-14 15:26:37.928502 Oscar: November, sending you 3
2024-10-14 15:26:37.929293 Delta: November, sending you 1
2024-10-14 15:26:37.929729 Quebec: Victor, Lima and Papa, sending you 3
2024-10-14 15:26:37.930598 November: Oscar, sending you 4
2024-10-14 15:26:37.931237 Victor: We should drop Romeo
ChatterBot Lima reevaluating
ChatterBot Papa reevaluating
2024-10-14 15:26:37.943112 Lima: Yes
2024-10-14 15:26:37.943348 Quebec: Yes
2024-10-14 15:26:37.943487 Papa: Yes
ChatterBot Victor reevaluating
ChatterBot Papa reevaluating
ChatterBot Lima reevaluating
ChatterBot Victor reevaluating
ChatterBot Papa reevaluating
ChatterBot Lima reevaluating
ChatterBot Victor reevaluating
2024-10-14 15:26:37.980016 Romeo: November, Sierra and India, sending you 2
2024-10-14 15:26:37.980546 India: November, sending you 4
2024-10-14 15:26:37.981357 Delta: India, sending you 2
2024-10-14 15:26:37.981772 Quebec: India, sending you 2
2024-10-14 15:26:37.982126 Oscar: Sierra, sending you 2
2024-10-14 15:26:37.982849 November: Sierra and India, sending you 3
2024-10-14 15:26:37.992174 India: Sierra, sending you 3
2024-10-14 15:26:37.993153 November: Romeo and Delta, sending you 2
2024-10-14 15:26:37.993680 Oscar: India and Romeo, sending you 1
2024-10-14 15:26:37.998634 India: Romeo and Delta, sending you 2
2024-10-14 15:26:38.254593 Victor: Sorry, I'm actually sending you 0
chatterbot Oscar submitting transactions
2024-10-14 15:26:38.257683 Lima: Victor and Papa, sending you 4
2024-10-14 15:26:38.258093 Victor: Sending you each 3
2024-10-14 15:26:38.272534 Lima: Oscar, sending you 3
2024-10-14 15:26:38.289923 Lima: Quebec, sending you 5
chatterbot November submitting transactions
chatterbot Delta submitting transactions
chatterbot Lima submitting transactions
chatterbot Sierra submitting transactions
chatterbot Quebec submitting transactions
chatterbot Romeo submitting transactions
chatterbot India submitting transactions
chatterbot Victor submitting transactions
chatterbot Papa submitting transactions
ChatterBot Victor round 5
ChatterBot Oscar round 5
ChatterBot November round 5
ChatterBot Sierra round 5
ChatterBot India round 5
ChatterBot Lima round 5
ChatterBot Romeo round 5
ChatterBot Quebec round 5
ChatterBot Delta round 5
ChatterBot Papa round 5
2024-10-14 15:26:39.360388 Papa: We should drop Delta
2024-10-14 15:26:39.372004 Lima: Yes
2024-10-14 15:26:39.372246 Victor: Yes
2024-10-14 15:26:39.372805 Quebec: Yes
2024-10-14 15:26:39.685401 Victor: Same as last round
2024-10-14 15:26:39.686713 Lima: Victor and Quebec, sending you 4
2024-10-14 15:26:39.762651 Delta: November, sending you 1
2024-10-14 15:26:39.763932 November: Oscar, sending you 4
2024-10-14 15:26:39.764999 Quebec: Victor, Lima and Papa, sending you 3
2024-10-14 15:26:39.765332 Lima: Oscar, sending you 3
2024-10-14 15:26:39.765656 India: Oscar, sending you 1
2024-10-14 15:26:39.766396 Oscar: November, sending you 3
2024-10-14 15:26:39.766796 Romeo: Oscar, sending you 1
2024-10-14 15:26:39.767733 Delta: India, sending you 2
2024-10-14 15:26:39.768340 Quebec: India, sending you 2
2024-10-14 15:26:39.805073 November: Sierra and India, sending you 3
2024-10-14 15:26:39.806006 India: November, sending you 4
2024-10-14 15:26:39.806461 Oscar: Sierra, sending you 2
2024-10-14 15:26:39.807288 Romeo: November, Sierra and India, sending you 2
2024-10-14 15:26:39.807727 Lima: Papa, sending you 5
chatterbot India submitting transactions
2024-10-14 15:26:39.808761 India: Sierra, sending you 3
2024-10-14 15:26:39.857663 November: Romeo and Delta, sending you 2
2024-10-14 15:26:39.858667 Oscar: India and Romeo, sending you 1
2024-10-14 15:26:39.859191 India: Romeo and Delta, sending you 2
chatterbot Papa submitting transactions
chatterbot Victor submitting transactions
chatterbot Lima submitting transactions
chatterbot Sierra submitting transactions
chatterbot Delta submitting transactions
chatterbot Romeo submitting transactions
chatterbot November submitting transactions
chatterbot Quebec submitting transactions
chatterbot Oscar submitting transactions
ChatterBot Victor round 6
ChatterBot Oscar round 6
ChatterBot November round 6
ChatterBot Sierra round 6
ChatterBot India round 6
ChatterBot Lima round 6
ChatterBot Romeo round 6
ChatterBot Quebec round 6
ChatterBot Delta round 6
ChatterBot Papa round 6
2024-10-14 15:26:40.716688 Victor: Same as last round
2024-10-14 15:26:40.718382 Papa: We should drop Delta
2024-10-14 15:26:40.734493 Lima: Yes
2024-10-14 15:26:40.735017 Victor: Yes
2024-10-14 15:26:40.735330 Quebec: Yes
2024-10-14 15:26:40.783127 India: Oscar, sending you 1
2024-10-14 15:26:40.783978 November: Oscar and Sierra, sending you 3
2024-10-14 15:26:40.785405 Oscar: November, sending you 3
2024-10-14 15:26:40.788678 India: November, sending you 4
2024-10-14 15:26:40.790510 November: India, sending you 4
2024-10-14 15:26:40.791163 Lima: Victor and Quebec, sending you 4
2024-10-14 15:26:40.792331 Romeo: Oscar, sending you 1
2024-10-14 15:26:40.792859 Oscar: Sierra, sending you 2
2024-10-14 15:26:40.793383 Quebec: Victor, Lima and Papa, sending you 3
2024-10-14 15:26:40.794694 India: Sierra, sending you 3
2024-10-14 15:26:40.795948 Lima: Oscar, sending you 3
2024-10-14 15:26:40.796339 November: Romeo and Delta, sending you 2
2024-10-14 15:26:40.796904 Romeo: November, Sierra and India, sending you 2
2024-10-14 15:26:40.797979 Oscar: India and Romeo, sending you 1
2024-10-14 15:26:40.798567 Quebec: India, sending you 2
2024-10-14 15:26:40.799671 India: Romeo and Delta, sending you 2
2024-10-14 15:26:40.800859 Lima: Papa, sending you 5
2024-10-14 15:26:40.803674 Delta: November, sending you 1
2024-10-14 15:26:40.808681 Delta: India, sending you 2
chatterbot Sierra submitting transactions
chatterbot Papa submitting transactions
chatterbot Victor submitting transactions
chatterbot Quebec submitting transactions
chatterbot Romeo submitting transactions
chatterbot Delta submitting transactions
chatterbot Oscar submitting transactions
chatterbot Lima submitting transactions
chatterbot November submitting transactions
chatterbot India submitting transactions
ChatterBot Victor round 7
ChatterBot Oscar round 7
ChatterBot November round 7
ChatterBot Sierra round 7
ChatterBot India round 7
ChatterBot Lima round 7
ChatterBot Romeo round 7
ChatterBot Quebec round 7
ChatterBot Delta round 7
ChatterBot Papa round 7
2024-10-14 15:26:41.979718 Lima: We should replace Oscar with November
ChatterBot Quebec reevaluating
2024-10-14 15:26:41.991648 Victor: No
2024-10-14 15:26:41.991874 Quebec: Yes
2024-10-14 15:26:41.992044 Papa: No
ChatterBot Quebec reevaluating
ChatterBot Lima reevaluating
ChatterBot Quebec reevaluating
2024-10-14 15:26:42.058927 Lima: We should replace Oscar with India
ChatterBot Quebec reevaluating
2024-10-14 15:26:42.069266 Victor: No
2024-10-14 15:26:42.069450 Quebec: Yes
2024-10-14 15:26:42.070085 Papa: No
ChatterBot Lima reevaluating
ChatterBot Quebec reevaluating
ChatterBot Lima reevaluating
ChatterBot Victor reevaluating
ChatterBot Lima reevaluating
ChatterBot Victor reevaluating
ChatterBot Quebec reevaluating
2024-10-14 15:26:42.102975 Victor: We should add November
ChatterBot Lima reevaluating
ChatterBot Quebec reevaluating
2024-10-14 15:26:42.113420 Lima: Yes
2024-10-14 15:26:42.113582 Quebec: Yes
2024-10-14 15:26:42.114088 Papa: No
ChatterBot Victor reevaluating
ChatterBot Quebec reevaluating
ChatterBot Lima reevaluating
ChatterBot Victor reevaluating
ChatterBot Lima reevaluating
ChatterBot Victor reevaluating
ChatterBot Quebec reevaluating
2024-10-14 15:26:42.192783 Papa: We should drop Delta
ChatterBot Lima reevaluating
ChatterBot Victor reevaluating
ChatterBot Quebec reevaluating
2024-10-14 15:26:42.231299 Lima: Yes
2024-10-14 15:26:42.231587 Victor: Yes
2024-10-14 15:26:42.231866 Quebec: Yes
ChatterBot Victor reevaluating
ChatterBot Quebec reevaluating
ChatterBot Lima reevaluating
ChatterBot Quebec reevaluating
ChatterBot Lima reevaluating
ChatterBot Victor reevaluating
2024-10-14 15:26:42.318309 November: Oscar and Sierra, sending you 3
2024-10-14 15:26:42.321357 Oscar: November, sending you 3
2024-10-14 15:26:42.323734 Lima: November we want you to join our group
2024-10-14 15:26:42.328510 November: No
ChatterBot Lima reevaluating
ChatterBot Victor reevaluating
ChatterBot Quebec reevaluating
2024-10-14 15:26:42.344417 Victor: We should add Oscar
ChatterBot Lima reevaluating
ChatterBot Quebec reevaluating
2024-10-14 15:26:42.355578 Lima: Yes
2024-10-14 15:26:42.355735 Quebec: No
2024-10-14 15:26:42.355861 Papa: No
ChatterBot Victor reevaluating
ChatterBot Quebec reevaluating
ChatterBot Lima reevaluating
ChatterBot Victor reevaluating
ChatterBot Lima reevaluating
ChatterBot Victor reevaluating
ChatterBot Quebec reevaluating
2024-10-14 15:26:42.390751 India: Oscar, sending you 1
2024-10-14 15:26:42.391517 Delta: November, sending you 1
2024-10-14 15:26:42.392113 Romeo: Oscar, sending you 1
2024-10-14 15:26:42.393541 November: India, sending you 4
2024-10-14 15:26:42.394682 Oscar: Sierra, sending you 2
2024-10-14 15:26:42.395301 India: November, sending you 4
2024-10-14 15:26:42.395889 Delta: India, sending you 2
2024-10-14 15:26:42.397257 Romeo: November, Sierra and India, sending you 2
2024-10-14 15:26:42.407115 November: Romeo and Delta, sending you 2
2024-10-14 15:26:42.407833 Victor: November we want you to join our group
2024-10-14 15:26:42.411473 November: No
ChatterBot Lima reevaluating
ChatterBot Victor reevaluating
ChatterBot Quebec reevaluating
2024-10-14 15:26:42.427155 Quebec: We should replace India with Oscar
ChatterBot Lima reevaluating
ChatterBot Victor reevaluating
2024-10-14 15:26:42.442278 Lima: No
2024-10-14 15:26:42.442485 Victor: Yes
2024-10-14 15:26:42.442605 Papa: No
ChatterBot Victor reevaluating
ChatterBot Quebec reevaluating
ChatterBot Lima reevaluating
ChatterBot Quebec reevaluating
ChatterBot Lima reevaluating
ChatterBot Victor reevaluating
ChatterBot Quebec reevaluating
2024-10-14 15:26:42.484563 Oscar: India and Romeo, sending you 1
2024-10-14 15:26:42.485200 India: Sierra, sending you 3
2024-10-14 15:26:42.489449 India: Romeo and Delta, sending you 2
2024-10-14 15:26:42.495524 Victor: Oscar we want you to join our group
2024-10-14 15:26:42.500920 Oscar: No
ChatterBot Lima reevaluating
ChatterBot Victor reevaluating
ChatterBot Quebec reevaluating
chatterbot Oscar submitting transactions
2024-10-14 15:26:42.526033 Quebec: Oscar we want you to join our group
2024-10-14 15:26:42.530250 Oscar: No
ChatterBot Lima reevaluating
ChatterBot Quebec reevaluating
chatterbot Romeo submitting transactions
2024-10-14 15:26:42.581671 Victor: Oscar, Quebec and Papa, sending you 2
2024-10-14 15:26:42.586692 Victor: Lima, sending you 3
2024-10-14 15:26:42.587916 Lima: Victor and Quebec, sending you 4
2024-10-14 15:26:42.589709 Quebec: Victor, Lima and Papa, sending you 3
2024-10-14 15:26:42.592062 Lima: November, sending you 3
2024-10-14 15:26:42.595677 Quebec: Oscar, sending you 2
2024-10-14 15:26:42.596606 Lima: Papa, sending you 5
chatterbot Delta submitting transactions
chatterbot Sierra submitting transactions
chatterbot Lima submitting transactions
chatterbot Victor submitting transactions
chatterbot November submitting transactions
chatterbot Papa submitting transactions
chatterbot India submitting transactions
chatterbot Quebec submitting transactions
ChatterBot Victor round 8
ChatterBot Oscar round 8
ChatterBot November round 8
ChatterBot Sierra round 8
ChatterBot India round 8
ChatterBot Lima round 8
ChatterBot Romeo round 8
ChatterBot Quebec round 8
ChatterBot Delta round 8
ChatterBot Papa round 8
2024-10-14 15:26:43.844925 November: We should add Papa
ChatterBot India reevaluating
ChatterBot Delta reevaluating
2024-10-14 15:26:43.860244 Oscar: No
2024-10-14 15:26:43.860911 India: Yes
2024-10-14 15:26:43.861058 Sierra: No
2024-10-14 15:26:43.861198 Delta: Yes
2024-10-14 15:26:43.861326 Romeo: No
ChatterBot India reevaluating
ChatterBot November reevaluating
ChatterBot Delta reevaluating
ChatterBot November reevaluating
ChatterBot Delta reevaluating
ChatterBot India reevaluating
ChatterBot November reevaluating
ChatterBot Delta reevaluating
ChatterBot India reevaluating
ChatterBot November reevaluating
ChatterBot India reevaluating
ChatterBot November reevaluating
ChatterBot Delta reevaluating
2024-10-14 15:26:44.023033 India: We should add Quebec
ChatterBot November reevaluating
ChatterBot Delta reevaluating
2024-10-14 15:26:44.049914 Oscar: No
2024-10-14 15:26:44.050663 November: Yes
2024-10-14 15:26:44.050958 Sierra: No
2024-10-14 15:26:44.051289 Delta: No
2024-10-14 15:26:44.051633 Romeo: No
ChatterBot India reevaluating
ChatterBot November reevaluating
ChatterBot Delta reevaluating
ChatterBot India reevaluating
ChatterBot Delta reevaluating
ChatterBot India reevaluating
ChatterBot November reevaluating
ChatterBot Delta reevaluating
ChatterBot India reevaluating
ChatterBot November reevaluating
ChatterBot India reevaluating
ChatterBot November reevaluating
ChatterBot Delta reevaluating
2024-10-14 15:26:44.231360 India: We should add Lima
ChatterBot November reevaluating
2024-10-14 15:26:44.256577 Oscar: No
2024-10-14 15:26:44.256872 November: Yes
2024-10-14 15:26:44.257076 Sierra: No
2024-10-14 15:26:44.257250 Delta: No
2024-10-14 15:26:44.257448 Romeo: No
ChatterBot November reevaluating
ChatterBot India reevaluating
ChatterBot India reevaluating
ChatterBot November reevaluating
ChatterBot India reevaluating
ChatterBot November reevaluating
ChatterBot India reevaluating
ChatterBot November reevaluating
2024-10-14 15:26:44.385703 India: We should add Victor
2024-10-14 15:26:44.386548 November: We should add Victor
ChatterBot November reevaluating
2024-10-14 15:26:44.400237 Oscar: No
2024-10-14 15:26:44.400800 November: Yes
2024-10-14 15:26:44.400980 Sierra: No
2024-10-14 15:26:44.401187 Delta: No
2024-10-14 15:26:44.401321 Romeo: No
ChatterBot India reevaluating
2024-10-14 15:26:44.415209 Oscar: No
2024-10-14 15:26:44.415408 India: Yes
2024-10-14 15:26:44.415584 Sierra: No
2024-10-14 15:26:44.415737 Delta: No
2024-10-14 15:26:44.415889 Romeo: No
ChatterBot India reevaluating
ChatterBot November reevaluating
ChatterBot India reevaluating
ChatterBot India reevaluating
ChatterBot November reevaluating
ChatterBot India reevaluating
ChatterBot November reevaluating
ChatterBot India reevaluating
ChatterBot November reevaluating
ChatterBot India reevaluating
ChatterBot November reevaluating
ChatterBot November reevaluating
ChatterBot India reevaluating
ChatterBot November reevaluating
ChatterBot India reevaluating
ChatterBot November reevaluating
ChatterBot India reevaluating
ChatterBot November reevaluating
2024-10-14 15:26:44.638453 Papa: We should drop Delta
ChatterBot Lima reevaluating
2024-10-14 15:26:44.647856 Lima: Yes
2024-10-14 15:26:44.648240 Victor: Yes
2024-10-14 15:26:44.648373 Quebec: Yes
ChatterBot Lima reevaluating
ChatterBot Lima reevaluating
chatterbot Victor submitting transactions
2024-10-14 15:26:44.679732 Victor: Oscar, Quebec and Papa, sending you 2
2024-10-14 15:26:44.700348 Oscar: November, sending you 3
2024-10-14 15:26:44.702365 November: Papa we want you to join our group
ChatterBot Papa reevaluating
2024-10-14 15:26:44.709085 Papa: No
2024-10-14 15:26:44.737427 Papa: We should replace Delta with Oscar
ChatterBot Lima reevaluating
2024-10-14 15:26:44.752719 Lima: Yes
2024-10-14 15:26:44.752947 Victor: Yes
2024-10-14 15:26:44.753094 Quebec: Yes
ChatterBot Papa reevaluating
ChatterBot Lima reevaluating
ChatterBot Papa reevaluating
ChatterBot Lima reevaluating
ChatterBot Papa reevaluating
2024-10-14 15:26:44.784230 Victor: Lima, sending you 3
2024-10-14 15:26:44.784865 Delta: November, Sierra and India, sending you 1
2024-10-14 15:26:44.786574 Oscar: Sierra, sending you 2
2024-10-14 15:26:44.788702 Romeo: Oscar, sending you 1
2024-10-14 15:26:44.795986 Quebec: Victor, Lima and Papa, sending you 3
2024-10-14 15:26:44.797250 Oscar: India and Romeo, sending you 1
2024-10-14 15:26:44.798693 Romeo: November, Sierra and India, sending you 2
2024-10-14 15:26:44.799998 Papa: Oscar we want you to join our group
2024-10-14 15:26:44.803385 Oscar: No
ChatterBot Lima reevaluating
ChatterBot Papa reevaluating
2024-10-14 15:26:44.817536 Lima: We should replace November with Oscar
ChatterBot Papa reevaluating
2024-10-14 15:26:44.827041 Victor: Yes
2024-10-14 15:26:44.827664 Quebec: Yes
2024-10-14 15:26:44.827802 Papa: Yes
ChatterBot Lima reevaluating
ChatterBot Papa reevaluating
ChatterBot Lima reevaluating
ChatterBot Papa reevaluating
ChatterBot Lima reevaluating
2024-10-14 15:26:44.856893 Quebec: Oscar, sending you 2
chatterbot Delta submitting transactions
2024-10-14 15:26:44.859841 India: Oscar, Romeo and Delta, sending you 2
2024-10-14 15:26:44.861363 November: Oscar, Sierra and India, sending you 3
2024-10-14 15:26:44.864682 November: Romeo and Delta, sending you 2
2024-10-14 15:26:44.865691 India: November and Sierra, sending you 3
2024-10-14 15:26:44.867805 Lima: Oscar we want you to join our group
2024-10-14 15:26:44.872704 Oscar: No
ChatterBot Lima reevaluating
ChatterBot Papa reevaluating
2024-10-14 15:26:44.888497 November: Papa, sending you 1
chatterbot Papa submitting transactions
2024-10-14 15:26:44.922996 Lima: Victor and Quebec, sending you 5
2024-10-14 15:26:44.926675 Lima: Papa, sending you 6
chatterbot November submitting transactions
chatterbot Sierra submitting transactions
chatterbot Romeo submitting transactions
chatterbot India submitting transactions
chatterbot Lima submitting transactions
chatterbot Quebec submitting transactions
chatterbot Oscar submitting transactions
ChatterBot Victor round 9
ChatterBot Oscar round 9
ChatterBot November round 9
ChatterBot Sierra round 9
ChatterBot India round 9
ChatterBot Lima round 9
ChatterBot Romeo round 9
ChatterBot Quebec round 9
ChatterBot Delta round 9
ChatterBot Papa round 9
2024-10-14 15:26:45.731777 India: We should add Papa
2024-10-14 15:26:45.789662 Oscar: No
2024-10-14 15:26:45.790716 November: Yes
2024-10-14 15:26:45.791010 Sierra: No
2024-10-14 15:26:45.791423 Delta: No
2024-10-14 15:26:45.791707 Romeo: No
ChatterBot India reevaluating
ChatterBot India reevaluating
ChatterBot India reevaluating
ChatterBot November reevaluating
ChatterBot India reevaluating
ChatterBot November reevaluating
2024-10-14 15:26:45.910458 November: We should drop Papa
ChatterBot India reevaluating
2024-10-14 15:26:45.924896 Oscar: Yes
2024-10-14 15:26:45.925449 India: Yes
2024-10-14 15:26:45.925579 Sierra: Yes
2024-10-14 15:26:45.925704 Delta: Yes
2024-10-14 15:26:45.925830 Romeo: Yes
ChatterBot India reevaluating
ChatterBot November reevaluating
ChatterBot November reevaluating
ChatterBot India reevaluating
ChatterBot November reevaluating
ChatterBot India reevaluating
ChatterBot November reevaluating
ChatterBot India reevaluating
ChatterBot November reevaluating
2024-10-14 15:26:46.007072 Papa: We should drop Delta
2024-10-14 15:26:46.016324 Lima: Yes
2024-10-14 15:26:46.016908 Victor: Yes
2024-10-14 15:26:46.017046 Quebec: Yes
ChatterBot Papa reevaluating
ChatterBot Papa reevaluating
2024-10-14 15:26:46.043918 Papa: We should replace Delta with Oscar
2024-10-14 15:26:46.053023 Lima: Yes
2024-10-14 15:26:46.053168 Victor: Yes
2024-10-14 15:26:46.053275 Quebec: Yes
ChatterBot Papa reevaluating
ChatterBot Papa reevaluating
ChatterBot Papa reevaluating
2024-10-14 15:26:46.087606 Delta: November, Sierra and India, sending you 1
2024-10-14 15:26:46.089252 Oscar: November, sending you 3
2024-10-14 15:26:46.091072 Quebec: Victor, Lima and Papa, sending you 3
2024-10-14 15:26:46.092649 Romeo: Oscar, sending you 1
2024-10-14 15:26:46.094368 Lima: Victor and Quebec, sending you 5
2024-10-14 15:26:46.095398 Victor: Oscar, Quebec and Papa, sending you 2
2024-10-14 15:26:46.096996 Oscar: Sierra, sending you 2
chatterbot Papa submitting transactions
2024-10-14 15:26:46.099134 Quebec: Oscar, sending you 2
2024-10-14 15:26:46.100024 Romeo: November, Sierra and India, sending you 2
2024-10-14 15:26:46.101666 Lima: Papa, sending you 6
2024-10-14 15:26:46.102553 Victor: Lima, sending you 3
2024-10-14 15:26:46.103085 Oscar: India and Romeo, sending you 1
2024-10-14 15:26:46.108149 India: Oscar, Romeo and Delta, sending you 2
2024-10-14 15:26:46.129875 India: November and Sierra, sending you 3
2024-10-14 15:26:46.131363 November: Oscar and Sierra, sending you 3
chatterbot Victor submitting transactions
2024-10-14 15:26:46.157996 November: India, sending you 4
2024-10-14 15:26:46.166178 November: Romeo and Delta, sending you 2
chatterbot Sierra submitting transactions
chatterbot Oscar submitting transactions
chatterbot India submitting transactions
chatterbot Quebec submitting transactions
chatterbot Papa submitting transactions
chatterbot Delta submitting transactions
chatterbot Lima submitting transactions
chatterbot Romeo submitting transactions
chatterbot November submitting transactions
ChatterBot Victor round 10
ChatterBot Oscar round 10
ChatterBot November round 10
ChatterBot Sierra round 10
ChatterBot India round 10
ChatterBot Lima round 10
ChatterBot Romeo round 10
ChatterBot Quebec round 10
ChatterBot Delta round 10
ChatterBot Papa round 10
2024-10-14 15:26:47.138046 Papa: We should replace Delta with Oscar
2024-10-14 15:26:47.146595 Lima: Yes
2024-10-14 15:26:47.146859 Victor: Yes
2024-10-14 15:26:47.147114 Quebec: Yes
ChatterBot Papa reevaluating
ChatterBot Papa reevaluating
ChatterBot Papa reevaluating
2024-10-14 15:26:47.247487 Papa: Oscar we want you to join our group
2024-10-14 15:26:47.252102 Oscar: No
ChatterBot Papa reevaluating
2024-10-14 15:26:47.265887 Romeo: Oscar, sending you 1
2024-10-14 15:26:47.324896 Victor: Oscar, Quebec and Papa, sending you 2
2024-10-14 15:26:47.325953 November: Oscar and Sierra, sending you 3
2024-10-14 15:26:47.327039 Lima: Victor and Quebec, sending you 5
