ChatterBot Tango round 1
ChatterBot India round 1
ChatterBot Uniform round 1
ChatterBot Zulu round 1
ChatterBot Whiskey round 1
ChatterBot Mike round 1
ChatterBot Papa round 1
ChatterBot Golf round 1
randomSelections India: {India, Whiskey, Foxtrot, Uniform, Victor, Papa, Mike} 
2024-10-14 20:38:11.935894 India: Can we be friends?
ChatterBot Whiskey reevaluating
ChatterBot Uniform reevaluating
ChatterBot Papa reevaluating
ChatterBot Mike reevaluating
2024-10-14 20:38:11.944284 Whiskey: Yes
2024-10-14 20:38:11.944421 Uniform: Yes
2024-10-14 20:38:11.944516 Papa: Yes
2024-10-14 20:38:11.944629 Mike: Yes
ChatterBot Uniform reevaluating
ChatterBot Papa reevaluating
ChatterBot Mike reevaluating
ChatterBot Whiskey reevaluating
ChatterBot Papa reevaluating
ChatterBot Mike reevaluating
ChatterBot Whiskey reevaluating
ChatterBot Uniform reevaluating
ChatterBot Mike reevaluating
ChatterBot Whiskey reevaluating
ChatterBot Uniform reevaluating
ChatterBot Papa reevaluating
ChatterBot Victor round 1
ChatterBot Victor reevaluating
ChatterBot Victor reevaluating
ChatterBot Victor reevaluating
ChatterBot Victor reevaluating
ChatterBot Victor reevaluating
2024-10-14 20:38:11.977610 Victor: Yes
ChatterBot Whiskey reevaluating
ChatterBot Uniform reevaluating
ChatterBot Papa reevaluating
ChatterBot Mike reevaluating
ChatterBot Foxtrot round 1
ChatterBot Foxtrot reevaluating
ChatterBot Foxtrot reevaluating
ChatterBot Foxtrot reevaluating
ChatterBot Foxtrot reevaluating
ChatterBot Foxtrot reevaluating
ChatterBot Foxtrot reevaluating
2024-10-14 20:38:12.075200 Foxtrot: Yes
ChatterBot Whiskey reevaluating
ChatterBot Uniform reevaluating
ChatterBot Victor reevaluating
ChatterBot Papa reevaluating
ChatterBot Mike reevaluating
randomSelections Golf: {Golf, Papa, Foxtrot, Tango, India, Uniform, Zulu} 
2024-10-14 20:38:12.098531 Golf: Group up?
ChatterBot Papa reevaluating
ChatterBot Foxtrot reevaluating
ChatterBot Tango reevaluating
ChatterBot Uniform reevaluating
ChatterBot Zulu reevaluating
2024-10-14 20:38:12.116187 Papa: No
2024-10-14 20:38:12.116813 Foxtrot: No
2024-10-14 20:38:12.117279 Tango: Yes
2024-10-14 20:38:12.118129 India: No
2024-10-14 20:38:12.118427 Uniform: No
2024-10-14 20:38:12.118780 Zulu: Yes
ChatterBot Foxtrot reevaluating
ChatterBot Tango reevaluating
ChatterBot Uniform reevaluating
ChatterBot Zulu reevaluating
ChatterBot Papa reevaluating
ChatterBot Tango reevaluating
ChatterBot Uniform reevaluating
ChatterBot Zulu reevaluating
ChatterBot Papa reevaluating
ChatterBot Foxtrot reevaluating
ChatterBot Uniform reevaluating
ChatterBot Zulu reevaluating
ChatterBot Papa reevaluating
ChatterBot Foxtrot reevaluating
ChatterBot Tango reevaluating
ChatterBot Uniform reevaluating
ChatterBot Zulu reevaluating
ChatterBot Papa reevaluating
ChatterBot Foxtrot reevaluating
ChatterBot Tango reevaluating
ChatterBot Zulu reevaluating
ChatterBot Papa reevaluating
ChatterBot Foxtrot reevaluating
ChatterBot Tango reevaluating
ChatterBot Uniform reevaluating
2024-10-14 20:38:12.231800 Golf: Tango and Uniform, sending you 2
2024-10-14 20:38:12.232986 Tango: India and Papa, sending you 1
2024-10-14 20:38:12.235154 Whiskey: India, sending you 4
2024-10-14 20:38:12.235547 Zulu: Tango, Golf and Foxtrot, sending you 2
2024-10-14 20:38:12.236582 India: Uniform, Papa and Victor, sending you 1
2024-10-14 20:38:12.237038 Mike: India and Victor, sending you 1
2024-10-14 20:38:12.237927 Uniform: Whiskey, sending you 2
2024-10-14 20:38:12.238287 Golf: India and Foxtrot, sending you 4
2024-10-14 20:38:12.239941 Papa: Whiskey and Mike, sending you 1
2024-10-14 20:38:12.241042 Foxtrot: Whiskey and Papa, sending you 1
2024-10-14 20:38:12.242524 Whiskey: Uniform, sending you 1
2024-10-14 20:38:12.243377 Zulu: Uniform, sending you 4
2024-10-14 20:38:12.244755 Victor: India, Uniform and Mike, sending you 3
2024-10-14 20:38:12.246154 Mike: Uniform, sending you 6
2024-10-14 20:38:12.247622 India: Whiskey, sending you 3
2024-10-14 20:38:12.249240 Uniform: Mike, Victor and Foxtrot, sending you 1
2024-10-14 20:38:12.250060 Golf: Zulu and Papa, sending you 3
2024-10-14 20:38:12.251569 Foxtrot: Mike, sending you 2
2024-10-14 20:38:12.252960 Whiskey: Mike and Papa, sending you 3
2024-10-14 20:38:12.254342 Zulu: Papa, sending you 3
2024-10-14 20:38:12.255271 Mike: Whiskey, sending you 3
2024-10-14 20:38:12.256584 Victor: Whiskey, sending you 4
2024-10-14 20:38:12.257755 India: Mike and Foxtrot, sending you 5
2024-10-14 20:38:12.258443 Whiskey: Foxtrot, sending you 2
2024-10-14 20:38:12.259661 Mike: Papa, sending you 4
2024-10-14 20:38:12.260806 Victor: Papa, sending you 2
2024-10-14 20:38:12.264366 Mike: Foxtrot, sending you 2
2024-10-14 20:38:12.265954 Victor: Foxtrot, sending you 1
chatterbot Victor submitting transactions
chatterbot Tango submitting transactions
chatterbot Foxtrot submitting transactions
chatterbot India submitting transactions
chatterbot Mike submitting transactions
chatterbot Zulu submitting transactions
chatterbot Golf submitting transactions
chatterbot Uniform submitting transactions
chatterbot Whiskey submitting transactions
chatterbot Papa submitting transactions
ChatterBot Tango round 2
ChatterBot India round 2
ChatterBot Uniform round 2
ChatterBot Zulu round 2
ChatterBot Whiskey round 2
ChatterBot Mike round 2
ChatterBot Papa round 2
ChatterBot Golf round 2
ChatterBot Victor round 2
ChatterBot Foxtrot round 2
2024-10-14 20:38:13.607922 Tango: We should group up
ChatterBot Zulu reevaluating
ChatterBot Golf reevaluating
2024-10-14 20:38:13.616068 Zulu: Yes
2024-10-14 20:38:13.616248 Golf: Yes
ChatterBot Golf reevaluating
ChatterBot Zulu reevaluating
2024-10-14 20:38:13.635298 Uniform: We should replace Papa with Zulu
ChatterBot India reevaluating
ChatterBot Whiskey reevaluating
ChatterBot Mike reevaluating
ChatterBot Foxtrot reevaluating
2024-10-14 20:38:13.702485 India: No
2024-10-14 20:38:13.702728 Whiskey: No
2024-10-14 20:38:13.702897 Mike: No
2024-10-14 20:38:13.703044 Victor: No
2024-10-14 20:38:13.703193 Foxtrot: No
ChatterBot Whiskey reevaluating
ChatterBot Mike reevaluating
ChatterBot Victor reevaluating
ChatterBot Foxtrot reevaluating
ChatterBot India reevaluating
ChatterBot Mike reevaluating
ChatterBot Victor reevaluating
ChatterBot Foxtrot reevaluating
ChatterBot India reevaluating
ChatterBot Whiskey reevaluating
ChatterBot Victor reevaluating
ChatterBot Foxtrot reevaluating
ChatterBot India reevaluating
ChatterBot Whiskey reevaluating
ChatterBot Mike reevaluating
ChatterBot Foxtrot reevaluating
ChatterBot India reevaluating
ChatterBot Whiskey reevaluating
ChatterBot Mike reevaluating
ChatterBot Victor reevaluating
2024-10-14 20:38:13.854491 Papa: Friends?
ChatterBot Tango reevaluating
ChatterBot Zulu reevaluating
ChatterBot Golf reevaluating
2024-10-14 20:38:13.867221 Tango: Yes
2024-10-14 20:38:13.867463 Zulu: Yes
2024-10-14 20:38:13.868231 Golf: Yes
ChatterBot Zulu reevaluating
ChatterBot Golf reevaluating
ChatterBot Tango reevaluating
ChatterBot Golf reevaluating
ChatterBot Tango reevaluating
ChatterBot Zulu reevaluating
2024-10-14 20:38:13.903688 Zulu: We would work well together
ChatterBot Tango reevaluating
ChatterBot Golf reevaluating
ChatterBot Victor reevaluating
2024-10-14 20:38:13.919786 Tango: No
2024-10-14 20:38:13.919979 Papa: No
2024-10-14 20:38:13.920141 Golf: No
2024-10-14 20:38:13.920598 Victor: No
ChatterBot Zulu reevaluating
ChatterBot Golf reevaluating
ChatterBot Victor reevaluating
ChatterBot Zulu reevaluating
ChatterBot Tango reevaluating
ChatterBot Golf reevaluating
ChatterBot Victor reevaluating
ChatterBot Zulu reevaluating
ChatterBot Tango reevaluating
ChatterBot Victor reevaluating
ChatterBot Zulu reevaluating
ChatterBot Tango reevaluating
ChatterBot Golf reevaluating
2024-10-14 20:38:14.002692 Uniform: Zulu we want you to join our group
ChatterBot Zulu reevaluating
2024-10-14 20:38:14.007594 Zulu: No
ChatterBot India reevaluating
ChatterBot Whiskey reevaluating
ChatterBot Mike reevaluating
ChatterBot Victor reevaluating
ChatterBot Foxtrot reevaluating
2024-10-14 20:38:14.045079 Golf: We should drop Foxtrot and India
ChatterBot Tango reevaluating
2024-10-14 20:38:14.067055 Tango: Yes
2024-10-14 20:38:14.067246 Zulu: Yes
2024-10-14 20:38:14.067874 Papa: Yes
2024-10-14 20:38:14.068080 Uniform: No
ChatterBot Golf reevaluating
ChatterBot Tango reevaluating
ChatterBot Uniform reevaluating
ChatterBot Golf reevaluating
ChatterBot Tango reevaluating
ChatterBot Uniform reevaluating
ChatterBot Golf reevaluating
ChatterBot Tango reevaluating
2024-10-14 20:38:14.162095 Mike: We should drop Papa
ChatterBot Uniform reevaluating
ChatterBot India reevaluating
2024-10-14 20:38:14.190649 Uniform: Yes
2024-10-14 20:38:14.190835 India: Yes
2024-10-14 20:38:14.191018 Whiskey: No
2024-10-14 20:38:14.191571 Victor: No
2024-10-14 20:38:14.191779 Foxtrot: Yes
ChatterBot India reevaluating
ChatterBot Victor reevaluating
ChatterBot Uniform reevaluating
ChatterBot Victor reevaluating
ChatterBot Uniform reevaluating
ChatterBot India reevaluating
ChatterBot Victor reevaluating
ChatterBot Uniform reevaluating
ChatterBot India reevaluating
ChatterBot Uniform reevaluating
ChatterBot India reevaluating
ChatterBot Victor reevaluating
2024-10-14 20:38:14.459223 Papa: Sending you each 5
2024-10-14 20:38:14.459530 Whiskey: India, Uniform, Mike, Papa and Foxtrot, sending you 2
2024-10-14 20:38:14.459970 India: Golf we want you to join our group
ChatterBot Golf reevaluating
2024-10-14 20:38:14.464966 Golf: No
ChatterBot Uniform reevaluating
ChatterBot Victor reevaluating
chatterbot Whiskey submitting transactions
2024-10-14 20:38:14.485143 Whiskey: Victor, sending you 3
2024-10-14 20:38:14.735963 Mike: India, sending you 5
2024-10-14 20:38:14.736497 Foxtrot: India, sending you 4
2024-10-14 20:38:14.736978 Zulu: Tango and Papa, sending you 1
2024-10-14 20:38:14.737842 Tango: Zulu and Golf, sending you 1
chatterbot Mike submitting transactions
2024-10-14 20:38:14.834668 Mike: Uniform, Whiskey, Victor and Foxtrot, sending you 3
2024-10-14 20:38:14.835984 Foxtrot: Uniform, Whiskey, Mike and Victor, sending you 3
2024-10-14 20:38:14.837314 Zulu: Golf, sending you 10
2024-10-14 20:38:14.837735 India: Uniform, Mike and Foxtrot, sending you 2
chatterbot Tango submitting transactions
chatterbot India submitting transactions
2024-10-14 20:38:14.903072 India: Whiskey, sending you 4
2024-10-14 20:38:14.903623 Victor: India, Uniform and Mike, sending you 4
2024-10-14 20:38:14.904736 Golf: Tango, Papa and Victor, sending you 1
chatterbot Uniform submitting transactions
2024-10-14 20:38:14.940186 India: Golf and Victor, sending you 3
2024-10-14 20:38:14.940988 Victor: Whiskey and Foxtrot, sending you 2
2024-10-14 20:38:14.941388 Golf: Zulu, sending you 11
2024-10-14 20:38:14.942087 Uniform: India, Whiskey and Foxtrot, sending you 2
2024-10-14 20:38:14.961783 Uniform: Zulu and Victor, sending you 3
2024-10-14 20:38:14.968086 Uniform: Mike, sending you 4
chatterbot Foxtrot submitting transactions
chatterbot Victor submitting transactions
chatterbot Zulu submitting transactions
chatterbot Golf submitting transactions
chatterbot Papa submitting transactions
chatterbot Uniform submitting transactions
ChatterBot Tango round 3
ChatterBot India round 3
ChatterBot Uniform round 3
ChatterBot Zulu round 3
ChatterBot Whiskey round 3
ChatterBot Mike round 3
ChatterBot Papa round 3
ChatterBot Golf round 3
ChatterBot Victor round 3
ChatterBot Foxtrot round 3
2024-10-14 20:38:16.826262 India: We should drop Golf
2024-10-14 20:38:16.840203 Uniform: Yes
2024-10-14 20:38:16.840385 Whiskey: Yes
2024-10-14 20:38:16.840512 Mike: Yes
2024-10-14 20:38:16.840640 Victor: Yes
2024-10-14 20:38:16.840769 Foxtrot: Yes
2024-10-14 20:38:16.907284 Uniform: We should drop Zulu
2024-10-14 20:38:16.921377 India: Yes
2024-10-14 20:38:16.921571 Whiskey: Yes
2024-10-14 20:38:16.921708 Mike: Yes
2024-10-14 20:38:16.921827 Victor: Yes
2024-10-14 20:38:16.922386 Foxtrot: Yes
2024-10-14 20:38:17.099807 Whiskey: We should drop Papa
2024-10-14 20:38:17.119920 Uniform: Yes
2024-10-14 20:38:17.120179 India: Yes
2024-10-14 20:38:17.120966 Mike: Yes
2024-10-14 20:38:17.121175 Victor: Yes
2024-10-14 20:38:17.121407 Foxtrot: Yes
2024-10-14 20:38:17.271890 Tango: Zulu and Papa, sending you 1
2024-10-14 20:38:17.272221 Papa: Same as last round
2024-10-14 20:38:17.272879 Mike: India and Victor, sending you 4
2024-10-14 20:38:17.273372 Zulu: Tango, sending you 2
2024-10-14 20:38:17.291008 Zulu: Papa, sending you 4
2024-10-14 20:38:17.291890 Golf: Tango, sending you 2
2024-10-14 20:38:17.292203 India: Uniform, Whiskey, Victor and Foxtrot, sending you 3
2024-10-14 20:38:17.293110 Foxtrot: India, sending you 4
2024-10-14 20:38:17.293556 Mike: Uniform, Whiskey and Foxtrot, sending you 3
2024-10-14 20:38:17.294060 Uniform: India, Whiskey, Victor and Foxtrot, sending you 3
2024-10-14 20:38:17.295083 Whiskey: India, Mike, Victor and Foxtrot, sending you 3
chatterbot Tango submitting transactions
2024-10-14 20:38:17.295684 Zulu: Golf, sending you 7
2024-10-14 20:38:17.296514 India: Mike, sending you 4
2024-10-14 20:38:17.296918 Foxtrot: Uniform, Whiskey, Mike and Victor, sending you 3
2024-10-14 20:38:17.297282 Golf: Zulu, sending you 9
2024-10-14 20:38:17.323928 Whiskey: Uniform, sending you 1
2024-10-14 20:38:17.324748 Victor: India, Whiskey, Mike and Foxtrot, sending you 3
2024-10-14 20:38:17.325128 Uniform: Mike, sending you 4
2024-10-14 20:38:17.325518 Golf: Papa, sending you 6
2024-10-14 20:38:17.346307 Victor: Uniform, sending you 4
2024-10-14 20:38:17.347290 Golf: Victor, sending you 1
chatterbot Whiskey submitting transactions
chatterbot Mike submitting transactions
chatterbot India submitting transactions
chatterbot Zulu submitting transactions
chatterbot Golf submitting transactions
chatterbot Uniform submitting transactions
chatterbot Foxtrot submitting transactions
chatterbot Victor submitting transactions
chatterbot Papa submitting transactions
ChatterBot Tango round 4
ChatterBot India round 4
ChatterBot Uniform round 4
ChatterBot Zulu round 4
ChatterBot Whiskey round 4
ChatterBot Mike round 4
ChatterBot Papa round 4
ChatterBot Golf round 4
ChatterBot Victor round 4
ChatterBot Foxtrot round 4
2024-10-14 20:38:18.233691 India: Uniform, Whiskey, Victor and Foxtrot, sending you 3
2024-10-14 20:38:18.237703 India: Mike, sending you 4
2024-10-14 20:38:18.242094 Whiskey: India, Mike, Victor and Foxtrot, sending you 3
2024-10-14 20:38:18.244764 Mike: India, sending you 5
2024-10-14 20:38:18.245221 Zulu: Tango, sending you 2
2024-10-14 20:38:18.245495 Whiskey: Uniform, sending you 1
2024-10-14 20:38:18.246048 Foxtrot: India, sending you 4
2024-10-14 20:38:18.246586 Golf: Tango and Victor, sending you 1
2024-10-14 20:38:18.247681 Papa: Same as last round
2024-10-14 20:38:18.248014 Mike: Uniform, Whiskey, Victor and Foxtrot, sending you 3
2024-10-14 20:38:18.248668 Uniform: India, Whiskey, Victor and Foxtrot, sending you 3
2024-10-14 20:38:18.250144 Zulu: Papa, sending you 4
2024-10-14 20:38:18.250487 Foxtrot: Uniform, Whiskey, Mike and Victor, sending you 3
2024-10-14 20:38:18.250952 Golf: Zulu, sending you 10
2024-10-14 20:38:18.252311 Tango: Zulu and Papa, sending you 1
2024-10-14 20:38:18.253673 Uniform: Mike, sending you 4
2024-10-14 20:38:18.254122 Zulu: Golf, sending you 7
2024-10-14 20:38:18.255683 Golf: Papa, sending you 6
2024-10-14 20:38:18.259662 Victor: India, Uniform, Whiskey and Foxtrot, sending you 3
2024-10-14 20:38:18.262675 Victor: Mike, sending you 4
chatterbot Victor submitting transactions
chatterbot Tango submitting transactions
chatterbot India submitting transactions
chatterbot Zulu submitting transactions
chatterbot Mike submitting transactions
chatterbot Whiskey submitting transactions
chatterbot Golf submitting transactions
chatterbot Papa submitting transactions
chatterbot Uniform submitting transactions
chatterbot Foxtrot submitting transactions
ChatterBot Tango round 5
ChatterBot India round 5
ChatterBot Uniform round 5
ChatterBot Zulu round 5
ChatterBot Whiskey round 5
ChatterBot Mike round 5
ChatterBot Papa round 5
ChatterBot Golf round 5
ChatterBot Victor round 5
ChatterBot Foxtrot round 5
2024-10-14 20:38:19.465920 Golf: We should replace Victor with Whiskey
2024-10-14 20:38:19.472033 Papa: No
2024-10-14 20:38:19.472178 Tango: No
2024-10-14 20:38:19.472284 Zulu: No
ChatterBot Golf reevaluating
ChatterBot Golf reevaluating
ChatterBot Golf reevaluating
2024-10-14 20:38:19.506622 Golf: We should replace Victor with Uniform
2024-10-14 20:38:19.512665 Papa: No
2024-10-14 20:38:19.513138 Tango: No
2024-10-14 20:38:19.513253 Zulu: No
ChatterBot Golf reevaluating
ChatterBot Golf reevaluating
ChatterBot Golf reevaluating
2024-10-14 20:38:19.536724 Uniform: India, Whiskey, Victor and Foxtrot, sending you 3
2024-10-14 20:38:19.537324 India: Uniform, Whiskey, Victor and Foxtrot, sending you 3
2024-10-14 20:38:19.537883 Tango: Zulu and Papa, sending you 1
2024-10-14 20:38:19.538243 Zulu: Tango, sending you 2
2024-10-14 20:38:19.539673 Uniform: Mike, sending you 4
2024-10-14 20:38:19.541976 India: Mike, sending you 4
2024-10-14 20:38:19.542466 Zulu: Papa, sending you 4
2024-10-14 20:38:19.542854 Golf: Whiskey we want you to join our group
2024-10-14 20:38:19.545601 Whiskey: No
ChatterBot Golf reevaluating
2024-10-14 20:38:19.556577 Whiskey: India, Uniform, Mike and Foxtrot, sending you 3
2024-10-14 20:38:19.557282 Zulu: Golf, sending you 7
2024-10-14 20:38:19.558962 Foxtrot: India, sending you 4
2024-10-14 20:38:19.559661 Whiskey: Victor, sending you 1
2024-10-14 20:38:19.560685 Victor: India, Uniform, Whiskey and Foxtrot, sending you 3
2024-10-14 20:38:19.561795 Mike: India, sending you 5
2024-10-14 20:38:19.562690 Papa: Same as last round
2024-10-14 20:38:19.563680 Foxtrot: Uniform, Whiskey, Mike and Victor, sending you 3
2024-10-14 20:38:19.564736 Victor: Mike, sending you 4
2024-10-14 20:38:19.565441 Mike: Uniform, Whiskey, Victor and Foxtrot, sending you 3
2024-10-14 20:38:19.588699 Golf: Tango and Whiskey, sending you 1
2024-10-14 20:38:19.592651 Golf: Zulu, sending you 10
2024-10-14 20:38:19.595670 Golf: Papa, sending you 6
chatterbot Golf submitting transactions
chatterbot Papa submitting transactions
chatterbot Whiskey submitting transactions
chatterbot Foxtrot submitting transactions
chatterbot Uniform submitting transactions
chatterbot Zulu submitting transactions
chatterbot Victor submitting transactions
chatterbot India submitting transactions
chatterbot Mike submitting transactions
chatterbot Tango submitting transactions
ChatterBot Tango round 6
ChatterBot India round 6
ChatterBot Uniform round 6
ChatterBot Zulu round 6
ChatterBot Whiskey round 6
ChatterBot Mike round 6
ChatterBot Papa round 6
ChatterBot Golf round 6
ChatterBot Victor round 6
ChatterBot Foxtrot round 6
2024-10-14 20:38:20.745845 Golf: We should replace Whiskey with Victor
ChatterBot Zulu reevaluating
2024-10-14 20:38:20.753814 Papa: No
2024-10-14 20:38:20.754468 Tango: No
2024-10-14 20:38:20.754628 Zulu: No
ChatterBot Zulu reevaluating
ChatterBot Zulu reevaluating
ChatterBot Golf reevaluating
2024-10-14 20:38:20.782693 Uniform: India, Whiskey, Victor and Foxtrot, sending you 3
2024-10-14 20:38:20.784658 India: Uniform, Whiskey, Victor and Foxtrot, sending you 3
2024-10-14 20:38:20.787708 Uniform: Mike, sending you 4
2024-10-14 20:38:20.788679 India: Mike, sending you 4
2024-10-14 20:38:20.790644 Tango: Zulu and Papa, sending you 1
2024-10-14 20:38:20.791674 Victor: India, Uniform, Whiskey and Foxtrot, sending you 3
2024-10-14 20:38:20.793696 Papa: Same as last round
2024-10-14 20:38:20.795662 Victor: Mike, sending you 4
2024-10-14 20:38:20.798974 Golf: Tango and Whiskey, sending you 1
2024-10-14 20:38:20.799672 Foxtrot: India, sending you 4
2024-10-14 20:38:20.800341 Whiskey: India, Uniform, Mike and Foxtrot, sending you 3
2024-10-14 20:38:20.804214 Golf: Zulu, sending you 10
2024-10-14 20:38:20.804664 Mike: India, sending you 5
2024-10-14 20:38:20.805128 Foxtrot: Uniform, Whiskey, Mike and Victor, sending you 3
2024-10-14 20:38:20.805663 Whiskey: Victor, sending you 1
2024-10-14 20:38:20.806008 Zulu: Tango, sending you 2
2024-10-14 20:38:20.809010 Golf: Papa, sending you 6
2024-10-14 20:38:20.809313 Mike: Uniform, Whiskey, Victor and Foxtrot, sending you 3
2024-10-14 20:38:20.809749 Zulu: Papa, sending you 4
2024-10-14 20:38:20.813967 Zulu: Golf, sending you 7
chatterbot Tango submitting transactions
chatterbot Mike submitting transactions
chatterbot Uniform submitting transactions
chatterbot India submitting transactions
chatterbot Victor submitting transactions
chatterbot Golf submitting transactions
chatterbot Whiskey submitting transactions
chatterbot Zulu submitting transactions
chatterbot Foxtrot submitting transactions
chatterbot Papa submitting transactions
ChatterBot Tango round 7
ChatterBot India round 7
ChatterBot Uniform round 7
ChatterBot Zulu round 7
ChatterBot Whiskey round 7
ChatterBot Mike round 7
ChatterBot Papa round 7
ChatterBot Golf round 7
ChatterBot Victor round 7
ChatterBot Foxtrot round 7
2024-10-14 20:38:21.896671 Zulu: Tango, sending you 2
2024-10-14 20:38:21.898769 Tango: Zulu and Papa, sending you 1
2024-10-14 20:38:21.900650 Zulu: Papa, sending you 4
2024-10-14 20:38:21.902018 Whiskey: India, Uniform, Mike and Foxtrot, sending you 3
2024-10-14 20:38:21.905263 Zulu: Golf, sending you 7
2024-10-14 20:38:21.906666 Whiskey: Victor, sending you 1
2024-10-14 20:38:21.908669 Uniform: India, Whiskey, Victor and Foxtrot, sending you 3
2024-10-14 20:38:21.909666 Golf: Tango and Whiskey, sending you 1
2024-10-14 20:38:21.911686 Foxtrot: India, sending you 4
2024-10-14 20:38:21.912695 India: Uniform, Whiskey, Victor and Foxtrot, sending you 3
2024-10-14 20:38:21.913268 Victor: India, Uniform, Whiskey and Foxtrot, sending you 3
2024-10-14 20:38:21.913863 Uniform: Mike, sending you 4
2024-10-14 20:38:21.914987 Golf: Zulu, sending you 10
2024-10-14 20:38:21.915685 Papa: Same as last round
2024-10-14 20:38:21.916055 Mike: India, sending you 5
2024-10-14 20:38:21.916684 Foxtrot: Uniform, Whiskey, Mike and Victor, sending you 3
2024-10-14 20:38:21.917871 India: Mike, sending you 4
2024-10-14 20:38:21.918332 Victor: Mike, sending you 4
2024-10-14 20:38:21.918792 Golf: Papa, sending you 6
2024-10-14 20:38:21.921694 Mike: Uniform, Whiskey, Victor and Foxtrot, sending you 3
chatterbot Mike submitting transactions
chatterbot Foxtrot submitting transactions
chatterbot India submitting transactions
chatterbot Uniform submitting transactions
chatterbot Whiskey submitting transactions
chatterbot Tango submitting transactions
chatterbot Zulu submitting transactions
chatterbot Papa submitting transactions
chatterbot Victor submitting transactions
chatterbot Golf submitting transactions
ChatterBot Tango round 8
ChatterBot India round 8
ChatterBot Uniform round 8
ChatterBot Zulu round 8
ChatterBot Whiskey round 8
ChatterBot Mike round 8
ChatterBot Papa round 8
ChatterBot Golf round 8
2024-10-14 20:38:23.038345 Golf: We should replace Whiskey with Mike
2024-10-14 20:38:23.045699 Papa: No
2024-10-14 20:38:23.045849 Tango: No
2024-10-14 20:38:23.045971 Zulu: No
ChatterBot Zulu reevaluating
ChatterBot Golf reevaluating
ChatterBot Zulu reevaluating
ChatterBot Golf reevaluating
ChatterBot Golf reevaluating
ChatterBot Victor round 8
ChatterBot Foxtrot round 8
2024-10-14 20:38:23.189696 Tango: Zulu and Papa, sending you 1
2024-10-14 20:38:23.193745 Whiskey: India, Uniform, Mike and Foxtrot, sending you 3
2024-10-14 20:38:23.197699 Victor: India, Uniform, Whiskey and Foxtrot, sending you 3
2024-10-14 20:38:23.200011 Whiskey: Victor, sending you 1
2024-10-14 20:38:23.201729 India: Uniform, Whiskey, Victor and Foxtrot, sending you 3
2024-10-14 20:38:23.202452 Uniform: India, Whiskey, Victor and Foxtrot, sending you 3
2024-10-14 20:38:23.203198 Golf: Tango and Whiskey, sending you 1
2024-10-14 20:38:23.204378 Papa: Same as last round
2024-10-14 20:38:23.205137 Victor: Mike, sending you 4
2024-10-14 20:38:23.206478 India: Mike, sending you 4
2024-10-14 20:38:23.207225 Uniform: Mike, sending you 4
2024-10-14 20:38:23.208578 Golf: Zulu, sending you 10
2024-10-14 20:38:23.209088 Zulu: Tango, sending you 2
2024-10-14 20:38:23.211691 Mike: India, sending you 5
2024-10-14 20:38:23.212286 Golf: Papa, sending you 6
2024-10-14 20:38:23.213673 Zulu: Papa, sending you 4
2024-10-14 20:38:23.216709 Foxtrot: India, sending you 4
2024-10-14 20:38:23.217650 Mike: Uniform, Whiskey, Victor and Foxtrot, sending you 3
2024-10-14 20:38:23.218539 Zulu: Golf, sending you 7
2024-10-14 20:38:23.220719 Foxtrot: Uniform, Whiskey, Mike and Victor, sending you 3
chatterbot Uniform submitting transactions
chatterbot Golf submitting transactions
chatterbot Victor submitting transactions
chatterbot Papa submitting transactions
chatterbot Zulu submitting transactions
chatterbot Tango submitting transactions
chatterbot Foxtrot submitting transactions
chatterbot Mike submitting transactions
chatterbot India submitting transactions
chatterbot Whiskey submitting transactions
ChatterBot Tango round 9
ChatterBot India round 9
ChatterBot Uniform round 9
ChatterBot Zulu round 9
ChatterBot Whiskey round 9
ChatterBot Mike round 9
ChatterBot Papa round 9
ChatterBot Golf round 9
ChatterBot Victor round 9
ChatterBot Foxtrot round 9
2024-10-14 20:38:24.370603 Golf: We should replace Whiskey with Uniform
2024-10-14 20:38:24.376561 Papa: No
2024-10-14 20:38:24.376720 Tango: No
2024-10-14 20:38:24.376866 Zulu: No
ChatterBot Zulu reevaluating
ChatterBot Golf reevaluating
ChatterBot Zulu reevaluating
ChatterBot Golf reevaluating
ChatterBot Golf reevaluating
2024-10-14 20:38:24.398856 Golf: We should replace Whiskey with Mike
ChatterBot Zulu reevaluating
2024-10-14 20:38:24.405326 Papa: No
2024-10-14 20:38:24.405455 Tango: No
2024-10-14 20:38:24.405572 Zulu: No
ChatterBot Zulu reevaluating
ChatterBot Golf reevaluating
ChatterBot Zulu reevaluating
ChatterBot Golf reevaluating
ChatterBot Golf reevaluating
2024-10-14 20:38:24.428014 Uniform: India, Whiskey, Victor and Foxtrot, sending you 3
2024-10-14 20:38:24.428572 India: Uniform, Whiskey, Victor and Foxtrot, sending you 3
2024-10-14 20:38:24.430679 Uniform: Mike, sending you 4
2024-10-14 20:38:24.431671 India: Mike, sending you 4
2024-10-14 20:38:24.432147 Foxtrot: India, sending you 4
2024-10-14 20:38:24.432584 Victor: India, sending you 4
2024-10-14 20:38:24.433479 Mike: India, sending you 5
2024-10-14 20:38:24.433946 Whiskey: India, Uniform, Mike and Foxtrot, sending you 3
2024-10-14 20:38:24.434372 Tango: Zulu and Papa, sending you 1
2024-10-14 20:38:24.434758 Foxtrot: Uniform, Whiskey, Mike and Victor, sending you 3
2024-10-14 20:38:24.435675 Victor: Uniform, Whiskey, Mike and Foxtrot, sending you 3
2024-10-14 20:38:24.437144 Golf: Uniform we want you to join our group
2024-10-14 20:38:24.439587 Uniform: No
ChatterBot Golf reevaluating
ChatterBot Zulu reevaluating
2024-10-14 20:38:24.448727 Whiskey: Victor, sending you 1
2024-10-14 20:38:24.449320 Mike: Uniform, Whiskey, Victor and Foxtrot, sending you 3
2024-10-14 20:38:24.454672 Papa: Same as last round
2024-10-14 20:38:24.471666 Zulu: Tango, sending you 2
2024-10-14 20:38:24.474663 Zulu: Papa, sending you 4
2024-10-14 20:38:24.478686 Golf: Tango and Uniform, sending you 1
2024-10-14 20:38:24.479210 Zulu: Golf, sending you 7
2024-10-14 20:38:24.481672 Golf: Zulu, sending you 10
2024-10-14 20:38:24.486672 Golf: Papa, sending you 6
chatterbot Uniform submitting transactions
chatterbot Tango submitting transactions
chatterbot Papa submitting transactions
chatterbot Golf submitting transactions
chatterbot Foxtrot submitting transactions
chatterbot Victor submitting transactions
chatterbot Whiskey submitting transactions
chatterbot Mike submitting transactions
chatterbot India submitting transactions
chatterbot Zulu submitting transactions
ChatterBot Tango round 10
ChatterBot India round 10
ChatterBot Uniform round 10
ChatterBot Zulu round 10
ChatterBot Whiskey round 10
ChatterBot Mike round 10
ChatterBot Papa round 10
ChatterBot Golf round 10
ChatterBot Victor round 10
ChatterBot Foxtrot round 10
2024-10-14 20:38:25.746682 Zulu: Tango, sending you 2
2024-10-14 20:38:25.747650 Tango: Zulu and Papa, sending you 1
2024-10-14 20:38:25.748682 India: Uniform, Whiskey, Victor and Foxtrot, sending you 3
2024-10-14 20:38:25.750066 Zulu: Papa, sending you 4
2024-10-14 20:38:25.752660 Zulu: Golf, sending you 7
2024-10-14 20:38:25.753673 India: Mike, sending you 4
2024-10-14 20:38:25.755674 Uniform: India, Whiskey, Victor and Foxtrot, sending you 3
2024-10-14 20:38:25.758660 Uniform: Mike, sending you 4
2024-10-14 20:38:25.759687 Victor: India, sending you 4
2024-10-14 20:38:25.760672 Whiskey: India, Uniform, Mike and Foxtrot, sending you 3
2024-10-14 20:38:25.763672 Papa: Same as last round
2024-10-14 20:38:25.764151 Victor: Uniform, Whiskey, Mike and Foxtrot, sending you 3
2024-10-14 20:38:25.764872 Whiskey: Victor, sending you 1
2024-10-14 20:38:25.765667 Golf: Tango and Uniform, sending you 1
2024-10-14 20:38:25.766689 Mike: India, sending you 5
2024-10-14 20:38:25.769670 Golf: Zulu, sending you 10
2024-10-14 20:38:25.770663 Foxtrot: India, sending you 4
2024-10-14 20:38:25.772660 Mike: Uniform, Whiskey, Victor and Foxtrot, sending you 3
2024-10-14 20:38:25.774660 Golf: Papa, sending you 6
2024-10-14 20:38:25.774968 Foxtrot: Uniform, Whiskey, Mike and Victor, sending you 3
chatterbot India submitting transactions
chatterbot Tango submitting transactions
chatterbot Foxtrot submitting transactions
chatterbot Golf submitting transactions
chatterbot Uniform submitting transactions
chatterbot Whiskey submitting transactions
chatterbot Mike submitting transactions
chatterbot Zulu submitting transactions
chatterbot Victor submitting transactions
chatterbot Papa submitting transactions
ChatterBot Tango round 11
ChatterBot India round 11
ChatterBot Uniform round 11
ChatterBot Zulu round 11
ChatterBot Whiskey round 11
ChatterBot Mike round 11
ChatterBot Papa round 11
ChatterBot Golf round 11
ChatterBot Victor round 11
ChatterBot Foxtrot round 11
2024-10-14 20:38:26.878434 Golf: We should replace Uniform with Whiskey
ChatterBot Zulu reevaluating
2024-10-14 20:38:26.885976 Papa: No
2024-10-14 20:38:26.886106 Tango: No
2024-10-14 20:38:26.886230 Zulu: No
ChatterBot Zulu reevaluating
ChatterBot Zulu reevaluating
ChatterBot Golf reevaluating
2024-10-14 20:38:26.911073 Golf: We should replace Uniform with Victor
ChatterBot Zulu reevaluating
2024-10-14 20:38:26.917655 Papa: No
2024-10-14 20:38:26.917790 Tango: No
2024-10-14 20:38:26.917894 Zulu: No
ChatterBot Zulu reevaluating
ChatterBot Golf reevaluating
ChatterBot Zulu reevaluating
ChatterBot Golf reevaluating
ChatterBot Golf reevaluating
2024-10-14 20:38:26.939854 Tango: Zulu and Papa, sending you 1
2024-10-14 20:38:26.940344 India: Uniform, Whiskey, Victor and Foxtrot, sending you 3
2024-10-14 20:38:26.944667 Mike: India, sending you 5
2024-10-14 20:38:26.945436 Whiskey: India, Uniform, Mike and Foxtrot, sending you 3
2024-10-14 20:38:26.946855 Papa: Same as last round
2024-10-14 20:38:26.947349 India: Mike, sending you 4
2024-10-14 20:38:26.948008 Uniform: India, sending you 4
2024-10-14 20:38:26.948788 Mike: Uniform, Whiskey, Victor and Foxtrot, sending you 3
2024-10-14 20:38:26.951669 Whiskey: Victor, sending you 1
2024-10-14 20:38:26.952664 Uniform: Whiskey, Mike, Victor and Foxtrot, sending you 3
2024-10-14 20:38:26.956892 Foxtrot: India, sending you 4
2024-10-14 20:38:26.957711 Victor: India and Mike, sending you 4
2024-10-14 20:38:26.961672 Foxtrot: Uniform, Whiskey, Mike and Victor, sending you 3
2024-10-14 20:38:26.963111 Victor: Uniform and Foxtrot, sending you 3
2024-10-14 20:38:26.969253 Victor: Whiskey, sending you 2
2024-10-14 20:38:26.971685 Golf: Tango and Uniform, sending you 1
2024-10-14 20:38:26.975818 Golf: Zulu, sending you 10
2024-10-14 20:38:26.980669 Golf: Papa, sending you 6
chatterbot Mike submitting transactions
chatterbot Victor submitting transactions
chatterbot Foxtrot submitting transactions
chatterbot Tango submitting transactions
chatterbot Zulu submitting transactions
chatterbot Golf submitting transactions
chatterbot Papa submitting transactions
chatterbot India submitting transactions
chatterbot Whiskey submitting transactions
chatterbot Uniform submitting transactions
ChatterBot Tango round 12
ChatterBot India round 12
ChatterBot Uniform round 12
ChatterBot Zulu round 12
ChatterBot Whiskey round 12
ChatterBot Mike round 12
ChatterBot Papa round 12
ChatterBot Golf round 12
ChatterBot Victor round 12
ChatterBot Foxtrot round 12
2024-10-14 20:38:28.027333 Golf: We should replace Uniform with Mike
ChatterBot Zulu reevaluating
2024-10-14 20:38:28.038436 Papa: No
2024-10-14 20:38:28.038620 Tango: No
2024-10-14 20:38:28.038804 Zulu: No
ChatterBot Zulu reevaluating
ChatterBot Golf reevaluating
ChatterBot Zulu reevaluating
ChatterBot Golf reevaluating
ChatterBot Golf reevaluating
2024-10-14 20:38:28.067660 Tango: Zulu and Papa, sending you 1
2024-10-14 20:38:28.074784 Golf: Mike we want you to join our group
2024-10-14 20:38:28.078229 Mike: No
ChatterBot Golf reevaluating
2024-10-14 20:38:28.089249 Golf: We should replace Uniform with Victor
ChatterBot Zulu reevaluating
2024-10-14 20:38:28.096796 Papa: No
2024-10-14 20:38:28.096990 Tango: No
2024-10-14 20:38:28.097117 Zulu: No
ChatterBot Zulu reevaluating
ChatterBot Golf reevaluating
ChatterBot Zulu reevaluating
ChatterBot Golf reevaluating
ChatterBot Golf reevaluating
2024-10-14 20:38:28.118509 Golf: We should replace Uniform with Whiskey
ChatterBot Zulu reevaluating
2024-10-14 20:38:28.124521 Papa: No
2024-10-14 20:38:28.124682 Tango: No
2024-10-14 20:38:28.124808 Zulu: No
ChatterBot Zulu reevaluating
ChatterBot Golf reevaluating
ChatterBot Zulu reevaluating
ChatterBot Golf reevaluating
ChatterBot Golf reevaluating
2024-10-14 20:38:28.144815 Papa: Same as last round
2024-10-14 20:38:28.145179 Foxtrot: India, sending you 4
2024-10-14 20:38:28.145772 Mike: India, sending you 5
2024-10-14 20:38:28.146257 Uniform: India, sending you 4
2024-10-14 20:38:28.147212 India: Uniform, Whiskey, Victor and Foxtrot, sending you 3
2024-10-14 20:38:28.147709 Victor: India, sending you 5
2024-10-14 20:38:28.148189 Whiskey: India, Uniform, Mike and Foxtrot, sending you 3
2024-10-14 20:38:28.148954 Foxtrot: Uniform, Whiskey, Mike and Victor, sending you 3
2024-10-14 20:38:28.149487 Mike: Uniform, Whiskey, Victor and Foxtrot, sending you 3
2024-10-14 20:38:28.151852 Uniform: Whiskey, Mike, Victor and Foxtrot, sending you 3
2024-10-14 20:38:28.152670 India: Mike, sending you 4
2024-10-14 20:38:28.153336 Victor: Uniform, Mike and Foxtrot, sending you 3
2024-10-14 20:38:28.153935 Whiskey: Victor, sending you 1
2024-10-14 20:38:28.156682 Victor: Whiskey, sending you 2
2024-10-14 20:38:28.157673 Golf: Victor we want you to join our group
2024-10-14 20:38:28.161053 Victor: No
ChatterBot Zulu reevaluating
ChatterBot Golf reevaluating
2024-10-14 20:38:28.178685 Golf: Whiskey we want you to join our group
2024-10-14 20:38:28.181346 Whiskey: No
ChatterBot Golf reevaluating
ChatterBot Zulu reevaluating
2024-10-14 20:38:28.200004 Zulu: We should drop Tango
ChatterBot Golf reevaluating
2024-10-14 20:38:28.205507 Papa: No
2024-10-14 20:38:28.205652 Golf: No
ChatterBot Zulu reevaluating
ChatterBot Golf reevaluating
ChatterBot Zulu reevaluating
2024-10-14 20:38:28.228707 Zulu: Tango, sending you 2
2024-10-14 20:38:28.233688 Zulu: Papa, sending you 4
2024-10-14 20:38:28.238672 Zulu: Golf, sending you 7
2024-10-14 20:38:28.246652 Golf: Tango and Whiskey, sending you 1
2024-10-14 20:38:28.250677 Golf: Zulu, sending you 10
2024-10-14 20:38:28.255663 Golf: Papa, sending you 6
chatterbot India submitting transactions
chatterbot Mike submitting transactions
chatterbot Papa submitting transactions
chatterbot Foxtrot submitting transactions
chatterbot Zulu submitting transactions
chatterbot Uniform submitting transactions
chatterbot Whiskey submitting transactions
chatterbot Golf submitting transactions
chatterbot Victor submitting transactions
chatterbot Tango submitting transactions
ChatterBot Tango round 13
ChatterBot India round 13
ChatterBot Uniform round 13
ChatterBot Zulu round 13
ChatterBot Whiskey round 13
ChatterBot Mike round 13
ChatterBot Papa round 13
ChatterBot Golf round 13
ChatterBot Victor round 13
ChatterBot Foxtrot round 13
2024-10-14 20:38:29.296164 Golf: We should replace Whiskey with Victor
2024-10-14 20:38:29.305992 Papa: No
2024-10-14 20:38:29.306215 Tango: No
2024-10-14 20:38:29.306404 Zulu: No
ChatterBot Golf reevaluating
ChatterBot Golf reevaluating
ChatterBot Golf reevaluating
2024-10-14 20:38:29.341313 Golf: We should replace Whiskey with Mike
ChatterBot Zulu reevaluating
2024-10-14 20:38:29.349312 Papa: No
2024-10-14 20:38:29.349495 Tango: No
2024-10-14 20:38:29.349664 Zulu: No
ChatterBot Zulu reevaluating
ChatterBot Golf reevaluating
ChatterBot Zulu reevaluating
ChatterBot Golf reevaluating
ChatterBot Golf reevaluating
2024-10-14 20:38:29.381692 Tango: Zulu and Papa, sending you 1
2024-10-14 20:38:29.382957 Whiskey: India, Uniform, Mike and Foxtrot, sending you 3
2024-10-14 20:38:29.383902 Papa: Same as last round
2024-10-14 20:38:29.384410 Mike: India, sending you 5
2024-10-14 20:38:29.385346 Uniform: India, sending you 4
2024-10-14 20:38:29.386023 India: Uniform, Whiskey, Victor and Foxtrot, sending you 3
2024-10-14 20:38:29.388695 Whiskey: Victor, sending you 1
2024-10-14 20:38:29.389686 Mike: Uniform, Whiskey, Victor and Foxtrot, sending you 3
2024-10-14 20:38:29.390941 Uniform: Whiskey, Mike, Victor and Foxtrot, sending you 3
2024-10-14 20:38:29.391681 India: Mike, sending you 4
2024-10-14 20:38:29.398717 Foxtrot: India, sending you 4
2024-10-14 20:38:29.401699 Victor: India, sending you 5
2024-10-14 20:38:29.403144 Zulu: Tango, sending you 2
2024-10-14 20:38:29.403902 Foxtrot: Uniform, Whiskey, Mike and Victor, sending you 3
2024-10-14 20:38:29.406676 Golf: Tango and Whiskey, sending you 1
2024-10-14 20:38:29.407663 Victor: Uniform, Mike and Foxtrot, sending you 3
2024-10-14 20:38:29.409176 Zulu: Papa, sending you 4
2024-10-14 20:38:29.410074 Golf: Zulu, sending you 10
2024-10-14 20:38:29.412677 Victor: Whiskey, sending you 2
2024-10-14 20:38:29.414249 Zulu: Golf, sending you 7
2024-10-14 20:38:29.414980 Golf: Papa, sending you 6
chatterbot Uniform submitting transactions
chatterbot Tango submitting transactions
chatterbot Whiskey submitting transactions
chatterbot Zulu submitting transactions
chatterbot Victor submitting transactions
chatterbot India submitting transactions
chatterbot Golf submitting transactions
chatterbot Foxtrot submitting transactions
chatterbot Mike submitting transactions
chatterbot Papa submitting transactions
ChatterBot Tango round 14
ChatterBot India round 14
ChatterBot Uniform round 14
ChatterBot Zulu round 14
ChatterBot Whiskey round 14
ChatterBot Mike round 14
ChatterBot Papa round 14
ChatterBot Golf round 14
ChatterBot Victor round 14
ChatterBot Foxtrot round 14
2024-10-14 20:38:30.612880 Golf: We should replace Whiskey with Victor
2024-10-14 20:38:30.623180 Papa: No
2024-10-14 20:38:30.623454 Tango: No
2024-10-14 20:38:30.623695 Zulu: No
ChatterBot Zulu reevaluating
ChatterBot Golf reevaluating
ChatterBot Zulu reevaluating
ChatterBot Golf reevaluating
ChatterBot Golf reevaluating
2024-10-14 20:38:30.665878 Golf: We should replace Whiskey with Mike
ChatterBot Zulu reevaluating
2024-10-14 20:38:30.674966 Papa: No
2024-10-14 20:38:30.675553 Tango: No
2024-10-14 20:38:30.675725 Zulu: No
ChatterBot Zulu reevaluating
ChatterBot Golf reevaluating
ChatterBot Zulu reevaluating
ChatterBot Golf reevaluating
ChatterBot Golf reevaluating
2024-10-14 20:38:30.703669 Tango: Zulu and Papa, sending you 1
2024-10-14 20:38:30.704688 India: Uniform, Whiskey, Victor and Foxtrot, sending you 3
2024-10-14 20:38:30.706631 Victor: India, sending you 5
2024-10-14 20:38:30.707964 Papa: Same as last round
2024-10-14 20:38:30.709505 Uniform: India, sending you 4
