ChatterBot Uniform round 1
ChatterBot Foxtrot round 1
ChatterBot Echo round 1
ChatterBot India round 1
ChatterBot Mike round 1
ChatterBot Charlie round 1
ChatterBot Lima round 1
ChatterBot Romeo round 1
ChatterBot Sierra round 1
ChatterBot Victor round 1
randomSelections Echo: {Echo, Mike, Foxtrot, Uniform, Sierra, Charlie} 
2024-10-14 20:38:12.351736 Echo: We should group up
ChatterBot Mike reevaluating
ChatterBot Foxtrot reevaluating
ChatterBot Uniform reevaluating
ChatterBot Sierra reevaluating
ChatterBot Charlie reevaluating
2024-10-14 20:38:12.364956 Mike: Yes
2024-10-14 20:38:12.365066 Foxtrot: Yes
2024-10-14 20:38:12.365162 Uniform: Yes
2024-10-14 20:38:12.365247 Sierra: Yes
2024-10-14 20:38:12.365326 Charlie: Yes
ChatterBot Foxtrot reevaluating
ChatterBot Uniform reevaluating
ChatterBot Sierra reevaluating
ChatterBot Charlie reevaluating
ChatterBot Mike reevaluating
ChatterBot Uniform reevaluating
ChatterBot Sierra reevaluating
ChatterBot Charlie reevaluating
ChatterBot Mike reevaluating
ChatterBot Foxtrot reevaluating
ChatterBot Sierra reevaluating
ChatterBot Charlie reevaluating
ChatterBot Mike reevaluating
ChatterBot Foxtrot reevaluating
ChatterBot Uniform reevaluating
ChatterBot Charlie reevaluating
ChatterBot Mike reevaluating
ChatterBot Foxtrot reevaluating
ChatterBot Uniform reevaluating
ChatterBot Sierra reevaluating
randomSelections India: {India, Foxtrot, Lima, Sierra, Echo, Romeo} 
2024-10-14 20:38:12.420182 India: Friends?
ChatterBot Foxtrot reevaluating
ChatterBot Lima reevaluating
ChatterBot Sierra reevaluating
ChatterBot Romeo reevaluating
2024-10-14 20:38:12.428199 Foxtrot: No
2024-10-14 20:38:12.428320 Lima: Yes
2024-10-14 20:38:12.428426 Sierra: No
2024-10-14 20:38:12.428533 Echo: No
2024-10-14 20:38:12.428643 Romeo: Yes
ChatterBot Lima reevaluating
ChatterBot Sierra reevaluating
ChatterBot Romeo reevaluating
ChatterBot Foxtrot reevaluating
ChatterBot Sierra reevaluating
ChatterBot Romeo reevaluating
ChatterBot Foxtrot reevaluating
ChatterBot Lima reevaluating
ChatterBot Romeo reevaluating
ChatterBot Foxtrot reevaluating
ChatterBot Lima reevaluating
ChatterBot Sierra reevaluating
ChatterBot Romeo reevaluating
ChatterBot Foxtrot reevaluating
ChatterBot Lima reevaluating
ChatterBot Sierra reevaluating
randomSelections Victor: {Victor, Lima, India, Romeo, Sierra, Echo, Foxtrot} 
2024-10-14 20:38:12.478540 Victor: Group up?
ChatterBot Lima reevaluating
ChatterBot Romeo reevaluating
ChatterBot Sierra reevaluating
ChatterBot Foxtrot reevaluating
2024-10-14 20:38:12.489916 Lima: No
2024-10-14 20:38:12.490098 India: No
2024-10-14 20:38:12.490228 Romeo: No
2024-10-14 20:38:12.490354 Sierra: No
2024-10-14 20:38:12.490478 Echo: No
2024-10-14 20:38:12.490634 Foxtrot: No
ChatterBot Romeo reevaluating
ChatterBot Sierra reevaluating
ChatterBot Foxtrot reevaluating
ChatterBot Lima reevaluating
ChatterBot Romeo reevaluating
ChatterBot Sierra reevaluating
ChatterBot Foxtrot reevaluating
ChatterBot Lima reevaluating
ChatterBot Sierra reevaluating
ChatterBot Foxtrot reevaluating
ChatterBot Lima reevaluating
ChatterBot Romeo reevaluating
ChatterBot Foxtrot reevaluating
ChatterBot Lima reevaluating
ChatterBot Romeo reevaluating
ChatterBot Sierra reevaluating
ChatterBot Foxtrot reevaluating
ChatterBot Lima reevaluating
ChatterBot Romeo reevaluating
ChatterBot Sierra reevaluating
2024-10-14 20:38:12.555670 Mike: Uniform and Echo, sending you 1
2024-10-14 20:38:12.558693 India: Foxtrot and Romeo, sending you 3
2024-10-14 20:38:12.561674 Foxtrot: Uniform, Mike and Sierra, sending you 1
2024-10-14 20:38:12.562139 Victor: Foxtrot, Echo, India and Romeo, sending you 2
2024-10-14 20:38:12.562486 India: Echo, sending you 2
2024-10-14 20:38:12.564683 Foxtrot: Echo, sending you 2
2024-10-14 20:38:12.565679 Victor: Lima, sending you 5
2024-10-14 20:38:12.565938 India: Lima, sending you 4
2024-10-14 20:38:12.566527 Romeo: Foxtrot, sending you 4
2024-10-14 20:38:12.566819 Echo: Uniform, sending you 1
2024-10-14 20:38:12.567688 Uniform: Foxtrot and Mike, sending you 3
2024-10-14 20:38:12.567988 Foxtrot: Charlie, sending you 6
2024-10-14 20:38:12.568734 Victor: Sierra, sending you 3
2024-10-14 20:38:12.569147 India: Sierra, sending you 1
2024-10-14 20:38:12.569680 Romeo: Echo, sending you 5
2024-10-14 20:38:12.570664 Lima: Foxtrot, sending you 4
2024-10-14 20:38:12.571301 Charlie: Uniform, Foxtrot, Echo and Mike, sending you 3
2024-10-14 20:38:12.571696 Echo: Charlie, sending you 2
2024-10-14 20:38:12.572677 Uniform: Echo and Sierra, sending you 4
2024-10-14 20:38:12.573086 Romeo: India, sending you 1
2024-10-14 20:38:12.573837 Charlie: Sierra, sending you 1
2024-10-14 20:38:12.574699 Lima: Echo, India and Romeo, sending you 2
2024-10-14 20:38:12.576677 Sierra: Uniform, sending you 2
2024-10-14 20:38:12.577040 Uniform: Charlie, sending you 2
2024-10-14 20:38:12.577707 Romeo: Lima and Sierra, sending you 3
2024-10-14 20:38:12.578017 Lima: Sierra, sending you 3
2024-10-14 20:38:12.580656 Sierra: Foxtrot, sending you 1
2024-10-14 20:38:12.584652 Sierra: Echo and Charlie, sending you 3
2024-10-14 20:38:12.587669 Sierra: Mike, sending you 4
chatterbot India submitting transactions
chatterbot Uniform submitting transactions
chatterbot Mike submitting transactions
chatterbot Sierra submitting transactions
chatterbot Echo submitting transactions
chatterbot Lima submitting transactions
chatterbot Romeo submitting transactions
chatterbot Victor submitting transactions
chatterbot Foxtrot submitting transactions
chatterbot Charlie submitting transactions
ChatterBot Uniform round 2
ChatterBot Foxtrot round 2
ChatterBot Echo round 2
ChatterBot India round 2
ChatterBot Mike round 2
ChatterBot Charlie round 2
ChatterBot Lima round 2
ChatterBot Romeo round 2
2024-10-14 20:38:16.770599 Foxtrot: We should group up
ChatterBot Uniform reevaluating
ChatterBot Echo reevaluating
ChatterBot Charlie reevaluating
ChatterBot Sierra reevaluating
ChatterBot India reevaluating
ChatterBot Lima reevaluating
ChatterBot Romeo reevaluating
ChatterBot Victor reevaluating
2024-10-14 20:38:16.822327 Uniform: No
2024-10-14 20:38:16.822801 Echo: No
2024-10-14 20:38:16.822920 Charlie: No
2024-10-14 20:38:16.823025 Sierra: No
2024-10-14 20:38:16.823143 India: No
2024-10-14 20:38:16.823241 Lima: No
2024-10-14 20:38:16.823355 Romeo: No
2024-10-14 20:38:16.823475 Victor: No
ChatterBot Echo reevaluating
ChatterBot Charlie reevaluating
ChatterBot Sierra reevaluating
ChatterBot India reevaluating
ChatterBot Lima reevaluating
ChatterBot Romeo reevaluating
ChatterBot Victor reevaluating
ChatterBot Uniform reevaluating
ChatterBot Charlie reevaluating
ChatterBot Sierra reevaluating
ChatterBot India reevaluating
ChatterBot Lima reevaluating
ChatterBot Romeo reevaluating
ChatterBot Victor reevaluating
ChatterBot Uniform reevaluating
ChatterBot Echo reevaluating
ChatterBot Sierra reevaluating
ChatterBot India reevaluating
ChatterBot Lima reevaluating
ChatterBot Romeo reevaluating
ChatterBot Victor reevaluating
ChatterBot Uniform reevaluating
ChatterBot Echo reevaluating
ChatterBot Charlie reevaluating
ChatterBot India reevaluating
ChatterBot Lima reevaluating
ChatterBot Romeo reevaluating
ChatterBot Victor reevaluating
ChatterBot Uniform reevaluating
ChatterBot Echo reevaluating
ChatterBot Charlie reevaluating
ChatterBot Sierra reevaluating
ChatterBot Lima reevaluating
ChatterBot Romeo reevaluating
ChatterBot Victor reevaluating
ChatterBot Uniform reevaluating
ChatterBot Echo reevaluating
ChatterBot Charlie reevaluating
ChatterBot Sierra reevaluating
ChatterBot India reevaluating
ChatterBot Romeo reevaluating
ChatterBot Victor reevaluating
ChatterBot Uniform reevaluating
ChatterBot Echo reevaluating
ChatterBot Charlie reevaluating
ChatterBot Sierra reevaluating
ChatterBot India reevaluating
ChatterBot Lima reevaluating
ChatterBot Victor reevaluating
ChatterBot Uniform reevaluating
ChatterBot Echo reevaluating
ChatterBot Charlie reevaluating
ChatterBot Sierra reevaluating
ChatterBot India reevaluating
ChatterBot Lima reevaluating
ChatterBot Romeo reevaluating
ChatterBot Sierra round 2
ChatterBot Victor round 2
2024-10-14 20:38:17.463852 Sierra: We should replace Mike with Victor
ChatterBot Uniform reevaluating
2024-10-14 20:38:17.486855 Uniform: No
2024-10-14 20:38:17.487054 Foxtrot: Yes
2024-10-14 20:38:17.487206 Echo: No
2024-10-14 20:38:17.487898 Charlie: No
ChatterBot Uniform reevaluating
ChatterBot Uniform reevaluating
ChatterBot Uniform reevaluating
2024-10-14 20:38:17.551983 Charlie: We should drop Mike
ChatterBot Uniform reevaluating
2024-10-14 20:38:17.564416 Sierra: Yes
2024-10-14 20:38:17.564585 Uniform: Yes
2024-10-14 20:38:17.564701 Foxtrot: Yes
2024-10-14 20:38:17.564793 Echo: No
ChatterBot Uniform reevaluating
ChatterBot Echo reevaluating
ChatterBot Uniform reevaluating
ChatterBot Echo reevaluating
ChatterBot Uniform reevaluating
2024-10-14 20:38:17.614964 Sierra: Victor we want you to join our group
ChatterBot Victor reevaluating
2024-10-14 20:38:17.618410 Victor: Yes
ChatterBot Echo reevaluating
2024-10-14 20:38:17.634307 Victor: We should group up
ChatterBot Echo reevaluating
2024-10-14 20:38:17.650408 Sierra: Yes
2024-10-14 20:38:17.650548 Uniform: No
2024-10-14 20:38:17.650697 Foxtrot: Yes
2024-10-14 20:38:17.650814 Echo: Yes
2024-10-14 20:38:17.650921 Charlie: No
ChatterBot Echo reevaluating
ChatterBot Victor reevaluating
ChatterBot Echo reevaluating
ChatterBot Victor reevaluating
ChatterBot Echo reevaluating
ChatterBot Victor reevaluating
ChatterBot Victor reevaluating
ChatterBot Echo reevaluating
ChatterBot Victor reevaluating
2024-10-14 20:38:17.834864 Foxtrot: Uniform, Echo, India, Charlie, Sierra and Victor, sending you 1
2024-10-14 20:38:17.838818 India: Foxtrot, Romeo and Victor, sending you 3
2024-10-14 20:38:17.839678 Mike: Sierra, sending you 2
2024-10-14 20:38:17.840925 Romeo: Foxtrot, sending you 1
2024-10-14 20:38:17.841522 Foxtrot: Lima, sending you 3
2024-10-14 20:38:17.842877 Lima: Foxtrot, India and Romeo, sending you 3
2024-10-14 20:38:17.843401 India: Lima, sending you 4
2024-10-14 20:38:17.844371 Echo: Victor we want you to join our group
ChatterBot Victor reevaluating
2024-10-14 20:38:17.848546 Victor: Yes
ChatterBot Echo reevaluating
2024-10-14 20:38:17.870380 Romeo: India, sending you 7
2024-10-14 20:38:17.871238 Lima: Victor, sending you 4
2024-10-14 20:38:17.872867 Foxtrot: Romeo, sending you 2
2024-10-14 20:38:17.874023 Sierra: Uniform, sending you 7
2024-10-14 20:38:17.875706 Romeo: Lima and Victor, sending you 4
2024-10-14 20:38:17.876993 Charlie: Uniform and Echo, sending you 2
2024-10-14 20:38:17.878059 Uniform: Foxtrot and Echo, sending you 4
2024-10-14 20:38:17.879742 Sierra: Foxtrot and Charlie, sending you 1
2024-10-14 20:38:17.881494 Charlie: Foxtrot, sending you 8
2024-10-14 20:38:17.884689 Uniform: Charlie and Sierra, sending you 5
2024-10-14 20:38:17.885211 Charlie: Sierra, sending you 3
2024-10-14 20:38:17.886148 Sierra: Victor, sending you 4
2024-10-14 20:38:17.892696 Victor: Uniform and Foxtrot, sending you 4
2024-10-14 20:38:17.897669 Victor: Echo, Charlie and Sierra, sending you 3
2024-10-14 20:38:17.903681 Echo: Uniform, sending you 4
2024-10-14 20:38:17.907865 Echo: Foxtrot and Victor, sending you 2
2024-10-14 20:38:17.912894 Echo: Charlie and Sierra, sending you 3
chatterbot Uniform submitting transactions
chatterbot Charlie submitting transactions
chatterbot Foxtrot submitting transactions
chatterbot Mike submitting transactions
chatterbot Lima submitting transactions
chatterbot Romeo submitting transactions
chatterbot Sierra submitting transactions
chatterbot Victor submitting transactions
chatterbot India submitting transactions
chatterbot Echo submitting transactions
ChatterBot Uniform round 3
ChatterBot Foxtrot round 3
ChatterBot Echo round 3
ChatterBot India round 3
ChatterBot Mike round 3
ChatterBot Charlie round 3
ChatterBot Lima round 3
ChatterBot Romeo round 3
ChatterBot Sierra round 3
2024-10-14 20:38:19.004316 Uniform: We should add Victor
ChatterBot Foxtrot reevaluating
ChatterBot Charlie reevaluating
2024-10-14 20:38:19.022339 Sierra: Yes
2024-10-14 20:38:19.024176 Foxtrot: Yes
2024-10-14 20:38:19.025232 Echo: Yes
2024-10-14 20:38:19.026373 Charlie: Yes
ChatterBot Foxtrot reevaluating
ChatterBot Charlie reevaluating
ChatterBot Charlie reevaluating
ChatterBot Foxtrot reevaluating
ChatterBot Charlie reevaluating
ChatterBot Foxtrot reevaluating
ChatterBot Victor round 3
2024-10-14 20:38:19.112786 Uniform: Victor we want you to join our group
ChatterBot Victor reevaluating
2024-10-14 20:38:19.116959 Victor: Yes
ChatterBot Foxtrot reevaluating
ChatterBot Charlie reevaluating
2024-10-14 20:38:19.140822 Charlie: Victor we want you to join our group
ChatterBot Victor reevaluating
2024-10-14 20:38:19.146015 Victor: Yes
2024-10-14 20:38:19.167777 Mike: Sierra, sending you 2
2024-10-14 20:38:19.170903 Lima: Foxtrot, Romeo and Victor, sending you 3
2024-10-14 20:38:19.171384 Sierra: Uniform, sending you 5
2024-10-14 20:38:19.171897 Romeo: Foxtrot, sending you 3
2024-10-14 20:38:19.172288 Echo: Uniform, sending you 4
2024-10-14 20:38:19.173205 India: Foxtrot, Lima and Victor, sending you 3
2024-10-14 20:38:19.173578 Uniform: Foxtrot, Charlie and Victor, sending you 3
2024-10-14 20:38:19.174853 Lima: India, sending you 4
2024-10-14 20:38:19.176847 Sierra: Foxtrot, sending you 1
2024-10-14 20:38:19.177369 Romeo: India, sending you 6
2024-10-14 20:38:19.177606 Echo: Foxtrot and Sierra, sending you 2
2024-10-14 20:38:19.177923 India: Romeo, sending you 4
2024-10-14 20:38:19.178754 Uniform: Echo, sending you 4
2024-10-14 20:38:19.179686 Sierra: Echo and Charlie, sending you 2
2024-10-14 20:38:19.180698 Romeo: Lima, sending you 5
2024-10-14 20:38:19.181738 Uniform: Sierra, sending you 5
2024-10-14 20:38:19.182729 Echo: Charlie and Victor, sending you 3
2024-10-14 20:38:19.183704 Romeo: Victor, sending you 2
2024-10-14 20:38:19.184693 Sierra: Victor, sending you 3
2024-10-14 20:38:19.187687 Victor: Foxtrot, sending you 1
2024-10-14 20:38:19.190015 Charlie: Uniform and Foxtrot, sending you 4
2024-10-14 20:38:19.190696 Foxtrot: Uniform, Echo, Sierra and Victor, sending you 2
2024-10-14 20:38:19.192041 Victor: Echo and India, sending you 2
2024-10-14 20:38:19.194691 Charlie: Echo, sending you 3
2024-10-14 20:38:19.195867 Foxtrot: Charlie, sending you 3
2024-10-14 20:38:19.196684 Victor: Lima, sending you 4
2024-10-14 20:38:19.198701 Charlie: Sierra and Victor, sending you 2
2024-10-14 20:38:19.199676 Victor: Romeo, sending you 3
2024-10-14 20:38:19.204876 Victor: Sierra, sending you 5
chatterbot India submitting transactions
chatterbot Mike submitting transactions
chatterbot Uniform submitting transactions
chatterbot Foxtrot submitting transactions
chatterbot Sierra submitting transactions
chatterbot Victor submitting transactions
chatterbot Charlie submitting transactions
chatterbot Lima submitting transactions
chatterbot Romeo submitting transactions
chatterbot Echo submitting transactions
ChatterBot Uniform round 4
ChatterBot Foxtrot round 4
ChatterBot Echo round 4
ChatterBot India round 4
ChatterBot Mike round 4
ChatterBot Charlie round 4
ChatterBot Lima round 4
ChatterBot Romeo round 4
ChatterBot Sierra round 4
ChatterBot Victor round 4
2024-10-14 20:38:20.392787 Mike: We should add Victor
2024-10-14 20:38:20.414255 Echo: Yes
2024-10-14 20:38:20.414462 Foxtrot: Yes
2024-10-14 20:38:20.414590 Uniform: Yes
2024-10-14 20:38:20.414726 Sierra: Yes
2024-10-14 20:38:20.414860 Charlie: Yes
2024-10-14 20:38:20.483585 Lima: We should group up
ChatterBot Romeo reevaluating
2024-10-14 20:38:20.507657 Foxtrot: No
2024-10-14 20:38:20.507880 Uniform: No
2024-10-14 20:38:20.507982 Echo: No
2024-10-14 20:38:20.508093 Charlie: No
2024-10-14 20:38:20.508181 Sierra: No
2024-10-14 20:38:20.508309 India: No
2024-10-14 20:38:20.508417 Romeo: No
2024-10-14 20:38:20.508529 Victor: No
ChatterBot Lima reevaluating
ChatterBot Romeo reevaluating
ChatterBot Victor reevaluating
ChatterBot Lima reevaluating
ChatterBot Romeo reevaluating
ChatterBot Victor reevaluating
ChatterBot Foxtrot reevaluating
ChatterBot Lima reevaluating
ChatterBot Romeo reevaluating
ChatterBot Victor reevaluating
ChatterBot Foxtrot reevaluating
ChatterBot Lima reevaluating
ChatterBot Romeo reevaluating
ChatterBot Victor reevaluating
ChatterBot Foxtrot reevaluating
ChatterBot Lima reevaluating
ChatterBot Romeo reevaluating
ChatterBot Victor reevaluating
ChatterBot Foxtrot reevaluating
ChatterBot Lima reevaluating
ChatterBot Romeo reevaluating
ChatterBot Victor reevaluating
ChatterBot Foxtrot reevaluating
ChatterBot Lima reevaluating
ChatterBot Victor reevaluating
ChatterBot Foxtrot reevaluating
ChatterBot Lima reevaluating
ChatterBot Romeo reevaluating
2024-10-14 20:38:20.693360 India: We should drop Foxtrot
ChatterBot Lima reevaluating
ChatterBot Romeo reevaluating
ChatterBot Victor reevaluating
2024-10-14 20:38:20.703607 Lima: Yes
2024-10-14 20:38:20.703781 Romeo: Yes
2024-10-14 20:38:20.703903 Victor: No
ChatterBot Romeo reevaluating
ChatterBot Victor reevaluating
ChatterBot Lima reevaluating
ChatterBot Victor reevaluating
ChatterBot Lima reevaluating
ChatterBot Romeo reevaluating
2024-10-14 20:38:20.732359 Mike: Victor we want you to join our group
ChatterBot Victor reevaluating
2024-10-14 20:38:20.736057 Victor: No
ChatterBot Foxtrot reevaluating
2024-10-14 20:38:20.752883 Uniform: Foxtrot and Victor, sending you 3
2024-10-14 20:38:20.755725 Uniform: Echo, Charlie and Sierra, sending you 4
2024-10-14 20:38:20.756689 Echo: Uniform, sending you 4
2024-10-14 20:38:20.760686 Echo: Foxtrot, Charlie and Victor, sending you 3
2024-10-14 20:38:20.764208 Mike: Sierra, sending you 2
2024-10-14 20:38:20.764703 Lima: Sending you each 4
2024-10-14 20:38:20.764996 Echo: Sierra, sending you 1
2024-10-14 20:38:20.766697 Charlie: Uniform, Foxtrot and Echo, sending you 4
2024-10-14 20:38:20.768704 Sierra: Uniform, sending you 4
2024-10-14 20:38:20.769692 Romeo: India and Lima, sending you 6
2024-10-14 20:38:20.771666 Charlie: Sierra, sending you 2
2024-10-14 20:38:20.772100 Sierra: Foxtrot, Echo and Charlie, sending you 2
2024-10-14 20:38:20.772732 India: Lima and Victor, sending you 4
2024-10-14 20:38:20.773700 Victor: Uniform and Foxtrot, sending you 3
2024-10-14 20:38:20.774090 Romeo: Victor, sending you 4
2024-10-14 20:38:20.774956 Charlie: Victor, sending you 1
2024-10-14 20:38:20.775704 Sierra: Victor, sending you 3
2024-10-14 20:38:20.776206 Foxtrot: Uniform, sending you 2
2024-10-14 20:38:20.776738 Victor: Echo, sending you 4
2024-10-14 20:38:20.777678 India: Romeo, sending you 5
2024-10-14 20:38:20.779738 Foxtrot: Echo, India, Lima, Romeo, Sierra and Victor, sending you 1
2024-10-14 20:38:20.780306 Victor: Charlie, sending you 2
2024-10-14 20:38:20.783669 Victor: Sierra, sending you 5
2024-10-14 20:38:20.784691 Foxtrot: Charlie, sending you 3
chatterbot Mike submitting transactions
chatterbot Charlie submitting transactions
chatterbot Foxtrot submitting transactions
chatterbot Victor submitting transactions
chatterbot Uniform submitting transactions
chatterbot India submitting transactions
chatterbot Lima submitting transactions
chatterbot Echo submitting transactions
chatterbot Sierra submitting transactions
chatterbot Romeo submitting transactions
ChatterBot Uniform round 5
ChatterBot Foxtrot round 5
ChatterBot Echo round 5
ChatterBot India round 5
ChatterBot Mike round 5
ChatterBot Charlie round 5
ChatterBot Lima round 5
ChatterBot Romeo round 5
ChatterBot Sierra round 5
ChatterBot Victor round 5
2024-10-14 20:38:22.021675 Uniform: Foxtrot and Victor, sending you 3
2024-10-14 20:38:22.022212 India: Lima and Victor, sending you 4
2024-10-14 20:38:22.022607 Mike: Sierra, sending you 2
2024-10-14 20:38:22.024682 India: Romeo, sending you 5
2024-10-14 20:38:22.025784 Uniform: Echo, Charlie and Sierra, sending you 4
2024-10-14 20:38:22.028673 Charlie: Uniform, sending you 4
2024-10-14 20:38:22.030660 Echo: Uniform, sending you 4
2024-10-14 20:38:22.033667 Charlie: Foxtrot, sending you 5
2024-10-14 20:38:22.034692 Lima: Same as last round
2024-10-14 20:38:22.035690 Echo: Foxtrot and Sierra, sending you 2
2024-10-14 20:38:22.036511 Romeo: India, sending you 7
2024-10-14 20:38:22.036907 Charlie: Echo, sending you 3
2024-10-14 20:38:22.038675 Foxtrot: Uniform, Echo, Sierra and Victor, sending you 2
2024-10-14 20:38:22.039698 Romeo: Lima, sending you 6
2024-10-14 20:38:22.040690 Echo: Charlie and Victor, sending you 3
2024-10-14 20:38:22.041723 Charlie: Sierra, sending you 2
2024-10-14 20:38:22.042467 Sierra: Uniform and Victor, sending you 4
2024-10-14 20:38:22.043189 Foxtrot: Charlie, sending you 3
2024-10-14 20:38:22.045214 Romeo: Victor, sending you 3
2024-10-14 20:38:22.045666 Victor: Uniform and Foxtrot, sending you 3
2024-10-14 20:38:22.046135 Charlie: Victor, sending you 1
2024-10-14 20:38:22.047666 Sierra: Foxtrot, sending you 1
2024-10-14 20:38:22.049692 Victor: Echo, sending you 4
2024-10-14 20:38:22.050668 Sierra: Echo and Charlie, sending you 2
2024-10-14 20:38:22.053015 Victor: Charlie, sending you 2
2024-10-14 20:38:22.055661 Victor: Sierra, sending you 5
chatterbot Echo submitting transactions
chatterbot Sierra submitting transactions
chatterbot Lima submitting transactions
chatterbot Foxtrot submitting transactions
chatterbot Victor submitting transactions
chatterbot Romeo submitting transactions
chatterbot Charlie submitting transactions
chatterbot Mike submitting transactions
chatterbot India submitting transactions
chatterbot Uniform submitting transactions
ChatterBot Uniform round 6
ChatterBot Foxtrot round 6
ChatterBot Echo round 6
ChatterBot India round 6
ChatterBot Mike round 6
ChatterBot Charlie round 6
ChatterBot Lima round 6
ChatterBot Romeo round 6
ChatterBot Sierra round 6
ChatterBot Victor round 6
2024-10-14 20:38:23.260894 India: We should drop Victor
2024-10-14 20:38:23.273822 Lima: No
2024-10-14 20:38:23.274224 Romeo: Yes
ChatterBot India reevaluating
ChatterBot India reevaluating
ChatterBot Lima reevaluating
2024-10-14 20:38:23.302675 Charlie: Uniform and Foxtrot, sending you 4
2024-10-14 20:38:23.303680 Foxtrot: Uniform, Echo, Sierra and Victor, sending you 2
2024-10-14 20:38:23.305697 Uniform: Foxtrot and Victor, sending you 3
2024-10-14 20:38:23.306993 Foxtrot: Charlie, sending you 3
2024-10-14 20:38:23.308684 Charlie: Echo, sending you 3
2024-10-14 20:38:23.309452 Echo: Uniform, sending you 4
2024-10-14 20:38:23.310227 Sierra: Uniform and Victor, sending you 4
2024-10-14 20:38:23.311536 Uniform: Echo, Charlie and Sierra, sending you 4
2024-10-14 20:38:23.312697 Charlie: Sierra and Victor, sending you 2
2024-10-14 20:38:23.314169 Sierra: Foxtrot and Charlie, sending you 2
2024-10-14 20:38:23.314966 Mike: Sierra, sending you 2
2024-10-14 20:38:23.315669 Echo: Foxtrot and Sierra, sending you 2
2024-10-14 20:38:23.316665 Victor: Uniform and Foxtrot, sending you 3
2024-10-14 20:38:23.318670 Sierra: Echo, sending you 1
2024-10-14 20:38:23.319709 Echo: Charlie and Victor, sending you 3
2024-10-14 20:38:23.321330 Victor: Echo, sending you 4
2024-10-14 20:38:23.322 Lima: Foxtrot, India and Victor, sending you 3
2024-10-14 20:38:23.323666 Romeo: Sending you each 8
2024-10-14 20:38:23.325687 Victor: Charlie, sending you 2
2024-10-14 20:38:23.327692 Lima: Romeo, sending you 4
2024-10-14 20:38:23.330665 India: Lima, sending you 6
2024-10-14 20:38:23.331089 Victor: Sierra, sending you 5
2024-10-14 20:38:23.335671 India: Romeo, sending you 7
chatterbot Romeo submitting transactions
chatterbot Uniform submitting transactions
chatterbot Echo submitting transactions
chatterbot India submitting transactions
chatterbot Victor submitting transactions
chatterbot Lima submitting transactions
chatterbot Charlie submitting transactions
chatterbot Foxtrot submitting transactions
chatterbot Sierra submitting transactions
chatterbot Mike submitting transactions
ChatterBot Uniform round 7
ChatterBot Foxtrot round 7
ChatterBot Echo round 7
ChatterBot India round 7
ChatterBot Mike round 7
ChatterBot Charlie round 7
ChatterBot Lima round 7
ChatterBot Romeo round 7
ChatterBot Sierra round 7
ChatterBot Victor round 7
2024-10-14 20:38:24.450282 India: We should add Mike
ChatterBot Lima reevaluating
2024-10-14 20:38:24.456566 Lima: Yes
2024-10-14 20:38:24.456740 Romeo: No
ChatterBot Romeo reevaluating
ChatterBot Lima reevaluating
2024-10-14 20:38:24.482995 India: Mike we want you to join our group
ChatterBot Mike reevaluating
2024-10-14 20:38:24.486030 Mike: No
ChatterBot Lima reevaluating
ChatterBot Romeo reevaluating
2024-10-14 20:38:24.494754 Foxtrot: Uniform, Echo, Sierra and Victor, sending you 2
2024-10-14 20:38:24.498670 Foxtrot: Charlie, sending you 3
2024-10-14 20:38:24.499994 Uniform: Foxtrot and Victor, sending you 3
2024-10-14 20:38:24.500820 Charlie: Uniform and Foxtrot, sending you 4
2024-10-14 20:38:24.501804 Echo: Uniform, sending you 4
2024-10-14 20:38:24.503728 Uniform: Echo, Charlie and Sierra, sending you 4
2024-10-14 20:38:24.505681 Echo: Foxtrot and Sierra, sending you 2
2024-10-14 20:38:24.506694 Charlie: Echo, sending you 3
2024-10-14 20:38:24.510671 Echo: Charlie and Victor, sending you 3
2024-10-14 20:38:24.511260 Sierra: Uniform and Victor, sending you 4
2024-10-14 20:38:24.512690 Charlie: Sierra and Victor, sending you 2
2024-10-14 20:38:24.513773 Victor: Uniform and Foxtrot, sending you 3
2024-10-14 20:38:24.515663 Romeo: India, sending you 8
2024-10-14 20:38:24.516034 India: Mike and Lima, sending you 4
2024-10-14 20:38:24.516367 Lima: Foxtrot, India and Romeo, sending you 4
2024-10-14 20:38:24.516759 Sierra: Foxtrot and Charlie, sending you 2
2024-10-14 20:38:24.518684 Victor: Echo, sending you 4
2024-10-14 20:38:24.519670 India: Romeo, sending you 5
2024-10-14 20:38:24.520703 Romeo: Mike, sending you 2
2024-10-14 20:38:24.521680 Victor: Charlie, sending you 2
2024-10-14 20:38:24.522679 Sierra: Echo, sending you 1
2024-10-14 20:38:24.525681 Romeo: Lima, sending you 6
2024-10-14 20:38:24.526017 Victor: Sierra, sending you 5
chatterbot India submitting transactions
chatterbot Echo submitting transactions
chatterbot Uniform submitting transactions
chatterbot Charlie submitting transactions
chatterbot Lima submitting transactions
chatterbot Foxtrot submitting transactions
chatterbot Mike submitting transactions
chatterbot Romeo submitting transactions
chatterbot Sierra submitting transactions
chatterbot Victor submitting transactions
ChatterBot Uniform round 8
ChatterBot Foxtrot round 8
ChatterBot Echo round 8
ChatterBot India round 8
ChatterBot Mike round 8
ChatterBot Charlie round 8
ChatterBot Lima round 8
ChatterBot Romeo round 8
ChatterBot Sierra round 8
ChatterBot Victor round 8
2024-10-14 20:38:25.739653 Uniform: Foxtrot and Victor, sending you 3
2024-10-14 20:38:25.742680 Uniform: Echo, Charlie and Sierra, sending you 4
2024-10-14 20:38:25.745684 Echo: Uniform, Foxtrot, Charlie and Victor, sending you 3
2024-10-14 20:38:25.746738 Foxtrot: Uniform, Echo, Sierra and Victor, sending you 2
2024-10-14 20:38:25.750661 Echo: Sierra, sending you 2
2024-10-14 20:38:25.751274 Romeo: India, sending you 9
2024-10-14 20:38:25.751539 Foxtrot: Charlie, sending you 3
2024-10-14 20:38:25.752107 Victor: Uniform and Foxtrot, sending you 3
2024-10-14 20:38:25.752686 India: Mike and Lima, sending you 4
2024-10-14 20:38:25.752989 Lima: India, Mike and Romeo, sending you 4
2024-10-14 20:38:25.754665 Romeo: Lima, sending you 7
2024-10-14 20:38:25.755684 India: Romeo, sending you 5
2024-10-14 20:38:25.756882 Charlie: Uniform and Foxtrot, sending you 4
2024-10-14 20:38:25.757745 Victor: Echo, sending you 4
2024-10-14 20:38:25.760665 Sierra: Uniform, sending you 3
2024-10-14 20:38:25.761260 Victor: Charlie, sending you 2
2024-10-14 20:38:25.762680 Charlie: Echo, sending you 3
2024-10-14 20:38:25.763931 Sierra: Foxtrot, Echo and Charlie, sending you 2
2024-10-14 20:38:25.764863 Victor: Sierra, sending you 5
2024-10-14 20:38:25.766670 Charlie: Sierra and Victor, sending you 2
2024-10-14 20:38:25.767719 Sierra: Victor, sending you 4
chatterbot Mike submitting transactions
chatterbot Romeo submitting transactions
chatterbot Foxtrot submitting transactions
chatterbot Charlie submitting transactions
chatterbot Lima submitting transactions
chatterbot Uniform submitting transactions
chatterbot India submitting transactions
chatterbot Echo submitting transactions
chatterbot Sierra submitting transactions
chatterbot Victor submitting transactions
ChatterBot Uniform round 9
ChatterBot Foxtrot round 9
ChatterBot Echo round 9
ChatterBot India round 9
ChatterBot Mike round 9
ChatterBot Charlie round 9
ChatterBot Lima round 9
ChatterBot Romeo round 9
ChatterBot Sierra round 9
ChatterBot Victor round 9
2024-10-14 20:38:26.974902 Mike: We should group up
ChatterBot Lima reevaluating
ChatterBot Romeo reevaluating
2024-10-14 20:38:26.985220 India: Yes
2024-10-14 20:38:26.985356 Lima: Yes
2024-10-14 20:38:26.985471 Romeo: Yes
ChatterBot Lima reevaluating
ChatterBot Romeo reevaluating
ChatterBot Romeo reevaluating
ChatterBot Lima reevaluating
2024-10-14 20:38:27.014757 Uniform: Foxtrot and Victor, sending you 3
2024-10-14 20:38:27.017708 Uniform: Echo, Charlie and Sierra, sending you 4
2024-10-14 20:38:27.020688 India: Mike and Lima, sending you 4
2024-10-14 20:38:27.023685 India: Romeo, sending you 5
2024-10-14 20:38:27.024669 Sierra: Uniform, sending you 3
2024-10-14 20:38:27.027669 Victor: Uniform and Foxtrot, sending you 3
2024-10-14 20:38:27.028781 Echo: Uniform, Foxtrot, Charlie and Victor, sending you 3
2024-10-14 20:38:27.029814 Foxtrot: Uniform, Echo, Sierra and Victor, sending you 2
2024-10-14 20:38:27.030880 Sierra: Foxtrot, Echo and Charlie, sending you 2
2024-10-14 20:38:27.031900 Victor: Echo, sending you 4
2024-10-14 20:38:27.033280 Echo: Sierra, sending you 2
2024-10-14 20:38:27.035661 Foxtrot: Charlie, sending you 3
2024-10-14 20:38:27.036311 Sierra: Victor, sending you 4
2024-10-14 20:38:27.036947 Charlie: Uniform and Foxtrot, sending you 4
2024-10-14 20:38:27.037424 Victor: Charlie, sending you 2
2024-10-14 20:38:27.038309 Mike: India and Lima, sending you 1
2024-10-14 20:38:27.038567 Lima: India, Mike and Romeo, sending you 4
2024-10-14 20:38:27.040675 Charlie: Echo, sending you 3
2024-10-14 20:38:27.041677 Victor: Sierra, sending you 5
2024-10-14 20:38:27.042463 Romeo: India, sending you 8
2024-10-14 20:38:27.045675 Charlie: Sierra and Victor, sending you 2
2024-10-14 20:38:27.046680 Romeo: Mike, sending you 1
2024-10-14 20:38:27.050650 Romeo: Lima, sending you 7
chatterbot India submitting transactions
chatterbot Charlie submitting transactions
chatterbot Lima submitting transactions
chatterbot Uniform submitting transactions
chatterbot Victor submitting transactions
chatterbot Romeo submitting transactions
chatterbot Mike submitting transactions
chatterbot Sierra submitting transactions
chatterbot Foxtrot submitting transactions
chatterbot Echo submitting transactions
ChatterBot Uniform round 10
ChatterBot Foxtrot round 10
ChatterBot Echo round 10
ChatterBot India round 10
ChatterBot Mike round 10
ChatterBot Charlie round 10
ChatterBot Lima round 10
ChatterBot Romeo round 10
ChatterBot Sierra round 10
ChatterBot Victor round 10
2024-10-14 20:38:28.174667 Mike: India and Lima, sending you 1
2024-10-14 20:38:28.175063 Uniform: Foxtrot and Victor, sending you 3
2024-10-14 20:38:28.175851 Echo: Uniform, Foxtrot, Charlie and Victor, sending you 3
2024-10-14 20:38:28.179661 Uniform: Echo, Charlie and Sierra, sending you 4
2024-10-14 20:38:28.180372 Foxtrot: Uniform, Echo, Sierra and Victor, sending you 2
2024-10-14 20:38:28.181063 Echo: Sierra, sending you 2
2024-10-14 20:38:28.184681 Foxtrot: Charlie, sending you 3
2024-10-14 20:38:28.185690 Romeo: India, sending you 8
2024-10-14 20:38:28.186682 Charlie: Uniform and Foxtrot, sending you 4
2024-10-14 20:38:28.187331 Sierra: Uniform, sending you 3
2024-10-14 20:38:28.188668 India: Mike and Lima, sending you 4
2024-10-14 20:38:28.189031 Romeo: Mike, sending you 1
2024-10-14 20:38:28.190009 Lima: India, Mike and Romeo, sending you 4
2024-10-14 20:38:28.190570 Charlie: Echo, sending you 3
2024-10-14 20:38:28.191821 India: Romeo, sending you 5
2024-10-14 20:38:28.192695 Sierra: Foxtrot, Echo and Charlie, sending you 2
2024-10-14 20:38:28.193530 Victor: Uniform and Foxtrot, sending you 3
2024-10-14 20:38:28.194254 Romeo: Lima, sending you 7
2024-10-14 20:38:28.195678 Sierra: Victor, sending you 4
2024-10-14 20:38:28.196666 Charlie: Sierra and Victor, sending you 2
2024-10-14 20:38:28.198702 Victor: Echo, sending you 4
2024-10-14 20:38:28.201677 Victor: Charlie, sending you 2
2024-10-14 20:38:28.206654 Victor: Sierra, sending you 5
chatterbot Lima submitting transactions
chatterbot Echo submitting transactions
chatterbot Uniform submitting transactions
chatterbot Charlie submitting transactions
chatterbot Sierra submitting transactions
chatterbot Foxtrot submitting transactions
chatterbot Victor submitting transactions
chatterbot Romeo submitting transactions
chatterbot India submitting transactions
chatterbot Mike submitting transactions
ChatterBot Uniform round 11
ChatterBot Foxtrot round 11
ChatterBot Echo round 11
ChatterBot India round 11
ChatterBot Mike round 11
ChatterBot Charlie round 11
ChatterBot Lima round 11
ChatterBot Romeo round 11
ChatterBot Sierra round 11
ChatterBot Victor round 11
2024-10-14 20:38:29.389443 Lima: We should add Foxtrot
ChatterBot Romeo reevaluating
2024-10-14 20:38:29.399104 India: No
2024-10-14 20:38:29.399309 Romeo: No
2024-10-14 20:38:29.399889 Mike: No
ChatterBot Lima reevaluating
ChatterBot Romeo reevaluating
ChatterBot Lima reevaluating
ChatterBot Lima reevaluating
ChatterBot Romeo reevaluating
2024-10-14 20:38:29.436700 Lima: We should add Victor
ChatterBot Romeo reevaluating
2024-10-14 20:38:29.443047 India: No
2024-10-14 20:38:29.443264 Romeo: No
2024-10-14 20:38:29.443369 Mike: No
ChatterBot Lima reevaluating
ChatterBot Romeo reevaluating
ChatterBot Lima reevaluating
ChatterBot Lima reevaluating
ChatterBot Romeo reevaluating
2024-10-14 20:38:29.467694 Foxtrot: Uniform, Echo, Sierra and Victor, sending you 2
2024-10-14 20:38:29.468715 Mike: India and Lima, sending you 1
2024-10-14 20:38:29.469119 India: Mike and Lima, sending you 4
2024-10-14 20:38:29.469548 Uniform: Foxtrot and Victor, sending you 3
2024-10-14 20:38:29.470362 Echo: Uniform, Foxtrot, Charlie and Victor, sending you 3
2024-10-14 20:38:29.471678 India: Romeo, sending you 5
2024-10-14 20:38:29.473674 Foxtrot: Charlie, sending you 3
2024-10-14 20:38:29.474569 Uniform: Echo, Charlie and Sierra, sending you 4
2024-10-14 20:38:29.475716 Echo: Sierra, sending you 2
2024-10-14 20:38:29.481166 Sierra: Uniform, sending you 3
2024-10-14 20:38:29.484666 Charlie: Uniform and Foxtrot, sending you 4
2024-10-14 20:38:29.485722 Victor: Uniform and Foxtrot, sending you 3
2024-10-14 20:38:29.487251 Sierra: Foxtrot, Echo and Charlie, sending you 2
2024-10-14 20:38:29.488110 Romeo: India, sending you 8
2024-10-14 20:38:29.490670 Charlie: Echo, sending you 3
2024-10-14 20:38:29.492463 Victor: Echo, sending you 4
2024-10-14 20:38:29.493732 Romeo: Mike, sending you 1
2024-10-14 20:38:29.494287 Sierra: Victor, sending you 4
2024-10-14 20:38:29.495669 Charlie: Sierra and Victor, sending you 2
2024-10-14 20:38:29.497767 Romeo: Lima, sending you 7
2024-10-14 20:38:29.498666 Victor: Charlie, sending you 2
2024-10-14 20:38:29.502665 Victor: Sierra, sending you 5
chatterbot India submitting transactions
chatterbot Echo submitting transactions
chatterbot Charlie submitting transactions
chatterbot Lima submitting transactions
chatterbot Uniform submitting transactions
chatterbot Mike submitting transactions
chatterbot Victor submitting transactions
chatterbot Romeo submitting transactions
chatterbot Foxtrot submitting transactions
chatterbot Sierra submitting transactions
ChatterBot Uniform round 12
ChatterBot Foxtrot round 12
ChatterBot Echo round 12
ChatterBot India round 12
ChatterBot Mike round 12
ChatterBot Charlie round 12
ChatterBot Lima round 12
ChatterBot Romeo round 12
ChatterBot Sierra round 12
ChatterBot Victor round 12
2024-10-14 20:38:30.568651 Lima: We should add Sierra
2024-10-14 20:38:30.582785 India: No
2024-10-14 20:38:30.583101 Romeo: No
2024-10-14 20:38:30.583353 Mike: No
ChatterBot Lima reevaluating
ChatterBot Lima reevaluating
ChatterBot Lima reevaluating
2024-10-14 20:38:30.644746 Lima: We should add Echo
2024-10-14 20:38:30.659535 India: No
2024-10-14 20:38:30.660117 Romeo: No
2024-10-14 20:38:30.660536 Mike: No
ChatterBot Lima reevaluating
ChatterBot Lima reevaluating
ChatterBot Lima reevaluating
2024-10-14 20:38:30.695672 Echo: Uniform, Foxtrot, Charlie and Victor, sending you 3
2024-10-14 20:38:30.698086 Sierra: Uniform, sending you 3
2024-10-14 20:38:30.699512 Mike: India and Lima, sending you 1
2024-10-14 20:38:30.700450 Foxtrot: Uniform, Echo, Sierra and Victor, sending you 2
2024-10-14 20:38:30.701684 Uniform: Foxtrot and Victor, sending you 3
2024-10-14 20:38:30.702468 India: Mike and Lima, sending you 4
2024-10-14 20:38:30.703326 Charlie: Uniform and Foxtrot, sending you 4
2024-10-14 20:38:30.704198 Echo: Sierra, sending you 2
2024-10-14 20:38:30.705132 Sierra: Foxtrot, Echo and Charlie, sending you 2
2024-10-14 20:38:30.706697 Foxtrot: Charlie, sending you 3
2024-10-14 20:38:30.707666 Uniform: Echo, Charlie and Sierra, sending you 4
2024-10-14 20:38:30.709337 India: Romeo, sending you 5
2024-10-14 20:38:30.709680 Charlie: Echo, sending you 3
2024-10-14 20:38:30.710797 Sierra: Victor, sending you 4
2024-10-14 20:38:30.712694 Romeo: India, sending you 8
2024-10-14 20:38:30.713672 Victor: Uniform and Foxtrot, sending you 3
2024-10-14 20:38:30.715440 Charlie: Sierra and Victor, sending you 2
2024-10-14 20:38:30.717699 Romeo: Mike, sending you 1
2024-10-14 20:38:30.718180 Victor: Echo, sending you 4
2024-10-14 20:38:30.720688 Romeo: Lima, sending you 7
2024-10-14 20:38:30.724658 Victor: Charlie, sending you 2
2024-10-14 20:38:30.727692 Victor: Sierra, sending you 5
chatterbot Charlie submitting transactions
chatterbot Sierra submitting transactions
chatterbot Foxtrot submitting transactions
chatterbot Echo submitting transactions
chatterbot Uniform submitting transactions
chatterbot India submitting transactions
chatterbot Victor submitting transactions
chatterbot Lima submitting transactions
chatterbot Romeo submitting transactions
chatterbot Mike submitting transactions
ChatterBot Uniform round 13
ChatterBot Foxtrot round 13
ChatterBot Echo round 13
ChatterBot India round 13
ChatterBot Mike round 13
ChatterBot Charlie round 13
ChatterBot Lima round 13
ChatterBot Romeo round 13
ChatterBot Sierra round 13
ChatterBot Victor round 13
2024-10-14 20:38:31.806188 Lima: We should add Charlie
2024-10-14 20:38:31.813370 India: No
2024-10-14 20:38:31.813560 Romeo: No
2024-10-14 20:38:31.813701 Mike: No
ChatterBot Lima reevaluating
ChatterBot Lima reevaluating
ChatterBot Lima reevaluating
2024-10-14 20:38:31.847871 Charlie: We should drop Sierra
2024-10-14 20:38:31.857142 Uniform: No
2024-10-14 20:38:31.857321 Foxtrot: No
2024-10-14 20:38:31.857439 Echo: No
2024-10-14 20:38:31.857555 Victor: No
ChatterBot Charlie reevaluating
ChatterBot Charlie reevaluating
ChatterBot Charlie reevaluating
ChatterBot Charlie reevaluating
2024-10-14 20:38:31.910998 Lima: We should add Uniform
2024-10-14 20:38:31.921437 India: No
2024-10-14 20:38:31.922127 Romeo: No
2024-10-14 20:38:31.922280 Mike: No
ChatterBot Lima reevaluating
ChatterBot Lima reevaluating
ChatterBot Lima reevaluating
2024-10-14 20:38:32.085827 Mike: India and Lima, sending you 1
2024-10-14 20:38:32.086992 Echo: Uniform, Foxtrot, Charlie and Victor, sending you 3
2024-10-14 20:38:32.089441 Uniform: Foxtrot and Victor, sending you 3
2024-10-14 20:38:32.091437 India: Mike and Lima, sending you 4
chatterbot India submitting transactions
2024-10-14 20:38:32.093693 Echo: Sierra, sending you 2
2024-10-14 20:38:32.124163 Uniform: Echo, Charlie and Sierra, sending you 4
