ChatterBot Quebec round 1
ChatterBot Uniform round 1
ChatterBot Lima round 1
ChatterBot X-ray round 1
ChatterBot Victor round 1
ChatterBot Golf round 1
ChatterBot Bravo round 1
ChatterBot Alpha round 1
ChatterBot Mike round 1
ChatterBot Tango round 1
randomSelections Alpha: {Alpha, Golf, Lima, Bravo, Tango, Uniform} 
2024-10-14 20:38:11.840849 Alpha: We would work well together
ChatterBot Golf reevaluating
ChatterBot Lima reevaluating
ChatterBot Bravo reevaluating
ChatterBot Tango reevaluating
ChatterBot Uniform reevaluating
2024-10-14 20:38:11.850551 Golf: Yes
2024-10-14 20:38:11.850730 Lima: Yes
2024-10-14 20:38:11.850875 Bravo: Yes
2024-10-14 20:38:11.850987 Tango: Yes
2024-10-14 20:38:11.851070 Uniform: Yes
ChatterBot Lima reevaluating
ChatterBot Bravo reevaluating
ChatterBot Tango reevaluating
ChatterBot Uniform reevaluating
ChatterBot Golf reevaluating
ChatterBot Bravo reevaluating
ChatterBot Tango reevaluating
ChatterBot Uniform reevaluating
ChatterBot Golf reevaluating
ChatterBot Lima reevaluating
ChatterBot Tango reevaluating
ChatterBot Uniform reevaluating
ChatterBot Golf reevaluating
ChatterBot Lima reevaluating
ChatterBot Bravo reevaluating
ChatterBot Uniform reevaluating
ChatterBot Golf reevaluating
ChatterBot Lima reevaluating
ChatterBot Bravo reevaluating
ChatterBot Tango reevaluating
randomSelections X-ray: {X-ray, Quebec, Lima, Mike, Victor, Tango} 
2024-10-14 20:38:11.902200 X-ray: Let's form a team
ChatterBot Quebec reevaluating
ChatterBot Lima reevaluating
ChatterBot Mike reevaluating
ChatterBot Victor reevaluating
ChatterBot Tango reevaluating
2024-10-14 20:38:11.912698 Quebec: Yes
2024-10-14 20:38:11.913417 Lima: No
2024-10-14 20:38:11.913530 Mike: Yes
2024-10-14 20:38:11.913633 Victor: Yes
2024-10-14 20:38:11.913745 Tango: No
ChatterBot Lima reevaluating
ChatterBot Mike reevaluating
ChatterBot Victor reevaluating
ChatterBot Tango reevaluating
ChatterBot Quebec reevaluating
ChatterBot Mike reevaluating
ChatterBot Victor reevaluating
ChatterBot Tango reevaluating
ChatterBot Quebec reevaluating
ChatterBot Lima reevaluating
ChatterBot Victor reevaluating
ChatterBot Tango reevaluating
ChatterBot Quebec reevaluating
ChatterBot Lima reevaluating
ChatterBot Mike reevaluating
ChatterBot Tango reevaluating
ChatterBot Quebec reevaluating
ChatterBot Lima reevaluating
ChatterBot Mike reevaluating
ChatterBot Victor reevaluating
2024-10-14 20:38:12.089620 Alpha: Uniform, Bravo and Tango, sending you 2
2024-10-14 20:38:12.091218 Uniform: Golf, sending you 4
2024-10-14 20:38:12.095220 Alpha: Lima, sending you 3
2024-10-14 20:38:12.097401 Mike: Quebec, sending you 1
2024-10-14 20:38:12.099013 X-ray: Quebec, sending you 3
2024-10-14 20:38:12.100696 Victor: Quebec and Lima, sending you 3
2024-10-14 20:38:12.101502 Bravo: Uniform and Tango, sending you 1
2024-10-14 20:38:12.102757 Golf: Uniform and Bravo, sending you 1
2024-10-14 20:38:12.103443 Uniform: Bravo, sending you 8
2024-10-14 20:38:12.104936 Tango: Uniform, sending you 3
2024-10-14 20:38:12.106371 Quebec: Lima and X-ray, sending you 2
2024-10-14 20:38:12.107077 Lima: Uniform, sending you 5
2024-10-14 20:38:12.108632 Alpha: Golf, sending you 4
2024-10-14 20:38:12.110347 X-ray: Victor, sending you 5
2024-10-14 20:38:12.111250 Mike: X-ray, sending you 3
2024-10-14 20:38:12.112784 Victor: X-ray, sending you 5
2024-10-14 20:38:12.114129 Bravo: Lima, sending you 5
2024-10-14 20:38:12.114914 Golf: Alpha, sending you 2
2024-10-14 20:38:12.117071 Uniform: Alpha, sending you 2
2024-10-14 20:38:12.118358 Tango: Lima, sending you 5
2024-10-14 20:38:12.120003 Quebec: Victor and Mike, sending you 4
2024-10-14 20:38:12.120859 Lima: Golf and Alpha, sending you 2
2024-10-14 20:38:12.122195 X-ray: Mike and Tango, sending you 4
2024-10-14 20:38:12.123282 Mike: Victor, sending you 2
2024-10-14 20:38:12.123954 Victor: Tango, sending you 2
2024-10-14 20:38:12.125188 Bravo: Golf, sending you 4
2024-10-14 20:38:12.126558 Uniform: Tango, sending you 3
2024-10-14 20:38:12.127848 Tango: Golf and Bravo, sending you 2
2024-10-14 20:38:12.128521 Lima: Bravo, sending you 1
2024-10-14 20:38:12.129813 Bravo: Alpha, sending you 2
2024-10-14 20:38:12.132094 Tango: Alpha, sending you 1
2024-10-14 20:38:12.138826 Lima: Tango, sending you 3
chatterbot Alpha submitting transactions
chatterbot Quebec submitting transactions
chatterbot X-ray submitting transactions
chatterbot Uniform submitting transactions
chatterbot Tango submitting transactions
chatterbot Mike submitting transactions
chatterbot Bravo submitting transactions
chatterbot Lima submitting transactions
chatterbot Victor submitting transactions
chatterbot Golf submitting transactions
ChatterBot Quebec round 2
ChatterBot Uniform round 2
ChatterBot Lima round 2
ChatterBot X-ray round 2
ChatterBot Victor round 2
ChatterBot Golf round 2
ChatterBot Bravo round 2
ChatterBot Alpha round 2
ChatterBot Mike round 2
ChatterBot Tango round 2
2024-10-14 20:38:13.313287 X-ray: We should drop Lima and Tango
ChatterBot Mike reevaluating
2024-10-14 20:38:13.329207 Quebec: Yes
2024-10-14 20:38:13.329429 Victor: Yes
2024-10-14 20:38:13.329593 Mike: Yes
ChatterBot Victor reevaluating
ChatterBot Mike reevaluating
ChatterBot Mike reevaluating
ChatterBot Victor reevaluating
2024-10-14 20:38:13.377157 Victor: Group up?
ChatterBot Mike reevaluating
2024-10-14 20:38:13.398930 Golf: No
2024-10-14 20:38:13.399344 Quebec: No
2024-10-14 20:38:13.399992 X-ray: No
2024-10-14 20:38:13.400152 Mike: No
ChatterBot Victor reevaluating
ChatterBot Mike reevaluating
ChatterBot Victor reevaluating
ChatterBot Mike reevaluating
ChatterBot Victor reevaluating
ChatterBot Mike reevaluating
ChatterBot Victor reevaluating
ChatterBot X-ray reevaluating
2024-10-14 20:38:13.458263 X-ray: Let's form a team
ChatterBot Victor reevaluating
ChatterBot Mike reevaluating
2024-10-14 20:38:13.471182 Victor: Yes
2024-10-14 20:38:13.471376 Quebec: No
2024-10-14 20:38:13.471497 Mike: Yes
2024-10-14 20:38:13.471640 Golf: No
ChatterBot X-ray reevaluating
ChatterBot Mike reevaluating
ChatterBot Victor reevaluating
ChatterBot X-ray reevaluating
ChatterBot Mike reevaluating
ChatterBot Victor reevaluating
ChatterBot X-ray reevaluating
ChatterBot Victor reevaluating
ChatterBot X-ray reevaluating
ChatterBot Mike reevaluating
2024-10-14 20:38:13.529116 Uniform: We should drop Golf
ChatterBot Tango reevaluating
2024-10-14 20:38:13.541105 Lima: No
2024-10-14 20:38:13.541239 Bravo: No
2024-10-14 20:38:13.541352 Alpha: No
2024-10-14 20:38:13.541822 Tango: Yes
ChatterBot Uniform reevaluating
ChatterBot Tango reevaluating
ChatterBot Uniform reevaluating
ChatterBot Tango reevaluating
ChatterBot Uniform reevaluating
ChatterBot Tango reevaluating
ChatterBot Uniform reevaluating
2024-10-14 20:38:14.276582 Bravo: Uniform, sending you 7
2024-10-14 20:38:14.276988 Quebec: X-ray and Victor, sending you 5
2024-10-14 20:38:14.277227 Golf: Uniform and Bravo, sending you 2
2024-10-14 20:38:14.278063 Lima: Uniform and Golf, sending you 2
2024-10-14 20:38:14.278389 Alpha: Uniform, Lima, Golf and Bravo, sending you 3
chatterbot Mike submitting transactions
chatterbot Golf submitting transactions
2024-10-14 20:38:14.427958 Quebec: Mike, sending you 4
2024-10-14 20:38:14.428254 Golf: Lima, Alpha and Tango, sending you 1
2024-10-14 20:38:14.429075 Bravo: Lima and Golf, sending you 1
2024-10-14 20:38:14.429343 X-ray: Quebec, sending you 3
2024-10-14 20:38:14.429540 Lima: Bravo, Alpha and Tango, sending you 3
2024-10-14 20:38:14.430266 Uniform: Lima, sending you 6
2024-10-14 20:38:14.430544 Tango: Uniform and Lima, sending you 4
2024-10-14 20:38:14.430781 Alpha: Tango, sending you 1
2024-10-14 20:38:14.431116 Mike: Quebec and X-ray, sending you 2
chatterbot Tango submitting transactions
chatterbot Victor submitting transactions
2024-10-14 20:38:14.432176 X-ray: Victor, sending you 8
2024-10-14 20:38:14.623310 Bravo: Alpha and Tango, sending you 2
2024-10-14 20:38:14.623763 Uniform: Golf and Bravo, sending you 2
2024-10-14 20:38:14.624145 Tango: Bravo, sending you 2
2024-10-14 20:38:14.625640 Mike: Uniform and Victor, sending you 1
2024-10-14 20:38:14.626061 Victor: Quebec, sending you 5
2024-10-14 20:38:14.626326 X-ray: Mike, sending you 5
chatterbot X-ray submitting transactions
chatterbot Alpha submitting transactions
chatterbot Bravo submitting transactions
chatterbot Quebec submitting transactions
chatterbot Lima submitting transactions
2024-10-14 20:38:14.631875 Uniform: Alpha, sending you 3
2024-10-14 20:38:14.632268 Tango: Alpha, sending you 3
2024-10-14 20:38:14.632547 Victor: X-ray, sending you 7
2024-10-14 20:38:14.807766 Uniform: Tango, sending you 4
2024-10-14 20:38:14.808787 Victor: Mike, sending you 3
chatterbot Uniform submitting transactions
ChatterBot Quebec round 3
ChatterBot Uniform round 3
ChatterBot Lima round 3
ChatterBot X-ray round 3
ChatterBot Victor round 3
ChatterBot Golf round 3
ChatterBot Bravo round 3
ChatterBot Alpha round 3
ChatterBot Mike round 3
ChatterBot Tango round 3
2024-10-14 20:38:14.875418 X-ray: We should add Golf
ChatterBot Victor reevaluating
ChatterBot Mike reevaluating
2024-10-14 20:38:14.886657 Quebec: No
2024-10-14 20:38:14.886988 Victor: Yes
2024-10-14 20:38:14.887237 Mike: Yes
ChatterBot X-ray reevaluating
ChatterBot Victor reevaluating
ChatterBot Mike reevaluating
ChatterBot X-ray reevaluating
ChatterBot Mike reevaluating
ChatterBot X-ray reevaluating
ChatterBot Victor reevaluating
2024-10-14 20:38:14.925020 Mike: We should replace Uniform with Golf
ChatterBot X-ray reevaluating
ChatterBot Victor reevaluating
2024-10-14 20:38:14.933914 X-ray: No
2024-10-14 20:38:14.934070 Quebec: No
2024-10-14 20:38:14.934198 Victor: Yes
ChatterBot Victor reevaluating
ChatterBot Mike reevaluating
ChatterBot X-ray reevaluating
ChatterBot Victor reevaluating
ChatterBot Mike reevaluating
ChatterBot X-ray reevaluating
ChatterBot Mike reevaluating
2024-10-14 20:38:14.968049 Alpha: Uniform, Lima, Bravo and Tango, sending you 3
2024-10-14 20:38:14.968552 Uniform: Lima, Bravo and Tango, sending you 4
2024-10-14 20:38:14.968954 Golf: Uniform, Lima, Bravo and Alpha, sending you 2
2024-10-14 20:38:14.969756 Quebec: X-ray and Victor, sending you 5
2024-10-14 20:38:14.970079 Bravo: Uniform, sending you 5
2024-10-14 20:38:14.970523 Lima: Uniform, Bravo, Alpha and Tango, sending you 3
2024-10-14 20:38:14.971418 Alpha: Golf, sending you 1
2024-10-14 20:38:14.973299 Mike: Golf we want you to join our group
2024-10-14 20:38:14.976656 Golf: No
ChatterBot Victor reevaluating
ChatterBot X-ray reevaluating
2024-10-14 20:38:14.988761 Uniform: Golf, sending you 2
2024-10-14 20:38:14.989142 Bravo: Lima, Golf, Alpha and Tango, sending you 2
2024-10-14 20:38:14.989986 Golf: Tango, sending you 1
2024-10-14 20:38:14.990279 Lima: Golf, sending you 1
2024-10-14 20:38:14.990663 Quebec: Mike, sending you 4
2024-10-14 20:38:15.002535 Uniform: Alpha, sending you 3
2024-10-14 20:38:15.003137 Tango: Uniform and Lima, sending you 4
2024-10-14 20:38:15.008846 Tango: Bravo, sending you 3
2024-10-14 20:38:15.033634 Tango: Alpha, sending you 2
2024-10-14 20:38:15.034117 X-ray: Quebec, sending you 5
2024-10-14 20:38:15.039761 Victor: Quebec, sending you 5
2024-10-14 20:38:15.040037 Mike: Quebec and X-ray, sending you 2
2024-10-14 20:38:15.040367 X-ray: Victor, sending you 8
2024-10-14 20:38:15.047500 Victor: X-ray, sending you 8
2024-10-14 20:38:15.047784 Mike: Victor and Golf, sending you 1
2024-10-14 20:38:15.048533 X-ray: Mike, sending you 3
2024-10-14 20:38:15.057340 Victor: Mike, sending you 2
chatterbot Quebec submitting transactions
chatterbot X-ray submitting transactions
chatterbot Lima submitting transactions
chatterbot Mike submitting transactions
chatterbot Alpha submitting transactions
chatterbot Tango submitting transactions
chatterbot Victor submitting transactions
chatterbot Golf submitting transactions
chatterbot Uniform submitting transactions
chatterbot Bravo submitting transactions
ChatterBot Quebec round 4
ChatterBot Uniform round 4
ChatterBot Lima round 4
ChatterBot X-ray round 4
ChatterBot Victor round 4
ChatterBot Golf round 4
ChatterBot Bravo round 4
ChatterBot Alpha round 4
ChatterBot Mike round 4
ChatterBot Tango round 4
2024-10-14 20:38:16.084943 X-ray: We should add Golf
ChatterBot Mike reevaluating
2024-10-14 20:38:16.126358 Quebec: No
2024-10-14 20:38:16.126619 Victor: No
2024-10-14 20:38:16.126806 Mike: No
ChatterBot Mike reevaluating
ChatterBot X-ray reevaluating
ChatterBot Mike reevaluating
ChatterBot X-ray reevaluating
2024-10-14 20:38:16.234895 Mike: We should replace Golf with Alpha
ChatterBot X-ray reevaluating
2024-10-14 20:38:16.248745 X-ray: No
2024-10-14 20:38:16.249092 Quebec: No
2024-10-14 20:38:16.249398 Victor: No
ChatterBot Mike reevaluating
ChatterBot X-ray reevaluating
ChatterBot Mike reevaluating
ChatterBot X-ray reevaluating
ChatterBot Mike reevaluating
2024-10-14 20:38:16.301384 Mike: We should replace Golf with Bravo
ChatterBot X-ray reevaluating
2024-10-14 20:38:16.317393 X-ray: No
2024-10-14 20:38:16.318308 Quebec: No
2024-10-14 20:38:16.318538 Victor: No
ChatterBot Mike reevaluating
ChatterBot X-ray reevaluating
ChatterBot Mike reevaluating
ChatterBot X-ray reevaluating
ChatterBot Mike reevaluating
2024-10-14 20:38:16.376987 Quebec: X-ray and Victor, sending you 5
2024-10-14 20:38:16.378133 Alpha: Uniform, Lima and Tango, sending you 3
2024-10-14 20:38:16.378845 Uniform: Lima and Alpha, sending you 3
2024-10-14 20:38:16.380112 Victor: Quebec, sending you 5
2024-10-14 20:38:16.380802 Mike: Bravo we want you to join our group
2024-10-14 20:38:16.384670 Bravo: No
ChatterBot Mike reevaluating
ChatterBot X-ray reevaluating
2024-10-14 20:38:16.400529 Quebec: Mike, sending you 4
2024-10-14 20:38:16.401489 Alpha: Golf and Bravo, sending you 2
2024-10-14 20:38:16.402879 Uniform: Golf, sending you 2
2024-10-14 20:38:16.403683 Tango: Uniform, sending you 4
2024-10-14 20:38:16.405193 Victor: X-ray, sending you 8
2024-10-14 20:38:16.406105 Lima: Uniform, Bravo, Alpha and Tango, sending you 3
2024-10-14 20:38:16.407602 Bravo: Uniform, sending you 5
2024-10-14 20:38:16.408300 Golf: Sending you each 2
2024-10-14 20:38:16.409689 Mike: Alpha we want you to join our group
2024-10-14 20:38:16.413691 Alpha: No
ChatterBot Mike reevaluating
ChatterBot X-ray reevaluating
2024-10-14 20:38:16.427959 Uniform: Bravo, sending you 5
2024-10-14 20:38:16.433420 Tango: Lima, Bravo and Alpha, sending you 3
2024-10-14 20:38:16.438143 Victor: Mike, sending you 2
2024-10-14 20:38:16.443427 Bravo: Lima, Golf, Alpha and Tango, sending you 2
2024-10-14 20:38:16.448990 Lima: Golf, sending you 1
2024-10-14 20:38:16.455913 Uniform: Tango, sending you 4
2024-10-14 20:38:16.624419 X-ray: Quebec, sending you 5
2024-10-14 20:38:16.625388 Mike: Quebec and X-ray, sending you 2
2024-10-14 20:38:16.660731 X-ray: Victor, sending you 8
2024-10-14 20:38:16.661280 Mike: Victor and Bravo, sending you 1
2024-10-14 20:38:16.690509 X-ray: Mike, sending you 3
chatterbot Uniform submitting transactions
chatterbot X-ray submitting transactions
chatterbot Golf submitting transactions
chatterbot Lima submitting transactions
chatterbot Tango submitting transactions
chatterbot Bravo submitting transactions
chatterbot Quebec submitting transactions
chatterbot Mike submitting transactions
chatterbot Victor submitting transactions
chatterbot Alpha submitting transactions
ChatterBot Quebec round 5
ChatterBot Uniform round 5
ChatterBot Lima round 5
ChatterBot X-ray round 5
ChatterBot Victor round 5
ChatterBot Golf round 5
ChatterBot Bravo round 5
ChatterBot Alpha round 5
ChatterBot Mike round 5
ChatterBot Tango round 5
2024-10-14 20:38:17.422107 Mike: We should drop Bravo
2024-10-14 20:38:17.434419 X-ray: Yes
2024-10-14 20:38:17.434605 Quebec: Yes
2024-10-14 20:38:17.434789 Victor: Yes
ChatterBot Mike reevaluating
ChatterBot Mike reevaluating
ChatterBot Mike reevaluating
2024-10-14 20:38:17.463686 X-ray: Quebec, sending you 5
2024-10-14 20:38:17.464242 Uniform: Lima and Alpha, sending you 3
2024-10-14 20:38:17.465202 Bravo: Uniform, sending you 4
2024-10-14 20:38:17.465806 Lima: Uniform, Bravo, Alpha and Tango, sending you 3
2024-10-14 20:38:17.466843 Tango: Uniform, sending you 4
2024-10-14 20:38:17.467192 Alpha: Uniform, Lima and Tango, sending you 3
2024-10-14 20:38:17.468301 Quebec: X-ray and Victor, sending you 5
2024-10-14 20:38:17.468661 Victor: Quebec, sending you 5
2024-10-14 20:38:17.469218 Golf: Uniform, sending you 3
2024-10-14 20:38:17.470425 X-ray: Victor, sending you 8
2024-10-14 20:38:17.471002 Uniform: Golf, sending you 2
2024-10-14 20:38:17.472138 Bravo: Lima, sending you 3
2024-10-14 20:38:17.472830 Tango: Lima, Bravo and Alpha, sending you 3
2024-10-14 20:38:17.473198 Lima: Golf, sending you 1
2024-10-14 20:38:17.474035 Alpha: Golf and Bravo, sending you 2
2024-10-14 20:38:17.474539 Quebec: Mike, sending you 4
2024-10-14 20:38:17.475355 Victor: X-ray, sending you 8
2024-10-14 20:38:17.475795 Golf: Lima, Bravo, Alpha and Tango, sending you 2
2024-10-14 20:38:17.477116 X-ray: Mike, sending you 3
2024-10-14 20:38:17.477762 Uniform: Bravo, sending you 5
2024-10-14 20:38:17.479019 Bravo: Golf, Alpha and Tango, sending you 2
2024-10-14 20:38:17.480890 Victor: Mike, sending you 2
2024-10-14 20:38:17.483709 Uniform: Tango, sending you 4
chatterbot Quebec submitting transactions
chatterbot Mike submitting transactions
chatterbot Tango submitting transactions
chatterbot Lima submitting transactions
chatterbot X-ray submitting transactions
chatterbot Bravo submitting transactions
chatterbot Alpha submitting transactions
chatterbot Victor submitting transactions
chatterbot Uniform submitting transactions
chatterbot Golf submitting transactions
ChatterBot Quebec round 6
ChatterBot Uniform round 6
ChatterBot Lima round 6
ChatterBot X-ray round 6
ChatterBot Victor round 6
ChatterBot Golf round 6
ChatterBot Bravo round 6
ChatterBot Alpha round 6
ChatterBot Mike round 6
ChatterBot Tango round 6
2024-10-14 20:38:18.573288 Tango: We should replace Bravo with Golf
2024-10-14 20:38:18.581520 Uniform: No
2024-10-14 20:38:18.581736 Lima: No
2024-10-14 20:38:18.581871 Alpha: No
ChatterBot Tango reevaluating
ChatterBot Tango reevaluating
ChatterBot Tango reevaluating
2024-10-14 20:38:18.621179 Mike: We should drop Bravo
2024-10-14 20:38:18.628754 X-ray: Yes
2024-10-14 20:38:18.628960 Quebec: Yes
2024-10-14 20:38:18.629144 Victor: Yes
ChatterBot Mike reevaluating
ChatterBot Mike reevaluating
ChatterBot Mike reevaluating
2024-10-14 20:38:18.652678 X-ray: Quebec, sending you 5
2024-10-14 20:38:18.653951 Uniform: Lima, Golf and Alpha, sending you 3
2024-10-14 20:38:18.655313 Tango: Golf we want you to join our group
2024-10-14 20:38:18.657827 Golf: Yes
ChatterBot Tango reevaluating
2024-10-14 20:38:18.667490 Tango: We should replace Uniform with Golf
2024-10-14 20:38:18.674502 Lima: No
2024-10-14 20:38:18.674662 Bravo: No
2024-10-14 20:38:18.674795 Alpha: No
ChatterBot Tango reevaluating
ChatterBot Tango reevaluating
ChatterBot Tango reevaluating
2024-10-14 20:38:18.696503 Lima: Uniform, Bravo, Alpha and Tango, sending you 3
2024-10-14 20:38:18.697102 Quebec: X-ray and Victor, sending you 5
2024-10-14 20:38:18.698062 Uniform: Bravo and Tango, sending you 4
2024-10-14 20:38:18.698583 X-ray: Victor, sending you 8
2024-10-14 20:38:18.699929 Quebec: Mike, sending you 4
2024-10-14 20:38:18.700712 Lima: Golf, sending you 1
2024-10-14 20:38:18.701216 Alpha: Uniform, Lima and Tango, sending you 3
2024-10-14 20:38:18.702201 Victor: Quebec, sending you 5
2024-10-14 20:38:18.702553 Golf: Uniform, Bravo and Alpha, sending you 3
2024-10-14 20:38:18.703015 Bravo: Uniform, sending you 4
2024-10-14 20:38:18.703502 X-ray: Mike, sending you 3
2024-10-14 20:38:18.704700 Alpha: Golf and Bravo, sending you 2
2024-10-14 20:38:18.705709 Bravo: Lima, sending you 3
2024-10-14 20:38:18.707080 Victor: X-ray, sending you 9
2024-10-14 20:38:18.707556 Golf: Lima, sending you 2
2024-10-14 20:38:18.709682 Bravo: Golf, Alpha and Tango, sending you 2
2024-10-14 20:38:18.711677 Victor: Mike, sending you 1
2024-10-14 20:38:18.713653 Golf: Tango, sending you 1
2024-10-14 20:38:18.733038 Tango: Uniform, sending you 4
2024-10-14 20:38:18.735758 Tango: Lima, Golf and Alpha, sending you 3
chatterbot Uniform submitting transactions
chatterbot Quebec submitting transactions
chatterbot Lima submitting transactions
chatterbot Alpha submitting transactions
chatterbot Bravo submitting transactions
chatterbot Golf submitting transactions
chatterbot Victor submitting transactions
chatterbot X-ray submitting transactions
chatterbot Tango submitting transactions
chatterbot Mike submitting transactions
ChatterBot Quebec round 7
ChatterBot Uniform round 7
ChatterBot Lima round 7
ChatterBot X-ray round 7
ChatterBot Victor round 7
ChatterBot Golf round 7
ChatterBot Bravo round 7
ChatterBot Alpha round 7
ChatterBot Mike round 7
ChatterBot Tango round 7
2024-10-14 20:38:19.872250 Mike: We should replace Bravo with Golf
2024-10-14 20:38:19.879628 X-ray: No
2024-10-14 20:38:19.879891 Quebec: No
2024-10-14 20:38:19.880033 Victor: No
ChatterBot Mike reevaluating
ChatterBot Mike reevaluating
ChatterBot Mike reevaluating
2024-10-14 20:38:19.923941 Quebec: X-ray and Victor, sending you 5
2024-10-14 20:38:19.925859 Mike: We should drop Bravo
2024-10-14 20:38:19.936057 X-ray: Yes
2024-10-14 20:38:19.936272 Quebec: Yes
2024-10-14 20:38:19.936445 Victor: Yes
ChatterBot Victor reevaluating
ChatterBot Mike reevaluating
ChatterBot Victor reevaluating
ChatterBot Mike reevaluating
ChatterBot Mike reevaluating
2024-10-14 20:38:20.016463 Quebec: Mike, sending you 4
2024-10-14 20:38:20.022731 Lima: Uniform, Bravo, Alpha and Tango, sending you 3
2024-10-14 20:38:20.023502 Bravo: Uniform, sending you 4
2024-10-14 20:38:20.024084 Tango: Uniform, sending you 4
2024-10-14 20:38:20.025147 X-ray: Quebec, sending you 5
2024-10-14 20:38:20.025562 Alpha: Uniform, Lima and Tango, sending you 3
2024-10-14 20:38:20.026057 Golf: Uniform, Bravo and Alpha, sending you 3
2024-10-14 20:38:20.027252 Uniform: Lima, Golf and Alpha, sending you 3
2024-10-14 20:38:20.027839 Lima: Golf, sending you 1
2024-10-14 20:38:20.029080 Bravo: Lima, sending you 3
2024-10-14 20:38:20.029582 Tango: Lima, Golf and Alpha, sending you 3
2024-10-14 20:38:20.030567 X-ray: Victor, sending you 8
2024-10-14 20:38:20.030998 Alpha: Golf and Bravo, sending you 2
2024-10-14 20:38:20.041718 Uniform: Bravo and Tango, sending you 4
2024-10-14 20:38:20.042578 Golf: Lima and Tango, sending you 2
2024-10-14 20:38:20.043531 Bravo: Golf, Alpha and Tango, sending you 2
2024-10-14 20:38:20.045009 X-ray: Mike, sending you 3
chatterbot Quebec submitting transactions
chatterbot Lima submitting transactions
chatterbot Victor submitting transactions
chatterbot Golf submitting transactions
chatterbot X-ray submitting transactions
chatterbot Bravo submitting transactions
chatterbot Alpha submitting transactions
chatterbot Mike submitting transactions
chatterbot Uniform submitting transactions
chatterbot Tango submitting transactions
ChatterBot Quebec round 8
ChatterBot Uniform round 8
ChatterBot Lima round 8
ChatterBot X-ray round 8
ChatterBot Victor round 8
ChatterBot Golf round 8
ChatterBot Bravo round 8
ChatterBot Alpha round 8
ChatterBot Mike round 8
ChatterBot Tango round 8
2024-10-14 20:38:21.201836 Mike: We should replace Bravo with Golf
2024-10-14 20:38:21.210958 X-ray: No
2024-10-14 20:38:21.211149 Quebec: No
2024-10-14 20:38:21.211319 Victor: No
ChatterBot Mike reevaluating
ChatterBot Mike reevaluating
ChatterBot Mike reevaluating
2024-10-14 20:38:21.234746 Tango: We should replace Uniform with Bravo
2024-10-14 20:38:21.239576 Lima: No
2024-10-14 20:38:21.239730 Golf: No
2024-10-14 20:38:21.239837 Alpha: No
ChatterBot Tango reevaluating
ChatterBot Tango reevaluating
ChatterBot Tango reevaluating
2024-10-14 20:38:21.258686 Lima: Uniform, Bravo, Alpha and Tango, sending you 3
2024-10-14 20:38:21.259618 X-ray: Quebec, sending you 5
2024-10-14 20:38:21.260192 Tango: Bravo we want you to join our group
2024-10-14 20:38:21.262341 Bravo: Yes
ChatterBot Tango reevaluating
2024-10-14 20:38:21.271648 Uniform: Lima, Golf and Alpha, sending you 3
2024-10-14 20:38:21.272352 Mike: We should drop Bravo
ChatterBot Victor reevaluating
2024-10-14 20:38:21.279670 X-ray: Yes
2024-10-14 20:38:21.279829 Quebec: Yes
2024-10-14 20:38:21.279964 Victor: Yes
ChatterBot Victor reevaluating
ChatterBot Mike reevaluating
ChatterBot Victor reevaluating
ChatterBot Mike reevaluating
ChatterBot Mike reevaluating
2024-10-14 20:38:21.305403 Lima: Golf, sending you 1
2024-10-14 20:38:21.306084 X-ray: Victor, sending you 8
2024-10-14 20:38:21.306917 Uniform: Bravo and Tango, sending you 4
2024-10-14 20:38:21.310667 X-ray: Mike, sending you 3
2024-10-14 20:38:21.311576 Golf: Uniform, Bravo, Alpha and Tango, sending you 3
2024-10-14 20:38:21.312838 Alpha: Uniform, Lima and Tango, sending you 3
2024-10-14 20:38:21.314042 Quebec: X-ray and Victor, sending you 5
2024-10-14 20:38:21.314646 Bravo: Uniform, sending you 5
2024-10-14 20:38:21.316683 Alpha: Golf and Bravo, sending you 2
2024-10-14 20:38:21.317694 Golf: Lima, sending you 2
2024-10-14 20:38:21.318940 Bravo: Lima, sending you 3
2024-10-14 20:38:21.319670 Quebec: Mike, sending you 4
2024-10-14 20:38:21.324677 Bravo: Golf and Alpha, sending you 2
2024-10-14 20:38:21.330833 Bravo: Tango, sending you 1
2024-10-14 20:38:21.335654 Tango: Lima, sending you 4
2024-10-14 20:38:21.339668 Tango: Golf, Bravo and Alpha, sending you 3
chatterbot Tango submitting transactions
chatterbot Bravo submitting transactions
chatterbot Mike submitting transactions
chatterbot Uniform submitting transactions
chatterbot X-ray submitting transactions
chatterbot Golf submitting transactions
chatterbot Victor submitting transactions
chatterbot Alpha submitting transactions
chatterbot Lima submitting transactions
chatterbot Quebec submitting transactions
ChatterBot Quebec round 9
ChatterBot Uniform round 9
ChatterBot Lima round 9
ChatterBot X-ray round 9
ChatterBot Victor round 9
ChatterBot Golf round 9
ChatterBot Bravo round 9
ChatterBot Alpha round 9
ChatterBot Mike round 9
ChatterBot Tango round 9
2024-10-14 20:38:22.435585 Tango: We should replace Lima with Uniform
2024-10-14 20:38:22.443716 Golf: No
2024-10-14 20:38:22.443898 Bravo: No
2024-10-14 20:38:22.444018 Alpha: No
ChatterBot Tango reevaluating
ChatterBot Tango reevaluating
ChatterBot Tango reevaluating
2024-10-14 20:38:22.475788 Lima: Uniform, Bravo, Alpha and Tango, sending you 3
2024-10-14 20:38:22.480802 Mike: We should drop Bravo
2024-10-14 20:38:22.487178 X-ray: Yes
2024-10-14 20:38:22.487350 Quebec: Yes
2024-10-14 20:38:22.487496 Victor: Yes
ChatterBot Mike reevaluating
ChatterBot Mike reevaluating
ChatterBot Mike reevaluating
2024-10-14 20:38:22.507486 Lima: Golf, sending you 1
2024-10-14 20:38:22.508291 X-ray: Quebec, sending you 5
2024-10-14 20:38:22.509657 Uniform: Lima, Golf, Alpha and Tango, sending you 3
2024-10-14 20:38:22.511669 Quebec: X-ray and Victor, sending you 5
2024-10-14 20:38:22.512653 X-ray: Victor, sending you 8
2024-10-14 20:38:22.513043 Bravo: Uniform, sending you 4
2024-10-14 20:38:22.513661 Alpha: Uniform, Lima and Tango, sending you 3
2024-10-14 20:38:22.514576 Golf: Sending you each 3
2024-10-14 20:38:22.515170 Uniform: Bravo, sending you 5
2024-10-14 20:38:22.515702 X-ray: Mike, sending you 3
2024-10-14 20:38:22.516668 Quebec: Mike, sending you 4
2024-10-14 20:38:22.517689 Bravo: Lima, sending you 3
2024-10-14 20:38:22.518288 Alpha: Golf and Bravo, sending you 2
2024-10-14 20:38:22.521690 Bravo: Golf, Alpha and Tango, sending you 2
2024-10-14 20:38:22.527657 Tango: Uniform, sending you 4
2024-10-14 20:38:22.531672 Tango: Lima, Bravo and Alpha, sending you 3
chatterbot Lima submitting transactions
chatterbot X-ray submitting transactions
chatterbot Golf submitting transactions
chatterbot Victor submitting transactions
chatterbot Alpha submitting transactions
chatterbot Bravo submitting transactions
chatterbot Quebec submitting transactions
chatterbot Uniform submitting transactions
chatterbot Mike submitting transactions
chatterbot Tango submitting transactions
ChatterBot Quebec round 10
ChatterBot Uniform round 10
ChatterBot Lima round 10
ChatterBot X-ray round 10
ChatterBot Victor round 10
ChatterBot Golf round 10
ChatterBot Bravo round 10
ChatterBot Alpha round 10
ChatterBot Mike round 10
ChatterBot Tango round 10
2024-10-14 20:38:23.609927 Victor: We should add Golf
ChatterBot Mike reevaluating
2024-10-14 20:38:23.619919 X-ray: No
2024-10-14 20:38:23.620120 Quebec: No
2024-10-14 20:38:23.620296 Mike: Yes
ChatterBot Victor reevaluating
ChatterBot Mike reevaluating
ChatterBot Victor reevaluating
ChatterBot Mike reevaluating
ChatterBot Victor reevaluating
2024-10-14 20:38:23.658042 Tango: We should replace Lima with Golf
2024-10-14 20:38:23.664261 Uniform: No
2024-10-14 20:38:23.664407 Bravo: No
2024-10-14 20:38:23.664515 Alpha: No
2024-10-14 20:38:23.681520 Mike: We should drop Bravo
ChatterBot Victor reevaluating
2024-10-14 20:38:23.688202 X-ray: Yes
2024-10-14 20:38:23.688356 Quebec: Yes
2024-10-14 20:38:23.688484 Victor: Yes
ChatterBot Victor reevaluating
ChatterBot Mike reevaluating
ChatterBot Victor reevaluating
ChatterBot Mike reevaluating
ChatterBot X-ray reevaluating
ChatterBot Mike reevaluating
2024-10-14 20:38:23.708252 Tango: Golf we want you to join our group
2024-10-14 20:38:23.710991 Golf: Yes
2024-10-14 20:38:23.718125 Lima: Uniform, Bravo, Alpha and Tango, sending you 3
2024-10-14 20:38:23.718727 Quebec: X-ray and Victor, sending you 5
2024-10-14 20:38:23.719140 X-ray: Golf we want you to join our group
2024-10-14 20:38:23.721365 Golf: No
ChatterBot Victor reevaluating
ChatterBot X-ray reevaluating
ChatterBot Mike reevaluating
2024-10-14 20:38:23.730206 Uniform: Lima, Golf, Alpha and Tango, sending you 3
2024-10-14 20:38:23.730843 Bravo: Uniform, sending you 4
2024-10-14 20:38:23.731322 Golf: Same as last round
2024-10-14 20:38:23.731787 Quebec: Mike, sending you 4
2024-10-14 20:38:23.732402 Alpha: Uniform, Lima and Tango, sending you 3
2024-10-14 20:38:23.732911 Lima: Golf, sending you 1
2024-10-14 20:38:23.733665 Uniform: Bravo, sending you 5
2024-10-14 20:38:23.734672 Bravo: Lima, sending you 3
2024-10-14 20:38:23.736684 Alpha: Golf and Bravo, sending you 2
2024-10-14 20:38:23.740033 Bravo: Golf, Alpha and Tango, sending you 2
2024-10-14 20:38:23.742674 Tango: Uniform, sending you 4
2024-10-14 20:38:23.746679 Tango: Golf, Bravo and Alpha, sending you 3
2024-10-14 20:38:23.748699 X-ray: Quebec, sending you 5
2024-10-14 20:38:23.752279 X-ray: Victor, sending you 8
2024-10-14 20:38:23.756664 X-ray: Mike, sending you 3
2024-10-14 20:38:23.768666 Mike: Sending you each 2
chatterbot Quebec submitting transactions
chatterbot Mike submitting transactions
chatterbot Lima submitting transactions
chatterbot Golf submitting transactions
chatterbot Alpha submitting transactions
chatterbot Victor submitting transactions
chatterbot X-ray submitting transactions
chatterbot Uniform submitting transactions
chatterbot Tango submitting transactions
chatterbot Bravo submitting transactions
ChatterBot Quebec round 11
ChatterBot Uniform round 11
ChatterBot Lima round 11
ChatterBot X-ray round 11
ChatterBot Victor round 11
ChatterBot Golf round 11
ChatterBot Bravo round 11
ChatterBot Alpha round 11
ChatterBot Mike round 11
ChatterBot Tango round 11
2024-10-14 20:38:25.031677 Quebec: X-ray and Victor, sending you 5
2024-10-14 20:38:25.033713 X-ray: Quebec, sending you 5
2024-10-14 20:38:25.035810 Quebec: Mike, sending you 4
2024-10-14 20:38:25.038678 Uniform: Lima, Golf, Alpha and Tango, sending you 3
2024-10-14 20:38:25.039714 X-ray: Victor, sending you 8
2024-10-14 20:38:25.041705 Lima: Uniform, Bravo, Alpha and Tango, sending you 3
2024-10-14 20:38:25.043630 Golf: Uniform, sending you 4
2024-10-14 20:38:25.045445 Uniform: Bravo, sending you 5
2024-10-14 20:38:25.046532 Tango: Uniform, sending you 4
2024-10-14 20:38:25.047474 X-ray: Mike, sending you 3
2024-10-14 20:38:25.048289 Bravo: Uniform, sending you 4
2024-10-14 20:38:25.049762 Lima: Golf, sending you 1
2024-10-14 20:38:25.050759 Golf: Lima, Bravo, Alpha and Tango, sending you 3
2024-10-14 20:38:25.052624 Tango: Golf, Bravo and Alpha, sending you 3
2024-10-14 20:38:25.053290 Mike: Same as last round
2024-10-14 20:38:25.055098 Bravo: Lima, sending you 3
2024-10-14 20:38:25.057021 Alpha: Uniform, Lima and Tango, sending you 3
2024-10-14 20:38:25.062341 Bravo: Golf, Alpha and Tango, sending you 2
2024-10-14 20:38:25.064374 Alpha: Golf and Bravo, sending you 2
chatterbot Mike submitting transactions
chatterbot Uniform submitting transactions
chatterbot Bravo submitting transactions
chatterbot Victor submitting transactions
chatterbot Alpha submitting transactions
chatterbot X-ray submitting transactions
chatterbot Quebec submitting transactions
chatterbot Golf submitting transactions
chatterbot Tango submitting transactions
chatterbot Lima submitting transactions
ChatterBot Quebec round 12
ChatterBot Uniform round 12
ChatterBot Lima round 12
ChatterBot X-ray round 12
ChatterBot Victor round 12
ChatterBot Golf round 12
ChatterBot Bravo round 12
ChatterBot Alpha round 12
ChatterBot Mike round 12
ChatterBot Tango round 12
2024-10-14 20:38:26.288500 Tango: We should replace Uniform with Lima
2024-10-14 20:38:26.298107 Golf: No
2024-10-14 20:38:26.298361 Bravo: No
2024-10-14 20:38:26.298548 Alpha: No
2024-10-14 20:38:26.322581 Tango: Lima we want you to join our group
2024-10-14 20:38:26.325277 Lima: Yes
2024-10-14 20:38:26.334356 Quebec: X-ray and Victor, sending you 5
2024-10-14 20:38:26.335936 Alpha: Uniform, Lima and Tango, sending you 3
2024-10-14 20:38:26.339685 Quebec: Mike, sending you 4
2024-10-14 20:38:26.341179 Alpha: Golf and Bravo, sending you 2
2024-10-14 20:38:26.343316 Uniform: Lima, Golf and Alpha, sending you 3
2024-10-14 20:38:26.344229 Mike: Same as last round
2024-10-14 20:38:26.345444 Golf: Uniform, sending you 4
2024-10-14 20:38:26.346406 Bravo: Uniform, sending you 4
2024-10-14 20:38:26.347596 X-ray: Quebec, sending you 5
2024-10-14 20:38:26.348128 Lima: Uniform, Golf, Bravo and Alpha, sending you 3
2024-10-14 20:38:26.349545 Uniform: Bravo and Tango, sending you 4
2024-10-14 20:38:26.350685 Golf: Lima, Bravo, Alpha and Tango, sending you 3
2024-10-14 20:38:26.351922 Bravo: Lima, sending you 3
2024-10-14 20:38:26.352745 X-ray: Victor, sending you 8
2024-10-14 20:38:26.353218 Lima: Tango, sending you 1
2024-10-14 20:38:26.354381 Tango: Lima, sending you 4
2024-10-14 20:38:26.356022 Bravo: Golf, Alpha and Tango, sending you 2
2024-10-14 20:38:26.357925 X-ray: Mike, sending you 3
2024-10-14 20:38:26.359540 Tango: Golf, Bravo and Alpha, sending you 3
chatterbot Alpha submitting transactions
chatterbot Lima submitting transactions
chatterbot Bravo submitting transactions
chatterbot Mike submitting transactions
chatterbot Quebec submitting transactions
chatterbot Tango submitting transactions
chatterbot Golf submitting transactions
chatterbot Victor submitting transactions
chatterbot X-ray submitting transactions
chatterbot Uniform submitting transactions
ChatterBot Quebec round 13
ChatterBot Uniform round 13
ChatterBot Lima round 13
ChatterBot X-ray round 13
ChatterBot Victor round 13
ChatterBot Golf round 13
ChatterBot Bravo round 13
ChatterBot Alpha round 13
ChatterBot Mike round 13
ChatterBot Tango round 13
2024-10-14 20:38:27.431038 Tango: We should replace Bravo with Uniform
2024-10-14 20:38:27.438300 Lima: No
2024-10-14 20:38:27.438449 Golf: No
2024-10-14 20:38:27.438607 Alpha: No
ChatterBot Tango reevaluating
ChatterBot Tango reevaluating
ChatterBot Tango reevaluating
2024-10-14 20:38:27.457510 Tango: We should replace Alpha with Uniform
2024-10-14 20:38:27.463690 Lima: No
2024-10-14 20:38:27.464203 Golf: No
2024-10-14 20:38:27.464310 Bravo: No
ChatterBot Tango reevaluating
ChatterBot Tango reevaluating
ChatterBot Tango reevaluating
2024-10-14 20:38:27.484581 Golf: Uniform, sending you 4
2024-10-14 20:38:27.487685 Uniform: Lima, Golf, Alpha and Tango, sending you 3
2024-10-14 20:38:27.489509 Bravo: Uniform, sending you 4
2024-10-14 20:38:27.490299 Lima: Uniform, Bravo, Alpha and Tango, sending you 3
2024-10-14 20:38:27.491542 X-ray: Quebec, sending you 5
2024-10-14 20:38:27.492066 Mike: Same as last round
2024-10-14 20:38:27.492518 Golf: Lima, Bravo, Alpha and Tango, sending you 3
2024-10-14 20:38:27.493137 Quebec: X-ray and Victor, sending you 5
2024-10-14 20:38:27.494013 Alpha: Uniform, Lima and Tango, sending you 3
2024-10-14 20:38:27.494747 Tango: Uniform we want you to join our group
2024-10-14 20:38:27.497121 Uniform: Yes
ChatterBot Tango reevaluating
2024-10-14 20:38:27.508366 Uniform: Bravo, sending you 5
2024-10-14 20:38:27.510332 Bravo: Lima, sending you 3
2024-10-14 20:38:27.511543 Lima: Golf, sending you 1
2024-10-14 20:38:27.513484 X-ray: Victor, sending you 8
2024-10-14 20:38:27.514427 Quebec: Mike, sending you 4
2024-10-14 20:38:27.515716 Alpha: Golf and Bravo, sending you 2
2024-10-14 20:38:27.517004 Bravo: Golf, Alpha and Tango, sending you 2
2024-10-14 20:38:27.518698 X-ray: Mike, sending you 3
2024-10-14 20:38:27.545667 Tango: Uniform, sending you 4
2024-10-14 20:38:27.549672 Tango: Lima, Golf and Bravo, sending you 3
chatterbot Uniform submitting transactions
chatterbot Golf submitting transactions
chatterbot X-ray submitting transactions
chatterbot Lima submitting transactions
chatterbot Alpha submitting transactions
chatterbot Bravo submitting transactions
chatterbot Quebec submitting transactions
chatterbot Tango submitting transactions
chatterbot Mike submitting transactions
chatterbot Victor submitting transactions
ChatterBot Quebec round 14
ChatterBot Uniform round 14
ChatterBot Lima round 14
ChatterBot X-ray round 14
ChatterBot Victor round 14
ChatterBot Golf round 14
ChatterBot Bravo round 14
ChatterBot Alpha round 14
ChatterBot Mike round 14
ChatterBot Tango round 14
2024-10-14 20:38:28.741843 Tango: We should replace Bravo with Alpha
2024-10-14 20:38:28.749393 Uniform: No
2024-10-14 20:38:28.749585 Lima: No
2024-10-14 20:38:28.750115 Golf: No
ChatterBot Tango reevaluating
2024-10-14 20:38:28.789174 Mike: We should add Golf
2024-10-14 20:38:28.796182 X-ray: No
2024-10-14 20:38:28.796438 Quebec: No
2024-10-14 20:38:28.796635 Victor: No
ChatterBot Mike reevaluating
ChatterBot Mike reevaluating
ChatterBot Mike reevaluating
2024-10-14 20:38:28.833715 X-ray: Quebec, sending you 5
2024-10-14 20:38:28.835539 Alpha: Uniform, Lima and Golf, sending you 3
2024-10-14 20:38:28.837684 Lima: Uniform, Bravo, Alpha and Tango, sending you 3
2024-10-14 20:38:28.839470 X-ray: Victor, sending you 8
2024-10-14 20:38:28.841676 Alpha: Bravo and Tango, sending you 2
2024-10-14 20:38:28.846845 Lima: Golf, sending you 1
2024-10-14 20:38:28.852008 X-ray: Mike, sending you 3
2024-10-14 20:38:28.854867 Uniform: Lima, Golf, Alpha and Tango, sending you 3
2024-10-14 20:38:28.861802 Tango: Uniform, sending you 4
2024-10-14 20:38:28.863840 Golf: Uniform, sending you 4
2024-10-14 20:38:28.866826 Quebec: X-ray and Victor, sending you 5
2024-10-14 20:38:28.868877 Bravo: Uniform, sending you 4
2024-10-14 20:38:28.871533 Uniform: Bravo, sending you 5
2024-10-14 20:38:28.873226 Mike: Same as last round
2024-10-14 20:38:28.875712 Tango: Lima, Golf and Bravo, sending you 3
2024-10-14 20:38:28.878208 Golf: Lima, Bravo, Alpha and Tango, sending you 3
2024-10-14 20:38:28.880666 Quebec: Mike, sending you 4
2024-10-14 20:38:28.881772 Bravo: Lima, sending you 3
2024-10-14 20:38:28.888427 Bravo: Golf, Alpha and Tango, sending you 2
chatterbot Tango submitting transactions
chatterbot Lima submitting transactions
chatterbot X-ray submitting transactions
chatterbot Victor submitting transactions
chatterbot Quebec submitting transactions
chatterbot Golf submitting transactions
chatterbot Uniform submitting transactions
chatterbot Mike submitting transactions
chatterbot Alpha submitting transactions
chatterbot Bravo submitting transactions
ChatterBot Quebec round 15
