ChatterBot X-ray round 1
ChatterBot November round 1
ChatterBot Delta round 1
ChatterBot Victor round 1
ChatterBot Kilo round 1
ChatterBot Alpha round 1
ChatterBot Charlie round 1
ChatterBot India round 1
ChatterBot Yankee round 1
ChatterBot Tango round 1
randomSelections X-ray: {X-ray, November, India, Charlie, Tango, Yankee} 
2024-10-14 20:38:11.958156 X-ray: We should group up
ChatterBot November reevaluating
ChatterBot India reevaluating
ChatterBot Charlie reevaluating
ChatterBot Tango reevaluating
ChatterBot Yankee reevaluating
2024-10-14 20:38:11.968782 November: Yes
2024-10-14 20:38:11.968926 India: Yes
2024-10-14 20:38:11.969053 Charlie: Yes
2024-10-14 20:38:11.969158 Tango: Yes
2024-10-14 20:38:11.969286 Yankee: Yes
ChatterBot India reevaluating
ChatterBot Charlie reevaluating
ChatterBot Tango reevaluating
ChatterBot Yankee reevaluating
ChatterBot November reevaluating
ChatterBot Charlie reevaluating
ChatterBot Tango reevaluating
ChatterBot Yankee reevaluating
ChatterBot November reevaluating
ChatterBot India reevaluating
ChatterBot Tango reevaluating
ChatterBot Yankee reevaluating
ChatterBot November reevaluating
ChatterBot India reevaluating
ChatterBot Charlie reevaluating
ChatterBot Yankee reevaluating
ChatterBot November reevaluating
ChatterBot India reevaluating
ChatterBot Charlie reevaluating
ChatterBot Tango reevaluating
randomSelections Kilo: {Kilo, Yankee, Tango, November, Victor} 
2024-10-14 20:38:12.096832 Kilo: We would work well together
ChatterBot Yankee reevaluating
ChatterBot Tango reevaluating
ChatterBot November reevaluating
ChatterBot Victor reevaluating
2024-10-14 20:38:12.104709 Yankee: No
2024-10-14 20:38:12.105215 Tango: No
2024-10-14 20:38:12.105475 November: No
2024-10-14 20:38:12.106404 Victor: Yes
ChatterBot Tango reevaluating
ChatterBot November reevaluating
ChatterBot Victor reevaluating
ChatterBot Yankee reevaluating
ChatterBot November reevaluating
ChatterBot Victor reevaluating
ChatterBot Yankee reevaluating
ChatterBot Tango reevaluating
ChatterBot Victor reevaluating
ChatterBot Yankee reevaluating
ChatterBot Tango reevaluating
ChatterBot November reevaluating
randomSelections Delta: {Delta, November, Tango, Alpha, Charlie, Kilo, India} 
2024-10-14 20:38:12.143688 Delta: Friends?
ChatterBot November reevaluating
ChatterBot Tango reevaluating
ChatterBot Alpha reevaluating
ChatterBot Charlie reevaluating
ChatterBot India reevaluating
2024-10-14 20:38:12.157579 November: No
2024-10-14 20:38:12.158047 Tango: No
2024-10-14 20:38:12.159175 Alpha: Yes
2024-10-14 20:38:12.159397 Charlie: No
2024-10-14 20:38:12.159875 Kilo: No
2024-10-14 20:38:12.160908 India: No
ChatterBot Tango reevaluating
ChatterBot Alpha reevaluating
ChatterBot Charlie reevaluating
ChatterBot India reevaluating
ChatterBot November reevaluating
ChatterBot Alpha reevaluating
ChatterBot Charlie reevaluating
ChatterBot India reevaluating
ChatterBot November reevaluating
ChatterBot Tango reevaluating
ChatterBot Charlie reevaluating
ChatterBot India reevaluating
ChatterBot November reevaluating
ChatterBot Tango reevaluating
ChatterBot Alpha reevaluating
ChatterBot India reevaluating
ChatterBot November reevaluating
ChatterBot Tango reevaluating
ChatterBot Alpha reevaluating
ChatterBot Charlie reevaluating
ChatterBot India reevaluating
ChatterBot November reevaluating
ChatterBot Tango reevaluating
ChatterBot Alpha reevaluating
ChatterBot Charlie reevaluating
2024-10-14 20:38:12.265908 Kilo: November, sending you 6
2024-10-14 20:38:12.267646 November: X-ray and India, sending you 4
2024-10-14 20:38:12.268680 Victor: November and Yankee, sending you 4
2024-10-14 20:38:12.270016 Tango: X-ray and Charlie, sending you 3
2024-10-14 20:38:12.271367 Kilo: Victor, sending you 4
2024-10-14 20:38:12.271871 Delta: November and Charlie, sending you 2
2024-10-14 20:38:12.273532 November: Charlie, sending you 1
2024-10-14 20:38:12.274835 Yankee: X-ray, sending you 3
2024-10-14 20:38:12.275326 Tango: November, sending you 6
2024-10-14 20:38:12.275695 Victor: Kilo, sending you 3
2024-10-14 20:38:12.276760 Charlie: X-ray, sending you 4
2024-10-14 20:38:12.277168 India: X-ray, sending you 4
2024-10-14 20:38:12.277487 Kilo: Yankee, sending you 1
2024-10-14 20:38:12.278750 X-ray: November, sending you 7
2024-10-14 20:38:12.279229 Delta: Kilo and India, sending you 4
2024-10-14 20:38:12.279599 Yankee: November, sending you 2
2024-10-14 20:38:12.280827 November: Yankee, sending you 2
2024-10-14 20:38:12.281359 Tango: India, sending you 4
2024-10-14 20:38:12.281847 Charlie: November, sending you 5
2024-10-14 20:38:12.283027 Victor: Tango, sending you 6
2024-10-14 20:38:12.283480 India: November, sending you 7
2024-10-14 20:38:12.284812 X-ray: India and Yankee, sending you 3
2024-10-14 20:38:12.285231 Delta: Alpha, sending you 5
2024-10-14 20:38:12.285662 Kilo: Tango, sending you 5
2024-10-14 20:38:12.287082 Yankee: Charlie, sending you 4
2024-10-14 20:38:12.287502 November: Tango, sending you 3
2024-10-14 20:38:12.291539 Charlie: India and Tango, sending you 2
2024-10-14 20:38:12.293275 Alpha: November and Tango, sending you 1
2024-10-14 20:38:12.293915 Delta: Tango, sending you 1
2024-10-14 20:38:12.295700 India: Charlie and Yankee, sending you 2
2024-10-14 20:38:12.297110 X-ray: Tango, sending you 2
2024-10-14 20:38:12.297852 Yankee: India, sending you 7
2024-10-14 20:38:12.299392 Charlie: Yankee, sending you 3
2024-10-14 20:38:12.300215 Alpha: Kilo and India, sending you 2
2024-10-14 20:38:12.301482 India: Tango, sending you 3
2024-10-14 20:38:12.306143 Yankee: Tango, sending you 1
chatterbot X-ray submitting transactions
chatterbot Charlie submitting transactions
chatterbot Yankee submitting transactions
chatterbot Delta submitting transactions
chatterbot Victor submitting transactions
chatterbot Alpha submitting transactions
chatterbot Kilo submitting transactions
chatterbot November submitting transactions
chatterbot Tango submitting transactions
chatterbot India submitting transactions
ChatterBot X-ray round 2
ChatterBot November round 2
ChatterBot Delta round 2
ChatterBot Victor round 2
ChatterBot Kilo round 2
ChatterBot Alpha round 2
ChatterBot Charlie round 2
ChatterBot India round 2
ChatterBot Yankee round 2
ChatterBot Tango round 2
2024-10-14 20:38:14.103673 Delta: Can we be friends?
ChatterBot Victor reevaluating
ChatterBot Kilo reevaluating
ChatterBot Alpha reevaluating
ChatterBot Charlie reevaluating
2024-10-14 20:38:14.122018 Victor: Yes
2024-10-14 20:38:14.122171 Kilo: No
2024-10-14 20:38:14.122284 Alpha: No
2024-10-14 20:38:14.122391 Charlie: No
ChatterBot Kilo reevaluating
ChatterBot Alpha reevaluating
ChatterBot Charlie reevaluating
ChatterBot Delta reevaluating
ChatterBot Victor reevaluating
ChatterBot Alpha reevaluating
ChatterBot Charlie reevaluating
ChatterBot Delta reevaluating
ChatterBot Victor reevaluating
ChatterBot Kilo reevaluating
ChatterBot Charlie reevaluating
ChatterBot Delta reevaluating
ChatterBot Victor reevaluating
ChatterBot Kilo reevaluating
ChatterBot Alpha reevaluating
2024-10-14 20:38:14.205125 Yankee: We should add Victor and Kilo
ChatterBot November reevaluating
ChatterBot India reevaluating
ChatterBot Charlie reevaluating
ChatterBot Tango reevaluating
2024-10-14 20:38:14.225010 X-ray: No
2024-10-14 20:38:14.225187 November: Yes
2024-10-14 20:38:14.225305 India: No
2024-10-14 20:38:14.225434 Charlie: No
2024-10-14 20:38:14.225539 Tango: Yes
ChatterBot November reevaluating
ChatterBot India reevaluating
ChatterBot Charlie reevaluating
ChatterBot Tango reevaluating
ChatterBot India reevaluating
ChatterBot Charlie reevaluating
ChatterBot Tango reevaluating
ChatterBot November reevaluating
ChatterBot Charlie reevaluating
ChatterBot Tango reevaluating
ChatterBot November reevaluating
ChatterBot India reevaluating
ChatterBot Tango reevaluating
ChatterBot November reevaluating
ChatterBot India reevaluating
ChatterBot Charlie reevaluating
2024-10-14 20:38:14.325001 India: We should add Delta
ChatterBot November reevaluating
ChatterBot Charlie reevaluating
ChatterBot Tango reevaluating
2024-10-14 20:38:14.345278 X-ray: No
2024-10-14 20:38:14.345444 November: No
2024-10-14 20:38:14.345562 Charlie: No
2024-10-14 20:38:14.345685 Tango: No
2024-10-14 20:38:14.345814 Yankee: No
ChatterBot November reevaluating
ChatterBot India reevaluating
ChatterBot Charlie reevaluating
ChatterBot Tango reevaluating
ChatterBot India reevaluating
ChatterBot Charlie reevaluating
ChatterBot Tango reevaluating
ChatterBot November reevaluating
ChatterBot India reevaluating
ChatterBot Tango reevaluating
ChatterBot November reevaluating
ChatterBot India reevaluating
ChatterBot Charlie reevaluating
ChatterBot November reevaluating
ChatterBot India reevaluating
ChatterBot Charlie reevaluating
ChatterBot Tango reevaluating
2024-10-14 20:38:14.471523 Yankee: Victor and Kilo we want you to join our group
ChatterBot Victor reevaluating
2024-10-14 20:38:14.480764 Victor: No
2024-10-14 20:38:14.480922 Kilo: No
ChatterBot November reevaluating
ChatterBot India reevaluating
ChatterBot Tango reevaluating
ChatterBot November reevaluating
ChatterBot India reevaluating
ChatterBot Tango reevaluating
ChatterBot Victor reevaluating
2024-10-14 20:38:14.759822 X-ray: Sending you each 3
2024-10-14 20:38:14.761125 Delta: Victor, Kilo and Alpha, sending you 5
2024-10-14 20:38:14.761644 Tango: Victor and Kilo we want you to join our group
ChatterBot Victor reevaluating
2024-10-14 20:38:14.771913 Victor: No
2024-10-14 20:38:14.772114 Kilo: No
ChatterBot November reevaluating
ChatterBot November reevaluating
ChatterBot Victor reevaluating
2024-10-14 20:38:14.830679 Delta: Charlie, sending you 3
2024-10-14 20:38:14.831831 Kilo: Delta, sending you 6
2024-10-14 20:38:14.889143 Charlie: X-ray, November, India and Tango, sending you 3
2024-10-14 20:38:14.890684 Alpha: Delta, sending you 2
2024-10-14 20:38:14.891021 Yankee: X-ray and Charlie, sending you 3
2024-10-14 20:38:14.891564 November: Victor and Kilo we want you to join our group
ChatterBot Victor reevaluating
2024-10-14 20:38:14.901272 Victor: No
2024-10-14 20:38:14.901425 Kilo: No
ChatterBot November reevaluating
ChatterBot November reevaluating
ChatterBot Victor reevaluating
2024-10-14 20:38:14.952926 Kilo: Victor and Alpha, sending you 5
2024-10-14 20:38:14.953210 India: X-ray, sending you 3
2024-10-14 20:38:14.954111 Yankee: November, Kilo and India, sending you 2
2024-10-14 20:38:14.954435 Charlie: Yankee, sending you 4
chatterbot Delta submitting transactions
chatterbot Alpha submitting transactions
chatterbot Tango submitting transactions
2024-10-14 20:38:14.963927 India: November and Tango, sending you 4
2024-10-14 20:38:14.964936 Tango: X-ray, November, Charlie and India, sending you 2
2024-10-14 20:38:14.965270 Yankee: Victor, sending you 5
2024-10-14 20:38:14.970464 Yankee: Tango, sending you 1
2024-10-14 20:38:14.971305 India: Charlie, sending you 1
2024-10-14 20:38:14.971656 Tango: Victor and Kilo, sending you 4
2024-10-14 20:38:14.975937 Tango: Yankee, sending you 1
2024-10-14 20:38:14.987906 India: Yankee, sending you 6
2024-10-14 20:38:15.001204 Victor: Sending you 10
2024-10-14 20:38:15.006139 November: X-ray, sending you 3
2024-10-14 20:38:15.032173 November: Victor, Kilo, Charlie, India and Tango, sending you 2
2024-10-14 20:38:15.039486 November: Yankee, sending you 1
chatterbot India submitting transactions
chatterbot Yankee submitting transactions
chatterbot X-ray submitting transactions
chatterbot Victor submitting transactions
chatterbot Charlie submitting transactions
chatterbot Kilo submitting transactions
chatterbot November submitting transactions
ChatterBot X-ray round 3
ChatterBot November round 3
ChatterBot Delta round 3
ChatterBot Victor round 3
ChatterBot Kilo round 3
ChatterBot Alpha round 3
ChatterBot Charlie round 3
2024-10-14 20:38:16.289461 Delta: We should replace Charlie with Tango
ChatterBot Kilo reevaluating
ChatterBot Victor reevaluating
ChatterBot Alpha reevaluating
2024-10-14 20:38:16.303097 Kilo: No
2024-10-14 20:38:16.303961 Victor: Yes
2024-10-14 20:38:16.304150 Alpha: Yes
ChatterBot Victor reevaluating
ChatterBot Alpha reevaluating
ChatterBot Kilo reevaluating
ChatterBot Alpha reevaluating
ChatterBot Kilo reevaluating
ChatterBot Victor reevaluating
ChatterBot Delta reevaluating
ChatterBot India round 3
ChatterBot Yankee round 3
ChatterBot Tango round 3
2024-10-14 20:38:16.388830 Delta: We should replace Charlie with Yankee
ChatterBot Kilo reevaluating
ChatterBot Victor reevaluating
ChatterBot Alpha reevaluating
2024-10-14 20:38:16.404764 Kilo: No
2024-10-14 20:38:16.405204 Victor: Yes
2024-10-14 20:38:16.405472 Alpha: No
ChatterBot Victor reevaluating
ChatterBot Delta reevaluating
ChatterBot Alpha reevaluating
ChatterBot Kilo reevaluating
ChatterBot Delta reevaluating
ChatterBot Alpha reevaluating
ChatterBot Kilo reevaluating
ChatterBot Victor reevaluating
ChatterBot Delta reevaluating
2024-10-14 20:38:16.463832 November: We should drop Victor and Kilo
2024-10-14 20:38:16.490383 X-ray: Yes
2024-10-14 20:38:16.491504 India: Yes
2024-10-14 20:38:16.491738 Charlie: Yes
2024-10-14 20:38:16.491965 Tango: Yes
2024-10-14 20:38:16.492190 Yankee: No
ChatterBot Yankee reevaluating
ChatterBot Yankee reevaluating
ChatterBot Yankee reevaluating
2024-10-14 20:38:16.664972 X-ray: Same as last round
2024-10-14 20:38:16.666237 Delta: Tango we want you to join our group
2024-10-14 20:38:16.669953 Tango: No
ChatterBot Delta reevaluating
2024-10-14 20:38:16.698913 Alpha: Delta and Kilo, sending you 2
2024-10-14 20:38:16.699255 November: X-ray, Charlie and Tango, sending you 3
2024-10-14 20:38:16.699693 India: X-ray, Charlie and Tango, sending you 3
2024-10-14 20:38:16.700548 Charlie: X-ray, November, India and Tango, sending you 3
2024-10-14 20:38:16.701014 Tango: X-ray and Charlie, sending you 3
2024-10-14 20:38:16.701402 Kilo: Delta and Alpha, sending you 5
2024-10-14 20:38:16.702164 Victor: Delta, sending you 4
2024-10-14 20:38:16.702433 Delta: Yankee we want you to join our group
ChatterBot Yankee reevaluating
2024-10-14 20:38:16.706180 Yankee: No
ChatterBot Delta reevaluating
2024-10-14 20:38:16.718819 November: India, sending you 4
2024-10-14 20:38:16.719286 India: November, sending you 4
2024-10-14 20:38:16.719659 Charlie: Yankee, sending you 4
2024-10-14 20:38:16.720387 Tango: November, sending you 4
2024-10-14 20:38:16.720774 Kilo: Victor, sending you 6
2024-10-14 20:38:16.721030 Victor: Kilo, sending you 8
2024-10-14 20:38:16.721868 November: Yankee, sending you 1
2024-10-14 20:38:16.735921 India: Yankee, sending you 5
2024-10-14 20:38:16.736461 Tango: India, sending you 5
2024-10-14 20:38:16.737520 Victor: Alpha, sending you 1
chatterbot November submitting transactions
2024-10-14 20:38:16.740984 Tango: Yankee, sending you 2
2024-10-14 20:38:16.741489 Victor: Yankee, sending you 5
2024-10-14 20:38:16.760836 Delta: Victor and Charlie, sending you 1
2024-10-14 20:38:17.403967 Delta: Kilo, sending you 11
chatterbot India submitting transactions
chatterbot Tango submitting transactions
chatterbot Kilo submitting transactions
chatterbot Victor submitting transactions
chatterbot X-ray submitting transactions
chatterbot Charlie submitting transactions
2024-10-14 20:38:17.417559 Delta: Alpha, sending you 5
chatterbot Alpha submitting transactions
chatterbot Yankee submitting transactions
chatterbot Delta submitting transactions
ChatterBot X-ray round 4
ChatterBot November round 4
ChatterBot Delta round 4
ChatterBot Victor round 4
ChatterBot Kilo round 4
2024-10-14 20:38:18.118362 Delta: We should replace Charlie with Tango
2024-10-14 20:38:18.132259 Kilo: No
2024-10-14 20:38:18.132515 Victor: No
2024-10-14 20:38:18.132740 Alpha: Yes
ChatterBot Victor reevaluating
ChatterBot Delta reevaluating
ChatterBot Delta reevaluating
ChatterBot Victor reevaluating
ChatterBot Delta reevaluating
ChatterBot Alpha round 4
ChatterBot Charlie round 4
ChatterBot India round 4
ChatterBot Yankee round 4
ChatterBot Tango round 4
2024-10-14 20:38:18.191653 Delta: We should replace Charlie with November
ChatterBot Victor reevaluating
ChatterBot Alpha reevaluating
2024-10-14 20:38:18.203743 Kilo: No
2024-10-14 20:38:18.203905 Victor: No
2024-10-14 20:38:18.204052 Alpha: No
ChatterBot Victor reevaluating
ChatterBot Delta reevaluating
ChatterBot Alpha reevaluating
ChatterBot Delta reevaluating
ChatterBot Alpha reevaluating
ChatterBot Victor reevaluating
ChatterBot Delta reevaluating
2024-10-14 20:38:18.248652 Alpha: We should replace Tango with Yankee
ChatterBot Victor reevaluating
ChatterBot Delta reevaluating
2024-10-14 20:38:18.262628 Kilo: No
2024-10-14 20:38:18.262790 Victor: Yes
2024-10-14 20:38:18.262993 Delta: Yes
ChatterBot Victor reevaluating
ChatterBot Delta reevaluating
ChatterBot Alpha reevaluating
ChatterBot Delta reevaluating
ChatterBot Alpha reevaluating
ChatterBot Victor reevaluating
ChatterBot Alpha reevaluating
2024-10-14 20:38:18.325399 Yankee: We should add Victor
2024-10-14 20:38:18.341620 X-ray: No
2024-10-14 20:38:18.341825 November: No
2024-10-14 20:38:18.341986 India: No
2024-10-14 20:38:18.342157 Charlie: No
2024-10-14 20:38:18.342336 Tango: No
ChatterBot Yankee reevaluating
ChatterBot Yankee reevaluating
ChatterBot Yankee reevaluating
ChatterBot Yankee reevaluating
ChatterBot Yankee reevaluating
2024-10-14 20:38:18.438266 Delta: We should replace Charlie with Yankee
ChatterBot Alpha reevaluating
2024-10-14 20:38:18.447213 Kilo: No
2024-10-14 20:38:18.447433 Victor: Yes
2024-10-14 20:38:18.448019 Alpha: No
ChatterBot Delta reevaluating
ChatterBot Alpha reevaluating
ChatterBot Delta reevaluating
ChatterBot Alpha reevaluating
ChatterBot Delta reevaluating
chatterbot Kilo submitting transactions
2024-10-14 20:38:18.475686 November: X-ray, Charlie, India and Tango, sending you 3
2024-10-14 20:38:18.476376 X-ray: Same as last round
2024-10-14 20:38:18.477675 Kilo: Delta and Victor, sending you 6
2024-10-14 20:38:18.479837 Yankee: Victor we want you to join our group
2024-10-14 20:38:18.483206 Victor: No
ChatterBot Yankee reevaluating
2024-10-14 20:38:18.498344 November: Yankee, sending you 2
2024-10-14 20:38:18.499286 Delta: Yankee we want you to join our group
ChatterBot Yankee reevaluating
2024-10-14 20:38:18.502540 Yankee: No
2024-10-14 20:38:18.512679 Tango: X-ray, November and India, sending you 4
2024-10-14 20:38:18.513731 Kilo: Alpha, sending you 4
2024-10-14 20:38:18.514329 Charlie: X-ray, November, India and Tango, sending you 3
2024-10-14 20:38:18.516811 India: X-ray and Charlie, sending you 3
2024-10-14 20:38:18.517682 Alpha: Delta, sending you 1
2024-10-14 20:38:18.518074 Victor: Delta and Yankee, sending you 4
2024-10-14 20:38:18.518902 Charlie: Yankee, sending you 4
2024-10-14 20:38:18.519450 Tango: Charlie, sending you 3
2024-10-14 20:38:18.519969 India: November, Yankee and Tango, sending you 4
2024-10-14 20:38:18.521684 Alpha: Kilo, sending you 2
2024-10-14 20:38:18.522654 Victor: Kilo, sending you 9
2024-10-14 20:38:18.524042 Tango: Yankee, sending you 2
2024-10-14 20:38:18.525725 Delta: Victor and Alpha, sending you 4
2024-10-14 20:38:18.526063 Victor: Alpha, sending you 1
2024-10-14 20:38:18.529295 Delta: Kilo, sending you 9
2024-10-14 20:38:18.533681 Delta: Yankee, sending you 1
chatterbot Alpha submitting transactions
chatterbot Tango submitting transactions
chatterbot November submitting transactions
chatterbot India submitting transactions
chatterbot Charlie submitting transactions
chatterbot Delta submitting transactions
chatterbot Victor submitting transactions
chatterbot X-ray submitting transactions
chatterbot Yankee submitting transactions
ChatterBot X-ray round 5
ChatterBot November round 5
ChatterBot Delta round 5
ChatterBot Victor round 5
ChatterBot Kilo round 5
ChatterBot Alpha round 5
2024-10-14 20:38:19.730485 Delta: We should replace Yankee with X-ray
2024-10-14 20:38:19.736906 Kilo: No
2024-10-14 20:38:19.737043 Victor: No
2024-10-14 20:38:19.737151 Alpha: No
ChatterBot Victor reevaluating
ChatterBot Delta reevaluating
ChatterBot Delta reevaluating
ChatterBot Victor reevaluating
ChatterBot Delta reevaluating
ChatterBot Charlie round 5
ChatterBot India round 5
ChatterBot Yankee round 5
ChatterBot Tango round 5
2024-10-14 20:38:19.773291 Delta: We should replace Yankee with November
ChatterBot Victor reevaluating
2024-10-14 20:38:19.783462 Kilo: No
2024-10-14 20:38:19.783650 Victor: Yes
2024-10-14 20:38:19.783814 Alpha: No
ChatterBot Victor reevaluating
ChatterBot Delta reevaluating
ChatterBot Delta reevaluating
ChatterBot Victor reevaluating
ChatterBot Delta reevaluating
2024-10-14 20:38:19.815550 Yankee: We should add Victor
2024-10-14 20:38:19.825091 X-ray: No
2024-10-14 20:38:19.825226 November: No
2024-10-14 20:38:19.825338 India: No
2024-10-14 20:38:19.825441 Charlie: No
2024-10-14 20:38:19.825541 Tango: No
ChatterBot Yankee reevaluating
ChatterBot Yankee reevaluating
ChatterBot Yankee reevaluating
ChatterBot Yankee reevaluating
ChatterBot Yankee reevaluating
2024-10-14 20:38:19.891801 Delta: November we want you to join our group
2024-10-14 20:38:19.895093 November: No
ChatterBot Delta reevaluating
2024-10-14 20:38:19.905095 Yankee: Victor we want you to join our group
2024-10-14 20:38:19.908369 Victor: No
ChatterBot Yankee reevaluating
2024-10-14 20:38:19.924277 X-ray: Same as last round
2024-10-14 20:38:19.924777 Charlie: X-ray, November, India and Tango, sending you 3
2024-10-14 20:38:19.926677 Victor: Delta and Yankee, sending you 4
2024-10-14 20:38:19.927016 Kilo: Delta and Victor, sending you 6
2024-10-14 20:38:19.927300 Alpha: Delta and Victor, sending you 1
2024-10-14 20:38:19.927678 November: X-ray, Charlie, India and Tango, sending you 3
2024-10-14 20:38:19.928677 Tango: X-ray and Charlie, sending you 3
2024-10-14 20:38:19.929062 Charlie: Yankee, sending you 4
2024-10-14 20:38:19.929646 Kilo: Alpha, sending you 4
2024-10-14 20:38:19.929910 Alpha: Kilo, sending you 2
2024-10-14 20:38:19.930887 Victor: Kilo, sending you 9
2024-10-14 20:38:19.931686 November: Yankee, sending you 2
2024-10-14 20:38:19.933677 Tango: November, sending you 4
2024-10-14 20:38:19.934279 Victor: Alpha, sending you 1
2024-10-14 20:38:19.936678 Tango: India, sending you 5
2024-10-14 20:38:19.938704 India: X-ray and Charlie, sending you 3
2024-10-14 20:38:19.939967 Tango: Yankee, sending you 2
2024-10-14 20:38:19.940732 Delta: Victor, sending you 5
2024-10-14 20:38:19.941705 India: November, Yankee and Tango, sending you 4
2024-10-14 20:38:19.943721 Delta: Kilo, sending you 9
2024-10-14 20:38:19.949518 Delta: Alpha, sending you 3
2024-10-14 20:38:19.953674 Delta: Yankee, sending you 1
chatterbot X-ray submitting transactions
chatterbot Charlie submitting transactions
chatterbot Tango submitting transactions
chatterbot November submitting transactions
chatterbot Yankee submitting transactions
chatterbot Alpha submitting transactions
chatterbot Kilo submitting transactions
chatterbot Victor submitting transactions
chatterbot India submitting transactions
chatterbot Delta submitting transactions
ChatterBot X-ray round 6
ChatterBot November round 6
ChatterBot Delta round 6
ChatterBot Victor round 6
ChatterBot Kilo round 6
ChatterBot Alpha round 6
ChatterBot Charlie round 6
ChatterBot India round 6
ChatterBot Yankee round 6
ChatterBot Tango round 6
2024-10-14 20:38:21.054820 Yankee: We should add Victor
2024-10-14 20:38:21.065313 X-ray: No
2024-10-14 20:38:21.065456 November: No
2024-10-14 20:38:21.065563 India: No
2024-10-14 20:38:21.065685 Charlie: No
2024-10-14 20:38:21.065813 Tango: No
ChatterBot Yankee reevaluating
ChatterBot Yankee reevaluating
ChatterBot Yankee reevaluating
ChatterBot Yankee reevaluating
ChatterBot Yankee reevaluating
2024-10-14 20:38:21.145665 Yankee: Victor we want you to join our group
2024-10-14 20:38:21.148796 Victor: No
ChatterBot Yankee reevaluating
2024-10-14 20:38:21.164052 November: X-ray, Charlie, India and Tango, sending you 3
2024-10-14 20:38:21.164652 Victor: Delta and Yankee, sending you 4
2024-10-14 20:38:21.167676 November: Yankee, sending you 2
2024-10-14 20:38:21.168504 Victor: Kilo, sending you 8
2024-10-14 20:38:21.169343 India: X-ray and Charlie, sending you 3
2024-10-14 20:38:21.169931 Delta: Victor, sending you 5
2024-10-14 20:38:21.170297 Alpha: Delta and Victor, sending you 1
2024-10-14 20:38:21.170620 Charlie: X-ray, November, India and Tango, sending you 3
2024-10-14 20:38:21.171205 X-ray: Same as last round
2024-10-14 20:38:21.172123 Kilo: Delta and Victor, sending you 6
2024-10-14 20:38:21.173673 Victor: Alpha, sending you 2
2024-10-14 20:38:21.174098 Charlie: Yankee, sending you 4
2024-10-14 20:38:21.174708 India: November, Yankee and Tango, sending you 4
2024-10-14 20:38:21.175279 Delta: Kilo, sending you 9
2024-10-14 20:38:21.175581 Alpha: Kilo, sending you 2
2024-10-14 20:38:21.175878 Kilo: Alpha, sending you 4
2024-10-14 20:38:21.179709 Delta: Alpha, sending you 3
2024-10-14 20:38:21.183662 Tango: X-ray and Charlie, sending you 3
2024-10-14 20:38:21.184231 Delta: Yankee, sending you 1
2024-10-14 20:38:21.186669 Tango: November, sending you 4
2024-10-14 20:38:21.191689 Tango: India, sending you 5
2024-10-14 20:38:21.195663 Tango: Yankee, sending you 2
chatterbot India submitting transactions
chatterbot X-ray submitting transactions
chatterbot Alpha submitting transactions
chatterbot Victor submitting transactions
chatterbot Kilo submitting transactions
chatterbot Delta submitting transactions
chatterbot November submitting transactions
chatterbot Charlie submitting transactions
chatterbot Yankee submitting transactions
chatterbot Tango submitting transactions
ChatterBot X-ray round 7
ChatterBot November round 7
ChatterBot Delta round 7
ChatterBot Victor round 7
ChatterBot Kilo round 7
ChatterBot Alpha round 7
ChatterBot Charlie round 7
ChatterBot India round 7
ChatterBot Yankee round 7
2024-10-14 20:38:22.420532 Delta: We should replace Yankee with November
2024-10-14 20:38:22.428320 Kilo: No
2024-10-14 20:38:22.428482 Victor: No
2024-10-14 20:38:22.429220 Alpha: No
ChatterBot Victor reevaluating
ChatterBot Victor reevaluating
ChatterBot Delta reevaluating
ChatterBot Tango round 7
2024-10-14 20:38:22.477993 Alpha: We should drop Tango
ChatterBot Delta reevaluating
2024-10-14 20:38:22.483800 Kilo: Yes
2024-10-14 20:38:22.483921 Victor: Yes
2024-10-14 20:38:22.484024 Delta: Yes
ChatterBot Delta reevaluating
ChatterBot Delta reevaluating
ChatterBot Alpha reevaluating
ChatterBot Alpha reevaluating
2024-10-14 20:38:22.505830 November: X-ray, Charlie, India and Tango, sending you 3
2024-10-14 20:38:22.506485 Kilo: Delta and Victor, sending you 6
2024-10-14 20:38:22.507070 X-ray: Same as last round
2024-10-14 20:38:22.509663 November: Yankee, sending you 2
2024-10-14 20:38:22.511680 Kilo: Alpha, sending you 4
2024-10-14 20:38:22.516662 Tango: X-ray and Charlie, sending you 3
2024-10-14 20:38:22.520677 Tango: November, sending you 4
2024-10-14 20:38:22.521688 Delta: Victor, sending you 5
2024-10-14 20:38:22.522104 Victor: Delta, sending you 4
2024-10-14 20:38:22.522652 India: X-ray and Charlie, sending you 3
2024-10-14 20:38:22.525675 Tango: India, sending you 5
2024-10-14 20:38:22.526300 Charlie: X-ray, November, India and Tango, sending you 3
2024-10-14 20:38:22.526956 Alpha: Delta and Victor, sending you 1
2024-10-14 20:38:22.527286 Delta: Kilo, sending you 9
2024-10-14 20:38:22.527641 Victor: Kilo, sending you 9
2024-10-14 20:38:22.528028 India: November, Yankee and Tango, sending you 4
2024-10-14 20:38:22.529694 Delta: Alpha, sending you 3
2024-10-14 20:38:22.530701 Tango: Yankee, sending you 2
2024-10-14 20:38:22.531413 Charlie: Yankee, sending you 4
2024-10-14 20:38:22.532149 Victor: Alpha, sending you 2
2024-10-14 20:38:22.532558 Alpha: Kilo, sending you 2
2024-10-14 20:38:22.534869 Delta: Yankee, sending you 1
2024-10-14 20:38:22.536671 Victor: Yankee, sending you 3
chatterbot Delta submitting transactions
chatterbot Alpha submitting transactions
chatterbot Tango submitting transactions
chatterbot Kilo submitting transactions
chatterbot X-ray submitting transactions
chatterbot November submitting transactions
chatterbot Victor submitting transactions
chatterbot Yankee submitting transactions
chatterbot Charlie submitting transactions
chatterbot India submitting transactions
ChatterBot X-ray round 8
ChatterBot November round 8
ChatterBot Delta round 8
ChatterBot Victor round 8
ChatterBot Kilo round 8
ChatterBot Alpha round 8
ChatterBot Charlie round 8
ChatterBot India round 8
ChatterBot Yankee round 8
ChatterBot Tango round 8
2024-10-14 20:38:23.550971 Alpha: We should add X-ray
ChatterBot Victor reevaluating
ChatterBot Delta reevaluating
2024-10-14 20:38:23.559322 Kilo: Yes
2024-10-14 20:38:23.559472 Victor: Yes
2024-10-14 20:38:23.559630 Delta: Yes
ChatterBot Victor reevaluating
ChatterBot Delta reevaluating
ChatterBot Delta reevaluating
ChatterBot Victor reevaluating
2024-10-14 20:38:23.591504 Alpha: X-ray we want you to join our group
2024-10-14 20:38:23.594186 X-ray: No
ChatterBot Delta reevaluating
ChatterBot Victor reevaluating
2024-10-14 20:38:23.604096 Victor: We should replace Yankee with November
ChatterBot Delta reevaluating
2024-10-14 20:38:23.613795 Kilo: No
2024-10-14 20:38:23.613995 Delta: No
2024-10-14 20:38:23.614179 Alpha: No
ChatterBot Victor reevaluating
ChatterBot Delta reevaluating
ChatterBot Victor reevaluating
ChatterBot Victor reevaluating
ChatterBot Delta reevaluating
2024-10-14 20:38:23.640267 Delta: We should replace Yankee with X-ray
ChatterBot Victor reevaluating
2024-10-14 20:38:23.650002 Kilo: No
2024-10-14 20:38:23.650181 Victor: No
2024-10-14 20:38:23.650326 Alpha: Yes
ChatterBot Victor reevaluating
ChatterBot Delta reevaluating
ChatterBot Delta reevaluating
ChatterBot Victor reevaluating
ChatterBot Delta reevaluating
2024-10-14 20:38:23.674660 November: X-ray, Charlie, India and Tango, sending you 3
2024-10-14 20:38:23.676642 X-ray: Same as last round
2024-10-14 20:38:23.677629 Delta: X-ray we want you to join our group
2024-10-14 20:38:23.681691 X-ray: No
ChatterBot Victor reevaluating
2024-10-14 20:38:23.695497 Kilo: Delta and Victor, sending you 6
2024-10-14 20:38:23.696053 November: Yankee, sending you 2
2024-10-14 20:38:23.698682 Kilo: Alpha, sending you 4
2024-10-14 20:38:23.699626 Tango: X-ray and Charlie, sending you 3
2024-10-14 20:38:23.700426 India: X-ray, November and Charlie, sending you 3
2024-10-14 20:38:23.701095 Charlie: X-ray, November, India and Tango, sending you 3
2024-10-14 20:38:23.702340 Alpha: Delta and Victor, sending you 1
2024-10-14 20:38:23.702991 Tango: November, sending you 4
2024-10-14 20:38:23.704446 India: Yankee, sending you 5
2024-10-14 20:38:23.706673 Charlie: Yankee, sending you 4
2024-10-14 20:38:23.707262 Alpha: Kilo, sending you 2
2024-10-14 20:38:23.707684 Tango: India, sending you 5
2024-10-14 20:38:23.708662 India: Tango, sending you 4
2024-10-14 20:38:23.710652 Tango: Yankee, sending you 2
2024-10-14 20:38:23.719682 Delta: X-ray, sending you 1
2024-10-14 20:38:23.724716 Delta: Victor, sending you 5
2024-10-14 20:38:23.726673 Victor: Delta, sending you 5
2024-10-14 20:38:23.729664 Delta: Kilo, sending you 9
2024-10-14 20:38:23.731703 Victor: Kilo, sending you 8
2024-10-14 20:38:23.734723 Delta: Alpha, sending you 3
2024-10-14 20:38:23.735654 Victor: Alpha, sending you 2
2024-10-14 20:38:23.740668 Victor: Yankee, sending you 3
chatterbot Kilo submitting transactions
chatterbot Charlie submitting transactions
chatterbot Yankee submitting transactions
chatterbot India submitting transactions
chatterbot X-ray submitting transactions
chatterbot Alpha submitting transactions
chatterbot Tango submitting transactions
chatterbot November submitting transactions
chatterbot Delta submitting transactions
chatterbot Victor submitting transactions
ChatterBot X-ray round 9
ChatterBot November round 9
ChatterBot Delta round 9
ChatterBot Victor round 9
ChatterBot Kilo round 9
ChatterBot Alpha round 9
ChatterBot Charlie round 9
ChatterBot India round 9
ChatterBot Yankee round 9
ChatterBot Tango round 9
2024-10-14 20:38:25.061718 X-ray: Same as last round
2024-10-14 20:38:25.064706 Victor: Delta, sending you 5
2024-10-14 20:38:25.066361 November: X-ray, Charlie, India and Tango, sending you 3
2024-10-14 20:38:25.068173 Charlie: X-ray, November, India and Tango, sending you 3
2024-10-14 20:38:25.069648 Delta: X-ray, sending you 1
2024-10-14 20:38:25.070993 Victor: Kilo, sending you 8
2024-10-14 20:38:25.072150 India: X-ray, November and Charlie, sending you 3
2024-10-14 20:38:25.074644 November: Yankee, sending you 2
2024-10-14 20:38:25.076211 Charlie: Yankee, sending you 4
2024-10-14 20:38:25.078235 Delta: Victor, sending you 5
2024-10-14 20:38:25.079824 Tango: X-ray and Charlie, sending you 3
2024-10-14 20:38:25.081594 Victor: Alpha, sending you 2
2024-10-14 20:38:25.083743 India: Yankee, sending you 5
2024-10-14 20:38:25.085025 Kilo: Delta and Victor, sending you 6
2024-10-14 20:38:25.086846 Alpha: Delta and Victor, sending you 1
2024-10-14 20:38:25.087849 Delta: Kilo, sending you 9
2024-10-14 20:38:25.088525 Tango: November, sending you 4
2024-10-14 20:38:25.090323 Victor: Yankee, sending you 3
2024-10-14 20:38:25.091058 India: Tango, sending you 4
2024-10-14 20:38:25.093044 Kilo: Alpha, sending you 4
2024-10-14 20:38:25.093759 Delta: Alpha, sending you 3
2024-10-14 20:38:25.095116 Alpha: Kilo, sending you 2
2024-10-14 20:38:25.095891 Tango: India, sending you 5
2024-10-14 20:38:25.101675 Tango: Yankee, sending you 2
chatterbot X-ray submitting transactions
chatterbot November submitting transactions
chatterbot Delta submitting transactions
chatterbot Charlie submitting transactions
chatterbot Tango submitting transactions
chatterbot India submitting transactions
chatterbot Victor submitting transactions
chatterbot Yankee submitting transactions
chatterbot Kilo submitting transactions
chatterbot Alpha submitting transactions
ChatterBot X-ray round 10
ChatterBot November round 10
ChatterBot Delta round 10
ChatterBot Victor round 10
ChatterBot Kilo round 10
ChatterBot Alpha round 10
ChatterBot Charlie round 10
ChatterBot India round 10
ChatterBot Yankee round 10
ChatterBot Tango round 10
2024-10-14 20:38:26.349672 November: X-ray, Charlie, India and Tango, sending you 3
2024-10-14 20:38:26.356026 November: Yankee, sending you 2
2024-10-14 20:38:26.357704 Kilo: Delta and Victor, sending you 6
2024-10-14 20:38:26.359123 Delta: X-ray, sending you 1
2024-10-14 20:38:26.362110 Kilo: Alpha, sending you 4
2024-10-14 20:38:26.363187 Delta: Victor, sending you 5
2024-10-14 20:38:26.365703 Victor: Delta, sending you 5
2024-10-14 20:38:26.366671 Charlie: X-ray, November, India and Tango, sending you 3
2024-10-14 20:38:26.367372 India: X-ray, November and Charlie, sending you 3
2024-10-14 20:38:26.368761 Delta: Kilo, sending you 9
2024-10-14 20:38:26.369248 X-ray: Same as last round
2024-10-14 20:38:26.370052 Victor: Kilo, sending you 9
2024-10-14 20:38:26.371031 Alpha: Delta and Victor, sending you 1
2024-10-14 20:38:26.371444 Charlie: Yankee, sending you 4
2024-10-14 20:38:26.372715 Delta: Alpha, sending you 3
2024-10-14 20:38:26.373721 India: Yankee, sending you 5
2024-10-14 20:38:26.374680 Tango: X-ray and Charlie, sending you 3
2024-10-14 20:38:26.376421 Alpha: Kilo, sending you 2
2024-10-14 20:38:26.377277 Victor: Alpha and Yankee, sending you 2
2024-10-14 20:38:26.378232 India: Tango, sending you 4
2024-10-14 20:38:26.379945 Tango: November, sending you 4
2024-10-14 20:38:26.384682 Tango: India, sending you 5
2024-10-14 20:38:26.391656 Tango: Yankee, sending you 2
chatterbot Charlie submitting transactions
chatterbot X-ray submitting transactions
chatterbot Delta submitting transactions
chatterbot Kilo submitting transactions
chatterbot November submitting transactions
chatterbot Tango submitting transactions
chatterbot Victor submitting transactions
chatterbot Alpha submitting transactions
chatterbot Yankee submitting transactions
chatterbot India submitting transactions
ChatterBot X-ray round 11
ChatterBot November round 11
ChatterBot Delta round 11
ChatterBot Victor round 11
ChatterBot Kilo round 11
ChatterBot Alpha round 11
ChatterBot Charlie round 11
ChatterBot India round 11
ChatterBot Yankee round 11
ChatterBot Tango round 11
2024-10-14 20:38:27.540268 Victor: We should replace Yankee with November
ChatterBot Delta reevaluating
ChatterBot Alpha reevaluating
2024-10-14 20:38:27.549639 Kilo: No
2024-10-14 20:38:27.549835 Delta: Yes
2024-10-14 20:38:27.549974 Alpha: No
ChatterBot Delta reevaluating
ChatterBot Alpha reevaluating
ChatterBot Alpha reevaluating
ChatterBot Delta reevaluating
2024-10-14 20:38:27.590394 Victor: November we want you to join our group
2024-10-14 20:38:27.593029 November: No
ChatterBot Delta reevaluating
ChatterBot Alpha reevaluating
2024-10-14 20:38:27.605712 X-ray: Same as last round
2024-10-14 20:38:27.607288 November: X-ray, Charlie, India and Tango, sending you 3
2024-10-14 20:38:27.610671 November: Yankee, sending you 2
2024-10-14 20:38:27.612687 Charlie: X-ray, November, India and Tango, sending you 3
2024-10-14 20:38:27.614527 Victor: November, sending you 1
2024-10-14 20:38:27.617662 Victor: Delta, sending you 5
2024-10-14 20:38:27.618689 Charlie: Yankee, sending you 4
2024-10-14 20:38:27.619485 Tango: X-ray and Charlie, sending you 3
2024-10-14 20:38:27.621693 Kilo: Delta and Victor, sending you 6
2024-10-14 20:38:27.622422 India: X-ray, November and Charlie, sending you 3
2024-10-14 20:38:27.623295 Victor: Kilo, sending you 9
2024-10-14 20:38:27.623666 Tango: November, sending you 4
2024-10-14 20:38:27.624918 Delta: X-ray, sending you 1
2024-10-14 20:38:27.625700 Alpha: Delta and Victor, sending you 1
2024-10-14 20:38:27.626192 Kilo: Alpha, sending you 4
2024-10-14 20:38:27.626707 India: Yankee, sending you 5
2024-10-14 20:38:27.627724 Victor: Alpha, sending you 3
2024-10-14 20:38:27.628073 Tango: India, sending you 5
2024-10-14 20:38:27.629007 Delta: Victor, sending you 5
2024-10-14 20:38:27.629693 Alpha: Kilo, sending you 2
2024-10-14 20:38:27.631671 Tango: Yankee, sending you 2
2024-10-14 20:38:27.633185 India: Tango, sending you 4
2024-10-14 20:38:27.634298 Delta: Kilo, sending you 9
2024-10-14 20:38:27.640001 Delta: Alpha, sending you 3
chatterbot Delta submitting transactions
chatterbot Victor submitting transactions
chatterbot India submitting transactions
chatterbot X-ray submitting transactions
chatterbot Charlie submitting transactions
chatterbot Kilo submitting transactions
chatterbot Alpha submitting transactions
chatterbot November submitting transactions
chatterbot Yankee submitting transactions
chatterbot Tango submitting transactions
ChatterBot X-ray round 12
ChatterBot November round 12
ChatterBot Delta round 12
ChatterBot Victor round 12
ChatterBot Kilo round 12
ChatterBot Alpha round 12
ChatterBot Charlie round 12
ChatterBot India round 12
ChatterBot Yankee round 12
ChatterBot Tango round 12
2024-10-14 20:38:28.902517 Delta: We should replace X-ray with November
ChatterBot Alpha reevaluating
2024-10-14 20:38:28.917017 Kilo: No
2024-10-14 20:38:28.917751 Victor: Yes
2024-10-14 20:38:28.917951 Alpha: Yes
ChatterBot Alpha reevaluating
ChatterBot Delta reevaluating
ChatterBot Alpha reevaluating
ChatterBot Delta reevaluating
2024-10-14 20:38:28.996862 Alpha: We should drop X-ray
ChatterBot Delta reevaluating
2024-10-14 20:38:29.008006 Kilo: Yes
2024-10-14 20:38:29.008208 Victor: Yes
2024-10-14 20:38:29.008383 Delta: Yes
ChatterBot Delta reevaluating
ChatterBot Alpha reevaluating
ChatterBot Delta reevaluating
ChatterBot Alpha reevaluating
ChatterBot Victor reevaluating
ChatterBot Alpha reevaluating
2024-10-14 20:38:29.048514 Victor: We should replace November with Yankee
ChatterBot Delta reevaluating
ChatterBot Alpha reevaluating
2024-10-14 20:38:29.056186 Kilo: No
2024-10-14 20:38:29.056300 Delta: Yes
2024-10-14 20:38:29.056396 Alpha: Yes
ChatterBot Victor reevaluating
ChatterBot Delta reevaluating
ChatterBot Alpha reevaluating
ChatterBot Victor reevaluating
ChatterBot Alpha reevaluating
