ChatterBot Hotel round 1
ChatterBot Foxtrot round 1
ChatterBot Kilo round 1
ChatterBot Lima round 1
ChatterBot Golf round 1
ChatterBot India round 1
ChatterBot Papa round 1
ChatterBot Alpha round 1
ChatterBot Oscar round 1
ChatterBot X-ray round 1
randomSelections Lima: {Lima, Foxtrot, Alpha, Golf, India, X-ray} 
2024-10-14 20:38:11.602133 Lima: We would work well together
ChatterBot Foxtrot reevaluating
ChatterBot Alpha reevaluating
ChatterBot Golf reevaluating
ChatterBot India reevaluating
ChatterBot X-ray reevaluating
2024-10-14 20:38:11.659724 Foxtrot: Yes
2024-10-14 20:38:11.661043 Alpha: Yes
2024-10-14 20:38:11.661448 Golf: Yes
2024-10-14 20:38:11.661796 India: Yes
2024-10-14 20:38:11.662128 X-ray: Yes
ChatterBot Alpha reevaluating
ChatterBot Golf reevaluating
ChatterBot India reevaluating
ChatterBot X-ray reevaluating
ChatterBot Foxtrot reevaluating
ChatterBot Golf reevaluating
ChatterBot India reevaluating
ChatterBot X-ray reevaluating
ChatterBot Foxtrot reevaluating
ChatterBot Alpha reevaluating
ChatterBot India reevaluating
ChatterBot X-ray reevaluating
ChatterBot Foxtrot reevaluating
ChatterBot Alpha reevaluating
ChatterBot Golf reevaluating
ChatterBot X-ray reevaluating
ChatterBot Foxtrot reevaluating
ChatterBot Alpha reevaluating
ChatterBot Golf reevaluating
ChatterBot India reevaluating
randomSelections Hotel: {Hotel, Kilo, X-ray, Foxtrot, Papa, India} 
2024-10-14 20:38:11.764149 Hotel: We should group up
ChatterBot Kilo reevaluating
ChatterBot X-ray reevaluating
ChatterBot Foxtrot reevaluating
ChatterBot Papa reevaluating
ChatterBot India reevaluating
2024-10-14 20:38:11.778563 Kilo: Yes
2024-10-14 20:38:11.778765 X-ray: No
2024-10-14 20:38:11.779003 Foxtrot: No
2024-10-14 20:38:11.779775 Papa: Yes
2024-10-14 20:38:11.779976 India: No
ChatterBot X-ray reevaluating
ChatterBot Foxtrot reevaluating
ChatterBot Papa reevaluating
ChatterBot India reevaluating
ChatterBot Kilo reevaluating
ChatterBot Foxtrot reevaluating
ChatterBot Papa reevaluating
ChatterBot India reevaluating
ChatterBot Kilo reevaluating
ChatterBot X-ray reevaluating
ChatterBot Papa reevaluating
ChatterBot India reevaluating
ChatterBot Kilo reevaluating
ChatterBot X-ray reevaluating
ChatterBot Foxtrot reevaluating
ChatterBot India reevaluating
ChatterBot Kilo reevaluating
ChatterBot X-ray reevaluating
ChatterBot Foxtrot reevaluating
ChatterBot Papa reevaluating
randomSelections Oscar: {Oscar, Alpha, X-ray, Golf, Hotel, India} 
2024-10-14 20:38:11.865402 Oscar: We should group up
ChatterBot Alpha reevaluating
ChatterBot X-ray reevaluating
ChatterBot Golf reevaluating
ChatterBot India reevaluating
2024-10-14 20:38:11.877957 Alpha: No
2024-10-14 20:38:11.878296 X-ray: No
2024-10-14 20:38:11.879556 Golf: No
2024-10-14 20:38:11.880076 Hotel: No
2024-10-14 20:38:11.880350 India: No
ChatterBot X-ray reevaluating
ChatterBot Golf reevaluating
ChatterBot India reevaluating
ChatterBot Alpha reevaluating
ChatterBot Golf reevaluating
ChatterBot India reevaluating
ChatterBot Alpha reevaluating
ChatterBot X-ray reevaluating
ChatterBot India reevaluating
ChatterBot Alpha reevaluating
ChatterBot X-ray reevaluating
ChatterBot Golf reevaluating
ChatterBot India reevaluating
ChatterBot Alpha reevaluating
ChatterBot X-ray reevaluating
ChatterBot Golf reevaluating
2024-10-14 20:38:11.937687 Papa: Hotel, sending you 7
2024-10-14 20:38:11.938665 Lima: Golf and India, sending you 2
2024-10-14 20:38:11.940966 X-ray: Foxtrot, Golf and Alpha, sending you 3
2024-10-14 20:38:11.944468 Papa: Kilo, sending you 2
2024-10-14 20:38:11.945027 Lima: Alpha and X-ray, sending you 1
2024-10-14 20:38:11.946151 Oscar: Hotel, Golf, India and X-ray, sending you 1
2024-10-14 20:38:11.946670 Golf: India, Alpha and X-ray, sending you 1
2024-10-14 20:38:11.947914 X-ray: Lima and India, sending you 2
2024-10-14 20:38:11.948393 Hotel: X-ray, sending you 1
2024-10-14 20:38:11.950490 Papa: India, sending you 3
2024-10-14 20:38:11.951973 Kilo: Hotel, sending you 2
2024-10-14 20:38:11.952316 India: Foxtrot, Lima and X-ray, sending you 3
2024-10-14 20:38:11.952678 Alpha: Foxtrot and India, sending you 2
2024-10-14 20:38:11.953009 Foxtrot: Lima, Golf, India and X-ray, sending you 1
2024-10-14 20:38:11.954741 Papa: X-ray, sending you 4
2024-10-14 20:38:11.955210 Kilo: Foxtrot and X-ray, sending you 3
2024-10-14 20:38:11.956597 Alpha: Lima and Golf, sending you 5
2024-10-14 20:38:11.956924 Foxtrot: Alpha, sending you 2
2024-10-14 20:38:11.958603 India: Golf and Alpha, sending you 2
2024-10-14 20:38:11.959042 Kilo: India, sending you 6
2024-10-14 20:38:11.961974 Alpha: X-ray, sending you 3
2024-10-14 20:38:11.963484 Kilo: Papa, sending you 4
chatterbot Lima submitting transactions
chatterbot Papa submitting transactions
chatterbot Golf submitting transactions
chatterbot Oscar submitting transactions
chatterbot X-ray submitting transactions
chatterbot Alpha submitting transactions
chatterbot India submitting transactions
chatterbot Foxtrot submitting transactions
chatterbot Hotel submitting transactions
chatterbot Kilo submitting transactions
ChatterBot Hotel round 2
ChatterBot Foxtrot round 2
ChatterBot Kilo round 2
ChatterBot Lima round 2
ChatterBot Golf round 2
ChatterBot India round 2
2024-10-14 20:38:13.088668 Hotel: We should group up
ChatterBot Kilo reevaluating
ChatterBot Papa reevaluating
2024-10-14 20:38:13.105909 Kilo: Yes
2024-10-14 20:38:13.106065 Papa: No
ChatterBot Papa reevaluating
ChatterBot Hotel reevaluating
ChatterBot Kilo reevaluating
2024-10-14 20:38:13.133568 Papa: Let's form a team
ChatterBot Kilo reevaluating
2024-10-14 20:38:13.138365 Kilo: Yes
ChatterBot Papa reevaluating
ChatterBot Papa round 2
ChatterBot Alpha round 2
ChatterBot Oscar round 2
ChatterBot X-ray round 2
2024-10-14 20:38:13.158412 Foxtrot: We should add Kilo
ChatterBot Lima reevaluating
ChatterBot Alpha reevaluating
ChatterBot Golf reevaluating
ChatterBot X-ray reevaluating
2024-10-14 20:38:13.178974 Lima: Yes
2024-10-14 20:38:13.179140 Alpha: No
2024-10-14 20:38:13.179259 Golf: No
2024-10-14 20:38:13.179392 India: No
2024-10-14 20:38:13.179502 X-ray: Yes
ChatterBot Foxtrot reevaluating
ChatterBot Alpha reevaluating
ChatterBot Golf reevaluating
ChatterBot X-ray reevaluating
ChatterBot Lima reevaluating
ChatterBot Foxtrot reevaluating
ChatterBot Golf reevaluating
ChatterBot X-ray reevaluating
ChatterBot Lima reevaluating
ChatterBot Foxtrot reevaluating
ChatterBot Alpha reevaluating
ChatterBot X-ray reevaluating
ChatterBot Lima reevaluating
ChatterBot Foxtrot reevaluating
ChatterBot Alpha reevaluating
ChatterBot Golf reevaluating
ChatterBot X-ray reevaluating
ChatterBot Lima reevaluating
ChatterBot Foxtrot reevaluating
ChatterBot Alpha reevaluating
ChatterBot Golf reevaluating
2024-10-14 20:38:13.314777 Oscar: We should group up
2024-10-14 20:38:13.318858 Papa: No
ChatterBot Oscar reevaluating
2024-10-14 20:38:13.340511 Hotel: Kilo, sending you 4
2024-10-14 20:38:13.340902 Foxtrot: Kilo we want you to join our group
2024-10-14 20:38:13.346732 Kilo: No
ChatterBot Foxtrot reevaluating
2024-10-14 20:38:13.376537 X-ray: Kilo we want you to join our group
2024-10-14 20:38:13.382031 Kilo: No
ChatterBot Foxtrot reevaluating
2024-10-14 20:38:13.408298 Hotel: Papa, sending you 7
2024-10-14 20:38:13.409135 Papa: Same as last round
2024-10-14 20:38:13.593227 Hotel: Oscar, sending you 3
2024-10-14 20:38:13.593678 Golf: Foxtrot, Lima and India, sending you 2
2024-10-14 20:38:13.594467 Alpha: Foxtrot and India, sending you 4
2024-10-14 20:38:13.594762 India: Foxtrot, Lima, Alpha and X-ray, sending you 3
2024-10-14 20:38:13.595099 Kilo: Hotel, sending you 2
2024-10-14 20:38:13.595828 Oscar: Sending you 11
2024-10-14 20:38:13.596004 Lima: Foxtrot, Golf, India and X-ray, sending you 1
2024-10-14 20:38:13.852692 Golf: Alpha, sending you 5
2024-10-14 20:38:13.853422 Alpha: Lima, sending you 3
2024-10-14 20:38:13.854467 Kilo: Papa, sending you 11
2024-10-14 20:38:13.854921 India: Golf, sending you 1
2024-10-14 20:38:13.856014 X-ray: Foxtrot, Kilo, Lima, Golf and Alpha, sending you 2
2024-10-14 20:38:13.856502 Lima: Alpha, sending you 2
chatterbot India submitting transactions
chatterbot Golf submitting transactions
chatterbot Oscar submitting transactions
chatterbot X-ray submitting transactions
2024-10-14 20:38:13.858234 Golf: X-ray, sending you 3
2024-10-14 20:38:13.859335 Alpha: Golf, sending you 1
2024-10-14 20:38:13.860277 X-ray: India, sending you 3
2024-10-14 20:38:13.860652 Foxtrot: Lima and Alpha, sending you 1
2024-10-14 20:38:14.274920 Alpha: X-ray, sending you 5
2024-10-14 20:38:14.275514 Foxtrot: India and X-ray, sending you 2
chatterbot Lima submitting transactions
chatterbot Kilo submitting transactions
chatterbot Hotel submitting transactions
chatterbot Foxtrot submitting transactions
chatterbot Papa submitting transactions
chatterbot Alpha submitting transactions
ChatterBot Hotel round 3
ChatterBot Foxtrot round 3
ChatterBot Kilo round 3
ChatterBot Lima round 3
ChatterBot Golf round 3
ChatterBot India round 3
ChatterBot Papa round 3
ChatterBot Alpha round 3
ChatterBot Oscar round 3
ChatterBot X-ray round 3
2024-10-14 20:38:14.841823 X-ray: We should replace Kilo with Oscar
ChatterBot Lima reevaluating
2024-10-14 20:38:14.870172 Lima: Yes
2024-10-14 20:38:14.871538 Foxtrot: No
2024-10-14 20:38:14.873559 Alpha: No
2024-10-14 20:38:14.875315 Golf: No
2024-10-14 20:38:14.877663 India: No
ChatterBot Lima reevaluating
ChatterBot Lima reevaluating
ChatterBot Lima reevaluating
ChatterBot Lima reevaluating
2024-10-14 20:38:15.032506 X-ray: Oscar we want you to join our group
ChatterBot Oscar reevaluating
2024-10-14 20:38:15.038731 Oscar: No
ChatterBot Lima reevaluating
2024-10-14 20:38:15.068521 Oscar: We should add Kilo and Papa
2024-10-14 20:38:15.068897 Lima: We should add Oscar
2024-10-14 20:38:15.095967 Hotel: Yes
2024-10-14 20:38:15.096249 Foxtrot: No
2024-10-14 20:38:15.097090 Alpha: No
2024-10-14 20:38:15.097286 Golf: No
2024-10-14 20:38:15.097479 India: No
2024-10-14 20:38:15.097741 X-ray: Yes
ChatterBot Oscar reevaluating
ChatterBot Lima reevaluating
ChatterBot Lima reevaluating
ChatterBot Lima reevaluating
ChatterBot Lima reevaluating
ChatterBot Lima reevaluating
2024-10-14 20:38:15.246418 Oscar: Kilo and Papa we want you to join our group
ChatterBot Kilo reevaluating
ChatterBot Papa reevaluating
2024-10-14 20:38:15.257231 Kilo: Yes
2024-10-14 20:38:15.257504 Papa: Yes
ChatterBot Papa reevaluating
ChatterBot Oscar reevaluating
ChatterBot Kilo reevaluating
ChatterBot Oscar reevaluating
2024-10-14 20:38:15.289041 Alpha: Foxtrot, sending you 2
2024-10-14 20:38:15.296985 Foxtrot: Lima, Golf, Alpha and X-ray, sending you 1
2024-10-14 20:38:15.297984 India: Foxtrot, Golf, Alpha and X-ray, sending you 3
2024-10-14 20:38:15.298554 X-ray: Foxtrot, Lima, Golf, India and Oscar, sending you 2
2024-10-14 20:38:15.299354 Alpha: Lima, sending you 3
2024-10-14 20:38:15.299818 Golf: Foxtrot, sending you 2
2024-10-14 20:38:15.300689 Hotel: Kilo, sending you 4
2024-10-14 20:38:15.301084 Foxtrot: India, sending you 2
2024-10-14 20:38:15.304968 India: Lima, sending you 1
2024-10-14 20:38:15.305509 X-ray: Alpha, sending you 3
2024-10-14 20:38:15.305912 Golf: Lima, India, Alpha and X-ray, sending you 3
2024-10-14 20:38:15.306855 Alpha: Golf, India and X-ray, sending you 4
2024-10-14 20:38:15.307739 Hotel: Papa, sending you 5
2024-10-14 20:38:15.352448 Lima: Foxtrot, Golf, India and X-ray, sending you 1
2024-10-14 20:38:15.353482 Hotel: Oscar, sending you 7
2024-10-14 20:38:15.448756 Lima: Alpha, sending you 2
2024-10-14 20:38:15.449703 Oscar: Hotel, sending you 8
chatterbot Alpha submitting transactions
2024-10-14 20:38:15.455541 Oscar: Kilo and Papa, sending you 4
chatterbot Kilo submitting transactions
chatterbot X-ray submitting transactions
chatterbot Hotel submitting transactions
chatterbot Golf submitting transactions
chatterbot Kilo submitting transactions
chatterbot Papa submitting transactions
chatterbot Lima submitting transactions
chatterbot Foxtrot submitting transactions
chatterbot Papa submitting transactions
chatterbot India submitting transactions
chatterbot Oscar submitting transactions
ChatterBot Hotel round 4
ChatterBot Foxtrot round 4
ChatterBot Kilo round 4
ChatterBot Lima round 4
ChatterBot Golf round 4
ChatterBot India round 4
ChatterBot Papa round 4
ChatterBot Alpha round 4
ChatterBot Oscar round 4
ChatterBot X-ray round 4
2024-10-14 20:38:16.614276 Oscar: We should add X-ray
ChatterBot Kilo reevaluating
2024-10-14 20:38:16.625219 Hotel: Yes
2024-10-14 20:38:16.625387 Kilo: Yes
2024-10-14 20:38:16.625514 Papa: Yes
ChatterBot Kilo reevaluating
ChatterBot Oscar reevaluating
ChatterBot Kilo reevaluating
ChatterBot Oscar reevaluating
2024-10-14 20:38:16.687961 X-ray: We should drop Oscar
2024-10-14 20:38:16.703055 Lima: Yes
2024-10-14 20:38:16.703891 Foxtrot: Yes
2024-10-14 20:38:16.704054 Alpha: Yes
2024-10-14 20:38:16.704283 Golf: Yes
2024-10-14 20:38:16.704422 India: Yes
2024-10-14 20:38:16.776412 Oscar: X-ray we want you to join our group
2024-10-14 20:38:16.779820 X-ray: No
ChatterBot Oscar reevaluating
2024-10-14 20:38:16.809430 Lima: Foxtrot, Golf, India and X-ray, sending you 1
2024-10-14 20:38:16.810001 Alpha: Foxtrot, sending you 2
2024-10-14 20:38:16.810423 Golf: Foxtrot and Lima, sending you 2
2024-10-14 20:38:16.811335 India: Foxtrot, Golf, Alpha and X-ray, sending you 3
2024-10-14 20:38:16.811747 Hotel: Kilo and Papa, sending you 5
2024-10-14 20:38:16.812049 Foxtrot: Lima, Golf, Alpha and X-ray, sending you 1
2024-10-14 20:38:16.818969 Lima: Alpha, sending you 2
2024-10-14 20:38:16.819988 Alpha: Lima, sending you 3
2024-10-14 20:38:16.820603 Golf: India and X-ray, sending you 3
2024-10-14 20:38:16.821546 India: Lima, sending you 1
2024-10-14 20:38:16.822116 Foxtrot: India, sending you 2
2024-10-14 20:38:16.823005 Hotel: Oscar, sending you 7
2024-10-14 20:38:16.823372 X-ray: Foxtrot, Golf, India and Alpha, sending you 3
2024-10-14 20:38:16.824431 Alpha: Golf, India and X-ray, sending you 4
2024-10-14 20:38:16.825030 Golf: Alpha, sending you 4
2024-10-14 20:38:16.831157 X-ray: Lima, sending you 1
2024-10-14 20:38:16.893206 Oscar: Hotel, sending you 5
chatterbot Foxtrot submitting transactions
2024-10-14 20:38:16.924646 Oscar: Kilo, sending you 3
2024-10-14 20:38:17.047343 Oscar: Papa and X-ray, sending you 4
chatterbot Alpha submitting transactions
chatterbot India submitting transactions
chatterbot Golf submitting transactions
chatterbot Kilo submitting transactions
chatterbot Papa submitting transactions
chatterbot Oscar submitting transactions
chatterbot Lima submitting transactions
chatterbot Hotel submitting transactions
chatterbot X-ray submitting transactions
ChatterBot Hotel round 5
ChatterBot Foxtrot round 5
ChatterBot Kilo round 5
ChatterBot Lima round 5
ChatterBot Golf round 5
ChatterBot India round 5
ChatterBot Papa round 5
ChatterBot Alpha round 5
ChatterBot Oscar round 5
ChatterBot X-ray round 5
2024-10-14 20:38:17.927654 Hotel: Kilo, sending you 5
2024-10-14 20:38:17.928715 Lima: Foxtrot, Golf, India and X-ray, sending you 1
2024-10-14 20:38:17.932672 Hotel: Papa and Oscar, sending you 6
2024-10-14 20:38:17.934892 Lima: Alpha, sending you 2
2024-10-14 20:38:17.936682 India: Foxtrot, Golf, Alpha and X-ray, sending you 3
2024-10-14 20:38:17.938668 Alpha: Foxtrot, sending you 2
2024-10-14 20:38:17.941692 India: Lima, sending you 1
2024-10-14 20:38:17.942326 X-ray: Foxtrot and Lima, sending you 2
2024-10-14 20:38:17.942911 Alpha: Lima, sending you 3
2024-10-14 20:38:17.945657 Foxtrot: Lima, Golf, Alpha and X-ray, sending you 1
2024-10-14 20:38:17.946784 X-ray: Golf, India and Alpha, sending you 3
2024-10-14 20:38:17.947687 Alpha: Golf, India and X-ray, sending you 4
2024-10-14 20:38:17.948427 Oscar: Hotel, sending you 5
2024-10-14 20:38:17.951655 Foxtrot: India, sending you 2
2024-10-14 20:38:17.952697 Oscar: Kilo and Papa, sending you 4
2024-10-14 20:38:17.955666 Oscar: X-ray, sending you 3
chatterbot Papa submitting transactions
chatterbot Lima submitting transactions
chatterbot Kilo submitting transactions
chatterbot X-ray submitting transactions
chatterbot Hotel submitting transactions
chatterbot Oscar submitting transactions
chatterbot India submitting transactions
chatterbot Foxtrot submitting transactions
chatterbot Golf submitting transactions
chatterbot Alpha submitting transactions
ChatterBot Hotel round 6
ChatterBot Foxtrot round 6
ChatterBot Kilo round 6
ChatterBot Lima round 6
ChatterBot Golf round 6
ChatterBot India round 6
ChatterBot Papa round 6
ChatterBot Alpha round 6
ChatterBot Oscar round 6
ChatterBot X-ray round 6
2024-10-14 20:38:19.084769 X-ray: We should add Hotel
2024-10-14 20:38:19.108867 Lima: No
2024-10-14 20:38:19.109154 Foxtrot: No
2024-10-14 20:38:19.109344 Alpha: No
2024-10-14 20:38:19.109936 Golf: No
2024-10-14 20:38:19.110125 India: No
ChatterBot X-ray reevaluating
ChatterBot Foxtrot reevaluating
ChatterBot X-ray reevaluating
ChatterBot Foxtrot reevaluating
ChatterBot X-ray reevaluating
ChatterBot Foxtrot reevaluating
ChatterBot X-ray reevaluating
2024-10-14 20:38:19.234602 X-ray: We should add Oscar
ChatterBot Foxtrot reevaluating
2024-10-14 20:38:19.254859 Lima: No
2024-10-14 20:38:19.255454 Foxtrot: No
2024-10-14 20:38:19.255648 Alpha: No
2024-10-14 20:38:19.255848 Golf: No
2024-10-14 20:38:19.256019 India: No
ChatterBot Foxtrot reevaluating
ChatterBot X-ray reevaluating
ChatterBot X-ray reevaluating
ChatterBot Foxtrot reevaluating
ChatterBot X-ray reevaluating
ChatterBot Foxtrot reevaluating
ChatterBot X-ray reevaluating
ChatterBot Foxtrot reevaluating
ChatterBot X-ray reevaluating
2024-10-14 20:38:19.370859 Hotel: Kilo, sending you 5
2024-10-14 20:38:19.371311 India: I was attacked by Kilo
ChatterBot Lima reevaluating
ChatterBot Foxtrot reevaluating
ChatterBot Alpha reevaluating
ChatterBot Golf reevaluating
ChatterBot X-ray reevaluating
2024-10-14 20:38:19.396452 India: I'm keeping this round to protect myself
2024-10-14 20:38:19.398313 India: Ow
2024-10-14 20:38:19.399507 Hotel: Papa and Oscar, sending you 6
2024-10-14 20:38:19.402724 Oscar: Hotel, sending you 5
2024-10-14 20:38:19.407693 Oscar: Kilo and Papa, sending you 4
2024-10-14 20:38:19.408790 X-ray: Oscar we want you to join our group
2024-10-14 20:38:19.413587 Oscar: No
ChatterBot X-ray reevaluating
ChatterBot Lima reevaluating
ChatterBot Golf reevaluating
ChatterBot Alpha reevaluating
2024-10-14 20:38:19.443399 Oscar: X-ray, sending you 3
chatterbot Kilo submitting transactions
2024-10-14 20:38:19.448670 Foxtrot: Lima, Golf, Alpha and X-ray, sending you 1
2024-10-14 20:38:19.453676 Foxtrot: India, sending you 2
2024-10-14 20:38:19.455686 Alpha: Foxtrot, Lima and Golf, sending you 3
2024-10-14 20:38:19.460667 Alpha: India and X-ray, sending you 4
2024-10-14 20:38:19.469654 Golf: Foxtrot and Lima, sending you 2
chatterbot Hotel submitting transactions
2024-10-14 20:38:19.474663 Golf: India and X-ray, sending you 3
2024-10-14 20:38:19.479733 Golf: Alpha, sending you 4
2024-10-14 20:38:19.481846 X-ray: Foxtrot, Lima, Golf, India and Oscar, sending you 2
2024-10-14 20:38:19.484648 X-ray: Alpha, sending you 3
chatterbot Papa submitting transactions
chatterbot X-ray submitting transactions
chatterbot Oscar submitting transactions
chatterbot Alpha submitting transactions
chatterbot Lima submitting transactions
chatterbot Foxtrot submitting transactions
chatterbot India submitting transactions
chatterbot Golf submitting transactions
ChatterBot Hotel round 7
ChatterBot Foxtrot round 7
ChatterBot Kilo round 7
ChatterBot Lima round 7
ChatterBot Golf round 7
ChatterBot India round 7
ChatterBot Papa round 7
ChatterBot Alpha round 7
ChatterBot Oscar round 7
ChatterBot X-ray round 7
2024-10-14 20:38:20.713672 Foxtrot: Lima, Golf, India and Alpha, sending you 1
2024-10-14 20:38:20.717967 Foxtrot: X-ray, sending you 2
2024-10-14 20:38:20.718687 Hotel: Kilo and Oscar, sending you 6
2024-10-14 20:38:20.722972 Hotel: Papa, sending you 5
2024-10-14 20:38:20.726673 India: Foxtrot, Lima, Golf and X-ray, sending you 2
2024-10-14 20:38:20.728042 Lima: Foxtrot, Golf, India and X-ray, sending you 1
2024-10-14 20:38:20.729700 India: Alpha, sending you 3
2024-10-14 20:38:20.731648 Golf: Foxtrot and Lima, sending you 2
2024-10-14 20:38:20.732678 Lima: Alpha, sending you 2
2024-10-14 20:38:20.733475 Oscar: Hotel, sending you 5
2024-10-14 20:38:20.734146 X-ray: Foxtrot, Lima, Golf, India and Oscar, sending you 2
2024-10-14 20:38:20.734671 Alpha: Foxtrot, Lima and India, sending you 3
2024-10-14 20:38:20.735315 Golf: India and X-ray, sending you 3
2024-10-14 20:38:20.737082 X-ray: Alpha, sending you 3
2024-10-14 20:38:20.737675 Alpha: Golf and X-ray, sending you 4
2024-10-14 20:38:20.738685 Oscar: Kilo and Papa, sending you 4
2024-10-14 20:38:20.739028 Golf: Alpha, sending you 4
2024-10-14 20:38:20.743663 Oscar: X-ray, sending you 3
chatterbot Foxtrot submitting transactions
chatterbot Hotel submitting transactions
chatterbot Papa submitting transactions
chatterbot Alpha submitting transactions
chatterbot Oscar submitting transactions
chatterbot India submitting transactions
chatterbot Lima submitting transactions
chatterbot X-ray submitting transactions
chatterbot Kilo submitting transactions
chatterbot Golf submitting transactions
ChatterBot Hotel round 8
ChatterBot Foxtrot round 8
ChatterBot Kilo round 8
ChatterBot Lima round 8
ChatterBot Golf round 8
ChatterBot India round 8
ChatterBot Papa round 8
ChatterBot Alpha round 8
ChatterBot Oscar round 8
ChatterBot X-ray round 8
2024-10-14 20:38:21.994674 Lima: Golf, India, Alpha and X-ray, sending you 1
2024-10-14 20:38:21.997714 Alpha: Foxtrot, Lima and India, sending you 3
2024-10-14 20:38:21.998703 Foxtrot: Lima, Golf, India and Alpha, sending you 1
2024-10-14 20:38:22.000678 Golf: I was attacked by Kilo
ChatterBot Lima reevaluating
ChatterBot Foxtrot reevaluating
ChatterBot Alpha reevaluating
ChatterBot India reevaluating
ChatterBot X-ray reevaluating
2024-10-14 20:38:22.026937 Golf: Ow
2024-10-14 20:38:22.028106 Oscar: Hotel, sending you 5
2024-10-14 20:38:22.028505 Hotel: Kilo and Papa, sending you 5
2024-10-14 20:38:22.031665 Hotel: Oscar, sending you 7
2024-10-14 20:38:22.032692 Oscar: Kilo and X-ray, sending you 4
2024-10-14 20:38:22.035688 Oscar: Papa, sending you 3
2024-10-14 20:38:22.059706 Lima: Foxtrot, Golf, India and X-ray, sending you 1
2024-10-14 20:38:22.063672 Lima: Alpha, sending you 2
chatterbot Golf submitting transactions
chatterbot Oscar submitting transactions
chatterbot Hotel submitting transactions
chatterbot Kilo submitting transactions
chatterbot X-ray submitting transactions
chatterbot Lima submitting transactions
chatterbot Foxtrot submitting transactions
chatterbot Alpha submitting transactions
chatterbot Papa submitting transactions
chatterbot India submitting transactions
ChatterBot Hotel round 9
ChatterBot Foxtrot round 9
ChatterBot Kilo round 9
ChatterBot Lima round 9
ChatterBot Golf round 9
ChatterBot India round 9
ChatterBot Papa round 9
ChatterBot Alpha round 9
ChatterBot Oscar round 9
ChatterBot X-ray round 9
2024-10-14 20:38:23.284383 Alpha: We should add Oscar
ChatterBot India reevaluating
ChatterBot X-ray reevaluating
2024-10-14 20:38:23.311136 Lima: No
2024-10-14 20:38:23.311471 Foxtrot: No
2024-10-14 20:38:23.311752 Golf: No
2024-10-14 20:38:23.311999 India: No
2024-10-14 20:38:23.312204 X-ray: Yes
ChatterBot Alpha reevaluating
ChatterBot India reevaluating
ChatterBot X-ray reevaluating
ChatterBot Alpha reevaluating
ChatterBot India reevaluating
ChatterBot X-ray reevaluating
ChatterBot Alpha reevaluating
ChatterBot India reevaluating
ChatterBot X-ray reevaluating
ChatterBot Alpha reevaluating
ChatterBot X-ray reevaluating
ChatterBot Alpha reevaluating
ChatterBot India reevaluating
2024-10-14 20:38:23.443666 Hotel: Kilo and Papa, sending you 5
2024-10-14 20:38:23.447752 Lima: Foxtrot, Golf, India and X-ray, sending you 1
2024-10-14 20:38:23.448781 Hotel: Oscar, sending you 7
2024-10-14 20:38:23.451663 Lima: Alpha, sending you 2
2024-10-14 20:38:23.453159 Foxtrot: Lima, Golf, Alpha and X-ray, sending you 1
2024-10-14 20:38:23.456677 Oscar: Hotel, sending you 5
2024-10-14 20:38:23.457237 Foxtrot: India, sending you 2
2024-10-14 20:38:23.461315 Oscar: Kilo and X-ray, sending you 4
2024-10-14 20:38:23.466684 Oscar: Papa, sending you 3
2024-10-14 20:38:23.467304 Alpha: Foxtrot, Lima and Golf, sending you 3
2024-10-14 20:38:23.472681 Alpha: India and X-ray, sending you 4
chatterbot Golf submitting transactions
chatterbot Foxtrot submitting transactions
chatterbot Oscar submitting transactions
chatterbot India submitting transactions
chatterbot Lima submitting transactions
chatterbot Alpha submitting transactions
chatterbot X-ray submitting transactions
chatterbot Papa submitting transactions
chatterbot Kilo submitting transactions
chatterbot Hotel submitting transactions
ChatterBot Hotel round 10
ChatterBot Foxtrot round 10
ChatterBot Kilo round 10
ChatterBot Lima round 10
ChatterBot Golf round 10
ChatterBot India round 10
ChatterBot Papa round 10
ChatterBot Alpha round 10
ChatterBot Oscar round 10
ChatterBot X-ray round 10
2024-10-14 20:38:24.460672 Lima: Foxtrot, Golf, India and X-ray, sending you 1
2024-10-14 20:38:24.461780 Hotel: Kilo, sending you 5
2024-10-14 20:38:24.462239 Foxtrot: Lima, Golf, India and X-ray, sending you 1
2024-10-14 20:38:24.464659 Lima: Alpha, sending you 2
2024-10-14 20:38:24.465675 Foxtrot: Alpha, sending you 2
2024-10-14 20:38:24.467161 Hotel: Papa, sending you 4
2024-10-14 20:38:24.470747 Hotel: Oscar, sending you 8
2024-10-14 20:38:24.471109 Oscar: Hotel, sending you 5
2024-10-14 20:38:24.474683 Oscar: Kilo and X-ray, sending you 4
2024-10-14 20:38:24.479738 Oscar: Papa, sending you 3
2024-10-14 20:38:24.480706 Alpha: Foxtrot, Lima and Golf, sending you 3
2024-10-14 20:38:24.486712 Alpha: India and X-ray, sending you 4
chatterbot Papa submitting transactions
chatterbot Golf submitting transactions
chatterbot X-ray submitting transactions
chatterbot Oscar submitting transactions
chatterbot Alpha submitting transactions
chatterbot Foxtrot submitting transactions
chatterbot Lima submitting transactions
chatterbot Kilo submitting transactions
chatterbot Hotel submitting transactions
chatterbot India submitting transactions
ChatterBot Hotel round 11
ChatterBot Foxtrot round 11
ChatterBot Kilo round 11
ChatterBot Lima round 11
ChatterBot Golf round 11
ChatterBot India round 11
ChatterBot Papa round 11
ChatterBot Alpha round 11
ChatterBot Oscar round 11
2024-10-14 20:38:25.561490 Lima: We should add Oscar
ChatterBot Golf reevaluating
2024-10-14 20:38:25.578231 Foxtrot: No
2024-10-14 20:38:25.578414 Alpha: No
2024-10-14 20:38:25.578533 Golf: Yes
2024-10-14 20:38:25.578651 India: No
2024-10-14 20:38:25.578769 X-ray: Yes
ChatterBot Lima reevaluating
ChatterBot Alpha reevaluating
ChatterBot Golf reevaluating
ChatterBot Lima reevaluating
ChatterBot Golf reevaluating
ChatterBot Lima reevaluating
ChatterBot Alpha reevaluating
ChatterBot Lima reevaluating
ChatterBot Alpha reevaluating
ChatterBot Golf reevaluating
ChatterBot Lima reevaluating
ChatterBot Alpha reevaluating
ChatterBot Golf reevaluating
ChatterBot X-ray round 11
2024-10-14 20:38:25.696193 India: Oscar we want you to join our group
2024-10-14 20:38:25.700173 Oscar: No
ChatterBot Lima reevaluating
ChatterBot India reevaluating
2024-10-14 20:38:25.718796 Alpha: Oscar we want you to join our group
2024-10-14 20:38:25.722273 Oscar: No
ChatterBot Lima reevaluating
ChatterBot India reevaluating
2024-10-14 20:38:25.741659 Hotel: Kilo, sending you 4
2024-10-14 20:38:25.742409 Golf: Foxtrot and Lima, sending you 2
2024-10-14 20:38:25.743669 Foxtrot: Lima, Golf, Alpha and X-ray, sending you 1
2024-10-14 20:38:25.745675 Lima: Oscar we want you to join our group
2024-10-14 20:38:25.749352 Oscar: No
ChatterBot Lima reevaluating
ChatterBot India reevaluating
2024-10-14 20:38:25.769982 Hotel: Papa, sending you 5
2024-10-14 20:38:25.770397 Golf: India and X-ray, sending you 3
2024-10-14 20:38:25.771490 Foxtrot: India, sending you 2
2024-10-14 20:38:25.772668 Oscar: Hotel, sending you 5
2024-10-14 20:38:25.773670 Hotel: Oscar, sending you 8
2024-10-14 20:38:25.774681 Golf: Alpha, sending you 4
2024-10-14 20:38:25.776688 Alpha: Foxtrot, Lima, Golf and India, sending you 3
2024-10-14 20:38:25.777246 Oscar: Kilo and X-ray, sending you 4
2024-10-14 20:38:25.779684 Alpha: Oscar, sending you 1
2024-10-14 20:38:25.780680 Oscar: Papa, sending you 3
2024-10-14 20:38:25.783659 Alpha: X-ray, sending you 4
2024-10-14 20:38:25.803666 Lima: Foxtrot, Golf, India, Alpha, Oscar and X-ray, sending you 1
chatterbot Oscar submitting transactions
chatterbot Lima submitting transactions
chatterbot India submitting transactions
chatterbot Hotel submitting transactions
chatterbot Golf submitting transactions
chatterbot X-ray submitting transactions
chatterbot Kilo submitting transactions
chatterbot Papa submitting transactions
chatterbot Foxtrot submitting transactions
chatterbot Alpha submitting transactions
ChatterBot Hotel round 12
ChatterBot Foxtrot round 12
ChatterBot Kilo round 12
ChatterBot Lima round 12
ChatterBot Golf round 12
ChatterBot India round 12
ChatterBot Papa round 12
ChatterBot Alpha round 12
ChatterBot Oscar round 12
ChatterBot X-ray round 12
2024-10-14 20:38:26.844027 Kilo: We should add X-ray
ChatterBot Papa reevaluating
2024-10-14 20:38:26.854512 Hotel: Yes
2024-10-14 20:38:26.854810 Papa: Yes
2024-10-14 20:38:26.855410 Oscar: Yes
ChatterBot Papa reevaluating
ChatterBot Papa reevaluating
2024-10-14 20:38:26.912986 Lima: We should drop Oscar
ChatterBot Alpha reevaluating
ChatterBot India reevaluating
2024-10-14 20:38:26.939964 Foxtrot: Yes
2024-10-14 20:38:26.940132 Alpha: Yes
2024-10-14 20:38:26.940260 Golf: Yes
2024-10-14 20:38:26.940376 India: Yes
2024-10-14 20:38:26.940497 X-ray: No
ChatterBot Alpha reevaluating
ChatterBot India reevaluating
ChatterBot India reevaluating
ChatterBot Alpha reevaluating
ChatterBot India reevaluating
ChatterBot Alpha reevaluating
ChatterBot X-ray reevaluating
ChatterBot Alpha reevaluating
ChatterBot India reevaluating
2024-10-14 20:38:27.021481 Kilo: X-ray we want you to join our group
ChatterBot X-ray reevaluating
2024-10-14 20:38:27.024773 X-ray: No
ChatterBot Papa reevaluating
2024-10-14 20:38:27.035378 Hotel: Kilo, sending you 4
2024-10-14 20:38:27.038687 Hotel: Papa, sending you 6
2024-10-14 20:38:27.039680 Oscar: Hotel, sending you 5
2024-10-14 20:38:27.040698 Golf: Foxtrot and Lima, sending you 2
2024-10-14 20:38:27.041875 Foxtrot: Lima, Golf, India and X-ray, sending you 1
2024-10-14 20:38:27.042686 Oscar: Kilo, sending you 3
2024-10-14 20:38:27.043667 Hotel: Oscar, sending you 7
2024-10-14 20:38:27.044658 Golf: India and X-ray, sending you 3
2024-10-14 20:38:27.045655 Oscar: Papa and X-ray, sending you 4
2024-10-14 20:38:27.047664 Foxtrot: Alpha, sending you 2
2024-10-14 20:38:27.049674 Golf: Alpha, sending you 4
2024-10-14 20:38:27.056662 Lima: Foxtrot, Golf, India and X-ray, sending you 1
2024-10-14 20:38:27.060670 Lima: Alpha, sending you 2
2024-10-14 20:38:27.066701 Alpha: Foxtrot, Lima and Golf, sending you 3
2024-10-14 20:38:27.073669 Alpha: India and X-ray, sending you 4
chatterbot Golf submitting transactions
chatterbot Lima submitting transactions
chatterbot Hotel submitting transactions
chatterbot Kilo submitting transactions
chatterbot X-ray submitting transactions
chatterbot Foxtrot submitting transactions
chatterbot Papa submitting transactions
chatterbot Oscar submitting transactions
chatterbot India submitting transactions
chatterbot Alpha submitting transactions
ChatterBot Hotel round 13
ChatterBot Foxtrot round 13
ChatterBot Kilo round 13
ChatterBot Lima round 13
ChatterBot Golf round 13
ChatterBot India round 13
ChatterBot Papa round 13
ChatterBot Alpha round 13
2024-10-14 20:38:27.865660 Hotel: We should add X-ray
ChatterBot Kilo reevaluating
2024-10-14 20:38:27.874869 Kilo: Yes
2024-10-14 20:38:27.875051 Papa: Yes
2024-10-14 20:38:27.875195 Oscar: Yes
ChatterBot Kilo reevaluating
ChatterBot Kilo reevaluating
ChatterBot Oscar round 13
ChatterBot X-ray round 13
2024-10-14 20:38:27.920812 Hotel: X-ray we want you to join our group
2024-10-14 20:38:27.923773 X-ray: No
ChatterBot Oscar reevaluating
ChatterBot Kilo reevaluating
2024-10-14 20:38:27.949664 Kilo: X-ray we want you to join our group
ChatterBot X-ray reevaluating
2024-10-14 20:38:27.953759 X-ray: No
ChatterBot Kilo reevaluating
2024-10-14 20:38:27.969670 Golf: Foxtrot and Lima, sending you 2
2024-10-14 20:38:27.970629 Alpha: Foxtrot, Lima and Golf, sending you 3
2024-10-14 20:38:27.972245 X-ray: We should drop Oscar
2024-10-14 20:38:27.986552 Lima: Yes
2024-10-14 20:38:27.986782 Foxtrot: Yes
2024-10-14 20:38:27.986969 Alpha: Yes
2024-10-14 20:38:27.987141 Golf: Yes
2024-10-14 20:38:27.987307 India: Yes
ChatterBot X-ray reevaluating
ChatterBot X-ray reevaluating
ChatterBot X-ray reevaluating
ChatterBot X-ray reevaluating
ChatterBot X-ray reevaluating
2024-10-14 20:38:28.052002 Hotel: Kilo, sending you 3
2024-10-14 20:38:28.052469 Foxtrot: Lima, Golf, India and X-ray, sending you 1
2024-10-14 20:38:28.053332 Lima: Foxtrot, Golf, India and X-ray, sending you 1
2024-10-14 20:38:28.055277 Oscar: Hotel, sending you 5
2024-10-14 20:38:28.056058 Alpha: India and X-ray, sending you 4
2024-10-14 20:38:28.056978 Golf: India and X-ray, sending you 3
2024-10-14 20:38:28.058180 X-ray: We should replace Oscar with Hotel
ChatterBot Foxtrot reevaluating
2024-10-14 20:38:28.077546 Lima: No
2024-10-14 20:38:28.077813 Foxtrot: No
2024-10-14 20:38:28.078 Alpha: No
2024-10-14 20:38:28.078178 Golf: No
2024-10-14 20:38:28.078365 India: No
ChatterBot Foxtrot reevaluating
ChatterBot X-ray reevaluating
ChatterBot X-ray reevaluating
ChatterBot Foxtrot reevaluating
ChatterBot X-ray reevaluating
ChatterBot Foxtrot reevaluating
ChatterBot X-ray reevaluating
ChatterBot Foxtrot reevaluating
ChatterBot X-ray reevaluating
2024-10-14 20:38:28.158137 Hotel: Papa and Oscar, sending you 6
2024-10-14 20:38:28.158690 Lima: Alpha, sending you 2
2024-10-14 20:38:28.159285 Oscar: Kilo, sending you 3
2024-10-14 20:38:28.159608 Golf: Alpha, sending you 4
2024-10-14 20:38:28.160731 Hotel: X-ray, sending you 2
2024-10-14 20:38:28.161688 Oscar: Papa and X-ray, sending you 4
2024-10-14 20:38:28.165783 X-ray: Hotel we want you to join our group
2024-10-14 20:38:28.168193 Hotel: No
ChatterBot X-ray reevaluating
chatterbot Alpha submitting transactions
chatterbot Kilo submitting transactions
chatterbot Oscar submitting transactions
chatterbot Hotel submitting transactions
chatterbot Papa submitting transactions
chatterbot Golf submitting transactions
chatterbot Lima submitting transactions
chatterbot Foxtrot submitting transactions
chatterbot India submitting transactions
chatterbot X-ray submitting transactions
ChatterBot Hotel round 14
ChatterBot Foxtrot round 14
ChatterBot Kilo round 14
ChatterBot Lima round 14
ChatterBot Golf round 14
ChatterBot India round 14
ChatterBot Papa round 14
ChatterBot Alpha round 14
ChatterBot Oscar round 14
ChatterBot X-ray round 14
2024-10-14 20:38:29.298311 Kilo: We should add X-ray
2024-10-14 20:38:29.307671 Hotel: Yes
2024-10-14 20:38:29.307853 Papa: Yes
2024-10-14 20:38:29.307992 Oscar: Yes
ChatterBot Kilo reevaluating
ChatterBot Kilo reevaluating
ChatterBot Kilo reevaluating
2024-10-14 20:38:29.349282 X-ray: We should replace Oscar with Papa
2024-10-14 20:38:29.362429 Lima: No
2024-10-14 20:38:29.362978 Foxtrot: No
2024-10-14 20:38:29.363130 Alpha: No
2024-10-14 20:38:29.363255 Golf: No
2024-10-14 20:38:29.363372 India: No
ChatterBot X-ray reevaluating
ChatterBot X-ray reevaluating
ChatterBot X-ray reevaluating
ChatterBot X-ray reevaluating
ChatterBot X-ray reevaluating
2024-10-14 20:38:29.437659 Foxtrot: Lima, Golf, India and X-ray, sending you 1
2024-10-14 20:38:29.439659 Kilo: X-ray we want you to join our group
ChatterBot X-ray reevaluating
2024-10-14 20:38:29.443056 X-ray: No
ChatterBot Kilo reevaluating
2024-10-14 20:38:29.452345 Foxtrot: Alpha, sending you 2
2024-10-14 20:38:29.455672 Lima: Foxtrot, Golf, India and X-ray, sending you 1
2024-10-14 20:38:29.456913 Golf: Foxtrot and Lima, sending you 2
2024-10-14 20:38:29.458088 Hotel: Kilo, sending you 4
2024-10-14 20:38:29.458531 Oscar: Sending you each 4
2024-10-14 20:38:29.460674 Hotel: Papa and Oscar, sending you 5
2024-10-14 20:38:29.462310 Lima: Alpha, sending you 2
2024-10-14 20:38:29.463056 Golf: India and X-ray, sending you 3
2024-10-14 20:38:29.464645 Hotel: X-ray, sending you 3
2024-10-14 20:38:29.466675 Golf: Alpha, sending you 4
2024-10-14 20:38:29.474659 Alpha: Foxtrot, Lima and India, sending you 3
2024-10-14 20:38:29.481155 Alpha: Golf and X-ray, sending you 4
chatterbot X-ray submitting transactions
chatterbot Kilo submitting transactions
chatterbot Golf submitting transactions
chatterbot India submitting transactions
chatterbot Oscar submitting transactions
chatterbot Foxtrot submitting transactions
chatterbot Papa submitting transactions
chatterbot Lima submitting transactions
chatterbot Hotel submitting transactions
chatterbot Alpha submitting transactions
ChatterBot Hotel round 15
ChatterBot Foxtrot round 15
ChatterBot Kilo round 15
ChatterBot Lima round 15
ChatterBot Golf round 15
ChatterBot India round 15
ChatterBot Papa round 15
ChatterBot Alpha round 15
ChatterBot Oscar round 15
ChatterBot X-ray round 15
2024-10-14 20:38:30.728272 Kilo: We should add X-ray
2024-10-14 20:38:30.740249 Hotel: Yes
2024-10-14 20:38:30.740449 Papa: Yes
2024-10-14 20:38:30.740628 Oscar: Yes
ChatterBot Kilo reevaluating
ChatterBot Kilo reevaluating
ChatterBot Kilo reevaluating
2024-10-14 20:38:30.801328 X-ray: We should replace Oscar with Hotel
2024-10-14 20:38:30.812751 Lima: No
2024-10-14 20:38:30.812928 Foxtrot: No
2024-10-14 20:38:30.813048 Alpha: No
2024-10-14 20:38:30.813165 Golf: No
2024-10-14 20:38:30.813278 India: No
ChatterBot X-ray reevaluating
ChatterBot X-ray reevaluating
ChatterBot X-ray reevaluating
ChatterBot X-ray reevaluating
ChatterBot Alpha reevaluating
ChatterBot X-ray reevaluating
2024-10-14 20:38:30.885824 Alpha: We should add Hotel
ChatterBot Lima reevaluating
ChatterBot X-ray reevaluating
2024-10-14 20:38:30.898075 Lima: Yes
2024-10-14 20:38:30.898200 Foxtrot: No
2024-10-14 20:38:30.898304 Golf: No
2024-10-14 20:38:30.898404 India: No
2024-10-14 20:38:30.898500 X-ray: Yes
ChatterBot Alpha reevaluating
ChatterBot X-ray reevaluating
ChatterBot Lima reevaluating
ChatterBot Alpha reevaluating
ChatterBot X-ray reevaluating
ChatterBot Lima reevaluating
ChatterBot Alpha reevaluating
ChatterBot X-ray reevaluating
ChatterBot Lima reevaluating
ChatterBot Alpha reevaluating
ChatterBot X-ray reevaluating
ChatterBot Lima reevaluating
ChatterBot Alpha reevaluating
2024-10-14 20:38:30.963048 Hotel: Kilo, sending you 4
2024-10-14 20:38:30.963801 X-ray: Hotel we want you to join our group
2024-10-14 20:38:30.967675 Hotel: No
ChatterBot X-ray reevaluating
ChatterBot Lima reevaluating
ChatterBot Alpha reevaluating
2024-10-14 20:38:30.987 Kilo: X-ray we want you to join our group
ChatterBot X-ray reevaluating
2024-10-14 20:38:30.990085 X-ray: No
ChatterBot Kilo reevaluating
2024-10-14 20:38:31.000388 Hotel: Papa, sending you 6
2024-10-14 20:38:31.004882 Foxtrot: Lima, Golf, India and X-ray, sending you 1
2024-10-14 20:38:31.006013 Oscar: Same as last round
2024-10-14 20:38:31.006709 Hotel: Oscar, sending you 5
2024-10-14 20:38:31.007255 Golf: Foxtrot and Lima, sending you 2
2024-10-14 20:38:31.009661 Hotel: X-ray, sending you 2
2024-10-14 20:38:31.010658 Foxtrot: Alpha, sending you 2
2024-10-14 20:38:31.012708 Golf: India and X-ray, sending you 3
2024-10-14 20:38:31.015680 Lima: Foxtrot, Golf, India and X-ray, sending you 1
2024-10-14 20:38:31.017648 Golf: Alpha, sending you 4
2024-10-14 20:38:31.020659 Lima: Alpha, sending you 2
2024-10-14 20:38:31.022683 Alpha: Foxtrot, Lima and India, sending you 3
2024-10-14 20:38:31.028664 Alpha: Golf and X-ray, sending you 4
chatterbot Hotel submitting transactions
