ChatterBot Uniform round 1
ChatterBot Hotel round 1
ChatterBot Victor round 1
ChatterBot Yankee round 1
ChatterBot Whiskey round 1
ChatterBot Juliett round 1
ChatterBot Alpha round 1
ChatterBot Tango round 1
ChatterBot Romeo round 1
ChatterBot Papa round 1
randomSelections Yankee: {Yankee, Tango, Papa, Juliett, Whiskey, Romeo} 
2024-10-14 20:38:12.295674 Yankee: Friends?
ChatterBot Tango reevaluating
ChatterBot Papa reevaluating
ChatterBot Juliett reevaluating
ChatterBot Whiskey reevaluating
ChatterBot Romeo reevaluating
2024-10-14 20:38:12.310119 Tango: Yes
2024-10-14 20:38:12.310358 Papa: Yes
2024-10-14 20:38:12.310695 Juliett: Yes
2024-10-14 20:38:12.311647 Whiskey: Yes
2024-10-14 20:38:12.311770 Romeo: Yes
ChatterBot Papa reevaluating
ChatterBot Juliett reevaluating
ChatterBot Whiskey reevaluating
ChatterBot Romeo reevaluating
ChatterBot Tango reevaluating
ChatterBot Juliett reevaluating
ChatterBot Whiskey reevaluating
ChatterBot Romeo reevaluating
ChatterBot Tango reevaluating
ChatterBot Papa reevaluating
ChatterBot Whiskey reevaluating
ChatterBot Romeo reevaluating
ChatterBot Tango reevaluating
ChatterBot Papa reevaluating
ChatterBot Juliett reevaluating
ChatterBot Romeo reevaluating
ChatterBot Tango reevaluating
ChatterBot Papa reevaluating
ChatterBot Juliett reevaluating
ChatterBot Whiskey reevaluating
randomSelections Alpha: {Alpha, Victor, Uniform, Papa, Juliett, Yankee, Romeo} 
2024-10-14 20:38:12.370350 Alpha: We should group up
ChatterBot Victor reevaluating
ChatterBot Uniform reevaluating
ChatterBot Papa reevaluating
ChatterBot Juliett reevaluating
ChatterBot Romeo reevaluating
2024-10-14 20:38:12.380836 Victor: Yes
2024-10-14 20:38:12.380973 Uniform: Yes
2024-10-14 20:38:12.381089 Papa: No
2024-10-14 20:38:12.381701 Juliett: No
2024-10-14 20:38:12.381841 Yankee: No
2024-10-14 20:38:12.381999 Romeo: No
ChatterBot Uniform reevaluating
ChatterBot Papa reevaluating
ChatterBot Juliett reevaluating
ChatterBot Romeo reevaluating
ChatterBot Victor reevaluating
ChatterBot Papa reevaluating
ChatterBot Juliett reevaluating
ChatterBot Romeo reevaluating
ChatterBot Victor reevaluating
ChatterBot Uniform reevaluating
ChatterBot Juliett reevaluating
ChatterBot Romeo reevaluating
ChatterBot Victor reevaluating
ChatterBot Uniform reevaluating
ChatterBot Papa reevaluating
ChatterBot Romeo reevaluating
ChatterBot Victor reevaluating
ChatterBot Uniform reevaluating
ChatterBot Papa reevaluating
ChatterBot Juliett reevaluating
ChatterBot Romeo reevaluating
ChatterBot Victor reevaluating
ChatterBot Uniform reevaluating
ChatterBot Papa reevaluating
ChatterBot Juliett reevaluating
randomSelections Hotel: {Hotel, Uniform, Juliett, Victor, Alpha, Romeo} 
2024-10-14 20:38:12.444788 Hotel: Group up?
ChatterBot Uniform reevaluating
ChatterBot Juliett reevaluating
ChatterBot Victor reevaluating
ChatterBot Romeo reevaluating
2024-10-14 20:38:12.450558 Uniform: No
2024-10-14 20:38:12.450694 Juliett: No
2024-10-14 20:38:12.451278 Victor: No
2024-10-14 20:38:12.451373 Alpha: No
2024-10-14 20:38:12.451471 Romeo: No
ChatterBot Juliett reevaluating
ChatterBot Victor reevaluating
ChatterBot Romeo reevaluating
ChatterBot Uniform reevaluating
ChatterBot Victor reevaluating
ChatterBot Romeo reevaluating
ChatterBot Uniform reevaluating
ChatterBot Juliett reevaluating
ChatterBot Romeo reevaluating
ChatterBot Uniform reevaluating
ChatterBot Juliett reevaluating
ChatterBot Victor reevaluating
ChatterBot Romeo reevaluating
ChatterBot Uniform reevaluating
ChatterBot Juliett reevaluating
ChatterBot Victor reevaluating
2024-10-14 20:38:12.501682 Hotel: Uniform, Victor and Romeo, sending you 4
2024-10-14 20:38:12.502517 Yankee: Whiskey, sending you 6
2024-10-14 20:38:12.502819 Alpha: Uniform, sending you 5
2024-10-14 20:38:12.504675 Hotel: Juliett and Alpha, sending you 3
2024-10-14 20:38:12.505900 Whiskey: Yankee and Juliett, sending you 3
2024-10-14 20:38:12.506260 Yankee: Juliett and Papa, sending you 3
2024-10-14 20:38:12.506666 Alpha: Victor, sending you 1
2024-10-14 20:38:12.508680 Papa: Yankee, sending you 3
2024-10-14 20:38:12.511010 Whiskey: Tango, sending you 5
2024-10-14 20:38:12.511321 Yankee: Tango and Romeo, sending you 2
2024-10-14 20:38:12.511687 Alpha: Yankee, Romeo and Papa, sending you 2
2024-10-14 20:38:12.512085 Juliett: Yankee and Romeo, sending you 2
2024-10-14 20:38:12.512911 Victor: Uniform and Alpha, sending you 1
2024-10-14 20:38:12.513264 Papa: Whiskey, sending you 4
2024-10-14 20:38:12.513697 Uniform: Victor and Papa, sending you 3
2024-10-14 20:38:12.514676 Tango: Yankee, sending you 1
2024-10-14 20:38:12.515047 Whiskey: Romeo and Papa, sending you 2
2024-10-14 20:38:12.515416 Alpha: Juliett, sending you 3
2024-10-14 20:38:12.516202 Romeo: Yankee, Whiskey, Tango and Papa, sending you 2
2024-10-14 20:38:12.516565 Juliett: Tango and Papa, sending you 1
2024-10-14 20:38:12.516915 Victor: Yankee, Romeo and Papa, sending you 3
2024-10-14 20:38:12.517273 Papa: Juliett, sending you 5
2024-10-14 20:38:12.518092 Uniform: Yankee and Juliett, sending you 1
2024-10-14 20:38:12.518707 Romeo: Juliett, sending you 5
2024-10-14 20:38:12.520713 Victor: Juliett, sending you 2
2024-10-14 20:38:12.521036 Papa: Tango and Romeo, sending you 2
chatterbot Yankee submitting transactions
chatterbot Romeo submitting transactions
chatterbot Victor submitting transactions
chatterbot Papa submitting transactions
chatterbot Hotel submitting transactions
chatterbot Uniform submitting transactions
chatterbot Alpha submitting transactions
chatterbot Whiskey submitting transactions
chatterbot Tango submitting transactions
chatterbot Juliett submitting transactions
ChatterBot Uniform round 2
ChatterBot Hotel round 2
ChatterBot Victor round 2
ChatterBot Yankee round 2
ChatterBot Whiskey round 2
ChatterBot Juliett round 2
ChatterBot Alpha round 2
ChatterBot Tango round 2
2024-10-14 20:38:13.887551 Uniform: Can we be friends?
ChatterBot Hotel reevaluating
ChatterBot Victor reevaluating
ChatterBot Alpha reevaluating
2024-10-14 20:38:13.899649 Hotel: Yes
2024-10-14 20:38:13.899944 Victor: Yes
2024-10-14 20:38:13.900687 Alpha: Yes
ChatterBot Victor reevaluating
ChatterBot Alpha reevaluating
ChatterBot Hotel reevaluating
ChatterBot Alpha reevaluating
ChatterBot Hotel reevaluating
ChatterBot Victor reevaluating
2024-10-14 20:38:13.934063 Victor: Friends?
ChatterBot Hotel reevaluating
ChatterBot Alpha reevaluating
ChatterBot Juliett reevaluating
2024-10-14 20:38:13.958481 Uniform: No
2024-10-14 20:38:13.959270 Hotel: No
2024-10-14 20:38:13.960420 Alpha: No
2024-10-14 20:38:13.960971 Juliett: No
ChatterBot Victor reevaluating
ChatterBot Hotel reevaluating
ChatterBot Alpha reevaluating
ChatterBot Juliett reevaluating
ChatterBot Victor reevaluating
ChatterBot Alpha reevaluating
ChatterBot Juliett reevaluating
ChatterBot Victor reevaluating
ChatterBot Hotel reevaluating
ChatterBot Juliett reevaluating
ChatterBot Victor reevaluating
ChatterBot Hotel reevaluating
ChatterBot Alpha reevaluating
ChatterBot Romeo round 2
ChatterBot Papa round 2
2024-10-14 20:38:14.099879 Yankee: Let's form a team
ChatterBot Juliett reevaluating
ChatterBot Romeo reevaluating
ChatterBot Papa reevaluating
ChatterBot Hotel reevaluating
ChatterBot Victor reevaluating
ChatterBot Alpha reevaluating
2024-10-14 20:38:14.132228 Whiskey: No
2024-10-14 20:38:14.132876 Juliett: No
2024-10-14 20:38:14.132987 Tango: No
2024-10-14 20:38:14.133094 Romeo: No
2024-10-14 20:38:14.133209 Papa: No
2024-10-14 20:38:14.133326 Uniform: No
2024-10-14 20:38:14.133433 Hotel: No
2024-10-14 20:38:14.133583 Victor: No
2024-10-14 20:38:14.134143 Alpha: No
ChatterBot Yankee reevaluating
ChatterBot Juliett reevaluating
ChatterBot Romeo reevaluating
ChatterBot Papa reevaluating
ChatterBot Hotel reevaluating
ChatterBot Victor reevaluating
ChatterBot Alpha reevaluating
ChatterBot Yankee reevaluating
ChatterBot Romeo reevaluating
ChatterBot Papa reevaluating
ChatterBot Hotel reevaluating
ChatterBot Victor reevaluating
ChatterBot Alpha reevaluating
ChatterBot Yankee reevaluating
ChatterBot Juliett reevaluating
ChatterBot Romeo reevaluating
ChatterBot Papa reevaluating
ChatterBot Hotel reevaluating
ChatterBot Victor reevaluating
ChatterBot Alpha reevaluating
ChatterBot Yankee reevaluating
ChatterBot Juliett reevaluating
ChatterBot Papa reevaluating
ChatterBot Hotel reevaluating
ChatterBot Victor reevaluating
ChatterBot Alpha reevaluating
ChatterBot Yankee reevaluating
ChatterBot Whiskey reevaluating
ChatterBot Juliett reevaluating
ChatterBot Romeo reevaluating
ChatterBot Hotel reevaluating
ChatterBot Victor reevaluating
ChatterBot Alpha reevaluating
ChatterBot Yankee reevaluating
ChatterBot Whiskey reevaluating
ChatterBot Juliett reevaluating
ChatterBot Romeo reevaluating
ChatterBot Papa reevaluating
ChatterBot Hotel reevaluating
ChatterBot Victor reevaluating
ChatterBot Alpha reevaluating
ChatterBot Yankee reevaluating
ChatterBot Whiskey reevaluating
ChatterBot Juliett reevaluating
ChatterBot Romeo reevaluating
ChatterBot Papa reevaluating
ChatterBot Victor reevaluating
ChatterBot Alpha reevaluating
ChatterBot Yankee reevaluating
ChatterBot Whiskey reevaluating
ChatterBot Juliett reevaluating
ChatterBot Romeo reevaluating
ChatterBot Papa reevaluating
ChatterBot Hotel reevaluating
ChatterBot Alpha reevaluating
ChatterBot Yankee reevaluating
ChatterBot Whiskey reevaluating
ChatterBot Juliett reevaluating
ChatterBot Romeo reevaluating
ChatterBot Papa reevaluating
ChatterBot Hotel reevaluating
ChatterBot Victor reevaluating
2024-10-14 20:38:14.557977 Juliett: We should drop Tango
ChatterBot Yankee reevaluating
ChatterBot Whiskey reevaluating
ChatterBot Romeo reevaluating
2024-10-14 20:38:14.575739 Yankee: No
2024-10-14 20:38:14.576001 Whiskey: Yes
2024-10-14 20:38:14.576119 Romeo: Yes
2024-10-14 20:38:14.576235 Papa: Yes
ChatterBot Whiskey reevaluating
ChatterBot Romeo reevaluating
ChatterBot Yankee reevaluating
ChatterBot Romeo reevaluating
ChatterBot Yankee reevaluating
ChatterBot Whiskey reevaluating
ChatterBot Yankee reevaluating
ChatterBot Whiskey reevaluating
ChatterBot Romeo reevaluating
2024-10-14 20:38:14.724482 Uniform: Hotel, sending you 5
chatterbot Tango submitting transactions
2024-10-14 20:38:14.828208 Uniform: Victor, sending you 1
2024-10-14 20:38:14.828640 Hotel: Sending you each 6
2024-10-14 20:38:14.828914 Alpha: Uniform, sending you 4
2024-10-14 20:38:14.829229 Victor: Uniform, sending you 6
2024-10-14 20:38:14.830045 Tango: Yankee, Romeo and Papa, sending you 2
chatterbot Uniform submitting transactions
chatterbot Juliett submitting transactions
2024-10-14 20:38:14.884642 Uniform: Alpha, sending you 7
2024-10-14 20:38:14.885282 Alpha: Hotel, sending you 6
2024-10-14 20:38:14.886420 Victor: Hotel, sending you 7
2024-10-14 20:38:14.886979 Tango: Whiskey, sending you 3
2024-10-14 20:38:14.887743 Juliett: Yankee and Whiskey, sending you 1
chatterbot Victor submitting transactions
2024-10-14 20:38:14.924120 Alpha: Victor, sending you 5
2024-10-14 20:38:14.924914 Victor: Alpha, sending you 2
2024-10-14 20:38:14.925200 Tango: Juliett, sending you 1
2024-10-14 20:38:14.925646 Juliett: Romeo and Papa, sending you 2
2024-10-14 20:38:14.926431 Papa: Yankee, sending you 5
2024-10-14 20:38:14.926751 Yankee: Victor, Whiskey and Papa, sending you 3
2024-10-14 20:38:14.959004 Romeo: Yankee, sending you 4
2024-10-14 20:38:14.959415 Papa: Whiskey and Romeo, sending you 4
2024-10-14 20:38:14.960079 Yankee: Juliett, Alpha and Romeo, sending you 2
2024-10-14 20:38:14.960448 Whiskey: Yankee, sending you 6
2024-10-14 20:38:14.965570 Romeo: Whiskey, Juliett and Papa, sending you 3
2024-10-14 20:38:14.966408 Papa: Juliett, sending you 3
2024-10-14 20:38:14.966770 Yankee: Tango, sending you 1
2024-10-14 20:38:14.967286 Whiskey: Juliett, sending you 2
2024-10-14 20:38:14.975084 Whiskey: Romeo, sending you 3
2024-10-14 20:38:14.989062 Whiskey: Papa, sending you 4
chatterbot Yankee submitting transactions
chatterbot Whiskey submitting transactions
chatterbot Hotel submitting transactions
chatterbot Papa submitting transactions
chatterbot Alpha submitting transactions
chatterbot Romeo submitting transactions
ChatterBot Uniform round 3
ChatterBot Hotel round 3
ChatterBot Victor round 3
ChatterBot Yankee round 3
ChatterBot Whiskey round 3
ChatterBot Juliett round 3
2024-10-14 20:38:15.873988 Victor: We should add Yankee
2024-10-14 20:38:15.889258 Uniform: No
2024-10-14 20:38:15.889528 Hotel: No
2024-10-14 20:38:15.889783 Alpha: No
ChatterBot Alpha round 3
ChatterBot Tango round 3
2024-10-14 20:38:15.952572 Whiskey: We should add Tango
ChatterBot Romeo reevaluating
2024-10-14 20:38:15.973167 Juliett: No
2024-10-14 20:38:15.973424 Yankee: Yes
2024-10-14 20:38:15.973990 Romeo: Yes
2024-10-14 20:38:15.974164 Papa: No
ChatterBot Yankee reevaluating
ChatterBot Romeo reevaluating
ChatterBot Juliett reevaluating
ChatterBot Romeo reevaluating
ChatterBot Juliett reevaluating
ChatterBot Yankee reevaluating
ChatterBot Papa reevaluating
ChatterBot Juliett reevaluating
ChatterBot Yankee reevaluating
ChatterBot Romeo reevaluating
ChatterBot Romeo round 3
ChatterBot Papa round 3
2024-10-14 20:38:16.071826 Victor: Yankee we want you to join our group
ChatterBot Yankee reevaluating
2024-10-14 20:38:16.077979 Yankee: No
2024-10-14 20:38:16.198304 Whiskey: Tango we want you to join our group
2024-10-14 20:38:16.205072 Tango: Yes
ChatterBot Yankee reevaluating
ChatterBot Papa reevaluating
ChatterBot Juliett reevaluating
ChatterBot Romeo reevaluating
2024-10-14 20:38:16.244639 Romeo: We should add Tango
ChatterBot Juliett reevaluating
ChatterBot Yankee reevaluating
ChatterBot Papa reevaluating
2024-10-14 20:38:16.271212 Juliett: Yes
2024-10-14 20:38:16.271558 Yankee: Yes
2024-10-14 20:38:16.271840 Whiskey: Yes
2024-10-14 20:38:16.272102 Papa: Yes
ChatterBot Yankee reevaluating
ChatterBot Romeo reevaluating
ChatterBot Papa reevaluating
ChatterBot Juliett reevaluating
ChatterBot Romeo reevaluating
ChatterBot Papa reevaluating
ChatterBot Juliett reevaluating
ChatterBot Yankee reevaluating
ChatterBot Romeo reevaluating
ChatterBot Papa reevaluating
ChatterBot Juliett reevaluating
ChatterBot Yankee reevaluating
ChatterBot Romeo reevaluating
2024-10-14 20:38:16.455920 Hotel: Uniform, sending you 5
2024-10-14 20:38:16.460815 Juliett: Tango we want you to join our group
2024-10-14 20:38:16.467701 Tango: Yes
ChatterBot Papa reevaluating
ChatterBot Juliett reevaluating
2024-10-14 20:38:16.493594 Uniform: Hotel, sending you 6
2024-10-14 20:38:16.494224 Romeo: Tango we want you to join our group
2024-10-14 20:38:16.499807 Tango: Yes
ChatterBot Juliett reevaluating
2024-10-14 20:38:16.518014 Hotel: Victor, sending you 7
2024-10-14 20:38:16.519191 Uniform: Victor and Alpha, sending you 5
2024-10-14 20:38:16.519536 Papa: Tango we want you to join our group
2024-10-14 20:38:16.523138 Tango: Yes
ChatterBot Yankee reevaluating
ChatterBot Juliett reevaluating
2024-10-14 20:38:16.548171 Whiskey: Yankee and Papa, sending you 4
2024-10-14 20:38:16.549237 Victor: Uniform, sending you 3
2024-10-14 20:38:16.550749 Hotel: Alpha, sending you 6
2024-10-14 20:38:16.551479 Tango: Yankee, sending you 3
2024-10-14 20:38:16.552832 Alpha: Sending you each 5
2024-10-14 20:38:16.553677 Whiskey: Juliett, sending you 1
2024-10-14 20:38:16.629867 Victor: Hotel, sending you 6
2024-10-14 20:38:16.630247 Tango: Whiskey, sending you 4
2024-10-14 20:38:16.630658 Whiskey: Tango and Romeo, sending you 3
chatterbot Hotel submitting transactions
2024-10-14 20:38:16.662919 Victor: Yankee, sending you 2
2024-10-14 20:38:16.663581 Tango: Juliett, Romeo and Papa, sending you 2
2024-10-14 20:38:16.664702 Papa: Yankee and Whiskey, sending you 4
2024-10-14 20:38:16.665313 Romeo: Yankee, Whiskey, Juliett and Papa, sending you 3
2024-10-14 20:38:16.666361 Victor: Alpha, sending you 4
2024-10-14 20:38:16.691826 Papa: Juliett and Romeo, sending you 3
2024-10-14 20:38:16.692450 Romeo: Tango, sending you 1
2024-10-14 20:38:16.693732 Yankee: Victor, sending you 1
2024-10-14 20:38:16.722255 Papa: Tango, sending you 2
2024-10-14 20:38:16.723193 Yankee: Whiskey and Papa, sending you 4
2024-10-14 20:38:16.723569 Juliett: Yankee, Whiskey, Tango and Papa, sending you 1
2024-10-14 20:38:16.736673 Yankee: Juliett and Tango, sending you 2
2024-10-14 20:38:16.737527 Juliett: Romeo, sending you 2
2024-10-14 20:38:16.742950 Yankee: Romeo, sending you 3
chatterbot Whiskey submitting transactions
chatterbot Uniform submitting transactions
chatterbot Victor submitting transactions
chatterbot Alpha submitting transactions
chatterbot Papa submitting transactions
chatterbot Yankee submitting transactions
chatterbot Tango submitting transactions
chatterbot Juliett submitting transactions
chatterbot Romeo submitting transactions
ChatterBot Uniform round 4
ChatterBot Hotel round 4
ChatterBot Victor round 4
ChatterBot Yankee round 4
ChatterBot Whiskey round 4
ChatterBot Juliett round 4
ChatterBot Alpha round 4
ChatterBot Tango round 4
ChatterBot Romeo round 4
ChatterBot Papa round 4
2024-10-14 20:38:17.689584 Yankee: We should drop Victor
2024-10-14 20:38:17.796648 Tango: Yes
2024-10-14 20:38:17.803611 Papa: Yes
2024-10-14 20:38:17.804667 Juliett: Yes
2024-10-14 20:38:17.805439 Whiskey: Yes
2024-10-14 20:38:17.806287 Romeo: Yes
2024-10-14 20:38:17.914672 Uniform: Hotel and Alpha, sending you 7
2024-10-14 20:38:17.921091 Uniform: Victor, sending you 4
2024-10-14 20:38:17.921906 Tango: Yankee, Juliett, Romeo and Papa, sending you 3
2024-10-14 20:38:17.922837 Juliett: Yankee, Whiskey, Tango and Papa, sending you 1
2024-10-14 20:38:17.925682 Romeo: Yankee, Whiskey, Juliett and Papa, sending you 3
2024-10-14 20:38:17.926662 Whiskey: Yankee, sending you 4
2024-10-14 20:38:17.927153 Tango: Whiskey, sending you 4
2024-10-14 20:38:17.927572 Juliett: Romeo, sending you 2
2024-10-14 20:38:17.928101 Yankee: Whiskey, sending you 5
2024-10-14 20:38:17.928559 Hotel: Uniform, sending you 6
2024-10-14 20:38:17.929668 Alpha: Same as last round
2024-10-14 20:38:17.930460 Papa: Yankee, sending you 5
2024-10-14 20:38:17.931380 Romeo: Tango, sending you 1
2024-10-14 20:38:17.932508 Whiskey: Juliett, sending you 2
2024-10-14 20:38:17.933207 Yankee: Juliett and Tango, sending you 2
2024-10-14 20:38:17.933857 Victor: Uniform, sending you 4
2024-10-14 20:38:17.934414 Hotel: Victor, sending you 7
2024-10-14 20:38:17.935252 Papa: Whiskey, sending you 4
2024-10-14 20:38:17.936687 Whiskey: Tango, Romeo and Papa, sending you 3
2024-10-14 20:38:17.937918 Yankee: Romeo, sending you 3
2024-10-14 20:38:17.938425 Victor: Hotel, sending you 6
2024-10-14 20:38:17.938888 Hotel: Alpha, sending you 5
2024-10-14 20:38:17.939504 Papa: Juliett and Tango, sending you 2
2024-10-14 20:38:17.940723 Yankee: Papa, sending you 4
2024-10-14 20:38:17.942662 Victor: Alpha, sending you 5
2024-10-14 20:38:17.943716 Papa: Romeo, sending you 3
chatterbot Hotel submitting transactions
chatterbot Victor submitting transactions
chatterbot Juliett submitting transactions
chatterbot Romeo submitting transactions
chatterbot Whiskey submitting transactions
chatterbot Alpha submitting transactions
chatterbot Uniform submitting transactions
chatterbot Papa submitting transactions
chatterbot Yankee submitting transactions
chatterbot Tango submitting transactions
ChatterBot Uniform round 5
ChatterBot Hotel round 5
ChatterBot Victor round 5
ChatterBot Yankee round 5
ChatterBot Whiskey round 5
ChatterBot Juliett round 5
ChatterBot Alpha round 5
ChatterBot Tango round 5
ChatterBot Romeo round 5
ChatterBot Papa round 5
2024-10-14 20:38:18.938686 Juliett: Yankee, Whiskey, Tango and Papa, sending you 1
2024-10-14 20:38:18.940663 Yankee: Whiskey and Papa, sending you 5
2024-10-14 20:38:18.942228 Hotel: Uniform, sending you 2
2024-10-14 20:38:18.943004 Alpha: Same as last round
2024-10-14 20:38:18.944304 Juliett: Romeo, sending you 2
2024-10-14 20:38:18.945247 Tango: Yankee and Whiskey, sending you 4
2024-10-14 20:38:18.946674 Romeo: Yankee, Whiskey, Juliett and Papa, sending you 3
2024-10-14 20:38:18.947415 Hotel: Victor and Alpha, sending you 1
2024-10-14 20:38:18.947923 Yankee: Juliett, sending you 1
2024-10-14 20:38:18.949159 Uniform: Hotel, sending you 7
2024-10-14 20:38:18.949524 Victor: Uniform, sending you 4
2024-10-14 20:38:18.950101 Tango: Juliett, Romeo and Papa, sending you 3
2024-10-14 20:38:18.951705 Romeo: Tango, sending you 1
2024-10-14 20:38:18.952364 Yankee: Tango, sending you 2
2024-10-14 20:38:18.953685 Uniform: Victor, sending you 5
2024-10-14 20:38:18.954129 Victor: Hotel, sending you 6
2024-10-14 20:38:18.954593 Whiskey: Yankee, sending you 4
2024-10-14 20:38:18.956671 Uniform: Alpha, sending you 6
2024-10-14 20:38:18.957211 Victor: Alpha, sending you 5
2024-10-14 20:38:18.958352 Yankee: Romeo, sending you 3
2024-10-14 20:38:18.959050 Papa: Yankee and Whiskey, sending you 4
2024-10-14 20:38:18.959604 Whiskey: Juliett, sending you 2
2024-10-14 20:38:18.961699 Papa: Juliett, sending you 2
2024-10-14 20:38:18.964985 Whiskey: Tango, Romeo and Papa, sending you 3
2024-10-14 20:38:18.966719 Papa: Tango and Romeo, sending you 3
chatterbot Uniform submitting transactions
chatterbot Papa submitting transactions
chatterbot Romeo submitting transactions
chatterbot Alpha submitting transactions
chatterbot Whiskey submitting transactions
chatterbot Yankee submitting transactions
chatterbot Juliett submitting transactions
chatterbot Tango submitting transactions
chatterbot Hotel submitting transactions
chatterbot Victor submitting transactions
ChatterBot Uniform round 6
ChatterBot Hotel round 6
ChatterBot Victor round 6
ChatterBot Yankee round 6
2024-10-14 20:38:20.078988 Yankee: We should add Uniform
2024-10-14 20:38:20.095677 Tango: No
2024-10-14 20:38:20.096137 Papa: No
2024-10-14 20:38:20.096567 Juliett: No
2024-10-14 20:38:20.097205 Whiskey: No
2024-10-14 20:38:20.097721 Romeo: No
ChatterBot Yankee reevaluating
ChatterBot Yankee reevaluating
ChatterBot Yankee reevaluating
ChatterBot Yankee reevaluating
ChatterBot Yankee reevaluating
ChatterBot Whiskey round 6
ChatterBot Juliett round 6
ChatterBot Alpha round 6
ChatterBot Tango round 6
ChatterBot Romeo round 6
ChatterBot Papa round 6
2024-10-14 20:38:20.188845 Victor: We should add Whiskey
2024-10-14 20:38:20.201858 Uniform: No
2024-10-14 20:38:20.202205 Hotel: No
2024-10-14 20:38:20.202695 Alpha: No
ChatterBot Victor reevaluating
ChatterBot Alpha reevaluating
ChatterBot Victor reevaluating
ChatterBot Alpha reevaluating
ChatterBot Victor reevaluating
2024-10-14 20:38:20.236668 Yankee: We should add Alpha
2024-10-14 20:38:20.251376 Tango: No
2024-10-14 20:38:20.251550 Papa: No
2024-10-14 20:38:20.251696 Juliett: No
2024-10-14 20:38:20.252262 Whiskey: No
2024-10-14 20:38:20.252372 Romeo: No
ChatterBot Yankee reevaluating
ChatterBot Yankee reevaluating
ChatterBot Yankee reevaluating
ChatterBot Yankee reevaluating
ChatterBot Yankee reevaluating
2024-10-14 20:38:20.328374 Yankee: We should add Victor
2024-10-14 20:38:20.346342 Tango: No
2024-10-14 20:38:20.346485 Papa: No
2024-10-14 20:38:20.346587 Juliett: No
2024-10-14 20:38:20.346702 Whiskey: No
2024-10-14 20:38:20.346805 Romeo: No
ChatterBot Yankee reevaluating
ChatterBot Yankee reevaluating
ChatterBot Yankee reevaluating
ChatterBot Yankee reevaluating
ChatterBot Yankee reevaluating
2024-10-14 20:38:20.433261 Victor: We should add Tango
ChatterBot Alpha reevaluating
2024-10-14 20:38:20.440743 Uniform: No
2024-10-14 20:38:20.440864 Hotel: No
2024-10-14 20:38:20.440964 Alpha: No
ChatterBot Victor reevaluating
ChatterBot Alpha reevaluating
ChatterBot Victor reevaluating
ChatterBot Alpha reevaluating
ChatterBot Victor reevaluating
2024-10-14 20:38:20.469677 Uniform: Hotel, sending you 6
2024-10-14 20:38:20.474665 Uniform: Victor, sending you 5
2024-10-14 20:38:20.477660 Papa: I was attacked by Hotel
ChatterBot Yankee reevaluating
ChatterBot Tango reevaluating
ChatterBot Juliett reevaluating
ChatterBot Whiskey reevaluating
ChatterBot Romeo reevaluating
2024-10-14 20:38:20.500217 Papa: I'm keeping this round to protect myself
2024-10-14 20:38:20.501428 Papa: Ow
2024-10-14 20:38:20.502489 Uniform: Alpha, sending you 7
2024-10-14 20:38:20.507696 Alpha: Same as last round
2024-10-14 20:38:20.508130 Hotel: Uniform, sending you 7
2024-10-14 20:38:20.508688 Yankee: Victor we want you to join our group
ChatterBot Victor reevaluating
2024-10-14 20:38:20.513139 Victor: No
ChatterBot Yankee reevaluating
ChatterBot Whiskey reevaluating
ChatterBot Juliett reevaluating
ChatterBot Tango reevaluating
ChatterBot Romeo reevaluating
2024-10-14 20:38:20.541446 Victor: We should add Juliett
2024-10-14 20:38:20.556012 Uniform: No
2024-10-14 20:38:20.556252 Hotel: No
2024-10-14 20:38:20.556453 Alpha: No
ChatterBot Victor reevaluating
ChatterBot Victor reevaluating
ChatterBot Victor reevaluating
2024-10-14 20:38:20.581127 Hotel: Victor, sending you 6
2024-10-14 20:38:20.581657 Victor: We should add Romeo
2024-10-14 20:38:20.591914 Uniform: No
2024-10-14 20:38:20.592093 Hotel: No
2024-10-14 20:38:20.592245 Alpha: No
ChatterBot Victor reevaluating
ChatterBot Victor reevaluating
ChatterBot Victor reevaluating
2024-10-14 20:38:20.614552 Hotel: Alpha, sending you 5
2024-10-14 20:38:20.617656 Juliett: Yankee, Whiskey, Tango and Papa, sending you 1
2024-10-14 20:38:20.618758 Whiskey: Yankee, sending you 4
2024-10-14 20:38:20.619300 Yankee: Whiskey and Papa, sending you 3
2024-10-14 20:38:20.621658 Juliett: Romeo, sending you 2
2024-10-14 20:38:20.623664 Whiskey: Juliett, sending you 2
2024-10-14 20:38:20.624247 Yankee: Juliett, sending you 1
2024-10-14 20:38:20.628665 Whiskey: Tango, Romeo and Papa, sending you 3
2024-10-14 20:38:20.629674 Yankee: Tango and Romeo, sending you 2
chatterbot Alpha submitting transactions
chatterbot Tango submitting transactions
chatterbot Uniform submitting transactions
chatterbot Hotel submitting transactions
chatterbot Papa submitting transactions
chatterbot Romeo submitting transactions
chatterbot Whiskey submitting transactions
chatterbot Yankee submitting transactions
chatterbot Juliett submitting transactions
chatterbot Victor submitting transactions
ChatterBot Uniform round 7
ChatterBot Hotel round 7
ChatterBot Victor round 7
ChatterBot Yankee round 7
ChatterBot Whiskey round 7
ChatterBot Juliett round 7
ChatterBot Alpha round 7
ChatterBot Tango round 7
ChatterBot Romeo round 7
ChatterBot Papa round 7
2024-10-14 20:38:21.829678 Uniform: Hotel, sending you 7
2024-10-14 20:38:21.833956 Uniform: Victor, sending you 5
2024-10-14 20:38:21.836667 Victor: Uniform, sending you 4
2024-10-14 20:38:21.838674 Uniform: Alpha, sending you 6
2024-10-14 20:38:21.839133 Alpha: Same as last round
2024-10-14 20:38:21.839671 Victor: Hotel, sending you 6
2024-10-14 20:38:21.841659 Yankee: Whiskey, sending you 5
2024-10-14 20:38:21.842896 Juliett: Yankee, Whiskey, Tango and Papa, sending you 1
2024-10-14 20:38:21.843678 Victor: Alpha, sending you 5
2024-10-14 20:38:21.844677 Hotel: I was attacked by Yankee
ChatterBot Uniform reevaluating
ChatterBot Victor reevaluating
ChatterBot Alpha reevaluating
2024-10-14 20:38:21.854731 Hotel: I'm keeping this round to protect myself
2024-10-14 20:38:21.855548 Hotel: Ow
2024-10-14 20:38:21.856561 Whiskey: Yankee, sending you 4
2024-10-14 20:38:21.857597 Juliett: Romeo, sending you 2
2024-10-14 20:38:21.858243 Yankee: Juliett, sending you 1
2024-10-14 20:38:21.860690 Whiskey: Juliett, sending you 2
2024-10-14 20:38:21.863970 Yankee: Tango and Papa, sending you 3
2024-10-14 20:38:21.864678 Whiskey: Tango, Romeo and Papa, sending you 3
2024-10-14 20:38:21.867664 Yankee: Romeo, sending you 4
chatterbot Hotel submitting transactions
chatterbot Uniform submitting transactions
chatterbot Tango submitting transactions
chatterbot Romeo submitting transactions
chatterbot Yankee submitting transactions
chatterbot Victor submitting transactions
chatterbot Papa submitting transactions
chatterbot Alpha submitting transactions
chatterbot Juliett submitting transactions
chatterbot Whiskey submitting transactions
ChatterBot Uniform round 8
ChatterBot Hotel round 8
ChatterBot Victor round 8
ChatterBot Yankee round 8
ChatterBot Whiskey round 8
ChatterBot Juliett round 8
ChatterBot Alpha round 8
ChatterBot Tango round 8
ChatterBot Romeo round 8
ChatterBot Papa round 8
2024-10-14 20:38:22.920896 Victor: We should add Tango
2024-10-14 20:38:22.932564 Uniform: No
2024-10-14 20:38:22.932733 Hotel: No
2024-10-14 20:38:22.932872 Alpha: No
ChatterBot Victor reevaluating
ChatterBot Victor reevaluating
ChatterBot Victor reevaluating
2024-10-14 20:38:23.006669 Yankee: Whiskey, sending you 5
2024-10-14 20:38:23.007964 Juliett: Yankee, Whiskey, Tango and Papa, sending you 1
2024-10-14 20:38:23.010668 Alpha: Same as last round
2024-10-14 20:38:23.013087 Yankee: Juliett, sending you 1
2024-10-14 20:38:23.013848 Uniform: Hotel, sending you 5
2024-10-14 20:38:23.014390 Juliett: Romeo, sending you 2
2024-10-14 20:38:23.015664 Victor: Uniform, sending you 5
2024-10-14 20:38:23.018138 Yankee: Tango and Papa, sending you 3
2024-10-14 20:38:23.018896 Uniform: Victor, sending you 6
2024-10-14 20:38:23.020758 Victor: Hotel, sending you 4
2024-10-14 20:38:23.021664 Yankee: Romeo, sending you 4
2024-10-14 20:38:23.022702 Whiskey: Yankee, sending you 4
2024-10-14 20:38:23.024109 Uniform: Alpha, sending you 7
2024-10-14 20:38:23.024638 Victor: Alpha, sending you 6
2024-10-14 20:38:23.028788 Whiskey: Juliett, sending you 2
2024-10-14 20:38:23.032656 Whiskey: Tango, Romeo and Papa, sending you 3
chatterbot Uniform submitting transactions
chatterbot Papa submitting transactions
chatterbot Romeo submitting transactions
chatterbot Yankee submitting transactions
chatterbot Victor submitting transactions
chatterbot Juliett submitting transactions
chatterbot Tango submitting transactions
chatterbot Hotel submitting transactions
chatterbot Alpha submitting transactions
chatterbot Whiskey submitting transactions
ChatterBot Uniform round 9
ChatterBot Hotel round 9
ChatterBot Victor round 9
ChatterBot Yankee round 9
ChatterBot Whiskey round 9
ChatterBot Juliett round 9
ChatterBot Alpha round 9
ChatterBot Tango round 9
ChatterBot Romeo round 9
ChatterBot Papa round 9
2024-10-14 20:38:24.265671 Victor: Uniform, sending you 5
2024-10-14 20:38:24.267479 Hotel: Sending you each 3
2024-10-14 20:38:24.267952 Whiskey: Yankee, sending you 4
2024-10-14 20:38:24.268658 Victor: Hotel, sending you 4
2024-10-14 20:38:24.270655 Uniform: Hotel, sending you 5
2024-10-14 20:38:24.272673 Whiskey: Juliett, sending you 2
2024-10-14 20:38:24.273673 Victor: Alpha, sending you 6
2024-10-14 20:38:24.275685 Whiskey: Tango, Romeo and Papa, sending you 3
2024-10-14 20:38:24.277198 Uniform: Victor, sending you 6
2024-10-14 20:38:24.277808 Yankee: Whiskey, sending you 5
2024-10-14 20:38:24.278794 Alpha: Same as last round
2024-10-14 20:38:24.281677 Papa: Yankee, sending you 1
2024-10-14 20:38:24.282485 Uniform: Alpha, sending you 7
2024-10-14 20:38:24.282991 Yankee: Juliett and Papa, sending you 2
2024-10-14 20:38:24.284657 Juliett: Yankee, Whiskey, Tango and Papa, sending you 1
2024-10-14 20:38:24.287922 Yankee: Tango, sending you 3
2024-10-14 20:38:24.288557 Juliett: Romeo, sending you 2
2024-10-14 20:38:24.290685 Yankee: Romeo, sending you 4
chatterbot Whiskey submitting transactions
chatterbot Papa submitting transactions
chatterbot Victor submitting transactions
chatterbot Tango submitting transactions
chatterbot Hotel submitting transactions
chatterbot Romeo submitting transactions
chatterbot Alpha submitting transactions
chatterbot Yankee submitting transactions
chatterbot Juliett submitting transactions
chatterbot Uniform submitting transactions
ChatterBot Uniform round 10
ChatterBot Hotel round 10
ChatterBot Victor round 10
ChatterBot Yankee round 10
ChatterBot Whiskey round 10
ChatterBot Juliett round 10
ChatterBot Alpha round 10
ChatterBot Tango round 10
ChatterBot Romeo round 10
ChatterBot Papa round 10
2024-10-14 20:38:25.366669 Yankee: Whiskey, sending you 5
2024-10-14 20:38:25.367542 Victor: Uniform, sending you 5
2024-10-14 20:38:25.370655 Hotel: Uniform and Alpha, sending you 5
2024-10-14 20:38:25.371653 Yankee: Juliett and Papa, sending you 2
2024-10-14 20:38:25.372439 Victor: Hotel, sending you 4
2024-10-14 20:38:25.373665 Whiskey: Yankee, sending you 5
2024-10-14 20:38:25.374447 Hotel: Victor, sending you 4
2024-10-14 20:38:25.374924 Alpha: Same as last round
2024-10-14 20:38:25.375329 Juliett: Yankee, Whiskey, Tango and Papa, sending you 1
2024-10-14 20:38:25.376632 Yankee: Tango, sending you 3
2024-10-14 20:38:25.377288 Uniform: Hotel, sending you 5
2024-10-14 20:38:25.377753 Victor: Alpha, sending you 6
2024-10-14 20:38:25.378691 Whiskey: Juliett and Papa, sending you 2
2024-10-14 20:38:25.379655 Yankee: Romeo, sending you 4
2024-10-14 20:38:25.380679 Juliett: Romeo, sending you 2
2024-10-14 20:38:25.382363 Whiskey: Tango and Romeo, sending you 3
2024-10-14 20:38:25.383378 Uniform: Victor, sending you 6
2024-10-14 20:38:25.388666 Uniform: Alpha, sending you 7
2024-10-14 20:38:25.394403 Papa: Yankee, Whiskey, Tango and Romeo, sending you 2
2024-10-14 20:38:25.398690 Papa: Juliett, sending you 1
chatterbot Victor submitting transactions
chatterbot Tango submitting transactions
chatterbot Uniform submitting transactions
chatterbot Whiskey submitting transactions
chatterbot Yankee submitting transactions
chatterbot Hotel submitting transactions
chatterbot Romeo submitting transactions
chatterbot Juliett submitting transactions
chatterbot Papa submitting transactions
chatterbot Alpha submitting transactions
ChatterBot Uniform round 11
ChatterBot Hotel round 11
ChatterBot Victor round 11
ChatterBot Yankee round 11
2024-10-14 20:38:26.480400 Yankee: We should add Uniform
ChatterBot Tango reevaluating
ChatterBot Romeo reevaluating
2024-10-14 20:38:26.501161 Tango: No
2024-10-14 20:38:26.501386 Papa: No
2024-10-14 20:38:26.501561 Juliett: No
2024-10-14 20:38:26.501776 Whiskey: No
2024-10-14 20:38:26.502315 Romeo: No
ChatterBot Yankee reevaluating
ChatterBot Romeo reevaluating
ChatterBot Yankee reevaluating
ChatterBot Tango reevaluating
ChatterBot Romeo reevaluating
ChatterBot Yankee reevaluating
ChatterBot Tango reevaluating
ChatterBot Romeo reevaluating
ChatterBot Yankee reevaluating
ChatterBot Tango reevaluating
ChatterBot Romeo reevaluating
ChatterBot Yankee reevaluating
ChatterBot Tango reevaluating
ChatterBot Whiskey round 11
ChatterBot Juliett round 11
ChatterBot Alpha round 11
ChatterBot Tango round 11
ChatterBot Romeo round 11
ChatterBot Papa round 11
2024-10-14 20:38:26.750702 Uniform: Sending you each 6
2024-10-14 20:38:26.752673 Hotel: Uniform and Victor, sending you 5
2024-10-14 20:38:26.753726 Juliett: Yankee, Whiskey, Tango and Papa, sending you 1
2024-10-14 20:38:26.756693 Hotel: Alpha, sending you 6
2024-10-14 20:38:26.758106 Victor: Uniform, sending you 5
2024-10-14 20:38:26.758626 Juliett: Romeo, sending you 2
2024-10-14 20:38:26.759518 Yankee: Whiskey, sending you 4
2024-10-14 20:38:26.761266 Papa: Yankee, sending you 3
2024-10-14 20:38:26.762078 Victor: Hotel, sending you 4
2024-10-14 20:38:26.762695 Alpha: Same as last round
2024-10-14 20:38:26.764032 Yankee: Juliett and Papa, sending you 1
2024-10-14 20:38:26.765659 Papa: Whiskey, sending you 4
2024-10-14 20:38:26.767442 Victor: Alpha, sending you 6
2024-10-14 20:38:26.769860 Yankee: Tango and Romeo, sending you 2
2024-10-14 20:38:26.771215 Papa: Juliett, Tango and Romeo, sending you 2
2024-10-14 20:38:26.773344 Whiskey: Yankee, sending you 4
2024-10-14 20:38:26.777684 Whiskey: Juliett, sending you 2
2024-10-14 20:38:26.781662 Whiskey: Tango, Romeo and Papa, sending you 3
chatterbot Tango submitting transactions
chatterbot Alpha submitting transactions
chatterbot Whiskey submitting transactions
chatterbot Uniform submitting transactions
chatterbot Romeo submitting transactions
chatterbot Papa submitting transactions
chatterbot Juliett submitting transactions
chatterbot Hotel submitting transactions
chatterbot Yankee submitting transactions
chatterbot Victor submitting transactions
ChatterBot Uniform round 12
ChatterBot Hotel round 12
ChatterBot Victor round 12
ChatterBot Yankee round 12
ChatterBot Whiskey round 12
ChatterBot Juliett round 12
ChatterBot Alpha round 12
ChatterBot Tango round 12
ChatterBot Romeo round 12
ChatterBot Papa round 12
2024-10-14 20:38:27.915109 Juliett: We should drop Papa
2024-10-14 20:38:27.923548 Yankee: No
2024-10-14 20:38:27.923710 Whiskey: No
2024-10-14 20:38:27.923817 Tango: No
2024-10-14 20:38:27.923922 Romeo: No
ChatterBot Juliett reevaluating
ChatterBot Juliett reevaluating
ChatterBot Juliett reevaluating
ChatterBot Juliett reevaluating
2024-10-14 20:38:27.962690 Yankee: Whiskey, sending you 3
2024-10-14 20:38:27.965096 Uniform: Same as last round
2024-10-14 20:38:27.966208 Hotel: Sending you each 6
2024-10-14 20:38:27.967097 Victor: Sending you each 5
2024-10-14 20:38:27.968339 Alpha: Sending you each 3
2024-10-14 20:38:27.969116 Alpha: I was attacked by Yankee
ChatterBot Uniform reevaluating
ChatterBot Hotel reevaluating
ChatterBot Victor reevaluating
2024-10-14 20:38:27.984387 Alpha: Ow
2024-10-14 20:38:27.985518 Yankee: Juliett, sending you 1
2024-10-14 20:38:27.989658 Whiskey: Yankee, sending you 4
2024-10-14 20:38:27.991007 Papa: Yankee and Whiskey, sending you 4
2024-10-14 20:38:27.992048 Yankee: Tango, Romeo and Papa, sending you 2
2024-10-14 20:38:27.993977 Whiskey: Juliett, sending you 2
2024-10-14 20:38:27.995666 Papa: Juliett, sending you 2
2024-10-14 20:38:27.998684 Whiskey: Tango, Romeo and Papa, sending you 3
2024-10-14 20:38:28.001665 Papa: Tango and Romeo, sending you 3
2024-10-14 20:38:28.003653 Juliett: Yankee, Whiskey, Tango and Papa, sending you 1
2024-10-14 20:38:28.009679 Juliett: Romeo, sending you 2
chatterbot Papa submitting transactions
chatterbot Tango submitting transactions
chatterbot Yankee submitting transactions
chatterbot Whiskey submitting transactions
chatterbot Uniform submitting transactions
chatterbot Hotel submitting transactions
chatterbot Juliett submitting transactions
chatterbot Romeo submitting transactions
chatterbot Alpha submitting transactions
chatterbot Victor submitting transactions
ChatterBot Uniform round 13
ChatterBot Hotel round 13
ChatterBot Victor round 13
ChatterBot Yankee round 13
ChatterBot Whiskey round 13
ChatterBot Juliett round 13
ChatterBot Alpha round 13
ChatterBot Tango round 13
ChatterBot Romeo round 13
ChatterBot Papa round 13
2024-10-14 20:38:29.226835 Yankee: We should drop Juliett
ChatterBot Whiskey reevaluating
ChatterBot Tango reevaluating
2024-10-14 20:38:29.246353 Whiskey: Yes
2024-10-14 20:38:29.246598 Tango: Yes
2024-10-14 20:38:29.246840 Romeo: No
2024-10-14 20:38:29.247041 Papa: No
ChatterBot Tango reevaluating
ChatterBot Romeo reevaluating
ChatterBot Papa reevaluating
ChatterBot Whiskey reevaluating
ChatterBot Romeo reevaluating
ChatterBot Papa reevaluating
ChatterBot Whiskey reevaluating
ChatterBot Tango reevaluating
ChatterBot Papa reevaluating
ChatterBot Whiskey reevaluating
ChatterBot Tango reevaluating
ChatterBot Romeo reevaluating
2024-10-14 20:38:29.318696 Uniform: Same as last round
2024-10-14 20:38:29.324671 Hotel: Same as last round
2024-10-14 20:38:29.328172 Victor: Same as last round
2024-10-14 20:38:29.329687 Papa: Yankee and Tango, sending you 4
2024-10-14 20:38:29.333668 Juliett: Yankee, Whiskey, Tango and Papa, sending you 1
2024-10-14 20:38:29.335789 Papa: Whiskey, sending you 5
2024-10-14 20:38:29.336658 Whiskey: Yankee, sending you 4
2024-10-14 20:38:29.338220 Juliett: Romeo, sending you 2
2024-10-14 20:38:29.339662 Yankee: Whiskey, sending you 5
2024-10-14 20:38:29.340927 Papa: Romeo, sending you 3
2024-10-14 20:38:29.341425 Whiskey: Juliett, sending you 2
2024-10-14 20:38:29.342653 Alpha: Uniform and Victor, sending you 3
2024-10-14 20:38:29.344679 Whiskey: Tango, Romeo and Papa, sending you 3
2024-10-14 20:38:29.346441 Yankee: Tango and Romeo, sending you 4
2024-10-14 20:38:29.348695 Alpha: Hotel, sending you 2
