ChatterBot Quebec round 1
ChatterBot Charlie round 1
ChatterBot Zulu round 1
ChatterBot Uniform round 1
ChatterBot Golf round 1
ChatterBot Sierra round 1
ChatterBot Oscar round 1
ChatterBot Mike round 1
ChatterBot Yankee round 1
ChatterBot Romeo round 1
randomSelections Quebec: {Quebec} 
randomSelections Golf: {Golf, Yankee, Charlie} 
2024-10-14 20:38:11.529915 Golf: We should group up
ChatterBot Yankee reevaluating
ChatterBot Charlie reevaluating
2024-10-14 20:38:11.583381 Yankee: Yes
2024-10-14 20:38:11.583732 Charlie: Yes
ChatterBot Charlie reevaluating
ChatterBot Yankee reevaluating
randomSelections Zulu: {Zulu, Romeo, Mike, Charlie, Yankee, Golf} 
2024-10-14 20:38:11.655335 Zulu: We should group up
ChatterBot Romeo reevaluating
ChatterBot Mike reevaluating
ChatterBot Charlie reevaluating
ChatterBot Yankee reevaluating
2024-10-14 20:38:11.675346 Romeo: Yes
2024-10-14 20:38:11.675587 Mike: Yes
2024-10-14 20:38:11.675792 Charlie: No
2024-10-14 20:38:11.676148 Yankee: No
2024-10-14 20:38:11.676521 Golf: No
ChatterBot Mike reevaluating
ChatterBot Charlie reevaluating
ChatterBot Yankee reevaluating
ChatterBot Romeo reevaluating
ChatterBot Charlie reevaluating
ChatterBot Yankee reevaluating
ChatterBot Romeo reevaluating
ChatterBot Mike reevaluating
ChatterBot Yankee reevaluating
ChatterBot Romeo reevaluating
ChatterBot Mike reevaluating
ChatterBot Charlie reevaluating
ChatterBot Romeo reevaluating
ChatterBot Mike reevaluating
ChatterBot Charlie reevaluating
ChatterBot Yankee reevaluating
randomSelections Uniform: {Uniform, Yankee, Quebec, Mike, Charlie, Golf} 
2024-10-14 20:38:11.747296 Uniform: Can we be friends?
ChatterBot Yankee reevaluating
ChatterBot Mike reevaluating
ChatterBot Charlie reevaluating
2024-10-14 20:38:11.758880 Yankee: No
2024-10-14 20:38:11.759166 Quebec: No
2024-10-14 20:38:11.759367 Mike: No
2024-10-14 20:38:11.759605 Charlie: No
2024-10-14 20:38:11.760577 Golf: No
ChatterBot Mike reevaluating
ChatterBot Charlie reevaluating
ChatterBot Yankee reevaluating
ChatterBot Mike reevaluating
ChatterBot Charlie reevaluating
ChatterBot Yankee reevaluating
ChatterBot Charlie reevaluating
ChatterBot Yankee reevaluating
ChatterBot Mike reevaluating
ChatterBot Yankee reevaluating
ChatterBot Mike reevaluating
ChatterBot Charlie reevaluating
randomSelections Oscar: {Oscar, Charlie, Romeo, Golf, Sierra, Uniform} 
2024-10-14 20:38:11.818770 Oscar: Let's form a team
ChatterBot Charlie reevaluating
ChatterBot Romeo reevaluating
ChatterBot Sierra reevaluating
2024-10-14 20:38:11.828760 Charlie: No
2024-10-14 20:38:11.828927 Romeo: No
2024-10-14 20:38:11.829046 Golf: No
2024-10-14 20:38:11.829173 Sierra: Yes
2024-10-14 20:38:11.829293 Uniform: No
ChatterBot Romeo reevaluating
ChatterBot Sierra reevaluating
ChatterBot Charlie reevaluating
ChatterBot Sierra reevaluating
ChatterBot Charlie reevaluating
ChatterBot Romeo reevaluating
ChatterBot Sierra reevaluating
ChatterBot Charlie reevaluating
ChatterBot Romeo reevaluating
ChatterBot Charlie reevaluating
ChatterBot Romeo reevaluating
ChatterBot Sierra reevaluating
2024-10-14 20:38:11.915165 Yankee: Charlie, sending you 1
2024-10-14 20:38:11.915715 Uniform: Quebec, sending you 4
2024-10-14 20:38:11.916084 Zulu: Charlie, sending you 2
2024-10-14 20:38:11.919079 Yankee: Golf, sending you 6
2024-10-14 20:38:11.919420 Uniform: Charlie, sending you 6
2024-10-14 20:38:11.919773 Zulu: Golf and Mike, sending you 5
2024-10-14 20:38:11.920066 Charlie: Golf, sending you 1
2024-10-14 20:38:11.921938 Oscar: Uniform and Romeo, sending you 2
2024-10-14 20:38:11.923165 Golf: Charlie, sending you 7
2024-10-14 20:38:11.923532 Romeo: Charlie, sending you 3
2024-10-14 20:38:11.923891 Mike: Charlie, sending you 2
2024-10-14 20:38:11.924296 Zulu: Yankee, sending you 4
2024-10-14 20:38:11.925416 Uniform: Golf, sending you 2
2024-10-14 20:38:11.925853 Sierra: Uniform, sending you 2
2024-10-14 20:38:11.926356 Charlie: Yankee, sending you 2
2024-10-14 20:38:11.927440 Golf: Yankee, sending you 9
2024-10-14 20:38:11.927864 Oscar: Golf and Sierra, sending you 1
2024-10-14 20:38:11.928248 Mike: Zulu, sending you 7
2024-10-14 20:38:11.929699 Romeo: Zulu and Golf, sending you 2
2024-10-14 20:38:11.930090 Zulu: Romeo, sending you 1
2024-10-14 20:38:11.930409 Sierra: Oscar, sending you 3
2024-10-14 20:38:11.930886 Uniform: Mike, sending you 1
2024-10-14 20:38:11.932515 Mike: Golf, sending you 4
2024-10-14 20:38:11.933733 Romeo: Mike, sending you 4
2024-10-14 20:38:11.935736 Uniform: Yankee, sending you 3
2024-10-14 20:38:11.938228 Mike: Yankee, sending you 1
2024-10-14 20:38:11.940258 Romeo: Yankee, sending you 5
2024-10-14 20:38:11.949932 Mike: Romeo, sending you 3
chatterbot Golf submitting transactions
chatterbot Zulu submitting transactions
chatterbot Oscar submitting transactions
chatterbot Romeo submitting transactions
chatterbot Quebec submitting transactions
chatterbot Charlie submitting transactions
chatterbot Sierra submitting transactions
chatterbot Mike submitting transactions
chatterbot Yankee submitting transactions
chatterbot Uniform submitting transactions
ChatterBot Quebec round 2
ChatterBot Charlie round 2
ChatterBot Zulu round 2
ChatterBot Uniform round 2
2024-10-14 20:38:12.990163 Charlie: Can we be friends?
ChatterBot Uniform reevaluating
ChatterBot Golf reevaluating
ChatterBot Yankee reevaluating
ChatterBot Zulu reevaluating
ChatterBot Mike reevaluating
ChatterBot Romeo reevaluating
2024-10-14 20:38:13.037164 Uniform: No
2024-10-14 20:38:13.037362 Golf: No
2024-10-14 20:38:13.037472 Yankee: No
2024-10-14 20:38:13.037570 Zulu: Yes
2024-10-14 20:38:13.037678 Mike: No
2024-10-14 20:38:13.037783 Romeo: No
ChatterBot Golf reevaluating
ChatterBot Yankee reevaluating
ChatterBot Zulu reevaluating
ChatterBot Mike reevaluating
ChatterBot Romeo reevaluating
ChatterBot Uniform reevaluating
ChatterBot Yankee reevaluating
ChatterBot Zulu reevaluating
ChatterBot Mike reevaluating
ChatterBot Romeo reevaluating
ChatterBot Uniform reevaluating
ChatterBot Golf reevaluating
ChatterBot Zulu reevaluating
ChatterBot Mike reevaluating
ChatterBot Romeo reevaluating
ChatterBot Uniform reevaluating
ChatterBot Golf reevaluating
ChatterBot Yankee reevaluating
ChatterBot Mike reevaluating
ChatterBot Romeo reevaluating
ChatterBot Uniform reevaluating
ChatterBot Golf reevaluating
ChatterBot Yankee reevaluating
ChatterBot Zulu reevaluating
ChatterBot Romeo reevaluating
ChatterBot Uniform reevaluating
ChatterBot Golf reevaluating
ChatterBot Yankee reevaluating
ChatterBot Zulu reevaluating
ChatterBot Mike reevaluating
ChatterBot Golf round 2
ChatterBot Sierra round 2
ChatterBot Oscar round 2
ChatterBot Mike round 2
ChatterBot Yankee round 2
ChatterBot Romeo round 2
2024-10-14 20:38:13.492832 Mike: We should group up
ChatterBot Romeo reevaluating
2024-10-14 20:38:13.510175 Zulu: Yes
2024-10-14 20:38:13.510422 Romeo: Yes
ChatterBot Romeo reevaluating
2024-10-14 20:38:13.543535 Romeo: Can we be friends?
ChatterBot Oscar reevaluating
2024-10-14 20:38:13.568715 Zulu: No
2024-10-14 20:38:13.568902 Mike: No
2024-10-14 20:38:13.569087 Oscar: Yes
ChatterBot Romeo reevaluating
ChatterBot Oscar reevaluating
ChatterBot Romeo reevaluating
ChatterBot Oscar reevaluating
ChatterBot Romeo reevaluating
ChatterBot Zulu reevaluating
2024-10-14 20:38:13.650134 Zulu: We would work well together
ChatterBot Romeo reevaluating
ChatterBot Oscar reevaluating
2024-10-14 20:38:13.759788 Romeo: Yes
2024-10-14 20:38:13.759991 Mike: No
2024-10-14 20:38:13.760240 Oscar: Yes
ChatterBot Zulu reevaluating
ChatterBot Oscar reevaluating
ChatterBot Romeo reevaluating
ChatterBot Zulu reevaluating
ChatterBot Oscar reevaluating
ChatterBot Romeo reevaluating
ChatterBot Zulu reevaluating
ChatterBot Mike reevaluating
2024-10-14 20:38:13.824043 Sierra: Can we be friends?
ChatterBot Oscar reevaluating
ChatterBot Uniform reevaluating
2024-10-14 20:38:13.836197 Oscar: No
2024-10-14 20:38:13.837183 Uniform: No
ChatterBot Uniform reevaluating
ChatterBot Sierra reevaluating
ChatterBot Oscar reevaluating
2024-10-14 20:38:13.879248 Charlie: Zulu, Mike and Romeo, sending you 2
2024-10-14 20:38:14.285150 Quebec: Sending you 9
2024-10-14 20:38:14.285398 Charlie: Uniform and Golf, sending you 3
chatterbot Charlie submitting transactions
chatterbot Golf submitting transactions
2024-10-14 20:38:14.433931 Golf: Charlie, Uniform and Romeo, sending you 2
2024-10-14 20:38:14.434784 Zulu: Oscar, sending you 3
2024-10-14 20:38:14.435103 Sierra: Charlie, sending you 6
2024-10-14 20:38:14.435386 Mike: Zulu, sending you 8
2024-10-14 20:38:14.436090 Yankee: Charlie, sending you 1
2024-10-14 20:38:14.436334 Oscar: Zulu, Mike and Romeo, sending you 1
2024-10-14 20:38:14.691767 Zulu: Mike, sending you 9
2024-10-14 20:38:14.693095 Golf: Zulu and Mike, sending you 3
2024-10-14 20:38:14.693559 Sierra: Oscar, sending you 8
2024-10-14 20:38:14.694058 Uniform: Charlie and Golf, sending you 1
2024-10-14 20:38:14.694907 Romeo: Zulu and Oscar, sending you 5
2024-10-14 20:38:14.695429 Mike: Uniform, sending you 3
2024-10-14 20:38:14.696684 Oscar: Sierra, sending you 3
2024-10-14 20:38:14.697199 Yankee: Zulu and Uniform, sending you 2
chatterbot Uniform submitting transactions
chatterbot Sierra submitting transactions
chatterbot Mike submitting transactions
2024-10-14 20:38:14.698907 Zulu: Romeo, sending you 5
2024-10-14 20:38:14.699795 Golf: Yankee, sending you 4
2024-10-14 20:38:14.700485 Uniform: Sierra and Oscar, sending you 7
2024-10-14 20:38:14.701572 Romeo: Mike, sending you 6
2024-10-14 20:38:14.701965 Mike: Romeo, sending you 6
2024-10-14 20:38:14.702295 Yankee: Golf, sending you 5
2024-10-14 20:38:14.823094 Yankee: Romeo, sending you 3
chatterbot Quebec submitting transactions
chatterbot Yankee submitting transactions
chatterbot Romeo submitting transactions
chatterbot Zulu submitting transactions
chatterbot Oscar submitting transactions
ChatterBot Quebec round 3
ChatterBot Charlie round 3
ChatterBot Zulu round 3
ChatterBot Uniform round 3
ChatterBot Golf round 3
ChatterBot Sierra round 3
ChatterBot Oscar round 3
ChatterBot Mike round 3
ChatterBot Yankee round 3
ChatterBot Romeo round 3
2024-10-14 20:38:15.295470 Sierra: We should replace Charlie with Uniform
2024-10-14 20:38:15.301050 Oscar: No
2024-10-14 20:38:15.305635 Mike: We should drop Uniform
2024-10-14 20:38:15.316580 Zulu: No
2024-10-14 20:38:15.316779 Romeo: Yes
ChatterBot Zulu reevaluating
2024-10-14 20:38:15.338558 Sierra: Uniform we want you to join our group
2024-10-14 20:38:15.344470 Uniform: No
2024-10-14 20:38:15.421841 Golf: Charlie and Zulu, sending you 3
2024-10-14 20:38:15.422873 Charlie: Zulu, sending you 1
2024-10-14 20:38:15.423497 Uniform: Quebec, sending you 8
2024-10-14 20:38:15.423977 Oscar: Zulu and Mike, sending you 1
2024-10-14 20:38:15.425840 Quebec: Sending you 11
2024-10-14 20:38:15.426122 Yankee: Charlie and Uniform, sending you 1
2024-10-14 20:38:15.426653 Golf: Uniform, Mike and Romeo, sending you 2
2024-10-14 20:38:15.428978 Uniform: Charlie and Yankee, sending you 3
2024-10-14 20:38:15.429341 Charlie: Uniform, sending you 3
2024-10-14 20:38:15.429802 Romeo: Charlie, Zulu, Golf and Yankee, sending you 3
2024-10-14 20:38:15.434401 Yankee: Zulu and Romeo, sending you 2
2024-10-14 20:38:15.434869 Sierra: Uniform and Oscar, sending you 8
2024-10-14 20:38:15.436020 Zulu: Charlie and Yankee, sending you 2
2024-10-14 20:38:15.436470 Oscar: Sierra and Romeo, sending you 2
2024-10-14 20:38:15.436801 Mike: Zulu, sending you 10
2024-10-14 20:38:15.438916 Uniform: Golf, sending you 2
2024-10-14 20:38:15.439243 Golf: Yankee, sending you 4
2024-10-14 20:38:15.439727 Charlie: Golf, sending you 4
2024-10-14 20:38:15.441660 Romeo: Mike, sending you 4
2024-10-14 20:38:15.442084 Yankee: Golf, sending you 6
2024-10-14 20:38:15.442564 Zulu: Golf, sending you 3
2024-10-14 20:38:15.447815 Mike: Romeo, sending you 7
2024-10-14 20:38:15.448236 Charlie: Mike, Yankee and Romeo, sending you 2
2024-10-14 20:38:15.503389 Zulu: Mike, sending you 6
2024-10-14 20:38:15.599375 Zulu: Romeo, sending you 4
chatterbot Yankee submitting transactions
chatterbot Golf submitting transactions
chatterbot Charlie submitting transactions
chatterbot Quebec submitting transactions
chatterbot Romeo submitting transactions
chatterbot Mike submitting transactions
chatterbot Sierra submitting transactions
chatterbot Oscar submitting transactions
chatterbot Uniform submitting transactions
chatterbot Zulu submitting transactions
ChatterBot Quebec round 4
ChatterBot Charlie round 4
ChatterBot Zulu round 4
ChatterBot Uniform round 4
ChatterBot Golf round 4
ChatterBot Sierra round 4
ChatterBot Oscar round 4
ChatterBot Mike round 4
ChatterBot Yankee round 4
ChatterBot Romeo round 4
2024-10-14 20:38:16.716190 Quebec: We should add Sierra
ChatterBot Uniform reevaluating
2024-10-14 20:38:16.726309 Uniform: Yes
2024-10-14 20:38:16.734895 Uniform: Let's form a team
ChatterBot Sierra reevaluating
2024-10-14 20:38:16.770604 Quebec: No
2024-10-14 20:38:16.770809 Sierra: Yes
2024-10-14 20:38:16.771008 Oscar: No
2024-10-14 20:38:16.771175 Charlie: No
ChatterBot Uniform reevaluating
ChatterBot Sierra reevaluating
ChatterBot Uniform reevaluating
ChatterBot Oscar reevaluating
ChatterBot Uniform reevaluating
ChatterBot Sierra reevaluating
ChatterBot Uniform reevaluating
ChatterBot Sierra reevaluating
ChatterBot Oscar reevaluating
2024-10-14 20:38:16.913373 Oscar: Friends?
ChatterBot Uniform reevaluating
ChatterBot Sierra reevaluating
2024-10-14 20:38:17.024565 Uniform: Yes
2024-10-14 20:38:17.024806 Quebec: No
2024-10-14 20:38:17.024938 Sierra: Yes
2024-10-14 20:38:17.025057 Charlie: No
ChatterBot Quebec reevaluating
ChatterBot Sierra reevaluating
ChatterBot Oscar reevaluating
ChatterBot Uniform reevaluating
ChatterBot Sierra reevaluating
ChatterBot Oscar reevaluating
ChatterBot Uniform reevaluating
ChatterBot Quebec reevaluating
ChatterBot Oscar reevaluating
ChatterBot Uniform reevaluating
ChatterBot Quebec reevaluating
ChatterBot Sierra reevaluating
ChatterBot Oscar reevaluating
2024-10-14 20:38:17.220518 Charlie: We should drop Uniform
ChatterBot Romeo reevaluating
2024-10-14 20:38:17.251119 Zulu: Yes
2024-10-14 20:38:17.251371 Romeo: Yes
2024-10-14 20:38:17.252308 Mike: Yes
2024-10-14 20:38:17.252471 Yankee: Yes
2024-10-14 20:38:17.252699 Golf: Yes
ChatterBot Romeo reevaluating
ChatterBot Zulu reevaluating
ChatterBot Zulu reevaluating
ChatterBot Romeo reevaluating
ChatterBot Zulu reevaluating
ChatterBot Romeo reevaluating
ChatterBot Zulu reevaluating
ChatterBot Romeo reevaluating
2024-10-14 20:38:17.448057 Quebec: We should add Sierra and Oscar
ChatterBot Uniform reevaluating
2024-10-14 20:38:17.458006 Uniform: Yes
ChatterBot Quebec reevaluating
2024-10-14 20:38:17.473137 Romeo: We should drop Charlie
ChatterBot Zulu reevaluating
2024-10-14 20:38:17.496308 Zulu: No
2024-10-14 20:38:17.496518 Mike: No
2024-10-14 20:38:17.496668 Golf: No
2024-10-14 20:38:17.496793 Yankee: No
ChatterBot Romeo reevaluating
ChatterBot Romeo reevaluating
ChatterBot Zulu reevaluating
ChatterBot Romeo reevaluating
ChatterBot Zulu reevaluating
ChatterBot Romeo reevaluating
ChatterBot Zulu reevaluating
2024-10-14 20:38:17.577910 Quebec: Sierra and Oscar we want you to join our group
2024-10-14 20:38:17.587374 Sierra: Yes
2024-10-14 20:38:17.587534 Oscar: Yes
ChatterBot Quebec reevaluating
2024-10-14 20:38:17.630768 Sierra: Quebec and Charlie we want you to join our group
ChatterBot Quebec reevaluating
2024-10-14 20:38:17.646844 Quebec: No
2024-10-14 20:38:17.647005 Charlie: No
ChatterBot Quebec reevaluating
chatterbot Mike submitting transactions
2024-10-14 20:38:17.684591 Romeo: We should drop Golf and Yankee
ChatterBot Zulu reevaluating
2024-10-14 20:38:17.757679 Zulu: No
2024-10-14 20:38:17.757938 Mike: No
2024-10-14 20:38:17.758114 Charlie: No
ChatterBot Romeo reevaluating
ChatterBot Romeo reevaluating
ChatterBot Zulu reevaluating
ChatterBot Romeo reevaluating
ChatterBot Zulu reevaluating
2024-10-14 20:38:17.856121 Mike: Charlie, sending you 2
2024-10-14 20:38:17.857238 Oscar: Quebec, sending you 1
2024-10-14 20:38:17.857698 Charlie: Zulu and Romeo, sending you 3
chatterbot Sierra submitting transactions
2024-10-14 20:38:17.859690 Uniform: Quebec, sending you 8
2024-10-14 20:38:17.860977 Golf: Charlie, Zulu, Mike and Romeo, sending you 3
2024-10-14 20:38:17.861699 Mike: Zulu, sending you 6
2024-10-14 20:38:17.862749 Oscar: Uniform, sending you 2
2024-10-14 20:38:17.863334 Charlie: Golf, sending you 4
2024-10-14 20:38:17.864515 Yankee: Charlie and Zulu, sending you 2
2024-10-14 20:38:17.865259 Uniform: Charlie, sending you 3
2024-10-14 20:38:17.866523 Quebec: Sierra we want you to join our group
2024-10-14 20:38:17.874958 Sierra: Yes
ChatterBot Quebec reevaluating
2024-10-14 20:38:17.891872 Golf: Yankee, sending you 4
2024-10-14 20:38:17.893245 Mike: Golf, sending you 3
2024-10-14 20:38:17.894102 Oscar: Sierra, sending you 3
2024-10-14 20:38:17.895188 Yankee: Golf, sending you 6
2024-10-14 20:38:17.896065 Charlie: Mike and Yankee, sending you 2
2024-10-14 20:38:17.897365 Uniform: Sierra, sending you 4
2024-10-14 20:38:17.899126 Mike: Yankee, sending you 1
2024-10-14 20:38:17.900021 Yankee: Romeo, sending you 3
2024-10-14 20:38:17.900707 Sierra: Quebec and Uniform, sending you 4
2024-10-14 20:38:17.901831 Uniform: Oscar, sending you 1
2024-10-14 20:38:17.902732 Zulu: Charlie, sending you 2
2024-10-14 20:38:17.904696 Mike: Romeo, sending you 5
2024-10-14 20:38:17.906154 Sierra: Charlie, sending you 3
2024-10-14 20:38:17.907887 Zulu: Golf, Yankee and Romeo, sending you 3
2024-10-14 20:38:17.911665 Sierra: Oscar, sending you 5
2024-10-14 20:38:17.912885 Zulu: Mike, sending you 6
2024-10-14 20:38:17.917659 Quebec: Uniform, sending you 12
2024-10-14 20:38:17.921675 Quebec: Sierra, sending you 2
chatterbot Golf submitting transactions
chatterbot Uniform submitting transactions
chatterbot Yankee submitting transactions
chatterbot Oscar submitting transactions
chatterbot Charlie submitting transactions
chatterbot Romeo submitting transactions
chatterbot Zulu submitting transactions
chatterbot Quebec submitting transactions
ChatterBot Quebec round 5
ChatterBot Charlie round 5
ChatterBot Zulu round 5
2024-10-14 20:38:18.734921 Quebec: We should add Oscar
2024-10-14 20:38:18.745937 Uniform: Yes
2024-10-14 20:38:18.746128 Sierra: Yes
ChatterBot Uniform round 5
ChatterBot Golf round 5
ChatterBot Sierra round 5
ChatterBot Oscar round 5
ChatterBot Mike round 5
ChatterBot Yankee round 5
ChatterBot Romeo round 5
2024-10-14 20:38:18.784692 Zulu: We should add Oscar
ChatterBot Romeo reevaluating
2024-10-14 20:38:18.879671 Romeo: No
2024-10-14 20:38:18.879982 Mike: No
2024-10-14 20:38:18.881140 Charlie: No
2024-10-14 20:38:18.881446 Yankee: No
2024-10-14 20:38:18.881747 Golf: No
ChatterBot Zulu reevaluating
ChatterBot Zulu reevaluating
ChatterBot Romeo reevaluating
ChatterBot Zulu reevaluating
ChatterBot Romeo reevaluating
ChatterBot Zulu reevaluating
ChatterBot Romeo reevaluating
ChatterBot Zulu reevaluating
ChatterBot Romeo reevaluating
2024-10-14 20:38:18.985 Quebec: Oscar we want you to join our group
2024-10-14 20:38:18.988157 Oscar: Yes
2024-10-14 20:38:19.029709 Romeo: We should drop Yankee
ChatterBot Zulu reevaluating
ChatterBot Golf reevaluating
2024-10-14 20:38:19.050207 Zulu: No
2024-10-14 20:38:19.050860 Mike: No
2024-10-14 20:38:19.051129 Charlie: No
2024-10-14 20:38:19.051307 Golf: Yes
ChatterBot Romeo reevaluating
ChatterBot Golf reevaluating
ChatterBot Romeo reevaluating
ChatterBot Zulu reevaluating
ChatterBot Golf reevaluating
ChatterBot Romeo reevaluating
ChatterBot Zulu reevaluating
ChatterBot Golf reevaluating
ChatterBot Romeo reevaluating
ChatterBot Zulu reevaluating
2024-10-14 20:38:19.122211 Quebec: Uniform, sending you 9
2024-10-14 20:38:19.122782 Mike: Charlie, sending you 2
2024-10-14 20:38:19.123564 Charlie: Zulu and Yankee, sending you 3
2024-10-14 20:38:19.124778 Uniform: Quebec, sending you 8
2024-10-14 20:38:19.125197 Sierra: Quebec, Charlie, Uniform and Oscar, sending you 4
2024-10-14 20:38:19.125753 Yankee: Charlie and Zulu, sending you 2
2024-10-14 20:38:19.127842 Golf: We should drop Romeo
ChatterBot Zulu reevaluating
2024-10-14 20:38:19.150897 Zulu: No
2024-10-14 20:38:19.151112 Mike: No
2024-10-14 20:38:19.151258 Charlie: No
2024-10-14 20:38:19.151384 Yankee: No
ChatterBot Golf reevaluating
ChatterBot Golf reevaluating
ChatterBot Zulu reevaluating
ChatterBot Golf reevaluating
ChatterBot Zulu reevaluating
ChatterBot Golf reevaluating
ChatterBot Zulu reevaluating
2024-10-14 20:38:19.216726 Mike: Zulu, sending you 6
2024-10-14 20:38:19.217339 Quebec: Sierra, sending you 3
2024-10-14 20:38:19.217739 Charlie: Golf, sending you 4
2024-10-14 20:38:19.218813 Uniform: Charlie and Oscar, sending you 2
2024-10-14 20:38:19.219228 Yankee: Golf, sending you 5
2024-10-14 20:38:19.220680 Quebec: Oscar, sending you 2
2024-10-14 20:38:19.221687 Mike: Golf, sending you 3
2024-10-14 20:38:19.222561 Oscar: Quebec, sending you 1
2024-10-14 20:38:19.222921 Charlie: Mike and Romeo, sending you 2
2024-10-14 20:38:19.223405 Uniform: Sierra, sending you 4
2024-10-14 20:38:19.223770 Yankee: Mike, sending you 1
2024-10-14 20:38:19.224693 Mike: Yankee, sending you 1
2024-10-14 20:38:19.226683 Oscar: Uniform, sending you 2
2024-10-14 20:38:19.228665 Yankee: Romeo, sending you 3
2024-10-14 20:38:19.229698 Mike: Romeo, sending you 5
2024-10-14 20:38:19.230870 Oscar: Sierra, sending you 3
2024-10-14 20:38:19.231679 Golf: Charlie, Zulu, Mike and Romeo, sending you 3
2024-10-14 20:38:19.235700 Golf: Yankee, sending you 4
2024-10-14 20:38:19.237059 Romeo: Charlie, Zulu, Golf and Mike, sending you 4
2024-10-14 20:38:19.243673 Zulu: Charlie, Golf, Yankee and Romeo, sending you 3
2024-10-14 20:38:19.248823 Zulu: Mike, sending you 5
chatterbot Uniform submitting transactions
chatterbot Romeo submitting transactions
chatterbot Quebec submitting transactions
chatterbot Oscar submitting transactions
chatterbot Sierra submitting transactions
chatterbot Yankee submitting transactions
chatterbot Mike submitting transactions
chatterbot Charlie submitting transactions
chatterbot Zulu submitting transactions
chatterbot Golf submitting transactions
ChatterBot Quebec round 6
ChatterBot Charlie round 6
ChatterBot Zulu round 6
ChatterBot Uniform round 6
ChatterBot Golf round 6
ChatterBot Sierra round 6
ChatterBot Oscar round 6
ChatterBot Mike round 6
ChatterBot Yankee round 6
ChatterBot Romeo round 6
2024-10-14 20:38:20.449261 Oscar: We should replace Charlie with Romeo
2024-10-14 20:38:20.459130 Quebec: No
2024-10-14 20:38:20.459329 Uniform: No
2024-10-14 20:38:20.459477 Sierra: No
ChatterBot Sierra reevaluating
ChatterBot Sierra reevaluating
ChatterBot Oscar reevaluating
ChatterBot Oscar reevaluating
2024-10-14 20:38:20.496880 Zulu: Charlie, Golf, Yankee and Romeo, sending you 3
2024-10-14 20:38:20.500727 Quebec: Uniform, sending you 9
2024-10-14 20:38:20.502122 Zulu: Mike, sending you 5
2024-10-14 20:38:20.502678 Mike: Charlie, sending you 2
2024-10-14 20:38:20.503709 Yankee: Charlie and Romeo, sending you 2
2024-10-14 20:38:20.505292 Charlie: Zulu and Romeo, sending you 3
2024-10-14 20:38:20.505958 Quebec: Sierra, sending you 3
2024-10-14 20:38:20.506375 Mike: Zulu, sending you 6
2024-10-14 20:38:20.508666 Charlie: Golf, sending you 4
2024-10-14 20:38:20.510047 Quebec: Oscar, sending you 2
2024-10-14 20:38:20.510391 Yankee: Zulu, sending you 3
2024-10-14 20:38:20.511146 Sierra: Sending you each 4
2024-10-14 20:38:20.512012 Mike: Golf, sending you 3
2024-10-14 20:38:20.512887 Golf: Charlie, Zulu, Mike and Romeo, sending you 3
2024-10-14 20:38:20.514234 Charlie: Mike and Yankee, sending you 2
2024-10-14 20:38:20.514839 Oscar: Quebec, sending you 1
2024-10-14 20:38:20.515234 Yankee: Golf, sending you 5
2024-10-14 20:38:20.515740 Uniform: Quebec, sending you 9
2024-10-14 20:38:20.516715 Mike: Yankee, sending you 1
2024-10-14 20:38:20.517683 Oscar: Uniform, sending you 2
2024-10-14 20:38:20.518822 Golf: Yankee, sending you 4
2024-10-14 20:38:20.519667 Yankee: Mike, sending you 1
2024-10-14 20:38:20.520470 Uniform: Charlie, sending you 1
2024-10-14 20:38:20.521669 Romeo: Charlie, Zulu, Golf and Mike, sending you 4
2024-10-14 20:38:20.522244 Mike: Romeo, sending you 5
2024-10-14 20:38:20.523368 Oscar: Sierra, sending you 3
2024-10-14 20:38:20.523771 Uniform: Sierra, sending you 4
2024-10-14 20:38:20.527695 Uniform: Oscar, sending you 2
chatterbot Zulu submitting transactions
chatterbot Sierra submitting transactions
chatterbot Quebec submitting transactions
chatterbot Romeo submitting transactions
chatterbot Yankee submitting transactions
chatterbot Golf submitting transactions
chatterbot Mike submitting transactions
chatterbot Charlie submitting transactions
chatterbot Uniform submitting transactions
chatterbot Oscar submitting transactions
ChatterBot Quebec round 7
ChatterBot Charlie round 7
ChatterBot Zulu round 7
ChatterBot Uniform round 7
ChatterBot Golf round 7
ChatterBot Sierra round 7
ChatterBot Oscar round 7
ChatterBot Mike round 7
ChatterBot Yankee round 7
ChatterBot Romeo round 7
2024-10-14 20:38:21.766824 Quebec: Uniform, sending you 9
2024-10-14 20:38:21.769676 Golf: Charlie, Zulu, Mike and Romeo, sending you 3
2024-10-14 20:38:21.771097 Charlie: Zulu and Romeo, sending you 3
2024-10-14 20:38:21.772298 Quebec: Sierra, sending you 3
2024-10-14 20:38:21.772740 Yankee: Charlie and Romeo, sending you 2
2024-10-14 20:38:21.774673 Charlie: Golf, sending you 4
2024-10-14 20:38:21.776121 Sierra: Same as last round
2024-10-14 20:38:21.776735 Golf: Yankee, sending you 4
2024-10-14 20:38:21.777659 Quebec: Oscar, sending you 2
2024-10-14 20:38:21.778004 Mike: Charlie and Golf, sending you 3
2024-10-14 20:38:21.778455 Yankee: Zulu, sending you 3
2024-10-14 20:38:21.780177 Charlie: Mike and Yankee, sending you 2
2024-10-14 20:38:21.782665 Zulu: Charlie, Golf, Yankee and Romeo, sending you 3
2024-10-14 20:38:21.784094 Mike: Zulu, sending you 6
2024-10-14 20:38:21.784973 Yankee: Golf, sending you 5
2024-10-14 20:38:21.785569 Oscar: Quebec, sending you 1
2024-10-14 20:38:21.786764 Uniform: Quebec, sending you 9
2024-10-14 20:38:21.788663 Zulu: Mike, sending you 5
2024-10-14 20:38:21.790396 Mike: Yankee, sending you 1
2024-10-14 20:38:21.791219 Yankee: Mike, sending you 1
2024-10-14 20:38:21.792611 Oscar: Uniform, sending you 2
2024-10-14 20:38:21.793077 Uniform: Sierra, sending you 4
2024-10-14 20:38:21.793610 Romeo: Same as last round
2024-10-14 20:38:21.795639 Mike: Romeo, sending you 4
2024-10-14 20:38:21.796171 Oscar: Sierra, sending you 3
2024-10-14 20:38:21.796417 Uniform: Oscar, sending you 3
chatterbot Sierra submitting transactions
chatterbot Uniform submitting transactions
chatterbot Quebec submitting transactions
chatterbot Charlie submitting transactions
chatterbot Romeo submitting transactions
chatterbot Zulu submitting transactions
chatterbot Mike submitting transactions
chatterbot Oscar submitting transactions
chatterbot Yankee submitting transactions
chatterbot Golf submitting transactions
ChatterBot Quebec round 8
ChatterBot Charlie round 8
ChatterBot Zulu round 8
ChatterBot Uniform round 8
ChatterBot Golf round 8
ChatterBot Sierra round 8
ChatterBot Oscar round 8
ChatterBot Mike round 8
ChatterBot Yankee round 8
ChatterBot Romeo round 8
2024-10-14 20:38:23.052680 Zulu: Charlie and Golf, sending you 3
2024-10-14 20:38:23.054993 Mike: Charlie and Golf, sending you 3
2024-10-14 20:38:23.055967 Zulu: Mike, sending you 5
2024-10-14 20:38:23.057895 Charlie: Zulu and Romeo, sending you 3
2024-10-14 20:38:23.059654 Mike: Zulu, sending you 6
2024-10-14 20:38:23.060571 Zulu: Yankee, sending you 2
2024-10-14 20:38:23.061185 Golf: Charlie, Zulu, Mike and Romeo, sending you 3
2024-10-14 20:38:23.061764 Charlie: Golf, sending you 4
2024-10-14 20:38:23.062332 Sierra: Same as last round
2024-10-14 20:38:23.062735 Quebec: Uniform, sending you 9
2024-10-14 20:38:23.063500 Mike: Yankee, sending you 1
2024-10-14 20:38:23.064662 Zulu: Romeo, sending you 4
2024-10-14 20:38:23.065143 Golf: Yankee, sending you 4
2024-10-14 20:38:23.065641 Uniform: Quebec, sending you 9
2024-10-14 20:38:23.065934 Oscar: Sending you each 2
2024-10-14 20:38:23.066189 Quebec: Sierra, sending you 3
2024-10-14 20:38:23.066688 Charlie: Mike and Yankee, sending you 2
2024-10-14 20:38:23.070192 Yankee: Charlie, sending you 2
2024-10-14 20:38:23.071957 Mike: Romeo, sending you 4
2024-10-14 20:38:23.072962 Uniform: Sierra, sending you 4
2024-10-14 20:38:23.073440 Quebec: Oscar, sending you 2
2024-10-14 20:38:23.075659 Uniform: Oscar, sending you 3
2024-10-14 20:38:23.076717 Yankee: Zulu, sending you 3
2024-10-14 20:38:23.078676 Romeo: Same as last round
2024-10-14 20:38:23.079689 Yankee: Golf, sending you 6
2024-10-14 20:38:23.087676 Yankee: Mike and Romeo, sending you 1
chatterbot Golf submitting transactions
chatterbot Zulu submitting transactions
chatterbot Quebec submitting transactions
chatterbot Mike submitting transactions
chatterbot Charlie submitting transactions
chatterbot Uniform submitting transactions
chatterbot Romeo submitting transactions
chatterbot Yankee submitting transactions
chatterbot Sierra submitting transactions
chatterbot Oscar submitting transactions
ChatterBot Quebec round 9
ChatterBot Charlie round 9
ChatterBot Zulu round 9
ChatterBot Uniform round 9
ChatterBot Golf round 9
ChatterBot Sierra round 9
ChatterBot Oscar round 9
ChatterBot Mike round 9
ChatterBot Yankee round 9
ChatterBot Romeo round 9
2024-10-14 20:38:24.272566 Oscar: We should add Charlie
2024-10-14 20:38:24.279742 Quebec: No
2024-10-14 20:38:24.279908 Uniform: No
2024-10-14 20:38:24.280044 Sierra: No
ChatterBot Sierra reevaluating
ChatterBot Oscar reevaluating
ChatterBot Sierra reevaluating
ChatterBot Oscar reevaluating
ChatterBot Oscar reevaluating
2024-10-14 20:38:24.319487 Sierra: We should replace Romeo with Yankee
ChatterBot Oscar reevaluating
2024-10-14 20:38:24.331172 Quebec: No
2024-10-14 20:38:24.331333 Uniform: No
2024-10-14 20:38:24.331476 Oscar: Yes
ChatterBot Sierra reevaluating
ChatterBot Oscar reevaluating
ChatterBot Sierra reevaluating
ChatterBot Oscar reevaluating
ChatterBot Uniform reevaluating
ChatterBot Sierra reevaluating
2024-10-14 20:38:24.372811 Sierra: Yankee we want you to join our group
2024-10-14 20:38:24.375951 Yankee: No
ChatterBot Sierra reevaluating
ChatterBot Uniform reevaluating
ChatterBot Oscar reevaluating
2024-10-14 20:38:24.389942 Sierra: We should replace Romeo with Mike
ChatterBot Uniform reevaluating
ChatterBot Oscar reevaluating
2024-10-14 20:38:24.399033 Quebec: No
2024-10-14 20:38:24.399201 Uniform: No
2024-10-14 20:38:24.399359 Oscar: No
ChatterBot Uniform reevaluating
ChatterBot Sierra reevaluating
ChatterBot Oscar reevaluating
ChatterBot Sierra reevaluating
ChatterBot Oscar reevaluating
ChatterBot Uniform reevaluating
ChatterBot Sierra reevaluating
2024-10-14 20:38:24.439673 Quebec: Uniform, sending you 9
2024-10-14 20:38:24.440166 Yankee: Charlie and Zulu, sending you 3
2024-10-14 20:38:24.440974 Golf: Charlie, Zulu, Mike and Romeo, sending you 3
2024-10-14 20:38:24.442052 Zulu: Charlie and Golf, sending you 3
2024-10-14 20:38:24.442694 Romeo: Same as last round
2024-10-14 20:38:24.443076 Charlie: Zulu, Golf, Mike and Romeo, sending you 3
2024-10-14 20:38:24.443709 Mike: Charlie and Golf, sending you 3
2024-10-14 20:38:24.444834 Yankee: Golf, sending you 5
2024-10-14 20:38:24.445429 Quebec: Sierra, sending you 3
2024-10-14 20:38:24.445826 Golf: Yankee, sending you 4
2024-10-14 20:38:24.447067 Charlie: Yankee, sending you 2
2024-10-14 20:38:24.447672 Zulu: Mike, sending you 5
2024-10-14 20:38:24.448694 Yankee: Mike and Romeo, sending you 1
2024-10-14 20:38:24.450126 Quebec: Oscar, sending you 2
2024-10-14 20:38:24.450635 Mike: Zulu, sending you 5
2024-10-14 20:38:24.451553 Zulu: Yankee, sending you 2
2024-10-14 20:38:24.453703 Mike: Yankee, sending you 2
2024-10-14 20:38:24.456725 Zulu: Romeo, sending you 4
2024-10-14 20:38:24.458214 Mike: Romeo, sending you 4
2024-10-14 20:38:24.465747 Sierra: Sending you each 4
2024-10-14 20:38:24.467676 Uniform: Quebec, sending you 9
2024-10-14 20:38:24.468179 Oscar: Quebec and Yankee, sending you 1
2024-10-14 20:38:24.471687 Oscar: Uniform and Sierra, sending you 2
2024-10-14 20:38:24.472716 Uniform: Sierra, sending you 4
2024-10-14 20:38:24.476696 Uniform: Oscar, sending you 3
chatterbot Charlie submitting transactions
chatterbot Quebec submitting transactions
chatterbot Uniform submitting transactions
chatterbot Yankee submitting transactions
chatterbot Zulu submitting transactions
chatterbot Golf submitting transactions
chatterbot Romeo submitting transactions
chatterbot Mike submitting transactions
chatterbot Sierra submitting transactions
chatterbot Oscar submitting transactions
ChatterBot Quebec round 10
ChatterBot Charlie round 10
ChatterBot Zulu round 10
ChatterBot Uniform round 10
ChatterBot Golf round 10
ChatterBot Sierra round 10
ChatterBot Oscar round 10
ChatterBot Mike round 10
ChatterBot Yankee round 10
ChatterBot Romeo round 10
2024-10-14 20:38:25.411313 Sierra: We should replace Yankee with Mike
ChatterBot Oscar reevaluating
2024-10-14 20:38:25.419487 Quebec: No
2024-10-14 20:38:25.419645 Uniform: No
2024-10-14 20:38:25.419793 Oscar: No
ChatterBot Uniform reevaluating
ChatterBot Sierra reevaluating
ChatterBot Oscar reevaluating
ChatterBot Sierra reevaluating
ChatterBot Oscar reevaluating
ChatterBot Uniform reevaluating
ChatterBot Sierra reevaluating
2024-10-14 20:38:25.461337 Zulu: Charlie, Golf and Yankee, sending you 3
2024-10-14 20:38:25.462684 Charlie: Zulu, Golf, Mike and Romeo, sending you 3
2024-10-14 20:38:25.466702 Zulu: Mike and Romeo, sending you 4
2024-10-14 20:38:25.467903 Charlie: Yankee, sending you 2
2024-10-14 20:38:25.469710 Golf: Charlie, Zulu, Mike and Romeo, sending you 3
2024-10-14 20:38:25.471717 Uniform: Quebec, sending you 9
2024-10-14 20:38:25.472686 Romeo: Same as last round
2024-10-14 20:38:25.473899 Oscar: Quebec and Mike, sending you 1
2024-10-14 20:38:25.474441 Golf: Yankee, sending you 4
2024-10-14 20:38:25.476704 Uniform: Sierra, sending you 4
2024-10-14 20:38:25.477606 Oscar: Uniform and Sierra, sending you 2
2024-10-14 20:38:25.478723 Sierra: Same as last round
2024-10-14 20:38:25.479703 Quebec: Uniform, sending you 9
2024-10-14 20:38:25.480669 Yankee: Charlie and Zulu, sending you 3
2024-10-14 20:38:25.481383 Uniform: Oscar, sending you 3
2024-10-14 20:38:25.482693 Quebec: Sierra, sending you 3
2024-10-14 20:38:25.483676 Mike: Charlie and Golf, sending you 3
2024-10-14 20:38:25.484567 Yankee: Golf, sending you 5
2024-10-14 20:38:25.487300 Mike: Zulu, sending you 5
2024-10-14 20:38:25.488181 Quebec: Oscar, sending you 2
2024-10-14 20:38:25.489142 Yankee: Mike and Romeo, sending you 1
2024-10-14 20:38:25.492660 Mike: Yankee, sending you 2
2024-10-14 20:38:25.496927 Mike: Romeo, sending you 4
chatterbot Oscar submitting transactions
chatterbot Charlie submitting transactions
chatterbot Sierra submitting transactions
chatterbot Romeo submitting transactions
chatterbot Golf submitting transactions
chatterbot Zulu submitting transactions
chatterbot Mike submitting transactions
chatterbot Yankee submitting transactions
chatterbot Quebec submitting transactions
chatterbot Uniform submitting transactions
ChatterBot Quebec round 11
ChatterBot Charlie round 11
ChatterBot Zulu round 11
ChatterBot Uniform round 11
ChatterBot Golf round 11
ChatterBot Sierra round 11
ChatterBot Oscar round 11
ChatterBot Mike round 11
ChatterBot Yankee round 11
ChatterBot Romeo round 11
2024-10-14 20:38:26.786674 Oscar: Quebec and Mike, sending you 1
2024-10-14 20:38:26.787740 Zulu: Charlie, Golf and Yankee, sending you 3
2024-10-14 20:38:26.789833 Sierra: Same as last round
2024-10-14 20:38:26.790649 Mike: Charlie and Golf, sending you 3
2024-10-14 20:38:26.792703 Oscar: Uniform and Sierra, sending you 2
2024-10-14 20:38:26.794330 Zulu: Mike and Romeo, sending you 4
2024-10-14 20:38:26.795841 Uniform: Quebec, sending you 9
2024-10-14 20:38:26.797108 Golf: Charlie, Zulu, Mike and Romeo, sending you 3
2024-10-14 20:38:26.798413 Mike: Zulu, sending you 5
2024-10-14 20:38:26.800106 Charlie: Zulu, Golf, Mike and Romeo, sending you 3
2024-10-14 20:38:26.801317 Quebec: Uniform, sending you 9
2024-10-14 20:38:26.801906 Golf: Yankee, sending you 4
2024-10-14 20:38:26.803429 Uniform: Sierra, sending you 4
2024-10-14 20:38:26.804018 Romeo: Same as last round
2024-10-14 20:38:26.804726 Mike: Yankee, sending you 2
2024-10-14 20:38:26.805675 Yankee: Charlie and Mike, sending you 2
2024-10-14 20:38:26.806955 Charlie: Yankee, sending you 2
2024-10-14 20:38:26.808251 Quebec: Sierra, sending you 3
2024-10-14 20:38:26.808799 Uniform: Oscar, sending you 3
2024-10-14 20:38:26.809864 Mike: Romeo, sending you 4
2024-10-14 20:38:26.810982 Yankee: Zulu, sending you 3
2024-10-14 20:38:26.813675 Quebec: Oscar, sending you 2
2024-10-14 20:38:26.815699 Yankee: Golf, sending you 5
2024-10-14 20:38:26.821660 Yankee: Romeo, sending you 1
chatterbot Zulu submitting transactions
chatterbot Yankee submitting transactions
chatterbot Oscar submitting transactions
chatterbot Mike submitting transactions
chatterbot Charlie submitting transactions
chatterbot Romeo submitting transactions
chatterbot Sierra submitting transactions
chatterbot Golf submitting transactions
chatterbot Uniform submitting transactions
chatterbot Quebec submitting transactions
ChatterBot Quebec round 12
ChatterBot Charlie round 12
ChatterBot Zulu round 12
ChatterBot Uniform round 12
ChatterBot Golf round 12
ChatterBot Sierra round 12
ChatterBot Oscar round 12
ChatterBot Mike round 12
ChatterBot Yankee round 12
ChatterBot Romeo round 12
2024-10-14 20:38:28.044667 Uniform: Quebec, sending you 9
2024-10-14 20:38:28.045668 Zulu: Charlie, Golf and Yankee, sending you 3
2024-10-14 20:38:28.046590 Sierra: Same as last round
2024-10-14 20:38:28.048089 Charlie: Zulu, Golf, Mike and Romeo, sending you 3
2024-10-14 20:38:28.049328 Romeo: Same as last round
2024-10-14 20:38:28.049773 Oscar: Sending you each 2
2024-10-14 20:38:28.050416 Uniform: Sierra, sending you 4
2024-10-14 20:38:28.050974 Zulu: Mike and Romeo, sending you 4
2024-10-14 20:38:28.052698 Yankee: Charlie and Mike, sending you 2
2024-10-14 20:38:28.054977 Charlie: Yankee, sending you 2
2024-10-14 20:38:28.056618 Uniform: Oscar, sending you 3
2024-10-14 20:38:28.058685 Yankee: Zulu, sending you 3
2024-10-14 20:38:28.060652 Quebec: Uniform, sending you 9
2024-10-14 20:38:28.061786 Golf: Charlie, Zulu, Mike and Romeo, sending you 3
2024-10-14 20:38:28.063061 Mike: Charlie and Golf, sending you 3
2024-10-14 20:38:28.065647 Yankee: Golf, sending you 6
2024-10-14 20:38:28.066921 Golf: Yankee, sending you 4
2024-10-14 20:38:28.067816 Quebec: Sierra, sending you 3
2024-10-14 20:38:28.068661 Mike: Zulu, sending you 5
2024-10-14 20:38:28.072152 Quebec: Oscar, sending you 2
2024-10-14 20:38:28.074668 Mike: Yankee, sending you 2
2024-10-14 20:38:28.080667 Mike: Romeo, sending you 4
chatterbot Golf submitting transactions
chatterbot Romeo submitting transactions
chatterbot Mike submitting transactions
chatterbot Sierra submitting transactions
chatterbot Charlie submitting transactions
chatterbot Zulu submitting transactions
chatterbot Yankee submitting transactions
chatterbot Uniform submitting transactions
chatterbot Quebec submitting transactions
chatterbot Oscar submitting transactions
ChatterBot Quebec round 13
ChatterBot Charlie round 13
ChatterBot Zulu round 13
ChatterBot Uniform round 13
ChatterBot Golf round 13
ChatterBot Sierra round 13
ChatterBot Oscar round 13
ChatterBot Mike round 13
ChatterBot Yankee round 13
ChatterBot Romeo round 13
2024-10-14 20:38:29.269286 Sierra: We should replace Yankee with Golf
ChatterBot Uniform reevaluating
ChatterBot Oscar reevaluating
2024-10-14 20:38:29.281450 Quebec: No
2024-10-14 20:38:29.281685 Uniform: No
2024-10-14 20:38:29.281885 Oscar: No
ChatterBot Uniform reevaluating
ChatterBot Oscar reevaluating
ChatterBot Oscar reevaluating
