ChatterBot Romeo round 1
ChatterBot Lima round 1
ChatterBot Victor round 1
ChatterBot Zulu round 1
ChatterBot Whiskey round 1
ChatterBot Tango round 1
ChatterBot Alpha round 1
ChatterBot Foxtrot round 1
ChatterBot Sierra round 1
ChatterBot Echo round 1
randomSelections Lima: {Lima, Whiskey, Echo, Sierra} 
2024-10-14 20:38:12.021918 Lima: Group up?
ChatterBot Whiskey reevaluating
ChatterBot Echo reevaluating
ChatterBot Sierra reevaluating
2024-10-14 20:38:12.075443 Whiskey: Yes
2024-10-14 20:38:12.075812 Echo: Yes
2024-10-14 20:38:12.076729 Sierra: Yes
ChatterBot Echo reevaluating
ChatterBot Sierra reevaluating
ChatterBot Whiskey reevaluating
ChatterBot Sierra reevaluating
ChatterBot Whiskey reevaluating
ChatterBot Echo reevaluating
randomSelections Romeo: {Romeo, Echo, Zulu, Alpha, Foxtrot} 
2024-10-14 20:38:12.106325 Romeo: Can we be friends?
ChatterBot Echo reevaluating
ChatterBot Zulu reevaluating
ChatterBot Alpha reevaluating
ChatterBot Foxtrot reevaluating
2024-10-14 20:38:12.118675 Echo: No
2024-10-14 20:38:12.119095 Zulu: Yes
2024-10-14 20:38:12.120058 Alpha: Yes
2024-10-14 20:38:12.120288 Foxtrot: Yes
ChatterBot Zulu reevaluating
ChatterBot Alpha reevaluating
ChatterBot Foxtrot reevaluating
ChatterBot Echo reevaluating
ChatterBot Alpha reevaluating
ChatterBot Foxtrot reevaluating
ChatterBot Echo reevaluating
ChatterBot Zulu reevaluating
ChatterBot Foxtrot reevaluating
ChatterBot Echo reevaluating
ChatterBot Zulu reevaluating
ChatterBot Alpha reevaluating
randomSelections Victor: {Victor, Lima, Echo, Tango, Romeo, Foxtrot, Alpha} 
2024-10-14 20:38:12.150400 Victor: Group up?
ChatterBot Echo reevaluating
ChatterBot Tango reevaluating
ChatterBot Foxtrot reevaluating
ChatterBot Alpha reevaluating
2024-10-14 20:38:12.159544 Lima: No
2024-10-14 20:38:12.160103 Echo: No
2024-10-14 20:38:12.161054 Tango: Yes
2024-10-14 20:38:12.161169 Romeo: No
2024-10-14 20:38:12.161497 Foxtrot: No
2024-10-14 20:38:12.161771 Alpha: No
ChatterBot Echo reevaluating
ChatterBot Tango reevaluating
ChatterBot Foxtrot reevaluating
ChatterBot Alpha reevaluating
ChatterBot Tango reevaluating
ChatterBot Foxtrot reevaluating
ChatterBot Alpha reevaluating
ChatterBot Echo reevaluating
ChatterBot Foxtrot reevaluating
ChatterBot Alpha reevaluating
ChatterBot Echo reevaluating
ChatterBot Tango reevaluating
ChatterBot Foxtrot reevaluating
ChatterBot Alpha reevaluating
ChatterBot Echo reevaluating
ChatterBot Tango reevaluating
ChatterBot Alpha reevaluating
ChatterBot Echo reevaluating
ChatterBot Tango reevaluating
ChatterBot Foxtrot reevaluating
2024-10-14 20:38:12.287579 Romeo: Zulu, sending you 4
2024-10-14 20:38:12.288815 Alpha: Romeo, sending you 6
2024-10-14 20:38:12.289249 Whiskey: Lima, sending you 5
2024-10-14 20:38:12.289727 Zulu: Romeo, sending you 1
2024-10-14 20:38:12.291090 Victor: Romeo, Foxtrot and Echo, sending you 2
2024-10-14 20:38:12.293096 Alpha: Zulu, sending you 3
2024-10-14 20:38:12.293672 Lima: Whiskey, sending you 5
2024-10-14 20:38:12.295405 Romeo: Alpha, sending you 6
2024-10-14 20:38:12.296228 Echo: Lima, sending you 2
2024-10-14 20:38:12.297476 Victor: Lima, sending you 1
2024-10-14 20:38:12.298115 Whiskey: Sierra and Echo, sending you 4
2024-10-14 20:38:12.299644 Foxtrot: Romeo and Echo, sending you 2
2024-10-14 20:38:12.300349 Zulu: Alpha, Foxtrot and Echo, sending you 4
2024-10-14 20:38:12.301699 Tango: Romeo and Echo, sending you 2
2024-10-14 20:38:12.306225 Sierra: Lima, sending you 4
2024-10-14 20:38:12.307585 Alpha: Foxtrot, sending you 2
2024-10-14 20:38:12.309307 Lima: Sierra and Echo, sending you 3
2024-10-14 20:38:12.310128 Romeo: Foxtrot, sending you 3
2024-10-14 20:38:12.311592 Echo: Whiskey, sending you 1
2024-10-14 20:38:12.311989 Victor: Tango, sending you 4
2024-10-14 20:38:12.312487 Foxtrot: Zulu, sending you 5
2024-10-14 20:38:12.314047 Tango: Lima, sending you 4
2024-10-14 20:38:12.314553 Sierra: Whiskey, sending you 2
2024-10-14 20:38:12.315781 Alpha: Echo, sending you 7
2024-10-14 20:38:12.316129 Victor: Alpha, sending you 3
2024-10-14 20:38:12.316542 Romeo: Echo, sending you 2
2024-10-14 20:38:12.317620 Echo: Sierra, sending you 3
2024-10-14 20:38:12.318068 Tango: Victor, sending you 3
2024-10-14 20:38:12.318446 Foxtrot: Alpha, sending you 4
2024-10-14 20:38:12.321425 Sierra: Echo, sending you 7
2024-10-14 20:38:12.324607 Tango: Alpha and Foxtrot, sending you 1
chatterbot Romeo submitting transactions
chatterbot Lima submitting transactions
chatterbot Foxtrot submitting transactions
chatterbot Zulu submitting transactions
chatterbot Whiskey submitting transactions
chatterbot Sierra submitting transactions
chatterbot Alpha submitting transactions
chatterbot Victor submitting transactions
chatterbot Echo submitting transactions
chatterbot Tango submitting transactions
ChatterBot Romeo round 2
ChatterBot Lima round 2
ChatterBot Victor round 2
ChatterBot Zulu round 2
2024-10-14 20:38:15.070272 Romeo: We would work well together
ChatterBot Alpha reevaluating
ChatterBot Zulu reevaluating
ChatterBot Foxtrot reevaluating
ChatterBot Victor reevaluating
ChatterBot Tango reevaluating
2024-10-14 20:38:15.145967 Alpha: No
2024-10-14 20:38:15.146167 Zulu: No
2024-10-14 20:38:15.146326 Foxtrot: No
2024-10-14 20:38:15.146481 Victor: Yes
2024-10-14 20:38:15.146655 Tango: No
ChatterBot Zulu reevaluating
ChatterBot Foxtrot reevaluating
ChatterBot Victor reevaluating
ChatterBot Tango reevaluating
ChatterBot Alpha reevaluating
ChatterBot Foxtrot reevaluating
ChatterBot Victor reevaluating
ChatterBot Tango reevaluating
ChatterBot Alpha reevaluating
ChatterBot Zulu reevaluating
ChatterBot Victor reevaluating
ChatterBot Tango reevaluating
ChatterBot Alpha reevaluating
ChatterBot Zulu reevaluating
ChatterBot Foxtrot reevaluating
ChatterBot Tango reevaluating
ChatterBot Alpha reevaluating
ChatterBot Zulu reevaluating
ChatterBot Foxtrot reevaluating
ChatterBot Victor reevaluating
2024-10-14 20:38:15.580855 Victor: Let's form a team
ChatterBot Tango reevaluating
2024-10-14 20:38:15.603385 Tango: Yes
ChatterBot Victor reevaluating
ChatterBot Whiskey round 2
ChatterBot Tango round 2
ChatterBot Alpha round 2
ChatterBot Foxtrot round 2
ChatterBot Sierra round 2
2024-10-14 20:38:15.631525 Lima: We should add Victor and Tango
ChatterBot Whiskey reevaluating
ChatterBot Echo reevaluating
ChatterBot Sierra reevaluating
2024-10-14 20:38:15.666885 Whiskey: No
2024-10-14 20:38:15.668825 Echo: No
2024-10-14 20:38:15.669677 Sierra: No
ChatterBot Lima reevaluating
ChatterBot Echo reevaluating
ChatterBot Sierra reevaluating
ChatterBot Lima reevaluating
ChatterBot Whiskey reevaluating
ChatterBot Sierra reevaluating
ChatterBot Lima reevaluating
ChatterBot Whiskey reevaluating
ChatterBot Echo reevaluating
ChatterBot Echo round 2
2024-10-14 20:38:15.780972 Zulu: We should replace Echo with Victor
ChatterBot Alpha reevaluating
ChatterBot Foxtrot reevaluating
2024-10-14 20:38:15.806926 Romeo: Yes
2024-10-14 20:38:15.807157 Alpha: Yes
2024-10-14 20:38:15.807787 Foxtrot: Yes
ChatterBot Zulu reevaluating
ChatterBot Alpha reevaluating
ChatterBot Foxtrot reevaluating
ChatterBot Zulu reevaluating
ChatterBot Foxtrot reevaluating
ChatterBot Zulu reevaluating
ChatterBot Alpha reevaluating
2024-10-14 20:38:15.935887 Echo: Group up?
ChatterBot Zulu reevaluating
ChatterBot Alpha reevaluating
2024-10-14 20:38:15.969834 Romeo: No
2024-10-14 20:38:15.970009 Zulu: No
2024-10-14 20:38:15.970231 Alpha: No
2024-10-14 20:38:15.970435 Foxtrot: No
ChatterBot Echo reevaluating
ChatterBot Zulu reevaluating
ChatterBot Alpha reevaluating
ChatterBot Echo reevaluating
ChatterBot Alpha reevaluating
ChatterBot Echo reevaluating
ChatterBot Zulu reevaluating
ChatterBot Echo reevaluating
ChatterBot Zulu reevaluating
ChatterBot Alpha reevaluating
chatterbot Romeo submitting transactions
2024-10-14 20:38:16.176119 Romeo: Victor, Zulu, Tango and Foxtrot, sending you 3
2024-10-14 20:38:16.176759 Foxtrot: Victor we want you to join our group
2024-10-14 20:38:16.197780 Victor: No
ChatterBot Alpha reevaluating
ChatterBot Zulu reevaluating
2024-10-14 20:38:16.221683 Romeo: Alpha, sending you 6
2024-10-14 20:38:16.222306 Sierra: Lima and Echo, sending you 4
2024-10-14 20:38:16.223167 Tango: Same as last round
2024-10-14 20:38:16.223538 Whiskey: Lima, sending you 5
2024-10-14 20:38:16.266262 Victor: Sending you 10
2024-10-14 20:38:16.267696 Whiskey: Sierra, sending you 4
2024-10-14 20:38:16.269042 Sierra: Whiskey, sending you 5
2024-10-14 20:38:16.269741 Lima: Whiskey, sending you 5
2024-10-14 20:38:16.270473 Echo: Sending you each 2
2024-10-14 20:38:16.271819 Zulu: Victor we want you to join our group
2024-10-14 20:38:16.279429 Victor: No
ChatterBot Zulu reevaluating
2024-10-14 20:38:16.308761 Whiskey: Echo, sending you 3
2024-10-14 20:38:16.309355 Lima: Sierra, sending you 4
2024-10-14 20:38:16.353508 Foxtrot: Romeo, Victor and Alpha, sending you 3
2024-10-14 20:38:16.355383 Lima: Echo, sending you 2
2024-10-14 20:38:16.356049 Alpha: Romeo, sending you 5
2024-10-14 20:38:16.379314 Foxtrot: Zulu, sending you 4
2024-10-14 20:38:16.380733 Alpha: Victor, sending you 3
2024-10-14 20:38:16.463766 Zulu: Romeo, Alpha and Foxtrot, sending you 4
2024-10-14 20:38:16.465587 Alpha: Zulu and Foxtrot, sending you 4
2024-10-14 20:38:16.550685 Zulu: Victor and Tango, sending you 2
2024-10-14 20:38:16.551298 Alpha: Tango, sending you 2
chatterbot Echo submitting transactions
chatterbot Tango submitting transactions
chatterbot Whiskey submitting transactions
chatterbot Victor submitting transactions
chatterbot Foxtrot submitting transactions
chatterbot Alpha submitting transactions
chatterbot Lima submitting transactions
chatterbot Zulu submitting transactions
chatterbot Sierra submitting transactions
ChatterBot Romeo round 3
ChatterBot Lima round 3
ChatterBot Victor round 3
ChatterBot Zulu round 3
ChatterBot Whiskey round 3
ChatterBot Tango round 3
ChatterBot Alpha round 3
ChatterBot Foxtrot round 3
ChatterBot Sierra round 3
ChatterBot Echo round 3
2024-10-14 20:38:17.298239 Tango: Group up?
ChatterBot Alpha reevaluating
ChatterBot Foxtrot reevaluating
ChatterBot Victor reevaluating
2024-10-14 20:38:17.316819 Romeo: Yes
2024-10-14 20:38:17.316985 Alpha: Yes
2024-10-14 20:38:17.317098 Zulu: Yes
2024-10-14 20:38:17.317211 Foxtrot: No
2024-10-14 20:38:17.317780 Victor: Yes
ChatterBot Alpha reevaluating
ChatterBot Foxtrot reevaluating
ChatterBot Victor reevaluating
ChatterBot Foxtrot reevaluating
ChatterBot Victor reevaluating
ChatterBot Alpha reevaluating
ChatterBot Foxtrot reevaluating
ChatterBot Victor reevaluating
ChatterBot Alpha reevaluating
ChatterBot Victor reevaluating
ChatterBot Alpha reevaluating
ChatterBot Foxtrot reevaluating
2024-10-14 20:38:17.436297 Foxtrot: We should replace Victor with Tango
2024-10-14 20:38:17.448325 Zulu: No
2024-10-14 20:38:17.448492 Romeo: No
2024-10-14 20:38:17.448608 Alpha: No
ChatterBot Foxtrot reevaluating
ChatterBot Foxtrot reevaluating
ChatterBot Foxtrot reevaluating
2024-10-14 20:38:17.481676 Romeo: Victor, sending you 2
2024-10-14 20:38:17.482120 Zulu: Romeo and Alpha, sending you 4
2024-10-14 20:38:17.483721 Tango: Romeo, Zulu and Alpha, sending you 2
2024-10-14 20:38:17.484959 Foxtrot: Tango we want you to join our group
2024-10-14 20:38:17.489608 Tango: Yes
2024-10-14 20:38:17.503520 Romeo: Zulu and Foxtrot, sending you 4
2024-10-14 20:38:17.504305 Zulu: Victor and Tango, sending you 2
2024-10-14 20:38:17.504633 Tango: Victor, sending you 8
2024-10-14 20:38:17.504949 Sierra: Lima and Echo, sending you 4
2024-10-14 20:38:17.506687 Alpha: Romeo, sending you 6
2024-10-14 20:38:17.507674 Romeo: Tango, sending you 3
2024-10-14 20:38:17.508809 Whiskey: Lima, sending you 5
2024-10-14 20:38:17.509255 Zulu: Foxtrot, sending you 5
2024-10-14 20:38:17.509663 Echo: Same as last round
2024-10-14 20:38:17.509982 Lima: Whiskey and Sierra, sending you 4
2024-10-14 20:38:17.510672 Sierra: Whiskey, sending you 5
2024-10-14 20:38:17.510977 Alpha: Victor, sending you 2
2024-10-14 20:38:17.511371 Victor: Romeo, Tango, Alpha and Foxtrot, sending you 3
2024-10-14 20:38:17.511876 Romeo: Alpha, sending you 5
2024-10-14 20:38:17.513677 Whiskey: Sierra and Echo, sending you 4
2024-10-14 20:38:17.514705 Lima: Echo, sending you 3
2024-10-14 20:38:17.515044 Alpha: Zulu, sending you 5
2024-10-14 20:38:17.515692 Victor: Zulu, sending you 2
2024-10-14 20:38:17.520010 Alpha: Tango, sending you 1
2024-10-14 20:38:17.523666 Alpha: Foxtrot, sending you 4
2024-10-14 20:38:17.524685 Foxtrot: Romeo and Alpha, sending you 3
2024-10-14 20:38:17.528666 Foxtrot: Zulu, sending you 5
2024-10-14 20:38:17.533925 Foxtrot: Tango, sending you 2
chatterbot Zulu submitting transactions
chatterbot Sierra submitting transactions
chatterbot Alpha submitting transactions
chatterbot Whiskey submitting transactions
chatterbot Romeo submitting transactions
chatterbot Echo submitting transactions
chatterbot Foxtrot submitting transactions
chatterbot Tango submitting transactions
chatterbot Victor submitting transactions
chatterbot Lima submitting transactions
ChatterBot Romeo round 4
ChatterBot Lima round 4
ChatterBot Victor round 4
ChatterBot Zulu round 4
ChatterBot Whiskey round 4
ChatterBot Tango round 4
ChatterBot Alpha round 4
ChatterBot Foxtrot round 4
ChatterBot Sierra round 4
ChatterBot Echo round 4
2024-10-14 20:38:18.618702 Victor: Romeo, Zulu, Tango and Alpha, sending you 3
2024-10-14 20:38:18.619668 Lima: Whiskey and Sierra, sending you 4
2024-10-14 20:38:18.620087 Romeo: Victor, sending you 3
2024-10-14 20:38:18.621044 Whiskey: Lima, sending you 5
2024-10-14 20:38:18.622691 Victor: Foxtrot, sending you 2
2024-10-14 20:38:18.624669 Lima: Echo, sending you 3
2024-10-14 20:38:18.625094 Whiskey: Sierra and Echo, sending you 4
2024-10-14 20:38:18.625676 Romeo: Zulu and Foxtrot, sending you 4
2024-10-14 20:38:18.626630 Zulu: Romeo, Alpha and Foxtrot, sending you 4
2024-10-14 20:38:18.627109 Alpha: Romeo, sending you 6
2024-10-14 20:38:18.628677 Romeo: Tango, sending you 2
2024-10-14 20:38:18.630021 Zulu: Victor and Tango, sending you 3
2024-10-14 20:38:18.630572 Alpha: Victor, sending you 3
2024-10-14 20:38:18.632116 Echo: Same as last round
2024-10-14 20:38:18.632673 Romeo: Alpha, sending you 5
2024-10-14 20:38:18.635885 Alpha: Zulu and Foxtrot, sending you 4
2024-10-14 20:38:18.636682 Tango: Romeo, sending you 3
2024-10-14 20:38:18.639861 Foxtrot: Romeo and Alpha, sending you 3
2024-10-14 20:38:18.640680 Alpha: Tango, sending you 1
2024-10-14 20:38:18.641753 Tango: Victor, sending you 6
2024-10-14 20:38:18.642684 Sierra: Lima, sending you 5
2024-10-14 20:38:18.642985 Foxtrot: Zulu, sending you 5
2024-10-14 20:38:18.645662 Sierra: Whiskey and Echo, sending you 4
2024-10-14 20:38:18.646697 Tango: Zulu and Alpha, sending you 2
2024-10-14 20:38:18.647846 Foxtrot: Tango, sending you 2
2024-10-14 20:38:18.653214 Tango: Foxtrot, sending you 1
chatterbot Alpha submitting transactions
chatterbot Tango submitting transactions
chatterbot Victor submitting transactions
chatterbot Lima submitting transactions
chatterbot Foxtrot submitting transactions
chatterbot Whiskey submitting transactions
chatterbot Zulu submitting transactions
chatterbot Romeo submitting transactions
chatterbot Echo submitting transactions
chatterbot Sierra submitting transactions
ChatterBot Romeo round 5
ChatterBot Lima round 5
ChatterBot Victor round 5
ChatterBot Zulu round 5
ChatterBot Whiskey round 5
ChatterBot Tango round 5
ChatterBot Alpha round 5
ChatterBot Foxtrot round 5
ChatterBot Sierra round 5
ChatterBot Echo round 5
2024-10-14 20:38:19.891017 Foxtrot: We should replace Tango with Victor
2024-10-14 20:38:19.901679 Zulu: No
2024-10-14 20:38:19.901857 Romeo: No
2024-10-14 20:38:19.901985 Alpha: No
ChatterBot Foxtrot reevaluating
ChatterBot Foxtrot reevaluating
2024-10-14 20:38:19.942663 Foxtrot: Victor we want you to join our group
2024-10-14 20:38:19.946611 Victor: Yes
ChatterBot Foxtrot reevaluating
2024-10-14 20:38:20.018705 Romeo: Victor, Tango and Foxtrot, sending you 3
2024-10-14 20:38:20.019490 Alpha: Romeo, sending you 5
2024-10-14 20:38:20.023335 Sierra: Lima, sending you 5
2024-10-14 20:38:20.023816 Lima: Whiskey and Sierra, sending you 4
2024-10-14 20:38:20.024281 Victor: Romeo, Zulu, Tango and Alpha, sending you 3
2024-10-14 20:38:20.025853 Tango: Romeo and Zulu, sending you 3
2024-10-14 20:38:20.026422 Whiskey: Lima, sending you 5
2024-10-14 20:38:20.026890 Zulu: Romeo, Alpha and Foxtrot, sending you 4
2024-10-14 20:38:20.028595 Romeo: Zulu, sending you 4
2024-10-14 20:38:20.029183 Alpha: Victor, sending you 3
2024-10-14 20:38:20.030725 Sierra: Whiskey and Echo, sending you 4
2024-10-14 20:38:20.031205 Lima: Echo, sending you 3
2024-10-14 20:38:20.041937 Tango: Victor, sending you 5
2024-10-14 20:38:20.043053 Victor: Foxtrot, sending you 2
2024-10-14 20:38:20.043940 Zulu: Victor and Tango, sending you 3
2024-10-14 20:38:20.045651 Whiskey: Sierra and Echo, sending you 4
2024-10-14 20:38:20.046269 Romeo: Alpha, sending you 5
2024-10-14 20:38:20.048282 Alpha: Zulu and Foxtrot, sending you 4
2024-10-14 20:38:20.049533 Tango: Alpha, sending you 1
2024-10-14 20:38:20.050374 Echo: Same as last round
2024-10-14 20:38:20.052731 Tango: Foxtrot, sending you 2
2024-10-14 20:38:20.054102 Alpha: Tango, sending you 2
2024-10-14 20:38:20.067680 Foxtrot: Romeo, Victor and Alpha, sending you 3
2024-10-14 20:38:20.072656 Foxtrot: Zulu, sending you 4
chatterbot Lima submitting transactions
chatterbot Alpha submitting transactions
chatterbot Victor submitting transactions
chatterbot Romeo submitting transactions
chatterbot Echo submitting transactions
chatterbot Whiskey submitting transactions
chatterbot Foxtrot submitting transactions
chatterbot Zulu submitting transactions
chatterbot Tango submitting transactions
chatterbot Sierra submitting transactions
ChatterBot Romeo round 6
ChatterBot Lima round 6
ChatterBot Victor round 6
ChatterBot Zulu round 6
ChatterBot Whiskey round 6
ChatterBot Tango round 6
ChatterBot Alpha round 6
ChatterBot Foxtrot round 6
ChatterBot Sierra round 6
ChatterBot Echo round 6
2024-10-14 20:38:21.185944 Whiskey: Lima, sending you 5
2024-10-14 20:38:21.190647 Whiskey: Sierra and Echo, sending you 4
2024-10-14 20:38:21.195676 Victor: Romeo, Zulu, Tango and Alpha, sending you 3
2024-10-14 20:38:21.197695 Zulu: Romeo, Alpha and Foxtrot, sending you 4
2024-10-14 20:38:21.198697 Victor: Foxtrot, sending you 2
2024-10-14 20:38:21.200712 Foxtrot: Romeo, Victor and Alpha, sending you 3
2024-10-14 20:38:21.202668 Zulu: Victor and Tango, sending you 3
2024-10-14 20:38:21.203163 Lima: Whiskey and Sierra, sending you 4
2024-10-14 20:38:21.203672 Romeo: Victor, Tango and Foxtrot, sending you 3
2024-10-14 20:38:21.204257 Foxtrot: Zulu, sending you 4
2024-10-14 20:38:21.205317 Echo: Same as last round
2024-10-14 20:38:21.205762 Tango: Romeo and Zulu, sending you 3
2024-10-14 20:38:21.206683 Alpha: Romeo, sending you 5
2024-10-14 20:38:21.207150 Lima: Echo, sending you 3
2024-10-14 20:38:21.207677 Romeo: Zulu, sending you 4
2024-10-14 20:38:21.209682 Tango: Victor, sending you 5
2024-10-14 20:38:21.210149 Alpha: Victor, sending you 3
2024-10-14 20:38:21.211675 Romeo: Alpha, sending you 5
2024-10-14 20:38:21.212163 Sierra: Lima, sending you 5
2024-10-14 20:38:21.212670 Tango: Alpha, sending you 2
2024-10-14 20:38:21.214693 Alpha: Zulu and Foxtrot, sending you 4
2024-10-14 20:38:21.216665 Sierra: Whiskey and Echo, sending you 4
2024-10-14 20:38:21.216982 Tango: Foxtrot, sending you 1
2024-10-14 20:38:21.218659 Alpha: Tango, sending you 2
chatterbot Zulu submitting transactions
chatterbot Lima submitting transactions
chatterbot Whiskey submitting transactions
chatterbot Alpha submitting transactions
chatterbot Romeo submitting transactions
chatterbot Echo submitting transactions
chatterbot Foxtrot submitting transactions
chatterbot Sierra submitting transactions
chatterbot Victor submitting transactions
chatterbot Tango submitting transactions
ChatterBot Romeo round 7
ChatterBot Lima round 7
ChatterBot Victor round 7
ChatterBot Zulu round 7
ChatterBot Whiskey round 7
ChatterBot Tango round 7
ChatterBot Alpha round 7
ChatterBot Foxtrot round 7
ChatterBot Sierra round 7
ChatterBot Echo round 7
2024-10-14 20:38:22.447672 Romeo: Victor, Tango and Foxtrot, sending you 3
2024-10-14 20:38:22.451655 Whiskey: Lima and Sierra, sending you 1
2024-10-14 20:38:22.452667 Romeo: Zulu, sending you 4
2024-10-14 20:38:22.456669 Zulu: Romeo, Alpha and Foxtrot, sending you 4
2024-10-14 20:38:22.457234 Victor: Romeo, Zulu, Tango and Alpha, sending you 3
2024-10-14 20:38:22.457734 Romeo: Alpha, sending you 5
2024-10-14 20:38:22.459649 Lima: Whiskey and Sierra, sending you 4
2024-10-14 20:38:22.459996 Foxtrot: Romeo, Victor and Alpha, sending you 3
2024-10-14 20:38:22.460694 Zulu: Victor and Tango, sending you 3
2024-10-14 20:38:22.462669 Victor: Foxtrot, sending you 2
2024-10-14 20:38:22.463183 Sierra: Lima, sending you 5
2024-10-14 20:38:22.463662 Lima: Echo, sending you 3
2024-10-14 20:38:22.464712 Foxtrot: Zulu, sending you 4
2024-10-14 20:38:22.465658 Tango: Romeo and Zulu, sending you 3
2024-10-14 20:38:22.466663 Alpha: Romeo, sending you 6
2024-10-14 20:38:22.467164 Sierra: Whiskey and Echo, sending you 4
2024-10-14 20:38:22.467683 Echo: Same as last round
2024-10-14 20:38:22.470674 Tango: Victor, sending you 5
2024-10-14 20:38:22.471676 Alpha: Victor and Foxtrot, sending you 3
2024-10-14 20:38:22.473673 Tango: Alpha, sending you 2
2024-10-14 20:38:22.476671 Alpha: Zulu, sending you 4
2024-10-14 20:38:22.477151 Tango: Foxtrot, sending you 1
2024-10-14 20:38:22.479652 Alpha: Tango, sending you 2
chatterbot Zulu submitting transactions
chatterbot Whiskey submitting transactions
chatterbot Foxtrot submitting transactions
chatterbot Romeo submitting transactions
chatterbot Sierra submitting transactions
chatterbot Alpha submitting transactions
chatterbot Echo submitting transactions
chatterbot Victor submitting transactions
chatterbot Lima submitting transactions
chatterbot Tango submitting transactions
ChatterBot Romeo round 8
ChatterBot Lima round 8
ChatterBot Victor round 8
ChatterBot Zulu round 8
ChatterBot Whiskey round 8
ChatterBot Tango round 8
ChatterBot Alpha round 8
ChatterBot Foxtrot round 8
ChatterBot Sierra round 8
ChatterBot Echo round 8
2024-10-14 20:38:23.517333 Foxtrot: We should replace Victor with Tango
2024-10-14 20:38:23.529362 Zulu: No
2024-10-14 20:38:23.529704 Romeo: No
2024-10-14 20:38:23.529973 Alpha: No
ChatterBot Foxtrot reevaluating
2024-10-14 20:38:23.562702 Romeo: Victor, Tango and Foxtrot, sending you 3
2024-10-14 20:38:23.564194 Lima: Whiskey and Sierra, sending you 4
2024-10-14 20:38:23.566668 Lima: Echo, sending you 3
2024-10-14 20:38:23.568705 Romeo: Zulu, sending you 4
2024-10-14 20:38:23.572680 Romeo: Alpha, sending you 5
2024-10-14 20:38:23.573665 Sierra: Lima, sending you 5
2024-10-14 20:38:23.576690 Tango: Romeo and Zulu, sending you 3
2024-10-14 20:38:23.577688 Sierra: Whiskey and Echo, sending you 4
2024-10-14 20:38:23.578689 Alpha: Romeo, sending you 4
2024-10-14 20:38:23.579849 Zulu: Romeo, Alpha and Foxtrot, sending you 3
2024-10-14 20:38:23.580466 Whiskey: Lima, sending you 5
2024-10-14 20:38:23.580992 Tango: Victor, sending you 5
2024-10-14 20:38:23.581702 Victor: Romeo, Zulu, Tango and Alpha, sending you 3
2024-10-14 20:38:23.583198 Echo: Same as last round
2024-10-14 20:38:23.583837 Alpha: Victor, Zulu and Foxtrot, sending you 3
2024-10-14 20:38:23.584704 Zulu: Victor and Tango, sending you 2
2024-10-14 20:38:23.585234 Zulu: I was attacked by Whiskey
ChatterBot Romeo reevaluating
ChatterBot Alpha reevaluating
ChatterBot Foxtrot reevaluating
ChatterBot Victor reevaluating
ChatterBot Tango reevaluating
2024-10-14 20:38:23.601051 Zulu: Ow
2024-10-14 20:38:23.602803 Foxtrot: We should replace Romeo with Tango
ChatterBot Victor reevaluating
ChatterBot Zulu reevaluating
ChatterBot Alpha reevaluating
2024-10-14 20:38:23.611181 Victor: No
2024-10-14 20:38:23.611663 Zulu: No
2024-10-14 20:38:23.611786 Alpha: No
ChatterBot Foxtrot reevaluating
ChatterBot Zulu reevaluating
ChatterBot Alpha reevaluating
ChatterBot Foxtrot reevaluating
ChatterBot Victor reevaluating
ChatterBot Alpha reevaluating
ChatterBot Foxtrot reevaluating
ChatterBot Victor reevaluating
ChatterBot Zulu reevaluating
2024-10-14 20:38:23.636168 Whiskey: Sierra and Echo, sending you 4
2024-10-14 20:38:23.652749 Zulu: Sorry, I'm actually sending you 0
2024-10-14 20:38:23.655668 Zulu: Romeo, Victor, Alpha and Foxtrot, sending you 1
2024-10-14 20:38:23.659239 Romeo: Victor, Zulu, Tango and Foxtrot, sending you 1
2024-10-14 20:38:23.663072 Alpha: Romeo, sending you 6
2024-10-14 20:38:23.663896 Romeo: Alpha, sending you 2
2024-10-14 20:38:23.671679 Alpha: Zulu, sending you 4
chatterbot Romeo submitting transactions
chatterbot Victor submitting transactions
chatterbot Sierra submitting transactions
chatterbot Tango submitting transactions
chatterbot Alpha submitting transactions
chatterbot Lima submitting transactions
chatterbot Whiskey submitting transactions
chatterbot Echo submitting transactions
chatterbot Foxtrot submitting transactions
chatterbot Zulu submitting transactions
ChatterBot Romeo round 9
ChatterBot Lima round 9
ChatterBot Victor round 9
ChatterBot Zulu round 9
ChatterBot Whiskey round 9
ChatterBot Tango round 9
ChatterBot Alpha round 9
2024-10-14 20:38:24.842245 Zulu: We should add Sierra
ChatterBot Foxtrot reevaluating
ChatterBot Tango reevaluating
2024-10-14 20:38:24.859550 Romeo: No
2024-10-14 20:38:24.859788 Alpha: No
2024-10-14 20:38:24.859993 Foxtrot: No
2024-10-14 20:38:24.860205 Victor: No
2024-10-14 20:38:24.860418 Tango: No
ChatterBot Zulu reevaluating
ChatterBot Foxtrot reevaluating
ChatterBot Tango reevaluating
ChatterBot Zulu reevaluating
ChatterBot Foxtrot reevaluating
ChatterBot Tango reevaluating
ChatterBot Zulu reevaluating
ChatterBot Tango reevaluating
ChatterBot Zulu reevaluating
ChatterBot Foxtrot reevaluating
ChatterBot Tango reevaluating
ChatterBot Zulu reevaluating
ChatterBot Foxtrot reevaluating
ChatterBot Foxtrot round 9
ChatterBot Sierra round 9
ChatterBot Echo round 9
2024-10-14 20:38:25.061301 Foxtrot: We should replace Romeo with Tango
ChatterBot Zulu reevaluating
2024-10-14 20:38:25.071372 Victor: No
2024-10-14 20:38:25.071616 Zulu: No
2024-10-14 20:38:25.071998 Alpha: No
ChatterBot Foxtrot reevaluating
ChatterBot Zulu reevaluating
ChatterBot Foxtrot reevaluating
ChatterBot Foxtrot reevaluating
ChatterBot Zulu reevaluating
2024-10-14 20:38:25.109395 Echo: We should add Victor
2024-10-14 20:38:25.116765 Lima: No
2024-10-14 20:38:25.117154 Whiskey: No
2024-10-14 20:38:25.117400 Sierra: No
ChatterBot Echo reevaluating
ChatterBot Echo reevaluating
ChatterBot Echo reevaluating
2024-10-14 20:38:25.142896 Zulu: Echo we want you to join our group
ChatterBot Echo reevaluating
2024-10-14 20:38:25.147475 Echo: No
ChatterBot Zulu reevaluating
2024-10-14 20:38:25.163933 Foxtrot: Tango we want you to join our group
2024-10-14 20:38:25.167240 Tango: Yes
ChatterBot Foxtrot reevaluating
ChatterBot Zulu reevaluating
2024-10-14 20:38:25.178342 Foxtrot: We should replace Zulu with Tango
2024-10-14 20:38:25.185598 Romeo: No
2024-10-14 20:38:25.185771 Victor: No
2024-10-14 20:38:25.185904 Alpha: No
ChatterBot Foxtrot reevaluating
ChatterBot Foxtrot reevaluating
ChatterBot Foxtrot reevaluating
2024-10-14 20:38:25.210426 Echo: We should add Alpha
2024-10-14 20:38:25.217016 Lima: No
2024-10-14 20:38:25.217197 Whiskey: No
2024-10-14 20:38:25.217356 Sierra: No
ChatterBot Echo reevaluating
ChatterBot Echo reevaluating
ChatterBot Sierra reevaluating
ChatterBot Echo reevaluating
2024-10-14 20:38:25.241 Sierra: We should add Tango
ChatterBot Echo reevaluating
2024-10-14 20:38:25.248354 Lima: No
2024-10-14 20:38:25.248501 Whiskey: No
2024-10-14 20:38:25.248637 Echo: Yes
ChatterBot Echo reevaluating
ChatterBot Sierra reevaluating
ChatterBot Echo reevaluating
ChatterBot Sierra reevaluating
ChatterBot Sierra reevaluating
2024-10-14 20:38:25.270817 Lima: Whiskey and Sierra, sending you 4
2024-10-14 20:38:25.271161 Whiskey: I was attacked by Romeo
ChatterBot Lima reevaluating
ChatterBot Echo reevaluating
ChatterBot Sierra reevaluating
2024-10-14 20:38:25.280673 Whiskey: I'm keeping this round to protect myself
2024-10-14 20:38:25.281509 Whiskey: Ow
2024-10-14 20:38:25.283036 Romeo: Victor, Zulu and Tango, sending you 3
2024-10-14 20:38:25.284683 Alpha: Romeo, sending you 6
2024-10-14 20:38:25.285767 Victor: Romeo, Tango, Alpha and Foxtrot, sending you 3
2024-10-14 20:38:25.287391 Romeo: Alpha, sending you 5
2024-10-14 20:38:25.288689 Alpha: Victor, Zulu and Foxtrot, sending you 3
2024-10-14 20:38:25.291416 Romeo: Foxtrot, sending you 4
2024-10-14 20:38:25.292145 Victor: Zulu, sending you 2
2024-10-14 20:38:25.292803 Alpha: Tango, sending you 2
2024-10-14 20:38:25.300676 Zulu: Romeo, Alpha and Foxtrot, sending you 4
2024-10-14 20:38:25.301328 Sierra: Lima, sending you 5
2024-10-14 20:38:25.303986 Zulu: Victor and Tango, sending you 3
2024-10-14 20:38:25.305680 Sierra: Whiskey and Echo, sending you 4
2024-10-14 20:38:25.312683 Echo: Same as last round
2024-10-14 20:38:25.314674 Lima: Echo, sending you 3
chatterbot Whiskey submitting transactions
chatterbot Lima submitting transactions
chatterbot Victor submitting transactions
chatterbot Romeo submitting transactions
chatterbot Alpha submitting transactions
chatterbot Lima submitting transactions
chatterbot Tango submitting transactions
chatterbot Foxtrot submitting transactions
chatterbot Sierra submitting transactions
chatterbot Echo submitting transactions
chatterbot Zulu submitting transactions
ChatterBot Romeo round 10
ChatterBot Lima round 10
ChatterBot Victor round 10
ChatterBot Zulu round 10
ChatterBot Whiskey round 10
ChatterBot Tango round 10
ChatterBot Alpha round 10
ChatterBot Foxtrot round 10
ChatterBot Sierra round 10
ChatterBot Echo round 10
2024-10-14 20:38:26.450393 Foxtrot: We should replace Romeo with Tango
2024-10-14 20:38:26.462386 Victor: No
2024-10-14 20:38:26.462652 Zulu: No
2024-10-14 20:38:26.462869 Alpha: No
ChatterBot Foxtrot reevaluating
ChatterBot Foxtrot reevaluating
ChatterBot Foxtrot reevaluating
2024-10-14 20:38:26.492213 Echo: We should add Foxtrot
ChatterBot Sierra reevaluating
2024-10-14 20:38:26.498602 Lima: No
2024-10-14 20:38:26.499311 Whiskey: No
2024-10-14 20:38:26.499486 Sierra: Yes
ChatterBot Echo reevaluating
ChatterBot Sierra reevaluating
ChatterBot Echo reevaluating
ChatterBot Sierra reevaluating
ChatterBot Echo reevaluating
2024-10-14 20:38:26.518891 Whiskey: I was attacked by Alpha
ChatterBot Lima reevaluating
ChatterBot Echo reevaluating
ChatterBot Sierra reevaluating
2024-10-14 20:38:26.526667 Whiskey: I'm keeping this round to protect myself
2024-10-14 20:38:26.527392 Whiskey: Ow
2024-10-14 20:38:26.528217 Victor: Romeo, Tango, Alpha and Foxtrot, sending you 3
2024-10-14 20:38:26.528875 Zulu: Romeo, Alpha and Foxtrot, sending you 4
2024-10-14 20:38:26.529433 Romeo: Victor, Zulu and Alpha, sending you 4
2024-10-14 20:38:26.530059 Foxtrot: Tango we want you to join our group
2024-10-14 20:38:26.532681 Tango: Yes
ChatterBot Foxtrot reevaluating
2024-10-14 20:38:26.543221 Victor: Zulu, sending you 2
2024-10-14 20:38:26.545017 Zulu: Victor and Tango, sending you 3
2024-10-14 20:38:26.545594 Romeo: Tango and Foxtrot, sending you 3
2024-10-14 20:38:26.548684 Alpha: Romeo, sending you 5
2024-10-14 20:38:26.552076 Alpha: Victor, sending you 3
2024-10-14 20:38:26.555135 Echo: Same as last round
2024-10-14 20:38:26.555867 Sierra: Lima, sending you 5
2024-10-14 20:38:26.556682 Alpha: Zulu and Foxtrot, sending you 4
2024-10-14 20:38:26.560831 Sierra: Whiskey and Echo, sending you 4
2024-10-14 20:38:26.561663 Alpha: Tango, sending you 2
2024-10-14 20:38:26.566653 Lima: Whiskey and Echo, sending you 3
2024-10-14 20:38:26.569656 Lima: Sierra, sending you 4
chatterbot Romeo submitting transactions
chatterbot Tango submitting transactions
chatterbot Alpha submitting transactions
chatterbot Echo submitting transactions
chatterbot Sierra submitting transactions
chatterbot Whiskey submitting transactions
chatterbot Foxtrot submitting transactions
chatterbot Zulu submitting transactions
chatterbot Victor submitting transactions
chatterbot Lima submitting transactions
ChatterBot Romeo round 11
ChatterBot Lima round 11
ChatterBot Victor round 11
ChatterBot Zulu round 11
ChatterBot Whiskey round 11
ChatterBot Tango round 11
ChatterBot Alpha round 11
ChatterBot Foxtrot round 11
ChatterBot Sierra round 11
ChatterBot Echo round 11
2024-10-14 20:38:27.725153 Romeo: We should drop Foxtrot
2024-10-14 20:38:27.735832 Victor: No
2024-10-14 20:38:27.736035 Zulu: No
2024-10-14 20:38:27.736211 Tango: No
2024-10-14 20:38:27.736361 Alpha: No
ChatterBot Romeo reevaluating
ChatterBot Romeo reevaluating
ChatterBot Romeo reevaluating
ChatterBot Romeo reevaluating
2024-10-14 20:38:27.775212 Foxtrot: We should replace Romeo with Tango
2024-10-14 20:38:27.780391 Victor: No
2024-10-14 20:38:27.780506 Zulu: No
2024-10-14 20:38:27.780593 Alpha: No
ChatterBot Foxtrot reevaluating
ChatterBot Foxtrot reevaluating
ChatterBot Foxtrot reevaluating
2024-10-14 20:38:27.801689 Foxtrot: We should replace Victor with Tango
ChatterBot Romeo reevaluating
2024-10-14 20:38:27.807393 Zulu: No
2024-10-14 20:38:27.807522 Romeo: No
2024-10-14 20:38:27.807628 Alpha: No
ChatterBot Romeo reevaluating
ChatterBot Foxtrot reevaluating
ChatterBot Foxtrot reevaluating
ChatterBot Romeo reevaluating
ChatterBot Foxtrot reevaluating
2024-10-14 20:38:27.831926 Lima: Whiskey, sending you 2
2024-10-14 20:38:27.835658 Sierra: Lima, sending you 5
2024-10-14 20:38:27.836697 Victor: Romeo, Tango, Alpha and Foxtrot, sending you 3
2024-10-14 20:38:27.837656 Lima: Sierra, sending you 4
2024-10-14 20:38:27.838041 Whiskey: Sending you each 2
2024-10-14 20:38:27.838391 Zulu: Romeo, Alpha and Foxtrot, sending you 4
2024-10-14 20:38:27.838999 Sierra: Whiskey and Echo, sending you 4
2024-10-14 20:38:27.839675 Foxtrot: Tango we want you to join our group
2024-10-14 20:38:27.841772 Tango: Yes
ChatterBot Foxtrot reevaluating
2024-10-14 20:38:27.849141 Victor: Zulu, sending you 2
2024-10-14 20:38:27.849688 Lima: Echo, sending you 3
2024-10-14 20:38:27.850012 Zulu: Victor and Tango, sending you 3
2024-10-14 20:38:27.853660 Echo: Same as last round
2024-10-14 20:38:27.855694 Alpha: Romeo, sending you 5
2024-10-14 20:38:27.858689 Alpha: Victor, sending you 3
2024-10-14 20:38:27.862712 Alpha: Zulu and Foxtrot, sending you 4
2024-10-14 20:38:27.868660 Alpha: Tango, sending you 2
2024-10-14 20:38:27.869436 Romeo: Sending you each 1
chatterbot Victor submitting transactions
chatterbot Tango submitting transactions
chatterbot Romeo submitting transactions
chatterbot Whiskey submitting transactions
chatterbot Foxtrot submitting transactions
chatterbot Lima submitting transactions
chatterbot Zulu submitting transactions
chatterbot Alpha submitting transactions
chatterbot Echo submitting transactions
chatterbot Sierra submitting transactions
ChatterBot Romeo round 12
ChatterBot Lima round 12
ChatterBot Victor round 12
ChatterBot Zulu round 12
ChatterBot Whiskey round 12
ChatterBot Tango round 12
ChatterBot Alpha round 12
ChatterBot Foxtrot round 12
ChatterBot Sierra round 12
ChatterBot Echo round 12
2024-10-14 20:38:29.025606 Foxtrot: We should replace Romeo with Tango
2024-10-14 20:38:29.034943 Victor: No
2024-10-14 20:38:29.035119 Zulu: No
2024-10-14 20:38:29.035260 Alpha: No
ChatterBot Foxtrot reevaluating
ChatterBot Foxtrot reevaluating
ChatterBot Foxtrot reevaluating
2024-10-14 20:38:29.073955 Romeo: We should drop Foxtrot
2024-10-14 20:38:29.087630 Victor: No
2024-10-14 20:38:29.087921 Zulu: No
2024-10-14 20:38:29.088109 Tango: No
2024-10-14 20:38:29.088277 Alpha: No
ChatterBot Romeo reevaluating
ChatterBot Romeo reevaluating
ChatterBot Romeo reevaluating
ChatterBot Romeo reevaluating
2024-10-14 20:38:29.133458 Foxtrot: Tango we want you to join our group
2024-10-14 20:38:29.136352 Tango: Yes
ChatterBot Foxtrot reevaluating
2024-10-14 20:38:29.147661 Lima: Whiskey and Echo, sending you 3
2024-10-14 20:38:29.148210 Alpha: Romeo, sending you 4
2024-10-14 20:38:29.149156 Victor: Romeo, Zulu, Tango and Alpha, sending you 3
2024-10-14 20:38:29.150370 Echo: Same as last round
2024-10-14 20:38:29.150896 Sierra: Lima, sending you 5
2024-10-14 20:38:29.151234 Zulu: Romeo, Victor and Tango, sending you 3
2024-10-14 20:38:29.152668 Lima: Sierra, sending you 5
2024-10-14 20:38:29.153198 Alpha: Victor, Zulu and Foxtrot, sending you 3
2024-10-14 20:38:29.154873 Victor: Foxtrot, sending you 2
2024-10-14 20:38:29.156223 Sierra: Whiskey and Echo, sending you 4
2024-10-14 20:38:29.156933 Whiskey: Lima, sending you 4
2024-10-14 20:38:29.158195 Zulu: Alpha, sending you 4
2024-10-14 20:38:29.159363 Alpha: Tango, sending you 2
2024-10-14 20:38:29.160659 Whiskey: Sierra and Echo, sending you 3
2024-10-14 20:38:29.161939 Zulu: Foxtrot, sending you 5
chatterbot Alpha submitting transactions
chatterbot Lima submitting transactions
chatterbot Echo submitting transactions
chatterbot Tango submitting transactions
chatterbot Foxtrot submitting transactions
chatterbot Romeo submitting transactions
chatterbot Zulu submitting transactions
chatterbot Sierra submitting transactions
chatterbot Victor submitting transactions
chatterbot Whiskey submitting transactions
ChatterBot Romeo round 13
ChatterBot Lima round 13
ChatterBot Victor round 13
ChatterBot Zulu round 13
ChatterBot Whiskey round 13
ChatterBot Tango round 13
ChatterBot Alpha round 13
ChatterBot Foxtrot round 13
ChatterBot Sierra round 13
ChatterBot Echo round 13
2024-10-14 20:38:30.428368 Foxtrot: We should replace Romeo with Tango
2024-10-14 20:38:30.458667 Victor: No
2024-10-14 20:38:30.459030 Zulu: No
2024-10-14 20:38:30.459234 Alpha: No
ChatterBot Foxtrot reevaluating
ChatterBot Foxtrot reevaluating
ChatterBot Foxtrot reevaluating
2024-10-14 20:38:30.501663 Echo: We should add Tango
ChatterBot Sierra reevaluating
2024-10-14 20:38:30.509813 Lima: No
2024-10-14 20:38:30.510204 Whiskey: No
2024-10-14 20:38:30.510458 Sierra: Yes
ChatterBot Echo reevaluating
ChatterBot Sierra reevaluating
ChatterBot Echo reevaluating
ChatterBot Sierra reevaluating
ChatterBot Echo reevaluating
2024-10-14 20:38:30.537403 Echo: We should add Victor
ChatterBot Sierra reevaluating
2024-10-14 20:38:30.548171 Lima: No
2024-10-14 20:38:30.548498 Whiskey: No
2024-10-14 20:38:30.548764 Sierra: No
ChatterBot Echo reevaluating
ChatterBot Sierra reevaluating
ChatterBot Echo reevaluating
ChatterBot Sierra reevaluating
ChatterBot Whiskey reevaluating
ChatterBot Echo reevaluating
2024-10-14 20:38:30.589402 Victor: Romeo, sending you 2
2024-10-14 20:38:30.596356 Foxtrot: Tango we want you to join our group
2024-10-14 20:38:30.604703 Tango: Yes
ChatterBot Foxtrot reevaluating
2024-10-14 20:38:30.627511 Lima: Whiskey and Echo, sending you 3
2024-10-14 20:38:30.629784 Romeo: I was attacked by Whiskey
ChatterBot Alpha reevaluating
ChatterBot Zulu reevaluating
ChatterBot Foxtrot reevaluating
ChatterBot Victor reevaluating
ChatterBot Tango reevaluating
2024-10-14 20:38:30.651251 Romeo: I'm keeping this round to protect myself
2024-10-14 20:38:30.655115 Romeo: Ow
2024-10-14 20:38:30.656277 Whiskey: Tango we want you to join our group
ChatterBot Tango reevaluating
2024-10-14 20:38:30.662184 Tango: No
ChatterBot Whiskey reevaluating
ChatterBot Echo reevaluating
2024-10-14 20:38:30.676922 Lima: Sierra, sending you 5
chatterbot Lima submitting transactions
2024-10-14 20:38:30.682670 Sierra: Lima, sending you 5
2024-10-14 20:38:30.685690 Sierra: Whiskey and Echo, sending you 4
2024-10-14 20:38:30.697655 Echo: Same as last round
chatterbot Romeo submitting transactions
chatterbot Tango submitting transactions
chatterbot Zulu submitting transactions
chatterbot Foxtrot submitting transactions
chatterbot Sierra submitting transactions
chatterbot Whiskey submitting transactions
chatterbot Alpha submitting transactions
chatterbot Victor submitting transactions
