ChatterBot Golf round 1
ChatterBot Uniform round 1
ChatterBot Quebec round 1
ChatterBot Zulu round 1
ChatterBot Whiskey round 1
ChatterBot Charlie round 1
ChatterBot Alpha round 1
ChatterBot Yankee round 1
ChatterBot Tango round 1
ChatterBot Romeo round 1
randomSelections Quebec: {Quebec, Alpha, Yankee, Whiskey, Romeo, Uniform, Tango} 
2024-10-14 20:38:11.891455 Quebec: Let's form a team
ChatterBot Alpha reevaluating
ChatterBot Yankee reevaluating
ChatterBot Whiskey reevaluating
ChatterBot Romeo reevaluating
ChatterBot Uniform reevaluating
ChatterBot Tango reevaluating
2024-10-14 20:38:11.908375 Alpha: Yes
2024-10-14 20:38:11.908543 Yankee: Yes
2024-10-14 20:38:11.909046 Whiskey: Yes
2024-10-14 20:38:11.909849 Romeo: Yes
2024-10-14 20:38:11.910138 Uniform: Yes
2024-10-14 20:38:11.910283 Tango: Yes
ChatterBot Yankee reevaluating
ChatterBot Whiskey reevaluating
ChatterBot Romeo reevaluating
ChatterBot Uniform reevaluating
ChatterBot Tango reevaluating
ChatterBot Alpha reevaluating
ChatterBot Whiskey reevaluating
ChatterBot Romeo reevaluating
ChatterBot Uniform reevaluating
ChatterBot Tango reevaluating
ChatterBot Alpha reevaluating
ChatterBot Yankee reevaluating
ChatterBot Romeo reevaluating
ChatterBot Uniform reevaluating
ChatterBot Tango reevaluating
ChatterBot Alpha reevaluating
ChatterBot Yankee reevaluating
ChatterBot Whiskey reevaluating
ChatterBot Uniform reevaluating
ChatterBot Tango reevaluating
ChatterBot Alpha reevaluating
ChatterBot Yankee reevaluating
ChatterBot Whiskey reevaluating
ChatterBot Romeo reevaluating
ChatterBot Tango reevaluating
ChatterBot Alpha reevaluating
ChatterBot Yankee reevaluating
ChatterBot Whiskey reevaluating
ChatterBot Romeo reevaluating
ChatterBot Uniform reevaluating
randomSelections Charlie: {Charlie, Quebec, Whiskey, Alpha, Zulu, Golf, Yankee} 
2024-10-14 20:38:12.058977 Charlie: Group up?
ChatterBot Whiskey reevaluating
ChatterBot Alpha reevaluating
ChatterBot Zulu reevaluating
ChatterBot Golf reevaluating
ChatterBot Yankee reevaluating
2024-10-14 20:38:12.083839 Quebec: No
2024-10-14 20:38:12.085010 Whiskey: No
2024-10-14 20:38:12.085305 Alpha: No
2024-10-14 20:38:12.085650 Zulu: Yes
2024-10-14 20:38:12.086748 Golf: Yes
2024-10-14 20:38:12.086919 Yankee: No
ChatterBot Whiskey reevaluating
ChatterBot Alpha reevaluating
ChatterBot Zulu reevaluating
ChatterBot Golf reevaluating
ChatterBot Yankee reevaluating
ChatterBot Alpha reevaluating
ChatterBot Zulu reevaluating
ChatterBot Golf reevaluating
ChatterBot Yankee reevaluating
ChatterBot Whiskey reevaluating
ChatterBot Zulu reevaluating
ChatterBot Golf reevaluating
ChatterBot Yankee reevaluating
ChatterBot Whiskey reevaluating
ChatterBot Alpha reevaluating
ChatterBot Golf reevaluating
ChatterBot Yankee reevaluating
ChatterBot Whiskey reevaluating
ChatterBot Alpha reevaluating
ChatterBot Zulu reevaluating
ChatterBot Yankee reevaluating
ChatterBot Whiskey reevaluating
ChatterBot Alpha reevaluating
ChatterBot Zulu reevaluating
ChatterBot Golf reevaluating
2024-10-14 20:38:12.185201 Charlie: Golf and Whiskey, sending you 1
2024-10-14 20:38:12.186995 Zulu: Golf and Whiskey, sending you 2
2024-10-14 20:38:12.189010 Quebec: Whiskey and Yankee, sending you 5
2024-10-14 20:38:12.191164 Charlie: Quebec, sending you 2
2024-10-14 20:38:12.192050 Zulu: Quebec, sending you 1
2024-10-14 20:38:12.193706 Yankee: Quebec, sending you 6
2024-10-14 20:38:12.194258 Uniform: Quebec, Alpha, Yankee, Tango and Romeo, sending you 2
2024-10-14 20:38:12.195837 Romeo: Uniform, Quebec and Yankee, sending you 1
2024-10-14 20:38:12.196825 Quebec: Alpha, sending you 2
2024-10-14 20:38:12.198454 Whiskey: Uniform, sending you 4
2024-10-14 20:38:12.199133 Golf: Quebec and Whiskey, sending you 3
2024-10-14 20:38:12.200927 Tango: Uniform and Whiskey, sending you 3
2024-10-14 20:38:12.202790 Charlie: Zulu, Alpha and Yankee, sending you 4
2024-10-14 20:38:12.203385 Zulu: Charlie and Alpha, sending you 3
2024-10-14 20:38:12.203864 Yankee: Whiskey and Tango, sending you 3
2024-10-14 20:38:12.205262 Uniform: Whiskey, sending you 1
2024-10-14 20:38:12.205719 Romeo: Whiskey, sending you 5
2024-10-14 20:38:12.207142 Quebec: Tango and Romeo, sending you 3
2024-10-14 20:38:12.208125 Whiskey: Quebec, Alpha and Yankee, sending you 2
2024-10-14 20:38:12.209932 Golf: Zulu, sending you 4
2024-10-14 20:38:12.211641 Alpha: Uniform, Whiskey and Yankee, sending you 3
2024-10-14 20:38:12.213664 Tango: Alpha, sending you 2
2024-10-14 20:38:12.214671 Zulu: Yankee, sending you 4
2024-10-14 20:38:12.216439 Yankee: Alpha, sending you 1
2024-10-14 20:38:12.217044 Romeo: Alpha and Tango, sending you 3
2024-10-14 20:38:12.218373 Whiskey: Tango, sending you 1
2024-10-14 20:38:12.219113 Golf: Charlie and Yankee, sending you 1
2024-10-14 20:38:12.220428 Alpha: Quebec, sending you 4
2024-10-14 20:38:12.222007 Tango: Yankee, sending you 4
2024-10-14 20:38:12.222847 Yankee: Romeo, sending you 4
2024-10-14 20:38:12.224716 Golf: Alpha, sending you 2
2024-10-14 20:38:12.226190 Alpha: Tango, sending you 2
2024-10-14 20:38:12.227652 Tango: Romeo, sending you 5
chatterbot Quebec submitting transactions
chatterbot Alpha submitting transactions
chatterbot Charlie submitting transactions
chatterbot Whiskey submitting transactions
chatterbot Uniform submitting transactions
chatterbot Tango submitting transactions
chatterbot Romeo submitting transactions
chatterbot Zulu submitting transactions
chatterbot Yankee submitting transactions
chatterbot Golf submitting transactions
ChatterBot Golf round 2
ChatterBot Uniform round 2
ChatterBot Quebec round 2
ChatterBot Zulu round 2
ChatterBot Whiskey round 2
ChatterBot Charlie round 2
ChatterBot Alpha round 2
ChatterBot Yankee round 2
ChatterBot Tango round 2
ChatterBot Romeo round 2
2024-10-14 20:38:13.854261 Zulu: Group up?
ChatterBot Golf reevaluating
ChatterBot Charlie reevaluating
2024-10-14 20:38:13.862051 Golf: Yes
2024-10-14 20:38:13.862279 Charlie: Yes
ChatterBot Charlie reevaluating
ChatterBot Golf reevaluating
2024-10-14 20:38:13.876446 Charlie: Friends?
ChatterBot Golf reevaluating
2024-10-14 20:38:13.883725 Zulu: Yes
2024-10-14 20:38:13.884485 Golf: Yes
ChatterBot Golf reevaluating
ChatterBot Charlie reevaluating
ChatterBot Charlie reevaluating
2024-10-14 20:38:13.927576 Quebec: We should drop Tango
ChatterBot Alpha reevaluating
2024-10-14 20:38:13.944719 Uniform: No
2024-10-14 20:38:13.945211 Whiskey: No
2024-10-14 20:38:13.946089 Alpha: Yes
2024-10-14 20:38:13.946472 Yankee: No
2024-10-14 20:38:13.946823 Romeo: No
ChatterBot Quebec reevaluating
ChatterBot Alpha reevaluating
ChatterBot Quebec reevaluating
ChatterBot Alpha reevaluating
ChatterBot Quebec reevaluating
ChatterBot Quebec reevaluating
ChatterBot Alpha reevaluating
ChatterBot Quebec reevaluating
ChatterBot Alpha reevaluating
2024-10-14 20:38:14.364393 Quebec: We should drop Whiskey
2024-10-14 20:38:14.379512 Uniform: No
2024-10-14 20:38:14.379685 Alpha: Yes
2024-10-14 20:38:14.379800 Yankee: No
2024-10-14 20:38:14.379925 Tango: No
2024-10-14 20:38:14.380028 Romeo: No
ChatterBot Quebec reevaluating
ChatterBot Quebec reevaluating
ChatterBot Quebec reevaluating
ChatterBot Quebec reevaluating
ChatterBot Quebec reevaluating
2024-10-14 20:38:14.455084 Yankee: Uniform, Quebec, Whiskey, Alpha and Tango, sending you 3
2024-10-14 20:38:14.455522 Golf: Zulu, sending you 9
2024-10-14 20:38:14.708152 Tango: Uniform, Quebec, Alpha, Yankee and Romeo, sending you 3
2024-10-14 20:38:14.708872 Zulu: Golf, sending you 8
2024-10-14 20:38:14.709949 Charlie: Sending you each 6
2024-10-14 20:38:14.710229 Whiskey: Uniform, Alpha, Yankee and Tango, sending you 2
2024-10-14 20:38:14.711323 Uniform: Quebec, Alpha, Yankee, Tango and Romeo, sending you 2
2024-10-14 20:38:14.711966 Golf: Charlie, sending you 5
2024-10-14 20:38:14.713314 Quebec: We should drop Romeo
2024-10-14 20:38:14.727667 Uniform: No
2024-10-14 20:38:14.728032 Whiskey: No
2024-10-14 20:38:14.728251 Alpha: Yes
2024-10-14 20:38:14.728466 Yankee: No
2024-10-14 20:38:14.729382 Tango: No
ChatterBot Quebec reevaluating
ChatterBot Quebec reevaluating
ChatterBot Quebec reevaluating
ChatterBot Quebec reevaluating
ChatterBot Quebec reevaluating
2024-10-14 20:38:14.804908 Romeo: Uniform, Quebec, Whiskey and Alpha, sending you 2
2024-10-14 20:38:14.805975 Yankee: Romeo, sending you 2
2024-10-14 20:38:14.806895 Alpha: Sending you each 5
chatterbot Romeo submitting transactions
chatterbot Uniform submitting transactions
2024-10-14 20:38:14.807710 Tango: Whiskey, sending you 2
2024-10-14 20:38:14.808620 Whiskey: Quebec and Romeo, sending you 3
2024-10-14 20:38:14.809270 Zulu: Charlie, sending you 7
2024-10-14 20:38:14.809591 Uniform: Whiskey, sending you 3
chatterbot Alpha submitting transactions
chatterbot Yankee submitting transactions
chatterbot Whiskey submitting transactions
2024-10-14 20:38:14.811026 Romeo: Yankee and Tango, sending you 3
chatterbot Charlie submitting transactions
chatterbot Golf submitting transactions
2024-10-14 20:38:14.955538 Quebec: Uniform, sending you 3
2024-10-14 20:38:14.965083 Quebec: Alpha, sending you 5
2024-10-14 20:38:14.971823 Quebec: Yankee, sending you 7
2024-10-14 20:38:15.103505 Quebec: Tango, sending you 1
2024-10-14 20:38:15.116828 Quebec: Romeo, sending you 2
chatterbot Zulu submitting transactions
chatterbot Tango submitting transactions
chatterbot Quebec submitting transactions
ChatterBot Golf round 3
ChatterBot Uniform round 3
ChatterBot Quebec round 3
ChatterBot Zulu round 3
ChatterBot Whiskey round 3
ChatterBot Charlie round 3
ChatterBot Alpha round 3
ChatterBot Yankee round 3
ChatterBot Tango round 3
ChatterBot Romeo round 3
2024-10-14 20:38:16.335383 Quebec: We should replace Alpha with Whiskey
ChatterBot Tango reevaluating
ChatterBot Romeo reevaluating
2024-10-14 20:38:16.355996 Uniform: No
2024-10-14 20:38:16.356599 Yankee: No
2024-10-14 20:38:16.357689 Tango: Yes
2024-10-14 20:38:16.357963 Romeo: Yes
ChatterBot Tango reevaluating
ChatterBot Romeo reevaluating
ChatterBot Tango reevaluating
ChatterBot Romeo reevaluating
ChatterBot Romeo reevaluating
ChatterBot Tango reevaluating
2024-10-14 20:38:16.465689 Charlie: We should add Alpha
ChatterBot Zulu reevaluating
2024-10-14 20:38:16.476117 Zulu: Yes
2024-10-14 20:38:16.476600 Golf: No
ChatterBot Zulu reevaluating
2024-10-14 20:38:16.506047 Quebec: Whiskey we want you to join our group
2024-10-14 20:38:16.509854 Whiskey: Yes
ChatterBot Tango reevaluating
ChatterBot Romeo reevaluating
2024-10-14 20:38:16.526115 Charlie: Alpha we want you to join our group
ChatterBot Alpha reevaluating
2024-10-14 20:38:16.529808 Alpha: No
ChatterBot Golf reevaluating
ChatterBot Zulu reevaluating
2024-10-14 20:38:16.543439 Romeo: We should drop Alpha
2024-10-14 20:38:16.564301 Quebec: Yes
2024-10-14 20:38:16.564651 Uniform: No
2024-10-14 20:38:16.564845 Whiskey: No
2024-10-14 20:38:16.565024 Yankee: No
2024-10-14 20:38:16.565207 Tango: Yes
2024-10-14 20:38:16.643380 Golf: Alpha we want you to join our group
ChatterBot Alpha reevaluating
2024-10-14 20:38:16.647732 Alpha: No
ChatterBot Golf reevaluating
ChatterBot Zulu reevaluating
2024-10-14 20:38:16.657817 Uniform: Quebec, Alpha, Yankee, Tango and Romeo, sending you 2
2024-10-14 20:38:16.658990 Yankee: Uniform, Whiskey, Tango and Romeo, sending you 3
2024-10-14 20:38:16.659487 Whiskey: Uniform, Quebec, Alpha and Tango, sending you 2
2024-10-14 20:38:16.683913 Yankee: Quebec, sending you 4
2024-10-14 20:38:16.685029 Uniform: Whiskey, sending you 3
2024-10-14 20:38:16.685517 Quebec: Uniform and Tango, sending you 3
2024-10-14 20:38:16.686358 Charlie: Golf, sending you 5
2024-10-14 20:38:16.686683 Whiskey: Yankee and Romeo, sending you 3
2024-10-14 20:38:16.699620 Yankee: Alpha, sending you 1
2024-10-14 20:38:16.700638 Quebec: Whiskey, sending you 4
2024-10-14 20:38:16.700979 Romeo: Uniform, sending you 2
2024-10-14 20:38:16.701305 Charlie: Zulu and Alpha, sending you 6
2024-10-14 20:38:16.702065 Tango: Uniform, Quebec, Whiskey and Romeo, sending you 3
2024-10-14 20:38:16.732895 Quebec: Yankee, sending you 6
2024-10-14 20:38:16.733298 Romeo: Quebec, Whiskey, Yankee and Tango, sending you 3
2024-10-14 20:38:16.734063 Tango: Yankee, sending you 5
2024-10-14 20:38:16.734389 Zulu: Golf, sending you 8
2024-10-14 20:38:16.734767 Alpha: Sending you each 3
2024-10-14 20:38:16.739714 Quebec: Romeo, sending you 2
2024-10-14 20:38:16.740638 Zulu: Charlie, sending you 7
2024-10-14 20:38:16.740957 Golf: Zulu, sending you 6
2024-10-14 20:38:16.745659 Golf: Charlie and Alpha, sending you 4
chatterbot Uniform submitting transactions
chatterbot Tango submitting transactions
chatterbot Whiskey submitting transactions
chatterbot Quebec submitting transactions
chatterbot Charlie submitting transactions
chatterbot Romeo submitting transactions
chatterbot Yankee submitting transactions
chatterbot Golf submitting transactions
chatterbot Alpha submitting transactions
chatterbot Zulu submitting transactions
ChatterBot Golf round 4
ChatterBot Uniform round 4
ChatterBot Quebec round 4
ChatterBot Zulu round 4
ChatterBot Whiskey round 4
ChatterBot Charlie round 4
ChatterBot Alpha round 4
ChatterBot Yankee round 4
ChatterBot Tango round 4
ChatterBot Romeo round 4
2024-10-14 20:38:18.145213 Romeo: We should add Alpha
2024-10-14 20:38:18.163572 Quebec: No
2024-10-14 20:38:18.163789 Uniform: Yes
2024-10-14 20:38:18.163973 Whiskey: Yes
2024-10-14 20:38:18.164157 Yankee: Yes
2024-10-14 20:38:18.164320 Tango: No
2024-10-14 20:38:18.224106 Golf: We should drop Alpha
2024-10-14 20:38:18.228749 Zulu: Yes
2024-10-14 20:38:18.228903 Charlie: No
2024-10-14 20:38:18.238014 Romeo: Alpha we want you to join our group
2024-10-14 20:38:18.240806 Alpha: No
2024-10-14 20:38:18.255575 Quebec: Uniform, Whiskey, Tango and Romeo, sending you 3
2024-10-14 20:38:18.258677 Uniform: Quebec, Whiskey, Alpha, Yankee and Romeo, sending you 2
2024-10-14 20:38:18.259663 Whiskey: Uniform, Quebec, Alpha and Tango, sending you 2
2024-10-14 20:38:18.260087 Yankee: Uniform, sending you 1
2024-10-14 20:38:18.260452 Quebec: Yankee, sending you 6
2024-10-14 20:38:18.260714 Charlie: Golf and Zulu, sending you 6
2024-10-14 20:38:18.260955 Tango: Uniform, Quebec and Whiskey, sending you 3
2024-10-14 20:38:18.261618 Alpha: Golf, sending you 5
2024-10-14 20:38:18.261810 Zulu: Golf, sending you 8
2024-10-14 20:38:18.262660 Uniform: Tango, sending you 3
2024-10-14 20:38:18.264014 Whiskey: Yankee and Romeo, sending you 3
2024-10-14 20:38:18.264662 Yankee: Quebec, sending you 4
2024-10-14 20:38:18.265088 Charlie: Alpha, sending you 5
2024-10-14 20:38:18.265668 Tango: Yankee and Romeo, sending you 4
2024-10-14 20:38:18.266673 Alpha: Zulu, sending you 4
2024-10-14 20:38:18.267092 Zulu: Charlie, sending you 7
2024-10-14 20:38:18.269077 Yankee: Whiskey, Alpha, Tango and Romeo, sending you 3
2024-10-14 20:38:18.269748 Alpha: Charlie, sending you 6
2024-10-14 20:38:18.276680 Golf: Zulu, sending you 8
2024-10-14 20:38:18.277710 Romeo: Uniform, Quebec, Whiskey and Alpha, sending you 2
2024-10-14 20:38:18.282214 Golf: Charlie, sending you 6
2024-10-14 20:38:18.284073 Romeo: Yankee and Tango, sending you 3
chatterbot Zulu submitting transactions
chatterbot Quebec submitting transactions
chatterbot Uniform submitting transactions
chatterbot Charlie submitting transactions
chatterbot Tango submitting transactions
chatterbot Golf submitting transactions
chatterbot Romeo submitting transactions
chatterbot Whiskey submitting transactions
chatterbot Alpha submitting transactions
chatterbot Yankee submitting transactions
ChatterBot Golf round 5
ChatterBot Uniform round 5
ChatterBot Quebec round 5
ChatterBot Zulu round 5
ChatterBot Whiskey round 5
ChatterBot Charlie round 5
ChatterBot Alpha round 5
ChatterBot Yankee round 5
2024-10-14 20:38:19.258798 Golf: We should add Alpha
ChatterBot Zulu reevaluating
2024-10-14 20:38:19.265846 Zulu: Yes
2024-10-14 20:38:19.266015 Charlie: Yes
ChatterBot Zulu reevaluating
ChatterBot Tango round 5
ChatterBot Romeo round 5
2024-10-14 20:38:19.298102 Golf: Alpha we want you to join our group
2024-10-14 20:38:19.300815 Alpha: Yes
ChatterBot Zulu reevaluating
2024-10-14 20:38:19.312822 Yankee: We should drop Alpha
2024-10-14 20:38:19.323011 Quebec: Yes
2024-10-14 20:38:19.323186 Uniform: No
2024-10-14 20:38:19.323306 Whiskey: No
2024-10-14 20:38:19.323416 Tango: Yes
2024-10-14 20:38:19.323523 Romeo: Yes
ChatterBot Uniform reevaluating
ChatterBot Uniform reevaluating
ChatterBot Uniform reevaluating
ChatterBot Uniform reevaluating
2024-10-14 20:38:19.381323 Zulu: Alpha we want you to join our group
2024-10-14 20:38:19.385341 Alpha: Yes
2024-10-14 20:38:19.394175 Quebec: Uniform, Whiskey, Tango and Romeo, sending you 3
2024-10-14 20:38:19.394745 Whiskey: Uniform, Alpha, Tango and Romeo, sending you 2
2024-10-14 20:38:19.395674 Charlie: Golf and Zulu, sending you 6
2024-10-14 20:38:19.397699 Whiskey: Quebec and Yankee, sending you 3
2024-10-14 20:38:19.399111 Quebec: Yankee, sending you 6
2024-10-14 20:38:19.399628 Golf: Zulu, sending you 6
2024-10-14 20:38:19.400671 Charlie: Alpha, sending you 5
2024-10-14 20:38:19.401682 Yankee: Uniform, Whiskey, Tango and Romeo, sending you 3
2024-10-14 20:38:19.402202 Tango: Uniform, Quebec and Whiskey, sending you 3
2024-10-14 20:38:19.403973 Zulu: Golf, sending you 6
2024-10-14 20:38:19.404394 Alpha: Golf, sending you 5
2024-10-14 20:38:19.404818 Golf: Charlie and Alpha, sending you 4
2024-10-14 20:38:19.406737 Yankee: Quebec, sending you 5
2024-10-14 20:38:19.407734 Tango: Yankee and Romeo, sending you 4
2024-10-14 20:38:19.408770 Alpha: Zulu, sending you 4
2024-10-14 20:38:19.409170 Zulu: Charlie, sending you 5
2024-10-14 20:38:19.411680 Zulu: Alpha, sending you 4
2024-10-14 20:38:19.413052 Alpha: Charlie, sending you 6
2024-10-14 20:38:19.416889 Romeo: Uniform, sending you 2
2024-10-14 20:38:19.421678 Romeo: Quebec, Whiskey, Yankee and Tango, sending you 3
chatterbot Alpha submitting transactions
chatterbot Uniform submitting transactions
chatterbot Yankee submitting transactions
chatterbot Tango submitting transactions
chatterbot Zulu submitting transactions
chatterbot Quebec submitting transactions
chatterbot Whiskey submitting transactions
chatterbot Charlie submitting transactions
chatterbot Romeo submitting transactions
chatterbot Golf submitting transactions
ChatterBot Golf round 6
ChatterBot Uniform round 6
ChatterBot Quebec round 6
ChatterBot Zulu round 6
ChatterBot Whiskey round 6
ChatterBot Charlie round 6
ChatterBot Alpha round 6
ChatterBot Yankee round 6
ChatterBot Tango round 6
ChatterBot Romeo round 6
2024-10-14 20:38:20.561304 Whiskey: We should drop Alpha
2024-10-14 20:38:20.581226 Quebec: Yes
2024-10-14 20:38:20.581448 Uniform: Yes
2024-10-14 20:38:20.581635 Yankee: Yes
2024-10-14 20:38:20.581835 Tango: Yes
2024-10-14 20:38:20.582024 Romeo: Yes
2024-10-14 20:38:20.645664 Golf: Zulu, sending you 6
2024-10-14 20:38:20.646013 Zulu: Sending you each 5
2024-10-14 20:38:20.646967 Quebec: Uniform, Whiskey, Tango and Romeo, sending you 3
2024-10-14 20:38:20.647707 Charlie: Golf, sending you 5
2024-10-14 20:38:20.650726 Golf: Charlie, sending you 5
2024-10-14 20:38:20.651033 Quebec: Yankee, sending you 6
2024-10-14 20:38:20.651696 Whiskey: Uniform, sending you 2
2024-10-14 20:38:20.652674 Charlie: Zulu and Alpha, sending you 6
2024-10-14 20:38:20.653695 Romeo: Uniform, sending you 2
2024-10-14 20:38:20.654646 Golf: Alpha, sending you 3
2024-10-14 20:38:20.654973 Tango: Uniform, Quebec and Whiskey, sending you 3
2024-10-14 20:38:20.655369 Whiskey: Quebec, Yankee, Tango and Romeo, sending you 3
2024-10-14 20:38:20.656654 Yankee: Uniform, Whiskey, Tango and Romeo, sending you 3
2024-10-14 20:38:20.657696 Tango: Yankee and Romeo, sending you 4
2024-10-14 20:38:20.659698 Romeo: Quebec, Whiskey, Yankee and Tango, sending you 3
2024-10-14 20:38:20.661666 Yankee: Quebec, sending you 5
2024-10-14 20:38:20.662902 Alpha: Golf, sending you 5
2024-10-14 20:38:20.667664 Alpha: Zulu, sending you 4
2024-10-14 20:38:20.670654 Alpha: Charlie, sending you 6
chatterbot Alpha submitting transactions
chatterbot Golf submitting transactions
chatterbot Uniform submitting transactions
chatterbot Charlie submitting transactions
chatterbot Romeo submitting transactions
chatterbot Quebec submitting transactions
chatterbot Tango submitting transactions
chatterbot Whiskey submitting transactions
chatterbot Zulu submitting transactions
chatterbot Yankee submitting transactions
ChatterBot Golf round 7
ChatterBot Uniform round 7
ChatterBot Quebec round 7
ChatterBot Zulu round 7
ChatterBot Whiskey round 7
ChatterBot Charlie round 7
ChatterBot Alpha round 7
ChatterBot Yankee round 7
ChatterBot Tango round 7
ChatterBot Romeo round 7
2024-10-14 20:38:21.846686 Zulu: Same as last round
2024-10-14 20:38:21.848677 Golf: Zulu and Charlie, sending you 5
2024-10-14 20:38:21.849700 Yankee: Uniform, Whiskey, Tango and Romeo, sending you 3
2024-10-14 20:38:21.851662 Alpha: Golf, sending you 4
2024-10-14 20:38:21.852741 Golf: Alpha, sending you 4
2024-10-14 20:38:21.854661 Charlie: Golf, sending you 5
2024-10-14 20:38:21.855003 Whiskey: Uniform, sending you 2
2024-10-14 20:38:21.856216 Alpha: Zulu, sending you 5
2024-10-14 20:38:21.856684 Yankee: Quebec, sending you 5
2024-10-14 20:38:21.857673 Quebec: Uniform, Whiskey, Tango and Romeo, sending you 3
2024-10-14 20:38:21.859690 Charlie: Zulu and Alpha, sending you 6
2024-10-14 20:38:21.860659 Whiskey: Quebec, Yankee, Tango and Romeo, sending you 3
2024-10-14 20:38:21.861630 Alpha: Charlie, sending you 6
2024-10-14 20:38:21.862680 Quebec: Yankee, sending you 6
2024-10-14 20:38:21.867652 Romeo: Uniform, sending you 2
2024-10-14 20:38:21.869707 Tango: Uniform, Quebec and Whiskey, sending you 3
2024-10-14 20:38:21.870952 Romeo: Quebec, Whiskey, Yankee and Tango, sending you 3
2024-10-14 20:38:21.874695 Tango: Yankee and Romeo, sending you 4
chatterbot Romeo submitting transactions
chatterbot Yankee submitting transactions
chatterbot Uniform submitting transactions
chatterbot Charlie submitting transactions
chatterbot Zulu submitting transactions
chatterbot Golf submitting transactions
chatterbot Whiskey submitting transactions
chatterbot Quebec submitting transactions
chatterbot Alpha submitting transactions
chatterbot Tango submitting transactions
ChatterBot Golf round 8
ChatterBot Uniform round 8
ChatterBot Quebec round 8
ChatterBot Zulu round 8
ChatterBot Whiskey round 8
ChatterBot Charlie round 8
ChatterBot Alpha round 8
ChatterBot Yankee round 8
ChatterBot Tango round 8
ChatterBot Romeo round 8
2024-10-14 20:38:23.220706 Golf: Zulu and Charlie, sending you 5
2024-10-14 20:38:23.221782 Charlie: Golf, sending you 5
2024-10-14 20:38:23.225702 Charlie: Zulu and Alpha, sending you 6
2024-10-14 20:38:23.227316 Golf: Alpha, sending you 4
2024-10-14 20:38:23.228884 Alpha: Sending you each 5
2024-10-14 20:38:23.229400 Tango: Uniform, Quebec and Whiskey, sending you 3
2024-10-14 20:38:23.230342 Zulu: Same as last round
2024-10-14 20:38:23.234600 Quebec: Uniform, Whiskey, Tango and Romeo, sending you 3
2024-10-14 20:38:23.235573 Whiskey: Uniform, sending you 2
2024-10-14 20:38:23.236404 Tango: Yankee and Romeo, sending you 4
2024-10-14 20:38:23.238470 Yankee: Uniform, Whiskey, Tango and Romeo, sending you 3
2024-10-14 20:38:23.239194 Romeo: Uniform, sending you 2
2024-10-14 20:38:23.240486 Quebec: Yankee, sending you 6
2024-10-14 20:38:23.241802 Whiskey: Quebec, Yankee, Tango and Romeo, sending you 3
2024-10-14 20:38:23.243631 Yankee: Quebec, sending you 5
2024-10-14 20:38:23.244481 Romeo: Quebec, Whiskey, Yankee and Tango, sending you 3
chatterbot Romeo submitting transactions
chatterbot Whiskey submitting transactions
chatterbot Tango submitting transactions
chatterbot Zulu submitting transactions
chatterbot Charlie submitting transactions
chatterbot Quebec submitting transactions
chatterbot Alpha submitting transactions
chatterbot Yankee submitting transactions
chatterbot Golf submitting transactions
chatterbot Uniform submitting transactions
ChatterBot Golf round 9
ChatterBot Uniform round 9
ChatterBot Quebec round 9
ChatterBot Zulu round 9
ChatterBot Whiskey round 9
ChatterBot Charlie round 9
ChatterBot Alpha round 9
ChatterBot Yankee round 9
ChatterBot Tango round 9
ChatterBot Romeo round 9
2024-10-14 20:38:24.467676 Quebec: Uniform, Whiskey, Tango and Romeo, sending you 3
2024-10-14 20:38:24.472691 Quebec: Yankee, sending you 6
2024-10-14 20:38:24.474685 Whiskey: Uniform, Quebec, Yankee and Romeo, sending you 3
2024-10-14 20:38:24.475629 Tango: Uniform, Quebec and Whiskey, sending you 3
2024-10-14 20:38:24.478665 Whiskey: Tango, sending you 2
2024-10-14 20:38:24.479749 Tango: Yankee and Romeo, sending you 4
2024-10-14 20:38:24.480261 Zulu: Same as last round
2024-10-14 20:38:24.481695 Alpha: Same as last round
2024-10-14 20:38:24.486722 Golf: Zulu and Charlie, sending you 5
2024-10-14 20:38:24.487249 Charlie: Golf, sending you 5
2024-10-14 20:38:24.488117 Romeo: Uniform, sending you 2
2024-10-14 20:38:24.489071 Yankee: Uniform, Whiskey, Tango and Romeo, sending you 3
2024-10-14 20:38:24.489807 Golf: Alpha, sending you 4
2024-10-14 20:38:24.491208 Charlie: Zulu and Alpha, sending you 6
2024-10-14 20:38:24.493824 Romeo: Quebec, Whiskey, Yankee and Tango, sending you 3
2024-10-14 20:38:24.494677 Yankee: Quebec, sending you 5
chatterbot Yankee submitting transactions
chatterbot Romeo submitting transactions
chatterbot Charlie submitting transactions
chatterbot Tango submitting transactions
chatterbot Uniform submitting transactions
chatterbot Golf submitting transactions
chatterbot Whiskey submitting transactions
chatterbot Zulu submitting transactions
chatterbot Quebec submitting transactions
chatterbot Alpha submitting transactions
ChatterBot Golf round 10
ChatterBot Uniform round 10
ChatterBot Quebec round 10
ChatterBot Zulu round 10
ChatterBot Whiskey round 10
ChatterBot Charlie round 10
ChatterBot Alpha round 10
ChatterBot Yankee round 10
ChatterBot Tango round 10
ChatterBot Romeo round 10
2024-10-14 20:38:25.476679 Golf: Zulu and Charlie, sending you 5
2024-10-14 20:38:25.482679 Golf: Alpha, sending you 4
2024-10-14 20:38:25.483381 Zulu: Same as last round
2024-10-14 20:38:25.484022 Alpha: Same as last round
2024-10-14 20:38:25.484666 Tango: Uniform, Quebec and Whiskey, sending you 3
2024-10-14 20:38:25.487658 Tango: Yankee and Romeo, sending you 4
2024-10-14 20:38:25.494698 Quebec: Uniform, Whiskey, Tango and Romeo, sending you 3
2024-10-14 20:38:25.495702 Whiskey: Uniform, Quebec, Yankee and Romeo, sending you 3
2024-10-14 20:38:25.497532 Romeo: Uniform, sending you 2
2024-10-14 20:38:25.498362 Yankee: Uniform, Whiskey, Tango and Romeo, sending you 3
2024-10-14 20:38:25.499237 Quebec: Yankee, sending you 6
2024-10-14 20:38:25.501138 Whiskey: Tango, sending you 2
2024-10-14 20:38:25.501966 Romeo: Quebec, Whiskey, Yankee and Tango, sending you 3
2024-10-14 20:38:25.503475 Charlie: Golf, sending you 5
2024-10-14 20:38:25.504262 Yankee: Quebec, sending you 5
2024-10-14 20:38:25.506788 Charlie: Zulu and Alpha, sending you 6
chatterbot Tango submitting transactions
chatterbot Yankee submitting transactions
chatterbot Quebec submitting transactions
chatterbot Uniform submitting transactions
chatterbot Zulu submitting transactions
chatterbot Alpha submitting transactions
chatterbot Romeo submitting transactions
chatterbot Whiskey submitting transactions
chatterbot Golf submitting transactions
chatterbot Charlie submitting transactions
ChatterBot Golf round 11
ChatterBot Uniform round 11
ChatterBot Quebec round 11
ChatterBot Zulu round 11
ChatterBot Whiskey round 11
ChatterBot Charlie round 11
ChatterBot Alpha round 11
ChatterBot Yankee round 11
ChatterBot Tango round 11
ChatterBot Romeo round 11
2024-10-14 20:38:26.581684 Quebec: Uniform, Whiskey, Tango and Romeo, sending you 3
2024-10-14 20:38:26.585191 Alpha: Same as last round
2024-10-14 20:38:26.585719 Yankee: Uniform, Whiskey, Tango and Romeo, sending you 3
2024-10-14 20:38:26.586482 Golf: Zulu and Charlie, sending you 5
2024-10-14 20:38:26.586896 Quebec: Yankee, sending you 6
2024-10-14 20:38:26.589662 Yankee: Quebec, sending you 5
2024-10-14 20:38:26.590696 Zulu: Same as last round
2024-10-14 20:38:26.591881 Golf: Alpha, sending you 4
2024-10-14 20:38:26.593669 Romeo: Uniform, sending you 2
2024-10-14 20:38:26.594963 Whiskey: Uniform, Quebec, Yankee and Romeo, sending you 3
2024-10-14 20:38:26.596695 Charlie: Golf, sending you 5
2024-10-14 20:38:26.598693 Tango: Uniform, Quebec and Whiskey, sending you 3
2024-10-14 20:38:26.599679 Romeo: Quebec, Whiskey, Yankee and Tango, sending you 3
2024-10-14 20:38:26.600687 Whiskey: Tango, sending you 2
2024-10-14 20:38:26.601793 Charlie: Zulu and Alpha, sending you 6
2024-10-14 20:38:26.602765 Tango: Yankee and Romeo, sending you 4
chatterbot Zulu submitting transactions
chatterbot Tango submitting transactions
chatterbot Romeo submitting transactions
chatterbot Charlie submitting transactions
chatterbot Quebec submitting transactions
chatterbot Golf submitting transactions
chatterbot Whiskey submitting transactions
chatterbot Yankee submitting transactions
chatterbot Uniform submitting transactions
chatterbot Alpha submitting transactions
ChatterBot Golf round 12
ChatterBot Uniform round 12
ChatterBot Quebec round 12
ChatterBot Zulu round 12
ChatterBot Whiskey round 12
ChatterBot Charlie round 12
ChatterBot Alpha round 12
ChatterBot Yankee round 12
ChatterBot Tango round 12
ChatterBot Romeo round 12
2024-10-14 20:38:27.862697 Zulu: Same as last round
2024-10-14 20:38:27.867668 Golf: Zulu and Charlie, sending you 5
2024-10-14 20:38:27.873382 Golf: Alpha, sending you 4
2024-10-14 20:38:27.873950 Whiskey: Uniform, Quebec, Yankee and Romeo, sending you 3
2024-10-14 20:38:27.875697 Charlie: Golf, sending you 5
2024-10-14 20:38:27.877666 Quebec: Uniform, Whiskey, Tango and Romeo, sending you 3
2024-10-14 20:38:27.878461 Whiskey: Tango, sending you 2
2024-10-14 20:38:27.879036 Romeo: Uniform, sending you 2
2024-10-14 20:38:27.879661 Charlie: Zulu and Alpha, sending you 6
2024-10-14 20:38:27.880013 Alpha: Same as last round
2024-10-14 20:38:27.882626 Quebec: Yankee, sending you 6
2024-10-14 20:38:27.883397 Romeo: Quebec, Whiskey, Yankee and Tango, sending you 3
2024-10-14 20:38:27.884157 Yankee: Uniform, Whiskey, Tango and Romeo, sending you 3
2024-10-14 20:38:27.889676 Yankee: Quebec, sending you 5
2024-10-14 20:38:27.890675 Tango: Uniform, Quebec and Whiskey, sending you 3
2024-10-14 20:38:27.895238 Tango: Yankee and Romeo, sending you 4
chatterbot Alpha submitting transactions
chatterbot Whiskey submitting transactions
chatterbot Yankee submitting transactions
chatterbot Zulu submitting transactions
chatterbot Quebec submitting transactions
chatterbot Golf submitting transactions
chatterbot Tango submitting transactions
chatterbot Romeo submitting transactions
chatterbot Uniform submitting transactions
chatterbot Charlie submitting transactions
ChatterBot Golf round 13
ChatterBot Uniform round 13
ChatterBot Quebec round 13
ChatterBot Zulu round 13
ChatterBot Whiskey round 13
ChatterBot Charlie round 13
ChatterBot Alpha round 13
ChatterBot Yankee round 13
ChatterBot Tango round 13
ChatterBot Romeo round 13
2024-10-14 20:38:29.073678 Charlie: Golf and Zulu, sending you 6
2024-10-14 20:38:29.078041 Whiskey: Uniform, Quebec, Yankee and Romeo, sending you 3
2024-10-14 20:38:29.079012 Charlie: Alpha, sending you 5
2024-10-14 20:38:29.081670 Yankee: Uniform, Whiskey, Tango and Romeo, sending you 3
2024-10-14 20:38:29.082701 Romeo: Uniform, sending you 2
2024-10-14 20:38:29.084037 Whiskey: Tango, sending you 2
2024-10-14 20:38:29.084829 Zulu: Same as last round
2024-10-14 20:38:29.085690 Yankee: Quebec, sending you 5
2024-10-14 20:38:29.087673 Romeo: Quebec, Whiskey, Yankee and Tango, sending you 3
2024-10-14 20:38:29.089879 Golf: Zulu and Alpha, sending you 5
2024-10-14 20:38:29.090697 Quebec: Uniform, Whiskey, Tango and Romeo, sending you 3
2024-10-14 20:38:29.093690 Alpha: Same as last round
2024-10-14 20:38:29.094244 Golf: Charlie, sending you 4
2024-10-14 20:38:29.094692 Quebec: Yankee, sending you 6
2024-10-14 20:38:29.102697 Tango: Uniform, Quebec and Whiskey, sending you 3
2024-10-14 20:38:29.107694 Tango: Yankee and Romeo, sending you 4
chatterbot Romeo submitting transactions
chatterbot Quebec submitting transactions
chatterbot Yankee submitting transactions
chatterbot Tango submitting transactions
chatterbot Charlie submitting transactions
chatterbot Golf submitting transactions
chatterbot Uniform submitting transactions
chatterbot Zulu submitting transactions
chatterbot Alpha submitting transactions
chatterbot Whiskey submitting transactions
ChatterBot Golf round 14
ChatterBot Uniform round 14
ChatterBot Quebec round 14
ChatterBot Zulu round 14
ChatterBot Whiskey round 14
ChatterBot Charlie round 14
ChatterBot Alpha round 14
ChatterBot Yankee round 14
ChatterBot Tango round 14
ChatterBot Romeo round 14
2024-10-14 20:38:30.504915 Zulu: Same as last round
2024-10-14 20:38:30.510095 Golf: Zulu and Charlie, sending you 5
2024-10-14 20:38:30.511287 Whiskey: Uniform, Quebec, Yankee and Romeo, sending you 3
2024-10-14 20:38:30.514386 Charlie: Golf, sending you 5
2024-10-14 20:38:30.516192 Quebec: Uniform, Whiskey, Tango and Romeo, sending you 3
2024-10-14 20:38:30.518946 Alpha: Same as last round
2024-10-14 20:38:30.519923 Tango: Uniform, Quebec and Whiskey, sending you 3
2024-10-14 20:38:30.522978 Golf: Alpha, sending you 4
2024-10-14 20:38:30.524083 Whiskey: Tango, sending you 2
2024-10-14 20:38:30.526853 Yankee: Uniform, Whiskey, Tango and Romeo, sending you 3
2024-10-14 20:38:30.529481 Charlie: Zulu and Alpha, sending you 6
2024-10-14 20:38:30.531264 Quebec: Yankee, sending you 6
2024-10-14 20:38:30.534104 Romeo: Uniform, sending you 2
2024-10-14 20:38:30.536475 Tango: Yankee and Romeo, sending you 4
2024-10-14 20:38:30.539265 Yankee: Quebec, sending you 5
2024-10-14 20:38:30.541694 Romeo: Quebec, Whiskey, Yankee and Tango, sending you 3
chatterbot Whiskey submitting transactions
chatterbot Charlie submitting transactions
chatterbot Golf submitting transactions
chatterbot Quebec submitting transactions
chatterbot Alpha submitting transactions
chatterbot Uniform submitting transactions
chatterbot Zulu submitting transactions
chatterbot Yankee submitting transactions
chatterbot Romeo submitting transactions
chatterbot Tango submitting transactions
ChatterBot Golf round 15
ChatterBot Uniform round 15
ChatterBot Quebec round 15
ChatterBot Zulu round 15
ChatterBot Whiskey round 15
ChatterBot Charlie round 15
ChatterBot Alpha round 15
ChatterBot Yankee round 15
ChatterBot Tango round 15
ChatterBot Romeo round 15
2024-10-14 20:38:31.623671 Quebec: Uniform, Whiskey, Tango and Romeo, sending you 3
2024-10-14 20:38:31.628659 Quebec: Yankee, sending you 6
2024-10-14 20:38:31.630687 Charlie: Golf, sending you 5
2024-10-14 20:38:31.631157 Alpha: Same as last round
2024-10-14 20:38:31.633673 Charlie: Zulu and Alpha, sending you 6
2024-10-14 20:38:31.634687 Zulu: Same as last round
2024-10-14 20:38:31.636991 Golf: Zulu and Alpha, sending you 5
2024-10-14 20:38:31.637869 Whiskey: Uniform, Quebec, Yankee and Romeo, sending you 3
2024-10-14 20:38:31.638734 Yankee: Uniform, Whiskey, Tango and Romeo, sending you 3
2024-10-14 20:38:31.641679 Whiskey: Tango, sending you 2
2024-10-14 20:38:31.642607 Yankee: Quebec, sending you 5
2024-10-14 20:38:31.643230 Golf: Charlie, sending you 4
2024-10-14 20:38:31.644693 Romeo: Uniform, sending you 2
2024-10-14 20:38:31.648680 Romeo: Quebec, Whiskey, Yankee and Tango, sending you 3
2024-10-14 20:38:31.649702 Tango: Uniform, Whiskey and Romeo, sending you 3
2024-10-14 20:38:31.652663 Tango: Quebec and Yankee, sending you 4
chatterbot Alpha submitting transactions
chatterbot Golf submitting transactions
chatterbot Tango submitting transactions
chatterbot Yankee submitting transactions
chatterbot Uniform submitting transactions
chatterbot Zulu submitting transactions
chatterbot Whiskey submitting transactions
chatterbot Romeo submitting transactions
chatterbot Quebec submitting transactions
chatterbot Charlie submitting transactions
ChatterBot Golf round 16
ChatterBot Uniform round 16
ChatterBot Quebec round 16
ChatterBot Zulu round 16
ChatterBot Whiskey round 16
ChatterBot Charlie round 16
ChatterBot Alpha round 16
ChatterBot Yankee round 16
ChatterBot Tango round 16
ChatterBot Romeo round 16
2024-10-14 20:38:32.848677 Golf: Zulu and Alpha, sending you 5
2024-10-14 20:38:32.849681 Alpha: Same as last round
2024-10-14 20:38:32.852667 Golf: Charlie, sending you 4
2024-10-14 20:38:32.854663 Zulu: Same as last round
2024-10-14 20:38:32.862715 Whiskey: Uniform, Quebec, Yankee and Romeo, sending you 3
2024-10-14 20:38:32.863759 Tango: Uniform and Yankee, sending you 4
2024-10-14 20:38:32.866130 Quebec: Uniform, Whiskey, Tango and Romeo, sending you 3
2024-10-14 20:38:32.867193 Yankee: Uniform, Whiskey, Tango and Romeo, sending you 3
2024-10-14 20:38:32.868042 Whiskey: Tango, sending you 2
2024-10-14 20:38:32.869047 Tango: Quebec, Whiskey and Romeo, sending you 3
2024-10-14 20:38:32.870870 Charlie: Golf, sending you 5
2024-10-14 20:38:32.871454 Quebec: Yankee, sending you 6
2024-10-14 20:38:32.872302 Romeo: Uniform, sending you 2
2024-10-14 20:38:32.873867 Yankee: Quebec, sending you 5
2024-10-14 20:38:32.875702 Charlie: Zulu and Alpha, sending you 6
2024-10-14 20:38:32.877670 Romeo: Quebec, Whiskey, Yankee and Tango, sending you 3
chatterbot Golf submitting transactions
chatterbot Alpha submitting transactions
chatterbot Zulu submitting transactions
chatterbot Uniform submitting transactions
chatterbot Whiskey submitting transactions
chatterbot Quebec submitting transactions
chatterbot Romeo submitting transactions
chatterbot Yankee submitting transactions
chatterbot Tango submitting transactions
chatterbot Charlie submitting transactions
ChatterBot Golf round 17
ChatterBot Uniform round 17
ChatterBot Quebec round 17
ChatterBot Zulu round 17
ChatterBot Whiskey round 17
ChatterBot Charlie round 17
ChatterBot Alpha round 17
ChatterBot Yankee round 17
ChatterBot Tango round 17
ChatterBot Romeo round 17
2024-10-14 20:38:34.129675 Golf: Zulu and Alpha, sending you 5
2024-10-14 20:38:34.132299 Charlie: Golf, sending you 5
2024-10-14 20:38:34.133101 Golf: Charlie, sending you 4
2024-10-14 20:38:34.135644 Charlie: Zulu and Alpha, sending you 6
2024-10-14 20:38:34.136685 Whiskey: Uniform, Quebec, Yankee and Romeo, sending you 3
2024-10-14 20:38:34.139679 Zulu: Same as last round
2024-10-14 20:38:34.140712 Whiskey: Tango, sending you 2
2024-10-14 20:38:34.142825 Alpha: Same as last round
2024-10-14 20:38:34.143641 Yankee: Uniform, Whiskey, Tango and Romeo, sending you 3
2024-10-14 20:38:34.148198 Quebec: Uniform, Whiskey, Tango and Romeo, sending you 3
2024-10-14 20:38:34.149419 Romeo: Uniform, sending you 2
2024-10-14 20:38:34.151062 Tango: Uniform and Yankee, sending you 4
2024-10-14 20:38:34.151920 Yankee: Quebec, sending you 5
2024-10-14 20:38:34.153899 Quebec: Yankee, sending you 6
2024-10-14 20:38:34.154965 Romeo: Quebec, Whiskey, Yankee and Tango, sending you 3
2024-10-14 20:38:34.156933 Tango: Quebec, Whiskey and Romeo, sending you 3
chatterbot Quebec submitting transactions
chatterbot Yankee submitting transactions
chatterbot Alpha submitting transactions
chatterbot Tango submitting transactions
chatterbot Whiskey submitting transactions
chatterbot Romeo submitting transactions
chatterbot Golf submitting transactions
chatterbot Zulu submitting transactions
chatterbot Charlie submitting transactions
chatterbot Uniform submitting transactions
ChatterBot Golf round 18
ChatterBot Uniform round 18
ChatterBot Quebec round 18
ChatterBot Zulu round 18
ChatterBot Whiskey round 18
ChatterBot Charlie round 18
ChatterBot Alpha round 18
ChatterBot Yankee round 18
ChatterBot Tango round 18
ChatterBot Romeo round 18
2024-10-14 20:38:35.412682 Quebec: Uniform, Whiskey, Tango and Romeo, sending you 3
2024-10-14 20:38:35.414795 Zulu: Same as last round
