ChatterBot Zulu round 1
ChatterBot November round 1
ChatterBot Oscar round 1
ChatterBot Charlie round 1
ChatterBot Bravo round 1
ChatterBot X-ray round 1
ChatterBot Delta round 1
ChatterBot Sierra round 1
ChatterBot Victor round 1
ChatterBot Whiskey round 1
randomSelections November: {November, Victor, Sierra, X-ray} 
2024-10-14 20:38:12.118774 November: Let's form a team
ChatterBot Victor reevaluating
ChatterBot Sierra reevaluating
ChatterBot X-ray reevaluating
2024-10-14 20:38:12.128935 Victor: Yes
2024-10-14 20:38:12.129811 Sierra: Yes
2024-10-14 20:38:12.130129 X-ray: Yes
ChatterBot Sierra reevaluating
ChatterBot X-ray reevaluating
ChatterBot Victor reevaluating
ChatterBot X-ray reevaluating
ChatterBot Victor reevaluating
ChatterBot Sierra reevaluating
randomSelections Charlie: {Charlie, Victor, Sierra, Zulu, Whiskey} 
2024-10-14 20:38:12.158052 Charlie: Group up?
ChatterBot Victor reevaluating
ChatterBot Sierra reevaluating
ChatterBot Zulu reevaluating
ChatterBot Whiskey reevaluating
2024-10-14 20:38:12.166578 Victor: No
2024-10-14 20:38:12.167008 Sierra: No
2024-10-14 20:38:12.167340 Zulu: Yes
2024-10-14 20:38:12.168019 Whiskey: Yes
ChatterBot Sierra reevaluating
ChatterBot Zulu reevaluating
ChatterBot Whiskey reevaluating
ChatterBot Victor reevaluating
ChatterBot Zulu reevaluating
ChatterBot Whiskey reevaluating
ChatterBot Victor reevaluating
ChatterBot Sierra reevaluating
ChatterBot Whiskey reevaluating
ChatterBot Victor reevaluating
ChatterBot Sierra reevaluating
ChatterBot Zulu reevaluating
randomSelections Bravo: {Bravo, Zulu, Victor, X-ray, November} 
2024-10-14 20:38:12.216026 Bravo: Friends?
ChatterBot Zulu reevaluating
ChatterBot Victor reevaluating
ChatterBot X-ray reevaluating
2024-10-14 20:38:12.226882 Zulu: No
2024-10-14 20:38:12.227727 Victor: No
2024-10-14 20:38:12.228153 X-ray: No
2024-10-14 20:38:12.228414 November: No
ChatterBot Victor reevaluating
ChatterBot X-ray reevaluating
ChatterBot Zulu reevaluating
ChatterBot X-ray reevaluating
ChatterBot Zulu reevaluating
ChatterBot Victor reevaluating
ChatterBot Zulu reevaluating
ChatterBot Victor reevaluating
ChatterBot X-ray reevaluating
randomSelections Oscar: {Oscar, X-ray, Whiskey, Bravo, November, Charlie, Sierra} 
2024-10-14 20:38:12.273264 Oscar: We should group up
ChatterBot X-ray reevaluating
ChatterBot Whiskey reevaluating
ChatterBot Sierra reevaluating
2024-10-14 20:38:12.283506 X-ray: No
2024-10-14 20:38:12.283725 Whiskey: No
2024-10-14 20:38:12.283877 Bravo: No
2024-10-14 20:38:12.284890 November: No
2024-10-14 20:38:12.285147 Charlie: No
2024-10-14 20:38:12.285427 Sierra: No
ChatterBot Whiskey reevaluating
ChatterBot Sierra reevaluating
ChatterBot X-ray reevaluating
ChatterBot Sierra reevaluating
ChatterBot X-ray reevaluating
ChatterBot Whiskey reevaluating
ChatterBot Sierra reevaluating
ChatterBot X-ray reevaluating
ChatterBot Whiskey reevaluating
ChatterBot Sierra reevaluating
ChatterBot X-ray reevaluating
ChatterBot Whiskey reevaluating
ChatterBot Sierra reevaluating
ChatterBot X-ray reevaluating
ChatterBot Whiskey reevaluating
randomSelections Delta: {Delta, Oscar, Zulu, Bravo} 
2024-10-14 20:38:12.382704 Delta: Group up?
ChatterBot Zulu reevaluating
2024-10-14 20:38:12.391449 Oscar: No
2024-10-14 20:38:12.391697 Zulu: No
2024-10-14 20:38:12.391950 Bravo: No
ChatterBot Zulu reevaluating
ChatterBot Zulu reevaluating
2024-10-14 20:38:12.426674 Victor: November and X-ray, sending you 4
2024-10-14 20:38:12.428016 X-ray: November and Sierra, sending you 5
2024-10-14 20:38:12.430655 Victor: Sierra, sending you 3
2024-10-14 20:38:12.431533 X-ray: Victor, sending you 3
2024-10-14 20:38:12.432715 Bravo: Zulu, sending you 2
2024-10-14 20:38:12.433595 Oscar: November, sending you 2
2024-10-14 20:38:12.433937 November: X-ray, sending you 7
2024-10-14 20:38:12.435095 Charlie: Zulu, Sierra and Victor, sending you 3
2024-10-14 20:38:12.437692 Bravo: November, sending you 3
2024-10-14 20:38:12.438003 Whiskey: Zulu, sending you 1
2024-10-14 20:38:12.438769 Sierra: November, sending you 2
2024-10-14 20:38:12.439119 Oscar: Charlie, sending you 6
2024-10-14 20:38:12.439445 November: Sierra, sending you 5
2024-10-14 20:38:12.440239 Charlie: Whiskey, sending you 6
2024-10-14 20:38:12.440519 Delta: Oscar, sending you 2
2024-10-14 20:38:12.440913 Bravo: X-ray, sending you 5
2024-10-14 20:38:12.441869 Whiskey: Charlie and Victor, sending you 3
2024-10-14 20:38:12.442291 Oscar: X-ray, Sierra and Whiskey, sending you 3
2024-10-14 20:38:12.443731 Sierra: X-ray, sending you 11
2024-10-14 20:38:12.444122 November: Victor, sending you 3
2024-10-14 20:38:12.445660 Bravo: Victor, sending you 4
2024-10-14 20:38:12.446702 Whiskey: Sierra, sending you 6
2024-10-14 20:38:12.447244 Sierra: Victor, sending you 3
chatterbot November submitting transactions
chatterbot Charlie submitting transactions
chatterbot X-ray submitting transactions
chatterbot Victor submitting transactions
chatterbot Whiskey submitting transactions
chatterbot Sierra submitting transactions
chatterbot Oscar submitting transactions
chatterbot Bravo submitting transactions
chatterbot Zulu submitting transactions
chatterbot Delta submitting transactions
ChatterBot Zulu round 2
ChatterBot November round 2
ChatterBot Oscar round 2
ChatterBot Charlie round 2
2024-10-14 20:38:15.073695 Oscar: Group up?
ChatterBot Delta reevaluating
2024-10-14 20:38:15.094355 Delta: Yes
ChatterBot Bravo round 2
ChatterBot X-ray round 2
ChatterBot Delta round 2
ChatterBot Sierra round 2
ChatterBot Victor round 2
ChatterBot Whiskey round 2
2024-10-14 20:38:15.117586 Charlie: Can we be friends?
ChatterBot Oscar reevaluating
ChatterBot Whiskey reevaluating
2024-10-14 20:38:15.138376 Zulu: No
2024-10-14 20:38:15.139007 Oscar: Yes
2024-10-14 20:38:15.139162 Whiskey: Yes
ChatterBot Oscar reevaluating
ChatterBot Whiskey reevaluating
ChatterBot Zulu reevaluating
ChatterBot Whiskey reevaluating
ChatterBot Zulu reevaluating
ChatterBot Oscar reevaluating
2024-10-14 20:38:15.197999 Oscar: We should group up
ChatterBot Zulu reevaluating
ChatterBot Charlie reevaluating
ChatterBot Whiskey reevaluating
ChatterBot Delta reevaluating
2024-10-14 20:38:15.226478 Zulu: No
2024-10-14 20:38:15.227294 Charlie: No
2024-10-14 20:38:15.227476 Whiskey: No
2024-10-14 20:38:15.227673 Delta: Yes
ChatterBot Oscar reevaluating
ChatterBot Charlie reevaluating
ChatterBot Whiskey reevaluating
ChatterBot Delta reevaluating
ChatterBot Oscar reevaluating
ChatterBot Zulu reevaluating
ChatterBot Whiskey reevaluating
ChatterBot Delta reevaluating
ChatterBot Oscar reevaluating
ChatterBot Zulu reevaluating
ChatterBot Charlie reevaluating
ChatterBot Delta reevaluating
ChatterBot Oscar reevaluating
ChatterBot Zulu reevaluating
ChatterBot Charlie reevaluating
ChatterBot Whiskey reevaluating
2024-10-14 20:38:15.343893 X-ray: We should add Bravo and Oscar
ChatterBot Victor reevaluating
ChatterBot Sierra reevaluating
2024-10-14 20:38:15.377999 November: No
2024-10-14 20:38:15.378292 Victor: No
2024-10-14 20:38:15.379965 Sierra: Yes
ChatterBot Victor reevaluating
ChatterBot Sierra reevaluating
ChatterBot Sierra reevaluating
ChatterBot Victor reevaluating
2024-10-14 20:38:15.507820 Victor: We should add Bravo
ChatterBot November reevaluating
ChatterBot Sierra reevaluating
2024-10-14 20:38:15.522839 November: Yes
2024-10-14 20:38:15.523002 Sierra: Yes
2024-10-14 20:38:15.523117 X-ray: Yes
ChatterBot Victor reevaluating
ChatterBot Sierra reevaluating
ChatterBot November reevaluating
ChatterBot Victor reevaluating
ChatterBot November reevaluating
ChatterBot Victor reevaluating
ChatterBot Sierra reevaluating
2024-10-14 20:38:15.564832 Bravo: Friends?
ChatterBot Delta reevaluating
2024-10-14 20:38:15.569406 Delta: Yes
2024-10-14 20:38:15.589751 X-ray: Bravo and Oscar we want you to join our group
2024-10-14 20:38:15.597592 Bravo: No
2024-10-14 20:38:15.597815 Oscar: No
ChatterBot November reevaluating
ChatterBot Sierra reevaluating
ChatterBot Victor reevaluating
ChatterBot November reevaluating
ChatterBot Sierra reevaluating
ChatterBot Victor reevaluating
2024-10-14 20:38:15.690529 Delta: We should drop Oscar and Zulu
2024-10-14 20:38:15.695082 Bravo: Yes
2024-10-14 20:38:15.698982 Oscar: Zulu, Charlie and Whiskey, sending you 3
2024-10-14 20:38:15.699335 Charlie: Zulu, sending you 4
2024-10-14 20:38:15.699605 Sierra: Bravo and Oscar we want you to join our group
2024-10-14 20:38:15.707322 Bravo: No
2024-10-14 20:38:15.707448 Oscar: No
ChatterBot November reevaluating
ChatterBot November reevaluating
2024-10-14 20:38:15.745879 Victor: Bravo we want you to join our group
ChatterBot Bravo reevaluating
2024-10-14 20:38:15.750089 Bravo: No
ChatterBot November reevaluating
2024-10-14 20:38:15.764776 Bravo: We would work well together
ChatterBot Zulu reevaluating
ChatterBot Charlie reevaluating
ChatterBot Whiskey reevaluating
2024-10-14 20:38:15.781085 Zulu: Yes
2024-10-14 20:38:15.781265 Oscar: No
2024-10-14 20:38:15.781434 Charlie: Yes
2024-10-14 20:38:15.781557 Whiskey: Yes
ChatterBot Charlie reevaluating
ChatterBot Whiskey reevaluating
ChatterBot Bravo reevaluating
ChatterBot Zulu reevaluating
ChatterBot Charlie reevaluating
ChatterBot Whiskey reevaluating
ChatterBot Bravo reevaluating
ChatterBot Zulu reevaluating
ChatterBot Whiskey reevaluating
ChatterBot Bravo reevaluating
ChatterBot Zulu reevaluating
ChatterBot Charlie reevaluating
ChatterBot Bravo reevaluating
chatterbot Oscar submitting transactions
chatterbot Zulu submitting transactions
2024-10-14 20:38:15.851124 Oscar: Delta, sending you 8
chatterbot X-ray submitting transactions
2024-10-14 20:38:15.925001 X-ray: November, Bravo and Sierra, sending you 3
2024-10-14 20:38:15.983569 November: X-ray, sending you 6
2024-10-14 20:38:15.984281 X-ray: Oscar and Victor, sending you 2
2024-10-14 20:38:15.984586 Victor: November, Bravo and X-ray, sending you 3
2024-10-14 20:38:15.984864 Sierra: November, sending you 5
2024-10-14 20:38:15.985144 Delta: Sending you 9
chatterbot Victor submitting transactions
2024-10-14 20:38:16.039813 November: Sierra, sending you 4
2024-10-14 20:38:16.040771 Sierra: Oscar and Victor, sending you 3
2024-10-14 20:38:16.041247 Victor: Sierra, sending you 2
2024-10-14 20:38:16.042263 Whiskey: Zulu, Oscar and Bravo, sending you 3
2024-10-14 20:38:16.042738 Zulu: Oscar, sending you 1
2024-10-14 20:38:16.043223 Bravo: Sending you 6
2024-10-14 20:38:16.207039 Sierra: Bravo, sending you 1
2024-10-14 20:38:16.208388 November: Victor, sending you 5
2024-10-14 20:38:16.208750 Zulu: Charlie, sending you 6
2024-10-14 20:38:16.209854 Whiskey: Charlie, sending you 4
2024-10-14 20:38:16.245128 Sierra: X-ray, sending you 4
2024-10-14 20:38:16.246645 Zulu: Bravo, sending you 5
chatterbot Charlie submitting transactions
2024-10-14 20:38:16.329191 Zulu: Whiskey, sending you 3
chatterbot Zulu submitting transactions
chatterbot Charlie submitting transactions
chatterbot Sierra submitting transactions
chatterbot Delta submitting transactions
chatterbot Whiskey submitting transactions
chatterbot Bravo submitting transactions
chatterbot November submitting transactions
ChatterBot Zulu round 3
ChatterBot November round 3
ChatterBot Oscar round 3
ChatterBot Charlie round 3
ChatterBot Bravo round 3
ChatterBot X-ray round 3
2024-10-14 20:38:17.137559 Zulu: We should add Delta
ChatterBot Oscar reevaluating
ChatterBot Charlie reevaluating
ChatterBot Whiskey reevaluating
ChatterBot Bravo reevaluating
2024-10-14 20:38:17.153813 Oscar: Yes
2024-10-14 20:38:17.154175 Charlie: No
2024-10-14 20:38:17.154459 Whiskey: Yes
2024-10-14 20:38:17.155121 Bravo: Yes
ChatterBot Charlie reevaluating
ChatterBot Whiskey reevaluating
ChatterBot Bravo reevaluating
ChatterBot Oscar reevaluating
ChatterBot Whiskey reevaluating
ChatterBot Bravo reevaluating
ChatterBot Oscar reevaluating
ChatterBot Charlie reevaluating
ChatterBot Bravo reevaluating
ChatterBot Oscar reevaluating
ChatterBot Charlie reevaluating
ChatterBot Whiskey reevaluating
ChatterBot Delta round 3
ChatterBot Sierra round 3
ChatterBot Victor round 3
ChatterBot Whiskey round 3
2024-10-14 20:38:17.247729 Zulu: Delta we want you to join our group
ChatterBot Delta reevaluating
2024-10-14 20:38:17.252869 Delta: Yes
ChatterBot Oscar reevaluating
ChatterBot Charlie reevaluating
ChatterBot Whiskey reevaluating
ChatterBot Bravo reevaluating
2024-10-14 20:38:17.295714 X-ray: We should drop Oscar
ChatterBot Bravo reevaluating
2024-10-14 20:38:17.311026 Victor: Yes
2024-10-14 20:38:17.311225 November: Yes
2024-10-14 20:38:17.311347 Bravo: Yes
2024-10-14 20:38:17.311457 Sierra: Yes
ChatterBot Bravo reevaluating
ChatterBot Bravo reevaluating
ChatterBot Bravo reevaluating
2024-10-14 20:38:17.376157 Charlie: We should drop Bravo
2024-10-14 20:38:17.387624 Zulu: No
2024-10-14 20:38:17.387787 Oscar: No
2024-10-14 20:38:17.387895 Whiskey: No
ChatterBot Charlie reevaluating
ChatterBot Charlie reevaluating
ChatterBot Charlie reevaluating
2024-10-14 20:38:17.423511 Sierra: We should drop Bravo and Oscar
2024-10-14 20:38:17.434917 November: Yes
2024-10-14 20:38:17.435110 Victor: Yes
2024-10-14 20:38:17.435219 X-ray: No
2024-10-14 20:38:17.468375 Victor: We should drop Bravo
2024-10-14 20:38:17.478205 November: Yes
2024-10-14 20:38:17.478361 Sierra: Yes
2024-10-14 20:38:17.479049 X-ray: No
2024-10-14 20:38:17.513694 Zulu: Oscar, sending you 3
2024-10-14 20:38:17.514604 Oscar: Zulu, Bravo and Delta, sending you 3
2024-10-14 20:38:17.515141 Whiskey: Zulu, Oscar and Charlie, sending you 3
2024-10-14 20:38:17.515538 November: Sending you each 5
2024-10-14 20:38:17.516535 Delta: Zulu, Charlie and Whiskey, sending you 3
2024-10-14 20:38:17.518669 Zulu: Charlie, sending you 5
2024-10-14 20:38:17.519030 Whiskey: Bravo and Delta, sending you 2
2024-10-14 20:38:17.519988 Oscar: Charlie and Whiskey, sending you 4
2024-10-14 20:38:17.521728 Delta: Oscar, sending you 6
2024-10-14 20:38:17.523714 Zulu: Bravo, sending you 2
2024-10-14 20:38:17.527028 Zulu: Delta, sending you 1
2024-10-14 20:38:17.528682 X-ray: November, Bravo and Victor, sending you 3
2024-10-14 20:38:17.529272 Bravo: Zulu and Delta, sending you 4
2024-10-14 20:38:17.531682 Zulu: Whiskey, sending you 4
2024-10-14 20:38:17.532396 Sierra: November and X-ray, sending you 6
2024-10-14 20:38:17.532749 Victor: November and Sierra, sending you 4
2024-10-14 20:38:17.533908 X-ray: Sierra, sending you 4
2024-10-14 20:38:17.534671 Bravo: Oscar, sending you 1
2024-10-14 20:38:17.535675 Zulu: Charlie did not give me 4 like they said
ChatterBot Oscar reevaluating
ChatterBot Charlie reevaluating
ChatterBot Whiskey reevaluating
ChatterBot Bravo reevaluating
ChatterBot Delta reevaluating
2024-10-14 20:38:17.565818 Sierra: Victor, sending you 4
2024-10-14 20:38:17.566294 Victor: X-ray, sending you 3
chatterbot November submitting transactions
chatterbot Oscar submitting transactions
chatterbot Charlie submitting transactions
chatterbot X-ray submitting transactions
chatterbot Whiskey submitting transactions
chatterbot Bravo submitting transactions
chatterbot Sierra submitting transactions
chatterbot Delta submitting transactions
chatterbot Whiskey submitting transactions
chatterbot Victor submitting transactions
chatterbot Zulu submitting transactions
ChatterBot Zulu round 4
ChatterBot November round 4
ChatterBot Oscar round 4
ChatterBot Charlie round 4
ChatterBot Bravo round 4
ChatterBot X-ray round 4
2024-10-14 20:38:18.450761 Charlie: We should add Delta
ChatterBot Zulu reevaluating
ChatterBot Oscar reevaluating
ChatterBot Bravo reevaluating
2024-10-14 20:38:18.465335 Zulu: Yes
2024-10-14 20:38:18.465576 Oscar: Yes
2024-10-14 20:38:18.465763 Whiskey: Yes
2024-10-14 20:38:18.465926 Bravo: Yes
ChatterBot Oscar reevaluating
ChatterBot Charlie reevaluating
ChatterBot Bravo reevaluating
ChatterBot Zulu reevaluating
ChatterBot Charlie reevaluating
ChatterBot Bravo reevaluating
ChatterBot Zulu reevaluating
ChatterBot Oscar reevaluating
ChatterBot Charlie reevaluating
ChatterBot Bravo reevaluating
ChatterBot Zulu reevaluating
ChatterBot Oscar reevaluating
ChatterBot Charlie reevaluating
ChatterBot Delta round 4
ChatterBot Sierra round 4
ChatterBot Victor round 4
ChatterBot Whiskey round 4
chatterbot Oscar submitting transactions
2024-10-14 20:38:18.543199 Charlie: Delta we want you to join our group
ChatterBot Delta reevaluating
2024-10-14 20:38:18.546859 Delta: No
ChatterBot Charlie reevaluating
2024-10-14 20:38:18.560940 Delta: We should replace Whiskey with Bravo
ChatterBot Charlie reevaluating
2024-10-14 20:38:18.569202 Zulu: No
2024-10-14 20:38:18.569781 Oscar: No
2024-10-14 20:38:18.569913 Charlie: No
ChatterBot Delta reevaluating
ChatterBot Charlie reevaluating
ChatterBot Delta reevaluating
ChatterBot Charlie reevaluating
ChatterBot Delta reevaluating
2024-10-14 20:38:18.598705 November: Same as last round
2024-10-14 20:38:18.599895 X-ray: November, Bravo and Victor, sending you 3
2024-10-14 20:38:18.600251 Oscar: Zulu, Bravo and Whiskey, sending you 3
2024-10-14 20:38:18.600738 Zulu: Oscar, Bravo and Whiskey, sending you 3
2024-10-14 20:38:18.603688 X-ray: Sierra, sending you 4
2024-10-14 20:38:18.604120 Oscar: Charlie and Delta, sending you 4
2024-10-14 20:38:18.605200 Zulu: Charlie, sending you 4
2024-10-14 20:38:18.607277 Delta: Bravo we want you to join our group
2024-10-14 20:38:18.611445 Bravo: Yes
ChatterBot Delta reevaluating
2024-10-14 20:38:18.629508 Sierra: November and X-ray, sending you 6
2024-10-14 20:38:18.630417 Zulu: Delta, sending you 2
2024-10-14 20:38:18.634686 Sierra: Victor, sending you 4
2024-10-14 20:38:18.635133 Victor: November and Sierra, sending you 4
2024-10-14 20:38:18.635884 Whiskey: Zulu, Oscar and Charlie, sending you 3
2024-10-14 20:38:18.638662 Whiskey: Bravo and Delta, sending you 2
2024-10-14 20:38:18.639826 Victor: X-ray, sending you 3
2024-10-14 20:38:18.655275 Delta: Zulu and Charlie, sending you 3
2024-10-14 20:38:18.658899 Delta: Oscar, sending you 4
2024-10-14 20:38:18.661695 Delta: Bravo, sending you 5
chatterbot November submitting transactions
chatterbot Delta submitting transactions
chatterbot X-ray submitting transactions
chatterbot Charlie submitting transactions
chatterbot Bravo submitting transactions
chatterbot Victor submitting transactions
chatterbot Oscar submitting transactions
chatterbot Whiskey submitting transactions
chatterbot Zulu submitting transactions
chatterbot Sierra submitting transactions
ChatterBot Zulu round 5
ChatterBot November round 5
ChatterBot Oscar round 5
ChatterBot Charlie round 5
ChatterBot Bravo round 5
ChatterBot X-ray round 5
ChatterBot Delta round 5
ChatterBot Sierra round 5
ChatterBot Victor round 5
ChatterBot Whiskey round 5
2024-10-14 20:38:19.652930 Charlie: We should add Delta
2024-10-14 20:38:19.661016 Zulu: Yes
2024-10-14 20:38:19.661207 Oscar: Yes
2024-10-14 20:38:19.661357 Whiskey: Yes
2024-10-14 20:38:19.661483 Bravo: Yes
2024-10-14 20:38:19.709754 Charlie: Delta we want you to join our group
2024-10-14 20:38:19.711936 Delta: No
2024-10-14 20:38:19.724674 November: Same as last round
2024-10-14 20:38:19.725501 X-ray: November, Bravo and Victor, sending you 3
2024-10-14 20:38:19.729676 X-ray: Sierra, sending you 4
2024-10-14 20:38:19.730698 Oscar: Zulu, Bravo and Whiskey, sending you 3
2024-10-14 20:38:19.734672 Victor: November and Sierra, sending you 4
2024-10-14 20:38:19.735042 Whiskey: Zulu, Oscar, Charlie and Bravo, sending you 3
2024-10-14 20:38:19.735402 Sierra: November and X-ray, sending you 6
2024-10-14 20:38:19.735742 Oscar: Charlie and Delta, sending you 4
2024-10-14 20:38:19.736669 Zulu: Oscar, Bravo and Whiskey, sending you 3
2024-10-14 20:38:19.737679 Whiskey: Delta, sending you 1
2024-10-14 20:38:19.738684 Sierra: Victor, sending you 4
2024-10-14 20:38:19.739684 Victor: X-ray, sending you 3
2024-10-14 20:38:19.740044 Delta: Zulu, sending you 3
2024-10-14 20:38:19.741655 Zulu: Charlie, sending you 4
2024-10-14 20:38:19.744154 Delta: Oscar, Charlie and Bravo, sending you 4
2024-10-14 20:38:19.746683 Zulu: Delta, sending you 2
chatterbot X-ray submitting transactions
chatterbot Delta submitting transactions
chatterbot Charlie submitting transactions
chatterbot Oscar submitting transactions
chatterbot November submitting transactions
chatterbot Zulu submitting transactions
chatterbot Victor submitting transactions
chatterbot Sierra submitting transactions
chatterbot Bravo submitting transactions
chatterbot Whiskey submitting transactions
ChatterBot Zulu round 6
ChatterBot November round 6
ChatterBot Oscar round 6
ChatterBot Charlie round 6
ChatterBot Bravo round 6
ChatterBot X-ray round 6
ChatterBot Delta round 6
ChatterBot Sierra round 6
ChatterBot Victor round 6
ChatterBot Whiskey round 6
2024-10-14 20:38:20.963170 Charlie: We should add Delta
2024-10-14 20:38:20.971886 Zulu: Yes
2024-10-14 20:38:20.972067 Oscar: Yes
2024-10-14 20:38:20.972199 Whiskey: Yes
2024-10-14 20:38:20.972321 Bravo: Yes
2024-10-14 20:38:21.015127 Charlie: Delta we want you to join our group
2024-10-14 20:38:21.017642 Delta: No
2024-10-14 20:38:21.029695 Zulu: Oscar, Bravo and Whiskey, sending you 3
2024-10-14 20:38:21.030703 November: Same as last round
2024-10-14 20:38:21.031824 Oscar: Zulu, Bravo and Whiskey, sending you 3
2024-10-14 20:38:21.032337 X-ray: November, Bravo and Victor, sending you 3
2024-10-14 20:38:21.035 Zulu: Charlie, sending you 4
2024-10-14 20:38:21.036658 Oscar: Charlie and Delta, sending you 4
2024-10-14 20:38:21.037074 Sierra: November, sending you 6
2024-10-14 20:38:21.037691 X-ray: Sierra, sending you 4
2024-10-14 20:38:21.038523 Zulu: Delta, sending you 2
2024-10-14 20:38:21.039678 Delta: Zulu, sending you 3
2024-10-14 20:38:21.041696 Sierra: X-ray and Victor, sending you 5
2024-10-14 20:38:21.042088 Victor: November and Sierra, sending you 4
2024-10-14 20:38:21.044683 Whiskey: Zulu, Oscar, Charlie and Bravo, sending you 3
2024-10-14 20:38:21.045099 Delta: Oscar, Charlie and Bravo, sending you 4
2024-10-14 20:38:21.047671 Victor: X-ray, sending you 3
2024-10-14 20:38:21.049647 Whiskey: Delta, sending you 1
chatterbot Sierra submitting transactions
chatterbot Whiskey submitting transactions
chatterbot Victor submitting transactions
chatterbot November submitting transactions
chatterbot Oscar submitting transactions
chatterbot Zulu submitting transactions
chatterbot Delta submitting transactions
chatterbot Charlie submitting transactions
chatterbot X-ray submitting transactions
chatterbot Bravo submitting transactions
ChatterBot Zulu round 7
ChatterBot November round 7
ChatterBot Oscar round 7
ChatterBot Charlie round 7
ChatterBot Bravo round 7
ChatterBot X-ray round 7
ChatterBot Delta round 7
2024-10-14 20:38:22.283623 X-ray: We should replace Bravo with Whiskey
2024-10-14 20:38:22.290489 November: No
2024-10-14 20:38:22.290666 Victor: No
2024-10-14 20:38:22.290810 Sierra: No
ChatterBot X-ray reevaluating
ChatterBot X-ray reevaluating
ChatterBot X-ray reevaluating
ChatterBot Sierra round 7
ChatterBot Victor round 7
2024-10-14 20:38:22.322247 Charlie: We should add Delta
2024-10-14 20:38:22.329461 Zulu: Yes
2024-10-14 20:38:22.329630 Oscar: Yes
2024-10-14 20:38:22.330149 Whiskey: Yes
2024-10-14 20:38:22.330258 Bravo: Yes
ChatterBot Whiskey round 7
2024-10-14 20:38:22.377083 Charlie: Delta we want you to join our group
2024-10-14 20:38:22.379281 Delta: No
2024-10-14 20:38:22.391015 X-ray: We should drop Bravo
2024-10-14 20:38:22.396918 November: Yes
2024-10-14 20:38:22.397071 Victor: Yes
2024-10-14 20:38:22.397200 Sierra: Yes
ChatterBot X-ray reevaluating
ChatterBot X-ray reevaluating
ChatterBot X-ray reevaluating
2024-10-14 20:38:22.421676 Zulu: Oscar, Bravo and Whiskey, sending you 3
2024-10-14 20:38:22.422485 November: Same as last round
2024-10-14 20:38:22.423530 Oscar: Zulu, Bravo and Whiskey, sending you 3
2024-10-14 20:38:22.424677 Zulu: Charlie, sending you 4
2024-10-14 20:38:22.427666 Zulu: Delta, sending you 2
2024-10-14 20:38:22.429118 Oscar: Charlie and Delta, sending you 4
2024-10-14 20:38:22.439707 Victor: November and Sierra, sending you 4
2024-10-14 20:38:22.440150 Sierra: November, sending you 6
2024-10-14 20:38:22.440683 Whiskey: Zulu, Oscar, Charlie and Bravo, sending you 3
2024-10-14 20:38:22.441440 Delta: Zulu, sending you 3
2024-10-14 20:38:22.442677 Victor: X-ray, sending you 3
2024-10-14 20:38:22.443704 Whiskey: Delta, sending you 1
2024-10-14 20:38:22.444696 Sierra: X-ray and Victor, sending you 5
2024-10-14 20:38:22.445801 Delta: Oscar, Charlie and Bravo, sending you 4
chatterbot Zulu submitting transactions
chatterbot Bravo submitting transactions
chatterbot November submitting transactions
chatterbot X-ray submitting transactions
chatterbot Oscar submitting transactions
chatterbot Sierra submitting transactions
chatterbot Charlie submitting transactions
chatterbot Victor submitting transactions
chatterbot Whiskey submitting transactions
chatterbot Delta submitting transactions
ChatterBot Zulu round 8
ChatterBot November round 8
ChatterBot Oscar round 8
ChatterBot Charlie round 8
ChatterBot Bravo round 8
ChatterBot X-ray round 8
ChatterBot Delta round 8
ChatterBot Sierra round 8
2024-10-14 20:38:23.442243 Charlie: We should add Delta
2024-10-14 20:38:23.454226 Zulu: Yes
2024-10-14 20:38:23.454445 Oscar: Yes
2024-10-14 20:38:23.454631 Whiskey: Yes
2024-10-14 20:38:23.454830 Bravo: Yes
ChatterBot Victor round 8
ChatterBot Whiskey round 8
2024-10-14 20:38:23.509324 X-ray: We should replace Bravo with Whiskey
2024-10-14 20:38:23.516584 November: No
2024-10-14 20:38:23.516795 Victor: No
2024-10-14 20:38:23.516971 Sierra: No
ChatterBot X-ray reevaluating
ChatterBot X-ray reevaluating
ChatterBot X-ray reevaluating
2024-10-14 20:38:23.549665 Charlie: Delta we want you to join our group
2024-10-14 20:38:23.552022 Delta: No
2024-10-14 20:38:23.568673 Oscar: Zulu, Bravo and Whiskey, sending you 3
2024-10-14 20:38:23.570714 November: Same as last round
2024-10-14 20:38:23.572200 Oscar: Charlie and Delta, sending you 4
2024-10-14 20:38:23.573369 X-ray: We should drop Bravo
2024-10-14 20:38:23.581808 November: Yes
2024-10-14 20:38:23.581986 Victor: Yes
2024-10-14 20:38:23.582143 Sierra: Yes
ChatterBot X-ray reevaluating
ChatterBot X-ray reevaluating
ChatterBot X-ray reevaluating
2024-10-14 20:38:23.612673 Sierra: November, sending you 6
2024-10-14 20:38:23.613697 Zulu: Oscar, Bravo and Whiskey, sending you 3
2024-10-14 20:38:23.615092 Delta: Zulu, sending you 3
2024-10-14 20:38:23.615482 Victor: November and Sierra, sending you 4
2024-10-14 20:38:23.616013 Sierra: X-ray and Victor, sending you 5
2024-10-14 20:38:23.616678 Zulu: Charlie, sending you 4
2024-10-14 20:38:23.618697 Delta: Oscar, Charlie and Bravo, sending you 4
2024-10-14 20:38:23.619111 Victor: X-ray, sending you 3
2024-10-14 20:38:23.619696 Whiskey: Zulu, Oscar, Charlie and Bravo, sending you 3
2024-10-14 20:38:23.621869 Zulu: Delta, sending you 2
2024-10-14 20:38:23.623666 Whiskey: Delta, sending you 1
chatterbot Victor submitting transactions
chatterbot Zulu submitting transactions
chatterbot X-ray submitting transactions
chatterbot Delta submitting transactions
chatterbot November submitting transactions
chatterbot Charlie submitting transactions
chatterbot Whiskey submitting transactions
chatterbot Oscar submitting transactions
chatterbot Bravo submitting transactions
chatterbot Sierra submitting transactions
ChatterBot Zulu round 9
ChatterBot November round 9
ChatterBot Oscar round 9
ChatterBot Charlie round 9
ChatterBot Bravo round 9
ChatterBot X-ray round 9
ChatterBot Delta round 9
ChatterBot Sierra round 9
ChatterBot Victor round 9
ChatterBot Whiskey round 9
2024-10-14 20:38:24.765619 X-ray: We should replace Bravo with Whiskey
2024-10-14 20:38:24.772157 November: No
2024-10-14 20:38:24.772325 Victor: No
2024-10-14 20:38:24.772457 Sierra: No
ChatterBot X-ray reevaluating
ChatterBot X-ray reevaluating
ChatterBot X-ray reevaluating
2024-10-14 20:38:24.801603 Charlie: We should add Delta
2024-10-14 20:38:24.807994 Zulu: Yes
2024-10-14 20:38:24.808138 Oscar: Yes
2024-10-14 20:38:24.808246 Whiskey: Yes
2024-10-14 20:38:24.808352 Bravo: Yes
2024-10-14 20:38:24.841878 Charlie: Delta we want you to join our group
2024-10-14 20:38:24.843909 Delta: No
2024-10-14 20:38:24.853196 Zulu: Oscar, Bravo and Whiskey, sending you 3
2024-10-14 20:38:24.854284 Oscar: Zulu, Bravo and Whiskey, sending you 3
2024-10-14 20:38:24.854892 X-ray: We should drop Bravo
2024-10-14 20:38:24.860241 November: Yes
2024-10-14 20:38:24.860414 Victor: Yes
2024-10-14 20:38:24.860540 Sierra: Yes
ChatterBot X-ray reevaluating
ChatterBot X-ray reevaluating
ChatterBot X-ray reevaluating
2024-10-14 20:38:24.877910 Zulu: Charlie, sending you 4
2024-10-14 20:38:24.878460 Oscar: Charlie and Delta, sending you 4
2024-10-14 20:38:24.881684 November: Same as last round
2024-10-14 20:38:24.882362 Whiskey: Zulu, Oscar, Charlie and Bravo, sending you 3
2024-10-14 20:38:24.883209 Delta: Zulu, sending you 3
2024-10-14 20:38:24.883764 Victor: November and Sierra, sending you 4
2024-10-14 20:38:24.886312 Zulu: Delta, sending you 2
2024-10-14 20:38:24.890065 Whiskey: Delta, sending you 1
2024-10-14 20:38:24.891091 Delta: Oscar, Charlie and Bravo, sending you 4
2024-10-14 20:38:24.891641 Victor: X-ray, sending you 3
2024-10-14 20:38:24.893664 Sierra: November, sending you 6
2024-10-14 20:38:24.898706 Sierra: X-ray and Victor, sending you 5
chatterbot Zulu submitting transactions
chatterbot Oscar submitting transactions
chatterbot Victor submitting transactions
chatterbot Delta submitting transactions
chatterbot Bravo submitting transactions
chatterbot Sierra submitting transactions
chatterbot Charlie submitting transactions
chatterbot November submitting transactions
chatterbot X-ray submitting transactions
chatterbot Whiskey submitting transactions
ChatterBot Zulu round 10
ChatterBot November round 10
ChatterBot Oscar round 10
ChatterBot Charlie round 10
ChatterBot Bravo round 10
2024-10-14 20:38:26.087574 Charlie: We should add Delta
2024-10-14 20:38:26.098443 Zulu: Yes
2024-10-14 20:38:26.098590 Oscar: Yes
2024-10-14 20:38:26.098712 Whiskey: Yes
2024-10-14 20:38:26.098816 Bravo: Yes
ChatterBot X-ray round 10
ChatterBot Delta round 10
ChatterBot Sierra round 10
ChatterBot Victor round 10
ChatterBot Whiskey round 10
2024-10-14 20:38:26.140597 Charlie: Delta we want you to join our group
2024-10-14 20:38:26.144052 Delta: No
2024-10-14 20:38:26.170089 X-ray: We should replace Bravo with Delta
2024-10-14 20:38:26.176206 November: No
2024-10-14 20:38:26.176358 Victor: No
2024-10-14 20:38:26.176477 Sierra: No
ChatterBot X-ray reevaluating
ChatterBot X-ray reevaluating
ChatterBot X-ray reevaluating
2024-10-14 20:38:26.195201 X-ray: We should replace Bravo with Whiskey
2024-10-14 20:38:26.200142 November: No
2024-10-14 20:38:26.200286 Victor: No
2024-10-14 20:38:26.200397 Sierra: No
ChatterBot X-ray reevaluating
ChatterBot X-ray reevaluating
ChatterBot X-ray reevaluating
2024-10-14 20:38:26.218438 Zulu: Oscar, Bravo and Whiskey, sending you 3
2024-10-14 20:38:26.222056 Oscar: Zulu, Bravo and Whiskey, sending you 3
2024-10-14 20:38:26.222893 Zulu: Charlie, sending you 4
2024-10-14 20:38:26.224157 Victor: November and Sierra, sending you 4
2024-10-14 20:38:26.225193 Delta: Zulu, sending you 3
2024-10-14 20:38:26.226718 November: Same as last round
2024-10-14 20:38:26.227611 Sierra: November, sending you 6
2024-10-14 20:38:26.228872 Oscar: Charlie and Delta, sending you 4
2024-10-14 20:38:26.231343 Zulu: Delta, sending you 2
2024-10-14 20:38:26.233327 X-ray: We should drop Bravo
2024-10-14 20:38:26.245837 November: Yes
2024-10-14 20:38:26.246091 Victor: Yes
2024-10-14 20:38:26.246303 Sierra: Yes
ChatterBot X-ray reevaluating
ChatterBot X-ray reevaluating
ChatterBot X-ray reevaluating
2024-10-14 20:38:26.281 Victor: X-ray, sending you 3
2024-10-14 20:38:26.282095 Delta: Oscar, Charlie and Bravo, sending you 4
2024-10-14 20:38:26.282740 Sierra: X-ray and Victor, sending you 5
2024-10-14 20:38:26.283267 Whiskey: Zulu, Oscar, Charlie and Bravo, sending you 3
2024-10-14 20:38:26.287788 Whiskey: Delta, sending you 1
chatterbot Zulu submitting transactions
chatterbot Victor submitting transactions
chatterbot Whiskey submitting transactions
chatterbot Oscar submitting transactions
chatterbot X-ray submitting transactions
chatterbot Delta submitting transactions
chatterbot November submitting transactions
chatterbot Bravo submitting transactions
chatterbot Charlie submitting transactions
chatterbot Sierra submitting transactions
ChatterBot Zulu round 11
ChatterBot November round 11
ChatterBot Oscar round 11
ChatterBot Charlie round 11
ChatterBot Bravo round 11
ChatterBot X-ray round 11
2024-10-14 20:38:27.206829 Charlie: We should add Delta
2024-10-14 20:38:27.216214 Zulu: Yes
2024-10-14 20:38:27.216394 Oscar: Yes
2024-10-14 20:38:27.216536 Whiskey: Yes
2024-10-14 20:38:27.216711 Bravo: Yes
ChatterBot Delta round 11
ChatterBot Sierra round 11
ChatterBot Victor round 11
ChatterBot Whiskey round 11
2024-10-14 20:38:27.269609 Charlie: Delta we want you to join our group
2024-10-14 20:38:27.274724 Delta: No
2024-10-14 20:38:27.298387 X-ray: We should drop Bravo
2024-10-14 20:38:27.305188 November: Yes
2024-10-14 20:38:27.305347 Victor: Yes
2024-10-14 20:38:27.305472 Sierra: Yes
ChatterBot X-ray reevaluating
ChatterBot X-ray reevaluating
ChatterBot X-ray reevaluating
2024-10-14 20:38:27.327898 Zulu: Oscar, Bravo and Whiskey, sending you 3
2024-10-14 20:38:27.328936 Oscar: Zulu, Bravo and Whiskey, sending you 3
2024-10-14 20:38:27.329682 November: Same as last round
2024-10-14 20:38:27.331694 Zulu: Charlie, sending you 4
2024-10-14 20:38:27.334682 Oscar: Charlie and Delta, sending you 4
2024-10-14 20:38:27.335282 Whiskey: Zulu, Oscar, Charlie and Bravo, sending you 3
2024-10-14 20:38:27.335906 Zulu: Delta, sending you 2
2024-10-14 20:38:27.336990 Delta: Zulu, sending you 3
2024-10-14 20:38:27.338703 Sierra: November, sending you 6
2024-10-14 20:38:27.340685 Whiskey: Delta, sending you 1
2024-10-14 20:38:27.341655 Delta: Oscar, Charlie and Bravo, sending you 4
2024-10-14 20:38:27.342096 Sierra: X-ray and Victor, sending you 5
2024-10-14 20:38:27.344677 Victor: November and Sierra, sending you 4
2024-10-14 20:38:27.349698 Victor: X-ray, sending you 3
chatterbot Charlie submitting transactions
chatterbot Zulu submitting transactions
chatterbot Oscar submitting transactions
chatterbot Sierra submitting transactions
chatterbot Bravo submitting transactions
chatterbot Victor submitting transactions
chatterbot Whiskey submitting transactions
chatterbot Delta submitting transactions
chatterbot November submitting transactions
chatterbot X-ray submitting transactions
ChatterBot Zulu round 12
ChatterBot November round 12
ChatterBot Oscar round 12
ChatterBot Charlie round 12
2024-10-14 20:38:28.563329 Charlie: We should add Delta
2024-10-14 20:38:28.574302 Zulu: Yes
2024-10-14 20:38:28.574500 Oscar: Yes
2024-10-14 20:38:28.574647 Whiskey: Yes
2024-10-14 20:38:28.574828 Bravo: Yes
ChatterBot Bravo round 12
ChatterBot X-ray round 12
ChatterBot Delta round 12
ChatterBot Sierra round 12
ChatterBot Victor round 12
ChatterBot Whiskey round 12
2024-10-14 20:38:28.722756 Charlie: Delta we want you to join our group
2024-10-14 20:38:28.728855 Delta: No
2024-10-14 20:38:28.757346 X-ray: We should drop Bravo
2024-10-14 20:38:28.764244 November: Yes
2024-10-14 20:38:28.764540 Victor: Yes
2024-10-14 20:38:28.764748 Sierra: Yes
ChatterBot X-ray reevaluating
ChatterBot X-ray reevaluating
ChatterBot X-ray reevaluating
2024-10-14 20:38:28.790105 Oscar: Zulu, Bravo and Whiskey, sending you 3
2024-10-14 20:38:28.791200 November: Same as last round
2024-10-14 20:38:28.793168 Zulu: Oscar, Bravo and Whiskey, sending you 3
2024-10-14 20:38:28.794405 Delta: Zulu, sending you 3
2024-10-14 20:38:28.795941 Oscar: Charlie and Delta, sending you 4
2024-10-14 20:38:28.798021 Zulu: Charlie, sending you 4
2024-10-14 20:38:28.799890 Delta: Oscar, Charlie and Bravo, sending you 4
2024-10-14 20:38:28.802680 Zulu: Delta, sending you 2
2024-10-14 20:38:28.804280 Victor: November and Sierra, sending you 4
2024-10-14 20:38:28.804942 Whiskey: Zulu, Oscar, Charlie and Bravo, sending you 3
2024-10-14 20:38:28.808667 Sierra: November, sending you 6
2024-10-14 20:38:28.810081 Victor: X-ray, sending you 3
2024-10-14 20:38:28.811167 Whiskey: Delta, sending you 1
2024-10-14 20:38:28.814722 Sierra: X-ray and Victor, sending you 5
chatterbot Charlie submitting transactions
chatterbot Zulu submitting transactions
chatterbot Oscar submitting transactions
chatterbot X-ray submitting transactions
chatterbot November submitting transactions
chatterbot Whiskey submitting transactions
chatterbot Bravo submitting transactions
chatterbot Victor submitting transactions
chatterbot Delta submitting transactions
chatterbot Sierra submitting transactions
ChatterBot Zulu round 13
ChatterBot November round 13
ChatterBot Oscar round 13
ChatterBot Charlie round 13
ChatterBot Bravo round 13
ChatterBot X-ray round 13
ChatterBot Delta round 13
ChatterBot Sierra round 13
2024-10-14 20:38:30.005442 Charlie: We should add Delta
2024-10-14 20:38:30.016580 Zulu: Yes
2024-10-14 20:38:30.016776 Oscar: Yes
2024-10-14 20:38:30.016909 Whiskey: Yes
2024-10-14 20:38:30.017030 Bravo: Yes
ChatterBot Victor round 13
ChatterBot Whiskey round 13
2024-10-14 20:38:30.087343 Charlie: Delta we want you to join our group
2024-10-14 20:38:30.091833 Delta: No
2024-10-14 20:38:30.117702 Oscar: Zulu, Bravo and Whiskey, sending you 3
2024-10-14 20:38:30.122681 Oscar: Charlie and Delta, sending you 4
2024-10-14 20:38:30.127671 November: Same as last round
2024-10-14 20:38:30.131677 Delta: Zulu, sending you 3
2024-10-14 20:38:30.135684 Sierra: November, sending you 6
2024-10-14 20:38:30.136986 Zulu: Oscar, Bravo and Whiskey, sending you 3
2024-10-14 20:38:30.139490 Delta: Oscar, Charlie and Bravo, sending you 4
2024-10-14 20:38:30.140738 Victor: November and Sierra, sending you 4
2024-10-14 20:38:30.142639 X-ray: November, Bravo and Victor, sending you 3
2024-10-14 20:38:30.143754 Whiskey: Zulu, Oscar, Charlie and Bravo, sending you 3
2024-10-14 20:38:30.146007 Sierra: X-ray and Victor, sending you 5
2024-10-14 20:38:30.146882 Zulu: Charlie, sending you 4
2024-10-14 20:38:30.148706 Victor: X-ray, sending you 3
2024-10-14 20:38:30.149477 X-ray: Sierra, sending you 4
2024-10-14 20:38:30.150069 Whiskey: Delta, sending you 1
2024-10-14 20:38:30.153667 Zulu: Delta, sending you 2
chatterbot Charlie submitting transactions
chatterbot Delta submitting transactions
chatterbot Bravo submitting transactions
chatterbot Zulu submitting transactions
chatterbot November submitting transactions
chatterbot Sierra submitting transactions
chatterbot Oscar submitting transactions
chatterbot Victor submitting transactions
chatterbot Whiskey submitting transactions
chatterbot X-ray submitting transactions
ChatterBot Zulu round 14
ChatterBot November round 14
ChatterBot Oscar round 14
ChatterBot Charlie round 14
ChatterBot Bravo round 14
ChatterBot X-ray round 14
ChatterBot Delta round 14
ChatterBot Sierra round 14
ChatterBot Victor round 14
ChatterBot Whiskey round 14
2024-10-14 20:38:31.320165 Charlie: We should add Delta
2024-10-14 20:38:31.329306 Zulu: Yes
2024-10-14 20:38:31.329497 Oscar: Yes
2024-10-14 20:38:31.329641 Whiskey: Yes
2024-10-14 20:38:31.329789 Bravo: Yes
2024-10-14 20:38:31.369279 X-ray: We should replace Bravo with Delta
2024-10-14 20:38:31.374526 November: No
2024-10-14 20:38:31.375197 Victor: No
2024-10-14 20:38:31.375321 Sierra: No
ChatterBot X-ray reevaluating
ChatterBot X-ray reevaluating
ChatterBot X-ray reevaluating
2024-10-14 20:38:31.395653 Charlie: Delta we want you to join our group
2024-10-14 20:38:31.398480 Delta: No
2024-10-14 20:38:31.408129 X-ray: We should replace Bravo with Whiskey
2024-10-14 20:38:31.414165 November: No
2024-10-14 20:38:31.414327 Victor: No
2024-10-14 20:38:31.414442 Sierra: No
ChatterBot X-ray reevaluating
ChatterBot X-ray reevaluating
ChatterBot X-ray reevaluating
2024-10-14 20:38:31.434459 Oscar: Zulu, Bravo and Whiskey, sending you 3
