ChatterBot Victor round 1
ChatterBot Lima round 1
ChatterBot Uniform round 1
ChatterBot Alpha round 1
ChatterBot Mike round 1
ChatterBot Juliett round 1
randomSelections Lima: {Lima, Alpha, November, Juliett, Romeo, X-ray, Uniform} 
2024-10-14 20:38:11.943952 Lima: We should group up
ChatterBot Alpha reevaluating
ChatterBot Juliett reevaluating
ChatterBot Uniform reevaluating
2024-10-14 20:38:11.952947 Alpha: Yes
2024-10-14 20:38:11.953129 Juliett: Yes
2024-10-14 20:38:11.954122 Uniform: Yes
ChatterBot Juliett reevaluating
ChatterBot Uniform reevaluating
ChatterBot Alpha reevaluating
ChatterBot Uniform reevaluating
ChatterBot Alpha reevaluating
ChatterBot Juliett reevaluating
randomSelections Mike: {Mike, Lima, Juliett, Alpha, Victor, Romeo} 
2024-10-14 20:38:11.980316 Mike: Can we be friends?
ChatterBot Juliett reevaluating
ChatterBot Alpha reevaluating
ChatterBot Victor reevaluating
2024-10-14 20:38:12.007392 Lima: No
2024-10-14 20:38:12.007607 Juliett: No
2024-10-14 20:38:12.009373 Alpha: No
2024-10-14 20:38:12.009580 Victor: Yes
ChatterBot Juliett reevaluating
ChatterBot Alpha reevaluating
ChatterBot Victor reevaluating
ChatterBot Alpha reevaluating
ChatterBot Victor reevaluating
ChatterBot Juliett reevaluating
ChatterBot Victor reevaluating
ChatterBot Juliett reevaluating
ChatterBot Alpha reevaluating
ChatterBot Romeo round 1
ChatterBot Romeo reevaluating
ChatterBot Romeo reevaluating
ChatterBot Romeo reevaluating
ChatterBot Romeo reevaluating
ChatterBot Romeo reevaluating
ChatterBot Romeo reevaluating
ChatterBot Romeo reevaluating
ChatterBot Romeo reevaluating
ChatterBot Romeo reevaluating
2024-10-14 20:38:12.131387 Romeo: Yes
2024-10-14 20:38:12.131640 Romeo: No
ChatterBot Alpha reevaluating
ChatterBot Juliett reevaluating
ChatterBot Uniform reevaluating
ChatterBot Victor reevaluating
ChatterBot Alpha reevaluating
ChatterBot Juliett reevaluating
ChatterBot Quebec round 1
ChatterBot November round 1
ChatterBot November reevaluating
ChatterBot November reevaluating
ChatterBot November reevaluating
ChatterBot November reevaluating
ChatterBot November reevaluating
2024-10-14 20:38:12.170508 November: Yes
ChatterBot Alpha reevaluating
ChatterBot Juliett reevaluating
ChatterBot Romeo reevaluating
ChatterBot Uniform reevaluating
ChatterBot X-ray round 1
ChatterBot X-ray reevaluating
ChatterBot X-ray reevaluating
ChatterBot X-ray reevaluating
ChatterBot X-ray reevaluating
ChatterBot X-ray reevaluating
ChatterBot X-ray reevaluating
2024-10-14 20:38:12.203891 X-ray: Yes
ChatterBot Alpha reevaluating
ChatterBot November reevaluating
ChatterBot Juliett reevaluating
ChatterBot Romeo reevaluating
ChatterBot Uniform reevaluating
randomSelections Quebec: {Quebec, Mike, Victor, Alpha, Uniform, X-ray, November} 
2024-10-14 20:38:12.233705 Quebec: Group up?
ChatterBot X-ray reevaluating
ChatterBot November reevaluating
2024-10-14 20:38:12.245594 Mike: No
2024-10-14 20:38:12.245965 Victor: No
2024-10-14 20:38:12.246249 Alpha: No
2024-10-14 20:38:12.247219 Uniform: No
2024-10-14 20:38:12.247541 X-ray: No
2024-10-14 20:38:12.247842 November: No
ChatterBot X-ray reevaluating
ChatterBot November reevaluating
ChatterBot X-ray reevaluating
ChatterBot November reevaluating
ChatterBot X-ray reevaluating
ChatterBot November reevaluating
ChatterBot X-ray reevaluating
ChatterBot November reevaluating
ChatterBot November reevaluating
ChatterBot X-ray reevaluating
2024-10-14 20:38:12.329800 Lima: Uniform and November, sending you 1
2024-10-14 20:38:12.333673 Mike: Victor and Alpha, sending you 5
2024-10-14 20:38:12.334800 Lima: Alpha, sending you 4
2024-10-14 20:38:12.337846 Quebec: Victor and Mike, sending you 2
2024-10-14 20:38:12.338302 Lima: Juliett and X-ray, sending you 2
2024-10-14 20:38:12.338710 Uniform: Lima, sending you 6
2024-10-14 20:38:12.339704 Mike: Lima, Juliett and Romeo, sending you 1
2024-10-14 20:38:12.341670 Quebec: Uniform and November, sending you 3
2024-10-14 20:38:12.343757 Lima: Romeo, sending you 6
2024-10-14 20:38:12.344014 Uniform: Alpha and X-ray, sending you 3
2024-10-14 20:38:12.345171 Quebec: Alpha, sending you 1
2024-10-14 20:38:12.347782 Uniform: Romeo, sending you 1
2024-10-14 20:38:12.348328 Romeo: Lima, sending you 4
2024-10-14 20:38:12.349794 Juliett: Lima, sending you 2
2024-10-14 20:38:12.350439 Victor: Lima, Alpha and Juliett, sending you 1
2024-10-14 20:38:12.351679 Alpha: Lima, sending you 6
2024-10-14 20:38:12.352164 Quebec: X-ray, sending you 4
2024-10-14 20:38:12.353281 Uniform: November, sending you 2
2024-10-14 20:38:12.353823 Romeo: Uniform, sending you 5
2024-10-14 20:38:12.354889 Juliett: Romeo and X-ray, sending you 1
2024-10-14 20:38:12.355400 Alpha: Uniform and Juliett, sending you 1
2024-10-14 20:38:12.356465 Victor: Mike, sending you 3
2024-10-14 20:38:12.356868 November: Lima, Juliett, Romeo and X-ray, sending you 2
2024-10-14 20:38:12.367657 Romeo: Alpha, sending you 2
2024-10-14 20:38:12.368845 Alpha: Romeo and X-ray, sending you 4
2024-10-14 20:38:12.369228 November: Uniform, sending you 1
2024-10-14 20:38:12.370067 Victor: Romeo, sending you 2
2024-10-14 20:38:12.373561 Romeo: Juliett and X-ray, sending you 1
2024-10-14 20:38:12.374072 Alpha: November, sending you 2
2024-10-14 20:38:12.375430 November: Alpha, sending you 7
2024-10-14 20:38:12.378662 Romeo: November, sending you 3
chatterbot Lima submitting transactions
chatterbot Uniform submitting transactions
chatterbot Alpha submitting transactions
chatterbot X-ray submitting transactions
chatterbot Mike submitting transactions
chatterbot Quebec submitting transactions
chatterbot Victor submitting transactions
chatterbot Romeo submitting transactions
chatterbot Juliett submitting transactions
chatterbot November submitting transactions
ChatterBot Victor round 2
ChatterBot Lima round 2
ChatterBot Uniform round 2
ChatterBot Alpha round 2
ChatterBot Mike round 2
ChatterBot Juliett round 2
ChatterBot Romeo round 2
ChatterBot Quebec round 2
ChatterBot November round 2
ChatterBot X-ray round 2
2024-10-14 20:38:14.019587 X-ray: We should replace Juliett with Quebec
ChatterBot Uniform reevaluating
ChatterBot November reevaluating
2024-10-14 20:38:14.040557 Lima: No
2024-10-14 20:38:14.040708 Uniform: No
2024-10-14 20:38:14.040821 Alpha: No
2024-10-14 20:38:14.040933 Romeo: No
2024-10-14 20:38:14.041429 November: Yes
ChatterBot Uniform reevaluating
ChatterBot November reevaluating
ChatterBot Alpha reevaluating
ChatterBot November reevaluating
ChatterBot Uniform reevaluating
ChatterBot November reevaluating
ChatterBot Uniform reevaluating
ChatterBot Alpha reevaluating
ChatterBot November reevaluating
ChatterBot Uniform reevaluating
ChatterBot Alpha reevaluating
2024-10-14 20:38:14.148988 Alpha: Group up?
ChatterBot Uniform reevaluating
ChatterBot November reevaluating
ChatterBot Quebec reevaluating
2024-10-14 20:38:14.172063 Lima: No
2024-10-14 20:38:14.172244 Uniform: No
2024-10-14 20:38:14.172359 Romeo: No
2024-10-14 20:38:14.172874 November: Yes
2024-10-14 20:38:14.172988 Quebec: Yes
ChatterBot Alpha reevaluating
ChatterBot Uniform reevaluating
ChatterBot November reevaluating
ChatterBot Quebec reevaluating
ChatterBot Alpha reevaluating
ChatterBot November reevaluating
ChatterBot Quebec reevaluating
ChatterBot Alpha reevaluating
ChatterBot Uniform reevaluating
ChatterBot November reevaluating
ChatterBot Quebec reevaluating
ChatterBot Alpha reevaluating
ChatterBot Uniform reevaluating
ChatterBot Quebec reevaluating
ChatterBot Alpha reevaluating
ChatterBot Uniform reevaluating
ChatterBot November reevaluating
2024-10-14 20:38:14.290915 Victor: Let's form a team
ChatterBot Mike reevaluating
ChatterBot Quebec reevaluating
2024-10-14 20:38:14.300001 Mike: Yes
2024-10-14 20:38:14.300515 Quebec: No
ChatterBot Quebec reevaluating
ChatterBot Mike reevaluating
2024-10-14 20:38:14.337074 Lima: We should drop X-ray
ChatterBot Uniform reevaluating
ChatterBot Alpha reevaluating
ChatterBot November reevaluating
2024-10-14 20:38:14.358915 Uniform: Yes
2024-10-14 20:38:14.359070 Alpha: Yes
2024-10-14 20:38:14.359180 Romeo: Yes
2024-10-14 20:38:14.359278 November: Yes
2024-10-14 20:38:14.359390 Juliett: Yes
ChatterBot Alpha reevaluating
ChatterBot November reevaluating
ChatterBot Uniform reevaluating
ChatterBot November reevaluating
ChatterBot Uniform reevaluating
ChatterBot Alpha reevaluating
ChatterBot November reevaluating
ChatterBot Uniform reevaluating
ChatterBot Alpha reevaluating
ChatterBot Uniform reevaluating
ChatterBot Alpha reevaluating
ChatterBot November reevaluating
2024-10-14 20:38:14.478316 X-ray: Quebec we want you to join our group
ChatterBot Quebec reevaluating
2024-10-14 20:38:14.486517 Quebec: No
ChatterBot Uniform reevaluating
ChatterBot Alpha reevaluating
ChatterBot November reevaluating
2024-10-14 20:38:14.737918 Uniform: We should drop Juliett and X-ray
ChatterBot Lima reevaluating
2024-10-14 20:38:14.754585 Lima: Yes
2024-10-14 20:38:14.755023 Alpha: Yes
2024-10-14 20:38:14.755684 Romeo: No
2024-10-14 20:38:14.756013 November: Yes
ChatterBot Romeo reevaluating
ChatterBot Lima reevaluating
ChatterBot Romeo reevaluating
ChatterBot Lima reevaluating
ChatterBot Lima reevaluating
ChatterBot Romeo reevaluating
chatterbot Lima submitting transactions
chatterbot Romeo submitting transactions
2024-10-14 20:38:14.908502 X-ray: Lima, Uniform, Alpha, Quebec and November, sending you 1
2024-10-14 20:38:14.909576 Victor: Mike, sending you 6
2024-10-14 20:38:14.909909 November: Lima, Uniform, Alpha and Quebec, sending you 3
2024-10-14 20:38:14.910917 Mike: Sending you each 5
2024-10-14 20:38:14.911226 Quebec: Sending you each 3
chatterbot Quebec submitting transactions
2024-10-14 20:38:14.947904 Victor: Quebec, sending you 2
2024-10-14 20:38:14.948147 November: Romeo, sending you 4
2024-10-14 20:38:14.948449 Uniform: Lima, Alpha and November, sending you 3
2024-10-14 20:38:14.948709 Juliett: Lima, sending you 2
2024-10-14 20:38:14.949340 Alpha: Lima, Uniform and November, sending you 4
2024-10-14 20:38:14.962332 Uniform: Romeo, sending you 6
2024-10-14 20:38:14.963259 Juliett: Uniform, Alpha, Romeo and November, sending you 1
2024-10-14 20:38:14.963596 Alpha: Romeo and Quebec, sending you 3
2024-10-14 20:38:14.963897 Romeo: Lima, sending you 6
2024-10-14 20:38:14.964775 Lima: Uniform and Alpha, sending you 4
2024-10-14 20:38:14.969635 Romeo: Uniform, sending you 2
2024-10-14 20:38:14.970067 Lima: Romeo and November, sending you 3
2024-10-14 20:38:14.975149 Romeo: Alpha, sending you 4
2024-10-14 20:38:14.975967 Lima: Quebec, sending you 2
2024-10-14 20:38:14.987420 Romeo: Quebec, sending you 1
2024-10-14 20:38:15.000598 Romeo: November, sending you 3
chatterbot Uniform submitting transactions
chatterbot X-ray submitting transactions
chatterbot Mike submitting transactions
chatterbot Victor submitting transactions
chatterbot Juliett submitting transactions
chatterbot Romeo submitting transactions
chatterbot Lima submitting transactions
chatterbot November submitting transactions
chatterbot Alpha submitting transactions
ChatterBot Victor round 3
ChatterBot Lima round 3
ChatterBot Uniform round 3
ChatterBot Alpha round 3
ChatterBot Mike round 3
ChatterBot Juliett round 3
ChatterBot Romeo round 3
ChatterBot Quebec round 3
ChatterBot November round 3
ChatterBot X-ray round 3
2024-10-14 20:38:15.873203 Juliett: We should add Quebec
ChatterBot Lima reevaluating
ChatterBot Alpha reevaluating
ChatterBot Romeo reevaluating
ChatterBot November reevaluating
2024-10-14 20:38:15.896391 Lima: Yes
2024-10-14 20:38:15.897069 Uniform: No
2024-10-14 20:38:15.897232 Alpha: Yes
2024-10-14 20:38:15.897343 Romeo: Yes
2024-10-14 20:38:15.897461 November: Yes
ChatterBot Alpha reevaluating
ChatterBot Romeo reevaluating
ChatterBot November reevaluating
ChatterBot Lima reevaluating
ChatterBot Alpha reevaluating
ChatterBot Romeo reevaluating
ChatterBot November reevaluating
ChatterBot Lima reevaluating
ChatterBot Romeo reevaluating
ChatterBot November reevaluating
ChatterBot Lima reevaluating
ChatterBot Alpha reevaluating
ChatterBot November reevaluating
ChatterBot Lima reevaluating
ChatterBot Alpha reevaluating
ChatterBot Romeo reevaluating
2024-10-14 20:38:16.013074 Alpha: We should add Juliett
2024-10-14 20:38:16.013452 Romeo: We should add Juliett
ChatterBot Lima reevaluating
ChatterBot Romeo reevaluating
ChatterBot November reevaluating
ChatterBot Quebec reevaluating
ChatterBot Alpha reevaluating
2024-10-14 20:38:16.040946 Lima: No
ChatterBot Lima reevaluating
2024-10-14 20:38:16.045866 Uniform: No
2024-10-14 20:38:16.050709 Romeo: Yes
2024-10-14 20:38:16.050910 November: No
ChatterBot November reevaluating
2024-10-14 20:38:16.055672 Quebec: No
ChatterBot Quebec reevaluating
2024-10-14 20:38:16.060814 Alpha: No
2024-10-14 20:38:16.061002 Lima: No
2024-10-14 20:38:16.061114 Uniform: No
2024-10-14 20:38:16.061225 November: No
2024-10-14 20:38:16.061325 Quebec: No
ChatterBot Alpha reevaluating
ChatterBot Romeo reevaluating
ChatterBot November reevaluating
ChatterBot Quebec reevaluating
ChatterBot Alpha reevaluating
ChatterBot Lima reevaluating
ChatterBot Romeo reevaluating
ChatterBot November reevaluating
ChatterBot Quebec reevaluating
ChatterBot Alpha reevaluating
ChatterBot Lima reevaluating
ChatterBot November reevaluating
ChatterBot Quebec reevaluating
ChatterBot Alpha reevaluating
ChatterBot Lima reevaluating
ChatterBot Romeo reevaluating
ChatterBot Quebec reevaluating
ChatterBot Alpha reevaluating
ChatterBot Lima reevaluating
ChatterBot Romeo reevaluating
ChatterBot November reevaluating
ChatterBot Lima reevaluating
ChatterBot Romeo reevaluating
ChatterBot November reevaluating
ChatterBot Quebec reevaluating
ChatterBot Alpha reevaluating
ChatterBot Romeo reevaluating
ChatterBot November reevaluating
ChatterBot Quebec reevaluating
ChatterBot Alpha reevaluating
ChatterBot Lima reevaluating
ChatterBot Romeo reevaluating
ChatterBot November reevaluating
ChatterBot Quebec reevaluating
ChatterBot Alpha reevaluating
ChatterBot Lima reevaluating
ChatterBot Romeo reevaluating
ChatterBot Quebec reevaluating
ChatterBot Alpha reevaluating
ChatterBot Lima reevaluating
ChatterBot Romeo reevaluating
ChatterBot November reevaluating
2024-10-14 20:38:16.584599 Juliett: Quebec we want you to join our group
ChatterBot Quebec reevaluating
2024-10-14 20:38:16.592005 Quebec: No
ChatterBot Lima reevaluating
ChatterBot Alpha reevaluating
ChatterBot Romeo reevaluating
ChatterBot November reevaluating
2024-10-14 20:38:16.624627 Romeo: We should add X-ray
ChatterBot Alpha reevaluating
ChatterBot Lima reevaluating
ChatterBot Quebec reevaluating
2024-10-14 20:38:16.646705 Alpha: Yes
2024-10-14 20:38:16.646985 Lima: Yes
2024-10-14 20:38:16.647779 Uniform: Yes
2024-10-14 20:38:16.647926 November: Yes
2024-10-14 20:38:16.648110 Quebec: Yes
ChatterBot Lima reevaluating
ChatterBot Quebec reevaluating
ChatterBot Alpha reevaluating
ChatterBot Quebec reevaluating
ChatterBot Alpha reevaluating
ChatterBot Lima reevaluating
ChatterBot November reevaluating
ChatterBot Quebec reevaluating
ChatterBot Alpha reevaluating
ChatterBot Lima reevaluating
ChatterBot Quebec reevaluating
ChatterBot Alpha reevaluating
ChatterBot Lima reevaluating
ChatterBot November reevaluating
2024-10-14 20:38:16.776371 Romeo: X-ray we want you to join our group
2024-10-14 20:38:16.783342 X-ray: Yes
ChatterBot Quebec reevaluating
ChatterBot Alpha reevaluating
ChatterBot November reevaluating
2024-10-14 20:38:16.826117 Victor: Mike, sending you 7
2024-10-14 20:38:16.831493 Alpha: X-ray we want you to join our group
2024-10-14 20:38:16.838130 X-ray: Yes
ChatterBot November reevaluating
2024-10-14 20:38:16.878582 X-ray: Lima, Uniform, Quebec and November, sending you 2
2024-10-14 20:38:16.879151 Juliett: Lima, sending you 2
2024-10-14 20:38:16.879652 Quebec: X-ray we want you to join our group
2024-10-14 20:38:16.885470 X-ray: Yes
ChatterBot November reevaluating
2024-10-14 20:38:16.921772 Mike: Same as last round
2024-10-14 20:38:16.922529 Victor: Quebec, sending you 1
2024-10-14 20:38:16.922795 Uniform: Lima, Alpha and Romeo, sending you 4
2024-10-14 20:38:16.923391 Juliett: Uniform, Alpha, Romeo, Quebec and November, sending you 1
2024-10-14 20:38:16.924128 X-ray: Alpha, sending you 3
chatterbot Victor submitting transactions
2024-10-14 20:38:16.937782 Lima: Uniform and November, sending you 3
2024-10-14 20:38:16.938428 Romeo: Lima, sending you 4
2024-10-14 20:38:16.938886 Uniform: November, sending you 3
2024-10-14 20:38:16.942365 November: X-ray we want you to join our group
2024-10-14 20:38:16.970388 X-ray: Yes
ChatterBot November reevaluating
2024-10-14 20:38:17.057546 Lima: Alpha and Romeo, sending you 4
2024-10-14 20:38:17.058882 Romeo: Uniform, Alpha and November, sending you 3
2024-10-14 20:38:17.060295 Alpha: Sending you each 3
2024-10-14 20:38:17.080299 Romeo: Quebec, sending you 2
2024-10-14 20:38:17.081556 Lima: Quebec, sending you 2
2024-10-14 20:38:17.082081 Quebec: Lima, Alpha and November, sending you 3
chatterbot X-ray submitting transactions
2024-10-14 20:38:17.129060 Romeo: X-ray, sending you 1
2024-10-14 20:38:17.129928 Quebec: Uniform, Romeo and X-ray, sending you 2
2024-10-14 20:38:17.249549 November: Lima, Uniform, Alpha, Romeo and Quebec, sending you 3
chatterbot Uniform submitting transactions
2024-10-14 20:38:17.276948 November: X-ray, sending you 1
chatterbot Lima submitting transactions
chatterbot Juliett submitting transactions
chatterbot Alpha submitting transactions
chatterbot Mike submitting transactions
chatterbot Romeo submitting transactions
chatterbot Quebec submitting transactions
chatterbot November submitting transactions
ChatterBot Victor round 4
ChatterBot Lima round 4
ChatterBot Uniform round 4
ChatterBot Alpha round 4
ChatterBot Mike round 4
ChatterBot Juliett round 4
ChatterBot Romeo round 4
ChatterBot Quebec round 4
ChatterBot November round 4
ChatterBot X-ray round 4
2024-10-14 20:38:18.109270 Victor: We should replace Quebec with Juliett
ChatterBot Mike reevaluating
2024-10-14 20:38:18.113262 Mike: Yes
2024-10-14 20:38:18.121676 Uniform: We should add Quebec
2024-10-14 20:38:18.133385 Lima: Yes
2024-10-14 20:38:18.133575 Alpha: Yes
2024-10-14 20:38:18.133725 Romeo: Yes
2024-10-14 20:38:18.133858 November: Yes
2024-10-14 20:38:18.173417 Juliett: Group up?
ChatterBot Mike reevaluating
2024-10-14 20:38:18.178598 Victor: Yes
2024-10-14 20:38:18.178726 Mike: Yes
ChatterBot Mike reevaluating
2024-10-14 20:38:18.193253 X-ray: We should add Juliett
2024-10-14 20:38:18.211923 Quebec: No
2024-10-14 20:38:18.212126 Lima: No
2024-10-14 20:38:18.212275 Uniform: No
2024-10-14 20:38:18.212415 Alpha: No
2024-10-14 20:38:18.212564 Romeo: No
2024-10-14 20:38:18.212712 November: No
ChatterBot X-ray reevaluating
ChatterBot X-ray reevaluating
ChatterBot X-ray reevaluating
ChatterBot X-ray reevaluating
ChatterBot X-ray reevaluating
2024-10-14 20:38:18.311063 Victor: Juliett we want you to join our group
2024-10-14 20:38:18.313499 Juliett: Yes
ChatterBot Mike reevaluating
2024-10-14 20:38:18.319249 Uniform: Quebec we want you to join our group
2024-10-14 20:38:18.322493 Quebec: Yes
2024-10-14 20:38:18.339046 Alpha: Same as last round
2024-10-14 20:38:18.339661 Lima: Uniform, Alpha, Quebec and November, sending you 3
2024-10-14 20:38:18.343687 Lima: Romeo, sending you 4
2024-10-14 20:38:18.345662 Victor: Mike, sending you 8
2024-10-14 20:38:18.347675 Romeo: Lima, sending you 4
2024-10-14 20:38:18.348324 Juliett: Victor, sending you 4
2024-10-14 20:38:18.350655 Mike: Victor, sending you 5
2024-10-14 20:38:18.352902 Romeo: Uniform, Alpha and November, sending you 3
2024-10-14 20:38:18.353469 Juliett: Mike, sending you 3
2024-10-14 20:38:18.354680 X-ray: Lima, Uniform, Romeo and November, sending you 2
2024-10-14 20:38:18.355727 Uniform: Sending you each 3
2024-10-14 20:38:18.356793 Quebec: Lima, Alpha and November, sending you 3
2024-10-14 20:38:18.357313 Romeo: Quebec, sending you 2
2024-10-14 20:38:18.358870 X-ray: Alpha, sending you 4
2024-10-14 20:38:18.359700 Quebec: Uniform, Romeo and X-ray, sending you 2
2024-10-14 20:38:18.360789 November: Lima, Uniform, Alpha, Romeo and Quebec, sending you 3
2024-10-14 20:38:18.361340 Romeo: X-ray, sending you 1
2024-10-14 20:38:18.361726 X-ray: Quebec, sending you 3
2024-10-14 20:38:18.366090 November: X-ray, sending you 1
chatterbot Uniform submitting transactions
chatterbot Lima submitting transactions
chatterbot Alpha submitting transactions
chatterbot Juliett submitting transactions
chatterbot Victor submitting transactions
chatterbot X-ray submitting transactions
chatterbot Romeo submitting transactions
chatterbot November submitting transactions
chatterbot Mike submitting transactions
chatterbot Quebec submitting transactions
ChatterBot Victor round 5
ChatterBot Lima round 5
ChatterBot Uniform round 5
ChatterBot Alpha round 5
ChatterBot Mike round 5
ChatterBot Juliett round 5
2024-10-14 20:38:19.429600 Lima: We should add X-ray
2024-10-14 20:38:19.445780 Alpha: Yes
2024-10-14 20:38:19.445992 Uniform: Yes
2024-10-14 20:38:19.446159 Romeo: Yes
2024-10-14 20:38:19.446306 November: Yes
2024-10-14 20:38:19.446449 Quebec: Yes
ChatterBot Romeo round 5
ChatterBot Quebec round 5
ChatterBot November round 5
ChatterBot X-ray round 5
2024-10-14 20:38:19.527440 Lima: X-ray we want you to join our group
2024-10-14 20:38:19.530510 X-ray: Yes
2024-10-14 20:38:19.567681 Romeo: Lima, sending you 4
2024-10-14 20:38:19.571674 Alpha: Same as last round
2024-10-14 20:38:19.572223 Romeo: Uniform, Alpha and November, sending you 3
2024-10-14 20:38:19.573111 Victor: Mike, sending you 6
2024-10-14 20:38:19.573360 Mike: Victor, sending you 5
2024-10-14 20:38:19.574689 X-ray: Lima and Uniform, sending you 1
2024-10-14 20:38:19.575661 Uniform: Same as last round
2024-10-14 20:38:19.576189 Juliett: Victor, sending you 4
2024-10-14 20:38:19.576426 Mike: Juliett, sending you 4
2024-10-14 20:38:19.577704 Romeo: Quebec, sending you 2
2024-10-14 20:38:19.578690 Lima: Uniform, Alpha, Romeo and November, sending you 3
2024-10-14 20:38:19.579267 Victor: Juliett, sending you 2
2024-10-14 20:38:19.579524 November: Lima, Uniform, Alpha, Romeo and Quebec, sending you 3
2024-10-14 20:38:19.580012 Juliett: Mike, sending you 3
2024-10-14 20:38:19.580285 X-ray: Alpha, sending you 6
2024-10-14 20:38:19.581138 Quebec: Lima, Alpha and November, sending you 3
2024-10-14 20:38:19.581660 Romeo: X-ray, sending you 1
2024-10-14 20:38:19.582660 Lima: Quebec and X-ray, sending you 2
2024-10-14 20:38:19.583214 November: X-ray, sending you 1
2024-10-14 20:38:19.584118 X-ray: Romeo and November, sending you 2
2024-10-14 20:38:19.584581 Quebec: Uniform, Romeo and X-ray, sending you 2
2024-10-14 20:38:19.587661 X-ray: Quebec, sending you 3
chatterbot Quebec submitting transactions
chatterbot Mike submitting transactions
chatterbot Uniform submitting transactions
chatterbot Lima submitting transactions
chatterbot X-ray submitting transactions
chatterbot November submitting transactions
chatterbot Alpha submitting transactions
chatterbot Juliett submitting transactions
chatterbot Victor submitting transactions
chatterbot Romeo submitting transactions
ChatterBot Victor round 6
ChatterBot Lima round 6
ChatterBot Uniform round 6
ChatterBot Alpha round 6
ChatterBot Mike round 6
ChatterBot Juliett round 6
ChatterBot Romeo round 6
ChatterBot Quebec round 6
ChatterBot November round 6
ChatterBot X-ray round 6
2024-10-14 20:38:20.815584 Mike: We should add Quebec
2024-10-14 20:38:20.818755 Juliett: No
2024-10-14 20:38:20.818880 Victor: No
ChatterBot Mike reevaluating
ChatterBot Mike reevaluating
2024-10-14 20:38:20.829378 Mike: We should add November
2024-10-14 20:38:20.832501 Juliett: No
2024-10-14 20:38:20.832626 Victor: No
ChatterBot Mike reevaluating
ChatterBot Mike reevaluating
2024-10-14 20:38:20.841176 Mike: We should add X-ray
2024-10-14 20:38:20.844884 Juliett: Yes
2024-10-14 20:38:20.844986 Victor: Yes
ChatterBot Mike reevaluating
ChatterBot Mike reevaluating
2024-10-14 20:38:20.854684 Alpha: Same as last round
2024-10-14 20:38:20.855264 Juliett: Victor, sending you 4
2024-10-14 20:38:20.855499 Victor: Mike, sending you 6
2024-10-14 20:38:20.856671 Lima: Uniform, Alpha, Romeo and November, sending you 3
2024-10-14 20:38:20.857201 Uniform: Same as last round
2024-10-14 20:38:20.857626 Romeo: Lima, sending you 4
2024-10-14 20:38:20.858150 November: Lima, Uniform, Alpha, Romeo and Quebec, sending you 3
2024-10-14 20:38:20.858697 Mike: X-ray we want you to join our group
2024-10-14 20:38:20.860995 X-ray: No
ChatterBot Mike reevaluating
2024-10-14 20:38:20.867181 Juliett: Mike, sending you 5
2024-10-14 20:38:20.867470 Victor: Juliett, sending you 2
2024-10-14 20:38:20.867717 Lima: Quebec and X-ray, sending you 2
2024-10-14 20:38:20.868175 November: X-ray, sending you 1
2024-10-14 20:38:20.868641 Romeo: Uniform, Alpha and November, sending you 3
2024-10-14 20:38:20.872648 Quebec: Lima, Alpha and November, sending you 3
2024-10-14 20:38:20.873684 Romeo: Quebec, sending you 2
2024-10-14 20:38:20.874697 X-ray: Lima, Romeo and November, sending you 2
2024-10-14 20:38:20.875704 Quebec: Uniform, Romeo and X-ray, sending you 2
2024-10-14 20:38:20.878651 Romeo: X-ray, sending you 1
2024-10-14 20:38:20.879647 X-ray: Uniform, sending you 1
2024-10-14 20:38:20.883655 X-ray: Alpha, sending you 5
2024-10-14 20:38:20.887658 X-ray: Quebec, sending you 3
2024-10-14 20:38:20.907668 Mike: Victor, sending you 5
2024-10-14 20:38:20.910888 Mike: Juliett and X-ray, sending you 4
chatterbot X-ray submitting transactions
chatterbot Uniform submitting transactions
chatterbot November submitting transactions
chatterbot Victor submitting transactions
chatterbot Juliett submitting transactions
chatterbot Quebec submitting transactions
chatterbot Romeo submitting transactions
chatterbot Mike submitting transactions
chatterbot Lima submitting transactions
chatterbot Alpha submitting transactions
ChatterBot Victor round 7
ChatterBot Lima round 7
ChatterBot Uniform round 7
ChatterBot Alpha round 7
ChatterBot Mike round 7
ChatterBot Juliett round 7
ChatterBot Romeo round 7
ChatterBot Quebec round 7
ChatterBot November round 7
ChatterBot X-ray round 7
2024-10-14 20:38:21.948668 Mike: Victor, sending you 5
2024-10-14 20:38:21.949709 Alpha: Same as last round
2024-10-14 20:38:21.953659 Mike: Juliett and X-ray, sending you 4
2024-10-14 20:38:21.954096 Romeo: Lima, Uniform, Alpha and November, sending you 3
2024-10-14 20:38:21.958735 Uniform: Same as last round
2024-10-14 20:38:21.959785 Victor: Mike, sending you 5
2024-10-14 20:38:21.960277 Romeo: Quebec and X-ray, sending you 2
2024-10-14 20:38:21.961535 Quebec: Lima, Uniform, Romeo and X-ray, sending you 2
2024-10-14 20:38:21.962426 November: Lima, Uniform, Alpha, Romeo and Quebec, sending you 3
2024-10-14 20:38:21.963080 X-ray: Lima, Romeo and November, sending you 2
2024-10-14 20:38:21.964384 Victor: Juliett, sending you 3
2024-10-14 20:38:21.964748 Juliett: Sending you each 5
2024-10-14 20:38:21.965103 Lima: Uniform, Alpha, Romeo, Quebec and November, sending you 3
2024-10-14 20:38:21.967050 Quebec: Alpha, sending you 4
2024-10-14 20:38:21.967996 November: X-ray, sending you 1
2024-10-14 20:38:21.968725 X-ray: Uniform, sending you 1
2024-10-14 20:38:21.970 Lima: X-ray, sending you 1
2024-10-14 20:38:21.970673 Quebec: November, sending you 3
2024-10-14 20:38:21.973709 X-ray: Alpha, sending you 5
2024-10-14 20:38:21.976679 X-ray: Quebec, sending you 3
chatterbot Romeo submitting transactions
chatterbot Lima submitting transactions
chatterbot Uniform submitting transactions
chatterbot X-ray submitting transactions
chatterbot Victor submitting transactions
chatterbot Juliett submitting transactions
chatterbot Quebec submitting transactions
chatterbot Alpha submitting transactions
chatterbot Mike submitting transactions
chatterbot November submitting transactions
ChatterBot Victor round 8
ChatterBot Lima round 8
ChatterBot Uniform round 8
ChatterBot Alpha round 8
ChatterBot Mike round 8
ChatterBot Juliett round 8
ChatterBot Romeo round 8
ChatterBot Quebec round 8
ChatterBot November round 8
ChatterBot X-ray round 8
2024-10-14 20:38:23.244714 Victor: Mike, sending you 5
2024-10-14 20:38:23.246025 Uniform: Same as last round
2024-10-14 20:38:23.248669 Mike: Victor, sending you 5
2024-10-14 20:38:23.249125 Victor: Juliett, sending you 3
2024-10-14 20:38:23.250689 Juliett: Victor, sending you 5
2024-10-14 20:38:23.253997 Mike: Juliett and X-ray, sending you 4
2024-10-14 20:38:23.254611 Romeo: Lima, Uniform, Alpha and November, sending you 3
2024-10-14 20:38:23.255771 Juliett: Mike, sending you 6
2024-10-14 20:38:23.256959 Alpha: Same as last round
2024-10-14 20:38:23.259883 Romeo: Quebec and X-ray, sending you 2
2024-10-14 20:38:23.260963 Lima: Uniform, Alpha, Romeo and November, sending you 3
2024-10-14 20:38:23.262147 Quebec: Lima, Alpha and November, sending you 3
2024-10-14 20:38:23.263856 X-ray: Lima, Romeo and November, sending you 2
2024-10-14 20:38:23.264674 Lima: Quebec and X-ray, sending you 2
2024-10-14 20:38:23.266694 Quebec: Uniform, Romeo and X-ray, sending you 2
2024-10-14 20:38:23.267884 X-ray: Uniform, sending you 1
2024-10-14 20:38:23.269670 November: Lima, Uniform, Alpha, Romeo and Quebec, sending you 3
2024-10-14 20:38:23.273679 X-ray: Alpha, sending you 5
2024-10-14 20:38:23.274402 November: X-ray, sending you 1
2024-10-14 20:38:23.276703 X-ray: Quebec, sending you 3
chatterbot X-ray submitting transactions
chatterbot Lima submitting transactions
chatterbot Uniform submitting transactions
chatterbot Quebec submitting transactions
chatterbot Juliett submitting transactions
chatterbot Victor submitting transactions
chatterbot November submitting transactions
chatterbot Mike submitting transactions
chatterbot Romeo submitting transactions
chatterbot Alpha submitting transactions
ChatterBot Victor round 9
ChatterBot Lima round 9
ChatterBot Uniform round 9
ChatterBot Alpha round 9
ChatterBot Mike round 9
ChatterBot Juliett round 9
ChatterBot Romeo round 9
ChatterBot Quebec round 9
ChatterBot November round 9
ChatterBot X-ray round 9
2024-10-14 20:38:24.298691 Uniform: Same as last round
2024-10-14 20:38:24.300714 November: Lima, Uniform, Alpha, Romeo and Quebec, sending you 3
2024-10-14 20:38:24.303685 November: X-ray, sending you 1
2024-10-14 20:38:24.305954 Quebec: Lima, Uniform, Romeo and X-ray, sending you 2
2024-10-14 20:38:24.306665 Victor: Mike, sending you 5
2024-10-14 20:38:24.307722 Romeo: Lima, Uniform, Alpha and November, sending you 3
2024-10-14 20:38:24.310695 Lima: Uniform, Alpha, Romeo, Quebec and November, sending you 3
2024-10-14 20:38:24.311546 Victor: Juliett, sending you 3
2024-10-14 20:38:24.311932 Quebec: Alpha, sending you 4
2024-10-14 20:38:24.313177 Romeo: Quebec and X-ray, sending you 2
2024-10-14 20:38:24.314039 Juliett: Sending you each 6
2024-10-14 20:38:24.314392 Mike: Victor, sending you 5
2024-10-14 20:38:24.314778 Alpha: Same as last round
2024-10-14 20:38:24.315685 Lima: X-ray, sending you 1
2024-10-14 20:38:24.316389 Quebec: November, sending you 3
2024-10-14 20:38:24.317908 Mike: Juliett, sending you 4
2024-10-14 20:38:24.318229 X-ray: Lima, Romeo and November, sending you 2
2024-10-14 20:38:24.321683 X-ray: Uniform, sending you 1
2024-10-14 20:38:24.326691 X-ray: Alpha, sending you 5
2024-10-14 20:38:24.330678 X-ray: Quebec, sending you 3
chatterbot X-ray submitting transactions
chatterbot November submitting transactions
chatterbot Alpha submitting transactions
chatterbot Uniform submitting transactions
chatterbot Lima submitting transactions
chatterbot Quebec submitting transactions
chatterbot Juliett submitting transactions
chatterbot Romeo submitting transactions
chatterbot Mike submitting transactions
chatterbot Victor submitting transactions
ChatterBot Victor round 10
ChatterBot Lima round 10
ChatterBot Uniform round 10
ChatterBot Alpha round 10
ChatterBot Mike round 10
ChatterBot Juliett round 10
ChatterBot Romeo round 10
ChatterBot Quebec round 10
ChatterBot November round 10
ChatterBot X-ray round 10
2024-10-14 20:38:25.555688 Alpha: Same as last round
2024-10-14 20:38:25.558679 Quebec: Lima, Uniform, Alpha and November, sending you 3
2024-10-14 20:38:25.561677 Mike: Victor, sending you 5
2024-10-14 20:38:25.562099 X-ray: Lima and November, sending you 2
2024-10-14 20:38:25.563055 Juliett: Victor, sending you 6
2024-10-14 20:38:25.563422 Lima: Uniform, Alpha, Romeo, Quebec and November, sending you 3
2024-10-14 20:38:25.564173 Romeo: Lima, Uniform, Alpha and November, sending you 3
2024-10-14 20:38:25.565089 Quebec: Romeo, sending you 1
2024-10-14 20:38:25.566416 Mike: Juliett, sending you 4
2024-10-14 20:38:25.566868 X-ray: Uniform, sending you 1
2024-10-14 20:38:25.567646 Victor: Mike, sending you 5
2024-10-14 20:38:25.567916 Juliett: Mike, sending you 7
2024-10-14 20:38:25.568183 Lima: X-ray, sending you 1
2024-10-14 20:38:25.568857 Romeo: Quebec and X-ray, sending you 2
2024-10-14 20:38:25.569584 November: Lima, Uniform, Alpha, Romeo and Quebec, sending you 3
2024-10-14 20:38:25.570239 Quebec: X-ray, sending you 2
2024-10-14 20:38:25.571344 Uniform: Same as last round
2024-10-14 20:38:25.571837 X-ray: Alpha, sending you 4
2024-10-14 20:38:25.572539 Victor: Juliett, sending you 3
2024-10-14 20:38:25.573674 November: X-ray, sending you 1
2024-10-14 20:38:25.575689 X-ray: Romeo and Quebec, sending you 3
chatterbot X-ray submitting transactions
chatterbot November submitting transactions
chatterbot Mike submitting transactions
chatterbot Romeo submitting transactions
chatterbot Juliett submitting transactions
chatterbot Lima submitting transactions
chatterbot Alpha submitting transactions
chatterbot Victor submitting transactions
chatterbot Uniform submitting transactions
chatterbot Quebec submitting transactions
ChatterBot Victor round 11
ChatterBot Lima round 11
ChatterBot Uniform round 11
ChatterBot Alpha round 11
ChatterBot Mike round 11
ChatterBot Juliett round 11
ChatterBot Romeo round 11
ChatterBot Quebec round 11
ChatterBot November round 11
ChatterBot X-ray round 11
2024-10-14 20:38:26.801722 Alpha: Same as last round
2024-10-14 20:38:26.803873 Victor: Mike, sending you 5
2024-10-14 20:38:26.806675 Lima: Uniform, Alpha, Romeo, Quebec and November, sending you 3
2024-10-14 20:38:26.808184 Quebec: Lima, Uniform, Alpha and November, sending you 3
2024-10-14 20:38:26.810098 Romeo: Lima, Uniform, Alpha and November, sending you 3
2024-10-14 20:38:26.811393 Victor: Juliett, sending you 3
2024-10-14 20:38:26.811953 Mike: Victor, sending you 5
2024-10-14 20:38:26.812727 Uniform: Same as last round
2024-10-14 20:38:26.813696 Lima: X-ray, sending you 1
2024-10-14 20:38:26.815643 Quebec: Romeo, sending you 1
2024-10-14 20:38:26.817148 Romeo: Quebec and X-ray, sending you 2
2024-10-14 20:38:26.818439 November: Lima, Uniform, Alpha, Romeo and Quebec, sending you 3
2024-10-14 20:38:26.820386 Mike: Juliett, sending you 4
2024-10-14 20:38:26.820901 Juliett: Victor, sending you 6
2024-10-14 20:38:26.821683 Quebec: X-ray, sending you 2
2024-10-14 20:38:26.824670 November: X-ray, sending you 1
2024-10-14 20:38:26.825767 Juliett: Mike, sending you 7
2024-10-14 20:38:26.828666 X-ray: Lima and November, sending you 2
2024-10-14 20:38:26.833676 X-ray: Uniform, sending you 1
2024-10-14 20:38:26.838677 X-ray: Alpha, sending you 4
2024-10-14 20:38:26.843931 X-ray: Romeo and Quebec, sending you 3
chatterbot Quebec submitting transactions
chatterbot Juliett submitting transactions
chatterbot Mike submitting transactions
chatterbot Romeo submitting transactions
chatterbot Alpha submitting transactions
chatterbot Victor submitting transactions
chatterbot Lima submitting transactions
chatterbot November submitting transactions
chatterbot Uniform submitting transactions
chatterbot X-ray submitting transactions
ChatterBot Victor round 12
ChatterBot Lima round 12
ChatterBot Uniform round 12
ChatterBot Alpha round 12
ChatterBot Mike round 12
ChatterBot Juliett round 12
ChatterBot Romeo round 12
ChatterBot Quebec round 12
ChatterBot November round 12
ChatterBot X-ray round 12
2024-10-14 20:38:27.994692 Uniform: Same as last round
2024-10-14 20:38:27.998277 Mike: Victor, sending you 5
2024-10-14 20:38:27.999701 Victor: Sending you each 4
2024-10-14 20:38:27.999987 Juliett: Sending you each 7
2024-10-14 20:38:28.000724 Alpha: Same as last round
2024-10-14 20:38:28.002261 Quebec: Lima, Uniform, Alpha and November, sending you 3
2024-10-14 20:38:28.003734 Mike: Juliett, sending you 4
2024-10-14 20:38:28.004172 Lima: Uniform, Alpha, Romeo, Quebec and November, sending you 3
2024-10-14 20:38:28.007688 Quebec: Romeo, sending you 1
2024-10-14 20:38:28.008557 Romeo: Lima, Uniform, Alpha and November, sending you 3
2024-10-14 20:38:28.009925 Lima: X-ray, sending you 1
2024-10-14 20:38:28.010653 Quebec: X-ray, sending you 2
2024-10-14 20:38:28.011711 November: Lima, Uniform, Alpha, Romeo and Quebec, sending you 3
2024-10-14 20:38:28.013677 Romeo: Quebec and X-ray, sending you 2
2024-10-14 20:38:28.016662 X-ray: Lima and November, sending you 2
2024-10-14 20:38:28.017761 November: X-ray, sending you 1
2024-10-14 20:38:28.020686 X-ray: Uniform, sending you 1
2024-10-14 20:38:28.024686 X-ray: Alpha, sending you 4
2024-10-14 20:38:28.028707 X-ray: Romeo and Quebec, sending you 3
chatterbot Victor submitting transactions
chatterbot X-ray submitting transactions
chatterbot Lima submitting transactions
chatterbot Mike submitting transactions
chatterbot November submitting transactions
chatterbot Juliett submitting transactions
chatterbot Alpha submitting transactions
chatterbot Quebec submitting transactions
chatterbot Uniform submitting transactions
chatterbot Romeo submitting transactions
ChatterBot Victor round 13
ChatterBot Lima round 13
ChatterBot Uniform round 13
ChatterBot Alpha round 13
ChatterBot Mike round 13
ChatterBot Juliett round 13
ChatterBot Romeo round 13
ChatterBot Quebec round 13
ChatterBot November round 13
ChatterBot X-ray round 13
2024-10-14 20:38:29.282684 Juliett: Same as last round
2024-10-14 20:38:29.283673 Mike: Victor, sending you 5
2024-10-14 20:38:29.285724 November: Lima, Uniform, Alpha, Romeo and Quebec, sending you 3
2024-10-14 20:38:29.288777 Mike: Juliett, sending you 3
2024-10-14 20:38:29.289959 Romeo: Lima, Uniform, Alpha and November, sending you 3
2024-10-14 20:38:29.292841 November: X-ray, sending you 1
2024-10-14 20:38:29.295380 Alpha: Same as last round
2024-10-14 20:38:29.297501 Uniform: Same as last round
2024-10-14 20:38:29.298860 Quebec: Lima, Uniform, Alpha and November, sending you 3
2024-10-14 20:38:29.301384 Victor: Same as last round
2024-10-14 20:38:29.302571 Romeo: Quebec and X-ray, sending you 2
2024-10-14 20:38:29.305277 Lima: Uniform, Alpha, Romeo, Quebec and November, sending you 3
2024-10-14 20:38:29.307928 X-ray: Lima and November, sending you 2
2024-10-14 20:38:29.310721 Quebec: Romeo, sending you 1
2024-10-14 20:38:29.313214 Lima: X-ray, sending you 1
2024-10-14 20:38:29.314836 X-ray: Uniform, sending you 1
2024-10-14 20:38:29.316694 Quebec: X-ray, sending you 2
2024-10-14 20:38:29.320202 X-ray: Alpha, sending you 4
2024-10-14 20:38:29.325677 X-ray: Romeo and Quebec, sending you 3
chatterbot X-ray submitting transactions
chatterbot Alpha submitting transactions
chatterbot Mike submitting transactions
chatterbot Romeo submitting transactions
chatterbot Lima submitting transactions
chatterbot Uniform submitting transactions
chatterbot Victor submitting transactions
chatterbot November submitting transactions
chatterbot Juliett submitting transactions
chatterbot Quebec submitting transactions
ChatterBot Victor round 14
ChatterBot Lima round 14
ChatterBot Uniform round 14
ChatterBot Alpha round 14
ChatterBot Mike round 14
ChatterBot Juliett round 14
ChatterBot Romeo round 14
ChatterBot Quebec round 14
ChatterBot November round 14
ChatterBot X-ray round 14
2024-10-14 20:38:30.596874 Mike: We should replace X-ray with Uniform
2024-10-14 20:38:30.607855 Juliett: No
2024-10-14 20:38:30.610763 Victor: No
ChatterBot Mike reevaluating
