ChatterBot Foxtrot round 1
ChatterBot Yankee round 1
ChatterBot Lima round 1
ChatterBot Golf round 1
ChatterBot Echo round 1
ChatterBot Oscar round 1
ChatterBot Uniform round 1
ChatterBot Delta round 1
ChatterBot Hotel round 1
ChatterBot X-ray round 1
randomSelections Foxtrot: {Foxtrot, Uniform, Delta, Yankee, X-ray, Echo, Oscar, Lima} 
2024-10-15 01:57:15.068150 Foxtrot: Let's form a team
ChatterBot Uniform reevaluating
ChatterBot Delta reevaluating
ChatterBot Yankee reevaluating
ChatterBot X-ray reevaluating
ChatterBot Echo reevaluating
ChatterBot Oscar reevaluating
ChatterBot Lima reevaluating
2024-10-15 01:57:15.105369 Uniform: Yes
2024-10-15 01:57:15.105519 Delta: Yes
2024-10-15 01:57:15.105662 Yankee: Yes
2024-10-15 01:57:15.105793 X-ray: Yes
2024-10-15 01:57:15.105908 Echo: Yes
2024-10-15 01:57:15.106029 Oscar: Yes
2024-10-15 01:57:15.106146 Lima: Yes
ChatterBot Delta reevaluating
ChatterBot Yankee reevaluating
ChatterBot X-ray reevaluating
ChatterBot Echo reevaluating
ChatterBot Oscar reevaluating
ChatterBot Lima reevaluating
ChatterBot Uniform reevaluating
ChatterBot Yankee reevaluating
ChatterBot X-ray reevaluating
ChatterBot Echo reevaluating
ChatterBot Oscar reevaluating
ChatterBot Lima reevaluating
ChatterBot Uniform reevaluating
ChatterBot Delta reevaluating
ChatterBot X-ray reevaluating
ChatterBot Echo reevaluating
ChatterBot Oscar reevaluating
ChatterBot Lima reevaluating
ChatterBot Uniform reevaluating
ChatterBot Delta reevaluating
ChatterBot Yankee reevaluating
ChatterBot Echo reevaluating
ChatterBot Oscar reevaluating
ChatterBot Lima reevaluating
ChatterBot Uniform reevaluating
ChatterBot Delta reevaluating
ChatterBot Yankee reevaluating
ChatterBot X-ray reevaluating
ChatterBot Oscar reevaluating
ChatterBot Lima reevaluating
ChatterBot Uniform reevaluating
ChatterBot Delta reevaluating
ChatterBot Yankee reevaluating
ChatterBot X-ray reevaluating
ChatterBot Echo reevaluating
ChatterBot Lima reevaluating
ChatterBot Uniform reevaluating
ChatterBot Delta reevaluating
ChatterBot Yankee reevaluating
ChatterBot X-ray reevaluating
ChatterBot Echo reevaluating
ChatterBot Oscar reevaluating
randomSelections Golf: {Golf, Yankee, Delta, Uniform, Foxtrot, Oscar} 
2024-10-15 01:57:15.242047 Golf: Let's form a team
ChatterBot Yankee reevaluating
ChatterBot Delta reevaluating
ChatterBot Uniform reevaluating
ChatterBot Oscar reevaluating
2024-10-15 01:57:15.254433 Yankee: No
2024-10-15 01:57:15.254720 Delta: No
2024-10-15 01:57:15.254942 Uniform: No
2024-10-15 01:57:15.255640 Foxtrot: No
2024-10-15 01:57:15.255840 Oscar: No
ChatterBot Delta reevaluating
ChatterBot Uniform reevaluating
ChatterBot Oscar reevaluating
ChatterBot Yankee reevaluating
ChatterBot Uniform reevaluating
ChatterBot Oscar reevaluating
ChatterBot Yankee reevaluating
ChatterBot Delta reevaluating
ChatterBot Oscar reevaluating
ChatterBot Yankee reevaluating
ChatterBot Delta reevaluating
ChatterBot Uniform reevaluating
ChatterBot Oscar reevaluating
ChatterBot Yankee reevaluating
ChatterBot Delta reevaluating
ChatterBot Uniform reevaluating
randomSelections Hotel: {Hotel, Yankee, Oscar, Foxtrot, Uniform, Echo, X-ray, Golf} 
2024-10-15 01:57:15.433967 Hotel: Can we be friends?
ChatterBot Yankee reevaluating
ChatterBot Oscar reevaluating
ChatterBot Uniform reevaluating
ChatterBot Echo reevaluating
ChatterBot X-ray reevaluating
2024-10-15 01:57:15.446160 Yankee: No
2024-10-15 01:57:15.446773 Oscar: No
2024-10-15 01:57:15.447203 Foxtrot: No
2024-10-15 01:57:15.448608 Uniform: No
2024-10-15 01:57:15.449003 Echo: No
2024-10-15 01:57:15.449434 X-ray: No
2024-10-15 01:57:15.450519 Golf: No
ChatterBot Oscar reevaluating
ChatterBot Uniform reevaluating
ChatterBot Echo reevaluating
ChatterBot X-ray reevaluating
ChatterBot Yankee reevaluating
ChatterBot Uniform reevaluating
ChatterBot Echo reevaluating
ChatterBot X-ray reevaluating
ChatterBot Yankee reevaluating
ChatterBot Oscar reevaluating
ChatterBot Uniform reevaluating
ChatterBot Echo reevaluating
ChatterBot X-ray reevaluating
ChatterBot Yankee reevaluating
ChatterBot Oscar reevaluating
ChatterBot Echo reevaluating
ChatterBot X-ray reevaluating
ChatterBot Yankee reevaluating
ChatterBot Oscar reevaluating
ChatterBot Uniform reevaluating
ChatterBot X-ray reevaluating
ChatterBot Yankee reevaluating
ChatterBot Oscar reevaluating
ChatterBot Uniform reevaluating
ChatterBot Echo reevaluating
ChatterBot Yankee reevaluating
ChatterBot Oscar reevaluating
ChatterBot Uniform reevaluating
ChatterBot Echo reevaluating
ChatterBot X-ray reevaluating
chatterbot Lima submitting transactions
2024-10-15 01:57:15.620027 Oscar: Foxtrot and Echo, sending you 2
2024-10-15 01:57:15.621815 Foxtrot: Yankee, Lima and Delta, sending you 2
2024-10-15 01:57:15.622721 Yankee: Lima, sending you 1
2024-10-15 01:57:15.624265 Echo: Yankee, Lima and X-ray, sending you 1
2024-10-15 01:57:15.626518 Hotel: Foxtrot, sending you 3
2024-10-15 01:57:15.628689 Golf: Foxtrot, Yankee and Uniform, sending you 2
2024-10-15 01:57:15.630408 Lima: Yankee, Oscar and X-ray, sending you 1
2024-10-15 01:57:15.632342 Oscar: Yankee, Uniform and Delta, sending you 1
2024-10-15 01:57:15.634 Yankee: Echo, sending you 2
2024-10-15 01:57:15.635406 Foxtrot: Uniform, sending you 1
2024-10-15 01:57:15.636492 Echo: Oscar, sending you 2
2024-10-15 01:57:15.638204 Hotel: Golf, sending you 1
2024-10-15 01:57:15.639865 Golf: Oscar and Delta, sending you 1
2024-10-15 01:57:15.641448 Lima: Echo, Uniform and Delta, sending you 2
2024-10-15 01:57:15.642864 Oscar: Lima, sending you 4
2024-10-15 01:57:15.643891 Yankee: Oscar and X-ray, sending you 3
2024-10-15 01:57:15.645776 X-ray: Foxtrot, Lima, Echo and Uniform, sending you 2
2024-10-15 01:57:15.648555 Uniform: Foxtrot, Yankee and Lima, sending you 1
2024-10-15 01:57:15.649738 Echo: Uniform, sending you 3
chatterbot Golf submitting transactions
2024-10-15 01:57:15.652629 Delta: Foxtrot, Yankee, Lima and Uniform, sending you 2
2024-10-15 01:57:15.654621 Hotel: Uniform and X-ray, sending you 2
2024-10-15 01:57:15.656210 Oscar: X-ray, sending you 3
2024-10-15 01:57:15.658149 X-ray: Yankee, sending you 4
2024-10-15 01:57:15.659114 Uniform: Echo, Delta and X-ray, sending you 4
2024-10-15 01:57:15.660498 Delta: Echo and X-ray, sending you 3
2024-10-15 01:57:15.663697 X-ray: Delta, sending you 1
2024-10-15 01:57:15.664690 Uniform: Oscar, sending you 3
chatterbot Foxtrot submitting transactions
chatterbot X-ray submitting transactions
chatterbot Delta submitting transactions
chatterbot Hotel submitting transactions
chatterbot Oscar submitting transactions
chatterbot Uniform submitting transactions
chatterbot Echo submitting transactions
chatterbot Yankee submitting transactions
ChatterBot Foxtrot round 2
ChatterBot Yankee round 2
ChatterBot Lima round 2
ChatterBot Golf round 2
ChatterBot Echo round 2
ChatterBot Oscar round 2
ChatterBot Uniform round 2
ChatterBot Delta round 2
ChatterBot Hotel round 2
ChatterBot X-ray round 2
2024-10-15 01:57:16.939563 Foxtrot: Let's form a team
ChatterBot Hotel reevaluating
ChatterBot Golf reevaluating
2024-10-15 01:57:16.949205 Hotel: No
2024-10-15 01:57:16.949369 Golf: Yes
ChatterBot Golf reevaluating
ChatterBot Hotel reevaluating
2024-10-15 01:57:16.965969 Golf: Can we be friends?
ChatterBot Hotel reevaluating
2024-10-15 01:57:16.974824 Foxtrot: Yes
2024-10-15 01:57:16.975475 Hotel: No
ChatterBot Hotel reevaluating
ChatterBot Golf reevaluating
ChatterBot Golf reevaluating
2024-10-15 01:57:17.037072 Lima: We should drop Foxtrot
ChatterBot X-ray reevaluating
2024-10-15 01:57:17.063627 Yankee: Yes
2024-10-15 01:57:17.063808 Echo: Yes
2024-10-15 01:57:17.064432 Oscar: Yes
2024-10-15 01:57:17.064622 Uniform: No
2024-10-15 01:57:17.064791 Delta: Yes
2024-10-15 01:57:17.064920 X-ray: Yes
ChatterBot X-ray reevaluating
ChatterBot Uniform reevaluating
ChatterBot X-ray reevaluating
ChatterBot Uniform reevaluating
ChatterBot X-ray reevaluating
ChatterBot X-ray reevaluating
ChatterBot Uniform reevaluating
ChatterBot X-ray reevaluating
ChatterBot Uniform reevaluating
2024-10-15 01:57:17.348353 Foxtrot: Golf, sending you 3
2024-10-15 01:57:17.538240 Foxtrot: Hotel, sending you 4
2024-10-15 01:57:17.538514 Golf: Foxtrot, sending you 1
2024-10-15 01:57:17.539313 Lima: Yankee and Echo, sending you 1
chatterbot Yankee submitting transactions
2024-10-15 01:57:17.635776 Golf: Hotel, sending you 7
2024-10-15 01:57:17.636844 Echo: Yankee, Lima, Oscar and X-ray, sending you 1
2024-10-15 01:57:17.637485 Yankee: Lima, Echo, Oscar and Uniform, sending you 1
2024-10-15 01:57:17.638497 Lima: Oscar, sending you 3
2024-10-15 01:57:17.638933 Oscar: Yankee, sending you 5
2024-10-15 01:57:17.639875 Delta: Yankee, Lima, Echo, Oscar and X-ray, sending you 2
chatterbot Foxtrot submitting transactions
2024-10-15 01:57:17.640508 Echo: Uniform and Delta, sending you 2
2024-10-15 01:57:17.872443 Yankee: Delta, sending you 2
2024-10-15 01:57:17.873588 Lima: Delta and X-ray, sending you 2
2024-10-15 01:57:17.874425 Uniform: Lima, Echo, Delta and X-ray, sending you 4
2024-10-15 01:57:17.875782 X-ray: Yankee and Uniform, sending you 3
2024-10-15 01:57:17.877190 Oscar: Lima, sending you 2
2024-10-15 01:57:17.877965 Delta: Uniform, sending you 4
2024-10-15 01:57:17.879284 Yankee: X-ray, sending you 3
chatterbot Delta submitting transactions
2024-10-15 01:57:17.978245 Uniform: Oscar, sending you 1
2024-10-15 01:57:17.978887 X-ray: Lima, Echo, Oscar and Delta, sending you 2
2024-10-15 01:57:17.980129 Oscar: Echo, sending you 3
chatterbot Lima submitting transactions
chatterbot Golf submitting transactions
2024-10-15 01:57:18.001931 Oscar: Uniform, sending you 4
chatterbot Oscar submitting transactions
chatterbot Uniform submitting transactions
chatterbot Echo submitting transactions
chatterbot Hotel submitting transactions
chatterbot X-ray submitting transactions
ChatterBot Foxtrot round 3
ChatterBot Yankee round 3
ChatterBot Lima round 3
ChatterBot Golf round 3
ChatterBot Echo round 3
ChatterBot Oscar round 3
ChatterBot Uniform round 3
ChatterBot Delta round 3
ChatterBot Hotel round 3
ChatterBot X-ray round 3
2024-10-15 01:57:18.666710 Golf: Foxtrot, sending you 6
2024-10-15 01:57:18.668549 Lima: Echo, sending you 1
2024-10-15 01:57:18.669146 Yankee: Lima, Echo and Uniform, sending you 1
2024-10-15 01:57:18.670675 Golf: Hotel, sending you 2
2024-10-15 01:57:18.671660 Uniform: Lima, sending you 2
2024-10-15 01:57:18.673695 Lima: Oscar, Uniform, Delta and X-ray, sending you 2
2024-10-15 01:57:18.675043 Yankee: Oscar and X-ray, sending you 3
2024-10-15 01:57:18.675825 Foxtrot: Golf, sending you 4
2024-10-15 01:57:18.676182 Uniform: Echo, Delta and X-ray, sending you 4
2024-10-15 01:57:18.677209 X-ray: Yankee and Uniform, sending you 3
2024-10-15 01:57:18.677730 Hotel: Sending you each 4
2024-10-15 01:57:18.678690 Foxtrot: Hotel, sending you 3
2024-10-15 01:57:18.680345 Oscar: Yankee, Lima and Uniform, sending you 3
2024-10-15 01:57:18.681045 Yankee: Delta, sending you 2
2024-10-15 01:57:18.682420 Uniform: Oscar, sending you 3
2024-10-15 01:57:18.683183 Delta: Yankee, Echo, Oscar and X-ray, sending you 2
2024-10-15 01:57:18.684587 X-ray: Lima, Echo, Oscar and Delta, sending you 2
2024-10-15 01:57:18.685205 Echo: Yankee, Lima, Oscar, Delta and X-ray, sending you 1
2024-10-15 01:57:18.686360 Oscar: Echo and X-ray, sending you 2
2024-10-15 01:57:18.688702 Delta: Lima and Uniform, sending you 3
2024-10-15 01:57:18.690687 Echo: Uniform, sending you 3
2024-10-15 01:57:18.691774 Oscar: Delta, sending you 1
chatterbot Uniform submitting transactions
chatterbot Lima submitting transactions
chatterbot Golf submitting transactions
chatterbot Yankee submitting transactions
chatterbot Hotel submitting transactions
chatterbot Delta submitting transactions
chatterbot Echo submitting transactions
chatterbot Foxtrot submitting transactions
chatterbot Oscar submitting transactions
chatterbot X-ray submitting transactions
ChatterBot Foxtrot round 4
ChatterBot Yankee round 4
ChatterBot Lima round 4
ChatterBot Golf round 4
ChatterBot Echo round 4
ChatterBot Oscar round 4
ChatterBot Uniform round 4
ChatterBot Delta round 4
ChatterBot Hotel round 4
ChatterBot X-ray round 4
2024-10-15 01:57:19.880682 Foxtrot: Golf, sending you 4
2024-10-15 01:57:19.883678 Foxtrot: Hotel, sending you 3
2024-10-15 01:57:19.885185 X-ray: We should drop Echo
ChatterBot Yankee reevaluating
2024-10-15 01:57:19.902585 Yankee: Yes
2024-10-15 01:57:19.902823 Lima: No
2024-10-15 01:57:19.902970 Oscar: No
2024-10-15 01:57:19.903153 Uniform: No
2024-10-15 01:57:19.903295 Delta: No
ChatterBot Yankee reevaluating
ChatterBot Yankee reevaluating
ChatterBot Yankee reevaluating
ChatterBot Yankee reevaluating
2024-10-15 01:57:19.976308 Uniform: Yankee, sending you 1
2024-10-15 01:57:19.978655 Lima: Echo, sending you 1
2024-10-15 01:57:19.979699 Uniform: Lima, sending you 2
2024-10-15 01:57:19.980366 Delta: Yankee, Echo, Oscar and X-ray, sending you 2
2024-10-15 01:57:19.981389 Oscar: Yankee, Lima and Uniform, sending you 3
2024-10-15 01:57:19.981878 Echo: Yankee, Lima, Oscar, Delta and X-ray, sending you 1
2024-10-15 01:57:19.982350 Golf: Sending you each 4
2024-10-15 01:57:19.982627 Hotel: Foxtrot, sending you 5
2024-10-15 01:57:19.982887 Lima: Oscar, Uniform, Delta and X-ray, sending you 2
2024-10-15 01:57:19.983734 Uniform: Echo, Delta and X-ray, sending you 4
2024-10-15 01:57:19.984679 Echo: Uniform, sending you 3
2024-10-15 01:57:19.985987 Delta: Lima and Uniform, sending you 3
2024-10-15 01:57:19.986560 Oscar: Echo, sending you 1
2024-10-15 01:57:19.987110 Uniform: Oscar, sending you 3
2024-10-15 01:57:19.987733 Hotel: Golf, sending you 4
2024-10-15 01:57:19.990715 X-ray: Yankee, Lima, Uniform and Delta, sending you 3
2024-10-15 01:57:19.991692 Oscar: Delta and X-ray, sending you 2
2024-10-15 01:57:19.995674 X-ray: Oscar, sending you 2
2024-10-15 01:57:20.004672 Yankee: Lima, Echo and Uniform, sending you 1
2024-10-15 01:57:20.009677 Yankee: Oscar and X-ray, sending you 3
2024-10-15 01:57:20.012657 Yankee: Delta, sending you 2
chatterbot X-ray submitting transactions
chatterbot Oscar submitting transactions
chatterbot Golf submitting transactions
chatterbot Echo submitting transactions
chatterbot Foxtrot submitting transactions
chatterbot Hotel submitting transactions
chatterbot Yankee submitting transactions
chatterbot Uniform submitting transactions
chatterbot Lima submitting transactions
chatterbot Delta submitting transactions
ChatterBot Foxtrot round 5
ChatterBot Yankee round 5
ChatterBot Lima round 5
ChatterBot Golf round 5
ChatterBot Echo round 5
ChatterBot Oscar round 5
ChatterBot Uniform round 5
ChatterBot Delta round 5
ChatterBot Hotel round 5
ChatterBot X-ray round 5
2024-10-15 01:57:21.069676 Golf: Same as last round
2024-10-15 01:57:21.074699 Foxtrot: Golf, sending you 3
2024-10-15 01:57:21.075707 Lima: Echo, sending you 1
2024-10-15 01:57:21.076747 Echo: Yankee, Lima, Oscar, Delta and X-ray, sending you 1
2024-10-15 01:57:21.078688 Foxtrot: Hotel, sending you 4
2024-10-15 01:57:21.079702 Lima: Oscar, Uniform, Delta and X-ray, sending you 2
2024-10-15 01:57:21.080933 Echo: Uniform, sending you 3
2024-10-15 01:57:21.081486 Yankee: Lima, Echo and Uniform, sending you 1
2024-10-15 01:57:21.082742 Uniform: Yankee, sending you 1
2024-10-15 01:57:21.084835 Oscar: Yankee, Lima and Uniform, sending you 3
2024-10-15 01:57:21.085728 Yankee: Oscar and X-ray, sending you 3
2024-10-15 01:57:21.086241 X-ray: Yankee, Lima, Uniform and Delta, sending you 3
2024-10-15 01:57:21.086675 Hotel: Foxtrot, sending you 5
2024-10-15 01:57:21.087684 Delta: Yankee, Lima, Echo and Oscar, sending you 2
2024-10-15 01:57:21.088216 Uniform: Lima, sending you 2
2024-10-15 01:57:21.088802 Yankee: Delta, sending you 2
2024-10-15 01:57:21.089766 X-ray: Oscar, sending you 2
2024-10-15 01:57:21.090279 Oscar: Echo, sending you 1
2024-10-15 01:57:21.090731 Hotel: Golf, sending you 4
2024-10-15 01:57:21.092666 Delta: Uniform and X-ray, sending you 3
2024-10-15 01:57:21.093699 Uniform: Echo, Delta and X-ray, sending you 4
2024-10-15 01:57:21.094690 Oscar: Delta and X-ray, sending you 2
2024-10-15 01:57:21.098663 Uniform: Oscar, sending you 3
chatterbot Yankee submitting transactions
chatterbot Hotel submitting transactions
chatterbot Echo submitting transactions
chatterbot Delta submitting transactions
chatterbot Uniform submitting transactions
chatterbot Oscar submitting transactions
chatterbot X-ray submitting transactions
chatterbot Lima submitting transactions
chatterbot Foxtrot submitting transactions
chatterbot Golf submitting transactions
ChatterBot Foxtrot round 6
ChatterBot Yankee round 6
ChatterBot Lima round 6
ChatterBot Golf round 6
ChatterBot Echo round 6
ChatterBot Oscar round 6
ChatterBot Uniform round 6
ChatterBot Delta round 6
ChatterBot Hotel round 6
ChatterBot X-ray round 6
2024-10-15 01:57:22.283672 X-ray: Yankee, Lima, Uniform and Delta, sending you 3
2024-10-15 01:57:22.284129 Delta: Yankee, Lima, Echo and Oscar, sending you 2
2024-10-15 01:57:22.286735 Uniform: Yankee, sending you 1
2024-10-15 01:57:22.287296 Foxtrot: Golf, sending you 3
2024-10-15 01:57:22.287655 Yankee: Lima, Echo and Uniform, sending you 1
2024-10-15 01:57:22.288672 Golf: Same as last round
2024-10-15 01:57:22.288959 X-ray: Oscar, sending you 2
2024-10-15 01:57:22.289693 Delta: Uniform and X-ray, sending you 3
2024-10-15 01:57:22.290664 Hotel: Foxtrot, sending you 5
2024-10-15 01:57:22.290961 Uniform: Lima, sending you 2
2024-10-15 01:57:22.291706 Foxtrot: Hotel, sending you 4
2024-10-15 01:57:22.292003 Echo: Yankee, Lima, Oscar, Delta and X-ray, sending you 1
2024-10-15 01:57:22.292699 Yankee: Oscar, sending you 3
2024-10-15 01:57:22.293673 Oscar: Yankee, sending you 4
2024-10-15 01:57:22.294679 Hotel: Golf, sending you 4
2024-10-15 01:57:22.295669 Uniform: Echo, Delta and X-ray, sending you 4
2024-10-15 01:57:22.296683 Lima: Echo, sending you 1
2024-10-15 01:57:22.297440 Echo: Uniform, sending you 3
2024-10-15 01:57:22.299022 Yankee: Delta, sending you 2
2024-10-15 01:57:22.299485 Oscar: Lima, Delta and X-ray, sending you 2
2024-10-15 01:57:22.300680 Uniform: Oscar, sending you 3
2024-10-15 01:57:22.301659 Lima: Oscar, Uniform, Delta and X-ray, sending you 2
2024-10-15 01:57:22.302665 Oscar: Echo, sending you 1
2024-10-15 01:57:22.303648 Yankee: X-ray, sending you 4
2024-10-15 01:57:22.305691 Oscar: Uniform, sending you 3
chatterbot Hotel submitting transactions
chatterbot Golf submitting transactions
chatterbot Delta submitting transactions
chatterbot Foxtrot submitting transactions
chatterbot X-ray submitting transactions
chatterbot Lima submitting transactions
chatterbot Oscar submitting transactions
chatterbot Echo submitting transactions
chatterbot Yankee submitting transactions
chatterbot Uniform submitting transactions
ChatterBot Foxtrot round 7
ChatterBot Yankee round 7
ChatterBot Lima round 7
ChatterBot Golf round 7
ChatterBot Echo round 7
ChatterBot Oscar round 7
ChatterBot Uniform round 7
ChatterBot Delta round 7
ChatterBot Hotel round 7
ChatterBot X-ray round 7
2024-10-15 01:57:23.553695 Delta: Yankee, Lima, Echo and Oscar, sending you 2
2024-10-15 01:57:23.554694 Yankee: Echo and Uniform, sending you 1
2024-10-15 01:57:23.557682 Golf: Same as last round
2024-10-15 01:57:23.558041 Yankee: Oscar, sending you 3
2024-10-15 01:57:23.558688 Delta: Uniform and X-ray, sending you 3
2024-10-15 01:57:23.559670 Lima: Echo, sending you 1
2024-10-15 01:57:23.561779 Yankee: Delta, sending you 2
2024-10-15 01:57:23.562669 Hotel: Foxtrot, sending you 5
2024-10-15 01:57:23.563716 Uniform: Yankee, sending you 1
2024-10-15 01:57:23.564281 Echo: Yankee, Lima and Oscar, sending you 1
2024-10-15 01:57:23.564866 Lima: Oscar, Uniform, Delta and X-ray, sending you 2
2024-10-15 01:57:23.565383 X-ray: Yankee, Lima, Uniform and Delta, sending you 3
2024-10-15 01:57:23.565696 Yankee: X-ray, sending you 4
2024-10-15 01:57:23.566683 Hotel: Golf, sending you 4
2024-10-15 01:57:23.567648 Uniform: Lima, sending you 2
2024-10-15 01:57:23.568202 Echo: Uniform, sending you 3
2024-10-15 01:57:23.569673 Foxtrot: Golf, sending you 3
2024-10-15 01:57:23.571171 X-ray: Oscar, sending you 2
2024-10-15 01:57:23.571697 Uniform: Echo and X-ray, sending you 4
2024-10-15 01:57:23.572543 Oscar: Yankee, sending you 4
2024-10-15 01:57:23.573165 Echo: Delta, sending you 2
2024-10-15 01:57:23.573873 Foxtrot: Hotel, sending you 4
2024-10-15 01:57:23.576668 Uniform: Oscar and Delta, sending you 3
2024-10-15 01:57:23.577274 Oscar: Lima, Delta and X-ray, sending you 2
2024-10-15 01:57:23.581657 Oscar: Echo, sending you 1
2024-10-15 01:57:23.584657 Oscar: Uniform, sending you 3
chatterbot Delta submitting transactions
chatterbot Golf submitting transactions
chatterbot Yankee submitting transactions
chatterbot Oscar submitting transactions
chatterbot X-ray submitting transactions
chatterbot Uniform submitting transactions
chatterbot Echo submitting transactions
chatterbot Foxtrot submitting transactions
chatterbot Lima submitting transactions
chatterbot Hotel submitting transactions
ChatterBot Foxtrot round 8
ChatterBot Yankee round 8
ChatterBot Lima round 8
ChatterBot Golf round 8
ChatterBot Echo round 8
ChatterBot Oscar round 8
ChatterBot Uniform round 8
ChatterBot Delta round 8
ChatterBot Hotel round 8
ChatterBot X-ray round 8
2024-10-15 01:57:24.702425 X-ray: We should add Echo
2024-10-15 01:57:24.716749 Yankee: Yes
2024-10-15 01:57:24.716901 Lima: Yes
2024-10-15 01:57:24.717027 Oscar: Yes
2024-10-15 01:57:24.717131 Uniform: Yes
2024-10-15 01:57:24.717246 Delta: Yes
2024-10-15 01:57:24.771945 X-ray: Echo we want you to join our group
2024-10-15 01:57:24.774587 Echo: Yes
2024-10-15 01:57:24.786715 Golf: Same as last round
2024-10-15 01:57:24.786997 Lima: Echo, sending you 1
2024-10-15 01:57:24.787515 Foxtrot: Golf, sending you 3
2024-10-15 01:57:24.788260 Yankee: Echo and Uniform, sending you 1
2024-10-15 01:57:24.789663 Lima: Oscar, Uniform, Delta and X-ray, sending you 2
2024-10-15 01:57:24.791997 Foxtrot: Hotel, sending you 4
2024-10-15 01:57:24.792448 Delta: Yankee, Lima, Echo and Oscar, sending you 2
2024-10-15 01:57:24.793288 Uniform: Yankee, sending you 1
2024-10-15 01:57:24.793970 Oscar: Yankee, sending you 4
2024-10-15 01:57:24.794660 Yankee: Oscar and X-ray, sending you 3
2024-10-15 01:57:24.795426 Hotel: Foxtrot, sending you 5
2024-10-15 01:57:24.796159 Echo: Yankee, Lima and Oscar, sending you 1
2024-10-15 01:57:24.796983 Delta: Uniform and X-ray, sending you 3
2024-10-15 01:57:24.797776 Uniform: Lima, Oscar and Delta, sending you 3
2024-10-15 01:57:24.798684 Oscar: Lima, Delta and X-ray, sending you 2
2024-10-15 01:57:24.799679 Yankee: Delta, sending you 2
2024-10-15 01:57:24.800754 X-ray: Yankee and Uniform, sending you 3
2024-10-15 01:57:24.801371 Hotel: Golf, sending you 4
2024-10-15 01:57:24.801668 Echo: Uniform, sending you 3
2024-10-15 01:57:24.802323 Uniform: Echo and X-ray, sending you 4
2024-10-15 01:57:24.803670 Oscar: Echo, sending you 1
2024-10-15 01:57:24.805038 X-ray: Lima, Echo, Oscar and Delta, sending you 2
2024-10-15 01:57:24.806663 Echo: Delta, sending you 2
2024-10-15 01:57:24.809656 Oscar: Uniform, sending you 3
chatterbot Oscar submitting transactions
chatterbot Hotel submitting transactions
chatterbot Golf submitting transactions
chatterbot X-ray submitting transactions
chatterbot Uniform submitting transactions
chatterbot Echo submitting transactions
chatterbot Yankee submitting transactions
chatterbot Foxtrot submitting transactions
chatterbot Lima submitting transactions
chatterbot Delta submitting transactions
ChatterBot Foxtrot round 9
ChatterBot Yankee round 9
ChatterBot Lima round 9
ChatterBot Golf round 9
ChatterBot Echo round 9
ChatterBot Oscar round 9
ChatterBot Uniform round 9
ChatterBot Delta round 9
ChatterBot Hotel round 9
ChatterBot X-ray round 9
2024-10-15 01:57:25.908194 Yankee: We should drop Lima
2024-10-15 01:57:25.923772 Echo: No
2024-10-15 01:57:25.924001 Oscar: No
2024-10-15 01:57:25.924317 Uniform: No
2024-10-15 01:57:25.924552 Delta: No
2024-10-15 01:57:25.924823 X-ray: No
ChatterBot Yankee reevaluating
ChatterBot Yankee reevaluating
ChatterBot Yankee reevaluating
ChatterBot Yankee reevaluating
ChatterBot Yankee reevaluating
2024-10-15 01:57:26.014659 Foxtrot: Golf, sending you 3
2024-10-15 01:57:26.015932 Echo: Yankee, Lima and Oscar, sending you 1
2024-10-15 01:57:26.019170 Foxtrot: Hotel, sending you 4
2024-10-15 01:57:26.020689 Echo: Uniform, sending you 3
2024-10-15 01:57:26.025310 Echo: Delta, sending you 2
2024-10-15 01:57:26.027037 Uniform: Yankee, sending you 1
2024-10-15 01:57:26.031675 Hotel: Foxtrot, sending you 5
2024-10-15 01:57:26.032515 Uniform: Lima, Oscar and Delta, sending you 3
2024-10-15 01:57:26.034567 Golf: Same as last round
2024-10-15 01:57:26.035421 Oscar: Yankee, sending you 4
2024-10-15 01:57:26.036667 X-ray: Yankee and Uniform, sending you 3
2024-10-15 01:57:26.038521 Lima: Echo, sending you 1
2024-10-15 01:57:26.040576 Delta: Yankee, Lima, Echo and Oscar, sending you 2
2024-10-15 01:57:26.042229 Hotel: Golf, sending you 4
2024-10-15 01:57:26.042966 Uniform: Echo and X-ray, sending you 4
2024-10-15 01:57:26.045420 Oscar: Lima, Delta and X-ray, sending you 2
2024-10-15 01:57:26.047611 X-ray: Lima, Echo, Oscar and Delta, sending you 2
2024-10-15 01:57:26.049175 Yankee: Echo and Uniform, sending you 1
2024-10-15 01:57:26.051137 Lima: Oscar, Uniform, Delta and X-ray, sending you 2
2024-10-15 01:57:26.052700 Delta: Uniform and X-ray, sending you 3
2024-10-15 01:57:26.054881 Oscar: Echo, sending you 1
2024-10-15 01:57:26.056235 Yankee: Oscar, sending you 3
2024-10-15 01:57:26.059701 Oscar: Uniform, sending you 3
2024-10-15 01:57:26.061678 Yankee: Delta, sending you 2
2024-10-15 01:57:26.065681 Yankee: X-ray, sending you 4
chatterbot Delta submitting transactions
chatterbot Hotel submitting transactions
chatterbot Golf submitting transactions
chatterbot Yankee submitting transactions
chatterbot Echo submitting transactions
chatterbot Uniform submitting transactions
chatterbot Oscar submitting transactions
chatterbot Foxtrot submitting transactions
chatterbot X-ray submitting transactions
chatterbot Lima submitting transactions
ChatterBot Foxtrot round 10
ChatterBot Yankee round 10
ChatterBot Lima round 10
ChatterBot Golf round 10
ChatterBot Echo round 10
ChatterBot Oscar round 10
ChatterBot Uniform round 10
ChatterBot Delta round 10
ChatterBot Hotel round 10
ChatterBot X-ray round 10
2024-10-15 01:57:27.042710 Foxtrot: Golf, sending you 3
2024-10-15 01:57:27.045680 Yankee: Echo, sending you 2
2024-10-15 01:57:27.046636 Foxtrot: Hotel, sending you 4
2024-10-15 01:57:27.048658 X-ray: Yankee and Uniform, sending you 3
2024-10-15 01:57:27.049530 Yankee: Oscar and Delta, sending you 3
2024-10-15 01:57:27.050948 Lima: Echo, sending you 1
2024-10-15 01:57:27.051799 Delta: Yankee, Lima, Echo and Oscar, sending you 2
2024-10-15 01:57:27.053677 X-ray: Lima, Echo, Oscar and Delta, sending you 2
2024-10-15 01:57:27.055573 Lima: Oscar, Uniform, Delta and X-ray, sending you 2
2024-10-15 01:57:27.056765 Yankee: Uniform, sending you 1
2024-10-15 01:57:27.057797 Hotel: Foxtrot, sending you 5
2024-10-15 01:57:27.058109 Delta: Uniform and X-ray, sending you 3
2024-10-15 01:57:27.058821 Echo: Lima, Oscar and X-ray, sending you 1
2024-10-15 01:57:27.059956 Golf: Same as last round
2024-10-15 01:57:27.060660 Hotel: Golf, sending you 4
2024-10-15 01:57:27.061020 Oscar: Yankee, sending you 4
2024-10-15 01:57:27.062676 Yankee: X-ray, sending you 4
2024-10-15 01:57:27.064030 Echo: Uniform, sending you 3
2024-10-15 01:57:27.066689 Oscar: Lima, Delta and X-ray, sending you 2
2024-10-15 01:57:27.067644 Uniform: Yankee, sending you 1
2024-10-15 01:57:27.069657 Echo: Delta, sending you 2
2024-10-15 01:57:27.070714 Oscar: Echo, sending you 1
2024-10-15 01:57:27.073678 Uniform: Lima, Oscar and Delta, sending you 3
2024-10-15 01:57:27.076664 Oscar: Uniform, sending you 3
2024-10-15 01:57:27.078682 Uniform: Echo and X-ray, sending you 4
chatterbot Yankee submitting transactions
chatterbot Foxtrot submitting transactions
chatterbot Lima submitting transactions
chatterbot X-ray submitting transactions
chatterbot Golf submitting transactions
chatterbot Echo submitting transactions
chatterbot Hotel submitting transactions
chatterbot Oscar submitting transactions
chatterbot Delta submitting transactions
chatterbot Uniform submitting transactions
ChatterBot Foxtrot round 11
ChatterBot Yankee round 11
ChatterBot Lima round 11
ChatterBot Golf round 11
ChatterBot Echo round 11
ChatterBot Oscar round 11
ChatterBot Uniform round 11
ChatterBot Delta round 11
ChatterBot Hotel round 11
ChatterBot X-ray round 11
2024-10-15 01:57:28.210678 Foxtrot: Golf, sending you 3
2024-10-15 01:57:28.212662 Lima: Echo, sending you 1
2024-10-15 01:57:28.215850 Foxtrot: Hotel, sending you 4
2024-10-15 01:57:28.216660 Lima: Oscar, Uniform, Delta and X-ray, sending you 2
2024-10-15 01:57:28.217571 Delta: Yankee, Lima, Echo and Oscar, sending you 2
2024-10-15 01:57:28.221660 Oscar: Yankee, sending you 4
2024-10-15 01:57:28.222691 Delta: Uniform and X-ray, sending you 3
2024-10-15 01:57:28.223785 Yankee: Echo and Uniform, sending you 1
2024-10-15 01:57:28.225660 Golf: Same as last round
2024-10-15 01:57:28.226689 Oscar: Lima, Delta and X-ray, sending you 2
2024-10-15 01:57:28.227902 X-ray: Yankee and Uniform, sending you 3
2024-10-15 01:57:28.229257 Yankee: Oscar and Delta, sending you 3
2024-10-15 01:57:28.230113 Hotel: Foxtrot, sending you 5
2024-10-15 01:57:28.230488 Echo: Yankee, Lima, Oscar, Delta and X-ray, sending you 1
2024-10-15 01:57:28.231360 Oscar: Echo, sending you 1
2024-10-15 01:57:28.232918 X-ray: Lima, Echo, Oscar and Delta, sending you 2
2024-10-15 01:57:28.234006 Yankee: X-ray, sending you 4
2024-10-15 01:57:28.235325 Hotel: Golf, sending you 4
2024-10-15 01:57:28.235783 Uniform: Yankee, sending you 1
2024-10-15 01:57:28.237561 Echo: Uniform, sending you 3
2024-10-15 01:57:28.238888 Oscar: Uniform, sending you 3
2024-10-15 01:57:28.240675 Uniform: Lima, Oscar and Delta, sending you 3
2024-10-15 01:57:28.246647 Uniform: Echo and X-ray, sending you 4
chatterbot Uniform submitting transactions
chatterbot Oscar submitting transactions
chatterbot Lima submitting transactions
chatterbot Hotel submitting transactions
chatterbot Golf submitting transactions
chatterbot Echo submitting transactions
chatterbot X-ray submitting transactions
chatterbot Yankee submitting transactions
chatterbot Delta submitting transactions
chatterbot Foxtrot submitting transactions
ChatterBot Foxtrot round 12
ChatterBot Yankee round 12
ChatterBot Lima round 12
ChatterBot Golf round 12
ChatterBot Echo round 12
ChatterBot Oscar round 12
ChatterBot Uniform round 12
ChatterBot Delta round 12
ChatterBot Hotel round 12
ChatterBot X-ray round 12
2024-10-15 01:57:29.391668 Foxtrot: Golf, sending you 3
2024-10-15 01:57:29.392692 Uniform: Yankee, sending you 1
2024-10-15 01:57:29.393903 Yankee: Echo and Uniform, sending you 1
2024-10-15 01:57:29.395740 Hotel: Foxtrot, sending you 5
2024-10-15 01:57:29.396083 Foxtrot: Hotel, sending you 4
2024-10-15 01:57:29.396673 Uniform: Lima, Oscar and Delta, sending you 3
2024-10-15 01:57:29.397735 Delta: Yankee, Lima, Echo and Oscar, sending you 2
2024-10-15 01:57:29.399696 Yankee: Oscar and Delta, sending you 3
2024-10-15 01:57:29.401243 Lima: Echo, sending you 1
2024-10-15 01:57:29.402458 Hotel: Golf, sending you 4
2024-10-15 01:57:29.402825 Golf: Same as last round
2024-10-15 01:57:29.403072 Uniform: Echo and X-ray, sending you 4
2024-10-15 01:57:29.403780 Delta: Uniform and X-ray, sending you 3
2024-10-15 01:57:29.404481 Oscar: Yankee, sending you 4
2024-10-15 01:57:29.405420 Lima: Oscar, Uniform, Delta and X-ray, sending you 2
2024-10-15 01:57:29.406519 Echo: Yankee, Lima, Oscar, Delta and X-ray, sending you 1
2024-10-15 01:57:29.407272 Yankee: X-ray, sending you 4
2024-10-15 01:57:29.407947 X-ray: Yankee and Uniform, sending you 3
2024-10-15 01:57:29.408639 Oscar: Lima, Delta and X-ray, sending you 2
2024-10-15 01:57:29.410698 Echo: Uniform, sending you 3
2024-10-15 01:57:29.411878 X-ray: Lima, Echo, Oscar and Delta, sending you 2
2024-10-15 01:57:29.413150 Oscar: Echo, sending you 1
2024-10-15 01:57:29.419666 Oscar: Uniform, sending you 3
chatterbot Delta submitting transactions
chatterbot Foxtrot submitting transactions
chatterbot X-ray submitting transactions
chatterbot Lima submitting transactions
chatterbot Golf submitting transactions
chatterbot Hotel submitting transactions
chatterbot Oscar submitting transactions
chatterbot Echo submitting transactions
chatterbot Uniform submitting transactions
chatterbot Yankee submitting transactions
ChatterBot Foxtrot round 13
ChatterBot Yankee round 13
ChatterBot Lima round 13
ChatterBot Golf round 13
ChatterBot Echo round 13
ChatterBot Oscar round 13
ChatterBot Uniform round 13
ChatterBot Delta round 13
ChatterBot Hotel round 13
ChatterBot X-ray round 13
2024-10-15 01:57:30.687666 Lima: Echo, sending you 1
2024-10-15 01:57:30.689893 Echo: Yankee, Lima, Oscar, Delta and X-ray, sending you 1
2024-10-15 01:57:30.690931 Foxtrot: Golf, sending you 3
2024-10-15 01:57:30.691280 Golf: Same as last round
2024-10-15 01:57:30.693049 Yankee: Echo and Uniform, sending you 1
2024-10-15 01:57:30.694052 Lima: Oscar, Uniform, Delta and X-ray, sending you 2
2024-10-15 01:57:30.695024 Echo: Uniform, sending you 3
2024-10-15 01:57:30.696290 Foxtrot: Hotel, sending you 4
2024-10-15 01:57:30.696684 Yankee: Oscar and Delta, sending you 3
2024-10-15 01:57:30.697670 Delta: Yankee and Uniform, sending you 3
2024-10-15 01:57:30.699686 Yankee: X-ray, sending you 4
2024-10-15 01:57:30.701666 Delta: Lima, Echo, Oscar and X-ray, sending you 2
2024-10-15 01:57:30.703687 X-ray: Yankee and Uniform, sending you 3
2024-10-15 01:57:30.704684 Oscar: Yankee, sending you 4
2024-10-15 01:57:30.706242 Hotel: Foxtrot, sending you 5
2024-10-15 01:57:30.706604 Uniform: Yankee, sending you 1
2024-10-15 01:57:30.709689 X-ray: Lima, Echo, Oscar and Delta, sending you 2
2024-10-15 01:57:30.711091 Uniform: Lima, Oscar and Delta, sending you 3
2024-10-15 01:57:30.712571 Oscar: Lima, Delta and X-ray, sending you 2
2024-10-15 01:57:30.713464 Hotel: Golf, sending you 4
2024-10-15 01:57:30.715681 Uniform: Echo and X-ray, sending you 4
2024-10-15 01:57:30.717052 Oscar: Echo, sending you 1
2024-10-15 01:57:30.721673 Oscar: Uniform, sending you 3
chatterbot Hotel submitting transactions
chatterbot Uniform submitting transactions
chatterbot Oscar submitting transactions
chatterbot Golf submitting transactions
chatterbot X-ray submitting transactions
chatterbot Delta submitting transactions
chatterbot Foxtrot submitting transactions
chatterbot Echo submitting transactions
chatterbot Yankee submitting transactions
chatterbot Lima submitting transactions
ChatterBot Foxtrot round 14
ChatterBot Yankee round 14
ChatterBot Lima round 14
ChatterBot Golf round 14
ChatterBot Echo round 14
ChatterBot Oscar round 14
ChatterBot Uniform round 14
ChatterBot Delta round 14
ChatterBot Hotel round 14
ChatterBot X-ray round 14
2024-10-15 01:57:31.881659 Yankee: Echo and Uniform, sending you 1
2024-10-15 01:57:31.883663 Foxtrot: Golf, sending you 3
2024-10-15 01:57:31.887675 Yankee: Oscar and Delta, sending you 3
2024-10-15 01:57:31.888992 Foxtrot: Hotel, sending you 4
2024-10-15 01:57:31.890664 Echo: Yankee, Lima, Oscar, Delta and X-ray, sending you 1
2024-10-15 01:57:31.892658 Uniform: Yankee, sending you 1
2024-10-15 01:57:31.894197 Yankee: X-ray, sending you 4
2024-10-15 01:57:31.895673 Echo: Uniform, sending you 3
2024-10-15 01:57:31.897060 Uniform: Lima, Oscar and Delta, sending you 3
2024-10-15 01:57:31.898045 Oscar: Yankee, sending you 3
2024-10-15 01:57:31.899654 Lima: Echo, sending you 1
2024-10-15 01:57:31.900677 Delta: Yankee and Uniform, sending you 3
2024-10-15 01:57:31.901555 Golf: Same as last round
2024-10-15 01:57:31.902685 Uniform: Echo and X-ray, sending you 4
2024-10-15 01:57:31.904203 Oscar: Lima, Delta and X-ray, sending you 2
2024-10-15 01:57:31.905787 Lima: Oscar, Uniform, Delta and X-ray, sending you 2
2024-10-15 01:57:31.906574 Delta: Lima, Echo, Oscar and X-ray, sending you 2
2024-10-15 01:57:31.907347 X-ray: Yankee and Uniform, sending you 3
2024-10-15 01:57:31.908682 Hotel: Foxtrot, sending you 5
2024-10-15 01:57:31.909048 Oscar: Echo, sending you 1
2024-10-15 01:57:31.911692 Hotel: Golf, sending you 4
2024-10-15 01:57:31.912681 X-ray: Lima, Echo, Oscar and Delta, sending you 2
2024-10-15 01:57:31.914317 Oscar: Uniform, sending you 4
chatterbot Delta submitting transactions
chatterbot Foxtrot submitting transactions
chatterbot Echo submitting transactions
chatterbot Yankee submitting transactions
chatterbot Golf submitting transactions
chatterbot Hotel submitting transactions
chatterbot Lima submitting transactions
chatterbot Oscar submitting transactions
chatterbot Uniform submitting transactions
chatterbot X-ray submitting transactions
ChatterBot Foxtrot round 15
ChatterBot Yankee round 15
ChatterBot Lima round 15
ChatterBot Golf round 15
ChatterBot Echo round 15
ChatterBot Oscar round 15
ChatterBot Uniform round 15
ChatterBot Delta round 15
ChatterBot Hotel round 15
ChatterBot X-ray round 15
2024-10-15 01:57:33.102651 Echo: Yankee, Lima, Oscar, Delta and X-ray, sending you 1
2024-10-15 01:57:33.104662 Foxtrot: Golf, sending you 3
2024-10-15 01:57:33.108697 Echo: Uniform, sending you 3
2024-10-15 01:57:33.111349 Hotel: Foxtrot, sending you 5
2024-10-15 01:57:33.111828 Foxtrot: Hotel, sending you 4
2024-10-15 01:57:33.112310 Golf: Same as last round
2024-10-15 01:57:33.114686 Uniform: Yankee, sending you 1
2024-10-15 01:57:33.115875 Hotel: Golf, sending you 4
2024-10-15 01:57:33.116211 Delta: Yankee and Uniform, sending you 3
2024-10-15 01:57:33.117992 Lima: Echo, sending you 1
2024-10-15 01:57:33.119041 Yankee: Echo and Uniform, sending you 1
2024-10-15 01:57:33.120805 Uniform: Lima, sending you 2
2024-10-15 01:57:33.122005 Delta: Lima, Echo, Oscar and X-ray, sending you 2
2024-10-15 01:57:33.124077 Oscar: Yankee, sending you 4
2024-10-15 01:57:33.125762 Lima: Oscar, Uniform, Delta and X-ray, sending you 2
2024-10-15 01:57:33.127875 Yankee: Oscar and Delta, sending you 3
2024-10-15 01:57:33.129735 X-ray: Yankee and Uniform, sending you 3
2024-10-15 01:57:33.130756 Uniform: Echo and X-ray, sending you 4
2024-10-15 01:57:33.131761 Oscar: Lima, Delta and X-ray, sending you 2
2024-10-15 01:57:33.133203 Yankee: X-ray, sending you 4
2024-10-15 01:57:33.134676 X-ray: Lima, Echo, Oscar and Delta, sending you 2
2024-10-15 01:57:33.136974 Uniform: Oscar and Delta, sending you 3
2024-10-15 01:57:33.139186 Oscar: Echo, sending you 1
2024-10-15 01:57:33.143684 Oscar: Uniform, sending you 3
chatterbot Echo submitting transactions
chatterbot Hotel submitting transactions
chatterbot Lima submitting transactions
chatterbot X-ray submitting transactions
chatterbot Yankee submitting transactions
chatterbot Foxtrot submitting transactions
chatterbot Oscar submitting transactions
chatterbot Uniform submitting transactions
chatterbot Delta submitting transactions
chatterbot Golf submitting transactions
ChatterBot Foxtrot round 16
ChatterBot Yankee round 16
ChatterBot Lima round 16
ChatterBot Golf round 16
ChatterBot Echo round 16
ChatterBot Oscar round 16
ChatterBot Uniform round 16
ChatterBot Delta round 16
ChatterBot Hotel round 16
ChatterBot X-ray round 16
2024-10-15 01:57:34.390117 Foxtrot: Golf, sending you 3
2024-10-15 01:57:34.394885 Foxtrot: Hotel, sending you 4
2024-10-15 01:57:34.398662 Uniform: Yankee, sending you 1
2024-10-15 01:57:34.400592 Golf: Same as last round
2024-10-15 01:57:34.400982 Echo: Yankee, Lima, Oscar, Delta and X-ray, sending you 1
2024-10-15 01:57:34.402343 Oscar: Yankee, sending you 3
2024-10-15 01:57:34.403468 Yankee: Echo and Uniform, sending you 1
2024-10-15 01:57:34.404790 Lima: Echo, sending you 1
2024-10-15 01:57:34.406113 X-ray: Yankee and Uniform, sending you 3
2024-10-15 01:57:34.407770 Uniform: Lima, sending you 2
