ChatterBot Quebec round 1
ChatterBot Yankee round 1
ChatterBot Alpha round 1
ChatterBot Zulu round 1
ChatterBot Victor round 1
ChatterBot Papa round 1
ChatterBot Sierra round 1
ChatterBot Hotel round 1
ChatterBot Uniform round 1
ChatterBot Oscar round 1
randomSelections Alpha: {Alpha, Hotel, Victor, Yankee, Papa, Quebec, Zulu} 
2024-10-15 01:57:15.325005 Alpha: Let's form a team
ChatterBot Hotel reevaluating
ChatterBot Victor reevaluating
ChatterBot Yankee reevaluating
ChatterBot Papa reevaluating
ChatterBot Quebec reevaluating
ChatterBot Zulu reevaluating
2024-10-15 01:57:15.406074 Hotel: Yes
2024-10-15 01:57:15.406274 Victor: Yes
2024-10-15 01:57:15.406426 Yankee: Yes
2024-10-15 01:57:15.406654 Papa: Yes
2024-10-15 01:57:15.406792 Quebec: Yes
2024-10-15 01:57:15.407484 Zulu: Yes
ChatterBot Victor reevaluating
ChatterBot Yankee reevaluating
ChatterBot Papa reevaluating
ChatterBot Quebec reevaluating
ChatterBot Zulu reevaluating
ChatterBot Hotel reevaluating
ChatterBot Yankee reevaluating
ChatterBot Papa reevaluating
ChatterBot Quebec reevaluating
ChatterBot Zulu reevaluating
ChatterBot Hotel reevaluating
ChatterBot Victor reevaluating
ChatterBot Papa reevaluating
ChatterBot Quebec reevaluating
ChatterBot Zulu reevaluating
ChatterBot Hotel reevaluating
ChatterBot Victor reevaluating
ChatterBot Yankee reevaluating
ChatterBot Quebec reevaluating
ChatterBot Zulu reevaluating
ChatterBot Hotel reevaluating
ChatterBot Victor reevaluating
ChatterBot Yankee reevaluating
ChatterBot Papa reevaluating
ChatterBot Zulu reevaluating
ChatterBot Hotel reevaluating
ChatterBot Victor reevaluating
ChatterBot Yankee reevaluating
ChatterBot Papa reevaluating
ChatterBot Quebec reevaluating
randomSelections Sierra: {Sierra, Zulu, Yankee, Quebec, Alpha, Victor, Papa} 
2024-10-15 01:57:15.486920 Sierra: We would work well together
ChatterBot Zulu reevaluating
ChatterBot Yankee reevaluating
ChatterBot Quebec reevaluating
ChatterBot Victor reevaluating
ChatterBot Papa reevaluating
2024-10-15 01:57:15.497962 Zulu: No
2024-10-15 01:57:15.498199 Yankee: No
2024-10-15 01:57:15.498411 Quebec: No
2024-10-15 01:57:15.498648 Alpha: No
2024-10-15 01:57:15.498787 Victor: No
2024-10-15 01:57:15.499039 Papa: No
ChatterBot Yankee reevaluating
ChatterBot Quebec reevaluating
ChatterBot Victor reevaluating
ChatterBot Papa reevaluating
ChatterBot Zulu reevaluating
ChatterBot Quebec reevaluating
ChatterBot Victor reevaluating
ChatterBot Papa reevaluating
ChatterBot Zulu reevaluating
ChatterBot Yankee reevaluating
ChatterBot Victor reevaluating
ChatterBot Papa reevaluating
ChatterBot Zulu reevaluating
ChatterBot Yankee reevaluating
ChatterBot Quebec reevaluating
ChatterBot Victor reevaluating
ChatterBot Papa reevaluating
ChatterBot Zulu reevaluating
ChatterBot Yankee reevaluating
ChatterBot Quebec reevaluating
ChatterBot Papa reevaluating
ChatterBot Zulu reevaluating
ChatterBot Yankee reevaluating
ChatterBot Quebec reevaluating
ChatterBot Victor reevaluating
randomSelections Uniform: {Uniform, Quebec, Alpha, Yankee, Victor, Zulu, Hotel, Oscar} 
2024-10-15 01:57:15.583738 Uniform: Friends?
ChatterBot Quebec reevaluating
ChatterBot Yankee reevaluating
ChatterBot Victor reevaluating
ChatterBot Zulu reevaluating
ChatterBot Hotel reevaluating
ChatterBot Oscar reevaluating
2024-10-15 01:57:15.595277 Quebec: No
2024-10-15 01:57:15.595558 Alpha: No
2024-10-15 01:57:15.595966 Yankee: No
2024-10-15 01:57:15.596805 Victor: No
2024-10-15 01:57:15.597210 Zulu: No
2024-10-15 01:57:15.597452 Hotel: No
2024-10-15 01:57:15.597708 Oscar: Yes
ChatterBot Yankee reevaluating
ChatterBot Victor reevaluating
ChatterBot Zulu reevaluating
ChatterBot Hotel reevaluating
ChatterBot Oscar reevaluating
ChatterBot Quebec reevaluating
ChatterBot Yankee reevaluating
ChatterBot Victor reevaluating
ChatterBot Zulu reevaluating
ChatterBot Hotel reevaluating
ChatterBot Oscar reevaluating
ChatterBot Quebec reevaluating
ChatterBot Victor reevaluating
ChatterBot Zulu reevaluating
ChatterBot Hotel reevaluating
ChatterBot Oscar reevaluating
ChatterBot Quebec reevaluating
ChatterBot Yankee reevaluating
ChatterBot Zulu reevaluating
ChatterBot Hotel reevaluating
ChatterBot Oscar reevaluating
ChatterBot Quebec reevaluating
ChatterBot Yankee reevaluating
ChatterBot Victor reevaluating
ChatterBot Hotel reevaluating
ChatterBot Oscar reevaluating
ChatterBot Quebec reevaluating
ChatterBot Yankee reevaluating
ChatterBot Victor reevaluating
ChatterBot Zulu reevaluating
ChatterBot Oscar reevaluating
ChatterBot Quebec reevaluating
ChatterBot Yankee reevaluating
ChatterBot Victor reevaluating
ChatterBot Zulu reevaluating
ChatterBot Hotel reevaluating
2024-10-15 01:57:15.757657 Quebec: Alpha and Victor, sending you 1
2024-10-15 01:57:15.758840 Uniform: Quebec, Alpha and Victor, sending you 4
2024-10-15 01:57:15.760145 Alpha: Quebec, Zulu, Victor, Papa and Hotel, sending you 1
2024-10-15 01:57:15.760984 Hotel: Quebec, sending you 4
2024-10-15 01:57:15.762288 Victor: Alpha and Papa, sending you 2
2024-10-15 01:57:15.762980 Zulu: Quebec, sending you 1
2024-10-15 01:57:15.764341 Sierra: Yankee and Zulu, sending you 2
2024-10-15 01:57:15.765806 Papa: Quebec, sending you 3
2024-10-15 01:57:15.766433 Quebec: Zulu, Papa and Hotel, sending you 2
2024-10-15 01:57:15.768075 Uniform: Zulu, sending you 3
2024-10-15 01:57:15.768790 Alpha: Yankee, sending you 2
2024-10-15 01:57:15.770402 Hotel: Yankee, Alpha, Zulu and Papa, sending you 2
2024-10-15 01:57:15.771789 Victor: Zulu, sending you 1
2024-10-15 01:57:15.772400 Zulu: Alpha, sending you 3
2024-10-15 01:57:15.773698 Papa: Yankee, sending you 1
2024-10-15 01:57:15.774535 Sierra: Alpha and Victor, sending you 1
2024-10-15 01:57:15.775857 Uniform: Hotel and Oscar, sending you 1
2024-10-15 01:57:15.777255 Oscar: Quebec and Hotel, sending you 3
2024-10-15 01:57:15.777873 Hotel: Victor, sending you 1
2024-10-15 01:57:15.779145 Victor: Hotel, sending you 3
2024-10-15 01:57:15.779943 Papa: Zulu and Victor, sending you 2
2024-10-15 01:57:15.781472 Zulu: Victor, sending you 5
2024-10-15 01:57:15.783017 Sierra: Papa, sending you 3
2024-10-15 01:57:15.783598 Oscar: Yankee and Alpha, sending you 1
2024-10-15 01:57:15.786006 Yankee: Quebec, Zulu, Victor and Hotel, sending you 3
2024-10-15 01:57:15.788645 Zulu: Hotel, sending you 2
2024-10-15 01:57:15.792827 Oscar: Zulu and Victor, sending you 2
2024-10-15 01:57:15.795392 Yankee: Alpha, sending you 2
chatterbot Zulu submitting transactions
chatterbot Papa submitting transactions
chatterbot Alpha submitting transactions
chatterbot Victor submitting transactions
chatterbot Quebec submitting transactions
chatterbot Sierra submitting transactions
chatterbot Oscar submitting transactions
chatterbot Yankee submitting transactions
chatterbot Uniform submitting transactions
chatterbot Hotel submitting transactions
ChatterBot Quebec round 2
ChatterBot Yankee round 2
ChatterBot Alpha round 2
ChatterBot Zulu round 2
ChatterBot Victor round 2
2024-10-15 01:57:16.913812 Alpha: We should replace Papa with Uniform
ChatterBot Quebec reevaluating
ChatterBot Yankee reevaluating
ChatterBot Zulu reevaluating
ChatterBot Victor reevaluating
ChatterBot Hotel reevaluating
2024-10-15 01:57:16.963282 Quebec: No
2024-10-15 01:57:16.963479 Yankee: Yes
2024-10-15 01:57:16.964048 Zulu: No
2024-10-15 01:57:16.964180 Victor: No
2024-10-15 01:57:16.964288 Hotel: Yes
ChatterBot Yankee reevaluating
ChatterBot Zulu reevaluating
ChatterBot Victor reevaluating
ChatterBot Hotel reevaluating
ChatterBot Quebec reevaluating
ChatterBot Zulu reevaluating
ChatterBot Victor reevaluating
ChatterBot Hotel reevaluating
ChatterBot Quebec reevaluating
ChatterBot Yankee reevaluating
ChatterBot Victor reevaluating
ChatterBot Hotel reevaluating
ChatterBot Quebec reevaluating
ChatterBot Yankee reevaluating
ChatterBot Zulu reevaluating
ChatterBot Hotel reevaluating
ChatterBot Quebec reevaluating
ChatterBot Yankee reevaluating
ChatterBot Zulu reevaluating
ChatterBot Victor reevaluating
2024-10-15 01:57:17.107143 Zulu: We should add Uniform
ChatterBot Hotel reevaluating
ChatterBot Victor reevaluating
ChatterBot Yankee reevaluating
ChatterBot Papa reevaluating
ChatterBot Quebec reevaluating
2024-10-15 01:57:17.161030 Alpha: Yes
2024-10-15 01:57:17.161229 Hotel: Yes
2024-10-15 01:57:17.161380 Victor: Yes
2024-10-15 01:57:17.162042 Yankee: No
2024-10-15 01:57:17.162196 Papa: No
2024-10-15 01:57:17.162430 Quebec: Yes
ChatterBot Hotel reevaluating
ChatterBot Victor reevaluating
ChatterBot Yankee reevaluating
ChatterBot Papa reevaluating
ChatterBot Quebec reevaluating
ChatterBot Zulu reevaluating
ChatterBot Victor reevaluating
ChatterBot Yankee reevaluating
ChatterBot Papa reevaluating
ChatterBot Quebec reevaluating
ChatterBot Zulu reevaluating
ChatterBot Hotel reevaluating
ChatterBot Yankee reevaluating
ChatterBot Papa reevaluating
ChatterBot Quebec reevaluating
ChatterBot Zulu reevaluating
ChatterBot Hotel reevaluating
ChatterBot Victor reevaluating
ChatterBot Papa reevaluating
ChatterBot Quebec reevaluating
ChatterBot Zulu reevaluating
ChatterBot Hotel reevaluating
ChatterBot Victor reevaluating
ChatterBot Yankee reevaluating
ChatterBot Quebec reevaluating
ChatterBot Zulu reevaluating
ChatterBot Hotel reevaluating
ChatterBot Victor reevaluating
ChatterBot Yankee reevaluating
ChatterBot Papa reevaluating
ChatterBot Zulu reevaluating
ChatterBot Papa round 2
ChatterBot Sierra round 2
ChatterBot Hotel round 2
ChatterBot Uniform round 2
ChatterBot Oscar round 2
2024-10-15 01:57:17.520342 Alpha: Uniform we want you to join our group
ChatterBot Uniform reevaluating
2024-10-15 01:57:17.525389 Uniform: Yes
ChatterBot Quebec reevaluating
ChatterBot Yankee reevaluating
ChatterBot Zulu reevaluating
ChatterBot Victor reevaluating
ChatterBot Hotel reevaluating
2024-10-15 01:57:17.551286 Hotel: We should group up
ChatterBot Uniform reevaluating
ChatterBot Quebec reevaluating
ChatterBot Yankee reevaluating
ChatterBot Victor reevaluating
ChatterBot Zulu reevaluating
ChatterBot Oscar reevaluating
2024-10-15 01:57:17.580176 Uniform: Yes
2024-10-15 01:57:17.580345 Quebec: No
2024-10-15 01:57:17.580496 Alpha: No
2024-10-15 01:57:17.580598 Yankee: No
2024-10-15 01:57:17.580722 Victor: Yes
2024-10-15 01:57:17.580838 Zulu: No
2024-10-15 01:57:17.581444 Oscar: Yes
ChatterBot Quebec reevaluating
ChatterBot Yankee reevaluating
ChatterBot Victor reevaluating
ChatterBot Zulu reevaluating
ChatterBot Hotel reevaluating
ChatterBot Oscar reevaluating
ChatterBot Uniform reevaluating
ChatterBot Yankee reevaluating
ChatterBot Victor reevaluating
ChatterBot Zulu reevaluating
ChatterBot Hotel reevaluating
ChatterBot Oscar reevaluating
ChatterBot Uniform reevaluating
ChatterBot Quebec reevaluating
ChatterBot Yankee reevaluating
ChatterBot Victor reevaluating
ChatterBot Zulu reevaluating
ChatterBot Hotel reevaluating
ChatterBot Oscar reevaluating
ChatterBot Uniform reevaluating
ChatterBot Quebec reevaluating
ChatterBot Victor reevaluating
ChatterBot Zulu reevaluating
ChatterBot Hotel reevaluating
ChatterBot Oscar reevaluating
2024-10-15 01:57:17.702265 Quebec: We should group up
ChatterBot Uniform reevaluating
ChatterBot Quebec reevaluating
ChatterBot Yankee reevaluating
ChatterBot Zulu reevaluating
ChatterBot Hotel reevaluating
ChatterBot Oscar reevaluating
ChatterBot Uniform reevaluating
ChatterBot Quebec reevaluating
ChatterBot Yankee reevaluating
ChatterBot Victor reevaluating
ChatterBot Hotel reevaluating
ChatterBot Oscar reevaluating
ChatterBot Uniform reevaluating
ChatterBot Quebec reevaluating
ChatterBot Alpha reevaluating
ChatterBot Yankee reevaluating
ChatterBot Victor reevaluating
ChatterBot Zulu reevaluating
ChatterBot Hotel reevaluating
ChatterBot Uniform reevaluating
ChatterBot Alpha reevaluating
ChatterBot Yankee reevaluating
ChatterBot Victor reevaluating
ChatterBot Zulu reevaluating
ChatterBot Hotel reevaluating
ChatterBot Oscar reevaluating
2024-10-15 01:57:18.028678 Uniform: Yes
2024-10-15 01:57:18.029158 Alpha: Yes
2024-10-15 01:57:18.029640 Yankee: No
2024-10-15 01:57:18.030845 Victor: Yes
2024-10-15 01:57:18.031112 Zulu: Yes
2024-10-15 01:57:18.032053 Hotel: Yes
2024-10-15 01:57:18.032477 Oscar: Yes
ChatterBot Quebec reevaluating
ChatterBot Alpha reevaluating
ChatterBot Yankee reevaluating
ChatterBot Victor reevaluating
ChatterBot Zulu reevaluating
ChatterBot Hotel reevaluating
ChatterBot Oscar reevaluating
2024-10-15 01:57:18.085021 Alpha: Friends?
ChatterBot Uniform reevaluating
ChatterBot Quebec reevaluating
ChatterBot Yankee reevaluating
ChatterBot Victor reevaluating
ChatterBot Zulu reevaluating
ChatterBot Hotel reevaluating
ChatterBot Oscar reevaluating
ChatterBot Uniform reevaluating
ChatterBot Quebec reevaluating
ChatterBot Alpha reevaluating
ChatterBot Victor reevaluating
ChatterBot Zulu reevaluating
ChatterBot Hotel reevaluating
ChatterBot Oscar reevaluating
ChatterBot Uniform reevaluating
ChatterBot Quebec reevaluating
ChatterBot Alpha reevaluating
ChatterBot Yankee reevaluating
ChatterBot Zulu reevaluating
ChatterBot Hotel reevaluating
ChatterBot Oscar reevaluating
ChatterBot Uniform reevaluating
ChatterBot Quebec reevaluating
ChatterBot Alpha reevaluating
ChatterBot Yankee reevaluating
ChatterBot Victor reevaluating
ChatterBot Hotel reevaluating
ChatterBot Oscar reevaluating
ChatterBot Uniform reevaluating
ChatterBot Quebec reevaluating
ChatterBot Alpha reevaluating
ChatterBot Yankee reevaluating
ChatterBot Victor reevaluating
ChatterBot Zulu reevaluating
ChatterBot Oscar reevaluating
ChatterBot Uniform reevaluating
ChatterBot Quebec reevaluating
ChatterBot Alpha reevaluating
ChatterBot Yankee reevaluating
ChatterBot Victor reevaluating
ChatterBot Zulu reevaluating
ChatterBot Hotel reevaluating
ChatterBot Uniform reevaluating
ChatterBot Quebec reevaluating
ChatterBot Yankee reevaluating
ChatterBot Victor reevaluating
ChatterBot Zulu reevaluating
ChatterBot Hotel reevaluating
ChatterBot Oscar reevaluating
2024-10-15 01:57:18.455374 Uniform: Yes
2024-10-15 01:57:18.455778 Quebec: Yes
2024-10-15 01:57:18.456718 Yankee: No
2024-10-15 01:57:18.457104 Victor: No
2024-10-15 01:57:18.457459 Zulu: Yes
2024-10-15 01:57:18.457639 Hotel: Yes
2024-10-15 01:57:18.458419 Oscar: Yes
ChatterBot Quebec reevaluating
ChatterBot Alpha reevaluating
ChatterBot Yankee reevaluating
ChatterBot Victor reevaluating
ChatterBot Zulu reevaluating
ChatterBot Hotel reevaluating
ChatterBot Oscar reevaluating
ChatterBot Uniform reevaluating
ChatterBot Alpha reevaluating
ChatterBot Yankee reevaluating
ChatterBot Victor reevaluating
ChatterBot Zulu reevaluating
ChatterBot Hotel reevaluating
ChatterBot Oscar reevaluating
ChatterBot Uniform reevaluating
ChatterBot Quebec reevaluating
ChatterBot Alpha reevaluating
ChatterBot Victor reevaluating
ChatterBot Zulu reevaluating
ChatterBot Hotel reevaluating
ChatterBot Oscar reevaluating
ChatterBot Uniform reevaluating
ChatterBot Quebec reevaluating
ChatterBot Alpha reevaluating
ChatterBot Yankee reevaluating
ChatterBot Zulu reevaluating
ChatterBot Hotel reevaluating
ChatterBot Oscar reevaluating
ChatterBot Uniform reevaluating
ChatterBot Quebec reevaluating
ChatterBot Alpha reevaluating
ChatterBot Yankee reevaluating
ChatterBot Victor reevaluating
ChatterBot Hotel reevaluating
ChatterBot Oscar reevaluating
ChatterBot Uniform reevaluating
ChatterBot Quebec reevaluating
ChatterBot Alpha reevaluating
ChatterBot Yankee reevaluating
ChatterBot Victor reevaluating
ChatterBot Zulu reevaluating
ChatterBot Oscar reevaluating
ChatterBot Uniform reevaluating
ChatterBot Quebec reevaluating
ChatterBot Alpha reevaluating
ChatterBot Yankee reevaluating
ChatterBot Victor reevaluating
ChatterBot Zulu reevaluating
ChatterBot Hotel reevaluating
2024-10-15 01:57:18.825525 Papa: We should add Sierra and Uniform
ChatterBot Alpha reevaluating
ChatterBot Yankee reevaluating
ChatterBot Quebec reevaluating
ChatterBot Zulu reevaluating
2024-10-15 01:57:18.906683 Alpha: No
2024-10-15 01:57:18.906932 Hotel: No
2024-10-15 01:57:18.907101 Victor: No
2024-10-15 01:57:18.907254 Yankee: Yes
2024-10-15 01:57:18.907428 Quebec: No
2024-10-15 01:57:18.907595 Zulu: No
ChatterBot Yankee reevaluating
ChatterBot Quebec reevaluating
ChatterBot Zulu reevaluating
ChatterBot Alpha reevaluating
ChatterBot Yankee reevaluating
ChatterBot Papa reevaluating
ChatterBot Quebec reevaluating
ChatterBot Zulu reevaluating
ChatterBot Alpha reevaluating
ChatterBot Yankee reevaluating
ChatterBot Papa reevaluating
ChatterBot Quebec reevaluating
ChatterBot Zulu reevaluating
ChatterBot Alpha reevaluating
ChatterBot Papa reevaluating
ChatterBot Quebec reevaluating
ChatterBot Zulu reevaluating
ChatterBot Alpha reevaluating
ChatterBot Yankee reevaluating
ChatterBot Papa reevaluating
ChatterBot Zulu reevaluating
ChatterBot Alpha reevaluating
ChatterBot Yankee reevaluating
ChatterBot Papa reevaluating
ChatterBot Quebec reevaluating
2024-10-15 01:57:19.216008 Papa: We should add Uniform
ChatterBot Yankee reevaluating
2024-10-15 01:57:19.239552 Alpha: Yes
2024-10-15 01:57:19.240348 Hotel: Yes
2024-10-15 01:57:19.240585 Victor: Yes
2024-10-15 01:57:19.240905 Yankee: Yes
2024-10-15 01:57:19.241089 Quebec: Yes
2024-10-15 01:57:19.241281 Zulu: Yes
ChatterBot Yankee reevaluating
ChatterBot Victor reevaluating
ChatterBot Yankee reevaluating
ChatterBot Papa reevaluating
ChatterBot Yankee reevaluating
ChatterBot Papa reevaluating
ChatterBot Victor reevaluating
ChatterBot Papa reevaluating
ChatterBot Victor reevaluating
ChatterBot Yankee reevaluating
ChatterBot Papa reevaluating
ChatterBot Victor reevaluating
ChatterBot Yankee reevaluating
ChatterBot Papa reevaluating
2024-10-15 01:57:19.393798 Papa: Sierra and Uniform we want you to join our group
2024-10-15 01:57:19.401557 Sierra: No
2024-10-15 01:57:19.401740 Uniform: No
ChatterBot Papa reevaluating
ChatterBot Yankee reevaluating
ChatterBot Papa reevaluating
ChatterBot Yankee reevaluating
ChatterBot Zulu reevaluating
2024-10-15 01:57:19.465673 Quebec: Yankee, Hotel, Uniform and Oscar, sending you 2
2024-10-15 01:57:19.466390 Alpha: Quebec, Yankee, Zulu, Victor and Hotel, sending you 1
2024-10-15 01:57:19.467252 Uniform: Quebec, Yankee, Alpha, Zulu, Victor and Hotel, sending you 3
2024-10-15 01:57:19.467786 Oscar: Quebec, Yankee, Alpha, Zulu and Victor, sending you 1
2024-10-15 01:57:19.468530 Papa: Uniform we want you to join our group
2024-10-15 01:57:19.473480 Uniform: No
ChatterBot Papa reevaluating
ChatterBot Yankee reevaluating
ChatterBot Zulu reevaluating
ChatterBot Victor reevaluating
2024-10-15 01:57:19.502402 Hotel: Quebec, Zulu, Victor and Oscar, sending you 2
2024-10-15 01:57:19.503075 Quebec: Alpha and Zulu, sending you 1
2024-10-15 01:57:19.503528 Oscar: Uniform, sending you 4
2024-10-15 01:57:19.504564 Alpha: Uniform, sending you 2
2024-10-15 01:57:19.505702 Yankee: Uniform and Sierra we want you to join our group
2024-10-15 01:57:19.513698 Sierra: No
2024-10-15 01:57:19.513958 Uniform: No
ChatterBot Papa reevaluating
ChatterBot Yankee reevaluating
ChatterBot Zulu reevaluating
ChatterBot Victor reevaluating
ChatterBot Papa reevaluating
ChatterBot Yankee reevaluating
ChatterBot Zulu reevaluating
ChatterBot Victor reevaluating
2024-10-15 01:57:19.573647 Hotel: Yankee, sending you 3
2024-10-15 01:57:19.578686 Hotel: Alpha and Uniform, sending you 1
2024-10-15 01:57:19.594852 Yankee: Quebec and Victor, sending you 1
2024-10-15 01:57:19.596873 Zulu: Quebec, Hotel and Oscar, sending you 2
2024-10-15 01:57:19.600176 Yankee: Alpha and Hotel, sending you 6
2024-10-15 01:57:19.600575 Victor: Quebec, Yankee, Alpha and Oscar, sending you 1
2024-10-15 01:57:19.602684 Zulu: Yankee and Uniform, sending you 3
2024-10-15 01:57:19.605697 Victor: Zulu and Uniform, sending you 2
2024-10-15 01:57:19.606984 Zulu: Alpha, sending you 1
2024-10-15 01:57:19.607714 Papa: Quebec, sending you 2
2024-10-15 01:57:19.611859 Papa: Alpha, Victor and Hotel, sending you 1
2024-10-15 01:57:19.616339 Papa: Sierra, sending you 3
chatterbot Oscar submitting transactions
chatterbot Alpha submitting transactions
chatterbot Zulu submitting transactions
chatterbot Yankee submitting transactions
chatterbot Quebec submitting transactions
chatterbot Uniform submitting transactions
chatterbot Papa submitting transactions
chatterbot Victor submitting transactions
chatterbot Sierra submitting transactions
chatterbot Hotel submitting transactions
ChatterBot Quebec round 3
ChatterBot Yankee round 3
ChatterBot Alpha round 3
ChatterBot Zulu round 3
ChatterBot Victor round 3
ChatterBot Papa round 3
ChatterBot Sierra round 3
ChatterBot Hotel round 3
ChatterBot Uniform round 3
ChatterBot Oscar round 3
2024-10-15 01:57:20.608481 Yankee: We should add Zulu
2024-10-15 01:57:20.652965 Quebec: Yes
2024-10-15 01:57:20.653178 Alpha: Yes
2024-10-15 01:57:20.653568 Victor: Yes
2024-10-15 01:57:20.654001 Hotel: Yes
2024-10-15 01:57:20.654904 Uniform: Yes
ChatterBot Yankee reevaluating
ChatterBot Yankee reevaluating
ChatterBot Yankee reevaluating
ChatterBot Yankee reevaluating
ChatterBot Yankee reevaluating
2024-10-15 01:57:20.766668 Quebec: Yankee, Alpha, Zulu, Victor and Oscar, sending you 1
2024-10-15 01:57:20.768903 Zulu: Quebec, Victor, Hotel and Oscar, sending you 2
2024-10-15 01:57:20.770536 Oscar: Quebec, Zulu and Hotel, sending you 3
2024-10-15 01:57:20.772682 Victor: Yankee, Alpha, Zulu, Hotel and Oscar, sending you 1
2024-10-15 01:57:20.774029 Hotel: Quebec, Zulu and Uniform, sending you 2
2024-10-15 01:57:20.775608 Quebec: Hotel and Uniform, sending you 2
2024-10-15 01:57:20.776964 Zulu: Yankee and Alpha, sending you 1
2024-10-15 01:57:20.778878 Oscar: Yankee and Alpha, sending you 1
2024-10-15 01:57:20.780547 Alpha: Quebec, Zulu, Victor, Hotel and Uniform, sending you 1
2024-10-15 01:57:20.782561 Victor: Uniform, sending you 3
2024-10-15 01:57:20.784740 Papa: Sending you 4
2024-10-15 01:57:20.785408 Hotel: Yankee, sending you 4
2024-10-15 01:57:20.787479 Zulu: Uniform, sending you 3
2024-10-15 01:57:20.789731 Uniform: Quebec, Alpha and Victor, sending you 3
2024-10-15 01:57:20.791668 Oscar: Victor and Uniform, sending you 2
2024-10-15 01:57:20.794112 Alpha: Yankee, sending you 2
2024-10-15 01:57:20.796425 Hotel: Alpha, Victor and Oscar, sending you 1
2024-10-15 01:57:20.798726 Uniform: Zulu and Oscar, sending you 4
2024-10-15 01:57:20.803663 Uniform: Hotel, sending you 1
chatterbot Oscar submitting transactions
chatterbot Papa submitting transactions
2024-10-15 01:57:21.250776 Yankee: Alpha, Uniform and Oscar, sending you 2
2024-10-15 01:57:21.254799 Yankee: Zulu, sending you 3
2024-10-15 01:57:21.258693 Yankee: Victor, sending you 1
2024-10-15 01:57:21.263693 Yankee: Hotel, sending you 4
chatterbot Uniform submitting transactions
chatterbot Hotel submitting transactions
chatterbot Victor submitting transactions
chatterbot Alpha submitting transactions
chatterbot Yankee submitting transactions
chatterbot Zulu submitting transactions
chatterbot Quebec submitting transactions
chatterbot Sierra submitting transactions
ChatterBot Quebec round 4
ChatterBot Yankee round 4
ChatterBot Alpha round 4
ChatterBot Zulu round 4
ChatterBot Victor round 4
ChatterBot Papa round 4
ChatterBot Sierra round 4
2024-10-15 01:57:22.027313 Yankee: We should replace Oscar with Quebec
2024-10-15 01:57:22.042893 Alpha: No
2024-10-15 01:57:22.043061 Zulu: No
2024-10-15 01:57:22.043207 Victor: No
2024-10-15 01:57:22.043323 Hotel: No
2024-10-15 01:57:22.043436 Uniform: No
ChatterBot Yankee reevaluating
ChatterBot Yankee reevaluating
ChatterBot Yankee reevaluating
ChatterBot Yankee reevaluating
ChatterBot Alpha reevaluating
ChatterBot Yankee reevaluating
ChatterBot Alpha reevaluating
ChatterBot Hotel round 4
ChatterBot Uniform round 4
ChatterBot Oscar round 4
2024-10-15 01:57:22.141351 Yankee: Quebec we want you to join our group
2024-10-15 01:57:22.143827 Quebec: Yes
ChatterBot Yankee reevaluating
2024-10-15 01:57:22.164702 Quebec: Yankee and Alpha, sending you 1
2024-10-15 01:57:22.165769 Papa: Sending you 5
2024-10-15 01:57:22.166145 Victor: Quebec, Yankee, Alpha, Zulu, Hotel and Oscar, sending you 1
2024-10-15 01:57:22.167541 Sierra: Sending you 3
2024-10-15 01:57:22.167870 Zulu: Quebec and Alpha, sending you 1
2024-10-15 01:57:22.170680 Quebec: Zulu, Hotel, Uniform and Oscar, sending you 2
2024-10-15 01:57:22.171703 Victor: Uniform, sending you 2
2024-10-15 01:57:22.173077 Zulu: Yankee, Victor, Hotel and Oscar, sending you 2
2024-10-15 01:57:22.174714 Hotel: Quebec, Zulu and Oscar, sending you 2
2024-10-15 01:57:22.175892 Zulu: Uniform, sending you 3
2024-10-15 01:57:22.179649 Alpha: Quebec, Zulu, Victor, Hotel and Uniform, sending you 1
2024-10-15 01:57:22.180751 Hotel: Yankee, sending you 4
2024-10-15 01:57:22.181217 Uniform: Quebec, Victor and Oscar, sending you 3
2024-10-15 01:57:22.183656 Alpha: Yankee, sending you 2
2024-10-15 01:57:22.184424 Hotel: Alpha, Victor and Uniform, sending you 1
2024-10-15 01:57:22.185681 Uniform: Yankee, sending you 1
2024-10-15 01:57:22.190696 Uniform: Alpha and Hotel, sending you 2
2024-10-15 01:57:22.193841 Oscar: Quebec, Yankee, Victor and Hotel, sending you 2
2024-10-15 01:57:22.194686 Uniform: Zulu, sending you 4
2024-10-15 01:57:22.195727 Yankee: Quebec, Zulu and Victor, sending you 2
2024-10-15 01:57:22.198683 Oscar: Alpha, sending you 1
2024-10-15 01:57:22.200692 Yankee: Alpha, sending you 3
2024-10-15 01:57:22.202684 Oscar: Zulu and Uniform, sending you 3
2024-10-15 01:57:22.204908 Yankee: Hotel, sending you 4
2024-10-15 01:57:22.207837 Yankee: Uniform, sending you 1
chatterbot Papa submitting transactions
chatterbot Uniform submitting transactions
chatterbot Quebec submitting transactions
chatterbot Hotel submitting transactions
chatterbot Yankee submitting transactions
chatterbot Sierra submitting transactions
chatterbot Alpha submitting transactions
chatterbot Oscar submitting transactions
chatterbot Zulu submitting transactions
chatterbot Victor submitting transactions
ChatterBot Quebec round 5
ChatterBot Yankee round 5
ChatterBot Alpha round 5
ChatterBot Zulu round 5
ChatterBot Victor round 5
ChatterBot Papa round 5
2024-10-15 01:57:23.372004 Yankee: We should replace Victor with Oscar
2024-10-15 01:57:23.385593 Quebec: No
2024-10-15 01:57:23.385755 Alpha: No
2024-10-15 01:57:23.385909 Zulu: No
2024-10-15 01:57:23.386477 Hotel: No
2024-10-15 01:57:23.386580 Uniform: No
ChatterBot Yankee reevaluating
ChatterBot Yankee reevaluating
ChatterBot Yankee reevaluating
ChatterBot Yankee reevaluating
ChatterBot Yankee reevaluating
ChatterBot Sierra round 5
ChatterBot Hotel round 5
ChatterBot Uniform round 5
ChatterBot Oscar round 5
2024-10-15 01:57:23.502468 Yankee: Oscar we want you to join our group
2024-10-15 01:57:23.504665 Oscar: Yes
ChatterBot Yankee reevaluating
2024-10-15 01:57:23.521741 Victor: Quebec, Yankee, Alpha, Zulu, Hotel and Oscar, sending you 1
2024-10-15 01:57:23.522636 Papa: Same as last round
2024-10-15 01:57:23.522927 Quebec: Yankee, Alpha, Zulu and Victor, sending you 1
2024-10-15 01:57:23.523728 Zulu: Quebec, Yankee, Hotel and Oscar, sending you 2
2024-10-15 01:57:23.524595 Alpha: Quebec, Zulu, Victor, Hotel and Uniform, sending you 1
2024-10-15 01:57:23.525710 Quebec: Hotel, Uniform and Oscar, sending you 2
2024-10-15 01:57:23.526743 Victor: Uniform, sending you 2
2024-10-15 01:57:23.527365 Zulu: Alpha and Victor, sending you 1
2024-10-15 01:57:23.527994 Alpha: Yankee, sending you 2
2024-10-15 01:57:23.530659 Zulu: Uniform, sending you 3
2024-10-15 01:57:23.531663 Hotel: Quebec, Zulu, Uniform and Oscar, sending you 2
2024-10-15 01:57:23.536657 Hotel: Yankee, sending you 3
2024-10-15 01:57:23.537687 Oscar: Quebec, Zulu, Hotel and Uniform, sending you 3
2024-10-15 01:57:23.540653 Sierra: Same as last round
2024-10-15 01:57:23.540911 Hotel: Alpha and Victor, sending you 1
2024-10-15 01:57:23.541591 Uniform: Quebec, Victor and Oscar, sending you 3
2024-10-15 01:57:23.542209 Oscar: Yankee, sending you 1
2024-10-15 01:57:23.545691 Yankee: Quebec, Zulu and Oscar, sending you 2
2024-10-15 01:57:23.546675 Uniform: Yankee, sending you 1
2024-10-15 01:57:23.547699 Oscar: Victor, sending you 2
2024-10-15 01:57:23.548675 Yankee: Alpha, sending you 3
2024-10-15 01:57:23.550663 Uniform: Alpha and Hotel, sending you 2
2024-10-15 01:57:23.553683 Yankee: Hotel, sending you 4
2024-10-15 01:57:23.555653 Uniform: Zulu, sending you 4
2024-10-15 01:57:23.556683 Yankee: Uniform, sending you 1
chatterbot Quebec submitting transactions
chatterbot Alpha submitting transactions
chatterbot Papa submitting transactions
chatterbot Sierra submitting transactions
chatterbot Zulu submitting transactions
chatterbot Yankee submitting transactions
chatterbot Uniform submitting transactions
chatterbot Victor submitting transactions
chatterbot Hotel submitting transactions
chatterbot Oscar submitting transactions
ChatterBot Quebec round 6
ChatterBot Yankee round 6
ChatterBot Alpha round 6
ChatterBot Zulu round 6
ChatterBot Victor round 6
ChatterBot Papa round 6
ChatterBot Sierra round 6
ChatterBot Hotel round 6
ChatterBot Uniform round 6
ChatterBot Oscar round 6
2024-10-15 01:57:24.752692 Victor: Quebec, Yankee, Alpha, Zulu, Hotel and Oscar, sending you 1
2024-10-15 01:57:24.754142 Alpha: Quebec, Zulu, Victor, Hotel and Uniform, sending you 1
2024-10-15 01:57:24.758690 Victor: Uniform, sending you 2
2024-10-15 01:57:24.759609 Alpha: Yankee, sending you 2
2024-10-15 01:57:24.760884 Papa: Same as last round
2024-10-15 01:57:24.761211 Quebec: Yankee, Alpha, Zulu and Victor, sending you 1
2024-10-15 01:57:24.762073 Zulu: Quebec, Yankee, Hotel and Oscar, sending you 2
2024-10-15 01:57:24.762769 Hotel: Quebec, Zulu, Uniform and Oscar, sending you 2
2024-10-15 01:57:24.764118 Yankee: Quebec, Zulu and Oscar, sending you 2
2024-10-15 01:57:24.764676 Quebec: Hotel, Uniform and Oscar, sending you 2
2024-10-15 01:57:24.766681 Yankee: Alpha, sending you 3
2024-10-15 01:57:24.767678 Zulu: Alpha and Victor, sending you 1
2024-10-15 01:57:24.768934 Hotel: Yankee, sending you 3
2024-10-15 01:57:24.769687 Uniform: Quebec, Victor and Oscar, sending you 3
2024-10-15 01:57:24.770393 Oscar: Quebec, Zulu and Uniform, sending you 3
2024-10-15 01:57:24.771489 Sierra: Same as last round
2024-10-15 01:57:24.771774 Yankee: Hotel, sending you 4
2024-10-15 01:57:24.772671 Zulu: Uniform, sending you 3
2024-10-15 01:57:24.773345 Hotel: Alpha and Victor, sending you 1
2024-10-15 01:57:24.774319 Uniform: Yankee, sending you 1
2024-10-15 01:57:24.774962 Oscar: Yankee, Victor and Hotel, sending you 2
2024-10-15 01:57:24.776125 Yankee: Uniform, sending you 1
2024-10-15 01:57:24.779669 Uniform: Alpha and Hotel, sending you 2
2024-10-15 01:57:24.782671 Uniform: Zulu, sending you 4
chatterbot Sierra submitting transactions
chatterbot Hotel submitting transactions
chatterbot Alpha submitting transactions
chatterbot Victor submitting transactions
chatterbot Uniform submitting transactions
chatterbot Zulu submitting transactions
chatterbot Oscar submitting transactions
chatterbot Papa submitting transactions
chatterbot Quebec submitting transactions
chatterbot Yankee submitting transactions
ChatterBot Quebec round 7
ChatterBot Yankee round 7
ChatterBot Alpha round 7
ChatterBot Zulu round 7
ChatterBot Victor round 7
ChatterBot Papa round 7
ChatterBot Sierra round 7
ChatterBot Hotel round 7
ChatterBot Uniform round 7
ChatterBot Oscar round 7
2024-10-15 01:57:25.974696 Quebec: Yankee, Alpha, Zulu and Victor, sending you 1
2024-10-15 01:57:25.978110 Victor: Quebec, Yankee, Alpha, Zulu, Hotel and Oscar, sending you 1
2024-10-15 01:57:25.980412 Yankee: Quebec, Zulu and Oscar, sending you 2
2024-10-15 01:57:25.982029 Zulu: Quebec, Alpha and Victor, sending you 1
2024-10-15 01:57:25.984368 Quebec: Hotel, Uniform and Oscar, sending you 2
2024-10-15 01:57:25.986420 Hotel: Quebec, Zulu, Uniform and Oscar, sending you 2
2024-10-15 01:57:25.988504 Victor: Uniform, sending you 2
2024-10-15 01:57:25.991515 Sierra: Same as last round
2024-10-15 01:57:25.991921 Yankee: Alpha, sending you 3
2024-10-15 01:57:25.992711 Alpha: Quebec, Zulu, Victor, Hotel and Uniform, sending you 1
2024-10-15 01:57:25.994907 Zulu: Yankee, Hotel and Oscar, sending you 2
2024-10-15 01:57:25.996621 Papa: Same as last round
2024-10-15 01:57:25.997158 Hotel: Yankee, sending you 3
2024-10-15 01:57:25.999015 Uniform: Quebec, Victor and Oscar, sending you 3
2024-10-15 01:57:26.000780 Yankee: Hotel, sending you 4
2024-10-15 01:57:26.002185 Alpha: Yankee, sending you 2
2024-10-15 01:57:26.004331 Zulu: Uniform, sending you 4
2024-10-15 01:57:26.006625 Hotel: Alpha and Victor, sending you 1
2024-10-15 01:57:26.008538 Oscar: Quebec, Zulu, Hotel and Uniform, sending you 3
2024-10-15 01:57:26.010884 Uniform: Yankee, sending you 1
2024-10-15 01:57:26.013127 Yankee: Uniform, sending you 1
2024-10-15 01:57:26.014260 Oscar: Yankee, sending you 2
2024-10-15 01:57:26.016659 Uniform: Alpha and Hotel, sending you 2
2024-10-15 01:57:26.019654 Oscar: Victor, sending you 1
2024-10-15 01:57:26.021650 Uniform: Zulu, sending you 4
chatterbot Oscar submitting transactions
chatterbot Quebec submitting transactions
chatterbot Sierra submitting transactions
chatterbot Hotel submitting transactions
chatterbot Papa submitting transactions
chatterbot Alpha submitting transactions
chatterbot Yankee submitting transactions
chatterbot Zulu submitting transactions
chatterbot Victor submitting transactions
chatterbot Uniform submitting transactions
ChatterBot Quebec round 8
ChatterBot Yankee round 8
ChatterBot Alpha round 8
ChatterBot Zulu round 8
ChatterBot Victor round 8
ChatterBot Papa round 8
ChatterBot Sierra round 8
ChatterBot Hotel round 8
ChatterBot Uniform round 8
ChatterBot Oscar round 8
2024-10-15 01:57:27.197212 Alpha: We should drop Victor
2024-10-15 01:57:27.211522 Yankee: Yes
2024-10-15 01:57:27.211698 Quebec: No
2024-10-15 01:57:27.211827 Zulu: No
2024-10-15 01:57:27.211949 Hotel: No
2024-10-15 01:57:27.212078 Uniform: No
2024-10-15 01:57:27.212193 Oscar: No
ChatterBot Alpha reevaluating
ChatterBot Alpha reevaluating
ChatterBot Alpha reevaluating
2024-10-15 01:57:27.291685 Uniform: Quebec, Victor and Oscar, sending you 3
2024-10-15 01:57:27.293494 Zulu: Quebec, Alpha and Victor, sending you 1
2024-10-15 01:57:27.294972 Quebec: Yankee, Alpha, Zulu and Victor, sending you 1
2024-10-15 01:57:27.296365 Hotel: Quebec, Zulu, Uniform and Oscar, sending you 2
2024-10-15 01:57:27.298459 Yankee: Quebec, Zulu and Oscar, sending you 2
2024-10-15 01:57:27.299228 Uniform: Yankee, sending you 1
2024-10-15 01:57:27.301351 Zulu: Yankee, Hotel and Oscar, sending you 2
2024-10-15 01:57:27.302960 Quebec: Hotel, Uniform and Oscar, sending you 2
2024-10-15 01:57:27.305085 Hotel: Yankee, sending you 3
2024-10-15 01:57:27.306476 Yankee: Alpha, sending you 3
2024-10-15 01:57:27.307698 Victor: Quebec, Yankee, Alpha, Zulu, Hotel and Oscar, sending you 1
2024-10-15 01:57:27.308935 Uniform: Alpha and Hotel, sending you 2
2024-10-15 01:57:27.310095 Zulu: Uniform, sending you 4
2024-10-15 01:57:27.311882 Hotel: Alpha and Victor, sending you 1
2024-10-15 01:57:27.313019 Sierra: Same as last round
2024-10-15 01:57:27.313339 Victor: Uniform, sending you 2
2024-10-15 01:57:27.314940 Yankee: Hotel, sending you 4
2024-10-15 01:57:27.315534 Uniform: Zulu, sending you 4
2024-10-15 01:57:27.316674 Papa: Same as last round
2024-10-15 01:57:27.316961 Oscar: Quebec, Zulu, Hotel and Uniform, sending you 3
2024-10-15 01:57:27.318795 Yankee: Uniform, sending you 1
2024-10-15 01:57:27.319711 Alpha: Quebec, Zulu, Victor, Hotel and Uniform, sending you 1
2024-10-15 01:57:27.322721 Oscar: Yankee, sending you 2
2024-10-15 01:57:27.324685 Alpha: Yankee, sending you 2
2024-10-15 01:57:27.328664 Oscar: Victor, sending you 1
chatterbot Quebec submitting transactions
chatterbot Zulu submitting transactions
chatterbot Alpha submitting transactions
chatterbot Yankee submitting transactions
chatterbot Sierra submitting transactions
chatterbot Hotel submitting transactions
chatterbot Uniform submitting transactions
chatterbot Papa submitting transactions
chatterbot Victor submitting transactions
chatterbot Oscar submitting transactions
ChatterBot Quebec round 9
ChatterBot Yankee round 9
ChatterBot Alpha round 9
ChatterBot Zulu round 9
ChatterBot Victor round 9
ChatterBot Papa round 9
ChatterBot Sierra round 9
ChatterBot Hotel round 9
ChatterBot Uniform round 9
ChatterBot Oscar round 9
2024-10-15 01:57:28.587390 Sierra: Same as last round
2024-10-15 01:57:28.588677 Alpha: Quebec, Zulu, Victor, Hotel and Uniform, sending you 1
2024-10-15 01:57:28.591630 Hotel: Quebec, Zulu, Uniform and Oscar, sending you 2
2024-10-15 01:57:28.593880 Victor: Quebec, Yankee, Alpha, Zulu, Hotel and Oscar, sending you 1
2024-10-15 01:57:28.595958 Uniform: Quebec, Victor and Oscar, sending you 3
2024-10-15 01:57:28.598881 Zulu: Quebec, Alpha and Victor, sending you 1
2024-10-15 01:57:28.601087 Alpha: Yankee, sending you 2
2024-10-15 01:57:28.603183 Hotel: Yankee, sending you 3
2024-10-15 01:57:28.605295 Victor: Uniform, sending you 2
2024-10-15 01:57:28.606410 Papa: Sending you 6
2024-10-15 01:57:28.607653 Uniform: Yankee, sending you 1
2024-10-15 01:57:28.609835 Yankee: Quebec, Zulu and Oscar, sending you 2
2024-10-15 01:57:28.611019 Quebec: Yankee, Alpha, Zulu and Victor, sending you 1
2024-10-15 01:57:28.614114 Zulu: Yankee, Hotel and Oscar, sending you 2
2024-10-15 01:57:28.615461 Hotel: Alpha and Victor, sending you 1
2024-10-15 01:57:28.617893 Oscar: Quebec, Zulu, Hotel and Uniform, sending you 3
2024-10-15 01:57:28.621223 Uniform: Alpha and Hotel, sending you 2
2024-10-15 01:57:28.624024 Yankee: Alpha, sending you 3
2024-10-15 01:57:28.625405 Quebec: Hotel, Uniform and Oscar, sending you 2
2024-10-15 01:57:28.628076 Zulu: Uniform, sending you 4
2024-10-15 01:57:28.631502 Oscar: Yankee, sending you 2
2024-10-15 01:57:28.634398 Yankee: Hotel, sending you 4
2024-10-15 01:57:28.635607 Uniform: Zulu, sending you 4
2024-10-15 01:57:28.639069 Oscar: Victor, sending you 1
2024-10-15 01:57:28.642419 Yankee: Uniform, sending you 1
chatterbot Oscar submitting transactions
chatterbot Victor submitting transactions
chatterbot Uniform submitting transactions
chatterbot Zulu submitting transactions
chatterbot Quebec submitting transactions
chatterbot Sierra submitting transactions
chatterbot Alpha submitting transactions
chatterbot Hotel submitting transactions
chatterbot Papa submitting transactions
chatterbot Yankee submitting transactions
ChatterBot Quebec round 10
ChatterBot Yankee round 10
ChatterBot Alpha round 10
ChatterBot Zulu round 10
ChatterBot Victor round 10
ChatterBot Papa round 10
ChatterBot Sierra round 10
ChatterBot Hotel round 10
ChatterBot Uniform round 10
2024-10-15 01:57:29.749059 Yankee: We should replace Quebec with Victor
ChatterBot Alpha reevaluating
2024-10-15 01:57:29.763314 Alpha: Yes
2024-10-15 01:57:29.763517 Zulu: No
2024-10-15 01:57:29.763685 Hotel: No
2024-10-15 01:57:29.763842 Uniform: No
2024-10-15 01:57:29.763984 Oscar: No
ChatterBot Yankee reevaluating
ChatterBot Alpha reevaluating
ChatterBot Hotel reevaluating
ChatterBot Yankee reevaluating
ChatterBot Alpha reevaluating
ChatterBot Yankee reevaluating
ChatterBot Alpha reevaluating
ChatterBot Hotel reevaluating
ChatterBot Yankee reevaluating
ChatterBot Alpha reevaluating
ChatterBot Hotel reevaluating
ChatterBot Oscar round 10
2024-10-15 01:57:29.841274 Uniform: We should drop Alpha
ChatterBot Yankee reevaluating
2024-10-15 01:57:29.853674 Quebec: No
2024-10-15 01:57:29.853836 Yankee: No
2024-10-15 01:57:29.853945 Zulu: No
2024-10-15 01:57:29.854046 Victor: No
2024-10-15 01:57:29.854142 Hotel: No
2024-10-15 01:57:29.854234 Oscar: No
ChatterBot Uniform reevaluating
ChatterBot Yankee reevaluating
ChatterBot Uniform reevaluating
ChatterBot Uniform reevaluating
ChatterBot Yankee reevaluating
ChatterBot Uniform reevaluating
ChatterBot Yankee reevaluating
ChatterBot Uniform reevaluating
ChatterBot Yankee reevaluating
ChatterBot Uniform reevaluating
ChatterBot Yankee reevaluating
2024-10-15 01:57:29.933042 Quebec: Yankee, Alpha, Zulu and Victor, sending you 1
