ChatterBot Charlie round 1
ChatterBot Zulu round 1
ChatterBot Delta round 1
ChatterBot Papa round 1
ChatterBot Juliett round 1
ChatterBot Victor round 1
ChatterBot Golf round 1
ChatterBot X-ray round 1
ChatterBot Echo round 1
ChatterBot November round 1
randomSelections Charlie: {Charlie} 
randomSelections Zulu: {Zulu, Echo, Juliett, Charlie, Papa, X-ray, November} 
2024-10-15 01:57:15.470108 Zulu: We should group up
ChatterBot Echo reevaluating
ChatterBot Juliett reevaluating
ChatterBot Papa reevaluating
ChatterBot X-ray reevaluating
ChatterBot November reevaluating
2024-10-15 01:57:15.485016 Echo: Yes
2024-10-15 01:57:15.485991 Juliett: Yes
2024-10-15 01:57:15.486258 Charlie: No
2024-10-15 01:57:15.486448 Papa: Yes
2024-10-15 01:57:15.486592 X-ray: Yes
2024-10-15 01:57:15.486849 November: Yes
ChatterBot Juliett reevaluating
ChatterBot Papa reevaluating
ChatterBot X-ray reevaluating
ChatterBot November reevaluating
ChatterBot Echo reevaluating
ChatterBot Papa reevaluating
ChatterBot X-ray reevaluating
ChatterBot November reevaluating
ChatterBot Echo reevaluating
ChatterBot Juliett reevaluating
ChatterBot Papa reevaluating
ChatterBot X-ray reevaluating
ChatterBot November reevaluating
ChatterBot Echo reevaluating
ChatterBot Juliett reevaluating
ChatterBot X-ray reevaluating
ChatterBot November reevaluating
ChatterBot Echo reevaluating
ChatterBot Juliett reevaluating
ChatterBot Papa reevaluating
ChatterBot November reevaluating
ChatterBot Echo reevaluating
ChatterBot Juliett reevaluating
ChatterBot Papa reevaluating
ChatterBot X-ray reevaluating
randomSelections Golf: {Golf, November, Charlie, Victor, Papa, X-ray, Juliett} 
2024-10-15 01:57:15.562287 Golf: Let's form a team
ChatterBot November reevaluating
ChatterBot Victor reevaluating
ChatterBot Papa reevaluating
ChatterBot X-ray reevaluating
ChatterBot Juliett reevaluating
2024-10-15 01:57:15.571137 November: No
2024-10-15 01:57:15.571297 Charlie: No
2024-10-15 01:57:15.571512 Victor: Yes
2024-10-15 01:57:15.571657 Papa: No
2024-10-15 01:57:15.572256 X-ray: No
2024-10-15 01:57:15.572452 Juliett: No
ChatterBot Victor reevaluating
ChatterBot Papa reevaluating
ChatterBot X-ray reevaluating
ChatterBot Juliett reevaluating
ChatterBot November reevaluating
ChatterBot Victor reevaluating
ChatterBot Papa reevaluating
ChatterBot X-ray reevaluating
ChatterBot Juliett reevaluating
ChatterBot November reevaluating
ChatterBot Papa reevaluating
ChatterBot X-ray reevaluating
ChatterBot Juliett reevaluating
ChatterBot November reevaluating
ChatterBot Victor reevaluating
ChatterBot X-ray reevaluating
ChatterBot Juliett reevaluating
ChatterBot November reevaluating
ChatterBot Victor reevaluating
ChatterBot Papa reevaluating
ChatterBot Juliett reevaluating
ChatterBot November reevaluating
ChatterBot Victor reevaluating
ChatterBot Papa reevaluating
ChatterBot X-ray reevaluating
randomSelections Delta: {Delta, Juliett, Charlie, November, Victor, X-ray, Papa, Zulu} 
2024-10-15 01:57:15.635578 Delta: Group up?
ChatterBot Juliett reevaluating
ChatterBot November reevaluating
ChatterBot Victor reevaluating
ChatterBot X-ray reevaluating
ChatterBot Papa reevaluating
2024-10-15 01:57:15.645878 Juliett: No
2024-10-15 01:57:15.646923 Charlie: No
2024-10-15 01:57:15.647360 November: No
2024-10-15 01:57:15.648562 Victor: No
2024-10-15 01:57:15.648956 X-ray: No
2024-10-15 01:57:15.649332 Papa: No
2024-10-15 01:57:15.649683 Zulu: No
ChatterBot November reevaluating
ChatterBot Victor reevaluating
ChatterBot X-ray reevaluating
ChatterBot Papa reevaluating
ChatterBot Juliett reevaluating
ChatterBot November reevaluating
ChatterBot Victor reevaluating
ChatterBot X-ray reevaluating
ChatterBot Papa reevaluating
ChatterBot Juliett reevaluating
ChatterBot Victor reevaluating
ChatterBot X-ray reevaluating
ChatterBot Papa reevaluating
ChatterBot Juliett reevaluating
ChatterBot November reevaluating
ChatterBot X-ray reevaluating
ChatterBot Papa reevaluating
ChatterBot Juliett reevaluating
ChatterBot November reevaluating
ChatterBot Victor reevaluating
ChatterBot Papa reevaluating
ChatterBot Juliett reevaluating
ChatterBot November reevaluating
ChatterBot Victor reevaluating
ChatterBot X-ray reevaluating
ChatterBot Juliett reevaluating
ChatterBot November reevaluating
ChatterBot Victor reevaluating
ChatterBot X-ray reevaluating
ChatterBot Papa reevaluating
2024-10-15 01:57:15.799875 Juliett: Charlie, sending you 4
2024-10-15 01:57:15.805194 Victor: Charlie and Golf, sending you 3
2024-10-15 01:57:15.806394 Papa: Charlie, sending you 1
2024-10-15 01:57:15.809784 November: Charlie, sending you 1
2024-10-15 01:57:15.811309 Zulu: Charlie, sending you 4
2024-10-15 01:57:15.811745 Juliett: Zulu, sending you 3
2024-10-15 01:57:15.812154 X-ray: Charlie and Zulu, sending you 2
2024-10-15 01:57:15.812560 Delta: Charlie, sending you 2
2024-10-15 01:57:15.813777 Golf: Charlie, sending you 4
2024-10-15 01:57:15.814081 Echo: Charlie, sending you 2
2024-10-15 01:57:15.814512 Victor: Papa and Juliett, sending you 1
2024-10-15 01:57:15.816659 Papa: Zulu, Juliett and X-ray, sending you 2
2024-10-15 01:57:15.817100 November: Zulu and Juliett, sending you 2
2024-10-15 01:57:15.817552 X-ray: Papa, sending you 1
2024-10-15 01:57:15.817969 Zulu: Papa, sending you 3
2024-10-15 01:57:15.819598 Juliett: Papa, sending you 1
2024-10-15 01:57:15.820086 Delta: Zulu and November, sending you 1
2024-10-15 01:57:15.821837 Golf: Papa, Juliett and November, sending you 2
2024-10-15 01:57:15.822354 Echo: Zulu, Papa and Juliett, sending you 1
2024-10-15 01:57:15.822893 November: Papa and Echo, sending you 3
2024-10-15 01:57:15.824167 Victor: X-ray, sending you 4
2024-10-15 01:57:15.824532 Papa: Echo, sending you 4
2024-10-15 01:57:15.825099 X-ray: Echo and November, sending you 4
2024-10-15 01:57:15.827413 Zulu: Juliett and November, sending you 2
2024-10-15 01:57:15.828058 Juliett: X-ray, Echo and November, sending you 2
2024-10-15 01:57:15.829235 Golf: Victor and X-ray, sending you 1
2024-10-15 01:57:15.829801 Delta: Papa, sending you 3
2024-10-15 01:57:15.830951 Echo: X-ray, sending you 3
2024-10-15 01:57:15.831440 Victor: November, sending you 2
2024-10-15 01:57:15.835867 Echo: November, sending you 4
chatterbot Delta submitting transactions
chatterbot Golf submitting transactions
chatterbot November submitting transactions
chatterbot Charlie submitting transactions
chatterbot Papa submitting transactions
chatterbot Echo submitting transactions
chatterbot Zulu submitting transactions
chatterbot Juliett submitting transactions
chatterbot Victor submitting transactions
chatterbot X-ray submitting transactions
ChatterBot Charlie round 2
ChatterBot Zulu round 2
ChatterBot Delta round 2
ChatterBot Papa round 2
ChatterBot Juliett round 2
ChatterBot Victor round 2
ChatterBot Golf round 2
ChatterBot X-ray round 2
ChatterBot Echo round 2
ChatterBot November round 2
2024-10-15 01:57:17.211699 Papa: We should replace Charlie with Delta
ChatterBot Zulu reevaluating
ChatterBot Juliett reevaluating
ChatterBot X-ray reevaluating
ChatterBot Echo reevaluating
ChatterBot November reevaluating
2024-10-15 01:57:17.262977 Zulu: No
2024-10-15 01:57:17.263157 Juliett: No
2024-10-15 01:57:17.263343 X-ray: No
2024-10-15 01:57:17.263580 Echo: No
2024-10-15 01:57:17.264231 November: No
ChatterBot Juliett reevaluating
ChatterBot X-ray reevaluating
ChatterBot Echo reevaluating
ChatterBot November reevaluating
ChatterBot Zulu reevaluating
ChatterBot X-ray reevaluating
ChatterBot Echo reevaluating
ChatterBot November reevaluating
ChatterBot Zulu reevaluating
ChatterBot Juliett reevaluating
ChatterBot Echo reevaluating
ChatterBot November reevaluating
ChatterBot Zulu reevaluating
ChatterBot Juliett reevaluating
ChatterBot X-ray reevaluating
ChatterBot November reevaluating
ChatterBot Zulu reevaluating
ChatterBot Juliett reevaluating
ChatterBot X-ray reevaluating
ChatterBot Echo reevaluating
2024-10-15 01:57:17.444933 Victor: Can we be friends?
ChatterBot Golf reevaluating
2024-10-15 01:57:17.450720 Golf: Yes
2024-10-15 01:57:17.477513 Charlie: We would work well together
ChatterBot Zulu reevaluating
ChatterBot Echo reevaluating
ChatterBot Juliett reevaluating
ChatterBot X-ray reevaluating
ChatterBot November reevaluating
2024-10-15 01:57:17.514019 Zulu: No
2024-10-15 01:57:17.514190 Echo: Yes
2024-10-15 01:57:17.514316 Juliett: No
2024-10-15 01:57:17.514417 Papa: No
2024-10-15 01:57:17.514507 X-ray: No
2024-10-15 01:57:17.514591 November: No
ChatterBot Echo reevaluating
ChatterBot Juliett reevaluating
ChatterBot X-ray reevaluating
ChatterBot November reevaluating
ChatterBot Zulu reevaluating
ChatterBot Juliett reevaluating
ChatterBot X-ray reevaluating
ChatterBot November reevaluating
ChatterBot Zulu reevaluating
ChatterBot Echo reevaluating
ChatterBot X-ray reevaluating
ChatterBot November reevaluating
ChatterBot Zulu reevaluating
ChatterBot Echo reevaluating
ChatterBot Juliett reevaluating
ChatterBot X-ray reevaluating
ChatterBot November reevaluating
ChatterBot Zulu reevaluating
ChatterBot Echo reevaluating
ChatterBot Juliett reevaluating
ChatterBot November reevaluating
ChatterBot Zulu reevaluating
ChatterBot Echo reevaluating
ChatterBot Juliett reevaluating
ChatterBot X-ray reevaluating
2024-10-15 01:57:17.870668 Papa: Delta we want you to join our group
2024-10-15 01:57:17.877661 Delta: No
ChatterBot Zulu reevaluating
ChatterBot Juliett reevaluating
ChatterBot X-ray reevaluating
ChatterBot Echo reevaluating
ChatterBot November reevaluating
2024-10-15 01:57:17.929796 Juliett: We should replace Charlie with Golf
ChatterBot Zulu reevaluating
ChatterBot X-ray reevaluating
ChatterBot Echo reevaluating
ChatterBot November reevaluating
2024-10-15 01:57:17.971505 Papa: No
2024-10-15 01:57:17.971888 Zulu: No
2024-10-15 01:57:17.972142 X-ray: No
2024-10-15 01:57:17.972466 Echo: No
2024-10-15 01:57:17.973268 November: No
ChatterBot Zulu reevaluating
ChatterBot Juliett reevaluating
ChatterBot X-ray reevaluating
ChatterBot Echo reevaluating
ChatterBot November reevaluating
ChatterBot Juliett reevaluating
ChatterBot X-ray reevaluating
ChatterBot Echo reevaluating
ChatterBot November reevaluating
ChatterBot Zulu reevaluating
ChatterBot Juliett reevaluating
ChatterBot Echo reevaluating
ChatterBot November reevaluating
ChatterBot Zulu reevaluating
ChatterBot Juliett reevaluating
ChatterBot X-ray reevaluating
ChatterBot November reevaluating
ChatterBot Zulu reevaluating
ChatterBot Juliett reevaluating
ChatterBot X-ray reevaluating
ChatterBot Echo reevaluating
2024-10-15 01:57:18.128776 November: We should replace Charlie with Victor
ChatterBot Zulu reevaluating
ChatterBot Juliett reevaluating
ChatterBot X-ray reevaluating
ChatterBot Echo reevaluating
2024-10-15 01:57:18.158451 Papa: No
2024-10-15 01:57:18.158593 Zulu: No
2024-10-15 01:57:18.158749 Juliett: No
2024-10-15 01:57:18.158860 X-ray: No
2024-10-15 01:57:18.159002 Echo: No
ChatterBot Zulu reevaluating
ChatterBot Juliett reevaluating
ChatterBot X-ray reevaluating
ChatterBot Echo reevaluating
ChatterBot November reevaluating
ChatterBot Juliett reevaluating
ChatterBot X-ray reevaluating
ChatterBot Echo reevaluating
ChatterBot November reevaluating
ChatterBot Zulu reevaluating
ChatterBot X-ray reevaluating
ChatterBot Echo reevaluating
ChatterBot November reevaluating
ChatterBot Zulu reevaluating
ChatterBot Juliett reevaluating
ChatterBot Echo reevaluating
ChatterBot November reevaluating
ChatterBot Zulu reevaluating
ChatterBot Juliett reevaluating
ChatterBot X-ray reevaluating
ChatterBot November reevaluating
2024-10-15 01:57:18.341722 X-ray: We should drop Charlie
ChatterBot November reevaluating
2024-10-15 01:57:18.368111 Papa: Yes
2024-10-15 01:57:18.368324 Zulu: Yes
2024-10-15 01:57:18.368437 Juliett: Yes
2024-10-15 01:57:18.368551 Echo: Yes
2024-10-15 01:57:18.368702 November: Yes
ChatterBot November reevaluating
ChatterBot November reevaluating
ChatterBot November reevaluating
ChatterBot November reevaluating
2024-10-15 01:57:18.500719 Juliett: Golf we want you to join our group
2024-10-15 01:57:18.505456 Golf: No
ChatterBot Juliett reevaluating
ChatterBot November reevaluating
chatterbot Papa submitting transactions
2024-10-15 01:57:18.559652 Victor: Sending you 4
2024-10-15 01:57:18.560411 Golf: Sending you 3
2024-10-15 01:57:18.560581 Papa: Zulu and November, sending you 3
2024-10-15 01:57:18.560960 Charlie: Zulu and Juliett, sending you 2
2024-10-15 01:57:18.562069 Juliett: Victor we want you to join our group
2024-10-15 01:57:18.566979 Victor: No
ChatterBot Juliett reevaluating
ChatterBot November reevaluating
2024-10-15 01:57:18.600292 Papa: Delta, sending you 2
2024-10-15 01:57:18.600638 Charlie: Papa, X-ray, Echo and November, sending you 1
2024-10-15 01:57:18.604330 Papa: Juliett, X-ray and Echo, sending you 1
2024-10-15 01:57:18.605270 Echo: Papa, sending you 5
2024-10-15 01:57:18.605582 Zulu: Papa, X-ray, Echo and November, sending you 2
2024-10-15 01:57:18.605913 X-ray: Papa, Juliett and Echo, sending you 4
2024-10-15 01:57:18.611489 November: Victor we want you to join our group
2024-10-15 01:57:18.616383 Victor: No
ChatterBot Juliett reevaluating
ChatterBot November reevaluating
2024-10-15 01:57:18.651774 Echo: Juliett, sending you 2
2024-10-15 01:57:18.652366 Zulu: Juliett, sending you 3
2024-10-15 01:57:18.659628 Echo: X-ray, sending you 4
2024-10-15 01:57:18.664668 Echo: November, sending you 3
2024-10-15 01:57:18.683668 Juliett: Zulu, Papa and November, sending you 4
2024-10-15 01:57:18.688045 Juliett: Echo, sending you 2
2024-10-15 01:57:18.690708 November: Zulu and Juliett, sending you 2
2024-10-15 01:57:18.695674 November: Victor, sending you 1
2024-10-15 01:57:18.700219 November: X-ray and Echo, sending you 4
chatterbot Golf submitting transactions
chatterbot Victor submitting transactions
chatterbot Charlie submitting transactions
chatterbot Echo submitting transactions
chatterbot Juliett submitting transactions
chatterbot Zulu submitting transactions
chatterbot Delta submitting transactions
chatterbot X-ray submitting transactions
chatterbot November submitting transactions
ChatterBot Charlie round 3
ChatterBot Zulu round 3
ChatterBot Delta round 3
ChatterBot Papa round 3
ChatterBot Juliett round 3
ChatterBot Victor round 3
ChatterBot Golf round 3
ChatterBot X-ray round 3
ChatterBot Echo round 3
ChatterBot November round 3
2024-10-15 01:57:19.494226 November: We should replace Victor with Delta
2024-10-15 01:57:19.514144 Papa: No
2024-10-15 01:57:19.514293 Zulu: No
2024-10-15 01:57:19.514414 Juliett: No
2024-10-15 01:57:19.514512 X-ray: No
2024-10-15 01:57:19.514618 Echo: No
ChatterBot November reevaluating
ChatterBot November reevaluating
2024-10-15 01:57:19.642775 Papa: We should drop Delta
ChatterBot November reevaluating
2024-10-15 01:57:19.666886 Zulu: Yes
2024-10-15 01:57:19.667018 Juliett: Yes
2024-10-15 01:57:19.667737 X-ray: Yes
2024-10-15 01:57:19.667834 Echo: Yes
2024-10-15 01:57:19.667925 November: Yes
ChatterBot November reevaluating
ChatterBot November reevaluating
ChatterBot November reevaluating
ChatterBot November reevaluating
2024-10-15 01:57:19.778651 Charlie: Zulu and Juliett, sending you 2
2024-10-15 01:57:19.779881 X-ray: Zulu and Papa, sending you 2
2024-10-15 01:57:19.780395 Golf: Same as last round
2024-10-15 01:57:19.780704 Juliett: Zulu, sending you 4
2024-10-15 01:57:19.781205 Zulu: Papa, X-ray, Echo and November, sending you 2
2024-10-15 01:57:19.782694 Charlie: Papa, X-ray, Echo and November, sending you 1
2024-10-15 01:57:19.783687 X-ray: Juliett, sending you 1
2024-10-15 01:57:19.784854 Juliett: Papa and Echo, sending you 2
2024-10-15 01:57:19.785392 Zulu: Juliett, sending you 3
2024-10-15 01:57:19.786081 November: We should drop Victor
2024-10-15 01:57:19.812516 Papa: Yes
2024-10-15 01:57:19.812713 Zulu: Yes
2024-10-15 01:57:19.812854 Juliett: Yes
2024-10-15 01:57:19.812974 X-ray: Yes
2024-10-15 01:57:19.813095 Echo: Yes
2024-10-15 01:57:19.944912 Juliett: X-ray and November, sending you 3
2024-10-15 01:57:19.945484 X-ray: Echo, sending you 5
chatterbot Echo submitting transactions
chatterbot Charlie submitting transactions
2024-10-15 01:57:19.948692 Echo: Zulu, sending you 1
2024-10-15 01:57:19.950665 X-ray: November, sending you 3
2024-10-15 01:57:19.951134 Papa: Zulu, Juliett, X-ray and November, sending you 2
2024-10-15 01:57:19.952022 Echo: Papa, sending you 3
2024-10-15 01:57:19.954693 Echo: Juliett, sending you 2
2024-10-15 01:57:19.956229 Papa: Echo, sending you 3
chatterbot Golf submitting transactions
2024-10-15 01:57:19.960301 Echo: X-ray and November, sending you 4
2024-10-15 01:57:19.968057 November: Zulu, Papa and X-ray, sending you 2
2024-10-15 01:57:19.972667 November: Juliett, sending you 3
2024-10-15 01:57:19.975680 November: Echo, sending you 4
chatterbot Zulu submitting transactions
chatterbot November submitting transactions
chatterbot Juliett submitting transactions
chatterbot X-ray submitting transactions
chatterbot Papa submitting transactions
chatterbot Delta submitting transactions
chatterbot Victor submitting transactions
ChatterBot Charlie round 4
ChatterBot Zulu round 4
ChatterBot Delta round 4
ChatterBot Papa round 4
ChatterBot Juliett round 4
ChatterBot Victor round 4
ChatterBot Golf round 4
ChatterBot X-ray round 4
ChatterBot Echo round 4
ChatterBot November round 4
2024-10-15 01:57:20.783062 Zulu: Papa, X-ray, Echo and November, sending you 2
2024-10-15 01:57:20.784881 Papa: Zulu, Juliett, X-ray and November, sending you 2
2024-10-15 01:57:20.789159 Echo: Zulu, sending you 1
2024-10-15 01:57:20.790340 Zulu: Juliett, sending you 3
2024-10-15 01:57:20.791809 Charlie: Zulu and Juliett, sending you 2
2024-10-15 01:57:20.793708 Papa: Echo, sending you 3
2024-10-15 01:57:20.794910 X-ray: Zulu, Papa and Juliett, sending you 2
2024-10-15 01:57:20.796517 Juliett: Zulu, sending you 4
2024-10-15 01:57:20.797906 November: Zulu, Papa and X-ray, sending you 2
2024-10-15 01:57:20.798924 Echo: Papa, sending you 3
2024-10-15 01:57:20.801043 Charlie: Papa, X-ray, Echo and November, sending you 1
2024-10-15 01:57:20.802100 X-ray: Echo, sending you 4
2024-10-15 01:57:20.803926 Victor: Sending you 4
2024-10-15 01:57:20.804436 Juliett: Papa, X-ray and Echo, sending you 2
2024-10-15 01:57:20.806356 November: Juliett, sending you 3
2024-10-15 01:57:20.807010 Echo: Juliett, sending you 2
2024-10-15 01:57:20.809102 X-ray: November, sending you 3
2024-10-15 01:57:20.810004 Juliett: November, sending you 3
2024-10-15 01:57:20.811698 November: Echo, sending you 4
2024-10-15 01:57:20.813653 Echo: X-ray and November, sending you 4
chatterbot X-ray submitting transactions
chatterbot Juliett submitting transactions
chatterbot Papa submitting transactions
chatterbot Echo submitting transactions
chatterbot Golf submitting transactions
chatterbot Victor submitting transactions
chatterbot Zulu submitting transactions
chatterbot Charlie submitting transactions
chatterbot November submitting transactions
chatterbot Delta submitting transactions
ChatterBot Charlie round 5
ChatterBot Zulu round 5
ChatterBot Delta round 5
ChatterBot Papa round 5
ChatterBot Juliett round 5
ChatterBot Victor round 5
ChatterBot Golf round 5
ChatterBot X-ray round 5
ChatterBot Echo round 5
ChatterBot November round 5
2024-10-15 01:57:21.980763 Charlie: Zulu and Juliett, sending you 2
2024-10-15 01:57:21.984683 Charlie: Papa, X-ray, Echo and November, sending you 1
2024-10-15 01:57:21.985450 Papa: Zulu, Juliett, X-ray and November, sending you 2
2024-10-15 01:57:21.988705 Zulu: Papa, X-ray, Echo and November, sending you 2
2024-10-15 01:57:21.990316 Papa: Echo, sending you 3
2024-10-15 01:57:21.992747 Echo: Zulu, sending you 1
2024-10-15 01:57:21.993448 Zulu: Juliett, sending you 3
2024-10-15 01:57:21.995155 Juliett: Zulu and November, sending you 4
2024-10-15 01:57:21.995978 November: Zulu, Papa and X-ray, sending you 2
2024-10-15 01:57:21.996490 Golf: Sending you 3
2024-10-15 01:57:21.998104 Echo: Papa, sending you 3
2024-10-15 01:57:21.998832 Juliett: Papa, X-ray and Echo, sending you 2
2024-10-15 01:57:21.999715 X-ray: Zulu, Papa and Juliett, sending you 2
2024-10-15 01:57:22.001287 November: Juliett, sending you 3
2024-10-15 01:57:22.002724 Echo: Juliett, sending you 2
2024-10-15 01:57:22.004013 X-ray: Echo, sending you 4
2024-10-15 01:57:22.005691 November: Echo, sending you 4
2024-10-15 01:57:22.008682 Echo: X-ray and November, sending you 4
2024-10-15 01:57:22.009942 X-ray: November, sending you 3
chatterbot Zulu submitting transactions
chatterbot Juliett submitting transactions
chatterbot Golf submitting transactions
chatterbot X-ray submitting transactions
chatterbot Delta submitting transactions
chatterbot November submitting transactions
chatterbot Echo submitting transactions
chatterbot Papa submitting transactions
chatterbot Victor submitting transactions
chatterbot Charlie submitting transactions
ChatterBot Charlie round 6
ChatterBot Zulu round 6
ChatterBot Delta round 6
ChatterBot Papa round 6
ChatterBot Juliett round 6
ChatterBot Victor round 6
ChatterBot Golf round 6
ChatterBot X-ray round 6
ChatterBot Echo round 6
ChatterBot November round 6
2024-10-15 01:57:23.194659 Juliett: We should add Charlie
ChatterBot November reevaluating
2024-10-15 01:57:23.224012 Papa: No
2024-10-15 01:57:23.224228 Zulu: No
2024-10-15 01:57:23.224389 X-ray: No
2024-10-15 01:57:23.224538 Echo: No
2024-10-15 01:57:23.224701 November: Yes
ChatterBot Juliett reevaluating
ChatterBot November reevaluating
ChatterBot Juliett reevaluating
ChatterBot November reevaluating
ChatterBot Juliett reevaluating
ChatterBot November reevaluating
ChatterBot Juliett reevaluating
ChatterBot November reevaluating
ChatterBot Juliett reevaluating
2024-10-15 01:57:23.382677 Zulu: Papa, X-ray, Echo and November, sending you 2
2024-10-15 01:57:23.385703 Charlie: Zulu and Juliett, sending you 2
2024-10-15 01:57:23.386988 Zulu: Juliett, sending you 3
2024-10-15 01:57:23.387865 X-ray: Zulu, Papa, Juliett and November, sending you 2
2024-10-15 01:57:23.389682 Charlie: Papa, X-ray, Echo and November, sending you 1
2024-10-15 01:57:23.390993 Echo: Zulu, sending you 1
2024-10-15 01:57:23.392676 X-ray: Echo, sending you 5
2024-10-15 01:57:23.394703 Echo: Papa, sending you 3
2024-10-15 01:57:23.397663 Papa: Zulu, Juliett, X-ray and November, sending you 2
2024-10-15 01:57:23.398978 Echo: Juliett, sending you 2
2024-10-15 01:57:23.399705 November: Zulu, Papa and X-ray, sending you 2
2024-10-15 01:57:23.401145 Golf: Sending you 4
2024-10-15 01:57:23.401669 Papa: Echo, sending you 3
2024-10-15 01:57:23.402602 Echo: X-ray and November, sending you 4
2024-10-15 01:57:23.403969 Juliett: Zulu and November, sending you 4
2024-10-15 01:57:23.404725 November: Juliett, sending you 3
2024-10-15 01:57:23.409041 Juliett: Papa, X-ray and Echo, sending you 2
2024-10-15 01:57:23.409922 November: Echo, sending you 4
chatterbot Zulu submitting transactions
chatterbot Juliett submitting transactions
chatterbot Delta submitting transactions
chatterbot Charlie submitting transactions
chatterbot Papa submitting transactions
chatterbot November submitting transactions
chatterbot Victor submitting transactions
chatterbot Golf submitting transactions
chatterbot Echo submitting transactions
chatterbot X-ray submitting transactions
ChatterBot Charlie round 7
ChatterBot Zulu round 7
ChatterBot Delta round 7
ChatterBot Papa round 7
ChatterBot Juliett round 7
ChatterBot Victor round 7
ChatterBot Golf round 7
ChatterBot X-ray round 7
ChatterBot Echo round 7
ChatterBot November round 7
2024-10-15 01:57:24.601023 Papa: We should add Charlie
ChatterBot Juliett reevaluating
ChatterBot X-ray reevaluating
ChatterBot Echo reevaluating
ChatterBot November reevaluating
2024-10-15 01:57:24.626063 Zulu: No
2024-10-15 01:57:24.626242 Juliett: Yes
2024-10-15 01:57:24.626400 X-ray: Yes
2024-10-15 01:57:24.626564 Echo: Yes
2024-10-15 01:57:24.626711 November: Yes
ChatterBot Papa reevaluating
ChatterBot Juliett reevaluating
ChatterBot X-ray reevaluating
ChatterBot Echo reevaluating
ChatterBot November reevaluating
ChatterBot Papa reevaluating
ChatterBot X-ray reevaluating
ChatterBot Echo reevaluating
ChatterBot November reevaluating
ChatterBot Papa reevaluating
ChatterBot Juliett reevaluating
ChatterBot Echo reevaluating
ChatterBot November reevaluating
ChatterBot Papa reevaluating
ChatterBot Juliett reevaluating
ChatterBot X-ray reevaluating
ChatterBot November reevaluating
ChatterBot Papa reevaluating
ChatterBot Juliett reevaluating
ChatterBot X-ray reevaluating
ChatterBot Echo reevaluating
2024-10-15 01:57:24.764900 Juliett: Charlie we want you to join our group
ChatterBot Charlie reevaluating
2024-10-15 01:57:24.769071 Charlie: No
ChatterBot Papa reevaluating
2024-10-15 01:57:24.788693 X-ray: Charlie we want you to join our group
ChatterBot Charlie reevaluating
2024-10-15 01:57:24.792113 Charlie: No
ChatterBot Papa reevaluating
2024-10-15 01:57:24.809783 November: Charlie we want you to join our group
ChatterBot Charlie reevaluating
2024-10-15 01:57:24.812791 Charlie: No
ChatterBot Zulu reevaluating
ChatterBot Papa reevaluating
2024-10-15 01:57:24.831031 Echo: Charlie we want you to join our group
ChatterBot Charlie reevaluating
2024-10-15 01:57:24.834117 Charlie: No
ChatterBot Zulu reevaluating
ChatterBot Papa reevaluating
2024-10-15 01:57:24.853697 Victor: Sending you 3
2024-10-15 01:57:24.855948 Papa: Charlie we want you to join our group
ChatterBot Charlie reevaluating
2024-10-15 01:57:24.860283 Charlie: No
ChatterBot Zulu reevaluating
ChatterBot Papa reevaluating
2024-10-15 01:57:24.890681 Juliett: Charlie, Papa, X-ray and Echo, sending you 2
2024-10-15 01:57:24.891279 November: Charlie, sending you 1
2024-10-15 01:57:24.892645 Zulu: Charlie we want you to join our group
ChatterBot Charlie reevaluating
2024-10-15 01:57:24.897719 Charlie: No
ChatterBot Zulu reevaluating
ChatterBot Papa reevaluating
2024-10-15 01:57:24.929180 X-ray: Charlie, sending you 1
2024-10-15 01:57:24.930867 Echo: Zulu, sending you 1
2024-10-15 01:57:24.931989 Juliett: Zulu and November, sending you 3
2024-10-15 01:57:24.932947 November: Zulu, Papa and X-ray, sending you 2
2024-10-15 01:57:24.935689 X-ray: Zulu, Papa, Juliett and November, sending you 2
2024-10-15 01:57:24.936706 Echo: Papa, sending you 3
2024-10-15 01:57:24.938685 November: Juliett and Echo, sending you 3
2024-10-15 01:57:24.939666 X-ray: Echo, sending you 4
2024-10-15 01:57:24.941732 Echo: Juliett, sending you 2
2024-10-15 01:57:24.945678 Echo: X-ray and November, sending you 4
2024-10-15 01:57:24.947684 Zulu: Papa, X-ray, Echo and November, sending you 2
2024-10-15 01:57:24.950678 Papa: Charlie, sending you 1
2024-10-15 01:57:24.951216 Zulu: Juliett, sending you 3
2024-10-15 01:57:24.954762 Papa: Zulu, Juliett, X-ray, Echo and November, sending you 2
chatterbot Victor submitting transactions
chatterbot X-ray submitting transactions
chatterbot Delta submitting transactions
chatterbot November submitting transactions
chatterbot Zulu submitting transactions
chatterbot Papa submitting transactions
chatterbot Juliett submitting transactions
chatterbot Charlie submitting transactions
chatterbot Golf submitting transactions
chatterbot Echo submitting transactions
ChatterBot Charlie round 8
ChatterBot Zulu round 8
ChatterBot Delta round 8
ChatterBot Papa round 8
ChatterBot Juliett round 8
ChatterBot Victor round 8
ChatterBot Golf round 8
ChatterBot X-ray round 8
ChatterBot Echo round 8
ChatterBot November round 8
2024-10-15 01:57:26.023650 Zulu: Papa, X-ray, Echo and November, sending you 2
2024-10-15 01:57:26.029677 Victor: Sending you 4
2024-10-15 01:57:26.031292 Zulu: Juliett, sending you 3
2024-10-15 01:57:26.032423 Juliett: Charlie, sending you 1
2024-10-15 01:57:26.033415 X-ray: Charlie, sending you 1
2024-10-15 01:57:26.035480 Echo: Charlie, sending you 1
2024-10-15 01:57:26.037668 Juliett: Zulu, sending you 3
2024-10-15 01:57:26.038674 X-ray: Zulu, Papa, Juliett and November, sending you 2
2024-10-15 01:57:26.040294 Papa: Charlie, sending you 1
2024-10-15 01:57:26.041899 Echo: Zulu, Papa and Juliett, sending you 2
2024-10-15 01:57:26.042948 November: Zulu, Papa and X-ray, sending you 2
2024-10-15 01:57:26.045120 Juliett: Papa, X-ray and Echo, sending you 2
2024-10-15 01:57:26.046161 X-ray: Echo, sending you 4
2024-10-15 01:57:26.048325 Papa: Zulu, Juliett, X-ray, Echo and November, sending you 2
2024-10-15 01:57:26.049467 Echo: X-ray, sending you 4
2024-10-15 01:57:26.051259 November: Juliett, sending you 3
2024-10-15 01:57:26.052431 Juliett: November, sending you 4
2024-10-15 01:57:26.054696 November: Echo, sending you 4
2024-10-15 01:57:26.055715 Echo: November, sending you 3
chatterbot Echo submitting transactions
chatterbot Juliett submitting transactions
chatterbot X-ray submitting transactions
chatterbot November submitting transactions
chatterbot Charlie submitting transactions
chatterbot Victor submitting transactions
chatterbot Delta submitting transactions
chatterbot Golf submitting transactions
chatterbot Papa submitting transactions
chatterbot Zulu submitting transactions
ChatterBot Charlie round 9
ChatterBot Zulu round 9
ChatterBot Delta round 9
ChatterBot Papa round 9
ChatterBot Juliett round 9
ChatterBot Victor round 9
ChatterBot Golf round 9
ChatterBot X-ray round 9
ChatterBot Echo round 9
ChatterBot November round 9
2024-10-15 01:57:27.103662 Juliett: Charlie, sending you 1
2024-10-15 01:57:27.106686 Juliett: Zulu, sending you 3
2024-10-15 01:57:27.109115 X-ray: Charlie, sending you 1
2024-10-15 01:57:27.110116 Juliett: Papa, X-ray and Echo, sending you 2
2024-10-15 01:57:27.111675 Papa: Charlie, sending you 1
2024-10-15 01:57:27.113036 X-ray: Zulu, Papa, Juliett and November, sending you 2
2024-10-15 01:57:27.114699 Juliett: November, sending you 4
2024-10-15 01:57:27.115679 Echo: Zulu, Papa and Juliett, sending you 2
2024-10-15 01:57:27.116507 Papa: Zulu, Juliett, X-ray, Echo and November, sending you 2
2024-10-15 01:57:27.118047 X-ray: Echo, sending you 4
2024-10-15 01:57:27.118700 November: Zulu, Papa and X-ray, sending you 2
2024-10-15 01:57:27.119669 Echo: X-ray and November, sending you 4
2024-10-15 01:57:27.120697 Golf: Sending you 3
2024-10-15 01:57:27.122662 November: Juliett, sending you 3
2024-10-15 01:57:27.123634 Zulu: Papa, X-ray, Echo and November, sending you 2
2024-10-15 01:57:27.127668 November: Echo, sending you 4
2024-10-15 01:57:27.128683 Zulu: Juliett, sending you 3
chatterbot Papa submitting transactions
chatterbot Victor submitting transactions
chatterbot Charlie submitting transactions
chatterbot Echo submitting transactions
chatterbot Golf submitting transactions
chatterbot X-ray submitting transactions
chatterbot November submitting transactions
chatterbot Zulu submitting transactions
chatterbot Delta submitting transactions
chatterbot Juliett submitting transactions
ChatterBot Charlie round 10
ChatterBot Zulu round 10
ChatterBot Delta round 10
ChatterBot Papa round 10
ChatterBot Juliett round 10
ChatterBot Victor round 10
ChatterBot Golf round 10
ChatterBot X-ray round 10
ChatterBot Echo round 10
ChatterBot November round 10
2024-10-15 01:57:28.303666 Zulu: Papa, X-ray, Echo and November, sending you 2
2024-10-15 01:57:28.309775 Zulu: Juliett, sending you 3
2024-10-15 01:57:28.311678 Papa: Charlie, sending you 1
2024-10-15 01:57:28.314689 Papa: Zulu, Juliett, X-ray, Echo and November, sending you 2
2024-10-15 01:57:28.315780 Echo: Zulu, Papa and Juliett, sending you 2
2024-10-15 01:57:28.316790 X-ray: Charlie, sending you 1
2024-10-15 01:57:28.317805 November: Zulu, Papa and X-ray, sending you 2
2024-10-15 01:57:28.319663 Golf: Sending you 4
2024-10-15 01:57:28.319986 Juliett: Charlie, sending you 1
2024-10-15 01:57:28.321659 Echo: X-ray and November, sending you 4
2024-10-15 01:57:28.322848 November: Juliett, sending you 3
2024-10-15 01:57:28.323495 X-ray: Zulu, Papa, Juliett and November, sending you 2
2024-10-15 01:57:28.324483 Juliett: Zulu, sending you 3
2024-10-15 01:57:28.326670 November: Echo, sending you 4
2024-10-15 01:57:28.327344 X-ray: Echo, sending you 4
2024-10-15 01:57:28.328071 Juliett: Papa, X-ray and Echo, sending you 2
2024-10-15 01:57:28.334240 Juliett: November, sending you 4
chatterbot Golf submitting transactions
chatterbot X-ray submitting transactions
chatterbot Delta submitting transactions
chatterbot Zulu submitting transactions
chatterbot Victor submitting transactions
chatterbot Juliett submitting transactions
chatterbot November submitting transactions
chatterbot Echo submitting transactions
chatterbot Charlie submitting transactions
chatterbot Papa submitting transactions
ChatterBot Charlie round 11
ChatterBot Zulu round 11
ChatterBot Delta round 11
ChatterBot Papa round 11
ChatterBot Juliett round 11
ChatterBot Victor round 11
ChatterBot Golf round 11
ChatterBot X-ray round 11
ChatterBot Echo round 11
ChatterBot November round 11
2024-10-15 01:57:29.543065 Juliett: We should drop Charlie
ChatterBot Papa reevaluating
ChatterBot X-ray reevaluating
ChatterBot Echo reevaluating
2024-10-15 01:57:29.559019 Papa: Yes
2024-10-15 01:57:29.559169 Zulu: Yes
2024-10-15 01:57:29.559284 X-ray: Yes
2024-10-15 01:57:29.559396 Echo: Yes
2024-10-15 01:57:29.559504 November: No
ChatterBot X-ray reevaluating
ChatterBot Echo reevaluating
ChatterBot November reevaluating
ChatterBot Papa reevaluating
ChatterBot X-ray reevaluating
ChatterBot Echo reevaluating
ChatterBot November reevaluating
ChatterBot Papa reevaluating
ChatterBot Echo reevaluating
ChatterBot November reevaluating
ChatterBot Papa reevaluating
ChatterBot X-ray reevaluating
ChatterBot November reevaluating
ChatterBot Papa reevaluating
ChatterBot X-ray reevaluating
ChatterBot Echo reevaluating
2024-10-15 01:57:29.655782 Zulu: Papa, X-ray, Echo and November, sending you 2
2024-10-15 01:57:29.658816 Zulu: Juliett, sending you 3
2024-10-15 01:57:29.673668 Victor: Sending you 3
2024-10-15 01:57:29.675686 Juliett: Zulu, sending you 3
2024-10-15 01:57:29.680668 Juliett: Papa, X-ray and Echo, sending you 2
2024-10-15 01:57:29.681673 November: Zulu, Papa and X-ray, sending you 2
2024-10-15 01:57:29.682382 Echo: Zulu, Papa and Juliett, sending you 2
2024-10-15 01:57:29.683181 Papa: Zulu, Juliett, X-ray and November, sending you 2
2024-10-15 01:57:29.684062 X-ray: Zulu, Papa, Juliett and November, sending you 2
2024-10-15 01:57:29.685169 Juliett: November, sending you 4
2024-10-15 01:57:29.686206 November: Juliett, sending you 3
2024-10-15 01:57:29.687056 Papa: Echo, sending you 3
2024-10-15 01:57:29.687914 Echo: X-ray and November, sending you 4
2024-10-15 01:57:29.688738 X-ray: Echo, sending you 5
2024-10-15 01:57:29.690666 November: Echo, sending you 4
chatterbot Victor submitting transactions
chatterbot Golf submitting transactions
chatterbot Zulu submitting transactions
chatterbot Charlie submitting transactions
chatterbot X-ray submitting transactions
chatterbot November submitting transactions
chatterbot Delta submitting transactions
chatterbot Papa submitting transactions
chatterbot Juliett submitting transactions
chatterbot Echo submitting transactions
ChatterBot Charlie round 12
ChatterBot Zulu round 12
ChatterBot Delta round 12
ChatterBot Papa round 12
ChatterBot Juliett round 12
ChatterBot Victor round 12
ChatterBot Golf round 12
ChatterBot X-ray round 12
ChatterBot Echo round 12
ChatterBot November round 12
2024-10-15 01:57:30.960683 Papa: Zulu, Juliett, X-ray and November, sending you 2
2024-10-15 01:57:30.964659 Papa: Echo, sending you 3
2024-10-15 01:57:30.969661 Zulu: Papa, X-ray, Echo and November, sending you 2
2024-10-15 01:57:30.970688 Juliett: Zulu, sending you 3
2024-10-15 01:57:30.971468 Echo: Zulu, Papa and Juliett, sending you 2
2024-10-15 01:57:30.972208 X-ray: Zulu, Papa, Juliett and November, sending you 2
2024-10-15 01:57:30.973655 Zulu: Juliett, sending you 3
2024-10-15 01:57:30.974668 Juliett: Papa, X-ray and Echo, sending you 2
2024-10-15 01:57:30.976658 Echo: X-ray and November, sending you 4
2024-10-15 01:57:30.977919 X-ray: Echo, sending you 5
2024-10-15 01:57:30.978679 Juliett: November, sending you 4
2024-10-15 01:57:30.982654 Victor: Sending you 4
2024-10-15 01:57:30.982915 November: Zulu, Papa and X-ray, sending you 2
2024-10-15 01:57:30.988667 November: Juliett, sending you 3
2024-10-15 01:57:30.994107 November: Echo, sending you 4
chatterbot Victor submitting transactions
chatterbot Golf submitting transactions
chatterbot Papa submitting transactions
chatterbot Delta submitting transactions
chatterbot Echo submitting transactions
chatterbot Charlie submitting transactions
chatterbot Zulu submitting transactions
chatterbot November submitting transactions
chatterbot X-ray submitting transactions
chatterbot Juliett submitting transactions
ChatterBot Charlie round 13
ChatterBot Zulu round 13
ChatterBot Delta round 13
ChatterBot Papa round 13
ChatterBot Juliett round 13
ChatterBot Victor round 13
ChatterBot Golf round 13
ChatterBot X-ray round 13
ChatterBot Echo round 13
ChatterBot November round 13
2024-10-15 01:57:32.051146 Victor: We should replace Golf with Delta
2024-10-15 01:57:32.068489 Victor: Delta we want you to join our group
2024-10-15 01:57:32.071476 Delta: No
ChatterBot Victor reevaluating
2024-10-15 01:57:32.079663 Zulu: Papa, X-ray, Echo and November, sending you 2
2024-10-15 01:57:32.084681 Juliett: Zulu and Echo, sending you 3
2024-10-15 01:57:32.085695 Echo: Zulu, Papa and Juliett, sending you 2
2024-10-15 01:57:32.086736 Zulu: Juliett, sending you 3
2024-10-15 01:57:32.089683 Juliett: Papa and X-ray, sending you 2
2024-10-15 01:57:32.090664 Echo: X-ray and November, sending you 4
2024-10-15 01:57:32.091571 Papa: Zulu, Juliett, X-ray and November, sending you 2
2024-10-15 01:57:32.094667 Golf: Sending you 3
2024-10-15 01:57:32.095677 Juliett: November, sending you 4
2024-10-15 01:57:32.096564 Papa: Echo, sending you 3
2024-10-15 01:57:32.097702 X-ray: Zulu, Papa, Juliett and November, sending you 2
2024-10-15 01:57:32.098516 November: Zulu, Papa and X-ray, sending you 2
2024-10-15 01:57:32.101669 X-ray: Echo, sending you 5
2024-10-15 01:57:32.103662 November: Juliett, sending you 3
2024-10-15 01:57:32.107690 November: Echo, sending you 4
chatterbot Zulu submitting transactions
chatterbot November submitting transactions
chatterbot Delta submitting transactions
chatterbot Juliett submitting transactions
chatterbot Charlie submitting transactions
chatterbot Golf submitting transactions
chatterbot Echo submitting transactions
chatterbot X-ray submitting transactions
chatterbot Victor submitting transactions
chatterbot Papa submitting transactions
ChatterBot Charlie round 14
ChatterBot Zulu round 14
ChatterBot Delta round 14
ChatterBot Papa round 14
ChatterBot Juliett round 14
ChatterBot Victor round 14
ChatterBot Golf round 14
ChatterBot X-ray round 14
ChatterBot Echo round 14
ChatterBot November round 14
2024-10-15 01:57:33.071684 Zulu: Papa, X-ray, Echo and November, sending you 2
2024-10-15 01:57:33.075661 Echo: Zulu, Papa and Juliett, sending you 2
2024-10-15 01:57:33.077093 Zulu: Juliett, sending you 3
2024-10-15 01:57:33.079871 Echo: X-ray and November, sending you 4
2024-10-15 01:57:33.081684 Papa: Zulu, Juliett, X-ray and November, sending you 2
2024-10-15 01:57:33.084666 Juliett: Zulu and Echo, sending you 3
2024-10-15 01:57:33.086139 Papa: Echo, sending you 3
2024-10-15 01:57:33.089701 Golf: Sending you 4
2024-10-15 01:57:33.091033 Juliett: Papa and X-ray, sending you 2
2024-10-15 01:57:33.092269 November: Zulu, Papa and X-ray, sending you 2
2024-10-15 01:57:33.094651 X-ray: Zulu, Papa, Juliett and November, sending you 2
2024-10-15 01:57:33.097175 Juliett: November, sending you 4
2024-10-15 01:57:33.098772 November: Juliett, sending you 3
2024-10-15 01:57:33.100821 X-ray: Echo, sending you 5
2024-10-15 01:57:33.104677 November: Echo, sending you 4
chatterbot Papa submitting transactions
chatterbot Echo submitting transactions
chatterbot Golf submitting transactions
chatterbot Delta submitting transactions
chatterbot November submitting transactions
