ChatterBot Juliett round 1
ChatterBot November round 1
ChatterBot Alpha round 1
ChatterBot Oscar round 1
ChatterBot Charlie round 1
ChatterBot Delta round 1
ChatterBot Bravo round 1
ChatterBot Papa round 1
ChatterBot Whiskey round 1
ChatterBot Mike round 1
randomSelections Delta: {Delta, Charlie, Bravo, Oscar, Juliett, Papa, Mike, November} 
2024-10-15 01:57:15.107791 Delta: Can we be friends?
ChatterBot Charlie reevaluating
ChatterBot Bravo reevaluating
ChatterBot Oscar reevaluating
ChatterBot Juliett reevaluating
ChatterBot Papa reevaluating
ChatterBot Mike reevaluating
ChatterBot November reevaluating
2024-10-15 01:57:15.123444 Charlie: Yes
2024-10-15 01:57:15.123568 Bravo: Yes
2024-10-15 01:57:15.124308 Oscar: Yes
2024-10-15 01:57:15.124410 Juliett: Yes
2024-10-15 01:57:15.124507 Papa: Yes
2024-10-15 01:57:15.124643 Mike: Yes
2024-10-15 01:57:15.124742 November: Yes
ChatterBot Bravo reevaluating
ChatterBot Oscar reevaluating
ChatterBot Juliett reevaluating
ChatterBot Papa reevaluating
ChatterBot Mike reevaluating
ChatterBot November reevaluating
ChatterBot Charlie reevaluating
ChatterBot Oscar reevaluating
ChatterBot Juliett reevaluating
ChatterBot Papa reevaluating
ChatterBot Mike reevaluating
ChatterBot November reevaluating
ChatterBot Charlie reevaluating
ChatterBot Bravo reevaluating
ChatterBot Juliett reevaluating
ChatterBot Papa reevaluating
ChatterBot Mike reevaluating
ChatterBot November reevaluating
ChatterBot Charlie reevaluating
ChatterBot Bravo reevaluating
ChatterBot Oscar reevaluating
ChatterBot Papa reevaluating
ChatterBot Mike reevaluating
ChatterBot November reevaluating
ChatterBot Charlie reevaluating
ChatterBot Bravo reevaluating
ChatterBot Oscar reevaluating
ChatterBot Juliett reevaluating
ChatterBot Mike reevaluating
ChatterBot November reevaluating
ChatterBot Charlie reevaluating
ChatterBot Bravo reevaluating
ChatterBot Oscar reevaluating
ChatterBot Juliett reevaluating
ChatterBot Papa reevaluating
ChatterBot November reevaluating
ChatterBot Charlie reevaluating
ChatterBot Bravo reevaluating
ChatterBot Oscar reevaluating
ChatterBot Juliett reevaluating
ChatterBot Papa reevaluating
ChatterBot Mike reevaluating
randomSelections Whiskey: {Whiskey, Oscar, Bravo, Papa, Juliett, Charlie, Delta} 
2024-10-15 01:57:15.222547 Whiskey: We would work well together
ChatterBot Oscar reevaluating
ChatterBot Bravo reevaluating
ChatterBot Papa reevaluating
ChatterBot Juliett reevaluating
ChatterBot Charlie reevaluating
2024-10-15 01:57:15.231296 Oscar: No
2024-10-15 01:57:15.231435 Bravo: No
2024-10-15 01:57:15.231539 Papa: No
2024-10-15 01:57:15.231671 Juliett: No
2024-10-15 01:57:15.231788 Charlie: No
2024-10-15 01:57:15.232556 Delta: No
ChatterBot Bravo reevaluating
ChatterBot Papa reevaluating
ChatterBot Juliett reevaluating
ChatterBot Charlie reevaluating
ChatterBot Oscar reevaluating
ChatterBot Papa reevaluating
ChatterBot Juliett reevaluating
ChatterBot Charlie reevaluating
ChatterBot Oscar reevaluating
ChatterBot Bravo reevaluating
ChatterBot Juliett reevaluating
ChatterBot Charlie reevaluating
ChatterBot Oscar reevaluating
ChatterBot Bravo reevaluating
ChatterBot Papa reevaluating
ChatterBot Charlie reevaluating
ChatterBot Oscar reevaluating
ChatterBot Bravo reevaluating
ChatterBot Papa reevaluating
ChatterBot Juliett reevaluating
ChatterBot Oscar reevaluating
ChatterBot Bravo reevaluating
ChatterBot Papa reevaluating
ChatterBot Juliett reevaluating
ChatterBot Charlie reevaluating
randomSelections Alpha: {Alpha, Delta, Oscar, Juliett, Papa} 
2024-10-15 01:57:15.413868 Alpha: Friends?
ChatterBot Oscar reevaluating
ChatterBot Juliett reevaluating
ChatterBot Papa reevaluating
2024-10-15 01:57:15.421141 Delta: No
2024-10-15 01:57:15.421425 Oscar: No
2024-10-15 01:57:15.421864 Juliett: No
2024-10-15 01:57:15.423013 Papa: No
ChatterBot Oscar reevaluating
ChatterBot Juliett reevaluating
ChatterBot Papa reevaluating
ChatterBot Juliett reevaluating
ChatterBot Papa reevaluating
ChatterBot Oscar reevaluating
ChatterBot Papa reevaluating
ChatterBot Oscar reevaluating
ChatterBot Juliett reevaluating
2024-10-15 01:57:15.466677 Delta: Juliett, Oscar and Mike, sending you 2
2024-10-15 01:57:15.470848 Charlie: Juliett and Papa, sending you 2
2024-10-15 01:57:15.472160 Papa: November, Charlie and Mike, sending you 1
2024-10-15 01:57:15.473256 Delta: November, sending you 1
2024-10-15 01:57:15.474704 Juliett: November, Oscar and Charlie, sending you 3
2024-10-15 01:57:15.476417 November: Juliett, Oscar and Charlie, sending you 3
2024-10-15 01:57:15.478585 Mike: Juliett and Charlie, sending you 1
chatterbot November submitting transactions
2024-10-15 01:57:15.480432 Papa: Oscar and Delta, sending you 2
2024-10-15 01:57:15.481244 Bravo: Juliett and November, sending you 1
2024-10-15 01:57:15.482578 Charlie: November, sending you 3
2024-10-15 01:57:15.484060 Whiskey: Juliett, sending you 2
2024-10-15 01:57:15.484781 Alpha: Juliett, Delta and Papa, sending you 2
2024-10-15 01:57:15.486131 Delta: Bravo, sending you 4
2024-10-15 01:57:15.487065 Juliett: Bravo, sending you 2
2024-10-15 01:57:15.489048 November: Papa, sending you 1
2024-10-15 01:57:15.490980 Mike: November, Delta and Bravo, sending you 2
2024-10-15 01:57:15.492630 Bravo: Delta, Papa and Mike, sending you 2
2024-10-15 01:57:15.494171 Charlie: Oscar, Bravo and Mike, sending you 1
2024-10-15 01:57:15.495026 Whiskey: Oscar, sending you 3
2024-10-15 01:57:15.496199 Alpha: Oscar, sending you 1
2024-10-15 01:57:15.497076 Oscar: November, Charlie and Delta, sending you 1
2024-10-15 01:57:15.498307 Delta: Papa, sending you 3
2024-10-15 01:57:15.499230 Juliett: Papa and Mike, sending you 1
2024-10-15 01:57:15.500808 November: Mike, sending you 2
2024-10-15 01:57:15.502315 Whiskey: Charlie, Delta and Papa, sending you 1
2024-10-15 01:57:15.503050 Oscar: Bravo, sending you 2
2024-10-15 01:57:15.505919 Whiskey: Bravo, sending you 4
2024-10-15 01:57:15.508231 Oscar: Mike, sending you 3
chatterbot Mike submitting transactions
chatterbot Juliett submitting transactions
chatterbot Oscar submitting transactions
chatterbot Alpha submitting transactions
chatterbot Papa submitting transactions
chatterbot Charlie submitting transactions
chatterbot Delta submitting transactions
chatterbot Whiskey submitting transactions
chatterbot Bravo submitting transactions
ChatterBot Juliett round 2
ChatterBot November round 2
ChatterBot Alpha round 2
ChatterBot Oscar round 2
ChatterBot Charlie round 2
ChatterBot Delta round 2
ChatterBot Bravo round 2
ChatterBot Papa round 2
2024-10-15 01:57:16.358051 Juliett: We should add Whiskey
ChatterBot Delta reevaluating
ChatterBot Charlie reevaluating
ChatterBot Bravo reevaluating
ChatterBot Oscar reevaluating
ChatterBot Papa reevaluating
ChatterBot Mike reevaluating
ChatterBot November reevaluating
2024-10-15 01:57:16.386501 Delta: Yes
2024-10-15 01:57:16.386698 Charlie: Yes
2024-10-15 01:57:16.386837 Bravo: Yes
2024-10-15 01:57:16.386961 Oscar: No
2024-10-15 01:57:16.387081 Papa: Yes
2024-10-15 01:57:16.387203 Mike: No
2024-10-15 01:57:16.387317 November: Yes
ChatterBot Charlie reevaluating
ChatterBot Bravo reevaluating
ChatterBot Oscar reevaluating
ChatterBot Papa reevaluating
ChatterBot Mike reevaluating
ChatterBot November reevaluating
ChatterBot Delta reevaluating
ChatterBot Bravo reevaluating
ChatterBot Oscar reevaluating
ChatterBot Papa reevaluating
ChatterBot Mike reevaluating
ChatterBot November reevaluating
ChatterBot Delta reevaluating
ChatterBot Charlie reevaluating
ChatterBot Oscar reevaluating
ChatterBot Papa reevaluating
ChatterBot Mike reevaluating
ChatterBot November reevaluating
ChatterBot Delta reevaluating
ChatterBot Charlie reevaluating
ChatterBot Bravo reevaluating
ChatterBot Papa reevaluating
ChatterBot Mike reevaluating
ChatterBot November reevaluating
ChatterBot Delta reevaluating
ChatterBot Charlie reevaluating
ChatterBot Bravo reevaluating
ChatterBot Oscar reevaluating
ChatterBot Mike reevaluating
ChatterBot November reevaluating
ChatterBot Delta reevaluating
ChatterBot Charlie reevaluating
ChatterBot Bravo reevaluating
ChatterBot Oscar reevaluating
ChatterBot Papa reevaluating
ChatterBot November reevaluating
ChatterBot Delta reevaluating
ChatterBot Charlie reevaluating
ChatterBot Bravo reevaluating
ChatterBot Oscar reevaluating
ChatterBot Papa reevaluating
ChatterBot Mike reevaluating
ChatterBot Whiskey round 2
ChatterBot Mike round 2
2024-10-15 01:57:16.636574 Juliett: Whiskey we want you to join our group
ChatterBot Whiskey reevaluating
2024-10-15 01:57:16.640327 Whiskey: No
ChatterBot November reevaluating
ChatterBot Oscar reevaluating
ChatterBot Charlie reevaluating
ChatterBot Mike reevaluating
ChatterBot Delta reevaluating
ChatterBot Bravo reevaluating
ChatterBot Papa reevaluating
2024-10-15 01:57:16.669880 Whiskey: Group up?
ChatterBot Alpha reevaluating
2024-10-15 01:57:16.674243 Alpha: Yes
ChatterBot Whiskey reevaluating
2024-10-15 01:57:16.678170 Alpha: We would work well together
ChatterBot Whiskey reevaluating
2024-10-15 01:57:16.682733 Whiskey: Yes
ChatterBot Alpha reevaluating
2024-10-15 01:57:16.697601 Delta: Whiskey we want you to join our group
2024-10-15 01:57:16.701817 Whiskey: No
ChatterBot November reevaluating
ChatterBot Delta reevaluating
2024-10-15 01:57:16.731182 Bravo: Whiskey we want you to join our group
2024-10-15 01:57:16.734936 Whiskey: No
ChatterBot November reevaluating
2024-10-15 01:57:16.763215 Papa: Whiskey we want you to join our group
2024-10-15 01:57:16.767303 Whiskey: No
ChatterBot November reevaluating
2024-10-15 01:57:16.797282 Charlie: Whiskey we want you to join our group
2024-10-15 01:57:16.801298 Whiskey: No
ChatterBot November reevaluating
2024-10-15 01:57:16.896267 Juliett: November, sending you 3
2024-10-15 01:57:16.896638 Alpha: Sending you 2
2024-10-15 01:57:16.897390 Whiskey: Sending you 4
2024-10-15 01:57:16.897563 Oscar: Juliett, sending you 4
2024-10-15 01:57:16.928196 Juliett: Oscar, sending you 1
2024-10-15 01:57:16.928656 Oscar: November, sending you 3
2024-10-15 01:57:16.928946 Charlie: Juliett and November, sending you 3
2024-10-15 01:57:16.929850 Mike: Juliett and November, sending you 3
2024-10-15 01:57:16.930178 Papa: Juliett, November, Charlie, Bravo and Whiskey, sending you 2
2024-10-15 01:57:16.931136 Bravo: Juliett, Oscar, Charlie and Mike, sending you 1
2024-10-15 01:57:17.074437 Juliett: Charlie, Delta, Bravo, Whiskey and Mike, sending you 2
2024-10-15 01:57:17.075554 Oscar: Charlie, sending you 1
2024-10-15 01:57:17.075900 Charlie: Oscar, Papa, Whiskey and Mike, sending you 1
2024-10-15 01:57:17.077009 Mike: Charlie, sending you 2
2024-10-15 01:57:17.077300 Papa: Oscar, sending you 1
2024-10-15 01:57:17.077654 Bravo: Delta and Whiskey, sending you 2
2024-10-15 01:57:17.078510 Delta: Oscar and Whiskey, sending you 2
chatterbot Bravo submitting transactions
2024-10-15 01:57:17.082912 Papa: Delta, sending you 3
2024-10-15 01:57:17.083250 Delta: Bravo and Papa, sending you 5
2024-10-15 01:57:17.176577 Delta: Mike, sending you 4
2024-10-15 01:57:17.177680 November: Whiskey we want you to join our group
2024-10-15 01:57:17.181683 Whiskey: No
ChatterBot November reevaluating
chatterbot Alpha submitting transactions
chatterbot Oscar submitting transactions
chatterbot Juliett submitting transactions
chatterbot Mike submitting transactions
chatterbot Papa submitting transactions
2024-10-15 01:57:17.637732 November: Juliett, Oscar and Charlie, sending you 3
2024-10-15 01:57:17.879837 November: Mike, sending you 4
chatterbot Charlie submitting transactions
chatterbot Delta submitting transactions
chatterbot November submitting transactions
chatterbot November submitting transactions
chatterbot Whiskey submitting transactions
ChatterBot Juliett round 3
ChatterBot November round 3
ChatterBot Alpha round 3
ChatterBot Oscar round 3
ChatterBot Charlie round 3
ChatterBot Delta round 3
ChatterBot Bravo round 3
ChatterBot Papa round 3
ChatterBot Whiskey round 3
ChatterBot Mike round 3
2024-10-15 01:57:18.077636 Juliett: We should drop Whiskey
2024-10-15 01:57:18.103705 Delta: Yes
2024-10-15 01:57:18.104028 Charlie: Yes
2024-10-15 01:57:18.104259 Bravo: No
2024-10-15 01:57:18.104498 Oscar: Yes
2024-10-15 01:57:18.104745 Papa: Yes
2024-10-15 01:57:18.105457 Mike: Yes
2024-10-15 01:57:18.105733 November: Yes
ChatterBot Bravo reevaluating
ChatterBot Bravo reevaluating
ChatterBot Bravo reevaluating
ChatterBot Bravo reevaluating
ChatterBot Bravo reevaluating
ChatterBot Bravo reevaluating
2024-10-15 01:57:18.375463 Alpha: Same as last round
2024-10-15 01:57:18.375847 November: Juliett, sending you 3
2024-10-15 01:57:18.447135 November: Oscar, Charlie, Delta, Bravo, Papa and Mike, sending you 2
chatterbot Charlie submitting transactions
2024-10-15 01:57:18.477863 Oscar: Juliett, sending you 3
2024-10-15 01:57:18.478175 Mike: Juliett, Oscar, Charlie, Delta, Bravo and Papa, sending you 1
2024-10-15 01:57:18.478580 Whiskey: Sending you 3
2024-10-15 01:57:18.479327 Charlie: Juliett, Papa and Mike, sending you 2
2024-10-15 01:57:18.479856 Papa: Juliett, November and Bravo, sending you 2
2024-10-15 01:57:18.480262 Juliett: November, sending you 3
2024-10-15 01:57:18.481092 Delta: Juliett, sending you 3
2024-10-15 01:57:18.498542 Oscar: November, sending you 4
2024-10-15 01:57:18.498930 Mike: November, sending you 2
2024-10-15 01:57:18.500258 Papa: Charlie, sending you 3
2024-10-15 01:57:18.500871 Charlie: November, sending you 3
2024-10-15 01:57:18.501970 Juliett: Oscar, Charlie, Bravo, Papa and Mike, sending you 2
2024-10-15 01:57:18.502596 Bravo: Juliett, sending you 2
2024-10-15 01:57:18.503599 Delta: Oscar, sending you 1
2024-10-15 01:57:18.504082 Oscar: Charlie, sending you 1
2024-10-15 01:57:18.552787 Papa: Delta, sending you 4
2024-10-15 01:57:18.553946 Juliett: Delta, sending you 1
2024-10-15 01:57:18.554354 Charlie: Oscar, sending you 1
2024-10-15 01:57:18.554766 Bravo: Oscar, Papa and Mike, sending you 1
2024-10-15 01:57:18.555720 Delta: Bravo, sending you 5
2024-10-15 01:57:18.588922 Bravo: Delta, sending you 3
2024-10-15 01:57:18.590413 Delta: Papa, sending you 6
chatterbot Mike submitting transactions
2024-10-15 01:57:18.601634 Delta: Mike, sending you 2
chatterbot Oscar submitting transactions
chatterbot Papa submitting transactions
chatterbot Delta submitting transactions
chatterbot Juliett submitting transactions
chatterbot Alpha submitting transactions
chatterbot Bravo submitting transactions
chatterbot November submitting transactions
chatterbot Whiskey submitting transactions
ChatterBot Juliett round 4
ChatterBot November round 4
ChatterBot Alpha round 4
ChatterBot Oscar round 4
ChatterBot Charlie round 4
ChatterBot Delta round 4
ChatterBot Bravo round 4
ChatterBot Papa round 4
ChatterBot Whiskey round 4
ChatterBot Mike round 4
2024-10-15 01:57:19.380875 Juliett: November, Oscar, Charlie, Delta, Bravo, Papa and Mike, sending you 2
2024-10-15 01:57:19.385682 November: Juliett, Charlie, Delta, Bravo, Papa and Mike, sending you 2
2024-10-15 01:57:19.387692 Oscar: Juliett and November, sending you 2
2024-10-15 01:57:19.389076 Alpha: Same as last round
2024-10-15 01:57:19.389655 Charlie: Juliett and Papa, sending you 2
2024-10-15 01:57:19.391685 November: Oscar, sending you 3
2024-10-15 01:57:19.393273 Oscar: Charlie, Delta, Bravo and Papa, sending you 1
2024-10-15 01:57:19.394677 Charlie: November, sending you 3
2024-10-15 01:57:19.395912 Delta: Juliett, November and Mike, sending you 2
2024-10-15 01:57:19.396412 Bravo: Juliett, sending you 2
2024-10-15 01:57:19.397681 Mike: Juliett, Oscar, Charlie, Delta, Bravo and Papa, sending you 1
2024-10-15 01:57:19.398686 Charlie: Oscar and Mike, sending you 1
2024-10-15 01:57:19.399881 Papa: Juliett, November, Charlie and Bravo, sending you 2
2024-10-15 01:57:19.400580 Delta: Oscar, sending you 1
2024-10-15 01:57:19.401547 Bravo: November, Papa and Mike, sending you 1
2024-10-15 01:57:19.402095 Mike: November, sending you 2
2024-10-15 01:57:19.402687 Whiskey: Sending you 4
2024-10-15 01:57:19.402929 Papa: Delta, sending you 4
2024-10-15 01:57:19.404017 Delta: Bravo, sending you 5
2024-10-15 01:57:19.404691 Bravo: Delta, sending you 3
2024-10-15 01:57:19.406670 Papa: Mike, sending you 1
2024-10-15 01:57:19.408015 Delta: Papa, sending you 6
chatterbot Whiskey submitting transactions
chatterbot Oscar submitting transactions
chatterbot Alpha submitting transactions
chatterbot Charlie submitting transactions
chatterbot Delta submitting transactions
chatterbot Papa submitting transactions
chatterbot Juliett submitting transactions
chatterbot Bravo submitting transactions
chatterbot November submitting transactions
chatterbot Mike submitting transactions
ChatterBot Juliett round 5
ChatterBot November round 5
ChatterBot Alpha round 5
ChatterBot Oscar round 5
ChatterBot Charlie round 5
ChatterBot Delta round 5
ChatterBot Bravo round 5
ChatterBot Papa round 5
ChatterBot Whiskey round 5
ChatterBot Mike round 5
2024-10-15 01:57:20.731205 Charlie: We should drop Bravo
ChatterBot Mike reevaluating
2024-10-15 01:57:20.772773 Juliett: No
2024-10-15 01:57:20.773151 November: No
2024-10-15 01:57:20.773413 Oscar: No
2024-10-15 01:57:20.773734 Mike: Yes
2024-10-15 01:57:20.774313 Delta: No
2024-10-15 01:57:20.774519 Papa: No
ChatterBot Charlie reevaluating
ChatterBot Mike reevaluating
ChatterBot Charlie reevaluating
ChatterBot Mike reevaluating
ChatterBot Charlie reevaluating
ChatterBot Mike reevaluating
ChatterBot Charlie reevaluating
ChatterBot Charlie reevaluating
ChatterBot Mike reevaluating
ChatterBot Charlie reevaluating
ChatterBot Mike reevaluating
2024-10-15 01:57:20.966666 November: Juliett, Oscar, Delta, Bravo, Papa and Mike, sending you 2
2024-10-15 01:57:20.967402 Papa: Juliett, November, Charlie and Bravo, sending you 2
2024-10-15 01:57:20.968764 Oscar: Juliett and November, sending you 2
2024-10-15 01:57:20.969555 Bravo: Juliett, November, Oscar, Papa and Mike, sending you 1
2024-10-15 01:57:20.970123 Juliett: November, Oscar, Charlie, Delta, Bravo, Papa and Mike, sending you 2
2024-10-15 01:57:20.970678 Delta: Juliett, sending you 3
2024-10-15 01:57:20.971178 Alpha: Same as last round
2024-10-15 01:57:20.971667 Mike: We should drop Oscar
ChatterBot Charlie reevaluating
2024-10-15 01:57:20.989159 Juliett: No
2024-10-15 01:57:20.989294 November: No
2024-10-15 01:57:20.989400 Charlie: No
2024-10-15 01:57:20.989500 Delta: No
2024-10-15 01:57:20.989591 Bravo: No
2024-10-15 01:57:20.990274 Papa: No
ChatterBot Mike reevaluating
ChatterBot Charlie reevaluating
ChatterBot Mike reevaluating
ChatterBot Charlie reevaluating
ChatterBot Mike reevaluating
ChatterBot Mike reevaluating
ChatterBot Charlie reevaluating
ChatterBot Mike reevaluating
ChatterBot Charlie reevaluating
ChatterBot Mike reevaluating
ChatterBot Charlie reevaluating
2024-10-15 01:57:21.107304 November: Charlie, sending you 3
2024-10-15 01:57:21.107849 Papa: Oscar and Mike, sending you 1
2024-10-15 01:57:21.108335 Oscar: Charlie, Delta, Papa and Mike, sending you 1
2024-10-15 01:57:21.109488 Bravo: Delta, sending you 3
2024-10-15 01:57:21.109952 Delta: November and Mike, sending you 2
chatterbot Oscar submitting transactions
2024-10-15 01:57:21.112664 Papa: Delta, sending you 4
2024-10-15 01:57:21.113376 Delta: Oscar, sending you 1
2024-10-15 01:57:21.118688 Delta: Bravo and Papa, sending you 5
2024-10-15 01:57:21.129367 Charlie: Juliett and Papa, sending you 2
2024-10-15 01:57:21.130049 Mike: Juliett, Oscar, Charlie and Papa, sending you 1
2024-10-15 01:57:21.134652 Charlie: November, sending you 3
2024-10-15 01:57:21.135323 Mike: November and Delta, sending you 2
2024-10-15 01:57:21.138900 Charlie: Oscar and Mike, sending you 1
chatterbot Juliett submitting transactions
chatterbot Mike submitting transactions
chatterbot Charlie submitting transactions
chatterbot November submitting transactions
chatterbot Delta submitting transactions
chatterbot Papa submitting transactions
chatterbot Alpha submitting transactions
chatterbot Bravo submitting transactions
chatterbot Whiskey submitting transactions
ChatterBot Juliett round 6
ChatterBot November round 6
ChatterBot Alpha round 6
ChatterBot Oscar round 6
ChatterBot Charlie round 6
ChatterBot Delta round 6
ChatterBot Bravo round 6
ChatterBot Papa round 6
ChatterBot Whiskey round 6
ChatterBot Mike round 6
2024-10-15 01:57:22.007433 Charlie: We should drop Mike
2024-10-15 01:57:22.030731 Juliett: No
2024-10-15 01:57:22.030931 November: No
2024-10-15 01:57:22.031514 Oscar: No
2024-10-15 01:57:22.031723 Delta: No
2024-10-15 01:57:22.031940 Bravo: No
2024-10-15 01:57:22.032085 Papa: No
ChatterBot Charlie reevaluating
ChatterBot Charlie reevaluating
ChatterBot Charlie reevaluating
ChatterBot Charlie reevaluating
ChatterBot Charlie reevaluating
ChatterBot Charlie reevaluating
2024-10-15 01:57:22.181683 November: Juliett, Oscar, Delta, Bravo, Papa and Mike, sending you 2
2024-10-15 01:57:22.183264 Delta: Juliett, sending you 3
2024-10-15 01:57:22.184208 Juliett: November, Oscar, Charlie, Delta, Bravo, Papa and Mike, sending you 2
2024-10-15 01:57:22.185109 Alpha: Same as last round
2024-10-15 01:57:22.185832 November: Charlie, sending you 3
2024-10-15 01:57:22.186684 Delta: November and Mike, sending you 2
2024-10-15 01:57:22.190698 Oscar: Juliett and November, sending you 2
2024-10-15 01:57:22.192679 Delta: Oscar, sending you 1
2024-10-15 01:57:22.194662 Oscar: Charlie, Delta, Bravo and Mike, sending you 1
2024-10-15 01:57:22.195692 Mike: Juliett and November, sending you 2
2024-10-15 01:57:22.197685 Delta: Bravo, sending you 4
2024-10-15 01:57:22.198564 Charlie: Juliett and Papa, sending you 2
2024-10-15 01:57:22.200032 Mike: Oscar, Charlie, Delta and Papa, sending you 1
2024-10-15 01:57:22.200526 Whiskey: Sending you 4
2024-10-15 01:57:22.200883 Bravo: Juliett, November, Oscar, Papa and Mike, sending you 1
2024-10-15 01:57:22.202480 Papa: Juliett, November, Charlie and Bravo, sending you 2
2024-10-15 01:57:22.203277 Delta: Papa, sending you 6
2024-10-15 01:57:22.204301 Charlie: November, sending you 3
2024-10-15 01:57:22.205629 Bravo: Delta, sending you 3
2024-10-15 01:57:22.207850 Papa: Oscar and Mike, sending you 1
2024-10-15 01:57:22.208869 Charlie: Oscar and Mike, sending you 1
2024-10-15 01:57:22.212656 Papa: Delta, sending you 4
chatterbot Juliett submitting transactions
chatterbot Papa submitting transactions
chatterbot Charlie submitting transactions
chatterbot Delta submitting transactions
chatterbot November submitting transactions
chatterbot Oscar submitting transactions
chatterbot Whiskey submitting transactions
chatterbot Bravo submitting transactions
chatterbot Alpha submitting transactions
chatterbot Mike submitting transactions
ChatterBot Juliett round 7
ChatterBot November round 7
ChatterBot Alpha round 7
ChatterBot Oscar round 7
ChatterBot Charlie round 7
ChatterBot Delta round 7
ChatterBot Bravo round 7
ChatterBot Papa round 7
ChatterBot Whiskey round 7
ChatterBot Mike round 7
2024-10-15 01:57:23.321661 Alpha: Same as last round
2024-10-15 01:57:23.328663 November: Juliett, Oscar, Delta, Bravo, Papa and Mike, sending you 2
2024-10-15 01:57:23.329861 Charlie: Juliett and Papa, sending you 2
2024-10-15 01:57:23.330607 Bravo: Juliett, November, Oscar, Papa and Mike, sending you 1
2024-10-15 01:57:23.332126 Papa: Juliett, November, Charlie and Bravo, sending you 2
2024-10-15 01:57:23.333802 November: Charlie, sending you 3
2024-10-15 01:57:23.334843 Charlie: November, sending you 3
2024-10-15 01:57:23.335711 Bravo: Delta, sending you 3
2024-10-15 01:57:23.337207 Juliett: November, Oscar, Charlie, Delta, Bravo, Papa and Mike, sending you 2
2024-10-15 01:57:23.338050 Papa: Oscar and Mike, sending you 1
2024-10-15 01:57:23.339801 Charlie: Oscar and Mike, sending you 1
2024-10-15 01:57:23.342673 Delta: Juliett, sending you 3
2024-10-15 01:57:23.343690 Papa: Delta, sending you 4
2024-10-15 01:57:23.345113 Oscar: Juliett and November, sending you 2
2024-10-15 01:57:23.347700 Delta: November and Mike, sending you 2
2024-10-15 01:57:23.350669 Oscar: Charlie, Delta, Bravo and Mike, sending you 1
2024-10-15 01:57:23.352273 Mike: Juliett and November, sending you 2
2024-10-15 01:57:23.353869 Delta: Oscar, sending you 1
2024-10-15 01:57:23.357675 Mike: Oscar, Charlie, Delta and Papa, sending you 1
2024-10-15 01:57:23.359680 Delta: Bravo, sending you 4
2024-10-15 01:57:23.363672 Delta: Papa, sending you 6
chatterbot Delta submitting transactions
chatterbot Alpha submitting transactions
chatterbot Whiskey submitting transactions
chatterbot Bravo submitting transactions
chatterbot Juliett submitting transactions
chatterbot Charlie submitting transactions
chatterbot Papa submitting transactions
chatterbot Oscar submitting transactions
chatterbot November submitting transactions
chatterbot Mike submitting transactions
ChatterBot Juliett round 8
ChatterBot November round 8
ChatterBot Alpha round 8
ChatterBot Oscar round 8
ChatterBot Charlie round 8
ChatterBot Delta round 8
ChatterBot Bravo round 8
ChatterBot Papa round 8
ChatterBot Whiskey round 8
ChatterBot Mike round 8
2024-10-15 01:57:24.286682 Juliett: November, Oscar, Charlie, Delta, Bravo, Papa and Mike, sending you 2
2024-10-15 01:57:24.288665 November: Juliett, Oscar, Delta, Bravo, Papa and Mike, sending you 2
2024-10-15 01:57:24.292702 November: Charlie, sending you 3
2024-10-15 01:57:24.293793 Delta: Juliett and November, sending you 3
2024-10-15 01:57:24.294734 Oscar: Juliett and November, sending you 2
2024-10-15 01:57:24.296004 Alpha: Same as last round
2024-10-15 01:57:24.297676 Delta: Oscar, sending you 1
2024-10-15 01:57:24.299683 Oscar: Charlie, Delta, Bravo and Mike, sending you 1
2024-10-15 01:57:24.300669 Charlie: Juliett and Papa, sending you 2
2024-10-15 01:57:24.301438 Papa: Juliett, November, Charlie, Bravo and Mike, sending you 2
2024-10-15 01:57:24.303663 Delta: Bravo, sending you 4
2024-10-15 01:57:24.305330 Papa: Delta, sending you 4
2024-10-15 01:57:24.306304 Charlie: November, sending you 3
2024-10-15 01:57:24.307682 Bravo: Juliett, sending you 2
2024-10-15 01:57:24.308566 Mike: Juliett and November, sending you 2
2024-10-15 01:57:24.309014 Delta: Papa, sending you 5
2024-10-15 01:57:24.309843 Whiskey: Sending you 4
2024-10-15 01:57:24.310661 Bravo: November, Oscar and Papa, sending you 1
2024-10-15 01:57:24.311698 Charlie: Oscar and Mike, sending you 1
2024-10-15 01:57:24.313695 Mike: Oscar, Charlie, Delta and Papa, sending you 1
2024-10-15 01:57:24.314645 Delta: Mike, sending you 2
2024-10-15 01:57:24.316671 Bravo: Delta, sending you 3
chatterbot Bravo submitting transactions
chatterbot Papa submitting transactions
chatterbot November submitting transactions
chatterbot Charlie submitting transactions
chatterbot Whiskey submitting transactions
chatterbot Delta submitting transactions
chatterbot Oscar submitting transactions
chatterbot Juliett submitting transactions
chatterbot Mike submitting transactions
chatterbot Alpha submitting transactions
ChatterBot Juliett round 9
ChatterBot November round 9
ChatterBot Alpha round 9
ChatterBot Oscar round 9
ChatterBot Charlie round 9
ChatterBot Delta round 9
ChatterBot Bravo round 9
ChatterBot Papa round 9
ChatterBot Whiskey round 9
ChatterBot Mike round 9
2024-10-15 01:57:25.429666 Alpha: Same as last round
2024-10-15 01:57:25.432693 Juliett: November, Oscar, Charlie, Delta, Bravo, Papa and Mike, sending you 2
2024-10-15 01:57:25.436674 November: Juliett, Oscar, Delta, Bravo, Papa and Mike, sending you 2
2024-10-15 01:57:25.440695 Charlie: Juliett and Papa, sending you 2
2024-10-15 01:57:25.441843 November: Charlie, sending you 3
2024-10-15 01:57:25.442836 Oscar: Juliett and November, sending you 2
2024-10-15 01:57:25.444967 Charlie: November, sending you 3
2024-10-15 01:57:25.445979 Papa: Juliett, November, Charlie, Bravo and Mike, sending you 2
2024-10-15 01:57:25.447662 Delta: Juliett and November, sending you 3
2024-10-15 01:57:25.448657 Oscar: Charlie, Delta, Bravo and Mike, sending you 1
2024-10-15 01:57:25.450681 Charlie: Oscar and Mike, sending you 1
2024-10-15 01:57:25.451562 Papa: Delta, sending you 4
2024-10-15 01:57:25.452639 Delta: Oscar, sending you 1
2024-10-15 01:57:25.453560 Mike: Juliett and November, sending you 2
2024-10-15 01:57:25.454011 Bravo: Juliett, sending you 2
2024-10-15 01:57:25.455675 Delta: Bravo, sending you 4
2024-10-15 01:57:25.457667 Bravo: November, Oscar and Papa, sending you 1
2024-10-15 01:57:25.458762 Mike: Oscar, Charlie, Delta and Papa, sending you 1
2024-10-15 01:57:25.460671 Delta: Papa, sending you 5
2024-10-15 01:57:25.461657 Bravo: Delta, sending you 3
2024-10-15 01:57:25.463710 Delta: Mike, sending you 2
chatterbot Delta submitting transactions
chatterbot Oscar submitting transactions
chatterbot Juliett submitting transactions
chatterbot Alpha submitting transactions
chatterbot November submitting transactions
chatterbot Bravo submitting transactions
chatterbot Papa submitting transactions
chatterbot Whiskey submitting transactions
chatterbot Charlie submitting transactions
chatterbot Mike submitting transactions
ChatterBot Juliett round 10
ChatterBot November round 10
ChatterBot Alpha round 10
ChatterBot Oscar round 10
ChatterBot Charlie round 10
ChatterBot Delta round 10
ChatterBot Bravo round 10
ChatterBot Papa round 10
ChatterBot Whiskey round 10
ChatterBot Mike round 10
2024-10-15 01:57:26.700825 Charlie: We should drop Bravo
2024-10-15 01:57:26.721419 Juliett: No
2024-10-15 01:57:26.721629 November: No
2024-10-15 01:57:26.721777 Oscar: No
2024-10-15 01:57:26.721894 Mike: Yes
2024-10-15 01:57:26.722008 Delta: No
2024-10-15 01:57:26.722121 Papa: No
ChatterBot Mike reevaluating
ChatterBot Charlie reevaluating
ChatterBot Mike reevaluating
ChatterBot Charlie reevaluating
ChatterBot Mike reevaluating
ChatterBot Charlie reevaluating
ChatterBot Charlie reevaluating
ChatterBot Mike reevaluating
ChatterBot Charlie reevaluating
ChatterBot Mike reevaluating
2024-10-15 01:57:26.834684 Mike: We should replace Charlie with Bravo
2024-10-15 01:57:26.847741 Juliett: No
2024-10-15 01:57:26.847860 November: No
2024-10-15 01:57:26.847953 Oscar: No
2024-10-15 01:57:26.848056 Delta: No
2024-10-15 01:57:26.848141 Papa: No
ChatterBot Mike reevaluating
ChatterBot Mike reevaluating
ChatterBot Mike reevaluating
ChatterBot Mike reevaluating
ChatterBot Mike reevaluating
2024-10-15 01:57:26.912781 Charlie: We should drop Mike
2024-10-15 01:57:26.927291 Juliett: No
2024-10-15 01:57:26.927426 November: No
2024-10-15 01:57:26.927531 Oscar: No
2024-10-15 01:57:26.927634 Delta: No
2024-10-15 01:57:26.927734 Bravo: No
2024-10-15 01:57:26.927827 Papa: No
ChatterBot Charlie reevaluating
ChatterBot Charlie reevaluating
ChatterBot Charlie reevaluating
ChatterBot Charlie reevaluating
ChatterBot Charlie reevaluating
ChatterBot Charlie reevaluating
2024-10-15 01:57:27.016676 November: Juliett, Oscar, Delta, Bravo, Papa and Mike, sending you 2
2024-10-15 01:57:27.017502 Alpha: Same as last round
2024-10-15 01:57:27.017748 Juliett: November, Oscar, Charlie, Delta, Bravo, Papa and Mike, sending you 2
2024-10-15 01:57:27.019658 November: Charlie, sending you 3
2024-10-15 01:57:27.021678 Whiskey: Sending you 4
2024-10-15 01:57:27.021929 Bravo: Juliett, sending you 2
2024-10-15 01:57:27.022852 Delta: Juliett and November, sending you 3
2024-10-15 01:57:27.023729 Oscar: Juliett and November, sending you 2
2024-10-15 01:57:27.024624 Papa: Juliett, November, Charlie, Bravo and Mike, sending you 2
2024-10-15 01:57:27.026128 Mike: Bravo we want you to join our group
2024-10-15 01:57:27.029910 Bravo: Yes
2024-10-15 01:57:27.049334 Bravo: November, Oscar and Papa, sending you 1
2024-10-15 01:57:27.051004 Delta: Oscar, sending you 1
2024-10-15 01:57:27.052104 Oscar: Charlie, Delta, Bravo and Mike, sending you 1
2024-10-15 01:57:27.053074 Papa: Delta, sending you 4
2024-10-15 01:57:27.054895 Bravo: Delta, sending you 3
2024-10-15 01:57:27.055926 Delta: Bravo, sending you 4
2024-10-15 01:57:27.060661 Delta: Papa, sending you 5
2024-10-15 01:57:27.064657 Mike: Juliett and November, sending you 2
2024-10-15 01:57:27.065665 Delta: Mike, sending you 2
2024-10-15 01:57:27.068689 Mike: Oscar, Delta, Bravo and Papa, sending you 1
2024-10-15 01:57:27.070674 Charlie: Juliett and Papa, sending you 2
chatterbot Papa submitting transactions
2024-10-15 01:57:27.076662 Charlie: November, sending you 3
2024-10-15 01:57:27.079672 Charlie: Oscar and Mike, sending you 1
chatterbot Alpha submitting transactions
chatterbot Delta submitting transactions
chatterbot Whiskey submitting transactions
chatterbot Mike submitting transactions
chatterbot Bravo submitting transactions
chatterbot Juliett submitting transactions
chatterbot Charlie submitting transactions
chatterbot November submitting transactions
chatterbot Oscar submitting transactions
ChatterBot Juliett round 11
ChatterBot November round 11
ChatterBot Alpha round 11
ChatterBot Oscar round 11
ChatterBot Charlie round 11
ChatterBot Delta round 11
ChatterBot Bravo round 11
ChatterBot Papa round 11
ChatterBot Whiskey round 11
2024-10-15 01:57:28.010800 Charlie: We should add Bravo
ChatterBot Mike reevaluating
2024-10-15 01:57:28.025085 Juliett: Yes
2024-10-15 01:57:28.025222 November: Yes
2024-10-15 01:57:28.025328 Oscar: Yes
2024-10-15 01:57:28.025429 Mike: Yes
2024-10-15 01:57:28.025526 Delta: Yes
2024-10-15 01:57:28.025631 Papa: Yes
ChatterBot Mike reevaluating
ChatterBot Mike reevaluating
ChatterBot Mike reevaluating
ChatterBot Mike reevaluating
ChatterBot Mike reevaluating
ChatterBot Mike round 11
2024-10-15 01:57:28.141476 Charlie: Bravo we want you to join our group
2024-10-15 01:57:28.144635 Bravo: Yes
ChatterBot Mike reevaluating
2024-10-15 01:57:28.163471 Mike: We should replace Oscar with Charlie
2024-10-15 01:57:28.175934 Juliett: No
2024-10-15 01:57:28.176080 November: No
2024-10-15 01:57:28.176188 Delta: No
2024-10-15 01:57:28.176285 Bravo: No
2024-10-15 01:57:28.176370 Papa: No
ChatterBot Mike reevaluating
ChatterBot Mike reevaluating
ChatterBot Mike reevaluating
ChatterBot Mike reevaluating
ChatterBot Mike reevaluating
2024-10-15 01:57:28.254659 Oscar: Juliett and November, sending you 2
2024-10-15 01:57:28.256647 Juliett: November, Oscar, Charlie, Delta, Bravo, Papa and Mike, sending you 2
2024-10-15 01:57:28.257954 Alpha: Same as last round
2024-10-15 01:57:28.260682 Oscar: Charlie, Delta, Bravo and Mike, sending you 1
2024-10-15 01:57:28.262194 Papa: Juliett, November, Charlie, Bravo and Mike, sending you 2
2024-10-15 01:57:28.263698 November: Juliett, Oscar, Delta, Bravo, Papa and Mike, sending you 2
2024-10-15 01:57:28.265016 Bravo: Juliett, sending you 2
2024-10-15 01:57:28.266747 Delta: Juliett and November, sending you 3
2024-10-15 01:57:28.267851 Papa: Oscar, sending you 1
2024-10-15 01:57:28.269619 November: Charlie, sending you 3
2024-10-15 01:57:28.270833 Bravo: November, Oscar and Papa, sending you 1
2024-10-15 01:57:28.271962 Charlie: Juliett and Papa, sending you 2
2024-10-15 01:57:28.273050 Delta: Oscar, sending you 1
2024-10-15 01:57:28.274770 Papa: Delta, sending you 3
2024-10-15 01:57:28.275863 Charlie: November, sending you 3
2024-10-15 01:57:28.276932 Bravo: Delta, sending you 3
2024-10-15 01:57:28.278664 Delta: Bravo, sending you 4
2024-10-15 01:57:28.280693 Mike: Juliett and November, sending you 2
2024-10-15 01:57:28.281940 Charlie: Oscar and Mike, sending you 1
2024-10-15 01:57:28.283356 Delta: Papa, sending you 5
2024-10-15 01:57:28.284908 Mike: Oscar, Delta, Bravo and Papa, sending you 1
2024-10-15 01:57:28.290002 Delta: Mike, sending you 2
chatterbot November submitting transactions
chatterbot Charlie submitting transactions
chatterbot Papa submitting transactions
chatterbot Oscar submitting transactions
chatterbot Whiskey submitting transactions
chatterbot Juliett submitting transactions
chatterbot Alpha submitting transactions
chatterbot Delta submitting transactions
chatterbot Bravo submitting transactions
chatterbot Mike submitting transactions
ChatterBot Juliett round 12
ChatterBot November round 12
ChatterBot Alpha round 12
ChatterBot Oscar round 12
ChatterBot Charlie round 12
ChatterBot Delta round 12
ChatterBot Bravo round 12
ChatterBot Papa round 12
ChatterBot Whiskey round 12
ChatterBot Mike round 12
2024-10-15 01:57:29.395257 Mike: We should replace Oscar with Charlie
2024-10-15 01:57:29.410939 Juliett: No
2024-10-15 01:57:29.411084 November: No
2024-10-15 01:57:29.411193 Delta: No
2024-10-15 01:57:29.411299 Bravo: No
2024-10-15 01:57:29.411395 Papa: No
ChatterBot Mike reevaluating
ChatterBot Mike reevaluating
ChatterBot Mike reevaluating
ChatterBot Mike reevaluating
ChatterBot Mike reevaluating
2024-10-15 01:57:29.503693 Mike: Charlie we want you to join our group
2024-10-15 01:57:29.509285 Charlie: Yes
ChatterBot Mike reevaluating
2024-10-15 01:57:29.539675 Bravo: Juliett, November, Oscar, Papa and Mike, sending you 1
2024-10-15 01:57:29.541896 November: Juliett, Oscar, Delta, Bravo, Papa and Mike, sending you 2
2024-10-15 01:57:29.542978 Delta: Juliett and November, sending you 3
2024-10-15 01:57:29.544414 Juliett: November, Oscar, Charlie, Delta, Bravo, Papa and Mike, sending you 2
2024-10-15 01:57:29.545527 Oscar: Juliett and November, sending you 2
2024-10-15 01:57:29.546599 Charlie: Juliett and Papa, sending you 2
2024-10-15 01:57:29.548341 Alpha: Same as last round
2024-10-15 01:57:29.548588 Papa: Juliett, November, Charlie, Bravo and Mike, sending you 2
2024-10-15 01:57:29.549769 Bravo: Delta, sending you 3
2024-10-15 01:57:29.550822 November: Charlie, sending you 3
2024-10-15 01:57:29.551837 Delta: Oscar, sending you 1
2024-10-15 01:57:29.553166 Oscar: Charlie, Delta, Bravo and Mike, sending you 1
2024-10-15 01:57:29.554220 Charlie: November, sending you 4
2024-10-15 01:57:29.555258 Papa: Oscar, sending you 1
2024-10-15 01:57:29.556468 Delta: Bravo, sending you 4
2024-10-15 01:57:29.558665 Charlie: Oscar and Mike, sending you 1
2024-10-15 01:57:29.559736 Papa: Delta, sending you 3
2024-10-15 01:57:29.560825 Whiskey: Sending you 4
2024-10-15 01:57:29.561065 Delta: Papa, sending you 5
2024-10-15 01:57:29.565697 Delta: Mike, sending you 2
2024-10-15 01:57:29.576695 Mike: Juliett and November, sending you 2
2024-10-15 01:57:29.580668 Mike: Charlie, Delta, Bravo and Papa, sending you 1
chatterbot November submitting transactions
chatterbot Alpha submitting transactions
chatterbot Charlie submitting transactions
chatterbot Mike submitting transactions
chatterbot Juliett submitting transactions
chatterbot Whiskey submitting transactions
chatterbot Oscar submitting transactions
chatterbot Delta submitting transactions
chatterbot Bravo submitting transactions
chatterbot Papa submitting transactions
ChatterBot Juliett round 13
ChatterBot November round 13
ChatterBot Alpha round 13
ChatterBot Oscar round 13
ChatterBot Charlie round 13
ChatterBot Delta round 13
ChatterBot Bravo round 13
ChatterBot Papa round 13
ChatterBot Whiskey round 13
ChatterBot Mike round 13
2024-10-15 01:57:30.624457 Charlie: We should drop Oscar
2024-10-15 01:57:30.651589 Mike: Yes
2024-10-15 01:57:30.651817 Juliett: No
2024-10-15 01:57:30.651993 November: No
2024-10-15 01:57:30.652157 Delta: No
2024-10-15 01:57:30.652320 Bravo: No
2024-10-15 01:57:30.652478 Papa: No
ChatterBot Charlie reevaluating
ChatterBot Charlie reevaluating
ChatterBot Charlie reevaluating
ChatterBot Charlie reevaluating
ChatterBot Charlie reevaluating
ChatterBot Charlie reevaluating
2024-10-15 01:57:30.775674 Delta: Juliett and November, sending you 3
2024-10-15 01:57:30.777767 Papa: Juliett, November, Charlie, Bravo and Mike, sending you 2
2024-10-15 01:57:30.779201 November: Juliett, Oscar, Delta, Bravo, Papa and Mike, sending you 2
2024-10-15 01:57:30.781685 Delta: Oscar, sending you 1
2024-10-15 01:57:30.783302 Papa: Oscar, sending you 1
2024-10-15 01:57:30.784842 November: Charlie, sending you 3
2024-10-15 01:57:30.786037 Alpha: Same as last round
2024-10-15 01:57:30.786356 Oscar: Juliett and November, sending you 2
