ChatterBot Kilo round 1
ChatterBot Yankee round 1
ChatterBot Zulu round 1
ChatterBot Uniform round 1
ChatterBot Oscar round 1
randomSelections Uniform: {Uniform, Hotel, Echo, Zulu, Sierra, Kilo} 
2024-10-15 01:57:15.811937 Uniform: Can we be friends?
ChatterBot Zulu reevaluating
ChatterBot Kilo reevaluating
2024-10-15 01:57:15.817848 Zulu: Yes
2024-10-15 01:57:15.818003 Kilo: Yes
ChatterBot Kilo reevaluating
ChatterBot Zulu reevaluating
ChatterBot Sierra round 1
ChatterBot Sierra reevaluating
ChatterBot Sierra reevaluating
ChatterBot Sierra reevaluating
2024-10-15 01:57:15.839621 Sierra: Yes
ChatterBot Zulu reevaluating
ChatterBot Kilo reevaluating
ChatterBot Foxtrot round 1
ChatterBot Echo round 1
ChatterBot Echo reevaluating
ChatterBot Echo reevaluating
ChatterBot Echo reevaluating
ChatterBot Echo reevaluating
2024-10-15 01:57:15.859202 Echo: Yes
ChatterBot Zulu reevaluating
ChatterBot Sierra reevaluating
ChatterBot Kilo reevaluating
ChatterBot Hotel round 1
ChatterBot Hotel reevaluating
ChatterBot Hotel reevaluating
ChatterBot Hotel reevaluating
ChatterBot Hotel reevaluating
ChatterBot Hotel reevaluating
2024-10-15 01:57:15.977223 Hotel: Yes
ChatterBot Echo reevaluating
ChatterBot Zulu reevaluating
ChatterBot Sierra reevaluating
ChatterBot Kilo reevaluating
ChatterBot Romeo round 1
randomSelections Oscar: {Oscar, Yankee, Romeo, Sierra, Kilo, Echo, Hotel} 
2024-10-15 01:57:16.027562 Oscar: We would work well together
ChatterBot Yankee reevaluating
ChatterBot Romeo reevaluating
ChatterBot Sierra reevaluating
ChatterBot Kilo reevaluating
ChatterBot Echo reevaluating
ChatterBot Hotel reevaluating
2024-10-15 01:57:16.043081 Yankee: Yes
2024-10-15 01:57:16.043263 Romeo: Yes
2024-10-15 01:57:16.043463 Sierra: No
2024-10-15 01:57:16.044194 Kilo: No
2024-10-15 01:57:16.044568 Echo: No
2024-10-15 01:57:16.044776 Hotel: No
ChatterBot Romeo reevaluating
ChatterBot Sierra reevaluating
ChatterBot Kilo reevaluating
ChatterBot Echo reevaluating
ChatterBot Hotel reevaluating
ChatterBot Yankee reevaluating
ChatterBot Sierra reevaluating
ChatterBot Kilo reevaluating
ChatterBot Echo reevaluating
ChatterBot Hotel reevaluating
ChatterBot Yankee reevaluating
ChatterBot Romeo reevaluating
ChatterBot Kilo reevaluating
ChatterBot Echo reevaluating
ChatterBot Hotel reevaluating
ChatterBot Yankee reevaluating
ChatterBot Romeo reevaluating
ChatterBot Sierra reevaluating
ChatterBot Echo reevaluating
ChatterBot Hotel reevaluating
ChatterBot Yankee reevaluating
ChatterBot Romeo reevaluating
ChatterBot Sierra reevaluating
ChatterBot Kilo reevaluating
ChatterBot Hotel reevaluating
ChatterBot Yankee reevaluating
ChatterBot Romeo reevaluating
ChatterBot Sierra reevaluating
ChatterBot Kilo reevaluating
ChatterBot Echo reevaluating
randomSelections Foxtrot: {Foxtrot, Yankee, Romeo} 
2024-10-15 01:57:16.112152 Foxtrot: Let's form a team
ChatterBot Yankee reevaluating
ChatterBot Romeo reevaluating
2024-10-15 01:57:16.115562 Yankee: No
2024-10-15 01:57:16.115777 Romeo: No
ChatterBot Romeo reevaluating
ChatterBot Yankee reevaluating
2024-10-15 01:57:16.127124 Uniform: Kilo, sending you 2
2024-10-15 01:57:16.132696 Uniform: Zulu and Echo, sending you 3
2024-10-15 01:57:16.133678 Echo: Kilo and Zulu, sending you 4
2024-10-15 01:57:16.135704 Uniform: Sierra and Hotel, sending you 1
2024-10-15 01:57:16.136996 Yankee: Kilo, sending you 2
2024-10-15 01:57:16.139654 Echo: Uniform, sending you 3
2024-10-15 01:57:16.140473 Oscar: Kilo, Yankee and Sierra, sending you 3
2024-10-15 01:57:16.140983 Yankee: Oscar, sending you 1
2024-10-15 01:57:16.142675 Hotel: Zulu, sending you 2
2024-10-15 01:57:16.144042 Sierra: Kilo, sending you 3
2024-10-15 01:57:16.144787 Echo: Sierra and Hotel, sending you 1
2024-10-15 01:57:16.145379 Oscar: Echo, sending you 1
2024-10-15 01:57:16.145991 Yankee: Sierra, sending you 4
2024-10-15 01:57:16.146668 Kilo: Zulu, sending you 2
2024-10-15 01:57:16.147134 Zulu: Kilo and Sierra, sending you 2
2024-10-15 01:57:16.148418 Hotel: Uniform, sending you 4
2024-10-15 01:57:16.149320 Foxtrot: Yankee, sending you 3
2024-10-15 01:57:16.149675 Sierra: Zulu and Uniform, sending you 2
2024-10-15 01:57:16.150557 Romeo: Kilo, Yankee, Sierra and Hotel, sending you 1
2024-10-15 01:57:16.151236 Oscar: Hotel, sending you 2
2024-10-15 01:57:16.152754 Zulu: Uniform and Echo, sending you 3
2024-10-15 01:57:16.153472 Yankee: Echo, sending you 3
2024-10-15 01:57:16.154026 Kilo: Uniform and Echo, sending you 1
2024-10-15 01:57:16.154489 Foxtrot: Romeo, sending you 2
2024-10-15 01:57:16.154952 Hotel: Echo, sending you 1
chatterbot Uniform submitting transactions
2024-10-15 01:57:16.155584 Sierra: Echo, sending you 4
2024-10-15 01:57:16.156910 Romeo: Echo, sending you 3
2024-10-15 01:57:16.157674 Zulu: Hotel, sending you 4
2024-10-15 01:57:16.158693 Kilo: Sierra, sending you 4
2024-10-15 01:57:16.161237 Sierra: Hotel, sending you 1
chatterbot Yankee submitting transactions
chatterbot Hotel submitting transactions
chatterbot Kilo submitting transactions
chatterbot Zulu submitting transactions
chatterbot Foxtrot submitting transactions
chatterbot Sierra submitting transactions
chatterbot Echo submitting transactions
chatterbot Oscar submitting transactions
chatterbot Romeo submitting transactions
ChatterBot Kilo round 2
ChatterBot Yankee round 2
ChatterBot Zulu round 2
ChatterBot Uniform round 2
ChatterBot Oscar round 2
ChatterBot Sierra round 2
ChatterBot Foxtrot round 2
ChatterBot Echo round 2
ChatterBot Hotel round 2
ChatterBot Romeo round 2
2024-10-15 01:57:17.354892 Yankee: Group up?
ChatterBot Oscar reevaluating
ChatterBot Foxtrot reevaluating
ChatterBot Romeo reevaluating
2024-10-15 01:57:17.369285 Oscar: No
2024-10-15 01:57:17.369905 Foxtrot: No
2024-10-15 01:57:17.370028 Romeo: No
ChatterBot Yankee reevaluating
ChatterBot Foxtrot reevaluating
ChatterBot Romeo reevaluating
ChatterBot Yankee reevaluating
ChatterBot Oscar reevaluating
ChatterBot Romeo reevaluating
ChatterBot Yankee reevaluating
ChatterBot Oscar reevaluating
ChatterBot Foxtrot reevaluating
2024-10-15 01:57:17.424253 Echo: We should add Romeo
ChatterBot Uniform reevaluating
ChatterBot Hotel reevaluating
ChatterBot Zulu reevaluating
ChatterBot Sierra reevaluating
ChatterBot Kilo reevaluating
2024-10-15 01:57:17.455884 Uniform: No
2024-10-15 01:57:17.456097 Hotel: No
2024-10-15 01:57:17.456230 Zulu: No
2024-10-15 01:57:17.456929 Sierra: No
2024-10-15 01:57:17.457071 Kilo: No
ChatterBot Hotel reevaluating
ChatterBot Echo reevaluating
ChatterBot Zulu reevaluating
ChatterBot Sierra reevaluating
ChatterBot Kilo reevaluating
ChatterBot Uniform reevaluating
ChatterBot Echo reevaluating
ChatterBot Zulu reevaluating
ChatterBot Sierra reevaluating
ChatterBot Kilo reevaluating
ChatterBot Uniform reevaluating
ChatterBot Hotel reevaluating
ChatterBot Echo reevaluating
ChatterBot Sierra reevaluating
ChatterBot Kilo reevaluating
ChatterBot Uniform reevaluating
ChatterBot Hotel reevaluating
ChatterBot Echo reevaluating
ChatterBot Zulu reevaluating
ChatterBot Kilo reevaluating
ChatterBot Uniform reevaluating
ChatterBot Hotel reevaluating
ChatterBot Echo reevaluating
ChatterBot Zulu reevaluating
ChatterBot Sierra reevaluating
2024-10-15 01:57:17.653834 Foxtrot: We should replace Romeo with Oscar
ChatterBot Yankee reevaluating
2024-10-15 01:57:17.659214 Yankee: No
ChatterBot Foxtrot reevaluating
2024-10-15 01:57:17.664901 Echo: We should add Yankee
ChatterBot Uniform reevaluating
ChatterBot Hotel reevaluating
ChatterBot Zulu reevaluating
ChatterBot Sierra reevaluating
ChatterBot Kilo reevaluating
2024-10-15 01:57:17.695211 Uniform: No
2024-10-15 01:57:17.695401 Hotel: No
2024-10-15 01:57:17.695544 Zulu: No
2024-10-15 01:57:17.695675 Sierra: No
2024-10-15 01:57:17.696318 Kilo: No
ChatterBot Hotel reevaluating
ChatterBot Echo reevaluating
ChatterBot Zulu reevaluating
ChatterBot Sierra reevaluating
ChatterBot Kilo reevaluating
ChatterBot Uniform reevaluating
ChatterBot Echo reevaluating
ChatterBot Zulu reevaluating
ChatterBot Sierra reevaluating
ChatterBot Kilo reevaluating
ChatterBot Uniform reevaluating
ChatterBot Hotel reevaluating
ChatterBot Echo reevaluating
ChatterBot Sierra reevaluating
ChatterBot Kilo reevaluating
ChatterBot Uniform reevaluating
ChatterBot Hotel reevaluating
ChatterBot Echo reevaluating
ChatterBot Zulu reevaluating
ChatterBot Kilo reevaluating
ChatterBot Uniform reevaluating
ChatterBot Hotel reevaluating
ChatterBot Echo reevaluating
ChatterBot Zulu reevaluating
ChatterBot Sierra reevaluating
2024-10-15 01:57:18.006523 Echo: We should drop Kilo
2024-10-15 01:57:18.028808 Sierra: No
2024-10-15 01:57:18.029246 Zulu: No
2024-10-15 01:57:18.029465 Uniform: No
2024-10-15 01:57:18.029678 Hotel: No
ChatterBot Echo reevaluating
ChatterBot Echo reevaluating
ChatterBot Echo reevaluating
ChatterBot Echo reevaluating
2024-10-15 01:57:18.154862 Foxtrot: Oscar we want you to join our group
2024-10-15 01:57:18.162266 Oscar: Yes
ChatterBot Yankee reevaluating
2024-10-15 01:57:18.184838 Oscar: Yankee, sending you 3
2024-10-15 01:57:18.185301 Romeo: Yankee and Oscar, sending you 2
2024-10-15 01:57:18.186240 Uniform: Kilo, sending you 1
2024-10-15 01:57:18.186787 Kilo: Zulu, sending you 3
2024-10-15 01:57:18.187139 Hotel: Kilo, Uniform and Echo, sending you 1
2024-10-15 01:57:18.188117 Sierra: Kilo, sending you 4
2024-10-15 01:57:18.189730 Romeo: Foxtrot, sending you 3
2024-10-15 01:57:18.190156 Uniform: Zulu, Sierra and Echo, sending you 2
2024-10-15 01:57:18.192229 Kilo: Uniform, sending you 2
2024-10-15 01:57:18.193688 Sierra: Zulu, sending you 3
2024-10-15 01:57:18.194757 Hotel: Zulu and Sierra, sending you 2
2024-10-15 01:57:18.196158 Uniform: Hotel, sending you 3
2024-10-15 01:57:18.198084 Foxtrot: Sending you each 3
2024-10-15 01:57:18.199373 Kilo: Sierra, sending you 4
2024-10-15 01:57:18.200282 Sierra: Uniform and Echo, sending you 2
2024-10-15 01:57:18.201786 Zulu: Kilo, Sierra and Hotel, sending you 2
2024-10-15 01:57:18.203723 Echo: Zulu, Uniform and Sierra, sending you 4
2024-10-15 01:57:18.205126 Yankee: Sending you each 5
2024-10-15 01:57:18.206589 Kilo: Echo, sending you 5
2024-10-15 01:57:18.208293 Echo: Hotel, sending you 2
2024-10-15 01:57:18.209098 Zulu: Uniform, sending you 3
2024-10-15 01:57:18.232027 Zulu: Echo, sending you 5
chatterbot Foxtrot submitting transactions
chatterbot Zulu submitting transactions
chatterbot Romeo submitting transactions
chatterbot Sierra submitting transactions
chatterbot Kilo submitting transactions
chatterbot Yankee submitting transactions
chatterbot Echo submitting transactions
chatterbot Oscar submitting transactions
chatterbot Yankee submitting transactions
chatterbot Uniform submitting transactions
chatterbot Hotel submitting transactions
ChatterBot Kilo round 3
ChatterBot Yankee round 3
ChatterBot Zulu round 3
ChatterBot Uniform round 3
ChatterBot Oscar round 3
2024-10-15 01:57:19.253567 Yankee: We should add Romeo
ChatterBot Oscar reevaluating
2024-10-15 01:57:19.268062 Foxtrot: No
2024-10-15 01:57:19.268395 Oscar: Yes
ChatterBot Oscar reevaluating
ChatterBot Foxtrot reevaluating
2024-10-15 01:57:19.293435 Oscar: We should add Hotel
ChatterBot Foxtrot reevaluating
ChatterBot Romeo reevaluating
2024-10-15 01:57:19.316761 Yankee: No
2024-10-15 01:57:19.317253 Foxtrot: No
2024-10-15 01:57:19.317637 Romeo: No
ChatterBot Oscar reevaluating
ChatterBot Foxtrot reevaluating
ChatterBot Romeo reevaluating
ChatterBot Oscar reevaluating
ChatterBot Romeo reevaluating
ChatterBot Oscar reevaluating
ChatterBot Foxtrot reevaluating
ChatterBot Sierra round 3
ChatterBot Foxtrot round 3
ChatterBot Echo round 3
ChatterBot Hotel round 3
ChatterBot Romeo round 3
2024-10-15 01:57:19.388647 Oscar: We should add Kilo
ChatterBot Foxtrot reevaluating
ChatterBot Romeo reevaluating
2024-10-15 01:57:19.402235 Yankee: No
2024-10-15 01:57:19.402427 Foxtrot: No
2024-10-15 01:57:19.402573 Romeo: No
ChatterBot Oscar reevaluating
ChatterBot Foxtrot reevaluating
ChatterBot Romeo reevaluating
ChatterBot Oscar reevaluating
ChatterBot Romeo reevaluating
ChatterBot Oscar reevaluating
ChatterBot Foxtrot reevaluating
2024-10-15 01:57:19.446213 Yankee: Romeo we want you to join our group
ChatterBot Romeo reevaluating
2024-10-15 01:57:19.451279 Romeo: Yes
ChatterBot Oscar reevaluating
ChatterBot Foxtrot reevaluating
2024-10-15 01:57:19.477562 Echo: We should add Kilo
2024-10-15 01:57:19.487992 Sierra: Yes
2024-10-15 01:57:19.488167 Zulu: Yes
2024-10-15 01:57:19.488282 Uniform: Yes
2024-10-15 01:57:19.488388 Hotel: Yes
2024-10-15 01:57:19.525775 Echo: Kilo we want you to join our group
2024-10-15 01:57:19.529058 Kilo: Yes
2024-10-15 01:57:19.541152 Zulu: Kilo, Uniform and Sierra, sending you 3
2024-10-15 01:57:19.541538 Kilo: Zulu and Echo, sending you 3
2024-10-15 01:57:19.544678 Zulu: Echo, sending you 4
2024-10-15 01:57:19.545249 Oscar: Yankee and Foxtrot, sending you 3
2024-10-15 01:57:19.545729 Romeo: Yankee and Oscar, sending you 2
2024-10-15 01:57:19.546733 Kilo: Uniform, sending you 2
2024-10-15 01:57:19.547485 Yankee: Oscar and Foxtrot, sending you 4
2024-10-15 01:57:19.547868 Hotel: Kilo, Sierra and Echo, sending you 1
2024-10-15 01:57:19.548951 Foxtrot: Yankee and Romeo, sending you 3
2024-10-15 01:57:19.549327 Sierra: Kilo and Echo, sending you 3
2024-10-15 01:57:19.549916 Uniform: Kilo, Zulu, Sierra and Hotel, sending you 2
2024-10-15 01:57:19.551089 Zulu: Hotel, sending you 1
2024-10-15 01:57:19.551745 Oscar: Romeo, sending you 2
2024-10-15 01:57:19.552091 Romeo: Foxtrot, sending you 3
2024-10-15 01:57:19.553005 Kilo: Sierra, sending you 5
2024-10-15 01:57:19.553578 Yankee: Romeo, sending you 2
2024-10-15 01:57:19.553964 Hotel: Zulu and Uniform, sending you 2
2024-10-15 01:57:19.555126 Sierra: Zulu and Uniform, sending you 2
2024-10-15 01:57:19.555775 Echo: Kilo, Zulu, Uniform and Sierra, sending you 3
2024-10-15 01:57:19.557094 Uniform: Echo, sending you 3
2024-10-15 01:57:19.557761 Kilo: Hotel, sending you 1
2024-10-15 01:57:19.560694 Sierra: Hotel, sending you 1
2024-10-15 01:57:19.561376 Echo: Hotel, sending you 2
chatterbot Kilo submitting transactions
chatterbot Hotel submitting transactions
chatterbot Zulu submitting transactions
chatterbot Uniform submitting transactions
chatterbot Foxtrot submitting transactions
chatterbot Sierra submitting transactions
chatterbot Yankee submitting transactions
chatterbot Echo submitting transactions
chatterbot Romeo submitting transactions
chatterbot Oscar submitting transactions
ChatterBot Kilo round 4
ChatterBot Yankee round 4
ChatterBot Zulu round 4
ChatterBot Uniform round 4
ChatterBot Oscar round 4
ChatterBot Sierra round 4
ChatterBot Foxtrot round 4
ChatterBot Echo round 4
ChatterBot Hotel round 4
ChatterBot Romeo round 4
2024-10-15 01:57:20.782345 Yankee: Oscar and Foxtrot, sending you 4
2024-10-15 01:57:20.783679 Sierra: Kilo and Echo, sending you 3
2024-10-15 01:57:20.785277 Oscar: Yankee and Romeo, sending you 3
2024-10-15 01:57:20.786752 Yankee: Romeo, sending you 2
2024-10-15 01:57:20.787336 Kilo: Zulu and Echo, sending you 3
2024-10-15 01:57:20.789162 Uniform: Kilo, Zulu, Sierra and Hotel, sending you 2
2024-10-15 01:57:20.790018 Hotel: Kilo, Sierra and Echo, sending you 1
2024-10-15 01:57:20.791459 Zulu: Kilo, Uniform and Sierra, sending you 3
2024-10-15 01:57:20.792397 Sierra: Zulu and Uniform, sending you 2
2024-10-15 01:57:20.794320 Oscar: Foxtrot, sending you 2
2024-10-15 01:57:20.795858 Kilo: Uniform, sending you 2
2024-10-15 01:57:20.796894 Uniform: Echo, sending you 3
2024-10-15 01:57:20.798433 Hotel: Zulu and Uniform, sending you 2
2024-10-15 01:57:20.800382 Zulu: Echo, sending you 4
2024-10-15 01:57:20.801700 Sierra: Hotel, sending you 1
2024-10-15 01:57:20.803132 Romeo: Yankee and Oscar, sending you 2
2024-10-15 01:57:20.803825 Echo: Kilo, Zulu, Uniform and Sierra, sending you 3
2024-10-15 01:57:20.805895 Kilo: Sierra, sending you 5
2024-10-15 01:57:20.806729 Foxtrot: Yankee, sending you 3
2024-10-15 01:57:20.808316 Zulu: Hotel, sending you 1
2024-10-15 01:57:20.809318 Romeo: Foxtrot, sending you 3
2024-10-15 01:57:20.810005 Echo: Hotel, sending you 2
2024-10-15 01:57:20.811565 Foxtrot: Oscar, sending you 1
2024-10-15 01:57:20.812243 Kilo: Hotel, sending you 1
2024-10-15 01:57:20.814686 Foxtrot: Romeo, sending you 2
chatterbot Hotel submitting transactions
chatterbot Oscar submitting transactions
chatterbot Foxtrot submitting transactions
chatterbot Uniform submitting transactions
chatterbot Zulu submitting transactions
chatterbot Sierra submitting transactions
chatterbot Kilo submitting transactions
chatterbot Yankee submitting transactions
chatterbot Romeo submitting transactions
chatterbot Echo submitting transactions
ChatterBot Kilo round 5
ChatterBot Yankee round 5
ChatterBot Zulu round 5
ChatterBot Uniform round 5
ChatterBot Oscar round 5
ChatterBot Sierra round 5
ChatterBot Foxtrot round 5
ChatterBot Echo round 5
ChatterBot Hotel round 5
ChatterBot Romeo round 5
2024-10-15 01:57:22.059668 Uniform: Kilo, Zulu, Sierra and Hotel, sending you 2
2024-10-15 01:57:22.060544 Yankee: Oscar and Foxtrot, sending you 4
2024-10-15 01:57:22.061644 Zulu: Kilo, Uniform and Sierra, sending you 3
2024-10-15 01:57:22.063682 Uniform: Echo, sending you 3
2024-10-15 01:57:22.064674 Zulu: Echo, sending you 4
2024-10-15 01:57:22.065091 Oscar: Yankee and Romeo, sending you 3
2024-10-15 01:57:22.065949 Yankee: Romeo, sending you 2
2024-10-15 01:57:22.068106 Romeo: Yankee and Oscar, sending you 2
2024-10-15 01:57:22.068727 Sierra: Kilo and Echo, sending you 3
2024-10-15 01:57:22.069717 Zulu: Hotel, sending you 1
2024-10-15 01:57:22.071291 Foxtrot: Yankee, sending you 3
2024-10-15 01:57:22.071856 Echo: Kilo, Zulu, Uniform and Sierra, sending you 3
2024-10-15 01:57:22.072706 Hotel: Kilo, Zulu and Sierra, sending you 1
2024-10-15 01:57:22.074058 Oscar: Foxtrot, sending you 2
2024-10-15 01:57:22.074537 Kilo: Zulu and Echo, sending you 3
2024-10-15 01:57:22.076106 Sierra: Zulu and Uniform, sending you 2
2024-10-15 01:57:22.076974 Romeo: Foxtrot, sending you 3
2024-10-15 01:57:22.077433 Foxtrot: Oscar, sending you 1
2024-10-15 01:57:22.077899 Echo: Hotel, sending you 2
2024-10-15 01:57:22.079183 Hotel: Uniform and Echo, sending you 2
2024-10-15 01:57:22.079774 Sierra: Hotel, sending you 1
2024-10-15 01:57:22.080693 Kilo: Uniform, sending you 2
2024-10-15 01:57:22.082694 Foxtrot: Romeo, sending you 2
2024-10-15 01:57:22.086682 Kilo: Sierra, sending you 5
2024-10-15 01:57:22.091673 Kilo: Hotel, sending you 1
chatterbot Yankee submitting transactions
chatterbot Echo submitting transactions
chatterbot Sierra submitting transactions
chatterbot Zulu submitting transactions
chatterbot Romeo submitting transactions
chatterbot Uniform submitting transactions
chatterbot Oscar submitting transactions
chatterbot Kilo submitting transactions
chatterbot Hotel submitting transactions
chatterbot Foxtrot submitting transactions
ChatterBot Kilo round 6
ChatterBot Yankee round 6
ChatterBot Zulu round 6
ChatterBot Uniform round 6
ChatterBot Oscar round 6
ChatterBot Sierra round 6
ChatterBot Foxtrot round 6
ChatterBot Echo round 6
ChatterBot Hotel round 6
ChatterBot Romeo round 6
2024-10-15 01:57:23.178895 Zulu: We should drop Hotel
2024-10-15 01:57:23.189633 Kilo: No
2024-10-15 01:57:23.189838 Uniform: No
2024-10-15 01:57:23.190932 Sierra: No
2024-10-15 01:57:23.191068 Echo: No
ChatterBot Zulu reevaluating
ChatterBot Zulu reevaluating
ChatterBot Zulu reevaluating
ChatterBot Zulu reevaluating
2024-10-15 01:57:23.248156 Oscar: Yankee and Romeo, sending you 3
2024-10-15 01:57:23.248662 Uniform: Kilo, Zulu, Sierra and Hotel, sending you 2
2024-10-15 01:57:23.249409 Yankee: Oscar and Foxtrot, sending you 4
2024-10-15 01:57:23.249784 Kilo: Zulu and Echo, sending you 3
2024-10-15 01:57:23.250946 Echo: Kilo, Zulu, Uniform and Sierra, sending you 3
2024-10-15 01:57:23.251706 Uniform: Echo, sending you 3
2024-10-15 01:57:23.253268 Yankee: Romeo, sending you 2
2024-10-15 01:57:23.253860 Oscar: Foxtrot, sending you 2
2024-10-15 01:57:23.254416 Kilo: Uniform, sending you 2
2024-10-15 01:57:23.255699 Echo: Hotel, sending you 2
2024-10-15 01:57:23.256684 Romeo: Yankee and Oscar, sending you 2
2024-10-15 01:57:23.259664 Kilo: Sierra, sending you 5
2024-10-15 01:57:23.261940 Foxtrot: Yankee, sending you 3
2024-10-15 01:57:23.262686 Romeo: Foxtrot, sending you 3
2024-10-15 01:57:23.264319 Sierra: Kilo and Echo, sending you 3
2024-10-15 01:57:23.265035 Kilo: Hotel, sending you 1
2024-10-15 01:57:23.266676 Foxtrot: Oscar, sending you 1
2024-10-15 01:57:23.267686 Hotel: Kilo, Zulu and Sierra, sending you 1
2024-10-15 01:57:23.269229 Sierra: Zulu and Uniform, sending you 2
2024-10-15 01:57:23.270030 Foxtrot: Romeo, sending you 2
2024-10-15 01:57:23.271429 Zulu: Kilo, Uniform and Sierra, sending you 3
2024-10-15 01:57:23.272721 Sierra: Hotel, sending you 1
2024-10-15 01:57:23.274433 Hotel: Uniform and Echo, sending you 2
2024-10-15 01:57:23.275845 Zulu: Echo, sending you 4
2024-10-15 01:57:23.280694 Zulu: Hotel, sending you 1
chatterbot Yankee submitting transactions
chatterbot Echo submitting transactions
chatterbot Hotel submitting transactions
chatterbot Foxtrot submitting transactions
chatterbot Sierra submitting transactions
chatterbot Zulu submitting transactions
chatterbot Uniform submitting transactions
chatterbot Romeo submitting transactions
chatterbot Kilo submitting transactions
chatterbot Oscar submitting transactions
ChatterBot Kilo round 7
ChatterBot Yankee round 7
ChatterBot Zulu round 7
ChatterBot Uniform round 7
ChatterBot Oscar round 7
ChatterBot Sierra round 7
ChatterBot Foxtrot round 7
ChatterBot Echo round 7
ChatterBot Hotel round 7
ChatterBot Romeo round 7
2024-10-15 01:57:24.336673 Uniform: Kilo, Zulu, Sierra and Hotel, sending you 2
2024-10-15 01:57:24.338665 Zulu: Kilo, Uniform and Sierra, sending you 3
2024-10-15 01:57:24.339656 Uniform: Echo, sending you 3
2024-10-15 01:57:24.341661 Zulu: Echo, sending you 4
2024-10-15 01:57:24.343669 Oscar: Yankee and Romeo, sending you 3
2024-10-15 01:57:24.345666 Echo: Kilo, Zulu, Uniform and Sierra, sending you 3
2024-10-15 01:57:24.346678 Zulu: Hotel, sending you 1
2024-10-15 01:57:24.347237 Romeo: Yankee and Foxtrot, sending you 2
2024-10-15 01:57:24.348655 Oscar: Foxtrot, sending you 2
2024-10-15 01:57:24.349659 Hotel: Kilo, Zulu and Sierra, sending you 1
2024-10-15 01:57:24.351330 Echo: Hotel, sending you 2
2024-10-15 01:57:24.352089 Sierra: Kilo and Echo, sending you 3
2024-10-15 01:57:24.352791 Romeo: Oscar, sending you 3
2024-10-15 01:57:24.353222 Yankee: Oscar and Foxtrot, sending you 4
2024-10-15 01:57:24.353670 Kilo: Zulu and Echo, sending you 3
2024-10-15 01:57:24.354688 Hotel: Uniform and Echo, sending you 2
2024-10-15 01:57:24.356669 Sierra: Zulu and Uniform, sending you 2
2024-10-15 01:57:24.357218 Yankee: Romeo, sending you 2
2024-10-15 01:57:24.357551 Kilo: Uniform, sending you 2
2024-10-15 01:57:24.358087 Foxtrot: Yankee, sending you 3
2024-10-15 01:57:24.360664 Kilo: Sierra, sending you 5
2024-10-15 01:57:24.361198 Foxtrot: Oscar and Romeo, sending you 2
2024-10-15 01:57:24.361671 Sierra: Hotel, sending you 1
2024-10-15 01:57:24.364660 Kilo: Hotel, sending you 1
chatterbot Zulu submitting transactions
chatterbot Echo submitting transactions
chatterbot Yankee submitting transactions
chatterbot Kilo submitting transactions
chatterbot Oscar submitting transactions
chatterbot Hotel submitting transactions
chatterbot Uniform submitting transactions
chatterbot Sierra submitting transactions
chatterbot Romeo submitting transactions
chatterbot Foxtrot submitting transactions
ChatterBot Kilo round 8
ChatterBot Yankee round 8
ChatterBot Zulu round 8
ChatterBot Uniform round 8
ChatterBot Oscar round 8
ChatterBot Sierra round 8
ChatterBot Foxtrot round 8
ChatterBot Echo round 8
ChatterBot Hotel round 8
ChatterBot Romeo round 8
2024-10-15 01:57:25.642698 Uniform: Kilo, Zulu, Sierra and Hotel, sending you 2
2024-10-15 01:57:25.643596 Yankee: Oscar and Foxtrot, sending you 4
2024-10-15 01:57:25.644687 Zulu: Kilo, Uniform and Sierra, sending you 3
2024-10-15 01:57:25.645774 Oscar: Sending you each 3
2024-10-15 01:57:25.646713 Uniform: Echo, sending you 3
2024-10-15 01:57:25.647828 Yankee: Romeo, sending you 2
2024-10-15 01:57:25.649678 Zulu: Echo, sending you 4
2024-10-15 01:57:25.652701 Kilo: Zulu and Echo, sending you 3
2024-10-15 01:57:25.653763 Zulu: Hotel, sending you 1
2024-10-15 01:57:25.658593 Sierra: Kilo and Echo, sending you 3
2024-10-15 01:57:25.660174 Echo: Kilo, Zulu, Uniform and Sierra, sending you 3
2024-10-15 01:57:25.663107 Kilo: Uniform, sending you 2
2024-10-15 01:57:25.664769 Romeo: Yankee and Foxtrot, sending you 2
2024-10-15 01:57:25.665738 Sierra: Zulu and Uniform, sending you 2
2024-10-15 01:57:25.668495 Echo: Hotel, sending you 2
2024-10-15 01:57:25.670591 Foxtrot: Yankee, sending you 3
2024-10-15 01:57:25.671485 Kilo: Sierra, sending you 5
2024-10-15 01:57:25.674204 Romeo: Oscar, sending you 3
2024-10-15 01:57:25.675038 Hotel: Kilo, Zulu and Sierra, sending you 1
2024-10-15 01:57:25.677795 Sierra: Hotel, sending you 1
2024-10-15 01:57:25.683026 Foxtrot: Oscar and Romeo, sending you 2
2024-10-15 01:57:25.683665 Kilo: Hotel, sending you 1
2024-10-15 01:57:25.685625 Hotel: Uniform and Echo, sending you 2
chatterbot Sierra submitting transactions
chatterbot Echo submitting transactions
chatterbot Hotel submitting transactions
chatterbot Yankee submitting transactions
chatterbot Foxtrot submitting transactions
chatterbot Uniform submitting transactions
chatterbot Oscar submitting transactions
chatterbot Kilo submitting transactions
chatterbot Romeo submitting transactions
chatterbot Zulu submitting transactions
ChatterBot Kilo round 9
ChatterBot Yankee round 9
ChatterBot Zulu round 9
ChatterBot Uniform round 9
ChatterBot Oscar round 9
ChatterBot Sierra round 9
ChatterBot Foxtrot round 9
ChatterBot Echo round 9
ChatterBot Hotel round 9
ChatterBot Romeo round 9
2024-10-15 01:57:26.872694 Oscar: Same as last round
2024-10-15 01:57:26.876680 Zulu: Kilo, Uniform and Sierra, sending you 3
2024-10-15 01:57:26.877675 Kilo: Zulu and Echo, sending you 3
2024-10-15 01:57:26.878697 Sierra: Kilo and Echo, sending you 3
2024-10-15 01:57:26.879971 Uniform: Kilo, Zulu, Sierra and Hotel, sending you 2
2024-10-15 01:57:26.881650 Zulu: Echo, sending you 4
2024-10-15 01:57:26.883658 Kilo: Uniform, sending you 2
2024-10-15 01:57:26.884633 Yankee: Oscar and Foxtrot, sending you 4
2024-10-15 01:57:26.885015 Hotel: Kilo, Zulu and Sierra, sending you 1
2024-10-15 01:57:26.885652 Sierra: Zulu and Uniform, sending you 2
2024-10-15 01:57:26.886223 Uniform: Echo, sending you 3
2024-10-15 01:57:26.886857 Zulu: Hotel, sending you 1
2024-10-15 01:57:26.887665 Romeo: Yankee and Foxtrot, sending you 2
2024-10-15 01:57:26.888115 Yankee: Romeo, sending you 2
2024-10-15 01:57:26.889693 Kilo: Sierra, sending you 5
2024-10-15 01:57:26.890524 Sierra: Hotel, sending you 1
2024-10-15 01:57:26.891347 Hotel: Uniform and Echo, sending you 2
2024-10-15 01:57:26.892163 Romeo: Oscar, sending you 3
2024-10-15 01:57:26.893665 Echo: Kilo, Zulu, Uniform and Sierra, sending you 3
2024-10-15 01:57:26.894653 Kilo: Hotel, sending you 1
2024-10-15 01:57:26.895663 Foxtrot: Yankee, sending you 3
2024-10-15 01:57:26.897662 Echo: Hotel, sending you 2
2024-10-15 01:57:26.900679 Foxtrot: Oscar and Romeo, sending you 2
chatterbot Romeo submitting transactions
chatterbot Echo submitting transactions
chatterbot Yankee submitting transactions
chatterbot Kilo submitting transactions
chatterbot Foxtrot submitting transactions
chatterbot Oscar submitting transactions
chatterbot Uniform submitting transactions
chatterbot Zulu submitting transactions
chatterbot Sierra submitting transactions
chatterbot Hotel submitting transactions
ChatterBot Kilo round 10
ChatterBot Yankee round 10
ChatterBot Zulu round 10
ChatterBot Uniform round 10
ChatterBot Oscar round 10
ChatterBot Sierra round 10
ChatterBot Foxtrot round 10
ChatterBot Echo round 10
ChatterBot Hotel round 10
ChatterBot Romeo round 10
2024-10-15 01:57:28.012388 Zulu: We should drop Hotel
2024-10-15 01:57:28.021130 Kilo: No
2024-10-15 01:57:28.021290 Uniform: No
2024-10-15 01:57:28.021409 Sierra: No
2024-10-15 01:57:28.021528 Echo: No
ChatterBot Zulu reevaluating
ChatterBot Zulu reevaluating
ChatterBot Zulu reevaluating
ChatterBot Zulu reevaluating
2024-10-15 01:57:28.062657 Kilo: Zulu and Echo, sending you 3
2024-10-15 01:57:28.065670 Kilo: Uniform, sending you 2
2024-10-15 01:57:28.068646 Kilo: Sierra, sending you 5
2024-10-15 01:57:28.069688 Echo: Kilo, Zulu, Uniform and Sierra, sending you 3
2024-10-15 01:57:28.071688 Foxtrot: Yankee, sending you 3
2024-10-15 01:57:28.072344 Zulu: Kilo, Uniform and Sierra, sending you 3
2024-10-15 01:57:28.073562 Kilo: Hotel, sending you 1
2024-10-15 01:57:28.074263 Echo: Hotel, sending you 2
2024-10-15 01:57:28.075224 Foxtrot: Oscar and Romeo, sending you 2
2024-10-15 01:57:28.075698 Oscar: Same as last round
2024-10-15 01:57:28.076658 Zulu: Echo, sending you 4
2024-10-15 01:57:28.077388 Sierra: Kilo and Echo, sending you 3
2024-10-15 01:57:28.079666 Zulu: Hotel, sending you 1
2024-10-15 01:57:28.080650 Yankee: Oscar and Foxtrot, sending you 4
2024-10-15 01:57:28.081058 Uniform: Kilo, Zulu, Sierra and Hotel, sending you 2
2024-10-15 01:57:28.081788 Romeo: Yankee and Foxtrot, sending you 2
2024-10-15 01:57:28.082823 Sierra: Zulu and Uniform, sending you 2
2024-10-15 01:57:28.083476 Hotel: Kilo, Zulu and Sierra, sending you 1
2024-10-15 01:57:28.085671 Yankee: Romeo, sending you 2
2024-10-15 01:57:28.086070 Sierra: Hotel, sending you 1
2024-10-15 01:57:28.087236 Uniform: Echo, sending you 3
2024-10-15 01:57:28.088255 Romeo: Oscar, sending you 3
2024-10-15 01:57:28.088659 Hotel: Uniform and Echo, sending you 2
chatterbot Echo submitting transactions
chatterbot Yankee submitting transactions
chatterbot Foxtrot submitting transactions
chatterbot Kilo submitting transactions
chatterbot Sierra submitting transactions
chatterbot Romeo submitting transactions
chatterbot Hotel submitting transactions
chatterbot Uniform submitting transactions
chatterbot Zulu submitting transactions
chatterbot Oscar submitting transactions
ChatterBot Kilo round 11
ChatterBot Yankee round 11
ChatterBot Zulu round 11
ChatterBot Uniform round 11
ChatterBot Oscar round 11
ChatterBot Sierra round 11
ChatterBot Foxtrot round 11
2024-10-15 01:57:29.147427 Oscar: We should add Zulu
2024-10-15 01:57:29.155834 Yankee: No
2024-10-15 01:57:29.156033 Foxtrot: No
2024-10-15 01:57:29.156195 Romeo: No
ChatterBot Oscar reevaluating
ChatterBot Oscar reevaluating
ChatterBot Oscar reevaluating
ChatterBot Echo round 11
ChatterBot Hotel round 11
ChatterBot Romeo round 11
2024-10-15 01:57:29.191467 Oscar: We should add Uniform
2024-10-15 01:57:29.199521 Yankee: No
2024-10-15 01:57:29.199669 Foxtrot: No
2024-10-15 01:57:29.199783 Romeo: No
ChatterBot Oscar reevaluating
ChatterBot Oscar reevaluating
ChatterBot Oscar reevaluating
2024-10-15 01:57:29.226688 Zulu: Kilo, Uniform and Sierra, sending you 3
2024-10-15 01:57:29.227832 Uniform: Kilo, Zulu, Sierra and Hotel, sending you 2
2024-10-15 01:57:29.228747 Yankee: Oscar and Foxtrot, sending you 4
2024-10-15 01:57:29.231663 Zulu: Echo, sending you 4
2024-10-15 01:57:29.232505 Yankee: Romeo, sending you 2
2024-10-15 01:57:29.233683 Uniform: Echo, sending you 3
2024-10-15 01:57:29.234697 Kilo: Zulu and Echo, sending you 3
2024-10-15 01:57:29.235912 Zulu: Hotel, sending you 1
2024-10-15 01:57:29.236689 Echo: Kilo, Zulu, Uniform and Sierra, sending you 3
2024-10-15 01:57:29.239676 Sierra: Kilo and Echo, sending you 3
2024-10-15 01:57:29.240937 Kilo: Uniform, sending you 2
2024-10-15 01:57:29.241650 Echo: Hotel, sending you 2
2024-10-15 01:57:29.242322 Foxtrot: Yankee, sending you 3
2024-10-15 01:57:29.244020 Sierra: Zulu and Uniform, sending you 2
2024-10-15 01:57:29.245658 Kilo: Sierra, sending you 5
2024-10-15 01:57:29.247663 Foxtrot: Oscar and Romeo, sending you 2
2024-10-15 01:57:29.248199 Oscar: Same as last round
2024-10-15 01:57:29.248713 Romeo: Yankee and Foxtrot, sending you 2
2024-10-15 01:57:29.249041 Sierra: Hotel, sending you 1
2024-10-15 01:57:29.251137 Kilo: Hotel, sending you 1
2024-10-15 01:57:29.253671 Romeo: Oscar, sending you 3
2024-10-15 01:57:29.255684 Hotel: Kilo, Zulu and Sierra, sending you 1
2024-10-15 01:57:29.259669 Hotel: Uniform and Echo, sending you 2
chatterbot Foxtrot submitting transactions
chatterbot Zulu submitting transactions
chatterbot Sierra submitting transactions
chatterbot Yankee submitting transactions
chatterbot Hotel submitting transactions
chatterbot Kilo submitting transactions
chatterbot Romeo submitting transactions
chatterbot Uniform submitting transactions
chatterbot Echo submitting transactions
chatterbot Oscar submitting transactions
ChatterBot Kilo round 12
ChatterBot Yankee round 12
ChatterBot Zulu round 12
ChatterBot Uniform round 12
ChatterBot Oscar round 12
ChatterBot Sierra round 12
ChatterBot Foxtrot round 12
ChatterBot Echo round 12
ChatterBot Hotel round 12
ChatterBot Romeo round 12
2024-10-15 01:57:30.371834 Zulu: We should drop Hotel
2024-10-15 01:57:30.380049 Kilo: No
2024-10-15 01:57:30.380239 Uniform: No
2024-10-15 01:57:30.380373 Sierra: No
2024-10-15 01:57:30.380500 Echo: No
ChatterBot Zulu reevaluating
ChatterBot Zulu reevaluating
ChatterBot Zulu reevaluating
ChatterBot Zulu reevaluating
2024-10-15 01:57:30.413682 Foxtrot: Yankee, sending you 3
2024-10-15 01:57:30.414451 Yankee: Oscar and Foxtrot, sending you 4
2024-10-15 01:57:30.415517 Echo: Kilo, Zulu, Uniform and Sierra, sending you 3
2024-10-15 01:57:30.416999 Uniform: Kilo, Zulu, Sierra and Hotel, sending you 2
2024-10-15 01:57:30.418443 Kilo: Zulu and Echo, sending you 3
2024-10-15 01:57:30.419896 Oscar: Same as last round
2024-10-15 01:57:30.420417 Foxtrot: Oscar and Romeo, sending you 2
2024-10-15 01:57:30.421011 Yankee: Romeo, sending you 2
2024-10-15 01:57:30.421590 Echo: Hotel, sending you 2
2024-10-15 01:57:30.422762 Uniform: Echo, sending you 3
2024-10-15 01:57:30.424673 Kilo: Uniform, sending you 2
2024-10-15 01:57:30.425831 Hotel: Kilo, Zulu and Sierra, sending you 1
2024-10-15 01:57:30.427672 Romeo: Yankee and Foxtrot, sending you 2
2024-10-15 01:57:30.430708 Kilo: Sierra, sending you 5
2024-10-15 01:57:30.431698 Hotel: Uniform and Echo, sending you 2
2024-10-15 01:57:30.432537 Sierra: Kilo and Echo, sending you 3
2024-10-15 01:57:30.433275 Romeo: Oscar, sending you 3
2024-10-15 01:57:30.435667 Kilo: Hotel, sending you 1
2024-10-15 01:57:30.437662 Sierra: Zulu and Uniform, sending you 2
2024-10-15 01:57:30.438574 Zulu: Kilo, Uniform and Sierra, sending you 3
2024-10-15 01:57:30.440666 Sierra: Hotel, sending you 1
2024-10-15 01:57:30.443673 Zulu: Echo, sending you 4
2024-10-15 01:57:30.449719 Zulu: Hotel, sending you 1
chatterbot Yankee submitting transactions
chatterbot Echo submitting transactions
chatterbot Kilo submitting transactions
chatterbot Hotel submitting transactions
chatterbot Romeo submitting transactions
chatterbot Zulu submitting transactions
chatterbot Sierra submitting transactions
chatterbot Uniform submitting transactions
chatterbot Foxtrot submitting transactions
chatterbot Oscar submitting transactions
ChatterBot Kilo round 13
ChatterBot Yankee round 13
ChatterBot Zulu round 13
ChatterBot Uniform round 13
ChatterBot Oscar round 13
ChatterBot Sierra round 13
ChatterBot Foxtrot round 13
ChatterBot Echo round 13
ChatterBot Hotel round 13
ChatterBot Romeo round 13
2024-10-15 01:57:31.497720 Oscar: We should drop Foxtrot
ChatterBot Yankee reevaluating
2024-10-15 01:57:31.503427 Yankee: Yes
2024-10-15 01:57:31.503764 Romeo: No
ChatterBot Oscar reevaluating
ChatterBot Oscar reevaluating
ChatterBot Yankee reevaluating
2024-10-15 01:57:31.519718 Kilo: Zulu and Echo, sending you 3
2024-10-15 01:57:31.525684 Kilo: Uniform, sending you 2
2024-10-15 01:57:31.527671 Foxtrot: Yankee, sending you 3
2024-10-15 01:57:31.530683 Kilo: Sierra, sending you 5
2024-10-15 01:57:31.532207 Foxtrot: Oscar and Romeo, sending you 2
2024-10-15 01:57:31.533425 Uniform: Kilo, Zulu, Sierra and Hotel, sending you 2
2024-10-15 01:57:31.535392 Zulu: Kilo, Uniform and Sierra, sending you 3
2024-10-15 01:57:31.536664 Romeo: Yankee and Foxtrot, sending you 2
2024-10-15 01:57:31.537764 Kilo: Hotel, sending you 1
2024-10-15 01:57:31.539011 Echo: Kilo, Zulu, Uniform and Sierra, sending you 3
2024-10-15 01:57:31.540834 Uniform: Echo, sending you 3
2024-10-15 01:57:31.542481 Hotel: Kilo, Zulu and Sierra, sending you 1
2024-10-15 01:57:31.543760 Sierra: Kilo and Echo, sending you 3
2024-10-15 01:57:31.545542 Zulu: Echo, sending you 4
2024-10-15 01:57:31.547350 Romeo: Oscar, sending you 3
2024-10-15 01:57:31.548073 Echo: Hotel, sending you 2
2024-10-15 01:57:31.549358 Oscar: Same as last round
2024-10-15 01:57:31.550662 Hotel: Uniform and Echo, sending you 2
2024-10-15 01:57:31.552020 Sierra: Zulu and Uniform, sending you 2
2024-10-15 01:57:31.553987 Zulu: Hotel, sending you 1
2024-10-15 01:57:31.556046 Yankee: Oscar and Foxtrot, sending you 4
2024-10-15 01:57:31.557831 Sierra: Hotel, sending you 1
2024-10-15 01:57:31.559711 Yankee: Romeo, sending you 2
chatterbot Echo submitting transactions
chatterbot Zulu submitting transactions
chatterbot Uniform submitting transactions
chatterbot Yankee submitting transactions
chatterbot Sierra submitting transactions
chatterbot Romeo submitting transactions
chatterbot Kilo submitting transactions
chatterbot Hotel submitting transactions
chatterbot Foxtrot submitting transactions
chatterbot Oscar submitting transactions
ChatterBot Kilo round 14
ChatterBot Yankee round 14
ChatterBot Zulu round 14
ChatterBot Uniform round 14
ChatterBot Oscar round 14
ChatterBot Sierra round 14
ChatterBot Foxtrot round 14
ChatterBot Echo round 14
ChatterBot Hotel round 14
ChatterBot Romeo round 14
2024-10-15 01:57:32.740621 Oscar: We should drop Foxtrot
ChatterBot Yankee reevaluating
2024-10-15 01:57:32.748006 Yankee: Yes
2024-10-15 01:57:32.748261 Romeo: No
ChatterBot Oscar reevaluating
ChatterBot Oscar reevaluating
ChatterBot Yankee reevaluating
2024-10-15 01:57:32.766702 Sierra: Kilo and Echo, sending you 3
2024-10-15 01:57:32.772745 Sierra: Zulu and Uniform, sending you 2
2024-10-15 01:57:32.776690 Sierra: Hotel, sending you 1
2024-10-15 01:57:32.778001 Kilo: Zulu, sending you 3
2024-10-15 01:57:32.782158 Zulu: Kilo, Uniform and Sierra, sending you 3
2024-10-15 01:57:32.783635 Kilo: Uniform, sending you 2
2024-10-15 01:57:32.785289 Hotel: Kilo, Zulu and Sierra, sending you 1
2024-10-15 01:57:32.786355 Echo: Kilo, Zulu, Uniform and Sierra, sending you 3
2024-10-15 01:57:32.788067 Romeo: Yankee and Foxtrot, sending you 2
2024-10-15 01:57:32.788735 Uniform: Kilo, Zulu, Sierra and Hotel, sending you 2
2024-10-15 01:57:32.789888 Zulu: Echo, sending you 4
2024-10-15 01:57:32.791506 Foxtrot: Yankee, sending you 3
2024-10-15 01:57:32.792044 Oscar: Same as last round
2024-10-15 01:57:32.792623 Kilo: Sierra and Echo, sending you 4
2024-10-15 01:57:32.793691 Hotel: Uniform and Echo, sending you 2
2024-10-15 01:57:32.795712 Echo: Hotel, sending you 2
2024-10-15 01:57:32.796844 Yankee: Oscar and Foxtrot, sending you 4
2024-10-15 01:57:32.797436 Romeo: Oscar, sending you 3
2024-10-15 01:57:32.797944 Uniform: Echo, sending you 3
2024-10-15 01:57:32.799451 Zulu: Hotel, sending you 1
2024-10-15 01:57:32.800514 Foxtrot: Oscar and Romeo, sending you 2
2024-10-15 01:57:32.801056 Kilo: Hotel, sending you 1
2024-10-15 01:57:32.802848 Yankee: Romeo, sending you 2
chatterbot Uniform submitting transactions
chatterbot Romeo submitting transactions
chatterbot Kilo submitting transactions
chatterbot Foxtrot submitting transactions
chatterbot Hotel submitting transactions
chatterbot Oscar submitting transactions
chatterbot Echo submitting transactions
chatterbot Sierra submitting transactions
chatterbot Yankee submitting transactions
chatterbot Zulu submitting transactions
ChatterBot Kilo round 15
ChatterBot Yankee round 15
ChatterBot Zulu round 15
ChatterBot Uniform round 15
