ChatterBot Kilo round 1
ChatterBot Mike round 1
ChatterBot Echo round 1
ChatterBot Juliett round 1
ChatterBot Victor round 1
ChatterBot Whiskey round 1
ChatterBot Sierra round 1
ChatterBot Lima round 1
ChatterBot Tango round 1
ChatterBot Romeo round 1
randomSelections Kilo: {Kilo, Tango, Mike, Romeo} 
2024-10-15 01:57:15.113702 Kilo: Group up?
ChatterBot Tango reevaluating
ChatterBot Mike reevaluating
ChatterBot Romeo reevaluating
2024-10-15 01:57:15.124253 Tango: Yes
2024-10-15 01:57:15.124371 Mike: Yes
2024-10-15 01:57:15.124483 Romeo: Yes
ChatterBot Mike reevaluating
ChatterBot Romeo reevaluating
ChatterBot Tango reevaluating
ChatterBot Romeo reevaluating
ChatterBot Tango reevaluating
ChatterBot Mike reevaluating
randomSelections Juliett: {Juliett, Romeo, Mike, Victor, Tango, Kilo, Lima} 
2024-10-15 01:57:15.141490 Juliett: Friends?
ChatterBot Romeo reevaluating
ChatterBot Mike reevaluating
ChatterBot Victor reevaluating
ChatterBot Tango reevaluating
ChatterBot Lima reevaluating
2024-10-15 01:57:15.151708 Romeo: No
2024-10-15 01:57:15.152301 Mike: No
2024-10-15 01:57:15.152412 Victor: Yes
2024-10-15 01:57:15.152526 Tango: No
2024-10-15 01:57:15.152670 Kilo: No
2024-10-15 01:57:15.152857 Lima: Yes
ChatterBot Mike reevaluating
ChatterBot Victor reevaluating
ChatterBot Tango reevaluating
ChatterBot Lima reevaluating
ChatterBot Romeo reevaluating
ChatterBot Victor reevaluating
ChatterBot Tango reevaluating
ChatterBot Lima reevaluating
ChatterBot Romeo reevaluating
ChatterBot Mike reevaluating
ChatterBot Tango reevaluating
ChatterBot Lima reevaluating
ChatterBot Romeo reevaluating
ChatterBot Mike reevaluating
ChatterBot Victor reevaluating
ChatterBot Lima reevaluating
ChatterBot Romeo reevaluating
ChatterBot Mike reevaluating
ChatterBot Victor reevaluating
ChatterBot Tango reevaluating
ChatterBot Lima reevaluating
ChatterBot Romeo reevaluating
ChatterBot Mike reevaluating
ChatterBot Victor reevaluating
ChatterBot Tango reevaluating
randomSelections Echo: {Echo, Kilo, Romeo, Sierra, Juliett} 
2024-10-15 01:57:15.212114 Echo: We would work well together
ChatterBot Romeo reevaluating
ChatterBot Sierra reevaluating
2024-10-15 01:57:15.218342 Kilo: No
2024-10-15 01:57:15.218493 Romeo: No
2024-10-15 01:57:15.219094 Sierra: Yes
2024-10-15 01:57:15.219232 Juliett: No
ChatterBot Romeo reevaluating
ChatterBot Sierra reevaluating
ChatterBot Sierra reevaluating
ChatterBot Romeo reevaluating
ChatterBot Romeo reevaluating
ChatterBot Sierra reevaluating
randomSelections Whiskey: {Whiskey, Tango, Victor} 
2024-10-15 01:57:15.246031 Whiskey: We would work well together
ChatterBot Tango reevaluating
ChatterBot Victor reevaluating
2024-10-15 01:57:15.249083 Tango: No
2024-10-15 01:57:15.249193 Victor: No
ChatterBot Victor reevaluating
ChatterBot Tango reevaluating
2024-10-15 01:57:15.281142 Lima: Kilo and Romeo, sending you 3
2024-10-15 01:57:15.291783 Mike: Kilo, sending you 1
2024-10-15 01:57:15.292152 Victor: Kilo, Lima and Tango, sending you 3
2024-10-15 01:57:15.292627 Tango: Kilo and Romeo, sending you 4
2024-10-15 01:57:15.292992 Kilo: Mike, sending you 5
2024-10-15 01:57:15.298365 Sierra: Kilo and Juliett, sending you 4
2024-10-15 01:57:15.298840 Lima: Mike, sending you 2
2024-10-15 01:57:15.299219 Whiskey: Victor and Tango, sending you 3
2024-10-15 01:57:15.299525 Echo: Kilo and Juliett, sending you 4
2024-10-15 01:57:15.301801 Juliett: Kilo, sending you 2
2024-10-15 01:57:15.302277 Victor: Juliett and Romeo, sending you 4
2024-10-15 01:57:15.302723 Tango: Mike, sending you 3
2024-10-15 01:57:15.303031 Mike: Tango and Romeo, sending you 5
2024-10-15 01:57:15.305308 Kilo: Tango, sending you 6
2024-10-15 01:57:15.305641 Sierra: Echo, sending you 3
2024-10-15 01:57:15.306007 Lima: Tango, sending you 1
2024-10-15 01:57:15.310661 Juliett: Mike and Tango, sending you 1
2024-10-15 01:57:15.311219 Echo: Sierra, sending you 2
2024-10-15 01:57:15.312374 Romeo: Kilo, sending you 1
2024-10-15 01:57:15.312743 Kilo: Romeo, sending you 3
2024-10-15 01:57:15.313125 Sierra: Romeo, sending you 1
2024-10-15 01:57:15.314667 Juliett: Victor and Romeo, sending you 3
2024-10-15 01:57:15.315714 Echo: Romeo, sending you 3
2024-10-15 01:57:15.316064 Romeo: Mike and Tango, sending you 3
2024-10-15 01:57:15.322077 Juliett: Lima, sending you 4
chatterbot Kilo submitting transactions
chatterbot Echo submitting transactions
chatterbot Mike submitting transactions
chatterbot Sierra submitting transactions
chatterbot Lima submitting transactions
chatterbot Tango submitting transactions
chatterbot Juliett submitting transactions
chatterbot Victor submitting transactions
chatterbot Romeo submitting transactions
chatterbot Whiskey submitting transactions
ChatterBot Kilo round 2
ChatterBot Mike round 2
ChatterBot Echo round 2
ChatterBot Juliett round 2
ChatterBot Victor round 2
2024-10-15 01:57:16.476026 Echo: We should group up
ChatterBot Sierra reevaluating
2024-10-15 01:57:16.492857 Sierra: Yes
2024-10-15 01:57:16.498345 Sierra: Group up?
2024-10-15 01:57:16.504196 Echo: Yes
ChatterBot Sierra reevaluating
ChatterBot Whiskey round 2
ChatterBot Sierra round 2
ChatterBot Lima round 2
ChatterBot Tango round 2
ChatterBot Romeo round 2
2024-10-15 01:57:16.543592 Juliett: Group up?
ChatterBot Lima reevaluating
ChatterBot Sierra reevaluating
2024-10-15 01:57:16.570329 Victor: No
2024-10-15 01:57:16.570587 Lima: No
2024-10-15 01:57:16.570764 Echo: No
2024-10-15 01:57:16.571353 Sierra: No
ChatterBot Lima reevaluating
ChatterBot Sierra reevaluating
ChatterBot Sierra reevaluating
ChatterBot Lima reevaluating
ChatterBot Sierra reevaluating
ChatterBot Lima reevaluating
2024-10-15 01:57:16.672735 Lima: Let's form a team
2024-10-15 01:57:16.687585 Juliett: Yes
2024-10-15 01:57:16.687799 Victor: Yes
ChatterBot Lima reevaluating
ChatterBot Victor reevaluating
ChatterBot Lima reevaluating
2024-10-15 01:57:16.727558 Whiskey: Can we be friends?
ChatterBot Sierra reevaluating
2024-10-15 01:57:16.736278 Sierra: No
2024-10-15 01:57:16.767326 Tango: Let's form a team
ChatterBot Romeo reevaluating
ChatterBot Victor reevaluating
ChatterBot Kilo reevaluating
ChatterBot Lima reevaluating
2024-10-15 01:57:16.815337 Juliett: No
2024-10-15 01:57:16.816007 Romeo: Yes
2024-10-15 01:57:16.816251 Mike: No
2024-10-15 01:57:16.816416 Victor: Yes
2024-10-15 01:57:16.816568 Kilo: Yes
2024-10-15 01:57:16.816762 Lima: No
ChatterBot Romeo reevaluating
ChatterBot Victor reevaluating
ChatterBot Kilo reevaluating
ChatterBot Lima reevaluating
ChatterBot Victor reevaluating
ChatterBot Kilo reevaluating
ChatterBot Lima reevaluating
ChatterBot Romeo reevaluating
ChatterBot Victor reevaluating
ChatterBot Kilo reevaluating
ChatterBot Lima reevaluating
ChatterBot Romeo reevaluating
ChatterBot Kilo reevaluating
ChatterBot Lima reevaluating
2024-10-15 01:57:16.933310 Romeo: Friends?
ChatterBot Romeo reevaluating
ChatterBot Victor reevaluating
ChatterBot Lima reevaluating
ChatterBot Romeo reevaluating
ChatterBot Victor reevaluating
ChatterBot Kilo reevaluating
ChatterBot Victor reevaluating
ChatterBot Kilo reevaluating
ChatterBot Lima reevaluating
2024-10-15 01:57:17.009471 Juliett: No
2024-10-15 01:57:17.009651 Mike: No
2024-10-15 01:57:17.009887 Victor: Yes
2024-10-15 01:57:17.010029 Tango: Yes
2024-10-15 01:57:17.010586 Kilo: No
2024-10-15 01:57:17.010687 Lima: Yes
ChatterBot Romeo reevaluating
ChatterBot Victor reevaluating
ChatterBot Kilo reevaluating
ChatterBot Lima reevaluating
ChatterBot Romeo reevaluating
ChatterBot Victor reevaluating
ChatterBot Kilo reevaluating
ChatterBot Lima reevaluating
ChatterBot Romeo reevaluating
ChatterBot Kilo reevaluating
ChatterBot Lima reevaluating
ChatterBot Romeo reevaluating
ChatterBot Mike reevaluating
ChatterBot Victor reevaluating
ChatterBot Kilo reevaluating
ChatterBot Lima reevaluating
ChatterBot Romeo reevaluating
ChatterBot Mike reevaluating
ChatterBot Victor reevaluating
ChatterBot Lima reevaluating
ChatterBot Romeo reevaluating
ChatterBot Mike reevaluating
ChatterBot Victor reevaluating
ChatterBot Kilo reevaluating
2024-10-15 01:57:17.325533 Echo: Sending you 4
2024-10-15 01:57:17.498122 Juliett: Echo, Victor and Sierra, sending you 4
2024-10-15 01:57:17.498417 Whiskey: Sending you 3
2024-10-15 01:57:17.498599 Tango: Kilo and Mike, sending you 3
2024-10-15 01:57:17.499476 Lima: Juliett and Victor, sending you 3
2024-10-15 01:57:17.499797 Sierra: Echo, sending you 4
2024-10-15 01:57:17.500025 Victor: Juliett, sending you 4
chatterbot Sierra submitting transactions
chatterbot Juliett submitting transactions
2024-10-15 01:57:17.501232 Juliett: Lima, sending you 2
2024-10-15 01:57:17.626127 Tango: Juliett, Victor, Lima and Romeo, sending you 2
2024-10-15 01:57:17.626801 Kilo: Mike and Romeo, sending you 2
2024-10-15 01:57:17.627790 Romeo: Kilo, Juliett, Victor, Lima and Tango, sending you 2
2024-10-15 01:57:17.628416 Victor: Lima, sending you 1
2024-10-15 01:57:17.629449 Mike: Kilo and Tango, sending you 5
chatterbot Victor submitting transactions
2024-10-15 01:57:17.753895 Kilo: Tango, sending you 10
2024-10-15 01:57:17.754184 Romeo: Mike, sending you 3
2024-10-15 01:57:17.755202 Mike: Romeo, sending you 4
chatterbot Tango submitting transactions
chatterbot Kilo submitting transactions
chatterbot Romeo submitting transactions
chatterbot Whiskey submitting transactions
chatterbot Echo submitting transactions
chatterbot Lima submitting transactions
chatterbot Mike submitting transactions
ChatterBot Kilo round 3
ChatterBot Mike round 3
ChatterBot Echo round 3
ChatterBot Juliett round 3
ChatterBot Victor round 3
ChatterBot Whiskey round 3
2024-10-15 01:57:18.516061 Echo: We should add Juliett
ChatterBot Sierra reevaluating
2024-10-15 01:57:18.522687 Sierra: Yes
ChatterBot Sierra round 3
ChatterBot Lima round 3
ChatterBot Tango round 3
ChatterBot Romeo round 3
2024-10-15 01:57:18.550489 Echo: Juliett we want you to join our group
2024-10-15 01:57:18.556320 Juliett: Yes
ChatterBot Sierra reevaluating
2024-10-15 01:57:18.603273 Juliett: Echo, Sierra and Lima, sending you 3
2024-10-15 01:57:18.603645 Kilo: Mike, sending you 5
2024-10-15 01:57:18.603967 Mike: Kilo and Romeo, sending you 5
2024-10-15 01:57:18.610699 Juliett: Victor, sending you 5
2024-10-15 01:57:18.611035 Kilo: Tango, sending you 6
2024-10-15 01:57:18.611422 Mike: Tango, sending you 4
2024-10-15 01:57:18.616789 Sierra: Sending you each 4
2024-10-15 01:57:18.617762 Tango: Kilo and Mike, sending you 3
2024-10-15 01:57:18.618423 Kilo: Romeo, sending you 3
2024-10-15 01:57:18.619315 Echo: Juliett and Sierra, sending you 5
2024-10-15 01:57:18.619634 Lima: Juliett, sending you 3
2024-10-15 01:57:18.620884 Victor: Juliett and Lima, sending you 4
2024-10-15 01:57:18.621429 Tango: Juliett, Victor, Lima and Romeo, sending you 2
2024-10-15 01:57:18.624627 Lima: Victor, Tango and Romeo, sending you 2
2024-10-15 01:57:18.625687 Romeo: Kilo, Juliett, Victor, Lima and Tango, sending you 2
2024-10-15 01:57:18.626288 Victor: Tango and Romeo, sending you 3
2024-10-15 01:57:18.631496 Romeo: Mike, sending you 3
chatterbot Sierra submitting transactions
chatterbot Whiskey submitting transactions
chatterbot Lima submitting transactions
chatterbot Juliett submitting transactions
chatterbot Romeo submitting transactions
chatterbot Mike submitting transactions
chatterbot Victor submitting transactions
chatterbot Kilo submitting transactions
chatterbot Echo submitting transactions
chatterbot Tango submitting transactions
ChatterBot Kilo round 4
ChatterBot Mike round 4
ChatterBot Echo round 4
ChatterBot Juliett round 4
ChatterBot Victor round 4
ChatterBot Whiskey round 4
ChatterBot Sierra round 4
ChatterBot Lima round 4
2024-10-15 01:57:19.877415 Sierra: We should add Victor and Lima
ChatterBot Echo reevaluating
2024-10-15 01:57:19.884082 Echo: No
2024-10-15 01:57:19.884239 Juliett: Yes
ChatterBot Sierra reevaluating
ChatterBot Echo reevaluating
ChatterBot Sierra reevaluating
ChatterBot Tango round 4
ChatterBot Romeo round 4
2024-10-15 01:57:19.902999 Echo: We should add Victor
ChatterBot Sierra reevaluating
2024-10-15 01:57:19.909331 Sierra: Yes
2024-10-15 01:57:19.909441 Juliett: Yes
ChatterBot Echo reevaluating
ChatterBot Echo reevaluating
ChatterBot Sierra reevaluating
2024-10-15 01:57:19.925731 Lima: We should add Echo and Sierra
ChatterBot Romeo reevaluating
ChatterBot Victor reevaluating
ChatterBot Tango reevaluating
2024-10-15 01:57:19.944342 Juliett: Yes
2024-10-15 01:57:19.944475 Romeo: No
2024-10-15 01:57:19.944622 Mike: No
2024-10-15 01:57:19.944753 Victor: Yes
2024-10-15 01:57:19.944861 Tango: No
2024-10-15 01:57:19.944973 Kilo: No
ChatterBot Romeo reevaluating
ChatterBot Victor reevaluating
ChatterBot Tango reevaluating
ChatterBot Victor reevaluating
ChatterBot Tango reevaluating
ChatterBot Romeo reevaluating
ChatterBot Victor reevaluating
ChatterBot Tango reevaluating
ChatterBot Romeo reevaluating
ChatterBot Tango reevaluating
ChatterBot Romeo reevaluating
ChatterBot Victor reevaluating
ChatterBot Romeo reevaluating
ChatterBot Victor reevaluating
ChatterBot Tango reevaluating
2024-10-15 01:57:20.045010 Lima: Echo and Sierra we want you to join our group
ChatterBot Echo reevaluating
ChatterBot Sierra reevaluating
2024-10-15 01:57:20.050017 Echo: No
2024-10-15 01:57:20.050138 Sierra: No
ChatterBot Victor reevaluating
ChatterBot Sierra reevaluating
ChatterBot Tango reevaluating
ChatterBot Romeo reevaluating
ChatterBot Lima reevaluating
ChatterBot Echo reevaluating
ChatterBot Victor reevaluating
ChatterBot Tango reevaluating
ChatterBot Romeo reevaluating
2024-10-15 01:57:20.089146 Kilo: Mike, sending you 6
2024-10-15 01:57:20.089664 Echo: Victor and Lima we want you to join our group
ChatterBot Victor reevaluating
ChatterBot Lima reevaluating
2024-10-15 01:57:20.094852 Victor: Yes
2024-10-15 01:57:20.094992 Lima: No
ChatterBot Lima reevaluating
ChatterBot Sierra reevaluating
ChatterBot Victor reevaluating
ChatterBot Sierra reevaluating
2024-10-15 01:57:20.119271 Tango: We should drop Juliett and Victor
ChatterBot Romeo reevaluating
ChatterBot Lima reevaluating
2024-10-15 01:57:20.129814 Kilo: Yes
2024-10-15 01:57:20.130528 Mike: Yes
2024-10-15 01:57:20.130709 Romeo: Yes
2024-10-15 01:57:20.130828 Lima: No
ChatterBot Romeo reevaluating
ChatterBot Lima reevaluating
ChatterBot Romeo reevaluating
ChatterBot Lima reevaluating
ChatterBot Lima reevaluating
ChatterBot Romeo reevaluating
2024-10-15 01:57:20.166515 Mike: Kilo and Tango, sending you 5
2024-10-15 01:57:20.166825 Juliett: Echo and Victor, sending you 4
2024-10-15 01:57:20.167203 Kilo: Tango, sending you 5
2024-10-15 01:57:20.167680 Sierra: Victor we want you to join our group
2024-10-15 01:57:20.169643 Victor: Yes
ChatterBot Sierra reevaluating
ChatterBot Echo reevaluating
2024-10-15 01:57:20.176813 Mike: Romeo, sending you 4
2024-10-15 01:57:20.177167 Juliett: Sierra and Lima, sending you 3
2024-10-15 01:57:20.177456 Kilo: Romeo, sending you 3
2024-10-15 01:57:20.180707 Sierra: Victor and Lima we want you to join our group
ChatterBot Lima reevaluating
2024-10-15 01:57:20.186537 Victor: Yes
2024-10-15 01:57:20.186703 Lima: No
ChatterBot Lima reevaluating
ChatterBot Echo reevaluating
ChatterBot Sierra reevaluating
ChatterBot Echo reevaluating
ChatterBot Sierra reevaluating
2024-10-15 01:57:20.209261 Victor: Echo, sending you 1
2024-10-15 01:57:20.212687 Victor: Juliett and Lima, sending you 4
2024-10-15 01:57:20.213725 Tango: Kilo and Mike, sending you 4
2024-10-15 01:57:20.217688 Tango: Lima and Romeo, sending you 3
2024-10-15 01:57:20.226670 Romeo: Kilo, Mike, Lima and Tango, sending you 3
2024-10-15 01:57:20.229798 Lima: Juliett and Victor, sending you 3
2024-10-15 01:57:20.235676 Echo: Juliett and Sierra, sending you 5
2024-10-15 01:57:20.239692 Echo: Victor, sending you 1
2024-10-15 01:57:20.244693 Sierra: Echo, sending you 4
2024-10-15 01:57:20.248708 Sierra: Juliett, sending you 5
chatterbot Whiskey submitting transactions
chatterbot Mike submitting transactions
chatterbot Juliett submitting transactions
chatterbot Echo submitting transactions
chatterbot Romeo submitting transactions
chatterbot Kilo submitting transactions
chatterbot Lima submitting transactions
chatterbot Tango submitting transactions
chatterbot Victor submitting transactions
chatterbot Sierra submitting transactions
ChatterBot Kilo round 5
ChatterBot Mike round 5
ChatterBot Echo round 5
ChatterBot Juliett round 5
ChatterBot Victor round 5
ChatterBot Whiskey round 5
ChatterBot Sierra round 5
ChatterBot Lima round 5
ChatterBot Tango round 5
ChatterBot Romeo round 5
2024-10-15 01:57:21.421652 Kilo: Mike, sending you 6
2024-10-15 01:57:21.425667 Kilo: Tango, sending you 5
2024-10-15 01:57:21.426042 Mike: Kilo and Tango, sending you 5
2024-10-15 01:57:21.428660 Mike: Romeo, sending you 4
2024-10-15 01:57:21.430666 Kilo: Romeo, sending you 3
2024-10-15 01:57:21.432669 Romeo: Kilo, Mike, Lima and Tango, sending you 3
2024-10-15 01:57:21.434697 Lima: Juliett and Victor, sending you 3
2024-10-15 01:57:21.436993 Echo: Juliett and Sierra, sending you 5
2024-10-15 01:57:21.437430 Victor: Echo and Sierra, sending you 1
2024-10-15 01:57:21.437835 Juliett: Echo, Victor and Sierra, sending you 4
2024-10-15 01:57:21.438675 Sierra: Echo, sending you 4
2024-10-15 01:57:21.439657 Echo: Victor, sending you 1
2024-10-15 01:57:21.441669 Victor: Juliett and Lima, sending you 4
2024-10-15 01:57:21.442204 Juliett: Lima, sending you 2
2024-10-15 01:57:21.442492 Sierra: Juliett, sending you 5
2024-10-15 01:57:21.449670 Tango: Kilo and Mike, sending you 4
2024-10-15 01:57:21.455067 Tango: Lima and Romeo, sending you 3
chatterbot Romeo submitting transactions
chatterbot Victor submitting transactions
chatterbot Echo submitting transactions
chatterbot Sierra submitting transactions
chatterbot Mike submitting transactions
chatterbot Juliett submitting transactions
chatterbot Whiskey submitting transactions
chatterbot Kilo submitting transactions
chatterbot Tango submitting transactions
chatterbot Lima submitting transactions
ChatterBot Kilo round 6
ChatterBot Mike round 6
ChatterBot Echo round 6
ChatterBot Juliett round 6
ChatterBot Victor round 6
ChatterBot Whiskey round 6
ChatterBot Sierra round 6
ChatterBot Lima round 6
ChatterBot Tango round 6
ChatterBot Romeo round 6
2024-10-15 01:57:22.685167 Lima: We should add Sierra
2024-10-15 01:57:22.694702 Echo: Yes
2024-10-15 01:57:22.694909 Juliett: Yes
2024-10-15 01:57:22.695053 Victor: Yes
2024-10-15 01:57:22.730685 Lima: Sierra we want you to join our group
2024-10-15 01:57:22.732936 Sierra: Yes
2024-10-15 01:57:22.741414 Tango: We should drop Lima
ChatterBot Romeo reevaluating
2024-10-15 01:57:22.748669 Kilo: Yes
2024-10-15 01:57:22.748844 Mike: Yes
2024-10-15 01:57:22.748958 Romeo: Yes
ChatterBot Tango reevaluating
ChatterBot Romeo reevaluating
ChatterBot Tango reevaluating
ChatterBot Romeo reevaluating
ChatterBot Tango reevaluating
2024-10-15 01:57:22.781664 Echo: Juliett, sending you 6
2024-10-15 01:57:22.782099 Kilo: Mike, sending you 6
2024-10-15 01:57:22.783315 Juliett: Echo, Victor and Sierra, sending you 4
2024-10-15 01:57:22.783874 Victor: Echo, sending you 2
2024-10-15 01:57:22.784251 Mike: Kilo and Tango, sending you 5
2024-10-15 01:57:22.784666 Sierra: Echo, sending you 4
2024-10-15 01:57:22.785395 Echo: Victor, sending you 2
2024-10-15 01:57:22.785826 Kilo: Tango, sending you 5
2024-10-15 01:57:22.786692 Juliett: Lima, sending you 2
2024-10-15 01:57:22.788684 Victor: Juliett, sending you 4
2024-10-15 01:57:22.789189 Mike: Romeo, sending you 4
2024-10-15 01:57:22.789529 Kilo: Romeo, sending you 3
2024-10-15 01:57:22.789871 Sierra: Juliett, sending you 5
2024-10-15 01:57:22.790706 Echo: Sierra, sending you 5
2024-10-15 01:57:22.792473 Victor: Lima, sending you 5
2024-10-15 01:57:22.793687 Lima: Juliett and Victor, sending you 3
2024-10-15 01:57:22.794742 Sierra: Victor, sending you 1
chatterbot Juliett submitting transactions
chatterbot Whiskey submitting transactions
chatterbot Romeo submitting transactions
chatterbot Sierra submitting transactions
chatterbot Mike submitting transactions
chatterbot Tango submitting transactions
chatterbot Kilo submitting transactions
chatterbot Lima submitting transactions
chatterbot Echo submitting transactions
chatterbot Victor submitting transactions
ChatterBot Kilo round 7
ChatterBot Mike round 7
ChatterBot Echo round 7
ChatterBot Juliett round 7
ChatterBot Victor round 7
ChatterBot Whiskey round 7
ChatterBot Sierra round 7
ChatterBot Lima round 7
ChatterBot Tango round 7
ChatterBot Romeo round 7
2024-10-15 01:57:23.950709 Romeo: We should drop Lima
ChatterBot Tango reevaluating
2024-10-15 01:57:23.958775 Kilo: Yes
2024-10-15 01:57:23.958948 Tango: Yes
2024-10-15 01:57:23.959072 Mike: Yes
ChatterBot Tango reevaluating
ChatterBot Tango reevaluating
2024-10-15 01:57:23.981179 Kilo: Mike, sending you 6
2024-10-15 01:57:23.983683 Echo: Juliett, sending you 6
2024-10-15 01:57:23.984687 Kilo: Tango, sending you 5
2024-10-15 01:57:23.985117 Lima: Juliett and Victor, sending you 3
2024-10-15 01:57:23.985671 Mike: Kilo and Tango, sending you 5
2024-10-15 01:57:23.986175 Victor: Echo, sending you 2
2024-10-15 01:57:23.986759 Echo: Victor, sending you 2
2024-10-15 01:57:23.988695 Kilo: Romeo, sending you 3
2024-10-15 01:57:23.989667 Mike: Romeo, sending you 4
2024-10-15 01:57:23.990007 Echo: Sierra, sending you 5
2024-10-15 01:57:23.990901 Victor: Juliett and Lima, sending you 4
2024-10-15 01:57:23.993752 Juliett: Echo, Victor and Sierra, sending you 4
2024-10-15 01:57:23.994698 Echo: Lima, sending you 1
2024-10-15 01:57:23.995670 Victor: Sierra, sending you 1
2024-10-15 01:57:23.996714 Sierra: Echo, sending you 4
2024-10-15 01:57:23.997690 Juliett: Lima, sending you 2
2024-10-15 01:57:24.001699 Sierra: Juliett, sending you 5
2024-10-15 01:57:24.004651 Romeo: Kilo and Mike, sending you 3
2024-10-15 01:57:24.005028 Sierra: Victor, sending you 1
2024-10-15 01:57:24.008688 Romeo: Tango, sending you 4
2024-10-15 01:57:24.017687 Tango: Same as last round
chatterbot Whiskey submitting transactions
chatterbot Mike submitting transactions
chatterbot Sierra submitting transactions
chatterbot Kilo submitting transactions
chatterbot Victor submitting transactions
chatterbot Lima submitting transactions
chatterbot Echo submitting transactions
chatterbot Tango submitting transactions
chatterbot Romeo submitting transactions
chatterbot Juliett submitting transactions
ChatterBot Kilo round 8
ChatterBot Mike round 8
ChatterBot Echo round 8
ChatterBot Juliett round 8
ChatterBot Victor round 8
ChatterBot Whiskey round 8
ChatterBot Sierra round 8
ChatterBot Lima round 8
ChatterBot Tango round 8
ChatterBot Romeo round 8
2024-10-15 01:57:25.039664 Juliett: Echo and Sierra, sending you 4
2024-10-15 01:57:25.041170 Victor: Echo, sending you 2
2024-10-15 01:57:25.042664 Kilo: Mike, sending you 6
2024-10-15 01:57:25.043679 Juliett: Victor and Lima, sending you 3
2024-10-15 01:57:25.045158 Tango: Same as last round
2024-10-15 01:57:25.045650 Mike: Kilo and Tango, sending you 5
2024-10-15 01:57:25.046093 Victor: Juliett and Lima, sending you 4
2024-10-15 01:57:25.047660 Kilo: Tango, sending you 5
2024-10-15 01:57:25.048041 Echo: Juliett, sending you 6
2024-10-15 01:57:25.049662 Mike: Romeo, sending you 4
2024-10-15 01:57:25.050013 Victor: Sierra, sending you 1
2024-10-15 01:57:25.050382 Sierra: Echo, sending you 4
2024-10-15 01:57:25.050760 Romeo: Kilo and Mike, sending you 3
2024-10-15 01:57:25.051666 Kilo: Romeo, sending you 3
2024-10-15 01:57:25.053184 Echo: Victor, sending you 3
2024-10-15 01:57:25.053879 Lima: Echo, sending you 1
2024-10-15 01:57:25.054682 Romeo: Tango, sending you 4
2024-10-15 01:57:25.055675 Sierra: Juliett, sending you 6
2024-10-15 01:57:25.057242 Lima: Juliett and Victor, sending you 3
2024-10-15 01:57:25.058662 Echo: Sierra, sending you 5
2024-10-15 01:57:25.059681 Sierra: Victor, sending you 1
chatterbot Tango submitting transactions
chatterbot Lima submitting transactions
chatterbot Romeo submitting transactions
chatterbot Sierra submitting transactions
chatterbot Kilo submitting transactions
chatterbot Whiskey submitting transactions
chatterbot Victor submitting transactions
chatterbot Juliett submitting transactions
chatterbot Mike submitting transactions
chatterbot Echo submitting transactions
ChatterBot Kilo round 9
ChatterBot Mike round 9
ChatterBot Echo round 9
ChatterBot Juliett round 9
ChatterBot Victor round 9
ChatterBot Whiskey round 9
ChatterBot Sierra round 9
ChatterBot Lima round 9
ChatterBot Tango round 9
ChatterBot Romeo round 9
2024-10-15 01:57:26.324665 Victor: Echo, sending you 3
2024-10-15 01:57:26.325675 Juliett: Echo and Sierra, sending you 4
2024-10-15 01:57:26.326832 Mike: Kilo and Tango, sending you 5
2024-10-15 01:57:26.327283 Romeo: Kilo and Mike, sending you 3
2024-10-15 01:57:26.327699 Tango: Same as last round
2024-10-15 01:57:26.328674 Kilo: Mike, sending you 6
2024-10-15 01:57:26.329658 Victor: Juliett, sending you 5
2024-10-15 01:57:26.330083 Mike: Romeo, sending you 4
2024-10-15 01:57:26.330676 Juliett: Victor and Lima, sending you 3
2024-10-15 01:57:26.331099 Romeo: Tango, sending you 4
2024-10-15 01:57:26.331681 Lima: Juliett and Victor, sending you 3
2024-10-15 01:57:26.332659 Victor: Sierra, sending you 1
2024-10-15 01:57:26.333650 Kilo: Tango, sending you 5
2024-10-15 01:57:26.334666 Echo: Juliett, sending you 6
2024-10-15 01:57:26.335666 Sierra: Echo, sending you 4
2024-10-15 01:57:26.337727 Victor: Lima, sending you 4
2024-10-15 01:57:26.338156 Echo: Victor, sending you 3
2024-10-15 01:57:26.338651 Kilo: Romeo, sending you 3
2024-10-15 01:57:26.339669 Sierra: Juliett, sending you 6
2024-10-15 01:57:26.342648 Echo: Sierra, sending you 5
2024-10-15 01:57:26.344660 Sierra: Victor, sending you 1
chatterbot Sierra submitting transactions
chatterbot Tango submitting transactions
chatterbot Juliett submitting transactions
chatterbot Romeo submitting transactions
chatterbot Echo submitting transactions
chatterbot Lima submitting transactions
chatterbot Mike submitting transactions
chatterbot Victor submitting transactions
chatterbot Kilo submitting transactions
chatterbot Whiskey submitting transactions
ChatterBot Kilo round 10
ChatterBot Mike round 10
ChatterBot Echo round 10
ChatterBot Juliett round 10
ChatterBot Victor round 10
ChatterBot Whiskey round 10
ChatterBot Sierra round 10
ChatterBot Lima round 10
ChatterBot Tango round 10
ChatterBot Romeo round 10
2024-10-15 01:57:27.567804 Tango: We should add Victor
2024-10-15 01:57:27.575992 Kilo: No
2024-10-15 01:57:27.576175 Mike: No
2024-10-15 01:57:27.576314 Romeo: No
ChatterBot Tango reevaluating
ChatterBot Tango reevaluating
ChatterBot Tango reevaluating
2024-10-15 01:57:27.603749 Kilo: Mike and Tango, sending you 5
2024-10-15 01:57:27.608668 Kilo: Romeo, sending you 4
2024-10-15 01:57:27.609663 Sierra: Echo, sending you 4
2024-10-15 01:57:27.614721 Sierra: Juliett, sending you 6
2024-10-15 01:57:27.617654 Juliett: Echo and Sierra, sending you 4
2024-10-15 01:57:27.618676 Mike: Kilo and Tango, sending you 5
2024-10-15 01:57:27.619656 Sierra: Victor, sending you 1
2024-10-15 01:57:27.620651 Echo: Juliett, sending you 6
2024-10-15 01:57:27.621659 Victor: Echo, sending you 3
2024-10-15 01:57:27.622208 Mike: Romeo, sending you 4
2024-10-15 01:57:27.622682 Tango: Same as last round
2024-10-15 01:57:27.623080 Juliett: Victor and Lima, sending you 3
2024-10-15 01:57:27.624654 Lima: Juliett, sending you 4
2024-10-15 01:57:27.625675 Echo: Victor, sending you 3
2024-10-15 01:57:27.626683 Victor: Juliett, sending you 5
2024-10-15 01:57:27.629648 Lima: Victor, sending you 3
2024-10-15 01:57:27.630171 Echo: Sierra, sending you 5
2024-10-15 01:57:27.630687 Victor: Sierra, sending you 2
2024-10-15 01:57:27.632658 Echo: Lima, sending you 1
2024-10-15 01:57:27.635141 Romeo: Kilo and Mike, sending you 3
2024-10-15 01:57:27.635888 Victor: Lima, sending you 4
2024-10-15 01:57:27.638658 Romeo: Tango, sending you 4
chatterbot Whiskey submitting transactions
chatterbot Echo submitting transactions
chatterbot Mike submitting transactions
chatterbot Sierra submitting transactions
chatterbot Victor submitting transactions
chatterbot Juliett submitting transactions
chatterbot Lima submitting transactions
chatterbot Kilo submitting transactions
chatterbot Tango submitting transactions
chatterbot Romeo submitting transactions
ChatterBot Kilo round 11
ChatterBot Mike round 11
ChatterBot Echo round 11
ChatterBot Juliett round 11
ChatterBot Victor round 11
ChatterBot Whiskey round 11
ChatterBot Sierra round 11
ChatterBot Lima round 11
ChatterBot Tango round 11
ChatterBot Romeo round 11
2024-10-15 01:57:28.843668 Victor: Echo, sending you 3
2024-10-15 01:57:28.845225 Juliett: Echo and Sierra, sending you 4
2024-10-15 01:57:28.849698 Victor: Juliett, sending you 5
2024-10-15 01:57:28.851403 Juliett: Victor and Lima, sending you 3
2024-10-15 01:57:28.853694 Tango: Same as last round
2024-10-15 01:57:28.854358 Victor: Sierra, sending you 1
2024-10-15 01:57:28.857037 Echo: Juliett, sending you 7
2024-10-15 01:57:28.858719 Victor: Lima, sending you 4
2024-10-15 01:57:28.859706 Romeo: Kilo and Mike, sending you 3
2024-10-15 01:57:28.860673 Kilo: Mike and Tango, sending you 5
2024-10-15 01:57:28.861099 Mike: Kilo and Tango, sending you 5
2024-10-15 01:57:28.861413 Lima: Echo, sending you 1
2024-10-15 01:57:28.862674 Echo: Victor, sending you 4
2024-10-15 01:57:28.863313 Sierra: Echo, sending you 4
2024-10-15 01:57:28.863944 Romeo: Tango, sending you 4
2024-10-15 01:57:28.864871 Mike: Romeo, sending you 4
2024-10-15 01:57:28.865381 Kilo: Romeo, sending you 4
2024-10-15 01:57:28.865839 Lima: Juliett, sending you 4
2024-10-15 01:57:28.866658 Echo: Sierra, sending you 5
2024-10-15 01:57:28.868665 Sierra: Juliett, sending you 6
2024-10-15 01:57:28.869475 Lima: Victor, sending you 3
2024-10-15 01:57:28.872663 Sierra: Victor, sending you 1
chatterbot Echo submitting transactions
chatterbot Romeo submitting transactions
chatterbot Kilo submitting transactions
chatterbot Tango submitting transactions
chatterbot Mike submitting transactions
chatterbot Whiskey submitting transactions
chatterbot Juliett submitting transactions
chatterbot Lima submitting transactions
chatterbot Victor submitting transactions
chatterbot Sierra submitting transactions
ChatterBot Kilo round 12
ChatterBot Mike round 12
ChatterBot Echo round 12
ChatterBot Juliett round 12
ChatterBot Victor round 12
ChatterBot Whiskey round 12
ChatterBot Sierra round 12
ChatterBot Lima round 12
ChatterBot Tango round 12
ChatterBot Romeo round 12
2024-10-15 01:57:30.104910 Victor: Echo, sending you 3
2024-10-15 01:57:30.109715 Victor: Juliett, sending you 5
2024-10-15 01:57:30.114664 Mike: Kilo and Tango, sending you 5
2024-10-15 01:57:30.115332 Victor: Sierra, sending you 2
2024-10-15 01:57:30.117115 Kilo: Mike and Tango, sending you 5
2024-10-15 01:57:30.117572 Sierra: Echo, sending you 4
2024-10-15 01:57:30.118580 Lima: Juliett, sending you 4
2024-10-15 01:57:30.119180 Tango: Same as last round
2024-10-15 01:57:30.119677 Mike: Romeo, sending you 4
2024-10-15 01:57:30.121022 Echo: Juliett, sending you 7
2024-10-15 01:57:30.122007 Kilo: Romeo, sending you 4
2024-10-15 01:57:30.123046 Romeo: Kilo and Mike, sending you 3
2024-10-15 01:57:30.123567 Victor: Lima, sending you 4
2024-10-15 01:57:30.124259 Sierra: Juliett, sending you 6
2024-10-15 01:57:30.125047 Lima: Victor, sending you 3
2024-10-15 01:57:30.126147 Juliett: Echo and Sierra, sending you 4
2024-10-15 01:57:30.126924 Echo: Victor, sending you 4
2024-10-15 01:57:30.128416 Romeo: Tango, sending you 4
2024-10-15 01:57:30.129024 Sierra: Victor, sending you 1
2024-10-15 01:57:30.130695 Juliett: Victor and Lima, sending you 3
2024-10-15 01:57:30.132691 Echo: Sierra, sending you 5
2024-10-15 01:57:30.136970 Echo: Lima, sending you 1
chatterbot Victor submitting transactions
chatterbot Mike submitting transactions
chatterbot Lima submitting transactions
chatterbot Romeo submitting transactions
chatterbot Echo submitting transactions
chatterbot Tango submitting transactions
chatterbot Kilo submitting transactions
chatterbot Sierra submitting transactions
chatterbot Whiskey submitting transactions
chatterbot Juliett submitting transactions
ChatterBot Kilo round 13
ChatterBot Mike round 13
ChatterBot Echo round 13
ChatterBot Juliett round 13
ChatterBot Victor round 13
ChatterBot Whiskey round 13
ChatterBot Sierra round 13
ChatterBot Lima round 13
ChatterBot Tango round 13
ChatterBot Romeo round 13
2024-10-15 01:57:31.388696 Mike: Kilo and Tango, sending you 5
2024-10-15 01:57:31.390331 Echo: Juliett, sending you 7
2024-10-15 01:57:31.392681 Mike: Romeo, sending you 4
2024-10-15 01:57:31.395702 Echo: Victor, sending you 4
2024-10-15 01:57:31.397152 Juliett: Echo and Sierra, sending you 4
2024-10-15 01:57:31.398198 Tango: Same as last round
2024-10-15 01:57:31.399749 Victor: Echo, sending you 3
2024-10-15 01:57:31.400894 Echo: Sierra, sending you 5
2024-10-15 01:57:31.402694 Juliett: Victor and Lima, sending you 3
2024-10-15 01:57:31.404307 Kilo: Mike and Tango, sending you 5
2024-10-15 01:57:31.405051 Romeo: Kilo and Mike, sending you 3
2024-10-15 01:57:31.406586 Victor: Juliett, sending you 5
2024-10-15 01:57:31.408660 Romeo: Tango, sending you 4
2024-10-15 01:57:31.409739 Kilo: Romeo, sending you 4
2024-10-15 01:57:31.411125 Sierra: Echo, sending you 4
2024-10-15 01:57:31.412162 Lima: Juliett, sending you 4
2024-10-15 01:57:31.413892 Victor: Sierra, sending you 2
2024-10-15 01:57:31.415684 Sierra: Juliett, sending you 6
2024-10-15 01:57:31.417679 Lima: Victor, sending you 3
2024-10-15 01:57:31.419692 Victor: Lima, sending you 4
2024-10-15 01:57:31.420827 Sierra: Victor, sending you 2
chatterbot Lima submitting transactions
chatterbot Kilo submitting transactions
chatterbot Mike submitting transactions
chatterbot Echo submitting transactions
chatterbot Victor submitting transactions
chatterbot Romeo submitting transactions
chatterbot Tango submitting transactions
chatterbot Sierra submitting transactions
chatterbot Juliett submitting transactions
chatterbot Whiskey submitting transactions
ChatterBot Kilo round 14
ChatterBot Mike round 14
ChatterBot Echo round 14
ChatterBot Juliett round 14
ChatterBot Victor round 14
ChatterBot Whiskey round 14
ChatterBot Sierra round 14
ChatterBot Lima round 14
ChatterBot Tango round 14
ChatterBot Romeo round 14
2024-10-15 01:57:32.690680 Kilo: Mike and Tango, sending you 5
2024-10-15 01:57:32.694667 Kilo: Romeo, sending you 4
2024-10-15 01:57:32.695148 Romeo: Kilo and Mike, sending you 3
2024-10-15 01:57:32.695672 Mike: Kilo and Tango, sending you 5
2024-10-15 01:57:32.697229 Victor: Echo, sending you 3
2024-10-15 01:57:32.698498 Juliett: Echo and Sierra, sending you 4
2024-10-15 01:57:32.700128 Romeo: Tango, sending you 4
2024-10-15 01:57:32.700804 Echo: Juliett, sending you 7
2024-10-15 01:57:32.701457 Mike: Romeo, sending you 4
2024-10-15 01:57:32.703248 Victor: Juliett, sending you 6
2024-10-15 01:57:32.704446 Juliett: Victor and Lima, sending you 3
2024-10-15 01:57:32.705290 Sierra: Echo, sending you 4
2024-10-15 01:57:32.706082 Tango: Same as last round
2024-10-15 01:57:32.707926 Lima: Juliett, sending you 4
2024-10-15 01:57:32.708745 Echo: Victor, sending you 4
2024-10-15 01:57:32.709599 Victor: Sierra, sending you 2
2024-10-15 01:57:32.711122 Sierra: Juliett, sending you 6
2024-10-15 01:57:32.711904 Lima: Victor, sending you 3
2024-10-15 01:57:32.713264 Echo: Sierra, sending you 5
2024-10-15 01:57:32.714703 Victor: Lima, sending you 4
2024-10-15 01:57:32.716264 Sierra: Victor, sending you 2
chatterbot Sierra submitting transactions
chatterbot Kilo submitting transactions
chatterbot Tango submitting transactions
chatterbot Whiskey submitting transactions
chatterbot Victor submitting transactions
chatterbot Echo submitting transactions
chatterbot Lima submitting transactions
chatterbot Juliett submitting transactions
chatterbot Romeo submitting transactions
chatterbot Mike submitting transactions
ChatterBot Kilo round 15
ChatterBot Mike round 15
ChatterBot Echo round 15
ChatterBot Juliett round 15
ChatterBot Victor round 15
ChatterBot Whiskey round 15
ChatterBot Sierra round 15
ChatterBot Lima round 15
ChatterBot Tango round 15
ChatterBot Romeo round 15
2024-10-15 01:57:33.896444 Tango: We should drop Romeo
2024-10-15 01:57:33.904348 Kilo: No
2024-10-15 01:57:33.904663 Mike: No
ChatterBot Tango reevaluating
ChatterBot Tango reevaluating
2024-10-15 01:57:33.922121 Lima: We should drop Juliett
ChatterBot Victor reevaluating
2024-10-15 01:57:33.933987 Echo: No
2024-10-15 01:57:33.935591 Victor: No
2024-10-15 01:57:33.935983 Sierra: No
ChatterBot Lima reevaluating
ChatterBot Victor reevaluating
ChatterBot Sierra reevaluating
ChatterBot Lima reevaluating
ChatterBot Echo reevaluating
ChatterBot Sierra reevaluating
ChatterBot Lima reevaluating
ChatterBot Echo reevaluating
ChatterBot Victor reevaluating
2024-10-15 01:57:33.983694 Mike: Kilo and Tango, sending you 5
2024-10-15 01:57:33.985709 Juliett: Echo and Sierra, sending you 4
2024-10-15 01:57:33.988108 Kilo: Mike and Tango, sending you 5
2024-10-15 01:57:33.990411 Mike: Romeo, sending you 4
2024-10-15 01:57:33.991499 Juliett: Victor and Lima, sending you 3
2024-10-15 01:57:33.993799 Kilo: Romeo, sending you 4
2024-10-15 01:57:33.995478 Romeo: Kilo and Mike, sending you 3
2024-10-15 01:57:33.996369 Tango: Same as last round
2024-10-15 01:57:33.997553 Echo: Juliett, sending you 8
2024-10-15 01:57:33.998665 Romeo: Tango, sending you 4
2024-10-15 01:57:34.001791 Echo: Victor, sending you 4
2024-10-15 01:57:34.002888 Lima: Juliett, sending you 4
2024-10-15 01:57:34.005982 Echo: Sierra, sending you 5
2024-10-15 01:57:34.006740 Victor: Echo, sending you 3
2024-10-15 01:57:34.008670 Lima: Victor, sending you 3
2024-10-15 01:57:34.010862 Victor: Juliett, sending you 6
2024-10-15 01:57:34.016106 Victor: Sierra, sending you 2
2024-10-15 01:57:34.021692 Victor: Lima, sending you 4
chatterbot Sierra submitting transactions
chatterbot Juliett submitting transactions
chatterbot Romeo submitting transactions
chatterbot Mike submitting transactions
chatterbot Whiskey submitting transactions
chatterbot Tango submitting transactions
chatterbot Victor submitting transactions
chatterbot Lima submitting transactions
chatterbot Kilo submitting transactions
chatterbot Echo submitting transactions
ChatterBot Kilo round 16
ChatterBot Mike round 16
ChatterBot Echo round 16
ChatterBot Juliett round 16
ChatterBot Victor round 16
ChatterBot Whiskey round 16
ChatterBot Sierra round 16
ChatterBot Lima round 16
ChatterBot Tango round 16
ChatterBot Romeo round 16
2024-10-15 01:57:35.057606 Sierra: We should drop Lima
ChatterBot Echo reevaluating
ChatterBot Victor reevaluating
2024-10-15 01:57:35.066239 Echo: Yes
2024-10-15 01:57:35.066370 Juliett: No
2024-10-15 01:57:35.066486 Victor: Yes
ChatterBot Victor reevaluating
ChatterBot Echo reevaluating
ChatterBot Victor reevaluating
ChatterBot Echo reevaluating
2024-10-15 01:57:35.094583 Mike: Kilo and Tango, sending you 5
2024-10-15 01:57:35.097672 Kilo: Mike and Tango, sending you 5
2024-10-15 01:57:35.098677 Mike: Romeo, sending you 4
2024-10-15 01:57:35.099700 Juliett: Echo and Sierra, sending you 4
2024-10-15 01:57:35.100723 Lima: Juliett, sending you 5
2024-10-15 01:57:35.101805 Kilo: Romeo, sending you 4
2024-10-15 01:57:35.102681 Tango: Same as last round
2024-10-15 01:57:35.105660 Juliett: Victor and Lima, sending you 3
2024-10-15 01:57:35.106507 Lima: Victor, sending you 3
2024-10-15 01:57:35.108670 Sierra: Echo, sending you 4
2024-10-15 01:57:35.113690 Sierra: Juliett, sending you 6
2024-10-15 01:57:35.117655 Sierra: Victor, sending you 2
2024-10-15 01:57:35.118669 Romeo: Sending you each 3
chatterbot Sierra submitting transactions
chatterbot Echo submitting transactions
chatterbot Mike submitting transactions
chatterbot Victor submitting transactions
chatterbot Kilo submitting transactions
chatterbot Romeo submitting transactions
chatterbot Whiskey submitting transactions
