ChatterBot Sierra round 1
ChatterBot Charlie round 1
ChatterBot Foxtrot round 1
ChatterBot Alpha round 1
ChatterBot Victor round 1
ChatterBot Hotel round 1
ChatterBot India round 1
ChatterBot X-ray round 1
ChatterBot Whiskey round 1
ChatterBot Yankee round 1
randomSelections Victor: {Victor, Whiskey, Alpha, Charlie, Hotel, Yankee} 
2024-10-15 01:57:15.655353 Victor: Group up?
ChatterBot Whiskey reevaluating
ChatterBot Alpha reevaluating
ChatterBot Charlie reevaluating
ChatterBot Hotel reevaluating
ChatterBot Yankee reevaluating
2024-10-15 01:57:15.673856 Whiskey: Yes
2024-10-15 01:57:15.674098 Alpha: Yes
2024-10-15 01:57:15.674413 Charlie: Yes
2024-10-15 01:57:15.674599 Hotel: Yes
2024-10-15 01:57:15.674815 Yankee: Yes
ChatterBot Alpha reevaluating
ChatterBot Charlie reevaluating
ChatterBot Hotel reevaluating
ChatterBot Yankee reevaluating
ChatterBot Whiskey reevaluating
ChatterBot Charlie reevaluating
ChatterBot Hotel reevaluating
ChatterBot Yankee reevaluating
ChatterBot Whiskey reevaluating
ChatterBot Alpha reevaluating
ChatterBot Hotel reevaluating
ChatterBot Yankee reevaluating
ChatterBot Whiskey reevaluating
ChatterBot Alpha reevaluating
ChatterBot Charlie reevaluating
ChatterBot Yankee reevaluating
ChatterBot Whiskey reevaluating
ChatterBot Alpha reevaluating
ChatterBot Charlie reevaluating
ChatterBot Hotel reevaluating
randomSelections Sierra: {Sierra, Alpha, Charlie, Victor, Foxtrot} 
2024-10-15 01:57:15.742378 Sierra: Friends?
ChatterBot Alpha reevaluating
ChatterBot Charlie reevaluating
ChatterBot Foxtrot reevaluating
2024-10-15 01:57:15.748581 Alpha: No
2024-10-15 01:57:15.748844 Charlie: No
2024-10-15 01:57:15.749699 Victor: No
2024-10-15 01:57:15.749848 Foxtrot: Yes
ChatterBot Charlie reevaluating
ChatterBot Foxtrot reevaluating
ChatterBot Alpha reevaluating
ChatterBot Foxtrot reevaluating
ChatterBot Alpha reevaluating
ChatterBot Charlie reevaluating
ChatterBot Foxtrot reevaluating
ChatterBot Alpha reevaluating
ChatterBot Charlie reevaluating
randomSelections India: {India, Victor, Alpha, Foxtrot, Whiskey, Charlie, Sierra, Hotel} 
2024-10-15 01:57:15.783348 India: Can we be friends?
ChatterBot Alpha reevaluating
ChatterBot Foxtrot reevaluating
ChatterBot Whiskey reevaluating
ChatterBot Charlie reevaluating
ChatterBot Hotel reevaluating
2024-10-15 01:57:15.797945 Victor: No
2024-10-15 01:57:15.799380 Alpha: No
2024-10-15 01:57:15.799747 Foxtrot: No
2024-10-15 01:57:15.800280 Whiskey: No
2024-10-15 01:57:15.801976 Charlie: No
2024-10-15 01:57:15.802520 Sierra: No
2024-10-15 01:57:15.803139 Hotel: No
ChatterBot Alpha reevaluating
ChatterBot Foxtrot reevaluating
ChatterBot Whiskey reevaluating
ChatterBot Charlie reevaluating
ChatterBot Hotel reevaluating
ChatterBot Foxtrot reevaluating
ChatterBot Whiskey reevaluating
ChatterBot Charlie reevaluating
ChatterBot Hotel reevaluating
ChatterBot Alpha reevaluating
ChatterBot Whiskey reevaluating
ChatterBot Charlie reevaluating
ChatterBot Hotel reevaluating
ChatterBot Alpha reevaluating
ChatterBot Foxtrot reevaluating
ChatterBot Charlie reevaluating
ChatterBot Hotel reevaluating
ChatterBot Alpha reevaluating
ChatterBot Foxtrot reevaluating
ChatterBot Whiskey reevaluating
ChatterBot Hotel reevaluating
ChatterBot Alpha reevaluating
ChatterBot Foxtrot reevaluating
ChatterBot Whiskey reevaluating
ChatterBot Charlie reevaluating
ChatterBot Hotel reevaluating
ChatterBot Alpha reevaluating
ChatterBot Foxtrot reevaluating
ChatterBot Whiskey reevaluating
ChatterBot Charlie reevaluating
randomSelections X-ray: {X-ray, Foxtrot, Sierra, Whiskey, India, Alpha, Hotel} 
2024-10-15 01:57:16.033227 X-ray: We would work well together
ChatterBot Foxtrot reevaluating
ChatterBot Whiskey reevaluating
ChatterBot Alpha reevaluating
ChatterBot Hotel reevaluating
2024-10-15 01:57:16.041099 Foxtrot: No
2024-10-15 01:57:16.041281 Sierra: No
2024-10-15 01:57:16.041453 Whiskey: No
2024-10-15 01:57:16.041606 India: No
2024-10-15 01:57:16.041747 Alpha: No
2024-10-15 01:57:16.042348 Hotel: No
ChatterBot Whiskey reevaluating
ChatterBot Alpha reevaluating
ChatterBot Hotel reevaluating
ChatterBot Foxtrot reevaluating
ChatterBot Whiskey reevaluating
ChatterBot Alpha reevaluating
ChatterBot Hotel reevaluating
ChatterBot Foxtrot reevaluating
ChatterBot Alpha reevaluating
ChatterBot Hotel reevaluating
ChatterBot Foxtrot reevaluating
ChatterBot Whiskey reevaluating
ChatterBot Alpha reevaluating
ChatterBot Hotel reevaluating
ChatterBot Foxtrot reevaluating
ChatterBot Whiskey reevaluating
ChatterBot Hotel reevaluating
ChatterBot Foxtrot reevaluating
ChatterBot Whiskey reevaluating
ChatterBot Alpha reevaluating
2024-10-15 01:57:16.104755 India: Sierra and Victor, sending you 2
2024-10-15 01:57:16.107669 Whiskey: Charlie and Victor, sending you 3
2024-10-15 01:57:16.108235 X-ray: Sierra and Foxtrot, sending you 4
2024-10-15 01:57:16.109448 Victor: Charlie and Hotel, sending you 1
2024-10-15 01:57:16.110909 India: Charlie and Alpha, sending you 3
2024-10-15 01:57:16.111532 Whiskey: Alpha and Hotel, sending you 2
2024-10-15 01:57:16.112069 Foxtrot: Sierra and Alpha, sending you 3
2024-10-15 01:57:16.113259 X-ray: Alpha, sending you 3
2024-10-15 01:57:16.113795 Yankee: Charlie, sending you 3
2024-10-15 01:57:16.114288 Alpha: Charlie, Hotel and Yankee, sending you 2
2024-10-15 01:57:16.115218 Victor: Alpha, sending you 2
2024-10-15 01:57:16.115688 India: Foxtrot, Hotel and Whiskey, sending you 1
2024-10-15 01:57:16.116198 Whiskey: Yankee, sending you 1
2024-10-15 01:57:16.116645 Charlie: Alpha, sending you 3
2024-10-15 01:57:16.117830 Sierra: Charlie, sending you 3
2024-10-15 01:57:16.118503 Foxtrot: Charlie and Victor, sending you 4
2024-10-15 01:57:16.119122 X-ray: Hotel, sending you 1
2024-10-15 01:57:16.120408 Alpha: Victor and Whiskey, sending you 4
2024-10-15 01:57:16.120901 Yankee: Alpha, sending you 1
2024-10-15 01:57:16.121326 Hotel: Charlie and Whiskey, sending you 2
2024-10-15 01:57:16.122473 Victor: Yankee, sending you 3
2024-10-15 01:57:16.122981 Charlie: Victor, sending you 4
2024-10-15 01:57:16.123384 Sierra: Foxtrot, sending you 4
2024-10-15 01:57:16.124660 X-ray: India, sending you 2
2024-10-15 01:57:16.125661 Yankee: Hotel and Whiskey, sending you 2
2024-10-15 01:57:16.126106 Charlie: Hotel and Yankee, sending you 1
2024-10-15 01:57:16.127121 Hotel: Alpha, sending you 3
2024-10-15 01:57:16.127820 Sierra: Alpha, sending you 6
2024-10-15 01:57:16.130700 Charlie: Whiskey, sending you 2
2024-10-15 01:57:16.131403 Hotel: Victor, sending you 1
2024-10-15 01:57:16.132718 Sierra: Victor, sending you 1
chatterbot Victor submitting transactions
chatterbot Sierra submitting transactions
chatterbot India submitting transactions
chatterbot X-ray submitting transactions
chatterbot Alpha submitting transactions
chatterbot Charlie submitting transactions
chatterbot Hotel submitting transactions
chatterbot Whiskey submitting transactions
chatterbot Yankee submitting transactions
chatterbot Foxtrot submitting transactions
ChatterBot Sierra round 2
ChatterBot Charlie round 2
ChatterBot Foxtrot round 2
ChatterBot Alpha round 2
ChatterBot Victor round 2
ChatterBot Hotel round 2
ChatterBot India round 2
ChatterBot X-ray round 2
ChatterBot Whiskey round 2
ChatterBot Yankee round 2
2024-10-15 01:57:17.525610 X-ray: Group up?
ChatterBot Sierra reevaluating
ChatterBot Foxtrot reevaluating
ChatterBot India reevaluating
2024-10-15 01:57:17.536732 Sierra: Yes
2024-10-15 01:57:17.536901 Foxtrot: Yes
2024-10-15 01:57:17.537008 India: Yes
ChatterBot Foxtrot reevaluating
ChatterBot India reevaluating
ChatterBot Sierra reevaluating
ChatterBot India reevaluating
ChatterBot Sierra reevaluating
ChatterBot Foxtrot reevaluating
2024-10-15 01:57:17.567168 Foxtrot: Can we be friends?
ChatterBot Sierra reevaluating
ChatterBot India reevaluating
2024-10-15 01:57:17.578471 X-ray: Yes
2024-10-15 01:57:17.578605 Sierra: Yes
2024-10-15 01:57:17.578719 India: Yes
ChatterBot Sierra reevaluating
ChatterBot Foxtrot reevaluating
ChatterBot India reevaluating
ChatterBot Foxtrot reevaluating
ChatterBot India reevaluating
ChatterBot Sierra reevaluating
ChatterBot Foxtrot reevaluating
2024-10-15 01:57:17.616024 Alpha: Let's form a team
ChatterBot Victor reevaluating
ChatterBot Hotel reevaluating
ChatterBot Whiskey reevaluating
ChatterBot Yankee reevaluating
ChatterBot Sierra reevaluating
ChatterBot Foxtrot reevaluating
ChatterBot India reevaluating
2024-10-15 01:57:17.648738 Charlie: No
2024-10-15 01:57:17.648901 Victor: No
2024-10-15 01:57:17.649014 Hotel: No
2024-10-15 01:57:17.649138 Whiskey: No
2024-10-15 01:57:17.649257 Yankee: No
2024-10-15 01:57:17.649949 Sierra: No
2024-10-15 01:57:17.650056 Foxtrot: No
2024-10-15 01:57:17.650145 India: No
2024-10-15 01:57:17.650229 X-ray: No
ChatterBot Alpha reevaluating
ChatterBot Victor reevaluating
ChatterBot Hotel reevaluating
ChatterBot Whiskey reevaluating
ChatterBot Yankee reevaluating
ChatterBot Sierra reevaluating
ChatterBot Foxtrot reevaluating
ChatterBot India reevaluating
ChatterBot Alpha reevaluating
ChatterBot Hotel reevaluating
ChatterBot Whiskey reevaluating
ChatterBot Yankee reevaluating
ChatterBot Sierra reevaluating
ChatterBot Foxtrot reevaluating
ChatterBot India reevaluating
ChatterBot Alpha reevaluating
ChatterBot Victor reevaluating
ChatterBot Whiskey reevaluating
ChatterBot Yankee reevaluating
ChatterBot Sierra reevaluating
ChatterBot Foxtrot reevaluating
ChatterBot India reevaluating
ChatterBot Alpha reevaluating
ChatterBot Victor reevaluating
ChatterBot Hotel reevaluating
ChatterBot Yankee reevaluating
ChatterBot Sierra reevaluating
ChatterBot Foxtrot reevaluating
ChatterBot India reevaluating
ChatterBot Alpha reevaluating
ChatterBot Victor reevaluating
ChatterBot Hotel reevaluating
ChatterBot Whiskey reevaluating
ChatterBot Sierra reevaluating
ChatterBot Foxtrot reevaluating
ChatterBot India reevaluating
ChatterBot Alpha reevaluating
ChatterBot Victor reevaluating
ChatterBot Hotel reevaluating
ChatterBot Whiskey reevaluating
ChatterBot Yankee reevaluating
ChatterBot Foxtrot reevaluating
ChatterBot India reevaluating
ChatterBot Alpha reevaluating
ChatterBot Victor reevaluating
ChatterBot Hotel reevaluating
ChatterBot Whiskey reevaluating
ChatterBot Yankee reevaluating
ChatterBot Sierra reevaluating
ChatterBot India reevaluating
ChatterBot Alpha reevaluating
ChatterBot Victor reevaluating
ChatterBot Hotel reevaluating
ChatterBot Whiskey reevaluating
ChatterBot Yankee reevaluating
ChatterBot Sierra reevaluating
ChatterBot Foxtrot reevaluating
ChatterBot Alpha reevaluating
ChatterBot Victor reevaluating
ChatterBot Hotel reevaluating
ChatterBot Whiskey reevaluating
ChatterBot Yankee reevaluating
ChatterBot Sierra reevaluating
ChatterBot Foxtrot reevaluating
ChatterBot India reevaluating
2024-10-15 01:57:18.111877 Hotel: We should drop Victor
ChatterBot Alpha reevaluating
2024-10-15 01:57:18.124693 Charlie: No
2024-10-15 01:57:18.124972 Alpha: Yes
2024-10-15 01:57:18.125180 Whiskey: No
2024-10-15 01:57:18.126115 Yankee: No
ChatterBot Alpha reevaluating
ChatterBot Alpha reevaluating
ChatterBot Alpha reevaluating
2024-10-15 01:57:18.181829 X-ray: Sierra and Foxtrot, sending you 5
2024-10-15 01:57:18.182842 Sierra: Foxtrot, sending you 5
2024-10-15 01:57:18.183299 Foxtrot: Sierra and X-ray, sending you 4
2024-10-15 01:57:18.184229 Whiskey: Charlie, Hotel and Yankee, sending you 3
2024-10-15 01:57:18.185078 Charlie: Alpha, Victor and Hotel, sending you 2
2024-10-15 01:57:18.186423 India: Sierra, sending you 1
2024-10-15 01:57:18.186910 X-ray: India, sending you 4
2024-10-15 01:57:18.187827 Sierra: India, sending you 3
2024-10-15 01:57:18.188384 Foxtrot: India, sending you 2
2024-10-15 01:57:18.191596 Whiskey: Alpha, sending you 6
2024-10-15 01:57:18.192361 Charlie: Whiskey and Yankee, sending you 3
2024-10-15 01:57:18.193738 India: X-ray, sending you 4
2024-10-15 01:57:18.194448 Sierra: X-ray, sending you 6
2024-10-15 01:57:18.195441 Yankee: Charlie and Whiskey, sending you 2
2024-10-15 01:57:18.196311 Victor: Charlie, Alpha and Whiskey, sending you 2
2024-10-15 01:57:18.201747 Yankee: Alpha, sending you 4
2024-10-15 01:57:18.203329 Victor: Hotel, sending you 1
2024-10-15 01:57:18.642391 Hotel: Sending you each 2
2024-10-15 01:57:18.643349 Yankee: Victor, sending you 5
chatterbot X-ray submitting transactions
2024-10-15 01:57:18.647947 Yankee: Hotel, sending you 1
chatterbot Hotel submitting transactions
2024-10-15 01:57:18.682435 Alpha: Sending you each 3
chatterbot Alpha submitting transactions
chatterbot Foxtrot submitting transactions
chatterbot Charlie submitting transactions
chatterbot Yankee submitting transactions
chatterbot Whiskey submitting transactions
chatterbot Victor submitting transactions
chatterbot Sierra submitting transactions
chatterbot India submitting transactions
ChatterBot Sierra round 3
ChatterBot Charlie round 3
ChatterBot Foxtrot round 3
ChatterBot Alpha round 3
ChatterBot Victor round 3
ChatterBot Hotel round 3
ChatterBot India round 3
2024-10-15 01:57:19.562520 Sierra: We should add Alpha
ChatterBot Foxtrot reevaluating
ChatterBot India reevaluating
2024-10-15 01:57:19.573899 X-ray: No
2024-10-15 01:57:19.574077 Foxtrot: Yes
2024-10-15 01:57:19.574239 India: Yes
ChatterBot Foxtrot reevaluating
ChatterBot India reevaluating
ChatterBot India reevaluating
ChatterBot Foxtrot reevaluating
ChatterBot X-ray round 3
ChatterBot Whiskey round 3
ChatterBot Yankee round 3
2024-10-15 01:57:19.625080 Sierra: Alpha we want you to join our group
2024-10-15 01:57:19.628416 Alpha: No
ChatterBot Foxtrot reevaluating
ChatterBot India reevaluating
ChatterBot X-ray reevaluating
2024-10-15 01:57:19.641123 X-ray: We should add Alpha
ChatterBot Foxtrot reevaluating
ChatterBot India reevaluating
2024-10-15 01:57:19.649842 Sierra: Yes
2024-10-15 01:57:19.649973 Foxtrot: Yes
2024-10-15 01:57:19.650094 India: Yes
ChatterBot X-ray reevaluating
ChatterBot Foxtrot reevaluating
ChatterBot India reevaluating
ChatterBot X-ray reevaluating
ChatterBot India reevaluating
ChatterBot X-ray reevaluating
ChatterBot Foxtrot reevaluating
2024-10-15 01:57:19.690673 Foxtrot: Alpha we want you to join our group
2024-10-15 01:57:19.695177 Alpha: No
ChatterBot X-ray reevaluating
2024-10-15 01:57:19.712562 Hotel: Same as last round
2024-10-15 01:57:19.713 India: Alpha we want you to join our group
ChatterBot Alpha reevaluating
2024-10-15 01:57:19.718291 Alpha: No
2024-10-15 01:57:19.734878 X-ray: Alpha we want you to join our group
ChatterBot Alpha reevaluating
2024-10-15 01:57:19.739641 Alpha: No
2024-10-15 01:57:19.756921 Whiskey: Charlie, sending you 4
2024-10-15 01:57:19.757514 Victor: Charlie and Yankee, sending you 2
2024-10-15 01:57:19.757935 Charlie: Alpha, Victor and Hotel, sending you 2
2024-10-15 01:57:19.758959 Sierra: Foxtrot, sending you 4
2024-10-15 01:57:19.760880 Whiskey: Alpha, Hotel and Yankee, sending you 3
2024-10-15 01:57:19.761374 Yankee: Charlie and Whiskey, sending you 4
2024-10-15 01:57:19.761793 Victor: Alpha, Hotel and Whiskey, sending you 1
2024-10-15 01:57:19.762140 Sierra: Alpha, sending you 3
2024-10-15 01:57:19.762950 Charlie: Whiskey and Yankee, sending you 3
2024-10-15 01:57:19.763271 Foxtrot: Sierra and X-ray, sending you 4
2024-10-15 01:57:19.763662 Whiskey: Victor, sending you 2
2024-10-15 01:57:19.764889 Sierra: India, sending you 2
2024-10-15 01:57:19.765661 Yankee: Alpha, sending you 1
2024-10-15 01:57:19.766807 Foxtrot: Alpha, sending you 3
2024-10-15 01:57:19.767696 Sierra: X-ray, sending you 5
2024-10-15 01:57:19.770965 Yankee: Victor, sending you 3
2024-10-15 01:57:19.771421 Foxtrot: India, sending you 1
2024-10-15 01:57:19.774732 India: Sierra and Alpha, sending you 3
2024-10-15 01:57:19.775092 Yankee: Hotel, sending you 2
2024-10-15 01:57:19.778683 India: Foxtrot, sending you 2
2024-10-15 01:57:19.779655 X-ray: Sierra, sending you 5
2024-10-15 01:57:19.783666 India: X-ray, sending you 4
2024-10-15 01:57:19.784542 X-ray: Foxtrot, Alpha and India, sending you 3
chatterbot Yankee submitting transactions
chatterbot India submitting transactions
chatterbot X-ray submitting transactions
chatterbot Hotel submitting transactions
chatterbot Victor submitting transactions
chatterbot Alpha submitting transactions
chatterbot Charlie submitting transactions
chatterbot Sierra submitting transactions
chatterbot Foxtrot submitting transactions
chatterbot Whiskey submitting transactions
ChatterBot Sierra round 4
ChatterBot Charlie round 4
ChatterBot Foxtrot round 4
ChatterBot Alpha round 4
ChatterBot Victor round 4
ChatterBot Hotel round 4
ChatterBot India round 4
ChatterBot X-ray round 4
ChatterBot Whiskey round 4
ChatterBot Yankee round 4
2024-10-15 01:57:20.935810 Foxtrot: We should drop Alpha
ChatterBot X-ray reevaluating
ChatterBot India reevaluating
2024-10-15 01:57:20.943511 X-ray: Yes
2024-10-15 01:57:20.943672 Sierra: No
2024-10-15 01:57:20.943788 India: Yes
ChatterBot Sierra reevaluating
ChatterBot India reevaluating
ChatterBot X-ray reevaluating
ChatterBot India reevaluating
ChatterBot X-ray reevaluating
ChatterBot Sierra reevaluating
2024-10-15 01:57:20.968732 Victor: Charlie, Alpha and Yankee, sending you 2
2024-10-15 01:57:20.969934 Hotel: Same as last round
2024-10-15 01:57:20.970284 Charlie: Alpha, Victor and Hotel, sending you 2
2024-10-15 01:57:20.973687 Victor: Whiskey, sending you 1
2024-10-15 01:57:20.974656 Charlie: Whiskey and Yankee, sending you 3
2024-10-15 01:57:20.981663 Yankee: Charlie, sending you 4
2024-10-15 01:57:20.985684 Whiskey: Charlie, sending you 4
2024-10-15 01:57:20.986138 Foxtrot: Sierra and X-ray, sending you 4
2024-10-15 01:57:20.986459 Yankee: Alpha and Whiskey, sending you 3
2024-10-15 01:57:20.989654 Whiskey: Alpha, Hotel and Yankee, sending you 3
2024-10-15 01:57:20.990658 Foxtrot: India, sending you 3
2024-10-15 01:57:20.990972 Yankee: Victor and Hotel, sending you 2
2024-10-15 01:57:20.994688 Whiskey: Victor, sending you 2
2024-10-15 01:57:20.997666 Sierra: Foxtrot, sending you 5
2024-10-15 01:57:21.000686 Sierra: India, sending you 3
2024-10-15 01:57:21.005659 Sierra: X-ray, sending you 6
chatterbot Victor submitting transactions
chatterbot Hotel submitting transactions
chatterbot Alpha submitting transactions
chatterbot X-ray submitting transactions
chatterbot India submitting transactions
chatterbot Yankee submitting transactions
chatterbot Sierra submitting transactions
chatterbot Whiskey submitting transactions
chatterbot Charlie submitting transactions
chatterbot Foxtrot submitting transactions
ChatterBot Sierra round 5
ChatterBot Charlie round 5
ChatterBot Foxtrot round 5
ChatterBot Alpha round 5
ChatterBot Victor round 5
ChatterBot Hotel round 5
ChatterBot India round 5
ChatterBot X-ray round 5
ChatterBot Whiskey round 5
ChatterBot Yankee round 5
2024-10-15 01:57:22.202984 X-ray: We should drop Alpha
2024-10-15 01:57:22.212036 Sierra: Yes
2024-10-15 01:57:22.212225 Foxtrot: Yes
2024-10-15 01:57:22.212380 India: Yes
ChatterBot X-ray reevaluating
ChatterBot X-ray reevaluating
ChatterBot X-ray reevaluating
2024-10-15 01:57:22.232668 Sierra: Foxtrot and X-ray, sending you 5
2024-10-15 01:57:22.233669 Charlie: Alpha, Victor and Hotel, sending you 2
2024-10-15 01:57:22.234671 Foxtrot: Sierra and X-ray, sending you 4
2024-10-15 01:57:22.235013 Hotel: Same as last round
2024-10-15 01:57:22.237667 Sierra: India, sending you 4
2024-10-15 01:57:22.238148 Charlie: Whiskey and Yankee, sending you 3
2024-10-15 01:57:22.238709 Foxtrot: India, sending you 3
2024-10-15 01:57:22.243673 Whiskey: Charlie and Alpha, sending you 4
2024-10-15 01:57:22.244390 Yankee: Charlie, sending you 4
2024-10-15 01:57:22.246659 Whiskey: Victor, sending you 1
2024-10-15 01:57:22.247711 Victor: Charlie, Alpha and Yankee, sending you 2
2024-10-15 01:57:22.248725 Yankee: Alpha and Whiskey, sending you 3
2024-10-15 01:57:22.250940 India: Sierra, sending you 4
2024-10-15 01:57:22.251541 Whiskey: Hotel and Yankee, sending you 3
2024-10-15 01:57:22.252075 Victor: Whiskey, sending you 1
2024-10-15 01:57:22.252571 Yankee: Victor and Hotel, sending you 2
2024-10-15 01:57:22.253684 India: Foxtrot, sending you 3
2024-10-15 01:57:22.258647 India: X-ray, sending you 5
chatterbot Hotel submitting transactions
chatterbot Yankee submitting transactions
chatterbot Victor submitting transactions
chatterbot Alpha submitting transactions
chatterbot Foxtrot submitting transactions
chatterbot Whiskey submitting transactions
chatterbot Charlie submitting transactions
chatterbot Sierra submitting transactions
chatterbot India submitting transactions
chatterbot X-ray submitting transactions
ChatterBot Sierra round 6
ChatterBot Charlie round 6
ChatterBot Foxtrot round 6
ChatterBot Alpha round 6
ChatterBot Victor round 6
ChatterBot Hotel round 6
ChatterBot India round 6
ChatterBot X-ray round 6
ChatterBot Whiskey round 6
ChatterBot Yankee round 6
2024-10-15 01:57:23.391158 X-ray: We should drop Alpha
2024-10-15 01:57:23.397667 Sierra: Yes
2024-10-15 01:57:23.397883 Foxtrot: Yes
2024-10-15 01:57:23.398571 India: Yes
ChatterBot X-ray reevaluating
ChatterBot X-ray reevaluating
ChatterBot X-ray reevaluating
2024-10-15 01:57:23.427431 Hotel: Same as last round
2024-10-15 01:57:23.428043 Foxtrot: Sierra and X-ray, sending you 4
2024-10-15 01:57:23.428464 Victor: Charlie, Alpha and Yankee, sending you 2
2024-10-15 01:57:23.429001 Sierra: Foxtrot and X-ray, sending you 5
2024-10-15 01:57:23.429398 Charlie: Alpha, Victor and Hotel, sending you 2
2024-10-15 01:57:23.429946 Yankee: Charlie, sending you 4
2024-10-15 01:57:23.431144 India: Sierra, sending you 4
2024-10-15 01:57:23.432653 Foxtrot: India, sending you 3
2024-10-15 01:57:23.433031 Victor: Whiskey, sending you 1
2024-10-15 01:57:23.434525 Sierra: India, sending you 4
2024-10-15 01:57:23.434828 Charlie: Whiskey and Yankee, sending you 3
2024-10-15 01:57:23.435198 India: Foxtrot, sending you 3
2024-10-15 01:57:23.435470 Yankee: Alpha and Whiskey, sending you 3
2024-10-15 01:57:23.440313 India: X-ray, sending you 5
2024-10-15 01:57:23.440778 Yankee: Victor and Hotel, sending you 2
2024-10-15 01:57:23.444685 Whiskey: Charlie and Alpha, sending you 4
2024-10-15 01:57:23.450676 Whiskey: Victor, sending you 1
2024-10-15 01:57:23.454684 Whiskey: Hotel and Yankee, sending you 3
chatterbot India submitting transactions
chatterbot Foxtrot submitting transactions
chatterbot Whiskey submitting transactions
chatterbot Victor submitting transactions
chatterbot Charlie submitting transactions
chatterbot Sierra submitting transactions
chatterbot Hotel submitting transactions
chatterbot Yankee submitting transactions
chatterbot Alpha submitting transactions
chatterbot X-ray submitting transactions
ChatterBot Sierra round 7
ChatterBot Charlie round 7
ChatterBot Foxtrot round 7
ChatterBot Alpha round 7
ChatterBot Victor round 7
ChatterBot Hotel round 7
ChatterBot India round 7
ChatterBot X-ray round 7
ChatterBot Whiskey round 7
ChatterBot Yankee round 7
2024-10-15 01:57:24.589645 X-ray: We should drop Alpha
2024-10-15 01:57:24.597880 Sierra: Yes
2024-10-15 01:57:24.598068 Foxtrot: Yes
2024-10-15 01:57:24.598207 India: Yes
ChatterBot X-ray reevaluating
ChatterBot X-ray reevaluating
ChatterBot X-ray reevaluating
2024-10-15 01:57:24.632673 Sierra: Foxtrot and X-ray, sending you 5
2024-10-15 01:57:24.633966 Foxtrot: Sending you each 4
2024-10-15 01:57:24.634571 Victor: Charlie, Alpha and Yankee, sending you 2
2024-10-15 01:57:24.635169 Charlie: Alpha, Whiskey and Yankee, sending you 3
2024-10-15 01:57:24.635730 Hotel: Same as last round
2024-10-15 01:57:24.637691 Sierra: India, sending you 4
2024-10-15 01:57:24.638320 Victor: Whiskey, sending you 1
2024-10-15 01:57:24.640659 Charlie: Victor, sending you 2
2024-10-15 01:57:24.645690 Charlie: Hotel, sending you 1
2024-10-15 01:57:24.646953 Whiskey: Charlie and Alpha, sending you 4
2024-10-15 01:57:24.650683 Whiskey: Victor, sending you 1
2024-10-15 01:57:24.652028 Yankee: Charlie, sending you 4
2024-10-15 01:57:24.652901 India: Sierra, sending you 4
2024-10-15 01:57:24.654675 Whiskey: Hotel and Yankee, sending you 3
2024-10-15 01:57:24.656673 Yankee: Alpha and Whiskey, sending you 3
2024-10-15 01:57:24.657497 India: Foxtrot, sending you 3
2024-10-15 01:57:24.661679 Yankee: Victor and Hotel, sending you 2
2024-10-15 01:57:24.662772 India: X-ray, sending you 5
chatterbot Yankee submitting transactions
chatterbot Whiskey submitting transactions
chatterbot X-ray submitting transactions
chatterbot Hotel submitting transactions
chatterbot Alpha submitting transactions
chatterbot Charlie submitting transactions
chatterbot Sierra submitting transactions
chatterbot India submitting transactions
chatterbot Victor submitting transactions
chatterbot Foxtrot submitting transactions
ChatterBot Sierra round 8
ChatterBot Charlie round 8
ChatterBot Foxtrot round 8
ChatterBot Alpha round 8
ChatterBot Victor round 8
ChatterBot Hotel round 8
ChatterBot India round 8
ChatterBot X-ray round 8
ChatterBot Whiskey round 8
ChatterBot Yankee round 8
2024-10-15 01:57:25.899431 X-ray: We should drop Alpha
2024-10-15 01:57:25.912742 Sierra: Yes
2024-10-15 01:57:25.913191 Foxtrot: Yes
2024-10-15 01:57:25.914112 India: Yes
ChatterBot X-ray reevaluating
ChatterBot X-ray reevaluating
ChatterBot X-ray reevaluating
2024-10-15 01:57:25.949583 Charlie: Alpha, Whiskey and Yankee, sending you 3
2024-10-15 01:57:25.954059 Whiskey: Charlie and Alpha, sending you 4
2024-10-15 01:57:25.956078 Foxtrot: Same as last round
2024-10-15 01:57:25.957828 Charlie: Victor, sending you 1
2024-10-15 01:57:25.959690 Sierra: Foxtrot and X-ray, sending you 5
2024-10-15 01:57:25.960462 Hotel: Same as last round
2024-10-15 01:57:25.961757 India: Sierra and Foxtrot, sending you 4
2024-10-15 01:57:25.962530 Victor: Charlie, Alpha and Yankee, sending you 2
2024-10-15 01:57:25.964192 Whiskey: Victor, sending you 1
2024-10-15 01:57:25.965735 Charlie: Hotel, sending you 2
2024-10-15 01:57:25.966757 Sierra: India, sending you 4
2024-10-15 01:57:25.968087 India: X-ray, sending you 5
2024-10-15 01:57:25.969667 Yankee: Charlie, sending you 4
2024-10-15 01:57:25.971431 Victor: Whiskey, sending you 1
2024-10-15 01:57:25.972495 Whiskey: Hotel and Yankee, sending you 3
2024-10-15 01:57:25.974169 Yankee: Alpha and Whiskey, sending you 3
2024-10-15 01:57:25.979697 Yankee: Victor and Hotel, sending you 2
chatterbot Victor submitting transactions
chatterbot Sierra submitting transactions
chatterbot India submitting transactions
chatterbot Charlie submitting transactions
chatterbot Whiskey submitting transactions
chatterbot X-ray submitting transactions
chatterbot Alpha submitting transactions
chatterbot Foxtrot submitting transactions
chatterbot Yankee submitting transactions
chatterbot Hotel submitting transactions
ChatterBot Sierra round 9
ChatterBot Charlie round 9
ChatterBot Foxtrot round 9
ChatterBot Alpha round 9
ChatterBot Victor round 9
ChatterBot Hotel round 9
ChatterBot India round 9
ChatterBot X-ray round 9
ChatterBot Whiskey round 9
ChatterBot Yankee round 9
2024-10-15 01:57:27.148877 X-ray: We should drop Alpha
2024-10-15 01:57:27.155609 Sierra: Yes
2024-10-15 01:57:27.155766 Foxtrot: Yes
2024-10-15 01:57:27.155878 India: Yes
ChatterBot X-ray reevaluating
ChatterBot X-ray reevaluating
ChatterBot X-ray reevaluating
2024-10-15 01:57:27.177677 Hotel: Same as last round
2024-10-15 01:57:27.178672 Sierra: Foxtrot and X-ray, sending you 5
2024-10-15 01:57:27.179040 Charlie: Alpha, Whiskey and Yankee, sending you 3
2024-10-15 01:57:27.181723 Charlie: Victor, sending you 1
2024-10-15 01:57:27.183665 Sierra: India, sending you 4
2024-10-15 01:57:27.184678 Yankee: Charlie, sending you 4
2024-10-15 01:57:27.185254 Charlie: Hotel, sending you 2
2024-10-15 01:57:27.187667 India: Sierra and Foxtrot, sending you 4
2024-10-15 01:57:27.188107 Yankee: Alpha and Whiskey, sending you 3
2024-10-15 01:57:27.191706 India: X-ray, sending you 5
2024-10-15 01:57:27.192807 Foxtrot: Same as last round
2024-10-15 01:57:27.193674 Yankee: Victor and Hotel, sending you 2
2024-10-15 01:57:27.195920 Whiskey: Charlie, sending you 5
2024-10-15 01:57:27.196496 Victor: Charlie, Alpha and Yankee, sending you 2
2024-10-15 01:57:27.199024 Whiskey: Alpha, sending you 4
2024-10-15 01:57:27.199662 Victor: Whiskey, sending you 1
2024-10-15 01:57:27.202661 Whiskey: Victor, sending you 1
2024-10-15 01:57:27.207663 Whiskey: Hotel, sending you 2
2024-10-15 01:57:27.210649 Whiskey: Yankee, sending you 3
chatterbot Sierra submitting transactions
chatterbot Hotel submitting transactions
chatterbot Victor submitting transactions
chatterbot Yankee submitting transactions
chatterbot X-ray submitting transactions
chatterbot India submitting transactions
chatterbot Whiskey submitting transactions
chatterbot Alpha submitting transactions
chatterbot Charlie submitting transactions
chatterbot Foxtrot submitting transactions
ChatterBot Sierra round 10
ChatterBot Charlie round 10
ChatterBot Foxtrot round 10
ChatterBot Alpha round 10
ChatterBot Victor round 10
ChatterBot Hotel round 10
ChatterBot India round 10
ChatterBot X-ray round 10
ChatterBot Whiskey round 10
ChatterBot Yankee round 10
2024-10-15 01:57:28.348533 X-ray: We should drop Alpha
2024-10-15 01:57:28.355251 Sierra: Yes
2024-10-15 01:57:28.355452 Foxtrot: Yes
2024-10-15 01:57:28.356131 India: Yes
ChatterBot X-ray reevaluating
ChatterBot X-ray reevaluating
ChatterBot X-ray reevaluating
2024-10-15 01:57:28.377673 Foxtrot: Same as last round
2024-10-15 01:57:28.378680 Sierra: Foxtrot and X-ray, sending you 5
2024-10-15 01:57:28.379314 Charlie: Alpha, Whiskey and Yankee, sending you 3
2024-10-15 01:57:28.380291 India: Sierra and Foxtrot, sending you 4
2024-10-15 01:57:28.382084 Sierra: India, sending you 4
2024-10-15 01:57:28.383651 Charlie: Victor, sending you 1
2024-10-15 01:57:28.384343 India: X-ray, sending you 5
2024-10-15 01:57:28.388653 Charlie: Hotel, sending you 2
2024-10-15 01:57:28.393700 Hotel: Same as last round
2024-10-15 01:57:28.394221 Yankee: Charlie, sending you 4
2024-10-15 01:57:28.394951 Whiskey: Charlie, sending you 5
2024-10-15 01:57:28.397658 Victor: Charlie, Alpha and Yankee, sending you 2
2024-10-15 01:57:28.398832 Yankee: Alpha and Whiskey, sending you 3
2024-10-15 01:57:28.399384 Whiskey: Alpha, sending you 4
2024-10-15 01:57:28.401740 Yankee: Victor and Hotel, sending you 2
2024-10-15 01:57:28.402940 Victor: Whiskey, sending you 1
2024-10-15 01:57:28.403610 Whiskey: Victor, sending you 1
2024-10-15 01:57:28.407661 Whiskey: Hotel, sending you 2
2024-10-15 01:57:28.411651 Whiskey: Yankee, sending you 3
chatterbot Yankee submitting transactions
chatterbot Victor submitting transactions
chatterbot Charlie submitting transactions
chatterbot Sierra submitting transactions
chatterbot Hotel submitting transactions
chatterbot Whiskey submitting transactions
chatterbot Alpha submitting transactions
chatterbot Foxtrot submitting transactions
chatterbot India submitting transactions
chatterbot X-ray submitting transactions
ChatterBot Sierra round 11
ChatterBot Charlie round 11
ChatterBot Foxtrot round 11
ChatterBot Alpha round 11
ChatterBot Victor round 11
ChatterBot Hotel round 11
ChatterBot India round 11
ChatterBot X-ray round 11
ChatterBot Whiskey round 11
ChatterBot Yankee round 11
2024-10-15 01:57:29.557892 X-ray: We should drop Alpha
2024-10-15 01:57:29.563978 Sierra: Yes
2024-10-15 01:57:29.564149 Foxtrot: Yes
2024-10-15 01:57:29.564275 India: Yes
ChatterBot X-ray reevaluating
ChatterBot X-ray reevaluating
ChatterBot X-ray reevaluating
2024-10-15 01:57:29.582926 Alpha: We should drop Victor
2024-10-15 01:57:29.590208 Hotel: Yes
2024-10-15 01:57:29.590352 Charlie: No
2024-10-15 01:57:29.590456 Whiskey: No
2024-10-15 01:57:29.590552 Yankee: No
ChatterBot Alpha reevaluating
ChatterBot Alpha reevaluating
ChatterBot Alpha reevaluating
ChatterBot Alpha reevaluating
2024-10-15 01:57:29.620014 Hotel: Same as last round
2024-10-15 01:57:29.620401 Sierra: Foxtrot and X-ray, sending you 5
2024-10-15 01:57:29.620870 Victor: Charlie, Alpha and Yankee, sending you 2
2024-10-15 01:57:29.621473 Charlie: Alpha, Whiskey and Yankee, sending you 3
2024-10-15 01:57:29.622033 Foxtrot: Same as last round
2024-10-15 01:57:29.624694 Sierra: India, sending you 4
2024-10-15 01:57:29.625112 Victor: Whiskey, sending you 1
2024-10-15 01:57:29.625744 Charlie: Victor, sending you 1
2024-10-15 01:57:29.628647 Yankee: Charlie, sending you 4
2024-10-15 01:57:29.631663 Charlie: Hotel, sending you 2
2024-10-15 01:57:29.632656 Yankee: Alpha and Whiskey, sending you 3
2024-10-15 01:57:29.633228 Whiskey: Charlie, sending you 5
2024-10-15 01:57:29.636656 Yankee: Victor and Hotel, sending you 2
2024-10-15 01:57:29.638667 Whiskey: Alpha, sending you 4
2024-10-15 01:57:29.639654 India: Sierra and Foxtrot, sending you 4
2024-10-15 01:57:29.642666 India: X-ray, sending you 5
2024-10-15 01:57:29.644181 Whiskey: Victor, sending you 1
2024-10-15 01:57:29.647643 Whiskey: Hotel, sending you 2
2024-10-15 01:57:29.650691 Whiskey: Yankee, sending you 3
chatterbot Victor submitting transactions
chatterbot Charlie submitting transactions
chatterbot India submitting transactions
chatterbot X-ray submitting transactions
chatterbot Alpha submitting transactions
chatterbot Foxtrot submitting transactions
chatterbot Sierra submitting transactions
chatterbot Hotel submitting transactions
chatterbot Yankee submitting transactions
chatterbot Whiskey submitting transactions
ChatterBot Sierra round 12
ChatterBot Charlie round 12
ChatterBot Foxtrot round 12
ChatterBot Alpha round 12
ChatterBot Victor round 12
ChatterBot Hotel round 12
ChatterBot India round 12
ChatterBot X-ray round 12
ChatterBot Whiskey round 12
ChatterBot Yankee round 12
2024-10-15 01:57:30.829981 X-ray: We should drop Alpha
2024-10-15 01:57:30.836094 Sierra: Yes
2024-10-15 01:57:30.836259 Foxtrot: Yes
2024-10-15 01:57:30.836390 India: Yes
ChatterBot X-ray reevaluating
ChatterBot X-ray reevaluating
ChatterBot X-ray reevaluating
2024-10-15 01:57:30.857681 Charlie: Alpha, Whiskey and Yankee, sending you 3
2024-10-15 01:57:30.858676 Hotel: Same as last round
2024-10-15 01:57:30.859057 Sierra: Foxtrot and X-ray, sending you 5
2024-10-15 01:57:30.859489 India: Sending you each 4
2024-10-15 01:57:30.860326 Victor: Charlie, Alpha and Yankee, sending you 2
2024-10-15 01:57:30.860969 Foxtrot: Same as last round
2024-10-15 01:57:30.861653 Charlie: Victor, sending you 1
2024-10-15 01:57:30.862672 Sierra: India, sending you 4
2024-10-15 01:57:30.864885 Whiskey: Charlie, sending you 5
2024-10-15 01:57:30.865646 Victor: Whiskey, sending you 1
2024-10-15 01:57:30.866294 Charlie: Hotel, sending you 2
2024-10-15 01:57:30.867661 Whiskey: Alpha, sending you 4
2024-10-15 01:57:30.870661 Whiskey: Victor, sending you 1
2024-10-15 01:57:30.875688 Whiskey: Hotel, sending you 2
2024-10-15 01:57:30.876656 Yankee: Charlie, sending you 4
2024-10-15 01:57:30.879649 Whiskey: Yankee, sending you 3
2024-10-15 01:57:30.880280 Yankee: Alpha and Whiskey, sending you 3
2024-10-15 01:57:30.885653 Yankee: Victor and Hotel, sending you 2
chatterbot Sierra submitting transactions
chatterbot Whiskey submitting transactions
chatterbot Alpha submitting transactions
chatterbot Charlie submitting transactions
chatterbot India submitting transactions
chatterbot Hotel submitting transactions
chatterbot Foxtrot submitting transactions
chatterbot Victor submitting transactions
chatterbot X-ray submitting transactions
chatterbot Yankee submitting transactions
ChatterBot Sierra round 13
ChatterBot Charlie round 13
ChatterBot Foxtrot round 13
ChatterBot Alpha round 13
ChatterBot Victor round 13
ChatterBot Hotel round 13
ChatterBot India round 13
ChatterBot X-ray round 13
ChatterBot Whiskey round 13
ChatterBot Yankee round 13
2024-10-15 01:57:31.982799 X-ray: We should drop Alpha
2024-10-15 01:57:31.989994 Sierra: Yes
2024-10-15 01:57:31.990214 Foxtrot: Yes
2024-10-15 01:57:31.990386 India: Yes
ChatterBot X-ray reevaluating
ChatterBot X-ray reevaluating
ChatterBot X-ray reevaluating
2024-10-15 01:57:32.017192 Sierra: Foxtrot and X-ray, sending you 5
2024-10-15 01:57:32.021676 Sierra: India, sending you 4
2024-10-15 01:57:32.022360 Foxtrot: Same as last round
2024-10-15 01:57:32.023016 Hotel: Same as last round
2024-10-15 01:57:32.023697 Whiskey: Charlie, sending you 5
2024-10-15 01:57:32.025273 Charlie: Alpha, Whiskey and Yankee, sending you 3
2024-10-15 01:57:32.026332 India: Same as last round
2024-10-15 01:57:32.027782 Victor: Charlie, Alpha and Yankee, sending you 2
2024-10-15 01:57:32.029679 Whiskey: Alpha, sending you 4
2024-10-15 01:57:32.030839 Charlie: Victor, sending you 1
2024-10-15 01:57:32.033720 Victor: Whiskey, sending you 1
2024-10-15 01:57:32.034899 Whiskey: Victor, sending you 1
2024-10-15 01:57:32.036288 Charlie: Hotel, sending you 2
2024-10-15 01:57:32.039664 Whiskey: Hotel, sending you 2
2024-10-15 01:57:32.042656 Yankee: Charlie, sending you 4
2024-10-15 01:57:32.043214 Whiskey: Yankee, sending you 3
2024-10-15 01:57:32.047670 Yankee: Alpha and Whiskey, sending you 3
2024-10-15 01:57:32.052686 Yankee: Victor and Hotel, sending you 2
chatterbot Hotel submitting transactions
chatterbot Whiskey submitting transactions
chatterbot Yankee submitting transactions
chatterbot X-ray submitting transactions
chatterbot Charlie submitting transactions
chatterbot India submitting transactions
chatterbot Sierra submitting transactions
chatterbot Alpha submitting transactions
chatterbot Foxtrot submitting transactions
chatterbot Victor submitting transactions
ChatterBot Sierra round 14
ChatterBot Charlie round 14
ChatterBot Foxtrot round 14
ChatterBot Alpha round 14
ChatterBot Victor round 14
ChatterBot Hotel round 14
ChatterBot India round 14
ChatterBot X-ray round 14
ChatterBot Whiskey round 14
ChatterBot Yankee round 14
2024-10-15 01:57:33.160066 Alpha: We should drop Hotel
2024-10-15 01:57:33.171480 Charlie: No
2024-10-15 01:57:33.171674 Victor: No
2024-10-15 01:57:33.171808 Whiskey: No
2024-10-15 01:57:33.171924 Yankee: No
ChatterBot Alpha reevaluating
ChatterBot Alpha reevaluating
ChatterBot Alpha reevaluating
ChatterBot Alpha reevaluating
2024-10-15 01:57:33.210657 X-ray: We should drop Alpha
2024-10-15 01:57:33.216477 Sierra: Yes
2024-10-15 01:57:33.216641 Foxtrot: Yes
2024-10-15 01:57:33.216766 India: Yes
ChatterBot X-ray reevaluating
ChatterBot X-ray reevaluating
ChatterBot X-ray reevaluating
2024-10-15 01:57:33.244985 Sierra: Foxtrot and X-ray, sending you 5
2024-10-15 01:57:33.247654 Charlie: Alpha, Whiskey and Yankee, sending you 3
2024-10-15 01:57:33.248683 India: Same as last round
2024-10-15 01:57:33.249623 Whiskey: Charlie, sending you 5
2024-10-15 01:57:33.250352 Foxtrot: Same as last round
2024-10-15 01:57:33.250795 Sierra: India, sending you 4
2024-10-15 01:57:33.251183 Victor: Charlie, Hotel and Whiskey, sending you 1
2024-10-15 01:57:33.252107 Charlie: Victor, sending you 1
2024-10-15 01:57:33.253706 Whiskey: Alpha, sending you 4
2024-10-15 01:57:33.255309 Victor: Alpha and Yankee, sending you 2
2024-10-15 01:57:33.256181 Charlie: Hotel, sending you 2
2024-10-15 01:57:33.260040 Whiskey: Victor, sending you 1
2024-10-15 01:57:33.263693 Whiskey: Hotel, sending you 2
2024-10-15 01:57:33.267669 Yankee: Charlie, sending you 4
2024-10-15 01:57:33.269070 Hotel: Same as last round
2024-10-15 01:57:33.269503 Whiskey: Yankee, sending you 3
2024-10-15 01:57:33.271665 Yankee: Alpha and Whiskey, sending you 3
2024-10-15 01:57:33.274685 Yankee: Victor and Hotel, sending you 2
chatterbot Whiskey submitting transactions
chatterbot Foxtrot submitting transactions
chatterbot Charlie submitting transactions
chatterbot Hotel submitting transactions
chatterbot Yankee submitting transactions
chatterbot Alpha submitting transactions
chatterbot Sierra submitting transactions
chatterbot Victor submitting transactions
chatterbot India submitting transactions
chatterbot X-ray submitting transactions
ChatterBot Sierra round 15
ChatterBot Charlie round 15
ChatterBot Foxtrot round 15
ChatterBot Alpha round 15
ChatterBot Victor round 15
ChatterBot Hotel round 15
ChatterBot India round 15
ChatterBot X-ray round 15
