ChatterBot Sierra round 1
ChatterBot Quebec round 1
ChatterBot Delta round 1
randomSelections Sierra: {Sierra, Alpha, Quebec, Romeo, Yankee, November, Papa} 
2024-10-15 01:57:15.890785 Sierra: Let's form a team
ChatterBot Quebec reevaluating
2024-10-15 01:57:15.909922 Quebec: Yes
randomSelections Delta: {Delta, November, Hotel, Sierra, Quebec, Yankee} 
2024-10-15 01:57:15.936929 Delta: We should group up
ChatterBot Quebec reevaluating
2024-10-15 01:57:15.963533 Sierra: No
2024-10-15 01:57:15.965431 Quebec: No
ChatterBot Quebec reevaluating
ChatterBot Papa round 1
ChatterBot Papa reevaluating
ChatterBot Papa reevaluating
2024-10-15 01:57:16.013267 Papa: Yes
ChatterBot Quebec reevaluating
ChatterBot Hotel round 1
ChatterBot Hotel reevaluating
ChatterBot Hotel reevaluating
ChatterBot Hotel reevaluating
2024-10-15 01:57:16.022435 Hotel: Yes
ChatterBot Quebec reevaluating
ChatterBot Yankee round 1
ChatterBot Yankee reevaluating
ChatterBot Yankee reevaluating
ChatterBot Yankee reevaluating
ChatterBot Yankee reevaluating
ChatterBot Yankee reevaluating
ChatterBot Yankee reevaluating
ChatterBot Yankee reevaluating
2024-10-15 01:57:16.038225 Yankee: Yes
2024-10-15 01:57:16.038401 Yankee: No
ChatterBot Quebec reevaluating
ChatterBot Papa reevaluating
ChatterBot Hotel reevaluating
ChatterBot Quebec reevaluating
ChatterBot Romeo round 1
ChatterBot Romeo reevaluating
ChatterBot Romeo reevaluating
ChatterBot Romeo reevaluating
ChatterBot Romeo reevaluating
2024-10-15 01:57:16.055679 Romeo: Yes
ChatterBot Quebec reevaluating
ChatterBot Yankee reevaluating
ChatterBot Papa reevaluating
ChatterBot November round 1
ChatterBot November reevaluating
ChatterBot November reevaluating
ChatterBot November reevaluating
ChatterBot November reevaluating
ChatterBot November reevaluating
ChatterBot November reevaluating
ChatterBot November reevaluating
ChatterBot November reevaluating
ChatterBot November reevaluating
ChatterBot November reevaluating
2024-10-15 01:57:16.075713 November: Yes
2024-10-15 01:57:16.075951 November: No
ChatterBot Quebec reevaluating
ChatterBot Romeo reevaluating
ChatterBot Yankee reevaluating
ChatterBot Papa reevaluating
ChatterBot Hotel reevaluating
ChatterBot Quebec reevaluating
ChatterBot Yankee reevaluating
ChatterBot Bravo round 1
ChatterBot Alpha round 1
ChatterBot Alpha reevaluating
ChatterBot Alpha reevaluating
ChatterBot Alpha reevaluating
ChatterBot Alpha reevaluating
ChatterBot Alpha reevaluating
ChatterBot Alpha reevaluating
2024-10-15 01:57:16.108157 Alpha: Yes
ChatterBot Quebec reevaluating
ChatterBot Romeo reevaluating
ChatterBot Yankee reevaluating
ChatterBot November reevaluating
ChatterBot Papa reevaluating
randomSelections Bravo: {Bravo, November, Delta, Hotel} 
2024-10-15 01:57:16.128076 Bravo: Can we be friends?
2024-10-15 01:57:16.130856 November: No
2024-10-15 01:57:16.131178 Delta: No
2024-10-15 01:57:16.131295 Hotel: No
2024-10-15 01:57:16.146666 Delta: Sierra, sending you 2
2024-10-15 01:57:16.147231 Sierra: Quebec and Romeo, sending you 1
2024-10-15 01:57:16.149681 Delta: Quebec, sending you 4
2024-10-15 01:57:16.151668 Sierra: Papa, sending you 6
2024-10-15 01:57:16.152889 Hotel: Sierra and Quebec, sending you 2
2024-10-15 01:57:16.153679 Romeo: Sierra and Alpha, sending you 1
2024-10-15 01:57:16.154308 Bravo: Delta, sending you 1
2024-10-15 01:57:16.154744 Delta: Yankee and November, sending you 3
2024-10-15 01:57:16.156228 Sierra: November, sending you 3
2024-10-15 01:57:16.156949 Hotel: Delta, Yankee and November, sending you 1
2024-10-15 01:57:16.157568 Romeo: Papa, sending you 3
2024-10-15 01:57:16.158123 Papa: Sierra, Yankee and Romeo, sending you 1
2024-10-15 01:57:16.158730 Bravo: Hotel, sending you 6
2024-10-15 01:57:16.159699 Yankee: Sierra, Papa and Romeo, sending you 2
2024-10-15 01:57:16.160528 Alpha: Sierra and Papa, sending you 1
2024-10-15 01:57:16.162670 Romeo: Yankee and November, sending you 2
2024-10-15 01:57:16.163268 November: Sierra and Romeo, sending you 4
2024-10-15 01:57:16.163812 Papa: Quebec, sending you 2
2024-10-15 01:57:16.164201 Yankee: Quebec and November, sending you 1
2024-10-15 01:57:16.164598 Bravo: November, sending you 3
2024-10-15 01:57:16.164962 Alpha: Quebec, sending you 2
2024-10-15 01:57:16.165398 Quebec: Sierra and November, sending you 3
2024-10-15 01:57:16.166916 Papa: Alpha, sending you 3
2024-10-15 01:57:16.167602 Yankee: Alpha, sending you 4
2024-10-15 01:57:16.168142 November: Quebec and Papa, sending you 1
2024-10-15 01:57:16.168692 Alpha: Yankee and Romeo, sending you 3
2024-10-15 01:57:16.170681 Quebec: Papa and Alpha, sending you 2
2024-10-15 01:57:16.173243 November: Yankee, sending you 2
2024-10-15 01:57:16.173744 Alpha: November, sending you 4
2024-10-15 01:57:16.174695 Quebec: Yankee and Romeo, sending you 1
chatterbot Yankee submitting transactions
chatterbot Quebec submitting transactions
chatterbot Delta submitting transactions
chatterbot Alpha submitting transactions
chatterbot November submitting transactions
chatterbot Romeo submitting transactions
chatterbot Sierra submitting transactions
chatterbot Bravo submitting transactions
chatterbot Hotel submitting transactions
chatterbot Papa submitting transactions
ChatterBot Sierra round 2
ChatterBot Quebec round 2
ChatterBot Delta round 2
ChatterBot Papa round 2
ChatterBot Hotel round 2
ChatterBot Yankee round 2
ChatterBot Romeo round 2
ChatterBot November round 2
ChatterBot Bravo round 2
ChatterBot Alpha round 2
2024-10-15 01:57:17.841887 Delta: Can we be friends?
ChatterBot Hotel reevaluating
ChatterBot Bravo reevaluating
2024-10-15 01:57:17.865950 Hotel: Yes
2024-10-15 01:57:17.866191 Bravo: Yes
ChatterBot Bravo reevaluating
ChatterBot Hotel reevaluating
2024-10-15 01:57:17.906709 Quebec: We should add Delta
ChatterBot Alpha reevaluating
ChatterBot Yankee reevaluating
ChatterBot November reevaluating
ChatterBot Papa reevaluating
2024-10-15 01:57:17.935707 Sierra: No
2024-10-15 01:57:17.935909 Alpha: No
2024-10-15 01:57:17.936091 Romeo: No
2024-10-15 01:57:17.936296 Yankee: Yes
2024-10-15 01:57:17.936443 November: Yes
2024-10-15 01:57:17.937173 Papa: No
ChatterBot Alpha reevaluating
ChatterBot Yankee reevaluating
ChatterBot November reevaluating
ChatterBot Papa reevaluating
ChatterBot Yankee reevaluating
ChatterBot November reevaluating
ChatterBot Papa reevaluating
ChatterBot Alpha reevaluating
ChatterBot Yankee reevaluating
ChatterBot November reevaluating
ChatterBot Papa reevaluating
ChatterBot Alpha reevaluating
ChatterBot November reevaluating
ChatterBot Papa reevaluating
ChatterBot Alpha reevaluating
ChatterBot Yankee reevaluating
ChatterBot Papa reevaluating
ChatterBot Alpha reevaluating
ChatterBot Yankee reevaluating
ChatterBot November reevaluating
2024-10-15 01:57:18.162307 Quebec: Delta we want you to join our group
2024-10-15 01:57:18.171215 Delta: No
ChatterBot November reevaluating
ChatterBot Papa reevaluating
ChatterBot Yankee reevaluating
ChatterBot Alpha reevaluating
2024-10-15 01:57:18.230487 Bravo: We should drop November
2024-10-15 01:57:18.244664 Delta: Yes
2024-10-15 01:57:18.244837 Hotel: Yes
2024-10-15 01:57:18.267255 Yankee: Delta we want you to join our group
2024-10-15 01:57:18.274624 Delta: No
2024-10-15 01:57:18.317746 Alpha: We should drop Sierra and November
2024-10-15 01:57:18.343415 Quebec: No
2024-10-15 01:57:18.343610 Papa: No
2024-10-15 01:57:18.343767 Yankee: No
2024-10-15 01:57:18.344458 Romeo: No
2024-10-15 01:57:18.444247 Hotel: Delta, sending you 1
2024-10-15 01:57:18.445255 Delta: Hotel, sending you 5
2024-10-15 01:57:18.445514 Sierra: Quebec, Papa, Yankee, Romeo and November, sending you 2
2024-10-15 01:57:18.446471 Romeo: Sierra, Quebec, Papa and Yankee, sending you 1
chatterbot Sierra submitting transactions
2024-10-15 01:57:18.474960 Hotel: Bravo, sending you 3
2024-10-15 01:57:18.475868 Delta: Bravo, sending you 4
2024-10-15 01:57:18.476045 Romeo: November, sending you 3
2024-10-15 01:57:18.476467 Sierra: Alpha, sending you 1
2024-10-15 01:57:18.476787 Quebec: Sierra, Papa, Yankee, November and Alpha, sending you 2
2024-10-15 01:57:18.493793 Romeo: Alpha, sending you 2
2024-10-15 01:57:18.494429 Quebec: Delta, sending you 3
2024-10-15 01:57:18.495290 Alpha: Quebec, sending you 3
2024-10-15 01:57:18.495605 Bravo: Delta and Hotel, sending you 7
2024-10-15 01:57:18.495889 November: Sierra, Quebec and Alpha, sending you 3
2024-10-15 01:57:18.496928 Papa: Sierra, sending you 3
2024-10-15 01:57:18.497367 Yankee: Sierra, sending you 1
chatterbot Romeo submitting transactions
2024-10-15 01:57:18.549540 Alpha: Papa, sending you 4
2024-10-15 01:57:18.550263 November: Yankee, sending you 1
2024-10-15 01:57:18.550640 Papa: Quebec, Yankee and November, sending you 1
2024-10-15 01:57:18.550979 Yankee: Quebec, Papa, Romeo and November, sending you 2
2024-10-15 01:57:18.582255 Alpha: Yankee, sending you 5
2024-10-15 01:57:18.582639 November: Romeo, sending you 2
2024-10-15 01:57:18.583496 Papa: Romeo, sending you 2
2024-10-15 01:57:18.583891 Yankee: Delta and Alpha, sending you 3
chatterbot Delta submitting transactions
chatterbot Bravo submitting transactions
2024-10-15 01:57:18.600683 Alpha: Romeo, sending you 2
chatterbot Papa submitting transactions
chatterbot November submitting transactions
chatterbot Alpha submitting transactions
chatterbot Hotel submitting transactions
chatterbot Yankee submitting transactions
chatterbot Quebec submitting transactions
ChatterBot Sierra round 3
ChatterBot Quebec round 3
ChatterBot Delta round 3
ChatterBot Papa round 3
ChatterBot Hotel round 3
ChatterBot Yankee round 3
ChatterBot Romeo round 3
ChatterBot November round 3
ChatterBot Bravo round 3
2024-10-15 01:57:19.225810 Delta: We should add Quebec
ChatterBot Hotel reevaluating
ChatterBot Bravo reevaluating
2024-10-15 01:57:19.235065 Hotel: No
2024-10-15 01:57:19.235372 Bravo: No
ChatterBot Delta reevaluating
ChatterBot Bravo reevaluating
ChatterBot Delta reevaluating
ChatterBot Hotel reevaluating
ChatterBot Alpha round 3
2024-10-15 01:57:19.270678 Quebec: We should drop Delta
ChatterBot Alpha reevaluating
ChatterBot November reevaluating
2024-10-15 01:57:19.288465 Sierra: Yes
2024-10-15 01:57:19.288818 Alpha: Yes
2024-10-15 01:57:19.289006 Romeo: Yes
2024-10-15 01:57:19.289794 Yankee: Yes
2024-10-15 01:57:19.290206 November: Yes
2024-10-15 01:57:19.290661 Papa: Yes
ChatterBot Alpha reevaluating
ChatterBot November reevaluating
ChatterBot November reevaluating
ChatterBot Alpha reevaluating
ChatterBot November reevaluating
ChatterBot Alpha reevaluating
ChatterBot November reevaluating
ChatterBot Alpha reevaluating
ChatterBot Alpha reevaluating
ChatterBot November reevaluating
2024-10-15 01:57:19.389888 Alpha: We should add November
2024-10-15 01:57:19.399621 Quebec: Yes
2024-10-15 01:57:19.399750 Papa: Yes
2024-10-15 01:57:19.399844 Yankee: Yes
2024-10-15 01:57:19.399934 Romeo: Yes
ChatterBot Alpha reevaluating
ChatterBot Alpha reevaluating
ChatterBot Alpha reevaluating
ChatterBot Alpha reevaluating
2024-10-15 01:57:19.442325 Delta: We should add Yankee
ChatterBot Hotel reevaluating
ChatterBot Bravo reevaluating
2024-10-15 01:57:19.448263 Hotel: No
2024-10-15 01:57:19.448387 Bravo: No
ChatterBot Delta reevaluating
ChatterBot Bravo reevaluating
ChatterBot Delta reevaluating
ChatterBot Hotel reevaluating
2024-10-15 01:57:19.466682 Sierra: Quebec, Papa, Yankee, Romeo and November, sending you 2
2024-10-15 01:57:19.467723 Papa: Sierra, sending you 3
2024-10-15 01:57:19.470676 Alpha: Sierra and November we want you to join our group
ChatterBot November reevaluating
2024-10-15 01:57:19.478782 Sierra: Yes
2024-10-15 01:57:19.478981 November: No
ChatterBot November reevaluating
2024-10-15 01:57:19.512528 Sierra: Alpha, sending you 1
2024-10-15 01:57:19.513348 Papa: Quebec, Yankee and Romeo, sending you 1
2024-10-15 01:57:19.516692 Quebec: Sierra, Papa and Yankee, sending you 2
2024-10-15 01:57:19.517335 Delta: Sending you each 4
2024-10-15 01:57:19.518089 Hotel: Sending you each 2
2024-10-15 01:57:19.518577 November: We should drop Papa
ChatterBot Alpha reevaluating
2024-10-15 01:57:19.530833 Sierra: No
2024-10-15 01:57:19.530955 Quebec: No
2024-10-15 01:57:19.531054 Yankee: No
2024-10-15 01:57:19.531149 Romeo: No
2024-10-15 01:57:19.531242 Alpha: Yes
ChatterBot Alpha reevaluating
ChatterBot Alpha reevaluating
ChatterBot Alpha reevaluating
ChatterBot November reevaluating
ChatterBot Alpha reevaluating
ChatterBot November reevaluating
2024-10-15 01:57:19.595557 Yankee: Sierra, Quebec, Papa, Romeo and November, sending you 2
2024-10-15 01:57:19.596645 Papa: Alpha, sending you 2
2024-10-15 01:57:19.597213 Romeo: Sierra, Quebec and Papa, sending you 1
2024-10-15 01:57:19.598109 Bravo: Delta, sending you 8
2024-10-15 01:57:19.598333 Quebec: Romeo, sending you 1
2024-10-15 01:57:19.600184 Yankee: Alpha, sending you 4
2024-10-15 01:57:19.600718 Bravo: Hotel, sending you 6
2024-10-15 01:57:19.602685 Romeo: Yankee, November and Alpha, sending you 2
2024-10-15 01:57:19.603711 Quebec: November and Alpha, sending you 3
2024-10-15 01:57:19.620684 Alpha: Sierra, sending you 1
chatterbot Romeo submitting transactions
2024-10-15 01:57:19.626279 Alpha: Quebec, sending you 3
2024-10-15 01:57:19.630689 Alpha: Papa, Romeo and November, sending you 2
2024-10-15 01:57:19.634672 Alpha: Yankee, sending you 4
chatterbot Yankee submitting transactions
chatterbot November submitting transactions
chatterbot Bravo submitting transactions
chatterbot Quebec submitting transactions
chatterbot Hotel submitting transactions
chatterbot Delta submitting transactions
chatterbot Papa submitting transactions
chatterbot Sierra submitting transactions
chatterbot Alpha submitting transactions
ChatterBot Sierra round 4
ChatterBot Quebec round 4
ChatterBot Delta round 4
ChatterBot Papa round 4
ChatterBot Hotel round 4
ChatterBot Yankee round 4
ChatterBot Romeo round 4
ChatterBot November round 4
ChatterBot Bravo round 4
ChatterBot Alpha round 4
2024-10-15 01:57:20.701952 Sierra: Quebec, Papa, Yankee, Romeo and November, sending you 2
2024-10-15 01:57:20.704037 Yankee: Sierra, Quebec, Papa, Romeo and November, sending you 2
2024-10-15 01:57:20.706 Hotel: Delta, sending you 3
2024-10-15 01:57:20.706564 Bravo: Delta, sending you 8
2024-10-15 01:57:20.717449 Quebec: Sierra, Papa and Yankee, sending you 2
2024-10-15 01:57:20.719266 Sierra: Alpha, sending you 1
2024-10-15 01:57:20.720683 Yankee: Alpha, sending you 4
2024-10-15 01:57:20.722173 Hotel: Bravo, sending you 2
2024-10-15 01:57:20.722689 Romeo: Sierra, Quebec and Papa, sending you 1
2024-10-15 01:57:20.724120 Bravo: Hotel, sending you 6
2024-10-15 01:57:20.724745 Delta: Hotel, sending you 4
2024-10-15 01:57:20.725673 Papa: Sierra, sending you 3
2024-10-15 01:57:20.726443 Quebec: Romeo, sending you 1
2024-10-15 01:57:20.727849 Alpha: Sierra, sending you 1
2024-10-15 01:57:20.729654 Romeo: Yankee, November and Alpha, sending you 2
2024-10-15 01:57:20.731620 Papa: Quebec, Yankee and Romeo, sending you 1
2024-10-15 01:57:20.733102 Delta: Bravo, sending you 3
2024-10-15 01:57:20.733736 Quebec: November, sending you 4
2024-10-15 01:57:20.735207 Alpha: Quebec, sending you 3
2024-10-15 01:57:20.736979 Papa: Alpha, sending you 2
2024-10-15 01:57:20.741461 Quebec: Alpha, sending you 3
2024-10-15 01:57:20.743252 Alpha: Papa, Romeo and November, sending you 2
2024-10-15 01:57:20.748042 Alpha: Yankee, sending you 4
chatterbot Quebec submitting transactions
chatterbot Sierra submitting transactions
chatterbot Bravo submitting transactions
chatterbot Yankee submitting transactions
chatterbot Hotel submitting transactions
chatterbot Delta submitting transactions
chatterbot Papa submitting transactions
chatterbot Romeo submitting transactions
chatterbot November submitting transactions
chatterbot Alpha submitting transactions
ChatterBot Sierra round 5
ChatterBot Quebec round 5
ChatterBot Delta round 5
ChatterBot Papa round 5
ChatterBot Hotel round 5
ChatterBot Yankee round 5
ChatterBot Romeo round 5
ChatterBot November round 5
ChatterBot Bravo round 5
ChatterBot Alpha round 5
2024-10-15 01:57:22.018039 Quebec: Sierra, Papa and Yankee, sending you 2
2024-10-15 01:57:22.019097 Sierra: Quebec, Papa, Yankee, Romeo and November, sending you 2
2024-10-15 01:57:22.020731 Papa: Sierra, Quebec and Alpha, sending you 2
2024-10-15 01:57:22.021684 Quebec: Romeo, sending you 1
2024-10-15 01:57:22.024958 Sierra: Alpha, sending you 1
2024-10-15 01:57:22.025876 Papa: Yankee and Romeo, sending you 1
2024-10-15 01:57:22.027078 Delta: Hotel, sending you 5
2024-10-15 01:57:22.027680 Quebec: November, sending you 4
2024-10-15 01:57:22.029019 Hotel: Delta, sending you 3
2024-10-15 01:57:22.029690 Bravo: Delta, sending you 8
2024-10-15 01:57:22.030079 Delta: Bravo, sending you 3
2024-10-15 01:57:22.030678 Quebec: Alpha, sending you 3
2024-10-15 01:57:22.032696 Hotel: Bravo, sending you 2
2024-10-15 01:57:22.032998 Bravo: Hotel, sending you 6
2024-10-15 01:57:22.033956 Alpha: Sierra, sending you 1
2024-10-15 01:57:22.034632 Romeo: Sierra, Yankee, November and Alpha, sending you 2
2024-10-15 01:57:22.035401 Yankee: Sierra, Quebec, Papa, Romeo and November, sending you 2
2024-10-15 01:57:22.037667 Alpha: Quebec, sending you 3
2024-10-15 01:57:22.038892 Romeo: Papa, sending you 1
2024-10-15 01:57:22.040689 Yankee: Alpha, sending you 4
2024-10-15 01:57:22.041665 Alpha: Papa, Romeo and November, sending you 2
2024-10-15 01:57:22.046814 Alpha: Yankee, sending you 4
chatterbot Sierra submitting transactions
chatterbot Hotel submitting transactions
chatterbot Bravo submitting transactions
chatterbot Yankee submitting transactions
chatterbot Papa submitting transactions
chatterbot Delta submitting transactions
chatterbot November submitting transactions
chatterbot Romeo submitting transactions
chatterbot Alpha submitting transactions
chatterbot Quebec submitting transactions
ChatterBot Sierra round 6
ChatterBot Quebec round 6
ChatterBot Delta round 6
ChatterBot Papa round 6
ChatterBot Hotel round 6
ChatterBot Yankee round 6
ChatterBot Romeo round 6
ChatterBot November round 6
ChatterBot Bravo round 6
ChatterBot Alpha round 6
2024-10-15 01:57:23.194597 November: We should add Papa
ChatterBot Alpha reevaluating
2024-10-15 01:57:23.210951 Sierra: Yes
2024-10-15 01:57:23.211095 Quebec: Yes
2024-10-15 01:57:23.211221 Yankee: Yes
2024-10-15 01:57:23.211339 Romeo: Yes
2024-10-15 01:57:23.211453 Alpha: Yes
ChatterBot November reevaluating
ChatterBot Alpha reevaluating
ChatterBot November reevaluating
ChatterBot Alpha reevaluating
ChatterBot November reevaluating
ChatterBot Alpha reevaluating
ChatterBot November reevaluating
ChatterBot Alpha reevaluating
ChatterBot November reevaluating
2024-10-15 01:57:23.307843 Alpha: We should drop Sierra
ChatterBot November reevaluating
2024-10-15 01:57:23.329120 Quebec: No
2024-10-15 01:57:23.329301 Papa: No
2024-10-15 01:57:23.329452 Yankee: No
2024-10-15 01:57:23.329597 Romeo: No
2024-10-15 01:57:23.329744 November: No
ChatterBot November reevaluating
ChatterBot Alpha reevaluating
ChatterBot November reevaluating
ChatterBot Alpha reevaluating
ChatterBot November reevaluating
ChatterBot Alpha reevaluating
ChatterBot November reevaluating
ChatterBot Alpha reevaluating
2024-10-15 01:57:23.409809 Delta: Hotel, sending you 5
2024-10-15 01:57:23.410153 Papa: Sierra, Quebec, Yankee and Alpha, sending you 2
2024-10-15 01:57:23.412675 Sierra: Quebec, Papa, Yankee, Romeo and November, sending you 2
2024-10-15 01:57:23.413757 Quebec: Sierra, Papa and Yankee, sending you 2
2024-10-15 01:57:23.415530 Romeo: Sierra, Yankee, November and Alpha, sending you 2
2024-10-15 01:57:23.416484 Delta: Bravo, sending you 3
2024-10-15 01:57:23.416898 Hotel: Delta, sending you 3
2024-10-15 01:57:23.417734 Yankee: Sierra, Quebec, Papa, Romeo and November, sending you 2
2024-10-15 01:57:23.418535 Sierra: Alpha, sending you 1
2024-10-15 01:57:23.419320 Quebec: Romeo, sending you 1
2024-10-15 01:57:23.420643 Romeo: Papa, sending you 1
2024-10-15 01:57:23.421575 November: Papa we want you to join our group
2024-10-15 01:57:23.425819 Papa: Yes
ChatterBot Alpha reevaluating
2024-10-15 01:57:23.452892 Hotel: Bravo, sending you 2
2024-10-15 01:57:23.453284 Yankee: Alpha, sending you 4
2024-10-15 01:57:23.454909 Quebec: November, sending you 4
2024-10-15 01:57:23.458672 Quebec: Alpha, sending you 3
2024-10-15 01:57:23.460022 Bravo: Delta, sending you 8
2024-10-15 01:57:23.462736 Bravo: Hotel, sending you 6
2024-10-15 01:57:23.484996 Alpha: Sierra, sending you 1
2024-10-15 01:57:23.488664 Alpha: Quebec, sending you 3
2024-10-15 01:57:23.493657 Alpha: Papa, Romeo and November, sending you 2
2024-10-15 01:57:23.497668 Alpha: Yankee, sending you 4
chatterbot Bravo submitting transactions
chatterbot Sierra submitting transactions
chatterbot Alpha submitting transactions
chatterbot Papa submitting transactions
chatterbot Yankee submitting transactions
chatterbot Hotel submitting transactions
chatterbot Romeo submitting transactions
chatterbot Quebec submitting transactions
chatterbot Delta submitting transactions
chatterbot November submitting transactions
ChatterBot Sierra round 7
ChatterBot Quebec round 7
ChatterBot Delta round 7
ChatterBot Papa round 7
ChatterBot Hotel round 7
ChatterBot Yankee round 7
ChatterBot Romeo round 7
ChatterBot November round 7
ChatterBot Bravo round 7
ChatterBot Alpha round 7
2024-10-15 01:57:24.628974 November: We should add Papa
2024-10-15 01:57:24.645251 Sierra: Yes
2024-10-15 01:57:24.645468 Quebec: Yes
2024-10-15 01:57:24.645717 Yankee: Yes
2024-10-15 01:57:24.645915 Romeo: Yes
2024-10-15 01:57:24.646074 Alpha: Yes
ChatterBot Alpha reevaluating
ChatterBot Alpha reevaluating
ChatterBot Alpha reevaluating
2024-10-15 01:57:24.714522 November: Papa we want you to join our group
2024-10-15 01:57:24.717205 Papa: Yes
ChatterBot Alpha reevaluating
2024-10-15 01:57:24.730218 Sierra: Quebec, Papa, Yankee, Romeo and November, sending you 2
2024-10-15 01:57:24.731227 Delta: Hotel, sending you 5
2024-10-15 01:57:24.733676 Sierra: Alpha, sending you 1
2024-10-15 01:57:24.734836 Romeo: Sierra, Yankee, November and Alpha, sending you 2
2024-10-15 01:57:24.735863 Quebec: Sierra, Papa and Yankee, sending you 2
2024-10-15 01:57:24.737036 Delta: Bravo, sending you 3
2024-10-15 01:57:24.737344 Yankee: Sierra, Quebec, Papa, Romeo and November, sending you 2
2024-10-15 01:57:24.738201 Hotel: Delta, sending you 3
2024-10-15 01:57:24.738889 Papa: Sierra, Quebec, Yankee and Alpha, sending you 2
2024-10-15 01:57:24.739906 Quebec: Romeo, sending you 1
2024-10-15 01:57:24.740827 Romeo: Quebec, sending you 1
2024-10-15 01:57:24.742691 Yankee: Alpha, sending you 4
2024-10-15 01:57:24.743373 Hotel: Bravo, sending you 2
2024-10-15 01:57:24.743751 Quebec: November, sending you 4
2024-10-15 01:57:24.747675 Quebec: Alpha, sending you 3
2024-10-15 01:57:24.752665 Bravo: Delta, sending you 8
2024-10-15 01:57:24.755662 Bravo: Hotel, sending you 6
2024-10-15 01:57:24.760653 Alpha: Sierra, sending you 1
2024-10-15 01:57:24.766088 Alpha: Quebec, sending you 3
2024-10-15 01:57:24.771674 Alpha: Papa, Romeo and November, sending you 2
2024-10-15 01:57:24.776683 Alpha: Yankee, sending you 4
chatterbot Delta submitting transactions
chatterbot Romeo submitting transactions
chatterbot November submitting transactions
chatterbot Hotel submitting transactions
chatterbot Quebec submitting transactions
chatterbot Alpha submitting transactions
chatterbot Yankee submitting transactions
chatterbot Papa submitting transactions
chatterbot Bravo submitting transactions
chatterbot Sierra submitting transactions
ChatterBot Sierra round 8
ChatterBot Quebec round 8
ChatterBot Delta round 8
ChatterBot Papa round 8
ChatterBot Hotel round 8
ChatterBot Yankee round 8
ChatterBot Romeo round 8
ChatterBot November round 8
ChatterBot Bravo round 8
2024-10-15 01:57:25.825208 November: We should add Papa
2024-10-15 01:57:25.853904 Sierra: Yes
2024-10-15 01:57:25.854482 Quebec: Yes
2024-10-15 01:57:25.855631 Yankee: Yes
2024-10-15 01:57:25.855877 Romeo: Yes
2024-10-15 01:57:25.856147 Alpha: Yes
ChatterBot Alpha round 8
2024-10-15 01:57:25.994098 November: Papa we want you to join our group
2024-10-15 01:57:25.997451 Papa: Yes
2024-10-15 01:57:26.019164 Quebec: Sierra, Papa and Yankee, sending you 2
2024-10-15 01:57:26.023686 Quebec: Romeo, sending you 1
2024-10-15 01:57:26.025742 Yankee: Sierra, Quebec, Papa, Romeo and November, sending you 2
2024-10-15 01:57:26.026858 Hotel: Delta, sending you 3
2024-10-15 01:57:26.027266 Bravo: Delta, sending you 8
2024-10-15 01:57:26.028657 Romeo: Sierra, Yankee, November and Alpha, sending you 2
2024-10-15 01:57:26.031299 Quebec: November and Alpha, sending you 3
2024-10-15 01:57:26.032610 Yankee: Alpha, sending you 4
2024-10-15 01:57:26.034618 Sierra: Quebec, Papa, Yankee, Romeo and November, sending you 2
2024-10-15 01:57:26.035826 Delta: Hotel, sending you 5
2024-10-15 01:57:26.036254 Hotel: Bravo, sending you 2
2024-10-15 01:57:26.036574 Bravo: Hotel, sending you 6
2024-10-15 01:57:26.037458 Romeo: Quebec, sending you 1
2024-10-15 01:57:26.038647 Papa: Sierra, Quebec, Yankee and Alpha, sending you 2
2024-10-15 01:57:26.040298 Sierra: Alpha, sending you 1
2024-10-15 01:57:26.041797 Delta: Bravo, sending you 3
2024-10-15 01:57:26.042296 Alpha: Sierra, sending you 1
2024-10-15 01:57:26.047357 Alpha: Quebec, sending you 3
2024-10-15 01:57:26.052657 Alpha: Papa, Romeo and November, sending you 2
2024-10-15 01:57:26.059681 Alpha: Yankee, sending you 4
chatterbot Yankee submitting transactions
chatterbot November submitting transactions
chatterbot Romeo submitting transactions
chatterbot Papa submitting transactions
chatterbot Alpha submitting transactions
chatterbot Delta submitting transactions
chatterbot Quebec submitting transactions
chatterbot Sierra submitting transactions
chatterbot Bravo submitting transactions
chatterbot Hotel submitting transactions
ChatterBot Sierra round 9
ChatterBot Quebec round 9
ChatterBot Delta round 9
ChatterBot Papa round 9
ChatterBot Hotel round 9
ChatterBot Yankee round 9
ChatterBot Romeo round 9
ChatterBot November round 9
ChatterBot Bravo round 9
ChatterBot Alpha round 9
2024-10-15 01:57:27.145234 November: We should add Papa
2024-10-15 01:57:27.153262 Sierra: Yes
2024-10-15 01:57:27.153399 Quebec: Yes
2024-10-15 01:57:27.154185 Yankee: Yes
2024-10-15 01:57:27.154295 Romeo: Yes
2024-10-15 01:57:27.154393 Alpha: Yes
ChatterBot Alpha reevaluating
ChatterBot Alpha reevaluating
2024-10-15 01:57:27.203878 November: Papa we want you to join our group
2024-10-15 01:57:27.206274 Papa: Yes
ChatterBot Alpha reevaluating
2024-10-15 01:57:27.217500 Sierra: Quebec, Papa, Yankee, Romeo and November, sending you 2
2024-10-15 01:57:27.218177 Romeo: Sierra, Yankee, November and Alpha, sending you 2
2024-10-15 01:57:27.221677 Romeo: Quebec, sending you 1
2024-10-15 01:57:27.222729 Sierra: Alpha, sending you 1
2024-10-15 01:57:27.223985 Yankee: Sierra, Quebec, Papa, Romeo and November, sending you 2
2024-10-15 01:57:27.224758 Quebec: Sierra, Papa and Yankee, sending you 2
2024-10-15 01:57:27.225389 Delta: Hotel, sending you 5
2024-10-15 01:57:27.225670 Hotel: Delta, sending you 3
2024-10-15 01:57:27.226316 Papa: Sierra, Quebec, Yankee and Alpha, sending you 2
2024-10-15 01:57:27.227045 Alpha: We should drop Sierra
2024-10-15 01:57:27.235879 Quebec: No
2024-10-15 01:57:27.236003 Papa: No
2024-10-15 01:57:27.236095 Yankee: No
2024-10-15 01:57:27.236196 Romeo: No
2024-10-15 01:57:27.236288 November: No
ChatterBot Alpha reevaluating
ChatterBot Alpha reevaluating
ChatterBot Alpha reevaluating
ChatterBot Alpha reevaluating
ChatterBot Alpha reevaluating
2024-10-15 01:57:27.301191 Bravo: Delta, sending you 8
2024-10-15 01:57:27.301609 Quebec: Romeo, sending you 1
2024-10-15 01:57:27.302384 Delta: Bravo, sending you 2
2024-10-15 01:57:27.302628 Yankee: Alpha, sending you 4
2024-10-15 01:57:27.303503 Hotel: Bravo, sending you 1
2024-10-15 01:57:27.305668 Bravo: Hotel, sending you 6
2024-10-15 01:57:27.305993 Quebec: November and Alpha, sending you 3
2024-10-15 01:57:27.325685 Alpha: Sierra, sending you 1
2024-10-15 01:57:27.332656 Alpha: Quebec, sending you 3
2024-10-15 01:57:27.338642 Alpha: Papa, Romeo and November, sending you 2
2024-10-15 01:57:27.343649 Alpha: Yankee, sending you 4
chatterbot Hotel submitting transactions
chatterbot November submitting transactions
chatterbot Quebec submitting transactions
chatterbot Sierra submitting transactions
chatterbot Romeo submitting transactions
chatterbot Bravo submitting transactions
chatterbot Delta submitting transactions
chatterbot Papa submitting transactions
chatterbot Alpha submitting transactions
chatterbot Yankee submitting transactions
ChatterBot Sierra round 10
ChatterBot Quebec round 10
ChatterBot Delta round 10
ChatterBot Papa round 10
ChatterBot Hotel round 10
ChatterBot Yankee round 10
ChatterBot Romeo round 10
ChatterBot November round 10
ChatterBot Bravo round 10
ChatterBot Alpha round 10
2024-10-15 01:57:28.283571 November: We should add Papa
2024-10-15 01:57:28.296943 Sierra: Yes
2024-10-15 01:57:28.297134 Quebec: Yes
2024-10-15 01:57:28.297286 Yankee: Yes
2024-10-15 01:57:28.297431 Romeo: Yes
2024-10-15 01:57:28.297577 Alpha: Yes
ChatterBot Alpha reevaluating
ChatterBot Alpha reevaluating
ChatterBot Alpha reevaluating
2024-10-15 01:57:28.380574 November: Papa we want you to join our group
2024-10-15 01:57:28.383213 Papa: Yes
ChatterBot Alpha reevaluating
2024-10-15 01:57:28.397070 Quebec: Sierra, Papa and Yankee, sending you 2
2024-10-15 01:57:28.398045 Delta: Hotel, sending you 5
2024-10-15 01:57:28.401726 Quebec: Romeo, sending you 1
2024-10-15 01:57:28.402883 Delta: Bravo, sending you 2
2024-10-15 01:57:28.403673 Papa: Sierra, Quebec, Yankee and Alpha, sending you 2
2024-10-15 01:57:28.405662 Quebec: November and Alpha, sending you 3
2024-10-15 01:57:28.407670 Bravo: Delta, sending you 8
2024-10-15 01:57:28.409663 Romeo: Sierra, Yankee, November and Alpha, sending you 2
2024-10-15 01:57:28.411685 Hotel: Delta, sending you 3
2024-10-15 01:57:28.413307 Bravo: Hotel, sending you 6
2024-10-15 01:57:28.413793 Yankee: Sierra, Quebec, Papa, Romeo and November, sending you 2
2024-10-15 01:57:28.414882 Romeo: Quebec, sending you 1
2024-10-15 01:57:28.416645 Hotel: Bravo, sending you 1
2024-10-15 01:57:28.417656 Alpha: Sierra, sending you 1
2024-10-15 01:57:28.419117 Sierra: Quebec, Papa, Yankee, Romeo and November, sending you 2
2024-10-15 01:57:28.419983 Yankee: Alpha, sending you 4
2024-10-15 01:57:28.423118 Alpha: Quebec, sending you 3
2024-10-15 01:57:28.424672 Sierra: Alpha, sending you 1
2024-10-15 01:57:28.428669 Alpha: Papa, Romeo and November, sending you 2
2024-10-15 01:57:28.432658 Alpha: Yankee, sending you 4
chatterbot Quebec submitting transactions
chatterbot Yankee submitting transactions
chatterbot Delta submitting transactions
chatterbot Sierra submitting transactions
chatterbot Bravo submitting transactions
chatterbot Papa submitting transactions
chatterbot Alpha submitting transactions
chatterbot Hotel submitting transactions
chatterbot November submitting transactions
chatterbot Romeo submitting transactions
ChatterBot Sierra round 11
ChatterBot Quebec round 11
ChatterBot Delta round 11
ChatterBot Papa round 11
ChatterBot Hotel round 11
ChatterBot Yankee round 11
ChatterBot Romeo round 11
ChatterBot November round 11
ChatterBot Bravo round 11
ChatterBot Alpha round 11
2024-10-15 01:57:29.438186 November: We should add Papa
2024-10-15 01:57:29.448065 Sierra: Yes
2024-10-15 01:57:29.448208 Quebec: Yes
2024-10-15 01:57:29.448313 Yankee: Yes
2024-10-15 01:57:29.448412 Romeo: Yes
2024-10-15 01:57:29.448509 Alpha: Yes
ChatterBot Alpha reevaluating
ChatterBot Alpha reevaluating
ChatterBot Alpha reevaluating
2024-10-15 01:57:29.512868 November: Papa we want you to join our group
2024-10-15 01:57:29.514996 Papa: Yes
ChatterBot Alpha reevaluating
2024-10-15 01:57:29.529655 Yankee: Sierra, Quebec, Papa, Romeo and November, sending you 2
2024-10-15 01:57:29.532229 Alpha: We should drop Sierra
2024-10-15 01:57:29.542312 Quebec: No
2024-10-15 01:57:29.542483 Papa: No
2024-10-15 01:57:29.542620 Yankee: No
2024-10-15 01:57:29.542761 Romeo: No
2024-10-15 01:57:29.542875 November: No
ChatterBot Alpha reevaluating
ChatterBot Alpha reevaluating
ChatterBot Alpha reevaluating
ChatterBot Alpha reevaluating
ChatterBot Alpha reevaluating
2024-10-15 01:57:29.590629 Quebec: Sierra, Papa and Yankee, sending you 2
2024-10-15 01:57:29.591373 Delta: Hotel, sending you 6
2024-10-15 01:57:29.591646 Sierra: Quebec, Papa, Yankee, Romeo and November, sending you 2
2024-10-15 01:57:29.592339 Yankee: Alpha, sending you 4
2024-10-15 01:57:29.593297 Papa: Sierra, Quebec, Yankee and Alpha, sending you 2
2024-10-15 01:57:29.593961 Romeo: Sierra, Yankee, November and Alpha, sending you 2
2024-10-15 01:57:29.594661 Sierra: Alpha, sending you 1
2024-10-15 01:57:29.595659 Quebec: Romeo, sending you 1
2024-10-15 01:57:29.596641 Bravo: Delta, sending you 8
2024-10-15 01:57:29.596966 Delta: Bravo, sending you 2
2024-10-15 01:57:29.597917 Hotel: Delta, sending you 3
2024-10-15 01:57:29.598225 Romeo: Quebec, sending you 1
2024-10-15 01:57:29.599647 Quebec: November and Alpha, sending you 3
2024-10-15 01:57:29.600575 Bravo: Hotel, sending you 6
2024-10-15 01:57:29.602652 Hotel: Bravo, sending you 1
2024-10-15 01:57:29.616650 Alpha: Sierra, sending you 1
2024-10-15 01:57:29.622657 Alpha: Quebec, sending you 3
2024-10-15 01:57:29.627692 Alpha: Papa, Romeo and November, sending you 2
2024-10-15 01:57:29.630666 Alpha: Yankee, sending you 4
chatterbot Romeo submitting transactions
chatterbot Yankee submitting transactions
chatterbot Papa submitting transactions
chatterbot Quebec submitting transactions
chatterbot Alpha submitting transactions
chatterbot Delta submitting transactions
chatterbot November submitting transactions
chatterbot Sierra submitting transactions
chatterbot Bravo submitting transactions
chatterbot Hotel submitting transactions
ChatterBot Sierra round 12
ChatterBot Quebec round 12
ChatterBot Delta round 12
ChatterBot Papa round 12
ChatterBot Hotel round 12
ChatterBot Yankee round 12
ChatterBot Romeo round 12
ChatterBot November round 12
ChatterBot Bravo round 12
ChatterBot Alpha round 12
2024-10-15 01:57:30.795416 November: We should add Papa
ChatterBot Alpha reevaluating
2024-10-15 01:57:30.807255 Sierra: Yes
2024-10-15 01:57:30.807400 Quebec: Yes
2024-10-15 01:57:30.807528 Yankee: Yes
2024-10-15 01:57:30.807659 Romeo: Yes
2024-10-15 01:57:30.807780 Alpha: Yes
ChatterBot Alpha reevaluating
ChatterBot Alpha reevaluating
ChatterBot Alpha reevaluating
ChatterBot Alpha reevaluating
2024-10-15 01:57:30.854738 November: Papa we want you to join our group
2024-10-15 01:57:30.857177 Papa: Yes
ChatterBot Alpha reevaluating
2024-10-15 01:57:30.870683 Quebec: Sierra, Papa and Yankee, sending you 2
2024-10-15 01:57:30.871667 Papa: Sierra, Quebec, Yankee and Alpha, sending you 2
2024-10-15 01:57:30.873094 Sierra: Quebec, Papa, Yankee, Romeo and November, sending you 2
2024-10-15 01:57:30.874104 Delta: Hotel, sending you 6
2024-10-15 01:57:30.874663 Quebec: Romeo, sending you 1
2024-10-15 01:57:30.876336 Alpha: We should drop November
2024-10-15 01:57:30.887674 Sierra: No
2024-10-15 01:57:30.887817 Quebec: No
2024-10-15 01:57:30.888379 Papa: No
2024-10-15 01:57:30.888503 Yankee: No
2024-10-15 01:57:30.888650 Romeo: No
ChatterBot Alpha reevaluating
ChatterBot Alpha reevaluating
ChatterBot Alpha reevaluating
ChatterBot Alpha reevaluating
ChatterBot Alpha reevaluating
2024-10-15 01:57:30.951945 Hotel: Delta, sending you 2
2024-10-15 01:57:30.952270 Romeo: Sierra, Yankee, November and Alpha, sending you 2
2024-10-15 01:57:30.953009 Yankee: Sierra, Quebec, Papa, Romeo and November, sending you 2
2024-10-15 01:57:30.955165 Sierra: Alpha, sending you 1
2024-10-15 01:57:30.955980 Delta: Bravo, sending you 2
2024-10-15 01:57:30.956229 Quebec: November and Alpha, sending you 3
2024-10-15 01:57:30.957193 Bravo: Delta, sending you 8
2024-10-15 01:57:30.958088 Hotel: Bravo, sending you 1
2024-10-15 01:57:30.958399 Romeo: Quebec, sending you 1
2024-10-15 01:57:30.959144 Yankee: Alpha, sending you 4
2024-10-15 01:57:30.960692 Bravo: Hotel, sending you 6
2024-10-15 01:57:30.975654 Alpha: Sierra, sending you 1
2024-10-15 01:57:30.979678 Alpha: Quebec, sending you 3
2024-10-15 01:57:30.984660 Alpha: Papa, Romeo and November, sending you 2
2024-10-15 01:57:30.989650 Alpha: Yankee, sending you 4
chatterbot Romeo submitting transactions
chatterbot Yankee submitting transactions
chatterbot Hotel submitting transactions
chatterbot Papa submitting transactions
chatterbot Alpha submitting transactions
chatterbot November submitting transactions
chatterbot Quebec submitting transactions
chatterbot Delta submitting transactions
chatterbot Sierra submitting transactions
chatterbot Bravo submitting transactions
ChatterBot Sierra round 13
ChatterBot Quebec round 13
ChatterBot Delta round 13
ChatterBot Papa round 13
ChatterBot Hotel round 13
ChatterBot Yankee round 13
ChatterBot Romeo round 13
ChatterBot November round 13
ChatterBot Bravo round 13
ChatterBot Alpha round 13
2024-10-15 01:57:31.945602 November: We should add Papa
ChatterBot Alpha reevaluating
2024-10-15 01:57:31.962650 Sierra: Yes
2024-10-15 01:57:31.962843 Quebec: Yes
2024-10-15 01:57:31.962995 Yankee: Yes
2024-10-15 01:57:31.963144 Romeo: Yes
2024-10-15 01:57:31.963288 Alpha: Yes
ChatterBot Alpha reevaluating
ChatterBot Alpha reevaluating
ChatterBot Alpha reevaluating
ChatterBot Alpha reevaluating
2024-10-15 01:57:32.028440 November: Papa we want you to join our group
2024-10-15 01:57:32.031194 Papa: Yes
ChatterBot Alpha reevaluating
2024-10-15 01:57:32.045025 Papa: Sierra, Quebec, Yankee and Alpha, sending you 2
2024-10-15 01:57:32.046416 Sierra: Quebec, Papa, Yankee, Romeo and November, sending you 2
2024-10-15 01:57:32.047360 Yankee: Sierra, Quebec, Papa, Romeo and November, sending you 2
2024-10-15 01:57:32.048395 Quebec: Sierra, Papa and Yankee, sending you 2
2024-10-15 01:57:32.049519 Delta: Hotel, sending you 6
2024-10-15 01:57:32.050138 Alpha: We should drop Sierra
2024-10-15 01:57:32.061809 Quebec: No
2024-10-15 01:57:32.061953 Papa: No
2024-10-15 01:57:32.062067 Yankee: No
2024-10-15 01:57:32.062183 Romeo: No
2024-10-15 01:57:32.062294 November: No
ChatterBot Alpha reevaluating
2024-10-15 01:57:32.105109 Sierra: Alpha, sending you 1
2024-10-15 01:57:32.106113 Yankee: Alpha, sending you 4
2024-10-15 01:57:32.106839 Quebec: Romeo, sending you 1
2024-10-15 01:57:32.107549 Delta: Bravo, sending you 2
2024-10-15 01:57:32.108663 Hotel: Delta, sending you 2
2024-10-15 01:57:32.111691 Quebec: November and Alpha, sending you 3
2024-10-15 01:57:32.113726 Bravo: Delta, sending you 8
2024-10-15 01:57:32.114268 Hotel: Bravo, sending you 1
2024-10-15 01:57:32.116711 Bravo: Hotel, sending you 6
2024-10-15 01:57:32.135654 Alpha: Sierra, sending you 1
2024-10-15 01:57:32.140119 Alpha: Quebec, sending you 3
2024-10-15 01:57:32.144662 Alpha: Papa, Romeo and November, sending you 2
2024-10-15 01:57:32.150665 Alpha: Yankee, sending you 4
chatterbot Bravo submitting transactions
chatterbot Yankee submitting transactions
chatterbot Hotel submitting transactions
chatterbot Quebec submitting transactions
chatterbot Papa submitting transactions
chatterbot Alpha submitting transactions
chatterbot Sierra submitting transactions
chatterbot Delta submitting transactions
chatterbot Romeo submitting transactions
chatterbot November submitting transactions
ChatterBot Sierra round 14
ChatterBot Quebec round 14
ChatterBot Delta round 14
ChatterBot Papa round 14
ChatterBot Hotel round 14
ChatterBot Yankee round 14
ChatterBot Romeo round 14
ChatterBot November round 14
ChatterBot Bravo round 14
ChatterBot Alpha round 14
2024-10-15 01:57:33.205685 November: We should replace Alpha with Papa
ChatterBot Quebec reevaluating
2024-10-15 01:57:33.221438 Sierra: No
2024-10-15 01:57:33.221634 Quebec: No
2024-10-15 01:57:33.221794 Yankee: No
2024-10-15 01:57:33.221945 Romeo: No
