ChatterBot Whiskey round 1
ChatterBot Romeo round 1
ChatterBot Bravo round 1
ChatterBot Tango round 1
ChatterBot Sierra round 1
ChatterBot November round 1
ChatterBot Foxtrot round 1
ChatterBot Echo round 1
ChatterBot Juliett round 1
ChatterBot Yankee round 1
randomSelections Sierra: {Sierra, Juliett} 
2024-10-15 01:57:15.696417 Sierra: Group up?
ChatterBot Juliett reevaluating
2024-10-15 01:57:15.700295 Juliett: Yes
randomSelections November: {November, Yankee, Whiskey, Romeo, Foxtrot, Sierra, Tango} 
2024-10-15 01:57:15.704427 November: We would work well together
ChatterBot Yankee reevaluating
ChatterBot Whiskey reevaluating
ChatterBot Romeo reevaluating
ChatterBot Foxtrot reevaluating
ChatterBot Tango reevaluating
2024-10-15 01:57:15.721911 Yankee: Yes
2024-10-15 01:57:15.722210 Whiskey: Yes
2024-10-15 01:57:15.722662 Romeo: Yes
2024-10-15 01:57:15.722864 Foxtrot: Yes
2024-10-15 01:57:15.723796 Sierra: No
2024-10-15 01:57:15.724048 Tango: Yes
ChatterBot Whiskey reevaluating
ChatterBot Romeo reevaluating
ChatterBot Foxtrot reevaluating
ChatterBot Tango reevaluating
ChatterBot Yankee reevaluating
ChatterBot Romeo reevaluating
ChatterBot Foxtrot reevaluating
ChatterBot Tango reevaluating
ChatterBot Yankee reevaluating
ChatterBot Whiskey reevaluating
ChatterBot Foxtrot reevaluating
ChatterBot Tango reevaluating
ChatterBot Yankee reevaluating
ChatterBot Whiskey reevaluating
ChatterBot Romeo reevaluating
ChatterBot Tango reevaluating
ChatterBot Yankee reevaluating
ChatterBot Whiskey reevaluating
ChatterBot Romeo reevaluating
ChatterBot Foxtrot reevaluating
ChatterBot Tango reevaluating
ChatterBot Yankee reevaluating
ChatterBot Whiskey reevaluating
ChatterBot Romeo reevaluating
ChatterBot Foxtrot reevaluating
randomSelections Echo: {Echo, Yankee, Tango, Bravo, Sierra} 
2024-10-15 01:57:15.829446 Echo: We would work well together
ChatterBot Yankee reevaluating
ChatterBot Tango reevaluating
ChatterBot Bravo reevaluating
2024-10-15 01:57:15.842076 Yankee: No
2024-10-15 01:57:15.842834 Tango: No
2024-10-15 01:57:15.843002 Bravo: Yes
2024-10-15 01:57:15.843137 Sierra: No
ChatterBot Tango reevaluating
ChatterBot Bravo reevaluating
ChatterBot Yankee reevaluating
ChatterBot Bravo reevaluating
ChatterBot Yankee reevaluating
ChatterBot Tango reevaluating
ChatterBot Yankee reevaluating
ChatterBot Tango reevaluating
ChatterBot Bravo reevaluating
2024-10-15 01:57:16.009024 Echo: Bravo, sending you 1
2024-10-15 01:57:16.010348 Whiskey: Romeo, Tango, November and Yankee, sending you 3
2024-10-15 01:57:16.011048 Foxtrot: Whiskey and Yankee, sending you 4
2024-10-15 01:57:16.012261 Bravo: Tango, sending you 7
2024-10-15 01:57:16.013026 Sierra: Sending you 3
2024-10-15 01:57:16.013300 Tango: November, sending you 1
2024-10-15 01:57:16.014422 Romeo: Whiskey, Tango, November and Yankee, sending you 1
2024-10-15 01:57:16.015235 Juliett: Sending you 4
2024-10-15 01:57:16.016109 November: Whiskey, sending you 2
2024-10-15 01:57:16.016698 Whiskey: Sierra and Foxtrot, sending you 1
2024-10-15 01:57:16.017801 Echo: Tango, Sierra and Yankee, sending you 2
2024-10-15 01:57:16.018270 Foxtrot: Romeo and November, sending you 1
2024-10-15 01:57:16.018662 Tango: Foxtrot, sending you 2
2024-10-15 01:57:16.019660 Yankee: Romeo, Tango and Sierra, sending you 3
2024-10-15 01:57:16.020203 Bravo: Sierra and Echo, sending you 2
2024-10-15 01:57:16.021435 Romeo: Sierra and Foxtrot, sending you 2
2024-10-15 01:57:16.022204 November: Romeo and Sierra, sending you 4
2024-10-15 01:57:16.023436 Foxtrot: Tango and Sierra, sending you 2
2024-10-15 01:57:16.024289 Tango: Yankee, sending you 4
2024-10-15 01:57:16.025413 Yankee: November, sending you 1
2024-10-15 01:57:16.025916 Bravo: Yankee, sending you 3
2024-10-15 01:57:16.027158 November: Foxtrot, sending you 1
2024-10-15 01:57:16.030722 Yankee: Foxtrot, sending you 4
2024-10-15 01:57:16.032693 November: Yankee, sending you 3
chatterbot November submitting transactions
chatterbot Romeo submitting transactions
chatterbot Bravo submitting transactions
chatterbot Echo submitting transactions
chatterbot Sierra submitting transactions
chatterbot Tango submitting transactions
chatterbot Whiskey submitting transactions
chatterbot Yankee submitting transactions
chatterbot Juliett submitting transactions
chatterbot Foxtrot submitting transactions
ChatterBot Whiskey round 2
ChatterBot Romeo round 2
ChatterBot Bravo round 2
ChatterBot Tango round 2
ChatterBot Sierra round 2
ChatterBot November round 2
ChatterBot Foxtrot round 2
ChatterBot Echo round 2
ChatterBot Juliett round 2
ChatterBot Yankee round 2
2024-10-15 01:57:17.232166 Echo: Let's form a team
ChatterBot Bravo reevaluating
2024-10-15 01:57:17.239407 Bravo: Yes
2024-10-15 01:57:17.244568 Bravo: We should replace Sierra with Foxtrot
ChatterBot Tango reevaluating
ChatterBot Yankee reevaluating
2024-10-15 01:57:17.263754 Tango: Yes
2024-10-15 01:57:17.264407 Yankee: Yes
2024-10-15 01:57:17.264589 Echo: No
ChatterBot Bravo reevaluating
ChatterBot Yankee reevaluating
ChatterBot Bravo reevaluating
ChatterBot Tango reevaluating
ChatterBot Bravo reevaluating
ChatterBot Tango reevaluating
ChatterBot Yankee reevaluating
2024-10-15 01:57:17.356521 Sierra: Let's form a team
ChatterBot Romeo reevaluating
ChatterBot November reevaluating
2024-10-15 01:57:17.379425 Juliett: No
2024-10-15 01:57:17.379596 Whiskey: No
2024-10-15 01:57:17.379721 Romeo: No
2024-10-15 01:57:17.379828 November: No
ChatterBot Sierra reevaluating
ChatterBot Romeo reevaluating
ChatterBot November reevaluating
ChatterBot Sierra reevaluating
ChatterBot Juliett reevaluating
ChatterBot Romeo reevaluating
ChatterBot November reevaluating
ChatterBot Sierra reevaluating
ChatterBot Juliett reevaluating
ChatterBot November reevaluating
ChatterBot Sierra reevaluating
ChatterBot Juliett reevaluating
ChatterBot Romeo reevaluating
2024-10-15 01:57:17.502589 Whiskey: We should drop Sierra
ChatterBot Romeo reevaluating
ChatterBot November reevaluating
ChatterBot Tango reevaluating
ChatterBot Yankee reevaluating
2024-10-15 01:57:17.534026 Romeo: Yes
2024-10-15 01:57:17.534172 November: Yes
2024-10-15 01:57:17.534265 Tango: Yes
2024-10-15 01:57:17.534359 Foxtrot: Yes
2024-10-15 01:57:17.534506 Yankee: Yes
ChatterBot November reevaluating
ChatterBot Tango reevaluating
ChatterBot Yankee reevaluating
ChatterBot Romeo reevaluating
ChatterBot Tango reevaluating
ChatterBot Yankee reevaluating
ChatterBot Romeo reevaluating
ChatterBot November reevaluating
ChatterBot Yankee reevaluating
ChatterBot Romeo reevaluating
ChatterBot November reevaluating
ChatterBot Tango reevaluating
ChatterBot Yankee reevaluating
ChatterBot Romeo reevaluating
ChatterBot November reevaluating
ChatterBot Tango reevaluating
2024-10-15 01:57:17.919954 Yankee: We should replace Sierra with Bravo
ChatterBot Romeo reevaluating
ChatterBot November reevaluating
ChatterBot Tango reevaluating
2024-10-15 01:57:17.968869 Whiskey: No
2024-10-15 01:57:17.969061 Romeo: No
2024-10-15 01:57:17.969227 November: No
2024-10-15 01:57:17.969850 Tango: Yes
2024-10-15 01:57:17.970050 Foxtrot: No
ChatterBot Romeo reevaluating
ChatterBot November reevaluating
ChatterBot Tango reevaluating
ChatterBot Yankee reevaluating
ChatterBot November reevaluating
ChatterBot Tango reevaluating
ChatterBot Yankee reevaluating
ChatterBot Romeo reevaluating
ChatterBot Tango reevaluating
ChatterBot Yankee reevaluating
ChatterBot Romeo reevaluating
ChatterBot November reevaluating
ChatterBot Yankee reevaluating
ChatterBot Romeo reevaluating
ChatterBot November reevaluating
ChatterBot Tango reevaluating
ChatterBot Yankee reevaluating
2024-10-15 01:57:18.123771 Bravo: Foxtrot we want you to join our group
2024-10-15 01:57:18.129550 Foxtrot: No
ChatterBot Bravo reevaluating
ChatterBot Yankee reevaluating
chatterbot Bravo submitting transactions
2024-10-15 01:57:18.154636 Tango: Bravo we want you to join our group
ChatterBot Bravo reevaluating
2024-10-15 01:57:18.160799 Bravo: No
ChatterBot Tango reevaluating
2024-10-15 01:57:18.195756 Yankee: Bravo we want you to join our group
ChatterBot Bravo reevaluating
2024-10-15 01:57:18.202895 Bravo: No
ChatterBot Tango reevaluating
2024-10-15 01:57:18.239723 Echo: Sending you 2
2024-10-15 01:57:18.240694 Sierra: Whiskey, Romeo, Bravo and Foxtrot, sending you 1
2024-10-15 01:57:18.241080 Juliett: Sending you 5
2024-10-15 01:57:18.241288 Whiskey: Romeo, sending you 2
2024-10-15 01:57:18.309004 November: Whiskey, Romeo, Tango and Foxtrot, sending you 3
2024-10-15 01:57:18.309516 Sierra: November and Yankee, sending you 2
2024-10-15 01:57:18.310219 Romeo: Whiskey, November and Yankee, sending you 2
2024-10-15 01:57:18.310582 Foxtrot: Whiskey, sending you 2
2024-10-15 01:57:18.310956 Whiskey: November, sending you 4
2024-10-15 01:57:18.311774 November: Yankee, sending you 2
2024-10-15 01:57:18.344962 Romeo: Tango and Foxtrot, sending you 1
2024-10-15 01:57:18.345819 Foxtrot: Romeo and Tango, sending you 3
2024-10-15 01:57:18.346164 Yankee: Whiskey, Bravo and November, sending you 2
2024-10-15 01:57:18.346571 Whiskey: Foxtrot, sending you 8
2024-10-15 01:57:18.367319 Foxtrot: November, sending you 1
2024-10-15 01:57:18.368236 Yankee: Romeo, sending you 1
2024-10-15 01:57:18.368512 Tango: Whiskey and Yankee, sending you 3
2024-10-15 01:57:18.377172 Yankee: Tango, sending you 4
2024-10-15 01:57:18.377547 Foxtrot: Yankee, sending you 5
2024-10-15 01:57:18.378374 Tango: Foxtrot, sending you 2
2024-10-15 01:57:18.378656 Bravo: Echo, sending you 9
2024-10-15 01:57:18.448592 Yankee: Foxtrot, sending you 3
chatterbot Foxtrot submitting transactions
chatterbot Echo submitting transactions
chatterbot Sierra submitting transactions
chatterbot Romeo submitting transactions
chatterbot November submitting transactions
chatterbot Tango submitting transactions
chatterbot Juliett submitting transactions
chatterbot Bravo submitting transactions
chatterbot Whiskey submitting transactions
chatterbot Yankee submitting transactions
ChatterBot Whiskey round 3
ChatterBot Romeo round 3
ChatterBot Bravo round 3
ChatterBot Tango round 3
ChatterBot Sierra round 3
ChatterBot November round 3
ChatterBot Foxtrot round 3
ChatterBot Echo round 3
ChatterBot Juliett round 3
2024-10-15 01:57:19.306824 Sierra: We should replace Bravo with Juliett
ChatterBot November reevaluating
ChatterBot Yankee reevaluating
ChatterBot Foxtrot reevaluating
2024-10-15 01:57:19.345011 November: No
2024-10-15 01:57:19.345238 Yankee: No
2024-10-15 01:57:19.345415 Whiskey: No
2024-10-15 01:57:19.345589 Romeo: No
2024-10-15 01:57:19.346253 Foxtrot: No
2024-10-15 01:57:19.346444 Tango: No
ChatterBot Yankee reevaluating
ChatterBot Foxtrot reevaluating
ChatterBot November reevaluating
ChatterBot Foxtrot reevaluating
ChatterBot November reevaluating
ChatterBot Yankee reevaluating
ChatterBot Foxtrot reevaluating
ChatterBot November reevaluating
ChatterBot Yankee reevaluating
ChatterBot Foxtrot reevaluating
ChatterBot November reevaluating
ChatterBot Yankee reevaluating
ChatterBot November reevaluating
ChatterBot Yankee reevaluating
ChatterBot Foxtrot reevaluating
ChatterBot Yankee round 3
2024-10-15 01:57:19.511505 Romeo: We should drop Tango
ChatterBot November reevaluating
ChatterBot Foxtrot reevaluating
ChatterBot Yankee reevaluating
2024-10-15 01:57:19.527260 Whiskey: No
2024-10-15 01:57:19.527411 November: No
2024-10-15 01:57:19.527540 Foxtrot: No
2024-10-15 01:57:19.527666 Yankee: No
ChatterBot November reevaluating
ChatterBot Foxtrot reevaluating
ChatterBot Yankee reevaluating
ChatterBot Foxtrot reevaluating
ChatterBot Yankee reevaluating
ChatterBot November reevaluating
ChatterBot Yankee reevaluating
ChatterBot November reevaluating
ChatterBot Foxtrot reevaluating
2024-10-15 01:57:19.601007 Sierra: Juliett we want you to join our group
2024-10-15 01:57:19.605695 Juliett: No
ChatterBot November reevaluating
ChatterBot Foxtrot reevaluating
ChatterBot Yankee reevaluating
2024-10-15 01:57:19.639307 Foxtrot: We should drop Romeo
2024-10-15 01:57:19.659313 Whiskey: No
2024-10-15 01:57:19.659487 Tango: No
2024-10-15 01:57:19.659643 November: No
2024-10-15 01:57:19.660268 Yankee: No
ChatterBot Foxtrot reevaluating
ChatterBot Foxtrot reevaluating
ChatterBot Foxtrot reevaluating
2024-10-15 01:57:19.710753 Yankee: We should drop Bravo
ChatterBot Foxtrot reevaluating
2024-10-15 01:57:19.725782 Whiskey: Yes
2024-10-15 01:57:19.725913 Romeo: Yes
2024-10-15 01:57:19.726482 November: Yes
2024-10-15 01:57:19.726576 Tango: Yes
2024-10-15 01:57:19.726672 Foxtrot: Yes
ChatterBot Foxtrot reevaluating
ChatterBot Foxtrot reevaluating
ChatterBot Foxtrot reevaluating
ChatterBot Foxtrot reevaluating
2024-10-15 01:57:19.799281 Bravo: Sierra, sending you 4
2024-10-15 01:57:19.799546 Tango: Whiskey, Romeo and November, sending you 1
2024-10-15 01:57:19.799897 Whiskey: Romeo and Yankee, sending you 2
chatterbot Romeo submitting transactions
chatterbot Bravo submitting transactions
2024-10-15 01:57:19.802798 Bravo: Echo, sending you 10
2024-10-15 01:57:19.803031 Tango: Foxtrot, sending you 2
2024-10-15 01:57:19.803404 Romeo: Sending you each 2
2024-10-15 01:57:19.804199 November: Whiskey, Romeo, Foxtrot and Yankee, sending you 3
2024-10-15 01:57:19.804627 Sierra: Whiskey, Romeo, November, Foxtrot and Yankee, sending you 1
2024-10-15 01:57:19.805128 Whiskey: Tango and November, sending you 3
2024-10-15 01:57:19.805536 Juliett: Sending you 6
2024-10-15 01:57:19.805762 Echo: Same as last round
2024-10-15 01:57:19.806701 Tango: Yankee, sending you 3
2024-10-15 01:57:19.807679 Sierra: Juliett, sending you 3
2024-10-15 01:57:19.809293 November: Tango, sending you 2
2024-10-15 01:57:19.809797 Whiskey: Foxtrot, sending you 4
2024-10-15 01:57:19.814716 Yankee: Whiskey, sending you 1
2024-10-15 01:57:19.818658 Yankee: Romeo, sending you 2
2024-10-15 01:57:19.823233 Yankee: Tango and Foxtrot, sending you 4
2024-10-15 01:57:19.826659 Yankee: November, sending you 3
2024-10-15 01:57:19.838831 Foxtrot: Whiskey, sending you 5
2024-10-15 01:57:19.842671 Foxtrot: Tango, sending you 3
2024-10-15 01:57:19.848050 Foxtrot: November, sending you 2
2024-10-15 01:57:19.851700 Foxtrot: Yankee, sending you 4
chatterbot Tango submitting transactions
chatterbot Yankee submitting transactions
chatterbot Foxtrot submitting transactions
chatterbot Whiskey submitting transactions
chatterbot Juliett submitting transactions
chatterbot Echo submitting transactions
chatterbot Sierra submitting transactions
chatterbot November submitting transactions
ChatterBot Whiskey round 4
ChatterBot Romeo round 4
ChatterBot Bravo round 4
ChatterBot Tango round 4
ChatterBot Sierra round 4
ChatterBot November round 4
ChatterBot Foxtrot round 4
ChatterBot Echo round 4
ChatterBot Juliett round 4
ChatterBot Yankee round 4
2024-10-15 01:57:20.862675 Whiskey: Romeo, Tango and Yankee, sending you 2
2024-10-15 01:57:20.867673 Tango: Whiskey, Romeo and November, sending you 1
2024-10-15 01:57:20.868947 Whiskey: November, sending you 3
2024-10-15 01:57:20.869659 Bravo: Sierra, sending you 3
2024-10-15 01:57:20.870685 Echo: Same as last round
2024-10-15 01:57:20.872269 Tango: Foxtrot, sending you 2
2024-10-15 01:57:20.873115 November: Whiskey, Romeo, Foxtrot and Yankee, sending you 3
2024-10-15 01:57:20.874113 Whiskey: Foxtrot, sending you 5
2024-10-15 01:57:20.875384 Bravo: Echo, sending you 11
2024-10-15 01:57:20.875979 Foxtrot: Whiskey and Yankee, sending you 4
2024-10-15 01:57:20.876761 Sierra: Romeo, November, Foxtrot and Yankee, sending you 1
2024-10-15 01:57:20.877480 Tango: Yankee, sending you 3
2024-10-15 01:57:20.878128 November: Tango, sending you 2
2024-10-15 01:57:20.879350 Romeo: Same as last round
2024-10-15 01:57:20.880134 Juliett: Same as last round
2024-10-15 01:57:20.880596 Foxtrot: Tango and November, sending you 3
2024-10-15 01:57:20.881132 Sierra: Juliett, sending you 3
2024-10-15 01:57:20.884669 Yankee: Whiskey and Romeo, sending you 2
2024-10-15 01:57:20.888893 Yankee: Tango and November, sending you 3
2024-10-15 01:57:20.892667 Yankee: Foxtrot, sending you 4
chatterbot Sierra submitting transactions
chatterbot Bravo submitting transactions
chatterbot Yankee submitting transactions
chatterbot Romeo submitting transactions
chatterbot November submitting transactions
chatterbot Foxtrot submitting transactions
chatterbot Whiskey submitting transactions
chatterbot Juliett submitting transactions
chatterbot Tango submitting transactions
chatterbot Echo submitting transactions
ChatterBot Whiskey round 5
ChatterBot Romeo round 5
ChatterBot Bravo round 5
ChatterBot Tango round 5
ChatterBot Sierra round 5
ChatterBot November round 5
ChatterBot Foxtrot round 5
ChatterBot Echo round 5
ChatterBot Juliett round 5
ChatterBot Yankee round 5
2024-10-15 01:57:22.108896 Bravo: We should add Juliett
ChatterBot Echo reevaluating
ChatterBot Sierra reevaluating
2024-10-15 01:57:22.120540 Echo: Yes
2024-10-15 01:57:22.120745 Sierra: Yes
ChatterBot Sierra reevaluating
ChatterBot Echo reevaluating
2024-10-15 01:57:22.158173 Foxtrot: We should add Romeo
2024-10-15 01:57:22.172210 Whiskey: Yes
2024-10-15 01:57:22.172369 Tango: Yes
2024-10-15 01:57:22.172962 November: Yes
2024-10-15 01:57:22.173188 Yankee: Yes
ChatterBot Foxtrot reevaluating
ChatterBot Foxtrot reevaluating
ChatterBot Foxtrot reevaluating
ChatterBot Foxtrot reevaluating
2024-10-15 01:57:22.233603 Bravo: Juliett we want you to join our group
2024-10-15 01:57:22.236113 Juliett: No
ChatterBot Echo reevaluating
ChatterBot Sierra reevaluating
2024-10-15 01:57:22.247649 Tango: Whiskey and November, sending you 1
2024-10-15 01:57:22.248685 Whiskey: Romeo, Tango and Yankee, sending you 2
2024-10-15 01:57:22.249694 Romeo: Same as last round
2024-10-15 01:57:22.252678 Foxtrot: Romeo we want you to join our group
2024-10-15 01:57:22.256636 Romeo: No
ChatterBot Foxtrot reevaluating
2024-10-15 01:57:22.271441 Tango: Foxtrot, sending you 2
2024-10-15 01:57:22.271922 Whiskey: November, sending you 3
2024-10-15 01:57:22.273703 Juliett: Same as last round
2024-10-15 01:57:22.274682 Whiskey: Foxtrot, sending you 5
2024-10-15 01:57:22.275712 Tango: Yankee, sending you 4
2024-10-15 01:57:22.276263 Yankee: Whiskey and Romeo, sending you 2
2024-10-15 01:57:22.276685 Echo: Sending you 1
2024-10-15 01:57:22.276908 Sierra: Bravo, sending you 2
2024-10-15 01:57:22.277155 November: Whiskey, Romeo, Foxtrot and Yankee, sending you 3
2024-10-15 01:57:22.277552 Bravo: Sierra, sending you 2
2024-10-15 01:57:22.279697 Sierra: Echo, sending you 1
2024-10-15 01:57:22.280030 November: Tango, sending you 2
2024-10-15 01:57:22.280687 Bravo: Echo, sending you 12
2024-10-15 01:57:22.281644 Yankee: Tango and November, sending you 3
2024-10-15 01:57:22.282689 Sierra: Juliett, sending you 3
2024-10-15 01:57:22.284669 Yankee: Foxtrot, sending you 4
2024-10-15 01:57:22.302652 Foxtrot: Whiskey, sending you 5
2024-10-15 01:57:22.307660 Foxtrot: Romeo, Tango and November, sending you 2
2024-10-15 01:57:22.312665 Foxtrot: Yankee, sending you 3
chatterbot Romeo submitting transactions
chatterbot Foxtrot submitting transactions
chatterbot Tango submitting transactions
chatterbot Sierra submitting transactions
chatterbot November submitting transactions
chatterbot Juliett submitting transactions
chatterbot Bravo submitting transactions
chatterbot Whiskey submitting transactions
chatterbot Yankee submitting transactions
chatterbot Echo submitting transactions
ChatterBot Whiskey round 6
ChatterBot Romeo round 6
ChatterBot Bravo round 6
ChatterBot Tango round 6
ChatterBot Sierra round 6
ChatterBot November round 6
ChatterBot Foxtrot round 6
ChatterBot Echo round 6
ChatterBot Juliett round 6
ChatterBot Yankee round 6
2024-10-15 01:57:23.458405 Echo: We should add Juliett
2024-10-15 01:57:23.462387 Bravo: Yes
ChatterBot Echo reevaluating
2024-10-15 01:57:23.489669 Romeo: Same as last round
2024-10-15 01:57:23.492678 Bravo: Sierra, sending you 5
2024-10-15 01:57:23.495673 Tango: Whiskey and November, sending you 1
2024-10-15 01:57:23.496715 Bravo: Echo, sending you 9
2024-10-15 01:57:23.497684 Whiskey: Romeo, Tango and Yankee, sending you 2
2024-10-15 01:57:23.498762 Sierra: Bravo and Juliett, sending you 2
2024-10-15 01:57:23.500680 Tango: Foxtrot, sending you 2
2024-10-15 01:57:23.501997 Whiskey: November, sending you 3
2024-10-15 01:57:23.502669 Sierra: Echo, sending you 1
2024-10-15 01:57:23.502958 Yankee: Whiskey and Romeo, sending you 2
2024-10-15 01:57:23.503664 Echo: Same as last round
2024-10-15 01:57:23.503880 Tango: Yankee, sending you 4
2024-10-15 01:57:23.505837 Foxtrot: Whiskey, sending you 5
2024-10-15 01:57:23.506863 Whiskey: Foxtrot, sending you 5
2024-10-15 01:57:23.507340 Yankee: Tango and November, sending you 3
2024-10-15 01:57:23.507855 November: Whiskey, Romeo, Foxtrot and Yankee, sending you 3
2024-10-15 01:57:23.510663 November: Tango, sending you 2
2024-10-15 01:57:23.511672 Foxtrot: Romeo, Tango and November, sending you 2
2024-10-15 01:57:23.512184 Yankee: Foxtrot, sending you 4
2024-10-15 01:57:23.514681 Juliett: Same as last round
2024-10-15 01:57:23.515687 Foxtrot: Yankee, sending you 3
chatterbot Romeo submitting transactions
chatterbot Foxtrot submitting transactions
chatterbot November submitting transactions
chatterbot Tango submitting transactions
chatterbot Sierra submitting transactions
chatterbot Yankee submitting transactions
chatterbot Echo submitting transactions
chatterbot Juliett submitting transactions
chatterbot Whiskey submitting transactions
chatterbot Bravo submitting transactions
ChatterBot Whiskey round 7
ChatterBot Romeo round 7
ChatterBot Bravo round 7
ChatterBot Tango round 7
ChatterBot Sierra round 7
ChatterBot November round 7
ChatterBot Foxtrot round 7
ChatterBot Echo round 7
ChatterBot Juliett round 7
ChatterBot Yankee round 7
2024-10-15 01:57:24.665082 Foxtrot: We should drop Romeo
2024-10-15 01:57:24.677723 Whiskey: No
2024-10-15 01:57:24.677898 Tango: No
2024-10-15 01:57:24.678019 November: No
2024-10-15 01:57:24.678141 Yankee: No
ChatterBot Foxtrot reevaluating
ChatterBot Foxtrot reevaluating
ChatterBot Foxtrot reevaluating
ChatterBot Foxtrot reevaluating
2024-10-15 01:57:24.731677 Bravo: Sierra, sending you 6
2024-10-15 01:57:24.732117 Tango: Whiskey and Foxtrot, sending you 2
2024-10-15 01:57:24.733468 Romeo: Same as last round
2024-10-15 01:57:24.733844 Sierra: Bravo and Juliett, sending you 2
2024-10-15 01:57:24.734095 Whiskey: Romeo and Yankee, sending you 2
2024-10-15 01:57:24.734677 Bravo: Echo, sending you 8
2024-10-15 01:57:24.735680 Tango: November, sending you 1
2024-10-15 01:57:24.737666 Sierra: Echo, sending you 1
2024-10-15 01:57:24.738913 Whiskey: Tango, sending you 1
2024-10-15 01:57:24.740003 Tango: Yankee, sending you 3
2024-10-15 01:57:24.743744 Yankee: Whiskey and Romeo, sending you 2
2024-10-15 01:57:24.745201 Whiskey: November, sending you 3
2024-10-15 01:57:24.745842 Echo: Sending you each 1
2024-10-15 01:57:24.747025 November: Whiskey, Romeo, Foxtrot and Yankee, sending you 3
2024-10-15 01:57:24.747698 Foxtrot: Whiskey, sending you 5
2024-10-15 01:57:24.748660 Juliett: Same as last round
2024-10-15 01:57:24.749669 Yankee: Tango, sending you 4
2024-10-15 01:57:24.750671 Whiskey: Foxtrot, sending you 6
2024-10-15 01:57:24.751270 Foxtrot: Romeo, Tango and November, sending you 2
2024-10-15 01:57:24.752692 November: Tango, sending you 2
2024-10-15 01:57:24.754674 Yankee: November and Foxtrot, sending you 3
2024-10-15 01:57:24.756672 Foxtrot: Yankee, sending you 3
chatterbot Whiskey submitting transactions
chatterbot Echo submitting transactions
chatterbot Tango submitting transactions
chatterbot Romeo submitting transactions
chatterbot Juliett submitting transactions
chatterbot Foxtrot submitting transactions
chatterbot November submitting transactions
chatterbot Yankee submitting transactions
chatterbot Sierra submitting transactions
chatterbot Bravo submitting transactions
ChatterBot Whiskey round 8
ChatterBot Romeo round 8
ChatterBot Bravo round 8
ChatterBot Tango round 8
ChatterBot Sierra round 8
ChatterBot November round 8
ChatterBot Foxtrot round 8
ChatterBot Echo round 8
ChatterBot Juliett round 8
ChatterBot Yankee round 8
2024-10-15 01:57:25.736209 Whiskey: We should drop Tango
2024-10-15 01:57:25.815361 Romeo: Yes
2024-10-15 01:57:25.822110 November: No
2024-10-15 01:57:25.822541 Foxtrot: No
2024-10-15 01:57:25.822810 Yankee: No
ChatterBot Whiskey reevaluating
ChatterBot Whiskey reevaluating
ChatterBot Whiskey reevaluating
2024-10-15 01:57:25.901762 Echo: We should drop Sierra and Juliett
2024-10-15 01:57:25.908728 Bravo: No
ChatterBot Echo reevaluating
2024-10-15 01:57:25.925669 Tango: Whiskey and November, sending you 1
2024-10-15 01:57:25.926709 November: Whiskey, Romeo, Foxtrot and Yankee, sending you 3
2024-10-15 01:57:25.928603 Sierra: Bravo and Echo, sending you 1
2024-10-15 01:57:25.937859 Bravo: Sierra and Echo, sending you 7
2024-10-15 01:57:25.938807 Romeo: Same as last round
2024-10-15 01:57:25.939770 Foxtrot: Whiskey, sending you 5
2024-10-15 01:57:25.941498 Tango: Foxtrot, sending you 2
2024-10-15 01:57:25.943349 November: Tango, sending you 2
2024-10-15 01:57:25.944761 Yankee: Whiskey and Romeo, sending you 2
2024-10-15 01:57:25.945825 Sierra: Juliett, sending you 2
2024-10-15 01:57:25.946811 Juliett: Sending you 7
2024-10-15 01:57:25.947196 Foxtrot: Romeo, Tango and November, sending you 2
2024-10-15 01:57:25.948800 Tango: Yankee, sending you 4
2024-10-15 01:57:25.950017 Yankee: Tango, sending you 4
2024-10-15 01:57:25.953007 Echo: Bravo, sending you 1
2024-10-15 01:57:25.953931 Foxtrot: Yankee, sending you 3
2024-10-15 01:57:25.956096 Yankee: November and Foxtrot, sending you 3
2024-10-15 01:57:25.958189 Echo: Sierra, sending you 2
chatterbot November submitting transactions
chatterbot Foxtrot submitting transactions
chatterbot Tango submitting transactions
chatterbot Echo submitting transactions
chatterbot Bravo submitting transactions
chatterbot Romeo submitting transactions
chatterbot Yankee submitting transactions
chatterbot Juliett submitting transactions
chatterbot Whiskey submitting transactions
chatterbot Sierra submitting transactions
ChatterBot Whiskey round 9
ChatterBot Romeo round 9
ChatterBot Bravo round 9
ChatterBot Tango round 9
ChatterBot Sierra round 9
ChatterBot November round 9
ChatterBot Foxtrot round 9
ChatterBot Echo round 9
ChatterBot Juliett round 9
ChatterBot Yankee round 9
2024-10-15 01:57:26.969269 Whiskey: We should drop Romeo
ChatterBot Foxtrot reevaluating
2024-10-15 01:57:26.980626 Foxtrot: Yes
2024-10-15 01:57:26.980800 Tango: No
2024-10-15 01:57:26.980924 November: No
2024-10-15 01:57:26.981036 Yankee: No
ChatterBot Whiskey reevaluating
ChatterBot Foxtrot reevaluating
ChatterBot Whiskey reevaluating
ChatterBot Foxtrot reevaluating
ChatterBot Whiskey reevaluating
ChatterBot Foxtrot reevaluating
ChatterBot Whiskey reevaluating
2024-10-15 01:57:27.056577 Juliett: We should add Bravo
2024-10-15 01:57:27.060383 Sierra: Yes
2024-10-15 01:57:27.067755 Juliett: Bravo we want you to join our group
ChatterBot Bravo reevaluating
2024-10-15 01:57:27.072961 Bravo: Yes
ChatterBot Sierra reevaluating
2024-10-15 01:57:27.081660 Yankee: Whiskey and Romeo, sending you 2
2024-10-15 01:57:27.082926 Echo: Bravo, sending you 1
2024-10-15 01:57:27.083698 Romeo: Same as last round
2024-10-15 01:57:27.084087 November: Whiskey, Romeo, Foxtrot and Yankee, sending you 3
2024-10-15 01:57:27.084815 Sierra: We should drop Echo
ChatterBot Bravo reevaluating
2024-10-15 01:57:27.092699 Juliett: Yes
2024-10-15 01:57:27.092830 Bravo: No
ChatterBot Bravo reevaluating
ChatterBot Sierra reevaluating
ChatterBot Sierra reevaluating
2024-10-15 01:57:27.109549 Yankee: Tango, sending you 4
2024-10-15 01:57:27.110432 Echo: Sierra, sending you 2
2024-10-15 01:57:27.110820 November: Tango, sending you 2
2024-10-15 01:57:27.111589 Tango: Whiskey and November, sending you 1
2024-10-15 01:57:27.113671 Yankee: November and Foxtrot, sending you 3
2024-10-15 01:57:27.114744 Juliett: Bravo, sending you 1
2024-10-15 01:57:27.115823 Tango: Foxtrot, sending you 2
2024-10-15 01:57:27.116482 Whiskey: Tango and Yankee, sending you 2
2024-10-15 01:57:27.119668 Juliett: Sierra, sending you 7
2024-10-15 01:57:27.120687 Tango: Yankee, sending you 4
2024-10-15 01:57:27.122289 Whiskey: November, sending you 3
2024-10-15 01:57:27.124670 Foxtrot: Whiskey, sending you 5
2024-10-15 01:57:27.126010 Whiskey: Foxtrot, sending you 7
2024-10-15 01:57:27.128674 Foxtrot: Tango, sending you 2
2024-10-15 01:57:27.131655 Bravo: Sorry, I'm actually sending you 0
2024-10-15 01:57:27.132696 Foxtrot: November, sending you 3
2024-10-15 01:57:27.135653 Bravo: Sierra, sending you 14
2024-10-15 01:57:27.136687 Foxtrot: Yankee, sending you 4
2024-10-15 01:57:27.141657 Sierra: Bravo, sending you 1
2024-10-15 01:57:27.145657 Sierra: Juliett, sending you 2
chatterbot Echo submitting transactions
chatterbot Juliett submitting transactions
chatterbot Tango submitting transactions
chatterbot Romeo submitting transactions
chatterbot Sierra submitting transactions
chatterbot Foxtrot submitting transactions
chatterbot Bravo submitting transactions
chatterbot November submitting transactions
chatterbot Yankee submitting transactions
chatterbot Whiskey submitting transactions
ChatterBot Whiskey round 10
ChatterBot Romeo round 10
ChatterBot Bravo round 10
ChatterBot Tango round 10
ChatterBot Sierra round 10
ChatterBot November round 10
ChatterBot Foxtrot round 10
ChatterBot Echo round 10
ChatterBot Juliett round 10
ChatterBot Yankee round 10
2024-10-15 01:57:28.275671 Romeo: Same as last round
2024-10-15 01:57:28.276659 November: Whiskey, Romeo, Foxtrot and Yankee, sending you 3
2024-10-15 01:57:28.279656 November: Tango, sending you 2
2024-10-15 01:57:28.280709 Whiskey: Tango, sending you 1
2024-10-15 01:57:28.283674 Whiskey: November and Yankee, sending you 3
2024-10-15 01:57:28.285804 Juliett: Bravo, sending you 1
2024-10-15 01:57:28.286680 Echo: Bravo and Juliett, sending you 1
2024-10-15 01:57:28.287014 Tango: Whiskey and November, sending you 1
2024-10-15 01:57:28.287649 Foxtrot: Whiskey, sending you 5
2024-10-15 01:57:28.288087 Whiskey: Foxtrot, sending you 7
2024-10-15 01:57:28.288655 Juliett: Sierra, sending you 7
2024-10-15 01:57:28.290658 Tango: Foxtrot, sending you 2
2024-10-15 01:57:28.291296 Foxtrot: Tango, sending you 2
2024-10-15 01:57:28.291697 Echo: Sierra, sending you 2
2024-10-15 01:57:28.292105 Sierra: Bravo, sending you 1
2024-10-15 01:57:28.292662 Bravo: Sierra, sending you 12
2024-10-15 01:57:28.294654 Yankee: Whiskey and Romeo, sending you 2
2024-10-15 01:57:28.295655 Tango: Yankee, sending you 4
2024-10-15 01:57:28.296174 Foxtrot: November, sending you 3
2024-10-15 01:57:28.296484 Bravo: Juliett, sending you 2
2024-10-15 01:57:28.296711 Sierra: Juliett, sending you 2
2024-10-15 01:57:28.299652 Yankee: Tango, sending you 4
2024-10-15 01:57:28.300253 Foxtrot: Yankee, sending you 4
2024-10-15 01:57:28.303657 Yankee: November and Foxtrot, sending you 3
chatterbot November submitting transactions
chatterbot Romeo submitting transactions
chatterbot Yankee submitting transactions
chatterbot Echo submitting transactions
chatterbot Foxtrot submitting transactions
chatterbot Whiskey submitting transactions
chatterbot Juliett submitting transactions
chatterbot Bravo submitting transactions
chatterbot Tango submitting transactions
chatterbot Sierra submitting transactions
ChatterBot Whiskey round 11
ChatterBot Romeo round 11
ChatterBot Bravo round 11
ChatterBot Tango round 11
ChatterBot Sierra round 11
ChatterBot November round 11
ChatterBot Foxtrot round 11
ChatterBot Echo round 11
ChatterBot Juliett round 11
ChatterBot Yankee round 11
2024-10-15 01:57:29.412162 Foxtrot: We should replace Tango with Romeo
ChatterBot Whiskey reevaluating
2024-10-15 01:57:29.420167 Whiskey: Yes
2024-10-15 01:57:29.420323 November: No
2024-10-15 01:57:29.420440 Yankee: No
ChatterBot Foxtrot reevaluating
ChatterBot Foxtrot reevaluating
ChatterBot Whiskey reevaluating
ChatterBot Foxtrot reevaluating
ChatterBot Whiskey reevaluating
2024-10-15 01:57:29.455671 Tango: Whiskey and November, sending you 1
2024-10-15 01:57:29.460662 Tango: Foxtrot, sending you 2
2024-10-15 01:57:29.464268 Romeo: Same as last round
2024-10-15 01:57:29.465011 Tango: Yankee, sending you 4
2024-10-15 01:57:29.465741 Bravo: Sierra, sending you 12
2024-10-15 01:57:29.468017 Sierra: Bravo, sending you 1
2024-10-15 01:57:29.470676 Bravo: Juliett, sending you 2
2024-10-15 01:57:29.472691 Sierra: Juliett, sending you 2
2024-10-15 01:57:29.473051 November: Whiskey, Romeo, Foxtrot and Yankee, sending you 3
2024-10-15 01:57:29.474010 Echo: Bravo and Juliett, sending you 1
2024-10-15 01:57:29.476055 Juliett: Bravo, sending you 2
2024-10-15 01:57:29.476684 Foxtrot: Whiskey, sending you 5
2024-10-15 01:57:29.479390 November: Tango, sending you 2
2024-10-15 01:57:29.480094 Echo: Sierra, sending you 2
2024-10-15 01:57:29.480460 Yankee: Whiskey and Romeo, sending you 2
2024-10-15 01:57:29.481002 Juliett: Sierra, sending you 6
2024-10-15 01:57:29.482670 Foxtrot: Tango, November and Yankee, sending you 3
2024-10-15 01:57:29.483668 Yankee: Tango, sending you 4
2024-10-15 01:57:29.486648 Yankee: November and Foxtrot, sending you 3
chatterbot Juliett submitting transactions
chatterbot Tango submitting transactions
chatterbot Echo submitting transactions
chatterbot Yankee submitting transactions
chatterbot Sierra submitting transactions
chatterbot Romeo submitting transactions
chatterbot Bravo submitting transactions
chatterbot Whiskey submitting transactions
chatterbot Foxtrot submitting transactions
chatterbot November submitting transactions
ChatterBot Whiskey round 12
ChatterBot Romeo round 12
ChatterBot Bravo round 12
ChatterBot Tango round 12
ChatterBot Sierra round 12
ChatterBot November round 12
2024-10-15 01:57:30.467523 Whiskey: We should replace Tango with Romeo
ChatterBot Foxtrot reevaluating
2024-10-15 01:57:30.478204 Foxtrot: No
2024-10-15 01:57:30.478446 November: No
2024-10-15 01:57:30.478637 Yankee: No
ChatterBot Whiskey reevaluating
ChatterBot Foxtrot reevaluating
ChatterBot Whiskey reevaluating
ChatterBot Foxtrot reevaluating
ChatterBot Whiskey reevaluating
ChatterBot Foxtrot round 12
ChatterBot Echo round 12
ChatterBot Juliett round 12
ChatterBot Yankee round 12
2024-10-15 01:57:30.527485 Foxtrot: We should replace Tango with Romeo
ChatterBot Whiskey reevaluating
2024-10-15 01:57:30.534484 Whiskey: Yes
2024-10-15 01:57:30.534671 November: No
2024-10-15 01:57:30.534824 Yankee: No
ChatterBot Foxtrot reevaluating
ChatterBot Foxtrot reevaluating
ChatterBot Whiskey reevaluating
ChatterBot Foxtrot reevaluating
ChatterBot Whiskey reevaluating
2024-10-15 01:57:30.558856 Foxtrot: We should add Romeo
ChatterBot Whiskey reevaluating
2024-10-15 01:57:30.567526 Whiskey: Yes
2024-10-15 01:57:30.567730 Tango: Yes
2024-10-15 01:57:30.567863 November: Yes
2024-10-15 01:57:30.567981 Yankee: Yes
ChatterBot Foxtrot reevaluating
ChatterBot Foxtrot reevaluating
ChatterBot Whiskey reevaluating
ChatterBot Foxtrot reevaluating
ChatterBot Whiskey reevaluating
ChatterBot Foxtrot reevaluating
ChatterBot Whiskey reevaluating
2024-10-15 01:57:30.607490 Bravo: Sierra, sending you 10
2024-10-15 01:57:30.610105 November: Whiskey, Romeo, Foxtrot and Yankee, sending you 3
2024-10-15 01:57:30.611159 Romeo: Same as last round
2024-10-15 01:57:30.611695 Echo: Bravo and Juliett, sending you 1
2024-10-15 01:57:30.612741 Bravo: Juliett, sending you 4
2024-10-15 01:57:30.613263 Juliett: Bravo, sending you 2
2024-10-15 01:57:30.613747 Sierra: Sending you each 1
2024-10-15 01:57:30.614173 Tango: Whiskey and November, sending you 1
2024-10-15 01:57:30.615361 November: Tango, sending you 2
2024-10-15 01:57:30.617117 Whiskey: Romeo we want you to join our group
2024-10-15 01:57:30.621309 Romeo: Yes
ChatterBot Whiskey reevaluating
ChatterBot Foxtrot reevaluating
2024-10-15 01:57:30.640567 Echo: Sierra, sending you 2
2024-10-15 01:57:30.641170 Juliett: Sierra, sending you 6
2024-10-15 01:57:30.641659 Tango: Foxtrot, sending you 2
2024-10-15 01:57:30.645683 Yankee: Whiskey and Romeo, sending you 2
2024-10-15 01:57:30.647729 Tango: Yankee, sending you 4
2024-10-15 01:57:30.649972 Foxtrot: Romeo we want you to join our group
2024-10-15 01:57:30.653939 Romeo: Yes
ChatterBot Whiskey reevaluating
ChatterBot Foxtrot reevaluating
2024-10-15 01:57:30.673295 Yankee: Tango, sending you 4
2024-10-15 01:57:30.676669 Yankee: November and Foxtrot, sending you 3
2024-10-15 01:57:30.699673 Foxtrot: Whiskey, sending you 5
2024-10-15 01:57:30.704666 Foxtrot: Romeo, sending you 2
2024-10-15 01:57:30.705670 Whiskey: Romeo and Yankee, sending you 2
2024-10-15 01:57:30.708673 Foxtrot: November and Yankee, sending you 3
2024-10-15 01:57:30.709160 Whiskey: November, sending you 3
2024-10-15 01:57:30.713671 Whiskey: Foxtrot, sending you 7
chatterbot Sierra submitting transactions
chatterbot November submitting transactions
chatterbot Bravo submitting transactions
chatterbot Yankee submitting transactions
chatterbot Echo submitting transactions
chatterbot Whiskey submitting transactions
chatterbot Juliett submitting transactions
chatterbot Romeo submitting transactions
chatterbot Tango submitting transactions
chatterbot Foxtrot submitting transactions
ChatterBot Whiskey round 13
ChatterBot Romeo round 13
ChatterBot Bravo round 13
ChatterBot Tango round 13
ChatterBot Sierra round 13
ChatterBot November round 13
ChatterBot Foxtrot round 13
ChatterBot Echo round 13
ChatterBot Juliett round 13
ChatterBot Yankee round 13
2024-10-15 01:57:31.664686 Romeo: Same as last round
2024-10-15 01:57:31.665724 Bravo: Sierra, sending you 10
2024-10-15 01:57:31.668652 Whiskey: Romeo and Yankee, sending you 2
2024-10-15 01:57:31.670750 Bravo: Juliett, sending you 4
2024-10-15 01:57:31.673678 Whiskey: November, sending you 3
2024-10-15 01:57:31.674269 November: Whiskey, Romeo, Foxtrot and Yankee, sending you 3
2024-10-15 01:57:31.677688 Whiskey: Foxtrot, sending you 7
2024-10-15 01:57:31.678279 November: Tango, sending you 2
2024-10-15 01:57:31.679184 Yankee: Whiskey and Romeo, sending you 2
2024-10-15 01:57:31.680555 Foxtrot: Whiskey, sending you 5
2024-10-15 01:57:31.681245 Tango: November and Foxtrot, sending you 2
2024-10-15 01:57:31.683699 Yankee: Tango, sending you 4
2024-10-15 01:57:31.684852 Foxtrot: Romeo, sending you 2
2024-10-15 01:57:31.686045 Juliett: Bravo, sending you 2
2024-10-15 01:57:31.686398 Tango: Yankee, sending you 4
2024-10-15 01:57:31.687171 Sierra: Same as last round
2024-10-15 01:57:31.687674 Echo: Bravo and Juliett, sending you 1
2024-10-15 01:57:31.688039 Yankee: November and Foxtrot, sending you 3
2024-10-15 01:57:31.689244 Foxtrot: November and Yankee, sending you 3
2024-10-15 01:57:31.689675 Juliett: Sierra, sending you 6
2024-10-15 01:57:31.690661 Echo: Sierra, sending you 2
chatterbot Foxtrot submitting transactions
chatterbot Juliett submitting transactions
chatterbot Romeo submitting transactions
chatterbot Yankee submitting transactions
chatterbot Echo submitting transactions
chatterbot Tango submitting transactions
chatterbot November submitting transactions
chatterbot Whiskey submitting transactions
chatterbot Bravo submitting transactions
chatterbot Sierra submitting transactions
ChatterBot Whiskey round 14
ChatterBot Romeo round 14
ChatterBot Bravo round 14
ChatterBot Tango round 14
ChatterBot Sierra round 14
ChatterBot November round 14
ChatterBot Foxtrot round 14
ChatterBot Echo round 14
ChatterBot Juliett round 14
ChatterBot Yankee round 14
2024-10-15 01:57:32.858678 Tango: November and Foxtrot, sending you 2
2024-10-15 01:57:32.859670 Romeo: Same as last round
2024-10-15 01:57:32.862677 Sierra: Same as last round
2024-10-15 01:57:32.863045 Tango: Yankee, sending you 4
2024-10-15 01:57:32.864675 Echo: Bravo and Juliett, sending you 1
2024-10-15 01:57:32.868682 November: Whiskey, Romeo, Foxtrot and Yankee, sending you 3
2024-10-15 01:57:32.870588 Juliett: Bravo, sending you 2
2024-10-15 01:57:32.871013 Echo: Sierra, sending you 2
