ChatterBot Whiskey round 1
ChatterBot November round 1
ChatterBot India round 1
ChatterBot Victor round 1
ChatterBot Zulu round 1
ChatterBot Papa round 1
ChatterBot Yankee round 1
ChatterBot X-ray round 1
ChatterBot Hotel round 1
ChatterBot Oscar round 1
randomSelections Whiskey: {Whiskey, Oscar, Yankee, India, Hotel, Zulu} 
2024-10-15 01:57:15.181798 Whiskey: Friends?
ChatterBot Oscar reevaluating
ChatterBot Yankee reevaluating
ChatterBot India reevaluating
ChatterBot Hotel reevaluating
ChatterBot Zulu reevaluating
2024-10-15 01:57:15.193703 Oscar: Yes
2024-10-15 01:57:15.193844 Yankee: Yes
2024-10-15 01:57:15.193946 India: Yes
2024-10-15 01:57:15.194037 Hotel: Yes
2024-10-15 01:57:15.194128 Zulu: Yes
ChatterBot Yankee reevaluating
ChatterBot India reevaluating
ChatterBot Hotel reevaluating
ChatterBot Zulu reevaluating
ChatterBot Oscar reevaluating
ChatterBot India reevaluating
ChatterBot Hotel reevaluating
ChatterBot Zulu reevaluating
ChatterBot Oscar reevaluating
ChatterBot Yankee reevaluating
ChatterBot Hotel reevaluating
ChatterBot Zulu reevaluating
ChatterBot Oscar reevaluating
ChatterBot Yankee reevaluating
ChatterBot India reevaluating
ChatterBot Zulu reevaluating
ChatterBot Oscar reevaluating
ChatterBot Yankee reevaluating
ChatterBot India reevaluating
ChatterBot Hotel reevaluating
randomSelections Victor: {Victor, Hotel, X-ray} 
2024-10-15 01:57:15.243304 Victor: We should group up
ChatterBot Hotel reevaluating
ChatterBot X-ray reevaluating
2024-10-15 01:57:15.247345 Hotel: No
2024-10-15 01:57:15.247476 X-ray: Yes
ChatterBot X-ray reevaluating
ChatterBot Hotel reevaluating
randomSelections November: {November, Whiskey, Hotel, Yankee, India, X-ray, Oscar, Victor} 
2024-10-15 01:57:15.256196 November: We would work well together
ChatterBot Hotel reevaluating
ChatterBot Yankee reevaluating
ChatterBot India reevaluating
ChatterBot X-ray reevaluating
ChatterBot Oscar reevaluating
2024-10-15 01:57:15.265377 Whiskey: No
2024-10-15 01:57:15.268570 Hotel: No
2024-10-15 01:57:15.268788 Yankee: No
2024-10-15 01:57:15.268962 India: No
2024-10-15 01:57:15.269125 X-ray: No
2024-10-15 01:57:15.269269 Oscar: No
2024-10-15 01:57:15.269415 Victor: No
ChatterBot Hotel reevaluating
ChatterBot Yankee reevaluating
ChatterBot India reevaluating
ChatterBot X-ray reevaluating
ChatterBot Oscar reevaluating
ChatterBot Yankee reevaluating
ChatterBot India reevaluating
ChatterBot X-ray reevaluating
ChatterBot Oscar reevaluating
ChatterBot Hotel reevaluating
ChatterBot India reevaluating
ChatterBot X-ray reevaluating
ChatterBot Oscar reevaluating
ChatterBot Hotel reevaluating
ChatterBot Yankee reevaluating
ChatterBot X-ray reevaluating
ChatterBot Oscar reevaluating
ChatterBot Hotel reevaluating
ChatterBot Yankee reevaluating
ChatterBot India reevaluating
ChatterBot Oscar reevaluating
ChatterBot Hotel reevaluating
ChatterBot Yankee reevaluating
ChatterBot India reevaluating
ChatterBot X-ray reevaluating
ChatterBot Hotel reevaluating
ChatterBot Yankee reevaluating
ChatterBot India reevaluating
ChatterBot X-ray reevaluating
ChatterBot Oscar reevaluating
randomSelections Papa: {Papa, Hotel, India, Whiskey, Zulu, Oscar} 
2024-10-15 01:57:15.478686 Papa: We would work well together
ChatterBot Hotel reevaluating
ChatterBot India reevaluating
ChatterBot Zulu reevaluating
ChatterBot Oscar reevaluating
2024-10-15 01:57:15.486909 Hotel: No
2024-10-15 01:57:15.488335 India: No
2024-10-15 01:57:15.488608 Whiskey: No
2024-10-15 01:57:15.489076 Zulu: No
2024-10-15 01:57:15.490067 Oscar: No
ChatterBot India reevaluating
ChatterBot Zulu reevaluating
ChatterBot Oscar reevaluating
ChatterBot Hotel reevaluating
ChatterBot Zulu reevaluating
ChatterBot Oscar reevaluating
ChatterBot Hotel reevaluating
ChatterBot India reevaluating
ChatterBot Zulu reevaluating
ChatterBot Oscar reevaluating
ChatterBot Hotel reevaluating
ChatterBot India reevaluating
ChatterBot Oscar reevaluating
ChatterBot Hotel reevaluating
ChatterBot India reevaluating
ChatterBot Zulu reevaluating
chatterbot November submitting transactions
2024-10-15 01:57:15.594894 Papa: Whiskey, sending you 4
2024-10-15 01:57:15.597747 Whiskey: India, Yankee and Oscar, sending you 1
2024-10-15 01:57:15.598858 Yankee: India, Hotel and Oscar, sending you 1
2024-10-15 01:57:15.599154 Oscar: Whiskey, sending you 2
2024-10-15 01:57:15.600691 November: India, Yankee, X-ray and Hotel, sending you 1
2024-10-15 01:57:15.601383 X-ray: Victor, sending you 4
2024-10-15 01:57:15.602247 Papa: India and Hotel, sending you 3
2024-10-15 01:57:15.602854 Victor: X-ray and Hotel, sending you 5
2024-10-15 01:57:15.603327 Hotel: Whiskey and Yankee, sending you 1
2024-10-15 01:57:15.604633 India: Whiskey, Zulu and Yankee, sending you 1
2024-10-15 01:57:15.605059 Zulu: Whiskey and Oscar, sending you 3
2024-10-15 01:57:15.606240 Yankee: Zulu, sending you 4
2024-10-15 01:57:15.606899 Whiskey: Zulu and Hotel, sending you 2
2024-10-15 01:57:15.608148 Oscar: India, sending you 3
2024-10-15 01:57:15.609360 November: Victor and Oscar, sending you 2
2024-10-15 01:57:15.610113 X-ray: Hotel, sending you 3
2024-10-15 01:57:15.611230 Papa: Zulu and Oscar, sending you 2
2024-10-15 01:57:15.611880 Hotel: India and Zulu, sending you 3
2024-10-15 01:57:15.613151 India: Hotel, sending you 2
2024-10-15 01:57:15.613830 Zulu: India, sending you 4
chatterbot Whiskey submitting transactions
2024-10-15 01:57:15.615324 Oscar: Yankee, sending you 4
2024-10-15 01:57:15.617669 Hotel: Oscar, sending you 2
2024-10-15 01:57:15.618779 India: Oscar, sending you 3
2024-10-15 01:57:15.619174 Zulu: Yankee and Hotel, sending you 2
2024-10-15 01:57:15.620369 Oscar: Hotel, sending you 1
chatterbot Oscar submitting transactions
chatterbot Hotel submitting transactions
chatterbot Yankee submitting transactions
chatterbot India submitting transactions
chatterbot X-ray submitting transactions
chatterbot Zulu submitting transactions
chatterbot Victor submitting transactions
chatterbot Papa submitting transactions
ChatterBot Whiskey round 2
ChatterBot November round 2
ChatterBot India round 2
ChatterBot Victor round 2
2024-10-15 01:57:16.612115 Victor: We should replace Hotel with November
ChatterBot X-ray reevaluating
2024-10-15 01:57:16.625625 X-ray: No
ChatterBot Zulu round 2
ChatterBot Papa round 2
ChatterBot Yankee round 2
ChatterBot X-ray round 2
ChatterBot Hotel round 2
2024-10-15 01:57:16.639816 Whiskey: We should add Papa
ChatterBot Oscar reevaluating
ChatterBot Yankee reevaluating
ChatterBot India reevaluating
ChatterBot Hotel reevaluating
ChatterBot Zulu reevaluating
2024-10-15 01:57:16.676042 Oscar: No
2024-10-15 01:57:16.676205 Yankee: No
2024-10-15 01:57:16.676330 India: Yes
2024-10-15 01:57:16.676437 Hotel: Yes
2024-10-15 01:57:16.676538 Zulu: Yes
ChatterBot Yankee reevaluating
ChatterBot India reevaluating
ChatterBot Hotel reevaluating
ChatterBot Zulu reevaluating
ChatterBot Oscar reevaluating
ChatterBot India reevaluating
ChatterBot Hotel reevaluating
ChatterBot Zulu reevaluating
ChatterBot Oscar reevaluating
ChatterBot Yankee reevaluating
ChatterBot Hotel reevaluating
ChatterBot Zulu reevaluating
ChatterBot Oscar reevaluating
ChatterBot Yankee reevaluating
ChatterBot India reevaluating
ChatterBot Zulu reevaluating
ChatterBot Oscar reevaluating
ChatterBot Yankee reevaluating
ChatterBot India reevaluating
ChatterBot Hotel reevaluating
ChatterBot Oscar round 2
2024-10-15 01:57:16.905476 Victor: November we want you to join our group
2024-10-15 01:57:16.913143 November: No
ChatterBot X-ray reevaluating
2024-10-15 01:57:16.949025 Papa: Group up?
2024-10-15 01:57:16.957472 November: No
2024-10-15 01:57:16.995363 Whiskey: Papa we want you to join our group
2024-10-15 01:57:17.005114 Papa: No
ChatterBot India reevaluating
ChatterBot Zulu reevaluating
ChatterBot Yankee reevaluating
ChatterBot Hotel reevaluating
ChatterBot Oscar reevaluating
2024-10-15 01:57:17.074380 Yankee: Papa we want you to join our group
2024-10-15 01:57:17.084315 Papa: No
ChatterBot Oscar reevaluating
2024-10-15 01:57:17.138380 Hotel: Papa we want you to join our group
2024-10-15 01:57:17.148055 Papa: No
ChatterBot Oscar reevaluating
2024-10-15 01:57:17.201438 India: Papa we want you to join our group
2024-10-15 01:57:17.211092 Papa: No
ChatterBot Yankee reevaluating
ChatterBot Oscar reevaluating
2024-10-15 01:57:17.265751 Zulu: Papa we want you to join our group
2024-10-15 01:57:17.274690 Papa: No
ChatterBot Yankee reevaluating
ChatterBot Oscar reevaluating
chatterbot Victor submitting transactions
2024-10-15 01:57:17.332919 Oscar: We should add Papa
ChatterBot Yankee reevaluating
2024-10-15 01:57:17.377047 Whiskey: Yes
2024-10-15 01:57:17.377302 Yankee: Yes
2024-10-15 01:57:17.377485 India: Yes
2024-10-15 01:57:17.378166 Hotel: Yes
2024-10-15 01:57:17.378369 Zulu: Yes
ChatterBot Oscar reevaluating
ChatterBot Yankee reevaluating
ChatterBot Oscar reevaluating
ChatterBot Oscar reevaluating
ChatterBot Yankee reevaluating
ChatterBot Oscar reevaluating
ChatterBot Yankee reevaluating
ChatterBot Oscar reevaluating
ChatterBot Yankee reevaluating
2024-10-15 01:57:17.607001 Victor: November, sending you 4
2024-10-15 01:57:17.608374 Whiskey: India and Hotel, sending you 1
2024-10-15 01:57:17.608878 Papa: Sending you 4
2024-10-15 01:57:17.609562 X-ray: November and Victor, sending you 4
chatterbot November submitting transactions
chatterbot Hotel submitting transactions
chatterbot Whiskey submitting transactions
chatterbot Papa submitting transactions
chatterbot X-ray submitting transactions
2024-10-15 01:57:17.611116 Victor: X-ray, sending you 5
2024-10-15 01:57:17.665338 Whiskey: Zulu, Papa and Oscar, sending you 2
2024-10-15 01:57:17.666239 Zulu: Whiskey and Papa, sending you 2
2024-10-15 01:57:17.666571 Oscar: Papa we want you to join our group
2024-10-15 01:57:17.672104 Papa: No
ChatterBot Yankee reevaluating
2024-10-15 01:57:17.703381 Hotel: Whiskey, India, Zulu and Papa, sending you 3
2024-10-15 01:57:17.703781 India: Zulu, Papa, Hotel and Oscar, sending you 2
2024-10-15 01:57:17.704596 Zulu: India, sending you 1
2024-10-15 01:57:17.949003 Hotel: Yankee, sending you 2
2024-10-15 01:57:17.950327 Zulu: Yankee, sending you 5
chatterbot India submitting transactions
2024-10-15 01:57:17.987995 Hotel: Oscar, sending you 1
2024-10-15 01:57:17.989343 Zulu: Hotel, sending you 3
2024-10-15 01:57:17.989846 Oscar: Whiskey and Yankee, sending you 1
2024-10-15 01:57:18.011861 Oscar: India and Zulu, sending you 4
2024-10-15 01:57:18.044977 Oscar: Papa and Hotel, sending you 2
2024-10-15 01:57:18.045733 Yankee: Whiskey, India and Hotel, sending you 2
2024-10-15 01:57:18.061856 Yankee: Zulu, sending you 3
2024-10-15 01:57:18.077329 Yankee: Papa, sending you 1
2024-10-15 01:57:18.085662 Yankee: Oscar, sending you 4
chatterbot Zulu submitting transactions
chatterbot Yankee submitting transactions
chatterbot Oscar submitting transactions
ChatterBot Whiskey round 3
ChatterBot November round 3
ChatterBot India round 3
ChatterBot Victor round 3
ChatterBot Zulu round 3
ChatterBot Papa round 3
ChatterBot Yankee round 3
ChatterBot X-ray round 3
ChatterBot Hotel round 3
ChatterBot Oscar round 3
2024-10-15 01:57:18.804696 November: Sending you each 4
2024-10-15 01:57:18.805627 Victor: November, sending you 4
2024-10-15 01:57:18.808686 Victor: X-ray, sending you 5
2024-10-15 01:57:18.816721 Papa: Whiskey, India and Oscar, sending you 3
2024-10-15 01:57:18.817979 Whiskey: India, sending you 1
2024-10-15 01:57:18.818465 Yankee: Whiskey and India, sending you 2
2024-10-15 01:57:18.819676 Hotel: Whiskey, Papa, Yankee and Oscar, sending you 2
2024-10-15 01:57:18.820725 India: Whiskey, Zulu, Papa and Yankee, sending you 1
2024-10-15 01:57:18.821864 X-ray: Same as last round
2024-10-15 01:57:18.822105 Papa: Zulu, sending you 1
2024-10-15 01:57:18.822370 Whiskey: Zulu, Papa, Yankee, Hotel and Oscar, sending you 2
2024-10-15 01:57:18.823397 Yankee: Zulu, sending you 4
2024-10-15 01:57:18.824692 Hotel: India and Zulu, sending you 3
2024-10-15 01:57:18.825734 Zulu: Whiskey, India and Oscar, sending you 2
2024-10-15 01:57:18.826077 Oscar: Whiskey, Zulu and Hotel, sending you 2
2024-10-15 01:57:18.827253 India: Hotel and Oscar, sending you 2
2024-10-15 01:57:18.827896 Papa: Hotel, sending you 4
2024-10-15 01:57:18.828316 Yankee: Hotel and Oscar, sending you 3
2024-10-15 01:57:18.829572 Zulu: Papa, sending you 1
2024-10-15 01:57:18.830001 Oscar: India, sending you 3
2024-10-15 01:57:18.833240 Zulu: Yankee, sending you 4
2024-10-15 01:57:18.833855 Oscar: Papa, sending you 1
2024-10-15 01:57:18.836724 Zulu: Hotel, sending you 3
2024-10-15 01:57:18.837278 Oscar: Yankee, sending you 4
chatterbot Whiskey submitting transactions
chatterbot Hotel submitting transactions
chatterbot X-ray submitting transactions
chatterbot Oscar submitting transactions
chatterbot Yankee submitting transactions
chatterbot Victor submitting transactions
chatterbot Zulu submitting transactions
chatterbot Papa submitting transactions
chatterbot India submitting transactions
chatterbot November submitting transactions
ChatterBot Whiskey round 4
ChatterBot November round 4
ChatterBot India round 4
ChatterBot Victor round 4
ChatterBot Zulu round 4
ChatterBot Papa round 4
ChatterBot Yankee round 4
ChatterBot X-ray round 4
ChatterBot Hotel round 4
ChatterBot Oscar round 4
2024-10-15 01:57:19.956222 Whiskey: India, sending you 1
2024-10-15 01:57:19.961669 Whiskey: Zulu, Papa, Yankee, Hotel and Oscar, sending you 2
2024-10-15 01:57:19.962856 Zulu: Whiskey, India and Oscar, sending you 2
2024-10-15 01:57:19.963687 Yankee: Whiskey, India and Hotel, sending you 2
2024-10-15 01:57:19.966136 November: Same as last round
2024-10-15 01:57:19.966440 India: Whiskey, Zulu, Papa and Yankee, sending you 1
2024-10-15 01:57:19.966935 Zulu: Papa, sending you 1
2024-10-15 01:57:19.968713 Hotel: Whiskey, Yankee and Oscar, sending you 2
2024-10-15 01:57:19.969198 Yankee: Zulu, sending you 4
2024-10-15 01:57:19.969655 Victor: Sending you each 5
2024-10-15 01:57:19.970339 India: Hotel and Oscar, sending you 2
2024-10-15 01:57:19.970777 Zulu: Yankee, sending you 4
2024-10-15 01:57:19.972231 Papa: Whiskey, sending you 3
2024-10-15 01:57:19.972678 Oscar: Whiskey, Zulu, Papa and Hotel, sending you 2
2024-10-15 01:57:19.973083 Hotel: India, Zulu and Papa, sending you 3
2024-10-15 01:57:19.974663 Yankee: Papa, sending you 1
2024-10-15 01:57:19.975721 Zulu: Hotel, sending you 3
2024-10-15 01:57:19.977024 Oscar: India and Yankee, sending you 3
2024-10-15 01:57:19.977641 X-ray: Same as last round
2024-10-15 01:57:19.977956 Papa: India, Zulu and Oscar, sending you 2
2024-10-15 01:57:19.978905 Yankee: Oscar, sending you 3
2024-10-15 01:57:19.981661 Papa: Yankee, sending you 1
2024-10-15 01:57:19.986689 Papa: Hotel, sending you 4
chatterbot India submitting transactions
chatterbot Whiskey submitting transactions
chatterbot Oscar submitting transactions
chatterbot Papa submitting transactions
chatterbot Victor submitting transactions
chatterbot Hotel submitting transactions
chatterbot Yankee submitting transactions
chatterbot November submitting transactions
chatterbot Zulu submitting transactions
chatterbot X-ray submitting transactions
ChatterBot Whiskey round 5
ChatterBot November round 5
ChatterBot India round 5
ChatterBot Victor round 5
ChatterBot Zulu round 5
ChatterBot Papa round 5
ChatterBot Yankee round 5
ChatterBot X-ray round 5
ChatterBot Hotel round 5
ChatterBot Oscar round 5
2024-10-15 01:57:21.149659 November: Same as last round
2024-10-15 01:57:21.159667 India: Whiskey, Zulu, Papa and Yankee, sending you 1
2024-10-15 01:57:21.163460 X-ray: Same as last round
2024-10-15 01:57:21.163956 Yankee: Whiskey, India and Hotel, sending you 2
2024-10-15 01:57:21.164559 India: Hotel and Oscar, sending you 2
2024-10-15 01:57:21.165204 Victor: Same as last round
2024-10-15 01:57:21.165689 Hotel: Whiskey, Yankee and Oscar, sending you 2
2024-10-15 01:57:21.166689 Yankee: Zulu, sending you 4
2024-10-15 01:57:21.167647 Oscar: Whiskey, Zulu, Papa and Hotel, sending you 2
2024-10-15 01:57:21.168627 Whiskey: India, sending you 1
2024-10-15 01:57:21.169385 Zulu: Whiskey and Oscar, sending you 2
2024-10-15 01:57:21.169999 Papa: Whiskey, sending you 3
2024-10-15 01:57:21.170494 Hotel: India, Zulu and Papa, sending you 3
2024-10-15 01:57:21.171244 Oscar: India and Yankee, sending you 3
2024-10-15 01:57:21.171918 Yankee: Papa, sending you 1
2024-10-15 01:57:21.173988 Whiskey: Zulu, Papa, Yankee, Hotel and Oscar, sending you 2
2024-10-15 01:57:21.174956 Papa: India, Zulu and Oscar, sending you 2
2024-10-15 01:57:21.175798 Zulu: India and Papa, sending you 1
2024-10-15 01:57:21.176593 Yankee: Oscar, sending you 3
2024-10-15 01:57:21.179681 Zulu: Yankee, sending you 4
2024-10-15 01:57:21.180680 Papa: Yankee, sending you 1
2024-10-15 01:57:21.185423 Zulu: Hotel, sending you 3
2024-10-15 01:57:21.186270 Papa: Hotel, sending you 4
chatterbot Whiskey submitting transactions
chatterbot Victor submitting transactions
chatterbot India submitting transactions
chatterbot X-ray submitting transactions
chatterbot Yankee submitting transactions
chatterbot Zulu submitting transactions
chatterbot November submitting transactions
chatterbot Papa submitting transactions
chatterbot Hotel submitting transactions
chatterbot Oscar submitting transactions
ChatterBot Whiskey round 6
ChatterBot November round 6
ChatterBot India round 6
ChatterBot Victor round 6
ChatterBot Zulu round 6
ChatterBot Papa round 6
ChatterBot Yankee round 6
ChatterBot X-ray round 6
ChatterBot Hotel round 6
ChatterBot Oscar round 6
2024-10-15 01:57:22.396211 Papa: We should drop India
2024-10-15 01:57:22.408766 Whiskey: No
2024-10-15 01:57:22.408933 Zulu: No
2024-10-15 01:57:22.409053 Yankee: No
2024-10-15 01:57:22.409162 Hotel: No
2024-10-15 01:57:22.409272 Oscar: No
ChatterBot Papa reevaluating
ChatterBot Papa reevaluating
ChatterBot Papa reevaluating
ChatterBot Papa reevaluating
ChatterBot Papa reevaluating
2024-10-15 01:57:22.476664 November: Same as last round
2024-10-15 01:57:22.477704 Whiskey: India, sending you 1
2024-10-15 01:57:22.480711 Whiskey: Zulu, Papa, Yankee, Hotel and Oscar, sending you 2
2024-10-15 01:57:22.484694 Yankee: Whiskey, India and Hotel, sending you 2
2024-10-15 01:57:22.486659 X-ray: Same as last round
2024-10-15 01:57:22.486969 Oscar: Whiskey, Zulu, Papa and Hotel, sending you 2
2024-10-15 01:57:22.488239 Victor: Same as last round
2024-10-15 01:57:22.488721 Zulu: Whiskey and Oscar, sending you 2
2024-10-15 01:57:22.489721 Yankee: Zulu, sending you 4
2024-10-15 01:57:22.490640 Oscar: India and Yankee, sending you 3
2024-10-15 01:57:22.492682 India: Whiskey, Zulu, Papa and Yankee, sending you 1
2024-10-15 01:57:22.493550 Zulu: India and Papa, sending you 1
2024-10-15 01:57:22.494477 Yankee: Papa, sending you 1
2024-10-15 01:57:22.495336 Hotel: Whiskey, Yankee and Oscar, sending you 2
2024-10-15 01:57:22.496699 India: Hotel and Oscar, sending you 2
2024-10-15 01:57:22.497576 Zulu: Yankee, sending you 4
2024-10-15 01:57:22.499673 Yankee: Oscar, sending you 3
2024-10-15 01:57:22.500373 Hotel: India, Zulu and Papa, sending you 3
2024-10-15 01:57:22.501109 Papa: Whiskey, sending you 3
2024-10-15 01:57:22.503670 Zulu: Hotel, sending you 3
2024-10-15 01:57:22.506678 Papa: India, Zulu and Oscar, sending you 2
2024-10-15 01:57:22.509687 Papa: Yankee, sending you 1
2024-10-15 01:57:22.513704 Papa: Hotel, sending you 4
chatterbot November submitting transactions
chatterbot India submitting transactions
chatterbot Whiskey submitting transactions
chatterbot Oscar submitting transactions
chatterbot Hotel submitting transactions
chatterbot X-ray submitting transactions
chatterbot Yankee submitting transactions
chatterbot Zulu submitting transactions
chatterbot Victor submitting transactions
chatterbot Papa submitting transactions
ChatterBot Whiskey round 7
ChatterBot November round 7
ChatterBot India round 7
ChatterBot Victor round 7
ChatterBot Zulu round 7
ChatterBot Papa round 7
ChatterBot Yankee round 7
ChatterBot X-ray round 7
ChatterBot Hotel round 7
ChatterBot Oscar round 7
2024-10-15 01:57:23.774266 Whiskey: India, sending you 1
2024-10-15 01:57:23.775086 Zulu: Whiskey and Oscar, sending you 2
2024-10-15 01:57:23.776150 India: Whiskey, Zulu, Papa and Yankee, sending you 1
2024-10-15 01:57:23.777729 November: Same as last round
2024-10-15 01:57:23.779233 Whiskey: Zulu, Papa, Yankee, Hotel and Oscar, sending you 2
2024-10-15 01:57:23.781237 India: Hotel and Oscar, sending you 2
2024-10-15 01:57:23.782828 Zulu: India and Papa, sending you 1
2024-10-15 01:57:23.784382 X-ray: Same as last round
2024-10-15 01:57:23.787682 Zulu: Yankee, sending you 4
2024-10-15 01:57:23.791677 Zulu: Hotel, sending you 3
2024-10-15 01:57:23.792638 Papa: Whiskey and Oscar, sending you 3
2024-10-15 01:57:23.793848 Hotel: Whiskey, Yankee and Oscar, sending you 2
2024-10-15 01:57:23.795472 Victor: Same as last round
2024-10-15 01:57:23.795911 Yankee: Whiskey, India and Hotel, sending you 2
2024-10-15 01:57:23.796939 Papa: India and Zulu, sending you 2
2024-10-15 01:57:23.797907 Oscar: Whiskey, Zulu, Papa and Hotel, sending you 2
2024-10-15 01:57:23.799300 Hotel: India, Zulu and Papa, sending you 3
2024-10-15 01:57:23.800663 Papa: Hotel, sending you 4
2024-10-15 01:57:23.802277 Yankee: Zulu, sending you 4
2024-10-15 01:57:23.803295 Oscar: India and Yankee, sending you 3
2024-10-15 01:57:23.807664 Yankee: Papa, sending you 1
2024-10-15 01:57:23.811685 Yankee: Oscar, sending you 3
chatterbot X-ray submitting transactions
chatterbot India submitting transactions
chatterbot Papa submitting transactions
chatterbot Whiskey submitting transactions
chatterbot Hotel submitting transactions
chatterbot Oscar submitting transactions
chatterbot Yankee submitting transactions
chatterbot November submitting transactions
chatterbot Zulu submitting transactions
chatterbot Victor submitting transactions
ChatterBot Whiskey round 8
ChatterBot November round 8
ChatterBot India round 8
ChatterBot Victor round 8
ChatterBot Zulu round 8
ChatterBot Papa round 8
ChatterBot Yankee round 8
ChatterBot X-ray round 8
ChatterBot Hotel round 8
ChatterBot Oscar round 8
2024-10-15 01:57:25.046688 November: Same as last round
2024-10-15 01:57:25.047083 India: Whiskey, Zulu, Papa and Yankee, sending you 1
2024-10-15 01:57:25.053179 India: Hotel and Oscar, sending you 2
2024-10-15 01:57:25.057225 Hotel: Whiskey, Yankee and Oscar, sending you 2
2024-10-15 01:57:25.058064 Oscar: Whiskey, Zulu, Papa and Hotel, sending you 2
2024-10-15 01:57:25.058678 Zulu: Whiskey, Papa and Oscar, sending you 2
2024-10-15 01:57:25.061407 Hotel: India, Zulu and Papa, sending you 3
2024-10-15 01:57:25.062296 Victor: Same as last round
2024-10-15 01:57:25.062553 Oscar: India and Yankee, sending you 3
2024-10-15 01:57:25.063217 Zulu: India, sending you 1
2024-10-15 01:57:25.063846 Papa: Whiskey and Oscar, sending you 3
2024-10-15 01:57:25.065208 Whiskey: India, sending you 1
2024-10-15 01:57:25.065927 Yankee: Whiskey, India and Hotel, sending you 2
2024-10-15 01:57:25.066660 Zulu: Yankee, sending you 4
2024-10-15 01:57:25.067412 Papa: India and Zulu, sending you 2
2024-10-15 01:57:25.068655 Yankee: Zulu, sending you 4
2024-10-15 01:57:25.069666 Zulu: Hotel, sending you 3
2024-10-15 01:57:25.070696 Whiskey: Zulu, Papa, Yankee, Hotel and Oscar, sending you 2
2024-10-15 01:57:25.072265 Papa: Hotel, sending you 4
2024-10-15 01:57:25.072957 X-ray: Same as last round
2024-10-15 01:57:25.073205 Yankee: Papa, sending you 1
2024-10-15 01:57:25.079045 Yankee: Oscar, sending you 3
chatterbot Zulu submitting transactions
chatterbot November submitting transactions
chatterbot India submitting transactions
chatterbot Papa submitting transactions
chatterbot Oscar submitting transactions
chatterbot Yankee submitting transactions
chatterbot Hotel submitting transactions
chatterbot Victor submitting transactions
chatterbot X-ray submitting transactions
chatterbot Whiskey submitting transactions
ChatterBot Whiskey round 9
ChatterBot November round 9
ChatterBot India round 9
ChatterBot Victor round 9
ChatterBot Zulu round 9
ChatterBot Papa round 9
ChatterBot Yankee round 9
ChatterBot X-ray round 9
ChatterBot Hotel round 9
ChatterBot Oscar round 9
2024-10-15 01:57:26.233674 November: Same as last round
2024-10-15 01:57:26.234678 India: Whiskey, Zulu, Papa and Yankee, sending you 1
2024-10-15 01:57:26.236709 Victor: Same as last round
2024-10-15 01:57:26.237665 Zulu: Whiskey, Papa and Oscar, sending you 2
2024-10-15 01:57:26.238671 India: Hotel and Oscar, sending you 2
2024-10-15 01:57:26.242677 Zulu: India, sending you 1
2024-10-15 01:57:26.244696 Hotel: Whiskey, Yankee and Oscar, sending you 2
2024-10-15 01:57:26.246679 Whiskey: India, sending you 1
2024-10-15 01:57:26.248013 Yankee: Whiskey, India and Hotel, sending you 2
2024-10-15 01:57:26.248774 Zulu: Yankee, sending you 4
2024-10-15 01:57:26.249436 Oscar: Whiskey, Zulu, Papa and Hotel, sending you 2
2024-10-15 01:57:26.250147 Papa: Whiskey and Oscar, sending you 3
2024-10-15 01:57:26.251262 Hotel: India, Zulu and Papa, sending you 3
2024-10-15 01:57:26.251983 X-ray: Same as last round
2024-10-15 01:57:26.252285 Zulu: Hotel, sending you 3
2024-10-15 01:57:26.252982 Whiskey: Zulu, Papa, Yankee, Hotel and Oscar, sending you 2
2024-10-15 01:57:26.254114 Yankee: Zulu, sending you 4
2024-10-15 01:57:26.254954 Oscar: India and Yankee, sending you 3
2024-10-15 01:57:26.255704 Papa: India and Zulu, sending you 2
2024-10-15 01:57:26.259666 Yankee: Papa, sending you 1
2024-10-15 01:57:26.261362 Papa: Hotel, sending you 4
2024-10-15 01:57:26.263664 Yankee: Oscar, sending you 3
chatterbot Victor submitting transactions
chatterbot Yankee submitting transactions
chatterbot X-ray submitting transactions
chatterbot Hotel submitting transactions
chatterbot Zulu submitting transactions
chatterbot Oscar submitting transactions
chatterbot Whiskey submitting transactions
chatterbot India submitting transactions
chatterbot Papa submitting transactions
chatterbot November submitting transactions
ChatterBot Whiskey round 10
ChatterBot November round 10
ChatterBot India round 10
ChatterBot Victor round 10
ChatterBot Zulu round 10
ChatterBot Papa round 10
ChatterBot Yankee round 10
ChatterBot X-ray round 10
ChatterBot Hotel round 10
ChatterBot Oscar round 10
2024-10-15 01:57:27.419658 Whiskey: India, sending you 1
2024-10-15 01:57:27.423663 Whiskey: Zulu, Papa, Yankee, Hotel and Oscar, sending you 2
2024-10-15 01:57:27.425692 India: Whiskey, Zulu, Papa and Yankee, sending you 1
2024-10-15 01:57:27.429669 India: Hotel and Oscar, sending you 2
2024-10-15 01:57:27.430482 Zulu: Whiskey, Papa and Oscar, sending you 2
2024-10-15 01:57:27.431257 X-ray: Same as last round
2024-10-15 01:57:27.433668 Victor: Same as last round
2024-10-15 01:57:27.434658 Zulu: India, sending you 1
2024-10-15 01:57:27.436657 November: Same as last round
2024-10-15 01:57:27.436940 Yankee: Whiskey, India and Hotel, sending you 2
2024-10-15 01:57:27.437736 Zulu: Yankee, sending you 4
2024-10-15 01:57:27.438677 Hotel: Whiskey, Yankee and Oscar, sending you 2
2024-10-15 01:57:27.440688 Zulu: Hotel, sending you 3
2024-10-15 01:57:27.441700 Yankee: Zulu, sending you 4
2024-10-15 01:57:27.443010 Oscar: Whiskey, Zulu, Papa and Hotel, sending you 2
2024-10-15 01:57:27.444078 Papa: Whiskey, sending you 3
2024-10-15 01:57:27.445105 Hotel: India, Zulu and Papa, sending you 3
2024-10-15 01:57:27.446806 Yankee: Papa, sending you 1
2024-10-15 01:57:27.448648 Oscar: India and Yankee, sending you 3
2024-10-15 01:57:27.449519 Papa: India, Zulu and Oscar, sending you 2
2024-10-15 01:57:27.450639 Yankee: Oscar, sending you 3
2024-10-15 01:57:27.453667 Papa: Yankee, sending you 1
2024-10-15 01:57:27.457661 Papa: Hotel, sending you 4
chatterbot Victor submitting transactions
chatterbot India submitting transactions
chatterbot Zulu submitting transactions
chatterbot Yankee submitting transactions
chatterbot Hotel submitting transactions
chatterbot Oscar submitting transactions
chatterbot X-ray submitting transactions
chatterbot Whiskey submitting transactions
chatterbot Papa submitting transactions
chatterbot November submitting transactions
ChatterBot Whiskey round 11
ChatterBot November round 11
ChatterBot India round 11
ChatterBot Victor round 11
ChatterBot Zulu round 11
ChatterBot Papa round 11
ChatterBot Yankee round 11
ChatterBot X-ray round 11
ChatterBot Hotel round 11
ChatterBot Oscar round 11
2024-10-15 01:57:28.711690 Zulu: Whiskey, Papa and Oscar, sending you 2
2024-10-15 01:57:28.714077 Oscar: Whiskey, Zulu, Papa and Hotel, sending you 2
2024-10-15 01:57:28.716677 Hotel: Whiskey, Yankee and Oscar, sending you 2
2024-10-15 01:57:28.718709 Zulu: India, sending you 1
2024-10-15 01:57:28.720921 X-ray: Same as last round
2024-10-15 01:57:28.721478 India: Whiskey, Zulu, Papa and Yankee, sending you 1
2024-10-15 01:57:28.723573 Oscar: India and Yankee, sending you 3
2024-10-15 01:57:28.725197 November: Same as last round
2024-10-15 01:57:28.726186 Whiskey: Sending you each 2
2024-10-15 01:57:28.728263 Yankee: Whiskey, India and Hotel, sending you 2
2024-10-15 01:57:28.729698 Hotel: India, Zulu and Papa, sending you 3
2024-10-15 01:57:28.731903 Victor: Same as last round
2024-10-15 01:57:28.733137 Zulu: Yankee, sending you 4
2024-10-15 01:57:28.735457 India: Hotel and Oscar, sending you 2
2024-10-15 01:57:28.737871 Yankee: Zulu, sending you 4
2024-10-15 01:57:28.739347 Papa: Whiskey, sending you 3
2024-10-15 01:57:28.741266 Zulu: Hotel, sending you 3
2024-10-15 01:57:28.743334 Yankee: Papa, sending you 1
2024-10-15 01:57:28.745360 Papa: India, Zulu and Oscar, sending you 2
2024-10-15 01:57:28.750181 Yankee: Oscar, sending you 3
2024-10-15 01:57:28.752017 Papa: Yankee, sending you 1
2024-10-15 01:57:28.756680 Papa: Hotel, sending you 4
chatterbot India submitting transactions
chatterbot Zulu submitting transactions
chatterbot Hotel submitting transactions
chatterbot Victor submitting transactions
chatterbot X-ray submitting transactions
chatterbot Papa submitting transactions
chatterbot Oscar submitting transactions
chatterbot November submitting transactions
chatterbot Yankee submitting transactions
chatterbot Whiskey submitting transactions
ChatterBot Whiskey round 12
ChatterBot November round 12
ChatterBot India round 12
ChatterBot Victor round 12
ChatterBot Zulu round 12
ChatterBot Papa round 12
ChatterBot Yankee round 12
ChatterBot X-ray round 12
ChatterBot Hotel round 12
ChatterBot Oscar round 12
2024-10-15 01:57:29.975694 Whiskey: Same as last round
2024-10-15 01:57:29.978038 Victor: Same as last round
2024-10-15 01:57:29.978696 Hotel: Whiskey, Yankee and Oscar, sending you 2
2024-10-15 01:57:29.983724 Hotel: India, Zulu and Papa, sending you 3
2024-10-15 01:57:29.985683 Papa: Whiskey, sending you 3
2024-10-15 01:57:29.987467 X-ray: Same as last round
2024-10-15 01:57:29.987906 India: Whiskey, Zulu, Papa and Yankee, sending you 1
2024-10-15 01:57:29.989921 Oscar: Whiskey, Zulu, Papa and Hotel, sending you 2
2024-10-15 01:57:29.991999 Zulu: Whiskey, Papa and Oscar, sending you 2
2024-10-15 01:57:29.994009 November: Same as last round
2024-10-15 01:57:29.994410 Papa: India, Zulu and Oscar, sending you 2
2024-10-15 01:57:29.996174 Yankee: Whiskey, India and Hotel, sending you 2
2024-10-15 01:57:29.997835 India: Hotel and Oscar, sending you 2
2024-10-15 01:57:29.999561 Oscar: India and Yankee, sending you 3
2024-10-15 01:57:30.000851 Zulu: India, sending you 1
2024-10-15 01:57:30.002626 Papa: Yankee, sending you 1
2024-10-15 01:57:30.004355 Yankee: Zulu, sending you 4
2024-10-15 01:57:30.006198 Zulu: Yankee, sending you 4
2024-10-15 01:57:30.008678 Papa: Hotel, sending you 4
2024-10-15 01:57:30.010563 Yankee: Papa, sending you 1
2024-10-15 01:57:30.012691 Zulu: Hotel, sending you 3
2024-10-15 01:57:30.015412 Yankee: Oscar, sending you 3
chatterbot Zulu submitting transactions
chatterbot India submitting transactions
chatterbot Whiskey submitting transactions
chatterbot November submitting transactions
chatterbot Victor submitting transactions
chatterbot Oscar submitting transactions
chatterbot Papa submitting transactions
chatterbot X-ray submitting transactions
chatterbot Hotel submitting transactions
chatterbot Yankee submitting transactions
ChatterBot Whiskey round 13
ChatterBot November round 13
ChatterBot India round 13
ChatterBot Victor round 13
ChatterBot Zulu round 13
ChatterBot Papa round 13
ChatterBot Yankee round 13
ChatterBot X-ray round 13
ChatterBot Hotel round 13
ChatterBot Oscar round 13
2024-10-15 01:57:31.300679 India: Whiskey, Zulu, Papa and Yankee, sending you 1
2024-10-15 01:57:31.302610 Whiskey: Same as last round
2024-10-15 01:57:31.304006 November: Same as last round
2024-10-15 01:57:31.304485 Hotel: Whiskey, Yankee and Oscar, sending you 2
2024-10-15 01:57:31.305339 Zulu: Whiskey, Papa and Oscar, sending you 2
2024-10-15 01:57:31.307242 India: Hotel and Oscar, sending you 2
2024-10-15 01:57:31.308890 Victor: Same as last round
2024-10-15 01:57:31.309339 Hotel: India, Zulu and Papa, sending you 3
2024-10-15 01:57:31.311017 Zulu: India, sending you 1
2024-10-15 01:57:31.312326 Yankee: Whiskey, India and Hotel, sending you 2
2024-10-15 01:57:31.314188 Oscar: Whiskey, Zulu, Papa and Hotel, sending you 2
2024-10-15 01:57:31.316941 Papa: Whiskey, sending you 3
2024-10-15 01:57:31.319742 X-ray: Same as last round
2024-10-15 01:57:31.320753 Zulu: Yankee, sending you 4
2024-10-15 01:57:31.323634 Yankee: Zulu, sending you 4
2024-10-15 01:57:31.325834 Oscar: India and Yankee, sending you 3
2024-10-15 01:57:31.328215 Papa: India, Zulu and Oscar, sending you 2
2024-10-15 01:57:31.330611 Zulu: Hotel, sending you 3
2024-10-15 01:57:31.332587 Yankee: Papa, sending you 1
2024-10-15 01:57:31.334185 Papa: Yankee, sending you 1
2024-10-15 01:57:31.337688 Yankee: Oscar, sending you 3
2024-10-15 01:57:31.340164 Papa: Hotel, sending you 4
chatterbot Oscar submitting transactions
chatterbot Hotel submitting transactions
chatterbot India submitting transactions
chatterbot November submitting transactions
chatterbot Victor submitting transactions
chatterbot X-ray submitting transactions
chatterbot Whiskey submitting transactions
chatterbot Yankee submitting transactions
chatterbot Zulu submitting transactions
chatterbot Papa submitting transactions
ChatterBot Whiskey round 14
ChatterBot November round 14
ChatterBot India round 14
ChatterBot Victor round 14
ChatterBot Zulu round 14
ChatterBot Papa round 14
ChatterBot Yankee round 14
ChatterBot X-ray round 14
ChatterBot Hotel round 14
ChatterBot Oscar round 14
2024-10-15 01:57:32.506708 Whiskey: Same as last round
2024-10-15 01:57:32.511693 Zulu: Whiskey, Papa and Oscar, sending you 2
2024-10-15 01:57:32.513297 November: Same as last round
2024-10-15 01:57:32.513809 Yankee: Whiskey, India, Papa and Hotel, sending you 2
2024-10-15 01:57:32.515396 X-ray: Same as last round
2024-10-15 01:57:32.515901 Zulu: India, sending you 1
2024-10-15 01:57:32.517066 Oscar: Whiskey, Zulu, Papa and Hotel, sending you 2
2024-10-15 01:57:32.518284 Papa: Whiskey, sending you 3
2024-10-15 01:57:32.519680 Yankee: Zulu and Oscar, sending you 3
2024-10-15 01:57:32.520841 Zulu: Yankee, sending you 4
2024-10-15 01:57:32.523646 Oscar: India and Yankee, sending you 3
2024-10-15 01:57:32.524856 India: Whiskey, Zulu, Papa and Yankee, sending you 1
2024-10-15 01:57:32.526078 Papa: India, Zulu and Oscar, sending you 2
2024-10-15 01:57:32.527482 Victor: Same as last round
2024-10-15 01:57:32.527963 Zulu: Hotel, sending you 3
2024-10-15 01:57:32.529544 India: Hotel and Oscar, sending you 2
2024-10-15 01:57:32.531697 Papa: Yankee, sending you 1
2024-10-15 01:57:32.534511 Hotel: Whiskey, Yankee and Oscar, sending you 2
2024-10-15 01:57:32.538671 Papa: Hotel, sending you 4
2024-10-15 01:57:32.541432 Hotel: India, Zulu and Papa, sending you 3
chatterbot Oscar submitting transactions
chatterbot Papa submitting transactions
chatterbot Whiskey submitting transactions
chatterbot November submitting transactions
chatterbot Yankee submitting transactions
chatterbot X-ray submitting transactions
chatterbot Victor submitting transactions
chatterbot India submitting transactions
chatterbot Zulu submitting transactions
chatterbot Hotel submitting transactions
ChatterBot Whiskey round 15
ChatterBot November round 15
ChatterBot India round 15
ChatterBot Victor round 15
ChatterBot Zulu round 15
ChatterBot Papa round 15
ChatterBot Yankee round 15
ChatterBot X-ray round 15
ChatterBot Hotel round 15
ChatterBot Oscar round 15
2024-10-15 01:57:33.779664 November: Same as last round
2024-10-15 01:57:33.783826 Whiskey: Same as last round
2024-10-15 01:57:33.785556 Oscar: Whiskey, Zulu, Papa and Hotel, sending you 2
2024-10-15 01:57:33.787470 Victor: November, sending you 6
2024-10-15 01:57:33.789220 X-ray: Same as last round
2024-10-15 01:57:33.789752 Zulu: Whiskey, Papa and Oscar, sending you 2
2024-10-15 01:57:33.791146 Oscar: India and Yankee, sending you 3
2024-10-15 01:57:33.793851 Victor: X-ray, sending you 5
2024-10-15 01:57:33.794628 India: Whiskey, Zulu, Papa and Yankee, sending you 1
2024-10-15 01:57:33.796584 Zulu: India, sending you 1
2024-10-15 01:57:33.798719 Papa: Whiskey, India, Zulu, Yankee and Oscar, sending you 2
2024-10-15 01:57:33.800121 Yankee: Whiskey, India, Papa and Hotel, sending you 2
2024-10-15 01:57:33.801594 Hotel: Whiskey, Yankee and Oscar, sending you 2
2024-10-15 01:57:33.804115 India: Hotel and Oscar, sending you 2
2024-10-15 01:57:33.805504 Zulu: Yankee, sending you 4
2024-10-15 01:57:33.807533 Papa: Hotel, sending you 4
2024-10-15 01:57:33.809006 Yankee: Zulu and Oscar, sending you 3
2024-10-15 01:57:33.811505 Hotel: India, Zulu and Papa, sending you 3
2024-10-15 01:57:33.813098 Zulu: Hotel, sending you 3
chatterbot Whiskey submitting transactions
chatterbot X-ray submitting transactions
chatterbot Oscar submitting transactions
chatterbot India submitting transactions
chatterbot November submitting transactions
chatterbot Yankee submitting transactions
chatterbot Papa submitting transactions
chatterbot Victor submitting transactions
chatterbot Hotel submitting transactions
chatterbot Zulu submitting transactions
ChatterBot Whiskey round 16
ChatterBot November round 16
ChatterBot India round 16
ChatterBot Victor round 16
ChatterBot Zulu round 16
ChatterBot Papa round 16
ChatterBot Yankee round 16
ChatterBot X-ray round 16
ChatterBot Hotel round 16
ChatterBot Oscar round 16
2024-10-15 01:57:35.002689 India: Whiskey, Zulu, Papa and Yankee, sending you 1
2024-10-15 01:57:35.004683 Victor: Sending you each 6
2024-10-15 01:57:35.005700 November: Same as last round
2024-10-15 01:57:35.006684 India: Hotel and Oscar, sending you 2
2024-10-15 01:57:35.009688 Yankee: Whiskey, India, Papa and Hotel, sending you 2
2024-10-15 01:57:35.012094 Whiskey: India, Zulu, Papa, Yankee and Oscar, sending you 2
2024-10-15 01:57:35.013521 Zulu: Whiskey, Papa and Oscar, sending you 2
2024-10-15 01:57:35.015101 X-ray: Same as last round
2024-10-15 01:57:35.015431 Papa: Whiskey, India, Zulu, Yankee and Oscar, sending you 2
2024-10-15 01:57:35.016462 Yankee: Zulu and Oscar, sending you 3
2024-10-15 01:57:35.017864 Whiskey: Hotel, sending you 3
2024-10-15 01:57:35.019211 Zulu: India, sending you 1
2024-10-15 01:57:35.020762 Papa: Hotel, sending you 4
2024-10-15 01:57:35.022372 Oscar: Whiskey, Zulu, Papa and Hotel, sending you 2
2024-10-15 01:57:35.023691 Hotel: Whiskey, Yankee and Oscar, sending you 2
2024-10-15 01:57:35.024820 Zulu: Yankee, sending you 4
2024-10-15 01:57:35.026698 Oscar: India and Yankee, sending you 3
2024-10-15 01:57:35.028095 Hotel: India, Zulu and Papa, sending you 3
2024-10-15 01:57:35.030201 Zulu: Hotel, sending you 3
chatterbot Victor submitting transactions
chatterbot Zulu submitting transactions
chatterbot India submitting transactions
chatterbot Papa submitting transactions
chatterbot Whiskey submitting transactions
chatterbot Hotel submitting transactions
chatterbot X-ray submitting transactions
chatterbot Oscar submitting transactions
