ChatterBot X-ray round 1
ChatterBot Charlie round 1
ChatterBot Lima round 1
ChatterBot Hotel round 1
ChatterBot Juliett round 1
ChatterBot Foxtrot round 1
ChatterBot Whiskey round 1
ChatterBot Yankee round 1
ChatterBot Uniform round 1
ChatterBot November round 1
randomSelections Charlie: {Charlie, November, Lima, Yankee, Hotel, X-ray} 
2024-10-15 01:57:15.066589 Charlie: We would work well together
ChatterBot November reevaluating
ChatterBot Lima reevaluating
ChatterBot Yankee reevaluating
ChatterBot Hotel reevaluating
ChatterBot X-ray reevaluating
2024-10-15 01:57:15.093518 November: Yes
2024-10-15 01:57:15.093787 Lima: Yes
2024-10-15 01:57:15.094048 Yankee: Yes
2024-10-15 01:57:15.094304 Hotel: Yes
2024-10-15 01:57:15.094530 X-ray: Yes
ChatterBot Lima reevaluating
ChatterBot Yankee reevaluating
ChatterBot Hotel reevaluating
ChatterBot X-ray reevaluating
ChatterBot November reevaluating
ChatterBot Yankee reevaluating
ChatterBot Hotel reevaluating
ChatterBot X-ray reevaluating
ChatterBot November reevaluating
ChatterBot Lima reevaluating
ChatterBot Hotel reevaluating
ChatterBot X-ray reevaluating
ChatterBot November reevaluating
ChatterBot Lima reevaluating
ChatterBot Yankee reevaluating
ChatterBot X-ray reevaluating
ChatterBot November reevaluating
ChatterBot Lima reevaluating
ChatterBot Yankee reevaluating
ChatterBot Hotel reevaluating
randomSelections Whiskey: {Whiskey, Foxtrot, Charlie, Lima, Uniform, Yankee} 
2024-10-15 01:57:15.182829 Whiskey: Can we be friends?
ChatterBot Foxtrot reevaluating
ChatterBot Lima reevaluating
ChatterBot Uniform reevaluating
ChatterBot Yankee reevaluating
2024-10-15 01:57:15.196766 Foxtrot: Yes
2024-10-15 01:57:15.196971 Charlie: No
2024-10-15 01:57:15.197646 Lima: No
2024-10-15 01:57:15.197831 Uniform: Yes
2024-10-15 01:57:15.197956 Yankee: No
ChatterBot Lima reevaluating
ChatterBot Uniform reevaluating
ChatterBot Yankee reevaluating
ChatterBot Foxtrot reevaluating
ChatterBot Lima reevaluating
ChatterBot Uniform reevaluating
ChatterBot Yankee reevaluating
ChatterBot Foxtrot reevaluating
ChatterBot Uniform reevaluating
ChatterBot Yankee reevaluating
ChatterBot Foxtrot reevaluating
ChatterBot Lima reevaluating
ChatterBot Yankee reevaluating
ChatterBot Foxtrot reevaluating
ChatterBot Lima reevaluating
ChatterBot Uniform reevaluating
randomSelections Juliett: {Juliett, Hotel, Foxtrot, Whiskey} 
2024-10-15 01:57:15.249384 Juliett: Friends?
ChatterBot Hotel reevaluating
ChatterBot Foxtrot reevaluating
2024-10-15 01:57:15.254368 Hotel: No
2024-10-15 01:57:15.254511 Foxtrot: No
2024-10-15 01:57:15.254696 Whiskey: No
ChatterBot Foxtrot reevaluating
ChatterBot Hotel reevaluating
ChatterBot Hotel reevaluating
ChatterBot Foxtrot reevaluating
2024-10-15 01:57:15.337754 Foxtrot: Charlie, sending you 3
2024-10-15 01:57:15.338312 Lima: X-ray and Yankee, sending you 4
2024-10-15 01:57:15.339573 Hotel: X-ray, Charlie, Lima and November, sending you 2
2024-10-15 01:57:15.340657 Charlie: X-ray and Hotel, sending you 4
2024-10-15 01:57:15.345684 November: X-ray and Charlie, sending you 4
2024-10-15 01:57:15.346444 Uniform: Charlie, sending you 2
2024-10-15 01:57:15.346867 Yankee: X-ray, sending you 1
2024-10-15 01:57:15.347277 Juliett: Sending you each 2
2024-10-15 01:57:15.347665 Foxtrot: Lima, sending you 4
2024-10-15 01:57:15.350117 Whiskey: Charlie, Foxtrot and Uniform, sending you 1
2024-10-15 01:57:15.350499 Lima: Charlie, sending you 3
2024-10-15 01:57:15.350875 X-ray: Charlie, sending you 4
2024-10-15 01:57:15.351309 Charlie: Lima, sending you 1
2024-10-15 01:57:15.353830 November: Hotel, sending you 1
2024-10-15 01:57:15.358872 Yankee: Charlie and Lima, sending you 2
2024-10-15 01:57:15.359294 Uniform: Whiskey, sending you 3
2024-10-15 01:57:15.359681 Foxtrot: Yankee, sending you 1
2024-10-15 01:57:15.360106 X-ray: Lima, Hotel and November, sending you 3
2024-10-15 01:57:15.362426 Whiskey: Lima, sending you 4
2024-10-15 01:57:15.362777 Lima: November, sending you 2
2024-10-15 01:57:15.363148 Charlie: November, sending you 2
2024-10-15 01:57:15.365373 November: Yankee, sending you 2
2024-10-15 01:57:15.365776 Uniform: Yankee, sending you 1
2024-10-15 01:57:15.366236 Yankee: Hotel, sending you 3
2024-10-15 01:57:15.366605 Foxtrot: Uniform, sending you 2
2024-10-15 01:57:15.371333 X-ray: Yankee, sending you 1
2024-10-15 01:57:15.371729 Whiskey: Yankee, sending you 2
chatterbot Charlie submitting transactions
chatterbot Whiskey submitting transactions
chatterbot Yankee submitting transactions
chatterbot November submitting transactions
chatterbot Uniform submitting transactions
chatterbot X-ray submitting transactions
chatterbot Lima submitting transactions
chatterbot Hotel submitting transactions
chatterbot Juliett submitting transactions
chatterbot Foxtrot submitting transactions
ChatterBot X-ray round 2
ChatterBot Charlie round 2
ChatterBot Lima round 2
ChatterBot Hotel round 2
ChatterBot Juliett round 2
ChatterBot Foxtrot round 2
ChatterBot Whiskey round 2
2024-10-15 01:57:16.413456 Lima: We should add Foxtrot
ChatterBot Charlie reevaluating
ChatterBot November reevaluating
ChatterBot Yankee reevaluating
ChatterBot Hotel reevaluating
2024-10-15 01:57:16.445216 Charlie: Yes
2024-10-15 01:57:16.445394 November: No
2024-10-15 01:57:16.445519 Yankee: No
2024-10-15 01:57:16.445654 Hotel: No
2024-10-15 01:57:16.445776 X-ray: No
ChatterBot November reevaluating
ChatterBot Lima reevaluating
ChatterBot Yankee reevaluating
ChatterBot Hotel reevaluating
ChatterBot Charlie reevaluating
ChatterBot Lima reevaluating
ChatterBot Yankee reevaluating
ChatterBot Hotel reevaluating
ChatterBot Charlie reevaluating
ChatterBot November reevaluating
ChatterBot Lima reevaluating
ChatterBot Hotel reevaluating
ChatterBot Charlie reevaluating
ChatterBot November reevaluating
ChatterBot Lima reevaluating
ChatterBot Yankee reevaluating
ChatterBot Charlie reevaluating
ChatterBot November reevaluating
ChatterBot Lima reevaluating
ChatterBot Yankee reevaluating
ChatterBot Hotel reevaluating
ChatterBot Yankee round 2
ChatterBot Uniform round 2
ChatterBot November round 2
2024-10-15 01:57:16.697724 X-ray: We should drop Yankee
ChatterBot Charlie reevaluating
ChatterBot Lima reevaluating
ChatterBot Hotel reevaluating
ChatterBot November reevaluating
2024-10-15 01:57:16.725248 Charlie: No
2024-10-15 01:57:16.725477 Lima: No
2024-10-15 01:57:16.725669 Hotel: No
2024-10-15 01:57:16.725841 November: No
ChatterBot Lima reevaluating
ChatterBot Hotel reevaluating
ChatterBot November reevaluating
ChatterBot X-ray reevaluating
ChatterBot Charlie reevaluating
ChatterBot Hotel reevaluating
ChatterBot November reevaluating
ChatterBot X-ray reevaluating
ChatterBot Charlie reevaluating
ChatterBot Lima reevaluating
ChatterBot November reevaluating
ChatterBot X-ray reevaluating
ChatterBot Charlie reevaluating
ChatterBot Lima reevaluating
ChatterBot Hotel reevaluating
2024-10-15 01:57:16.855010 Foxtrot: Let's form a team
ChatterBot Whiskey reevaluating
ChatterBot Uniform reevaluating
2024-10-15 01:57:16.873904 Juliett: No
2024-10-15 01:57:16.874114 Whiskey: Yes
2024-10-15 01:57:16.874804 Uniform: No
ChatterBot Whiskey reevaluating
ChatterBot Uniform reevaluating
ChatterBot Foxtrot reevaluating
ChatterBot Uniform reevaluating
ChatterBot Foxtrot reevaluating
ChatterBot Whiskey reevaluating
2024-10-15 01:57:16.930120 Whiskey: We should group up
ChatterBot Uniform reevaluating
ChatterBot Foxtrot reevaluating
2024-10-15 01:57:16.949838 Juliett: No
2024-10-15 01:57:16.950503 Uniform: No
2024-10-15 01:57:16.950669 Foxtrot: Yes
ChatterBot Foxtrot reevaluating
ChatterBot Whiskey reevaluating
ChatterBot Uniform reevaluating
ChatterBot Foxtrot reevaluating
ChatterBot Whiskey reevaluating
ChatterBot Whiskey reevaluating
ChatterBot Uniform reevaluating
2024-10-15 01:57:17.311148 Yankee: X-ray and Charlie, sending you 1
2024-10-15 01:57:17.312119 Lima: X-ray, Hotel and Yankee, sending you 4
2024-10-15 01:57:17.312419 Hotel: X-ray and Yankee, sending you 2
2024-10-15 01:57:17.312695 Whiskey: Juliett, sending you 3
2024-10-15 01:57:17.313542 Charlie: X-ray and November, sending you 3
2024-10-15 01:57:17.313814 Foxtrot: Juliett and Whiskey, sending you 4
chatterbot Juliett submitting transactions
2024-10-15 01:57:17.487463 Lima: Charlie, sending you 2
2024-10-15 01:57:17.487967 Yankee: Lima, sending you 4
2024-10-15 01:57:17.488981 Hotel: Charlie, sending you 3
2024-10-15 01:57:17.489357 Whiskey: Foxtrot, sending you 1
2024-10-15 01:57:17.489682 Uniform: Foxtrot, sending you 3
2024-10-15 01:57:17.490378 Charlie: Lima and Hotel, sending you 2
2024-10-15 01:57:17.490800 Foxtrot: Uniform, sending you 2
2024-10-15 01:57:17.491122 November: X-ray, sending you 5
chatterbot Foxtrot submitting transactions
2024-10-15 01:57:17.492229 Yankee: November, sending you 2
2024-10-15 01:57:17.595354 Hotel: November, sending you 1
2024-10-15 01:57:17.595858 Whiskey: Uniform, sending you 4
2024-10-15 01:57:17.596684 Uniform: Whiskey, sending you 2
2024-10-15 01:57:17.596994 Charlie: Yankee, sending you 1
2024-10-15 01:57:17.597964 November: Charlie, Lima and Hotel, sending you 3
chatterbot Lima submitting transactions
chatterbot November submitting transactions
chatterbot Hotel submitting transactions
chatterbot X-ray submitting transactions
chatterbot Uniform submitting transactions
chatterbot Charlie submitting transactions
chatterbot Whiskey submitting transactions
chatterbot Yankee submitting transactions
ChatterBot X-ray round 3
ChatterBot Charlie round 3
ChatterBot Lima round 3
ChatterBot Hotel round 3
ChatterBot Juliett round 3
ChatterBot Foxtrot round 3
ChatterBot Whiskey round 3
ChatterBot Yankee round 3
ChatterBot Uniform round 3
ChatterBot November round 3
2024-10-15 01:57:18.387610 X-ray: We should drop Yankee
2024-10-15 01:57:18.400433 Charlie: No
2024-10-15 01:57:18.400780 Lima: No
2024-10-15 01:57:18.401001 Hotel: No
2024-10-15 01:57:18.401674 November: No
ChatterBot X-ray reevaluating
ChatterBot X-ray reevaluating
ChatterBot X-ray reevaluating
ChatterBot X-ray reevaluating
2024-10-15 01:57:18.485691 Charlie: X-ray, sending you 3
2024-10-15 01:57:18.505236 Charlie: Lima, Hotel, Yankee and November, sending you 2
2024-10-15 01:57:18.505874 Uniform: Sending you each 3
2024-10-15 01:57:18.506719 Foxtrot: Juliett and Whiskey, sending you 3
2024-10-15 01:57:18.506970 X-ray: Charlie, Lima, Hotel and November, sending you 3
2024-10-15 01:57:18.507314 Lima: X-ray and Yankee, sending you 4
2024-10-15 01:57:18.508146 Whiskey: Juliett, sending you 2
2024-10-15 01:57:18.556220 Juliett: Foxtrot and Whiskey, sending you 2
2024-10-15 01:57:18.556512 Foxtrot: Uniform, sending you 4
2024-10-15 01:57:18.557210 Lima: Charlie and November, sending you 3
2024-10-15 01:57:18.557577 Whiskey: Foxtrot, sending you 3
2024-10-15 01:57:18.557796 Yankee: X-ray, Charlie, Hotel and November, sending you 1
2024-10-15 01:57:18.558605 Hotel: X-ray, Charlie and Lima, sending you 2
2024-10-15 01:57:18.558928 X-ray: Yankee, sending you 2
2024-10-15 01:57:18.559219 November: X-ray, sending you 5
2024-10-15 01:57:18.591667 Lima: Hotel, sending you 1
2024-10-15 01:57:18.592130 Whiskey: Uniform, sending you 4
2024-10-15 01:57:18.592393 Yankee: Lima, sending you 4
2024-10-15 01:57:18.592747 Hotel: Yankee and November, sending you 1
2024-10-15 01:57:18.593580 November: Charlie, sending you 4
2024-10-15 01:57:18.603356 November: Lima, Hotel and Yankee, sending you 2
chatterbot Uniform submitting transactions
chatterbot Juliett submitting transactions
chatterbot Yankee submitting transactions
chatterbot Lima submitting transactions
chatterbot Hotel submitting transactions
chatterbot Foxtrot submitting transactions
chatterbot Charlie submitting transactions
chatterbot X-ray submitting transactions
chatterbot November submitting transactions
chatterbot Whiskey submitting transactions
ChatterBot X-ray round 4
ChatterBot Charlie round 4
ChatterBot Lima round 4
ChatterBot Hotel round 4
ChatterBot Juliett round 4
ChatterBot Foxtrot round 4
ChatterBot Whiskey round 4
ChatterBot Yankee round 4
ChatterBot Uniform round 4
ChatterBot November round 4
2024-10-15 01:57:19.626142 Juliett: Foxtrot and Whiskey, sending you 2
2024-10-15 01:57:19.626677 Charlie: X-ray and November, sending you 3
2024-10-15 01:57:19.629695 Charlie: Lima and Hotel, sending you 2
2024-10-15 01:57:19.630945 Hotel: X-ray, Charlie and November, sending you 2
2024-10-15 01:57:19.632681 Foxtrot: Juliett, sending you 3
2024-10-15 01:57:19.635682 Charlie: Yankee, sending you 1
2024-10-15 01:57:19.636804 Hotel: Lima and Yankee, sending you 1
2024-10-15 01:57:19.637232 Lima: X-ray, sending you 5
2024-10-15 01:57:19.637707 Foxtrot: Whiskey and Uniform, sending you 4
2024-10-15 01:57:19.640738 Lima: Charlie and November, sending you 3
2024-10-15 01:57:19.641671 X-ray: Charlie, Lima, Hotel and November, sending you 3
2024-10-15 01:57:19.643684 Yankee: X-ray, Charlie, Hotel and November, sending you 1
2024-10-15 01:57:19.644821 Whiskey: Juliett, sending you 2
2024-10-15 01:57:19.645668 Lima: Hotel, sending you 2
2024-10-15 01:57:19.646802 X-ray: Yankee, sending you 2
2024-10-15 01:57:19.647213 November: X-ray, sending you 5
2024-10-15 01:57:19.647656 Whiskey: Foxtrot, sending you 3
2024-10-15 01:57:19.649681 Yankee: Lima, sending you 4
2024-10-15 01:57:19.650884 Uniform: Same as last round
2024-10-15 01:57:19.651208 November: Charlie, sending you 4
2024-10-15 01:57:19.651719 Whiskey: Uniform, sending you 4
2024-10-15 01:57:19.652100 Lima: Yankee, sending you 4
2024-10-15 01:57:19.654695 November: Lima, sending you 3
2024-10-15 01:57:19.659671 November: Hotel, sending you 2
2024-10-15 01:57:19.663940 November: Yankee, sending you 1
chatterbot Foxtrot submitting transactions
chatterbot Juliett submitting transactions
chatterbot Uniform submitting transactions
chatterbot Charlie submitting transactions
chatterbot Whiskey submitting transactions
chatterbot Yankee submitting transactions
chatterbot Hotel submitting transactions
chatterbot X-ray submitting transactions
chatterbot Lima submitting transactions
chatterbot November submitting transactions
ChatterBot X-ray round 5
ChatterBot Charlie round 5
ChatterBot Lima round 5
ChatterBot Hotel round 5
ChatterBot Juliett round 5
ChatterBot Foxtrot round 5
ChatterBot Whiskey round 5
ChatterBot Yankee round 5
ChatterBot Uniform round 5
ChatterBot November round 5
2024-10-15 01:57:20.841623 X-ray: We should drop Yankee
2024-10-15 01:57:20.852447 Charlie: No
2024-10-15 01:57:20.852669 Lima: No
2024-10-15 01:57:20.853052 Hotel: No
2024-10-15 01:57:20.853422 November: No
ChatterBot X-ray reevaluating
ChatterBot X-ray reevaluating
ChatterBot X-ray reevaluating
ChatterBot X-ray reevaluating
2024-10-15 01:57:20.920979 Uniform: We should add Juliett
2024-10-15 01:57:20.925666 Whiskey: Yes
2024-10-15 01:57:20.925893 Foxtrot: Yes
2024-10-15 01:57:20.934609 Uniform: Juliett we want you to join our group
ChatterBot Juliett reevaluating
2024-10-15 01:57:20.938921 Juliett: No
2024-10-15 01:57:20.949777 Charlie: X-ray and November, sending you 3
2024-10-15 01:57:20.952656 Whiskey: Juliett, sending you 2
2024-10-15 01:57:20.952964 Hotel: X-ray, sending you 3
2024-10-15 01:57:20.953693 Yankee: X-ray, Charlie, Hotel and November, sending you 1
2024-10-15 01:57:20.954813 November: X-ray and Charlie, sending you 4
2024-10-15 01:57:20.955277 Charlie: Lima and Hotel, sending you 2
2024-10-15 01:57:20.955734 Lima: X-ray and Yankee, sending you 5
2024-10-15 01:57:20.956186 X-ray: Charlie, Lima, Hotel and November, sending you 3
2024-10-15 01:57:20.957799 Juliett: We should drop Uniform
2024-10-15 01:57:20.963919 Foxtrot: No
2024-10-15 01:57:20.964111 Whiskey: No
ChatterBot Juliett reevaluating
ChatterBot Juliett reevaluating
2024-10-15 01:57:20.977460 Foxtrot: Juliett, sending you 3
2024-10-15 01:57:20.977854 Whiskey: Foxtrot, sending you 3
2024-10-15 01:57:20.978145 Hotel: Charlie, sending you 2
2024-10-15 01:57:20.978647 Yankee: Lima, sending you 4
2024-10-15 01:57:20.979310 Lima: Charlie and November, sending you 3
2024-10-15 01:57:20.979816 November: Lima, sending you 3
2024-10-15 01:57:20.980864 Charlie: Yankee, sending you 1
2024-10-15 01:57:20.981363 X-ray: Yankee, sending you 2
2024-10-15 01:57:20.981883 Hotel: Lima, Yankee and November, sending you 1
2024-10-15 01:57:20.982488 Whiskey: Uniform, sending you 4
2024-10-15 01:57:20.982997 Foxtrot: Whiskey and Uniform, sending you 4
2024-10-15 01:57:20.983672 Lima: Hotel, sending you 2
2024-10-15 01:57:20.984236 November: Hotel and Yankee, sending you 2
2024-10-15 01:57:20.985694 Uniform: Foxtrot and Whiskey, sending you 3
2024-10-15 01:57:21.010656 Juliett: Foxtrot and Whiskey, sending you 2
chatterbot Uniform submitting transactions
chatterbot Hotel submitting transactions
chatterbot Juliett submitting transactions
chatterbot X-ray submitting transactions
chatterbot Yankee submitting transactions
chatterbot November submitting transactions
chatterbot Lima submitting transactions
chatterbot Whiskey submitting transactions
chatterbot Charlie submitting transactions
chatterbot Foxtrot submitting transactions
ChatterBot X-ray round 6
ChatterBot Charlie round 6
ChatterBot Lima round 6
ChatterBot Hotel round 6
ChatterBot Juliett round 6
ChatterBot Foxtrot round 6
ChatterBot Whiskey round 6
ChatterBot Yankee round 6
ChatterBot Uniform round 6
ChatterBot November round 6
2024-10-15 01:57:22.081819 X-ray: We should drop Yankee
2024-10-15 01:57:22.092442 Charlie: No
2024-10-15 01:57:22.092609 Lima: No
2024-10-15 01:57:22.092757 Hotel: No
2024-10-15 01:57:22.093543 November: No
ChatterBot X-ray reevaluating
ChatterBot X-ray reevaluating
ChatterBot X-ray reevaluating
ChatterBot X-ray reevaluating
2024-10-15 01:57:22.171670 Charlie: X-ray and November, sending you 3
2024-10-15 01:57:22.176690 Charlie: Lima and Hotel, sending you 2
2024-10-15 01:57:22.178694 Yankee: X-ray, Charlie, Hotel and November, sending you 1
2024-10-15 01:57:22.179679 Lima: X-ray and Yankee, sending you 5
2024-10-15 01:57:22.180711 Whiskey: Juliett, sending you 2
2024-10-15 01:57:22.181704 Foxtrot: Juliett, sending you 3
2024-10-15 01:57:22.182118 Charlie: Yankee, sending you 1
2024-10-15 01:57:22.183237 Hotel: X-ray, sending you 3
2024-10-15 01:57:22.183917 Juliett: Foxtrot and Whiskey, sending you 2
2024-10-15 01:57:22.184329 Yankee: Lima, sending you 4
2024-10-15 01:57:22.185071 Lima: Charlie and November, sending you 3
2024-10-15 01:57:22.186123 Whiskey: Foxtrot, sending you 4
2024-10-15 01:57:22.186505 Foxtrot: Whiskey and Uniform, sending you 4
2024-10-15 01:57:22.188369 Hotel: Charlie, sending you 2
2024-10-15 01:57:22.189083 November: X-ray and Charlie, sending you 4
2024-10-15 01:57:22.189593 X-ray: Charlie, Lima, Hotel and November, sending you 3
2024-10-15 01:57:22.190715 Lima: Hotel, sending you 2
2024-10-15 01:57:22.191784 Whiskey: Uniform, sending you 3
2024-10-15 01:57:22.192189 November: Lima, sending you 3
2024-10-15 01:57:22.192861 Hotel: Lima, Yankee and November, sending you 1
2024-10-15 01:57:22.193849 X-ray: Yankee, sending you 2
2024-10-15 01:57:22.195708 November: Hotel and Yankee, sending you 2
2024-10-15 01:57:22.197686 Uniform: Foxtrot and Whiskey, sending you 3
chatterbot Charlie submitting transactions
chatterbot Whiskey submitting transactions
chatterbot Hotel submitting transactions
chatterbot November submitting transactions
chatterbot Foxtrot submitting transactions
chatterbot Uniform submitting transactions
chatterbot Yankee submitting transactions
chatterbot Lima submitting transactions
chatterbot X-ray submitting transactions
chatterbot Juliett submitting transactions
ChatterBot X-ray round 7
ChatterBot Charlie round 7
ChatterBot Lima round 7
ChatterBot Hotel round 7
ChatterBot Juliett round 7
ChatterBot Foxtrot round 7
ChatterBot Whiskey round 7
ChatterBot Yankee round 7
ChatterBot Uniform round 7
ChatterBot November round 7
2024-10-15 01:57:23.229301 X-ray: We should drop Yankee
2024-10-15 01:57:23.245947 Charlie: No
2024-10-15 01:57:23.246091 Lima: No
2024-10-15 01:57:23.246201 Hotel: No
2024-10-15 01:57:23.246298 November: No
ChatterBot X-ray reevaluating
ChatterBot X-ray reevaluating
ChatterBot X-ray reevaluating
ChatterBot X-ray reevaluating
2024-10-15 01:57:23.319688 Lima: X-ray and Yankee, sending you 5
2024-10-15 01:57:23.322703 Lima: Charlie and November, sending you 3
2024-10-15 01:57:23.324679 Hotel: X-ray, sending you 3
2024-10-15 01:57:23.327672 Lima: Hotel, sending you 2
2024-10-15 01:57:23.328841 Hotel: Charlie, sending you 2
2024-10-15 01:57:23.329674 Foxtrot: Juliett, sending you 3
2024-10-15 01:57:23.331095 Yankee: X-ray, sending you 2
2024-10-15 01:57:23.332700 Hotel: Lima, Yankee and November, sending you 1
2024-10-15 01:57:23.334144 Juliett: Foxtrot and Whiskey, sending you 2
2024-10-15 01:57:23.334642 Foxtrot: Whiskey and Uniform, sending you 4
2024-10-15 01:57:23.335070 Charlie: X-ray and November, sending you 3
2024-10-15 01:57:23.336456 Yankee: Charlie, Hotel and November, sending you 1
2024-10-15 01:57:23.337266 Uniform: Foxtrot and Whiskey, sending you 3
2024-10-15 01:57:23.337926 X-ray: Charlie, Lima, Hotel and November, sending you 3
2024-10-15 01:57:23.339658 Charlie: Lima and Hotel, sending you 2
2024-10-15 01:57:23.340573 Yankee: Lima, sending you 3
2024-10-15 01:57:23.342135 November: X-ray and Charlie, sending you 4
2024-10-15 01:57:23.342944 X-ray: Yankee, sending you 2
2024-10-15 01:57:23.343528 Charlie: Yankee, sending you 1
2024-10-15 01:57:23.345667 November: Lima, sending you 3
2024-10-15 01:57:23.349690 November: Hotel and Yankee, sending you 2
chatterbot Lima submitting transactions
chatterbot November submitting transactions
chatterbot Hotel submitting transactions
chatterbot Uniform submitting transactions
chatterbot Foxtrot submitting transactions
chatterbot Charlie submitting transactions
chatterbot Whiskey submitting transactions
chatterbot X-ray submitting transactions
chatterbot Juliett submitting transactions
chatterbot Yankee submitting transactions
ChatterBot X-ray round 8
ChatterBot Charlie round 8
ChatterBot Lima round 8
ChatterBot Hotel round 8
ChatterBot Juliett round 8
ChatterBot Foxtrot round 8
ChatterBot Whiskey round 8
ChatterBot Yankee round 8
ChatterBot Uniform round 8
ChatterBot November round 8
2024-10-15 01:57:24.528352 Juliett: We should drop Uniform
2024-10-15 01:57:24.533363 Foxtrot: No
2024-10-15 01:57:24.533575 Whiskey: No
ChatterBot Juliett reevaluating
ChatterBot Juliett reevaluating
2024-10-15 01:57:24.549477 X-ray: I was attacked by Whiskey
ChatterBot Charlie reevaluating
ChatterBot November reevaluating
ChatterBot Lima reevaluating
ChatterBot Yankee reevaluating
ChatterBot Hotel reevaluating
2024-10-15 01:57:24.568419 X-ray: I'm keeping this round to protect myself
2024-10-15 01:57:24.570043 X-ray: Ow
2024-10-15 01:57:24.583776 Uniform: Foxtrot and Whiskey, sending you 3
2024-10-15 01:57:24.586256 Juliett: Same as last round
2024-10-15 01:57:24.589698 Lima: X-ray and Yankee, sending you 5
2024-10-15 01:57:24.592659 November: X-ray, sending you 4
2024-10-15 01:57:24.594259 Hotel: X-ray, sending you 3
2024-10-15 01:57:24.595011 Lima: Charlie and November, sending you 3
2024-10-15 01:57:24.599140 November: Charlie and Lima, sending you 3
2024-10-15 01:57:24.599963 Hotel: Charlie, sending you 2
2024-10-15 01:57:24.600940 Yankee: X-ray, sending you 2
2024-10-15 01:57:24.602652 Lima: Hotel, sending you 2
2024-10-15 01:57:24.603415 November: Hotel and Yankee, sending you 1
2024-10-15 01:57:24.607666 Yankee: Charlie, Hotel and November, sending you 1
2024-10-15 01:57:24.612655 Yankee: Lima, sending you 3
chatterbot Uniform submitting transactions
chatterbot November submitting transactions
chatterbot Juliett submitting transactions
chatterbot Yankee submitting transactions
chatterbot Foxtrot submitting transactions
chatterbot Charlie submitting transactions
chatterbot Hotel submitting transactions
chatterbot Whiskey submitting transactions
chatterbot X-ray submitting transactions
chatterbot Lima submitting transactions
ChatterBot X-ray round 9
ChatterBot Charlie round 9
ChatterBot Lima round 9
ChatterBot Hotel round 9
ChatterBot Juliett round 9
ChatterBot Foxtrot round 9
ChatterBot Whiskey round 9
ChatterBot Yankee round 9
ChatterBot Uniform round 9
ChatterBot November round 9
2024-10-15 01:57:25.891006 Juliett: We should add Uniform
2024-10-15 01:57:25.900219 Foxtrot: Yes
2024-10-15 01:57:25.900431 Whiskey: Yes
2024-10-15 01:57:25.922291 X-ray: We should drop Yankee
ChatterBot Charlie reevaluating
2024-10-15 01:57:25.945051 Charlie: No
2024-10-15 01:57:25.945501 Lima: No
2024-10-15 01:57:25.945882 Hotel: No
2024-10-15 01:57:25.946173 November: No
ChatterBot X-ray reevaluating
ChatterBot X-ray reevaluating
ChatterBot Charlie reevaluating
ChatterBot X-ray reevaluating
ChatterBot Charlie reevaluating
ChatterBot X-ray reevaluating
ChatterBot Charlie reevaluating
2024-10-15 01:57:26.023288 Juliett: Uniform we want you to join our group
ChatterBot Uniform reevaluating
2024-10-15 01:57:26.027022 Uniform: No
2024-10-15 01:57:26.040193 Whiskey: Juliett and Foxtrot, sending you 1
2024-10-15 01:57:26.040873 Uniform: We should drop Juliett
2024-10-15 01:57:26.045916 Whiskey: No
2024-10-15 01:57:26.046142 Foxtrot: No
ChatterBot Uniform reevaluating
ChatterBot Uniform reevaluating
2024-10-15 01:57:26.061871 Lima: I was attacked by Foxtrot
ChatterBot Charlie reevaluating
ChatterBot November reevaluating
ChatterBot Yankee reevaluating
ChatterBot Hotel reevaluating
ChatterBot X-ray reevaluating
2024-10-15 01:57:26.076724 Lima: Ow
2024-10-15 01:57:26.077605 Whiskey: Uniform, sending you 2
2024-10-15 01:57:26.078082 Whiskey: I was attacked by November
ChatterBot Foxtrot reevaluating
ChatterBot Juliett reevaluating
ChatterBot Uniform reevaluating
2024-10-15 01:57:26.085851 Whiskey: Ow
2024-10-15 01:57:26.099678 November: X-ray, sending you 3
2024-10-15 01:57:26.100989 Hotel: X-ray, Charlie and Lima, sending you 2
2024-10-15 01:57:26.102672 Yankee: X-ray and November, sending you 1
2024-10-15 01:57:26.104722 Hotel: Yankee and November, sending you 1
2024-10-15 01:57:26.105677 November: Charlie and Lima, sending you 4
2024-10-15 01:57:26.108660 Yankee: Lima, sending you 2
2024-10-15 01:57:26.111663 November: Hotel and Yankee, sending you 2
2024-10-15 01:57:26.117650 Foxtrot: Juliett and Whiskey, sending you 3
2024-10-15 01:57:26.120225 Uniform: Foxtrot and Whiskey, sending you 3
2024-10-15 01:57:26.121665 Foxtrot: Uniform, sending you 4
chatterbot November submitting transactions
chatterbot Hotel submitting transactions
chatterbot X-ray submitting transactions
chatterbot Juliett submitting transactions
chatterbot Whiskey submitting transactions
chatterbot Yankee submitting transactions
chatterbot Lima submitting transactions
chatterbot Foxtrot submitting transactions
chatterbot Uniform submitting transactions
chatterbot Charlie submitting transactions
ChatterBot X-ray round 10
ChatterBot Charlie round 10
ChatterBot Lima round 10
ChatterBot Hotel round 10
ChatterBot Juliett round 10
ChatterBot Foxtrot round 10
ChatterBot Whiskey round 10
ChatterBot Yankee round 10
ChatterBot Uniform round 10
ChatterBot November round 10
2024-10-15 01:57:27.330385 Juliett: We should add Uniform
2024-10-15 01:57:27.336114 Foxtrot: Yes
2024-10-15 01:57:27.336295 Whiskey: Yes
ChatterBot Juliett reevaluating
ChatterBot Juliett reevaluating
2024-10-15 01:57:27.367815 X-ray: We should drop Yankee
ChatterBot Charlie reevaluating
2024-10-15 01:57:27.378226 Charlie: No
2024-10-15 01:57:27.378497 Lima: No
2024-10-15 01:57:27.378692 Hotel: No
2024-10-15 01:57:27.378866 November: No
ChatterBot X-ray reevaluating
ChatterBot X-ray reevaluating
ChatterBot Charlie reevaluating
ChatterBot X-ray reevaluating
ChatterBot Charlie reevaluating
ChatterBot X-ray reevaluating
ChatterBot Charlie reevaluating
2024-10-15 01:57:27.429039 Charlie: We should drop X-ray
2024-10-15 01:57:27.439972 Lima: Yes
2024-10-15 01:57:27.440181 Hotel: Yes
2024-10-15 01:57:27.440360 Yankee: Yes
2024-10-15 01:57:27.440498 November: Yes
ChatterBot Charlie reevaluating
ChatterBot Charlie reevaluating
ChatterBot Lima reevaluating
ChatterBot Yankee reevaluating
ChatterBot Charlie reevaluating
ChatterBot Lima reevaluating
ChatterBot Charlie reevaluating
ChatterBot Lima reevaluating
ChatterBot Hotel reevaluating
ChatterBot Yankee reevaluating
2024-10-15 01:57:27.481556 Juliett: Uniform we want you to join our group
2024-10-15 01:57:27.484062 Uniform: Yes
ChatterBot Juliett reevaluating
2024-10-15 01:57:27.491737 Foxtrot: I was attacked by Lima and Yankee
ChatterBot Juliett reevaluating
ChatterBot Whiskey reevaluating
ChatterBot Uniform reevaluating
2024-10-15 01:57:27.501355 Foxtrot: I'm keeping this round to protect myself
2024-10-15 01:57:27.502345 Foxtrot: Ow
2024-10-15 01:57:27.507287 X-ray: Charlie, Lima and Hotel, sending you 3
2024-10-15 01:57:27.508338 November: X-ray and Lima, sending you 3
2024-10-15 01:57:27.511654 X-ray: Yankee and November, sending you 2
2024-10-15 01:57:27.512653 November: Charlie, sending you 5
2024-10-15 01:57:27.513548 Hotel: Charlie, Lima and November, sending you 1
2024-10-15 01:57:27.516069 November: Hotel and Yankee, sending you 2
2024-10-15 01:57:27.520708 Whiskey: Sending you each 3
2024-10-15 01:57:27.523666 Lima: Charlie and November, sending you 4
2024-10-15 01:57:27.526686 Lima: Hotel, sending you 3
2024-10-15 01:57:27.530660 Lima: Yankee, sending you 6
chatterbot Yankee submitting transactions
chatterbot Hotel submitting transactions
chatterbot Uniform submitting transactions
chatterbot Juliett submitting transactions
chatterbot Charlie submitting transactions
chatterbot Whiskey submitting transactions
chatterbot Foxtrot submitting transactions
chatterbot X-ray submitting transactions
chatterbot Lima submitting transactions
chatterbot November submitting transactions
ChatterBot X-ray round 11
ChatterBot Charlie round 11
ChatterBot Lima round 11
ChatterBot Hotel round 11
ChatterBot Juliett round 11
ChatterBot Foxtrot round 11
ChatterBot Whiskey round 11
ChatterBot Yankee round 11
ChatterBot Uniform round 11
2024-10-15 01:57:28.579934 Juliett: We should add Uniform
2024-10-15 01:57:28.589111 Foxtrot: Yes
2024-10-15 01:57:28.590281 Whiskey: Yes
ChatterBot Juliett reevaluating
ChatterBot Juliett reevaluating
ChatterBot November round 11
2024-10-15 01:57:28.632651 X-ray: We should drop Hotel
ChatterBot Charlie reevaluating
2024-10-15 01:57:28.644850 Charlie: No
2024-10-15 01:57:28.645214 Lima: No
2024-10-15 01:57:28.645496 Yankee: No
2024-10-15 01:57:28.645650 November: No
ChatterBot November reevaluating
ChatterBot Charlie reevaluating
ChatterBot November reevaluating
ChatterBot Charlie reevaluating
ChatterBot November reevaluating
ChatterBot X-ray reevaluating
ChatterBot Charlie reevaluating
2024-10-15 01:57:28.694404 Juliett: Uniform we want you to join our group
2024-10-15 01:57:28.697162 Uniform: Yes
ChatterBot Juliett reevaluating
2024-10-15 01:57:28.706317 Charlie: We should drop X-ray
2024-10-15 01:57:28.715713 Lima: Yes
2024-10-15 01:57:28.715968 Hotel: Yes
2024-10-15 01:57:28.716167 Yankee: Yes
2024-10-15 01:57:28.716339 November: Yes
ChatterBot Charlie reevaluating
ChatterBot Charlie reevaluating
ChatterBot Charlie reevaluating
ChatterBot Charlie reevaluating
2024-10-15 01:57:28.757090 Foxtrot: I was attacked by Charlie, Hotel and Yankee
ChatterBot Juliett reevaluating
ChatterBot Whiskey reevaluating
ChatterBot Uniform reevaluating
2024-10-15 01:57:28.768167 Foxtrot: Ow
2024-10-15 01:57:28.769325 Lima: Charlie and November, sending you 4
2024-10-15 01:57:28.770383 Hotel: Charlie, sending you 3
2024-10-15 01:57:28.773681 Yankee: Charlie and November, sending you 2
2024-10-15 01:57:28.775733 Lima: Hotel, sending you 3
2024-10-15 01:57:28.776726 Hotel: Lima and November, sending you 2
2024-10-15 01:57:28.778153 X-ray: Charlie, Lima, Hotel and November, sending you 3
2024-10-15 01:57:28.779538 November: X-ray and Charlie, sending you 4
2024-10-15 01:57:28.782724 Lima: Yankee, sending you 5
2024-10-15 01:57:28.783743 Yankee: Lima, sending you 3
2024-10-15 01:57:28.785474 Hotel: Yankee, sending you 1
2024-10-15 01:57:28.786455 X-ray: Yankee, sending you 2
2024-10-15 01:57:28.788844 November: Lima, sending you 3
2024-10-15 01:57:28.790495 Yankee: Hotel, sending you 1
2024-10-15 01:57:28.792672 November: Hotel and Yankee, sending you 2
2024-10-15 01:57:28.794815 Uniform: Foxtrot and Whiskey, sending you 3
chatterbot Lima submitting transactions
chatterbot Hotel submitting transactions
chatterbot X-ray submitting transactions
chatterbot Charlie submitting transactions
chatterbot November submitting transactions
chatterbot Yankee submitting transactions
chatterbot Foxtrot submitting transactions
chatterbot Juliett submitting transactions
chatterbot Uniform submitting transactions
chatterbot Whiskey submitting transactions
ChatterBot X-ray round 12
ChatterBot Charlie round 12
ChatterBot Lima round 12
ChatterBot Hotel round 12
ChatterBot Juliett round 12
ChatterBot Foxtrot round 12
ChatterBot Whiskey round 12
ChatterBot Yankee round 12
ChatterBot Uniform round 12
2024-10-15 01:57:29.887623 Juliett: We should add Uniform
ChatterBot Whiskey reevaluating
2024-10-15 01:57:29.892149 Foxtrot: Yes
2024-10-15 01:57:29.892275 Whiskey: Yes
ChatterBot Juliett reevaluating
ChatterBot Whiskey reevaluating
ChatterBot Juliett reevaluating
ChatterBot November round 12
2024-10-15 01:57:29.909166 Charlie: We should drop X-ray
ChatterBot Hotel reevaluating
ChatterBot November reevaluating
2024-10-15 01:57:29.918224 Lima: Yes
2024-10-15 01:57:29.918370 Hotel: Yes
2024-10-15 01:57:29.918497 Yankee: Yes
2024-10-15 01:57:29.918628 November: Yes
ChatterBot Charlie reevaluating
ChatterBot Hotel reevaluating
ChatterBot November reevaluating
ChatterBot Charlie reevaluating
ChatterBot November reevaluating
ChatterBot Charlie reevaluating
ChatterBot Hotel reevaluating
ChatterBot November reevaluating
ChatterBot Charlie reevaluating
ChatterBot Hotel reevaluating
2024-10-15 01:57:29.964167 Hotel: We should add X-ray
ChatterBot Charlie reevaluating
ChatterBot November reevaluating
2024-10-15 01:57:29.974362 Charlie: Yes
2024-10-15 01:57:29.974496 Lima: Yes
2024-10-15 01:57:29.974606 Yankee: Yes
2024-10-15 01:57:29.974772 November: Yes
ChatterBot Hotel reevaluating
ChatterBot November reevaluating
ChatterBot Charlie reevaluating
ChatterBot Hotel reevaluating
ChatterBot Yankee reevaluating
ChatterBot November reevaluating
ChatterBot Charlie reevaluating
ChatterBot Lima reevaluating
ChatterBot Hotel reevaluating
ChatterBot November reevaluating
ChatterBot Charlie reevaluating
ChatterBot Lima reevaluating
ChatterBot Hotel reevaluating
ChatterBot Yankee reevaluating
2024-10-15 01:57:30.059294 X-ray: We should drop Charlie
ChatterBot Lima reevaluating
ChatterBot Hotel reevaluating
ChatterBot Yankee reevaluating
ChatterBot November reevaluating
2024-10-15 01:57:30.081138 Lima: No
2024-10-15 01:57:30.081332 Hotel: No
2024-10-15 01:57:30.081501 Yankee: No
2024-10-15 01:57:30.081678 November: No
ChatterBot X-ray reevaluating
ChatterBot Hotel reevaluating
ChatterBot Yankee reevaluating
ChatterBot November reevaluating
ChatterBot X-ray reevaluating
ChatterBot Lima reevaluating
ChatterBot Yankee reevaluating
ChatterBot November reevaluating
ChatterBot X-ray reevaluating
ChatterBot Lima reevaluating
ChatterBot Hotel reevaluating
ChatterBot November reevaluating
ChatterBot X-ray reevaluating
ChatterBot Lima reevaluating
ChatterBot Hotel reevaluating
ChatterBot Yankee reevaluating
2024-10-15 01:57:30.152104 Juliett: Uniform we want you to join our group
2024-10-15 01:57:30.154692 Uniform: Yes
ChatterBot Juliett reevaluating
2024-10-15 01:57:30.161932 X-ray: We should drop Hotel
ChatterBot Charlie reevaluating
ChatterBot Lima reevaluating
ChatterBot Yankee reevaluating
2024-10-15 01:57:30.171653 Charlie: No
2024-10-15 01:57:30.171805 Lima: No
2024-10-15 01:57:30.171912 Yankee: No
2024-10-15 01:57:30.172012 November: No
ChatterBot X-ray reevaluating
ChatterBot Lima reevaluating
ChatterBot Yankee reevaluating
ChatterBot X-ray reevaluating
ChatterBot Charlie reevaluating
ChatterBot Yankee reevaluating
ChatterBot X-ray reevaluating
ChatterBot Charlie reevaluating
ChatterBot Lima reevaluating
ChatterBot X-ray reevaluating
ChatterBot Charlie reevaluating
ChatterBot Lima reevaluating
ChatterBot Yankee reevaluating
2024-10-15 01:57:30.207434 Hotel: X-ray we want you to join our group
ChatterBot X-ray reevaluating
2024-10-15 01:57:30.210220 X-ray: Yes
ChatterBot Charlie reevaluating
ChatterBot Lima reevaluating
ChatterBot Yankee reevaluating
2024-10-15 01:57:30.222655 Uniform: Foxtrot and Whiskey, sending you 3
2024-10-15 01:57:30.223119 November: X-ray and Charlie, sending you 4
2024-10-15 01:57:30.225674 Yankee: X-ray we want you to join our group
ChatterBot X-ray reevaluating
2024-10-15 01:57:30.229122 X-ray: No
ChatterBot Charlie reevaluating
2024-10-15 01:57:30.240782 November: Lima, sending you 3
2024-10-15 01:57:30.241521 Lima: X-ray we want you to join our group
ChatterBot X-ray reevaluating
2024-10-15 01:57:30.244902 X-ray: No
ChatterBot Charlie reevaluating
2024-10-15 01:57:30.255642 Hotel: X-ray, Charlie, Lima and November, sending you 1
2024-10-15 01:57:30.256287 November: Hotel and Yankee, sending you 2
2024-10-15 01:57:30.262821 X-ray: We should drop Yankee
ChatterBot Charlie reevaluating
2024-10-15 01:57:30.274354 Charlie: No
2024-10-15 01:57:30.274492 Lima: No
2024-10-15 01:57:30.274599 Hotel: No
2024-10-15 01:57:30.274714 November: No
ChatterBot X-ray reevaluating
ChatterBot X-ray reevaluating
ChatterBot Charlie reevaluating
ChatterBot X-ray reevaluating
ChatterBot Charlie reevaluating
ChatterBot X-ray reevaluating
ChatterBot Charlie reevaluating
2024-10-15 01:57:30.307668 Yankee: X-ray, sending you 2
2024-10-15 01:57:30.309196 Lima: X-ray, sending you 5
2024-10-15 01:57:30.312673 Yankee: Charlie, Hotel and November, sending you 1
2024-10-15 01:57:30.313660 Lima: Charlie, sending you 3
2024-10-15 01:57:30.316701 Yankee: Lima, sending you 3
2024-10-15 01:57:30.317662 Lima: Hotel, sending you 2
2024-10-15 01:57:30.322077 Lima: Yankee and November, sending you 4
2024-10-15 01:57:30.330677 X-ray: Same as last round
chatterbot Uniform submitting transactions
chatterbot Yankee submitting transactions
chatterbot Charlie submitting transactions
chatterbot Whiskey submitting transactions
chatterbot Juliett submitting transactions
chatterbot Foxtrot submitting transactions
chatterbot Hotel submitting transactions
chatterbot Lima submitting transactions
chatterbot November submitting transactions
chatterbot X-ray submitting transactions
ChatterBot X-ray round 13
ChatterBot Charlie round 13
ChatterBot Lima round 13
ChatterBot Hotel round 13
ChatterBot Juliett round 13
ChatterBot Foxtrot round 13
2024-10-15 01:57:31.536771 X-ray: We should replace Hotel with Yankee
ChatterBot Charlie reevaluating
2024-10-15 01:57:31.548762 Charlie: Yes
2024-10-15 01:57:31.548966 Lima: No
2024-10-15 01:57:31.549153 November: No
ChatterBot X-ray reevaluating
ChatterBot X-ray reevaluating
ChatterBot Charlie reevaluating
ChatterBot X-ray reevaluating
ChatterBot Charlie reevaluating
ChatterBot Whiskey round 13
ChatterBot Yankee round 13
ChatterBot Uniform round 13
ChatterBot November round 13
2024-10-15 01:57:31.594454 Juliett: We should add Uniform
2024-10-15 01:57:31.598892 Foxtrot: Yes
2024-10-15 01:57:31.599047 Whiskey: Yes
ChatterBot Juliett reevaluating
ChatterBot Juliett reevaluating
2024-10-15 01:57:31.609957 X-ray: We should add Yankee
ChatterBot Charlie reevaluating
2024-10-15 01:57:31.619513 Charlie: Yes
2024-10-15 01:57:31.619712 Lima: Yes
2024-10-15 01:57:31.619878 Hotel: Yes
2024-10-15 01:57:31.620026 November: Yes
ChatterBot X-ray reevaluating
ChatterBot Lima reevaluating
ChatterBot X-ray reevaluating
ChatterBot Charlie reevaluating
ChatterBot X-ray reevaluating
ChatterBot Charlie reevaluating
ChatterBot Lima reevaluating
ChatterBot X-ray reevaluating
ChatterBot Charlie reevaluating
ChatterBot Lima reevaluating
