ChatterBot Kilo round 1
ChatterBot Uniform round 1
ChatterBot Foxtrot round 1
ChatterBot Quebec round 1
ChatterBot Bravo round 1
ChatterBot Oscar round 1
ChatterBot Yankee round 1
ChatterBot Echo round 1
ChatterBot November round 1
ChatterBot India round 1
randomSelections Oscar: {Oscar, Echo, November, Foxtrot, Bravo, Uniform, Quebec} 
2024-10-15 00:48:22.317699 Oscar: We should group up
ChatterBot Echo reevaluating
ChatterBot November reevaluating
ChatterBot Foxtrot reevaluating
ChatterBot Bravo reevaluating
ChatterBot Uniform reevaluating
ChatterBot Quebec reevaluating
2024-10-15 00:48:22.335250 Echo: Yes
2024-10-15 00:48:22.336186 November: Yes
2024-10-15 00:48:22.336447 Foxtrot: Yes
2024-10-15 00:48:22.336754 Bravo: Yes
2024-10-15 00:48:22.336920 Uniform: Yes
2024-10-15 00:48:22.337120 Quebec: Yes
ChatterBot November reevaluating
ChatterBot Foxtrot reevaluating
ChatterBot Bravo reevaluating
ChatterBot Uniform reevaluating
ChatterBot Quebec reevaluating
ChatterBot Echo reevaluating
ChatterBot Foxtrot reevaluating
ChatterBot Bravo reevaluating
ChatterBot Uniform reevaluating
ChatterBot Quebec reevaluating
ChatterBot Echo reevaluating
ChatterBot November reevaluating
ChatterBot Bravo reevaluating
ChatterBot Uniform reevaluating
ChatterBot Quebec reevaluating
ChatterBot Echo reevaluating
ChatterBot November reevaluating
ChatterBot Foxtrot reevaluating
ChatterBot Uniform reevaluating
ChatterBot Quebec reevaluating
ChatterBot Echo reevaluating
ChatterBot November reevaluating
ChatterBot Foxtrot reevaluating
ChatterBot Bravo reevaluating
ChatterBot Quebec reevaluating
ChatterBot Echo reevaluating
ChatterBot November reevaluating
ChatterBot Foxtrot reevaluating
ChatterBot Bravo reevaluating
ChatterBot Uniform reevaluating
randomSelections Yankee: {Yankee, November, Uniform, Bravo, Foxtrot, Kilo, India, Oscar} 
2024-10-15 00:48:22.416407 Yankee: Can we be friends?
ChatterBot November reevaluating
ChatterBot Uniform reevaluating
ChatterBot Bravo reevaluating
ChatterBot Foxtrot reevaluating
ChatterBot Kilo reevaluating
ChatterBot India reevaluating
2024-10-15 00:48:22.427685 November: No
2024-10-15 00:48:22.427912 Uniform: No
2024-10-15 00:48:22.428069 Bravo: No
2024-10-15 00:48:22.428234 Foxtrot: No
2024-10-15 00:48:22.429218 Kilo: Yes
2024-10-15 00:48:22.429353 India: Yes
2024-10-15 00:48:22.429465 Oscar: No
ChatterBot Uniform reevaluating
ChatterBot Bravo reevaluating
ChatterBot Foxtrot reevaluating
ChatterBot Kilo reevaluating
ChatterBot India reevaluating
ChatterBot November reevaluating
ChatterBot Bravo reevaluating
ChatterBot Foxtrot reevaluating
ChatterBot Kilo reevaluating
ChatterBot India reevaluating
ChatterBot November reevaluating
ChatterBot Uniform reevaluating
ChatterBot Foxtrot reevaluating
ChatterBot Kilo reevaluating
ChatterBot India reevaluating
ChatterBot November reevaluating
ChatterBot Uniform reevaluating
ChatterBot Bravo reevaluating
ChatterBot Kilo reevaluating
ChatterBot India reevaluating
ChatterBot November reevaluating
ChatterBot Uniform reevaluating
ChatterBot Bravo reevaluating
ChatterBot Foxtrot reevaluating
ChatterBot India reevaluating
ChatterBot November reevaluating
ChatterBot Uniform reevaluating
ChatterBot Bravo reevaluating
ChatterBot Foxtrot reevaluating
ChatterBot Kilo reevaluating
ChatterBot November reevaluating
ChatterBot Uniform reevaluating
ChatterBot Bravo reevaluating
ChatterBot Foxtrot reevaluating
ChatterBot Kilo reevaluating
ChatterBot India reevaluating
2024-10-15 00:48:22.565048 Bravo: Uniform, Foxtrot, Oscar, Echo and November, sending you 2
2024-10-15 00:48:22.566217 Kilo: Uniform and Yankee, sending you 1
2024-10-15 00:48:22.566515 India: Foxtrot, sending you 3
2024-10-15 00:48:22.566803 November: Foxtrot, sending you 5
2024-10-15 00:48:22.567778 Uniform: Foxtrot and Echo, sending you 1
2024-10-15 00:48:22.568067 Oscar: Uniform and Foxtrot, sending you 1
2024-10-15 00:48:22.568325 Quebec: Uniform and Echo, sending you 3
2024-10-15 00:48:22.568571 Foxtrot: Uniform and Echo, sending you 3
2024-10-15 00:48:22.568890 Yankee: Kilo and Uniform, sending you 3
2024-10-15 00:48:22.569857 Echo: Uniform, Foxtrot, Quebec and Bravo, sending you 1
2024-10-15 00:48:22.570137 Bravo: Quebec, sending you 1
2024-10-15 00:48:22.570348 Kilo: Foxtrot and November, sending you 3
2024-10-15 00:48:22.572231 Quebec: Foxtrot, Bravo and November, sending you 2
2024-10-15 00:48:22.573229 India: Bravo and Oscar, sending you 1
2024-10-15 00:48:22.573583 November: Bravo, sending you 3
2024-10-15 00:48:22.573971 Uniform: Quebec, sending you 2
2024-10-15 00:48:22.575059 Oscar: Quebec, sending you 2
2024-10-15 00:48:22.575463 Yankee: Foxtrot, Bravo and India, sending you 2
2024-10-15 00:48:22.575905 Kilo: Bravo and Oscar, sending you 2
2024-10-15 00:48:22.577012 Foxtrot: Bravo and Oscar, sending you 2
2024-10-15 00:48:22.577408 Echo: Oscar, sending you 3
2024-10-15 00:48:22.578426 Quebec: Oscar, sending you 1
2024-10-15 00:48:22.578803 India: Yankee, sending you 2
2024-10-15 00:48:22.579180 November: Oscar, sending you 1
2024-10-15 00:48:22.579546 Uniform: November, sending you 4
2024-10-15 00:48:22.580487 Oscar: Bravo, sending you 3
2024-10-15 00:48:22.580946 Yankee: Oscar, sending you 1
2024-10-15 00:48:22.581853 Foxtrot: November, sending you 1
2024-10-15 00:48:22.582322 November: Echo, sending you 2
2024-10-15 00:48:22.584735 Yankee: November, sending you 4
chatterbot Oscar submitting transactions
chatterbot November submitting transactions
chatterbot Uniform submitting transactions
chatterbot Quebec submitting transactions
chatterbot Kilo submitting transactions
chatterbot Yankee submitting transactions
chatterbot Foxtrot submitting transactions
chatterbot Bravo submitting transactions
chatterbot India submitting transactions
chatterbot Echo submitting transactions
ChatterBot Kilo round 2
ChatterBot Uniform round 2
ChatterBot Foxtrot round 2
ChatterBot Quebec round 2
ChatterBot Bravo round 2
ChatterBot Oscar round 2
ChatterBot Yankee round 2
ChatterBot Echo round 2
ChatterBot November round 2
ChatterBot India round 2
2024-10-15 00:48:24.277750 Kilo: Can we be friends?
ChatterBot Yankee reevaluating
ChatterBot India reevaluating
ChatterBot November reevaluating
2024-10-15 00:48:24.291443 Yankee: No
2024-10-15 00:48:24.291607 India: No
2024-10-15 00:48:24.291729 November: No
ChatterBot India reevaluating
ChatterBot November reevaluating
ChatterBot Kilo reevaluating
ChatterBot Yankee reevaluating
ChatterBot November reevaluating
ChatterBot Kilo reevaluating
ChatterBot Yankee reevaluating
ChatterBot India reevaluating
2024-10-15 00:48:24.329207 India: We would work well together
ChatterBot Kilo reevaluating
ChatterBot Yankee reevaluating
2024-10-15 00:48:24.338121 Kilo: Yes
2024-10-15 00:48:24.338263 Yankee: Yes
ChatterBot India reevaluating
ChatterBot Yankee reevaluating
ChatterBot India reevaluating
ChatterBot Kilo reevaluating
2024-10-15 00:48:24.368080 Foxtrot: We should drop Oscar
ChatterBot November reevaluating
2024-10-15 00:48:24.389776 Uniform: No
2024-10-15 00:48:24.389931 Quebec: No
2024-10-15 00:48:24.390074 Echo: Yes
2024-10-15 00:48:24.390641 Bravo: No
2024-10-15 00:48:24.390754 November: No
ChatterBot Foxtrot reevaluating
ChatterBot Bravo reevaluating
ChatterBot November reevaluating
ChatterBot Foxtrot reevaluating
ChatterBot Bravo reevaluating
ChatterBot November reevaluating
ChatterBot Foxtrot reevaluating
ChatterBot Bravo reevaluating
ChatterBot November reevaluating
ChatterBot Foxtrot reevaluating
ChatterBot November reevaluating
ChatterBot Foxtrot reevaluating
ChatterBot Bravo reevaluating
2024-10-15 00:48:24.506290 Yankee: Let's form a team
ChatterBot India reevaluating
ChatterBot Kilo reevaluating
2024-10-15 00:48:24.516476 India: Yes
2024-10-15 00:48:24.516642 Kilo: Yes
ChatterBot Kilo reevaluating
ChatterBot Yankee reevaluating
ChatterBot India reevaluating
ChatterBot Yankee reevaluating
2024-10-15 00:48:25.058978 Uniform: Foxtrot and Quebec, sending you 2
2024-10-15 00:48:25.059331 Oscar: Uniform, Foxtrot, Quebec, Bravo and November, sending you 1
2024-10-15 00:48:25.059696 Yankee: Sending you each 4
2024-10-15 00:48:25.060302 Quebec: Uniform, sending you 5
2024-10-15 00:48:25.060604 Kilo: Yankee and India, sending you 4
chatterbot Uniform submitting transactions
chatterbot November submitting transactions
2024-10-15 00:48:25.062160 Uniform: Bravo, Oscar, Echo and November, sending you 1
2024-10-15 00:48:25.102013 Kilo: November, sending you 3
2024-10-15 00:48:25.102285 Bravo: Uniform, Foxtrot, Quebec, Oscar, Echo and November, sending you 2
2024-10-15 00:48:25.102660 India: Kilo, sending you 2
2024-10-15 00:48:25.103421 Oscar: Echo, sending you 2
2024-10-15 00:48:25.103719 Quebec: Bravo and Echo, sending you 2
2024-10-15 00:48:25.103991 Echo: Uniform, Bravo and November, sending you 1
2024-10-15 00:48:25.104235 November: Uniform, Foxtrot, Quebec, Bravo and Echo, sending you 2
chatterbot Oscar submitting transactions
2024-10-15 00:48:25.127681 November: Oscar, sending you 1
2024-10-15 00:48:25.128895 India: Yankee, sending you 5
2024-10-15 00:48:25.129175 Echo: Foxtrot and Quebec, sending you 2
2024-10-15 00:48:25.129539 Quebec: Oscar, sending you 4
2024-10-15 00:48:25.158571 Foxtrot: Uniform and Echo, sending you 2
2024-10-15 00:48:25.163210 Foxtrot: Quebec, Bravo and November, sending you 3
chatterbot Bravo submitting transactions
chatterbot Kilo submitting transactions
chatterbot Foxtrot submitting transactions
chatterbot Quebec submitting transactions
chatterbot Yankee submitting transactions
chatterbot India submitting transactions
chatterbot Echo submitting transactions
ChatterBot Kilo round 3
ChatterBot Uniform round 3
ChatterBot Foxtrot round 3
ChatterBot Quebec round 3
ChatterBot Bravo round 3
ChatterBot Oscar round 3
ChatterBot Yankee round 3
ChatterBot Echo round 3
ChatterBot November round 3
2024-10-15 00:48:25.694440 Kilo: We should replace November with Bravo
2024-10-15 00:48:25.701916 India: No
2024-10-15 00:48:25.702065 Yankee: No
ChatterBot Kilo reevaluating
ChatterBot Kilo reevaluating
ChatterBot India round 3
2024-10-15 00:48:25.747450 Kilo: We should replace November with Oscar
2024-10-15 00:48:25.754171 India: No
2024-10-15 00:48:25.754789 Yankee: No
ChatterBot Kilo reevaluating
ChatterBot Kilo reevaluating
2024-10-15 00:48:25.773343 Kilo: We should replace November with Quebec
2024-10-15 00:48:25.780705 India: No
2024-10-15 00:48:25.780870 Yankee: No
ChatterBot Kilo reevaluating
ChatterBot Kilo reevaluating
2024-10-15 00:48:25.796406 Kilo: We should replace November with Uniform
2024-10-15 00:48:25.802667 India: No
2024-10-15 00:48:25.802813 Yankee: No
ChatterBot Kilo reevaluating
ChatterBot Kilo reevaluating
2024-10-15 00:48:25.818607 Kilo: We should replace November with Foxtrot
2024-10-15 00:48:25.825227 India: No
2024-10-15 00:48:25.825429 Yankee: No
ChatterBot Kilo reevaluating
ChatterBot Kilo reevaluating
2024-10-15 00:48:25.987586 Foxtrot: Uniform, Bravo, Echo and November, sending you 3
2024-10-15 00:48:25.988658 Bravo: Same as last round
2024-10-15 00:48:25.990776 Uniform: Foxtrot and Quebec, sending you 2
2024-10-15 00:48:25.992967 November: Uniform, Foxtrot, Quebec, Bravo and Oscar, sending you 2
2024-10-15 00:48:25.994624 Yankee: Same as last round
2024-10-15 00:48:25.995944 Oscar: Uniform, Foxtrot, Bravo, Echo and November, sending you 1
2024-10-15 00:48:25.997540 Quebec: Uniform, sending you 3
2024-10-15 00:48:25.998999 Echo: Uniform, Bravo and November, sending you 1
2024-10-15 00:48:25.999592 Kilo: Uniform we want you to join our group
2024-10-15 00:48:26.004816 Uniform: No
ChatterBot Kilo reevaluating
2024-10-15 00:48:26.021575 Foxtrot: Quebec, sending you 1
2024-10-15 00:48:26.022416 Uniform: Bravo, Oscar, Echo and November, sending you 1
2024-10-15 00:48:26.023673 November: Echo, sending you 1
2024-10-15 00:48:26.024987 Oscar: Quebec, sending you 2
2024-10-15 00:48:26.025739 Echo: Foxtrot and Quebec, sending you 2
2024-10-15 00:48:26.026780 Quebec: Foxtrot, Bravo, Oscar, Echo and November, sending you 2
2024-10-15 00:48:26.028030 India: Kilo, sending you 3
2024-10-15 00:48:26.142881 India: Yankee, sending you 4
chatterbot Yankee submitting transactions
chatterbot November submitting transactions
chatterbot Uniform submitting transactions
2024-10-15 00:48:26.320150 Kilo: Uniform, sending you 3
2024-10-15 00:48:26.356361 Kilo: Yankee, sending you 5
chatterbot India submitting transactions
2024-10-15 00:48:26.374401 Kilo: India, sending you 4
chatterbot Foxtrot submitting transactions
chatterbot Kilo submitting transactions
chatterbot Quebec submitting transactions
chatterbot Echo submitting transactions
chatterbot Bravo submitting transactions
chatterbot Oscar submitting transactions
ChatterBot Kilo round 4
2024-10-15 00:48:26.983455 Kilo: We should replace Uniform with Foxtrot
2024-10-15 00:48:26.989344 India: No
2024-10-15 00:48:26.989500 Yankee: No
ChatterBot Kilo reevaluating
ChatterBot Kilo reevaluating
ChatterBot Uniform round 4
ChatterBot Foxtrot round 4
ChatterBot Quebec round 4
ChatterBot Bravo round 4
ChatterBot Oscar round 4
ChatterBot Yankee round 4
ChatterBot Echo round 4
ChatterBot November round 4
ChatterBot India round 4
2024-10-15 00:48:27.003819 Kilo: We should replace Uniform with Oscar
2024-10-15 00:48:27.008989 India: No
2024-10-15 00:48:27.009137 Yankee: No
ChatterBot Kilo reevaluating
ChatterBot Kilo reevaluating
2024-10-15 00:48:27.051153 Kilo: We should replace Uniform with Bravo
2024-10-15 00:48:27.085805 India: No
2024-10-15 00:48:27.085991 Yankee: No
ChatterBot Kilo reevaluating
ChatterBot Kilo reevaluating
2024-10-15 00:48:27.188181 Kilo: We should replace Uniform with November
ChatterBot Yankee reevaluating
2024-10-15 00:48:27.197694 India: No
2024-10-15 00:48:27.198120 Yankee: No
ChatterBot Kilo reevaluating
ChatterBot Yankee reevaluating
ChatterBot Kilo reevaluating
2024-10-15 00:48:27.228034 Kilo: Bravo we want you to join our group
2024-10-15 00:48:27.232525 Bravo: No
ChatterBot Kilo reevaluating
ChatterBot Yankee reevaluating
2024-10-15 00:48:27.249108 Foxtrot: Uniform, Bravo, Echo and November, sending you 3
2024-10-15 00:48:27.251670 India: Kilo, sending you 3
2024-10-15 00:48:27.252674 November: Uniform, Foxtrot, Quebec, Bravo and Echo, sending you 2
2024-10-15 00:48:27.253437 Foxtrot: Quebec, sending you 1
2024-10-15 00:48:27.254115 Oscar: Uniform, Foxtrot, Bravo, Echo and November, sending you 1
2024-10-15 00:48:27.255603 Kilo: Oscar we want you to join our group
2024-10-15 00:48:27.260752 Oscar: No
ChatterBot Kilo reevaluating
2024-10-15 00:48:27.275218 Quebec: Uniform, sending you 3
2024-10-15 00:48:27.276150 Bravo: Same as last round
2024-10-15 00:48:27.277571 Uniform: Foxtrot and Quebec, sending you 2
2024-10-15 00:48:27.279172 Echo: Uniform, Bravo and November, sending you 1
2024-10-15 00:48:27.279947 India: Yankee, sending you 4
2024-10-15 00:48:27.281400 November: Oscar, sending you 1
2024-10-15 00:48:27.282102 Oscar: Quebec, sending you 2
2024-10-15 00:48:27.283644 Quebec: Foxtrot, Bravo, Oscar, Echo and November, sending you 2
2024-10-15 00:48:27.285138 Uniform: Bravo, Oscar, Echo and November, sending you 1
2024-10-15 00:48:27.286132 Echo: Foxtrot and Quebec, sending you 2
2024-10-15 00:48:27.287469 Kilo: Foxtrot we want you to join our group
2024-10-15 00:48:27.292934 Foxtrot: No
ChatterBot Kilo reevaluating
2024-10-15 00:48:27.309175 Yankee: Kilo, sending you 3
2024-10-15 00:48:27.314679 Yankee: India, sending you 4
2024-10-15 00:48:27.337676 Kilo: Uniform, Yankee and India, sending you 4
chatterbot Oscar submitting transactions
chatterbot Quebec submitting transactions
chatterbot Uniform submitting transactions
chatterbot Echo submitting transactions
chatterbot Bravo submitting transactions
chatterbot Foxtrot submitting transactions
chatterbot November submitting transactions
chatterbot Yankee submitting transactions
chatterbot Kilo submitting transactions
chatterbot India submitting transactions
ChatterBot Kilo round 5
ChatterBot Uniform round 5
ChatterBot Foxtrot round 5
ChatterBot Quebec round 5
ChatterBot Bravo round 5
ChatterBot Oscar round 5
2024-10-15 00:48:29.225828 Kilo: We should replace Uniform with Oscar
2024-10-15 00:48:29.231989 India: No
2024-10-15 00:48:29.232172 Yankee: No
ChatterBot Kilo reevaluating
ChatterBot Yankee reevaluating
ChatterBot Kilo reevaluating
2024-10-15 00:48:29.245672 Yankee: We should add Oscar
ChatterBot Kilo reevaluating
2024-10-15 00:48:29.252710 India: No
2024-10-15 00:48:29.252829 Kilo: Yes
ChatterBot Kilo reevaluating
ChatterBot Yankee reevaluating
ChatterBot Yankee reevaluating
ChatterBot Yankee round 5
ChatterBot Echo round 5
ChatterBot November round 5
ChatterBot India round 5
2024-10-15 00:48:29.274265 Kilo: We should replace Uniform with Bravo
ChatterBot Yankee reevaluating
2024-10-15 00:48:29.279643 India: No
2024-10-15 00:48:29.279841 Yankee: No
ChatterBot Kilo reevaluating
ChatterBot Yankee reevaluating
ChatterBot Kilo reevaluating
2024-10-15 00:48:29.314658 Quebec: Uniform, sending you 3
2024-10-15 00:48:29.316684 Foxtrot: Uniform, Bravo, Echo and November, sending you 3
2024-10-15 00:48:29.317723 Kilo: Bravo we want you to join our group
2024-10-15 00:48:29.320583 Bravo: No
ChatterBot Kilo reevaluating
ChatterBot Yankee reevaluating
2024-10-15 00:48:29.329122 Kilo: We should replace Uniform with Quebec
2024-10-15 00:48:29.329336 Yankee: We should add Oscar
ChatterBot Yankee reevaluating
2024-10-15 00:48:29.334265 India: No
ChatterBot Kilo reevaluating
2024-10-15 00:48:29.339513 Yankee: No
2024-10-15 00:48:29.339654 India: No
2024-10-15 00:48:29.339752 Kilo: No
ChatterBot Kilo reevaluating
ChatterBot Yankee reevaluating
ChatterBot Kilo reevaluating
ChatterBot Kilo reevaluating
ChatterBot Yankee reevaluating
ChatterBot Yankee reevaluating
2024-10-15 00:48:29.361685 Quebec: Foxtrot, Bravo, Oscar, Echo and November, sending you 2
2024-10-15 00:48:29.362171 Foxtrot: Quebec, sending you 1
2024-10-15 00:48:29.364722 November: Uniform, Foxtrot, Quebec, Bravo and Echo, sending you 2
2024-10-15 00:48:29.365701 Bravo: Same as last round
2024-10-15 00:48:29.366960 Uniform: Foxtrot and Quebec, sending you 2
2024-10-15 00:48:29.367359 Oscar: Uniform, Foxtrot, Bravo, Echo and November, sending you 1
2024-10-15 00:48:29.367774 Echo: Uniform, Quebec and November, sending you 1
2024-10-15 00:48:29.368069 November: Oscar, sending you 1
2024-10-15 00:48:29.370666 Oscar: Quebec, sending you 2
2024-10-15 00:48:29.371895 Uniform: Bravo, Oscar, Echo and November, sending you 1
2024-10-15 00:48:29.372502 Echo: Foxtrot and Bravo, sending you 2
2024-10-15 00:48:29.377667 India: Kilo, sending you 3
2024-10-15 00:48:29.381854 India: Yankee, sending you 4
2024-10-15 00:48:29.384667 Kilo: Bravo, Yankee and India, sending you 4
2024-10-15 00:48:29.390683 Yankee: Kilo, sending you 3
2024-10-15 00:48:29.396659 Yankee: India, sending you 4
chatterbot Foxtrot submitting transactions
chatterbot Quebec submitting transactions
chatterbot India submitting transactions
chatterbot Oscar submitting transactions
chatterbot Uniform submitting transactions
chatterbot Bravo submitting transactions
chatterbot Echo submitting transactions
chatterbot Kilo submitting transactions
chatterbot November submitting transactions
chatterbot Yankee submitting transactions
ChatterBot Kilo round 6
ChatterBot Uniform round 6
ChatterBot Foxtrot round 6
ChatterBot Quebec round 6
ChatterBot Bravo round 6
ChatterBot Oscar round 6
ChatterBot Yankee round 6
ChatterBot Echo round 6
ChatterBot November round 6
ChatterBot India round 6
2024-10-15 00:48:30.566427 Kilo: We should drop Bravo
2024-10-15 00:48:30.571557 India: Yes
2024-10-15 00:48:30.571740 Yankee: Yes
ChatterBot Kilo reevaluating
ChatterBot Kilo reevaluating
2024-10-15 00:48:30.583429 Kilo: We should replace Bravo with Quebec
2024-10-15 00:48:30.588142 India: No
2024-10-15 00:48:30.588292 Yankee: No
ChatterBot Kilo reevaluating
ChatterBot Kilo reevaluating
2024-10-15 00:48:30.607687 Bravo: Same as last round
2024-10-15 00:48:30.608810 Foxtrot: Uniform, Bravo, Echo and November, sending you 3
2024-10-15 00:48:30.609873 Yankee: Kilo, sending you 3
2024-10-15 00:48:30.610451 Uniform: Foxtrot and Quebec, sending you 2
2024-10-15 00:48:30.611474 Kilo: Quebec we want you to join our group
2024-10-15 00:48:30.617483 Quebec: No
ChatterBot Kilo reevaluating
2024-10-15 00:48:30.629765 Yankee: India, sending you 4
2024-10-15 00:48:30.630228 Uniform: Bravo, Oscar, Echo and November, sending you 1
2024-10-15 00:48:30.630850 Foxtrot: Quebec, sending you 1
2024-10-15 00:48:30.631306 Echo: Uniform, Quebec and November, sending you 1
2024-10-15 00:48:30.635225 Quebec: Uniform, sending you 3
2024-10-15 00:48:30.635954 November: Uniform, Foxtrot, Quebec, Bravo and Echo, sending you 2
2024-10-15 00:48:30.636633 Echo: Foxtrot and Bravo, sending you 2
2024-10-15 00:48:30.637095 Oscar: Uniform, Foxtrot, Bravo, Echo and November, sending you 1
2024-10-15 00:48:30.638688 November: Oscar, sending you 1
2024-10-15 00:48:30.640691 Quebec: Foxtrot, Bravo, Oscar, Echo and November, sending you 2
2024-10-15 00:48:30.642691 Oscar: Quebec, sending you 2
2024-10-15 00:48:30.644084 India: Kilo, sending you 3
2024-10-15 00:48:30.647671 India: Yankee, sending you 4
2024-10-15 00:48:30.663673 Kilo: Quebec, Yankee and India, sending you 4
chatterbot Bravo submitting transactions
chatterbot November submitting transactions
chatterbot Foxtrot submitting transactions
chatterbot Uniform submitting transactions
chatterbot Quebec submitting transactions
chatterbot India submitting transactions
chatterbot Kilo submitting transactions
chatterbot Yankee submitting transactions
chatterbot Echo submitting transactions
chatterbot Oscar submitting transactions
ChatterBot Kilo round 7
ChatterBot Uniform round 7
ChatterBot Foxtrot round 7
2024-10-15 00:48:31.700856 Kilo: We should replace Quebec with Uniform
2024-10-15 00:48:31.709845 India: No
2024-10-15 00:48:31.710049 Yankee: No
ChatterBot Kilo reevaluating
ChatterBot Kilo reevaluating
ChatterBot Quebec round 7
ChatterBot Bravo round 7
ChatterBot Oscar round 7
ChatterBot Yankee round 7
ChatterBot Echo round 7
ChatterBot November round 7
ChatterBot India round 7
2024-10-15 00:48:31.784384 Kilo: We should drop Quebec
2024-10-15 00:48:31.791348 India: Yes
2024-10-15 00:48:31.791520 Yankee: Yes
ChatterBot Kilo reevaluating
ChatterBot Kilo reevaluating
2024-10-15 00:48:31.803228 Kilo: We should replace Quebec with Echo
2024-10-15 00:48:31.810184 India: No
2024-10-15 00:48:31.810366 Yankee: No
ChatterBot Kilo reevaluating
ChatterBot Kilo reevaluating
2024-10-15 00:48:31.824690 Foxtrot: Uniform, Bravo, Echo and November, sending you 3
2024-10-15 00:48:31.826065 Uniform: Foxtrot and Quebec, sending you 2
2024-10-15 00:48:31.828680 Foxtrot: Quebec, sending you 1
2024-10-15 00:48:31.830689 Kilo: Uniform we want you to join our group
2024-10-15 00:48:31.836302 Uniform: No
ChatterBot Kilo reevaluating
2024-10-15 00:48:31.850899 Uniform: Bravo, Oscar, Echo and November, sending you 1
2024-10-15 00:48:31.851497 Yankee: Kilo, sending you 3
2024-10-15 00:48:31.851923 Oscar: Uniform, Foxtrot, Quebec, Echo and November, sending you 1
2024-10-15 00:48:31.854885 Yankee: India, sending you 4
2024-10-15 00:48:31.855663 Bravo: Uniform, sending you 3
2024-10-15 00:48:31.856731 Echo: Uniform, Quebec and November, sending you 1
2024-10-15 00:48:31.858242 November: Uniform, Foxtrot, Quebec, Bravo and Echo, sending you 2
2024-10-15 00:48:31.859146 Oscar: Bravo, sending you 2
2024-10-15 00:48:31.860655 Quebec: Uniform, sending you 4
2024-10-15 00:48:31.861732 India: Kilo, sending you 3
2024-10-15 00:48:31.862296 Kilo: Echo we want you to join our group
2024-10-15 00:48:31.867042 Echo: No
ChatterBot Kilo reevaluating
ChatterBot Yankee reevaluating
2024-10-15 00:48:31.878346 Yankee: We should add Oscar
ChatterBot Kilo reevaluating
2024-10-15 00:48:31.883794 India: No
2024-10-15 00:48:31.883906 Kilo: No
ChatterBot Kilo reevaluating
ChatterBot Yankee reevaluating
ChatterBot Yankee reevaluating
2024-10-15 00:48:31.896497 Echo: Foxtrot and Bravo, sending you 2
2024-10-15 00:48:31.897166 Bravo: Foxtrot, Quebec, Oscar, Echo and November, sending you 2
2024-10-15 00:48:31.898337 November: Oscar, sending you 1
2024-10-15 00:48:31.899008 India: Yankee, sending you 4
2024-10-15 00:48:31.899432 Quebec: Foxtrot, sending you 1
2024-10-15 00:48:31.905800 Quebec: Bravo, Oscar, Echo and November, sending you 2
2024-10-15 00:48:31.931697 Kilo: Yankee, Echo and India, sending you 4
chatterbot Quebec submitting transactions
chatterbot India submitting transactions
chatterbot Echo submitting transactions
chatterbot Foxtrot submitting transactions
chatterbot November submitting transactions
chatterbot Oscar submitting transactions
chatterbot Bravo submitting transactions
chatterbot Uniform submitting transactions
chatterbot Yankee submitting transactions
chatterbot Kilo submitting transactions
ChatterBot Kilo round 8
ChatterBot Uniform round 8
ChatterBot Foxtrot round 8
ChatterBot Quebec round 8
ChatterBot Bravo round 8
ChatterBot Oscar round 8
ChatterBot Yankee round 8
ChatterBot Echo round 8
ChatterBot November round 8
ChatterBot India round 8
2024-10-15 00:48:33.118335 Kilo: We should replace Echo with Uniform
2024-10-15 00:48:33.152727 India: No
2024-10-15 00:48:33.152930 Yankee: No
ChatterBot Kilo reevaluating
ChatterBot Kilo reevaluating
2024-10-15 00:48:33.264018 Kilo: We should drop Echo
2024-10-15 00:48:33.275794 India: Yes
2024-10-15 00:48:33.276203 Yankee: Yes
ChatterBot Kilo reevaluating
ChatterBot Yankee reevaluating
ChatterBot Kilo reevaluating
2024-10-15 00:48:33.296104 Yankee: We should add Oscar
ChatterBot Kilo reevaluating
2024-10-15 00:48:33.303580 India: No
2024-10-15 00:48:33.303791 Kilo: No
ChatterBot Kilo reevaluating
ChatterBot Yankee reevaluating
ChatterBot Yankee reevaluating
2024-10-15 00:48:33.318513 November: We should drop Oscar
ChatterBot Uniform reevaluating
ChatterBot Bravo reevaluating
2024-10-15 00:48:33.335672 Foxtrot: Yes
2024-10-15 00:48:33.335893 Uniform: Yes
2024-10-15 00:48:33.336056 Quebec: No
2024-10-15 00:48:33.336225 Echo: Yes
2024-10-15 00:48:33.336385 Bravo: Yes
ChatterBot Uniform reevaluating
ChatterBot Bravo reevaluating
ChatterBot Bravo reevaluating
ChatterBot November reevaluating
ChatterBot Uniform reevaluating
ChatterBot Bravo reevaluating
ChatterBot November reevaluating
ChatterBot Uniform reevaluating
ChatterBot Bravo reevaluating
ChatterBot November reevaluating
ChatterBot Uniform reevaluating
ChatterBot Quebec reevaluating
ChatterBot November reevaluating
2024-10-15 00:48:33.417693 India: Kilo, sending you 3
2024-10-15 00:48:33.419681 Foxtrot: Uniform, Bravo, Echo and November, sending you 3
2024-10-15 00:48:33.420343 Echo: Uniform, Quebec and November, sending you 1
2024-10-15 00:48:33.420842 Oscar: Uniform, Foxtrot, Quebec, Echo and November, sending you 1
2024-10-15 00:48:33.422028 Kilo: Uniform we want you to join our group
2024-10-15 00:48:33.426538 Uniform: No
ChatterBot Kilo reevaluating
2024-10-15 00:48:33.442289 India: Yankee, sending you 4
2024-10-15 00:48:33.443065 Foxtrot: Quebec, sending you 1
2024-10-15 00:48:33.443926 Echo: Foxtrot and Bravo, sending you 2
2024-10-15 00:48:33.445328 Oscar: Bravo, sending you 2
2024-10-15 00:48:33.451678 Yankee: Kilo, sending you 3
2024-10-15 00:48:33.454682 Yankee: India, sending you 4
2024-10-15 00:48:33.461677 November: Uniform, Quebec, Bravo and Echo, sending you 2
2024-10-15 00:48:33.467680 November: Foxtrot, sending you 3
2024-10-15 00:48:33.468382 Kilo: Sending you each 6
2024-10-15 00:48:33.470128 Bravo: Uniform, sending you 3
2024-10-15 00:48:33.470858 Quebec: Uniform, Bravo and November, sending you 3
2024-10-15 00:48:33.473662 Bravo: Foxtrot, Quebec, Echo and November, sending you 2
2024-10-15 00:48:33.477039 Quebec: Foxtrot and Echo, sending you 2
chatterbot Yankee submitting transactions
chatterbot India submitting transactions
chatterbot Oscar submitting transactions
chatterbot Foxtrot submitting transactions
chatterbot Uniform submitting transactions
chatterbot Echo submitting transactions
chatterbot November submitting transactions
chatterbot Quebec submitting transactions
chatterbot Bravo submitting transactions
chatterbot Kilo submitting transactions
ChatterBot Kilo round 9
ChatterBot Uniform round 9
ChatterBot Foxtrot round 9
ChatterBot Quebec round 9
ChatterBot Bravo round 9
ChatterBot Oscar round 9
ChatterBot Yankee round 9
ChatterBot Echo round 9
ChatterBot November round 9
ChatterBot India round 9
2024-10-15 00:48:34.634269 Yankee: We should add Oscar
ChatterBot Kilo reevaluating
2024-10-15 00:48:34.639431 India: No
2024-10-15 00:48:34.639583 Kilo: No
ChatterBot Kilo reevaluating
ChatterBot Yankee reevaluating
ChatterBot Yankee reevaluating
2024-10-15 00:48:34.649991 Kilo: We should add Uniform
ChatterBot Yankee reevaluating
2024-10-15 00:48:34.654671 India: No
2024-10-15 00:48:34.654805 Yankee: No
ChatterBot Kilo reevaluating
ChatterBot Yankee reevaluating
ChatterBot Kilo reevaluating
2024-10-15 00:48:34.679661 Yankee: Oscar we want you to join our group
2024-10-15 00:48:34.682950 Oscar: No
2024-10-15 00:48:34.689436 Foxtrot: Uniform, Bravo, Echo and November, sending you 3
2024-10-15 00:48:34.690071 Bravo: Uniform, sending you 3
2024-10-15 00:48:34.691673 November: Uniform, Quebec, Bravo and Echo, sending you 2
2024-10-15 00:48:34.693692 Kilo: Same as last round
2024-10-15 00:48:34.695208 Foxtrot: Quebec, sending you 1
2024-10-15 00:48:34.695786 Quebec: Uniform, sending you 4
2024-10-15 00:48:34.696224 Oscar: Uniform, Foxtrot, Quebec, Echo and November, sending you 1
2024-10-15 00:48:34.696792 Bravo: Foxtrot, Quebec, Echo and November, sending you 2
2024-10-15 00:48:34.697273 Echo: Uniform, Quebec and November, sending you 1
2024-10-15 00:48:34.698042 November: Foxtrot, sending you 3
2024-10-15 00:48:34.698662 Quebec: Foxtrot, sending you 1
2024-10-15 00:48:34.701655 Oscar: Bravo, sending you 2
2024-10-15 00:48:34.702679 Echo: Foxtrot and Bravo, sending you 2
2024-10-15 00:48:34.703753 Quebec: Bravo and November, sending you 3
2024-10-15 00:48:34.707691 India: Kilo, sending you 3
2024-10-15 00:48:34.708698 Quebec: Echo, sending you 2
2024-10-15 00:48:34.710691 Yankee: Kilo and Oscar, sending you 3
2024-10-15 00:48:34.711112 India: Yankee, sending you 4
2024-10-15 00:48:34.714663 Yankee: India, sending you 4
chatterbot Kilo submitting transactions
chatterbot Quebec submitting transactions
chatterbot Yankee submitting transactions
chatterbot Echo submitting transactions
chatterbot Oscar submitting transactions
chatterbot Foxtrot submitting transactions
chatterbot India submitting transactions
chatterbot November submitting transactions
chatterbot Uniform submitting transactions
chatterbot Bravo submitting transactions
ChatterBot Kilo round 10
ChatterBot Uniform round 10
ChatterBot Foxtrot round 10
ChatterBot Quebec round 10
ChatterBot Bravo round 10
ChatterBot Oscar round 10
ChatterBot Yankee round 10
ChatterBot Echo round 10
ChatterBot November round 10
2024-10-15 00:48:35.871916 Bravo: We should add Oscar
ChatterBot Uniform reevaluating
2024-10-15 00:48:35.890245 Foxtrot: No
2024-10-15 00:48:35.890494 Uniform: Yes
2024-10-15 00:48:35.891051 Quebec: No
2024-10-15 00:48:35.891220 Echo: No
2024-10-15 00:48:35.891367 November: No
ChatterBot Uniform reevaluating
ChatterBot Bravo reevaluating
ChatterBot Quebec reevaluating
ChatterBot Bravo reevaluating
ChatterBot Uniform reevaluating
ChatterBot Bravo reevaluating
ChatterBot Uniform reevaluating
ChatterBot Quebec reevaluating
ChatterBot Bravo reevaluating
ChatterBot Uniform reevaluating
ChatterBot Quebec reevaluating
ChatterBot Bravo reevaluating
ChatterBot India round 10
2024-10-15 00:48:35.984278 Oscar: We should drop Echo
ChatterBot Quebec reevaluating
ChatterBot Bravo reevaluating
2024-10-15 00:48:35.995871 Uniform: No
2024-10-15 00:48:35.996009 Foxtrot: No
2024-10-15 00:48:35.996111 Quebec: No
2024-10-15 00:48:35.996649 Bravo: No
2024-10-15 00:48:35.996750 November: No
ChatterBot Oscar reevaluating
ChatterBot Quebec reevaluating
ChatterBot Bravo reevaluating
ChatterBot Oscar reevaluating
ChatterBot Quebec reevaluating
ChatterBot Bravo reevaluating
ChatterBot Oscar reevaluating
ChatterBot Bravo reevaluating
ChatterBot Oscar reevaluating
ChatterBot Quebec reevaluating
ChatterBot Oscar reevaluating
ChatterBot Quebec reevaluating
ChatterBot Bravo reevaluating
2024-10-15 00:48:36.057665 Yankee: Kilo and Oscar, sending you 3
2024-10-15 00:48:36.058683 Kilo: Same as last round
2024-10-15 00:48:36.059818 Foxtrot: Uniform, Bravo, Echo and November, sending you 3
2024-10-15 00:48:36.060562 Echo: Uniform, Quebec and November, sending you 1
2024-10-15 00:48:36.061106 Yankee: India, sending you 4
2024-10-15 00:48:36.063700 Foxtrot: Quebec, sending you 1
2024-10-15 00:48:36.065667 Echo: Foxtrot and Bravo, sending you 2
2024-10-15 00:48:36.066323 India: Kilo, sending you 3
2024-10-15 00:48:36.070878 India: Yankee, sending you 4
2024-10-15 00:48:36.071655 November: Uniform, Quebec, Bravo and Echo, sending you 2
2024-10-15 00:48:36.072710 Oscar: Uniform, Foxtrot, Quebec, Echo and November, sending you 1
2024-10-15 00:48:36.076923 November: Foxtrot, sending you 3
2024-10-15 00:48:36.077437 Oscar: Bravo, sending you 2
2024-10-15 00:48:36.078691 Quebec: Uniform, sending you 4
2024-10-15 00:48:36.083679 Quebec: Foxtrot, sending you 1
2024-10-15 00:48:36.087657 Bravo: Sending you each 2
2024-10-15 00:48:36.088666 Quebec: Bravo and November, sending you 3
2024-10-15 00:48:36.092694 Quebec: Echo, sending you 2
chatterbot Yankee submitting transactions
chatterbot Quebec submitting transactions
chatterbot Echo submitting transactions
chatterbot Foxtrot submitting transactions
chatterbot Bravo submitting transactions
chatterbot November submitting transactions
chatterbot Uniform submitting transactions
chatterbot Oscar submitting transactions
chatterbot Kilo submitting transactions
chatterbot India submitting transactions
ChatterBot Kilo round 11
ChatterBot Uniform round 11
ChatterBot Foxtrot round 11
ChatterBot Quebec round 11
ChatterBot Bravo round 11
ChatterBot Oscar round 11
ChatterBot Yankee round 11
ChatterBot Echo round 11
ChatterBot November round 11
ChatterBot India round 11
2024-10-15 00:48:37.086293 Echo: We should drop Uniform
ChatterBot Foxtrot reevaluating
2024-10-15 00:48:37.100587 Foxtrot: No
2024-10-15 00:48:37.100912 Quebec: No
2024-10-15 00:48:37.101127 Bravo: No
2024-10-15 00:48:37.101459 November: No
ChatterBot Echo reevaluating
ChatterBot Foxtrot reevaluating
ChatterBot Echo reevaluating
ChatterBot Foxtrot reevaluating
ChatterBot Echo reevaluating
ChatterBot Foxtrot reevaluating
2024-10-15 00:48:37.183457 Kilo: Same as last round
2024-10-15 00:48:37.186724 Oscar: Uniform, Foxtrot, Quebec, Echo and November, sending you 1
2024-10-15 00:48:37.188145 Yankee: Kilo, sending you 3
2024-10-15 00:48:37.190087 Quebec: Uniform, sending you 4
2024-10-15 00:48:37.192693 Bravo: Same as last round
2024-10-15 00:48:37.197013 Foxtrot: We should drop Echo
2024-10-15 00:48:37.222292 Uniform: No
2024-10-15 00:48:37.222644 Quebec: No
2024-10-15 00:48:37.222950 Bravo: No
2024-10-15 00:48:37.223163 November: No
ChatterBot Foxtrot reevaluating
ChatterBot Foxtrot reevaluating
ChatterBot Foxtrot reevaluating
ChatterBot Foxtrot reevaluating
2024-10-15 00:48:37.291111 Oscar: Bravo, sending you 2
2024-10-15 00:48:37.294644 Yankee: India, sending you 4
2024-10-15 00:48:37.296688 Quebec: Foxtrot, sending you 1
2024-10-15 00:48:37.300443 November: Uniform, Quebec, Bravo and Echo, sending you 2
2024-10-15 00:48:37.304924 Quebec: Bravo and November, sending you 3
2024-10-15 00:48:37.308150 November: Foxtrot, sending you 3
2024-10-15 00:48:37.310986 India: Kilo, sending you 3
2024-10-15 00:48:37.312759 Quebec: Echo, sending you 2
2024-10-15 00:48:37.317669 India: Yankee, sending you 4
chatterbot Oscar submitting transactions
2024-10-15 00:48:37.349391 Foxtrot: Uniform, Bravo, Echo and November, sending you 3
2024-10-15 00:48:37.358957 Foxtrot: Quebec, sending you 1
chatterbot India submitting transactions
chatterbot Uniform submitting transactions
chatterbot Foxtrot submitting transactions
chatterbot Echo submitting transactions
chatterbot Bravo submitting transactions
chatterbot Yankee submitting transactions
chatterbot Kilo submitting transactions
chatterbot Quebec submitting transactions
chatterbot November submitting transactions
ChatterBot Kilo round 12
ChatterBot Uniform round 12
ChatterBot Foxtrot round 12
ChatterBot Quebec round 12
ChatterBot Bravo round 12
ChatterBot Oscar round 12
ChatterBot Yankee round 12
ChatterBot Echo round 12
ChatterBot November round 12
ChatterBot India round 12
2024-10-15 00:48:38.193266 Echo: We should drop November
ChatterBot Foxtrot reevaluating
2024-10-15 00:48:38.208532 Uniform: No
2024-10-15 00:48:38.208760 Foxtrot: No
2024-10-15 00:48:38.208917 Quebec: No
2024-10-15 00:48:38.209053 Bravo: No
ChatterBot Echo reevaluating
ChatterBot Foxtrot reevaluating
ChatterBot Echo reevaluating
ChatterBot Echo reevaluating
ChatterBot Foxtrot reevaluating
ChatterBot Echo reevaluating
ChatterBot Foxtrot reevaluating
2024-10-15 00:48:38.267997 Yankee: We should drop Oscar
2024-10-15 00:48:38.273217 India: Yes
2024-10-15 00:48:38.273712 Kilo: Yes
ChatterBot Kilo reevaluating
ChatterBot Yankee reevaluating
2024-10-15 00:48:38.285011 Kilo: We should add Foxtrot
ChatterBot Yankee reevaluating
2024-10-15 00:48:38.290781 India: No
2024-10-15 00:48:38.290891 Yankee: No
ChatterBot Kilo reevaluating
ChatterBot Yankee reevaluating
ChatterBot Kilo reevaluating
2024-10-15 00:48:38.303814 Echo: We should drop Uniform
ChatterBot Foxtrot reevaluating
2024-10-15 00:48:38.316288 Foxtrot: No
2024-10-15 00:48:38.316450 Quebec: No
2024-10-15 00:48:38.316561 Bravo: No
2024-10-15 00:48:38.316670 November: No
ChatterBot Echo reevaluating
ChatterBot Echo reevaluating
ChatterBot Foxtrot reevaluating
ChatterBot Echo reevaluating
ChatterBot Foxtrot reevaluating
ChatterBot Echo reevaluating
ChatterBot Foxtrot reevaluating
2024-10-15 00:48:38.387933 Quebec: Uniform, sending you 4
2024-10-15 00:48:38.388718 Oscar: Uniform, Foxtrot, Quebec, Echo and November, sending you 1
2024-10-15 00:48:38.390267 Bravo: Uniform, Foxtrot, Echo and November, sending you 2
2024-10-15 00:48:38.391409 Foxtrot: We should drop Echo
2024-10-15 00:48:38.404686 Uniform: No
2024-10-15 00:48:38.404847 Quebec: No
2024-10-15 00:48:38.404960 Bravo: No
2024-10-15 00:48:38.405061 November: No
2024-10-15 00:48:38.451752 Quebec: Foxtrot, sending you 1
2024-10-15 00:48:38.453052 Oscar: Bravo, sending you 2
2024-10-15 00:48:38.453763 Bravo: Quebec, sending you 1
2024-10-15 00:48:38.455167 November: Uniform, Quebec, Bravo and Echo, sending you 2
2024-10-15 00:48:38.455668 India: Kilo, sending you 3
2024-10-15 00:48:38.456929 Quebec: Bravo and November, sending you 3
2024-10-15 00:48:38.459038 November: Foxtrot, sending you 3
2024-10-15 00:48:38.459855 India: Yankee, sending you 4
2024-10-15 00:48:38.460379 Kilo: Same as last round
2024-10-15 00:48:38.460875 Quebec: Echo, sending you 2
2024-10-15 00:48:38.469671 Yankee: Kilo, sending you 2
2024-10-15 00:48:38.472669 Echo: Foxtrot, Bravo and November, sending you 2
2024-10-15 00:48:38.474663 Yankee: India, sending you 4
2024-10-15 00:48:38.477671 Echo: Quebec, sending you 1
2024-10-15 00:48:38.479661 Foxtrot: Uniform, Quebec and Bravo, sending you 3
2024-10-15 00:48:38.484658 Foxtrot: November, sending you 4
chatterbot Oscar submitting transactions
chatterbot Yankee submitting transactions
chatterbot Echo submitting transactions
chatterbot November submitting transactions
chatterbot Foxtrot submitting transactions
chatterbot Kilo submitting transactions
chatterbot Bravo submitting transactions
chatterbot India submitting transactions
chatterbot Quebec submitting transactions
chatterbot Uniform submitting transactions
ChatterBot Kilo round 13
ChatterBot Uniform round 13
ChatterBot Foxtrot round 13
ChatterBot Quebec round 13
ChatterBot Bravo round 13
