ChatterBot Lima round 1
ChatterBot Charlie round 1
ChatterBot Yankee round 1
ChatterBot Bravo round 1
ChatterBot Hotel round 1
ChatterBot Mike round 1
ChatterBot November round 1
ChatterBot Sierra round 1
ChatterBot X-ray round 1
ChatterBot India round 1
randomSelections Charlie: {Charlie, Lima, Hotel} 
2024-10-15 00:48:22.334136 Charlie: Let's form a team
ChatterBot Lima reevaluating
ChatterBot Hotel reevaluating
2024-10-15 00:48:22.340895 Lima: Yes
2024-10-15 00:48:22.341055 Hotel: Yes
ChatterBot Hotel reevaluating
ChatterBot Lima reevaluating
randomSelections Yankee: {Yankee, November, Hotel, Mike, Charlie, Bravo, Lima} 
2024-10-15 00:48:22.355932 Yankee: We would work well together
ChatterBot November reevaluating
ChatterBot Hotel reevaluating
ChatterBot Mike reevaluating
ChatterBot Bravo reevaluating
ChatterBot Lima reevaluating
2024-10-15 00:48:22.375315 November: Yes
2024-10-15 00:48:22.375572 Hotel: No
2024-10-15 00:48:22.375887 Mike: Yes
2024-10-15 00:48:22.376091 Charlie: No
2024-10-15 00:48:22.377153 Bravo: Yes
2024-10-15 00:48:22.377355 Lima: No
ChatterBot Hotel reevaluating
ChatterBot Mike reevaluating
ChatterBot Bravo reevaluating
ChatterBot Lima reevaluating
ChatterBot November reevaluating
ChatterBot Mike reevaluating
ChatterBot Bravo reevaluating
ChatterBot Lima reevaluating
ChatterBot November reevaluating
ChatterBot Hotel reevaluating
ChatterBot Bravo reevaluating
ChatterBot Lima reevaluating
ChatterBot November reevaluating
ChatterBot Hotel reevaluating
ChatterBot Mike reevaluating
ChatterBot Bravo reevaluating
ChatterBot Lima reevaluating
ChatterBot November reevaluating
ChatterBot Hotel reevaluating
ChatterBot Mike reevaluating
ChatterBot Lima reevaluating
ChatterBot November reevaluating
ChatterBot Hotel reevaluating
ChatterBot Mike reevaluating
ChatterBot Bravo reevaluating
randomSelections Sierra: {Sierra, X-ray, Lima} 
2024-10-15 00:48:22.467164 Sierra: We would work well together
ChatterBot X-ray reevaluating
ChatterBot Lima reevaluating
2024-10-15 00:48:22.471335 X-ray: Yes
2024-10-15 00:48:22.471444 Lima: No
ChatterBot Lima reevaluating
ChatterBot X-ray reevaluating
randomSelections India: {India, November, Lima, Yankee, Charlie, X-ray} 
2024-10-15 00:48:22.481180 India: Let's form a team
ChatterBot November reevaluating
ChatterBot Lima reevaluating
ChatterBot X-ray reevaluating
2024-10-15 00:48:22.490149 November: No
2024-10-15 00:48:22.490315 Lima: No
2024-10-15 00:48:22.491182 Yankee: No
2024-10-15 00:48:22.491341 Charlie: No
2024-10-15 00:48:22.491445 X-ray: No
ChatterBot Lima reevaluating
ChatterBot X-ray reevaluating
ChatterBot November reevaluating
ChatterBot X-ray reevaluating
ChatterBot November reevaluating
ChatterBot Lima reevaluating
ChatterBot X-ray reevaluating
ChatterBot November reevaluating
ChatterBot Lima reevaluating
ChatterBot X-ray reevaluating
ChatterBot November reevaluating
ChatterBot Lima reevaluating
2024-10-15 00:48:22.549650 X-ray: Lima and Sierra, sending you 2
2024-10-15 00:48:22.550036 Bravo: Lima, sending you 4
2024-10-15 00:48:22.551412 Hotel: Lima, sending you 1
2024-10-15 00:48:22.551820 Yankee: Lima and Hotel, sending you 2
2024-10-15 00:48:22.553439 November: Lima, sending you 2
2024-10-15 00:48:22.553990 Bravo: Charlie, Mike and November, sending you 1
2024-10-15 00:48:22.554739 India: Lima, November and X-ray, sending you 2
2024-10-15 00:48:22.555933 Hotel: Charlie, sending you 2
2024-10-15 00:48:22.556270 Yankee: Charlie, Bravo and Mike, sending you 1
2024-10-15 00:48:22.558113 Lima: Sending you each 4
2024-10-15 00:48:22.558470 November: Yankee and Mike, sending you 1
2024-10-15 00:48:22.559827 Bravo: Yankee and Hotel, sending you 2
2024-10-15 00:48:22.560384 Charlie: Sending you each 4
2024-10-15 00:48:22.560770 India: Charlie and Yankee, sending you 1
2024-10-15 00:48:22.562800 Sierra: Lima, sending you 4
2024-10-15 00:48:22.563175 Mike: Lima, sending you 2
2024-10-15 00:48:22.565001 November: Bravo, sending you 4
2024-10-15 00:48:22.569805 Sierra: X-ray, sending you 5
2024-10-15 00:48:22.570146 Mike: Charlie, Hotel and November, sending you 1
2024-10-15 00:48:22.573912 Mike: Yankee, sending you 4
2024-10-15 00:48:22.581303 Mike: Bravo, sending you 3
chatterbot Sierra submitting transactions
chatterbot Yankee submitting transactions
chatterbot November submitting transactions
chatterbot Mike submitting transactions
chatterbot Lima submitting transactions
chatterbot Hotel submitting transactions
chatterbot Bravo submitting transactions
chatterbot Charlie submitting transactions
chatterbot India submitting transactions
chatterbot X-ray submitting transactions
ChatterBot Lima round 2
ChatterBot Charlie round 2
ChatterBot Yankee round 2
ChatterBot Bravo round 2
ChatterBot Hotel round 2
ChatterBot Mike round 2
ChatterBot November round 2
ChatterBot Sierra round 2
ChatterBot X-ray round 2
ChatterBot India round 2
2024-10-15 00:48:24.288142 X-ray: We should replace Lima with India
ChatterBot Sierra reevaluating
2024-10-15 00:48:24.296233 Sierra: No
2024-10-15 00:48:24.309107 Lima: Can we be friends?
ChatterBot Yankee reevaluating
ChatterBot November reevaluating
ChatterBot Hotel reevaluating
ChatterBot Mike reevaluating
ChatterBot Charlie reevaluating
ChatterBot Bravo reevaluating
2024-10-15 00:48:24.350556 Yankee: No
2024-10-15 00:48:24.350814 November: No
2024-10-15 00:48:24.351396 Hotel: Yes
2024-10-15 00:48:24.351552 Mike: No
2024-10-15 00:48:24.351708 Charlie: Yes
2024-10-15 00:48:24.351860 Bravo: No
ChatterBot November reevaluating
ChatterBot Hotel reevaluating
ChatterBot Mike reevaluating
ChatterBot Charlie reevaluating
ChatterBot Bravo reevaluating
ChatterBot Yankee reevaluating
ChatterBot Hotel reevaluating
ChatterBot Mike reevaluating
ChatterBot Charlie reevaluating
ChatterBot Bravo reevaluating
ChatterBot Yankee reevaluating
ChatterBot November reevaluating
ChatterBot Mike reevaluating
ChatterBot Charlie reevaluating
ChatterBot Bravo reevaluating
ChatterBot Yankee reevaluating
ChatterBot November reevaluating
ChatterBot Hotel reevaluating
ChatterBot Charlie reevaluating
ChatterBot Bravo reevaluating
ChatterBot Yankee reevaluating
ChatterBot November reevaluating
ChatterBot Hotel reevaluating
ChatterBot Mike reevaluating
ChatterBot Bravo reevaluating
ChatterBot Yankee reevaluating
ChatterBot November reevaluating
ChatterBot Hotel reevaluating
ChatterBot Mike reevaluating
ChatterBot Charlie reevaluating
2024-10-15 00:48:24.734863 India: Group up?
ChatterBot Sierra reevaluating
2024-10-15 00:48:24.745873 Sierra: Yes
2024-10-15 00:48:24.746574 X-ray: Yes
ChatterBot Sierra reevaluating
2024-10-15 00:48:24.791939 X-ray: India we want you to join our group
2024-10-15 00:48:24.798325 India: Yes
ChatterBot Sierra reevaluating
2024-10-15 00:48:25.092464 Lima: Charlie, Yankee, Bravo, Mike and November, sending you 2
2024-10-15 00:48:25.092863 India: Sending you each 2
2024-10-15 00:48:25.093823 November: Lima, Charlie, Yankee and Hotel, sending you 1
2024-10-15 00:48:25.094232 Bravo: Yankee, sending you 2
2024-10-15 00:48:25.094522 Charlie: Lima, sending you 3
2024-10-15 00:48:25.095322 X-ray: Sending you each 2
2024-10-15 00:48:25.095529 Mike: Yankee, Bravo and November, sending you 4
2024-10-15 00:48:25.095757 Yankee: Lima and November, sending you 1
2024-10-15 00:48:25.096028 Hotel: Lima and Charlie, sending you 2
chatterbot Lima submitting transactions
2024-10-15 00:48:25.096481 Lima: Hotel, sending you 1
2024-10-15 00:48:25.097232 November: Bravo and Mike, sending you 2
2024-10-15 00:48:25.125472 Charlie: Yankee, Bravo, Hotel, Mike and November, sending you 1
2024-10-15 00:48:25.125898 Bravo: Mike, sending you 4
2024-10-15 00:48:25.126626 Yankee: Bravo, sending you 2
2024-10-15 00:48:25.126976 Sierra: Sending you 5
2024-10-15 00:48:25.127181 Hotel: Yankee, Bravo, Mike and November, sending you 1
2024-10-15 00:48:25.137413 Bravo: November, sending you 5
2024-10-15 00:48:25.138347 Yankee: Mike, sending you 3
chatterbot November submitting transactions
chatterbot Charlie submitting transactions
chatterbot Hotel submitting transactions
chatterbot Sierra submitting transactions
chatterbot X-ray submitting transactions
chatterbot Yankee submitting transactions
chatterbot India submitting transactions
chatterbot Mike submitting transactions
chatterbot Bravo submitting transactions
ChatterBot Lima round 3
ChatterBot Charlie round 3
ChatterBot Yankee round 3
ChatterBot Bravo round 3
ChatterBot Hotel round 3
ChatterBot Mike round 3
ChatterBot November round 3
ChatterBot Sierra round 3
ChatterBot X-ray round 3
ChatterBot India round 3
2024-10-15 00:48:26.587807 Sierra: We should add X-ray
ChatterBot India reevaluating
2024-10-15 00:48:26.593653 India: Yes
2024-10-15 00:48:26.610513 Sierra: X-ray we want you to join our group
2024-10-15 00:48:26.615543 X-ray: Yes
ChatterBot India reevaluating
2024-10-15 00:48:26.626558 Lima: Charlie, sending you 3
2024-10-15 00:48:26.627626 Charlie: Lima, sending you 3
2024-10-15 00:48:26.631677 Lima: Yankee, Bravo, Hotel and November, sending you 2
2024-10-15 00:48:26.632164 Charlie: Yankee, Bravo, Hotel, Mike and November, sending you 1
2024-10-15 00:48:26.632566 Mike: Lima and November, sending you 2
2024-10-15 00:48:26.633387 Hotel: Lima and Charlie, sending you 2
2024-10-15 00:48:26.633751 Yankee: Lima, Charlie, Bravo, Hotel and November, sending you 1
2024-10-15 00:48:26.634072 Bravo: Lima and Yankee, sending you 2
2024-10-15 00:48:26.634370 November: Lima, Charlie, Yankee, Hotel and Mike, sending you 1
2024-10-15 00:48:26.637698 Mike: Charlie and Hotel, sending you 1
2024-10-15 00:48:26.638726 Bravo: Hotel, sending you 1
2024-10-15 00:48:26.639155 November: Bravo, sending you 3
2024-10-15 00:48:26.639593 Hotel: Yankee, Bravo, Mike and November, sending you 1
2024-10-15 00:48:26.640677 Yankee: Mike, sending you 2
2024-10-15 00:48:26.641145 India: Same as last round
2024-10-15 00:48:26.641660 Sierra: X-ray, sending you 5
2024-10-15 00:48:26.643667 Mike: Yankee and Bravo, sending you 3
2024-10-15 00:48:26.644590 Bravo: Mike and November, sending you 3
2024-10-15 00:48:26.645041 X-ray: Same as last round
2024-10-15 00:48:26.645291 Sierra: India, sending you 4
chatterbot Charlie submitting transactions
chatterbot Yankee submitting transactions
chatterbot India submitting transactions
chatterbot Hotel submitting transactions
chatterbot X-ray submitting transactions
chatterbot Sierra submitting transactions
chatterbot November submitting transactions
chatterbot Mike submitting transactions
chatterbot Lima submitting transactions
chatterbot Bravo submitting transactions
ChatterBot Lima round 4
ChatterBot Charlie round 4
ChatterBot Yankee round 4
ChatterBot Bravo round 4
ChatterBot Hotel round 4
ChatterBot Mike round 4
ChatterBot November round 4
ChatterBot Sierra round 4
ChatterBot X-ray round 4
ChatterBot India round 4
2024-10-15 00:48:28.021718 India: We should add Hotel
2024-10-15 00:48:28.028400 Sierra: No
2024-10-15 00:48:28.029005 X-ray: No
ChatterBot India reevaluating
2024-10-15 00:48:28.064209 Lima: We should drop Hotel
2024-10-15 00:48:28.201419 Charlie: No
2024-10-15 00:48:28.202005 Yankee: No
2024-10-15 00:48:28.202435 Bravo: No
2024-10-15 00:48:28.203628 Mike: No
2024-10-15 00:48:28.203919 November: No
ChatterBot Lima reevaluating
ChatterBot Lima reevaluating
ChatterBot Lima reevaluating
ChatterBot Lima reevaluating
ChatterBot Lima reevaluating
2024-10-15 00:48:28.348380 India: We should add Charlie
2024-10-15 00:48:28.359797 Sierra: No
2024-10-15 00:48:28.360740 X-ray: No
ChatterBot India reevaluating
ChatterBot India reevaluating
2024-10-15 00:48:28.388165 India: We should add Mike
2024-10-15 00:48:28.400224 Sierra: No
2024-10-15 00:48:28.400702 X-ray: No
ChatterBot India reevaluating
ChatterBot India reevaluating
2024-10-15 00:48:28.420224 India: We should add Yankee
2024-10-15 00:48:28.427695 Sierra: No
2024-10-15 00:48:28.428434 X-ray: No
ChatterBot India reevaluating
ChatterBot India reevaluating
2024-10-15 00:48:28.443237 Bravo: Lima, sending you 2
2024-10-15 00:48:28.444658 Charlie: Lima, sending you 3
2024-10-15 00:48:28.445660 Hotel: Lima and Charlie, sending you 2
2024-10-15 00:48:28.446944 Mike: Lima, Charlie and Hotel, sending you 1
chatterbot Yankee submitting transactions
chatterbot Mike submitting transactions
2024-10-15 00:48:28.448367 X-ray: Same as last round
2024-10-15 00:48:28.449187 Sierra: X-ray, sending you 5
2024-10-15 00:48:28.450207 Yankee: Lima, Charlie, Bravo, Hotel and November, sending you 1
2024-10-15 00:48:28.451081 November: Lima, Charlie, Yankee and Hotel, sending you 1
2024-10-15 00:48:28.452595 Bravo: Charlie, Yankee and Hotel, sending you 1
2024-10-15 00:48:28.453834 Charlie: Yankee, Bravo, Hotel, Mike and November, sending you 1
2024-10-15 00:48:28.454403 Lima: Charlie, sending you 3
2024-10-15 00:48:28.455489 Hotel: Yankee, Bravo, Mike and November, sending you 1
2024-10-15 00:48:28.456220 India: Hotel we want you to join our group
2024-10-15 00:48:28.461172 Hotel: No
ChatterBot India reevaluating
2024-10-15 00:48:28.473056 Mike: Yankee, sending you 3
2024-10-15 00:48:28.475767 Sierra: India, sending you 4
2024-10-15 00:48:28.476464 Yankee: Mike, sending you 2
2024-10-15 00:48:28.478529 November: Bravo and Mike, sending you 2
2024-10-15 00:48:28.480781 Bravo: Mike and November, sending you 3
2024-10-15 00:48:28.482736 Lima: Yankee, Bravo, Hotel and Mike, sending you 2
2024-10-15 00:48:28.484716 Mike: Bravo, sending you 4
2024-10-15 00:48:28.491735 Mike: November, sending you 2
2024-10-15 00:48:28.514886 India: Hotel, Sierra and X-ray, sending you 2
chatterbot Bravo submitting transactions
chatterbot X-ray submitting transactions
chatterbot Lima submitting transactions
chatterbot November submitting transactions
chatterbot India submitting transactions
chatterbot Charlie submitting transactions
chatterbot Sierra submitting transactions
chatterbot Hotel submitting transactions
ChatterBot Lima round 5
ChatterBot Charlie round 5
ChatterBot Yankee round 5
ChatterBot Bravo round 5
ChatterBot Hotel round 5
ChatterBot Mike round 5
ChatterBot November round 5
ChatterBot Sierra round 5
ChatterBot X-ray round 5
ChatterBot India round 5
2024-10-15 00:48:29.405346 Lima: We should drop Yankee
2024-10-15 00:48:29.428122 Charlie: No
2024-10-15 00:48:29.428349 Hotel: No
2024-10-15 00:48:29.428517 Bravo: No
2024-10-15 00:48:29.429327 Mike: No
2024-10-15 00:48:29.429446 November: No
ChatterBot Lima reevaluating
ChatterBot Lima reevaluating
ChatterBot Lima reevaluating
ChatterBot Lima reevaluating
ChatterBot Lima reevaluating
2024-10-15 00:48:29.686817 India: We should replace Hotel with Yankee
2024-10-15 00:48:29.697534 Sierra: No
2024-10-15 00:48:29.698058 X-ray: No
ChatterBot India reevaluating
ChatterBot India reevaluating
2024-10-15 00:48:29.723241 India: We should replace Hotel with November
2024-10-15 00:48:29.736487 Sierra: No
2024-10-15 00:48:29.736827 X-ray: No
ChatterBot India reevaluating
ChatterBot India reevaluating
2024-10-15 00:48:29.763476 Yankee: Lima, Charlie, Bravo, Hotel and November, sending you 1
2024-10-15 00:48:29.764392 Bravo: Lima, sending you 2
2024-10-15 00:48:29.766934 Yankee: Mike, sending you 2
2024-10-15 00:48:29.769214 Hotel: Lima and Charlie, sending you 2
2024-10-15 00:48:29.770419 Charlie: Lima, sending you 3
2024-10-15 00:48:29.771874 Sierra: X-ray, sending you 5
2024-10-15 00:48:29.773201 November: Lima, Charlie, Yankee and Hotel, sending you 1
2024-10-15 00:48:29.775194 Bravo: Charlie, Yankee and Hotel, sending you 1
2024-10-15 00:48:29.776164 X-ray: Same as last round
2024-10-15 00:48:29.777350 Lima: Charlie, sending you 3
2024-10-15 00:48:29.778902 Mike: Lima and November, sending you 2
2024-10-15 00:48:29.780837 India: November we want you to join our group
2024-10-15 00:48:29.789478 November: No
ChatterBot India reevaluating
2024-10-15 00:48:29.810334 India: We should replace Hotel with Charlie
2024-10-15 00:48:29.820914 Sierra: No
2024-10-15 00:48:29.821342 X-ray: No
ChatterBot India reevaluating
ChatterBot India reevaluating
2024-10-15 00:48:29.845238 Hotel: Yankee, Bravo, Mike and November, sending you 1
2024-10-15 00:48:29.847286 Charlie: Yankee, Bravo, Hotel, Mike and November, sending you 1
2024-10-15 00:48:29.848748 Sierra: India, sending you 4
2024-10-15 00:48:29.850213 November: Bravo and Mike, sending you 2
2024-10-15 00:48:29.851260 Bravo: Mike and November, sending you 3
2024-10-15 00:48:29.853297 Lima: Yankee, Bravo, Hotel and November, sending you 2
2024-10-15 00:48:29.854173 Mike: Charlie and Hotel, sending you 1
2024-10-15 00:48:29.859727 Mike: Yankee and Bravo, sending you 3
chatterbot Yankee submitting transactions
2024-10-15 00:48:29.884688 India: Hotel, Sierra and X-ray, sending you 2
chatterbot Mike submitting transactions
chatterbot Lima submitting transactions
chatterbot Sierra submitting transactions
chatterbot Hotel submitting transactions
chatterbot Charlie submitting transactions
chatterbot Bravo submitting transactions
chatterbot X-ray submitting transactions
chatterbot November submitting transactions
chatterbot India submitting transactions
ChatterBot Lima round 6
ChatterBot Charlie round 6
ChatterBot Yankee round 6
ChatterBot Bravo round 6
ChatterBot Hotel round 6
ChatterBot Mike round 6
ChatterBot November round 6
ChatterBot Sierra round 6
ChatterBot X-ray round 6
ChatterBot India round 6
2024-10-15 00:48:30.978720 Lima: Charlie, Yankee, Bravo, Hotel and Mike, sending you 2
2024-10-15 00:48:30.980660 Charlie: Lima, sending you 3
2024-10-15 00:48:30.983648 Mike: Lima, Charlie and Hotel, sending you 1
2024-10-15 00:48:30.984222 Lima: November, sending you 1
2024-10-15 00:48:30.985665 Charlie: Yankee, Bravo, Hotel, Mike and November, sending you 1
2024-10-15 00:48:30.986523 November: Lima, Charlie, Yankee and Hotel, sending you 1
2024-10-15 00:48:30.988683 Mike: Yankee, sending you 3
2024-10-15 00:48:30.989667 November: Bravo and Mike, sending you 2
2024-10-15 00:48:30.990690 X-ray: Sierra, sending you 1
2024-10-15 00:48:30.991690 Hotel: Lima and Charlie, sending you 2
2024-10-15 00:48:30.992326 Yankee: Lima, Charlie, Bravo, Hotel and November, sending you 1
2024-10-15 00:48:30.992968 Mike: Bravo, sending you 4
2024-10-15 00:48:30.993672 India: Hotel, Sierra and X-ray, sending you 2
2024-10-15 00:48:30.995188 X-ray: India, sending you 2
2024-10-15 00:48:30.995663 Yankee: Mike, sending you 2
2024-10-15 00:48:30.996685 Hotel: Yankee, Bravo, Mike and November, sending you 1
2024-10-15 00:48:30.997682 Mike: November, sending you 2
2024-10-15 00:48:30.999673 Bravo: Lima and November, sending you 2
2024-10-15 00:48:31.001685 Sierra: X-ray, sending you 5
2024-10-15 00:48:31.002682 Bravo: Charlie, Yankee and Hotel, sending you 1
2024-10-15 00:48:31.005658 Sierra: India, sending you 4
2024-10-15 00:48:31.007668 Bravo: Mike, sending you 4
chatterbot Bravo submitting transactions
chatterbot Mike submitting transactions
chatterbot Hotel submitting transactions
chatterbot Charlie submitting transactions
chatterbot X-ray submitting transactions
chatterbot Lima submitting transactions
chatterbot Sierra submitting transactions
chatterbot November submitting transactions
chatterbot Yankee submitting transactions
chatterbot India submitting transactions
ChatterBot Lima round 7
ChatterBot Charlie round 7
ChatterBot Yankee round 7
ChatterBot Bravo round 7
ChatterBot Hotel round 7
ChatterBot Mike round 7
ChatterBot November round 7
ChatterBot Sierra round 7
ChatterBot X-ray round 7
ChatterBot India round 7
2024-10-15 00:48:32.183391 Lima: We should drop Yankee
2024-10-15 00:48:32.199743 Charlie: No
2024-10-15 00:48:32.200394 Hotel: No
2024-10-15 00:48:32.200528 Bravo: No
2024-10-15 00:48:32.200655 Mike: No
2024-10-15 00:48:32.200811 November: No
ChatterBot Lima reevaluating
ChatterBot Lima reevaluating
ChatterBot November reevaluating
ChatterBot Lima reevaluating
ChatterBot November reevaluating
ChatterBot Lima reevaluating
ChatterBot November reevaluating
ChatterBot Lima reevaluating
2024-10-15 00:48:32.295104 Lima: We should drop November
2024-10-15 00:48:32.308288 Charlie: No
2024-10-15 00:48:32.308438 Hotel: No
2024-10-15 00:48:32.308539 Yankee: No
2024-10-15 00:48:32.308640 Bravo: No
2024-10-15 00:48:32.308752 Mike: No
ChatterBot Lima reevaluating
ChatterBot Lima reevaluating
ChatterBot Lima reevaluating
ChatterBot Lima reevaluating
ChatterBot Lima reevaluating
2024-10-15 00:48:32.385926 Charlie: Lima and Hotel, sending you 2
2024-10-15 00:48:32.386838 Mike: Lima, Charlie and Hotel, sending you 1
2024-10-15 00:48:32.387535 Bravo: Lima and November, sending you 2
2024-10-15 00:48:32.389665 X-ray: Sierra, sending you 1
2024-10-15 00:48:32.390694 Charlie: Yankee, Bravo, Mike and November, sending you 1
2024-10-15 00:48:32.391410 November: Lima, Charlie, Yankee and Hotel, sending you 1
2024-10-15 00:48:32.392034 Sierra: X-ray, sending you 5
2024-10-15 00:48:32.392338 Mike: Yankee and November, sending you 2
2024-10-15 00:48:32.392927 Bravo: Charlie, Yankee and Hotel, sending you 1
2024-10-15 00:48:32.393480 Yankee: Lima, Charlie, Bravo, Hotel and November, sending you 1
2024-10-15 00:48:32.394098 Hotel: Lima and Charlie, sending you 2
2024-10-15 00:48:32.394662 India: Hotel, Sierra and X-ray, sending you 2
2024-10-15 00:48:32.394965 X-ray: India, sending you 2
2024-10-15 00:48:32.395765 November: Bravo and Mike, sending you 2
2024-10-15 00:48:32.396676 Sierra: India, sending you 4
2024-10-15 00:48:32.396967 Mike: Bravo, sending you 5
2024-10-15 00:48:32.397554 Yankee: Mike, sending you 2
2024-10-15 00:48:32.398125 Bravo: Mike, sending you 4
2024-10-15 00:48:32.398672 Hotel: Yankee, Bravo, Mike and November, sending you 1
2024-10-15 00:48:32.402689 Lima: Charlie, Yankee, Bravo, Hotel and Mike, sending you 2
2024-10-15 00:48:32.405676 Lima: November, sending you 1
chatterbot Hotel submitting transactions
chatterbot Yankee submitting transactions
chatterbot Sierra submitting transactions
chatterbot Mike submitting transactions
chatterbot Charlie submitting transactions
chatterbot Lima submitting transactions
chatterbot X-ray submitting transactions
chatterbot Bravo submitting transactions
chatterbot India submitting transactions
chatterbot November submitting transactions
ChatterBot Lima round 8
ChatterBot Charlie round 8
ChatterBot Yankee round 8
ChatterBot Bravo round 8
ChatterBot Hotel round 8
ChatterBot Mike round 8
ChatterBot November round 8
ChatterBot Sierra round 8
ChatterBot X-ray round 8
ChatterBot India round 8
2024-10-15 00:48:33.346852 India: We should replace Hotel with Bravo
2024-10-15 00:48:33.357569 Sierra: No
2024-10-15 00:48:33.357986 X-ray: No
ChatterBot India reevaluating
ChatterBot India reevaluating
2024-10-15 00:48:33.379982 Charlie: Lima and Hotel, sending you 2
2024-10-15 00:48:33.386235 Charlie: Yankee, Bravo, Mike and November, sending you 1
2024-10-15 00:48:33.388674 Hotel: Lima and Charlie, sending you 2
2024-10-15 00:48:33.391077 Sierra: X-ray, sending you 4
2024-10-15 00:48:33.391722 Mike: Lima, Yankee and November, sending you 2
2024-10-15 00:48:33.393648 Yankee: Lima, Charlie, Bravo, Hotel and November, sending you 1
2024-10-15 00:48:33.395548 X-ray: Sierra, sending you 1
2024-10-15 00:48:33.396231 Hotel: Yankee, Bravo, Mike and November, sending you 1
2024-10-15 00:48:33.397948 Lima: Charlie, Yankee, Bravo, Hotel and Mike, sending you 2
2024-10-15 00:48:33.399715 Sierra: India, sending you 5
2024-10-15 00:48:33.400388 Mike: Charlie and Hotel, sending you 1
2024-10-15 00:48:33.402097 November: Lima, Charlie, Yankee and Hotel, sending you 1
2024-10-15 00:48:33.404074 Yankee: Mike, sending you 2
2024-10-15 00:48:33.405215 X-ray: India, sending you 2
2024-10-15 00:48:33.406529 Bravo: Lima and November, sending you 2
2024-10-15 00:48:33.408752 Lima: November, sending you 1
2024-10-15 00:48:33.410597 India: Hotel and X-ray, sending you 2
2024-10-15 00:48:33.411268 Mike: Bravo, sending you 4
2024-10-15 00:48:33.413277 November: Bravo and Mike, sending you 2
2024-10-15 00:48:33.415141 Bravo: Charlie, Yankee and Hotel, sending you 1
2024-10-15 00:48:33.417045 India: Sierra, sending you 1
2024-10-15 00:48:33.419658 Bravo: Mike, sending you 4
chatterbot Charlie submitting transactions
chatterbot X-ray submitting transactions
chatterbot Bravo submitting transactions
chatterbot Sierra submitting transactions
chatterbot November submitting transactions
chatterbot Lima submitting transactions
chatterbot Yankee submitting transactions
chatterbot Mike submitting transactions
chatterbot Hotel submitting transactions
chatterbot India submitting transactions
ChatterBot Lima round 9
ChatterBot Charlie round 9
ChatterBot Yankee round 9
ChatterBot Bravo round 9
ChatterBot Hotel round 9
ChatterBot Mike round 9
ChatterBot November round 9
ChatterBot Sierra round 9
ChatterBot X-ray round 9
ChatterBot India round 9
2024-10-15 00:48:34.655451 India: We should replace Hotel with Charlie
2024-10-15 00:48:34.663737 Sierra: No
2024-10-15 00:48:34.664339 X-ray: No
ChatterBot India reevaluating
2024-10-15 00:48:34.686174 India: We should replace Hotel with November
2024-10-15 00:48:34.694132 Sierra: No
2024-10-15 00:48:34.694302 X-ray: No
ChatterBot India reevaluating
ChatterBot India reevaluating
2024-10-15 00:48:34.711991 Lima: Charlie, Yankee, Bravo, Hotel and Mike, sending you 2
2024-10-15 00:48:34.713556 Yankee: Lima, Charlie, Bravo, Hotel and November, sending you 1
2024-10-15 00:48:34.714477 Bravo: Lima and November, sending you 2
2024-10-15 00:48:34.715410 November: Lima, Charlie, Yankee and Hotel, sending you 1
2024-10-15 00:48:34.716343 Hotel: Lima and Charlie, sending you 2
2024-10-15 00:48:34.717878 Lima: November, sending you 1
2024-10-15 00:48:34.718787 Yankee: Mike, sending you 2
2024-10-15 00:48:34.719680 Bravo: Charlie, Yankee and Hotel, sending you 1
2024-10-15 00:48:34.720762 November: Bravo and Mike, sending you 2
2024-10-15 00:48:34.722120 Hotel: Yankee, Bravo, Mike and November, sending you 1
2024-10-15 00:48:34.723049 Charlie: Lima and Hotel, sending you 2
2024-10-15 00:48:34.723843 Sierra: X-ray, sending you 4
2024-10-15 00:48:34.724136 Mike: Lima, Yankee and November, sending you 2
2024-10-15 00:48:34.724701 Bravo: Mike, sending you 4
2024-10-15 00:48:34.726758 India: Charlie we want you to join our group
2024-10-15 00:48:34.730765 Charlie: No
ChatterBot India reevaluating
2024-10-15 00:48:34.739710 Sierra: India, sending you 5
2024-10-15 00:48:34.740498 Mike: Charlie and Hotel, sending you 1
2024-10-15 00:48:34.741200 Charlie: Yankee, Bravo, Mike and November, sending you 1
2024-10-15 00:48:34.743660 Mike: Bravo, sending you 4
2024-10-15 00:48:34.745050 X-ray: Sierra, sending you 1
2024-10-15 00:48:34.745665 India: November we want you to join our group
2024-10-15 00:48:34.750060 November: No
ChatterBot India reevaluating
2024-10-15 00:48:34.758900 X-ray: India, sending you 2
2024-10-15 00:48:34.786678 India: Charlie and X-ray, sending you 2
2024-10-15 00:48:34.791666 India: Sierra, sending you 1
chatterbot Sierra submitting transactions
chatterbot Yankee submitting transactions
chatterbot Hotel submitting transactions
chatterbot Charlie submitting transactions
chatterbot India submitting transactions
chatterbot Bravo submitting transactions
chatterbot X-ray submitting transactions
chatterbot Lima submitting transactions
chatterbot Mike submitting transactions
chatterbot November submitting transactions
ChatterBot Lima round 10
ChatterBot Charlie round 10
ChatterBot Yankee round 10
ChatterBot Bravo round 10
ChatterBot Hotel round 10
ChatterBot Mike round 10
ChatterBot November round 10
ChatterBot Sierra round 10
ChatterBot X-ray round 10
ChatterBot India round 10
2024-10-15 00:48:35.873709 India: We should replace Charlie with Yankee
2024-10-15 00:48:35.878866 Sierra: No
2024-10-15 00:48:35.879019 X-ray: No
ChatterBot India reevaluating
ChatterBot India reevaluating
2024-10-15 00:48:35.889932 Lima: We should drop Yankee
2024-10-15 00:48:35.905888 Charlie: No
2024-10-15 00:48:35.906050 Hotel: No
2024-10-15 00:48:35.906159 Bravo: No
2024-10-15 00:48:35.906274 Mike: No
2024-10-15 00:48:35.906373 November: No
ChatterBot Lima reevaluating
ChatterBot Lima reevaluating
ChatterBot Lima reevaluating
ChatterBot November reevaluating
ChatterBot Lima reevaluating
ChatterBot November reevaluating
ChatterBot Lima reevaluating
2024-10-15 00:48:36.001730 India: We should replace Charlie with November
2024-10-15 00:48:36.009187 Sierra: No
2024-10-15 00:48:36.009940 X-ray: No
ChatterBot India reevaluating
ChatterBot India reevaluating
2024-10-15 00:48:36.025550 Yankee: Lima, Charlie, Bravo, Hotel and November, sending you 1
2024-10-15 00:48:36.027013 November: We should drop Lima
2024-10-15 00:48:36.047285 Charlie: No
2024-10-15 00:48:36.047449 Hotel: No
2024-10-15 00:48:36.047592 Yankee: No
2024-10-15 00:48:36.047717 Bravo: No
2024-10-15 00:48:36.047862 Mike: No
ChatterBot November reevaluating
ChatterBot November reevaluating
ChatterBot November reevaluating
ChatterBot November reevaluating
ChatterBot November reevaluating
2024-10-15 00:48:36.123698 Charlie: Lima and Hotel, sending you 2
2024-10-15 00:48:36.125045 Mike: Lima, Yankee and November, sending you 2
2024-10-15 00:48:36.125792 Yankee: Mike, sending you 2
2024-10-15 00:48:36.127004 Hotel: Lima and Charlie, sending you 2
2024-10-15 00:48:36.127672 Sierra: X-ray, sending you 5
2024-10-15 00:48:36.128051 X-ray: Sierra, sending you 1
2024-10-15 00:48:36.128365 Bravo: Lima and November, sending you 2
2024-10-15 00:48:36.129803 India: Yankee we want you to join our group
2024-10-15 00:48:36.134639 Yankee: No
ChatterBot India reevaluating
2024-10-15 00:48:36.145593 Charlie: Yankee, Bravo, Mike and November, sending you 1
2024-10-15 00:48:36.146507 Mike: Charlie and Hotel, sending you 1
2024-10-15 00:48:36.147933 Hotel: Yankee, Bravo, Mike and November, sending you 1
2024-10-15 00:48:36.148889 Sierra: India, sending you 4
2024-10-15 00:48:36.149357 X-ray: India, sending you 2
2024-10-15 00:48:36.150187 Bravo: Charlie, Yankee and Hotel, sending you 1
2024-10-15 00:48:36.152659 Mike: Bravo, sending you 4
2024-10-15 00:48:36.154170 Lima: Charlie, Yankee, Bravo, Hotel and Mike, sending you 2
2024-10-15 00:48:36.155092 Bravo: Mike, sending you 4
2024-10-15 00:48:36.160205 Lima: November, sending you 1
2024-10-15 00:48:36.171662 November: Lima, Charlie, Yankee and Hotel, sending you 1
2024-10-15 00:48:36.174676 India: Charlie and X-ray, sending you 2
2024-10-15 00:48:36.176674 November: Bravo and Mike, sending you 2
2024-10-15 00:48:36.178669 India: Sierra, sending you 1
chatterbot Mike submitting transactions
chatterbot Lima submitting transactions
chatterbot Sierra submitting transactions
chatterbot India submitting transactions
chatterbot Hotel submitting transactions
chatterbot Charlie submitting transactions
chatterbot Yankee submitting transactions
chatterbot X-ray submitting transactions
chatterbot Bravo submitting transactions
chatterbot November submitting transactions
ChatterBot Lima round 11
ChatterBot Charlie round 11
ChatterBot Yankee round 11
ChatterBot Bravo round 11
ChatterBot Hotel round 11
ChatterBot Mike round 11
ChatterBot November round 11
ChatterBot Sierra round 11
ChatterBot X-ray round 11
ChatterBot India round 11
2024-10-15 00:48:37.367702 Lima: We should drop Yankee
2024-10-15 00:48:37.402668 Charlie: No
2024-10-15 00:48:37.402989 Hotel: No
2024-10-15 00:48:37.403146 Bravo: No
2024-10-15 00:48:37.403287 Mike: No
2024-10-15 00:48:37.403404 November: No
ChatterBot Lima reevaluating
ChatterBot Lima reevaluating
ChatterBot Lima reevaluating
ChatterBot Lima reevaluating
ChatterBot Lima reevaluating
2024-10-15 00:48:37.540460 Lima: We should drop November
2024-10-15 00:48:37.559490 Charlie: No
2024-10-15 00:48:37.559708 Hotel: No
2024-10-15 00:48:37.559844 Yankee: No
2024-10-15 00:48:37.559965 Bravo: No
2024-10-15 00:48:37.560102 Mike: No
ChatterBot Lima reevaluating
ChatterBot Lima reevaluating
ChatterBot Lima reevaluating
ChatterBot Lima reevaluating
ChatterBot Lima reevaluating
2024-10-15 00:48:37.651254 Yankee: Lima, Charlie, Bravo, Hotel and November, sending you 1
2024-10-15 00:48:37.652660 X-ray: Sierra, sending you 1
2024-10-15 00:48:37.655675 Hotel: Lima and Charlie, sending you 2
2024-10-15 00:48:37.657546 Bravo: Lima and November, sending you 2
2024-10-15 00:48:37.658700 India: Charlie and X-ray, sending you 2
2024-10-15 00:48:37.659108 Sierra: X-ray, sending you 5
2024-10-15 00:48:37.659476 November: Lima, Charlie, Yankee and Hotel, sending you 1
2024-10-15 00:48:37.661145 Charlie: Lima and Hotel, sending you 2
2024-10-15 00:48:37.662321 Mike: Lima, Yankee and November, sending you 2
2024-10-15 00:48:37.663727 Yankee: Mike, sending you 2
2024-10-15 00:48:37.664648 X-ray: India, sending you 2
2024-10-15 00:48:37.665274 Hotel: Yankee, Bravo, Mike and November, sending you 1
2024-10-15 00:48:37.666748 Sierra: India, sending you 4
2024-10-15 00:48:37.667177 Bravo: Charlie, Yankee and Hotel, sending you 1
2024-10-15 00:48:37.668111 India: Sierra, sending you 1
2024-10-15 00:48:37.668432 November: Bravo and Mike, sending you 2
2024-10-15 00:48:37.670074 Charlie: Yankee, Bravo, Mike and November, sending you 1
2024-10-15 00:48:37.670939 Mike: Charlie and Hotel, sending you 1
2024-10-15 00:48:37.672576 Bravo: Mike, sending you 4
2024-10-15 00:48:37.674721 Mike: Bravo, sending you 4
2024-10-15 00:48:37.703683 Lima: Charlie, sending you 3
2024-10-15 00:48:37.710676 Lima: Bravo, Hotel, Mike and November, sending you 2
chatterbot X-ray submitting transactions
chatterbot Yankee submitting transactions
chatterbot India submitting transactions
chatterbot Bravo submitting transactions
chatterbot Charlie submitting transactions
chatterbot Mike submitting transactions
chatterbot Hotel submitting transactions
chatterbot November submitting transactions
chatterbot Sierra submitting transactions
chatterbot Lima submitting transactions
ChatterBot Lima round 12
ChatterBot Charlie round 12
ChatterBot Yankee round 12
ChatterBot Bravo round 12
ChatterBot Hotel round 12
ChatterBot Mike round 12
ChatterBot November round 12
ChatterBot Sierra round 12
ChatterBot X-ray round 12
ChatterBot India round 12
2024-10-15 00:48:38.883149 Lima: We should add Yankee
2024-10-15 00:48:38.917993 Charlie: Yes
2024-10-15 00:48:38.918763 Hotel: Yes
2024-10-15 00:48:38.919112 Bravo: Yes
2024-10-15 00:48:38.919496 Mike: Yes
2024-10-15 00:48:38.919921 November: Yes
ChatterBot Lima reevaluating
ChatterBot Lima reevaluating
ChatterBot Lima reevaluating
ChatterBot Lima reevaluating
ChatterBot Lima reevaluating
2024-10-15 00:48:39.110948 India: We should replace Charlie with Yankee
2024-10-15 00:48:39.118535 Sierra: No
2024-10-15 00:48:39.118732 X-ray: No
ChatterBot India reevaluating
2024-10-15 00:48:39.133948 India: We should replace Charlie with Lima
2024-10-15 00:48:39.142199 Sierra: No
2024-10-15 00:48:39.142379 X-ray: No
ChatterBot India reevaluating
ChatterBot India reevaluating
2024-10-15 00:48:39.159336 Lima: Yankee we want you to join our group
2024-10-15 00:48:39.165011 Yankee: Yes
ChatterBot Lima reevaluating
2024-10-15 00:48:39.191493 Lima: We should replace November with Yankee
2024-10-15 00:48:39.209588 Charlie: No
2024-10-15 00:48:39.209765 Hotel: No
2024-10-15 00:48:39.209900 Bravo: No
2024-10-15 00:48:39.210018 Mike: No
ChatterBot Lima reevaluating
ChatterBot Lima reevaluating
ChatterBot Charlie reevaluating
ChatterBot Lima reevaluating
ChatterBot Charlie reevaluating
ChatterBot Lima reevaluating
ChatterBot Charlie reevaluating
chatterbot Mike submitting transactions
2024-10-15 00:48:39.288177 X-ray: Sierra, sending you 1
2024-10-15 00:48:39.288943 Yankee: Lima, Charlie, Bravo, Hotel and November, sending you 1
2024-10-15 00:48:39.292231 Hotel: Lima and Charlie, sending you 2
2024-10-15 00:48:39.294608 Bravo: Lima and November, sending you 2
2024-10-15 00:48:39.295918 November: Lima, Charlie, Yankee and Hotel, sending you 1
2024-10-15 00:48:39.297655 Sierra: X-ray, sending you 5
2024-10-15 00:48:39.298016 Mike: Lima, Yankee and November, sending you 2
2024-10-15 00:48:39.299585 X-ray: India, sending you 2
2024-10-15 00:48:39.300194 Yankee: Mike, sending you 2
2024-10-15 00:48:39.302564 Hotel: Yankee, Bravo, Mike and November, sending you 1
2024-10-15 00:48:39.304424 Bravo: Charlie, Yankee and Hotel, sending you 1
2024-10-15 00:48:39.306359 Mike: Charlie and Hotel, sending you 1
2024-10-15 00:48:39.308261 November: Bravo and Mike, sending you 2
2024-10-15 00:48:39.309915 Sierra: India, sending you 4
2024-10-15 00:48:39.310696 Bravo: Mike, sending you 4
2024-10-15 00:48:39.313022 Mike: Bravo, sending you 4
2024-10-15 00:48:39.314420 India: Charlie and X-ray, sending you 2
2024-10-15 00:48:39.317670 India: Sierra, sending you 1
2024-10-15 00:48:39.322820 Lima: Charlie, Yankee, Bravo, Hotel and Mike, sending you 2
2024-10-15 00:48:39.326811 Lima: November, sending you 1
chatterbot Sierra submitting transactions
chatterbot Hotel submitting transactions
chatterbot November submitting transactions
chatterbot Bravo submitting transactions
chatterbot Charlie submitting transactions
chatterbot India submitting transactions
chatterbot Lima submitting transactions
chatterbot X-ray submitting transactions
chatterbot Yankee submitting transactions
ChatterBot Lima round 13
ChatterBot Charlie round 13
ChatterBot Yankee round 13
ChatterBot Bravo round 13
ChatterBot Hotel round 13
ChatterBot Mike round 13
ChatterBot November round 13
ChatterBot Sierra round 13
ChatterBot X-ray round 13
ChatterBot India round 13
2024-10-15 00:48:40.460461 Lima: We should drop November
ChatterBot Charlie reevaluating
2024-10-15 00:48:40.485752 Charlie: No
2024-10-15 00:48:40.486482 Hotel: No
2024-10-15 00:48:40.486740 Yankee: No
2024-10-15 00:48:40.486932 Bravo: No
2024-10-15 00:48:40.487111 Mike: No
ChatterBot Lima reevaluating
ChatterBot Lima reevaluating
ChatterBot Charlie reevaluating
ChatterBot Lima reevaluating
ChatterBot Charlie reevaluating
ChatterBot Lima reevaluating
ChatterBot Charlie reevaluating
ChatterBot Lima reevaluating
ChatterBot Charlie reevaluating
chatterbot Charlie submitting transactions
2024-10-15 00:48:40.661689 Bravo: Lima and November, sending you 2
2024-10-15 00:48:40.666184 Hotel: Lima and Charlie, sending you 2
2024-10-15 00:48:40.669869 Bravo: Charlie, Yankee and Hotel, sending you 1
2024-10-15 00:48:40.674686 Hotel: Yankee, Bravo, Mike and November, sending you 1
2024-10-15 00:48:40.677004 Yankee: Lima, Charlie, Bravo, Hotel and November, sending you 1
2024-10-15 00:48:40.679320 November: Lima, Charlie, Yankee and Hotel, sending you 1
2024-10-15 00:48:40.681705 Sierra: X-ray, sending you 5
2024-10-15 00:48:40.683245 Bravo: Mike, sending you 4
2024-10-15 00:48:40.685261 Mike: Lima, Yankee and November, sending you 2
2024-10-15 00:48:40.687164 Yankee: Mike, sending you 2
2024-10-15 00:48:40.689561 November: Bravo and Mike, sending you 2
2024-10-15 00:48:40.692145 Sierra: India, sending you 4
2024-10-15 00:48:40.693661 X-ray: Sierra, sending you 1
2024-10-15 00:48:40.694641 Mike: Charlie and Hotel, sending you 1
2024-10-15 00:48:40.697940 India: Charlie and X-ray, sending you 2
2024-10-15 00:48:40.698867 X-ray: India, sending you 2
2024-10-15 00:48:40.700207 Lima: Charlie, sending you 3
2024-10-15 00:48:40.701224 Mike: Bravo, sending you 4
2024-10-15 00:48:40.704338 India: Sierra, sending you 1
2024-10-15 00:48:40.705452 Lima: Yankee, Bravo, Hotel and Mike, sending you 2
chatterbot Mike submitting transactions
chatterbot Bravo submitting transactions
chatterbot Hotel submitting transactions
chatterbot X-ray submitting transactions
chatterbot November submitting transactions
chatterbot Charlie submitting transactions
chatterbot Yankee submitting transactions
chatterbot Lima submitting transactions
chatterbot India submitting transactions
chatterbot Sierra submitting transactions
ChatterBot Lima round 14
ChatterBot Charlie round 14
ChatterBot Yankee round 14
ChatterBot Bravo round 14
ChatterBot Hotel round 14
ChatterBot Mike round 14
ChatterBot November round 14
ChatterBot Sierra round 14
