ChatterBot Zulu round 1
ChatterBot Quebec round 1
ChatterBot Mike round 1
ChatterBot Charlie round 1
ChatterBot Golf round 1
ChatterBot Juliett round 1
ChatterBot Yankee round 1
ChatterBot November round 1
ChatterBot Echo round 1
ChatterBot Foxtrot round 1
randomSelections Quebec: {Quebec} 
randomSelections Zulu: {Zulu} 
randomSelections November: {November, Charlie, Quebec} 
2024-10-15 00:48:22.312550 November: Can we be friends?
ChatterBot Charlie reevaluating
2024-10-15 00:48:22.319298 Charlie: Yes
2024-10-15 00:48:22.319474 Quebec: No
ChatterBot Charlie reevaluating
randomSelections Mike: {Mike, Yankee, Juliett, Zulu, Quebec, November, Foxtrot, Echo} 
2024-10-15 00:48:22.327414 Mike: Friends?
ChatterBot Yankee reevaluating
ChatterBot Juliett reevaluating
ChatterBot Foxtrot reevaluating
ChatterBot Echo reevaluating
2024-10-15 00:48:22.342747 Yankee: Yes
2024-10-15 00:48:22.342960 Juliett: Yes
2024-10-15 00:48:22.343892 Zulu: No
2024-10-15 00:48:22.344154 Quebec: No
2024-10-15 00:48:22.344426 November: No
2024-10-15 00:48:22.344906 Foxtrot: Yes
2024-10-15 00:48:22.345980 Echo: Yes
ChatterBot Juliett reevaluating
ChatterBot Foxtrot reevaluating
ChatterBot Echo reevaluating
ChatterBot Yankee reevaluating
ChatterBot Foxtrot reevaluating
ChatterBot Echo reevaluating
ChatterBot Yankee reevaluating
ChatterBot Juliett reevaluating
ChatterBot Foxtrot reevaluating
ChatterBot Echo reevaluating
ChatterBot Yankee reevaluating
ChatterBot Juliett reevaluating
ChatterBot Foxtrot reevaluating
ChatterBot Echo reevaluating
ChatterBot Yankee reevaluating
ChatterBot Juliett reevaluating
ChatterBot Foxtrot reevaluating
ChatterBot Echo reevaluating
ChatterBot Yankee reevaluating
ChatterBot Juliett reevaluating
ChatterBot Echo reevaluating
ChatterBot Yankee reevaluating
ChatterBot Juliett reevaluating
ChatterBot Foxtrot reevaluating
randomSelections Golf: {Golf, Mike, Quebec, Juliett, Charlie, November, Zulu} 
2024-10-15 00:48:22.454351 Golf: We should group up
ChatterBot Juliett reevaluating
ChatterBot Charlie reevaluating
2024-10-15 00:48:22.469792 Mike: No
2024-10-15 00:48:22.470027 Quebec: No
2024-10-15 00:48:22.471074 Juliett: No
2024-10-15 00:48:22.471266 Charlie: No
2024-10-15 00:48:22.471439 November: No
2024-10-15 00:48:22.471651 Zulu: No
ChatterBot Juliett reevaluating
ChatterBot Charlie reevaluating
ChatterBot Juliett reevaluating
ChatterBot Charlie reevaluating
ChatterBot Charlie reevaluating
ChatterBot Juliett reevaluating
ChatterBot Juliett reevaluating
ChatterBot Charlie reevaluating
ChatterBot Juliett reevaluating
ChatterBot Charlie reevaluating
2024-10-15 00:48:22.585844 Echo: Zulu, sending you 4
2024-10-15 00:48:22.589193 Echo: Quebec, sending you 3
2024-10-15 00:48:22.591265 Mike: Zulu, Quebec, Yankee, November and Foxtrot, sending you 2
2024-10-15 00:48:22.593073 Golf: Zulu and November, sending you 1
2024-10-15 00:48:22.593585 Foxtrot: Zulu and Juliett, sending you 3
2024-10-15 00:48:22.597192 Charlie: Quebec, sending you 5
2024-10-15 00:48:22.597899 Echo: Mike and Foxtrot, sending you 1
2024-10-15 00:48:22.598374 November: Quebec, sending you 4
2024-10-15 00:48:22.598708 Juliett: Quebec, sending you 1
2024-10-15 00:48:22.599261 Mike: Echo, sending you 1
2024-10-15 00:48:22.601053 Golf: Quebec, sending you 3
2024-10-15 00:48:22.601500 Foxtrot: Quebec, Mike, Yankee, November and Echo, sending you 1
2024-10-15 00:48:22.602015 Echo: Juliett and Yankee, sending you 2
2024-10-15 00:48:22.605970 Charlie: November, sending you 6
2024-10-15 00:48:22.606323 November: Charlie, sending you 7
2024-10-15 00:48:22.606700 Juliett: Mike and Echo, sending you 2
2024-10-15 00:48:22.607200 Yankee: Zulu and Mike, sending you 2
2024-10-15 00:48:22.608776 Golf: Mike, sending you 2
2024-10-15 00:48:22.747226 Juliett: November and Foxtrot, sending you 4
2024-10-15 00:48:22.749135 Yankee: Quebec and Foxtrot, sending you 1
chatterbot Mike submitting transactions
2024-10-15 00:48:22.753324 Yankee: November, sending you 3
chatterbot Quebec submitting transactions
chatterbot Zulu submitting transactions
chatterbot Echo submitting transactions
chatterbot Foxtrot submitting transactions
chatterbot Yankee submitting transactions
chatterbot Juliett submitting transactions
chatterbot November submitting transactions
chatterbot Golf submitting transactions
chatterbot Charlie submitting transactions
ChatterBot Zulu round 2
ChatterBot Quebec round 2
ChatterBot Mike round 2
ChatterBot Charlie round 2
ChatterBot Golf round 2
ChatterBot Juliett round 2
ChatterBot Yankee round 2
ChatterBot November round 2
ChatterBot Echo round 2
ChatterBot Foxtrot round 2
2024-10-15 00:48:25.153639 Mike: Group up?
ChatterBot Yankee reevaluating
ChatterBot Juliett reevaluating
ChatterBot Echo reevaluating
ChatterBot Foxtrot reevaluating
ChatterBot Golf reevaluating
2024-10-15 00:48:25.196918 Yankee: No
2024-10-15 00:48:25.197159 Juliett: No
2024-10-15 00:48:25.197317 Echo: No
2024-10-15 00:48:25.197892 Foxtrot: No
2024-10-15 00:48:25.198030 Golf: No
ChatterBot Juliett reevaluating
ChatterBot Echo reevaluating
ChatterBot Foxtrot reevaluating
ChatterBot Golf reevaluating
ChatterBot Yankee reevaluating
ChatterBot Echo reevaluating
ChatterBot Foxtrot reevaluating
ChatterBot Golf reevaluating
ChatterBot Yankee reevaluating
ChatterBot Juliett reevaluating
ChatterBot Foxtrot reevaluating
ChatterBot Golf reevaluating
ChatterBot Yankee reevaluating
ChatterBot Juliett reevaluating
ChatterBot Echo reevaluating
ChatterBot Golf reevaluating
ChatterBot Yankee reevaluating
ChatterBot Juliett reevaluating
ChatterBot Echo reevaluating
ChatterBot Foxtrot reevaluating
2024-10-15 00:48:25.416694 Zulu: Can we be friends?
ChatterBot Mike reevaluating
ChatterBot Yankee reevaluating
ChatterBot Juliett reevaluating
ChatterBot Echo reevaluating
ChatterBot Foxtrot reevaluating
2024-10-15 00:48:25.452143 Mike: Yes
2024-10-15 00:48:25.452326 Yankee: No
2024-10-15 00:48:25.452910 Juliett: Yes
2024-10-15 00:48:25.453014 Echo: Yes
2024-10-15 00:48:25.453110 Foxtrot: Yes
ChatterBot Yankee reevaluating
ChatterBot Juliett reevaluating
ChatterBot Echo reevaluating
ChatterBot Foxtrot reevaluating
ChatterBot Mike reevaluating
ChatterBot Juliett reevaluating
ChatterBot Echo reevaluating
ChatterBot Foxtrot reevaluating
ChatterBot Mike reevaluating
ChatterBot Yankee reevaluating
ChatterBot Echo reevaluating
ChatterBot Foxtrot reevaluating
ChatterBot Mike reevaluating
ChatterBot Yankee reevaluating
ChatterBot Juliett reevaluating
ChatterBot Foxtrot reevaluating
ChatterBot Mike reevaluating
ChatterBot Yankee reevaluating
ChatterBot Juliett reevaluating
ChatterBot Echo reevaluating
2024-10-15 00:48:25.638776 Quebec: We would work well together
ChatterBot Mike reevaluating
ChatterBot Yankee reevaluating
ChatterBot Juliett reevaluating
ChatterBot Echo reevaluating
ChatterBot Foxtrot reevaluating
2024-10-15 00:48:25.677001 Mike: No
2024-10-15 00:48:25.677159 Yankee: No
2024-10-15 00:48:25.677276 Juliett: No
2024-10-15 00:48:25.677887 Echo: No
2024-10-15 00:48:25.677982 Foxtrot: No
ChatterBot Yankee reevaluating
ChatterBot Juliett reevaluating
ChatterBot Echo reevaluating
ChatterBot Foxtrot reevaluating
ChatterBot Mike reevaluating
ChatterBot Juliett reevaluating
ChatterBot Echo reevaluating
ChatterBot Foxtrot reevaluating
ChatterBot Mike reevaluating
ChatterBot Yankee reevaluating
ChatterBot Echo reevaluating
ChatterBot Foxtrot reevaluating
ChatterBot Mike reevaluating
ChatterBot Yankee reevaluating
ChatterBot Juliett reevaluating
ChatterBot Foxtrot reevaluating
ChatterBot Mike reevaluating
ChatterBot Yankee reevaluating
ChatterBot Juliett reevaluating
ChatterBot Echo reevaluating
2024-10-15 00:48:25.955496 Charlie: We should add Golf
2024-10-15 00:48:25.994531 November: No
2024-10-15 00:48:25.995008 Quebec: No
ChatterBot Charlie reevaluating
2024-10-15 00:48:26.053492 November: We should drop Quebec
ChatterBot Charlie reevaluating
2024-10-15 00:48:26.060417 Charlie: Yes
2024-10-15 00:48:26.069494 Mike: We should drop Quebec and November
ChatterBot Yankee reevaluating
2024-10-15 00:48:26.114825 Zulu: Yes
2024-10-15 00:48:26.115129 Yankee: Yes
2024-10-15 00:48:26.115328 Juliett: Yes
2024-10-15 00:48:26.116234 Echo: Yes
2024-10-15 00:48:26.116427 Foxtrot: Yes
ChatterBot Mike reevaluating
ChatterBot Yankee reevaluating
ChatterBot Mike reevaluating
ChatterBot Mike reevaluating
ChatterBot Yankee reevaluating
ChatterBot Mike reevaluating
ChatterBot Yankee reevaluating
ChatterBot Mike reevaluating
ChatterBot Yankee reevaluating
chatterbot November submitting transactions
2024-10-15 00:48:26.352305 Zulu: Mike, Yankee and Foxtrot, sending you 2
2024-10-15 00:48:26.352672 Quebec: Mike, Juliett, Yankee and Echo, sending you 2
2024-10-15 00:48:26.372206 Zulu: Juliett, sending you 1
2024-10-15 00:48:26.372553 Quebec: Foxtrot, sending you 1
2024-10-15 00:48:26.373530 Golf: Mike and Yankee, sending you 2
2024-10-15 00:48:26.373827 November: Sending you 11
2024-10-15 00:48:26.380905 Zulu: Echo, sending you 3
2024-10-15 00:48:26.381723 Foxtrot: Zulu, Mike, Yankee and Echo, sending you 2
2024-10-15 00:48:26.382038 Echo: Zulu and Yankee, sending you 2
2024-10-15 00:48:26.382332 Juliett: Zulu, Mike and Yankee, sending you 2
2024-10-15 00:48:26.383087 Golf: Juliett, Echo and Foxtrot, sending you 1
2024-10-15 00:48:26.383400 Yankee: Sending you each 3
2024-10-15 00:48:26.389006 Juliett: Echo, sending you 3
2024-10-15 00:48:26.389821 Foxtrot: Juliett, sending you 3
2024-10-15 00:48:26.390133 Echo: Mike, Juliett and Foxtrot, sending you 3
2024-10-15 00:48:26.502529 Mike: Juliett, sending you 3
2024-10-15 00:48:26.503064 Juliett: Foxtrot, sending you 4
2024-10-15 00:48:26.503527 Charlie: Sending you 11
2024-10-15 00:48:26.514564 Mike: Yankee, sending you 4
2024-10-15 00:48:26.537313 Mike: Echo and Foxtrot, sending you 2
chatterbot Mike submitting transactions
chatterbot Golf submitting transactions
chatterbot Quebec submitting transactions
chatterbot Foxtrot submitting transactions
chatterbot Zulu submitting transactions
chatterbot Charlie submitting transactions
chatterbot Echo submitting transactions
chatterbot Juliett submitting transactions
chatterbot Yankee submitting transactions
ChatterBot Zulu round 3
ChatterBot Quebec round 3
ChatterBot Mike round 3
ChatterBot Charlie round 3
ChatterBot Golf round 3
ChatterBot Juliett round 3
2024-10-15 00:48:27.417417 Quebec: We should add Zulu
ChatterBot Mike reevaluating
ChatterBot Juliett reevaluating
2024-10-15 00:48:27.465643 Mike: Yes
2024-10-15 00:48:27.465902 Yankee: No
2024-10-15 00:48:27.466152 Juliett: Yes
2024-10-15 00:48:27.466876 Echo: Yes
2024-10-15 00:48:27.467022 Foxtrot: Yes
ChatterBot Juliett reevaluating
ChatterBot Mike reevaluating
ChatterBot Juliett reevaluating
ChatterBot Mike reevaluating
ChatterBot Mike reevaluating
ChatterBot Yankee reevaluating
ChatterBot Juliett reevaluating
ChatterBot Mike reevaluating
ChatterBot Yankee reevaluating
ChatterBot Juliett reevaluating
2024-10-15 00:48:27.673902 Mike: We should add Golf
ChatterBot Zulu reevaluating
ChatterBot Yankee reevaluating
ChatterBot Juliett reevaluating
2024-10-15 00:48:27.715561 Zulu: No
2024-10-15 00:48:27.716627 Yankee: No
2024-10-15 00:48:27.716797 Juliett: No
2024-10-15 00:48:27.716961 Echo: No
2024-10-15 00:48:27.717066 Foxtrot: No
ChatterBot Mike reevaluating
ChatterBot Yankee reevaluating
ChatterBot Juliett reevaluating
ChatterBot Zulu reevaluating
ChatterBot Mike reevaluating
ChatterBot Juliett reevaluating
ChatterBot Zulu reevaluating
ChatterBot Mike reevaluating
ChatterBot Yankee reevaluating
ChatterBot Zulu reevaluating
ChatterBot Mike reevaluating
ChatterBot Yankee reevaluating
ChatterBot Juliett reevaluating
ChatterBot Zulu reevaluating
ChatterBot Mike reevaluating
ChatterBot Yankee reevaluating
ChatterBot Juliett reevaluating
ChatterBot Yankee round 3
2024-10-15 00:48:27.917599 Charlie: We should add Golf
2024-10-15 00:48:27.927643 November: No
ChatterBot November round 3
2024-10-15 00:48:27.953816 Golf: We should add Zulu
ChatterBot Mike reevaluating
ChatterBot Yankee reevaluating
ChatterBot Juliett reevaluating
2024-10-15 00:48:28.004280 Mike: Yes
2024-10-15 00:48:28.004452 Yankee: No
2024-10-15 00:48:28.004594 Juliett: Yes
2024-10-15 00:48:28.004811 Echo: Yes
2024-10-15 00:48:28.004953 Foxtrot: Yes
ChatterBot Yankee reevaluating
ChatterBot Juliett reevaluating
ChatterBot Mike reevaluating
ChatterBot Juliett reevaluating
ChatterBot Mike reevaluating
ChatterBot Yankee reevaluating
ChatterBot Mike reevaluating
ChatterBot Yankee reevaluating
ChatterBot Juliett reevaluating
ChatterBot Mike reevaluating
ChatterBot Yankee reevaluating
ChatterBot Juliett reevaluating
ChatterBot Echo round 3
ChatterBot Foxtrot round 3
2024-10-15 00:48:28.299163 Quebec: Zulu we want you to join our group
ChatterBot Zulu reevaluating
2024-10-15 00:48:28.308137 Zulu: No
ChatterBot Mike reevaluating
ChatterBot Juliett reevaluating
ChatterBot Yankee reevaluating
ChatterBot Echo reevaluating
ChatterBot Foxtrot reevaluating
2024-10-15 00:48:28.351090 Foxtrot: We should add Quebec
ChatterBot Zulu reevaluating
ChatterBot Mike reevaluating
ChatterBot Yankee reevaluating
ChatterBot Juliett reevaluating
ChatterBot Echo reevaluating
2024-10-15 00:48:28.399060 Zulu: No
2024-10-15 00:48:28.399372 Mike: Yes
2024-10-15 00:48:28.400149 Yankee: No
2024-10-15 00:48:28.400438 Juliett: No
2024-10-15 00:48:28.400991 Echo: No
ChatterBot Mike reevaluating
ChatterBot Yankee reevaluating
ChatterBot Juliett reevaluating
ChatterBot Echo reevaluating
ChatterBot Foxtrot reevaluating
ChatterBot Zulu reevaluating
ChatterBot Yankee reevaluating
ChatterBot Juliett reevaluating
ChatterBot Echo reevaluating
ChatterBot Foxtrot reevaluating
ChatterBot Zulu reevaluating
ChatterBot Mike reevaluating
ChatterBot Juliett reevaluating
ChatterBot Echo reevaluating
ChatterBot Foxtrot reevaluating
ChatterBot Zulu reevaluating
ChatterBot Mike reevaluating
ChatterBot Yankee reevaluating
ChatterBot Echo reevaluating
ChatterBot Foxtrot reevaluating
ChatterBot Zulu reevaluating
ChatterBot Mike reevaluating
ChatterBot Yankee reevaluating
ChatterBot Juliett reevaluating
ChatterBot Foxtrot reevaluating
2024-10-15 00:48:28.558292 Charlie: Golf we want you to join our group
ChatterBot Golf reevaluating
2024-10-15 00:48:28.561867 Golf: No
2024-10-15 00:48:28.582308 Mike: Quebec we want you to join our group
2024-10-15 00:48:28.585774 Quebec: Yes
ChatterBot Foxtrot reevaluating
2024-10-15 00:48:28.608683 Yankee: Juliett and Foxtrot we want you to join our group
ChatterBot Juliett reevaluating
ChatterBot Foxtrot reevaluating
2024-10-15 00:48:28.617106 Juliett: Yes
2024-10-15 00:48:28.617284 Foxtrot: Yes
ChatterBot Foxtrot reevaluating
ChatterBot Juliett reevaluating
2024-10-15 00:48:28.651246 Quebec: Zulu, Juliett, Yankee and Foxtrot, sending you 1
2024-10-15 00:48:28.652035 Zulu: Mike, Juliett and Foxtrot, sending you 2
2024-10-15 00:48:28.652538 Charlie: Golf, sending you 5
2024-10-15 00:48:28.652850 Foxtrot: Quebec we want you to join our group
2024-10-15 00:48:28.658508 Quebec: Yes
ChatterBot Juliett reevaluating
2024-10-15 00:48:28.687392 Quebec: Mike, sending you 2
2024-10-15 00:48:28.687795 Zulu: Yankee, sending you 1
2024-10-15 00:48:28.688232 Charlie: November, sending you 6
2024-10-15 00:48:28.690665 Yankee: Mike, sending you 3
2024-10-15 00:48:28.691054 November: Sending you 12
2024-10-15 00:48:28.691772 Echo: Zulu, Mike, Juliett and Yankee, sending you 3
2024-10-15 00:48:28.692376 Mike: Zulu, sending you 1
2024-10-15 00:48:28.692712 Juliett: Quebec we want you to join our group
2024-10-15 00:48:28.696953 Quebec: Yes
ChatterBot Juliett reevaluating
2024-10-15 00:48:28.722533 Quebec: Echo, sending you 3
2024-10-15 00:48:28.722950 Zulu: Echo, sending you 3
2024-10-15 00:48:28.723316 Yankee: Juliett, sending you 1
2024-10-15 00:48:28.724215 Echo: Foxtrot, sending you 1
2024-10-15 00:48:28.724673 Mike: Quebec, Juliett, Yankee, Echo and Foxtrot, sending you 2
2024-10-15 00:48:28.726677 Yankee: Echo and Foxtrot, sending you 2
2024-10-15 00:48:28.727677 Foxtrot: Zulu, Quebec, Mike, Juliett and Echo, sending you 2
2024-10-15 00:48:28.732668 Foxtrot: Yankee, sending you 1
2024-10-15 00:48:28.753656 Juliett: Zulu and Yankee, sending you 2
2024-10-15 00:48:28.758677 Juliett: Mike, Echo and Foxtrot, sending you 3
chatterbot Zulu submitting transactions
chatterbot Charlie submitting transactions
chatterbot Juliett submitting transactions
chatterbot Mike submitting transactions
chatterbot Quebec submitting transactions
chatterbot Foxtrot submitting transactions
chatterbot November submitting transactions
chatterbot Golf submitting transactions
chatterbot Echo submitting transactions
chatterbot Yankee submitting transactions
ChatterBot Zulu round 4
ChatterBot Quebec round 4
ChatterBot Mike round 4
ChatterBot Charlie round 4
ChatterBot Golf round 4
ChatterBot Juliett round 4
ChatterBot Yankee round 4
ChatterBot November round 4
ChatterBot Echo round 4
ChatterBot Foxtrot round 4
2024-10-15 00:48:29.672766 Zulu: We should add Quebec
ChatterBot Juliett reevaluating
ChatterBot Echo reevaluating
2024-10-15 00:48:29.709955 Mike: Yes
2024-10-15 00:48:29.710529 Yankee: No
2024-10-15 00:48:29.710788 Juliett: Yes
2024-10-15 00:48:29.710981 Echo: Yes
2024-10-15 00:48:29.711237 Foxtrot: Yes
ChatterBot Juliett reevaluating
ChatterBot Echo reevaluating
ChatterBot Juliett reevaluating
ChatterBot Echo reevaluating
ChatterBot Echo reevaluating
ChatterBot Juliett reevaluating
ChatterBot Juliett reevaluating
ChatterBot Echo reevaluating
2024-10-15 00:48:29.956610 Zulu: Quebec we want you to join our group
2024-10-15 00:48:29.962476 Quebec: Yes
ChatterBot Juliett reevaluating
ChatterBot Echo reevaluating
2024-10-15 00:48:29.990472 Charlie: We should drop Golf
2024-10-15 00:48:29.997588 November: Yes
2024-10-15 00:48:30.006065 Juliett: Quebec we want you to join our group
2024-10-15 00:48:30.015376 Quebec: Yes
2024-10-15 00:48:30.045878 Echo: Quebec we want you to join our group
2024-10-15 00:48:30.050152 Quebec: Yes
2024-10-15 00:48:30.078204 Yankee: Mike and Echo, sending you 3
2024-10-15 00:48:30.078598 November: Sending you 13
2024-10-15 00:48:30.078852 Mike: Zulu, sending you 1
2024-10-15 00:48:30.079154 Quebec: Zulu, Juliett and Yankee, sending you 1
2024-10-15 00:48:30.079447 Foxtrot: Zulu, Mike, Juliett, Yankee and Echo, sending you 2
2024-10-15 00:48:30.079782 Zulu: Quebec, Mike and Yankee, sending you 1
2024-10-15 00:48:30.080807 Golf: Charlie, sending you 4
2024-10-15 00:48:30.083257 Yankee: Juliett, sending you 2
2024-10-15 00:48:30.083737 Mike: Quebec, Juliett, Yankee, Echo and Foxtrot, sending you 2
2024-10-15 00:48:30.084120 Quebec: Mike, Echo and Foxtrot, sending you 2
2024-10-15 00:48:30.084509 Foxtrot: Quebec, sending you 1
2024-10-15 00:48:30.084947 Zulu: Juliett and Foxtrot, sending you 2
2024-10-15 00:48:30.086243 Golf: November, sending you 3
2024-10-15 00:48:30.088672 Yankee: Foxtrot, sending you 1
2024-10-15 00:48:30.089135 Zulu: Echo, sending you 3
2024-10-15 00:48:30.092676 Charlie: Sending you 11
2024-10-15 00:48:30.093682 Juliett: Zulu, Quebec, Mike, Yankee and Foxtrot, sending you 2
2024-10-15 00:48:30.097671 Echo: Zulu, Quebec, Mike, Yankee and Foxtrot, sending you 2
2024-10-15 00:48:30.098992 Juliett: Echo, sending you 3
2024-10-15 00:48:30.103900 Echo: Juliett, sending you 3
chatterbot Charlie submitting transactions
chatterbot Zulu submitting transactions
chatterbot Golf submitting transactions
chatterbot Mike submitting transactions
chatterbot Juliett submitting transactions
chatterbot Quebec submitting transactions
chatterbot November submitting transactions
chatterbot Foxtrot submitting transactions
chatterbot Yankee submitting transactions
chatterbot Echo submitting transactions
ChatterBot Zulu round 5
ChatterBot Quebec round 5
ChatterBot Mike round 5
ChatterBot Charlie round 5
ChatterBot Golf round 5
ChatterBot Juliett round 5
ChatterBot Yankee round 5
ChatterBot November round 5
ChatterBot Echo round 5
ChatterBot Foxtrot round 5
2024-10-15 00:48:31.101223 Charlie: We should add Golf
ChatterBot November reevaluating
2024-10-15 00:48:31.105272 November: Yes
2024-10-15 00:48:31.115742 Yankee: We should add Zulu
ChatterBot Echo reevaluating
ChatterBot Foxtrot reevaluating
2024-10-15 00:48:31.127574 Juliett: Yes
2024-10-15 00:48:31.127711 Mike: Yes
2024-10-15 00:48:31.127817 Echo: Yes
2024-10-15 00:48:31.127935 Foxtrot: Yes
ChatterBot Echo reevaluating
ChatterBot Foxtrot reevaluating
ChatterBot Echo reevaluating
ChatterBot Foxtrot reevaluating
ChatterBot Foxtrot reevaluating
ChatterBot Echo reevaluating
2024-10-15 00:48:31.175074 Charlie: Golf we want you to join our group
ChatterBot Golf reevaluating
2024-10-15 00:48:31.177870 Golf: Yes
ChatterBot November reevaluating
2024-10-15 00:48:31.183894 Golf: We should add Juliett
ChatterBot November reevaluating
2024-10-15 00:48:31.188696 Charlie: No
2024-10-15 00:48:31.188851 November: No
ChatterBot November reevaluating
ChatterBot Golf reevaluating
ChatterBot Golf reevaluating
2024-10-15 00:48:31.200936 Yankee: Zulu we want you to join our group
2024-10-15 00:48:31.203578 Zulu: Yes
ChatterBot Echo reevaluating
ChatterBot Foxtrot reevaluating
2024-10-15 00:48:31.324218 Mike: Quebec, Juliett, Echo and Foxtrot, sending you 2
2024-10-15 00:48:31.325026 Zulu: Quebec, Mike and Yankee, sending you 1
2024-10-15 00:48:31.327109 November: Golf we want you to join our group
ChatterBot Golf reevaluating
2024-10-15 00:48:31.343774 Golf: Yes
ChatterBot November reevaluating
2024-10-15 00:48:31.352929 Juliett: Zulu, Quebec, Mike, Yankee and Foxtrot, sending you 2
2024-10-15 00:48:31.354846 Mike: Yankee, sending you 3
2024-10-15 00:48:31.356950 Quebec: Zulu, Juliett and Yankee, sending you 1
2024-10-15 00:48:31.357748 Zulu: Juliett and Foxtrot, sending you 2
2024-10-15 00:48:31.359275 Juliett: Echo, sending you 3
2024-10-15 00:48:31.361675 Quebec: Mike, Echo and Foxtrot, sending you 2
2024-10-15 00:48:31.362295 Charlie: Golf, sending you 5
2024-10-15 00:48:31.363678 Zulu: Echo, sending you 3
2024-10-15 00:48:31.365686 Yankee: Zulu, sending you 1
2024-10-15 00:48:31.366846 Charlie: November, sending you 6
2024-10-15 00:48:31.370686 Yankee: Mike, Juliett, Echo and Foxtrot, sending you 2
2024-10-15 00:48:31.375702 Golf: Charlie, sending you 4
2024-10-15 00:48:31.378690 Echo: Zulu, Quebec, Mike, Yankee and Foxtrot, sending you 2
2024-10-15 00:48:31.381185 Golf: November, sending you 3
chatterbot Yankee submitting transactions
2024-10-15 00:48:31.382128 November: Charlie, sending you 7
2024-10-15 00:48:31.382801 Foxtrot: Zulu, Quebec, Mike, Juliett and Echo, sending you 2
2024-10-15 00:48:31.384685 Echo: Juliett, sending you 3
2024-10-15 00:48:31.386093 November: Golf, sending you 6
chatterbot Quebec submitting transactions
2024-10-15 00:48:31.386944 Foxtrot: Yankee, sending you 1
chatterbot Charlie submitting transactions
chatterbot Echo submitting transactions
chatterbot November submitting transactions
chatterbot Golf submitting transactions
chatterbot Foxtrot submitting transactions
chatterbot Juliett submitting transactions
chatterbot Mike submitting transactions
chatterbot Zulu submitting transactions
ChatterBot Zulu round 6
ChatterBot Quebec round 6
ChatterBot Mike round 6
ChatterBot Charlie round 6
ChatterBot Golf round 6
ChatterBot Juliett round 6
ChatterBot Yankee round 6
ChatterBot November round 6
ChatterBot Echo round 6
ChatterBot Foxtrot round 6
2024-10-15 00:48:32.259671 Golf: Charlie, sending you 4
2024-10-15 00:48:32.260661 Yankee: Zulu and Foxtrot, sending you 1
2024-10-15 00:48:32.262678 Mike: Zulu, sending you 1
2024-10-15 00:48:32.263221 Foxtrot: Zulu, Mike, Juliett, Yankee and Echo, sending you 2
2024-10-15 00:48:32.263792 Juliett: Zulu, Quebec, Mike, Yankee and Foxtrot, sending you 2
2024-10-15 00:48:32.264681 Golf: November, sending you 3
2024-10-15 00:48:32.265647 Yankee: Mike, sending you 3
2024-10-15 00:48:32.266655 Charlie: Golf, sending you 5
2024-10-15 00:48:32.267366 Zulu: Quebec, Mike and Yankee, sending you 1
2024-10-15 00:48:32.267959 Juliett: Echo, sending you 3
2024-10-15 00:48:32.268524 Mike: Quebec, Juliett, Yankee, Echo and Foxtrot, sending you 2
2024-10-15 00:48:32.269077 Foxtrot: Quebec, sending you 1
2024-10-15 00:48:32.269573 Echo: Zulu, Quebec, Mike, Yankee and Foxtrot, sending you 2
2024-10-15 00:48:32.270136 Quebec: Zulu, sending you 1
2024-10-15 00:48:32.270694 Yankee: Juliett and Echo, sending you 2
2024-10-15 00:48:32.271196 Charlie: November, sending you 6
2024-10-15 00:48:32.271647 November: Charlie, sending you 7
2024-10-15 00:48:32.271917 Zulu: Juliett and Foxtrot, sending you 2
2024-10-15 00:48:32.274657 Echo: Juliett, sending you 3
2024-10-15 00:48:32.275684 Quebec: Mike, Juliett, Echo and Foxtrot, sending you 2
2024-10-15 00:48:32.276292 November: Golf, sending you 6
2024-10-15 00:48:32.276599 Zulu: Echo, sending you 3
chatterbot Foxtrot submitting transactions
chatterbot Mike submitting transactions
chatterbot November submitting transactions
chatterbot Charlie submitting transactions
chatterbot Golf submitting transactions
chatterbot Juliett submitting transactions
chatterbot Zulu submitting transactions
chatterbot Quebec submitting transactions
chatterbot Yankee submitting transactions
chatterbot Echo submitting transactions
ChatterBot Zulu round 7
ChatterBot Quebec round 7
ChatterBot Mike round 7
ChatterBot Charlie round 7
ChatterBot Golf round 7
ChatterBot Juliett round 7
ChatterBot Yankee round 7
ChatterBot November round 7
ChatterBot Echo round 7
ChatterBot Foxtrot round 7
2024-10-15 00:48:33.521254 Yankee: We should replace Zulu with Quebec
2024-10-15 00:48:33.540189 Juliett: No
2024-10-15 00:48:33.540860 Mike: No
2024-10-15 00:48:33.541067 Echo: No
2024-10-15 00:48:33.541246 Foxtrot: No
ChatterBot Yankee reevaluating
ChatterBot Yankee reevaluating
ChatterBot Yankee reevaluating
ChatterBot Yankee reevaluating
2024-10-15 00:48:33.636203 Juliett: Zulu, Quebec, Mike, Yankee and Foxtrot, sending you 2
2024-10-15 00:48:33.640678 Juliett: Echo, sending you 3
2024-10-15 00:48:33.643700 Charlie: Golf, sending you 5
2024-10-15 00:48:33.645691 Quebec: Zulu, sending you 1
2024-10-15 00:48:33.647084 Golf: Charlie, sending you 4
2024-10-15 00:48:33.649664 Charlie: November, sending you 6
2024-10-15 00:48:33.651020 Zulu: Quebec, Mike and Yankee, sending you 1
2024-10-15 00:48:33.651787 Quebec: Mike, Juliett, Echo and Foxtrot, sending you 2
2024-10-15 00:48:33.652826 Golf: November, sending you 3
2024-10-15 00:48:33.653155 Mike: Quebec, Juliett, Echo and Foxtrot, sending you 2
2024-10-15 00:48:33.653843 Foxtrot: Zulu, Quebec, Mike, Juliett and Echo, sending you 2
2024-10-15 00:48:33.655709 Zulu: Juliett and Foxtrot, sending you 2
2024-10-15 00:48:33.657224 Echo: Zulu, Quebec, Mike, Yankee and Foxtrot, sending you 2
2024-10-15 00:48:33.657887 Mike: Yankee, sending you 3
2024-10-15 00:48:33.659010 November: Charlie, sending you 7
2024-10-15 00:48:33.659716 Foxtrot: Yankee, sending you 1
2024-10-15 00:48:33.661154 Zulu: Echo, sending you 3
2024-10-15 00:48:33.662376 Echo: Juliett, sending you 3
2024-10-15 00:48:33.663127 Yankee: Zulu, sending you 1
2024-10-15 00:48:33.664306 November: Golf, sending you 6
2024-10-15 00:48:33.667667 Yankee: Mike, Juliett, Echo and Foxtrot, sending you 2
chatterbot Quebec submitting transactions
chatterbot November submitting transactions
chatterbot Mike submitting transactions
chatterbot Echo submitting transactions
chatterbot Charlie submitting transactions
chatterbot Zulu submitting transactions
chatterbot Yankee submitting transactions
chatterbot Golf submitting transactions
chatterbot Foxtrot submitting transactions
chatterbot Juliett submitting transactions
ChatterBot Zulu round 8
ChatterBot Quebec round 8
ChatterBot Mike round 8
ChatterBot Charlie round 8
ChatterBot Golf round 8
ChatterBot Juliett round 8
ChatterBot Yankee round 8
ChatterBot November round 8
ChatterBot Echo round 8
ChatterBot Foxtrot round 8
2024-10-15 00:48:34.665677 Quebec: Zulu, sending you 1
2024-10-15 00:48:34.667661 Charlie: Golf, sending you 5
2024-10-15 00:48:34.672210 Quebec: Mike, Juliett, Echo and Foxtrot, sending you 2
2024-10-15 00:48:34.672946 Charlie: November, sending you 6
2024-10-15 00:48:34.673677 November: Charlie, sending you 7
2024-10-15 00:48:34.675678 Mike: Zulu, sending you 1
2024-10-15 00:48:34.676879 November: Golf, sending you 6
2024-10-15 00:48:34.679671 Zulu: Quebec, Mike and Yankee, sending you 1
2024-10-15 00:48:34.680715 Mike: Quebec, Juliett, Yankee, Echo and Foxtrot, sending you 2
2024-10-15 00:48:34.682089 Yankee: Zulu and Foxtrot, sending you 1
2024-10-15 00:48:34.682881 Echo: Zulu, Quebec, Mike, Yankee and Foxtrot, sending you 2
2024-10-15 00:48:34.683547 Juliett: Zulu, Quebec, Mike, Yankee and Foxtrot, sending you 2
2024-10-15 00:48:34.684654 Foxtrot: Zulu, Quebec, Mike, Juliett and Echo, sending you 2
2024-10-15 00:48:34.685345 Golf: Charlie, sending you 4
2024-10-15 00:48:34.685630 Zulu: Juliett and Foxtrot, sending you 2
2024-10-15 00:48:34.686698 Yankee: Mike, sending you 3
2024-10-15 00:48:34.687673 Echo: Juliett, sending you 3
2024-10-15 00:48:34.688359 Juliett: Echo, sending you 3
2024-10-15 00:48:34.689668 Foxtrot: Yankee, sending you 1
2024-10-15 00:48:34.690592 Golf: November, sending you 3
2024-10-15 00:48:34.690887 Zulu: Echo, sending you 3
2024-10-15 00:48:34.691356 Yankee: Juliett and Echo, sending you 2
chatterbot Charlie submitting transactions
chatterbot Quebec submitting transactions
chatterbot November submitting transactions
chatterbot Foxtrot submitting transactions
chatterbot Juliett submitting transactions
chatterbot Mike submitting transactions
chatterbot Golf submitting transactions
chatterbot Zulu submitting transactions
chatterbot Echo submitting transactions
chatterbot Yankee submitting transactions
ChatterBot Zulu round 9
ChatterBot Quebec round 9
ChatterBot Mike round 9
ChatterBot Charlie round 9
ChatterBot Golf round 9
ChatterBot Juliett round 9
ChatterBot Yankee round 9
ChatterBot November round 9
ChatterBot Echo round 9
ChatterBot Foxtrot round 9
2024-10-15 00:48:35.741552 Yankee: We should replace Zulu with Quebec
2024-10-15 00:48:35.749639 Juliett: No
2024-10-15 00:48:35.749809 Mike: No
2024-10-15 00:48:35.749953 Echo: No
2024-10-15 00:48:35.750071 Foxtrot: No
ChatterBot Yankee reevaluating
ChatterBot Yankee reevaluating
ChatterBot Yankee reevaluating
ChatterBot Yankee reevaluating
2024-10-15 00:48:35.792700 Yankee: Quebec we want you to join our group
2024-10-15 00:48:35.795873 Quebec: Yes
ChatterBot Yankee reevaluating
2024-10-15 00:48:35.811662 Golf: Charlie, sending you 4
2024-10-15 00:48:35.812006 Echo: Zulu, Quebec, Mike, Yankee and Foxtrot, sending you 2
2024-10-15 00:48:35.813486 Juliett: Zulu, Quebec, Mike, Yankee and Foxtrot, sending you 2
2024-10-15 00:48:35.813978 Mike: Zulu, sending you 1
2024-10-15 00:48:35.814751 November: Charlie, sending you 7
2024-10-15 00:48:35.815003 Foxtrot: Zulu, Quebec, Mike, Juliett and Echo, sending you 2
2024-10-15 00:48:35.815541 Charlie: Golf, sending you 5
2024-10-15 00:48:35.815778 Quebec: Zulu, sending you 1
2024-10-15 00:48:35.816232 Zulu: Quebec, Mike and Yankee, sending you 1
2024-10-15 00:48:35.817383 Golf: November, sending you 3
2024-10-15 00:48:35.817647 Echo: Juliett, sending you 3
2024-10-15 00:48:35.818118 Foxtrot: Yankee, sending you 1
2024-10-15 00:48:35.818714 Juliett: Echo, sending you 3
2024-10-15 00:48:35.819914 November: Golf, sending you 6
2024-10-15 00:48:35.821175 Charlie: November, sending you 6
2024-10-15 00:48:35.821664 Mike: Quebec, Juliett, Yankee, Echo and Foxtrot, sending you 2
2024-10-15 00:48:35.822755 Zulu: Juliett and Foxtrot, sending you 2
2024-10-15 00:48:35.825072 Quebec: Mike, Juliett, Echo and Foxtrot, sending you 2
2024-10-15 00:48:35.830293 Zulu: Echo, sending you 3
2024-10-15 00:48:35.848655 Yankee: Quebec and Foxtrot, sending you 1
2024-10-15 00:48:35.851656 Yankee: Mike, sending you 3
2024-10-15 00:48:35.856658 Yankee: Juliett and Echo, sending you 2
chatterbot Juliett submitting transactions
chatterbot Yankee submitting transactions
chatterbot Foxtrot submitting transactions
chatterbot Charlie submitting transactions
chatterbot November submitting transactions
chatterbot Mike submitting transactions
chatterbot Quebec submitting transactions
chatterbot Zulu submitting transactions
chatterbot Echo submitting transactions
chatterbot Golf submitting transactions
ChatterBot Zulu round 10
ChatterBot Quebec round 10
ChatterBot Mike round 10
ChatterBot Charlie round 10
ChatterBot Golf round 10
ChatterBot Juliett round 10
ChatterBot Yankee round 10
ChatterBot November round 10
ChatterBot Echo round 10
ChatterBot Foxtrot round 10
2024-10-15 00:48:37.028202 Juliett: Zulu, Quebec, Mike, Yankee and Foxtrot, sending you 2
2024-10-15 00:48:37.029997 November: Charlie, sending you 7
2024-10-15 00:48:37.031658 Foxtrot: Zulu, Quebec, Mike, Juliett and Echo, sending you 2
2024-10-15 00:48:37.033762 Zulu: Quebec, Mike and Yankee, sending you 1
2024-10-15 00:48:37.035107 Quebec: Zulu, sending you 1
2024-10-15 00:48:37.037504 Juliett: Echo, sending you 3
2024-10-15 00:48:37.039558 November: Golf, sending you 6
2024-10-15 00:48:37.040557 Foxtrot: Yankee, sending you 1
2024-10-15 00:48:37.042902 Zulu: Juliett and Foxtrot, sending you 2
2024-10-15 00:48:37.045045 Quebec: Mike, Juliett, Echo and Foxtrot, sending you 2
2024-10-15 00:48:37.046919 Charlie: Golf, sending you 5
2024-10-15 00:48:37.047543 Mike: Zulu, sending you 1
2024-10-15 00:48:37.048803 Golf: Charlie, sending you 4
2024-10-15 00:48:37.050116 Echo: Zulu, Quebec, Mike, Yankee and Foxtrot, sending you 2
2024-10-15 00:48:37.052383 Yankee: Quebec and Foxtrot, sending you 1
2024-10-15 00:48:37.054018 Zulu: Echo, sending you 3
2024-10-15 00:48:37.055776 Charlie: November, sending you 6
2024-10-15 00:48:37.056326 Mike: Quebec, Juliett, Yankee, Echo and Foxtrot, sending you 2
2024-10-15 00:48:37.058531 Golf: November, sending you 3
2024-10-15 00:48:37.059352 Echo: Juliett, sending you 3
2024-10-15 00:48:37.061317 Yankee: Mike, sending you 3
2024-10-15 00:48:37.066710 Yankee: Juliett and Echo, sending you 2
chatterbot Echo submitting transactions
chatterbot Mike submitting transactions
chatterbot Quebec submitting transactions
chatterbot Yankee submitting transactions
chatterbot Zulu submitting transactions
chatterbot Charlie submitting transactions
chatterbot November submitting transactions
chatterbot Golf submitting transactions
chatterbot Juliett submitting transactions
chatterbot Foxtrot submitting transactions
ChatterBot Zulu round 11
ChatterBot Quebec round 11
ChatterBot Mike round 11
ChatterBot Charlie round 11
ChatterBot Golf round 11
ChatterBot Juliett round 11
ChatterBot Yankee round 11
ChatterBot November round 11
ChatterBot Echo round 11
ChatterBot Foxtrot round 11
2024-10-15 00:48:38.141949 Yankee: We should replace Quebec with Zulu
2024-10-15 00:48:38.155201 Juliett: No
2024-10-15 00:48:38.155341 Mike: No
2024-10-15 00:48:38.155446 Echo: No
2024-10-15 00:48:38.155549 Foxtrot: No
ChatterBot Yankee reevaluating
ChatterBot Yankee reevaluating
2024-10-15 00:48:38.196677 Zulu: Quebec, Mike and Yankee, sending you 1
2024-10-15 00:48:38.199038 Quebec: Zulu, sending you 1
2024-10-15 00:48:38.202698 Quebec: Mike, Juliett, Echo and Foxtrot, sending you 2
2024-10-15 00:48:38.203703 Zulu: Juliett and Foxtrot, sending you 2
2024-10-15 00:48:38.205664 Golf: Charlie, sending you 4
2024-10-15 00:48:38.206780 Juliett: Zulu, Quebec, Mike, Yankee and Foxtrot, sending you 2
2024-10-15 00:48:38.209690 Zulu: Echo, sending you 3
2024-10-15 00:48:38.211003 Golf: November, sending you 3
2024-10-15 00:48:38.211415 Charlie: Golf, sending you 5
2024-10-15 00:48:38.211872 Juliett: Echo, sending you 3
2024-10-15 00:48:38.213382 Echo: Zulu, Quebec, Mike, Yankee and Foxtrot, sending you 2
2024-10-15 00:48:38.214222 November: Charlie, sending you 7
2024-10-15 00:48:38.214666 Mike: Zulu, sending you 1
2024-10-15 00:48:38.215904 Foxtrot: Zulu, Quebec, Mike, Juliett and Echo, sending you 2
2024-10-15 00:48:38.216823 Charlie: November, sending you 6
2024-10-15 00:48:38.217839 Echo: Juliett, sending you 3
2024-10-15 00:48:38.218567 November: Golf, sending you 6
2024-10-15 00:48:38.220716 Mike: Quebec, Juliett, Yankee, Echo and Foxtrot, sending you 2
2024-10-15 00:48:38.221873 Foxtrot: Yankee, sending you 1
2024-10-15 00:48:38.224675 Yankee: Mike, sending you 3
2024-10-15 00:48:38.228678 Yankee: Juliett and Echo, sending you 2
2024-10-15 00:48:38.233674 Yankee: Foxtrot, sending you 1
chatterbot Charlie submitting transactions
chatterbot Yankee submitting transactions
chatterbot November submitting transactions
chatterbot Juliett submitting transactions
chatterbot Foxtrot submitting transactions
chatterbot Echo submitting transactions
chatterbot Zulu submitting transactions
chatterbot Golf submitting transactions
chatterbot Mike submitting transactions
chatterbot Quebec submitting transactions
ChatterBot Zulu round 12
ChatterBot Quebec round 12
ChatterBot Mike round 12
ChatterBot Charlie round 12
ChatterBot Golf round 12
ChatterBot Juliett round 12
ChatterBot Yankee round 12
ChatterBot November round 12
ChatterBot Echo round 12
ChatterBot Foxtrot round 12
2024-10-15 00:48:39.343690 Echo: Zulu, Quebec, Mike, Yankee and Foxtrot, sending you 2
2024-10-15 00:48:39.345575 Yankee: Mike, sending you 3
2024-10-15 00:48:39.346756 November: Charlie, sending you 7
2024-10-15 00:48:39.347701 Echo: Juliett, sending you 3
2024-10-15 00:48:39.349697 Yankee: Juliett and Echo, sending you 2
2024-10-15 00:48:39.350448 Juliett: Zulu, Quebec, Mike, Yankee and Foxtrot, sending you 2
2024-10-15 00:48:39.352367 November: Golf, sending you 6
2024-10-15 00:48:39.352941 Charlie: Golf, sending you 5
2024-10-15 00:48:39.353839 Golf: Charlie, sending you 4
2024-10-15 00:48:39.354175 Mike: Zulu, sending you 1
2024-10-15 00:48:39.355194 Yankee: Foxtrot, sending you 1
2024-10-15 00:48:39.356280 Zulu: Quebec, Mike and Yankee, sending you 1
2024-10-15 00:48:39.357276 Juliett: Echo, sending you 3
2024-10-15 00:48:39.359100 Foxtrot: Zulu, Quebec, Mike, Juliett and Echo, sending you 2
2024-10-15 00:48:39.359952 Golf: November, sending you 3
2024-10-15 00:48:39.360363 Quebec: Zulu, sending you 1
2024-10-15 00:48:39.361767 Charlie: November, sending you 6
2024-10-15 00:48:39.362232 Mike: Quebec, Juliett, Yankee, Echo and Foxtrot, sending you 2
2024-10-15 00:48:39.363112 Zulu: Juliett and Foxtrot, sending you 2
2024-10-15 00:48:39.365040 Foxtrot: Yankee, sending you 1
2024-10-15 00:48:39.366673 Quebec: Mike, Juliett, Echo and Foxtrot, sending you 2
2024-10-15 00:48:39.369677 Zulu: Echo, sending you 3
chatterbot Foxtrot submitting transactions
chatterbot Juliett submitting transactions
chatterbot November submitting transactions
chatterbot Mike submitting transactions
chatterbot Charlie submitting transactions
chatterbot Echo submitting transactions
chatterbot Zulu submitting transactions
chatterbot Quebec submitting transactions
chatterbot Yankee submitting transactions
chatterbot Golf submitting transactions
ChatterBot Zulu round 13
ChatterBot Quebec round 13
ChatterBot Mike round 13
ChatterBot Charlie round 13
ChatterBot Golf round 13
ChatterBot Juliett round 13
ChatterBot Yankee round 13
ChatterBot November round 13
ChatterBot Echo round 13
ChatterBot Foxtrot round 13
2024-10-15 00:48:40.606 Mike: Zulu, sending you 1
2024-10-15 00:48:40.609130 Zulu: Quebec, Mike and Yankee, sending you 1
2024-10-15 00:48:40.610917 November: Charlie, sending you 7
2024-10-15 00:48:40.611531 Foxtrot: Zulu, Quebec, Mike, Juliett and Echo, sending you 2
2024-10-15 00:48:40.613984 Quebec: Zulu, sending you 1
2024-10-15 00:48:40.615893 Charlie: Golf, sending you 5
2024-10-15 00:48:40.617111 Juliett: Zulu, Quebec, Mike, Yankee and Foxtrot, sending you 2
2024-10-15 00:48:40.618892 Mike: Quebec, Juliett, Yankee, Echo and Foxtrot, sending you 2
2024-10-15 00:48:40.620897 Zulu: Juliett and Foxtrot, sending you 2
2024-10-15 00:48:40.622690 November: Golf, sending you 6
