ChatterBot Papa round 1
ChatterBot Bravo round 1
ChatterBot Whiskey round 1
ChatterBot Uniform round 1
ChatterBot Zulu round 1
ChatterBot Mike round 1
ChatterBot Oscar round 1
ChatterBot Sierra round 1
ChatterBot Quebec round 1
ChatterBot Foxtrot round 1
randomSelections Papa: {Papa, Foxtrot, Sierra, Oscar, Whiskey, Quebec, Mike, Uniform} 
2024-10-15 00:48:21.863419 Papa: Group up?
ChatterBot Foxtrot reevaluating
ChatterBot Sierra reevaluating
ChatterBot Oscar reevaluating
ChatterBot Whiskey reevaluating
ChatterBot Quebec reevaluating
ChatterBot Mike reevaluating
ChatterBot Uniform reevaluating
2024-10-15 00:48:21.917992 Foxtrot: Yes
2024-10-15 00:48:21.918192 Sierra: Yes
2024-10-15 00:48:21.918366 Oscar: Yes
2024-10-15 00:48:21.918533 Whiskey: Yes
2024-10-15 00:48:21.919634 Quebec: Yes
2024-10-15 00:48:21.919796 Mike: Yes
2024-10-15 00:48:21.919931 Uniform: Yes
ChatterBot Sierra reevaluating
ChatterBot Oscar reevaluating
ChatterBot Whiskey reevaluating
ChatterBot Quebec reevaluating
ChatterBot Mike reevaluating
ChatterBot Uniform reevaluating
ChatterBot Foxtrot reevaluating
ChatterBot Oscar reevaluating
ChatterBot Whiskey reevaluating
ChatterBot Quebec reevaluating
ChatterBot Mike reevaluating
ChatterBot Uniform reevaluating
ChatterBot Foxtrot reevaluating
ChatterBot Sierra reevaluating
ChatterBot Whiskey reevaluating
ChatterBot Quebec reevaluating
ChatterBot Mike reevaluating
ChatterBot Uniform reevaluating
ChatterBot Foxtrot reevaluating
ChatterBot Sierra reevaluating
ChatterBot Oscar reevaluating
ChatterBot Quebec reevaluating
ChatterBot Mike reevaluating
ChatterBot Uniform reevaluating
ChatterBot Foxtrot reevaluating
ChatterBot Sierra reevaluating
ChatterBot Oscar reevaluating
ChatterBot Whiskey reevaluating
ChatterBot Mike reevaluating
ChatterBot Uniform reevaluating
ChatterBot Foxtrot reevaluating
ChatterBot Sierra reevaluating
ChatterBot Oscar reevaluating
ChatterBot Whiskey reevaluating
ChatterBot Quebec reevaluating
ChatterBot Uniform reevaluating
ChatterBot Foxtrot reevaluating
ChatterBot Sierra reevaluating
ChatterBot Oscar reevaluating
ChatterBot Whiskey reevaluating
ChatterBot Quebec reevaluating
ChatterBot Mike reevaluating
randomSelections Bravo: {Bravo, Zulu, Sierra, Quebec, Uniform, Papa, Foxtrot} 
2024-10-15 00:48:22.161176 Bravo: Can we be friends?
ChatterBot Zulu reevaluating
ChatterBot Sierra reevaluating
ChatterBot Quebec reevaluating
ChatterBot Uniform reevaluating
ChatterBot Foxtrot reevaluating
2024-10-15 00:48:22.178697 Zulu: Yes
2024-10-15 00:48:22.179017 Sierra: No
2024-10-15 00:48:22.179552 Quebec: No
2024-10-15 00:48:22.180535 Uniform: No
2024-10-15 00:48:22.180837 Papa: No
2024-10-15 00:48:22.181082 Foxtrot: No
ChatterBot Sierra reevaluating
ChatterBot Quebec reevaluating
ChatterBot Uniform reevaluating
ChatterBot Foxtrot reevaluating
ChatterBot Zulu reevaluating
ChatterBot Quebec reevaluating
ChatterBot Uniform reevaluating
ChatterBot Foxtrot reevaluating
ChatterBot Zulu reevaluating
ChatterBot Sierra reevaluating
ChatterBot Uniform reevaluating
ChatterBot Foxtrot reevaluating
ChatterBot Zulu reevaluating
ChatterBot Sierra reevaluating
ChatterBot Quebec reevaluating
ChatterBot Foxtrot reevaluating
ChatterBot Zulu reevaluating
ChatterBot Sierra reevaluating
ChatterBot Quebec reevaluating
ChatterBot Uniform reevaluating
ChatterBot Foxtrot reevaluating
ChatterBot Zulu reevaluating
ChatterBot Sierra reevaluating
ChatterBot Quebec reevaluating
ChatterBot Uniform reevaluating
2024-10-15 00:48:22.284690 Mike: Uniform, sending you 4
2024-10-15 00:48:22.285399 Whiskey: Papa, Mike, Oscar, Quebec and Foxtrot, sending you 1
2024-10-15 00:48:22.286139 Papa: Whiskey, sending you 3
2024-10-15 00:48:22.288290 Bravo: Papa, Uniform, Zulu and Quebec, sending you 1
2024-10-15 00:48:22.289493 Mike: Oscar and Foxtrot, sending you 1
2024-10-15 00:48:22.290387 Whiskey: Uniform and Sierra, sending you 3
2024-10-15 00:48:22.292375 Bravo: Sierra and Foxtrot, sending you 2
2024-10-15 00:48:22.295204 Papa: Uniform, sending you 2
2024-10-15 00:48:22.297475 Oscar: Papa and Uniform, sending you 1
2024-10-15 00:48:22.299025 Zulu: Bravo and Uniform, sending you 2
2024-10-15 00:48:22.300473 Mike: Sierra, sending you 5
2024-10-15 00:48:22.301955 Foxtrot: Papa, Oscar and Sierra, sending you 2
2024-10-15 00:48:22.303057 Uniform: Papa and Foxtrot, sending you 2
2024-10-15 00:48:22.304786 Quebec: Whiskey, Uniform and Oscar, sending you 2
2024-10-15 00:48:22.307162 Papa: Oscar, Sierra and Foxtrot, sending you 1
2024-10-15 00:48:22.309960 Zulu: Sierra, Quebec and Foxtrot, sending you 1
2024-10-15 00:48:22.312038 Oscar: Whiskey and Mike, sending you 2
2024-10-15 00:48:22.313401 Sierra: Papa, Oscar and Quebec, sending you 2
2024-10-15 00:48:22.317075 Mike: Quebec, sending you 2
2024-10-15 00:48:22.318094 Foxtrot: Mike and Quebec, sending you 1
2024-10-15 00:48:22.319430 Uniform: Whiskey, sending you 3
2024-10-15 00:48:22.321243 Quebec: Sierra, sending you 1
2024-10-15 00:48:22.323088 Papa: Quebec, sending you 4
2024-10-15 00:48:22.325043 Sierra: Whiskey, sending you 5
2024-10-15 00:48:22.327253 Uniform: Mike, sending you 4
2024-10-15 00:48:22.334021 Sierra: Uniform and Foxtrot, sending you 3
2024-10-15 00:48:22.335356 Uniform: Quebec, sending you 1
chatterbot Bravo submitting transactions
chatterbot Oscar submitting transactions
chatterbot Papa submitting transactions
chatterbot Sierra submitting transactions
chatterbot Zulu submitting transactions
chatterbot Uniform submitting transactions
chatterbot Foxtrot submitting transactions
chatterbot Mike submitting transactions
chatterbot Whiskey submitting transactions
chatterbot Quebec submitting transactions
ChatterBot Papa round 2
ChatterBot Bravo round 2
ChatterBot Whiskey round 2
ChatterBot Uniform round 2
ChatterBot Zulu round 2
ChatterBot Mike round 2
2024-10-15 00:48:23.542685 Zulu: Friends?
ChatterBot Bravo reevaluating
ChatterBot Quebec reevaluating
2024-10-15 00:48:23.563835 Bravo: No
2024-10-15 00:48:23.564071 Quebec: No
ChatterBot Quebec reevaluating
ChatterBot Zulu reevaluating
ChatterBot Bravo reevaluating
2024-10-15 00:48:23.592052 Quebec: We should group up
ChatterBot Foxtrot reevaluating
2024-10-15 00:48:23.605073 Foxtrot: No
ChatterBot Quebec reevaluating
2024-10-15 00:48:23.617670 Foxtrot: Let's form a team
ChatterBot Zulu reevaluating
2024-10-15 00:48:23.623316 Zulu: Yes
ChatterBot Foxtrot reevaluating
ChatterBot Oscar round 2
ChatterBot Sierra round 2
ChatterBot Quebec round 2
ChatterBot Foxtrot round 2
2024-10-15 00:48:23.665736 Papa: We should drop Oscar
ChatterBot Sierra reevaluating
ChatterBot Quebec reevaluating
ChatterBot Foxtrot reevaluating
2024-10-15 00:48:23.699947 Uniform: No
2024-10-15 00:48:23.700577 Mike: Yes
2024-10-15 00:48:23.700707 Whiskey: No
2024-10-15 00:48:23.700840 Sierra: Yes
2024-10-15 00:48:23.700957 Quebec: Yes
2024-10-15 00:48:23.701067 Foxtrot: Yes
ChatterBot Sierra reevaluating
ChatterBot Quebec reevaluating
ChatterBot Foxtrot reevaluating
ChatterBot Sierra reevaluating
ChatterBot Quebec reevaluating
ChatterBot Foxtrot reevaluating
ChatterBot Sierra reevaluating
ChatterBot Quebec reevaluating
ChatterBot Foxtrot reevaluating
ChatterBot Quebec reevaluating
ChatterBot Foxtrot reevaluating
ChatterBot Uniform reevaluating
ChatterBot Sierra reevaluating
ChatterBot Foxtrot reevaluating
ChatterBot Uniform reevaluating
ChatterBot Mike reevaluating
ChatterBot Whiskey reevaluating
ChatterBot Sierra reevaluating
ChatterBot Quebec reevaluating
2024-10-15 00:48:24.082865 Zulu: Bravo, sending you 7
chatterbot Zulu submitting transactions
chatterbot Oscar submitting transactions
2024-10-15 00:48:24.513761 Bravo: Sending you 8
2024-10-15 00:48:24.514074 Zulu: Foxtrot, sending you 5
2024-10-15 00:48:24.514766 Oscar: Papa, Whiskey, Mike, Sierra, Quebec and Foxtrot, sending you 1
2024-10-15 00:48:24.515402 Papa: Whiskey, sending you 2
chatterbot Papa submitting transactions
2024-10-15 00:48:24.817035 Papa: Uniform, sending you 4
2024-10-15 00:48:24.817885 Sierra: Papa, Uniform and Quebec, sending you 2
2024-10-15 00:48:24.819069 Whiskey: Papa, Uniform, Mike, Sierra and Quebec, sending you 2
2024-10-15 00:48:24.819631 Uniform: Papa, Whiskey, Sierra and Quebec, sending you 2
chatterbot Foxtrot submitting transactions
chatterbot Bravo submitting transactions
chatterbot Quebec submitting transactions
2024-10-15 00:48:25.050737 Papa: Sierra and Foxtrot, sending you 3
2024-10-15 00:48:25.051136 Sierra: Whiskey and Foxtrot, sending you 3
2024-10-15 00:48:25.051445 Whiskey: Foxtrot, sending you 1
2024-10-15 00:48:25.051755 Uniform: Mike, sending you 4
2024-10-15 00:48:25.052557 Quebec: Papa, sending you 2
2024-10-15 00:48:25.052838 Mike: Whiskey and Foxtrot, sending you 2
2024-10-15 00:48:25.053150 Foxtrot: Papa, Whiskey, Mike and Quebec, sending you 1
2024-10-15 00:48:25.098787 Sierra: Mike, sending you 5
2024-10-15 00:48:25.099198 Uniform: Foxtrot, sending you 1
2024-10-15 00:48:25.099487 Quebec: Whiskey, Uniform, Mike, Sierra and Foxtrot, sending you 1
2024-10-15 00:48:25.100395 Mike: Uniform, sending you 9
2024-10-15 00:48:25.100687 Foxtrot: Uniform and Sierra, sending you 2
chatterbot Sierra submitting transactions
chatterbot Mike submitting transactions
chatterbot Uniform submitting transactions
chatterbot Whiskey submitting transactions
ChatterBot Papa round 3
ChatterBot Bravo round 3
ChatterBot Whiskey round 3
ChatterBot Uniform round 3
ChatterBot Zulu round 3
ChatterBot Mike round 3
ChatterBot Oscar round 3
ChatterBot Sierra round 3
ChatterBot Quebec round 3
ChatterBot Foxtrot round 3
2024-10-15 00:48:25.698891 Papa: Whiskey, Quebec and Foxtrot, sending you 2
2024-10-15 00:48:25.784837 Zulu: Bravo, sending you 7
2024-10-15 00:48:25.785694 Whiskey: Papa, Uniform, Mike, Sierra and Quebec, sending you 2
2024-10-15 00:48:25.786039 Uniform: Papa, Whiskey, Sierra, Quebec and Foxtrot, sending you 2
2024-10-15 00:48:25.786341 Bravo: Same as last round
2024-10-15 00:48:25.787085 Papa: Uniform and Sierra, sending you 3
2024-10-15 00:48:25.787404 Mike: Whiskey, sending you 2
2024-10-15 00:48:25.828808 Zulu: Foxtrot, sending you 5
2024-10-15 00:48:25.829625 Whiskey: Foxtrot, sending you 1
2024-10-15 00:48:25.829979 Uniform: Mike, sending you 3
2024-10-15 00:48:25.830326 Mike: Uniform, sending you 6
2024-10-15 00:48:25.830699 Oscar: Papa, Whiskey, Mike, Sierra, Quebec and Foxtrot, sending you 1
2024-10-15 00:48:25.831600 Sierra: Papa, Mike and Foxtrot, sending you 3
2024-10-15 00:48:25.831956 Foxtrot: Papa and Sierra, sending you 2
2024-10-15 00:48:25.832365 Quebec: Papa, Whiskey, Uniform, Mike and Foxtrot, sending you 1
2024-10-15 00:48:25.857912 Mike: Sierra, sending you 3
2024-10-15 00:48:25.858508 Sierra: Whiskey, sending you 4
2024-10-15 00:48:25.859028 Quebec: Sierra, sending you 2
2024-10-15 00:48:25.864447 Foxtrot: Whiskey, Uniform, Mike and Quebec, sending you 1
2024-10-15 00:48:25.865015 Mike: Quebec and Foxtrot, sending you 1
2024-10-15 00:48:25.865450 Sierra: Uniform and Quebec, sending you 2
chatterbot Whiskey submitting transactions
chatterbot Bravo submitting transactions
chatterbot Quebec submitting transactions
chatterbot Oscar submitting transactions
chatterbot Sierra submitting transactions
chatterbot Mike submitting transactions
chatterbot Papa submitting transactions
chatterbot Uniform submitting transactions
chatterbot Zulu submitting transactions
chatterbot Foxtrot submitting transactions
ChatterBot Papa round 4
ChatterBot Bravo round 4
ChatterBot Whiskey round 4
ChatterBot Uniform round 4
ChatterBot Zulu round 4
ChatterBot Mike round 4
ChatterBot Oscar round 4
ChatterBot Sierra round 4
ChatterBot Quebec round 4
ChatterBot Foxtrot round 4
2024-10-15 00:48:26.900222 Oscar: Can we be friends?
2024-10-15 00:48:26.902969 Zulu: No
2024-10-15 00:48:26.920677 Papa: Whiskey, Quebec and Foxtrot, sending you 2
2024-10-15 00:48:26.925661 Papa: Uniform and Sierra, sending you 3
2024-10-15 00:48:26.926676 Bravo: Same as last round
2024-10-15 00:48:26.927676 Sierra: Papa, Whiskey, Uniform, Mike and Foxtrot, sending you 3
2024-10-15 00:48:26.929664 Oscar: Sending you 2
2024-10-15 00:48:26.930652 Mike: Whiskey, sending you 2
2024-10-15 00:48:26.931671 Quebec: Papa, Whiskey, Mike, Sierra and Foxtrot, sending you 1
2024-10-15 00:48:26.932676 Zulu: Bravo, sending you 7
2024-10-15 00:48:26.933404 Sierra: Quebec, sending you 2
2024-10-15 00:48:26.933919 Mike: Uniform, sending you 6
2024-10-15 00:48:26.934674 Foxtrot: Papa, Whiskey, Uniform, Mike and Quebec, sending you 1
2024-10-15 00:48:26.935190 Uniform: Papa, Whiskey, Sierra, Quebec and Foxtrot, sending you 2
2024-10-15 00:48:26.936110 Zulu: Foxtrot, sending you 5
2024-10-15 00:48:26.936659 Quebec: Uniform, sending you 2
2024-10-15 00:48:26.937087 Whiskey: Papa, Uniform, Mike, Sierra and Quebec, sending you 2
2024-10-15 00:48:26.937643 Mike: Sierra, sending you 3
2024-10-15 00:48:26.939671 Foxtrot: Sierra, sending you 3
2024-10-15 00:48:26.940087 Whiskey: Foxtrot, sending you 1
2024-10-15 00:48:26.940663 Uniform: Mike, sending you 3
2024-10-15 00:48:26.941665 Mike: Quebec and Foxtrot, sending you 1
chatterbot Quebec submitting transactions
chatterbot Mike submitting transactions
chatterbot Zulu submitting transactions
chatterbot Papa submitting transactions
chatterbot Whiskey submitting transactions
chatterbot Bravo submitting transactions
chatterbot Foxtrot submitting transactions
chatterbot Sierra submitting transactions
chatterbot Uniform submitting transactions
chatterbot Oscar submitting transactions
ChatterBot Papa round 5
ChatterBot Bravo round 5
ChatterBot Whiskey round 5
ChatterBot Uniform round 5
ChatterBot Zulu round 5
ChatterBot Mike round 5
ChatterBot Oscar round 5
ChatterBot Sierra round 5
ChatterBot Quebec round 5
ChatterBot Foxtrot round 5
2024-10-15 00:48:28.434970 Zulu: We should replace Foxtrot with Oscar
ChatterBot Bravo reevaluating
2024-10-15 00:48:28.441344 Bravo: Yes
ChatterBot Zulu reevaluating
2024-10-15 00:48:28.489012 Mike: We should drop Quebec
ChatterBot Sierra reevaluating
2024-10-15 00:48:28.509032 Papa: No
2024-10-15 00:48:28.509463 Whiskey: No
2024-10-15 00:48:28.509828 Uniform: No
2024-10-15 00:48:28.510111 Sierra: Yes
2024-10-15 00:48:28.510963 Foxtrot: No
ChatterBot Sierra reevaluating
ChatterBot Mike reevaluating
ChatterBot Sierra reevaluating
ChatterBot Mike reevaluating
ChatterBot Sierra reevaluating
ChatterBot Mike reevaluating
ChatterBot Mike reevaluating
ChatterBot Sierra reevaluating
2024-10-15 00:48:28.613674 Uniform: Papa, Whiskey, Sierra, Quebec and Foxtrot, sending you 2
2024-10-15 00:48:28.614726 Whiskey: Papa, Uniform, Mike, Sierra and Quebec, sending you 2
2024-10-15 00:48:28.615354 Bravo: Sending you each 4
2024-10-15 00:48:28.615572 Papa: Whiskey, Quebec and Foxtrot, sending you 2
2024-10-15 00:48:28.617670 Whiskey: Foxtrot, sending you 1
2024-10-15 00:48:28.619686 Uniform: Mike, sending you 3
2024-10-15 00:48:28.620654 Papa: Uniform and Sierra, sending you 3
2024-10-15 00:48:28.626687 Foxtrot: Papa, Whiskey, Uniform, Mike and Quebec, sending you 1
2024-10-15 00:48:28.628693 Quebec: Papa, Whiskey, Mike, Sierra and Foxtrot, sending you 1
2024-10-15 00:48:28.629690 Zulu: Bravo, sending you 7
2024-10-15 00:48:28.631683 Foxtrot: Sierra, sending you 3
2024-10-15 00:48:28.633005 Oscar: Papa, Whiskey, Mike, Sierra, Quebec and Foxtrot, sending you 1
2024-10-15 00:48:28.633632 Sierra: Papa, Whiskey, Uniform, Mike and Foxtrot, sending you 3
2024-10-15 00:48:28.634265 Quebec: Uniform, sending you 2
2024-10-15 00:48:28.634722 Zulu: Foxtrot, sending you 5
2024-10-15 00:48:28.637857 Sierra: Quebec, sending you 2
2024-10-15 00:48:28.642135 Mike: Whiskey, sending you 3
2024-10-15 00:48:28.646665 Mike: Uniform, sending you 5
2024-10-15 00:48:28.651234 Mike: Sierra, sending you 4
2024-10-15 00:48:28.654681 Mike: Foxtrot, sending you 1
chatterbot Whiskey submitting transactions
chatterbot Zulu submitting transactions
chatterbot Sierra submitting transactions
chatterbot Papa submitting transactions
chatterbot Oscar submitting transactions
chatterbot Foxtrot submitting transactions
chatterbot Uniform submitting transactions
chatterbot Bravo submitting transactions
chatterbot Quebec submitting transactions
chatterbot Mike submitting transactions
ChatterBot Papa round 6
ChatterBot Bravo round 6
ChatterBot Whiskey round 6
ChatterBot Uniform round 6
ChatterBot Zulu round 6
ChatterBot Mike round 6
ChatterBot Oscar round 6
ChatterBot Sierra round 6
2024-10-15 00:48:29.777763 Zulu: We should replace Foxtrot with Oscar
2024-10-15 00:48:29.784114 Bravo: Yes
ChatterBot Quebec round 6
ChatterBot Foxtrot round 6
2024-10-15 00:48:29.810124 Mike: We should add Quebec
2024-10-15 00:48:29.846027 Papa: Yes
2024-10-15 00:48:29.846447 Whiskey: Yes
2024-10-15 00:48:29.847306 Uniform: Yes
2024-10-15 00:48:29.847766 Sierra: Yes
2024-10-15 00:48:29.848242 Foxtrot: Yes
ChatterBot Mike reevaluating
ChatterBot Mike reevaluating
ChatterBot Mike reevaluating
ChatterBot Mike reevaluating
ChatterBot Mike reevaluating
2024-10-15 00:48:29.973287 Zulu: Oscar we want you to join our group
2024-10-15 00:48:29.976350 Oscar: Yes
2024-10-15 00:48:29.990578 Mike: We should replace Foxtrot with Quebec
ChatterBot Sierra reevaluating
2024-10-15 00:48:30.004728 Papa: No
2024-10-15 00:48:30.005708 Whiskey: No
2024-10-15 00:48:30.006121 Uniform: No
2024-10-15 00:48:30.006534 Sierra: Yes
ChatterBot Mike reevaluating
ChatterBot Sierra reevaluating
ChatterBot Mike reevaluating
ChatterBot Sierra reevaluating
ChatterBot Mike reevaluating
ChatterBot Sierra reevaluating
ChatterBot Mike reevaluating
2024-10-15 00:48:30.064146 Sierra: We should drop Foxtrot
ChatterBot Mike reevaluating
2024-10-15 00:48:30.079767 Papa: No
2024-10-15 00:48:30.079990 Whiskey: No
2024-10-15 00:48:30.080796 Uniform: No
2024-10-15 00:48:30.080989 Mike: Yes
2024-10-15 00:48:30.081131 Quebec: No
ChatterBot Sierra reevaluating
ChatterBot Uniform reevaluating
ChatterBot Mike reevaluating
ChatterBot Sierra reevaluating
ChatterBot Uniform reevaluating
ChatterBot Mike reevaluating
ChatterBot Sierra reevaluating
ChatterBot Mike reevaluating
ChatterBot Sierra reevaluating
ChatterBot Uniform reevaluating
ChatterBot Sierra reevaluating
ChatterBot Uniform reevaluating
ChatterBot Mike reevaluating
2024-10-15 00:48:30.206518 Papa: Whiskey and Foxtrot, sending you 2
2024-10-15 00:48:30.207423 Bravo: Same as last round
2024-10-15 00:48:30.207884 Whiskey: Papa, Uniform, Mike, Sierra and Quebec, sending you 2
2024-10-15 00:48:30.209697 Papa: Uniform, sending you 3
2024-10-15 00:48:30.211719 Quebec: Papa, Whiskey, Mike, Sierra and Foxtrot, sending you 1
2024-10-15 00:48:30.212706 Whiskey: Foxtrot, sending you 1
2024-10-15 00:48:30.213680 Zulu: Bravo, sending you 7
2024-10-15 00:48:30.213948 Foxtrot: Papa, Whiskey, Mike and Quebec, sending you 1
2024-10-15 00:48:30.214362 Oscar: Bravo, sending you 2
2024-10-15 00:48:30.214581 Mike: Quebec we want you to join our group
2024-10-15 00:48:30.218240 Quebec: Yes
ChatterBot Mike reevaluating
2024-10-15 00:48:30.238092 Papa: Sierra, sending you 4
2024-10-15 00:48:30.238954 Quebec: Uniform, sending you 2
2024-10-15 00:48:30.240083 Zulu: Oscar, sending you 5
2024-10-15 00:48:30.240406 Foxtrot: Uniform and Sierra, sending you 2
2024-10-15 00:48:30.241983 Papa: Quebec, sending you 1
2024-10-15 00:48:30.250678 Sierra: Papa, Whiskey, Uniform, Mike and Foxtrot, sending you 3
2024-10-15 00:48:30.255677 Sierra: Quebec, sending you 2
2024-10-15 00:48:30.257675 Mike: Whiskey, sending you 3
2024-10-15 00:48:30.260669 Mike: Uniform, sending you 5
2024-10-15 00:48:30.264708 Mike: Sierra, sending you 4
2024-10-15 00:48:30.269703 Mike: Quebec, sending you 1
chatterbot Bravo submitting transactions
chatterbot Oscar submitting transactions
chatterbot Zulu submitting transactions
chatterbot Uniform submitting transactions
chatterbot Papa submitting transactions
chatterbot Sierra submitting transactions
chatterbot Foxtrot submitting transactions
chatterbot Whiskey submitting transactions
chatterbot Uniform submitting transactions
chatterbot Mike submitting transactions
chatterbot Quebec submitting transactions
ChatterBot Papa round 7
ChatterBot Bravo round 7
ChatterBot Whiskey round 7
ChatterBot Uniform round 7
ChatterBot Zulu round 7
ChatterBot Mike round 7
ChatterBot Oscar round 7
ChatterBot Sierra round 7
ChatterBot Quebec round 7
ChatterBot Foxtrot round 7
2024-10-15 00:48:31.347385 Oscar: We should add Papa
ChatterBot Zulu reevaluating
2024-10-15 00:48:31.357608 Bravo: No
2024-10-15 00:48:31.358035 Zulu: Yes
ChatterBot Zulu reevaluating
ChatterBot Oscar reevaluating
ChatterBot Oscar reevaluating
2024-10-15 00:48:31.390822 Zulu: We should add Foxtrot
ChatterBot Oscar reevaluating
2024-10-15 00:48:31.399583 Bravo: No
2024-10-15 00:48:31.399965 Oscar: No
ChatterBot Zulu reevaluating
ChatterBot Oscar reevaluating
ChatterBot Zulu reevaluating
2024-10-15 00:48:31.441461 Zulu: We should add Quebec
ChatterBot Oscar reevaluating
2024-10-15 00:48:31.450312 Bravo: No
2024-10-15 00:48:31.450748 Oscar: No
ChatterBot Zulu reevaluating
ChatterBot Oscar reevaluating
ChatterBot Zulu reevaluating
2024-10-15 00:48:31.470002 Sierra: We should drop Foxtrot
2024-10-15 00:48:31.489316 Papa: No
2024-10-15 00:48:31.489679 Whiskey: No
2024-10-15 00:48:31.490544 Uniform: No
2024-10-15 00:48:31.490790 Mike: Yes
2024-10-15 00:48:31.491163 Quebec: No
ChatterBot Sierra reevaluating
2024-10-15 00:48:31.567700 Quebec: Papa, Whiskey, Mike, Sierra and Foxtrot, sending you 1
2024-10-15 00:48:31.572224 Sierra: We should drop Mike
2024-10-15 00:48:31.592643 Papa: No
2024-10-15 00:48:31.593074 Whiskey: No
2024-10-15 00:48:31.594098 Uniform: No
2024-10-15 00:48:31.594359 Quebec: No
2024-10-15 00:48:31.594684 Foxtrot: No
ChatterBot Sierra reevaluating
ChatterBot Sierra reevaluating
ChatterBot Sierra reevaluating
ChatterBot Sierra reevaluating
ChatterBot Sierra reevaluating
2024-10-15 00:48:31.689012 Foxtrot: Papa, Whiskey, Mike and Quebec, sending you 1
2024-10-15 00:48:31.690338 Mike: Whiskey, sending you 3
2024-10-15 00:48:31.691129 Papa: Whiskey and Foxtrot, sending you 2
2024-10-15 00:48:31.692538 Whiskey: Papa, Uniform, Mike, Sierra and Quebec, sending you 2
2024-10-15 00:48:31.693243 Bravo: Same as last round
2024-10-15 00:48:31.694314 Quebec: Uniform, sending you 2
2024-10-15 00:48:31.695324 Foxtrot: Uniform and Sierra, sending you 2
2024-10-15 00:48:31.696980 Mike: Uniform, sending you 5
2024-10-15 00:48:31.697427 Papa: Uniform, sending you 3
2024-10-15 00:48:31.698684 Whiskey: Foxtrot, sending you 1
2024-10-15 00:48:31.699314 Zulu: Bravo, sending you 7
2024-10-15 00:48:31.700299 Oscar: Sending you each 2
2024-10-15 00:48:31.701940 Mike: Sierra, sending you 4
2024-10-15 00:48:31.702699 Zulu: Oscar, sending you 5
2024-10-15 00:48:31.703784 Papa: Sierra, sending you 4
2024-10-15 00:48:31.706707 Mike: Quebec, sending you 1
2024-10-15 00:48:31.707800 Papa: Quebec, sending you 1
2024-10-15 00:48:31.722871 Sierra: Papa and Mike, sending you 4
2024-10-15 00:48:31.728685 Sierra: Whiskey, Uniform and Quebec, sending you 3
chatterbot Whiskey submitting transactions
chatterbot Mike submitting transactions
chatterbot Zulu submitting transactions
chatterbot Uniform submitting transactions
chatterbot Foxtrot submitting transactions
chatterbot Sierra submitting transactions
chatterbot Papa submitting transactions
chatterbot Quebec submitting transactions
chatterbot Oscar submitting transactions
chatterbot Bravo submitting transactions
ChatterBot Papa round 8
ChatterBot Bravo round 8
ChatterBot Whiskey round 8
ChatterBot Uniform round 8
ChatterBot Zulu round 8
ChatterBot Mike round 8
ChatterBot Oscar round 8
ChatterBot Sierra round 8
ChatterBot Quebec round 8
ChatterBot Foxtrot round 8
2024-10-15 00:48:32.663158 Oscar: We should replace Foxtrot with Papa
ChatterBot Zulu reevaluating
2024-10-15 00:48:32.667742 Bravo: No
2024-10-15 00:48:32.667883 Zulu: No
ChatterBot Zulu reevaluating
ChatterBot Oscar reevaluating
2024-10-15 00:48:32.695692 Bravo: Same as last round
2024-10-15 00:48:32.697677 Whiskey: Papa, Uniform, Mike, Sierra and Quebec, sending you 2
2024-10-15 00:48:32.698681 Sierra: Papa and Mike, sending you 4
2024-10-15 00:48:32.701653 Papa: Whiskey and Foxtrot, sending you 2
2024-10-15 00:48:32.702676 Whiskey: Foxtrot, sending you 1
2024-10-15 00:48:32.703370 Sierra: Whiskey, Uniform and Quebec, sending you 3
2024-10-15 00:48:32.703777 Zulu: Bravo, sending you 7
2024-10-15 00:48:32.705696 Foxtrot: Papa, Whiskey, Mike and Quebec, sending you 1
2024-10-15 00:48:32.707298 Papa: Uniform, sending you 3
2024-10-15 00:48:32.708047 Zulu: Oscar, sending you 5
2024-10-15 00:48:32.708339 Mike: Whiskey, sending you 3
2024-10-15 00:48:32.708904 Oscar: Sending you each 2
2024-10-15 00:48:32.709661 Foxtrot: Uniform and Sierra, sending you 2
2024-10-15 00:48:32.711659 Papa: Sierra, sending you 4
2024-10-15 00:48:32.712311 Mike: Uniform and Sierra, sending you 4
2024-10-15 00:48:32.715699 Papa: Quebec, sending you 1
2024-10-15 00:48:32.716639 Quebec: Papa, Whiskey, Mike, Sierra and Foxtrot, sending you 1
2024-10-15 00:48:32.717267 Mike: Quebec, sending you 2
2024-10-15 00:48:32.720657 Quebec: Uniform, sending you 2
chatterbot Papa submitting transactions
chatterbot Oscar submitting transactions
chatterbot Whiskey submitting transactions
chatterbot Foxtrot submitting transactions
chatterbot Mike submitting transactions
chatterbot Bravo submitting transactions
chatterbot Zulu submitting transactions
chatterbot Sierra submitting transactions
chatterbot Uniform submitting transactions
chatterbot Quebec submitting transactions
ChatterBot Papa round 9
ChatterBot Bravo round 9
ChatterBot Whiskey round 9
ChatterBot Uniform round 9
ChatterBot Zulu round 9
ChatterBot Mike round 9
ChatterBot Oscar round 9
ChatterBot Sierra round 9
ChatterBot Quebec round 9
2024-10-15 00:48:33.957667 Oscar: We should replace Quebec with Papa
2024-10-15 00:48:33.963967 Bravo: No
2024-10-15 00:48:33.964215 Zulu: No
ChatterBot Oscar reevaluating
ChatterBot Oscar reevaluating
ChatterBot Foxtrot round 9
2024-10-15 00:48:34.004302 Oscar: Papa we want you to join our group
2024-10-15 00:48:34.008571 Papa: No
ChatterBot Oscar reevaluating
2024-10-15 00:48:34.021455 Papa: Whiskey and Foxtrot, sending you 2
2024-10-15 00:48:34.023132 Bravo: Same as last round
2024-10-15 00:48:34.023696 Mike: Whiskey, sending you 3
2024-10-15 00:48:34.024699 Zulu: Sending you each 6
2024-10-15 00:48:34.026691 Whiskey: Papa, Uniform, Mike, Sierra and Quebec, sending you 2
2024-10-15 00:48:34.027470 Quebec: Papa, Whiskey, Uniform, Mike and Foxtrot, sending you 1
2024-10-15 00:48:34.028985 Papa: Uniform, sending you 3
2024-10-15 00:48:34.029796 Sierra: Papa and Mike, sending you 4
2024-10-15 00:48:34.030319 Mike: Uniform and Sierra, sending you 4
2024-10-15 00:48:34.031438 Whiskey: Foxtrot, sending you 1
2024-10-15 00:48:34.032711 Papa: Sierra, sending you 4
2024-10-15 00:48:34.034253 Quebec: Sierra, sending you 2
2024-10-15 00:48:34.034913 Sierra: Whiskey, Uniform and Quebec, sending you 3
2024-10-15 00:48:34.035349 Mike: Quebec, sending you 2
2024-10-15 00:48:34.037675 Papa: Quebec, sending you 1
2024-10-15 00:48:34.039079 Foxtrot: Papa and Uniform, sending you 2
2024-10-15 00:48:34.042732 Oscar: Bravo and Quebec, sending you 2
2024-10-15 00:48:34.044670 Foxtrot: Whiskey, Mike, Sierra and Quebec, sending you 1
2024-10-15 00:48:34.045687 Oscar: Zulu, sending you 1
chatterbot Whiskey submitting transactions
chatterbot Sierra submitting transactions
chatterbot Quebec submitting transactions
chatterbot Mike submitting transactions
chatterbot Zulu submitting transactions
chatterbot Uniform submitting transactions
chatterbot Papa submitting transactions
chatterbot Foxtrot submitting transactions
chatterbot Oscar submitting transactions
chatterbot Bravo submitting transactions
ChatterBot Papa round 10
ChatterBot Bravo round 10
ChatterBot Whiskey round 10
ChatterBot Uniform round 10
ChatterBot Zulu round 10
ChatterBot Mike round 10
ChatterBot Oscar round 10
ChatterBot Sierra round 10
ChatterBot Quebec round 10
ChatterBot Foxtrot round 10
2024-10-15 00:48:35.008754 Oscar: We should replace Quebec with Whiskey
ChatterBot Zulu reevaluating
2024-10-15 00:48:35.018064 Bravo: No
2024-10-15 00:48:35.018402 Zulu: Yes
ChatterBot Zulu reevaluating
ChatterBot Oscar reevaluating
ChatterBot Oscar reevaluating
2024-10-15 00:48:35.061283 Oscar: We should replace Quebec with Mike
ChatterBot Zulu reevaluating
2024-10-15 00:48:35.071505 Bravo: No
2024-10-15 00:48:35.071816 Zulu: Yes
ChatterBot Zulu reevaluating
ChatterBot Oscar reevaluating
ChatterBot Oscar reevaluating
2024-10-15 00:48:35.096628 Oscar: We should replace Quebec with Papa
2024-10-15 00:48:35.105780 Bravo: No
2024-10-15 00:48:35.106744 Zulu: No
ChatterBot Oscar reevaluating
ChatterBot Oscar reevaluating
2024-10-15 00:48:35.126188 Oscar: We should replace Quebec with Sierra
2024-10-15 00:48:35.135508 Bravo: No
2024-10-15 00:48:35.136192 Zulu: No
ChatterBot Oscar reevaluating
ChatterBot Oscar reevaluating
2024-10-15 00:48:35.155415 Papa: Whiskey and Foxtrot, sending you 2
2024-10-15 00:48:35.159350 Mike: Whiskey, sending you 3
2024-10-15 00:48:35.161593 Bravo: Same as last round
2024-10-15 00:48:35.162574 Whiskey: Papa, Uniform, Mike, Sierra and Quebec, sending you 2
2024-10-15 00:48:35.165809 Papa: Uniform, sending you 3
2024-10-15 00:48:35.169468 Quebec: Papa, Whiskey, Uniform, Mike and Foxtrot, sending you 1
2024-10-15 00:48:35.173043 Foxtrot: Papa and Uniform, sending you 2
2024-10-15 00:48:35.176588 Mike: Uniform and Sierra, sending you 4
2024-10-15 00:48:35.179337 Sierra: Papa and Mike, sending you 4
2024-10-15 00:48:35.182007 Whiskey: Foxtrot, sending you 1
2024-10-15 00:48:35.185307 Papa: Sierra, sending you 4
2024-10-15 00:48:35.188310 Quebec: Sierra, sending you 2
2024-10-15 00:48:35.190841 Foxtrot: Whiskey, Mike, Sierra and Quebec, sending you 1
2024-10-15 00:48:35.193574 Mike: Quebec, sending you 2
2024-10-15 00:48:35.195437 Sierra: Whiskey, Uniform and Quebec, sending you 3
2024-10-15 00:48:35.197416 Zulu: Bravo, sending you 5
2024-10-15 00:48:35.198505 Papa: Quebec, sending you 1
2024-10-15 00:48:35.201579 Oscar: Bravo and Foxtrot, sending you 2
2024-10-15 00:48:35.202343 Zulu: Mike, sending you 3
2024-10-15 00:48:35.206069 Oscar: Zulu, sending you 1
2024-10-15 00:48:35.208517 Zulu: Oscar, sending you 4
chatterbot Papa submitting transactions
chatterbot Foxtrot submitting transactions
chatterbot Zulu submitting transactions
chatterbot Quebec submitting transactions
chatterbot Oscar submitting transactions
chatterbot Sierra submitting transactions
chatterbot Bravo submitting transactions
chatterbot Uniform submitting transactions
chatterbot Whiskey submitting transactions
chatterbot Mike submitting transactions
ChatterBot Papa round 11
ChatterBot Bravo round 11
ChatterBot Whiskey round 11
ChatterBot Uniform round 11
ChatterBot Zulu round 11
ChatterBot Mike round 11
ChatterBot Oscar round 11
ChatterBot Sierra round 11
ChatterBot Quebec round 11
ChatterBot Foxtrot round 11
2024-10-15 00:48:36.144831 Oscar: We should replace Foxtrot with Papa
ChatterBot Zulu reevaluating
2024-10-15 00:48:36.151826 Bravo: No
2024-10-15 00:48:36.152055 Zulu: No
ChatterBot Zulu reevaluating
ChatterBot Oscar reevaluating
ChatterBot Oscar reevaluating
2024-10-15 00:48:36.183204 Oscar: We should replace Foxtrot with Mike
ChatterBot Zulu reevaluating
2024-10-15 00:48:36.190900 Bravo: No
2024-10-15 00:48:36.191088 Zulu: Yes
ChatterBot Zulu reevaluating
ChatterBot Oscar reevaluating
ChatterBot Oscar reevaluating
2024-10-15 00:48:36.207680 Papa: Whiskey and Foxtrot, sending you 2
2024-10-15 00:48:36.208643 Bravo: Same as last round
2024-10-15 00:48:36.209173 Whiskey: Papa, Uniform, Mike, Sierra and Quebec, sending you 2
2024-10-15 00:48:36.210040 Sierra: Papa and Mike, sending you 4
2024-10-15 00:48:36.210689 Papa: Uniform, sending you 3
2024-10-15 00:48:36.212664 Whiskey: Foxtrot, sending you 1
2024-10-15 00:48:36.214676 Sierra: Whiskey, Uniform and Quebec, sending you 3
2024-10-15 00:48:36.216135 Papa: Sierra, sending you 4
2024-10-15 00:48:36.217013 Quebec: Papa, Whiskey, Uniform, Mike and Foxtrot, sending you 1
2024-10-15 00:48:36.219683 Mike: Whiskey, sending you 3
2024-10-15 00:48:36.220903 Papa: Quebec, sending you 1
2024-10-15 00:48:36.221665 Quebec: Sierra, sending you 2
2024-10-15 00:48:36.222896 Zulu: Bravo, sending you 5
2024-10-15 00:48:36.223683 Mike: Uniform and Sierra, sending you 4
2024-10-15 00:48:36.225751 Foxtrot: Papa and Uniform, sending you 2
2024-10-15 00:48:36.226766 Oscar: Bravo and Quebec, sending you 2
2024-10-15 00:48:36.227104 Zulu: Whiskey, sending you 3
2024-10-15 00:48:36.227678 Mike: Quebec, sending you 2
2024-10-15 00:48:36.231651 Foxtrot: Whiskey, Mike, Sierra and Quebec, sending you 1
2024-10-15 00:48:36.233544 Oscar: Zulu, sending you 1
2024-10-15 00:48:36.233951 Zulu: Oscar, sending you 4
chatterbot Sierra submitting transactions
chatterbot Foxtrot submitting transactions
chatterbot Papa submitting transactions
chatterbot Quebec submitting transactions
chatterbot Uniform submitting transactions
chatterbot Bravo submitting transactions
chatterbot Whiskey submitting transactions
chatterbot Zulu submitting transactions
chatterbot Mike submitting transactions
chatterbot Oscar submitting transactions
ChatterBot Papa round 12
ChatterBot Bravo round 12
ChatterBot Whiskey round 12
ChatterBot Uniform round 12
ChatterBot Zulu round 12
ChatterBot Mike round 12
ChatterBot Oscar round 12
ChatterBot Sierra round 12
ChatterBot Quebec round 12
ChatterBot Foxtrot round 12
2024-10-15 00:48:37.437332 Oscar: We should replace Quebec with Mike
2024-10-15 00:48:37.446477 Bravo: No
2024-10-15 00:48:37.446729 Zulu: Yes
ChatterBot Oscar reevaluating
ChatterBot Oscar reevaluating
2024-10-15 00:48:37.484523 Mike: We should add Foxtrot
2024-10-15 00:48:37.499524 Sierra: No
2024-10-15 00:48:37.499722 Papa: Yes
2024-10-15 00:48:37.499927 Whiskey: Yes
2024-10-15 00:48:37.500551 Uniform: Yes
2024-10-15 00:48:37.500676 Quebec: Yes
ChatterBot Mike reevaluating
ChatterBot Mike reevaluating
ChatterBot Mike reevaluating
ChatterBot Mike reevaluating
ChatterBot Sierra reevaluating
ChatterBot Mike reevaluating
2024-10-15 00:48:37.562347 Sierra: We should replace Whiskey with Foxtrot
ChatterBot Mike reevaluating
2024-10-15 00:48:37.574371 Papa: No
2024-10-15 00:48:37.574566 Uniform: No
2024-10-15 00:48:37.574682 Mike: No
2024-10-15 00:48:37.574800 Quebec: No
ChatterBot Sierra reevaluating
ChatterBot Mike reevaluating
ChatterBot Sierra reevaluating
ChatterBot Mike reevaluating
ChatterBot Sierra reevaluating
ChatterBot Sierra reevaluating
ChatterBot Mike reevaluating
2024-10-15 00:48:37.620517 Mike: We should replace Papa with Foxtrot
ChatterBot Sierra reevaluating
2024-10-15 00:48:37.630060 Whiskey: No
2024-10-15 00:48:37.630189 Uniform: No
2024-10-15 00:48:37.630289 Sierra: Yes
2024-10-15 00:48:37.630386 Quebec: No
ChatterBot Mike reevaluating
ChatterBot Sierra reevaluating
ChatterBot Mike reevaluating
ChatterBot Sierra reevaluating
ChatterBot Mike reevaluating
ChatterBot Mike reevaluating
ChatterBot Sierra reevaluating
2024-10-15 00:48:37.668678 Bravo: Same as last round
2024-10-15 00:48:37.669829 Papa: Whiskey and Foxtrot, sending you 2
2024-10-15 00:48:37.670821 Zulu: Bravo, sending you 5
2024-10-15 00:48:37.671138 Whiskey: Papa, Uniform, Mike, Sierra and Quebec, sending you 2
2024-10-15 00:48:37.673716 Papa: Uniform, sending you 3
2024-10-15 00:48:37.675698 Zulu: Mike, sending you 3
2024-10-15 00:48:37.676444 Sierra: Foxtrot we want you to join our group
2024-10-15 00:48:37.680568 Foxtrot: Yes
ChatterBot Sierra reevaluating
ChatterBot Mike reevaluating
2024-10-15 00:48:37.696418 Sierra: We should replace Quebec with Foxtrot
ChatterBot Mike reevaluating
2024-10-15 00:48:37.708261 Mike: Yes
2024-10-15 00:48:37.708448 Papa: No
2024-10-15 00:48:37.708580 Whiskey: No
2024-10-15 00:48:37.708718 Uniform: No
ChatterBot Sierra reevaluating
ChatterBot Mike reevaluating
ChatterBot Sierra reevaluating
ChatterBot Mike reevaluating
ChatterBot Sierra reevaluating
ChatterBot Mike reevaluating
ChatterBot Sierra reevaluating
2024-10-15 00:48:37.749725 Foxtrot: Papa and Uniform, sending you 2
2024-10-15 00:48:37.750931 Whiskey: Foxtrot, sending you 1
2024-10-15 00:48:37.751559 Papa: Sierra, sending you 4
2024-10-15 00:48:37.752736 Zulu: Oscar, sending you 4
2024-10-15 00:48:37.753657 Mike: Foxtrot we want you to join our group
2024-10-15 00:48:37.757018 Foxtrot: Yes
ChatterBot Mike reevaluating
ChatterBot Sierra reevaluating
2024-10-15 00:48:37.770985 Foxtrot: Whiskey, Mike, Sierra and Quebec, sending you 1
2024-10-15 00:48:37.771917 Oscar: Bravo and Foxtrot, sending you 2
2024-10-15 00:48:37.772685 Papa: Quebec, sending you 1
2024-10-15 00:48:37.773467 Quebec: Papa, Whiskey, Uniform, Mike and Foxtrot, sending you 1
2024-10-15 00:48:37.775678 Oscar: Zulu, sending you 1
2024-10-15 00:48:37.776682 Quebec: Sierra, sending you 2
2024-10-15 00:48:37.792676 Mike: Whiskey, sending you 3
2024-10-15 00:48:37.797661 Mike: Uniform and Sierra, sending you 4
2024-10-15 00:48:37.800670 Mike: Foxtrot, sending you 2
2024-10-15 00:48:37.804657 Sierra: Papa and Mike, sending you 4
2024-10-15 00:48:37.809654 Sierra: Whiskey, Uniform and Foxtrot, sending you 3
chatterbot Bravo submitting transactions
chatterbot Papa submitting transactions
chatterbot Oscar submitting transactions
chatterbot Foxtrot submitting transactions
chatterbot Uniform submitting transactions
chatterbot Quebec submitting transactions
chatterbot Whiskey submitting transactions
chatterbot Sierra submitting transactions
chatterbot Zulu submitting transactions
chatterbot Mike submitting transactions
ChatterBot Papa round 13
ChatterBot Bravo round 13
ChatterBot Whiskey round 13
ChatterBot Uniform round 13
ChatterBot Zulu round 13
ChatterBot Mike round 13
ChatterBot Oscar round 13
ChatterBot Sierra round 13
ChatterBot Quebec round 13
ChatterBot Foxtrot round 13
2024-10-15 00:48:38.932055 Papa: Whiskey, Uniform and Foxtrot, sending you 2
2024-10-15 00:48:38.934888 Zulu: Bravo, sending you 5
2024-10-15 00:48:38.936868 Sierra: Papa and Mike, sending you 4
2024-10-15 00:48:38.939171 Bravo: Same as last round
2024-10-15 00:48:38.940138 Whiskey: Papa, Uniform, Mike, Sierra and Quebec, sending you 2
2024-10-15 00:48:38.943817 Papa: Sierra, sending you 5
2024-10-15 00:48:38.946964 Zulu: Mike, sending you 3
2024-10-15 00:48:38.947713 Sierra: Whiskey, Uniform and Foxtrot, sending you 3
2024-10-15 00:48:38.950118 Oscar: Bravo, sending you 2
2024-10-15 00:48:38.951591 Foxtrot: Papa and Uniform, sending you 2
2024-10-15 00:48:38.955423 Whiskey: Foxtrot, sending you 1
2024-10-15 00:48:38.959182 Mike: Whiskey, sending you 3
2024-10-15 00:48:38.961815 Quebec: Papa, Whiskey, Mike, Sierra and Foxtrot, sending you 1
2024-10-15 00:48:38.965425 Papa: Quebec, sending you 1
2024-10-15 00:48:38.968339 Zulu: Oscar, sending you 4
2024-10-15 00:48:38.969663 Oscar: Zulu, sending you 1
2024-10-15 00:48:38.970582 Foxtrot: Whiskey, Mike, Sierra and Quebec, sending you 1
2024-10-15 00:48:38.974393 Mike: Uniform, sending you 4
2024-10-15 00:48:38.975959 Quebec: Uniform, sending you 2
2024-10-15 00:48:38.981659 Mike: Sierra, sending you 5
2024-10-15 00:48:38.987680 Mike: Foxtrot, sending you 1
chatterbot Foxtrot submitting transactions
chatterbot Papa submitting transactions
chatterbot Whiskey submitting transactions
chatterbot Quebec submitting transactions
chatterbot Zulu submitting transactions
chatterbot Oscar submitting transactions
chatterbot Uniform submitting transactions
chatterbot Bravo submitting transactions
chatterbot Sierra submitting transactions
chatterbot Mike submitting transactions
ChatterBot Papa round 14
ChatterBot Bravo round 14
ChatterBot Whiskey round 14
ChatterBot Uniform round 14
ChatterBot Zulu round 14
ChatterBot Mike round 14
ChatterBot Oscar round 14
ChatterBot Sierra round 14
ChatterBot Quebec round 14
ChatterBot Foxtrot round 14
2024-10-15 00:48:40.080311 Oscar: We should add Whiskey
ChatterBot Zulu reevaluating
