ChatterBot Whiskey round 1
ChatterBot Romeo round 1
ChatterBot Echo round 1
ChatterBot November round 1
ChatterBot Tango round 1
ChatterBot Juliett round 1
ChatterBot Lima round 1
ChatterBot Victor round 1
ChatterBot Quebec round 1
ChatterBot Golf round 1
randomSelections Tango: {Tango, Lima, Romeo, Victor, Golf, November} 
2024-10-15 00:48:22.516528 Tango: Can we be friends?
ChatterBot Lima reevaluating
ChatterBot Romeo reevaluating
ChatterBot Victor reevaluating
ChatterBot Golf reevaluating
ChatterBot November reevaluating
2024-10-15 00:48:22.529741 Lima: Yes
2024-10-15 00:48:22.529952 Romeo: Yes
2024-10-15 00:48:22.530114 Victor: Yes
2024-10-15 00:48:22.530280 Golf: Yes
2024-10-15 00:48:22.530445 November: Yes
ChatterBot Romeo reevaluating
ChatterBot Victor reevaluating
ChatterBot Golf reevaluating
ChatterBot November reevaluating
ChatterBot Lima reevaluating
ChatterBot Victor reevaluating
ChatterBot Golf reevaluating
ChatterBot November reevaluating
ChatterBot Lima reevaluating
ChatterBot Romeo reevaluating
ChatterBot Golf reevaluating
ChatterBot November reevaluating
ChatterBot Lima reevaluating
ChatterBot Romeo reevaluating
ChatterBot Victor reevaluating
ChatterBot November reevaluating
ChatterBot Lima reevaluating
ChatterBot Romeo reevaluating
ChatterBot Victor reevaluating
ChatterBot Golf reevaluating
randomSelections Echo: {Echo, Victor, Golf, Tango, Lima, November, Quebec} 
2024-10-15 00:48:22.592977 Echo: Group up?
ChatterBot Victor reevaluating
ChatterBot Golf reevaluating
ChatterBot Lima reevaluating
ChatterBot November reevaluating
ChatterBot Quebec reevaluating
2024-10-15 00:48:22.676174 Victor: No
2024-10-15 00:48:22.676424 Golf: No
2024-10-15 00:48:22.676628 Tango: No
2024-10-15 00:48:22.678868 Lima: No
2024-10-15 00:48:22.679071 November: No
2024-10-15 00:48:22.679263 Quebec: Yes
ChatterBot Golf reevaluating
ChatterBot Lima reevaluating
ChatterBot November reevaluating
ChatterBot Quebec reevaluating
ChatterBot Victor reevaluating
ChatterBot Lima reevaluating
ChatterBot November reevaluating
ChatterBot Quebec reevaluating
ChatterBot Victor reevaluating
ChatterBot Golf reevaluating
ChatterBot Lima reevaluating
ChatterBot November reevaluating
ChatterBot Quebec reevaluating
ChatterBot Victor reevaluating
ChatterBot Golf reevaluating
ChatterBot November reevaluating
ChatterBot Quebec reevaluating
ChatterBot Victor reevaluating
ChatterBot Golf reevaluating
ChatterBot Lima reevaluating
ChatterBot Quebec reevaluating
ChatterBot Victor reevaluating
ChatterBot Golf reevaluating
ChatterBot Lima reevaluating
ChatterBot November reevaluating
randomSelections Juliett: {Juliett, Whiskey, Quebec, Golf, Lima, November, Echo, Tango} 
2024-10-15 00:48:22.834342 Juliett: Group up?
ChatterBot Whiskey reevaluating
ChatterBot Quebec reevaluating
ChatterBot Golf reevaluating
ChatterBot Lima reevaluating
ChatterBot November reevaluating
2024-10-15 00:48:22.852760 Whiskey: Yes
2024-10-15 00:48:22.853104 Quebec: No
2024-10-15 00:48:22.854540 Golf: No
2024-10-15 00:48:22.855049 Lima: No
2024-10-15 00:48:22.856022 November: No
2024-10-15 00:48:22.856260 Echo: No
2024-10-15 00:48:22.856454 Tango: No
ChatterBot Quebec reevaluating
ChatterBot Golf reevaluating
ChatterBot Lima reevaluating
ChatterBot November reevaluating
ChatterBot Whiskey reevaluating
ChatterBot Golf reevaluating
ChatterBot Lima reevaluating
ChatterBot November reevaluating
ChatterBot Whiskey reevaluating
ChatterBot Quebec reevaluating
ChatterBot Lima reevaluating
ChatterBot November reevaluating
ChatterBot Whiskey reevaluating
ChatterBot Quebec reevaluating
ChatterBot Golf reevaluating
ChatterBot November reevaluating
ChatterBot Whiskey reevaluating
ChatterBot Quebec reevaluating
ChatterBot Golf reevaluating
ChatterBot Lima reevaluating
ChatterBot Whiskey reevaluating
ChatterBot Quebec reevaluating
ChatterBot Golf reevaluating
ChatterBot Lima reevaluating
ChatterBot November reevaluating
ChatterBot Whiskey reevaluating
ChatterBot Quebec reevaluating
ChatterBot Golf reevaluating
ChatterBot Lima reevaluating
ChatterBot November reevaluating
2024-10-15 00:48:22.978694 Juliett: Whiskey, Echo and November, sending you 1
2024-10-15 00:48:22.981156 Romeo: November, sending you 3
2024-10-15 00:48:22.984599 Victor: Romeo and November, sending you 4
2024-10-15 00:48:22.987174 Juliett: Lima, sending you 2
2024-10-15 00:48:22.989708 Romeo: Tango and Golf, sending you 2
2024-10-15 00:48:22.990458 Whiskey: Echo, November, Juliett and Quebec, sending you 1
2024-10-15 00:48:22.991304 Victor: Tango and Lima, sending you 1
2024-10-15 00:48:22.992635 Golf: Romeo and Lima, sending you 4
2024-10-15 00:48:22.993377 November: Romeo, Lima, Victor and Golf, sending you 2
2024-10-15 00:48:22.993920 Tango: Romeo, November and Victor, sending you 2
2024-10-15 00:48:22.994355 Lima: Romeo, Tango and Golf, sending you 3
2024-10-15 00:48:22.994714 Quebec: Echo and Lima, sending you 2
2024-10-15 00:48:22.995100 Echo: November, Lima and Golf, sending you 3
2024-10-15 00:48:22.995396 Romeo: Victor, sending you 1
2024-10-15 00:48:22.995658 Juliett: Golf, sending you 3
2024-10-15 00:48:22.996865 Whiskey: Golf, sending you 4
2024-10-15 00:48:22.997519 Victor: Golf, sending you 3
2024-10-15 00:48:22.997859 Golf: November, sending you 3
2024-10-15 00:48:22.998188 November: Tango, sending you 1
2024-10-15 00:48:22.998449 Tango: Lima, sending you 1
2024-10-15 00:48:22.998685 Quebec: November and Tango, sending you 3
2024-10-15 00:48:22.999689 Lima: Victor, sending you 4
2024-10-15 00:48:23.000163 Echo: Tango and Quebec, sending you 1
2024-10-15 00:48:23.002665 Golf: Tango and Victor, sending you 2
2024-10-15 00:48:23.003723 Quebec: Victor, sending you 1
chatterbot Tango submitting transactions
chatterbot Victor submitting transactions
chatterbot Golf submitting transactions
chatterbot November submitting transactions
chatterbot Juliett submitting transactions
chatterbot Echo submitting transactions
chatterbot Quebec submitting transactions
chatterbot Romeo submitting transactions
chatterbot Lima submitting transactions
chatterbot Whiskey submitting transactions
ChatterBot Whiskey round 2
ChatterBot Romeo round 2
ChatterBot Echo round 2
ChatterBot November round 2
ChatterBot Tango round 2
ChatterBot Juliett round 2
ChatterBot Lima round 2
ChatterBot Victor round 2
ChatterBot Quebec round 2
ChatterBot Golf round 2
2024-10-15 00:48:24.582111 Romeo: We should add Echo
ChatterBot Tango reevaluating
ChatterBot Lima reevaluating
ChatterBot Victor reevaluating
ChatterBot Golf reevaluating
ChatterBot November reevaluating
2024-10-15 00:48:24.726190 Tango: No
2024-10-15 00:48:24.727296 Lima: No
2024-10-15 00:48:24.727641 Victor: No
2024-10-15 00:48:24.727895 Golf: No
2024-10-15 00:48:24.728737 November: Yes
ChatterBot Lima reevaluating
ChatterBot Romeo reevaluating
ChatterBot Victor reevaluating
ChatterBot Golf reevaluating
ChatterBot November reevaluating
ChatterBot Tango reevaluating
ChatterBot Romeo reevaluating
ChatterBot Victor reevaluating
ChatterBot Golf reevaluating
ChatterBot November reevaluating
ChatterBot Tango reevaluating
ChatterBot Lima reevaluating
ChatterBot Romeo reevaluating
ChatterBot Golf reevaluating
ChatterBot November reevaluating
ChatterBot Tango reevaluating
ChatterBot Lima reevaluating
ChatterBot Romeo reevaluating
ChatterBot Victor reevaluating
ChatterBot November reevaluating
ChatterBot Tango reevaluating
ChatterBot Lima reevaluating
ChatterBot Romeo reevaluating
ChatterBot Victor reevaluating
ChatterBot Golf reevaluating
2024-10-15 00:48:24.845468 November: We should add Echo and Quebec
ChatterBot Tango reevaluating
ChatterBot Lima reevaluating
ChatterBot Romeo reevaluating
ChatterBot Victor reevaluating
ChatterBot Golf reevaluating
2024-10-15 00:48:24.867713 Tango: No
2024-10-15 00:48:24.867921 Lima: No
2024-10-15 00:48:24.868565 Romeo: No
2024-10-15 00:48:24.868725 Victor: No
2024-10-15 00:48:24.868828 Golf: No
ChatterBot Lima reevaluating
ChatterBot Romeo reevaluating
ChatterBot Victor reevaluating
ChatterBot Golf reevaluating
ChatterBot November reevaluating
ChatterBot Tango reevaluating
ChatterBot Romeo reevaluating
ChatterBot Victor reevaluating
ChatterBot Golf reevaluating
ChatterBot November reevaluating
ChatterBot Tango reevaluating
ChatterBot Lima reevaluating
ChatterBot Victor reevaluating
ChatterBot Golf reevaluating
ChatterBot November reevaluating
ChatterBot Tango reevaluating
ChatterBot Lima reevaluating
ChatterBot Romeo reevaluating
ChatterBot Golf reevaluating
ChatterBot November reevaluating
ChatterBot Tango reevaluating
ChatterBot Lima reevaluating
ChatterBot Romeo reevaluating
ChatterBot Victor reevaluating
ChatterBot November reevaluating
2024-10-15 00:48:24.986147 Quebec: We would work well together
ChatterBot Echo reevaluating
ChatterBot Whiskey reevaluating
ChatterBot Juliett reevaluating
2024-10-15 00:48:24.999890 Echo: Yes
2024-10-15 00:48:25.001816 Whiskey: Yes
2024-10-15 00:48:25.002741 Juliett: Yes
ChatterBot Whiskey reevaluating
ChatterBot Juliett reevaluating
ChatterBot Echo reevaluating
ChatterBot Juliett reevaluating
ChatterBot Echo reevaluating
ChatterBot Whiskey reevaluating
2024-10-15 00:48:25.042520 Whiskey: Friends?
ChatterBot Echo reevaluating
ChatterBot Juliett reevaluating
2024-10-15 00:48:25.055020 Quebec: Yes
2024-10-15 00:48:25.055801 Echo: Yes
2024-10-15 00:48:25.055923 Juliett: Yes
ChatterBot Echo reevaluating
ChatterBot Whiskey reevaluating
ChatterBot Juliett reevaluating
ChatterBot Whiskey reevaluating
ChatterBot Juliett reevaluating
ChatterBot Echo reevaluating
ChatterBot Whiskey reevaluating
2024-10-15 00:48:25.143331 Quebec: Whiskey and Echo, sending you 5
2024-10-15 00:48:25.143603 Victor: Romeo, sending you 1
2024-10-15 00:48:25.143990 Tango: Sending you each 2
2024-10-15 00:48:25.145087 Echo: Whiskey and Juliett, sending you 3
2024-10-15 00:48:25.147546 Quebec: Juliett, sending you 1
2024-10-15 00:48:25.147759 Juliett: Whiskey, sending you 6
2024-10-15 00:48:25.148498 Whiskey: Echo and Juliett, sending you 3
2024-10-15 00:48:25.148702 Echo: Quebec, sending you 5
2024-10-15 00:48:25.148936 Victor: November, sending you 3
2024-10-15 00:48:25.154987 Juliett: Echo and Quebec, sending you 1
2024-10-15 00:48:25.155285 Whiskey: Quebec, sending you 2
2024-10-15 00:48:25.155502 Lima: Romeo, Tango and Victor, sending you 2
2024-10-15 00:48:25.155852 Victor: Tango and Golf, sending you 2
2024-10-15 00:48:25.160274 November: Sending you each 2
2024-10-15 00:48:25.160581 Romeo: November and Tango, sending you 1
2024-10-15 00:48:25.161347 Golf: Romeo, November, Lima and Victor, sending you 4
2024-10-15 00:48:25.161690 Lima: November, sending you 3
2024-10-15 00:48:25.161976 Victor: Lima, sending you 5
2024-10-15 00:48:25.166173 Romeo: Lima, Victor and Golf, sending you 2
2024-10-15 00:48:25.166490 Lima: Golf, sending you 5
chatterbot Whiskey submitting transactions
chatterbot Quebec submitting transactions
chatterbot Lima submitting transactions
chatterbot Juliett submitting transactions
chatterbot Romeo submitting transactions
chatterbot Tango submitting transactions
chatterbot November submitting transactions
chatterbot Golf submitting transactions
chatterbot Victor submitting transactions
chatterbot Echo submitting transactions
ChatterBot Whiskey round 3
ChatterBot Romeo round 3
ChatterBot Echo round 3
ChatterBot November round 3
ChatterBot Tango round 3
ChatterBot Juliett round 3
ChatterBot Lima round 3
ChatterBot Victor round 3
ChatterBot Quebec round 3
ChatterBot Golf round 3
2024-10-15 00:48:26.388378 Echo: We should add Tango
ChatterBot Quebec reevaluating
ChatterBot Juliett reevaluating
2024-10-15 00:48:26.398284 Quebec: Yes
2024-10-15 00:48:26.398432 Whiskey: No
2024-10-15 00:48:26.398604 Juliett: Yes
ChatterBot Juliett reevaluating
ChatterBot Quebec reevaluating
ChatterBot Echo reevaluating
ChatterBot Juliett reevaluating
ChatterBot Quebec reevaluating
ChatterBot Echo reevaluating
2024-10-15 00:48:26.457899 Juliett: Tango we want you to join our group
2024-10-15 00:48:26.461493 Tango: No
ChatterBot Echo reevaluating
ChatterBot Quebec reevaluating
2024-10-15 00:48:26.474779 Quebec: We should add Golf
ChatterBot Echo reevaluating
ChatterBot Juliett reevaluating
2024-10-15 00:48:26.485706 Echo: No
2024-10-15 00:48:26.485854 Whiskey: No
2024-10-15 00:48:26.485991 Juliett: Yes
ChatterBot Quebec reevaluating
ChatterBot Juliett reevaluating
ChatterBot Quebec reevaluating
ChatterBot Echo reevaluating
ChatterBot Juliett reevaluating
ChatterBot Quebec reevaluating
ChatterBot Echo reevaluating
2024-10-15 00:48:26.520087 Whiskey: Echo, sending you 2
2024-10-15 00:48:26.523465 Romeo: November, Tango and Victor, sending you 1
2024-10-15 00:48:26.524574 Victor: Romeo, November and Tango, sending you 2
2024-10-15 00:48:26.525300 Whiskey: Juliett and Quebec, sending you 3
2024-10-15 00:48:26.526661 Romeo: Lima, sending you 2
2024-10-15 00:48:26.527922 Victor: Lima, sending you 3
2024-10-15 00:48:26.529987 November: Same as last round
2024-10-15 00:48:26.531400 Romeo: Golf, sending you 3
2024-10-15 00:48:26.531877 Lima: Romeo, sending you 2
2024-10-15 00:48:26.532213 Victor: Golf, sending you 4
2024-10-15 00:48:26.534872 Tango: Same as last round
2024-10-15 00:48:26.535417 Lima: November, Tango and Victor, sending you 3
2024-10-15 00:48:26.563252 Echo: Whiskey, sending you 4
2024-10-15 00:48:26.563778 Lima: Golf, sending you 4
2024-10-15 00:48:26.565270 Golf: Romeo, November and Tango, sending you 3
2024-10-15 00:48:26.568972 Echo: Juliett, sending you 2
2024-10-15 00:48:26.575243 Quebec: Whiskey, sending you 3
2024-10-15 00:48:26.576213 Golf: Lima and Victor, sending you 4
2024-10-15 00:48:26.576902 Echo: Quebec, sending you 5
2024-10-15 00:48:26.584459 Quebec: Echo, sending you 6
2024-10-15 00:48:26.590176 Quebec: Juliett, sending you 2
chatterbot Tango submitting transactions
chatterbot Lima submitting transactions
chatterbot Whiskey submitting transactions
chatterbot Romeo submitting transactions
chatterbot Quebec submitting transactions
chatterbot November submitting transactions
chatterbot Juliett submitting transactions
chatterbot Victor submitting transactions
chatterbot Golf submitting transactions
chatterbot Echo submitting transactions
ChatterBot Whiskey round 4
ChatterBot Romeo round 4
ChatterBot Echo round 4
ChatterBot November round 4
ChatterBot Tango round 4
ChatterBot Juliett round 4
ChatterBot Lima round 4
ChatterBot Victor round 4
ChatterBot Quebec round 4
ChatterBot Golf round 4
2024-10-15 00:48:27.932080 Juliett: We should add Tango
2024-10-15 00:48:27.941129 Quebec: No
2024-10-15 00:48:27.941292 Echo: No
2024-10-15 00:48:27.941884 Whiskey: No
ChatterBot Juliett reevaluating
ChatterBot Quebec reevaluating
ChatterBot Juliett reevaluating
ChatterBot Quebec reevaluating
ChatterBot Juliett reevaluating
2024-10-15 00:48:27.991302 Quebec: We should add November
ChatterBot Echo reevaluating
ChatterBot Juliett reevaluating
2024-10-15 00:48:28.001717 Echo: Yes
2024-10-15 00:48:28.001853 Whiskey: No
2024-10-15 00:48:28.001957 Juliett: Yes
ChatterBot Quebec reevaluating
ChatterBot Juliett reevaluating
ChatterBot Quebec reevaluating
ChatterBot Echo reevaluating
ChatterBot Juliett reevaluating
ChatterBot Quebec reevaluating
ChatterBot Echo reevaluating
2024-10-15 00:48:28.101223 Juliett: November we want you to join our group
2024-10-15 00:48:28.126977 November: No
ChatterBot Juliett reevaluating
ChatterBot Echo reevaluating
2024-10-15 00:48:28.198839 Juliett: We should add Lima
ChatterBot Quebec reevaluating
ChatterBot Echo reevaluating
2024-10-15 00:48:28.216553 Quebec: Yes
2024-10-15 00:48:28.217421 Echo: No
2024-10-15 00:48:28.217812 Whiskey: No
ChatterBot Echo reevaluating
ChatterBot Juliett reevaluating
ChatterBot Quebec reevaluating
ChatterBot Juliett reevaluating
ChatterBot Quebec reevaluating
ChatterBot Echo reevaluating
ChatterBot Juliett reevaluating
2024-10-15 00:48:28.284389 Lima: Romeo, sending you 2
2024-10-15 00:48:28.286293 November: Same as last round
2024-10-15 00:48:28.287716 Romeo: November, Lima and Golf, sending you 2
2024-10-15 00:48:28.289299 Tango: Same as last round
2024-10-15 00:48:28.290607 Whiskey: Echo, sending you 2
2024-10-15 00:48:28.291288 Victor: Romeo, November and Tango, sending you 2
2024-10-15 00:48:28.292943 Lima: November, Tango and Victor, sending you 3
2024-10-15 00:48:28.294388 Romeo: Tango and Victor, sending you 1
2024-10-15 00:48:28.295769 Whiskey: Juliett and Quebec, sending you 3
2024-10-15 00:48:28.299958 Victor: Lima, sending you 3
2024-10-15 00:48:28.301695 Golf: Romeo, Lima and Victor, sending you 4
2024-10-15 00:48:28.303390 Lima: Golf, sending you 4
2024-10-15 00:48:28.311760 Victor: Golf, sending you 4
2024-10-15 00:48:28.313321 Golf: November, sending you 3
2024-10-15 00:48:28.314171 Echo: Whiskey and Juliett, sending you 3
2024-10-15 00:48:28.315323 Quebec: Whiskey, sending you 3
2024-10-15 00:48:28.318897 Golf: Tango, sending you 2
2024-10-15 00:48:28.320347 Echo: Quebec, sending you 5
2024-10-15 00:48:28.321003 Quebec: Echo, sending you 6
2024-10-15 00:48:28.322355 Juliett: Whiskey, sending you 3
chatterbot November submitting transactions
2024-10-15 00:48:28.327110 Quebec: Juliett, sending you 2
2024-10-15 00:48:28.327775 Juliett: Echo and Quebec, sending you 2
2024-10-15 00:48:28.404210 Juliett: November, sending you 1
chatterbot Golf submitting transactions
chatterbot Tango submitting transactions
chatterbot Juliett submitting transactions
chatterbot Victor submitting transactions
chatterbot Whiskey submitting transactions
chatterbot Lima submitting transactions
chatterbot Romeo submitting transactions
chatterbot Echo submitting transactions
chatterbot Quebec submitting transactions
ChatterBot Whiskey round 5
ChatterBot Romeo round 5
ChatterBot Echo round 5
ChatterBot November round 5
ChatterBot Tango round 5
ChatterBot Juliett round 5
ChatterBot Lima round 5
ChatterBot Victor round 5
ChatterBot Quebec round 5
ChatterBot Golf round 5
2024-10-15 00:48:29.489691 Echo: Whiskey and Juliett, sending you 3
2024-10-15 00:48:29.493697 Echo: Quebec, sending you 5
2024-10-15 00:48:29.495152 Whiskey: Echo, sending you 2
2024-10-15 00:48:29.497181 Quebec: Whiskey, sending you 4
2024-10-15 00:48:29.497769 Victor: Romeo, November and Tango, sending you 2
2024-10-15 00:48:29.499837 Juliett: Whiskey, sending you 3
2024-10-15 00:48:29.500367 Whiskey: Juliett and Quebec, sending you 3
2024-10-15 00:48:29.500865 Quebec: Echo, sending you 5
2024-10-15 00:48:29.501733 Lima: Romeo, sending you 2
2024-10-15 00:48:29.502979 Victor: Lima, sending you 3
2024-10-15 00:48:29.503762 Juliett: Echo and Quebec, sending you 2
2024-10-15 00:48:29.504967 Quebec: Juliett, sending you 2
2024-10-15 00:48:29.505476 Romeo: November, Lima and Golf, sending you 2
2024-10-15 00:48:29.506743 November: Same as last round
2024-10-15 00:48:29.508338 Lima: November, Tango and Victor, sending you 3
2024-10-15 00:48:29.509232 Tango: Same as last round
2024-10-15 00:48:29.509946 Victor: Golf, sending you 4
2024-10-15 00:48:29.511218 Juliett: November, sending you 1
2024-10-15 00:48:29.511646 Romeo: Tango and Victor, sending you 1
2024-10-15 00:48:29.512720 Lima: Golf, sending you 4
2024-10-15 00:48:29.514719 Golf: Romeo, November and Tango, sending you 3
2024-10-15 00:48:29.521844 Golf: Lima and Victor, sending you 4
chatterbot Lima submitting transactions
chatterbot Tango submitting transactions
chatterbot Whiskey submitting transactions
chatterbot Echo submitting transactions
chatterbot Victor submitting transactions
chatterbot Golf submitting transactions
chatterbot November submitting transactions
chatterbot Romeo submitting transactions
chatterbot Quebec submitting transactions
chatterbot Juliett submitting transactions
ChatterBot Whiskey round 6
ChatterBot Romeo round 6
ChatterBot Echo round 6
ChatterBot November round 6
ChatterBot Tango round 6
ChatterBot Juliett round 6
ChatterBot Lima round 6
ChatterBot Victor round 6
ChatterBot Quebec round 6
ChatterBot Golf round 6
2024-10-15 00:48:30.748685 Romeo: November, Lima and Golf, sending you 2
2024-10-15 00:48:30.749472 Echo: Whiskey and Juliett, sending you 3
2024-10-15 00:48:30.751685 Romeo: Tango and Victor, sending you 1
2024-10-15 00:48:30.752658 Echo: Quebec, sending you 5
2024-10-15 00:48:30.753676 Whiskey: Echo, sending you 2
2024-10-15 00:48:30.754191 Tango: Same as last round
2024-10-15 00:48:30.756657 Whiskey: Juliett and Quebec, sending you 3
2024-10-15 00:48:30.757706 November: Same as last round
2024-10-15 00:48:30.758695 Victor: Romeo, November and Tango, sending you 2
2024-10-15 00:48:30.763676 Victor: Lima, sending you 3
2024-10-15 00:48:30.764817 Juliett: Whiskey, sending you 3
2024-10-15 00:48:30.766683 Golf: Romeo, November and Tango, sending you 3
2024-10-15 00:48:30.768659 Victor: Golf, sending you 4
2024-10-15 00:48:30.769708 Quebec: Whiskey, sending you 4
2024-10-15 00:48:30.770057 Lima: Romeo, November and Victor, sending you 3
2024-10-15 00:48:30.770502 Juliett: Echo and Quebec, sending you 2
2024-10-15 00:48:30.770851 Golf: Lima and Victor, sending you 4
2024-10-15 00:48:30.773670 Lima: Tango, sending you 2
2024-10-15 00:48:30.774679 Quebec: Echo, sending you 5
2024-10-15 00:48:30.775011 Juliett: November, sending you 1
2024-10-15 00:48:30.777668 Quebec: Juliett, sending you 2
2024-10-15 00:48:30.778689 Lima: Golf, sending you 4
chatterbot Echo submitting transactions
chatterbot Whiskey submitting transactions
chatterbot Tango submitting transactions
chatterbot Victor submitting transactions
chatterbot Quebec submitting transactions
chatterbot November submitting transactions
chatterbot Lima submitting transactions
chatterbot Juliett submitting transactions
chatterbot Romeo submitting transactions
chatterbot Golf submitting transactions
ChatterBot Whiskey round 7
ChatterBot Romeo round 7
ChatterBot Echo round 7
ChatterBot November round 7
ChatterBot Tango round 7
ChatterBot Juliett round 7
ChatterBot Lima round 7
ChatterBot Victor round 7
ChatterBot Quebec round 7
ChatterBot Golf round 7
2024-10-15 00:48:31.948022 Romeo: November, Lima and Golf, sending you 2
2024-10-15 00:48:31.948892 Echo: Whiskey and Juliett, sending you 3
2024-10-15 00:48:31.952087 Echo: Quebec, sending you 5
2024-10-15 00:48:31.952747 Romeo: Tango and Victor, sending you 1
2024-10-15 00:48:31.954211 Tango: Same as last round
2024-10-15 00:48:31.958687 Quebec: Whiskey, sending you 4
2024-10-15 00:48:31.960266 Whiskey: Echo, sending you 2
2024-10-15 00:48:31.962091 Juliett: Whiskey, sending you 3
2024-10-15 00:48:31.962587 Lima: Romeo, November, Tango and Victor, sending you 3
2024-10-15 00:48:31.963245 Quebec: Echo, sending you 5
2024-10-15 00:48:31.964268 Victor: Romeo, November and Tango, sending you 2
2024-10-15 00:48:31.965982 Whiskey: Juliett and Quebec, sending you 3
2024-10-15 00:48:31.966413 November: Same as last round
2024-10-15 00:48:31.966977 Juliett: Echo and Quebec, sending you 2
2024-10-15 00:48:31.967974 Lima: Golf, sending you 4
2024-10-15 00:48:31.968829 Quebec: Juliett, sending you 2
2024-10-15 00:48:31.969832 Victor: Lima, sending you 3
2024-10-15 00:48:31.972669 Juliett: November, sending you 1
2024-10-15 00:48:31.973690 Golf: Romeo, November and Tango, sending you 3
2024-10-15 00:48:31.975261 Victor: Golf, sending you 4
2024-10-15 00:48:31.977664 Golf: Lima and Victor, sending you 4
chatterbot Victor submitting transactions
chatterbot Golf submitting transactions
chatterbot Whiskey submitting transactions
chatterbot Juliett submitting transactions
chatterbot November submitting transactions
chatterbot Lima submitting transactions
chatterbot Tango submitting transactions
chatterbot Romeo submitting transactions
chatterbot Echo submitting transactions
chatterbot Quebec submitting transactions
ChatterBot Whiskey round 8
ChatterBot Romeo round 8
ChatterBot Echo round 8
ChatterBot November round 8
ChatterBot Tango round 8
ChatterBot Juliett round 8
ChatterBot Lima round 8
ChatterBot Victor round 8
ChatterBot Quebec round 8
ChatterBot Golf round 8
2024-10-15 00:48:33.019853 Juliett: We should replace November with Victor
2024-10-15 00:48:33.031781 Quebec: No
2024-10-15 00:48:33.032006 Echo: No
2024-10-15 00:48:33.032184 Whiskey: No
ChatterBot Juliett reevaluating
ChatterBot Juliett reevaluating
ChatterBot Juliett reevaluating
2024-10-15 00:48:33.069090 Quebec: We should add Victor
ChatterBot Echo reevaluating
ChatterBot Juliett reevaluating
2024-10-15 00:48:33.111766 Echo: Yes
2024-10-15 00:48:33.112001 Whiskey: No
2024-10-15 00:48:33.112171 Juliett: Yes
ChatterBot Quebec reevaluating
ChatterBot Juliett reevaluating
ChatterBot Quebec reevaluating
ChatterBot Echo reevaluating
ChatterBot Juliett reevaluating
ChatterBot Quebec reevaluating
ChatterBot Echo reevaluating
2024-10-15 00:48:33.237054 Whiskey: Echo, sending you 2
2024-10-15 00:48:33.242108 Juliett: Victor we want you to join our group
2024-10-15 00:48:33.247931 Victor: No
ChatterBot Juliett reevaluating
ChatterBot Echo reevaluating
ChatterBot Quebec reevaluating
2024-10-15 00:48:33.263553 Whiskey: Juliett and Quebec, sending you 3
2024-10-15 00:48:33.265129 Golf: Romeo, November and Tango, sending you 3
2024-10-15 00:48:33.278193 November: Same as last round
2024-10-15 00:48:33.279794 Lima: Romeo, November, Tango and Victor, sending you 3
2024-10-15 00:48:33.281386 Romeo: November, Lima and Golf, sending you 2
2024-10-15 00:48:33.282743 Golf: Lima and Victor, sending you 4
2024-10-15 00:48:33.283424 Tango: Same as last round
2024-10-15 00:48:33.284820 Lima: Golf, sending you 4
2024-10-15 00:48:33.293051 Romeo: Tango and Victor, sending you 1
2024-10-15 00:48:33.294811 Quebec: Whiskey, sending you 4
2024-10-15 00:48:33.296218 Victor: Romeo, November and Tango, sending you 2
2024-10-15 00:48:33.297915 Echo: Whiskey and Juliett, sending you 3
2024-10-15 00:48:33.344381 Quebec: Echo, sending you 5
2024-10-15 00:48:33.345883 Victor: Lima, sending you 3
2024-10-15 00:48:33.347538 Echo: Quebec, sending you 5
2024-10-15 00:48:33.358001 Quebec: Juliett, sending you 2
2024-10-15 00:48:33.359540 Victor: Golf, sending you 4
2024-10-15 00:48:33.361493 Juliett: Whiskey and Echo, sending you 3
2024-10-15 00:48:33.366767 Juliett: Quebec, sending you 2
chatterbot Golf submitting transactions
chatterbot Echo submitting transactions
chatterbot Lima submitting transactions
chatterbot Romeo submitting transactions
chatterbot November submitting transactions
chatterbot Victor submitting transactions
chatterbot Quebec submitting transactions
chatterbot Whiskey submitting transactions
chatterbot Tango submitting transactions
chatterbot Juliett submitting transactions
ChatterBot Whiskey round 9
ChatterBot Romeo round 9
ChatterBot Echo round 9
ChatterBot November round 9
ChatterBot Tango round 9
ChatterBot Juliett round 9
ChatterBot Lima round 9
ChatterBot Victor round 9
ChatterBot Quebec round 9
ChatterBot Golf round 9
2024-10-15 00:48:34.465289 Juliett: We should replace November with Victor
2024-10-15 00:48:34.471022 Quebec: No
2024-10-15 00:48:34.471187 Echo: No
2024-10-15 00:48:34.471311 Whiskey: No
ChatterBot Echo reevaluating
ChatterBot Echo reevaluating
2024-10-15 00:48:34.499125 Juliett: Victor we want you to join our group
2024-10-15 00:48:34.501633 Victor: No
ChatterBot Echo reevaluating
2024-10-15 00:48:34.509001 Whiskey: Echo, sending you 2
2024-10-15 00:48:34.512158 Romeo: November, Lima and Golf, sending you 2
2024-10-15 00:48:34.512898 Tango: Same as last round
2024-10-15 00:48:34.513679 Whiskey: Juliett and Quebec, sending you 3
2024-10-15 00:48:34.514317 Lima: Romeo, November, Tango and Victor, sending you 3
2024-10-15 00:48:34.516687 Romeo: Tango and Victor, sending you 1
2024-10-15 00:48:34.517684 November: Same as last round
2024-10-15 00:48:34.519665 Lima: Golf, sending you 4
2024-10-15 00:48:34.521011 Victor: Romeo, November and Tango, sending you 2
2024-10-15 00:48:34.523670 Victor: Lima, sending you 3
2024-10-15 00:48:34.525659 Juliett: Whiskey, sending you 3
2024-10-15 00:48:34.528077 Golf: Romeo, November and Tango, sending you 3
2024-10-15 00:48:34.528884 Quebec: Whiskey, sending you 4
2024-10-15 00:48:34.529466 Juliett: Echo and Quebec, sending you 2
2024-10-15 00:48:34.529891 Victor: Golf, sending you 4
2024-10-15 00:48:34.532036 Golf: Lima and Victor, sending you 4
2024-10-15 00:48:34.533117 Quebec: Echo, sending you 5
2024-10-15 00:48:34.533660 Juliett: Victor, sending you 1
2024-10-15 00:48:34.536670 Echo: Whiskey and Juliett, sending you 3
2024-10-15 00:48:34.537269 Quebec: Juliett, sending you 2
2024-10-15 00:48:34.541683 Echo: Quebec, sending you 5
chatterbot Romeo submitting transactions
chatterbot Echo submitting transactions
chatterbot Lima submitting transactions
chatterbot Tango submitting transactions
chatterbot Quebec submitting transactions
chatterbot Victor submitting transactions
chatterbot November submitting transactions
chatterbot Juliett submitting transactions
chatterbot Golf submitting transactions
chatterbot Whiskey submitting transactions
ChatterBot Whiskey round 10
ChatterBot Romeo round 10
ChatterBot Echo round 10
ChatterBot November round 10
ChatterBot Tango round 10
ChatterBot Juliett round 10
ChatterBot Lima round 10
ChatterBot Victor round 10
ChatterBot Quebec round 10
ChatterBot Golf round 10
2024-10-15 00:48:35.738894 Whiskey: Echo, sending you 2
2024-10-15 00:48:35.740690 November: Same as last round
2024-10-15 00:48:35.743672 Whiskey: Juliett and Quebec, sending you 3
2024-10-15 00:48:35.744673 Quebec: Whiskey, sending you 4
2024-10-15 00:48:35.746685 Romeo: November, Lima and Golf, sending you 2
2024-10-15 00:48:35.747868 Juliett: Whiskey, sending you 3
2024-10-15 00:48:35.748195 Tango: Same as last round
2024-10-15 00:48:35.748806 Echo: Whiskey and Juliett, sending you 3
2024-10-15 00:48:35.749665 Quebec: Echo, sending you 5
2024-10-15 00:48:35.750176 Victor: Romeo, November and Tango, sending you 2
2024-10-15 00:48:35.750943 Romeo: Tango and Victor, sending you 1
2024-10-15 00:48:35.752101 Juliett: Echo and Quebec, sending you 2
2024-10-15 00:48:35.752653 Echo: Quebec, sending you 5
2024-10-15 00:48:35.753678 Golf: Romeo, November and Tango, sending you 3
2024-10-15 00:48:35.754384 Quebec: Juliett, sending you 2
2024-10-15 00:48:35.754876 Lima: Romeo, November, Tango and Victor, sending you 3
2024-10-15 00:48:35.756087 Victor: Lima, sending you 3
2024-10-15 00:48:35.756726 Juliett: Victor, sending you 1
2024-10-15 00:48:35.758672 Golf: Lima and Victor, sending you 4
2024-10-15 00:48:35.759786 Lima: Golf, sending you 4
2024-10-15 00:48:35.760501 Victor: Golf, sending you 4
chatterbot Victor submitting transactions
chatterbot Juliett submitting transactions
chatterbot Romeo submitting transactions
chatterbot November submitting transactions
chatterbot Tango submitting transactions
chatterbot Echo submitting transactions
chatterbot Whiskey submitting transactions
chatterbot Quebec submitting transactions
chatterbot Lima submitting transactions
chatterbot Golf submitting transactions
ChatterBot Whiskey round 11
ChatterBot Romeo round 11
ChatterBot Echo round 11
ChatterBot November round 11
ChatterBot Tango round 11
ChatterBot Juliett round 11
ChatterBot Lima round 11
ChatterBot Victor round 11
ChatterBot Quebec round 11
ChatterBot Golf round 11
2024-10-15 00:48:36.920334 Echo: We should add Victor
2024-10-15 00:48:36.932729 Quebec: No
2024-10-15 00:48:36.933048 Whiskey: No
2024-10-15 00:48:36.933319 Juliett: Yes
ChatterBot Echo reevaluating
ChatterBot Juliett reevaluating
ChatterBot Echo reevaluating
ChatterBot Juliett reevaluating
ChatterBot Quebec reevaluating
ChatterBot Echo reevaluating
2024-10-15 00:48:37.004478 Echo: We should add Golf
ChatterBot Quebec reevaluating
ChatterBot Juliett reevaluating
2024-10-15 00:48:37.017682 Quebec: No
2024-10-15 00:48:37.018012 Whiskey: No
2024-10-15 00:48:37.018239 Juliett: Yes
ChatterBot Echo reevaluating
ChatterBot Juliett reevaluating
ChatterBot Quebec reevaluating
ChatterBot Echo reevaluating
ChatterBot Juliett reevaluating
ChatterBot Quebec reevaluating
ChatterBot Echo reevaluating
2024-10-15 00:48:37.054295 Juliett: We should replace Victor with Romeo
ChatterBot Quebec reevaluating
ChatterBot Echo reevaluating
2024-10-15 00:48:37.067388 Quebec: Yes
2024-10-15 00:48:37.067697 Echo: No
2024-10-15 00:48:37.067910 Whiskey: No
ChatterBot Echo reevaluating
ChatterBot Juliett reevaluating
ChatterBot Quebec reevaluating
ChatterBot Juliett reevaluating
ChatterBot Quebec reevaluating
ChatterBot Echo reevaluating
ChatterBot Juliett reevaluating
2024-10-15 00:48:37.102758 Juliett: We should replace Victor with November
ChatterBot Quebec reevaluating
ChatterBot Echo reevaluating
2024-10-15 00:48:37.123888 Quebec: No
2024-10-15 00:48:37.124404 Echo: No
2024-10-15 00:48:37.124864 Whiskey: No
ChatterBot Echo reevaluating
ChatterBot Juliett reevaluating
ChatterBot Quebec reevaluating
ChatterBot Juliett reevaluating
ChatterBot Quebec reevaluating
ChatterBot Echo reevaluating
ChatterBot Juliett reevaluating
2024-10-15 00:48:37.189695 Whiskey: Echo, sending you 2
2024-10-15 00:48:37.191772 Romeo: November, Lima and Golf, sending you 2
2024-10-15 00:48:37.195085 Echo: Romeo we want you to join our group
ChatterBot Romeo reevaluating
2024-10-15 00:48:37.201276 Romeo: No
ChatterBot Echo reevaluating
ChatterBot Quebec reevaluating
2024-10-15 00:48:37.219359 Romeo: We should add Juliett
2024-10-15 00:48:37.219891 Quebec: We should add Romeo
ChatterBot Echo reevaluating
2024-10-15 00:48:37.246758 Tango: No
2024-10-15 00:48:37.247046 Lima: No
2024-10-15 00:48:37.247230 Victor: No
2024-10-15 00:48:37.247461 Golf: No
2024-10-15 00:48:37.247753 November: No
2024-10-15 00:48:37.248079 Echo: Yes
2024-10-15 00:48:37.248350 Whiskey: No
2024-10-15 00:48:37.249385 Juliett: Yes
ChatterBot Romeo reevaluating
ChatterBot Quebec reevaluating
ChatterBot Romeo reevaluating
ChatterBot Quebec reevaluating
ChatterBot Echo reevaluating
ChatterBot Romeo reevaluating
ChatterBot Quebec reevaluating
ChatterBot Echo reevaluating
ChatterBot Whiskey reevaluating
ChatterBot Romeo reevaluating
ChatterBot Romeo reevaluating
2024-10-15 00:48:37.381942 Juliett: Romeo we want you to join our group
ChatterBot Romeo reevaluating
2024-10-15 00:48:37.385277 Romeo: No
ChatterBot Echo reevaluating
ChatterBot Whiskey reevaluating
ChatterBot Juliett reevaluating
ChatterBot Quebec reevaluating
2024-10-15 00:48:37.400719 Quebec: We should add November
ChatterBot Echo reevaluating
ChatterBot Whiskey reevaluating
ChatterBot Juliett reevaluating
2024-10-15 00:48:37.410796 Echo: Yes
2024-10-15 00:48:37.410985 Whiskey: No
2024-10-15 00:48:37.411699 Juliett: No
ChatterBot Quebec reevaluating
ChatterBot Whiskey reevaluating
ChatterBot Juliett reevaluating
ChatterBot Quebec reevaluating
ChatterBot Echo reevaluating
ChatterBot Juliett reevaluating
ChatterBot Quebec reevaluating
ChatterBot Echo reevaluating
ChatterBot Whiskey reevaluating
2024-10-15 00:48:37.444031 Victor: Romeo, November and Tango, sending you 2
2024-10-15 00:48:37.446139 Golf: Romeo, November and Tango, sending you 3
2024-10-15 00:48:37.447260 Lima: Romeo, November, Tango and Victor, sending you 3
2024-10-15 00:48:37.449643 Tango: Same as last round
2024-10-15 00:48:37.451109 November: Same as last round
2024-10-15 00:48:37.452293 Victor: Lima, sending you 3
2024-10-15 00:48:37.453871 Golf: Lima and Victor, sending you 4
2024-10-15 00:48:37.455413 Whiskey: Romeo we want you to join our group
ChatterBot Romeo reevaluating
2024-10-15 00:48:37.459380 Romeo: No
ChatterBot Echo reevaluating
ChatterBot Whiskey reevaluating
ChatterBot Juliett reevaluating
ChatterBot Quebec reevaluating
2024-10-15 00:48:37.474120 Lima: Golf, sending you 4
2024-10-15 00:48:37.476329 Victor: Golf, sending you 4
2024-10-15 00:48:37.485673 Juliett: November we want you to join our group
2024-10-15 00:48:37.489451 November: No
ChatterBot Whiskey reevaluating
ChatterBot Echo reevaluating
ChatterBot Quebec reevaluating
chatterbot Romeo submitting transactions
2024-10-15 00:48:37.509668 Quebec: Romeo we want you to join our group
ChatterBot Romeo reevaluating
2024-10-15 00:48:37.515632 Romeo: No
ChatterBot Echo reevaluating
ChatterBot Whiskey reevaluating
ChatterBot Quebec reevaluating
chatterbot November submitting transactions
2024-10-15 00:48:37.536064 Juliett: Whiskey and Echo, sending you 3
2024-10-15 00:48:37.541692 Juliett: Quebec, sending you 2
2024-10-15 00:48:37.551658 Echo: Whiskey and Juliett, sending you 3
2024-10-15 00:48:37.555737 Echo: Quebec, sending you 5
2024-10-15 00:48:37.568810 Quebec: Whiskey, sending you 4
2024-10-15 00:48:37.573905 Quebec: Echo, sending you 5
2024-10-15 00:48:37.576663 Quebec: Juliett, sending you 2
chatterbot Whiskey submitting transactions
chatterbot Quebec submitting transactions
chatterbot Lima submitting transactions
chatterbot Tango submitting transactions
chatterbot Echo submitting transactions
chatterbot Juliett submitting transactions
chatterbot Whiskey submitting transactions
chatterbot Victor submitting transactions
chatterbot Golf submitting transactions
ChatterBot Whiskey round 12
ChatterBot Romeo round 12
ChatterBot Echo round 12
ChatterBot November round 12
ChatterBot Tango round 12
ChatterBot Juliett round 12
ChatterBot Lima round 12
ChatterBot Victor round 12
ChatterBot Quebec round 12
ChatterBot Golf round 12
2024-10-15 00:48:38.323801 Echo: We should add Romeo
2024-10-15 00:48:38.333494 Quebec: Yes
2024-10-15 00:48:38.333774 Whiskey: No
2024-10-15 00:48:38.333980 Juliett: No
ChatterBot Echo reevaluating
ChatterBot Whiskey reevaluating
ChatterBot Juliett reevaluating
ChatterBot Quebec reevaluating
ChatterBot Echo reevaluating
ChatterBot Juliett reevaluating
ChatterBot Quebec reevaluating
ChatterBot Echo reevaluating
ChatterBot Whiskey reevaluating
2024-10-15 00:48:38.372403 Quebec: We should replace Romeo with Golf
ChatterBot Echo reevaluating
ChatterBot Whiskey reevaluating
ChatterBot Juliett reevaluating
2024-10-15 00:48:38.381186 Echo: No
2024-10-15 00:48:38.381377 Whiskey: No
2024-10-15 00:48:38.381516 Juliett: No
ChatterBot Quebec reevaluating
ChatterBot Whiskey reevaluating
ChatterBot Juliett reevaluating
ChatterBot Quebec reevaluating
ChatterBot Echo reevaluating
ChatterBot Juliett reevaluating
ChatterBot Quebec reevaluating
ChatterBot Echo reevaluating
ChatterBot Whiskey reevaluating
2024-10-15 00:48:38.426476 Echo: We should add Golf
ChatterBot Quebec reevaluating
ChatterBot Whiskey reevaluating
ChatterBot Juliett reevaluating
2024-10-15 00:48:38.435074 Quebec: Yes
2024-10-15 00:48:38.435280 Whiskey: No
2024-10-15 00:48:38.435418 Juliett: No
ChatterBot Echo reevaluating
ChatterBot Whiskey reevaluating
ChatterBot Juliett reevaluating
ChatterBot Quebec reevaluating
ChatterBot Echo reevaluating
ChatterBot Juliett reevaluating
ChatterBot Quebec reevaluating
ChatterBot Echo reevaluating
ChatterBot Whiskey reevaluating
2024-10-15 00:48:38.463667 Romeo: November, Lima and Golf, sending you 2
2024-10-15 00:48:38.464931 Tango: Same as last round
2024-10-15 00:48:38.465808 Quebec: We should drop Romeo
ChatterBot Echo reevaluating
ChatterBot Juliett reevaluating
2024-10-15 00:48:38.476015 Echo: Yes
2024-10-15 00:48:38.476172 Whiskey: Yes
2024-10-15 00:48:38.476306 Juliett: Yes
ChatterBot Juliett reevaluating
ChatterBot Echo reevaluating
ChatterBot Juliett reevaluating
ChatterBot Echo reevaluating
2024-10-15 00:48:38.499540 Romeo: Tango and Victor, sending you 1
2024-10-15 00:48:38.501673 Victor: Romeo, November and Tango, sending you 2
2024-10-15 00:48:38.502801 November: Same as last round
2024-10-15 00:48:38.503880 Whiskey: Echo, sending you 2
2024-10-15 00:48:38.504682 Golf: Romeo, November and Tango, sending you 3
2024-10-15 00:48:38.505508 Lima: Romeo, November and Tango, sending you 3
2024-10-15 00:48:38.507718 Victor: Lima, sending you 3
2024-10-15 00:48:38.508687 Golf: Lima and Victor, sending you 4
2024-10-15 00:48:38.509311 Lima: Victor and Golf, sending you 4
2024-10-15 00:48:38.509963 Whiskey: Juliett and Quebec, sending you 3
2024-10-15 00:48:38.510476 Quebec: Whiskey, sending you 4
