ChatterBot Uniform round 1
ChatterBot Echo round 1
ChatterBot Foxtrot round 1
ChatterBot November round 1
ChatterBot Charlie round 1
ChatterBot Mike round 1
ChatterBot Quebec round 1
ChatterBot Oscar round 1
ChatterBot Tango round 1
ChatterBot X-ray round 1
randomSelections Uniform: {Uniform, Oscar, Echo, Tango, X-ray, Charlie, Mike, Quebec} 
2024-10-15 00:48:22.259063 Uniform: Friends?
ChatterBot Oscar reevaluating
ChatterBot Echo reevaluating
ChatterBot Tango reevaluating
ChatterBot X-ray reevaluating
ChatterBot Charlie reevaluating
ChatterBot Mike reevaluating
ChatterBot Quebec reevaluating
2024-10-15 00:48:22.279673 Oscar: Yes
2024-10-15 00:48:22.280019 Echo: Yes
2024-10-15 00:48:22.280234 Tango: Yes
2024-10-15 00:48:22.280395 X-ray: Yes
2024-10-15 00:48:22.280702 Charlie: Yes
2024-10-15 00:48:22.282158 Mike: Yes
2024-10-15 00:48:22.282375 Quebec: Yes
ChatterBot Echo reevaluating
ChatterBot Tango reevaluating
ChatterBot X-ray reevaluating
ChatterBot Charlie reevaluating
ChatterBot Mike reevaluating
ChatterBot Quebec reevaluating
ChatterBot Oscar reevaluating
ChatterBot Tango reevaluating
ChatterBot X-ray reevaluating
ChatterBot Charlie reevaluating
ChatterBot Mike reevaluating
ChatterBot Quebec reevaluating
ChatterBot Oscar reevaluating
ChatterBot Echo reevaluating
ChatterBot X-ray reevaluating
ChatterBot Charlie reevaluating
ChatterBot Mike reevaluating
ChatterBot Quebec reevaluating
ChatterBot Oscar reevaluating
ChatterBot Echo reevaluating
ChatterBot Tango reevaluating
ChatterBot Charlie reevaluating
ChatterBot Mike reevaluating
ChatterBot Quebec reevaluating
ChatterBot Oscar reevaluating
ChatterBot Echo reevaluating
ChatterBot Tango reevaluating
ChatterBot X-ray reevaluating
ChatterBot Mike reevaluating
ChatterBot Quebec reevaluating
ChatterBot Oscar reevaluating
ChatterBot Echo reevaluating
ChatterBot Tango reevaluating
ChatterBot X-ray reevaluating
ChatterBot Charlie reevaluating
ChatterBot Quebec reevaluating
ChatterBot Oscar reevaluating
ChatterBot Echo reevaluating
ChatterBot Tango reevaluating
ChatterBot X-ray reevaluating
ChatterBot Charlie reevaluating
ChatterBot Mike reevaluating
randomSelections November: {November, Uniform, Quebec, X-ray, Foxtrot, Mike, Echo, Oscar} 
2024-10-15 00:48:22.405454 November: Friends?
ChatterBot Quebec reevaluating
ChatterBot X-ray reevaluating
ChatterBot Foxtrot reevaluating
ChatterBot Mike reevaluating
ChatterBot Echo reevaluating
ChatterBot Oscar reevaluating
2024-10-15 00:48:22.420460 Uniform: No
2024-10-15 00:48:22.420694 Quebec: No
2024-10-15 00:48:22.420863 X-ray: No
2024-10-15 00:48:22.421183 Foxtrot: Yes
2024-10-15 00:48:22.421336 Mike: No
2024-10-15 00:48:22.421997 Echo: No
2024-10-15 00:48:22.422204 Oscar: No
ChatterBot Quebec reevaluating
ChatterBot X-ray reevaluating
ChatterBot Foxtrot reevaluating
ChatterBot Mike reevaluating
ChatterBot Echo reevaluating
ChatterBot Oscar reevaluating
ChatterBot X-ray reevaluating
ChatterBot Foxtrot reevaluating
ChatterBot Mike reevaluating
ChatterBot Echo reevaluating
ChatterBot Oscar reevaluating
ChatterBot Quebec reevaluating
ChatterBot Foxtrot reevaluating
ChatterBot Mike reevaluating
ChatterBot Echo reevaluating
ChatterBot Oscar reevaluating
ChatterBot Quebec reevaluating
ChatterBot X-ray reevaluating
ChatterBot Mike reevaluating
ChatterBot Echo reevaluating
ChatterBot Oscar reevaluating
ChatterBot Quebec reevaluating
ChatterBot X-ray reevaluating
ChatterBot Foxtrot reevaluating
ChatterBot Echo reevaluating
ChatterBot Oscar reevaluating
ChatterBot Quebec reevaluating
ChatterBot X-ray reevaluating
ChatterBot Foxtrot reevaluating
ChatterBot Mike reevaluating
ChatterBot Oscar reevaluating
ChatterBot Quebec reevaluating
ChatterBot X-ray reevaluating
ChatterBot Foxtrot reevaluating
ChatterBot Mike reevaluating
ChatterBot Echo reevaluating
2024-10-15 00:48:22.554665 Quebec: Charlie, Mike, Oscar and Tango, sending you 2
2024-10-15 00:48:22.556100 Mike: Uniform, Quebec and Oscar, sending you 2
2024-10-15 00:48:22.557533 Uniform: Echo, Mike and X-ray, sending you 1
2024-10-15 00:48:22.560773 Foxtrot: Uniform, Quebec and Oscar, sending you 1
2024-10-15 00:48:22.562386 Mike: Echo, Charlie, Tango and X-ray, sending you 1
2024-10-15 00:48:22.563081 Uniform: Charlie, sending you 2
2024-10-15 00:48:22.564868 X-ray: Echo, sending you 2
2024-10-15 00:48:22.568011 Foxtrot: November and X-ray, sending you 3
2024-10-15 00:48:22.568341 November: Uniform, Foxtrot, Mike, Quebec and Oscar, sending you 1
2024-10-15 00:48:22.568684 Charlie: Echo and Tango, sending you 2
2024-10-15 00:48:22.569644 Tango: Uniform, Quebec and Oscar, sending you 1
2024-10-15 00:48:22.569976 Echo: Uniform and Quebec, sending you 2
2024-10-15 00:48:22.570270 Oscar: Uniform, Echo, Mike and X-ray, sending you 3
2024-10-15 00:48:22.570565 Uniform: Quebec, sending you 3
2024-10-15 00:48:22.571456 X-ray: Charlie, Oscar and Tango, sending you 1
2024-10-15 00:48:22.571890 Foxtrot: Mike, sending you 2
2024-10-15 00:48:22.572155 November: Echo, sending you 3
2024-10-15 00:48:22.573060 Echo: Mike, sending you 3
2024-10-15 00:48:22.573333 Oscar: Charlie, sending you 4
2024-10-15 00:48:22.575118 Charlie: Oscar, sending you 1
2024-10-15 00:48:22.575540 Tango: Echo, sending you 2
2024-10-15 00:48:22.575925 X-ray: Mike, sending you 3
2024-10-15 00:48:22.576960 Uniform: Tango, sending you 5
2024-10-15 00:48:22.577247 November: X-ray, sending you 4
2024-10-15 00:48:22.578580 Echo: Oscar and X-ray, sending you 1
2024-10-15 00:48:22.579030 Charlie: X-ray, sending you 3
2024-10-15 00:48:22.580666 Tango: Mike, sending you 3
2024-10-15 00:48:22.582641 Echo: Tango, sending you 4
chatterbot X-ray submitting transactions
chatterbot Echo submitting transactions
chatterbot Uniform submitting transactions
chatterbot Mike submitting transactions
chatterbot Quebec submitting transactions
chatterbot Tango submitting transactions
chatterbot Oscar submitting transactions
chatterbot November submitting transactions
chatterbot Foxtrot submitting transactions
chatterbot Charlie submitting transactions
ChatterBot Uniform round 2
ChatterBot Echo round 2
ChatterBot Foxtrot round 2
ChatterBot November round 2
ChatterBot Charlie round 2
ChatterBot Mike round 2
ChatterBot Quebec round 2
ChatterBot Oscar round 2
ChatterBot Tango round 2
ChatterBot X-ray round 2
2024-10-15 00:48:24.385134 November: Let's form a team
ChatterBot Foxtrot reevaluating
ChatterBot X-ray reevaluating
2024-10-15 00:48:24.394466 Foxtrot: No
2024-10-15 00:48:24.394721 X-ray: No
ChatterBot X-ray reevaluating
ChatterBot Foxtrot reevaluating
2024-10-15 00:48:24.440685 Mike: We should drop X-ray and Charlie
2024-10-15 00:48:24.457785 Uniform: Yes
2024-10-15 00:48:24.458121 Echo: No
2024-10-15 00:48:24.458289 Quebec: No
2024-10-15 00:48:24.458427 Oscar: Yes
2024-10-15 00:48:24.459112 Tango: Yes
ChatterBot Quebec reevaluating
ChatterBot Quebec reevaluating
2024-10-15 00:48:25.062519 X-ray: Uniform, Echo, Mike and Quebec, sending you 1
2024-10-15 00:48:25.063311 Echo: Uniform, Charlie, Mike, Oscar, Tango and X-ray, sending you 2
2024-10-15 00:48:25.063660 Foxtrot: Sending you 13
2024-10-15 00:48:25.063872 Charlie: Uniform, Echo, Mike, Quebec, Tango and X-ray, sending you 1
2024-10-15 00:48:25.064213 Mike: Uniform, sending you 1
2024-10-15 00:48:25.065075 November: Sending you each 6
chatterbot November submitting transactions
chatterbot Oscar submitting transactions
chatterbot Uniform submitting transactions
2024-10-15 00:48:25.103405 X-ray: Charlie and Oscar, sending you 2
2024-10-15 00:48:25.103969 Echo: Quebec, sending you 1
2024-10-15 00:48:25.104444 Charlie: Oscar, sending you 2
2024-10-15 00:48:25.105437 Mike: Echo, sending you 3
2024-10-15 00:48:25.105801 Uniform: Echo and Mike, sending you 3
2024-10-15 00:48:25.106572 Tango: Uniform, sending you 3
2024-10-15 00:48:25.106972 Oscar: Echo and Tango, sending you 3
2024-10-15 00:48:25.127705 Mike: Quebec, Oscar and Tango, sending you 2
2024-10-15 00:48:25.128838 Uniform: Oscar, sending you 5
2024-10-15 00:48:25.129225 Tango: Echo, sending you 2
2024-10-15 00:48:25.129582 Oscar: Mike and Quebec, sending you 5
2024-10-15 00:48:25.130692 Quebec: Uniform, Echo and Mike, sending you 2
2024-10-15 00:48:25.140047 Uniform: Tango, sending you 2
2024-10-15 00:48:25.140388 Tango: Mike, Quebec and Oscar, sending you 1
2024-10-15 00:48:25.140718 Quebec: Oscar and Tango, sending you 1
chatterbot Echo submitting transactions
chatterbot Mike submitting transactions
chatterbot Charlie submitting transactions
chatterbot Quebec submitting transactions
chatterbot X-ray submitting transactions
chatterbot Tango submitting transactions
chatterbot Foxtrot submitting transactions
ChatterBot Uniform round 3
ChatterBot Echo round 3
ChatterBot Foxtrot round 3
ChatterBot November round 3
ChatterBot Charlie round 3
ChatterBot Mike round 3
ChatterBot Quebec round 3
ChatterBot Oscar round 3
ChatterBot Tango round 3
ChatterBot X-ray round 3
2024-10-15 00:48:25.994362 Charlie: Friends?
ChatterBot November reevaluating
2024-10-15 00:48:26.006076 X-ray: No
2024-10-15 00:48:26.006336 Foxtrot: No
2024-10-15 00:48:26.007066 November: Yes
ChatterBot Charlie reevaluating
ChatterBot November reevaluating
ChatterBot Charlie reevaluating
ChatterBot November reevaluating
ChatterBot Charlie reevaluating
2024-10-15 00:48:26.043305 Oscar: We should add Charlie and X-ray
ChatterBot Quebec reevaluating
2024-10-15 00:48:26.060573 Mike: No
2024-10-15 00:48:26.060937 Uniform: No
2024-10-15 00:48:26.061082 Echo: No
2024-10-15 00:48:26.061240 Quebec: Yes
2024-10-15 00:48:26.061410 Tango: No
ChatterBot Quebec reevaluating
ChatterBot Quebec reevaluating
ChatterBot Quebec reevaluating
ChatterBot Oscar reevaluating
ChatterBot Oscar reevaluating
ChatterBot Quebec reevaluating
ChatterBot Oscar reevaluating
2024-10-15 00:48:26.149252 Quebec: We should add Charlie
ChatterBot Oscar reevaluating
2024-10-15 00:48:26.178796 Mike: No
2024-10-15 00:48:26.179201 Uniform: No
2024-10-15 00:48:26.180007 Echo: No
2024-10-15 00:48:26.180249 Oscar: No
2024-10-15 00:48:26.180484 Tango: No
ChatterBot Quebec reevaluating
ChatterBot Oscar reevaluating
ChatterBot Quebec reevaluating
ChatterBot Oscar reevaluating
ChatterBot Quebec reevaluating
ChatterBot Oscar reevaluating
ChatterBot Quebec reevaluating
ChatterBot Quebec reevaluating
ChatterBot Oscar reevaluating
2024-10-15 00:48:26.321681 November: We should replace X-ray with Charlie
2024-10-15 00:48:26.325148 Foxtrot: No
ChatterBot November reevaluating
2024-10-15 00:48:26.329875 Echo: We should drop Charlie and X-ray
ChatterBot Quebec reevaluating
ChatterBot Oscar reevaluating
2024-10-15 00:48:26.347675 Mike: Yes
2024-10-15 00:48:26.347806 Uniform: Yes
2024-10-15 00:48:26.347913 Quebec: No
2024-10-15 00:48:26.348007 Oscar: Yes
2024-10-15 00:48:26.348116 Tango: Yes
ChatterBot Quebec reevaluating
ChatterBot Oscar reevaluating
ChatterBot Quebec reevaluating
ChatterBot Oscar reevaluating
ChatterBot Oscar reevaluating
ChatterBot Quebec reevaluating
ChatterBot Quebec reevaluating
ChatterBot Oscar reevaluating
2024-10-15 00:48:26.434678 November: We should add Charlie
2024-10-15 00:48:26.441573 Foxtrot: No
2024-10-15 00:48:26.441745 X-ray: Yes
ChatterBot November reevaluating
ChatterBot November reevaluating
ChatterBot Foxtrot reevaluating
2024-10-15 00:48:26.458230 Quebec: Charlie we want you to join our group
ChatterBot Charlie reevaluating
2024-10-15 00:48:26.462835 Charlie: Yes
2024-10-15 00:48:26.482406 Mike: Uniform, Echo and Quebec, sending you 2
2024-10-15 00:48:26.482869 X-ray: Uniform, Mike, Quebec and Oscar, sending you 1
2024-10-15 00:48:26.483969 November: Charlie we want you to join our group
ChatterBot Charlie reevaluating
2024-10-15 00:48:26.488250 Charlie: No
ChatterBot Foxtrot reevaluating
2024-10-15 00:48:26.499609 Uniform: Echo, sending you 3
2024-10-15 00:48:26.500110 Mike: Oscar, sending you 3
2024-10-15 00:48:26.501090 X-ray: Echo and Charlie, sending you 2
2024-10-15 00:48:26.504995 Echo: Uniform, Mike, Oscar and Tango, sending you 3
2024-10-15 00:48:26.505395 Tango: Uniform and Echo, sending you 2
2024-10-15 00:48:26.506297 Charlie: We should drop X-ray
2024-10-15 00:48:26.529788 Quebec: Yes
2024-10-15 00:48:26.529988 Uniform: Yes
2024-10-15 00:48:26.530195 Echo: Yes
2024-10-15 00:48:26.530323 Mike: Yes
2024-10-15 00:48:26.530471 Oscar: Yes
2024-10-15 00:48:26.531214 Tango: Yes
ChatterBot Charlie reevaluating
ChatterBot Charlie reevaluating
ChatterBot Charlie reevaluating
ChatterBot Charlie reevaluating
ChatterBot Quebec reevaluating
ChatterBot Charlie reevaluating
ChatterBot Quebec reevaluating
ChatterBot Charlie reevaluating
2024-10-15 00:48:26.665027 Uniform: Mike, Quebec and Oscar, sending you 2
2024-10-15 00:48:26.665391 Mike: Tango, sending you 1
2024-10-15 00:48:26.665732 Oscar: Uniform and Mike, sending you 4
2024-10-15 00:48:26.666644 Echo: Quebec, sending you 1
2024-10-15 00:48:26.667043 Tango: Mike, Quebec and Oscar, sending you 1
chatterbot Charlie submitting transactions
2024-10-15 00:48:26.668677 Uniform: Tango, sending you 4
2024-10-15 00:48:26.670003 Oscar: Echo and Quebec, sending you 3
2024-10-15 00:48:26.671828 November: Foxtrot and Charlie, sending you 6
2024-10-15 00:48:26.675740 Oscar: Tango, sending you 1
2024-10-15 00:48:26.680677 Foxtrot: Same as last round
2024-10-15 00:48:26.704690 Charlie: Uniform, Mike and Quebec, sending you 1
2024-10-15 00:48:26.706679 Quebec: Uniform, Echo, Charlie, Mike and Tango, sending you 1
chatterbot Foxtrot submitting transactions
2024-10-15 00:48:26.710858 Charlie: Echo, sending you 2
2024-10-15 00:48:26.711809 Quebec: Oscar, sending you 2
2024-10-15 00:48:26.715680 Charlie: Oscar, sending you 3
chatterbot Uniform submitting transactions
chatterbot Oscar submitting transactions
chatterbot X-ray submitting transactions
chatterbot Mike submitting transactions
chatterbot November submitting transactions
chatterbot Echo submitting transactions
chatterbot Foxtrot submitting transactions
chatterbot Charlie submitting transactions
chatterbot Tango submitting transactions
chatterbot Quebec submitting transactions
ChatterBot Uniform round 4
ChatterBot Echo round 4
ChatterBot Foxtrot round 4
ChatterBot November round 4
ChatterBot Charlie round 4
ChatterBot Mike round 4
ChatterBot Quebec round 4
ChatterBot Oscar round 4
ChatterBot Tango round 4
ChatterBot X-ray round 4
2024-10-15 00:48:28.459880 Mike: Uniform, Echo and Quebec, sending you 2
2024-10-15 00:48:28.461165 Charlie: Foxtrot, sending you 1
2024-10-15 00:48:28.461857 Foxtrot: November, sending you 7
2024-10-15 00:48:28.462896 November: Foxtrot and Charlie, sending you 6
2024-10-15 00:48:28.463383 Uniform: Echo, Oscar and Tango, sending you 3
2024-10-15 00:48:28.469270 Mike: Oscar, sending you 3
2024-10-15 00:48:28.470886 Charlie: November and X-ray, sending you 3
2024-10-15 00:48:28.472811 Quebec: Uniform, Echo, Charlie, Mike and Tango, sending you 1
2024-10-15 00:48:28.474687 Oscar: Uniform, Echo and Mike, sending you 4
2024-10-15 00:48:28.476687 Echo: Uniform, Mike, Oscar and Tango, sending you 3
2024-10-15 00:48:28.479357 Tango: Uniform and Echo, sending you 2
2024-10-15 00:48:28.481275 Foxtrot: Charlie, sending you 6
2024-10-15 00:48:28.482507 X-ray: Foxtrot and Charlie, sending you 2
2024-10-15 00:48:28.483670 Uniform: Mike and Quebec, sending you 2
2024-10-15 00:48:28.485396 Mike: Tango, sending you 1
2024-10-15 00:48:28.487042 Quebec: Oscar, sending you 2
2024-10-15 00:48:28.489110 Oscar: Quebec, sending you 3
2024-10-15 00:48:28.491323 Echo: Quebec, sending you 1
2024-10-15 00:48:28.492669 Tango: Mike, Quebec and Oscar, sending you 1
2024-10-15 00:48:28.495526 X-ray: November, sending you 4
2024-10-15 00:48:28.497378 Oscar: Tango, sending you 1
chatterbot Mike submitting transactions
chatterbot Foxtrot submitting transactions
chatterbot Charlie submitting transactions
chatterbot Tango submitting transactions
chatterbot Quebec submitting transactions
chatterbot November submitting transactions
chatterbot X-ray submitting transactions
chatterbot Uniform submitting transactions
chatterbot Oscar submitting transactions
chatterbot Echo submitting transactions
ChatterBot Uniform round 5
ChatterBot Echo round 5
ChatterBot Foxtrot round 5
ChatterBot November round 5
ChatterBot Charlie round 5
ChatterBot Mike round 5
ChatterBot Quebec round 5
ChatterBot Oscar round 5
ChatterBot Tango round 5
ChatterBot X-ray round 5
2024-10-15 00:48:29.734097 Quebec: We should drop Charlie
2024-10-15 00:48:29.759701 Mike: Yes
2024-10-15 00:48:29.760066 Uniform: Yes
2024-10-15 00:48:29.760364 Echo: Yes
2024-10-15 00:48:29.760607 Oscar: Yes
2024-10-15 00:48:29.761381 Tango: Yes
2024-10-15 00:48:29.869996 Foxtrot: November, sending you 7
2024-10-15 00:48:29.870689 Echo: Uniform, Mike, Oscar and Tango, sending you 3
2024-10-15 00:48:29.871942 Mike: Uniform, Echo and Quebec, sending you 2
2024-10-15 00:48:29.873609 November: Sending you each 4
2024-10-15 00:48:29.875355 Charlie: Sending you each 2
2024-10-15 00:48:29.875989 Uniform: Echo and Tango, sending you 3
2024-10-15 00:48:29.876944 Foxtrot: Charlie, sending you 6
2024-10-15 00:48:29.878183 Echo: Quebec, sending you 1
2024-10-15 00:48:29.879006 Mike: Oscar, sending you 3
2024-10-15 00:48:29.880775 Uniform: Mike, sending you 2
2024-10-15 00:48:29.881541 Oscar: Uniform, Echo and Mike, sending you 4
2024-10-15 00:48:29.882654 X-ray: Foxtrot, sending you 2
2024-10-15 00:48:29.884959 Mike: Tango, sending you 1
2024-10-15 00:48:29.887108 Tango: Uniform and Echo, sending you 2
2024-10-15 00:48:29.889137 Uniform: Quebec, sending you 1
2024-10-15 00:48:29.890375 Oscar: Quebec, sending you 3
2024-10-15 00:48:29.892042 X-ray: November and Charlie, sending you 3
2024-10-15 00:48:29.892888 Quebec: Uniform, Mike and Oscar, sending you 2
2024-10-15 00:48:29.894998 Tango: Mike, Quebec and Oscar, sending you 1
2024-10-15 00:48:29.895787 Uniform: Oscar, sending you 4
2024-10-15 00:48:29.897847 Oscar: Tango, sending you 1
2024-10-15 00:48:29.900405 Quebec: Echo and Tango, sending you 1
chatterbot Oscar submitting transactions
chatterbot Mike submitting transactions
chatterbot X-ray submitting transactions
chatterbot November submitting transactions
chatterbot Foxtrot submitting transactions
chatterbot Echo submitting transactions
chatterbot Quebec submitting transactions
chatterbot Uniform submitting transactions
chatterbot Tango submitting transactions
chatterbot Charlie submitting transactions
ChatterBot Uniform round 6
ChatterBot Echo round 6
ChatterBot Foxtrot round 6
ChatterBot November round 6
ChatterBot Charlie round 6
ChatterBot Mike round 6
ChatterBot Quebec round 6
ChatterBot Oscar round 6
ChatterBot Tango round 6
ChatterBot X-ray round 6
2024-10-15 00:48:30.699661 Uniform: Echo, sending you 3
2024-10-15 00:48:30.701674 Foxtrot: November, sending you 7
2024-10-15 00:48:30.704688 Uniform: Mike, Quebec and Tango, sending you 2
2024-10-15 00:48:30.705668 Foxtrot: Charlie, sending you 6
2024-10-15 00:48:30.708681 Mike: Uniform, Echo and Quebec, sending you 2
2024-10-15 00:48:30.709357 Uniform: Oscar, sending you 4
2024-10-15 00:48:30.710368 X-ray: Foxtrot, sending you 2
2024-10-15 00:48:30.710715 Echo: Uniform, Mike, Oscar and Tango, sending you 3
2024-10-15 00:48:30.711661 Charlie: Same as last round
2024-10-15 00:48:30.711976 November: Same as last round
2024-10-15 00:48:30.712290 Mike: Oscar, sending you 3
2024-10-15 00:48:30.712855 Quebec: Uniform, Mike and Oscar, sending you 2
2024-10-15 00:48:30.713707 Oscar: Uniform, Echo and Mike, sending you 4
2024-10-15 00:48:30.714206 X-ray: November and Charlie, sending you 3
2024-10-15 00:48:30.715688 Echo: Quebec, sending you 1
2024-10-15 00:48:30.716844 Mike: Tango, sending you 1
2024-10-15 00:48:30.717677 Quebec: Echo and Tango, sending you 1
2024-10-15 00:48:30.718214 Oscar: Quebec, sending you 3
2024-10-15 00:48:30.721680 Oscar: Tango, sending you 1
2024-10-15 00:48:30.724684 Tango: Uniform and Echo, sending you 2
2024-10-15 00:48:30.728690 Tango: Mike, Quebec and Oscar, sending you 1
chatterbot November submitting transactions
chatterbot Mike submitting transactions
chatterbot Tango submitting transactions
chatterbot Quebec submitting transactions
chatterbot Foxtrot submitting transactions
chatterbot Uniform submitting transactions
chatterbot X-ray submitting transactions
chatterbot Oscar submitting transactions
chatterbot Echo submitting transactions
chatterbot Charlie submitting transactions
ChatterBot Uniform round 7
ChatterBot Echo round 7
ChatterBot Foxtrot round 7
ChatterBot November round 7
ChatterBot Charlie round 7
ChatterBot Mike round 7
ChatterBot Quebec round 7
ChatterBot Oscar round 7
ChatterBot Tango round 7
ChatterBot X-ray round 7
2024-10-15 00:48:31.950700 Quebec: Uniform, Mike and Oscar, sending you 2
2024-10-15 00:48:31.954230 Mike: Uniform, Echo and Quebec, sending you 2
2024-10-15 00:48:31.954966 Foxtrot: November, sending you 7
2024-10-15 00:48:31.956266 Uniform: Echo, sending you 3
2024-10-15 00:48:31.956799 Quebec: Echo and Tango, sending you 1
2024-10-15 00:48:31.958219 Mike: Oscar, sending you 3
2024-10-15 00:48:31.960249 Foxtrot: Charlie, sending you 6
2024-10-15 00:48:31.960633 Oscar: Uniform, Echo and Mike, sending you 4
2024-10-15 00:48:31.961416 Uniform: Mike, Quebec and Tango, sending you 2
2024-10-15 00:48:31.962599 Tango: Uniform, sending you 2
2024-10-15 00:48:31.963955 Echo: Uniform, Mike, Oscar and Tango, sending you 3
2024-10-15 00:48:31.964719 Mike: Tango, sending you 1
2024-10-15 00:48:31.965429 Oscar: Quebec, sending you 3
2024-10-15 00:48:31.966658 November: Same as last round
2024-10-15 00:48:31.967100 Uniform: Oscar, sending you 4
2024-10-15 00:48:31.968406 Tango: Echo, sending you 3
2024-10-15 00:48:31.969853 Echo: Quebec, sending you 1
2024-10-15 00:48:31.970800 Charlie: Same as last round
2024-10-15 00:48:31.971651 Oscar: Tango, sending you 1
2024-10-15 00:48:31.972458 X-ray: Foxtrot, sending you 2
2024-10-15 00:48:31.973312 Tango: Mike, Quebec and Oscar, sending you 1
2024-10-15 00:48:31.975693 X-ray: November and Charlie, sending you 3
chatterbot Mike submitting transactions
chatterbot Echo submitting transactions
chatterbot Quebec submitting transactions
chatterbot Charlie submitting transactions
chatterbot X-ray submitting transactions
chatterbot Oscar submitting transactions
chatterbot Foxtrot submitting transactions
chatterbot Uniform submitting transactions
chatterbot November submitting transactions
chatterbot Tango submitting transactions
ChatterBot Uniform round 8
ChatterBot Echo round 8
ChatterBot Foxtrot round 8
ChatterBot November round 8
ChatterBot Charlie round 8
ChatterBot Mike round 8
ChatterBot Quebec round 8
ChatterBot Oscar round 8
ChatterBot Tango round 8
ChatterBot X-ray round 8
2024-10-15 00:48:33.341201 Echo: Uniform, Mike, Oscar and Tango, sending you 3
2024-10-15 00:48:33.351949 Quebec: Uniform, Mike and Oscar, sending you 2
2024-10-15 00:48:33.353823 Oscar: Uniform, Echo and Mike, sending you 4
2024-10-15 00:48:33.355277 Foxtrot: November, sending you 7
2024-10-15 00:48:33.355832 Echo: Quebec, sending you 1
2024-10-15 00:48:33.357565 Mike: Uniform, Echo and Quebec, sending you 2
2024-10-15 00:48:33.358516 Uniform: Echo, sending you 3
2024-10-15 00:48:33.359767 November: Same as last round
2024-10-15 00:48:33.360983 Charlie: Same as last round
2024-10-15 00:48:33.361418 Tango: Uniform, sending you 2
2024-10-15 00:48:33.362139 Quebec: Echo and Tango, sending you 1
2024-10-15 00:48:33.363347 Oscar: Quebec, sending you 3
2024-10-15 00:48:33.364860 Foxtrot: Charlie, sending you 6
2024-10-15 00:48:33.365357 Mike: Oscar, sending you 3
2024-10-15 00:48:33.366725 Uniform: Mike, Quebec and Tango, sending you 2
2024-10-15 00:48:33.367499 X-ray: Foxtrot, sending you 1
2024-10-15 00:48:33.368592 Tango: Echo, sending you 3
2024-10-15 00:48:33.369349 Oscar: Tango, sending you 1
2024-10-15 00:48:33.370685 Mike: Tango, sending you 1
2024-10-15 00:48:33.371405 Uniform: Oscar, sending you 4
2024-10-15 00:48:33.372687 X-ray: November, sending you 4
2024-10-15 00:48:33.374041 Tango: Mike, Quebec and Oscar, sending you 1
2024-10-15 00:48:33.376708 X-ray: Charlie, sending you 3
chatterbot November submitting transactions
chatterbot Mike submitting transactions
chatterbot Uniform submitting transactions
chatterbot Foxtrot submitting transactions
chatterbot Oscar submitting transactions
chatterbot Quebec submitting transactions
chatterbot Charlie submitting transactions
chatterbot Echo submitting transactions
chatterbot Tango submitting transactions
chatterbot X-ray submitting transactions
ChatterBot Uniform round 9
ChatterBot Echo round 9
ChatterBot Foxtrot round 9
ChatterBot November round 9
ChatterBot Charlie round 9
ChatterBot Mike round 9
ChatterBot Quebec round 9
ChatterBot Oscar round 9
ChatterBot Tango round 9
ChatterBot X-ray round 9
2024-10-15 00:48:34.406700 Echo: Uniform, Mike, Oscar and Tango, sending you 3
2024-10-15 00:48:34.410674 Tango: Uniform, sending you 2
2024-10-15 00:48:34.412085 November: Same as last round
2024-10-15 00:48:34.412579 Mike: Uniform, Echo and Quebec, sending you 2
2024-10-15 00:48:34.413195 Echo: Quebec, sending you 1
2024-10-15 00:48:34.414695 Foxtrot: November, sending you 7
2024-10-15 00:48:34.415108 Tango: Echo, sending you 3
2024-10-15 00:48:34.416693 Mike: Oscar, sending you 3
2024-10-15 00:48:34.419054 X-ray: Foxtrot, sending you 1
2024-10-15 00:48:34.419669 Oscar: Uniform, Echo and Mike, sending you 4
2024-10-15 00:48:34.420274 Foxtrot: Charlie, sending you 6
2024-10-15 00:48:34.420487 Tango: Mike, Quebec and Oscar, sending you 1
2024-10-15 00:48:34.421066 Mike: Tango, sending you 1
2024-10-15 00:48:34.421722 Quebec: Uniform, Mike and Oscar, sending you 2
2024-10-15 00:48:34.422663 Uniform: Echo, sending you 3
2024-10-15 00:48:34.423663 X-ray: November, sending you 4
2024-10-15 00:48:34.424194 Charlie: Same as last round
2024-10-15 00:48:34.424607 Oscar: Quebec, sending you 3
2024-10-15 00:48:34.425426 Quebec: Echo and Tango, sending you 1
2024-10-15 00:48:34.426084 Uniform: Mike, Quebec and Tango, sending you 2
2024-10-15 00:48:34.426931 X-ray: Charlie, sending you 3
2024-10-15 00:48:34.428153 Oscar: Tango, sending you 1
2024-10-15 00:48:34.431653 Uniform: Oscar, sending you 4
chatterbot Quebec submitting transactions
chatterbot Charlie submitting transactions
chatterbot Uniform submitting transactions
chatterbot November submitting transactions
chatterbot X-ray submitting transactions
chatterbot Mike submitting transactions
chatterbot Echo submitting transactions
chatterbot Oscar submitting transactions
chatterbot Tango submitting transactions
chatterbot Foxtrot submitting transactions
ChatterBot Uniform round 10
ChatterBot Echo round 10
ChatterBot Foxtrot round 10
ChatterBot November round 10
ChatterBot Charlie round 10
2024-10-15 00:48:35.432020 Foxtrot: We should add X-ray
2024-10-15 00:48:35.439173 November: Yes
2024-10-15 00:48:35.439342 Charlie: Yes
ChatterBot Foxtrot reevaluating
ChatterBot Foxtrot reevaluating
ChatterBot Mike round 10
ChatterBot Quebec round 10
ChatterBot Oscar round 10
ChatterBot Tango round 10
ChatterBot X-ray round 10
2024-10-15 00:48:35.479745 Foxtrot: X-ray we want you to join our group
2024-10-15 00:48:35.482306 X-ray: Yes
ChatterBot Foxtrot reevaluating
2024-10-15 00:48:35.495762 Charlie: Foxtrot, sending you 1
2024-10-15 00:48:35.496718 November: Same as last round
2024-10-15 00:48:35.498689 Uniform: Echo, sending you 3
2024-10-15 00:48:35.500427 Charlie: November and X-ray, sending you 2
2024-10-15 00:48:35.502676 Echo: Uniform, Mike, Oscar and Tango, sending you 3
2024-10-15 00:48:35.503665 Oscar: Uniform, Echo and Mike, sending you 4
2024-10-15 00:48:35.504882 Uniform: Mike, Quebec and Tango, sending you 2
2024-10-15 00:48:35.506868 Echo: Quebec, sending you 1
2024-10-15 00:48:35.507786 Oscar: Quebec, sending you 3
2024-10-15 00:48:35.509646 Uniform: Oscar, sending you 4
2024-10-15 00:48:35.510703 X-ray: Foxtrot, sending you 1
2024-10-15 00:48:35.511224 Tango: Uniform, sending you 2
2024-10-15 00:48:35.513003 Mike: Uniform, Echo and Quebec, sending you 2
2024-10-15 00:48:35.514812 Oscar: Tango, sending you 1
2024-10-15 00:48:35.516101 Quebec: Uniform, Mike and Oscar, sending you 2
2024-10-15 00:48:35.517735 X-ray: November, sending you 4
2024-10-15 00:48:35.518211 Tango: Echo, sending you 3
2024-10-15 00:48:35.520112 Mike: Oscar, sending you 3
2024-10-15 00:48:35.521404 Quebec: Echo and Tango, sending you 1
2024-10-15 00:48:35.523137 X-ray: Charlie, sending you 3
2024-10-15 00:48:35.523790 Tango: Mike, Quebec and Oscar, sending you 1
2024-10-15 00:48:35.526029 Foxtrot: November, sending you 5
2024-10-15 00:48:35.526666 Mike: Tango, sending you 1
2024-10-15 00:48:35.529683 Foxtrot: Charlie and X-ray, sending you 4
chatterbot Oscar submitting transactions
chatterbot Mike submitting transactions
chatterbot X-ray submitting transactions
chatterbot Foxtrot submitting transactions
chatterbot Echo submitting transactions
chatterbot Quebec submitting transactions
chatterbot November submitting transactions
chatterbot Uniform submitting transactions
chatterbot Charlie submitting transactions
chatterbot Tango submitting transactions
ChatterBot Uniform round 11
ChatterBot Echo round 11
ChatterBot Foxtrot round 11
ChatterBot November round 11
ChatterBot Charlie round 11
ChatterBot Mike round 11
ChatterBot Quebec round 11
ChatterBot Oscar round 11
ChatterBot Tango round 11
ChatterBot X-ray round 11
2024-10-15 00:48:36.694687 Uniform: Echo, sending you 3
2024-10-15 00:48:36.696165 Foxtrot: November, sending you 5
2024-10-15 00:48:36.696638 Echo: Uniform, Mike, Oscar and Tango, sending you 3
2024-10-15 00:48:36.697468 Oscar: Uniform, Echo and Mike, sending you 4
2024-10-15 00:48:36.698916 November: Same as last round
2024-10-15 00:48:36.699354 X-ray: Foxtrot, sending you 2
2024-10-15 00:48:36.699746 Quebec: Uniform, Mike and Oscar, sending you 2
2024-10-15 00:48:36.700978 Uniform: Mike, Quebec and Tango, sending you 2
2024-10-15 00:48:36.701781 Foxtrot: Charlie and X-ray, sending you 4
2024-10-15 00:48:36.702195 Echo: Quebec, sending you 1
2024-10-15 00:48:36.702940 Oscar: Quebec, sending you 3
2024-10-15 00:48:36.704162 X-ray: November and Charlie, sending you 3
2024-10-15 00:48:36.704528 Mike: Uniform, Echo and Quebec, sending you 2
2024-10-15 00:48:36.705203 Quebec: Echo and Tango, sending you 1
2024-10-15 00:48:36.706621 Charlie: Foxtrot, sending you 1
2024-10-15 00:48:36.706980 Uniform: Oscar, sending you 4
2024-10-15 00:48:36.707702 Oscar: Tango, sending you 1
2024-10-15 00:48:36.709170 Mike: Oscar, sending you 3
2024-10-15 00:48:36.710228 Charlie: November and X-ray, sending you 2
2024-10-15 00:48:36.716894 Mike: Tango, sending you 1
2024-10-15 00:48:36.721669 Tango: Uniform, sending you 2
2024-10-15 00:48:36.731662 Tango: Echo, sending you 3
2024-10-15 00:48:36.737686 Tango: Mike, Quebec and Oscar, sending you 1
chatterbot Mike submitting transactions
chatterbot X-ray submitting transactions
chatterbot Tango submitting transactions
chatterbot Uniform submitting transactions
chatterbot Oscar submitting transactions
chatterbot November submitting transactions
chatterbot Charlie submitting transactions
chatterbot Quebec submitting transactions
chatterbot Foxtrot submitting transactions
chatterbot Echo submitting transactions
ChatterBot Uniform round 12
ChatterBot Echo round 12
ChatterBot Foxtrot round 12
ChatterBot November round 12
ChatterBot Charlie round 12
ChatterBot Mike round 12
ChatterBot Quebec round 12
ChatterBot Oscar round 12
ChatterBot Tango round 12
ChatterBot X-ray round 12
2024-10-15 00:48:37.906677 Mike: Uniform, Echo and Quebec, sending you 2
2024-10-15 00:48:37.909690 Oscar: Uniform, sending you 5
2024-10-15 00:48:37.911633 Mike: Oscar, sending you 3
2024-10-15 00:48:37.912852 Charlie: Foxtrot, sending you 1
2024-10-15 00:48:37.913672 Uniform: Echo, sending you 3
2024-10-15 00:48:37.914723 Tango: Uniform, sending you 2
2024-10-15 00:48:37.916690 Oscar: Echo and Mike, sending you 4
2024-10-15 00:48:37.917793 Quebec: Uniform, Mike and Oscar, sending you 2
2024-10-15 00:48:37.918994 Mike: Tango, sending you 1
2024-10-15 00:48:37.919988 Charlie: November and X-ray, sending you 2
2024-10-15 00:48:37.920418 November: Same as last round
2024-10-15 00:48:37.921118 Foxtrot: November, sending you 5
2024-10-15 00:48:37.921438 Uniform: Mike, Quebec and Tango, sending you 2
2024-10-15 00:48:37.922034 X-ray: Foxtrot, sending you 2
2024-10-15 00:48:37.922398 Echo: Uniform, Mike, Oscar and Tango, sending you 3
2024-10-15 00:48:37.923006 Tango: Echo, sending you 3
2024-10-15 00:48:37.923581 Oscar: Quebec, sending you 3
2024-10-15 00:48:37.924162 Quebec: Echo and Tango, sending you 1
2024-10-15 00:48:37.925217 Foxtrot: Charlie and X-ray, sending you 4
2024-10-15 00:48:37.925563 X-ray: November and Charlie, sending you 3
2024-10-15 00:48:37.925864 Uniform: Oscar, sending you 4
2024-10-15 00:48:37.926422 Tango: Mike, Quebec and Oscar, sending you 1
2024-10-15 00:48:37.927015 Echo: Quebec, sending you 1
chatterbot Quebec submitting transactions
chatterbot Tango submitting transactions
chatterbot Echo submitting transactions
chatterbot November submitting transactions
chatterbot Mike submitting transactions
chatterbot X-ray submitting transactions
chatterbot Uniform submitting transactions
chatterbot Foxtrot submitting transactions
chatterbot Charlie submitting transactions
chatterbot Oscar submitting transactions
ChatterBot Uniform round 13
ChatterBot Echo round 13
ChatterBot Foxtrot round 13
ChatterBot November round 13
ChatterBot Charlie round 13
ChatterBot Mike round 13
ChatterBot Quebec round 13
ChatterBot Oscar round 13
ChatterBot Tango round 13
ChatterBot X-ray round 13
2024-10-15 00:48:39.172468 Foxtrot: We should drop Charlie
2024-10-15 00:48:39.177824 November: No
2024-10-15 00:48:39.177998 X-ray: No
ChatterBot Foxtrot reevaluating
2024-10-15 00:48:39.197722 Uniform: Echo, sending you 3
2024-10-15 00:48:39.200564 Mike: Uniform, Echo and Quebec, sending you 2
2024-10-15 00:48:39.203015 Echo: Uniform, Mike, Oscar and Tango, sending you 3
2024-10-15 00:48:39.204944 Uniform: Mike, Quebec and Tango, sending you 2
2024-10-15 00:48:39.206727 Mike: Oscar, sending you 3
2024-10-15 00:48:39.208728 Echo: Quebec, sending you 1
2024-10-15 00:48:39.210565 Oscar: Uniform, sending you 5
2024-10-15 00:48:39.212656 X-ray: Foxtrot, sending you 2
2024-10-15 00:48:39.213320 Charlie: Foxtrot, sending you 1
2024-10-15 00:48:39.214359 November: Same as last round
2024-10-15 00:48:39.214904 Quebec: Uniform, Mike and Oscar, sending you 2
2024-10-15 00:48:39.216657 Tango: Uniform, sending you 2
2024-10-15 00:48:39.218439 Mike: Tango, sending you 1
2024-10-15 00:48:39.220991 Uniform: Oscar, sending you 4
2024-10-15 00:48:39.223296 Oscar: Echo and Mike, sending you 4
2024-10-15 00:48:39.225904 X-ray: November and Charlie, sending you 3
2024-10-15 00:48:39.226814 Charlie: November and X-ray, sending you 2
2024-10-15 00:48:39.228031 Quebec: Echo and Tango, sending you 1
2024-10-15 00:48:39.230486 Tango: Echo, sending you 3
2024-10-15 00:48:39.233129 Oscar: Quebec, sending you 3
2024-10-15 00:48:39.246995 Tango: Mike, Quebec and Oscar, sending you 1
2024-10-15 00:48:39.249086 Foxtrot: November, sending you 5
2024-10-15 00:48:39.257240 Foxtrot: Charlie and X-ray, sending you 4
chatterbot Uniform submitting transactions
chatterbot Tango submitting transactions
chatterbot Oscar submitting transactions
chatterbot November submitting transactions
chatterbot Foxtrot submitting transactions
chatterbot X-ray submitting transactions
chatterbot Mike submitting transactions
chatterbot Quebec submitting transactions
chatterbot Charlie submitting transactions
chatterbot Echo submitting transactions
ChatterBot Uniform round 14
ChatterBot Echo round 14
ChatterBot Foxtrot round 14
ChatterBot November round 14
ChatterBot Charlie round 14
ChatterBot Mike round 14
ChatterBot Quebec round 14
ChatterBot Oscar round 14
ChatterBot Tango round 14
ChatterBot X-ray round 14
2024-10-15 00:48:40.456943 Echo: Uniform, Mike, Oscar and Tango, sending you 3
2024-10-15 00:48:40.460628 Foxtrot: November, sending you 5
2024-10-15 00:48:40.461603 Uniform: Echo, sending you 3
2024-10-15 00:48:40.466543 Charlie: Foxtrot, sending you 1
2024-10-15 00:48:40.467499 Echo: Quebec, sending you 1
2024-10-15 00:48:40.470645 Foxtrot: Charlie and X-ray, sending you 4
2024-10-15 00:48:40.472499 November: Same as last round
2024-10-15 00:48:40.474101 Uniform: Mike, Quebec and Tango, sending you 2
2024-10-15 00:48:40.476512 Charlie: November and X-ray, sending you 2
2024-10-15 00:48:40.477326 Quebec: Uniform, Mike and Oscar, sending you 2
2024-10-15 00:48:40.479249 Mike: Uniform, Echo and Quebec, sending you 2
2024-10-15 00:48:40.482384 Oscar: Uniform, sending you 5
2024-10-15 00:48:40.484627 Uniform: Oscar, sending you 4
2024-10-15 00:48:40.487492 Quebec: Echo and Tango, sending you 1
2024-10-15 00:48:40.490509 Mike: Oscar, sending you 3
2024-10-15 00:48:40.494029 Tango: Uniform, sending you 2
2024-10-15 00:48:40.497241 Oscar: Echo and Mike, sending you 4
2024-10-15 00:48:40.501145 X-ray: Foxtrot, sending you 2
2024-10-15 00:48:40.502221 Mike: Tango, sending you 1
2024-10-15 00:48:40.504812 Tango: Echo, sending you 3
2024-10-15 00:48:40.506775 Oscar: Quebec, sending you 3
2024-10-15 00:48:40.508866 X-ray: November and Charlie, sending you 3
2024-10-15 00:48:40.510761 Tango: Mike, Quebec and Oscar, sending you 1
chatterbot Mike submitting transactions
chatterbot Quebec submitting transactions
chatterbot Uniform submitting transactions
chatterbot Echo submitting transactions
chatterbot Charlie submitting transactions
chatterbot Foxtrot submitting transactions
chatterbot X-ray submitting transactions
chatterbot Oscar submitting transactions
chatterbot November submitting transactions
chatterbot Tango submitting transactions
ChatterBot Uniform round 15
ChatterBot Echo round 15
ChatterBot Foxtrot round 15
ChatterBot November round 15
ChatterBot Charlie round 15
ChatterBot Mike round 15
ChatterBot Quebec round 15
ChatterBot Oscar round 15
ChatterBot Tango round 15
ChatterBot X-ray round 15
2024-10-15 00:48:41.702343 Foxtrot: We should drop Charlie
2024-10-15 00:48:41.709249 November: No
2024-10-15 00:48:41.709437 X-ray: No
ChatterBot Foxtrot reevaluating
ChatterBot Foxtrot reevaluating
2024-10-15 00:48:41.731277 Uniform: Echo, sending you 3
2024-10-15 00:48:41.735680 Uniform: Mike, Quebec and Tango, sending you 2
2024-10-15 00:48:41.738672 Foxtrot: November, sending you 5
2024-10-15 00:48:41.740699 Uniform: Oscar, sending you 4
2024-10-15 00:48:41.742007 Foxtrot: Charlie and X-ray, sending you 4
2024-10-15 00:48:41.743198 Mike: Uniform, Echo and Quebec, sending you 2
2024-10-15 00:48:41.746501 Charlie: Foxtrot, sending you 1
2024-10-15 00:48:41.747394 November: Same as last round
2024-10-15 00:48:41.748254 Quebec: Uniform, Mike and Oscar, sending you 2
2024-10-15 00:48:41.750360 Tango: Uniform, sending you 2
2024-10-15 00:48:41.752565 Oscar: Uniform, sending you 5
2024-10-15 00:48:41.753958 Echo: Uniform, Mike, Oscar and Tango, sending you 3
2024-10-15 00:48:41.756124 Mike: Oscar, sending you 3
2024-10-15 00:48:41.758029 Charlie: November and X-ray, sending you 2
2024-10-15 00:48:41.758633 Quebec: Echo and Tango, sending you 1
2024-10-15 00:48:41.760646 Tango: Echo, sending you 3
2024-10-15 00:48:41.762041 Oscar: Echo and Mike, sending you 4
2024-10-15 00:48:41.764535 X-ray: Foxtrot, sending you 2
2024-10-15 00:48:41.766113 Echo: Quebec, sending you 1
2024-10-15 00:48:41.767839 Mike: Tango, sending you 1
2024-10-15 00:48:41.769735 Tango: Mike, Quebec and Oscar, sending you 1
2024-10-15 00:48:41.770603 Oscar: Quebec, sending you 2
2024-10-15 00:48:41.772332 X-ray: November and Charlie, sending you 3
2024-10-15 00:48:41.776273 Oscar: Tango, sending you 1
chatterbot November submitting transactions
chatterbot Quebec submitting transactions
chatterbot Foxtrot submitting transactions
chatterbot Tango submitting transactions
chatterbot Charlie submitting transactions
