ChatterBot November round 1
ChatterBot Romeo round 1
ChatterBot Hotel round 1
ChatterBot Golf round 1
ChatterBot Victor round 1
ChatterBot India round 1
ChatterBot Lima round 1
ChatterBot Delta round 1
ChatterBot Tango round 1
ChatterBot Foxtrot round 1
randomSelections Hotel: {Hotel, Foxtrot, November, Delta, Victor, Golf} 
2024-10-15 00:48:22.491171 Hotel: We would work well together
ChatterBot Foxtrot reevaluating
ChatterBot November reevaluating
ChatterBot Delta reevaluating
ChatterBot Victor reevaluating
ChatterBot Golf reevaluating
2024-10-15 00:48:22.502252 Foxtrot: Yes
2024-10-15 00:48:22.503026 November: Yes
2024-10-15 00:48:22.503135 Delta: Yes
2024-10-15 00:48:22.503233 Victor: Yes
2024-10-15 00:48:22.503336 Golf: Yes
ChatterBot November reevaluating
ChatterBot Delta reevaluating
ChatterBot Victor reevaluating
ChatterBot Golf reevaluating
ChatterBot Foxtrot reevaluating
ChatterBot Delta reevaluating
ChatterBot Victor reevaluating
ChatterBot Golf reevaluating
ChatterBot Foxtrot reevaluating
ChatterBot November reevaluating
ChatterBot Victor reevaluating
ChatterBot Golf reevaluating
ChatterBot Foxtrot reevaluating
ChatterBot November reevaluating
ChatterBot Delta reevaluating
ChatterBot Golf reevaluating
ChatterBot Foxtrot reevaluating
ChatterBot November reevaluating
ChatterBot Delta reevaluating
ChatterBot Victor reevaluating
randomSelections India: {India} 
randomSelections Romeo: {Romeo, November, Lima, Victor, Delta, India, Tango, Foxtrot} 
2024-10-15 00:48:22.560200 Romeo: We would work well together
ChatterBot November reevaluating
ChatterBot Lima reevaluating
ChatterBot Victor reevaluating
ChatterBot Delta reevaluating
ChatterBot Tango reevaluating
ChatterBot Foxtrot reevaluating
2024-10-15 00:48:22.573874 November: No
2024-10-15 00:48:22.574101 Lima: Yes
2024-10-15 00:48:22.574941 Victor: No
2024-10-15 00:48:22.575108 Delta: No
2024-10-15 00:48:22.575303 India: No
2024-10-15 00:48:22.575416 Tango: Yes
2024-10-15 00:48:22.575508 Foxtrot: No
ChatterBot Lima reevaluating
ChatterBot Victor reevaluating
ChatterBot Delta reevaluating
ChatterBot Tango reevaluating
ChatterBot Foxtrot reevaluating
ChatterBot November reevaluating
ChatterBot Victor reevaluating
ChatterBot Delta reevaluating
ChatterBot Tango reevaluating
ChatterBot Foxtrot reevaluating
ChatterBot November reevaluating
ChatterBot Lima reevaluating
ChatterBot Delta reevaluating
ChatterBot Tango reevaluating
ChatterBot Foxtrot reevaluating
ChatterBot November reevaluating
ChatterBot Lima reevaluating
ChatterBot Victor reevaluating
ChatterBot Tango reevaluating
ChatterBot Foxtrot reevaluating
ChatterBot November reevaluating
ChatterBot Lima reevaluating
ChatterBot Victor reevaluating
ChatterBot Delta reevaluating
ChatterBot Tango reevaluating
ChatterBot Foxtrot reevaluating
ChatterBot November reevaluating
ChatterBot Lima reevaluating
ChatterBot Victor reevaluating
ChatterBot Delta reevaluating
ChatterBot Foxtrot reevaluating
ChatterBot November reevaluating
ChatterBot Lima reevaluating
ChatterBot Victor reevaluating
ChatterBot Delta reevaluating
ChatterBot Tango reevaluating
2024-10-15 00:48:22.791757 Romeo: Victor, India and Lima, sending you 2
2024-10-15 00:48:22.793553 November: Hotel, Golf and Delta, sending you 3
2024-10-15 00:48:22.795685 Golf: November and Foxtrot, sending you 1
2024-10-15 00:48:22.796896 Tango: November, Victor and Delta, sending you 3
2024-10-15 00:48:22.797556 Romeo: Foxtrot, sending you 1
2024-10-15 00:48:22.798093 Delta: November, sending you 3
2024-10-15 00:48:22.799544 Hotel: November and Victor, sending you 3
2024-10-15 00:48:22.800825 November: Victor and Foxtrot, sending you 1
2024-10-15 00:48:22.801709 Tango: Romeo, sending you 2
2024-10-15 00:48:22.803637 Foxtrot: November and Golf, sending you 2
2024-10-15 00:48:22.804729 Golf: Hotel, sending you 4
2024-10-15 00:48:22.806442 Delta: Hotel, Golf and Foxtrot, sending you 1
2024-10-15 00:48:22.807260 Hotel: Foxtrot, sending you 2
2024-10-15 00:48:22.809293 Lima: November, sending you 5
2024-10-15 00:48:22.811060 Foxtrot: Hotel and Delta, sending you 1
2024-10-15 00:48:22.811667 Tango: Lima and Foxtrot, sending you 1
2024-10-15 00:48:22.813249 Golf: Delta, sending you 2
2024-10-15 00:48:22.813769 Delta: Victor, sending you 2
2024-10-15 00:48:22.815625 Victor: November and Delta, sending you 2
2024-10-15 00:48:22.816243 Lima: Victor and Tango, sending you 2
2024-10-15 00:48:22.818070 Foxtrot: Victor, sending you 3
2024-10-15 00:48:22.821551 Lima: Delta, sending you 1
2024-10-15 00:48:22.831209 Lima: Foxtrot, sending you 3
chatterbot Lima submitting transactions
chatterbot November submitting transactions
chatterbot Golf submitting transactions
chatterbot Victor submitting transactions
chatterbot Hotel submitting transactions
chatterbot Tango submitting transactions
chatterbot India submitting transactions
chatterbot Romeo submitting transactions
chatterbot Delta submitting transactions
chatterbot Foxtrot submitting transactions
ChatterBot November round 2
ChatterBot Romeo round 2
ChatterBot Hotel round 2
ChatterBot Golf round 2
ChatterBot Victor round 2
ChatterBot India round 2
ChatterBot Lima round 2
ChatterBot Delta round 2
ChatterBot Tango round 2
ChatterBot Foxtrot round 2
2024-10-15 00:48:24.759014 Lima: Let's form a team
ChatterBot Romeo reevaluating
ChatterBot Tango reevaluating
2024-10-15 00:48:24.782512 Romeo: No
2024-10-15 00:48:24.783031 Tango: No
2024-10-15 00:48:24.783891 Victor: No
ChatterBot Tango reevaluating
ChatterBot Romeo reevaluating
ChatterBot Romeo reevaluating
ChatterBot Tango reevaluating
2024-10-15 00:48:24.862913 India: Can we be friends?
ChatterBot Romeo reevaluating
ChatterBot Lima reevaluating
ChatterBot Tango reevaluating
2024-10-15 00:48:24.886645 Romeo: Yes
2024-10-15 00:48:24.886981 Lima: Yes
2024-10-15 00:48:24.887306 Tango: No
ChatterBot Lima reevaluating
ChatterBot Tango reevaluating
ChatterBot Romeo reevaluating
ChatterBot Tango reevaluating
ChatterBot Romeo reevaluating
ChatterBot Lima reevaluating
2024-10-15 00:48:24.994961 November: We should drop Foxtrot and Victor
2024-10-15 00:48:25.015961 Hotel: No
2024-10-15 00:48:25.016279 Golf: No
2024-10-15 00:48:25.017806 Delta: No
ChatterBot November reevaluating
ChatterBot November reevaluating
ChatterBot November reevaluating
2024-10-15 00:48:25.112109 Golf: November, Delta and Foxtrot, sending you 2
2024-10-15 00:48:25.112578 India: Romeo, sending you 11
2024-10-15 00:48:25.113358 Romeo: India, Lima and Tango, sending you 2
2024-10-15 00:48:25.113651 Lima: Romeo, sending you 6
2024-10-15 00:48:25.113914 Hotel: November, sending you 2
2024-10-15 00:48:25.114915 Victor: November, Golf and Delta, sending you 1
2024-10-15 00:48:25.115347 Golf: Hotel and Victor, sending you 1
2024-10-15 00:48:25.131416 Hotel: Golf, sending you 3
2024-10-15 00:48:25.133015 Foxtrot: November, Golf and Delta, sending you 2
2024-10-15 00:48:25.133556 Lima: India, sending you 3
2024-10-15 00:48:25.134602 Tango: Romeo, sending you 1
2024-10-15 00:48:25.134973 Delta: November, Golf and Victor, sending you 2
2024-10-15 00:48:25.135478 Victor: Hotel and Foxtrot, sending you 2
2024-10-15 00:48:25.143257 Foxtrot: Hotel, sending you 3
2024-10-15 00:48:25.143704 Lima: Tango, sending you 4
2024-10-15 00:48:25.144002 Hotel: Victor, Delta and Foxtrot, sending you 1
2024-10-15 00:48:25.145090 Tango: Lima, sending you 12
2024-10-15 00:48:25.145307 Delta: Hotel and Foxtrot, sending you 1
chatterbot Lima submitting transactions
chatterbot Golf submitting transactions
chatterbot Tango submitting transactions
chatterbot Romeo submitting transactions
chatterbot Foxtrot submitting transactions
chatterbot Victor submitting transactions
chatterbot India submitting transactions
chatterbot Delta submitting transactions
chatterbot November submitting transactions
chatterbot Hotel submitting transactions
ChatterBot November round 3
ChatterBot Romeo round 3
ChatterBot Hotel round 3
ChatterBot Golf round 3
ChatterBot Victor round 3
ChatterBot India round 3
ChatterBot Lima round 3
ChatterBot Delta round 3
ChatterBot Tango round 3
ChatterBot Foxtrot round 3
2024-10-15 00:48:26.192149 Romeo: We should add Hotel
ChatterBot Lima reevaluating
ChatterBot Tango reevaluating
ChatterBot India reevaluating
2024-10-15 00:48:26.213883 Lima: No
2024-10-15 00:48:26.214401 Tango: No
2024-10-15 00:48:26.214820 India: No
ChatterBot Romeo reevaluating
ChatterBot Tango reevaluating
ChatterBot India reevaluating
ChatterBot Romeo reevaluating
ChatterBot Lima reevaluating
ChatterBot India reevaluating
ChatterBot Romeo reevaluating
ChatterBot Lima reevaluating
ChatterBot Tango reevaluating
2024-10-15 00:48:26.284407 Foxtrot: We should add Lima and Tango
ChatterBot Hotel reevaluating
ChatterBot November reevaluating
ChatterBot Golf reevaluating
2024-10-15 00:48:26.301741 Hotel: No
2024-10-15 00:48:26.301913 November: No
2024-10-15 00:48:26.302050 Delta: No
2024-10-15 00:48:26.302553 Victor: No
2024-10-15 00:48:26.302686 Golf: No
ChatterBot Foxtrot reevaluating
ChatterBot November reevaluating
ChatterBot Golf reevaluating
ChatterBot Hotel reevaluating
ChatterBot Foxtrot reevaluating
ChatterBot Golf reevaluating
ChatterBot Hotel reevaluating
ChatterBot Foxtrot reevaluating
ChatterBot November reevaluating
ChatterBot Golf reevaluating
ChatterBot Hotel reevaluating
ChatterBot Foxtrot reevaluating
ChatterBot November reevaluating
ChatterBot Golf reevaluating
ChatterBot Hotel reevaluating
ChatterBot Foxtrot reevaluating
ChatterBot November reevaluating
2024-10-15 00:48:26.398387 Lima: We should add Victor
ChatterBot Romeo reevaluating
ChatterBot Tango reevaluating
ChatterBot India reevaluating
2024-10-15 00:48:26.410882 Romeo: Yes
2024-10-15 00:48:26.411003 Tango: No
2024-10-15 00:48:26.411119 India: No
ChatterBot Lima reevaluating
ChatterBot Tango reevaluating
ChatterBot India reevaluating
ChatterBot Romeo reevaluating
ChatterBot Lima reevaluating
ChatterBot India reevaluating
ChatterBot Romeo reevaluating
ChatterBot Lima reevaluating
ChatterBot Tango reevaluating
2024-10-15 00:48:26.454787 Victor: We should drop Golf
ChatterBot November reevaluating
ChatterBot Hotel reevaluating
ChatterBot Foxtrot reevaluating
2024-10-15 00:48:26.468649 November: No
2024-10-15 00:48:26.468776 Hotel: No
2024-10-15 00:48:26.468872 Delta: No
2024-10-15 00:48:26.469417 Foxtrot: No
ChatterBot Victor reevaluating
ChatterBot Hotel reevaluating
ChatterBot Foxtrot reevaluating
ChatterBot Victor reevaluating
ChatterBot November reevaluating
ChatterBot Foxtrot reevaluating
ChatterBot Victor reevaluating
ChatterBot November reevaluating
ChatterBot Hotel reevaluating
ChatterBot Foxtrot reevaluating
ChatterBot Victor reevaluating
ChatterBot November reevaluating
ChatterBot Hotel reevaluating
2024-10-15 00:48:26.538951 Romeo: We should add Foxtrot
ChatterBot Lima reevaluating
ChatterBot Tango reevaluating
ChatterBot India reevaluating
2024-10-15 00:48:26.559565 Lima: No
2024-10-15 00:48:26.559760 Tango: No
2024-10-15 00:48:26.559935 India: No
ChatterBot Romeo reevaluating
ChatterBot Tango reevaluating
ChatterBot India reevaluating
ChatterBot Romeo reevaluating
ChatterBot Lima reevaluating
ChatterBot India reevaluating
ChatterBot Romeo reevaluating
ChatterBot Lima reevaluating
ChatterBot Tango reevaluating
2024-10-15 00:48:26.611018 Foxtrot: We should add Romeo
ChatterBot Hotel reevaluating
ChatterBot November reevaluating
ChatterBot Victor reevaluating
ChatterBot Golf reevaluating
2024-10-15 00:48:26.628477 Hotel: No
2024-10-15 00:48:26.628631 November: No
2024-10-15 00:48:26.628760 Delta: No
2024-10-15 00:48:26.629524 Victor: No
2024-10-15 00:48:26.629639 Golf: No
ChatterBot Foxtrot reevaluating
ChatterBot November reevaluating
ChatterBot Victor reevaluating
ChatterBot Golf reevaluating
ChatterBot Hotel reevaluating
ChatterBot Foxtrot reevaluating
ChatterBot Victor reevaluating
ChatterBot Golf reevaluating
ChatterBot Hotel reevaluating
ChatterBot Foxtrot reevaluating
ChatterBot November reevaluating
ChatterBot Victor reevaluating
ChatterBot Golf reevaluating
ChatterBot Hotel reevaluating
ChatterBot Foxtrot reevaluating
ChatterBot November reevaluating
ChatterBot Golf reevaluating
ChatterBot Hotel reevaluating
ChatterBot Foxtrot reevaluating
ChatterBot November reevaluating
ChatterBot Victor reevaluating
2024-10-15 00:48:26.711940 Tango: India we want you to join our group
2024-10-15 00:48:26.715513 India: Yes
ChatterBot Romeo reevaluating
ChatterBot Lima reevaluating
2024-10-15 00:48:26.725233 Romeo: We should add Delta
ChatterBot Lima reevaluating
2024-10-15 00:48:26.734017 Lima: No
2024-10-15 00:48:26.734153 Tango: No
2024-10-15 00:48:26.734237 India: No
ChatterBot Romeo reevaluating
ChatterBot Romeo reevaluating
ChatterBot Lima reevaluating
ChatterBot Romeo reevaluating
ChatterBot Lima reevaluating
2024-10-15 00:48:26.777401 November: We should drop Victor
2024-10-15 00:48:26.786939 Hotel: No
2024-10-15 00:48:26.787067 Golf: No
2024-10-15 00:48:26.787170 Delta: No
2024-10-15 00:48:26.787271 Foxtrot: No
2024-10-15 00:48:26.828068 Romeo: We should add Golf
ChatterBot Lima reevaluating
2024-10-15 00:48:26.836440 Lima: No
2024-10-15 00:48:26.836572 Tango: No
2024-10-15 00:48:26.836698 India: No
ChatterBot Romeo reevaluating
ChatterBot Romeo reevaluating
ChatterBot Lima reevaluating
ChatterBot Romeo reevaluating
ChatterBot Lima reevaluating
2024-10-15 00:48:26.863812 Delta: November, sending you 3
2024-10-15 00:48:26.864224 India: Romeo, sending you 7
2024-10-15 00:48:26.866662 Delta: Hotel, Victor and Foxtrot, sending you 1
2024-10-15 00:48:26.867105 Foxtrot: November, Hotel, Golf and Victor, sending you 2
2024-10-15 00:48:26.867407 Golf: November, Hotel, Delta and Foxtrot, sending you 2
2024-10-15 00:48:26.867740 Hotel: November, sending you 3
2024-10-15 00:48:26.868217 Tango: Romeo, sending you 4
2024-10-15 00:48:26.868693 India: Lima, sending you 5
2024-10-15 00:48:26.870479 Foxtrot: Delta, sending you 1
2024-10-15 00:48:26.870951 Delta: Golf, sending you 2
2024-10-15 00:48:26.871411 Hotel: Golf and Foxtrot, sending you 2
2024-10-15 00:48:26.871819 Tango: Lima, sending you 9
2024-10-15 00:48:26.874666 Hotel: Victor and Delta, sending you 1
2024-10-15 00:48:26.885692 November: Hotel, Delta and Foxtrot, sending you 3
2024-10-15 00:48:26.886669 Victor: Sending you each 2
2024-10-15 00:48:26.889066 November: Golf, sending you 2
chatterbot India submitting transactions
chatterbot Romeo submitting transactions
chatterbot Tango submitting transactions
chatterbot Delta submitting transactions
chatterbot Lima submitting transactions
chatterbot Hotel submitting transactions
chatterbot Foxtrot submitting transactions
chatterbot Golf submitting transactions
chatterbot Victor submitting transactions
chatterbot November submitting transactions
ChatterBot November round 4
ChatterBot Romeo round 4
ChatterBot Hotel round 4
ChatterBot Golf round 4
ChatterBot Victor round 4
ChatterBot India round 4
ChatterBot Lima round 4
ChatterBot Delta round 4
ChatterBot Tango round 4
ChatterBot Foxtrot round 4
2024-10-15 00:48:27.933732 Romeo: We should add November
ChatterBot Lima reevaluating
2024-10-15 00:48:27.943653 Lima: No
2024-10-15 00:48:27.943806 Tango: No
2024-10-15 00:48:27.943976 India: No
ChatterBot Romeo reevaluating
ChatterBot Romeo reevaluating
ChatterBot Lima reevaluating
ChatterBot Romeo reevaluating
ChatterBot Lima reevaluating
2024-10-15 00:48:27.981940 Lima: We should add Victor
ChatterBot Romeo reevaluating
2024-10-15 00:48:27.991176 Romeo: Yes
2024-10-15 00:48:27.991337 Tango: No
2024-10-15 00:48:27.991463 India: No
ChatterBot Lima reevaluating
ChatterBot Romeo reevaluating
ChatterBot Lima reevaluating
ChatterBot Romeo reevaluating
ChatterBot Lima reevaluating
2024-10-15 00:48:28.039670 Romeo: We should add Golf
ChatterBot Lima reevaluating
2024-10-15 00:48:28.125008 Lima: No
2024-10-15 00:48:28.125320 Tango: No
2024-10-15 00:48:28.125505 India: No
ChatterBot Romeo reevaluating
ChatterBot Romeo reevaluating
ChatterBot Lima reevaluating
ChatterBot Romeo reevaluating
ChatterBot Lima reevaluating
2024-10-15 00:48:28.242158 Hotel: November, Golf, Victor and Foxtrot, sending you 2
2024-10-15 00:48:28.243998 November: Hotel, Delta and Foxtrot, sending you 3
2024-10-15 00:48:28.274608 Hotel: Delta, sending you 1
2024-10-15 00:48:28.275453 November: Golf, sending you 2
2024-10-15 00:48:28.276636 Golf: November, Hotel, Delta and Foxtrot, sending you 2
2024-10-15 00:48:28.277948 Tango: Romeo, sending you 4
2024-10-15 00:48:28.278773 Delta: November, Golf and Victor, sending you 2
2024-10-15 00:48:28.280379 India: Romeo, sending you 7
2024-10-15 00:48:28.281745 Foxtrot: November, Hotel, Golf and Victor, sending you 2
2024-10-15 00:48:28.282674 Victor: Same as last round
2024-10-15 00:48:28.284285 Tango: Lima, sending you 9
2024-10-15 00:48:28.285945 Delta: Hotel and Foxtrot, sending you 1
2024-10-15 00:48:28.287375 India: Lima, sending you 5
2024-10-15 00:48:28.288013 Lima: Romeo, sending you 5
2024-10-15 00:48:28.289280 Romeo: India and Tango, sending you 1
2024-10-15 00:48:28.290430 Foxtrot: Delta, sending you 1
2024-10-15 00:48:28.292730 Lima: India, sending you 4
2024-10-15 00:48:28.294226 Romeo: Lima, sending you 2
2024-10-15 00:48:28.298274 Lima: Tango, sending you 7
chatterbot Delta submitting transactions
chatterbot Golf submitting transactions
chatterbot Hotel submitting transactions
chatterbot Romeo submitting transactions
chatterbot Lima submitting transactions
chatterbot Victor submitting transactions
chatterbot Tango submitting transactions
chatterbot India submitting transactions
chatterbot November submitting transactions
chatterbot Foxtrot submitting transactions
ChatterBot November round 5
ChatterBot Romeo round 5
ChatterBot Hotel round 5
ChatterBot Golf round 5
ChatterBot Victor round 5
ChatterBot India round 5
ChatterBot Lima round 5
2024-10-15 00:48:29.307236 Lima: We should add Victor
ChatterBot Romeo reevaluating
2024-10-15 00:48:29.315685 Romeo: Yes
2024-10-15 00:48:29.315844 Tango: No
2024-10-15 00:48:29.315968 India: No
ChatterBot Lima reevaluating
ChatterBot Romeo reevaluating
ChatterBot Lima reevaluating
ChatterBot Romeo reevaluating
ChatterBot Lima reevaluating
ChatterBot Delta round 5
ChatterBot Tango round 5
ChatterBot Foxtrot round 5
2024-10-15 00:48:29.367654 November: Hotel, Delta and Foxtrot, sending you 3
2024-10-15 00:48:29.371855 November: Golf, sending you 2
2024-10-15 00:48:29.375676 Romeo: India and Tango, sending you 1
2024-10-15 00:48:29.377655 Lima: Romeo, sending you 4
2024-10-15 00:48:29.379354 Romeo: Lima, sending you 2
2024-10-15 00:48:29.381869 India: Romeo, sending you 5
2024-10-15 00:48:29.382672 Lima: India, sending you 5
2024-10-15 00:48:29.383074 Victor: Same as last round
2024-10-15 00:48:29.384054 Tango: Romeo, sending you 3
2024-10-15 00:48:29.384679 India: Lima, sending you 7
2024-10-15 00:48:29.385678 Hotel: November, Golf, Victor and Foxtrot, sending you 2
2024-10-15 00:48:29.387177 Foxtrot: November, Hotel, Golf and Victor, sending you 2
2024-10-15 00:48:29.387811 Golf: November, Hotel, Delta and Foxtrot, sending you 2
2024-10-15 00:48:29.388437 Lima: Tango, sending you 7
2024-10-15 00:48:29.389371 Tango: India, sending you 1
2024-10-15 00:48:29.390696 Hotel: Delta, sending you 1
2024-10-15 00:48:29.391877 Foxtrot: Delta, sending you 1
2024-10-15 00:48:29.392305 Delta: November, Golf and Victor, sending you 2
2024-10-15 00:48:29.394678 Tango: Lima, sending you 9
2024-10-15 00:48:29.395673 Delta: Hotel and Foxtrot, sending you 1
chatterbot Foxtrot submitting transactions
chatterbot Delta submitting transactions
chatterbot Golf submitting transactions
chatterbot November submitting transactions
chatterbot Lima submitting transactions
chatterbot Victor submitting transactions
chatterbot Hotel submitting transactions
chatterbot India submitting transactions
chatterbot Tango submitting transactions
chatterbot Romeo submitting transactions
ChatterBot November round 6
ChatterBot Romeo round 6
ChatterBot Hotel round 6
ChatterBot Golf round 6
ChatterBot Victor round 6
ChatterBot India round 6
ChatterBot Lima round 6
ChatterBot Delta round 6
ChatterBot Tango round 6
ChatterBot Foxtrot round 6
2024-10-15 00:48:30.632135 November: Hotel, Delta and Foxtrot, sending you 3
2024-10-15 00:48:30.635678 November: Golf, sending you 2
2024-10-15 00:48:30.636660 Foxtrot: November, Hotel, Golf and Victor, sending you 2
2024-10-15 00:48:30.637671 Golf: November, Hotel, Delta and Foxtrot, sending you 2
2024-10-15 00:48:30.638502 India: Romeo, sending you 4
2024-10-15 00:48:30.640679 Foxtrot: Delta, sending you 1
2024-10-15 00:48:30.642671 Romeo: Sending you each 1
2024-10-15 00:48:30.643090 Lima: Romeo and India, sending you 5
2024-10-15 00:48:30.644102 India: Lima, sending you 7
2024-10-15 00:48:30.644709 Tango: Romeo, sending you 3
2024-10-15 00:48:30.647011 Delta: November, Golf and Victor, sending you 2
2024-10-15 00:48:30.647547 Lima: Tango, sending you 7
2024-10-15 00:48:30.647978 Hotel: November, Golf, Victor and Foxtrot, sending you 2
2024-10-15 00:48:30.648445 Tango: Lima, sending you 10
2024-10-15 00:48:30.648869 India: Tango, sending you 1
2024-10-15 00:48:30.651664 Victor: Same as last round
2024-10-15 00:48:30.651993 Delta: Hotel and Foxtrot, sending you 1
2024-10-15 00:48:30.653070 Hotel: Delta, sending you 1
chatterbot India submitting transactions
chatterbot Tango submitting transactions
chatterbot Victor submitting transactions
chatterbot Hotel submitting transactions
chatterbot November submitting transactions
chatterbot Foxtrot submitting transactions
chatterbot Lima submitting transactions
chatterbot Romeo submitting transactions
chatterbot Delta submitting transactions
chatterbot Golf submitting transactions
ChatterBot November round 7
ChatterBot Romeo round 7
ChatterBot Hotel round 7
ChatterBot Golf round 7
ChatterBot Victor round 7
ChatterBot India round 7
ChatterBot Lima round 7
ChatterBot Delta round 7
ChatterBot Tango round 7
ChatterBot Foxtrot round 7
2024-10-15 00:48:31.884313 Hotel: We should add India
ChatterBot Foxtrot reevaluating
2024-10-15 00:48:31.900400 Foxtrot: Yes
2024-10-15 00:48:31.900624 November: No
2024-10-15 00:48:31.900817 Delta: No
2024-10-15 00:48:31.900972 Victor: No
2024-10-15 00:48:31.901120 Golf: No
ChatterBot Hotel reevaluating
ChatterBot Hotel reevaluating
ChatterBot Foxtrot reevaluating
ChatterBot Hotel reevaluating
ChatterBot Foxtrot reevaluating
ChatterBot Victor reevaluating
ChatterBot Hotel reevaluating
ChatterBot Foxtrot reevaluating
ChatterBot Hotel reevaluating
ChatterBot Foxtrot reevaluating
ChatterBot Victor reevaluating
2024-10-15 00:48:32.007684 Delta: November, Golf and Victor, sending you 2
2024-10-15 00:48:32.009681 November: Hotel, Delta and Foxtrot, sending you 3
2024-10-15 00:48:32.010096 Hotel: November, Golf, Victor and Foxtrot, sending you 2
2024-10-15 00:48:32.010679 Delta: Hotel and Foxtrot, sending you 1
2024-10-15 00:48:32.011879 Golf: November, Hotel, Delta and Foxtrot, sending you 2
2024-10-15 00:48:32.012683 November: Golf, sending you 2
2024-10-15 00:48:32.014130 Victor: Same as last round
2024-10-15 00:48:32.014681 Hotel: Delta, sending you 1
2024-10-15 00:48:32.017663 Romeo: Same as last round
2024-10-15 00:48:32.018146 India: Romeo, sending you 4
2024-10-15 00:48:32.018916 Lima: Romeo and India, sending you 5
2024-10-15 00:48:32.019266 Tango: Romeo, sending you 3
2024-10-15 00:48:32.019599 Foxtrot: November, Hotel, Golf and Victor, sending you 2
2024-10-15 00:48:32.021653 Lima: Tango, sending you 7
2024-10-15 00:48:32.022811 Tango: India, sending you 1
2024-10-15 00:48:32.023690 India: Lima, sending you 8
2024-10-15 00:48:32.024681 Foxtrot: Delta, sending you 1
2024-10-15 00:48:32.025806 Tango: Lima, sending you 9
chatterbot Lima submitting transactions
chatterbot Foxtrot submitting transactions
chatterbot Tango submitting transactions
chatterbot Hotel submitting transactions
chatterbot November submitting transactions
chatterbot Victor submitting transactions
chatterbot Delta submitting transactions
chatterbot Romeo submitting transactions
chatterbot India submitting transactions
chatterbot Golf submitting transactions
ChatterBot November round 8
ChatterBot Romeo round 8
ChatterBot Hotel round 8
ChatterBot Golf round 8
ChatterBot Victor round 8
ChatterBot India round 8
2024-10-15 00:48:33.094286 Romeo: We should add Golf
2024-10-15 00:48:33.144789 Lima: No
2024-10-15 00:48:33.146485 Tango: No
2024-10-15 00:48:33.149591 India: No
ChatterBot Romeo reevaluating
ChatterBot Romeo reevaluating
ChatterBot Romeo reevaluating
ChatterBot Lima round 8
ChatterBot Delta round 8
ChatterBot Tango round 8
ChatterBot Foxtrot round 8
2024-10-15 00:48:33.288418 Lima: We should add Victor
ChatterBot Romeo reevaluating
2024-10-15 00:48:33.305402 Romeo: Yes
2024-10-15 00:48:33.305816 Tango: No
2024-10-15 00:48:33.306644 India: No
ChatterBot Romeo reevaluating
ChatterBot Lima reevaluating
ChatterBot Romeo reevaluating
ChatterBot Lima reevaluating
2024-10-15 00:48:33.361854 Hotel: November, Golf, Victor and Foxtrot, sending you 2
2024-10-15 00:48:33.363797 November: Hotel, Delta and Foxtrot, sending you 3
2024-10-15 00:48:33.367668 Hotel: Delta, sending you 1
2024-10-15 00:48:33.369273 Victor: Same as last round
2024-10-15 00:48:33.369785 November: Golf, sending you 2
2024-10-15 00:48:33.370923 Golf: November, Hotel, Delta and Foxtrot, sending you 2
2024-10-15 00:48:33.376182 Tango: Romeo, sending you 3
2024-10-15 00:48:33.377044 India: Romeo, sending you 3
2024-10-15 00:48:33.379983 Tango: Lima, sending you 10
2024-10-15 00:48:33.381287 India: Lima, sending you 8
2024-10-15 00:48:33.382842 Lima: Romeo, sending you 4
2024-10-15 00:48:33.384555 Delta: November, Golf and Victor, sending you 2
2024-10-15 00:48:33.386787 Foxtrot: November, Hotel, Golf and Victor, sending you 2
2024-10-15 00:48:33.388911 India: Tango, sending you 1
2024-10-15 00:48:33.390808 Lima: India, sending you 6
2024-10-15 00:48:33.391932 Delta: Hotel and Foxtrot, sending you 1
2024-10-15 00:48:33.393664 Foxtrot: Delta, sending you 1
2024-10-15 00:48:33.395734 Lima: Tango, sending you 7
chatterbot Romeo submitting transactions
chatterbot Lima submitting transactions
chatterbot Hotel submitting transactions
chatterbot Foxtrot submitting transactions
chatterbot India submitting transactions
chatterbot November submitting transactions
chatterbot Golf submitting transactions
chatterbot Delta submitting transactions
chatterbot Victor submitting transactions
chatterbot Tango submitting transactions
ChatterBot November round 9
ChatterBot Romeo round 9
ChatterBot Hotel round 9
ChatterBot Golf round 9
2024-10-15 00:48:34.369855 November: We should replace Golf with Victor
2024-10-15 00:48:34.378109 Hotel: No
2024-10-15 00:48:34.378293 Delta: No
2024-10-15 00:48:34.378437 Foxtrot: No
ChatterBot November reevaluating
ChatterBot November reevaluating
ChatterBot November reevaluating
ChatterBot Victor round 9
ChatterBot India round 9
ChatterBot Lima round 9
ChatterBot Delta round 9
ChatterBot Tango round 9
ChatterBot Foxtrot round 9
2024-10-15 00:48:34.422498 November: We should replace Hotel with Victor
2024-10-15 00:48:34.429241 Golf: No
2024-10-15 00:48:34.429370 Delta: No
2024-10-15 00:48:34.429475 Foxtrot: No
ChatterBot November reevaluating
ChatterBot November reevaluating
ChatterBot November reevaluating
2024-10-15 00:48:34.458109 Lima: We should add Victor
ChatterBot Romeo reevaluating
2024-10-15 00:48:34.468243 Romeo: No
2024-10-15 00:48:34.468450 Tango: No
2024-10-15 00:48:34.468595 India: No
ChatterBot Lima reevaluating
ChatterBot Romeo reevaluating
ChatterBot Lima reevaluating
ChatterBot Romeo reevaluating
ChatterBot Lima reevaluating
2024-10-15 00:48:34.525668 Golf: November, Hotel, Delta and Foxtrot, sending you 2
2024-10-15 00:48:34.528683 Delta: November, Golf and Victor, sending you 2
2024-10-15 00:48:34.530668 Victor: Same as last round
2024-10-15 00:48:34.531083 India: Romeo, sending you 3
2024-10-15 00:48:34.533652 Hotel: November, Golf, Victor and Foxtrot, sending you 2
2024-10-15 00:48:34.534456 Delta: Hotel and Foxtrot, sending you 1
2024-10-15 00:48:34.535056 Tango: Romeo, sending you 3
2024-10-15 00:48:34.536336 India: Lima, sending you 8
2024-10-15 00:48:34.538715 Hotel: Delta, sending you 1
2024-10-15 00:48:34.540682 Tango: India, sending you 1
2024-10-15 00:48:34.541105 India: Tango, sending you 1
2024-10-15 00:48:34.541718 November: Hotel, Delta and Foxtrot, sending you 3
2024-10-15 00:48:34.544693 Tango: Lima, sending you 9
2024-10-15 00:48:34.545243 Lima: Romeo, sending you 4
2024-10-15 00:48:34.545713 November: Golf, sending you 2
2024-10-15 00:48:34.547250 Foxtrot: November, Hotel, Golf and Victor, sending you 2
2024-10-15 00:48:34.549704 Lima: India, sending you 6
2024-10-15 00:48:34.552677 Foxtrot: Delta, sending you 1
2024-10-15 00:48:34.553505 Lima: Tango, sending you 7
chatterbot Hotel submitting transactions
chatterbot Romeo submitting transactions
chatterbot Victor submitting transactions
chatterbot Lima submitting transactions
chatterbot Delta submitting transactions
chatterbot India submitting transactions
chatterbot Golf submitting transactions
chatterbot Tango submitting transactions
chatterbot Foxtrot submitting transactions
chatterbot November submitting transactions
ChatterBot November round 10
ChatterBot Romeo round 10
ChatterBot Hotel round 10
ChatterBot Golf round 10
ChatterBot Victor round 10
ChatterBot India round 10
ChatterBot Lima round 10
ChatterBot Delta round 10
ChatterBot Tango round 10
ChatterBot Foxtrot round 10
2024-10-15 00:48:35.671842 Victor: We should replace November with Golf
2024-10-15 00:48:35.680125 Hotel: No
2024-10-15 00:48:35.681047 Delta: No
2024-10-15 00:48:35.681218 Foxtrot: No
ChatterBot Victor reevaluating
ChatterBot Victor reevaluating
2024-10-15 00:48:35.713222 Lima: We should add Golf
ChatterBot Romeo reevaluating
2024-10-15 00:48:35.720088 Romeo: Yes
2024-10-15 00:48:35.720266 Tango: No
2024-10-15 00:48:35.720380 India: No
ChatterBot Lima reevaluating
ChatterBot Romeo reevaluating
ChatterBot Lima reevaluating
ChatterBot Romeo reevaluating
ChatterBot Lima reevaluating
2024-10-15 00:48:35.744662 November: Hotel, Delta and Foxtrot, sending you 3
2024-10-15 00:48:35.746800 Victor: Golf we want you to join our group
2024-10-15 00:48:35.749826 Golf: Yes
ChatterBot Victor reevaluating
2024-10-15 00:48:35.760535 November: Golf, sending you 2
2024-10-15 00:48:35.761066 Hotel: November, Golf, Victor and Foxtrot, sending you 2
2024-10-15 00:48:35.762664 Golf: November, Hotel, Delta and Foxtrot, sending you 2
2024-10-15 00:48:35.764657 Hotel: Delta, sending you 1
2024-10-15 00:48:35.765659 Foxtrot: November, Hotel, Golf and Victor, sending you 2
2024-10-15 00:48:35.766267 Tango: Romeo, sending you 3
2024-10-15 00:48:35.766744 India: Romeo, sending you 3
2024-10-15 00:48:35.768678 Foxtrot: Delta, sending you 1
2024-10-15 00:48:35.770672 Tango: India, sending you 1
2024-10-15 00:48:35.771655 India: Lima, sending you 8
2024-10-15 00:48:35.773747 Tango: Lima, sending you 9
2024-10-15 00:48:35.775652 India: Tango, sending you 1
2024-10-15 00:48:35.777818 Lima: Romeo, sending you 5
2024-10-15 00:48:35.780690 Delta: November, Golf and Victor, sending you 2
2024-10-15 00:48:35.782661 Lima: India, sending you 6
2024-10-15 00:48:35.785231 Delta: Hotel and Foxtrot, sending you 1
2024-10-15 00:48:35.787716 Lima: Tango, sending you 7
2024-10-15 00:48:35.792712 Victor: Sending you each 2
chatterbot Foxtrot submitting transactions
chatterbot Lima submitting transactions
chatterbot Delta submitting transactions
chatterbot Tango submitting transactions
chatterbot Hotel submitting transactions
chatterbot India submitting transactions
chatterbot Golf submitting transactions
chatterbot Romeo submitting transactions
chatterbot November submitting transactions
chatterbot Victor submitting transactions
ChatterBot November round 11
ChatterBot Romeo round 11
ChatterBot Hotel round 11
ChatterBot Golf round 11
ChatterBot Victor round 11
ChatterBot India round 11
ChatterBot Lima round 11
ChatterBot Delta round 11
ChatterBot Tango round 11
ChatterBot Foxtrot round 11
2024-10-15 00:48:36.695845 Golf: November, Hotel, Delta and Foxtrot, sending you 2
2024-10-15 00:48:36.696810 India: Romeo, sending you 3
2024-10-15 00:48:36.697729 November: Hotel, Delta and Foxtrot, sending you 3
2024-10-15 00:48:36.701684 Victor: Same as last round
2024-10-15 00:48:36.702186 India: Lima, sending you 8
2024-10-15 00:48:36.702747 Romeo: Same as last round
2024-10-15 00:48:36.703817 Tango: Romeo, sending you 3
2024-10-15 00:48:36.704276 Hotel: November, Golf, Victor and Foxtrot, sending you 2
2024-10-15 00:48:36.704876 Foxtrot: November, Hotel, Golf and Victor, sending you 2
2024-10-15 00:48:36.705439 Lima: Romeo, sending you 5
2024-10-15 00:48:36.706461 November: Golf, sending you 2
2024-10-15 00:48:36.706856 Delta: November, Golf and Victor, sending you 2
2024-10-15 00:48:36.707541 Tango: India, sending you 1
2024-10-15 00:48:36.708151 India: Tango, sending you 1
2024-10-15 00:48:36.709303 Hotel: Delta, sending you 1
2024-10-15 00:48:36.710380 Lima: India, sending you 6
2024-10-15 00:48:36.711211 Foxtrot: Delta, sending you 1
2024-10-15 00:48:36.717909 Delta: Hotel and Foxtrot, sending you 1
2024-10-15 00:48:36.718802 Tango: Lima, sending you 9
2024-10-15 00:48:36.720545 Lima: Tango, sending you 7
chatterbot Golf submitting transactions
chatterbot Romeo submitting transactions
chatterbot Tango submitting transactions
chatterbot Victor submitting transactions
chatterbot Hotel submitting transactions
chatterbot India submitting transactions
chatterbot Lima submitting transactions
chatterbot November submitting transactions
chatterbot Foxtrot submitting transactions
chatterbot Delta submitting transactions
ChatterBot November round 12
ChatterBot Romeo round 12
ChatterBot Hotel round 12
ChatterBot Golf round 12
ChatterBot Victor round 12
ChatterBot India round 12
ChatterBot Lima round 12
ChatterBot Delta round 12
ChatterBot Tango round 12
ChatterBot Foxtrot round 12
2024-10-15 00:48:37.952650 Hotel: November, Golf, Victor and Foxtrot, sending you 2
2024-10-15 00:48:37.956650 Lima: Romeo, sending you 5
2024-10-15 00:48:37.957653 Hotel: Delta, sending you 1
2024-10-15 00:48:37.958656 Golf: November, Hotel, Delta and Foxtrot, sending you 2
2024-10-15 00:48:37.960665 Lima: India, sending you 6
2024-10-15 00:48:37.961701 Romeo: Same as last round
2024-10-15 00:48:37.963678 Victor: Same as last round
2024-10-15 00:48:37.963995 India: Romeo, sending you 3
2024-10-15 00:48:37.964671 Lima: Tango, sending you 7
2024-10-15 00:48:37.965094 Delta: November, Golf and Victor, sending you 2
2024-10-15 00:48:37.965944 Foxtrot: November, Hotel, Golf and Victor, sending you 2
2024-10-15 00:48:37.966667 November: Hotel, Delta and Foxtrot, sending you 3
2024-10-15 00:48:37.967057 India: Lima, sending you 8
2024-10-15 00:48:37.968653 Delta: Hotel and Foxtrot, sending you 1
2024-10-15 00:48:37.969666 Foxtrot: Delta, sending you 1
2024-10-15 00:48:37.970336 November: Golf, sending you 2
2024-10-15 00:48:37.971685 India: Tango, sending you 1
2024-10-15 00:48:37.974670 Tango: Romeo, sending you 3
2024-10-15 00:48:37.979692 Tango: India, sending you 1
2024-10-15 00:48:37.983666 Tango: Lima, sending you 9
chatterbot Lima submitting transactions
chatterbot November submitting transactions
chatterbot India submitting transactions
chatterbot Foxtrot submitting transactions
chatterbot Golf submitting transactions
chatterbot Hotel submitting transactions
chatterbot Victor submitting transactions
chatterbot Delta submitting transactions
chatterbot Romeo submitting transactions
chatterbot Tango submitting transactions
ChatterBot November round 13
ChatterBot Romeo round 13
ChatterBot Hotel round 13
ChatterBot Golf round 13
ChatterBot Victor round 13
ChatterBot India round 13
ChatterBot Lima round 13
ChatterBot Delta round 13
ChatterBot Tango round 13
ChatterBot Foxtrot round 13
2024-10-15 00:48:39.142587 Romeo: We should add Victor
ChatterBot Lima reevaluating
2024-10-15 00:48:39.154415 Lima: No
2024-10-15 00:48:39.154598 Tango: No
2024-10-15 00:48:39.154747 India: No
ChatterBot Romeo reevaluating
ChatterBot Romeo reevaluating
ChatterBot Lima reevaluating
ChatterBot Romeo reevaluating
ChatterBot Lima reevaluating
2024-10-15 00:48:39.209723 Romeo: We should add Delta
ChatterBot Lima reevaluating
2024-10-15 00:48:39.219407 Lima: No
2024-10-15 00:48:39.219597 Tango: No
2024-10-15 00:48:39.219747 India: No
ChatterBot Romeo reevaluating
ChatterBot Romeo reevaluating
ChatterBot Lima reevaluating
ChatterBot Romeo reevaluating
ChatterBot Lima reevaluating
2024-10-15 00:48:39.270416 Golf: November, Hotel, Delta and Foxtrot, sending you 2
2024-10-15 00:48:39.272352 Victor: Same as last round
2024-10-15 00:48:39.273504 November: Hotel, Delta and Foxtrot, sending you 3
2024-10-15 00:48:39.276777 November: Golf, sending you 2
2024-10-15 00:48:39.278082 Tango: Romeo, sending you 3
2024-10-15 00:48:39.279868 Hotel: November, Golf, Victor and Foxtrot, sending you 2
2024-10-15 00:48:39.284168 Tango: India, sending you 1
2024-10-15 00:48:39.285878 Foxtrot: November, Hotel, Golf and Victor, sending you 2
2024-10-15 00:48:39.288190 Hotel: Delta, sending you 1
2024-10-15 00:48:39.290678 Tango: Lima, sending you 9
2024-10-15 00:48:39.292405 India: Romeo, sending you 3
2024-10-15 00:48:39.294013 Delta: November, Golf and Victor, sending you 2
2024-10-15 00:48:39.295645 Foxtrot: Delta, sending you 1
2024-10-15 00:48:39.297404 Lima: Romeo, sending you 5
2024-10-15 00:48:39.299411 India: Lima, sending you 8
2024-10-15 00:48:39.300258 Delta: Hotel and Foxtrot, sending you 1
2024-10-15 00:48:39.302290 Lima: India, sending you 6
2024-10-15 00:48:39.304703 India: Tango, sending you 1
2024-10-15 00:48:39.306176 Lima: Tango, sending you 7
chatterbot Tango submitting transactions
chatterbot Victor submitting transactions
chatterbot Golf submitting transactions
chatterbot Delta submitting transactions
chatterbot Lima submitting transactions
chatterbot Hotel submitting transactions
chatterbot Foxtrot submitting transactions
chatterbot November submitting transactions
chatterbot India submitting transactions
chatterbot Romeo submitting transactions
ChatterBot November round 14
ChatterBot Romeo round 14
ChatterBot Hotel round 14
ChatterBot Golf round 14
ChatterBot Victor round 14
ChatterBot India round 14
ChatterBot Lima round 14
ChatterBot Delta round 14
ChatterBot Tango round 14
ChatterBot Foxtrot round 14
2024-10-15 00:48:40.525912 Victor: We should replace Delta with November
2024-10-15 00:48:40.543999 Hotel: No
2024-10-15 00:48:40.544366 Golf: No
2024-10-15 00:48:40.544663 Foxtrot: No
ChatterBot Victor reevaluating
ChatterBot Victor reevaluating
ChatterBot Victor reevaluating
2024-10-15 00:48:40.637166 Delta: November, Golf and Victor, sending you 2
2024-10-15 00:48:40.640572 Romeo: Same as last round
2024-10-15 00:48:40.642818 Hotel: November, Golf, Victor and Foxtrot, sending you 2
2024-10-15 00:48:40.645461 Delta: Hotel and Foxtrot, sending you 1
2024-10-15 00:48:40.647819 November: Hotel, Delta and Foxtrot, sending you 3
2024-10-15 00:48:40.649192 Victor: Same as last round
2024-10-15 00:48:40.651218 India: Romeo, sending you 3
2024-10-15 00:48:40.653361 Lima: Romeo, sending you 5
2024-10-15 00:48:40.655119 Hotel: Delta, sending you 1
2024-10-15 00:48:40.657073 Golf: November, Hotel, Delta and Foxtrot, sending you 2
2024-10-15 00:48:40.659586 Foxtrot: November, Hotel, Golf and Victor, sending you 2
2024-10-15 00:48:40.661175 November: Golf, sending you 2
2024-10-15 00:48:40.661947 Tango: Romeo, sending you 3
2024-10-15 00:48:40.663534 India: Lima, sending you 8
2024-10-15 00:48:40.665445 Lima: India, sending you 6
2024-10-15 00:48:40.666504 Foxtrot: Delta, sending you 1
2024-10-15 00:48:40.668224 Tango: India, sending you 1
2024-10-15 00:48:40.669809 India: Tango, sending you 1
2024-10-15 00:48:40.670943 Lima: Tango, sending you 7
2024-10-15 00:48:40.674673 Tango: Lima, sending you 9
