ChatterBot Romeo round 1
ChatterBot Lima round 1
ChatterBot X-ray round 1
ChatterBot Echo round 1
ChatterBot India round 1
ChatterBot Uniform round 1
ChatterBot Yankee round 1
ChatterBot Quebec round 1
ChatterBot Victor round 1
ChatterBot Sierra round 1
randomSelections Echo: {Echo, Sierra, Lima, X-ray, Victor, Yankee, Quebec, Romeo} 
2024-10-15 00:48:22.402212 Echo: Can we be friends?
ChatterBot Sierra reevaluating
ChatterBot Lima reevaluating
ChatterBot X-ray reevaluating
ChatterBot Victor reevaluating
ChatterBot Yankee reevaluating
ChatterBot Quebec reevaluating
ChatterBot Romeo reevaluating
2024-10-15 00:48:22.424403 Sierra: Yes
2024-10-15 00:48:22.424601 Lima: Yes
2024-10-15 00:48:22.425368 X-ray: Yes
2024-10-15 00:48:22.425497 Victor: Yes
2024-10-15 00:48:22.425696 Yankee: Yes
2024-10-15 00:48:22.425875 Quebec: Yes
2024-10-15 00:48:22.426042 Romeo: Yes
ChatterBot Lima reevaluating
ChatterBot X-ray reevaluating
ChatterBot Victor reevaluating
ChatterBot Yankee reevaluating
ChatterBot Quebec reevaluating
ChatterBot Romeo reevaluating
ChatterBot Sierra reevaluating
ChatterBot X-ray reevaluating
ChatterBot Victor reevaluating
ChatterBot Yankee reevaluating
ChatterBot Quebec reevaluating
ChatterBot Romeo reevaluating
ChatterBot Sierra reevaluating
ChatterBot Lima reevaluating
ChatterBot Victor reevaluating
ChatterBot Yankee reevaluating
ChatterBot Quebec reevaluating
ChatterBot Romeo reevaluating
ChatterBot Sierra reevaluating
ChatterBot Lima reevaluating
ChatterBot X-ray reevaluating
ChatterBot Yankee reevaluating
ChatterBot Quebec reevaluating
ChatterBot Romeo reevaluating
ChatterBot Sierra reevaluating
ChatterBot Lima reevaluating
ChatterBot X-ray reevaluating
ChatterBot Victor reevaluating
ChatterBot Quebec reevaluating
ChatterBot Romeo reevaluating
ChatterBot Sierra reevaluating
ChatterBot Lima reevaluating
ChatterBot X-ray reevaluating
ChatterBot Victor reevaluating
ChatterBot Yankee reevaluating
ChatterBot Romeo reevaluating
ChatterBot Sierra reevaluating
ChatterBot Lima reevaluating
ChatterBot X-ray reevaluating
ChatterBot Victor reevaluating
ChatterBot Yankee reevaluating
ChatterBot Quebec reevaluating
randomSelections India: {India, X-ray, Romeo, Yankee, Quebec, Uniform, Sierra} 
2024-10-15 00:48:22.568551 India: Can we be friends?
ChatterBot X-ray reevaluating
ChatterBot Romeo reevaluating
ChatterBot Yankee reevaluating
ChatterBot Quebec reevaluating
ChatterBot Uniform reevaluating
ChatterBot Sierra reevaluating
2024-10-15 00:48:22.579155 X-ray: No
2024-10-15 00:48:22.579280 Romeo: No
2024-10-15 00:48:22.579431 Yankee: No
2024-10-15 00:48:22.579547 Quebec: No
2024-10-15 00:48:22.580211 Uniform: Yes
2024-10-15 00:48:22.580304 Sierra: No
ChatterBot Romeo reevaluating
ChatterBot Yankee reevaluating
ChatterBot Quebec reevaluating
ChatterBot Uniform reevaluating
ChatterBot Sierra reevaluating
ChatterBot X-ray reevaluating
ChatterBot Yankee reevaluating
ChatterBot Quebec reevaluating
ChatterBot Uniform reevaluating
ChatterBot Sierra reevaluating
ChatterBot X-ray reevaluating
ChatterBot Romeo reevaluating
ChatterBot Quebec reevaluating
ChatterBot Uniform reevaluating
ChatterBot Sierra reevaluating
ChatterBot X-ray reevaluating
ChatterBot Romeo reevaluating
ChatterBot Yankee reevaluating
ChatterBot Uniform reevaluating
ChatterBot Sierra reevaluating
ChatterBot X-ray reevaluating
ChatterBot Romeo reevaluating
ChatterBot Yankee reevaluating
ChatterBot Quebec reevaluating
ChatterBot Sierra reevaluating
ChatterBot X-ray reevaluating
ChatterBot Romeo reevaluating
ChatterBot Yankee reevaluating
ChatterBot Quebec reevaluating
ChatterBot Uniform reevaluating
2024-10-15 00:48:22.784251 Quebec: Yankee and Sierra, sending you 1
2024-10-15 00:48:22.785159 Uniform: X-ray, India and Yankee, sending you 1
2024-10-15 00:48:22.787045 India: Romeo and X-ray, sending you 2
2024-10-15 00:48:22.788441 Romeo: Lima, sending you 5
2024-10-15 00:48:22.789146 Victor: Romeo, Lima and Sierra, sending you 2
2024-10-15 00:48:22.791681 Uniform: Quebec and Sierra, sending you 2
2024-10-15 00:48:22.793073 India: Uniform and Yankee, sending you 1
2024-10-15 00:48:22.793741 Sierra: Romeo and Yankee, sending you 3
2024-10-15 00:48:22.795110 Lima: Romeo, Echo and Quebec, sending you 1
2024-10-15 00:48:22.795556 Victor: Quebec, sending you 1
2024-10-15 00:48:22.796013 X-ray: Lima and Sierra, sending you 1
2024-10-15 00:48:22.797471 Romeo: X-ray and Echo, sending you 1
2024-10-15 00:48:22.798161 Echo: Romeo and Sierra, sending you 1
2024-10-15 00:48:22.799544 India: Sierra, sending you 3
2024-10-15 00:48:22.800224 Sierra: Lima, X-ray, Echo and Victor, sending you 1
2024-10-15 00:48:22.801536 Lima: X-ray, sending you 2
2024-10-15 00:48:22.802248 X-ray: Echo, sending you 2
2024-10-15 00:48:22.803832 Yankee: Romeo, Lima, X-ray, Echo and Sierra, sending you 1
2024-10-15 00:48:22.806263 Romeo: Victor, sending you 2
2024-10-15 00:48:22.807112 Echo: X-ray, Yankee, Quebec and Victor, sending you 2
2024-10-15 00:48:22.808874 Sierra: Quebec, sending you 4
2024-10-15 00:48:22.809456 Lima: Victor and Sierra, sending you 3
2024-10-15 00:48:22.810895 Yankee: Quebec, sending you 2
chatterbot Victor submitting transactions
chatterbot Romeo submitting transactions
chatterbot Echo submitting transactions
chatterbot India submitting transactions
chatterbot Yankee submitting transactions
chatterbot Uniform submitting transactions
chatterbot Quebec submitting transactions
chatterbot X-ray submitting transactions
chatterbot Sierra submitting transactions
chatterbot Lima submitting transactions
ChatterBot Romeo round 2
ChatterBot Lima round 2
ChatterBot X-ray round 2
ChatterBot Echo round 2
ChatterBot India round 2
ChatterBot Uniform round 2
ChatterBot Yankee round 2
2024-10-15 00:48:24.144155 X-ray: We would work well together
ChatterBot Echo reevaluating
ChatterBot Romeo reevaluating
ChatterBot Lima reevaluating
ChatterBot Victor reevaluating
2024-10-15 00:48:24.189002 Echo: No
2024-10-15 00:48:24.189257 Romeo: No
2024-10-15 00:48:24.189428 Lima: No
2024-10-15 00:48:24.189582 Victor: No
ChatterBot Romeo reevaluating
ChatterBot Lima reevaluating
ChatterBot Victor reevaluating
ChatterBot Echo reevaluating
ChatterBot Lima reevaluating
ChatterBot Victor reevaluating
ChatterBot Echo reevaluating
ChatterBot Romeo reevaluating
ChatterBot Victor reevaluating
ChatterBot Echo reevaluating
ChatterBot Romeo reevaluating
ChatterBot Lima reevaluating
2024-10-15 00:48:24.350297 Romeo: We would work well together
2024-10-15 00:48:24.353435 Echo: Let's form a team
ChatterBot Lima reevaluating
ChatterBot Sierra reevaluating
2024-10-15 00:48:24.376116 Lima: Yes
ChatterBot Victor reevaluating
2024-10-15 00:48:24.389441 Sierra: No
ChatterBot India reevaluating
2024-10-15 00:48:24.400677 Victor: No
2024-10-15 00:48:24.400840 X-ray: No
2024-10-15 00:48:24.400976 India: Yes
ChatterBot Romeo reevaluating
ChatterBot Victor reevaluating
ChatterBot Sierra reevaluating
ChatterBot Romeo reevaluating
ChatterBot Lima reevaluating
ChatterBot Victor reevaluating
ChatterBot Echo reevaluating
ChatterBot India reevaluating
ChatterBot Romeo reevaluating
ChatterBot Lima reevaluating
ChatterBot Sierra reevaluating
ChatterBot Echo reevaluating
2024-10-15 00:48:24.518322 Sierra: We would work well together
2024-10-15 00:48:24.520170 India: Can we be friends?
ChatterBot Echo reevaluating
2024-10-15 00:48:24.528739 Echo: Yes
ChatterBot Uniform reevaluating
ChatterBot Echo reevaluating
2024-10-15 00:48:24.552737 Uniform: No
2024-10-15 00:48:24.552934 X-ray: No
ChatterBot Sierra reevaluating
2024-10-15 00:48:24.573042 Echo: No
ChatterBot India reevaluating
ChatterBot Echo reevaluating
ChatterBot India reevaluating
ChatterBot Uniform reevaluating
ChatterBot Echo reevaluating
ChatterBot India reevaluating
ChatterBot Uniform reevaluating
ChatterBot Quebec round 2
ChatterBot Victor round 2
ChatterBot Sierra round 2
2024-10-15 00:48:24.822528 Yankee: We should group up
ChatterBot Echo reevaluating
ChatterBot Quebec reevaluating
ChatterBot Sierra reevaluating
2024-10-15 00:48:24.857776 Echo: No
2024-10-15 00:48:24.858778 X-ray: No
2024-10-15 00:48:24.858998 Quebec: Yes
2024-10-15 00:48:24.859282 Sierra: No
ChatterBot Quebec reevaluating
ChatterBot Sierra reevaluating
ChatterBot Echo reevaluating
ChatterBot Quebec reevaluating
ChatterBot Sierra reevaluating
ChatterBot Echo reevaluating
ChatterBot Sierra reevaluating
ChatterBot Echo reevaluating
ChatterBot Quebec reevaluating
2024-10-15 00:48:25.084508 X-ray: Romeo, Lima and Echo, sending you 2
2024-10-15 00:48:25.115607 Romeo: Sending you each 3
2024-10-15 00:48:25.115887 India: X-ray, Echo and Uniform, sending you 3
2024-10-15 00:48:25.116540 Quebec: Yankee and Sierra, sending you 1
2024-10-15 00:48:25.116817 Uniform: Sending you 2
2024-10-15 00:48:25.117040 Echo: Sending you each 2
2024-10-15 00:48:25.117235 X-ray: Victor, sending you 1
2024-10-15 00:48:25.117508 Lima: Romeo, sending you 6
2024-10-15 00:48:25.118124 Yankee: X-ray, sending you 1
2024-10-15 00:48:25.118344 Victor: Romeo and Sierra, sending you 2
2024-10-15 00:48:25.133317 Yankee: Echo, Quebec and Sierra, sending you 2
2024-10-15 00:48:25.133699 Sierra: Romeo, sending you 2
2024-10-15 00:48:25.134654 Victor: Lima, sending you 3
2024-10-15 00:48:25.135068 Lima: Victor, sending you 3
2024-10-15 00:48:25.142288 Sierra: Lima, sending you 7
2024-10-15 00:48:25.143066 Lima: Sierra, sending you 2
2024-10-15 00:48:25.147267 Sierra: Victor, sending you 5
chatterbot India submitting transactions
chatterbot Yankee submitting transactions
chatterbot Victor submitting transactions
chatterbot Quebec submitting transactions
chatterbot Victor submitting transactions
chatterbot Romeo submitting transactions
chatterbot X-ray submitting transactions
chatterbot Lima submitting transactions
chatterbot Echo submitting transactions
chatterbot Sierra submitting transactions
chatterbot Uniform submitting transactions
ChatterBot Romeo round 3
ChatterBot Lima round 3
ChatterBot X-ray round 3
ChatterBot Echo round 3
ChatterBot India round 3
ChatterBot Uniform round 3
ChatterBot Yankee round 3
ChatterBot Quebec round 3
ChatterBot Victor round 3
ChatterBot Sierra round 3
2024-10-15 00:48:26.214335 India: Let's form a team
ChatterBot Yankee reevaluating
2024-10-15 00:48:26.223944 Uniform: No
2024-10-15 00:48:26.224680 Yankee: Yes
ChatterBot India reevaluating
ChatterBot Yankee reevaluating
ChatterBot India reevaluating
ChatterBot Uniform reevaluating
2024-10-15 00:48:26.244834 Yankee: We would work well together
ChatterBot Quebec reevaluating
ChatterBot India reevaluating
ChatterBot Uniform reevaluating
2024-10-15 00:48:26.259109 Quebec: No
2024-10-15 00:48:26.259345 India: Yes
2024-10-15 00:48:26.259467 Uniform: No
ChatterBot Yankee reevaluating
ChatterBot India reevaluating
ChatterBot Uniform reevaluating
ChatterBot Yankee reevaluating
ChatterBot Quebec reevaluating
ChatterBot Uniform reevaluating
ChatterBot Yankee reevaluating
ChatterBot Quebec reevaluating
ChatterBot India reevaluating
2024-10-15 00:48:26.310512 Romeo: We should add X-ray
ChatterBot Lima reevaluating
2024-10-15 00:48:26.324435 Lima: Yes
2024-10-15 00:48:26.324590 Victor: Yes
2024-10-15 00:48:26.324722 Sierra: Yes
ChatterBot Romeo reevaluating
ChatterBot Romeo reevaluating
ChatterBot Lima reevaluating
ChatterBot Romeo reevaluating
ChatterBot Lima reevaluating
2024-10-15 00:48:26.378794 Echo: We should replace Sierra with Yankee
ChatterBot X-ray reevaluating
2024-10-15 00:48:26.383890 X-ray: No
ChatterBot Echo reevaluating
2024-10-15 00:48:26.389759 X-ray: We should add Sierra
ChatterBot Echo reevaluating
ChatterBot Romeo reevaluating
ChatterBot Lima reevaluating
2024-10-15 00:48:26.408611 Echo: No
2024-10-15 00:48:26.408836 Romeo: Yes
2024-10-15 00:48:26.408968 Lima: Yes
2024-10-15 00:48:26.409065 Victor: Yes
ChatterBot X-ray reevaluating
ChatterBot Romeo reevaluating
ChatterBot Lima reevaluating
ChatterBot X-ray reevaluating
ChatterBot Echo reevaluating
ChatterBot Lima reevaluating
ChatterBot X-ray reevaluating
ChatterBot Echo reevaluating
ChatterBot Romeo reevaluating
ChatterBot X-ray reevaluating
ChatterBot Echo reevaluating
ChatterBot Romeo reevaluating
ChatterBot Lima reevaluating
2024-10-15 00:48:26.492648 Lima: We should add X-ray and Echo
ChatterBot Romeo reevaluating
ChatterBot Sierra reevaluating
2024-10-15 00:48:26.506539 Romeo: No
2024-10-15 00:48:26.506697 Victor: No
2024-10-15 00:48:26.506814 Sierra: No
ChatterBot Lima reevaluating
ChatterBot Sierra reevaluating
ChatterBot Romeo reevaluating
ChatterBot Lima reevaluating
ChatterBot Sierra reevaluating
ChatterBot Romeo reevaluating
ChatterBot Lima reevaluating
2024-10-15 00:48:26.579511 Lima: We should add Yankee
ChatterBot Romeo reevaluating
ChatterBot Sierra reevaluating
2024-10-15 00:48:26.593220 Romeo: Yes
2024-10-15 00:48:26.593402 Victor: No
2024-10-15 00:48:26.593513 Sierra: No
ChatterBot Sierra reevaluating
ChatterBot Romeo reevaluating
ChatterBot Sierra reevaluating
ChatterBot Romeo reevaluating
2024-10-15 00:48:26.630284 X-ray: Sierra we want you to join our group
2024-10-15 00:48:26.634231 Sierra: No
ChatterBot Echo reevaluating
2024-10-15 00:48:26.654763 Lima: Yankee we want you to join our group
2024-10-15 00:48:26.658589 Yankee: No
ChatterBot Romeo reevaluating
2024-10-15 00:48:26.674250 Uniform: India, sending you 2
2024-10-15 00:48:26.674504 India: Uniform, sending you 5
2024-10-15 00:48:26.674861 Echo: Yankee we want you to join our group
ChatterBot Yankee reevaluating
2024-10-15 00:48:26.679489 Yankee: No
ChatterBot Echo reevaluating
2024-10-15 00:48:26.687609 India: Yankee, sending you 4
2024-10-15 00:48:26.687986 Quebec: Yankee and Sierra, sending you 1
2024-10-15 00:48:26.688526 Victor: Romeo and Lima, sending you 2
2024-10-15 00:48:26.688867 Romeo: X-ray we want you to join our group
2024-10-15 00:48:26.692710 X-ray: Yes
ChatterBot Romeo reevaluating
ChatterBot Lima reevaluating
2024-10-15 00:48:26.707980 Victor: Sierra, sending you 3
2024-10-15 00:48:26.708540 Yankee: We should drop X-ray and Echo
2024-10-15 00:48:26.715790 Quebec: Yes
2024-10-15 00:48:26.715964 Sierra: Yes
ChatterBot Yankee reevaluating
ChatterBot Yankee reevaluating
2024-10-15 00:48:26.730235 X-ray: Romeo, Lima, Echo and Sierra, sending you 2
2024-10-15 00:48:26.730555 Sierra: Romeo, sending you 4
2024-10-15 00:48:26.733685 Sierra: Lima and Victor, sending you 5
2024-10-15 00:48:26.752659 Lima: Romeo and Sierra, sending you 4
2024-10-15 00:48:26.755697 Echo: Sending you each 2
2024-10-15 00:48:26.756669 Lima: Victor, sending you 3
2024-10-15 00:48:26.758661 Romeo: Lima, sending you 3
2024-10-15 00:48:26.762729 Romeo: X-ray, Victor and Sierra, sending you 2
chatterbot Uniform submitting transactions
chatterbot India submitting transactions
chatterbot Sierra submitting transactions
chatterbot Victor submitting transactions
chatterbot Echo submitting transactions
chatterbot X-ray submitting transactions
chatterbot Romeo submitting transactions
chatterbot Quebec submitting transactions
chatterbot Yankee submitting transactions
chatterbot Lima submitting transactions
ChatterBot Romeo round 4
ChatterBot Lima round 4
ChatterBot X-ray round 4
ChatterBot Echo round 4
ChatterBot India round 4
ChatterBot Uniform round 4
ChatterBot Yankee round 4
ChatterBot Quebec round 4
ChatterBot Victor round 4
ChatterBot Sierra round 4
2024-10-15 00:48:28.166172 Lima: We should add X-ray
2024-10-15 00:48:28.201703 Romeo: Yes
2024-10-15 00:48:28.202036 Victor: Yes
2024-10-15 00:48:28.202334 Sierra: Yes
ChatterBot Victor reevaluating
2024-10-15 00:48:28.264840 India: We should add Quebec
ChatterBot Yankee reevaluating
2024-10-15 00:48:28.277980 Uniform: No
2024-10-15 00:48:28.278366 Yankee: Yes
ChatterBot India reevaluating
ChatterBot Yankee reevaluating
ChatterBot India reevaluating
2024-10-15 00:48:28.306079 Yankee: We should add Echo
ChatterBot India reevaluating
ChatterBot Uniform reevaluating
2024-10-15 00:48:28.319484 India: Yes
2024-10-15 00:48:28.320278 Uniform: Yes
ChatterBot Uniform reevaluating
ChatterBot Yankee reevaluating
ChatterBot India reevaluating
ChatterBot Yankee reevaluating
2024-10-15 00:48:28.355947 X-ray: We would work well together
ChatterBot India reevaluating
ChatterBot Uniform reevaluating
ChatterBot Yankee reevaluating
2024-10-15 00:48:28.382760 Echo: No
2024-10-15 00:48:28.383131 India: Yes
2024-10-15 00:48:28.383309 Uniform: Yes
2024-10-15 00:48:28.384128 Yankee: No
ChatterBot India reevaluating
ChatterBot Uniform reevaluating
ChatterBot Yankee reevaluating
ChatterBot Uniform reevaluating
ChatterBot Yankee reevaluating
ChatterBot India reevaluating
ChatterBot Yankee reevaluating
ChatterBot India reevaluating
ChatterBot Uniform reevaluating
2024-10-15 00:48:28.485599 Uniform: We should add X-ray and Echo
ChatterBot India reevaluating
ChatterBot Yankee reevaluating
2024-10-15 00:48:28.498688 India: Yes
2024-10-15 00:48:28.499128 Yankee: Yes
ChatterBot Uniform reevaluating
ChatterBot Yankee reevaluating
ChatterBot India reevaluating
ChatterBot Uniform reevaluating
2024-10-15 00:48:28.537576 Quebec: Let's form a team
ChatterBot Yankee reevaluating
ChatterBot India reevaluating
ChatterBot Uniform reevaluating
2024-10-15 00:48:28.548065 Yankee: No
2024-10-15 00:48:28.548183 India: No
2024-10-15 00:48:28.548271 Uniform: No
ChatterBot India reevaluating
ChatterBot Uniform reevaluating
ChatterBot Yankee reevaluating
ChatterBot Uniform reevaluating
ChatterBot Yankee reevaluating
ChatterBot India reevaluating
2024-10-15 00:48:28.584318 Lima: X-ray we want you to join our group
2024-10-15 00:48:28.587488 X-ray: No
ChatterBot Victor reevaluating
2024-10-15 00:48:28.607952 Uniform: X-ray and Echo we want you to join our group
2024-10-15 00:48:28.615845 X-ray: Yes
2024-10-15 00:48:28.616001 Echo: No
ChatterBot Uniform reevaluating
ChatterBot Uniform reevaluating
2024-10-15 00:48:28.647506 Uniform: We should add X-ray
ChatterBot Yankee reevaluating
2024-10-15 00:48:28.656028 India: Yes
2024-10-15 00:48:28.656154 Yankee: Yes
ChatterBot Uniform reevaluating
ChatterBot Yankee reevaluating
ChatterBot India reevaluating
ChatterBot Uniform reevaluating
2024-10-15 00:48:28.672077 Victor: X-ray we want you to join our group
2024-10-15 00:48:28.677494 X-ray: No
2024-10-15 00:48:28.691632 Romeo: Lima, sending you 3
2024-10-15 00:48:28.691991 India: X-ray we want you to join our group
2024-10-15 00:48:28.695140 X-ray: Yes
ChatterBot India reevaluating
ChatterBot Uniform reevaluating
2024-10-15 00:48:28.705536 Echo: Same as last round
2024-10-15 00:48:28.705784 Quebec: Uniform and Yankee, sending you 1
2024-10-15 00:48:28.706095 Lima: Romeo, sending you 3
2024-10-15 00:48:28.706368 X-ray: Sending you each 2
2024-10-15 00:48:28.706593 Romeo: X-ray, Victor and Sierra, sending you 2
2024-10-15 00:48:28.706846 Sierra: Romeo, sending you 4
2024-10-15 00:48:28.709679 India: X-ray and Echo we want you to join our group
2024-10-15 00:48:28.722332 X-ray: Yes
2024-10-15 00:48:28.722584 Echo: No
ChatterBot India reevaluating
ChatterBot Uniform reevaluating
ChatterBot India reevaluating
ChatterBot Uniform reevaluating
ChatterBot Yankee reevaluating
2024-10-15 00:48:28.764492 Lima: X-ray and Victor, sending you 2
2024-10-15 00:48:28.764820 Sierra: Lima and Victor, sending you 5
2024-10-15 00:48:28.767672 Uniform: X-ray we want you to join our group
2024-10-15 00:48:28.771208 X-ray: Yes
ChatterBot India reevaluating
ChatterBot Uniform reevaluating
ChatterBot Yankee reevaluating
2024-10-15 00:48:28.783432 Victor: Romeo, Lima and Sierra, sending you 2
2024-10-15 00:48:28.783829 Lima: Sierra, sending you 4
2024-10-15 00:48:28.787670 Victor: X-ray, sending you 1
2024-10-15 00:48:28.808674 India: X-ray, Uniform and Yankee, sending you 3
2024-10-15 00:48:28.812920 Yankee: India, sending you 3
2024-10-15 00:48:28.817667 Yankee: Uniform and Quebec, sending you 2
2024-10-15 00:48:28.823702 Uniform: India and Yankee, sending you 2
chatterbot Echo submitting transactions
chatterbot X-ray submitting transactions
chatterbot Uniform submitting transactions
chatterbot Lima submitting transactions
chatterbot Quebec submitting transactions
chatterbot Sierra submitting transactions
chatterbot Romeo submitting transactions
chatterbot Victor submitting transactions
chatterbot Yankee submitting transactions
chatterbot India submitting transactions
ChatterBot Romeo round 5
ChatterBot Lima round 5
ChatterBot X-ray round 5
ChatterBot Echo round 5
ChatterBot India round 5
ChatterBot Uniform round 5
ChatterBot Yankee round 5
ChatterBot Quebec round 5
ChatterBot Victor round 5
ChatterBot Sierra round 5
2024-10-15 00:48:29.934655 Romeo: We should add Echo
2024-10-15 00:48:29.965753 Lima: No
2024-10-15 00:48:29.966182 Victor: No
2024-10-15 00:48:29.966455 Sierra: No
2024-10-15 00:48:29.966738 X-ray: Yes
ChatterBot Romeo reevaluating
ChatterBot Romeo reevaluating
ChatterBot Romeo reevaluating
ChatterBot Romeo reevaluating
2024-10-15 00:48:30.044817 Echo: We should replace Yankee with India
2024-10-15 00:48:30.049767 X-ray: No
ChatterBot Echo reevaluating
2024-10-15 00:48:30.084661 Romeo: Echo we want you to join our group
ChatterBot Echo reevaluating
2024-10-15 00:48:30.092306 Echo: No
ChatterBot Romeo reevaluating
2024-10-15 00:48:30.124140 Lima: Romeo, sending you 3
2024-10-15 00:48:30.125562 X-ray: Same as last round
2024-10-15 00:48:30.128684 Lima: X-ray, sending you 1
2024-10-15 00:48:30.129123 India: X-ray, Uniform and Yankee, sending you 3
2024-10-15 00:48:30.129453 Victor: Romeo, Lima and Sierra, sending you 2
2024-10-15 00:48:30.131040 Yankee: X-ray, sending you 1
2024-10-15 00:48:30.131430 Quebec: Uniform and Yankee, sending you 1
2024-10-15 00:48:30.131749 Uniform: X-ray, India and Yankee, sending you 2
2024-10-15 00:48:30.132700 Lima: Victor, sending you 2
2024-10-15 00:48:30.134669 Victor: X-ray, sending you 1
2024-10-15 00:48:30.135121 Yankee: Echo, India and Uniform, sending you 2
2024-10-15 00:48:30.136683 Sierra: Romeo and Victor, sending you 4
2024-10-15 00:48:30.137244 Lima: Sierra, sending you 5
2024-10-15 00:48:30.141770 Sierra: Lima, sending you 6
2024-10-15 00:48:30.143695 Romeo: Lima, sending you 3
2024-10-15 00:48:30.144605 Echo: Sending you each 2
2024-10-15 00:48:30.149137 Romeo: X-ray, Victor and Sierra, sending you 2
chatterbot Romeo submitting transactions
chatterbot Sierra submitting transactions
chatterbot Lima submitting transactions
chatterbot Echo submitting transactions
chatterbot Victor submitting transactions
chatterbot Yankee submitting transactions
chatterbot X-ray submitting transactions
chatterbot Quebec submitting transactions
chatterbot Uniform submitting transactions
chatterbot India submitting transactions
ChatterBot Romeo round 6
ChatterBot Lima round 6
ChatterBot X-ray round 6
ChatterBot Echo round 6
ChatterBot India round 6
ChatterBot Uniform round 6
ChatterBot Yankee round 6
ChatterBot Quebec round 6
ChatterBot Victor round 6
ChatterBot Sierra round 6
2024-10-15 00:48:31.381966 India: We should add Echo and Quebec
ChatterBot Uniform reevaluating
ChatterBot Yankee reevaluating
ChatterBot X-ray reevaluating
2024-10-15 00:48:31.407734 Uniform: Yes
2024-10-15 00:48:31.408142 Yankee: Yes
2024-10-15 00:48:31.408341 X-ray: Yes
ChatterBot India reevaluating
ChatterBot Yankee reevaluating
ChatterBot X-ray reevaluating
ChatterBot India reevaluating
ChatterBot Uniform reevaluating
ChatterBot X-ray reevaluating
ChatterBot India reevaluating
ChatterBot Uniform reevaluating
ChatterBot Yankee reevaluating
2024-10-15 00:48:31.495575 X-ray: We should add Quebec
ChatterBot India reevaluating
ChatterBot Uniform reevaluating
ChatterBot Yankee reevaluating
2024-10-15 00:48:31.528118 Echo: No
2024-10-15 00:48:31.528987 India: Yes
2024-10-15 00:48:31.529348 Uniform: Yes
2024-10-15 00:48:31.529555 Yankee: Yes
ChatterBot X-ray reevaluating
ChatterBot India reevaluating
ChatterBot Uniform reevaluating
ChatterBot Yankee reevaluating
ChatterBot X-ray reevaluating
ChatterBot Echo reevaluating
ChatterBot Uniform reevaluating
ChatterBot Yankee reevaluating
ChatterBot X-ray reevaluating
ChatterBot Echo reevaluating
ChatterBot India reevaluating
ChatterBot Yankee reevaluating
ChatterBot X-ray reevaluating
ChatterBot Echo reevaluating
ChatterBot India reevaluating
ChatterBot Uniform reevaluating
2024-10-15 00:48:31.655681 Quebec: We should add X-ray and Echo
ChatterBot Yankee reevaluating
ChatterBot India reevaluating
ChatterBot Uniform reevaluating
2024-10-15 00:48:31.677296 Yankee: Yes
2024-10-15 00:48:31.677471 India: Yes
2024-10-15 00:48:31.677606 Uniform: Yes
ChatterBot India reevaluating
ChatterBot Uniform reevaluating
ChatterBot Yankee reevaluating
ChatterBot Uniform reevaluating
ChatterBot Yankee reevaluating
ChatterBot India reevaluating
2024-10-15 00:48:31.739953 Quebec: X-ray and Echo we want you to join our group
ChatterBot Echo reevaluating
2024-10-15 00:48:31.751282 X-ray: Yes
2024-10-15 00:48:31.751453 Echo: Yes
ChatterBot Echo reevaluating
ChatterBot India reevaluating
ChatterBot India reevaluating
2024-10-15 00:48:31.816495 X-ray: Quebec we want you to join our group
2024-10-15 00:48:31.821983 Quebec: Yes
ChatterBot Echo reevaluating
ChatterBot India reevaluating
2024-10-15 00:48:31.858668 Sierra: Romeo and Victor, sending you 4
2024-10-15 00:48:31.859160 Lima: Romeo, sending you 3
2024-10-15 00:48:31.860313 Victor: Romeo, Lima and Sierra, sending you 2
2024-10-15 00:48:31.860809 Romeo: Lima, sending you 3
2024-10-15 00:48:31.861198 Uniform: X-ray, Echo, Yankee and Quebec, sending you 1
2024-10-15 00:48:31.862824 Sierra: Lima, sending you 6
2024-10-15 00:48:31.863719 Lima: X-ray, sending you 1
2024-10-15 00:48:31.864276 Victor: X-ray, sending you 1
2024-10-15 00:48:31.865367 Romeo: X-ray, Victor and Sierra, sending you 2
2024-10-15 00:48:31.865900 Uniform: India, sending you 2
2024-10-15 00:48:31.868682 Lima: Victor, sending you 2
2024-10-15 00:48:31.870710 X-ray: Echo, India, Uniform and Yankee, sending you 2
2024-10-15 00:48:31.873680 Lima: Sierra, sending you 5
2024-10-15 00:48:31.875313 India: X-ray, Echo, Uniform and Yankee, sending you 2
2024-10-15 00:48:31.876690 Yankee: X-ray, Uniform and Quebec, sending you 1
2024-10-15 00:48:31.880129 Echo: X-ray, India, Uniform and Yankee, sending you 2
2024-10-15 00:48:31.880741 India: Quebec, sending you 1
2024-10-15 00:48:31.881157 Quebec: Yankee, sending you 2
2024-10-15 00:48:31.882692 Yankee: Echo and India, sending you 2
2024-10-15 00:48:31.883114 Echo: Quebec, sending you 1
chatterbot Lima submitting transactions
chatterbot Sierra submitting transactions
chatterbot Romeo submitting transactions
chatterbot Victor submitting transactions
chatterbot X-ray submitting transactions
chatterbot India submitting transactions
chatterbot Uniform submitting transactions
chatterbot Quebec submitting transactions
chatterbot Yankee submitting transactions
chatterbot Echo submitting transactions
ChatterBot Romeo round 7
ChatterBot Lima round 7
ChatterBot X-ray round 7
ChatterBot Echo round 7
ChatterBot India round 7
ChatterBot Uniform round 7
ChatterBot Yankee round 7
ChatterBot Quebec round 7
ChatterBot Victor round 7
ChatterBot Sierra round 7
2024-10-15 00:48:33.089677 Lima: Romeo, sending you 3
2024-10-15 00:48:33.094718 Lima: X-ray, sending you 1
2024-10-15 00:48:33.102695 Lima: Victor, sending you 2
2024-10-15 00:48:33.103377 Uniform: X-ray, Echo, Yankee and Quebec, sending you 1
2024-10-15 00:48:33.104007 Victor: Romeo, Lima and Sierra, sending you 2
2024-10-15 00:48:33.105693 X-ray: Echo, India, Uniform and Yankee, sending you 2
2024-10-15 00:48:33.106418 Lima: Sierra, sending you 5
2024-10-15 00:48:33.107723 Yankee: X-ray, Uniform and Quebec, sending you 1
2024-10-15 00:48:33.111822 Uniform: India, sending you 2
2024-10-15 00:48:33.112338 Sierra: Romeo and Victor, sending you 4
2024-10-15 00:48:33.113489 Victor: X-ray, sending you 1
2024-10-15 00:48:33.114053 Echo: X-ray, sending you 3
2024-10-15 00:48:33.115967 India: X-ray, Echo, Uniform and Yankee, sending you 2
2024-10-15 00:48:33.116540 Quebec: Yankee, sending you 2
2024-10-15 00:48:33.117010 Romeo: Lima, X-ray and Victor, sending you 2
2024-10-15 00:48:33.119275 Yankee: Echo and India, sending you 2
2024-10-15 00:48:33.119989 Sierra: Lima, sending you 6
2024-10-15 00:48:33.125291 India: Quebec, sending you 1
2024-10-15 00:48:33.126133 Echo: India, Uniform, Yankee and Quebec, sending you 2
2024-10-15 00:48:33.126972 Romeo: Sierra, sending you 3
chatterbot Victor submitting transactions
chatterbot Lima submitting transactions
chatterbot Romeo submitting transactions
chatterbot Quebec submitting transactions
chatterbot Uniform submitting transactions
chatterbot X-ray submitting transactions
chatterbot Yankee submitting transactions
chatterbot Sierra submitting transactions
chatterbot Echo submitting transactions
chatterbot India submitting transactions
ChatterBot Romeo round 8
ChatterBot Lima round 8
ChatterBot X-ray round 8
ChatterBot Echo round 8
ChatterBot India round 8
ChatterBot Uniform round 8
ChatterBot Yankee round 8
ChatterBot Quebec round 8
ChatterBot Victor round 8
ChatterBot Sierra round 8
2024-10-15 00:48:34.338672 Romeo: Lima, X-ray and Victor, sending you 2
2024-10-15 00:48:34.343682 Romeo: Sierra, sending you 3
2024-10-15 00:48:34.346684 Yankee: X-ray, Uniform and Quebec, sending you 1
2024-10-15 00:48:34.348673 Sierra: Romeo and Victor, sending you 4
2024-10-15 00:48:34.349675 Yankee: Echo and India, sending you 2
2024-10-15 00:48:34.351143 Lima: Romeo, sending you 3
2024-10-15 00:48:34.351661 Victor: Romeo, Lima and Sierra, sending you 2
2024-10-15 00:48:34.352085 Sierra: Lima, sending you 6
2024-10-15 00:48:34.352673 India: X-ray, Echo, Uniform and Yankee, sending you 2
2024-10-15 00:48:34.356160 Lima: X-ray, sending you 1
2024-10-15 00:48:34.356598 X-ray: Echo and India, sending you 1
2024-10-15 00:48:34.357202 Victor: X-ray, sending you 1
2024-10-15 00:48:34.357744 India: Quebec, sending you 1
2024-10-15 00:48:34.358198 Uniform: X-ray, Echo, Yankee and Quebec, sending you 1
2024-10-15 00:48:34.359705 Echo: X-ray and Yankee, sending you 3
2024-10-15 00:48:34.360686 Lima: Victor, sending you 2
2024-10-15 00:48:34.361150 X-ray: Uniform and Yankee, sending you 2
2024-10-15 00:48:34.362667 Uniform: India, sending you 2
2024-10-15 00:48:34.363675 Echo: India, Uniform and Quebec, sending you 2
2024-10-15 00:48:34.364105 Lima: Sierra, sending you 5
2024-10-15 00:48:34.364701 Quebec: Yankee, sending you 2
chatterbot Romeo submitting transactions
chatterbot Victor submitting transactions
chatterbot Lima submitting transactions
chatterbot Echo submitting transactions
chatterbot Quebec submitting transactions
chatterbot Sierra submitting transactions
chatterbot Yankee submitting transactions
chatterbot X-ray submitting transactions
chatterbot India submitting transactions
chatterbot Uniform submitting transactions
ChatterBot Romeo round 9
ChatterBot Lima round 9
ChatterBot X-ray round 9
ChatterBot Echo round 9
ChatterBot India round 9
ChatterBot Uniform round 9
ChatterBot Yankee round 9
ChatterBot Quebec round 9
ChatterBot Victor round 9
ChatterBot Sierra round 9
2024-10-15 00:48:35.581674 India: X-ray, Echo, Uniform and Yankee, sending you 2
2024-10-15 00:48:35.582871 Echo: X-ray and Yankee, sending you 3
2024-10-15 00:48:35.585672 India: Quebec, sending you 1
2024-10-15 00:48:35.587040 X-ray: Echo and India, sending you 1
2024-10-15 00:48:35.587895 Echo: India, Uniform and Quebec, sending you 2
2024-10-15 00:48:35.588431 Uniform: X-ray, Echo, Yankee and Quebec, sending you 1
2024-10-15 00:48:35.588935 Lima: Romeo, sending you 3
2024-10-15 00:48:35.590658 Quebec: Echo and Yankee, sending you 1
2024-10-15 00:48:35.591672 X-ray: Uniform and Yankee, sending you 2
2024-10-15 00:48:35.592196 Uniform: India, sending you 2
2024-10-15 00:48:35.592675 Romeo: Lima, X-ray and Victor, sending you 2
2024-10-15 00:48:35.593796 Lima: X-ray, sending you 1
2024-10-15 00:48:35.595672 Yankee: X-ray, Uniform and Quebec, sending you 1
2024-10-15 00:48:35.596695 Victor: Romeo, Lima and Sierra, sending you 2
2024-10-15 00:48:35.597694 Lima: Victor, sending you 2
2024-10-15 00:48:35.598260 Sierra: Romeo and Victor, sending you 4
2024-10-15 00:48:35.598757 Romeo: Sierra, sending you 3
2024-10-15 00:48:35.599333 Yankee: Echo and India, sending you 2
2024-10-15 00:48:35.601072 Victor: X-ray, sending you 1
2024-10-15 00:48:35.602665 Lima: Sierra, sending you 5
2024-10-15 00:48:35.603148 Sierra: Lima, sending you 6
chatterbot India submitting transactions
chatterbot Lima submitting transactions
chatterbot Victor submitting transactions
chatterbot Uniform submitting transactions
chatterbot Sierra submitting transactions
chatterbot Romeo submitting transactions
chatterbot Echo submitting transactions
chatterbot Quebec submitting transactions
chatterbot X-ray submitting transactions
chatterbot Yankee submitting transactions
ChatterBot Romeo round 10
ChatterBot Lima round 10
ChatterBot X-ray round 10
ChatterBot Echo round 10
ChatterBot India round 10
ChatterBot Uniform round 10
ChatterBot Yankee round 10
ChatterBot Quebec round 10
ChatterBot Victor round 10
2024-10-15 00:48:36.740506 Romeo: We should replace X-ray with Quebec
ChatterBot Lima reevaluating
ChatterBot Victor reevaluating
2024-10-15 00:48:36.822013 Lima: Yes
2024-10-15 00:48:36.824030 Victor: No
2024-10-15 00:48:36.824275 Sierra: No
ChatterBot Victor reevaluating
ChatterBot Romeo reevaluating
ChatterBot Lima reevaluating
ChatterBot Romeo reevaluating
ChatterBot Lima reevaluating
ChatterBot Victor reevaluating
ChatterBot Sierra round 10
2024-10-15 00:48:36.987031 Romeo: Quebec we want you to join our group
2024-10-15 00:48:36.996507 Quebec: No
ChatterBot Romeo reevaluating
ChatterBot Victor reevaluating
2024-10-15 00:48:37.020644 X-ray: Echo and India, sending you 1
2024-10-15 00:48:37.025685 X-ray: Uniform and Yankee, sending you 2
2024-10-15 00:48:37.026860 Lima: Romeo, sending you 3
2024-10-15 00:48:37.028514 Uniform: X-ray and India, sending you 2
2024-10-15 00:48:37.029886 Echo: X-ray and Yankee, sending you 3
2024-10-15 00:48:37.031899 India: X-ray, Echo and Uniform, sending you 2
2024-10-15 00:48:37.032793 Quebec: Echo, sending you 2
2024-10-15 00:48:37.034350 Yankee: X-ray and Echo, sending you 2
2024-10-15 00:48:37.036228 Lima: Victor, sending you 2
2024-10-15 00:48:37.037138 Uniform: Echo, Yankee and Quebec, sending you 1
2024-10-15 00:48:37.039013 Echo: India, Uniform and Quebec, sending you 2
2024-10-15 00:48:37.040239 India: Yankee, sending you 3
2024-10-15 00:48:37.041959 Yankee: India, Uniform and Quebec, sending you 1
2024-10-15 00:48:37.043001 Victor: Romeo and Lima, sending you 2
2024-10-15 00:48:37.044651 Lima: Sierra, sending you 6
2024-10-15 00:48:37.045393 Sierra: Romeo and Victor, sending you 4
2024-10-15 00:48:37.047738 Victor: Sierra, sending you 3
2024-10-15 00:48:37.050015 Sierra: Lima, sending you 6
2024-10-15 00:48:37.052326 Romeo: Lima, Yankee and Victor, sending you 2
chatterbot X-ray submitting transactions
2024-10-15 00:48:37.058329 Romeo: Sierra, sending you 3
chatterbot Echo submitting transactions
chatterbot Lima submitting transactions
chatterbot Yankee submitting transactions
chatterbot Sierra submitting transactions
chatterbot Victor submitting transactions
chatterbot Romeo submitting transactions
chatterbot India submitting transactions
chatterbot Quebec submitting transactions
chatterbot Uniform submitting transactions
ChatterBot Romeo round 11
ChatterBot Lima round 11
ChatterBot X-ray round 11
ChatterBot Echo round 11
ChatterBot India round 11
ChatterBot Uniform round 11
ChatterBot Yankee round 11
ChatterBot Quebec round 11
ChatterBot Victor round 11
2024-10-15 00:48:38.136752 Romeo: We should replace Yankee with X-ray
ChatterBot Lima reevaluating
2024-10-15 00:48:38.153807 Lima: Yes
2024-10-15 00:48:38.153983 Victor: No
2024-10-15 00:48:38.154112 Sierra: No
ChatterBot Romeo reevaluating
ChatterBot Romeo reevaluating
ChatterBot Lima reevaluating
ChatterBot Romeo reevaluating
ChatterBot Lima reevaluating
ChatterBot Sierra round 11
2024-10-15 00:48:38.203632 Romeo: We should replace Yankee with Uniform
ChatterBot Lima reevaluating
2024-10-15 00:48:38.211221 Lima: No
2024-10-15 00:48:38.211386 Victor: No
2024-10-15 00:48:38.211508 Sierra: No
ChatterBot Romeo reevaluating
ChatterBot Romeo reevaluating
ChatterBot Lima reevaluating
ChatterBot Romeo reevaluating
ChatterBot Lima reevaluating
ChatterBot Victor reevaluating
2024-10-15 00:48:38.239047 Romeo: We should replace Yankee with India
ChatterBot Victor reevaluating
2024-10-15 00:48:38.246748 Lima: No
2024-10-15 00:48:38.246924 Victor: No
2024-10-15 00:48:38.247042 Sierra: No
ChatterBot Romeo reevaluating
ChatterBot Victor reevaluating
ChatterBot Romeo reevaluating
ChatterBot Romeo reevaluating
ChatterBot Victor reevaluating
2024-10-15 00:48:38.274682 Yankee: X-ray and Echo, sending you 2
2024-10-15 00:48:38.275456 Uniform: X-ray, sending you 2
2024-10-15 00:48:38.276378 India: X-ray, Echo and Yankee, sending you 2
2024-10-15 00:48:38.277088 Romeo: Uniform we want you to join our group
2024-10-15 00:48:38.281765 Uniform: No
ChatterBot Romeo reevaluating
ChatterBot Lima reevaluating
ChatterBot Victor reevaluating
2024-10-15 00:48:38.293440 Quebec: Echo and Yankee, sending you 1
2024-10-15 00:48:38.294109 Echo: X-ray and Yankee, sending you 3
2024-10-15 00:48:38.295385 X-ray: Echo and India, sending you 1
2024-10-15 00:48:38.296196 Yankee: India, Uniform and Quebec, sending you 1
2024-10-15 00:48:38.296704 Uniform: Echo, India, Yankee and Quebec, sending you 1
2024-10-15 00:48:38.297727 India: Uniform, sending you 3
2024-10-15 00:48:38.298108 Echo: India, Uniform and Quebec, sending you 2
2024-10-15 00:48:38.300015 X-ray: Uniform and Yankee, sending you 2
2024-10-15 00:48:38.301668 Romeo: X-ray we want you to join our group
2024-10-15 00:48:38.306017 X-ray: No
ChatterBot Romeo reevaluating
ChatterBot Lima reevaluating
2024-10-15 00:48:38.321256 Sierra: Romeo and Victor, sending you 4
2024-10-15 00:48:38.324661 Sierra: Lima, sending you 6
2024-10-15 00:48:38.333690 Victor: Romeo, Lima and Sierra, sending you 2
2024-10-15 00:48:38.337690 Victor: Quebec, sending you 1
2024-10-15 00:48:38.339886 Lima: Romeo and Victor, sending you 3
2024-10-15 00:48:38.344923 Lima: Sierra, sending you 5
2024-10-15 00:48:38.356700 Romeo: Lima, Uniform and Victor, sending you 2
2024-10-15 00:48:38.359672 Romeo: Sierra, sending you 3
chatterbot Sierra submitting transactions
chatterbot Lima submitting transactions
chatterbot X-ray submitting transactions
chatterbot Echo submitting transactions
chatterbot Uniform submitting transactions
chatterbot Victor submitting transactions
chatterbot Quebec submitting transactions
chatterbot Yankee submitting transactions
chatterbot Romeo submitting transactions
chatterbot India submitting transactions
ChatterBot Romeo round 12
ChatterBot Lima round 12
ChatterBot X-ray round 12
ChatterBot Echo round 12
ChatterBot India round 12
ChatterBot Uniform round 12
ChatterBot Yankee round 12
ChatterBot Quebec round 12
ChatterBot Victor round 12
ChatterBot Sierra round 12
2024-10-15 00:48:39.388790 Romeo: We should replace Uniform with Quebec
ChatterBot Victor reevaluating
2024-10-15 00:48:39.399686 Lima: Yes
2024-10-15 00:48:39.399843 Victor: No
2024-10-15 00:48:39.399955 Sierra: No
ChatterBot Romeo reevaluating
ChatterBot Victor reevaluating
ChatterBot Romeo reevaluating
ChatterBot Romeo reevaluating
ChatterBot Victor reevaluating
2024-10-15 00:48:39.446827 Romeo: We should replace Uniform with India
ChatterBot Victor reevaluating
2024-10-15 00:48:39.455288 Lima: No
2024-10-15 00:48:39.455912 Victor: No
2024-10-15 00:48:39.456044 Sierra: No
ChatterBot Romeo reevaluating
ChatterBot Victor reevaluating
ChatterBot Romeo reevaluating
ChatterBot Lima reevaluating
ChatterBot Romeo reevaluating
ChatterBot Lima reevaluating
ChatterBot Victor reevaluating
2024-10-15 00:48:39.492694 Echo: X-ray and Yankee, sending you 3
2024-10-15 00:48:39.494671 Romeo: Quebec we want you to join our group
2024-10-15 00:48:39.498253 Quebec: No
