ChatterBot Victor round 1
ChatterBot India round 1
ChatterBot Charlie round 1
ChatterBot Papa round 1
ChatterBot Hotel round 1
ChatterBot November round 1
ChatterBot Oscar round 1
ChatterBot Juliett round 1
ChatterBot Bravo round 1
ChatterBot Zulu round 1
randomSelections Victor: {Victor, November, Charlie, Bravo} 
2024-10-15 00:48:22.830199 Victor: Group up?
ChatterBot November reevaluating
ChatterBot Charlie reevaluating
ChatterBot Bravo reevaluating
2024-10-15 00:48:22.837947 November: Yes
2024-10-15 00:48:22.838154 Charlie: Yes
2024-10-15 00:48:22.838271 Bravo: Yes
ChatterBot Charlie reevaluating
ChatterBot Bravo reevaluating
ChatterBot November reevaluating
ChatterBot Bravo reevaluating
ChatterBot November reevaluating
ChatterBot Charlie reevaluating
randomSelections Papa: {Papa, Bravo, Charlie, Zulu, India, Victor, Juliett, Oscar} 
2024-10-15 00:48:22.857933 Papa: Friends?
ChatterBot Bravo reevaluating
ChatterBot Charlie reevaluating
ChatterBot Zulu reevaluating
ChatterBot India reevaluating
ChatterBot Juliett reevaluating
ChatterBot Oscar reevaluating
2024-10-15 00:48:22.879492 Bravo: No
2024-10-15 00:48:22.879891 Charlie: No
2024-10-15 00:48:22.880168 Zulu: Yes
2024-10-15 00:48:22.880871 India: Yes
2024-10-15 00:48:22.880989 Victor: No
2024-10-15 00:48:22.881198 Juliett: Yes
2024-10-15 00:48:22.881362 Oscar: Yes
ChatterBot Charlie reevaluating
ChatterBot Zulu reevaluating
ChatterBot India reevaluating
ChatterBot Juliett reevaluating
ChatterBot Oscar reevaluating
ChatterBot Bravo reevaluating
ChatterBot Zulu reevaluating
ChatterBot India reevaluating
ChatterBot Juliett reevaluating
ChatterBot Oscar reevaluating
ChatterBot Bravo reevaluating
ChatterBot Charlie reevaluating
ChatterBot India reevaluating
ChatterBot Juliett reevaluating
ChatterBot Oscar reevaluating
ChatterBot Bravo reevaluating
ChatterBot Charlie reevaluating
ChatterBot Zulu reevaluating
ChatterBot Juliett reevaluating
ChatterBot Oscar reevaluating
ChatterBot Bravo reevaluating
ChatterBot Charlie reevaluating
ChatterBot Zulu reevaluating
ChatterBot India reevaluating
ChatterBot Juliett reevaluating
ChatterBot Oscar reevaluating
ChatterBot Bravo reevaluating
ChatterBot Charlie reevaluating
ChatterBot Zulu reevaluating
ChatterBot India reevaluating
ChatterBot Oscar reevaluating
ChatterBot Bravo reevaluating
ChatterBot Charlie reevaluating
ChatterBot Zulu reevaluating
ChatterBot India reevaluating
ChatterBot Juliett reevaluating
randomSelections Hotel: {Hotel, India, November, Oscar, Charlie, Bravo, Victor, Papa} 
2024-10-15 00:48:22.960492 Hotel: Friends?
ChatterBot India reevaluating
ChatterBot November reevaluating
ChatterBot Oscar reevaluating
ChatterBot Charlie reevaluating
ChatterBot Bravo reevaluating
2024-10-15 00:48:22.968769 India: No
2024-10-15 00:48:22.969007 November: No
2024-10-15 00:48:22.969149 Oscar: No
2024-10-15 00:48:22.969330 Charlie: No
2024-10-15 00:48:22.969544 Bravo: No
2024-10-15 00:48:22.969692 Victor: No
2024-10-15 00:48:22.969936 Papa: No
ChatterBot November reevaluating
ChatterBot Oscar reevaluating
ChatterBot Charlie reevaluating
ChatterBot Bravo reevaluating
ChatterBot India reevaluating
ChatterBot Oscar reevaluating
ChatterBot Charlie reevaluating
ChatterBot Bravo reevaluating
ChatterBot India reevaluating
ChatterBot November reevaluating
ChatterBot Charlie reevaluating
ChatterBot Bravo reevaluating
ChatterBot India reevaluating
ChatterBot November reevaluating
ChatterBot Oscar reevaluating
ChatterBot Bravo reevaluating
ChatterBot India reevaluating
ChatterBot November reevaluating
ChatterBot Oscar reevaluating
ChatterBot Charlie reevaluating
ChatterBot India reevaluating
ChatterBot November reevaluating
ChatterBot Oscar reevaluating
ChatterBot Charlie reevaluating
ChatterBot Bravo reevaluating
ChatterBot India reevaluating
ChatterBot November reevaluating
ChatterBot Oscar reevaluating
ChatterBot Charlie reevaluating
ChatterBot Bravo reevaluating
2024-10-15 00:48:23.034661 India: Charlie and Bravo, sending you 1
2024-10-15 00:48:23.037689 India: Papa and Juliett, sending you 3
2024-10-15 00:48:23.041703 India: Zulu, sending you 2
2024-10-15 00:48:23.042667 Hotel: Victor, Charlie and Oscar, sending you 2
2024-10-15 00:48:23.043039 Papa: Victor and Charlie, sending you 2
2024-10-15 00:48:23.044671 Zulu: Victor, India, Papa, Oscar and Juliett, sending you 1
2024-10-15 00:48:23.044984 November: Charlie, sending you 5
2024-10-15 00:48:23.045237 Charlie: Victor and November, sending you 2
2024-10-15 00:48:23.045669 Victor: Charlie and Bravo, sending you 2
2024-10-15 00:48:23.046668 Hotel: India, sending you 4
2024-10-15 00:48:23.047663 Papa: India and Oscar, sending you 1
2024-10-15 00:48:23.048015 Juliett: Victor, India and Bravo, sending you 1
2024-10-15 00:48:23.048675 Zulu: Bravo, sending you 3
2024-10-15 00:48:23.048973 Victor: November, sending you 1
2024-10-15 00:48:23.049653 November: Bravo, sending you 2
2024-10-15 00:48:23.049887 Oscar: India and Juliett, sending you 2
2024-10-15 00:48:23.050650 Bravo: Victor, sending you 3
2024-10-15 00:48:23.051672 Hotel: Papa and November, sending you 1
2024-10-15 00:48:23.052030 Papa: Bravo, sending you 5
2024-10-15 00:48:23.052348 Juliett: Charlie, Papa, Oscar and Zulu, sending you 2
2024-10-15 00:48:23.054662 Oscar: Charlie, Bravo and Zulu, sending you 1
2024-10-15 00:48:23.055016 Bravo: Charlie, sending you 6
2024-10-15 00:48:23.058651 Bravo: November, sending you 4
chatterbot Papa submitting transactions
chatterbot Hotel submitting transactions
chatterbot Oscar submitting transactions
chatterbot Victor submitting transactions
chatterbot November submitting transactions
chatterbot Zulu submitting transactions
chatterbot India submitting transactions
chatterbot Charlie submitting transactions
chatterbot Juliett submitting transactions
chatterbot Bravo submitting transactions
ChatterBot Victor round 2
ChatterBot India round 2
ChatterBot Charlie round 2
ChatterBot Papa round 2
ChatterBot Hotel round 2
ChatterBot November round 2
ChatterBot Oscar round 2
ChatterBot Juliett round 2
ChatterBot Bravo round 2
ChatterBot Zulu round 2
2024-10-15 00:48:24.838346 Papa: Let's form a team
ChatterBot India reevaluating
ChatterBot Hotel reevaluating
ChatterBot Oscar reevaluating
ChatterBot Juliett reevaluating
ChatterBot Zulu reevaluating
2024-10-15 00:48:24.859848 India: No
2024-10-15 00:48:24.860650 Hotel: Yes
2024-10-15 00:48:24.860847 Oscar: Yes
2024-10-15 00:48:24.861020 Juliett: Yes
2024-10-15 00:48:24.861184 Zulu: Yes
ChatterBot Hotel reevaluating
ChatterBot Oscar reevaluating
ChatterBot Juliett reevaluating
ChatterBot Zulu reevaluating
ChatterBot India reevaluating
ChatterBot Oscar reevaluating
ChatterBot Juliett reevaluating
ChatterBot Zulu reevaluating
ChatterBot India reevaluating
ChatterBot Hotel reevaluating
ChatterBot Juliett reevaluating
ChatterBot Zulu reevaluating
ChatterBot India reevaluating
ChatterBot Hotel reevaluating
ChatterBot Oscar reevaluating
ChatterBot Zulu reevaluating
ChatterBot India reevaluating
2024-10-15 00:48:25.012241 Hotel: We should group up
ChatterBot Hotel reevaluating
ChatterBot Oscar reevaluating
ChatterBot Juliett reevaluating
ChatterBot India reevaluating
ChatterBot Oscar reevaluating
ChatterBot Juliett reevaluating
ChatterBot Zulu reevaluating
2024-10-15 00:48:25.065671 Papa: Yes
2024-10-15 00:48:25.065874 India: Yes
2024-10-15 00:48:25.066536 Oscar: Yes
2024-10-15 00:48:25.066734 Juliett: Yes
2024-10-15 00:48:25.066912 Zulu: Yes
ChatterBot India reevaluating
ChatterBot Hotel reevaluating
ChatterBot Oscar reevaluating
ChatterBot Juliett reevaluating
ChatterBot Zulu reevaluating
ChatterBot Hotel reevaluating
ChatterBot Oscar reevaluating
ChatterBot Juliett reevaluating
ChatterBot Zulu reevaluating
ChatterBot India reevaluating
ChatterBot Hotel reevaluating
ChatterBot Juliett reevaluating
ChatterBot Zulu reevaluating
ChatterBot India reevaluating
ChatterBot Hotel reevaluating
ChatterBot Oscar reevaluating
ChatterBot Zulu reevaluating
ChatterBot India reevaluating
ChatterBot Hotel reevaluating
ChatterBot Oscar reevaluating
ChatterBot Juliett reevaluating
2024-10-15 00:48:25.180510 November: We should add Hotel
ChatterBot Victor reevaluating
ChatterBot Charlie reevaluating
ChatterBot Bravo reevaluating
2024-10-15 00:48:25.193546 Victor: Yes
2024-10-15 00:48:25.193747 Charlie: Yes
2024-10-15 00:48:25.193864 Bravo: Yes
ChatterBot Charlie reevaluating
ChatterBot Bravo reevaluating
ChatterBot Victor reevaluating
ChatterBot Bravo reevaluating
ChatterBot Victor reevaluating
ChatterBot Charlie reevaluating
2024-10-15 00:48:25.230583 Charlie: Let's form a team
ChatterBot Victor reevaluating
ChatterBot Bravo reevaluating
ChatterBot India reevaluating
ChatterBot Hotel reevaluating
2024-10-15 00:48:25.256732 Victor: Yes
2024-10-15 00:48:25.256932 November: No
2024-10-15 00:48:25.257035 Bravo: Yes
2024-10-15 00:48:25.257129 India: No
2024-10-15 00:48:25.257248 Papa: No
2024-10-15 00:48:25.257375 Hotel: No
ChatterBot Charlie reevaluating
ChatterBot Bravo reevaluating
ChatterBot India reevaluating
ChatterBot Hotel reevaluating
ChatterBot Victor reevaluating
ChatterBot Charlie reevaluating
ChatterBot Bravo reevaluating
ChatterBot India reevaluating
ChatterBot Hotel reevaluating
ChatterBot Victor reevaluating
ChatterBot Charlie reevaluating
ChatterBot India reevaluating
ChatterBot Hotel reevaluating
ChatterBot Victor reevaluating
ChatterBot Charlie reevaluating
ChatterBot Bravo reevaluating
ChatterBot Hotel reevaluating
ChatterBot Victor reevaluating
ChatterBot Charlie reevaluating
ChatterBot Bravo reevaluating
ChatterBot India reevaluating
ChatterBot Hotel reevaluating
ChatterBot Victor reevaluating
ChatterBot Charlie reevaluating
ChatterBot Bravo reevaluating
ChatterBot India reevaluating
2024-10-15 00:48:25.541390 November: Hotel we want you to join our group
2024-10-15 00:48:25.546338 Hotel: No
ChatterBot Victor reevaluating
ChatterBot Charlie reevaluating
ChatterBot Bravo reevaluating
2024-10-15 00:48:25.566865 India: We should group up
2024-10-15 00:48:25.587856 Papa: Yes
2024-10-15 00:48:25.588027 Hotel: Yes
2024-10-15 00:48:25.588133 Oscar: Yes
2024-10-15 00:48:25.588237 Juliett: Yes
2024-10-15 00:48:25.588335 Zulu: Yes
ChatterBot India reevaluating
ChatterBot India reevaluating
ChatterBot India reevaluating
ChatterBot India reevaluating
ChatterBot India reevaluating
2024-10-15 00:48:25.780937 Papa: India, sending you 4
2024-10-15 00:48:25.823350 Hotel: India and Papa, sending you 3
2024-10-15 00:48:25.823739 Victor: Charlie, Papa and Hotel, sending you 2
2024-10-15 00:48:25.824040 Charlie: Victor, India, Papa and Hotel, sending you 1
2024-10-15 00:48:25.824752 Bravo: Victor and November, sending you 3
2024-10-15 00:48:25.825006 Oscar: India, Papa and Zulu, sending you 1
2024-10-15 00:48:25.825277 Juliett: India, Oscar and Zulu, sending you 2
2024-10-15 00:48:25.825561 Papa: Hotel and Zulu, sending you 2
2024-10-15 00:48:25.825814 November: Victor, Charlie and Bravo, sending you 2
2024-10-15 00:48:25.826507 Zulu: India, Oscar and Juliett, sending you 2
chatterbot November submitting transactions
2024-10-15 00:48:25.845556 Hotel: Oscar, Juliett and Zulu, sending you 2
2024-10-15 00:48:25.845959 Oscar: Hotel and Juliett, sending you 2
2024-10-15 00:48:25.846833 Victor: Bravo, sending you 3
2024-10-15 00:48:25.847135 Charlie: November and Bravo, sending you 2
2024-10-15 00:48:25.847445 Bravo: India, sending you 1
2024-10-15 00:48:25.847749 Juliett: Papa and Hotel, sending you 1
2024-10-15 00:48:25.848582 Papa: Juliett, sending you 3
2024-10-15 00:48:25.848855 November: Hotel, sending you 1
2024-10-15 00:48:25.849084 Zulu: Papa and Hotel, sending you 1
2024-10-15 00:48:25.849376 India: Papa, Hotel, Juliett and Zulu, sending you 2
2024-10-15 00:48:26.034906 Bravo: Papa, sending you 6
2024-10-15 00:48:26.036214 India: Oscar, sending you 3
chatterbot Oscar submitting transactions
chatterbot Victor submitting transactions
chatterbot Juliett submitting transactions
chatterbot Hotel submitting transactions
chatterbot Papa submitting transactions
chatterbot India submitting transactions
chatterbot Charlie submitting transactions
chatterbot Zulu submitting transactions
chatterbot Bravo submitting transactions
ChatterBot Victor round 3
ChatterBot India round 3
ChatterBot Charlie round 3
ChatterBot Papa round 3
ChatterBot Hotel round 3
ChatterBot November round 3
ChatterBot Oscar round 3
2024-10-15 00:48:26.836029 Victor: Group up?
ChatterBot Charlie reevaluating
ChatterBot India reevaluating
ChatterBot Oscar reevaluating
2024-10-15 00:48:26.866932 Charlie: Yes
2024-10-15 00:48:26.867184 November: No
2024-10-15 00:48:26.867373 Bravo: No
2024-10-15 00:48:26.867607 India: No
2024-10-15 00:48:26.867898 Papa: No
2024-10-15 00:48:26.868086 Hotel: No
2024-10-15 00:48:26.868297 Oscar: No
2024-10-15 00:48:26.868488 Juliett: No
2024-10-15 00:48:26.868673 Zulu: No
ChatterBot India reevaluating
ChatterBot Oscar reevaluating
ChatterBot Charlie reevaluating
ChatterBot India reevaluating
ChatterBot Papa reevaluating
ChatterBot Oscar reevaluating
ChatterBot Charlie reevaluating
ChatterBot India reevaluating
ChatterBot Papa reevaluating
ChatterBot Oscar reevaluating
ChatterBot Charlie reevaluating
ChatterBot Papa reevaluating
ChatterBot Oscar reevaluating
ChatterBot Charlie reevaluating
ChatterBot India reevaluating
ChatterBot Oscar reevaluating
ChatterBot Charlie reevaluating
ChatterBot India reevaluating
ChatterBot Papa reevaluating
ChatterBot Oscar reevaluating
ChatterBot Charlie reevaluating
ChatterBot India reevaluating
ChatterBot Papa reevaluating
ChatterBot Charlie reevaluating
ChatterBot India reevaluating
ChatterBot Papa reevaluating
ChatterBot Oscar reevaluating
ChatterBot Charlie reevaluating
ChatterBot India reevaluating
ChatterBot Papa reevaluating
ChatterBot Oscar reevaluating
ChatterBot Juliett round 3
ChatterBot Bravo round 3
ChatterBot Zulu round 3
2024-10-15 00:48:27.253346 India: We should drop Hotel
ChatterBot Papa reevaluating
2024-10-15 00:48:27.265424 Papa: No
2024-10-15 00:48:27.266015 Oscar: No
2024-10-15 00:48:27.266261 Juliett: No
2024-10-15 00:48:27.266478 Zulu: No
ChatterBot India reevaluating
ChatterBot Juliett reevaluating
ChatterBot India reevaluating
ChatterBot Papa reevaluating
ChatterBot Juliett reevaluating
ChatterBot India reevaluating
ChatterBot Papa reevaluating
ChatterBot India reevaluating
ChatterBot Papa reevaluating
ChatterBot Juliett reevaluating
2024-10-15 00:48:27.323208 Papa: We should add Bravo
ChatterBot India reevaluating
ChatterBot Juliett reevaluating
2024-10-15 00:48:27.339351 India: No
2024-10-15 00:48:27.339670 Hotel: No
2024-10-15 00:48:27.339894 Oscar: No
2024-10-15 00:48:27.340074 Juliett: No
2024-10-15 00:48:27.340989 Zulu: No
ChatterBot Papa reevaluating
ChatterBot Juliett reevaluating
ChatterBot Papa reevaluating
ChatterBot India reevaluating
ChatterBot Juliett reevaluating
ChatterBot Papa reevaluating
ChatterBot India reevaluating
ChatterBot Juliett reevaluating
ChatterBot Papa reevaluating
ChatterBot India reevaluating
ChatterBot Papa reevaluating
ChatterBot India reevaluating
ChatterBot Juliett reevaluating
2024-10-15 00:48:27.434972 Bravo: We should drop India and Papa
2024-10-15 00:48:27.449691 November: Yes
2024-10-15 00:48:27.449874 Victor: No
2024-10-15 00:48:27.450010 Charlie: No
2024-10-15 00:48:27.450146 Hotel: No
ChatterBot Bravo reevaluating
2024-10-15 00:48:27.501838 Bravo: Group up?
ChatterBot India reevaluating
ChatterBot Papa reevaluating
ChatterBot Juliett reevaluating
2024-10-15 00:48:27.523115 India: No
2024-10-15 00:48:27.523304 Papa: No
2024-10-15 00:48:27.523421 Hotel: No
2024-10-15 00:48:27.523511 Oscar: No
2024-10-15 00:48:27.523635 Juliett: No
2024-10-15 00:48:27.524142 Zulu: No
ChatterBot Bravo reevaluating
ChatterBot Papa reevaluating
ChatterBot Juliett reevaluating
ChatterBot Bravo reevaluating
ChatterBot India reevaluating
ChatterBot Juliett reevaluating
ChatterBot Bravo reevaluating
ChatterBot India reevaluating
ChatterBot Papa reevaluating
ChatterBot Juliett reevaluating
ChatterBot Bravo reevaluating
ChatterBot India reevaluating
ChatterBot Papa reevaluating
ChatterBot Juliett reevaluating
ChatterBot Bravo reevaluating
ChatterBot India reevaluating
ChatterBot Papa reevaluating
ChatterBot Bravo reevaluating
ChatterBot India reevaluating
ChatterBot Papa reevaluating
ChatterBot Juliett reevaluating
2024-10-15 00:48:27.657489 Victor: Charlie, sending you 2
2024-10-15 00:48:27.712539 Charlie: Victor, November and Bravo, sending you 2
2024-10-15 00:48:27.713177 Oscar: India, Papa and Zulu, sending you 1
2024-10-15 00:48:27.713601 November: Victor, Charlie and Bravo, sending you 2
2024-10-15 00:48:27.714552 Hotel: India and Oscar, sending you 3
2024-10-15 00:48:27.715126 Victor: Papa, Hotel and November, sending you 1
2024-10-15 00:48:27.716533 Zulu: India, sending you 3
2024-10-15 00:48:27.718267 Bravo: We should drop India and Hotel
2024-10-15 00:48:27.731893 Victor: No
2024-10-15 00:48:27.732041 Charlie: No
2024-10-15 00:48:27.732128 November: No
2024-10-15 00:48:27.732211 Papa: No
ChatterBot Bravo reevaluating
ChatterBot Papa reevaluating
ChatterBot Bravo reevaluating
ChatterBot Papa reevaluating
ChatterBot Bravo reevaluating
ChatterBot Papa reevaluating
ChatterBot Bravo reevaluating
2024-10-15 00:48:27.789828 Charlie: India, Papa, Hotel, Oscar and Juliett, sending you 1
2024-10-15 00:48:27.790827 November: Hotel, sending you 1
2024-10-15 00:48:27.791095 Oscar: Hotel and Juliett, sending you 2
2024-10-15 00:48:27.791466 Hotel: Papa, Juliett and Zulu, sending you 2
2024-10-15 00:48:27.792306 Victor: Bravo, sending you 4
2024-10-15 00:48:27.792640 Zulu: Papa, Hotel and Oscar, sending you 1
2024-10-15 00:48:27.876492 Zulu: Juliett, sending you 2
2024-10-15 00:48:27.876953 Juliett: Sending you each 2
chatterbot Hotel submitting transactions
2024-10-15 00:48:27.914757 India: Sending you each 3
chatterbot Victor submitting transactions
2024-10-15 00:48:27.969867 Papa: India and Hotel, sending you 3
chatterbot India submitting transactions
2024-10-15 00:48:28.047124 Bravo: Victor, sending you 5
2024-10-15 00:48:28.047727 Papa: Oscar, sending you 1
2024-10-15 00:48:28.148007 Bravo: Charlie, sending you 2
2024-10-15 00:48:28.148718 Papa: Juliett and Zulu, sending you 2
chatterbot Oscar submitting transactions
chatterbot Juliett submitting transactions
2024-10-15 00:48:28.234919 Bravo: Papa and November, sending you 3
chatterbot Papa submitting transactions
chatterbot Bravo submitting transactions
chatterbot Charlie submitting transactions
chatterbot Zulu submitting transactions
chatterbot November submitting transactions
ChatterBot Victor round 4
ChatterBot India round 4
ChatterBot Charlie round 4
ChatterBot Papa round 4
ChatterBot Hotel round 4
ChatterBot November round 4
ChatterBot Oscar round 4
ChatterBot Juliett round 4
ChatterBot Bravo round 4
ChatterBot Zulu round 4
2024-10-15 00:48:28.513577 India: We should replace Oscar with Hotel
ChatterBot Juliett reevaluating
2024-10-15 00:48:28.525535 Papa: No
2024-10-15 00:48:28.525743 Juliett: No
2024-10-15 00:48:28.525926 Zulu: No
ChatterBot India reevaluating
ChatterBot Juliett reevaluating
ChatterBot India reevaluating
ChatterBot India reevaluating
ChatterBot Juliett reevaluating
2024-10-15 00:48:28.594286 Bravo: We should replace Papa with Hotel
2024-10-15 00:48:28.600344 Victor: No
2024-10-15 00:48:28.600528 November: Yes
2024-10-15 00:48:28.600644 Charlie: No
ChatterBot Victor reevaluating
2024-10-15 00:48:28.619491 Bravo: Hotel we want you to join our group
2024-10-15 00:48:28.621871 Hotel: No
ChatterBot Victor reevaluating
2024-10-15 00:48:28.630795 India: Hotel we want you to join our group
2024-10-15 00:48:28.633071 Hotel: Yes
ChatterBot India reevaluating
2024-10-15 00:48:28.642335 Juliett: Charlie we want you to join our group
2024-10-15 00:48:28.644929 Charlie: Yes
ChatterBot India reevaluating
2024-10-15 00:48:28.658765 Papa: India, sending you 4
2024-10-15 00:48:28.659254 Charlie: Victor, November and Bravo, sending you 2
2024-10-15 00:48:28.661670 Papa: Hotel, Juliett and Zulu, sending you 2
2024-10-15 00:48:28.662798 Hotel: India, Oscar, Juliett and Zulu, sending you 2
2024-10-15 00:48:28.663222 Oscar: India, Hotel and Juliett, sending you 2
2024-10-15 00:48:28.663622 Charlie: India, Papa, Hotel and Juliett, sending you 1
2024-10-15 00:48:28.664122 November: Victor, Charlie and Bravo, sending you 2
2024-10-15 00:48:28.665223 Zulu: India, Papa and Juliett, sending you 2
2024-10-15 00:48:28.666975 Papa: Oscar, sending you 1
2024-10-15 00:48:28.667470 Oscar: Zulu, sending you 1
2024-10-15 00:48:28.667971 Hotel: Papa, sending you 4
2024-10-15 00:48:28.668676 November: Hotel, sending you 1
2024-10-15 00:48:28.669680 Zulu: Hotel and Oscar, sending you 1
2024-10-15 00:48:28.670689 Victor: Charlie and November, sending you 2
2024-10-15 00:48:28.674669 Victor: Papa, sending you 1
2024-10-15 00:48:28.679728 Victor: Bravo, sending you 4
2024-10-15 00:48:28.681280 Bravo: Victor, sending you 6
2024-10-15 00:48:28.683020 Juliett: India, Papa, Hotel, Oscar and Zulu, sending you 2
2024-10-15 00:48:28.687110 Bravo: Charlie, sending you 3
2024-10-15 00:48:28.689674 Bravo: November, sending you 4
2024-10-15 00:48:28.691698 India: Papa and Zulu, sending you 3
2024-10-15 00:48:28.696194 India: Hotel and Juliett, sending you 2
chatterbot Juliett submitting transactions
chatterbot Charlie submitting transactions
chatterbot Oscar submitting transactions
chatterbot Hotel submitting transactions
chatterbot Zulu submitting transactions
chatterbot India submitting transactions
chatterbot November submitting transactions
chatterbot Papa submitting transactions
chatterbot Victor submitting transactions
chatterbot Bravo submitting transactions
ChatterBot Victor round 5
ChatterBot India round 5
ChatterBot Charlie round 5
ChatterBot Papa round 5
ChatterBot Hotel round 5
ChatterBot November round 5
ChatterBot Oscar round 5
ChatterBot Juliett round 5
ChatterBot Bravo round 5
ChatterBot Zulu round 5
2024-10-15 00:48:29.927715 Hotel: India, Juliett and Zulu, sending you 2
2024-10-15 00:48:29.934140 Hotel: Papa and Oscar, sending you 3
2024-10-15 00:48:29.935389 India: Papa, Juliett and Zulu, sending you 3
2024-10-15 00:48:29.936687 Victor: Charlie and November, sending you 2
2024-10-15 00:48:29.937886 Oscar: India, Papa and Zulu, sending you 1
2024-10-15 00:48:29.938911 Charlie: Victor, November and Bravo, sending you 2
2024-10-15 00:48:29.940132 Juliett: India, Papa, Hotel, Oscar and Zulu, sending you 2
2024-10-15 00:48:29.941815 India: Hotel, sending you 2
2024-10-15 00:48:29.942465 Oscar: Hotel and Juliett, sending you 2
2024-10-15 00:48:29.944096 Victor: Bravo, sending you 5
2024-10-15 00:48:29.945090 Charlie: Hotel, sending you 1
2024-10-15 00:48:29.946203 November: Victor, Charlie and Bravo, sending you 2
2024-10-15 00:48:29.946725 Papa: India and Hotel, sending you 3
2024-10-15 00:48:29.948298 Juliett: Charlie, sending you 1
2024-10-15 00:48:29.950230 Bravo: Victor, sending you 6
2024-10-15 00:48:29.951143 November: Hotel, sending you 1
2024-10-15 00:48:29.952663 Zulu: India, Papa and Juliett, sending you 2
2024-10-15 00:48:29.954430 Papa: Oscar, sending you 1
2024-10-15 00:48:29.956157 Bravo: Charlie and November, sending you 3
2024-10-15 00:48:29.957683 Zulu: Hotel and Oscar, sending you 1
2024-10-15 00:48:29.958681 Papa: Juliett and Zulu, sending you 2
2024-10-15 00:48:29.960783 Bravo: Hotel, sending you 1
chatterbot Zulu submitting transactions
chatterbot Victor submitting transactions
chatterbot Charlie submitting transactions
chatterbot Papa submitting transactions
chatterbot November submitting transactions
chatterbot India submitting transactions
chatterbot Oscar submitting transactions
chatterbot Bravo submitting transactions
chatterbot Hotel submitting transactions
chatterbot Juliett submitting transactions
ChatterBot Victor round 6
ChatterBot India round 6
ChatterBot Charlie round 6
ChatterBot Papa round 6
ChatterBot Hotel round 6
ChatterBot November round 6
ChatterBot Oscar round 6
ChatterBot Juliett round 6
ChatterBot Bravo round 6
ChatterBot Zulu round 6
2024-10-15 00:48:31.139230 Bravo: We should replace Hotel with Zulu
ChatterBot Victor reevaluating
2024-10-15 00:48:31.146590 Victor: No
2024-10-15 00:48:31.147172 November: No
2024-10-15 00:48:31.147316 Charlie: No
ChatterBot Charlie reevaluating
ChatterBot Bravo reevaluating
ChatterBot Victor reevaluating
ChatterBot Charlie reevaluating
ChatterBot Bravo reevaluating
ChatterBot Victor reevaluating
ChatterBot Bravo reevaluating
2024-10-15 00:48:31.182674 Papa: India and Hotel, sending you 3
2024-10-15 00:48:31.183935 India: Papa, Juliett and Zulu, sending you 3
2024-10-15 00:48:31.186663 India: Hotel, sending you 2
2024-10-15 00:48:31.188683 Papa: Oscar, sending you 1
2024-10-15 00:48:31.189919 Bravo: Zulu we want you to join our group
2024-10-15 00:48:31.192681 Zulu: No
ChatterBot Bravo reevaluating
ChatterBot Victor reevaluating
ChatterBot Charlie reevaluating
2024-10-15 00:48:31.209911 November: Victor, Charlie and Bravo, sending you 2
2024-10-15 00:48:31.210513 Oscar: India, Papa and Zulu, sending you 1
2024-10-15 00:48:31.211183 Papa: Juliett and Zulu, sending you 2
2024-10-15 00:48:31.214930 Charlie: We should drop Hotel
ChatterBot Victor reevaluating
ChatterBot November reevaluating
ChatterBot Bravo reevaluating
2024-10-15 00:48:31.263727 Victor: No
2024-10-15 00:48:31.269703 November: Yes
2024-10-15 00:48:31.270064 Bravo: Yes
ChatterBot November reevaluating
ChatterBot Charlie reevaluating
ChatterBot Bravo reevaluating
ChatterBot Victor reevaluating
ChatterBot Charlie reevaluating
ChatterBot Bravo reevaluating
ChatterBot Victor reevaluating
ChatterBot November reevaluating
ChatterBot Charlie reevaluating
2024-10-15 00:48:31.368404 Oscar: Hotel and Juliett, sending you 2
2024-10-15 00:48:31.370147 Hotel: India, Juliett and Zulu, sending you 2
2024-10-15 00:48:31.370941 Juliett: India, Papa, Hotel, Oscar and Zulu, sending you 2
2024-10-15 00:48:31.372375 Zulu: India, Papa and Juliett, sending you 2
2024-10-15 00:48:31.375733 Hotel: Papa and Oscar, sending you 3
2024-10-15 00:48:31.377633 Juliett: Charlie, sending you 1
2024-10-15 00:48:31.379550 Zulu: Hotel and Oscar, sending you 1
chatterbot Papa submitting transactions
2024-10-15 00:48:31.388371 November: Sorry, I'm actually sending you 0
2024-10-15 00:48:31.395757 November: Zulu, sending you 1
2024-10-15 00:48:31.397170 Victor: Charlie and November, sending you 2
2024-10-15 00:48:31.402691 Victor: Bravo, sending you 5
chatterbot Juliett submitting transactions
chatterbot India submitting transactions
chatterbot November submitting transactions
chatterbot Oscar submitting transactions
chatterbot Zulu submitting transactions
chatterbot Charlie submitting transactions
chatterbot Hotel submitting transactions
chatterbot Bravo submitting transactions
chatterbot Victor submitting transactions
ChatterBot Victor round 7
ChatterBot India round 7
ChatterBot Charlie round 7
ChatterBot Papa round 7
ChatterBot Hotel round 7
ChatterBot November round 7
ChatterBot Oscar round 7
ChatterBot Juliett round 7
ChatterBot Bravo round 7
ChatterBot Zulu round 7
2024-10-15 00:48:32.647818 Bravo: We should replace Hotel with Zulu
ChatterBot Victor reevaluating
ChatterBot Charlie reevaluating
2024-10-15 00:48:32.656516 Victor: Yes
2024-10-15 00:48:32.656675 November: Yes
2024-10-15 00:48:32.656810 Charlie: No
ChatterBot November reevaluating
ChatterBot Charlie reevaluating
ChatterBot Bravo reevaluating
ChatterBot Victor reevaluating
ChatterBot Charlie reevaluating
ChatterBot Bravo reevaluating
ChatterBot Victor reevaluating
ChatterBot November reevaluating
ChatterBot Bravo reevaluating
2024-10-15 00:48:32.688905 Bravo: We should replace Hotel with Papa
ChatterBot Victor reevaluating
ChatterBot November reevaluating
ChatterBot Charlie reevaluating
2024-10-15 00:48:32.695654 Victor: No
2024-10-15 00:48:32.695803 November: No
2024-10-15 00:48:32.695946 Charlie: No
ChatterBot November reevaluating
ChatterBot Charlie reevaluating
ChatterBot Bravo reevaluating
ChatterBot Victor reevaluating
ChatterBot Charlie reevaluating
ChatterBot Bravo reevaluating
ChatterBot Victor reevaluating
ChatterBot November reevaluating
ChatterBot Bravo reevaluating
2024-10-15 00:48:32.716312 Bravo: We should replace Hotel with Oscar
ChatterBot Victor reevaluating
ChatterBot November reevaluating
ChatterBot Charlie reevaluating
2024-10-15 00:48:32.723225 Victor: No
2024-10-15 00:48:32.723335 November: Yes
2024-10-15 00:48:32.723422 Charlie: No
ChatterBot November reevaluating
ChatterBot Charlie reevaluating
ChatterBot Bravo reevaluating
ChatterBot Victor reevaluating
ChatterBot Charlie reevaluating
ChatterBot Bravo reevaluating
ChatterBot Victor reevaluating
ChatterBot November reevaluating
ChatterBot Bravo reevaluating
2024-10-15 00:48:32.745511 India: Papa, Juliett and Zulu, sending you 3
2024-10-15 00:48:32.745935 Papa: India and Hotel, sending you 3
2024-10-15 00:48:32.748682 Papa: Oscar, sending you 1
2024-10-15 00:48:32.750078 Oscar: India, Papa and Zulu, sending you 1
2024-10-15 00:48:32.750848 Hotel: India, Juliett and Zulu, sending you 2
2024-10-15 00:48:32.751531 Juliett: India, Papa, Hotel, Oscar and Zulu, sending you 2
2024-10-15 00:48:32.752107 India: Hotel, sending you 2
2024-10-15 00:48:32.753717 Bravo: Zulu we want you to join our group
2024-10-15 00:48:32.756964 Zulu: No
ChatterBot Bravo reevaluating
ChatterBot Victor reevaluating
ChatterBot Charlie reevaluating
2024-10-15 00:48:32.774800 November: Oscar we want you to join our group
2024-10-15 00:48:32.779127 Oscar: No
ChatterBot Victor reevaluating
ChatterBot Charlie reevaluating
ChatterBot Bravo reevaluating
2024-10-15 00:48:32.792217 Papa: Juliett and Zulu, sending you 2
2024-10-15 00:48:32.792748 Oscar: Hotel and Juliett, sending you 2
2024-10-15 00:48:32.793826 Hotel: Papa and Oscar, sending you 3
2024-10-15 00:48:32.794331 Juliett: Charlie, sending you 1
2024-10-15 00:48:32.797979 Zulu: India, Papa, Hotel and Juliett, sending you 2
2024-10-15 00:48:32.798659 Bravo: Oscar we want you to join our group
2024-10-15 00:48:32.801010 Oscar: No
ChatterBot Victor reevaluating
ChatterBot Charlie reevaluating
ChatterBot Bravo reevaluating
2024-10-15 00:48:32.812249 Bravo: We should replace Hotel with India
ChatterBot Victor reevaluating
ChatterBot Charlie reevaluating
2024-10-15 00:48:32.820740 Victor: No
2024-10-15 00:48:32.820891 November: No
2024-10-15 00:48:32.821014 Charlie: No
ChatterBot Charlie reevaluating
ChatterBot Bravo reevaluating
ChatterBot Victor reevaluating
ChatterBot Charlie reevaluating
ChatterBot Bravo reevaluating
ChatterBot Victor reevaluating
ChatterBot Bravo reevaluating
2024-10-15 00:48:32.847666 November: Victor, Charlie and Bravo, sending you 2
2024-10-15 00:48:32.851801 Charlie: We should drop Hotel
ChatterBot Victor reevaluating
ChatterBot Bravo reevaluating
2024-10-15 00:48:32.859347 Victor: No
2024-10-15 00:48:32.859481 November: Yes
2024-10-15 00:48:32.859593 Bravo: Yes
ChatterBot Bravo reevaluating
ChatterBot Victor reevaluating
ChatterBot Bravo reevaluating
ChatterBot Victor reevaluating
ChatterBot Charlie reevaluating
2024-10-15 00:48:32.882768 November: Oscar, sending you 1
2024-10-15 00:48:32.900134 Charlie: Victor, November and Bravo, sending you 2
2024-10-15 00:48:32.901319 Victor: Charlie and November, sending you 2
2024-10-15 00:48:32.903691 Charlie: India, Papa, Hotel and Juliett, sending you 1
2024-10-15 00:48:32.904891 Victor: Bravo, sending you 5
chatterbot Oscar submitting transactions
chatterbot India submitting transactions
chatterbot Zulu submitting transactions
chatterbot Bravo submitting transactions
chatterbot Charlie submitting transactions
chatterbot November submitting transactions
chatterbot Juliett submitting transactions
chatterbot Hotel submitting transactions
chatterbot Papa submitting transactions
chatterbot Victor submitting transactions
ChatterBot Victor round 8
ChatterBot India round 8
ChatterBot Charlie round 8
ChatterBot Papa round 8
ChatterBot Hotel round 8
ChatterBot November round 8
ChatterBot Oscar round 8
ChatterBot Juliett round 8
ChatterBot Bravo round 8
ChatterBot Zulu round 8
2024-10-15 00:48:34.006159 Bravo: We should replace Hotel with Oscar
ChatterBot Charlie reevaluating
2024-10-15 00:48:34.014460 Victor: No
2024-10-15 00:48:34.014595 November: Yes
2024-10-15 00:48:34.014724 Charlie: Yes
ChatterBot Charlie reevaluating
ChatterBot Bravo reevaluating
ChatterBot Charlie reevaluating
ChatterBot Bravo reevaluating
ChatterBot Bravo reevaluating
2024-10-15 00:48:34.043720 India: Sending you each 3
2024-10-15 00:48:34.044555 Bravo: Oscar we want you to join our group
2024-10-15 00:48:34.050200 Oscar: No
ChatterBot Bravo reevaluating
2024-10-15 00:48:34.067273 Bravo: We should replace Hotel with Zulu
2024-10-15 00:48:34.075706 Victor: No
2024-10-15 00:48:34.075871 November: No
2024-10-15 00:48:34.076002 Charlie: No
ChatterBot Bravo reevaluating
ChatterBot Bravo reevaluating
ChatterBot Bravo reevaluating
2024-10-15 00:48:34.097056 Victor: Charlie and November, sending you 2
2024-10-15 00:48:34.100652 Papa: India and Hotel, sending you 3
2024-10-15 00:48:34.101277 Hotel: India, Juliett and Zulu, sending you 2
2024-10-15 00:48:34.101789 November: Victor, Charlie and Bravo, sending you 2
2024-10-15 00:48:34.102225 Victor: Bravo, sending you 5
2024-10-15 00:48:34.102849 Bravo: Zulu we want you to join our group
2024-10-15 00:48:34.106073 Zulu: No
ChatterBot Bravo reevaluating
2024-10-15 00:48:34.115194 Zulu: India, Papa, Hotel and Juliett, sending you 2
2024-10-15 00:48:34.115758 Juliett: India, Papa, Hotel, Oscar and Zulu, sending you 2
2024-10-15 00:48:34.116283 Charlie: Same as last round
2024-10-15 00:48:34.116736 Papa: Oscar, sending you 1
2024-10-15 00:48:34.117217 November: Oscar, sending you 1
2024-10-15 00:48:34.117550 Hotel: Papa and Oscar, sending you 3
2024-10-15 00:48:34.118655 Juliett: Charlie, sending you 1
2024-10-15 00:48:34.119680 Papa: Juliett and Zulu, sending you 2
2024-10-15 00:48:34.121706 Oscar: India, Papa and Zulu, sending you 1
2024-10-15 00:48:34.125696 Oscar: Hotel and Juliett, sending you 2
2024-10-15 00:48:34.147660 Bravo: Victor, sending you 6
2024-10-15 00:48:34.151653 Bravo: Charlie and November, sending you 3
2024-10-15 00:48:34.154670 Bravo: Oscar, sending you 1
chatterbot Juliett submitting transactions
chatterbot Hotel submitting transactions
chatterbot India submitting transactions
chatterbot Zulu submitting transactions
chatterbot Papa submitting transactions
chatterbot Bravo submitting transactions
chatterbot Charlie submitting transactions
chatterbot Oscar submitting transactions
chatterbot Victor submitting transactions
chatterbot November submitting transactions
ChatterBot Victor round 9
ChatterBot India round 9
ChatterBot Charlie round 9
ChatterBot Papa round 9
ChatterBot Hotel round 9
ChatterBot November round 9
ChatterBot Oscar round 9
ChatterBot Juliett round 9
ChatterBot Bravo round 9
ChatterBot Zulu round 9
2024-10-15 00:48:35.146682 Bravo: Victor, sending you 7
2024-10-15 00:48:35.148382 Victor: Charlie and November, sending you 2
2024-10-15 00:48:35.151510 India: Same as last round
2024-10-15 00:48:35.152928 Hotel: India and Papa, sending you 3
2024-10-15 00:48:35.155111 Bravo: Charlie and November, sending you 3
2024-10-15 00:48:35.156923 Charlie: Same as last round
2024-10-15 00:48:35.158925 Victor: Bravo, sending you 5
2024-10-15 00:48:35.160436 Hotel: Oscar, Juliett and Zulu, sending you 2
2024-10-15 00:48:35.162118 November: Victor, Charlie and Bravo, sending you 2
2024-10-15 00:48:35.162918 Papa: India and Hotel, sending you 3
2024-10-15 00:48:35.165453 Zulu: India, Papa, Hotel and Juliett, sending you 2
2024-10-15 00:48:35.167512 Juliett: India, Papa, Hotel, Oscar and Zulu, sending you 2
2024-10-15 00:48:35.170142 Oscar: India, Papa and Zulu, sending you 1
2024-10-15 00:48:35.172670 November: Oscar, sending you 1
2024-10-15 00:48:35.173622 Papa: Oscar, sending you 1
2024-10-15 00:48:35.178876 Oscar: Hotel and Juliett, sending you 2
2024-10-15 00:48:35.181714 Papa: Juliett and Zulu, sending you 2
chatterbot Oscar submitting transactions
chatterbot Zulu submitting transactions
chatterbot Hotel submitting transactions
chatterbot India submitting transactions
chatterbot Victor submitting transactions
chatterbot November submitting transactions
chatterbot Papa submitting transactions
chatterbot Bravo submitting transactions
chatterbot Charlie submitting transactions
chatterbot Juliett submitting transactions
ChatterBot Victor round 10
ChatterBot India round 10
ChatterBot Charlie round 10
ChatterBot Papa round 10
ChatterBot Hotel round 10
ChatterBot November round 10
ChatterBot Oscar round 10
ChatterBot Juliett round 10
ChatterBot Bravo round 10
ChatterBot Zulu round 10
2024-10-15 00:48:36.409990 Papa: India and Hotel, sending you 3
2024-10-15 00:48:36.414703 India: Same as last round
2024-10-15 00:48:36.416017 Charlie: Same as last round
2024-10-15 00:48:36.416567 Papa: Oscar, sending you 1
2024-10-15 00:48:36.419020 Oscar: India, Papa and Zulu, sending you 1
2024-10-15 00:48:36.419778 Papa: Juliett and Zulu, sending you 2
2024-10-15 00:48:36.420697 Hotel: India and Papa, sending you 3
2024-10-15 00:48:36.421739 Victor: Charlie and November, sending you 2
2024-10-15 00:48:36.423677 Oscar: Hotel and Juliett, sending you 2
2024-10-15 00:48:36.424678 Hotel: Oscar, Juliett and Zulu, sending you 2
2024-10-15 00:48:36.427671 Victor: Bravo, sending you 5
2024-10-15 00:48:36.428647 Juliett: India, Papa, Hotel, Oscar and Zulu, sending you 2
2024-10-15 00:48:36.429143 November: Victor, Charlie and Bravo, sending you 2
2024-10-15 00:48:36.430672 Bravo: Victor, sending you 7
2024-10-15 00:48:36.431692 November: Oscar, sending you 1
2024-10-15 00:48:36.433684 Juliett: Charlie, sending you 1
2024-10-15 00:48:36.434664 Bravo: Charlie and November, sending you 3
2024-10-15 00:48:36.436689 Zulu: India, Papa, Hotel and Juliett, sending you 2
chatterbot India submitting transactions
chatterbot Bravo submitting transactions
chatterbot Charlie submitting transactions
chatterbot Zulu submitting transactions
chatterbot Papa submitting transactions
chatterbot Victor submitting transactions
chatterbot November submitting transactions
chatterbot Juliett submitting transactions
chatterbot Oscar submitting transactions
chatterbot Hotel submitting transactions
ChatterBot Victor round 11
ChatterBot India round 11
ChatterBot Charlie round 11
ChatterBot Papa round 11
ChatterBot Hotel round 11
ChatterBot November round 11
ChatterBot Oscar round 11
ChatterBot Juliett round 11
ChatterBot Bravo round 11
ChatterBot Zulu round 11
2024-10-15 00:48:37.642672 Bravo: Victor, sending you 7
2024-10-15 00:48:37.643725 Hotel: India and Papa, sending you 3
2024-10-15 00:48:37.644801 Victor: Charlie and November, sending you 2
2024-10-15 00:48:37.647699 Bravo: Charlie and November, sending you 3
2024-10-15 00:48:37.648292 Hotel: Oscar, Juliett and Zulu, sending you 2
2024-10-15 00:48:37.649060 Papa: India and Hotel, sending you 3
2024-10-15 00:48:37.650117 Juliett: India, Papa, Hotel, Oscar and Zulu, sending you 2
2024-10-15 00:48:37.650703 Victor: Bravo, sending you 5
2024-10-15 00:48:37.651425 Oscar: India, Papa and Zulu, sending you 1
2024-10-15 00:48:37.652528 Charlie: Same as last round
2024-10-15 00:48:37.654919 Papa: Oscar, sending you 1
2024-10-15 00:48:37.655656 November: Victor, Charlie and Bravo, sending you 2
2024-10-15 00:48:37.656224 India: Same as last round
2024-10-15 00:48:37.656842 Oscar: Hotel and Juliett, sending you 2
2024-10-15 00:48:37.658671 Zulu: India, Papa, Hotel and Juliett, sending you 2
2024-10-15 00:48:37.660679 Papa: Juliett and Zulu, sending you 2
2024-10-15 00:48:37.661502 November: Oscar, sending you 1
chatterbot Hotel submitting transactions
chatterbot Victor submitting transactions
chatterbot Bravo submitting transactions
chatterbot Oscar submitting transactions
chatterbot Charlie submitting transactions
