ChatterBot Tango round 1
randomSelections Tango: {Tango, Mike, X-ray, Bravo, Romeo, India, Papa} 
2024-10-15 00:48:21.857500 Tango: Let's form a team
ChatterBot India round 1
ChatterBot India reevaluating
2024-10-15 00:48:21.874360 India: Yes
ChatterBot Papa round 1
ChatterBot Papa reevaluating
ChatterBot Papa reevaluating
2024-10-15 00:48:21.890160 Papa: Yes
ChatterBot India reevaluating
ChatterBot Bravo round 1
ChatterBot Bravo reevaluating
ChatterBot Bravo reevaluating
ChatterBot Bravo reevaluating
2024-10-15 00:48:21.911533 Bravo: Yes
ChatterBot India reevaluating
ChatterBot Papa reevaluating
ChatterBot Quebec round 1
ChatterBot Romeo round 1
ChatterBot Romeo reevaluating
ChatterBot Romeo reevaluating
ChatterBot Romeo reevaluating
ChatterBot Romeo reevaluating
2024-10-15 00:48:21.928827 Romeo: Yes
ChatterBot Bravo reevaluating
ChatterBot India reevaluating
ChatterBot Papa reevaluating
ChatterBot Mike round 1
ChatterBot Mike reevaluating
ChatterBot Mike reevaluating
ChatterBot Mike reevaluating
ChatterBot Mike reevaluating
ChatterBot Mike reevaluating
2024-10-15 00:48:21.945468 Mike: Yes
ChatterBot Bravo reevaluating
ChatterBot Romeo reevaluating
ChatterBot India reevaluating
ChatterBot Papa reevaluating
ChatterBot X-ray round 1
ChatterBot X-ray reevaluating
ChatterBot X-ray reevaluating
ChatterBot X-ray reevaluating
ChatterBot X-ray reevaluating
ChatterBot X-ray reevaluating
ChatterBot X-ray reevaluating
2024-10-15 00:48:21.966111 X-ray: Yes
ChatterBot Mike reevaluating
ChatterBot Bravo reevaluating
ChatterBot Romeo reevaluating
ChatterBot India reevaluating
ChatterBot Papa reevaluating
ChatterBot Whiskey round 1
ChatterBot Kilo round 1
randomSelections Quebec: {Quebec, Mike, Kilo, Whiskey, X-ray, Romeo, Tango} 
2024-10-15 00:48:21.986187 Quebec: Let's form a team
ChatterBot Mike reevaluating
ChatterBot Kilo reevaluating
ChatterBot Whiskey reevaluating
ChatterBot X-ray reevaluating
ChatterBot Romeo reevaluating
2024-10-15 00:48:21.996148 Mike: No
2024-10-15 00:48:21.996306 Kilo: Yes
2024-10-15 00:48:21.996949 Whiskey: Yes
2024-10-15 00:48:21.997060 X-ray: No
2024-10-15 00:48:21.997174 Romeo: No
2024-10-15 00:48:21.997293 Tango: No
ChatterBot Kilo reevaluating
ChatterBot Whiskey reevaluating
ChatterBot X-ray reevaluating
ChatterBot Romeo reevaluating
ChatterBot Mike reevaluating
ChatterBot Whiskey reevaluating
ChatterBot X-ray reevaluating
ChatterBot Romeo reevaluating
ChatterBot Mike reevaluating
ChatterBot Kilo reevaluating
ChatterBot X-ray reevaluating
ChatterBot Romeo reevaluating
ChatterBot Mike reevaluating
ChatterBot Kilo reevaluating
ChatterBot Whiskey reevaluating
ChatterBot Romeo reevaluating
ChatterBot Mike reevaluating
ChatterBot Kilo reevaluating
ChatterBot Whiskey reevaluating
ChatterBot X-ray reevaluating
ChatterBot Mike reevaluating
ChatterBot Kilo reevaluating
ChatterBot Whiskey reevaluating
ChatterBot X-ray reevaluating
ChatterBot Romeo reevaluating
2024-10-15 00:48:22.172366 Tango: India, Papa, Bravo, Mike and X-ray, sending you 1
2024-10-15 00:48:22.173746 Papa: Bravo, sending you 3
2024-10-15 00:48:22.178657 Mike: Tango and Bravo, sending you 1
2024-10-15 00:48:22.180505 Papa: Romeo and X-ray, sending you 2
2024-10-15 00:48:22.182728 Romeo: Tango, sending you 3
2024-10-15 00:48:22.184911 Mike: India, sending you 5
2024-10-15 00:48:22.186456 Papa: Mike, sending you 5
2024-10-15 00:48:22.187675 Bravo: Tango, sending you 1
2024-10-15 00:48:22.188265 Quebec: Tango, Romeo and Whiskey, sending you 1
2024-10-15 00:48:22.189327 Whiskey: Tango, Quebec, Romeo and X-ray, sending you 2
2024-10-15 00:48:22.190729 Kilo: Tango, sending you 3
2024-10-15 00:48:22.191309 India: Tango and Mike, sending you 2
2024-10-15 00:48:22.192561 Romeo: India and Bravo, sending you 2
2024-10-15 00:48:22.193909 Mike: Romeo and X-ray, sending you 2
2024-10-15 00:48:22.194586 Bravo: Romeo, Mike and X-ray, sending you 2
2024-10-15 00:48:22.195929 Whiskey: Kilo, sending you 3
2024-10-15 00:48:22.197063 Quebec: Mike and X-ray, sending you 2
2024-10-15 00:48:22.197837 Kilo: Romeo, sending you 4
2024-10-15 00:48:22.199219 India: Bravo and Romeo, sending you 3
2024-10-15 00:48:22.200737 Romeo: Mike and X-ray, sending you 1
2024-10-15 00:48:22.202084 X-ray: Tango and Bravo, sending you 1
2024-10-15 00:48:22.203609 Kilo: Mike, sending you 1
2024-10-15 00:48:22.204252 India: X-ray, sending you 1
2024-10-15 00:48:22.208765 X-ray: India and Mike, sending you 2
2024-10-15 00:48:22.209470 Kilo: Whiskey, sending you 2
2024-10-15 00:48:22.221806 X-ray: Papa, sending you 4
2024-10-15 00:48:22.227654 X-ray: Romeo, sending you 3
chatterbot Tango submitting transactions
chatterbot Papa submitting transactions
chatterbot Whiskey submitting transactions
chatterbot Bravo submitting transactions
chatterbot Kilo submitting transactions
chatterbot Quebec submitting transactions
chatterbot India submitting transactions
chatterbot Mike submitting transactions
chatterbot Romeo submitting transactions
chatterbot X-ray submitting transactions
ChatterBot Tango round 2
ChatterBot India round 2
ChatterBot Papa round 2
ChatterBot Bravo round 2
ChatterBot Quebec round 2
ChatterBot Romeo round 2
ChatterBot Mike round 2
ChatterBot X-ray round 2
ChatterBot Whiskey round 2
ChatterBot Kilo round 2
2024-10-15 00:48:23.384248 Quebec: We would work well together
ChatterBot Whiskey reevaluating
ChatterBot Kilo reevaluating
2024-10-15 00:48:23.390536 Whiskey: Yes
2024-10-15 00:48:23.390711 Kilo: Yes
ChatterBot Kilo reevaluating
ChatterBot Whiskey reevaluating
2024-10-15 00:48:23.412280 India: We should drop Tango
2024-10-15 00:48:23.426043 Papa: No
2024-10-15 00:48:23.426200 Bravo: No
2024-10-15 00:48:23.426322 Romeo: Yes
2024-10-15 00:48:23.427024 Mike: No
2024-10-15 00:48:23.427140 X-ray: No
ChatterBot India reevaluating
ChatterBot India reevaluating
ChatterBot India reevaluating
ChatterBot India reevaluating
ChatterBot India reevaluating
2024-10-15 00:48:23.512423 Tango: We should drop Papa
ChatterBot India reevaluating
ChatterBot Bravo reevaluating
2024-10-15 00:48:23.527854 India: No
2024-10-15 00:48:23.527999 Bravo: No
2024-10-15 00:48:23.528101 Romeo: No
2024-10-15 00:48:23.528196 Mike: No
2024-10-15 00:48:23.528287 X-ray: No
ChatterBot Bravo reevaluating
ChatterBot India reevaluating
ChatterBot India reevaluating
ChatterBot Bravo reevaluating
ChatterBot India reevaluating
ChatterBot Bravo reevaluating
ChatterBot India reevaluating
ChatterBot Bravo reevaluating
2024-10-15 00:48:23.626686 Papa: Tango, sending you 2
2024-10-15 00:48:23.630825 Papa: X-ray, sending you 10
2024-10-15 00:48:23.631184 Tango: Sending you each 1
2024-10-15 00:48:23.632018 Whiskey: Quebec, sending you 4
2024-10-15 00:48:23.632278 Quebec: Whiskey, sending you 6
2024-10-15 00:48:23.632524 Mike: Tango, sending you 1
2024-10-15 00:48:23.632874 X-ray: Tango, India and Romeo, sending you 2
2024-10-15 00:48:23.633958 Kilo: Quebec, sending you 3
2024-10-15 00:48:23.645641 Whiskey: Kilo, sending you 7
2024-10-15 00:48:23.646447 Mike: India, Bravo and X-ray, sending you 2
2024-10-15 00:48:23.646959 Quebec: Kilo, sending you 2
2024-10-15 00:48:23.647267 X-ray: Papa, sending you 3
2024-10-15 00:48:23.648136 Kilo: Whiskey, sending you 7
2024-10-15 00:48:23.649961 Mike: Papa, sending you 4
2024-10-15 00:48:23.651066 India: Papa and Bravo, sending you 1
2024-10-15 00:48:23.651425 Romeo: India, Papa, Bravo and X-ray, sending you 2
2024-10-15 00:48:23.795340 X-ray: Bravo and Mike, sending you 4
2024-10-15 00:48:23.796126 Bravo: India and Papa, sending you 2
2024-10-15 00:48:23.796978 India: Romeo and X-ray, sending you 2
2024-10-15 00:48:23.797336 Romeo: Mike, sending you 1
chatterbot Tango submitting transactions
2024-10-15 00:48:23.976324 Bravo: Romeo, Mike and X-ray, sending you 1
2024-10-15 00:48:23.976741 India: Mike, sending you 4
chatterbot Bravo submitting transactions
chatterbot Whiskey submitting transactions
chatterbot Quebec submitting transactions
chatterbot Kilo submitting transactions
chatterbot Papa submitting transactions
chatterbot Mike submitting transactions
chatterbot Romeo submitting transactions
chatterbot X-ray submitting transactions
chatterbot India submitting transactions
ChatterBot Tango round 3
ChatterBot India round 3
ChatterBot Papa round 3
ChatterBot Bravo round 3
ChatterBot Quebec round 3
ChatterBot Romeo round 3
ChatterBot Mike round 3
ChatterBot X-ray round 3
2024-10-15 00:48:25.044276 Tango: We should add Papa
ChatterBot Bravo reevaluating
2024-10-15 00:48:25.070144 India: Yes
2024-10-15 00:48:25.070392 Bravo: Yes
2024-10-15 00:48:25.070585 Romeo: Yes
2024-10-15 00:48:25.070775 Mike: Yes
2024-10-15 00:48:25.071488 X-ray: Yes
ChatterBot Bravo reevaluating
ChatterBot Bravo reevaluating
ChatterBot India reevaluating
ChatterBot Bravo reevaluating
ChatterBot India reevaluating
ChatterBot Bravo reevaluating
ChatterBot Whiskey round 3
ChatterBot Kilo round 3
2024-10-15 00:48:25.243029 Tango: Papa we want you to join our group
2024-10-15 00:48:25.249245 Papa: Yes
ChatterBot Bravo reevaluating
ChatterBot India reevaluating
2024-10-15 00:48:25.288695 Whiskey: We should replace Tango with Romeo
2024-10-15 00:48:25.298434 Quebec: No
2024-10-15 00:48:25.298608 Kilo: No
ChatterBot Whiskey reevaluating
ChatterBot Whiskey reevaluating
2024-10-15 00:48:25.326660 Bravo: Tango we want you to join our group
2024-10-15 00:48:25.332502 Tango: Yes
ChatterBot India reevaluating
2024-10-15 00:48:25.366759 Romeo: India and X-ray, sending you 3
2024-10-15 00:48:25.367762 Papa: India, sending you 1
2024-10-15 00:48:25.396384 Mike: Tango, Bravo and Romeo, sending you 1
2024-10-15 00:48:25.397658 Quebec: Sending you each 4
2024-10-15 00:48:25.398040 X-ray: Tango, India and Bravo, sending you 2
2024-10-15 00:48:25.399051 Tango: India, Papa, Romeo, Mike and X-ray, sending you 1
2024-10-15 00:48:25.399565 Romeo: Bravo, sending you 2
2024-10-15 00:48:25.400616 Papa: Bravo and Romeo, sending you 2
2024-10-15 00:48:25.415687 Mike: India and X-ray, sending you 3
2024-10-15 00:48:25.416818 X-ray: Papa, Romeo and Mike, sending you 3
2024-10-15 00:48:25.417334 Kilo: Quebec, sending you 3
2024-10-15 00:48:25.418128 Whiskey: Quebec, sending you 5
2024-10-15 00:48:25.418388 Romeo: Mike, sending you 1
2024-10-15 00:48:25.418718 Papa: Mike, sending you 3
2024-10-15 00:48:25.419604 Bravo: Tango, India, Papa, Romeo and Mike, sending you 1
2024-10-15 00:48:25.420124 India: Papa, sending you 1
2024-10-15 00:48:25.431284 Mike: Papa, sending you 2
2024-10-15 00:48:25.431833 Kilo: Whiskey, sending you 7
2024-10-15 00:48:25.432590 Whiskey: Kilo, sending you 6
2024-10-15 00:48:25.432828 Bravo: X-ray, sending you 2
2024-10-15 00:48:25.433199 India: Bravo, Romeo and X-ray, sending you 2
2024-10-15 00:48:25.433997 Papa: X-ray, sending you 4
2024-10-15 00:48:25.458072 India: Mike, sending you 4
chatterbot Bravo submitting transactions
chatterbot Whiskey submitting transactions
chatterbot X-ray submitting transactions
chatterbot Papa submitting transactions
chatterbot Tango submitting transactions
chatterbot Mike submitting transactions
chatterbot India submitting transactions
chatterbot Quebec submitting transactions
chatterbot Kilo submitting transactions
chatterbot Romeo submitting transactions
ChatterBot Tango round 4
ChatterBot India round 4
ChatterBot Papa round 4
ChatterBot Bravo round 4
ChatterBot Quebec round 4
ChatterBot Romeo round 4
ChatterBot Mike round 4
ChatterBot X-ray round 4
ChatterBot Whiskey round 4
ChatterBot Kilo round 4
2024-10-15 00:48:26.579330 India: Papa, sending you 1
2024-10-15 00:48:26.579976 Papa: Tango, India and Romeo, sending you 1
2024-10-15 00:48:26.586125 Papa: Bravo, sending you 2
2024-10-15 00:48:26.586787 India: Bravo and X-ray, sending you 2
2024-10-15 00:48:26.587763 X-ray: Tango and India, sending you 2
2024-10-15 00:48:26.588325 Tango: Papa, Bravo, Romeo, Mike and X-ray, sending you 1
2024-10-15 00:48:26.588861 Bravo: Tango, India, Papa, Romeo and Mike, sending you 1
2024-10-15 00:48:26.589865 Mike: Tango, Bravo and Romeo, sending you 1
2024-10-15 00:48:26.590733 Romeo: India, sending you 2
2024-10-15 00:48:26.591778 India: Romeo and Mike, sending you 3
2024-10-15 00:48:26.592197 Papa: Mike, sending you 3
2024-10-15 00:48:26.592687 X-ray: Papa, Bravo, Romeo and Mike, sending you 3
2024-10-15 00:48:26.593826 Bravo: X-ray, sending you 2
2024-10-15 00:48:26.594473 Mike: India and X-ray, sending you 3
2024-10-15 00:48:26.596023 Quebec: Same as last round
2024-10-15 00:48:26.596396 Kilo: Quebec, sending you 4
2024-10-15 00:48:26.596753 Romeo: Papa, Bravo and Mike, sending you 1
2024-10-15 00:48:26.597731 Papa: X-ray, sending you 4
2024-10-15 00:48:26.599134 Mike: Papa, sending you 2
2024-10-15 00:48:26.601042 Kilo: Whiskey, sending you 6
2024-10-15 00:48:26.601434 Romeo: X-ray, sending you 3
2024-10-15 00:48:26.601865 Whiskey: Tango, sending you 1
2024-10-15 00:48:26.604833 Whiskey: Quebec, sending you 4
2024-10-15 00:48:26.609664 Whiskey: Kilo, sending you 6
chatterbot India submitting transactions
chatterbot Romeo submitting transactions
chatterbot Bravo submitting transactions
chatterbot X-ray submitting transactions
chatterbot Quebec submitting transactions
chatterbot Whiskey submitting transactions
chatterbot Papa submitting transactions
chatterbot Mike submitting transactions
chatterbot Kilo submitting transactions
chatterbot Tango submitting transactions
ChatterBot Tango round 5
ChatterBot India round 5
ChatterBot Papa round 5
ChatterBot Bravo round 5
ChatterBot Quebec round 5
ChatterBot Romeo round 5
ChatterBot Mike round 5
ChatterBot X-ray round 5
ChatterBot Whiskey round 5
ChatterBot Kilo round 5
2024-10-15 00:48:27.944397 Tango: We should drop Bravo
2024-10-15 00:48:27.962409 India: No
2024-10-15 00:48:27.962661 Papa: No
2024-10-15 00:48:27.962853 Romeo: No
2024-10-15 00:48:27.963462 Mike: No
2024-10-15 00:48:27.963629 X-ray: No
ChatterBot Tango reevaluating
ChatterBot Tango reevaluating
ChatterBot Tango reevaluating
ChatterBot Tango reevaluating
ChatterBot Papa reevaluating
2024-10-15 00:48:28.231025 India: Papa, sending you 1
2024-10-15 00:48:28.232490 Quebec: Same as last round
2024-10-15 00:48:28.233039 Bravo: Tango, India, Papa, Romeo and Mike, sending you 1
2024-10-15 00:48:28.247003 India: Bravo, Romeo and X-ray, sending you 2
2024-10-15 00:48:28.248737 Kilo: Quebec, sending you 4
2024-10-15 00:48:28.249331 Whiskey: Tango, sending you 1
2024-10-15 00:48:28.250582 Bravo: X-ray, sending you 2
2024-10-15 00:48:28.252242 Mike: Tango, Bravo and Romeo, sending you 1
2024-10-15 00:48:28.253754 X-ray: Tango, sending you 2
2024-10-15 00:48:28.255224 Romeo: India, sending you 2
2024-10-15 00:48:28.256566 India: Mike, sending you 4
2024-10-15 00:48:28.257911 Kilo: Whiskey, sending you 6
2024-10-15 00:48:28.259577 Whiskey: Quebec, sending you 4
2024-10-15 00:48:28.260229 Mike: India and X-ray, sending you 3
2024-10-15 00:48:28.261846 Romeo: Papa, Bravo and Mike, sending you 1
2024-10-15 00:48:28.263162 X-ray: India, Papa, Bravo, Romeo and Mike, sending you 3
2024-10-15 00:48:28.264736 Papa: India and Romeo, sending you 1
2024-10-15 00:48:28.266125 Tango: Papa, Bravo, Romeo, Mike and X-ray, sending you 1
2024-10-15 00:48:28.267725 Whiskey: Kilo, sending you 6
2024-10-15 00:48:28.268491 Mike: Papa, sending you 2
2024-10-15 00:48:28.270207 Romeo: X-ray, sending you 3
2024-10-15 00:48:28.271728 Papa: Bravo, sending you 2
2024-10-15 00:48:28.285744 Papa: Mike, sending you 3
2024-10-15 00:48:28.291350 Papa: X-ray, sending you 5
chatterbot Romeo submitting transactions
chatterbot Tango submitting transactions
chatterbot Quebec submitting transactions
chatterbot Bravo submitting transactions
chatterbot X-ray submitting transactions
chatterbot India submitting transactions
chatterbot Papa submitting transactions
chatterbot Kilo submitting transactions
chatterbot Whiskey submitting transactions
chatterbot Mike submitting transactions
ChatterBot Tango round 6
ChatterBot India round 6
ChatterBot Papa round 6
ChatterBot Bravo round 6
ChatterBot Quebec round 6
ChatterBot Romeo round 6
2024-10-15 00:48:29.080571 Papa: We should add Tango
2024-10-15 00:48:29.091307 India: No
2024-10-15 00:48:29.091500 Bravo: Yes
2024-10-15 00:48:29.091649 Romeo: No
2024-10-15 00:48:29.091794 Mike: Yes
2024-10-15 00:48:29.091910 X-ray: Yes
ChatterBot Papa reevaluating
ChatterBot Papa reevaluating
ChatterBot Mike round 6
ChatterBot X-ray round 6
ChatterBot Whiskey round 6
ChatterBot Kilo round 6
2024-10-15 00:48:29.185623 Papa: Tango we want you to join our group
ChatterBot Tango reevaluating
2024-10-15 00:48:29.189490 Tango: No
ChatterBot Papa reevaluating
2024-10-15 00:48:29.210190 India: Papa, Bravo, Romeo and X-ray, sending you 2
2024-10-15 00:48:29.210989 Romeo: India, sending you 2
2024-10-15 00:48:29.211514 Quebec: Same as last round
2024-10-15 00:48:29.212408 Bravo: Tango, India, Papa, Romeo and Mike, sending you 1
2024-10-15 00:48:29.213670 Romeo: Papa, Bravo and Mike, sending you 1
2024-10-15 00:48:29.216086 Tango: We should drop Romeo
ChatterBot Papa reevaluating
ChatterBot Bravo reevaluating
2024-10-15 00:48:29.234568 India: No
2024-10-15 00:48:29.234761 Papa: No
2024-10-15 00:48:29.234947 Bravo: No
2024-10-15 00:48:29.235127 Mike: No
2024-10-15 00:48:29.235788 X-ray: No
ChatterBot Tango reevaluating
ChatterBot Papa reevaluating
ChatterBot Bravo reevaluating
ChatterBot Tango reevaluating
ChatterBot Bravo reevaluating
ChatterBot Tango reevaluating
ChatterBot Papa reevaluating
ChatterBot X-ray reevaluating
ChatterBot Tango reevaluating
ChatterBot Papa reevaluating
ChatterBot Bravo reevaluating
ChatterBot X-ray reevaluating
ChatterBot Tango reevaluating
ChatterBot Papa reevaluating
ChatterBot Bravo reevaluating
2024-10-15 00:48:29.316618 India: Mike, sending you 3
2024-10-15 00:48:29.317733 Romeo: X-ray, sending you 3
2024-10-15 00:48:29.320678 Mike: Tango, Bravo and Romeo, sending you 1
2024-10-15 00:48:29.321937 Whiskey: Tango, sending you 1
2024-10-15 00:48:29.323059 Kilo: Quebec, sending you 4
2024-10-15 00:48:29.324987 Whiskey: Quebec, sending you 4
2024-10-15 00:48:29.325707 Mike: India and X-ray, sending you 3
2024-10-15 00:48:29.326374 Kilo: Whiskey, sending you 6
2024-10-15 00:48:29.329005 Mike: Papa, sending you 2
2024-10-15 00:48:29.329710 Whiskey: Kilo, sending you 6
2024-10-15 00:48:29.337660 Tango: Papa, Bravo, Romeo, Mike and X-ray, sending you 1
2024-10-15 00:48:29.348985 Papa: Tango, India and Romeo, sending you 1
2024-10-15 00:48:29.350671 X-ray: Tango, sending you 2
2024-10-15 00:48:29.354665 Papa: Bravo, sending you 2
2024-10-15 00:48:29.355765 X-ray: India, Papa, Bravo, Romeo and Mike, sending you 3
2024-10-15 00:48:29.359669 Papa: Mike, sending you 3
2024-10-15 00:48:29.364697 Papa: X-ray, sending you 4
chatterbot X-ray submitting transactions
chatterbot Romeo submitting transactions
chatterbot India submitting transactions
chatterbot Quebec submitting transactions
chatterbot Whiskey submitting transactions
chatterbot Kilo submitting transactions
chatterbot Papa submitting transactions
chatterbot Tango submitting transactions
chatterbot Mike submitting transactions
chatterbot Bravo submitting transactions
ChatterBot Tango round 7
ChatterBot India round 7
ChatterBot Papa round 7
ChatterBot Bravo round 7
ChatterBot Quebec round 7
ChatterBot Romeo round 7
ChatterBot Mike round 7
ChatterBot X-ray round 7
ChatterBot Whiskey round 7
ChatterBot Kilo round 7
2024-10-15 00:48:30.505745 Quebec: Same as last round
2024-10-15 00:48:30.507684 Tango: Papa, Bravo, Romeo, Mike and X-ray, sending you 1
2024-10-15 00:48:30.516678 X-ray: Tango, sending you 2
2024-10-15 00:48:30.517590 Papa: Tango, Bravo and Romeo, sending you 1
2024-10-15 00:48:30.520671 Whiskey: Tango, sending you 1
2024-10-15 00:48:30.521016 Romeo: India, sending you 2
2024-10-15 00:48:30.521524 X-ray: India, Papa, Bravo, Romeo and Mike, sending you 3
2024-10-15 00:48:30.522678 Mike: Tango, Bravo and Romeo, sending you 1
2024-10-15 00:48:30.523546 Papa: India, sending you 2
2024-10-15 00:48:30.524268 Kilo: Quebec, sending you 4
2024-10-15 00:48:30.524602 India: Papa, sending you 1
2024-10-15 00:48:30.525737 Bravo: India, Papa, Romeo and Mike, sending you 1
2024-10-15 00:48:30.526336 Whiskey: Quebec, sending you 4
2024-10-15 00:48:30.526713 Romeo: Papa, Bravo and Mike, sending you 1
2024-10-15 00:48:30.527228 Papa: Mike, sending you 3
2024-10-15 00:48:30.528346 Mike: India and X-ray, sending you 3
2024-10-15 00:48:30.529178 Kilo: Whiskey, sending you 6
2024-10-15 00:48:30.529661 Bravo: X-ray, sending you 3
2024-10-15 00:48:30.530702 India: Bravo and Romeo, sending you 2
2024-10-15 00:48:30.531762 Romeo: X-ray, sending you 3
2024-10-15 00:48:30.532205 Whiskey: Kilo, sending you 6
2024-10-15 00:48:30.532478 Papa: X-ray, sending you 4
2024-10-15 00:48:30.533258 Mike: Papa, sending you 2
2024-10-15 00:48:30.536684 India: Mike and X-ray, sending you 3
chatterbot Quebec submitting transactions
chatterbot Tango submitting transactions
chatterbot Bravo submitting transactions
chatterbot Kilo submitting transactions
chatterbot Papa submitting transactions
chatterbot Mike submitting transactions
chatterbot X-ray submitting transactions
chatterbot Romeo submitting transactions
chatterbot Whiskey submitting transactions
chatterbot India submitting transactions
ChatterBot Tango round 8
ChatterBot India round 8
ChatterBot Papa round 8
ChatterBot Bravo round 8
ChatterBot Quebec round 8
ChatterBot Romeo round 8
ChatterBot Mike round 8
ChatterBot X-ray round 8
ChatterBot Whiskey round 8
ChatterBot Kilo round 8
2024-10-15 00:48:31.659581 Whiskey: We should replace Tango with Romeo
ChatterBot Quebec reevaluating
2024-10-15 00:48:31.667568 Quebec: Yes
2024-10-15 00:48:31.667759 Kilo: No
ChatterBot Whiskey reevaluating
ChatterBot Quebec reevaluating
ChatterBot Whiskey reevaluating
2024-10-15 00:48:31.687248 Tango: We should drop Bravo
2024-10-15 00:48:31.702352 India: No
2024-10-15 00:48:31.702541 Papa: No
2024-10-15 00:48:31.702700 Romeo: No
2024-10-15 00:48:31.702832 Mike: No
2024-10-15 00:48:31.702949 X-ray: No
ChatterBot Tango reevaluating
ChatterBot Tango reevaluating
ChatterBot Tango reevaluating
ChatterBot Tango reevaluating
ChatterBot Tango reevaluating
ChatterBot Mike reevaluating
2024-10-15 00:48:31.842710 Bravo: India, Papa, Romeo and Mike, sending you 1
2024-10-15 00:48:31.845667 Bravo: X-ray, sending you 3
2024-10-15 00:48:31.847723 Mike: India, sending you 4
2024-10-15 00:48:31.848836 Romeo: India, sending you 2
2024-10-15 00:48:31.851686 Romeo: Papa, Bravo and Mike, sending you 1
2024-10-15 00:48:31.852707 Papa: Tango, India, Bravo and Romeo, sending you 1
2024-10-15 00:48:31.853396 Mike: Papa, sending you 2
2024-10-15 00:48:31.853935 India: Papa, sending you 1
2024-10-15 00:48:31.855712 X-ray: Tango, sending you 2
2024-10-15 00:48:31.856501 Romeo: X-ray, sending you 3
2024-10-15 00:48:31.857715 Mike: Bravo and Romeo, sending you 1
2024-10-15 00:48:31.858439 Papa: Mike, sending you 3
2024-10-15 00:48:31.859141 Quebec: Romeo, sending you 2
2024-10-15 00:48:31.860027 Whiskey: Tango, sending you 1
2024-10-15 00:48:31.860464 India: Bravo and Romeo, sending you 2
2024-10-15 00:48:31.861017 X-ray: India, Papa, Bravo, Romeo and Mike, sending you 3
2024-10-15 00:48:31.862845 Mike: X-ray, sending you 3
2024-10-15 00:48:31.863728 Papa: X-ray, sending you 5
2024-10-15 00:48:31.865209 Whiskey: Quebec, sending you 4
2024-10-15 00:48:31.865545 Quebec: Whiskey and Kilo, sending you 3
2024-10-15 00:48:31.865874 India: Mike and X-ray, sending you 3
2024-10-15 00:48:31.866680 Kilo: Quebec, sending you 4
2024-10-15 00:48:31.867680 Whiskey: Kilo, sending you 6
2024-10-15 00:48:31.870695 Kilo: Whiskey, sending you 6
2024-10-15 00:48:31.875299 Tango: Sending you each 1
chatterbot Bravo submitting transactions
chatterbot India submitting transactions
chatterbot Papa submitting transactions
chatterbot X-ray submitting transactions
chatterbot Romeo submitting transactions
chatterbot Tango submitting transactions
chatterbot Mike submitting transactions
chatterbot Quebec submitting transactions
chatterbot Whiskey submitting transactions
chatterbot Kilo submitting transactions
ChatterBot Tango round 9
ChatterBot India round 9
ChatterBot Papa round 9
ChatterBot Bravo round 9
ChatterBot Quebec round 9
ChatterBot Romeo round 9
2024-10-15 00:48:33.053950 Tango: We should add Bravo
ChatterBot Mike reevaluating
2024-10-15 00:48:33.104235 India: Yes
2024-10-15 00:48:33.104419 Papa: Yes
2024-10-15 00:48:33.105561 Romeo: Yes
2024-10-15 00:48:33.105728 Mike: Yes
2024-10-15 00:48:33.105953 X-ray: Yes
ChatterBot Mike reevaluating
ChatterBot Tango reevaluating
ChatterBot Mike reevaluating
ChatterBot Tango reevaluating
ChatterBot Papa reevaluating
ChatterBot Mike reevaluating
ChatterBot Tango reevaluating
ChatterBot Papa reevaluating
ChatterBot Tango reevaluating
ChatterBot Papa reevaluating
ChatterBot Mike reevaluating
2024-10-15 00:48:33.321976 Mike: We should add Tango
ChatterBot Papa reevaluating
2024-10-15 00:48:33.349422 India: No
2024-10-15 00:48:33.350279 Papa: Yes
2024-10-15 00:48:33.350506 Bravo: No
2024-10-15 00:48:33.350859 Romeo: No
2024-10-15 00:48:33.351138 X-ray: Yes
ChatterBot Papa reevaluating
ChatterBot Mike reevaluating
ChatterBot Mike reevaluating
ChatterBot Papa reevaluating
ChatterBot Mike reevaluating
ChatterBot Papa reevaluating
ChatterBot Mike reevaluating
ChatterBot Papa reevaluating
ChatterBot Mike reevaluating
ChatterBot Mike round 9
ChatterBot X-ray round 9
ChatterBot Whiskey round 9
ChatterBot Kilo round 9
2024-10-15 00:48:33.476403 Mike: We should add Tango
ChatterBot Papa reevaluating
ChatterBot Bravo reevaluating
2024-10-15 00:48:33.505824 India: No
2024-10-15 00:48:33.506387 Papa: Yes
2024-10-15 00:48:33.506961 Bravo: Yes
2024-10-15 00:48:33.508037 Romeo: No
2024-10-15 00:48:33.508716 X-ray: Yes
ChatterBot Papa reevaluating
ChatterBot Bravo reevaluating
ChatterBot Mike reevaluating
ChatterBot Bravo reevaluating
ChatterBot Mike reevaluating
ChatterBot Papa reevaluating
ChatterBot Mike reevaluating
ChatterBot Papa reevaluating
ChatterBot Bravo reevaluating
ChatterBot Mike reevaluating
ChatterBot Papa reevaluating
ChatterBot Bravo reevaluating
ChatterBot Mike reevaluating
2024-10-15 00:48:33.610076 Whiskey: We should replace Tango with Romeo
2024-10-15 00:48:33.615230 Quebec: No
2024-10-15 00:48:33.615979 Kilo: No
ChatterBot Whiskey reevaluating
ChatterBot Whiskey reevaluating
2024-10-15 00:48:33.631304 Quebec: We should drop Romeo
ChatterBot Whiskey reevaluating
2024-10-15 00:48:33.637481 Whiskey: Yes
2024-10-15 00:48:33.637671 Kilo: Yes
ChatterBot Whiskey reevaluating
2024-10-15 00:48:33.648279 Tango: Bravo we want you to join our group
ChatterBot Bravo reevaluating
2024-10-15 00:48:33.652213 Bravo: Yes
ChatterBot Tango reevaluating
ChatterBot Mike reevaluating
ChatterBot Papa reevaluating
2024-10-15 00:48:33.672468 Tango: We should replace Romeo with Bravo
ChatterBot Papa reevaluating
ChatterBot Mike reevaluating
2024-10-15 00:48:33.691026 India: No
2024-10-15 00:48:33.691202 Papa: No
2024-10-15 00:48:33.691365 Mike: No
2024-10-15 00:48:33.691541 X-ray: No
ChatterBot Tango reevaluating
ChatterBot Papa reevaluating
ChatterBot Mike reevaluating
ChatterBot Tango reevaluating
ChatterBot Mike reevaluating
ChatterBot Tango reevaluating
ChatterBot Papa reevaluating
ChatterBot Tango reevaluating
ChatterBot Papa reevaluating
ChatterBot Mike reevaluating
chatterbot India submitting transactions
2024-10-15 00:48:33.758532 Bravo: Tango we want you to join our group
ChatterBot Tango reevaluating
2024-10-15 00:48:33.762798 Tango: No
ChatterBot Mike reevaluating
ChatterBot Bravo reevaluating
2024-10-15 00:48:33.780492 India: Papa, sending you 1
2024-10-15 00:48:33.784164 Kilo: Quebec, sending you 4
2024-10-15 00:48:33.784674 Romeo: India, sending you 2
2024-10-15 00:48:33.785443 Quebec: Sending you each 4
2024-10-15 00:48:33.786174 India: Bravo and Romeo, sending you 2
2024-10-15 00:48:33.786768 X-ray: Tango, sending you 2
2024-10-15 00:48:33.788460 Romeo: Papa, Bravo and Mike, sending you 1
2024-10-15 00:48:33.789360 Mike: Tango we want you to join our group
ChatterBot Tango reevaluating
2024-10-15 00:48:33.795708 Tango: Yes
ChatterBot Bravo reevaluating
2024-10-15 00:48:33.823540 Kilo: Whiskey, sending you 6
2024-10-15 00:48:33.824086 India: Mike and X-ray, sending you 3
2024-10-15 00:48:33.825327 Romeo: X-ray, sending you 3
2024-10-15 00:48:33.826256 X-ray: India, Papa, Bravo, Romeo and Mike, sending you 3
2024-10-15 00:48:33.830689 Whiskey: Tango, sending you 1
2024-10-15 00:48:33.831806 Papa: Tango, India, Bravo and Romeo, sending you 1
2024-10-15 00:48:33.835652 Whiskey: Quebec, sending you 4
2024-10-15 00:48:33.836031 Papa: Mike, sending you 3
2024-10-15 00:48:33.839673 Whiskey: Kilo, sending you 6
2024-10-15 00:48:33.840144 Papa: X-ray, sending you 5
2024-10-15 00:48:33.849899 Bravo: Tango, India, Papa, Romeo and Mike, sending you 1
2024-10-15 00:48:33.850972 Mike: Tango, Bravo and Romeo, sending you 1
2024-10-15 00:48:33.852729 Tango: Papa, Bravo, Romeo, Mike and X-ray, sending you 1
2024-10-15 00:48:33.855684 Bravo: X-ray, sending you 2
2024-10-15 00:48:33.857332 Mike: India and X-ray, sending you 3
2024-10-15 00:48:33.860679 Mike: Papa, sending you 2
chatterbot Romeo submitting transactions
chatterbot Tango submitting transactions
chatterbot Papa submitting transactions
chatterbot Bravo submitting transactions
chatterbot X-ray submitting transactions
chatterbot Quebec submitting transactions
chatterbot Whiskey submitting transactions
chatterbot Kilo submitting transactions
chatterbot Mike submitting transactions
ChatterBot Tango round 10
ChatterBot India round 10
ChatterBot Papa round 10
ChatterBot Bravo round 10
ChatterBot Quebec round 10
ChatterBot Romeo round 10
ChatterBot Mike round 10
ChatterBot X-ray round 10
2024-10-15 00:48:35.014756 India: We should add Tango
2024-10-15 00:48:35.039667 Papa: Yes
2024-10-15 00:48:35.040155 Bravo: Yes
2024-10-15 00:48:35.040576 Romeo: No
2024-10-15 00:48:35.041069 Mike: Yes
2024-10-15 00:48:35.042315 X-ray: Yes
ChatterBot India reevaluating
ChatterBot India reevaluating
ChatterBot India reevaluating
ChatterBot India reevaluating
ChatterBot India reevaluating
ChatterBot Whiskey round 10
ChatterBot Kilo round 10
2024-10-15 00:48:35.209968 Whiskey: We should replace Tango with X-ray
2024-10-15 00:48:35.219369 Quebec: No
2024-10-15 00:48:35.220365 Kilo: No
ChatterBot Whiskey reevaluating
ChatterBot Whiskey reevaluating
2024-10-15 00:48:35.248317 Romeo: India, sending you 2
2024-10-15 00:48:35.255672 Romeo: Papa, Bravo and Mike, sending you 1
2024-10-15 00:48:35.258620 Quebec: Same as last round
2024-10-15 00:48:35.259879 X-ray: Tango, sending you 2
2024-10-15 00:48:35.261648 Bravo: Tango, India, Papa, Romeo and Mike, sending you 1
2024-10-15 00:48:35.264668 Romeo: X-ray, sending you 3
2024-10-15 00:48:35.267153 India: Papa, sending you 1
2024-10-15 00:48:35.270505 X-ray: India, Papa, Bravo, Romeo and Mike, sending you 3
2024-10-15 00:48:35.272555 Tango: Papa, Bravo, Romeo, Mike and X-ray, sending you 1
2024-10-15 00:48:35.274446 Mike: Tango, Bravo and Romeo, sending you 1
2024-10-15 00:48:35.276435 Bravo: X-ray, sending you 2
2024-10-15 00:48:35.278299 Papa: Tango, India, Bravo and Romeo, sending you 1
2024-10-15 00:48:35.280347 Whiskey: Tango, sending you 1
2024-10-15 00:48:35.280895 India: Bravo and Romeo, sending you 2
2024-10-15 00:48:35.282016 Mike: India and X-ray, sending you 3
2024-10-15 00:48:35.283758 Kilo: Quebec, sending you 4
2024-10-15 00:48:35.284118 Papa: Mike, sending you 3
2024-10-15 00:48:35.285396 Whiskey: Quebec, sending you 4
2024-10-15 00:48:35.286078 India: Mike and X-ray, sending you 3
2024-10-15 00:48:35.287770 Kilo: Whiskey, sending you 6
2024-10-15 00:48:35.288687 Mike: Papa, sending you 2
2024-10-15 00:48:35.290556 Papa: X-ray, sending you 5
2024-10-15 00:48:35.292409 Whiskey: Kilo, sending you 6
chatterbot X-ray submitting transactions
chatterbot Mike submitting transactions
chatterbot Whiskey submitting transactions
chatterbot Papa submitting transactions
chatterbot India submitting transactions
chatterbot Quebec submitting transactions
chatterbot Tango submitting transactions
chatterbot Bravo submitting transactions
chatterbot Kilo submitting transactions
chatterbot Romeo submitting transactions
ChatterBot Tango round 11
ChatterBot India round 11
ChatterBot Papa round 11
ChatterBot Bravo round 11
ChatterBot Quebec round 11
ChatterBot Romeo round 11
ChatterBot Mike round 11
ChatterBot X-ray round 11
ChatterBot Whiskey round 11
ChatterBot Kilo round 11
2024-10-15 00:48:36.293728 Papa: Tango, India, Bravo and Romeo, sending you 1
2024-10-15 00:48:36.295115 Quebec: Same as last round
2024-10-15 00:48:36.297692 Papa: Mike, sending you 3
2024-10-15 00:48:36.299125 India: Papa, sending you 1
2024-10-15 00:48:36.301674 Papa: X-ray, sending you 5
2024-10-15 00:48:36.302894 Whiskey: Tango, sending you 1
2024-10-15 00:48:36.304750 India: Bravo and Romeo, sending you 2
2024-10-15 00:48:36.305799 Bravo: Tango, India, Papa, Romeo and Mike, sending you 1
2024-10-15 00:48:36.307818 Kilo: Quebec, sending you 4
2024-10-15 00:48:36.308531 Whiskey: Quebec, sending you 4
2024-10-15 00:48:36.309729 India: Mike and X-ray, sending you 3
2024-10-15 00:48:36.311492 Romeo: India, sending you 2
2024-10-15 00:48:36.312800 Bravo: X-ray, sending you 2
2024-10-15 00:48:36.314081 Kilo: Whiskey, sending you 6
2024-10-15 00:48:36.315269 Mike: Tango, Bravo and Romeo, sending you 1
2024-10-15 00:48:36.316453 Whiskey: Kilo, sending you 6
2024-10-15 00:48:36.316770 X-ray: Tango, sending you 2
2024-10-15 00:48:36.317491 Tango: Papa, Bravo, Romeo, Mike and X-ray, sending you 1
2024-10-15 00:48:36.319506 Romeo: Papa, Bravo and Mike, sending you 1
2024-10-15 00:48:36.320439 Mike: India and X-ray, sending you 3
2024-10-15 00:48:36.323028 X-ray: India, Papa, Bravo, Romeo and Mike, sending you 3
2024-10-15 00:48:36.324300 Romeo: X-ray, sending you 3
2024-10-15 00:48:36.326309 Mike: Papa, sending you 2
chatterbot Bravo submitting transactions
chatterbot India submitting transactions
chatterbot Romeo submitting transactions
chatterbot Whiskey submitting transactions
chatterbot Quebec submitting transactions
chatterbot Kilo submitting transactions
chatterbot Tango submitting transactions
chatterbot Mike submitting transactions
chatterbot Papa submitting transactions
chatterbot X-ray submitting transactions
ChatterBot Tango round 12
ChatterBot India round 12
ChatterBot Papa round 12
ChatterBot Bravo round 12
ChatterBot Quebec round 12
ChatterBot Romeo round 12
ChatterBot Mike round 12
ChatterBot X-ray round 12
ChatterBot Whiskey round 12
ChatterBot Kilo round 12
2024-10-15 00:48:37.582218 Tango: We should drop Mike
ChatterBot X-ray reevaluating
2024-10-15 00:48:37.602955 India: No
2024-10-15 00:48:37.603163 Papa: No
2024-10-15 00:48:37.603326 Bravo: No
2024-10-15 00:48:37.603487 Romeo: No
2024-10-15 00:48:37.604001 X-ray: No
ChatterBot Tango reevaluating
ChatterBot X-ray reevaluating
ChatterBot Tango reevaluating
ChatterBot X-ray reevaluating
ChatterBot Tango reevaluating
ChatterBot X-ray reevaluating
ChatterBot Tango reevaluating
ChatterBot X-ray reevaluating
ChatterBot Tango reevaluating
2024-10-15 00:48:37.699025 Whiskey: We should replace Tango with Mike
2024-10-15 00:48:37.703610 Quebec: No
2024-10-15 00:48:37.703772 Kilo: No
ChatterBot Whiskey reevaluating
ChatterBot Whiskey reevaluating
2024-10-15 00:48:37.721719 India: Papa, sending you 1
2024-10-15 00:48:37.723495 Bravo: Tango, India, Papa, Romeo and Mike, sending you 1
2024-10-15 00:48:37.726881 Tango: We should drop Romeo
ChatterBot Bravo reevaluating
2024-10-15 00:48:37.739045 India: No
2024-10-15 00:48:37.739186 Papa: No
2024-10-15 00:48:37.739709 Bravo: No
2024-10-15 00:48:37.739815 Mike: No
2024-10-15 00:48:37.739917 X-ray: No
ChatterBot Tango reevaluating
ChatterBot Bravo reevaluating
ChatterBot Tango reevaluating
ChatterBot Bravo reevaluating
ChatterBot Tango reevaluating
ChatterBot Papa reevaluating
ChatterBot Tango reevaluating
ChatterBot Papa reevaluating
ChatterBot Bravo reevaluating
ChatterBot Tango reevaluating
ChatterBot Papa reevaluating
ChatterBot Bravo reevaluating
2024-10-15 00:48:37.798893 India: Bravo and Romeo, sending you 2
2024-10-15 00:48:37.799530 Kilo: Quebec, sending you 4
2024-10-15 00:48:37.801672 India: Mike and X-ray, sending you 3
2024-10-15 00:48:37.802693 Romeo: India, sending you 2
2024-10-15 00:48:37.804186 Mike: Tango, Bravo and Romeo, sending you 1
2024-10-15 00:48:37.805535 Quebec: Same as last round
2024-10-15 00:48:37.805933 X-ray: Tango, sending you 2
2024-10-15 00:48:37.807225 Kilo: Whiskey, sending you 6
2024-10-15 00:48:37.808031 Whiskey: Tango, sending you 1
2024-10-15 00:48:37.808890 Tango: We should drop India
ChatterBot Papa reevaluating
2024-10-15 00:48:37.823359 Papa: No
2024-10-15 00:48:37.823534 Bravo: No
2024-10-15 00:48:37.823698 Romeo: No
2024-10-15 00:48:37.823885 Mike: No
2024-10-15 00:48:37.824026 X-ray: No
ChatterBot Tango reevaluating
ChatterBot Tango reevaluating
ChatterBot Papa reevaluating
ChatterBot X-ray reevaluating
ChatterBot Tango reevaluating
ChatterBot Papa reevaluating
ChatterBot X-ray reevaluating
ChatterBot Tango reevaluating
ChatterBot Papa reevaluating
ChatterBot X-ray reevaluating
ChatterBot Tango reevaluating
ChatterBot Papa reevaluating
2024-10-15 00:48:37.893608 Romeo: Papa, Bravo and Mike, sending you 1
2024-10-15 00:48:37.894258 Mike: India and X-ray, sending you 3
2024-10-15 00:48:37.895498 Whiskey: Quebec, sending you 4
2024-10-15 00:48:37.896018 Bravo: Sorry, I'm actually sending you 0
2024-10-15 00:48:37.897667 Romeo: X-ray, sending you 3
2024-10-15 00:48:37.898708 Bravo: India and X-ray, sending you 2
2024-10-15 00:48:37.899995 Mike: Papa, sending you 2
2024-10-15 00:48:37.900953 Whiskey: Kilo, sending you 6
2024-10-15 00:48:37.911728 X-ray: Sorry, I'm actually sending you 0
2024-10-15 00:48:37.918685 X-ray: Romeo and Mike, sending you 4
2024-10-15 00:48:37.923682 Tango: Sending you each 1
chatterbot Tango submitting transactions
chatterbot Mike submitting transactions
chatterbot Quebec submitting transactions
chatterbot Whiskey submitting transactions
chatterbot X-ray submitting transactions
chatterbot Papa submitting transactions
chatterbot India submitting transactions
chatterbot Kilo submitting transactions
chatterbot Romeo submitting transactions
chatterbot Bravo submitting transactions
ChatterBot Tango round 13
ChatterBot India round 13
ChatterBot Papa round 13
ChatterBot Bravo round 13
ChatterBot Quebec round 13
ChatterBot Romeo round 13
ChatterBot Mike round 13
ChatterBot X-ray round 13
ChatterBot Whiskey round 13
ChatterBot Kilo round 13
2024-10-15 00:48:38.980089 Tango: We should add Romeo
ChatterBot Papa reevaluating
ChatterBot X-ray reevaluating
2024-10-15 00:48:38.997727 India: Yes
2024-10-15 00:48:38.998152 Papa: Yes
2024-10-15 00:48:38.998930 Bravo: Yes
2024-10-15 00:48:38.999191 Mike: Yes
2024-10-15 00:48:38.999390 X-ray: Yes
ChatterBot Papa reevaluating
ChatterBot X-ray reevaluating
ChatterBot Tango reevaluating
ChatterBot X-ray reevaluating
ChatterBot Tango reevaluating
ChatterBot Papa reevaluating
ChatterBot X-ray reevaluating
ChatterBot Tango reevaluating
ChatterBot Papa reevaluating
ChatterBot X-ray reevaluating
ChatterBot Tango reevaluating
ChatterBot Papa reevaluating
2024-10-15 00:48:39.121601 X-ray: We should add Tango
ChatterBot Papa reevaluating
2024-10-15 00:48:39.152139 India: No
2024-10-15 00:48:39.152394 Papa: Yes
2024-10-15 00:48:39.152605 Bravo: No
2024-10-15 00:48:39.152840 Romeo: No
2024-10-15 00:48:39.153545 Mike: Yes
ChatterBot Papa reevaluating
ChatterBot X-ray reevaluating
ChatterBot X-ray reevaluating
ChatterBot Papa reevaluating
ChatterBot X-ray reevaluating
ChatterBot Papa reevaluating
ChatterBot X-ray reevaluating
ChatterBot Papa reevaluating
ChatterBot X-ray reevaluating
2024-10-15 00:48:39.315534 Whiskey: We should replace Tango with Mike
2024-10-15 00:48:39.323920 Quebec: No
2024-10-15 00:48:39.324131 Kilo: No
ChatterBot Whiskey reevaluating
