ChatterBot Mike round 1
ChatterBot Uniform round 1
ChatterBot Bravo round 1
ChatterBot Alpha round 1
ChatterBot Quebec round 1
ChatterBot Yankee round 1
ChatterBot Juliett round 1
ChatterBot Charlie round 1
ChatterBot Sierra round 1
ChatterBot Kilo round 1
randomSelections Mike: {Mike, Yankee, Alpha, Quebec, Bravo, Kilo, Uniform, Juliett} 
2024-10-14 22:29:24.492867 Mike: We would work well together
ChatterBot Yankee reevaluating
ChatterBot Alpha reevaluating
ChatterBot Quebec reevaluating
ChatterBot Bravo reevaluating
ChatterBot Kilo reevaluating
ChatterBot Uniform reevaluating
ChatterBot Juliett reevaluating
2024-10-14 22:29:24.525926 Yankee: Yes
2024-10-14 22:29:24.526084 Alpha: Yes
2024-10-14 22:29:24.526262 Quebec: Yes
2024-10-14 22:29:24.526422 Bravo: Yes
2024-10-14 22:29:24.526532 Kilo: Yes
2024-10-14 22:29:24.526662 Uniform: Yes
2024-10-14 22:29:24.526776 Juliett: Yes
ChatterBot Alpha reevaluating
ChatterBot Quebec reevaluating
ChatterBot Bravo reevaluating
ChatterBot Kilo reevaluating
ChatterBot Uniform reevaluating
ChatterBot Juliett reevaluating
ChatterBot Yankee reevaluating
ChatterBot Quebec reevaluating
ChatterBot Bravo reevaluating
ChatterBot Kilo reevaluating
ChatterBot Uniform reevaluating
ChatterBot Juliett reevaluating
ChatterBot Yankee reevaluating
ChatterBot Alpha reevaluating
ChatterBot Bravo reevaluating
ChatterBot Kilo reevaluating
ChatterBot Uniform reevaluating
ChatterBot Juliett reevaluating
ChatterBot Yankee reevaluating
ChatterBot Alpha reevaluating
ChatterBot Quebec reevaluating
ChatterBot Kilo reevaluating
ChatterBot Uniform reevaluating
ChatterBot Juliett reevaluating
ChatterBot Yankee reevaluating
ChatterBot Alpha reevaluating
ChatterBot Quebec reevaluating
ChatterBot Bravo reevaluating
ChatterBot Uniform reevaluating
ChatterBot Juliett reevaluating
ChatterBot Yankee reevaluating
ChatterBot Alpha reevaluating
ChatterBot Quebec reevaluating
ChatterBot Bravo reevaluating
ChatterBot Kilo reevaluating
ChatterBot Juliett reevaluating
ChatterBot Yankee reevaluating
ChatterBot Alpha reevaluating
ChatterBot Quebec reevaluating
ChatterBot Bravo reevaluating
ChatterBot Kilo reevaluating
ChatterBot Uniform reevaluating
randomSelections Sierra: {Sierra, Mike, Yankee, Juliett, Charlie, Quebec} 
2024-10-14 22:29:24.738355 Sierra: We would work well together
ChatterBot Yankee reevaluating
ChatterBot Juliett reevaluating
ChatterBot Charlie reevaluating
ChatterBot Quebec reevaluating
2024-10-14 22:29:24.750216 Mike: No
2024-10-14 22:29:24.750531 Yankee: No
2024-10-14 22:29:24.750770 Juliett: No
2024-10-14 22:29:24.751596 Charlie: Yes
2024-10-14 22:29:24.751868 Quebec: No
ChatterBot Yankee reevaluating
ChatterBot Juliett reevaluating
ChatterBot Charlie reevaluating
ChatterBot Quebec reevaluating
ChatterBot Juliett reevaluating
ChatterBot Charlie reevaluating
ChatterBot Quebec reevaluating
ChatterBot Yankee reevaluating
ChatterBot Charlie reevaluating
ChatterBot Quebec reevaluating
ChatterBot Yankee reevaluating
ChatterBot Juliett reevaluating
ChatterBot Quebec reevaluating
ChatterBot Yankee reevaluating
ChatterBot Juliett reevaluating
ChatterBot Charlie reevaluating
2024-10-14 22:29:24.833885 Juliett: Mike, Bravo and Yankee, sending you 1
2024-10-14 22:29:24.839761 Alpha: Uniform and Quebec, sending you 2
2024-10-14 22:29:24.840558 Bravo: Mike and Yankee, sending you 1
2024-10-14 22:29:24.844191 Sierra: Mike and Yankee, sending you 1
2024-10-14 22:29:24.849232 Kilo: Alpha, sending you 2
2024-10-14 22:29:24.852095 Mike: Uniform and Alpha, sending you 4
2024-10-14 22:29:24.853453 Quebec: Mike, sending you 4
2024-10-14 22:29:24.855243 Uniform: Bravo and Quebec, sending you 3
2024-10-14 22:29:24.856486 Alpha: Yankee, Juliett and Kilo, sending you 3
2024-10-14 22:29:24.858860 Yankee: Alpha, sending you 2
2024-10-14 22:29:24.859349 Bravo: Uniform and Juliett, sending you 3
2024-10-14 22:29:24.859766 Sierra: Quebec, sending you 3
2024-10-14 22:29:24.860199 Kilo: Yankee and Juliett, sending you 1
2024-10-14 22:29:24.861358 Mike: Bravo and Quebec, sending you 1
2024-10-14 22:29:24.861794 Uniform: Alpha, Yankee and Juliett, sending you 2
2024-10-14 22:29:24.862343 Quebec: Uniform, Bravo and Juliett, sending you 2
2024-10-14 22:29:24.863748 Charlie: Mike and Juliett, sending you 4
2024-10-14 22:29:24.864171 Bravo: Quebec and Kilo, sending you 5
2024-10-14 22:29:24.864567 Sierra: Juliett, sending you 6
2024-10-14 22:29:24.864898 Yankee: Kilo, sending you 1
2024-10-14 22:29:24.870552 Mike: Juliett, sending you 3
2024-10-14 22:29:24.872946 Uniform: Kilo, sending you 4
2024-10-14 22:29:24.873554 Quebec: Alpha, sending you 1
2024-10-14 22:29:24.875940 Charlie: Quebec and Yankee, sending you 3
2024-10-14 22:29:24.876331 Sierra: Charlie, sending you 5
2024-10-14 22:29:24.876811 Mike: Kilo, sending you 5
2024-10-14 22:29:24.880484 Quebec: Yankee and Kilo, sending you 3
2024-10-14 22:29:24.881199 Charlie: Sierra, sending you 2
chatterbot Kilo submitting transactions
chatterbot Alpha submitting transactions
chatterbot Quebec submitting transactions
chatterbot Juliett submitting transactions
chatterbot Sierra submitting transactions
chatterbot Uniform submitting transactions
chatterbot Bravo submitting transactions
chatterbot Yankee submitting transactions
chatterbot Mike submitting transactions
chatterbot Charlie submitting transactions
ChatterBot Mike round 2
ChatterBot Uniform round 2
ChatterBot Bravo round 2
ChatterBot Alpha round 2
ChatterBot Quebec round 2
ChatterBot Yankee round 2
2024-10-14 22:29:25.797798 Mike: Friends?
ChatterBot Uniform reevaluating
ChatterBot Bravo reevaluating
ChatterBot Quebec reevaluating
ChatterBot Juliett reevaluating
ChatterBot Charlie reevaluating
ChatterBot Sierra reevaluating
2024-10-14 22:29:25.841350 Uniform: No
2024-10-14 22:29:25.841467 Bravo: No
2024-10-14 22:29:25.841567 Quebec: Yes
2024-10-14 22:29:25.841666 Juliett: No
2024-10-14 22:29:25.841762 Charlie: No
2024-10-14 22:29:25.841853 Sierra: No
ChatterBot Bravo reevaluating
ChatterBot Quebec reevaluating
ChatterBot Juliett reevaluating
ChatterBot Charlie reevaluating
ChatterBot Sierra reevaluating
ChatterBot Uniform reevaluating
ChatterBot Quebec reevaluating
ChatterBot Juliett reevaluating
ChatterBot Charlie reevaluating
ChatterBot Sierra reevaluating
ChatterBot Uniform reevaluating
ChatterBot Bravo reevaluating
ChatterBot Juliett reevaluating
ChatterBot Charlie reevaluating
ChatterBot Sierra reevaluating
ChatterBot Uniform reevaluating
ChatterBot Bravo reevaluating
ChatterBot Quebec reevaluating
ChatterBot Charlie reevaluating
ChatterBot Sierra reevaluating
ChatterBot Uniform reevaluating
ChatterBot Bravo reevaluating
ChatterBot Quebec reevaluating
ChatterBot Juliett reevaluating
ChatterBot Sierra reevaluating
ChatterBot Uniform reevaluating
ChatterBot Bravo reevaluating
ChatterBot Quebec reevaluating
ChatterBot Juliett reevaluating
ChatterBot Charlie reevaluating
ChatterBot Juliett round 2
ChatterBot Charlie round 2
ChatterBot Sierra round 2
ChatterBot Kilo round 2
2024-10-14 22:29:26.086175 Juliett: Group up?
ChatterBot Uniform reevaluating
ChatterBot Charlie reevaluating
ChatterBot Sierra reevaluating
2024-10-14 22:29:26.125020 Mike: Yes
2024-10-14 22:29:26.125212 Uniform: No
2024-10-14 22:29:26.125380 Bravo: No
2024-10-14 22:29:26.125543 Quebec: Yes
2024-10-14 22:29:26.125709 Charlie: Yes
2024-10-14 22:29:26.126245 Sierra: Yes
ChatterBot Uniform reevaluating
ChatterBot Charlie reevaluating
ChatterBot Sierra reevaluating
ChatterBot Charlie reevaluating
ChatterBot Sierra reevaluating
ChatterBot Uniform reevaluating
ChatterBot Charlie reevaluating
ChatterBot Sierra reevaluating
ChatterBot Uniform reevaluating
ChatterBot Charlie reevaluating
ChatterBot Sierra reevaluating
ChatterBot Uniform reevaluating
ChatterBot Sierra reevaluating
ChatterBot Uniform reevaluating
ChatterBot Bravo reevaluating
ChatterBot Charlie reevaluating
2024-10-14 22:29:26.414303 Alpha: We should drop Juliett
ChatterBot Kilo reevaluating
ChatterBot Uniform reevaluating
ChatterBot Bravo reevaluating
2024-10-14 22:29:26.462998 Yankee: Yes
2024-10-14 22:29:26.463656 Kilo: Yes
2024-10-14 22:29:26.463894 Mike: No
2024-10-14 22:29:26.464089 Uniform: Yes
2024-10-14 22:29:26.464234 Bravo: No
2024-10-14 22:29:26.464378 Quebec: No
ChatterBot Kilo reevaluating
ChatterBot Uniform reevaluating
ChatterBot Bravo reevaluating
ChatterBot Alpha reevaluating
ChatterBot Uniform reevaluating
ChatterBot Bravo reevaluating
ChatterBot Alpha reevaluating
ChatterBot Kilo reevaluating
ChatterBot Uniform reevaluating
ChatterBot Bravo reevaluating
ChatterBot Alpha reevaluating
ChatterBot Kilo reevaluating
ChatterBot Bravo reevaluating
ChatterBot Alpha reevaluating
ChatterBot Kilo reevaluating
ChatterBot Uniform reevaluating
ChatterBot Alpha reevaluating
ChatterBot Kilo reevaluating
ChatterBot Uniform reevaluating
ChatterBot Bravo reevaluating
2024-10-14 22:29:26.747715 Mike: Sending you each 3
2024-10-14 22:29:27.133227 Kilo: We should drop Yankee and Juliett
ChatterBot Alpha reevaluating
ChatterBot Uniform reevaluating
2024-10-14 22:29:27.155908 Alpha: No
2024-10-14 22:29:27.156517 Mike: No
2024-10-14 22:29:27.156657 Uniform: Yes
2024-10-14 22:29:27.156783 Bravo: No
2024-10-14 22:29:27.156886 Quebec: No
ChatterBot Kilo reevaluating
ChatterBot Uniform reevaluating
ChatterBot Kilo reevaluating
ChatterBot Alpha reevaluating
ChatterBot Uniform reevaluating
ChatterBot Kilo reevaluating
ChatterBot Alpha reevaluating
ChatterBot Kilo reevaluating
ChatterBot Alpha reevaluating
ChatterBot Uniform reevaluating
ChatterBot Kilo reevaluating
ChatterBot Alpha reevaluating
ChatterBot Uniform reevaluating
chatterbot Charlie submitting transactions
chatterbot Mike submitting transactions
chatterbot Yankee submitting transactions
chatterbot Juliett submitting transactions
2024-10-14 22:29:27.655693 Yankee: Uniform, Alpha and Quebec, sending you 1
2024-10-14 22:29:27.656061 Bravo: Sending you each 3
2024-10-14 22:29:27.657051 Juliett: Charlie, sending you 1
2024-10-14 22:29:27.657330 Quebec: Mike, sending you 2
2024-10-14 22:29:27.657596 Charlie: Mike, Uniform, Bravo and Quebec, sending you 2
2024-10-14 22:29:27.658373 Sierra: Juliett and Kilo, sending you 5
chatterbot Bravo submitting transactions
chatterbot Quebec submitting transactions
2024-10-14 22:29:28.516796 Juliett: Sierra, sending you 2
2024-10-14 22:29:28.517592 Quebec: Uniform, Charlie and Sierra, sending you 3
2024-10-14 22:29:28.517911 Charlie: Juliett, sending you 3
2024-10-14 22:29:28.518192 Sierra: Charlie, sending you 6
chatterbot Sierra submitting transactions
chatterbot Alpha submitting transactions
chatterbot Kilo submitting transactions
2024-10-14 22:29:28.905303 Charlie: Sierra, sending you 5
2024-10-14 22:29:28.906307 Uniform: Mike, sending you 6
2024-10-14 22:29:28.916971 Quebec: Bravo, sending you 5
chatterbot Uniform submitting transactions
2024-10-14 22:29:28.947787 Uniform: Bravo, sending you 5
2024-10-14 22:29:28.948450 Quebec: Juliett, sending you 1
2024-10-14 22:29:28.949541 Kilo: Mike and Bravo, sending you 4
2024-10-14 22:29:28.950832 Alpha: Mike, sending you 6
ChatterBot Mike round 3
ChatterBot Uniform round 3
ChatterBot Bravo round 3
ChatterBot Alpha round 3
ChatterBot Quebec round 3
ChatterBot Yankee round 3
ChatterBot Juliett round 3
ChatterBot Charlie round 3
2024-10-14 22:29:28.955909 Uniform: Alpha and Quebec, sending you 3
ChatterBot Sierra round 3
2024-10-14 22:29:28.957428 Alpha: Uniform, sending you 3
2024-10-14 22:29:28.978189 Bravo: We should add Alpha and Kilo
ChatterBot Quebec reevaluating
ChatterBot Juliett reevaluating
ChatterBot Charlie reevaluating
ChatterBot Sierra reevaluating
2024-10-14 22:29:29.015604 Mike: Yes
2024-10-14 22:29:29.015896 Uniform: Yes
2024-10-14 22:29:29.016984 Quebec: Yes
2024-10-14 22:29:29.017261 Juliett: Yes
2024-10-14 22:29:29.017579 Charlie: Yes
2024-10-14 22:29:29.018311 Sierra: No
ChatterBot Uniform reevaluating
ChatterBot Quebec reevaluating
ChatterBot Juliett reevaluating
ChatterBot Charlie reevaluating
ChatterBot Sierra reevaluating
ChatterBot Quebec reevaluating
ChatterBot Juliett reevaluating
ChatterBot Charlie reevaluating
ChatterBot Sierra reevaluating
ChatterBot Uniform reevaluating
ChatterBot Bravo reevaluating
ChatterBot Juliett reevaluating
ChatterBot Charlie reevaluating
ChatterBot Sierra reevaluating
ChatterBot Uniform reevaluating
ChatterBot Bravo reevaluating
ChatterBot Quebec reevaluating
ChatterBot Charlie reevaluating
ChatterBot Sierra reevaluating
ChatterBot Uniform reevaluating
ChatterBot Bravo reevaluating
ChatterBot Quebec reevaluating
ChatterBot Juliett reevaluating
ChatterBot Sierra reevaluating
ChatterBot Uniform reevaluating
ChatterBot Bravo reevaluating
ChatterBot Quebec reevaluating
ChatterBot Juliett reevaluating
ChatterBot Charlie reevaluating
2024-10-14 22:29:29.252810 Kilo: Uniform and Alpha, sending you 3
ChatterBot Kilo round 3
2024-10-14 22:29:29.291023 Sierra: We should replace Kilo with Quebec
ChatterBot Juliett reevaluating
ChatterBot Charlie reevaluating
2024-10-14 22:29:29.302987 Juliett: No
2024-10-14 22:29:29.303849 Charlie: No
ChatterBot Sierra reevaluating
ChatterBot Charlie reevaluating
ChatterBot Sierra reevaluating
ChatterBot Juliett reevaluating
2024-10-14 22:29:29.333608 Kilo: Quebec, sending you 2
2024-10-14 22:29:29.335185 Uniform: We should replace Yankee with Charlie
ChatterBot Kilo reevaluating
ChatterBot Bravo reevaluating
2024-10-14 22:29:29.360290 Kilo: No
2024-10-14 22:29:29.361520 Alpha: No
2024-10-14 22:29:29.361674 Mike: No
2024-10-14 22:29:29.361803 Bravo: Yes
2024-10-14 22:29:29.361933 Quebec: Yes
ChatterBot Mike reevaluating
ChatterBot Bravo reevaluating
ChatterBot Kilo reevaluating
ChatterBot Mike reevaluating
ChatterBot Bravo reevaluating
ChatterBot Kilo reevaluating
ChatterBot Bravo reevaluating
ChatterBot Kilo reevaluating
ChatterBot Mike reevaluating
ChatterBot Kilo reevaluating
ChatterBot Mike reevaluating
ChatterBot Bravo reevaluating
2024-10-14 22:29:29.461512 Alpha: We should drop Juliett
ChatterBot Kilo reevaluating
ChatterBot Mike reevaluating
ChatterBot Bravo reevaluating
2024-10-14 22:29:29.483873 Yankee: Yes
2024-10-14 22:29:29.484033 Kilo: Yes
2024-10-14 22:29:29.484139 Mike: Yes
2024-10-14 22:29:29.484242 Uniform: Yes
2024-10-14 22:29:29.484327 Bravo: Yes
2024-10-14 22:29:29.484411 Quebec: Yes
ChatterBot Kilo reevaluating
ChatterBot Mike reevaluating
ChatterBot Bravo reevaluating
ChatterBot Mike reevaluating
ChatterBot Bravo reevaluating
ChatterBot Kilo reevaluating
ChatterBot Bravo reevaluating
ChatterBot Kilo reevaluating
ChatterBot Mike reevaluating
ChatterBot Bravo reevaluating
ChatterBot Kilo reevaluating
ChatterBot Mike reevaluating
ChatterBot Kilo reevaluating
ChatterBot Mike reevaluating
ChatterBot Bravo reevaluating
2024-10-14 22:29:29.776782 Charlie: Alpha and Kilo we want you to join our group
ChatterBot Kilo reevaluating
2024-10-14 22:29:29.806057 Alpha: No
2024-10-14 22:29:29.806427 Kilo: No
ChatterBot Sierra reevaluating
ChatterBot Mike reevaluating
ChatterBot Bravo reevaluating
ChatterBot Kilo reevaluating
ChatterBot Sierra reevaluating
ChatterBot Mike reevaluating
ChatterBot Bravo reevaluating
2024-10-14 22:29:29.913695 Sierra: We should replace Kilo with Bravo
2024-10-14 22:29:29.925223 Juliett: No
2024-10-14 22:29:29.926133 Charlie: No
ChatterBot Sierra reevaluating
ChatterBot Sierra reevaluating
2024-10-14 22:29:29.952093 Uniform: Charlie we want you to join our group
2024-10-14 22:29:29.958936 Charlie: Yes
ChatterBot Mike reevaluating
ChatterBot Bravo reevaluating
ChatterBot Alpha reevaluating
ChatterBot Kilo reevaluating
2024-10-14 22:29:29.999380 Bravo: Friends?
ChatterBot Mike reevaluating
ChatterBot Alpha reevaluating
ChatterBot Kilo reevaluating
2024-10-14 22:29:30.041415 Quebec: Yes
2024-10-14 22:29:30.042181 Mike: Yes
2024-10-14 22:29:30.042647 Uniform: Yes
2024-10-14 22:29:30.042817 Alpha: Yes
2024-10-14 22:29:30.044053 Kilo: No
2024-10-14 22:29:30.044283 Charlie: Yes
ChatterBot Mike reevaluating
ChatterBot Bravo reevaluating
ChatterBot Alpha reevaluating
ChatterBot Kilo reevaluating
ChatterBot Bravo reevaluating
ChatterBot Alpha reevaluating
ChatterBot Kilo reevaluating
ChatterBot Mike reevaluating
ChatterBot Bravo reevaluating
ChatterBot Alpha reevaluating
ChatterBot Kilo reevaluating
ChatterBot Mike reevaluating
ChatterBot Bravo reevaluating
ChatterBot Kilo reevaluating
ChatterBot Mike reevaluating
ChatterBot Bravo reevaluating
ChatterBot Alpha reevaluating
ChatterBot Mike reevaluating
ChatterBot Bravo reevaluating
ChatterBot Alpha reevaluating
ChatterBot Kilo reevaluating
2024-10-14 22:29:30.280726 Juliett: Alpha and Kilo we want you to join our group
ChatterBot Alpha reevaluating
ChatterBot Kilo reevaluating
2024-10-14 22:29:30.294696 Alpha: No
2024-10-14 22:29:30.295454 Kilo: No
ChatterBot Sierra reevaluating
ChatterBot Kilo reevaluating
ChatterBot Sierra reevaluating
ChatterBot Alpha reevaluating
chatterbot Mike submitting transactions
chatterbot Yankee submitting transactions
2024-10-14 22:29:30.771587 Quebec: Mike, Uniform, Alpha and Charlie, sending you 3
2024-10-14 22:29:30.773102 Yankee: Uniform, Alpha and Quebec, sending you 1
2024-10-14 22:29:30.774635 Sierra: Bravo we want you to join our group
2024-10-14 22:29:30.782169 Bravo: No
ChatterBot Sierra reevaluating
2024-10-14 22:29:30.800532 Sierra: We should replace Kilo with Mike
2024-10-14 22:29:30.811643 Juliett: No
2024-10-14 22:29:30.812412 Charlie: No
ChatterBot Sierra reevaluating
ChatterBot Sierra reevaluating
2024-10-14 22:29:30.836346 Alpha: Charlie we want you to join our group
2024-10-14 22:29:30.842920 Charlie: Yes
ChatterBot Alpha reevaluating
chatterbot Quebec submitting transactions
chatterbot Uniform submitting transactions
2024-10-14 22:29:30.879071 Quebec: Bravo, sending you 4
2024-10-14 22:29:30.880424 Charlie: Mike, Uniform, Bravo, Alpha, Quebec, Juliett, Sierra and Kilo, sending you 2
2024-10-14 22:29:30.881447 Mike: Uniform, Bravo, Alpha, Quebec, Charlie and Kilo, sending you 3
chatterbot Charlie submitting transactions
2024-10-14 22:29:30.884258 Uniform: Mike, sending you 5
2024-10-14 22:29:30.884963 Bravo: Mike, Uniform, Alpha, Quebec, Charlie and Kilo, sending you 3
2024-10-14 22:29:30.886418 Juliett: Charlie, sending you 1
2024-10-14 22:29:30.887784 Quebec: Kilo, sending you 1
2024-10-14 22:29:30.888467 Uniform: Bravo, sending you 4
2024-10-14 22:29:30.889641 Kilo: Mike, Uniform and Bravo, sending you 3
2024-10-14 22:29:31.018551 Juliett: Sierra, sending you 2
2024-10-14 22:29:31.020116 Uniform: Alpha, Quebec and Kilo, sending you 3
2024-10-14 22:29:31.020807 Kilo: Alpha, sending you 5
2024-10-14 22:29:31.094356 Uniform: Charlie, sending you 1
chatterbot Kilo submitting transactions
2024-10-14 22:29:31.133027 Sierra: Bravo and Juliett, sending you 5
2024-10-14 22:29:31.166092 Sierra: Charlie, sending you 6
chatterbot Juliett submitting transactions
chatterbot Alpha submitting transactions
chatterbot Bravo submitting transactions
chatterbot Sierra submitting transactions
chatterbot Mike submitting transactions
ChatterBot Mike round 4
ChatterBot Uniform round 4
ChatterBot Bravo round 4
ChatterBot Alpha round 4
ChatterBot Quebec round 4
ChatterBot Yankee round 4
ChatterBot Juliett round 4
ChatterBot Charlie round 4
2024-10-14 22:29:32.033631 Uniform: We should add Sierra
ChatterBot Quebec reevaluating
ChatterBot Mike reevaluating
ChatterBot Bravo reevaluating
ChatterBot Alpha reevaluating
ChatterBot Kilo reevaluating
ChatterBot Charlie reevaluating
2024-10-14 22:29:32.057068 Quebec: Yes
2024-10-14 22:29:32.057657 Mike: Yes
2024-10-14 22:29:32.057779 Bravo: Yes
2024-10-14 22:29:32.057893 Alpha: Yes
2024-10-14 22:29:32.058024 Kilo: No
2024-10-14 22:29:32.058131 Charlie: Yes
ChatterBot Mike reevaluating
ChatterBot Bravo reevaluating
ChatterBot Alpha reevaluating
ChatterBot Kilo reevaluating
ChatterBot Charlie reevaluating
ChatterBot Quebec reevaluating
ChatterBot Bravo reevaluating
ChatterBot Alpha reevaluating
ChatterBot Kilo reevaluating
ChatterBot Charlie reevaluating
ChatterBot Quebec reevaluating
ChatterBot Mike reevaluating
ChatterBot Alpha reevaluating
ChatterBot Kilo reevaluating
ChatterBot Charlie reevaluating
ChatterBot Quebec reevaluating
ChatterBot Mike reevaluating
ChatterBot Bravo reevaluating
ChatterBot Kilo reevaluating
ChatterBot Charlie reevaluating
ChatterBot Quebec reevaluating
ChatterBot Mike reevaluating
ChatterBot Bravo reevaluating
ChatterBot Alpha reevaluating
ChatterBot Charlie reevaluating
ChatterBot Quebec reevaluating
ChatterBot Mike reevaluating
ChatterBot Bravo reevaluating
ChatterBot Alpha reevaluating
ChatterBot Kilo reevaluating
ChatterBot Sierra round 4
2024-10-14 22:29:32.233697 Yankee: We should add Charlie and Sierra
ChatterBot Alpha reevaluating
ChatterBot Kilo reevaluating
ChatterBot Mike reevaluating
ChatterBot Bravo reevaluating
ChatterBot Quebec reevaluating
2024-10-14 22:29:32.259987 Alpha: Yes
2024-10-14 22:29:32.260232 Kilo: No
2024-10-14 22:29:32.260788 Mike: Yes
2024-10-14 22:29:32.260968 Uniform: Yes
2024-10-14 22:29:32.261158 Bravo: Yes
2024-10-14 22:29:32.261358 Quebec: Yes
ChatterBot Kilo reevaluating
ChatterBot Mike reevaluating
ChatterBot Bravo reevaluating
ChatterBot Quebec reevaluating
ChatterBot Alpha reevaluating
ChatterBot Mike reevaluating
ChatterBot Bravo reevaluating
ChatterBot Quebec reevaluating
ChatterBot Alpha reevaluating
ChatterBot Kilo reevaluating
ChatterBot Bravo reevaluating
ChatterBot Quebec reevaluating
ChatterBot Alpha reevaluating
ChatterBot Kilo reevaluating
ChatterBot Mike reevaluating
ChatterBot Bravo reevaluating
ChatterBot Quebec reevaluating
ChatterBot Alpha reevaluating
ChatterBot Kilo reevaluating
ChatterBot Mike reevaluating
ChatterBot Quebec reevaluating
ChatterBot Alpha reevaluating
ChatterBot Kilo reevaluating
ChatterBot Mike reevaluating
ChatterBot Bravo reevaluating
ChatterBot Kilo round 4
2024-10-14 22:29:32.555856 Uniform: Sierra we want you to join our group
ChatterBot Sierra reevaluating
2024-10-14 22:29:32.562327 Sierra: No
ChatterBot Alpha reevaluating
ChatterBot Mike reevaluating
ChatterBot Bravo reevaluating
ChatterBot Quebec reevaluating
ChatterBot Charlie reevaluating
ChatterBot Kilo reevaluating
2024-10-14 22:29:32.601251 Kilo: We should add Charlie and Sierra
ChatterBot Alpha reevaluating
ChatterBot Mike reevaluating
ChatterBot Bravo reevaluating
ChatterBot Quebec reevaluating
2024-10-14 22:29:32.630174 Alpha: Yes
2024-10-14 22:29:32.631121 Mike: Yes
2024-10-14 22:29:32.631451 Uniform: Yes
2024-10-14 22:29:32.631772 Bravo: Yes
2024-10-14 22:29:32.632449 Quebec: Yes
ChatterBot Kilo reevaluating
ChatterBot Mike reevaluating
ChatterBot Bravo reevaluating
ChatterBot Quebec reevaluating
ChatterBot Kilo reevaluating
ChatterBot Alpha reevaluating
ChatterBot Bravo reevaluating
ChatterBot Quebec reevaluating
ChatterBot Kilo reevaluating
ChatterBot Alpha reevaluating
ChatterBot Mike reevaluating
ChatterBot Bravo reevaluating
ChatterBot Quebec reevaluating
ChatterBot Kilo reevaluating
ChatterBot Alpha reevaluating
ChatterBot Mike reevaluating
ChatterBot Quebec reevaluating
ChatterBot Kilo reevaluating
ChatterBot Alpha reevaluating
ChatterBot Mike reevaluating
ChatterBot Bravo reevaluating
2024-10-14 22:29:32.778895 Yankee: Charlie and Sierra we want you to join our group
ChatterBot Sierra reevaluating
2024-10-14 22:29:32.787230 Charlie: No
2024-10-14 22:29:32.787392 Sierra: No
ChatterBot Quebec reevaluating
ChatterBot Sierra reevaluating
ChatterBot Quebec reevaluating
2024-10-14 22:29:32.845218 Bravo: Sierra we want you to join our group
ChatterBot Sierra reevaluating
2024-10-14 22:29:32.849606 Sierra: No
ChatterBot Quebec reevaluating
2024-10-14 22:29:32.871338 Mike: Sierra we want you to join our group
ChatterBot Sierra reevaluating
2024-10-14 22:29:32.876272 Sierra: No
ChatterBot Quebec reevaluating
2024-10-14 22:29:32.899587 Kilo: Charlie and Sierra we want you to join our group
ChatterBot Sierra reevaluating
2024-10-14 22:29:32.907294 Charlie: Yes
2024-10-14 22:29:32.907439 Sierra: No
ChatterBot Sierra reevaluating
2024-10-14 22:29:32.953914 Juliett: Charlie, sending you 1
2024-10-14 22:29:32.954630 Uniform: Mike, sending you 5
2024-10-14 22:29:32.955403 Quebec: Sierra we want you to join our group
ChatterBot Sierra reevaluating
2024-10-14 22:29:32.960183 Sierra: No
2024-10-14 22:29:32.984809 Juliett: Sierra, sending you 2
2024-10-14 22:29:32.985364 Charlie: Mike, Uniform, Bravo, Alpha, Quebec, Juliett, Sierra and Kilo, sending you 2
2024-10-14 22:29:32.986248 Uniform: Bravo, Alpha, Quebec and Kilo, sending you 3
2024-10-14 22:29:32.990702 Yankee: Alpha, Quebec and Charlie, sending you 1
2024-10-14 22:29:32.991381 Uniform: Charlie, sending you 2
2024-10-14 22:29:32.992538 Mike: Uniform, Bravo, Alpha, Quebec, Charlie and Kilo, sending you 3
2024-10-14 22:29:32.993278 Bravo: Mike, Uniform, Quebec, Sierra and Kilo, sending you 3
2024-10-14 22:29:33.022007 Bravo: Alpha, sending you 1
2024-10-14 22:29:33.026765 Quebec: Mike and Uniform, sending you 3
2024-10-14 22:29:33.027553 Bravo: Charlie, sending you 2
2024-10-14 22:29:33.028743 Kilo: Mike and Bravo, sending you 3
2024-10-14 22:29:33.034046 Quebec: Bravo, sending you 4
2024-10-14 22:29:33.038297 Kilo: Uniform, Quebec and Sierra, sending you 2
2024-10-14 22:29:33.039386 Quebec: Alpha, Charlie and Kilo, sending you 2
2024-10-14 22:29:33.043504 Kilo: Alpha, sending you 4
2024-10-14 22:29:33.045115 Quebec: Sierra, sending you 1
2024-10-14 22:29:33.046451 Sierra: Mike, Bravo, Quebec and Charlie, sending you 3
2024-10-14 22:29:33.056507 Sierra: Uniform and Alpha, sending you 2
chatterbot Sierra submitting transactions
chatterbot Mike submitting transactions
chatterbot Uniform submitting transactions
chatterbot Alpha submitting transactions
chatterbot Charlie submitting transactions
chatterbot Yankee submitting transactions
chatterbot Juliett submitting transactions
chatterbot Kilo submitting transactions
chatterbot Bravo submitting transactions
chatterbot Quebec submitting transactions
ChatterBot Mike round 5
ChatterBot Uniform round 5
ChatterBot Bravo round 5
ChatterBot Alpha round 5
ChatterBot Quebec round 5
ChatterBot Yankee round 5
ChatterBot Juliett round 5
ChatterBot Charlie round 5
ChatterBot Sierra round 5
ChatterBot Kilo round 5
2024-10-14 22:29:34.173452 Sierra: We should replace Alpha with Kilo
2024-10-14 22:29:34.197052 Mike: No
2024-10-14 22:29:34.197247 Uniform: No
2024-10-14 22:29:34.197402 Bravo: No
2024-10-14 22:29:34.197566 Quebec: No
2024-10-14 22:29:34.197720 Charlie: No
ChatterBot Sierra reevaluating
ChatterBot Sierra reevaluating
ChatterBot Sierra reevaluating
ChatterBot Sierra reevaluating
ChatterBot Sierra reevaluating
2024-10-14 22:29:34.321682 Yankee: Alpha, Quebec and Charlie, sending you 1
2024-10-14 22:29:34.323492 Sierra: Kilo we want you to join our group
2024-10-14 22:29:34.331403 Kilo: Yes
ChatterBot Sierra reevaluating
2024-10-14 22:29:34.368963 Sierra: We should replace Charlie with Kilo
2024-10-14 22:29:34.383666 Mike: No
2024-10-14 22:29:34.384316 Uniform: No
2024-10-14 22:29:34.384472 Bravo: No
2024-10-14 22:29:34.384701 Alpha: No
2024-10-14 22:29:34.384860 Quebec: No
ChatterBot Sierra reevaluating
ChatterBot Sierra reevaluating
ChatterBot Sierra reevaluating
ChatterBot Sierra reevaluating
ChatterBot Sierra reevaluating
2024-10-14 22:29:34.493766 Mike: Uniform, Bravo, Alpha, Quebec, Charlie and Kilo, sending you 3
2024-10-14 22:29:34.495420 Bravo: Mike, Uniform, Quebec, Sierra and Kilo, sending you 3
2024-10-14 22:29:34.496167 Uniform: Mike, sending you 4
2024-10-14 22:29:34.498699 Bravo: Alpha, sending you 1
2024-10-14 22:29:34.503864 Quebec: Mike, Uniform and Bravo, sending you 3
2024-10-14 22:29:34.504800 Charlie: Mike, Uniform, Bravo, Alpha, Quebec, Juliett, Sierra and Kilo, sending you 2
2024-10-14 22:29:34.507451 Bravo: Charlie, sending you 2
2024-10-14 22:29:34.508424 Uniform: Bravo, Alpha, Quebec and Kilo, sending you 3
2024-10-14 22:29:34.510919 Juliett: Charlie, sending you 1
2024-10-14 22:29:34.515270 Kilo: Mike, Uniform and Bravo, sending you 3
2024-10-14 22:29:34.516282 Quebec: Alpha, Charlie, Sierra and Kilo, sending you 2
2024-10-14 22:29:34.519798 Uniform: Charlie, sending you 2
2024-10-14 22:29:34.520866 Juliett: Sierra, sending you 2
2024-10-14 22:29:34.527892 Kilo: Alpha, sending you 4
2024-10-14 22:29:34.528993 Uniform: Sierra, sending you 1
2024-10-14 22:29:34.642540 Kilo: Quebec, sending you 2
2024-10-14 22:29:34.644458 Sierra: Mike, Bravo, Quebec and Charlie, sending you 3
chatterbot Juliett submitting transactions
2024-10-14 22:29:34.758909 Kilo: Charlie, sending you 1
chatterbot Alpha submitting transactions
2024-10-14 22:29:34.760995 Sierra: Uniform and Alpha, sending you 2
chatterbot Quebec submitting transactions
chatterbot Bravo submitting transactions
chatterbot Kilo submitting transactions
chatterbot Mike submitting transactions
chatterbot Yankee submitting transactions
chatterbot Uniform submitting transactions
chatterbot Sierra submitting transactions
chatterbot Charlie submitting transactions
ChatterBot Mike round 6
ChatterBot Uniform round 6
ChatterBot Bravo round 6
ChatterBot Alpha round 6
ChatterBot Quebec round 6
ChatterBot Yankee round 6
ChatterBot Juliett round 6
ChatterBot Charlie round 6
ChatterBot Sierra round 6
ChatterBot Kilo round 6
2024-10-14 22:29:35.456293 Sierra: We should replace Quebec with Kilo
ChatterBot Charlie reevaluating
2024-10-14 22:29:35.470194 Mike: No
2024-10-14 22:29:35.470370 Uniform: No
2024-10-14 22:29:35.470918 Bravo: No
2024-10-14 22:29:35.471035 Alpha: No
2024-10-14 22:29:35.471137 Charlie: No
ChatterBot Sierra reevaluating
ChatterBot Charlie reevaluating
ChatterBot Sierra reevaluating
ChatterBot Charlie reevaluating
ChatterBot Sierra reevaluating
ChatterBot Charlie reevaluating
ChatterBot Sierra reevaluating
ChatterBot Charlie reevaluating
ChatterBot Sierra reevaluating
ChatterBot Alpha reevaluating
2024-10-14 22:29:35.544431 Alpha: We should add Charlie and Sierra
2024-10-14 22:29:35.559231 Yankee: Yes
2024-10-14 22:29:35.559368 Kilo: Yes
2024-10-14 22:29:35.559482 Mike: Yes
2024-10-14 22:29:35.559584 Uniform: Yes
2024-10-14 22:29:35.559679 Bravo: Yes
2024-10-14 22:29:35.559768 Quebec: Yes
ChatterBot Alpha reevaluating
ChatterBot Alpha reevaluating
ChatterBot Alpha reevaluating
ChatterBot Alpha reevaluating
ChatterBot Alpha reevaluating
ChatterBot Alpha reevaluating
2024-10-14 22:29:35.770427 Sierra: We should replace Alpha with Kilo
ChatterBot Charlie reevaluating
2024-10-14 22:29:35.786231 Mike: No
2024-10-14 22:29:35.786436 Uniform: No
2024-10-14 22:29:35.786618 Bravo: No
2024-10-14 22:29:35.786831 Quebec: No
2024-10-14 22:29:35.786979 Charlie: No
ChatterBot Sierra reevaluating
ChatterBot Charlie reevaluating
ChatterBot Sierra reevaluating
ChatterBot Charlie reevaluating
ChatterBot Sierra reevaluating
ChatterBot Charlie reevaluating
ChatterBot Sierra reevaluating
ChatterBot Charlie reevaluating
ChatterBot Sierra reevaluating
2024-10-14 22:29:35.873504 Mike: Uniform, Bravo, Alpha, Quebec, Charlie and Kilo, sending you 3
2024-10-14 22:29:35.875139 Uniform: Mike, sending you 4
2024-10-14 22:29:35.875851 Bravo: Mike, Uniform, Quebec, Sierra and Kilo, sending you 3
2024-10-14 22:29:35.877391 Sierra: We should replace Uniform with Kilo
ChatterBot Alpha reevaluating
ChatterBot Charlie reevaluating
2024-10-14 22:29:35.893503 Mike: No
2024-10-14 22:29:35.894304 Bravo: No
2024-10-14 22:29:35.894485 Alpha: No
2024-10-14 22:29:35.894758 Quebec: No
2024-10-14 22:29:35.895334 Charlie: No
ChatterBot Sierra reevaluating
ChatterBot Alpha reevaluating
ChatterBot Charlie reevaluating
ChatterBot Sierra reevaluating
ChatterBot Alpha reevaluating
ChatterBot Charlie reevaluating
ChatterBot Sierra reevaluating
ChatterBot Charlie reevaluating
ChatterBot Sierra reevaluating
ChatterBot Alpha reevaluating
ChatterBot Charlie reevaluating
ChatterBot Sierra reevaluating
ChatterBot Alpha reevaluating
2024-10-14 22:29:35.994231 Uniform: Bravo, Alpha, Quebec and Kilo, sending you 3
2024-10-14 22:29:35.995591 Bravo: Alpha, sending you 1
2024-10-14 22:29:35.997195 Kilo: Mike, Uniform and Bravo, sending you 3
2024-10-14 22:29:35.998989 Juliett: Charlie, sending you 2
2024-10-14 22:29:35.999755 Quebec: Mike, Uniform and Bravo, sending you 3
2024-10-14 22:29:36.000919 Yankee: Alpha, Quebec and Charlie, sending you 1
2024-10-14 22:29:36.001573 Uniform: Charlie, sending you 2
2024-10-14 22:29:36.003196 Bravo: Charlie, sending you 2
2024-10-14 22:29:36.004918 Charlie: We should drop Juliett
ChatterBot Alpha reevaluating
ChatterBot Sierra reevaluating
2024-10-14 22:29:36.040907 Alpha: Yes
2024-10-14 22:29:36.041137 Mike: Yes
2024-10-14 22:29:36.041301 Uniform: Yes
2024-10-14 22:29:36.042072 Bravo: Yes
2024-10-14 22:29:36.042245 Quebec: Yes
2024-10-14 22:29:36.042411 Sierra: Yes
2024-10-14 22:29:36.042573 Kilo: Yes
ChatterBot Sierra reevaluating
ChatterBot Alpha reevaluating
ChatterBot Sierra reevaluating
ChatterBot Alpha reevaluating
ChatterBot Sierra reevaluating
ChatterBot Alpha reevaluating
ChatterBot Sierra reevaluating
ChatterBot Alpha reevaluating
ChatterBot Sierra reevaluating
ChatterBot Alpha reevaluating
ChatterBot Alpha reevaluating
ChatterBot Sierra reevaluating
2024-10-14 22:29:36.313012 Kilo: Alpha, sending you 4
2024-10-14 22:29:36.314699 Juliett: Sierra, sending you 1
2024-10-14 22:29:36.315465 Quebec: Alpha, Charlie, Sierra and Kilo, sending you 2
2024-10-14 22:29:36.316914 Uniform: Sierra, sending you 1
chatterbot Quebec submitting transactions
chatterbot Yankee submitting transactions
chatterbot Juliett submitting transactions
chatterbot Kilo submitting transactions
chatterbot Mike submitting transactions
chatterbot Uniform submitting transactions
2024-10-14 22:29:36.319186 Kilo: Quebec, sending you 2
2024-10-14 22:29:36.320469 Sierra: Kilo we want you to join our group
2024-10-14 22:29:36.326420 Kilo: Yes
ChatterBot Sierra reevaluating
2024-10-14 22:29:36.358573 Sierra: We should replace Charlie with Kilo
ChatterBot Alpha reevaluating
2024-10-14 22:29:36.384886 Mike: No
2024-10-14 22:29:36.385114 Uniform: No
2024-10-14 22:29:36.385289 Bravo: No
2024-10-14 22:29:36.385460 Alpha: No
2024-10-14 22:29:36.385666 Quebec: No
ChatterBot Sierra reevaluating
ChatterBot Alpha reevaluating
ChatterBot Sierra reevaluating
ChatterBot Alpha reevaluating
ChatterBot Sierra reevaluating
ChatterBot Alpha reevaluating
ChatterBot Sierra reevaluating
ChatterBot Sierra reevaluating
ChatterBot Alpha reevaluating
2024-10-14 22:29:36.490309 Kilo: Charlie, sending you 1
chatterbot Charlie submitting transactions
2024-10-14 22:29:36.508040 Charlie: Mike and Sierra, sending you 3
2024-10-14 22:29:36.517536 Charlie: Uniform, Bravo, Alpha, Quebec and Kilo, sending you 2
2024-10-14 22:29:36.519465 Alpha: Charlie and Sierra we want you to join our group
ChatterBot Sierra reevaluating
2024-10-14 22:29:36.528423 Charlie: No
2024-10-14 22:29:36.529187 Sierra: No
ChatterBot Alpha reevaluating
ChatterBot Sierra reevaluating
ChatterBot Alpha reevaluating
chatterbot Bravo submitting transactions
2024-10-14 22:29:36.662748 Sierra: Mike, Bravo, Quebec, Charlie and Kilo, sending you 3
2024-10-14 22:29:36.703942 Sierra: Uniform, sending you 1
chatterbot Alpha submitting transactions
chatterbot Sierra submitting transactions
ChatterBot Mike round 7
ChatterBot Uniform round 7
ChatterBot Bravo round 7
ChatterBot Alpha round 7
ChatterBot Quebec round 7
ChatterBot Yankee round 7
ChatterBot Juliett round 7
ChatterBot Charlie round 7
ChatterBot Sierra round 7
ChatterBot Kilo round 7
2024-10-14 22:29:37.401066 Alpha: We should add Charlie and Sierra
2024-10-14 22:29:37.433051 Yankee: Yes
2024-10-14 22:29:37.433286 Kilo: Yes
2024-10-14 22:29:37.433452 Mike: Yes
2024-10-14 22:29:37.433606 Uniform: Yes
2024-10-14 22:29:37.433788 Bravo: Yes
2024-10-14 22:29:37.434364 Quebec: Yes
ChatterBot Alpha reevaluating
ChatterBot Alpha reevaluating
ChatterBot Alpha reevaluating
ChatterBot Alpha reevaluating
ChatterBot Alpha reevaluating
ChatterBot Alpha reevaluating
2024-10-14 22:29:37.567599 Sierra: We should replace Charlie with Alpha
2024-10-14 22:29:37.587005 Mike: No
2024-10-14 22:29:37.587688 Uniform: No
2024-10-14 22:29:37.587832 Bravo: No
2024-10-14 22:29:37.587961 Quebec: No
2024-10-14 22:29:37.588096 Kilo: No
ChatterBot Sierra reevaluating
ChatterBot Sierra reevaluating
ChatterBot Sierra reevaluating
ChatterBot Sierra reevaluating
2024-10-14 22:29:37.656273 Sierra: We should replace Quebec with Alpha
2024-10-14 22:29:37.668105 Mike: No
2024-10-14 22:29:37.668290 Uniform: No
2024-10-14 22:29:37.668439 Bravo: No
2024-10-14 22:29:37.668586 Charlie: No
2024-10-14 22:29:37.668768 Kilo: No
ChatterBot Sierra reevaluating
ChatterBot Sierra reevaluating
ChatterBot Sierra reevaluating
ChatterBot Sierra reevaluating
ChatterBot Sierra reevaluating
2024-10-14 22:29:37.737312 Alpha: Charlie and Sierra we want you to join our group
ChatterBot Sierra reevaluating
2024-10-14 22:29:37.772525 Charlie: No
2024-10-14 22:29:37.772701 Sierra: No
ChatterBot Alpha reevaluating
ChatterBot Sierra reevaluating
ChatterBot Alpha reevaluating
2024-10-14 22:29:37.916100 Sierra: We should replace Kilo with Alpha
2024-10-14 22:29:37.932210 Mike: No
2024-10-14 22:29:37.932523 Uniform: No
2024-10-14 22:29:37.932800 Bravo: No
2024-10-14 22:29:37.933715 Quebec: No
2024-10-14 22:29:37.933948 Charlie: No
ChatterBot Sierra reevaluating
ChatterBot Sierra reevaluating
ChatterBot Sierra reevaluating
ChatterBot Sierra reevaluating
ChatterBot Sierra reevaluating
chatterbot Bravo submitting transactions
chatterbot Uniform submitting transactions
2024-10-14 22:29:38.018662 Quebec: Mike, Uniform and Bravo, sending you 3
2024-10-14 22:29:38.020348 Yankee: Alpha, Quebec and Charlie, sending you 1
2024-10-14 22:29:38.021643 Juliett: Charlie, sending you 2
2024-10-14 22:29:38.023210 Charlie: Mike and Sierra, sending you 3
2024-10-14 22:29:38.024356 Kilo: Mike, Uniform, Bravo and Alpha, sending you 3
2024-10-14 22:29:38.025552 Uniform: Mike, sending you 4
2024-10-14 22:29:38.026370 Bravo: Mike, Uniform, Quebec, Sierra and Kilo, sending you 3
2024-10-14 22:29:38.027778 Mike: Uniform, Bravo, Alpha, Quebec, Charlie and Kilo, sending you 3
2024-10-14 22:29:38.029055 Quebec: Alpha, Charlie, Sierra and Kilo, sending you 2
2024-10-14 22:29:38.030264 Juliett: Sierra, sending you 1
2024-10-14 22:29:38.031825 Kilo: Quebec and Charlie, sending you 2
2024-10-14 22:29:38.033574 Charlie: Uniform, Bravo, Alpha, Quebec and Kilo, sending you 2
2024-10-14 22:29:38.034528 Uniform: Bravo, Alpha, Quebec and Kilo, sending you 3
2024-10-14 22:29:38.035910 Bravo: Alpha, sending you 1
2024-10-14 22:29:38.038693 Uniform: Charlie, sending you 2
2024-10-14 22:29:38.051719 Bravo: Charlie, sending you 2
2024-10-14 22:29:38.055127 Uniform: Sierra, sending you 1
2024-10-14 22:29:38.057708 Sierra: Mike, sending you 1
2024-10-14 22:29:38.061736 Sierra: Uniform, Bravo, Quebec, Charlie and Kilo, sending you 3
chatterbot Yankee submitting transactions
chatterbot Kilo submitting transactions
chatterbot Mike submitting transactions
chatterbot Charlie submitting transactions
chatterbot Juliett submitting transactions
chatterbot Quebec submitting transactions
chatterbot Alpha submitting transactions
chatterbot Sierra submitting transactions
ChatterBot Mike round 8
ChatterBot Uniform round 8
ChatterBot Bravo round 8
ChatterBot Alpha round 8
ChatterBot Quebec round 8
ChatterBot Yankee round 8
ChatterBot Juliett round 8
ChatterBot Charlie round 8
ChatterBot Sierra round 8
ChatterBot Kilo round 8
2024-10-14 22:29:39.302939 Alpha: We should add Charlie and Sierra
2024-10-14 22:29:39.333326 Yankee: Yes
2024-10-14 22:29:39.334484 Kilo: Yes
2024-10-14 22:29:39.334899 Mike: Yes
2024-10-14 22:29:39.335269 Uniform: Yes
2024-10-14 22:29:39.335671 Bravo: Yes
2024-10-14 22:29:39.336774 Quebec: Yes
ChatterBot Alpha reevaluating
ChatterBot Alpha reevaluating
ChatterBot Alpha reevaluating
ChatterBot Alpha reevaluating
ChatterBot Alpha reevaluating
ChatterBot Alpha reevaluating
