ChatterBot Quebec round 1
ChatterBot Tango round 1
ChatterBot Bravo round 1
ChatterBot Uniform round 1
ChatterBot Yankee round 1
ChatterBot Romeo round 1
ChatterBot India round 1
ChatterBot Lima round 1
ChatterBot Mike round 1
ChatterBot Echo round 1
randomSelections Quebec: {Quebec, Lima, Romeo, India, Uniform, Echo, Mike} 
2024-10-14 22:29:24.867494 Quebec: Group up?
ChatterBot Lima reevaluating
ChatterBot Romeo reevaluating
ChatterBot India reevaluating
ChatterBot Uniform reevaluating
ChatterBot Echo reevaluating
ChatterBot Mike reevaluating
2024-10-14 22:29:24.884054 Lima: Yes
2024-10-14 22:29:24.884267 Romeo: Yes
2024-10-14 22:29:24.884459 India: Yes
2024-10-14 22:29:24.884628 Uniform: Yes
2024-10-14 22:29:24.884796 Echo: Yes
2024-10-14 22:29:24.885057 Mike: Yes
ChatterBot Romeo reevaluating
ChatterBot India reevaluating
ChatterBot Uniform reevaluating
ChatterBot Echo reevaluating
ChatterBot Mike reevaluating
ChatterBot Lima reevaluating
ChatterBot India reevaluating
ChatterBot Uniform reevaluating
ChatterBot Echo reevaluating
ChatterBot Mike reevaluating
ChatterBot Lima reevaluating
ChatterBot Romeo reevaluating
ChatterBot Uniform reevaluating
ChatterBot Echo reevaluating
ChatterBot Mike reevaluating
ChatterBot Lima reevaluating
ChatterBot Romeo reevaluating
ChatterBot India reevaluating
ChatterBot Echo reevaluating
ChatterBot Mike reevaluating
ChatterBot Lima reevaluating
ChatterBot Romeo reevaluating
ChatterBot India reevaluating
ChatterBot Uniform reevaluating
ChatterBot Mike reevaluating
ChatterBot Lima reevaluating
ChatterBot Romeo reevaluating
ChatterBot India reevaluating
ChatterBot Uniform reevaluating
ChatterBot Echo reevaluating
randomSelections Tango: {Tango, Quebec, India, Mike, Bravo, Romeo, Uniform, Yankee} 
2024-10-14 22:29:24.998920 Tango: Let's form a team
ChatterBot India reevaluating
ChatterBot Mike reevaluating
ChatterBot Bravo reevaluating
ChatterBot Romeo reevaluating
ChatterBot Uniform reevaluating
ChatterBot Yankee reevaluating
2024-10-14 22:29:25.018245 Quebec: No
2024-10-14 22:29:25.018494 India: No
2024-10-14 22:29:25.019255 Mike: No
2024-10-14 22:29:25.019405 Bravo: Yes
2024-10-14 22:29:25.019532 Romeo: No
2024-10-14 22:29:25.019695 Uniform: No
2024-10-14 22:29:25.019853 Yankee: Yes
ChatterBot India reevaluating
ChatterBot Mike reevaluating
ChatterBot Bravo reevaluating
ChatterBot Romeo reevaluating
ChatterBot Uniform reevaluating
ChatterBot Yankee reevaluating
ChatterBot Mike reevaluating
ChatterBot Bravo reevaluating
ChatterBot Romeo reevaluating
ChatterBot Uniform reevaluating
ChatterBot Yankee reevaluating
ChatterBot India reevaluating
ChatterBot Bravo reevaluating
ChatterBot Romeo reevaluating
ChatterBot Uniform reevaluating
ChatterBot Yankee reevaluating
ChatterBot India reevaluating
ChatterBot Mike reevaluating
ChatterBot Romeo reevaluating
ChatterBot Uniform reevaluating
ChatterBot Yankee reevaluating
ChatterBot India reevaluating
ChatterBot Mike reevaluating
ChatterBot Bravo reevaluating
ChatterBot Uniform reevaluating
ChatterBot Yankee reevaluating
ChatterBot India reevaluating
ChatterBot Mike reevaluating
ChatterBot Bravo reevaluating
ChatterBot Romeo reevaluating
ChatterBot Yankee reevaluating
ChatterBot India reevaluating
ChatterBot Mike reevaluating
ChatterBot Bravo reevaluating
ChatterBot Romeo reevaluating
ChatterBot Uniform reevaluating
2024-10-14 22:29:25.237607 Tango: Quebec, sending you 1
2024-10-14 22:29:25.241139 Echo: Quebec and Romeo, sending you 3
2024-10-14 22:29:25.244139 Uniform: Quebec, sending you 5
2024-10-14 22:29:25.245440 Tango: Bravo, India and Mike, sending you 2
2024-10-14 22:29:25.245997 Quebec: Uniform, sending you 5
2024-10-14 22:29:25.247158 Lima: Quebec, sending you 1
2024-10-14 22:29:25.247834 Yankee: Quebec, sending you 3
2024-10-14 22:29:25.249028 India: Quebec, Uniform, Romeo and Mike, sending you 1
2024-10-14 22:29:25.249463 Echo: India, sending you 1
2024-10-14 22:29:25.250399 Romeo: Quebec, sending you 6
2024-10-14 22:29:25.250977 Bravo: Quebec and Uniform, sending you 1
2024-10-14 22:29:25.252189 Uniform: Romeo and India, sending you 1
2024-10-14 22:29:25.252732 Tango: Uniform, sending you 3
2024-10-14 22:29:25.254087 Quebec: Romeo and Echo, sending you 3
2024-10-14 22:29:25.254834 Lima: Uniform, Mike and Echo, sending you 4
2024-10-14 22:29:25.256014 Echo: Lima, sending you 2
2024-10-14 22:29:25.256589 Yankee: Tango, India and Mike, sending you 2
2024-10-14 22:29:25.257160 Mike: Uniform and Lima, sending you 5
2024-10-14 22:29:25.258250 Romeo: Uniform and Lima, sending you 1
2024-10-14 22:29:25.258754 Bravo: Tango and Romeo, sending you 5
2024-10-14 22:29:25.259917 Uniform: Lima, sending you 7
2024-10-14 22:29:25.260409 Tango: Yankee and Romeo, sending you 4
2024-10-14 22:29:25.260963 Echo: Mike, sending you 7
2024-10-14 22:29:25.262062 Quebec: India, Lima and Mike, sending you 2
2024-10-14 22:29:25.262511 Lima: India, sending you 3
2024-10-14 22:29:25.263660 Yankee: Bravo, sending you 5
2024-10-14 22:29:25.264177 Mike: Romeo, sending you 2
2024-10-14 22:29:25.264597 Romeo: India, sending you 2
2024-10-14 22:29:25.265735 Uniform: Mike and Echo, sending you 2
2024-10-14 22:29:25.266333 Bravo: India and Mike, sending you 2
2024-10-14 22:29:25.267648 Yankee: Uniform and Romeo, sending you 1
2024-10-14 22:29:25.268761 Mike: India, sending you 3
2024-10-14 22:29:25.269244 Romeo: Mike and Echo, sending you 3
2024-10-14 22:29:25.276196 Mike: Echo, sending you 1
chatterbot Echo submitting transactions
chatterbot Quebec submitting transactions
chatterbot Uniform submitting transactions
chatterbot Bravo submitting transactions
chatterbot Yankee submitting transactions
chatterbot Lima submitting transactions
chatterbot Tango submitting transactions
chatterbot Romeo submitting transactions
chatterbot Mike submitting transactions
chatterbot India submitting transactions
ChatterBot Quebec round 2
ChatterBot Tango round 2
ChatterBot Bravo round 2
ChatterBot Uniform round 2
ChatterBot Yankee round 2
ChatterBot Romeo round 2
ChatterBot India round 2
2024-10-14 22:29:31.464395 Tango: We would work well together
ChatterBot Bravo reevaluating
ChatterBot Yankee reevaluating
ChatterBot India reevaluating
2024-10-14 22:29:31.477663 Bravo: No
2024-10-14 22:29:31.477920 Yankee: Yes
2024-10-14 22:29:31.478119 India: No
ChatterBot Tango reevaluating
ChatterBot Yankee reevaluating
ChatterBot India reevaluating
ChatterBot Tango reevaluating
ChatterBot Bravo reevaluating
ChatterBot India reevaluating
ChatterBot Tango reevaluating
ChatterBot Bravo reevaluating
ChatterBot Yankee reevaluating
2024-10-14 22:29:31.544726 Yankee: Can we be friends?
ChatterBot Tango reevaluating
ChatterBot Bravo reevaluating
2024-10-14 22:29:31.622661 Tango: Yes
2024-10-14 22:29:31.625079 Bravo: Yes
ChatterBot Yankee reevaluating
ChatterBot Bravo reevaluating
ChatterBot Yankee reevaluating
ChatterBot Tango reevaluating
ChatterBot Lima round 2
ChatterBot Mike round 2
ChatterBot Echo round 2
2024-10-14 22:29:31.678103 Romeo: Group up?
ChatterBot Uniform reevaluating
ChatterBot Lima reevaluating
ChatterBot Mike reevaluating
ChatterBot Echo reevaluating
ChatterBot Tango reevaluating
ChatterBot Bravo reevaluating
ChatterBot Yankee reevaluating
2024-10-14 22:29:31.723461 Quebec: No
2024-10-14 22:29:31.723713 Uniform: No
2024-10-14 22:29:31.723889 Lima: No
2024-10-14 22:29:31.724464 Mike: No
2024-10-14 22:29:31.724639 Echo: No
2024-10-14 22:29:31.724826 Tango: No
2024-10-14 22:29:31.725006 Bravo: No
2024-10-14 22:29:31.725173 Yankee: No
ChatterBot Uniform reevaluating
ChatterBot Lima reevaluating
ChatterBot Mike reevaluating
ChatterBot Echo reevaluating
ChatterBot Tango reevaluating
ChatterBot Bravo reevaluating
ChatterBot Yankee reevaluating
ChatterBot Lima reevaluating
ChatterBot Mike reevaluating
ChatterBot Echo reevaluating
ChatterBot Tango reevaluating
ChatterBot Bravo reevaluating
ChatterBot Yankee reevaluating
ChatterBot Uniform reevaluating
ChatterBot Mike reevaluating
ChatterBot Echo reevaluating
ChatterBot Tango reevaluating
ChatterBot Bravo reevaluating
ChatterBot Yankee reevaluating
ChatterBot Uniform reevaluating
ChatterBot Lima reevaluating
ChatterBot Echo reevaluating
ChatterBot Tango reevaluating
ChatterBot Bravo reevaluating
ChatterBot Yankee reevaluating
ChatterBot Uniform reevaluating
ChatterBot Lima reevaluating
ChatterBot Mike reevaluating
ChatterBot Tango reevaluating
ChatterBot Bravo reevaluating
ChatterBot Yankee reevaluating
ChatterBot Uniform reevaluating
ChatterBot Lima reevaluating
ChatterBot Mike reevaluating
ChatterBot Echo reevaluating
ChatterBot Bravo reevaluating
ChatterBot Yankee reevaluating
ChatterBot Uniform reevaluating
ChatterBot Lima reevaluating
ChatterBot Mike reevaluating
ChatterBot Echo reevaluating
ChatterBot Tango reevaluating
ChatterBot Yankee reevaluating
ChatterBot Uniform reevaluating
ChatterBot Lima reevaluating
ChatterBot Mike reevaluating
ChatterBot Echo reevaluating
ChatterBot Tango reevaluating
ChatterBot Bravo reevaluating
2024-10-14 22:29:32.188394 Echo: We should drop India
ChatterBot Quebec reevaluating
ChatterBot Uniform reevaluating
ChatterBot Mike reevaluating
2024-10-14 22:29:32.206496 Quebec: Yes
2024-10-14 22:29:32.206702 Uniform: Yes
2024-10-14 22:29:32.206818 Romeo: Yes
2024-10-14 22:29:32.206927 Lima: No
2024-10-14 22:29:32.207031 Mike: Yes
ChatterBot Uniform reevaluating
ChatterBot Mike reevaluating
ChatterBot Quebec reevaluating
ChatterBot Mike reevaluating
ChatterBot Quebec reevaluating
ChatterBot Uniform reevaluating
ChatterBot Lima reevaluating
ChatterBot Mike reevaluating
ChatterBot Quebec reevaluating
ChatterBot Uniform reevaluating
ChatterBot Mike reevaluating
ChatterBot Quebec reevaluating
ChatterBot Uniform reevaluating
ChatterBot Lima reevaluating
2024-10-14 22:29:32.580803 Tango: Bravo and India, sending you 6
2024-10-14 22:29:32.581452 Romeo: Quebec, Mike and Echo, sending you 2
2024-10-14 22:29:32.582889 Yankee: Tango, sending you 14
2024-10-14 22:29:32.583487 Bravo: Tango, sending you 5
2024-10-14 22:29:32.583858 India: Quebec and Romeo, sending you 3
chatterbot Bravo submitting transactions
2024-10-14 22:29:32.585834 Tango: Yankee, sending you 5
2024-10-14 22:29:32.586797 Romeo: Tango, sending you 3
2024-10-14 22:29:32.587237 Yankee: Bravo and Romeo, sending you 1
2024-10-14 22:29:32.587968 Bravo: Yankee, sending you 11
2024-10-14 22:29:32.695389 Echo: Quebec, Uniform, Romeo and Mike, sending you 3
2024-10-14 22:29:32.696398 India: Uniform, sending you 2
2024-10-14 22:29:32.696864 Romeo: Bravo, sending you 5
chatterbot Romeo submitting transactions
chatterbot Mike submitting transactions
2024-10-14 22:29:32.784756 Echo: Lima, sending you 4
2024-10-14 22:29:32.785274 India: Lima and Mike, sending you 4
2024-10-14 22:29:32.785705 Romeo: Uniform and Yankee, sending you 1
chatterbot Yankee submitting transactions
chatterbot India submitting transactions
2024-10-14 22:29:32.819538 Uniform: Quebec, sending you 7
2024-10-14 22:29:32.820586 Mike: Quebec and Romeo, sending you 3
2024-10-14 22:29:32.820970 Quebec: Uniform, sending you 5
chatterbot Quebec submitting transactions
2024-10-14 22:29:32.844433 Uniform: Romeo, sending you 1
2024-10-14 22:29:32.845274 Quebec: Romeo, sending you 6
2024-10-14 22:29:32.845717 Lima: Quebec, Romeo and Echo, sending you 2
2024-10-14 22:29:32.845995 Mike: Uniform, sending you 2
chatterbot Quebec submitting transactions
2024-10-14 22:29:32.865151 Uniform: Lima, sending you 5
2024-10-14 22:29:32.866526 Mike: Lima, sending you 4
2024-10-14 22:29:32.867218 Quebec: Lima, sending you 2
2024-10-14 22:29:32.868514 Lima: Uniform, sending you 6
2024-10-14 22:29:32.881930 Uniform: Mike, sending you 6
2024-10-14 22:29:32.883094 Quebec: Mike, sending you 1
2024-10-14 22:29:32.883568 Mike: Echo, sending you 6
2024-10-14 22:29:32.884556 Lima: Mike, sending you 4
2024-10-14 22:29:32.890809 Quebec: Echo, sending you 3
chatterbot Lima submitting transactions
chatterbot Tango submitting transactions
chatterbot Echo submitting transactions
chatterbot Uniform submitting transactions
ChatterBot Quebec round 3
ChatterBot Tango round 3
ChatterBot Bravo round 3
ChatterBot Uniform round 3
2024-10-14 22:29:33.478285 Quebec: We should add India
ChatterBot Uniform reevaluating
ChatterBot Lima reevaluating
ChatterBot Mike reevaluating
2024-10-14 22:29:33.494060 Echo: No
2024-10-14 22:29:33.494232 Uniform: Yes
2024-10-14 22:29:33.494363 Romeo: No
2024-10-14 22:29:33.494510 Lima: Yes
2024-10-14 22:29:33.494639 Mike: Yes
ChatterBot Uniform reevaluating
ChatterBot Lima reevaluating
ChatterBot Mike reevaluating
ChatterBot Lima reevaluating
ChatterBot Mike reevaluating
ChatterBot Uniform reevaluating
ChatterBot Lima reevaluating
ChatterBot Mike reevaluating
ChatterBot Uniform reevaluating
ChatterBot Romeo reevaluating
ChatterBot Mike reevaluating
ChatterBot Uniform reevaluating
ChatterBot Romeo reevaluating
ChatterBot Lima reevaluating
ChatterBot Yankee round 3
ChatterBot Romeo round 3
ChatterBot India round 3
ChatterBot Lima round 3
2024-10-14 22:29:33.660475 Tango: We should replace India with Romeo
2024-10-14 22:29:33.664988 Yankee: Yes
2024-10-14 22:29:33.665185 Bravo: Yes
ChatterBot Mike round 3
ChatterBot Echo round 3
2024-10-14 22:29:33.676126 Quebec: India we want you to join our group
ChatterBot India reevaluating
2024-10-14 22:29:33.679511 India: No
ChatterBot Lima reevaluating
ChatterBot Romeo reevaluating
ChatterBot Uniform reevaluating
ChatterBot Echo reevaluating
ChatterBot Mike reevaluating
2024-10-14 22:29:33.696986 Echo: We should add India
2024-10-14 22:29:33.697852 Mike: We should add India
ChatterBot Uniform reevaluating
ChatterBot Romeo reevaluating
ChatterBot Lima reevaluating
ChatterBot Mike reevaluating
ChatterBot Echo reevaluating
2024-10-14 22:29:33.713996 Quebec: Yes
2024-10-14 22:29:33.715955 Uniform: Yes
ChatterBot Uniform reevaluating
2024-10-14 22:29:33.719253 Romeo: Yes
ChatterBot Romeo reevaluating
2024-10-14 22:29:33.722169 Lima: Yes
ChatterBot Lima reevaluating
2024-10-14 22:29:33.725150 Mike: Yes
2024-10-14 22:29:33.725329 Echo: Yes
2024-10-14 22:29:33.725523 Quebec: Yes
2024-10-14 22:29:33.725669 Uniform: Yes
2024-10-14 22:29:33.725856 Romeo: Yes
2024-10-14 22:29:33.725965 Lima: Yes
ChatterBot Echo reevaluating
ChatterBot Uniform reevaluating
ChatterBot Romeo reevaluating
ChatterBot Lima reevaluating
ChatterBot Mike reevaluating
ChatterBot Echo reevaluating
ChatterBot Romeo reevaluating
ChatterBot Lima reevaluating
ChatterBot Mike reevaluating
ChatterBot Echo reevaluating
ChatterBot Uniform reevaluating
ChatterBot Lima reevaluating
ChatterBot Mike reevaluating
ChatterBot Echo reevaluating
ChatterBot Uniform reevaluating
ChatterBot Romeo reevaluating
ChatterBot Mike reevaluating
ChatterBot Echo reevaluating
ChatterBot Uniform reevaluating
ChatterBot Romeo reevaluating
ChatterBot Lima reevaluating
ChatterBot Uniform reevaluating
ChatterBot Romeo reevaluating
ChatterBot Lima reevaluating
ChatterBot Mike reevaluating
ChatterBot Echo reevaluating
ChatterBot Uniform reevaluating
ChatterBot Romeo reevaluating
ChatterBot Lima reevaluating
ChatterBot Mike reevaluating
ChatterBot Echo reevaluating
ChatterBot Romeo reevaluating
ChatterBot Lima reevaluating
ChatterBot Mike reevaluating
ChatterBot Echo reevaluating
ChatterBot Uniform reevaluating
ChatterBot Lima reevaluating
ChatterBot Mike reevaluating
ChatterBot Echo reevaluating
ChatterBot Uniform reevaluating
ChatterBot Romeo reevaluating
ChatterBot Mike reevaluating
2024-10-14 22:29:33.904515 Tango: Romeo we want you to join our group
ChatterBot Romeo reevaluating
2024-10-14 22:29:33.908545 Romeo: No
2024-10-14 22:29:33.926757 Uniform: India we want you to join our group
2024-10-14 22:29:33.930359 India: No
ChatterBot Echo reevaluating
2024-10-14 22:29:33.948220 Lima: India we want you to join our group
2024-10-14 22:29:33.954492 India: No
ChatterBot Echo reevaluating
2024-10-14 22:29:33.984705 Mike: India we want you to join our group
2024-10-14 22:29:33.990664 India: No
2024-10-14 22:29:34.014949 Bravo: Tango, sending you 7
2024-10-14 22:29:34.027752 Quebec: Uniform, sending you 5
2024-10-14 22:29:34.028297 Bravo: Yankee, sending you 4
2024-10-14 22:29:34.029035 Tango: Bravo and Yankee, sending you 5
2024-10-14 22:29:34.029336 India: Tango, sending you 8
2024-10-14 22:29:34.029622 Yankee: Tango, sending you 6
2024-10-14 22:29:34.029873 Romeo: Quebec, sending you 5
2024-10-14 22:29:34.030767 Echo: India we want you to join our group
2024-10-14 22:29:34.035068 India: No
2024-10-14 22:29:34.057417 Tango: Romeo, sending you 6
2024-10-14 22:29:34.057752 India: Bravo and Yankee, sending you 3
2024-10-14 22:29:34.058678 Quebec: Romeo and Echo, sending you 3
2024-10-14 22:29:34.059150 Bravo: Romeo, sending you 5
2024-10-14 22:29:34.059430 Yankee: Bravo, sending you 8
2024-10-14 22:29:34.059759 Romeo: Uniform and Lima, sending you 1
2024-10-14 22:29:34.060746 Uniform: Quebec and Lima, sending you 5
2024-10-14 22:29:34.067946 Quebec: India, Lima and Mike, sending you 2
2024-10-14 22:29:34.069279 Lima: Quebec and India, sending you 2
2024-10-14 22:29:34.069926 Mike: Quebec, sending you 1
2024-10-14 22:29:34.071046 Yankee: Romeo, sending you 2
2024-10-14 22:29:34.071417 Uniform: Romeo, sending you 1
2024-10-14 22:29:34.071897 Romeo: India, Mike and Echo, sending you 3
2024-10-14 22:29:34.073212 Lima: Uniform and Mike, sending you 4
2024-10-14 22:29:34.077598 Mike: Uniform and Echo, sending you 4
2024-10-14 22:29:34.078235 Uniform: India and Echo, sending you 2
2024-10-14 22:29:34.079201 Lima: Romeo, sending you 1
2024-10-14 22:29:34.082745 Uniform: Mike, sending you 4
2024-10-14 22:29:34.083655 Mike: Romeo, India and Lima, sending you 3
2024-10-14 22:29:34.084090 Lima: Echo, sending you 3
2024-10-14 22:29:34.084515 Echo: Quebec, Romeo, Lima and Mike, sending you 3
2024-10-14 22:29:34.089906 Echo: Uniform and India, sending you 2
chatterbot Tango submitting transactions
chatterbot Yankee submitting transactions
chatterbot Uniform submitting transactions
chatterbot Quebec submitting transactions
chatterbot India submitting transactions
chatterbot Echo submitting transactions
chatterbot Bravo submitting transactions
chatterbot Romeo submitting transactions
chatterbot Lima submitting transactions
chatterbot Mike submitting transactions
ChatterBot Quebec round 4
ChatterBot Tango round 4
2024-10-14 22:29:35.056424 Tango: We should add India
ChatterBot Romeo reevaluating
2024-10-14 22:29:35.066125 Yankee: No
2024-10-14 22:29:35.066291 Bravo: No
2024-10-14 22:29:35.066422 Romeo: No
ChatterBot Tango reevaluating
ChatterBot Romeo reevaluating
ChatterBot Tango reevaluating
ChatterBot Romeo reevaluating
ChatterBot Tango reevaluating
ChatterBot Bravo round 4
ChatterBot Uniform round 4
ChatterBot Yankee round 4
ChatterBot Romeo round 4
ChatterBot India round 4
ChatterBot Lima round 4
ChatterBot Mike round 4
ChatterBot Echo round 4
2024-10-14 22:29:35.119760 Bravo: We should add India
ChatterBot Yankee reevaluating
ChatterBot Tango reevaluating
ChatterBot Romeo reevaluating
2024-10-14 22:29:35.133236 Yankee: Yes
2024-10-14 22:29:35.133412 Tango: No
2024-10-14 22:29:35.133571 Romeo: Yes
ChatterBot Tango reevaluating
ChatterBot Romeo reevaluating
ChatterBot Yankee reevaluating
ChatterBot Romeo reevaluating
ChatterBot Yankee reevaluating
ChatterBot Tango reevaluating
2024-10-14 22:29:35.209072 Bravo: India we want you to join our group
2024-10-14 22:29:35.213287 India: No
ChatterBot Tango reevaluating
ChatterBot Yankee reevaluating
2024-10-14 22:29:35.230326 Echo: We should drop India
2024-10-14 22:29:35.249631 Quebec: No
2024-10-14 22:29:35.249845 Uniform: No
2024-10-14 22:29:35.250032 Romeo: No
2024-10-14 22:29:35.250220 Lima: No
2024-10-14 22:29:35.250393 Mike: No
2024-10-14 22:29:35.343120 Quebec: Uniform, sending you 5
2024-10-14 22:29:35.343872 Tango: India we want you to join our group
2024-10-14 22:29:35.347938 India: No
ChatterBot Yankee reevaluating
2024-10-14 22:29:35.364119 Quebec: Romeo, sending you 4
2024-10-14 22:29:35.366669 Mike: Quebec and India, sending you 2
2024-10-14 22:29:35.367845 Lima: Quebec and India, sending you 2
2024-10-14 22:29:35.368567 Uniform: Quebec, sending you 6
2024-10-14 22:29:35.370058 Romeo: Quebec, sending you 4
2024-10-14 22:29:35.370927 Bravo: Tango and Yankee, sending you 6
2024-10-14 22:29:35.371306 India: Quebec, Romeo and Lima, sending you 3
2024-10-14 22:29:35.372471 Quebec: India, sending you 1
2024-10-14 22:29:35.373360 Mike: Uniform and Lima, sending you 4
2024-10-14 22:29:35.374583 Lima: Uniform and Mike, sending you 4
2024-10-14 22:29:35.375403 Yankee: India we want you to join our group
ChatterBot India reevaluating
2024-10-14 22:29:35.381769 India: Yes
ChatterBot Tango reevaluating
ChatterBot Yankee reevaluating
2024-10-14 22:29:35.402618 India: Friends?
2024-10-14 22:29:35.403195 Tango: We should replace Romeo with India
ChatterBot Tango reevaluating
ChatterBot Yankee reevaluating
2024-10-14 22:29:35.430319 Romeo: Yes
2024-10-14 22:29:35.430476 Quebec: No
2024-10-14 22:29:35.430975 Uniform: No
2024-10-14 22:29:35.431099 Lima: No
2024-10-14 22:29:35.431198 Mike: No
2024-10-14 22:29:35.431313 Echo: No
2024-10-14 22:29:35.431412 Tango: No
2024-10-14 22:29:35.431502 Bravo: No
2024-10-14 22:29:35.431606 Yankee: No
ChatterBot Yankee reevaluating
2024-10-14 22:29:35.437255 Yankee: No
2024-10-14 22:29:35.437386 Bravo: No
ChatterBot Tango reevaluating
ChatterBot Yankee reevaluating
ChatterBot India reevaluating
ChatterBot Echo reevaluating
ChatterBot Tango reevaluating
ChatterBot Yankee reevaluating
ChatterBot India reevaluating
ChatterBot Echo reevaluating
ChatterBot Tango reevaluating
ChatterBot Yankee reevaluating
ChatterBot India reevaluating
ChatterBot Echo reevaluating
ChatterBot Tango reevaluating
ChatterBot Yankee reevaluating
ChatterBot India reevaluating
ChatterBot Echo reevaluating
ChatterBot Tango reevaluating
ChatterBot Yankee reevaluating
ChatterBot India reevaluating
ChatterBot Tango reevaluating
ChatterBot Yankee reevaluating
ChatterBot India reevaluating
ChatterBot Echo reevaluating
ChatterBot Yankee reevaluating
ChatterBot India reevaluating
ChatterBot Echo reevaluating
ChatterBot Tango reevaluating
ChatterBot Yankee reevaluating
ChatterBot India reevaluating
ChatterBot Echo reevaluating
ChatterBot Tango reevaluating
ChatterBot India reevaluating
ChatterBot Tango reevaluating
ChatterBot Tango reevaluating
ChatterBot Yankee reevaluating
2024-10-14 22:29:35.852901 Uniform: Romeo and India, sending you 1
2024-10-14 22:29:35.855432 Bravo: Romeo and India, sending you 2
2024-10-14 22:29:35.856235 Romeo: Tango, Bravo, Mike and Echo, sending you 2
2024-10-14 22:29:35.858287 Quebec: Lima and Mike, sending you 2
2024-10-14 22:29:35.859598 Mike: Romeo and Echo, sending you 3
2024-10-14 22:29:35.860549 Lima: Romeo, sending you 1
chatterbot Bravo submitting transactions
2024-10-14 22:29:35.864059 Uniform: Lima, sending you 5
2024-10-14 22:29:35.865843 Romeo: Uniform, Yankee, India and Lima, sending you 1
2024-10-14 22:29:35.867800 Quebec: Echo, sending you 3
2024-10-14 22:29:35.869860 Lima: Echo, sending you 3
2024-10-14 22:29:35.871543 Uniform: Mike, sending you 4
2024-10-14 22:29:35.875715 Uniform: Echo, sending you 2
2024-10-14 22:29:35.894723 Tango: Sending you each 5
2024-10-14 22:29:35.896929 Yankee: Tango, sending you 6
2024-10-14 22:29:35.900678 Yankee: Bravo, sending you 7
2024-10-14 22:29:35.901755 Echo: Quebec, Uniform, Romeo and Lima, sending you 3
2024-10-14 22:29:35.904745 Yankee: Romeo, sending you 1
2024-10-14 22:29:35.907662 Echo: Mike, sending you 4
2024-10-14 22:29:35.909115 Yankee: India, sending you 2
chatterbot Mike submitting transactions
chatterbot Echo submitting transactions
chatterbot Tango submitting transactions
chatterbot Quebec submitting transactions
chatterbot Romeo submitting transactions
chatterbot Uniform submitting transactions
chatterbot Lima submitting transactions
chatterbot India submitting transactions
chatterbot Yankee submitting transactions
ChatterBot Quebec round 5
ChatterBot Tango round 5
ChatterBot Bravo round 5
ChatterBot Uniform round 5
ChatterBot Yankee round 5
ChatterBot Romeo round 5
ChatterBot India round 5
ChatterBot Lima round 5
ChatterBot Mike round 5
ChatterBot Echo round 5
2024-10-14 22:29:36.787120 Echo: We should add India
ChatterBot Romeo reevaluating
2024-10-14 22:29:36.803303 Quebec: Yes
2024-10-14 22:29:36.803539 Uniform: Yes
2024-10-14 22:29:36.803762 Romeo: Yes
2024-10-14 22:29:36.803957 Lima: Yes
2024-10-14 22:29:36.804102 Mike: Yes
ChatterBot Romeo reevaluating
ChatterBot Romeo reevaluating
ChatterBot Romeo reevaluating
ChatterBot Romeo reevaluating
2024-10-14 22:29:36.926239 Echo: India we want you to join our group
ChatterBot India reevaluating
2024-10-14 22:29:36.945300 India: No
ChatterBot Romeo reevaluating
2024-10-14 22:29:36.991476 Uniform: Quebec, sending you 6
2024-10-14 22:29:36.992471 Quebec: Uniform, sending you 5
2024-10-14 22:29:36.993951 Yankee: Tango and Bravo, sending you 7
2024-10-14 22:29:36.994462 Tango: Bravo and Yankee, sending you 5
2024-10-14 22:29:36.995568 Bravo: Tango, sending you 7
2024-10-14 22:29:36.995914 Mike: Quebec, sending you 2
2024-10-14 22:29:36.997647 Lima: Quebec and India, sending you 2
2024-10-14 22:29:36.999173 Uniform: Romeo and India, sending you 1
2024-10-14 22:29:37.000912 Quebec: Romeo, sending you 4
2024-10-14 22:29:37.002456 Yankee: India, sending you 2
2024-10-14 22:29:37.003148 Tango: India, sending you 6
2024-10-14 22:29:37.004070 Bravo: Yankee, sending you 8
2024-10-14 22:29:37.004794 Mike: Uniform, sending you 4
2024-10-14 22:29:37.006262 Lima: Uniform, sending you 5
2024-10-14 22:29:37.007080 Echo: Quebec, Uniform, Romeo, Lima and Mike, sending you 3
2024-10-14 22:29:37.008926 Quebec: India and Lima, sending you 2
2024-10-14 22:29:37.010242 Uniform: Lima, sending you 5
2024-10-14 22:29:37.011268 Bravo: India, sending you 1
2024-10-14 22:29:37.012276 Mike: Romeo, India, Lima and Echo, sending you 3
2024-10-14 22:29:37.013295 Lima: Romeo, sending you 1
2024-10-14 22:29:37.014974 Echo: India, sending you 1
2024-10-14 22:29:37.017307 Romeo: Quebec, sending you 5
2024-10-14 22:29:37.019419 Quebec: Mike, sending you 1
2024-10-14 22:29:37.020773 Uniform: Mike, sending you 4
2024-10-14 22:29:37.022293 Lima: Mike and Echo, sending you 3
2024-10-14 22:29:37.023702 Romeo: Uniform and Lima, sending you 1
2024-10-14 22:29:37.024264 Quebec: Echo, sending you 3
2024-10-14 22:29:37.026238 Uniform: Echo, sending you 2
2024-10-14 22:29:37.027648 Romeo: India, sending you 2
2024-10-14 22:29:37.084034 Romeo: Mike, sending you 4
2024-10-14 22:29:37.100518 Romeo: Echo, sending you 3
chatterbot Mike submitting transactions
chatterbot Tango submitting transactions
chatterbot Uniform submitting transactions
chatterbot Romeo submitting transactions
chatterbot India submitting transactions
chatterbot Echo submitting transactions
chatterbot Lima submitting transactions
chatterbot Yankee submitting transactions
chatterbot Bravo submitting transactions
chatterbot Quebec submitting transactions
ChatterBot Quebec round 6
ChatterBot Tango round 6
ChatterBot Bravo round 6
ChatterBot Uniform round 6
ChatterBot Yankee round 6
ChatterBot Romeo round 6
ChatterBot India round 6
ChatterBot Lima round 6
2024-10-14 22:29:37.996023 Yankee: We should add Romeo
ChatterBot Bravo reevaluating
ChatterBot India reevaluating
2024-10-14 22:29:38.006963 Tango: No
2024-10-14 22:29:38.007261 Bravo: Yes
2024-10-14 22:29:38.007546 India: Yes
ChatterBot Bravo reevaluating
ChatterBot India reevaluating
ChatterBot India reevaluating
ChatterBot Bravo reevaluating
ChatterBot Mike round 6
ChatterBot Echo round 6
2024-10-14 22:29:38.063407 Yankee: Romeo we want you to join our group
2024-10-14 22:29:38.068425 Romeo: No
ChatterBot Bravo reevaluating
ChatterBot India reevaluating
2024-10-14 22:29:38.093899 Echo: We should drop India
2024-10-14 22:29:38.116200 Quebec: No
2024-10-14 22:29:38.116426 Uniform: No
2024-10-14 22:29:38.116627 Romeo: No
2024-10-14 22:29:38.116845 Lima: No
2024-10-14 22:29:38.117063 Mike: No
ChatterBot Romeo reevaluating
ChatterBot Romeo reevaluating
ChatterBot Romeo reevaluating
ChatterBot Romeo reevaluating
2024-10-14 22:29:38.214364 Mike: Quebec and India, sending you 2
2024-10-14 22:29:38.217671 Tango: Bravo, sending you 5
2024-10-14 22:29:38.218692 Bravo: Tango and Yankee, sending you 7
2024-10-14 22:29:38.220182 Mike: Uniform, sending you 5
2024-10-14 22:29:38.221056 Yankee: Tango, sending you 6
2024-10-14 22:29:38.221445 Quebec: Uniform, sending you 5
2024-10-14 22:29:38.222396 Lima: Quebec, Romeo and India, sending you 2
2024-10-14 22:29:38.223736 Uniform: Quebec, sending you 6
2024-10-14 22:29:38.225663 Tango: Yankee, sending you 4
2024-10-14 22:29:38.226306 Bravo: India, sending you 2
2024-10-14 22:29:38.226701 Mike: Romeo, Lima and Echo, sending you 3
2024-10-14 22:29:38.227818 Yankee: Bravo, sending you 7
2024-10-14 22:29:38.228961 Quebec: Romeo, sending you 4
2024-10-14 22:29:38.229899 Lima: Uniform, sending you 4
2024-10-14 22:29:38.231143 Uniform: Romeo and India, sending you 1
2024-10-14 22:29:38.233021 Tango: India, sending you 6
2024-10-14 22:29:38.233640 Yankee: Romeo, sending you 1
2024-10-14 22:29:38.234340 Lima: Mike and Echo, sending you 3
2024-10-14 22:29:38.235370 Quebec: India, sending you 1
2024-10-14 22:29:38.237008 Echo: Quebec, Uniform, Romeo and Lima, sending you 3
2024-10-14 22:29:38.238277 Uniform: Lima, sending you 5
2024-10-14 22:29:38.240553 Yankee: India, sending you 2
2024-10-14 22:29:38.241264 Quebec: Lima and Mike, sending you 2
2024-10-14 22:29:38.242687 Echo: Mike, sending you 4
2024-10-14 22:29:38.244023 Uniform: Mike, sending you 4
2024-10-14 22:29:38.245450 Romeo: Quebec, sending you 5
2024-10-14 22:29:38.246876 Quebec: Echo, sending you 3
2024-10-14 22:29:38.248961 Uniform: Echo, sending you 2
2024-10-14 22:29:38.250068 Romeo: Uniform and Lima, sending you 1
2024-10-14 22:29:38.253658 Romeo: India, sending you 2
2024-10-14 22:29:38.256678 Romeo: Mike, sending you 4
2024-10-14 22:29:38.262663 Romeo: Echo, sending you 3
chatterbot Romeo submitting transactions
chatterbot Tango submitting transactions
chatterbot Lima submitting transactions
chatterbot Yankee submitting transactions
chatterbot Mike submitting transactions
chatterbot Uniform submitting transactions
chatterbot Echo submitting transactions
chatterbot Quebec submitting transactions
chatterbot India submitting transactions
chatterbot Bravo submitting transactions
ChatterBot Quebec round 7
ChatterBot Tango round 7
ChatterBot Bravo round 7
ChatterBot Uniform round 7
ChatterBot Yankee round 7
ChatterBot Romeo round 7
ChatterBot India round 7
ChatterBot Lima round 7
ChatterBot Mike round 7
ChatterBot Echo round 7
2024-10-14 22:29:39.479824 Quebec: Uniform, sending you 5
2024-10-14 22:29:39.483962 Bravo: Tango and Yankee, sending you 7
2024-10-14 22:29:39.485656 Tango: Bravo and Yankee, sending you 4
2024-10-14 22:29:39.487413 Uniform: Quebec, sending you 6
2024-10-14 22:29:39.490910 Quebec: Romeo, sending you 4
2024-10-14 22:29:39.495043 Bravo: India, sending you 2
2024-10-14 22:29:39.495779 Tango: India, sending you 6
2024-10-14 22:29:39.497335 Lima: Quebec, Romeo and India, sending you 2
2024-10-14 22:29:39.500590 Yankee: Tango, sending you 6
2024-10-14 22:29:39.501686 Romeo: Quebec, sending you 5
2024-10-14 22:29:39.504929 Uniform: Romeo and India, sending you 1
2024-10-14 22:29:39.508363 Echo: Quebec, Uniform, Romeo and Lima, sending you 3
2024-10-14 22:29:39.510092 Mike: Quebec and India, sending you 2
2024-10-14 22:29:39.513475 Quebec: India, sending you 1
2024-10-14 22:29:39.516828 Lima: Uniform, sending you 4
2024-10-14 22:29:39.518807 Yankee: Bravo, sending you 7
2024-10-14 22:29:39.520129 Romeo: Uniform, sending you 1
2024-10-14 22:29:39.521420 Uniform: Lima and Mike, sending you 4
2024-10-14 22:29:39.523287 Echo: Mike, sending you 4
2024-10-14 22:29:39.524046 Mike: Uniform, sending you 5
2024-10-14 22:29:39.525814 Quebec: Lima and Mike, sending you 2
2024-10-14 22:29:39.527330 Lima: Mike and Echo, sending you 3
2024-10-14 22:29:39.529280 Yankee: Romeo, sending you 1
2024-10-14 22:29:39.530090 Romeo: India and Lima, sending you 2
2024-10-14 22:29:39.531992 Uniform: Echo, sending you 3
2024-10-14 22:29:39.533782 Mike: Romeo, Lima and Echo, sending you 3
2024-10-14 22:29:39.535494 Quebec: Echo, sending you 3
2024-10-14 22:29:39.537100 Yankee: India, sending you 2
2024-10-14 22:29:39.537665 Romeo: Mike and Echo, sending you 3
chatterbot Yankee submitting transactions
chatterbot Bravo submitting transactions
chatterbot Lima submitting transactions
chatterbot Tango submitting transactions
chatterbot Mike submitting transactions
chatterbot Uniform submitting transactions
chatterbot Echo submitting transactions
chatterbot Quebec submitting transactions
chatterbot India submitting transactions
chatterbot Romeo submitting transactions
ChatterBot Quebec round 8
ChatterBot Tango round 8
ChatterBot Bravo round 8
ChatterBot Uniform round 8
ChatterBot Yankee round 8
ChatterBot Romeo round 8
ChatterBot India round 8
ChatterBot Lima round 8
ChatterBot Mike round 8
ChatterBot Echo round 8
2024-10-14 22:29:40.542749 Romeo: We should drop India
ChatterBot Quebec reevaluating
ChatterBot Uniform reevaluating
2024-10-14 22:29:40.573557 Echo: Yes
2024-10-14 22:29:40.573858 Quebec: Yes
2024-10-14 22:29:40.574766 Uniform: Yes
2024-10-14 22:29:40.574969 Lima: No
2024-10-14 22:29:40.575149 Mike: No
ChatterBot Quebec reevaluating
ChatterBot Uniform reevaluating
ChatterBot Mike reevaluating
ChatterBot Uniform reevaluating
ChatterBot Mike reevaluating
ChatterBot Quebec reevaluating
ChatterBot Mike reevaluating
ChatterBot Quebec reevaluating
ChatterBot Uniform reevaluating
ChatterBot Mike reevaluating
ChatterBot Quebec reevaluating
ChatterBot Uniform reevaluating
ChatterBot Lima reevaluating
2024-10-14 22:29:40.795706 Bravo: Tango, sending you 7
2024-10-14 22:29:40.796577 Tango: Bravo and Yankee, sending you 4
2024-10-14 22:29:40.798873 Bravo: Yankee, sending you 8
2024-10-14 22:29:40.801679 Tango: India, sending you 6
2024-10-14 22:29:40.802301 Echo: Quebec, Uniform, Romeo and Lima, sending you 3
2024-10-14 22:29:40.803981 Bravo: India, sending you 1
2024-10-14 22:29:40.805057 Yankee: Tango, sending you 6
2024-10-14 22:29:40.806691 Echo: Mike, sending you 4
2024-10-14 22:29:40.810670 Yankee: Bravo, sending you 7
2024-10-14 22:29:40.814677 Romeo: Quebec, sending you 5
2024-10-14 22:29:40.816992 Yankee: Romeo, sending you 1
2024-10-14 22:29:40.818938 Mike: Quebec, sending you 2
2024-10-14 22:29:40.821905 Romeo: Uniform and Lima, sending you 2
2024-10-14 22:29:40.825139 Yankee: India, sending you 2
2024-10-14 22:29:40.826452 Mike: Uniform, Romeo, Lima and Echo, sending you 4
2024-10-14 22:29:40.829765 Romeo: Mike, sending you 4
2024-10-14 22:29:40.832102 Lima: Quebec and Echo, sending you 3
2024-10-14 22:29:40.834109 Quebec: Uniform, sending you 6
2024-10-14 22:29:40.836308 Uniform: Quebec, sending you 6
2024-10-14 22:29:40.838681 Romeo: Echo, sending you 3
2024-10-14 22:29:40.841760 Lima: Uniform, sending you 5
2024-10-14 22:29:40.844172 Quebec: Romeo, sending you 4
2024-10-14 22:29:40.846134 Uniform: Lima and Mike, sending you 5
2024-10-14 22:29:40.848427 Lima: Romeo, sending you 1
2024-10-14 22:29:40.850370 Quebec: Lima and Mike, sending you 2
2024-10-14 22:29:40.853557 Uniform: Echo, sending you 3
2024-10-14 22:29:40.855551 Lima: Mike, sending you 4
2024-10-14 22:29:40.858471 Quebec: Echo, sending you 3
chatterbot Echo submitting transactions
chatterbot Tango submitting transactions
chatterbot Lima submitting transactions
chatterbot Uniform submitting transactions
chatterbot Romeo submitting transactions
chatterbot Mike submitting transactions
chatterbot India submitting transactions
chatterbot Bravo submitting transactions
chatterbot Yankee submitting transactions
chatterbot Quebec submitting transactions
ChatterBot Quebec round 9
ChatterBot Tango round 9
ChatterBot Bravo round 9
ChatterBot Uniform round 9
ChatterBot Yankee round 9
ChatterBot Romeo round 9
ChatterBot India round 9
ChatterBot Lima round 9
ChatterBot Mike round 9
ChatterBot Echo round 9
2024-10-14 22:29:41.774758 Tango: Bravo and Yankee, sending you 4
2024-10-14 22:29:41.775359 Uniform: Quebec, sending you 6
2024-10-14 22:29:41.776133 Quebec: Uniform, sending you 6
2024-10-14 22:29:41.777675 Yankee: Tango, sending you 6
2024-10-14 22:29:41.778691 Tango: India, sending you 5
2024-10-14 22:29:41.779428 Uniform: Romeo, sending you 1
2024-10-14 22:29:41.780679 Yankee: Bravo, sending you 7
2024-10-14 22:29:41.781669 Quebec: Romeo, sending you 4
2024-10-14 22:29:41.783670 Romeo: Quebec, sending you 6
2024-10-14 22:29:41.784301 Yankee: Romeo, sending you 1
2024-10-14 22:29:41.784691 Uniform: Lima, sending you 5
2024-10-14 22:29:41.785251 Quebec: Lima and Mike, sending you 2
2024-10-14 22:29:41.788667 Romeo: Uniform, sending you 1
2024-10-14 22:29:41.789254 Yankee: India, sending you 2
2024-10-14 22:29:41.789632 Bravo: Tango, sending you 6
2024-10-14 22:29:41.789966 Uniform: Mike, sending you 4
2024-10-14 22:29:41.790426 Quebec: Echo, sending you 3
2024-10-14 22:29:41.792704 Mike: Quebec, sending you 2
2024-10-14 22:29:41.793415 Romeo: Lima, sending you 2
2024-10-14 22:29:41.794096 Bravo: Yankee, sending you 8
2024-10-14 22:29:41.794483 Lima: Quebec and Echo, sending you 3
2024-10-14 22:29:41.795066 Uniform: Echo, sending you 3
2024-10-14 22:29:41.795678 Mike: Uniform, Romeo, Lima and Echo, sending you 4
2024-10-14 22:29:41.796818 Bravo: India, sending you 2
2024-10-14 22:29:41.798658 Romeo: Mike, sending you 4
2024-10-14 22:29:41.799176 Lima: Uniform, sending you 5
2024-10-14 22:29:41.799694 Echo: Quebec, Uniform, Romeo and Lima, sending you 3
2024-10-14 22:29:41.803648 Romeo: Echo, sending you 3
2024-10-14 22:29:41.804381 Lima: Romeo, sending you 1
2024-10-14 22:29:41.804981 Echo: Mike, sending you 4
2024-10-14 22:29:41.809662 Lima: Mike, sending you 4
chatterbot Romeo submitting transactions
chatterbot Tango submitting transactions
chatterbot Echo submitting transactions
chatterbot Lima submitting transactions
chatterbot Bravo submitting transactions
chatterbot Yankee submitting transactions
chatterbot Uniform submitting transactions
chatterbot Quebec submitting transactions
chatterbot India submitting transactions
chatterbot Mike submitting transactions
ChatterBot Quebec round 10
ChatterBot Tango round 10
ChatterBot Bravo round 10
ChatterBot Uniform round 10
ChatterBot Yankee round 10
ChatterBot Romeo round 10
ChatterBot India round 10
ChatterBot Lima round 10
ChatterBot Mike round 10
ChatterBot Echo round 10
2024-10-14 22:29:43.064661 Uniform: Quebec, sending you 6
2024-10-14 22:29:43.065938 Tango: Bravo and Yankee, sending you 4
2024-10-14 22:29:43.066425 Echo: Quebec, Uniform, Romeo and Lima, sending you 3
2024-10-14 22:29:43.068087 Bravo: Tango, sending you 6
2024-10-14 22:29:43.068633 Mike: Quebec, sending you 2
2024-10-14 22:29:43.069329 Yankee: Tango, sending you 5
2024-10-14 22:29:43.070668 Uniform: Romeo, sending you 1
2024-10-14 22:29:43.071442 Tango: India, sending you 5
2024-10-14 22:29:43.071794 Echo: Mike, sending you 4
2024-10-14 22:29:43.072847 Bravo: Yankee, sending you 8
2024-10-14 22:29:43.073205 Quebec: Uniform, sending you 5
2024-10-14 22:29:43.073932 Mike: Uniform, Romeo, Lima and Echo, sending you 4
2024-10-14 22:29:43.075592 Yankee: Bravo, sending you 7
2024-10-14 22:29:43.076112 Uniform: Lima, sending you 5
2024-10-14 22:29:43.077516 Bravo: India, sending you 2
2024-10-14 22:29:43.078095 Quebec: Romeo, sending you 4
2024-10-14 22:29:43.079350 Romeo: Quebec, sending you 6
2024-10-14 22:29:43.080822 Lima: Quebec and Echo, sending you 3
2024-10-14 22:29:43.082273 Yankee: Romeo, sending you 1
2024-10-14 22:29:43.082907 Uniform: Mike, sending you 4
2024-10-14 22:29:43.084550 Quebec: Lima and Echo, sending you 3
2024-10-14 22:29:43.085704 Romeo: Uniform, sending you 1
2024-10-14 22:29:43.087083 Lima: Uniform, sending you 5
