ChatterBot Papa round 1
ChatterBot Juliett round 1
ChatterBot Foxtrot round 1
ChatterBot Echo round 1
ChatterBot Bravo round 1
ChatterBot Romeo round 1
ChatterBot Lima round 1
ChatterBot Golf round 1
ChatterBot Sierra round 1
ChatterBot Uniform round 1
randomSelections Juliett: {Juliett, Uniform, Papa, Romeo, Sierra, Foxtrot, Lima} 
2024-10-14 22:29:24.917458 Juliett: Group up?
ChatterBot Uniform reevaluating
ChatterBot Papa reevaluating
ChatterBot Romeo reevaluating
ChatterBot Sierra reevaluating
ChatterBot Foxtrot reevaluating
ChatterBot Lima reevaluating
2024-10-14 22:29:24.934696 Uniform: Yes
2024-10-14 22:29:24.934858 Papa: Yes
2024-10-14 22:29:24.935002 Romeo: Yes
2024-10-14 22:29:24.935151 Sierra: Yes
2024-10-14 22:29:24.935270 Foxtrot: Yes
2024-10-14 22:29:24.935407 Lima: Yes
ChatterBot Papa reevaluating
ChatterBot Romeo reevaluating
ChatterBot Sierra reevaluating
ChatterBot Foxtrot reevaluating
ChatterBot Lima reevaluating
ChatterBot Uniform reevaluating
ChatterBot Romeo reevaluating
ChatterBot Sierra reevaluating
ChatterBot Foxtrot reevaluating
ChatterBot Lima reevaluating
ChatterBot Uniform reevaluating
ChatterBot Papa reevaluating
ChatterBot Sierra reevaluating
ChatterBot Foxtrot reevaluating
ChatterBot Lima reevaluating
ChatterBot Uniform reevaluating
ChatterBot Papa reevaluating
ChatterBot Romeo reevaluating
ChatterBot Foxtrot reevaluating
ChatterBot Lima reevaluating
ChatterBot Uniform reevaluating
ChatterBot Papa reevaluating
ChatterBot Romeo reevaluating
ChatterBot Sierra reevaluating
ChatterBot Lima reevaluating
ChatterBot Uniform reevaluating
ChatterBot Papa reevaluating
ChatterBot Romeo reevaluating
ChatterBot Sierra reevaluating
ChatterBot Foxtrot reevaluating
randomSelections Echo: {Echo, Bravo, Romeo, Papa, Foxtrot, Lima} 
2024-10-14 22:29:25.022248 Echo: Friends?
ChatterBot Bravo reevaluating
ChatterBot Romeo reevaluating
ChatterBot Papa reevaluating
ChatterBot Foxtrot reevaluating
ChatterBot Lima reevaluating
2024-10-14 22:29:25.033703 Bravo: Yes
2024-10-14 22:29:25.033849 Romeo: No
2024-10-14 22:29:25.033977 Papa: No
2024-10-14 22:29:25.034097 Foxtrot: No
2024-10-14 22:29:25.034209 Lima: No
ChatterBot Romeo reevaluating
ChatterBot Papa reevaluating
ChatterBot Foxtrot reevaluating
ChatterBot Lima reevaluating
ChatterBot Bravo reevaluating
ChatterBot Papa reevaluating
ChatterBot Foxtrot reevaluating
ChatterBot Lima reevaluating
ChatterBot Bravo reevaluating
ChatterBot Romeo reevaluating
ChatterBot Foxtrot reevaluating
ChatterBot Lima reevaluating
ChatterBot Bravo reevaluating
ChatterBot Romeo reevaluating
ChatterBot Papa reevaluating
ChatterBot Lima reevaluating
ChatterBot Bravo reevaluating
ChatterBot Romeo reevaluating
ChatterBot Papa reevaluating
ChatterBot Foxtrot reevaluating
randomSelections Golf: {Golf, Foxtrot, Sierra, Papa, Uniform, Juliett} 
2024-10-14 22:29:25.137715 Golf: Group up?
ChatterBot Foxtrot reevaluating
ChatterBot Sierra reevaluating
ChatterBot Papa reevaluating
ChatterBot Uniform reevaluating
2024-10-14 22:29:25.189712 Foxtrot: No
2024-10-14 22:29:25.190078 Sierra: No
2024-10-14 22:29:25.190239 Papa: No
2024-10-14 22:29:25.191439 Uniform: No
2024-10-14 22:29:25.192138 Juliett: No
ChatterBot Sierra reevaluating
ChatterBot Papa reevaluating
ChatterBot Uniform reevaluating
ChatterBot Foxtrot reevaluating
ChatterBot Papa reevaluating
ChatterBot Uniform reevaluating
ChatterBot Foxtrot reevaluating
ChatterBot Sierra reevaluating
ChatterBot Uniform reevaluating
ChatterBot Foxtrot reevaluating
ChatterBot Sierra reevaluating
ChatterBot Papa reevaluating
ChatterBot Foxtrot reevaluating
ChatterBot Sierra reevaluating
ChatterBot Papa reevaluating
ChatterBot Uniform reevaluating
2024-10-14 22:29:25.279849 Lima: Papa and Foxtrot, sending you 6
2024-10-14 22:29:25.281271 Golf: Papa, sending you 5
2024-10-14 22:29:25.282677 Foxtrot: Papa, sending you 5
2024-10-14 22:29:25.283557 Bravo: Papa, sending you 5
2024-10-14 22:29:25.284915 Echo: Papa, Foxtrot and Bravo, sending you 3
2024-10-14 22:29:25.286112 Papa: Juliett, sending you 3
2024-10-14 22:29:25.286810 Juliett: Papa and Sierra, sending you 2
2024-10-14 22:29:25.287980 Lima: Juliett and Sierra, sending you 2
2024-10-14 22:29:25.289382 Foxtrot: Juliett and Romeo, sending you 3
2024-10-14 22:29:25.290016 Golf: Juliett and Foxtrot, sending you 4
2024-10-14 22:29:25.291064 Bravo: Foxtrot, Romeo and Lima, sending you 2
2024-10-14 22:29:25.291725 Echo: Romeo, sending you 1
2024-10-14 22:29:25.292852 Sierra: Papa, sending you 3
2024-10-14 22:29:25.293914 Juliett: Foxtrot, sending you 1
2024-10-14 22:29:25.294458 Romeo: Papa, Lima and Uniform, sending you 2
2024-10-14 22:29:25.295544 Papa: Foxtrot and Lima, sending you 4
2024-10-14 22:29:25.296300 Uniform: Papa, sending you 4
2024-10-14 22:29:25.297760 Lima: Uniform, sending you 3
2024-10-14 22:29:25.299287 Foxtrot: Lima, sending you 1
2024-10-14 22:29:25.300741 Golf: Sierra, sending you 3
2024-10-14 22:29:25.301654 Bravo: Echo, sending you 4
2024-10-14 22:29:25.302809 Echo: Lima, sending you 5
2024-10-14 22:29:25.303464 Juliett: Romeo and Uniform, sending you 4
2024-10-14 22:29:25.305224 Sierra: Juliett, Foxtrot and Lima, sending you 1
2024-10-14 22:29:25.307352 Romeo: Juliett, sending you 1
2024-10-14 22:29:25.309021 Papa: Romeo, sending you 5
2024-10-14 22:29:25.310869 Uniform: Juliett, sending you 3
2024-10-14 22:29:25.312623 Golf: Uniform, sending you 2
2024-10-14 22:29:25.313380 Foxtrot: Sierra and Uniform, sending you 2
chatterbot Juliett submitting transactions
2024-10-14 22:29:25.315211 Juliett: Lima, sending you 3
2024-10-14 22:29:25.316761 Sierra: Romeo and Uniform, sending you 4
2024-10-14 22:29:25.317473 Romeo: Foxtrot, sending you 3
2024-10-14 22:29:25.318919 Papa: Sierra, sending you 2
2024-10-14 22:29:25.319706 Uniform: Foxtrot, sending you 5
2024-10-14 22:29:25.324631 Papa: Uniform, sending you 1
2024-10-14 22:29:25.326586 Romeo: Sierra, sending you 6
2024-10-14 22:29:25.328561 Uniform: Romeo, sending you 2
2024-10-14 22:29:25.333403 Uniform: Lima and Sierra, sending you 1
chatterbot Golf submitting transactions
chatterbot Echo submitting transactions
chatterbot Sierra submitting transactions
chatterbot Lima submitting transactions
chatterbot Foxtrot submitting transactions
chatterbot Romeo submitting transactions
chatterbot Bravo submitting transactions
chatterbot Uniform submitting transactions
chatterbot Papa submitting transactions
ChatterBot Papa round 2
ChatterBot Juliett round 2
ChatterBot Foxtrot round 2
ChatterBot Echo round 2
2024-10-14 22:29:26.764044 Papa: We should add Golf
ChatterBot Juliett reevaluating
ChatterBot Uniform reevaluating
ChatterBot Romeo reevaluating
ChatterBot Sierra reevaluating
ChatterBot Foxtrot reevaluating
ChatterBot Lima reevaluating
2024-10-14 22:29:26.820622 Juliett: Yes
2024-10-14 22:29:26.820936 Uniform: Yes
2024-10-14 22:29:26.821129 Romeo: No
2024-10-14 22:29:26.821860 Sierra: No
2024-10-14 22:29:26.822083 Foxtrot: No
2024-10-14 22:29:26.822305 Lima: No
ChatterBot Uniform reevaluating
ChatterBot Romeo reevaluating
ChatterBot Sierra reevaluating
ChatterBot Foxtrot reevaluating
ChatterBot Lima reevaluating
ChatterBot Juliett reevaluating
ChatterBot Romeo reevaluating
ChatterBot Sierra reevaluating
ChatterBot Foxtrot reevaluating
ChatterBot Lima reevaluating
ChatterBot Juliett reevaluating
ChatterBot Uniform reevaluating
ChatterBot Sierra reevaluating
ChatterBot Foxtrot reevaluating
ChatterBot Lima reevaluating
ChatterBot Juliett reevaluating
ChatterBot Uniform reevaluating
ChatterBot Romeo reevaluating
ChatterBot Foxtrot reevaluating
ChatterBot Lima reevaluating
ChatterBot Juliett reevaluating
ChatterBot Uniform reevaluating
ChatterBot Romeo reevaluating
ChatterBot Sierra reevaluating
ChatterBot Lima reevaluating
ChatterBot Juliett reevaluating
ChatterBot Uniform reevaluating
ChatterBot Romeo reevaluating
ChatterBot Sierra reevaluating
ChatterBot Foxtrot reevaluating
ChatterBot Bravo round 2
ChatterBot Romeo round 2
ChatterBot Lima round 2
ChatterBot Golf round 2
ChatterBot Sierra round 2
ChatterBot Uniform round 2
2024-10-14 22:29:27.330820 Echo: Can we be friends?
ChatterBot Bravo reevaluating
2024-10-14 22:29:27.337168 Bravo: Yes
ChatterBot Echo reevaluating
2024-10-14 22:29:27.344320 Bravo: Group up?
ChatterBot Echo reevaluating
ChatterBot Golf reevaluating
2024-10-14 22:29:27.356139 Echo: No
2024-10-14 22:29:27.356324 Golf: Yes
ChatterBot Bravo reevaluating
ChatterBot Golf reevaluating
ChatterBot Bravo reevaluating
ChatterBot Echo reevaluating
2024-10-14 22:29:27.379312 Golf: We should group up
ChatterBot Bravo reevaluating
ChatterBot Echo reevaluating
2024-10-14 22:29:27.391267 Bravo: Yes
2024-10-14 22:29:27.391473 Echo: Yes
ChatterBot Echo reevaluating
ChatterBot Golf reevaluating
ChatterBot Bravo reevaluating
ChatterBot Golf reevaluating
2024-10-14 22:29:27.421938 Papa: Golf we want you to join our group
ChatterBot Golf reevaluating
2024-10-14 22:29:27.427954 Golf: No
ChatterBot Juliett reevaluating
ChatterBot Foxtrot reevaluating
ChatterBot Romeo reevaluating
ChatterBot Lima reevaluating
ChatterBot Sierra reevaluating
ChatterBot Uniform reevaluating
2024-10-14 22:29:27.465556 Sierra: We should add Golf
2024-10-14 22:29:27.465890 Uniform: We should add Golf
ChatterBot Juliett reevaluating
ChatterBot Uniform reevaluating
ChatterBot Romeo reevaluating
ChatterBot Foxtrot reevaluating
ChatterBot Lima reevaluating
2024-10-14 22:29:27.485086 Juliett: Yes
ChatterBot Juliett reevaluating
2024-10-14 22:29:27.488400 Uniform: Yes
2024-10-14 22:29:27.488534 Papa: Yes
2024-10-14 22:29:27.491377 Romeo: No
ChatterBot Romeo reevaluating
ChatterBot Sierra reevaluating
2024-10-14 22:29:27.497598 Foxtrot: No
ChatterBot Foxtrot reevaluating
2024-10-14 22:29:27.501301 Lima: No
ChatterBot Lima reevaluating
2024-10-14 22:29:27.504588 Juliett: Yes
2024-10-14 22:29:27.504757 Papa: Yes
2024-10-14 22:29:27.504876 Romeo: No
2024-10-14 22:29:27.505385 Sierra: Yes
2024-10-14 22:29:27.505485 Foxtrot: No
2024-10-14 22:29:27.505579 Lima: No
ChatterBot Uniform reevaluating
ChatterBot Romeo reevaluating
ChatterBot Sierra reevaluating
ChatterBot Foxtrot reevaluating
ChatterBot Lima reevaluating
ChatterBot Juliett reevaluating
ChatterBot Romeo reevaluating
ChatterBot Sierra reevaluating
ChatterBot Foxtrot reevaluating
ChatterBot Lima reevaluating
ChatterBot Juliett reevaluating
ChatterBot Uniform reevaluating
ChatterBot Romeo reevaluating
ChatterBot Sierra reevaluating
ChatterBot Foxtrot reevaluating
ChatterBot Lima reevaluating
ChatterBot Juliett reevaluating
ChatterBot Uniform reevaluating
ChatterBot Sierra reevaluating
ChatterBot Foxtrot reevaluating
ChatterBot Lima reevaluating
ChatterBot Juliett reevaluating
ChatterBot Uniform reevaluating
ChatterBot Romeo reevaluating
ChatterBot Sierra reevaluating
ChatterBot Lima reevaluating
ChatterBot Juliett reevaluating
ChatterBot Uniform reevaluating
ChatterBot Romeo reevaluating
ChatterBot Sierra reevaluating
ChatterBot Foxtrot reevaluating
ChatterBot Uniform reevaluating
ChatterBot Romeo reevaluating
ChatterBot Sierra reevaluating
ChatterBot Foxtrot reevaluating
ChatterBot Lima reevaluating
ChatterBot Juliett reevaluating
ChatterBot Uniform reevaluating
ChatterBot Romeo reevaluating
ChatterBot Sierra reevaluating
ChatterBot Foxtrot reevaluating
ChatterBot Lima reevaluating
ChatterBot Juliett reevaluating
ChatterBot Uniform reevaluating
ChatterBot Sierra reevaluating
ChatterBot Foxtrot reevaluating
ChatterBot Lima reevaluating
ChatterBot Juliett reevaluating
ChatterBot Uniform reevaluating
ChatterBot Romeo reevaluating
ChatterBot Foxtrot reevaluating
ChatterBot Lima reevaluating
ChatterBot Juliett reevaluating
ChatterBot Uniform reevaluating
ChatterBot Romeo reevaluating
ChatterBot Sierra reevaluating
ChatterBot Lima reevaluating
ChatterBot Juliett reevaluating
ChatterBot Uniform reevaluating
ChatterBot Romeo reevaluating
ChatterBot Sierra reevaluating
ChatterBot Foxtrot reevaluating
2024-10-14 22:29:28.029840 Juliett: Golf we want you to join our group
2024-10-14 22:29:28.036421 Golf: No
ChatterBot Uniform reevaluating
2024-10-14 22:29:28.069189 Sierra: Golf we want you to join our group
2024-10-14 22:29:28.074572 Golf: No
ChatterBot Uniform reevaluating
2024-10-14 22:29:28.644755 Foxtrot: Papa, sending you 3
2024-10-14 22:29:28.645780 Romeo: Papa, sending you 5
2024-10-14 22:29:28.646171 Echo: Sending you 6
2024-10-14 22:29:28.646377 Bravo: Echo, sending you 9
2024-10-14 22:29:28.647064 Papa: Juliett and Romeo, sending you 1
2024-10-14 22:29:28.647313 Golf: Echo, sending you 7
2024-10-14 22:29:28.647500 Lima: Papa and Juliett, sending you 4
2024-10-14 22:29:28.647836 Uniform: Golf we want you to join our group
2024-10-14 22:29:28.650870 Golf: No
ChatterBot Uniform reevaluating
chatterbot Echo submitting transactions
2024-10-14 22:29:28.671147 Romeo: Juliett, Foxtrot and Sierra, sending you 3
2024-10-14 22:29:28.671610 Bravo: Golf, sending you 3
2024-10-14 22:29:28.672285 Foxtrot: Juliett and Sierra, sending you 1
2024-10-14 22:29:28.672671 Golf: Bravo, sending you 6
2024-10-14 22:29:28.672875 Papa: Foxtrot, Lima and Golf, sending you 4
2024-10-14 22:29:28.673230 Lima: Foxtrot, Romeo and Sierra, sending you 3
2024-10-14 22:29:28.674066 Sierra: Papa, Juliett, Foxtrot and Lima, sending you 2
2024-10-14 22:29:28.674354 Romeo: Uniform, sending you 2
2024-10-14 22:29:29.063295 Juliett: Papa, Foxtrot, Golf and Uniform, sending you 3
2024-10-14 22:29:29.063950 Foxtrot: Romeo, sending you 2
2024-10-14 22:29:29.065236 Papa: Sierra, sending you 2
2024-10-14 22:29:29.065960 Lima: Uniform, sending you 2
2024-10-14 22:29:29.067421 Sierra: Romeo, sending you 5
chatterbot Bravo submitting transactions
chatterbot Golf submitting transactions
chatterbot Lima submitting transactions
chatterbot Juliett submitting transactions
chatterbot Papa submitting transactions
2024-10-14 22:29:29.069177 Juliett: Romeo and Sierra, sending you 1
2024-10-14 22:29:29.070394 Foxtrot: Lima, sending you 5
2024-10-14 22:29:29.172631 Papa: Uniform, sending you 3
2024-10-14 22:29:29.173849 Sierra: Golf, sending you 3
2024-10-14 22:29:29.174684 Juliett: Lima, sending you 2
2024-10-14 22:29:29.175970 Foxtrot: Uniform, sending you 4
2024-10-14 22:29:29.247886 Sierra: Uniform, sending you 1
2024-10-14 22:29:29.282771 Uniform: Papa, Foxtrot, Romeo, Lima and Golf, sending you 2
chatterbot Sierra submitting transactions
2024-10-14 22:29:29.311849 Uniform: Juliett and Sierra, sending you 3
chatterbot Foxtrot submitting transactions
chatterbot Romeo submitting transactions
chatterbot Uniform submitting transactions
ChatterBot Papa round 3
ChatterBot Juliett round 3
ChatterBot Foxtrot round 3
ChatterBot Echo round 3
ChatterBot Bravo round 3
ChatterBot Romeo round 3
ChatterBot Lima round 3
ChatterBot Golf round 3
ChatterBot Sierra round 3
ChatterBot Uniform round 3
2024-10-14 22:29:30.173213 Foxtrot: We should add Golf
ChatterBot Juliett reevaluating
ChatterBot Uniform reevaluating
ChatterBot Papa reevaluating
ChatterBot Sierra reevaluating
2024-10-14 22:29:30.205394 Juliett: No
2024-10-14 22:29:30.205729 Uniform: No
2024-10-14 22:29:30.206637 Papa: Yes
2024-10-14 22:29:30.206876 Romeo: No
2024-10-14 22:29:30.207066 Sierra: Yes
2024-10-14 22:29:30.207292 Lima: No
ChatterBot Uniform reevaluating
ChatterBot Papa reevaluating
ChatterBot Sierra reevaluating
ChatterBot Foxtrot reevaluating
ChatterBot Juliett reevaluating
ChatterBot Papa reevaluating
ChatterBot Sierra reevaluating
ChatterBot Foxtrot reevaluating
ChatterBot Juliett reevaluating
ChatterBot Uniform reevaluating
ChatterBot Sierra reevaluating
ChatterBot Foxtrot reevaluating
ChatterBot Juliett reevaluating
ChatterBot Uniform reevaluating
ChatterBot Papa reevaluating
ChatterBot Sierra reevaluating
ChatterBot Foxtrot reevaluating
ChatterBot Juliett reevaluating
ChatterBot Uniform reevaluating
ChatterBot Papa reevaluating
ChatterBot Foxtrot reevaluating
ChatterBot Juliett reevaluating
ChatterBot Uniform reevaluating
ChatterBot Papa reevaluating
ChatterBot Sierra reevaluating
ChatterBot Foxtrot reevaluating
2024-10-14 22:29:30.447664 Echo: We should add Golf
2024-10-14 22:29:30.451999 Bravo: Yes
2024-10-14 22:29:30.472914 Papa: We should drop Golf
ChatterBot Juliett reevaluating
ChatterBot Foxtrot reevaluating
2024-10-14 22:29:30.499879 Juliett: Yes
2024-10-14 22:29:30.500222 Uniform: Yes
2024-10-14 22:29:30.500502 Romeo: Yes
2024-10-14 22:29:30.500744 Sierra: Yes
2024-10-14 22:29:30.501370 Foxtrot: Yes
2024-10-14 22:29:30.501569 Lima: Yes
ChatterBot Foxtrot reevaluating
ChatterBot Juliett reevaluating
ChatterBot Foxtrot reevaluating
ChatterBot Juliett reevaluating
ChatterBot Foxtrot reevaluating
ChatterBot Juliett reevaluating
ChatterBot Foxtrot reevaluating
ChatterBot Juliett reevaluating
ChatterBot Juliett reevaluating
ChatterBot Foxtrot reevaluating
2024-10-14 22:29:30.760538 Echo: Golf we want you to join our group
2024-10-14 22:29:30.765927 Golf: No
2024-10-14 22:29:30.974342 Lima: Papa and Foxtrot, sending you 4
2024-10-14 22:29:30.977836 Golf: Papa, sending you 7
chatterbot Romeo submitting transactions
2024-10-14 22:29:31.068032 Lima: Juliett, Sierra and Uniform, sending you 3
2024-10-14 22:29:31.068639 Romeo: Papa and Foxtrot, sending you 3
2024-10-14 22:29:31.069486 Golf: Juliett and Sierra, sending you 4
2024-10-14 22:29:31.069919 Echo: Sending you each 5
2024-10-14 22:29:31.070161 Papa: Juliett and Sierra, sending you 2
2024-10-14 22:29:31.071174 Foxtrot: Papa, sending you 4
2024-10-14 22:29:31.071678 Bravo: Echo, sending you 9
2024-10-14 22:29:31.072430 Lima: Romeo, sending you 2
2024-10-14 22:29:31.110424 Romeo: Juliett, Lima and Uniform, sending you 2
2024-10-14 22:29:31.111432 Uniform: Papa, Juliett, Foxtrot, Lima and Sierra, sending you 3
2024-10-14 22:29:31.111983 Papa: Foxtrot, Romeo and Lima, sending you 4
2024-10-14 22:29:31.113138 Golf: Uniform, sending you 3
2024-10-14 22:29:31.113553 Foxtrot: Juliett, sending you 2
2024-10-14 22:29:31.114488 Bravo: Golf, sending you 6
2024-10-14 22:29:31.114751 Juliett: Papa, Foxtrot and Romeo, sending you 3
2024-10-14 22:29:31.115212 Sierra: Papa, Lima and Uniform, sending you 3
2024-10-14 22:29:31.116374 Romeo: Sierra, sending you 4
2024-10-14 22:29:31.116876 Uniform: Romeo, sending you 1
2024-10-14 22:29:31.117755 Papa: Uniform, sending you 3
2024-10-14 22:29:31.150530 Foxtrot: Romeo, Lima and Uniform, sending you 3
2024-10-14 22:29:31.151297 Juliett: Lima and Uniform, sending you 4
2024-10-14 22:29:31.152505 Sierra: Juliett and Foxtrot, sending you 2
chatterbot Bravo submitting transactions
chatterbot Golf submitting transactions
2024-10-14 22:29:31.174511 Foxtrot: Sierra, sending you 1
2024-10-14 22:29:31.175341 Juliett: Sierra, sending you 1
2024-10-14 22:29:31.176956 Sierra: Romeo, sending you 4
chatterbot Papa submitting transactions
chatterbot Sierra submitting transactions
chatterbot Lima submitting transactions
chatterbot Echo submitting transactions
chatterbot Foxtrot submitting transactions
chatterbot Uniform submitting transactions
chatterbot Juliett submitting transactions
ChatterBot Papa round 4
ChatterBot Juliett round 4
ChatterBot Foxtrot round 4
ChatterBot Echo round 4
ChatterBot Bravo round 4
ChatterBot Romeo round 4
ChatterBot Lima round 4
ChatterBot Golf round 4
ChatterBot Sierra round 4
ChatterBot Uniform round 4
2024-10-14 22:29:32.589679 Papa: Juliett and Sierra, sending you 2
2024-10-14 22:29:32.591768 Juliett: Papa, Foxtrot and Romeo, sending you 3
2024-10-14 22:29:32.703108 Juliett: Lima and Uniform, sending you 4
2024-10-14 22:29:32.704820 Uniform: Papa, Juliett, Foxtrot, Lima and Sierra, sending you 3
2024-10-14 22:29:32.706384 Romeo: Papa and Foxtrot, sending you 3
2024-10-14 22:29:32.707859 Golf: Echo, sending you 7
2024-10-14 22:29:32.708380 Papa: Foxtrot, sending you 4
2024-10-14 22:29:32.709942 Lima: Papa, sending you 4
2024-10-14 22:29:32.711448 Foxtrot: Papa, sending you 4
2024-10-14 22:29:32.713029 Echo: Bravo, sending you 5
2024-10-14 22:29:32.713675 Sierra: Papa, Lima and Uniform, sending you 3
2024-10-14 22:29:32.715282 Bravo: Echo, sending you 10
chatterbot Uniform submitting transactions
2024-10-14 22:29:32.716258 Juliett: Sierra, sending you 1
2024-10-14 22:29:32.717118 Romeo: Juliett, Lima and Uniform, sending you 2
2024-10-14 22:29:32.731418 Uniform: Romeo, sending you 1
2024-10-14 22:29:32.733874 Golf: Bravo, sending you 6
2024-10-14 22:29:32.735624 Papa: Romeo and Uniform, sending you 3
2024-10-14 22:29:32.738478 Lima: Juliett, Foxtrot, Romeo, Sierra and Uniform, sending you 3
2024-10-14 22:29:32.740863 Foxtrot: Juliett, sending you 2
2024-10-14 22:29:32.743388 Echo: Golf, sending you 4
2024-10-14 22:29:32.744704 Sierra: Juliett and Foxtrot, sending you 2
2024-10-14 22:29:32.748167 Bravo: Golf, sending you 5
2024-10-14 22:29:32.748873 Romeo: Sierra, sending you 4
2024-10-14 22:29:32.751960 Papa: Lima, sending you 5
2024-10-14 22:29:32.753357 Foxtrot: Romeo, Lima and Uniform, sending you 3
2024-10-14 22:29:32.754885 Sierra: Romeo, sending you 4
2024-10-14 22:29:32.804121 Foxtrot: Sierra, sending you 1
chatterbot Sierra submitting transactions
chatterbot Juliett submitting transactions
chatterbot Lima submitting transactions
chatterbot Echo submitting transactions
chatterbot Papa submitting transactions
chatterbot Foxtrot submitting transactions
chatterbot Golf submitting transactions
chatterbot Bravo submitting transactions
chatterbot Romeo submitting transactions
ChatterBot Papa round 5
ChatterBot Juliett round 5
ChatterBot Foxtrot round 5
ChatterBot Echo round 5
ChatterBot Bravo round 5
ChatterBot Romeo round 5
ChatterBot Lima round 5
ChatterBot Golf round 5
ChatterBot Sierra round 5
ChatterBot Uniform round 5
2024-10-14 22:29:33.617690 Papa: Juliett, Romeo and Uniform, sending you 3
2024-10-14 22:29:33.618763 Bravo: Echo, sending you 9
2024-10-14 22:29:33.619141 Juliett: Papa, Foxtrot and Romeo, sending you 3
2024-10-14 22:29:33.621672 Foxtrot: Papa, sending you 4
2024-10-14 22:29:33.622648 Papa: Foxtrot and Lima, sending you 4
2024-10-14 22:29:33.626829 Bravo: Golf, sending you 6
2024-10-14 22:29:33.627198 Juliett: Lima and Uniform, sending you 4
2024-10-14 22:29:33.631485 Foxtrot: Juliett, sending you 2
2024-10-14 22:29:33.632425 Papa: Sierra, sending you 2
2024-10-14 22:29:33.634429 Lima: Papa, sending you 4
2024-10-14 22:29:33.635674 Romeo: Papa, Juliett and Foxtrot, sending you 3
2024-10-14 22:29:33.638019 Juliett: Sierra, sending you 1
2024-10-14 22:29:33.639337 Sierra: Papa, Lima and Uniform, sending you 3
2024-10-14 22:29:33.641423 Foxtrot: Romeo, Lima and Uniform, sending you 3
2024-10-14 22:29:33.642986 Golf: Echo, sending you 5
2024-10-14 22:29:33.644301 Lima: Juliett, Foxtrot, Romeo, Sierra and Uniform, sending you 3
2024-10-14 22:29:33.645269 Romeo: Lima, sending you 2
2024-10-14 22:29:33.646316 Echo: Bravo, sending you 4
2024-10-14 22:29:33.647324 Uniform: Papa, Juliett, Foxtrot, Lima and Sierra, sending you 3
2024-10-14 22:29:33.648220 Sierra: Juliett and Foxtrot, sending you 2
2024-10-14 22:29:33.649026 Foxtrot: Sierra, sending you 1
2024-10-14 22:29:33.650658 Golf: Bravo, sending you 6
2024-10-14 22:29:33.651318 Romeo: Sierra, sending you 4
2024-10-14 22:29:33.652146 Echo: Golf, sending you 5
2024-10-14 22:29:33.652512 Uniform: Romeo, sending you 1
2024-10-14 22:29:33.653968 Sierra: Romeo, sending you 4
2024-10-14 22:29:33.656060 Romeo: Uniform, sending you 1
chatterbot Juliett submitting transactions
chatterbot Golf submitting transactions
chatterbot Echo submitting transactions
chatterbot Bravo submitting transactions
chatterbot Papa submitting transactions
chatterbot Lima submitting transactions
chatterbot Uniform submitting transactions
chatterbot Sierra submitting transactions
chatterbot Foxtrot submitting transactions
chatterbot Romeo submitting transactions
ChatterBot Papa round 6
ChatterBot Juliett round 6
ChatterBot Foxtrot round 6
ChatterBot Echo round 6
ChatterBot Bravo round 6
ChatterBot Romeo round 6
ChatterBot Lima round 6
ChatterBot Golf round 6
ChatterBot Sierra round 6
ChatterBot Uniform round 6
2024-10-14 22:29:34.832540 Foxtrot: We should drop Sierra
2024-10-14 22:29:34.858001 Papa: No
2024-10-14 22:29:34.858827 Juliett: No
2024-10-14 22:29:34.859024 Romeo: No
2024-10-14 22:29:34.859260 Lima: No
2024-10-14 22:29:34.859476 Uniform: No
ChatterBot Foxtrot reevaluating
ChatterBot Foxtrot reevaluating
ChatterBot Foxtrot reevaluating
ChatterBot Foxtrot reevaluating
2024-10-14 22:29:34.983690 Romeo: We should drop Uniform
ChatterBot Foxtrot reevaluating
2024-10-14 22:29:35.003636 Papa: No
2024-10-14 22:29:35.003815 Juliett: No
2024-10-14 22:29:35.004310 Foxtrot: No
2024-10-14 22:29:35.004498 Lima: No
2024-10-14 22:29:35.004649 Sierra: No
ChatterBot Foxtrot reevaluating
ChatterBot Foxtrot reevaluating
ChatterBot Romeo reevaluating
ChatterBot Romeo reevaluating
ChatterBot Foxtrot reevaluating
ChatterBot Romeo reevaluating
ChatterBot Foxtrot reevaluating
2024-10-14 22:29:35.101271 Foxtrot: We should drop Romeo
2024-10-14 22:29:35.117275 Papa: No
2024-10-14 22:29:35.117441 Juliett: No
2024-10-14 22:29:35.117570 Lima: No
2024-10-14 22:29:35.117697 Sierra: No
2024-10-14 22:29:35.117822 Uniform: No
ChatterBot Foxtrot reevaluating
ChatterBot Foxtrot reevaluating
ChatterBot Uniform reevaluating
ChatterBot Foxtrot reevaluating
ChatterBot Uniform reevaluating
ChatterBot Foxtrot reevaluating
ChatterBot Uniform reevaluating
ChatterBot Foxtrot reevaluating
2024-10-14 22:29:35.190452 Lima: I was attacked by Golf
ChatterBot Juliett reevaluating
ChatterBot Uniform reevaluating
ChatterBot Papa reevaluating
ChatterBot Romeo reevaluating
ChatterBot Sierra reevaluating
ChatterBot Foxtrot reevaluating
2024-10-14 22:29:35.217088 Lima: Ow
2024-10-14 22:29:35.219112 Golf: Echo, sending you 6
2024-10-14 22:29:35.219448 Echo: Bravo, sending you 4
2024-10-14 22:29:35.220318 Bravo: Echo, sending you 8
2024-10-14 22:29:35.224194 Foxtrot: We should drop Juliett
ChatterBot Papa reevaluating
ChatterBot Romeo reevaluating
ChatterBot Sierra reevaluating
ChatterBot Uniform reevaluating
2024-10-14 22:29:35.249865 Papa: No
2024-10-14 22:29:35.250085 Romeo: No
2024-10-14 22:29:35.250314 Lima: No
2024-10-14 22:29:35.250518 Sierra: No
2024-10-14 22:29:35.251219 Uniform: No
ChatterBot Foxtrot reevaluating
ChatterBot Romeo reevaluating
ChatterBot Sierra reevaluating
ChatterBot Uniform reevaluating
ChatterBot Foxtrot reevaluating
ChatterBot Papa reevaluating
ChatterBot Sierra reevaluating
ChatterBot Uniform reevaluating
ChatterBot Foxtrot reevaluating
ChatterBot Papa reevaluating
ChatterBot Romeo reevaluating
ChatterBot Sierra reevaluating
ChatterBot Uniform reevaluating
ChatterBot Foxtrot reevaluating
ChatterBot Papa reevaluating
ChatterBot Romeo reevaluating
ChatterBot Uniform reevaluating
ChatterBot Foxtrot reevaluating
ChatterBot Papa reevaluating
ChatterBot Romeo reevaluating
ChatterBot Sierra reevaluating
2024-10-14 22:29:35.331240 Golf: Bravo, sending you 5
2024-10-14 22:29:35.331586 Echo: Golf, sending you 5
2024-10-14 22:29:35.331892 Bravo: Golf, sending you 7
chatterbot Echo submitting transactions
2024-10-14 22:29:35.336243 Romeo: We should drop Foxtrot
ChatterBot Papa reevaluating
ChatterBot Juliett reevaluating
2024-10-14 22:29:35.354724 Papa: No
2024-10-14 22:29:35.354940 Juliett: No
2024-10-14 22:29:35.355119 Lima: No
2024-10-14 22:29:35.355803 Sierra: No
2024-10-14 22:29:35.355971 Uniform: Yes
ChatterBot Juliett reevaluating
ChatterBot Romeo reevaluating
ChatterBot Papa reevaluating
ChatterBot Romeo reevaluating
ChatterBot Papa reevaluating
ChatterBot Juliett reevaluating
ChatterBot Romeo reevaluating
ChatterBot Papa reevaluating
ChatterBot Juliett reevaluating
ChatterBot Uniform reevaluating
ChatterBot Romeo reevaluating
ChatterBot Papa reevaluating
ChatterBot Juliett reevaluating
chatterbot Lima submitting transactions
chatterbot Papa submitting transactions
2024-10-14 22:29:35.454685 Uniform: Papa, Juliett, Foxtrot, Lima and Sierra, sending you 3
2024-10-14 22:29:35.456377 Foxtrot: Papa, sending you 4
2024-10-14 22:29:35.459799 Uniform: Romeo, sending you 1
2024-10-14 22:29:35.460846 Foxtrot: Juliett, Romeo, Lima and Uniform, sending you 3
chatterbot Golf submitting transactions
chatterbot Sierra submitting transactions
chatterbot Juliett submitting transactions
chatterbot Papa submitting transactions
chatterbot Romeo submitting transactions
chatterbot Foxtrot submitting transactions
chatterbot Bravo submitting transactions
chatterbot Juliett submitting transactions
chatterbot Uniform submitting transactions
ChatterBot Papa round 7
ChatterBot Juliett round 7
ChatterBot Foxtrot round 7
ChatterBot Echo round 7
ChatterBot Bravo round 7
ChatterBot Romeo round 7
ChatterBot Lima round 7
ChatterBot Golf round 7
ChatterBot Sierra round 7
2024-10-14 22:29:36.298143 Foxtrot: We should replace Lima with Sierra
ChatterBot Papa reevaluating
ChatterBot Romeo reevaluating
ChatterBot Uniform reevaluating
2024-10-14 22:29:36.316540 Papa: No
2024-10-14 22:29:36.316732 Juliett: No
2024-10-14 22:29:36.316903 Romeo: Yes
2024-10-14 22:29:36.317068 Uniform: Yes
ChatterBot Romeo reevaluating
ChatterBot Uniform reevaluating
ChatterBot Papa reevaluating
ChatterBot Romeo reevaluating
ChatterBot Uniform reevaluating
ChatterBot Papa reevaluating
ChatterBot Uniform reevaluating
ChatterBot Papa reevaluating
ChatterBot Romeo reevaluating
ChatterBot Uniform round 7
2024-10-14 22:29:36.431633 Foxtrot: Sierra we want you to join our group
2024-10-14 22:29:36.435106 Sierra: Yes
ChatterBot Papa reevaluating
ChatterBot Romeo reevaluating
ChatterBot Uniform reevaluating
2024-10-14 22:29:36.468635 Romeo: We should drop Lima
2024-10-14 22:29:36.492028 Foxtrot: Yes
2024-10-14 22:29:36.492268 Papa: No
2024-10-14 22:29:36.492433 Juliett: No
2024-10-14 22:29:36.492582 Sierra: No
2024-10-14 22:29:36.493186 Uniform: Yes
ChatterBot Sierra reevaluating
ChatterBot Sierra reevaluating
ChatterBot Romeo reevaluating
ChatterBot Sierra reevaluating
ChatterBot Romeo reevaluating
ChatterBot Romeo reevaluating
ChatterBot Sierra reevaluating
2024-10-14 22:29:36.674847 Golf: I was attacked by Lima and Sierra
ChatterBot Bravo reevaluating
ChatterBot Echo reevaluating
2024-10-14 22:29:36.742760 Golf: Ow
2024-10-14 22:29:36.759024 Lima: Papa, Juliett and Foxtrot, sending you 1
2024-10-14 22:29:36.761019 Foxtrot: Papa, sending you 4
2024-10-14 22:29:36.769452 Foxtrot: Juliett, Romeo and Sierra, sending you 2
2024-10-14 22:29:36.785482 Foxtrot: Uniform, sending you 3
2024-10-14 22:29:36.795582 Uniform: Papa, Foxtrot, Romeo and Sierra, sending you 3
2024-10-14 22:29:36.797084 Bravo: Echo, sending you 8
2024-10-14 22:29:36.809926 Bravo: Golf, sending you 7
2024-10-14 22:29:36.810967 Uniform: Juliett, sending you 4
chatterbot Golf submitting transactions
chatterbot Sierra submitting transactions
chatterbot Juliett submitting transactions
chatterbot Papa submitting transactions
chatterbot Romeo submitting transactions
chatterbot Foxtrot submitting transactions
chatterbot Uniform submitting transactions
chatterbot Lima submitting transactions
chatterbot Echo submitting transactions
chatterbot Bravo submitting transactions
ChatterBot Papa round 8
ChatterBot Juliett round 8
ChatterBot Foxtrot round 8
ChatterBot Echo round 8
ChatterBot Bravo round 8
ChatterBot Romeo round 8
ChatterBot Lima round 8
ChatterBot Golf round 8
ChatterBot Sierra round 8
ChatterBot Uniform round 8
2024-10-14 22:29:37.879959 Romeo: We should drop Lima
ChatterBot Uniform reevaluating
2024-10-14 22:29:37.908109 Foxtrot: Yes
2024-10-14 22:29:37.908487 Papa: No
2024-10-14 22:29:37.908727 Juliett: No
2024-10-14 22:29:37.908973 Sierra: No
2024-10-14 22:29:37.909784 Uniform: No
ChatterBot Uniform reevaluating
ChatterBot Uniform reevaluating
ChatterBot Sierra reevaluating
ChatterBot Uniform reevaluating
ChatterBot Uniform reevaluating
ChatterBot Sierra reevaluating
2024-10-14 22:29:38.031686 Echo: Same as last round
2024-10-14 22:29:38.032467 Lima: Papa and Juliett, sending you 2
2024-10-14 22:29:38.034685 Foxtrot: Papa and Uniform, sending you 4
2024-10-14 22:29:38.036141 Bravo: Echo, sending you 9
2024-10-14 22:29:38.038680 Lima: Foxtrot, Romeo, Sierra and Uniform, sending you 1
2024-10-14 22:29:38.052129 Foxtrot: Juliett and Romeo, sending you 3
2024-10-14 22:29:38.053458 Golf: I was attacked by Foxtrot
ChatterBot Bravo reevaluating
ChatterBot Echo reevaluating
2024-10-14 22:29:38.061466 Golf: I'm keeping this round to protect myself
2024-10-14 22:29:38.063041 Golf: Ow
2024-10-14 22:29:38.064413 Foxtrot: Sierra, sending you 2
2024-10-14 22:29:38.066686 Uniform: Papa, Foxtrot, Romeo and Sierra, sending you 3
2024-10-14 22:29:38.070689 Uniform: Juliett, sending you 4
chatterbot Foxtrot submitting transactions
chatterbot Juliett submitting transactions
chatterbot Uniform submitting transactions
chatterbot Echo submitting transactions
chatterbot Golf submitting transactions
chatterbot Sierra submitting transactions
chatterbot Lima submitting transactions
chatterbot Papa submitting transactions
chatterbot Bravo submitting transactions
chatterbot Romeo submitting transactions
ChatterBot Papa round 9
ChatterBot Juliett round 9
ChatterBot Foxtrot round 9
ChatterBot Echo round 9
ChatterBot Bravo round 9
ChatterBot Romeo round 9
ChatterBot Lima round 9
ChatterBot Golf round 9
ChatterBot Sierra round 9
ChatterBot Uniform round 9
2024-10-14 22:29:39.288567 Romeo: We should drop Lima
ChatterBot Foxtrot reevaluating
ChatterBot Sierra reevaluating
ChatterBot Uniform reevaluating
2024-10-14 22:29:39.311396 Foxtrot: No
2024-10-14 22:29:39.312273 Papa: No
2024-10-14 22:29:39.312707 Juliett: No
2024-10-14 22:29:39.313217 Sierra: No
2024-10-14 22:29:39.314067 Uniform: No
ChatterBot Sierra reevaluating
ChatterBot Uniform reevaluating
ChatterBot Foxtrot reevaluating
ChatterBot Romeo reevaluating
ChatterBot Sierra reevaluating
ChatterBot Uniform reevaluating
ChatterBot Foxtrot reevaluating
ChatterBot Romeo reevaluating
ChatterBot Sierra reevaluating
ChatterBot Uniform reevaluating
ChatterBot Foxtrot reevaluating
ChatterBot Romeo reevaluating
ChatterBot Uniform reevaluating
ChatterBot Foxtrot reevaluating
ChatterBot Romeo reevaluating
ChatterBot Sierra reevaluating
2024-10-14 22:29:39.493189 Lima: We should drop Foxtrot
ChatterBot Romeo reevaluating
ChatterBot Sierra reevaluating
ChatterBot Uniform reevaluating
2024-10-14 22:29:39.527851 Romeo: No
2024-10-14 22:29:39.528056 Papa: No
2024-10-14 22:29:39.528211 Juliett: No
2024-10-14 22:29:39.528370 Sierra: No
2024-10-14 22:29:39.529062 Uniform: No
ChatterBot Lima reevaluating
ChatterBot Sierra reevaluating
ChatterBot Uniform reevaluating
ChatterBot Romeo reevaluating
ChatterBot Lima reevaluating
ChatterBot Sierra reevaluating
ChatterBot Uniform reevaluating
ChatterBot Romeo reevaluating
ChatterBot Lima reevaluating
ChatterBot Sierra reevaluating
ChatterBot Uniform reevaluating
ChatterBot Romeo reevaluating
ChatterBot Lima reevaluating
ChatterBot Uniform reevaluating
ChatterBot Romeo reevaluating
ChatterBot Lima reevaluating
ChatterBot Sierra reevaluating
2024-10-14 22:29:39.669675 Echo: Bravo, sending you 4
2024-10-14 22:29:39.670921 Bravo: Echo, sending you 9
2024-10-14 22:29:39.673699 Echo: Golf, sending you 5
2024-10-14 22:29:39.674938 Foxtrot: Lima we want you to join our group
ChatterBot Lima reevaluating
2024-10-14 22:29:39.680179 Lima: Yes
ChatterBot Foxtrot reevaluating
ChatterBot Romeo reevaluating
ChatterBot Uniform reevaluating
2024-10-14 22:29:39.696934 Foxtrot: We should replace Romeo with Lima
2024-10-14 22:29:39.697174 Uniform: We should replace Papa with Lima
ChatterBot Uniform reevaluating
ChatterBot Romeo reevaluating
ChatterBot Foxtrot reevaluating
2024-10-14 22:29:39.721582 Papa: No
2024-10-14 22:29:39.721767 Juliett: No
2024-10-14 22:29:39.725721 Sierra: No
2024-10-14 22:29:39.730198 Uniform: No
2024-10-14 22:29:39.730602 Romeo: Yes
2024-10-14 22:29:39.730784 Foxtrot: Yes
2024-10-14 22:29:39.730951 Juliett: No
2024-10-14 22:29:39.731092 Sierra: No
ChatterBot Foxtrot reevaluating
ChatterBot Uniform reevaluating
ChatterBot Foxtrot reevaluating
ChatterBot Uniform reevaluating
ChatterBot Romeo reevaluating
ChatterBot Foxtrot reevaluating
ChatterBot Uniform reevaluating
ChatterBot Romeo reevaluating
ChatterBot Foxtrot reevaluating
ChatterBot Romeo reevaluating
ChatterBot Foxtrot reevaluating
ChatterBot Uniform reevaluating
ChatterBot Uniform reevaluating
ChatterBot Foxtrot reevaluating
ChatterBot Uniform reevaluating
ChatterBot Foxtrot reevaluating
ChatterBot Uniform reevaluating
2024-10-14 22:29:39.850035 Bravo: Golf, sending you 6
2024-10-14 22:29:39.855743 Uniform: Lima we want you to join our group
ChatterBot Lima reevaluating
2024-10-14 22:29:39.861496 Lima: Yes
ChatterBot Foxtrot reevaluating
ChatterBot Romeo reevaluating
2024-10-14 22:29:39.883896 Romeo: We should drop Papa
ChatterBot Lima reevaluating
2024-10-14 22:29:39.909594 Foxtrot: Yes
2024-10-14 22:29:39.909779 Juliett: No
2024-10-14 22:29:39.909910 Lima: No
2024-10-14 22:29:39.910045 Sierra: No
2024-10-14 22:29:39.910163 Uniform: Yes
ChatterBot Romeo reevaluating
ChatterBot Lima reevaluating
ChatterBot Romeo reevaluating
ChatterBot Lima reevaluating
ChatterBot Romeo reevaluating
ChatterBot Romeo reevaluating
ChatterBot Lima reevaluating
ChatterBot Foxtrot reevaluating
ChatterBot Romeo reevaluating
ChatterBot Lima reevaluating
2024-10-14 22:29:39.998125 Uniform: Juliett, sending you 4
2024-10-14 22:29:40.004316 Uniform: Foxtrot, Romeo, Lima and Sierra, sending you 3
2024-10-14 22:29:40.010682 Lima: Papa and Juliett, sending you 4
2024-10-14 22:29:40.017674 Lima: Foxtrot, Sierra and Uniform, sending you 3
2024-10-14 22:29:40.021683 Lima: Romeo, sending you 2
2024-10-14 22:29:40.025099 Foxtrot: Papa and Uniform, sending you 4
chatterbot Bravo submitting transactions
2024-10-14 22:29:40.028685 Foxtrot: Juliett and Lima, sending you 3
2024-10-14 22:29:40.034147 Foxtrot: Sierra, sending you 2
chatterbot Sierra submitting transactions
chatterbot Uniform submitting transactions
chatterbot Echo submitting transactions
chatterbot Lima submitting transactions
chatterbot Papa submitting transactions
chatterbot Golf submitting transactions
chatterbot Juliett submitting transactions
chatterbot Romeo submitting transactions
chatterbot Foxtrot submitting transactions
ChatterBot Papa round 10
ChatterBot Juliett round 10
ChatterBot Foxtrot round 10
ChatterBot Echo round 10
ChatterBot Bravo round 10
ChatterBot Romeo round 10
ChatterBot Lima round 10
ChatterBot Golf round 10
ChatterBot Sierra round 10
ChatterBot Uniform round 10
2024-10-14 22:29:40.845372 Foxtrot: We should replace Papa with Romeo
2024-10-14 22:29:40.862947 Juliett: No
2024-10-14 22:29:40.863289 Lima: No
2024-10-14 22:29:40.864149 Sierra: No
2024-10-14 22:29:40.864467 Uniform: Yes
2024-10-14 22:29:40.958594 Foxtrot: Romeo we want you to join our group
ChatterBot Romeo reevaluating
2024-10-14 22:29:40.963995 Romeo: Yes
2024-10-14 22:29:40.989681 Echo: Bravo, sending you 3
2024-10-14 22:29:40.991924 Bravo: Echo, sending you 10
2024-10-14 22:29:40.995175 Romeo: We should drop Papa
2024-10-14 22:29:41.025090 Foxtrot: Yes
2024-10-14 22:29:41.025331 Juliett: No
2024-10-14 22:29:41.025525 Lima: No
2024-10-14 22:29:41.025760 Sierra: No
2024-10-14 22:29:41.026005 Uniform: Yes
ChatterBot Romeo reevaluating
ChatterBot Romeo reevaluating
ChatterBot Romeo reevaluating
ChatterBot Romeo reevaluating
ChatterBot Romeo reevaluating
2024-10-14 22:29:41.143704 Echo: Golf, sending you 4
2024-10-14 22:29:41.144952 Bravo: Golf, sending you 5
2024-10-14 22:29:41.148065 Lima: Papa, Foxtrot, Romeo, Sierra and Uniform, sending you 3
2024-10-14 22:29:41.151454 Foxtrot: Juliett and Lima, sending you 3
2024-10-14 22:29:41.154464 Golf: Sending you each 3
2024-10-14 22:29:41.155097 Uniform: Juliett, Romeo, Lima and Sierra, sending you 3
2024-10-14 22:29:41.157937 Lima: Juliett, sending you 4
2024-10-14 22:29:41.161792 Foxtrot: Romeo and Uniform, sending you 4
2024-10-14 22:29:41.164108 Uniform: Foxtrot, sending you 4
2024-10-14 22:29:41.168665 Foxtrot: Sierra, sending you 2
