ChatterBot Kilo round 1
ChatterBot Sierra round 1
ChatterBot Lima round 1
ChatterBot Victor round 1
ChatterBot Bravo round 1
ChatterBot Tango round 1
ChatterBot Golf round 1
ChatterBot Uniform round 1
ChatterBot Quebec round 1
ChatterBot Mike round 1
randomSelections Golf: {Golf, Kilo, Bravo, Sierra, Mike, Victor} 
2024-10-14 22:29:24.475094 Golf: Let's form a team
ChatterBot Kilo reevaluating
ChatterBot Bravo reevaluating
ChatterBot Sierra reevaluating
ChatterBot Mike reevaluating
ChatterBot Victor reevaluating
2024-10-14 22:29:24.503037 Kilo: Yes
2024-10-14 22:29:24.503252 Bravo: Yes
2024-10-14 22:29:24.503399 Sierra: Yes
2024-10-14 22:29:24.503535 Mike: Yes
2024-10-14 22:29:24.503700 Victor: Yes
ChatterBot Bravo reevaluating
ChatterBot Sierra reevaluating
ChatterBot Mike reevaluating
ChatterBot Victor reevaluating
ChatterBot Kilo reevaluating
ChatterBot Sierra reevaluating
ChatterBot Mike reevaluating
ChatterBot Victor reevaluating
ChatterBot Kilo reevaluating
ChatterBot Bravo reevaluating
ChatterBot Mike reevaluating
ChatterBot Victor reevaluating
ChatterBot Kilo reevaluating
ChatterBot Bravo reevaluating
ChatterBot Sierra reevaluating
ChatterBot Victor reevaluating
ChatterBot Kilo reevaluating
ChatterBot Bravo reevaluating
ChatterBot Sierra reevaluating
ChatterBot Mike reevaluating
randomSelections Tango: {Tango, Victor, Kilo, Mike, Golf, Quebec} 
2024-10-14 22:29:24.666158 Tango: We should group up
ChatterBot Victor reevaluating
ChatterBot Kilo reevaluating
ChatterBot Mike reevaluating
ChatterBot Quebec reevaluating
2024-10-14 22:29:24.678362 Victor: No
2024-10-14 22:29:24.678743 Kilo: No
2024-10-14 22:29:24.679527 Mike: No
2024-10-14 22:29:24.679715 Golf: No
2024-10-14 22:29:24.679943 Quebec: Yes
ChatterBot Kilo reevaluating
ChatterBot Mike reevaluating
ChatterBot Quebec reevaluating
ChatterBot Victor reevaluating
ChatterBot Mike reevaluating
ChatterBot Quebec reevaluating
ChatterBot Victor reevaluating
ChatterBot Kilo reevaluating
ChatterBot Quebec reevaluating
ChatterBot Victor reevaluating
ChatterBot Kilo reevaluating
ChatterBot Mike reevaluating
ChatterBot Quebec reevaluating
ChatterBot Victor reevaluating
ChatterBot Kilo reevaluating
ChatterBot Mike reevaluating
randomSelections Uniform: {Uniform, Tango, Bravo, Golf, Quebec, Sierra, Lima, Victor} 
2024-10-14 22:29:24.744636 Uniform: Can we be friends?
ChatterBot Bravo reevaluating
ChatterBot Quebec reevaluating
ChatterBot Sierra reevaluating
ChatterBot Lima reevaluating
ChatterBot Victor reevaluating
2024-10-14 22:29:24.762115 Tango: No
2024-10-14 22:29:24.762321 Bravo: No
2024-10-14 22:29:24.762701 Golf: No
2024-10-14 22:29:24.763435 Quebec: No
2024-10-14 22:29:24.763712 Sierra: No
2024-10-14 22:29:24.764004 Lima: Yes
2024-10-14 22:29:24.764192 Victor: No
ChatterBot Bravo reevaluating
ChatterBot Quebec reevaluating
ChatterBot Sierra reevaluating
ChatterBot Lima reevaluating
ChatterBot Victor reevaluating
ChatterBot Quebec reevaluating
ChatterBot Sierra reevaluating
ChatterBot Lima reevaluating
ChatterBot Victor reevaluating
ChatterBot Bravo reevaluating
ChatterBot Quebec reevaluating
ChatterBot Sierra reevaluating
ChatterBot Lima reevaluating
ChatterBot Victor reevaluating
ChatterBot Bravo reevaluating
ChatterBot Sierra reevaluating
ChatterBot Lima reevaluating
ChatterBot Victor reevaluating
ChatterBot Bravo reevaluating
ChatterBot Quebec reevaluating
ChatterBot Lima reevaluating
ChatterBot Victor reevaluating
ChatterBot Bravo reevaluating
ChatterBot Quebec reevaluating
ChatterBot Sierra reevaluating
ChatterBot Victor reevaluating
ChatterBot Bravo reevaluating
ChatterBot Quebec reevaluating
ChatterBot Sierra reevaluating
ChatterBot Lima reevaluating
2024-10-14 22:29:24.872972 Tango: Kilo, sending you 5
2024-10-14 22:29:24.873533 Quebec: Kilo and Mike, sending you 2
2024-10-14 22:29:24.875689 Victor: Kilo, sending you 6
2024-10-14 22:29:24.876213 Uniform: Sierra, Golf and Quebec, sending you 1
2024-10-14 22:29:24.876762 Tango: Victor and Mike, sending you 2
2024-10-14 22:29:24.877766 Golf: Sierra, sending you 2
2024-10-14 22:29:24.880381 Victor: Sierra and Mike, sending you 3
2024-10-14 22:29:24.880876 Bravo: Kilo and Golf, sending you 1
2024-10-14 22:29:24.881261 Sierra: Kilo, Bravo and Mike, sending you 4
2024-10-14 22:29:24.882267 Quebec: Victor and Golf, sending you 5
2024-10-14 22:29:24.882695 Uniform: Lima, sending you 5
2024-10-14 22:29:24.883110 Tango: Golf and Quebec, sending you 3
2024-10-14 22:29:24.884106 Golf: Victor, sending you 1
2024-10-14 22:29:24.884571 Mike: Sierra and Golf, sending you 2
2024-10-14 22:29:24.885086 Victor: Bravo, sending you 5
2024-10-14 22:29:24.886200 Bravo: Sierra, sending you 2
2024-10-14 22:29:24.886583 Sierra: Victor, sending you 3
2024-10-14 22:29:24.887044 Kilo: Sierra, sending you 4
2024-10-14 22:29:24.888222 Quebec: Tango, sending you 4
2024-10-14 22:29:24.888680 Uniform: Victor, sending you 4
2024-10-14 22:29:24.889054 Golf: Mike, sending you 3
2024-10-14 22:29:24.889509 Mike: Victor, sending you 4
2024-10-14 22:29:24.890557 Victor: Golf, sending you 1
2024-10-14 22:29:24.892531 Sierra: Golf, sending you 2
2024-10-14 22:29:24.892990 Kilo: Victor, Golf and Mike, sending you 3
2024-10-14 22:29:24.893501 Uniform: Bravo, sending you 2
2024-10-14 22:29:24.894725 Mike: Bravo, sending you 6
2024-10-14 22:29:24.897679 Kilo: Bravo, sending you 2
2024-10-14 22:29:24.898062 Uniform: Tango, sending you 3
chatterbot Mike submitting transactions
chatterbot Uniform submitting transactions
chatterbot Golf submitting transactions
chatterbot Lima submitting transactions
chatterbot Kilo submitting transactions
chatterbot Sierra submitting transactions
chatterbot Tango submitting transactions
chatterbot Bravo submitting transactions
chatterbot Victor submitting transactions
chatterbot Quebec submitting transactions
ChatterBot Kilo round 2
ChatterBot Sierra round 2
ChatterBot Lima round 2
2024-10-14 22:29:26.038494 Lima: Can we be friends?
ChatterBot Uniform reevaluating
ChatterBot Tango reevaluating
ChatterBot Quebec reevaluating
2024-10-14 22:29:26.087578 Uniform: No
2024-10-14 22:29:26.087769 Tango: No
2024-10-14 22:29:26.088306 Quebec: No
ChatterBot Tango reevaluating
ChatterBot Quebec reevaluating
ChatterBot Uniform reevaluating
ChatterBot Quebec reevaluating
ChatterBot Uniform reevaluating
ChatterBot Tango reevaluating
2024-10-14 22:29:26.219405 Tango: Can we be friends?
ChatterBot Quebec reevaluating
2024-10-14 22:29:26.242757 Quebec: Yes
ChatterBot Tango reevaluating
ChatterBot Victor round 2
ChatterBot Bravo round 2
ChatterBot Tango round 2
2024-10-14 22:29:26.273767 Kilo: We should add Tango and Quebec
ChatterBot Golf reevaluating
ChatterBot Bravo reevaluating
ChatterBot Sierra reevaluating
ChatterBot Mike reevaluating
ChatterBot Victor reevaluating
2024-10-14 22:29:26.338556 Golf: No
2024-10-14 22:29:26.338842 Bravo: No
2024-10-14 22:29:26.339033 Sierra: No
2024-10-14 22:29:26.339640 Mike: No
2024-10-14 22:29:26.339812 Victor: Yes
ChatterBot Bravo reevaluating
ChatterBot Sierra reevaluating
ChatterBot Mike reevaluating
ChatterBot Victor reevaluating
ChatterBot Golf reevaluating
ChatterBot Sierra reevaluating
ChatterBot Mike reevaluating
ChatterBot Victor reevaluating
ChatterBot Golf reevaluating
ChatterBot Bravo reevaluating
ChatterBot Mike reevaluating
ChatterBot Victor reevaluating
ChatterBot Golf reevaluating
ChatterBot Kilo reevaluating
ChatterBot Bravo reevaluating
ChatterBot Sierra reevaluating
ChatterBot Victor reevaluating
ChatterBot Golf reevaluating
ChatterBot Kilo reevaluating
ChatterBot Bravo reevaluating
ChatterBot Sierra reevaluating
ChatterBot Mike reevaluating
2024-10-14 22:29:26.582703 Bravo: We should add Uniform
2024-10-14 22:29:26.582974 Sierra: We should add Uniform
ChatterBot Golf reevaluating
ChatterBot Kilo reevaluating
ChatterBot Sierra reevaluating
ChatterBot Mike reevaluating
ChatterBot Victor reevaluating
2024-10-14 22:29:26.620859 Golf: No
ChatterBot Golf reevaluating
2024-10-14 22:29:26.633065 Kilo: No
ChatterBot Kilo reevaluating
ChatterBot Bravo reevaluating
2024-10-14 22:29:26.641753 Sierra: Yes
2024-10-14 22:29:26.641904 Mike: No
ChatterBot Mike reevaluating
2024-10-14 22:29:26.741317 Victor: No
ChatterBot Victor reevaluating
2024-10-14 22:29:26.759971 Golf: Yes
2024-10-14 22:29:26.760715 Kilo: No
2024-10-14 22:29:26.760920 Bravo: Yes
2024-10-14 22:29:26.761122 Mike: No
2024-10-14 22:29:26.761271 Victor: No
ChatterBot Kilo reevaluating
ChatterBot Bravo reevaluating
ChatterBot Sierra reevaluating
ChatterBot Mike reevaluating
ChatterBot Victor reevaluating
ChatterBot Golf reevaluating
ChatterBot Bravo reevaluating
ChatterBot Sierra reevaluating
ChatterBot Mike reevaluating
ChatterBot Victor reevaluating
ChatterBot Golf reevaluating
ChatterBot Kilo reevaluating
ChatterBot Bravo reevaluating
ChatterBot Mike reevaluating
ChatterBot Victor reevaluating
ChatterBot Golf reevaluating
ChatterBot Kilo reevaluating
ChatterBot Bravo reevaluating
ChatterBot Sierra reevaluating
ChatterBot Victor reevaluating
ChatterBot Golf reevaluating
ChatterBot Kilo reevaluating
ChatterBot Bravo reevaluating
ChatterBot Sierra reevaluating
ChatterBot Mike reevaluating
ChatterBot Kilo reevaluating
ChatterBot Bravo reevaluating
ChatterBot Sierra reevaluating
ChatterBot Mike reevaluating
ChatterBot Victor reevaluating
ChatterBot Golf reevaluating
ChatterBot Bravo reevaluating
ChatterBot Sierra reevaluating
ChatterBot Mike reevaluating
ChatterBot Victor reevaluating
ChatterBot Golf reevaluating
ChatterBot Kilo reevaluating
ChatterBot Sierra reevaluating
ChatterBot Mike reevaluating
ChatterBot Victor reevaluating
ChatterBot Golf reevaluating
ChatterBot Kilo reevaluating
ChatterBot Bravo reevaluating
ChatterBot Sierra reevaluating
ChatterBot Victor reevaluating
ChatterBot Golf reevaluating
ChatterBot Kilo reevaluating
ChatterBot Bravo reevaluating
ChatterBot Sierra reevaluating
ChatterBot Mike reevaluating
ChatterBot Golf round 2
ChatterBot Uniform round 2
ChatterBot Quebec round 2
ChatterBot Mike round 2
2024-10-14 22:29:27.374768 Bravo: Uniform we want you to join our group
ChatterBot Uniform reevaluating
2024-10-14 22:29:27.382174 Uniform: No
ChatterBot Kilo reevaluating
ChatterBot Golf reevaluating
2024-10-14 22:29:27.425582 Victor: Tango and Quebec we want you to join our group
ChatterBot Tango reevaluating
ChatterBot Quebec reevaluating
2024-10-14 22:29:27.440235 Tango: No
2024-10-14 22:29:27.440477 Quebec: No
ChatterBot Golf reevaluating
ChatterBot Quebec reevaluating
ChatterBot Golf reevaluating
ChatterBot Tango reevaluating
2024-10-14 22:29:27.506037 Quebec: We should group up
ChatterBot Tango reevaluating
ChatterBot Uniform reevaluating
2024-10-14 22:29:27.515065 Tango: Yes
2024-10-14 22:29:27.515191 Uniform: Yes
ChatterBot Quebec reevaluating
ChatterBot Uniform reevaluating
ChatterBot Quebec reevaluating
ChatterBot Tango reevaluating
2024-10-14 22:29:27.532877 Uniform: Group up?
ChatterBot Quebec reevaluating
ChatterBot Tango reevaluating
2024-10-14 22:29:27.541514 Quebec: Yes
2024-10-14 22:29:27.541669 Tango: Yes
ChatterBot Tango reevaluating
ChatterBot Uniform reevaluating
ChatterBot Quebec reevaluating
ChatterBot Uniform reevaluating
chatterbot Uniform submitting transactions
2024-10-14 22:29:27.560690 Lima: Tango and Quebec, sending you 1
2024-10-14 22:29:27.561036 Kilo: Tango and Quebec we want you to join our group
ChatterBot Quebec reevaluating
2024-10-14 22:29:27.569759 Tango: No
2024-10-14 22:29:27.569902 Quebec: No
ChatterBot Quebec reevaluating
ChatterBot Bravo reevaluating
ChatterBot Tango reevaluating
2024-10-14 22:29:27.626054 Sierra: Kilo and Victor, sending you 4
2024-10-14 22:29:27.627007 Lima: Uniform, sending you 8
2024-10-14 22:29:28.512145 Sierra: Bravo and Golf, sending you 3
2024-10-14 22:29:28.512647 Mike: Kilo, Victor and Golf, sending you 4
chatterbot Lima submitting transactions
chatterbot Victor submitting transactions
chatterbot Quebec submitting transactions
chatterbot Mike submitting transactions
chatterbot Sierra submitting transactions
chatterbot Quebec submitting transactions
2024-10-14 22:29:28.868641 Golf: Kilo, sending you 6
2024-10-14 22:29:28.869187 Sierra: Mike, sending you 2
2024-10-14 22:29:28.869662 Mike: Sierra, sending you 5
2024-10-14 22:29:28.875641 Uniform: Tango, sending you 9
2024-10-14 22:29:28.875944 Victor: Kilo and Sierra, sending you 3
2024-10-14 22:29:28.876363 Kilo: Sierra, sending you 3
chatterbot Bravo submitting transactions
2024-10-14 22:29:28.878638 Golf: Sierra and Mike, sending you 4
2024-10-14 22:29:28.879205 Victor: Bravo and Golf, sending you 1
2024-10-14 22:29:29.162896 Mike: Bravo, sending you 1
2024-10-14 22:29:29.163492 Uniform: Quebec, sending you 8
2024-10-14 22:29:29.163804 Bravo: Kilo, sending you 2
2024-10-14 22:29:29.164767 Tango: Lima, Uniform and Quebec, sending you 5
2024-10-14 22:29:29.165041 Quebec: Tango, sending you 6
2024-10-14 22:29:29.165294 Kilo: Victor and Tango, sending you 4
2024-10-14 22:29:29.165642 Victor: Tango, sending you 2
2024-10-14 22:29:29.166669 Golf: Victor, sending you 2
chatterbot Kilo submitting transactions
chatterbot Golf submitting transactions
2024-10-14 22:29:29.221031 Kilo: Bravo and Golf, sending you 1
2024-10-14 22:29:29.221933 Bravo: Sierra and Victor, sending you 4
2024-10-14 22:29:29.222301 Quebec: Uniform, sending you 5
2024-10-14 22:29:29.222544 Victor: Quebec and Mike, sending you 4
2024-10-14 22:29:29.223280 Golf: Bravo, sending you 1
2024-10-14 22:29:29.264947 Bravo: Golf, sending you 1
2024-10-14 22:29:29.265788 Kilo: Quebec, sending you 2
2024-10-14 22:29:29.295661 Bravo: Mike, sending you 5
chatterbot Tango submitting transactions
ChatterBot Kilo round 3
ChatterBot Sierra round 3
ChatterBot Lima round 3
ChatterBot Victor round 3
chatterbot Uniform submitting transactions
ChatterBot Bravo round 3
ChatterBot Tango round 3
ChatterBot Golf round 3
2024-10-14 22:29:29.519734 Tango: We should add Kilo
ChatterBot Uniform reevaluating
2024-10-14 22:29:29.530429 Lima: No
2024-10-14 22:29:29.531078 Uniform: No
2024-10-14 22:29:29.531232 Quebec: No
ChatterBot Uniform reevaluating
ChatterBot Tango reevaluating
ChatterBot Tango reevaluating
ChatterBot Uniform reevaluating
ChatterBot Tango reevaluating
ChatterBot Uniform round 3
ChatterBot Quebec round 3
ChatterBot Mike round 3
2024-10-14 22:29:29.588104 Victor: We should drop Tango and Quebec
2024-10-14 22:29:29.612101 Golf: Yes
2024-10-14 22:29:29.612373 Kilo: Yes
2024-10-14 22:29:29.612565 Bravo: Yes
2024-10-14 22:29:29.613159 Sierra: Yes
2024-10-14 22:29:29.613341 Mike: Yes
2024-10-14 22:29:29.828987 Uniform: We should add Lima
ChatterBot Quebec reevaluating
ChatterBot Tango reevaluating
2024-10-14 22:29:29.837241 Quebec: Yes
2024-10-14 22:29:29.837494 Tango: Yes
ChatterBot Tango reevaluating
ChatterBot Uniform reevaluating
ChatterBot Quebec reevaluating
ChatterBot Uniform reevaluating
2024-10-14 22:29:29.888434 Sierra: Kilo, Bravo, Golf and Mike, sending you 4
2024-10-14 22:29:29.889776 Lima: Tango, sending you 8
2024-10-14 22:29:29.890328 Quebec: Lima we want you to join our group
2024-10-14 22:29:29.894862 Lima: Yes
2024-10-14 22:29:29.905321 Uniform: Lima we want you to join our group
2024-10-14 22:29:29.909363 Lima: Yes
2024-10-14 22:29:29.918753 Lima: Uniform, sending you 7
2024-10-14 22:29:29.919621 Golf: Kilo, sending you 3
2024-10-14 22:29:29.920341 Bravo: Kilo, sending you 2
2024-10-14 22:29:29.921495 Sierra: Victor, sending you 2
2024-10-14 22:29:29.922808 Victor: Kilo and Sierra, sending you 4
2024-10-14 22:29:30.163024 Tango: Same as last round
2024-10-14 22:29:30.163502 Lima: Quebec, sending you 1
2024-10-14 22:29:30.163869 Golf: Sierra, sending you 4
2024-10-14 22:29:30.165523 Bravo: Sierra, sending you 5
2024-10-14 22:29:30.166222 Kilo: Sierra and Golf, sending you 3
2024-10-14 22:29:30.167509 Mike: Kilo, sending you 2
2024-10-14 22:29:30.168209 Victor: Bravo, sending you 3
chatterbot Kilo submitting transactions
chatterbot Bravo submitting transactions
chatterbot Victor submitting transactions
chatterbot Sierra submitting transactions
2024-10-14 22:29:30.169876 Golf: Victor and Bravo, sending you 2
2024-10-14 22:29:30.441844 Bravo: Victor and Mike, sending you 4
2024-10-14 22:29:30.443657 Kilo: Victor, sending you 5
2024-10-14 22:29:30.444557 Mike: Sierra, sending you 3
2024-10-14 22:29:30.445709 Quebec: Lima, sending you 2
2024-10-14 22:29:30.446133 Victor: Golf, sending you 2
2024-10-14 22:29:30.447189 Uniform: Lima, sending you 8
2024-10-14 22:29:30.447581 Golf: Mike, sending you 6
chatterbot Golf submitting transactions
chatterbot Lima submitting transactions
chatterbot Uniform submitting transactions
chatterbot Mike submitting transactions
2024-10-14 22:29:30.449064 Kilo: Bravo and Mike, sending you 2
2024-10-14 22:29:30.450107 Bravo: Golf, sending you 1
2024-10-14 22:29:30.450751 Uniform: Tango, sending you 5
2024-10-14 22:29:30.451479 Mike: Victor and Bravo, sending you 4
2024-10-14 22:29:30.452796 Quebec: Tango, sending you 6
2024-10-14 22:29:30.453136 Victor: Mike, sending you 5
2024-10-14 22:29:30.824591 Mike: Golf, sending you 5
2024-10-14 22:29:30.826093 Uniform: Quebec, sending you 4
2024-10-14 22:29:30.827505 Quebec: Uniform, sending you 5
chatterbot Tango submitting transactions
chatterbot Quebec submitting transactions
ChatterBot Kilo round 4
ChatterBot Sierra round 4
ChatterBot Lima round 4
ChatterBot Victor round 4
ChatterBot Bravo round 4
ChatterBot Tango round 4
ChatterBot Golf round 4
ChatterBot Uniform round 4
ChatterBot Quebec round 4
ChatterBot Mike round 4
2024-10-14 22:29:31.231510 Sierra: Kilo, Bravo, Golf and Mike, sending you 3
2024-10-14 22:29:31.232120 Golf: Kilo, sending you 3
2024-10-14 22:29:31.233158 Kilo: Sierra and Victor, sending you 4
2024-10-14 22:29:31.233793 Victor: Kilo, sending you 6
2024-10-14 22:29:31.234936 Lima: Tango and Uniform, sending you 7
2024-10-14 22:29:31.235273 Uniform: Lima, sending you 7
2024-10-14 22:29:31.235621 Quebec: Lima, sending you 2
2024-10-14 22:29:31.236451 Tango: Same as last round
2024-10-14 22:29:31.236771 Bravo: Kilo and Golf, sending you 2
2024-10-14 22:29:31.237191 Mike: Kilo, sending you 2
2024-10-14 22:29:31.238129 Sierra: Victor, sending you 4
2024-10-14 22:29:31.238631 Golf: Sierra, sending you 4
2024-10-14 22:29:31.239650 Kilo: Bravo and Mike, sending you 2
2024-10-14 22:29:31.240345 Lima: Quebec, sending you 2
2024-10-14 22:29:31.241130 Victor: Sierra and Bravo, sending you 3
2024-10-14 22:29:31.241754 Uniform: Tango and Quebec, sending you 5
2024-10-14 22:29:31.242079 Quebec: Tango, sending you 7
2024-10-14 22:29:31.242757 Bravo: Sierra, sending you 5
2024-10-14 22:29:31.243200 Mike: Sierra, Victor, Bravo and Golf, sending you 4
2024-10-14 22:29:31.243641 Kilo: Golf, sending you 3
2024-10-14 22:29:31.244622 Golf: Victor, sending you 2
2024-10-14 22:29:31.247678 Victor: Golf, sending you 2
2024-10-14 22:29:31.248294 Quebec: Uniform, sending you 6
2024-10-14 22:29:31.249143 Bravo: Victor, sending you 3
2024-10-14 22:29:31.249601 Golf: Bravo, sending you 1
2024-10-14 22:29:31.252147 Victor: Mike, sending you 4
2024-10-14 22:29:31.253905 Bravo: Mike, sending you 4
2024-10-14 22:29:31.254592 Golf: Mike, sending you 7
chatterbot Sierra submitting transactions
chatterbot Quebec submitting transactions
chatterbot Bravo submitting transactions
chatterbot Kilo submitting transactions
chatterbot Uniform submitting transactions
chatterbot Lima submitting transactions
chatterbot Golf submitting transactions
chatterbot Victor submitting transactions
chatterbot Mike submitting transactions
chatterbot Tango submitting transactions
ChatterBot Kilo round 5
ChatterBot Sierra round 5
ChatterBot Lima round 5
ChatterBot Victor round 5
ChatterBot Bravo round 5
ChatterBot Tango round 5
ChatterBot Golf round 5
ChatterBot Uniform round 5
ChatterBot Quebec round 5
ChatterBot Mike round 5
2024-10-14 22:29:32.850778 Golf: Kilo and Sierra, sending you 4
2024-10-14 22:29:32.851498 Bravo: Kilo and Golf, sending you 2
2024-10-14 22:29:32.852941 Lima: Tango, sending you 6
2024-10-14 22:29:32.874170 Golf: Victor and Bravo, sending you 2
2024-10-14 22:29:32.875770 Sierra: Kilo and Mike, sending you 4
2024-10-14 22:29:32.876851 Uniform: Lima, sending you 7
2024-10-14 22:29:32.878003 Bravo: Sierra, Victor and Mike, sending you 4
2024-10-14 22:29:32.879671 Kilo: Sierra and Golf, sending you 3
2024-10-14 22:29:32.881257 Tango: Same as last round
2024-10-14 22:29:32.881924 Victor: Kilo, sending you 5
2024-10-14 22:29:32.883677 Lima: Uniform, sending you 8
2024-10-14 22:29:32.884809 Mike: Kilo, sending you 2
2024-10-14 22:29:32.886318 Quebec: Lima, sending you 2
2024-10-14 22:29:32.886981 Golf: Mike, sending you 5
2024-10-14 22:29:32.888493 Sierra: Victor, sending you 2
2024-10-14 22:29:32.890048 Uniform: Tango and Quebec, sending you 5
2024-10-14 22:29:32.890785 Kilo: Victor, sending you 5
2024-10-14 22:29:32.892549 Victor: Sierra and Mike, sending you 4
2024-10-14 22:29:32.894382 Lima: Quebec, sending you 2
2024-10-14 22:29:32.895642 Mike: Sierra, sending you 3
2024-10-14 22:29:32.897550 Quebec: Tango and Uniform, sending you 5
2024-10-14 22:29:32.898063 Sierra: Bravo and Golf, sending you 3
2024-10-14 22:29:32.899897 Kilo: Bravo and Mike, sending you 2
2024-10-14 22:29:32.901667 Victor: Bravo, sending you 3
2024-10-14 22:29:32.903599 Mike: Victor and Bravo, sending you 4
2024-10-14 22:29:33.031971 Victor: Golf, sending you 2
2024-10-14 22:29:33.033744 Mike: Golf, sending you 5
chatterbot Quebec submitting transactions
chatterbot Victor submitting transactions
chatterbot Mike submitting transactions
chatterbot Uniform submitting transactions
chatterbot Sierra submitting transactions
chatterbot Bravo submitting transactions
chatterbot Lima submitting transactions
chatterbot Tango submitting transactions
chatterbot Golf submitting transactions
chatterbot Kilo submitting transactions
ChatterBot Kilo round 6
ChatterBot Sierra round 6
ChatterBot Lima round 6
ChatterBot Victor round 6
ChatterBot Bravo round 6
ChatterBot Tango round 6
ChatterBot Golf round 6
2024-10-14 22:29:33.838223 Tango: We should add Sierra
2024-10-14 22:29:33.849036 Lima: No
2024-10-14 22:29:33.849215 Uniform: No
2024-10-14 22:29:33.849354 Quebec: No
ChatterBot Tango reevaluating
ChatterBot Tango reevaluating
ChatterBot Tango reevaluating
ChatterBot Uniform round 6
2024-10-14 22:29:33.889471 Victor: We should add Lima
2024-10-14 22:29:33.902516 Golf: No
2024-10-14 22:29:33.902717 Kilo: No
2024-10-14 22:29:33.903500 Bravo: No
2024-10-14 22:29:33.903638 Sierra: No
2024-10-14 22:29:33.903815 Mike: No
ChatterBot Victor reevaluating
ChatterBot Bravo reevaluating
ChatterBot Victor reevaluating
ChatterBot Bravo reevaluating
ChatterBot Victor reevaluating
ChatterBot Quebec round 6
ChatterBot Mike round 6
2024-10-14 22:29:33.982094 Tango: We should add Bravo
ChatterBot Uniform reevaluating
2024-10-14 22:29:33.990944 Lima: No
2024-10-14 22:29:33.991093 Uniform: Yes
2024-10-14 22:29:33.991223 Quebec: No
ChatterBot Uniform reevaluating
ChatterBot Tango reevaluating
ChatterBot Lima reevaluating
ChatterBot Tango reevaluating
ChatterBot Lima reevaluating
ChatterBot Uniform reevaluating
ChatterBot Tango reevaluating
2024-10-14 22:29:34.026397 Uniform: We should add Golf
ChatterBot Lima reevaluating
ChatterBot Tango reevaluating
2024-10-14 22:29:34.036041 Lima: No
2024-10-14 22:29:34.036197 Tango: Yes
2024-10-14 22:29:34.036329 Quebec: No
ChatterBot Uniform reevaluating
ChatterBot Tango reevaluating
ChatterBot Lima reevaluating
ChatterBot Uniform reevaluating
ChatterBot Lima reevaluating
ChatterBot Uniform reevaluating
ChatterBot Tango reevaluating
2024-10-14 22:29:34.075948 Victor: Lima we want you to join our group
ChatterBot Lima reevaluating
2024-10-14 22:29:34.079781 Lima: No
ChatterBot Victor reevaluating
2024-10-14 22:29:34.099051 Victor: We should add Uniform
ChatterBot Bravo reevaluating
2024-10-14 22:29:34.115016 Golf: No
2024-10-14 22:29:34.115177 Kilo: No
2024-10-14 22:29:34.115300 Bravo: Yes
2024-10-14 22:29:34.115415 Sierra: No
2024-10-14 22:29:34.115531 Mike: No
ChatterBot Bravo reevaluating
ChatterBot Victor reevaluating
ChatterBot Bravo reevaluating
ChatterBot Victor reevaluating
ChatterBot Victor reevaluating
ChatterBot Bravo reevaluating
ChatterBot Victor reevaluating
ChatterBot Bravo reevaluating
ChatterBot Victor reevaluating
2024-10-14 22:29:34.192259 Sierra: Sending you each 3
2024-10-14 22:29:34.193395 Lima: Golf we want you to join our group
2024-10-14 22:29:34.196014 Golf: No
ChatterBot Lima reevaluating
ChatterBot Tango reevaluating
2024-10-14 22:29:34.208350 Kilo: Sierra and Golf, sending you 3
2024-10-14 22:29:34.209898 Golf: Kilo, sending you 3
2024-10-14 22:29:34.211820 Tango: Bravo we want you to join our group
2024-10-14 22:29:34.217262 Bravo: No
ChatterBot Tango reevaluating
ChatterBot Lima reevaluating
ChatterBot Uniform reevaluating
2024-10-14 22:29:34.242290 Uniform: We should add Kilo
ChatterBot Lima reevaluating
ChatterBot Tango reevaluating
2024-10-14 22:29:34.259280 Lima: No
2024-10-14 22:29:34.259502 Tango: Yes
2024-10-14 22:29:34.259671 Quebec: No
ChatterBot Uniform reevaluating
ChatterBot Tango reevaluating
ChatterBot Lima reevaluating
ChatterBot Uniform reevaluating
ChatterBot Lima reevaluating
ChatterBot Uniform reevaluating
ChatterBot Tango reevaluating
2024-10-14 22:29:34.295038 Kilo: Victor, sending you 5
2024-10-14 22:29:34.295807 Golf: Sierra, sending you 4
2024-10-14 22:29:34.296956 Quebec: Lima, sending you 3
2024-10-14 22:29:34.297264 Mike: Kilo, sending you 2
2024-10-14 22:29:34.300105 Tango: Kilo we want you to join our group
2024-10-14 22:29:34.304016 Kilo: No
ChatterBot Lima reevaluating
ChatterBot Uniform reevaluating
2024-10-14 22:29:34.319593 Quebec: Tango, sending you 7
2024-10-14 22:29:34.320170 Kilo: Bravo and Mike, sending you 2
2024-10-14 22:29:34.321255 Mike: Sierra, Victor, Bravo and Golf, sending you 4
2024-10-14 22:29:34.322494 Golf: Victor and Bravo, sending you 2
2024-10-14 22:29:34.323465 Bravo: Kilo and Golf, sending you 2
2024-10-14 22:29:34.325002 Uniform: We should drop Kilo
ChatterBot Lima reevaluating
ChatterBot Tango reevaluating
2024-10-14 22:29:34.336223 Lima: Yes
2024-10-14 22:29:34.336410 Tango: Yes
2024-10-14 22:29:34.336570 Quebec: Yes
ChatterBot Uniform reevaluating
ChatterBot Tango reevaluating
ChatterBot Lima reevaluating
ChatterBot Uniform reevaluating
ChatterBot Lima reevaluating
ChatterBot Uniform reevaluating
ChatterBot Tango reevaluating
2024-10-14 22:29:34.374250 Quebec: Uniform, sending you 6
2024-10-14 22:29:34.375228 Golf: Mike, sending you 6
2024-10-14 22:29:34.376308 Bravo: Sierra, sending you 4
2024-10-14 22:29:34.382256 Victor: Kilo and Mike, sending you 4
2024-10-14 22:29:34.383220 Bravo: Victor, sending you 3
2024-10-14 22:29:34.390394 Victor: Sierra and Bravo, sending you 3
2024-10-14 22:29:34.390926 Bravo: Mike, sending you 5
2024-10-14 22:29:34.395682 Victor: Golf, sending you 2
2024-10-14 22:29:34.400679 Tango: Lima, Uniform and Quebec, sending you 4
2024-10-14 22:29:34.405968 Tango: Bravo, sending you 3
chatterbot Mike submitting transactions
chatterbot Quebec submitting transactions
chatterbot Tango submitting transactions
chatterbot Bravo submitting transactions
chatterbot Golf submitting transactions
chatterbot Kilo submitting transactions
chatterbot Sierra submitting transactions
chatterbot Lima submitting transactions
chatterbot Uniform submitting transactions
chatterbot Victor submitting transactions
ChatterBot Kilo round 7
ChatterBot Sierra round 7
ChatterBot Lima round 7
ChatterBot Victor round 7
ChatterBot Bravo round 7
ChatterBot Tango round 7
ChatterBot Golf round 7
ChatterBot Uniform round 7
ChatterBot Quebec round 7
ChatterBot Mike round 7
2024-10-14 22:29:35.450360 Lima: We should add Bravo
ChatterBot Uniform reevaluating
2024-10-14 22:29:35.461019 Uniform: Yes
2024-10-14 22:29:35.461230 Tango: Yes
2024-10-14 22:29:35.461935 Quebec: No
ChatterBot Lima reevaluating
ChatterBot Lima reevaluating
ChatterBot Uniform reevaluating
ChatterBot Lima reevaluating
ChatterBot Uniform reevaluating
2024-10-14 22:29:35.515824 Lima: We should add Golf
ChatterBot Uniform reevaluating
2024-10-14 22:29:35.523300 Uniform: Yes
2024-10-14 22:29:35.523443 Tango: No
2024-10-14 22:29:35.523572 Quebec: No
ChatterBot Lima reevaluating
ChatterBot Lima reevaluating
ChatterBot Uniform reevaluating
ChatterBot Lima reevaluating
ChatterBot Uniform reevaluating
2024-10-14 22:29:35.549700 Victor: Kilo, sending you 4
2024-10-14 22:29:35.550972 Sierra: Kilo, Victor, Bravo and Golf, sending you 3
2024-10-14 22:29:35.552027 Kilo: Sierra and Golf, sending you 3
2024-10-14 22:29:35.555822 Uniform: We should drop Kilo
ChatterBot Lima reevaluating
2024-10-14 22:29:35.564790 Lima: Yes
2024-10-14 22:29:35.564952 Tango: Yes
2024-10-14 22:29:35.565077 Quebec: Yes
ChatterBot Uniform reevaluating
ChatterBot Lima reevaluating
ChatterBot Uniform reevaluating
ChatterBot Lima reevaluating
ChatterBot Uniform reevaluating
2024-10-14 22:29:35.591141 Victor: Sierra, Bravo and Mike, sending you 3
2024-10-14 22:29:35.591552 Sierra: Mike, sending you 4
2024-10-14 22:29:35.592487 Kilo: Victor, sending you 5
2024-10-14 22:29:35.594078 Golf: Kilo and Sierra, sending you 4
2024-10-14 22:29:35.595277 Tango: Lima, Uniform and Quebec, sending you 4
2024-10-14 22:29:35.596401 Mike: Kilo and Sierra, sending you 3
2024-10-14 22:29:35.597322 Victor: Golf, sending you 2
2024-10-14 22:29:35.598926 Kilo: Bravo and Mike, sending you 2
2024-10-14 22:29:35.600358 Golf: Victor and Bravo, sending you 2
2024-10-14 22:29:35.602158 Quebec: Lima, sending you 2
2024-10-14 22:29:35.602884 Bravo: Kilo and Victor, sending you 3
2024-10-14 22:29:35.604583 Tango: Bravo, sending you 3
2024-10-14 22:29:35.605005 Mike: Victor, Bravo and Golf, sending you 4
2024-10-14 22:29:35.608628 Golf: Mike, sending you 5
2024-10-14 22:29:35.609929 Bravo: Sierra and Mike, sending you 4
2024-10-14 22:29:35.611235 Quebec: Tango, sending you 5
2024-10-14 22:29:35.614712 Bravo: Golf, sending you 2
2024-10-14 22:29:35.616689 Quebec: Uniform, sending you 4
2024-10-14 22:29:35.617266 Quebec: I was attacked by Victor
ChatterBot Lima reevaluating
ChatterBot Uniform reevaluating
ChatterBot Tango reevaluating
2024-10-14 22:29:35.682007 Quebec: Ow
2024-10-14 22:29:35.685884 Uniform: We should replace Kilo with Bravo
ChatterBot Lima reevaluating
ChatterBot Tango reevaluating
2024-10-14 22:29:35.733238 Lima: Yes
2024-10-14 22:29:35.733503 Tango: Yes
2024-10-14 22:29:35.734561 Quebec: No
ChatterBot Uniform reevaluating
ChatterBot Tango reevaluating
ChatterBot Lima reevaluating
ChatterBot Uniform reevaluating
ChatterBot Lima reevaluating
ChatterBot Uniform reevaluating
ChatterBot Tango reevaluating
2024-10-14 22:29:35.770685 Lima: Bravo we want you to join our group
2024-10-14 22:29:35.774407 Bravo: No
ChatterBot Lima reevaluating
ChatterBot Uniform reevaluating
2024-10-14 22:29:35.795961 Uniform: Bravo we want you to join our group
2024-10-14 22:29:35.799911 Bravo: No
ChatterBot Lima reevaluating
ChatterBot Uniform reevaluating
2024-10-14 22:29:35.841808 Lima: Tango, sending you 6
2024-10-14 22:29:35.846675 Lima: Uniform, sending you 7
2024-10-14 22:29:35.851674 Lima: Quebec, sending you 3
chatterbot Kilo submitting transactions
chatterbot Bravo submitting transactions
chatterbot Quebec submitting transactions
chatterbot Victor submitting transactions
chatterbot Uniform submitting transactions
chatterbot Mike submitting transactions
chatterbot Sierra submitting transactions
chatterbot Golf submitting transactions
chatterbot Tango submitting transactions
chatterbot Lima submitting transactions
ChatterBot Kilo round 8
ChatterBot Sierra round 8
ChatterBot Lima round 8
ChatterBot Victor round 8
ChatterBot Bravo round 8
ChatterBot Tango round 8
ChatterBot Golf round 8
ChatterBot Uniform round 8
ChatterBot Quebec round 8
ChatterBot Mike round 8
2024-10-14 22:29:37.022502 Victor: We should replace Lima with Uniform
2024-10-14 22:29:37.040243 Golf: No
2024-10-14 22:29:37.040428 Kilo: No
2024-10-14 22:29:37.040573 Bravo: No
2024-10-14 22:29:37.040718 Sierra: No
2024-10-14 22:29:37.040861 Mike: No
ChatterBot Victor reevaluating
ChatterBot Victor reevaluating
ChatterBot Victor reevaluating
ChatterBot Victor reevaluating
2024-10-14 22:29:37.138272 Uniform: We should replace Kilo with Bravo
2024-10-14 22:29:37.147260 Lima: Yes
2024-10-14 22:29:37.147509 Tango: Yes
2024-10-14 22:29:37.147647 Quebec: No
ChatterBot Uniform reevaluating
ChatterBot Lima reevaluating
ChatterBot Uniform reevaluating
ChatterBot Lima reevaluating
ChatterBot Uniform reevaluating
2024-10-14 22:29:37.188662 Victor: We should replace Lima with Tango
2024-10-14 22:29:37.210717 Golf: No
2024-10-14 22:29:37.210920 Kilo: No
2024-10-14 22:29:37.211128 Bravo: No
2024-10-14 22:29:37.211343 Sierra: No
2024-10-14 22:29:37.211590 Mike: No
ChatterBot Victor reevaluating
ChatterBot Victor reevaluating
ChatterBot Victor reevaluating
ChatterBot Victor reevaluating
ChatterBot Victor reevaluating
2024-10-14 22:29:37.298216 Tango: Lima, Uniform and Quebec, sending you 4
2024-10-14 22:29:37.299167 Bravo: Kilo and Golf, sending you 2
2024-10-14 22:29:37.301484 Sierra: Kilo, Victor, Bravo and Golf, sending you 3
2024-10-14 22:29:37.303089 Kilo: Sierra and Golf, sending you 3
2024-10-14 22:29:37.304912 Uniform: Bravo we want you to join our group
2024-10-14 22:29:37.310325 Bravo: No
ChatterBot Lima reevaluating
ChatterBot Uniform reevaluating
2024-10-14 22:29:37.328859 Tango: Bravo, sending you 3
2024-10-14 22:29:37.329998 Bravo: Sierra and Victor, sending you 3
2024-10-14 22:29:37.331491 Sierra: Mike, sending you 4
2024-10-14 22:29:37.332508 Kilo: Victor, sending you 5
chatterbot Sierra submitting transactions
2024-10-14 22:29:37.334178 Quebec: Lima, sending you 2
2024-10-14 22:29:37.334825 Mike: Kilo, sending you 2
2024-10-14 22:29:37.336427 Bravo: Mike, sending you 4
2024-10-14 22:29:37.337905 Kilo: Bravo and Mike, sending you 2
2024-10-14 22:29:37.339500 Golf: Kilo and Sierra, sending you 4
2024-10-14 22:29:37.341360 Quebec: Tango, sending you 6
2024-10-14 22:29:37.341929 Mike: Sierra, Victor and Bravo, sending you 3
2024-10-14 22:29:37.345218 Golf: Victor and Bravo, sending you 2
2024-10-14 22:29:37.346444 Quebec: Uniform, sending you 5
2024-10-14 22:29:37.347783 Quebec: I was attacked by Victor
ChatterBot Lima reevaluating
ChatterBot Uniform reevaluating
ChatterBot Tango reevaluating
2024-10-14 22:29:37.363384 Quebec: Ow
2024-10-14 22:29:37.365051 Mike: Golf, sending you 4
2024-10-14 22:29:37.367872 Victor: Kilo, sending you 3
2024-10-14 22:29:37.368740 Golf: Mike, sending you 5
2024-10-14 22:29:37.370633 Uniform: We should drop Kilo
ChatterBot Lima reevaluating
ChatterBot Tango reevaluating
2024-10-14 22:29:37.386157 Lima: Yes
2024-10-14 22:29:37.386414 Tango: Yes
2024-10-14 22:29:37.386584 Quebec: Yes
ChatterBot Uniform reevaluating
ChatterBot Tango reevaluating
ChatterBot Lima reevaluating
ChatterBot Uniform reevaluating
ChatterBot Lima reevaluating
ChatterBot Uniform reevaluating
ChatterBot Tango reevaluating
2024-10-14 22:29:37.431752 Victor: Sierra, Bravo and Golf, sending you 1
2024-10-14 22:29:37.436693 Victor: Mike, sending you 2
2024-10-14 22:29:37.458860 Lima: Tango, sending you 6
2024-10-14 22:29:37.462766 Lima: Uniform, sending you 7
2024-10-14 22:29:37.468659 Lima: Quebec, sending you 3
chatterbot Bravo submitting transactions
chatterbot Victor submitting transactions
chatterbot Quebec submitting transactions
chatterbot Tango submitting transactions
chatterbot Mike submitting transactions
chatterbot Kilo submitting transactions
chatterbot Tango submitting transactions
chatterbot Golf submitting transactions
chatterbot Lima submitting transactions
chatterbot Uniform submitting transactions
ChatterBot Kilo round 9
ChatterBot Sierra round 9
ChatterBot Lima round 9
ChatterBot Victor round 9
ChatterBot Bravo round 9
ChatterBot Tango round 9
ChatterBot Golf round 9
ChatterBot Uniform round 9
ChatterBot Quebec round 9
ChatterBot Mike round 9
2024-10-14 22:29:38.657952 Tango: We should replace Bravo with Golf
ChatterBot Uniform reevaluating
2024-10-14 22:29:38.671079 Lima: No
2024-10-14 22:29:38.671277 Uniform: Yes
2024-10-14 22:29:38.671455 Quebec: No
ChatterBot Uniform reevaluating
ChatterBot Tango reevaluating
ChatterBot Lima reevaluating
ChatterBot Tango reevaluating
ChatterBot Lima reevaluating
ChatterBot Uniform reevaluating
ChatterBot Tango reevaluating
2024-10-14 22:29:38.731930 Uniform: We should replace Kilo with Golf
ChatterBot Lima reevaluating
ChatterBot Tango reevaluating
2024-10-14 22:29:38.746774 Lima: Yes
2024-10-14 22:29:38.747387 Tango: No
2024-10-14 22:29:38.747540 Quebec: No
ChatterBot Uniform reevaluating
ChatterBot Tango reevaluating
ChatterBot Lima reevaluating
ChatterBot Uniform reevaluating
ChatterBot Lima reevaluating
ChatterBot Uniform reevaluating
ChatterBot Tango reevaluating
2024-10-14 22:29:38.790670 Bravo: Kilo and Victor, sending you 3
2024-10-14 22:29:38.792819 Sierra: Kilo and Mike, sending you 4
2024-10-14 22:29:38.794771 Victor: Kilo, sending you 5
2024-10-14 22:29:38.796468 Lima: Golf we want you to join our group
2024-10-14 22:29:38.801887 Golf: No
ChatterBot Lima reevaluating
ChatterBot Tango reevaluating
ChatterBot Uniform reevaluating
2024-10-14 22:29:38.821291 Golf: Kilo and Sierra, sending you 4
2024-10-14 22:29:38.823191 Bravo: Sierra and Mike, sending you 4
2024-10-14 22:29:38.824892 Sierra: Victor, sending you 2
2024-10-14 22:29:38.826050 Victor: Sierra and Bravo, sending you 3
2024-10-14 22:29:38.827115 Quebec: I was attacked by Victor, Bravo and Mike
ChatterBot Lima reevaluating
ChatterBot Uniform reevaluating
ChatterBot Tango reevaluating
2024-10-14 22:29:38.835645 Quebec: I'm keeping this round to protect myself
2024-10-14 22:29:38.836474 Quebec: Ow
2024-10-14 22:29:38.838119 Golf: Victor and Bravo, sending you 2
2024-10-14 22:29:38.838903 Bravo: Golf, sending you 2
2024-10-14 22:29:38.839965 Sierra: Bravo and Golf, sending you 3
2024-10-14 22:29:38.840608 Kilo: Sierra and Golf, sending you 3
2024-10-14 22:29:38.841273 Victor: Lima, sending you 1
2024-10-14 22:29:38.841965 Mike: Kilo and Victor, sending you 3
2024-10-14 22:29:38.843106 Golf: Mike, sending you 5
2024-10-14 22:29:38.843817 Kilo: Victor, sending you 5
2024-10-14 22:29:38.844939 Uniform: Golf we want you to join our group
2024-10-14 22:29:38.847706 Golf: No
ChatterBot Lima reevaluating
ChatterBot Uniform reevaluating
2024-10-14 22:29:38.858014 Tango: Golf we want you to join our group
2024-10-14 22:29:38.860542 Golf: No
ChatterBot Lima reevaluating
ChatterBot Uniform reevaluating
2024-10-14 22:29:38.870495 Victor: Golf, sending you 2
2024-10-14 22:29:38.871458 Mike: Sierra, Bravo and Golf, sending you 4
2024-10-14 22:29:38.872245 Kilo: Bravo and Mike, sending you 2
2024-10-14 22:29:38.873682 Victor: Mike, sending you 4
2024-10-14 22:29:38.889668 Tango: Lima, Uniform and Quebec, sending you 5
2024-10-14 22:29:38.897664 Lima: Tango, sending you 5
2024-10-14 22:29:38.902682 Lima: Golf, sending you 1
2024-10-14 22:29:38.906662 Lima: Uniform, sending you 7
2024-10-14 22:29:38.911686 Lima: Quebec, sending you 3
chatterbot Victor submitting transactions
chatterbot Kilo submitting transactions
chatterbot Golf submitting transactions
chatterbot Tango submitting transactions
chatterbot Lima submitting transactions
chatterbot Bravo submitting transactions
chatterbot Quebec submitting transactions
chatterbot Uniform submitting transactions
chatterbot Sierra submitting transactions
chatterbot Mike submitting transactions
ChatterBot Kilo round 10
ChatterBot Sierra round 10
ChatterBot Lima round 10
ChatterBot Victor round 10
ChatterBot Bravo round 10
ChatterBot Tango round 10
ChatterBot Golf round 10
ChatterBot Uniform round 10
ChatterBot Quebec round 10
ChatterBot Mike round 10
2024-10-14 22:29:40.021875 Uniform: We should replace Kilo with Golf
ChatterBot Lima reevaluating
ChatterBot Tango reevaluating
2024-10-14 22:29:40.030514 Lima: Yes
2024-10-14 22:29:40.030681 Tango: No
