ChatterBot Echo round 1
ChatterBot Whiskey round 1
ChatterBot Kilo round 1
ChatterBot Quebec round 1
ChatterBot Juliett round 1
ChatterBot Bravo round 1
ChatterBot Victor round 1
ChatterBot Zulu round 1
ChatterBot Golf round 1
ChatterBot Papa round 1
randomSelections Whiskey: {Whiskey, Echo, Juliett, Kilo, Quebec, Papa, Bravo} 
2024-10-14 22:29:24.492884 Whiskey: Can we be friends?
ChatterBot Echo reevaluating
ChatterBot Juliett reevaluating
ChatterBot Kilo reevaluating
ChatterBot Quebec reevaluating
ChatterBot Papa reevaluating
ChatterBot Bravo reevaluating
2024-10-14 22:29:24.515531 Echo: Yes
2024-10-14 22:29:24.515709 Juliett: Yes
2024-10-14 22:29:24.515811 Kilo: Yes
2024-10-14 22:29:24.515951 Quebec: Yes
2024-10-14 22:29:24.516060 Papa: Yes
2024-10-14 22:29:24.516188 Bravo: Yes
ChatterBot Juliett reevaluating
ChatterBot Kilo reevaluating
ChatterBot Quebec reevaluating
ChatterBot Papa reevaluating
ChatterBot Bravo reevaluating
ChatterBot Echo reevaluating
ChatterBot Kilo reevaluating
ChatterBot Quebec reevaluating
ChatterBot Papa reevaluating
ChatterBot Bravo reevaluating
ChatterBot Echo reevaluating
ChatterBot Juliett reevaluating
ChatterBot Quebec reevaluating
ChatterBot Papa reevaluating
ChatterBot Bravo reevaluating
ChatterBot Echo reevaluating
ChatterBot Juliett reevaluating
ChatterBot Kilo reevaluating
ChatterBot Papa reevaluating
ChatterBot Bravo reevaluating
ChatterBot Echo reevaluating
ChatterBot Juliett reevaluating
ChatterBot Kilo reevaluating
ChatterBot Quebec reevaluating
ChatterBot Bravo reevaluating
ChatterBot Echo reevaluating
ChatterBot Juliett reevaluating
ChatterBot Kilo reevaluating
ChatterBot Quebec reevaluating
ChatterBot Papa reevaluating
randomSelections Zulu: {Zulu, Victor, Juliett, Whiskey, Papa, Kilo} 
2024-10-14 22:29:24.675438 Zulu: We should group up
ChatterBot Victor reevaluating
ChatterBot Juliett reevaluating
ChatterBot Papa reevaluating
ChatterBot Kilo reevaluating
2024-10-14 22:29:24.682823 Victor: Yes
2024-10-14 22:29:24.682953 Juliett: No
2024-10-14 22:29:24.683222 Whiskey: No
2024-10-14 22:29:24.683831 Papa: No
2024-10-14 22:29:24.683967 Kilo: No
ChatterBot Juliett reevaluating
ChatterBot Papa reevaluating
ChatterBot Kilo reevaluating
ChatterBot Victor reevaluating
ChatterBot Papa reevaluating
ChatterBot Kilo reevaluating
ChatterBot Victor reevaluating
ChatterBot Juliett reevaluating
ChatterBot Papa reevaluating
ChatterBot Kilo reevaluating
ChatterBot Victor reevaluating
ChatterBot Juliett reevaluating
ChatterBot Kilo reevaluating
ChatterBot Victor reevaluating
ChatterBot Juliett reevaluating
ChatterBot Papa reevaluating
randomSelections Golf: {Golf, Whiskey, Quebec, Victor, Kilo, Papa, Bravo, Echo} 
2024-10-14 22:29:24.727366 Golf: We would work well together
ChatterBot Quebec reevaluating
ChatterBot Victor reevaluating
ChatterBot Kilo reevaluating
ChatterBot Papa reevaluating
ChatterBot Bravo reevaluating
ChatterBot Echo reevaluating
2024-10-14 22:29:24.736972 Whiskey: No
2024-10-14 22:29:24.737336 Quebec: No
2024-10-14 22:29:24.737973 Victor: No
2024-10-14 22:29:24.738237 Kilo: No
2024-10-14 22:29:24.738487 Papa: No
2024-10-14 22:29:24.738769 Bravo: No
2024-10-14 22:29:24.739412 Echo: No
ChatterBot Quebec reevaluating
ChatterBot Victor reevaluating
ChatterBot Kilo reevaluating
ChatterBot Papa reevaluating
ChatterBot Bravo reevaluating
ChatterBot Echo reevaluating
ChatterBot Victor reevaluating
ChatterBot Kilo reevaluating
ChatterBot Papa reevaluating
ChatterBot Bravo reevaluating
ChatterBot Echo reevaluating
ChatterBot Quebec reevaluating
ChatterBot Kilo reevaluating
ChatterBot Papa reevaluating
ChatterBot Bravo reevaluating
ChatterBot Echo reevaluating
ChatterBot Quebec reevaluating
ChatterBot Victor reevaluating
ChatterBot Papa reevaluating
ChatterBot Bravo reevaluating
ChatterBot Echo reevaluating
ChatterBot Quebec reevaluating
ChatterBot Victor reevaluating
ChatterBot Kilo reevaluating
ChatterBot Bravo reevaluating
ChatterBot Echo reevaluating
ChatterBot Quebec reevaluating
ChatterBot Victor reevaluating
ChatterBot Kilo reevaluating
ChatterBot Papa reevaluating
ChatterBot Echo reevaluating
ChatterBot Quebec reevaluating
ChatterBot Victor reevaluating
ChatterBot Kilo reevaluating
ChatterBot Papa reevaluating
ChatterBot Bravo reevaluating
2024-10-14 22:29:24.825011 Whiskey: Echo, Juliett and Papa, sending you 2
2024-10-14 22:29:24.836057 Juliett: Echo and Kilo, sending you 2
2024-10-14 22:29:24.837717 Zulu: Whiskey and Papa, sending you 3
2024-10-14 22:29:24.838422 Whiskey: Kilo and Bravo, sending you 1
2024-10-14 22:29:24.841977 Zulu: Kilo, sending you 6
2024-10-14 22:29:24.845417 Papa: Echo and Bravo, sending you 4
2024-10-14 22:29:24.850855 Juliett: Whiskey, sending you 1
2024-10-14 22:29:24.853481 Victor: Whiskey and Papa, sending you 4
2024-10-14 22:29:24.856032 Golf: Echo, Whiskey and Papa, sending you 2
2024-10-14 22:29:24.858755 Echo: Whiskey, sending you 2
2024-10-14 22:29:24.859368 Bravo: Echo and Whiskey, sending you 1
2024-10-14 22:29:24.859867 Quebec: Echo and Juliett, sending you 1
2024-10-14 22:29:24.861157 Kilo: Echo and Juliett, sending you 5
2024-10-14 22:29:24.861725 Zulu: Juliett and Victor, sending you 2
2024-10-14 22:29:24.862305 Papa: Whiskey and Kilo, sending you 3
2024-10-14 22:29:24.863762 Juliett: Quebec, sending you 5
2024-10-14 22:29:24.864318 Victor: Kilo and Juliett, sending you 3
2024-10-14 22:29:24.864777 Echo: Kilo, Bravo and Papa, sending you 1
2024-10-14 22:29:24.866305 Golf: Kilo and Victor, sending you 4
2024-10-14 22:29:24.866803 Quebec: Whiskey, sending you 6
2024-10-14 22:29:24.867320 Bravo: Kilo, sending you 4
2024-10-14 22:29:24.869300 Kilo: Whiskey and Bravo, sending you 2
2024-10-14 22:29:24.870044 Papa: Quebec and Juliett, sending you 2
2024-10-14 22:29:24.870568 Juliett: Bravo and Papa, sending you 3
2024-10-14 22:29:24.872851 Victor: Zulu, sending you 2
2024-10-14 22:29:24.873298 Echo: Quebec, sending you 5
2024-10-14 22:29:24.873807 Golf: Quebec, sending you 1
2024-10-14 22:29:24.876097 Quebec: Kilo, sending you 4
2024-10-14 22:29:24.876535 Kilo: Quebec, sending you 3
2024-10-14 22:29:24.876998 Bravo: Quebec and Papa, sending you 3
2024-10-14 22:29:24.878168 Echo: Juliett, sending you 4
2024-10-14 22:29:24.880722 Golf: Bravo, sending you 3
2024-10-14 22:29:24.881220 Kilo: Papa, sending you 1
2024-10-14 22:29:24.882335 Quebec: Bravo and Papa, sending you 3
2024-10-14 22:29:24.882981 Bravo: Juliett, sending you 5
chatterbot Zulu submitting transactions
chatterbot Kilo submitting transactions
chatterbot Whiskey submitting transactions
chatterbot Bravo submitting transactions
chatterbot Echo submitting transactions
chatterbot Juliett submitting transactions
chatterbot Papa submitting transactions
chatterbot Golf submitting transactions
chatterbot Victor submitting transactions
chatterbot Quebec submitting transactions
ChatterBot Echo round 2
ChatterBot Whiskey round 2
ChatterBot Kilo round 2
ChatterBot Quebec round 2
ChatterBot Juliett round 2
2024-10-14 22:29:26.074486 Echo: We should add Golf
ChatterBot Whiskey reevaluating
ChatterBot Juliett reevaluating
ChatterBot Kilo reevaluating
ChatterBot Quebec reevaluating
ChatterBot Papa reevaluating
ChatterBot Bravo reevaluating
2024-10-14 22:29:26.126555 Whiskey: Yes
2024-10-14 22:29:26.126769 Juliett: No
2024-10-14 22:29:26.126946 Kilo: Yes
2024-10-14 22:29:26.127108 Quebec: Yes
2024-10-14 22:29:26.127629 Papa: No
2024-10-14 22:29:26.127794 Bravo: Yes
ChatterBot Juliett reevaluating
ChatterBot Kilo reevaluating
ChatterBot Quebec reevaluating
ChatterBot Papa reevaluating
ChatterBot Bravo reevaluating
ChatterBot Whiskey reevaluating
ChatterBot Kilo reevaluating
ChatterBot Quebec reevaluating
ChatterBot Papa reevaluating
ChatterBot Bravo reevaluating
ChatterBot Whiskey reevaluating
ChatterBot Juliett reevaluating
ChatterBot Quebec reevaluating
ChatterBot Papa reevaluating
ChatterBot Bravo reevaluating
ChatterBot Whiskey reevaluating
ChatterBot Juliett reevaluating
ChatterBot Kilo reevaluating
ChatterBot Papa reevaluating
ChatterBot Bravo reevaluating
ChatterBot Whiskey reevaluating
ChatterBot Juliett reevaluating
ChatterBot Kilo reevaluating
ChatterBot Quebec reevaluating
ChatterBot Bravo reevaluating
ChatterBot Whiskey reevaluating
ChatterBot Juliett reevaluating
ChatterBot Kilo reevaluating
ChatterBot Quebec reevaluating
ChatterBot Papa reevaluating
2024-10-14 22:29:26.518361 Juliett: We should add Victor and Zulu
ChatterBot Whiskey reevaluating
ChatterBot Kilo reevaluating
ChatterBot Quebec reevaluating
ChatterBot Papa reevaluating
ChatterBot Bravo reevaluating
2024-10-14 22:29:26.590761 Whiskey: No
2024-10-14 22:29:26.591398 Echo: No
2024-10-14 22:29:26.591608 Kilo: No
2024-10-14 22:29:26.591825 Quebec: No
2024-10-14 22:29:26.591987 Papa: No
2024-10-14 22:29:26.592621 Bravo: No
ChatterBot Juliett reevaluating
ChatterBot Kilo reevaluating
ChatterBot Quebec reevaluating
ChatterBot Papa reevaluating
ChatterBot Bravo reevaluating
ChatterBot Whiskey reevaluating
ChatterBot Juliett reevaluating
ChatterBot Kilo reevaluating
ChatterBot Quebec reevaluating
ChatterBot Papa reevaluating
ChatterBot Bravo reevaluating
ChatterBot Whiskey reevaluating
ChatterBot Juliett reevaluating
ChatterBot Quebec reevaluating
ChatterBot Papa reevaluating
ChatterBot Bravo reevaluating
ChatterBot Whiskey reevaluating
ChatterBot Juliett reevaluating
ChatterBot Kilo reevaluating
ChatterBot Papa reevaluating
ChatterBot Bravo reevaluating
ChatterBot Whiskey reevaluating
ChatterBot Juliett reevaluating
ChatterBot Kilo reevaluating
ChatterBot Quebec reevaluating
ChatterBot Bravo reevaluating
ChatterBot Whiskey reevaluating
ChatterBot Juliett reevaluating
ChatterBot Kilo reevaluating
ChatterBot Quebec reevaluating
ChatterBot Papa reevaluating
ChatterBot Bravo round 2
ChatterBot Victor round 2
ChatterBot Zulu round 2
ChatterBot Golf round 2
ChatterBot Papa round 2
2024-10-14 22:29:27.048462 Echo: Golf we want you to join our group
ChatterBot Golf reevaluating
2024-10-14 22:29:27.053327 Golf: No
ChatterBot Whiskey reevaluating
ChatterBot Kilo reevaluating
ChatterBot Quebec reevaluating
ChatterBot Juliett reevaluating
ChatterBot Bravo reevaluating
ChatterBot Papa reevaluating
2024-10-14 22:29:27.082232 Golf: We would work well together
2024-10-14 22:29:27.082578 Bravo: We should add Golf
2024-10-14 22:29:27.083234 Papa: We should add Golf
ChatterBot Kilo reevaluating
ChatterBot Quebec reevaluating
ChatterBot Juliett reevaluating
ChatterBot Bravo reevaluating
ChatterBot Papa reevaluating
ChatterBot Victor reevaluating
ChatterBot Zulu reevaluating
2024-10-14 22:29:27.115441 Echo: No
2024-10-14 22:29:27.115581 Kilo: No
2024-10-14 22:29:27.115758 Quebec: No
2024-10-14 22:29:27.116298 Juliett: No
2024-10-14 22:29:27.116399 Bravo: No
2024-10-14 22:29:27.116486 Papa: No
2024-10-14 22:29:27.116585 Victor: No
2024-10-14 22:29:27.116700 Zulu: No
ChatterBot Whiskey reevaluating
ChatterBot Juliett reevaluating
ChatterBot Kilo reevaluating
ChatterBot Quebec reevaluating
ChatterBot Papa reevaluating
2024-10-14 22:29:27.140268 Whiskey: Yes
ChatterBot Whiskey reevaluating
2024-10-14 22:29:27.144295 Echo: Yes
2024-10-14 22:29:27.147325 Juliett: Yes
ChatterBot Juliett reevaluating
2024-10-14 22:29:27.151540 Kilo: Yes
ChatterBot Kilo reevaluating
2024-10-14 22:29:27.155668 Quebec: Yes
ChatterBot Quebec reevaluating
2024-10-14 22:29:27.159675 Papa: Yes
ChatterBot Bravo reevaluating
ChatterBot Golf reevaluating
ChatterBot Victor reevaluating
ChatterBot Zulu reevaluating
2024-10-14 22:29:27.176533 Whiskey: Yes
2024-10-14 22:29:27.176677 Echo: Yes
2024-10-14 22:29:27.177247 Juliett: No
ChatterBot Juliett reevaluating
2024-10-14 22:29:27.181364 Kilo: Yes
ChatterBot Kilo reevaluating
2024-10-14 22:29:27.185663 Quebec: Yes
ChatterBot Quebec reevaluating
ChatterBot Papa reevaluating
2024-10-14 22:29:27.193708 Bravo: Yes
ChatterBot Bravo reevaluating
ChatterBot Golf reevaluating
ChatterBot Victor reevaluating
ChatterBot Zulu reevaluating
ChatterBot Juliett reevaluating
ChatterBot Quebec reevaluating
ChatterBot Papa reevaluating
ChatterBot Bravo reevaluating
ChatterBot Golf reevaluating
ChatterBot Victor reevaluating
ChatterBot Zulu reevaluating
ChatterBot Whiskey reevaluating
ChatterBot Juliett reevaluating
ChatterBot Kilo reevaluating
ChatterBot Papa reevaluating
ChatterBot Bravo reevaluating
ChatterBot Golf reevaluating
ChatterBot Victor reevaluating
ChatterBot Zulu reevaluating
ChatterBot Whiskey reevaluating
ChatterBot Kilo reevaluating
ChatterBot Quebec reevaluating
ChatterBot Papa reevaluating
ChatterBot Bravo reevaluating
ChatterBot Golf reevaluating
ChatterBot Victor reevaluating
ChatterBot Zulu reevaluating
ChatterBot Whiskey reevaluating
ChatterBot Juliett reevaluating
ChatterBot Kilo reevaluating
ChatterBot Quebec reevaluating
ChatterBot Papa reevaluating
ChatterBot Golf reevaluating
ChatterBot Victor reevaluating
ChatterBot Zulu reevaluating
ChatterBot Whiskey reevaluating
ChatterBot Juliett reevaluating
ChatterBot Kilo reevaluating
ChatterBot Quebec reevaluating
ChatterBot Bravo reevaluating
ChatterBot Golf reevaluating
ChatterBot Zulu reevaluating
ChatterBot Whiskey reevaluating
ChatterBot Juliett reevaluating
ChatterBot Kilo reevaluating
ChatterBot Quebec reevaluating
ChatterBot Papa reevaluating
ChatterBot Bravo reevaluating
ChatterBot Golf reevaluating
ChatterBot Victor reevaluating
ChatterBot Juliett reevaluating
ChatterBot Kilo reevaluating
ChatterBot Quebec reevaluating
ChatterBot Papa reevaluating
ChatterBot Bravo reevaluating
ChatterBot Whiskey reevaluating
ChatterBot Juliett reevaluating
ChatterBot Kilo reevaluating
ChatterBot Quebec reevaluating
ChatterBot Papa reevaluating
ChatterBot Bravo reevaluating
ChatterBot Whiskey reevaluating
ChatterBot Juliett reevaluating
ChatterBot Kilo reevaluating
ChatterBot Quebec reevaluating
ChatterBot Papa reevaluating
ChatterBot Bravo reevaluating
ChatterBot Whiskey reevaluating
ChatterBot Kilo reevaluating
ChatterBot Quebec reevaluating
ChatterBot Papa reevaluating
ChatterBot Bravo reevaluating
ChatterBot Whiskey reevaluating
ChatterBot Juliett reevaluating
ChatterBot Quebec reevaluating
ChatterBot Papa reevaluating
ChatterBot Bravo reevaluating
ChatterBot Whiskey reevaluating
ChatterBot Juliett reevaluating
ChatterBot Kilo reevaluating
ChatterBot Papa reevaluating
ChatterBot Bravo reevaluating
ChatterBot Juliett reevaluating
ChatterBot Kilo reevaluating
ChatterBot Quebec reevaluating
ChatterBot Bravo reevaluating
ChatterBot Juliett reevaluating
ChatterBot Kilo reevaluating
ChatterBot Quebec reevaluating
ChatterBot Papa reevaluating
ChatterBot Bravo reevaluating
ChatterBot Juliett reevaluating
ChatterBot Kilo reevaluating
ChatterBot Quebec reevaluating
ChatterBot Papa reevaluating
ChatterBot Bravo reevaluating
ChatterBot Kilo reevaluating
ChatterBot Quebec reevaluating
ChatterBot Papa reevaluating
ChatterBot Bravo reevaluating
ChatterBot Juliett reevaluating
ChatterBot Quebec reevaluating
ChatterBot Papa reevaluating
ChatterBot Bravo reevaluating
ChatterBot Juliett reevaluating
ChatterBot Kilo reevaluating
ChatterBot Papa reevaluating
ChatterBot Bravo reevaluating
ChatterBot Juliett reevaluating
ChatterBot Kilo reevaluating
ChatterBot Quebec reevaluating
ChatterBot Papa reevaluating
2024-10-14 22:29:28.118195 Quebec: Golf we want you to join our group
ChatterBot Golf reevaluating
2024-10-14 22:29:28.123966 Golf: Yes
ChatterBot Whiskey reevaluating
2024-10-14 22:29:28.149967 Golf: We should add Juliett and Zulu
ChatterBot Whiskey reevaluating
2024-10-14 22:29:28.183358 Whiskey: No
2024-10-14 22:29:28.183909 Quebec: No
2024-10-14 22:29:28.184165 Victor: No
2024-10-14 22:29:28.185061 Kilo: No
2024-10-14 22:29:28.185215 Papa: No
2024-10-14 22:29:28.185571 Bravo: No
2024-10-14 22:29:28.185834 Echo: No
ChatterBot Golf reevaluating
ChatterBot Papa reevaluating
ChatterBot Golf reevaluating
ChatterBot Whiskey reevaluating
ChatterBot Papa reevaluating
ChatterBot Golf reevaluating
ChatterBot Whiskey reevaluating
ChatterBot Papa reevaluating
ChatterBot Golf reevaluating
ChatterBot Whiskey reevaluating
ChatterBot Papa reevaluating
ChatterBot Golf reevaluating
ChatterBot Whiskey reevaluating
ChatterBot Golf reevaluating
ChatterBot Whiskey reevaluating
ChatterBot Papa reevaluating
ChatterBot Golf reevaluating
ChatterBot Whiskey reevaluating
ChatterBot Papa reevaluating
2024-10-14 22:29:28.387480 Kilo: Golf we want you to join our group
ChatterBot Golf reevaluating
2024-10-14 22:29:28.392072 Golf: Yes
ChatterBot Juliett reevaluating
ChatterBot Papa reevaluating
2024-10-14 22:29:28.417936 Bravo: Golf we want you to join our group
ChatterBot Golf reevaluating
2024-10-14 22:29:28.423159 Golf: No
ChatterBot Juliett reevaluating
2024-10-14 22:29:28.447415 Golf: We should group up
ChatterBot Juliett reevaluating
2024-10-14 22:29:28.469113 Echo: Yes
2024-10-14 22:29:28.469294 Whiskey: Yes
2024-10-14 22:29:28.469404 Kilo: Yes
2024-10-14 22:29:28.469505 Quebec: Yes
2024-10-14 22:29:28.469638 Juliett: Yes
2024-10-14 22:29:28.469761 Papa: Yes
ChatterBot Golf reevaluating
ChatterBot Juliett reevaluating
ChatterBot Golf reevaluating
ChatterBot Juliett reevaluating
ChatterBot Golf reevaluating
ChatterBot Juliett reevaluating
ChatterBot Golf reevaluating
ChatterBot Juliett reevaluating
ChatterBot Golf reevaluating
ChatterBot Golf reevaluating
ChatterBot Juliett reevaluating
2024-10-14 22:29:28.624467 Whiskey: Golf we want you to join our group
ChatterBot Golf reevaluating
2024-10-14 22:29:28.630447 Golf: Yes
ChatterBot Juliett reevaluating
2024-10-14 22:29:28.656332 Papa: Golf we want you to join our group
ChatterBot Golf reevaluating
2024-10-14 22:29:28.661839 Golf: Yes
ChatterBot Juliett reevaluating
chatterbot Echo submitting transactions
2024-10-14 22:29:28.689145 Echo: Whiskey, Quebec, Juliett, Bravo and Golf, sending you 2
2024-10-14 22:29:29.084449 Victor: Zulu, sending you 7
2024-10-14 22:29:29.085524 Zulu: Victor, sending you 8
2024-10-14 22:29:29.085840 Echo: Kilo and Papa, sending you 4
2024-10-14 22:29:29.086789 Quebec: Echo and Juliett, sending you 5
2024-10-14 22:29:29.087342 Kilo: Echo and Whiskey, sending you 1
chatterbot Quebec submitting transactions
chatterbot Bravo submitting transactions
chatterbot Whiskey submitting transactions
2024-10-14 22:29:29.088898 Victor: Golf, sending you 11
2024-10-14 22:29:29.175720 Zulu: Golf, sending you 7
2024-10-14 22:29:29.176025 Whiskey: Echo, Kilo and Golf, sending you 2
2024-10-14 22:29:29.176682 Quebec: Kilo and Bravo, sending you 3
2024-10-14 22:29:29.177773 Kilo: Quebec and Bravo, sending you 4
2024-10-14 22:29:29.178269 Papa: Echo, sending you 1
2024-10-14 22:29:29.178639 Bravo: Echo and Whiskey, sending you 1
chatterbot Papa submitting transactions
chatterbot Kilo submitting transactions
chatterbot Zulu submitting transactions
2024-10-14 22:29:29.179920 Whiskey: Quebec and Papa, sending you 3
2024-10-14 22:29:29.248983 Kilo: Juliett, sending you 2
2024-10-14 22:29:29.250219 Quebec: Golf, sending you 1
2024-10-14 22:29:29.250785 Papa: Whiskey and Golf, sending you 3
2024-10-14 22:29:29.251285 Bravo: Kilo, sending you 2
2024-10-14 22:29:29.252161 Golf: Echo, Whiskey, Kilo, Quebec, Juliett and Bravo, sending you 3
2024-10-14 22:29:29.252729 Juliett: Echo, Whiskey, Kilo, Bravo and Papa, sending you 3
2024-10-14 22:29:29.253773 Whiskey: Juliett, sending you 1
2024-10-14 22:29:29.286131 Kilo: Golf and Papa, sending you 3
2024-10-14 22:29:29.286663 Quebec: Papa, sending you 2
2024-10-14 22:29:29.287180 Papa: Quebec, Juliett and Bravo, sending you 4
2024-10-14 22:29:29.288096 Bravo: Quebec, sending you 4
2024-10-14 22:29:29.288539 Golf: Papa, sending you 1
2024-10-14 22:29:29.289426 Juliett: Quebec, sending you 1
2024-10-14 22:29:29.313979 Bravo: Juliett and Golf, sending you 3
chatterbot Golf submitting transactions
2024-10-14 22:29:29.323739 Bravo: Papa, sending you 5
chatterbot Whiskey submitting transactions
chatterbot Victor submitting transactions
chatterbot Juliett submitting transactions
ChatterBot Echo round 3
ChatterBot Whiskey round 3
ChatterBot Kilo round 3
ChatterBot Quebec round 3
ChatterBot Juliett round 3
ChatterBot Bravo round 3
ChatterBot Victor round 3
ChatterBot Zulu round 3
ChatterBot Golf round 3
ChatterBot Papa round 3
2024-10-14 22:29:30.192774 Juliett: We should add Golf
2024-10-14 22:29:30.215306 Whiskey: Yes
2024-10-14 22:29:30.215547 Echo: Yes
2024-10-14 22:29:30.215758 Kilo: Yes
2024-10-14 22:29:30.216370 Quebec: Yes
2024-10-14 22:29:30.216534 Papa: Yes
2024-10-14 22:29:30.216718 Bravo: Yes
2024-10-14 22:29:30.345446 Golf: We should add Victor and Zulu
2024-10-14 22:29:30.371836 Echo: No
2024-10-14 22:29:30.372081 Whiskey: No
2024-10-14 22:29:30.372689 Kilo: No
2024-10-14 22:29:30.372859 Quebec: No
2024-10-14 22:29:30.373008 Juliett: No
2024-10-14 22:29:30.373194 Bravo: No
2024-10-14 22:29:30.373349 Papa: No
ChatterBot Golf reevaluating
ChatterBot Golf reevaluating
ChatterBot Golf reevaluating
ChatterBot Golf reevaluating
ChatterBot Golf reevaluating
ChatterBot Golf reevaluating
ChatterBot Golf reevaluating
2024-10-14 22:29:30.519427 Juliett: Golf we want you to join our group
ChatterBot Golf reevaluating
2024-10-14 22:29:30.523760 Golf: Yes
2024-10-14 22:29:30.847413 Whiskey: Echo, Kilo and Golf, sending you 2
2024-10-14 22:29:30.849475 Quebec: Echo, Juliett, Bravo and Papa, sending you 3
2024-10-14 22:29:30.851190 Echo: Whiskey, Bravo and Golf, sending you 2
2024-10-14 22:29:30.852824 Bravo: Echo, sending you 2
chatterbot Bravo submitting transactions
2024-10-14 22:29:30.854694 Whiskey: Quebec, Juliett and Papa, sending you 3
2024-10-14 22:29:30.856266 Quebec: Whiskey, sending you 2
2024-10-14 22:29:30.857970 Echo: Kilo, Quebec, Juliett and Papa, sending you 3
2024-10-14 22:29:30.859742 Zulu: Victor, sending you 8
2024-10-14 22:29:30.860281 Juliett: Echo, Whiskey, Quebec, Golf and Papa, sending you 2
2024-10-14 22:29:30.861800 Victor: Zulu, sending you 12
2024-10-14 22:29:30.862865 Bravo: Whiskey, sending you 1
2024-10-14 22:29:30.863775 Kilo: Echo, Quebec, Juliett, Bravo and Golf, sending you 3
2024-10-14 22:29:30.866191 Papa: Echo, Whiskey and Juliett, sending you 3
2024-10-14 22:29:30.867914 Whiskey: Bravo, sending you 1
2024-10-14 22:29:30.868980 Quebec: Kilo, sending you 4
2024-10-14 22:29:30.870848 Zulu: Golf, sending you 7
2024-10-14 22:29:30.871272 Juliett: Kilo and Bravo, sending you 3
2024-10-14 22:29:30.872639 Victor: Golf, sending you 6
2024-10-14 22:29:30.873153 Bravo: Kilo, Quebec, Juliett and Golf, sending you 3
2024-10-14 22:29:30.874479 Kilo: Whiskey, sending you 2
2024-10-14 22:29:30.876248 Papa: Kilo and Quebec, sending you 2
2024-10-14 22:29:30.877890 Quebec: Golf, sending you 1
2024-10-14 22:29:30.879476 Bravo: Papa, sending you 4
2024-10-14 22:29:30.881332 Kilo: Papa, sending you 1
2024-10-14 22:29:30.883269 Golf: Echo and Whiskey, sending you 3
2024-10-14 22:29:30.884861 Papa: Bravo, sending you 5
2024-10-14 22:29:30.887696 Golf: Kilo, Bravo and Papa, sending you 4
2024-10-14 22:29:31.018569 Papa: Golf, sending you 1
2024-10-14 22:29:31.020241 Golf: Quebec, sending you 1
chatterbot Zulu submitting transactions
chatterbot Whiskey submitting transactions
chatterbot Kilo submitting transactions
chatterbot Papa submitting transactions
chatterbot Juliett submitting transactions
chatterbot Quebec submitting transactions
chatterbot Echo submitting transactions
chatterbot Golf submitting transactions
chatterbot Victor submitting transactions
ChatterBot Echo round 4
ChatterBot Whiskey round 4
ChatterBot Kilo round 4
ChatterBot Quebec round 4
ChatterBot Juliett round 4
ChatterBot Bravo round 4
ChatterBot Victor round 4
ChatterBot Zulu round 4
ChatterBot Golf round 4
ChatterBot Papa round 4
2024-10-14 22:29:32.070194 Zulu: We should drop Golf
ChatterBot Victor reevaluating
2024-10-14 22:29:32.076803 Victor: Yes
2024-10-14 22:29:32.081832 Whiskey: Echo, Kilo and Juliett, sending you 2
2024-10-14 22:29:32.206588 Echo: Whiskey, sending you 2
2024-10-14 22:29:32.207275 Whiskey: Quebec, Golf and Papa, sending you 3
2024-10-14 22:29:32.208338 Bravo: Echo, sending you 2
2024-10-14 22:29:32.208827 Juliett: Echo, Whiskey, Quebec, Golf and Papa, sending you 2
2024-10-14 22:29:32.209739 Quebec: Echo, Kilo, Juliett, Bravo and Papa, sending you 3
2024-10-14 22:29:32.210314 Kilo: Echo, Quebec, Juliett, Bravo and Golf, sending you 3
2024-10-14 22:29:32.211683 Echo: Kilo, Quebec, Juliett, Golf and Papa, sending you 3
2024-10-14 22:29:32.212626 Whiskey: Bravo, sending you 1
2024-10-14 22:29:32.213200 Bravo: Whiskey, sending you 1
2024-10-14 22:29:32.214212 Juliett: Kilo and Bravo, sending you 3
2024-10-14 22:29:32.318850 Quebec: Whiskey and Golf, sending you 2
2024-10-14 22:29:32.320522 Kilo: Whiskey, sending you 2
2024-10-14 22:29:32.322049 Papa: Echo, Whiskey, Quebec and Juliett, sending you 3
2024-10-14 22:29:32.323817 Golf: Echo, Whiskey and Papa, sending you 3
2024-10-14 22:29:32.325320 Echo: Bravo, sending you 1
2024-10-14 22:29:32.326576 Bravo: Kilo, Quebec, Juliett and Golf, sending you 3
2024-10-14 22:29:32.327405 Kilo: Papa, sending you 1
2024-10-14 22:29:32.634348 Papa: Kilo, sending you 1
2024-10-14 22:29:32.636332 Golf: Kilo and Bravo, sending you 4
2024-10-14 22:29:32.637988 Bravo: Papa, sending you 4
2024-10-14 22:29:32.638982 Zulu: Sending you 7
chatterbot Echo submitting transactions
chatterbot Quebec submitting transactions
chatterbot Kilo submitting transactions
2024-10-14 22:29:32.640242 Papa: Bravo, sending you 4
2024-10-14 22:29:32.747094 Golf: Juliett, sending you 2
2024-10-14 22:29:32.749672 Victor: Sending you 17
2024-10-14 22:29:32.750280 Papa: Golf, sending you 2
chatterbot Zulu submitting transactions
chatterbot Bravo submitting transactions
chatterbot Victor submitting transactions
chatterbot Juliett submitting transactions
chatterbot Papa submitting transactions
chatterbot Whiskey submitting transactions
chatterbot Golf submitting transactions
ChatterBot Echo round 5
ChatterBot Whiskey round 5
ChatterBot Kilo round 5
ChatterBot Quebec round 5
ChatterBot Juliett round 5
ChatterBot Bravo round 5
ChatterBot Victor round 5
ChatterBot Zulu round 5
ChatterBot Golf round 5
ChatterBot Papa round 5
2024-10-14 22:29:33.226718 Echo: Whiskey, Juliett and Bravo, sending you 2
2024-10-14 22:29:33.228674 Victor: Sending you 18
2024-10-14 22:29:33.229678 Bravo: Echo, sending you 2
2024-10-14 22:29:33.231402 Quebec: Echo, Whiskey, Bravo and Papa, sending you 3
2024-10-14 22:29:33.233009 Juliett: Echo, Whiskey, Quebec, Golf and Papa, sending you 2
2024-10-14 22:29:33.234358 Echo: Kilo, Quebec, Golf and Papa, sending you 3
2024-10-14 22:29:33.236113 Kilo: Echo, Quebec, Juliett, Bravo and Golf, sending you 3
2024-10-14 22:29:33.237666 Bravo: Whiskey, sending you 1
2024-10-14 22:29:33.239032 Quebec: Kilo, sending you 4
2024-10-14 22:29:33.240667 Juliett: Kilo and Bravo, sending you 3
2024-10-14 22:29:33.241735 Kilo: Whiskey, sending you 2
2024-10-14 22:29:33.243057 Zulu: Sending you 6
2024-10-14 22:29:33.243677 Bravo: Kilo, Quebec, Juliett and Golf, sending you 3
2024-10-14 22:29:33.245458 Whiskey: Echo, Kilo, Quebec and Juliett, sending you 2
2024-10-14 22:29:33.246508 Quebec: Juliett, sending you 2
2024-10-14 22:29:33.247929 Kilo: Papa, sending you 1
2024-10-14 22:29:33.248749 Papa: Echo, Whiskey, Quebec, Juliett and Golf, sending you 3
2024-10-14 22:29:33.250446 Golf: Echo, Whiskey and Bravo, sending you 3
2024-10-14 22:29:33.251325 Bravo: Papa, sending you 4
2024-10-14 22:29:33.252604 Whiskey: Bravo, sending you 1
2024-10-14 22:29:33.253536 Quebec: Golf, sending you 1
2024-10-14 22:29:33.254693 Papa: Bravo, sending you 4
2024-10-14 22:29:33.255343 Golf: Kilo, sending you 4
2024-10-14 22:29:33.257283 Whiskey: Golf, sending you 3
2024-10-14 22:29:33.259691 Golf: Quebec, Juliett and Papa, sending you 2
2024-10-14 22:29:33.261935 Whiskey: Papa, sending you 4
chatterbot Echo submitting transactions
chatterbot Bravo submitting transactions
chatterbot Whiskey submitting transactions
chatterbot Victor submitting transactions
chatterbot Zulu submitting transactions
chatterbot Quebec submitting transactions
chatterbot Juliett submitting transactions
chatterbot Kilo submitting transactions
chatterbot Papa submitting transactions
chatterbot Golf submitting transactions
ChatterBot Echo round 6
ChatterBot Whiskey round 6
ChatterBot Kilo round 6
ChatterBot Quebec round 6
ChatterBot Juliett round 6
ChatterBot Bravo round 6
ChatterBot Victor round 6
ChatterBot Zulu round 6
ChatterBot Golf round 6
ChatterBot Papa round 6
2024-10-14 22:29:34.447231 Juliett: We should drop Golf
2024-10-14 22:29:34.506832 Whiskey: No
2024-10-14 22:29:34.508378 Echo: No
2024-10-14 22:29:34.508735 Kilo: No
2024-10-14 22:29:34.508987 Quebec: No
2024-10-14 22:29:34.509207 Papa: No
2024-10-14 22:29:34.509423 Bravo: No
ChatterBot Juliett reevaluating
ChatterBot Kilo reevaluating
ChatterBot Juliett reevaluating
ChatterBot Kilo reevaluating
ChatterBot Juliett reevaluating
ChatterBot Juliett reevaluating
ChatterBot Kilo reevaluating
ChatterBot Juliett reevaluating
ChatterBot Kilo reevaluating
ChatterBot Juliett reevaluating
ChatterBot Kilo reevaluating
2024-10-14 22:29:34.718007 Bravo: We should drop Juliett
ChatterBot Kilo reevaluating
2024-10-14 22:29:34.740179 Echo: No
2024-10-14 22:29:34.740462 Whiskey: No
2024-10-14 22:29:34.740753 Kilo: Yes
2024-10-14 22:29:34.741551 Quebec: No
2024-10-14 22:29:34.741780 Golf: No
2024-10-14 22:29:34.742099 Papa: No
ChatterBot Kilo reevaluating
ChatterBot Kilo reevaluating
ChatterBot Kilo reevaluating
ChatterBot Kilo reevaluating
ChatterBot Bravo reevaluating
ChatterBot Kilo reevaluating
2024-10-14 22:29:34.897568 Juliett: We should drop Whiskey
ChatterBot Kilo reevaluating
ChatterBot Bravo reevaluating
2024-10-14 22:29:34.920653 Echo: No
2024-10-14 22:29:34.920939 Kilo: No
2024-10-14 22:29:34.921147 Quebec: No
2024-10-14 22:29:34.921297 Bravo: Yes
2024-10-14 22:29:34.921456 Golf: No
2024-10-14 22:29:34.922058 Papa: No
ChatterBot Juliett reevaluating
ChatterBot Kilo reevaluating
ChatterBot Bravo reevaluating
ChatterBot Papa reevaluating
ChatterBot Juliett reevaluating
ChatterBot Bravo reevaluating
ChatterBot Papa reevaluating
ChatterBot Juliett reevaluating
ChatterBot Kilo reevaluating
ChatterBot Bravo reevaluating
ChatterBot Papa reevaluating
ChatterBot Juliett reevaluating
ChatterBot Kilo reevaluating
ChatterBot Papa reevaluating
ChatterBot Juliett reevaluating
ChatterBot Echo reevaluating
ChatterBot Kilo reevaluating
ChatterBot Bravo reevaluating
ChatterBot Papa reevaluating
ChatterBot Juliett reevaluating
ChatterBot Echo reevaluating
ChatterBot Kilo reevaluating
ChatterBot Bravo reevaluating
2024-10-14 22:29:35.049807 Whiskey: Echo, Kilo and Juliett, sending you 2
2024-10-14 22:29:35.053172 Quebec: Echo, Whiskey, Bravo and Papa, sending you 3
2024-10-14 22:29:35.054680 Victor: Same as last round
2024-10-14 22:29:35.055593 Whiskey: Quebec, Golf and Papa, sending you 3
2024-10-14 22:29:35.056545 Golf: Echo, Whiskey, Kilo, Bravo and Papa, sending you 3
2024-10-14 22:29:35.057836 Zulu: Sending you 5
2024-10-14 22:29:35.058681 Quebec: Kilo, sending you 4
2024-10-14 22:29:35.059760 Whiskey: Bravo, sending you 1
2024-10-14 22:29:35.061494 Golf: Quebec and Juliett, sending you 2
2024-10-14 22:29:35.063677 Quebec: Juliett, sending you 2
2024-10-14 22:29:35.069685 Quebec: Golf, sending you 1
2024-10-14 22:29:35.072703 Papa: Echo, Whiskey and Quebec, sending you 3
2024-10-14 22:29:35.078117 Kilo: Echo, Quebec, Juliett, Bravo and Golf, sending you 3
2024-10-14 22:29:35.079502 Papa: Kilo, sending you 1
2024-10-14 22:29:35.081361 Bravo: Echo, sending you 2
2024-10-14 22:29:35.081894 Kilo: Whiskey, sending you 2
2024-10-14 22:29:35.085708 Papa: Juliett and Golf, sending you 2
2024-10-14 22:29:35.087886 Bravo: Whiskey, sending you 1
2024-10-14 22:29:35.088490 Kilo: Papa, sending you 1
chatterbot Victor submitting transactions
2024-10-14 22:29:35.091795 Papa: Bravo, sending you 5
2024-10-14 22:29:35.094122 Bravo: Kilo and Golf, sending you 4
2024-10-14 22:29:35.098687 Bravo: Quebec, sending you 3
2024-10-14 22:29:35.103676 Bravo: Papa, sending you 5
chatterbot Quebec submitting transactions
chatterbot Zulu submitting transactions
chatterbot Golf submitting transactions
chatterbot Papa submitting transactions
chatterbot Bravo submitting transactions
chatterbot Papa submitting transactions
chatterbot Echo submitting transactions
chatterbot Juliett submitting transactions
chatterbot Kilo submitting transactions
chatterbot Echo submitting transactions
chatterbot Whiskey submitting transactions
ChatterBot Echo round 7
ChatterBot Whiskey round 7
ChatterBot Kilo round 7
ChatterBot Quebec round 7
ChatterBot Juliett round 7
ChatterBot Bravo round 7
ChatterBot Victor round 7
ChatterBot Zulu round 7
ChatterBot Golf round 7
ChatterBot Papa round 7
2024-10-14 22:29:35.970644 Echo: We should drop Juliett
ChatterBot Whiskey reevaluating
ChatterBot Golf reevaluating
2024-10-14 22:29:35.990600 Bravo: Yes
2024-10-14 22:29:35.990775 Whiskey: Yes
2024-10-14 22:29:35.990899 Kilo: Yes
2024-10-14 22:29:35.991024 Quebec: Yes
2024-10-14 22:29:35.991134 Golf: Yes
2024-10-14 22:29:35.991267 Papa: Yes
ChatterBot Echo reevaluating
ChatterBot Whiskey reevaluating
ChatterBot Golf reevaluating
ChatterBot Echo reevaluating
ChatterBot Golf reevaluating
ChatterBot Echo reevaluating
ChatterBot Whiskey reevaluating
ChatterBot Golf reevaluating
ChatterBot Echo reevaluating
ChatterBot Whiskey reevaluating
ChatterBot Golf reevaluating
ChatterBot Echo reevaluating
ChatterBot Whiskey reevaluating
ChatterBot Echo reevaluating
ChatterBot Whiskey reevaluating
ChatterBot Golf reevaluating
2024-10-14 22:29:36.125677 Juliett: We should drop Bravo
ChatterBot Golf reevaluating
ChatterBot Echo reevaluating
ChatterBot Whiskey reevaluating
2024-10-14 22:29:36.148096 Golf: No
2024-10-14 22:29:36.148250 Echo: No
2024-10-14 22:29:36.148382 Whiskey: No
2024-10-14 22:29:36.148486 Kilo: No
2024-10-14 22:29:36.148597 Quebec: No
2024-10-14 22:29:36.148755 Papa: No
ChatterBot Echo reevaluating
ChatterBot Whiskey reevaluating
ChatterBot Golf reevaluating
ChatterBot Whiskey reevaluating
ChatterBot Juliett reevaluating
ChatterBot Golf reevaluating
ChatterBot Echo reevaluating
ChatterBot Juliett reevaluating
ChatterBot Golf reevaluating
ChatterBot Echo reevaluating
ChatterBot Whiskey reevaluating
ChatterBot Juliett reevaluating
ChatterBot Golf reevaluating
ChatterBot Echo reevaluating
ChatterBot Whiskey reevaluating
ChatterBot Juliett reevaluating
ChatterBot Golf reevaluating
ChatterBot Echo reevaluating
ChatterBot Whiskey reevaluating
ChatterBot Juliett reevaluating
chatterbot Zulu submitting transactions
2024-10-14 22:29:36.351479 Bravo: Echo, sending you 2
2024-10-14 22:29:36.358424 Bravo: Whiskey, sending you 1
2024-10-14 22:29:36.359277 Zulu: Sending you 4
2024-10-14 22:29:36.359573 Quebec: Echo, Whiskey and Papa, sending you 3
2024-10-14 22:29:36.360740 Victor: Same as last round
2024-10-14 22:29:36.362206 Bravo: Kilo and Golf, sending you 4
2024-10-14 22:29:36.365701 Quebec: Kilo and Bravo, sending you 4
2024-10-14 22:29:36.367718 Bravo: Quebec, sending you 3
2024-10-14 22:29:36.369039 Papa: Echo, Quebec and Golf, sending you 3
2024-10-14 22:29:36.371847 Quebec: Golf, sending you 2
2024-10-14 22:29:36.372529 Whiskey: Echo and Kilo, sending you 2
2024-10-14 22:29:36.373466 Bravo: Papa, sending you 5
2024-10-14 22:29:36.374022 Papa: Whiskey, sending you 4
2024-10-14 22:29:36.378098 Whiskey: Quebec and Golf, sending you 3
2024-10-14 22:29:36.378779 Kilo: Echo and Bravo, sending you 3
2024-10-14 22:29:36.379832 Papa: Kilo, sending you 1
2024-10-14 22:29:36.380523 Juliett: Kilo and Papa, sending you 1
2024-10-14 22:29:36.405098 Whiskey: Bravo, sending you 1
2024-10-14 22:29:36.406599 Kilo: Whiskey and Papa, sending you 2
2024-10-14 22:29:36.407334 Papa: Bravo, sending you 5
2024-10-14 22:29:36.457399 Whiskey: Papa, sending you 4
2024-10-14 22:29:36.459006 Kilo: Quebec and Golf, sending you 4
chatterbot Quebec submitting transactions
chatterbot Kilo submitting transactions
chatterbot Bravo submitting transactions
chatterbot Papa submitting transactions
chatterbot Victor submitting transactions
chatterbot Golf submitting transactions
chatterbot Echo submitting transactions
chatterbot Juliett submitting transactions
chatterbot Whiskey submitting transactions
ChatterBot Echo round 8
ChatterBot Whiskey round 8
ChatterBot Kilo round 8
ChatterBot Quebec round 8
ChatterBot Juliett round 8
ChatterBot Bravo round 8
ChatterBot Victor round 8
ChatterBot Zulu round 8
ChatterBot Golf round 8
ChatterBot Papa round 8
2024-10-14 22:29:37.629982 Juliett: We should replace Echo with Bravo
2024-10-14 22:29:37.643147 Whiskey: No
2024-10-14 22:29:37.643378 Kilo: No
2024-10-14 22:29:37.643539 Quebec: No
2024-10-14 22:29:37.644293 Papa: No
2024-10-14 22:29:37.644414 Golf: No
ChatterBot Juliett reevaluating
ChatterBot Juliett reevaluating
ChatterBot Juliett reevaluating
ChatterBot Juliett reevaluating
ChatterBot Juliett reevaluating
2024-10-14 22:29:37.719633 Echo: We should drop Juliett
2024-10-14 22:29:37.740995 Bravo: Yes
2024-10-14 22:29:37.741244 Whiskey: Yes
2024-10-14 22:29:37.742425 Kilo: Yes
2024-10-14 22:29:37.742557 Quebec: Yes
2024-10-14 22:29:37.742669 Golf: Yes
2024-10-14 22:29:37.742785 Papa: Yes
2024-10-14 22:29:37.975759 Juliett: We should replace Quebec with Bravo
2024-10-14 22:29:37.994468 Echo: No
2024-10-14 22:29:37.994682 Whiskey: No
2024-10-14 22:29:37.995704 Kilo: No
2024-10-14 22:29:37.995960 Papa: No
2024-10-14 22:29:37.996169 Golf: No
ChatterBot Juliett reevaluating
ChatterBot Juliett reevaluating
ChatterBot Juliett reevaluating
ChatterBot Juliett reevaluating
ChatterBot Juliett reevaluating
2024-10-14 22:29:38.134420 Kilo: Echo, Whiskey and Golf, sending you 3
2024-10-14 22:29:38.137032 Bravo: Echo and Golf, sending you 3
2024-10-14 22:29:38.139419 Whiskey: Echo and Quebec, sending you 3
2024-10-14 22:29:38.141847 Victor: Same as last round
2024-10-14 22:29:38.142795 Quebec: Echo, Whiskey and Papa, sending you 3
2024-10-14 22:29:38.144752 Kilo: Quebec and Bravo, sending you 4
2024-10-14 22:29:38.145339 Bravo: Kilo and Quebec, sending you 4
2024-10-14 22:29:38.146588 Whiskey: Kilo and Golf, sending you 2
2024-10-14 22:29:38.148653 Quebec: Kilo, sending you 5
2024-10-14 22:29:38.150808 Golf: Echo, Whiskey and Papa, sending you 2
2024-10-14 22:29:38.152966 Kilo: Papa, sending you 1
2024-10-14 22:29:38.153854 Bravo: Papa, sending you 5
2024-10-14 22:29:38.156370 Whiskey: Bravo, sending you 1
2024-10-14 22:29:38.159334 Quebec: Bravo, sending you 4
2024-10-14 22:29:38.160501 Golf: Kilo and Bravo, sending you 3
2024-10-14 22:29:38.162814 Papa: Echo and Quebec, sending you 3
2024-10-14 22:29:38.166401 Zulu: Same as last round
2024-10-14 22:29:38.166855 Whiskey: Papa, sending you 4
2024-10-14 22:29:38.169249 Quebec: Golf, sending you 1
2024-10-14 22:29:38.172057 Golf: Quebec, sending you 1
2024-10-14 22:29:38.174531 Papa: Whiskey, sending you 4
2024-10-14 22:29:38.178680 Papa: Kilo and Golf, sending you 2
2024-10-14 22:29:38.184736 Papa: Bravo, sending you 5
chatterbot Victor submitting transactions
chatterbot Whiskey submitting transactions
chatterbot Papa submitting transactions
chatterbot Bravo submitting transactions
chatterbot Quebec submitting transactions
chatterbot Kilo submitting transactions
chatterbot Golf submitting transactions
chatterbot Zulu submitting transactions
chatterbot Echo submitting transactions
chatterbot Juliett submitting transactions
ChatterBot Echo round 9
ChatterBot Whiskey round 9
ChatterBot Kilo round 9
ChatterBot Quebec round 9
ChatterBot Juliett round 9
ChatterBot Bravo round 9
ChatterBot Victor round 9
ChatterBot Zulu round 9
ChatterBot Golf round 9
ChatterBot Papa round 9
2024-10-14 22:29:39.222009 Juliett: We should replace Echo with Bravo
2024-10-14 22:29:39.261757 Whiskey: No
2024-10-14 22:29:39.262065 Kilo: No
2024-10-14 22:29:39.262205 Quebec: No
2024-10-14 22:29:39.262429 Papa: No
2024-10-14 22:29:39.262561 Golf: No
ChatterBot Juliett reevaluating
