ChatterBot Foxtrot round 1
ChatterBot Oscar round 1
ChatterBot November round 1
ChatterBot Papa round 1
ChatterBot Whiskey round 1
ChatterBot India round 1
randomSelections November: {November, Papa, Whiskey, India, Yankee, X-ray} 
2024-10-14 22:29:24.499304 November: Group up?
ChatterBot Papa reevaluating
ChatterBot Whiskey reevaluating
ChatterBot India reevaluating
2024-10-14 22:29:24.513042 Papa: Yes
2024-10-14 22:29:24.514753 Whiskey: Yes
2024-10-14 22:29:24.514859 India: Yes
ChatterBot Whiskey reevaluating
ChatterBot India reevaluating
ChatterBot Papa reevaluating
ChatterBot India reevaluating
ChatterBot Papa reevaluating
ChatterBot Whiskey reevaluating
ChatterBot X-ray round 1
ChatterBot X-ray reevaluating
ChatterBot X-ray reevaluating
ChatterBot X-ray reevaluating
ChatterBot X-ray reevaluating
2024-10-14 22:29:24.581180 X-ray: Yes
ChatterBot Papa reevaluating
ChatterBot Whiskey reevaluating
ChatterBot India reevaluating
ChatterBot Yankee round 1
ChatterBot Yankee reevaluating
ChatterBot Yankee reevaluating
ChatterBot Yankee reevaluating
ChatterBot Yankee reevaluating
ChatterBot Yankee reevaluating
2024-10-14 22:29:24.657014 Yankee: Yes
ChatterBot Papa reevaluating
ChatterBot Whiskey reevaluating
ChatterBot India reevaluating
ChatterBot X-ray reevaluating
ChatterBot Alpha round 1
ChatterBot Romeo round 1
randomSelections Foxtrot: {Foxtrot, Alpha, Romeo, Whiskey, India, X-ray} 
2024-10-14 22:29:24.679414 Foxtrot: Let's form a team
ChatterBot Alpha reevaluating
ChatterBot Romeo reevaluating
ChatterBot Whiskey reevaluating
ChatterBot India reevaluating
ChatterBot X-ray reevaluating
2024-10-14 22:29:24.692941 Alpha: Yes
2024-10-14 22:29:24.693165 Romeo: Yes
2024-10-14 22:29:24.693730 Whiskey: No
2024-10-14 22:29:24.694110 India: No
2024-10-14 22:29:24.694360 X-ray: No
ChatterBot Romeo reevaluating
ChatterBot Whiskey reevaluating
ChatterBot India reevaluating
ChatterBot X-ray reevaluating
ChatterBot Alpha reevaluating
ChatterBot Whiskey reevaluating
ChatterBot India reevaluating
ChatterBot X-ray reevaluating
ChatterBot Alpha reevaluating
ChatterBot Romeo reevaluating
ChatterBot India reevaluating
ChatterBot X-ray reevaluating
ChatterBot Alpha reevaluating
ChatterBot Romeo reevaluating
ChatterBot Whiskey reevaluating
ChatterBot X-ray reevaluating
ChatterBot Alpha reevaluating
ChatterBot Romeo reevaluating
ChatterBot Whiskey reevaluating
ChatterBot India reevaluating
randomSelections Oscar: {Oscar, Yankee, Romeo, Foxtrot, November, Whiskey, Alpha} 
2024-10-14 22:29:24.761646 Oscar: Friends?
ChatterBot Yankee reevaluating
ChatterBot Romeo reevaluating
ChatterBot Whiskey reevaluating
ChatterBot Alpha reevaluating
2024-10-14 22:29:24.775915 Yankee: No
2024-10-14 22:29:24.776670 Romeo: No
2024-10-14 22:29:24.776953 Foxtrot: No
2024-10-14 22:29:24.777166 November: No
2024-10-14 22:29:24.778055 Whiskey: No
2024-10-14 22:29:24.778627 Alpha: No
ChatterBot Romeo reevaluating
ChatterBot Whiskey reevaluating
ChatterBot Alpha reevaluating
ChatterBot Yankee reevaluating
ChatterBot Whiskey reevaluating
ChatterBot Alpha reevaluating
ChatterBot Yankee reevaluating
ChatterBot Romeo reevaluating
ChatterBot Whiskey reevaluating
ChatterBot Alpha reevaluating
ChatterBot Yankee reevaluating
ChatterBot Romeo reevaluating
ChatterBot Whiskey reevaluating
ChatterBot Alpha reevaluating
ChatterBot Yankee reevaluating
ChatterBot Romeo reevaluating
ChatterBot Alpha reevaluating
ChatterBot Yankee reevaluating
ChatterBot Romeo reevaluating
ChatterBot Whiskey reevaluating
2024-10-14 22:29:24.904826 November: Papa, Whiskey and X-ray, sending you 3
2024-10-14 22:29:24.905678 Papa: November, sending you 5
2024-10-14 22:29:24.907673 Whiskey: November and Yankee, sending you 2
2024-10-14 22:29:24.909608 November: India, sending you 4
2024-10-14 22:29:24.910053 India: November, sending you 6
2024-10-14 22:29:24.910348 Papa: Whiskey and Yankee, sending you 1
2024-10-14 22:29:24.912428 Foxtrot: Whiskey and India, sending you 1
2024-10-14 22:29:24.912959 Whiskey: Papa, sending you 4
2024-10-14 22:29:24.913436 November: Yankee, sending you 2
2024-10-14 22:29:24.913823 India: Papa, sending you 2
2024-10-14 22:29:24.915489 Yankee: November, sending you 3
2024-10-14 22:29:24.915870 X-ray: November, sending you 6
2024-10-14 22:29:24.917267 Papa: India, sending you 6
2024-10-14 22:29:24.917716 Oscar: Foxtrot, sending you 1
2024-10-14 22:29:24.918281 Whiskey: India and X-ray, sending you 5
2024-10-14 22:29:24.919930 Foxtrot: X-ray and Romeo, sending you 3
2024-10-14 22:29:24.920463 India: Whiskey, sending you 7
2024-10-14 22:29:24.920901 X-ray: Papa and Whiskey, sending you 2
2024-10-14 22:29:24.922412 Yankee: Papa, Whiskey and India, sending you 1
2024-10-14 22:29:24.922904 Papa: X-ray, sending you 4
2024-10-14 22:29:24.923275 Oscar: Yankee, sending you 3
2024-10-14 22:29:24.924461 Alpha: Foxtrot, Whiskey, X-ray and Romeo, sending you 3
2024-10-14 22:29:24.924848 Romeo: Whiskey, sending you 7
2024-10-14 22:29:24.925966 Foxtrot: Alpha, sending you 5
2024-10-14 22:29:24.926432 India: X-ray and Yankee, sending you 1
2024-10-14 22:29:24.930313 X-ray: India, sending you 5
2024-10-14 22:29:24.931305 Alpha: India, sending you 4
2024-10-14 22:29:24.931743 Romeo: India, sending you 3
2024-10-14 22:29:24.945488 X-ray: Yankee, sending you 3
2024-10-14 22:29:24.946751 Romeo: X-ray, sending you 5
2024-10-14 22:29:24.952224 Romeo: Alpha, sending you 2
chatterbot Papa submitting transactions
chatterbot Oscar submitting transactions
chatterbot Foxtrot submitting transactions
chatterbot Yankee submitting transactions
chatterbot Romeo submitting transactions
chatterbot Whiskey submitting transactions
chatterbot Alpha submitting transactions
chatterbot November submitting transactions
chatterbot India submitting transactions
chatterbot X-ray submitting transactions
ChatterBot Foxtrot round 2
ChatterBot Oscar round 2
ChatterBot November round 2
ChatterBot Papa round 2
ChatterBot Whiskey round 2
ChatterBot India round 2
ChatterBot X-ray round 2
2024-10-14 22:29:25.981412 Oscar: We would work well together
ChatterBot Foxtrot reevaluating
ChatterBot Alpha reevaluating
ChatterBot Romeo reevaluating
2024-10-14 22:29:26.006486 Foxtrot: Yes
2024-10-14 22:29:26.006705 Alpha: No
2024-10-14 22:29:26.006837 Romeo: No
ChatterBot Alpha reevaluating
ChatterBot Romeo reevaluating
ChatterBot Foxtrot reevaluating
ChatterBot Romeo reevaluating
ChatterBot Foxtrot reevaluating
ChatterBot Alpha reevaluating
2024-10-14 22:29:26.059026 Alpha: We should group up
ChatterBot Foxtrot reevaluating
2024-10-14 22:29:26.063144 Foxtrot: Yes
ChatterBot Alpha reevaluating
2024-10-14 22:29:26.076735 November: We should add Romeo
ChatterBot Papa reevaluating
ChatterBot Whiskey reevaluating
ChatterBot India reevaluating
ChatterBot Yankee reevaluating
ChatterBot X-ray reevaluating
2024-10-14 22:29:26.099767 Papa: No
2024-10-14 22:29:26.099952 Whiskey: Yes
2024-10-14 22:29:26.100090 India: No
2024-10-14 22:29:26.100200 Yankee: No
2024-10-14 22:29:26.100303 X-ray: Yes
ChatterBot November reevaluating
ChatterBot Whiskey reevaluating
ChatterBot India reevaluating
ChatterBot Yankee reevaluating
ChatterBot X-ray reevaluating
ChatterBot November reevaluating
ChatterBot Papa reevaluating
ChatterBot India reevaluating
ChatterBot Yankee reevaluating
ChatterBot X-ray reevaluating
ChatterBot November reevaluating
ChatterBot Papa reevaluating
ChatterBot Whiskey reevaluating
ChatterBot Yankee reevaluating
ChatterBot X-ray reevaluating
ChatterBot November reevaluating
ChatterBot Papa reevaluating
ChatterBot Whiskey reevaluating
ChatterBot India reevaluating
ChatterBot X-ray reevaluating
ChatterBot November reevaluating
ChatterBot Papa reevaluating
ChatterBot Whiskey reevaluating
ChatterBot India reevaluating
ChatterBot Yankee reevaluating
ChatterBot Yankee round 2
ChatterBot Alpha round 2
ChatterBot Romeo round 2
2024-10-14 22:29:26.257822 November: Romeo we want you to join our group
2024-10-14 22:29:26.261733 Romeo: No
ChatterBot November reevaluating
2024-10-14 22:29:26.281744 November: We should add Oscar
2024-10-14 22:29:26.298058 Papa: No
2024-10-14 22:29:26.298901 Whiskey: No
2024-10-14 22:29:26.299024 India: No
2024-10-14 22:29:26.299144 Yankee: No
2024-10-14 22:29:26.299293 X-ray: No
ChatterBot November reevaluating
ChatterBot November reevaluating
ChatterBot November reevaluating
ChatterBot November reevaluating
ChatterBot November reevaluating
2024-10-14 22:29:26.411632 Whiskey: Foxtrot, Papa and Yankee, sending you 1
2024-10-14 22:29:26.412521 X-ray: Foxtrot, November and Alpha, sending you 2
2024-10-14 22:29:26.412874 Oscar: Foxtrot, sending you 6
2024-10-14 22:29:26.413564 Papa: November, sending you 4
2024-10-14 22:29:26.413953 Foxtrot: Oscar, sending you 5
2024-10-14 22:29:26.916402 Whiskey: November, X-ray and Alpha, sending you 2
2024-10-14 22:29:26.917776 X-ray: Papa, sending you 3
2024-10-14 22:29:26.919317 India: November, sending you 3
2024-10-14 22:29:26.920470 Oscar: Alpha and Romeo, sending you 5
2024-10-14 22:29:26.921481 Papa: Whiskey, sending you 5
2024-10-14 22:29:26.922255 Alpha: Foxtrot, sending you 11
2024-10-14 22:29:26.923286 Yankee: November and Whiskey, sending you 4
2024-10-14 22:29:26.924356 Romeo: Foxtrot, sending you 9
2024-10-14 22:29:26.924758 Foxtrot: Alpha, sending you 7
2024-10-14 22:29:26.926467 Whiskey: India, sending you 5
2024-10-14 22:29:26.927857 X-ray: Whiskey, sending you 5
2024-10-14 22:29:26.928933 India: Papa, sending you 5
2024-10-14 22:29:26.929674 Papa: India and X-ray, sending you 3
2024-10-14 22:29:26.930852 Yankee: Papa, sending you 2
2024-10-14 22:29:26.931991 Alpha: Romeo, sending you 5
2024-10-14 22:29:26.932668 Foxtrot: Romeo, sending you 2
2024-10-14 22:29:26.933558 Romeo: Alpha, sending you 8
2024-10-14 22:29:26.934121 Whiskey: Romeo, sending you 4
2024-10-14 22:29:26.935206 X-ray: India, sending you 1
2024-10-14 22:29:26.936393 India: Whiskey and X-ray, sending you 4
2024-10-14 22:29:26.936981 Papa: Yankee, sending you 2
2024-10-14 22:29:26.938169 Yankee: India, sending you 1
2024-10-14 22:29:27.415385 X-ray: Romeo, sending you 4
2024-10-14 22:29:27.416248 India: Yankee, sending you 1
chatterbot India submitting transactions
2024-10-14 22:29:27.416670 November: Papa, India and X-ray, sending you 3
2024-10-14 22:29:27.416902 Yankee: X-ray, sending you 6
chatterbot Alpha submitting transactions
chatterbot Oscar submitting transactions
chatterbot Whiskey submitting transactions
chatterbot November submitting transactions
chatterbot Yankee submitting transactions
2024-10-14 22:29:27.666716 November: Whiskey, Yankee and Romeo, sending you 2
chatterbot Papa submitting transactions
chatterbot X-ray submitting transactions
chatterbot Foxtrot submitting transactions
chatterbot Romeo submitting transactions
ChatterBot Foxtrot round 3
ChatterBot Oscar round 3
ChatterBot November round 3
ChatterBot Papa round 3
ChatterBot Whiskey round 3
ChatterBot India round 3
ChatterBot X-ray round 3
ChatterBot Yankee round 3
ChatterBot Alpha round 3
ChatterBot Romeo round 3
2024-10-14 22:29:29.181956 November: We should drop Romeo
2024-10-14 22:29:29.195132 Papa: Yes
2024-10-14 22:29:29.195969 Whiskey: Yes
2024-10-14 22:29:29.196101 India: Yes
2024-10-14 22:29:29.196216 Yankee: Yes
2024-10-14 22:29:29.196337 X-ray: Yes
2024-10-14 22:29:29.290146 Foxtrot: Oscar, sending you 4
2024-10-14 22:29:29.290510 Papa: November, sending you 4
2024-10-14 22:29:29.291485 Romeo: Foxtrot, sending you 4
2024-10-14 22:29:29.291829 X-ray: November, Papa, Whiskey and Yankee, sending you 4
2024-10-14 22:29:29.292967 India: November and Papa, sending you 4
2024-10-14 22:29:29.293588 Whiskey: November, Papa and Yankee, sending you 3
2024-10-14 22:29:29.294058 Oscar: Foxtrot, sending you 14
2024-10-14 22:29:29.294963 Foxtrot: Alpha, sending you 7
2024-10-14 22:29:29.295373 Papa: Whiskey and X-ray, sending you 3
2024-10-14 22:29:29.296487 Romeo: Oscar, sending you 5
2024-10-14 22:29:29.296770 India: Whiskey, sending you 5
2024-10-14 22:29:29.297148 X-ray: India, sending you 3
2024-10-14 22:29:29.297579 Whiskey: India, sending you 5
2024-10-14 22:29:29.298561 Oscar: Alpha and Romeo, sending you 1
2024-10-14 22:29:29.298890 Yankee: November, sending you 6
2024-10-14 22:29:29.299466 Foxtrot: Romeo, sending you 5
2024-10-14 22:29:29.300304 November: Sending you each 3
2024-10-14 22:29:29.300731 Alpha: Foxtrot, sending you 7
2024-10-14 22:29:29.300982 Papa: India, sending you 5
2024-10-14 22:29:29.301970 India: X-ray, sending you 3
2024-10-14 22:29:29.302412 Whiskey: X-ray, sending you 4
2024-10-14 22:29:29.302880 Romeo: Alpha, sending you 8
2024-10-14 22:29:29.303841 Yankee: Papa, Whiskey and X-ray, sending you 3
2024-10-14 22:29:29.317979 Alpha: Oscar, sending you 3
2024-10-14 22:29:29.318700 India: Yankee, sending you 1
2024-10-14 22:29:29.319205 Papa: Yankee, sending you 2
2024-10-14 22:29:29.319630 Yankee: India, sending you 2
2024-10-14 22:29:29.325278 Alpha: Romeo, sending you 6
chatterbot Alpha submitting transactions
chatterbot Romeo submitting transactions
chatterbot Whiskey submitting transactions
chatterbot November submitting transactions
chatterbot Papa submitting transactions
chatterbot Oscar submitting transactions
chatterbot Foxtrot submitting transactions
chatterbot Yankee submitting transactions
chatterbot India submitting transactions
chatterbot X-ray submitting transactions
ChatterBot Foxtrot round 4
ChatterBot Oscar round 4
ChatterBot November round 4
ChatterBot Papa round 4
ChatterBot Whiskey round 4
ChatterBot India round 4
ChatterBot X-ray round 4
ChatterBot Yankee round 4
ChatterBot Alpha round 4
ChatterBot Romeo round 4
chatterbot November submitting transactions
2024-10-14 22:29:31.087445 November: Same as last round
2024-10-14 22:29:31.088650 Foxtrot: Oscar, sending you 5
2024-10-14 22:29:31.127240 Papa: November and Whiskey, sending you 3
2024-10-14 22:29:31.127784 Whiskey: November, Papa and Yankee, sending you 3
2024-10-14 22:29:31.128209 X-ray: November, Papa and India, sending you 4
2024-10-14 22:29:31.129119 India: November and X-ray, sending you 3
2024-10-14 22:29:31.129569 Foxtrot: Alpha, sending you 6
2024-10-14 22:29:31.129871 Oscar: Foxtrot, sending you 7
2024-10-14 22:29:31.130541 Yankee: November, Whiskey and X-ray, sending you 4
2024-10-14 22:29:31.131097 Whiskey: India, sending you 5
2024-10-14 22:29:31.159541 Papa: India, sending you 5
2024-10-14 22:29:31.160628 India: Papa, sending you 4
2024-10-14 22:29:31.161102 X-ray: Whiskey, sending you 5
2024-10-14 22:29:31.161662 Foxtrot: Romeo, sending you 4
2024-10-14 22:29:31.162326 Alpha: Foxtrot and Romeo, sending you 7
2024-10-14 22:29:31.162624 Oscar: Alpha, sending you 4
2024-10-14 22:29:31.162901 Yankee: Papa, sending you 3
2024-10-14 22:29:31.163788 Whiskey: X-ray, sending you 4
2024-10-14 22:29:31.164411 Romeo: Foxtrot, sending you 6
2024-10-14 22:29:31.165305 Papa: X-ray, sending you 4
2024-10-14 22:29:31.166088 India: Whiskey, sending you 5
2024-10-14 22:29:31.167151 X-ray: Yankee, sending you 2
2024-10-14 22:29:31.167798 Alpha: Oscar, sending you 2
2024-10-14 22:29:31.168254 Oscar: Romeo, sending you 5
2024-10-14 22:29:31.169171 Yankee: India, sending you 2
2024-10-14 22:29:31.169708 Romeo: Oscar, sending you 3
2024-10-14 22:29:31.170079 Papa: Yankee, sending you 2
2024-10-14 22:29:31.189088 India: Yankee, sending you 2
2024-10-14 22:29:31.190403 Romeo: Alpha, sending you 8
chatterbot Whiskey submitting transactions
chatterbot India submitting transactions
chatterbot Oscar submitting transactions
chatterbot Foxtrot submitting transactions
chatterbot Papa submitting transactions
chatterbot Yankee submitting transactions
chatterbot Romeo submitting transactions
chatterbot X-ray submitting transactions
chatterbot Alpha submitting transactions
ChatterBot Foxtrot round 5
ChatterBot Oscar round 5
ChatterBot November round 5
ChatterBot Papa round 5
ChatterBot Whiskey round 5
ChatterBot India round 5
ChatterBot X-ray round 5
ChatterBot Yankee round 5
ChatterBot Alpha round 5
ChatterBot Romeo round 5
2024-10-14 22:29:32.813810 Foxtrot: Oscar and Romeo, sending you 5
2024-10-14 22:29:32.839086 Foxtrot: Alpha, sending you 6
2024-10-14 22:29:32.839453 Whiskey: November, Papa and Yankee, sending you 3
2024-10-14 22:29:32.840542 Yankee: November, Whiskey and X-ray, sending you 4
2024-10-14 22:29:32.841195 Papa: November, Whiskey and Yankee, sending you 3
2024-10-14 22:29:32.842275 India: November and X-ray, sending you 3
2024-10-14 22:29:32.842787 Oscar: Foxtrot, sending you 8
2024-10-14 22:29:32.843692 November: Same as last round
2024-10-14 22:29:32.844125 Romeo: Foxtrot, sending you 6
2024-10-14 22:29:32.844370 Alpha: Foxtrot and Romeo, sending you 7
2024-10-14 22:29:32.844608 X-ray: November, Papa, Whiskey and Yankee, sending you 4
2024-10-14 22:29:32.845556 Yankee: Papa, sending you 3
2024-10-14 22:29:32.846294 Whiskey: India, sending you 5
2024-10-14 22:29:32.847220 Papa: India and X-ray, sending you 4
2024-10-14 22:29:32.847886 India: Papa, sending you 4
2024-10-14 22:29:32.849158 Oscar: Alpha, sending you 3
2024-10-14 22:29:32.849582 Romeo: Oscar, sending you 3
2024-10-14 22:29:32.850637 Alpha: Oscar, sending you 2
2024-10-14 22:29:32.851108 X-ray: India, sending you 3
2024-10-14 22:29:32.852638 Whiskey: X-ray, sending you 4
2024-10-14 22:29:32.853604 Yankee: India, sending you 2
2024-10-14 22:29:32.855180 India: Whiskey, sending you 5
2024-10-14 22:29:32.856494 Oscar: Romeo, sending you 5
2024-10-14 22:29:32.856992 Romeo: Alpha, sending you 8
2024-10-14 22:29:32.876500 India: Yankee, sending you 2
chatterbot Foxtrot submitting transactions
chatterbot Papa submitting transactions
chatterbot India submitting transactions
chatterbot Alpha submitting transactions
chatterbot Yankee submitting transactions
chatterbot X-ray submitting transactions
chatterbot Romeo submitting transactions
chatterbot November submitting transactions
chatterbot Whiskey submitting transactions
chatterbot Oscar submitting transactions
ChatterBot Foxtrot round 6
ChatterBot Oscar round 6
ChatterBot November round 6
ChatterBot Papa round 6
ChatterBot Whiskey round 6
ChatterBot India round 6
ChatterBot X-ray round 6
ChatterBot Yankee round 6
ChatterBot Alpha round 6
ChatterBot Romeo round 6
2024-10-14 22:29:34.035710 Oscar: Foxtrot, sending you 8
2024-10-14 22:29:34.036203 November: Same as last round
2024-10-14 22:29:34.037814 Foxtrot: Oscar and Romeo, sending you 5
2024-10-14 22:29:34.051885 Whiskey: November, Papa and Yankee, sending you 3
2024-10-14 22:29:34.052672 Oscar: Alpha, sending you 3
2024-10-14 22:29:34.053575 Papa: November, Whiskey and Yankee, sending you 3
2024-10-14 22:29:34.054188 India: November and X-ray, sending you 3
2024-10-14 22:29:34.055283 Foxtrot: Alpha, sending you 6
2024-10-14 22:29:34.055632 X-ray: November, Papa and Yankee, sending you 4
2024-10-14 22:29:34.056193 Alpha: Foxtrot and Romeo, sending you 7
2024-10-14 22:29:34.062770 Whiskey: India, sending you 5
2024-10-14 22:29:34.064195 Oscar: Romeo, sending you 5
2024-10-14 22:29:34.065502 Papa: India and X-ray, sending you 4
2024-10-14 22:29:34.066196 India: Papa, sending you 4
2024-10-14 22:29:34.067510 X-ray: Whiskey, sending you 5
2024-10-14 22:29:34.068439 Yankee: November, Whiskey and X-ray, sending you 4
2024-10-14 22:29:34.069817 Romeo: Foxtrot, sending you 6
2024-10-14 22:29:34.070931 Alpha: Oscar, sending you 2
2024-10-14 22:29:34.071547 Whiskey: X-ray, sending you 4
2024-10-14 22:29:34.072898 India: Whiskey, sending you 5
2024-10-14 22:29:34.073715 X-ray: India, sending you 2
2024-10-14 22:29:34.075102 Yankee: Papa, sending you 3
2024-10-14 22:29:34.076561 Romeo: Oscar, sending you 3
2024-10-14 22:29:34.077008 India: Yankee, sending you 2
2024-10-14 22:29:34.081102 Yankee: India, sending you 2
2024-10-14 22:29:34.082311 Romeo: Alpha, sending you 8
chatterbot November submitting transactions
chatterbot X-ray submitting transactions
chatterbot Alpha submitting transactions
chatterbot Foxtrot submitting transactions
chatterbot Yankee submitting transactions
chatterbot Papa submitting transactions
chatterbot Whiskey submitting transactions
chatterbot Oscar submitting transactions
chatterbot India submitting transactions
chatterbot Romeo submitting transactions
ChatterBot Foxtrot round 7
ChatterBot Oscar round 7
ChatterBot November round 7
ChatterBot Papa round 7
ChatterBot Whiskey round 7
ChatterBot India round 7
ChatterBot X-ray round 7
ChatterBot Yankee round 7
ChatterBot Alpha round 7
ChatterBot Romeo round 7
2024-10-14 22:29:35.286857 Oscar: Foxtrot, sending you 8
2024-10-14 22:29:35.287381 November: Same as last round
2024-10-14 22:29:35.288770 Alpha: Foxtrot and Romeo, sending you 7
2024-10-14 22:29:35.289679 Oscar: Alpha, sending you 3
2024-10-14 22:29:35.291662 Alpha: Oscar, sending you 2
2024-10-14 22:29:35.292941 Papa: November, Whiskey and Yankee, sending you 3
2024-10-14 22:29:35.293931 Yankee: November, Whiskey and X-ray, sending you 4
2024-10-14 22:29:35.295502 Foxtrot: Oscar and Romeo, sending you 5
2024-10-14 22:29:35.295970 Oscar: Romeo, sending you 5
2024-10-14 22:29:35.296829 India: November and X-ray, sending you 3
2024-10-14 22:29:35.298019 Romeo: Foxtrot, sending you 6
2024-10-14 22:29:35.299298 Papa: India and X-ray, sending you 4
2024-10-14 22:29:35.300318 X-ray: November, Papa, Whiskey and Yankee, sending you 4
2024-10-14 22:29:35.301843 Yankee: Papa, sending you 3
2024-10-14 22:29:35.303461 Foxtrot: Alpha, sending you 6
2024-10-14 22:29:35.304024 India: Papa, sending you 4
2024-10-14 22:29:35.304947 Whiskey: November, Papa and Yankee, sending you 3
2024-10-14 22:29:35.306629 Romeo: Oscar, sending you 3
2024-10-14 22:29:35.307216 X-ray: India, sending you 3
2024-10-14 22:29:35.308838 Yankee: India, sending you 2
2024-10-14 22:29:35.310350 India: Whiskey, sending you 5
2024-10-14 22:29:35.311393 Whiskey: India, sending you 5
2024-10-14 22:29:35.312900 Romeo: Alpha, sending you 8
2024-10-14 22:29:35.314672 India: Yankee, sending you 2
2024-10-14 22:29:35.318034 Whiskey: X-ray, sending you 4
chatterbot Papa submitting transactions
chatterbot November submitting transactions
chatterbot Yankee submitting transactions
chatterbot Whiskey submitting transactions
chatterbot India submitting transactions
chatterbot Oscar submitting transactions
chatterbot Romeo submitting transactions
chatterbot X-ray submitting transactions
chatterbot Foxtrot submitting transactions
chatterbot Alpha submitting transactions
ChatterBot Foxtrot round 8
ChatterBot Oscar round 8
ChatterBot November round 8
ChatterBot Papa round 8
ChatterBot Whiskey round 8
ChatterBot India round 8
ChatterBot X-ray round 8
ChatterBot Yankee round 8
ChatterBot Alpha round 8
ChatterBot Romeo round 8
2024-10-14 22:29:36.654762 Oscar: Foxtrot, sending you 8
2024-10-14 22:29:36.655477 Foxtrot: Oscar and Romeo, sending you 5
2024-10-14 22:29:36.656083 November: Same as last round
2024-10-14 22:29:36.658897 Oscar: Alpha, sending you 3
2024-10-14 22:29:36.668194 Foxtrot: Alpha, sending you 6
2024-10-14 22:29:36.668855 Yankee: November, Whiskey and X-ray, sending you 4
2024-10-14 22:29:36.670008 Whiskey: November, Papa and Yankee, sending you 3
2024-10-14 22:29:36.675776 Romeo: Foxtrot, sending you 6
2024-10-14 22:29:36.676376 Papa: November, Whiskey and Yankee, sending you 3
2024-10-14 22:29:36.679205 X-ray: November, Papa and Yankee, sending you 4
2024-10-14 22:29:36.680276 India: November and X-ray, sending you 3
2024-10-14 22:29:36.687344 Oscar: Romeo, sending you 5
2024-10-14 22:29:36.689990 Yankee: Papa, sending you 3
2024-10-14 22:29:36.691094 Whiskey: India, sending you 5
2024-10-14 22:29:36.694278 Romeo: Oscar, sending you 3
2024-10-14 22:29:36.694902 Papa: India and X-ray, sending you 4
2024-10-14 22:29:36.700074 X-ray: Whiskey, sending you 5
2024-10-14 22:29:36.703115 India: Papa, sending you 4
2024-10-14 22:29:36.704207 Yankee: India, sending you 2
2024-10-14 22:29:36.707408 Alpha: Foxtrot and Romeo, sending you 7
2024-10-14 22:29:36.711350 Whiskey: X-ray, sending you 4
2024-10-14 22:29:36.712541 Romeo: Alpha, sending you 8
2024-10-14 22:29:36.714978 X-ray: India, sending you 2
2024-10-14 22:29:36.715991 India: Whiskey, sending you 5
2024-10-14 22:29:36.718797 Alpha: Oscar, sending you 2
2024-10-14 22:29:36.833625 India: Yankee, sending you 2
chatterbot Whiskey submitting transactions
chatterbot Foxtrot submitting transactions
chatterbot Romeo submitting transactions
chatterbot X-ray submitting transactions
chatterbot Papa submitting transactions
chatterbot Yankee submitting transactions
chatterbot India submitting transactions
chatterbot Alpha submitting transactions
chatterbot Oscar submitting transactions
chatterbot November submitting transactions
ChatterBot Foxtrot round 9
ChatterBot Oscar round 9
ChatterBot November round 9
ChatterBot Papa round 9
ChatterBot Whiskey round 9
ChatterBot India round 9
ChatterBot X-ray round 9
ChatterBot Yankee round 9
ChatterBot Alpha round 9
ChatterBot Romeo round 9
2024-10-14 22:29:37.932689 India: November and X-ray, sending you 3
2024-10-14 22:29:37.935654 Foxtrot: Oscar, sending you 4
2024-10-14 22:29:37.937460 Papa: November, Whiskey and Yankee, sending you 3
2024-10-14 22:29:37.939373 X-ray: November and India, sending you 3
2024-10-14 22:29:37.941175 India: Papa, sending you 4
2024-10-14 22:29:37.943375 Foxtrot: Alpha, sending you 6
2024-10-14 22:29:37.944654 November: Same as last round
2024-10-14 22:29:37.946692 Papa: India and X-ray, sending you 4
2024-10-14 22:29:37.948421 Whiskey: November, Papa and Yankee, sending you 3
2024-10-14 22:29:37.950624 X-ray: Papa and Yankee, sending you 4
2024-10-14 22:29:37.952370 India: Whiskey, sending you 5
2024-10-14 22:29:37.954097 Yankee: November, Whiskey and X-ray, sending you 4
2024-10-14 22:29:37.955997 Foxtrot: Romeo, sending you 5
2024-10-14 22:29:37.956933 Oscar: Foxtrot, sending you 8
2024-10-14 22:29:37.958192 Alpha: Foxtrot and Romeo, sending you 7
2024-10-14 22:29:37.959444 Whiskey: India, sending you 5
2024-10-14 22:29:37.961724 X-ray: Whiskey, sending you 5
2024-10-14 22:29:37.963825 India: Yankee, sending you 2
2024-10-14 22:29:37.966272 Yankee: Papa, sending you 3
2024-10-14 22:29:37.967960 Romeo: Foxtrot, sending you 6
2024-10-14 22:29:37.968769 Oscar: Alpha, sending you 3
2024-10-14 22:29:37.970217 Alpha: Oscar, sending you 2
2024-10-14 22:29:37.971448 Whiskey: X-ray, sending you 4
2024-10-14 22:29:37.973601 Yankee: India, sending you 2
2024-10-14 22:29:37.975551 Romeo: Oscar, sending you 3
2024-10-14 22:29:37.976467 Oscar: Romeo, sending you 5
2024-10-14 22:29:37.980685 Romeo: Alpha, sending you 8
chatterbot India submitting transactions
chatterbot Foxtrot submitting transactions
chatterbot November submitting transactions
chatterbot Oscar submitting transactions
chatterbot Papa submitting transactions
chatterbot X-ray submitting transactions
chatterbot Romeo submitting transactions
chatterbot Alpha submitting transactions
chatterbot Yankee submitting transactions
chatterbot Whiskey submitting transactions
ChatterBot Foxtrot round 10
ChatterBot Oscar round 10
ChatterBot November round 10
ChatterBot Papa round 10
ChatterBot Whiskey round 10
ChatterBot India round 10
ChatterBot X-ray round 10
ChatterBot Yankee round 10
ChatterBot Alpha round 10
ChatterBot Romeo round 10
2024-10-14 22:29:39.340124 Alpha: Foxtrot and Romeo, sending you 7
2024-10-14 22:29:39.342090 India: November and X-ray, sending you 3
2024-10-14 22:29:39.345199 November: Same as last round
2024-10-14 22:29:39.348184 Foxtrot: Oscar, sending you 4
2024-10-14 22:29:39.350064 Papa: November, Whiskey and Yankee, sending you 3
2024-10-14 22:29:39.353326 Oscar: Foxtrot, sending you 8
2024-10-14 22:29:39.354964 Yankee: November, Whiskey and X-ray, sending you 4
2024-10-14 22:29:39.358255 Whiskey: November, Papa and Yankee, sending you 3
2024-10-14 22:29:39.361217 Alpha: Oscar, sending you 2
2024-10-14 22:29:39.362869 India: Papa, sending you 4
2024-10-14 22:29:39.364833 Foxtrot: Alpha, sending you 6
2024-10-14 22:29:39.366643 Papa: India and X-ray, sending you 4
2024-10-14 22:29:39.369170 Oscar: Alpha, sending you 3
2024-10-14 22:29:39.370701 Yankee: Papa, sending you 3
2024-10-14 22:29:39.373342 Whiskey: India, sending you 5
2024-10-14 22:29:39.376565 X-ray: November and India, sending you 3
2024-10-14 22:29:39.378582 Romeo: Foxtrot, sending you 6
2024-10-14 22:29:39.380278 India: Whiskey, sending you 5
2024-10-14 22:29:39.382540 Foxtrot: Romeo, sending you 5
2024-10-14 22:29:39.384620 Oscar: Romeo, sending you 5
2024-10-14 22:29:39.385605 Yankee: India, sending you 2
2024-10-14 22:29:39.387465 Whiskey: X-ray, sending you 4
2024-10-14 22:29:39.390162 X-ray: Papa and Yankee, sending you 4
2024-10-14 22:29:39.392553 Romeo: Oscar, sending you 3
2024-10-14 22:29:39.393915 India: Yankee, sending you 2
2024-10-14 22:29:39.432354 X-ray: Whiskey, sending you 5
2024-10-14 22:29:39.435491 Romeo: Alpha, sending you 8
chatterbot India submitting transactions
chatterbot Whiskey submitting transactions
chatterbot Papa submitting transactions
chatterbot Oscar submitting transactions
chatterbot Romeo submitting transactions
chatterbot X-ray submitting transactions
chatterbot Foxtrot submitting transactions
chatterbot Alpha submitting transactions
chatterbot November submitting transactions
chatterbot Yankee submitting transactions
ChatterBot Foxtrot round 11
ChatterBot Oscar round 11
ChatterBot November round 11
ChatterBot Papa round 11
ChatterBot Whiskey round 11
ChatterBot India round 11
ChatterBot X-ray round 11
ChatterBot Yankee round 11
ChatterBot Alpha round 11
ChatterBot Romeo round 11
2024-10-14 22:29:40.349677 Oscar: Foxtrot, sending you 8
2024-10-14 22:29:40.353680 Oscar: Alpha, sending you 3
2024-10-14 22:29:40.354684 November: Same as last round
2024-10-14 22:29:40.355795 Foxtrot: Oscar, sending you 4
2024-10-14 22:29:40.356786 Whiskey: November, Papa and Yankee, sending you 3
2024-10-14 22:29:40.357594 Oscar: Romeo, sending you 5
2024-10-14 22:29:40.359680 Foxtrot: Alpha, sending you 6
2024-10-14 22:29:40.360670 X-ray: November and India, sending you 3
2024-10-14 22:29:40.362310 Whiskey: India, sending you 5
2024-10-14 22:29:40.363672 Foxtrot: Romeo, sending you 5
2024-10-14 22:29:40.366673 X-ray: Papa and Yankee, sending you 4
2024-10-14 22:29:40.367584 India: November and X-ray, sending you 3
2024-10-14 22:29:40.368884 Papa: November, Whiskey and Yankee, sending you 3
2024-10-14 22:29:40.369709 Whiskey: X-ray, sending you 4
2024-10-14 22:29:40.370398 Yankee: November, Whiskey and X-ray, sending you 4
2024-10-14 22:29:40.371813 X-ray: Whiskey, sending you 5
2024-10-14 22:29:40.372715 India: Papa, sending you 4
2024-10-14 22:29:40.374223 Papa: India and X-ray, sending you 4
2024-10-14 22:29:40.375263 Yankee: Papa, sending you 3
2024-10-14 22:29:40.377119 Alpha: Foxtrot and Romeo, sending you 7
2024-10-14 22:29:40.377722 Romeo: Foxtrot, sending you 6
2024-10-14 22:29:40.378265 India: Whiskey, sending you 5
2024-10-14 22:29:40.380653 Yankee: India, sending you 2
2024-10-14 22:29:40.381918 Alpha: Oscar, sending you 2
2024-10-14 22:29:40.382665 Romeo: Oscar, sending you 3
2024-10-14 22:29:40.383977 India: Yankee, sending you 2
2024-10-14 22:29:40.385727 Romeo: Alpha, sending you 8
chatterbot Foxtrot submitting transactions
chatterbot Romeo submitting transactions
chatterbot November submitting transactions
chatterbot Oscar submitting transactions
chatterbot Alpha submitting transactions
chatterbot India submitting transactions
chatterbot Whiskey submitting transactions
chatterbot Yankee submitting transactions
chatterbot Papa submitting transactions
chatterbot X-ray submitting transactions
ChatterBot Foxtrot round 12
ChatterBot Oscar round 12
ChatterBot November round 12
ChatterBot Papa round 12
ChatterBot Whiskey round 12
ChatterBot India round 12
ChatterBot X-ray round 12
ChatterBot Yankee round 12
ChatterBot Alpha round 12
ChatterBot Romeo round 12
2024-10-14 22:29:41.639685 Papa: November, Whiskey and Yankee, sending you 3
2024-10-14 22:29:41.641797 Oscar: Foxtrot, sending you 8
2024-10-14 22:29:41.643716 India: November and X-ray, sending you 3
2024-10-14 22:29:41.646944 Oscar: Alpha, sending you 3
2024-10-14 22:29:41.648055 Foxtrot: Oscar, sending you 4
2024-10-14 22:29:41.649126 Whiskey: November, Papa and Yankee, sending you 3
2024-10-14 22:29:41.652885 Papa: India and X-ray, sending you 4
2024-10-14 22:29:41.655810 Alpha: Foxtrot and Romeo, sending you 7
2024-10-14 22:29:41.657320 India: Papa, sending you 4
2024-10-14 22:29:41.660564 Oscar: Romeo, sending you 5
2024-10-14 22:29:41.661400 Foxtrot: Alpha, sending you 6
2024-10-14 22:29:41.662577 Whiskey: India, sending you 5
2024-10-14 22:29:41.665314 Yankee: November, Whiskey and X-ray, sending you 4
2024-10-14 22:29:41.667357 November: Same as last round
2024-10-14 22:29:41.669442 Romeo: Foxtrot, sending you 6
2024-10-14 22:29:41.670421 Alpha: Oscar, sending you 2
2024-10-14 22:29:41.671335 X-ray: November and India, sending you 3
2024-10-14 22:29:41.674035 India: Whiskey, sending you 5
2024-10-14 22:29:41.677524 Foxtrot: Romeo, sending you 5
2024-10-14 22:29:41.679066 Whiskey: X-ray, sending you 4
2024-10-14 22:29:41.680969 Yankee: Papa, sending you 3
2024-10-14 22:29:41.682154 Romeo: Oscar, sending you 3
2024-10-14 22:29:41.684095 X-ray: Papa and Yankee, sending you 4
2024-10-14 22:29:41.685841 India: Yankee, sending you 2
2024-10-14 22:29:41.687186 Yankee: India, sending you 2
2024-10-14 22:29:41.688565 Romeo: Alpha, sending you 8
2024-10-14 22:29:41.690328 X-ray: Whiskey, sending you 5
chatterbot Oscar submitting transactions
chatterbot India submitting transactions
chatterbot Yankee submitting transactions
chatterbot X-ray submitting transactions
chatterbot November submitting transactions
chatterbot Foxtrot submitting transactions
chatterbot Romeo submitting transactions
chatterbot Papa submitting transactions
chatterbot Alpha submitting transactions
chatterbot Whiskey submitting transactions
ChatterBot Foxtrot round 13
ChatterBot Oscar round 13
ChatterBot November round 13
ChatterBot Papa round 13
ChatterBot Whiskey round 13
ChatterBot India round 13
ChatterBot X-ray round 13
ChatterBot Yankee round 13
ChatterBot Alpha round 13
ChatterBot Romeo round 13
2024-10-14 22:29:42.881646 Foxtrot: Oscar, sending you 4
2024-10-14 22:29:42.887280 November: Same as last round
2024-10-14 22:29:42.888627 Foxtrot: Alpha, sending you 6
2024-10-14 22:29:42.891978 Yankee: November, Whiskey and X-ray, sending you 4
2024-10-14 22:29:42.893652 Foxtrot: Romeo, sending you 5
2024-10-14 22:29:42.894752 Whiskey: November, Papa and Yankee, sending you 3
2024-10-14 22:29:42.896630 X-ray: November and India, sending you 3
2024-10-14 22:29:42.897966 Yankee: Papa, sending you 3
2024-10-14 22:29:42.900444 Papa: November, Whiskey and Yankee, sending you 3
2024-10-14 22:29:42.902441 India: November and X-ray, sending you 3
2024-10-14 22:29:42.904316 Whiskey: India, sending you 5
2024-10-14 22:29:42.905569 Alpha: Foxtrot and Romeo, sending you 7
2024-10-14 22:29:42.906768 Oscar: Foxtrot, sending you 7
2024-10-14 22:29:42.907463 X-ray: Papa and Yankee, sending you 4
2024-10-14 22:29:42.909140 Yankee: India, sending you 2
2024-10-14 22:29:42.910387 Papa: India and X-ray, sending you 4
2024-10-14 22:29:42.912286 Whiskey: X-ray, sending you 4
2024-10-14 22:29:42.913915 India: Papa, sending you 4
2024-10-14 22:29:42.915163 Alpha: Oscar, sending you 2
2024-10-14 22:29:42.916519 Oscar: Alpha, sending you 4
2024-10-14 22:29:42.917110 Romeo: Foxtrot, sending you 6
2024-10-14 22:29:42.917726 X-ray: Whiskey, sending you 5
2024-10-14 22:29:42.919679 India: Whiskey, sending you 5
2024-10-14 22:29:42.921549 Oscar: Romeo, sending you 5
2024-10-14 22:29:42.922655 Romeo: Oscar, sending you 3
2024-10-14 22:29:42.925802 India: Yankee, sending you 2
2024-10-14 22:29:42.928668 Romeo: Alpha, sending you 8
chatterbot November submitting transactions
chatterbot India submitting transactions
chatterbot Papa submitting transactions
chatterbot Romeo submitting transactions
chatterbot Foxtrot submitting transactions
chatterbot X-ray submitting transactions
chatterbot Oscar submitting transactions
chatterbot Yankee submitting transactions
chatterbot Whiskey submitting transactions
chatterbot Alpha submitting transactions
ChatterBot Foxtrot round 14
ChatterBot Oscar round 14
ChatterBot November round 14
ChatterBot Papa round 14
ChatterBot Whiskey round 14
ChatterBot India round 14
ChatterBot X-ray round 14
ChatterBot Yankee round 14
ChatterBot Alpha round 14
ChatterBot Romeo round 14
2024-10-14 22:29:44.190373 India: November and X-ray, sending you 3
2024-10-14 22:29:44.193408 Oscar: Foxtrot, sending you 7
2024-10-14 22:29:44.196623 India: Papa, sending you 4
2024-10-14 22:29:44.201070 Alpha: Foxtrot and Romeo, sending you 7
2024-10-14 22:29:44.202154 Yankee: November, Whiskey and X-ray, sending you 4
2024-10-14 22:29:44.205768 Romeo: Foxtrot, sending you 6
2024-10-14 22:29:44.207103 Oscar: Alpha, sending you 4
2024-10-14 22:29:44.208924 X-ray: November and India, sending you 3
2024-10-14 22:29:44.211818 India: Whiskey, sending you 5
2024-10-14 22:29:44.215294 Alpha: Oscar, sending you 2
2024-10-14 22:29:44.216024 Foxtrot: Oscar, sending you 4
2024-10-14 22:29:44.217905 Romeo: Oscar, sending you 3
2024-10-14 22:29:44.218604 Yankee: Papa, sending you 3
2024-10-14 22:29:44.222004 Whiskey: November, Papa and Yankee, sending you 3
2024-10-14 22:29:44.224771 Oscar: Romeo, sending you 5
2024-10-14 22:29:44.226288 November: Same as last round
2024-10-14 22:29:44.228906 X-ray: Papa and Yankee, sending you 4
2024-10-14 22:29:44.231483 Papa: November, Whiskey and Yankee, sending you 3
2024-10-14 22:29:44.234521 India: Yankee, sending you 2
2024-10-14 22:29:44.237008 Romeo: Alpha, sending you 8
2024-10-14 22:29:44.238868 Foxtrot: Alpha, sending you 6
2024-10-14 22:29:44.240226 Yankee: India, sending you 2
2024-10-14 22:29:44.243949 Whiskey: India, sending you 5
2024-10-14 22:29:44.247619 X-ray: Whiskey, sending you 5
2024-10-14 22:29:44.250183 Papa: India and X-ray, sending you 4
2024-10-14 22:29:44.252780 Foxtrot: Romeo, sending you 5
2024-10-14 22:29:44.254455 Whiskey: X-ray, sending you 4
chatterbot Yankee submitting transactions
chatterbot Romeo submitting transactions
chatterbot Foxtrot submitting transactions
chatterbot India submitting transactions
chatterbot Whiskey submitting transactions
chatterbot Oscar submitting transactions
chatterbot Alpha submitting transactions
chatterbot Papa submitting transactions
chatterbot X-ray submitting transactions
chatterbot November submitting transactions
ChatterBot Foxtrot round 15
ChatterBot Oscar round 15
ChatterBot November round 15
ChatterBot Papa round 15
ChatterBot Whiskey round 15
ChatterBot India round 15
ChatterBot X-ray round 15
ChatterBot Yankee round 15
ChatterBot Alpha round 15
ChatterBot Romeo round 15
2024-10-14 22:29:45.349664 Foxtrot: Oscar, sending you 4
2024-10-14 22:29:45.354360 Foxtrot: Alpha, sending you 6
2024-10-14 22:29:45.356725 November: Same as last round
2024-10-14 22:29:45.358131 India: November and X-ray, sending you 3
2024-10-14 22:29:45.360308 Yankee: November and Papa, sending you 3
2024-10-14 22:29:45.362751 Foxtrot: Romeo, sending you 5
2024-10-14 22:29:45.363699 Papa: November, Whiskey and Yankee, sending you 3
2024-10-14 22:29:45.369025 Whiskey: November, Papa and Yankee, sending you 3
2024-10-14 22:29:45.371493 India: Papa, sending you 4
2024-10-14 22:29:45.373622 Yankee: Whiskey, sending you 4
2024-10-14 22:29:45.379859 X-ray: November and India, sending you 3
2024-10-14 22:29:45.382477 Papa: India and X-ray, sending you 4
2024-10-14 22:29:45.383767 Romeo: Foxtrot, sending you 6
2024-10-14 22:29:45.385896 Whiskey: India, sending you 5
2024-10-14 22:29:45.391098 Oscar: Foxtrot, sending you 7
2024-10-14 22:29:45.392130 India: Whiskey, sending you 5
2024-10-14 22:29:45.395297 Yankee: India, sending you 2
2024-10-14 22:29:45.398303 X-ray: Papa and Yankee, sending you 4
2024-10-14 22:29:45.404207 Alpha: Foxtrot and Romeo, sending you 7
