ChatterBot Zulu round 1
ChatterBot X-ray round 1
ChatterBot Echo round 1
ChatterBot Lima round 1
ChatterBot Quebec round 1
ChatterBot Bravo round 1
ChatterBot Romeo round 1
ChatterBot India round 1
ChatterBot Hotel round 1
ChatterBot Kilo round 1
randomSelections Quebec: {Quebec, Echo, Kilo, India, Bravo, Romeo, Zulu, X-ray} 
2024-10-14 22:29:24.981426 Quebec: Can we be friends?
ChatterBot Echo reevaluating
ChatterBot Kilo reevaluating
ChatterBot India reevaluating
ChatterBot Bravo reevaluating
ChatterBot Romeo reevaluating
ChatterBot Zulu reevaluating
ChatterBot X-ray reevaluating
2024-10-14 22:29:25.003920 Echo: Yes
2024-10-14 22:29:25.004761 Kilo: Yes
2024-10-14 22:29:25.004889 India: Yes
2024-10-14 22:29:25.005005 Bravo: Yes
2024-10-14 22:29:25.005133 Romeo: Yes
2024-10-14 22:29:25.005266 Zulu: Yes
2024-10-14 22:29:25.005392 X-ray: Yes
ChatterBot Kilo reevaluating
ChatterBot India reevaluating
ChatterBot Bravo reevaluating
ChatterBot Romeo reevaluating
ChatterBot Zulu reevaluating
ChatterBot X-ray reevaluating
ChatterBot Echo reevaluating
ChatterBot India reevaluating
ChatterBot Bravo reevaluating
ChatterBot Romeo reevaluating
ChatterBot Zulu reevaluating
ChatterBot X-ray reevaluating
ChatterBot Echo reevaluating
ChatterBot Kilo reevaluating
ChatterBot Bravo reevaluating
ChatterBot Romeo reevaluating
ChatterBot Zulu reevaluating
ChatterBot X-ray reevaluating
ChatterBot Echo reevaluating
ChatterBot Kilo reevaluating
ChatterBot India reevaluating
ChatterBot Romeo reevaluating
ChatterBot Zulu reevaluating
ChatterBot X-ray reevaluating
ChatterBot Echo reevaluating
ChatterBot Kilo reevaluating
ChatterBot India reevaluating
ChatterBot Bravo reevaluating
ChatterBot Zulu reevaluating
ChatterBot X-ray reevaluating
ChatterBot Echo reevaluating
ChatterBot Kilo reevaluating
ChatterBot India reevaluating
ChatterBot Bravo reevaluating
ChatterBot Romeo reevaluating
ChatterBot X-ray reevaluating
ChatterBot Echo reevaluating
ChatterBot Kilo reevaluating
ChatterBot India reevaluating
ChatterBot Bravo reevaluating
ChatterBot Romeo reevaluating
ChatterBot Zulu reevaluating
randomSelections Lima: {Lima, Zulu, Quebec, Romeo, Bravo, Echo, Kilo} 
2024-10-14 22:29:25.210265 Lima: We would work well together
ChatterBot Zulu reevaluating
ChatterBot Romeo reevaluating
ChatterBot Bravo reevaluating
ChatterBot Echo reevaluating
ChatterBot Kilo reevaluating
2024-10-14 22:29:25.224925 Zulu: No
2024-10-14 22:29:25.225199 Quebec: No
2024-10-14 22:29:25.225498 Romeo: No
2024-10-14 22:29:25.225785 Bravo: No
2024-10-14 22:29:25.226625 Echo: No
2024-10-14 22:29:25.226864 Kilo: No
ChatterBot Romeo reevaluating
ChatterBot Bravo reevaluating
ChatterBot Echo reevaluating
ChatterBot Kilo reevaluating
ChatterBot Zulu reevaluating
ChatterBot Romeo reevaluating
ChatterBot Bravo reevaluating
ChatterBot Echo reevaluating
ChatterBot Kilo reevaluating
ChatterBot Zulu reevaluating
ChatterBot Bravo reevaluating
ChatterBot Echo reevaluating
ChatterBot Kilo reevaluating
ChatterBot Zulu reevaluating
ChatterBot Romeo reevaluating
ChatterBot Echo reevaluating
ChatterBot Kilo reevaluating
ChatterBot Zulu reevaluating
ChatterBot Romeo reevaluating
ChatterBot Bravo reevaluating
ChatterBot Kilo reevaluating
ChatterBot Zulu reevaluating
ChatterBot Romeo reevaluating
ChatterBot Bravo reevaluating
ChatterBot Echo reevaluating
randomSelections Hotel: {Hotel, India, Bravo, Quebec, Echo, Kilo, Romeo} 
2024-10-14 22:29:25.319400 Hotel: We should group up
ChatterBot India reevaluating
ChatterBot Bravo reevaluating
ChatterBot Echo reevaluating
ChatterBot Kilo reevaluating
ChatterBot Romeo reevaluating
2024-10-14 22:29:25.330565 India: No
2024-10-14 22:29:25.330874 Bravo: No
2024-10-14 22:29:25.331227 Quebec: No
2024-10-14 22:29:25.331541 Echo: No
2024-10-14 22:29:25.332900 Kilo: No
2024-10-14 22:29:25.333236 Romeo: No
ChatterBot Bravo reevaluating
ChatterBot Echo reevaluating
ChatterBot Kilo reevaluating
ChatterBot Romeo reevaluating
ChatterBot India reevaluating
ChatterBot Echo reevaluating
ChatterBot Kilo reevaluating
ChatterBot Romeo reevaluating
ChatterBot India reevaluating
ChatterBot Bravo reevaluating
ChatterBot Echo reevaluating
ChatterBot Kilo reevaluating
ChatterBot Romeo reevaluating
ChatterBot India reevaluating
ChatterBot Bravo reevaluating
ChatterBot Kilo reevaluating
ChatterBot Romeo reevaluating
ChatterBot India reevaluating
ChatterBot Bravo reevaluating
ChatterBot Echo reevaluating
ChatterBot Romeo reevaluating
ChatterBot India reevaluating
ChatterBot Bravo reevaluating
ChatterBot Echo reevaluating
ChatterBot Kilo reevaluating
2024-10-14 22:29:25.414522 Bravo: Zulu and Romeo, sending you 5
2024-10-14 22:29:25.416671 Hotel: Echo and India, sending you 3
2024-10-14 22:29:25.419152 Echo: Zulu, India and Kilo, sending you 3
2024-10-14 22:29:25.421649 Bravo: X-ray, sending you 3
2024-10-14 22:29:25.423393 Hotel: Quebec, sending you 1
2024-10-14 22:29:25.424164 Lima: Zulu and Echo, sending you 1
2024-10-14 22:29:25.425523 X-ray: Zulu and India, sending you 2
2024-10-14 22:29:25.426286 India: Zulu, Echo and Romeo, sending you 2
2024-10-14 22:29:25.428136 Echo: X-ray, sending you 1
2024-10-14 22:29:25.428657 Zulu: X-ray and Echo, sending you 3
2024-10-14 22:29:25.431238 Bravo: Echo, India and Kilo, sending you 1
2024-10-14 22:29:25.431812 Quebec: X-ray and Bravo, sending you 2
2024-10-14 22:29:25.433360 Hotel: Bravo, sending you 2
2024-10-14 22:29:25.433790 Lima: Quebec and Bravo, sending you 2
2024-10-14 22:29:25.435246 X-ray: Echo and Quebec, sending you 4
2024-10-14 22:29:25.436020 India: X-ray and Kilo, sending you 1
2024-10-14 22:29:25.437960 Echo: Bravo, sending you 2
chatterbot Quebec submitting transactions
2024-10-14 22:29:25.438643 Bravo: Quebec, sending you 2
2024-10-14 22:29:25.440061 Zulu: Quebec and Bravo, sending you 2
2024-10-14 22:29:25.440359 Quebec: Echo, sending you 1
2024-10-14 22:29:25.440670 Kilo: X-ray, sending you 2
2024-10-14 22:29:25.441935 Hotel: Romeo and Kilo, sending you 4
2024-10-14 22:29:25.442274 Lima: Romeo, sending you 5
2024-10-14 22:29:25.442557 X-ray: Bravo, sending you 3
2024-10-14 22:29:25.443556 Echo: Romeo, sending you 5
2024-10-14 22:29:25.443866 India: Quebec, sending you 4
2024-10-14 22:29:25.444195 Zulu: Romeo and India, sending you 1
2024-10-14 22:29:25.445316 Quebec: Romeo and Kilo, sending you 3
2024-10-14 22:29:25.445622 Lima: Kilo, sending you 3
2024-10-14 22:29:25.445899 Kilo: Bravo and Romeo, sending you 1
2024-10-14 22:29:25.449348 X-ray: Romeo and Kilo, sending you 1
2024-10-14 22:29:25.450523 Quebec: India, sending you 4
2024-10-14 22:29:25.450985 India: Bravo, sending you 3
2024-10-14 22:29:25.452064 Zulu: Kilo, sending you 4
chatterbot Hotel submitting transactions
chatterbot Zulu submitting transactions
chatterbot Romeo submitting transactions
chatterbot X-ray submitting transactions
chatterbot India submitting transactions
chatterbot Echo submitting transactions
chatterbot Lima submitting transactions
chatterbot Bravo submitting transactions
chatterbot Kilo submitting transactions
ChatterBot Zulu round 2
ChatterBot X-ray round 2
ChatterBot Echo round 2
ChatterBot Lima round 2
ChatterBot Quebec round 2
ChatterBot Bravo round 2
2024-10-14 22:29:29.373819 Echo: We should group up
ChatterBot X-ray reevaluating
ChatterBot Bravo reevaluating
ChatterBot Quebec reevaluating
ChatterBot India reevaluating
ChatterBot Hotel reevaluating
2024-10-14 22:29:29.421262 Zulu: No
2024-10-14 22:29:29.421424 X-ray: No
2024-10-14 22:29:29.421543 Bravo: Yes
2024-10-14 22:29:29.421697 Quebec: Yes
2024-10-14 22:29:29.422191 India: No
2024-10-14 22:29:29.422299 Hotel: No
ChatterBot Echo reevaluating
ChatterBot X-ray reevaluating
ChatterBot Bravo reevaluating
ChatterBot Quebec reevaluating
ChatterBot India reevaluating
ChatterBot Hotel reevaluating
ChatterBot Echo reevaluating
ChatterBot Bravo reevaluating
ChatterBot Quebec reevaluating
ChatterBot India reevaluating
ChatterBot Hotel reevaluating
ChatterBot Echo reevaluating
ChatterBot X-ray reevaluating
ChatterBot Quebec reevaluating
ChatterBot India reevaluating
ChatterBot Hotel reevaluating
ChatterBot Echo reevaluating
ChatterBot X-ray reevaluating
ChatterBot Bravo reevaluating
ChatterBot India reevaluating
ChatterBot Hotel reevaluating
ChatterBot Echo reevaluating
ChatterBot X-ray reevaluating
ChatterBot Bravo reevaluating
ChatterBot Quebec reevaluating
ChatterBot Hotel reevaluating
ChatterBot Echo reevaluating
ChatterBot X-ray reevaluating
ChatterBot Bravo reevaluating
ChatterBot Quebec reevaluating
ChatterBot India reevaluating
ChatterBot Romeo round 2
ChatterBot India round 2
ChatterBot Hotel round 2
ChatterBot Kilo round 2
2024-10-14 22:29:29.892180 Zulu: We should drop Kilo and Romeo
ChatterBot X-ray reevaluating
ChatterBot Echo reevaluating
ChatterBot Bravo reevaluating
ChatterBot Quebec reevaluating
ChatterBot India reevaluating
2024-10-14 22:29:29.932986 X-ray: No
2024-10-14 22:29:29.933279 Echo: Yes
2024-10-14 22:29:29.934154 Bravo: No
2024-10-14 22:29:29.934343 Quebec: Yes
2024-10-14 22:29:29.934603 India: Yes
ChatterBot Echo reevaluating
ChatterBot Bravo reevaluating
ChatterBot Quebec reevaluating
ChatterBot India reevaluating
ChatterBot X-ray reevaluating
ChatterBot Bravo reevaluating
ChatterBot Quebec reevaluating
ChatterBot India reevaluating
ChatterBot X-ray reevaluating
ChatterBot Echo reevaluating
ChatterBot Quebec reevaluating
ChatterBot India reevaluating
ChatterBot X-ray reevaluating
ChatterBot Echo reevaluating
ChatterBot Bravo reevaluating
ChatterBot India reevaluating
ChatterBot X-ray reevaluating
ChatterBot Echo reevaluating
ChatterBot Bravo reevaluating
ChatterBot Quebec reevaluating
2024-10-14 22:29:30.126969 Romeo: We should replace Kilo with Lima
ChatterBot X-ray reevaluating
ChatterBot Echo reevaluating
ChatterBot Bravo reevaluating
2024-10-14 22:29:30.161402 Zulu: No
2024-10-14 22:29:30.161634 X-ray: No
2024-10-14 22:29:30.161774 Echo: No
2024-10-14 22:29:30.161896 Bravo: No
2024-10-14 22:29:30.162032 Quebec: No
2024-10-14 22:29:30.162155 India: No
ChatterBot X-ray reevaluating
ChatterBot Echo reevaluating
ChatterBot Bravo reevaluating
ChatterBot Romeo reevaluating
ChatterBot Echo reevaluating
ChatterBot Bravo reevaluating
ChatterBot Romeo reevaluating
ChatterBot X-ray reevaluating
ChatterBot Bravo reevaluating
ChatterBot Romeo reevaluating
ChatterBot X-ray reevaluating
ChatterBot Echo reevaluating
ChatterBot Romeo reevaluating
ChatterBot X-ray reevaluating
ChatterBot Echo reevaluating
ChatterBot Bravo reevaluating
ChatterBot Romeo reevaluating
ChatterBot X-ray reevaluating
ChatterBot Echo reevaluating
ChatterBot Bravo reevaluating
2024-10-14 22:29:30.451569 Kilo: We should replace Romeo with Hotel
ChatterBot X-ray reevaluating
ChatterBot Echo reevaluating
ChatterBot Bravo reevaluating
2024-10-14 22:29:30.501322 Zulu: No
2024-10-14 22:29:30.501555 X-ray: No
2024-10-14 22:29:30.501726 Echo: Yes
2024-10-14 22:29:30.501873 Bravo: Yes
2024-10-14 22:29:30.502009 Quebec: Yes
2024-10-14 22:29:30.502148 India: Yes
ChatterBot X-ray reevaluating
ChatterBot Echo reevaluating
ChatterBot Bravo reevaluating
ChatterBot Echo reevaluating
ChatterBot Bravo reevaluating
ChatterBot X-ray reevaluating
ChatterBot Bravo reevaluating
ChatterBot X-ray reevaluating
ChatterBot Echo reevaluating
ChatterBot X-ray reevaluating
ChatterBot Echo reevaluating
ChatterBot Bravo reevaluating
ChatterBot X-ray reevaluating
ChatterBot Echo reevaluating
ChatterBot Bravo reevaluating
2024-10-14 22:29:30.862107 Hotel: Can we be friends?
ChatterBot Echo reevaluating
ChatterBot Zulu reevaluating
ChatterBot X-ray reevaluating
ChatterBot Bravo reevaluating
2024-10-14 22:29:30.914460 Echo: Yes
2024-10-14 22:29:30.914916 Zulu: Yes
2024-10-14 22:29:30.915332 X-ray: Yes
2024-10-14 22:29:30.915605 Bravo: Yes
2024-10-14 22:29:30.916430 Quebec: Yes
2024-10-14 22:29:30.916663 India: Yes
ChatterBot Zulu reevaluating
ChatterBot X-ray reevaluating
ChatterBot Bravo reevaluating
ChatterBot Echo reevaluating
ChatterBot X-ray reevaluating
ChatterBot Bravo reevaluating
ChatterBot Echo reevaluating
ChatterBot Zulu reevaluating
ChatterBot Bravo reevaluating
ChatterBot Echo reevaluating
ChatterBot Zulu reevaluating
ChatterBot X-ray reevaluating
2024-10-14 22:29:31.127371 Zulu: Can we be friends?
ChatterBot Echo reevaluating
ChatterBot Zulu reevaluating
ChatterBot X-ray reevaluating
ChatterBot Bravo reevaluating
ChatterBot Echo reevaluating
ChatterBot Zulu reevaluating
ChatterBot X-ray reevaluating
ChatterBot Bravo reevaluating
ChatterBot Echo reevaluating
ChatterBot X-ray reevaluating
ChatterBot Bravo reevaluating
2024-10-14 22:29:31.285075 Echo: Yes
2024-10-14 22:29:31.285519 X-ray: Yes
2024-10-14 22:29:31.285905 Bravo: Yes
2024-10-14 22:29:31.286754 Quebec: Yes
2024-10-14 22:29:31.286893 India: Yes
2024-10-14 22:29:31.287029 Hotel: Yes
ChatterBot Zulu reevaluating
ChatterBot X-ray reevaluating
ChatterBot Bravo reevaluating
ChatterBot Echo reevaluating
ChatterBot Zulu reevaluating
ChatterBot Bravo reevaluating
ChatterBot Echo reevaluating
ChatterBot Zulu reevaluating
ChatterBot X-ray reevaluating
ChatterBot Echo reevaluating
ChatterBot Zulu reevaluating
ChatterBot X-ray reevaluating
ChatterBot Bravo reevaluating
ChatterBot Echo reevaluating
ChatterBot Zulu reevaluating
ChatterBot X-ray reevaluating
ChatterBot Bravo reevaluating
ChatterBot Echo reevaluating
ChatterBot Zulu reevaluating
ChatterBot X-ray reevaluating
ChatterBot Bravo reevaluating
2024-10-14 22:29:31.516742 Kilo: Hotel we want you to join our group
2024-10-14 22:29:31.543869 Hotel: No
ChatterBot Zulu reevaluating
chatterbot Zulu submitting transactions
2024-10-14 22:29:31.675351 X-ray: Hotel we want you to join our group
2024-10-14 22:29:31.681391 Hotel: No
ChatterBot X-ray reevaluating
2024-10-14 22:29:31.728545 X-ray: Let's form a team
2024-10-14 22:29:31.768869 Echo: Yes
2024-10-14 22:29:31.769755 Zulu: Yes
2024-10-14 22:29:31.770044 Bravo: Yes
2024-10-14 22:29:31.770226 Quebec: Yes
2024-10-14 22:29:31.770490 India: Yes
2024-10-14 22:29:31.770748 Hotel: Yes
ChatterBot X-ray reevaluating
ChatterBot X-ray reevaluating
ChatterBot X-ray reevaluating
ChatterBot X-ray reevaluating
ChatterBot X-ray reevaluating
ChatterBot X-ray reevaluating
chatterbot Lima submitting transactions
2024-10-14 22:29:31.986431 Romeo: Lima we want you to join our group
2024-10-14 22:29:31.991522 Lima: No
ChatterBot Romeo reevaluating
ChatterBot X-ray reevaluating
2024-10-14 22:29:32.093415 Romeo: We should drop Kilo
2024-10-14 22:29:32.145689 Zulu: Yes
2024-10-14 22:29:32.145937 X-ray: No
2024-10-14 22:29:32.146128 Echo: Yes
2024-10-14 22:29:32.146303 Bravo: Yes
2024-10-14 22:29:32.146912 Quebec: Yes
2024-10-14 22:29:32.147073 India: Yes
ChatterBot Romeo reevaluating
ChatterBot Romeo reevaluating
ChatterBot Romeo reevaluating
ChatterBot Romeo reevaluating
ChatterBot X-ray reevaluating
ChatterBot Romeo reevaluating
ChatterBot X-ray reevaluating
ChatterBot Romeo reevaluating
ChatterBot X-ray reevaluating
2024-10-14 22:29:32.553647 Quebec: Zulu and Bravo, sending you 2
2024-10-14 22:29:32.554512 India: Zulu and Bravo, sending you 1
2024-10-14 22:29:32.555731 Hotel: Zulu, X-ray, Echo, Quebec and Bravo, sending you 3
2024-10-14 22:29:32.557033 Bravo: Zulu, Echo and Quebec, sending you 3
2024-10-14 22:29:32.557711 Echo: Zulu, X-ray, Bravo, India and Hotel, sending you 3
chatterbot India submitting transactions
chatterbot Quebec submitting transactions
chatterbot Romeo submitting transactions
chatterbot Echo submitting transactions
chatterbot Kilo submitting transactions
chatterbot Bravo submitting transactions
chatterbot Hotel submitting transactions
chatterbot Zulu submitting transactions
2024-10-14 22:29:32.561003 Quebec: X-ray, sending you 5
2024-10-14 22:29:32.562505 India: X-ray, sending you 2
2024-10-14 22:29:32.563232 Hotel: India, sending you 2
2024-10-14 22:29:32.565412 Bravo: X-ray and India, sending you 4
2024-10-14 22:29:32.566418 Echo: Quebec, sending you 2
2024-10-14 22:29:32.567547 Zulu: X-ray and India, sending you 3
2024-10-14 22:29:32.569027 Kilo: Zulu, Echo, Quebec and Hotel, sending you 1
2024-10-14 22:29:32.569820 India: Echo and Hotel, sending you 3
2024-10-14 22:29:32.571232 Quebec: Echo and Hotel, sending you 1
2024-10-14 22:29:32.572643 Bravo: Hotel, sending you 1
2024-10-14 22:29:32.573974 Zulu: Echo, sending you 4
2024-10-14 22:29:32.688018 India: Quebec, sending you 5
2024-10-14 22:29:32.688667 Quebec: India, sending you 4
2024-10-14 22:29:32.689806 X-ray: Zulu, Quebec and Bravo, sending you 4
2024-10-14 22:29:32.690404 Zulu: Quebec and Hotel, sending you 1
2024-10-14 22:29:32.782742 X-ray: Echo and India, sending you 2
2024-10-14 22:29:32.783419 Zulu: Bravo, sending you 6
2024-10-14 22:29:32.815526 Romeo: Zulu and X-ray, sending you 1
2024-10-14 22:29:32.842457 Romeo: Echo and Bravo, sending you 3
2024-10-14 22:29:32.863287 Romeo: Lima, sending you 4
2024-10-14 22:29:32.881070 Romeo: Quebec and India, sending you 2
chatterbot Romeo submitting transactions
chatterbot X-ray submitting transactions
ChatterBot Zulu round 3
ChatterBot X-ray round 3
ChatterBot Echo round 3
ChatterBot Lima round 3
ChatterBot Quebec round 3
ChatterBot Bravo round 3
ChatterBot Romeo round 3
ChatterBot India round 3
ChatterBot Hotel round 3
ChatterBot Kilo round 3
2024-10-14 22:29:33.701017 Romeo: We should replace Lima with Hotel
ChatterBot Bravo reevaluating
ChatterBot India reevaluating
2024-10-14 22:29:33.721978 Zulu: Yes
2024-10-14 22:29:33.722291 X-ray: Yes
2024-10-14 22:29:33.722512 Echo: Yes
2024-10-14 22:29:33.722739 Bravo: Yes
2024-10-14 22:29:33.723019 Quebec: Yes
2024-10-14 22:29:33.723213 India: Yes
ChatterBot Bravo reevaluating
ChatterBot India reevaluating
ChatterBot Bravo reevaluating
ChatterBot India reevaluating
ChatterBot Bravo reevaluating
ChatterBot India reevaluating
ChatterBot India reevaluating
ChatterBot Bravo reevaluating
ChatterBot India reevaluating
ChatterBot Bravo reevaluating
2024-10-14 22:29:33.849676 Romeo: Hotel we want you to join our group
2024-10-14 22:29:33.853553 Hotel: No
ChatterBot Bravo reevaluating
ChatterBot India reevaluating
2024-10-14 22:29:33.875686 Zulu: X-ray, Echo and Bravo, sending you 4
2024-10-14 22:29:33.876158 Echo: Zulu, X-ray, Bravo, India and Hotel, sending you 3
2024-10-14 22:29:33.879086 Zulu: Quebec, India and Hotel, sending you 2
2024-10-14 22:29:33.879890 Echo: Quebec, sending you 2
2024-10-14 22:29:33.881108 X-ray: Zulu, sending you 3
2024-10-14 22:29:33.881835 Quebec: Zulu and Hotel, sending you 2
2024-10-14 22:29:33.887063 X-ray: Echo, India and Hotel, sending you 2
2024-10-14 22:29:33.888007 Quebec: X-ray and Bravo, sending you 3
2024-10-14 22:29:33.889689 Romeo: Zulu, sending you 1
2024-10-14 22:29:33.890911 Hotel: Zulu, Quebec and Bravo, sending you 2
2024-10-14 22:29:33.891624 India: Zulu and Hotel, sending you 2
2024-10-14 22:29:33.892226 X-ray: Quebec and Bravo, sending you 4
2024-10-14 22:29:33.893403 Kilo: Zulu, Echo, Quebec and Hotel, sending you 1
2024-10-14 22:29:33.894012 Quebec: Echo, sending you 1
2024-10-14 22:29:33.895320 Bravo: Zulu, sending you 5
2024-10-14 22:29:33.895869 Hotel: X-ray, sending you 1
2024-10-14 22:29:33.896533 Romeo: Echo and Bravo, sending you 4
2024-10-14 22:29:33.897895 India: X-ray, sending you 1
2024-10-14 22:29:33.898723 Quebec: India, sending you 4
2024-10-14 22:29:33.900024 Bravo: X-ray, sending you 4
2024-10-14 22:29:33.900747 Hotel: Echo and India, sending you 5
2024-10-14 22:29:33.901993 Romeo: Quebec and India, sending you 2
2024-10-14 22:29:33.902572 India: Echo and Bravo, sending you 3
2024-10-14 22:29:33.904657 Bravo: Echo, sending you 3
2024-10-14 22:29:33.905824 Romeo: Hotel, sending you 3
2024-10-14 22:29:33.907234 India: Quebec, sending you 4
2024-10-14 22:29:33.909677 Bravo: Quebec, India and Hotel, sending you 2
chatterbot X-ray submitting transactions
chatterbot Zulu submitting transactions
chatterbot Hotel submitting transactions
chatterbot Quebec submitting transactions
chatterbot Lima submitting transactions
chatterbot Echo submitting transactions
chatterbot Kilo submitting transactions
chatterbot Romeo submitting transactions
chatterbot Bravo submitting transactions
chatterbot India submitting transactions
ChatterBot Zulu round 4
ChatterBot X-ray round 4
ChatterBot Echo round 4
ChatterBot Lima round 4
ChatterBot Quebec round 4
2024-10-14 22:29:35.146549 Zulu: We should add Romeo
ChatterBot Echo reevaluating
ChatterBot X-ray reevaluating
ChatterBot Quebec reevaluating
ChatterBot India reevaluating
2024-10-14 22:29:35.172340 Echo: Yes
2024-10-14 22:29:35.172584 X-ray: Yes
2024-10-14 22:29:35.172788 Bravo: No
2024-10-14 22:29:35.172980 Quebec: Yes
2024-10-14 22:29:35.173166 India: Yes
2024-10-14 22:29:35.173999 Hotel: No
ChatterBot X-ray reevaluating
ChatterBot Bravo reevaluating
ChatterBot Quebec reevaluating
ChatterBot India reevaluating
ChatterBot Echo reevaluating
ChatterBot Bravo reevaluating
ChatterBot Quebec reevaluating
ChatterBot India reevaluating
ChatterBot Echo reevaluating
ChatterBot X-ray reevaluating
ChatterBot Quebec reevaluating
ChatterBot India reevaluating
ChatterBot Echo reevaluating
ChatterBot X-ray reevaluating
ChatterBot Bravo reevaluating
ChatterBot India reevaluating
ChatterBot Echo reevaluating
ChatterBot X-ray reevaluating
ChatterBot Bravo reevaluating
ChatterBot Quebec reevaluating
ChatterBot Echo reevaluating
ChatterBot X-ray reevaluating
ChatterBot Bravo reevaluating
ChatterBot Quebec reevaluating
ChatterBot India reevaluating
ChatterBot Bravo round 4
ChatterBot Romeo round 4
ChatterBot India round 4
ChatterBot Hotel round 4
ChatterBot Kilo round 4
2024-10-14 22:29:35.311410 Zulu: Romeo we want you to join our group
ChatterBot Romeo reevaluating
2024-10-14 22:29:35.316652 Romeo: Yes
ChatterBot X-ray reevaluating
ChatterBot Echo reevaluating
ChatterBot Quebec reevaluating
ChatterBot Bravo reevaluating
ChatterBot India reevaluating
ChatterBot Hotel reevaluating
2024-10-14 22:29:35.349538 Bravo: We should add Romeo
2024-10-14 22:29:35.349952 Hotel: We should add Romeo
ChatterBot Echo reevaluating
ChatterBot X-ray reevaluating
ChatterBot Quebec reevaluating
ChatterBot India reevaluating
ChatterBot Hotel reevaluating
2024-10-14 22:29:35.376085 Echo: Yes
ChatterBot Echo reevaluating
2024-10-14 22:29:35.379495 Zulu: Yes
2024-10-14 22:29:35.381902 X-ray: Yes
ChatterBot X-ray reevaluating
ChatterBot Bravo reevaluating
2024-10-14 22:29:35.388946 Quebec: Yes
ChatterBot Quebec reevaluating
2024-10-14 22:29:35.391853 India: Yes
ChatterBot India reevaluating
2024-10-14 22:29:35.395362 Hotel: Yes
2024-10-14 22:29:35.395551 Echo: Yes
2024-10-14 22:29:35.395684 Zulu: Yes
2024-10-14 22:29:35.395820 X-ray: Yes
2024-10-14 22:29:35.395925 Bravo: Yes
2024-10-14 22:29:35.396029 Quebec: Yes
2024-10-14 22:29:35.396129 India: Yes
ChatterBot X-ray reevaluating
ChatterBot Bravo reevaluating
ChatterBot Quebec reevaluating
ChatterBot India reevaluating
ChatterBot Hotel reevaluating
ChatterBot Echo reevaluating
ChatterBot X-ray reevaluating
ChatterBot Bravo reevaluating
ChatterBot Quebec reevaluating
ChatterBot India reevaluating
ChatterBot Hotel reevaluating
ChatterBot Echo reevaluating
ChatterBot Bravo reevaluating
ChatterBot Quebec reevaluating
ChatterBot India reevaluating
ChatterBot Hotel reevaluating
ChatterBot Echo reevaluating
ChatterBot X-ray reevaluating
ChatterBot Bravo reevaluating
ChatterBot India reevaluating
ChatterBot Hotel reevaluating
ChatterBot Echo reevaluating
ChatterBot X-ray reevaluating
ChatterBot Bravo reevaluating
ChatterBot Quebec reevaluating
ChatterBot Hotel reevaluating
ChatterBot Echo reevaluating
ChatterBot X-ray reevaluating
ChatterBot Bravo reevaluating
ChatterBot Quebec reevaluating
ChatterBot India reevaluating
ChatterBot X-ray reevaluating
ChatterBot Bravo reevaluating
ChatterBot Quebec reevaluating
ChatterBot India reevaluating
ChatterBot Hotel reevaluating
ChatterBot Echo reevaluating
ChatterBot X-ray reevaluating
ChatterBot Bravo reevaluating
ChatterBot Quebec reevaluating
ChatterBot India reevaluating
ChatterBot Hotel reevaluating
ChatterBot Echo reevaluating
ChatterBot Bravo reevaluating
ChatterBot Quebec reevaluating
ChatterBot India reevaluating
ChatterBot Hotel reevaluating
ChatterBot Echo reevaluating
ChatterBot X-ray reevaluating
ChatterBot Quebec reevaluating
ChatterBot India reevaluating
ChatterBot Hotel reevaluating
ChatterBot Echo reevaluating
ChatterBot X-ray reevaluating
ChatterBot Bravo reevaluating
ChatterBot India reevaluating
ChatterBot Hotel reevaluating
ChatterBot Echo reevaluating
ChatterBot X-ray reevaluating
ChatterBot Bravo reevaluating
ChatterBot Quebec reevaluating
ChatterBot Hotel reevaluating
2024-10-14 22:29:35.810571 Kilo: We should add Romeo
ChatterBot Hotel reevaluating
ChatterBot Echo reevaluating
2024-10-14 22:29:35.832124 Hotel: Yes
2024-10-14 22:29:35.832388 Zulu: Yes
2024-10-14 22:29:35.832571 X-ray: Yes
2024-10-14 22:29:35.832742 Echo: Yes
2024-10-14 22:29:35.833510 Bravo: Yes
2024-10-14 22:29:35.833811 Quebec: Yes
2024-10-14 22:29:35.833994 India: Yes
ChatterBot Echo reevaluating
ChatterBot Hotel reevaluating
ChatterBot Echo reevaluating
ChatterBot Hotel reevaluating
ChatterBot Echo reevaluating
ChatterBot Hotel reevaluating
ChatterBot Hotel reevaluating
ChatterBot Echo reevaluating
ChatterBot Hotel reevaluating
ChatterBot Echo reevaluating
ChatterBot Hotel reevaluating
ChatterBot Echo reevaluating
2024-10-14 22:29:36.095276 X-ray: Romeo we want you to join our group
2024-10-14 22:29:36.101047 Romeo: Yes
ChatterBot Echo reevaluating
ChatterBot Hotel reevaluating
2024-10-14 22:29:36.140123 Quebec: Romeo we want you to join our group
2024-10-14 22:29:36.146530 Romeo: Yes
ChatterBot Echo reevaluating
ChatterBot Hotel reevaluating
2024-10-14 22:29:36.187296 Kilo: Romeo we want you to join our group
2024-10-14 22:29:36.194337 Romeo: No
ChatterBot Hotel reevaluating
2024-10-14 22:29:36.220348 Bravo: Romeo we want you to join our group
2024-10-14 22:29:36.224229 Romeo: Yes
ChatterBot Hotel reevaluating
2024-10-14 22:29:36.246468 India: Romeo we want you to join our group
2024-10-14 22:29:36.249962 Romeo: Yes
2024-10-14 22:29:36.270498 Echo: Romeo we want you to join our group
2024-10-14 22:29:36.275459 Romeo: Yes
2024-10-14 22:29:36.294895 Zulu: X-ray and Echo, sending you 3
chatterbot Lima submitting transactions
2024-10-14 22:29:36.296158 Hotel: Romeo we want you to join our group
2024-10-14 22:29:36.299062 Romeo: Yes
2024-10-14 22:29:36.327039 Romeo: X-ray, sending you 1
2024-10-14 22:29:36.328196 Zulu: Quebec, Romeo, India and Hotel, sending you 2
2024-10-14 22:29:36.330110 Quebec: Zulu, Bravo, Romeo and Hotel, sending you 2
2024-10-14 22:29:36.331808 X-ray: Zulu, Quebec and Bravo, sending you 4
2024-10-14 22:29:36.333366 Zulu: Bravo, sending you 4
2024-10-14 22:29:36.334696 Romeo: Echo and Bravo, sending you 4
2024-10-14 22:29:36.335288 Kilo: Zulu, Echo, Quebec and Hotel, sending you 1
2024-10-14 22:29:36.336203 India: Zulu, X-ray, Echo, Bravo, Romeo and Hotel, sending you 2
2024-10-14 22:29:36.336816 Bravo: Zulu, sending you 4
2024-10-14 22:29:36.338152 Quebec: X-ray and India, sending you 3
2024-10-14 22:29:36.339358 X-ray: Echo, sending you 3
2024-10-14 22:29:36.340225 Romeo: Quebec and India, sending you 2
2024-10-14 22:29:36.341234 Bravo: X-ray and Romeo, sending you 3
2024-10-14 22:29:36.343017 India: Quebec, sending you 3
2024-10-14 22:29:36.344562 Quebec: Echo, sending you 1
2024-10-14 22:29:36.345226 X-ray: India, sending you 2
2024-10-14 22:29:36.345817 Echo: Zulu, sending you 4
2024-10-14 22:29:36.346861 Hotel: Zulu, X-ray, Quebec, Bravo and Romeo, sending you 2
2024-10-14 22:29:36.348186 Romeo: Hotel, sending you 3
2024-10-14 22:29:36.348683 Bravo: Echo, Quebec, India and Hotel, sending you 2
2024-10-14 22:29:36.349789 X-ray: Hotel, sending you 1
2024-10-14 22:29:36.350303 Echo: X-ray, Quebec, Bravo, Romeo and India, sending you 2
2024-10-14 22:29:36.355025 Hotel: Echo, sending you 4
2024-10-14 22:29:36.355843 Echo: Hotel, sending you 3
2024-10-14 22:29:36.361129 Hotel: India, sending you 3
chatterbot Romeo submitting transactions
chatterbot India submitting transactions
chatterbot Hotel submitting transactions
chatterbot X-ray submitting transactions
chatterbot Kilo submitting transactions
chatterbot Zulu submitting transactions
chatterbot Echo submitting transactions
chatterbot Bravo submitting transactions
chatterbot Quebec submitting transactions
ChatterBot Zulu round 5
ChatterBot X-ray round 5
ChatterBot Echo round 5
ChatterBot Lima round 5
ChatterBot Quebec round 5
ChatterBot Bravo round 5
ChatterBot Romeo round 5
ChatterBot India round 5
ChatterBot Hotel round 5
ChatterBot Kilo round 5
2024-10-14 22:29:37.122860 X-ray: Zulu, Quebec and Bravo, sending you 4
2024-10-14 22:29:37.125499 Kilo: Zulu, Echo, Quebec and Hotel, sending you 1
2024-10-14 22:29:37.127299 India: Zulu, X-ray, Echo, Bravo, Romeo and Hotel, sending you 2
2024-10-14 22:29:37.129141 Hotel: Zulu, X-ray, Quebec, Bravo and Romeo, sending you 2
2024-10-14 22:29:37.131300 Zulu: X-ray and Echo, sending you 3
2024-10-14 22:29:37.132879 Romeo: Zulu, Quebec, India and Hotel, sending you 2
2024-10-14 22:29:37.134476 Bravo: Zulu, sending you 4
2024-10-14 22:29:37.136721 Echo: Zulu, Romeo and Hotel, sending you 3
2024-10-14 22:29:37.138109 Quebec: Zulu, Echo, Bravo and Hotel, sending you 2
2024-10-14 22:29:37.139543 X-ray: Echo, sending you 3
2024-10-14 22:29:37.141004 India: Quebec, sending you 3
2024-10-14 22:29:37.142370 Hotel: Echo, sending you 4
2024-10-14 22:29:37.143210 Romeo: X-ray, sending you 1
2024-10-14 22:29:37.144596 Zulu: Quebec, India and Hotel, sending you 2
2024-10-14 22:29:37.145987 Echo: X-ray, Quebec, Bravo and India, sending you 2
2024-10-14 22:29:37.147257 Bravo: X-ray and Romeo, sending you 3
2024-10-14 22:29:37.148886 Quebec: X-ray and India, sending you 3
2024-10-14 22:29:37.150166 X-ray: India, sending you 2
2024-10-14 22:29:37.151881 Hotel: India, sending you 3
2024-10-14 22:29:37.153668 Romeo: Echo, sending you 3
2024-10-14 22:29:37.155411 Zulu: Bravo, sending you 5
2024-10-14 22:29:37.157124 Bravo: Echo, Quebec, India and Hotel, sending you 2
2024-10-14 22:29:37.158630 Quebec: Romeo, sending you 1
2024-10-14 22:29:37.160002 X-ray: Hotel, sending you 1
2024-10-14 22:29:37.161496 Romeo: Bravo, sending you 4
2024-10-14 22:29:37.163196 Zulu: Romeo, sending you 1
chatterbot Quebec submitting transactions
chatterbot Hotel submitting transactions
chatterbot India submitting transactions
chatterbot X-ray submitting transactions
chatterbot Echo submitting transactions
chatterbot Kilo submitting transactions
chatterbot Romeo submitting transactions
chatterbot Zulu submitting transactions
chatterbot Lima submitting transactions
chatterbot Bravo submitting transactions
ChatterBot Zulu round 6
ChatterBot X-ray round 6
ChatterBot Echo round 6
ChatterBot Lima round 6
ChatterBot Quebec round 6
ChatterBot Bravo round 6
ChatterBot Romeo round 6
ChatterBot India round 6
ChatterBot Hotel round 6
ChatterBot Kilo round 6
2024-10-14 22:29:38.223706 Zulu: X-ray and Echo, sending you 3
2024-10-14 22:29:38.226686 Quebec: Zulu, Echo, Bravo and Hotel, sending you 2
2024-10-14 22:29:38.227928 X-ray: Zulu, Quebec and Bravo, sending you 4
2024-10-14 22:29:38.229688 Echo: Zulu, X-ray and Hotel, sending you 3
2024-10-14 22:29:38.230860 Zulu: Quebec, Romeo, India and Hotel, sending you 2
2024-10-14 22:29:38.232903 Romeo: Zulu, Quebec, India and Hotel, sending you 2
2024-10-14 22:29:38.234561 Quebec: X-ray and India, sending you 3
2024-10-14 22:29:38.236235 Hotel: Zulu, X-ray, Quebec, Bravo and Romeo, sending you 2
2024-10-14 22:29:38.237752 Echo: Quebec, Bravo, Romeo and India, sending you 2
2024-10-14 22:29:38.239402 X-ray: Echo, sending you 3
2024-10-14 22:29:38.241401 Zulu: Bravo, sending you 4
2024-10-14 22:29:38.242605 Romeo: X-ray, sending you 1
2024-10-14 22:29:38.244124 India: Zulu, X-ray, Echo, Bravo, Romeo and Hotel, sending you 2
2024-10-14 22:29:38.245383 Quebec: Romeo, sending you 1
2024-10-14 22:29:38.246531 Hotel: Echo, sending you 4
2024-10-14 22:29:38.248422 Bravo: Zulu, sending you 4
2024-10-14 22:29:38.249458 Kilo: Zulu, Echo, Quebec and Hotel, sending you 1
2024-10-14 22:29:38.249999 X-ray: India, sending you 2
2024-10-14 22:29:38.250693 Romeo: Echo, sending you 3
2024-10-14 22:29:38.251928 India: Quebec, sending you 3
2024-10-14 22:29:38.252709 Hotel: India, sending you 3
2024-10-14 22:29:38.253438 Bravo: X-ray and Romeo, sending you 3
2024-10-14 22:29:38.254704 X-ray: Hotel, sending you 1
2024-10-14 22:29:38.256006 Romeo: Bravo, sending you 4
2024-10-14 22:29:38.258711 Bravo: Echo, Quebec, India and Hotel, sending you 2
chatterbot Bravo submitting transactions
chatterbot X-ray submitting transactions
chatterbot Kilo submitting transactions
chatterbot Hotel submitting transactions
chatterbot Echo submitting transactions
chatterbot Romeo submitting transactions
chatterbot Zulu submitting transactions
chatterbot India submitting transactions
chatterbot Quebec submitting transactions
chatterbot Lima submitting transactions
ChatterBot Zulu round 7
ChatterBot X-ray round 7
ChatterBot Echo round 7
ChatterBot Lima round 7
ChatterBot Quebec round 7
ChatterBot Bravo round 7
ChatterBot Romeo round 7
ChatterBot India round 7
ChatterBot Hotel round 7
ChatterBot Kilo round 7
2024-10-14 22:29:39.527678 Zulu: X-ray and Echo, sending you 3
2024-10-14 22:29:39.530352 Echo: Zulu, X-ray and Hotel, sending you 3
2024-10-14 22:29:39.533269 Quebec: Zulu, Echo, Bravo and Hotel, sending you 2
2024-10-14 22:29:39.535259 X-ray: Zulu and Echo, sending you 3
2024-10-14 22:29:39.537414 Bravo: Zulu, sending you 4
2024-10-14 22:29:39.539937 India: Zulu, X-ray, Echo, Bravo, Romeo and Hotel, sending you 2
2024-10-14 22:29:39.542073 Hotel: Zulu, Quebec, Bravo and Romeo, sending you 2
2024-10-14 22:29:39.544108 Kilo: Zulu, Echo, Quebec and Hotel, sending you 1
2024-10-14 22:29:39.545670 Zulu: Quebec, Romeo, India and Hotel, sending you 2
2024-10-14 22:29:39.548714 Echo: Quebec, Bravo, Romeo and India, sending you 2
2024-10-14 22:29:39.551572 Quebec: X-ray and India, sending you 3
2024-10-14 22:29:39.553707 X-ray: Quebec and Bravo, sending you 4
2024-10-14 22:29:39.556373 Bravo: X-ray and Romeo, sending you 3
2024-10-14 22:29:39.558231 India: Quebec, sending you 3
2024-10-14 22:29:39.559633 Hotel: X-ray, sending you 1
2024-10-14 22:29:39.561676 Zulu: Bravo, sending you 4
2024-10-14 22:29:39.563426 Quebec: Romeo, sending you 1
2024-10-14 22:29:39.565398 Romeo: Zulu, Quebec, India and Hotel, sending you 2
2024-10-14 22:29:39.567426 X-ray: India and Hotel, sending you 2
2024-10-14 22:29:39.570127 Bravo: Echo, Quebec, India and Hotel, sending you 2
2024-10-14 22:29:39.573137 Hotel: Echo, sending you 5
2024-10-14 22:29:39.575991 Romeo: X-ray, sending you 1
2024-10-14 22:29:39.578667 Hotel: India, sending you 3
2024-10-14 22:29:39.580667 Romeo: Echo, sending you 3
2024-10-14 22:29:39.584682 Romeo: Bravo, sending you 4
chatterbot Kilo submitting transactions
chatterbot Lima submitting transactions
chatterbot India submitting transactions
chatterbot Echo submitting transactions
chatterbot Zulu submitting transactions
chatterbot Bravo submitting transactions
chatterbot Quebec submitting transactions
chatterbot Romeo submitting transactions
chatterbot X-ray submitting transactions
chatterbot Hotel submitting transactions
ChatterBot Zulu round 8
ChatterBot X-ray round 8
ChatterBot Echo round 8
ChatterBot Lima round 8
ChatterBot Quebec round 8
ChatterBot Bravo round 8
ChatterBot Romeo round 8
ChatterBot India round 8
ChatterBot Hotel round 8
ChatterBot Kilo round 8
2024-10-14 22:29:40.817968 India: Zulu, X-ray, Echo, Bravo, Romeo and Hotel, sending you 2
2024-10-14 22:29:40.822601 Echo: Zulu, sending you 3
2024-10-14 22:29:40.826046 Bravo: Zulu, sending you 4
2024-10-14 22:29:40.829606 X-ray: Zulu and Echo, sending you 3
2024-10-14 22:29:40.832526 India: Quebec, sending you 3
2024-10-14 22:29:40.835072 Echo: X-ray, Quebec, Bravo, Romeo and India, sending you 2
2024-10-14 22:29:40.838697 Kilo: Zulu, Echo, Quebec and Hotel, sending you 1
2024-10-14 22:29:40.841946 Bravo: X-ray and Romeo, sending you 3
2024-10-14 22:29:40.845501 X-ray: Quebec and Bravo, sending you 4
2024-10-14 22:29:40.848571 Zulu: X-ray and Echo, sending you 3
2024-10-14 22:29:40.851477 Quebec: Zulu, Echo, Bravo and Hotel, sending you 2
2024-10-14 22:29:40.854447 Romeo: Zulu, Quebec, India and Hotel, sending you 2
2024-10-14 22:29:40.858225 Hotel: Zulu, X-ray, Quebec, Bravo and Romeo, sending you 2
2024-10-14 22:29:40.862083 Echo: Hotel, sending you 4
2024-10-14 22:29:40.864929 Bravo: Echo, Quebec, India and Hotel, sending you 2
2024-10-14 22:29:40.868720 X-ray: Romeo and Hotel, sending you 1
2024-10-14 22:29:40.871987 Zulu: Quebec, Romeo, India and Hotel, sending you 2
2024-10-14 22:29:40.875038 Quebec: X-ray and India, sending you 3
2024-10-14 22:29:40.878889 Romeo: X-ray, sending you 1
2024-10-14 22:29:40.882850 Hotel: Echo, sending you 4
2024-10-14 22:29:40.886978 X-ray: India, sending you 2
2024-10-14 22:29:40.889240 Zulu: Bravo, sending you 4
2024-10-14 22:29:40.892558 Quebec: Romeo, sending you 1
2024-10-14 22:29:40.895302 Romeo: Echo, sending you 3
2024-10-14 22:29:40.898210 Hotel: India, sending you 3
2024-10-14 22:29:40.902688 Romeo: Bravo, sending you 4
chatterbot Zulu submitting transactions
chatterbot Hotel submitting transactions
chatterbot Quebec submitting transactions
chatterbot Romeo submitting transactions
chatterbot Echo submitting transactions
chatterbot Bravo submitting transactions
chatterbot X-ray submitting transactions
chatterbot India submitting transactions
chatterbot Kilo submitting transactions
chatterbot Lima submitting transactions
ChatterBot Zulu round 9
ChatterBot X-ray round 9
ChatterBot Echo round 9
ChatterBot Lima round 9
ChatterBot Quebec round 9
ChatterBot Bravo round 9
ChatterBot Romeo round 9
ChatterBot India round 9
ChatterBot Hotel round 9
ChatterBot Kilo round 9
2024-10-14 22:29:41.993678 X-ray: Zulu and Echo, sending you 3
2024-10-14 22:29:41.994875 Kilo: Zulu, Echo, Quebec and Hotel, sending you 1
2024-10-14 22:29:41.996647 Quebec: Zulu, Echo, Bravo and Hotel, sending you 2
2024-10-14 22:29:41.997931 Romeo: Zulu, Quebec, India and Hotel, sending you 2
2024-10-14 22:29:41.999820 X-ray: Quebec and Bravo, sending you 4
2024-10-14 22:29:42.000918 Zulu: X-ray and Echo, sending you 3
2024-10-14 22:29:42.002053 Quebec: X-ray and India, sending you 3
2024-10-14 22:29:42.003853 Romeo: X-ray, sending you 1
2024-10-14 22:29:42.005061 X-ray: India and Hotel, sending you 2
2024-10-14 22:29:42.006220 Zulu: Quebec, Romeo, India and Hotel, sending you 2
2024-10-14 22:29:42.008019 Quebec: Romeo, sending you 1
2024-10-14 22:29:42.009578 Bravo: Zulu, sending you 4
2024-10-14 22:29:42.010755 Echo: Zulu, sending you 3
2024-10-14 22:29:42.012318 India: Zulu, X-ray, Echo, Bravo, Romeo and Hotel, sending you 2
2024-10-14 22:29:42.013605 Romeo: Echo, sending you 3
2024-10-14 22:29:42.014548 Zulu: Bravo, sending you 4
2024-10-14 22:29:42.016002 Hotel: Zulu, X-ray, Quebec, Bravo, Romeo and India, sending you 2
2024-10-14 22:29:42.017273 Bravo: X-ray and Romeo, sending you 3
2024-10-14 22:29:42.018371 Echo: X-ray, Quebec, Bravo, Romeo and India, sending you 2
2024-10-14 22:29:42.020016 India: Quebec, sending you 3
2024-10-14 22:29:42.022170 Romeo: Bravo, sending you 4
2024-10-14 22:29:42.023305 Hotel: Echo, sending you 5
2024-10-14 22:29:42.024387 Bravo: Echo, Quebec, India and Hotel, sending you 2
2024-10-14 22:29:42.025593 Echo: Hotel, sending you 4
chatterbot Romeo submitting transactions
chatterbot India submitting transactions
chatterbot Hotel submitting transactions
chatterbot Quebec submitting transactions
chatterbot Zulu submitting transactions
chatterbot Echo submitting transactions
chatterbot Kilo submitting transactions
chatterbot Lima submitting transactions
chatterbot X-ray submitting transactions
chatterbot Bravo submitting transactions
ChatterBot Zulu round 10
ChatterBot X-ray round 10
ChatterBot Echo round 10
ChatterBot Lima round 10
