ChatterBot Charlie round 1
ChatterBot Alpha round 1
ChatterBot Sierra round 1
ChatterBot Tango round 1
ChatterBot Uniform round 1
ChatterBot Papa round 1
ChatterBot Victor round 1
ChatterBot Echo round 1
ChatterBot Zulu round 1
ChatterBot India round 1
randomSelections Alpha: {Alpha, Charlie, India, Papa, Uniform, Sierra} 
2024-10-14 20:36:18.339557 Alpha: Group up?
ChatterBot Charlie reevaluating
ChatterBot India reevaluating
ChatterBot Papa reevaluating
ChatterBot Uniform reevaluating
ChatterBot Sierra reevaluating
2024-10-14 20:36:18.352726 Charlie: Yes
2024-10-14 20:36:18.352926 India: Yes
2024-10-14 20:36:18.353065 Papa: Yes
2024-10-14 20:36:18.353225 Uniform: Yes
2024-10-14 20:36:18.353316 Sierra: Yes
ChatterBot India reevaluating
ChatterBot Papa reevaluating
ChatterBot Uniform reevaluating
ChatterBot Sierra reevaluating
ChatterBot Charlie reevaluating
ChatterBot Papa reevaluating
ChatterBot Uniform reevaluating
ChatterBot Sierra reevaluating
ChatterBot Charlie reevaluating
ChatterBot India reevaluating
ChatterBot Uniform reevaluating
ChatterBot Sierra reevaluating
ChatterBot Charlie reevaluating
ChatterBot India reevaluating
ChatterBot Papa reevaluating
ChatterBot Sierra reevaluating
ChatterBot Charlie reevaluating
ChatterBot India reevaluating
ChatterBot Papa reevaluating
ChatterBot Uniform reevaluating
randomSelections Zulu: {Zulu, Alpha, Sierra, Victor, Charlie, Uniform, India} 
2024-10-14 20:36:18.410358 Zulu: Group up?
ChatterBot Sierra reevaluating
ChatterBot Victor reevaluating
ChatterBot Charlie reevaluating
ChatterBot Uniform reevaluating
ChatterBot India reevaluating
2024-10-14 20:36:18.421135 Alpha: No
2024-10-14 20:36:18.421264 Sierra: No
2024-10-14 20:36:18.421369 Victor: Yes
2024-10-14 20:36:18.421473 Charlie: No
2024-10-14 20:36:18.421618 Uniform: No
2024-10-14 20:36:18.421750 India: No
ChatterBot Sierra reevaluating
ChatterBot Victor reevaluating
ChatterBot Charlie reevaluating
ChatterBot Uniform reevaluating
ChatterBot India reevaluating
ChatterBot Victor reevaluating
ChatterBot Charlie reevaluating
ChatterBot Uniform reevaluating
ChatterBot India reevaluating
ChatterBot Sierra reevaluating
ChatterBot Charlie reevaluating
ChatterBot Uniform reevaluating
ChatterBot India reevaluating
ChatterBot Sierra reevaluating
ChatterBot Victor reevaluating
ChatterBot Uniform reevaluating
ChatterBot India reevaluating
ChatterBot Sierra reevaluating
ChatterBot Victor reevaluating
ChatterBot Charlie reevaluating
ChatterBot India reevaluating
ChatterBot Sierra reevaluating
ChatterBot Victor reevaluating
ChatterBot Charlie reevaluating
ChatterBot Uniform reevaluating
randomSelections Tango: {Tango, India, Zulu, Victor, Papa, Charlie, Sierra} 
2024-10-14 20:36:18.482575 Tango: Can we be friends?
ChatterBot India reevaluating
ChatterBot Victor reevaluating
ChatterBot Papa reevaluating
ChatterBot Charlie reevaluating
ChatterBot Sierra reevaluating
2024-10-14 20:36:18.491032 India: No
2024-10-14 20:36:18.491197 Zulu: No
2024-10-14 20:36:18.491333 Victor: No
2024-10-14 20:36:18.491450 Papa: No
2024-10-14 20:36:18.491572 Charlie: No
2024-10-14 20:36:18.492061 Sierra: No
ChatterBot Victor reevaluating
ChatterBot Papa reevaluating
ChatterBot Charlie reevaluating
ChatterBot Sierra reevaluating
ChatterBot India reevaluating
ChatterBot Victor reevaluating
ChatterBot Papa reevaluating
ChatterBot Charlie reevaluating
ChatterBot Sierra reevaluating
ChatterBot India reevaluating
ChatterBot Papa reevaluating
ChatterBot Charlie reevaluating
ChatterBot Sierra reevaluating
ChatterBot India reevaluating
ChatterBot Victor reevaluating
ChatterBot Charlie reevaluating
ChatterBot Sierra reevaluating
ChatterBot India reevaluating
ChatterBot Victor reevaluating
ChatterBot Papa reevaluating
ChatterBot Sierra reevaluating
ChatterBot India reevaluating
ChatterBot Victor reevaluating
ChatterBot Papa reevaluating
ChatterBot Charlie reevaluating
randomSelections Echo: {Echo, Alpha, Zulu, Victor, Papa, India} 
2024-10-14 20:36:18.548004 Echo: Can we be friends?
ChatterBot Victor reevaluating
ChatterBot Papa reevaluating
ChatterBot India reevaluating
2024-10-14 20:36:18.555029 Alpha: No
2024-10-14 20:36:18.555182 Zulu: No
2024-10-14 20:36:18.555275 Victor: No
2024-10-14 20:36:18.555358 Papa: No
2024-10-14 20:36:18.555445 India: No
ChatterBot Victor reevaluating
ChatterBot Papa reevaluating
ChatterBot India reevaluating
ChatterBot Victor reevaluating
ChatterBot Papa reevaluating
ChatterBot India reevaluating
ChatterBot Papa reevaluating
ChatterBot India reevaluating
ChatterBot Victor reevaluating
ChatterBot India reevaluating
ChatterBot Victor reevaluating
ChatterBot Papa reevaluating
2024-10-14 20:36:18.597666 Zulu: Alpha, Uniform and Victor, sending you 3
2024-10-14 20:36:18.601688 Zulu: Sierra, sending you 4
2024-10-14 20:36:18.602793 Tango: Charlie and Sierra, sending you 3
2024-10-14 20:36:18.603707 Echo: Alpha, Zulu and India, sending you 3
2024-10-14 20:36:18.604695 Papa: Charlie and India, sending you 2
2024-10-14 20:36:18.606682 Zulu: India, sending you 1
2024-10-14 20:36:18.607102 Tango: Papa and India, sending you 2
2024-10-14 20:36:18.608203 Uniform: Charlie and Papa, sending you 4
2024-10-14 20:36:18.608748 Alpha: Charlie and Uniform, sending you 3
2024-10-14 20:36:18.609246 Echo: Papa, sending you 1
2024-10-14 20:36:18.610244 India: Charlie and Alpha, sending you 3
2024-10-14 20:36:18.610704 Papa: Alpha, sending you 3
2024-10-14 20:36:18.610988 Tango: Victor, sending you 1
2024-10-14 20:36:18.611261 Victor: Charlie and India, sending you 4
2024-10-14 20:36:18.611952 Charlie: Alpha, sending you 5
2024-10-14 20:36:18.612286 Sierra: Charlie and India, sending you 1
2024-10-14 20:36:18.612697 Uniform: Alpha and India, sending you 3
2024-10-14 20:36:18.613057 Echo: Victor, sending you 4
2024-10-14 20:36:18.613946 Alpha: Sierra and Papa, sending you 1
2024-10-14 20:36:18.614294 Tango: Zulu, sending you 5
2024-10-14 20:36:18.614626 Victor: Alpha and Zulu, sending you 2
2024-10-14 20:36:18.614975 India: Sierra, Uniform and Papa, sending you 2
2024-10-14 20:36:18.615998 Papa: Sierra, sending you 1
2024-10-14 20:36:18.616312 Charlie: Sierra and Papa, sending you 2
2024-10-14 20:36:18.616583 Sierra: Alpha, Uniform and Papa, sending you 4
2024-10-14 20:36:18.616925 Uniform: Sierra, sending you 2
2024-10-14 20:36:18.618684 Victor: Sierra, sending you 1
2024-10-14 20:36:18.620028 Papa: Uniform, sending you 5
2024-10-14 20:36:18.620495 Charlie: Uniform and India, sending you 3
2024-10-14 20:36:18.623716 Victor: Uniform, sending you 3
chatterbot Sierra submitting transactions
chatterbot Alpha submitting transactions
chatterbot Uniform submitting transactions
chatterbot Tango submitting transactions
chatterbot Papa submitting transactions
chatterbot Echo submitting transactions
chatterbot Charlie submitting transactions
chatterbot Zulu submitting transactions
chatterbot Victor submitting transactions
chatterbot India submitting transactions
ChatterBot Charlie round 2
ChatterBot Alpha round 2
ChatterBot Sierra round 2
ChatterBot Tango round 2
2024-10-14 20:36:21.088369 Alpha: We should add Echo
ChatterBot Charlie reevaluating
ChatterBot India reevaluating
ChatterBot Papa reevaluating
ChatterBot Uniform reevaluating
ChatterBot Sierra reevaluating
2024-10-14 20:36:21.159120 Charlie: No
2024-10-14 20:36:21.159404 India: No
2024-10-14 20:36:21.159605 Papa: Yes
2024-10-14 20:36:21.159793 Uniform: No
2024-10-14 20:36:21.160370 Sierra: Yes
ChatterBot Alpha reevaluating
ChatterBot India reevaluating
ChatterBot Papa reevaluating
ChatterBot Uniform reevaluating
ChatterBot Sierra reevaluating
ChatterBot Alpha reevaluating
ChatterBot Charlie reevaluating
ChatterBot Papa reevaluating
ChatterBot Uniform reevaluating
ChatterBot Sierra reevaluating
ChatterBot Alpha reevaluating
ChatterBot Charlie reevaluating
ChatterBot India reevaluating
ChatterBot Uniform reevaluating
ChatterBot Sierra reevaluating
ChatterBot Alpha reevaluating
ChatterBot Charlie reevaluating
ChatterBot India reevaluating
ChatterBot Papa reevaluating
ChatterBot Sierra reevaluating
ChatterBot Alpha reevaluating
ChatterBot Charlie reevaluating
ChatterBot India reevaluating
ChatterBot Papa reevaluating
ChatterBot Uniform reevaluating
ChatterBot Uniform round 2
ChatterBot Papa round 2
ChatterBot Victor round 2
ChatterBot Echo round 2
ChatterBot Zulu round 2
ChatterBot India round 2
2024-10-14 20:36:21.614158 Tango: Let's form a team
ChatterBot Victor reevaluating
ChatterBot Echo reevaluating
ChatterBot Zulu reevaluating
2024-10-14 20:36:21.631160 Victor: Yes
2024-10-14 20:36:21.631378 Echo: Yes
2024-10-14 20:36:21.632116 Zulu: Yes
ChatterBot Echo reevaluating
ChatterBot Zulu reevaluating
ChatterBot Victor reevaluating
ChatterBot Zulu reevaluating
ChatterBot Victor reevaluating
ChatterBot Echo reevaluating
2024-10-14 20:36:21.683597 Echo: We should group up
ChatterBot Victor reevaluating
ChatterBot Zulu reevaluating
ChatterBot Alpha reevaluating
2024-10-14 20:36:21.705922 Tango: No
2024-10-14 20:36:21.706127 Victor: No
2024-10-14 20:36:21.706287 Zulu: No
2024-10-14 20:36:21.706432 Alpha: No
ChatterBot Echo reevaluating
ChatterBot Victor reevaluating
ChatterBot Zulu reevaluating
ChatterBot Alpha reevaluating
ChatterBot Echo reevaluating
ChatterBot Zulu reevaluating
ChatterBot Alpha reevaluating
ChatterBot Echo reevaluating
ChatterBot Victor reevaluating
ChatterBot Alpha reevaluating
ChatterBot Echo reevaluating
ChatterBot Victor reevaluating
ChatterBot Zulu reevaluating
2024-10-14 20:36:21.802028 Uniform: We should add Victor
ChatterBot Alpha reevaluating
ChatterBot Charlie reevaluating
ChatterBot India reevaluating
ChatterBot Papa reevaluating
2024-10-14 20:36:21.844356 Alpha: No
2024-10-14 20:36:21.845054 Charlie: Yes
2024-10-14 20:36:21.845300 India: No
2024-10-14 20:36:21.845516 Papa: No
2024-10-14 20:36:21.845711 Sierra: Yes
ChatterBot Charlie reevaluating
ChatterBot India reevaluating
ChatterBot Papa reevaluating
ChatterBot Uniform reevaluating
ChatterBot Alpha reevaluating
ChatterBot India reevaluating
ChatterBot Papa reevaluating
ChatterBot Uniform reevaluating
ChatterBot Alpha reevaluating
ChatterBot Charlie reevaluating
ChatterBot Papa reevaluating
ChatterBot Uniform reevaluating
ChatterBot Alpha reevaluating
ChatterBot Charlie reevaluating
ChatterBot India reevaluating
ChatterBot Uniform reevaluating
ChatterBot Alpha reevaluating
ChatterBot Charlie reevaluating
ChatterBot India reevaluating
ChatterBot Papa reevaluating
ChatterBot Uniform reevaluating
2024-10-14 20:36:22.193042 Charlie: Tango we want you to join our group
2024-10-14 20:36:22.198849 Tango: No
ChatterBot Uniform reevaluating
2024-10-14 20:36:22.250462 Uniform: We should add Zulu
2024-10-14 20:36:22.291371 Alpha: No
2024-10-14 20:36:22.291694 Charlie: No
2024-10-14 20:36:22.291848 India: No
2024-10-14 20:36:22.292028 Papa: No
2024-10-14 20:36:22.292189 Sierra: Yes
ChatterBot Uniform reevaluating
ChatterBot Uniform reevaluating
ChatterBot Sierra reevaluating
ChatterBot Alpha reevaluating
ChatterBot Uniform reevaluating
ChatterBot Sierra reevaluating
ChatterBot Alpha reevaluating
ChatterBot Uniform reevaluating
ChatterBot Sierra reevaluating
ChatterBot Alpha reevaluating
ChatterBot Uniform reevaluating
chatterbot India submitting transactions
2024-10-14 20:36:22.505327 Tango: Victor, sending you 6
2024-10-14 20:36:22.510984 Tango: Echo and Zulu, sending you 5
2024-10-14 20:36:22.520607 India: Charlie, Uniform and Papa, sending you 3
2024-10-14 20:36:22.541851 Papa: Sending you 6
2024-10-14 20:36:22.542153 Echo: Tango, Victor and Zulu, sending you 4
2024-10-14 20:36:22.542390 India: Alpha and Sierra, sending you 2
2024-10-14 20:36:22.542752 Charlie: Alpha, Tango, Uniform and India, sending you 3
2024-10-14 20:36:22.543467 Victor: Tango, sending you 4
2024-10-14 20:36:22.543703 Zulu: Sending you each 4
2024-10-14 20:36:22.551471 Echo: Papa, sending you 2
2024-10-14 20:36:22.551866 Victor: Echo and Zulu, sending you 6
2024-10-14 20:36:22.552195 Charlie: Sierra, sending you 1
2024-10-14 20:36:22.553167 Uniform: Charlie, Alpha, Sierra and Papa, sending you 4
2024-10-14 20:36:22.561078 Charlie: Papa, sending you 2
2024-10-14 20:36:22.561416 Uniform: India, sending you 2
chatterbot Sierra submitting transactions
chatterbot Papa submitting transactions
chatterbot Charlie submitting transactions
chatterbot Uniform submitting transactions
chatterbot Tango submitting transactions
chatterbot Alpha submitting transactions
chatterbot Zulu submitting transactions
chatterbot Echo submitting transactions
chatterbot Victor submitting transactions
ChatterBot Charlie round 3
ChatterBot Alpha round 3
ChatterBot Sierra round 3
ChatterBot Tango round 3
ChatterBot Uniform round 3
ChatterBot Papa round 3
ChatterBot Victor round 3
ChatterBot Echo round 3
ChatterBot Zulu round 3
ChatterBot India round 3
2024-10-14 20:36:23.232021 Charlie: We should drop Tango
ChatterBot Alpha reevaluating
ChatterBot Papa reevaluating
ChatterBot Sierra reevaluating
2024-10-14 20:36:23.268302 Alpha: Yes
2024-10-14 20:36:23.268550 India: Yes
2024-10-14 20:36:23.268731 Papa: Yes
2024-10-14 20:36:23.268945 Uniform: Yes
2024-10-14 20:36:23.269096 Sierra: Yes
ChatterBot Papa reevaluating
ChatterBot Sierra reevaluating
ChatterBot Alpha reevaluating
ChatterBot Papa reevaluating
ChatterBot Sierra reevaluating
ChatterBot Alpha reevaluating
ChatterBot Sierra reevaluating
ChatterBot Alpha reevaluating
ChatterBot Papa reevaluating
ChatterBot Sierra reevaluating
ChatterBot Alpha reevaluating
ChatterBot Papa reevaluating
2024-10-14 20:36:23.412472 Echo: We should replace Papa with Sierra
2024-10-14 20:36:23.419455 Tango: No
2024-10-14 20:36:23.419610 Victor: No
2024-10-14 20:36:23.419730 Zulu: No
ChatterBot Echo reevaluating
ChatterBot Echo reevaluating
ChatterBot Echo reevaluating
2024-10-14 20:36:23.445438 Papa: We should replace Sierra with Uniform
2024-10-14 20:36:23.445842 Echo: We should replace Papa with Alpha
2024-10-14 20:36:23.452984 Tango: No
2024-10-14 20:36:23.453140 Victor: No
2024-10-14 20:36:23.453253 Zulu: No
ChatterBot Echo reevaluating
ChatterBot Echo reevaluating
ChatterBot Echo reevaluating
2024-10-14 20:36:23.477238 Papa: Uniform we want you to join our group
2024-10-14 20:36:23.480531 Uniform: Yes
2024-10-14 20:36:23.492157 Echo: Sierra we want you to join our group
2024-10-14 20:36:23.495346 Sierra: No
ChatterBot Echo reevaluating
2024-10-14 20:36:23.505398 Victor: Tango and Zulu, sending you 5
2024-10-14 20:36:23.505795 Charlie: Alpha, Sierra and India, sending you 3
2024-10-14 20:36:23.506150 Sierra: Charlie, sending you 2
2024-10-14 20:36:23.506433 Tango: Victor and Echo, sending you 5
2024-10-14 20:36:23.507124 Uniform: Charlie, Alpha, Sierra and India, sending you 4
2024-10-14 20:36:23.507490 Zulu: Same as last round
2024-10-14 20:36:23.507731 Alpha: Charlie and Uniform, sending you 4
chatterbot Charlie submitting transactions
2024-10-14 20:36:23.508654 Victor: Echo, sending you 6
2024-10-14 20:36:23.509475 Charlie: Uniform, sending you 4
2024-10-14 20:36:23.509991 India: Charlie, Alpha, Sierra and Uniform, sending you 3
2024-10-14 20:36:23.510450 Sierra: Alpha, Uniform, Papa and India, sending you 3
2024-10-14 20:36:23.511729 Tango: Zulu, sending you 6
2024-10-14 20:36:23.512181 Uniform: Papa, sending you 2
2024-10-14 20:36:23.512842 Alpha: Sierra, Papa and India, sending you 3
2024-10-14 20:36:23.513490 Charlie: Papa, sending you 2
chatterbot Sierra submitting transactions
2024-10-14 20:36:23.514706 India: Papa, sending you 1
2024-10-14 20:36:23.519687 Papa: Sending you 6
2024-10-14 20:36:23.545840 Echo: Sierra, sending you 2
2024-10-14 20:36:23.549667 Echo: Tango, Victor and Zulu, sending you 4
chatterbot Tango submitting transactions
chatterbot Sierra submitting transactions
chatterbot Uniform submitting transactions
chatterbot Papa submitting transactions
chatterbot Victor submitting transactions
chatterbot India submitting transactions
chatterbot Alpha submitting transactions
chatterbot Zulu submitting transactions
chatterbot Echo submitting transactions
ChatterBot Charlie round 4
ChatterBot Alpha round 4
ChatterBot Sierra round 4
ChatterBot Tango round 4
ChatterBot Uniform round 4
ChatterBot Papa round 4
ChatterBot Victor round 4
ChatterBot Echo round 4
ChatterBot Zulu round 4
ChatterBot India round 4
2024-10-14 20:36:24.817159 Echo: We should replace Sierra with Charlie
2024-10-14 20:36:24.824627 Tango: No
2024-10-14 20:36:24.824828 Victor: No
2024-10-14 20:36:24.825503 Zulu: No
ChatterBot Echo reevaluating
ChatterBot Echo reevaluating
ChatterBot Echo reevaluating
2024-10-14 20:36:24.855557 Echo: We should replace Sierra with Alpha
2024-10-14 20:36:24.863729 Tango: No
2024-10-14 20:36:24.864018 Victor: No
2024-10-14 20:36:24.864183 Zulu: No
ChatterBot Echo reevaluating
ChatterBot Echo reevaluating
ChatterBot Echo reevaluating
2024-10-14 20:36:24.892313 Sierra: Charlie, sending you 2
2024-10-14 20:36:24.893022 Victor: Tango, sending you 6
2024-10-14 20:36:24.893516 Charlie: Alpha, Sierra and India, sending you 3
2024-10-14 20:36:24.894021 Alpha: Charlie and Uniform, sending you 4
2024-10-14 20:36:24.894474 Papa: Same as last round
2024-10-14 20:36:24.894857 Uniform: Charlie, Alpha, Sierra and Papa, sending you 4
2024-10-14 20:36:24.896167 Echo: Alpha we want you to join our group
2024-10-14 20:36:24.898619 Alpha: No
ChatterBot Echo reevaluating
2024-10-14 20:36:24.912316 Tango: Victor, sending you 6
2024-10-14 20:36:24.912934 Charlie: Uniform, sending you 4
2024-10-14 20:36:24.914393 Sierra: Alpha, Uniform, Papa and India, sending you 3
2024-10-14 20:36:24.915101 Victor: Echo and Zulu, sending you 5
2024-10-14 20:36:24.915571 Alpha: Sierra, Papa and India, sending you 3
2024-10-14 20:36:24.916367 Uniform: India, sending you 2
2024-10-14 20:36:24.917230 Tango: Echo and Zulu, sending you 5
2024-10-14 20:36:24.918396 Charlie: Papa, sending you 2
2024-10-14 20:36:24.919706 India: Charlie, Alpha, Sierra and Uniform, sending you 3
2024-10-14 20:36:24.920684 Zulu: Same as last round
2024-10-14 20:36:24.922707 India: Papa, sending you 1
2024-10-14 20:36:24.925703 Echo: Sierra, sending you 2
2024-10-14 20:36:24.929732 Echo: Tango, Victor and Zulu, sending you 4
chatterbot Victor submitting transactions
chatterbot Papa submitting transactions
chatterbot Tango submitting transactions
chatterbot Uniform submitting transactions
chatterbot Charlie submitting transactions
chatterbot Sierra submitting transactions
chatterbot Echo submitting transactions
chatterbot Alpha submitting transactions
chatterbot India submitting transactions
chatterbot Zulu submitting transactions
ChatterBot Charlie round 5
ChatterBot Alpha round 5
ChatterBot Sierra round 5
ChatterBot Tango round 5
ChatterBot Uniform round 5
ChatterBot Papa round 5
ChatterBot Victor round 5
ChatterBot Echo round 5
ChatterBot Zulu round 5
ChatterBot India round 5
2024-10-14 20:36:26.031141 Echo: We should replace Sierra with Alpha
2024-10-14 20:36:26.040152 Tango: No
2024-10-14 20:36:26.040382 Victor: No
2024-10-14 20:36:26.040914 Zulu: No
ChatterBot Echo reevaluating
ChatterBot Echo reevaluating
ChatterBot Echo reevaluating
2024-10-14 20:36:26.075323 Echo: We should replace Sierra with Charlie
2024-10-14 20:36:26.081430 Tango: No
2024-10-14 20:36:26.081627 Victor: No
2024-10-14 20:36:26.081768 Zulu: No
ChatterBot Echo reevaluating
ChatterBot Echo reevaluating
ChatterBot Echo reevaluating
2024-10-14 20:36:26.102164 Charlie: Alpha, Sierra and India, sending you 3
2024-10-14 20:36:26.102783 Uniform: Charlie, Alpha, Sierra and Papa, sending you 4
2024-10-14 20:36:26.103465 Papa: Same as last round
2024-10-14 20:36:26.106655 Alpha: Charlie, Sierra, Papa and India, sending you 3
2024-10-14 20:36:26.107890 Tango: Victor, sending you 6
2024-10-14 20:36:26.108452 Victor: Tango, sending you 6
2024-10-14 20:36:26.108987 Charlie: Uniform, sending you 4
2024-10-14 20:36:26.109801 Uniform: India, sending you 2
2024-10-14 20:36:26.110807 Echo: Alpha we want you to join our group
2024-10-14 20:36:26.113736 Alpha: No
ChatterBot Echo reevaluating
2024-10-14 20:36:26.122109 Echo: We should replace Sierra with Papa
2024-10-14 20:36:26.127505 Tango: No
2024-10-14 20:36:26.127627 Victor: No
2024-10-14 20:36:26.127721 Zulu: No
ChatterBot Echo reevaluating
ChatterBot Echo reevaluating
ChatterBot Echo reevaluating
2024-10-14 20:36:26.144179 Sierra: Charlie, Alpha, Uniform and India, sending you 3
2024-10-14 20:36:26.144758 Echo: We should replace Sierra with India
2024-10-14 20:36:26.150027 Tango: No
2024-10-14 20:36:26.150168 Victor: No
2024-10-14 20:36:26.150281 Zulu: No
ChatterBot Echo reevaluating
ChatterBot Echo reevaluating
ChatterBot Echo reevaluating
2024-10-14 20:36:26.167083 Tango: Echo and Zulu, sending you 5
2024-10-14 20:36:26.167383 Victor: Echo and Zulu, sending you 5
2024-10-14 20:36:26.167767 Alpha: Uniform, sending you 5
2024-10-14 20:36:26.168349 Charlie: Papa, sending you 2
2024-10-14 20:36:26.169179 Sierra: Papa, sending you 2
2024-10-14 20:36:26.171713 India: Charlie, Alpha, Sierra and Uniform, sending you 3
2024-10-14 20:36:26.172589 Zulu: Same as last round
2024-10-14 20:36:26.175673 India: Papa, sending you 1
2024-10-14 20:36:26.196666 Echo: Alpha, sending you 2
2024-10-14 20:36:26.201674 Echo: Tango, Victor and Zulu, sending you 4
chatterbot Uniform submitting transactions
chatterbot Victor submitting transactions
chatterbot Zulu submitting transactions
chatterbot Papa submitting transactions
chatterbot Alpha submitting transactions
chatterbot Tango submitting transactions
chatterbot India submitting transactions
chatterbot Sierra submitting transactions
chatterbot Charlie submitting transactions
chatterbot Echo submitting transactions
ChatterBot Charlie round 6
ChatterBot Alpha round 6
ChatterBot Sierra round 6
ChatterBot Tango round 6
ChatterBot Uniform round 6
ChatterBot Papa round 6
ChatterBot Victor round 6
ChatterBot Echo round 6
2024-10-14 20:36:27.229829 Echo: We should replace Alpha with Sierra
2024-10-14 20:36:27.236395 Tango: No
2024-10-14 20:36:27.236537 Victor: No
2024-10-14 20:36:27.237097 Zulu: No
ChatterBot Echo reevaluating
ChatterBot Echo reevaluating
ChatterBot Echo reevaluating
ChatterBot Zulu round 6
ChatterBot India round 6
2024-10-14 20:36:27.284545 Echo: We should replace Alpha with Charlie
2024-10-14 20:36:27.293090 Tango: No
2024-10-14 20:36:27.293251 Victor: No
2024-10-14 20:36:27.293379 Zulu: No
ChatterBot Echo reevaluating
ChatterBot Echo reevaluating
ChatterBot Echo reevaluating
2024-10-14 20:36:27.316812 Echo: We should replace Alpha with India
2024-10-14 20:36:27.323503 Tango: No
2024-10-14 20:36:27.323643 Victor: No
2024-10-14 20:36:27.323743 Zulu: No
ChatterBot Echo reevaluating
ChatterBot Echo reevaluating
ChatterBot Echo reevaluating
2024-10-14 20:36:27.346648 Charlie: Alpha, Sierra and India, sending you 3
2024-10-14 20:36:27.350666 Alpha: Charlie, Sierra, Papa and India, sending you 3
2024-10-14 20:36:27.351257 Tango: Victor, sending you 6
2024-10-14 20:36:27.351711 Echo: Sierra we want you to join our group
2024-10-14 20:36:27.356197 Sierra: No
ChatterBot Echo reevaluating
2024-10-14 20:36:27.370842 Sierra: Charlie, Alpha, Uniform and India, sending you 3
2024-10-14 20:36:27.371598 Victor: Tango, sending you 6
2024-10-14 20:36:27.372494 Charlie: Uniform, sending you 4
2024-10-14 20:36:27.373134 Uniform: Charlie, Alpha, Sierra and Papa, sending you 4
2024-10-14 20:36:27.373800 Papa: Same as last round
2024-10-14 20:36:27.374385 Alpha: Uniform, sending you 5
2024-10-14 20:36:27.375003 Tango: Echo and Zulu, sending you 5
2024-10-14 20:36:27.375687 Sierra: Papa, sending you 2
2024-10-14 20:36:27.376704 Charlie: Papa, sending you 2
2024-10-14 20:36:27.377333 Victor: Echo and Zulu, sending you 5
2024-10-14 20:36:27.378266 Uniform: India, sending you 2
2024-10-14 20:36:27.378921 Zulu: Same as last round
2024-10-14 20:36:27.379473 Echo: Charlie we want you to join our group
2024-10-14 20:36:27.383123 Charlie: No
ChatterBot Echo reevaluating
2024-10-14 20:36:27.417667 Echo: Charlie, sending you 2
2024-10-14 20:36:27.420667 Echo: Tango, Victor and Zulu, sending you 4
chatterbot Charlie submitting transactions
chatterbot Uniform submitting transactions
chatterbot India submitting transactions
chatterbot Sierra submitting transactions
chatterbot Zulu submitting transactions
chatterbot Papa submitting transactions
chatterbot Victor submitting transactions
chatterbot Alpha submitting transactions
chatterbot Tango submitting transactions
chatterbot Echo submitting transactions
ChatterBot Charlie round 7
ChatterBot Alpha round 7
ChatterBot Sierra round 7
ChatterBot Tango round 7
ChatterBot Uniform round 7
ChatterBot Papa round 7
ChatterBot Victor round 7
2024-10-14 20:36:28.493860 Alpha: We should add Victor
ChatterBot Charlie reevaluating
2024-10-14 20:36:28.533003 Charlie: Yes
2024-10-14 20:36:28.533318 India: No
2024-10-14 20:36:28.533546 Papa: No
2024-10-14 20:36:28.533897 Uniform: No
2024-10-14 20:36:28.534128 Sierra: No
ChatterBot Sierra reevaluating
ChatterBot Charlie reevaluating
ChatterBot Uniform reevaluating
ChatterBot Sierra reevaluating
ChatterBot Charlie reevaluating
ChatterBot Uniform reevaluating
ChatterBot Sierra reevaluating
ChatterBot Alpha reevaluating
ChatterBot Charlie reevaluating
ChatterBot Sierra reevaluating
ChatterBot Alpha reevaluating
ChatterBot Charlie reevaluating
ChatterBot Uniform reevaluating
ChatterBot Echo round 7
ChatterBot Zulu round 7
2024-10-14 20:36:28.721797 Charlie: We should add Zulu
ChatterBot Alpha reevaluating
ChatterBot Uniform reevaluating
ChatterBot Sierra reevaluating
2024-10-14 20:36:28.758209 Alpha: Yes
2024-10-14 20:36:28.758431 India: No
2024-10-14 20:36:28.758610 Papa: No
2024-10-14 20:36:28.758783 Uniform: No
2024-10-14 20:36:28.758969 Sierra: No
ChatterBot Charlie reevaluating
ChatterBot Uniform reevaluating
ChatterBot Sierra reevaluating
ChatterBot Alpha reevaluating
ChatterBot Charlie reevaluating
ChatterBot Uniform reevaluating
ChatterBot Sierra reevaluating
ChatterBot Alpha reevaluating
ChatterBot Charlie reevaluating
ChatterBot Uniform reevaluating
ChatterBot Sierra reevaluating
ChatterBot Alpha reevaluating
ChatterBot Charlie reevaluating
ChatterBot Sierra reevaluating
ChatterBot Alpha reevaluating
ChatterBot Charlie reevaluating
ChatterBot Uniform reevaluating
ChatterBot India round 7
2024-10-14 20:36:28.901461 Echo: We should replace Charlie with Alpha
ChatterBot Zulu reevaluating
2024-10-14 20:36:28.909630 Tango: No
2024-10-14 20:36:28.909794 Victor: No
2024-10-14 20:36:28.909905 Zulu: No
ChatterBot Zulu reevaluating
ChatterBot Echo reevaluating
ChatterBot Zulu reevaluating
ChatterBot Echo reevaluating
2024-10-14 20:36:28.939349 Alpha: Victor we want you to join our group
2024-10-14 20:36:28.942162 Victor: No
ChatterBot Alpha reevaluating
ChatterBot Charlie reevaluating
ChatterBot Uniform reevaluating
2024-10-14 20:36:28.967254 Charlie: We should add Tango
ChatterBot Alpha reevaluating
ChatterBot Uniform reevaluating
2024-10-14 20:36:28.987168 Alpha: No
2024-10-14 20:36:28.987302 India: No
2024-10-14 20:36:28.987429 Papa: No
2024-10-14 20:36:28.987549 Uniform: No
2024-10-14 20:36:28.987667 Sierra: No
ChatterBot Charlie reevaluating
ChatterBot Uniform reevaluating
ChatterBot Alpha reevaluating
ChatterBot Charlie reevaluating
ChatterBot Uniform reevaluating
ChatterBot Alpha reevaluating
ChatterBot Charlie reevaluating
ChatterBot Uniform reevaluating
ChatterBot Alpha reevaluating
ChatterBot Charlie reevaluating
ChatterBot Alpha reevaluating
ChatterBot Charlie reevaluating
ChatterBot Uniform reevaluating
2024-10-14 20:36:29.090664 Tango: Victor, sending you 6
2024-10-14 20:36:29.091888 Papa: Same as last round
2024-10-14 20:36:29.092663 Echo: Alpha we want you to join our group
ChatterBot Alpha reevaluating
2024-10-14 20:36:29.099118 Alpha: No
ChatterBot Echo reevaluating
2024-10-14 20:36:29.113971 Echo: We should replace Charlie with Sierra
2024-10-14 20:36:29.122148 Tango: No
2024-10-14 20:36:29.122356 Victor: No
2024-10-14 20:36:29.122502 Zulu: Yes
ChatterBot Echo reevaluating
ChatterBot Zulu reevaluating
ChatterBot Echo reevaluating
ChatterBot Zulu reevaluating
ChatterBot Echo reevaluating
2024-10-14 20:36:29.147818 Sierra: Charlie, Alpha, Uniform and India, sending you 3
2024-10-14 20:36:29.148799 Tango: Echo and Zulu, sending you 5
2024-10-14 20:36:29.149176 Charlie: Victor we want you to join our group
2024-10-14 20:36:29.151529 Victor: No
ChatterBot Alpha reevaluating
ChatterBot Uniform reevaluating
2024-10-14 20:36:29.175170 Sierra: Papa, sending you 2
2024-10-14 20:36:29.178654 Victor: Tango, sending you 6
2024-10-14 20:36:29.179686 India: Charlie and Alpha, sending you 2
2024-10-14 20:36:29.182650 Uniform: We should drop India
ChatterBot Alpha reevaluating
2024-10-14 20:36:29.207407 Charlie: No
2024-10-14 20:36:29.207642 Alpha: No
2024-10-14 20:36:29.207852 Sierra: No
2024-10-14 20:36:29.208032 Papa: Yes
ChatterBot Uniform reevaluating
ChatterBot Alpha reevaluating
ChatterBot Uniform reevaluating
ChatterBot Uniform reevaluating
ChatterBot Alpha reevaluating
ChatterBot Uniform reevaluating
ChatterBot Alpha reevaluating
2024-10-14 20:36:29.280995 Victor: Echo and Zulu, sending you 5
chatterbot Tango submitting transactions
2024-10-14 20:36:29.281709 India: Sierra and Uniform, sending you 3
2024-10-14 20:36:29.285006 Zulu: Sierra, sending you 2
2024-10-14 20:36:29.285916 Charlie: Alpha, Sierra and Uniform, sending you 3
2024-10-14 20:36:29.286960 India: Papa, sending you 1
2024-10-14 20:36:29.289666 Zulu: Tango and Victor, sending you 4
2024-10-14 20:36:29.291683 Charlie: Papa, Victor and India, sending you 2
2024-10-14 20:36:29.292676 Zulu: Echo, sending you 3
2024-10-14 20:36:29.306675 Uniform: Charlie, Alpha and Sierra, sending you 4
2024-10-14 20:36:29.310674 Uniform: Papa, sending you 6
2024-10-14 20:36:29.320684 Alpha: Charlie, Sierra, Uniform, Papa and India, sending you 3
2024-10-14 20:36:29.325797 Alpha: Victor, sending you 2
chatterbot India submitting transactions
chatterbot Victor submitting transactions
chatterbot Papa submitting transactions
chatterbot Sierra submitting transactions
chatterbot Alpha submitting transactions
chatterbot Charlie submitting transactions
chatterbot Uniform submitting transactions
chatterbot Zulu submitting transactions
chatterbot Echo submitting transactions
ChatterBot Charlie round 8
ChatterBot Alpha round 8
ChatterBot Sierra round 8
ChatterBot Tango round 8
ChatterBot Uniform round 8
ChatterBot Papa round 8
2024-10-14 20:36:30.394515 Alpha: We should replace Victor with Zulu
ChatterBot Charlie reevaluating
ChatterBot Uniform reevaluating
2024-10-14 20:36:30.417731 Charlie: Yes
2024-10-14 20:36:30.417964 India: No
2024-10-14 20:36:30.418109 Papa: No
2024-10-14 20:36:30.418238 Uniform: No
2024-10-14 20:36:30.418360 Sierra: No
ChatterBot Uniform reevaluating
ChatterBot Sierra reevaluating
ChatterBot Charlie reevaluating
ChatterBot Uniform reevaluating
ChatterBot Sierra reevaluating
ChatterBot Alpha reevaluating
ChatterBot Charlie reevaluating
ChatterBot Uniform reevaluating
ChatterBot Sierra reevaluating
ChatterBot Alpha reevaluating
ChatterBot Charlie reevaluating
ChatterBot Sierra reevaluating
ChatterBot Alpha reevaluating
ChatterBot Charlie reevaluating
ChatterBot Uniform reevaluating
2024-10-14 20:36:30.522043 Uniform: We should add India
ChatterBot Charlie reevaluating
ChatterBot Alpha reevaluating
ChatterBot Sierra reevaluating
2024-10-14 20:36:30.542861 Charlie: Yes
2024-10-14 20:36:30.543322 Alpha: Yes
2024-10-14 20:36:30.543420 Sierra: Yes
2024-10-14 20:36:30.543507 Papa: No
ChatterBot Uniform reevaluating
ChatterBot Alpha reevaluating
ChatterBot Sierra reevaluating
ChatterBot Uniform reevaluating
ChatterBot Charlie reevaluating
ChatterBot Sierra reevaluating
ChatterBot Uniform reevaluating
ChatterBot Charlie reevaluating
ChatterBot Alpha reevaluating
ChatterBot Uniform reevaluating
ChatterBot Charlie reevaluating
ChatterBot Alpha reevaluating
ChatterBot Sierra reevaluating
ChatterBot Victor round 8
ChatterBot Echo round 8
ChatterBot Zulu round 8
ChatterBot India round 8
2024-10-14 20:36:30.653925 Uniform: We should replace Papa with India
ChatterBot Charlie reevaluating
ChatterBot Alpha reevaluating
2024-10-14 20:36:30.661098 Charlie: No
2024-10-14 20:36:30.661232 Alpha: No
2024-10-14 20:36:30.661336 Sierra: Yes
ChatterBot Uniform reevaluating
ChatterBot Alpha reevaluating
ChatterBot Uniform reevaluating
ChatterBot Charlie reevaluating
ChatterBot Uniform reevaluating
ChatterBot Charlie reevaluating
ChatterBot Alpha reevaluating
2024-10-14 20:36:30.691307 Echo: We should replace Charlie with Alpha
ChatterBot Zulu reevaluating
2024-10-14 20:36:30.698322 Tango: No
2024-10-14 20:36:30.698455 Victor: Yes
2024-10-14 20:36:30.698567 Zulu: Yes
ChatterBot Zulu reevaluating
ChatterBot Echo reevaluating
ChatterBot Zulu reevaluating
ChatterBot Echo reevaluating
2024-10-14 20:36:30.718332 Sierra: We should drop Papa
ChatterBot Charlie reevaluating
ChatterBot Alpha reevaluating
2024-10-14 20:36:30.726660 Charlie: No
2024-10-14 20:36:30.726808 Alpha: No
2024-10-14 20:36:30.726911 Uniform: Yes
2024-10-14 20:36:30.727011 India: No
ChatterBot Alpha reevaluating
ChatterBot Charlie reevaluating
ChatterBot Charlie reevaluating
ChatterBot Alpha reevaluating
ChatterBot Charlie reevaluating
ChatterBot Alpha reevaluating
ChatterBot Uniform reevaluating
2024-10-14 20:36:30.761252 Echo: We should replace Charlie with Papa
ChatterBot Zulu reevaluating
2024-10-14 20:36:30.770572 Tango: No
2024-10-14 20:36:30.770779 Victor: No
2024-10-14 20:36:30.770975 Zulu: No
ChatterBot Echo reevaluating
ChatterBot Zulu reevaluating
ChatterBot Echo reevaluating
ChatterBot Zulu reevaluating
ChatterBot Echo reevaluating
2024-10-14 20:36:30.802816 Tango: Victor, sending you 6
2024-10-14 20:36:30.803553 Alpha: Zulu we want you to join our group
ChatterBot Zulu reevaluating
2024-10-14 20:36:30.806101 Zulu: No
ChatterBot Uniform reevaluating
2024-10-14 20:36:30.824793 Echo: We should replace Charlie with Sierra
ChatterBot Victor reevaluating
ChatterBot Zulu reevaluating
2024-10-14 20:36:30.830650 Tango: No
2024-10-14 20:36:30.830769 Victor: No
2024-10-14 20:36:30.830858 Zulu: No
ChatterBot Victor reevaluating
ChatterBot Echo reevaluating
ChatterBot Zulu reevaluating
ChatterBot Echo reevaluating
ChatterBot Zulu reevaluating
ChatterBot Victor reevaluating
ChatterBot Echo reevaluating
2024-10-14 20:36:30.852981 Papa: Same as last round
2024-10-14 20:36:30.853417 Tango: Echo and Zulu, sending you 5
2024-10-14 20:36:30.853877 Charlie: Zulu we want you to join our group
ChatterBot Zulu reevaluating
2024-10-14 20:36:30.856884 Zulu: No
ChatterBot Uniform reevaluating
2024-10-14 20:36:30.877528 India: Charlie and Alpha, sending you 2
2024-10-14 20:36:30.881688 Sierra: Charlie, Alpha and India, sending you 3
2024-10-14 20:36:30.883672 India: Sierra and Uniform, sending you 3
2024-10-14 20:36:30.885129 Uniform: India we want you to join our group
2024-10-14 20:36:30.887674 India: Yes
ChatterBot Charlie reevaluating
ChatterBot Uniform reevaluating
2024-10-14 20:36:30.898636 Sierra: Uniform, sending you 5
2024-10-14 20:36:30.899181 India: Papa, sending you 1
2024-10-14 20:36:30.899912 India: I was attacked by Echo
ChatterBot Alpha reevaluating
ChatterBot Charlie reevaluating
ChatterBot Papa reevaluating
ChatterBot Uniform reevaluating
ChatterBot Sierra reevaluating
2024-10-14 20:36:30.925429 India: Ow
2024-10-14 20:36:30.930666 Echo: Charlie, Tango, Victor and Zulu, sending you 3
2024-10-14 20:36:30.931270 Zulu: Sierra, sending you 1
2024-10-14 20:36:30.935658 Zulu: Tango, Victor and Echo, sending you 4
2024-10-14 20:36:30.951699 Alpha: Charlie, Sierra, Uniform, Papa and India, sending you 3
2024-10-14 20:36:30.955174 Alpha: Victor, sending you 2
2024-10-14 20:36:30.956692 Uniform: Sending you each 4
2024-10-14 20:36:30.959304 Charlie: Alpha, Sierra, Uniform and India, sending you 3
2024-10-14 20:36:30.964701 Charlie: Papa, sending you 2
2024-10-14 20:36:30.967727 Charlie: Zulu, sending you 1
chatterbot Tango submitting transactions
chatterbot Victor submitting transactions
chatterbot Alpha submitting transactions
chatterbot Charlie submitting transactions
chatterbot Echo submitting transactions
chatterbot Papa submitting transactions
chatterbot Sierra submitting transactions
chatterbot India submitting transactions
chatterbot Uniform submitting transactions
chatterbot Zulu submitting transactions
ChatterBot Charlie round 9
2024-10-14 20:36:32.072625 Charlie: We should replace Zulu with Victor
ChatterBot Uniform reevaluating
2024-10-14 20:36:32.094740 Alpha: Yes
2024-10-14 20:36:32.095311 India: No
2024-10-14 20:36:32.095458 Papa: No
2024-10-14 20:36:32.095593 Uniform: No
2024-10-14 20:36:32.095741 Sierra: No
ChatterBot Uniform reevaluating
ChatterBot Uniform reevaluating
ChatterBot Charlie reevaluating
ChatterBot Uniform reevaluating
ChatterBot Charlie reevaluating
ChatterBot Charlie reevaluating
ChatterBot Papa reevaluating
ChatterBot Uniform reevaluating
2024-10-14 20:36:32.172282 Papa: We should replace Uniform with Alpha
ChatterBot Alpha round 9
ChatterBot Sierra round 9
ChatterBot Tango round 9
ChatterBot Uniform round 9
ChatterBot Papa round 9
ChatterBot Victor round 9
ChatterBot Echo round 9
ChatterBot Zulu round 9
ChatterBot India round 9
2024-10-14 20:36:32.176957 Uniform: We should add Papa
ChatterBot Sierra reevaluating
ChatterBot Charlie reevaluating
2024-10-14 20:36:32.184378 Sierra: Yes
2024-10-14 20:36:32.184515 Charlie: Yes
2024-10-14 20:36:32.185086 Alpha: Yes
2024-10-14 20:36:32.185269 India: Yes
ChatterBot Charlie reevaluating
ChatterBot Uniform reevaluating
ChatterBot Sierra reevaluating
ChatterBot Uniform reevaluating
ChatterBot Sierra reevaluating
ChatterBot Charlie reevaluating
ChatterBot Uniform reevaluating
ChatterBot Sierra reevaluating
ChatterBot Charlie reevaluating
ChatterBot Uniform reevaluating
2024-10-14 20:36:32.221842 Alpha: We should replace Victor with Zulu
ChatterBot Charlie reevaluating
ChatterBot Papa reevaluating
ChatterBot Uniform reevaluating
ChatterBot Sierra reevaluating
2024-10-14 20:36:32.240882 Charlie: No
2024-10-14 20:36:32.241025 India: No
2024-10-14 20:36:32.241133 Papa: No
2024-10-14 20:36:32.241262 Uniform: No
2024-10-14 20:36:32.241360 Sierra: No
ChatterBot Alpha reevaluating
ChatterBot Papa reevaluating
ChatterBot Uniform reevaluating
ChatterBot Sierra reevaluating
ChatterBot Alpha reevaluating
ChatterBot Charlie reevaluating
ChatterBot Papa reevaluating
ChatterBot Uniform reevaluating
ChatterBot Sierra reevaluating
ChatterBot Alpha reevaluating
ChatterBot Charlie reevaluating
ChatterBot Uniform reevaluating
ChatterBot Sierra reevaluating
ChatterBot Alpha reevaluating
ChatterBot Charlie reevaluating
ChatterBot Papa reevaluating
ChatterBot Sierra reevaluating
ChatterBot Alpha reevaluating
ChatterBot Charlie reevaluating
ChatterBot Papa reevaluating
ChatterBot Uniform reevaluating
2024-10-14 20:36:32.361756 Uniform: Papa we want you to join our group
2024-10-14 20:36:32.377108 Papa: No
ChatterBot Alpha reevaluating
ChatterBot Charlie reevaluating
ChatterBot Sierra reevaluating
2024-10-14 20:36:32.396502 India: I was attacked by Echo
ChatterBot Alpha reevaluating
ChatterBot Charlie reevaluating
ChatterBot Papa reevaluating
ChatterBot Uniform reevaluating
ChatterBot Sierra reevaluating
2024-10-14 20:36:32.436470 India: Ow
2024-10-14 20:36:32.438217 Echo: Charlie, sending you 2
2024-10-14 20:36:32.438704 Zulu: Tango, Victor and Echo, sending you 4
2024-10-14 20:36:32.438996 Tango: Victor, sending you 6
2024-10-14 20:36:32.441690 Zulu: Papa, sending you 2
2024-10-14 20:36:32.442790 Tango: Echo and Zulu, sending you 5
2024-10-14 20:36:32.443323 Echo: Tango, Victor and Zulu, sending you 4
2024-10-14 20:36:32.446681 Sierra: Papa we want you to join our group
ChatterBot Papa reevaluating
2024-10-14 20:36:32.569097 Papa: No
ChatterBot Alpha reevaluating
ChatterBot Charlie reevaluating
ChatterBot Uniform reevaluating
ChatterBot Sierra reevaluating
