ChatterBot Mike round 1
ChatterBot Romeo round 1
ChatterBot Echo round 1
ChatterBot Tango round 1
ChatterBot Hotel round 1
ChatterBot Uniform round 1
ChatterBot Charlie round 1
ChatterBot Victor round 1
ChatterBot X-ray round 1
ChatterBot November round 1
randomSelections Tango: {Tango, Hotel, Charlie, November, Mike, Romeo} 
2024-10-14 20:36:18.418234 Tango: We would work well together
ChatterBot Hotel reevaluating
ChatterBot Charlie reevaluating
ChatterBot November reevaluating
ChatterBot Mike reevaluating
ChatterBot Romeo reevaluating
2024-10-14 20:36:18.432508 Hotel: Yes
2024-10-14 20:36:18.432672 Charlie: Yes
2024-10-14 20:36:18.432814 November: Yes
2024-10-14 20:36:18.432936 Mike: Yes
2024-10-14 20:36:18.433042 Romeo: Yes
ChatterBot Charlie reevaluating
ChatterBot November reevaluating
ChatterBot Mike reevaluating
ChatterBot Romeo reevaluating
ChatterBot Hotel reevaluating
ChatterBot November reevaluating
ChatterBot Mike reevaluating
ChatterBot Romeo reevaluating
ChatterBot Hotel reevaluating
ChatterBot Charlie reevaluating
ChatterBot Mike reevaluating
ChatterBot Romeo reevaluating
ChatterBot Hotel reevaluating
ChatterBot Charlie reevaluating
ChatterBot November reevaluating
ChatterBot Romeo reevaluating
ChatterBot Hotel reevaluating
ChatterBot Charlie reevaluating
ChatterBot November reevaluating
ChatterBot Mike reevaluating
randomSelections Uniform: {Uniform, Charlie, Hotel, Tango, Echo, Romeo} 
2024-10-14 20:36:18.494230 Uniform: Friends?
ChatterBot Charlie reevaluating
ChatterBot Hotel reevaluating
ChatterBot Echo reevaluating
ChatterBot Romeo reevaluating
2024-10-14 20:36:18.506781 Charlie: No
2024-10-14 20:36:18.507004 Hotel: No
2024-10-14 20:36:18.507234 Tango: No
2024-10-14 20:36:18.507866 Echo: Yes
2024-10-14 20:36:18.508004 Romeo: No
ChatterBot Hotel reevaluating
ChatterBot Echo reevaluating
ChatterBot Romeo reevaluating
ChatterBot Charlie reevaluating
ChatterBot Echo reevaluating
ChatterBot Romeo reevaluating
ChatterBot Charlie reevaluating
ChatterBot Hotel reevaluating
ChatterBot Echo reevaluating
ChatterBot Romeo reevaluating
ChatterBot Charlie reevaluating
ChatterBot Hotel reevaluating
ChatterBot Romeo reevaluating
ChatterBot Charlie reevaluating
ChatterBot Hotel reevaluating
ChatterBot Echo reevaluating
randomSelections Victor: {Victor, Tango, Charlie, Uniform, Mike} 
2024-10-14 20:36:18.566701 Victor: Can we be friends?
ChatterBot Charlie reevaluating
ChatterBot Mike reevaluating
2024-10-14 20:36:18.572046 Tango: No
2024-10-14 20:36:18.572222 Charlie: No
2024-10-14 20:36:18.572368 Uniform: No
2024-10-14 20:36:18.572523 Mike: No
ChatterBot Charlie reevaluating
ChatterBot Mike reevaluating
ChatterBot Mike reevaluating
ChatterBot Charlie reevaluating
ChatterBot Mike reevaluating
ChatterBot Charlie reevaluating
randomSelections X-ray: {X-ray, Uniform, Tango, Hotel, Mike, Charlie} 
2024-10-14 20:36:18.593077 X-ray: Can we be friends?
ChatterBot Hotel reevaluating
ChatterBot Mike reevaluating
ChatterBot Charlie reevaluating
2024-10-14 20:36:18.599308 Uniform: No
2024-10-14 20:36:18.599414 Tango: No
2024-10-14 20:36:18.599512 Hotel: No
2024-10-14 20:36:18.599610 Mike: No
2024-10-14 20:36:18.599724 Charlie: No
ChatterBot Hotel reevaluating
ChatterBot Mike reevaluating
ChatterBot Charlie reevaluating
ChatterBot Hotel reevaluating
ChatterBot Mike reevaluating
ChatterBot Charlie reevaluating
ChatterBot Mike reevaluating
ChatterBot Charlie reevaluating
ChatterBot Hotel reevaluating
ChatterBot Charlie reevaluating
ChatterBot Hotel reevaluating
ChatterBot Mike reevaluating
2024-10-14 20:36:18.640669 Uniform: Romeo, Echo and Tango, sending you 2
2024-10-14 20:36:18.641677 Victor: Mike, sending you 5
2024-10-14 20:36:18.642591 X-ray: Mike and Tango, sending you 2
2024-10-14 20:36:18.643674 Romeo: Mike, Hotel and Charlie, sending you 4
2024-10-14 20:36:18.644666 Tango: Mike and Charlie, sending you 1
2024-10-14 20:36:18.645685 Uniform: Hotel, sending you 3
2024-10-14 20:36:18.646632 Victor: Tango, sending you 3
2024-10-14 20:36:18.647019 X-ray: Hotel, sending you 8
2024-10-14 20:36:18.647685 Hotel: Mike and Tango, sending you 2
2024-10-14 20:36:18.648690 Romeo: Tango, sending you 1
2024-10-14 20:36:18.648982 Tango: Romeo, sending you 3
2024-10-14 20:36:18.650659 Uniform: Charlie, sending you 1
2024-10-14 20:36:18.651074 Victor: Uniform, sending you 4
2024-10-14 20:36:18.651360 Hotel: Romeo, sending you 3
2024-10-14 20:36:18.651688 Mike: Romeo, sending you 3
2024-10-14 20:36:18.652055 X-ray: Uniform and Charlie, sending you 1
2024-10-14 20:36:18.652306 Tango: November, sending you 5
2024-10-14 20:36:18.653678 Romeo: November, sending you 5
2024-10-14 20:36:18.653973 Charlie: Mike, sending you 5
2024-10-14 20:36:18.654847 Echo: Romeo, Tango and Hotel, sending you 3
2024-10-14 20:36:18.655120 Hotel: Charlie, sending you 4
2024-10-14 20:36:18.655675 Victor: Charlie, sending you 6
2024-10-14 20:36:18.656699 Mike: Tango and Hotel, sending you 2
2024-10-14 20:36:18.657656 Charlie: Romeo, sending you 4
2024-10-14 20:36:18.658671 November: Mike, sending you 4
2024-10-14 20:36:18.659668 Echo: Uniform and Charlie, sending you 1
2024-10-14 20:36:18.659952 Hotel: November, sending you 1
2024-10-14 20:36:18.660674 Mike: November, sending you 1
2024-10-14 20:36:18.662684 Charlie: Hotel, sending you 1
2024-10-14 20:36:18.663689 November: Romeo and Charlie, sending you 2
2024-10-14 20:36:18.665678 Charlie: November, sending you 6
chatterbot X-ray submitting transactions
chatterbot Echo submitting transactions
chatterbot Tango submitting transactions
chatterbot Mike submitting transactions
chatterbot Victor submitting transactions
chatterbot Charlie submitting transactions
chatterbot Hotel submitting transactions
chatterbot Romeo submitting transactions
chatterbot Uniform submitting transactions
chatterbot November submitting transactions
ChatterBot Mike round 2
ChatterBot Romeo round 2
ChatterBot Echo round 2
ChatterBot Tango round 2
ChatterBot Hotel round 2
2024-10-14 20:36:20.069899 Mike: We should add Victor and X-ray
ChatterBot Tango reevaluating
ChatterBot Hotel reevaluating
ChatterBot Charlie reevaluating
ChatterBot November reevaluating
ChatterBot Romeo reevaluating
2024-10-14 20:36:20.105349 Tango: Yes
2024-10-14 20:36:20.105558 Hotel: No
2024-10-14 20:36:20.105715 Charlie: Yes
2024-10-14 20:36:20.105835 November: No
2024-10-14 20:36:20.105950 Romeo: Yes
ChatterBot Hotel reevaluating
ChatterBot Charlie reevaluating
ChatterBot November reevaluating
ChatterBot Romeo reevaluating
ChatterBot Tango reevaluating
ChatterBot Charlie reevaluating
ChatterBot November reevaluating
ChatterBot Romeo reevaluating
ChatterBot Tango reevaluating
ChatterBot Hotel reevaluating
ChatterBot November reevaluating
ChatterBot Romeo reevaluating
ChatterBot Tango reevaluating
ChatterBot Hotel reevaluating
ChatterBot Charlie reevaluating
ChatterBot Romeo reevaluating
ChatterBot Tango reevaluating
ChatterBot Hotel reevaluating
ChatterBot Charlie reevaluating
ChatterBot November reevaluating
2024-10-14 20:36:20.264023 Romeo: We should add Victor
ChatterBot Tango reevaluating
ChatterBot Hotel reevaluating
ChatterBot Charlie reevaluating
ChatterBot November reevaluating
2024-10-14 20:36:20.298141 Tango: Yes
2024-10-14 20:36:20.298722 Hotel: No
2024-10-14 20:36:20.298825 Charlie: No
2024-10-14 20:36:20.298932 November: No
2024-10-14 20:36:20.299031 Mike: Yes
ChatterBot Hotel reevaluating
ChatterBot Charlie reevaluating
ChatterBot November reevaluating
ChatterBot Romeo reevaluating
ChatterBot Tango reevaluating
ChatterBot Charlie reevaluating
ChatterBot November reevaluating
ChatterBot Romeo reevaluating
ChatterBot Tango reevaluating
ChatterBot Hotel reevaluating
ChatterBot November reevaluating
ChatterBot Romeo reevaluating
ChatterBot Tango reevaluating
ChatterBot Hotel reevaluating
ChatterBot Charlie reevaluating
ChatterBot Romeo reevaluating
ChatterBot Tango reevaluating
ChatterBot Hotel reevaluating
ChatterBot Charlie reevaluating
ChatterBot November reevaluating
ChatterBot Romeo reevaluating
ChatterBot Uniform round 2
ChatterBot Charlie round 2
ChatterBot Victor round 2
ChatterBot X-ray round 2
ChatterBot November round 2
2024-10-14 20:36:20.561699 Echo: We would work well together
ChatterBot Uniform reevaluating
ChatterBot Tango reevaluating
2024-10-14 20:36:20.571242 Uniform: No
2024-10-14 20:36:20.571433 Tango: Yes
ChatterBot Echo reevaluating
ChatterBot Tango reevaluating
ChatterBot Echo reevaluating
ChatterBot Uniform reevaluating
2024-10-14 20:36:20.598513 Mike: Victor and X-ray we want you to join our group
ChatterBot Victor reevaluating
ChatterBot X-ray reevaluating
2024-10-14 20:36:20.607940 Victor: No
2024-10-14 20:36:20.608541 X-ray: Yes
ChatterBot Romeo reevaluating
ChatterBot Tango reevaluating
ChatterBot Hotel reevaluating
ChatterBot Charlie reevaluating
ChatterBot X-ray reevaluating
ChatterBot November reevaluating
ChatterBot Romeo reevaluating
ChatterBot Tango reevaluating
ChatterBot Hotel reevaluating
ChatterBot Charlie reevaluating
ChatterBot Victor reevaluating
ChatterBot November reevaluating
2024-10-14 20:36:20.685996 Charlie: We should add Victor and X-ray
2024-10-14 20:36:20.693812 November: We should add Victor and X-ray
ChatterBot Tango reevaluating
ChatterBot Hotel reevaluating
ChatterBot November reevaluating
ChatterBot Romeo reevaluating
2024-10-14 20:36:20.718673 Tango: Yes
ChatterBot Tango reevaluating
2024-10-14 20:36:20.723491 Hotel: No
ChatterBot Hotel reevaluating
ChatterBot Charlie reevaluating
2024-10-14 20:36:20.732295 November: Yes
2024-10-14 20:36:20.732476 Mike: Yes
2024-10-14 20:36:20.736334 Romeo: No
ChatterBot Romeo reevaluating
2024-10-14 20:36:20.740630 Tango: Yes
2024-10-14 20:36:20.740818 Hotel: No
2024-10-14 20:36:20.740942 Charlie: Yes
2024-10-14 20:36:20.741099 Mike: Yes
2024-10-14 20:36:20.741227 Romeo: No
ChatterBot Hotel reevaluating
ChatterBot Charlie reevaluating
ChatterBot November reevaluating
ChatterBot Romeo reevaluating
ChatterBot Tango reevaluating
ChatterBot Charlie reevaluating
ChatterBot November reevaluating
ChatterBot Romeo reevaluating
ChatterBot Tango reevaluating
ChatterBot Hotel reevaluating
ChatterBot Charlie reevaluating
ChatterBot Romeo reevaluating
ChatterBot Tango reevaluating
ChatterBot Hotel reevaluating
ChatterBot Charlie reevaluating
ChatterBot November reevaluating
ChatterBot Romeo reevaluating
ChatterBot Tango reevaluating
ChatterBot Hotel reevaluating
ChatterBot Charlie reevaluating
ChatterBot November reevaluating
ChatterBot Hotel reevaluating
ChatterBot Charlie reevaluating
ChatterBot November reevaluating
ChatterBot Romeo reevaluating
ChatterBot Tango reevaluating
ChatterBot Charlie reevaluating
ChatterBot November reevaluating
ChatterBot Romeo reevaluating
ChatterBot Tango reevaluating
ChatterBot Hotel reevaluating
ChatterBot November reevaluating
ChatterBot Romeo reevaluating
ChatterBot Tango reevaluating
ChatterBot Hotel reevaluating
ChatterBot Charlie reevaluating
ChatterBot November reevaluating
ChatterBot Romeo reevaluating
ChatterBot Tango reevaluating
ChatterBot Hotel reevaluating
ChatterBot Charlie reevaluating
ChatterBot November reevaluating
2024-10-14 20:36:20.954466 Romeo: We should add X-ray
ChatterBot Tango reevaluating
2024-10-14 20:36:20.972378 Tango: Yes
2024-10-14 20:36:20.972529 Hotel: Yes
2024-10-14 20:36:20.972659 Charlie: Yes
2024-10-14 20:36:20.972760 November: Yes
2024-10-14 20:36:20.972895 Mike: Yes
ChatterBot Romeo reevaluating
ChatterBot Tango reevaluating
ChatterBot Romeo reevaluating
ChatterBot Tango reevaluating
ChatterBot Romeo reevaluating
ChatterBot Tango reevaluating
ChatterBot Romeo reevaluating
ChatterBot Tango reevaluating
ChatterBot Romeo reevaluating
2024-10-14 20:36:21.100992 Victor: We would work well together
ChatterBot Uniform reevaluating
ChatterBot Echo reevaluating
2024-10-14 20:36:21.114847 Uniform: Yes
2024-10-14 20:36:21.115036 Echo: Yes
ChatterBot Echo reevaluating
ChatterBot Victor reevaluating
ChatterBot Uniform reevaluating
ChatterBot Victor reevaluating
2024-10-14 20:36:21.153821 Hotel: X-ray we want you to join our group
2024-10-14 20:36:21.159908 X-ray: Yes
ChatterBot Romeo reevaluating
ChatterBot Tango reevaluating
2024-10-14 20:36:21.197864 Charlie: Victor and X-ray we want you to join our group
2024-10-14 20:36:21.209858 Victor: No
2024-10-14 20:36:21.210058 X-ray: Yes
ChatterBot Romeo reevaluating
ChatterBot Tango reevaluating
ChatterBot Romeo reevaluating
ChatterBot Tango reevaluating
2024-10-14 20:36:21.388199 November: Victor and X-ray we want you to join our group
2024-10-14 20:36:21.400064 Victor: No
2024-10-14 20:36:21.400427 X-ray: Yes
ChatterBot Romeo reevaluating
ChatterBot Tango reevaluating
ChatterBot Romeo reevaluating
ChatterBot Tango reevaluating
chatterbot Mike submitting transactions
2024-10-14 20:36:21.558607 Mike: Romeo, Tango, Hotel, X-ray and November, sending you 2
2024-10-14 20:36:21.559674 X-ray: Mike and Romeo, sending you 3
2024-10-14 20:36:21.560847 Romeo: Victor we want you to join our group
2024-10-14 20:36:21.567476 Victor: No
ChatterBot Romeo reevaluating
2024-10-14 20:36:21.604544 X-ray: Tango, Hotel, Charlie, Victor and November, sending you 2
2024-10-14 20:36:21.605647 Uniform: Sending you each 2
2024-10-14 20:36:21.605949 Echo: Uniform, sending you 3
2024-10-14 20:36:21.606209 Mike: Charlie, sending you 4
2024-10-14 20:36:21.607116 Charlie: Romeo and Hotel, sending you 3
2024-10-14 20:36:21.607697 Victor: Sending you each 9
2024-10-14 20:36:21.607991 November: Mike, Hotel, Victor and X-ray, sending you 2
2024-10-14 20:36:21.609076 Hotel: Mike, sending you 2
2024-10-14 20:36:21.609478 Romeo: X-ray we want you to join our group
2024-10-14 20:36:21.616412 X-ray: Yes
ChatterBot Romeo reevaluating
2024-10-14 20:36:21.652517 Mike: Victor, sending you 3
2024-10-14 20:36:21.653122 Tango: Mike, Romeo, Hotel and X-ray, sending you 2
2024-10-14 20:36:21.653952 Echo: Victor, sending you 2
2024-10-14 20:36:21.654236 Charlie: Tango and X-ray, sending you 1
2024-10-14 20:36:21.654699 November: Romeo, Tango and Charlie, sending you 3
2024-10-14 20:36:21.655734 Hotel: Romeo, sending you 3
chatterbot Charlie submitting transactions
2024-10-14 20:36:21.668760 Tango: Echo and Victor, sending you 4
2024-10-14 20:36:21.669763 Charlie: Victor, sending you 6
2024-10-14 20:36:21.670227 Hotel: Tango, Charlie and November, sending you 1
2024-10-14 20:36:22.619742 Tango: Charlie and November, sending you 1
2024-10-14 20:36:22.620385 Hotel: X-ray, sending you 4
2024-10-14 20:36:22.620771 Charlie: November, sending you 2
chatterbot X-ray submitting transactions
chatterbot Uniform submitting transactions
chatterbot Hotel submitting transactions
chatterbot Victor submitting transactions
chatterbot November submitting transactions
chatterbot Echo submitting transactions
2024-10-14 20:36:22.635941 Romeo: Mike, Tango, Hotel and November, sending you 3
2024-10-14 20:36:22.639985 Romeo: Charlie, sending you 4
2024-10-14 20:36:22.654338 Romeo: Victor, sending you 2
chatterbot Tango submitting transactions
chatterbot Romeo submitting transactions
ChatterBot Mike round 3
ChatterBot Romeo round 3
ChatterBot Echo round 3
ChatterBot Tango round 3
ChatterBot Hotel round 3
ChatterBot Uniform round 3
2024-10-14 20:36:23.198341 Echo: We should add Tango
ChatterBot Uniform reevaluating
ChatterBot Victor reevaluating
2024-10-14 20:36:23.209904 Uniform: Yes
2024-10-14 20:36:23.210079 Victor: No
ChatterBot Victor reevaluating
ChatterBot Uniform reevaluating
ChatterBot Charlie round 3
ChatterBot Victor round 3
ChatterBot X-ray round 3
ChatterBot November round 3
2024-10-14 20:36:23.255723 Echo: Tango we want you to join our group
2024-10-14 20:36:23.260557 Tango: No
ChatterBot Uniform reevaluating
ChatterBot Victor reevaluating
2024-10-14 20:36:23.274858 Victor: We should add Tango
ChatterBot Uniform reevaluating
2024-10-14 20:36:23.284096 Uniform: Yes
2024-10-14 20:36:23.284284 Echo: Yes
ChatterBot Victor reevaluating
ChatterBot Uniform reevaluating
ChatterBot Victor reevaluating
2024-10-14 20:36:23.308919 Tango: We should drop Echo
ChatterBot Romeo reevaluating
ChatterBot November reevaluating
2024-10-14 20:36:23.327902 Mike: Yes
2024-10-14 20:36:23.328038 Romeo: Yes
2024-10-14 20:36:23.328148 Hotel: Yes
2024-10-14 20:36:23.328264 Charlie: Yes
2024-10-14 20:36:23.328367 Victor: No
2024-10-14 20:36:23.328476 X-ray: Yes
2024-10-14 20:36:23.329048 November: Yes
ChatterBot Romeo reevaluating
ChatterBot November reevaluating
ChatterBot November reevaluating
ChatterBot Romeo reevaluating
ChatterBot November reevaluating
ChatterBot Romeo reevaluating
ChatterBot November reevaluating
ChatterBot Romeo reevaluating
ChatterBot November reevaluating
ChatterBot Romeo reevaluating
ChatterBot November reevaluating
ChatterBot Romeo reevaluating
2024-10-14 20:36:23.447528 Uniform: Tango we want you to join our group
2024-10-14 20:36:23.450047 Tango: No
ChatterBot Uniform reevaluating
2024-10-14 20:36:23.457393 Mike: Romeo, sending you 4
2024-10-14 20:36:23.458445 Romeo: We should drop Victor
2024-10-14 20:36:23.471288 Tango: No
2024-10-14 20:36:23.471440 Hotel: Yes
2024-10-14 20:36:23.472058 Charlie: No
2024-10-14 20:36:23.472182 November: No
2024-10-14 20:36:23.472323 Mike: No
ChatterBot Romeo reevaluating
ChatterBot Romeo reevaluating
ChatterBot Romeo reevaluating
2024-10-14 20:36:23.553415 Victor: Tango we want you to join our group
2024-10-14 20:36:23.557468 Tango: No
2024-10-14 20:36:23.566622 Mike: Tango, Hotel, Charlie, Victor and X-ray, sending you 2
2024-10-14 20:36:23.567123 Echo: Tango and Uniform, sending you 3
2024-10-14 20:36:23.569673 X-ray: Mike, Tango and November, sending you 3
2024-10-14 20:36:23.570714 Hotel: Mike, Romeo, Charlie and November, sending you 2
2024-10-14 20:36:23.571104 Mike: November, sending you 3
2024-10-14 20:36:23.572093 Charlie: Mike, Hotel and Victor, sending you 2
2024-10-14 20:36:23.572699 Tango: Mike, Romeo, Hotel, X-ray and November, sending you 3
2024-10-14 20:36:23.573454 November: Mike, Hotel, Victor and X-ray, sending you 2
2024-10-14 20:36:23.574035 Echo: Victor, sending you 2
2024-10-14 20:36:23.574941 X-ray: Romeo, sending you 1
2024-10-14 20:36:23.575674 Hotel: Tango, sending you 1
2024-10-14 20:36:23.576024 Tango: Charlie, sending you 1
2024-10-14 20:36:23.577155 Charlie: Romeo, sending you 5
2024-10-14 20:36:23.577815 November: Romeo, Tango and Charlie, sending you 3
2024-10-14 20:36:23.578800 Romeo: Mike, Hotel, Charlie and November, sending you 4
2024-10-14 20:36:23.579512 X-ray: Hotel, sending you 4
2024-10-14 20:36:23.580736 Hotel: X-ray, sending you 3
2024-10-14 20:36:23.581141 Tango: Victor, sending you 2
2024-10-14 20:36:23.582700 Charlie: Tango and X-ray, sending you 1
2024-10-14 20:36:23.583824 Romeo: X-ray, sending you 2
chatterbot Victor submitting transactions
2024-10-14 20:36:23.584802 X-ray: Charlie, sending you 2
2024-10-14 20:36:23.586146 Victor: Echo, sending you 5
2024-10-14 20:36:23.587684 Charlie: November, sending you 3
2024-10-14 20:36:23.589692 Uniform: Echo, sending you 3
2024-10-14 20:36:23.590689 Victor: Tango, sending you 7
2024-10-14 20:36:23.594032 Uniform: Tango and Victor, sending you 2
2024-10-14 20:36:23.595665 Victor: Uniform, sending you 6
chatterbot November submitting transactions
chatterbot Tango submitting transactions
chatterbot Hotel submitting transactions
chatterbot Charlie submitting transactions
chatterbot Echo submitting transactions
chatterbot Mike submitting transactions
chatterbot Romeo submitting transactions
chatterbot X-ray submitting transactions
chatterbot Uniform submitting transactions
ChatterBot Mike round 4
ChatterBot Romeo round 4
ChatterBot Echo round 4
ChatterBot Tango round 4
ChatterBot Hotel round 4
ChatterBot Uniform round 4
ChatterBot Charlie round 4
2024-10-14 20:36:24.689143 Romeo: We should replace X-ray with Tango
ChatterBot Charlie reevaluating
2024-10-14 20:36:24.703595 Mike: No
2024-10-14 20:36:24.703932 Hotel: No
2024-10-14 20:36:24.704114 Charlie: No
2024-10-14 20:36:24.704276 November: No
ChatterBot Romeo reevaluating
ChatterBot Charlie reevaluating
ChatterBot Romeo reevaluating
ChatterBot Charlie reevaluating
ChatterBot Romeo reevaluating
ChatterBot Romeo reevaluating
ChatterBot Charlie reevaluating
ChatterBot Victor round 4
ChatterBot X-ray round 4
ChatterBot November round 4
2024-10-14 20:36:24.803681 Charlie: We should drop Victor
ChatterBot Romeo reevaluating
ChatterBot November reevaluating
2024-10-14 20:36:24.823034 Hotel: Yes
2024-10-14 20:36:24.823272 Mike: No
2024-10-14 20:36:24.823392 Romeo: Yes
2024-10-14 20:36:24.823526 Tango: No
2024-10-14 20:36:24.823689 X-ray: No
2024-10-14 20:36:24.823911 November: No
ChatterBot Romeo reevaluating
ChatterBot X-ray reevaluating
ChatterBot November reevaluating
ChatterBot Romeo reevaluating
ChatterBot X-ray reevaluating
ChatterBot November reevaluating
ChatterBot X-ray reevaluating
ChatterBot November reevaluating
ChatterBot Romeo reevaluating
ChatterBot X-ray reevaluating
ChatterBot November reevaluating
ChatterBot Romeo reevaluating
ChatterBot November reevaluating
ChatterBot Romeo reevaluating
ChatterBot X-ray reevaluating
2024-10-14 20:36:24.968675 Hotel: Sending you each 2
2024-10-14 20:36:24.969698 Mike: Romeo, sending you 4
2024-10-14 20:36:24.970205 Echo: Tango and Uniform, sending you 3
2024-10-14 20:36:24.971112 Uniform: Echo, sending you 3
2024-10-14 20:36:24.971655 Tango: Mike, X-ray and November, sending you 3
2024-10-14 20:36:24.975078 Mike: Tango, Hotel, Charlie, Victor and X-ray, sending you 2
2024-10-14 20:36:24.975854 Echo: Victor, sending you 2
2024-10-14 20:36:24.976110 Uniform: Tango and Victor, sending you 2
2024-10-14 20:36:24.976717 Tango: Romeo and Hotel, sending you 2
2024-10-14 20:36:24.978657 Mike: November, sending you 3
2024-10-14 20:36:24.981691 Tango: Charlie, sending you 1
2024-10-14 20:36:24.984136 Charlie: Mike, Hotel and November, sending you 3
2024-10-14 20:36:24.984750 Victor: Echo, Tango and Uniform, sending you 6
2024-10-14 20:36:24.985141 Tango: Victor, sending you 4
2024-10-14 20:36:24.989099 Charlie: Romeo, sending you 4
2024-10-14 20:36:24.989522 November: Mike, Romeo, Tango, Hotel and Charlie, sending you 3
2024-10-14 20:36:24.990003 X-ray: Mike and Tango, sending you 3
2024-10-14 20:36:24.990465 Romeo: Mike, Hotel, Charlie and November, sending you 4
2024-10-14 20:36:24.991709 Charlie: Tango, sending you 1
2024-10-14 20:36:24.992749 November: X-ray, sending you 2
2024-10-14 20:36:24.993282 X-ray: Romeo, Charlie and November, sending you 2
2024-10-14 20:36:24.993820 Romeo: X-ray, sending you 2
2024-10-14 20:36:24.994685 Charlie: X-ray, sending you 2
2024-10-14 20:36:24.996665 X-ray: Hotel, sending you 4
chatterbot Charlie submitting transactions
chatterbot Uniform submitting transactions
chatterbot Victor submitting transactions
chatterbot Romeo submitting transactions
chatterbot Echo submitting transactions
chatterbot November submitting transactions
chatterbot Mike submitting transactions
chatterbot Tango submitting transactions
chatterbot Hotel submitting transactions
chatterbot X-ray submitting transactions
ChatterBot Mike round 5
ChatterBot Romeo round 5
ChatterBot Echo round 5
ChatterBot Tango round 5
ChatterBot Hotel round 5
ChatterBot Uniform round 5
ChatterBot Charlie round 5
ChatterBot Victor round 5
ChatterBot X-ray round 5
ChatterBot November round 5
2024-10-14 20:36:26.277664 Mike: Romeo, sending you 4
2024-10-14 20:36:26.278468 Uniform: Echo, Tango and Victor, sending you 2
2024-10-14 20:36:26.279702 Hotel: Same as last round
2024-10-14 20:36:26.281685 Romeo: Mike, Hotel, Charlie and November, sending you 4
2024-10-14 20:36:26.283106 Mike: Tango, Hotel, Charlie, Victor and X-ray, sending you 2
2024-10-14 20:36:26.283711 Victor: Echo, sending you 5
2024-10-14 20:36:26.284671 Charlie: Mike, Hotel and November, sending you 3
2024-10-14 20:36:26.285226 X-ray: Mike, Romeo, Charlie and November, sending you 2
2024-10-14 20:36:26.286338 Romeo: X-ray, sending you 2
2024-10-14 20:36:26.287667 Charlie: Romeo, sending you 4
2024-10-14 20:36:26.288686 Mike: November, sending you 3
2024-10-14 20:36:26.289480 Victor: Tango, sending you 7
2024-10-14 20:36:26.290686 X-ray: Tango, sending you 3
2024-10-14 20:36:26.292190 Echo: Tango and Uniform, sending you 3
2024-10-14 20:36:26.292638 Tango: Mike, X-ray and November, sending you 3
2024-10-14 20:36:26.293410 Charlie: Tango, sending you 1
2024-10-14 20:36:26.295079 Victor: Uniform, sending you 6
2024-10-14 20:36:26.295477 X-ray: Hotel, sending you 4
2024-10-14 20:36:26.296163 Echo: Victor, sending you 2
2024-10-14 20:36:26.296732 Tango: Romeo, sending you 1
2024-10-14 20:36:26.298068 Charlie: X-ray, sending you 2
2024-10-14 20:36:26.298775 November: Mike, Romeo, Tango, Hotel and Charlie, sending you 3
2024-10-14 20:36:26.299289 X-ray: Victor, sending you 1
2024-10-14 20:36:26.301673 Tango: Hotel and Charlie, sending you 2
2024-10-14 20:36:26.303657 November: X-ray, sending you 2
2024-10-14 20:36:26.305681 Tango: Victor, sending you 4
chatterbot Mike submitting transactions
chatterbot Tango submitting transactions
chatterbot Hotel submitting transactions
chatterbot Uniform submitting transactions
chatterbot X-ray submitting transactions
chatterbot Victor submitting transactions
chatterbot Echo submitting transactions
chatterbot November submitting transactions
chatterbot Romeo submitting transactions
chatterbot Charlie submitting transactions
ChatterBot Mike round 6
ChatterBot Romeo round 6
ChatterBot Echo round 6
ChatterBot Tango round 6
ChatterBot Hotel round 6
ChatterBot Uniform round 6
ChatterBot Charlie round 6
ChatterBot Victor round 6
ChatterBot X-ray round 6
ChatterBot November round 6
2024-10-14 20:36:27.522685 Hotel: Same as last round
2024-10-14 20:36:27.523973 X-ray: We should drop Victor
ChatterBot Mike reevaluating
2024-10-14 20:36:27.541467 Hotel: Yes
2024-10-14 20:36:27.541643 Mike: Yes
2024-10-14 20:36:27.541808 Romeo: Yes
2024-10-14 20:36:27.541955 Tango: No
2024-10-14 20:36:27.542069 Charlie: Yes
2024-10-14 20:36:27.542183 November: Yes
ChatterBot Mike reevaluating
ChatterBot Mike reevaluating
ChatterBot Mike reevaluating
ChatterBot Mike reevaluating
ChatterBot Mike reevaluating
ChatterBot Tango reevaluating
2024-10-14 20:36:27.619718 Romeo: Mike, Charlie and November, sending you 4
2024-10-14 20:36:27.620222 Echo: Tango and Uniform, sending you 3
2024-10-14 20:36:27.622687 Romeo: Hotel and X-ray, sending you 3
2024-10-14 20:36:27.623695 Victor: Echo, sending you 5
2024-10-14 20:36:27.624670 Uniform: Echo, Tango and Victor, sending you 2
2024-10-14 20:36:27.625035 Charlie: Mike, Tango and X-ray, sending you 2
2024-10-14 20:36:27.625674 Echo: Victor, sending you 2
2024-10-14 20:36:27.626669 Victor: Tango, sending you 7
2024-10-14 20:36:27.629715 Charlie: Romeo, sending you 4
2024-10-14 20:36:27.631666 Victor: Uniform, sending you 6
2024-10-14 20:36:27.633680 November: Mike, Romeo, Tango, Hotel and Charlie, sending you 3
2024-10-14 20:36:27.634759 Charlie: Hotel and November, sending you 3
2024-10-14 20:36:27.635736 X-ray: Mike, Tango, Hotel and November, sending you 3
2024-10-14 20:36:27.638672 November: X-ray, sending you 2
2024-10-14 20:36:27.639199 Mike: Romeo, sending you 4
2024-10-14 20:36:27.640586 X-ray: Romeo and Charlie, sending you 2
2024-10-14 20:36:27.645250 Mike: Tango, Hotel, Charlie, Victor and X-ray, sending you 2
2024-10-14 20:36:27.648674 Mike: November, sending you 3
2024-10-14 20:36:27.661686 Tango: Mike, Hotel and X-ray, sending you 3
2024-10-14 20:36:27.666661 Tango: Romeo and Charlie, sending you 2
2024-10-14 20:36:27.672670 Tango: November, sending you 5
chatterbot Echo submitting transactions
chatterbot Charlie submitting transactions
chatterbot X-ray submitting transactions
chatterbot Romeo submitting transactions
chatterbot Hotel submitting transactions
chatterbot Victor submitting transactions
chatterbot November submitting transactions
chatterbot Uniform submitting transactions
chatterbot Tango submitting transactions
chatterbot Mike submitting transactions
ChatterBot Mike round 7
ChatterBot Romeo round 7
ChatterBot Echo round 7
ChatterBot Tango round 7
ChatterBot Hotel round 7
ChatterBot Uniform round 7
ChatterBot Charlie round 7
ChatterBot Victor round 7
ChatterBot X-ray round 7
ChatterBot November round 7
2024-10-14 20:36:28.730824 Mike: We should drop Victor
ChatterBot Romeo reevaluating
2024-10-14 20:36:28.761872 Hotel: Yes
2024-10-14 20:36:28.762139 Romeo: Yes
2024-10-14 20:36:28.762363 Tango: Yes
2024-10-14 20:36:28.762549 Charlie: Yes
2024-10-14 20:36:28.762760 X-ray: Yes
2024-10-14 20:36:28.763050 November: Yes
ChatterBot Romeo reevaluating
ChatterBot Romeo reevaluating
ChatterBot Romeo reevaluating
ChatterBot Romeo reevaluating
ChatterBot Romeo reevaluating
2024-10-14 20:36:28.918677 Uniform: Echo and Victor, sending you 2
2024-10-14 20:36:28.919990 November: Mike, Romeo, Tango, Hotel and Charlie, sending you 3
2024-10-14 20:36:28.920918 Echo: Tango and Uniform, sending you 3
2024-10-14 20:36:28.924672 November: X-ray, sending you 2
2024-10-14 20:36:28.925699 Echo: Victor, sending you 2
2024-10-14 20:36:28.926777 Romeo: Tango we want you to join our group
2024-10-14 20:36:28.932137 Tango: Yes
2024-10-14 20:36:28.950699 Charlie: Mike, Tango and X-ray, sending you 2
2024-10-14 20:36:28.952094 Victor: Echo, Tango and Uniform, sending you 6
2024-10-14 20:36:28.952547 X-ray: Mike, Romeo, Tango, Hotel and November, sending you 3
2024-10-14 20:36:28.953772 Tango: Mike, Hotel, Charlie and X-ray, sending you 3
2024-10-14 20:36:28.954391 Hotel: Same as last round
2024-10-14 20:36:28.955375 Mike: Romeo, Tango, Hotel, Charlie and November, sending you 3
2024-10-14 20:36:28.956675 Charlie: Romeo, sending you 4
2024-10-14 20:36:28.957886 X-ray: Charlie, sending you 1
2024-10-14 20:36:28.958712 Tango: Romeo, sending you 2
2024-10-14 20:36:28.960694 Mike: X-ray, sending you 2
chatterbot Tango submitting transactions
2024-10-14 20:36:28.961918 Charlie: Hotel and November, sending you 3
chatterbot Mike submitting transactions
2024-10-14 20:36:28.962699 Tango: November, sending you 4
2024-10-14 20:36:28.966699 Romeo: Mike, Charlie and November, sending you 4
2024-10-14 20:36:28.969721 Romeo: Tango and X-ray, sending you 3
chatterbot Romeo submitting transactions
chatterbot Echo submitting transactions
chatterbot November submitting transactions
chatterbot Uniform submitting transactions
chatterbot X-ray submitting transactions
chatterbot Charlie submitting transactions
chatterbot Victor submitting transactions
chatterbot Hotel submitting transactions
ChatterBot Mike round 8
ChatterBot Romeo round 8
ChatterBot Echo round 8
ChatterBot Tango round 8
ChatterBot Hotel round 8
ChatterBot Uniform round 8
ChatterBot Charlie round 8
ChatterBot Victor round 8
ChatterBot X-ray round 8
ChatterBot November round 8
2024-10-14 20:36:29.963035 Romeo: We should replace X-ray with Hotel
2024-10-14 20:36:29.978124 Mike: No
2024-10-14 20:36:29.978389 Tango: No
2024-10-14 20:36:29.978991 Charlie: No
2024-10-14 20:36:29.979146 November: No
ChatterBot Romeo reevaluating
ChatterBot Romeo reevaluating
ChatterBot Romeo reevaluating
ChatterBot Romeo reevaluating
2024-10-14 20:36:30.058385 Uniform: We should drop Tango
2024-10-14 20:36:30.064127 Echo: No
2024-10-14 20:36:30.064286 Victor: No
ChatterBot Echo reevaluating
2024-10-14 20:36:30.077671 Mike: Romeo, Tango, Hotel, X-ray and November, sending you 3
2024-10-14 20:36:30.081668 Mike: Charlie, sending you 2
2024-10-14 20:36:30.089700 Hotel: Same as last round
2024-10-14 20:36:30.091678 Victor: Echo, Tango and Uniform, sending you 6
2024-10-14 20:36:30.092678 Charlie: Mike, Hotel and November, sending you 3
2024-10-14 20:36:30.094673 Tango: Mike, Hotel, Charlie and X-ray, sending you 3
2024-10-14 20:36:30.095948 X-ray: Mike, Romeo, Tango, Hotel and November, sending you 3
2024-10-14 20:36:30.096862 Romeo: Mike, Charlie and November, sending you 4
2024-10-14 20:36:30.097385 Uniform: Same as last round
2024-10-14 20:36:30.098223 Echo: Uniform, sending you 3
2024-10-14 20:36:30.098536 Charlie: Romeo, sending you 4
2024-10-14 20:36:30.099322 November: Mike, Romeo, Tango, Hotel and Charlie, sending you 3
2024-10-14 20:36:30.100208 Tango: Romeo, sending you 2
2024-10-14 20:36:30.101328 X-ray: Charlie, sending you 1
2024-10-14 20:36:30.101929 Romeo: Tango and X-ray, sending you 3
2024-10-14 20:36:30.102323 Echo: Victor, sending you 2
2024-10-14 20:36:30.103678 Charlie: Tango, sending you 2
2024-10-14 20:36:30.104654 November: X-ray, sending you 2
2024-10-14 20:36:30.106064 Tango: November, sending you 4
2024-10-14 20:36:30.107694 Charlie: X-ray, sending you 1
chatterbot Mike submitting transactions
chatterbot Charlie submitting transactions
chatterbot Echo submitting transactions
chatterbot Hotel submitting transactions
chatterbot Romeo submitting transactions
chatterbot X-ray submitting transactions
chatterbot Uniform submitting transactions
chatterbot Victor submitting transactions
chatterbot Tango submitting transactions
chatterbot November submitting transactions
ChatterBot Mike round 9
ChatterBot Romeo round 9
ChatterBot Echo round 9
ChatterBot Tango round 9
ChatterBot Hotel round 9
ChatterBot Uniform round 9
ChatterBot Charlie round 9
ChatterBot Victor round 9
ChatterBot X-ray round 9
ChatterBot November round 9
2024-10-14 20:36:31.290287 Mike: Romeo, Tango, Charlie, X-ray and November, sending you 3
2024-10-14 20:36:31.292729 Echo: Uniform, sending you 3
2024-10-14 20:36:31.319486 Charlie: Mike, Hotel and X-ray, sending you 2
2024-10-14 20:36:31.322086 Hotel: Same as last round
2024-10-14 20:36:31.325398 Mike: Hotel, sending you 2
2024-10-14 20:36:31.328332 Echo: Victor, sending you 2
2024-10-14 20:36:31.329567 Tango: Mike, Romeo, Hotel and X-ray, sending you 3
2024-10-14 20:36:31.331507 Uniform: Echo, sending you 2
2024-10-14 20:36:31.332439 Romeo: Mike, Charlie and November, sending you 4
2024-10-14 20:36:31.334091 Charlie: Romeo, sending you 4
2024-10-14 20:36:31.337404 Tango: Charlie, sending you 2
2024-10-14 20:36:31.342878 Uniform: Victor, sending you 1
2024-10-14 20:36:31.357868 Romeo: Tango and X-ray, sending you 3
2024-10-14 20:36:31.360293 X-ray: Mike, Romeo, Tango, Hotel and November, sending you 3
2024-10-14 20:36:31.362701 Victor: Echo, Tango and Uniform, sending you 6
2024-10-14 20:36:31.366442 November: Mike, Romeo, Tango, Hotel and Charlie, sending you 3
2024-10-14 20:36:31.370525 Charlie: Tango and November, sending you 3
2024-10-14 20:36:31.372909 Tango: November, sending you 4
2024-10-14 20:36:31.376890 X-ray: Charlie, sending you 1
2024-10-14 20:36:31.379590 November: X-ray, sending you 2
chatterbot Uniform submitting transactions
chatterbot Hotel submitting transactions
chatterbot Charlie submitting transactions
chatterbot Romeo submitting transactions
chatterbot Tango submitting transactions
chatterbot Victor submitting transactions
chatterbot X-ray submitting transactions
chatterbot Echo submitting transactions
chatterbot November submitting transactions
chatterbot Mike submitting transactions
ChatterBot Mike round 10
ChatterBot Romeo round 10
ChatterBot Echo round 10
ChatterBot Tango round 10
ChatterBot Hotel round 10
ChatterBot Uniform round 10
ChatterBot Charlie round 10
ChatterBot Victor round 10
ChatterBot X-ray round 10
ChatterBot November round 10
2024-10-14 20:36:32.613074 Victor: We should replace Tango with X-ray
2024-10-14 20:36:32.624259 Uniform: No
2024-10-14 20:36:32.625174 Echo: No
ChatterBot Victor reevaluating
ChatterBot Victor reevaluating
2024-10-14 20:36:32.682983 Victor: We should replace Tango with Hotel
2024-10-14 20:36:32.693320 Uniform: No
2024-10-14 20:36:32.693567 Echo: No
ChatterBot Victor reevaluating
ChatterBot Uniform reevaluating
ChatterBot Victor reevaluating
2024-10-14 20:36:32.716375 Uniform: We should add X-ray
ChatterBot Victor reevaluating
2024-10-14 20:36:32.728322 Echo: Yes
2024-10-14 20:36:32.728558 Victor: Yes
ChatterBot Uniform reevaluating
ChatterBot Victor reevaluating
ChatterBot Uniform reevaluating
2024-10-14 20:36:32.776069 Tango: Sending you each 3
2024-10-14 20:36:32.779996 November: Mike, Romeo, Tango, Charlie and X-ray, sending you 3
2024-10-14 20:36:32.784321 Victor: X-ray we want you to join our group
2024-10-14 20:36:32.790722 X-ray: No
ChatterBot Victor reevaluating
ChatterBot Uniform reevaluating
2024-10-14 20:36:32.804327 Romeo: Mike, Charlie and November, sending you 4
2024-10-14 20:36:32.805986 November: Hotel, sending you 2
2024-10-14 20:36:32.819648 Charlie: Mike and November, sending you 3
2024-10-14 20:36:32.822942 Mike: Romeo, Tango, Hotel, X-ray and November, sending you 3
2024-10-14 20:36:32.824664 Romeo: Tango and X-ray, sending you 3
2024-10-14 20:36:32.825237 Hotel: Same as last round
2024-10-14 20:36:32.826510 Echo: Uniform, sending you 3
2024-10-14 20:36:32.827066 X-ray: Mike, Romeo, Tango and Hotel, sending you 3
2024-10-14 20:36:32.828869 Charlie: Romeo, sending you 4
2024-10-14 20:36:32.830453 Mike: Charlie, sending you 2
2024-10-14 20:36:32.843338 Echo: Victor, sending you 1
2024-10-14 20:36:32.843711 Uniform: Echo, sending you 2
2024-10-14 20:36:32.844009 Charlie: Tango, Hotel and X-ray, sending you 2
2024-10-14 20:36:32.846200 X-ray: Charlie and November, sending you 2
2024-10-14 20:36:32.847492 Victor: Echo, Tango and Uniform, sending you 6
2024-10-14 20:36:32.859686 Uniform: Victor, sending you 1
chatterbot Charlie submitting transactions
chatterbot X-ray submitting transactions
chatterbot Mike submitting transactions
chatterbot Romeo submitting transactions
chatterbot Tango submitting transactions
chatterbot Victor submitting transactions
chatterbot November submitting transactions
chatterbot Uniform submitting transactions
chatterbot Hotel submitting transactions
chatterbot Echo submitting transactions
ChatterBot Mike round 11
ChatterBot Romeo round 11
ChatterBot Echo round 11
ChatterBot Tango round 11
ChatterBot Hotel round 11
ChatterBot Uniform round 11
ChatterBot Charlie round 11
ChatterBot Victor round 11
ChatterBot X-ray round 11
ChatterBot November round 11
2024-10-14 20:36:33.875392 Victor: We should drop Tango
2024-10-14 20:36:33.882133 Uniform: Yes
2024-10-14 20:36:33.882300 Echo: Yes
ChatterBot Victor reevaluating
ChatterBot Victor reevaluating
2024-10-14 20:36:33.896668 Uniform: Echo, sending you 2
2024-10-14 20:36:33.897811 Mike: Romeo, Tango, Charlie, X-ray and November, sending you 3
2024-10-14 20:36:33.898648 Romeo: Mike, Charlie and November, sending you 4
2024-10-14 20:36:33.899766 Echo: Uniform, sending you 3
2024-10-14 20:36:33.900040 Hotel: Mike, Charlie, X-ray and November, sending you 2
2024-10-14 20:36:33.900856 X-ray: Mike, Romeo, Tango, Hotel and November, sending you 3
2024-10-14 20:36:33.901537 Tango: Same as last round
2024-10-14 20:36:33.903369 Uniform: Victor, sending you 1
2024-10-14 20:36:33.903786 Mike: Hotel, sending you 2
2024-10-14 20:36:33.904598 Romeo: Tango and X-ray, sending you 3
2024-10-14 20:36:33.905466 Echo: Victor, sending you 1
2024-10-14 20:36:33.906708 Hotel: Romeo, sending you 1
2024-10-14 20:36:33.907924 X-ray: Charlie, sending you 1
2024-10-14 20:36:33.910495 Charlie: Mike, Hotel and X-ray, sending you 2
2024-10-14 20:36:33.912205 Hotel: Tango, sending you 3
2024-10-14 20:36:33.914027 November: Mike, Romeo, Tango, Hotel and Charlie, sending you 3
2024-10-14 20:36:33.915345 Charlie: Romeo, sending you 4
2024-10-14 20:36:33.917665 November: X-ray, sending you 2
2024-10-14 20:36:33.919229 Victor: Sending you each 9
2024-10-14 20:36:33.921703 Charlie: Tango and November, sending you 3
chatterbot Romeo submitting transactions
chatterbot Hotel submitting transactions
chatterbot Echo submitting transactions
chatterbot Mike submitting transactions
chatterbot Uniform submitting transactions
chatterbot Charlie submitting transactions
chatterbot November submitting transactions
chatterbot X-ray submitting transactions
chatterbot Victor submitting transactions
chatterbot Tango submitting transactions
ChatterBot Mike round 12
ChatterBot Romeo round 12
