ChatterBot Victor round 1
ChatterBot Yankee round 1
ChatterBot Uniform round 1
ChatterBot Charlie round 1
ChatterBot Juliett round 1
ChatterBot Sierra round 1
ChatterBot Hotel round 1
ChatterBot Whiskey round 1
ChatterBot Echo round 1
ChatterBot Golf round 1
randomSelections Victor: {Victor, Yankee, Whiskey, Juliett, Charlie, Sierra, Uniform} 
2024-10-14 20:36:18.452019 Victor: Let's form a team
ChatterBot Yankee reevaluating
ChatterBot Whiskey reevaluating
ChatterBot Juliett reevaluating
ChatterBot Charlie reevaluating
ChatterBot Sierra reevaluating
ChatterBot Uniform reevaluating
2024-10-14 20:36:18.464883 Yankee: Yes
2024-10-14 20:36:18.464993 Whiskey: Yes
2024-10-14 20:36:18.465122 Juliett: Yes
2024-10-14 20:36:18.465218 Charlie: Yes
2024-10-14 20:36:18.465302 Sierra: Yes
2024-10-14 20:36:18.465809 Uniform: Yes
ChatterBot Whiskey reevaluating
ChatterBot Juliett reevaluating
ChatterBot Charlie reevaluating
ChatterBot Sierra reevaluating
ChatterBot Uniform reevaluating
ChatterBot Yankee reevaluating
ChatterBot Juliett reevaluating
ChatterBot Charlie reevaluating
ChatterBot Sierra reevaluating
ChatterBot Uniform reevaluating
ChatterBot Yankee reevaluating
ChatterBot Whiskey reevaluating
ChatterBot Charlie reevaluating
ChatterBot Sierra reevaluating
ChatterBot Uniform reevaluating
ChatterBot Yankee reevaluating
ChatterBot Whiskey reevaluating
ChatterBot Juliett reevaluating
ChatterBot Sierra reevaluating
ChatterBot Uniform reevaluating
ChatterBot Yankee reevaluating
ChatterBot Whiskey reevaluating
ChatterBot Juliett reevaluating
ChatterBot Charlie reevaluating
ChatterBot Uniform reevaluating
ChatterBot Yankee reevaluating
ChatterBot Whiskey reevaluating
ChatterBot Juliett reevaluating
ChatterBot Charlie reevaluating
ChatterBot Sierra reevaluating
randomSelections Hotel: {Hotel, Yankee, Charlie, Victor, Golf, Sierra} 
2024-10-14 20:36:18.525885 Hotel: Can we be friends?
ChatterBot Yankee reevaluating
ChatterBot Charlie reevaluating
ChatterBot Golf reevaluating
ChatterBot Sierra reevaluating
2024-10-14 20:36:18.537205 Yankee: No
2024-10-14 20:36:18.537353 Charlie: No
2024-10-14 20:36:18.537497 Victor: No
2024-10-14 20:36:18.537599 Golf: Yes
2024-10-14 20:36:18.537725 Sierra: No
ChatterBot Charlie reevaluating
ChatterBot Golf reevaluating
ChatterBot Sierra reevaluating
ChatterBot Yankee reevaluating
ChatterBot Golf reevaluating
ChatterBot Sierra reevaluating
ChatterBot Yankee reevaluating
ChatterBot Charlie reevaluating
ChatterBot Golf reevaluating
ChatterBot Sierra reevaluating
ChatterBot Yankee reevaluating
ChatterBot Charlie reevaluating
ChatterBot Sierra reevaluating
ChatterBot Yankee reevaluating
ChatterBot Charlie reevaluating
ChatterBot Golf reevaluating
randomSelections Echo: {Echo, Sierra, Charlie, Whiskey, Yankee, Hotel} 
2024-10-14 20:36:18.580300 Echo: Can we be friends?
ChatterBot Sierra reevaluating
ChatterBot Charlie reevaluating
ChatterBot Whiskey reevaluating
ChatterBot Yankee reevaluating
2024-10-14 20:36:18.586538 Sierra: No
2024-10-14 20:36:18.587135 Charlie: No
2024-10-14 20:36:18.587339 Whiskey: No
2024-10-14 20:36:18.587498 Yankee: No
2024-10-14 20:36:18.587686 Hotel: No
ChatterBot Charlie reevaluating
ChatterBot Whiskey reevaluating
ChatterBot Yankee reevaluating
ChatterBot Sierra reevaluating
ChatterBot Whiskey reevaluating
ChatterBot Yankee reevaluating
ChatterBot Sierra reevaluating
ChatterBot Charlie reevaluating
ChatterBot Yankee reevaluating
ChatterBot Sierra reevaluating
ChatterBot Charlie reevaluating
ChatterBot Whiskey reevaluating
ChatterBot Sierra reevaluating
ChatterBot Charlie reevaluating
ChatterBot Whiskey reevaluating
ChatterBot Yankee reevaluating
2024-10-14 20:36:18.634657 Charlie: Victor, Juliett and Sierra, sending you 1
2024-10-14 20:36:18.636670 Hotel: Yankee, Charlie and Golf, sending you 1
2024-10-14 20:36:18.636997 Uniform: Victor, Yankee and Whiskey, sending you 2
2024-10-14 20:36:18.638030 Charlie: Whiskey, sending you 2
2024-10-14 20:36:18.639711 Uniform: Charlie, sending you 4
2024-10-14 20:36:18.642257 Hotel: Sierra, sending you 6
2024-10-14 20:36:18.642739 Whiskey: Victor and Yankee, sending you 3
2024-10-14 20:36:18.643085 Echo: Yankee and Whiskey, sending you 2
2024-10-14 20:36:18.643330 Uniform: Juliett, sending you 3
2024-10-14 20:36:18.644678 Yankee: Victor, sending you 4
2024-10-14 20:36:18.645063 Victor: Yankee, sending you 5
2024-10-14 20:36:18.645718 Whiskey: Uniform and Juliett, sending you 2
2024-10-14 20:36:18.646664 Sierra: Victor, sending you 1
2024-10-14 20:36:18.647093 Echo: Charlie, sending you 1
2024-10-14 20:36:18.647693 Juliett: Victor and Whiskey, sending you 3
2024-10-14 20:36:18.648102 Uniform: Sierra, sending you 1
2024-10-14 20:36:18.648711 Victor: Uniform, Juliett, Sierra and Whiskey, sending you 2
2024-10-14 20:36:18.649692 Yankee: Uniform, sending you 3
2024-10-14 20:36:18.650803 Whiskey: Charlie, sending you 5
2024-10-14 20:36:18.651163 Golf: Yankee, sending you 4
2024-10-14 20:36:18.651481 Echo: Sierra, sending you 4
2024-10-14 20:36:18.651788 Sierra: Yankee, sending you 5
2024-10-14 20:36:18.652656 Juliett: Yankee, Uniform and Sierra, sending you 1
2024-10-14 20:36:18.653710 Victor: Charlie, sending you 3
2024-10-14 20:36:18.654289 Yankee: Charlie and Sierra, sending you 2
2024-10-14 20:36:18.655229 Golf: Charlie, sending you 1
2024-10-14 20:36:18.655589 Echo: Hotel, sending you 5
2024-10-14 20:36:18.655921 Whiskey: Sierra, sending you 1
2024-10-14 20:36:18.656730 Sierra: Charlie, sending you 3
2024-10-14 20:36:18.657177 Juliett: Charlie, sending you 4
2024-10-14 20:36:18.657684 Golf: Sierra, sending you 2
2024-10-14 20:36:18.658667 Yankee: Juliett, sending you 1
2024-10-14 20:36:18.661665 Sierra: Juliett, sending you 2
2024-10-14 20:36:18.662682 Golf: Hotel, sending you 6
2024-10-14 20:36:18.663673 Yankee: Whiskey, sending you 5
2024-10-14 20:36:18.666684 Sierra: Whiskey, sending you 4
chatterbot Sierra submitting transactions
chatterbot Yankee submitting transactions
chatterbot Charlie submitting transactions
chatterbot Whiskey submitting transactions
chatterbot Juliett submitting transactions
chatterbot Hotel submitting transactions
chatterbot Victor submitting transactions
chatterbot Echo submitting transactions
chatterbot Uniform submitting transactions
chatterbot Golf submitting transactions
ChatterBot Victor round 2
ChatterBot Yankee round 2
ChatterBot Uniform round 2
ChatterBot Charlie round 2
ChatterBot Juliett round 2
ChatterBot Sierra round 2
ChatterBot Hotel round 2
ChatterBot Whiskey round 2
ChatterBot Echo round 2
ChatterBot Golf round 2
2024-10-14 20:36:19.947863 Sierra: Group up?
ChatterBot Hotel reevaluating
ChatterBot Echo reevaluating
ChatterBot Golf reevaluating
2024-10-14 20:36:19.959576 Hotel: Yes
2024-10-14 20:36:19.959759 Echo: Yes
2024-10-14 20:36:19.959871 Golf: Yes
ChatterBot Echo reevaluating
ChatterBot Golf reevaluating
ChatterBot Hotel reevaluating
ChatterBot Golf reevaluating
ChatterBot Hotel reevaluating
ChatterBot Echo reevaluating
2024-10-14 20:36:19.991439 Echo: Can we be friends?
ChatterBot Hotel reevaluating
ChatterBot Golf reevaluating
2024-10-14 20:36:20.002865 Sierra: Yes
2024-10-14 20:36:20.003069 Hotel: Yes
2024-10-14 20:36:20.003172 Golf: Yes
ChatterBot Hotel reevaluating
ChatterBot Echo reevaluating
ChatterBot Golf reevaluating
ChatterBot Echo reevaluating
ChatterBot Golf reevaluating
ChatterBot Hotel reevaluating
ChatterBot Echo reevaluating
2024-10-14 20:36:20.729877 Sierra: Hotel, sending you 6
2024-10-14 20:36:20.730641 Uniform: Victor and Whiskey, sending you 3
2024-10-14 20:36:20.731024 Juliett: Victor, Yankee, Charlie, Sierra and Whiskey, sending you 2
2024-10-14 20:36:20.731367 Golf: Sierra and Echo, sending you 4
2024-10-14 20:36:20.732140 Victor: Yankee, Uniform, Juliett and Whiskey, sending you 3
2024-10-14 20:36:20.732444 Charlie: Victor, Yankee and Sierra, sending you 1
2024-10-14 20:36:20.732836 Hotel: Sierra, sending you 3
2024-10-14 20:36:20.733526 Yankee: Victor, sending you 6
chatterbot Yankee submitting transactions
chatterbot Whiskey submitting transactions
2024-10-14 20:36:20.734106 Uniform: Yankee, sending you 4
2024-10-14 20:36:20.893692 Sierra: Echo, sending you 5
2024-10-14 20:36:20.894045 Juliett: Uniform, sending you 3
2024-10-14 20:36:20.895159 Victor: Charlie and Sierra, sending you 2
2024-10-14 20:36:20.895645 Charlie: Uniform, Juliett and Whiskey, sending you 2
2024-10-14 20:36:20.896632 Golf: Hotel, sending you 5
2024-10-14 20:36:20.896939 Hotel: Echo, sending you 6
2024-10-14 20:36:20.897264 Whiskey: Victor, Uniform and Charlie, sending you 2
2024-10-14 20:36:20.898185 Yankee: Uniform, sending you 2
2024-10-14 20:36:20.898630 Echo: Sierra, sending you 4
2024-10-14 20:36:20.899378 Uniform: Charlie and Sierra, sending you 1
chatterbot Uniform submitting transactions
chatterbot Victor submitting transactions
2024-10-14 20:36:20.900101 Sierra: Golf, sending you 4
2024-10-14 20:36:20.900798 Hotel: Golf, sending you 7
2024-10-14 20:36:20.969735 Whiskey: Yankee, sending you 4
2024-10-14 20:36:20.970697 Yankee: Juliett, sending you 1
2024-10-14 20:36:20.971162 Echo: Hotel and Golf, sending you 5
2024-10-14 20:36:20.971461 Uniform: Juliett, sending you 2
chatterbot Echo submitting transactions
2024-10-14 20:36:21.020448 Whiskey: Juliett and Sierra, sending you 3
2024-10-14 20:36:21.021310 Yankee: Sierra, sending you 5
chatterbot Golf submitting transactions
2024-10-14 20:36:21.038537 Yankee: Whiskey, sending you 3
chatterbot Juliett submitting transactions
chatterbot Hotel submitting transactions
chatterbot Sierra submitting transactions
chatterbot Charlie submitting transactions
ChatterBot Victor round 3
ChatterBot Yankee round 3
ChatterBot Uniform round 3
ChatterBot Charlie round 3
ChatterBot Juliett round 3
ChatterBot Sierra round 3
ChatterBot Hotel round 3
ChatterBot Whiskey round 3
ChatterBot Echo round 3
ChatterBot Golf round 3
2024-10-14 20:36:21.532018 Echo: We should add Juliett
ChatterBot Sierra reevaluating
ChatterBot Hotel reevaluating
ChatterBot Golf reevaluating
2024-10-14 20:36:21.547295 Sierra: No
2024-10-14 20:36:21.547559 Hotel: No
2024-10-14 20:36:21.547801 Golf: No
ChatterBot Hotel reevaluating
ChatterBot Echo reevaluating
ChatterBot Golf reevaluating
ChatterBot Sierra reevaluating
ChatterBot Echo reevaluating
ChatterBot Golf reevaluating
ChatterBot Sierra reevaluating
ChatterBot Hotel reevaluating
ChatterBot Echo reevaluating
2024-10-14 20:36:21.629692 Golf: We should add Charlie
ChatterBot Sierra reevaluating
ChatterBot Hotel reevaluating
ChatterBot Echo reevaluating
2024-10-14 20:36:21.648107 Sierra: No
2024-10-14 20:36:21.648328 Hotel: No
2024-10-14 20:36:21.648494 Echo: Yes
ChatterBot Hotel reevaluating
ChatterBot Echo reevaluating
ChatterBot Golf reevaluating
ChatterBot Sierra reevaluating
ChatterBot Echo reevaluating
ChatterBot Golf reevaluating
ChatterBot Sierra reevaluating
ChatterBot Hotel reevaluating
ChatterBot Golf reevaluating
2024-10-14 20:36:21.722850 Whiskey: We should drop Sierra
2024-10-14 20:36:21.746209 Victor: Yes
2024-10-14 20:36:21.746439 Yankee: Yes
2024-10-14 20:36:21.746620 Uniform: No
2024-10-14 20:36:21.746794 Charlie: Yes
2024-10-14 20:36:21.747363 Juliett: No
ChatterBot Uniform reevaluating
ChatterBot Uniform reevaluating
ChatterBot Juliett reevaluating
ChatterBot Juliett reevaluating
ChatterBot Uniform reevaluating
ChatterBot Juliett reevaluating
ChatterBot Uniform reevaluating
2024-10-14 20:36:21.877235 Whiskey: Victor, Uniform, Charlie and Juliett, sending you 3
2024-10-14 20:36:21.880851 Sierra: Sending you each 5
2024-10-14 20:36:21.881307 Yankee: Victor and Whiskey, sending you 5
2024-10-14 20:36:21.882192 Echo: Sierra and Hotel, sending you 5
2024-10-14 20:36:21.882549 Charlie: Sending you each 2
2024-10-14 20:36:21.882841 Victor: Yankee, sending you 4
2024-10-14 20:36:21.883719 Hotel: Sierra and Echo, sending you 5
2024-10-14 20:36:21.883970 Whiskey: Yankee, sending you 4
2024-10-14 20:36:21.884218 Golf: Sierra and Echo, sending you 4
2024-10-14 20:36:21.885825 Yankee: Uniform, sending you 4
2024-10-14 20:36:21.886224 Echo: Golf, sending you 4
2024-10-14 20:36:21.887480 Hotel: Golf, sending you 6
2024-10-14 20:36:21.900710 Victor: Uniform, Charlie, Juliett and Whiskey, sending you 3
2024-10-14 20:36:21.901028 Golf: Hotel, sending you 5
2024-10-14 20:36:21.901274 Uniform: Victor, Yankee, Juliett and Whiskey, sending you 3
2024-10-14 20:36:21.901998 Yankee: Charlie, sending you 1
2024-10-14 20:36:21.917257 Uniform: Charlie, sending you 2
2024-10-14 20:36:21.917736 Yankee: Juliett, sending you 2
chatterbot Yankee submitting transactions
chatterbot Hotel submitting transactions
chatterbot Charlie submitting transactions
chatterbot Whiskey submitting transactions
chatterbot Golf submitting transactions
chatterbot Uniform submitting transactions
chatterbot Victor submitting transactions
chatterbot Sierra submitting transactions
chatterbot Echo submitting transactions
chatterbot Juliett submitting transactions
ChatterBot Victor round 4
ChatterBot Yankee round 4
ChatterBot Uniform round 4
ChatterBot Charlie round 4
ChatterBot Juliett round 4
ChatterBot Sierra round 4
ChatterBot Hotel round 4
ChatterBot Whiskey round 4
ChatterBot Echo round 4
ChatterBot Golf round 4
2024-10-14 20:36:23.024141 Juliett: We should drop Sierra
2024-10-14 20:36:23.045843 Whiskey: Yes
2024-10-14 20:36:23.046038 Victor: Yes
2024-10-14 20:36:23.046197 Yankee: Yes
2024-10-14 20:36:23.046347 Uniform: Yes
2024-10-14 20:36:23.046484 Charlie: Yes
ChatterBot Juliett reevaluating
ChatterBot Juliett reevaluating
ChatterBot Juliett reevaluating
ChatterBot Juliett reevaluating
ChatterBot Juliett reevaluating
2024-10-14 20:36:23.134060 Echo: We should add Victor
ChatterBot Golf reevaluating
2024-10-14 20:36:23.142682 Sierra: No
2024-10-14 20:36:23.142889 Hotel: No
2024-10-14 20:36:23.143025 Golf: No
ChatterBot Echo reevaluating
ChatterBot Golf reevaluating
ChatterBot Echo reevaluating
ChatterBot Golf reevaluating
ChatterBot Echo reevaluating
2024-10-14 20:36:23.179020 Echo: We should add Uniform
ChatterBot Golf reevaluating
2024-10-14 20:36:23.187560 Sierra: No
2024-10-14 20:36:23.187734 Hotel: No
2024-10-14 20:36:23.188384 Golf: No
ChatterBot Echo reevaluating
ChatterBot Golf reevaluating
ChatterBot Echo reevaluating
ChatterBot Golf reevaluating
ChatterBot Echo reevaluating
2024-10-14 20:36:23.215375 Victor: Yankee, sending you 4
2024-10-14 20:36:23.215990 Uniform: Victor, Yankee, Juliett and Whiskey, sending you 3
2024-10-14 20:36:23.219669 Victor: Uniform, Charlie, Juliett and Whiskey, sending you 3
2024-10-14 20:36:23.220518 Uniform: Charlie, sending you 2
2024-10-14 20:36:23.220972 Charlie: Victor, Yankee, Uniform and Juliett, sending you 2
2024-10-14 20:36:23.221384 Yankee: Victor and Whiskey, sending you 5
2024-10-14 20:36:23.221740 Sierra: Same as last round
2024-10-14 20:36:23.224690 Charlie: Whiskey, sending you 3
2024-10-14 20:36:23.226003 Yankee: Uniform, sending you 4
2024-10-14 20:36:23.228667 Yankee: Charlie, sending you 2
2024-10-14 20:36:23.232673 Hotel: Sierra and Echo, sending you 5
2024-10-14 20:36:23.233782 Yankee: Juliett, sending you 1
2024-10-14 20:36:23.234668 Whiskey: Victor, Uniform, Charlie and Juliett, sending you 3
2024-10-14 20:36:23.236662 Hotel: Golf, sending you 6
2024-10-14 20:36:23.237741 Golf: Sierra and Echo, sending you 4
2024-10-14 20:36:23.239302 Juliett: Victor, Uniform, Charlie and Whiskey, sending you 3
2024-10-14 20:36:23.239762 Whiskey: Yankee, sending you 4
2024-10-14 20:36:23.240986 Golf: Hotel, sending you 5
2024-10-14 20:36:23.245064 Juliett: Yankee, sending you 1
chatterbot Golf submitting transactions
chatterbot Juliett submitting transactions
chatterbot Victor submitting transactions
chatterbot Sierra submitting transactions
chatterbot Whiskey submitting transactions
chatterbot Uniform submitting transactions
chatterbot Yankee submitting transactions
chatterbot Charlie submitting transactions
chatterbot Echo submitting transactions
chatterbot Hotel submitting transactions
ChatterBot Victor round 5
ChatterBot Yankee round 5
ChatterBot Uniform round 5
ChatterBot Charlie round 5
ChatterBot Juliett round 5
ChatterBot Sierra round 5
ChatterBot Hotel round 5
ChatterBot Whiskey round 5
ChatterBot Echo round 5
ChatterBot Golf round 5
2024-10-14 20:36:24.345669 Charlie: Victor, Yankee, Uniform and Juliett, sending you 2
2024-10-14 20:36:24.349699 Yankee: Victor and Whiskey, sending you 5
2024-10-14 20:36:24.350193 Charlie: Whiskey, sending you 4
2024-10-14 20:36:24.351781 Golf: Juliett, Sierra and Echo, sending you 3
2024-10-14 20:36:24.352697 Yankee: Uniform, sending you 4
2024-10-14 20:36:24.353669 Hotel: Sierra, sending you 6
2024-10-14 20:36:24.354650 Victor: Yankee, sending you 4
2024-10-14 20:36:24.355658 Uniform: Victor, Yankee, Juliett and Whiskey, sending you 3
2024-10-14 20:36:24.356678 Sierra: Same as last round
2024-10-14 20:36:24.357124 Golf: Hotel, sending you 4
2024-10-14 20:36:24.357402 Hotel: Echo and Golf, sending you 5
2024-10-14 20:36:24.357789 Yankee: Charlie, sending you 2
2024-10-14 20:36:24.358503 Whiskey: Victor, Uniform, Charlie and Juliett, sending you 3
2024-10-14 20:36:24.358986 Echo: Sierra and Hotel, sending you 5
2024-10-14 20:36:24.359688 Victor: Uniform, Charlie, Juliett and Whiskey, sending you 3
2024-10-14 20:36:24.360661 Uniform: Charlie, sending you 2
2024-10-14 20:36:24.361723 Yankee: Juliett, sending you 1
2024-10-14 20:36:24.362664 Whiskey: Yankee, sending you 4
2024-10-14 20:36:24.363672 Echo: Golf, sending you 4
chatterbot Yankee submitting transactions
chatterbot Echo submitting transactions
chatterbot Charlie submitting transactions
chatterbot Hotel submitting transactions
chatterbot Juliett submitting transactions
chatterbot Sierra submitting transactions
chatterbot Whiskey submitting transactions
chatterbot Golf submitting transactions
chatterbot Uniform submitting transactions
chatterbot Victor submitting transactions
ChatterBot Victor round 6
ChatterBot Yankee round 6
ChatterBot Uniform round 6
ChatterBot Charlie round 6
ChatterBot Juliett round 6
ChatterBot Sierra round 6
ChatterBot Hotel round 6
ChatterBot Whiskey round 6
ChatterBot Echo round 6
ChatterBot Golf round 6
2024-10-14 20:36:25.587243 Juliett: We should add Golf
ChatterBot Charlie reevaluating
2024-10-14 20:36:25.600652 Whiskey: No
2024-10-14 20:36:25.600829 Victor: No
2024-10-14 20:36:25.600976 Yankee: No
2024-10-14 20:36:25.601115 Uniform: No
2024-10-14 20:36:25.601238 Charlie: No
ChatterBot Charlie reevaluating
ChatterBot Juliett reevaluating
ChatterBot Charlie reevaluating
ChatterBot Juliett reevaluating
ChatterBot Charlie reevaluating
ChatterBot Juliett reevaluating
ChatterBot Charlie reevaluating
ChatterBot Juliett reevaluating
ChatterBot Juliett reevaluating
2024-10-14 20:36:25.665120 Sierra: We should add Yankee
ChatterBot Echo reevaluating
ChatterBot Golf reevaluating
2024-10-14 20:36:25.672607 Hotel: No
2024-10-14 20:36:25.672753 Echo: Yes
2024-10-14 20:36:25.672868 Golf: Yes
ChatterBot Sierra reevaluating
ChatterBot Echo reevaluating
ChatterBot Golf reevaluating
ChatterBot Sierra reevaluating
ChatterBot Golf reevaluating
ChatterBot Sierra reevaluating
ChatterBot Echo reevaluating
2024-10-14 20:36:25.705588 Juliett: We should add Echo
ChatterBot Charlie reevaluating
2024-10-14 20:36:25.715857 Whiskey: No
2024-10-14 20:36:25.715989 Victor: No
2024-10-14 20:36:25.716095 Yankee: No
2024-10-14 20:36:25.716216 Uniform: No
2024-10-14 20:36:25.716683 Charlie: No
ChatterBot Charlie reevaluating
ChatterBot Juliett reevaluating
ChatterBot Charlie reevaluating
ChatterBot Juliett reevaluating
ChatterBot Charlie reevaluating
ChatterBot Juliett reevaluating
ChatterBot Charlie reevaluating
ChatterBot Juliett reevaluating
ChatterBot Juliett reevaluating
2024-10-14 20:36:25.771903 Juliett: We should add Hotel
ChatterBot Charlie reevaluating
2024-10-14 20:36:25.781953 Whiskey: No
2024-10-14 20:36:25.782060 Victor: No
2024-10-14 20:36:25.782151 Yankee: No
2024-10-14 20:36:25.782236 Uniform: No
2024-10-14 20:36:25.782320 Charlie: No
ChatterBot Charlie reevaluating
ChatterBot Juliett reevaluating
ChatterBot Charlie reevaluating
ChatterBot Juliett reevaluating
ChatterBot Charlie reevaluating
ChatterBot Juliett reevaluating
ChatterBot Charlie reevaluating
ChatterBot Juliett reevaluating
ChatterBot Juliett reevaluating
2024-10-14 20:36:25.835949 Golf: We should replace Juliett with Whiskey
ChatterBot Sierra reevaluating
ChatterBot Echo reevaluating
2024-10-14 20:36:25.842451 Sierra: No
2024-10-14 20:36:25.842592 Hotel: No
2024-10-14 20:36:25.842711 Echo: Yes
ChatterBot Hotel reevaluating
ChatterBot Echo reevaluating
ChatterBot Golf reevaluating
ChatterBot Sierra reevaluating
ChatterBot Echo reevaluating
ChatterBot Golf reevaluating
ChatterBot Sierra reevaluating
ChatterBot Hotel reevaluating
ChatterBot Golf reevaluating
2024-10-14 20:36:25.867698 Yankee: Victor and Whiskey, sending you 5
2024-10-14 20:36:25.868646 Victor: Yankee, sending you 4
2024-10-14 20:36:25.869124 Uniform: Victor and Whiskey, sending you 3
2024-10-14 20:36:25.871691 Yankee: Uniform, sending you 4
2024-10-14 20:36:25.872680 Uniform: Yankee, sending you 4
2024-10-14 20:36:25.873726 Victor: Uniform, Charlie, Juliett and Whiskey, sending you 3
2024-10-14 20:36:25.875675 Yankee: Charlie, sending you 2
2024-10-14 20:36:25.876682 Uniform: Charlie and Juliett, sending you 2
2024-10-14 20:36:25.877780 Charlie: Victor, Uniform, Juliett and Whiskey, sending you 3
2024-10-14 20:36:25.878690 Yankee: Juliett, sending you 1
2024-10-14 20:36:25.879672 Juliett: Victor, Uniform, Charlie and Whiskey, sending you 3
2024-10-14 20:36:25.881666 Whiskey: Victor, Uniform and Charlie, sending you 3
2024-10-14 20:36:25.882687 Charlie: Yankee, sending you 1
2024-10-14 20:36:25.883210 Juliett: Yankee, sending you 1
2024-10-14 20:36:25.883833 Echo: Yankee and Golf, sending you 3
2024-10-14 20:36:25.886662 Whiskey: Yankee, sending you 5
2024-10-14 20:36:25.887172 Hotel: Yankee, sending you 2
2024-10-14 20:36:25.887670 Echo: Sierra and Hotel, sending you 4
2024-10-14 20:36:25.889656 Whiskey: Juliett, sending you 2
2024-10-14 20:36:25.890679 Hotel: Sierra and Golf, sending you 5
2024-10-14 20:36:25.894773 Golf: Uniform, Sierra and Echo, sending you 3
2024-10-14 20:36:25.895761 Hotel: Echo, sending you 4
2024-10-14 20:36:25.900701 Golf: Hotel, sending you 4
chatterbot Echo submitting transactions
chatterbot Uniform submitting transactions
chatterbot Victor submitting transactions
chatterbot Yankee submitting transactions
chatterbot Juliett submitting transactions
chatterbot Golf submitting transactions
chatterbot Whiskey submitting transactions
chatterbot Hotel submitting transactions
chatterbot Sierra submitting transactions
chatterbot Charlie submitting transactions
ChatterBot Victor round 7
ChatterBot Yankee round 7
ChatterBot Uniform round 7
ChatterBot Charlie round 7
ChatterBot Juliett round 7
ChatterBot Sierra round 7
ChatterBot Hotel round 7
ChatterBot Whiskey round 7
ChatterBot Echo round 7
ChatterBot Golf round 7
2024-10-14 20:36:27.025671 Victor: Yankee, sending you 4
2024-10-14 20:36:27.026214 Juliett: Victor, Uniform, Charlie and Whiskey, sending you 1
2024-10-14 20:36:27.026712 Juliett: I was attacked by Sierra
ChatterBot Whiskey reevaluating
ChatterBot Victor reevaluating
ChatterBot Yankee reevaluating
ChatterBot Uniform reevaluating
ChatterBot Charlie reevaluating
2024-10-14 20:36:27.041622 Juliett: Ow
2024-10-14 20:36:27.044673 Echo: Sierra, Hotel and Golf, sending you 4
2024-10-14 20:36:27.045668 Hotel: Sierra and Echo, sending you 5
2024-10-14 20:36:27.049670 Echo: Whiskey, sending you 2
2024-10-14 20:36:27.050691 Hotel: Golf, sending you 6
2024-10-14 20:36:27.057657 Uniform: Victor and Whiskey, sending you 3
2024-10-14 20:36:27.058206 Charlie: Victor, Uniform, Juliett and Whiskey, sending you 3
2024-10-14 20:36:27.059659 Golf: Sierra and Echo, sending you 4
2024-10-14 20:36:27.061673 Uniform: Yankee, sending you 4
2024-10-14 20:36:27.062394 Charlie: Yankee, sending you 1
2024-10-14 20:36:27.062954 Yankee: Victor and Whiskey, sending you 5
2024-10-14 20:36:27.063429 Golf: Hotel, sending you 5
2024-10-14 20:36:27.064669 Uniform: Charlie and Juliett, sending you 2
2024-10-14 20:36:27.065810 Yankee: Uniform, sending you 4
2024-10-14 20:36:27.068665 Whiskey: Victor, Uniform, Charlie and Juliett, sending you 3
2024-10-14 20:36:27.069691 Yankee: Charlie, sending you 2
2024-10-14 20:36:27.071657 Whiskey: Yankee, sending you 4
2024-10-14 20:36:27.072669 Yankee: Juliett, sending you 1
chatterbot Sierra submitting transactions
chatterbot Echo submitting transactions
chatterbot Whiskey submitting transactions
chatterbot Hotel submitting transactions
chatterbot Charlie submitting transactions
chatterbot Golf submitting transactions
chatterbot Juliett submitting transactions
chatterbot Victor submitting transactions
chatterbot Uniform submitting transactions
chatterbot Yankee submitting transactions
ChatterBot Victor round 8
ChatterBot Yankee round 8
ChatterBot Uniform round 8
ChatterBot Charlie round 8
ChatterBot Juliett round 8
ChatterBot Sierra round 8
ChatterBot Hotel round 8
ChatterBot Whiskey round 8
ChatterBot Echo round 8
ChatterBot Golf round 8
2024-10-14 20:36:28.269994 Sierra: We should replace Whiskey with Yankee
ChatterBot Hotel reevaluating
ChatterBot Echo reevaluating
ChatterBot Golf reevaluating
2024-10-14 20:36:28.278417 Hotel: Yes
2024-10-14 20:36:28.278563 Echo: No
2024-10-14 20:36:28.278697 Golf: No
ChatterBot Echo reevaluating
ChatterBot Golf reevaluating
ChatterBot Hotel reevaluating
ChatterBot Golf reevaluating
ChatterBot Sierra reevaluating
ChatterBot Hotel reevaluating
ChatterBot Echo reevaluating
2024-10-14 20:36:28.410672 Echo: Yankee and Sierra, sending you 3
2024-10-14 20:36:28.411718 Juliett: I was attacked by Sierra
ChatterBot Whiskey reevaluating
ChatterBot Victor reevaluating
ChatterBot Yankee reevaluating
ChatterBot Uniform reevaluating
ChatterBot Charlie reevaluating
2024-10-14 20:36:28.437841 Juliett: I'm keeping this round to protect myself
2024-10-14 20:36:28.439645 Juliett: Ow
2024-10-14 20:36:28.440710 Echo: Hotel and Golf, sending you 4
2024-10-14 20:36:28.441481 Hotel: Yankee, sending you 2
2024-10-14 20:36:28.444683 Golf: Sierra and Echo, sending you 4
2024-10-14 20:36:28.445306 Hotel: Sierra, sending you 4
2024-10-14 20:36:28.446686 Sierra: Hotel, Echo and Golf, sending you 4
2024-10-14 20:36:28.449079 Golf: Hotel, sending you 5
2024-10-14 20:36:28.449787 Hotel: Echo and Golf, sending you 5
2024-10-14 20:36:28.450642 Sierra: Whiskey, sending you 3
2024-10-14 20:36:28.458666 Victor: Yankee, sending you 4
2024-10-14 20:36:28.461669 Victor: Uniform, Charlie, Juliett and Whiskey, sending you 3
2024-10-14 20:36:28.464681 Whiskey: Victor, Uniform and Charlie, sending you 3
2024-10-14 20:36:28.468654 Whiskey: Yankee, sending you 5
2024-10-14 20:36:28.470661 Charlie: Victor, Uniform, Juliett and Whiskey, sending you 3
2024-10-14 20:36:28.473664 Whiskey: Juliett, sending you 2
2024-10-14 20:36:28.474695 Charlie: Yankee, sending you 1
chatterbot Echo submitting transactions
chatterbot Juliett submitting transactions
chatterbot Golf submitting transactions
chatterbot Sierra submitting transactions
chatterbot Charlie submitting transactions
chatterbot Hotel submitting transactions
chatterbot Victor submitting transactions
chatterbot Uniform submitting transactions
chatterbot Yankee submitting transactions
chatterbot Whiskey submitting transactions
ChatterBot Victor round 9
ChatterBot Yankee round 9
ChatterBot Uniform round 9
ChatterBot Charlie round 9
ChatterBot Juliett round 9
ChatterBot Sierra round 9
ChatterBot Hotel round 9
ChatterBot Whiskey round 9
ChatterBot Echo round 9
ChatterBot Golf round 9
2024-10-14 20:36:29.756512 Sierra: We should replace Whiskey with Yankee
2024-10-14 20:36:29.772645 Hotel: Yes
2024-10-14 20:36:29.773691 Echo: Yes
2024-10-14 20:36:29.774083 Golf: Yes
ChatterBot Echo reevaluating
ChatterBot Golf reevaluating
ChatterBot Golf reevaluating
ChatterBot Echo reevaluating
2024-10-14 20:36:29.839867 Sierra: Yankee we want you to join our group
ChatterBot Yankee reevaluating
2024-10-14 20:36:29.847325 Yankee: No
ChatterBot Echo reevaluating
ChatterBot Sierra reevaluating
ChatterBot Golf reevaluating
2024-10-14 20:36:29.874643 Charlie: We should drop Yankee
ChatterBot Uniform reevaluating
2024-10-14 20:36:29.889341 Victor: No
2024-10-14 20:36:29.894446 Uniform: No
2024-10-14 20:36:29.894703 Juliett: No
2024-10-14 20:36:29.895106 Whiskey: No
ChatterBot Charlie reevaluating
ChatterBot Uniform reevaluating
ChatterBot Charlie reevaluating
ChatterBot Charlie reevaluating
ChatterBot Uniform reevaluating
ChatterBot Charlie reevaluating
ChatterBot Uniform reevaluating
2024-10-14 20:36:29.972670 Victor: Yankee, sending you 4
2024-10-14 20:36:29.977715 Charlie: We should drop Juliett
ChatterBot Yankee reevaluating
2024-10-14 20:36:30.000920 Victor: No
2024-10-14 20:36:30.001145 Yankee: Yes
2024-10-14 20:36:30.001331 Uniform: No
2024-10-14 20:36:30.001513 Whiskey: No
ChatterBot Charlie reevaluating
ChatterBot Yankee reevaluating
ChatterBot Charlie reevaluating
ChatterBot Charlie reevaluating
ChatterBot Yankee reevaluating
ChatterBot Charlie reevaluating
ChatterBot Yankee reevaluating
2024-10-14 20:36:30.058295 Victor: Uniform, Charlie, Juliett and Whiskey, sending you 3
2024-10-14 20:36:30.060870 Hotel: Yankee, sending you 2
2024-10-14 20:36:30.061717 Golf: Uniform, Sierra and Echo, sending you 3
2024-10-14 20:36:30.063207 Whiskey: Victor, Uniform and Charlie, sending you 3
2024-10-14 20:36:30.064146 Sierra: Hotel, Echo and Golf, sending you 4
2024-10-14 20:36:30.064709 Echo: Yankee, sending you 2
2024-10-14 20:36:30.065778 Golf: Hotel, sending you 4
2024-10-14 20:36:30.066400 Hotel: Sierra, sending you 4
2024-10-14 20:36:30.067942 Whiskey: Yankee, sending you 5
2024-10-14 20:36:30.068971 Sierra: Whiskey, sending you 3
2024-10-14 20:36:30.069364 Echo: Sierra, Hotel and Golf, sending you 4
2024-10-14 20:36:30.072095 Hotel: Echo and Golf, sending you 5
2024-10-14 20:36:30.074162 Whiskey: Juliett, sending you 2
2024-10-14 20:36:30.093671 Charlie: Victor, Yankee and Uniform, sending you 3
2024-10-14 20:36:30.096664 Charlie: Whiskey, sending you 4
chatterbot Sierra submitting transactions
chatterbot Whiskey submitting transactions
chatterbot Yankee submitting transactions
chatterbot Victor submitting transactions
chatterbot Hotel submitting transactions
chatterbot Uniform submitting transactions
chatterbot Charlie submitting transactions
chatterbot Echo submitting transactions
chatterbot Juliett submitting transactions
chatterbot Golf submitting transactions
ChatterBot Victor round 10
ChatterBot Yankee round 10
ChatterBot Uniform round 10
ChatterBot Charlie round 10
ChatterBot Juliett round 10
ChatterBot Sierra round 10
ChatterBot Hotel round 10
ChatterBot Whiskey round 10
ChatterBot Echo round 10
ChatterBot Golf round 10
2024-10-14 20:36:31.188040 Sierra: We should replace Whiskey with Yankee
ChatterBot Hotel reevaluating
ChatterBot Golf reevaluating
2024-10-14 20:36:31.200336 Hotel: No
2024-10-14 20:36:31.200558 Echo: Yes
2024-10-14 20:36:31.200757 Golf: Yes
ChatterBot Sierra reevaluating
ChatterBot Echo reevaluating
ChatterBot Golf reevaluating
ChatterBot Sierra reevaluating
ChatterBot Hotel reevaluating
ChatterBot Golf reevaluating
ChatterBot Sierra reevaluating
ChatterBot Hotel reevaluating
ChatterBot Echo reevaluating
2024-10-14 20:36:31.265787 Yankee: We should drop Juliett
2024-10-14 20:36:31.278478 Charlie: Yes
2024-10-14 20:36:31.279327 Victor: No
2024-10-14 20:36:31.279564 Uniform: No
2024-10-14 20:36:31.279774 Whiskey: No
ChatterBot Whiskey reevaluating
ChatterBot Whiskey reevaluating
ChatterBot Charlie reevaluating
ChatterBot Yankee reevaluating
ChatterBot Whiskey reevaluating
ChatterBot Charlie reevaluating
ChatterBot Yankee reevaluating
2024-10-14 20:36:31.340633 Charlie: We should add Juliett
ChatterBot Yankee reevaluating
ChatterBot Whiskey reevaluating
2024-10-14 20:36:31.366276 Victor: Yes
2024-10-14 20:36:31.366654 Yankee: Yes
2024-10-14 20:36:31.367109 Uniform: Yes
2024-10-14 20:36:31.367252 Whiskey: Yes
ChatterBot Charlie reevaluating
ChatterBot Yankee reevaluating
ChatterBot Whiskey reevaluating
ChatterBot Charlie reevaluating
ChatterBot Whiskey reevaluating
ChatterBot Charlie reevaluating
ChatterBot Yankee reevaluating
ChatterBot Whiskey reevaluating
ChatterBot Charlie reevaluating
ChatterBot Yankee reevaluating
2024-10-14 20:36:31.446158 Charlie: Juliett we want you to join our group
2024-10-14 20:36:31.450779 Juliett: Yes
ChatterBot Charlie reevaluating
2024-10-14 20:36:31.474533 Victor: Yankee, sending you 4
2024-10-14 20:36:31.476581 Hotel: Yankee, sending you 2
2024-10-14 20:36:31.477317 Sierra: Hotel, Echo and Golf, sending you 4
2024-10-14 20:36:31.478809 Echo: Charlie, sending you 2
2024-10-14 20:36:31.479902 Golf: Uniform, Sierra and Echo, sending you 3
2024-10-14 20:36:31.481214 Whiskey: Victor, Uniform and Charlie, sending you 3
2024-10-14 20:36:31.483162 Juliett: Victor, Uniform, Charlie and Whiskey, sending you 2
2024-10-14 20:36:31.484407 Victor: Uniform, Charlie, Juliett and Whiskey, sending you 3
2024-10-14 20:36:31.486175 Hotel: Sierra, sending you 4
2024-10-14 20:36:31.487102 Sierra: Whiskey, sending you 3
2024-10-14 20:36:31.488091 Golf: Hotel, sending you 4
2024-10-14 20:36:31.489056 Echo: Sierra, Hotel and Golf, sending you 4
2024-10-14 20:36:31.490607 Whiskey: Yankee, sending you 5
2024-10-14 20:36:31.491726 Hotel: Echo and Golf, sending you 5
2024-10-14 20:36:31.496690 Whiskey: Juliett, sending you 2
2024-10-14 20:36:31.513707 Charlie: Victor, Yankee, Uniform and Whiskey, sending you 3
2024-10-14 20:36:31.519672 Charlie: Juliett, sending you 1
chatterbot Juliett submitting transactions
chatterbot Whiskey submitting transactions
chatterbot Uniform submitting transactions
chatterbot Sierra submitting transactions
chatterbot Charlie submitting transactions
chatterbot Echo submitting transactions
chatterbot Golf submitting transactions
chatterbot Yankee submitting transactions
chatterbot Victor submitting transactions
chatterbot Hotel submitting transactions
ChatterBot Victor round 11
ChatterBot Yankee round 11
ChatterBot Uniform round 11
ChatterBot Charlie round 11
ChatterBot Juliett round 11
ChatterBot Sierra round 11
ChatterBot Hotel round 11
ChatterBot Whiskey round 11
ChatterBot Echo round 11
ChatterBot Golf round 11
2024-10-14 20:36:32.634742 Sierra: We should replace Whiskey with Yankee
ChatterBot Hotel reevaluating
ChatterBot Echo reevaluating
ChatterBot Golf reevaluating
2024-10-14 20:36:32.647782 Hotel: No
2024-10-14 20:36:32.648608 Echo: Yes
2024-10-14 20:36:32.648811 Golf: No
ChatterBot Sierra reevaluating
ChatterBot Echo reevaluating
ChatterBot Golf reevaluating
ChatterBot Sierra reevaluating
ChatterBot Hotel reevaluating
ChatterBot Golf reevaluating
ChatterBot Sierra reevaluating
ChatterBot Hotel reevaluating
ChatterBot Echo reevaluating
2024-10-14 20:36:32.711764 Sierra: Yankee we want you to join our group
2024-10-14 20:36:32.716648 Yankee: No
ChatterBot Echo reevaluating
ChatterBot Sierra reevaluating
ChatterBot Hotel reevaluating
2024-10-14 20:36:32.740163 Charlie: Victor, Yankee, Uniform and Whiskey, sending you 3
2024-10-14 20:36:32.749975 Juliett: Victor, Uniform, Charlie and Whiskey, sending you 3
2024-10-14 20:36:32.759168 Golf: Victor, Sierra and Echo, sending you 3
2024-10-14 20:36:32.762452 Whiskey: Victor, Uniform and Charlie, sending you 3
2024-10-14 20:36:32.766513 Charlie: Juliett, sending you 1
2024-10-14 20:36:32.769549 Victor: Yankee, sending you 4
2024-10-14 20:36:32.773655 Juliett: Yankee, sending you 1
2024-10-14 20:36:32.776584 Golf: Hotel, sending you 4
2024-10-14 20:36:32.778727 Whiskey: Yankee, sending you 5
2024-10-14 20:36:32.780905 Victor: Uniform, Charlie, Juliett and Whiskey, sending you 3
2024-10-14 20:36:32.784399 Hotel: Sierra and Echo, sending you 5
2024-10-14 20:36:32.786726 Whiskey: Juliett, sending you 2
2024-10-14 20:36:32.789228 Echo: Sierra and Hotel, sending you 5
2024-10-14 20:36:32.791023 Hotel: Golf, sending you 6
2024-10-14 20:36:32.815278 Echo: Golf, sending you 4
2024-10-14 20:36:32.831900 Sierra: Yankee, sending you 3
2024-10-14 20:36:32.853989 Sierra: Hotel, Echo and Golf, sending you 4
chatterbot Charlie submitting transactions
chatterbot Whiskey submitting transactions
chatterbot Echo submitting transactions
chatterbot Juliett submitting transactions
chatterbot Hotel submitting transactions
chatterbot Golf submitting transactions
chatterbot Uniform submitting transactions
chatterbot Yankee submitting transactions
chatterbot Victor submitting transactions
chatterbot Sierra submitting transactions
ChatterBot Victor round 12
ChatterBot Yankee round 12
ChatterBot Uniform round 12
ChatterBot Charlie round 12
ChatterBot Juliett round 12
ChatterBot Sierra round 12
ChatterBot Hotel round 12
ChatterBot Whiskey round 12
ChatterBot Echo round 12
ChatterBot Golf round 12
2024-10-14 20:36:34.001188 Echo: We should replace Charlie with Victor
ChatterBot Sierra reevaluating
ChatterBot Golf reevaluating
2024-10-14 20:36:34.010860 Sierra: No
2024-10-14 20:36:34.011031 Hotel: No
2024-10-14 20:36:34.011183 Golf: Yes
ChatterBot Echo reevaluating
ChatterBot Golf reevaluating
ChatterBot Sierra reevaluating
ChatterBot Echo reevaluating
ChatterBot Golf reevaluating
ChatterBot Sierra reevaluating
ChatterBot Echo reevaluating
2024-10-14 20:36:34.041659 Victor: Yankee, sending you 4
2024-10-14 20:36:34.043692 Charlie: Victor, Uniform and Whiskey, sending you 3
2024-10-14 20:36:34.045008 Juliett: Victor, Uniform, Charlie and Whiskey, sending you 3
2024-10-14 20:36:34.046728 Victor: Uniform, Charlie, Juliett and Whiskey, sending you 3
2024-10-14 20:36:34.047680 Charlie: Yankee and Juliett, sending you 2
2024-10-14 20:36:34.050662 Juliett: Yankee, sending you 1
2024-10-14 20:36:34.057664 Golf: Victor, Sierra and Echo, sending you 3
2024-10-14 20:36:34.058837 Echo: Yankee, sending you 2
2024-10-14 20:36:34.059663 Hotel: Sierra and Echo, sending you 5
2024-10-14 20:36:34.061672 Whiskey: Victor, Uniform and Charlie, sending you 3
2024-10-14 20:36:34.063687 Golf: Hotel, sending you 4
2024-10-14 20:36:34.064086 Echo: Sierra, Hotel and Golf, sending you 4
2024-10-14 20:36:34.065177 Hotel: Golf, sending you 6
2024-10-14 20:36:34.065671 Whiskey: Yankee, sending you 5
2024-10-14 20:36:34.068706 Sierra: Yankee, sending you 3
2024-10-14 20:36:34.070692 Whiskey: Juliett, sending you 2
2024-10-14 20:36:34.072686 Sierra: Hotel, Echo and Golf, sending you 4
chatterbot Echo submitting transactions
chatterbot Charlie submitting transactions
chatterbot Hotel submitting transactions
chatterbot Victor submitting transactions
chatterbot Uniform submitting transactions
chatterbot Juliett submitting transactions
chatterbot Yankee submitting transactions
chatterbot Sierra submitting transactions
chatterbot Golf submitting transactions
chatterbot Whiskey submitting transactions
ChatterBot Victor round 13
ChatterBot Yankee round 13
ChatterBot Uniform round 13
ChatterBot Charlie round 13
ChatterBot Juliett round 13
ChatterBot Sierra round 13
ChatterBot Hotel round 13
ChatterBot Whiskey round 13
ChatterBot Echo round 13
ChatterBot Golf round 13
2024-10-14 20:36:35.376094 Sierra: Victor, sending you 3
2024-10-14 20:36:35.376921 Juliett: Victor, Uniform, Charlie and Whiskey, sending you 3
2024-10-14 20:36:35.379861 Victor: Yankee, sending you 4
2024-10-14 20:36:35.381914 Sierra: Hotel, Echo and Golf, sending you 4
2024-10-14 20:36:35.382576 Juliett: Yankee, sending you 1
2024-10-14 20:36:35.384715 Hotel: Sierra and Echo, sending you 5
2024-10-14 20:36:35.385923 Victor: Uniform, Charlie, Juliett and Whiskey, sending you 3
2024-10-14 20:36:35.386917 Whiskey: Victor, Uniform and Charlie, sending you 3
2024-10-14 20:36:35.388202 Echo: Yankee, sending you 2
2024-10-14 20:36:35.388718 Golf: Sierra and Echo, sending you 4
2024-10-14 20:36:35.389383 Hotel: Golf, sending you 6
