ChatterBot Quebec round 1
ChatterBot Zulu round 1
ChatterBot Echo round 1
ChatterBot Mike round 1
ChatterBot Oscar round 1
ChatterBot Juliett round 1
ChatterBot Foxtrot round 1
ChatterBot Whiskey round 1
ChatterBot Yankee round 1
ChatterBot X-ray round 1
randomSelections Whiskey: {Whiskey, X-ray, Juliett, Foxtrot, Mike, Quebec} 
2024-10-14 20:36:18.171042 Whiskey: Let's form a team
ChatterBot X-ray reevaluating
ChatterBot Juliett reevaluating
ChatterBot Foxtrot reevaluating
ChatterBot Mike reevaluating
ChatterBot Quebec reevaluating
2024-10-14 20:36:18.182950 X-ray: Yes
2024-10-14 20:36:18.183083 Juliett: Yes
2024-10-14 20:36:18.183178 Foxtrot: Yes
2024-10-14 20:36:18.183321 Mike: Yes
2024-10-14 20:36:18.183484 Quebec: Yes
ChatterBot Juliett reevaluating
ChatterBot Foxtrot reevaluating
ChatterBot Mike reevaluating
ChatterBot Quebec reevaluating
ChatterBot X-ray reevaluating
ChatterBot Foxtrot reevaluating
ChatterBot Mike reevaluating
ChatterBot Quebec reevaluating
ChatterBot X-ray reevaluating
ChatterBot Juliett reevaluating
ChatterBot Mike reevaluating
ChatterBot Quebec reevaluating
ChatterBot X-ray reevaluating
ChatterBot Juliett reevaluating
ChatterBot Foxtrot reevaluating
ChatterBot Quebec reevaluating
ChatterBot X-ray reevaluating
ChatterBot Juliett reevaluating
ChatterBot Foxtrot reevaluating
ChatterBot Mike reevaluating
randomSelections Yankee: {Yankee, Zulu, X-ray, Juliett, Whiskey, Oscar, Foxtrot} 
2024-10-14 20:36:18.231130 Yankee: Group up?
ChatterBot Zulu reevaluating
ChatterBot X-ray reevaluating
ChatterBot Juliett reevaluating
ChatterBot Oscar reevaluating
ChatterBot Foxtrot reevaluating
2024-10-14 20:36:18.241561 Zulu: Yes
2024-10-14 20:36:18.241752 X-ray: No
2024-10-14 20:36:18.242468 Juliett: No
2024-10-14 20:36:18.242711 Whiskey: No
2024-10-14 20:36:18.242972 Oscar: Yes
2024-10-14 20:36:18.243142 Foxtrot: No
ChatterBot X-ray reevaluating
ChatterBot Juliett reevaluating
ChatterBot Oscar reevaluating
ChatterBot Foxtrot reevaluating
ChatterBot Zulu reevaluating
ChatterBot Juliett reevaluating
ChatterBot Oscar reevaluating
ChatterBot Foxtrot reevaluating
ChatterBot Zulu reevaluating
ChatterBot X-ray reevaluating
ChatterBot Oscar reevaluating
ChatterBot Foxtrot reevaluating
ChatterBot Zulu reevaluating
ChatterBot X-ray reevaluating
ChatterBot Juliett reevaluating
ChatterBot Oscar reevaluating
ChatterBot Foxtrot reevaluating
ChatterBot Zulu reevaluating
ChatterBot X-ray reevaluating
ChatterBot Juliett reevaluating
ChatterBot Foxtrot reevaluating
ChatterBot Zulu reevaluating
ChatterBot X-ray reevaluating
ChatterBot Juliett reevaluating
ChatterBot Oscar reevaluating
randomSelections Echo: {Echo, Yankee, Foxtrot, Quebec, Zulu, X-ray, Oscar} 
2024-10-14 20:36:18.331701 Echo: Let's form a team
ChatterBot Foxtrot reevaluating
ChatterBot Quebec reevaluating
ChatterBot Zulu reevaluating
ChatterBot X-ray reevaluating
ChatterBot Oscar reevaluating
2024-10-14 20:36:18.350879 Yankee: No
2024-10-14 20:36:18.351142 Foxtrot: No
2024-10-14 20:36:18.351429 Quebec: No
2024-10-14 20:36:18.351642 Zulu: No
2024-10-14 20:36:18.352730 X-ray: No
2024-10-14 20:36:18.353010 Oscar: No
ChatterBot Foxtrot reevaluating
ChatterBot Quebec reevaluating
ChatterBot Zulu reevaluating
ChatterBot X-ray reevaluating
ChatterBot Oscar reevaluating
ChatterBot Quebec reevaluating
ChatterBot Zulu reevaluating
ChatterBot X-ray reevaluating
ChatterBot Oscar reevaluating
ChatterBot Foxtrot reevaluating
ChatterBot Zulu reevaluating
ChatterBot X-ray reevaluating
ChatterBot Oscar reevaluating
ChatterBot Foxtrot reevaluating
ChatterBot Quebec reevaluating
ChatterBot X-ray reevaluating
ChatterBot Oscar reevaluating
ChatterBot Foxtrot reevaluating
ChatterBot Quebec reevaluating
ChatterBot Zulu reevaluating
ChatterBot Oscar reevaluating
ChatterBot Foxtrot reevaluating
ChatterBot Quebec reevaluating
ChatterBot Zulu reevaluating
ChatterBot X-ray reevaluating
2024-10-14 20:36:18.492052 Quebec: Mike, Foxtrot and Whiskey, sending you 3
2024-10-14 20:36:18.492438 Whiskey: Quebec and Juliett, sending you 2
2024-10-14 20:36:18.495702 Quebec: Juliett, sending you 2
2024-10-14 20:36:18.495992 Juliett: Quebec and Foxtrot, sending you 3
2024-10-14 20:36:18.496765 X-ray: Quebec and Whiskey, sending you 2
2024-10-14 20:36:18.497079 Echo: Quebec, sending you 4
2024-10-14 20:36:18.497403 Yankee: Zulu, Juliett and X-ray, sending you 2
2024-10-14 20:36:18.497674 Foxtrot: Quebec, sending you 1
2024-10-14 20:36:18.498406 Whiskey: Mike, sending you 1
2024-10-14 20:36:18.498637 Mike: Quebec, Juliett and Foxtrot, sending you 1
2024-10-14 20:36:18.498878 Zulu: Oscar and Whiskey, sending you 5
2024-10-14 20:36:18.499135 Oscar: Zulu, Juliett and Whiskey, sending you 2
2024-10-14 20:36:18.499943 Echo: Zulu, sending you 1
2024-10-14 20:36:18.500769 Quebec: X-ray, sending you 4
2024-10-14 20:36:18.501416 Juliett: Mike, sending you 1
2024-10-14 20:36:18.501688 Foxtrot: Mike, sending you 2
2024-10-14 20:36:18.502018 X-ray: Mike and Foxtrot, sending you 3
2024-10-14 20:36:18.502310 Zulu: Juliett and Yankee, sending you 2
2024-10-14 20:36:18.503178 Yankee: Oscar, Foxtrot and Whiskey, sending you 3
2024-10-14 20:36:18.503532 Whiskey: Foxtrot, sending you 4
2024-10-14 20:36:18.503790 Echo: Oscar, sending you 5
2024-10-14 20:36:18.504054 Mike: Whiskey, sending you 3
2024-10-14 20:36:18.504830 Oscar: Foxtrot, Yankee and X-ray, sending you 1
2024-10-14 20:36:18.505150 X-ray: Juliett, sending you 4
2024-10-14 20:36:18.506719 Juliett: Whiskey, sending you 4
2024-10-14 20:36:18.507012 Foxtrot: Juliett and X-ray, sending you 3
2024-10-14 20:36:18.507364 Zulu: Foxtrot, sending you 3
2024-10-14 20:36:18.508076 Echo: Foxtrot, sending you 3
2024-10-14 20:36:18.508840 Whiskey: X-ray, sending you 5
2024-10-14 20:36:18.509809 Mike: X-ray, sending you 2
2024-10-14 20:36:18.510234 Foxtrot: Whiskey, sending you 4
2024-10-14 20:36:18.511217 Zulu: X-ray, sending you 1
2024-10-14 20:36:18.517790 Juliett: X-ray, sending you 5
2024-10-14 20:36:18.518415 Echo: Yankee, sending you 2
chatterbot Whiskey submitting transactions
chatterbot Oscar submitting transactions
chatterbot Echo submitting transactions
chatterbot Quebec submitting transactions
chatterbot Mike submitting transactions
chatterbot Zulu submitting transactions
chatterbot X-ray submitting transactions
chatterbot Juliett submitting transactions
chatterbot Yankee submitting transactions
chatterbot Foxtrot submitting transactions
ChatterBot Quebec round 2
ChatterBot Zulu round 2
ChatterBot Echo round 2
ChatterBot Mike round 2
ChatterBot Oscar round 2
ChatterBot Juliett round 2
ChatterBot Foxtrot round 2
ChatterBot Whiskey round 2
2024-10-14 20:36:20.007081 Quebec: We should drop Mike
ChatterBot Juliett reevaluating
ChatterBot Foxtrot reevaluating
ChatterBot Whiskey reevaluating
ChatterBot X-ray reevaluating
2024-10-14 20:36:20.033334 Juliett: No
2024-10-14 20:36:20.033917 Foxtrot: No
2024-10-14 20:36:20.034041 Whiskey: No
2024-10-14 20:36:20.034145 X-ray: Yes
ChatterBot Foxtrot reevaluating
ChatterBot Whiskey reevaluating
ChatterBot X-ray reevaluating
ChatterBot Juliett reevaluating
ChatterBot Whiskey reevaluating
ChatterBot X-ray reevaluating
ChatterBot Juliett reevaluating
ChatterBot Foxtrot reevaluating
ChatterBot X-ray reevaluating
ChatterBot Juliett reevaluating
ChatterBot Foxtrot reevaluating
ChatterBot Whiskey reevaluating
ChatterBot Yankee round 2
ChatterBot X-ray round 2
2024-10-14 20:36:20.108938 Zulu: We would work well together
ChatterBot Echo reevaluating
ChatterBot Oscar reevaluating
ChatterBot Yankee reevaluating
2024-10-14 20:36:20.120802 Echo: Yes
2024-10-14 20:36:20.121033 Oscar: Yes
2024-10-14 20:36:20.121186 Yankee: Yes
ChatterBot Oscar reevaluating
ChatterBot Yankee reevaluating
ChatterBot Echo reevaluating
ChatterBot Yankee reevaluating
ChatterBot Echo reevaluating
ChatterBot Oscar reevaluating
chatterbot Quebec submitting transactions
2024-10-14 20:36:20.748224 Juliett: Quebec and Whiskey, sending you 3
2024-10-14 20:36:20.748586 Yankee: Zulu, sending you 6
2024-10-14 20:36:20.749305 Echo: Sending you each 5
2024-10-14 20:36:20.749554 Quebec: Juliett, Whiskey and X-ray, sending you 4
2024-10-14 20:36:20.749799 Mike: Quebec, Foxtrot and X-ray, sending you 2
2024-10-14 20:36:20.750209 Oscar: Zulu and Echo, sending you 6
2024-10-14 20:36:20.750920 Foxtrot: Quebec, Juliett and X-ray, sending you 3
2024-10-14 20:36:20.751232 Whiskey: Quebec, Mike, Juliett and Foxtrot, sending you 3
2024-10-14 20:36:20.752042 Zulu: Echo, sending you 5
2024-10-14 20:36:20.752362 Juliett: Mike, sending you 2
2024-10-14 20:36:20.926864 Yankee: Echo, sending you 5
2024-10-14 20:36:20.927232 Quebec: Foxtrot, sending you 3
2024-10-14 20:36:20.928075 Mike: Juliett and Whiskey, sending you 1
2024-10-14 20:36:20.928508 Foxtrot: Whiskey, sending you 4
2024-10-14 20:36:20.929340 Oscar: Yankee, sending you 4
2024-10-14 20:36:20.929690 X-ray: Quebec and Whiskey, sending you 3
2024-10-14 20:36:20.930141 Whiskey: X-ray, sending you 2
2024-10-14 20:36:20.931040 Zulu: Oscar, sending you 7
2024-10-14 20:36:20.931372 Juliett: Foxtrot and X-ray, sending you 4
chatterbot Whiskey submitting transactions
chatterbot Oscar submitting transactions
chatterbot Foxtrot submitting transactions
2024-10-14 20:36:20.932546 Yankee: Oscar, sending you 4
2024-10-14 20:36:20.932956 X-ray: Mike and Foxtrot, sending you 2
2024-10-14 20:36:20.988384 Zulu: Yankee, sending you 6
2024-10-14 20:36:20.988696 X-ray: Juliett, sending you 4
chatterbot Zulu submitting transactions
chatterbot Mike submitting transactions
chatterbot Juliett submitting transactions
chatterbot Echo submitting transactions
chatterbot X-ray submitting transactions
chatterbot Yankee submitting transactions
ChatterBot Quebec round 3
ChatterBot Zulu round 3
ChatterBot Echo round 3
ChatterBot Mike round 3
ChatterBot Oscar round 3
ChatterBot Juliett round 3
ChatterBot Foxtrot round 3
ChatterBot Whiskey round 3
ChatterBot Yankee round 3
ChatterBot X-ray round 3
2024-10-14 20:36:21.787145 Juliett: Quebec, Foxtrot and Whiskey, sending you 3
2024-10-14 20:36:21.788129 X-ray: Quebec, Juliett, Foxtrot and Whiskey, sending you 3
2024-10-14 20:36:21.788686 Zulu: Sending you each 6
2024-10-14 20:36:21.789051 Quebec: Juliett, Whiskey and X-ray, sending you 4
2024-10-14 20:36:21.789840 Oscar: Zulu, sending you 6
2024-10-14 20:36:21.790169 Echo: Same as last round
2024-10-14 20:36:21.791043 Juliett: Mike, sending you 2
2024-10-14 20:36:21.799330 Quebec: Foxtrot, sending you 3
2024-10-14 20:36:21.799771 Oscar: Echo and Yankee, sending you 5
2024-10-14 20:36:21.800132 Foxtrot: Quebec and Juliett, sending you 3
2024-10-14 20:36:21.801080 Whiskey: Quebec, Juliett, Foxtrot and X-ray, sending you 3
2024-10-14 20:36:21.801482 Mike: Quebec, Juliett and Foxtrot, sending you 1
2024-10-14 20:36:21.801875 X-ray: Mike, sending you 2
2024-10-14 20:36:21.802900 Yankee: Sending you each 5
2024-10-14 20:36:21.803344 Juliett: X-ray, sending you 5
2024-10-14 20:36:21.803913 Whiskey: Mike, sending you 2
2024-10-14 20:36:22.681618 Foxtrot: Mike, sending you 1
2024-10-14 20:36:22.682623 Mike: Whiskey, sending you 2
2024-10-14 20:36:22.697143 Foxtrot: Whiskey, sending you 4
2024-10-14 20:36:22.697600 Mike: X-ray, sending you 3
2024-10-14 20:36:22.713787 Foxtrot: X-ray, sending you 2
chatterbot Quebec submitting transactions
chatterbot Zulu submitting transactions
chatterbot Mike submitting transactions
chatterbot Foxtrot submitting transactions
chatterbot Oscar submitting transactions
chatterbot Juliett submitting transactions
chatterbot X-ray submitting transactions
chatterbot Whiskey submitting transactions
chatterbot Echo submitting transactions
chatterbot Yankee submitting transactions
ChatterBot Quebec round 4
ChatterBot Zulu round 4
ChatterBot Echo round 4
ChatterBot Mike round 4
ChatterBot Oscar round 4
ChatterBot Juliett round 4
ChatterBot Foxtrot round 4
ChatterBot Whiskey round 4
ChatterBot Yankee round 4
ChatterBot X-ray round 4
2024-10-14 20:36:23.716819 Quebec: Juliett, Whiskey and X-ray, sending you 4
2024-10-14 20:36:23.717171 Zulu: Same as last round
2024-10-14 20:36:23.718677 Echo: Same as last round
2024-10-14 20:36:23.721693 Quebec: Foxtrot, sending you 3
2024-10-14 20:36:23.723661 Oscar: Zulu, sending you 6
2024-10-14 20:36:23.724660 Foxtrot: Quebec, Juliett, Whiskey and X-ray, sending you 3
2024-10-14 20:36:23.725277 Whiskey: Quebec, Juliett, Foxtrot and X-ray, sending you 3
2024-10-14 20:36:23.725743 Mike: Quebec and Foxtrot, sending you 1
2024-10-14 20:36:23.728666 Oscar: Echo and Yankee, sending you 5
2024-10-14 20:36:23.729042 Foxtrot: Mike, sending you 1
2024-10-14 20:36:23.729427 Mike: Juliett, Whiskey and X-ray, sending you 2
2024-10-14 20:36:23.729828 Whiskey: Mike, sending you 2
2024-10-14 20:36:23.730558 X-ray: Quebec and Whiskey, sending you 3
2024-10-14 20:36:23.731665 Juliett: Quebec, Foxtrot and Whiskey, sending you 3
2024-10-14 20:36:23.733666 Yankee: Same as last round
2024-10-14 20:36:23.734722 X-ray: Mike and Foxtrot, sending you 2
2024-10-14 20:36:23.735694 Juliett: Mike, sending you 2
2024-10-14 20:36:23.739708 X-ray: Juliett, sending you 4
2024-10-14 20:36:23.741677 Juliett: X-ray, sending you 5
chatterbot Foxtrot submitting transactions
chatterbot Zulu submitting transactions
chatterbot Mike submitting transactions
chatterbot Oscar submitting transactions
chatterbot Whiskey submitting transactions
chatterbot Juliett submitting transactions
chatterbot Yankee submitting transactions
chatterbot Quebec submitting transactions
chatterbot X-ray submitting transactions
chatterbot Echo submitting transactions
ChatterBot Quebec round 5
ChatterBot Zulu round 5
ChatterBot Echo round 5
ChatterBot Mike round 5
ChatterBot Oscar round 5
ChatterBot Juliett round 5
ChatterBot Foxtrot round 5
ChatterBot Whiskey round 5
ChatterBot Yankee round 5
ChatterBot X-ray round 5
2024-10-14 20:36:24.972687 Echo: Same as last round
2024-10-14 20:36:24.973702 Juliett: Quebec, Foxtrot and Whiskey, sending you 3
2024-10-14 20:36:24.976666 Juliett: Mike, sending you 2
2024-10-14 20:36:24.977706 Mike: Quebec and Foxtrot, sending you 1
2024-10-14 20:36:24.978516 Quebec: Juliett, Whiskey and X-ray, sending you 4
2024-10-14 20:36:24.979946 Zulu: Same as last round
2024-10-14 20:36:24.980260 X-ray: Quebec, Foxtrot and Whiskey, sending you 3
2024-10-14 20:36:24.981697 Juliett: X-ray, sending you 5
2024-10-14 20:36:24.982150 Mike: Juliett, Whiskey and X-ray, sending you 2
2024-10-14 20:36:24.982514 Quebec: Foxtrot, sending you 3
2024-10-14 20:36:24.984119 Foxtrot: Quebec, Juliett, Whiskey and X-ray, sending you 3
2024-10-14 20:36:24.985689 X-ray: Mike, sending you 1
2024-10-14 20:36:24.989069 Foxtrot: Mike, sending you 1
2024-10-14 20:36:24.989554 Oscar: Zulu, sending you 6
2024-10-14 20:36:24.989850 X-ray: Juliett, sending you 4
2024-10-14 20:36:24.990697 Whiskey: Quebec, Juliett, Foxtrot and X-ray, sending you 3
2024-10-14 20:36:24.991280 Yankee: Same as last round
2024-10-14 20:36:24.992690 Oscar: Echo and Yankee, sending you 5
2024-10-14 20:36:24.993680 Whiskey: Mike, sending you 2
chatterbot X-ray submitting transactions
chatterbot Whiskey submitting transactions
chatterbot Quebec submitting transactions
chatterbot Foxtrot submitting transactions
chatterbot Oscar submitting transactions
chatterbot Yankee submitting transactions
chatterbot Juliett submitting transactions
chatterbot Zulu submitting transactions
chatterbot Mike submitting transactions
chatterbot Echo submitting transactions
ChatterBot Quebec round 6
ChatterBot Zulu round 6
ChatterBot Echo round 6
ChatterBot Mike round 6
ChatterBot Oscar round 6
ChatterBot Juliett round 6
ChatterBot Foxtrot round 6
ChatterBot Whiskey round 6
ChatterBot Yankee round 6
ChatterBot X-ray round 6
2024-10-14 20:36:26.173188 Echo: Same as last round
2024-10-14 20:36:26.177680 Zulu: Same as last round
2024-10-14 20:36:26.188679 Whiskey: Quebec, Juliett, Foxtrot and X-ray, sending you 3
2024-10-14 20:36:26.189941 Yankee: Same as last round
2024-10-14 20:36:26.190391 Oscar: Zulu, sending you 6
2024-10-14 20:36:26.193088 Foxtrot: Quebec, Juliett, Whiskey and X-ray, sending you 3
2024-10-14 20:36:26.193756 Quebec: Juliett, Whiskey and X-ray, sending you 4
2024-10-14 20:36:26.194096 Juliett: Quebec, Mike, Foxtrot and Whiskey, sending you 3
2024-10-14 20:36:26.194668 Whiskey: Mike, sending you 2
2024-10-14 20:36:26.195671 Oscar: Echo and Yankee, sending you 5
2024-10-14 20:36:26.197670 Juliett: X-ray, sending you 4
2024-10-14 20:36:26.198673 Foxtrot: Mike, sending you 1
2024-10-14 20:36:26.199219 Quebec: Foxtrot, sending you 3
2024-10-14 20:36:26.200675 X-ray: Quebec, Foxtrot and Whiskey, sending you 3
2024-10-14 20:36:26.205693 X-ray: Mike, sending you 1
2024-10-14 20:36:26.210652 X-ray: Juliett, sending you 4
chatterbot Quebec submitting transactions
chatterbot Yankee submitting transactions
chatterbot Oscar submitting transactions
chatterbot Whiskey submitting transactions
chatterbot Echo submitting transactions
chatterbot Mike submitting transactions
chatterbot Zulu submitting transactions
chatterbot X-ray submitting transactions
chatterbot Juliett submitting transactions
chatterbot Foxtrot submitting transactions
ChatterBot Quebec round 7
ChatterBot Zulu round 7
ChatterBot Echo round 7
ChatterBot Mike round 7
ChatterBot Oscar round 7
ChatterBot Juliett round 7
ChatterBot Foxtrot round 7
ChatterBot Whiskey round 7
ChatterBot Yankee round 7
ChatterBot X-ray round 7
2024-10-14 20:36:27.376238 Whiskey: We should add Zulu
ChatterBot Foxtrot reevaluating
2024-10-14 20:36:27.392535 X-ray: No
2024-10-14 20:36:27.392893 Juliett: No
2024-10-14 20:36:27.393124 Foxtrot: Yes
2024-10-14 20:36:27.393265 Mike: No
2024-10-14 20:36:27.393433 Quebec: No
ChatterBot Whiskey reevaluating
ChatterBot Foxtrot reevaluating
ChatterBot Whiskey reevaluating
ChatterBot Foxtrot reevaluating
ChatterBot Mike reevaluating
ChatterBot Quebec reevaluating
ChatterBot Whiskey reevaluating
ChatterBot Mike reevaluating
ChatterBot Quebec reevaluating
ChatterBot Whiskey reevaluating
ChatterBot Foxtrot reevaluating
ChatterBot Quebec reevaluating
ChatterBot Whiskey reevaluating
ChatterBot Foxtrot reevaluating
ChatterBot Mike reevaluating
2024-10-14 20:36:27.470242 Whiskey: We should add Oscar
ChatterBot Foxtrot reevaluating
ChatterBot Mike reevaluating
ChatterBot Quebec reevaluating
2024-10-14 20:36:27.484927 X-ray: No
2024-10-14 20:36:27.485072 Juliett: No
2024-10-14 20:36:27.485197 Foxtrot: Yes
2024-10-14 20:36:27.485308 Mike: No
2024-10-14 20:36:27.485450 Quebec: No
ChatterBot Whiskey reevaluating
ChatterBot Foxtrot reevaluating
ChatterBot Mike reevaluating
ChatterBot Quebec reevaluating
ChatterBot Whiskey reevaluating
ChatterBot Foxtrot reevaluating
ChatterBot Mike reevaluating
ChatterBot Quebec reevaluating
ChatterBot Whiskey reevaluating
ChatterBot Mike reevaluating
ChatterBot Quebec reevaluating
ChatterBot Whiskey reevaluating
ChatterBot Foxtrot reevaluating
ChatterBot Quebec reevaluating
ChatterBot Whiskey reevaluating
ChatterBot Foxtrot reevaluating
ChatterBot Mike reevaluating
2024-10-14 20:36:27.557710 Juliett: Quebec, Foxtrot and Whiskey, sending you 3
2024-10-14 20:36:27.558330 Zulu: Same as last round
2024-10-14 20:36:27.561670 Juliett: Mike, sending you 2
2024-10-14 20:36:27.562719 Echo: Same as last round
2024-10-14 20:36:27.563689 Oscar: Zulu, sending you 6
2024-10-14 20:36:27.564690 Juliett: X-ray, sending you 5
2024-10-14 20:36:27.565697 Yankee: I was attacked by Mike
ChatterBot Zulu reevaluating
ChatterBot Echo reevaluating
ChatterBot Oscar reevaluating
2024-10-14 20:36:27.573500 Yankee: I'm keeping this round to protect myself
2024-10-14 20:36:27.574064 Yankee: Ow
2024-10-14 20:36:27.574629 Mike: We should drop Quebec
ChatterBot Foxtrot reevaluating
ChatterBot Whiskey reevaluating
2024-10-14 20:36:27.583989 Juliett: No
2024-10-14 20:36:27.584158 Foxtrot: No
2024-10-14 20:36:27.584314 Whiskey: No
2024-10-14 20:36:27.584771 X-ray: No
ChatterBot Mike reevaluating
ChatterBot Foxtrot reevaluating
ChatterBot Whiskey reevaluating
ChatterBot Mike reevaluating
ChatterBot Whiskey reevaluating
ChatterBot Mike reevaluating
ChatterBot Foxtrot reevaluating
ChatterBot Mike reevaluating
ChatterBot Foxtrot reevaluating
ChatterBot Whiskey reevaluating
2024-10-14 20:36:27.636749 X-ray: Quebec, Foxtrot and Whiskey, sending you 3
2024-10-14 20:36:27.640663 X-ray: Mike, sending you 1
2024-10-14 20:36:27.645664 X-ray: Juliett, sending you 4
2024-10-14 20:36:27.646113 Quebec: Juliett, Whiskey and X-ray, sending you 4
2024-10-14 20:36:27.649667 Foxtrot: Quebec, Juliett and X-ray, sending you 3
2024-10-14 20:36:27.650282 Quebec: Foxtrot, sending you 3
2024-10-14 20:36:27.651700 Mike: Quebec and Foxtrot, sending you 1
2024-10-14 20:36:27.654672 Foxtrot: Whiskey, sending you 4
2024-10-14 20:36:27.655822 Mike: Juliett, Whiskey and X-ray, sending you 2
2024-10-14 20:36:27.664658 Whiskey: Quebec, Juliett, Foxtrot and X-ray, sending you 3
2024-10-14 20:36:27.668656 Whiskey: Mike, sending you 2
chatterbot Quebec submitting transactions
chatterbot Yankee submitting transactions
chatterbot Oscar submitting transactions
chatterbot Juliett submitting transactions
chatterbot Echo submitting transactions
chatterbot Mike submitting transactions
chatterbot X-ray submitting transactions
chatterbot Foxtrot submitting transactions
chatterbot Zulu submitting transactions
chatterbot Whiskey submitting transactions
ChatterBot Quebec round 8
ChatterBot Zulu round 8
ChatterBot Echo round 8
ChatterBot Mike round 8
ChatterBot Oscar round 8
ChatterBot Juliett round 8
ChatterBot Foxtrot round 8
ChatterBot Whiskey round 8
ChatterBot Yankee round 8
ChatterBot X-ray round 8
2024-10-14 20:36:28.852029 Echo: Same as last round
2024-10-14 20:36:28.854667 Zulu: Same as last round
2024-10-14 20:36:28.858691 Quebec: Juliett, Whiskey and X-ray, sending you 4
2024-10-14 20:36:28.861795 Foxtrot: Quebec, Juliett and X-ray, sending you 3
2024-10-14 20:36:28.862684 Mike: Quebec and Foxtrot, sending you 1
2024-10-14 20:36:28.863976 Quebec: Foxtrot, sending you 3
2024-10-14 20:36:28.864447 Whiskey: Quebec, Juliett, Foxtrot and X-ray, sending you 3
2024-10-14 20:36:28.865245 Foxtrot: Whiskey, sending you 4
2024-10-14 20:36:28.868673 Mike: Juliett, Whiskey and X-ray, sending you 2
2024-10-14 20:36:28.869766 Juliett: Quebec, Foxtrot and Whiskey, sending you 3
2024-10-14 20:36:28.870451 Whiskey: Mike, sending you 2
2024-10-14 20:36:28.872055 X-ray: Quebec, Foxtrot and Whiskey, sending you 3
2024-10-14 20:36:28.872662 Oscar: Zulu, sending you 6
2024-10-14 20:36:28.874662 Juliett: Mike, sending you 2
2024-10-14 20:36:28.876670 X-ray: Mike, sending you 1
2024-10-14 20:36:28.878271 Oscar: Echo and Yankee, sending you 5
2024-10-14 20:36:28.878844 Juliett: X-ray, sending you 5
2024-10-14 20:36:28.882668 X-ray: Juliett, sending you 4
chatterbot Oscar submitting transactions
chatterbot Echo submitting transactions
chatterbot Foxtrot submitting transactions
chatterbot Juliett submitting transactions
chatterbot Quebec submitting transactions
chatterbot Zulu submitting transactions
chatterbot Whiskey submitting transactions
chatterbot Mike submitting transactions
chatterbot X-ray submitting transactions
chatterbot Yankee submitting transactions
ChatterBot Quebec round 9
ChatterBot Zulu round 9
ChatterBot Echo round 9
ChatterBot Mike round 9
ChatterBot Oscar round 9
ChatterBot Juliett round 9
ChatterBot Foxtrot round 9
ChatterBot Whiskey round 9
ChatterBot Yankee round 9
ChatterBot X-ray round 9
2024-10-14 20:36:30.040656 Echo: Same as last round
2024-10-14 20:36:30.048683 Quebec: Juliett, Whiskey and X-ray, sending you 4
2024-10-14 20:36:30.049784 Zulu: Echo, sending you 6
2024-10-14 20:36:30.050226 Yankee: Sending you each 5
2024-10-14 20:36:30.051699 Foxtrot: Quebec, Juliett and X-ray, sending you 3
2024-10-14 20:36:30.053669 Quebec: Foxtrot, sending you 3
2024-10-14 20:36:30.054109 Mike: Quebec and Foxtrot, sending you 1
2024-10-14 20:36:30.055417 Zulu: Oscar, sending you 7
2024-10-14 20:36:30.055810 Oscar: Zulu and Echo, sending you 6
2024-10-14 20:36:30.056263 Foxtrot: Whiskey, sending you 4
2024-10-14 20:36:30.058902 Mike: Juliett, Whiskey and X-ray, sending you 2
2024-10-14 20:36:30.059939 X-ray: Quebec, Foxtrot and Whiskey, sending you 3
2024-10-14 20:36:30.061410 Oscar: Yankee, sending you 4
2024-10-14 20:36:30.061954 Zulu: Yankee, sending you 5
2024-10-14 20:36:30.062437 Juliett: Quebec, Foxtrot and Whiskey, sending you 3
2024-10-14 20:36:30.063930 Whiskey: Quebec, Juliett, Foxtrot and X-ray, sending you 3
2024-10-14 20:36:30.065692 X-ray: Mike, sending you 1
2024-10-14 20:36:30.067936 Juliett: Mike, sending you 2
2024-10-14 20:36:30.068885 Whiskey: Mike, sending you 2
2024-10-14 20:36:30.069938 X-ray: Juliett, sending you 4
2024-10-14 20:36:30.072103 Juliett: X-ray, sending you 5
chatterbot Echo submitting transactions
chatterbot Mike submitting transactions
chatterbot Yankee submitting transactions
chatterbot Whiskey submitting transactions
chatterbot Zulu submitting transactions
chatterbot Foxtrot submitting transactions
chatterbot Juliett submitting transactions
chatterbot X-ray submitting transactions
chatterbot Quebec submitting transactions
chatterbot Oscar submitting transactions
ChatterBot Quebec round 10
ChatterBot Zulu round 10
ChatterBot Echo round 10
ChatterBot Mike round 10
ChatterBot Oscar round 10
ChatterBot Juliett round 10
ChatterBot Foxtrot round 10
ChatterBot Whiskey round 10
ChatterBot Yankee round 10
ChatterBot X-ray round 10
2024-10-14 20:36:31.082703 Quebec: Juliett, Whiskey and X-ray, sending you 4
2024-10-14 20:36:31.085728 Quebec: Foxtrot, sending you 3
2024-10-14 20:36:31.088687 Juliett: Quebec, Foxtrot and Whiskey, sending you 3
2024-10-14 20:36:31.094657 Juliett: Mike, sending you 2
2024-10-14 20:36:31.097693 Juliett: X-ray, sending you 5
2024-10-14 20:36:31.098552 Whiskey: Quebec, Juliett, Foxtrot and X-ray, sending you 3
2024-10-14 20:36:31.100256 Echo: Same as last round
2024-10-14 20:36:31.100751 Oscar: Zulu, sending you 6
2024-10-14 20:36:31.102754 X-ray: Quebec, Foxtrot and Whiskey, sending you 3
2024-10-14 20:36:31.103805 Whiskey: Mike, sending you 2
2024-10-14 20:36:31.110418 Yankee: Same as last round
2024-10-14 20:36:31.110973 Foxtrot: Quebec, Juliett and X-ray, sending you 3
2024-10-14 20:36:31.111564 Zulu: Sending you each 6
2024-10-14 20:36:31.112035 Oscar: Echo and Yankee, sending you 5
2024-10-14 20:36:31.113685 X-ray: Mike, sending you 1
2024-10-14 20:36:31.115678 Foxtrot: Whiskey, sending you 4
2024-10-14 20:36:31.118676 X-ray: Juliett, sending you 4
chatterbot Echo submitting transactions
chatterbot Yankee submitting transactions
chatterbot X-ray submitting transactions
chatterbot Juliett submitting transactions
chatterbot Oscar submitting transactions
chatterbot Mike submitting transactions
chatterbot Quebec submitting transactions
chatterbot Zulu submitting transactions
chatterbot Foxtrot submitting transactions
chatterbot Whiskey submitting transactions
ChatterBot Quebec round 11
ChatterBot Zulu round 11
2024-10-14 20:36:32.269701 Zulu: We should add Foxtrot
2024-10-14 20:36:32.279200 Echo: No
2024-10-14 20:36:32.279373 Oscar: No
2024-10-14 20:36:32.279515 Yankee: No
ChatterBot Zulu reevaluating
ChatterBot Zulu reevaluating
ChatterBot Zulu reevaluating
ChatterBot Echo round 11
ChatterBot Mike round 11
ChatterBot Oscar round 11
ChatterBot Juliett round 11
ChatterBot Foxtrot round 11
ChatterBot Whiskey round 11
ChatterBot Yankee round 11
ChatterBot X-ray round 11
2024-10-14 20:36:32.311636 Foxtrot: We should add Mike
ChatterBot Quebec reevaluating
2024-10-14 20:36:32.320017 Quebec: Yes
2024-10-14 20:36:32.320192 Juliett: Yes
2024-10-14 20:36:32.320332 Whiskey: Yes
2024-10-14 20:36:32.320451 X-ray: Yes
ChatterBot Quebec reevaluating
ChatterBot Quebec reevaluating
ChatterBot Quebec reevaluating
2024-10-14 20:36:32.375061 Foxtrot: Mike we want you to join our group
2024-10-14 20:36:32.378750 Mike: Yes
ChatterBot Quebec reevaluating
2024-10-14 20:36:32.392657 Quebec: We should replace X-ray with Mike
2024-10-14 20:36:32.400370 Juliett: No
2024-10-14 20:36:32.400537 Foxtrot: No
2024-10-14 20:36:32.400640 Whiskey: No
ChatterBot Quebec reevaluating
ChatterBot Quebec reevaluating
ChatterBot Quebec reevaluating
2024-10-14 20:36:32.428894 Zulu: Same as last round
2024-10-14 20:36:32.431011 Quebec: Mike we want you to join our group
ChatterBot Mike reevaluating
2024-10-14 20:36:32.436713 Mike: No
ChatterBot Quebec reevaluating
2024-10-14 20:36:32.453182 Echo: I was attacked by Mike
ChatterBot Zulu reevaluating
ChatterBot Oscar reevaluating
ChatterBot Yankee reevaluating
2024-10-14 20:36:32.541734 Echo: I'm keeping this round to protect myself
2024-10-14 20:36:32.545083 Echo: Ow
2024-10-14 20:36:32.545587 Zulu: We should add Juliett
ChatterBot Oscar reevaluating
ChatterBot Yankee reevaluating
2024-10-14 20:36:32.576998 Echo: No
2024-10-14 20:36:32.577795 Oscar: No
2024-10-14 20:36:32.578211 Yankee: No
ChatterBot Zulu reevaluating
ChatterBot Oscar reevaluating
ChatterBot Yankee reevaluating
ChatterBot Zulu reevaluating
ChatterBot Yankee reevaluating
ChatterBot Zulu reevaluating
ChatterBot Oscar reevaluating
2024-10-14 20:36:32.614573 Foxtrot: Quebec, Juliett, Whiskey and X-ray, sending you 3
2024-10-14 20:36:32.616795 Whiskey: Quebec, Juliett, Foxtrot and X-ray, sending you 3
2024-10-14 20:36:32.619282 Mike: We should drop Foxtrot
ChatterBot Quebec reevaluating
2024-10-14 20:36:32.632917 Quebec: Yes
2024-10-14 20:36:32.633218 Juliett: No
2024-10-14 20:36:32.633457 Whiskey: No
2024-10-14 20:36:32.634528 X-ray: No
ChatterBot Mike reevaluating
ChatterBot Mike reevaluating
ChatterBot Quebec reevaluating
ChatterBot Mike reevaluating
ChatterBot Quebec reevaluating
ChatterBot Mike reevaluating
ChatterBot Quebec reevaluating
2024-10-14 20:36:32.689996 Juliett: Quebec, Foxtrot and Whiskey, sending you 3
2024-10-14 20:36:32.692085 X-ray: Quebec, Foxtrot and Whiskey, sending you 3
2024-10-14 20:36:32.694258 Foxtrot: Mike, sending you 1
2024-10-14 20:36:32.696752 Whiskey: Mike, sending you 2
2024-10-14 20:36:32.699478 Quebec: We should replace Foxtrot with Mike
2024-10-14 20:36:32.709932 Juliett: No
2024-10-14 20:36:32.710782 Whiskey: No
2024-10-14 20:36:32.711025 X-ray: No
ChatterBot Quebec reevaluating
ChatterBot Quebec reevaluating
ChatterBot Quebec reevaluating
2024-10-14 20:36:32.763488 Juliett: Mike, sending you 2
2024-10-14 20:36:32.766665 Mike: We should drop Quebec
2024-10-14 20:36:32.790252 Juliett: No
2024-10-14 20:36:32.790905 Foxtrot: No
2024-10-14 20:36:32.791328 Whiskey: No
2024-10-14 20:36:32.792248 X-ray: No
ChatterBot Mike reevaluating
ChatterBot Mike reevaluating
ChatterBot Mike reevaluating
ChatterBot Mike reevaluating
2024-10-14 20:36:32.876016 X-ray: Mike, sending you 1
2024-10-14 20:36:32.877240 Juliett: X-ray, sending you 5
2024-10-14 20:36:32.886454 X-ray: Juliett, sending you 4
2024-10-14 20:36:32.899303 Quebec: Mike, sending you 3
2024-10-14 20:36:32.926598 Quebec: Juliett, Whiskey and X-ray, sending you 4
chatterbot Whiskey submitting transactions
chatterbot X-ray submitting transactions
chatterbot Yankee submitting transactions
chatterbot Zulu submitting transactions
chatterbot Juliett submitting transactions
chatterbot Mike submitting transactions
chatterbot Echo submitting transactions
chatterbot Foxtrot submitting transactions
chatterbot Oscar submitting transactions
chatterbot Quebec submitting transactions
ChatterBot Quebec round 12
ChatterBot Zulu round 12
ChatterBot Echo round 12
ChatterBot Mike round 12
ChatterBot Oscar round 12
ChatterBot Juliett round 12
2024-10-14 20:36:33.740668 Quebec: We should replace Whiskey with Foxtrot
ChatterBot Mike reevaluating
2024-10-14 20:36:33.749054 Mike: No
2024-10-14 20:36:33.749221 Juliett: No
2024-10-14 20:36:33.749346 X-ray: No
ChatterBot Quebec reevaluating
ChatterBot Quebec reevaluating
ChatterBot Mike reevaluating
ChatterBot Quebec reevaluating
ChatterBot Mike reevaluating
ChatterBot Foxtrot round 12
ChatterBot Whiskey round 12
ChatterBot Yankee round 12
ChatterBot X-ray round 12
2024-10-14 20:36:33.790862 Mike: We should add Quebec
2024-10-14 20:36:33.799653 Juliett: Yes
2024-10-14 20:36:33.799827 Foxtrot: Yes
2024-10-14 20:36:33.799962 Whiskey: Yes
2024-10-14 20:36:33.800082 X-ray: Yes
ChatterBot Mike reevaluating
ChatterBot Mike reevaluating
ChatterBot Mike reevaluating
ChatterBot Mike reevaluating
2024-10-14 20:36:33.900669 Zulu: Same as last round
2024-10-14 20:36:33.904664 Mike: Quebec we want you to join our group
ChatterBot Quebec reevaluating
2024-10-14 20:36:33.912067 Quebec: No
ChatterBot Mike reevaluating
2024-10-14 20:36:33.937859 Quebec: We should replace X-ray with Foxtrot
ChatterBot Mike reevaluating
2024-10-14 20:36:33.946742 Mike: No
2024-10-14 20:36:33.946911 Juliett: No
2024-10-14 20:36:33.947023 Whiskey: No
ChatterBot Quebec reevaluating
ChatterBot Quebec reevaluating
ChatterBot Mike reevaluating
ChatterBot Quebec reevaluating
ChatterBot Mike reevaluating
2024-10-14 20:36:33.972670 Juliett: Quebec, Foxtrot and Whiskey, sending you 3
2024-10-14 20:36:33.974181 Echo: Zulu and Oscar, sending you 1
2024-10-14 20:36:33.974676 Whiskey: Quebec, Juliett, Foxtrot and X-ray, sending you 3
2024-10-14 20:36:33.975528 X-ray: Quebec, Foxtrot and Whiskey, sending you 3
2024-10-14 20:36:33.976430 Foxtrot: Quebec, sending you 2
2024-10-14 20:36:33.977528 Yankee: Same as last round
2024-10-14 20:36:33.977948 Quebec: Foxtrot we want you to join our group
2024-10-14 20:36:33.981098 Foxtrot: Yes
ChatterBot Quebec reevaluating
ChatterBot Mike reevaluating
2024-10-14 20:36:33.994529 Whiskey: Mike, sending you 2
2024-10-14 20:36:33.996025 Juliett: Mike, sending you 2
2024-10-14 20:36:33.996839 X-ray: Mike, sending you 1
2024-10-14 20:36:33.997725 Foxtrot: Mike, sending you 1
2024-10-14 20:36:34.001721 Juliett: X-ray, sending you 5
2024-10-14 20:36:34.003741 X-ray: Juliett, sending you 4
2024-10-14 20:36:34.004692 Foxtrot: Juliett and Whiskey, sending you 3
2024-10-14 20:36:34.010694 Foxtrot: X-ray, sending you 4
2024-10-14 20:36:34.023020 Mike: Quebec and Foxtrot, sending you 1
2024-10-14 20:36:34.025728 Mike: Juliett and Whiskey, sending you 3
2024-10-14 20:36:34.030660 Quebec: Mike, sending you 3
2024-10-14 20:36:34.035668 Quebec: Juliett, Foxtrot and Whiskey, sending you 4
chatterbot Juliett submitting transactions
chatterbot Oscar submitting transactions
chatterbot Foxtrot submitting transactions
chatterbot Mike submitting transactions
chatterbot Whiskey submitting transactions
chatterbot Zulu submitting transactions
chatterbot Echo submitting transactions
chatterbot Yankee submitting transactions
chatterbot Quebec submitting transactions
chatterbot X-ray submitting transactions
ChatterBot Quebec round 13
ChatterBot Zulu round 13
ChatterBot Echo round 13
ChatterBot Mike round 13
ChatterBot Oscar round 13
2024-10-14 20:36:35.063944 Quebec: We should replace Mike with X-ray
2024-10-14 20:36:35.077730 Juliett: No
2024-10-14 20:36:35.077911 Foxtrot: No
2024-10-14 20:36:35.078049 Whiskey: No
ChatterBot Quebec reevaluating
ChatterBot Quebec reevaluating
ChatterBot Quebec reevaluating
ChatterBot Juliett round 13
ChatterBot Foxtrot round 13
ChatterBot Whiskey round 13
ChatterBot Yankee round 13
ChatterBot X-ray round 13
2024-10-14 20:36:35.123057 Zulu: We should add Quebec
2024-10-14 20:36:35.131591 Echo: No
2024-10-14 20:36:35.131807 Oscar: No
2024-10-14 20:36:35.132037 Yankee: No
ChatterBot Zulu reevaluating
ChatterBot Zulu reevaluating
ChatterBot Zulu reevaluating
2024-10-14 20:36:35.168757 Quebec: We should replace Whiskey with X-ray
ChatterBot Mike reevaluating
2024-10-14 20:36:35.179531 Mike: No
2024-10-14 20:36:35.179726 Juliett: No
2024-10-14 20:36:35.179883 Foxtrot: No
ChatterBot Quebec reevaluating
ChatterBot Quebec reevaluating
ChatterBot Mike reevaluating
ChatterBot Quebec reevaluating
ChatterBot Mike reevaluating
2024-10-14 20:36:35.232290 Zulu: We should add X-ray
2024-10-14 20:36:35.241885 Echo: Yes
2024-10-14 20:36:35.242060 Oscar: Yes
2024-10-14 20:36:35.242204 Yankee: Yes
ChatterBot Zulu reevaluating
ChatterBot Zulu reevaluating
ChatterBot Zulu reevaluating
ChatterBot Oscar reevaluating
2024-10-14 20:36:35.308061 Oscar: X-ray we want you to join our group
2024-10-14 20:36:35.314510 X-ray: No
ChatterBot Oscar reevaluating
ChatterBot Zulu reevaluating
2024-10-14 20:36:35.335750 Foxtrot: Quebec, Juliett, Whiskey and X-ray, sending you 3
2024-10-14 20:36:35.338361 Whiskey: Quebec, Juliett, Foxtrot and X-ray, sending you 3
2024-10-14 20:36:35.341212 Foxtrot: Mike, sending you 1
2024-10-14 20:36:35.343603 Echo: Zulu, sending you 4
2024-10-14 20:36:35.344989 Yankee: Zulu, sending you 6
2024-10-14 20:36:35.346384 Whiskey: Mike, sending you 2
2024-10-14 20:36:35.349117 X-ray: Quebec, Foxtrot and Whiskey, sending you 3
2024-10-14 20:36:35.351207 Mike: Quebec, sending you 2
2024-10-14 20:36:35.352698 Juliett: Quebec, Foxtrot and Whiskey, sending you 3
2024-10-14 20:36:35.355005 Echo: Oscar and Yankee, sending you 3
2024-10-14 20:36:35.356213 Quebec: Mike, sending you 3
2024-10-14 20:36:35.357651 Yankee: Echo, sending you 4
2024-10-14 20:36:35.358589 X-ray: Mike, sending you 1
2024-10-14 20:36:35.361339 Mike: Juliett and Whiskey, sending you 3
2024-10-14 20:36:35.362701 Juliett: Mike, sending you 2
2024-10-14 20:36:35.364756 Yankee: Oscar, sending you 5
2024-10-14 20:36:35.365509 Quebec: Juliett, Foxtrot and Whiskey, sending you 4
2024-10-14 20:36:35.367030 Zulu: Same as last round
2024-10-14 20:36:35.368314 X-ray: Juliett, sending you 4
2024-10-14 20:36:35.369674 Juliett: X-ray, sending you 5
chatterbot Echo submitting transactions
chatterbot Mike submitting transactions
chatterbot Quebec submitting transactions
chatterbot X-ray submitting transactions
chatterbot Oscar submitting transactions
chatterbot Foxtrot submitting transactions
chatterbot Whiskey submitting transactions
chatterbot Juliett submitting transactions
chatterbot Yankee submitting transactions
chatterbot Zulu submitting transactions
ChatterBot Quebec round 14
ChatterBot Zulu round 14
ChatterBot Echo round 14
ChatterBot Mike round 14
ChatterBot Oscar round 14
ChatterBot Juliett round 14
ChatterBot Foxtrot round 14
ChatterBot Whiskey round 14
ChatterBot Yankee round 14
ChatterBot X-ray round 14
2024-10-14 20:36:36.557063 Quebec: We should replace Mike with X-ray
2024-10-14 20:36:36.567754 Juliett: No
2024-10-14 20:36:36.568066 Foxtrot: No
2024-10-14 20:36:36.568334 Whiskey: No
ChatterBot Quebec reevaluating
ChatterBot Quebec reevaluating
ChatterBot Quebec reevaluating
2024-10-14 20:36:36.605357 Oscar: We should add X-ray
ChatterBot Yankee reevaluating
2024-10-14 20:36:36.621374 Zulu: Yes
2024-10-14 20:36:36.621562 Echo: Yes
2024-10-14 20:36:36.621732 Yankee: Yes
ChatterBot Echo reevaluating
ChatterBot Oscar reevaluating
ChatterBot Yankee reevaluating
ChatterBot Oscar reevaluating
ChatterBot Yankee reevaluating
ChatterBot Zulu reevaluating
ChatterBot Echo reevaluating
ChatterBot Oscar reevaluating
2024-10-14 20:36:36.700704 Zulu: X-ray we want you to join our group
2024-10-14 20:36:36.704529 X-ray: No
ChatterBot Oscar reevaluating
ChatterBot Zulu reevaluating
2024-10-14 20:36:36.719511 Echo: X-ray we want you to join our group
2024-10-14 20:36:36.723116 X-ray: No
ChatterBot Oscar reevaluating
ChatterBot Zulu reevaluating
2024-10-14 20:36:36.737675 Whiskey: Quebec, Juliett, Foxtrot and X-ray, sending you 3
2024-10-14 20:36:36.740882 X-ray: Quebec, sending you 2
2024-10-14 20:36:36.743665 Yankee: Zulu, sending you 6
2024-10-14 20:36:36.745061 Mike: Quebec and Juliett, sending you 2
2024-10-14 20:36:36.746432 Foxtrot: Quebec, Juliett and Whiskey, sending you 3
2024-10-14 20:36:36.749736 Oscar: X-ray we want you to join our group
2024-10-14 20:36:36.755708 X-ray: No
ChatterBot Oscar reevaluating
2024-10-14 20:36:36.773029 Whiskey: Mike, sending you 2
2024-10-14 20:36:36.775097 X-ray: Mike, sending you 1
2024-10-14 20:36:36.776610 Yankee: Echo, sending you 5
2024-10-14 20:36:36.777637 Mike: Foxtrot, sending you 1
