ChatterBot India round 1
ChatterBot Quebec round 1
ChatterBot Foxtrot round 1
ChatterBot Tango round 1
ChatterBot Kilo round 1
ChatterBot Oscar round 1
ChatterBot Juliett round 1
ChatterBot Delta round 1
ChatterBot Sierra round 1
ChatterBot Lima round 1
randomSelections Kilo: {Kilo, Foxtrot, Sierra, India, Juliett, Delta} 
2024-10-14 20:36:18.398915 Kilo: Friends?
ChatterBot Foxtrot reevaluating
ChatterBot Sierra reevaluating
ChatterBot India reevaluating
ChatterBot Juliett reevaluating
ChatterBot Delta reevaluating
2024-10-14 20:36:18.417318 Foxtrot: Yes
2024-10-14 20:36:18.417507 Sierra: Yes
2024-10-14 20:36:18.417666 India: Yes
2024-10-14 20:36:18.417815 Juliett: Yes
2024-10-14 20:36:18.417960 Delta: Yes
ChatterBot Sierra reevaluating
ChatterBot India reevaluating
ChatterBot Juliett reevaluating
ChatterBot Delta reevaluating
ChatterBot Foxtrot reevaluating
ChatterBot India reevaluating
ChatterBot Juliett reevaluating
ChatterBot Delta reevaluating
ChatterBot Foxtrot reevaluating
ChatterBot Sierra reevaluating
ChatterBot Juliett reevaluating
ChatterBot Delta reevaluating
ChatterBot Foxtrot reevaluating
ChatterBot Sierra reevaluating
ChatterBot India reevaluating
ChatterBot Delta reevaluating
ChatterBot Foxtrot reevaluating
ChatterBot Sierra reevaluating
ChatterBot India reevaluating
ChatterBot Juliett reevaluating
randomSelections Quebec: {Quebec, Lima, Delta, Tango, India, Kilo} 
2024-10-14 20:36:18.486389 Quebec: We should group up
ChatterBot Lima reevaluating
ChatterBot Delta reevaluating
ChatterBot Tango reevaluating
ChatterBot India reevaluating
2024-10-14 20:36:18.499346 Lima: Yes
2024-10-14 20:36:18.500001 Delta: No
2024-10-14 20:36:18.500146 Tango: Yes
2024-10-14 20:36:18.500280 India: No
2024-10-14 20:36:18.500425 Kilo: No
ChatterBot Delta reevaluating
ChatterBot Tango reevaluating
ChatterBot India reevaluating
ChatterBot Lima reevaluating
ChatterBot Tango reevaluating
ChatterBot India reevaluating
ChatterBot Lima reevaluating
ChatterBot Delta reevaluating
ChatterBot India reevaluating
ChatterBot Lima reevaluating
ChatterBot Delta reevaluating
ChatterBot Tango reevaluating
ChatterBot Lima reevaluating
ChatterBot Delta reevaluating
ChatterBot Tango reevaluating
ChatterBot India reevaluating
randomSelections Oscar: {Oscar, Foxtrot, Juliett, Tango} 
2024-10-14 20:36:18.541595 Oscar: We would work well together
ChatterBot Foxtrot reevaluating
ChatterBot Juliett reevaluating
ChatterBot Tango reevaluating
2024-10-14 20:36:18.546063 Foxtrot: No
2024-10-14 20:36:18.546176 Juliett: No
2024-10-14 20:36:18.546275 Tango: No
ChatterBot Juliett reevaluating
ChatterBot Tango reevaluating
ChatterBot Foxtrot reevaluating
ChatterBot Tango reevaluating
ChatterBot Foxtrot reevaluating
ChatterBot Juliett reevaluating
2024-10-14 20:36:18.579674 Delta: India, Foxtrot, Juliett and Sierra, sending you 1
2024-10-14 20:36:18.583910 Delta: Kilo, sending you 2
2024-10-14 20:36:18.585682 India: Kilo, Delta and Sierra, sending you 1
2024-10-14 20:36:18.586186 Juliett: India, sending you 2
2024-10-14 20:36:18.587131 Kilo: India, sending you 2
2024-10-14 20:36:18.587473 Sierra: India and Juliett, sending you 4
2024-10-14 20:36:18.587846 Oscar: Foxtrot and Juliett, sending you 5
2024-10-14 20:36:18.588128 Tango: India and Lima, sending you 1
2024-10-14 20:36:18.588925 Quebec: India, Tango and Kilo, sending you 3
2024-10-14 20:36:18.589752 India: Juliett, sending you 2
2024-10-14 20:36:18.590686 Lima: India, sending you 5
2024-10-14 20:36:18.591053 Juliett: Foxtrot, Delta and Sierra, sending you 4
2024-10-14 20:36:18.591698 Foxtrot: India, sending you 3
2024-10-14 20:36:18.592557 Kilo: Foxtrot, Juliett, Delta and Sierra, sending you 4
2024-10-14 20:36:18.592916 Sierra: Foxtrot, sending you 1
2024-10-14 20:36:18.593242 Quebec: Delta and Lima, sending you 2
2024-10-14 20:36:18.593944 Oscar: Tango, sending you 3
2024-10-14 20:36:18.594309 Tango: Quebec and Delta, sending you 2
2024-10-14 20:36:18.594704 Juliett: Kilo, sending you 3
2024-10-14 20:36:18.595697 Lima: Quebec and Tango, sending you 3
2024-10-14 20:36:18.596697 Foxtrot: Kilo, sending you 4
2024-10-14 20:36:18.597696 Sierra: Kilo and Delta, sending you 2
2024-10-14 20:36:18.599012 Tango: Kilo, sending you 3
2024-10-14 20:36:18.599460 Lima: Kilo and Delta, sending you 1
2024-10-14 20:36:18.599849 Foxtrot: Juliett and Delta, sending you 1
2024-10-14 20:36:18.603695 Foxtrot: Sierra, sending you 2
chatterbot Lima submitting transactions
chatterbot Oscar submitting transactions
chatterbot Tango submitting transactions
chatterbot Delta submitting transactions
chatterbot India submitting transactions
chatterbot Kilo submitting transactions
chatterbot Foxtrot submitting transactions
chatterbot Sierra submitting transactions
chatterbot Quebec submitting transactions
chatterbot Juliett submitting transactions
ChatterBot India round 2
ChatterBot Quebec round 2
ChatterBot Foxtrot round 2
ChatterBot Tango round 2
ChatterBot Kilo round 2
ChatterBot Oscar round 2
ChatterBot Juliett round 2
ChatterBot Delta round 2
ChatterBot Sierra round 2
ChatterBot Lima round 2
2024-10-14 20:36:20.114885 Kilo: We should add Quebec
ChatterBot Foxtrot reevaluating
ChatterBot Sierra reevaluating
ChatterBot Juliett reevaluating
ChatterBot Delta reevaluating
2024-10-14 20:36:20.129864 Foxtrot: No
2024-10-14 20:36:20.130005 Sierra: No
2024-10-14 20:36:20.130109 India: No
2024-10-14 20:36:20.130220 Juliett: No
2024-10-14 20:36:20.130314 Delta: No
ChatterBot Sierra reevaluating
ChatterBot Juliett reevaluating
ChatterBot Delta reevaluating
ChatterBot Foxtrot reevaluating
ChatterBot Juliett reevaluating
ChatterBot Delta reevaluating
ChatterBot Kilo reevaluating
ChatterBot Foxtrot reevaluating
ChatterBot Sierra reevaluating
ChatterBot Juliett reevaluating
ChatterBot Delta reevaluating
ChatterBot Kilo reevaluating
ChatterBot Foxtrot reevaluating
ChatterBot Sierra reevaluating
ChatterBot Delta reevaluating
ChatterBot Kilo reevaluating
ChatterBot Foxtrot reevaluating
ChatterBot Sierra reevaluating
ChatterBot Juliett reevaluating
2024-10-14 20:36:20.214379 Quebec: Let's form a team
ChatterBot Tango reevaluating
ChatterBot Oscar reevaluating
ChatterBot Lima reevaluating
2024-10-14 20:36:20.226752 Tango: No
2024-10-14 20:36:20.226935 Oscar: No
2024-10-14 20:36:20.227070 Lima: No
2024-10-14 20:36:20.227209 India: No
ChatterBot Quebec reevaluating
ChatterBot Oscar reevaluating
ChatterBot Lima reevaluating
ChatterBot Quebec reevaluating
ChatterBot Tango reevaluating
ChatterBot Lima reevaluating
ChatterBot Quebec reevaluating
ChatterBot Tango reevaluating
ChatterBot Oscar reevaluating
ChatterBot Quebec reevaluating
ChatterBot Tango reevaluating
ChatterBot Oscar reevaluating
ChatterBot Lima reevaluating
2024-10-14 20:36:20.290201 Oscar: Let's form a team
ChatterBot Tango reevaluating
ChatterBot Quebec reevaluating
ChatterBot Lima reevaluating
2024-10-14 20:36:20.308228 Tango: Yes
2024-10-14 20:36:20.308812 Quebec: Yes
2024-10-14 20:36:20.308955 Lima: Yes
ChatterBot Quebec reevaluating
ChatterBot Oscar reevaluating
ChatterBot Lima reevaluating
ChatterBot Tango reevaluating
ChatterBot Oscar reevaluating
ChatterBot Lima reevaluating
ChatterBot Tango reevaluating
ChatterBot Quebec reevaluating
ChatterBot Oscar reevaluating
2024-10-14 20:36:20.391495 Kilo: We should add Tango
ChatterBot Foxtrot reevaluating
ChatterBot Sierra reevaluating
ChatterBot Juliett reevaluating
ChatterBot Delta reevaluating
2024-10-14 20:36:20.460538 Foxtrot: No
2024-10-14 20:36:20.460849 Sierra: No
2024-10-14 20:36:20.461040 India: No
2024-10-14 20:36:20.461236 Juliett: No
2024-10-14 20:36:20.461401 Delta: No
ChatterBot Kilo reevaluating
ChatterBot Sierra reevaluating
ChatterBot Juliett reevaluating
ChatterBot Delta reevaluating
ChatterBot Kilo reevaluating
ChatterBot Foxtrot reevaluating
ChatterBot Juliett reevaluating
ChatterBot Delta reevaluating
ChatterBot Kilo reevaluating
ChatterBot Foxtrot reevaluating
ChatterBot Sierra reevaluating
ChatterBot Juliett reevaluating
ChatterBot Delta reevaluating
ChatterBot Kilo reevaluating
ChatterBot Foxtrot reevaluating
ChatterBot Sierra reevaluating
ChatterBot Delta reevaluating
ChatterBot Kilo reevaluating
ChatterBot Foxtrot reevaluating
ChatterBot Sierra reevaluating
ChatterBot Juliett reevaluating
2024-10-14 20:36:20.783713 India: Foxtrot, Kilo, Juliett and Sierra, sending you 2
2024-10-14 20:36:20.784775 Kilo: Quebec we want you to join our group
2024-10-14 20:36:20.789569 Quebec: No
ChatterBot Kilo reevaluating
ChatterBot Foxtrot reevaluating
2024-10-14 20:36:20.820389 Juliett: Oscar we want you to join our group
2024-10-14 20:36:20.825805 Oscar: No
ChatterBot Kilo reevaluating
chatterbot India submitting transactions
2024-10-14 20:36:20.855862 India: Delta, sending you 1
2024-10-14 20:36:20.856343 Foxtrot: Oscar we want you to join our group
2024-10-14 20:36:20.861649 Oscar: No
ChatterBot Kilo reevaluating
2024-10-14 20:36:20.890107 Tango: Quebec, sending you 6
2024-10-14 20:36:20.890974 Oscar: Quebec, sending you 5
2024-10-14 20:36:20.891267 Delta: India and Sierra, sending you 1
2024-10-14 20:36:20.891729 Lima: Quebec, sending you 9
2024-10-14 20:36:20.892443 Sierra: India and Delta, sending you 2
2024-10-14 20:36:20.892868 Quebec: India and Oscar, sending you 2
2024-10-14 20:36:20.893764 Kilo: We should add Oscar
2024-10-14 20:36:20.916232 Foxtrot: Yes
2024-10-14 20:36:20.916888 Sierra: No
2024-10-14 20:36:20.917059 India: No
2024-10-14 20:36:20.917247 Juliett: Yes
2024-10-14 20:36:20.917424 Delta: No
ChatterBot Kilo reevaluating
ChatterBot Kilo reevaluating
ChatterBot Kilo reevaluating
ChatterBot Kilo reevaluating
ChatterBot Kilo reevaluating
ChatterBot Foxtrot reevaluating
2024-10-14 20:36:21.039221 Oscar: Tango and Lima, sending you 4
2024-10-14 20:36:21.040004 Tango: Oscar and Lima, sending you 5
2024-10-14 20:36:21.040363 Delta: Kilo and Juliett, sending you 2
2024-10-14 20:36:21.041374 Lima: Tango, sending you 4
2024-10-14 20:36:21.041703 Sierra: Foxtrot, Kilo and Juliett, sending you 3
2024-10-14 20:36:21.042593 Quebec: Tango and Lima, sending you 3
chatterbot Quebec submitting transactions
chatterbot Lima submitting transactions
chatterbot Tango submitting transactions
2024-10-14 20:36:21.053247 Juliett: India, Foxtrot, Kilo, Oscar and Sierra, sending you 3
2024-10-14 20:36:21.058333 Juliett: Delta, sending you 2
2024-10-14 20:36:21.062007 Foxtrot: India, Juliett, Delta and Sierra, sending you 2
2024-10-14 20:36:21.102047 Foxtrot: Kilo, sending you 3
chatterbot Juliett submitting transactions
2024-10-14 20:36:21.116395 Kilo: India, sending you 2
2024-10-14 20:36:21.144669 Kilo: Foxtrot, sending you 6
2024-10-14 20:36:21.176978 Kilo: Juliett, sending you 4
2024-10-14 20:36:21.207604 Kilo: Delta and Sierra, sending you 3
chatterbot Sierra submitting transactions
chatterbot Oscar submitting transactions
chatterbot Delta submitting transactions
chatterbot Kilo submitting transactions
chatterbot Foxtrot submitting transactions
ChatterBot India round 3
ChatterBot Quebec round 3
ChatterBot Foxtrot round 3
ChatterBot Tango round 3
ChatterBot Kilo round 3
ChatterBot Oscar round 3
ChatterBot Juliett round 3
ChatterBot Delta round 3
ChatterBot Sierra round 3
ChatterBot Lima round 3
2024-10-14 20:36:22.420217 Juliett: We should drop Oscar
ChatterBot Foxtrot reevaluating
2024-10-14 20:36:22.443056 Kilo: Yes
2024-10-14 20:36:22.443302 Foxtrot: Yes
2024-10-14 20:36:22.443513 Sierra: Yes
2024-10-14 20:36:22.443643 India: Yes
2024-10-14 20:36:22.444257 Delta: Yes
ChatterBot Foxtrot reevaluating
ChatterBot Foxtrot reevaluating
ChatterBot Foxtrot reevaluating
ChatterBot Foxtrot reevaluating
2024-10-14 20:36:22.512721 Quebec: We should drop India
2024-10-14 20:36:22.520740 Tango: Yes
2024-10-14 20:36:22.520889 Oscar: Yes
2024-10-14 20:36:22.521429 Lima: Yes
2024-10-14 20:36:22.554879 India: Sending you each 2
2024-10-14 20:36:22.555327 Delta: India, Foxtrot, Juliett and Sierra, sending you 1
2024-10-14 20:36:22.562306 Lima: Quebec, sending you 4
2024-10-14 20:36:22.562603 Delta: Kilo, sending you 2
2024-10-14 20:36:22.565758 Kilo: India, Juliett, Delta and Sierra, sending you 1
2024-10-14 20:36:22.566186 Oscar: Quebec, sending you 4
2024-10-14 20:36:22.566424 Quebec: Sending you each 2
2024-10-14 20:36:22.567162 Tango: Quebec and Oscar, sending you 5
2024-10-14 20:36:22.567399 Lima: Tango, sending you 6
2024-10-14 20:36:22.567645 Juliett: India, Foxtrot and Delta, sending you 3
2024-10-14 20:36:22.568563 Sierra: India, Foxtrot, Kilo and Juliett, sending you 3
2024-10-14 20:36:22.568954 Kilo: Foxtrot, sending you 2
2024-10-14 20:36:22.632561 Foxtrot: India, Juliett, Delta and Sierra, sending you 2
2024-10-14 20:36:22.633276 Tango: Lima, sending you 6
2024-10-14 20:36:22.634103 Oscar: Tango, sending you 7
2024-10-14 20:36:22.634414 Lima: Oscar, sending you 3
2024-10-14 20:36:22.634671 Juliett: Kilo and Sierra, sending you 4
2024-10-14 20:36:22.635515 Sierra: Delta, sending you 1
2024-10-14 20:36:22.639159 Foxtrot: Kilo, sending you 3
2024-10-14 20:36:22.639678 Oscar: Lima, sending you 2
chatterbot Tango submitting transactions
chatterbot Oscar submitting transactions
chatterbot India submitting transactions
chatterbot Delta submitting transactions
chatterbot Kilo submitting transactions
chatterbot Quebec submitting transactions
chatterbot Foxtrot submitting transactions
chatterbot Juliett submitting transactions
chatterbot Lima submitting transactions
chatterbot Sierra submitting transactions
ChatterBot India round 4
ChatterBot Quebec round 4
ChatterBot Foxtrot round 4
ChatterBot Tango round 4
ChatterBot Kilo round 4
ChatterBot Oscar round 4
ChatterBot Juliett round 4
ChatterBot Delta round 4
ChatterBot Sierra round 4
ChatterBot Lima round 4
2024-10-14 20:36:23.670693 Tango: Quebec, sending you 4
2024-10-14 20:36:23.672723 Quebec: I was attacked by Kilo
ChatterBot Tango reevaluating
ChatterBot Oscar reevaluating
ChatterBot Lima reevaluating
2024-10-14 20:36:23.684238 Quebec: I'm keeping this round to protect myself
2024-10-14 20:36:23.685482 Quebec: Ow
2024-10-14 20:36:23.685880 Juliett: India, Foxtrot, Kilo and Delta, sending you 3
2024-10-14 20:36:23.689764 Juliett: Sierra, sending you 5
2024-10-14 20:36:23.690557 Delta: India, Foxtrot, Kilo and Sierra, sending you 1
2024-10-14 20:36:23.691163 Kilo: India, Juliett, Delta and Sierra, sending you 1
2024-10-14 20:36:23.692279 Foxtrot: India, Juliett, Delta and Sierra, sending you 2
2024-10-14 20:36:23.692893 India: Foxtrot, Kilo, Juliett and Delta, sending you 2
2024-10-14 20:36:23.693520 Sierra: India, Foxtrot, Kilo and Juliett, sending you 3
2024-10-14 20:36:23.694792 Delta: Juliett, sending you 2
2024-10-14 20:36:23.695682 Kilo: Foxtrot, sending you 2
2024-10-14 20:36:23.697118 India: Sierra, sending you 3
2024-10-14 20:36:23.698152 Foxtrot: Kilo, sending you 3
2024-10-14 20:36:23.698669 Sierra: Delta, sending you 1
2024-10-14 20:36:23.705942 Lima: Quebec, sending you 4
2024-10-14 20:36:23.706670 Oscar: Quebec, sending you 4
2024-10-14 20:36:23.709656 Oscar: Tango, sending you 6
2024-10-14 20:36:23.710665 Lima: Tango, sending you 6
2024-10-14 20:36:23.713676 Oscar: Lima, sending you 3
2024-10-14 20:36:23.715659 Lima: Oscar, sending you 3
chatterbot Kilo submitting transactions
chatterbot Foxtrot submitting transactions
chatterbot Delta submitting transactions
chatterbot Quebec submitting transactions
chatterbot Tango submitting transactions
chatterbot India submitting transactions
chatterbot Lima submitting transactions
chatterbot Sierra submitting transactions
chatterbot Oscar submitting transactions
chatterbot Juliett submitting transactions
ChatterBot India round 5
ChatterBot Quebec round 5
ChatterBot Foxtrot round 5
ChatterBot Tango round 5
ChatterBot Kilo round 5
ChatterBot Oscar round 5
ChatterBot Juliett round 5
ChatterBot Delta round 5
ChatterBot Sierra round 5
ChatterBot Lima round 5
2024-10-14 20:36:24.935694 India: Foxtrot, Kilo, Juliett and Delta, sending you 2
2024-10-14 20:36:24.939707 India: Sierra, sending you 3
2024-10-14 20:36:24.940981 Kilo: India and Delta, sending you 3
2024-10-14 20:36:24.944680 Foxtrot: India, Juliett, Delta and Sierra, sending you 2
2024-10-14 20:36:24.945223 Kilo: Foxtrot, Juliett and Sierra, sending you 4
2024-10-14 20:36:24.945704 Lima: Quebec, sending you 2
2024-10-14 20:36:24.946091 Quebec: I was attacked by Kilo
ChatterBot Tango reevaluating
ChatterBot Oscar reevaluating
ChatterBot Lima reevaluating
2024-10-14 20:36:24.955480 Quebec: I'm keeping this round to protect myself
2024-10-14 20:36:24.956083 Quebec: Ow
2024-10-14 20:36:24.956388 Juliett: India, Foxtrot, Kilo and Delta, sending you 3
2024-10-14 20:36:24.956929 Foxtrot: Kilo, sending you 3
2024-10-14 20:36:24.959696 Delta: India, Foxtrot, Kilo and Sierra, sending you 1
2024-10-14 20:36:24.960311 Sierra: India, Foxtrot, Kilo and Juliett, sending you 3
2024-10-14 20:36:24.961432 Juliett: Sierra, sending you 5
2024-10-14 20:36:24.964177 Delta: Juliett, sending you 2
2024-10-14 20:36:24.964761 Sierra: Delta, sending you 1
2024-10-14 20:36:24.985657 Oscar: Quebec, sending you 3
2024-10-14 20:36:24.989700 Oscar: Tango, sending you 6
2024-10-14 20:36:24.992661 Oscar: Lima, sending you 4
chatterbot Juliett submitting transactions
chatterbot Lima submitting transactions
chatterbot Delta submitting transactions
chatterbot India submitting transactions
chatterbot Foxtrot submitting transactions
chatterbot Quebec submitting transactions
chatterbot Kilo submitting transactions
chatterbot Sierra submitting transactions
chatterbot Tango submitting transactions
chatterbot Oscar submitting transactions
ChatterBot India round 6
ChatterBot Quebec round 6
ChatterBot Foxtrot round 6
ChatterBot Tango round 6
ChatterBot Kilo round 6
ChatterBot Oscar round 6
ChatterBot Juliett round 6
ChatterBot Delta round 6
ChatterBot Sierra round 6
ChatterBot Lima round 6
2024-10-14 20:36:26.235977 India: Foxtrot, Kilo, Juliett and Delta, sending you 2
2024-10-14 20:36:26.240709 India: Sierra, sending you 4
2024-10-14 20:36:26.241693 Kilo: India and Delta, sending you 3
2024-10-14 20:36:26.243671 Oscar: Quebec, sending you 3
2024-10-14 20:36:26.244026 Delta: India, Foxtrot, Kilo and Sierra, sending you 1
2024-10-14 20:36:26.246666 Kilo: Foxtrot, Juliett and Sierra, sending you 4
2024-10-14 20:36:26.247684 Oscar: Tango, sending you 6
2024-10-14 20:36:26.248496 Delta: Juliett, sending you 2
2024-10-14 20:36:26.249217 Juliett: India, Foxtrot, Kilo and Delta, sending you 3
2024-10-14 20:36:26.250683 Oscar: Lima, sending you 4
2024-10-14 20:36:26.252691 Foxtrot: India, Juliett, Delta and Sierra, sending you 2
2024-10-14 20:36:26.254845 Juliett: Sierra, sending you 5
2024-10-14 20:36:26.255427 Sierra: India, Foxtrot, Kilo and Juliett, sending you 3
2024-10-14 20:36:26.256694 Foxtrot: Kilo, sending you 3
2024-10-14 20:36:26.260666 Sierra: Delta, sending you 1
chatterbot Kilo submitting transactions
chatterbot Delta submitting transactions
chatterbot Quebec submitting transactions
chatterbot India submitting transactions
chatterbot Tango submitting transactions
chatterbot Juliett submitting transactions
chatterbot Sierra submitting transactions
chatterbot Foxtrot submitting transactions
chatterbot Lima submitting transactions
chatterbot Oscar submitting transactions
ChatterBot India round 7
ChatterBot Quebec round 7
ChatterBot Foxtrot round 7
ChatterBot Tango round 7
ChatterBot Kilo round 7
ChatterBot Oscar round 7
ChatterBot Juliett round 7
ChatterBot Delta round 7
ChatterBot Sierra round 7
ChatterBot Lima round 7
2024-10-14 20:36:27.491678 Quebec: Sending you each 2
2024-10-14 20:36:27.493672 Delta: India, Foxtrot, Kilo and Sierra, sending you 1
2024-10-14 20:36:27.495703 Juliett: India, Foxtrot and Delta, sending you 3
2024-10-14 20:36:27.498708 Delta: Juliett, sending you 2
2024-10-14 20:36:27.499493 India: Foxtrot, Kilo, Juliett and Sierra, sending you 3
2024-10-14 20:36:27.500439 Juliett: Kilo and Sierra, sending you 4
2024-10-14 20:36:27.501672 Oscar: Quebec, sending you 3
2024-10-14 20:36:27.502774 India: Delta, sending you 1
2024-10-14 20:36:27.503681 Foxtrot: India, Juliett, Delta and Sierra, sending you 2
2024-10-14 20:36:27.504676 Kilo: India, Juliett, Delta and Sierra, sending you 1
2024-10-14 20:36:27.506114 Oscar: Tango, sending you 6
2024-10-14 20:36:27.506703 Foxtrot: Kilo, sending you 3
2024-10-14 20:36:27.507997 Sierra: India, Foxtrot, Kilo and Juliett, sending you 3
2024-10-14 20:36:27.508985 Oscar: Lima, sending you 4
2024-10-14 20:36:27.509689 Kilo: Foxtrot, sending you 2
2024-10-14 20:36:27.511671 Sierra: Delta, sending you 1
chatterbot Oscar submitting transactions
chatterbot Quebec submitting transactions
chatterbot Lima submitting transactions
chatterbot Delta submitting transactions
chatterbot Juliett submitting transactions
chatterbot Kilo submitting transactions
chatterbot Sierra submitting transactions
chatterbot India submitting transactions
chatterbot Foxtrot submitting transactions
chatterbot Tango submitting transactions
ChatterBot India round 8
ChatterBot Quebec round 8
ChatterBot Foxtrot round 8
ChatterBot Tango round 8
ChatterBot Kilo round 8
ChatterBot Oscar round 8
ChatterBot Juliett round 8
ChatterBot Delta round 8
ChatterBot Sierra round 8
ChatterBot Lima round 8
2024-10-14 20:36:28.712109 Quebec: We should add Sierra
ChatterBot Tango reevaluating
ChatterBot Lima reevaluating
2024-10-14 20:36:28.725686 Tango: No
2024-10-14 20:36:28.725858 Oscar: No
2024-10-14 20:36:28.726001 Lima: No
ChatterBot Quebec reevaluating
ChatterBot Lima reevaluating
ChatterBot Tango reevaluating
ChatterBot Quebec reevaluating
ChatterBot Lima reevaluating
ChatterBot Tango reevaluating
ChatterBot Quebec reevaluating
2024-10-14 20:36:28.780244 Juliett: We should add Lima
ChatterBot Kilo reevaluating
ChatterBot India reevaluating
2024-10-14 20:36:28.803311 Kilo: Yes
2024-10-14 20:36:28.803517 Foxtrot: No
2024-10-14 20:36:28.803734 Sierra: No
2024-10-14 20:36:28.804554 India: No
2024-10-14 20:36:28.804733 Delta: No
ChatterBot Foxtrot reevaluating
ChatterBot India reevaluating
ChatterBot Kilo reevaluating
ChatterBot India reevaluating
ChatterBot Kilo reevaluating
ChatterBot Foxtrot reevaluating
ChatterBot India reevaluating
ChatterBot Kilo reevaluating
ChatterBot Foxtrot reevaluating
ChatterBot Kilo reevaluating
ChatterBot Foxtrot reevaluating
ChatterBot India reevaluating
ChatterBot Juliett reevaluating
2024-10-14 20:36:28.898853 Quebec: We should add Delta
ChatterBot Tango reevaluating
ChatterBot Lima reevaluating
2024-10-14 20:36:28.913487 Tango: No
2024-10-14 20:36:28.913686 Oscar: No
2024-10-14 20:36:28.913847 Lima: No
ChatterBot Quebec reevaluating
ChatterBot Lima reevaluating
ChatterBot Tango reevaluating
ChatterBot Quebec reevaluating
ChatterBot Lima reevaluating
ChatterBot Tango reevaluating
ChatterBot Quebec reevaluating
2024-10-14 20:36:28.941521 Juliett: We should add Oscar
ChatterBot Kilo reevaluating
ChatterBot Foxtrot reevaluating
ChatterBot India reevaluating
2024-10-14 20:36:28.956326 Kilo: No
2024-10-14 20:36:28.956507 Foxtrot: No
2024-10-14 20:36:28.956662 Sierra: No
2024-10-14 20:36:28.956826 India: No
2024-10-14 20:36:28.956950 Delta: No
ChatterBot Foxtrot reevaluating
ChatterBot India reevaluating
ChatterBot Juliett reevaluating
ChatterBot Kilo reevaluating
ChatterBot India reevaluating
ChatterBot Juliett reevaluating
ChatterBot Kilo reevaluating
ChatterBot Foxtrot reevaluating
ChatterBot India reevaluating
ChatterBot Juliett reevaluating
ChatterBot Kilo reevaluating
ChatterBot Foxtrot reevaluating
ChatterBot Juliett reevaluating
ChatterBot Kilo reevaluating
ChatterBot Foxtrot reevaluating
ChatterBot India reevaluating
ChatterBot Juliett reevaluating
2024-10-14 20:36:29.029200 Foxtrot: We should drop Delta
ChatterBot Juliett reevaluating
2024-10-14 20:36:29.041244 India: Yes
2024-10-14 20:36:29.041418 Kilo: No
2024-10-14 20:36:29.041555 Juliett: No
2024-10-14 20:36:29.041693 Sierra: No
ChatterBot Juliett reevaluating
ChatterBot Sierra reevaluating
ChatterBot Juliett reevaluating
ChatterBot Sierra reevaluating
ChatterBot Sierra reevaluating
ChatterBot India reevaluating
ChatterBot Juliett reevaluating
2024-10-14 20:36:29.092544 Juliett: We should add Quebec
ChatterBot Sierra reevaluating
ChatterBot India reevaluating
2024-10-14 20:36:29.105838 Kilo: No
2024-10-14 20:36:29.105972 Foxtrot: No
2024-10-14 20:36:29.106080 Sierra: No
2024-10-14 20:36:29.106187 India: No
2024-10-14 20:36:29.106306 Delta: No
ChatterBot Sierra reevaluating
ChatterBot India reevaluating
ChatterBot Juliett reevaluating
ChatterBot Kilo reevaluating
ChatterBot Sierra reevaluating
ChatterBot India reevaluating
ChatterBot Juliett reevaluating
ChatterBot Kilo reevaluating
ChatterBot Foxtrot reevaluating
ChatterBot India reevaluating
ChatterBot Juliett reevaluating
ChatterBot Kilo reevaluating
ChatterBot Foxtrot reevaluating
ChatterBot Sierra reevaluating
ChatterBot Juliett reevaluating
ChatterBot Kilo reevaluating
ChatterBot Foxtrot reevaluating
ChatterBot Sierra reevaluating
ChatterBot India reevaluating
ChatterBot Juliett reevaluating
2024-10-14 20:36:29.176311 Delta: India, Foxtrot, Kilo and Sierra, sending you 1
chatterbot Sierra submitting transactions
2024-10-14 20:36:29.179690 Oscar: Quebec, sending you 3
2024-10-14 20:36:29.181688 Delta: Juliett, sending you 2
2024-10-14 20:36:29.183361 Oscar: Tango, sending you 6
2024-10-14 20:36:29.188745 Oscar: Lima, sending you 4
2024-10-14 20:36:29.197119 Juliett: India, Foxtrot, Kilo and Delta, sending you 3
2024-10-14 20:36:29.198687 Kilo: India, sending you 3
2024-10-14 20:36:29.203098 Juliett: Sierra, sending you 5
2024-10-14 20:36:29.204362 Kilo: Foxtrot, sending you 5
2024-10-14 20:36:29.205269 India: Foxtrot, Kilo and Juliett, sending you 3
2024-10-14 20:36:29.208672 Kilo: Juliett and Sierra, sending you 4
2024-10-14 20:36:29.210669 India: Sierra, sending you 4
2024-10-14 20:36:29.214673 Kilo: Delta, sending you 2
chatterbot Tango submitting transactions
chatterbot Kilo submitting transactions
chatterbot India submitting transactions
chatterbot Lima submitting transactions
chatterbot Oscar submitting transactions
chatterbot Quebec submitting transactions
chatterbot Sierra submitting transactions
chatterbot Delta submitting transactions
chatterbot Foxtrot submitting transactions
chatterbot Juliett submitting transactions
ChatterBot India round 9
ChatterBot Quebec round 9
ChatterBot Foxtrot round 9
ChatterBot Tango round 9
ChatterBot Kilo round 9
ChatterBot Oscar round 9
ChatterBot Juliett round 9
ChatterBot Delta round 9
ChatterBot Sierra round 9
ChatterBot Lima round 9
2024-10-14 20:36:30.280355 India: We should add Delta
ChatterBot Foxtrot reevaluating
2024-10-14 20:36:30.290896 Foxtrot: Yes
2024-10-14 20:36:30.291069 Kilo: Yes
2024-10-14 20:36:30.291222 Juliett: Yes
2024-10-14 20:36:30.291353 Sierra: Yes
ChatterBot Foxtrot reevaluating
ChatterBot Foxtrot reevaluating
ChatterBot Foxtrot reevaluating
2024-10-14 20:36:30.327866 Quebec: We should add Juliett
ChatterBot Lima reevaluating
2024-10-14 20:36:30.333770 Tango: No
2024-10-14 20:36:30.333899 Oscar: No
2024-10-14 20:36:30.334019 Lima: Yes
ChatterBot Quebec reevaluating
ChatterBot Lima reevaluating
ChatterBot Quebec reevaluating
ChatterBot Lima reevaluating
ChatterBot Quebec reevaluating
ChatterBot Oscar reevaluating
2024-10-14 20:36:30.368394 India: Delta we want you to join our group
2024-10-14 20:36:30.371107 Delta: Yes
ChatterBot Foxtrot reevaluating
2024-10-14 20:36:30.382030 Quebec: We should add Foxtrot
ChatterBot Oscar reevaluating
ChatterBot Lima reevaluating
2024-10-14 20:36:30.388384 Tango: No
2024-10-14 20:36:30.388509 Oscar: No
2024-10-14 20:36:30.388619 Lima: No
ChatterBot Quebec reevaluating
ChatterBot Oscar reevaluating
ChatterBot Lima reevaluating
ChatterBot Quebec reevaluating
ChatterBot Lima reevaluating
ChatterBot Quebec reevaluating
ChatterBot Oscar reevaluating
2024-10-14 20:36:30.414662 Juliett: India, Foxtrot and Delta, sending you 3
2024-10-14 20:36:30.417695 Juliett: Kilo and Sierra, sending you 4
2024-10-14 20:36:30.420995 Kilo: I was attacked by Tango
ChatterBot Foxtrot reevaluating
ChatterBot Sierra reevaluating
ChatterBot India reevaluating
ChatterBot Juliett reevaluating
ChatterBot Delta reevaluating
2024-10-14 20:36:30.434754 Kilo: Ow
2024-10-14 20:36:30.439716 Oscar: Quebec and Lima, sending you 4
2024-10-14 20:36:30.443693 Oscar: Tango, sending you 5
2024-10-14 20:36:30.452664 Delta: India, Foxtrot, Kilo and Sierra, sending you 1
2024-10-14 20:36:30.458684 Delta: Juliett, sending you 2
2024-10-14 20:36:30.465665 India: Foxtrot, Kilo, Juliett and Sierra, sending you 3
2024-10-14 20:36:30.470676 India: Delta, sending you 1
chatterbot Quebec submitting transactions
chatterbot Kilo submitting transactions
chatterbot Foxtrot submitting transactions
chatterbot Lima submitting transactions
chatterbot Oscar submitting transactions
chatterbot Delta submitting transactions
chatterbot Tango submitting transactions
chatterbot Juliett submitting transactions
chatterbot Sierra submitting transactions
chatterbot India submitting transactions
ChatterBot India round 10
ChatterBot Quebec round 10
ChatterBot Foxtrot round 10
ChatterBot Tango round 10
ChatterBot Kilo round 10
ChatterBot Oscar round 10
ChatterBot Juliett round 10
ChatterBot Delta round 10
ChatterBot Sierra round 10
2024-10-14 20:36:31.669988 Quebec: We should add Juliett
ChatterBot Oscar reevaluating
2024-10-14 20:36:31.676357 Tango: No
2024-10-14 20:36:31.676513 Oscar: Yes
2024-10-14 20:36:31.676643 Lima: No
ChatterBot Quebec reevaluating
ChatterBot Oscar reevaluating
ChatterBot Quebec reevaluating
ChatterBot Quebec reevaluating
ChatterBot Oscar reevaluating
ChatterBot Lima round 10
2024-10-14 20:36:31.724496 India: We should drop Kilo
ChatterBot Foxtrot reevaluating
ChatterBot Juliett reevaluating
ChatterBot Sierra reevaluating
2024-10-14 20:36:31.737506 Foxtrot: No
2024-10-14 20:36:31.737689 Juliett: No
2024-10-14 20:36:31.737892 Delta: No
2024-10-14 20:36:31.738052 Sierra: Yes
ChatterBot India reevaluating
ChatterBot Juliett reevaluating
ChatterBot Sierra reevaluating
ChatterBot India reevaluating
ChatterBot Foxtrot reevaluating
ChatterBot Sierra reevaluating
ChatterBot India reevaluating
ChatterBot Foxtrot reevaluating
ChatterBot Juliett reevaluating
ChatterBot Sierra reevaluating
ChatterBot India reevaluating
ChatterBot Foxtrot reevaluating
ChatterBot Juliett reevaluating
2024-10-14 20:36:31.797670 Oscar: Quebec, sending you 3
2024-10-14 20:36:31.798800 Juliett: Lima we want you to join our group
2024-10-14 20:36:31.803473 Lima: No
ChatterBot Juliett reevaluating
ChatterBot India reevaluating
ChatterBot Foxtrot reevaluating
ChatterBot Sierra reevaluating
2024-10-14 20:36:31.826830 Juliett: We should add Oscar
ChatterBot Foxtrot reevaluating
ChatterBot Sierra reevaluating
ChatterBot India reevaluating
2024-10-14 20:36:31.844664 Kilo: No
2024-10-14 20:36:31.844827 Foxtrot: No
2024-10-14 20:36:31.844947 Sierra: No
2024-10-14 20:36:31.845058 India: No
2024-10-14 20:36:31.845181 Delta: No
ChatterBot Foxtrot reevaluating
ChatterBot Sierra reevaluating
ChatterBot India reevaluating
ChatterBot Juliett reevaluating
ChatterBot Sierra reevaluating
ChatterBot India reevaluating
ChatterBot Juliett reevaluating
ChatterBot Foxtrot reevaluating
ChatterBot India reevaluating
ChatterBot Juliett reevaluating
ChatterBot Foxtrot reevaluating
ChatterBot Sierra reevaluating
ChatterBot Juliett reevaluating
ChatterBot Foxtrot reevaluating
ChatterBot Sierra reevaluating
ChatterBot India reevaluating
ChatterBot Juliett reevaluating
2024-10-14 20:36:31.909189 Kilo: Foxtrot, Juliett and Sierra, sending you 1
2024-10-14 20:36:31.909719 Kilo: I was attacked by Tango
ChatterBot Foxtrot reevaluating
ChatterBot Sierra reevaluating
ChatterBot India reevaluating
ChatterBot Juliett reevaluating
ChatterBot Delta reevaluating
2024-10-14 20:36:31.921502 Kilo: Ow
2024-10-14 20:36:31.922239 Oscar: Tango and Lima, sending you 5
2024-10-14 20:36:31.940675 Delta: India, Foxtrot, Kilo and Sierra, sending you 1
2024-10-14 20:36:31.942963 Juliett: India, Foxtrot, Kilo and Delta, sending you 3
2024-10-14 20:36:31.944319 India: Foxtrot, Juliett and Delta, sending you 3
2024-10-14 20:36:31.945683 Delta: Juliett, sending you 2
2024-10-14 20:36:31.948668 Juliett: Sierra, sending you 5
2024-10-14 20:36:31.949639 India: Sierra, sending you 4
chatterbot Lima submitting transactions
chatterbot Quebec submitting transactions
chatterbot Kilo submitting transactions
chatterbot Tango submitting transactions
chatterbot Sierra submitting transactions
chatterbot Foxtrot submitting transactions
chatterbot Oscar submitting transactions
chatterbot Juliett submitting transactions
chatterbot Delta submitting transactions
chatterbot India submitting transactions
ChatterBot India round 11
ChatterBot Quebec round 11
ChatterBot Foxtrot round 11
ChatterBot Tango round 11
ChatterBot Kilo round 11
ChatterBot Oscar round 11
ChatterBot Juliett round 11
2024-10-14 20:36:33.214553 Quebec: We should add Juliett
2024-10-14 20:36:33.224803 Tango: No
2024-10-14 20:36:33.225005 Oscar: No
2024-10-14 20:36:33.225147 Lima: No
ChatterBot Lima reevaluating
ChatterBot Quebec reevaluating
ChatterBot Lima reevaluating
ChatterBot Quebec reevaluating
ChatterBot Delta round 11
ChatterBot Sierra round 11
ChatterBot Lima round 11
2024-10-14 20:36:33.274342 India: We should add Kilo
ChatterBot Juliett reevaluating
2024-10-14 20:36:33.291495 Foxtrot: Yes
2024-10-14 20:36:33.292066 Juliett: Yes
2024-10-14 20:36:33.292234 Delta: Yes
2024-10-14 20:36:33.292385 Sierra: Yes
ChatterBot India reevaluating
ChatterBot Juliett reevaluating
ChatterBot Sierra reevaluating
ChatterBot India reevaluating
ChatterBot Foxtrot reevaluating
ChatterBot Sierra reevaluating
ChatterBot India reevaluating
ChatterBot Foxtrot reevaluating
ChatterBot Juliett reevaluating
ChatterBot Sierra reevaluating
ChatterBot India reevaluating
ChatterBot Foxtrot reevaluating
ChatterBot Juliett reevaluating
2024-10-14 20:36:33.475016 Juliett: Lima we want you to join our group
2024-10-14 20:36:33.478488 Lima: No
ChatterBot Juliett reevaluating
ChatterBot India reevaluating
ChatterBot Foxtrot reevaluating
2024-10-14 20:36:33.498677 India: Kilo we want you to join our group
2024-10-14 20:36:33.502959 Kilo: Yes
ChatterBot Foxtrot reevaluating
ChatterBot India reevaluating
ChatterBot Juliett reevaluating
2024-10-14 20:36:33.516435 Oscar: Quebec and Tango, sending you 4
2024-10-14 20:36:33.517003 Kilo: I was attacked by Tango
ChatterBot Foxtrot reevaluating
ChatterBot Sierra reevaluating
ChatterBot India reevaluating
ChatterBot Juliett reevaluating
ChatterBot Delta reevaluating
2024-10-14 20:36:33.529667 Kilo: I'm keeping this round to protect myself
2024-10-14 20:36:33.531073 Kilo: Ow
2024-10-14 20:36:33.532031 Oscar: Lima, sending you 5
2024-10-14 20:36:33.535673 Quebec: Sending you each 2
2024-10-14 20:36:33.554993 Delta: India, Foxtrot, Kilo and Sierra, sending you 1
2024-10-14 20:36:33.563665 Delta: Juliett, sending you 2
2024-10-14 20:36:33.568268 Juliett: India, Foxtrot, Kilo, Delta and Sierra, sending you 3
2024-10-14 20:36:33.569040 India: Foxtrot, Juliett and Sierra, sending you 3
2024-10-14 20:36:33.573820 Juliett: Lima, sending you 2
2024-10-14 20:36:33.575684 India: Kilo and Delta, sending you 2
chatterbot Delta submitting transactions
chatterbot Kilo submitting transactions
chatterbot Quebec submitting transactions
chatterbot Sierra submitting transactions
chatterbot Foxtrot submitting transactions
chatterbot Tango submitting transactions
chatterbot Lima submitting transactions
chatterbot India submitting transactions
chatterbot Oscar submitting transactions
chatterbot Juliett submitting transactions
ChatterBot India round 12
ChatterBot Quebec round 12
ChatterBot Foxtrot round 12
ChatterBot Tango round 12
ChatterBot Kilo round 12
ChatterBot Oscar round 12
ChatterBot Juliett round 12
ChatterBot Delta round 12
ChatterBot Sierra round 12
ChatterBot Lima round 12
2024-10-14 20:36:34.897679 Kilo: India, Foxtrot, Juliett and Sierra, sending you 1
2024-10-14 20:36:34.900510 Oscar: Quebec and Tango, sending you 4
2024-10-14 20:36:34.901425 India: Foxtrot, Juliett and Sierra, sending you 3
2024-10-14 20:36:34.903370 Delta: India, Foxtrot, Kilo and Sierra, sending you 1
2024-10-14 20:36:34.906043 Quebec: Same as last round
2024-10-14 20:36:34.906752 Oscar: Lima, sending you 5
2024-10-14 20:36:34.907914 India: Kilo and Delta, sending you 2
2024-10-14 20:36:34.910955 Delta: Juliett, sending you 2
2024-10-14 20:36:34.913631 Juliett: India, Foxtrot, Kilo, Delta and Sierra, sending you 3
2024-10-14 20:36:34.918690 Juliett: Lima, sending you 2
chatterbot Foxtrot submitting transactions
chatterbot Lima submitting transactions
chatterbot Kilo submitting transactions
chatterbot Juliett submitting transactions
chatterbot Delta submitting transactions
chatterbot Tango submitting transactions
chatterbot Oscar submitting transactions
chatterbot Quebec submitting transactions
chatterbot India submitting transactions
chatterbot Sierra submitting transactions
ChatterBot India round 13
ChatterBot Quebec round 13
ChatterBot Foxtrot round 13
ChatterBot Tango round 13
ChatterBot Kilo round 13
ChatterBot Oscar round 13
ChatterBot Juliett round 13
ChatterBot Delta round 13
2024-10-14 20:36:35.979605 Quebec: We should add Sierra
2024-10-14 20:36:35.999288 Tango: No
2024-10-14 20:36:35.999522 Oscar: No
2024-10-14 20:36:35.999691 Lima: No
ChatterBot Quebec reevaluating
ChatterBot Quebec reevaluating
ChatterBot Quebec reevaluating
ChatterBot Oscar reevaluating
2024-10-14 20:36:36.023458 Oscar: We should add Juliett
ChatterBot Quebec reevaluating
ChatterBot Lima reevaluating
2024-10-14 20:36:36.036256 Tango: No
2024-10-14 20:36:36.036527 Quebec: No
2024-10-14 20:36:36.037225 Lima: Yes
ChatterBot Quebec reevaluating
ChatterBot Oscar reevaluating
ChatterBot Lima reevaluating
ChatterBot Oscar reevaluating
ChatterBot Lima reevaluating
ChatterBot Quebec reevaluating
ChatterBot Oscar reevaluating
ChatterBot Sierra round 13
ChatterBot Lima round 13
2024-10-14 20:36:36.089552 Juliett: We should replace Lima with Oscar
ChatterBot Foxtrot reevaluating
ChatterBot Sierra reevaluating
2024-10-14 20:36:36.101271 Kilo: No
2024-10-14 20:36:36.101960 Foxtrot: No
2024-10-14 20:36:36.102163 Sierra: No
2024-10-14 20:36:36.102374 India: No
2024-10-14 20:36:36.102817 Delta: No
ChatterBot Foxtrot reevaluating
ChatterBot Sierra reevaluating
ChatterBot Juliett reevaluating
ChatterBot Sierra reevaluating
ChatterBot Juliett reevaluating
ChatterBot Foxtrot reevaluating
ChatterBot Juliett reevaluating
ChatterBot Foxtrot reevaluating
ChatterBot Sierra reevaluating
ChatterBot Juliett reevaluating
ChatterBot Foxtrot reevaluating
ChatterBot Sierra reevaluating
ChatterBot Juliett reevaluating
2024-10-14 20:36:36.214561 Quebec: Juliett we want you to join our group
ChatterBot Juliett reevaluating
2024-10-14 20:36:36.221983 Juliett: No
ChatterBot Quebec reevaluating
ChatterBot Oscar reevaluating
2024-10-14 20:36:36.243739 Kilo: India, sending you 2
2024-10-14 20:36:36.246178 India: Foxtrot, Juliett and Sierra, sending you 3
2024-10-14 20:36:36.248685 Kilo: Foxtrot, Juliett and Sierra, sending you 3
2024-10-14 20:36:36.253178 India: Kilo and Delta, sending you 2
2024-10-14 20:36:36.254197 Delta: India, Foxtrot, Kilo and Sierra, sending you 1
2024-10-14 20:36:36.255953 Oscar: Quebec, sending you 3
2024-10-14 20:36:36.260661 Delta: Juliett, sending you 2
2024-10-14 20:36:36.262548 Oscar: Tango and Lima, sending you 5
2024-10-14 20:36:36.268714 Quebec: Tango, Oscar, Juliett and Lima, sending you 2
2024-10-14 20:36:36.270706 Juliett: India, Foxtrot, Kilo, Delta and Sierra, sending you 3
2024-10-14 20:36:36.276686 Juliett: Lima, sending you 2
chatterbot India submitting transactions
chatterbot Foxtrot submitting transactions
chatterbot Quebec submitting transactions
chatterbot Tango submitting transactions
chatterbot Oscar submitting transactions
chatterbot Kilo submitting transactions
chatterbot Delta submitting transactions
