ChatterBot Quebec round 1
ChatterBot Kilo round 1
ChatterBot Foxtrot round 1
ChatterBot Whiskey round 1
ChatterBot Zulu round 1
ChatterBot India round 1
ChatterBot Juliett round 1
ChatterBot Lima round 1
ChatterBot Papa round 1
ChatterBot Delta round 1
randomSelections Kilo: {Kilo, Foxtrot, Quebec, Lima, India, Delta, Whiskey} 
2024-10-14 20:36:18.058116 Kilo: We should group up
ChatterBot Foxtrot reevaluating
ChatterBot Quebec reevaluating
ChatterBot Lima reevaluating
ChatterBot India reevaluating
ChatterBot Delta reevaluating
ChatterBot Whiskey reevaluating
2024-10-14 20:36:18.145276 Foxtrot: Yes
2024-10-14 20:36:18.145482 Quebec: Yes
2024-10-14 20:36:18.145740 Lima: Yes
2024-10-14 20:36:18.146219 India: Yes
2024-10-14 20:36:18.146362 Delta: Yes
2024-10-14 20:36:18.147173 Whiskey: Yes
ChatterBot Quebec reevaluating
ChatterBot Lima reevaluating
ChatterBot India reevaluating
ChatterBot Delta reevaluating
ChatterBot Whiskey reevaluating
ChatterBot Foxtrot reevaluating
ChatterBot Lima reevaluating
ChatterBot India reevaluating
ChatterBot Delta reevaluating
ChatterBot Whiskey reevaluating
ChatterBot Foxtrot reevaluating
ChatterBot Quebec reevaluating
ChatterBot India reevaluating
ChatterBot Delta reevaluating
ChatterBot Whiskey reevaluating
ChatterBot Foxtrot reevaluating
ChatterBot Quebec reevaluating
ChatterBot Lima reevaluating
ChatterBot Delta reevaluating
ChatterBot Whiskey reevaluating
ChatterBot Foxtrot reevaluating
ChatterBot Quebec reevaluating
ChatterBot Lima reevaluating
ChatterBot India reevaluating
ChatterBot Whiskey reevaluating
ChatterBot Foxtrot reevaluating
ChatterBot Quebec reevaluating
ChatterBot Lima reevaluating
ChatterBot India reevaluating
ChatterBot Delta reevaluating
randomSelections Juliett: {Juliett, Foxtrot, Delta, Lima, Quebec, Whiskey, Kilo, Papa} 
2024-10-14 20:36:18.209703 Juliett: Group up?
ChatterBot Foxtrot reevaluating
ChatterBot Delta reevaluating
ChatterBot Lima reevaluating
ChatterBot Quebec reevaluating
ChatterBot Whiskey reevaluating
ChatterBot Papa reevaluating
2024-10-14 20:36:18.220016 Foxtrot: No
2024-10-14 20:36:18.220227 Delta: No
2024-10-14 20:36:18.221039 Lima: No
2024-10-14 20:36:18.221171 Quebec: No
2024-10-14 20:36:18.221336 Whiskey: No
2024-10-14 20:36:18.221509 Kilo: No
2024-10-14 20:36:18.221681 Papa: Yes
ChatterBot Delta reevaluating
ChatterBot Lima reevaluating
ChatterBot Quebec reevaluating
ChatterBot Whiskey reevaluating
ChatterBot Papa reevaluating
ChatterBot Foxtrot reevaluating
ChatterBot Lima reevaluating
ChatterBot Quebec reevaluating
ChatterBot Whiskey reevaluating
ChatterBot Papa reevaluating
ChatterBot Foxtrot reevaluating
ChatterBot Delta reevaluating
ChatterBot Quebec reevaluating
ChatterBot Whiskey reevaluating
ChatterBot Papa reevaluating
ChatterBot Foxtrot reevaluating
ChatterBot Delta reevaluating
ChatterBot Lima reevaluating
ChatterBot Whiskey reevaluating
ChatterBot Papa reevaluating
ChatterBot Foxtrot reevaluating
ChatterBot Delta reevaluating
ChatterBot Lima reevaluating
ChatterBot Quebec reevaluating
ChatterBot Papa reevaluating
ChatterBot Foxtrot reevaluating
ChatterBot Delta reevaluating
ChatterBot Lima reevaluating
ChatterBot Quebec reevaluating
ChatterBot Whiskey reevaluating
ChatterBot Papa reevaluating
ChatterBot Foxtrot reevaluating
ChatterBot Delta reevaluating
ChatterBot Lima reevaluating
ChatterBot Quebec reevaluating
ChatterBot Whiskey reevaluating
randomSelections Zulu: {Zulu, Foxtrot} 
2024-10-14 20:36:18.314540 Zulu: Group up?
ChatterBot Foxtrot reevaluating
2024-10-14 20:36:18.316434 Foxtrot: No
2024-10-14 20:36:18.332116 Whiskey: Quebec and India, sending you 3
2024-10-14 20:36:18.333757 Papa: Quebec, Kilo, Whiskey and Juliett, sending you 2
2024-10-14 20:36:18.336739 Kilo: Quebec, Foxtrot and India, sending you 2
2024-10-14 20:36:18.338857 Juliett: Quebec, sending you 4
2024-10-14 20:36:18.339728 Whiskey: Kilo and Foxtrot, sending you 1
2024-10-14 20:36:18.341973 Papa: Foxtrot, sending you 1
2024-10-14 20:36:18.342724 Quebec: Kilo, Whiskey and India, sending you 3
2024-10-14 20:36:18.344915 Lima: Quebec, Kilo, Foxtrot and India, sending you 1
2024-10-14 20:36:18.345327 Juliett: Kilo, sending you 3
2024-10-14 20:36:18.345709 Kilo: Whiskey and Lima, sending you 3
2024-10-14 20:36:18.346034 Whiskey: Lima, sending you 2
2024-10-14 20:36:18.347436 Delta: Quebec, Kilo and Lima, sending you 2
2024-10-14 20:36:18.348036 India: Quebec and Foxtrot, sending you 1
2024-10-14 20:36:18.348472 Papa: Delta, sending you 3
2024-10-14 20:36:18.350256 Lima: Whiskey, sending you 2
2024-10-14 20:36:18.350734 Foxtrot: Quebec and Lima, sending you 1
2024-10-14 20:36:18.351202 Quebec: Foxtrot and Delta, sending you 1
2024-10-14 20:36:18.352564 Juliett: Foxtrot and Delta, sending you 2
2024-10-14 20:36:18.353036 Kilo: Delta, sending you 4
2024-10-14 20:36:18.353461 Zulu: Sending you 13
2024-10-14 20:36:18.353778 Delta: Foxtrot, sending you 1
2024-10-14 20:36:18.355409 India: Kilo, Whiskey and Lima, sending you 3
2024-10-14 20:36:18.355829 Lima: Delta, sending you 5
2024-10-14 20:36:18.356211 Foxtrot: Whiskey, sending you 2
2024-10-14 20:36:18.356624 Quebec: Lima, sending you 5
2024-10-14 20:36:18.358009 Juliett: Whiskey and Papa, sending you 1
2024-10-14 20:36:18.358664 Delta: Whiskey, sending you 4
2024-10-14 20:36:18.360335 India: Delta, sending you 2
2024-10-14 20:36:18.363015 Juliett: Lima, sending you 5
chatterbot Quebec submitting transactions
chatterbot India submitting transactions
chatterbot Juliett submitting transactions
chatterbot Foxtrot submitting transactions
chatterbot Papa submitting transactions
chatterbot Whiskey submitting transactions
chatterbot Kilo submitting transactions
chatterbot Zulu submitting transactions
chatterbot Delta submitting transactions
chatterbot Lima submitting transactions
ChatterBot Quebec round 2
ChatterBot Kilo round 2
ChatterBot Foxtrot round 2
ChatterBot Whiskey round 2
ChatterBot Zulu round 2
ChatterBot India round 2
ChatterBot Juliett round 2
ChatterBot Lima round 2
ChatterBot Papa round 2
ChatterBot Delta round 2
2024-10-14 20:36:20.115401 Whiskey: Friends?
ChatterBot Quebec reevaluating
ChatterBot Kilo reevaluating
ChatterBot India reevaluating
ChatterBot Juliett reevaluating
ChatterBot Lima reevaluating
ChatterBot Delta reevaluating
ChatterBot Papa reevaluating
2024-10-14 20:36:20.160309 Quebec: Yes
2024-10-14 20:36:20.160886 Kilo: Yes
2024-10-14 20:36:20.161067 India: No
2024-10-14 20:36:20.161218 Juliett: Yes
2024-10-14 20:36:20.161357 Lima: No
2024-10-14 20:36:20.161512 Delta: Yes
2024-10-14 20:36:20.161668 Papa: Yes
ChatterBot Kilo reevaluating
ChatterBot India reevaluating
ChatterBot Juliett reevaluating
ChatterBot Lima reevaluating
ChatterBot Delta reevaluating
ChatterBot Papa reevaluating
ChatterBot Quebec reevaluating
ChatterBot India reevaluating
ChatterBot Juliett reevaluating
ChatterBot Lima reevaluating
ChatterBot Delta reevaluating
ChatterBot Papa reevaluating
ChatterBot Quebec reevaluating
ChatterBot Kilo reevaluating
ChatterBot Juliett reevaluating
ChatterBot Lima reevaluating
ChatterBot Delta reevaluating
ChatterBot Papa reevaluating
ChatterBot Quebec reevaluating
ChatterBot Kilo reevaluating
ChatterBot India reevaluating
ChatterBot Lima reevaluating
ChatterBot Delta reevaluating
ChatterBot Papa reevaluating
ChatterBot Quebec reevaluating
2024-10-14 20:36:20.356265 Kilo: Let's form a team
ChatterBot Kilo reevaluating
ChatterBot India reevaluating
ChatterBot Juliett reevaluating
ChatterBot Delta reevaluating
ChatterBot Papa reevaluating
ChatterBot Quebec reevaluating
ChatterBot Kilo reevaluating
ChatterBot India reevaluating
ChatterBot Juliett reevaluating
ChatterBot Lima reevaluating
ChatterBot Papa reevaluating
ChatterBot Quebec reevaluating
ChatterBot Kilo reevaluating
ChatterBot India reevaluating
ChatterBot Juliett reevaluating
ChatterBot Lima reevaluating
ChatterBot Delta reevaluating
ChatterBot Delta reevaluating
ChatterBot Papa reevaluating
ChatterBot Quebec reevaluating
ChatterBot India reevaluating
ChatterBot Juliett reevaluating
ChatterBot Lima reevaluating
2024-10-14 20:36:20.574191 Delta: Yes
2024-10-14 20:36:20.574531 Papa: Yes
2024-10-14 20:36:20.575592 Whiskey: Yes
2024-10-14 20:36:20.575773 Quebec: Yes
2024-10-14 20:36:20.576004 India: Yes
2024-10-14 20:36:20.576395 Juliett: Yes
2024-10-14 20:36:20.577224 Lima: No
ChatterBot Quebec reevaluating
ChatterBot Kilo reevaluating
ChatterBot India reevaluating
ChatterBot Juliett reevaluating
ChatterBot Lima reevaluating
ChatterBot Papa reevaluating
ChatterBot Quebec reevaluating
ChatterBot Kilo reevaluating
ChatterBot India reevaluating
ChatterBot Juliett reevaluating
ChatterBot Lima reevaluating
ChatterBot Delta reevaluating
ChatterBot Quebec reevaluating
ChatterBot Kilo reevaluating
ChatterBot India reevaluating
ChatterBot Juliett reevaluating
ChatterBot Lima reevaluating
ChatterBot Delta reevaluating
ChatterBot Papa reevaluating
ChatterBot Kilo reevaluating
ChatterBot India reevaluating
ChatterBot Juliett reevaluating
ChatterBot Lima reevaluating
ChatterBot Delta reevaluating
ChatterBot Papa reevaluating
ChatterBot Quebec reevaluating
ChatterBot Kilo reevaluating
ChatterBot Juliett reevaluating
ChatterBot Lima reevaluating
ChatterBot Delta reevaluating
ChatterBot Papa reevaluating
ChatterBot Quebec reevaluating
ChatterBot Kilo reevaluating
ChatterBot India reevaluating
ChatterBot Lima reevaluating
ChatterBot Delta reevaluating
ChatterBot Papa reevaluating
ChatterBot Quebec reevaluating
ChatterBot Kilo reevaluating
ChatterBot India reevaluating
ChatterBot Juliett reevaluating
ChatterBot Delta reevaluating
ChatterBot Papa reevaluating
2024-10-14 20:36:20.808398 Foxtrot: We should add Zulu and Juliett
ChatterBot Kilo reevaluating
ChatterBot Quebec reevaluating
ChatterBot Lima reevaluating
ChatterBot India reevaluating
ChatterBot Delta reevaluating
2024-10-14 20:36:20.832792 Kilo: No
2024-10-14 20:36:20.832936 Quebec: No
2024-10-14 20:36:20.833515 Lima: No
2024-10-14 20:36:20.833629 India: No
2024-10-14 20:36:20.833748 Delta: No
2024-10-14 20:36:20.833842 Whiskey: No
ChatterBot Foxtrot reevaluating
ChatterBot Quebec reevaluating
ChatterBot Lima reevaluating
ChatterBot India reevaluating
ChatterBot Delta reevaluating
ChatterBot Kilo reevaluating
ChatterBot Foxtrot reevaluating
ChatterBot Lima reevaluating
ChatterBot India reevaluating
ChatterBot Delta reevaluating
ChatterBot Kilo reevaluating
ChatterBot Foxtrot reevaluating
ChatterBot Quebec reevaluating
ChatterBot India reevaluating
ChatterBot Delta reevaluating
ChatterBot Kilo reevaluating
ChatterBot Foxtrot reevaluating
ChatterBot Quebec reevaluating
ChatterBot Lima reevaluating
ChatterBot Delta reevaluating
ChatterBot Kilo reevaluating
ChatterBot Foxtrot reevaluating
ChatterBot Quebec reevaluating
ChatterBot Lima reevaluating
ChatterBot India reevaluating
ChatterBot Kilo reevaluating
ChatterBot Foxtrot reevaluating
ChatterBot Quebec reevaluating
ChatterBot Lima reevaluating
ChatterBot India reevaluating
ChatterBot Delta reevaluating
2024-10-14 20:36:21.004182 Papa: We should replace Foxtrot with India
ChatterBot Quebec reevaluating
ChatterBot Kilo reevaluating
ChatterBot Juliett reevaluating
ChatterBot Lima reevaluating
ChatterBot Delta reevaluating
2024-10-14 20:36:21.027657 Quebec: Yes
2024-10-14 20:36:21.027843 Kilo: Yes
2024-10-14 20:36:21.028544 Whiskey: Yes
2024-10-14 20:36:21.028757 Juliett: Yes
2024-10-14 20:36:21.028971 Lima: Yes
2024-10-14 20:36:21.029118 Delta: Yes
ChatterBot Papa reevaluating
ChatterBot Kilo reevaluating
ChatterBot Juliett reevaluating
ChatterBot Lima reevaluating
ChatterBot Delta reevaluating
ChatterBot Papa reevaluating
ChatterBot Quebec reevaluating
ChatterBot Juliett reevaluating
ChatterBot Lima reevaluating
ChatterBot Delta reevaluating
ChatterBot Papa reevaluating
ChatterBot Quebec reevaluating
ChatterBot Kilo reevaluating
ChatterBot Juliett reevaluating
ChatterBot Lima reevaluating
ChatterBot Delta reevaluating
ChatterBot Papa reevaluating
ChatterBot Quebec reevaluating
ChatterBot Kilo reevaluating
ChatterBot Lima reevaluating
ChatterBot Delta reevaluating
ChatterBot Papa reevaluating
ChatterBot Quebec reevaluating
ChatterBot Kilo reevaluating
ChatterBot Juliett reevaluating
ChatterBot Delta reevaluating
ChatterBot Papa reevaluating
ChatterBot Quebec reevaluating
ChatterBot Kilo reevaluating
ChatterBot Juliett reevaluating
ChatterBot Lima reevaluating
2024-10-14 20:36:21.219212 Juliett: India we want you to join our group
2024-10-14 20:36:21.235111 India: Yes
ChatterBot Kilo reevaluating
ChatterBot Juliett reevaluating
2024-10-14 20:36:21.358837 Kilo: We should replace Foxtrot with Juliett
2024-10-14 20:36:21.389962 Quebec: Yes
2024-10-14 20:36:21.390598 Whiskey: Yes
2024-10-14 20:36:21.391500 India: Yes
2024-10-14 20:36:21.391988 Lima: No
2024-10-14 20:36:21.392377 Delta: Yes
ChatterBot Kilo reevaluating
ChatterBot Kilo reevaluating
ChatterBot Lima reevaluating
ChatterBot Kilo reevaluating
ChatterBot Lima reevaluating
ChatterBot Kilo reevaluating
ChatterBot Kilo reevaluating
ChatterBot Lima reevaluating
2024-10-14 20:36:21.556143 Whiskey: Quebec, Kilo, India, Juliett, Lima and Papa, sending you 2
2024-10-14 20:36:21.557026 Papa: India we want you to join our group
2024-10-14 20:36:21.564139 India: Yes
ChatterBot Lima reevaluating
chatterbot Zulu submitting transactions
2024-10-14 20:36:21.607603 Whiskey: Delta, sending you 3
2024-10-14 20:36:21.657714 Delta: Quebec, Whiskey, India and Juliett, sending you 1
2024-10-14 20:36:21.658409 Foxtrot: Sending you each 4
2024-10-14 20:36:21.659218 India: Quebec and Whiskey, sending you 3
2024-10-14 20:36:21.660020 Lima: We should drop Foxtrot
ChatterBot Kilo reevaluating
2024-10-14 20:36:21.691193 Kilo: Yes
2024-10-14 20:36:21.691409 Quebec: Yes
2024-10-14 20:36:21.691566 Whiskey: Yes
2024-10-14 20:36:21.691748 India: Yes
2024-10-14 20:36:21.692301 Delta: Yes
ChatterBot Kilo reevaluating
ChatterBot Kilo reevaluating
ChatterBot Kilo reevaluating
ChatterBot Lima reevaluating
ChatterBot Kilo reevaluating
ChatterBot Lima reevaluating
2024-10-14 20:36:21.840799 Quebec: Kilo, Whiskey, India, Lima, Papa and Delta, sending you 2
chatterbot Papa submitting transactions
2024-10-14 20:36:21.842171 Delta: Kilo and Papa, sending you 2
2024-10-14 20:36:21.842650 India: Kilo and Lima, sending you 2
chatterbot Whiskey submitting transactions
2024-10-14 20:36:21.863022 Quebec: Juliett, sending you 4
2024-10-14 20:36:21.863413 Papa: Quebec, Kilo, Whiskey, India, Lima and Delta, sending you 1
2024-10-14 20:36:21.864352 Delta: Lima, sending you 3
2024-10-14 20:36:21.864740 India: Juliett, Papa and Delta, sending you 1
2024-10-14 20:36:21.865267 Juliett: Quebec and Kilo, sending you 3
2024-10-14 20:36:21.875462 Papa: Juliett, sending you 8
2024-10-14 20:36:21.876067 Juliett: Whiskey, India, Lima and Delta, sending you 2
2024-10-14 20:36:21.882270 Juliett: Papa, sending you 5
2024-10-14 20:36:21.882891 Lima: Quebec and Juliett, sending you 3
2024-10-14 20:36:21.883851 Kilo: Quebec, India and Juliett, sending you 3
2024-10-14 20:36:22.684488 Lima: Kilo and India, sending you 2
2024-10-14 20:36:22.685406 Kilo: Whiskey, Papa and Delta, sending you 2
chatterbot Delta submitting transactions
chatterbot India submitting transactions
chatterbot Quebec submitting transactions
chatterbot Foxtrot submitting transactions
chatterbot Juliett submitting transactions
2024-10-14 20:36:22.690513 Lima: Whiskey, sending you 1
2024-10-14 20:36:22.690881 Kilo: Lima, sending you 1
chatterbot Lima submitting transactions
chatterbot Kilo submitting transactions
ChatterBot Quebec round 3
ChatterBot Kilo round 3
ChatterBot Foxtrot round 3
ChatterBot Whiskey round 3
ChatterBot Zulu round 3
ChatterBot India round 3
ChatterBot Juliett round 3
ChatterBot Lima round 3
ChatterBot Papa round 3
ChatterBot Delta round 3
2024-10-14 20:36:22.894233 Lima: Can we be friends?
ChatterBot Juliett reevaluating
ChatterBot Papa reevaluating
ChatterBot Delta reevaluating
2024-10-14 20:36:22.917667 Quebec: Yes
2024-10-14 20:36:22.918429 Kilo: Yes
2024-10-14 20:36:22.918741 India: Yes
2024-10-14 20:36:22.919124 Juliett: Yes
2024-10-14 20:36:22.919393 Papa: Yes
2024-10-14 20:36:22.920057 Delta: Yes
ChatterBot Lima reevaluating
ChatterBot Juliett reevaluating
ChatterBot Papa reevaluating
ChatterBot Delta reevaluating
ChatterBot Lima reevaluating
ChatterBot Juliett reevaluating
ChatterBot Papa reevaluating
ChatterBot Delta reevaluating
ChatterBot Lima reevaluating
ChatterBot Juliett reevaluating
ChatterBot Papa reevaluating
ChatterBot Delta reevaluating
ChatterBot Lima reevaluating
ChatterBot Papa reevaluating
ChatterBot Delta reevaluating
ChatterBot Lima reevaluating
ChatterBot Juliett reevaluating
ChatterBot Delta reevaluating
ChatterBot Lima reevaluating
ChatterBot Juliett reevaluating
ChatterBot Papa reevaluating
2024-10-14 20:36:23.061500 Lima: Delta we want you to join our group
2024-10-14 20:36:23.065220 Delta: Yes
ChatterBot Lima reevaluating
2024-10-14 20:36:23.087492 Whiskey: Quebec, Kilo, India and Delta, sending you 3
2024-10-14 20:36:23.088028 Kilo: Quebec, Whiskey, India, Lima, Papa and Delta, sending you 2
2024-10-14 20:36:23.088942 Quebec: Kilo, India, Lima, Papa and Delta, sending you 2
2024-10-14 20:36:23.089609 Foxtrot: Sending you each 2
2024-10-14 20:36:23.091828 Whiskey: Juliett and Lima, sending you 2
2024-10-14 20:36:23.092964 Kilo: Juliett, sending you 4
2024-10-14 20:36:23.094334 India: Quebec, Kilo, Juliett and Lima, sending you 2
2024-10-14 20:36:23.095493 Quebec: Whiskey and Juliett, sending you 3
2024-10-14 20:36:23.097694 Whiskey: Papa, sending you 1
2024-10-14 20:36:23.099980 India: Whiskey, sending you 3
2024-10-14 20:36:23.100702 Juliett: Quebec, Kilo, Whiskey, Lima, Papa and Delta, sending you 3
2024-10-14 20:36:23.105679 India: Papa and Delta, sending you 1
2024-10-14 20:36:23.107335 Juliett: India, sending you 1
2024-10-14 20:36:23.108178 Papa: Quebec, Kilo, Whiskey, India and Delta, sending you 2
2024-10-14 20:36:23.108689 Delta: Quebec, sending you 1
2024-10-14 20:36:23.111089 Papa: Juliett, sending you 3
2024-10-14 20:36:23.112770 Delta: Kilo, Whiskey, Juliett, Lima and Papa, sending you 2
2024-10-14 20:36:23.114695 Lima: Quebec, sending you 3
2024-10-14 20:36:23.115943 Papa: Lima, sending you 1
2024-10-14 20:36:23.117696 Lima: Kilo, India, Juliett and Delta, sending you 2
chatterbot Zulu submitting transactions
chatterbot India submitting transactions
chatterbot Papa submitting transactions
chatterbot Delta submitting transactions
chatterbot Whiskey submitting transactions
chatterbot Quebec submitting transactions
chatterbot Foxtrot submitting transactions
chatterbot Kilo submitting transactions
chatterbot Juliett submitting transactions
chatterbot Lima submitting transactions
ChatterBot Quebec round 4
ChatterBot Kilo round 4
ChatterBot Foxtrot round 4
ChatterBot Whiskey round 4
ChatterBot Zulu round 4
ChatterBot India round 4
ChatterBot Juliett round 4
ChatterBot Lima round 4
ChatterBot Papa round 4
ChatterBot Delta round 4
2024-10-14 20:36:24.139689 Lima: We should replace Papa with Whiskey
2024-10-14 20:36:24.151525 Quebec: No
2024-10-14 20:36:24.151727 Kilo: No
2024-10-14 20:36:24.151875 India: No
2024-10-14 20:36:24.151997 Juliett: No
2024-10-14 20:36:24.152114 Delta: No
2024-10-14 20:36:24.224366 Lima: Whiskey we want you to join our group
2024-10-14 20:36:24.226927 Whiskey: Yes
2024-10-14 20:36:24.245694 Kilo: Quebec, Whiskey, India, Lima, Papa and Delta, sending you 2
2024-10-14 20:36:24.246992 Foxtrot: Same as last round
2024-10-14 20:36:24.247472 Whiskey: Quebec, Kilo, India, Juliett and Delta, sending you 3
2024-10-14 20:36:24.249677 Papa: Quebec, Kilo, Whiskey, India and Delta, sending you 2
2024-10-14 20:36:24.250893 Kilo: Juliett, sending you 4
2024-10-14 20:36:24.251582 Whiskey: Lima, sending you 1
2024-10-14 20:36:24.252718 Lima: Quebec, Whiskey, India, Juliett and Delta, sending you 2
2024-10-14 20:36:24.254147 Delta: Quebec, Kilo, Whiskey, Juliett and Lima, sending you 2
2024-10-14 20:36:24.255075 Papa: Juliett, sending you 3
2024-10-14 20:36:24.255578 Whiskey: Papa, sending you 2
2024-10-14 20:36:24.256106 India: Quebec, Kilo, Whiskey, Juliett, Lima and Papa, sending you 2
2024-10-14 20:36:24.256630 Juliett: Quebec, Kilo, Whiskey, Lima, Papa and Delta, sending you 3
2024-10-14 20:36:24.257164 Lima: Kilo, sending you 1
2024-10-14 20:36:24.258666 Delta: Papa, sending you 1
2024-10-14 20:36:24.259253 Papa: Lima, sending you 1
2024-10-14 20:36:24.259855 India: Delta, sending you 1
2024-10-14 20:36:24.261654 Juliett: India, sending you 1
2024-10-14 20:36:24.262672 Quebec: Kilo, India, Lima, Papa and Delta, sending you 2
2024-10-14 20:36:24.266690 Quebec: Whiskey and Juliett, sending you 3
chatterbot Lima submitting transactions
chatterbot India submitting transactions
chatterbot Kilo submitting transactions
chatterbot Foxtrot submitting transactions
chatterbot Juliett submitting transactions
chatterbot Delta submitting transactions
chatterbot Papa submitting transactions
chatterbot Whiskey submitting transactions
chatterbot Zulu submitting transactions
chatterbot Quebec submitting transactions
ChatterBot Quebec round 5
ChatterBot Kilo round 5
ChatterBot Foxtrot round 5
ChatterBot Whiskey round 5
ChatterBot Zulu round 5
ChatterBot India round 5
ChatterBot Juliett round 5
ChatterBot Lima round 5
ChatterBot Papa round 5
ChatterBot Delta round 5
2024-10-14 20:36:25.448721 Whiskey: Quebec, Kilo, India, Juliett and Delta, sending you 3
2024-10-14 20:36:25.452673 Kilo: Quebec, Whiskey, India, Lima, Papa and Delta, sending you 2
2024-10-14 20:36:25.454715 Whiskey: Lima, sending you 1
2024-10-14 20:36:25.457670 Papa: Quebec, Kilo, Whiskey, India and Delta, sending you 2
2024-10-14 20:36:25.458550 Kilo: Juliett, sending you 4
2024-10-14 20:36:25.459987 Whiskey: Papa, sending you 2
2024-10-14 20:36:25.460775 Foxtrot: Same as last round
2024-10-14 20:36:25.461260 Juliett: Quebec, Kilo, Whiskey, Lima, Papa and Delta, sending you 3
2024-10-14 20:36:25.462495 Papa: Juliett, sending you 3
2024-10-14 20:36:25.463438 India: Quebec, Kilo, Whiskey, Juliett, Lima and Papa, sending you 2
2024-10-14 20:36:25.464723 Quebec: Kilo, India, Lima, Papa and Delta, sending you 2
2024-10-14 20:36:25.465340 Lima: Quebec, Kilo, India, Juliett and Delta, sending you 2
2024-10-14 20:36:25.465752 Juliett: India, sending you 1
2024-10-14 20:36:25.467090 Papa: Lima, sending you 1
2024-10-14 20:36:25.467864 India: Delta, sending you 1
2024-10-14 20:36:25.469158 Delta: Quebec, Kilo, Whiskey, Juliett and Lima, sending you 2
2024-10-14 20:36:25.470031 Quebec: Whiskey and Juliett, sending you 3
2024-10-14 20:36:25.470861 Lima: Whiskey, sending you 1
2024-10-14 20:36:25.472681 Delta: Papa, sending you 1
chatterbot Foxtrot submitting transactions
chatterbot Whiskey submitting transactions
chatterbot Juliett submitting transactions
chatterbot Kilo submitting transactions
chatterbot Quebec submitting transactions
chatterbot Zulu submitting transactions
chatterbot Delta submitting transactions
chatterbot India submitting transactions
chatterbot Papa submitting transactions
chatterbot Lima submitting transactions
ChatterBot Quebec round 6
ChatterBot Kilo round 6
ChatterBot Foxtrot round 6
ChatterBot Whiskey round 6
ChatterBot Zulu round 6
ChatterBot India round 6
ChatterBot Juliett round 6
ChatterBot Lima round 6
ChatterBot Papa round 6
ChatterBot Delta round 6
2024-10-14 20:36:26.754456 Delta: We should drop Lima
2024-10-14 20:36:26.769346 Quebec: No
2024-10-14 20:36:26.769585 Kilo: No
2024-10-14 20:36:26.769843 Whiskey: No
2024-10-14 20:36:26.770106 India: No
2024-10-14 20:36:26.770340 Juliett: No
2024-10-14 20:36:26.770596 Papa: No
ChatterBot Delta reevaluating
ChatterBot Delta reevaluating
ChatterBot Delta reevaluating
ChatterBot Delta reevaluating
ChatterBot Delta reevaluating
ChatterBot Delta reevaluating
2024-10-14 20:36:26.840709 Foxtrot: Same as last round
2024-10-14 20:36:26.842225 India: Quebec, Kilo, Whiskey, Juliett, Lima and Papa, sending you 2
2024-10-14 20:36:26.844005 Lima: Quebec, Kilo, India and Delta, sending you 2
2024-10-14 20:36:26.844592 Juliett: Quebec, Kilo, Whiskey, Lima, Papa and Delta, sending you 3
2024-10-14 20:36:26.845742 Quebec: Kilo, India, Lima, Papa and Delta, sending you 2
2024-10-14 20:36:26.847237 Zulu: Sending you 10
2024-10-14 20:36:26.847532 Whiskey: Quebec, Kilo, India, Juliett and Delta, sending you 3
2024-10-14 20:36:26.848465 Kilo: Quebec, Whiskey, India, Lima, Papa and Delta, sending you 2
2024-10-14 20:36:26.849315 India: Delta, sending you 1
2024-10-14 20:36:26.850909 Lima: Juliett, sending you 3
2024-10-14 20:36:26.851461 Juliett: India, sending you 1
2024-10-14 20:36:26.852420 Quebec: Whiskey and Juliett, sending you 3
2024-10-14 20:36:26.854436 Whiskey: Lima, sending you 1
2024-10-14 20:36:26.855338 Kilo: Juliett, sending you 4
2024-10-14 20:36:26.859673 Whiskey: Papa, sending you 2
2024-10-14 20:36:26.860853 Papa: Quebec, Kilo, Whiskey, India and Delta, sending you 2
2024-10-14 20:36:26.861468 Delta: Quebec, Kilo, Whiskey, Juliett and Lima, sending you 2
2024-10-14 20:36:26.863673 Papa: Juliett, sending you 3
2024-10-14 20:36:26.866701 Delta: Papa, sending you 1
2024-10-14 20:36:26.867821 Papa: Lima, sending you 1
chatterbot Papa submitting transactions
chatterbot Zulu submitting transactions
chatterbot Juliett submitting transactions
chatterbot Whiskey submitting transactions
chatterbot Delta submitting transactions
chatterbot Foxtrot submitting transactions
chatterbot India submitting transactions
chatterbot Quebec submitting transactions
chatterbot Kilo submitting transactions
chatterbot Lima submitting transactions
ChatterBot Quebec round 7
ChatterBot Kilo round 7
ChatterBot Foxtrot round 7
ChatterBot Whiskey round 7
ChatterBot Zulu round 7
ChatterBot India round 7
ChatterBot Juliett round 7
ChatterBot Lima round 7
ChatterBot Papa round 7
ChatterBot Delta round 7
2024-10-14 20:36:28.005686 Kilo: Quebec, Whiskey, India, Lima, Papa and Delta, sending you 2
2024-10-14 20:36:28.010657 Kilo: Juliett, sending you 4
2024-10-14 20:36:28.011723 Papa: Quebec, Kilo, Whiskey, India and Delta, sending you 2
2024-10-14 20:36:28.013662 Lima: Quebec, Kilo, India and Delta, sending you 2
2024-10-14 20:36:28.014701 Papa: Juliett, sending you 3
2024-10-14 20:36:28.015682 Quebec: Kilo, India, Lima, Papa and Delta, sending you 2
2024-10-14 20:36:28.016543 Whiskey: Quebec, Kilo, India, Juliett and Delta, sending you 3
2024-10-14 20:36:28.017760 Zulu: Sending you 12
2024-10-14 20:36:28.017988 India: Quebec, Kilo, Whiskey, Juliett, Lima and Papa, sending you 2
2024-10-14 20:36:28.018755 Foxtrot: Same as last round
2024-10-14 20:36:28.019244 Papa: Lima, sending you 1
2024-10-14 20:36:28.020045 Lima: Juliett, sending you 3
2024-10-14 20:36:28.020522 Quebec: Whiskey and Juliett, sending you 3
2024-10-14 20:36:28.021654 Juliett: Quebec, Kilo, Whiskey, Lima, Papa and Delta, sending you 3
2024-10-14 20:36:28.022662 Whiskey: Lima, sending you 1
2024-10-14 20:36:28.023654 India: Delta, sending you 1
2024-10-14 20:36:28.025735 Whiskey: Papa, sending you 2
2024-10-14 20:36:28.027113 Juliett: India, sending you 1
2024-10-14 20:36:28.028705 Delta: Quebec, Kilo, Whiskey, Juliett and Lima, sending you 2
2024-10-14 20:36:28.032697 Delta: Papa, sending you 1
chatterbot Quebec submitting transactions
chatterbot Foxtrot submitting transactions
chatterbot India submitting transactions
chatterbot Lima submitting transactions
chatterbot Papa submitting transactions
chatterbot Zulu submitting transactions
chatterbot Delta submitting transactions
chatterbot Whiskey submitting transactions
chatterbot Kilo submitting transactions
chatterbot Juliett submitting transactions
ChatterBot Quebec round 8
ChatterBot Kilo round 8
ChatterBot Foxtrot round 8
ChatterBot Whiskey round 8
ChatterBot Zulu round 8
ChatterBot India round 8
ChatterBot Juliett round 8
ChatterBot Lima round 8
ChatterBot Papa round 8
ChatterBot Delta round 8
2024-10-14 20:36:29.299837 Delta: We should drop Papa
2024-10-14 20:36:29.311100 Lima: Yes
2024-10-14 20:36:29.311295 Quebec: No
2024-10-14 20:36:29.311443 Kilo: No
2024-10-14 20:36:29.311569 Whiskey: No
2024-10-14 20:36:29.311701 India: No
2024-10-14 20:36:29.311896 Juliett: No
ChatterBot Delta reevaluating
ChatterBot Delta reevaluating
ChatterBot Delta reevaluating
ChatterBot Lima reevaluating
ChatterBot Delta reevaluating
ChatterBot Lima reevaluating
ChatterBot Delta reevaluating
ChatterBot Lima reevaluating
ChatterBot Delta reevaluating
2024-10-14 20:36:29.395919 Zulu: Sending you 13
2024-10-14 20:36:29.396209 India: Quebec, Kilo, Whiskey, Juliett, Lima and Papa, sending you 2
2024-10-14 20:36:29.397580 Quebec: Kilo, Whiskey and Lima, sending you 1
2024-10-14 20:36:29.398943 Juliett: Quebec, Kilo, Whiskey, Lima, Papa and Delta, sending you 3
2024-10-14 20:36:29.400663 Foxtrot: Same as last round
2024-10-14 20:36:29.402056 Kilo: Quebec, Whiskey, India, Lima, Papa and Delta, sending you 2
2024-10-14 20:36:29.403290 India: Delta, sending you 1
2024-10-14 20:36:29.404866 Juliett: India, sending you 1
2024-10-14 20:36:29.406693 Kilo: Juliett, sending you 4
2024-10-14 20:36:29.412665 Papa: Quebec, Kilo, Whiskey, India and Delta, sending you 2
2024-10-14 20:36:29.414694 Whiskey: Quebec, Kilo, India, Juliett and Delta, sending you 3
2024-10-14 20:36:29.417668 Whiskey: Lima, sending you 1
2024-10-14 20:36:29.418691 Papa: Juliett, sending you 3
2024-10-14 20:36:29.420677 Delta: Quebec, Kilo, Whiskey, Juliett and Lima, sending you 2
2024-10-14 20:36:29.421463 Whiskey: Papa, sending you 2
2024-10-14 20:36:29.422747 Papa: Lima, sending you 1
2024-10-14 20:36:29.424670 Delta: India, sending you 1
chatterbot Foxtrot submitting transactions
chatterbot Quebec submitting transactions
chatterbot Whiskey submitting transactions
chatterbot Papa submitting transactions
chatterbot Lima submitting transactions
chatterbot Delta submitting transactions
chatterbot Juliett submitting transactions
chatterbot Kilo submitting transactions
chatterbot Zulu submitting transactions
chatterbot India submitting transactions
ChatterBot Quebec round 9
ChatterBot Kilo round 9
ChatterBot Foxtrot round 9
ChatterBot Whiskey round 9
ChatterBot Zulu round 9
ChatterBot India round 9
ChatterBot Juliett round 9
2024-10-14 20:36:30.506203 Quebec: Let's form a team
2024-10-14 20:36:30.509737 Whiskey: Yes
ChatterBot Lima round 9
ChatterBot Papa round 9
ChatterBot Delta round 9
2024-10-14 20:36:30.552172 Kilo: We should drop Quebec
ChatterBot Lima reevaluating
ChatterBot Papa reevaluating
ChatterBot Delta reevaluating
2024-10-14 20:36:30.583227 Whiskey: No
2024-10-14 20:36:30.583370 India: Yes
2024-10-14 20:36:30.583510 Juliett: Yes
2024-10-14 20:36:30.583651 Lima: Yes
2024-10-14 20:36:30.583771 Papa: Yes
2024-10-14 20:36:30.583873 Delta: Yes
ChatterBot Lima reevaluating
ChatterBot Papa reevaluating
ChatterBot Delta reevaluating
ChatterBot Lima reevaluating
ChatterBot Papa reevaluating
ChatterBot Delta reevaluating
ChatterBot Lima reevaluating
ChatterBot Papa reevaluating
ChatterBot Delta reevaluating
ChatterBot Papa reevaluating
ChatterBot Delta reevaluating
ChatterBot Lima reevaluating
ChatterBot Delta reevaluating
ChatterBot Lima reevaluating
ChatterBot Papa reevaluating
2024-10-14 20:36:30.694171 Foxtrot: We should drop Quebec
ChatterBot Lima reevaluating
ChatterBot Papa reevaluating
ChatterBot Delta reevaluating
2024-10-14 20:36:30.712188 Kilo: Yes
2024-10-14 20:36:30.712303 Whiskey: No
2024-10-14 20:36:30.712457 India: Yes
2024-10-14 20:36:30.712546 Juliett: Yes
2024-10-14 20:36:30.712635 Lima: Yes
2024-10-14 20:36:30.712720 Papa: Yes
2024-10-14 20:36:30.712800 Delta: Yes
ChatterBot Foxtrot reevaluating
ChatterBot Lima reevaluating
ChatterBot Papa reevaluating
ChatterBot Delta reevaluating
ChatterBot Foxtrot reevaluating
ChatterBot Lima reevaluating
ChatterBot Papa reevaluating
ChatterBot Delta reevaluating
ChatterBot Foxtrot reevaluating
ChatterBot Lima reevaluating
ChatterBot Papa reevaluating
ChatterBot Delta reevaluating
ChatterBot Foxtrot reevaluating
ChatterBot Lima reevaluating
ChatterBot Papa reevaluating
ChatterBot Delta reevaluating
ChatterBot Foxtrot reevaluating
ChatterBot Papa reevaluating
ChatterBot Delta reevaluating
ChatterBot Foxtrot reevaluating
ChatterBot Lima reevaluating
ChatterBot Delta reevaluating
ChatterBot Foxtrot reevaluating
ChatterBot Lima reevaluating
ChatterBot Papa reevaluating
2024-10-14 20:36:30.862460 India: We should drop Quebec and Delta
ChatterBot Lima reevaluating
ChatterBot Papa reevaluating
2024-10-14 20:36:30.876180 Kilo: No
2024-10-14 20:36:30.876371 Whiskey: No
2024-10-14 20:36:30.876529 Juliett: No
2024-10-14 20:36:30.876675 Lima: Yes
2024-10-14 20:36:30.876836 Papa: No
ChatterBot Lima reevaluating
ChatterBot Papa reevaluating
ChatterBot Lima reevaluating
ChatterBot Papa reevaluating
ChatterBot Lima reevaluating
ChatterBot Papa reevaluating
ChatterBot Papa reevaluating
ChatterBot Lima reevaluating
2024-10-14 20:36:30.949689 Quebec: Sending you 12
2024-10-14 20:36:30.950682 Whiskey: Quebec, Kilo, India, Juliett and Delta, sending you 3
2024-10-14 20:36:30.952696 Juliett: I was attacked by Quebec
ChatterBot Kilo reevaluating
ChatterBot Whiskey reevaluating
ChatterBot India reevaluating
ChatterBot Lima reevaluating
ChatterBot Papa reevaluating
ChatterBot Delta reevaluating
2024-10-14 20:36:30.972247 Juliett: I'm keeping this round to protect myself
2024-10-14 20:36:30.973378 Juliett: Ow
2024-10-14 20:36:30.977681 Zulu: Same as last round
2024-10-14 20:36:30.992722 Lima: Kilo and India, sending you 2
2024-10-14 20:36:30.993523 Foxtrot: Kilo and Juliett, sending you 3
2024-10-14 20:36:30.994107 Papa: Kilo and Juliett, sending you 3
2024-10-14 20:36:30.996678 Lima: Whiskey and Papa, sending you 1
2024-10-14 20:36:30.997693 Foxtrot: Whiskey, India, Lima, Papa and Delta, sending you 2
2024-10-14 20:36:30.998679 Papa: Whiskey, India, Lima and Delta, sending you 2
2024-10-14 20:36:31.001680 Lima: Juliett, sending you 5
2024-10-14 20:36:31.003679 Kilo: Whiskey, Juliett, Lima and Delta, sending you 3
2024-10-14 20:36:31.004706 India: Kilo, Whiskey and Lima, sending you 3
2024-10-14 20:36:31.007703 Kilo: India and Papa, sending you 2
2024-10-14 20:36:31.009678 India: Juliett and Papa, sending you 2
2024-10-14 20:36:31.011676 Delta: Kilo, Whiskey, India and Lima, sending you 2
2024-10-14 20:36:31.016725 Delta: Juliett, sending you 3
chatterbot Whiskey submitting transactions
chatterbot Juliett submitting transactions
chatterbot Kilo submitting transactions
chatterbot Delta submitting transactions
chatterbot Foxtrot submitting transactions
chatterbot Zulu submitting transactions
chatterbot India submitting transactions
chatterbot India submitting transactions
chatterbot Kilo submitting transactions
chatterbot Quebec submitting transactions
chatterbot Papa submitting transactions
chatterbot Whiskey submitting transactions
chatterbot Lima submitting transactions
ChatterBot Quebec round 10
ChatterBot Kilo round 10
ChatterBot Foxtrot round 10
ChatterBot Whiskey round 10
ChatterBot Zulu round 10
ChatterBot India round 10
ChatterBot Juliett round 10
ChatterBot Lima round 10
ChatterBot Papa round 10
ChatterBot Delta round 10
2024-10-14 20:36:32.219836 Zulu: We should replace Foxtrot with Juliett
2024-10-14 20:36:32.225219 Kilo: We should replace Juliett with Quebec
ChatterBot Whiskey reevaluating
ChatterBot India reevaluating
ChatterBot Lima reevaluating
ChatterBot Papa reevaluating
ChatterBot Delta reevaluating
2024-10-14 20:36:32.248381 Whiskey: No
2024-10-14 20:36:32.248582 India: Yes
2024-10-14 20:36:32.248761 Lima: No
2024-10-14 20:36:32.248933 Papa: Yes
2024-10-14 20:36:32.249090 Delta: No
ChatterBot India reevaluating
ChatterBot Lima reevaluating
ChatterBot Papa reevaluating
ChatterBot Delta reevaluating
ChatterBot Whiskey reevaluating
ChatterBot Lima reevaluating
ChatterBot Papa reevaluating
ChatterBot Delta reevaluating
ChatterBot Whiskey reevaluating
ChatterBot India reevaluating
ChatterBot Papa reevaluating
ChatterBot Delta reevaluating
ChatterBot Whiskey reevaluating
ChatterBot India reevaluating
ChatterBot Lima reevaluating
ChatterBot Delta reevaluating
ChatterBot Whiskey reevaluating
ChatterBot India reevaluating
ChatterBot Lima reevaluating
ChatterBot Papa reevaluating
2024-10-14 20:36:32.336806 Juliett: We should add Quebec
ChatterBot Whiskey reevaluating
ChatterBot India reevaluating
ChatterBot Lima reevaluating
ChatterBot Papa reevaluating
ChatterBot Delta reevaluating
2024-10-14 20:36:32.355348 Kilo: Yes
2024-10-14 20:36:32.355488 Whiskey: Yes
2024-10-14 20:36:32.355589 India: Yes
2024-10-14 20:36:32.355698 Lima: Yes
2024-10-14 20:36:32.355789 Papa: Yes
2024-10-14 20:36:32.355874 Delta: No
ChatterBot Whiskey reevaluating
ChatterBot India reevaluating
ChatterBot Lima reevaluating
ChatterBot Papa reevaluating
ChatterBot Delta reevaluating
ChatterBot India reevaluating
ChatterBot Lima reevaluating
ChatterBot Papa reevaluating
ChatterBot Delta reevaluating
ChatterBot Whiskey reevaluating
ChatterBot Lima reevaluating
ChatterBot Papa reevaluating
ChatterBot Delta reevaluating
ChatterBot Whiskey reevaluating
ChatterBot India reevaluating
ChatterBot Papa reevaluating
ChatterBot Delta reevaluating
ChatterBot Whiskey reevaluating
ChatterBot India reevaluating
ChatterBot Lima reevaluating
ChatterBot Delta reevaluating
ChatterBot Whiskey reevaluating
ChatterBot India reevaluating
ChatterBot Lima reevaluating
ChatterBot Papa reevaluating
2024-10-14 20:36:32.615073 Foxtrot: We should replace Juliett with Quebec
ChatterBot Whiskey reevaluating
ChatterBot India reevaluating
ChatterBot Lima reevaluating
ChatterBot Papa reevaluating
ChatterBot Delta reevaluating
2024-10-14 20:36:32.651590 Kilo: Yes
2024-10-14 20:36:32.651955 Whiskey: No
2024-10-14 20:36:32.652298 India: Yes
2024-10-14 20:36:32.652649 Lima: Yes
2024-10-14 20:36:32.653457 Papa: Yes
2024-10-14 20:36:32.653969 Delta: No
ChatterBot Foxtrot reevaluating
ChatterBot Whiskey reevaluating
ChatterBot India reevaluating
ChatterBot Lima reevaluating
ChatterBot Papa reevaluating
ChatterBot Delta reevaluating
ChatterBot Foxtrot reevaluating
ChatterBot India reevaluating
ChatterBot Lima reevaluating
ChatterBot Papa reevaluating
ChatterBot Delta reevaluating
ChatterBot Foxtrot reevaluating
ChatterBot Whiskey reevaluating
ChatterBot Lima reevaluating
ChatterBot Papa reevaluating
ChatterBot Delta reevaluating
ChatterBot Foxtrot reevaluating
ChatterBot Whiskey reevaluating
ChatterBot India reevaluating
ChatterBot Papa reevaluating
ChatterBot Delta reevaluating
ChatterBot Foxtrot reevaluating
ChatterBot Whiskey reevaluating
ChatterBot India reevaluating
ChatterBot Lima reevaluating
ChatterBot Delta reevaluating
ChatterBot Foxtrot reevaluating
ChatterBot Whiskey reevaluating
ChatterBot India reevaluating
ChatterBot Lima reevaluating
ChatterBot Papa reevaluating
2024-10-14 20:36:32.874561 Zulu: Juliett we want you to join our group
2024-10-14 20:36:32.878153 Juliett: No
ChatterBot Zulu reevaluating
2024-10-14 20:36:32.883297 Kilo: Quebec we want you to join our group
2024-10-14 20:36:32.889858 Quebec: No
ChatterBot Whiskey reevaluating
ChatterBot India reevaluating
ChatterBot Lima reevaluating
ChatterBot Papa reevaluating
ChatterBot Delta reevaluating
2024-10-14 20:36:32.928754 Lima: We should replace Juliett with Delta
ChatterBot India reevaluating
ChatterBot Whiskey reevaluating
ChatterBot Papa reevaluating
2024-10-14 20:36:32.952644 India: No
2024-10-14 20:36:32.953311 Kilo: Yes
2024-10-14 20:36:32.953472 Whiskey: No
2024-10-14 20:36:32.953635 Papa: Yes
ChatterBot Whiskey reevaluating
ChatterBot Lima reevaluating
ChatterBot Papa reevaluating
ChatterBot India reevaluating
ChatterBot Whiskey reevaluating
ChatterBot Lima reevaluating
ChatterBot Papa reevaluating
ChatterBot India reevaluating
ChatterBot Lima reevaluating
ChatterBot Papa reevaluating
ChatterBot India reevaluating
ChatterBot Whiskey reevaluating
ChatterBot Lima reevaluating
2024-10-14 20:36:33.045472 Juliett: Quebec we want you to join our group
