ChatterBot Romeo round 1
ChatterBot Delta round 1
ChatterBot Oscar round 1
ChatterBot Whiskey round 1
ChatterBot India round 1
ChatterBot Echo round 1
ChatterBot Lima round 1
ChatterBot Yankee round 1
ChatterBot Alpha round 1
ChatterBot Bravo round 1
randomSelections Lima: {Lima, Yankee, Delta, Echo, Whiskey, Romeo} 
2024-10-14 20:36:17.912898 Lima: We should group up
ChatterBot Yankee reevaluating
ChatterBot Delta reevaluating
ChatterBot Echo reevaluating
ChatterBot Whiskey reevaluating
ChatterBot Romeo reevaluating
2024-10-14 20:36:17.928499 Yankee: Yes
2024-10-14 20:36:17.928781 Delta: Yes
2024-10-14 20:36:17.929042 Echo: Yes
2024-10-14 20:36:17.929221 Whiskey: Yes
2024-10-14 20:36:17.930034 Romeo: Yes
ChatterBot Delta reevaluating
ChatterBot Echo reevaluating
ChatterBot Whiskey reevaluating
ChatterBot Romeo reevaluating
ChatterBot Yankee reevaluating
ChatterBot Echo reevaluating
ChatterBot Whiskey reevaluating
ChatterBot Romeo reevaluating
ChatterBot Yankee reevaluating
ChatterBot Delta reevaluating
ChatterBot Whiskey reevaluating
ChatterBot Romeo reevaluating
ChatterBot Yankee reevaluating
ChatterBot Delta reevaluating
ChatterBot Echo reevaluating
ChatterBot Romeo reevaluating
ChatterBot Yankee reevaluating
ChatterBot Delta reevaluating
ChatterBot Echo reevaluating
ChatterBot Whiskey reevaluating
randomSelections India: {India, Delta, Oscar, Lima, Bravo, Echo, Whiskey} 
2024-10-14 20:36:17.982843 India: We would work well together
ChatterBot Delta reevaluating
ChatterBot Oscar reevaluating
ChatterBot Bravo reevaluating
ChatterBot Echo reevaluating
ChatterBot Whiskey reevaluating
2024-10-14 20:36:17.994478 Delta: No
2024-10-14 20:36:17.994710 Oscar: Yes
2024-10-14 20:36:17.994881 Lima: No
2024-10-14 20:36:17.995961 Bravo: Yes
2024-10-14 20:36:17.996117 Echo: No
2024-10-14 20:36:17.996293 Whiskey: No
ChatterBot Oscar reevaluating
ChatterBot Bravo reevaluating
ChatterBot Echo reevaluating
ChatterBot Whiskey reevaluating
ChatterBot Delta reevaluating
ChatterBot Bravo reevaluating
ChatterBot Echo reevaluating
ChatterBot Whiskey reevaluating
ChatterBot Delta reevaluating
ChatterBot Oscar reevaluating
ChatterBot Bravo reevaluating
ChatterBot Echo reevaluating
ChatterBot Whiskey reevaluating
ChatterBot Delta reevaluating
ChatterBot Oscar reevaluating
ChatterBot Echo reevaluating
ChatterBot Whiskey reevaluating
ChatterBot Delta reevaluating
ChatterBot Oscar reevaluating
ChatterBot Bravo reevaluating
ChatterBot Whiskey reevaluating
ChatterBot Delta reevaluating
ChatterBot Oscar reevaluating
ChatterBot Bravo reevaluating
ChatterBot Echo reevaluating
randomSelections Alpha: {Alpha, Echo, Lima, Yankee, Bravo, Romeo} 
2024-10-14 20:36:18.108157 Alpha: We would work well together
ChatterBot Echo reevaluating
ChatterBot Yankee reevaluating
ChatterBot Bravo reevaluating
ChatterBot Romeo reevaluating
2024-10-14 20:36:18.151849 Echo: No
2024-10-14 20:36:18.152419 Lima: No
2024-10-14 20:36:18.152884 Yankee: No
2024-10-14 20:36:18.154097 Bravo: No
2024-10-14 20:36:18.154408 Romeo: No
ChatterBot Yankee reevaluating
ChatterBot Bravo reevaluating
ChatterBot Romeo reevaluating
ChatterBot Echo reevaluating
ChatterBot Yankee reevaluating
ChatterBot Bravo reevaluating
ChatterBot Romeo reevaluating
ChatterBot Echo reevaluating
ChatterBot Bravo reevaluating
ChatterBot Romeo reevaluating
ChatterBot Echo reevaluating
ChatterBot Yankee reevaluating
ChatterBot Romeo reevaluating
ChatterBot Echo reevaluating
ChatterBot Yankee reevaluating
ChatterBot Bravo reevaluating
2024-10-14 20:36:18.243045 Yankee: Romeo, sending you 3
2024-10-14 20:36:18.244017 Alpha: Echo, sending you 3
2024-10-14 20:36:18.244551 Romeo: Delta, Whiskey and Echo, sending you 3
2024-10-14 20:36:18.245383 India: Delta and Whiskey, sending you 3
2024-10-14 20:36:18.245914 Lima: Romeo and Yankee, sending you 2
2024-10-14 20:36:18.246335 Bravo: Oscar and Whiskey, sending you 2
2024-10-14 20:36:18.247689 Echo: Romeo, sending you 3
2024-10-14 20:36:18.248891 Yankee: Delta and Echo, sending you 4
2024-10-14 20:36:18.249378 Alpha: Lima, sending you 1
2024-10-14 20:36:18.249866 Romeo: Lima and Yankee, sending you 2
2024-10-14 20:36:18.251006 India: Oscar and Lima, sending you 2
2024-10-14 20:36:18.252254 Lima: Delta and Whiskey, sending you 3
2024-10-14 20:36:18.252775 Bravo: India, Echo and Lima, sending you 3
2024-10-14 20:36:18.253779 Whiskey: Romeo and Yankee, sending you 1
2024-10-14 20:36:18.254340 Delta: Romeo and Lima, sending you 1
2024-10-14 20:36:18.255414 Echo: Delta and Yankee, sending you 1
2024-10-14 20:36:18.256042 Yankee: Whiskey, sending you 2
2024-10-14 20:36:18.257408 Alpha: Yankee, sending you 4
2024-10-14 20:36:18.258048 India: Echo, sending you 5
2024-10-14 20:36:18.259102 Lima: Echo, sending you 6
2024-10-14 20:36:18.259708 Whiskey: Delta and Echo, sending you 2
2024-10-14 20:36:18.260955 Delta: Echo and Yankee, sending you 2
2024-10-14 20:36:18.261519 Echo: Whiskey, sending you 2
2024-10-14 20:36:18.262679 Yankee: Lima, sending you 1
2024-10-14 20:36:18.263408 Alpha: Bravo, sending you 8
2024-10-14 20:36:18.264454 Whiskey: Lima, sending you 3
2024-10-14 20:36:18.265702 India: Bravo, sending you 1
2024-10-14 20:36:18.266254 Oscar: Delta, sending you 2
2024-10-14 20:36:18.267468 Echo: Lima, sending you 6
2024-10-14 20:36:18.275018 Oscar: Whiskey and Lima, sending you 4
2024-10-14 20:36:18.283258 Oscar: India and Bravo, sending you 3
chatterbot Oscar submitting transactions
chatterbot Delta submitting transactions
chatterbot Romeo submitting transactions
chatterbot Alpha submitting transactions
chatterbot Yankee submitting transactions
chatterbot Lima submitting transactions
chatterbot India submitting transactions
chatterbot Bravo submitting transactions
chatterbot Echo submitting transactions
chatterbot Whiskey submitting transactions
ChatterBot Romeo round 2
ChatterBot Delta round 2
ChatterBot Oscar round 2
ChatterBot Whiskey round 2
ChatterBot India round 2
ChatterBot Echo round 2
ChatterBot Lima round 2
ChatterBot Yankee round 2
ChatterBot Alpha round 2
ChatterBot Bravo round 2
2024-10-14 20:36:20.228245 Oscar: We should group up
ChatterBot India reevaluating
ChatterBot Bravo reevaluating
2024-10-14 20:36:20.236316 India: Yes
2024-10-14 20:36:20.236457 Bravo: Yes
ChatterBot Bravo reevaluating
ChatterBot Oscar reevaluating
ChatterBot India reevaluating
2024-10-14 20:36:20.251840 Bravo: Group up?
ChatterBot India reevaluating
ChatterBot Oscar reevaluating
ChatterBot Alpha reevaluating
2024-10-14 20:36:20.263502 India: Yes
2024-10-14 20:36:20.263693 Oscar: No
2024-10-14 20:36:20.263882 Alpha: Yes
ChatterBot Oscar reevaluating
ChatterBot Alpha reevaluating
ChatterBot Bravo reevaluating
ChatterBot India reevaluating
ChatterBot Alpha reevaluating
ChatterBot Bravo reevaluating
ChatterBot India reevaluating
ChatterBot Oscar reevaluating
ChatterBot Bravo reevaluating
2024-10-14 20:36:20.302770 Whiskey: Let's form a team
ChatterBot Romeo reevaluating
ChatterBot Delta reevaluating
ChatterBot Echo reevaluating
ChatterBot Lima reevaluating
ChatterBot Yankee reevaluating
ChatterBot Oscar reevaluating
ChatterBot India reevaluating
ChatterBot Alpha reevaluating
ChatterBot Bravo reevaluating
2024-10-14 20:36:20.337686 Romeo: No
2024-10-14 20:36:20.337843 Delta: No
2024-10-14 20:36:20.337952 Echo: No
2024-10-14 20:36:20.338059 Lima: No
2024-10-14 20:36:20.338171 Yankee: No
2024-10-14 20:36:20.338272 Oscar: No
2024-10-14 20:36:20.338412 India: No
2024-10-14 20:36:20.338515 Alpha: Yes
2024-10-14 20:36:20.339117 Bravo: No
ChatterBot Delta reevaluating
ChatterBot Echo reevaluating
ChatterBot Lima reevaluating
ChatterBot Yankee reevaluating
ChatterBot Oscar reevaluating
ChatterBot India reevaluating
ChatterBot Alpha reevaluating
ChatterBot Bravo reevaluating
ChatterBot Romeo reevaluating
ChatterBot Echo reevaluating
ChatterBot Lima reevaluating
ChatterBot Yankee reevaluating
ChatterBot Oscar reevaluating
ChatterBot India reevaluating
ChatterBot Alpha reevaluating
ChatterBot Bravo reevaluating
ChatterBot Romeo reevaluating
ChatterBot Delta reevaluating
ChatterBot Lima reevaluating
ChatterBot Yankee reevaluating
ChatterBot Oscar reevaluating
ChatterBot India reevaluating
ChatterBot Alpha reevaluating
ChatterBot Bravo reevaluating
ChatterBot Romeo reevaluating
ChatterBot Delta reevaluating
ChatterBot Echo reevaluating
ChatterBot Yankee reevaluating
ChatterBot Oscar reevaluating
ChatterBot India reevaluating
ChatterBot Alpha reevaluating
ChatterBot Bravo reevaluating
ChatterBot Romeo reevaluating
ChatterBot Delta reevaluating
ChatterBot Echo reevaluating
ChatterBot Lima reevaluating
ChatterBot Oscar reevaluating
ChatterBot India reevaluating
ChatterBot Alpha reevaluating
ChatterBot Bravo reevaluating
ChatterBot Romeo reevaluating
ChatterBot Delta reevaluating
ChatterBot Echo reevaluating
ChatterBot Lima reevaluating
ChatterBot Yankee reevaluating
ChatterBot India reevaluating
ChatterBot Alpha reevaluating
ChatterBot Bravo reevaluating
ChatterBot Romeo reevaluating
ChatterBot Delta reevaluating
ChatterBot Echo reevaluating
ChatterBot Lima reevaluating
ChatterBot Yankee reevaluating
ChatterBot Oscar reevaluating
ChatterBot Alpha reevaluating
ChatterBot Bravo reevaluating
ChatterBot Romeo reevaluating
ChatterBot Delta reevaluating
ChatterBot Echo reevaluating
ChatterBot Lima reevaluating
ChatterBot Yankee reevaluating
ChatterBot Oscar reevaluating
ChatterBot India reevaluating
ChatterBot Bravo reevaluating
ChatterBot Romeo reevaluating
ChatterBot Delta reevaluating
ChatterBot Echo reevaluating
ChatterBot Lima reevaluating
ChatterBot Yankee reevaluating
ChatterBot Oscar reevaluating
ChatterBot India reevaluating
ChatterBot Alpha reevaluating
2024-10-14 20:36:20.787922 Echo: We should add India
2024-10-14 20:36:20.788298 Yankee: We should add Alpha
ChatterBot Lima reevaluating
ChatterBot Yankee reevaluating
ChatterBot Delta reevaluating
ChatterBot Romeo reevaluating
2024-10-14 20:36:20.820803 Lima: No
ChatterBot Lima reevaluating
2024-10-14 20:36:20.828134 Yankee: No
2024-10-14 20:36:20.828341 Delta: No
ChatterBot Delta reevaluating
ChatterBot Echo reevaluating
2024-10-14 20:36:20.841939 Whiskey: Yes
2024-10-14 20:36:20.847723 Romeo: No
ChatterBot Romeo reevaluating
2024-10-14 20:36:20.854805 Lima: Yes
2024-10-14 20:36:20.854987 Delta: No
2024-10-14 20:36:20.855508 Echo: No
2024-10-14 20:36:20.855675 Whiskey: Yes
2024-10-14 20:36:20.855842 Romeo: Yes
ChatterBot Yankee reevaluating
ChatterBot Delta reevaluating
ChatterBot Echo reevaluating
ChatterBot Romeo reevaluating
ChatterBot Lima reevaluating
ChatterBot Delta reevaluating
ChatterBot Echo reevaluating
ChatterBot Romeo reevaluating
ChatterBot Lima reevaluating
ChatterBot Yankee reevaluating
ChatterBot Echo reevaluating
ChatterBot Romeo reevaluating
ChatterBot Lima reevaluating
ChatterBot Yankee reevaluating
ChatterBot Delta reevaluating
ChatterBot Echo reevaluating
ChatterBot Romeo reevaluating
ChatterBot Lima reevaluating
ChatterBot Yankee reevaluating
ChatterBot Delta reevaluating
ChatterBot Echo reevaluating
ChatterBot Yankee reevaluating
ChatterBot Delta reevaluating
ChatterBot Echo reevaluating
ChatterBot Romeo reevaluating
ChatterBot Lima reevaluating
ChatterBot Yankee reevaluating
ChatterBot Echo reevaluating
ChatterBot Romeo reevaluating
ChatterBot Lima reevaluating
ChatterBot Yankee reevaluating
ChatterBot Delta reevaluating
ChatterBot Romeo reevaluating
ChatterBot Lima reevaluating
ChatterBot Yankee reevaluating
ChatterBot Delta reevaluating
ChatterBot Echo reevaluating
ChatterBot Romeo reevaluating
ChatterBot Lima reevaluating
ChatterBot Yankee reevaluating
ChatterBot Delta reevaluating
ChatterBot Echo reevaluating
2024-10-14 20:36:21.103134 Yankee: Alpha we want you to join our group
2024-10-14 20:36:21.106906 Alpha: Yes
ChatterBot Romeo reevaluating
2024-10-14 20:36:21.127559 Echo: Alpha we want you to join our group
2024-10-14 20:36:21.131383 Alpha: Yes
ChatterBot Romeo reevaluating
2024-10-14 20:36:21.151264 Lima: Alpha we want you to join our group
2024-10-14 20:36:21.155159 Alpha: Yes
ChatterBot Romeo reevaluating
2024-10-14 20:36:21.200973 Oscar: India and Bravo, sending you 7
2024-10-14 20:36:21.201338 Delta: Romeo, Whiskey, Echo and Lima, sending you 1
2024-10-14 20:36:21.202173 Whiskey: Romeo, Oscar, India, Echo, Lima, Yankee and Bravo, sending you 2
2024-10-14 20:36:21.217013 Yankee: Romeo, Delta, Whiskey, Echo and Lima, sending you 2
2024-10-14 20:36:21.217444 Bravo: Oscar, sending you 4
2024-10-14 20:36:21.217749 Echo: Romeo, Delta, Whiskey, Yankee and Alpha, sending you 2
2024-10-14 20:36:21.218506 Oscar: Alpha, sending you 2
2024-10-14 20:36:21.218799 Delta: Yankee, sending you 2
2024-10-14 20:36:21.219155 Lima: Romeo, Delta and Yankee, sending you 2
2024-10-14 20:36:21.219453 India: Oscar and Bravo, sending you 6
2024-10-14 20:36:21.220112 Alpha: Romeo, Delta, Whiskey, Echo and Lima, sending you 3
2024-10-14 20:36:21.224406 Echo: Lima, sending you 3
2024-10-14 20:36:21.225340 Yankee: Alpha, sending you 4
2024-10-14 20:36:21.225830 Bravo: India, sending you 3
2024-10-14 20:36:21.226218 Alpha: Yankee, sending you 1
2024-10-14 20:36:21.228384 Lima: Whiskey, sending you 3
2024-10-14 20:36:21.228915 India: Alpha, sending you 4
2024-10-14 20:36:21.344846 Romeo: Delta and Whiskey, sending you 2
2024-10-14 20:36:21.345558 Bravo: Alpha, sending you 6
2024-10-14 20:36:21.346445 Lima: Echo, sending you 6
chatterbot Whiskey submitting transactions
2024-10-14 20:36:21.421715 Romeo: Echo, sending you 5
2024-10-14 20:36:21.423003 Lima: Alpha, sending you 1
2024-10-14 20:36:21.533547 Romeo: Lima and Yankee, sending you 4
chatterbot Romeo submitting transactions
chatterbot Bravo submitting transactions
chatterbot Lima submitting transactions
chatterbot Yankee submitting transactions
chatterbot Oscar submitting transactions
chatterbot Echo submitting transactions
chatterbot India submitting transactions
chatterbot Delta submitting transactions
chatterbot Alpha submitting transactions
ChatterBot Romeo round 3
ChatterBot Delta round 3
ChatterBot Oscar round 3
ChatterBot Whiskey round 3
ChatterBot India round 3
ChatterBot Echo round 3
ChatterBot Lima round 3
ChatterBot Yankee round 3
ChatterBot Alpha round 3
2024-10-14 20:36:22.374325 Romeo: We should add Alpha
2024-10-14 20:36:22.401792 Lima: Yes
2024-10-14 20:36:22.402063 Yankee: Yes
2024-10-14 20:36:22.402266 Delta: No
2024-10-14 20:36:22.402471 Echo: Yes
2024-10-14 20:36:22.402675 Whiskey: Yes
ChatterBot Delta reevaluating
ChatterBot Delta reevaluating
ChatterBot Delta reevaluating
ChatterBot Delta reevaluating
ChatterBot Bravo round 3
2024-10-14 20:36:22.562529 Romeo: Alpha we want you to join our group
2024-10-14 20:36:22.568665 Alpha: No
ChatterBot Delta reevaluating
2024-10-14 20:36:22.607788 Bravo: We should add Whiskey
2024-10-14 20:36:22.623034 India: No
2024-10-14 20:36:22.623233 Oscar: No
2024-10-14 20:36:22.623438 Alpha: Yes
ChatterBot Bravo reevaluating
ChatterBot Alpha reevaluating
ChatterBot Bravo reevaluating
ChatterBot Bravo reevaluating
2024-10-14 20:36:22.670223 Delta: Alpha we want you to join our group
ChatterBot Alpha reevaluating
2024-10-14 20:36:22.674556 Alpha: No
2024-10-14 20:36:22.692274 India: Oscar, sending you 7
2024-10-14 20:36:22.692755 Whiskey: Romeo, Echo, Lima and Yankee, sending you 3
2024-10-14 20:36:22.693571 Oscar: India, sending you 7
2024-10-14 20:36:22.706231 Whiskey: Delta and Alpha, sending you 2
2024-10-14 20:36:22.706758 Echo: Romeo, Delta, Whiskey, Yankee and Alpha, sending you 2
2024-10-14 20:36:22.707234 India: Alpha, sending you 4
2024-10-14 20:36:22.707901 Oscar: Alpha, sending you 3
2024-10-14 20:36:22.708140 Yankee: Romeo and Delta, sending you 3
2024-10-14 20:36:22.708442 Lima: Romeo and Whiskey, sending you 3
2024-10-14 20:36:22.708749 Romeo: Delta and Alpha, sending you 2
2024-10-14 20:36:22.721796 Oscar: Bravo, sending you 6
2024-10-14 20:36:22.722690 Echo: Lima, sending you 3
2024-10-14 20:36:22.723199 India: Bravo, sending you 5
2024-10-14 20:36:22.723511 Yankee: Whiskey, Echo, Lima and Alpha, sending you 2
2024-10-14 20:36:22.724422 Lima: Delta, Yankee and Alpha, sending you 2
2024-10-14 20:36:22.724824 Romeo: Whiskey and Lima, sending you 3
2024-10-14 20:36:22.725186 Delta: Sending you each 1
2024-10-14 20:36:22.728013 Romeo: Echo and Yankee, sending you 4
2024-10-14 20:36:22.805075 Lima: Echo, sending you 4
2024-10-14 20:36:22.806516 Bravo: Oscar, sending you 5
2024-10-14 20:36:22.807053 Alpha: Oscar, sending you 3
2024-10-14 20:36:22.837919 Bravo: India and Alpha, sending you 4
2024-10-14 20:36:22.839528 Alpha: Whiskey, sending you 1
chatterbot India submitting transactions
2024-10-14 20:36:22.845353 Alpha: India, sending you 5
2024-10-14 20:36:22.849924 Alpha: Bravo, sending you 7
chatterbot Echo submitting transactions
chatterbot Lima submitting transactions
chatterbot Alpha submitting transactions
chatterbot Oscar submitting transactions
chatterbot Whiskey submitting transactions
chatterbot Yankee submitting transactions
chatterbot Romeo submitting transactions
chatterbot Bravo submitting transactions
chatterbot Delta submitting transactions
ChatterBot Romeo round 4
ChatterBot Delta round 4
ChatterBot Oscar round 4
ChatterBot Whiskey round 4
ChatterBot India round 4
ChatterBot Echo round 4
ChatterBot Lima round 4
ChatterBot Yankee round 4
ChatterBot Alpha round 4
ChatterBot Bravo round 4
2024-10-14 20:36:23.868296 Delta: We should drop Alpha
2024-10-14 20:36:23.883996 Lima: No
2024-10-14 20:36:23.884270 Yankee: No
2024-10-14 20:36:23.884571 Echo: No
2024-10-14 20:36:23.884849 Whiskey: No
2024-10-14 20:36:23.885202 Romeo: No
2024-10-14 20:36:23.968680 Yankee: Romeo and Whiskey, sending you 3
2024-10-14 20:36:23.970573 Echo: Romeo, Delta, Whiskey, Yankee and Alpha, sending you 2
2024-10-14 20:36:23.972375 Romeo: Delta, sending you 2
2024-10-14 20:36:23.973432 India: Oscar, sending you 6
2024-10-14 20:36:23.974108 Yankee: Delta, Echo, Lima and Alpha, sending you 2
2024-10-14 20:36:23.978862 Echo: Lima, sending you 3
2024-10-14 20:36:23.988928 Romeo: Whiskey, sending you 3
2024-10-14 20:36:23.991327 India: Alpha and Bravo, sending you 5
2024-10-14 20:36:23.993031 Oscar: India, sending you 7
2024-10-14 20:36:23.994101 Romeo: Echo, Lima and Yankee, sending you 4
2024-10-14 20:36:23.996341 Whiskey: Romeo, Echo, Lima and Yankee, sending you 3
2024-10-14 20:36:23.999013 Lima: Romeo and Whiskey, sending you 3
2024-10-14 20:36:24.001162 Oscar: Alpha, sending you 3
2024-10-14 20:36:24.002163 Alpha: Romeo and Whiskey, sending you 2
2024-10-14 20:36:24.004004 Delta: Romeo, Whiskey, Echo and Lima, sending you 1
2024-10-14 20:36:24.004558 Bravo: Oscar, sending you 5
2024-10-14 20:36:24.004983 Romeo: Alpha, sending you 1
2024-10-14 20:36:24.005643 Whiskey: Delta and Alpha, sending you 2
2024-10-14 20:36:24.006645 Lima: Delta, Yankee and Alpha, sending you 2
2024-10-14 20:36:24.007167 Oscar: Bravo, sending you 6
2024-10-14 20:36:24.007539 Delta: Yankee, sending you 2
2024-10-14 20:36:24.008007 Alpha: Delta, sending you 1
2024-10-14 20:36:24.008682 Bravo: India and Alpha, sending you 4
2024-10-14 20:36:24.011909 Lima: Echo, sending you 4
2024-10-14 20:36:24.012918 Alpha: Echo and Yankee, sending you 4
2024-10-14 20:36:24.016663 Alpha: Lima, sending you 3
chatterbot Echo submitting transactions
chatterbot Delta submitting transactions
chatterbot India submitting transactions
chatterbot Lima submitting transactions
chatterbot Bravo submitting transactions
chatterbot Romeo submitting transactions
chatterbot Alpha submitting transactions
chatterbot Oscar submitting transactions
chatterbot Whiskey submitting transactions
chatterbot Yankee submitting transactions
ChatterBot Romeo round 5
ChatterBot Delta round 5
ChatterBot Oscar round 5
ChatterBot Whiskey round 5
ChatterBot India round 5
ChatterBot Echo round 5
ChatterBot Lima round 5
ChatterBot Yankee round 5
ChatterBot Alpha round 5
ChatterBot Bravo round 5
2024-10-14 20:36:25.069308 Delta: We should add Alpha
2024-10-14 20:36:25.081336 Lima: Yes
2024-10-14 20:36:25.081477 Yankee: Yes
2024-10-14 20:36:25.081584 Echo: Yes
2024-10-14 20:36:25.081698 Whiskey: Yes
2024-10-14 20:36:25.081820 Romeo: Yes
2024-10-14 20:36:25.153867 Delta: Alpha we want you to join our group
2024-10-14 20:36:25.160468 Alpha: Yes
2024-10-14 20:36:25.216700 India: Oscar, sending you 6
2024-10-14 20:36:25.217702 Romeo: Delta and Alpha, sending you 2
2024-10-14 20:36:25.218700 Oscar: India, sending you 7
2024-10-14 20:36:25.219209 Whiskey: Romeo, Echo, Lima and Yankee, sending you 3
2024-10-14 20:36:25.227315 India: Alpha and Bravo, sending you 5
2024-10-14 20:36:25.229524 Romeo: Whiskey and Echo, sending you 3
2024-10-14 20:36:25.230714 Oscar: Alpha, sending you 3
2024-10-14 20:36:25.231550 Whiskey: Delta and Alpha, sending you 2
2024-10-14 20:36:25.234469 Romeo: Lima and Yankee, sending you 4
2024-10-14 20:36:25.235712 Oscar: Bravo, sending you 6
2024-10-14 20:36:25.236471 Yankee: Romeo and Whiskey, sending you 3
2024-10-14 20:36:25.237959 Lima: Romeo and Whiskey, sending you 3
2024-10-14 20:36:25.239134 Echo: Romeo, Delta, Whiskey, Yankee and Alpha, sending you 2
2024-10-14 20:36:25.239860 Alpha: Romeo, sending you 2
2024-10-14 20:36:25.240747 Bravo: Oscar, sending you 5
2024-10-14 20:36:25.241926 Delta: Sending you each 1
2024-10-14 20:36:25.242679 Yankee: Delta, Echo, Lima and Alpha, sending you 2
2024-10-14 20:36:25.243479 Echo: Lima, sending you 3
2024-10-14 20:36:25.244322 Lima: Delta, Yankee and Alpha, sending you 2
2024-10-14 20:36:25.244921 Alpha: Whiskey and Lima, sending you 3
2024-10-14 20:36:25.246678 Bravo: India and Alpha, sending you 4
2024-10-14 20:36:25.247702 Lima: Echo, sending you 4
2024-10-14 20:36:25.250711 Alpha: Echo and Yankee, sending you 4
chatterbot Delta submitting transactions
chatterbot Echo submitting transactions
chatterbot Romeo submitting transactions
chatterbot India submitting transactions
chatterbot Oscar submitting transactions
chatterbot Lima submitting transactions
chatterbot Yankee submitting transactions
chatterbot Alpha submitting transactions
chatterbot Whiskey submitting transactions
chatterbot Bravo submitting transactions
ChatterBot Romeo round 6
ChatterBot Delta round 6
ChatterBot Oscar round 6
ChatterBot Whiskey round 6
ChatterBot India round 6
ChatterBot Echo round 6
ChatterBot Lima round 6
ChatterBot Yankee round 6
ChatterBot Alpha round 6
ChatterBot Bravo round 6
2024-10-14 20:36:26.431292 Oscar: We should drop Alpha
ChatterBot Bravo reevaluating
2024-10-14 20:36:26.436370 India: Yes
2024-10-14 20:36:26.436508 Bravo: Yes
ChatterBot Bravo reevaluating
2024-10-14 20:36:26.452658 Romeo: Delta and Alpha, sending you 2
2024-10-14 20:36:26.453678 Echo: Romeo, Delta, Whiskey, Yankee and Alpha, sending you 2
2024-10-14 20:36:26.455672 Romeo: Whiskey and Echo, sending you 3
2024-10-14 20:36:26.458659 Echo: Lima, sending you 3
2024-10-14 20:36:26.459902 Romeo: Lima and Yankee, sending you 4
2024-10-14 20:36:26.463937 India: Sending you each 8
2024-10-14 20:36:26.464656 Lima: Romeo and Whiskey, sending you 3
2024-10-14 20:36:26.466667 Whiskey: Romeo, Echo, Lima, Yankee and Alpha, sending you 3
2024-10-14 20:36:26.467665 Yankee: Romeo and Alpha, sending you 3
2024-10-14 20:36:26.468669 Oscar: Sending you each 8
2024-10-14 20:36:26.468931 Lima: Delta, Yankee and Alpha, sending you 2
2024-10-14 20:36:26.470686 Alpha: Romeo and Delta, sending you 2
2024-10-14 20:36:26.471515 Yankee: Delta, Whiskey, Echo and Lima, sending you 2
2024-10-14 20:36:26.472718 Whiskey: Delta, sending you 1
2024-10-14 20:36:26.473449 Lima: Echo, sending you 4
2024-10-14 20:36:26.474116 Delta: Same as last round
2024-10-14 20:36:26.474794 Bravo: Oscar, sending you 7
2024-10-14 20:36:26.475667 Alpha: Whiskey, Echo, Lima and Yankee, sending you 3
2024-10-14 20:36:26.479683 Bravo: India, sending you 6
chatterbot Yankee submitting transactions
chatterbot India submitting transactions
chatterbot Echo submitting transactions
chatterbot Bravo submitting transactions
chatterbot Oscar submitting transactions
chatterbot Romeo submitting transactions
chatterbot Lima submitting transactions
chatterbot Delta submitting transactions
chatterbot Alpha submitting transactions
chatterbot Whiskey submitting transactions
ChatterBot Romeo round 7
ChatterBot Delta round 7
ChatterBot Oscar round 7
ChatterBot Whiskey round 7
ChatterBot India round 7
ChatterBot Echo round 7
ChatterBot Lima round 7
ChatterBot Yankee round 7
ChatterBot Alpha round 7
ChatterBot Bravo round 7
2024-10-14 20:36:27.694666 Delta: Same as last round
2024-10-14 20:36:27.703697 Whiskey: Romeo, Echo, Lima, Yankee and Alpha, sending you 3
2024-10-14 20:36:27.704700 Echo: Romeo, Delta, Whiskey, Yankee and Alpha, sending you 2
2024-10-14 20:36:27.705903 India: Same as last round
2024-10-14 20:36:27.706689 Romeo: Delta and Alpha, sending you 2
2024-10-14 20:36:27.707303 Alpha: Romeo and Delta, sending you 2
2024-10-14 20:36:27.707810 Bravo: Oscar, sending you 7
2024-10-14 20:36:27.708025 Whiskey: Delta, sending you 1
2024-10-14 20:36:27.709654 Echo: Lima, sending you 3
2024-10-14 20:36:27.710672 Oscar: Same as last round
2024-10-14 20:36:27.711937 Romeo: Whiskey and Echo, sending you 3
2024-10-14 20:36:27.712487 Alpha: Whiskey, Echo, Lima and Yankee, sending you 3
2024-10-14 20:36:27.713026 Bravo: India, sending you 6
2024-10-14 20:36:27.713265 Yankee: Romeo and Alpha, sending you 3
2024-10-14 20:36:27.714679 Romeo: Lima and Yankee, sending you 4
2024-10-14 20:36:27.716696 Yankee: Delta, Whiskey, Echo and Lima, sending you 2
2024-10-14 20:36:27.718696 Lima: Romeo, Whiskey and Alpha, sending you 3
2024-10-14 20:36:27.723668 Lima: Delta, sending you 1
2024-10-14 20:36:27.726647 Lima: Echo, sending you 4
2024-10-14 20:36:27.730671 Lima: Yankee, sending you 2
chatterbot Echo submitting transactions
chatterbot Bravo submitting transactions
chatterbot Alpha submitting transactions
chatterbot Lima submitting transactions
chatterbot Oscar submitting transactions
chatterbot Yankee submitting transactions
chatterbot Romeo submitting transactions
chatterbot Delta submitting transactions
chatterbot India submitting transactions
chatterbot Whiskey submitting transactions
ChatterBot Romeo round 8
ChatterBot Delta round 8
ChatterBot Oscar round 8
ChatterBot Whiskey round 8
ChatterBot India round 8
ChatterBot Echo round 8
ChatterBot Lima round 8
ChatterBot Yankee round 8
ChatterBot Alpha round 8
ChatterBot Bravo round 8
2024-10-14 20:36:28.609737 Romeo: Delta and Alpha, sending you 2
2024-10-14 20:36:28.613767 Whiskey: Romeo, Echo, Lima, Yankee and Alpha, sending you 3
2024-10-14 20:36:28.614923 Romeo: Whiskey and Echo, sending you 3
2024-10-14 20:36:28.616678 Oscar: Same as last round
2024-10-14 20:36:28.617681 Whiskey: Delta, sending you 1
2024-10-14 20:36:28.618685 Delta: Same as last round
2024-10-14 20:36:28.619863 Alpha: Romeo and Delta, sending you 2
2024-10-14 20:36:28.621062 Romeo: Lima and Yankee, sending you 4
2024-10-14 20:36:28.622674 Lima: Romeo, Whiskey, Echo and Alpha, sending you 3
2024-10-14 20:36:28.624240 Echo: Romeo, Delta, Whiskey, Yankee and Alpha, sending you 2
2024-10-14 20:36:28.625674 Yankee: Romeo and Alpha, sending you 3
2024-10-14 20:36:28.627817 Alpha: Whiskey, Echo, Lima and Yankee, sending you 3
2024-10-14 20:36:28.629372 Lima: Delta and Yankee, sending you 2
2024-10-14 20:36:28.630411 Echo: Lima, sending you 3
2024-10-14 20:36:28.632197 India: Sending you each 2
2024-10-14 20:36:28.632741 Bravo: Oscar, sending you 7
2024-10-14 20:36:28.634037 Yankee: Delta, Whiskey, Echo and Lima, sending you 2
2024-10-14 20:36:28.637688 Bravo: India, sending you 6
chatterbot Yankee submitting transactions
chatterbot India submitting transactions
chatterbot Whiskey submitting transactions
chatterbot Oscar submitting transactions
chatterbot Romeo submitting transactions
chatterbot Bravo submitting transactions
chatterbot Alpha submitting transactions
chatterbot Echo submitting transactions
chatterbot Delta submitting transactions
chatterbot Lima submitting transactions
ChatterBot Romeo round 9
ChatterBot Delta round 9
ChatterBot Oscar round 9
ChatterBot Whiskey round 9
ChatterBot India round 9
ChatterBot Echo round 9
ChatterBot Lima round 9
ChatterBot Yankee round 9
2024-10-14 20:36:29.853875 Echo: We should add Bravo
ChatterBot Delta reevaluating
ChatterBot Lima reevaluating
ChatterBot Yankee reevaluating
2024-10-14 20:36:29.876710 Alpha: No
2024-10-14 20:36:29.878270 Romeo: No
2024-10-14 20:36:29.881751 Delta: No
2024-10-14 20:36:29.882935 Whiskey: No
2024-10-14 20:36:29.884273 Lima: Yes
2024-10-14 20:36:29.885484 Yankee: Yes
ChatterBot Delta reevaluating
ChatterBot Lima reevaluating
ChatterBot Yankee reevaluating
ChatterBot Delta reevaluating
ChatterBot Echo reevaluating
ChatterBot Lima reevaluating
ChatterBot Yankee reevaluating
ChatterBot Echo reevaluating
ChatterBot Lima reevaluating
ChatterBot Yankee reevaluating
ChatterBot Delta reevaluating
ChatterBot Echo reevaluating
ChatterBot Lima reevaluating
ChatterBot Yankee reevaluating
ChatterBot Delta reevaluating
ChatterBot Echo reevaluating
ChatterBot Yankee reevaluating
ChatterBot Delta reevaluating
ChatterBot Echo reevaluating
ChatterBot Lima reevaluating
2024-10-14 20:36:30.009399 Yankee: We should add Oscar
ChatterBot Delta reevaluating
ChatterBot Echo reevaluating
ChatterBot Lima reevaluating
2024-10-14 20:36:30.027865 Alpha: No
2024-10-14 20:36:30.028062 Romeo: No
2024-10-14 20:36:30.028187 Delta: No
2024-10-14 20:36:30.028321 Whiskey: No
2024-10-14 20:36:30.028853 Echo: Yes
2024-10-14 20:36:30.028971 Lima: Yes
ChatterBot Delta reevaluating
ChatterBot Echo reevaluating
ChatterBot Lima reevaluating
ChatterBot Yankee reevaluating
ChatterBot Delta reevaluating
ChatterBot Echo reevaluating
ChatterBot Lima reevaluating
ChatterBot Yankee reevaluating
ChatterBot Echo reevaluating
ChatterBot Lima reevaluating
ChatterBot Yankee reevaluating
ChatterBot Delta reevaluating
ChatterBot Echo reevaluating
ChatterBot Lima reevaluating
ChatterBot Yankee reevaluating
ChatterBot Delta reevaluating
ChatterBot Lima reevaluating
ChatterBot Yankee reevaluating
ChatterBot Delta reevaluating
ChatterBot Echo reevaluating
ChatterBot Yankee reevaluating
ChatterBot Alpha round 9
ChatterBot Bravo round 9
2024-10-14 20:36:30.148602 Bravo: Let's form a team
ChatterBot Whiskey reevaluating
ChatterBot Echo reevaluating
ChatterBot Lima reevaluating
ChatterBot Yankee reevaluating
ChatterBot Alpha reevaluating
2024-10-14 20:36:30.166305 Romeo: No
2024-10-14 20:36:30.166459 Delta: No
2024-10-14 20:36:30.166567 Whiskey: Yes
2024-10-14 20:36:30.166691 Echo: Yes
2024-10-14 20:36:30.166844 Lima: Yes
2024-10-14 20:36:30.166955 Yankee: Yes
2024-10-14 20:36:30.167055 Alpha: Yes
ChatterBot Whiskey reevaluating
ChatterBot Echo reevaluating
ChatterBot Lima reevaluating
ChatterBot Yankee reevaluating
ChatterBot Alpha reevaluating
ChatterBot Whiskey reevaluating
ChatterBot Echo reevaluating
ChatterBot Lima reevaluating
ChatterBot Yankee reevaluating
ChatterBot Alpha reevaluating
ChatterBot Echo reevaluating
ChatterBot Lima reevaluating
ChatterBot Yankee reevaluating
ChatterBot Alpha reevaluating
ChatterBot Whiskey reevaluating
ChatterBot Lima reevaluating
ChatterBot Yankee reevaluating
ChatterBot Alpha reevaluating
ChatterBot Delta reevaluating
ChatterBot Whiskey reevaluating
ChatterBot Echo reevaluating
ChatterBot Yankee reevaluating
ChatterBot Alpha reevaluating
ChatterBot Delta reevaluating
ChatterBot Whiskey reevaluating
ChatterBot Echo reevaluating
ChatterBot Lima reevaluating
ChatterBot Alpha reevaluating
ChatterBot Delta reevaluating
ChatterBot Whiskey reevaluating
ChatterBot Echo reevaluating
ChatterBot Lima reevaluating
ChatterBot Yankee reevaluating
2024-10-14 20:36:30.296005 Alpha: We should add Bravo
ChatterBot Delta reevaluating
ChatterBot Whiskey reevaluating
ChatterBot Echo reevaluating
ChatterBot Lima reevaluating
ChatterBot Yankee reevaluating
2024-10-14 20:36:30.310154 Romeo: No
2024-10-14 20:36:30.310651 Delta: No
2024-10-14 20:36:30.310764 Whiskey: Yes
2024-10-14 20:36:30.310877 Echo: Yes
2024-10-14 20:36:30.310980 Lima: Yes
2024-10-14 20:36:30.311079 Yankee: Yes
ChatterBot Alpha reevaluating
ChatterBot Delta reevaluating
ChatterBot Whiskey reevaluating
ChatterBot Echo reevaluating
ChatterBot Lima reevaluating
ChatterBot Yankee reevaluating
ChatterBot Alpha reevaluating
ChatterBot Whiskey reevaluating
ChatterBot Echo reevaluating
ChatterBot Lima reevaluating
ChatterBot Yankee reevaluating
ChatterBot Alpha reevaluating
ChatterBot Delta reevaluating
ChatterBot Echo reevaluating
ChatterBot Lima reevaluating
ChatterBot Yankee reevaluating
ChatterBot Alpha reevaluating
ChatterBot Delta reevaluating
ChatterBot Whiskey reevaluating
ChatterBot Lima reevaluating
ChatterBot Yankee reevaluating
ChatterBot Alpha reevaluating
ChatterBot Delta reevaluating
ChatterBot Whiskey reevaluating
ChatterBot Echo reevaluating
ChatterBot Yankee reevaluating
ChatterBot Alpha reevaluating
ChatterBot Delta reevaluating
ChatterBot Whiskey reevaluating
ChatterBot Echo reevaluating
ChatterBot Lima reevaluating
chatterbot Oscar submitting transactions
2024-10-14 20:36:30.413851 Whiskey: Bravo we want you to join our group
2024-10-14 20:36:30.416306 Bravo: Yes
2024-10-14 20:36:30.429589 Lima: Bravo we want you to join our group
2024-10-14 20:36:30.432234 Bravo: Yes
2024-10-14 20:36:30.446213 Yankee: Bravo we want you to join our group
2024-10-14 20:36:30.448500 Bravo: Yes
2024-10-14 20:36:30.461747 Oscar: Same as last round
2024-10-14 20:36:30.462044 Alpha: Bravo we want you to join our group
2024-10-14 20:36:30.464778 Bravo: Yes
2024-10-14 20:36:30.477981 Delta: We should drop Romeo
2024-10-14 20:36:30.488031 Whiskey: No
2024-10-14 20:36:30.488184 Echo: No
2024-10-14 20:36:30.488296 Lima: No
2024-10-14 20:36:30.488835 Yankee: No
2024-10-14 20:36:30.488933 Alpha: No
2024-10-14 20:36:30.560533 Echo: Bravo we want you to join our group
2024-10-14 20:36:30.565504 Bravo: Yes
2024-10-14 20:36:30.589677 Bravo: Romeo, Delta, Echo, Lima and Yankee, sending you 1
2024-10-14 20:36:30.590929 Romeo: Delta and Alpha, sending you 2
2024-10-14 20:36:30.591847 India: Same as last round
2024-10-14 20:36:30.593683 Bravo: Whiskey, sending you 2
2024-10-14 20:36:30.597205 Romeo: Whiskey and Echo, sending you 3
2024-10-14 20:36:30.598230 Lima: Romeo, Whiskey and Echo, sending you 3
2024-10-14 20:36:30.599476 Bravo: Alpha, sending you 6
2024-10-14 20:36:30.600679 Yankee: Sending you each 2
2024-10-14 20:36:30.601787 Echo: Romeo, Delta, Whiskey, Lima, Yankee and Alpha, sending you 2
2024-10-14 20:36:30.603495 Romeo: Lima and Yankee, sending you 4
2024-10-14 20:36:30.604518 Lima: Delta and Bravo, sending you 1
2024-10-14 20:36:30.606490 Alpha: Romeo, Whiskey, Echo, Lima and Bravo, sending you 2
2024-10-14 20:36:30.608319 Echo: Bravo, sending you 1
2024-10-14 20:36:30.610224 Lima: Yankee and Alpha, sending you 2
2024-10-14 20:36:30.612660 Alpha: Delta, sending you 1
2024-10-14 20:36:30.614146 Delta: Whiskey, Lima, Yankee and Alpha, sending you 1
2024-10-14 20:36:30.616660 Alpha: Yankee, sending you 4
2024-10-14 20:36:30.618834 Delta: Echo, sending you 2
chatterbot Echo submitting transactions
chatterbot Lima submitting transactions
chatterbot Yankee submitting transactions
chatterbot India submitting transactions
chatterbot Alpha submitting transactions
chatterbot Delta submitting transactions
chatterbot Romeo submitting transactions
chatterbot Bravo submitting transactions
chatterbot Whiskey submitting transactions
ChatterBot Romeo round 10
ChatterBot Delta round 10
ChatterBot Oscar round 10
ChatterBot Whiskey round 10
ChatterBot India round 10
ChatterBot Echo round 10
ChatterBot Lima round 10
ChatterBot Yankee round 10
ChatterBot Alpha round 10
ChatterBot Bravo round 10
2024-10-14 20:36:31.592572 India: We should drop Bravo
2024-10-14 20:36:31.596015 Oscar: No
ChatterBot India reevaluating
2024-10-14 20:36:31.604750 Delta: Whiskey, Lima, Yankee and Alpha, sending you 1
2024-10-14 20:36:31.605431 Oscar: Same as last round
2024-10-14 20:36:31.605837 Echo: Romeo, Delta, Whiskey, Lima, Yankee and Alpha, sending you 2
2024-10-14 20:36:31.607657 Lima: Romeo, Echo and Alpha, sending you 3
2024-10-14 20:36:31.609688 Delta: Echo, sending you 2
2024-10-14 20:36:31.610447 Echo: Bravo, sending you 1
2024-10-14 20:36:31.611262 Alpha: Romeo and Whiskey, sending you 2
2024-10-14 20:36:31.612468 Lima: Delta, Whiskey and Yankee, sending you 2
2024-10-14 20:36:31.613681 Yankee: I was attacked by India
ChatterBot Bravo reevaluating
ChatterBot Romeo reevaluating
ChatterBot Delta reevaluating
ChatterBot Whiskey reevaluating
ChatterBot Echo reevaluating
ChatterBot Lima reevaluating
ChatterBot Alpha reevaluating
2024-10-14 20:36:31.646962 Yankee: I'm keeping this round to protect myself
2024-10-14 20:36:31.649962 Yankee: Ow
2024-10-14 20:36:31.674943 Bravo: Romeo, Delta and Whiskey, sending you 1
2024-10-14 20:36:31.679674 Bravo: Echo, Lima and Yankee, sending you 2
2024-10-14 20:36:31.680839 Romeo: Delta, sending you 1
2024-10-14 20:36:31.682700 Bravo: Alpha, sending you 4
2024-10-14 20:36:31.685684 Romeo: Whiskey and Alpha, sending you 2
2024-10-14 20:36:31.689648 Romeo: Echo and Yankee, sending you 3
2024-10-14 20:36:31.693670 Romeo: Lima, sending you 4
chatterbot Echo submitting transactions
chatterbot Yankee submitting transactions
chatterbot Alpha submitting transactions
chatterbot India submitting transactions
chatterbot Whiskey submitting transactions
chatterbot Bravo submitting transactions
chatterbot Romeo submitting transactions
chatterbot Oscar submitting transactions
chatterbot Delta submitting transactions
chatterbot Lima submitting transactions
ChatterBot Romeo round 11
ChatterBot Delta round 11
ChatterBot Oscar round 11
ChatterBot Whiskey round 11
ChatterBot India round 11
ChatterBot Echo round 11
ChatterBot Lima round 11
ChatterBot Yankee round 11
ChatterBot Alpha round 11
ChatterBot Bravo round 11
2024-10-14 20:36:32.898240 Delta: We should add Romeo
ChatterBot Lima reevaluating
ChatterBot Yankee reevaluating
ChatterBot Alpha reevaluating
2024-10-14 20:36:32.916144 Whiskey: Yes
2024-10-14 20:36:32.916300 Echo: Yes
2024-10-14 20:36:32.916503 Lima: Yes
2024-10-14 20:36:32.916658 Yankee: Yes
2024-10-14 20:36:32.916769 Alpha: Yes
ChatterBot Lima reevaluating
ChatterBot Yankee reevaluating
ChatterBot Alpha reevaluating
ChatterBot Lima reevaluating
ChatterBot Yankee reevaluating
ChatterBot Alpha reevaluating
ChatterBot Yankee reevaluating
ChatterBot Alpha reevaluating
ChatterBot Lima reevaluating
ChatterBot Alpha reevaluating
ChatterBot Lima reevaluating
ChatterBot Yankee reevaluating
2024-10-14 20:36:33.055636 Delta: Romeo we want you to join our group
2024-10-14 20:36:33.062499 Romeo: Yes
ChatterBot Alpha reevaluating
ChatterBot Lima reevaluating
ChatterBot Yankee reevaluating
2024-10-14 20:36:33.093380 India: I was attacked by Romeo
ChatterBot Oscar reevaluating
ChatterBot Bravo reevaluating
2024-10-14 20:36:33.101740 India: Ow
2024-10-14 20:36:33.102499 Oscar: We should add Alpha
ChatterBot Bravo reevaluating
2024-10-14 20:36:33.109653 India: No
2024-10-14 20:36:33.109755 Bravo: Yes
ChatterBot Oscar reevaluating
ChatterBot Bravo reevaluating
ChatterBot Oscar reevaluating
2024-10-14 20:36:33.125135 Romeo: I was attacked by India
ChatterBot Alpha reevaluating
ChatterBot Delta reevaluating
ChatterBot Whiskey reevaluating
ChatterBot Echo reevaluating
ChatterBot Lima reevaluating
ChatterBot Yankee reevaluating
2024-10-14 20:36:33.148933 Romeo: Ow
2024-10-14 20:36:33.151517 Delta: We should replace Whiskey with Romeo
ChatterBot Echo reevaluating
ChatterBot Lima reevaluating
ChatterBot Yankee reevaluating
ChatterBot Alpha reevaluating
2024-10-14 20:36:33.169724 Echo: No
2024-10-14 20:36:33.169903 Lima: No
2024-10-14 20:36:33.170035 Yankee: No
2024-10-14 20:36:33.170192 Alpha: No
ChatterBot Delta reevaluating
ChatterBot Lima reevaluating
ChatterBot Yankee reevaluating
ChatterBot Alpha reevaluating
ChatterBot Delta reevaluating
ChatterBot Echo reevaluating
ChatterBot Yankee reevaluating
