ChatterBot India round 1
ChatterBot Delta round 1
ChatterBot Uniform round 1
ChatterBot November round 1
ChatterBot Charlie round 1
ChatterBot Foxtrot round 1
ChatterBot Yankee round 1
ChatterBot Tango round 1
ChatterBot Kilo round 1
ChatterBot Alpha round 1
randomSelections Foxtrot: {Foxtrot, India} 
2024-10-14 20:36:17.876938 Foxtrot: Friends?
ChatterBot India reevaluating
2024-10-14 20:36:17.880034 India: Yes
randomSelections Yankee: {Yankee, Foxtrot, Charlie, Alpha, India, Delta} 
2024-10-14 20:36:17.885430 Yankee: Can we be friends?
ChatterBot Charlie reevaluating
ChatterBot Alpha reevaluating
ChatterBot India reevaluating
ChatterBot Delta reevaluating
2024-10-14 20:36:17.898405 Foxtrot: No
2024-10-14 20:36:17.899241 Charlie: Yes
2024-10-14 20:36:17.899419 Alpha: Yes
2024-10-14 20:36:17.899696 India: No
2024-10-14 20:36:17.900060 Delta: Yes
ChatterBot Charlie reevaluating
ChatterBot Alpha reevaluating
ChatterBot India reevaluating
ChatterBot Delta reevaluating
ChatterBot Alpha reevaluating
ChatterBot India reevaluating
ChatterBot Delta reevaluating
ChatterBot Charlie reevaluating
ChatterBot India reevaluating
ChatterBot Delta reevaluating
ChatterBot Charlie reevaluating
ChatterBot Alpha reevaluating
ChatterBot Delta reevaluating
ChatterBot Charlie reevaluating
ChatterBot Alpha reevaluating
ChatterBot India reevaluating
randomSelections Tango: {Tango, Yankee, November, Charlie, India, Uniform, Kilo} 
2024-10-14 20:36:17.957617 Tango: Group up?
ChatterBot November reevaluating
ChatterBot Charlie reevaluating
ChatterBot India reevaluating
ChatterBot Uniform reevaluating
ChatterBot Kilo reevaluating
2024-10-14 20:36:17.969064 Yankee: No
2024-10-14 20:36:17.969278 November: Yes
2024-10-14 20:36:17.969411 Charlie: No
2024-10-14 20:36:17.969579 India: No
2024-10-14 20:36:17.969737 Uniform: Yes
2024-10-14 20:36:17.969853 Kilo: Yes
ChatterBot November reevaluating
ChatterBot Charlie reevaluating
ChatterBot India reevaluating
ChatterBot Uniform reevaluating
ChatterBot Kilo reevaluating
ChatterBot Charlie reevaluating
ChatterBot India reevaluating
ChatterBot Uniform reevaluating
ChatterBot Kilo reevaluating
ChatterBot November reevaluating
ChatterBot India reevaluating
ChatterBot Uniform reevaluating
ChatterBot Kilo reevaluating
ChatterBot November reevaluating
ChatterBot Charlie reevaluating
ChatterBot Uniform reevaluating
ChatterBot Kilo reevaluating
ChatterBot November reevaluating
ChatterBot Charlie reevaluating
ChatterBot India reevaluating
ChatterBot Kilo reevaluating
ChatterBot November reevaluating
ChatterBot Charlie reevaluating
ChatterBot India reevaluating
ChatterBot Uniform reevaluating
2024-10-14 20:36:18.093708 India: Sending you 5
2024-10-14 20:36:18.093989 Delta: India and Foxtrot, sending you 2
2024-10-14 20:36:18.095224 Tango: India and November, sending you 3
2024-10-14 20:36:18.101817 Charlie: India and Alpha, sending you 4
2024-10-14 20:36:18.102242 Delta: Charlie, sending you 6
2024-10-14 20:36:18.102626 Yankee: India, sending you 3
2024-10-14 20:36:18.102943 November: India and Uniform, sending you 1
2024-10-14 20:36:18.104950 Tango: Uniform, sending you 1
2024-10-14 20:36:18.105292 Uniform: India, November and Kilo, sending you 3
2024-10-14 20:36:18.105709 Delta: Yankee and Alpha, sending you 3
2024-10-14 20:36:18.106026 Yankee: Delta, Charlie and Alpha, sending you 2
2024-10-14 20:36:18.108178 Kilo: India, November and Yankee, sending you 2
2024-10-14 20:36:18.108536 Charlie: Delta and Yankee, sending you 3
2024-10-14 20:36:18.108864 Foxtrot: Sending you 5
2024-10-14 20:36:18.109124 Alpha: India, sending you 1
2024-10-14 20:36:18.113971 Uniform: Charlie, sending you 2
2024-10-14 20:36:18.114291 November: Charlie, sending you 3
2024-10-14 20:36:18.114608 Tango: Charlie, sending you 4
2024-10-14 20:36:18.117086 Kilo: Uniform, sending you 4
2024-10-14 20:36:18.117431 Yankee: Foxtrot, sending you 1
2024-10-14 20:36:18.117788 Charlie: Foxtrot, sending you 2
2024-10-14 20:36:18.118194 Uniform: Yankee, sending you 4
2024-10-14 20:36:18.120516 November: Yankee and Tango, sending you 2
2024-10-14 20:36:18.120945 Alpha: Delta and Charlie, sending you 3
2024-10-14 20:36:18.132515 Tango: Yankee and Kilo, sending you 2
2024-10-14 20:36:18.133022 Kilo: Charlie, sending you 1
2024-10-14 20:36:18.145139 Uniform: Tango, sending you 1
2024-10-14 20:36:18.146207 Alpha: Foxtrot, sending you 2
2024-10-14 20:36:18.147651 November: Kilo, sending you 5
2024-10-14 20:36:18.175368 Kilo: Tango, sending you 3
2024-10-14 20:36:18.175925 Alpha: Yankee, sending you 7
chatterbot Tango submitting transactions
chatterbot India submitting transactions
chatterbot Uniform submitting transactions
chatterbot November submitting transactions
chatterbot Foxtrot submitting transactions
chatterbot Delta submitting transactions
chatterbot Alpha submitting transactions
chatterbot Yankee submitting transactions
chatterbot Kilo submitting transactions
chatterbot Charlie submitting transactions
ChatterBot India round 2
ChatterBot Delta round 2
ChatterBot Uniform round 2
ChatterBot November round 2
ChatterBot Charlie round 2
ChatterBot Foxtrot round 2
2024-10-14 20:36:19.220782 November: Can we be friends?
ChatterBot Uniform reevaluating
ChatterBot Tango reevaluating
ChatterBot Kilo reevaluating
2024-10-14 20:36:19.259357 Uniform: Yes
2024-10-14 20:36:19.260024 Tango: No
2024-10-14 20:36:19.260212 Kilo: No
ChatterBot Tango reevaluating
ChatterBot Kilo reevaluating
ChatterBot Uniform reevaluating
ChatterBot Kilo reevaluating
ChatterBot Uniform reevaluating
ChatterBot Tango reevaluating
2024-10-14 20:36:19.445439 Tango: Friends?
ChatterBot Uniform reevaluating
2024-10-14 20:36:19.453999 Uniform: Yes
ChatterBot Tango reevaluating
ChatterBot Yankee round 2
2024-10-14 20:36:19.484148 Delta: Friends?
ChatterBot Charlie reevaluating
ChatterBot Yankee reevaluating
ChatterBot Alpha reevaluating
ChatterBot Tango reevaluating
2024-10-14 20:36:19.517540 Charlie: Yes
2024-10-14 20:36:19.517953 Yankee: Yes
2024-10-14 20:36:19.518180 Alpha: No
2024-10-14 20:36:19.518351 Tango: No
ChatterBot Yankee reevaluating
ChatterBot Alpha reevaluating
ChatterBot Tango reevaluating
ChatterBot Delta reevaluating
ChatterBot Charlie reevaluating
ChatterBot Alpha reevaluating
ChatterBot Tango reevaluating
ChatterBot Delta reevaluating
ChatterBot Charlie reevaluating
ChatterBot Yankee reevaluating
ChatterBot Tango reevaluating
ChatterBot Delta reevaluating
ChatterBot Charlie reevaluating
ChatterBot Yankee reevaluating
ChatterBot Alpha reevaluating
2024-10-14 20:36:19.633761 Yankee: We should group up
ChatterBot Charlie reevaluating
ChatterBot Uniform reevaluating
ChatterBot Tango reevaluating
ChatterBot Kilo reevaluating
2024-10-14 20:36:19.669589 Charlie: Yes
ChatterBot Delta reevaluating
ChatterBot Alpha reevaluating
2024-10-14 20:36:19.684293 Uniform: No
2024-10-14 20:36:19.684497 November: No
2024-10-14 20:36:19.685040 Tango: No
2024-10-14 20:36:19.685136 Kilo: No
2024-10-14 20:36:19.685297 Delta: No
2024-10-14 20:36:19.685395 Alpha: No
ChatterBot Delta reevaluating
ChatterBot Yankee reevaluating
ChatterBot Alpha reevaluating
ChatterBot Uniform reevaluating
ChatterBot Tango reevaluating
ChatterBot Kilo reevaluating
ChatterBot Charlie reevaluating
ChatterBot Delta reevaluating
ChatterBot Yankee reevaluating
ChatterBot Alpha reevaluating
ChatterBot Tango reevaluating
ChatterBot Kilo reevaluating
ChatterBot Charlie reevaluating
ChatterBot Delta reevaluating
ChatterBot Yankee reevaluating
ChatterBot Alpha reevaluating
ChatterBot Uniform reevaluating
ChatterBot Tango reevaluating
ChatterBot Kilo reevaluating
ChatterBot Charlie reevaluating
ChatterBot Delta reevaluating
ChatterBot Yankee reevaluating
ChatterBot Alpha reevaluating
ChatterBot Uniform reevaluating
ChatterBot Kilo reevaluating
ChatterBot Charlie reevaluating
ChatterBot Delta reevaluating
ChatterBot Yankee reevaluating
ChatterBot Alpha reevaluating
ChatterBot Uniform reevaluating
ChatterBot Tango reevaluating
ChatterBot Charlie reevaluating
ChatterBot Yankee reevaluating
ChatterBot Alpha reevaluating
ChatterBot Uniform reevaluating
ChatterBot Tango reevaluating
ChatterBot Kilo reevaluating
ChatterBot Charlie reevaluating
ChatterBot Delta reevaluating
ChatterBot Yankee reevaluating
ChatterBot Uniform reevaluating
ChatterBot Tango reevaluating
ChatterBot Kilo reevaluating
ChatterBot Tango round 2
2024-10-14 20:36:20.017143 Foxtrot: We should group up
ChatterBot Yankee reevaluating
ChatterBot Charlie reevaluating
ChatterBot Alpha reevaluating
ChatterBot India reevaluating
ChatterBot Delta reevaluating
2024-10-14 20:36:20.043257 Yankee: No
2024-10-14 20:36:20.043439 Charlie: No
2024-10-14 20:36:20.043563 Alpha: No
2024-10-14 20:36:20.044262 India: Yes
2024-10-14 20:36:20.044485 Delta: Yes
ChatterBot Charlie reevaluating
ChatterBot Alpha reevaluating
ChatterBot India reevaluating
ChatterBot Delta reevaluating
ChatterBot Yankee reevaluating
ChatterBot Alpha reevaluating
ChatterBot India reevaluating
ChatterBot Delta reevaluating
ChatterBot Yankee reevaluating
ChatterBot Charlie reevaluating
ChatterBot India reevaluating
ChatterBot Delta reevaluating
ChatterBot Yankee reevaluating
ChatterBot Charlie reevaluating
ChatterBot Alpha reevaluating
ChatterBot Delta reevaluating
ChatterBot Yankee reevaluating
ChatterBot Charlie reevaluating
ChatterBot Alpha reevaluating
ChatterBot India reevaluating
ChatterBot Kilo round 2
ChatterBot Alpha round 2
2024-10-14 20:36:20.193405 Alpha: We should drop Foxtrot and India
2024-10-14 20:36:20.203692 Delta: No
2024-10-14 20:36:20.203925 Charlie: Yes
2024-10-14 20:36:20.204057 Yankee: Yes
2024-10-14 20:36:20.233066 Tango: We should drop Charlie and India
2024-10-14 20:36:20.246361 Uniform: Yes
2024-10-14 20:36:20.246560 November: Yes
2024-10-14 20:36:20.246703 Kilo: Yes
2024-10-14 20:36:20.246845 Yankee: No
2024-10-14 20:36:20.297749 Uniform: November and Tango, sending you 4
2024-10-14 20:36:20.298143 November: Uniform and Tango, sending you 5
2024-10-14 20:36:20.298903 Charlie: Delta and Tango, sending you 3
2024-10-14 20:36:20.717915 Uniform: Kilo, sending you 8
2024-10-14 20:36:20.719138 November: Kilo, sending you 4
2024-10-14 20:36:20.719711 Foxtrot: India, sending you 3
2024-10-14 20:36:20.720885 India: Delta and Alpha, sending you 2
2024-10-14 20:36:20.722064 Charlie: Uniform, November, Yankee, Kilo and Alpha, sending you 2
2024-10-14 20:36:20.722457 Yankee: Delta, November, Charlie, Tango and Kilo, sending you 2
2024-10-14 20:36:20.723278 Delta: India and Foxtrot, sending you 1
2024-10-14 20:36:20.879431 Foxtrot: Delta, Charlie, Yankee and Alpha, sending you 1
2024-10-14 20:36:20.880298 Yankee: Uniform, sending you 3
2024-10-14 20:36:20.880760 India: Charlie and Yankee, sending you 3
2024-10-14 20:36:20.881583 Tango: Uniform, sending you 3
2024-10-14 20:36:20.881944 Kilo: Uniform and November, sending you 5
2024-10-14 20:36:20.882609 Delta: Charlie and Alpha, sending you 5
2024-10-14 20:36:20.883 Alpha: Delta and Yankee, sending you 5
chatterbot Yankee submitting transactions
chatterbot November submitting transactions
chatterbot Foxtrot submitting transactions
2024-10-14 20:36:20.964036 Yankee: Alpha, sending you 5
2024-10-14 20:36:20.964519 India: Foxtrot, sending you 4
2024-10-14 20:36:20.965401 Kilo: Tango, sending you 4
2024-10-14 20:36:20.965703 Delta: Yankee, sending you 4
2024-10-14 20:36:20.966037 Tango: November, sending you 5
2024-10-14 20:36:20.966720 Alpha: Charlie, sending you 6
2024-10-14 20:36:21.017003 Tango: Kilo, sending you 7
chatterbot Charlie submitting transactions
chatterbot Uniform submitting transactions
chatterbot India submitting transactions
chatterbot Tango submitting transactions
chatterbot Alpha submitting transactions
chatterbot Delta submitting transactions
chatterbot Kilo submitting transactions
ChatterBot India round 3
ChatterBot Delta round 3
ChatterBot Uniform round 3
ChatterBot November round 3
ChatterBot Charlie round 3
ChatterBot Foxtrot round 3
ChatterBot Yankee round 3
ChatterBot Tango round 3
ChatterBot Kilo round 3
ChatterBot Alpha round 3
2024-10-14 20:36:21.734113 Kilo: We should add Yankee
2024-10-14 20:36:21.749446 November: No
2024-10-14 20:36:21.749702 Uniform: No
2024-10-14 20:36:21.750362 Tango: Yes
ChatterBot Kilo reevaluating
ChatterBot Tango reevaluating
ChatterBot Kilo reevaluating
ChatterBot Kilo reevaluating
2024-10-14 20:36:21.799240 Tango: Group up?
ChatterBot Delta reevaluating
ChatterBot Alpha reevaluating
ChatterBot Kilo reevaluating
2024-10-14 20:36:21.840593 Charlie: Yes
2024-10-14 20:36:21.840854 Delta: Yes
2024-10-14 20:36:21.841028 Yankee: Yes
2024-10-14 20:36:21.841199 Alpha: No
2024-10-14 20:36:21.841778 Uniform: No
2024-10-14 20:36:21.841933 November: No
2024-10-14 20:36:21.842077 Kilo: No
ChatterBot Delta reevaluating
ChatterBot Alpha reevaluating
ChatterBot Tango reevaluating
ChatterBot Kilo reevaluating
ChatterBot Alpha reevaluating
ChatterBot Tango reevaluating
ChatterBot Kilo reevaluating
ChatterBot Delta reevaluating
ChatterBot Alpha reevaluating
ChatterBot Tango reevaluating
ChatterBot Kilo reevaluating
ChatterBot Delta reevaluating
ChatterBot Tango reevaluating
ChatterBot Kilo reevaluating
ChatterBot Delta reevaluating
ChatterBot Alpha reevaluating
ChatterBot Tango reevaluating
ChatterBot Kilo reevaluating
ChatterBot Delta reevaluating
ChatterBot Alpha reevaluating
ChatterBot Tango reevaluating
ChatterBot Kilo reevaluating
ChatterBot Delta reevaluating
ChatterBot Alpha reevaluating
ChatterBot Tango reevaluating
2024-10-14 20:36:22.216630 Alpha: We should add India and Foxtrot
ChatterBot Delta reevaluating
ChatterBot Charlie reevaluating
2024-10-14 20:36:22.241573 Delta: No
2024-10-14 20:36:22.242338 Charlie: Yes
2024-10-14 20:36:22.242513 Yankee: No
ChatterBot Alpha reevaluating
ChatterBot Charlie reevaluating
ChatterBot Alpha reevaluating
ChatterBot Delta reevaluating
ChatterBot Alpha reevaluating
ChatterBot Delta reevaluating
ChatterBot Charlie reevaluating
2024-10-14 20:36:22.384083 Alpha: India and Foxtrot we want you to join our group
2024-10-14 20:36:22.392598 Foxtrot: Yes
2024-10-14 20:36:22.392803 India: Yes
ChatterBot Delta reevaluating
ChatterBot Delta reevaluating
2024-10-14 20:36:22.463479 Yankee: Delta and Charlie, sending you 3
2024-10-14 20:36:22.464184 Tango: Uniform, sending you 3
2024-10-14 20:36:22.464993 Foxtrot: India, sending you 3
2024-10-14 20:36:22.465398 Uniform: November and Tango, sending you 5
2024-10-14 20:36:22.466159 November: Uniform, sending you 4
2024-10-14 20:36:22.466470 India: Delta, Yankee and Alpha, sending you 2
2024-10-14 20:36:22.466894 Charlie: Delta and Alpha, sending you 3
2024-10-14 20:36:22.467808 Yankee: Uniform, November, Tango and Kilo, sending you 2
2024-10-14 20:36:22.468308 Tango: November and Kilo, sending you 4
2024-10-14 20:36:22.469235 November: Tango and Kilo, sending you 5
2024-10-14 20:36:22.494986 Foxtrot: Delta, sending you 2
2024-10-14 20:36:22.495696 Uniform: Kilo, sending you 6
2024-10-14 20:36:22.496586 Charlie: Uniform, November, Yankee, Tango and Kilo, sending you 2
2024-10-14 20:36:22.497301 Kilo: Delta, Uniform, November, Charlie, Yankee, Tango and Alpha, sending you 2
2024-10-14 20:36:22.498581 India: Charlie, sending you 3
2024-10-14 20:36:22.499252 Alpha: India and Charlie, sending you 3
2024-10-14 20:36:22.500243 Yankee: Alpha, sending you 4
2024-10-14 20:36:22.500885 Tango: Charlie and Yankee, sending you 2
2024-10-14 20:36:22.502229 Foxtrot: Charlie, Yankee and Alpha, sending you 1
2024-10-14 20:36:22.502765 India: Foxtrot, sending you 5
2024-10-14 20:36:22.510235 Alpha: Delta and Yankee, sending you 4
2024-10-14 20:36:22.510568 Delta: India and Foxtrot, sending you 2
2024-10-14 20:36:22.518791 Alpha: Foxtrot, sending you 2
2024-10-14 20:36:22.520003 Delta: Charlie, sending you 4
2024-10-14 20:36:22.544193 Delta: Yankee, sending you 3
2024-10-14 20:36:22.553952 Delta: Alpha, sending you 5
chatterbot Uniform submitting transactions
chatterbot Charlie submitting transactions
chatterbot Kilo submitting transactions
chatterbot Yankee submitting transactions
chatterbot Foxtrot submitting transactions
chatterbot November submitting transactions
chatterbot India submitting transactions
chatterbot Alpha submitting transactions
chatterbot Tango submitting transactions
chatterbot Delta submitting transactions
ChatterBot India round 4
ChatterBot Delta round 4
ChatterBot Uniform round 4
ChatterBot November round 4
ChatterBot Charlie round 4
ChatterBot Foxtrot round 4
ChatterBot Yankee round 4
ChatterBot Tango round 4
ChatterBot Kilo round 4
ChatterBot Alpha round 4
2024-10-14 20:36:23.517658 Uniform: November and Kilo, sending you 6
2024-10-14 20:36:23.519670 Delta: Uniform, sending you 1
2024-10-14 20:36:23.520330 November: Uniform and Tango, sending you 5
2024-10-14 20:36:23.521688 Uniform: Tango, sending you 4
2024-10-14 20:36:23.523888 Delta: Charlie and Yankee, sending you 4
2024-10-14 20:36:23.525649 November: Kilo, sending you 4
2024-10-14 20:36:23.528946 Tango: Uniform and Kilo, sending you 3
2024-10-14 20:36:23.529514 Delta: Kilo, sending you 2
2024-10-14 20:36:23.530680 Foxtrot: India, Delta, Charlie and Alpha, sending you 2
2024-10-14 20:36:23.532684 India: Delta and Alpha, sending you 3
2024-10-14 20:36:23.533238 Charlie: India and Yankee, sending you 3
2024-10-14 20:36:23.534138 Tango: November, sending you 5
2024-10-14 20:36:23.534700 Delta: Alpha, sending you 5
2024-10-14 20:36:23.536658 Foxtrot: Yankee, sending you 1
2024-10-14 20:36:23.537137 Charlie: Delta and Alpha, sending you 4
2024-10-14 20:36:23.537669 Kilo: Delta, Uniform, November, Charlie, Yankee, Tango and Alpha, sending you 2
2024-10-14 20:36:23.538259 India: Charlie, sending you 2
2024-10-14 20:36:23.539097 Tango: Charlie and Yankee, sending you 2
2024-10-14 20:36:23.539701 Alpha: India and Charlie, sending you 3
2024-10-14 20:36:23.540288 Yankee: India and Charlie, sending you 3
2024-10-14 20:36:23.540783 Charlie: Foxtrot, sending you 2
2024-10-14 20:36:23.542702 India: Foxtrot, sending you 5
2024-10-14 20:36:23.544693 Alpha: Delta and Yankee, sending you 4
2024-10-14 20:36:23.545833 Yankee: Delta, sending you 4
2024-10-14 20:36:23.547652 Alpha: Foxtrot, sending you 2
2024-10-14 20:36:23.548665 India: Yankee, sending you 1
2024-10-14 20:36:23.550660 Yankee: Foxtrot, sending you 2
2024-10-14 20:36:23.555662 Yankee: Alpha, sending you 6
chatterbot Foxtrot submitting transactions
chatterbot Uniform submitting transactions
chatterbot Yankee submitting transactions
chatterbot Charlie submitting transactions
chatterbot Alpha submitting transactions
chatterbot Delta submitting transactions
chatterbot Tango submitting transactions
chatterbot Kilo submitting transactions
chatterbot November submitting transactions
chatterbot India submitting transactions
ChatterBot India round 5
ChatterBot Delta round 5
ChatterBot Uniform round 5
ChatterBot November round 5
ChatterBot Charlie round 5
ChatterBot Foxtrot round 5
ChatterBot Yankee round 5
ChatterBot Tango round 5
ChatterBot Kilo round 5
ChatterBot Alpha round 5
2024-10-14 20:36:24.799674 Foxtrot: India, sending you 3
2024-10-14 20:36:24.801709 Delta: India and Yankee, sending you 3
2024-10-14 20:36:24.802735 Foxtrot: Delta, Charlie, Yankee and Alpha, sending you 2
2024-10-14 20:36:24.805707 Delta: Charlie and Alpha, sending you 4
2024-10-14 20:36:24.807709 Uniform: November, sending you 6
2024-10-14 20:36:24.808695 Delta: Foxtrot, sending you 2
2024-10-14 20:36:24.810091 November: Uniform and Tango, sending you 5
2024-10-14 20:36:24.811795 India: Delta, sending you 1
2024-10-14 20:36:24.812476 Uniform: Tango and Kilo, sending you 5
2024-10-14 20:36:24.812960 Charlie: India, Foxtrot, Yankee and Alpha, sending you 3
2024-10-14 20:36:24.814698 November: Kilo, sending you 4
2024-10-14 20:36:24.816673 India: Charlie, Yankee and Alpha, sending you 3
2024-10-14 20:36:24.817523 Tango: Uniform and Kilo, sending you 4
2024-10-14 20:36:24.818566 Charlie: Delta, sending you 4
2024-10-14 20:36:24.819716 Yankee: India, sending you 3
2024-10-14 20:36:24.821082 India: Foxtrot, sending you 4
2024-10-14 20:36:24.821841 Tango: November, sending you 5
2024-10-14 20:36:24.823688 Kilo: Uniform and November, sending you 5
2024-10-14 20:36:24.824128 Alpha: India and Charlie, sending you 3
2024-10-14 20:36:24.824784 Yankee: Delta and Charlie, sending you 4
2024-10-14 20:36:24.825955 Tango: Yankee, sending you 2
2024-10-14 20:36:24.828669 Kilo: Tango, sending you 4
2024-10-14 20:36:24.829076 Alpha: Delta and Yankee, sending you 4
2024-10-14 20:36:24.829728 Yankee: Foxtrot, sending you 2
2024-10-14 20:36:24.832652 Alpha: Foxtrot, sending you 2
2024-10-14 20:36:24.833705 Yankee: Alpha, sending you 5
chatterbot Foxtrot submitting transactions
chatterbot November submitting transactions
chatterbot Kilo submitting transactions
chatterbot Yankee submitting transactions
chatterbot Tango submitting transactions
chatterbot Uniform submitting transactions
chatterbot Delta submitting transactions
chatterbot Alpha submitting transactions
chatterbot Charlie submitting transactions
chatterbot India submitting transactions
ChatterBot India round 6
ChatterBot Delta round 6
ChatterBot Uniform round 6
ChatterBot November round 6
ChatterBot Charlie round 6
ChatterBot Foxtrot round 6
ChatterBot Yankee round 6
ChatterBot Tango round 6
ChatterBot Kilo round 6
ChatterBot Alpha round 6
2024-10-14 20:36:25.958672 Delta: India and Foxtrot, sending you 2
2024-10-14 20:36:25.963659 Delta: Charlie, Yankee and Alpha, sending you 4
2024-10-14 20:36:25.966786 Charlie: India, Foxtrot, Yankee and Alpha, sending you 3
2024-10-14 20:36:25.970662 Charlie: Delta, sending you 4
2024-10-14 20:36:25.971681 November: Uniform and Tango, sending you 5
2024-10-14 20:36:25.972678 India: Delta, sending you 2
2024-10-14 20:36:25.973229 Tango: Uniform and Kilo, sending you 4
2024-10-14 20:36:25.974681 November: Kilo, sending you 4
2024-10-14 20:36:25.975845 Foxtrot: India, sending you 4
2024-10-14 20:36:25.976577 Tango: November, sending you 6
2024-10-14 20:36:25.977060 Yankee: India, sending you 3
2024-10-14 20:36:25.978245 India: Charlie, Foxtrot, Yankee and Alpha, sending you 3
2024-10-14 20:36:25.978898 Uniform: November, sending you 6
2024-10-14 20:36:25.979704 Foxtrot: Delta, Charlie, Yankee and Alpha, sending you 2
2024-10-14 20:36:25.980887 Alpha: India and Charlie, sending you 3
2024-10-14 20:36:25.981689 Tango: Yankee, sending you 1
2024-10-14 20:36:25.982159 Yankee: Delta and Charlie, sending you 4
2024-10-14 20:36:25.983781 Uniform: Tango and Kilo, sending you 5
2024-10-14 20:36:25.984268 Kilo: Uniform and November, sending you 5
2024-10-14 20:36:25.985660 Alpha: Delta and Yankee, sending you 4
2024-10-14 20:36:25.986156 Yankee: Foxtrot, sending you 2
2024-10-14 20:36:25.987648 Kilo: Tango, sending you 4
2024-10-14 20:36:25.988703 Alpha: Foxtrot, sending you 2
2024-10-14 20:36:25.990833 Yankee: Alpha, sending you 5
chatterbot Yankee submitting transactions
chatterbot Tango submitting transactions
chatterbot India submitting transactions
chatterbot Uniform submitting transactions
chatterbot Alpha submitting transactions
chatterbot November submitting transactions
chatterbot Foxtrot submitting transactions
chatterbot Kilo submitting transactions
chatterbot Charlie submitting transactions
chatterbot Delta submitting transactions
ChatterBot India round 7
ChatterBot Delta round 7
ChatterBot Uniform round 7
ChatterBot November round 7
ChatterBot Charlie round 7
ChatterBot Foxtrot round 7
ChatterBot Yankee round 7
ChatterBot Tango round 7
ChatterBot Kilo round 7
ChatterBot Alpha round 7
2024-10-14 20:36:26.994660 Delta: India and Foxtrot, sending you 2
2024-10-14 20:36:26.996684 India: Delta, sending you 2
2024-10-14 20:36:26.998268 Charlie: India, Foxtrot, Yankee and Alpha, sending you 3
2024-10-14 20:36:26.998845 Delta: Charlie, Yankee and Alpha, sending you 4
2024-10-14 20:36:27.000679 India: Charlie, Foxtrot, Yankee and Alpha, sending you 3
2024-10-14 20:36:27.002416 Charlie: Delta, sending you 4
2024-10-14 20:36:27.003170 Tango: Uniform and Kilo, sending you 4
2024-10-14 20:36:27.003698 Foxtrot: India, Charlie and Alpha, sending you 3
2024-10-14 20:36:27.004424 Kilo: Uniform and November, sending you 5
2024-10-14 20:36:27.005659 Yankee: India and Foxtrot, sending you 3
2024-10-14 20:36:27.007674 Tango: November, sending you 6
2024-10-14 20:36:27.008139 Uniform: November, sending you 6
2024-10-14 20:36:27.008664 Foxtrot: Delta and Yankee, sending you 2
2024-10-14 20:36:27.009226 Kilo: Tango, sending you 4
2024-10-14 20:36:27.010659 Yankee: Delta, Charlie and Alpha, sending you 4
2024-10-14 20:36:27.011239 Uniform: Tango and Kilo, sending you 5
2024-10-14 20:36:27.011676 Tango: Yankee, sending you 1
2024-10-14 20:36:27.013656 Alpha: India and Charlie, sending you 3
2024-10-14 20:36:27.017860 Alpha: Delta and Yankee, sending you 4
2024-10-14 20:36:27.023652 Alpha: Foxtrot, sending you 2
chatterbot Uniform submitting transactions
chatterbot India submitting transactions
chatterbot Tango submitting transactions
chatterbot Delta submitting transactions
chatterbot Kilo submitting transactions
chatterbot November submitting transactions
chatterbot Foxtrot submitting transactions
chatterbot Charlie submitting transactions
chatterbot Yankee submitting transactions
chatterbot Alpha submitting transactions
ChatterBot India round 8
ChatterBot Delta round 8
ChatterBot Uniform round 8
ChatterBot November round 8
ChatterBot Charlie round 8
ChatterBot Foxtrot round 8
ChatterBot Yankee round 8
ChatterBot Tango round 8
ChatterBot Kilo round 8
ChatterBot Alpha round 8
2024-10-14 20:36:28.064877 Delta: We should add Uniform
ChatterBot Yankee reevaluating
2024-10-14 20:36:28.078756 Yankee: No
2024-10-14 20:36:28.078945 Foxtrot: No
2024-10-14 20:36:28.079097 Charlie: No
2024-10-14 20:36:28.079240 Alpha: No
2024-10-14 20:36:28.079380 India: No
ChatterBot Foxtrot reevaluating
ChatterBot Charlie reevaluating
ChatterBot Delta reevaluating
ChatterBot Yankee reevaluating
ChatterBot Charlie reevaluating
ChatterBot Delta reevaluating
ChatterBot Yankee reevaluating
ChatterBot Foxtrot reevaluating
ChatterBot Delta reevaluating
ChatterBot Yankee reevaluating
ChatterBot Foxtrot reevaluating
ChatterBot Charlie reevaluating
ChatterBot Delta reevaluating
ChatterBot Yankee reevaluating
ChatterBot Foxtrot reevaluating
ChatterBot Charlie reevaluating
ChatterBot Delta reevaluating
2024-10-14 20:36:28.146347 Charlie: We should add Tango
ChatterBot Yankee reevaluating
ChatterBot Foxtrot reevaluating
ChatterBot Alpha reevaluating
ChatterBot Delta reevaluating
2024-10-14 20:36:28.157468 Yankee: No
2024-10-14 20:36:28.157583 Foxtrot: No
2024-10-14 20:36:28.157709 Alpha: Yes
2024-10-14 20:36:28.157841 India: No
2024-10-14 20:36:28.157938 Delta: No
ChatterBot Foxtrot reevaluating
ChatterBot Charlie reevaluating
ChatterBot Alpha reevaluating
ChatterBot Delta reevaluating
ChatterBot Yankee reevaluating
ChatterBot Charlie reevaluating
ChatterBot Alpha reevaluating
ChatterBot Delta reevaluating
ChatterBot Yankee reevaluating
ChatterBot Foxtrot reevaluating
ChatterBot Charlie reevaluating
ChatterBot Delta reevaluating
ChatterBot Yankee reevaluating
ChatterBot Foxtrot reevaluating
ChatterBot Charlie reevaluating
ChatterBot Alpha reevaluating
ChatterBot Delta reevaluating
ChatterBot Yankee reevaluating
ChatterBot Foxtrot reevaluating
ChatterBot Charlie reevaluating
ChatterBot Alpha reevaluating
2024-10-14 20:36:28.229702 India: Delta, sending you 2
2024-10-14 20:36:28.231782 Delta: Tango we want you to join our group
ChatterBot Tango reevaluating
2024-10-14 20:36:28.236011 Tango: No
ChatterBot Delta reevaluating
2024-10-14 20:36:28.252309 Tango: We should replace Yankee with Delta
2024-10-14 20:36:28.252597 Delta: We should add Kilo
ChatterBot Kilo reevaluating
ChatterBot India reevaluating
2024-10-14 20:36:28.272537 November: No
2024-10-14 20:36:28.272690 Uniform: No
2024-10-14 20:36:28.272817 Kilo: Yes
2024-10-14 20:36:28.272959 Yankee: No
2024-10-14 20:36:28.273081 Foxtrot: No
2024-10-14 20:36:28.273198 Charlie: No
2024-10-14 20:36:28.273306 Alpha: No
2024-10-14 20:36:28.273406 India: Yes
ChatterBot Tango reevaluating
ChatterBot Kilo reevaluating
ChatterBot India reevaluating
ChatterBot Delta reevaluating
ChatterBot Tango reevaluating
ChatterBot Kilo reevaluating
ChatterBot India reevaluating
ChatterBot Delta reevaluating
ChatterBot Tango reevaluating
ChatterBot India reevaluating
ChatterBot Delta reevaluating
ChatterBot India reevaluating
ChatterBot Delta reevaluating
ChatterBot Delta reevaluating
2024-10-14 20:36:28.450626 Foxtrot: We should drop Delta
ChatterBot India reevaluating
2024-10-14 20:36:28.460837 India: Yes
2024-10-14 20:36:28.461054 Charlie: No
2024-10-14 20:36:28.461224 Yankee: No
2024-10-14 20:36:28.461369 Alpha: No
ChatterBot India reevaluating
ChatterBot India reevaluating
ChatterBot Foxtrot reevaluating
ChatterBot India reevaluating
2024-10-14 20:36:28.507075 Alpha: I was attacked by November
ChatterBot Yankee reevaluating
ChatterBot Foxtrot reevaluating
ChatterBot Charlie reevaluating
ChatterBot India reevaluating
ChatterBot Delta reevaluating
2024-10-14 20:36:28.530499 Alpha: Ow
2024-10-14 20:36:28.532226 November: Uniform and Tango, sending you 5
2024-10-14 20:36:28.533482 Uniform: November and Tango, sending you 5
2024-10-14 20:36:28.535675 November: Kilo, sending you 4
2024-10-14 20:36:28.537302 Uniform: Kilo, sending you 6
2024-10-14 20:36:28.543031 Kilo: Uniform and Tango, sending you 5
2024-10-14 20:36:28.546830 Kilo: November, sending you 4
2024-10-14 20:36:28.552857 Charlie: India, Foxtrot, Yankee and Alpha, sending you 3
2024-10-14 20:36:28.557665 Charlie: Delta, sending you 4
2024-10-14 20:36:28.564974 Tango: Uniform, sending you 6
2024-10-14 20:36:28.567686 Tango: November and Kilo, sending you 4
2024-10-14 20:36:28.569679 Foxtrot: India, sending you 4
2024-10-14 20:36:28.570885 Delta: India and Foxtrot, sending you 2
2024-10-14 20:36:28.571716 Tango: Yankee, sending you 1
2024-10-14 20:36:28.573678 Foxtrot: Charlie, Yankee and Alpha, sending you 2
2024-10-14 20:36:28.574132 Delta: Charlie, Yankee and Alpha, sending you 4
chatterbot Uniform submitting transactions
chatterbot Charlie submitting transactions
chatterbot Alpha submitting transactions
chatterbot November submitting transactions
chatterbot India submitting transactions
chatterbot Yankee submitting transactions
chatterbot Kilo submitting transactions
chatterbot Tango submitting transactions
chatterbot Foxtrot submitting transactions
chatterbot Delta submitting transactions
ChatterBot India round 9
ChatterBot Delta round 9
ChatterBot Uniform round 9
ChatterBot November round 9
ChatterBot Charlie round 9
ChatterBot Foxtrot round 9
ChatterBot Yankee round 9
ChatterBot Tango round 9
ChatterBot Kilo round 9
ChatterBot Alpha round 9
2024-10-14 20:36:29.682241 Kilo: We should add Delta
ChatterBot Tango reevaluating
2024-10-14 20:36:29.732538 November: No
2024-10-14 20:36:29.732888 Uniform: No
2024-10-14 20:36:29.733077 Tango: Yes
ChatterBot Tango reevaluating
ChatterBot Kilo reevaluating
ChatterBot Tango reevaluating
ChatterBot Kilo reevaluating
ChatterBot Kilo reevaluating
2024-10-14 20:36:29.779375 Foxtrot: We should add Delta
2024-10-14 20:36:29.792705 India: Yes
2024-10-14 20:36:29.792964 Charlie: Yes
2024-10-14 20:36:29.793216 Yankee: Yes
2024-10-14 20:36:29.793439 Alpha: Yes
ChatterBot Foxtrot reevaluating
ChatterBot India reevaluating
ChatterBot Foxtrot reevaluating
ChatterBot India reevaluating
ChatterBot Foxtrot reevaluating
ChatterBot India reevaluating
2024-10-14 20:36:29.921194 Foxtrot: We should replace Yankee with Delta
ChatterBot India reevaluating
2024-10-14 20:36:29.937407 India: No
2024-10-14 20:36:29.937631 Charlie: No
2024-10-14 20:36:29.937792 Alpha: No
ChatterBot Foxtrot reevaluating
ChatterBot Foxtrot reevaluating
ChatterBot India reevaluating
ChatterBot Foxtrot reevaluating
ChatterBot India reevaluating
2024-10-14 20:36:29.981671 Delta: India and Foxtrot, sending you 2
2024-10-14 20:36:29.983333 Uniform: November and Tango, sending you 4
2024-10-14 20:36:29.984040 Foxtrot: Delta we want you to join our group
2024-10-14 20:36:29.988477 Delta: Yes
ChatterBot Foxtrot reevaluating
ChatterBot India reevaluating
2024-10-14 20:36:30.007435 November: I was attacked by Foxtrot, Yankee and Alpha
ChatterBot Uniform reevaluating
ChatterBot Tango reevaluating
ChatterBot Kilo reevaluating
2024-10-14 20:36:30.021151 November: I'm keeping this round to protect myself
2024-10-14 20:36:30.022451 November: Ow
2024-10-14 20:36:30.022894 Delta: Charlie, sending you 5
2024-10-14 20:36:30.024089 India: We should drop Yankee
ChatterBot Foxtrot reevaluating
ChatterBot Charlie reevaluating
ChatterBot Alpha reevaluating
2024-10-14 20:36:30.039269 Foxtrot: Yes
2024-10-14 20:36:30.039401 Delta: No
2024-10-14 20:36:30.039522 Charlie: Yes
2024-10-14 20:36:30.039643 Alpha: Yes
ChatterBot India reevaluating
ChatterBot Charlie reevaluating
ChatterBot Alpha reevaluating
ChatterBot Foxtrot reevaluating
ChatterBot India reevaluating
ChatterBot Charlie reevaluating
ChatterBot Alpha reevaluating
ChatterBot Foxtrot reevaluating
ChatterBot India reevaluating
ChatterBot Alpha reevaluating
ChatterBot Foxtrot reevaluating
ChatterBot India reevaluating
ChatterBot Charlie reevaluating
2024-10-14 20:36:30.093914 Delta: Yankee and Alpha, sending you 3
2024-10-14 20:36:30.094445 Yankee: India and Foxtrot, sending you 3
2024-10-14 20:36:30.098003 Delta: Tango, sending you 1
2024-10-14 20:36:30.099663 Yankee: Delta, Charlie and Alpha, sending you 4
2024-10-14 20:36:30.106068 Tango: Uniform and November, sending you 5
2024-10-14 20:36:30.109711 Kilo: Uniform and November, sending you 5
2024-10-14 20:36:30.110665 Tango: Yankee, sending you 1
2024-10-14 20:36:30.113676 Uniform: November and Tango, sending you 5
2024-10-14 20:36:30.114664 Kilo: Tango, sending you 4
2024-10-14 20:36:30.115061 Tango: Kilo, sending you 4
2024-10-14 20:36:30.117058 Uniform: Kilo, sending you 6
2024-10-14 20:36:30.121670 India: Delta and Alpha, sending you 3
2024-10-14 20:36:30.126103 India: Charlie and Foxtrot, sending you 4
2024-10-14 20:36:30.135658 Foxtrot: India, sending you 4
2024-10-14 20:36:30.139669 Foxtrot: Delta, Charlie and Alpha, sending you 3
chatterbot Delta submitting transactions
chatterbot Yankee submitting transactions
chatterbot Foxtrot submitting transactions
chatterbot Alpha submitting transactions
chatterbot Tango submitting transactions
chatterbot India submitting transactions
chatterbot Uniform submitting transactions
chatterbot Kilo submitting transactions
chatterbot November submitting transactions
chatterbot Charlie submitting transactions
ChatterBot India round 10
ChatterBot Delta round 10
ChatterBot Uniform round 10
ChatterBot November round 10
ChatterBot Charlie round 10
ChatterBot Foxtrot round 10
ChatterBot Yankee round 10
ChatterBot Tango round 10
ChatterBot Kilo round 10
ChatterBot Alpha round 10
2024-10-14 20:36:31.485803 Tango: We should replace Yankee with Charlie
2024-10-14 20:36:31.501073 November: No
2024-10-14 20:36:31.501302 Uniform: No
2024-10-14 20:36:31.501483 Kilo: No
ChatterBot Tango reevaluating
ChatterBot Tango reevaluating
ChatterBot Tango reevaluating
2024-10-14 20:36:31.540971 Alpha: We should add Yankee
ChatterBot Foxtrot reevaluating
ChatterBot Delta reevaluating
ChatterBot Charlie reevaluating
2024-10-14 20:36:31.554498 Foxtrot: Yes
2024-10-14 20:36:31.554650 India: No
2024-10-14 20:36:31.554840 Delta: Yes
2024-10-14 20:36:31.554968 Charlie: Yes
ChatterBot India reevaluating
ChatterBot Delta reevaluating
ChatterBot Charlie reevaluating
ChatterBot Foxtrot reevaluating
ChatterBot Delta reevaluating
ChatterBot Charlie reevaluating
ChatterBot Foxtrot reevaluating
ChatterBot India reevaluating
ChatterBot Charlie reevaluating
ChatterBot Foxtrot reevaluating
ChatterBot India reevaluating
ChatterBot Delta reevaluating
2024-10-14 20:36:31.606392 Tango: We should replace Yankee with Delta
ChatterBot Kilo reevaluating
2024-10-14 20:36:31.614424 November: No
2024-10-14 20:36:31.614567 Uniform: No
2024-10-14 20:36:31.614705 Kilo: No
ChatterBot Tango reevaluating
ChatterBot Kilo reevaluating
ChatterBot Tango reevaluating
ChatterBot Kilo reevaluating
ChatterBot Tango reevaluating
2024-10-14 20:36:31.638338 Alpha: Yankee we want you to join our group
2024-10-14 20:36:31.641169 Yankee: Yes
ChatterBot Foxtrot reevaluating
ChatterBot Charlie reevaluating
ChatterBot India reevaluating
ChatterBot Delta reevaluating
2024-10-14 20:36:31.659671 Uniform: November and Tango, sending you 4
2024-10-14 20:36:31.660666 Yankee: India and Foxtrot, sending you 3
2024-10-14 20:36:31.663558 Tango: Charlie we want you to join our group
2024-10-14 20:36:31.666994 Charlie: No
ChatterBot Tango reevaluating
ChatterBot Kilo reevaluating
2024-10-14 20:36:31.680373 Charlie: Yankee we want you to join our group
2024-10-14 20:36:31.684283 Yankee: Yes
ChatterBot Foxtrot reevaluating
ChatterBot India reevaluating
2024-10-14 20:36:31.700832 Foxtrot: We should replace Alpha with Yankee
ChatterBot India reevaluating
ChatterBot Delta reevaluating
2024-10-14 20:36:31.711455 India: No
2024-10-14 20:36:31.711659 Delta: No
2024-10-14 20:36:31.711811 Charlie: No
ChatterBot Foxtrot reevaluating
ChatterBot Delta reevaluating
ChatterBot Foxtrot reevaluating
ChatterBot India reevaluating
ChatterBot Foxtrot reevaluating
ChatterBot India reevaluating
ChatterBot Delta reevaluating
2024-10-14 20:36:31.739036 Uniform: Kilo, sending you 5
2024-10-14 20:36:31.739992 Yankee: Delta, Charlie and Alpha, sending you 4
2024-10-14 20:36:31.743697 India: Yankee we want you to join our group
2024-10-14 20:36:31.747041 Yankee: Yes
ChatterBot Foxtrot reevaluating
ChatterBot Delta reevaluating
2024-10-14 20:36:31.766669 Kilo: Uniform and Tango, sending you 5
2024-10-14 20:36:31.769671 Kilo: November, sending you 4
2024-10-14 20:36:31.772670 Foxtrot: Yankee we want you to join our group
2024-10-14 20:36:31.776210 Yankee: Yes
ChatterBot Foxtrot reevaluating
2024-10-14 20:36:31.792999 Tango: Uniform and Kilo, sending you 5
2024-10-14 20:36:31.795825 Tango: November, sending you 4
2024-10-14 20:36:31.796690 India: Delta, sending you 2
2024-10-14 20:36:31.797914 Delta: India and Foxtrot, sending you 2
2024-10-14 20:36:31.800651 Tango: Charlie, sending you 1
2024-10-14 20:36:31.801055 India: Charlie, Foxtrot, Yankee and Alpha, sending you 3
2024-10-14 20:36:31.801861 Delta: Charlie, sending you 5
2024-10-14 20:36:31.805797 Delta: Yankee and Alpha, sending you 3
2024-10-14 20:36:31.809685 Delta: Tango, sending you 1
2024-10-14 20:36:31.816654 Foxtrot: India, Charlie and Yankee, sending you 3
2024-10-14 20:36:31.821653 Foxtrot: Delta and Alpha, sending you 2
chatterbot Uniform submitting transactions
chatterbot November submitting transactions
chatterbot Kilo submitting transactions
chatterbot Alpha submitting transactions
chatterbot Delta submitting transactions
chatterbot Tango submitting transactions
chatterbot Foxtrot submitting transactions
chatterbot Charlie submitting transactions
chatterbot Yankee submitting transactions
chatterbot India submitting transactions
ChatterBot India round 11
ChatterBot Delta round 11
ChatterBot Uniform round 11
ChatterBot November round 11
ChatterBot Charlie round 11
ChatterBot Foxtrot round 11
ChatterBot Yankee round 11
ChatterBot Tango round 11
ChatterBot Kilo round 11
ChatterBot Alpha round 11
2024-10-14 20:36:32.855602 Tango: We should replace Charlie with Delta
2024-10-14 20:36:32.873063 November: No
2024-10-14 20:36:32.873311 Uniform: No
2024-10-14 20:36:32.873507 Kilo: No
ChatterBot Tango reevaluating
2024-10-14 20:36:32.929139 Alpha: We should add Yankee
ChatterBot India reevaluating
ChatterBot Delta reevaluating
2024-10-14 20:36:32.953813 Foxtrot: Yes
2024-10-14 20:36:32.954015 India: Yes
2024-10-14 20:36:32.954166 Delta: Yes
2024-10-14 20:36:32.954311 Charlie: Yes
ChatterBot India reevaluating
ChatterBot Delta reevaluating
ChatterBot Foxtrot reevaluating
ChatterBot Delta reevaluating
