ChatterBot Yankee round 1
ChatterBot Oscar round 1
ChatterBot Delta round 1
ChatterBot Hotel round 1
ChatterBot Whiskey round 1
ChatterBot Kilo round 1
ChatterBot Tango round 1
ChatterBot November round 1
ChatterBot Charlie round 1
ChatterBot Mike round 1
randomSelections Delta: {Delta, Mike, Charlie, Kilo, Yankee, Hotel} 
2024-10-14 20:36:18.262784 Delta: We would work well together
ChatterBot Mike reevaluating
ChatterBot Charlie reevaluating
ChatterBot Kilo reevaluating
ChatterBot Yankee reevaluating
ChatterBot Hotel reevaluating
2024-10-14 20:36:18.278799 Mike: Yes
2024-10-14 20:36:18.279001 Charlie: Yes
2024-10-14 20:36:18.279175 Kilo: Yes
2024-10-14 20:36:18.279324 Yankee: Yes
2024-10-14 20:36:18.279915 Hotel: Yes
ChatterBot Charlie reevaluating
ChatterBot Kilo reevaluating
ChatterBot Yankee reevaluating
ChatterBot Hotel reevaluating
ChatterBot Mike reevaluating
ChatterBot Kilo reevaluating
ChatterBot Yankee reevaluating
ChatterBot Hotel reevaluating
ChatterBot Mike reevaluating
ChatterBot Charlie reevaluating
ChatterBot Yankee reevaluating
ChatterBot Hotel reevaluating
ChatterBot Mike reevaluating
ChatterBot Charlie reevaluating
ChatterBot Kilo reevaluating
ChatterBot Hotel reevaluating
ChatterBot Mike reevaluating
ChatterBot Charlie reevaluating
ChatterBot Kilo reevaluating
ChatterBot Yankee reevaluating
randomSelections Tango: {Tango, Hotel, November, Kilo, Whiskey, Oscar, Mike} 
2024-10-14 20:36:18.361212 Tango: Group up?
ChatterBot Hotel reevaluating
ChatterBot November reevaluating
ChatterBot Kilo reevaluating
ChatterBot Whiskey reevaluating
ChatterBot Oscar reevaluating
ChatterBot Mike reevaluating
2024-10-14 20:36:18.379407 Hotel: No
2024-10-14 20:36:18.379686 November: Yes
2024-10-14 20:36:18.380539 Kilo: No
2024-10-14 20:36:18.380825 Whiskey: Yes
2024-10-14 20:36:18.380969 Oscar: Yes
2024-10-14 20:36:18.381144 Mike: No
ChatterBot November reevaluating
ChatterBot Kilo reevaluating
ChatterBot Whiskey reevaluating
ChatterBot Oscar reevaluating
ChatterBot Mike reevaluating
ChatterBot Hotel reevaluating
ChatterBot Kilo reevaluating
ChatterBot Whiskey reevaluating
ChatterBot Oscar reevaluating
ChatterBot Mike reevaluating
ChatterBot Hotel reevaluating
ChatterBot November reevaluating
ChatterBot Whiskey reevaluating
ChatterBot Oscar reevaluating
ChatterBot Mike reevaluating
ChatterBot Hotel reevaluating
ChatterBot November reevaluating
ChatterBot Kilo reevaluating
ChatterBot Oscar reevaluating
ChatterBot Mike reevaluating
ChatterBot Hotel reevaluating
ChatterBot November reevaluating
ChatterBot Kilo reevaluating
ChatterBot Whiskey reevaluating
ChatterBot Mike reevaluating
ChatterBot Hotel reevaluating
ChatterBot November reevaluating
ChatterBot Kilo reevaluating
ChatterBot Whiskey reevaluating
ChatterBot Oscar reevaluating
2024-10-14 20:36:18.503744 Yankee: Delta and Charlie, sending you 2
2024-10-14 20:36:18.504717 Hotel: Yankee and Charlie, sending you 1
2024-10-14 20:36:18.505085 Tango: Oscar, sending you 4
2024-10-14 20:36:18.506391 Delta: Yankee, sending you 2
2024-10-14 20:36:18.506939 Whiskey: Oscar, Hotel and Kilo, sending you 2
2024-10-14 20:36:18.507851 Kilo: Yankee and Delta, sending you 2
2024-10-14 20:36:18.508199 Mike: Yankee, Kilo and Charlie, sending you 2
2024-10-14 20:36:18.508507 Yankee: Hotel, sending you 1
2024-10-14 20:36:18.509349 Hotel: Delta, sending you 2
2024-10-14 20:36:18.509992 Tango: Hotel and Kilo, sending you 1
2024-10-14 20:36:18.511654 Delta: Hotel and Mike, sending you 4
2024-10-14 20:36:18.512585 Whiskey: Tango and November, sending you 3
2024-10-14 20:36:18.512932 Kilo: Hotel, sending you 1
2024-10-14 20:36:18.513256 Yankee: Mike, sending you 4
2024-10-14 20:36:18.514339 November: Whiskey, sending you 2
2024-10-14 20:36:18.514730 Mike: Delta, sending you 1
2024-10-14 20:36:18.515152 Hotel: Kilo, sending you 3
2024-10-14 20:36:18.516102 Charlie: Yankee, sending you 2
2024-10-14 20:36:18.516471 Tango: Whiskey and November, sending you 2
2024-10-14 20:36:18.516911 Oscar: Hotel and November, sending you 3
2024-10-14 20:36:18.517847 Delta: Kilo and Charlie, sending you 1
2024-10-14 20:36:18.518318 Kilo: Charlie and Mike, sending you 3
2024-10-14 20:36:18.519302 Whiskey: Mike, sending you 1
2024-10-14 20:36:18.519671 November: Kilo, sending you 3
2024-10-14 20:36:18.519999 Mike: Hotel, sending you 5
2024-10-14 20:36:18.520726 Charlie: Delta, sending you 4
2024-10-14 20:36:18.521078 Hotel: Mike, sending you 4
2024-10-14 20:36:18.521896 Tango: Mike, sending you 3
2024-10-14 20:36:18.522262 Oscar: Whiskey, Kilo and Mike, sending you 2
2024-10-14 20:36:18.538750 Charlie: Hotel and Kilo, sending you 3
2024-10-14 20:36:18.539191 Oscar: Tango, sending you 4
2024-10-14 20:36:18.543405 Charlie: Mike, sending you 1
chatterbot Tango submitting transactions
chatterbot Delta submitting transactions
chatterbot Oscar submitting transactions
chatterbot November submitting transactions
chatterbot Mike submitting transactions
chatterbot Kilo submitting transactions
chatterbot Hotel submitting transactions
chatterbot Yankee submitting transactions
chatterbot Whiskey submitting transactions
chatterbot Charlie submitting transactions
ChatterBot Yankee round 2
ChatterBot Oscar round 2
ChatterBot Delta round 2
ChatterBot Hotel round 2
ChatterBot Whiskey round 2
ChatterBot Kilo round 2
ChatterBot Tango round 2
ChatterBot November round 2
ChatterBot Charlie round 2
ChatterBot Mike round 2
2024-10-14 20:36:20.593358 Tango: Friends?
ChatterBot Oscar reevaluating
ChatterBot Whiskey reevaluating
ChatterBot November reevaluating
2024-10-14 20:36:20.611345 Oscar: Yes
2024-10-14 20:36:20.611719 Whiskey: Yes
2024-10-14 20:36:20.611998 November: Yes
ChatterBot Whiskey reevaluating
ChatterBot November reevaluating
ChatterBot Oscar reevaluating
ChatterBot November reevaluating
ChatterBot Oscar reevaluating
ChatterBot Whiskey reevaluating
2024-10-14 20:36:20.663805 Whiskey: Let's form a team
ChatterBot Oscar reevaluating
ChatterBot November reevaluating
2024-10-14 20:36:20.682313 Tango: Yes
2024-10-14 20:36:20.686046 Oscar: Yes
2024-10-14 20:36:20.693608 November: Yes
ChatterBot Oscar reevaluating
ChatterBot Whiskey reevaluating
ChatterBot November reevaluating
ChatterBot Whiskey reevaluating
ChatterBot November reevaluating
ChatterBot Oscar reevaluating
ChatterBot Whiskey reevaluating
2024-10-14 20:36:20.796469 Kilo: We should group up
ChatterBot Oscar reevaluating
ChatterBot Whiskey reevaluating
ChatterBot Tango reevaluating
ChatterBot November reevaluating
2024-10-14 20:36:20.820045 Oscar: No
2024-10-14 20:36:20.820254 Whiskey: Yes
2024-10-14 20:36:20.820446 Tango: Yes
2024-10-14 20:36:20.820645 November: No
ChatterBot Whiskey reevaluating
ChatterBot Tango reevaluating
ChatterBot November reevaluating
ChatterBot Oscar reevaluating
ChatterBot Tango reevaluating
ChatterBot November reevaluating
ChatterBot Oscar reevaluating
ChatterBot Whiskey reevaluating
ChatterBot November reevaluating
ChatterBot Oscar reevaluating
ChatterBot Whiskey reevaluating
ChatterBot Tango reevaluating
2024-10-14 20:36:20.911792 Charlie: We should drop Delta
2024-10-14 20:36:20.930791 Yankee: No
2024-10-14 20:36:20.931019 Hotel: No
2024-10-14 20:36:20.931210 Kilo: Yes
2024-10-14 20:36:20.931377 Mike: No
ChatterBot Charlie reevaluating
ChatterBot Charlie reevaluating
ChatterBot Charlie reevaluating
2024-10-14 20:36:21.009025 Whiskey: We should drop Hotel and Mike
2024-10-14 20:36:21.027626 Kilo: Yes
2024-10-14 20:36:21.027874 Oscar: Yes
2024-10-14 20:36:21.028643 Tango: Yes
2024-10-14 20:36:21.028870 November: Yes
2024-10-14 20:36:21.111655 Tango: Oscar and Whiskey, sending you 5
2024-10-14 20:36:21.112021 November: Sending you each 6
2024-10-14 20:36:21.112772 Mike: Yankee, Delta and Hotel, sending you 3
2024-10-14 20:36:21.113305 Hotel: Yankee, Delta, Kilo and Charlie, sending you 2
2024-10-14 20:36:21.113741 Delta: Yankee, Hotel and Kilo, sending you 3
2024-10-14 20:36:21.114541 Yankee: Delta, Kilo, Charlie and Mike, sending you 3
2024-10-14 20:36:21.114949 Oscar: Whiskey, sending you 5
2024-10-14 20:36:21.115665 Kilo: Oscar, Whiskey and November, sending you 3
2024-10-14 20:36:21.116065 Tango: November, sending you 3
2024-10-14 20:36:21.140457 Hotel: Mike, sending you 3
2024-10-14 20:36:21.141044 Mike: Kilo, sending you 2
2024-10-14 20:36:21.141951 Yankee: Hotel, sending you 2
2024-10-14 20:36:21.142389 Delta: Charlie, sending you 4
2024-10-14 20:36:21.143220 Whiskey: Oscar, Tango and November, sending you 4
2024-10-14 20:36:21.143590 Oscar: Tango, sending you 11
2024-10-14 20:36:21.143898 Kilo: Tango, sending you 2
2024-10-14 20:36:21.175450 Mike: Charlie, sending you 1
2024-10-14 20:36:21.175883 Whiskey: Kilo, sending you 1
2024-10-14 20:36:21.176193 Delta: Mike, sending you 2
chatterbot Tango submitting transactions
chatterbot Oscar submitting transactions
chatterbot November submitting transactions
chatterbot Mike submitting transactions
chatterbot Whiskey submitting transactions
chatterbot Delta submitting transactions
chatterbot Yankee submitting transactions
chatterbot Hotel submitting transactions
chatterbot Kilo submitting transactions
chatterbot Charlie submitting transactions
ChatterBot Yankee round 3
ChatterBot Oscar round 3
ChatterBot Delta round 3
ChatterBot Hotel round 3
ChatterBot Whiskey round 3
ChatterBot Kilo round 3
ChatterBot Tango round 3
ChatterBot November round 3
ChatterBot Charlie round 3
ChatterBot Mike round 3
2024-10-14 20:36:22.209857 November: We should add Kilo
ChatterBot Tango reevaluating
ChatterBot Oscar reevaluating
2024-10-14 20:36:22.228636 Tango: Yes
2024-10-14 20:36:22.229347 Oscar: Yes
2024-10-14 20:36:22.229553 Whiskey: Yes
ChatterBot Oscar reevaluating
ChatterBot Tango reevaluating
ChatterBot Tango reevaluating
ChatterBot Oscar reevaluating
2024-10-14 20:36:22.289178 November: Kilo we want you to join our group
2024-10-14 20:36:22.292237 Kilo: No
ChatterBot Oscar reevaluating
ChatterBot Tango reevaluating
2024-10-14 20:36:22.305460 Charlie: We should drop Kilo
2024-10-14 20:36:22.317042 Yankee: No
2024-10-14 20:36:22.317619 Delta: No
2024-10-14 20:36:22.317746 Hotel: No
2024-10-14 20:36:22.317859 Mike: No
ChatterBot Charlie reevaluating
ChatterBot Charlie reevaluating
ChatterBot Charlie reevaluating
ChatterBot Charlie reevaluating
2024-10-14 20:36:22.364914 Oscar: Kilo we want you to join our group
2024-10-14 20:36:22.368007 Kilo: No
ChatterBot Tango reevaluating
2024-10-14 20:36:22.422881 Kilo: Yankee, Delta, Hotel and Mike, sending you 2
2024-10-14 20:36:22.423244 Hotel: Yankee, Delta, Kilo and Charlie, sending you 2
2024-10-14 20:36:22.423542 Whiskey: Oscar, Kilo and Tango, sending you 3
2024-10-14 20:36:22.423843 Mike: Yankee and Hotel, sending you 3
2024-10-14 20:36:22.424584 Delta: Yankee, Hotel and Mike, sending you 4
2024-10-14 20:36:22.424986 Yankee: Delta and Mike, sending you 4
2024-10-14 20:36:22.425418 Tango: Kilo we want you to join our group
2024-10-14 20:36:22.428954 Kilo: No
ChatterBot Tango reevaluating
2024-10-14 20:36:22.441662 November: Oscar and Kilo, sending you 4
2024-10-14 20:36:22.442051 Whiskey: November, sending you 4
2024-10-14 20:36:22.442739 Kilo: Charlie, sending you 3
2024-10-14 20:36:22.443038 Hotel: Mike, sending you 3
2024-10-14 20:36:22.443318 Mike: Delta, Kilo and Charlie, sending you 2
2024-10-14 20:36:22.443690 Yankee: Hotel and Charlie, sending you 3
2024-10-14 20:36:22.444484 Delta: Kilo, sending you 2
2024-10-14 20:36:22.444824 November: Whiskey and Tango, sending you 5
2024-10-14 20:36:22.445084 Oscar: Whiskey and November, sending you 4
2024-10-14 20:36:22.476701 Yankee: Kilo, sending you 2
2024-10-14 20:36:22.477271 Delta: Charlie, sending you 3
2024-10-14 20:36:22.478189 Oscar: Kilo, sending you 2
2024-10-14 20:36:22.497554 Charlie: Yankee and Delta, sending you 4
2024-10-14 20:36:22.498356 Oscar: Tango, sending you 6
2024-10-14 20:36:22.505683 Charlie: Hotel, sending you 3
2024-10-14 20:36:22.512918 Tango: Oscar, sending you 4
2024-10-14 20:36:22.513700 Charlie: Mike, sending you 2
2024-10-14 20:36:22.525245 Tango: Whiskey, Kilo and November, sending you 3
chatterbot Hotel submitting transactions
chatterbot Charlie submitting transactions
chatterbot Kilo submitting transactions
chatterbot Whiskey submitting transactions
chatterbot November submitting transactions
chatterbot Yankee submitting transactions
chatterbot Mike submitting transactions
chatterbot Delta submitting transactions
chatterbot Tango submitting transactions
chatterbot Oscar submitting transactions
ChatterBot Yankee round 4
ChatterBot Oscar round 4
ChatterBot Delta round 4
ChatterBot Hotel round 4
ChatterBot Whiskey round 4
ChatterBot Kilo round 4
ChatterBot Tango round 4
ChatterBot November round 4
ChatterBot Charlie round 4
ChatterBot Mike round 4
2024-10-14 20:36:23.510003 Oscar: We should drop Kilo
2024-10-14 20:36:23.519471 Tango: No
2024-10-14 20:36:23.519670 Whiskey: No
2024-10-14 20:36:23.519911 November: No
ChatterBot Oscar reevaluating
ChatterBot Oscar reevaluating
ChatterBot Oscar reevaluating
2024-10-14 20:36:23.572670 Hotel: Yankee, Delta, Kilo and Charlie, sending you 2
2024-10-14 20:36:23.573328 Delta: Yankee, Charlie and Mike, sending you 4
2024-10-14 20:36:23.573799 Kilo: Yankee, Delta, Charlie and Mike, sending you 2
2024-10-14 20:36:23.574765 Yankee: Delta, Charlie and Mike, sending you 4
2024-10-14 20:36:23.575662 Whiskey: Oscar and Tango, sending you 3
2024-10-14 20:36:23.577127 Hotel: Mike, sending you 3
2024-10-14 20:36:23.577659 Delta: Hotel, sending you 3
2024-10-14 20:36:23.578083 Tango: Oscar, sending you 4
2024-10-14 20:36:23.578557 Kilo: Hotel, sending you 3
2024-10-14 20:36:23.579079 Yankee: Hotel, sending you 3
2024-10-14 20:36:23.580024 Whiskey: Kilo, sending you 2
2024-10-14 20:36:23.580483 Oscar: Whiskey, sending you 4
2024-10-14 20:36:23.581689 Tango: Whiskey, Kilo and November, sending you 3
2024-10-14 20:36:23.582685 Delta: Kilo, sending you 2
2024-10-14 20:36:23.583722 November: Oscar and Kilo, sending you 4
2024-10-14 20:36:23.584107 Yankee: Kilo, sending you 1
2024-10-14 20:36:23.584482 Charlie: Yankee and Delta, sending you 4
2024-10-14 20:36:23.584810 Oscar: Kilo, sending you 1
2024-10-14 20:36:23.585167 Mike: Yankee, Delta and Hotel, sending you 3
2024-10-14 20:36:23.585522 Whiskey: November, sending you 5
2024-10-14 20:36:23.586667 November: Whiskey and Tango, sending you 5
2024-10-14 20:36:23.587697 Oscar: Tango, sending you 6
2024-10-14 20:36:23.588047 Mike: Kilo, sending you 1
2024-10-14 20:36:23.589687 Charlie: Hotel, sending you 3
2024-10-14 20:36:23.591674 Oscar: November, sending you 5
2024-10-14 20:36:23.592108 Mike: Charlie, sending you 2
2024-10-14 20:36:23.594669 Charlie: Mike, sending you 2
chatterbot November submitting transactions
chatterbot Charlie submitting transactions
chatterbot Tango submitting transactions
chatterbot Mike submitting transactions
chatterbot Whiskey submitting transactions
chatterbot Oscar submitting transactions
chatterbot Hotel submitting transactions
chatterbot Kilo submitting transactions
chatterbot Yankee submitting transactions
chatterbot Delta submitting transactions
ChatterBot Yankee round 5
ChatterBot Oscar round 5
ChatterBot Delta round 5
ChatterBot Hotel round 5
ChatterBot Whiskey round 5
ChatterBot Kilo round 5
ChatterBot Tango round 5
ChatterBot November round 5
ChatterBot Charlie round 5
ChatterBot Mike round 5
2024-10-14 20:36:24.715820 Oscar: We should drop Kilo
2024-10-14 20:36:24.725823 Tango: No
2024-10-14 20:36:24.726024 Whiskey: No
2024-10-14 20:36:24.726191 November: No
ChatterBot Oscar reevaluating
ChatterBot November reevaluating
ChatterBot Tango reevaluating
ChatterBot Oscar reevaluating
ChatterBot November reevaluating
ChatterBot Tango reevaluating
ChatterBot Oscar reevaluating
2024-10-14 20:36:24.791688 Whiskey: Oscar and November, sending you 4
2024-10-14 20:36:24.792723 Yankee: Delta, Hotel, Kilo and Mike, sending you 3
2024-10-14 20:36:24.795685 Whiskey: Kilo, sending you 2
2024-10-14 20:36:24.796692 Delta: Yankee, Charlie and Mike, sending you 4
2024-10-14 20:36:24.798050 Yankee: Charlie, sending you 4
2024-10-14 20:36:24.798577 Tango: Oscar, sending you 4
2024-10-14 20:36:24.799707 Whiskey: Tango, sending you 3
2024-10-14 20:36:24.802673 Delta: Hotel, sending you 3
2024-10-14 20:36:24.803800 Kilo: Oscar, sending you 2
2024-10-14 20:36:24.804507 Tango: Whiskey, Kilo and November, sending you 3
2024-10-14 20:36:24.805688 Mike: Yankee, Delta and Hotel, sending you 3
2024-10-14 20:36:24.806727 Kilo: Whiskey, Tango and November, sending you 3
2024-10-14 20:36:24.808023 Delta: Kilo, sending you 2
2024-10-14 20:36:24.808904 Charlie: Yankee and Delta, sending you 4
2024-10-14 20:36:24.809942 Mike: Kilo, sending you 2
2024-10-14 20:36:24.812668 Hotel: Yankee, Delta, Kilo and Charlie, sending you 2
2024-10-14 20:36:24.813243 Charlie: Hotel, sending you 3
2024-10-14 20:36:24.814698 Mike: Charlie, sending you 1
2024-10-14 20:36:24.818206 Hotel: Mike, sending you 3
2024-10-14 20:36:24.819249 Charlie: Mike, sending you 2
chatterbot Whiskey submitting transactions
chatterbot Kilo submitting transactions
chatterbot Tango submitting transactions
chatterbot Oscar submitting transactions
chatterbot Yankee submitting transactions
chatterbot November submitting transactions
chatterbot Hotel submitting transactions
chatterbot Charlie submitting transactions
chatterbot Mike submitting transactions
chatterbot Delta submitting transactions
ChatterBot Yankee round 6
ChatterBot Oscar round 6
ChatterBot Delta round 6
ChatterBot Hotel round 6
ChatterBot Whiskey round 6
ChatterBot Kilo round 6
ChatterBot Tango round 6
ChatterBot November round 6
ChatterBot Charlie round 6
ChatterBot Mike round 6
2024-10-14 20:36:25.908056 Charlie: We should drop Hotel
2024-10-14 20:36:25.915496 Yankee: No
2024-10-14 20:36:25.916 Delta: No
2024-10-14 20:36:25.916130 Mike: No
ChatterBot Charlie reevaluating
ChatterBot Charlie reevaluating
2024-10-14 20:36:25.937930 Yankee: Delta, Charlie and Mike, sending you 4
2024-10-14 20:36:25.938451 Hotel: Yankee, Delta, Kilo and Charlie, sending you 2
2024-10-14 20:36:25.941660 Hotel: Mike, sending you 3
2024-10-14 20:36:25.942275 Whiskey: Oscar, Kilo and Tango, sending you 3
2024-10-14 20:36:25.942700 November: Oscar and Whiskey, sending you 5
2024-10-14 20:36:25.943209 Yankee: Hotel, sending you 3
2024-10-14 20:36:25.944168 Oscar: Whiskey, sending you 4
2024-10-14 20:36:25.944512 Kilo: Oscar, sending you 2
2024-10-14 20:36:25.944920 Delta: Yankee, Charlie and Mike, sending you 4
2024-10-14 20:36:25.945675 Whiskey: November, sending you 4
2024-10-14 20:36:25.948019 November: Kilo and Tango, sending you 4
2024-10-14 20:36:25.948391 Yankee: Kilo, sending you 1
2024-10-14 20:36:25.948864 Oscar: Kilo, sending you 2
2024-10-14 20:36:25.949232 Delta: Hotel, sending you 3
2024-10-14 20:36:25.949729 Kilo: Whiskey, Tango and November, sending you 3
2024-10-14 20:36:25.950674 Tango: Oscar, sending you 4
2024-10-14 20:36:25.953683 Oscar: Tango and November, sending you 5
2024-10-14 20:36:25.954122 Delta: Kilo, sending you 2
2024-10-14 20:36:25.954680 Mike: Yankee, Delta and Hotel, sending you 3
2024-10-14 20:36:25.956656 Tango: Whiskey, Kilo and November, sending you 3
2024-10-14 20:36:25.959685 Mike: Kilo, sending you 1
2024-10-14 20:36:25.964679 Mike: Charlie, sending you 2
2024-10-14 20:36:25.971663 Charlie: Yankee and Delta, sending you 5
2024-10-14 20:36:25.975668 Charlie: Mike, sending you 3
chatterbot Kilo submitting transactions
chatterbot Tango submitting transactions
chatterbot Hotel submitting transactions
chatterbot Yankee submitting transactions
chatterbot Charlie submitting transactions
chatterbot Whiskey submitting transactions
chatterbot Delta submitting transactions
chatterbot Mike submitting transactions
chatterbot Oscar submitting transactions
chatterbot November submitting transactions
ChatterBot Yankee round 7
ChatterBot Oscar round 7
ChatterBot Delta round 7
ChatterBot Hotel round 7
ChatterBot Whiskey round 7
ChatterBot Kilo round 7
ChatterBot Tango round 7
ChatterBot November round 7
ChatterBot Charlie round 7
ChatterBot Mike round 7
2024-10-14 20:36:27.144677 Hotel: Yankee, Delta, Kilo and Charlie, sending you 2
2024-10-14 20:36:27.145835 Mike: We should drop Kilo
ChatterBot Charlie reevaluating
ChatterBot Yankee reevaluating
2024-10-14 20:36:27.154883 Charlie: Yes
2024-10-14 20:36:27.155052 Yankee: Yes
2024-10-14 20:36:27.155190 Delta: No
2024-10-14 20:36:27.155325 Hotel: No
ChatterBot Yankee reevaluating
ChatterBot Charlie reevaluating
ChatterBot Delta reevaluating
ChatterBot Charlie reevaluating
ChatterBot Yankee reevaluating
ChatterBot Hotel reevaluating
ChatterBot Charlie reevaluating
ChatterBot Yankee reevaluating
ChatterBot Delta reevaluating
2024-10-14 20:36:27.193437 Oscar: Whiskey, sending you 4
2024-10-14 20:36:27.196657 Tango: Oscar, sending you 4
2024-10-14 20:36:27.197090 November: Oscar and Whiskey, sending you 2
2024-10-14 20:36:27.197692 Whiskey: Oscar, Kilo and Tango, sending you 3
2024-10-14 20:36:27.198673 Oscar: Kilo, sending you 2
2024-10-14 20:36:27.199061 Kilo: Oscar, sending you 2
2024-10-14 20:36:27.200660 November: Kilo and Tango, sending you 1
2024-10-14 20:36:27.201043 Whiskey: November, sending you 4
2024-10-14 20:36:27.201889 Tango: Whiskey, Kilo and November, sending you 3
2024-10-14 20:36:27.202509 Oscar: Tango and November, sending you 5
2024-10-14 20:36:27.203666 Kilo: Whiskey, Tango and November, sending you 3
2024-10-14 20:36:27.209886 Mike: Sending you each 3
2024-10-14 20:36:27.213758 Hotel: Sorry, I'm actually sending you 0
2024-10-14 20:36:27.218675 Hotel: Yankee, Delta and Mike, sending you 3
2024-10-14 20:36:27.220730 Charlie: Yankee and Delta, sending you 5
2024-10-14 20:36:27.224684 Charlie: Mike, sending you 3
2024-10-14 20:36:27.225928 Yankee: Delta and Mike, sending you 4
2024-10-14 20:36:27.229649 Yankee: Hotel, sending you 3
2024-10-14 20:36:27.234675 Yankee: Charlie, sending you 5
chatterbot Tango submitting transactions
chatterbot Charlie submitting transactions
chatterbot November submitting transactions
chatterbot Delta submitting transactions
chatterbot Mike submitting transactions
chatterbot Kilo submitting transactions
chatterbot Hotel submitting transactions
chatterbot Whiskey submitting transactions
chatterbot Oscar submitting transactions
chatterbot Yankee submitting transactions
ChatterBot Yankee round 8
ChatterBot Oscar round 8
ChatterBot Delta round 8
ChatterBot Hotel round 8
ChatterBot Whiskey round 8
ChatterBot Kilo round 8
ChatterBot Tango round 8
2024-10-14 20:36:28.404510 Hotel: We should add Whiskey
ChatterBot Delta reevaluating
2024-10-14 20:36:28.420281 Charlie: No
2024-10-14 20:36:28.420552 Yankee: No
2024-10-14 20:36:28.420831 Delta: No
2024-10-14 20:36:28.421054 Mike: No
ChatterBot Delta reevaluating
ChatterBot Hotel reevaluating
ChatterBot Delta reevaluating
ChatterBot Hotel reevaluating
ChatterBot Hotel reevaluating
ChatterBot Delta reevaluating
ChatterBot Hotel reevaluating
ChatterBot November round 8
ChatterBot Charlie round 8
ChatterBot Mike round 8
2024-10-14 20:36:28.509589 Hotel: We should add Oscar
ChatterBot Charlie reevaluating
ChatterBot Delta reevaluating
2024-10-14 20:36:28.530406 Charlie: No
2024-10-14 20:36:28.530885 Yankee: No
2024-10-14 20:36:28.531175 Delta: No
2024-10-14 20:36:28.531460 Mike: No
ChatterBot Delta reevaluating
ChatterBot Hotel reevaluating
ChatterBot Charlie reevaluating
ChatterBot Delta reevaluating
ChatterBot Hotel reevaluating
ChatterBot Charlie reevaluating
ChatterBot Yankee reevaluating
ChatterBot Hotel reevaluating
ChatterBot Charlie reevaluating
ChatterBot Yankee reevaluating
ChatterBot Delta reevaluating
ChatterBot Hotel reevaluating
2024-10-14 20:36:28.610644 Hotel: We should add Kilo
ChatterBot Charlie reevaluating
ChatterBot Yankee reevaluating
ChatterBot Delta reevaluating
2024-10-14 20:36:28.629900 Charlie: No
2024-10-14 20:36:28.630116 Yankee: No
2024-10-14 20:36:28.630284 Delta: No
2024-10-14 20:36:28.630442 Mike: No
ChatterBot Yankee reevaluating
ChatterBot Delta reevaluating
ChatterBot Hotel reevaluating
ChatterBot Charlie reevaluating
ChatterBot Delta reevaluating
ChatterBot Hotel reevaluating
ChatterBot Charlie reevaluating
ChatterBot Yankee reevaluating
ChatterBot Hotel reevaluating
ChatterBot Charlie reevaluating
ChatterBot Yankee reevaluating
ChatterBot Delta reevaluating
ChatterBot Hotel reevaluating
2024-10-14 20:36:28.725116 November: We should add Delta
ChatterBot Oscar reevaluating
2024-10-14 20:36:28.744629 Kilo: No
2024-10-14 20:36:28.744870 Oscar: No
2024-10-14 20:36:28.745065 Whiskey: No
2024-10-14 20:36:28.745235 Tango: No
ChatterBot Oscar reevaluating
ChatterBot November reevaluating
ChatterBot November reevaluating
ChatterBot Oscar reevaluating
ChatterBot November reevaluating
ChatterBot Oscar reevaluating
ChatterBot November reevaluating
2024-10-14 20:36:28.828653 Hotel: We should add Tango
ChatterBot Charlie reevaluating
ChatterBot Yankee reevaluating
2024-10-14 20:36:28.846668 Charlie: No
2024-10-14 20:36:28.847224 Yankee: No
2024-10-14 20:36:28.847385 Delta: No
2024-10-14 20:36:28.847536 Mike: No
ChatterBot Yankee reevaluating
ChatterBot Hotel reevaluating
ChatterBot Charlie reevaluating
ChatterBot Delta reevaluating
ChatterBot Hotel reevaluating
ChatterBot Charlie reevaluating
ChatterBot Yankee reevaluating
ChatterBot Hotel reevaluating
ChatterBot Charlie reevaluating
ChatterBot Yankee reevaluating
ChatterBot Delta reevaluating
ChatterBot Hotel reevaluating
2024-10-14 20:36:28.922696 Whiskey: Oscar, Kilo and Tango, sending you 3
2024-10-14 20:36:28.923761 Charlie: Hotel we want you to join our group
ChatterBot Hotel reevaluating
2024-10-14 20:36:28.927604 Hotel: Yes
ChatterBot Charlie reevaluating
ChatterBot Delta reevaluating
2024-10-14 20:36:28.938115 Kilo: Oscar, sending you 2
2024-10-14 20:36:28.939315 Tango: Oscar, sending you 4
2024-10-14 20:36:28.939832 Whiskey: November, sending you 4
chatterbot Kilo submitting transactions
2024-10-14 20:36:28.941709 Kilo: Whiskey, Tango and November, sending you 3
2024-10-14 20:36:28.942671 Mike: Same as last round
2024-10-14 20:36:28.944709 Tango: Whiskey, Kilo and November, sending you 3
2024-10-14 20:36:28.945915 Oscar: Whiskey and November, sending you 4
2024-10-14 20:36:28.950690 Oscar: Kilo, sending you 2
2024-10-14 20:36:28.955692 Oscar: Tango, sending you 6
2024-10-14 20:36:28.959670 November: Oscar and Whiskey, sending you 5
2024-10-14 20:36:28.964122 November: Kilo and Tango, sending you 4
2024-10-14 20:36:28.965677 Hotel: Yankee, Delta and Mike, sending you 3
2024-10-14 20:36:28.967663 Charlie: Yankee, sending you 3
2024-10-14 20:36:28.970931 Hotel: Charlie, sending you 2
2024-10-14 20:36:28.973127 Charlie: Delta, sending you 2
2024-10-14 20:36:28.977728 Charlie: Hotel, sending you 1
chatterbot Oscar submitting transactions
chatterbot Mike submitting transactions
chatterbot Hotel submitting transactions
chatterbot Tango submitting transactions
chatterbot Charlie submitting transactions
chatterbot Yankee submitting transactions
chatterbot Whiskey submitting transactions
chatterbot Delta submitting transactions
chatterbot November submitting transactions
ChatterBot Yankee round 9
ChatterBot Oscar round 9
ChatterBot Delta round 9
ChatterBot Hotel round 9
ChatterBot Whiskey round 9
ChatterBot Kilo round 9
ChatterBot Tango round 9
ChatterBot November round 9
ChatterBot Charlie round 9
ChatterBot Mike round 9
2024-10-14 20:36:30.034685 Hotel: Yankee, Delta and Mike, sending you 3
2024-10-14 20:36:30.037686 Whiskey: Oscar, Kilo and Tango, sending you 3
2024-10-14 20:36:30.039674 Hotel: Charlie, sending you 2
2024-10-14 20:36:30.042682 Whiskey: November, sending you 4
2024-10-14 20:36:30.044016 Oscar: Whiskey, sending you 3
2024-10-14 20:36:30.044863 Kilo: Oscar, sending you 2
2024-10-14 20:36:30.045877 Charlie: Yankee, sending you 3
2024-10-14 20:36:30.046702 November: I was attacked by Yankee and Charlie
ChatterBot Kilo reevaluating
ChatterBot Oscar reevaluating
ChatterBot Whiskey reevaluating
ChatterBot Tango reevaluating
2024-10-14 20:36:30.061374 November: I'm keeping this round to protect myself
2024-10-14 20:36:30.062505 November: Ow
2024-10-14 20:36:30.063860 Charlie: Delta, sending you 4
2024-10-14 20:36:30.066663 Mike: Yankee and Hotel, sending you 3
2024-10-14 20:36:30.067948 Charlie: Hotel, sending you 2
2024-10-14 20:36:30.069943 Mike: Delta, sending you 4
2024-10-14 20:36:30.074679 Mike: Charlie, sending you 2
chatterbot Charlie submitting transactions
chatterbot Kilo submitting transactions
chatterbot Oscar submitting transactions
chatterbot Whiskey submitting transactions
chatterbot November submitting transactions
chatterbot Delta submitting transactions
chatterbot Hotel submitting transactions
chatterbot Tango submitting transactions
chatterbot Mike submitting transactions
chatterbot Yankee submitting transactions
ChatterBot Yankee round 10
ChatterBot Oscar round 10
ChatterBot Delta round 10
ChatterBot Hotel round 10
ChatterBot Whiskey round 10
ChatterBot Kilo round 10
ChatterBot Tango round 10
ChatterBot November round 10
ChatterBot Charlie round 10
ChatterBot Mike round 10
2024-10-14 20:36:31.285798 Charlie: We should replace Yankee with Mike
ChatterBot Delta reevaluating
2024-10-14 20:36:31.296198 Delta: No
2024-10-14 20:36:31.296535 Hotel: No
ChatterBot Charlie reevaluating
ChatterBot Charlie reevaluating
ChatterBot Delta reevaluating
2024-10-14 20:36:31.327421 Charlie: Mike we want you to join our group
2024-10-14 20:36:31.333680 Mike: Yes
ChatterBot Charlie reevaluating
ChatterBot Delta reevaluating
2024-10-14 20:36:31.410558 Whiskey: Oscar, sending you 4
2024-10-14 20:36:31.412476 Kilo: Oscar, sending you 2
2024-10-14 20:36:31.413573 Mike: Yankee and Hotel, sending you 3
2024-10-14 20:36:31.415580 Hotel: Yankee, Delta and Mike, sending you 3
2024-10-14 20:36:31.417905 November: I was attacked by Charlie
ChatterBot Kilo reevaluating
ChatterBot Oscar reevaluating
ChatterBot Whiskey reevaluating
ChatterBot Tango reevaluating
2024-10-14 20:36:31.434754 November: I'm keeping this round to protect myself
2024-10-14 20:36:31.436536 November: Ow
2024-10-14 20:36:31.437740 Mike: Delta, sending you 4
2024-10-14 20:36:31.438543 Hotel: Charlie, sending you 2
2024-10-14 20:36:31.441731 Mike: Charlie, sending you 2
2024-10-14 20:36:31.467279 Charlie: Delta, sending you 6
2024-10-14 20:36:31.474511 Charlie: Hotel, sending you 3
2024-10-14 20:36:31.482263 Charlie: Mike, sending you 4
chatterbot Mike submitting transactions
chatterbot Yankee submitting transactions
chatterbot Kilo submitting transactions
chatterbot Whiskey submitting transactions
chatterbot Delta submitting transactions
chatterbot Hotel submitting transactions
chatterbot Oscar submitting transactions
chatterbot Tango submitting transactions
chatterbot November submitting transactions
chatterbot Charlie submitting transactions
ChatterBot Yankee round 11
ChatterBot Oscar round 11
ChatterBot Delta round 11
ChatterBot Hotel round 11
ChatterBot Whiskey round 11
ChatterBot Kilo round 11
ChatterBot Tango round 11
ChatterBot November round 11
ChatterBot Charlie round 11
ChatterBot Mike round 11
2024-10-14 20:36:32.713177 Whiskey: Oscar, sending you 4
2024-10-14 20:36:32.893462 Whiskey: Kilo, Tango and November, sending you 3
2024-10-14 20:36:32.895679 Hotel: Yankee, sending you 2
2024-10-14 20:36:32.897562 Kilo: Oscar and November, sending you 2
2024-10-14 20:36:32.923768 Mike: Yankee, sending you 2
2024-10-14 20:36:32.925103 Charlie: Delta, sending you 6
2024-10-14 20:36:32.925699 Hotel: Delta, Charlie and Mike, sending you 3
2024-10-14 20:36:32.926660 Kilo: Whiskey, sending you 3
2024-10-14 20:36:32.927740 Mike: Delta, sending you 4
2024-10-14 20:36:32.931048 Charlie: Hotel, sending you 3
2024-10-14 20:36:32.937812 Kilo: Tango, sending you 4
2024-10-14 20:36:32.939652 Mike: Hotel and Charlie, sending you 3
2024-10-14 20:36:32.941026 Charlie: Mike, sending you 4
chatterbot Delta submitting transactions
chatterbot Kilo submitting transactions
chatterbot Tango submitting transactions
chatterbot Whiskey submitting transactions
chatterbot November submitting transactions
chatterbot Hotel submitting transactions
chatterbot Mike submitting transactions
chatterbot Oscar submitting transactions
chatterbot Charlie submitting transactions
chatterbot Yankee submitting transactions
ChatterBot Yankee round 12
ChatterBot Oscar round 12
ChatterBot Delta round 12
ChatterBot Hotel round 12
ChatterBot Whiskey round 12
ChatterBot Kilo round 12
ChatterBot Tango round 12
ChatterBot November round 12
ChatterBot Charlie round 12
ChatterBot Mike round 12
2024-10-14 20:36:33.845268 Whiskey: Oscar, sending you 4
2024-10-14 20:36:33.846023 Hotel: Yankee, sending you 2
2024-10-14 20:36:33.846694 Kilo: Oscar, Whiskey and Tango, sending you 3
2024-10-14 20:36:33.850296 Hotel: Delta, Charlie and Mike, sending you 3
2024-10-14 20:36:33.851069 Kilo: November, sending you 2
2024-10-14 20:36:33.851843 Whiskey: Kilo, Tango and November, sending you 3
2024-10-14 20:36:33.862291 Charlie: Delta, sending you 4
2024-10-14 20:36:33.862803 November: Oscar, Whiskey and Tango, sending you 1
2024-10-14 20:36:33.864968 Mike: Yankee, sending you 2
2024-10-14 20:36:33.867865 Charlie: Hotel and Mike, sending you 3
2024-10-14 20:36:33.868660 Charlie: I was attacked by Oscar
ChatterBot Delta reevaluating
ChatterBot Hotel reevaluating
ChatterBot Mike reevaluating
2024-10-14 20:36:33.882554 Charlie: Ow
chatterbot November submitting transactions
chatterbot Charlie submitting transactions
chatterbot Yankee submitting transactions
chatterbot Oscar submitting transactions
chatterbot Mike submitting transactions
chatterbot Delta submitting transactions
chatterbot Whiskey submitting transactions
chatterbot Tango submitting transactions
chatterbot Kilo submitting transactions
chatterbot Hotel submitting transactions
ChatterBot Yankee round 13
ChatterBot Oscar round 13
ChatterBot Delta round 13
ChatterBot Hotel round 13
ChatterBot Whiskey round 13
ChatterBot Kilo round 13
ChatterBot Tango round 13
ChatterBot November round 13
ChatterBot Charlie round 13
ChatterBot Mike round 13
2024-10-14 20:36:35.260795 Charlie: I was attacked by Oscar
ChatterBot Delta reevaluating
ChatterBot Hotel reevaluating
ChatterBot Mike reevaluating
2024-10-14 20:36:35.272347 Charlie: I'm keeping this round to protect myself
2024-10-14 20:36:35.273854 Charlie: Ow
2024-10-14 20:36:35.274376 Yankee: Delta, Hotel and Mike, sending you 2
2024-10-14 20:36:35.286276 Kilo: Oscar, Whiskey and Tango, sending you 3
2024-10-14 20:36:35.288314 Whiskey: Oscar, sending you 4
2024-10-14 20:36:35.289556 November: Oscar and Kilo, sending you 2
2024-10-14 20:36:35.291786 Whiskey: Kilo, Tango and November, sending you 3
2024-10-14 20:36:35.304261 Kilo: November, sending you 2
2024-10-14 20:36:35.305997 November: Whiskey and Tango, sending you 3
chatterbot Charlie submitting transactions
chatterbot November submitting transactions
chatterbot Delta submitting transactions
chatterbot Tango submitting transactions
chatterbot Mike submitting transactions
chatterbot Hotel submitting transactions
chatterbot Whiskey submitting transactions
chatterbot Kilo submitting transactions
chatterbot Yankee submitting transactions
chatterbot Oscar submitting transactions
ChatterBot Yankee round 14
ChatterBot Oscar round 14
ChatterBot Delta round 14
ChatterBot Hotel round 14
ChatterBot Whiskey round 14
ChatterBot Kilo round 14
ChatterBot Tango round 14
ChatterBot November round 14
ChatterBot Charlie round 14
ChatterBot Mike round 14
2024-10-14 20:36:36.461927 Whiskey: Oscar, sending you 4
2024-10-14 20:36:36.466816 Whiskey: Kilo, Tango and November, sending you 3
2024-10-14 20:36:36.469827 Kilo: Oscar, Whiskey and Tango, sending you 3
2024-10-14 20:36:36.471858 Yankee: Delta, Hotel and Mike, sending you 3
2024-10-14 20:36:36.473829 Charlie: Delta, sending you 3
2024-10-14 20:36:36.475430 November: Oscar and Kilo, sending you 3
2024-10-14 20:36:36.476672 Kilo: November, sending you 2
2024-10-14 20:36:36.478260 Yankee: Charlie, sending you 2
2024-10-14 20:36:36.479963 November: Whiskey and Tango, sending you 4
2024-10-14 20:36:36.481958 Charlie: Hotel, sending you 1
2024-10-14 20:36:36.485689 Charlie: Mike, sending you 2
chatterbot Hotel submitting transactions
chatterbot November submitting transactions
chatterbot Tango submitting transactions
chatterbot Delta submitting transactions
chatterbot Mike submitting transactions
chatterbot Charlie submitting transactions
chatterbot Yankee submitting transactions
chatterbot Whiskey submitting transactions
chatterbot Kilo submitting transactions
chatterbot Oscar submitting transactions
ChatterBot Yankee round 15
ChatterBot Oscar round 15
ChatterBot Delta round 15
ChatterBot Hotel round 15
ChatterBot Whiskey round 15
ChatterBot Kilo round 15
ChatterBot Tango round 15
ChatterBot November round 15
ChatterBot Charlie round 15
ChatterBot Mike round 15
2024-10-14 20:36:37.686205 Yankee: Delta, Hotel and Mike, sending you 4
2024-10-14 20:36:37.693931 Yankee: Charlie, sending you 2
2024-10-14 20:36:37.705420 Kilo: Oscar, sending you 2
2024-10-14 20:36:37.712513 Charlie: Delta, sending you 4
2024-10-14 20:36:37.713516 Whiskey: Oscar, sending you 4
2024-10-14 20:36:37.715884 November: Sending you each 4
2024-10-14 20:36:37.717556 Kilo: Whiskey, Tango and November, sending you 3
2024-10-14 20:36:37.719175 Charlie: Hotel and Mike, sending you 3
2024-10-14 20:36:37.720673 Whiskey: Kilo, Tango and November, sending you 3
chatterbot Whiskey submitting transactions
chatterbot November submitting transactions
chatterbot Charlie submitting transactions
chatterbot Mike submitting transactions
chatterbot Tango submitting transactions
chatterbot Kilo submitting transactions
chatterbot Yankee submitting transactions
chatterbot Hotel submitting transactions
chatterbot Oscar submitting transactions
chatterbot Delta submitting transactions
ChatterBot Yankee round 16
ChatterBot Oscar round 16
ChatterBot Delta round 16
ChatterBot Hotel round 16
ChatterBot Whiskey round 16
ChatterBot Kilo round 16
ChatterBot Tango round 16
ChatterBot November round 16
ChatterBot Charlie round 16
ChatterBot Mike round 16
2024-10-14 20:36:38.871685 Charlie: Delta, sending you 6
2024-10-14 20:36:38.872204 Kilo: Oscar, sending you 2
2024-10-14 20:36:38.872895 November: Oscar, Kilo and Tango, sending you 4
2024-10-14 20:36:38.874067 Yankee: Delta, sending you 5
2024-10-14 20:36:38.875694 Charlie: Hotel, sending you 3
2024-10-14 20:36:38.877677 Kilo: Whiskey, Tango and November, sending you 3
2024-10-14 20:36:38.878976 Yankee: Hotel and Mike, sending you 4
2024-10-14 20:36:38.879473 November: Whiskey, sending you 5
2024-10-14 20:36:38.880101 Charlie: Mike, sending you 4
2024-10-14 20:36:38.880567 Whiskey: Oscar, sending you 4
2024-10-14 20:36:38.883683 Yankee: Charlie, sending you 3
2024-10-14 20:36:38.884706 Whiskey: Kilo, Tango and November, sending you 3
chatterbot Yankee submitting transactions
chatterbot Mike submitting transactions
chatterbot Whiskey submitting transactions
chatterbot November submitting transactions
chatterbot Delta submitting transactions
chatterbot Hotel submitting transactions
chatterbot Kilo submitting transactions
chatterbot Oscar submitting transactions
chatterbot Tango submitting transactions
chatterbot Charlie submitting transactions
ChatterBot Yankee round 17
ChatterBot Oscar round 17
ChatterBot Delta round 17
ChatterBot Hotel round 17
ChatterBot Whiskey round 17
ChatterBot Kilo round 17
ChatterBot Tango round 17
ChatterBot November round 17
ChatterBot Charlie round 17
ChatterBot Mike round 17
2024-10-14 20:36:40.254826 Charlie: Delta, sending you 6
2024-10-14 20:36:40.255775 Whiskey: Oscar, sending you 4
2024-10-14 20:36:40.257635 November: Oscar and Kilo, sending you 4
2024-10-14 20:36:40.259166 Yankee: Delta, sending you 5
2024-10-14 20:36:40.260937 Kilo: Oscar, sending you 2
2024-10-14 20:36:40.262341 Charlie: Hotel, sending you 3
2024-10-14 20:36:40.263680 Whiskey: Kilo, Tango and November, sending you 3
