ChatterBot Quebec round 1
ChatterBot Golf round 1
ChatterBot X-ray round 1
ChatterBot Echo round 1
ChatterBot Lima round 1
ChatterBot Hotel round 1
ChatterBot Oscar round 1
ChatterBot November round 1
ChatterBot Sierra round 1
ChatterBot Juliett round 1
randomSelections Lima: {Lima, X-ray, Oscar, Quebec, Golf, November, Juliett} 
2024-10-14 20:36:18.538531 Lima: Group up?
ChatterBot X-ray reevaluating
ChatterBot Oscar reevaluating
ChatterBot Quebec reevaluating
ChatterBot Golf reevaluating
ChatterBot November reevaluating
ChatterBot Juliett reevaluating
2024-10-14 20:36:18.552173 X-ray: Yes
2024-10-14 20:36:18.552311 Oscar: Yes
2024-10-14 20:36:18.552411 Quebec: Yes
2024-10-14 20:36:18.552504 Golf: Yes
2024-10-14 20:36:18.552597 November: Yes
2024-10-14 20:36:18.552710 Juliett: Yes
ChatterBot Oscar reevaluating
ChatterBot Quebec reevaluating
ChatterBot Golf reevaluating
ChatterBot November reevaluating
ChatterBot Juliett reevaluating
ChatterBot X-ray reevaluating
ChatterBot Quebec reevaluating
ChatterBot Golf reevaluating
ChatterBot November reevaluating
ChatterBot Juliett reevaluating
ChatterBot X-ray reevaluating
ChatterBot Oscar reevaluating
ChatterBot Golf reevaluating
ChatterBot November reevaluating
ChatterBot Juliett reevaluating
ChatterBot X-ray reevaluating
ChatterBot Oscar reevaluating
ChatterBot Quebec reevaluating
ChatterBot November reevaluating
ChatterBot Juliett reevaluating
ChatterBot X-ray reevaluating
ChatterBot Oscar reevaluating
ChatterBot Quebec reevaluating
ChatterBot Golf reevaluating
ChatterBot Juliett reevaluating
ChatterBot X-ray reevaluating
ChatterBot Oscar reevaluating
ChatterBot Quebec reevaluating
ChatterBot Golf reevaluating
ChatterBot November reevaluating
randomSelections Echo: {Echo, X-ray, Lima, Hotel, Sierra, November, Quebec} 
2024-10-14 20:36:18.617991 Echo: Group up?
ChatterBot X-ray reevaluating
ChatterBot Hotel reevaluating
ChatterBot Sierra reevaluating
ChatterBot November reevaluating
ChatterBot Quebec reevaluating
2024-10-14 20:36:18.624925 X-ray: No
2024-10-14 20:36:18.625040 Lima: No
2024-10-14 20:36:18.625148 Hotel: Yes
2024-10-14 20:36:18.625223 Sierra: Yes
2024-10-14 20:36:18.625297 November: No
2024-10-14 20:36:18.625432 Quebec: No
ChatterBot Hotel reevaluating
ChatterBot Sierra reevaluating
ChatterBot November reevaluating
ChatterBot Quebec reevaluating
ChatterBot X-ray reevaluating
ChatterBot Hotel reevaluating
ChatterBot Sierra reevaluating
ChatterBot November reevaluating
ChatterBot Quebec reevaluating
ChatterBot X-ray reevaluating
ChatterBot Sierra reevaluating
ChatterBot November reevaluating
ChatterBot Quebec reevaluating
ChatterBot X-ray reevaluating
ChatterBot Hotel reevaluating
ChatterBot November reevaluating
ChatterBot Quebec reevaluating
ChatterBot X-ray reevaluating
ChatterBot Hotel reevaluating
ChatterBot Sierra reevaluating
ChatterBot Quebec reevaluating
ChatterBot X-ray reevaluating
ChatterBot Hotel reevaluating
ChatterBot Sierra reevaluating
ChatterBot November reevaluating
2024-10-14 20:36:18.681661 Hotel: Quebec and Sierra, sending you 4
2024-10-14 20:36:18.684676 Hotel: X-ray, sending you 3
2024-10-14 20:36:18.685666 Sierra: Quebec, X-ray and November, sending you 2
2024-10-14 20:36:18.686670 November: Quebec, Golf and Oscar, sending you 1
2024-10-14 20:36:18.687674 Echo: Quebec and Lima, sending you 1
2024-10-14 20:36:18.687991 Oscar: Golf and November, sending you 2
2024-10-14 20:36:18.688286 Golf: Quebec, sending you 1
2024-10-14 20:36:18.688677 Juliett: Golf, sending you 3
2024-10-14 20:36:18.688967 Hotel: Echo, sending you 2
2024-10-14 20:36:18.689672 Quebec: Golf and November, sending you 1
2024-10-14 20:36:18.689988 X-ray: Quebec, Lima and November, sending you 2
2024-10-14 20:36:18.690248 Sierra: Echo and Hotel, sending you 3
2024-10-14 20:36:18.690469 November: X-ray, sending you 4
2024-10-14 20:36:18.690684 Lima: Quebec and Oscar, sending you 3
2024-10-14 20:36:18.690883 Echo: X-ray, sending you 5
2024-10-14 20:36:18.691677 Oscar: X-ray and Lima, sending you 1
2024-10-14 20:36:18.692010 Golf: X-ray and Juliett, sending you 3
2024-10-14 20:36:18.692277 Hotel: Lima, sending you 1
2024-10-14 20:36:18.693079 Quebec: X-ray, Lima and Juliett, sending you 4
2024-10-14 20:36:18.693388 X-ray: Golf and Oscar, sending you 1
2024-10-14 20:36:18.693636 Juliett: Lima and Oscar, sending you 2
2024-10-14 20:36:18.693854 Lima: Golf, X-ray and Juliett, sending you 2
2024-10-14 20:36:18.694665 Sierra: Lima, sending you 1
2024-10-14 20:36:18.695008 November: Lima, sending you 2
2024-10-14 20:36:18.695261 Oscar: Juliett, sending you 3
2024-10-14 20:36:18.695516 Golf: Oscar, sending you 4
2024-10-14 20:36:18.695825 Echo: Hotel and November, sending you 2
2024-10-14 20:36:18.696663 Juliett: November, sending you 4
2024-10-14 20:36:18.697679 Quebec: Oscar, sending you 2
2024-10-14 20:36:18.697958 X-ray: Juliett, sending you 4
2024-10-14 20:36:18.698208 Lima: November, sending you 1
2024-10-14 20:36:18.698675 Golf: November, sending you 2
2024-10-14 20:36:18.699680 Echo: Sierra, sending you 4
chatterbot Lima submitting transactions
chatterbot Oscar submitting transactions
chatterbot Echo submitting transactions
chatterbot X-ray submitting transactions
chatterbot Quebec submitting transactions
chatterbot Hotel submitting transactions
chatterbot November submitting transactions
chatterbot Juliett submitting transactions
chatterbot Golf submitting transactions
chatterbot Sierra submitting transactions
ChatterBot Quebec round 2
ChatterBot Golf round 2
ChatterBot X-ray round 2
ChatterBot Echo round 2
ChatterBot Lima round 2
ChatterBot Hotel round 2
ChatterBot Oscar round 2
ChatterBot November round 2
ChatterBot Sierra round 2
ChatterBot Juliett round 2
2024-10-14 20:36:20.171253 Quebec: Friends?
ChatterBot Echo reevaluating
ChatterBot X-ray reevaluating
ChatterBot Lima reevaluating
ChatterBot Hotel reevaluating
ChatterBot Sierra reevaluating
ChatterBot November reevaluating
2024-10-14 20:36:20.211109 Echo: No
2024-10-14 20:36:20.211252 X-ray: No
2024-10-14 20:36:20.211359 Lima: No
2024-10-14 20:36:20.211465 Hotel: No
2024-10-14 20:36:20.211571 Sierra: No
2024-10-14 20:36:20.211693 November: No
ChatterBot X-ray reevaluating
ChatterBot Lima reevaluating
ChatterBot Hotel reevaluating
ChatterBot Sierra reevaluating
ChatterBot November reevaluating
ChatterBot Echo reevaluating
ChatterBot Lima reevaluating
ChatterBot Hotel reevaluating
ChatterBot Sierra reevaluating
ChatterBot November reevaluating
ChatterBot Echo reevaluating
ChatterBot X-ray reevaluating
ChatterBot Hotel reevaluating
ChatterBot Sierra reevaluating
ChatterBot November reevaluating
ChatterBot Echo reevaluating
ChatterBot X-ray reevaluating
ChatterBot Lima reevaluating
ChatterBot Sierra reevaluating
ChatterBot November reevaluating
ChatterBot Echo reevaluating
ChatterBot X-ray reevaluating
ChatterBot Lima reevaluating
ChatterBot Hotel reevaluating
ChatterBot November reevaluating
ChatterBot Echo reevaluating
ChatterBot X-ray reevaluating
ChatterBot Lima reevaluating
ChatterBot Hotel reevaluating
ChatterBot Sierra reevaluating
2024-10-14 20:36:20.753432 Juliett: We should drop November
2024-10-14 20:36:20.786134 Quebec: No
2024-10-14 20:36:20.786408 X-ray: No
2024-10-14 20:36:20.786542 Lima: Yes
2024-10-14 20:36:20.786673 Golf: No
2024-10-14 20:36:20.786787 Oscar: No
2024-10-14 20:36:20.984916 Golf: Quebec, X-ray, Lima, Oscar and November, sending you 2
2024-10-14 20:36:20.985300 Oscar: Quebec, Lima and Juliett, sending you 3
2024-10-14 20:36:20.985971 Sierra: Sending you 6
2024-10-14 20:36:20.986159 Quebec: X-ray, Lima, Hotel, November and Sierra, sending you 3
2024-10-14 20:36:20.986479 November: Golf, X-ray and Oscar, sending you 2
2024-10-14 20:36:20.987227 Hotel: Quebec, sending you 2
2024-10-14 20:36:20.987407 X-ray: Quebec, sending you 3
2024-10-14 20:36:20.987704 Lima: Sending you 6
2024-10-14 20:36:21.029228 Oscar: Golf, sending you 4
2024-10-14 20:36:21.030235 Quebec: Echo, sending you 1
2024-10-14 20:36:21.030603 Golf: Juliett, sending you 3
2024-10-14 20:36:21.031005 November: Juliett, sending you 3
2024-10-14 20:36:21.031874 Hotel: Echo and Sierra, sending you 5
2024-10-14 20:36:21.032143 X-ray: Golf, Lima, Oscar and November, sending you 2
2024-10-14 20:36:21.032563 Juliett: Quebec and X-ray, sending you 3
chatterbot November submitting transactions
2024-10-14 20:36:21.033747 Oscar: X-ray, sending you 2
2024-10-14 20:36:21.046101 X-ray: Juliett, sending you 1
2024-10-14 20:36:21.047085 Juliett: Golf and Oscar, sending you 2
2024-10-14 20:36:21.047522 Echo: Quebec, sending you 4
2024-10-14 20:36:21.047894 Oscar: November, sending you 1
2024-10-14 20:36:21.055268 Echo: Hotel, sending you 5
2024-10-14 20:36:21.055958 Juliett: Lima, sending you 1
2024-10-14 20:36:21.060112 Echo: Sierra, sending you 6
chatterbot Echo submitting transactions
chatterbot Sierra submitting transactions
chatterbot Juliett submitting transactions
chatterbot Oscar submitting transactions
chatterbot Golf submitting transactions
chatterbot Quebec submitting transactions
chatterbot Hotel submitting transactions
chatterbot X-ray submitting transactions
chatterbot Lima submitting transactions
ChatterBot Quebec round 3
ChatterBot Golf round 3
ChatterBot X-ray round 3
ChatterBot Echo round 3
ChatterBot Lima round 3
ChatterBot Hotel round 3
ChatterBot Oscar round 3
ChatterBot November round 3
ChatterBot Sierra round 3
ChatterBot Juliett round 3
2024-10-14 20:36:21.688268 Hotel: We should add Lima
ChatterBot Quebec reevaluating
2024-10-14 20:36:21.708800 Echo: No
2024-10-14 20:36:21.708941 Sierra: No
2024-10-14 20:36:21.709048 Quebec: Yes
ChatterBot Sierra reevaluating
ChatterBot Quebec reevaluating
ChatterBot Hotel reevaluating
ChatterBot Quebec reevaluating
ChatterBot Hotel reevaluating
ChatterBot Sierra reevaluating
2024-10-14 20:36:21.785218 Lima: We should replace Quebec with Oscar
2024-10-14 20:36:21.820004 Lima: Oscar we want you to join our group
2024-10-14 20:36:21.824440 Oscar: Yes
2024-10-14 20:36:21.839794 Sierra: Echo we want you to join our group
2024-10-14 20:36:21.844972 Echo: Yes
ChatterBot Sierra reevaluating
2024-10-14 20:36:21.859785 X-ray: Quebec, Golf, Lima, Oscar, November and Juliett, sending you 2
2024-10-14 20:36:21.860342 Golf: Quebec, X-ray, Lima, November and Juliett, sending you 2
2024-10-14 20:36:21.866660 Echo: Quebec, sending you 4
2024-10-14 20:36:21.866932 Golf: Oscar, sending you 3
2024-10-14 20:36:21.867892 Quebec: Golf, X-ray, Lima, Oscar and Juliett, sending you 3
2024-10-14 20:36:21.868246 Oscar: Quebec and Lima, sending you 2
2024-10-14 20:36:21.868592 November: Quebec, Golf, X-ray and Juliett, sending you 2
2024-10-14 20:36:21.869597 Juliett: Golf, X-ray and Oscar, sending you 3
2024-10-14 20:36:21.870007 Echo: Hotel, sending you 6
2024-10-14 20:36:21.876097 Quebec: November, sending you 1
2024-10-14 20:36:21.877204 Oscar: Golf, X-ray, November and Juliett, sending you 3
2024-10-14 20:36:21.877829 Juliett: November, sending you 2
2024-10-14 20:36:21.878180 November: Oscar, sending you 1
2024-10-14 20:36:21.879137 Lima: Sending you 6
2024-10-14 20:36:21.879393 Hotel: Quebec, sending you 3
2024-10-14 20:36:21.880177 Echo: Sierra, sending you 5
2024-10-14 20:36:21.884592 Hotel: Echo, sending you 4
2024-10-14 20:36:22.462524 Hotel: Sierra, sending you 5
2024-10-14 20:36:22.493636 Sierra: Sending you 5
chatterbot Lima submitting transactions
chatterbot Golf submitting transactions
chatterbot Oscar submitting transactions
chatterbot Sierra submitting transactions
chatterbot Quebec submitting transactions
chatterbot Juliett submitting transactions
chatterbot November submitting transactions
chatterbot Echo submitting transactions
chatterbot X-ray submitting transactions
chatterbot Hotel submitting transactions
ChatterBot Quebec round 4
ChatterBot Golf round 4
ChatterBot X-ray round 4
ChatterBot Echo round 4
ChatterBot Lima round 4
ChatterBot Hotel round 4
ChatterBot Oscar round 4
ChatterBot November round 4
ChatterBot Sierra round 4
ChatterBot Juliett round 4
2024-10-14 20:36:23.397599 Lima: We should replace Oscar with Quebec
2024-10-14 20:36:23.398128 Echo: We should drop Quebec
2024-10-14 20:36:23.412452 Hotel: Yes
2024-10-14 20:36:23.412691 Sierra: Yes
ChatterBot Hotel reevaluating
2024-10-14 20:36:23.448630 Juliett: We should add Quebec
2024-10-14 20:36:23.457340 Golf: Yes
2024-10-14 20:36:23.457538 X-ray: Yes
2024-10-14 20:36:23.457685 Oscar: Yes
2024-10-14 20:36:23.458279 November: Yes
2024-10-14 20:36:23.505370 Lima: Quebec we want you to join our group
2024-10-14 20:36:23.509655 Quebec: Yes
2024-10-14 20:36:23.526788 Juliett: Quebec we want you to join our group
2024-10-14 20:36:23.530596 Quebec: Yes
2024-10-14 20:36:23.547623 Hotel: We should drop Sierra and Quebec
2024-10-14 20:36:23.551240 Echo: No
ChatterBot Hotel reevaluating
2024-10-14 20:36:23.555955 X-ray: Same as last round
2024-10-14 20:36:23.558662 Oscar: Quebec, X-ray and November, sending you 2
2024-10-14 20:36:23.559202 Quebec: Golf, X-ray, Lima, Oscar and November, sending you 3
2024-10-14 20:36:23.560254 Golf: Quebec, X-ray, Lima, November and Juliett, sending you 2
2024-10-14 20:36:23.560721 Sierra: Same as last round
2024-10-14 20:36:23.560945 Echo: Hotel, sending you 8
2024-10-14 20:36:23.561176 November: Quebec, sending you 1
2024-10-14 20:36:23.562675 Oscar: Golf and Juliett, sending you 3
2024-10-14 20:36:23.563906 Golf: Oscar, sending you 3
2024-10-14 20:36:23.564506 Echo: Sierra, sending you 7
2024-10-14 20:36:23.564864 Quebec: Juliett, sending you 1
2024-10-14 20:36:23.565368 November: Golf, X-ray, Oscar and Juliett, sending you 2
2024-10-14 20:36:23.565923 Oscar: Lima, sending you 4
2024-10-14 20:36:23.572078 Lima: Sending you 6
2024-10-14 20:36:23.578658 Juliett: Quebec, Golf, X-ray and November, sending you 2
2024-10-14 20:36:23.579917 Hotel: Echo, sending you 5
2024-10-14 20:36:23.582678 Juliett: Oscar, sending you 3
2024-10-14 20:36:23.583687 Hotel: Sierra, sending you 6
chatterbot Juliett submitting transactions
chatterbot Lima submitting transactions
chatterbot X-ray submitting transactions
chatterbot Echo submitting transactions
chatterbot Quebec submitting transactions
chatterbot Golf submitting transactions
chatterbot Sierra submitting transactions
chatterbot Oscar submitting transactions
chatterbot November submitting transactions
chatterbot Hotel submitting transactions
ChatterBot Quebec round 5
ChatterBot Golf round 5
ChatterBot X-ray round 5
ChatterBot Echo round 5
ChatterBot Lima round 5
ChatterBot Hotel round 5
ChatterBot Oscar round 5
ChatterBot November round 5
ChatterBot Sierra round 5
ChatterBot Juliett round 5
2024-10-14 20:36:24.822020 Hotel: We should drop Sierra
2024-10-14 20:36:24.825516 Echo: No
2024-10-14 20:36:24.832672 X-ray: Same as last round
2024-10-14 20:36:24.837688 Juliett: Quebec, Golf, X-ray and November, sending you 2
2024-10-14 20:36:24.839695 Echo: Hotel, sending you 7
2024-10-14 20:36:24.840979 November: Quebec, X-ray, Oscar and Juliett, sending you 2
2024-10-14 20:36:24.841995 Quebec: Golf, X-ray, Lima, Oscar and Juliett, sending you 3
2024-10-14 20:36:24.842707 Juliett: Oscar, sending you 3
2024-10-14 20:36:24.843558 Lima: Same as last round
2024-10-14 20:36:24.843842 Oscar: Quebec, Golf, X-ray, Lima and Juliett, sending you 3
2024-10-14 20:36:24.844446 Sierra: Sending you 4
2024-10-14 20:36:24.844831 Echo: Sierra, sending you 8
2024-10-14 20:36:24.845562 Quebec: November, sending you 1
2024-10-14 20:36:24.846658 November: Golf, sending you 1
2024-10-14 20:36:24.847829 Oscar: November, sending you 1
2024-10-14 20:36:24.848704 Golf: Quebec, X-ray, Lima, November and Juliett, sending you 2
2024-10-14 20:36:24.853688 Hotel: Same as last round
2024-10-14 20:36:24.854011 Golf: Oscar, sending you 3
chatterbot Quebec submitting transactions
chatterbot November submitting transactions
chatterbot Juliett submitting transactions
chatterbot Hotel submitting transactions
chatterbot Golf submitting transactions
chatterbot Lima submitting transactions
chatterbot Echo submitting transactions
chatterbot X-ray submitting transactions
chatterbot Sierra submitting transactions
chatterbot Oscar submitting transactions
ChatterBot Quebec round 6
ChatterBot Golf round 6
ChatterBot X-ray round 6
ChatterBot Echo round 6
ChatterBot Lima round 6
ChatterBot Hotel round 6
ChatterBot Oscar round 6
ChatterBot November round 6
ChatterBot Sierra round 6
ChatterBot Juliett round 6
2024-10-14 20:36:26.009974 Hotel: We should add Sierra
2024-10-14 20:36:26.012836 Echo: Yes
ChatterBot Hotel reevaluating
2024-10-14 20:36:26.052659 X-ray: Quebec, sending you 3
2024-10-14 20:36:26.054902 Golf: Quebec, X-ray, Lima, November and Juliett, sending you 2
2024-10-14 20:36:26.058856 X-ray: Golf, Oscar, November and Juliett, sending you 2
2024-10-14 20:36:26.059691 Golf: Oscar, sending you 3
2024-10-14 20:36:26.060981 Quebec: Golf, X-ray, Lima, Oscar and Juliett, sending you 3
2024-10-14 20:36:26.061694 Echo: Hotel, sending you 7
2024-10-14 20:36:26.062858 X-ray: Lima, sending you 1
2024-10-14 20:36:26.063671 Quebec: November, sending you 1
2024-10-14 20:36:26.064747 Oscar: Quebec, Golf, X-ray and Juliett, sending you 3
2024-10-14 20:36:26.065686 Sierra: Same as last round
2024-10-14 20:36:26.066683 Juliett: Quebec, Golf, X-ray and November, sending you 2
2024-10-14 20:36:26.067189 Echo: Sierra, sending you 8
2024-10-14 20:36:26.067704 Hotel: Same as last round
2024-10-14 20:36:26.068697 Oscar: Lima and November, sending you 2
2024-10-14 20:36:26.070681 November: Quebec, Golf, X-ray and Juliett, sending you 2
2024-10-14 20:36:26.071754 Juliett: Oscar, sending you 3
2024-10-14 20:36:26.073729 Lima: Same as last round
2024-10-14 20:36:26.076687 November: Oscar, sending you 1
chatterbot Lima submitting transactions
chatterbot November submitting transactions
chatterbot X-ray submitting transactions
chatterbot Quebec submitting transactions
chatterbot Juliett submitting transactions
chatterbot Sierra submitting transactions
chatterbot Golf submitting transactions
chatterbot Echo submitting transactions
chatterbot Hotel submitting transactions
chatterbot Oscar submitting transactions
ChatterBot Quebec round 7
ChatterBot Golf round 7
ChatterBot X-ray round 7
ChatterBot Echo round 7
ChatterBot Lima round 7
ChatterBot Hotel round 7
ChatterBot Oscar round 7
ChatterBot November round 7
ChatterBot Sierra round 7
ChatterBot Juliett round 7
2024-10-14 20:36:27.316356 Golf: We should drop Lima
ChatterBot Oscar reevaluating
2024-10-14 20:36:27.327524 Juliett: Yes
2024-10-14 20:36:27.327691 Quebec: No
2024-10-14 20:36:27.327806 X-ray: No
2024-10-14 20:36:27.327906 Oscar: No
2024-10-14 20:36:27.328006 November: No
ChatterBot Oscar reevaluating
ChatterBot Oscar reevaluating
ChatterBot Golf reevaluating
ChatterBot Oscar reevaluating
ChatterBot Golf reevaluating
ChatterBot Golf reevaluating
ChatterBot Oscar reevaluating
2024-10-14 20:36:27.392673 Quebec: Golf, X-ray, Lima, Oscar and Juliett, sending you 3
2024-10-14 20:36:27.395686 Quebec: November, sending you 1
2024-10-14 20:36:27.399674 X-ray: Quebec, sending you 3
2024-10-14 20:36:27.401787 Hotel: Sending you 4
2024-10-14 20:36:27.402675 November: Quebec, sending you 1
2024-10-14 20:36:27.403427 Juliett: Quebec, Golf, X-ray and November, sending you 2
2024-10-14 20:36:27.403842 X-ray: Golf, Oscar, November and Juliett, sending you 2
2024-10-14 20:36:27.405671 November: Golf, X-ray, Oscar and Juliett, sending you 2
2024-10-14 20:36:27.406681 X-ray: Lima, sending you 1
2024-10-14 20:36:27.407950 Sierra: Same as last round
2024-10-14 20:36:27.408662 Juliett: Oscar, sending you 3
2024-10-14 20:36:27.409013 Echo: Hotel, sending you 7
2024-10-14 20:36:27.409667 Lima: Same as last round
2024-10-14 20:36:27.411657 Golf: Quebec, X-ray, Lima, November and Juliett, sending you 2
2024-10-14 20:36:27.413673 Echo: Sierra, sending you 8
2024-10-14 20:36:27.414662 Golf: Oscar, sending you 3
2024-10-14 20:36:27.418677 Oscar: Quebec, Golf, X-ray and November, sending you 3
2024-10-14 20:36:27.423690 Oscar: Juliett, sending you 4
chatterbot Echo submitting transactions
chatterbot Quebec submitting transactions
chatterbot X-ray submitting transactions
chatterbot Hotel submitting transactions
chatterbot November submitting transactions
chatterbot Juliett submitting transactions
chatterbot Oscar submitting transactions
chatterbot Lima submitting transactions
chatterbot Golf submitting transactions
chatterbot Sierra submitting transactions
ChatterBot Quebec round 8
ChatterBot Golf round 8
ChatterBot X-ray round 8
ChatterBot Echo round 8
ChatterBot Lima round 8
ChatterBot Hotel round 8
ChatterBot Oscar round 8
ChatterBot November round 8
ChatterBot Sierra round 8
ChatterBot Juliett round 8
2024-10-14 20:36:28.522327 Lima: We should replace Quebec with Oscar
2024-10-14 20:36:28.550012 Lima: Oscar we want you to join our group
2024-10-14 20:36:28.553501 Oscar: No
2024-10-14 20:36:28.566267 X-ray: Quebec, sending you 3
2024-10-14 20:36:28.569679 Quebec: Golf, X-ray, Lima, Oscar and Juliett, sending you 3
2024-10-14 20:36:28.571247 Hotel: Same as last round
2024-10-14 20:36:28.571641 Echo: Hotel, sending you 7
2024-10-14 20:36:28.572029 X-ray: Golf, Oscar, November and Juliett, sending you 2
2024-10-14 20:36:28.573604 Golf: Quebec, sending you 3
2024-10-14 20:36:28.574547 Quebec: November, sending you 1
2024-10-14 20:36:28.575959 Echo: Sierra, sending you 8
2024-10-14 20:36:28.576296 X-ray: Lima, sending you 1
2024-10-14 20:36:28.577742 Golf: X-ray, Lima, Oscar, November and Juliett, sending you 2
2024-10-14 20:36:28.578771 November: Quebec, sending you 1
2024-10-14 20:36:28.584678 November: Golf, X-ray, Oscar and Juliett, sending you 2
2024-10-14 20:36:28.587069 Oscar: Quebec, sending you 4
2024-10-14 20:36:28.587512 Lima: Sending you 5
2024-10-14 20:36:28.587867 Juliett: Quebec and Oscar, sending you 3
2024-10-14 20:36:28.591708 Sierra: Same as last round
2024-10-14 20:36:28.592112 Oscar: Golf, X-ray, November and Juliett, sending you 3
2024-10-14 20:36:28.593112 Juliett: Golf and X-ray, sending you 2
2024-10-14 20:36:28.598687 Juliett: November, sending you 1
chatterbot November submitting transactions
chatterbot Quebec submitting transactions
chatterbot Golf submitting transactions
chatterbot Lima submitting transactions
chatterbot Oscar submitting transactions
chatterbot Echo submitting transactions
chatterbot Hotel submitting transactions
chatterbot Juliett submitting transactions
chatterbot X-ray submitting transactions
chatterbot Sierra submitting transactions
ChatterBot Quebec round 9
ChatterBot Golf round 9
ChatterBot X-ray round 9
ChatterBot Echo round 9
ChatterBot Lima round 9
ChatterBot Hotel round 9
ChatterBot Oscar round 9
2024-10-14 20:36:29.736650 Lima: We should replace Oscar with Quebec
ChatterBot November round 9
ChatterBot Sierra round 9
ChatterBot Juliett round 9
2024-10-14 20:36:29.752009 Oscar: We should add Lima
ChatterBot Golf reevaluating
2024-10-14 20:36:29.765996 Juliett: No
2024-10-14 20:36:29.766269 Quebec: Yes
2024-10-14 20:36:29.766448 Golf: No
2024-10-14 20:36:29.766673 X-ray: Yes
2024-10-14 20:36:29.766811 November: Yes
ChatterBot Golf reevaluating
ChatterBot Golf reevaluating
ChatterBot Golf reevaluating
ChatterBot Golf reevaluating
2024-10-14 20:36:29.837982 Lima: Quebec we want you to join our group
2024-10-14 20:36:29.841106 Quebec: Yes
2024-10-14 20:36:29.870196 Oscar: Lima we want you to join our group
ChatterBot Lima reevaluating
2024-10-14 20:36:29.887751 Lima: No
ChatterBot Golf reevaluating
2024-10-14 20:36:29.908775 Hotel: Same as last round
2024-10-14 20:36:29.911683 Quebec: Golf, X-ray, Lima, Oscar and Juliett, sending you 3
2024-10-14 20:36:29.914818 X-ray: Quebec, sending you 3
2024-10-14 20:36:29.917457 Echo: Hotel, sending you 7
2024-10-14 20:36:29.918352 Quebec: November, sending you 1
2024-10-14 20:36:29.921169 X-ray: Golf, Oscar, November and Juliett, sending you 2
2024-10-14 20:36:29.924884 Echo: Sierra, sending you 8
2024-10-14 20:36:29.925434 Oscar: Quebec, sending you 4
2024-10-14 20:36:29.927383 November: Quebec, sending you 1
2024-10-14 20:36:29.929376 X-ray: Lima, sending you 1
2024-10-14 20:36:29.932219 Oscar: Golf and Juliett, sending you 3
2024-10-14 20:36:29.934481 November: Golf, X-ray, Oscar and Juliett, sending you 2
2024-10-14 20:36:29.936585 Sierra: Same as last round
2024-10-14 20:36:29.937029 Juliett: Quebec and Oscar, sending you 3
2024-10-14 20:36:29.939338 Oscar: X-ray, Lima and November, sending you 2
2024-10-14 20:36:29.942056 Golf: Quebec, sending you 3
2024-10-14 20:36:29.943227 Juliett: Golf, sending you 1
2024-10-14 20:36:29.944878 Lima: Sending you 6
2024-10-14 20:36:29.946440 Golf: X-ray, Lima, Oscar, November and Juliett, sending you 2
2024-10-14 20:36:29.949672 Juliett: X-ray and November, sending you 2
chatterbot Hotel submitting transactions
chatterbot Oscar submitting transactions
chatterbot Quebec submitting transactions
chatterbot Lima submitting transactions
chatterbot Echo submitting transactions
chatterbot X-ray submitting transactions
chatterbot Sierra submitting transactions
chatterbot Golf submitting transactions
chatterbot Juliett submitting transactions
chatterbot November submitting transactions
ChatterBot Quebec round 10
ChatterBot Golf round 10
ChatterBot X-ray round 10
ChatterBot Echo round 10
ChatterBot Lima round 10
ChatterBot Hotel round 10
ChatterBot Oscar round 10
ChatterBot November round 10
ChatterBot Sierra round 10
2024-10-14 20:36:31.192257 Lima: We should replace Oscar with Quebec
ChatterBot Juliett round 10
2024-10-14 20:36:31.266414 Lima: Quebec we want you to join our group
2024-10-14 20:36:31.272609 Quebec: Yes
2024-10-14 20:36:31.292724 Golf: We should drop Lima
2024-10-14 20:36:31.320881 Juliett: Yes
2024-10-14 20:36:31.321188 Quebec: No
2024-10-14 20:36:31.321943 X-ray: No
2024-10-14 20:36:31.322532 Oscar: No
2024-10-14 20:36:31.323758 November: No
ChatterBot Golf reevaluating
ChatterBot Golf reevaluating
ChatterBot Golf reevaluating
ChatterBot Golf reevaluating
ChatterBot Golf reevaluating
2024-10-14 20:36:31.469054 Echo: Hotel, sending you 7
2024-10-14 20:36:31.469606 X-ray: Quebec, sending you 3
2024-10-14 20:36:31.471643 Quebec: Golf, X-ray, Lima, Oscar and Juliett, sending you 3
2024-10-14 20:36:31.472955 Hotel: Same as last round
2024-10-14 20:36:31.473771 Echo: Sierra, sending you 8
2024-10-14 20:36:31.478422 X-ray: Golf, Oscar, November and Juliett, sending you 2
2024-10-14 20:36:31.480728 Quebec: November, sending you 1
2024-10-14 20:36:31.483218 Juliett: Quebec and Oscar, sending you 3
2024-10-14 20:36:31.484516 Sierra: Same as last round
2024-10-14 20:36:31.485691 X-ray: Lima, sending you 1
2024-10-14 20:36:31.491092 Lima: Sending you 6
2024-10-14 20:36:31.491570 Oscar: Quebec, Golf, Lima and Juliett, sending you 3
2024-10-14 20:36:31.493594 Juliett: Golf, sending you 1
2024-10-14 20:36:31.494777 November: Quebec, sending you 1
2024-10-14 20:36:31.496921 Golf: Quebec, sending you 3
2024-10-14 20:36:31.499068 Oscar: X-ray and November, sending you 2
2024-10-14 20:36:31.500260 Juliett: X-ray and November, sending you 2
2024-10-14 20:36:31.501996 November: Golf, X-ray, Oscar and Juliett, sending you 2
2024-10-14 20:36:31.503961 Golf: X-ray, Lima, Oscar, November and Juliett, sending you 2
chatterbot X-ray submitting transactions
chatterbot Hotel submitting transactions
chatterbot Quebec submitting transactions
chatterbot Lima submitting transactions
chatterbot Golf submitting transactions
chatterbot Echo submitting transactions
chatterbot Sierra submitting transactions
chatterbot Juliett submitting transactions
chatterbot Oscar submitting transactions
chatterbot November submitting transactions
ChatterBot Quebec round 11
ChatterBot Golf round 11
ChatterBot X-ray round 11
ChatterBot Echo round 11
ChatterBot Lima round 11
ChatterBot Hotel round 11
ChatterBot Oscar round 11
ChatterBot November round 11
ChatterBot Sierra round 11
ChatterBot Juliett round 11
2024-10-14 20:36:32.408128 Lima: We should replace Quebec with Oscar
2024-10-14 20:36:32.453122 Lima: Oscar we want you to join our group
ChatterBot Oscar reevaluating
2024-10-14 20:36:32.483114 Oscar: Yes
2024-10-14 20:36:32.613233 Golf: Quebec, sending you 3
2024-10-14 20:36:32.616367 Quebec: Golf, X-ray, Lima, Oscar and Juliett, sending you 3
2024-10-14 20:36:32.618583 X-ray: Quebec, sending you 3
2024-10-14 20:36:32.620656 Echo: Hotel, sending you 7
2024-10-14 20:36:32.621401 Golf: X-ray, Lima, Oscar, November and Juliett, sending you 2
2024-10-14 20:36:32.623632 Quebec: November, sending you 1
2024-10-14 20:36:32.625372 Hotel: Same as last round
2024-10-14 20:36:32.625949 Echo: Sierra, sending you 8
2024-10-14 20:36:32.626996 November: Quebec, sending you 1
2024-10-14 20:36:32.628946 Sierra: Same as last round
2024-10-14 20:36:32.629391 Juliett: Quebec and Oscar, sending you 3
2024-10-14 20:36:32.630924 X-ray: Golf, Oscar, November and Juliett, sending you 2
2024-10-14 20:36:32.632691 Lima: Sending you 6
2024-10-14 20:36:32.633221 November: Golf, X-ray, Oscar and Juliett, sending you 2
2024-10-14 20:36:32.635556 Juliett: Golf, sending you 1
2024-10-14 20:36:32.636976 X-ray: Lima, sending you 1
2024-10-14 20:36:32.638759 Oscar: Quebec, Golf, Lima and Juliett, sending you 3
2024-10-14 20:36:32.640946 Juliett: X-ray and November, sending you 2
2024-10-14 20:36:32.669978 Oscar: X-ray and November, sending you 2
chatterbot Echo submitting transactions
chatterbot Hotel submitting transactions
chatterbot Quebec submitting transactions
chatterbot Golf submitting transactions
chatterbot Lima submitting transactions
chatterbot November submitting transactions
chatterbot X-ray submitting transactions
chatterbot Oscar submitting transactions
chatterbot Sierra submitting transactions
chatterbot Juliett submitting transactions
ChatterBot Quebec round 12
ChatterBot Golf round 12
ChatterBot X-ray round 12
ChatterBot Echo round 12
ChatterBot Lima round 12
ChatterBot Hotel round 12
ChatterBot Oscar round 12
ChatterBot November round 12
2024-10-14 20:36:33.611075 Lima: We should replace Oscar with Quebec
ChatterBot Sierra round 12
ChatterBot Juliett round 12
2024-10-14 20:36:33.635292 Lima: Quebec we want you to join our group
2024-10-14 20:36:33.638753 Quebec: Yes
2024-10-14 20:36:33.665687 Quebec: Golf, X-ray, Lima, Oscar and Juliett, sending you 3
2024-10-14 20:36:33.669197 Quebec: November, sending you 1
2024-10-14 20:36:33.670687 November: Quebec, sending you 1
2024-10-14 20:36:33.671739 Oscar: Quebec and Juliett, sending you 3
2024-10-14 20:36:33.674678 Oscar: Golf, X-ray and November, sending you 2
2024-10-14 20:36:33.676685 November: Golf, X-ray, Oscar and Juliett, sending you 2
2024-10-14 20:36:33.678673 Echo: Hotel, sending you 7
2024-10-14 20:36:33.679487 Hotel: Same as last round
2024-10-14 20:36:33.679791 Lima: Sending you 6
2024-10-14 20:36:33.680166 Oscar: Lima, sending you 4
2024-10-14 20:36:33.680931 X-ray: Quebec, sending you 3
2024-10-14 20:36:33.681555 Juliett: Quebec and Oscar, sending you 3
2024-10-14 20:36:33.683678 Echo: Sierra, sending you 8
2024-10-14 20:36:33.684246 Golf: Quebec, sending you 3
2024-10-14 20:36:33.685170 X-ray: Golf, Oscar, November and Juliett, sending you 2
2024-10-14 20:36:33.686465 Juliett: Golf, sending you 1
2024-10-14 20:36:33.688686 X-ray: Lima, sending you 1
2024-10-14 20:36:33.689657 Golf: X-ray, Lima, Oscar, November and Juliett, sending you 2
2024-10-14 20:36:33.690358 Juliett: X-ray and November, sending you 2
2024-10-14 20:36:33.690845 Sierra: Same as last round
chatterbot X-ray submitting transactions
chatterbot Sierra submitting transactions
chatterbot Quebec submitting transactions
chatterbot Golf submitting transactions
chatterbot Juliett submitting transactions
chatterbot Lima submitting transactions
chatterbot Hotel submitting transactions
chatterbot Oscar submitting transactions
chatterbot Echo submitting transactions
chatterbot November submitting transactions
ChatterBot Quebec round 13
ChatterBot Golf round 13
ChatterBot X-ray round 13
ChatterBot Echo round 13
ChatterBot Lima round 13
ChatterBot Hotel round 13
ChatterBot Oscar round 13
ChatterBot November round 13
ChatterBot Sierra round 13
ChatterBot Juliett round 13
2024-10-14 20:36:35.026823 Golf: Quebec, sending you 3
2024-10-14 20:36:35.055927 Quebec: Golf, X-ray, Lima, Oscar and Juliett, sending you 3
2024-10-14 20:36:35.059377 Sierra: Same as last round
2024-10-14 20:36:35.059836 Echo: Hotel, sending you 7
2024-10-14 20:36:35.060146 X-ray: Quebec, sending you 3
2024-10-14 20:36:35.062123 Hotel: Same as last round
2024-10-14 20:36:35.062396 Golf: X-ray, Lima, Oscar, November and Juliett, sending you 2
2024-10-14 20:36:35.064387 Oscar: Quebec and Lima, sending you 3
2024-10-14 20:36:35.065985 Lima: Same as last round
2024-10-14 20:36:35.066302 Juliett: Quebec and Oscar, sending you 3
2024-10-14 20:36:35.067720 Quebec: November, sending you 1
2024-10-14 20:36:35.069364 Echo: Sierra, sending you 8
2024-10-14 20:36:35.069735 X-ray: Golf, Oscar, November and Juliett, sending you 2
2024-10-14 20:36:35.071273 Oscar: Golf, X-ray and November, sending you 2
2024-10-14 20:36:35.072744 Juliett: Golf, sending you 1
2024-10-14 20:36:35.073453 November: Quebec, sending you 1
2024-10-14 20:36:35.075061 X-ray: Lima, sending you 1
2024-10-14 20:36:35.097699 Oscar: Juliett, sending you 4
2024-10-14 20:36:35.100734 Juliett: X-ray and November, sending you 2
2024-10-14 20:36:35.102035 November: Golf, X-ray, Oscar and Juliett, sending you 2
chatterbot November submitting transactions
chatterbot Juliett submitting transactions
chatterbot Lima submitting transactions
chatterbot Golf submitting transactions
chatterbot Oscar submitting transactions
chatterbot X-ray submitting transactions
chatterbot Sierra submitting transactions
chatterbot Hotel submitting transactions
chatterbot Echo submitting transactions
chatterbot Quebec submitting transactions
ChatterBot Quebec round 14
ChatterBot Golf round 14
ChatterBot X-ray round 14
ChatterBot Echo round 14
ChatterBot Lima round 14
ChatterBot Hotel round 14
ChatterBot Oscar round 14
ChatterBot November round 14
ChatterBot Sierra round 14
2024-10-14 20:36:36.144505 Lima: We should replace Quebec with Oscar
ChatterBot Juliett round 14
2024-10-14 20:36:36.179238 Lima: Oscar we want you to join our group
2024-10-14 20:36:36.182499 Oscar: Yes
2024-10-14 20:36:36.210664 X-ray: Quebec, sending you 3
2024-10-14 20:36:36.213012 Golf: Quebec, sending you 3
2024-10-14 20:36:36.216032 Quebec: Golf, X-ray, Lima, Oscar and Juliett, sending you 3
2024-10-14 20:36:36.219176 X-ray: Golf, Oscar, November and Juliett, sending you 2
2024-10-14 20:36:36.222239 Golf: X-ray, Lima, Oscar, November and Juliett, sending you 2
2024-10-14 20:36:36.225591 Sierra: Same as last round
2024-10-14 20:36:36.226055 Quebec: November, sending you 1
2024-10-14 20:36:36.228831 Oscar: Quebec and Juliett, sending you 4
2024-10-14 20:36:36.231653 X-ray: Lima, sending you 1
2024-10-14 20:36:36.234234 Echo: Hotel, sending you 7
2024-10-14 20:36:36.234800 Lima: Sending you 5
2024-10-14 20:36:36.237102 Oscar: Golf, X-ray, Lima and November, sending you 2
2024-10-14 20:36:36.239127 Hotel: Same as last round
2024-10-14 20:36:36.240319 Echo: Sierra, sending you 8
2024-10-14 20:36:36.240931 Juliett: Quebec and Oscar, sending you 3
2024-10-14 20:36:36.242082 November: Quebec, sending you 1
2024-10-14 20:36:36.246685 Juliett: Golf, sending you 1
2024-10-14 20:36:36.248675 November: Golf, X-ray, Oscar and Juliett, sending you 2
2024-10-14 20:36:36.251942 Juliett: X-ray and November, sending you 2
chatterbot Echo submitting transactions
chatterbot Oscar submitting transactions
chatterbot X-ray submitting transactions
chatterbot Sierra submitting transactions
chatterbot Hotel submitting transactions
chatterbot Quebec submitting transactions
chatterbot Golf submitting transactions
chatterbot Lima submitting transactions
chatterbot Juliett submitting transactions
chatterbot November submitting transactions
ChatterBot Quebec round 15
ChatterBot Golf round 15
ChatterBot X-ray round 15
ChatterBot Echo round 15
ChatterBot Lima round 15
ChatterBot Hotel round 15
ChatterBot Oscar round 15
ChatterBot November round 15
ChatterBot Sierra round 15
ChatterBot Juliett round 15
2024-10-14 20:36:37.530168 November: We should drop Lima
ChatterBot Quebec reevaluating
ChatterBot Golf reevaluating
ChatterBot Oscar reevaluating
2024-10-14 20:36:37.555676 Juliett: Yes
2024-10-14 20:36:37.555865 Quebec: No
2024-10-14 20:36:37.556043 Golf: Yes
2024-10-14 20:36:37.556212 X-ray: No
2024-10-14 20:36:37.556375 Oscar: Yes
ChatterBot Quebec reevaluating
ChatterBot Golf reevaluating
ChatterBot Oscar reevaluating
ChatterBot November reevaluating
ChatterBot Golf reevaluating
ChatterBot Oscar reevaluating
ChatterBot November reevaluating
ChatterBot Quebec reevaluating
ChatterBot Oscar reevaluating
ChatterBot November reevaluating
ChatterBot Quebec reevaluating
ChatterBot Golf reevaluating
ChatterBot Oscar reevaluating
ChatterBot November reevaluating
ChatterBot Quebec reevaluating
ChatterBot Golf reevaluating
ChatterBot November reevaluating
2024-10-14 20:36:37.692922 Lima: Sending you 6
2024-10-14 20:36:37.694375 Hotel: Same as last round
2024-10-14 20:36:37.695058 Echo: Hotel, sending you 7
2024-10-14 20:36:37.696759 X-ray: Quebec, sending you 3
2024-10-14 20:36:37.706303 Echo: Sierra, sending you 8
2024-10-14 20:36:37.707113 X-ray: Golf, Oscar, November and Juliett, sending you 2
2024-10-14 20:36:37.710665 November: Quebec, sending you 1
2024-10-14 20:36:37.713456 Juliett: Quebec and Oscar, sending you 3
2024-10-14 20:36:37.716100 Sierra: Same as last round
2024-10-14 20:36:37.717057 X-ray: Lima, sending you 1
2024-10-14 20:36:37.719377 Quebec: Golf, X-ray, Lima, Oscar and Juliett, sending you 3
2024-10-14 20:36:37.722081 November: Golf, X-ray, Oscar and Juliett, sending you 2
2024-10-14 20:36:37.724509 Juliett: Golf, sending you 1
2024-10-14 20:36:37.725626 Quebec: November, sending you 1
2024-10-14 20:36:37.727749 Oscar: Quebec and Juliett, sending you 4
2024-10-14 20:36:37.729719 Juliett: X-ray and November, sending you 2
2024-10-14 20:36:37.734792 Oscar: Golf and X-ray, sending you 3
2024-10-14 20:36:37.737077 Golf: Quebec, X-ray, Oscar and November, sending you 3
2024-10-14 20:36:37.741681 Oscar: November, sending you 2
2024-10-14 20:36:37.743143 Golf: Juliett, sending you 1
chatterbot Juliett submitting transactions
chatterbot Sierra submitting transactions
chatterbot Lima submitting transactions
chatterbot Echo submitting transactions
chatterbot Hotel submitting transactions
chatterbot Golf submitting transactions
chatterbot Quebec submitting transactions
chatterbot X-ray submitting transactions
chatterbot November submitting transactions
chatterbot Oscar submitting transactions
ChatterBot Quebec round 16
ChatterBot Golf round 16
ChatterBot X-ray round 16
ChatterBot Echo round 16
ChatterBot Lima round 16
ChatterBot Hotel round 16
ChatterBot Oscar round 16
ChatterBot November round 16
ChatterBot Sierra round 16
ChatterBot Juliett round 16
2024-10-14 20:36:38.708219 Lima: We should replace Oscar with Quebec
2024-10-14 20:36:38.729270 Lima: Quebec we want you to join our group
2024-10-14 20:36:38.731859 Quebec: Yes
2024-10-14 20:36:38.741951 November: We should drop Lima
2024-10-14 20:36:38.750596 Juliett: Yes
2024-10-14 20:36:38.751138 Quebec: No
2024-10-14 20:36:38.751257 Golf: Yes
2024-10-14 20:36:38.751365 X-ray: No
2024-10-14 20:36:38.751465 Oscar: Yes
ChatterBot November reevaluating
ChatterBot X-ray reevaluating
ChatterBot November reevaluating
ChatterBot X-ray reevaluating
ChatterBot November reevaluating
ChatterBot Quebec reevaluating
ChatterBot November reevaluating
ChatterBot Quebec reevaluating
ChatterBot X-ray reevaluating
ChatterBot November reevaluating
2024-10-14 20:36:38.807063 Hotel: Same as last round
2024-10-14 20:36:38.807698 Oscar: Quebec and Juliett, sending you 4
2024-10-14 20:36:38.808674 Golf: Quebec, X-ray, Oscar and November, sending you 3
