ChatterBot Uniform round 1
ChatterBot Charlie round 1
ChatterBot Lima round 1
ChatterBot Tango round 1
ChatterBot Sierra round 1
ChatterBot Hotel round 1
ChatterBot Bravo round 1
ChatterBot Delta round 1
ChatterBot Papa round 1
ChatterBot Foxtrot round 1
randomSelections Sierra: {Sierra, Uniform, Papa, Foxtrot, Hotel, Charlie, Lima} 
2024-10-14 20:36:18.014054 Sierra: Group up?
ChatterBot Uniform reevaluating
ChatterBot Papa reevaluating
ChatterBot Foxtrot reevaluating
ChatterBot Hotel reevaluating
ChatterBot Charlie reevaluating
ChatterBot Lima reevaluating
2024-10-14 20:36:18.034731 Uniform: Yes
2024-10-14 20:36:18.034944 Papa: Yes
2024-10-14 20:36:18.035075 Foxtrot: Yes
2024-10-14 20:36:18.035187 Hotel: Yes
2024-10-14 20:36:18.035338 Charlie: Yes
2024-10-14 20:36:18.035515 Lima: Yes
ChatterBot Papa reevaluating
ChatterBot Foxtrot reevaluating
ChatterBot Hotel reevaluating
ChatterBot Charlie reevaluating
ChatterBot Lima reevaluating
ChatterBot Uniform reevaluating
ChatterBot Foxtrot reevaluating
ChatterBot Hotel reevaluating
ChatterBot Charlie reevaluating
ChatterBot Lima reevaluating
ChatterBot Uniform reevaluating
ChatterBot Papa reevaluating
ChatterBot Hotel reevaluating
ChatterBot Charlie reevaluating
ChatterBot Lima reevaluating
ChatterBot Uniform reevaluating
ChatterBot Papa reevaluating
ChatterBot Foxtrot reevaluating
ChatterBot Charlie reevaluating
ChatterBot Lima reevaluating
ChatterBot Uniform reevaluating
ChatterBot Papa reevaluating
ChatterBot Foxtrot reevaluating
ChatterBot Hotel reevaluating
ChatterBot Lima reevaluating
ChatterBot Uniform reevaluating
ChatterBot Papa reevaluating
ChatterBot Foxtrot reevaluating
ChatterBot Hotel reevaluating
ChatterBot Charlie reevaluating
randomSelections Bravo: {Bravo, Delta, Papa, Tango, Foxtrot, Sierra, Charlie} 
2024-10-14 20:36:18.189041 Bravo: Let's form a team
ChatterBot Delta reevaluating
ChatterBot Papa reevaluating
ChatterBot Tango reevaluating
ChatterBot Foxtrot reevaluating
ChatterBot Charlie reevaluating
2024-10-14 20:36:18.198252 Delta: Yes
2024-10-14 20:36:18.198403 Papa: No
2024-10-14 20:36:18.198640 Tango: Yes
2024-10-14 20:36:18.198847 Foxtrot: No
2024-10-14 20:36:18.199489 Sierra: No
2024-10-14 20:36:18.200166 Charlie: No
ChatterBot Papa reevaluating
ChatterBot Tango reevaluating
ChatterBot Foxtrot reevaluating
ChatterBot Charlie reevaluating
ChatterBot Delta reevaluating
ChatterBot Tango reevaluating
ChatterBot Foxtrot reevaluating
ChatterBot Charlie reevaluating
ChatterBot Delta reevaluating
ChatterBot Papa reevaluating
ChatterBot Foxtrot reevaluating
ChatterBot Charlie reevaluating
ChatterBot Delta reevaluating
ChatterBot Papa reevaluating
ChatterBot Tango reevaluating
ChatterBot Charlie reevaluating
ChatterBot Delta reevaluating
ChatterBot Papa reevaluating
ChatterBot Tango reevaluating
ChatterBot Foxtrot reevaluating
ChatterBot Charlie reevaluating
ChatterBot Delta reevaluating
ChatterBot Papa reevaluating
ChatterBot Tango reevaluating
ChatterBot Foxtrot reevaluating
2024-10-14 20:36:18.295688 Lima: Uniform, sending you 1
2024-10-14 20:36:18.298801 Bravo: Charlie, sending you 3
2024-10-14 20:36:18.302493 Lima: Charlie, Sierra, Hotel and Papa, sending you 3
2024-10-14 20:36:18.303944 Sierra: Uniform, sending you 4
2024-10-14 20:36:18.305407 Papa: Charlie, sending you 1
2024-10-14 20:36:18.306118 Bravo: Delta, sending you 1
2024-10-14 20:36:18.307589 Lima: Foxtrot, sending you 2
2024-10-14 20:36:18.308644 Delta: Tango and Bravo, sending you 2
2024-10-14 20:36:18.309901 Charlie: Uniform and Papa, sending you 3
2024-10-14 20:36:18.310498 Sierra: Lima, Hotel and Papa, sending you 3
2024-10-14 20:36:18.312161 Uniform: Charlie, Sierra and Foxtrot, sending you 4
2024-10-14 20:36:18.313882 Bravo: Papa and Foxtrot, sending you 5
2024-10-14 20:36:18.314568 Foxtrot: Uniform and Lima, sending you 1
2024-10-14 20:36:18.315797 Papa: Lima, sending you 6
2024-10-14 20:36:18.317354 Delta: Sierra, sending you 3
2024-10-14 20:36:18.317987 Charlie: Lima, sending you 1
2024-10-14 20:36:18.319400 Sierra: Foxtrot, sending you 2
2024-10-14 20:36:18.320134 Hotel: Uniform and Charlie, sending you 1
2024-10-14 20:36:18.321300 Uniform: Lima, sending you 2
2024-10-14 20:36:18.322003 Tango: Charlie and Bravo, sending you 2
2024-10-14 20:36:18.322938 Foxtrot: Charlie and Sierra, sending you 2
2024-10-14 20:36:18.323356 Papa: Sierra, sending you 3
2024-10-14 20:36:18.323884 Delta: Papa, sending you 5
2024-10-14 20:36:18.324914 Charlie: Sierra, sending you 2
2024-10-14 20:36:18.328717 Hotel: Lima and Papa, sending you 2
2024-10-14 20:36:18.329323 Uniform: Hotel, sending you 3
2024-10-14 20:36:18.331846 Foxtrot: Hotel, sending you 5
2024-10-14 20:36:18.333774 Tango: Papa, sending you 1
2024-10-14 20:36:18.334327 Papa: Hotel and Foxtrot, sending you 2
2024-10-14 20:36:18.336052 Delta: Foxtrot, sending you 4
2024-10-14 20:36:18.338396 Charlie: Foxtrot, sending you 4
2024-10-14 20:36:18.339277 Hotel: Sierra, sending you 3
2024-10-14 20:36:18.341462 Uniform: Papa, sending you 1
2024-10-14 20:36:18.342556 Foxtrot: Papa, sending you 3
2024-10-14 20:36:18.346067 Hotel: Foxtrot, sending you 5
chatterbot Delta submitting transactions
chatterbot Bravo submitting transactions
chatterbot Tango submitting transactions
chatterbot Charlie submitting transactions
chatterbot Sierra submitting transactions
chatterbot Foxtrot submitting transactions
chatterbot Lima submitting transactions
chatterbot Hotel submitting transactions
chatterbot Papa submitting transactions
chatterbot Uniform submitting transactions
ChatterBot Uniform round 2
ChatterBot Charlie round 2
ChatterBot Lima round 2
ChatterBot Tango round 2
ChatterBot Sierra round 2
ChatterBot Hotel round 2
ChatterBot Bravo round 2
ChatterBot Delta round 2
ChatterBot Papa round 2
ChatterBot Foxtrot round 2
2024-10-14 20:36:20.588125 Tango: Friends?
ChatterBot Bravo reevaluating
ChatterBot Delta reevaluating
2024-10-14 20:36:20.596201 Bravo: Yes
2024-10-14 20:36:20.596942 Delta: Yes
ChatterBot Delta reevaluating
ChatterBot Bravo reevaluating
2024-10-14 20:36:20.610684 Delta: Let's form a team
ChatterBot Tango reevaluating
ChatterBot Bravo reevaluating
ChatterBot Charlie reevaluating
2024-10-14 20:36:20.633637 Tango: Yes
2024-10-14 20:36:20.634378 Bravo: No
2024-10-14 20:36:20.634591 Charlie: No
ChatterBot Delta reevaluating
ChatterBot Bravo reevaluating
ChatterBot Charlie reevaluating
ChatterBot Delta reevaluating
ChatterBot Tango reevaluating
ChatterBot Charlie reevaluating
ChatterBot Delta reevaluating
ChatterBot Tango reevaluating
ChatterBot Bravo reevaluating
2024-10-14 20:36:20.972562 Delta: Tango and Papa, sending you 3
2024-10-14 20:36:20.972839 Bravo: Sending you each 5
2024-10-14 20:36:20.973056 Foxtrot: Uniform, Charlie and Hotel, sending you 3
2024-10-14 20:36:20.973783 Lima: Uniform, Charlie, Hotel and Foxtrot, sending you 2
2024-10-14 20:36:20.974099 Tango: Bravo, sending you 4
2024-10-14 20:36:20.974290 Sierra: Uniform, Lima, Hotel and Papa, sending you 3
2024-10-14 20:36:20.974667 Uniform: Charlie, sending you 5
2024-10-14 20:36:21.024412 Delta: Bravo, sending you 10
2024-10-14 20:36:21.024772 Foxtrot: Lima and Sierra, sending you 2
2024-10-14 20:36:21.025718 Lima: Sierra and Papa, sending you 3
2024-10-14 20:36:21.026073 Tango: Delta, sending you 5
2024-10-14 20:36:21.026313 Sierra: Charlie, sending you 2
2024-10-14 20:36:21.027040 Hotel: Uniform, Lima and Sierra, sending you 3
2024-10-14 20:36:21.027412 Uniform: Lima, Hotel and Foxtrot, sending you 2
2024-10-14 20:36:21.027898 Charlie: Sending you 6
2024-10-14 20:36:21.028684 Papa: Charlie, Lima, Sierra and Foxtrot, sending you 3
2024-10-14 20:36:21.043955 Foxtrot: Papa, sending you 1
2024-10-14 20:36:21.044389 Sierra: Foxtrot, sending you 1
2024-10-14 20:36:21.044740 Hotel: Papa, sending you 1
2024-10-14 20:36:21.045570 Uniform: Sierra, sending you 6
2024-10-14 20:36:21.045918 Papa: Hotel, sending you 2
2024-10-14 20:36:21.054444 Hotel: Foxtrot, sending you 4
2024-10-14 20:36:21.054845 Uniform: Papa, sending you 1
chatterbot Papa submitting transactions
chatterbot Hotel submitting transactions
chatterbot Charlie submitting transactions
chatterbot Sierra submitting transactions
chatterbot Foxtrot submitting transactions
chatterbot Lima submitting transactions
chatterbot Tango submitting transactions
chatterbot Uniform submitting transactions
chatterbot Bravo submitting transactions
chatterbot Delta submitting transactions
ChatterBot Uniform round 3
ChatterBot Charlie round 3
ChatterBot Lima round 3
ChatterBot Tango round 3
ChatterBot Sierra round 3
ChatterBot Hotel round 3
ChatterBot Bravo round 3
ChatterBot Delta round 3
ChatterBot Papa round 3
ChatterBot Foxtrot round 3
2024-10-14 20:36:22.243056 Charlie: We should replace Lima with Uniform
2024-10-14 20:36:22.267720 Sierra: We should drop Charlie
ChatterBot Foxtrot reevaluating
2024-10-14 20:36:22.283772 Uniform: No
2024-10-14 20:36:22.283925 Lima: No
2024-10-14 20:36:22.284042 Hotel: No
2024-10-14 20:36:22.284141 Papa: No
2024-10-14 20:36:22.284237 Foxtrot: Yes
ChatterBot Foxtrot reevaluating
ChatterBot Foxtrot reevaluating
ChatterBot Foxtrot reevaluating
ChatterBot Foxtrot reevaluating
2024-10-14 20:36:22.361030 Charlie: Uniform we want you to join our group
2024-10-14 20:36:22.364633 Uniform: Yes
2024-10-14 20:36:22.418841 Uniform: Charlie, sending you 2
2024-10-14 20:36:22.419361 Tango: Bravo, sending you 5
2024-10-14 20:36:22.456077 Uniform: Lima and Hotel, sending you 3
2024-10-14 20:36:22.457022 Tango: Delta, sending you 4
2024-10-14 20:36:22.457228 Delta: Tango, sending you 6
2024-10-14 20:36:22.457424 Lima: Uniform, Hotel and Foxtrot, sending you 2
2024-10-14 20:36:22.457823 Hotel: Uniform, Lima and Papa, sending you 2
2024-10-14 20:36:22.458555 Sierra: Uniform, sending you 4
2024-10-14 20:36:22.458854 Foxtrot: Uniform, Charlie, Lima, Sierra and Papa, sending you 2
2024-10-14 20:36:22.459197 Bravo: Tango, sending you 5
2024-10-14 20:36:22.459377 Papa: Uniform, sending you 1
2024-10-14 20:36:22.460167 Charlie: Sending you 5
2024-10-14 20:36:22.493056 Delta: Bravo, sending you 7
2024-10-14 20:36:22.493342 Lima: Charlie, Sierra and Papa, sending you 3
2024-10-14 20:36:22.494687 Uniform: Sierra, sending you 5
2024-10-14 20:36:22.495129 Hotel: Charlie, sending you 1
2024-10-14 20:36:22.495625 Foxtrot: Hotel, sending you 4
2024-10-14 20:36:22.496504 Bravo: Delta, sending you 4
2024-10-14 20:36:22.496799 Papa: Charlie, Hotel and Foxtrot, sending you 2
2024-10-14 20:36:22.497168 Sierra: Lima, Hotel and Papa, sending you 3
2024-10-14 20:36:22.497483 Delta: Papa, sending you 3
2024-10-14 20:36:22.502636 Uniform: Papa, sending you 1
2024-10-14 20:36:22.503563 Hotel: Sierra, sending you 3
2024-10-14 20:36:22.503944 Papa: Lima, sending you 3
2024-10-14 20:36:22.504298 Sierra: Foxtrot, sending you 2
2024-10-14 20:36:22.510778 Uniform: Foxtrot, sending you 4
2024-10-14 20:36:22.511723 Papa: Sierra, sending you 4
2024-10-14 20:36:22.512146 Hotel: Foxtrot, sending you 4
chatterbot Hotel submitting transactions
chatterbot Foxtrot submitting transactions
chatterbot Tango submitting transactions
chatterbot Charlie submitting transactions
chatterbot Uniform submitting transactions
chatterbot Sierra submitting transactions
chatterbot Bravo submitting transactions
chatterbot Papa submitting transactions
chatterbot Delta submitting transactions
chatterbot Lima submitting transactions
ChatterBot Uniform round 4
ChatterBot Charlie round 4
ChatterBot Lima round 4
ChatterBot Tango round 4
ChatterBot Sierra round 4
ChatterBot Hotel round 4
ChatterBot Bravo round 4
ChatterBot Delta round 4
ChatterBot Papa round 4
ChatterBot Foxtrot round 4
2024-10-14 20:36:23.354601 Delta: We should replace Papa with Charlie
ChatterBot Tango reevaluating
2024-10-14 20:36:23.360345 Tango: Yes
2024-10-14 20:36:23.360495 Bravo: No
ChatterBot Tango reevaluating
ChatterBot Delta reevaluating
2024-10-14 20:36:23.395697 Uniform: Charlie, sending you 4
2024-10-14 20:36:23.399715 Charlie: Same as last round
2024-10-14 20:36:23.400671 Uniform: Lima, Hotel and Foxtrot, sending you 3
2024-10-14 20:36:23.401694 Lima: Uniform and Foxtrot, sending you 2
2024-10-14 20:36:23.403666 Tango: Charlie, sending you 2
2024-10-14 20:36:23.404685 Uniform: Sierra, sending you 5
2024-10-14 20:36:23.406723 Lima: Charlie, Sierra, Hotel and Papa, sending you 3
2024-10-14 20:36:23.407855 Tango: Bravo, sending you 4
2024-10-14 20:36:23.408668 Sierra: Uniform, sending you 4
2024-10-14 20:36:23.409660 Foxtrot: Uniform and Hotel, sending you 3
2024-10-14 20:36:23.410661 Hotel: Uniform, Lima and Papa, sending you 2
2024-10-14 20:36:23.411822 Delta: Tango, sending you 6
2024-10-14 20:36:23.412119 Tango: Delta, sending you 3
2024-10-14 20:36:23.413674 Sierra: Lima, Hotel and Papa, sending you 3
2024-10-14 20:36:23.414055 Foxtrot: Charlie, Lima, Sierra and Papa, sending you 2
2024-10-14 20:36:23.414658 Delta: Bravo, sending you 7
2024-10-14 20:36:23.416663 Hotel: Charlie, sending you 1
2024-10-14 20:36:23.417501 Bravo: Tango, sending you 5
2024-10-14 20:36:23.417722 Sierra: Foxtrot, sending you 2
2024-10-14 20:36:23.419672 Delta: Papa, sending you 3
2024-10-14 20:36:23.419967 Papa: Uniform and Charlie, sending you 1
2024-10-14 20:36:23.420498 Hotel: Sierra, sending you 3
2024-10-14 20:36:23.421417 Bravo: Delta, sending you 4
2024-10-14 20:36:23.423669 Papa: Lima and Sierra, sending you 4
2024-10-14 20:36:23.425678 Hotel: Foxtrot, sending you 4
2024-10-14 20:36:23.427018 Papa: Hotel and Foxtrot, sending you 2
chatterbot Sierra submitting transactions
chatterbot Lima submitting transactions
chatterbot Tango submitting transactions
chatterbot Bravo submitting transactions
chatterbot Hotel submitting transactions
chatterbot Foxtrot submitting transactions
chatterbot Charlie submitting transactions
chatterbot Uniform submitting transactions
chatterbot Papa submitting transactions
chatterbot Delta submitting transactions
ChatterBot Uniform round 5
ChatterBot Charlie round 5
ChatterBot Lima round 5
ChatterBot Tango round 5
ChatterBot Sierra round 5
ChatterBot Hotel round 5
ChatterBot Bravo round 5
ChatterBot Delta round 5
ChatterBot Papa round 5
ChatterBot Foxtrot round 5
2024-10-14 20:36:24.654645 Delta: We should replace Papa with Charlie
2024-10-14 20:36:24.659292 Tango: No
2024-10-14 20:36:24.660 Bravo: No
2024-10-14 20:36:24.682913 Tango: We should drop Charlie
ChatterBot Delta reevaluating
2024-10-14 20:36:24.693220 Bravo: Yes
2024-10-14 20:36:24.693434 Delta: Yes
ChatterBot Delta reevaluating
2024-10-14 20:36:24.706827 Delta: We should replace Papa with Hotel
2024-10-14 20:36:24.712837 Tango: No
2024-10-14 20:36:24.713007 Bravo: No
ChatterBot Delta reevaluating
ChatterBot Delta reevaluating
2024-10-14 20:36:24.726 Uniform: Charlie, sending you 4
2024-10-14 20:36:24.727199 Foxtrot: We should drop Charlie
2024-10-14 20:36:24.754515 Sierra: Yes
2024-10-14 20:36:24.754773 Uniform: No
2024-10-14 20:36:24.754939 Lima: No
2024-10-14 20:36:24.755099 Hotel: No
2024-10-14 20:36:24.755253 Papa: No
2024-10-14 20:36:24.841559 Delta: We should replace Papa with Lima
2024-10-14 20:36:24.848142 Tango: No
2024-10-14 20:36:24.848346 Bravo: No
ChatterBot Delta reevaluating
ChatterBot Delta reevaluating
2024-10-14 20:36:24.861921 Uniform: Lima, sending you 2
2024-10-14 20:36:24.863416 Charlie: Same as last round
2024-10-14 20:36:24.863837 Bravo: Tango, sending you 5
2024-10-14 20:36:24.864146 Papa: Uniform and Charlie, sending you 1
2024-10-14 20:36:24.864797 Lima: Uniform, Charlie, Hotel and Foxtrot, sending you 2
2024-10-14 20:36:24.866928 Uniform: Sierra, sending you 5
2024-10-14 20:36:24.868203 Hotel: Uniform, Lima and Papa, sending you 2
2024-10-14 20:36:24.869290 Bravo: Delta, sending you 4
2024-10-14 20:36:24.869859 Papa: Lima and Foxtrot, sending you 3
2024-10-14 20:36:24.871521 Delta: Hotel we want you to join our group
2024-10-14 20:36:24.877902 Hotel: No
ChatterBot Delta reevaluating
2024-10-14 20:36:24.896056 Sierra: Uniform, sending you 4
2024-10-14 20:36:24.897052 Lima: Sierra and Papa, sending you 3
2024-10-14 20:36:24.898192 Tango: Bravo, sending you 5
2024-10-14 20:36:24.898895 Uniform: Hotel and Foxtrot, sending you 3
2024-10-14 20:36:24.900497 Hotel: Charlie, sending you 1
2024-10-14 20:36:24.901527 Papa: Sierra, sending you 4
2024-10-14 20:36:24.902773 Sierra: Lima, Hotel and Papa, sending you 3
2024-10-14 20:36:24.904604 Delta: Lima we want you to join our group
2024-10-14 20:36:24.911148 Lima: No
ChatterBot Delta reevaluating
2024-10-14 20:36:24.926660 Delta: We should replace Papa with Uniform
2024-10-14 20:36:24.937283 Tango: No
2024-10-14 20:36:24.937603 Bravo: No
ChatterBot Delta reevaluating
ChatterBot Delta reevaluating
2024-10-14 20:36:24.953822 Tango: Delta, sending you 4
2024-10-14 20:36:24.954172 Uniform: Papa, sending you 1
2024-10-14 20:36:24.954713 Foxtrot: Uniform and Papa, sending you 3
2024-10-14 20:36:24.955502 Hotel: Sierra, sending you 3
2024-10-14 20:36:24.955978 Papa: Hotel, sending you 2
2024-10-14 20:36:24.956445 Sierra: Foxtrot, sending you 2
2024-10-14 20:36:24.956902 Delta: We should replace Papa with Foxtrot
2024-10-14 20:36:24.961904 Tango: No
2024-10-14 20:36:24.962067 Bravo: No
ChatterBot Delta reevaluating
ChatterBot Delta reevaluating
chatterbot Bravo submitting transactions
2024-10-14 20:36:24.971195 Foxtrot: Lima and Sierra, sending you 2
chatterbot Charlie submitting transactions
2024-10-14 20:36:24.971816 Hotel: Foxtrot, sending you 4
2024-10-14 20:36:24.975055 Foxtrot: Hotel, sending you 4
2024-10-14 20:36:24.999668 Delta: Lima, sending you 3
2024-10-14 20:36:25.004672 Delta: Tango, sending you 6
2024-10-14 20:36:25.009682 Delta: Bravo, sending you 7
chatterbot Lima submitting transactions
chatterbot Papa submitting transactions
chatterbot Tango submitting transactions
chatterbot Uniform submitting transactions
chatterbot Hotel submitting transactions
chatterbot Delta submitting transactions
chatterbot Sierra submitting transactions
chatterbot Foxtrot submitting transactions
ChatterBot Uniform round 6
ChatterBot Charlie round 6
ChatterBot Lima round 6
ChatterBot Tango round 6
ChatterBot Sierra round 6
ChatterBot Hotel round 6
ChatterBot Bravo round 6
ChatterBot Delta round 6
ChatterBot Papa round 6
ChatterBot Foxtrot round 6
2024-10-14 20:36:25.983323 Delta: We should replace Lima with Hotel
2024-10-14 20:36:25.988262 Tango: No
2024-10-14 20:36:25.988413 Bravo: No
ChatterBot Delta reevaluating
ChatterBot Delta reevaluating
2024-10-14 20:36:26.005436 Hotel: We should drop Charlie
ChatterBot Papa reevaluating
2024-10-14 20:36:26.019107 Sierra: Yes
2024-10-14 20:36:26.019286 Uniform: No
2024-10-14 20:36:26.019413 Lima: No
2024-10-14 20:36:26.019550 Papa: Yes
2024-10-14 20:36:26.019674 Foxtrot: Yes
ChatterBot Hotel reevaluating
ChatterBot Papa reevaluating
ChatterBot Hotel reevaluating
ChatterBot Papa reevaluating
ChatterBot Hotel reevaluating
ChatterBot Papa reevaluating
ChatterBot Hotel reevaluating
ChatterBot Uniform reevaluating
ChatterBot Hotel reevaluating
ChatterBot Papa reevaluating
2024-10-14 20:36:26.081384 Delta: We should replace Lima with Foxtrot
2024-10-14 20:36:26.085638 Tango: No
2024-10-14 20:36:26.085779 Bravo: No
ChatterBot Delta reevaluating
ChatterBot Delta reevaluating
2024-10-14 20:36:26.097660 Sierra: Uniform, sending you 4
2024-10-14 20:36:26.098308 Bravo: Tango, sending you 5
2024-10-14 20:36:26.098699 Charlie: Same as last round
2024-10-14 20:36:26.098981 Tango: Bravo, sending you 5
2024-10-14 20:36:26.099961 Lima: Uniform, Charlie and Foxtrot, sending you 2
2024-10-14 20:36:26.100765 Sierra: Lima, Hotel and Papa, sending you 3
2024-10-14 20:36:26.101702 Delta: Hotel we want you to join our group
ChatterBot Hotel reevaluating
2024-10-14 20:36:26.105704 Hotel: No
ChatterBot Delta reevaluating
2024-10-14 20:36:26.114835 Tango: Delta, sending you 4
2024-10-14 20:36:26.115377 Bravo: Delta, sending you 3
2024-10-14 20:36:26.116176 Lima: Sierra, Hotel and Papa, sending you 3
2024-10-14 20:36:26.116812 Sierra: Foxtrot, sending you 2
2024-10-14 20:36:26.122009 Foxtrot: Uniform and Papa, sending you 3
2024-10-14 20:36:26.124668 Foxtrot: Lima and Sierra, sending you 2
2024-10-14 20:36:26.128670 Uniform: Lima and Hotel, sending you 3
2024-10-14 20:36:26.129116 Foxtrot: Hotel, sending you 4
2024-10-14 20:36:26.131653 Uniform: Sierra, sending you 6
2024-10-14 20:36:26.136666 Uniform: Papa, sending you 2
2024-10-14 20:36:26.139663 Uniform: Foxtrot, sending you 4
2024-10-14 20:36:26.140706 Papa: Uniform, sending you 1
2024-10-14 20:36:26.141677 Delta: Tango, sending you 6
2024-10-14 20:36:26.142675 Hotel: Uniform and Sierra, sending you 3
2024-10-14 20:36:26.144660 Papa: Lima and Sierra, sending you 4
2024-10-14 20:36:26.145700 Delta: Hotel, sending you 3
2024-10-14 20:36:26.147667 Hotel: Lima and Papa, sending you 2
2024-10-14 20:36:26.148772 Delta: Bravo, sending you 7
2024-10-14 20:36:26.149671 Papa: Hotel, sending you 2
2024-10-14 20:36:26.151662 Hotel: Foxtrot, sending you 4
2024-10-14 20:36:26.152679 Papa: Foxtrot, sending you 3
chatterbot Lima submitting transactions
chatterbot Foxtrot submitting transactions
chatterbot Papa submitting transactions
chatterbot Sierra submitting transactions
chatterbot Tango submitting transactions
chatterbot Charlie submitting transactions
chatterbot Hotel submitting transactions
chatterbot Delta submitting transactions
chatterbot Bravo submitting transactions
chatterbot Uniform submitting transactions
ChatterBot Uniform round 7
ChatterBot Charlie round 7
ChatterBot Lima round 7
ChatterBot Tango round 7
ChatterBot Sierra round 7
ChatterBot Hotel round 7
ChatterBot Bravo round 7
ChatterBot Delta round 7
ChatterBot Papa round 7
ChatterBot Foxtrot round 7
2024-10-14 20:36:27.267938 Delta: We should replace Hotel with Foxtrot
2024-10-14 20:36:27.274181 Tango: No
2024-10-14 20:36:27.274432 Bravo: No
2024-10-14 20:36:27.288139 Delta: Foxtrot we want you to join our group
2024-10-14 20:36:27.291003 Foxtrot: No
2024-10-14 20:36:27.300675 Lima: Uniform, Sierra, Hotel and Papa, sending you 3
2024-10-14 20:36:27.302656 Sierra: Uniform, sending you 4
2024-10-14 20:36:27.304670 Bravo: Tango, sending you 5
2024-10-14 20:36:27.305082 Charlie: Sending you 6
2024-10-14 20:36:27.305686 Lima: Charlie and Foxtrot, sending you 2
2024-10-14 20:36:27.306876 Sierra: Lima, Hotel and Papa, sending you 3
2024-10-14 20:36:27.307370 Hotel: Uniform, Lima and Sierra, sending you 3
2024-10-14 20:36:27.308169 Bravo: Delta, sending you 3
2024-10-14 20:36:27.309996 Sierra: Foxtrot, sending you 2
2024-10-14 20:36:27.310668 Tango: Bravo, sending you 5
2024-10-14 20:36:27.311053 Hotel: Papa, sending you 1
2024-10-14 20:36:27.311662 Uniform: Lima and Hotel, sending you 3
2024-10-14 20:36:27.315930 Tango: Delta, sending you 4
2024-10-14 20:36:27.316373 Hotel: Foxtrot, sending you 4
2024-10-14 20:36:27.316943 Delta: Tango, sending you 6
2024-10-14 20:36:27.317287 Uniform: Sierra, sending you 6
2024-10-14 20:36:27.317755 Foxtrot: Uniform and Papa, sending you 3
2024-10-14 20:36:27.319689 Delta: Bravo, sending you 7
2024-10-14 20:36:27.320703 Papa: Uniform and Hotel, sending you 2
2024-10-14 20:36:27.321565 Foxtrot: Lima and Sierra, sending you 2
2024-10-14 20:36:27.322164 Uniform: Papa, sending you 2
2024-10-14 20:36:27.323678 Papa: Lima and Foxtrot, sending you 3
2024-10-14 20:36:27.325727 Delta: Foxtrot, sending you 3
2024-10-14 20:36:27.326116 Foxtrot: Hotel, sending you 4
2024-10-14 20:36:27.326745 Uniform: Foxtrot, sending you 4
2024-10-14 20:36:27.328084 Papa: Sierra, sending you 4
chatterbot Tango submitting transactions
chatterbot Lima submitting transactions
chatterbot Sierra submitting transactions
chatterbot Bravo submitting transactions
chatterbot Papa submitting transactions
chatterbot Delta submitting transactions
chatterbot Charlie submitting transactions
chatterbot Uniform submitting transactions
chatterbot Foxtrot submitting transactions
chatterbot Hotel submitting transactions
ChatterBot Uniform round 8
ChatterBot Charlie round 8
ChatterBot Lima round 8
ChatterBot Tango round 8
ChatterBot Sierra round 8
ChatterBot Hotel round 8
2024-10-14 20:36:28.466431 Charlie: We should replace Uniform with Lima
ChatterBot Bravo round 8
ChatterBot Delta round 8
ChatterBot Papa round 8
ChatterBot Foxtrot round 8
2024-10-14 20:36:28.485865 Lima: We should drop Charlie
2024-10-14 20:36:28.507206 Sierra: Yes
2024-10-14 20:36:28.507550 Uniform: Yes
2024-10-14 20:36:28.508407 Hotel: Yes
2024-10-14 20:36:28.508706 Papa: Yes
2024-10-14 20:36:28.508973 Foxtrot: Yes
2024-10-14 20:36:28.589315 Charlie: Lima we want you to join our group
2024-10-14 20:36:28.591680 Lima: No
2024-10-14 20:36:28.620673 Uniform: Lima, sending you 3
2024-10-14 20:36:28.624666 Tango: Bravo, sending you 5
2024-10-14 20:36:28.626776 Uniform: Sierra, sending you 5
2024-10-14 20:36:28.629186 Tango: Delta, sending you 4
2024-10-14 20:36:28.629705 Foxtrot: Uniform and Papa, sending you 3
2024-10-14 20:36:28.630772 Sierra: Uniform, sending you 4
2024-10-14 20:36:28.632042 Hotel: Uniform, Lima and Sierra, sending you 3
2024-10-14 20:36:28.632670 Papa: Uniform and Hotel, sending you 2
2024-10-14 20:36:28.634107 Charlie: Sending you 6
2024-10-14 20:36:28.634475 Uniform: Hotel and Foxtrot, sending you 4
2024-10-14 20:36:28.635516 Delta: Tango, sending you 7
2024-10-14 20:36:28.635841 Foxtrot: Lima and Sierra, sending you 2
2024-10-14 20:36:28.636336 Bravo: Tango, sending you 5
2024-10-14 20:36:28.637329 Sierra: Lima, Hotel and Papa, sending you 3
2024-10-14 20:36:28.638001 Papa: Lima and Foxtrot, sending you 3
2024-10-14 20:36:28.638449 Hotel: Papa, sending you 1
2024-10-14 20:36:28.639362 Lima: Uniform, Sierra, Hotel and Papa, sending you 3
2024-10-14 20:36:28.639920 Foxtrot: Hotel, sending you 4
2024-10-14 20:36:28.640881 Uniform: Papa, sending you 2
2024-10-14 20:36:28.641538 Delta: Bravo, sending you 6
2024-10-14 20:36:28.642502 Sierra: Foxtrot, sending you 2
2024-10-14 20:36:28.643306 Bravo: Delta, sending you 3
2024-10-14 20:36:28.643733 Papa: Sierra, sending you 4
2024-10-14 20:36:28.645351 Hotel: Foxtrot, sending you 4
2024-10-14 20:36:28.646870 Lima: Foxtrot, sending you 2
2024-10-14 20:36:28.647899 Delta: Foxtrot, sending you 3
chatterbot Tango submitting transactions
chatterbot Sierra submitting transactions
chatterbot Hotel submitting transactions
chatterbot Lima submitting transactions
chatterbot Charlie submitting transactions
chatterbot Delta submitting transactions
chatterbot Uniform submitting transactions
chatterbot Papa submitting transactions
chatterbot Foxtrot submitting transactions
chatterbot Bravo submitting transactions
ChatterBot Uniform round 9
ChatterBot Charlie round 9
ChatterBot Lima round 9
ChatterBot Tango round 9
ChatterBot Sierra round 9
ChatterBot Hotel round 9
ChatterBot Bravo round 9
ChatterBot Delta round 9
ChatterBot Papa round 9
ChatterBot Foxtrot round 9
2024-10-14 20:36:29.818374 Delta: We should replace Foxtrot with Uniform
2024-10-14 20:36:29.828877 Tango: No
2024-10-14 20:36:29.829197 Bravo: No
2024-10-14 20:36:29.863814 Delta: Uniform we want you to join our group
2024-10-14 20:36:29.868064 Uniform: No
ChatterBot Tango reevaluating
2024-10-14 20:36:29.880770 Uniform: Lima, sending you 3
2024-10-14 20:36:29.885898 Sierra: Uniform, sending you 4
2024-10-14 20:36:29.894309 Uniform: Sierra, sending you 5
2024-10-14 20:36:29.896700 Sierra: Lima, Hotel and Papa, sending you 3
2024-10-14 20:36:29.898462 Lima: Uniform and Papa, sending you 2
2024-10-14 20:36:29.901042 Bravo: Tango, sending you 5
2024-10-14 20:36:29.902393 Hotel: Uniform, Lima, Sierra and Foxtrot, sending you 3
2024-10-14 20:36:29.904358 Uniform: Hotel and Foxtrot, sending you 4
2024-10-14 20:36:29.905652 Papa: Uniform and Hotel, sending you 2
2024-10-14 20:36:29.907899 Sierra: Foxtrot, sending you 2
2024-10-14 20:36:29.909841 Lima: Sierra, Hotel and Foxtrot, sending you 3
2024-10-14 20:36:29.912026 Bravo: Delta, sending you 3
2024-10-14 20:36:29.913086 Hotel: Papa, sending you 2
2024-10-14 20:36:29.915415 Uniform: Papa, sending you 2
2024-10-14 20:36:29.917880 Papa: Lima and Foxtrot, sending you 3
2024-10-14 20:36:29.920037 Tango: Charlie, sending you 2
2024-10-14 20:36:29.921151 Delta: Uniform, sending you 3
2024-10-14 20:36:29.923209 Foxtrot: Uniform and Papa, sending you 3
2024-10-14 20:36:29.926072 Papa: Sierra, sending you 4
2024-10-14 20:36:29.928395 Tango: Bravo, sending you 4
2024-10-14 20:36:29.929858 Delta: Tango, sending you 7
2024-10-14 20:36:29.930778 Foxtrot: Lima and Sierra, sending you 2
2024-10-14 20:36:29.934664 Tango: Delta, sending you 3
2024-10-14 20:36:29.935667 Delta: Bravo, sending you 6
2024-10-14 20:36:29.936928 Foxtrot: Hotel, sending you 4
chatterbot Hotel submitting transactions
chatterbot Lima submitting transactions
chatterbot Uniform submitting transactions
chatterbot Tango submitting transactions
chatterbot Papa submitting transactions
chatterbot Delta submitting transactions
chatterbot Charlie submitting transactions
chatterbot Sierra submitting transactions
chatterbot Bravo submitting transactions
chatterbot Foxtrot submitting transactions
ChatterBot Uniform round 10
ChatterBot Charlie round 10
ChatterBot Lima round 10
ChatterBot Tango round 10
ChatterBot Sierra round 10
ChatterBot Hotel round 10
ChatterBot Bravo round 10
ChatterBot Delta round 10
ChatterBot Papa round 10
ChatterBot Foxtrot round 10
2024-10-14 20:36:31.177596 Delta: We should replace Uniform with Lima
2024-10-14 20:36:31.185784 Tango: No
2024-10-14 20:36:31.186915 Bravo: No
ChatterBot Delta reevaluating
ChatterBot Delta reevaluating
2024-10-14 20:36:31.228134 Tango: We should drop Charlie
ChatterBot Delta reevaluating
2024-10-14 20:36:31.241518 Bravo: Yes
2024-10-14 20:36:31.241857 Delta: Yes
ChatterBot Delta reevaluating
2024-10-14 20:36:31.270795 Hotel: Uniform, Lima, Sierra and Foxtrot, sending you 3
2024-10-14 20:36:31.273190 Lima: Uniform and Papa, sending you 2
2024-10-14 20:36:31.275332 Charlie: Sending you 3
2024-10-14 20:36:31.275929 Uniform: Lima, sending you 3
2024-10-14 20:36:31.277651 Sierra: Uniform, sending you 4
2024-10-14 20:36:31.279326 Hotel: Papa, sending you 2
2024-10-14 20:36:31.280544 Lima: Sierra, Hotel and Foxtrot, sending you 3
2024-10-14 20:36:31.282254 Sierra: Lima, Hotel and Papa, sending you 3
2024-10-14 20:36:31.284539 Uniform: Sierra, sending you 5
2024-10-14 20:36:31.285851 Foxtrot: Uniform and Papa, sending you 3
2024-10-14 20:36:31.286673 Tango: Bravo, sending you 5
2024-10-14 20:36:31.287805 Bravo: Tango, sending you 5
2024-10-14 20:36:31.288264 Papa: Uniform and Hotel, sending you 2
2024-10-14 20:36:31.289015 Sierra: Foxtrot, sending you 2
2024-10-14 20:36:31.290294 Uniform: Hotel and Foxtrot, sending you 4
2024-10-14 20:36:31.291881 Foxtrot: Lima and Sierra, sending you 2
2024-10-14 20:36:31.293448 Tango: Delta, sending you 4
2024-10-14 20:36:31.294266 Bravo: Delta, sending you 3
2024-10-14 20:36:31.295776 Papa: Lima and Foxtrot, sending you 3
2024-10-14 20:36:31.297029 Foxtrot: Hotel, sending you 4
2024-10-14 20:36:31.299158 Uniform: Papa, sending you 2
2024-10-14 20:36:31.301024 Delta: Sending you each 8
2024-10-14 20:36:31.302179 Papa: Sierra, sending you 4
chatterbot Lima submitting transactions
chatterbot Hotel submitting transactions
chatterbot Bravo submitting transactions
chatterbot Uniform submitting transactions
chatterbot Foxtrot submitting transactions
chatterbot Papa submitting transactions
chatterbot Charlie submitting transactions
chatterbot Tango submitting transactions
chatterbot Sierra submitting transactions
chatterbot Delta submitting transactions
ChatterBot Uniform round 11
ChatterBot Charlie round 11
ChatterBot Lima round 11
ChatterBot Tango round 11
ChatterBot Sierra round 11
ChatterBot Hotel round 11
ChatterBot Bravo round 11
ChatterBot Delta round 11
ChatterBot Papa round 11
ChatterBot Foxtrot round 11
2024-10-14 20:36:32.415690 Delta: We should add Hotel
2024-10-14 20:36:32.421801 Tango: No
2024-10-14 20:36:32.421962 Bravo: No
ChatterBot Delta reevaluating
ChatterBot Tango reevaluating
ChatterBot Delta reevaluating
2024-10-14 20:36:32.441246 Delta: We should add Uniform
ChatterBot Tango reevaluating
2024-10-14 20:36:32.448515 Tango: No
2024-10-14 20:36:32.448654 Bravo: No
ChatterBot Delta reevaluating
ChatterBot Tango reevaluating
ChatterBot Delta reevaluating
2024-10-14 20:36:32.541920 Delta: We should add Lima
ChatterBot Tango reevaluating
2024-10-14 20:36:32.572024 Tango: No
2024-10-14 20:36:32.572233 Bravo: No
ChatterBot Delta reevaluating
ChatterBot Tango reevaluating
ChatterBot Delta reevaluating
2024-10-14 20:36:32.592225 Delta: We should add Charlie
ChatterBot Tango reevaluating
2024-10-14 20:36:32.600349 Tango: Yes
2024-10-14 20:36:32.600572 Bravo: No
ChatterBot Bravo reevaluating
ChatterBot Delta reevaluating
ChatterBot Tango reevaluating
ChatterBot Delta reevaluating
2024-10-14 20:36:32.617368 Lima: Uniform and Papa, sending you 2
2024-10-14 20:36:32.643488 Delta: Charlie we want you to join our group
2024-10-14 20:36:32.667684 Charlie: No
ChatterBot Delta reevaluating
ChatterBot Tango reevaluating
2024-10-14 20:36:32.684232 Sierra: Uniform, sending you 4
2024-10-14 20:36:32.685675 Papa: Uniform and Hotel, sending you 2
2024-10-14 20:36:32.686588 Lima: Sierra, Hotel and Foxtrot, sending you 3
2024-10-14 20:36:32.688180 Uniform: Lima, sending you 3
2024-10-14 20:36:32.689362 Foxtrot: Uniform, Lima, Hotel and Papa, sending you 3
2024-10-14 20:36:32.690233 Papa: Lima and Foxtrot, sending you 3
2024-10-14 20:36:32.692116 Sierra: Lima, Hotel and Papa, sending you 3
2024-10-14 20:36:32.694004 Uniform: Sierra, sending you 5
2024-10-14 20:36:32.695927 Foxtrot: Sierra, sending you 2
2024-10-14 20:36:32.697592 Hotel: Uniform, Lima, Sierra and Foxtrot, sending you 3
2024-10-14 20:36:32.699469 Papa: Sierra, sending you 4
2024-10-14 20:36:32.701795 Sierra: Foxtrot, sending you 2
2024-10-14 20:36:32.703626 Uniform: Hotel and Foxtrot, sending you 4
2024-10-14 20:36:32.704590 Hotel: Papa, sending you 2
2024-10-14 20:36:32.707338 Bravo: Charlie and Delta, sending you 3
2024-10-14 20:36:32.708871 Tango: Charlie, sending you 2
2024-10-14 20:36:32.709852 Uniform: Papa, sending you 2
2024-10-14 20:36:32.714755 Bravo: Tango, sending you 5
2024-10-14 20:36:32.715981 Tango: Bravo, sending you 4
2024-10-14 20:36:32.895531 Tango: Delta, sending you 3
chatterbot Papa submitting transactions
2024-10-14 20:36:32.979033 Delta: Charlie, sending you 4
chatterbot Hotel submitting transactions
chatterbot Bravo submitting transactions
chatterbot Uniform submitting transactions
2024-10-14 20:36:32.984359 Delta: Tango and Bravo, sending you 6
chatterbot Charlie submitting transactions
chatterbot Sierra submitting transactions
chatterbot Foxtrot submitting transactions
chatterbot Lima submitting transactions
chatterbot Delta submitting transactions
chatterbot Tango submitting transactions
ChatterBot Uniform round 12
ChatterBot Charlie round 12
ChatterBot Lima round 12
ChatterBot Tango round 12
ChatterBot Sierra round 12
ChatterBot Hotel round 12
ChatterBot Bravo round 12
ChatterBot Delta round 12
ChatterBot Papa round 12
ChatterBot Foxtrot round 12
2024-10-14 20:36:33.900676 Lima: Uniform and Papa, sending you 2
2024-10-14 20:36:33.904689 Sierra: Uniform, sending you 4
2024-10-14 20:36:33.905764 Hotel: Uniform, Lima, Sierra and Foxtrot, sending you 3
2024-10-14 20:36:33.907647 Uniform: Lima, sending you 3
2024-10-14 20:36:33.908855 Lima: Sierra, Hotel and Foxtrot, sending you 3
2024-10-14 20:36:33.910860 Tango: Charlie, sending you 2
2024-10-14 20:36:33.911466 Sierra: Lima, Hotel and Papa, sending you 3
2024-10-14 20:36:33.912705 Hotel: Papa, sending you 2
2024-10-14 20:36:33.914329 Uniform: Sierra, sending you 5
2024-10-14 20:36:33.915572 Charlie: Sending you 6
2024-10-14 20:36:33.915931 Foxtrot: Uniform, Lima, Hotel and Papa, sending you 3
2024-10-14 20:36:33.917594 Tango: Bravo, sending you 4
2024-10-14 20:36:33.918394 Delta: Charlie, sending you 4
2024-10-14 20:36:33.919152 Sierra: Foxtrot, sending you 2
2024-10-14 20:36:33.921014 Bravo: Charlie and Delta, sending you 3
2024-10-14 20:36:33.921647 Uniform: Hotel and Foxtrot, sending you 4
2024-10-14 20:36:33.922935 Foxtrot: Sierra, sending you 2
2024-10-14 20:36:33.924641 Papa: Uniform and Hotel, sending you 2
2024-10-14 20:36:33.925786 Tango: Delta, sending you 3
2024-10-14 20:36:33.926406 Delta: Tango and Bravo, sending you 6
2024-10-14 20:36:33.926995 Bravo: Tango, sending you 5
2024-10-14 20:36:33.928053 Uniform: Papa, sending you 2
2024-10-14 20:36:33.929683 Papa: Lima and Foxtrot, sending you 3
2024-10-14 20:36:33.933992 Papa: Sierra, sending you 4
chatterbot Tango submitting transactions
chatterbot Hotel submitting transactions
chatterbot Sierra submitting transactions
chatterbot Uniform submitting transactions
chatterbot Lima submitting transactions
chatterbot Charlie submitting transactions
chatterbot Bravo submitting transactions
chatterbot Papa submitting transactions
chatterbot Foxtrot submitting transactions
chatterbot Delta submitting transactions
ChatterBot Uniform round 13
ChatterBot Charlie round 13
ChatterBot Lima round 13
ChatterBot Tango round 13
ChatterBot Sierra round 13
ChatterBot Hotel round 13
ChatterBot Bravo round 13
ChatterBot Delta round 13
ChatterBot Papa round 13
2024-10-14 20:36:35.196621 Charlie: We should replace Bravo with Delta
ChatterBot Foxtrot round 13
2024-10-14 20:36:35.208746 Delta: We should add Foxtrot
ChatterBot Bravo reevaluating
ChatterBot Charlie reevaluating
2024-10-14 20:36:35.230600 Tango: No
2024-10-14 20:36:35.230799 Bravo: No
2024-10-14 20:36:35.230954 Charlie: No
ChatterBot Delta reevaluating
ChatterBot Bravo reevaluating
ChatterBot Charlie reevaluating
ChatterBot Delta reevaluating
ChatterBot Charlie reevaluating
ChatterBot Delta reevaluating
ChatterBot Bravo reevaluating
2024-10-14 20:36:35.297323 Tango: We should drop Charlie
ChatterBot Bravo reevaluating
ChatterBot Delta reevaluating
2024-10-14 20:36:35.305253 Bravo: Yes
2024-10-14 20:36:35.305416 Delta: Yes
ChatterBot Delta reevaluating
ChatterBot Bravo reevaluating
2024-10-14 20:36:35.327854 Charlie: We should replace Bravo with Tango
2024-10-14 20:36:35.329098 Delta: We should add Papa
ChatterBot Bravo reevaluating
ChatterBot Charlie reevaluating
2024-10-14 20:36:35.353198 Tango: No
2024-10-14 20:36:35.353858 Bravo: No
2024-10-14 20:36:35.354011 Charlie: No
ChatterBot Delta reevaluating
ChatterBot Bravo reevaluating
ChatterBot Charlie reevaluating
ChatterBot Delta reevaluating
ChatterBot Charlie reevaluating
ChatterBot Delta reevaluating
ChatterBot Bravo reevaluating
2024-10-14 20:36:35.407074 Lima: Uniform and Papa, sending you 2
2024-10-14 20:36:35.410660 Sierra: Uniform, sending you 4
2024-10-14 20:36:35.412434 Lima: Sierra, Hotel and Foxtrot, sending you 3
2024-10-14 20:36:35.413473 Uniform: Lima, sending you 3
2024-10-14 20:36:35.416714 Sierra: Lima, Hotel and Papa, sending you 3
2024-10-14 20:36:35.417883 Uniform: Sierra, sending you 5
2024-10-14 20:36:35.420671 Papa: Uniform and Hotel, sending you 2
2024-10-14 20:36:35.422411 Sierra: Foxtrot, sending you 2
2024-10-14 20:36:35.423782 Hotel: Uniform, Lima, Sierra and Foxtrot, sending you 3
2024-10-14 20:36:35.424636 Uniform: Hotel and Foxtrot, sending you 4
2024-10-14 20:36:35.425682 Tango: Bravo, sending you 5
2024-10-14 20:36:35.426161 Papa: Lima and Foxtrot, sending you 3
2024-10-14 20:36:35.427838 Hotel: Papa, sending you 2
2024-10-14 20:36:35.428987 Foxtrot: Uniform, Lima, Hotel and Papa, sending you 3
2024-10-14 20:36:35.430449 Uniform: Papa, sending you 2
2024-10-14 20:36:35.431830 Bravo: Tango, sending you 5
2024-10-14 20:36:35.432868 Tango: Delta, sending you 4
2024-10-14 20:36:35.433533 Papa: Sierra, sending you 4
2024-10-14 20:36:35.435013 Delta: Sending you each 8
2024-10-14 20:36:35.435528 Foxtrot: Sierra, sending you 2
2024-10-14 20:36:35.436737 Bravo: Delta, sending you 3
2024-10-14 20:36:35.437743 Charlie: Same as last round
chatterbot Lima submitting transactions
chatterbot Foxtrot submitting transactions
