ChatterBot Uniform round 1
ChatterBot Zulu round 1
ChatterBot Victor round 1
ChatterBot Mike round 1
ChatterBot Whiskey round 1
ChatterBot Juliett round 1
ChatterBot November round 1
ChatterBot Romeo round 1
ChatterBot Yankee round 1
ChatterBot X-ray round 1
randomSelections Zulu: {Zulu, Whiskey, Juliett, Romeo, Yankee, X-ray} 
2024-10-14 20:36:18.003062 Zulu: Friends?
ChatterBot Whiskey reevaluating
ChatterBot Juliett reevaluating
ChatterBot Romeo reevaluating
ChatterBot Yankee reevaluating
ChatterBot X-ray reevaluating
2024-10-14 20:36:18.015069 Whiskey: Yes
2024-10-14 20:36:18.015227 Juliett: Yes
2024-10-14 20:36:18.015352 Romeo: Yes
2024-10-14 20:36:18.015472 Yankee: Yes
2024-10-14 20:36:18.015578 X-ray: Yes
ChatterBot Juliett reevaluating
ChatterBot Romeo reevaluating
ChatterBot Yankee reevaluating
ChatterBot X-ray reevaluating
ChatterBot Whiskey reevaluating
ChatterBot Romeo reevaluating
ChatterBot Yankee reevaluating
ChatterBot X-ray reevaluating
ChatterBot Whiskey reevaluating
ChatterBot Juliett reevaluating
ChatterBot Yankee reevaluating
ChatterBot X-ray reevaluating
ChatterBot Whiskey reevaluating
ChatterBot Juliett reevaluating
ChatterBot Romeo reevaluating
ChatterBot X-ray reevaluating
ChatterBot Whiskey reevaluating
ChatterBot Juliett reevaluating
ChatterBot Romeo reevaluating
ChatterBot Yankee reevaluating
randomSelections Uniform: {Uniform, Victor} 
2024-10-14 20:36:18.108416 Uniform: Friends?
ChatterBot Victor reevaluating
2024-10-14 20:36:18.127807 Victor: Yes
randomSelections Mike: {Mike, X-ray, Zulu, Juliett, Victor, Yankee, Whiskey} 
2024-10-14 20:36:18.151932 Mike: We would work well together
ChatterBot X-ray reevaluating
ChatterBot Juliett reevaluating
ChatterBot Victor reevaluating
ChatterBot Yankee reevaluating
ChatterBot Whiskey reevaluating
2024-10-14 20:36:18.161841 X-ray: No
2024-10-14 20:36:18.162034 Zulu: No
2024-10-14 20:36:18.162242 Juliett: No
2024-10-14 20:36:18.163011 Victor: No
2024-10-14 20:36:18.163287 Yankee: No
2024-10-14 20:36:18.163387 Whiskey: No
ChatterBot Juliett reevaluating
ChatterBot Victor reevaluating
ChatterBot Yankee reevaluating
ChatterBot Whiskey reevaluating
ChatterBot X-ray reevaluating
ChatterBot Juliett reevaluating
ChatterBot Victor reevaluating
ChatterBot Yankee reevaluating
ChatterBot Whiskey reevaluating
ChatterBot X-ray reevaluating
ChatterBot Victor reevaluating
ChatterBot Yankee reevaluating
ChatterBot Whiskey reevaluating
ChatterBot X-ray reevaluating
ChatterBot Juliett reevaluating
ChatterBot Yankee reevaluating
ChatterBot Whiskey reevaluating
ChatterBot X-ray reevaluating
ChatterBot Juliett reevaluating
ChatterBot Victor reevaluating
ChatterBot Whiskey reevaluating
ChatterBot X-ray reevaluating
ChatterBot Juliett reevaluating
ChatterBot Victor reevaluating
ChatterBot Yankee reevaluating
randomSelections November: {November, Victor, Uniform, Romeo, Juliett, X-ray, Zulu} 
2024-10-14 20:36:18.219784 November: We would work well together
ChatterBot Victor reevaluating
ChatterBot Romeo reevaluating
ChatterBot Juliett reevaluating
ChatterBot X-ray reevaluating
2024-10-14 20:36:18.228671 Victor: No
2024-10-14 20:36:18.229193 Uniform: No
2024-10-14 20:36:18.229529 Romeo: No
2024-10-14 20:36:18.230292 Juliett: No
2024-10-14 20:36:18.230489 X-ray: No
2024-10-14 20:36:18.230680 Zulu: No
ChatterBot Romeo reevaluating
ChatterBot Juliett reevaluating
ChatterBot X-ray reevaluating
ChatterBot Victor reevaluating
ChatterBot Romeo reevaluating
ChatterBot Juliett reevaluating
ChatterBot X-ray reevaluating
ChatterBot Victor reevaluating
ChatterBot Juliett reevaluating
ChatterBot X-ray reevaluating
ChatterBot Victor reevaluating
ChatterBot Romeo reevaluating
ChatterBot X-ray reevaluating
ChatterBot Victor reevaluating
ChatterBot Romeo reevaluating
ChatterBot Juliett reevaluating
ChatterBot Victor reevaluating
ChatterBot Romeo reevaluating
ChatterBot Juliett reevaluating
ChatterBot X-ray reevaluating
2024-10-14 20:36:18.307393 November: Uniform, Victor, Juliett and Romeo, sending you 2
2024-10-14 20:36:18.308121 Uniform: Sending you 5
2024-10-14 20:36:18.309390 Whiskey: Juliett, sending you 1
2024-10-14 20:36:18.309930 Victor: Sending you 9
2024-10-14 20:36:18.318493 Zulu: Juliett, Yankee and X-ray, sending you 3
2024-10-14 20:36:18.319768 Romeo: Zulu, sending you 1
2024-10-14 20:36:18.320764 November: Zulu, sending you 4
2024-10-14 20:36:18.321214 Yankee: Zulu and Juliett, sending you 2
2024-10-14 20:36:18.321882 Juliett: Zulu and X-ray, sending you 2
2024-10-14 20:36:18.322887 Mike: Zulu, Yankee and X-ray, sending you 1
2024-10-14 20:36:18.323333 Whiskey: Yankee, sending you 2
2024-10-14 20:36:18.324432 X-ray: Zulu and Juliett, sending you 1
2024-10-14 20:36:18.325009 Zulu: Romeo, sending you 1
2024-10-14 20:36:18.325552 November: X-ray, sending you 1
2024-10-14 20:36:18.326690 Romeo: Juliett, sending you 5
2024-10-14 20:36:18.327043 Yankee: Whiskey, sending you 3
2024-10-14 20:36:18.329199 Juliett: Whiskey and Romeo, sending you 5
2024-10-14 20:36:18.331929 Mike: Juliett, sending you 2
2024-10-14 20:36:18.333579 X-ray: Whiskey, Romeo and Yankee, sending you 3
2024-10-14 20:36:18.334055 Whiskey: X-ray, sending you 3
2024-10-14 20:36:18.334767 Romeo: Yankee, sending you 3
2024-10-14 20:36:18.336139 Yankee: Romeo, sending you 8
2024-10-14 20:36:18.338750 Romeo: X-ray, sending you 4
2024-10-14 20:36:18.341809 Yankee: X-ray, sending you 1
chatterbot Romeo submitting transactions
chatterbot Victor submitting transactions
chatterbot November submitting transactions
chatterbot Zulu submitting transactions
chatterbot Uniform submitting transactions
chatterbot X-ray submitting transactions
chatterbot Mike submitting transactions
chatterbot Juliett submitting transactions
chatterbot Whiskey submitting transactions
chatterbot Yankee submitting transactions
ChatterBot Uniform round 2
ChatterBot Zulu round 2
ChatterBot Victor round 2
ChatterBot Mike round 2
ChatterBot Whiskey round 2
ChatterBot Juliett round 2
ChatterBot November round 2
ChatterBot Romeo round 2
ChatterBot Yankee round 2
ChatterBot X-ray round 2
2024-10-14 20:36:19.742998 Mike: Let's form a team
ChatterBot November reevaluating
2024-10-14 20:36:19.747927 November: Yes
2024-10-14 20:36:19.760947 Juliett: We should add November
ChatterBot Zulu reevaluating
2024-10-14 20:36:19.779781 Zulu: Yes
2024-10-14 20:36:19.779947 Whiskey: No
2024-10-14 20:36:19.780085 Romeo: No
2024-10-14 20:36:19.780200 Yankee: No
2024-10-14 20:36:19.780375 X-ray: No
ChatterBot X-ray reevaluating
ChatterBot Zulu reevaluating
ChatterBot X-ray reevaluating
ChatterBot Zulu reevaluating
ChatterBot X-ray reevaluating
ChatterBot Zulu reevaluating
ChatterBot X-ray reevaluating
ChatterBot Zulu reevaluating
2024-10-14 20:36:19.891881 Uniform: We should add November
ChatterBot Victor reevaluating
2024-10-14 20:36:19.896238 Victor: Yes
2024-10-14 20:36:19.924154 Juliett: November we want you to join our group
2024-10-14 20:36:19.929248 November: No
ChatterBot Zulu reevaluating
ChatterBot X-ray reevaluating
2024-10-14 20:36:19.959571 Uniform: November we want you to join our group
ChatterBot November reevaluating
2024-10-14 20:36:19.966153 November: Yes
ChatterBot Victor reevaluating
2024-10-14 20:36:19.974872 November: We would work well together
ChatterBot Victor reevaluating
2024-10-14 20:36:19.987503 Uniform: No
2024-10-14 20:36:19.987676 Victor: Yes
2024-10-14 20:36:19.988314 Mike: No
ChatterBot November reevaluating
ChatterBot Victor reevaluating
ChatterBot November reevaluating
ChatterBot Mike reevaluating
ChatterBot November reevaluating
ChatterBot Victor reevaluating
2024-10-14 20:36:20.324127 Whiskey: Zulu, Romeo, Yankee and X-ray, sending you 1
2024-10-14 20:36:20.324607 Victor: November and Mike we want you to join our group
ChatterBot November reevaluating
ChatterBot Mike reevaluating
2024-10-14 20:36:20.338216 November: Yes
2024-10-14 20:36:20.338398 Mike: No
ChatterBot Mike reevaluating
ChatterBot November reevaluating
2024-10-14 20:36:20.376121 Whiskey: Juliett, sending you 2
2024-10-14 20:36:20.726869 Romeo: Zulu and X-ray, sending you 2
2024-10-14 20:36:20.727732 Zulu: Whiskey, sending you 1
2024-10-14 20:36:20.728058 Yankee: Zulu, Romeo and X-ray, sending you 4
2024-10-14 20:36:20.728395 X-ray: Zulu, Whiskey, Juliett and Yankee, sending you 2
2024-10-14 20:36:20.729136 Juliett: Zulu and Romeo, sending you 3
2024-10-14 20:36:20.729436 Uniform: Victor, sending you 4
chatterbot Zulu submitting transactions
2024-10-14 20:36:20.888790 Zulu: Juliett, sending you 3
2024-10-14 20:36:20.889601 Romeo: Whiskey, sending you 1
2024-10-14 20:36:20.889991 Yankee: Whiskey, sending you 3
2024-10-14 20:36:20.890897 X-ray: Romeo, sending you 3
2024-10-14 20:36:20.891322 Juliett: Whiskey, November, Yankee and X-ray, sending you 2
2024-10-14 20:36:20.891745 Victor: Uniform and November, sending you 5
2024-10-14 20:36:20.892486 Uniform: November, sending you 3
chatterbot Yankee submitting transactions
2024-10-14 20:36:20.892934 Zulu: November, Romeo, Yankee and X-ray, sending you 2
2024-10-14 20:36:20.967078 Romeo: Juliett, sending you 3
2024-10-14 20:36:20.967864 Yankee: Juliett, sending you 1
2024-10-14 20:36:20.968197 Victor: Mike, sending you 4
2024-10-14 20:36:20.968500 November: Uniform, sending you 5
2024-10-14 20:36:20.968763 Mike: Sending you 9
chatterbot Uniform submitting transactions
chatterbot Juliett submitting transactions
2024-10-14 20:36:21.017437 Romeo: Yankee, sending you 5
2024-10-14 20:36:21.017832 November: Victor and Mike, sending you 4
chatterbot Mike submitting transactions
chatterbot Whiskey submitting transactions
chatterbot Victor submitting transactions
chatterbot Romeo submitting transactions
chatterbot X-ray submitting transactions
chatterbot November submitting transactions
ChatterBot Uniform round 3
ChatterBot Zulu round 3
ChatterBot Victor round 3
ChatterBot Mike round 3
ChatterBot Whiskey round 3
ChatterBot Juliett round 3
ChatterBot November round 3
ChatterBot Romeo round 3
ChatterBot Yankee round 3
ChatterBot X-ray round 3
2024-10-14 20:36:21.493973 Mike: We should add Uniform and Victor
ChatterBot November reevaluating
2024-10-14 20:36:21.504108 November: Yes
2024-10-14 20:36:21.542074 Mike: Uniform and Victor we want you to join our group
2024-10-14 20:36:21.548736 Uniform: No
2024-10-14 20:36:21.548896 Victor: Yes
ChatterBot November reevaluating
ChatterBot November reevaluating
2024-10-14 20:36:21.574521 Zulu: We should drop November
2024-10-14 20:36:21.601114 Whiskey: Yes
2024-10-14 20:36:21.601392 Juliett: Yes
2024-10-14 20:36:21.601561 Romeo: Yes
2024-10-14 20:36:21.601735 Yankee: Yes
2024-10-14 20:36:21.601904 X-ray: Yes
2024-10-14 20:36:21.746752 Romeo: Zulu, sending you 2
2024-10-14 20:36:21.767505 Romeo: Whiskey, sending you 1
2024-10-14 20:36:21.767919 Victor: Uniform and November, sending you 5
2024-10-14 20:36:21.768168 Juliett: Zulu, sending you 3
2024-10-14 20:36:21.768945 Zulu: Whiskey and Yankee, sending you 2
2024-10-14 20:36:21.769261 X-ray: Zulu, Whiskey, Juliett and Yankee, sending you 2
2024-10-14 20:36:21.769578 November: Uniform, sending you 3
2024-10-14 20:36:21.769792 Mike: Uniform, sending you 5
2024-10-14 20:36:21.770556 Yankee: Zulu, Whiskey, Juliett and X-ray, sending you 3
2024-10-14 20:36:21.770901 Uniform: Victor, sending you 5
2024-10-14 20:36:21.771075 Whiskey: Zulu, Romeo, Yankee and X-ray, sending you 1
2024-10-14 20:36:21.771440 Victor: Mike, sending you 4
2024-10-14 20:36:21.794385 Zulu: Juliett, Romeo and X-ray, sending you 3
2024-10-14 20:36:21.794856 Romeo: Juliett and X-ray, sending you 3
2024-10-14 20:36:21.795678 Mike: Victor, sending you 7
2024-10-14 20:36:21.795980 Juliett: Whiskey, Yankee and X-ray, sending you 2
2024-10-14 20:36:21.796363 X-ray: Romeo, sending you 3
2024-10-14 20:36:21.796733 November: Victor, sending you 4
2024-10-14 20:36:21.797431 Yankee: Romeo, sending you 4
2024-10-14 20:36:21.798058 Uniform: November, sending you 4
2024-10-14 20:36:21.798334 Whiskey: Juliett, sending you 2
2024-10-14 20:36:21.800913 Romeo: Yankee, sending you 4
2024-10-14 20:36:21.801372 Juliett: Romeo, sending you 5
2024-10-14 20:36:21.801736 Mike: November, sending you 6
2024-10-14 20:36:21.801991 November: Mike, sending you 6
chatterbot Mike submitting transactions
chatterbot Uniform submitting transactions
chatterbot Romeo submitting transactions
chatterbot X-ray submitting transactions
chatterbot November submitting transactions
chatterbot Whiskey submitting transactions
chatterbot Yankee submitting transactions
chatterbot Zulu submitting transactions
chatterbot Juliett submitting transactions
chatterbot Victor submitting transactions
ChatterBot Uniform round 4
ChatterBot Zulu round 4
ChatterBot Victor round 4
ChatterBot Mike round 4
ChatterBot Whiskey round 4
2024-10-14 20:36:22.723999 Uniform: We should add Mike
2024-10-14 20:36:22.771817 Victor: Yes
2024-10-14 20:36:22.772070 November: Yes
ChatterBot Juliett round 4
ChatterBot November round 4
ChatterBot Romeo round 4
ChatterBot Yankee round 4
ChatterBot X-ray round 4
2024-10-14 20:36:22.868352 Uniform: Mike we want you to join our group
2024-10-14 20:36:22.874236 Mike: Yes
2024-10-14 20:36:22.904197 X-ray: We should drop Whiskey
2024-10-14 20:36:22.915832 Zulu: No
2024-10-14 20:36:22.916104 Juliett: No
2024-10-14 20:36:22.916272 Romeo: No
2024-10-14 20:36:22.916910 Yankee: No
ChatterBot X-ray reevaluating
ChatterBot X-ray reevaluating
ChatterBot X-ray reevaluating
ChatterBot X-ray reevaluating
2024-10-14 20:36:22.962266 Zulu: Whiskey and Yankee, sending you 2
2024-10-14 20:36:22.962952 Victor: Uniform and November, sending you 5
2024-10-14 20:36:22.964691 Whiskey: Zulu, Juliett, Romeo and X-ray, sending you 1
2024-10-14 20:36:22.966995 Juliett: Zulu and Yankee, sending you 3
2024-10-14 20:36:22.967806 Zulu: Juliett, Romeo and X-ray, sending you 3
2024-10-14 20:36:22.969169 Uniform: Victor, sending you 4
2024-10-14 20:36:22.969752 Mike: Uniform, sending you 5
2024-10-14 20:36:22.970730 November: Uniform and Victor, sending you 4
2024-10-14 20:36:22.971182 Victor: Mike, sending you 4
2024-10-14 20:36:22.972213 Whiskey: Yankee, sending you 2
2024-10-14 20:36:22.973713 Juliett: Whiskey and X-ray, sending you 2
2024-10-14 20:36:22.974816 Uniform: Mike and November, sending you 3
2024-10-14 20:36:22.975933 November: Mike, sending you 5
2024-10-14 20:36:22.976558 Mike: Victor, sending you 6
2024-10-14 20:36:22.979689 Juliett: Romeo, sending you 4
2024-10-14 20:36:22.980860 X-ray: Zulu, Whiskey, Juliett and Yankee, sending you 2
2024-10-14 20:36:22.981941 Mike: November, sending you 7
2024-10-14 20:36:22.982499 Romeo: Zulu and Whiskey, sending you 2
2024-10-14 20:36:22.983962 Yankee: Zulu, Whiskey, Juliett and X-ray, sending you 3
2024-10-14 20:36:22.985698 X-ray: Romeo, sending you 3
2024-10-14 20:36:22.988695 Romeo: Juliett, Yankee and X-ray, sending you 3
2024-10-14 20:36:22.990052 Yankee: Romeo, sending you 4
chatterbot November submitting transactions
chatterbot Yankee submitting transactions
chatterbot Whiskey submitting transactions
chatterbot Victor submitting transactions
chatterbot Juliett submitting transactions
chatterbot Zulu submitting transactions
chatterbot Uniform submitting transactions
chatterbot Mike submitting transactions
chatterbot Romeo submitting transactions
chatterbot X-ray submitting transactions
ChatterBot Uniform round 5
ChatterBot Zulu round 5
ChatterBot Victor round 5
ChatterBot Mike round 5
ChatterBot Whiskey round 5
ChatterBot Juliett round 5
ChatterBot November round 5
ChatterBot Romeo round 5
ChatterBot Yankee round 5
ChatterBot X-ray round 5
2024-10-14 20:36:24.137674 Uniform: Victor and November, sending you 4
2024-10-14 20:36:24.138189 Mike: Uniform, sending you 5
2024-10-14 20:36:24.141677 Uniform: Mike, sending you 3
2024-10-14 20:36:24.142192 Romeo: Zulu and Whiskey, sending you 2
2024-10-14 20:36:24.142843 Victor: Uniform and November, sending you 5
2024-10-14 20:36:24.143750 Mike: Victor, sending you 6
2024-10-14 20:36:24.145963 Romeo: Juliett, Yankee and X-ray, sending you 3
2024-10-14 20:36:24.146664 Whiskey: Zulu, Juliett, Romeo and X-ray, sending you 1
2024-10-14 20:36:24.147668 Victor: Mike, sending you 4
2024-10-14 20:36:24.148675 Mike: November, sending you 7
2024-10-14 20:36:24.150688 X-ray: Zulu, Whiskey, Juliett and Yankee, sending you 2
2024-10-14 20:36:24.151703 Whiskey: Yankee, sending you 2
2024-10-14 20:36:24.155187 Juliett: Zulu, Romeo, Yankee and X-ray, sending you 3
2024-10-14 20:36:24.155887 Zulu: Whiskey and Yankee, sending you 2
2024-10-14 20:36:24.156494 Yankee: Zulu, Whiskey, Juliett and X-ray, sending you 3
2024-10-14 20:36:24.157654 X-ray: Romeo, sending you 3
2024-10-14 20:36:24.158272 November: Uniform and Victor, sending you 4
2024-10-14 20:36:24.158862 Juliett: Whiskey, sending you 2
2024-10-14 20:36:24.160132 Zulu: Juliett, Romeo and X-ray, sending you 3
2024-10-14 20:36:24.161974 Yankee: Romeo, sending you 4
2024-10-14 20:36:24.162814 November: Mike, sending you 5
chatterbot Victor submitting transactions
chatterbot Zulu submitting transactions
chatterbot Mike submitting transactions
chatterbot Yankee submitting transactions
chatterbot Juliett submitting transactions
chatterbot Romeo submitting transactions
chatterbot Uniform submitting transactions
chatterbot November submitting transactions
chatterbot Whiskey submitting transactions
chatterbot X-ray submitting transactions
ChatterBot Uniform round 6
ChatterBot Zulu round 6
ChatterBot Victor round 6
ChatterBot Mike round 6
ChatterBot Whiskey round 6
ChatterBot Juliett round 6
ChatterBot November round 6
ChatterBot Romeo round 6
ChatterBot Yankee round 6
ChatterBot X-ray round 6
2024-10-14 20:36:25.266792 X-ray: We should drop Whiskey
2024-10-14 20:36:25.277330 Zulu: No
2024-10-14 20:36:25.277759 Juliett: No
2024-10-14 20:36:25.278034 Romeo: No
2024-10-14 20:36:25.278275 Yankee: No
ChatterBot X-ray reevaluating
ChatterBot X-ray reevaluating
ChatterBot X-ray reevaluating
ChatterBot X-ray reevaluating
2024-10-14 20:36:25.327669 November: Uniform and Victor, sending you 4
2024-10-14 20:36:25.328242 Uniform: Sending you each 4
2024-10-14 20:36:25.328584 Victor: Uniform and Mike, sending you 5
2024-10-14 20:36:25.328966 Romeo: Zulu and Whiskey, sending you 2
2024-10-14 20:36:25.329621 Mike: Sending you each 6
2024-10-14 20:36:25.331703 Juliett: Zulu, Romeo, Yankee and X-ray, sending you 3
2024-10-14 20:36:25.333315 Whiskey: Zulu, Juliett, Romeo and X-ray, sending you 1
2024-10-14 20:36:25.336800 Zulu: Whiskey and Yankee, sending you 2
2024-10-14 20:36:25.344563 Yankee: Zulu, Whiskey, Juliett and X-ray, sending you 3
2024-10-14 20:36:25.345627 November: Mike, sending you 5
2024-10-14 20:36:25.346244 Victor: November, sending you 4
2024-10-14 20:36:25.347639 Romeo: Juliett, Yankee and X-ray, sending you 3
2024-10-14 20:36:25.348600 Juliett: Whiskey, sending you 2
2024-10-14 20:36:25.349428 Whiskey: Yankee, sending you 2
2024-10-14 20:36:25.350389 Zulu: Juliett, Romeo and X-ray, sending you 3
2024-10-14 20:36:25.351887 Yankee: Romeo, sending you 4
2024-10-14 20:36:25.354204 X-ray: Zulu, Whiskey, Juliett and Yankee, sending you 2
2024-10-14 20:36:25.359698 X-ray: Romeo, sending you 3
chatterbot Uniform submitting transactions
chatterbot X-ray submitting transactions
chatterbot Romeo submitting transactions
chatterbot Zulu submitting transactions
chatterbot Whiskey submitting transactions
chatterbot Victor submitting transactions
chatterbot Mike submitting transactions
chatterbot Juliett submitting transactions
chatterbot November submitting transactions
chatterbot Yankee submitting transactions
ChatterBot Uniform round 7
ChatterBot Zulu round 7
ChatterBot Victor round 7
ChatterBot Mike round 7
ChatterBot Whiskey round 7
ChatterBot Juliett round 7
ChatterBot November round 7
ChatterBot Romeo round 7
ChatterBot Yankee round 7
ChatterBot X-ray round 7
2024-10-14 20:36:26.526668 Zulu: Whiskey and Yankee, sending you 2
2024-10-14 20:36:26.530658 Zulu: Juliett, Romeo and X-ray, sending you 3
2024-10-14 20:36:26.534664 Romeo: Zulu, Juliett, Yankee and X-ray, sending you 3
2024-10-14 20:36:26.535681 November: Uniform and Victor, sending you 4
2024-10-14 20:36:26.536176 X-ray: Zulu, Whiskey, Juliett and Yankee, sending you 2
2024-10-14 20:36:26.538671 Uniform: Victor, sending you 5
2024-10-14 20:36:26.539650 Romeo: Whiskey, sending you 1
2024-10-14 20:36:26.540160 November: Mike, sending you 5
2024-10-14 20:36:26.540663 Mike: Sending you each 2
2024-10-14 20:36:26.541039 Yankee: Zulu, Whiskey, Juliett and X-ray, sending you 3
2024-10-14 20:36:26.541540 Juliett: Zulu, Romeo, Yankee and X-ray, sending you 3
2024-10-14 20:36:26.542141 X-ray: Romeo, sending you 3
2024-10-14 20:36:26.542625 Uniform: Mike and November, sending you 4
2024-10-14 20:36:26.544657 Yankee: Romeo, sending you 4
2024-10-14 20:36:26.545690 Juliett: Whiskey, sending you 2
2024-10-14 20:36:26.546207 Whiskey: Zulu, Juliett, Romeo and X-ray, sending you 1
2024-10-14 20:36:26.547658 Victor: Uniform and Mike, sending you 5
2024-10-14 20:36:26.550644 Whiskey: Yankee, sending you 2
2024-10-14 20:36:26.551307 Victor: November, sending you 4
chatterbot X-ray submitting transactions
chatterbot Yankee submitting transactions
chatterbot Victor submitting transactions
chatterbot November submitting transactions
chatterbot Whiskey submitting transactions
chatterbot Mike submitting transactions
chatterbot Zulu submitting transactions
chatterbot Romeo submitting transactions
chatterbot Uniform submitting transactions
chatterbot Juliett submitting transactions
ChatterBot Uniform round 8
ChatterBot Zulu round 8
ChatterBot Victor round 8
ChatterBot Mike round 8
ChatterBot Whiskey round 8
ChatterBot Juliett round 8
ChatterBot November round 8
ChatterBot Romeo round 8
ChatterBot Yankee round 8
ChatterBot X-ray round 8
2024-10-14 20:36:27.658976 Mike: We should add Yankee
2024-10-14 20:36:27.667233 November: No
2024-10-14 20:36:27.667430 Uniform: No
2024-10-14 20:36:27.667559 Victor: No
ChatterBot Mike reevaluating
ChatterBot Mike reevaluating
ChatterBot Mike reevaluating
2024-10-14 20:36:27.703649 Mike: We should add X-ray
2024-10-14 20:36:27.710232 November: Yes
2024-10-14 20:36:27.710368 Uniform: Yes
2024-10-14 20:36:27.710486 Victor: Yes
ChatterBot Mike reevaluating
ChatterBot Mike reevaluating
ChatterBot Mike reevaluating
2024-10-14 20:36:27.729861 Romeo: We should drop Whiskey
2024-10-14 20:36:27.737845 X-ray: Yes
2024-10-14 20:36:27.738294 Zulu: No
2024-10-14 20:36:27.738401 Juliett: No
2024-10-14 20:36:27.738497 Yankee: No
ChatterBot Juliett reevaluating
ChatterBot Juliett reevaluating
ChatterBot X-ray reevaluating
ChatterBot Juliett reevaluating
2024-10-14 20:36:27.777218 Zulu: I was attacked by Mike
ChatterBot Whiskey reevaluating
ChatterBot Juliett reevaluating
ChatterBot Romeo reevaluating
ChatterBot Yankee reevaluating
ChatterBot X-ray reevaluating
2024-10-14 20:36:27.794400 Zulu: I'm keeping this round to protect myself
2024-10-14 20:36:27.795410 Zulu: Ow
2024-10-14 20:36:27.796002 Victor: Uniform and November, sending you 5
2024-10-14 20:36:27.798674 Uniform: Victor, sending you 5
2024-10-14 20:36:27.799496 Victor: Mike, sending you 4
2024-10-14 20:36:27.799920 November: Uniform and Victor, sending you 4
2024-10-14 20:36:27.802667 Uniform: Mike and November, sending you 4
2024-10-14 20:36:27.803052 November: Mike, sending you 5
2024-10-14 20:36:27.819674 Juliett: Zulu, Romeo, Yankee and X-ray, sending you 3
2024-10-14 20:36:27.822658 Romeo: Zulu, Juliett and X-ray, sending you 3
2024-10-14 20:36:27.823188 Yankee: Zulu, Whiskey, Juliett and X-ray, sending you 3
2024-10-14 20:36:27.823928 X-ray: Romeo, sending you 1
2024-10-14 20:36:27.824675 Juliett: Whiskey, sending you 2
2024-10-14 20:36:27.826683 Romeo: Yankee, sending you 4
2024-10-14 20:36:27.827648 Yankee: Romeo, sending you 4
chatterbot November submitting transactions
chatterbot Juliett submitting transactions
chatterbot Yankee submitting transactions
chatterbot Uniform submitting transactions
chatterbot Zulu submitting transactions
chatterbot X-ray submitting transactions
chatterbot Whiskey submitting transactions
chatterbot Romeo submitting transactions
chatterbot Victor submitting transactions
chatterbot Mike submitting transactions
ChatterBot Uniform round 9
ChatterBot Zulu round 9
ChatterBot Victor round 9
ChatterBot Mike round 9
ChatterBot Whiskey round 9
2024-10-14 20:36:28.770723 Victor: We should add Juliett
ChatterBot November reevaluating
ChatterBot Mike reevaluating
2024-10-14 20:36:28.782023 November: Yes
2024-10-14 20:36:28.782197 Uniform: No
2024-10-14 20:36:28.782336 Mike: No
ChatterBot Mike reevaluating
ChatterBot November reevaluating
ChatterBot Victor reevaluating
ChatterBot Mike reevaluating
ChatterBot November reevaluating
ChatterBot Victor reevaluating
ChatterBot Juliett round 9
ChatterBot November round 9
ChatterBot Romeo round 9
ChatterBot Yankee round 9
ChatterBot X-ray round 9
2024-10-14 20:36:28.835528 Mike: We should add Whiskey
ChatterBot November reevaluating
ChatterBot Victor reevaluating
2024-10-14 20:36:28.848140 November: No
2024-10-14 20:36:28.848286 Uniform: No
2024-10-14 20:36:28.848428 Victor: No
ChatterBot Victor reevaluating
ChatterBot Mike reevaluating
ChatterBot November reevaluating
ChatterBot Victor reevaluating
ChatterBot Mike reevaluating
ChatterBot November reevaluating
ChatterBot Mike reevaluating
2024-10-14 20:36:28.896050 X-ray: We should add Whiskey
ChatterBot Juliett reevaluating
ChatterBot Romeo reevaluating
2024-10-14 20:36:28.912351 Zulu: Yes
2024-10-14 20:36:28.912527 Juliett: Yes
2024-10-14 20:36:28.912679 Romeo: Yes
2024-10-14 20:36:28.913320 Yankee: Yes
ChatterBot X-ray reevaluating
ChatterBot Juliett reevaluating
ChatterBot Romeo reevaluating
ChatterBot X-ray reevaluating
ChatterBot Romeo reevaluating
ChatterBot X-ray reevaluating
ChatterBot Juliett reevaluating
ChatterBot X-ray reevaluating
ChatterBot Juliett reevaluating
ChatterBot Romeo reevaluating
2024-10-14 20:36:28.994705 X-ray: Whiskey we want you to join our group
ChatterBot Whiskey reevaluating
2024-10-14 20:36:29.000604 Whiskey: Yes
ChatterBot X-ray reevaluating
2024-10-14 20:36:29.023309 Mike: Juliett we want you to join our group
2024-10-14 20:36:29.027551 Juliett: No
2024-10-14 20:36:29.041128 Romeo: Whiskey we want you to join our group
ChatterBot Whiskey reevaluating
2024-10-14 20:36:29.045400 Whiskey: Yes
ChatterBot X-ray reevaluating
2024-10-14 20:36:29.063939 Yankee: Zulu, Whiskey, Juliett and X-ray, sending you 3
2024-10-14 20:36:29.066697 Victor: Uniform and November, sending you 5
2024-10-14 20:36:29.067260 Juliett: Zulu and Yankee, sending you 3
2024-10-14 20:36:29.068467 Uniform: Victor, sending you 5
2024-10-14 20:36:29.068964 Yankee: Romeo, sending you 4
2024-10-14 20:36:29.070352 November: Uniform and Victor, sending you 4
2024-10-14 20:36:29.070915 Victor: Mike, sending you 4
2024-10-14 20:36:29.072685 Juliett: Whiskey and X-ray, sending you 2
2024-10-14 20:36:29.073453 Uniform: Mike and November, sending you 4
2024-10-14 20:36:29.074062 November: Mike, sending you 5
2024-10-14 20:36:29.076669 Juliett: Romeo, sending you 4
2024-10-14 20:36:29.087678 Romeo: Zulu and Whiskey, sending you 2
2024-10-14 20:36:29.093964 Romeo: Juliett, Yankee and X-ray, sending you 3
2024-10-14 20:36:29.095021 X-ray: Zulu, Whiskey, Juliett and Yankee, sending you 2
2024-10-14 20:36:29.100929 X-ray: Romeo, sending you 3
chatterbot Yankee submitting transactions
chatterbot November submitting transactions
chatterbot Uniform submitting transactions
chatterbot Victor submitting transactions
chatterbot Zulu submitting transactions
chatterbot Mike submitting transactions
chatterbot X-ray submitting transactions
chatterbot Romeo submitting transactions
chatterbot Whiskey submitting transactions
chatterbot Juliett submitting transactions
ChatterBot Uniform round 10
ChatterBot Zulu round 10
ChatterBot Victor round 10
ChatterBot Mike round 10
ChatterBot Whiskey round 10
ChatterBot Juliett round 10
ChatterBot November round 10
ChatterBot Romeo round 10
ChatterBot Yankee round 10
ChatterBot X-ray round 10
2024-10-14 20:36:30.236692 Uniform: Victor, sending you 5
2024-10-14 20:36:30.241666 Romeo: I was attacked by Mike
ChatterBot Zulu reevaluating
ChatterBot Whiskey reevaluating
ChatterBot Juliett reevaluating
ChatterBot Yankee reevaluating
ChatterBot X-ray reevaluating
2024-10-14 20:36:30.259311 Romeo: I'm keeping this round to protect myself
2024-10-14 20:36:30.260630 Romeo: Ow
2024-10-14 20:36:30.260929 Uniform: Mike and November, sending you 4
2024-10-14 20:36:30.265115 X-ray: We should drop Zulu
ChatterBot Whiskey reevaluating
ChatterBot Juliett reevaluating
ChatterBot Romeo reevaluating
ChatterBot Yankee reevaluating
2024-10-14 20:36:30.276715 Whiskey: No
2024-10-14 20:36:30.276914 Juliett: No
2024-10-14 20:36:30.277053 Romeo: Yes
2024-10-14 20:36:30.277168 Yankee: No
ChatterBot X-ray reevaluating
ChatterBot Juliett reevaluating
ChatterBot Romeo reevaluating
ChatterBot Yankee reevaluating
ChatterBot X-ray reevaluating
ChatterBot Whiskey reevaluating
ChatterBot Romeo reevaluating
ChatterBot Yankee reevaluating
ChatterBot X-ray reevaluating
ChatterBot Whiskey reevaluating
ChatterBot Juliett reevaluating
ChatterBot Yankee reevaluating
ChatterBot X-ray reevaluating
ChatterBot Whiskey reevaluating
ChatterBot Juliett reevaluating
ChatterBot Romeo reevaluating
2024-10-14 20:36:30.333351 November: Uniform and Mike, sending you 4
2024-10-14 20:36:30.333805 Victor: Uniform and November, sending you 5
2024-10-14 20:36:30.336672 Victor: Mike, sending you 4
2024-10-14 20:36:30.339049 November: Victor, sending you 5
2024-10-14 20:36:30.344716 Zulu: Whiskey, Juliett, Romeo and Yankee, sending you 2
2024-10-14 20:36:30.349656 Zulu: X-ray, sending you 3
2024-10-14 20:36:30.355411 Yankee: Zulu, Whiskey, Juliett and X-ray, sending you 3
2024-10-14 20:36:30.358671 Yankee: Romeo, sending you 4
2024-10-14 20:36:30.365652 X-ray: Whiskey, sending you 2
2024-10-14 20:36:30.369669 X-ray: Juliett, Romeo and Yankee, sending you 3
chatterbot Romeo submitting transactions
chatterbot Yankee submitting transactions
chatterbot Uniform submitting transactions
chatterbot X-ray submitting transactions
chatterbot Zulu submitting transactions
chatterbot Victor submitting transactions
chatterbot November submitting transactions
chatterbot Mike submitting transactions
chatterbot Juliett submitting transactions
chatterbot Whiskey submitting transactions
ChatterBot Uniform round 11
ChatterBot Zulu round 11
ChatterBot Victor round 11
ChatterBot Mike round 11
ChatterBot Whiskey round 11
ChatterBot Juliett round 11
ChatterBot November round 11
ChatterBot Romeo round 11
ChatterBot Yankee round 11
ChatterBot X-ray round 11
2024-10-14 20:36:31.590672 Victor: Uniform and November, sending you 5
2024-10-14 20:36:31.595152 November: Uniform and Victor, sending you 5
2024-10-14 20:36:31.595682 Victor: Mike, sending you 4
2024-10-14 20:36:31.597914 Uniform: Victor, sending you 5
2024-10-14 20:36:31.600929 November: Mike, sending you 3
2024-10-14 20:36:31.601542 Uniform: Mike and November, sending you 4
2024-10-14 20:36:31.606691 Zulu: Whiskey, Juliett and Yankee, sending you 2
2024-10-14 20:36:31.609664 X-ray: Zulu, Whiskey, Juliett and Romeo, sending you 2
2024-10-14 20:36:31.611674 Zulu: Romeo and X-ray, sending you 3
2024-10-14 20:36:31.613029 Yankee: Zulu, Whiskey, Juliett and X-ray, sending you 3
2024-10-14 20:36:31.613774 X-ray: Yankee, sending you 3
2024-10-14 20:36:31.617649 Yankee: Romeo, sending you 4
chatterbot Whiskey submitting transactions
chatterbot Yankee submitting transactions
chatterbot November submitting transactions
chatterbot X-ray submitting transactions
chatterbot Uniform submitting transactions
chatterbot Juliett submitting transactions
chatterbot Romeo submitting transactions
chatterbot Zulu submitting transactions
chatterbot Mike submitting transactions
chatterbot Victor submitting transactions
ChatterBot Uniform round 12
ChatterBot Zulu round 12
ChatterBot Victor round 12
ChatterBot Mike round 12
ChatterBot Whiskey round 12
ChatterBot Juliett round 12
ChatterBot November round 12
ChatterBot Romeo round 12
ChatterBot Yankee round 12
ChatterBot X-ray round 12
2024-10-14 20:36:32.869604 Uniform: We should drop Mike
ChatterBot Victor reevaluating
ChatterBot November reevaluating
2024-10-14 20:36:32.877500 Victor: Yes
2024-10-14 20:36:32.877666 November: No
ChatterBot November reevaluating
ChatterBot Victor reevaluating
2024-10-14 20:36:32.895708 X-ray: We should drop Romeo
ChatterBot Whiskey reevaluating
2024-10-14 20:36:32.910217 Zulu: No
2024-10-14 20:36:32.910371 Whiskey: Yes
2024-10-14 20:36:32.910486 Juliett: No
2024-10-14 20:36:32.910711 Yankee: No
ChatterBot Whiskey reevaluating
ChatterBot Whiskey reevaluating
ChatterBot Whiskey reevaluating
2024-10-14 20:36:32.971657 November: We should drop Uniform
ChatterBot Victor reevaluating
2024-10-14 20:36:32.981319 Victor: No
2024-10-14 20:36:32.981508 Mike: No
ChatterBot November reevaluating
ChatterBot November reevaluating
ChatterBot Victor reevaluating
2024-10-14 20:36:33.004118 Romeo: Zulu, Juliett, Yankee and X-ray, sending you 1
2024-10-14 20:36:33.005823 Yankee: Zulu, Whiskey, Juliett and Romeo, sending you 3
2024-10-14 20:36:33.006626 Zulu: Whiskey, Juliett and Yankee, sending you 2
2024-10-14 20:36:33.010964 Yankee: X-ray, sending you 4
2024-10-14 20:36:33.012995 Uniform: Victor, sending you 7
2024-10-14 20:36:33.014145 Zulu: Romeo and X-ray, sending you 3
2024-10-14 20:36:33.072907 X-ray: Zulu, Juliett and Yankee, sending you 3
2024-10-14 20:36:33.074296 Uniform: November, sending you 6
2024-10-14 20:36:33.084659 Victor: Uniform and November, sending you 5
2024-10-14 20:36:33.086094 X-ray: Whiskey, sending you 2
2024-10-14 20:36:33.087594 November: Uniform, sending you 6
2024-10-14 20:36:33.158702 Victor: Mike, sending you 4
2024-10-14 20:36:33.159905 November: Victor, sending you 7
chatterbot Mike submitting transactions
chatterbot Whiskey submitting transactions
chatterbot Zulu submitting transactions
chatterbot Yankee submitting transactions
chatterbot Juliett submitting transactions
chatterbot Uniform submitting transactions
chatterbot X-ray submitting transactions
chatterbot Romeo submitting transactions
chatterbot Victor submitting transactions
chatterbot November submitting transactions
ChatterBot Uniform round 13
ChatterBot Zulu round 13
ChatterBot Victor round 13
ChatterBot Mike round 13
ChatterBot Whiskey round 13
ChatterBot Juliett round 13
ChatterBot November round 13
ChatterBot Romeo round 13
ChatterBot Yankee round 13
ChatterBot X-ray round 13
2024-10-14 20:36:34.112319 Victor: We should drop Uniform
ChatterBot November reevaluating
2024-10-14 20:36:34.117850 November: Yes
2024-10-14 20:36:34.118011 Mike: No
ChatterBot Victor reevaluating
ChatterBot Mike reevaluating
ChatterBot November reevaluating
ChatterBot Victor reevaluating
2024-10-14 20:36:34.132740 November: We should replace Victor with Mike
ChatterBot Uniform reevaluating
2024-10-14 20:36:34.136585 Uniform: No
ChatterBot November reevaluating
2024-10-14 20:36:34.140174 Uniform: We should add Mike
ChatterBot Victor reevaluating
ChatterBot November reevaluating
2024-10-14 20:36:34.146437 Victor: Yes
2024-10-14 20:36:34.146537 November: Yes
ChatterBot Uniform reevaluating
ChatterBot November reevaluating
ChatterBot Uniform reevaluating
ChatterBot Victor reevaluating
2024-10-14 20:36:34.167917 Mike: We should drop Uniform and Juliett
ChatterBot November reevaluating
ChatterBot Victor reevaluating
2024-10-14 20:36:34.173951 November: Yes
2024-10-14 20:36:34.174548 Victor: Yes
ChatterBot Victor reevaluating
ChatterBot Mike reevaluating
ChatterBot November reevaluating
ChatterBot Mike reevaluating
2024-10-14 20:36:34.187051 November: We should replace Uniform with Mike
ChatterBot Victor reevaluating
2024-10-14 20:36:34.190921 Victor: Yes
ChatterBot November reevaluating
2024-10-14 20:36:34.195923 Romeo: We should drop X-ray
2024-10-14 20:36:34.205290 Zulu: Yes
2024-10-14 20:36:34.205423 Whiskey: Yes
2024-10-14 20:36:34.205527 Juliett: Yes
2024-10-14 20:36:34.205629 Yankee: Yes
ChatterBot Whiskey reevaluating
ChatterBot Whiskey reevaluating
ChatterBot Juliett reevaluating
2024-10-14 20:36:34.246759 Juliett: We should add November
ChatterBot Whiskey reevaluating
2024-10-14 20:36:34.260846 Zulu: No
2024-10-14 20:36:34.260986 Whiskey: No
2024-10-14 20:36:34.261094 Romeo: No
2024-10-14 20:36:34.261194 Yankee: No
2024-10-14 20:36:34.261295 X-ray: No
ChatterBot Whiskey reevaluating
ChatterBot Juliett reevaluating
ChatterBot Zulu reevaluating
ChatterBot Juliett reevaluating
ChatterBot Zulu reevaluating
ChatterBot Whiskey reevaluating
ChatterBot Juliett reevaluating
ChatterBot Zulu reevaluating
ChatterBot Whiskey reevaluating
ChatterBot Juliett reevaluating
ChatterBot Zulu reevaluating
ChatterBot Whiskey reevaluating
ChatterBot Juliett reevaluating
2024-10-14 20:36:34.347893 November: Mike we want you to join our group
2024-10-14 20:36:34.353147 Mike: Yes
ChatterBot Victor reevaluating
2024-10-14 20:36:34.360449 Uniform: Mike we want you to join our group
2024-10-14 20:36:34.363778 Mike: No
ChatterBot Uniform reevaluating
ChatterBot Victor reevaluating
2024-10-14 20:36:34.375673 X-ray: Zulu, Juliett and Yankee, sending you 3
2024-10-14 20:36:34.376690 Yankee: Zulu, Whiskey, Juliett and Romeo, sending you 3
2024-10-14 20:36:34.380811 X-ray: Whiskey, sending you 2
2024-10-14 20:36:34.383047 Yankee: X-ray, sending you 4
2024-10-14 20:36:34.390685 Romeo: Zulu, Whiskey and Juliett, sending you 3
2024-10-14 20:36:34.392668 November: Victor, sending you 7
2024-10-14 20:36:34.394694 Victor: Sending you each 7
2024-10-14 20:36:34.395282 Mike: Victor, sending you 7
2024-10-14 20:36:34.395881 Romeo: Yankee, sending you 4
2024-10-14 20:36:34.397709 November: Mike, sending you 5
2024-10-14 20:36:34.400688 Mike: November, sending you 6
2024-10-14 20:36:34.410712 Uniform: Victor and November, sending you 5
2024-10-14 20:36:34.414666 Uniform: Mike, sending you 3
chatterbot November submitting transactions
chatterbot Victor submitting transactions
chatterbot Juliett submitting transactions
chatterbot Romeo submitting transactions
chatterbot Yankee submitting transactions
chatterbot Mike submitting transactions
chatterbot Zulu submitting transactions
chatterbot X-ray submitting transactions
chatterbot Whiskey submitting transactions
chatterbot Uniform submitting transactions
ChatterBot Uniform round 14
ChatterBot Zulu round 14
ChatterBot Victor round 14
ChatterBot Mike round 14
ChatterBot Whiskey round 14
ChatterBot Juliett round 14
2024-10-14 20:36:35.519725 Victor: We should add Uniform
ChatterBot November reevaluating
ChatterBot Mike reevaluating
2024-10-14 20:36:35.529152 November: Yes
2024-10-14 20:36:35.529351 Mike: Yes
ChatterBot Mike reevaluating
ChatterBot November reevaluating
ChatterBot November round 14
ChatterBot Romeo round 14
ChatterBot Yankee round 14
2024-10-14 20:36:35.550988 Zulu: We should add Uniform
ChatterBot Juliett reevaluating
2024-10-14 20:36:35.562992 Whiskey: No
2024-10-14 20:36:35.563144 Juliett: Yes
2024-10-14 20:36:35.563263 Romeo: No
2024-10-14 20:36:35.563394 Yankee: No
2024-10-14 20:36:35.563579 X-ray: No
ChatterBot Zulu reevaluating
ChatterBot Juliett reevaluating
ChatterBot Zulu reevaluating
ChatterBot Zulu reevaluating
ChatterBot Juliett reevaluating
ChatterBot Zulu reevaluating
ChatterBot Juliett reevaluating
ChatterBot Zulu reevaluating
ChatterBot Juliett reevaluating
ChatterBot X-ray round 14
2024-10-14 20:36:35.633077 Victor: Uniform we want you to join our group
2024-10-14 20:36:35.635710 Uniform: Yes
ChatterBot November reevaluating
ChatterBot Mike reevaluating
2024-10-14 20:36:35.643738 November: We should add Uniform
ChatterBot Mike reevaluating
2024-10-14 20:36:35.650841 Victor: Yes
2024-10-14 20:36:35.650950 Mike: Yes
ChatterBot November reevaluating
ChatterBot Mike reevaluating
ChatterBot November reevaluating
2024-10-14 20:36:35.670290 Whiskey: We should drop X-ray
