ChatterBot Mike round 1
ChatterBot Charlie round 1
ChatterBot Lima round 1
ChatterBot Oscar round 1
ChatterBot Foxtrot round 1
ChatterBot Hotel round 1
randomSelections Lima: {Lima, Mike, Golf, Echo, Juliett, Foxtrot, Oscar, Hotel} 
2024-10-14 20:36:18.389193 Lima: Can we be friends?
ChatterBot Mike reevaluating
ChatterBot Foxtrot reevaluating
ChatterBot Oscar reevaluating
ChatterBot Hotel reevaluating
2024-10-14 20:36:18.399664 Mike: Yes
2024-10-14 20:36:18.400974 Foxtrot: Yes
2024-10-14 20:36:18.401199 Oscar: Yes
2024-10-14 20:36:18.401333 Hotel: Yes
ChatterBot Foxtrot reevaluating
ChatterBot Oscar reevaluating
ChatterBot Hotel reevaluating
ChatterBot Mike reevaluating
ChatterBot Oscar reevaluating
ChatterBot Hotel reevaluating
ChatterBot Mike reevaluating
ChatterBot Foxtrot reevaluating
ChatterBot Hotel reevaluating
ChatterBot Mike reevaluating
ChatterBot Foxtrot reevaluating
ChatterBot Oscar reevaluating
ChatterBot Echo round 1
ChatterBot Echo reevaluating
ChatterBot Echo reevaluating
ChatterBot Echo reevaluating
ChatterBot Echo reevaluating
ChatterBot Echo reevaluating
2024-10-14 20:36:18.451956 Echo: Yes
ChatterBot Mike reevaluating
ChatterBot Foxtrot reevaluating
ChatterBot Oscar reevaluating
ChatterBot Hotel reevaluating
ChatterBot Sierra round 1
ChatterBot Golf round 1
ChatterBot Golf reevaluating
ChatterBot Golf reevaluating
ChatterBot Golf reevaluating
ChatterBot Golf reevaluating
ChatterBot Golf reevaluating
ChatterBot Golf reevaluating
2024-10-14 20:36:18.468945 Golf: Yes
ChatterBot Mike reevaluating
ChatterBot Echo reevaluating
ChatterBot Foxtrot reevaluating
ChatterBot Oscar reevaluating
ChatterBot Hotel reevaluating
ChatterBot Juliett round 1
ChatterBot Juliett reevaluating
ChatterBot Juliett reevaluating
ChatterBot Juliett reevaluating
ChatterBot Juliett reevaluating
ChatterBot Juliett reevaluating
ChatterBot Juliett reevaluating
ChatterBot Juliett reevaluating
2024-10-14 20:36:18.489413 Juliett: Yes
ChatterBot Mike reevaluating
ChatterBot Golf reevaluating
ChatterBot Echo reevaluating
ChatterBot Foxtrot reevaluating
ChatterBot Oscar reevaluating
ChatterBot Hotel reevaluating
randomSelections Charlie: {Charlie, Oscar, Hotel, Sierra, Foxtrot, Lima} 
2024-10-14 20:36:18.513209 Charlie: We should group up
ChatterBot Oscar reevaluating
ChatterBot Hotel reevaluating
ChatterBot Sierra reevaluating
ChatterBot Foxtrot reevaluating
2024-10-14 20:36:18.525965 Oscar: No
2024-10-14 20:36:18.526238 Hotel: No
2024-10-14 20:36:18.527055 Sierra: Yes
2024-10-14 20:36:18.527180 Foxtrot: No
2024-10-14 20:36:18.527310 Lima: No
ChatterBot Hotel reevaluating
ChatterBot Sierra reevaluating
ChatterBot Foxtrot reevaluating
ChatterBot Oscar reevaluating
ChatterBot Sierra reevaluating
ChatterBot Foxtrot reevaluating
ChatterBot Oscar reevaluating
ChatterBot Hotel reevaluating
ChatterBot Foxtrot reevaluating
ChatterBot Oscar reevaluating
ChatterBot Hotel reevaluating
ChatterBot Sierra reevaluating
ChatterBot Oscar reevaluating
ChatterBot Hotel reevaluating
ChatterBot Sierra reevaluating
ChatterBot Foxtrot reevaluating
2024-10-14 20:36:18.599 Charlie: Lima, sending you 1
2024-10-14 20:36:18.601674 Mike: Lima and Juliett, sending you 1
2024-10-14 20:36:18.602666 Hotel: Mike and Juliett, sending you 1
2024-10-14 20:36:18.603063 Lima: Mike, sending you 5
2024-10-14 20:36:18.603382 Charlie: Oscar, sending you 4
2024-10-14 20:36:18.604213 Juliett: Mike, sending you 4
2024-10-14 20:36:18.606163 Mike: Hotel and Echo, sending you 2
2024-10-14 20:36:18.606576 Echo: Mike, sending you 3
2024-10-14 20:36:18.606883 Sierra: Charlie, sending you 2
2024-10-14 20:36:18.607138 Lima: Oscar, sending you 3
2024-10-14 20:36:18.607487 Foxtrot: Lima and Juliett, sending you 1
2024-10-14 20:36:18.608371 Hotel: Oscar, sending you 3
2024-10-14 20:36:18.608844 Charlie: Hotel and Sierra, sending you 2
2024-10-14 20:36:18.609308 Juliett: Oscar, sending you 2
2024-10-14 20:36:18.609677 Mike: Golf, sending you 3
2024-10-14 20:36:18.610586 Echo: Lima, Oscar, Foxtrot and Hotel, sending you 1
2024-10-14 20:36:18.610955 Golf: Mike, Hotel and Juliett, sending you 2
2024-10-14 20:36:18.611267 Sierra: Lima, Oscar and Hotel, sending you 3
2024-10-14 20:36:18.611526 Lima: Foxtrot and Golf, sending you 4
2024-10-14 20:36:18.612663 Foxtrot: Oscar, sending you 3
2024-10-14 20:36:18.613034 Hotel: Foxtrot, sending you 4
2024-10-14 20:36:18.613942 Echo: Golf, sending you 2
2024-10-14 20:36:18.614264 Sierra: Foxtrot, sending you 4
2024-10-14 20:36:18.614718 Juliett: Foxtrot and Golf, sending you 3
2024-10-14 20:36:18.615072 Golf: Lima, sending you 1
2024-10-14 20:36:18.616650 Lima: Hotel and Juliett, sending you 1
2024-10-14 20:36:18.617953 Hotel: Echo, sending you 2
2024-10-14 20:36:18.618705 Echo: Juliett, sending you 4
2024-10-14 20:36:18.619199 Golf: Oscar, sending you 4
2024-10-14 20:36:18.620052 Juliett: Echo, sending you 1
2024-10-14 20:36:18.620664 Hotel: Golf, sending you 5
chatterbot Lima submitting transactions
chatterbot Oscar submitting transactions
chatterbot Charlie submitting transactions
chatterbot Echo submitting transactions
chatterbot Golf submitting transactions
chatterbot Juliett submitting transactions
chatterbot Hotel submitting transactions
chatterbot Sierra submitting transactions
chatterbot Mike submitting transactions
chatterbot Foxtrot submitting transactions
ChatterBot Mike round 2
ChatterBot Charlie round 2
ChatterBot Lima round 2
ChatterBot Oscar round 2
ChatterBot Foxtrot round 2
ChatterBot Hotel round 2
2024-10-14 20:36:20.544674 Charlie: Can we be friends?
ChatterBot Sierra reevaluating
2024-10-14 20:36:20.562777 Sierra: Yes
2024-10-14 20:36:20.568608 Sierra: Let's form a team
2024-10-14 20:36:20.574442 Charlie: Yes
ChatterBot Sierra reevaluating
2024-10-14 20:36:20.599122 Lima: We should group up
ChatterBot Hotel reevaluating
ChatterBot Echo reevaluating
ChatterBot Golf reevaluating
ChatterBot Juliett reevaluating
ChatterBot Sierra reevaluating
2024-10-14 20:36:20.682161 Mike: No
2024-10-14 20:36:20.686225 Hotel: No
2024-10-14 20:36:20.693950 Echo: No
2024-10-14 20:36:20.695207 Golf: No
2024-10-14 20:36:20.695519 Juliett: No
2024-10-14 20:36:20.695850 Sierra: No
ChatterBot Hotel reevaluating
ChatterBot Echo reevaluating
ChatterBot Golf reevaluating
ChatterBot Juliett reevaluating
ChatterBot Sierra reevaluating
ChatterBot Echo reevaluating
ChatterBot Golf reevaluating
ChatterBot Juliett reevaluating
ChatterBot Sierra reevaluating
ChatterBot Hotel reevaluating
ChatterBot Golf reevaluating
ChatterBot Juliett reevaluating
ChatterBot Sierra reevaluating
ChatterBot Hotel reevaluating
ChatterBot Echo reevaluating
ChatterBot Juliett reevaluating
ChatterBot Sierra reevaluating
ChatterBot Hotel reevaluating
ChatterBot Echo reevaluating
ChatterBot Golf reevaluating
ChatterBot Sierra reevaluating
ChatterBot Hotel reevaluating
ChatterBot Echo reevaluating
ChatterBot Golf reevaluating
ChatterBot Juliett reevaluating
ChatterBot Echo round 2
ChatterBot Sierra round 2
ChatterBot Golf round 2
ChatterBot Juliett round 2
2024-10-14 20:36:21.036952 Mike: We should drop Foxtrot and Oscar
ChatterBot Hotel reevaluating
ChatterBot Echo reevaluating
ChatterBot Golf reevaluating
ChatterBot Juliett reevaluating
2024-10-14 20:36:21.056059 Lima: Yes
2024-10-14 20:36:21.056264 Hotel: No
2024-10-14 20:36:21.056441 Echo: No
2024-10-14 20:36:21.056565 Golf: Yes
2024-10-14 20:36:21.056748 Juliett: Yes
ChatterBot Hotel reevaluating
ChatterBot Echo reevaluating
ChatterBot Golf reevaluating
ChatterBot Juliett reevaluating
ChatterBot Echo reevaluating
ChatterBot Golf reevaluating
ChatterBot Juliett reevaluating
ChatterBot Hotel reevaluating
ChatterBot Golf reevaluating
ChatterBot Juliett reevaluating
ChatterBot Hotel reevaluating
ChatterBot Echo reevaluating
ChatterBot Juliett reevaluating
ChatterBot Hotel reevaluating
ChatterBot Echo reevaluating
ChatterBot Golf reevaluating
2024-10-14 20:36:21.169967 Oscar: We should drop Foxtrot
2024-10-14 20:36:21.191644 Mike: Yes
2024-10-14 20:36:21.192300 Lima: Yes
2024-10-14 20:36:21.192448 Hotel: Yes
2024-10-14 20:36:21.192559 Echo: Yes
2024-10-14 20:36:21.192676 Golf: Yes
2024-10-14 20:36:21.192788 Juliett: Yes
2024-10-14 20:36:21.482751 Foxtrot: We should drop Oscar
2024-10-14 20:36:21.520135 Mike: Yes
2024-10-14 20:36:21.520351 Lima: Yes
2024-10-14 20:36:21.520668 Hotel: Yes
2024-10-14 20:36:21.521586 Echo: Yes
2024-10-14 20:36:21.521908 Golf: Yes
2024-10-14 20:36:21.522273 Juliett: Yes
chatterbot Lima submitting transactions
2024-10-14 20:36:21.702192 Charlie: Sending you 9
2024-10-14 20:36:21.702954 Lima: Mike, Echo and Golf, sending you 3
2024-10-14 20:36:21.733894 Golf: Mike, Echo and Juliett, sending you 3
2024-10-14 20:36:21.734326 Echo: Mike and Hotel, sending you 4
2024-10-14 20:36:21.735058 Juliett: Mike, Lima and Hotel, sending you 2
chatterbot Charlie submitting transactions
2024-10-14 20:36:21.735409 Mike: Lima, sending you 5
2024-10-14 20:36:21.735648 Hotel: Mike and Golf, sending you 5
2024-10-14 20:36:21.735892 Foxtrot: Mike, Echo, Golf and Juliett, sending you 1
2024-10-14 20:36:21.736691 Lima: Hotel and Juliett, sending you 2
2024-10-14 20:36:21.736970 Sierra: Sending you 5
2024-10-14 20:36:21.737150 Oscar: Lima and Hotel, sending you 4
chatterbot Echo submitting transactions
2024-10-14 20:36:21.763430 Juliett: Echo, sending you 4
2024-10-14 20:36:21.764278 Golf: Lima, sending you 4
2024-10-14 20:36:21.764538 Echo: Lima, sending you 2
2024-10-14 20:36:21.764826 Hotel: Lima and Echo, sending you 3
2024-10-14 20:36:21.765093 Mike: Hotel and Golf, sending you 2
2024-10-14 20:36:21.765798 Lima: Sierra, sending you 5
2024-10-14 20:36:21.766072 Oscar: Echo, sending you 1
2024-10-14 20:36:21.766353 Foxtrot: Lima and Hotel, sending you 2
2024-10-14 20:36:21.766650 Golf: Hotel, sending you 5
2024-10-14 20:36:21.783651 Juliett: Golf, sending you 3
2024-10-14 20:36:21.784225 Echo: Golf, sending you 1
2024-10-14 20:36:21.785241 Hotel: Juliett, sending you 1
2024-10-14 20:36:21.785683 Oscar: Golf, sending you 5
2024-10-14 20:36:21.786574 Mike: Echo, sending you 3
2024-10-14 20:36:21.798110 Echo: Juliett, sending you 3
2024-10-14 20:36:21.798519 Oscar: Juliett, sending you 2
2024-10-14 20:36:21.799320 Mike: Juliett, sending you 4
chatterbot Hotel submitting transactions
chatterbot Foxtrot submitting transactions
chatterbot Mike submitting transactions
chatterbot Golf submitting transactions
chatterbot Sierra submitting transactions
chatterbot Oscar submitting transactions
chatterbot Juliett submitting transactions
ChatterBot Mike round 3
ChatterBot Charlie round 3
ChatterBot Lima round 3
ChatterBot Oscar round 3
ChatterBot Foxtrot round 3
ChatterBot Hotel round 3
2024-10-14 20:36:22.507925 Lima: We should replace Sierra with Oscar
ChatterBot Hotel reevaluating
2024-10-14 20:36:22.531554 Mike: No
2024-10-14 20:36:22.531758 Hotel: Yes
2024-10-14 20:36:22.531892 Echo: No
2024-10-14 20:36:22.532002 Golf: No
2024-10-14 20:36:22.532109 Juliett: No
ChatterBot Hotel reevaluating
ChatterBot Hotel reevaluating
ChatterBot Hotel reevaluating
ChatterBot Hotel reevaluating
ChatterBot Echo round 3
ChatterBot Sierra round 3
ChatterBot Golf round 3
ChatterBot Juliett round 3
2024-10-14 20:36:22.644980 Foxtrot: We should add Oscar
ChatterBot Hotel reevaluating
ChatterBot Echo reevaluating
ChatterBot Golf reevaluating
2024-10-14 20:36:22.670816 Mike: No
2024-10-14 20:36:22.671434 Lima: Yes
2024-10-14 20:36:22.671524 Hotel: Yes
2024-10-14 20:36:22.671611 Echo: Yes
2024-10-14 20:36:22.671714 Golf: Yes
2024-10-14 20:36:22.671800 Juliett: No
ChatterBot Hotel reevaluating
ChatterBot Echo reevaluating
ChatterBot Golf reevaluating
ChatterBot Hotel reevaluating
ChatterBot Echo reevaluating
ChatterBot Golf reevaluating
ChatterBot Mike reevaluating
ChatterBot Echo reevaluating
ChatterBot Golf reevaluating
ChatterBot Mike reevaluating
ChatterBot Hotel reevaluating
ChatterBot Golf reevaluating
ChatterBot Mike reevaluating
ChatterBot Hotel reevaluating
ChatterBot Echo reevaluating
ChatterBot Mike reevaluating
ChatterBot Hotel reevaluating
ChatterBot Echo reevaluating
ChatterBot Golf reevaluating
2024-10-14 20:36:22.961768 Lima: Oscar we want you to join our group
2024-10-14 20:36:22.966168 Oscar: Yes
ChatterBot Mike reevaluating
ChatterBot Hotel reevaluating
ChatterBot Echo reevaluating
ChatterBot Golf reevaluating
ChatterBot Juliett reevaluating
2024-10-14 20:36:23.020367 Foxtrot: Oscar we want you to join our group
2024-10-14 20:36:23.027782 Oscar: No
ChatterBot Mike reevaluating
ChatterBot Golf reevaluating
ChatterBot Echo reevaluating
ChatterBot Juliett reevaluating
2024-10-14 20:36:23.063733 Hotel: Oscar we want you to join our group
2024-10-14 20:36:23.069257 Oscar: Yes
ChatterBot Mike reevaluating
ChatterBot Juliett reevaluating
2024-10-14 20:36:23.098926 Golf: Oscar we want you to join our group
2024-10-14 20:36:23.103526 Oscar: Yes
ChatterBot Mike reevaluating
ChatterBot Juliett reevaluating
2024-10-14 20:36:23.128494 Charlie: Sending you 11
2024-10-14 20:36:23.128767 Echo: Oscar we want you to join our group
2024-10-14 20:36:23.133256 Oscar: Yes
ChatterBot Mike reevaluating
2024-10-14 20:36:23.164482 Oscar: Lima and Hotel, sending you 4
chatterbot Charlie submitting transactions
chatterbot Oscar submitting transactions
2024-10-14 20:36:23.168663 Lima: Mike, sending you 4
2024-10-14 20:36:23.169674 Oscar: Echo, sending you 1
2024-10-14 20:36:23.170214 Sierra: Same as last round
2024-10-14 20:36:23.170902 Foxtrot: Mike, Lima, Oscar, Echo, Golf and Juliett, sending you 1
2024-10-14 20:36:23.171677 Lima: Oscar, Hotel, Echo and Golf, sending you 3
2024-10-14 20:36:23.173678 Juliett: Oscar we want you to join our group
2024-10-14 20:36:23.179573 Oscar: Yes
ChatterBot Mike reevaluating
ChatterBot Juliett reevaluating
2024-10-14 20:36:23.209180 Foxtrot: Hotel, sending you 2
2024-10-14 20:36:23.209780 Oscar: Golf, sending you 5
2024-10-14 20:36:23.210098 Lima: Juliett, sending you 2
2024-10-14 20:36:23.212817 Mike: Oscar we want you to join our group
2024-10-14 20:36:23.221109 Oscar: Yes
ChatterBot Mike reevaluating
ChatterBot Juliett reevaluating
2024-10-14 20:36:23.265313 Echo: Mike, Hotel and Juliett, sending you 3
2024-10-14 20:36:23.266115 Oscar: Juliett, sending you 3
2024-10-14 20:36:23.266469 Golf: Mike, Lima, Oscar and Juliett, sending you 3
2024-10-14 20:36:23.266826 Hotel: Mike, Oscar and Echo, sending you 3
2024-10-14 20:36:23.268662 Echo: Lima and Golf, sending you 2
2024-10-14 20:36:23.270673 Hotel: Lima and Juliett, sending you 2
2024-10-14 20:36:23.271685 Golf: Hotel, sending you 4
2024-10-14 20:36:23.272746 Echo: Oscar, sending you 1
2024-10-14 20:36:23.275716 Hotel: Golf, sending you 4
2024-10-14 20:36:23.276712 Golf: Echo, sending you 2
2024-10-14 20:36:23.285668 Juliett: Mike, Lima, Oscar, Hotel and Golf, sending you 2
2024-10-14 20:36:23.290733 Juliett: Echo, sending you 3
2024-10-14 20:36:23.300657 Mike: Lima, Hotel, Echo, Golf and Juliett, sending you 3
2024-10-14 20:36:23.304697 Mike: Oscar, sending you 1
chatterbot Juliett submitting transactions
chatterbot Sierra submitting transactions
chatterbot Foxtrot submitting transactions
chatterbot Mike submitting transactions
chatterbot Echo submitting transactions
chatterbot Golf submitting transactions
chatterbot Lima submitting transactions
chatterbot Hotel submitting transactions
ChatterBot Mike round 4
ChatterBot Charlie round 4
ChatterBot Lima round 4
ChatterBot Oscar round 4
ChatterBot Foxtrot round 4
ChatterBot Hotel round 4
ChatterBot Echo round 4
ChatterBot Sierra round 4
ChatterBot Golf round 4
ChatterBot Juliett round 4
2024-10-14 20:36:24.211660 Mike: Lima, sending you 4
2024-10-14 20:36:24.212675 Charlie: Sending you 12
2024-10-14 20:36:24.214660 Mike: Hotel, Echo, Golf and Juliett, sending you 3
2024-10-14 20:36:24.218695 Echo: Mike, Hotel and Juliett, sending you 3
2024-10-14 20:36:24.220670 Sierra: Sending you 4
2024-10-14 20:36:24.221673 Lima: Sending you each 3
2024-10-14 20:36:24.222906 Echo: Lima and Golf, sending you 2
2024-10-14 20:36:24.224672 Oscar: Lima and Hotel, sending you 4
2024-10-14 20:36:24.225186 Hotel: Mike, Oscar and Echo, sending you 3
2024-10-14 20:36:24.226352 Echo: Oscar, sending you 1
2024-10-14 20:36:24.228683 Golf: Mike, Lima and Juliett, sending you 3
2024-10-14 20:36:24.229693 Hotel: Lima and Juliett, sending you 2
2024-10-14 20:36:24.230186 Oscar: Echo, sending you 1
2024-10-14 20:36:24.230575 Juliett: Mike, Lima, Oscar, Hotel and Golf, sending you 2
2024-10-14 20:36:24.232087 Foxtrot: Mike, Lima, Oscar, Echo, Golf and Juliett, sending you 1
2024-10-14 20:36:24.232830 Hotel: Golf, sending you 4
2024-10-14 20:36:24.233667 Golf: Oscar and Hotel, sending you 4
2024-10-14 20:36:24.234706 Oscar: Golf, sending you 5
2024-10-14 20:36:24.235575 Juliett: Echo, sending you 3
2024-10-14 20:36:24.236662 Foxtrot: Hotel, sending you 2
2024-10-14 20:36:24.238658 Golf: Echo, sending you 1
2024-10-14 20:36:24.239690 Oscar: Juliett, sending you 3
chatterbot Charlie submitting transactions
chatterbot Golf submitting transactions
chatterbot Sierra submitting transactions
chatterbot Echo submitting transactions
chatterbot Foxtrot submitting transactions
chatterbot Juliett submitting transactions
chatterbot Hotel submitting transactions
chatterbot Lima submitting transactions
chatterbot Mike submitting transactions
chatterbot Oscar submitting transactions
ChatterBot Mike round 5
ChatterBot Charlie round 5
ChatterBot Lima round 5
ChatterBot Oscar round 5
ChatterBot Foxtrot round 5
ChatterBot Hotel round 5
ChatterBot Echo round 5
ChatterBot Sierra round 5
ChatterBot Golf round 5
ChatterBot Juliett round 5
2024-10-14 20:36:25.461670 Oscar: Lima and Hotel, sending you 4
2024-10-14 20:36:25.466678 Oscar: Echo, sending you 1
2024-10-14 20:36:25.467684 Hotel: Mike, Lima, Oscar and Echo, sending you 3
2024-10-14 20:36:25.469727 Lima: Same as last round
2024-10-14 20:36:25.471677 Oscar: Golf, sending you 5
2024-10-14 20:36:25.472357 Golf: Mike, Lima and Juliett, sending you 3
2024-10-14 20:36:25.472892 Hotel: Golf, sending you 4
2024-10-14 20:36:25.474032 Mike: Lima, Hotel, Echo, Golf and Juliett, sending you 3
2024-10-14 20:36:25.474698 Charlie: Sending you 14
2024-10-14 20:36:25.474955 Sierra: Sending you 3
2024-10-14 20:36:25.476107 Foxtrot: Sending you each 1
2024-10-14 20:36:25.476758 Oscar: Juliett, sending you 3
2024-10-14 20:36:25.477317 Golf: Oscar and Hotel, sending you 4
2024-10-14 20:36:25.477801 Mike: Oscar, sending you 1
2024-10-14 20:36:25.478648 Hotel: Juliett, sending you 1
2024-10-14 20:36:25.479125 Echo: Mike, Hotel and Juliett, sending you 3
2024-10-14 20:36:25.480688 Golf: Echo, sending you 1
2024-10-14 20:36:25.482706 Echo: Lima and Golf, sending you 2
2024-10-14 20:36:25.483708 Juliett: Mike, Lima, Oscar, Hotel and Echo, sending you 2
2024-10-14 20:36:25.488670 Echo: Oscar, sending you 1
2024-10-14 20:36:25.489712 Juliett: Golf, sending you 3
chatterbot Sierra submitting transactions
chatterbot Charlie submitting transactions
chatterbot Lima submitting transactions
chatterbot Oscar submitting transactions
chatterbot Hotel submitting transactions
chatterbot Echo submitting transactions
chatterbot Mike submitting transactions
chatterbot Foxtrot submitting transactions
chatterbot Golf submitting transactions
chatterbot Juliett submitting transactions
ChatterBot Mike round 6
ChatterBot Charlie round 6
ChatterBot Lima round 6
ChatterBot Oscar round 6
ChatterBot Foxtrot round 6
ChatterBot Hotel round 6
ChatterBot Echo round 6
ChatterBot Sierra round 6
ChatterBot Golf round 6
ChatterBot Juliett round 6
2024-10-14 20:36:26.626677 Mike: Lima, Hotel, Echo, Golf and Juliett, sending you 3
2024-10-14 20:36:26.627327 Echo: Mike and Hotel, sending you 3
2024-10-14 20:36:26.628667 Charlie: Sending you 16
2024-10-14 20:36:26.629684 Mike: Oscar, sending you 1
2024-10-14 20:36:26.632094 Juliett: Mike, Lima, Oscar, Hotel and Echo, sending you 2
2024-10-14 20:36:26.632708 Echo: Lima, Oscar, Golf and Juliett, sending you 2
2024-10-14 20:36:26.637648 Juliett: Golf, sending you 3
2024-10-14 20:36:26.638837 Oscar: Lima and Hotel, sending you 4
2024-10-14 20:36:26.639373 Lima: Same as last round
2024-10-14 20:36:26.639916 Hotel: Mike, Lima, Oscar and Echo, sending you 3
2024-10-14 20:36:26.640423 Foxtrot: Mike, Lima, Echo, Golf and Juliett, sending you 1
2024-10-14 20:36:26.640871 Golf: Mike, Lima and Juliett, sending you 3
2024-10-14 20:36:26.642659 Sierra: Same as last round
2024-10-14 20:36:26.643653 Oscar: Echo, sending you 1
2024-10-14 20:36:26.644240 Foxtrot: Hotel, sending you 2
2024-10-14 20:36:26.644730 Hotel: Golf, sending you 4
2024-10-14 20:36:26.645679 Golf: Oscar and Hotel, sending you 4
2024-10-14 20:36:26.647668 Hotel: Juliett, sending you 1
2024-10-14 20:36:26.649355 Oscar: Golf, sending you 5
2024-10-14 20:36:26.650656 Golf: Echo, sending you 1
2024-10-14 20:36:26.654858 Oscar: Juliett, sending you 3
chatterbot Hotel submitting transactions
chatterbot Foxtrot submitting transactions
chatterbot Charlie submitting transactions
chatterbot Mike submitting transactions
chatterbot Lima submitting transactions
chatterbot Oscar submitting transactions
chatterbot Sierra submitting transactions
chatterbot Echo submitting transactions
chatterbot Juliett submitting transactions
chatterbot Golf submitting transactions
ChatterBot Mike round 7
ChatterBot Charlie round 7
ChatterBot Lima round 7
ChatterBot Oscar round 7
ChatterBot Foxtrot round 7
ChatterBot Hotel round 7
ChatterBot Echo round 7
ChatterBot Sierra round 7
2024-10-14 20:36:27.863275 Charlie: We should add Foxtrot
2024-10-14 20:36:27.866571 Sierra: No
ChatterBot Charlie reevaluating
ChatterBot Golf round 7
ChatterBot Juliett round 7
2024-10-14 20:36:27.903687 Lima: Same as last round
2024-10-14 20:36:27.905684 Foxtrot: Mike, Lima, Echo, Golf and Juliett, sending you 1
2024-10-14 20:36:27.909672 Mike: Lima, Hotel, Echo, Golf and Juliett, sending you 3
2024-10-14 20:36:27.910291 Oscar: Lima and Juliett, sending you 3
2024-10-14 20:36:27.910753 Hotel: Mike, Lima, Oscar and Echo, sending you 3
2024-10-14 20:36:27.911226 Foxtrot: Hotel, sending you 2
2024-10-14 20:36:27.911678 Echo: Mike and Hotel, sending you 3
2024-10-14 20:36:27.913692 Mike: Oscar, sending you 1
2024-10-14 20:36:27.914509 Charlie: Same as last round
2024-10-14 20:36:27.914888 Sierra: Charlie, sending you 2
2024-10-14 20:36:27.915187 Echo: Lima, Oscar, Golf and Juliett, sending you 2
2024-10-14 20:36:27.915895 Oscar: Hotel, sending you 4
2024-10-14 20:36:27.916443 Hotel: Golf, sending you 4
2024-10-14 20:36:27.917679 Juliett: Mike, Lima, Oscar, Hotel and Echo, sending you 2
2024-10-14 20:36:27.918671 Sierra: Foxtrot, sending you 3
2024-10-14 20:36:27.919653 Oscar: Echo, sending you 2
2024-10-14 20:36:27.921661 Hotel: Juliett, sending you 1
2024-10-14 20:36:27.922272 Juliett: Golf, sending you 3
2024-10-14 20:36:27.924682 Oscar: Golf, sending you 5
2024-10-14 20:36:27.929639 Golf: Mike, Lima and Juliett, sending you 3
2024-10-14 20:36:27.934668 Golf: Oscar and Hotel, sending you 4
2024-10-14 20:36:27.939661 Golf: Echo, sending you 1
chatterbot Charlie submitting transactions
chatterbot Mike submitting transactions
chatterbot Foxtrot submitting transactions
chatterbot Oscar submitting transactions
chatterbot Golf submitting transactions
chatterbot Hotel submitting transactions
chatterbot Echo submitting transactions
chatterbot Juliett submitting transactions
chatterbot Lima submitting transactions
chatterbot Sierra submitting transactions
ChatterBot Mike round 8
ChatterBot Charlie round 8
ChatterBot Lima round 8
ChatterBot Oscar round 8
ChatterBot Foxtrot round 8
ChatterBot Hotel round 8
ChatterBot Echo round 8
ChatterBot Sierra round 8
ChatterBot Golf round 8
ChatterBot Juliett round 8
2024-10-14 20:36:29.122558 Foxtrot: Friends?
ChatterBot Charlie reevaluating
2024-10-14 20:36:29.130902 Sierra: Yes
2024-10-14 20:36:29.131064 Charlie: Yes
ChatterBot Charlie reevaluating
2024-10-14 20:36:29.145463 Charlie: We should add Foxtrot
2024-10-14 20:36:29.148751 Sierra: Yes
ChatterBot Charlie reevaluating
2024-10-14 20:36:29.166987 Charlie: Foxtrot we want you to join our group
2024-10-14 20:36:29.170391 Foxtrot: Yes
2024-10-14 20:36:29.178683 Mike: Lima, Echo and Golf, sending you 3
2024-10-14 20:36:29.179764 Lima: Same as last round
2024-10-14 20:36:29.181155 Oscar: Mike, sending you 1
2024-10-14 20:36:29.182317 Hotel: Mike, Lima, Oscar and Echo, sending you 3
2024-10-14 20:36:29.183188 Foxtrot: Charlie, sending you 3
2024-10-14 20:36:29.183458 Mike: Oscar, sending you 1
2024-10-14 20:36:29.185676 Hotel: Golf, sending you 4
2024-10-14 20:36:29.186703 Oscar: Lima, sending you 3
2024-10-14 20:36:29.187687 Foxtrot: Sierra, sending you 5
2024-10-14 20:36:29.188754 Mike: Hotel, sending you 4
2024-10-14 20:36:29.190221 Sierra: Sending you each 2
2024-10-14 20:36:29.190663 Hotel: Juliett, sending you 1
2024-10-14 20:36:29.192127 Oscar: Hotel, sending you 4
2024-10-14 20:36:29.193070 Juliett: Mike, Lima, Oscar, Hotel and Echo, sending you 2
2024-10-14 20:36:29.193904 Mike: Juliett, sending you 2
2024-10-14 20:36:29.195725 Golf: Mike, Lima and Juliett, sending you 3
2024-10-14 20:36:29.197348 Echo: Mike, Lima and Hotel, sending you 3
2024-10-14 20:36:29.198529 Oscar: Echo and Juliett, sending you 2
2024-10-14 20:36:29.200482 Charlie: Foxtrot, sending you 7
2024-10-14 20:36:29.200797 Juliett: Golf, sending you 3
2024-10-14 20:36:29.202149 Golf: Oscar and Hotel, sending you 4
2024-10-14 20:36:29.203909 Echo: Oscar, sending you 1
2024-10-14 20:36:29.204862 Oscar: Golf, sending you 5
2024-10-14 20:36:29.205669 Charlie: Sierra, sending you 9
2024-10-14 20:36:29.206698 Golf: Echo, sending you 1
2024-10-14 20:36:29.208692 Echo: Golf and Juliett, sending you 2
chatterbot Foxtrot submitting transactions
chatterbot Oscar submitting transactions
chatterbot Mike submitting transactions
chatterbot Golf submitting transactions
chatterbot Charlie submitting transactions
chatterbot Echo submitting transactions
chatterbot Hotel submitting transactions
chatterbot Sierra submitting transactions
chatterbot Juliett submitting transactions
chatterbot Lima submitting transactions
ChatterBot Mike round 9
ChatterBot Charlie round 9
ChatterBot Lima round 9
ChatterBot Oscar round 9
ChatterBot Foxtrot round 9
ChatterBot Hotel round 9
ChatterBot Echo round 9
ChatterBot Sierra round 9
ChatterBot Golf round 9
ChatterBot Juliett round 9
2024-10-14 20:36:30.260665 Foxtrot: Charlie, sending you 4
2024-10-14 20:36:30.262063 Mike: Lima, Echo and Golf, sending you 3
2024-10-14 20:36:30.264683 Foxtrot: Sierra, sending you 5
2024-10-14 20:36:30.266784 Hotel: Mike, Lima, Oscar, Echo and Golf, sending you 3
2024-10-14 20:36:30.268219 Mike: Oscar, sending you 1
2024-10-14 20:36:30.269586 Oscar: Mike, sending you 1
2024-10-14 20:36:30.270553 Lima: Same as last round
2024-10-14 20:36:30.272009 Echo: Mike, Lima and Hotel, sending you 3
2024-10-14 20:36:30.273318 Charlie: Foxtrot, sending you 7
2024-10-14 20:36:30.273721 Hotel: Juliett, sending you 2
2024-10-14 20:36:30.274706 Mike: Hotel, sending you 4
2024-10-14 20:36:30.276040 Oscar: Lima, sending you 3
2024-10-14 20:36:30.277101 Echo: Oscar and Juliett, sending you 2
2024-10-14 20:36:30.278568 Charlie: Sierra, sending you 9
2024-10-14 20:36:30.278880 Sierra: Charlie, sending you 2
2024-10-14 20:36:30.279700 Golf: Mike, Lima and Juliett, sending you 3
2024-10-14 20:36:30.281291 Juliett: Mike, Lima, Oscar, Hotel and Echo, sending you 2
2024-10-14 20:36:30.282815 Mike: Juliett, sending you 2
2024-10-14 20:36:30.283995 Echo: Golf, sending you 1
2024-10-14 20:36:30.284997 Oscar: Hotel, sending you 4
2024-10-14 20:36:30.286394 Sierra: Foxtrot, sending you 3
2024-10-14 20:36:30.286663 Golf: Oscar and Hotel, sending you 4
2024-10-14 20:36:30.288268 Juliett: Golf, sending you 3
2024-10-14 20:36:30.289688 Oscar: Echo and Juliett, sending you 2
2024-10-14 20:36:30.291697 Golf: Echo, sending you 1
2024-10-14 20:36:30.293667 Oscar: Golf, sending you 5
chatterbot Sierra submitting transactions
chatterbot Charlie submitting transactions
chatterbot Hotel submitting transactions
chatterbot Oscar submitting transactions
chatterbot Lima submitting transactions
chatterbot Juliett submitting transactions
chatterbot Mike submitting transactions
chatterbot Golf submitting transactions
chatterbot Foxtrot submitting transactions
chatterbot Echo submitting transactions
ChatterBot Mike round 10
ChatterBot Charlie round 10
ChatterBot Lima round 10
ChatterBot Oscar round 10
ChatterBot Foxtrot round 10
ChatterBot Hotel round 10
ChatterBot Echo round 10
ChatterBot Sierra round 10
ChatterBot Golf round 10
ChatterBot Juliett round 10
2024-10-14 20:36:31.460751 Hotel: Mike, Lima, Oscar, Echo and Golf, sending you 3
2024-10-14 20:36:31.466565 Lima: Same as last round
2024-10-14 20:36:31.469065 Oscar: Lima, Hotel and Golf, sending you 1
2024-10-14 20:36:31.471357 Charlie: Foxtrot, sending you 7
2024-10-14 20:36:31.471773 Hotel: Juliett, sending you 2
2024-10-14 20:36:31.473944 Sierra: Charlie, sending you 2
2024-10-14 20:36:31.474441 Mike: Lima, Echo and Golf, sending you 3
2024-10-14 20:36:31.476723 Echo: Mike, Lima and Hotel, sending you 3
2024-10-14 20:36:31.479328 Foxtrot: Sending you each 5
2024-10-14 20:36:31.479772 Charlie: Sierra, sending you 9
2024-10-14 20:36:31.480723 Sierra: Foxtrot, sending you 3
2024-10-14 20:36:31.481202 Golf: Mike, Lima and Juliett, sending you 3
2024-10-14 20:36:31.483811 Mike: Oscar, sending you 1
2024-10-14 20:36:31.486190 Echo: Oscar and Juliett, sending you 2
2024-10-14 20:36:31.488216 Juliett: Mike, Lima, Oscar, Hotel and Echo, sending you 2
2024-10-14 20:36:31.491017 Golf: Oscar and Hotel, sending you 4
2024-10-14 20:36:31.493445 Mike: Hotel, sending you 4
2024-10-14 20:36:31.495891 Echo: Golf, sending you 1
2024-10-14 20:36:31.497426 Juliett: Golf, sending you 3
2024-10-14 20:36:31.499799 Golf: Echo, sending you 1
2024-10-14 20:36:31.502189 Mike: Juliett, sending you 2
chatterbot Hotel submitting transactions
chatterbot Lima submitting transactions
chatterbot Echo submitting transactions
chatterbot Charlie submitting transactions
chatterbot Mike submitting transactions
chatterbot Oscar submitting transactions
chatterbot Foxtrot submitting transactions
chatterbot Juliett submitting transactions
chatterbot Golf submitting transactions
chatterbot Sierra submitting transactions
ChatterBot Mike round 11
ChatterBot Charlie round 11
ChatterBot Lima round 11
ChatterBot Oscar round 11
ChatterBot Foxtrot round 11
ChatterBot Hotel round 11
ChatterBot Echo round 11
ChatterBot Sierra round 11
ChatterBot Golf round 11
ChatterBot Juliett round 11
2024-10-14 20:36:32.833051 Oscar: We should drop Echo
ChatterBot Juliett reevaluating
2024-10-14 20:36:32.853454 Mike: No
2024-10-14 20:36:32.853648 Lima: No
2024-10-14 20:36:32.853821 Hotel: No
2024-10-14 20:36:32.853978 Golf: No
2024-10-14 20:36:32.854179 Juliett: No
ChatterBot Oscar reevaluating
ChatterBot Juliett reevaluating
ChatterBot Oscar reevaluating
ChatterBot Juliett reevaluating
ChatterBot Oscar reevaluating
ChatterBot Juliett reevaluating
ChatterBot Oscar reevaluating
ChatterBot Hotel reevaluating
ChatterBot Juliett reevaluating
ChatterBot Oscar reevaluating
ChatterBot Hotel reevaluating
2024-10-14 20:36:32.941917 Charlie: I was attacked by Oscar
ChatterBot Sierra reevaluating
ChatterBot Foxtrot reevaluating
2024-10-14 20:36:32.949099 Charlie: I'm keeping this round to protect myself
2024-10-14 20:36:32.950111 Charlie: Ow
2024-10-14 20:36:32.951708 Oscar: We should drop Mike
ChatterBot Lima reevaluating
ChatterBot Hotel reevaluating
ChatterBot Echo reevaluating
ChatterBot Juliett reevaluating
2024-10-14 20:36:32.967969 Lima: No
2024-10-14 20:36:32.968156 Hotel: No
2024-10-14 20:36:32.968276 Echo: No
2024-10-14 20:36:32.968378 Golf: No
2024-10-14 20:36:32.968525 Juliett: No
ChatterBot Oscar reevaluating
ChatterBot Hotel reevaluating
ChatterBot Echo reevaluating
ChatterBot Juliett reevaluating
ChatterBot Oscar reevaluating
ChatterBot Lima reevaluating
ChatterBot Echo reevaluating
ChatterBot Juliett reevaluating
ChatterBot Oscar reevaluating
ChatterBot Lima reevaluating
ChatterBot Hotel reevaluating
ChatterBot Golf reevaluating
ChatterBot Juliett reevaluating
ChatterBot Oscar reevaluating
ChatterBot Lima reevaluating
ChatterBot Hotel reevaluating
ChatterBot Echo reevaluating
ChatterBot Juliett reevaluating
ChatterBot Oscar reevaluating
ChatterBot Lima reevaluating
ChatterBot Hotel reevaluating
ChatterBot Echo reevaluating
ChatterBot Golf reevaluating
2024-10-14 20:36:33.058670 Mike: Lima, Echo and Golf, sending you 3
2024-10-14 20:36:33.075987 Oscar: We should drop Hotel
ChatterBot Lima reevaluating
ChatterBot Golf reevaluating
2024-10-14 20:36:33.092718 Mike: No
2024-10-14 20:36:33.092885 Lima: No
2024-10-14 20:36:33.093008 Echo: No
2024-10-14 20:36:33.093159 Golf: No
2024-10-14 20:36:33.093303 Juliett: No
ChatterBot Oscar reevaluating
ChatterBot Lima reevaluating
ChatterBot Golf reevaluating
ChatterBot Oscar reevaluating
ChatterBot Golf reevaluating
ChatterBot Oscar reevaluating
ChatterBot Lima reevaluating
ChatterBot Golf reevaluating
ChatterBot Oscar reevaluating
ChatterBot Lima reevaluating
ChatterBot Oscar reevaluating
ChatterBot Lima reevaluating
ChatterBot Golf reevaluating
2024-10-14 20:36:33.176923 Mike: Oscar, sending you 1
chatterbot Charlie submitting transactions
2024-10-14 20:36:33.191510 Sierra: Charlie, sending you 1
2024-10-14 20:36:33.193763 Oscar: We should drop Juliett
2024-10-14 20:36:33.216010 Mike: No
2024-10-14 20:36:33.216260 Lima: No
2024-10-14 20:36:33.216426 Hotel: No
2024-10-14 20:36:33.216618 Echo: No
2024-10-14 20:36:33.217238 Golf: No
ChatterBot Oscar reevaluating
ChatterBot Oscar reevaluating
ChatterBot Mike reevaluating
ChatterBot Oscar reevaluating
ChatterBot Mike reevaluating
ChatterBot Oscar reevaluating
ChatterBot Mike reevaluating
ChatterBot Oscar reevaluating
ChatterBot Mike reevaluating
2024-10-14 20:36:33.296079 Foxtrot: Charlie, sending you 3
2024-10-14 20:36:33.296596 Hotel: Mike and Golf, sending you 4
2024-10-14 20:36:33.299284 Sierra: Foxtrot, sending you 3
2024-10-14 20:36:33.300999 Foxtrot: Sierra, sending you 6
2024-10-14 20:36:33.302684 Juliett: Mike, Lima, Echo and Golf, sending you 3
2024-10-14 20:36:33.303677 Lima: Mike, Hotel, Echo and Juliett, sending you 1
2024-10-14 20:36:33.309826 Hotel: Lima, Echo and Juliett, sending you 3
2024-10-14 20:36:33.311250 Mike: We should drop Oscar
2024-10-14 20:36:33.426376 Lima: Yes
2024-10-14 20:36:33.427571 Hotel: Yes
2024-10-14 20:36:33.427970 Echo: Yes
2024-10-14 20:36:33.428353 Golf: Yes
2024-10-14 20:36:33.429233 Juliett: Yes
ChatterBot Mike reevaluating
ChatterBot Mike reevaluating
ChatterBot Mike reevaluating
ChatterBot Mike reevaluating
ChatterBot Mike reevaluating
2024-10-14 20:36:33.533303 Juliett: Hotel, sending you 1
2024-10-14 20:36:33.534341 Lima: Golf, sending you 2
chatterbot Foxtrot submitting transactions
chatterbot Sierra submitting transactions
chatterbot Mike submitting transactions
2024-10-14 20:36:33.538674 Golf: Mike, Lima and Juliett, sending you 4
2024-10-14 20:36:33.543703 Golf: Hotel, sending you 5
2024-10-14 20:36:33.547687 Golf: Echo, sending you 1
2024-10-14 20:36:33.557686 Oscar: Lima and Juliett, sending you 3
2024-10-14 20:36:33.570702 Oscar: Hotel, sending you 4
2024-10-14 20:36:33.574692 Oscar: Echo, sending you 2
2024-10-14 20:36:33.579674 Oscar: Golf, sending you 5
chatterbot Golf submitting transactions
chatterbot Lima submitting transactions
chatterbot Juliett submitting transactions
chatterbot Hotel submitting transactions
chatterbot Oscar submitting transactions
chatterbot Echo submitting transactions
ChatterBot Mike round 12
ChatterBot Charlie round 12
ChatterBot Lima round 12
ChatterBot Oscar round 12
ChatterBot Foxtrot round 12
ChatterBot Hotel round 12
ChatterBot Echo round 12
ChatterBot Sierra round 12
ChatterBot Golf round 12
ChatterBot Juliett round 12
2024-10-14 20:36:34.087722 Oscar: We should replace Lima with Mike
ChatterBot Hotel reevaluating
ChatterBot Golf reevaluating
ChatterBot Juliett reevaluating
2024-10-14 20:36:34.105904 Hotel: Yes
2024-10-14 20:36:34.106133 Echo: Yes
2024-10-14 20:36:34.106272 Golf: Yes
2024-10-14 20:36:34.106393 Juliett: Yes
ChatterBot Golf reevaluating
ChatterBot Juliett reevaluating
ChatterBot Hotel reevaluating
ChatterBot Golf reevaluating
ChatterBot Juliett reevaluating
ChatterBot Hotel reevaluating
ChatterBot Juliett reevaluating
ChatterBot Hotel reevaluating
ChatterBot Golf reevaluating
2024-10-14 20:36:34.175599 Echo: We should drop Lima
ChatterBot Mike reevaluating
ChatterBot Hotel reevaluating
ChatterBot Golf reevaluating
ChatterBot Juliett reevaluating
2024-10-14 20:36:34.191074 Mike: No
2024-10-14 20:36:34.191216 Hotel: Yes
2024-10-14 20:36:34.191311 Golf: Yes
2024-10-14 20:36:34.191419 Juliett: Yes
ChatterBot Hotel reevaluating
ChatterBot Golf reevaluating
ChatterBot Juliett reevaluating
ChatterBot Mike reevaluating
ChatterBot Golf reevaluating
ChatterBot Juliett reevaluating
ChatterBot Mike reevaluating
ChatterBot Hotel reevaluating
ChatterBot Juliett reevaluating
ChatterBot Mike reevaluating
ChatterBot Hotel reevaluating
ChatterBot Golf reevaluating
2024-10-14 20:36:34.251022 Oscar: Mike we want you to join our group
ChatterBot Mike reevaluating
2024-10-14 20:36:34.256609 Mike: No
ChatterBot Oscar reevaluating
ChatterBot Hotel reevaluating
ChatterBot Golf reevaluating
ChatterBot Juliett reevaluating
2024-10-14 20:36:34.281906 Foxtrot: Charlie, sending you 3
2024-10-14 20:36:34.283126 Lima: Mike, Hotel and Golf, sending you 4
2024-10-14 20:36:34.285949 Oscar: We should drop Lima
2024-10-14 20:36:34.308150 Hotel: Yes
2024-10-14 20:36:34.308409 Echo: Yes
2024-10-14 20:36:34.308587 Golf: Yes
2024-10-14 20:36:34.308745 Juliett: Yes
ChatterBot Oscar reevaluating
ChatterBot Oscar reevaluating
ChatterBot Oscar reevaluating
ChatterBot Oscar reevaluating
2024-10-14 20:36:34.369235 Foxtrot: Sierra, sending you 5
2024-10-14 20:36:34.369853 Lima: Echo and Juliett, sending you 3
2024-10-14 20:36:34.376688 Sierra: Charlie, sending you 1
2024-10-14 20:36:34.381694 Sierra: Foxtrot, sending you 3
2024-10-14 20:36:34.384878 Hotel: Mike and Golf, sending you 5
2024-10-14 20:36:34.386767 Golf: Mike, sending you 4
2024-10-14 20:36:34.387702 Hotel: Echo, sending you 4
2024-10-14 20:36:34.390678 Hotel: Juliett, sending you 3
2024-10-14 20:36:34.391686 Golf: Hotel, sending you 6
2024-10-14 20:36:34.392681 Juliett: Mike, Hotel and Echo, sending you 3
2024-10-14 20:36:34.396684 Golf: Echo, sending you 3
2024-10-14 20:36:34.398037 Juliett: Golf, sending you 4
2024-10-14 20:36:34.401695 Golf: Juliett, sending you 5
chatterbot Mike submitting transactions
chatterbot Echo submitting transactions
chatterbot Mike submitting transactions
chatterbot Foxtrot submitting transactions
chatterbot Hotel submitting transactions
chatterbot Lima submitting transactions
chatterbot Golf submitting transactions
chatterbot Charlie submitting transactions
chatterbot Sierra submitting transactions
chatterbot Juliett submitting transactions
chatterbot Oscar submitting transactions
ChatterBot Mike round 13
ChatterBot Charlie round 13
ChatterBot Lima round 13
ChatterBot Oscar round 13
ChatterBot Foxtrot round 13
ChatterBot Hotel round 13
ChatterBot Echo round 13
ChatterBot Sierra round 13
ChatterBot Golf round 13
ChatterBot Juliett round 13
2024-10-14 20:36:35.639128 Oscar: We should drop Echo
ChatterBot Mike reevaluating
2024-10-14 20:36:35.650965 Mike: No
2024-10-14 20:36:35.651157 Hotel: No
2024-10-14 20:36:35.651606 Golf: No
2024-10-14 20:36:35.651730 Juliett: No
ChatterBot Oscar reevaluating
ChatterBot Oscar reevaluating
ChatterBot Mike reevaluating
ChatterBot Oscar reevaluating
ChatterBot Mike reevaluating
ChatterBot Oscar reevaluating
ChatterBot Mike reevaluating
2024-10-14 20:36:35.703779 Charlie: We should drop Sierra
2024-10-14 20:36:35.707504 Foxtrot: No
ChatterBot Charlie reevaluating
2024-10-14 20:36:35.711059 Charlie: We should add Echo
2024-10-14 20:36:35.718737 Sierra: No
