ChatterBot Alpha round 1
ChatterBot Foxtrot round 1
ChatterBot Hotel round 1
ChatterBot Juliett round 1
ChatterBot Whiskey round 1
ChatterBot Tango round 1
ChatterBot Oscar round 1
ChatterBot Sierra round 1
ChatterBot X-ray round 1
ChatterBot Delta round 1
randomSelections Tango: {Tango, Hotel, X-ray, Alpha, Whiskey, Sierra, Delta, Juliett} 
2024-10-14 20:36:18.218601 Tango: We would work well together
ChatterBot Hotel reevaluating
ChatterBot X-ray reevaluating
ChatterBot Alpha reevaluating
ChatterBot Whiskey reevaluating
ChatterBot Sierra reevaluating
ChatterBot Delta reevaluating
ChatterBot Juliett reevaluating
2024-10-14 20:36:18.234171 Hotel: Yes
2024-10-14 20:36:18.234386 X-ray: Yes
2024-10-14 20:36:18.235120 Alpha: Yes
2024-10-14 20:36:18.235303 Whiskey: Yes
2024-10-14 20:36:18.235533 Sierra: Yes
2024-10-14 20:36:18.235759 Delta: Yes
2024-10-14 20:36:18.235987 Juliett: Yes
ChatterBot X-ray reevaluating
ChatterBot Alpha reevaluating
ChatterBot Whiskey reevaluating
ChatterBot Sierra reevaluating
ChatterBot Delta reevaluating
ChatterBot Juliett reevaluating
ChatterBot Hotel reevaluating
ChatterBot Alpha reevaluating
ChatterBot Whiskey reevaluating
ChatterBot Sierra reevaluating
ChatterBot Delta reevaluating
ChatterBot Juliett reevaluating
ChatterBot Hotel reevaluating
ChatterBot X-ray reevaluating
ChatterBot Whiskey reevaluating
ChatterBot Sierra reevaluating
ChatterBot Delta reevaluating
ChatterBot Juliett reevaluating
ChatterBot Hotel reevaluating
ChatterBot X-ray reevaluating
ChatterBot Alpha reevaluating
ChatterBot Sierra reevaluating
ChatterBot Delta reevaluating
ChatterBot Juliett reevaluating
ChatterBot Hotel reevaluating
ChatterBot X-ray reevaluating
ChatterBot Alpha reevaluating
ChatterBot Whiskey reevaluating
ChatterBot Delta reevaluating
ChatterBot Juliett reevaluating
ChatterBot Hotel reevaluating
ChatterBot X-ray reevaluating
ChatterBot Alpha reevaluating
ChatterBot Whiskey reevaluating
ChatterBot Sierra reevaluating
ChatterBot Juliett reevaluating
ChatterBot Hotel reevaluating
ChatterBot X-ray reevaluating
ChatterBot Alpha reevaluating
ChatterBot Whiskey reevaluating
ChatterBot Sierra reevaluating
ChatterBot Delta reevaluating
randomSelections Foxtrot: {Foxtrot, X-ray, Whiskey, Tango, Sierra} 
2024-10-14 20:36:18.371889 Foxtrot: Group up?
ChatterBot X-ray reevaluating
ChatterBot Whiskey reevaluating
ChatterBot Sierra reevaluating
2024-10-14 20:36:18.381385 X-ray: No
2024-10-14 20:36:18.381590 Whiskey: No
2024-10-14 20:36:18.382805 Tango: No
2024-10-14 20:36:18.383054 Sierra: No
ChatterBot Whiskey reevaluating
ChatterBot Sierra reevaluating
ChatterBot X-ray reevaluating
ChatterBot Sierra reevaluating
ChatterBot X-ray reevaluating
ChatterBot Whiskey reevaluating
ChatterBot Sierra reevaluating
ChatterBot X-ray reevaluating
ChatterBot Whiskey reevaluating
randomSelections Oscar: {Oscar, Alpha, Delta, Hotel, Whiskey, Foxtrot} 
2024-10-14 20:36:18.441059 Oscar: We would work well together
ChatterBot Alpha reevaluating
ChatterBot Delta reevaluating
ChatterBot Hotel reevaluating
ChatterBot Whiskey reevaluating
2024-10-14 20:36:18.453821 Alpha: No
2024-10-14 20:36:18.454005 Delta: No
2024-10-14 20:36:18.454543 Hotel: No
2024-10-14 20:36:18.454707 Whiskey: No
2024-10-14 20:36:18.454857 Foxtrot: No
ChatterBot Delta reevaluating
ChatterBot Hotel reevaluating
ChatterBot Whiskey reevaluating
ChatterBot Alpha reevaluating
ChatterBot Hotel reevaluating
ChatterBot Whiskey reevaluating
ChatterBot Alpha reevaluating
ChatterBot Delta reevaluating
ChatterBot Whiskey reevaluating
ChatterBot Alpha reevaluating
ChatterBot Delta reevaluating
ChatterBot Hotel reevaluating
ChatterBot Alpha reevaluating
ChatterBot Delta reevaluating
ChatterBot Hotel reevaluating
ChatterBot Whiskey reevaluating
2024-10-14 20:36:18.519603 Foxtrot: Whiskey, sending you 2
2024-10-14 20:36:18.519939 Sierra: Juliett, X-ray and Delta, sending you 2
2024-10-14 20:36:18.520722 Oscar: Alpha, sending you 1
2024-10-14 20:36:18.522659 Foxtrot: Tango, sending you 4
2024-10-14 20:36:18.523699 Sierra: Whiskey, sending you 4
2024-10-14 20:36:18.524100 Oscar: Foxtrot and Whiskey, sending you 2
2024-10-14 20:36:18.525187 Tango: Alpha, Hotel and Delta, sending you 2
2024-10-14 20:36:18.525577 Juliett: Alpha, Hotel, Sierra and X-ray, sending you 3
2024-10-14 20:36:18.525958 Whiskey: Alpha and Sierra, sending you 3
2024-10-14 20:36:18.527035 Alpha: Hotel, Juliett and Sierra, sending you 3
2024-10-14 20:36:18.527360 X-ray: Alpha, Hotel and Whiskey, sending you 1
2024-10-14 20:36:18.527720 Foxtrot: Sierra, sending you 5
2024-10-14 20:36:18.528710 Oscar: Hotel, sending you 3
2024-10-14 20:36:18.529221 Delta: Hotel, Whiskey and Tango, sending you 1
2024-10-14 20:36:18.530397 Sierra: Tango, sending you 3
2024-10-14 20:36:18.530777 Tango: Juliett, Whiskey and X-ray, sending you 1
2024-10-14 20:36:18.531178 Juliett: Tango, sending you 1
2024-10-14 20:36:18.532238 Hotel: Alpha, Whiskey, X-ray and Delta, sending you 2
2024-10-14 20:36:18.532627 Alpha: Whiskey and X-ray, sending you 2
2024-10-14 20:36:18.532956 Whiskey: Hotel and Delta, sending you 1
2024-10-14 20:36:18.534047 X-ray: Juliett, Tango, Sierra and Delta, sending you 3
2024-10-14 20:36:18.534556 Foxtrot: X-ray, sending you 7
2024-10-14 20:36:18.535333 Oscar: Delta, sending you 4
2024-10-14 20:36:18.535643 Delta: Juliett and X-ray, sending you 3
2024-10-14 20:36:18.536114 Juliett: Delta, sending you 2
2024-10-14 20:36:18.537092 Hotel: Juliett, Tango and Sierra, sending you 1
2024-10-14 20:36:18.537548 Alpha: Tango, sending you 4
2024-10-14 20:36:18.541549 Whiskey: Juliett and Tango, sending you 2
2024-10-14 20:36:18.542057 Delta: Sierra, sending you 4
2024-10-14 20:36:18.542957 Alpha: Delta, sending you 1
2024-10-14 20:36:18.546128 Whiskey: X-ray, sending you 5
chatterbot Oscar submitting transactions
chatterbot Sierra submitting transactions
chatterbot Hotel submitting transactions
chatterbot X-ray submitting transactions
chatterbot Delta submitting transactions
chatterbot Juliett submitting transactions
chatterbot Whiskey submitting transactions
chatterbot Tango submitting transactions
chatterbot Alpha submitting transactions
chatterbot Foxtrot submitting transactions
ChatterBot Alpha round 2
ChatterBot Foxtrot round 2
ChatterBot Hotel round 2
ChatterBot Juliett round 2
ChatterBot Whiskey round 2
ChatterBot Tango round 2
ChatterBot Oscar round 2
ChatterBot Sierra round 2
ChatterBot X-ray round 2
ChatterBot Delta round 2
2024-10-14 20:36:19.839286 Foxtrot: We would work well together
ChatterBot Oscar reevaluating
2024-10-14 20:36:19.845622 Oscar: Yes
2024-10-14 20:36:19.850990 Oscar: Friends?
2024-10-14 20:36:19.856289 Foxtrot: Yes
ChatterBot Oscar reevaluating
2024-10-14 20:36:19.875595 Hotel: We should add Foxtrot and Oscar
ChatterBot Tango reevaluating
ChatterBot X-ray reevaluating
ChatterBot Whiskey reevaluating
ChatterBot Sierra reevaluating
ChatterBot Delta reevaluating
2024-10-14 20:36:19.910850 Tango: No
2024-10-14 20:36:19.911081 X-ray: No
2024-10-14 20:36:19.911649 Alpha: No
2024-10-14 20:36:19.911782 Whiskey: Yes
2024-10-14 20:36:19.911894 Sierra: No
2024-10-14 20:36:19.912016 Delta: No
2024-10-14 20:36:19.912151 Juliett: No
ChatterBot Hotel reevaluating
ChatterBot X-ray reevaluating
ChatterBot Whiskey reevaluating
ChatterBot Sierra reevaluating
ChatterBot Delta reevaluating
ChatterBot Tango reevaluating
ChatterBot Hotel reevaluating
ChatterBot Whiskey reevaluating
ChatterBot Sierra reevaluating
ChatterBot Delta reevaluating
ChatterBot Tango reevaluating
ChatterBot Hotel reevaluating
ChatterBot X-ray reevaluating
ChatterBot Whiskey reevaluating
ChatterBot Sierra reevaluating
ChatterBot Delta reevaluating
ChatterBot Tango reevaluating
ChatterBot Hotel reevaluating
ChatterBot X-ray reevaluating
ChatterBot Sierra reevaluating
ChatterBot Delta reevaluating
ChatterBot Tango reevaluating
ChatterBot Hotel reevaluating
ChatterBot X-ray reevaluating
ChatterBot Whiskey reevaluating
ChatterBot Delta reevaluating
ChatterBot Tango reevaluating
ChatterBot Hotel reevaluating
ChatterBot X-ray reevaluating
ChatterBot Whiskey reevaluating
ChatterBot Sierra reevaluating
ChatterBot Tango reevaluating
ChatterBot Hotel reevaluating
ChatterBot X-ray reevaluating
ChatterBot Whiskey reevaluating
ChatterBot Sierra reevaluating
ChatterBot Delta reevaluating
2024-10-14 20:36:20.128079 X-ray: We should add Foxtrot
2024-10-14 20:36:20.128478 Whiskey: We should add Foxtrot
2024-10-14 20:36:20.128848 Sierra: We should add Foxtrot
ChatterBot Tango reevaluating
ChatterBot Hotel reevaluating
ChatterBot Whiskey reevaluating
ChatterBot Sierra reevaluating
ChatterBot Delta reevaluating
2024-10-14 20:36:20.170065 Tango: Yes
ChatterBot Tango reevaluating
2024-10-14 20:36:20.176362 Hotel: No
ChatterBot Hotel reevaluating
ChatterBot X-ray reevaluating
2024-10-14 20:36:20.188354 Alpha: No
2024-10-14 20:36:20.193979 Whiskey: Yes
2024-10-14 20:36:20.194225 Sierra: Yes
ChatterBot Sierra reevaluating
2024-10-14 20:36:20.200901 Delta: No
ChatterBot Delta reevaluating
2024-10-14 20:36:20.207177 Juliett: No
2024-10-14 20:36:20.212429 Tango: Yes
ChatterBot Tango reevaluating
2024-10-14 20:36:20.218548 Hotel: No
ChatterBot Hotel reevaluating
2024-10-14 20:36:20.225418 X-ray: Yes
ChatterBot X-ray reevaluating
2024-10-14 20:36:20.231701 Alpha: No
ChatterBot Whiskey reevaluating
2024-10-14 20:36:20.244042 Sierra: Yes
2024-10-14 20:36:20.244295 Delta: No
ChatterBot Delta reevaluating
2024-10-14 20:36:20.251229 Juliett: No
2024-10-14 20:36:20.256678 Tango: Yes
2024-10-14 20:36:20.257233 Hotel: No
ChatterBot Hotel reevaluating
2024-10-14 20:36:20.263827 X-ray: Yes
ChatterBot X-ray reevaluating
2024-10-14 20:36:20.271043 Alpha: No
2024-10-14 20:36:20.276405 Whiskey: Yes
ChatterBot Whiskey reevaluating
ChatterBot Sierra reevaluating
2024-10-14 20:36:20.289878 Delta: No
ChatterBot Delta reevaluating
2024-10-14 20:36:20.296159 Juliett: No
ChatterBot Tango reevaluating
ChatterBot X-ray reevaluating
ChatterBot Whiskey reevaluating
ChatterBot Sierra reevaluating
ChatterBot Delta reevaluating
ChatterBot Tango reevaluating
ChatterBot Hotel reevaluating
ChatterBot X-ray reevaluating
ChatterBot Whiskey reevaluating
ChatterBot Sierra reevaluating
ChatterBot Delta reevaluating
ChatterBot Tango reevaluating
ChatterBot Hotel reevaluating
ChatterBot X-ray reevaluating
ChatterBot Sierra reevaluating
ChatterBot Delta reevaluating
ChatterBot Tango reevaluating
ChatterBot Hotel reevaluating
ChatterBot X-ray reevaluating
ChatterBot Whiskey reevaluating
ChatterBot Delta reevaluating
ChatterBot Tango reevaluating
ChatterBot Hotel reevaluating
ChatterBot X-ray reevaluating
ChatterBot Whiskey reevaluating
ChatterBot Sierra reevaluating
ChatterBot Tango reevaluating
ChatterBot Hotel reevaluating
ChatterBot X-ray reevaluating
ChatterBot Whiskey reevaluating
ChatterBot Sierra reevaluating
ChatterBot Delta reevaluating
ChatterBot Hotel reevaluating
ChatterBot X-ray reevaluating
ChatterBot Whiskey reevaluating
ChatterBot Sierra reevaluating
ChatterBot Delta reevaluating
ChatterBot Tango reevaluating
ChatterBot X-ray reevaluating
ChatterBot Whiskey reevaluating
ChatterBot Sierra reevaluating
ChatterBot Delta reevaluating
ChatterBot Tango reevaluating
ChatterBot Hotel reevaluating
ChatterBot Whiskey reevaluating
ChatterBot Sierra reevaluating
ChatterBot Delta reevaluating
ChatterBot Tango reevaluating
ChatterBot Hotel reevaluating
ChatterBot X-ray reevaluating
ChatterBot Whiskey reevaluating
ChatterBot Sierra reevaluating
ChatterBot Delta reevaluating
ChatterBot Tango reevaluating
ChatterBot Hotel reevaluating
ChatterBot X-ray reevaluating
ChatterBot Whiskey reevaluating
ChatterBot Delta reevaluating
ChatterBot Tango reevaluating
ChatterBot Hotel reevaluating
ChatterBot X-ray reevaluating
ChatterBot Whiskey reevaluating
ChatterBot Sierra reevaluating
ChatterBot Tango reevaluating
ChatterBot Hotel reevaluating
ChatterBot X-ray reevaluating
ChatterBot Whiskey reevaluating
ChatterBot Sierra reevaluating
ChatterBot Delta reevaluating
ChatterBot Hotel reevaluating
ChatterBot X-ray reevaluating
ChatterBot Whiskey reevaluating
ChatterBot Sierra reevaluating
ChatterBot Delta reevaluating
ChatterBot Tango reevaluating
ChatterBot X-ray reevaluating
ChatterBot Whiskey reevaluating
ChatterBot Sierra reevaluating
ChatterBot Delta reevaluating
ChatterBot Tango reevaluating
ChatterBot Hotel reevaluating
ChatterBot Whiskey reevaluating
ChatterBot Sierra reevaluating
ChatterBot Delta reevaluating
ChatterBot Tango reevaluating
ChatterBot Hotel reevaluating
ChatterBot X-ray reevaluating
ChatterBot Whiskey reevaluating
ChatterBot Sierra reevaluating
ChatterBot Delta reevaluating
ChatterBot Tango reevaluating
ChatterBot Hotel reevaluating
ChatterBot X-ray reevaluating
ChatterBot Sierra reevaluating
ChatterBot Delta reevaluating
ChatterBot Tango reevaluating
ChatterBot Hotel reevaluating
ChatterBot X-ray reevaluating
ChatterBot Whiskey reevaluating
ChatterBot Sierra reevaluating
ChatterBot Tango reevaluating
ChatterBot Hotel reevaluating
ChatterBot X-ray reevaluating
ChatterBot Whiskey reevaluating
ChatterBot Sierra reevaluating
ChatterBot Delta reevaluating
2024-10-14 20:36:21.039805 Alpha: Hotel, Juliett, Whiskey, Tango and X-ray, sending you 3
2024-10-14 20:36:21.041109 Whiskey: Foxtrot we want you to join our group
2024-10-14 20:36:21.044585 Foxtrot: No
ChatterBot Whiskey reevaluating
ChatterBot Hotel reevaluating
ChatterBot Tango reevaluating
2024-10-14 20:36:21.072919 X-ray: Foxtrot we want you to join our group
2024-10-14 20:36:21.076936 Foxtrot: No
ChatterBot Whiskey reevaluating
2024-10-14 20:36:21.103247 Sierra: Foxtrot we want you to join our group
2024-10-14 20:36:21.107513 Foxtrot: No
ChatterBot Whiskey reevaluating
ChatterBot Hotel reevaluating
2024-10-14 20:36:21.133628 Alpha: Sierra and Delta, sending you 2
2024-10-14 20:36:21.134621 Juliett: Alpha, sending you 3
2024-10-14 20:36:21.135237 Tango: Foxtrot we want you to join our group
2024-10-14 20:36:21.139153 Foxtrot: No
ChatterBot Whiskey reevaluating
ChatterBot Hotel reevaluating
2024-10-14 20:36:21.166591 Delta: Alpha, Hotel, Juliett, Tango, Sierra and X-ray, sending you 2
2024-10-14 20:36:21.167248 Foxtrot: Sending you 11
2024-10-14 20:36:21.167909 Juliett: Hotel, Whiskey, Tango, Sierra, X-ray and Delta, sending you 2
chatterbot Juliett submitting transactions
2024-10-14 20:36:21.177635 Oscar: Sending you 9
2024-10-14 20:36:21.178390 Whiskey: Foxtrot and Oscar we want you to join our group
2024-10-14 20:36:21.184691 Foxtrot: No
2024-10-14 20:36:21.184847 Oscar: No
ChatterBot Whiskey reevaluating
ChatterBot Hotel reevaluating
ChatterBot Whiskey reevaluating
ChatterBot Hotel reevaluating
2024-10-14 20:36:21.336459 Delta: Whiskey, sending you 1
2024-10-14 20:36:21.363565 Sierra: Alpha, Foxtrot, Juliett, Whiskey, X-ray and Delta, sending you 2
2024-10-14 20:36:21.365032 Hotel: Foxtrot we want you to join our group
2024-10-14 20:36:21.371169 Foxtrot: No
ChatterBot Whiskey reevaluating
ChatterBot Hotel reevaluating
2024-10-14 20:36:21.417075 X-ray: Alpha, Hotel, Juliett, Sierra and Delta, sending you 2
2024-10-14 20:36:21.418401 Tango: Alpha and Foxtrot, sending you 2
2024-10-14 20:36:21.419745 Sierra: Hotel, sending you 1
2024-10-14 20:36:21.420911 X-ray: Foxtrot and Whiskey, sending you 3
2024-10-14 20:36:21.532137 Tango: Hotel, Juliett, Whiskey, Sierra and X-ray, sending you 1
chatterbot Sierra submitting transactions
chatterbot Delta submitting transactions
chatterbot Tango submitting transactions
2024-10-14 20:36:21.695555 Whiskey: Alpha, Foxtrot, Hotel, Juliett, Tango, X-ray and Delta, sending you 2
2024-10-14 20:36:21.696300 Hotel: Alpha and Juliett, sending you 4
2024-10-14 20:36:21.730465 Whiskey: Sierra, sending you 3
2024-10-14 20:36:21.731091 Hotel: Foxtrot, sending you 1
2024-10-14 20:36:21.759645 Hotel: Whiskey, X-ray and Delta, sending you 2
2024-10-14 20:36:21.781135 Hotel: Tango, sending you 3
chatterbot Foxtrot submitting transactions
chatterbot Hotel submitting transactions
chatterbot Oscar submitting transactions
chatterbot Alpha submitting transactions
chatterbot X-ray submitting transactions
chatterbot Whiskey submitting transactions
ChatterBot Alpha round 3
ChatterBot Foxtrot round 3
ChatterBot Hotel round 3
ChatterBot Juliett round 3
ChatterBot Whiskey round 3
ChatterBot Tango round 3
ChatterBot Oscar round 3
ChatterBot Sierra round 3
ChatterBot X-ray round 3
ChatterBot Delta round 3
2024-10-14 20:36:22.458948 Foxtrot: We should add Tango
ChatterBot Oscar reevaluating
2024-10-14 20:36:22.462143 Oscar: No
2024-10-14 20:36:22.489892 X-ray: We should drop Foxtrot
2024-10-14 20:36:22.507386 Tango: Yes
2024-10-14 20:36:22.507580 Hotel: Yes
2024-10-14 20:36:22.507742 Alpha: Yes
2024-10-14 20:36:22.507909 Whiskey: Yes
2024-10-14 20:36:22.508055 Sierra: Yes
2024-10-14 20:36:22.508654 Delta: Yes
2024-10-14 20:36:22.508777 Juliett: Yes
2024-10-14 20:36:22.630852 Foxtrot: Tango we want you to join our group
2024-10-14 20:36:22.633196 Tango: No
ChatterBot Oscar reevaluating
2024-10-14 20:36:22.639858 Delta: We should drop Tango
2024-10-14 20:36:22.654093 Alpha: No
2024-10-14 20:36:22.654235 Hotel: No
2024-10-14 20:36:22.654328 Juliett: No
2024-10-14 20:36:22.654449 Whiskey: No
2024-10-14 20:36:22.654582 Sierra: No
2024-10-14 20:36:22.654693 X-ray: No
chatterbot Juliett submitting transactions
2024-10-14 20:36:22.847678 Foxtrot: Tango, sending you 8
2024-10-14 20:36:22.849251 Juliett: Alpha, sending you 3
2024-10-14 20:36:22.850336 Delta: Alpha, Hotel, Juliett, Whiskey and Sierra, sending you 2
2024-10-14 20:36:22.851543 Oscar: Sending you 10
2024-10-14 20:36:22.852015 Alpha: Hotel, Juliett, Whiskey, Tango, Sierra and X-ray, sending you 3
2024-10-14 20:36:22.853112 Foxtrot: Oscar, sending you 9
2024-10-14 20:36:22.854713 Juliett: Hotel, Whiskey, Tango, Sierra, X-ray and Delta, sending you 2
2024-10-14 20:36:22.856311 Delta: X-ray, sending you 3
2024-10-14 20:36:22.857661 X-ray: Alpha, Hotel, Juliett, Tango, Sierra and Delta, sending you 2
2024-10-14 20:36:22.859242 Hotel: Alpha, sending you 5
2024-10-14 20:36:22.860790 Alpha: Delta, sending you 1
2024-10-14 20:36:22.868549 X-ray: Whiskey, sending you 4
2024-10-14 20:36:22.870354 Hotel: Juliett and X-ray, sending you 3
2024-10-14 20:36:22.874676 Tango: Alpha, sending you 3
2024-10-14 20:36:22.878411 Hotel: Whiskey, Tango and Delta, sending you 2
2024-10-14 20:36:22.880134 Sierra: Alpha, Juliett, X-ray and Delta, sending you 2
2024-10-14 20:36:22.881520 Whiskey: Alpha, Sierra and X-ray, sending you 3
2024-10-14 20:36:22.882906 Tango: Hotel, Juliett, Whiskey, Sierra, X-ray and Delta, sending you 1
2024-10-14 20:36:22.884293 Hotel: Sierra, sending you 1
2024-10-14 20:36:22.886114 Sierra: Hotel and Tango, sending you 1
2024-10-14 20:36:22.888282 Whiskey: Hotel, Juliett, Tango and Delta, sending you 2
2024-10-14 20:36:22.893781 Sierra: Whiskey, sending you 3
chatterbot Sierra submitting transactions
chatterbot Tango submitting transactions
chatterbot X-ray submitting transactions
chatterbot Alpha submitting transactions
chatterbot Whiskey submitting transactions
chatterbot Delta submitting transactions
chatterbot Hotel submitting transactions
chatterbot Foxtrot submitting transactions
chatterbot Oscar submitting transactions
ChatterBot Alpha round 4
ChatterBot Foxtrot round 4
ChatterBot Hotel round 4
ChatterBot Juliett round 4
ChatterBot Whiskey round 4
ChatterBot Tango round 4
ChatterBot Oscar round 4
ChatterBot Sierra round 4
ChatterBot X-ray round 4
ChatterBot Delta round 4
2024-10-14 20:36:23.956700 Foxtrot: Tango, sending you 7
2024-10-14 20:36:23.959704 Foxtrot: Oscar, sending you 10
2024-10-14 20:36:23.961737 Alpha: Hotel, Juliett, Whiskey, Tango, Sierra and X-ray, sending you 3
2024-10-14 20:36:23.964687 Juliett: Alpha, sending you 3
2024-10-14 20:36:23.967263 Hotel: Alpha, sending you 4
2024-10-14 20:36:23.968376 Alpha: Delta, sending you 1
2024-10-14 20:36:23.970442 Sierra: Alpha, Juliett, X-ray and Delta, sending you 2
2024-10-14 20:36:23.972667 Tango: Alpha, sending you 3
2024-10-14 20:36:23.974103 X-ray: Alpha, Hotel, Juliett, Tango, Sierra and Delta, sending you 2
2024-10-14 20:36:23.977953 Juliett: Hotel, Whiskey, Tango, Sierra, X-ray and Delta, sending you 2
2024-10-14 20:36:23.989206 Hotel: Juliett, X-ray and Delta, sending you 3
2024-10-14 20:36:23.991451 Sierra: Hotel and Tango, sending you 1
2024-10-14 20:36:23.993795 Whiskey: Alpha, Hotel, Juliett, Tango and Delta, sending you 2
2024-10-14 20:36:23.996577 Oscar: Sending you 9
2024-10-14 20:36:23.997800 Tango: Hotel, Juliett, Whiskey, Sierra, X-ray and Delta, sending you 1
2024-10-14 20:36:23.999760 X-ray: Whiskey, sending you 4
2024-10-14 20:36:24.002403 Hotel: Whiskey and Tango, sending you 2
2024-10-14 20:36:24.004281 Sierra: Whiskey, sending you 3
2024-10-14 20:36:24.004969 Whiskey: Sierra, sending you 3
2024-10-14 20:36:24.005875 Delta: Alpha, Hotel, Juliett, Whiskey and Sierra, sending you 2
2024-10-14 20:36:24.007010 Hotel: Sierra, sending you 1
2024-10-14 20:36:24.010705 Whiskey: X-ray, sending you 4
2024-10-14 20:36:24.012462 Delta: X-ray, sending you 3
chatterbot Whiskey submitting transactions
chatterbot X-ray submitting transactions
chatterbot Foxtrot submitting transactions
chatterbot Alpha submitting transactions
chatterbot Tango submitting transactions
chatterbot Sierra submitting transactions
chatterbot Juliett submitting transactions
chatterbot Hotel submitting transactions
chatterbot Oscar submitting transactions
chatterbot Delta submitting transactions
ChatterBot Alpha round 5
ChatterBot Foxtrot round 5
ChatterBot Hotel round 5
ChatterBot Juliett round 5
ChatterBot Whiskey round 5
ChatterBot Tango round 5
ChatterBot Oscar round 5
ChatterBot Sierra round 5
ChatterBot X-ray round 5
ChatterBot Delta round 5
2024-10-14 20:36:24.993656 Hotel: Alpha, sending you 4
2024-10-14 20:36:24.996679 Foxtrot: Tango, sending you 7
2024-10-14 20:36:24.996992 X-ray: Alpha, Hotel, Juliett, Tango, Sierra and Delta, sending you 2
2024-10-14 20:36:24.997690 Oscar: Same as last round
2024-10-14 20:36:24.998675 Hotel: Juliett, Whiskey, X-ray and Delta, sending you 3
2024-10-14 20:36:24.999678 Tango: Alpha, sending you 3
2024-10-14 20:36:25.000428 X-ray: Whiskey, sending you 4
2024-10-14 20:36:25.001050 Juliett: Alpha, sending you 3
2024-10-14 20:36:25.002104 Alpha: Hotel, Juliett, Whiskey, Tango, Sierra and X-ray, sending you 3
2024-10-14 20:36:25.002810 Foxtrot: Oscar, sending you 11
2024-10-14 20:36:25.003053 Whiskey: Alpha, Hotel, Juliett, Tango and Delta, sending you 2
2024-10-14 20:36:25.003676 Hotel: Tango, sending you 2
2024-10-14 20:36:25.004677 Tango: Hotel, Juliett, Whiskey, Sierra, X-ray and Delta, sending you 1
2024-10-14 20:36:25.005601 Juliett: Hotel, Whiskey, Tango, Sierra, X-ray and Delta, sending you 2
2024-10-14 20:36:25.007665 Alpha: Delta, sending you 1
2024-10-14 20:36:25.008590 Whiskey: Sierra, sending you 3
2024-10-14 20:36:25.009274 Sierra: Alpha, Juliett, X-ray and Delta, sending you 2
2024-10-14 20:36:25.011664 Whiskey: X-ray, sending you 4
2024-10-14 20:36:25.014686 Sierra: Hotel and Tango, sending you 1
2024-10-14 20:36:25.015698 Delta: Alpha, Hotel, Juliett, Whiskey and Sierra, sending you 2
2024-10-14 20:36:25.018683 Sierra: Whiskey, sending you 3
2024-10-14 20:36:25.020669 Delta: X-ray, sending you 3
chatterbot Hotel submitting transactions
chatterbot X-ray submitting transactions
chatterbot Foxtrot submitting transactions
chatterbot Sierra submitting transactions
chatterbot Juliett submitting transactions
chatterbot Delta submitting transactions
chatterbot Whiskey submitting transactions
chatterbot Tango submitting transactions
chatterbot Oscar submitting transactions
chatterbot Alpha submitting transactions
ChatterBot Alpha round 6
ChatterBot Foxtrot round 6
ChatterBot Hotel round 6
ChatterBot Juliett round 6
ChatterBot Whiskey round 6
ChatterBot Tango round 6
ChatterBot Oscar round 6
ChatterBot Sierra round 6
ChatterBot X-ray round 6
ChatterBot Delta round 6
2024-10-14 20:36:26.200691 Juliett: Alpha, sending you 3
2024-10-14 20:36:26.201808 Alpha: Hotel, Juliett, Whiskey, Tango, Sierra and X-ray, sending you 3
2024-10-14 20:36:26.204670 Foxtrot: Tango, sending you 7
2024-10-14 20:36:26.205690 Juliett: Hotel, Whiskey, Tango, Sierra, X-ray and Delta, sending you 2
2024-10-14 20:36:26.206908 X-ray: Alpha, Hotel, Juliett, Tango, Sierra and Delta, sending you 2
2024-10-14 20:36:26.207693 Alpha: Delta, sending you 1
2024-10-14 20:36:26.209668 Foxtrot: Oscar, sending you 11
2024-10-14 20:36:26.210692 X-ray: Whiskey, sending you 4
2024-10-14 20:36:26.214657 Tango: Alpha, sending you 3
2024-10-14 20:36:26.215675 Oscar: Sending you 8
2024-10-14 20:36:26.216547 Hotel: Alpha, sending you 4
2024-10-14 20:36:26.217466 Delta: Alpha, Juliett, Whiskey, Sierra and X-ray, sending you 2
2024-10-14 20:36:26.217920 Whiskey: Alpha, Hotel, Juliett, Tango and Delta, sending you 2
2024-10-14 20:36:26.218693 Sierra: Alpha, Juliett, X-ray and Delta, sending you 2
2024-10-14 20:36:26.220232 Tango: Hotel, Juliett, Whiskey, Sierra, X-ray and Delta, sending you 1
2024-10-14 20:36:26.221075 Whiskey: Sierra, sending you 3
2024-10-14 20:36:26.221923 Hotel: Juliett, Whiskey, X-ray and Delta, sending you 3
2024-10-14 20:36:26.223498 Delta: Hotel, sending you 3
2024-10-14 20:36:26.224665 Sierra: Hotel and Tango, sending you 1
2024-10-14 20:36:26.226665 Whiskey: X-ray, sending you 4
2024-10-14 20:36:26.228354 Hotel: Tango, sending you 2
2024-10-14 20:36:26.229863 Sierra: Whiskey, sending you 3
chatterbot Whiskey submitting transactions
chatterbot Sierra submitting transactions
chatterbot Hotel submitting transactions
chatterbot Oscar submitting transactions
chatterbot Juliett submitting transactions
chatterbot Tango submitting transactions
chatterbot Alpha submitting transactions
chatterbot Foxtrot submitting transactions
chatterbot X-ray submitting transactions
chatterbot Delta submitting transactions
ChatterBot Alpha round 7
ChatterBot Foxtrot round 7
ChatterBot Hotel round 7
ChatterBot Juliett round 7
ChatterBot Whiskey round 7
ChatterBot Tango round 7
ChatterBot Oscar round 7
ChatterBot Sierra round 7
ChatterBot X-ray round 7
ChatterBot Delta round 7
2024-10-14 20:36:27.479088 Tango: Alpha, sending you 3
2024-10-14 20:36:27.480178 Foxtrot: Tango, sending you 7
2024-10-14 20:36:27.482691 Tango: Hotel, Juliett, Whiskey, Sierra, X-ray and Delta, sending you 1
2024-10-14 20:36:27.484273 Foxtrot: Oscar, sending you 11
2024-10-14 20:36:27.484607 Alpha: Hotel, Juliett, Whiskey, Tango, Sierra and X-ray, sending you 3
2024-10-14 20:36:27.486699 Hotel: Alpha, sending you 4
2024-10-14 20:36:27.487690 Alpha: Delta, sending you 1
2024-10-14 20:36:27.492687 Hotel: Juliett, Whiskey, X-ray and Delta, sending you 3
2024-10-14 20:36:27.493746 Juliett: Alpha, sending you 3
2024-10-14 20:36:27.495536 Oscar: Sending you 7
2024-10-14 20:36:27.495878 X-ray: Alpha, Hotel, Juliett, Tango, Sierra and Delta, sending you 2
2024-10-14 20:36:27.497705 Whiskey: Alpha, Hotel, Juliett, Tango and Delta, sending you 2
2024-10-14 20:36:27.498580 Delta: Alpha, Juliett, Whiskey, Sierra and X-ray, sending you 2
2024-10-14 20:36:27.498986 Hotel: Tango, sending you 2
2024-10-14 20:36:27.499730 Sierra: Alpha, Juliett, Whiskey, Tango, X-ray and Delta, sending you 2
2024-10-14 20:36:27.501073 Juliett: Hotel, Whiskey, Tango, Sierra, X-ray and Delta, sending you 2
2024-10-14 20:36:27.501833 X-ray: Whiskey, sending you 4
2024-10-14 20:36:27.503250 Whiskey: Sierra, sending you 3
2024-10-14 20:36:27.503880 Delta: Hotel, sending you 3
2024-10-14 20:36:27.505670 Sierra: Hotel, sending you 1
2024-10-14 20:36:27.508002 Whiskey: X-ray, sending you 4
chatterbot Delta submitting transactions
chatterbot Juliett submitting transactions
chatterbot Sierra submitting transactions
chatterbot Oscar submitting transactions
chatterbot Foxtrot submitting transactions
chatterbot Whiskey submitting transactions
chatterbot Hotel submitting transactions
chatterbot X-ray submitting transactions
chatterbot Alpha submitting transactions
chatterbot Tango submitting transactions
ChatterBot Alpha round 8
ChatterBot Foxtrot round 8
ChatterBot Hotel round 8
ChatterBot Juliett round 8
ChatterBot Whiskey round 8
ChatterBot Tango round 8
ChatterBot Oscar round 8
ChatterBot Sierra round 8
ChatterBot X-ray round 8
ChatterBot Delta round 8
2024-10-14 20:36:28.692454 Juliett: Alpha, sending you 3
2024-10-14 20:36:28.694374 Hotel: Alpha, sending you 4
2024-10-14 20:36:28.711225 Juliett: Hotel, Whiskey, Tango, Sierra, X-ray and Delta, sending you 2
2024-10-14 20:36:28.712821 X-ray: Alpha and Whiskey, sending you 3
2024-10-14 20:36:28.714326 Hotel: Juliett, Whiskey, X-ray and Delta, sending you 3
2024-10-14 20:36:28.715856 Foxtrot: Tango, sending you 7
2024-10-14 20:36:28.716127 Whiskey: Alpha, sending you 3
2024-10-14 20:36:28.716970 Oscar: Same as last round
2024-10-14 20:36:28.717868 Tango: Alpha, sending you 3
2024-10-14 20:36:28.719546 Sierra: Alpha, Juliett, Whiskey, Tango, X-ray and Delta, sending you 2
2024-10-14 20:36:28.720316 Alpha: Hotel, Juliett, Whiskey, Tango, Sierra and X-ray, sending you 3
2024-10-14 20:36:28.721553 X-ray: Hotel, Juliett, Tango, Sierra and Delta, sending you 2
2024-10-14 20:36:28.723052 Foxtrot: Oscar, sending you 11
2024-10-14 20:36:28.723305 Hotel: Tango, sending you 2
2024-10-14 20:36:28.724161 Whiskey: Hotel, Juliett, Tango, Sierra and Delta, sending you 2
2024-10-14 20:36:28.726837 Tango: Hotel, Juliett, Whiskey and Sierra, sending you 1
2024-10-14 20:36:28.729 Sierra: Hotel, sending you 1
2024-10-14 20:36:28.731117 Delta: Alpha, Juliett, Whiskey, Sierra and X-ray, sending you 2
2024-10-14 20:36:28.732665 Alpha: Delta, sending you 1
2024-10-14 20:36:28.734008 Whiskey: X-ray, sending you 4
2024-10-14 20:36:28.734817 Tango: X-ray, sending you 2
2024-10-14 20:36:28.735933 Delta: Hotel, sending you 3
chatterbot Whiskey submitting transactions
chatterbot Delta submitting transactions
chatterbot Foxtrot submitting transactions
chatterbot Tango submitting transactions
chatterbot Juliett submitting transactions
chatterbot Hotel submitting transactions
chatterbot X-ray submitting transactions
chatterbot Alpha submitting transactions
chatterbot Sierra submitting transactions
chatterbot Oscar submitting transactions
ChatterBot Alpha round 9
ChatterBot Foxtrot round 9
ChatterBot Hotel round 9
ChatterBot Juliett round 9
ChatterBot Whiskey round 9
ChatterBot Tango round 9
ChatterBot Oscar round 9
ChatterBot Sierra round 9
ChatterBot X-ray round 9
ChatterBot Delta round 9
2024-10-14 20:36:29.889019 Whiskey: Alpha, sending you 3
2024-10-14 20:36:29.898246 Foxtrot: Tango, sending you 7
2024-10-14 20:36:29.901671 Whiskey: Hotel, Juliett, Tango, Sierra and Delta, sending you 2
2024-10-14 20:36:29.905143 X-ray: Alpha and Whiskey, sending you 3
2024-10-14 20:36:29.909196 Tango: Alpha, sending you 3
2024-10-14 20:36:29.912251 Hotel: Alpha, Juliett, Whiskey, X-ray and Delta, sending you 3
2024-10-14 20:36:29.915237 Sierra: Alpha, Juliett, Whiskey, Tango, X-ray and Delta, sending you 2
2024-10-14 20:36:29.918215 Foxtrot: Oscar, sending you 11
2024-10-14 20:36:29.919729 Oscar: Sending you 6
2024-10-14 20:36:29.920408 Alpha: Hotel, Juliett, Whiskey, Tango, Sierra and X-ray, sending you 3
2024-10-14 20:36:29.925455 Juliett: Alpha, sending you 3
2024-10-14 20:36:29.927941 Whiskey: X-ray, sending you 4
2024-10-14 20:36:29.930703 X-ray: Hotel, Juliett, Tango, Sierra and Delta, sending you 2
2024-10-14 20:36:29.934287 Tango: Hotel, Juliett, Whiskey and Sierra, sending you 1
2024-10-14 20:36:29.937135 Hotel: Tango, sending you 2
2024-10-14 20:36:29.939950 Sierra: Hotel, sending you 1
2024-10-14 20:36:29.942402 Alpha: Delta, sending you 1
2024-10-14 20:36:29.944818 Juliett: Hotel, Whiskey, Tango, Sierra, X-ray and Delta, sending you 2
2024-10-14 20:36:29.947383 Delta: Alpha, Juliett, Whiskey, Sierra and X-ray, sending you 2
2024-10-14 20:36:29.948982 Tango: X-ray, sending you 2
2024-10-14 20:36:29.950041 Hotel: Sierra, sending you 1
2024-10-14 20:36:29.953706 Delta: Hotel, sending you 3
chatterbot Delta submitting transactions
chatterbot Sierra submitting transactions
chatterbot Oscar submitting transactions
chatterbot Foxtrot submitting transactions
chatterbot Tango submitting transactions
chatterbot X-ray submitting transactions
chatterbot Whiskey submitting transactions
chatterbot Alpha submitting transactions
chatterbot Hotel submitting transactions
chatterbot Juliett submitting transactions
ChatterBot Alpha round 10
ChatterBot Foxtrot round 10
ChatterBot Hotel round 10
ChatterBot Juliett round 10
ChatterBot Whiskey round 10
ChatterBot Tango round 10
ChatterBot Oscar round 10
ChatterBot Sierra round 10
ChatterBot X-ray round 10
ChatterBot Delta round 10
2024-10-14 20:36:31.006673 Juliett: Alpha, sending you 3
2024-10-14 20:36:31.008687 Hotel: Alpha, sending you 4
2024-10-14 20:36:31.011683 Whiskey: Alpha, sending you 3
2024-10-14 20:36:31.013181 Juliett: Hotel, Whiskey, Tango, Sierra, X-ray and Delta, sending you 2
2024-10-14 20:36:31.015359 Foxtrot: Tango, sending you 7
2024-10-14 20:36:31.015771 Hotel: Juliett, Whiskey, X-ray and Delta, sending you 3
2024-10-14 20:36:31.016986 Alpha: Hotel, Juliett, Whiskey, Tango, Sierra and X-ray, sending you 3
2024-10-14 20:36:31.018340 Tango: Alpha, sending you 3
2024-10-14 20:36:31.020273 Whiskey: Hotel, Juliett, Tango, Sierra and Delta, sending you 2
2024-10-14 20:36:31.022120 Foxtrot: Oscar, sending you 11
2024-10-14 20:36:31.022541 Oscar: Same as last round
2024-10-14 20:36:31.022918 Hotel: Tango, sending you 2
2024-10-14 20:36:31.025937 Alpha: Delta, sending you 1
2024-10-14 20:36:31.027710 Tango: Hotel, Juliett, Whiskey and Sierra, sending you 1
2024-10-14 20:36:31.030174 Whiskey: X-ray, sending you 4
2024-10-14 20:36:31.031904 Sierra: Alpha, Juliett, Whiskey, Tango, X-ray and Delta, sending you 2
2024-10-14 20:36:31.036758 X-ray: Alpha and Whiskey, sending you 3
2024-10-14 20:36:31.039355 Tango: X-ray, sending you 2
2024-10-14 20:36:31.041154 Delta: Alpha, Juliett, Whiskey, Sierra and X-ray, sending you 2
2024-10-14 20:36:31.042916 Sierra: Hotel, sending you 1
2024-10-14 20:36:31.045875 X-ray: Hotel, Juliett, Tango, Sierra and Delta, sending you 2
2024-10-14 20:36:31.052010 Delta: Hotel, sending you 3
chatterbot Oscar submitting transactions
chatterbot Tango submitting transactions
chatterbot Alpha submitting transactions
chatterbot X-ray submitting transactions
chatterbot Sierra submitting transactions
chatterbot Whiskey submitting transactions
chatterbot Foxtrot submitting transactions
chatterbot Delta submitting transactions
chatterbot Juliett submitting transactions
chatterbot Hotel submitting transactions
ChatterBot Alpha round 11
ChatterBot Foxtrot round 11
ChatterBot Hotel round 11
ChatterBot Juliett round 11
ChatterBot Whiskey round 11
ChatterBot Tango round 11
ChatterBot Oscar round 11
ChatterBot Sierra round 11
ChatterBot X-ray round 11
ChatterBot Delta round 11
2024-10-14 20:36:31.924672 Alpha: Hotel, Juliett, Whiskey, Tango, Sierra and X-ray, sending you 3
2024-10-14 20:36:31.930684 Alpha: Delta, sending you 1
2024-10-14 20:36:31.934673 Juliett: Alpha, sending you 3
2024-10-14 20:36:31.936651 Whiskey: Alpha, sending you 3
2024-10-14 20:36:31.937632 Oscar: Sending you 5
2024-10-14 20:36:31.937852 X-ray: Alpha and Whiskey, sending you 3
2024-10-14 20:36:31.939246 Foxtrot: Tango, sending you 7
2024-10-14 20:36:31.939487 Juliett: Hotel, Whiskey, Tango, Sierra, X-ray and Delta, sending you 2
2024-10-14 20:36:31.941675 Sierra: Alpha, Juliett, Whiskey, Tango, X-ray and Delta, sending you 2
2024-10-14 20:36:31.943532 Foxtrot: Oscar, sending you 11
2024-10-14 20:36:31.943923 Whiskey: Hotel, Juliett, Tango, Sierra and Delta, sending you 2
2024-10-14 20:36:31.945036 Hotel: Alpha, sending you 4
2024-10-14 20:36:31.946077 X-ray: Hotel, Juliett, Tango, Sierra and Delta, sending you 2
2024-10-14 20:36:31.947162 Tango: Alpha, sending you 3
2024-10-14 20:36:31.948611 Sierra: Hotel, sending you 1
2024-10-14 20:36:31.949981 Whiskey: X-ray, sending you 4
2024-10-14 20:36:31.951046 Hotel: Juliett, Whiskey, X-ray and Delta, sending you 3
2024-10-14 20:36:31.952710 Tango: Hotel, Juliett, Whiskey and Sierra, sending you 1
2024-10-14 20:36:31.954033 Delta: Alpha, Juliett, Whiskey, Sierra and X-ray, sending you 2
2024-10-14 20:36:31.956665 Hotel: Tango, sending you 2
2024-10-14 20:36:31.958072 Tango: X-ray, sending you 2
2024-10-14 20:36:31.959441 Delta: Hotel, sending you 3
chatterbot Oscar submitting transactions
chatterbot Foxtrot submitting transactions
chatterbot Alpha submitting transactions
chatterbot Delta submitting transactions
chatterbot Juliett submitting transactions
chatterbot Hotel submitting transactions
chatterbot Whiskey submitting transactions
chatterbot Tango submitting transactions
chatterbot X-ray submitting transactions
chatterbot Sierra submitting transactions
ChatterBot Alpha round 12
ChatterBot Foxtrot round 12
ChatterBot Hotel round 12
ChatterBot Juliett round 12
ChatterBot Whiskey round 12
ChatterBot Tango round 12
ChatterBot Oscar round 12
ChatterBot Sierra round 12
ChatterBot X-ray round 12
ChatterBot Delta round 12
2024-10-14 20:36:33.230868 Alpha: Hotel, Juliett, Whiskey, Tango, Sierra and X-ray, sending you 3
2024-10-14 20:36:33.236491 Sierra: Alpha, Juliett, Whiskey, Tango, X-ray and Delta, sending you 2
2024-10-14 20:36:33.239735 Juliett: Alpha, sending you 3
2024-10-14 20:36:33.241542 Hotel: Alpha, sending you 4
2024-10-14 20:36:33.243215 Whiskey: Alpha, sending you 3
2024-10-14 20:36:33.244776 Foxtrot: Tango, sending you 7
2024-10-14 20:36:33.245664 Alpha: Delta, sending you 1
2024-10-14 20:36:33.247495 Oscar: Same as last round
2024-10-14 20:36:33.247782 X-ray: Alpha and Whiskey, sending you 3
2024-10-14 20:36:33.249349 Tango: Alpha, sending you 3
2024-10-14 20:36:33.250818 Delta: Alpha, Juliett, Whiskey, Sierra and X-ray, sending you 2
2024-10-14 20:36:33.251480 Sierra: Hotel, sending you 1
2024-10-14 20:36:33.253071 Juliett: Hotel, Whiskey, Tango, Sierra, X-ray and Delta, sending you 2
2024-10-14 20:36:33.254712 Hotel: Juliett, Whiskey, X-ray and Delta, sending you 3
2024-10-14 20:36:33.256410 Whiskey: Hotel, Juliett, Tango, Sierra and Delta, sending you 2
2024-10-14 20:36:33.257945 Foxtrot: Oscar, sending you 11
2024-10-14 20:36:33.258472 X-ray: Hotel, Juliett, Tango, Sierra and Delta, sending you 2
2024-10-14 20:36:33.260007 Delta: Hotel, sending you 3
2024-10-14 20:36:33.260422 Tango: Hotel, Juliett, Whiskey and Sierra, sending you 1
2024-10-14 20:36:33.262220 Hotel: Tango, sending you 2
2024-10-14 20:36:33.264636 Whiskey: X-ray, sending you 4
2024-10-14 20:36:33.266707 Tango: X-ray, sending you 2
chatterbot Hotel submitting transactions
chatterbot Tango submitting transactions
chatterbot Whiskey submitting transactions
chatterbot Delta submitting transactions
chatterbot Alpha submitting transactions
chatterbot Foxtrot submitting transactions
chatterbot X-ray submitting transactions
chatterbot Juliett submitting transactions
chatterbot Sierra submitting transactions
chatterbot Oscar submitting transactions
ChatterBot Alpha round 13
ChatterBot Foxtrot round 13
ChatterBot Hotel round 13
ChatterBot Juliett round 13
ChatterBot Whiskey round 13
ChatterBot Tango round 13
ChatterBot Oscar round 13
ChatterBot Sierra round 13
ChatterBot X-ray round 13
ChatterBot Delta round 13
2024-10-14 20:36:34.516072 Foxtrot: Tango, sending you 7
2024-10-14 20:36:34.519937 Tango: Alpha, sending you 3
2024-10-14 20:36:34.522328 Foxtrot: Oscar, sending you 11
2024-10-14 20:36:34.522971 Juliett: Alpha, sending you 3
2024-10-14 20:36:34.525813 Sierra: Alpha, Juliett, Whiskey, Tango, X-ray and Delta, sending you 2
2024-10-14 20:36:34.528008 Tango: Hotel, Juliett, Whiskey and Sierra, sending you 1
2024-10-14 20:36:34.530743 Delta: Alpha, Juliett, Whiskey, Sierra and X-ray, sending you 2
2024-10-14 20:36:34.532504 Alpha: Hotel, Juliett, Whiskey, Tango, Sierra and X-ray, sending you 3
2024-10-14 20:36:34.536447 Oscar: Same as last round
