ChatterBot Hotel round 1
ChatterBot Yankee round 1
randomSelections Hotel: {Hotel, Yankee, Echo, November, Victor, Oscar} 
2024-10-14 20:36:17.638382 Hotel: Can we be friends?
ChatterBot Yankee reevaluating
2024-10-14 20:36:17.645718 Yankee: Yes
ChatterBot Echo round 1
ChatterBot Echo reevaluating
ChatterBot Echo reevaluating
2024-10-14 20:36:17.666110 Echo: Yes
ChatterBot Yankee reevaluating
ChatterBot Victor round 1
ChatterBot Victor reevaluating
ChatterBot Victor reevaluating
ChatterBot Victor reevaluating
2024-10-14 20:36:17.750857 Victor: Yes
ChatterBot Yankee reevaluating
ChatterBot Echo reevaluating
ChatterBot Uniform round 1
ChatterBot Oscar round 1
ChatterBot Oscar reevaluating
ChatterBot Oscar reevaluating
ChatterBot Oscar reevaluating
ChatterBot Oscar reevaluating
2024-10-14 20:36:17.773248 Oscar: Yes
ChatterBot Yankee reevaluating
ChatterBot Echo reevaluating
ChatterBot Victor reevaluating
ChatterBot November round 1
ChatterBot November reevaluating
ChatterBot November reevaluating
ChatterBot November reevaluating
ChatterBot November reevaluating
ChatterBot November reevaluating
2024-10-14 20:36:17.796965 November: Yes
ChatterBot Yankee reevaluating
ChatterBot Echo reevaluating
ChatterBot Victor reevaluating
ChatterBot Oscar reevaluating
ChatterBot Bravo round 1
ChatterBot India round 1
ChatterBot X-ray round 1
randomSelections Uniform: {Uniform, Yankee, Oscar, Hotel, Victor, Bravo, Echo} 
2024-10-14 20:36:17.821413 Uniform: Can we be friends?
ChatterBot Yankee reevaluating
ChatterBot Oscar reevaluating
ChatterBot Victor reevaluating
ChatterBot Bravo reevaluating
ChatterBot Echo reevaluating
2024-10-14 20:36:17.836789 Yankee: No
2024-10-14 20:36:17.837169 Oscar: No
2024-10-14 20:36:17.837860 Hotel: No
2024-10-14 20:36:17.838097 Victor: No
2024-10-14 20:36:17.838354 Bravo: Yes
2024-10-14 20:36:17.838921 Echo: No
ChatterBot Oscar reevaluating
ChatterBot Victor reevaluating
ChatterBot Bravo reevaluating
ChatterBot Echo reevaluating
ChatterBot Yankee reevaluating
ChatterBot Victor reevaluating
ChatterBot Bravo reevaluating
ChatterBot Echo reevaluating
ChatterBot Yankee reevaluating
ChatterBot Oscar reevaluating
ChatterBot Victor reevaluating
ChatterBot Bravo reevaluating
ChatterBot Echo reevaluating
ChatterBot Yankee reevaluating
ChatterBot Oscar reevaluating
ChatterBot Bravo reevaluating
ChatterBot Echo reevaluating
ChatterBot Yankee reevaluating
ChatterBot Oscar reevaluating
ChatterBot Victor reevaluating
ChatterBot Echo reevaluating
ChatterBot Yankee reevaluating
ChatterBot Oscar reevaluating
ChatterBot Victor reevaluating
ChatterBot Bravo reevaluating
randomSelections X-ray: {X-ray, Yankee, Bravo, Echo, Oscar, India, Victor} 
2024-10-14 20:36:17.943196 X-ray: Can we be friends?
ChatterBot Yankee reevaluating
ChatterBot Bravo reevaluating
ChatterBot Echo reevaluating
ChatterBot India reevaluating
2024-10-14 20:36:17.959863 Yankee: No
2024-10-14 20:36:17.960105 Bravo: No
2024-10-14 20:36:17.960286 Echo: No
2024-10-14 20:36:17.960452 Oscar: No
2024-10-14 20:36:17.961235 India: Yes
2024-10-14 20:36:17.961414 Victor: No
ChatterBot Bravo reevaluating
ChatterBot Echo reevaluating
ChatterBot India reevaluating
ChatterBot Yankee reevaluating
ChatterBot Echo reevaluating
ChatterBot India reevaluating
ChatterBot Yankee reevaluating
ChatterBot Bravo reevaluating
ChatterBot India reevaluating
ChatterBot Yankee reevaluating
ChatterBot Bravo reevaluating
ChatterBot Echo reevaluating
ChatterBot India reevaluating
ChatterBot Yankee reevaluating
ChatterBot Bravo reevaluating
ChatterBot Echo reevaluating
ChatterBot Yankee reevaluating
ChatterBot Bravo reevaluating
ChatterBot Echo reevaluating
ChatterBot India reevaluating
2024-10-14 20:36:18.094666 Hotel: Yankee, sending you 2
2024-10-14 20:36:18.114557 Hotel: Victor, sending you 6
2024-10-14 20:36:18.129834 X-ray: Yankee, Echo and Oscar, sending you 3
2024-10-14 20:36:18.130356 Uniform: Hotel, sending you 1
2024-10-14 20:36:18.130771 Oscar: Hotel and Victor, sending you 2
2024-10-14 20:36:18.131163 Victor: Hotel, sending you 4
2024-10-14 20:36:18.144666 Hotel: Oscar and November, sending you 5
2024-10-14 20:36:18.145367 India: Yankee and Bravo, sending you 2
2024-10-14 20:36:18.146233 Yankee: Hotel and Oscar, sending you 3
2024-10-14 20:36:18.147391 November: Hotel, Victor and Oscar, sending you 2
2024-10-14 20:36:18.148035 Echo: Hotel, Yankee, Victor, Oscar and November, sending you 2
2024-10-14 20:36:18.149461 Bravo: Hotel, Victor, Uniform and Oscar, sending you 3
2024-10-14 20:36:18.149944 Uniform: Yankee and Bravo, sending you 3
2024-10-14 20:36:18.152002 X-ray: Victor, sending you 1
2024-10-14 20:36:18.152815 Oscar: Yankee, sending you 4
2024-10-14 20:36:18.154219 Victor: Yankee, sending you 8
2024-10-14 20:36:18.154794 India: Echo, sending you 4
2024-10-14 20:36:18.156036 Yankee: Echo and November, sending you 1
2024-10-14 20:36:18.156649 November: Yankee, sending you 4
2024-10-14 20:36:18.157770 Bravo: Yankee, sending you 1
2024-10-14 20:36:18.158397 Uniform: Echo, Victor and Oscar, sending you 2
2024-10-14 20:36:18.159472 X-ray: Bravo, sending you 4
2024-10-14 20:36:18.159980 Oscar: Echo, sending you 1
2024-10-14 20:36:18.160470 Yankee: Victor, sending you 4
2024-10-14 20:36:18.161983 Victor: Oscar, sending you 1
2024-10-14 20:36:18.162332 India: Victor and X-ray, sending you 1
2024-10-14 20:36:18.163519 November: Echo, sending you 3
2024-10-14 20:36:18.163926 X-ray: India, sending you 2
2024-10-14 20:36:18.165130 Oscar: November, sending you 3
2024-10-14 20:36:18.165665 Victor: November, sending you 2
2024-10-14 20:36:18.177031 India: Oscar, sending you 3
chatterbot Hotel submitting transactions
chatterbot Oscar submitting transactions
chatterbot November submitting transactions
chatterbot Victor submitting transactions
chatterbot Echo submitting transactions
chatterbot Yankee submitting transactions
chatterbot Bravo submitting transactions
chatterbot Uniform submitting transactions
chatterbot India submitting transactions
chatterbot X-ray submitting transactions
ChatterBot Hotel round 2
ChatterBot Yankee round 2
ChatterBot Echo round 2
ChatterBot Victor round 2
ChatterBot Uniform round 2
ChatterBot Oscar round 2
ChatterBot November round 2
2024-10-14 20:36:19.182199 Echo: We should add India and X-ray
ChatterBot Hotel reevaluating
ChatterBot Yankee reevaluating
ChatterBot November reevaluating
ChatterBot Victor reevaluating
ChatterBot Oscar reevaluating
2024-10-14 20:36:19.207932 Hotel: No
2024-10-14 20:36:19.208111 Yankee: No
2024-10-14 20:36:19.208243 November: No
2024-10-14 20:36:19.208371 Victor: No
2024-10-14 20:36:19.208494 Oscar: No
ChatterBot Yankee reevaluating
ChatterBot November reevaluating
ChatterBot Victor reevaluating
ChatterBot Oscar reevaluating
ChatterBot Hotel reevaluating
ChatterBot November reevaluating
ChatterBot Victor reevaluating
ChatterBot Oscar reevaluating
ChatterBot Hotel reevaluating
ChatterBot Yankee reevaluating
ChatterBot Victor reevaluating
ChatterBot Oscar reevaluating
ChatterBot Hotel reevaluating
ChatterBot Yankee reevaluating
ChatterBot November reevaluating
ChatterBot Oscar reevaluating
ChatterBot Hotel reevaluating
ChatterBot Yankee reevaluating
ChatterBot November reevaluating
ChatterBot Victor reevaluating
ChatterBot Bravo round 2
ChatterBot India round 2
ChatterBot X-ray round 2
2024-10-14 20:36:19.456321 Uniform: Can we be friends?
ChatterBot Bravo reevaluating
2024-10-14 20:36:19.465409 Bravo: Yes
ChatterBot Uniform reevaluating
2024-10-14 20:36:19.474901 Bravo: Let's form a team
ChatterBot Uniform reevaluating
ChatterBot India reevaluating
ChatterBot X-ray reevaluating
2024-10-14 20:36:19.505497 Uniform: No
2024-10-14 20:36:19.506503 India: Yes
2024-10-14 20:36:19.506790 X-ray: Yes
2024-10-14 20:36:19.507055 Echo: No
ChatterBot Bravo reevaluating
ChatterBot India reevaluating
ChatterBot X-ray reevaluating
ChatterBot Bravo reevaluating
ChatterBot Uniform reevaluating
ChatterBot X-ray reevaluating
ChatterBot Bravo reevaluating
ChatterBot Uniform reevaluating
ChatterBot India reevaluating
ChatterBot Bravo reevaluating
ChatterBot Uniform reevaluating
ChatterBot India reevaluating
ChatterBot X-ray reevaluating
2024-10-14 20:36:19.631055 India: Can we be friends?
ChatterBot Bravo reevaluating
ChatterBot Uniform reevaluating
ChatterBot X-ray reevaluating
2024-10-14 20:36:19.663932 Bravo: No
2024-10-14 20:36:19.664149 Uniform: No
2024-10-14 20:36:19.664307 X-ray: Yes
2024-10-14 20:36:19.664876 Echo: No
ChatterBot Uniform reevaluating
ChatterBot India reevaluating
ChatterBot X-ray reevaluating
ChatterBot Bravo reevaluating
ChatterBot India reevaluating
ChatterBot X-ray reevaluating
ChatterBot Bravo reevaluating
ChatterBot Uniform reevaluating
ChatterBot India reevaluating
ChatterBot Bravo reevaluating
ChatterBot Uniform reevaluating
ChatterBot India reevaluating
ChatterBot X-ray reevaluating
2024-10-14 20:36:19.785303 Echo: India and X-ray we want you to join our group
ChatterBot India reevaluating
ChatterBot X-ray reevaluating
2024-10-14 20:36:19.800309 India: No
2024-10-14 20:36:19.800529 X-ray: No
ChatterBot Hotel reevaluating
ChatterBot Yankee reevaluating
ChatterBot Victor reevaluating
ChatterBot Oscar reevaluating
ChatterBot November reevaluating
ChatterBot X-ray reevaluating
ChatterBot Hotel reevaluating
ChatterBot Yankee reevaluating
ChatterBot Victor reevaluating
ChatterBot Oscar reevaluating
ChatterBot November reevaluating
ChatterBot India reevaluating
2024-10-14 20:36:20.671858 Bravo: Uniform, sending you 4
2024-10-14 20:36:20.672416 Hotel: Yankee, sending you 4
2024-10-14 20:36:20.673628 November: Hotel, sending you 4
2024-10-14 20:36:20.674146 India: Echo, sending you 1
2024-10-14 20:36:20.674939 Yankee: Hotel and Echo, sending you 2
2024-10-14 20:36:20.675338 Uniform: Bravo, sending you 10
2024-10-14 20:36:20.675712 Victor: Hotel, sending you 7
2024-10-14 20:36:20.676508 Oscar: Hotel, sending you 4
2024-10-14 20:36:20.676993 Echo: Hotel and Victor, sending you 1
chatterbot Victor submitting transactions
chatterbot Echo submitting transactions
chatterbot Oscar submitting transactions
chatterbot Bravo submitting transactions
chatterbot Uniform submitting transactions
chatterbot India submitting transactions
2024-10-14 20:36:20.678368 Bravo: India, sending you 3
2024-10-14 20:36:20.678706 Hotel: Echo, Oscar and November, sending you 3
2024-10-14 20:36:20.679719 November: Yankee, Echo and Victor, sending you 2
2024-10-14 20:36:20.685864 India: Uniform and Bravo, sending you 2
2024-10-14 20:36:20.694668 Yankee: Victor, sending you 4
2024-10-14 20:36:20.695952 Victor: Yankee, sending you 4
2024-10-14 20:36:20.697512 Oscar: Yankee, Echo and November, sending you 3
2024-10-14 20:36:20.699263 X-ray: Uniform, sending you 3
2024-10-14 20:36:20.700363 Echo: Yankee, Oscar, November, India and X-ray, sending you 2
2024-10-14 20:36:20.701101 Bravo: X-ray, sending you 6
2024-10-14 20:36:20.702260 Hotel: Victor, sending you 5
2024-10-14 20:36:20.702929 November: Oscar, sending you 3
2024-10-14 20:36:20.704661 India: X-ray, sending you 7
2024-10-14 20:36:20.706224 Yankee: Oscar and November, sending you 3
2024-10-14 20:36:20.707074 Victor: Echo, Oscar and November, sending you 2
2024-10-14 20:36:20.708562 Oscar: Victor, sending you 1
2024-10-14 20:36:20.710247 X-ray: Bravo, sending you 2
2024-10-14 20:36:20.871296 X-ray: India, sending you 6
chatterbot Yankee submitting transactions
chatterbot X-ray submitting transactions
chatterbot Hotel submitting transactions
chatterbot November submitting transactions
ChatterBot Hotel round 3
ChatterBot Yankee round 3
ChatterBot Echo round 3
ChatterBot Victor round 3
ChatterBot Uniform round 3
ChatterBot Oscar round 3
ChatterBot November round 3
ChatterBot Bravo round 3
ChatterBot India round 3
ChatterBot X-ray round 3
2024-10-14 20:36:21.366545 X-ray: We should add Echo
2024-10-14 20:36:21.385621 Bravo: No
2024-10-14 20:36:21.385989 Uniform: No
2024-10-14 20:36:21.386679 India: Yes
ChatterBot India reevaluating
ChatterBot X-ray reevaluating
ChatterBot India reevaluating
ChatterBot X-ray reevaluating
ChatterBot X-ray reevaluating
2024-10-14 20:36:21.449056 Echo: We should drop India and X-ray
2024-10-14 20:36:21.475554 Hotel: Yes
2024-10-14 20:36:21.476028 Yankee: Yes
2024-10-14 20:36:21.476846 November: Yes
2024-10-14 20:36:21.477229 Victor: Yes
2024-10-14 20:36:21.477532 Oscar: Yes
2024-10-14 20:36:21.654833 Yankee: Hotel, Oscar and November, sending you 3
2024-10-14 20:36:21.655990 Hotel: Yankee and November, sending you 3
2024-10-14 20:36:21.656466 Victor: Hotel, sending you 6
2024-10-14 20:36:21.670701 Hotel: Echo, sending you 2
2024-10-14 20:36:21.671737 Victor: Yankee, sending you 5
chatterbot Oscar submitting transactions
2024-10-14 20:36:21.672260 Echo: Hotel, Victor, Oscar and November, sending you 2
2024-10-14 20:36:21.673131 November: Hotel, Yankee and Oscar, sending you 3
2024-10-14 20:36:21.673540 Yankee: Echo, sending you 1
2024-10-14 20:36:21.673985 Uniform: Bravo, sending you 8
2024-10-14 20:36:21.674974 Bravo: Uniform, sending you 8
2024-10-14 20:36:21.675188 Oscar: Hotel, Yankee, Echo and November, sending you 3
2024-10-14 20:36:21.675606 Hotel: Victor, sending you 6
2024-10-14 20:36:21.723848 Victor: Echo, Oscar and November, sending you 2
2024-10-14 20:36:21.724483 Echo: Yankee, sending you 3
2024-10-14 20:36:21.725345 November: Echo and Victor, sending you 2
2024-10-14 20:36:21.725916 Yankee: Victor, sending you 4
2024-10-14 20:36:21.726887 Uniform: India, sending you 2
2024-10-14 20:36:21.727196 Bravo: India, sending you 2
2024-10-14 20:36:21.727491 Oscar: Victor, sending you 2
2024-10-14 20:36:21.727997 Hotel: Oscar, sending you 4
2024-10-14 20:36:21.728806 X-ray: Uniform, sending you 2
chatterbot November submitting transactions
2024-10-14 20:36:21.755785 Uniform: X-ray, sending you 3
2024-10-14 20:36:21.756580 Bravo: X-ray, sending you 3
2024-10-14 20:36:21.756887 X-ray: Bravo and India, sending you 6
chatterbot Victor submitting transactions
chatterbot Hotel submitting transactions
chatterbot India submitting transactions
chatterbot Echo submitting transactions
chatterbot Yankee submitting transactions
chatterbot Uniform submitting transactions
chatterbot Bravo submitting transactions
chatterbot X-ray submitting transactions
ChatterBot Hotel round 4
ChatterBot Yankee round 4
ChatterBot Echo round 4
ChatterBot Victor round 4
ChatterBot Uniform round 4
ChatterBot Oscar round 4
ChatterBot November round 4
ChatterBot Bravo round 4
ChatterBot India round 4
ChatterBot X-ray round 4
2024-10-14 20:36:22.598337 India: We should drop Echo
2024-10-14 20:36:22.616624 Bravo: Yes
2024-10-14 20:36:22.616829 Uniform: Yes
2024-10-14 20:36:22.617005 X-ray: Yes
2024-10-14 20:36:22.669674 Oscar: Hotel, sending you 4
2024-10-14 20:36:22.671988 Victor: Hotel, sending you 6
2024-10-14 20:36:22.672530 X-ray: Uniform, sending you 3
2024-10-14 20:36:22.673387 Hotel: Yankee and November, sending you 3
2024-10-14 20:36:22.673936 Echo: Hotel, Victor, Oscar and November, sending you 2
2024-10-14 20:36:22.674954 November: Hotel, Yankee and Oscar, sending you 3
2024-10-14 20:36:22.676076 Uniform: Bravo, sending you 8
2024-10-14 20:36:22.676417 Yankee: Hotel, Victor, Oscar and November, sending you 3
2024-10-14 20:36:22.676953 Oscar: Yankee and November, sending you 3
2024-10-14 20:36:22.677879 Bravo: Uniform, sending you 7
2024-10-14 20:36:22.678261 Victor: Yankee, sending you 5
2024-10-14 20:36:22.679301 X-ray: Bravo and India, sending you 6
2024-10-14 20:36:22.679725 Hotel: Echo, sending you 2
2024-10-14 20:36:22.680721 Echo: Yankee, sending you 3
2024-10-14 20:36:22.681327 November: Echo and Victor, sending you 2
2024-10-14 20:36:22.682334 Uniform: India, sending you 2
2024-10-14 20:36:22.682678 Oscar: Echo and Victor, sending you 2
2024-10-14 20:36:22.683298 Bravo: India, sending you 2
2024-10-14 20:36:22.684063 Yankee: Echo, sending you 2
2024-10-14 20:36:22.684699 India: Uniform, sending you 3
2024-10-14 20:36:22.685496 Victor: Echo, Oscar and November, sending you 2
2024-10-14 20:36:22.686170 Hotel: Victor, sending you 6
2024-10-14 20:36:22.687199 Uniform: X-ray, sending you 3
2024-10-14 20:36:22.693897 Bravo: X-ray, sending you 4
2024-10-14 20:36:22.694232 India: Bravo, sending you 4
2024-10-14 20:36:22.694976 Hotel: Oscar, sending you 4
2024-10-14 20:36:22.709651 India: X-ray, sending you 6
chatterbot Victor submitting transactions
chatterbot Bravo submitting transactions
chatterbot Hotel submitting transactions
chatterbot Oscar submitting transactions
chatterbot Yankee submitting transactions
chatterbot India submitting transactions
chatterbot X-ray submitting transactions
chatterbot November submitting transactions
chatterbot Uniform submitting transactions
chatterbot Echo submitting transactions
ChatterBot Hotel round 5
ChatterBot Yankee round 5
ChatterBot Echo round 5
ChatterBot Victor round 5
ChatterBot Uniform round 5
ChatterBot Oscar round 5
ChatterBot November round 5
ChatterBot Bravo round 5
ChatterBot India round 5
ChatterBot X-ray round 5
2024-10-14 20:36:23.520650 Yankee: Hotel, Victor, Oscar and November, sending you 3
2024-10-14 20:36:23.521654 Victor: Hotel, sending you 6
2024-10-14 20:36:23.524675 Yankee: Echo, sending you 2
2024-10-14 20:36:23.525128 Oscar: Hotel, sending you 4
2024-10-14 20:36:23.526682 Victor: Yankee, sending you 5
2024-10-14 20:36:23.528927 Uniform: Bravo, sending you 8
2024-10-14 20:36:23.529682 November: Hotel, Yankee and Oscar, sending you 3
2024-10-14 20:36:23.530199 Oscar: Yankee and November, sending you 3
2024-10-14 20:36:23.530680 Echo: Hotel, Victor, Oscar and November, sending you 2
2024-10-14 20:36:23.531751 India: Uniform, sending you 3
2024-10-14 20:36:23.532086 Victor: Echo, Oscar and November, sending you 2
2024-10-14 20:36:23.532547 X-ray: Uniform, sending you 4
2024-10-14 20:36:23.532842 Uniform: India, sending you 2
2024-10-14 20:36:23.533825 November: Echo and Victor, sending you 2
2024-10-14 20:36:23.535649 Oscar: Echo and Victor, sending you 2
2024-10-14 20:36:23.536446 Uniform: X-ray, sending you 3
2024-10-14 20:36:23.536761 Echo: Yankee, sending you 3
2024-10-14 20:36:23.537198 India: Bravo, sending you 4
2024-10-14 20:36:23.537436 X-ray: Bravo, sending you 6
2024-10-14 20:36:23.538736 Hotel: Yankee and November, sending you 3
2024-10-14 20:36:23.539679 Bravo: Uniform, sending you 6
2024-10-14 20:36:23.540676 X-ray: India, sending you 5
2024-10-14 20:36:23.541668 India: X-ray, sending you 6
2024-10-14 20:36:23.542686 Bravo: India, sending you 3
2024-10-14 20:36:23.543669 Hotel: Echo, sending you 2
2024-10-14 20:36:23.545848 Bravo: X-ray, sending you 4
2024-10-14 20:36:23.546692 Hotel: Victor, sending you 6
2024-10-14 20:36:23.551679 Hotel: Oscar, sending you 4
chatterbot Yankee submitting transactions
chatterbot November submitting transactions
chatterbot Hotel submitting transactions
chatterbot India submitting transactions
chatterbot X-ray submitting transactions
chatterbot Uniform submitting transactions
chatterbot Echo submitting transactions
chatterbot Victor submitting transactions
chatterbot Bravo submitting transactions
chatterbot Oscar submitting transactions
ChatterBot Hotel round 6
ChatterBot Yankee round 6
ChatterBot Echo round 6
ChatterBot Victor round 6
ChatterBot Uniform round 6
ChatterBot Oscar round 6
ChatterBot November round 6
ChatterBot Bravo round 6
ChatterBot India round 6
ChatterBot X-ray round 6
2024-10-14 20:36:24.764744 Uniform: Bravo, sending you 8
2024-10-14 20:36:24.766164 Victor: Hotel, sending you 7
2024-10-14 20:36:24.768 Hotel: Yankee and November, sending you 3
2024-10-14 20:36:24.769872 Uniform: India, sending you 2
2024-10-14 20:36:24.770352 Yankee: Hotel, Victor, Oscar and November, sending you 3
2024-10-14 20:36:24.772725 Victor: Yankee, sending you 4
2024-10-14 20:36:24.773703 Hotel: Echo, sending you 2
2024-10-14 20:36:24.775083 Uniform: X-ray, sending you 3
2024-10-14 20:36:24.775676 November: Hotel, Yankee and Oscar, sending you 3
2024-10-14 20:36:24.777439 Yankee: Echo, sending you 2
2024-10-14 20:36:24.779082 Victor: Echo, Oscar and November, sending you 2
2024-10-14 20:36:24.779973 Oscar: Hotel, sending you 4
2024-10-14 20:36:24.781488 Hotel: Victor, sending you 6
2024-10-14 20:36:24.782308 November: Echo and Victor, sending you 2
2024-10-14 20:36:24.783798 Echo: Hotel, Victor, Oscar and November, sending you 2
2024-10-14 20:36:24.784669 X-ray: Uniform, sending you 4
2024-10-14 20:36:24.785866 Oscar: Yankee and November, sending you 3
2024-10-14 20:36:24.786709 India: Uniform, sending you 3
2024-10-14 20:36:24.787897 Hotel: Oscar, sending you 4
2024-10-14 20:36:24.789283 Bravo: Uniform, sending you 6
2024-10-14 20:36:24.789815 Echo: Yankee, sending you 3
2024-10-14 20:36:24.790692 X-ray: Bravo, sending you 6
2024-10-14 20:36:24.791770 Oscar: Echo and Victor, sending you 2
2024-10-14 20:36:24.792586 India: Bravo, sending you 4
2024-10-14 20:36:24.793638 Bravo: India, sending you 3
2024-10-14 20:36:24.794689 X-ray: India, sending you 5
2024-10-14 20:36:24.796018 India: X-ray, sending you 6
2024-10-14 20:36:24.796710 Bravo: X-ray, sending you 4
chatterbot Hotel submitting transactions
chatterbot Yankee submitting transactions
chatterbot Bravo submitting transactions
chatterbot X-ray submitting transactions
chatterbot November submitting transactions
chatterbot India submitting transactions
chatterbot Victor submitting transactions
chatterbot Oscar submitting transactions
chatterbot Uniform submitting transactions
chatterbot Echo submitting transactions
ChatterBot Hotel round 7
ChatterBot Yankee round 7
ChatterBot Echo round 7
ChatterBot Victor round 7
ChatterBot Uniform round 7
ChatterBot Oscar round 7
ChatterBot November round 7
ChatterBot Bravo round 7
ChatterBot India round 7
ChatterBot X-ray round 7
2024-10-14 20:36:26.021705 Yankee: Hotel, Victor, Oscar and November, sending you 3
2024-10-14 20:36:26.027678 Yankee: Echo, sending you 2
2024-10-14 20:36:26.033720 Oscar: Hotel, sending you 4
2024-10-14 20:36:26.035255 Hotel: Yankee and November, sending you 3
2024-10-14 20:36:26.035959 India: Uniform, sending you 3
2024-10-14 20:36:26.037671 Uniform: Bravo, sending you 8
2024-10-14 20:36:26.038687 November: Hotel, Yankee and Oscar, sending you 3
2024-10-14 20:36:26.039872 Oscar: Yankee and November, sending you 3
2024-10-14 20:36:26.041 Echo: Hotel, Victor, Oscar and November, sending you 2
2024-10-14 20:36:26.041649 India: Bravo, sending you 4
2024-10-14 20:36:26.042396 Hotel: Echo, sending you 2
2024-10-14 20:36:26.042958 Uniform: India, sending you 2
2024-10-14 20:36:26.044020 X-ray: Uniform, sending you 4
2024-10-14 20:36:26.044517 Echo: Yankee, sending you 3
2024-10-14 20:36:26.045728 November: Echo and Victor, sending you 2
2024-10-14 20:36:26.046203 Oscar: Echo and Victor, sending you 2
2024-10-14 20:36:26.046647 Bravo: Uniform, sending you 6
2024-10-14 20:36:26.046933 India: X-ray, sending you 6
2024-10-14 20:36:26.047830 Victor: Hotel, sending you 7
2024-10-14 20:36:26.048274 X-ray: Bravo, sending you 6
2024-10-14 20:36:26.048546 Hotel: Victor, sending you 6
2024-10-14 20:36:26.049424 Uniform: X-ray, sending you 3
2024-10-14 20:36:26.050701 Bravo: India, sending you 3
2024-10-14 20:36:26.051590 Victor: Yankee, sending you 4
2024-10-14 20:36:26.052455 X-ray: India, sending you 5
2024-10-14 20:36:26.053304 Hotel: Oscar, sending you 4
2024-10-14 20:36:26.054140 Bravo: X-ray, sending you 4
2024-10-14 20:36:26.055060 Victor: Echo, Oscar and November, sending you 2
chatterbot Uniform submitting transactions
chatterbot X-ray submitting transactions
chatterbot Yankee submitting transactions
chatterbot Bravo submitting transactions
chatterbot November submitting transactions
chatterbot Hotel submitting transactions
chatterbot Victor submitting transactions
chatterbot Echo submitting transactions
chatterbot Oscar submitting transactions
chatterbot India submitting transactions
ChatterBot Hotel round 8
ChatterBot Yankee round 8
ChatterBot Echo round 8
ChatterBot Victor round 8
ChatterBot Uniform round 8
ChatterBot Oscar round 8
ChatterBot November round 8
ChatterBot Bravo round 8
ChatterBot India round 8
ChatterBot X-ray round 8
2024-10-14 20:36:27.127680 November: Hotel, Yankee and Oscar, sending you 3
2024-10-14 20:36:27.129678 Hotel: Yankee and November, sending you 3
2024-10-14 20:36:27.130343 Echo: Hotel and Yankee, sending you 3
2024-10-14 20:36:27.130985 November: Echo and Victor, sending you 2
2024-10-14 20:36:27.132663 Hotel: Echo, sending you 2
2024-10-14 20:36:27.135655 Echo: Victor, Oscar and November, sending you 2
2024-10-14 20:36:27.136313 Victor: Hotel, sending you 7
2024-10-14 20:36:27.137646 Hotel: Victor, sending you 6
2024-10-14 20:36:27.141747 Victor: Yankee, sending you 4
2024-10-14 20:36:27.142335 Oscar: Hotel, sending you 4
2024-10-14 20:36:27.142921 Hotel: Oscar, sending you 4
2024-10-14 20:36:27.143651 India: Uniform, sending you 3
2024-10-14 20:36:27.144026 X-ray: Uniform, sending you 4
2024-10-14 20:36:27.144683 Victor: Echo, Oscar and November, sending you 2
2024-10-14 20:36:27.145718 Bravo: Uniform, sending you 6
2024-10-14 20:36:27.146306 Uniform: Bravo, sending you 8
2024-10-14 20:36:27.146717 Oscar: Yankee and November, sending you 3
2024-10-14 20:36:27.147997 Yankee: Hotel, Victor, Oscar and November, sending you 3
2024-10-14 20:36:27.148663 India: Bravo, sending you 4
2024-10-14 20:36:27.149104 X-ray: Bravo and India, sending you 5
2024-10-14 20:36:27.149662 Bravo: India, sending you 3
2024-10-14 20:36:27.150041 Uniform: India, sending you 2
2024-10-14 20:36:27.150659 Oscar: Echo and Victor, sending you 2
2024-10-14 20:36:27.151761 Yankee: Echo, sending you 2
2024-10-14 20:36:27.152658 India: X-ray, sending you 6
2024-10-14 20:36:27.153098 Bravo: X-ray, sending you 4
2024-10-14 20:36:27.153471 Uniform: X-ray, sending you 3
chatterbot Oscar submitting transactions
chatterbot Yankee submitting transactions
chatterbot Hotel submitting transactions
chatterbot Echo submitting transactions
chatterbot X-ray submitting transactions
chatterbot November submitting transactions
chatterbot Uniform submitting transactions
chatterbot India submitting transactions
chatterbot Victor submitting transactions
chatterbot Bravo submitting transactions
ChatterBot Hotel round 9
ChatterBot Yankee round 9
ChatterBot Echo round 9
ChatterBot Victor round 9
2024-10-14 20:36:28.420650 Echo: We should add Uniform
2024-10-14 20:36:28.441672 Hotel: No
2024-10-14 20:36:28.442091 Yankee: No
2024-10-14 20:36:28.442449 November: No
2024-10-14 20:36:28.442725 Victor: No
2024-10-14 20:36:28.443531 Oscar: No
ChatterBot Echo reevaluating
ChatterBot Echo reevaluating
ChatterBot Echo reevaluating
ChatterBot Echo reevaluating
ChatterBot Uniform round 9
ChatterBot Oscar round 9
ChatterBot November round 9
ChatterBot Bravo round 9
ChatterBot India round 9
ChatterBot X-ray round 9
2024-10-14 20:36:28.571716 Echo: We should add Bravo
2024-10-14 20:36:28.595848 Hotel: No
2024-10-14 20:36:28.596640 Yankee: No
2024-10-14 20:36:28.596835 November: No
2024-10-14 20:36:28.597009 Victor: No
2024-10-14 20:36:28.597177 Oscar: No
ChatterBot Echo reevaluating
ChatterBot Echo reevaluating
ChatterBot Echo reevaluating
ChatterBot Echo reevaluating
ChatterBot Echo reevaluating
2024-10-14 20:36:28.787984 Yankee: Hotel, Victor, Oscar and November, sending you 3
2024-10-14 20:36:28.789973 Victor: Hotel, sending you 7
2024-10-14 20:36:28.795249 Yankee: Echo, sending you 2
2024-10-14 20:36:28.796104 Victor: Yankee, sending you 4
2024-10-14 20:36:28.797607 November: Hotel, Yankee and Oscar, sending you 3
2024-10-14 20:36:28.799011 Bravo: Uniform, sending you 6
2024-10-14 20:36:28.799578 Uniform: Bravo, sending you 8
2024-10-14 20:36:28.800682 Oscar: Hotel, sending you 4
2024-10-14 20:36:28.802382 Hotel: Yankee and November, sending you 3
2024-10-14 20:36:28.803462 Victor: Echo, Oscar and November, sending you 2
2024-10-14 20:36:28.804942 Bravo: India, sending you 3
2024-10-14 20:36:28.805403 November: Echo and Victor, sending you 2
2024-10-14 20:36:28.806879 Echo: Hotel, Yankee and Oscar, sending you 3
2024-10-14 20:36:28.808116 X-ray: Uniform, sending you 4
2024-10-14 20:36:28.808634 Uniform: India, sending you 2
2024-10-14 20:36:28.810179 Oscar: Yankee and November, sending you 3
2024-10-14 20:36:28.811754 Hotel: Echo, sending you 2
2024-10-14 20:36:28.813292 India: Uniform, sending you 3
2024-10-14 20:36:28.813848 Bravo: X-ray, sending you 4
2024-10-14 20:36:28.814400 Echo: Victor and November, sending you 2
2024-10-14 20:36:28.815996 X-ray: Bravo and India, sending you 5
2024-10-14 20:36:28.816983 Uniform: X-ray, sending you 3
2024-10-14 20:36:28.817484 Oscar: Echo and Victor, sending you 2
2024-10-14 20:36:28.818930 Hotel: Victor, sending you 6
2024-10-14 20:36:28.819900 India: Bravo, sending you 4
2024-10-14 20:36:28.824348 Hotel: Oscar, sending you 4
2024-10-14 20:36:28.825089 Hotel: I was attacked by X-ray
2024-10-14 20:36:28.841972 Hotel: Ow
2024-10-14 20:36:28.842336 India: X-ray, sending you 6
chatterbot Victor submitting transactions
chatterbot X-ray submitting transactions
chatterbot Bravo submitting transactions
chatterbot Hotel submitting transactions
chatterbot Yankee submitting transactions
chatterbot India submitting transactions
chatterbot Echo submitting transactions
chatterbot November submitting transactions
chatterbot Oscar submitting transactions
chatterbot Uniform submitting transactions
ChatterBot Hotel round 10
ChatterBot Yankee round 10
ChatterBot Echo round 10
ChatterBot Victor round 10
ChatterBot Uniform round 10
ChatterBot Oscar round 10
ChatterBot November round 10
ChatterBot Bravo round 10
ChatterBot India round 10
ChatterBot X-ray round 10
2024-10-14 20:36:29.984999 Hotel: Yankee and November, sending you 3
2024-10-14 20:36:29.989694 Hotel: Echo, sending you 2
2024-10-14 20:36:29.991675 Yankee: Hotel, Victor, Oscar and November, sending you 3
2024-10-14 20:36:29.993535 Echo: Hotel, Yankee and Oscar, sending you 3
2024-10-14 20:36:29.995399 Hotel: Victor, sending you 6
2024-10-14 20:36:29.996395 India: Uniform, sending you 3
2024-10-14 20:36:29.997573 November: Hotel, Yankee and Oscar, sending you 3
2024-10-14 20:36:29.999053 Yankee: Echo, sending you 2
2024-10-14 20:36:29.999867 Echo: Victor and November, sending you 2
2024-10-14 20:36:30.001436 Hotel: Oscar, sending you 4
2024-10-14 20:36:30.002999 Hotel: I was attacked by X-ray
2024-10-14 20:36:30.022656 Hotel: Ow
2024-10-14 20:36:30.023602 India: Bravo, sending you 4
2024-10-14 20:36:30.024062 Uniform: Bravo, sending you 8
2024-10-14 20:36:30.024525 Oscar: Hotel, sending you 4
2024-10-14 20:36:30.025827 November: Echo and Victor, sending you 2
2024-10-14 20:36:30.027334 Bravo: Uniform, sending you 6
2024-10-14 20:36:30.027838 Victor: Hotel, sending you 7
2024-10-14 20:36:30.029546 India: X-ray, sending you 6
2024-10-14 20:36:30.030006 Uniform: India, sending you 2
2024-10-14 20:36:30.030971 Oscar: Yankee and November, sending you 3
2024-10-14 20:36:30.031908 Bravo: India, sending you 3
2024-10-14 20:36:30.032900 X-ray: Uniform and India, sending you 5
2024-10-14 20:36:30.033749 Victor: Yankee, sending you 4
2024-10-14 20:36:30.035209 Uniform: X-ray, sending you 3
2024-10-14 20:36:30.035726 Oscar: Echo and Victor, sending you 2
2024-10-14 20:36:30.037141 Bravo: X-ray, sending you 4
2024-10-14 20:36:30.037882 X-ray: Bravo, sending you 6
2024-10-14 20:36:30.039680 Victor: Echo, Oscar and November, sending you 2
chatterbot Yankee submitting transactions
chatterbot Echo submitting transactions
chatterbot Oscar submitting transactions
chatterbot X-ray submitting transactions
chatterbot Victor submitting transactions
chatterbot Uniform submitting transactions
chatterbot November submitting transactions
chatterbot India submitting transactions
chatterbot Hotel submitting transactions
chatterbot Bravo submitting transactions
ChatterBot Hotel round 11
ChatterBot Yankee round 11
ChatterBot Echo round 11
ChatterBot Victor round 11
ChatterBot Uniform round 11
ChatterBot Oscar round 11
ChatterBot November round 11
ChatterBot Bravo round 11
ChatterBot India round 11
ChatterBot X-ray round 11
2024-10-14 20:36:31.243588 India: We should add Victor
ChatterBot Bravo reevaluating
ChatterBot X-ray reevaluating
2024-10-14 20:36:31.262752 Bravo: Yes
2024-10-14 20:36:31.263580 Uniform: No
2024-10-14 20:36:31.263841 X-ray: Yes
ChatterBot Uniform reevaluating
ChatterBot India reevaluating
ChatterBot X-ray reevaluating
ChatterBot Bravo reevaluating
ChatterBot India reevaluating
ChatterBot X-ray reevaluating
ChatterBot Bravo reevaluating
ChatterBot Uniform reevaluating
ChatterBot India reevaluating
2024-10-14 20:36:31.326094 Uniform: Victor we want you to join our group
2024-10-14 20:36:31.332141 Victor: No
ChatterBot India reevaluating
ChatterBot X-ray reevaluating
2024-10-14 20:36:31.350445 X-ray: We should add November
ChatterBot India reevaluating
2024-10-14 20:36:31.369245 Bravo: No
2024-10-14 20:36:31.369424 Uniform: No
2024-10-14 20:36:31.370644 India: Yes
ChatterBot India reevaluating
ChatterBot X-ray reevaluating
ChatterBot India reevaluating
ChatterBot X-ray reevaluating
ChatterBot Bravo reevaluating
ChatterBot X-ray reevaluating
2024-10-14 20:36:31.412856 Yankee: Hotel, Victor, Oscar and November, sending you 3
2024-10-14 20:36:31.431837 Bravo: November we want you to join our group
2024-10-14 20:36:31.436005 November: No
ChatterBot Bravo reevaluating
ChatterBot India reevaluating
ChatterBot X-ray reevaluating
2024-10-14 20:36:31.450823 Victor: Hotel, sending you 7
2024-10-14 20:36:31.452180 November: Hotel, Yankee and Oscar, sending you 3
2024-10-14 20:36:31.452998 Hotel: Yankee and November, sending you 3
2024-10-14 20:36:31.454936 Oscar: Hotel, sending you 4
2024-10-14 20:36:31.456811 Echo: Hotel, Yankee, Oscar and November, sending you 3
2024-10-14 20:36:31.458660 Yankee: Echo, sending you 2
2024-10-14 20:36:31.460524 November: Echo and Victor, sending you 2
2024-10-14 20:36:31.462160 India: Victor we want you to join our group
2024-10-14 20:36:31.465702 Victor: No
ChatterBot Bravo reevaluating
ChatterBot X-ray reevaluating
2024-10-14 20:36:31.479867 Victor: Yankee, sending you 4
2024-10-14 20:36:31.481958 Hotel: Echo, sending you 2
2024-10-14 20:36:31.483867 Oscar: Yankee and November, sending you 3
2024-10-14 20:36:31.485981 Echo: Victor, sending you 2
2024-10-14 20:36:31.487817 Uniform: Bravo, sending you 7
2024-10-14 20:36:31.488700 X-ray: Victor we want you to join our group
2024-10-14 20:36:31.493331 Victor: No
ChatterBot Bravo reevaluating
ChatterBot X-ray reevaluating
2024-10-14 20:36:31.505759 Victor: Echo, Oscar and November, sending you 2
2024-10-14 20:36:31.507846 Hotel: Victor, sending you 6
2024-10-14 20:36:31.509571 Oscar: Echo and Victor, sending you 2
2024-10-14 20:36:31.511906 Uniform: India, sending you 2
2024-10-14 20:36:31.512840 Hotel: Oscar, sending you 4
2024-10-14 20:36:31.515674 Uniform: X-ray, sending you 4
2024-10-14 20:36:31.517689 India: Victor, sending you 1
2024-10-14 20:36:31.521672 India: Uniform, sending you 3
2024-10-14 20:36:31.526660 India: Bravo, sending you 4
2024-10-14 20:36:31.531782 India: X-ray, sending you 5
2024-10-14 20:36:31.532690 Bravo: Uniform, sending you 6
2024-10-14 20:36:31.537183 Bravo: India, sending you 3
2024-10-14 20:36:31.537693 X-ray: Uniform and India, sending you 5
2024-10-14 20:36:31.540663 Bravo: X-ray, sending you 4
2024-10-14 20:36:31.542649 X-ray: Bravo, sending you 6
chatterbot Uniform submitting transactions
chatterbot Victor submitting transactions
chatterbot Yankee submitting transactions
chatterbot Echo submitting transactions
chatterbot India submitting transactions
chatterbot X-ray submitting transactions
chatterbot Oscar submitting transactions
chatterbot November submitting transactions
chatterbot Hotel submitting transactions
chatterbot Bravo submitting transactions
ChatterBot Hotel round 12
ChatterBot Yankee round 12
ChatterBot Echo round 12
ChatterBot Victor round 12
ChatterBot Uniform round 12
ChatterBot Oscar round 12
ChatterBot November round 12
ChatterBot Bravo round 12
ChatterBot India round 12
ChatterBot X-ray round 12
2024-10-14 20:36:32.435334 India: We should replace Victor with Yankee
ChatterBot Bravo reevaluating
2024-10-14 20:36:32.447774 Bravo: No
2024-10-14 20:36:32.447984 Uniform: No
2024-10-14 20:36:32.448153 X-ray: No
ChatterBot India reevaluating
ChatterBot Bravo reevaluating
ChatterBot India reevaluating
ChatterBot Bravo reevaluating
ChatterBot India reevaluating
2024-10-14 20:36:32.619241 Uniform: We should drop Victor
ChatterBot Bravo reevaluating
ChatterBot India reevaluating
2024-10-14 20:36:32.637403 Bravo: Yes
2024-10-14 20:36:32.638224 India: Yes
2024-10-14 20:36:32.638523 X-ray: Yes
ChatterBot India reevaluating
ChatterBot Bravo reevaluating
ChatterBot Bravo reevaluating
ChatterBot India reevaluating
2024-10-14 20:36:32.694029 Echo: Hotel, Yankee, Oscar and November, sending you 3
2024-10-14 20:36:32.697319 Victor: Hotel, sending you 7
2024-10-14 20:36:32.700184 Hotel: Yankee and November, sending you 3
2024-10-14 20:36:32.703323 Yankee: Hotel, Victor, Oscar and November, sending you 3
2024-10-14 20:36:32.705989 Bravo: We should drop November
2024-10-14 20:36:32.720708 Uniform: Yes
2024-10-14 20:36:32.721657 India: Yes
2024-10-14 20:36:32.722049 X-ray: Yes
ChatterBot Bravo reevaluating
ChatterBot Bravo reevaluating
ChatterBot Bravo reevaluating
2024-10-14 20:36:32.764060 Echo: Victor, sending you 2
2024-10-14 20:36:32.767143 Victor: Yankee, sending you 4
2024-10-14 20:36:32.770715 Hotel: Echo, sending you 2
2024-10-14 20:36:32.773908 Oscar: Hotel, Yankee, Echo and November, sending you 3
2024-10-14 20:36:32.777950 Yankee: Echo, sending you 2
2024-10-14 20:36:32.780405 November: Hotel, Yankee and Oscar, sending you 3
2024-10-14 20:36:32.782727 X-ray: Uniform and India, sending you 5
2024-10-14 20:36:32.784520 Victor: Echo, Oscar and November, sending you 2
2024-10-14 20:36:32.787240 Hotel: Victor, sending you 6
2024-10-14 20:36:32.790273 Uniform: Bravo, sending you 7
2024-10-14 20:36:32.792305 Oscar: Victor, sending you 2
2024-10-14 20:36:32.795159 November: Echo and Victor, sending you 2
2024-10-14 20:36:32.798554 X-ray: Bravo, sending you 6
2024-10-14 20:36:32.800426 Hotel: Oscar, sending you 4
2024-10-14 20:36:32.803952 Uniform: India, sending you 2
2024-10-14 20:36:32.817046 India: Uniform, sending you 3
2024-10-14 20:36:32.818408 Uniform: X-ray, sending you 4
2024-10-14 20:36:32.832698 India: Bravo, sending you 4
2024-10-14 20:36:32.855419 India: X-ray, sending you 6
chatterbot X-ray submitting transactions
chatterbot November submitting transactions
chatterbot Yankee submitting transactions
chatterbot Hotel submitting transactions
chatterbot Oscar submitting transactions
chatterbot Echo submitting transactions
chatterbot Victor submitting transactions
chatterbot Uniform submitting transactions
chatterbot Bravo submitting transactions
chatterbot India submitting transactions
ChatterBot Hotel round 13
ChatterBot Yankee round 13
ChatterBot Echo round 13
ChatterBot Victor round 13
ChatterBot Uniform round 13
ChatterBot Oscar round 13
ChatterBot November round 13
ChatterBot Bravo round 13
ChatterBot India round 13
ChatterBot X-ray round 13
2024-10-14 20:36:33.961746 Bravo: We should drop November
ChatterBot India reevaluating
2024-10-14 20:36:33.971707 Uniform: Yes
2024-10-14 20:36:33.971913 India: Yes
2024-10-14 20:36:33.972087 X-ray: Yes
ChatterBot Bravo reevaluating
ChatterBot India reevaluating
ChatterBot Bravo reevaluating
ChatterBot Bravo reevaluating
ChatterBot India reevaluating
2024-10-14 20:36:34.001731 Oscar: Hotel, Yankee, Echo and November, sending you 3
2024-10-14 20:36:34.003706 November: Hotel, Yankee and Oscar, sending you 3
2024-10-14 20:36:34.004845 Uniform: Bravo, sending you 7
2024-10-14 20:36:34.007923 November: Echo and Victor, sending you 2
2024-10-14 20:36:34.009303 Oscar: Victor, sending you 2
2024-10-14 20:36:34.010682 Uniform: India, sending you 2
2024-10-14 20:36:34.011629 Hotel: Yankee and November, sending you 3
