ChatterBot Yankee round 1
ChatterBot Charlie round 1
ChatterBot Lima round 1
ChatterBot Tango round 1
ChatterBot Oscar round 1
ChatterBot November round 1
ChatterBot Juliett round 1
ChatterBot X-ray round 1
ChatterBot Echo round 1
ChatterBot Victor round 1
randomSelections Lima: {Lima, Victor, Charlie, Tango, X-ray, Juliett} 
2024-10-14 20:36:18.152454 Lima: Let's form a team
ChatterBot Victor reevaluating
ChatterBot Charlie reevaluating
ChatterBot Tango reevaluating
ChatterBot X-ray reevaluating
ChatterBot Juliett reevaluating
2024-10-14 20:36:18.163762 Victor: Yes
2024-10-14 20:36:18.163914 Charlie: Yes
2024-10-14 20:36:18.164598 Tango: Yes
2024-10-14 20:36:18.164752 X-ray: Yes
2024-10-14 20:36:18.164993 Juliett: Yes
ChatterBot Charlie reevaluating
ChatterBot Tango reevaluating
ChatterBot X-ray reevaluating
ChatterBot Juliett reevaluating
ChatterBot Victor reevaluating
ChatterBot Tango reevaluating
ChatterBot X-ray reevaluating
ChatterBot Juliett reevaluating
ChatterBot Victor reevaluating
ChatterBot Charlie reevaluating
ChatterBot X-ray reevaluating
ChatterBot Juliett reevaluating
ChatterBot Victor reevaluating
ChatterBot Charlie reevaluating
ChatterBot Tango reevaluating
ChatterBot Juliett reevaluating
ChatterBot Victor reevaluating
ChatterBot Charlie reevaluating
ChatterBot Tango reevaluating
ChatterBot X-ray reevaluating
randomSelections Oscar: {Oscar, Yankee, Lima, X-ray, Victor, Juliett, Echo} 
2024-10-14 20:36:18.207386 Oscar: We would work well together
ChatterBot Yankee reevaluating
ChatterBot X-ray reevaluating
ChatterBot Victor reevaluating
ChatterBot Juliett reevaluating
ChatterBot Echo reevaluating
2024-10-14 20:36:18.217795 Yankee: Yes
2024-10-14 20:36:18.217961 Lima: No
2024-10-14 20:36:18.218126 X-ray: No
2024-10-14 20:36:18.218292 Victor: No
2024-10-14 20:36:18.218445 Juliett: No
2024-10-14 20:36:18.218578 Echo: Yes
ChatterBot X-ray reevaluating
ChatterBot Victor reevaluating
ChatterBot Juliett reevaluating
ChatterBot Echo reevaluating
ChatterBot Yankee reevaluating
ChatterBot X-ray reevaluating
ChatterBot Victor reevaluating
ChatterBot Juliett reevaluating
ChatterBot Echo reevaluating
ChatterBot Yankee reevaluating
ChatterBot Victor reevaluating
ChatterBot Juliett reevaluating
ChatterBot Echo reevaluating
ChatterBot Yankee reevaluating
ChatterBot X-ray reevaluating
ChatterBot Juliett reevaluating
ChatterBot Echo reevaluating
ChatterBot Yankee reevaluating
ChatterBot X-ray reevaluating
ChatterBot Victor reevaluating
ChatterBot Echo reevaluating
ChatterBot Yankee reevaluating
ChatterBot X-ray reevaluating
ChatterBot Victor reevaluating
ChatterBot Juliett reevaluating
randomSelections November: {November, Juliett, X-ray, Victor, Oscar, Yankee} 
2024-10-14 20:36:18.282204 November: We would work well together
ChatterBot Juliett reevaluating
ChatterBot X-ray reevaluating
ChatterBot Victor reevaluating
ChatterBot Yankee reevaluating
2024-10-14 20:36:18.289606 Juliett: No
2024-10-14 20:36:18.290681 X-ray: No
2024-10-14 20:36:18.291093 Victor: No
2024-10-14 20:36:18.291347 Oscar: No
2024-10-14 20:36:18.291720 Yankee: No
ChatterBot X-ray reevaluating
ChatterBot Victor reevaluating
ChatterBot Yankee reevaluating
ChatterBot Juliett reevaluating
ChatterBot Victor reevaluating
ChatterBot Yankee reevaluating
ChatterBot Juliett reevaluating
ChatterBot X-ray reevaluating
ChatterBot Yankee reevaluating
ChatterBot Juliett reevaluating
ChatterBot X-ray reevaluating
ChatterBot Victor reevaluating
ChatterBot Yankee reevaluating
ChatterBot Juliett reevaluating
ChatterBot X-ray reevaluating
ChatterBot Victor reevaluating
2024-10-14 20:36:18.350172 Oscar: Yankee and Juliett, sending you 2
2024-10-14 20:36:18.350708 November: Yankee, X-ray and Victor, sending you 2
2024-10-14 20:36:18.351141 Lima: Charlie, Tango, Juliett and Victor, sending you 2
2024-10-14 20:36:18.352679 X-ray: Charlie, sending you 1
2024-10-14 20:36:18.353697 Yankee: Lima, sending you 3
2024-10-14 20:36:18.355471 Oscar: Lima and X-ray, sending you 4
2024-10-14 20:36:18.355896 Lima: X-ray, sending you 1
2024-10-14 20:36:18.356239 Charlie: Lima, sending you 5
2024-10-14 20:36:18.356708 Echo: Yankee, sending you 2
2024-10-14 20:36:18.358052 November: Oscar, sending you 7
2024-10-14 20:36:18.358444 X-ray: Lima and Victor, sending you 5
2024-10-14 20:36:18.358757 Yankee: Oscar and X-ray, sending you 4
2024-10-14 20:36:18.360394 Tango: Charlie, sending you 4
2024-10-14 20:36:18.361449 Oscar: Victor, sending you 1
2024-10-14 20:36:18.361807 Charlie: Tango, sending you 4
2024-10-14 20:36:18.363229 Victor: Charlie, Lima and Tango, sending you 4
2024-10-14 20:36:18.363594 Echo: Lima and X-ray, sending you 1
2024-10-14 20:36:18.363873 November: Juliett, sending you 3
2024-10-14 20:36:18.364222 Yankee: Echo, sending you 1
2024-10-14 20:36:18.365602 Juliett: Charlie and Tango, sending you 3
2024-10-14 20:36:18.365995 X-ray: Tango, sending you 3
2024-10-14 20:36:18.366320 Tango: Lima and Juliett, sending you 2
2024-10-14 20:36:18.366664 Charlie: Juliett and X-ray, sending you 3
2024-10-14 20:36:18.367795 Victor: Juliett, sending you 3
2024-10-14 20:36:18.368117 Echo: Oscar, sending you 3
2024-10-14 20:36:18.369498 Juliett: Lima, sending you 1
2024-10-14 20:36:18.369919 Tango: Victor, sending you 1
2024-10-14 20:36:18.370245 Yankee: Victor, sending you 2
2024-10-14 20:36:18.370684 Victor: X-ray, sending you 2
2024-10-14 20:36:18.371975 Echo: Juliett, sending you 5
2024-10-14 20:36:18.374131 Charlie: Victor, sending you 1
2024-10-14 20:36:18.374564 Juliett: X-ray, sending you 2
2024-10-14 20:36:18.376928 Echo: Victor, sending you 4
2024-10-14 20:36:18.379749 Juliett: Victor, sending you 4
chatterbot November submitting transactions
chatterbot Victor submitting transactions
chatterbot Juliett submitting transactions
chatterbot Oscar submitting transactions
chatterbot Echo submitting transactions
chatterbot Lima submitting transactions
chatterbot Charlie submitting transactions
chatterbot Tango submitting transactions
chatterbot X-ray submitting transactions
chatterbot Yankee submitting transactions
ChatterBot Yankee round 2
ChatterBot Charlie round 2
ChatterBot Lima round 2
ChatterBot Tango round 2
ChatterBot Oscar round 2
2024-10-14 20:36:21.110852 Yankee: Friends?
ChatterBot Oscar reevaluating
ChatterBot November reevaluating
ChatterBot Echo reevaluating
2024-10-14 20:36:21.158011 Oscar: Yes
2024-10-14 20:36:21.158208 November: No
2024-10-14 20:36:21.158391 Echo: No
ChatterBot November reevaluating
ChatterBot Echo reevaluating
ChatterBot Oscar reevaluating
ChatterBot Echo reevaluating
ChatterBot Oscar reevaluating
ChatterBot November reevaluating
2024-10-14 20:36:21.347069 November: Can we be friends?
2024-10-14 20:36:21.351176 Yankee: Yes
ChatterBot November reevaluating
ChatterBot November round 2
ChatterBot Juliett round 2
ChatterBot X-ray round 2
ChatterBot Echo round 2
ChatterBot Victor round 2
2024-10-14 20:36:21.372021 Lima: We should add Echo
ChatterBot Victor reevaluating
ChatterBot Charlie reevaluating
ChatterBot X-ray reevaluating
ChatterBot Juliett reevaluating
2024-10-14 20:36:21.388911 Victor: Yes
2024-10-14 20:36:21.389156 Charlie: No
2024-10-14 20:36:21.389884 Tango: No
2024-10-14 20:36:21.390029 X-ray: Yes
2024-10-14 20:36:21.390189 Juliett: Yes
ChatterBot Charlie reevaluating
ChatterBot X-ray reevaluating
ChatterBot Juliett reevaluating
ChatterBot Victor reevaluating
ChatterBot X-ray reevaluating
ChatterBot Juliett reevaluating
ChatterBot Victor reevaluating
ChatterBot Charlie reevaluating
ChatterBot X-ray reevaluating
ChatterBot Juliett reevaluating
ChatterBot Victor reevaluating
ChatterBot Charlie reevaluating
ChatterBot Juliett reevaluating
ChatterBot Victor reevaluating
ChatterBot Charlie reevaluating
ChatterBot X-ray reevaluating
2024-10-14 20:36:21.498439 Lima: Echo we want you to join our group
2024-10-14 20:36:21.507564 Echo: No
ChatterBot Charlie reevaluating
ChatterBot Juliett reevaluating
ChatterBot X-ray reevaluating
ChatterBot Victor reevaluating
2024-10-14 20:36:21.592100 Yankee: Oscar and November, sending you 5
2024-10-14 20:36:21.592462 Tango: Charlie and Victor, sending you 4
2024-10-14 20:36:21.592893 Victor: Echo we want you to join our group
ChatterBot Echo reevaluating
2024-10-14 20:36:21.597192 Echo: No
2024-10-14 20:36:21.615476 Echo: Can we be friends?
ChatterBot Oscar reevaluating
2024-10-14 20:36:21.621909 Yankee: Yes
2024-10-14 20:36:21.622047 Oscar: Yes
ChatterBot Echo reevaluating
ChatterBot Oscar reevaluating
ChatterBot Echo reevaluating
2024-10-14 20:36:21.636279 Juliett: Echo we want you to join our group
ChatterBot Echo reevaluating
2024-10-14 20:36:21.640360 Echo: No
2024-10-14 20:36:21.657470 Yankee: Echo, sending you 4
2024-10-14 20:36:21.657738 Tango: Lima, sending you 2
2024-10-14 20:36:21.670759 November: Yankee, sending you 6
2024-10-14 20:36:21.671630 X-ray: Yankee and Oscar, sending you 4
2024-10-14 20:36:21.672062 Lima: Charlie, Tango, Juliett, X-ray, Echo and Victor, sending you 2
2024-10-14 20:36:21.673052 Tango: Juliett and X-ray, sending you 3
2024-10-14 20:36:21.673564 Charlie: Lima and Juliett, sending you 3
2024-10-14 20:36:21.720811 November: Oscar and Echo, sending you 5
2024-10-14 20:36:21.721247 X-ray: November, sending you 3
2024-10-14 20:36:21.722028 Charlie: Tango and Victor, sending you 4
2024-10-14 20:36:21.722409 Juliett: Charlie and Victor, sending you 3
2024-10-14 20:36:21.722733 Oscar: Yankee and Echo, sending you 4
2024-10-14 20:36:21.723037 Victor: Charlie, Lima, Juliett, X-ray and Echo, sending you 3
2024-10-14 20:36:21.748025 Charlie: X-ray, sending you 2
2024-10-14 20:36:21.748961 X-ray: Echo, sending you 2
2024-10-14 20:36:21.749298 Juliett: Lima, sending you 2
2024-10-14 20:36:21.749718 Oscar: November, sending you 5
2024-10-14 20:36:21.750528 Echo: Yankee, sending you 11
2024-10-14 20:36:21.750817 Victor: Tango, sending you 2
2024-10-14 20:36:21.771293 Juliett: Tango, sending you 1
2024-10-14 20:36:21.772291 Echo: Oscar, sending you 3
2024-10-14 20:36:21.796082 Juliett: Echo, sending you 4
2024-10-14 20:36:21.796455 Echo: November, sending you 2
chatterbot Charlie submitting transactions
chatterbot Yankee submitting transactions
chatterbot Lima submitting transactions
chatterbot Tango submitting transactions
chatterbot Echo submitting transactions
chatterbot November submitting transactions
chatterbot Juliett submitting transactions
chatterbot Victor submitting transactions
chatterbot X-ray submitting transactions
chatterbot Oscar submitting transactions
ChatterBot Yankee round 3
ChatterBot Charlie round 3
ChatterBot Lima round 3
ChatterBot Tango round 3
ChatterBot Oscar round 3
ChatterBot November round 3
ChatterBot Juliett round 3
ChatterBot X-ray round 3
ChatterBot Echo round 3
ChatterBot Victor round 3
2024-10-14 20:36:22.897730 Yankee: We should add X-ray
ChatterBot Oscar reevaluating
ChatterBot November reevaluating
ChatterBot Echo reevaluating
2024-10-14 20:36:22.911266 Oscar: Yes
2024-10-14 20:36:22.911608 November: Yes
2024-10-14 20:36:22.912457 Echo: Yes
ChatterBot November reevaluating
ChatterBot Echo reevaluating
ChatterBot Oscar reevaluating
ChatterBot Echo reevaluating
ChatterBot Oscar reevaluating
ChatterBot November reevaluating
2024-10-14 20:36:23.006350 Yankee: X-ray we want you to join our group
2024-10-14 20:36:23.014088 X-ray: No
ChatterBot Oscar reevaluating
ChatterBot November reevaluating
ChatterBot Echo reevaluating
2024-10-14 20:36:23.028357 Lima: We should drop Echo
2024-10-14 20:36:23.042266 Victor: Yes
2024-10-14 20:36:23.042465 Charlie: Yes
2024-10-14 20:36:23.042600 Tango: Yes
2024-10-14 20:36:23.042727 X-ray: Yes
2024-10-14 20:36:23.042883 Juliett: Yes
2024-10-14 20:36:23.108413 November: X-ray we want you to join our group
2024-10-14 20:36:23.111370 X-ray: No
ChatterBot Oscar reevaluating
2024-10-14 20:36:23.121289 Echo: X-ray we want you to join our group
2024-10-14 20:36:23.124284 X-ray: No
ChatterBot Oscar reevaluating
2024-10-14 20:36:23.137797 Tango: Charlie and Victor, sending you 4
2024-10-14 20:36:23.138338 Charlie: Lima, Juliett and Victor, sending you 3
2024-10-14 20:36:23.138763 Oscar: X-ray we want you to join our group
2024-10-14 20:36:23.141750 X-ray: No
ChatterBot Oscar reevaluating
2024-10-14 20:36:23.154911 X-ray: Charlie, Lima, Tango and Victor, sending you 3
2024-10-14 20:36:23.155306 Lima: Charlie, Tango, Juliett, X-ray and Victor, sending you 2
2024-10-14 20:36:23.156291 Yankee: Oscar, November and X-ray, sending you 3
2024-10-14 20:36:23.156590 Tango: Lima and Juliett, sending you 3
2024-10-14 20:36:23.156972 Charlie: Tango, sending you 5
2024-10-14 20:36:23.158699 X-ray: Juliett, sending you 2
2024-10-14 20:36:23.159700 Yankee: Echo, sending you 5
2024-10-14 20:36:23.160162 Juliett: Charlie, Lima and Tango, sending you 3
2024-10-14 20:36:23.160530 Echo: Yankee, sending you 5
2024-10-14 20:36:23.160813 November: Yankee and X-ray, sending you 4
2024-10-14 20:36:23.161452 Charlie: X-ray, sending you 2
2024-10-14 20:36:23.161908 Tango: X-ray, sending you 2
2024-10-14 20:36:23.162506 Victor: Charlie, Lima, Tango and X-ray, sending you 3
2024-10-14 20:36:23.163685 Juliett: Victor, sending you 4
2024-10-14 20:36:23.165664 Echo: Oscar and November, sending you 4
2024-10-14 20:36:23.166049 November: Oscar, sending you 5
2024-10-14 20:36:23.167689 Victor: Juliett, sending you 5
2024-10-14 20:36:23.170837 Echo: X-ray, sending you 3
2024-10-14 20:36:23.171244 November: Echo, sending you 3
2024-10-14 20:36:23.186687 Oscar: Yankee and November, sending you 4
2024-10-14 20:36:23.190675 Oscar: X-ray, sending you 2
2024-10-14 20:36:23.194694 Oscar: Echo, sending you 3
chatterbot Tango submitting transactions
chatterbot Charlie submitting transactions
chatterbot November submitting transactions
chatterbot Echo submitting transactions
chatterbot Oscar submitting transactions
chatterbot X-ray submitting transactions
chatterbot Juliett submitting transactions
chatterbot Yankee submitting transactions
chatterbot Lima submitting transactions
chatterbot Victor submitting transactions
ChatterBot Yankee round 4
ChatterBot Charlie round 4
ChatterBot Lima round 4
ChatterBot Tango round 4
ChatterBot Oscar round 4
ChatterBot November round 4
ChatterBot Juliett round 4
ChatterBot X-ray round 4
ChatterBot Echo round 4
ChatterBot Victor round 4
2024-10-14 20:36:24.197666 Yankee: We should drop X-ray
ChatterBot Echo reevaluating
2024-10-14 20:36:24.207585 Oscar: Yes
2024-10-14 20:36:24.207763 November: Yes
2024-10-14 20:36:24.207918 Echo: Yes
ChatterBot November reevaluating
ChatterBot Echo reevaluating
ChatterBot Oscar reevaluating
ChatterBot Echo reevaluating
ChatterBot Oscar reevaluating
ChatterBot November reevaluating
2024-10-14 20:36:24.233664 Lima: Same as last round
2024-10-14 20:36:24.234245 Charlie: Lima, Juliett, X-ray and Victor, sending you 3
2024-10-14 20:36:24.237684 Charlie: Tango, sending you 4
2024-10-14 20:36:24.239678 Juliett: Charlie and Tango, sending you 3
2024-10-14 20:36:24.240699 X-ray: Charlie, Lima and Tango, sending you 3
2024-10-14 20:36:24.243682 X-ray: Juliett, sending you 1
2024-10-14 20:36:24.244672 Juliett: Lima, sending you 2
2024-10-14 20:36:24.245689 Tango: Charlie, sending you 4
2024-10-14 20:36:24.246942 Oscar: Yankee and Echo, sending you 4
2024-10-14 20:36:24.247685 X-ray: Victor, sending you 4
2024-10-14 20:36:24.248677 Juliett: X-ray, sending you 1
2024-10-14 20:36:24.249685 Tango: Lima, Juliett, X-ray and Victor, sending you 3
2024-10-14 20:36:24.250783 Oscar: November, sending you 5
2024-10-14 20:36:24.251212 November: Yankee and Echo, sending you 5
2024-10-14 20:36:24.251618 Yankee: Oscar and Echo, sending you 5
2024-10-14 20:36:24.252694 Juliett: Victor, sending you 4
2024-10-14 20:36:24.254227 Victor: Charlie, Lima, Tango and X-ray, sending you 3
2024-10-14 20:36:24.255675 November: Oscar, sending you 6
2024-10-14 20:36:24.255971 Yankee: November, sending you 4
2024-10-14 20:36:24.257806 Echo: Yankee, sending you 6
2024-10-14 20:36:24.259676 Victor: Juliett, sending you 5
2024-10-14 20:36:24.262657 Echo: Oscar and November, sending you 5
chatterbot Oscar submitting transactions
chatterbot Charlie submitting transactions
chatterbot Yankee submitting transactions
chatterbot November submitting transactions
chatterbot Echo submitting transactions
chatterbot Tango submitting transactions
chatterbot X-ray submitting transactions
chatterbot Juliett submitting transactions
chatterbot Victor submitting transactions
chatterbot Lima submitting transactions
ChatterBot Yankee round 5
ChatterBot Charlie round 5
ChatterBot Lima round 5
ChatterBot Tango round 5
ChatterBot Oscar round 5
ChatterBot November round 5
ChatterBot Juliett round 5
ChatterBot X-ray round 5
ChatterBot Echo round 5
ChatterBot Victor round 5
2024-10-14 20:36:25.439745 Tango: Charlie, sending you 4
2024-10-14 20:36:25.444676 Tango: Lima, Juliett, X-ray and Victor, sending you 3
2024-10-14 20:36:25.446688 Lima: Same as last round
2024-10-14 20:36:25.450678 Echo: Yankee, sending you 6
2024-10-14 20:36:25.451051 Juliett: Charlie and Tango, sending you 3
2024-10-14 20:36:25.452672 November: Yankee and Echo, sending you 5
2024-10-14 20:36:25.453645 Victor: Charlie, Lima, Tango and X-ray, sending you 3
2024-10-14 20:36:25.454208 Charlie: Lima, Juliett, X-ray and Victor, sending you 3
2024-10-14 20:36:25.455241 Juliett: Lima, sending you 2
2024-10-14 20:36:25.455901 Echo: Oscar and November, sending you 5
2024-10-14 20:36:25.456666 November: Oscar, sending you 6
2024-10-14 20:36:25.457674 Victor: Juliett, sending you 5
2024-10-14 20:36:25.458658 Juliett: X-ray, sending you 1
2024-10-14 20:36:25.459277 X-ray: Charlie, Lima, Tango and Victor, sending you 3
2024-10-14 20:36:25.460469 Charlie: Tango, sending you 4
2024-10-14 20:36:25.461033 Yankee: Oscar and Echo, sending you 5
2024-10-14 20:36:25.461395 Oscar: Yankee and Echo, sending you 4
2024-10-14 20:36:25.462669 X-ray: Juliett, sending you 2
2024-10-14 20:36:25.463663 Juliett: Victor, sending you 4
2024-10-14 20:36:25.465648 Yankee: November, sending you 4
2024-10-14 20:36:25.466682 Oscar: November, sending you 5
chatterbot Juliett submitting transactions
chatterbot Victor submitting transactions
chatterbot Yankee submitting transactions
chatterbot Echo submitting transactions
chatterbot November submitting transactions
chatterbot Charlie submitting transactions
chatterbot Oscar submitting transactions
chatterbot X-ray submitting transactions
chatterbot Tango submitting transactions
chatterbot Lima submitting transactions
ChatterBot Yankee round 6
ChatterBot Charlie round 6
ChatterBot Lima round 6
ChatterBot Tango round 6
ChatterBot Oscar round 6
ChatterBot November round 6
ChatterBot Juliett round 6
ChatterBot X-ray round 6
ChatterBot Echo round 6
ChatterBot Victor round 6
2024-10-14 20:36:26.746690 Charlie: Lima, Juliett, X-ray and Victor, sending you 3
2024-10-14 20:36:26.748165 Lima: Same as last round
2024-10-14 20:36:26.748919 Yankee: Oscar and Echo, sending you 5
2024-10-14 20:36:26.750773 Tango: Charlie, sending you 4
2024-10-14 20:36:26.751884 Yankee: November, sending you 4
2024-10-14 20:36:26.752689 Charlie: Tango, sending you 4
2024-10-14 20:36:26.754688 Tango: Lima, Juliett, X-ray and Victor, sending you 3
2024-10-14 20:36:26.755386 November: Yankee and Echo, sending you 5
2024-10-14 20:36:26.760993 November: Oscar, sending you 6
2024-10-14 20:36:26.761680 Juliett: Charlie and Tango, sending you 3
2024-10-14 20:36:26.764964 Juliett: Lima, sending you 2
2024-10-14 20:36:26.765866 Oscar: Yankee and Echo, sending you 4
2024-10-14 20:36:26.767652 X-ray: Charlie, Lima, Tango and Victor, sending you 3
2024-10-14 20:36:26.768971 Victor: Charlie, Lima, Tango and X-ray, sending you 3
2024-10-14 20:36:26.769960 Echo: Yankee, sending you 6
2024-10-14 20:36:26.770892 Juliett: X-ray, sending you 1
2024-10-14 20:36:26.771732 Oscar: November, sending you 5
2024-10-14 20:36:26.773031 X-ray: Juliett, sending you 2
2024-10-14 20:36:26.773846 Victor: Juliett, sending you 5
2024-10-14 20:36:26.774785 Echo: Oscar and November, sending you 5
2024-10-14 20:36:26.775659 Juliett: Victor, sending you 4
chatterbot Tango submitting transactions
chatterbot Oscar submitting transactions
chatterbot Lima submitting transactions
chatterbot November submitting transactions
chatterbot X-ray submitting transactions
chatterbot Victor submitting transactions
chatterbot Juliett submitting transactions
chatterbot Yankee submitting transactions
chatterbot Charlie submitting transactions
chatterbot Echo submitting transactions
ChatterBot Yankee round 7
ChatterBot Charlie round 7
ChatterBot Lima round 7
ChatterBot Tango round 7
ChatterBot Oscar round 7
ChatterBot November round 7
ChatterBot Juliett round 7
ChatterBot X-ray round 7
ChatterBot Echo round 7
ChatterBot Victor round 7
2024-10-14 20:36:27.814674 Charlie: Lima, Juliett, X-ray and Victor, sending you 3
2024-10-14 20:36:27.816700 Yankee: Oscar, sending you 4
2024-10-14 20:36:27.817678 Lima: Same as last round
2024-10-14 20:36:27.818658 Charlie: Tango, sending you 4
2024-10-14 20:36:27.822170 Tango: Charlie, sending you 4
2024-10-14 20:36:27.823127 Yankee: November and Echo, sending you 5
2024-10-14 20:36:27.823839 Oscar: Yankee and Echo, sending you 4
2024-10-14 20:36:27.825682 Tango: Lima, Juliett, X-ray and Victor, sending you 3
2024-10-14 20:36:27.828684 Oscar: November, sending you 5
2024-10-14 20:36:27.829679 November: Yankee and Echo, sending you 5
2024-10-14 20:36:27.830364 Juliett: Charlie and Tango, sending you 3
2024-10-14 20:36:27.830866 Victor: Charlie, Lima, Tango and X-ray, sending you 3
2024-10-14 20:36:27.831297 X-ray: Charlie, Lima, Tango and Victor, sending you 3
2024-10-14 20:36:27.834647 Echo: Yankee, sending you 6
2024-10-14 20:36:27.835052 November: Oscar, sending you 6
2024-10-14 20:36:27.835355 Juliett: Lima, sending you 2
2024-10-14 20:36:27.835938 Victor: Juliett, sending you 5
2024-10-14 20:36:27.836668 X-ray: Juliett, sending you 2
2024-10-14 20:36:27.839661 Echo: Oscar and November, sending you 5
2024-10-14 20:36:27.840774 Juliett: X-ray, sending you 1
2024-10-14 20:36:27.845649 Juliett: Victor, sending you 4
chatterbot November submitting transactions
chatterbot Yankee submitting transactions
chatterbot Lima submitting transactions
chatterbot Victor submitting transactions
chatterbot X-ray submitting transactions
chatterbot Juliett submitting transactions
chatterbot Oscar submitting transactions
chatterbot Echo submitting transactions
chatterbot Tango submitting transactions
chatterbot Charlie submitting transactions
ChatterBot Yankee round 8
ChatterBot Charlie round 8
ChatterBot Lima round 8
ChatterBot Tango round 8
ChatterBot Oscar round 8
ChatterBot November round 8
ChatterBot Juliett round 8
ChatterBot X-ray round 8
ChatterBot Echo round 8
ChatterBot Victor round 8
2024-10-14 20:36:28.766202 Juliett: Charlie and Tango, sending you 3
2024-10-14 20:36:28.774299 Lima: Same as last round
2024-10-14 20:36:28.775789 Oscar: Yankee and Echo, sending you 4
2024-10-14 20:36:28.776310 November: Yankee and Echo, sending you 5
2024-10-14 20:36:28.777515 Tango: Charlie, sending you 4
2024-10-14 20:36:28.778338 Juliett: Lima, sending you 2
2024-10-14 20:36:28.779800 X-ray: Charlie, Lima, Tango and Victor, sending you 3
2024-10-14 20:36:28.780425 Yankee: Oscar, sending you 4
2024-10-14 20:36:28.781399 Echo: Yankee, sending you 6
2024-10-14 20:36:28.781872 Oscar: November, sending you 5
2024-10-14 20:36:28.782323 Charlie: Lima, Juliett, X-ray and Victor, sending you 3
2024-10-14 20:36:28.783639 Tango: Lima, Juliett, X-ray and Victor, sending you 3
2024-10-14 20:36:28.785102 November: Oscar, sending you 6
2024-10-14 20:36:28.785539 Victor: Charlie, Lima, Tango and X-ray, sending you 3
2024-10-14 20:36:28.786977 Juliett: X-ray, sending you 1
2024-10-14 20:36:28.788005 X-ray: Juliett, sending you 2
2024-10-14 20:36:28.789474 Yankee: November and Echo, sending you 5
2024-10-14 20:36:28.789997 Echo: Oscar and November, sending you 5
2024-10-14 20:36:28.791103 Charlie: Tango, sending you 4
2024-10-14 20:36:28.791918 Victor: Juliett, sending you 5
2024-10-14 20:36:28.793259 Juliett: Victor, sending you 4
chatterbot Juliett submitting transactions
chatterbot Lima submitting transactions
chatterbot Oscar submitting transactions
chatterbot November submitting transactions
chatterbot Tango submitting transactions
chatterbot X-ray submitting transactions
chatterbot Yankee submitting transactions
chatterbot Echo submitting transactions
chatterbot Charlie submitting transactions
chatterbot Victor submitting transactions
ChatterBot Yankee round 9
ChatterBot Charlie round 9
ChatterBot Lima round 9
ChatterBot Tango round 9
ChatterBot Oscar round 9
ChatterBot November round 9
ChatterBot Juliett round 9
ChatterBot X-ray round 9
ChatterBot Echo round 9
ChatterBot Victor round 9
2024-10-14 20:36:29.988717 Charlie: Lima, Juliett, X-ray and Victor, sending you 3
2024-10-14 20:36:29.990402 Juliett: Charlie and Tango, sending you 3
2024-10-14 20:36:29.991562 Lima: Same as last round
2024-10-14 20:36:29.992328 Tango: Charlie, sending you 4
2024-10-14 20:36:29.993706 Victor: Charlie, Lima, Tango and X-ray, sending you 3
2024-10-14 20:36:29.995340 Charlie: Tango, sending you 4
2024-10-14 20:36:29.996126 Juliett: Lima, sending you 2
2024-10-14 20:36:29.997502 Oscar: Yankee and Echo, sending you 4
2024-10-14 20:36:29.998059 Yankee: Oscar, sending you 4
2024-10-14 20:36:29.999221 Tango: Lima, Juliett, X-ray and Victor, sending you 3
2024-10-14 20:36:30.000034 Victor: Juliett, sending you 5
2024-10-14 20:36:30.001478 Juliett: X-ray, sending you 1
2024-10-14 20:36:30.002963 X-ray: Charlie, Lima, Tango and Victor, sending you 3
2024-10-14 20:36:30.003594 Yankee: November and Echo, sending you 5
2024-10-14 20:36:30.004656 Echo: Yankee, sending you 6
2024-10-14 20:36:30.005030 Oscar: November, sending you 5
2024-10-14 20:36:30.005452 November: Yankee and Echo, sending you 5
2024-10-14 20:36:30.006705 Juliett: Victor, sending you 4
2024-10-14 20:36:30.008575 X-ray: Juliett, sending you 2
2024-10-14 20:36:30.010402 Echo: Oscar and November, sending you 5
2024-10-14 20:36:30.011069 November: Oscar, sending you 6
chatterbot Yankee submitting transactions
chatterbot Echo submitting transactions
chatterbot Oscar submitting transactions
chatterbot X-ray submitting transactions
chatterbot Juliett submitting transactions
chatterbot Charlie submitting transactions
chatterbot Tango submitting transactions
chatterbot November submitting transactions
chatterbot Lima submitting transactions
chatterbot Victor submitting transactions
ChatterBot Yankee round 10
ChatterBot Charlie round 10
ChatterBot Lima round 10
ChatterBot Tango round 10
ChatterBot Oscar round 10
ChatterBot November round 10
ChatterBot Juliett round 10
ChatterBot X-ray round 10
ChatterBot Echo round 10
ChatterBot Victor round 10
2024-10-14 20:36:31.451884 Yankee: Oscar, sending you 4
2024-10-14 20:36:31.452532 Oscar: Yankee and Echo, sending you 4
2024-10-14 20:36:31.453103 Charlie: Lima, Juliett, X-ray and Victor, sending you 3
2024-10-14 20:36:31.456004 Juliett: Charlie and Tango, sending you 3
2024-10-14 20:36:31.457875 Tango: Charlie, sending you 4
2024-10-14 20:36:31.459149 Victor: Charlie, Lima, Tango and X-ray, sending you 3
2024-10-14 20:36:31.460695 November: Yankee and Echo, sending you 5
2024-10-14 20:36:31.461952 Yankee: November and Echo, sending you 5
2024-10-14 20:36:31.462640 Oscar: November, sending you 5
2024-10-14 20:36:31.463181 Charlie: Tango, sending you 4
2024-10-14 20:36:31.465200 Juliett: Lima, sending you 2
2024-10-14 20:36:31.466907 Tango: Lima, Juliett, X-ray and Victor, sending you 3
2024-10-14 20:36:31.469169 Lima: Same as last round
2024-10-14 20:36:31.470642 Victor: Juliett, sending you 5
2024-10-14 20:36:31.472632 X-ray: Charlie, Lima, Tango and Victor, sending you 3
2024-10-14 20:36:31.474364 Echo: Yankee, sending you 6
2024-10-14 20:36:31.475812 November: Oscar, sending you 6
2024-10-14 20:36:31.476736 Juliett: X-ray, sending you 1
2024-10-14 20:36:31.479021 X-ray: Juliett, sending you 2
2024-10-14 20:36:31.481111 Echo: Oscar and November, sending you 5
2024-10-14 20:36:31.488317 Juliett: Victor, sending you 4
chatterbot Juliett submitting transactions
chatterbot X-ray submitting transactions
chatterbot Tango submitting transactions
chatterbot Lima submitting transactions
chatterbot Charlie submitting transactions
chatterbot Echo submitting transactions
chatterbot Yankee submitting transactions
chatterbot Oscar submitting transactions
chatterbot Victor submitting transactions
chatterbot November submitting transactions
ChatterBot Yankee round 11
ChatterBot Charlie round 11
ChatterBot Lima round 11
ChatterBot Tango round 11
ChatterBot Oscar round 11
ChatterBot November round 11
ChatterBot Juliett round 11
ChatterBot X-ray round 11
ChatterBot Echo round 11
ChatterBot Victor round 11
2024-10-14 20:36:32.704104 Lima: Same as last round
2024-10-14 20:36:32.711419 November: Yankee and Echo, sending you 5
2024-10-14 20:36:32.712718 Tango: Charlie, sending you 4
2024-10-14 20:36:32.714120 Echo: Yankee, sending you 6
2024-10-14 20:36:32.714841 Oscar: Yankee and Echo, sending you 4
2024-10-14 20:36:32.722362 November: Oscar, sending you 6
2024-10-14 20:36:32.724001 Tango: Lima, Juliett, X-ray and Victor, sending you 3
2024-10-14 20:36:32.726177 Echo: Oscar and November, sending you 5
2024-10-14 20:36:32.726998 Yankee: Oscar, sending you 4
2024-10-14 20:36:32.728477 Oscar: November, sending you 5
2024-10-14 20:36:32.729202 Juliett: Charlie and Tango, sending you 3
2024-10-14 20:36:32.731280 X-ray: Charlie, Lima, Tango and Victor, sending you 3
2024-10-14 20:36:32.737585 Charlie: Lima, Juliett, X-ray and Victor, sending you 3
2024-10-14 20:36:32.745811 Victor: Charlie, Lima, Tango and X-ray, sending you 3
2024-10-14 20:36:32.755498 Yankee: November and Echo, sending you 5
2024-10-14 20:36:32.758524 Juliett: Lima, sending you 2
2024-10-14 20:36:32.761489 X-ray: Juliett, sending you 2
2024-10-14 20:36:32.764923 Charlie: Tango, sending you 4
2024-10-14 20:36:32.768771 Victor: Juliett, sending you 5
2024-10-14 20:36:32.771675 Juliett: X-ray, sending you 1
2024-10-14 20:36:32.792680 Juliett: Victor, sending you 4
chatterbot Tango submitting transactions
chatterbot Charlie submitting transactions
chatterbot Oscar submitting transactions
chatterbot Lima submitting transactions
chatterbot Victor submitting transactions
chatterbot November submitting transactions
chatterbot X-ray submitting transactions
chatterbot Yankee submitting transactions
chatterbot Juliett submitting transactions
chatterbot Echo submitting transactions
ChatterBot Yankee round 12
ChatterBot Charlie round 12
ChatterBot Lima round 12
ChatterBot Tango round 12
ChatterBot Oscar round 12
ChatterBot November round 12
ChatterBot Juliett round 12
ChatterBot X-ray round 12
ChatterBot Echo round 12
ChatterBot Victor round 12
2024-10-14 20:36:33.938659 Lima: Same as last round
2024-10-14 20:36:33.940668 Tango: Charlie, sending you 4
2024-10-14 20:36:33.944672 Tango: Lima, Juliett, X-ray and Victor, sending you 3
2024-10-14 20:36:33.946688 Victor: Charlie, Lima, Tango and X-ray, sending you 3
2024-10-14 20:36:33.947682 Yankee: Oscar, sending you 4
2024-10-14 20:36:33.948200 Charlie: Lima, Juliett, X-ray and Victor, sending you 3
2024-10-14 20:36:33.950695 November: Yankee and Echo, sending you 5
2024-10-14 20:36:33.951183 Juliett: Charlie and Tango, sending you 3
2024-10-14 20:36:33.952586 Echo: Yankee, sending you 6
2024-10-14 20:36:33.952982 Yankee: November and Echo, sending you 5
2024-10-14 20:36:33.953358 Victor: Juliett, sending you 5
2024-10-14 20:36:33.954056 Charlie: Tango, sending you 4
2024-10-14 20:36:33.954694 X-ray: Charlie, Lima, Tango and Victor, sending you 3
2024-10-14 20:36:33.955655 November: Oscar, sending you 6
2024-10-14 20:36:33.956051 Juliett: Lima, sending you 2
2024-10-14 20:36:33.956671 Echo: Oscar and November, sending you 5
2024-10-14 20:36:33.957065 Oscar: Yankee and Echo, sending you 4
2024-10-14 20:36:33.959657 X-ray: Juliett, sending you 2
2024-10-14 20:36:33.960783 Oscar: November, sending you 5
2024-10-14 20:36:33.961675 Juliett: X-ray, sending you 1
2024-10-14 20:36:33.964677 Juliett: Victor, sending you 4
chatterbot Yankee submitting transactions
chatterbot Lima submitting transactions
chatterbot Juliett submitting transactions
chatterbot Oscar submitting transactions
chatterbot Echo submitting transactions
chatterbot Victor submitting transactions
chatterbot Charlie submitting transactions
chatterbot Tango submitting transactions
chatterbot November submitting transactions
chatterbot X-ray submitting transactions
ChatterBot Yankee round 13
ChatterBot Charlie round 13
ChatterBot Lima round 13
ChatterBot Tango round 13
ChatterBot Oscar round 13
ChatterBot November round 13
ChatterBot Juliett round 13
ChatterBot X-ray round 13
ChatterBot Echo round 13
ChatterBot Victor round 13
2024-10-14 20:36:35.282360 X-ray: Charlie, Lima, Tango and Victor, sending you 3
2024-10-14 20:36:35.288666 Oscar: Yankee and Echo, sending you 4
2024-10-14 20:36:35.290695 Lima: Same as last round
2024-10-14 20:36:35.292463 Juliett: Charlie and Tango, sending you 3
2024-10-14 20:36:35.294765 Charlie: Lima, Juliett, X-ray and Victor, sending you 3
2024-10-14 20:36:35.297198 November: Yankee and Echo, sending you 5
2024-10-14 20:36:35.298968 Yankee: Oscar, sending you 4
2024-10-14 20:36:35.299964 Tango: Charlie, sending you 4
2024-10-14 20:36:35.303064 X-ray: Juliett, sending you 2
2024-10-14 20:36:35.305524 Echo: Yankee, sending you 6
2024-10-14 20:36:35.306525 Oscar: November, sending you 5
2024-10-14 20:36:35.308133 Juliett: Lima, sending you 2
2024-10-14 20:36:35.310722 Charlie: Tango, sending you 4
2024-10-14 20:36:35.313245 Yankee: November and Echo, sending you 5
2024-10-14 20:36:35.314800 November: Oscar, sending you 6
2024-10-14 20:36:35.316426 Tango: Lima, Juliett, X-ray and Victor, sending you 3
2024-10-14 20:36:35.318932 Victor: Charlie, Lima, Tango and X-ray, sending you 3
2024-10-14 20:36:35.321760 Echo: Oscar and November, sending you 5
2024-10-14 20:36:35.323487 Juliett: X-ray, sending you 1
2024-10-14 20:36:35.326300 Victor: Juliett, sending you 5
2024-10-14 20:36:35.327735 Juliett: Victor, sending you 4
chatterbot Charlie submitting transactions
chatterbot Yankee submitting transactions
chatterbot November submitting transactions
chatterbot Oscar submitting transactions
chatterbot Echo submitting transactions
chatterbot Juliett submitting transactions
chatterbot Lima submitting transactions
chatterbot X-ray submitting transactions
chatterbot Tango submitting transactions
chatterbot Victor submitting transactions
ChatterBot Yankee round 14
ChatterBot Charlie round 14
ChatterBot Lima round 14
ChatterBot Tango round 14
ChatterBot Oscar round 14
ChatterBot November round 14
ChatterBot Juliett round 14
ChatterBot X-ray round 14
ChatterBot Echo round 14
ChatterBot Victor round 14
2024-10-14 20:36:36.585475 Yankee: Oscar, sending you 4
2024-10-14 20:36:36.597591 Yankee: November and Echo, sending you 5
2024-10-14 20:36:36.599314 Charlie: Lima, Juliett, X-ray and Victor, sending you 3
2024-10-14 20:36:36.601591 Juliett: Charlie and Tango, sending you 3
2024-10-14 20:36:36.603449 Lima: Same as last round
2024-10-14 20:36:36.605162 Oscar: Yankee and Echo, sending you 4
2024-10-14 20:36:36.606470 November: Yankee and Echo, sending you 5
2024-10-14 20:36:36.607031 Charlie: Tango, sending you 4
2024-10-14 20:36:36.608527 Juliett: Lima, sending you 2
2024-10-14 20:36:36.610525 Tango: Charlie, sending you 4
2024-10-14 20:36:36.612578 Oscar: November, sending you 5
2024-10-14 20:36:36.614098 X-ray: Charlie, Lima, Tango and Victor, sending you 3
2024-10-14 20:36:36.616607 Echo: Yankee, sending you 6
2024-10-14 20:36:36.617631 November: Oscar, sending you 6
2024-10-14 20:36:36.619506 Victor: Charlie, Lima, Tango and X-ray, sending you 3
2024-10-14 20:36:36.621447 Juliett: X-ray, sending you 1
2024-10-14 20:36:36.623207 Tango: Lima, Juliett, X-ray and Victor, sending you 3
2024-10-14 20:36:36.625305 X-ray: Juliett, sending you 2
2024-10-14 20:36:36.626597 Echo: Oscar and November, sending you 5
2024-10-14 20:36:36.628311 Victor: Juliett, sending you 5
2024-10-14 20:36:36.630630 Juliett: Victor, sending you 4
chatterbot Yankee submitting transactions
chatterbot Victor submitting transactions
chatterbot Juliett submitting transactions
chatterbot Lima submitting transactions
chatterbot Tango submitting transactions
chatterbot Echo submitting transactions
chatterbot Charlie submitting transactions
chatterbot Oscar submitting transactions
chatterbot X-ray submitting transactions
chatterbot November submitting transactions
ChatterBot Yankee round 15
ChatterBot Charlie round 15
ChatterBot Lima round 15
ChatterBot Tango round 15
ChatterBot Oscar round 15
ChatterBot November round 15
ChatterBot Juliett round 15
ChatterBot X-ray round 15
ChatterBot Echo round 15
ChatterBot Victor round 15
2024-10-14 20:36:37.783677 Yankee: Oscar, sending you 4
2024-10-14 20:36:37.786327 X-ray: Charlie, Lima, Tango and Victor, sending you 3
2024-10-14 20:36:37.787660 Juliett: Charlie and Tango, sending you 3
2024-10-14 20:36:37.789408 Victor: Charlie, Lima, Tango and X-ray, sending you 3
2024-10-14 20:36:37.791316 Yankee: November and Echo, sending you 5
2024-10-14 20:36:37.792455 Oscar: Yankee and Echo, sending you 4
2024-10-14 20:36:37.793061 Charlie: Lima, Juliett, X-ray and Victor, sending you 3
2024-10-14 20:36:37.794433 X-ray: Juliett, sending you 2
2024-10-14 20:36:37.796143 Tango: Charlie, sending you 4
2024-10-14 20:36:37.797191 November: Yankee and Echo, sending you 5
2024-10-14 20:36:37.798210 Juliett: Lima, sending you 2
2024-10-14 20:36:37.799888 Victor: Juliett, sending you 5
2024-10-14 20:36:37.801552 Oscar: November, sending you 5
2024-10-14 20:36:37.802387 Charlie: Tango, sending you 4
2024-10-14 20:36:37.804392 Tango: Lima, Juliett, X-ray and Victor, sending you 3
2024-10-14 20:36:37.806621 November: Oscar, sending you 6
2024-10-14 20:36:37.808116 Juliett: X-ray, sending you 1
2024-10-14 20:36:37.810374 Lima: Same as last round
2024-10-14 20:36:37.812693 Echo: Yankee, sending you 6
2024-10-14 20:36:37.814340 Juliett: Victor, sending you 4
2024-10-14 20:36:37.816661 Echo: Oscar and November, sending you 5
chatterbot Yankee submitting transactions
chatterbot X-ray submitting transactions
chatterbot Juliett submitting transactions
chatterbot Oscar submitting transactions
chatterbot Echo submitting transactions
chatterbot Lima submitting transactions
chatterbot Charlie submitting transactions
chatterbot Tango submitting transactions
chatterbot November submitting transactions
chatterbot Victor submitting transactions
ChatterBot Yankee round 16
ChatterBot Charlie round 16
ChatterBot Lima round 16
ChatterBot Tango round 16
ChatterBot Oscar round 16
ChatterBot November round 16
ChatterBot Juliett round 16
ChatterBot X-ray round 16
ChatterBot Echo round 16
ChatterBot Victor round 16
2024-10-14 20:36:39.095784 Tango: Charlie, sending you 4
2024-10-14 20:36:39.098419 November: Yankee and Echo, sending you 5
2024-10-14 20:36:39.130654 Tango: Lima, Juliett, X-ray and Victor, sending you 3
2024-10-14 20:36:39.132519 November: Oscar, sending you 6
2024-10-14 20:36:39.133905 Lima: Same as last round
2024-10-14 20:36:39.135222 Charlie: Lima, Juliett, X-ray and Victor, sending you 3
2024-10-14 20:36:39.156434 Oscar: Yankee and Echo, sending you 4
2024-10-14 20:36:39.157892 X-ray: Charlie, Lima, Tango and Victor, sending you 3
2024-10-14 20:36:39.159871 Juliett: Charlie and Tango, sending you 3
2024-10-14 20:36:39.161513 Yankee: Oscar, sending you 4
2024-10-14 20:36:39.162894 Echo: Yankee, sending you 6
2024-10-14 20:36:39.163533 Victor: Charlie, Lima, Tango and X-ray, sending you 3
2024-10-14 20:36:39.165512 Charlie: Tango, sending you 4
2024-10-14 20:36:39.167930 Oscar: November, sending you 5
2024-10-14 20:36:39.169670 X-ray: Juliett, sending you 2
