ChatterBot Whiskey round 1
ChatterBot Tango round 1
ChatterBot Mike round 1
ChatterBot Charlie round 1
ChatterBot Juliett round 1
ChatterBot Zulu round 1
ChatterBot Lima round 1
ChatterBot Delta round 1
ChatterBot Golf round 1
ChatterBot Alpha round 1
randomSelections Lima: {Lima, Delta, Charlie, Alpha, Mike, Tango} 
2024-10-14 20:36:18.046755 Lima: We would work well together
ChatterBot Delta reevaluating
ChatterBot Charlie reevaluating
ChatterBot Alpha reevaluating
ChatterBot Mike reevaluating
ChatterBot Tango reevaluating
2024-10-14 20:36:18.061254 Delta: Yes
2024-10-14 20:36:18.061467 Charlie: Yes
2024-10-14 20:36:18.061629 Alpha: Yes
2024-10-14 20:36:18.061773 Mike: Yes
2024-10-14 20:36:18.061930 Tango: Yes
ChatterBot Charlie reevaluating
ChatterBot Alpha reevaluating
ChatterBot Mike reevaluating
ChatterBot Tango reevaluating
ChatterBot Delta reevaluating
ChatterBot Alpha reevaluating
ChatterBot Mike reevaluating
ChatterBot Tango reevaluating
ChatterBot Delta reevaluating
ChatterBot Charlie reevaluating
ChatterBot Mike reevaluating
ChatterBot Tango reevaluating
ChatterBot Delta reevaluating
ChatterBot Charlie reevaluating
ChatterBot Alpha reevaluating
ChatterBot Tango reevaluating
ChatterBot Delta reevaluating
ChatterBot Charlie reevaluating
ChatterBot Alpha reevaluating
ChatterBot Mike reevaluating
randomSelections Whiskey: {Whiskey, Golf, Charlie, Mike} 
2024-10-14 20:36:18.182126 Whiskey: Group up?
ChatterBot Golf reevaluating
ChatterBot Charlie reevaluating
ChatterBot Mike reevaluating
2024-10-14 20:36:18.190177 Golf: Yes
2024-10-14 20:36:18.190392 Charlie: No
2024-10-14 20:36:18.190565 Mike: No
ChatterBot Charlie reevaluating
ChatterBot Mike reevaluating
ChatterBot Golf reevaluating
ChatterBot Mike reevaluating
ChatterBot Golf reevaluating
ChatterBot Charlie reevaluating
randomSelections Zulu: {Zulu, Lima, Golf, Tango, Alpha, Whiskey} 
2024-10-14 20:36:18.215600 Zulu: Let's form a team
ChatterBot Golf reevaluating
ChatterBot Tango reevaluating
ChatterBot Alpha reevaluating
2024-10-14 20:36:18.226994 Lima: No
2024-10-14 20:36:18.227418 Golf: No
2024-10-14 20:36:18.227972 Tango: No
2024-10-14 20:36:18.228579 Alpha: No
2024-10-14 20:36:18.229089 Whiskey: No
ChatterBot Golf reevaluating
ChatterBot Tango reevaluating
ChatterBot Alpha reevaluating
ChatterBot Tango reevaluating
ChatterBot Alpha reevaluating
ChatterBot Golf reevaluating
ChatterBot Alpha reevaluating
ChatterBot Golf reevaluating
ChatterBot Tango reevaluating
ChatterBot Golf reevaluating
ChatterBot Tango reevaluating
ChatterBot Alpha reevaluating
randomSelections Juliett: {Juliett, Charlie, Delta, Tango, Lima, Golf} 
2024-10-14 20:36:18.295876 Juliett: Can we be friends?
ChatterBot Charlie reevaluating
ChatterBot Delta reevaluating
ChatterBot Tango reevaluating
ChatterBot Golf reevaluating
2024-10-14 20:36:18.306348 Charlie: No
2024-10-14 20:36:18.307320 Delta: No
2024-10-14 20:36:18.307608 Tango: No
2024-10-14 20:36:18.307930 Lima: No
2024-10-14 20:36:18.308262 Golf: No
ChatterBot Delta reevaluating
ChatterBot Tango reevaluating
ChatterBot Golf reevaluating
ChatterBot Charlie reevaluating
ChatterBot Tango reevaluating
ChatterBot Golf reevaluating
ChatterBot Charlie reevaluating
ChatterBot Delta reevaluating
ChatterBot Golf reevaluating
ChatterBot Charlie reevaluating
ChatterBot Delta reevaluating
ChatterBot Tango reevaluating
ChatterBot Golf reevaluating
ChatterBot Charlie reevaluating
ChatterBot Delta reevaluating
ChatterBot Tango reevaluating
2024-10-14 20:36:18.381084 Charlie: Mike, sending you 4
2024-10-14 20:36:18.381624 Zulu: Whiskey and Golf, sending you 2
2024-10-14 20:36:18.383071 Whiskey: Mike, sending you 3
2024-10-14 20:36:18.383776 Mike: Tango and Lima, sending you 2
2024-10-14 20:36:18.384667 Golf: Whiskey, sending you 5
2024-10-14 20:36:18.384976 Charlie: Lima, sending you 1
2024-10-14 20:36:18.386881 Whiskey: Charlie and Golf, sending you 4
2024-10-14 20:36:18.388599 Zulu: Tango, sending you 5
2024-10-14 20:36:18.389037 Juliett: Charlie and Delta, sending you 4
2024-10-14 20:36:18.389593 Delta: Tango, Mike and Alpha, sending you 1
2024-10-14 20:36:18.390940 Mike: Charlie, sending you 4
2024-10-14 20:36:18.391344 Lima: Tango and Alpha, sending you 2
2024-10-14 20:36:18.391735 Golf: Mike, sending you 6
2024-10-14 20:36:18.392601 Charlie: Delta and Alpha, sending you 2
2024-10-14 20:36:18.393009 Zulu: Lima, sending you 3
2024-10-14 20:36:18.393399 Juliett: Lima, sending you 6
2024-10-14 20:36:18.394671 Mike: Delta, sending you 6
2024-10-14 20:36:18.395082 Golf: Charlie, sending you 3
2024-10-14 20:36:18.396220 Delta: Lima, sending you 2
2024-10-14 20:36:18.396543 Tango: Mike and Lima, sending you 1
2024-10-14 20:36:18.397004 Lima: Mike, sending you 1
2024-10-14 20:36:18.397374 Alpha: Tango and Charlie, sending you 3
2024-10-14 20:36:18.398680 Zulu: Alpha, sending you 1
2024-10-14 20:36:18.399084 Juliett: Golf, sending you 1
2024-10-14 20:36:18.399370 Mike: Alpha, sending you 1
2024-10-14 20:36:18.399799 Tango: Charlie, sending you 4
2024-10-14 20:36:18.401673 Lima: Charlie, sending you 3
2024-10-14 20:36:18.403284 Alpha: Mike, sending you 2
2024-10-14 20:36:18.405278 Tango: Delta, sending you 6
2024-10-14 20:36:18.407372 Lima: Delta, sending you 6
2024-10-14 20:36:18.409704 Alpha: Lima, sending you 6
2024-10-14 20:36:18.418111 Tango: Alpha, sending you 3
2024-10-14 20:36:18.419167 Alpha: Delta, sending you 1
chatterbot Lima submitting transactions
chatterbot Tango submitting transactions
chatterbot Golf submitting transactions
chatterbot Delta submitting transactions
chatterbot Juliett submitting transactions
chatterbot Mike submitting transactions
chatterbot Charlie submitting transactions
chatterbot Whiskey submitting transactions
chatterbot Zulu submitting transactions
chatterbot Alpha submitting transactions
ChatterBot Whiskey round 2
ChatterBot Tango round 2
ChatterBot Mike round 2
ChatterBot Charlie round 2
ChatterBot Juliett round 2
ChatterBot Zulu round 2
ChatterBot Lima round 2
ChatterBot Delta round 2
ChatterBot Golf round 2
ChatterBot Alpha round 2
2024-10-14 20:36:20.200758 Tango: We should add Juliett and Zulu
ChatterBot Lima reevaluating
ChatterBot Delta reevaluating
ChatterBot Charlie reevaluating
ChatterBot Alpha reevaluating
ChatterBot Mike reevaluating
2024-10-14 20:36:20.240528 Lima: Yes
2024-10-14 20:36:20.241154 Delta: No
2024-10-14 20:36:20.241327 Charlie: No
2024-10-14 20:36:20.241499 Alpha: No
2024-10-14 20:36:20.241691 Mike: No
ChatterBot Delta reevaluating
ChatterBot Charlie reevaluating
ChatterBot Alpha reevaluating
ChatterBot Mike reevaluating
ChatterBot Lima reevaluating
ChatterBot Charlie reevaluating
ChatterBot Alpha reevaluating
ChatterBot Mike reevaluating
ChatterBot Lima reevaluating
ChatterBot Delta reevaluating
ChatterBot Alpha reevaluating
ChatterBot Mike reevaluating
ChatterBot Lima reevaluating
ChatterBot Delta reevaluating
ChatterBot Charlie reevaluating
ChatterBot Mike reevaluating
ChatterBot Tango reevaluating
ChatterBot Lima reevaluating
ChatterBot Delta reevaluating
ChatterBot Charlie reevaluating
ChatterBot Alpha reevaluating
ChatterBot Tango reevaluating
2024-10-14 20:36:20.522489 Golf: Can we be friends?
ChatterBot Whiskey reevaluating
ChatterBot Zulu reevaluating
ChatterBot Juliett reevaluating
2024-10-14 20:36:20.536444 Whiskey: Yes
2024-10-14 20:36:20.537112 Zulu: Yes
2024-10-14 20:36:20.537305 Juliett: No
ChatterBot Zulu reevaluating
ChatterBot Juliett reevaluating
ChatterBot Whiskey reevaluating
ChatterBot Juliett reevaluating
ChatterBot Whiskey reevaluating
ChatterBot Zulu reevaluating
2024-10-14 20:36:20.575860 Zulu: Let's form a team
ChatterBot Whiskey reevaluating
ChatterBot Juliett reevaluating
2024-10-14 20:36:20.589637 Golf: Yes
2024-10-14 20:36:20.589872 Whiskey: Yes
2024-10-14 20:36:20.590116 Juliett: Yes
ChatterBot Whiskey reevaluating
ChatterBot Zulu reevaluating
ChatterBot Juliett reevaluating
ChatterBot Zulu reevaluating
ChatterBot Juliett reevaluating
ChatterBot Whiskey reevaluating
ChatterBot Zulu reevaluating
2024-10-14 20:36:20.647236 Delta: We should add Juliett
ChatterBot Lima reevaluating
ChatterBot Charlie reevaluating
ChatterBot Alpha reevaluating
ChatterBot Mike reevaluating
ChatterBot Tango reevaluating
2024-10-14 20:36:20.672448 Lima: Yes
2024-10-14 20:36:20.672772 Charlie: No
2024-10-14 20:36:20.673367 Alpha: No
2024-10-14 20:36:20.673672 Mike: No
2024-10-14 20:36:20.673837 Tango: Yes
ChatterBot Delta reevaluating
ChatterBot Charlie reevaluating
ChatterBot Alpha reevaluating
ChatterBot Mike reevaluating
ChatterBot Tango reevaluating
ChatterBot Lima reevaluating
ChatterBot Delta reevaluating
ChatterBot Alpha reevaluating
ChatterBot Mike reevaluating
ChatterBot Tango reevaluating
ChatterBot Lima reevaluating
ChatterBot Delta reevaluating
ChatterBot Charlie reevaluating
ChatterBot Mike reevaluating
ChatterBot Tango reevaluating
ChatterBot Lima reevaluating
ChatterBot Delta reevaluating
ChatterBot Charlie reevaluating
ChatterBot Alpha reevaluating
ChatterBot Tango reevaluating
ChatterBot Lima reevaluating
ChatterBot Delta reevaluating
ChatterBot Charlie reevaluating
ChatterBot Alpha reevaluating
ChatterBot Mike reevaluating
2024-10-14 20:36:20.833610 Charlie: Juliett we want you to join our group
ChatterBot Juliett reevaluating
2024-10-14 20:36:20.838969 Juliett: Yes
ChatterBot Tango reevaluating
ChatterBot Lima reevaluating
2024-10-14 20:36:20.865940 Juliett: Group up?
ChatterBot Tango reevaluating
ChatterBot Lima reevaluating
2024-10-14 20:36:20.895908 Mike: No
2024-10-14 20:36:20.896516 Charlie: No
2024-10-14 20:36:20.896674 Tango: Yes
2024-10-14 20:36:20.896801 Lima: Yes
2024-10-14 20:36:20.896903 Delta: No
2024-10-14 20:36:20.897011 Alpha: No
2024-10-14 20:36:20.897143 Zulu: No
ChatterBot Juliett reevaluating
ChatterBot Tango reevaluating
ChatterBot Lima reevaluating
ChatterBot Juliett reevaluating
ChatterBot Tango reevaluating
ChatterBot Lima reevaluating
ChatterBot Juliett reevaluating
ChatterBot Lima reevaluating
ChatterBot Juliett reevaluating
ChatterBot Tango reevaluating
ChatterBot Juliett reevaluating
ChatterBot Tango reevaluating
ChatterBot Lima reevaluating
ChatterBot Juliett reevaluating
ChatterBot Tango reevaluating
ChatterBot Lima reevaluating
ChatterBot Juliett reevaluating
ChatterBot Tango reevaluating
ChatterBot Lima reevaluating
2024-10-14 20:36:21.114435 Mike: Juliett we want you to join our group
ChatterBot Juliett reevaluating
2024-10-14 20:36:21.119569 Juliett: Yes
ChatterBot Tango reevaluating
ChatterBot Lima reevaluating
2024-10-14 20:36:21.146967 Delta: Juliett we want you to join our group
ChatterBot Juliett reevaluating
2024-10-14 20:36:21.152264 Juliett: Yes
ChatterBot Tango reevaluating
2024-10-14 20:36:21.178554 Lima: Juliett and Zulu we want you to join our group
ChatterBot Juliett reevaluating
ChatterBot Zulu reevaluating
2024-10-14 20:36:21.188179 Juliett: Yes
2024-10-14 20:36:21.188302 Zulu: No
ChatterBot Tango reevaluating
ChatterBot Zulu reevaluating
ChatterBot Juliett reevaluating
ChatterBot Tango reevaluating
2024-10-14 20:36:21.343303 Golf: Whiskey and Zulu, sending you 5
chatterbot Charlie submitting transactions
chatterbot Mike submitting transactions
2024-10-14 20:36:21.395386 Alpha: Tango, sending you 5
2024-10-14 20:36:21.396638 Whiskey: Zulu, sending you 3
2024-10-14 20:36:21.397164 Charlie: Tango, Juliett, Lima and Alpha, sending you 3
2024-10-14 20:36:21.398434 Mike: Tango, Lima and Delta, sending you 2
2024-10-14 20:36:21.398847 Golf: Juliett, sending you 4
2024-10-14 20:36:21.399312 Tango: Juliett and Zulu we want you to join our group
ChatterBot Juliett reevaluating
2024-10-14 20:36:21.408914 Juliett: Yes
2024-10-14 20:36:21.409158 Zulu: No
ChatterBot Tango reevaluating
ChatterBot Juliett reevaluating
ChatterBot Tango reevaluating
2024-10-14 20:36:21.469075 Whiskey: Golf, sending you 6
2024-10-14 20:36:21.469884 Alpha: Mike and Delta, sending you 2
2024-10-14 20:36:21.470423 Charlie: Mike, sending you 4
2024-10-14 20:36:21.470855 Mike: Charlie, sending you 6
2024-10-14 20:36:21.471888 Lima: Tango, Mike, Charlie, Juliett, Zulu, Delta and Alpha, sending you 2
2024-10-14 20:36:21.534959 Delta: Tango, Mike, Charlie, Juliett, Lima and Alpha, sending you 3
2024-10-14 20:36:21.535349 Alpha: Charlie and Lima, sending you 3
2024-10-14 20:36:21.535674 Charlie: Delta, sending you 1
2024-10-14 20:36:21.536468 Zulu: Whiskey, sending you 5
2024-10-14 20:36:21.536702 Mike: Juliett, sending you 1
chatterbot Delta submitting transactions
2024-10-14 20:36:21.630579 Mike: Alpha, sending you 3
2024-10-14 20:36:21.631156 Zulu: Juliett and Golf, sending you 4
2024-10-14 20:36:21.663393 Juliett: Tango, Zulu, Lima, Delta and Alpha, sending you 2
2024-10-14 20:36:21.697336 Juliett: Mike and Charlie, sending you 3
2024-10-14 20:36:21.698333 Tango: Mike and Lima, sending you 3
chatterbot Golf submitting transactions
2024-10-14 20:36:21.732095 Tango: Zulu, sending you 6
2024-10-14 20:36:21.761327 Tango: Delta, sending you 1
2024-10-14 20:36:21.782265 Tango: Alpha, sending you 4
chatterbot Whiskey submitting transactions
chatterbot Zulu submitting transactions
chatterbot Alpha submitting transactions
chatterbot Lima submitting transactions
chatterbot Zulu submitting transactions
chatterbot Tango submitting transactions
chatterbot Juliett submitting transactions
ChatterBot Whiskey round 3
ChatterBot Tango round 3
ChatterBot Mike round 3
ChatterBot Charlie round 3
ChatterBot Juliett round 3
ChatterBot Zulu round 3
ChatterBot Lima round 3
ChatterBot Delta round 3
ChatterBot Golf round 3
ChatterBot Alpha round 3
2024-10-14 20:36:22.581699 Alpha: We should add Juliett
ChatterBot Lima reevaluating
ChatterBot Mike reevaluating
ChatterBot Tango reevaluating
2024-10-14 20:36:22.607654 Lima: Yes
2024-10-14 20:36:22.607840 Delta: Yes
2024-10-14 20:36:22.607990 Charlie: Yes
2024-10-14 20:36:22.608148 Mike: Yes
2024-10-14 20:36:22.608313 Tango: Yes
ChatterBot Mike reevaluating
ChatterBot Tango reevaluating
ChatterBot Lima reevaluating
ChatterBot Mike reevaluating
ChatterBot Tango reevaluating
ChatterBot Lima reevaluating
ChatterBot Mike reevaluating
ChatterBot Tango reevaluating
ChatterBot Lima reevaluating
ChatterBot Tango reevaluating
ChatterBot Lima reevaluating
ChatterBot Mike reevaluating
2024-10-14 20:36:22.729363 Alpha: Juliett we want you to join our group
2024-10-14 20:36:22.749599 Juliett: Yes
ChatterBot Mike reevaluating
ChatterBot Tango reevaluating
ChatterBot Lima reevaluating
2024-10-14 20:36:22.854705 Charlie: Tango and Delta, sending you 2
2024-10-14 20:36:22.856567 Lima: We should drop Zulu
ChatterBot Juliett reevaluating
2024-10-14 20:36:22.874716 Charlie: Yes
2024-10-14 20:36:22.874986 Mike: Yes
2024-10-14 20:36:22.875161 Tango: Yes
2024-10-14 20:36:22.875300 Juliett: Yes
2024-10-14 20:36:22.875862 Delta: Yes
2024-10-14 20:36:22.876093 Alpha: Yes
ChatterBot Juliett reevaluating
ChatterBot Lima reevaluating
ChatterBot Juliett reevaluating
ChatterBot Lima reevaluating
ChatterBot Juliett reevaluating
ChatterBot Lima reevaluating
ChatterBot Lima reevaluating
ChatterBot Juliett reevaluating
ChatterBot Lima reevaluating
ChatterBot Juliett reevaluating
ChatterBot Lima reevaluating
2024-10-14 20:36:22.988191 Whiskey: Zulu, sending you 4
2024-10-14 20:36:22.988665 Zulu: Whiskey and Juliett, sending you 4
2024-10-14 20:36:22.989772 Delta: Same as last round
2024-10-14 20:36:22.990528 Charlie: Mike, sending you 4
2024-10-14 20:36:22.991726 Whiskey: Golf, sending you 6
2024-10-14 20:36:22.993838 Charlie: Juliett, Lima and Alpha, sending you 3
2024-10-14 20:36:23.005963 Zulu: Golf, sending you 5
2024-10-14 20:36:23.010216 Alpha: Tango, Charlie and Delta, sending you 3
2024-10-14 20:36:23.012432 Golf: Whiskey and Zulu, sending you 5
2024-10-14 20:36:23.015818 Alpha: Mike, Juliett and Lima, sending you 2
2024-10-14 20:36:23.016876 Mike: Tango and Delta, sending you 3
2024-10-14 20:36:23.018383 Golf: Juliett, sending you 4
2024-10-14 20:36:23.019855 Tango: Mike, Charlie, Lima and Delta, sending you 3
2024-10-14 20:36:23.023356 Mike: Charlie, sending you 4
2024-10-14 20:36:23.024686 Lima: Tango, Mike, Charlie and Delta, sending you 2
2024-10-14 20:36:23.026694 Tango: Alpha, sending you 5
2024-10-14 20:36:23.028997 Mike: Juliett, Lima and Alpha, sending you 2
2024-10-14 20:36:23.030743 Lima: Juliett and Alpha, sending you 3
2024-10-14 20:36:23.032775 Juliett: Tango and Alpha, sending you 1
2024-10-14 20:36:23.038155 Juliett: Mike, sending you 2
2024-10-14 20:36:23.042709 Juliett: Charlie, sending you 4
2024-10-14 20:36:23.056662 Juliett: Lima, sending you 3
2024-10-14 20:36:23.063054 Juliett: Delta, sending you 5
chatterbot Zulu submitting transactions
chatterbot Tango submitting transactions
chatterbot Charlie submitting transactions
chatterbot Whiskey submitting transactions
chatterbot Golf submitting transactions
chatterbot Delta submitting transactions
chatterbot Mike submitting transactions
chatterbot Alpha submitting transactions
chatterbot Lima submitting transactions
chatterbot Juliett submitting transactions
ChatterBot Whiskey round 4
ChatterBot Tango round 4
ChatterBot Mike round 4
ChatterBot Charlie round 4
ChatterBot Juliett round 4
ChatterBot Zulu round 4
ChatterBot Lima round 4
ChatterBot Delta round 4
ChatterBot Golf round 4
ChatterBot Alpha round 4
2024-10-14 20:36:24.040971 Golf: We should drop Juliett
2024-10-14 20:36:24.046233 Whiskey: No
2024-10-14 20:36:24.046434 Zulu: No
ChatterBot Golf reevaluating
2024-10-14 20:36:24.057168 Zulu: Whiskey and Juliett, sending you 4
2024-10-14 20:36:24.059657 Zulu: Golf, sending you 5
2024-10-14 20:36:24.060102 Lima: Tango, Mike, Charlie and Delta, sending you 2
2024-10-14 20:36:24.060596 Tango: Mike, Charlie, Lima and Delta, sending you 3
2024-10-14 20:36:24.061485 Juliett: Tango, sending you 1
2024-10-14 20:36:24.061976 Mike: Tango and Delta, sending you 3
2024-10-14 20:36:24.062506 Whiskey: Zulu, sending you 5
2024-10-14 20:36:24.062811 Charlie: Tango, sending you 1
2024-10-14 20:36:24.063665 Lima: Juliett and Alpha, sending you 3
2024-10-14 20:36:24.064525 Tango: Juliett, sending you 1
2024-10-14 20:36:24.065018 Mike: Charlie, sending you 4
2024-10-14 20:36:24.065671 Juliett: Mike and Alpha, sending you 2
2024-10-14 20:36:24.066189 Whiskey: Golf, sending you 6
2024-10-14 20:36:24.067684 Charlie: Mike, sending you 4
2024-10-14 20:36:24.068674 Tango: Alpha, sending you 4
2024-10-14 20:36:24.069690 Mike: Juliett, Lima and Alpha, sending you 2
2024-10-14 20:36:24.070839 Juliett: Charlie, sending you 5
2024-10-14 20:36:24.071284 Charlie: Juliett, Lima, Delta and Alpha, sending you 3
2024-10-14 20:36:24.073673 Alpha: Tango, Charlie and Delta, sending you 3
2024-10-14 20:36:24.074707 Juliett: Lima and Delta, sending you 3
2024-10-14 20:36:24.078671 Alpha: Mike, Juliett and Lima, sending you 2
2024-10-14 20:36:24.080775 Delta: Same as last round
2024-10-14 20:36:24.081677 Golf: Whiskey and Zulu, sending you 5
2024-10-14 20:36:24.087156 Golf: Juliett, sending you 4
chatterbot Delta submitting transactions
chatterbot Charlie submitting transactions
chatterbot Mike submitting transactions
chatterbot Whiskey submitting transactions
chatterbot Tango submitting transactions
chatterbot Lima submitting transactions
chatterbot Zulu submitting transactions
chatterbot Juliett submitting transactions
chatterbot Alpha submitting transactions
chatterbot Golf submitting transactions
ChatterBot Whiskey round 5
ChatterBot Tango round 5
ChatterBot Mike round 5
ChatterBot Charlie round 5
ChatterBot Juliett round 5
ChatterBot Zulu round 5
ChatterBot Lima round 5
ChatterBot Delta round 5
ChatterBot Golf round 5
ChatterBot Alpha round 5
2024-10-14 20:36:25.356394 Zulu: We should drop Juliett
ChatterBot Whiskey reevaluating
2024-10-14 20:36:25.363174 Golf: Yes
2024-10-14 20:36:25.363753 Whiskey: Yes
ChatterBot Whiskey reevaluating
ChatterBot Zulu reevaluating
ChatterBot Zulu reevaluating
2024-10-14 20:36:25.378441 Whiskey: We should replace Juliett with Lima
ChatterBot Zulu reevaluating
2024-10-14 20:36:25.384962 Golf: No
2024-10-14 20:36:25.385108 Zulu: No
ChatterBot Whiskey reevaluating
ChatterBot Zulu reevaluating
ChatterBot Whiskey reevaluating
2024-10-14 20:36:25.411678 Mike: Tango and Delta, sending you 3
2024-10-14 20:36:25.413672 Tango: Mike and Lima, sending you 3
2024-10-14 20:36:25.415060 Whiskey: Lima we want you to join our group
2024-10-14 20:36:25.419187 Lima: No
ChatterBot Whiskey reevaluating
2024-10-14 20:36:25.429466 Whiskey: We should replace Juliett with Tango
2024-10-14 20:36:25.435644 Golf: No
2024-10-14 20:36:25.436201 Zulu: No
ChatterBot Whiskey reevaluating
ChatterBot Whiskey reevaluating
2024-10-14 20:36:25.448720 Mike: Charlie, sending you 4
2024-10-14 20:36:25.450250 Tango: Charlie, sending you 2
2024-10-14 20:36:25.452666 Mike: Juliett, Lima and Alpha, sending you 2
2024-10-14 20:36:25.453675 Juliett: Tango, Mike and Alpha, sending you 2
2024-10-14 20:36:25.455201 Lima: Tango, Mike, Charlie and Alpha, sending you 2
2024-10-14 20:36:25.456149 Delta: Same as last round
2024-10-14 20:36:25.457664 Charlie: Tango, Mike, Juliett, Delta and Alpha, sending you 3
2024-10-14 20:36:25.458743 Tango: Juliett, sending you 1
2024-10-14 20:36:25.460275 Juliett: Charlie, sending you 4
2024-10-14 20:36:25.461270 Lima: Juliett and Delta, sending you 3
2024-10-14 20:36:25.462586 Charlie: Lima, sending you 2
2024-10-14 20:36:25.463708 Juliett: Lima and Delta, sending you 3
2024-10-14 20:36:25.465046 Alpha: Tango, Charlie, Lima and Delta, sending you 3
2024-10-14 20:36:25.465897 Tango: Delta and Alpha, sending you 4
2024-10-14 20:36:25.469156 Alpha: Mike, sending you 2
2024-10-14 20:36:25.471698 Zulu: Whiskey, sending you 6
2024-10-14 20:36:25.473802 Golf: Sending you each 7
2024-10-14 20:36:25.474686 Alpha: Juliett, sending you 1
2024-10-14 20:36:25.476130 Zulu: Golf, sending you 7
chatterbot Juliett submitting transactions
chatterbot Delta submitting transactions
chatterbot Zulu submitting transactions
chatterbot Mike submitting transactions
chatterbot Alpha submitting transactions
chatterbot Lima submitting transactions
chatterbot Charlie submitting transactions
chatterbot Whiskey submitting transactions
chatterbot Tango submitting transactions
chatterbot Golf submitting transactions
ChatterBot Whiskey round 6
ChatterBot Tango round 6
ChatterBot Mike round 6
2024-10-14 20:36:26.407506 Whiskey: We should replace Lima with Tango
2024-10-14 20:36:26.413143 Golf: No
2024-10-14 20:36:26.413330 Zulu: No
ChatterBot Whiskey reevaluating
ChatterBot Whiskey reevaluating
ChatterBot Charlie round 6
ChatterBot Juliett round 6
ChatterBot Zulu round 6
ChatterBot Lima round 6
ChatterBot Delta round 6
ChatterBot Golf round 6
ChatterBot Alpha round 6
2024-10-14 20:36:26.437308 Zulu: We should add Tango
ChatterBot Whiskey reevaluating
2024-10-14 20:36:26.442575 Golf: No
2024-10-14 20:36:26.442737 Whiskey: Yes
ChatterBot Whiskey reevaluating
ChatterBot Golf reevaluating
ChatterBot Zulu reevaluating
2024-10-14 20:36:26.465364 Whiskey: We should replace Lima with Alpha
ChatterBot Golf reevaluating
ChatterBot Zulu reevaluating
2024-10-14 20:36:26.470307 Golf: No
2024-10-14 20:36:26.470435 Zulu: No
ChatterBot Whiskey reevaluating
ChatterBot Zulu reevaluating
ChatterBot Golf reevaluating
ChatterBot Whiskey reevaluating
2024-10-14 20:36:26.487669 Tango: Mike, Charlie and Delta, sending you 3
2024-10-14 20:36:26.488892 Mike: Tango and Delta, sending you 3
2024-10-14 20:36:26.490678 Charlie: I was attacked by Whiskey
ChatterBot Mike reevaluating
ChatterBot Tango reevaluating
ChatterBot Juliett reevaluating
ChatterBot Lima reevaluating
ChatterBot Delta reevaluating
ChatterBot Alpha reevaluating
2024-10-14 20:36:26.510489 Charlie: Ow
2024-10-14 20:36:26.511694 Zulu: Tango we want you to join our group
ChatterBot Tango reevaluating
2024-10-14 20:36:26.515451 Tango: No
ChatterBot Golf reevaluating
2024-10-14 20:36:26.529654 Golf: Tango we want you to join our group
ChatterBot Tango reevaluating
2024-10-14 20:36:26.533107 Tango: No
2024-10-14 20:36:26.544119 Delta: Tango, Charlie, Lima and Alpha, sending you 2
2024-10-14 20:36:26.544896 Alpha: Tango, sending you 3
2024-10-14 20:36:26.545682 Juliett: Tango, Mike and Alpha, sending you 2
2024-10-14 20:36:26.546253 Zulu: Whiskey and Tango, sending you 4
2024-10-14 20:36:26.546517 Lima: Tango, Charlie, Juliett, Delta and Alpha, sending you 2
2024-10-14 20:36:26.547667 Delta: Mike and Juliett, sending you 3
2024-10-14 20:36:26.549141 Alpha: Mike, Charlie, Juliett, Lima and Delta, sending you 1
2024-10-14 20:36:26.549881 Zulu: Golf, sending you 5
2024-10-14 20:36:26.550203 Lima: Mike, sending you 1
2024-10-14 20:36:26.550805 Juliett: Charlie, sending you 4
2024-10-14 20:36:26.554655 Juliett: Lima and Delta, sending you 3
2024-10-14 20:36:26.555234 Golf: Whiskey and Zulu, sending you 5
2024-10-14 20:36:26.559660 Golf: Tango, sending you 4
chatterbot Whiskey submitting transactions
chatterbot Alpha submitting transactions
chatterbot Lima submitting transactions
chatterbot Zulu submitting transactions
chatterbot Delta submitting transactions
chatterbot Charlie submitting transactions
chatterbot Tango submitting transactions
chatterbot Golf submitting transactions
chatterbot Mike submitting transactions
chatterbot Juliett submitting transactions
ChatterBot Whiskey round 7
ChatterBot Tango round 7
ChatterBot Mike round 7
ChatterBot Charlie round 7
ChatterBot Juliett round 7
ChatterBot Zulu round 7
2024-10-14 20:36:27.755910 Whiskey: We should replace Lima with Juliett
2024-10-14 20:36:27.762202 Golf: No
2024-10-14 20:36:27.762412 Zulu: No
ChatterBot Whiskey reevaluating
ChatterBot Golf reevaluating
ChatterBot Whiskey reevaluating
ChatterBot Lima round 7
ChatterBot Delta round 7
ChatterBot Golf round 7
ChatterBot Alpha round 7
2024-10-14 20:36:27.796820 Whiskey: We should replace Lima with Tango
ChatterBot Golf reevaluating
2024-10-14 20:36:27.801557 Golf: No
2024-10-14 20:36:27.801738 Zulu: Yes
ChatterBot Whiskey reevaluating
ChatterBot Golf reevaluating
ChatterBot Whiskey reevaluating
2024-10-14 20:36:27.823085 Delta: We should drop Charlie
ChatterBot Tango reevaluating
ChatterBot Mike reevaluating
2024-10-14 20:36:27.834290 Tango: No
2024-10-14 20:36:27.834448 Mike: No
2024-10-14 20:36:27.834565 Juliett: No
2024-10-14 20:36:27.834685 Lima: No
2024-10-14 20:36:27.834829 Alpha: No
ChatterBot Mike reevaluating
ChatterBot Tango reevaluating
ChatterBot Tango reevaluating
ChatterBot Mike reevaluating
ChatterBot Delta reevaluating
ChatterBot Tango reevaluating
ChatterBot Mike reevaluating
ChatterBot Delta reevaluating
ChatterBot Tango reevaluating
ChatterBot Mike reevaluating
2024-10-14 20:36:27.889130 Juliett: I was attacked by Whiskey
ChatterBot Charlie reevaluating
ChatterBot Mike reevaluating
ChatterBot Tango reevaluating
ChatterBot Lima reevaluating
ChatterBot Delta reevaluating
ChatterBot Alpha reevaluating
2024-10-14 20:36:27.903448 Juliett: I'm keeping this round to protect myself
2024-10-14 20:36:27.904647 Juliett: Ow
2024-10-14 20:36:27.909688 Zulu: Whiskey and Tango, sending you 4
2024-10-14 20:36:27.912663 Zulu: Golf, sending you 5
2024-10-14 20:36:27.918660 Golf: Whiskey and Zulu, sending you 5
2024-10-14 20:36:27.922676 Alpha: Tango, Lima and Delta, sending you 3
2024-10-14 20:36:27.923656 Golf: Tango, sending you 4
2024-10-14 20:36:27.927695 Alpha: Mike, Charlie and Juliett, sending you 2
2024-10-14 20:36:27.928674 Lima: Tango, Mike, Charlie and Alpha, sending you 2
2024-10-14 20:36:27.929681 Delta: Sending you each 3
2024-10-14 20:36:27.932678 Lima: Juliett and Delta, sending you 3
chatterbot Alpha submitting transactions
chatterbot Zulu submitting transactions
chatterbot Juliett submitting transactions
chatterbot Mike submitting transactions
chatterbot Lima submitting transactions
chatterbot Charlie submitting transactions
chatterbot Golf submitting transactions
chatterbot Whiskey submitting transactions
chatterbot Delta submitting transactions
chatterbot Tango submitting transactions
ChatterBot Whiskey round 8
ChatterBot Tango round 8
ChatterBot Mike round 8
ChatterBot Charlie round 8
ChatterBot Juliett round 8
ChatterBot Zulu round 8
ChatterBot Lima round 8
ChatterBot Delta round 8
2024-10-14 20:36:29.077702 Whiskey: We should replace Lima with Tango
ChatterBot Golf reevaluating
ChatterBot Zulu reevaluating
2024-10-14 20:36:29.086309 Golf: No
2024-10-14 20:36:29.086981 Zulu: No
ChatterBot Whiskey reevaluating
ChatterBot Zulu reevaluating
ChatterBot Golf reevaluating
ChatterBot Whiskey reevaluating
ChatterBot Golf round 8
ChatterBot Alpha round 8
2024-10-14 20:36:29.115048 Golf: We should drop Tango
ChatterBot Whiskey reevaluating
ChatterBot Zulu reevaluating
2024-10-14 20:36:29.120920 Whiskey: Yes
2024-10-14 20:36:29.121102 Zulu: No
ChatterBot Golf reevaluating
ChatterBot Zulu reevaluating
ChatterBot Golf reevaluating
ChatterBot Whiskey reevaluating
2024-10-14 20:36:29.133086 Zulu: We should replace Tango with Mike
ChatterBot Golf reevaluating
ChatterBot Whiskey reevaluating
2024-10-14 20:36:29.138284 Golf: No
2024-10-14 20:36:29.138673 Whiskey: Yes
ChatterBot Whiskey reevaluating
ChatterBot Zulu reevaluating
ChatterBot Golf reevaluating
ChatterBot Zulu reevaluating
2024-10-14 20:36:29.155894 Delta: We should drop Charlie
ChatterBot Tango reevaluating
2024-10-14 20:36:29.168148 Tango: No
2024-10-14 20:36:29.168318 Mike: No
2024-10-14 20:36:29.168432 Juliett: No
2024-10-14 20:36:29.168537 Lima: No
2024-10-14 20:36:29.168653 Alpha: Yes
ChatterBot Juliett reevaluating
ChatterBot Tango reevaluating
ChatterBot Juliett reevaluating
ChatterBot Tango reevaluating
ChatterBot Tango reevaluating
ChatterBot Juliett reevaluating
ChatterBot Tango reevaluating
ChatterBot Juliett reevaluating
2024-10-14 20:36:29.242957 Whiskey: We should replace Lima with Mike
ChatterBot Golf reevaluating
2024-10-14 20:36:29.251393 Golf: No
2024-10-14 20:36:29.251608 Zulu: No
ChatterBot Whiskey reevaluating
ChatterBot Zulu reevaluating
ChatterBot Golf reevaluating
ChatterBot Whiskey reevaluating
2024-10-14 20:36:29.274871 Charlie: Tango, Mike, Juliett, Delta and Alpha, sending you 1
2024-10-14 20:36:29.276431 Lima: Tango, Mike, Charlie and Juliett, sending you 2
2024-10-14 20:36:29.277506 Whiskey: Mike we want you to join our group
2024-10-14 20:36:29.281023 Mike: No
ChatterBot Zulu reevaluating
ChatterBot Golf reevaluating
2024-10-14 20:36:29.290170 Zulu: We should replace Tango with Juliett
ChatterBot Golf reevaluating
ChatterBot Whiskey reevaluating
2024-10-14 20:36:29.296937 Golf: Yes
2024-10-14 20:36:29.297074 Whiskey: Yes
ChatterBot Whiskey reevaluating
ChatterBot Zulu reevaluating
ChatterBot Golf reevaluating
ChatterBot Zulu reevaluating
2024-10-14 20:36:29.310472 Whiskey: We should replace Lima with Juliett
ChatterBot Golf reevaluating
ChatterBot Zulu reevaluating
2024-10-14 20:36:29.316015 Golf: Yes
2024-10-14 20:36:29.316124 Zulu: No
ChatterBot Whiskey reevaluating
ChatterBot Zulu reevaluating
ChatterBot Golf reevaluating
ChatterBot Whiskey reevaluating
2024-10-14 20:36:29.330819 Lima: Delta and Alpha, sending you 3
2024-10-14 20:36:29.332232 Delta: I was attacked by Whiskey
ChatterBot Tango reevaluating
ChatterBot Mike reevaluating
ChatterBot Juliett reevaluating
ChatterBot Lima reevaluating
ChatterBot Alpha reevaluating
2024-10-14 20:36:29.346326 Delta: I'm keeping this round to protect myself
2024-10-14 20:36:29.347150 Delta: Ow
2024-10-14 20:36:29.347680 Zulu: Mike we want you to join our group
ChatterBot Mike reevaluating
2024-10-14 20:36:29.350360 Mike: No
ChatterBot Whiskey reevaluating
ChatterBot Zulu reevaluating
2024-10-14 20:36:29.358724 Golf: Juliett we want you to join our group
ChatterBot Juliett reevaluating
2024-10-14 20:36:29.361660 Juliett: No
ChatterBot Whiskey reevaluating
2024-10-14 20:36:29.372668 Whiskey: Juliett we want you to join our group
ChatterBot Juliett reevaluating
2024-10-14 20:36:29.376093 Juliett: No
2024-10-14 20:36:29.386676 Juliett: We should add Golf
ChatterBot Mike reevaluating
ChatterBot Tango reevaluating
ChatterBot Lima reevaluating
ChatterBot Alpha reevaluating
2024-10-14 20:36:29.404817 Charlie: No
2024-10-14 20:36:29.404966 Mike: No
2024-10-14 20:36:29.405085 Tango: No
2024-10-14 20:36:29.405196 Lima: No
2024-10-14 20:36:29.405319 Delta: No
2024-10-14 20:36:29.405469 Alpha: No
ChatterBot Mike reevaluating
ChatterBot Tango reevaluating
ChatterBot Juliett reevaluating
ChatterBot Lima reevaluating
ChatterBot Alpha reevaluating
ChatterBot Charlie reevaluating
ChatterBot Tango reevaluating
ChatterBot Juliett reevaluating
ChatterBot Lima reevaluating
ChatterBot Alpha reevaluating
ChatterBot Charlie reevaluating
ChatterBot Mike reevaluating
ChatterBot Juliett reevaluating
ChatterBot Lima reevaluating
ChatterBot Alpha reevaluating
ChatterBot Charlie reevaluating
ChatterBot Mike reevaluating
ChatterBot Tango reevaluating
ChatterBot Juliett reevaluating
ChatterBot Alpha reevaluating
ChatterBot Charlie reevaluating
ChatterBot Mike reevaluating
ChatterBot Tango reevaluating
ChatterBot Juliett reevaluating
ChatterBot Lima reevaluating
ChatterBot Alpha reevaluating
ChatterBot Charlie reevaluating
ChatterBot Mike reevaluating
ChatterBot Tango reevaluating
ChatterBot Juliett reevaluating
ChatterBot Lima reevaluating
2024-10-14 20:36:29.501703 Golf: Whiskey, sending you 5
2024-10-14 20:36:29.505893 Golf: Juliett, sending you 3
2024-10-14 20:36:29.506898 Zulu: Whiskey and Mike, sending you 4
2024-10-14 20:36:29.508709 Golf: Zulu, sending you 6
2024-10-14 20:36:29.510661 Zulu: Golf, sending you 5
2024-10-14 20:36:29.516687 Charlie: Tango, Juliett, Lima and Alpha, sending you 1
2024-10-14 20:36:29.520668 Charlie: Mike, sending you 3
2024-10-14 20:36:29.524690 Lima: Tango, Mike, Juliett, Delta and Alpha, sending you 2
2024-10-14 20:36:29.525535 Charlie: Delta, sending you 2
2024-10-14 20:36:29.526307 Alpha: Tango, Lima and Delta, sending you 1
2024-10-14 20:36:29.527694 Lima: Charlie, sending you 1
chatterbot Zulu submitting transactions
chatterbot Alpha submitting transactions
chatterbot Mike submitting transactions
chatterbot Golf submitting transactions
chatterbot Lima submitting transactions
chatterbot Charlie submitting transactions
chatterbot Charlie submitting transactions
chatterbot Tango submitting transactions
chatterbot Whiskey submitting transactions
chatterbot Delta submitting transactions
chatterbot Juliett submitting transactions
ChatterBot Whiskey round 9
ChatterBot Tango round 9
ChatterBot Mike round 9
ChatterBot Charlie round 9
ChatterBot Juliett round 9
ChatterBot Zulu round 9
ChatterBot Lima round 9
ChatterBot Delta round 9
ChatterBot Golf round 9
ChatterBot Alpha round 9
2024-10-14 20:36:30.705046 Zulu: We should replace Mike with Juliett
2024-10-14 20:36:30.710029 Golf: Yes
2024-10-14 20:36:30.710184 Whiskey: Yes
2024-10-14 20:36:30.732631 Charlie: We should drop Delta
ChatterBot Juliett reevaluating
2024-10-14 20:36:30.742284 Tango: No
2024-10-14 20:36:30.742437 Mike: No
2024-10-14 20:36:30.742537 Juliett: No
2024-10-14 20:36:30.742637 Lima: No
2024-10-14 20:36:30.742736 Alpha: No
ChatterBot Juliett reevaluating
ChatterBot Charlie reevaluating
ChatterBot Juliett reevaluating
ChatterBot Charlie reevaluating
ChatterBot Charlie reevaluating
ChatterBot Tango reevaluating
ChatterBot Juliett reevaluating
ChatterBot Charlie reevaluating
ChatterBot Tango reevaluating
ChatterBot Juliett reevaluating
2024-10-14 20:36:30.793867 Whiskey: I was attacked by Charlie, Lima and Alpha
ChatterBot Golf reevaluating
ChatterBot Zulu reevaluating
ChatterBot Juliett reevaluating
2024-10-14 20:36:30.800172 Whiskey: I'm keeping this round to protect myself
2024-10-14 20:36:30.801239 Whiskey: Ow
2024-10-14 20:36:30.801903 Tango: We should drop Charlie
2024-10-14 20:36:30.810207 Delta: Yes
2024-10-14 20:36:30.810341 Mike: No
2024-10-14 20:36:30.810440 Juliett: No
2024-10-14 20:36:30.810539 Lima: No
2024-10-14 20:36:30.810636 Alpha: Yes
ChatterBot Tango reevaluating
ChatterBot Tango reevaluating
ChatterBot Tango reevaluating
ChatterBot Tango reevaluating
ChatterBot Tango reevaluating
2024-10-14 20:36:30.868710 Charlie: We should drop Tango
2024-10-14 20:36:30.882254 Mike: No
2024-10-14 20:36:30.882417 Juliett: No
2024-10-14 20:36:30.882545 Lima: No
2024-10-14 20:36:30.882673 Delta: No
2024-10-14 20:36:30.882825 Alpha: No
ChatterBot Charlie reevaluating
ChatterBot Charlie reevaluating
ChatterBot Charlie reevaluating
ChatterBot Charlie reevaluating
ChatterBot Charlie reevaluating
2024-10-14 20:36:30.950584 Zulu: Juliett we want you to join our group
2024-10-14 20:36:30.952779 Juliett: No
ChatterBot Golf reevaluating
ChatterBot Zulu reevaluating
2024-10-14 20:36:30.960995 Alpha: I was attacked by Whiskey
ChatterBot Delta reevaluating
ChatterBot Tango reevaluating
ChatterBot Mike reevaluating
ChatterBot Juliett reevaluating
ChatterBot Lima reevaluating
2024-10-14 20:36:30.973429 Alpha: I'm keeping this round to protect myself
2024-10-14 20:36:30.974575 Alpha: Ow
2024-10-14 20:36:30.975276 Charlie: We should drop Alpha
ChatterBot Tango reevaluating
ChatterBot Mike reevaluating
ChatterBot Juliett reevaluating
ChatterBot Lima reevaluating
ChatterBot Delta reevaluating
2024-10-14 20:36:30.994437 Tango: No
2024-10-14 20:36:30.994655 Mike: No
2024-10-14 20:36:30.995429 Juliett: No
2024-10-14 20:36:30.995568 Lima: No
2024-10-14 20:36:30.995723 Delta: No
ChatterBot Charlie reevaluating
ChatterBot Mike reevaluating
ChatterBot Juliett reevaluating
ChatterBot Lima reevaluating
ChatterBot Delta reevaluating
ChatterBot Charlie reevaluating
ChatterBot Tango reevaluating
ChatterBot Juliett reevaluating
ChatterBot Lima reevaluating
ChatterBot Delta reevaluating
ChatterBot Charlie reevaluating
ChatterBot Tango reevaluating
ChatterBot Mike reevaluating
ChatterBot Lima reevaluating
ChatterBot Delta reevaluating
ChatterBot Charlie reevaluating
ChatterBot Tango reevaluating
ChatterBot Mike reevaluating
ChatterBot Juliett reevaluating
ChatterBot Delta reevaluating
ChatterBot Charlie reevaluating
ChatterBot Tango reevaluating
ChatterBot Mike reevaluating
ChatterBot Juliett reevaluating
ChatterBot Lima reevaluating
2024-10-14 20:36:31.243523 Charlie: We should drop Lima
ChatterBot Tango reevaluating
2024-10-14 20:36:31.270620 Tango: No
2024-10-14 20:36:31.271127 Mike: No
2024-10-14 20:36:31.271478 Juliett: No
2024-10-14 20:36:31.271857 Delta: No
2024-10-14 20:36:31.272859 Alpha: No
ChatterBot Charlie reevaluating
ChatterBot Charlie reevaluating
ChatterBot Tango reevaluating
ChatterBot Charlie reevaluating
ChatterBot Tango reevaluating
ChatterBot Charlie reevaluating
ChatterBot Tango reevaluating
ChatterBot Charlie reevaluating
ChatterBot Tango reevaluating
chatterbot Zulu submitting transactions
2024-10-14 20:36:31.403469 Golf: Whiskey, sending you 5
2024-10-14 20:36:31.404907 Delta: Tango, Mike, Juliett and Lima, sending you 4
2024-10-14 20:36:31.428209 Golf: Juliett, sending you 3
2024-10-14 20:36:31.428917 Delta: Alpha, sending you 2
2024-10-14 20:36:31.430232 Zulu: Whiskey and Juliett, sending you 4
chatterbot Golf submitting transactions
2024-10-14 20:36:31.445312 Golf: Zulu, sending you 6
2024-10-14 20:36:31.445894 Zulu: Golf, sending you 5
2024-10-14 20:36:31.447176 Charlie: Tango, Juliett, Lima and Delta, sending you 3
2024-10-14 20:36:31.454083 Charlie: Mike, sending you 4
2024-10-14 20:36:31.464089 Charlie: Alpha, sending you 1
chatterbot Juliett submitting transactions
chatterbot Tango submitting transactions
chatterbot Whiskey submitting transactions
chatterbot Lima submitting transactions
chatterbot Mike submitting transactions
chatterbot Alpha submitting transactions
chatterbot Charlie submitting transactions
chatterbot Delta submitting transactions
ChatterBot Whiskey round 10
ChatterBot Tango round 10
ChatterBot Mike round 10
ChatterBot Charlie round 10
ChatterBot Juliett round 10
ChatterBot Zulu round 10
ChatterBot Lima round 10
ChatterBot Delta round 10
ChatterBot Golf round 10
ChatterBot Alpha round 10
2024-10-14 20:36:32.374607 Whiskey: We should add Tango
ChatterBot Golf reevaluating
