ChatterBot Papa round 1
ChatterBot India round 1
ChatterBot Foxtrot round 1
ChatterBot Lima round 1
ChatterBot Sierra round 1
ChatterBot Victor round 1
ChatterBot Bravo round 1
ChatterBot Yankee round 1
ChatterBot Romeo round 1
ChatterBot November round 1
randomSelections Foxtrot: {Foxtrot, Bravo, Lima, Yankee, November, Sierra} 
2024-10-14 20:36:18.312249 Foxtrot: We would work well together
ChatterBot Bravo reevaluating
ChatterBot Lima reevaluating
ChatterBot Yankee reevaluating
ChatterBot November reevaluating
ChatterBot Sierra reevaluating
2024-10-14 20:36:18.321232 Bravo: Yes
2024-10-14 20:36:18.321502 Lima: Yes
2024-10-14 20:36:18.321650 Yankee: Yes
2024-10-14 20:36:18.321753 November: Yes
2024-10-14 20:36:18.321873 Sierra: Yes
ChatterBot Lima reevaluating
ChatterBot Yankee reevaluating
ChatterBot November reevaluating
ChatterBot Sierra reevaluating
ChatterBot Bravo reevaluating
ChatterBot Yankee reevaluating
ChatterBot November reevaluating
ChatterBot Sierra reevaluating
ChatterBot Bravo reevaluating
ChatterBot Lima reevaluating
ChatterBot November reevaluating
ChatterBot Sierra reevaluating
ChatterBot Bravo reevaluating
ChatterBot Lima reevaluating
ChatterBot Yankee reevaluating
ChatterBot Sierra reevaluating
ChatterBot Bravo reevaluating
ChatterBot Lima reevaluating
ChatterBot Yankee reevaluating
ChatterBot November reevaluating
randomSelections India: {India, Papa, Foxtrot, November, Romeo, Lima} 
2024-10-14 20:36:18.379162 India: We should group up
ChatterBot Papa reevaluating
ChatterBot November reevaluating
ChatterBot Romeo reevaluating
ChatterBot Lima reevaluating
2024-10-14 20:36:18.389001 Papa: Yes
2024-10-14 20:36:18.389187 Foxtrot: No
2024-10-14 20:36:18.389397 November: No
2024-10-14 20:36:18.389532 Romeo: Yes
2024-10-14 20:36:18.389638 Lima: No
ChatterBot November reevaluating
ChatterBot Romeo reevaluating
ChatterBot Lima reevaluating
ChatterBot Papa reevaluating
ChatterBot November reevaluating
ChatterBot Romeo reevaluating
ChatterBot Lima reevaluating
ChatterBot Papa reevaluating
ChatterBot Romeo reevaluating
ChatterBot Lima reevaluating
ChatterBot Papa reevaluating
ChatterBot November reevaluating
ChatterBot Lima reevaluating
ChatterBot Papa reevaluating
ChatterBot November reevaluating
ChatterBot Romeo reevaluating
randomSelections Victor: {Victor, Lima, November, Romeo, Papa, Bravo, Yankee, Foxtrot} 
2024-10-14 20:36:18.460660 Victor: Group up?
ChatterBot Lima reevaluating
ChatterBot November reevaluating
ChatterBot Romeo reevaluating
ChatterBot Papa reevaluating
ChatterBot Bravo reevaluating
ChatterBot Yankee reevaluating
2024-10-14 20:36:18.476889 Lima: No
2024-10-14 20:36:18.477124 November: No
2024-10-14 20:36:18.477286 Romeo: No
2024-10-14 20:36:18.477433 Papa: No
2024-10-14 20:36:18.477583 Bravo: No
2024-10-14 20:36:18.478250 Yankee: No
2024-10-14 20:36:18.478516 Foxtrot: No
ChatterBot November reevaluating
ChatterBot Romeo reevaluating
ChatterBot Papa reevaluating
ChatterBot Bravo reevaluating
ChatterBot Yankee reevaluating
ChatterBot Lima reevaluating
ChatterBot Romeo reevaluating
ChatterBot Papa reevaluating
ChatterBot Bravo reevaluating
ChatterBot Yankee reevaluating
ChatterBot Lima reevaluating
ChatterBot November reevaluating
ChatterBot Papa reevaluating
ChatterBot Bravo reevaluating
ChatterBot Yankee reevaluating
ChatterBot Lima reevaluating
ChatterBot November reevaluating
ChatterBot Romeo reevaluating
ChatterBot Bravo reevaluating
ChatterBot Yankee reevaluating
ChatterBot Lima reevaluating
ChatterBot November reevaluating
ChatterBot Romeo reevaluating
ChatterBot Papa reevaluating
ChatterBot Yankee reevaluating
ChatterBot Lima reevaluating
ChatterBot November reevaluating
ChatterBot Romeo reevaluating
ChatterBot Papa reevaluating
ChatterBot Bravo reevaluating
ChatterBot Lima reevaluating
ChatterBot November reevaluating
ChatterBot Romeo reevaluating
ChatterBot Papa reevaluating
ChatterBot Bravo reevaluating
ChatterBot Yankee reevaluating
2024-10-14 20:36:18.583877 Lima: Foxtrot and Yankee, sending you 3
2024-10-14 20:36:18.584326 Yankee: Foxtrot, sending you 1
2024-10-14 20:36:18.585670 India: Papa, sending you 5
2024-10-14 20:36:18.587665 Lima: Sierra, sending you 6
2024-10-14 20:36:18.588066 Yankee: Lima and November, sending you 2
2024-10-14 20:36:18.589732 India: Foxtrot and Lima, sending you 3
2024-10-14 20:36:18.590687 Romeo: Papa and India, sending you 3
2024-10-14 20:36:18.591091 Victor: Papa, Foxtrot, Lima and Bravo, sending you 1
2024-10-14 20:36:18.591710 Foxtrot: Lima, Bravo and Yankee, sending you 2
2024-10-14 20:36:18.592732 Lima: Bravo and November, sending you 2
2024-10-14 20:36:18.593057 Yankee: Sierra, sending you 4
2024-10-14 20:36:18.593941 Papa: Foxtrot, sending you 2
2024-10-14 20:36:18.594332 Romeo: Foxtrot, sending you 5
2024-10-14 20:36:18.594634 Victor: Yankee, sending you 3
2024-10-14 20:36:18.595700 India: Romeo, sending you 2
2024-10-14 20:36:18.596702 Sierra: Foxtrot, sending you 2
2024-10-14 20:36:18.597699 Foxtrot: Sierra, sending you 4
2024-10-14 20:36:18.598074 Yankee: Bravo, sending you 3
2024-10-14 20:36:18.598363 Papa: Lima, sending you 3
2024-10-14 20:36:18.599074 Romeo: Lima, sending you 4
2024-10-14 20:36:18.599418 Victor: Romeo, sending you 2
2024-10-14 20:36:18.599732 Bravo: Foxtrot, Sierra and November, sending you 3
2024-10-14 20:36:18.600042 India: November, sending you 1
2024-10-14 20:36:18.600861 November: Foxtrot and Yankee, sending you 1
2024-10-14 20:36:18.601158 Sierra: Lima and Yankee, sending you 4
2024-10-14 20:36:18.601710 Foxtrot: November, sending you 5
2024-10-14 20:36:18.602582 Romeo: November, sending you 1
2024-10-14 20:36:18.603677 Papa: Romeo, sending you 5
2024-10-14 20:36:18.604427 Bravo: Lima, sending you 1
2024-10-14 20:36:18.604722 November: Lima, sending you 3
2024-10-14 20:36:18.606146 Sierra: Bravo, sending you 1
2024-10-14 20:36:18.606705 Papa: November, sending you 4
2024-10-14 20:36:18.608199 November: Sierra, sending you 2
2024-10-14 20:36:18.608703 Sierra: November, sending you 3
2024-10-14 20:36:18.610186 Bravo: Yankee, sending you 4
2024-10-14 20:36:18.611951 November: Bravo, sending you 4
chatterbot November submitting transactions
chatterbot Lima submitting transactions
chatterbot Romeo submitting transactions
chatterbot Victor submitting transactions
chatterbot Foxtrot submitting transactions
chatterbot Sierra submitting transactions
chatterbot India submitting transactions
chatterbot Bravo submitting transactions
chatterbot Papa submitting transactions
chatterbot Yankee submitting transactions
ChatterBot Papa round 2
ChatterBot India round 2
ChatterBot Foxtrot round 2
ChatterBot Lima round 2
ChatterBot Sierra round 2
2024-10-14 20:36:20.235866 Papa: We would work well together
ChatterBot India reevaluating
ChatterBot Romeo reevaluating
ChatterBot Victor reevaluating
2024-10-14 20:36:20.263429 India: No
2024-10-14 20:36:20.263676 Romeo: No
2024-10-14 20:36:20.263868 Victor: No
ChatterBot Romeo reevaluating
ChatterBot Victor reevaluating
ChatterBot India reevaluating
ChatterBot Victor reevaluating
ChatterBot India reevaluating
ChatterBot Romeo reevaluating
2024-10-14 20:36:20.327968 Romeo: Let's form a team
ChatterBot India reevaluating
2024-10-14 20:36:20.333293 India: Yes
ChatterBot Romeo reevaluating
ChatterBot Victor round 2
ChatterBot Bravo round 2
2024-10-14 20:36:20.349729 Lima: Can we be friends?
ChatterBot Foxtrot reevaluating
ChatterBot Sierra reevaluating
ChatterBot Bravo reevaluating
ChatterBot Yankee reevaluating
ChatterBot November reevaluating
ChatterBot India reevaluating
ChatterBot Romeo reevaluating
2024-10-14 20:36:20.402836 Foxtrot: No
2024-10-14 20:36:20.403015 Sierra: No
2024-10-14 20:36:20.403132 Bravo: No
2024-10-14 20:36:20.403242 Yankee: No
2024-10-14 20:36:20.403721 November: No
2024-10-14 20:36:20.403841 Papa: No
2024-10-14 20:36:20.403943 India: No
2024-10-14 20:36:20.404064 Romeo: No
ChatterBot Sierra reevaluating
ChatterBot Bravo reevaluating
ChatterBot Yankee reevaluating
ChatterBot November reevaluating
ChatterBot India reevaluating
ChatterBot Romeo reevaluating
ChatterBot Lima reevaluating
ChatterBot Foxtrot reevaluating
ChatterBot Bravo reevaluating
ChatterBot Yankee reevaluating
ChatterBot November reevaluating
ChatterBot India reevaluating
ChatterBot Romeo reevaluating
ChatterBot Lima reevaluating
ChatterBot Foxtrot reevaluating
ChatterBot Sierra reevaluating
ChatterBot Yankee reevaluating
ChatterBot November reevaluating
ChatterBot India reevaluating
ChatterBot Romeo reevaluating
ChatterBot Lima reevaluating
ChatterBot Foxtrot reevaluating
ChatterBot Sierra reevaluating
ChatterBot Bravo reevaluating
ChatterBot November reevaluating
ChatterBot India reevaluating
ChatterBot Romeo reevaluating
ChatterBot Lima reevaluating
ChatterBot Foxtrot reevaluating
ChatterBot Sierra reevaluating
ChatterBot Bravo reevaluating
ChatterBot Yankee reevaluating
ChatterBot India reevaluating
ChatterBot Romeo reevaluating
ChatterBot Lima reevaluating
ChatterBot Foxtrot reevaluating
ChatterBot Sierra reevaluating
ChatterBot Bravo reevaluating
ChatterBot Yankee reevaluating
ChatterBot November reevaluating
ChatterBot India reevaluating
ChatterBot Romeo reevaluating
ChatterBot Lima reevaluating
ChatterBot Foxtrot reevaluating
ChatterBot Sierra reevaluating
ChatterBot Bravo reevaluating
ChatterBot Yankee reevaluating
ChatterBot November reevaluating
ChatterBot Romeo reevaluating
ChatterBot Lima reevaluating
ChatterBot Foxtrot reevaluating
ChatterBot Sierra reevaluating
ChatterBot Bravo reevaluating
ChatterBot Yankee reevaluating
ChatterBot November reevaluating
ChatterBot India reevaluating
2024-10-14 20:36:20.938303 Bravo: We should add Victor
ChatterBot Foxtrot reevaluating
ChatterBot Lima reevaluating
ChatterBot Yankee reevaluating
ChatterBot November reevaluating
ChatterBot Sierra reevaluating
2024-10-14 20:36:20.973284 Foxtrot: Yes
2024-10-14 20:36:20.973814 Lima: No
2024-10-14 20:36:20.973939 Yankee: No
2024-10-14 20:36:20.974044 November: No
2024-10-14 20:36:20.974149 Sierra: No
ChatterBot Bravo reevaluating
ChatterBot Lima reevaluating
ChatterBot Yankee reevaluating
ChatterBot November reevaluating
ChatterBot Sierra reevaluating
ChatterBot Foxtrot reevaluating
ChatterBot Bravo reevaluating
ChatterBot Yankee reevaluating
ChatterBot November reevaluating
ChatterBot Sierra reevaluating
ChatterBot Foxtrot reevaluating
ChatterBot Bravo reevaluating
ChatterBot Lima reevaluating
ChatterBot November reevaluating
ChatterBot Sierra reevaluating
ChatterBot Foxtrot reevaluating
ChatterBot Bravo reevaluating
ChatterBot Lima reevaluating
ChatterBot Yankee reevaluating
ChatterBot Sierra reevaluating
ChatterBot Foxtrot reevaluating
ChatterBot Bravo reevaluating
ChatterBot Lima reevaluating
ChatterBot Yankee reevaluating
ChatterBot November reevaluating
ChatterBot Yankee round 2
ChatterBot Romeo round 2
ChatterBot November round 2
2024-10-14 20:36:21.175295 Yankee: We should add Victor
ChatterBot Foxtrot reevaluating
ChatterBot November reevaluating
2024-10-14 20:36:21.194048 Foxtrot: Yes
2024-10-14 20:36:21.194254 Bravo: Yes
2024-10-14 20:36:21.194384 Lima: No
2024-10-14 20:36:21.195045 November: No
2024-10-14 20:36:21.195185 Sierra: No
ChatterBot Lima reevaluating
ChatterBot November reevaluating
ChatterBot Foxtrot reevaluating
ChatterBot Lima reevaluating
ChatterBot November reevaluating
ChatterBot Foxtrot reevaluating
ChatterBot November reevaluating
ChatterBot Foxtrot reevaluating
ChatterBot Lima reevaluating
ChatterBot Foxtrot reevaluating
ChatterBot Lima reevaluating
ChatterBot November reevaluating
2024-10-14 20:36:21.396486 Bravo: Victor we want you to join our group
ChatterBot Victor reevaluating
2024-10-14 20:36:21.402340 Victor: No
ChatterBot Foxtrot reevaluating
ChatterBot Lima reevaluating
ChatterBot November reevaluating
2024-10-14 20:36:21.427628 India: We should drop Foxtrot and November
ChatterBot Lima reevaluating
2024-10-14 20:36:21.439988 Papa: Yes
2024-10-14 20:36:21.440852 Romeo: Yes
2024-10-14 20:36:21.441202 Lima: No
ChatterBot Lima reevaluating
ChatterBot Lima reevaluating
2024-10-14 20:36:21.475513 Yankee: Victor we want you to join our group
2024-10-14 20:36:21.480402 Victor: No
ChatterBot Lima reevaluating
ChatterBot November reevaluating
2024-10-14 20:36:21.513805 Papa: India, sending you 7
2024-10-14 20:36:21.514589 Foxtrot: Victor we want you to join our group
2024-10-14 20:36:21.520243 Victor: No
2024-10-14 20:36:21.556486 Sierra: Foxtrot and Yankee, sending you 3
2024-10-14 20:36:21.557639 Papa: Victor, sending you 2
2024-10-14 20:36:21.646495 Bravo: Foxtrot, Lima, Sierra, Victor and Yankee, sending you 2
2024-10-14 20:36:21.646895 Romeo: Papa, sending you 6
2024-10-14 20:36:21.647123 Sierra: Lima, sending you 4
2024-10-14 20:36:21.647908 Papa: Romeo, sending you 5
2024-10-14 20:36:21.663942 Bravo: November, sending you 4
2024-10-14 20:36:21.664886 Romeo: India and Victor, sending you 5
2024-10-14 20:36:21.665144 Sierra: Bravo and November, sending you 2
2024-10-14 20:36:21.665494 November: Foxtrot, sending you 5
2024-10-14 20:36:21.666326 Yankee: Foxtrot, Lima, Sierra, Victor, Bravo and November, sending you 2
2024-10-14 20:36:21.666679 Foxtrot: Lima, Sierra and Bravo, sending you 3
2024-10-14 20:36:21.666957 India: Papa and Lima, sending you 4
2024-10-14 20:36:21.667267 Lima: Foxtrot and Yankee, sending you 3
2024-10-14 20:36:21.699144 November: Lima, sending you 3
2024-10-14 20:36:21.700150 Foxtrot: Victor, Yankee and November, sending you 2
2024-10-14 20:36:21.700679 India: Romeo, sending you 6
2024-10-14 20:36:21.701572 Lima: Sierra, sending you 5
2024-10-14 20:36:21.733472 November: Sierra and Bravo, sending you 4
2024-10-14 20:36:21.734132 Lima: Bravo, sending you 1
2024-10-14 20:36:21.761744 November: Yankee, sending you 2
2024-10-14 20:36:21.762854 Lima: November, sending you 4
chatterbot Romeo submitting transactions
chatterbot November submitting transactions
chatterbot Papa submitting transactions
chatterbot Foxtrot submitting transactions
chatterbot Romeo submitting transactions
chatterbot Lima submitting transactions
chatterbot Bravo submitting transactions
chatterbot Sierra submitting transactions
chatterbot India submitting transactions
chatterbot Yankee submitting transactions
chatterbot Victor submitting transactions
ChatterBot Papa round 3
ChatterBot India round 3
ChatterBot Foxtrot round 3
ChatterBot Lima round 3
ChatterBot Sierra round 3
ChatterBot Victor round 3
ChatterBot Bravo round 3
ChatterBot Yankee round 3
2024-10-14 20:36:22.604991 India: We should add Victor
ChatterBot Papa reevaluating
2024-10-14 20:36:22.613846 Papa: Yes
2024-10-14 20:36:22.614016 Romeo: Yes
2024-10-14 20:36:22.614158 Lima: No
ChatterBot Papa reevaluating
ChatterBot Papa reevaluating
ChatterBot Romeo round 3
ChatterBot November round 3
2024-10-14 20:36:22.659722 India: Victor we want you to join our group
2024-10-14 20:36:22.662835 Victor: No
ChatterBot Papa reevaluating
ChatterBot Romeo reevaluating
2024-10-14 20:36:22.686516 Victor: Papa, sending you 3
2024-10-14 20:36:22.693845 Sierra: Foxtrot, Yankee and November, sending you 3
2024-10-14 20:36:22.694499 Victor: India, sending you 1
2024-10-14 20:36:22.695313 Yankee: Foxtrot, Lima, Sierra, Victor, Bravo and November, sending you 2
2024-10-14 20:36:22.710213 Bravo: Foxtrot, Lima, Sierra, Victor and Yankee, sending you 2
2024-10-14 20:36:22.711226 Sierra: Lima, sending you 4
2024-10-14 20:36:22.711770 Victor: Romeo, sending you 4
2024-10-14 20:36:22.712151 Foxtrot: Lima, Sierra, Bravo and November, sending you 3
2024-10-14 20:36:22.713128 India: Papa and Romeo, sending you 4
2024-10-14 20:36:22.729073 Lima: Foxtrot and Yankee, sending you 3
2024-10-14 20:36:22.729886 Bravo: November, sending you 4
2024-10-14 20:36:22.730408 November: Foxtrot, Lima and Bravo, sending you 4
2024-10-14 20:36:22.732653 India: Lima and Victor, sending you 3
2024-10-14 20:36:22.733088 Sierra: Bravo, sending you 1
2024-10-14 20:36:22.737375 Papa: India and Romeo, sending you 6
2024-10-14 20:36:22.737811 Foxtrot: Victor, sending you 1
2024-10-14 20:36:22.738302 Romeo: Papa and India, sending you 6
2024-10-14 20:36:22.740440 Lima: Sierra, sending you 5
2024-10-14 20:36:22.741142 November: Sierra and Yankee, sending you 3
2024-10-14 20:36:22.741839 Papa: Victor, sending you 2
2024-10-14 20:36:22.746984 Foxtrot: Yankee, sending you 2
2024-10-14 20:36:22.747438 Romeo: Victor, sending you 4
2024-10-14 20:36:22.747803 Lima: Bravo, sending you 1
2024-10-14 20:36:22.796203 Lima: November, sending you 4
chatterbot Lima submitting transactions
chatterbot Papa submitting transactions
chatterbot Victor submitting transactions
chatterbot November submitting transactions
chatterbot Foxtrot submitting transactions
chatterbot Bravo submitting transactions
chatterbot Romeo submitting transactions
chatterbot India submitting transactions
chatterbot Sierra submitting transactions
chatterbot Yankee submitting transactions
ChatterBot Papa round 4
ChatterBot India round 4
ChatterBot Foxtrot round 4
ChatterBot Lima round 4
ChatterBot Sierra round 4
ChatterBot Victor round 4
ChatterBot Bravo round 4
ChatterBot Yankee round 4
ChatterBot Romeo round 4
ChatterBot November round 4
2024-10-14 20:36:23.951686 Foxtrot: We should drop Victor
ChatterBot Bravo reevaluating
2024-10-14 20:36:23.963598 Bravo: Yes
2024-10-14 20:36:23.963974 Lima: Yes
2024-10-14 20:36:23.964602 Yankee: No
2024-10-14 20:36:23.965025 November: Yes
2024-10-14 20:36:23.965436 Sierra: Yes
ChatterBot Foxtrot reevaluating
ChatterBot Yankee reevaluating
ChatterBot Foxtrot reevaluating
ChatterBot Bravo reevaluating
ChatterBot Yankee reevaluating
ChatterBot Foxtrot reevaluating
ChatterBot Bravo reevaluating
ChatterBot Foxtrot reevaluating
ChatterBot Bravo reevaluating
ChatterBot Yankee reevaluating
ChatterBot Foxtrot reevaluating
ChatterBot Bravo reevaluating
ChatterBot Yankee reevaluating
2024-10-14 20:36:24.040662 Lima: Foxtrot, sending you 3
2024-10-14 20:36:24.041262 India: Papa and Romeo, sending you 4
2024-10-14 20:36:24.041676 Papa: India, sending you 5
2024-10-14 20:36:24.045848 Lima: Sierra, sending you 5
2024-10-14 20:36:24.046422 India: Lima and Victor, sending you 3
2024-10-14 20:36:24.046813 Papa: Victor, sending you 3
2024-10-14 20:36:24.049190 Lima: Bravo and Yankee, sending you 2
2024-10-14 20:36:24.050690 Papa: Romeo, sending you 6
2024-10-14 20:36:24.051105 November: Foxtrot, Lima and Bravo, sending you 4
2024-10-14 20:36:24.054953 Lima: November, sending you 4
2024-10-14 20:36:24.055659 Romeo: Papa, sending you 6
2024-10-14 20:36:24.056041 Bravo: Foxtrot, Lima, Sierra, Victor and Yankee, sending you 2
2024-10-14 20:36:24.056683 November: Sierra and Yankee, sending you 3
2024-10-14 20:36:24.057234 Foxtrot: Lima, Sierra and November, sending you 3
2024-10-14 20:36:24.058004 Victor: Papa and India, sending you 2
2024-10-14 20:36:24.059680 Romeo: India and Victor, sending you 5
2024-10-14 20:36:24.060683 Bravo: November, sending you 4
2024-10-14 20:36:24.061748 Foxtrot: Victor, Bravo and Yankee, sending you 2
2024-10-14 20:36:24.062254 Victor: Romeo, sending you 4
2024-10-14 20:36:24.062669 Sierra: Foxtrot and November, sending you 3
2024-10-14 20:36:24.065655 Sierra: Lima, sending you 4
2024-10-14 20:36:24.068675 Sierra: Bravo and Yankee, sending you 2
2024-10-14 20:36:24.082674 Yankee: Foxtrot, Bravo and November, sending you 2
2024-10-14 20:36:24.087152 Yankee: Lima and Sierra, sending you 3
chatterbot Romeo submitting transactions
chatterbot Bravo submitting transactions
chatterbot Lima submitting transactions
chatterbot Yankee submitting transactions
chatterbot Victor submitting transactions
chatterbot November submitting transactions
chatterbot Papa submitting transactions
chatterbot India submitting transactions
chatterbot Sierra submitting transactions
chatterbot Foxtrot submitting transactions
ChatterBot Papa round 5
ChatterBot India round 5
ChatterBot Foxtrot round 5
ChatterBot Lima round 5
ChatterBot Sierra round 5
ChatterBot Victor round 5
ChatterBot Bravo round 5
ChatterBot Yankee round 5
ChatterBot Romeo round 5
2024-10-14 20:36:25.218019 India: We should replace Lima with Sierra
2024-10-14 20:36:25.237980 Papa: No
2024-10-14 20:36:25.238517 Romeo: No
2024-10-14 20:36:25.238845 Victor: No
ChatterBot India reevaluating
ChatterBot India reevaluating
ChatterBot India reevaluating
ChatterBot November round 5
2024-10-14 20:36:25.269984 Bravo: We should replace Victor with Papa
2024-10-14 20:36:25.278866 Foxtrot: No
2024-10-14 20:36:25.279215 Lima: No
2024-10-14 20:36:25.279458 Yankee: No
2024-10-14 20:36:25.279761 November: No
2024-10-14 20:36:25.279933 Sierra: No
ChatterBot Bravo reevaluating
ChatterBot Bravo reevaluating
ChatterBot Bravo reevaluating
ChatterBot Bravo reevaluating
ChatterBot Bravo reevaluating
2024-10-14 20:36:25.339361 India: We should replace Lima with Yankee
2024-10-14 20:36:25.349252 Papa: No
2024-10-14 20:36:25.349602 Romeo: No
2024-10-14 20:36:25.349896 Victor: No
ChatterBot India reevaluating
ChatterBot India reevaluating
ChatterBot India reevaluating
2024-10-14 20:36:25.371873 Foxtrot: We should drop Victor
ChatterBot Bravo reevaluating
2024-10-14 20:36:25.384454 Bravo: Yes
2024-10-14 20:36:25.384736 Lima: Yes
2024-10-14 20:36:25.384914 Yankee: Yes
2024-10-14 20:36:25.385085 November: Yes
2024-10-14 20:36:25.385261 Sierra: Yes
ChatterBot Bravo reevaluating
ChatterBot Bravo reevaluating
ChatterBot Bravo reevaluating
ChatterBot Bravo reevaluating
2024-10-14 20:36:25.452733 Bravo: We should replace Victor with India
2024-10-14 20:36:25.466891 Foxtrot: No
2024-10-14 20:36:25.467103 Lima: No
2024-10-14 20:36:25.467288 Yankee: No
2024-10-14 20:36:25.467451 November: No
2024-10-14 20:36:25.467604 Sierra: No
ChatterBot Bravo reevaluating
ChatterBot Bravo reevaluating
ChatterBot Bravo reevaluating
ChatterBot Bravo reevaluating
ChatterBot Bravo reevaluating
2024-10-14 20:36:25.529852 Bravo: We should replace Victor with Romeo
2024-10-14 20:36:25.541879 Foxtrot: No
2024-10-14 20:36:25.542121 Lima: No
2024-10-14 20:36:25.542277 Yankee: No
2024-10-14 20:36:25.542423 November: No
2024-10-14 20:36:25.542570 Sierra: No
ChatterBot Bravo reevaluating
ChatterBot Bravo reevaluating
ChatterBot Bravo reevaluating
ChatterBot Bravo reevaluating
ChatterBot Bravo reevaluating
2024-10-14 20:36:25.593860 Papa: India, sending you 5
2024-10-14 20:36:25.594680 India: Yankee we want you to join our group
2024-10-14 20:36:25.597026 Yankee: No
ChatterBot India reevaluating
2024-10-14 20:36:25.604794 Papa: Victor, sending you 3
2024-10-14 20:36:25.605142 Sierra: Foxtrot, Yankee and November, sending you 3
2024-10-14 20:36:25.605694 Victor: Papa and Romeo, sending you 3
2024-10-14 20:36:25.606538 Bravo: India we want you to join our group
ChatterBot India reevaluating
2024-10-14 20:36:25.609155 India: No
ChatterBot Bravo reevaluating
2024-10-14 20:36:25.619944 Foxtrot: Sending you each 3
2024-10-14 20:36:25.620441 Yankee: Foxtrot, Lima, Bravo and November, sending you 2
2024-10-14 20:36:25.620881 Romeo: Papa, sending you 6
2024-10-14 20:36:25.621547 Papa: Romeo, sending you 6
2024-10-14 20:36:25.621800 Victor: India, sending you 2
2024-10-14 20:36:25.622068 Lima: Foxtrot and Yankee, sending you 3
2024-10-14 20:36:25.622487 November: Foxtrot, Lima and Bravo, sending you 4
2024-10-14 20:36:25.622929 Sierra: Lima, sending you 4
2024-10-14 20:36:25.623481 India: We should replace Lima with Bravo
2024-10-14 20:36:25.628630 Papa: No
2024-10-14 20:36:25.628748 Romeo: No
2024-10-14 20:36:25.628838 Victor: No
ChatterBot India reevaluating
ChatterBot India reevaluating
ChatterBot India reevaluating
2024-10-14 20:36:25.645515 Yankee: Sierra, sending you 4
2024-10-14 20:36:25.646227 Romeo: India and Victor, sending you 5
2024-10-14 20:36:25.646519 Sierra: Bravo, sending you 1
2024-10-14 20:36:25.647042 Lima: Sierra and November, sending you 4
2024-10-14 20:36:25.647568 November: Sierra and Yankee, sending you 3
2024-10-14 20:36:25.651725 Lima: Bravo, sending you 2
2024-10-14 20:36:25.652468 India: Bravo we want you to join our group
ChatterBot Bravo reevaluating
2024-10-14 20:36:25.655879 Bravo: No
ChatterBot India reevaluating
2024-10-14 20:36:25.670795 Bravo: Romeo we want you to join our group
2024-10-14 20:36:25.673607 Romeo: No
ChatterBot Bravo reevaluating
chatterbot Foxtrot submitting transactions
2024-10-14 20:36:25.708683 India: Papa and Romeo, sending you 4
2024-10-14 20:36:25.710680 Bravo: India, Foxtrot, Lima, Sierra and Yankee, sending you 2
2024-10-14 20:36:25.713669 India: Victor and Bravo, sending you 3
2024-10-14 20:36:25.714662 Bravo: November, sending you 4
chatterbot November submitting transactions
chatterbot Yankee submitting transactions
chatterbot Papa submitting transactions
chatterbot Victor submitting transactions
chatterbot Sierra submitting transactions
chatterbot Lima submitting transactions
chatterbot Bravo submitting transactions
chatterbot Romeo submitting transactions
chatterbot India submitting transactions
ChatterBot Papa round 6
ChatterBot India round 6
ChatterBot Foxtrot round 6
ChatterBot Lima round 6
ChatterBot Sierra round 6
ChatterBot Victor round 6
ChatterBot Bravo round 6
ChatterBot Yankee round 6
ChatterBot Romeo round 6
ChatterBot November round 6
2024-10-14 20:36:26.861521 India: We should replace Bravo with Yankee
2024-10-14 20:36:26.867629 Papa: No
2024-10-14 20:36:26.867813 Romeo: No
2024-10-14 20:36:26.867961 Victor: No
ChatterBot India reevaluating
2024-10-14 20:36:26.909671 Yankee: Foxtrot, Lima, Bravo and November, sending you 2
2024-10-14 20:36:26.913028 Yankee: Sierra, sending you 4
2024-10-14 20:36:26.913720 Sierra: Foxtrot, Yankee and November, sending you 3
2024-10-14 20:36:26.914676 Foxtrot: Same as last round
2024-10-14 20:36:26.915669 Papa: India, sending you 5
2024-10-14 20:36:26.915983 India: Papa and Romeo, sending you 4
2024-10-14 20:36:26.916663 November: Foxtrot, Lima and Bravo, sending you 4
2024-10-14 20:36:26.917653 Lima: Foxtrot and Yankee, sending you 3
2024-10-14 20:36:26.918660 Sierra: Lima, sending you 4
2024-10-14 20:36:26.919111 Papa: Victor, sending you 3
2024-10-14 20:36:26.919678 Romeo: Papa, sending you 6
2024-10-14 20:36:26.919997 India: Victor and Bravo, sending you 3
2024-10-14 20:36:26.921657 Victor: Papa and Romeo, sending you 3
2024-10-14 20:36:26.921983 November: Sierra and Yankee, sending you 3
2024-10-14 20:36:26.922538 Lima: Sierra and November, sending you 4
2024-10-14 20:36:26.923424 Papa: Romeo, sending you 6
2024-10-14 20:36:26.923753 Sierra: Bravo, sending you 1
2024-10-14 20:36:26.924268 Romeo: India and Victor, sending you 5
2024-10-14 20:36:26.924583 Bravo: India, Foxtrot, Lima, Sierra and Yankee, sending you 2
2024-10-14 20:36:26.925656 Victor: India, sending you 2
2024-10-14 20:36:26.926661 Lima: Bravo, sending you 2
2024-10-14 20:36:26.928651 Bravo: November, sending you 4
chatterbot Foxtrot submitting transactions
chatterbot Papa submitting transactions
chatterbot Romeo submitting transactions
chatterbot Yankee submitting transactions
chatterbot November submitting transactions
chatterbot India submitting transactions
chatterbot Lima submitting transactions
chatterbot Victor submitting transactions
chatterbot Sierra submitting transactions
chatterbot Bravo submitting transactions
ChatterBot Papa round 7
ChatterBot India round 7
ChatterBot Foxtrot round 7
ChatterBot Lima round 7
ChatterBot Sierra round 7
ChatterBot Victor round 7
ChatterBot Bravo round 7
ChatterBot Yankee round 7
ChatterBot Romeo round 7
ChatterBot November round 7
2024-10-14 20:36:28.094776 India: We should replace Bravo with Yankee
2024-10-14 20:36:28.100592 Papa: No
2024-10-14 20:36:28.101064 Romeo: No
2024-10-14 20:36:28.101204 Victor: No
ChatterBot India reevaluating
ChatterBot India reevaluating
ChatterBot India reevaluating
2024-10-14 20:36:28.142670 Foxtrot: Same as last round
2024-10-14 20:36:28.143666 Papa: India, sending you 5
2024-10-14 20:36:28.146689 Bravo: India, Foxtrot, Lima, Sierra and Yankee, sending you 2
2024-10-14 20:36:28.147665 Papa: Victor, sending you 3
2024-10-14 20:36:28.148032 November: Foxtrot and Yankee, sending you 3
2024-10-14 20:36:28.148670 Yankee: Foxtrot, Lima, Bravo and November, sending you 2
2024-10-14 20:36:28.149175 Romeo: Papa, sending you 6
2024-10-14 20:36:28.149792 Sierra: Foxtrot, Yankee and November, sending you 3
2024-10-14 20:36:28.150712 Bravo: November, sending you 4
2024-10-14 20:36:28.151087 Victor: Papa and Romeo, sending you 3
2024-10-14 20:36:28.151402 November: Lima, Sierra and Bravo, sending you 4
2024-10-14 20:36:28.151965 Papa: Romeo, sending you 6
2024-10-14 20:36:28.152677 Yankee: Sierra, sending you 4
2024-10-14 20:36:28.153309 Romeo: India and Victor, sending you 5
2024-10-14 20:36:28.154997 Sierra: Lima, sending you 4
2024-10-14 20:36:28.155620 Victor: India, sending you 2
2024-10-14 20:36:28.155966 Lima: Foxtrot and Yankee, sending you 3
2024-10-14 20:36:28.158678 Sierra: Bravo, sending you 1
2024-10-14 20:36:28.159676 India: Papa and Romeo, sending you 4
2024-10-14 20:36:28.160699 Lima: Sierra and November, sending you 4
2024-10-14 20:36:28.162692 India: Victor and Bravo, sending you 3
2024-10-14 20:36:28.164096 Lima: Bravo, sending you 2
chatterbot November submitting transactions
chatterbot Lima submitting transactions
chatterbot Foxtrot submitting transactions
chatterbot Sierra submitting transactions
chatterbot Bravo submitting transactions
chatterbot Papa submitting transactions
chatterbot Yankee submitting transactions
chatterbot Victor submitting transactions
chatterbot Romeo submitting transactions
chatterbot India submitting transactions
ChatterBot Papa round 8
ChatterBot India round 8
ChatterBot Foxtrot round 8
ChatterBot Lima round 8
ChatterBot Sierra round 8
ChatterBot Victor round 8
ChatterBot Bravo round 8
ChatterBot Yankee round 8
ChatterBot Romeo round 8
ChatterBot November round 8
2024-10-14 20:36:29.376686 Yankee: Foxtrot, Lima, Bravo and November, sending you 2
2024-10-14 20:36:29.379678 India: Papa and Romeo, sending you 4
2024-10-14 20:36:29.380291 Sierra: Foxtrot, Lima, Yankee and November, sending you 3
2024-10-14 20:36:29.382058 Victor: Papa and Romeo, sending you 3
2024-10-14 20:36:29.382842 Yankee: Sierra, sending you 4
2024-10-14 20:36:29.384219 India: Victor and Bravo, sending you 3
2024-10-14 20:36:29.385444 Sierra: Bravo, sending you 2
2024-10-14 20:36:29.386674 Victor: India, sending you 2
2024-10-14 20:36:29.387697 Bravo: India, Foxtrot, Lima, Sierra and Yankee, sending you 2
2024-10-14 20:36:29.388887 November: Foxtrot and Yankee, sending you 3
2024-10-14 20:36:29.389859 Romeo: Papa, sending you 2
2024-10-14 20:36:29.390449 Lima: Foxtrot, sending you 3
2024-10-14 20:36:29.391563 Foxtrot: Same as last round
2024-10-14 20:36:29.393131 Papa: India and Victor, sending you 4
2024-10-14 20:36:29.393698 Bravo: November, sending you 4
2024-10-14 20:36:29.394618 November: Lima, Sierra and Bravo, sending you 4
2024-10-14 20:36:29.396012 Romeo: India and Victor, sending you 1
2024-10-14 20:36:29.396648 Lima: Sierra, sending you 5
2024-10-14 20:36:29.397701 Papa: Romeo, sending you 6
2024-10-14 20:36:29.400665 Lima: Bravo and Yankee, sending you 2
2024-10-14 20:36:29.405680 Lima: November, sending you 4
chatterbot Romeo submitting transactions
chatterbot Yankee submitting transactions
chatterbot Foxtrot submitting transactions
chatterbot Papa submitting transactions
chatterbot Lima submitting transactions
chatterbot Sierra submitting transactions
chatterbot Bravo submitting transactions
chatterbot Victor submitting transactions
chatterbot India submitting transactions
chatterbot November submitting transactions
ChatterBot Papa round 9
ChatterBot India round 9
ChatterBot Foxtrot round 9
ChatterBot Lima round 9
ChatterBot Sierra round 9
ChatterBot Victor round 9
ChatterBot Bravo round 9
ChatterBot Yankee round 9
ChatterBot Romeo round 9
ChatterBot November round 9
2024-10-14 20:36:30.550670 Foxtrot: We should add India
ChatterBot Yankee reevaluating
ChatterBot November reevaluating
2024-10-14 20:36:30.567346 Bravo: Yes
2024-10-14 20:36:30.567577 Lima: No
2024-10-14 20:36:30.567781 Yankee: Yes
2024-10-14 20:36:30.567956 November: Yes
2024-10-14 20:36:30.568129 Sierra: No
ChatterBot Yankee reevaluating
ChatterBot November reevaluating
ChatterBot Foxtrot reevaluating
ChatterBot Yankee reevaluating
ChatterBot November reevaluating
ChatterBot Foxtrot reevaluating
ChatterBot Lima reevaluating
ChatterBot November reevaluating
ChatterBot Foxtrot reevaluating
ChatterBot Lima reevaluating
ChatterBot Yankee reevaluating
ChatterBot Foxtrot reevaluating
ChatterBot Lima reevaluating
ChatterBot Yankee reevaluating
ChatterBot November reevaluating
2024-10-14 20:36:30.639920 November: We should add Papa
ChatterBot Foxtrot reevaluating
ChatterBot Lima reevaluating
ChatterBot Yankee reevaluating
2024-10-14 20:36:30.651288 Foxtrot: No
2024-10-14 20:36:30.651437 Bravo: No
2024-10-14 20:36:30.651551 Lima: No
2024-10-14 20:36:30.651663 Yankee: Yes
2024-10-14 20:36:30.651770 Sierra: No
ChatterBot Lima reevaluating
ChatterBot Yankee reevaluating
ChatterBot November reevaluating
ChatterBot Foxtrot reevaluating
ChatterBot Lima reevaluating
ChatterBot Yankee reevaluating
ChatterBot November reevaluating
ChatterBot Foxtrot reevaluating
ChatterBot Yankee reevaluating
ChatterBot November reevaluating
ChatterBot Foxtrot reevaluating
ChatterBot Lima reevaluating
ChatterBot November reevaluating
ChatterBot Foxtrot reevaluating
ChatterBot Lima reevaluating
ChatterBot Yankee reevaluating
ChatterBot November reevaluating
2024-10-14 20:36:30.722028 Lima: India we want you to join our group
2024-10-14 20:36:30.724154 India: No
ChatterBot Foxtrot reevaluating
ChatterBot Lima reevaluating
2024-10-14 20:36:30.736938 November: India we want you to join our group
2024-10-14 20:36:30.739249 India: No
ChatterBot Foxtrot reevaluating
ChatterBot Lima reevaluating
2024-10-14 20:36:30.751530 Yankee: India we want you to join our group
2024-10-14 20:36:30.753804 India: No
ChatterBot Foxtrot reevaluating
ChatterBot Lima reevaluating
2024-10-14 20:36:30.766295 India: Papa and Romeo, sending you 4
2024-10-14 20:36:30.766786 Papa: India and Romeo, sending you 5
2024-10-14 20:36:30.768657 Romeo: Papa, sending you 2
2024-10-14 20:36:30.769662 India: Victor and Bravo, sending you 3
2024-10-14 20:36:30.770691 Sierra: Foxtrot, Bravo and November, sending you 2
2024-10-14 20:36:30.771795 Victor: Sending you each 3
2024-10-14 20:36:30.772278 Bravo: India, Foxtrot, Lima, Sierra and Yankee, sending you 2
2024-10-14 20:36:30.772790 Papa: Victor, sending you 4
2024-10-14 20:36:30.773693 Foxtrot: India we want you to join our group
2024-10-14 20:36:30.776211 India: No
ChatterBot Foxtrot reevaluating
ChatterBot Lima reevaluating
2024-10-14 20:36:30.792410 Romeo: India and Victor, sending you 1
2024-10-14 20:36:30.792871 Bravo: November, sending you 4
2024-10-14 20:36:30.793354 Sierra: Lima and Yankee, sending you 3
2024-10-14 20:36:30.796688 November: India, sending you 1
2024-10-14 20:36:30.798707 Yankee: India, sending you 1
2024-10-14 20:36:30.799682 November: Foxtrot, Sierra and Yankee, sending you 3
2024-10-14 20:36:30.802715 Yankee: Foxtrot, Lima, Bravo and November, sending you 2
2024-10-14 20:36:30.803300 November: Lima and Bravo, sending you 4
2024-10-14 20:36:30.807097 Yankee: Sierra, sending you 3
2024-10-14 20:36:30.817669 Foxtrot: India, Bravo and Yankee, sending you 2
2024-10-14 20:36:30.819672 Lima: Foxtrot, Bravo and Yankee, sending you 2
2024-10-14 20:36:30.822677 Foxtrot: Lima, Sierra and November, sending you 3
2024-10-14 20:36:30.823630 Lima: Sierra and November, sending you 3
chatterbot Victor submitting transactions
chatterbot November submitting transactions
chatterbot India submitting transactions
chatterbot Bravo submitting transactions
chatterbot Sierra submitting transactions
chatterbot Papa submitting transactions
chatterbot Foxtrot submitting transactions
chatterbot Lima submitting transactions
chatterbot Yankee submitting transactions
chatterbot Romeo submitting transactions
ChatterBot Papa round 10
ChatterBot India round 10
ChatterBot Foxtrot round 10
ChatterBot Lima round 10
ChatterBot Sierra round 10
ChatterBot Victor round 10
ChatterBot Bravo round 10
2024-10-14 20:36:31.737374 India: We should replace Bravo with Yankee
2024-10-14 20:36:31.748452 Papa: No
2024-10-14 20:36:31.748673 Romeo: No
2024-10-14 20:36:31.748858 Victor: No
ChatterBot India reevaluating
ChatterBot Romeo reevaluating
ChatterBot India reevaluating
ChatterBot India reevaluating
ChatterBot Romeo reevaluating
ChatterBot Yankee round 10
ChatterBot Romeo round 10
ChatterBot November round 10
2024-10-14 20:36:31.805995 Lima: We should drop India
ChatterBot November reevaluating
2024-10-14 20:36:31.818702 Foxtrot: No
2024-10-14 20:36:31.818883 Bravo: No
2024-10-14 20:36:31.819013 Yankee: No
2024-10-14 20:36:31.819131 November: Yes
2024-10-14 20:36:31.819264 Sierra: Yes
ChatterBot Lima reevaluating
ChatterBot November reevaluating
ChatterBot Lima reevaluating
ChatterBot November reevaluating
ChatterBot Lima reevaluating
ChatterBot November reevaluating
ChatterBot Lima reevaluating
ChatterBot Lima reevaluating
ChatterBot November reevaluating
2024-10-14 20:36:31.903685 Foxtrot: India, Bravo and Yankee, sending you 2
2024-10-14 20:36:31.904858 Papa: India and Romeo, sending you 5
2024-10-14 20:36:31.905843 Sierra: Foxtrot, Lima, Yankee and November, sending you 3
2024-10-14 20:36:31.907933 Foxtrot: Lima, Sierra and November, sending you 3
2024-10-14 20:36:31.908674 Bravo: I was attacked by Romeo
ChatterBot Foxtrot reevaluating
ChatterBot Lima reevaluating
ChatterBot Sierra reevaluating
ChatterBot Yankee reevaluating
ChatterBot November reevaluating
ChatterBot India reevaluating
2024-10-14 20:36:31.927543 Bravo: I'm keeping this round to protect myself
2024-10-14 20:36:31.928942 Bravo: Ow
2024-10-14 20:36:31.929246 Papa: Victor, sending you 4
2024-10-14 20:36:31.930050 Romeo: I was attacked by Sierra
ChatterBot Papa reevaluating
ChatterBot India reevaluating
ChatterBot Victor reevaluating
2024-10-14 20:36:31.939883 Romeo: I'm keeping this round to protect myself
2024-10-14 20:36:31.940642 Romeo: Ow
2024-10-14 20:36:31.959697 November: India, sending you 1
2024-10-14 20:36:31.963674 November: Foxtrot, Lima and Sierra, sending you 3
2024-10-14 20:36:31.966673 November: Bravo, sending you 4
2024-10-14 20:36:31.967678 Lima: Foxtrot and Yankee, sending you 3
2024-10-14 20:36:31.970664 November: Yankee, sending you 2
2024-10-14 20:36:31.971687 Victor: Same as last round
2024-10-14 20:36:31.972676 Lima: Sierra and November, sending you 4
2024-10-14 20:36:31.973662 India: Papa and Romeo, sending you 4
2024-10-14 20:36:31.977648 Lima: Bravo, sending you 2
2024-10-14 20:36:31.978630 India: Victor and Bravo, sending you 3
chatterbot Bravo submitting transactions
chatterbot Victor submitting transactions
chatterbot Lima submitting transactions
chatterbot India submitting transactions
chatterbot November submitting transactions
chatterbot Foxtrot submitting transactions
chatterbot Yankee submitting transactions
chatterbot Romeo submitting transactions
chatterbot Sierra submitting transactions
chatterbot Papa submitting transactions
ChatterBot Papa round 11
ChatterBot India round 11
ChatterBot Foxtrot round 11
ChatterBot Lima round 11
ChatterBot Sierra round 11
ChatterBot Victor round 11
ChatterBot Bravo round 11
ChatterBot Yankee round 11
2024-10-14 20:36:33.130889 India: We should replace Bravo with Foxtrot
ChatterBot Romeo reevaluating
ChatterBot Victor reevaluating
2024-10-14 20:36:33.142665 Papa: No
2024-10-14 20:36:33.142852 Romeo: Yes
2024-10-14 20:36:33.143007 Victor: Yes
ChatterBot India reevaluating
ChatterBot Romeo reevaluating
ChatterBot Victor reevaluating
ChatterBot India reevaluating
ChatterBot Victor reevaluating
ChatterBot India reevaluating
ChatterBot Romeo reevaluating
ChatterBot Romeo round 11
ChatterBot November round 11
2024-10-14 20:36:33.201690 Victor: We should add Foxtrot
ChatterBot India reevaluating
