ChatterBot Zulu round 1
ChatterBot Whiskey round 1
ChatterBot Lima round 1
ChatterBot Uniform round 1
ChatterBot Sierra round 1
ChatterBot Kilo round 1
ChatterBot X-ray round 1
ChatterBot Tango round 1
ChatterBot Golf round 1
ChatterBot Hotel round 1
randomSelections Tango: {Tango, Zulu, Uniform, Hotel, Sierra, X-ray} 
2024-10-14 21:08:37.399520 Tango: Can we be friends?
ChatterBot Zulu reevaluating
ChatterBot Uniform reevaluating
ChatterBot Hotel reevaluating
ChatterBot Sierra reevaluating
ChatterBot X-ray reevaluating
2024-10-14 21:08:37.411317 Zulu: Yes
2024-10-14 21:08:37.411550 Uniform: Yes
2024-10-14 21:08:37.411696 Hotel: Yes
2024-10-14 21:08:37.412407 Sierra: Yes
2024-10-14 21:08:37.412525 X-ray: Yes
ChatterBot Uniform reevaluating
ChatterBot Hotel reevaluating
ChatterBot Sierra reevaluating
ChatterBot X-ray reevaluating
ChatterBot Zulu reevaluating
ChatterBot Hotel reevaluating
ChatterBot Sierra reevaluating
ChatterBot X-ray reevaluating
ChatterBot Zulu reevaluating
ChatterBot Uniform reevaluating
ChatterBot Sierra reevaluating
ChatterBot X-ray reevaluating
ChatterBot Zulu reevaluating
ChatterBot Uniform reevaluating
ChatterBot Hotel reevaluating
ChatterBot X-ray reevaluating
ChatterBot Zulu reevaluating
ChatterBot Uniform reevaluating
ChatterBot Hotel reevaluating
ChatterBot Sierra reevaluating
randomSelections Lima: {Lima, Sierra, Uniform, Whiskey, Hotel, Kilo, Golf} 
2024-10-14 21:08:37.461729 Lima: We should group up
ChatterBot Sierra reevaluating
ChatterBot Uniform reevaluating
ChatterBot Whiskey reevaluating
ChatterBot Hotel reevaluating
ChatterBot Kilo reevaluating
ChatterBot Golf reevaluating
2024-10-14 21:08:37.474271 Sierra: No
2024-10-14 21:08:37.474419 Uniform: No
2024-10-14 21:08:37.474578 Whiskey: Yes
2024-10-14 21:08:37.474744 Hotel: No
2024-10-14 21:08:37.474948 Kilo: Yes
2024-10-14 21:08:37.475063 Golf: Yes
ChatterBot Uniform reevaluating
ChatterBot Whiskey reevaluating
ChatterBot Hotel reevaluating
ChatterBot Kilo reevaluating
ChatterBot Golf reevaluating
ChatterBot Sierra reevaluating
ChatterBot Whiskey reevaluating
ChatterBot Hotel reevaluating
ChatterBot Kilo reevaluating
ChatterBot Golf reevaluating
ChatterBot Sierra reevaluating
ChatterBot Uniform reevaluating
ChatterBot Hotel reevaluating
ChatterBot Kilo reevaluating
ChatterBot Golf reevaluating
ChatterBot Sierra reevaluating
ChatterBot Uniform reevaluating
ChatterBot Whiskey reevaluating
ChatterBot Kilo reevaluating
ChatterBot Golf reevaluating
ChatterBot Sierra reevaluating
ChatterBot Uniform reevaluating
ChatterBot Whiskey reevaluating
ChatterBot Hotel reevaluating
ChatterBot Golf reevaluating
ChatterBot Sierra reevaluating
ChatterBot Uniform reevaluating
ChatterBot Whiskey reevaluating
ChatterBot Hotel reevaluating
ChatterBot Kilo reevaluating
2024-10-14 21:08:37.574820 Uniform: Zulu, sending you 1
2024-10-14 21:08:37.575279 Lima: Whiskey, Uniform, Golf and Hotel, sending you 1
2024-10-14 21:08:37.576178 Tango: Zulu, sending you 5
2024-10-14 21:08:37.576519 X-ray: Zulu and Uniform, sending you 2
2024-10-14 21:08:37.578304 Kilo: Whiskey, sending you 1
2024-10-14 21:08:37.579482 Uniform: Sierra and Tango, sending you 4
2024-10-14 21:08:37.580566 Tango: Uniform, sending you 4
2024-10-14 21:08:37.580934 Lima: Sierra, sending you 2
2024-10-14 21:08:37.581277 Whiskey: Lima and Golf, sending you 4
2024-10-14 21:08:37.582198 X-ray: Sierra and Hotel, sending you 4
2024-10-14 21:08:37.582513 Hotel: Uniform, sending you 4
2024-10-14 21:08:37.582928 Sierra: Zulu and Tango, sending you 2
2024-10-14 21:08:37.583669 Kilo: Lima, sending you 6
2024-10-14 21:08:37.584040 Uniform: X-ray, sending you 6
2024-10-14 21:08:37.584810 Lima: Kilo, sending you 3
2024-10-14 21:08:37.585180 Tango: Sierra, sending you 3
2024-10-14 21:08:37.585558 Whiskey: Uniform, sending you 3
2024-10-14 21:08:37.586358 X-ray: Tango, sending you 1
2024-10-14 21:08:37.586764 Hotel: Sierra, sending you 5
2024-10-14 21:08:37.587150 Kilo: Uniform, Sierra and Hotel, sending you 2
2024-10-14 21:08:37.588022 Golf: Whiskey, Sierra and Hotel, sending you 2
2024-10-14 21:08:37.588500 Sierra: Uniform and Hotel, sending you 5
2024-10-14 21:08:37.589415 Uniform: Hotel, sending you 3
2024-10-14 21:08:37.589816 Tango: Hotel, sending you 1
2024-10-14 21:08:37.590669 Whiskey: Sierra, sending you 2
2024-10-14 21:08:37.591034 Hotel: X-ray, sending you 2
2024-10-14 21:08:37.591385 Golf: Lima and Uniform, sending you 4
2024-10-14 21:08:37.601360 Kilo: Golf, sending you 4
2024-10-14 21:08:37.601895 Sierra: X-ray, sending you 4
2024-10-14 21:08:37.602375 Whiskey: Kilo, sending you 6
2024-10-14 21:08:37.606823 Hotel: Tango, sending you 1
2024-10-14 21:08:37.609761 Whiskey: Hotel, sending you 1
chatterbot Tango submitting transactions
chatterbot Golf submitting transactions
chatterbot Uniform submitting transactions
chatterbot Lima submitting transactions
chatterbot Kilo submitting transactions
chatterbot Whiskey submitting transactions
chatterbot Hotel submitting transactions
chatterbot Zulu submitting transactions
chatterbot Sierra submitting transactions
chatterbot X-ray submitting transactions
ChatterBot Zulu round 2
ChatterBot Whiskey round 2
ChatterBot Lima round 2
ChatterBot Uniform round 2
ChatterBot Sierra round 2
ChatterBot Kilo round 2
ChatterBot X-ray round 2
ChatterBot Tango round 2
ChatterBot Golf round 2
ChatterBot Hotel round 2
2024-10-14 21:08:41.436182 Uniform: We would work well together
ChatterBot Sierra reevaluating
ChatterBot Tango reevaluating
ChatterBot Hotel reevaluating
ChatterBot Whiskey reevaluating
ChatterBot Lima reevaluating
ChatterBot Kilo reevaluating
ChatterBot Golf reevaluating
2024-10-14 21:08:41.475050 Sierra: No
2024-10-14 21:08:41.475318 X-ray: No
2024-10-14 21:08:41.475494 Tango: No
2024-10-14 21:08:41.475641 Hotel: No
2024-10-14 21:08:41.476334 Whiskey: No
2024-10-14 21:08:41.476484 Lima: No
2024-10-14 21:08:41.476646 Kilo: No
2024-10-14 21:08:41.476782 Golf: No
ChatterBot Tango reevaluating
ChatterBot Hotel reevaluating
ChatterBot Whiskey reevaluating
ChatterBot Lima reevaluating
ChatterBot Kilo reevaluating
ChatterBot Golf reevaluating
ChatterBot Sierra reevaluating
ChatterBot Tango reevaluating
ChatterBot Hotel reevaluating
ChatterBot Whiskey reevaluating
ChatterBot Lima reevaluating
ChatterBot Kilo reevaluating
ChatterBot Golf reevaluating
ChatterBot Sierra reevaluating
ChatterBot Hotel reevaluating
ChatterBot Whiskey reevaluating
ChatterBot Lima reevaluating
ChatterBot Kilo reevaluating
ChatterBot Golf reevaluating
ChatterBot Sierra reevaluating
ChatterBot Tango reevaluating
ChatterBot Whiskey reevaluating
ChatterBot Lima reevaluating
ChatterBot Kilo reevaluating
ChatterBot Golf reevaluating
ChatterBot Sierra reevaluating
ChatterBot Tango reevaluating
ChatterBot Hotel reevaluating
ChatterBot Lima reevaluating
ChatterBot Kilo reevaluating
ChatterBot Golf reevaluating
ChatterBot Sierra reevaluating
ChatterBot Tango reevaluating
ChatterBot Hotel reevaluating
ChatterBot Whiskey reevaluating
ChatterBot Kilo reevaluating
ChatterBot Golf reevaluating
ChatterBot Sierra reevaluating
ChatterBot Tango reevaluating
ChatterBot Hotel reevaluating
ChatterBot Whiskey reevaluating
ChatterBot Lima reevaluating
ChatterBot Golf reevaluating
ChatterBot Sierra reevaluating
ChatterBot Tango reevaluating
ChatterBot Hotel reevaluating
ChatterBot Whiskey reevaluating
ChatterBot Lima reevaluating
ChatterBot Kilo reevaluating
2024-10-14 21:08:41.783557 X-ray: We should drop Zulu
ChatterBot Sierra reevaluating
ChatterBot Tango reevaluating
ChatterBot Hotel reevaluating
2024-10-14 21:08:41.800266 Uniform: Yes
2024-10-14 21:08:41.800412 Sierra: Yes
2024-10-14 21:08:41.800898 Tango: Yes
2024-10-14 21:08:41.800999 Hotel: Yes
ChatterBot Sierra reevaluating
ChatterBot Tango reevaluating
ChatterBot Hotel reevaluating
ChatterBot Tango reevaluating
ChatterBot Hotel reevaluating
ChatterBot Sierra reevaluating
ChatterBot Hotel reevaluating
ChatterBot Sierra reevaluating
ChatterBot Tango reevaluating
chatterbot Uniform submitting transactions
2024-10-14 21:08:42.090279 Golf: Whiskey, sending you 3
2024-10-14 21:08:42.091382 Uniform: Whiskey, Lima, Kilo, X-ray, Golf and Hotel, sending you 2
2024-10-14 21:08:42.092089 Zulu: Uniform, Sierra, X-ray and Hotel, sending you 1
2024-10-14 21:08:42.093668 Whiskey: Lima and Golf, sending you 7
2024-10-14 21:08:42.094161 X-ray: Uniform, Sierra and Hotel, sending you 4
2024-10-14 21:08:42.095133 Golf: Lima and Kilo, sending you 4
2024-10-14 21:08:42.170297 Uniform: Sierra and Tango, sending you 3
2024-10-14 21:08:42.170860 Zulu: Tango, sending you 2
2024-10-14 21:08:42.171693 Whiskey: Kilo, sending you 6
2024-10-14 21:08:42.172 Kilo: Whiskey, sending you 8
2024-10-14 21:08:42.172391 X-ray: Tango, sending you 3
2024-10-14 21:08:42.202822 Kilo: Lima, sending you 6
2024-10-14 21:08:42.203537 Tango: Uniform, sending you 5
2024-10-14 21:08:42.203833 Hotel: Uniform, sending you 3
2024-10-14 21:08:42.204062 Sierra: Uniform, X-ray and Hotel, sending you 5
2024-10-14 21:08:42.221463 Kilo: Golf, sending you 3
2024-10-14 21:08:42.223184 Hotel: Sierra, sending you 5
2024-10-14 21:08:42.224019 Tango: Sierra and X-ray, sending you 4
2024-10-14 21:08:42.224307 Sierra: Tango, sending you 3
2024-10-14 21:08:42.258496 Tango: Hotel, sending you 3
2024-10-14 21:08:42.258865 Hotel: X-ray, sending you 4
2024-10-14 21:08:42.260079 Lima: We should drop Sierra and Hotel
ChatterBot Kilo reevaluating
2024-10-14 21:08:42.276034 Whiskey: Yes
2024-10-14 21:08:42.276281 Kilo: Yes
2024-10-14 21:08:42.276484 Golf: Yes
2024-10-14 21:08:42.276958 Uniform: No
ChatterBot Kilo reevaluating
ChatterBot Kilo reevaluating
ChatterBot Kilo reevaluating
chatterbot Sierra submitting transactions
2024-10-14 21:08:42.387327 Kilo: We should drop Golf
2024-10-14 21:08:42.399443 Whiskey: No
2024-10-14 21:08:42.400126 Lima: No
ChatterBot Kilo reevaluating
ChatterBot Kilo reevaluating
2024-10-14 21:08:42.433630 Lima: Whiskey and Golf, sending you 5
2024-10-14 21:08:42.453468 Lima: Uniform, sending you 1
2024-10-14 21:08:42.461801 Lima: Kilo, sending you 7
chatterbot Kilo submitting transactions
chatterbot Lima submitting transactions
chatterbot X-ray submitting transactions
chatterbot Golf submitting transactions
chatterbot Whiskey submitting transactions
chatterbot Zulu submitting transactions
chatterbot Hotel submitting transactions
chatterbot Tango submitting transactions
ChatterBot Zulu round 3
ChatterBot Whiskey round 3
ChatterBot Lima round 3
ChatterBot Uniform round 3
ChatterBot Sierra round 3
ChatterBot Kilo round 3
ChatterBot X-ray round 3
ChatterBot Tango round 3
ChatterBot Golf round 3
ChatterBot Hotel round 3
2024-10-14 21:08:43.242553 Kilo: We should add Zulu
2024-10-14 21:08:43.261085 Whiskey: No
2024-10-14 21:08:43.261819 Lima: No
2024-10-14 21:08:43.262022 Golf: No
ChatterBot Kilo reevaluating
ChatterBot Kilo reevaluating
ChatterBot Kilo reevaluating
2024-10-14 21:08:43.349208 Lima: Whiskey, sending you 5
2024-10-14 21:08:43.351880 Zulu: Uniform, Sierra, X-ray and Hotel, sending you 2
2024-10-14 21:08:43.359886 Whiskey: Lima and Kilo, sending you 7
2024-10-14 21:08:43.360928 Lima: Uniform, sending you 2
2024-10-14 21:08:43.361289 Zulu: Tango, sending you 4
2024-10-14 21:08:43.362288 Uniform: Sierra, X-ray, Tango and Hotel, sending you 4
2024-10-14 21:08:43.362808 Sierra: Uniform, X-ray and Tango, sending you 4
2024-10-14 21:08:43.364619 Lima: Kilo, sending you 7
2024-10-14 21:08:43.364929 Whiskey: Golf, sending you 6
2024-10-14 21:08:43.366494 Tango: Sending you each 4
2024-10-14 21:08:43.367231 Sierra: Hotel, sending you 6
2024-10-14 21:08:43.367505 Uniform: Golf, sending you 2
2024-10-14 21:08:43.367772 X-ray: Sending you each 4
2024-10-14 21:08:43.369055 Lima: Golf, sending you 4
2024-10-14 21:08:43.369672 Kilo: Whiskey and Lima, sending you 6
2024-10-14 21:08:43.369995 Golf: Whiskey, sending you 3
2024-10-14 21:08:43.707470 Kilo: Golf, sending you 5
2024-10-14 21:08:43.708334 Golf: Lima and Kilo, sending you 4
chatterbot Kilo submitting transactions
2024-10-14 21:08:43.724458 Hotel: Uniform and Tango, sending you 2
2024-10-14 21:08:43.730164 Hotel: Sierra, sending you 5
2024-10-14 21:08:43.733688 Hotel: X-ray, sending you 3
chatterbot Lima submitting transactions
chatterbot X-ray submitting transactions
chatterbot Sierra submitting transactions
chatterbot Hotel submitting transactions
chatterbot Golf submitting transactions
chatterbot Zulu submitting transactions
chatterbot Uniform submitting transactions
chatterbot Kilo submitting transactions
chatterbot Tango submitting transactions
chatterbot Whiskey submitting transactions
ChatterBot Zulu round 4
ChatterBot Whiskey round 4
ChatterBot Lima round 4
ChatterBot Uniform round 4
ChatterBot Sierra round 4
ChatterBot Kilo round 4
ChatterBot X-ray round 4
ChatterBot Tango round 4
2024-10-14 21:08:44.679884 Sierra: We should add Zulu
ChatterBot X-ray reevaluating
ChatterBot Uniform reevaluating
ChatterBot Tango reevaluating
2024-10-14 21:08:44.700091 X-ray: Yes
2024-10-14 21:08:44.700516 Uniform: Yes
2024-10-14 21:08:44.700874 Tango: Yes
2024-10-14 21:08:44.701777 Hotel: No
ChatterBot Uniform reevaluating
ChatterBot Tango reevaluating
ChatterBot X-ray reevaluating
ChatterBot Tango reevaluating
ChatterBot Hotel reevaluating
ChatterBot X-ray reevaluating
ChatterBot Uniform reevaluating
ChatterBot Hotel reevaluating
ChatterBot X-ray reevaluating
ChatterBot Uniform reevaluating
ChatterBot Tango reevaluating
ChatterBot Golf round 4
ChatterBot Hotel round 4
2024-10-14 21:08:44.791910 Uniform: We should replace Golf with Zulu
ChatterBot X-ray reevaluating
ChatterBot Tango reevaluating
ChatterBot Hotel reevaluating
2024-10-14 21:08:44.815261 X-ray: Yes
2024-10-14 21:08:44.816466 Sierra: Yes
2024-10-14 21:08:44.819033 Tango: Yes
2024-10-14 21:08:44.821670 Hotel: Yes
ChatterBot Uniform reevaluating
ChatterBot Tango reevaluating
ChatterBot Hotel reevaluating
ChatterBot X-ray reevaluating
ChatterBot Uniform reevaluating
ChatterBot Tango reevaluating
ChatterBot Hotel reevaluating
ChatterBot X-ray reevaluating
ChatterBot Uniform reevaluating
ChatterBot Hotel reevaluating
ChatterBot X-ray reevaluating
ChatterBot Uniform reevaluating
ChatterBot Tango reevaluating
2024-10-14 21:08:44.914128 Hotel: We should add Zulu
ChatterBot X-ray reevaluating
ChatterBot Uniform reevaluating
ChatterBot Tango reevaluating
2024-10-14 21:08:44.940343 X-ray: Yes
2024-10-14 21:08:44.940701 Uniform: Yes
2024-10-14 21:08:44.940955 Sierra: Yes
2024-10-14 21:08:44.941120 Tango: Yes
ChatterBot Uniform reevaluating
ChatterBot Tango reevaluating
ChatterBot Hotel reevaluating
ChatterBot X-ray reevaluating
ChatterBot Tango reevaluating
ChatterBot Hotel reevaluating
ChatterBot X-ray reevaluating
ChatterBot Uniform reevaluating
ChatterBot Tango reevaluating
ChatterBot Hotel reevaluating
ChatterBot X-ray reevaluating
ChatterBot Uniform reevaluating
ChatterBot Hotel reevaluating
2024-10-14 21:08:45.006291 Kilo: We should add Zulu
2024-10-14 21:08:45.015081 Whiskey: No
2024-10-14 21:08:45.015279 Lima: No
2024-10-14 21:08:45.015417 Golf: No
ChatterBot Kilo reevaluating
ChatterBot Kilo reevaluating
2024-10-14 21:08:45.046893 Sierra: Zulu we want you to join our group
2024-10-14 21:08:45.049937 Zulu: Yes
ChatterBot Tango reevaluating
ChatterBot Uniform reevaluating
ChatterBot Hotel reevaluating
ChatterBot X-ray reevaluating
2024-10-14 21:08:45.073255 Uniform: Zulu we want you to join our group
2024-10-14 21:08:45.076553 Zulu: Yes
ChatterBot Uniform reevaluating
ChatterBot X-ray reevaluating
2024-10-14 21:08:45.089881 Tango: Zulu we want you to join our group
2024-10-14 21:08:45.092572 Zulu: Yes
ChatterBot Uniform reevaluating
2024-10-14 21:08:45.105013 Zulu: Uniform, sending you 2
2024-10-14 21:08:45.105362 Whiskey: Lima and Kilo, sending you 7
2024-10-14 21:08:45.106116 Hotel: Zulu we want you to join our group
2024-10-14 21:08:45.108813 Zulu: Yes
ChatterBot Uniform reevaluating
2024-10-14 21:08:45.121479 X-ray: Zulu we want you to join our group
2024-10-14 21:08:45.124750 Zulu: Yes
ChatterBot Uniform reevaluating
2024-10-14 21:08:45.138980 Zulu: Sierra and X-ray, sending you 3
2024-10-14 21:08:45.140006 Whiskey: Golf, sending you 6
2024-10-14 21:08:45.140452 Sierra: Zulu, sending you 2
2024-10-14 21:08:45.140780 Lima: Whiskey and Kilo, sending you 6
2024-10-14 21:08:45.144206 Golf: Whiskey, sending you 3
2024-10-14 21:08:45.144542 Kilo: Whiskey and Lima, sending you 6
2024-10-14 21:08:45.144873 Zulu: Tango, sending you 4
2024-10-14 21:08:45.146101 Sierra: Uniform, X-ray, Tango and Hotel, sending you 4
2024-10-14 21:08:45.146602 Lima: Uniform, sending you 1
2024-10-14 21:08:45.147053 Golf: Lima and Kilo, sending you 4
2024-10-14 21:08:45.148696 Kilo: Golf, sending you 5
2024-10-14 21:08:45.149054 Zulu: Hotel, sending you 1
2024-10-14 21:08:45.150012 Lima: Golf, sending you 5
2024-10-14 21:08:45.155667 Tango: Zulu, Uniform, Sierra and X-ray, sending you 4
2024-10-14 21:08:45.157657 Hotel: Zulu, sending you 1
2024-10-14 21:08:45.158924 Tango: Hotel, sending you 2
2024-10-14 21:08:45.160762 Hotel: Uniform and Tango, sending you 2
2024-10-14 21:08:45.163679 X-ray: Zulu, sending you 3
2024-10-14 21:08:45.164709 Hotel: Sierra, sending you 4
2024-10-14 21:08:45.168073 X-ray: Uniform, Sierra, Tango and Hotel, sending you 4
2024-10-14 21:08:45.169960 Hotel: X-ray, sending you 3
2024-10-14 21:08:45.173680 Uniform: Zulu, sending you 2
2024-10-14 21:08:45.178684 Uniform: Sierra, X-ray, Tango and Hotel, sending you 4
chatterbot Whiskey submitting transactions
chatterbot Sierra submitting transactions
chatterbot X-ray submitting transactions
chatterbot Kilo submitting transactions
chatterbot Zulu submitting transactions
chatterbot Golf submitting transactions
chatterbot Hotel submitting transactions
chatterbot Uniform submitting transactions
chatterbot Lima submitting transactions
chatterbot Tango submitting transactions
ChatterBot Zulu round 5
ChatterBot Whiskey round 5
ChatterBot Lima round 5
ChatterBot Uniform round 5
ChatterBot Sierra round 5
ChatterBot Kilo round 5
ChatterBot X-ray round 5
ChatterBot Tango round 5
ChatterBot Golf round 5
ChatterBot Hotel round 5
2024-10-14 21:08:46.322590 Uniform: We should add Lima
2024-10-14 21:08:46.334887 Tango: No
2024-10-14 21:08:46.335075 Zulu: No
2024-10-14 21:08:46.335220 Hotel: No
2024-10-14 21:08:46.335860 Sierra: No
2024-10-14 21:08:46.335998 X-ray: No
ChatterBot Uniform reevaluating
ChatterBot Uniform reevaluating
ChatterBot Uniform reevaluating
ChatterBot Uniform reevaluating
ChatterBot Uniform reevaluating
2024-10-14 21:08:46.412972 Sierra: Zulu, sending you 2
2024-10-14 21:08:46.414688 Zulu: Uniform and Hotel, sending you 2
2024-10-14 21:08:46.416063 Sierra: Uniform, X-ray, Tango and Hotel, sending you 4
2024-10-14 21:08:46.419657 Zulu: Sierra, X-ray and Tango, sending you 3
2024-10-14 21:08:46.422686 Whiskey: Lima and Kilo, sending you 7
2024-10-14 21:08:46.423670 Uniform: Zulu, sending you 2
2024-10-14 21:08:46.426684 Kilo: Whiskey and Lima, sending you 6
2024-10-14 21:08:46.427444 Whiskey: Golf, sending you 6
2024-10-14 21:08:46.427864 X-ray: Zulu, sending you 3
2024-10-14 21:08:46.428708 Uniform: Sierra, X-ray, Tango and Hotel, sending you 4
2024-10-14 21:08:46.430392 Kilo: Golf, sending you 5
2024-10-14 21:08:46.431677 Lima: Whiskey and Kilo, sending you 6
2024-10-14 21:08:46.432051 Tango: Zulu and Hotel, sending you 3
2024-10-14 21:08:46.432693 X-ray: Uniform, Sierra, Tango and Hotel, sending you 4
2024-10-14 21:08:46.433959 Golf: Whiskey, sending you 3
2024-10-14 21:08:46.434677 Lima: Uniform, sending you 1
2024-10-14 21:08:46.435687 Tango: Uniform, Sierra and X-ray, sending you 4
2024-10-14 21:08:46.436715 Hotel: Uniform and X-ray, sending you 3
2024-10-14 21:08:46.437669 Golf: Lima and Kilo, sending you 4
2024-10-14 21:08:46.439689 Lima: Golf, sending you 5
2024-10-14 21:08:46.441668 Hotel: Sierra, sending you 4
2024-10-14 21:08:46.444684 Hotel: Tango, sending you 2
chatterbot Sierra submitting transactions
chatterbot Lima submitting transactions
chatterbot Uniform submitting transactions
chatterbot Tango submitting transactions
chatterbot Kilo submitting transactions
chatterbot Whiskey submitting transactions
chatterbot Zulu submitting transactions
chatterbot Golf submitting transactions
chatterbot Hotel submitting transactions
chatterbot X-ray submitting transactions
ChatterBot Zulu round 6
ChatterBot Whiskey round 6
ChatterBot Lima round 6
ChatterBot Uniform round 6
ChatterBot Sierra round 6
ChatterBot Kilo round 6
ChatterBot X-ray round 6
ChatterBot Tango round 6
ChatterBot Golf round 6
ChatterBot Hotel round 6
2024-10-14 21:08:47.643781 Zulu: Uniform, Sierra, X-ray and Tango, sending you 3
2024-10-14 21:08:47.648653 Zulu: Hotel, sending you 1
2024-10-14 21:08:47.650666 Sierra: Zulu, sending you 2
2024-10-14 21:08:47.653685 Kilo: Whiskey and Lima, sending you 6
2024-10-14 21:08:47.654666 Lima: Whiskey and Kilo, sending you 6
2024-10-14 21:08:47.656682 Sierra: Uniform, X-ray, Tango and Hotel, sending you 4
2024-10-14 21:08:47.657648 Whiskey: Lima and Kilo, sending you 7
2024-10-14 21:08:47.658021 Uniform: Zulu, sending you 2
2024-10-14 21:08:47.658518 X-ray: Zulu, sending you 3
2024-10-14 21:08:47.659040 Kilo: Golf, sending you 5
2024-10-14 21:08:47.659723 Hotel: Uniform and X-ray, sending you 3
2024-10-14 21:08:47.660164 Lima: Uniform, sending you 1
2024-10-14 21:08:47.660466 Tango: Zulu and Hotel, sending you 3
2024-10-14 21:08:47.661371 Uniform: Sierra, X-ray, Tango and Hotel, sending you 4
2024-10-14 21:08:47.661959 Golf: Whiskey, sending you 3
2024-10-14 21:08:47.662229 Whiskey: Golf, sending you 6
2024-10-14 21:08:47.662478 X-ray: Uniform, Sierra, Tango and Hotel, sending you 4
2024-10-14 21:08:47.663696 Hotel: Sierra, sending you 4
2024-10-14 21:08:47.664488 Tango: Uniform, Sierra and X-ray, sending you 4
2024-10-14 21:08:47.665531 Lima: Golf, sending you 5
2024-10-14 21:08:47.666666 Golf: Lima and Kilo, sending you 4
2024-10-14 21:08:47.667682 Hotel: Tango, sending you 2
chatterbot Uniform submitting transactions
chatterbot Kilo submitting transactions
chatterbot Hotel submitting transactions
chatterbot Sierra submitting transactions
chatterbot Zulu submitting transactions
chatterbot Tango submitting transactions
chatterbot Lima submitting transactions
chatterbot Whiskey submitting transactions
chatterbot Golf submitting transactions
chatterbot X-ray submitting transactions
ChatterBot Zulu round 7
ChatterBot Whiskey round 7
ChatterBot Lima round 7
ChatterBot Uniform round 7
ChatterBot Sierra round 7
ChatterBot Kilo round 7
ChatterBot X-ray round 7
ChatterBot Tango round 7
ChatterBot Golf round 7
ChatterBot Hotel round 7
2024-10-14 21:08:48.929668 Zulu: Uniform, Sierra, X-ray and Tango, sending you 3
2024-10-14 21:08:48.931252 Uniform: Zulu, sending you 2
2024-10-14 21:08:48.935679 Zulu: Hotel, sending you 1
2024-10-14 21:08:48.937865 Uniform: Sierra, X-ray, Tango and Hotel, sending you 4
2024-10-14 21:08:48.938633 Sierra: Zulu, sending you 2
2024-10-14 21:08:48.939159 Tango: Zulu, Uniform, Sierra and X-ray, sending you 4
2024-10-14 21:08:48.939673 Whiskey: Lima and Kilo, sending you 7
2024-10-14 21:08:48.940066 Kilo: Whiskey and Lima, sending you 6
2024-10-14 21:08:48.941705 Hotel: Zulu, sending you 1
2024-10-14 21:08:48.942679 Lima: Whiskey and Kilo, sending you 6
2024-10-14 21:08:48.944167 Sierra: Uniform, X-ray, Tango and Hotel, sending you 4
2024-10-14 21:08:48.945037 Tango: Hotel, sending you 3
2024-10-14 21:08:48.945744 Whiskey: Golf, sending you 6
2024-10-14 21:08:48.946352 X-ray: Zulu, sending you 3
2024-10-14 21:08:48.947844 Hotel: Uniform, Sierra and X-ray, sending you 3
2024-10-14 21:08:48.948438 Kilo: Golf, sending you 5
2024-10-14 21:08:48.948728 Golf: Sending you each 3
2024-10-14 21:08:48.949032 Lima: Uniform, sending you 1
2024-10-14 21:08:48.950686 X-ray: Uniform, Sierra, Tango and Hotel, sending you 4
2024-10-14 21:08:48.951663 Lima: Golf, sending you 5
2024-10-14 21:08:48.952667 Hotel: Tango, sending you 2
chatterbot Tango submitting transactions
chatterbot Zulu submitting transactions
chatterbot Kilo submitting transactions
chatterbot Whiskey submitting transactions
chatterbot Hotel submitting transactions
chatterbot Uniform submitting transactions
chatterbot Lima submitting transactions
chatterbot Golf submitting transactions
chatterbot Sierra submitting transactions
chatterbot X-ray submitting transactions
ChatterBot Zulu round 8
ChatterBot Whiskey round 8
ChatterBot Lima round 8
ChatterBot Uniform round 8
ChatterBot Sierra round 8
ChatterBot Kilo round 8
ChatterBot X-ray round 8
ChatterBot Tango round 8
ChatterBot Golf round 8
ChatterBot Hotel round 8
2024-10-14 21:08:50.224678 Sierra: Zulu, sending you 2
2024-10-14 21:08:50.226210 X-ray: Zulu, sending you 3
2024-10-14 21:08:50.228132 Zulu: Uniform, Sierra, X-ray and Tango, sending you 3
2024-10-14 21:08:50.229667 Sierra: Uniform, X-ray, Tango and Hotel, sending you 4
2024-10-14 21:08:50.230648 Kilo: Whiskey and Lima, sending you 6
2024-10-14 21:08:50.232785 X-ray: Uniform, Sierra, Tango and Hotel, sending you 4
2024-10-14 21:08:50.233957 Zulu: Hotel, sending you 1
2024-10-14 21:08:50.235403 Tango: Zulu, Uniform, Sierra and X-ray, sending you 4
2024-10-14 21:08:50.236686 Uniform: Zulu, sending you 2
2024-10-14 21:08:50.238831 Kilo: Golf, sending you 5
2024-10-14 21:08:50.240249 Lima: Whiskey and Kilo, sending you 6
2024-10-14 21:08:50.240989 Whiskey: Lima and Kilo, sending you 7
2024-10-14 21:08:50.242186 Golf: Same as last round
2024-10-14 21:08:50.242923 Tango: Hotel, sending you 3
2024-10-14 21:08:50.243712 Uniform: Sierra, X-ray, Tango and Hotel, sending you 4
2024-10-14 21:08:50.245356 Lima: Uniform, sending you 1
2024-10-14 21:08:50.246102 Whiskey: Golf, sending you 6
2024-10-14 21:08:50.246767 Hotel: Zulu, sending you 1
2024-10-14 21:08:50.250720 Lima: Golf, sending you 5
2024-10-14 21:08:50.252680 Hotel: Uniform, Sierra and X-ray, sending you 3
2024-10-14 21:08:50.257689 Hotel: Tango, sending you 2
chatterbot Golf submitting transactions
chatterbot X-ray submitting transactions
chatterbot Zulu submitting transactions
chatterbot Lima submitting transactions
chatterbot Uniform submitting transactions
chatterbot Kilo submitting transactions
chatterbot Whiskey submitting transactions
chatterbot Tango submitting transactions
chatterbot Sierra submitting transactions
chatterbot Hotel submitting transactions
ChatterBot Zulu round 9
ChatterBot Whiskey round 9
ChatterBot Lima round 9
ChatterBot Uniform round 9
ChatterBot Sierra round 9
ChatterBot Kilo round 9
ChatterBot X-ray round 9
ChatterBot Tango round 9
ChatterBot Golf round 9
ChatterBot Hotel round 9
2024-10-14 21:08:51.478682 Zulu: Uniform, Sierra, X-ray and Tango, sending you 3
2024-10-14 21:08:51.482666 Zulu: Hotel, sending you 1
2024-10-14 21:08:51.485686 Sierra: Zulu, sending you 2
2024-10-14 21:08:51.488681 Uniform: Zulu, sending you 2
2024-10-14 21:08:51.489657 Tango: Zulu, Uniform, Sierra and X-ray, sending you 4
2024-10-14 21:08:51.490372 Whiskey: Lima and Kilo, sending you 7
2024-10-14 21:08:51.491660 Sierra: Uniform, X-ray, Tango and Hotel, sending you 4
2024-10-14 21:08:51.492559 Kilo: Whiskey and Lima, sending you 6
2024-10-14 21:08:51.493206 Lima: Whiskey and Kilo, sending you 6
2024-10-14 21:08:51.493977 Uniform: Sierra, X-ray, Tango and Hotel, sending you 4
2024-10-14 21:08:51.495543 Golf: Same as last round
2024-10-14 21:08:51.496275 Tango: Hotel, sending you 3
2024-10-14 21:08:51.497461 Whiskey: Golf, sending you 6
2024-10-14 21:08:51.498279 Kilo: Golf, sending you 5
2024-10-14 21:08:51.499322 X-ray: Zulu, sending you 3
2024-10-14 21:08:51.500163 Lima: Uniform, sending you 1
2024-10-14 21:08:51.500714 Hotel: Zulu, sending you 1
2024-10-14 21:08:51.503350 Lima: Golf, sending you 5
2024-10-14 21:08:51.503969 X-ray: Uniform, Sierra, Tango and Hotel, sending you 4
2024-10-14 21:08:51.505686 Hotel: Uniform, Sierra and X-ray, sending you 3
2024-10-14 21:08:51.510033 Hotel: Tango, sending you 2
chatterbot Sierra submitting transactions
chatterbot Kilo submitting transactions
chatterbot Tango submitting transactions
chatterbot Lima submitting transactions
chatterbot Uniform submitting transactions
chatterbot Golf submitting transactions
chatterbot Hotel submitting transactions
chatterbot X-ray submitting transactions
chatterbot Whiskey submitting transactions
chatterbot Zulu submitting transactions
ChatterBot Zulu round 10
ChatterBot Whiskey round 10
ChatterBot Lima round 10
ChatterBot Uniform round 10
ChatterBot Sierra round 10
ChatterBot Kilo round 10
ChatterBot X-ray round 10
ChatterBot Tango round 10
ChatterBot Golf round 10
ChatterBot Hotel round 10
2024-10-14 21:08:52.678664 Lima: Whiskey and Kilo, sending you 6
2024-10-14 21:08:52.681657 Lima: Uniform, sending you 1
2024-10-14 21:08:52.684655 Whiskey: Lima and Kilo, sending you 7
2024-10-14 21:08:52.685278 Lima: Golf, sending you 5
2024-10-14 21:08:52.686658 X-ray: Zulu, sending you 3
2024-10-14 21:08:52.687872 Uniform: Zulu, sending you 2
2024-10-14 21:08:52.689340 Zulu: Uniform, Sierra, X-ray and Tango, sending you 3
2024-10-14 21:08:52.690407 Kilo: Whiskey and Lima, sending you 6
2024-10-14 21:08:52.690812 Whiskey: Golf, sending you 6
2024-10-14 21:08:52.691701 Sierra: Zulu, sending you 2
2024-10-14 21:08:52.692989 X-ray: Uniform, Sierra, Tango and Hotel, sending you 4
2024-10-14 21:08:52.693756 Uniform: Sierra, X-ray, Tango and Hotel, sending you 4
2024-10-14 21:08:52.694509 Zulu: Hotel, sending you 1
2024-10-14 21:08:52.696121 Kilo: Golf, sending you 5
2024-10-14 21:08:52.696681 Tango: Zulu, Uniform, Sierra and X-ray, sending you 4
2024-10-14 21:08:52.697647 Sierra: Uniform, X-ray, Tango and Hotel, sending you 4
2024-10-14 21:08:52.701671 Golf: Same as last round
2024-10-14 21:08:52.702703 Tango: Hotel, sending you 3
2024-10-14 21:08:52.703824 Hotel: Zulu, sending you 1
2024-10-14 21:08:52.707699 Hotel: Uniform, Sierra and X-ray, sending you 3
2024-10-14 21:08:52.714214 Hotel: Tango, sending you 2
chatterbot Uniform submitting transactions
chatterbot Sierra submitting transactions
chatterbot Zulu submitting transactions
chatterbot Golf submitting transactions
chatterbot Kilo submitting transactions
chatterbot Hotel submitting transactions
chatterbot Lima submitting transactions
chatterbot Whiskey submitting transactions
chatterbot X-ray submitting transactions
chatterbot Tango submitting transactions
ChatterBot Zulu round 11
ChatterBot Whiskey round 11
ChatterBot Lima round 11
ChatterBot Uniform round 11
ChatterBot Sierra round 11
ChatterBot Kilo round 11
ChatterBot X-ray round 11
ChatterBot Tango round 11
ChatterBot Golf round 11
ChatterBot Hotel round 11
2024-10-14 21:08:53.930684 Whiskey: Lima and Kilo, sending you 7
2024-10-14 21:08:53.932674 Hotel: Zulu, sending you 1
2024-10-14 21:08:53.933964 Whiskey: Golf, sending you 6
2024-10-14 21:08:53.936649 Zulu: Uniform, Sierra, X-ray and Tango, sending you 3
2024-10-14 21:08:53.937679 Hotel: Uniform, Sierra and X-ray, sending you 3
2024-10-14 21:08:53.938401 X-ray: Zulu, sending you 3
2024-10-14 21:08:53.939625 Kilo: Whiskey and Lima, sending you 6
2024-10-14 21:08:53.940035 Lima: Whiskey and Kilo, sending you 6
2024-10-14 21:08:53.940469 Uniform: Zulu, sending you 2
2024-10-14 21:08:53.941126 Tango: Zulu, Uniform, Sierra and X-ray, sending you 4
2024-10-14 21:08:53.942321 Zulu: Hotel, sending you 1
2024-10-14 21:08:53.943121 Hotel: Tango, sending you 2
2024-10-14 21:08:53.943823 X-ray: Uniform, Sierra, Tango and Hotel, sending you 4
2024-10-14 21:08:53.944545 Kilo: Golf, sending you 5
2024-10-14 21:08:53.944856 Golf: Same as last round
2024-10-14 21:08:53.945513 Lima: Uniform, sending you 1
2024-10-14 21:08:53.945838 Sierra: Zulu, sending you 2
2024-10-14 21:08:53.946303 Uniform: Sierra, X-ray, Tango and Hotel, sending you 4
2024-10-14 21:08:53.946898 Tango: Hotel, sending you 3
2024-10-14 21:08:53.950667 Lima: Golf, sending you 5
2024-10-14 21:08:53.951095 Sierra: Uniform, X-ray, Tango and Hotel, sending you 4
chatterbot Sierra submitting transactions
chatterbot Hotel submitting transactions
chatterbot Whiskey submitting transactions
chatterbot Tango submitting transactions
chatterbot Lima submitting transactions
chatterbot Uniform submitting transactions
chatterbot Zulu submitting transactions
chatterbot Golf submitting transactions
chatterbot X-ray submitting transactions
chatterbot Kilo submitting transactions
ChatterBot Zulu round 12
ChatterBot Whiskey round 12
ChatterBot Lima round 12
ChatterBot Uniform round 12
ChatterBot Sierra round 12
ChatterBot Kilo round 12
ChatterBot X-ray round 12
ChatterBot Tango round 12
ChatterBot Golf round 12
ChatterBot Hotel round 12
2024-10-14 21:08:55.216672 Whiskey: Lima and Kilo, sending you 7
2024-10-14 21:08:55.218654 Zulu: Uniform, Sierra, X-ray and Tango, sending you 3
2024-10-14 21:08:55.220697 Sierra: Zulu, sending you 2
2024-10-14 21:08:55.222706 Whiskey: Golf, sending you 6
2024-10-14 21:08:55.223150 Zulu: Hotel, sending you 1
2024-10-14 21:08:55.223888 X-ray: Zulu, sending you 3
2024-10-14 21:08:55.226654 Sierra: Uniform, X-ray, Tango and Hotel, sending you 4
2024-10-14 21:08:55.227407 Kilo: Whiskey and Lima, sending you 6
2024-10-14 21:08:55.228675 X-ray: Uniform, Sierra, Tango and Hotel, sending you 4
2024-10-14 21:08:55.229727 Lima: Whiskey and Kilo, sending you 6
2024-10-14 21:08:55.230434 Uniform: Zulu, sending you 2
2024-10-14 21:08:55.231570 Hotel: Zulu, sending you 1
2024-10-14 21:08:55.232246 Kilo: Golf, sending you 5
2024-10-14 21:08:55.233686 Lima: Uniform, sending you 1
2024-10-14 21:08:55.234654 Tango: Zulu, Uniform, Sierra and X-ray, sending you 4
2024-10-14 21:08:55.235440 Hotel: Uniform, Sierra and X-ray, sending you 3
2024-10-14 21:08:55.236147 Uniform: Sierra, X-ray, Tango and Hotel, sending you 4
2024-10-14 21:08:55.236739 Golf: Same as last round
2024-10-14 21:08:55.238136 Tango: Hotel, sending you 3
2024-10-14 21:08:55.239087 Lima: Golf, sending you 5
2024-10-14 21:08:55.239532 Hotel: Tango, sending you 2
chatterbot X-ray submitting transactions
chatterbot Zulu submitting transactions
chatterbot Tango submitting transactions
chatterbot Sierra submitting transactions
chatterbot Kilo submitting transactions
chatterbot Hotel submitting transactions
chatterbot Whiskey submitting transactions
chatterbot Golf submitting transactions
chatterbot Lima submitting transactions
chatterbot Uniform submitting transactions
ChatterBot Zulu round 13
ChatterBot Whiskey round 13
ChatterBot Lima round 13
ChatterBot Uniform round 13
ChatterBot Sierra round 13
ChatterBot Kilo round 13
ChatterBot X-ray round 13
ChatterBot Tango round 13
2024-10-14 21:08:56.463012 Uniform: We should add Golf
2024-10-14 21:08:56.476621 Tango: No
2024-10-14 21:08:56.476819 Zulu: No
2024-10-14 21:08:56.476977 Hotel: No
2024-10-14 21:08:56.477115 Sierra: No
2024-10-14 21:08:56.477252 X-ray: No
ChatterBot Uniform reevaluating
ChatterBot Uniform reevaluating
ChatterBot Uniform reevaluating
ChatterBot Uniform reevaluating
ChatterBot Uniform reevaluating
ChatterBot Golf round 13
ChatterBot Hotel round 13
2024-10-14 21:08:56.568717 Whiskey: Lima and Kilo, sending you 7
2024-10-14 21:08:56.572682 Zulu: Uniform, Sierra, X-ray and Tango, sending you 3
2024-10-14 21:08:56.574094 Whiskey: Golf, sending you 6
2024-10-14 21:08:56.577691 Zulu: Hotel, sending you 1
2024-10-14 21:08:56.579124 Golf: Same as last round
2024-10-14 21:08:56.579606 Kilo: Whiskey and Lima, sending you 6
2024-10-14 21:08:56.580045 Tango: Zulu, Uniform, Sierra and X-ray, sending you 4
2024-10-14 21:08:56.580794 Sierra: Zulu, sending you 2
2024-10-14 21:08:56.582001 Uniform: Zulu, sending you 2
2024-10-14 21:08:56.582685 Lima: Whiskey and Kilo, sending you 6
2024-10-14 21:08:56.584662 Kilo: Golf, sending you 5
2024-10-14 21:08:56.585665 Tango: Hotel, sending you 3
2024-10-14 21:08:56.586694 Lima: Uniform, sending you 1
2024-10-14 21:08:56.587671 Sierra: Uniform, X-ray, Tango and Hotel, sending you 4
2024-10-14 21:08:56.588651 Uniform: Sierra, X-ray, Tango and Hotel, sending you 4
2024-10-14 21:08:56.589339 X-ray: Zulu, sending you 3
2024-10-14 21:08:56.590685 Lima: Golf, sending you 5
2024-10-14 21:08:56.594680 X-ray: Uniform, Sierra, Tango and Hotel, sending you 4
2024-10-14 21:08:56.595567 Hotel: Zulu, sending you 1
2024-10-14 21:08:56.601694 Hotel: Uniform, Sierra and X-ray, sending you 3
2024-10-14 21:08:56.607661 Hotel: Tango, sending you 2
chatterbot Golf submitting transactions
chatterbot Kilo submitting transactions
chatterbot Whiskey submitting transactions
chatterbot Lima submitting transactions
chatterbot Uniform submitting transactions
chatterbot Hotel submitting transactions
chatterbot Tango submitting transactions
chatterbot Zulu submitting transactions
chatterbot Sierra submitting transactions
chatterbot X-ray submitting transactions
ChatterBot Zulu round 14
ChatterBot Whiskey round 14
ChatterBot Lima round 14
ChatterBot Uniform round 14
ChatterBot Sierra round 14
ChatterBot Kilo round 14
ChatterBot X-ray round 14
ChatterBot Tango round 14
ChatterBot Golf round 14
ChatterBot Hotel round 14
2024-10-14 21:08:57.732670 Uniform: We should add Lima
2024-10-14 21:08:57.747180 Tango: No
2024-10-14 21:08:57.747432 Zulu: No
2024-10-14 21:08:57.747659 Hotel: No
2024-10-14 21:08:57.748416 Sierra: No
2024-10-14 21:08:57.748636 X-ray: No
ChatterBot Uniform reevaluating
ChatterBot Uniform reevaluating
ChatterBot Uniform reevaluating
ChatterBot Uniform reevaluating
ChatterBot Uniform reevaluating
2024-10-14 21:08:57.871913 Kilo: Whiskey and Lima, sending you 6
2024-10-14 21:08:57.874379 Tango: Zulu, Uniform, Sierra and X-ray, sending you 4
2024-10-14 21:08:57.877370 Lima: Whiskey and Kilo, sending you 6
2024-10-14 21:08:57.879591 Sierra: Zulu, sending you 2
2024-10-14 21:08:57.883230 Golf: Same as last round
2024-10-14 21:08:57.896366 Whiskey: Lima and Kilo, sending you 7
2024-10-14 21:08:57.903797 Kilo: Golf, sending you 5
2024-10-14 21:08:57.906316 Tango: Hotel, sending you 3
2024-10-14 21:08:57.909450 Lima: Uniform, sending you 1
2024-10-14 21:08:57.911524 Sierra: Uniform, X-ray, Tango and Hotel, sending you 4
2024-10-14 21:08:57.915512 Whiskey: Golf, sending you 6
2024-10-14 21:08:57.916785 Zulu: Uniform, Sierra, X-ray and Tango, sending you 3
2024-10-14 21:08:57.920510 X-ray: Zulu, sending you 3
2024-10-14 21:08:57.922892 Uniform: Zulu, sending you 2
2024-10-14 21:08:57.925948 Lima: Golf, sending you 5
2024-10-14 21:08:57.928455 Hotel: Zulu, sending you 1
2024-10-14 21:08:57.932700 Zulu: Hotel, sending you 1
2024-10-14 21:08:57.936211 X-ray: Uniform, Sierra, Tango and Hotel, sending you 4
2024-10-14 21:08:57.939048 Uniform: Sierra, X-ray, Tango and Hotel, sending you 4
2024-10-14 21:08:57.942189 Hotel: Uniform, Sierra and X-ray, sending you 3
2024-10-14 21:08:57.946654 Hotel: Tango, sending you 2
chatterbot Lima submitting transactions
chatterbot Uniform submitting transactions
chatterbot Kilo submitting transactions
chatterbot Tango submitting transactions
chatterbot Zulu submitting transactions
chatterbot Sierra submitting transactions
chatterbot X-ray submitting transactions
chatterbot Whiskey submitting transactions
chatterbot Hotel submitting transactions
chatterbot Golf submitting transactions
ChatterBot Zulu round 15
ChatterBot Whiskey round 15
ChatterBot Lima round 15
ChatterBot Uniform round 15
ChatterBot Sierra round 15
ChatterBot Kilo round 15
ChatterBot X-ray round 15
ChatterBot Tango round 15
ChatterBot Golf round 15
ChatterBot Hotel round 15
2024-10-14 21:08:59.215992 Uniform: Zulu, sending you 2
2024-10-14 21:08:59.219088 Zulu: Uniform, Sierra, X-ray and Tango, sending you 3
2024-10-14 21:08:59.222465 Kilo: Whiskey and Lima, sending you 6
2024-10-14 21:08:59.224259 Sierra: Zulu, sending you 2
2024-10-14 21:08:59.226800 Hotel: Zulu, sending you 1
2024-10-14 21:08:59.229461 Uniform: Sierra, X-ray, Tango and Hotel, sending you 4
2024-10-14 21:08:59.231969 Zulu: Hotel, sending you 1
2024-10-14 21:08:59.234520 Kilo: Golf, sending you 5
2024-10-14 21:08:59.236183 X-ray: Zulu, sending you 3
