ChatterBot Alpha round 1
ChatterBot India round 1
ChatterBot Papa round 1
ChatterBot Romeo round 1
ChatterBot Charlie round 1
ChatterBot X-ray round 1
ChatterBot Zulu round 1
ChatterBot Tango round 1
ChatterBot Hotel round 1
randomSelections Alpha: {Alpha, Papa, Charlie, Hotel, Echo, India} 
2024-10-14 18:33:25.284994 Alpha: Friends?
ChatterBot Papa reevaluating
ChatterBot Charlie reevaluating
ChatterBot Hotel reevaluating
ChatterBot India reevaluating
2024-10-14 18:33:25.353728 Papa: Yes
2024-10-14 18:33:25.355443 Charlie: Yes
2024-10-14 18:33:25.360546 Hotel: Yes
2024-10-14 18:33:25.360728 India: Yes
ChatterBot Charlie reevaluating
ChatterBot Hotel reevaluating
ChatterBot India reevaluating
ChatterBot Papa reevaluating
ChatterBot Hotel reevaluating
ChatterBot India reevaluating
ChatterBot Papa reevaluating
ChatterBot Charlie reevaluating
ChatterBot India reevaluating
ChatterBot Papa reevaluating
ChatterBot Charlie reevaluating
ChatterBot Hotel reevaluating
ChatterBot Echo round 1
ChatterBot Echo reevaluating
ChatterBot Echo reevaluating
ChatterBot Echo reevaluating
ChatterBot Echo reevaluating
ChatterBot Echo reevaluating
2024-10-14 18:33:25.398196 Echo: Yes
ChatterBot Papa reevaluating
ChatterBot Charlie reevaluating
ChatterBot Hotel reevaluating
ChatterBot India reevaluating
randomSelections X-ray: {X-ray, Zulu, Hotel, India, Papa, Romeo, Echo} 
2024-10-14 18:33:25.410423 X-ray: Friends?
ChatterBot Zulu reevaluating
ChatterBot Hotel reevaluating
ChatterBot India reevaluating
ChatterBot Papa reevaluating
ChatterBot Romeo reevaluating
ChatterBot Echo reevaluating
2024-10-14 18:33:25.420310 Zulu: Yes
2024-10-14 18:33:25.420497 Hotel: No
2024-10-14 18:33:25.421136 India: No
2024-10-14 18:33:25.421403 Papa: No
2024-10-14 18:33:25.421547 Romeo: Yes
2024-10-14 18:33:25.421687 Echo: No
ChatterBot Hotel reevaluating
ChatterBot India reevaluating
ChatterBot Papa reevaluating
ChatterBot Romeo reevaluating
ChatterBot Echo reevaluating
ChatterBot Zulu reevaluating
ChatterBot India reevaluating
ChatterBot Papa reevaluating
ChatterBot Romeo reevaluating
ChatterBot Echo reevaluating
ChatterBot Zulu reevaluating
ChatterBot Hotel reevaluating
ChatterBot Papa reevaluating
ChatterBot Romeo reevaluating
ChatterBot Echo reevaluating
ChatterBot Zulu reevaluating
ChatterBot Hotel reevaluating
ChatterBot India reevaluating
ChatterBot Romeo reevaluating
ChatterBot Echo reevaluating
ChatterBot Zulu reevaluating
ChatterBot Hotel reevaluating
ChatterBot India reevaluating
ChatterBot Papa reevaluating
ChatterBot Echo reevaluating
ChatterBot Zulu reevaluating
ChatterBot Hotel reevaluating
ChatterBot India reevaluating
ChatterBot Papa reevaluating
ChatterBot Romeo reevaluating
randomSelections Tango: {Tango, Hotel, Echo, X-ray, Charlie, India, Zulu} 
2024-10-14 18:33:25.483313 Tango: Can we be friends?
ChatterBot Hotel reevaluating
ChatterBot Echo reevaluating
ChatterBot Charlie reevaluating
ChatterBot India reevaluating
ChatterBot Zulu reevaluating
2024-10-14 18:33:25.492463 Hotel: No
2024-10-14 18:33:25.493597 Echo: No
2024-10-14 18:33:25.494115 X-ray: No
2024-10-14 18:33:25.494462 Charlie: No
2024-10-14 18:33:25.495362 India: No
2024-10-14 18:33:25.495593 Zulu: No
ChatterBot Echo reevaluating
ChatterBot Charlie reevaluating
ChatterBot India reevaluating
ChatterBot Zulu reevaluating
ChatterBot Hotel reevaluating
ChatterBot Charlie reevaluating
ChatterBot India reevaluating
ChatterBot Zulu reevaluating
ChatterBot Hotel reevaluating
ChatterBot Echo reevaluating
ChatterBot Charlie reevaluating
ChatterBot India reevaluating
ChatterBot Zulu reevaluating
ChatterBot Hotel reevaluating
ChatterBot Echo reevaluating
ChatterBot India reevaluating
ChatterBot Zulu reevaluating
ChatterBot Hotel reevaluating
ChatterBot Echo reevaluating
ChatterBot Charlie reevaluating
ChatterBot Zulu reevaluating
ChatterBot Hotel reevaluating
ChatterBot Echo reevaluating
ChatterBot Charlie reevaluating
ChatterBot India reevaluating
2024-10-14 18:33:25.575144 Alpha: Papa and Charlie, sending you 2
2024-10-14 18:33:25.576739 X-ray: India and Hotel, sending you 1
2024-10-14 18:33:25.577319 Charlie: Alpha and Echo, sending you 5
2024-10-14 18:33:25.577925 Romeo: India and Hotel, sending you 2
2024-10-14 18:33:25.579218 Tango: India, sending you 6
2024-10-14 18:33:25.583468 India: Alpha, Papa and Echo, sending you 3
2024-10-14 18:33:25.584659 X-ray: Zulu, sending you 3
2024-10-14 18:33:25.585175 Alpha: Echo, sending you 1
2024-10-14 18:33:25.585557 Papa: Alpha and Charlie, sending you 1
2024-10-14 18:33:25.586721 Hotel: Alpha, India and Papa, sending you 2
2024-10-14 18:33:25.587188 Charlie: India, sending you 1
2024-10-14 18:33:25.587593 Romeo: Papa, sending you 4
2024-10-14 18:33:25.588583 Tango: X-ray and Hotel, sending you 3
2024-10-14 18:33:25.588960 Zulu: India, sending you 2
2024-10-14 18:33:25.589444 India: Charlie, sending you 1
2024-10-14 18:33:25.590604 Papa: India and Echo, sending you 4
2024-10-14 18:33:25.591034 Hotel: Charlie, sending you 8
2024-10-14 18:33:25.591407 Romeo: Zulu, sending you 3
2024-10-14 18:33:25.592374 Charlie: Papa, sending you 2
2024-10-14 18:33:25.592786 Echo: Alpha and India, sending you 2
2024-10-14 18:33:25.593181 Zulu: Papa, sending you 5
2024-10-14 18:33:25.594020 India: Hotel, sending you 4
2024-10-14 18:33:25.594480 Tango: Zulu, sending you 2
2024-10-14 18:33:25.597827 Papa: Hotel, sending you 3
2024-10-14 18:33:25.598852 Charlie: Hotel, sending you 3
2024-10-14 18:33:25.599187 Echo: Papa, sending you 4
2024-10-14 18:33:25.599520 Zulu: Romeo and Echo, sending you 3
2024-10-14 18:33:25.599938 Tango: Echo, sending you 1
2024-10-14 18:33:25.606550 Echo: Charlie, sending you 1
2024-10-14 18:33:25.607427 Zulu: X-ray, sending you 1
2024-10-14 18:33:25.612520 Echo: Hotel, sending you 5
chatterbot X-ray submitting transactions
chatterbot Charlie submitting transactions
chatterbot Romeo submitting transactions
chatterbot Echo submitting transactions
chatterbot Tango submitting transactions
chatterbot Hotel submitting transactions
chatterbot Zulu submitting transactions
chatterbot Papa submitting transactions
chatterbot Alpha submitting transactions
chatterbot India submitting transactions
ChatterBot Alpha round 2
ChatterBot India round 2
ChatterBot Papa round 2
ChatterBot Romeo round 2
ChatterBot Charlie round 2
ChatterBot X-ray round 2
ChatterBot Zulu round 2
ChatterBot Tango round 2
2024-10-14 18:33:26.563167 Papa: We should add Zulu
ChatterBot Charlie reevaluating
ChatterBot Hotel reevaluating
ChatterBot Echo reevaluating
ChatterBot India reevaluating
2024-10-14 18:33:26.594514 Alpha: No
2024-10-14 18:33:26.594715 Charlie: No
2024-10-14 18:33:26.594840 Hotel: No
2024-10-14 18:33:26.594938 Echo: No
2024-10-14 18:33:26.595031 India: No
ChatterBot Papa reevaluating
ChatterBot Charlie reevaluating
ChatterBot Hotel reevaluating
ChatterBot Echo reevaluating
ChatterBot India reevaluating
ChatterBot Papa reevaluating
ChatterBot Hotel reevaluating
ChatterBot Echo reevaluating
ChatterBot India reevaluating
ChatterBot Papa reevaluating
ChatterBot Charlie reevaluating
ChatterBot Echo reevaluating
ChatterBot India reevaluating
ChatterBot Papa reevaluating
ChatterBot Charlie reevaluating
ChatterBot Hotel reevaluating
ChatterBot India reevaluating
ChatterBot Papa reevaluating
ChatterBot Charlie reevaluating
ChatterBot Hotel reevaluating
ChatterBot Echo reevaluating
2024-10-14 18:33:26.707253 India: We should add Tango
ChatterBot Papa reevaluating
ChatterBot Charlie reevaluating
ChatterBot Hotel reevaluating
ChatterBot Echo reevaluating
2024-10-14 18:33:26.733563 Alpha: No
2024-10-14 18:33:26.733688 Papa: No
2024-10-14 18:33:26.733800 Charlie: No
2024-10-14 18:33:26.733897 Hotel: No
2024-10-14 18:33:26.733981 Echo: No
ChatterBot Papa reevaluating
ChatterBot Charlie reevaluating
ChatterBot Hotel reevaluating
ChatterBot Echo reevaluating
ChatterBot India reevaluating
ChatterBot Charlie reevaluating
ChatterBot Hotel reevaluating
ChatterBot Echo reevaluating
ChatterBot India reevaluating
ChatterBot Papa reevaluating
ChatterBot Hotel reevaluating
ChatterBot Echo reevaluating
ChatterBot India reevaluating
ChatterBot Papa reevaluating
ChatterBot Charlie reevaluating
ChatterBot Echo reevaluating
ChatterBot India reevaluating
ChatterBot Papa reevaluating
ChatterBot Charlie reevaluating
ChatterBot Hotel reevaluating
ChatterBot India reevaluating
ChatterBot Hotel round 2
2024-10-14 18:33:26.892777 X-ray: We should group up
ChatterBot Romeo reevaluating
ChatterBot Zulu reevaluating
ChatterBot Tango reevaluating
ChatterBot India reevaluating
2024-10-14 18:33:26.910814 Romeo: No
2024-10-14 18:33:26.910945 Zulu: No
2024-10-14 18:33:26.911046 Tango: Yes
2024-10-14 18:33:26.911167 India: No
ChatterBot X-ray reevaluating
ChatterBot Zulu reevaluating
ChatterBot Tango reevaluating
ChatterBot India reevaluating
ChatterBot X-ray reevaluating
ChatterBot Romeo reevaluating
ChatterBot Tango reevaluating
ChatterBot India reevaluating
ChatterBot X-ray reevaluating
ChatterBot Romeo reevaluating
ChatterBot Zulu reevaluating
ChatterBot India reevaluating
ChatterBot X-ray reevaluating
ChatterBot Romeo reevaluating
ChatterBot Zulu reevaluating
ChatterBot Tango reevaluating
ChatterBot Echo round 2
2024-10-14 18:33:27.069538 Papa: We should add Romeo
ChatterBot Charlie reevaluating
ChatterBot Hotel reevaluating
ChatterBot Echo reevaluating
ChatterBot India reevaluating
2024-10-14 18:33:27.096567 Alpha: No
2024-10-14 18:33:27.096862 Charlie: No
2024-10-14 18:33:27.097096 Hotel: Yes
2024-10-14 18:33:27.097552 Echo: No
2024-10-14 18:33:27.098342 India: No
ChatterBot Papa reevaluating
ChatterBot Charlie reevaluating
ChatterBot Hotel reevaluating
ChatterBot Echo reevaluating
ChatterBot India reevaluating
ChatterBot Papa reevaluating
ChatterBot Hotel reevaluating
ChatterBot Echo reevaluating
ChatterBot India reevaluating
ChatterBot Papa reevaluating
ChatterBot Charlie reevaluating
ChatterBot Echo reevaluating
ChatterBot India reevaluating
ChatterBot Papa reevaluating
ChatterBot Charlie reevaluating
ChatterBot Hotel reevaluating
ChatterBot India reevaluating
ChatterBot Papa reevaluating
ChatterBot Charlie reevaluating
ChatterBot Hotel reevaluating
ChatterBot Echo reevaluating
2024-10-14 18:33:27.237486 Hotel: We should add Tango
ChatterBot Papa reevaluating
ChatterBot Charlie reevaluating
ChatterBot Echo reevaluating
ChatterBot India reevaluating
2024-10-14 18:33:27.264276 Alpha: No
2024-10-14 18:33:27.264971 Papa: No
2024-10-14 18:33:27.265135 Charlie: No
2024-10-14 18:33:27.265273 Echo: Yes
2024-10-14 18:33:27.265407 India: No
ChatterBot Papa reevaluating
ChatterBot Charlie reevaluating
ChatterBot Hotel reevaluating
ChatterBot Echo reevaluating
ChatterBot India reevaluating
ChatterBot Charlie reevaluating
ChatterBot Hotel reevaluating
ChatterBot Echo reevaluating
ChatterBot India reevaluating
ChatterBot Papa reevaluating
ChatterBot Hotel reevaluating
ChatterBot Echo reevaluating
ChatterBot India reevaluating
ChatterBot Papa reevaluating
ChatterBot Charlie reevaluating
ChatterBot Hotel reevaluating
ChatterBot India reevaluating
ChatterBot Papa reevaluating
ChatterBot Charlie reevaluating
ChatterBot Hotel reevaluating
ChatterBot Echo reevaluating
2024-10-14 18:33:27.422120 India: Tango we want you to join our group
ChatterBot Tango reevaluating
2024-10-14 18:33:27.428052 Tango: Yes
ChatterBot Echo reevaluating
2024-10-14 18:33:27.457622 Tango: Group up?
ChatterBot Echo reevaluating
2024-10-14 18:33:27.489877 India: Yes
2024-10-14 18:33:27.490066 Alpha: No
2024-10-14 18:33:27.490562 Papa: No
2024-10-14 18:33:27.490715 Charlie: No
2024-10-14 18:33:27.490857 Hotel: Yes
2024-10-14 18:33:27.490995 Echo: Yes
ChatterBot Echo reevaluating
ChatterBot Tango reevaluating
ChatterBot Papa reevaluating
ChatterBot Echo reevaluating
ChatterBot Tango reevaluating
ChatterBot Echo reevaluating
ChatterBot Tango reevaluating
ChatterBot Papa reevaluating
ChatterBot Echo reevaluating
ChatterBot Tango reevaluating
ChatterBot Papa reevaluating
ChatterBot Echo reevaluating
ChatterBot Tango reevaluating
ChatterBot Papa reevaluating
ChatterBot Tango reevaluating
2024-10-14 18:33:27.673280 Alpha: India, Hotel and Echo, sending you 1
2024-10-14 18:33:27.674405 Hotel: Tango we want you to join our group
ChatterBot Tango reevaluating
2024-10-14 18:33:27.679937 Tango: Yes
ChatterBot Papa reevaluating
chatterbot Zulu submitting transactions
2024-10-14 18:33:27.710507 Alpha: Charlie, sending you 2
2024-10-14 18:33:27.711337 Zulu: Romeo and X-ray, sending you 5
2024-10-14 18:33:28.827974 Romeo: X-ray and Tango, sending you 2
2024-10-14 18:33:28.828276 Zulu: Tango, sending you 4
2024-10-14 18:33:28.828496 X-ray: Zulu, sending you 1
2024-10-14 18:33:28.829390 Charlie: Alpha, sending you 3
2024-10-14 18:33:28.829792 Echo: Tango we want you to join our group
ChatterBot Tango reevaluating
2024-10-14 18:33:28.835185 Tango: Yes
ChatterBot Papa reevaluating
chatterbot Charlie submitting transactions
chatterbot X-ray submitting transactions
chatterbot India submitting transactions
chatterbot Alpha submitting transactions
chatterbot Romeo submitting transactions
chatterbot Tango submitting transactions
chatterbot Hotel submitting transactions
2024-10-14 18:33:28.860168 Romeo: Zulu, sending you 7
2024-10-14 18:33:28.860907 X-ray: Tango, sending you 4
2024-10-14 18:33:28.861132 Charlie: India, Papa and Echo, sending you 2
2024-10-14 18:33:29.102030 India: Alpha, Papa, Charlie, Hotel and Echo, sending you 2
2024-10-14 18:33:29.102847 Hotel: Alpha, sending you 1
2024-10-14 18:33:29.103122 Charlie: Hotel, sending you 7
2024-10-14 18:33:29.103452 Papa: Tango we want you to join our group
ChatterBot Tango reevaluating
2024-10-14 18:33:29.109149 Tango: Yes
ChatterBot Papa reevaluating
2024-10-14 18:33:29.133709 India: Tango, sending you 4
2024-10-14 18:33:29.134094 Hotel: India, sending you 3
2024-10-14 18:33:29.352374 Echo: Alpha and Tango, sending you 2
2024-10-14 18:33:29.353517 Hotel: Papa, Charlie and Tango, sending you 2
2024-10-14 18:33:29.412176 Echo: India, Papa and Charlie, sending you 3
2024-10-14 18:33:29.412976 Hotel: Echo, sending you 4
2024-10-14 18:33:29.461593 Tango: Alpha, India, Papa, Charlie and Hotel, sending you 3
2024-10-14 18:33:29.463748 Echo: Hotel, sending you 1
2024-10-14 18:33:29.465170 Papa: Sending you each 3
chatterbot Echo submitting transactions
chatterbot Papa submitting transactions
ChatterBot Alpha round 3
ChatterBot India round 3
ChatterBot Papa round 3
ChatterBot Romeo round 3
ChatterBot Charlie round 3
ChatterBot X-ray round 3
ChatterBot Zulu round 3
ChatterBot Tango round 3
ChatterBot Hotel round 3
ChatterBot Echo round 3
2024-10-14 18:33:29.670 Papa: We should add Tango
ChatterBot Charlie reevaluating
ChatterBot Hotel reevaluating
ChatterBot Echo reevaluating
2024-10-14 18:33:29.698561 Alpha: No
2024-10-14 18:33:29.699210 Charlie: Yes
2024-10-14 18:33:29.699406 Hotel: Yes
2024-10-14 18:33:29.699611 Echo: Yes
2024-10-14 18:33:29.699789 India: Yes
ChatterBot Charlie reevaluating
ChatterBot Hotel reevaluating
ChatterBot Echo reevaluating
ChatterBot Papa reevaluating
ChatterBot Hotel reevaluating
ChatterBot Echo reevaluating
ChatterBot Papa reevaluating
ChatterBot Charlie reevaluating
ChatterBot Echo reevaluating
ChatterBot Papa reevaluating
ChatterBot Charlie reevaluating
ChatterBot Hotel reevaluating
ChatterBot Papa reevaluating
ChatterBot Charlie reevaluating
ChatterBot Hotel reevaluating
ChatterBot Echo reevaluating
2024-10-14 18:33:29.857999 Hotel: We should add X-ray
ChatterBot Papa reevaluating
ChatterBot Charlie reevaluating
ChatterBot Echo reevaluating
ChatterBot Tango reevaluating
2024-10-14 18:33:29.935675 India: Yes
2024-10-14 18:33:29.936660 Alpha: Yes
2024-10-14 18:33:29.936989 Papa: Yes
2024-10-14 18:33:29.937157 Charlie: Yes
2024-10-14 18:33:29.937421 Echo: Yes
2024-10-14 18:33:29.938123 Tango: Yes
ChatterBot Papa reevaluating
ChatterBot Charlie reevaluating
ChatterBot Hotel reevaluating
ChatterBot Echo reevaluating
ChatterBot Tango reevaluating
ChatterBot Papa reevaluating
ChatterBot Charlie reevaluating
ChatterBot Hotel reevaluating
ChatterBot Echo reevaluating
ChatterBot Tango reevaluating
ChatterBot India reevaluating
ChatterBot Charlie reevaluating
ChatterBot Hotel reevaluating
ChatterBot Echo reevaluating
ChatterBot Tango reevaluating
ChatterBot India reevaluating
ChatterBot Papa reevaluating
ChatterBot Hotel reevaluating
ChatterBot Echo reevaluating
ChatterBot Tango reevaluating
ChatterBot India reevaluating
ChatterBot Papa reevaluating
ChatterBot Charlie reevaluating
ChatterBot Hotel reevaluating
ChatterBot Tango reevaluating
ChatterBot India reevaluating
ChatterBot Papa reevaluating
ChatterBot Charlie reevaluating
ChatterBot Hotel reevaluating
ChatterBot Echo reevaluating
2024-10-14 18:33:30.118544 X-ray: We should drop India
ChatterBot Romeo reevaluating
2024-10-14 18:33:30.128062 Zulu: Yes
2024-10-14 18:33:30.128248 Romeo: Yes
2024-10-14 18:33:30.128379 Tango: No
ChatterBot Romeo reevaluating
ChatterBot Romeo reevaluating
2024-10-14 18:33:30.157226 Charlie: Tango we want you to join our group
2024-10-14 18:33:30.161158 Tango: No
ChatterBot India reevaluating
ChatterBot Papa reevaluating
2024-10-14 18:33:30.181746 Papa: We should replace Alpha with Tango
ChatterBot India reevaluating
2024-10-14 18:33:30.194804 India: Yes
2024-10-14 18:33:30.195039 Charlie: No
2024-10-14 18:33:30.195180 Hotel: No
2024-10-14 18:33:30.195315 Echo: No
ChatterBot Papa reevaluating
ChatterBot Papa reevaluating
ChatterBot India reevaluating
ChatterBot Papa reevaluating
ChatterBot India reevaluating
ChatterBot Papa reevaluating
ChatterBot India reevaluating
2024-10-14 18:33:30.251067 Tango: We should drop Alpha
ChatterBot India reevaluating
ChatterBot Papa reevaluating
2024-10-14 18:33:30.267208 India: Yes
2024-10-14 18:33:30.267372 Papa: Yes
2024-10-14 18:33:30.267471 Charlie: No
2024-10-14 18:33:30.267560 Hotel: No
2024-10-14 18:33:30.267666 Echo: No
ChatterBot Papa reevaluating
ChatterBot India reevaluating
ChatterBot India reevaluating
ChatterBot Papa reevaluating
ChatterBot India reevaluating
ChatterBot Papa reevaluating
ChatterBot India reevaluating
ChatterBot Papa reevaluating
2024-10-14 18:33:30.353570 Hotel: X-ray we want you to join our group
2024-10-14 18:33:30.356864 X-ray: No
ChatterBot India reevaluating
ChatterBot Papa reevaluating
2024-10-14 18:33:30.380377 Alpha: India, Papa and Echo, sending you 1
chatterbot Tango submitting transactions
2024-10-14 18:33:30.468157 Alpha: Charlie, sending you 2
2024-10-14 18:33:30.468706 Echo: Alpha, India, Tango and Hotel, sending you 2
2024-10-14 18:33:30.469304 Papa: Tango we want you to join our group
2024-10-14 18:33:30.493627 Tango: Yes
ChatterBot India reevaluating
2024-10-14 18:33:30.572073 Zulu: Romeo, sending you 7
2024-10-14 18:33:30.573586 Echo: Papa and Charlie, sending you 3
chatterbot X-ray submitting transactions
2024-10-14 18:33:30.771009 Zulu: X-ray, sending you 4
2024-10-14 18:33:30.771341 Tango: India, sending you 7
2024-10-14 18:33:30.771756 Romeo: X-ray and Tango, sending you 2
2024-10-14 18:33:30.771982 Charlie: Alpha, India and Tango, sending you 2
2024-10-14 18:33:30.772989 X-ray: Romeo and Tango, sending you 1
2024-10-14 18:33:30.773265 Hotel: Alpha and X-ray, sending you 1
chatterbot Charlie submitting transactions
chatterbot Alpha submitting transactions
chatterbot Zulu submitting transactions
2024-10-14 18:33:30.774883 Zulu: Tango, sending you 3
2024-10-14 18:33:30.855702 Romeo: Zulu, sending you 7
2024-10-14 18:33:30.856678 Tango: Papa and Charlie, sending you 1
2024-10-14 18:33:30.857213 Charlie: Papa and Echo, sending you 3
2024-10-14 18:33:30.858286 X-ray: Zulu, sending you 3
2024-10-14 18:33:30.858605 Hotel: India, Papa, Tango and Echo, sending you 2
2024-10-14 18:33:30.859793 Papa: Sending you each 3
chatterbot Romeo submitting transactions
2024-10-14 18:33:30.860521 Tango: Hotel and Echo, sending you 3
2024-10-14 18:33:30.930769 Charlie: Hotel, sending you 4
2024-10-14 18:33:30.931428 Hotel: Charlie, sending you 4
2024-10-14 18:33:30.992748 India: Papa, Tango, Hotel and Echo, sending you 3
2024-10-14 18:33:31.031300 India: Charlie, sending you 2
chatterbot India submitting transactions
chatterbot Echo submitting transactions
chatterbot Tango submitting transactions
chatterbot Hotel submitting transactions
chatterbot Papa submitting transactions
ChatterBot Alpha round 4
ChatterBot India round 4
ChatterBot Papa round 4
ChatterBot Romeo round 4
ChatterBot Charlie round 4
ChatterBot X-ray round 4
ChatterBot Zulu round 4
ChatterBot Tango round 4
ChatterBot Hotel round 4
ChatterBot Echo round 4
2024-10-14 18:33:31.780425 Romeo: We should drop Tango
2024-10-14 18:33:31.785085 X-ray: No
2024-10-14 18:33:31.785242 Zulu: No
2024-10-14 18:33:31.801681 India: Papa, Tango, Hotel and Echo, sending you 3
2024-10-14 18:33:31.805672 India: Charlie, sending you 2
2024-10-14 18:33:31.806487 Alpha: India, Hotel and Echo, sending you 1
2024-10-14 18:33:31.807079 X-ray: Romeo and Tango, sending you 1
2024-10-14 18:33:31.807344 Hotel: Alpha and X-ray, sending you 1
2024-10-14 18:33:31.808681 Zulu: Romeo, sending you 7
2024-10-14 18:33:31.809671 Alpha: Charlie, sending you 2
2024-10-14 18:33:31.810086 Romeo: X-ray, sending you 3
2024-10-14 18:33:31.811682 X-ray: Zulu, sending you 3
2024-10-14 18:33:31.812068 Hotel: India, Papa, Tango and Echo, sending you 2
2024-10-14 18:33:31.812672 Zulu: X-ray, sending you 4
2024-10-14 18:33:31.813388 Romeo: Zulu, sending you 8
2024-10-14 18:33:31.816706 Hotel: Charlie, sending you 4
2024-10-14 18:33:31.818009 Zulu: Tango, sending you 3
2024-10-14 18:33:31.818658 Tango: India, sending you 4
2024-10-14 18:33:31.819655 Charlie: Alpha, India and Tango, sending you 2
2024-10-14 18:33:31.820725 Papa: Same as last round
2024-10-14 18:33:31.823011 Tango: Papa, Hotel and Echo, sending you 3
2024-10-14 18:33:31.825692 Charlie: Papa and Echo, sending you 3
2024-10-14 18:33:31.826183 Echo: Alpha, sending you 1
2024-10-14 18:33:31.827671 Tango: Charlie, sending you 2
2024-10-14 18:33:31.828696 Echo: India, Papa and Charlie, sending you 3
2024-10-14 18:33:31.830653 Charlie: Hotel, sending you 4
2024-10-14 18:33:31.832695 Echo: Tango and Hotel, sending you 2
chatterbot Charlie submitting transactions
chatterbot X-ray submitting transactions
chatterbot Echo submitting transactions
chatterbot Zulu submitting transactions
chatterbot Papa submitting transactions
chatterbot Romeo submitting transactions
chatterbot Tango submitting transactions
chatterbot Alpha submitting transactions
chatterbot Hotel submitting transactions
chatterbot India submitting transactions
ChatterBot Alpha round 5
ChatterBot India round 5
ChatterBot Papa round 5
ChatterBot Romeo round 5
ChatterBot Charlie round 5
2024-10-14 18:33:33.813687 Alpha: We should replace India with Tango
2024-10-14 18:33:33.826105 Papa: No
2024-10-14 18:33:33.826282 Charlie: No
2024-10-14 18:33:33.826407 Hotel: No
2024-10-14 18:33:33.826525 Echo: No
ChatterBot Alpha reevaluating
ChatterBot Alpha reevaluating
ChatterBot Alpha reevaluating
ChatterBot Alpha reevaluating
ChatterBot X-ray round 5
ChatterBot Zulu round 5
ChatterBot Tango round 5
ChatterBot Hotel round 5
ChatterBot Echo round 5
2024-10-14 18:33:33.883101 Alpha: We should replace Papa with Tango
ChatterBot Charlie reevaluating
ChatterBot Echo reevaluating
2024-10-14 18:33:33.896519 India: No
2024-10-14 18:33:33.897071 Charlie: No
2024-10-14 18:33:33.897180 Hotel: No
2024-10-14 18:33:33.897293 Echo: No
ChatterBot Alpha reevaluating
ChatterBot Charlie reevaluating
ChatterBot Echo reevaluating
ChatterBot Alpha reevaluating
ChatterBot Echo reevaluating
ChatterBot Alpha reevaluating
ChatterBot Charlie reevaluating
ChatterBot Echo reevaluating
ChatterBot Alpha reevaluating
ChatterBot Charlie reevaluating
2024-10-14 18:33:33.973685 Papa: Same as last round
2024-10-14 18:33:33.977352 Echo: We should drop Alpha
ChatterBot Charlie reevaluating
2024-10-14 18:33:34.003196 Tango: Yes
2024-10-14 18:33:34.003396 India: Yes
2024-10-14 18:33:34.003568 Papa: Yes
2024-10-14 18:33:34.003743 Charlie: Yes
2024-10-14 18:33:34.003917 Hotel: No
ChatterBot Charlie reevaluating
ChatterBot Charlie reevaluating
ChatterBot Charlie reevaluating
ChatterBot Hotel reevaluating
ChatterBot Hotel reevaluating
ChatterBot Charlie reevaluating
2024-10-14 18:33:34.264023 Romeo: X-ray, sending you 3
2024-10-14 18:33:34.265431 X-ray: Romeo, sending you 2
2024-10-14 18:33:34.266446 India: Papa, Tango, Hotel and Echo, sending you 3
2024-10-14 18:33:34.268602 Alpha: India, Hotel and Echo, sending you 1
2024-10-14 18:33:34.271043 Hotel: We should drop Alpha and X-ray
ChatterBot Charlie reevaluating
2024-10-14 18:33:34.299243 Tango: Yes
2024-10-14 18:33:34.299637 India: Yes
2024-10-14 18:33:34.299848 Papa: Yes
2024-10-14 18:33:34.300070 Charlie: Yes
2024-10-14 18:33:34.300851 Echo: Yes
ChatterBot Charlie reevaluating
ChatterBot Hotel reevaluating
ChatterBot Charlie reevaluating
ChatterBot Hotel reevaluating
ChatterBot Charlie reevaluating
ChatterBot Hotel reevaluating
ChatterBot Hotel reevaluating
ChatterBot Charlie reevaluating
ChatterBot Hotel reevaluating
2024-10-14 18:33:34.433127 Zulu: Romeo, sending you 8
chatterbot India submitting transactions
2024-10-14 18:33:34.434251 Romeo: Zulu, sending you 8
2024-10-14 18:33:34.434546 X-ray: Zulu, sending you 3
2024-10-14 18:33:34.435022 India: Charlie, sending you 2
2024-10-14 18:33:34.436146 Alpha: Charlie, sending you 2
chatterbot Zulu submitting transactions
chatterbot Papa submitting transactions
2024-10-14 18:33:34.437820 Zulu: X-ray, sending you 6
2024-10-14 18:33:34.438114 Tango: India, sending you 4
2024-10-14 18:33:34.438736 Echo: India, Papa, Charlie and Hotel, sending you 3
2024-10-14 18:33:34.481712 Tango: Papa, Hotel and Echo, sending you 3
2024-10-14 18:33:34.482275 Echo: Tango, sending you 2
2024-10-14 18:33:34.504164 Tango: Charlie, sending you 2
chatterbot Echo submitting transactions
2024-10-14 18:33:34.569846 Charlie: India, Papa and Echo, sending you 3
2024-10-14 18:33:34.571090 Hotel: India, Papa, Charlie and Tango, sending you 3
2024-10-14 18:33:34.576876 Charlie: Tango, sending you 2
2024-10-14 18:33:34.577830 Hotel: Echo, sending you 2
2024-10-14 18:33:34.584970 Charlie: Hotel, sending you 5
chatterbot Tango submitting transactions
chatterbot Romeo submitting transactions
chatterbot Alpha submitting transactions
chatterbot X-ray submitting transactions
chatterbot Hotel submitting transactions
chatterbot Charlie submitting transactions
ChatterBot Alpha round 6
ChatterBot India round 6
ChatterBot Papa round 6
ChatterBot Romeo round 6
ChatterBot Charlie round 6
ChatterBot X-ray round 6
ChatterBot Zulu round 6
ChatterBot Tango round 6
2024-10-14 18:33:35.667372 Alpha: We should add Tango
2024-10-14 18:33:35.683288 Papa: Yes
2024-10-14 18:33:35.683516 Charlie: Yes
2024-10-14 18:33:35.683720 Hotel: Yes
2024-10-14 18:33:35.683915 Echo: Yes
2024-10-14 18:33:35.684546 India: Yes
ChatterBot Hotel round 6
ChatterBot Echo round 6
2024-10-14 18:33:35.772221 Alpha: Tango we want you to join our group
2024-10-14 18:33:35.775751 Tango: No
ChatterBot Hotel reevaluating
2024-10-14 18:33:35.792317 Hotel: We should add Romeo
2024-10-14 18:33:35.806377 Tango: No
2024-10-14 18:33:35.806531 India: No
2024-10-14 18:33:35.806681 Papa: No
2024-10-14 18:33:35.806814 Charlie: No
2024-10-14 18:33:35.806930 Echo: No
ChatterBot Hotel reevaluating
ChatterBot Hotel reevaluating
ChatterBot Hotel reevaluating
ChatterBot Hotel reevaluating
ChatterBot Hotel reevaluating
2024-10-14 18:33:35.885385 Hotel: We should add Zulu
2024-10-14 18:33:35.899532 Tango: No
2024-10-14 18:33:35.899738 India: No
2024-10-14 18:33:35.899894 Papa: No
2024-10-14 18:33:35.900010 Charlie: No
2024-10-14 18:33:35.900537 Echo: No
ChatterBot Hotel reevaluating
ChatterBot Hotel reevaluating
ChatterBot Hotel reevaluating
ChatterBot Hotel reevaluating
ChatterBot Hotel reevaluating
2024-10-14 18:33:36.069938 Charlie: India, Papa and Echo, sending you 3
2024-10-14 18:33:36.071404 Zulu: Romeo, sending you 8
2024-10-14 18:33:36.072648 Alpha: India, Hotel and Echo, sending you 1
2024-10-14 18:33:36.074821 Romeo: X-ray, sending you 4
2024-10-14 18:33:36.075287 India: Papa, Tango, Hotel and Echo, sending you 3
2024-10-14 18:33:36.076872 X-ray: Romeo, sending you 2
2024-10-14 18:33:36.077603 Papa: Same as last round
2024-10-14 18:33:36.079463 Tango: India, sending you 4
2024-10-14 18:33:36.081098 Charlie: Tango, sending you 2
2024-10-14 18:33:36.081777 Zulu: X-ray, sending you 6
2024-10-14 18:33:36.082867 Alpha: Charlie, sending you 2
2024-10-14 18:33:36.083936 Romeo: Zulu, sending you 7
2024-10-14 18:33:36.085038 India: Charlie, sending you 2
2024-10-14 18:33:36.086403 X-ray: Zulu, sending you 3
2024-10-14 18:33:36.087083 Tango: Papa, Hotel and Echo, sending you 3
2024-10-14 18:33:36.088482 Charlie: Hotel, sending you 5
2024-10-14 18:33:36.090224 Echo: India, Papa, Charlie and Hotel, sending you 3
2024-10-14 18:33:36.098999 Tango: Charlie, sending you 2
2024-10-14 18:33:36.100665 Echo: Tango, sending you 2
2024-10-14 18:33:36.130410 Hotel: India, Papa, Charlie and Tango, sending you 3
2024-10-14 18:33:36.137147 Hotel: Echo, sending you 2
chatterbot Tango submitting transactions
chatterbot Echo submitting transactions
chatterbot X-ray submitting transactions
chatterbot Hotel submitting transactions
chatterbot Zulu submitting transactions
chatterbot Papa submitting transactions
chatterbot India submitting transactions
chatterbot Charlie submitting transactions
chatterbot Romeo submitting transactions
chatterbot Alpha submitting transactions
ChatterBot Alpha round 7
ChatterBot India round 7
ChatterBot Papa round 7
ChatterBot Romeo round 7
ChatterBot Charlie round 7
ChatterBot X-ray round 7
ChatterBot Zulu round 7
ChatterBot Tango round 7
ChatterBot Hotel round 7
ChatterBot Echo round 7
2024-10-14 18:33:37.170675 Tango: India, sending you 4
2024-10-14 18:33:37.174666 X-ray: Romeo, sending you 2
2024-10-14 18:33:37.175924 Tango: Papa, Hotel and Echo, sending you 3
2024-10-14 18:33:37.176947 Echo: India, Papa, Charlie and Tango, sending you 3
2024-10-14 18:33:37.178515 Alpha: India, Hotel and Echo, sending you 1
2024-10-14 18:33:37.180220 X-ray: Zulu, sending you 3
2024-10-14 18:33:37.181621 Tango: Charlie, sending you 2
2024-10-14 18:33:37.182910 Zulu: Romeo, sending you 8
2024-10-14 18:33:37.184251 Echo: Hotel, sending you 2
2024-10-14 18:33:37.185891 Hotel: India, Papa, Charlie and Tango, sending you 3
2024-10-14 18:33:37.187252 Romeo: X-ray, sending you 4
2024-10-14 18:33:37.188578 India: Papa, Tango, Hotel and Echo, sending you 3
2024-10-14 18:33:37.190669 Alpha: Charlie, sending you 2
2024-10-14 18:33:37.192679 Charlie: India, Papa, Tango and Echo, sending you 3
2024-10-14 18:33:37.194607 Papa: Same as last round
2024-10-14 18:33:37.195642 Zulu: X-ray, sending you 6
2024-10-14 18:33:37.196672 Romeo: Zulu, sending you 7
2024-10-14 18:33:37.197626 Hotel: Echo, sending you 2
2024-10-14 18:33:37.207588 India: Charlie, sending you 2
2024-10-14 18:33:37.209595 Charlie: Hotel, sending you 4
chatterbot Alpha submitting transactions
chatterbot Tango submitting transactions
chatterbot X-ray submitting transactions
chatterbot Echo submitting transactions
chatterbot Romeo submitting transactions
chatterbot Papa submitting transactions
chatterbot India submitting transactions
chatterbot Zulu submitting transactions
chatterbot Hotel submitting transactions
chatterbot Charlie submitting transactions
ChatterBot Alpha round 8
ChatterBot India round 8
ChatterBot Papa round 8
ChatterBot Romeo round 8
ChatterBot Charlie round 8
ChatterBot X-ray round 8
ChatterBot Zulu round 8
ChatterBot Tango round 8
ChatterBot Hotel round 8
ChatterBot Echo round 8
2024-10-14 18:33:38.276720 Tango: Sending you each 3
2024-10-14 18:33:38.278846 Romeo: X-ray, sending you 4
2024-10-14 18:33:38.279410 Zulu: Romeo, sending you 8
2024-10-14 18:33:38.280389 X-ray: Romeo, sending you 2
2024-10-14 18:33:38.281044 India: Papa, Tango, Hotel and Echo, sending you 3
2024-10-14 18:33:38.282652 Alpha: India, Hotel and Echo, sending you 1
2024-10-14 18:33:38.284223 Romeo: Zulu, sending you 7
2024-10-14 18:33:38.284654 X-ray: Zulu, sending you 3
2024-10-14 18:33:38.285017 Zulu: X-ray, sending you 6
2024-10-14 18:33:38.285327 India: Charlie, sending you 2
2024-10-14 18:33:38.286755 Alpha: Charlie, sending you 2
2024-10-14 18:33:38.288509 Charlie: India, Papa, Tango and Echo, sending you 3
2024-10-14 18:33:38.289492 Papa: Same as last round
2024-10-14 18:33:38.291027 Echo: India, Papa, Charlie and Tango, sending you 3
2024-10-14 18:33:38.292520 Hotel: India, Papa, Charlie and Tango, sending you 3
2024-10-14 18:33:38.293214 Charlie: Hotel, sending you 4
2024-10-14 18:33:38.296076 Hotel: Echo, sending you 2
2024-10-14 18:33:38.297121 Echo: Hotel, sending you 2
chatterbot India submitting transactions
chatterbot Tango submitting transactions
chatterbot Romeo submitting transactions
chatterbot Echo submitting transactions
chatterbot Zulu submitting transactions
chatterbot X-ray submitting transactions
chatterbot Hotel submitting transactions
chatterbot Charlie submitting transactions
chatterbot Alpha submitting transactions
chatterbot Papa submitting transactions
ChatterBot Alpha round 9
ChatterBot India round 9
ChatterBot Papa round 9
ChatterBot Romeo round 9
ChatterBot Charlie round 9
ChatterBot X-ray round 9
ChatterBot Zulu round 9
ChatterBot Tango round 9
ChatterBot Hotel round 9
ChatterBot Echo round 9
2024-10-14 18:33:39.537674 Papa: Same as last round
2024-10-14 18:33:39.547690 India: Papa, Tango, Hotel and Echo, sending you 3
2024-10-14 18:33:39.549665 Echo: India, Papa, Charlie and Tango, sending you 3
2024-10-14 18:33:39.550653 Romeo: X-ray, sending you 4
2024-10-14 18:33:39.552765 X-ray: Romeo, sending you 2
2024-10-14 18:33:39.553106 India: Charlie, sending you 2
2024-10-14 18:33:39.553648 Tango: Same as last round
2024-10-14 18:33:39.554100 Echo: Hotel, sending you 2
2024-10-14 18:33:39.554549 Charlie: India, Papa, Tango and Echo, sending you 3
2024-10-14 18:33:39.554983 Zulu: Romeo, sending you 8
2024-10-14 18:33:39.555694 Romeo: Zulu, sending you 7
2024-10-14 18:33:39.557666 Alpha: India, Hotel and Echo, sending you 1
2024-10-14 18:33:39.558425 X-ray: Zulu, sending you 3
2024-10-14 18:33:39.558961 Charlie: Hotel, sending you 4
2024-10-14 18:33:39.560707 Zulu: X-ray, sending you 6
2024-10-14 18:33:39.561076 Hotel: India, Papa, Charlie and Tango, sending you 3
2024-10-14 18:33:39.562393 Alpha: Charlie, sending you 2
2024-10-14 18:33:39.566668 Hotel: Echo, sending you 2
chatterbot Papa submitting transactions
chatterbot Echo submitting transactions
chatterbot X-ray submitting transactions
chatterbot Romeo submitting transactions
chatterbot Alpha submitting transactions
chatterbot Tango submitting transactions
chatterbot Zulu submitting transactions
chatterbot India submitting transactions
chatterbot Hotel submitting transactions
chatterbot Charlie submitting transactions
ChatterBot Alpha round 10
ChatterBot India round 10
ChatterBot Papa round 10
ChatterBot Romeo round 10
ChatterBot Charlie round 10
ChatterBot X-ray round 10
ChatterBot Zulu round 10
ChatterBot Tango round 10
ChatterBot Hotel round 10
ChatterBot Echo round 10
2024-10-14 18:33:40.770681 Alpha: India, Hotel and Echo, sending you 1
2024-10-14 18:33:40.772675 Tango: Same as last round
2024-10-14 18:33:40.774999 Alpha: Charlie, sending you 2
2024-10-14 18:33:40.775846 India: Papa, Tango, Hotel and Echo, sending you 3
2024-10-14 18:33:40.776804 X-ray: Romeo, sending you 2
2024-10-14 18:33:40.777734 Hotel: India, Papa, Charlie and Tango, sending you 3
2024-10-14 18:33:40.779846 Zulu: Romeo, sending you 8
2024-10-14 18:33:40.780725 India: Charlie, sending you 2
2024-10-14 18:33:40.782146 Echo: India, Papa, Charlie and Tango, sending you 3
2024-10-14 18:33:40.783061 Papa: Same as last round
2024-10-14 18:33:40.784473 X-ray: Zulu, sending you 3
2024-10-14 18:33:40.784973 Romeo: X-ray, sending you 4
2024-10-14 18:33:40.785340 Charlie: India, Papa, Tango and Echo, sending you 3
2024-10-14 18:33:40.786600 Zulu: X-ray, sending you 6
2024-10-14 18:33:40.787130 Hotel: Echo, sending you 2
2024-10-14 18:33:40.788165 Echo: Hotel, sending you 2
2024-10-14 18:33:40.789535 Romeo: Zulu, sending you 7
2024-10-14 18:33:40.789892 Charlie: Hotel, sending you 4
chatterbot India submitting transactions
chatterbot Alpha submitting transactions
chatterbot Romeo submitting transactions
chatterbot Echo submitting transactions
chatterbot Tango submitting transactions
chatterbot Charlie submitting transactions
chatterbot Zulu submitting transactions
chatterbot Hotel submitting transactions
chatterbot Papa submitting transactions
chatterbot X-ray submitting transactions
ChatterBot Alpha round 11
ChatterBot India round 11
ChatterBot Papa round 11
ChatterBot Romeo round 11
ChatterBot Charlie round 11
ChatterBot X-ray round 11
ChatterBot Zulu round 11
ChatterBot Tango round 11
ChatterBot Hotel round 11
ChatterBot Echo round 11
2024-10-14 18:33:42.000331 Hotel: We should add X-ray
2024-10-14 18:33:42.014284 Tango: Yes
2024-10-14 18:33:42.014473 India: Yes
2024-10-14 18:33:42.014595 Papa: Yes
2024-10-14 18:33:42.014714 Charlie: Yes
2024-10-14 18:33:42.014843 Echo: Yes
ChatterBot Papa reevaluating
2024-10-14 18:33:42.081918 Hotel: X-ray we want you to join our group
ChatterBot X-ray reevaluating
2024-10-14 18:33:42.086231 X-ray: No
ChatterBot Papa reevaluating
2024-10-14 18:33:42.108682 Alpha: India, Hotel and Echo, sending you 1
2024-10-14 18:33:42.109599 Papa: X-ray we want you to join our group
ChatterBot X-ray reevaluating
2024-10-14 18:33:42.113200 X-ray: No
ChatterBot Papa reevaluating
2024-10-14 18:33:42.139426 Romeo: X-ray, sending you 4
2024-10-14 18:33:42.140039 Charlie: India, Papa, Tango and Echo, sending you 3
2024-10-14 18:33:42.141709 Zulu: Romeo, sending you 8
2024-10-14 18:33:42.142118 Tango: Same as last round
2024-10-14 18:33:42.143086 Echo: India, Papa, Charlie and Tango, sending you 3
2024-10-14 18:33:42.144362 India: Papa, Tango, Hotel and Echo, sending you 3
2024-10-14 18:33:42.145283 Alpha: Charlie, sending you 2
2024-10-14 18:33:42.146827 Romeo: Zulu, sending you 7
2024-10-14 18:33:42.147235 Charlie: Hotel, sending you 4
2024-10-14 18:33:42.148398 Zulu: X-ray, sending you 6
2024-10-14 18:33:42.148848 Echo: Hotel, sending you 2
2024-10-14 18:33:42.150356 India: Charlie, sending you 2
2024-10-14 18:33:42.152043 Hotel: India, Papa and Charlie, sending you 3
2024-10-14 18:33:42.155845 Hotel: X-ray, sending you 1
2024-10-14 18:33:42.159941 Hotel: Tango and Echo, sending you 2
2024-10-14 18:33:42.167690 Papa: India, Charlie, Tango, Hotel and Echo, sending you 3
2024-10-14 18:33:42.169246 X-ray: Romeo, sending you 2
2024-10-14 18:33:42.174672 X-ray: Zulu, sending you 3
chatterbot Tango submitting transactions
chatterbot Charlie submitting transactions
chatterbot Romeo submitting transactions
chatterbot India submitting transactions
chatterbot Papa submitting transactions
chatterbot Zulu submitting transactions
chatterbot Alpha submitting transactions
chatterbot Echo submitting transactions
chatterbot Hotel submitting transactions
chatterbot X-ray submitting transactions
ChatterBot Alpha round 12
ChatterBot India round 12
ChatterBot Papa round 12
ChatterBot Romeo round 12
ChatterBot Charlie round 12
ChatterBot X-ray round 12
ChatterBot Zulu round 12
ChatterBot Tango round 12
ChatterBot Hotel round 12
ChatterBot Echo round 12
2024-10-14 18:33:43.355151 X-ray: We should add Hotel
2024-10-14 18:33:43.361676 Romeo: No
2024-10-14 18:33:43.361855 Zulu: No
ChatterBot X-ray reevaluating
ChatterBot Zulu reevaluating
ChatterBot Romeo reevaluating
ChatterBot X-ray reevaluating
2024-10-14 18:33:43.378603 Zulu: We should add Alpha
2024-10-14 18:33:43.378889 Romeo: We should add Alpha
ChatterBot Romeo reevaluating
ChatterBot X-ray reevaluating
2024-10-14 18:33:43.386710 Romeo: No
2024-10-14 18:33:43.386880 X-ray: Yes
ChatterBot X-ray reevaluating
ChatterBot Zulu reevaluating
