ChatterBot Uniform round 1
ChatterBot Hotel round 1
ChatterBot Charlie round 1
ChatterBot Whiskey round 1
ChatterBot Golf round 1
ChatterBot Victor round 1
ChatterBot November round 1
ChatterBot Lima round 1
ChatterBot India round 1
ChatterBot Juliett round 1
randomSelections Hotel: {Hotel, Lima, Whiskey, Charlie, India, Juliett, Victor, Uniform} 
2024-10-14 13:36:21.844892 Hotel: Let's form a team
ChatterBot Lima reevaluating
ChatterBot Whiskey reevaluating
ChatterBot Charlie reevaluating
ChatterBot India reevaluating
ChatterBot Juliett reevaluating
ChatterBot Victor reevaluating
ChatterBot Uniform reevaluating
2024-10-14 13:36:21.877714 Lima: Yes
2024-10-14 13:36:21.877953 Whiskey: Yes
2024-10-14 13:36:21.878204 Charlie: Yes
2024-10-14 13:36:21.878514 India: Yes
2024-10-14 13:36:21.878740 Juliett: Yes
2024-10-14 13:36:21.879528 Victor: Yes
2024-10-14 13:36:21.879724 Uniform: Yes
ChatterBot Whiskey reevaluating
ChatterBot Charlie reevaluating
ChatterBot India reevaluating
ChatterBot Juliett reevaluating
ChatterBot Victor reevaluating
ChatterBot Uniform reevaluating
ChatterBot Lima reevaluating
ChatterBot Charlie reevaluating
ChatterBot India reevaluating
ChatterBot Juliett reevaluating
ChatterBot Victor reevaluating
ChatterBot Uniform reevaluating
ChatterBot Lima reevaluating
ChatterBot Whiskey reevaluating
ChatterBot India reevaluating
ChatterBot Juliett reevaluating
ChatterBot Victor reevaluating
ChatterBot Uniform reevaluating
ChatterBot Lima reevaluating
ChatterBot Whiskey reevaluating
ChatterBot Charlie reevaluating
ChatterBot Juliett reevaluating
ChatterBot Victor reevaluating
ChatterBot Uniform reevaluating
ChatterBot Lima reevaluating
ChatterBot Whiskey reevaluating
ChatterBot Charlie reevaluating
ChatterBot India reevaluating
ChatterBot Victor reevaluating
ChatterBot Uniform reevaluating
ChatterBot Lima reevaluating
ChatterBot Whiskey reevaluating
ChatterBot Charlie reevaluating
ChatterBot India reevaluating
ChatterBot Juliett reevaluating
ChatterBot Uniform reevaluating
ChatterBot Lima reevaluating
ChatterBot Whiskey reevaluating
ChatterBot Charlie reevaluating
ChatterBot India reevaluating
ChatterBot Juliett reevaluating
ChatterBot Victor reevaluating
randomSelections Golf: {Golf, Whiskey, Juliett, November, Hotel, Uniform, Lima, Charlie} 
2024-10-14 13:36:21.991231 Golf: Friends?
ChatterBot Whiskey reevaluating
ChatterBot Juliett reevaluating
ChatterBot November reevaluating
ChatterBot Uniform reevaluating
ChatterBot Lima reevaluating
ChatterBot Charlie reevaluating
2024-10-14 13:36:22.001121 Whiskey: No
2024-10-14 13:36:22.001314 Juliett: No
2024-10-14 13:36:22.001476 November: Yes
2024-10-14 13:36:22.001632 Hotel: No
2024-10-14 13:36:22.001754 Uniform: No
2024-10-14 13:36:22.001886 Lima: No
2024-10-14 13:36:22.001991 Charlie: No
ChatterBot Juliett reevaluating
ChatterBot November reevaluating
ChatterBot Uniform reevaluating
ChatterBot Lima reevaluating
ChatterBot Charlie reevaluating
ChatterBot Whiskey reevaluating
ChatterBot November reevaluating
ChatterBot Uniform reevaluating
ChatterBot Lima reevaluating
ChatterBot Charlie reevaluating
ChatterBot Whiskey reevaluating
ChatterBot Juliett reevaluating
ChatterBot Uniform reevaluating
ChatterBot Lima reevaluating
ChatterBot Charlie reevaluating
ChatterBot Whiskey reevaluating
ChatterBot Juliett reevaluating
ChatterBot November reevaluating
ChatterBot Uniform reevaluating
ChatterBot Lima reevaluating
ChatterBot Charlie reevaluating
ChatterBot Whiskey reevaluating
ChatterBot Juliett reevaluating
ChatterBot November reevaluating
ChatterBot Lima reevaluating
ChatterBot Charlie reevaluating
ChatterBot Whiskey reevaluating
ChatterBot Juliett reevaluating
ChatterBot November reevaluating
ChatterBot Uniform reevaluating
ChatterBot Charlie reevaluating
ChatterBot Whiskey reevaluating
ChatterBot Juliett reevaluating
ChatterBot November reevaluating
ChatterBot Uniform reevaluating
ChatterBot Lima reevaluating
2024-10-14 13:36:22.096515 Victor: Uniform, Hotel and Whiskey, sending you 2
2024-10-14 13:36:22.101218 Victor: Charlie and India, sending you 3
2024-10-14 13:36:22.101725 Juliett: Hotel and Lima, sending you 3
2024-10-14 13:36:22.102238 Uniform: Hotel, sending you 2
2024-10-14 13:36:22.103371 Hotel: Uniform, Charlie and Victor, sending you 1
2024-10-14 13:36:22.103816 November: Hotel and Charlie, sending you 3
2024-10-14 13:36:22.105419 Whiskey: Uniform and Victor, sending you 1
2024-10-14 13:36:22.105894 Victor: Lima, sending you 1
2024-10-14 13:36:22.106341 Juliett: Charlie, Whiskey, Victor and India, sending you 1
2024-10-14 13:36:22.107329 Golf: Hotel and November, sending you 1
2024-10-14 13:36:22.108235 Uniform: Charlie, Victor and Juliett, sending you 1
2024-10-14 13:36:22.109154 Lima: Hotel, Whiskey and Juliett, sending you 1
2024-10-14 13:36:22.109497 Hotel: Whiskey, Lima and Juliett, sending you 2
2024-10-14 13:36:22.109948 November: Lima, sending you 4
2024-10-14 13:36:22.110969 Whiskey: Lima and Juliett, sending you 2
2024-10-14 13:36:22.112991 Golf: Charlie, Whiskey and Juliett, sending you 2
2024-10-14 13:36:22.113431 Lima: Charlie, sending you 2
2024-10-14 13:36:22.113806 Hotel: India, sending you 6
2024-10-14 13:36:22.114790 India: Uniform, Hotel and Charlie, sending you 2
2024-10-14 13:36:22.115255 Charlie: Hotel and Juliett, sending you 1
2024-10-14 13:36:22.118356 November: Juliett, sending you 1
2024-10-14 13:36:22.118739 Whiskey: India, sending you 5
2024-10-14 13:36:22.119122 India: Whiskey and Lima, sending you 1
2024-10-14 13:36:22.121301 Charlie: Victor, sending you 2
2024-10-14 13:36:22.122781 India: Juliett, sending you 4
chatterbot Whiskey submitting transactions
chatterbot Golf submitting transactions
chatterbot Charlie submitting transactions
chatterbot November submitting transactions
chatterbot Uniform submitting transactions
chatterbot Hotel submitting transactions
chatterbot Victor submitting transactions
chatterbot Lima submitting transactions
chatterbot Juliett submitting transactions
chatterbot India submitting transactions
ChatterBot Uniform round 2
ChatterBot Hotel round 2
ChatterBot Charlie round 2
ChatterBot Whiskey round 2
ChatterBot Golf round 2
ChatterBot Victor round 2
ChatterBot November round 2
ChatterBot Lima round 2
2024-10-14 13:36:23.297654 Uniform: Friends?
ChatterBot Victor reevaluating
2024-10-14 13:36:23.304988 Victor: Yes
ChatterBot India round 2
ChatterBot Juliett round 2
2024-10-14 13:36:23.351091 Golf: Group up?
ChatterBot November reevaluating
2024-10-14 13:36:23.359272 November: Yes
2024-10-14 13:36:23.366702 November: Let's form a team
2024-10-14 13:36:23.375074 Golf: Yes
ChatterBot November reevaluating
2024-10-14 13:36:23.401771 Whiskey: We should drop Charlie and Uniform
ChatterBot Lima reevaluating
ChatterBot India reevaluating
ChatterBot Juliett reevaluating
ChatterBot Victor reevaluating
2024-10-14 13:36:23.444035 Hotel: No
2024-10-14 13:36:23.444316 Lima: Yes
2024-10-14 13:36:23.444981 India: Yes
2024-10-14 13:36:23.445158 Juliett: No
2024-10-14 13:36:23.445346 Victor: No
ChatterBot Whiskey reevaluating
ChatterBot Lima reevaluating
ChatterBot India reevaluating
ChatterBot Juliett reevaluating
ChatterBot Victor reevaluating
ChatterBot Whiskey reevaluating
ChatterBot India reevaluating
ChatterBot Juliett reevaluating
ChatterBot Victor reevaluating
ChatterBot Whiskey reevaluating
ChatterBot Hotel reevaluating
ChatterBot Lima reevaluating
ChatterBot Juliett reevaluating
ChatterBot Victor reevaluating
ChatterBot Whiskey reevaluating
ChatterBot Hotel reevaluating
ChatterBot Lima reevaluating
ChatterBot India reevaluating
ChatterBot Victor reevaluating
ChatterBot Whiskey reevaluating
ChatterBot Hotel reevaluating
ChatterBot Lima reevaluating
ChatterBot India reevaluating
ChatterBot Juliett reevaluating
2024-10-14 13:36:23.816510 Charlie: Uniform, Hotel, Whiskey and Juliett, sending you 1
2024-10-14 13:36:24.584632 Hotel: November and Juliett, sending you 5
2024-10-14 13:36:24.585422 Uniform: Sending you 4
2024-10-14 13:36:24.585699 Charlie: Victor, sending you 3
2024-10-14 13:36:24.586175 November: Sending you 10
2024-10-14 13:36:24.586811 Victor: Uniform, Hotel, Charlie, Whiskey, Lima and Juliett, sending you 2
2024-10-14 13:36:24.587347 Lima: Hotel, Whiskey, November, India and Juliett, sending you 1
2024-10-14 13:36:24.588113 Golf: Sending you 2
chatterbot November submitting transactions
chatterbot Charlie submitting transactions
chatterbot Uniform submitting transactions
chatterbot Golf submitting transactions
2024-10-14 13:36:24.589454 Hotel: Lima, sending you 2
2024-10-14 13:36:24.589820 Charlie: Lima and India, sending you 2
2024-10-14 13:36:24.590754 Victor: India, sending you 1
2024-10-14 13:36:24.591236 India: Hotel, sending you 4
2024-10-14 13:36:24.591573 Whiskey: Hotel and Victor, sending you 3
2024-10-14 13:36:25.087101 Juliett: Uniform, Charlie, Victor and Lima, sending you 1
2024-10-14 13:36:25.088695 Hotel: India, sending you 3
2024-10-14 13:36:25.090244 India: Whiskey, sending you 3
2024-10-14 13:36:25.091534 Whiskey: Lima and India, sending you 2
chatterbot Hotel submitting transactions
chatterbot Victor submitting transactions
chatterbot Lima submitting transactions
2024-10-14 13:36:25.094165 Juliett: Hotel and Whiskey, sending you 2
2024-10-14 13:36:25.315377 India: Victor and Juliett, sending you 2
2024-10-14 13:36:25.315796 Whiskey: Juliett, sending you 1
2024-10-14 13:36:25.316368 Juliett: India, sending you 4
chatterbot India submitting transactions
2024-10-14 13:36:25.600883 India: Lima, sending you 1
chatterbot Juliett submitting transactions
chatterbot Whiskey submitting transactions
2024-10-14 13:36:25.622142 India: Hotel did not give me 6 like they said
ChatterBot Whiskey reevaluating
ChatterBot Hotel reevaluating
ChatterBot Lima reevaluating
ChatterBot Juliett reevaluating
ChatterBot Victor reevaluating
2024-10-14 13:36:25.660645 India: Whiskey did not give me 5 like they said
ChatterBot Whiskey reevaluating
ChatterBot Hotel reevaluating
ChatterBot Lima reevaluating
ChatterBot Juliett reevaluating
ChatterBot Victor reevaluating
2024-10-14 13:36:25.700185 India: Victor did not give me 3 like they said
ChatterBot Whiskey reevaluating
ChatterBot Hotel reevaluating
ChatterBot Lima reevaluating
ChatterBot Juliett reevaluating
ChatterBot Victor reevaluating
ChatterBot Uniform round 3
ChatterBot Hotel round 3
ChatterBot Charlie round 3
ChatterBot Whiskey round 3
ChatterBot Golf round 3
ChatterBot Victor round 3
ChatterBot November round 3
ChatterBot Lima round 3
ChatterBot India round 3
ChatterBot Juliett round 3
2024-10-14 13:36:25.867877 Lima: We should replace November with Victor
ChatterBot Hotel reevaluating
ChatterBot Whiskey reevaluating
ChatterBot India reevaluating
ChatterBot Juliett reevaluating
2024-10-14 13:36:25.883130 Hotel: Yes
2024-10-14 13:36:25.883347 Whiskey: Yes
2024-10-14 13:36:25.883505 India: Yes
2024-10-14 13:36:25.883660 Juliett: Yes
ChatterBot Whiskey reevaluating
ChatterBot Lima reevaluating
ChatterBot India reevaluating
ChatterBot Juliett reevaluating
ChatterBot Hotel reevaluating
ChatterBot Lima reevaluating
ChatterBot India reevaluating
ChatterBot Juliett reevaluating
ChatterBot Hotel reevaluating
ChatterBot Whiskey reevaluating
ChatterBot Lima reevaluating
ChatterBot Juliett reevaluating
ChatterBot Hotel reevaluating
ChatterBot Whiskey reevaluating
ChatterBot Lima reevaluating
ChatterBot India reevaluating
2024-10-14 13:36:25.942793 India: We should add Uniform and Charlie
ChatterBot Whiskey reevaluating
ChatterBot Hotel reevaluating
ChatterBot Lima reevaluating
ChatterBot Juliett reevaluating
ChatterBot Victor reevaluating
2024-10-14 13:36:25.959304 Whiskey: Yes
2024-10-14 13:36:25.959462 Hotel: Yes
2024-10-14 13:36:25.959584 Lima: Yes
2024-10-14 13:36:25.959745 Juliett: Yes
2024-10-14 13:36:25.960636 Victor: Yes
ChatterBot Hotel reevaluating
ChatterBot Lima reevaluating
ChatterBot India reevaluating
ChatterBot Juliett reevaluating
ChatterBot Victor reevaluating
ChatterBot Whiskey reevaluating
ChatterBot Lima reevaluating
ChatterBot India reevaluating
ChatterBot Juliett reevaluating
ChatterBot Victor reevaluating
ChatterBot Whiskey reevaluating
ChatterBot Hotel reevaluating
ChatterBot India reevaluating
ChatterBot Juliett reevaluating
ChatterBot Victor reevaluating
ChatterBot Whiskey reevaluating
ChatterBot Hotel reevaluating
ChatterBot Lima reevaluating
ChatterBot India reevaluating
ChatterBot Victor reevaluating
ChatterBot Whiskey reevaluating
ChatterBot Hotel reevaluating
ChatterBot Lima reevaluating
ChatterBot India reevaluating
ChatterBot Juliett reevaluating
2024-10-14 13:36:26.059278 Golf: We should add Hotel
ChatterBot November reevaluating
2024-10-14 13:36:26.062708 November: No
ChatterBot Golf reevaluating
2024-10-14 13:36:26.093533 Whiskey: Uniform and Charlie we want you to join our group
2024-10-14 13:36:26.132319 Charlie: Yes
2024-10-14 13:36:26.132721 Uniform: No
ChatterBot Lima reevaluating
ChatterBot Lima reevaluating
2024-10-14 13:36:26.182004 Golf: We should add Uniform
ChatterBot November reevaluating
2024-10-14 13:36:26.186493 November: No
ChatterBot Golf reevaluating
2024-10-14 13:36:26.191427 November: Let's form a team
ChatterBot Golf reevaluating
ChatterBot Lima reevaluating
2024-10-14 13:36:26.212241 Golf: No
2024-10-14 13:36:26.212401 Hotel: No
2024-10-14 13:36:26.212574 Whiskey: No
2024-10-14 13:36:26.212699 Lima: No
2024-10-14 13:36:26.212856 India: No
2024-10-14 13:36:26.212985 Juliett: No
ChatterBot November reevaluating
ChatterBot Lima reevaluating
ChatterBot November reevaluating
ChatterBot Golf reevaluating
ChatterBot Lima reevaluating
ChatterBot November reevaluating
ChatterBot Golf reevaluating
ChatterBot Lima reevaluating
ChatterBot November reevaluating
ChatterBot Golf reevaluating
ChatterBot November reevaluating
ChatterBot Golf reevaluating
ChatterBot Lima reevaluating
ChatterBot November reevaluating
ChatterBot Golf reevaluating
ChatterBot Lima reevaluating
2024-10-14 13:36:26.336218 India: Uniform and Charlie we want you to join our group
2024-10-14 13:36:26.346976 Charlie: Yes
2024-10-14 13:36:26.347553 Uniform: No
2024-10-14 13:36:26.412525 Golf: We should add Victor
ChatterBot November reevaluating
2024-10-14 13:36:26.444085 November: No
ChatterBot Golf reevaluating
2024-10-14 13:36:26.463523 Uniform: Same as last round
2024-10-14 13:36:26.464756 Hotel: Uniform and Lima, sending you 1
2024-10-14 13:36:26.465819 Charlie: Uniform, Hotel and Whiskey, sending you 1
2024-10-14 13:36:26.508758 Juliett: Uniform, Charlie, Victor and Lima, sending you 1
2024-10-14 13:36:26.510821 Hotel: Charlie, Whiskey and Victor, sending you 2
2024-10-14 13:36:26.512645 Whiskey: Uniform, Hotel, Charlie and Lima, sending you 1
2024-10-14 13:36:26.514561 Charlie: Victor, Lima, India and Juliett, sending you 2
2024-10-14 13:36:26.516877 Victor: Uniform, Hotel, Charlie, Whiskey, India and Juliett, sending you 2
2024-10-14 13:36:26.519587 Juliett: Hotel, sending you 4
2024-10-14 13:36:26.521691 Hotel: India, sending you 4
2024-10-14 13:36:26.523463 Whiskey: Victor and Juliett, sending you 2
2024-10-14 13:36:26.525212 Victor: Lima, sending you 1
2024-10-14 13:36:26.527281 India: Uniform, Charlie and Lima, sending you 1
2024-10-14 13:36:26.529517 Golf: Same as last round
2024-10-14 13:36:26.530580 Lima: Hotel, Charlie, Whiskey, Victor and Juliett, sending you 1
2024-10-14 13:36:26.531293 Juliett: Whiskey and India, sending you 2
2024-10-14 13:36:26.532595 Hotel: Juliett, sending you 3
2024-10-14 13:36:26.533243 Whiskey: India, sending you 3
2024-10-14 13:36:26.534936 November: Uniform, sending you 3
2024-10-14 13:36:26.535288 India: Hotel, sending you 3
2024-10-14 13:36:26.564036 November: Golf, sending you 8
2024-10-14 13:36:26.564769 India: Whiskey, Victor and Juliett, sending you 2
chatterbot Uniform submitting transactions
chatterbot Lima submitting transactions
chatterbot Golf submitting transactions
chatterbot Whiskey submitting transactions
chatterbot Hotel submitting transactions
chatterbot November submitting transactions
chatterbot Charlie submitting transactions
chatterbot India submitting transactions
chatterbot Victor submitting transactions
chatterbot Juliett submitting transactions
ChatterBot Uniform round 4
ChatterBot Hotel round 4
ChatterBot Charlie round 4
ChatterBot Whiskey round 4
ChatterBot Golf round 4
ChatterBot Victor round 4
ChatterBot November round 4
ChatterBot Lima round 4
ChatterBot India round 4
ChatterBot Juliett round 4
2024-10-14 13:36:27.594105 Uniform: We should add Charlie
2024-10-14 13:36:27.604258 Victor: Yes
2024-10-14 13:36:27.636770 Golf: We should add Lima
ChatterBot November reevaluating
2024-10-14 13:36:27.643660 November: Yes
ChatterBot Golf reevaluating
2024-10-14 13:36:27.667169 November: We should add Charlie and Victor
ChatterBot Golf reevaluating
2024-10-14 13:36:27.681215 Golf: No
2024-10-14 13:36:27.681422 Uniform: Yes
ChatterBot November reevaluating
ChatterBot November reevaluating
ChatterBot Golf reevaluating
2024-10-14 13:36:27.719968 Lima: We should drop Uniform
ChatterBot Charlie reevaluating
2024-10-14 13:36:27.748738 Charlie: Yes
2024-10-14 13:36:27.748907 Victor: No
2024-10-14 13:36:27.749016 Hotel: No
2024-10-14 13:36:27.749147 Whiskey: No
2024-10-14 13:36:27.749275 India: No
2024-10-14 13:36:27.749423 Juliett: No
ChatterBot Hotel reevaluating
ChatterBot Juliett reevaluating
ChatterBot Charlie reevaluating
ChatterBot Hotel reevaluating
ChatterBot Whiskey reevaluating
ChatterBot Juliett reevaluating
ChatterBot Charlie reevaluating
ChatterBot Whiskey reevaluating
ChatterBot Juliett reevaluating
ChatterBot Charlie reevaluating
ChatterBot Hotel reevaluating
ChatterBot Juliett reevaluating
ChatterBot Charlie reevaluating
ChatterBot Hotel reevaluating
ChatterBot Whiskey reevaluating
ChatterBot Juliett reevaluating
ChatterBot Charlie reevaluating
ChatterBot Hotel reevaluating
ChatterBot Whiskey reevaluating
2024-10-14 13:36:28.019067 Uniform: Charlie we want you to join our group
ChatterBot Charlie reevaluating
2024-10-14 13:36:28.027432 Charlie: Yes
2024-10-14 13:36:28.049760 Charlie: We should drop Lima
ChatterBot Hotel reevaluating
ChatterBot Whiskey reevaluating
ChatterBot Juliett reevaluating
2024-10-14 13:36:28.093172 Uniform: Yes
2024-10-14 13:36:28.093394 Victor: No
2024-10-14 13:36:28.093561 Hotel: No
2024-10-14 13:36:28.093734 Whiskey: No
2024-10-14 13:36:28.093968 India: No
2024-10-14 13:36:28.094157 Juliett: Yes
ChatterBot Charlie reevaluating
ChatterBot Hotel reevaluating
ChatterBot Whiskey reevaluating
ChatterBot Juliett reevaluating
ChatterBot Charlie reevaluating
ChatterBot Hotel reevaluating
ChatterBot Whiskey reevaluating
ChatterBot India reevaluating
ChatterBot Juliett reevaluating
ChatterBot Charlie reevaluating
ChatterBot Whiskey reevaluating
ChatterBot India reevaluating
ChatterBot Juliett reevaluating
ChatterBot Charlie reevaluating
ChatterBot Hotel reevaluating
ChatterBot India reevaluating
ChatterBot Juliett reevaluating
ChatterBot Charlie reevaluating
ChatterBot Hotel reevaluating
ChatterBot Whiskey reevaluating
ChatterBot Juliett reevaluating
ChatterBot Charlie reevaluating
ChatterBot Victor reevaluating
ChatterBot Hotel reevaluating
ChatterBot Whiskey reevaluating
ChatterBot India reevaluating
2024-10-14 13:36:28.269025 Golf: Lima we want you to join our group
2024-10-14 13:36:28.275090 Lima: No
ChatterBot Golf reevaluating
chatterbot India submitting transactions
chatterbot Uniform submitting transactions
2024-10-14 13:36:28.327880 Lima: Hotel, Charlie, Whiskey, Victor and Juliett, sending you 1
2024-10-14 13:36:28.331107 Uniform: Charlie, sending you 2
2024-10-14 13:36:28.334670 Uniform: Victor, sending you 3
2024-10-14 13:36:28.336684 India: Hotel, sending you 3
2024-10-14 13:36:28.340192 November: Sending you 11
2024-10-14 13:36:28.344331 India: Charlie, Whiskey, Victor and Juliett, sending you 2
2024-10-14 13:36:28.349695 India: Lima, sending you 1
2024-10-14 13:36:28.352145 Juliett: Hotel and India, sending you 3
2024-10-14 13:36:28.352973 Golf: November, sending you 2
2024-10-14 13:36:28.354221 Hotel: Charlie and Whiskey, sending you 2
2024-10-14 13:36:28.356764 Charlie: Uniform, sending you 1
2024-10-14 13:36:28.360309 Juliett: Charlie, Whiskey and Victor, sending you 2
2024-10-14 13:36:28.362519 Golf: Lima, sending you 3
2024-10-14 13:36:28.363917 Whiskey: Hotel, Victor, Lima, India and Juliett, sending you 2
2024-10-14 13:36:28.365723 Hotel: Victor, sending you 3
2024-10-14 13:36:28.366671 Charlie: Hotel, Whiskey, Victor, India and Juliett, sending you 2
2024-10-14 13:36:28.369665 Hotel: India and Juliett, sending you 4
2024-10-14 13:36:28.370686 Whiskey: Charlie, sending you 1
chatterbot Golf submitting transactions
chatterbot Victor submitting transactions
chatterbot November submitting transactions
chatterbot Golf submitting transactions
chatterbot Whiskey submitting transactions
chatterbot India submitting transactions
chatterbot Lima submitting transactions
chatterbot Charlie submitting transactions
chatterbot Hotel submitting transactions
chatterbot Juliett submitting transactions
ChatterBot Uniform round 5
ChatterBot Hotel round 5
ChatterBot Charlie round 5
ChatterBot Whiskey round 5
ChatterBot Golf round 5
ChatterBot Victor round 5
ChatterBot November round 5
ChatterBot Lima round 5
ChatterBot India round 5
ChatterBot Juliett round 5
2024-10-14 13:36:29.288518 Golf: We should replace Lima with Whiskey
2024-10-14 13:36:29.295102 November: No
ChatterBot Golf reevaluating
2024-10-14 13:36:29.345221 Juliett: We should replace Uniform with Lima
ChatterBot Hotel reevaluating
ChatterBot Charlie reevaluating
ChatterBot Victor reevaluating
2024-10-14 13:36:29.384280 Hotel: Yes
2024-10-14 13:36:29.384437 Charlie: Yes
2024-10-14 13:36:29.384585 Whiskey: Yes
2024-10-14 13:36:29.384761 Victor: No
2024-10-14 13:36:29.385516 India: Yes
ChatterBot Charlie reevaluating
ChatterBot Victor reevaluating
ChatterBot Hotel reevaluating
ChatterBot Victor reevaluating
ChatterBot Juliett reevaluating
ChatterBot Hotel reevaluating
ChatterBot Charlie reevaluating
ChatterBot Victor reevaluating
ChatterBot Juliett reevaluating
ChatterBot Hotel reevaluating
ChatterBot Charlie reevaluating
ChatterBot Juliett reevaluating
ChatterBot Hotel reevaluating
ChatterBot Charlie reevaluating
ChatterBot Victor reevaluating
2024-10-14 13:36:29.563755 Uniform: We should drop Victor
ChatterBot Charlie reevaluating
2024-10-14 13:36:29.570677 Charlie: No
2024-10-14 13:36:29.575820 India: We should drop Uniform
ChatterBot Charlie reevaluating
ChatterBot Victor reevaluating
ChatterBot Hotel reevaluating
ChatterBot Juliett reevaluating
2024-10-14 13:36:29.606095 Lima: Yes
2024-10-14 13:36:29.606731 Charlie: Yes
2024-10-14 13:36:29.606881 Victor: No
2024-10-14 13:36:29.607019 Hotel: Yes
2024-10-14 13:36:29.607179 Whiskey: Yes
2024-10-14 13:36:29.607292 Juliett: Yes
ChatterBot Charlie reevaluating
ChatterBot Victor reevaluating
ChatterBot Hotel reevaluating
ChatterBot Juliett reevaluating
ChatterBot Victor reevaluating
ChatterBot Hotel reevaluating
ChatterBot Juliett reevaluating
ChatterBot Charlie reevaluating
ChatterBot Hotel reevaluating
ChatterBot Juliett reevaluating
ChatterBot Charlie reevaluating
ChatterBot Victor reevaluating
ChatterBot Juliett reevaluating
ChatterBot Charlie reevaluating
ChatterBot Victor reevaluating
ChatterBot Hotel reevaluating
ChatterBot Juliett reevaluating
ChatterBot Charlie reevaluating
ChatterBot Victor reevaluating
ChatterBot Hotel reevaluating
chatterbot Victor submitting transactions
2024-10-14 13:36:29.831879 Whiskey: Hotel, Charlie, Victor, India and Juliett, sending you 2
2024-10-14 13:36:29.832947 Lima: Hotel, Charlie, Whiskey, India and Juliett, sending you 1
2024-10-14 13:36:29.833416 Juliett: Lima we want you to join our group
2024-10-14 13:36:29.837590 Lima: Yes
ChatterBot Charlie reevaluating
ChatterBot Hotel reevaluating
ChatterBot Juliett reevaluating
2024-10-14 13:36:29.867249 November: Same as last round
2024-10-14 13:36:29.868743 Whiskey: Lima, sending you 1
2024-10-14 13:36:29.872194 Victor: Lima we want you to join our group
2024-10-14 13:36:29.895746 Lima: Yes
ChatterBot Hotel reevaluating
ChatterBot Juliett reevaluating
2024-10-14 13:36:29.939714 Charlie: Lima we want you to join our group
2024-10-14 13:36:29.948177 Lima: Yes
ChatterBot Hotel reevaluating
ChatterBot Juliett reevaluating
2024-10-14 13:36:29.975648 India: Hotel, sending you 3
chatterbot Lima submitting transactions
2024-10-14 13:36:29.977385 Uniform: Sending you 4
2024-10-14 13:36:29.977839 Golf: November, sending you 2
2024-10-14 13:36:29.979733 India: Charlie, Whiskey, Victor and Juliett, sending you 2
2024-10-14 13:36:29.981534 Hotel: Lima we want you to join our group
2024-10-14 13:36:29.987784 Lima: Yes
2024-10-14 13:36:30.025229 Golf: Lima, sending you 3
2024-10-14 13:36:30.025607 India: Lima, sending you 1
chatterbot India submitting transactions
2024-10-14 13:36:30.031109 Charlie: Hotel, Victor, Lima, India and Juliett, sending you 2
2024-10-14 13:36:30.036671 Charlie: Whiskey, sending you 1
2024-10-14 13:36:30.041663 Juliett: Hotel, sending you 3
2024-10-14 13:36:30.044678 Juliett: Charlie, Whiskey, Victor and India, sending you 2
2024-10-14 13:36:30.045782 Hotel: Charlie, Whiskey and Victor, sending you 2
2024-10-14 13:36:30.048013 Juliett: Lima, sending you 1
2024-10-14 13:36:30.049668 Hotel: Lima, sending you 1
2024-10-14 13:36:30.054679 Hotel: India and Juliett, sending you 4
chatterbot Charlie submitting transactions
chatterbot Juliett submitting transactions
chatterbot Golf submitting transactions
chatterbot November submitting transactions
chatterbot Whiskey submitting transactions
chatterbot Uniform submitting transactions
chatterbot Victor submitting transactions
chatterbot Hotel submitting transactions
ChatterBot Uniform round 6
ChatterBot Hotel round 6
ChatterBot Charlie round 6
ChatterBot Whiskey round 6
ChatterBot Golf round 6
ChatterBot Victor round 6
ChatterBot November round 6
ChatterBot Lima round 6
ChatterBot India round 6
ChatterBot Juliett round 6
2024-10-14 13:36:31.114159 Victor: We should replace Uniform with Lima
2024-10-14 13:36:31.154062 Juliett: Yes
2024-10-14 13:36:31.154551 Hotel: Yes
2024-10-14 13:36:31.155724 Charlie: Yes
2024-10-14 13:36:31.156069 Whiskey: Yes
2024-10-14 13:36:31.156373 India: Yes
2024-10-14 13:36:31.328594 Victor: Lima we want you to join our group
2024-10-14 13:36:31.332643 Lima: Yes
2024-10-14 13:36:31.357678 Charlie: Hotel, Victor, Lima, India and Juliett, sending you 2
2024-10-14 13:36:31.358906 Hotel: Charlie, Whiskey and Victor, sending you 2
2024-10-14 13:36:31.359524 Whiskey: Hotel, Charlie, Victor, India and Juliett, sending you 2
2024-10-14 13:36:31.360149 Golf: November, sending you 1
2024-10-14 13:36:31.360993 Uniform: Sending you 5
2024-10-14 13:36:31.361700 Charlie: Whiskey, sending you 1
2024-10-14 13:36:31.362981 Hotel: Lima, sending you 1
2024-10-14 13:36:31.363656 Whiskey: Lima, sending you 1
2024-10-14 13:36:31.364191 Golf: Lima, sending you 3
2024-10-14 13:36:31.364981 India: Hotel, sending you 3
2024-10-14 13:36:31.365648 Juliett: Hotel, sending you 3
2024-10-14 13:36:31.366984 November: Same as last round
2024-10-14 13:36:31.367267 Hotel: India and Juliett, sending you 4
2024-10-14 13:36:31.368973 India: Charlie, Whiskey, Victor and Juliett, sending you 2
2024-10-14 13:36:31.369496 Juliett: Charlie, Whiskey, Victor and India, sending you 2
chatterbot Charlie submitting transactions
2024-10-14 13:36:31.373065 India: Lima, sending you 1
2024-10-14 13:36:31.373712 Juliett: Lima, sending you 1
2024-10-14 13:36:31.375679 Lima: Charlie, Whiskey, Victor, India and Juliett, sending you 1
chatterbot Hotel submitting transactions
chatterbot Victor submitting transactions
chatterbot November submitting transactions
chatterbot Whiskey submitting transactions
chatterbot Golf submitting transactions
chatterbot Lima submitting transactions
chatterbot Uniform submitting transactions
chatterbot India submitting transactions
chatterbot Juliett submitting transactions
ChatterBot Uniform round 7
ChatterBot Hotel round 7
ChatterBot Charlie round 7
ChatterBot Whiskey round 7
ChatterBot Golf round 7
ChatterBot Victor round 7
ChatterBot November round 7
ChatterBot Lima round 7
ChatterBot India round 7
ChatterBot Juliett round 7
2024-10-14 13:36:32.538677 Victor: We should replace Uniform with Lima
2024-10-14 13:36:32.576442 Juliett: Yes
2024-10-14 13:36:32.577059 Hotel: Yes
2024-10-14 13:36:32.577231 Charlie: Yes
2024-10-14 13:36:32.577385 Whiskey: Yes
2024-10-14 13:36:32.577534 India: Yes
2024-10-14 13:36:32.788356 Golf: We should replace Lima with Uniform
2024-10-14 13:36:32.792693 November: No
ChatterBot Golf reevaluating
2024-10-14 13:36:32.809594 Victor: Lima we want you to join our group
2024-10-14 13:36:32.816606 Lima: Yes
2024-10-14 13:36:32.844687 Charlie: Hotel, Whiskey, Victor, India and Juliett, sending you 2
2024-10-14 13:36:32.846815 Hotel: Charlie, Whiskey and Victor, sending you 2
2024-10-14 13:36:32.848539 November: Same as last round
2024-10-14 13:36:32.850684 Hotel: Lima, sending you 1
2024-10-14 13:36:32.851688 Charlie: Lima, sending you 1
2024-10-14 13:36:32.853706 India: Hotel, sending you 3
2024-10-14 13:36:32.855480 Uniform: Same as last round
2024-10-14 13:36:32.855920 Juliett: Hotel, sending you 3
2024-10-14 13:36:32.857028 Hotel: India and Juliett, sending you 4
2024-10-14 13:36:32.857756 Whiskey: Hotel, Victor, Lima, India and Juliett, sending you 2
2024-10-14 13:36:32.859041 India: Charlie, Whiskey, Victor and Juliett, sending you 2
2024-10-14 13:36:32.859787 Juliett: Charlie, Whiskey, Victor and India, sending you 2
2024-10-14 13:36:32.861700 Whiskey: Charlie, sending you 1
2024-10-14 13:36:32.863100 Lima: Charlie, Whiskey, Victor, India and Juliett, sending you 1
2024-10-14 13:36:32.863941 India: Lima, sending you 1
2024-10-14 13:36:32.865777 Juliett: Lima, sending you 1
2024-10-14 13:36:32.867679 Golf: Same as last round
chatterbot Hotel submitting transactions
chatterbot Whiskey submitting transactions
chatterbot November submitting transactions
chatterbot Charlie submitting transactions
chatterbot Victor submitting transactions
chatterbot Uniform submitting transactions
chatterbot India submitting transactions
chatterbot Juliett submitting transactions
chatterbot Golf submitting transactions
chatterbot Lima submitting transactions
ChatterBot Uniform round 8
ChatterBot Hotel round 8
ChatterBot Charlie round 8
ChatterBot Whiskey round 8
ChatterBot Golf round 8
ChatterBot Victor round 8
ChatterBot November round 8
ChatterBot Lima round 8
ChatterBot India round 8
ChatterBot Juliett round 8
2024-10-14 13:36:34.133482 Golf: We should add Uniform
ChatterBot November reevaluating
2024-10-14 13:36:34.141488 November: Yes
2024-10-14 13:36:34.152915 Victor: We should replace Uniform with Lima
2024-10-14 13:36:34.179082 Juliett: Yes
2024-10-14 13:36:34.179480 Hotel: Yes
2024-10-14 13:36:34.179781 Charlie: Yes
2024-10-14 13:36:34.179912 Whiskey: Yes
2024-10-14 13:36:34.180131 India: Yes
2024-10-14 13:36:34.360834 Golf: Uniform we want you to join our group
2024-10-14 13:36:34.366941 Uniform: No
ChatterBot November reevaluating
2024-10-14 13:36:34.381040 Victor: Lima we want you to join our group
2024-10-14 13:36:34.388461 Lima: Yes
2024-10-14 13:36:34.414307 Charlie: Hotel, Whiskey, Victor, India and Juliett, sending you 2
2024-10-14 13:36:34.417841 Hotel: Charlie, Whiskey and Victor, sending you 2
2024-10-14 13:36:34.420313 Whiskey: Hotel, Charlie, Victor, India and Juliett, sending you 2
2024-10-14 13:36:34.421899 Uniform: Same as last round
2024-10-14 13:36:34.422286 Charlie: Lima, sending you 1
2024-10-14 13:36:34.423726 Hotel: Lima, sending you 1
2024-10-14 13:36:34.429921 Whiskey: Lima, sending you 1
2024-10-14 13:36:34.431790 Lima: Charlie, Whiskey, Victor, India and Juliett, sending you 1
2024-10-14 13:36:34.433560 Hotel: India and Juliett, sending you 4
2024-10-14 13:36:34.435079 India: Hotel, sending you 3
2024-10-14 13:36:34.436628 Juliett: Hotel, sending you 3
2024-10-14 13:36:34.437966 November: Same as last round
2024-10-14 13:36:34.438736 Golf: Uniform, sending you 2
2024-10-14 13:36:34.440667 India: Charlie, Whiskey, Victor and Juliett, sending you 2
2024-10-14 13:36:34.442725 Juliett: Charlie, Whiskey, Victor and India, sending you 2
2024-10-14 13:36:34.444044 Golf: November, sending you 1
2024-10-14 13:36:34.450520 India: Lima, sending you 1
2024-10-14 13:36:34.452219 Juliett: Lima, sending you 1
chatterbot Victor submitting transactions
chatterbot November submitting transactions
chatterbot Juliett submitting transactions
chatterbot Hotel submitting transactions
chatterbot Charlie submitting transactions
chatterbot Golf submitting transactions
chatterbot Uniform submitting transactions
chatterbot Whiskey submitting transactions
chatterbot Lima submitting transactions
chatterbot India submitting transactions
ChatterBot Uniform round 9
ChatterBot Hotel round 9
ChatterBot Charlie round 9
ChatterBot Whiskey round 9
ChatterBot Golf round 9
2024-10-14 13:36:35.574812 Uniform: Group up?
ChatterBot November reevaluating
2024-10-14 13:36:35.588155 November: Yes
2024-10-14 13:36:35.588461 Golf: Yes
ChatterBot November reevaluating
ChatterBot Victor round 9
ChatterBot November round 9
ChatterBot Lima round 9
ChatterBot India round 9
ChatterBot Juliett round 9
2024-10-14 13:36:35.652491 Victor: We should replace Uniform with Lima
2024-10-14 13:36:35.672844 Juliett: Yes
2024-10-14 13:36:35.673041 Hotel: Yes
2024-10-14 13:36:35.673198 Charlie: Yes
2024-10-14 13:36:35.673351 Whiskey: Yes
2024-10-14 13:36:35.673495 India: Yes
2024-10-14 13:36:35.774170 Victor: Lima we want you to join our group
2024-10-14 13:36:35.778500 Lima: Yes
2024-10-14 13:36:35.798603 Uniform: Golf, sending you 3
2024-10-14 13:36:35.799344 Whiskey: Hotel, Charlie, Victor, India and Juliett, sending you 2
2024-10-14 13:36:35.802666 November: Golf, sending you 11
2024-10-14 13:36:35.802971 Charlie: Hotel, Whiskey, Victor, India and Juliett, sending you 2
2024-10-14 13:36:35.803695 Golf: Uniform, sending you 2
2024-10-14 13:36:35.804061 Uniform: November, sending you 2
2024-10-14 13:36:35.804797 Whiskey: Lima, sending you 1
2024-10-14 13:36:35.805744 Hotel: Charlie, Whiskey and Victor, sending you 2
2024-10-14 13:36:35.807680 Golf: November, sending you 1
2024-10-14 13:36:35.808687 Charlie: Lima, sending you 1
2024-10-14 13:36:35.810062 Hotel: Lima, sending you 1
2024-10-14 13:36:35.813662 Juliett: Hotel, sending you 3
2024-10-14 13:36:35.815424 Hotel: India and Juliett, sending you 4
2024-10-14 13:36:35.818044 Lima: Charlie, Whiskey, Victor, India and Juliett, sending you 1
2024-10-14 13:36:35.819181 Juliett: Charlie, Whiskey, Victor and India, sending you 2
2024-10-14 13:36:35.821670 India: Hotel, sending you 3
2024-10-14 13:36:35.824669 Juliett: Lima, sending you 1
2024-10-14 13:36:35.826130 India: Charlie, Whiskey, Victor and Juliett, sending you 2
2024-10-14 13:36:35.831663 India: Lima, sending you 1
chatterbot Hotel submitting transactions
chatterbot Whiskey submitting transactions
chatterbot November submitting transactions
chatterbot Victor submitting transactions
chatterbot India submitting transactions
chatterbot Lima submitting transactions
chatterbot Uniform submitting transactions
chatterbot Golf submitting transactions
chatterbot Juliett submitting transactions
chatterbot Charlie submitting transactions
ChatterBot Uniform round 10
ChatterBot Hotel round 10
ChatterBot Charlie round 10
ChatterBot Whiskey round 10
ChatterBot Golf round 10
ChatterBot Victor round 10
ChatterBot November round 10
ChatterBot Lima round 10
ChatterBot India round 10
ChatterBot Juliett round 10
2024-10-14 13:36:36.931223 Golf: We should add Lima
2024-10-14 13:36:36.937799 November: No
2024-10-14 13:36:36.937959 Uniform: No
ChatterBot Golf reevaluating
ChatterBot Golf reevaluating
2024-10-14 13:36:36.956204 Victor: We should replace Uniform with Lima
2024-10-14 13:36:36.969389 Juliett: Yes
2024-10-14 13:36:36.969551 Hotel: Yes
2024-10-14 13:36:36.969675 Charlie: Yes
2024-10-14 13:36:36.969780 Whiskey: Yes
2024-10-14 13:36:36.969880 India: Yes
2024-10-14 13:36:37.039591 Golf: We should add Charlie
2024-10-14 13:36:37.044617 November: No
2024-10-14 13:36:37.044746 Uniform: No
ChatterBot Golf reevaluating
ChatterBot Golf reevaluating
2024-10-14 13:36:37.055393 Golf: We should add Victor
2024-10-14 13:36:37.060177 November: No
2024-10-14 13:36:37.060280 Uniform: No
ChatterBot Golf reevaluating
ChatterBot Golf reevaluating
2024-10-14 13:36:37.070692 Victor: Lima we want you to join our group
2024-10-14 13:36:37.073720 Lima: Yes
2024-10-14 13:36:37.089350 Uniform: Golf, sending you 4
2024-10-14 13:36:37.091664 Lima: Charlie, Whiskey, Victor, India and Juliett, sending you 1
2024-10-14 13:36:37.092388 Hotel: Charlie, sending you 3
2024-10-14 13:36:37.093115 Uniform: November, sending you 1
2024-10-14 13:36:37.093442 Charlie: Hotel, Whiskey, Victor, India and Juliett, sending you 2
2024-10-14 13:36:37.094832 November: Uniform, sending you 4
2024-10-14 13:36:37.095216 India: Hotel, sending you 3
2024-10-14 13:36:37.095837 Whiskey: Hotel, Charlie, Victor, India and Juliett, sending you 2
2024-10-14 13:36:37.096669 Hotel: Whiskey and Victor, sending you 2
2024-10-14 13:36:37.099683 Charlie: Lima, sending you 1
2024-10-14 13:36:37.101287 November: Golf, sending you 7
2024-10-14 13:36:37.101698 India: Charlie, Whiskey, Victor and Juliett, sending you 2
2024-10-14 13:36:37.102657 Whiskey: Lima, sending you 1
2024-10-14 13:36:37.103674 Golf: Uniform, sending you 2
2024-10-14 13:36:37.104636 Hotel: India and Juliett, sending you 4
2024-10-14 13:36:37.105948 India: Lima, sending you 1
2024-10-14 13:36:37.107005 Golf: November, sending you 1
2024-10-14 13:36:37.107685 Juliett: Hotel, sending you 3
2024-10-14 13:36:37.115214 Juliett: Charlie, Whiskey, Victor and India, sending you 2
2024-10-14 13:36:37.119668 Juliett: Lima, sending you 1
chatterbot Lima submitting transactions
chatterbot India submitting transactions
chatterbot Juliett submitting transactions
chatterbot Victor submitting transactions
chatterbot Golf submitting transactions
chatterbot Uniform submitting transactions
chatterbot Whiskey submitting transactions
chatterbot Hotel submitting transactions
chatterbot November submitting transactions
chatterbot Charlie submitting transactions
ChatterBot Uniform round 11
ChatterBot Hotel round 11
ChatterBot Charlie round 11
ChatterBot Whiskey round 11
ChatterBot Golf round 11
ChatterBot Victor round 11
ChatterBot November round 11
ChatterBot Lima round 11
ChatterBot India round 11
ChatterBot Juliett round 11
2024-10-14 13:36:38.114748 Victor: We should replace Uniform with Lima
2024-10-14 13:36:38.137134 Juliett: Yes
2024-10-14 13:36:38.137784 Hotel: Yes
2024-10-14 13:36:38.138071 Charlie: Yes
2024-10-14 13:36:38.138360 Whiskey: Yes
2024-10-14 13:36:38.139192 India: Yes
2024-10-14 13:36:38.276298 Victor: Lima we want you to join our group
2024-10-14 13:36:38.283486 Lima: Yes
2024-10-14 13:36:38.325284 Uniform: Golf, sending you 3
2024-10-14 13:36:38.326411 Hotel: Charlie, sending you 3
2024-10-14 13:36:38.329036 Charlie: Hotel, Whiskey, Victor, India and Juliett, sending you 2
2024-10-14 13:36:38.332179 Whiskey: Hotel, Charlie, Victor, India and Juliett, sending you 2
2024-10-14 13:36:38.334026 Uniform: November, sending you 2
2024-10-14 13:36:38.334660 Hotel: Whiskey and Victor, sending you 2
2024-10-14 13:36:38.336962 Charlie: Lima, sending you 1
2024-10-14 13:36:38.339703 Whiskey: Lima, sending you 1
2024-10-14 13:36:38.342111 November: Uniform, sending you 4
2024-10-14 13:36:38.342944 Juliett: Hotel, sending you 3
2024-10-14 13:36:38.345044 Lima: Charlie, Whiskey, Victor, India and Juliett, sending you 1
2024-10-14 13:36:38.346343 Hotel: India and Juliett, sending you 4
2024-10-14 13:36:38.348483 India: Hotel, sending you 3
2024-10-14 13:36:38.351046 November: Golf, sending you 7
2024-10-14 13:36:38.351449 Golf: Sending you each 1
