ChatterBot India round 1
ChatterBot Zulu round 1
ChatterBot Delta round 1
ChatterBot Lima round 1
ChatterBot Victor round 1
ChatterBot Uniform round 1
ChatterBot Foxtrot round 1
ChatterBot Mike round 1
ChatterBot Juliett round 1
ChatterBot November round 1
randomSelections Lima: {Lima, Uniform, Mike, Victor, Zulu, India} 
2024-10-14 13:36:22.337175 Lima: Group up?
ChatterBot Uniform reevaluating
ChatterBot Mike reevaluating
ChatterBot Victor reevaluating
ChatterBot Zulu reevaluating
ChatterBot India reevaluating
2024-10-14 13:36:22.350756 Uniform: Yes
2024-10-14 13:36:22.350952 Mike: Yes
2024-10-14 13:36:22.351110 Victor: Yes
2024-10-14 13:36:22.351722 Zulu: Yes
2024-10-14 13:36:22.351880 India: Yes
ChatterBot Mike reevaluating
ChatterBot Victor reevaluating
ChatterBot Zulu reevaluating
ChatterBot India reevaluating
ChatterBot Uniform reevaluating
ChatterBot Victor reevaluating
ChatterBot Zulu reevaluating
ChatterBot India reevaluating
ChatterBot Uniform reevaluating
ChatterBot Mike reevaluating
ChatterBot Zulu reevaluating
ChatterBot India reevaluating
ChatterBot Uniform reevaluating
ChatterBot Mike reevaluating
ChatterBot Victor reevaluating
ChatterBot India reevaluating
ChatterBot Uniform reevaluating
ChatterBot Mike reevaluating
ChatterBot Victor reevaluating
ChatterBot Zulu reevaluating
randomSelections Juliett: {Juliett, November, Delta, Foxtrot, India, Victor} 
2024-10-14 13:36:22.403109 Juliett: Can we be friends?
ChatterBot November reevaluating
ChatterBot Delta reevaluating
ChatterBot Foxtrot reevaluating
ChatterBot India reevaluating
ChatterBot Victor reevaluating
2024-10-14 13:36:22.412510 November: Yes
2024-10-14 13:36:22.412677 Delta: Yes
2024-10-14 13:36:22.412794 Foxtrot: Yes
2024-10-14 13:36:22.412908 India: No
2024-10-14 13:36:22.413095 Victor: No
ChatterBot Delta reevaluating
ChatterBot Foxtrot reevaluating
ChatterBot India reevaluating
ChatterBot Victor reevaluating
ChatterBot November reevaluating
ChatterBot Foxtrot reevaluating
ChatterBot India reevaluating
ChatterBot Victor reevaluating
ChatterBot November reevaluating
ChatterBot Delta reevaluating
ChatterBot India reevaluating
ChatterBot Victor reevaluating
ChatterBot November reevaluating
ChatterBot Delta reevaluating
ChatterBot Foxtrot reevaluating
ChatterBot Victor reevaluating
ChatterBot November reevaluating
ChatterBot Delta reevaluating
ChatterBot Foxtrot reevaluating
ChatterBot India reevaluating
2024-10-14 13:36:22.493871 Mike: India, Lima, Victor and Uniform, sending you 1
2024-10-14 13:36:22.494484 Victor: Zulu, Lima, Uniform and Mike, sending you 1
2024-10-14 13:36:22.496693 Delta: India, sending you 1
2024-10-14 13:36:22.498168 Foxtrot: India, Delta, Victor and November, sending you 3
2024-10-14 13:36:22.499122 Lima: India, sending you 2
2024-10-14 13:36:22.499712 Zulu: India, Lima, Victor and Uniform, sending you 3
2024-10-14 13:36:22.500781 India: Zulu, sending you 1
2024-10-14 13:36:22.501198 Juliett: Delta and Foxtrot, sending you 3
2024-10-14 13:36:22.502110 Delta: Victor, Foxtrot, Juliett and November, sending you 2
2024-10-14 13:36:22.504172 November: India, sending you 1
2024-10-14 13:36:22.505238 Lima: Zulu, sending you 4
2024-10-14 13:36:22.505672 Uniform: Zulu and Mike, sending you 4
2024-10-14 13:36:22.506124 Zulu: Mike, sending you 2
2024-10-14 13:36:22.507158 Juliett: Victor, sending you 2
2024-10-14 13:36:22.507650 India: Lima, sending you 2
2024-10-14 13:36:22.508687 November: Delta, sending you 2
2024-10-14 13:36:22.510719 Lima: Victor and Uniform, sending you 1
2024-10-14 13:36:22.511694 Uniform: Lima, sending you 2
2024-10-14 13:36:22.512107 Juliett: November, sending you 4
2024-10-14 13:36:22.512461 India: Victor, sending you 5
2024-10-14 13:36:22.515523 November: Victor and Juliett, sending you 3
2024-10-14 13:36:22.516515 Lima: Mike, sending you 3
2024-10-14 13:36:22.517105 Uniform: Victor, sending you 1
2024-10-14 13:36:22.518163 India: Uniform, sending you 3
2024-10-14 13:36:22.518726 November: Foxtrot, sending you 4
2024-10-14 13:36:22.524642 India: Mike, sending you 4
chatterbot Lima submitting transactions
chatterbot Uniform submitting transactions
chatterbot Foxtrot submitting transactions
chatterbot Victor submitting transactions
chatterbot India submitting transactions
chatterbot Mike submitting transactions
chatterbot Delta submitting transactions
chatterbot Juliett submitting transactions
chatterbot Zulu submitting transactions
chatterbot November submitting transactions
ChatterBot India round 2
ChatterBot Zulu round 2
ChatterBot Delta round 2
ChatterBot Lima round 2
ChatterBot Victor round 2
ChatterBot Uniform round 2
ChatterBot Foxtrot round 2
ChatterBot Mike round 2
ChatterBot Juliett round 2
ChatterBot November round 2
2024-10-14 13:36:24.211197 Delta: We should drop India and Victor
ChatterBot Juliett reevaluating
2024-10-14 13:36:24.223207 Foxtrot: Yes
2024-10-14 13:36:24.223398 Juliett: No
2024-10-14 13:36:24.223554 November: Yes
ChatterBot Juliett reevaluating
ChatterBot Juliett reevaluating
2024-10-14 13:36:24.265708 Juliett: Let's form a team
2024-10-14 13:36:24.303962 Delta: No
2024-10-14 13:36:24.304307 Foxtrot: No
2024-10-14 13:36:24.304476 November: No
2024-10-14 13:36:24.304625 Mike: No
ChatterBot Juliett reevaluating
ChatterBot Juliett reevaluating
ChatterBot Juliett reevaluating
ChatterBot Juliett reevaluating
2024-10-14 13:36:24.406695 Zulu: We should drop Mike
2024-10-14 13:36:24.425784 India: No
2024-10-14 13:36:24.426030 Lima: No
2024-10-14 13:36:24.426191 Victor: No
2024-10-14 13:36:24.426346 Uniform: No
ChatterBot Zulu reevaluating
ChatterBot Zulu reevaluating
ChatterBot Zulu reevaluating
ChatterBot Zulu reevaluating
2024-10-14 13:36:24.783062 Zulu: We should drop Victor
2024-10-14 13:36:24.802667 India: No
2024-10-14 13:36:24.802864 Lima: No
2024-10-14 13:36:24.803019 Uniform: No
2024-10-14 13:36:24.803177 Mike: No
ChatterBot Zulu reevaluating
ChatterBot Zulu reevaluating
ChatterBot Zulu reevaluating
ChatterBot Zulu reevaluating
2024-10-14 13:36:24.875670 India: Zulu, sending you 7
2024-10-14 13:36:24.875980 Uniform: India and Zulu, sending you 4
2024-10-14 13:36:24.876602 Lima: India, Victor, Uniform and Mike, sending you 2
2024-10-14 13:36:24.876840 Mike: India, Lima and Uniform, sending you 2
chatterbot Foxtrot submitting transactions
chatterbot Victor submitting transactions
chatterbot Uniform submitting transactions
chatterbot Delta submitting transactions
2024-10-14 13:36:25.188903 India: Lima, sending you 5
2024-10-14 13:36:25.189522 Uniform: Lima, Victor and Mike, sending you 1
2024-10-14 13:36:25.189831 Lima: Zulu, sending you 3
2024-10-14 13:36:25.190087 Mike: Zulu and Victor, sending you 1
2024-10-14 13:36:25.190720 Foxtrot: Delta, sending you 3
2024-10-14 13:36:25.190943 Victor: India, sending you 3
2024-10-14 13:36:25.191217 Delta: Same as last round
chatterbot Mike submitting transactions
chatterbot Juliett submitting transactions
2024-10-14 13:36:25.192257 India: Mike, sending you 3
2024-10-14 13:36:25.524041 Foxtrot: Juliett, sending you 4
2024-10-14 13:36:25.524561 Victor: Zulu, Lima, Uniform and Mike, sending you 2
2024-10-14 13:36:25.525644 November: Delta and Foxtrot, sending you 4
2024-10-14 13:36:25.525966 Juliett: Delta, sending you 4
chatterbot India submitting transactions
chatterbot November submitting transactions
chatterbot Lima submitting transactions
2024-10-14 13:36:25.623413 Foxtrot: November, sending you 5
2024-10-14 13:36:25.623730 Juliett: Foxtrot, sending you 2
2024-10-14 13:36:25.623996 November: Juliett, sending you 5
2024-10-14 13:36:25.662132 Juliett: Mike, sending you 1
2024-10-14 13:36:25.662486 Zulu: India and Mike, sending you 2
2024-10-14 13:36:25.841125 Juliett: November, sending you 5
2024-10-14 13:36:25.841652 Zulu: Lima and Uniform, sending you 5
chatterbot Zulu submitting transactions
ChatterBot India round 3
ChatterBot Zulu round 3
ChatterBot Delta round 3
ChatterBot Lima round 3
ChatterBot Victor round 3
ChatterBot Uniform round 3
ChatterBot Foxtrot round 3
ChatterBot Mike round 3
ChatterBot Juliett round 3
ChatterBot November round 3
2024-10-14 13:36:26.257512 Zulu: We should add Victor
2024-10-14 13:36:26.268892 India: Yes
2024-10-14 13:36:26.269065 Lima: Yes
2024-10-14 13:36:26.269206 Uniform: Yes
2024-10-14 13:36:26.269325 Mike: Yes
ChatterBot Zulu reevaluating
ChatterBot Zulu reevaluating
ChatterBot Zulu reevaluating
ChatterBot Zulu reevaluating
2024-10-14 13:36:26.357871 Zulu: Victor we want you to join our group
2024-10-14 13:36:26.361779 Victor: Yes
ChatterBot Zulu reevaluating
2024-10-14 13:36:26.496374 Mike: Sending you each 2
2024-10-14 13:36:26.497696 Delta: Same as last round
2024-10-14 13:36:26.498452 Uniform: India, sending you 1
2024-10-14 13:36:26.499894 Juliett: Delta and Foxtrot, sending you 3
2024-10-14 13:36:26.501053 November: Delta, sending you 3
2024-10-14 13:36:26.501556 India: Sending you each 3
2024-10-14 13:36:26.502868 Lima: India, Victor, Uniform and Mike, sending you 2
2024-10-14 13:36:26.503476 Foxtrot: Delta and Juliett, sending you 3
2024-10-14 13:36:26.504030 Victor: India, sending you 3
2024-10-14 13:36:26.505222 Uniform: Zulu, sending you 4
2024-10-14 13:36:26.506472 November: Foxtrot and Juliett, sending you 5
2024-10-14 13:36:26.506915 Juliett: Mike, sending you 2
2024-10-14 13:36:26.507391 Lima: Zulu, sending you 3
2024-10-14 13:36:26.508648 Foxtrot: November, sending you 6
2024-10-14 13:36:26.521347 Victor: Zulu, Lima, Uniform and Mike, sending you 2
2024-10-14 13:36:26.522429 Uniform: Lima, Victor and Mike, sending you 2
2024-10-14 13:36:26.524218 Juliett: November, sending you 4
2024-10-14 13:36:26.561703 Zulu: India, Lima and Uniform, sending you 4
2024-10-14 13:36:26.565463 Zulu: Mike, sending you 2
chatterbot India submitting transactions
chatterbot Foxtrot submitting transactions
chatterbot Delta submitting transactions
chatterbot Juliett submitting transactions
chatterbot Lima submitting transactions
chatterbot Mike submitting transactions
chatterbot Zulu submitting transactions
chatterbot November submitting transactions
chatterbot Victor submitting transactions
chatterbot Uniform submitting transactions
ChatterBot India round 4
ChatterBot Zulu round 4
ChatterBot Delta round 4
ChatterBot Lima round 4
ChatterBot Victor round 4
ChatterBot Uniform round 4
ChatterBot Foxtrot round 4
ChatterBot Mike round 4
ChatterBot Juliett round 4
2024-10-14 13:36:28.745351 Zulu: We should replace Mike with Victor
2024-10-14 13:36:28.755505 India: No
2024-10-14 13:36:28.755834 Lima: No
2024-10-14 13:36:28.756080 Uniform: No
ChatterBot Zulu reevaluating
ChatterBot Zulu reevaluating
ChatterBot Zulu reevaluating
ChatterBot November round 4
2024-10-14 13:36:28.811667 Zulu: Victor we want you to join our group
2024-10-14 13:36:28.815762 Victor: Yes
ChatterBot Zulu reevaluating
2024-10-14 13:36:28.832676 India: Zulu, sending you 4
2024-10-14 13:36:28.833889 Victor: India, sending you 3
2024-10-14 13:36:28.834331 Mike: Same as last round
2024-10-14 13:36:28.834772 Delta: Same as last round
2024-10-14 13:36:28.835075 Uniform: India, Victor and Mike, sending you 2
2024-10-14 13:36:28.835888 Lima: India, Victor, Uniform and Mike, sending you 2
2024-10-14 13:36:28.836242 Foxtrot: Delta and Juliett, sending you 3
2024-10-14 13:36:28.836513 India: Lima, Victor and Mike, sending you 3
2024-10-14 13:36:28.837331 Victor: Zulu, Lima, Uniform and Mike, sending you 2
2024-10-14 13:36:28.838969 Lima: Zulu, sending you 3
2024-10-14 13:36:28.839672 Uniform: Zulu, sending you 4
2024-10-14 13:36:28.840564 Foxtrot: November, sending you 6
2024-10-14 13:36:28.840939 India: Uniform, sending you 2
2024-10-14 13:36:28.842692 Juliett: Delta and Foxtrot, sending you 3
2024-10-14 13:36:28.844086 Uniform: Lima, sending you 1
2024-10-14 13:36:28.845789 November: Delta, sending you 3
2024-10-14 13:36:28.847680 Juliett: Mike, sending you 2
2024-10-14 13:36:28.851132 November: Foxtrot and Juliett, sending you 5
2024-10-14 13:36:28.851507 Juliett: November, sending you 4
2024-10-14 13:36:28.862680 Zulu: India, Lima and Uniform, sending you 4
2024-10-14 13:36:28.867685 Zulu: Victor, sending you 2
chatterbot India submitting transactions
chatterbot Juliett submitting transactions
chatterbot Lima submitting transactions
chatterbot November submitting transactions
chatterbot Uniform submitting transactions
chatterbot Victor submitting transactions
chatterbot Zulu submitting transactions
chatterbot Delta submitting transactions
chatterbot Mike submitting transactions
chatterbot Foxtrot submitting transactions
ChatterBot India round 5
ChatterBot Zulu round 5
ChatterBot Delta round 5
ChatterBot Lima round 5
ChatterBot Victor round 5
ChatterBot Uniform round 5
ChatterBot Foxtrot round 5
ChatterBot Mike round 5
ChatterBot Juliett round 5
ChatterBot November round 5
2024-10-14 13:36:30.214035 Zulu: We should add Mike
2024-10-14 13:36:30.224286 India: Yes
2024-10-14 13:36:30.224432 Lima: Yes
2024-10-14 13:36:30.224542 Victor: Yes
2024-10-14 13:36:30.224679 Uniform: Yes
ChatterBot Zulu reevaluating
ChatterBot Zulu reevaluating
ChatterBot Zulu reevaluating
ChatterBot Zulu reevaluating
2024-10-14 13:36:30.285694 Zulu: Mike we want you to join our group
2024-10-14 13:36:30.289886 Mike: Yes
ChatterBot Zulu reevaluating
2024-10-14 13:36:30.309412 India: Zulu, sending you 4
2024-10-14 13:36:30.309941 Delta: Same as last round
2024-10-14 13:36:30.310285 Juliett: Delta and Foxtrot, sending you 3
2024-10-14 13:36:30.312696 Victor: India, sending you 3
2024-10-14 13:36:30.313244 Juliett: Mike, sending you 2
2024-10-14 13:36:30.313710 India: Lima, Victor and Mike, sending you 3
2024-10-14 13:36:30.314596 Mike: India, Lima, Victor and Uniform, sending you 2
2024-10-14 13:36:30.315154 Lima: India, Victor, Uniform and Mike, sending you 2
2024-10-14 13:36:30.315677 Uniform: India, Victor and Mike, sending you 2
2024-10-14 13:36:30.316211 Foxtrot: Delta and Juliett, sending you 3
2024-10-14 13:36:30.316905 Victor: Zulu, Lima, Uniform and Mike, sending you 2
2024-10-14 13:36:30.317705 Juliett: November, sending you 4
2024-10-14 13:36:30.317990 India: Uniform, sending you 2
2024-10-14 13:36:30.318701 Mike: Zulu, sending you 1
2024-10-14 13:36:30.319540 Lima: Zulu, sending you 3
2024-10-14 13:36:30.320691 Uniform: Zulu, sending you 4
2024-10-14 13:36:30.321698 Foxtrot: November, sending you 6
2024-10-14 13:36:30.326688 Uniform: Lima, sending you 1
2024-10-14 13:36:30.346098 Zulu: India and Lima, sending you 3
2024-10-14 13:36:30.349662 Zulu: Victor and Mike, sending you 2
2024-10-14 13:36:30.353664 Zulu: Uniform, sending you 4
chatterbot India submitting transactions
chatterbot Lima submitting transactions
chatterbot Juliett submitting transactions
chatterbot November submitting transactions
chatterbot Delta submitting transactions
chatterbot Mike submitting transactions
chatterbot Foxtrot submitting transactions
chatterbot Uniform submitting transactions
chatterbot Zulu submitting transactions
chatterbot Victor submitting transactions
ChatterBot India round 6
ChatterBot Zulu round 6
ChatterBot Delta round 6
ChatterBot Lima round 6
ChatterBot Victor round 6
ChatterBot Uniform round 6
ChatterBot Foxtrot round 6
ChatterBot Mike round 6
ChatterBot Juliett round 6
ChatterBot November round 6
2024-10-14 13:36:31.482989 Lima: We should drop Uniform
ChatterBot Zulu reevaluating
ChatterBot Mike reevaluating
2024-10-14 13:36:31.494966 India: No
2024-10-14 13:36:31.495121 Zulu: No
2024-10-14 13:36:31.495256 Victor: No
2024-10-14 13:36:31.495383 Mike: No
ChatterBot Zulu reevaluating
ChatterBot Mike reevaluating
ChatterBot Mike reevaluating
ChatterBot Lima reevaluating
ChatterBot Zulu reevaluating
ChatterBot Mike reevaluating
ChatterBot Lima reevaluating
ChatterBot Zulu reevaluating
2024-10-14 13:36:31.538635 Mike: We should add Juliett
ChatterBot Lima reevaluating
ChatterBot Zulu reevaluating
2024-10-14 13:36:31.550880 Lima: No
2024-10-14 13:36:31.551019 Uniform: No
2024-10-14 13:36:31.551142 Victor: No
2024-10-14 13:36:31.551253 Zulu: No
2024-10-14 13:36:31.551351 India: No
ChatterBot Mike reevaluating
ChatterBot Zulu reevaluating
ChatterBot Lima reevaluating
ChatterBot Mike reevaluating
ChatterBot Zulu reevaluating
ChatterBot Lima reevaluating
ChatterBot Mike reevaluating
ChatterBot Zulu reevaluating
ChatterBot Lima reevaluating
ChatterBot Mike reevaluating
ChatterBot Lima reevaluating
ChatterBot Mike reevaluating
ChatterBot Zulu reevaluating
2024-10-14 13:36:31.681409 Juliett: We should replace Mike with Zulu
2024-10-14 13:36:31.691396 Delta: No
2024-10-14 13:36:31.691800 Foxtrot: No
2024-10-14 13:36:31.691980 November: No
ChatterBot Juliett reevaluating
ChatterBot Juliett reevaluating
2024-10-14 13:36:31.721942 India: I was attacked by November
ChatterBot Lima reevaluating
ChatterBot Uniform reevaluating
ChatterBot Mike reevaluating
ChatterBot Victor reevaluating
ChatterBot Zulu reevaluating
2024-10-14 13:36:31.736603 India: I'm keeping this round to protect myself
2024-10-14 13:36:31.737583 India: Ow
2024-10-14 13:36:31.737921 Juliett: We should replace Mike with Uniform
2024-10-14 13:36:31.746064 Delta: No
2024-10-14 13:36:31.746221 Foxtrot: No
2024-10-14 13:36:31.746327 November: No
ChatterBot Juliett reevaluating
ChatterBot Juliett reevaluating
ChatterBot Foxtrot reevaluating
ChatterBot Juliett reevaluating
2024-10-14 13:36:31.771420 Delta: Same as last round
2024-10-14 13:36:31.776784 Juliett: Zulu we want you to join our group
2024-10-14 13:36:31.780099 Zulu: No
ChatterBot Juliett reevaluating
ChatterBot Foxtrot reevaluating
2024-10-14 13:36:31.791190 Juliett: We should replace Mike with Lima
ChatterBot Foxtrot reevaluating
2024-10-14 13:36:31.799344 Delta: No
2024-10-14 13:36:31.799512 Foxtrot: No
2024-10-14 13:36:31.799654 November: No
ChatterBot Foxtrot reevaluating
ChatterBot Juliett reevaluating
ChatterBot Juliett reevaluating
ChatterBot Foxtrot reevaluating
ChatterBot Juliett reevaluating
2024-10-14 13:36:31.828676 Lima: India, Victor, Uniform and Mike, sending you 2
2024-10-14 13:36:31.829340 Zulu: India and Lima, sending you 3
2024-10-14 13:36:31.829908 Uniform: India, sending you 1
2024-10-14 13:36:31.830765 November: Delta and Juliett, sending you 4
2024-10-14 13:36:31.831108 Victor: India, sending you 3
2024-10-14 13:36:31.831557 Mike: Sending you each 2
2024-10-14 13:36:31.832968 Lima: Zulu, sending you 3
2024-10-14 13:36:31.834736 Zulu: Victor and Mike, sending you 2
2024-10-14 13:36:31.835622 Uniform: Zulu, sending you 4
2024-10-14 13:36:31.836220 November: Foxtrot, sending you 5
2024-10-14 13:36:31.836625 Victor: Zulu, Lima, Uniform and Mike, sending you 2
2024-10-14 13:36:31.839686 Zulu: Uniform, sending you 4
2024-10-14 13:36:31.840681 Uniform: Lima, Victor and Mike, sending you 2
2024-10-14 13:36:31.845657 Foxtrot: Delta, sending you 3
2024-10-14 13:36:31.850659 Foxtrot: Juliett, sending you 4
2024-10-14 13:36:31.853653 Juliett: Zulu, sending you 2
2024-10-14 13:36:31.853992 Foxtrot: November, sending you 5
2024-10-14 13:36:31.858680 Juliett: Delta and Foxtrot, sending you 3
2024-10-14 13:36:31.862676 Juliett: November, sending you 4
chatterbot Uniform submitting transactions
chatterbot November submitting transactions
chatterbot Delta submitting transactions
chatterbot Juliett submitting transactions
chatterbot Victor submitting transactions
chatterbot Mike submitting transactions
chatterbot Foxtrot submitting transactions
chatterbot India submitting transactions
chatterbot Zulu submitting transactions
chatterbot Lima submitting transactions
ChatterBot India round 7
ChatterBot Zulu round 7
ChatterBot Delta round 7
ChatterBot Lima round 7
ChatterBot Victor round 7
ChatterBot Uniform round 7
ChatterBot Foxtrot round 7
ChatterBot Mike round 7
ChatterBot Juliett round 7
ChatterBot November round 7
2024-10-14 13:36:32.995652 Juliett: We should replace Zulu with Uniform
2024-10-14 13:36:33.005415 Delta: No
2024-10-14 13:36:33.005588 Foxtrot: No
2024-10-14 13:36:33.005771 November: No
ChatterBot Juliett reevaluating
ChatterBot Juliett reevaluating
ChatterBot Juliett reevaluating
2024-10-14 13:36:33.038786 Juliett: Uniform we want you to join our group
2024-10-14 13:36:33.041991 Uniform: No
ChatterBot Juliett reevaluating
2024-10-14 13:36:33.053865 Juliett: We should replace Zulu with Lima
2024-10-14 13:36:33.062248 Delta: No
2024-10-14 13:36:33.062464 Foxtrot: No
2024-10-14 13:36:33.062626 November: No
ChatterBot Juliett reevaluating
ChatterBot Juliett reevaluating
ChatterBot Juliett reevaluating
2024-10-14 13:36:33.087900 Zulu: India and Lima, sending you 3
2024-10-14 13:36:33.091663 Lima: India, Victor, Uniform and Mike, sending you 2
2024-10-14 13:36:33.092320 Foxtrot: Delta, sending you 3
2024-10-14 13:36:33.093147 Zulu: Victor and Mike, sending you 2
2024-10-14 13:36:33.093625 Mike: Same as last round
2024-10-14 13:36:33.094043 Delta: Same as last round
2024-10-14 13:36:33.094303 Uniform: India, sending you 1
2024-10-14 13:36:33.094724 November: Delta and Juliett, sending you 4
2024-10-14 13:36:33.095936 Lima: Zulu, sending you 3
2024-10-14 13:36:33.096760 Zulu: Uniform, sending you 4
2024-10-14 13:36:33.097394 Foxtrot: Juliett, sending you 4
2024-10-14 13:36:33.097875 November: Foxtrot, sending you 5
2024-10-14 13:36:33.099678 Uniform: Zulu, sending you 4
2024-10-14 13:36:33.100691 Foxtrot: November, sending you 5
2024-10-14 13:36:33.103663 Uniform: Lima, Victor and Mike, sending you 2
2024-10-14 13:36:33.112661 Juliett: Delta and Foxtrot, sending you 3
2024-10-14 13:36:33.115673 Juliett: Uniform, sending you 2
2024-10-14 13:36:33.119673 Juliett: November, sending you 4
chatterbot Mike submitting transactions
chatterbot Juliett submitting transactions
chatterbot India submitting transactions
chatterbot Zulu submitting transactions
chatterbot Lima submitting transactions
chatterbot Uniform submitting transactions
chatterbot Foxtrot submitting transactions
chatterbot November submitting transactions
chatterbot Delta submitting transactions
chatterbot Victor submitting transactions
ChatterBot India round 8
ChatterBot Zulu round 8
ChatterBot Delta round 8
ChatterBot Lima round 8
ChatterBot Victor round 8
ChatterBot Uniform round 8
ChatterBot Foxtrot round 8
ChatterBot Mike round 8
ChatterBot Juliett round 8
ChatterBot November round 8
2024-10-14 13:36:34.283691 Juliett: We should replace Uniform with Mike
ChatterBot Delta reevaluating
ChatterBot Foxtrot reevaluating
2024-10-14 13:36:34.294388 Delta: No
2024-10-14 13:36:34.294989 Foxtrot: No
2024-10-14 13:36:34.295249 November: No
ChatterBot Foxtrot reevaluating
ChatterBot Juliett reevaluating
ChatterBot Delta reevaluating
ChatterBot Juliett reevaluating
ChatterBot Delta reevaluating
ChatterBot Foxtrot reevaluating
ChatterBot Juliett reevaluating
2024-10-14 13:36:34.337043 Zulu: We should drop Victor
ChatterBot Lima reevaluating
ChatterBot Mike reevaluating
2024-10-14 13:36:34.352066 India: No
2024-10-14 13:36:34.352220 Lima: Yes
2024-10-14 13:36:34.352808 Uniform: No
2024-10-14 13:36:34.352963 Mike: No
ChatterBot Zulu reevaluating
ChatterBot Lima reevaluating
ChatterBot Mike reevaluating
ChatterBot Zulu reevaluating
ChatterBot Mike reevaluating
ChatterBot Zulu reevaluating
ChatterBot Lima reevaluating
ChatterBot Mike reevaluating
ChatterBot Zulu reevaluating
ChatterBot Lima reevaluating
2024-10-14 13:36:34.417793 Juliett: We should replace Uniform with Lima
ChatterBot Delta reevaluating
ChatterBot Foxtrot reevaluating
2024-10-14 13:36:34.428585 Delta: Yes
2024-10-14 13:36:34.429186 Foxtrot: No
2024-10-14 13:36:34.429316 November: No
ChatterBot Foxtrot reevaluating
ChatterBot Juliett reevaluating
ChatterBot Delta reevaluating
ChatterBot Juliett reevaluating
ChatterBot Delta reevaluating
ChatterBot Foxtrot reevaluating
ChatterBot Juliett reevaluating
2024-10-14 13:36:34.462904 Victor: India, Zulu, Lima and Uniform, sending you 2
2024-10-14 13:36:34.465520 Uniform: India, sending you 1
2024-10-14 13:36:34.466984 Juliett: Lima we want you to join our group
2024-10-14 13:36:34.470362 Lima: No
ChatterBot Juliett reevaluating
ChatterBot Delta reevaluating
2024-10-14 13:36:34.483104 Victor: Mike, sending you 3
2024-10-14 13:36:34.483792 Uniform: Zulu, sending you 4
2024-10-14 13:36:34.487666 Uniform: Lima, Victor and Mike, sending you 2
2024-10-14 13:36:34.488797 November: Delta and Juliett, sending you 4
2024-10-14 13:36:34.489275 Mike: India, Zulu and Lima, sending you 2
2024-10-14 13:36:34.490034 Zulu: India, Victor and Mike, sending you 2
2024-10-14 13:36:34.491012 Lima: India, Victor, Uniform and Mike, sending you 2
2024-10-14 13:36:34.492087 November: Foxtrot, sending you 5
2024-10-14 13:36:34.493959 Mike: Victor, sending you 1
2024-10-14 13:36:34.494899 Zulu: Lima, sending you 3
2024-10-14 13:36:34.496366 Lima: Zulu, sending you 3
2024-10-14 13:36:34.497756 Foxtrot: Delta and Juliett, sending you 3
2024-10-14 13:36:34.498677 Mike: Uniform, sending you 3
2024-10-14 13:36:34.500067 Zulu: Uniform, sending you 5
2024-10-14 13:36:34.502790 Foxtrot: November, sending you 6
2024-10-14 13:36:34.512678 Juliett: Delta and Foxtrot, sending you 3
2024-10-14 13:36:34.516685 Juliett: Lima, sending you 2
2024-10-14 13:36:34.521678 Juliett: November, sending you 4
chatterbot India submitting transactions
chatterbot Victor submitting transactions
chatterbot Foxtrot submitting transactions
chatterbot Mike submitting transactions
chatterbot Delta submitting transactions
chatterbot Uniform submitting transactions
chatterbot Juliett submitting transactions
chatterbot November submitting transactions
chatterbot Lima submitting transactions
chatterbot Zulu submitting transactions
ChatterBot India round 9
ChatterBot Zulu round 9
ChatterBot Delta round 9
ChatterBot Lima round 9
ChatterBot Victor round 9
ChatterBot Uniform round 9
ChatterBot Foxtrot round 9
ChatterBot Mike round 9
ChatterBot Juliett round 9
ChatterBot November round 9
2024-10-14 13:36:35.669429 Zulu: We should drop India
ChatterBot Lima reevaluating
ChatterBot Mike reevaluating
2024-10-14 13:36:35.682395 Lima: Yes
2024-10-14 13:36:35.682558 Victor: No
2024-10-14 13:36:35.682698 Uniform: No
2024-10-14 13:36:35.682881 Mike: No
ChatterBot Victor reevaluating
ChatterBot Mike reevaluating
ChatterBot Zulu reevaluating
ChatterBot Lima reevaluating
ChatterBot Mike reevaluating
ChatterBot Zulu reevaluating
ChatterBot Lima reevaluating
ChatterBot Victor reevaluating
ChatterBot Mike reevaluating
ChatterBot Zulu reevaluating
ChatterBot Lima reevaluating
ChatterBot Victor reevaluating
2024-10-14 13:36:35.745054 Mike: We should add Foxtrot
ChatterBot Lima reevaluating
ChatterBot Victor reevaluating
ChatterBot Zulu reevaluating
2024-10-14 13:36:35.759866 Lima: No
2024-10-14 13:36:35.760013 Uniform: No
2024-10-14 13:36:35.760166 Victor: Yes
2024-10-14 13:36:35.760282 Zulu: No
2024-10-14 13:36:35.760382 India: No
ChatterBot Mike reevaluating
ChatterBot Victor reevaluating
ChatterBot Zulu reevaluating
ChatterBot Lima reevaluating
ChatterBot Mike reevaluating
ChatterBot Victor reevaluating
ChatterBot Zulu reevaluating
ChatterBot India reevaluating
ChatterBot Lima reevaluating
ChatterBot Mike reevaluating
ChatterBot Zulu reevaluating
ChatterBot India reevaluating
ChatterBot Lima reevaluating
ChatterBot Mike reevaluating
ChatterBot Victor reevaluating
ChatterBot India reevaluating
ChatterBot Lima reevaluating
ChatterBot Mike reevaluating
ChatterBot Victor reevaluating
ChatterBot Zulu reevaluating
2024-10-14 13:36:35.837190 Juliett: We should replace Lima with Zulu
2024-10-14 13:36:35.843789 Delta: No
2024-10-14 13:36:35.843939 Foxtrot: No
2024-10-14 13:36:35.844049 November: No
ChatterBot Juliett reevaluating
ChatterBot Juliett reevaluating
ChatterBot Juliett reevaluating
2024-10-14 13:36:35.865153 Mike: We should add Delta
ChatterBot Lima reevaluating
ChatterBot Victor reevaluating
ChatterBot Zulu reevaluating
ChatterBot India reevaluating
2024-10-14 13:36:35.878151 Lima: No
2024-10-14 13:36:35.878292 Uniform: No
2024-10-14 13:36:35.878421 Victor: Yes
2024-10-14 13:36:35.878536 Zulu: No
2024-10-14 13:36:35.878651 India: No
ChatterBot Mike reevaluating
ChatterBot Victor reevaluating
ChatterBot Zulu reevaluating
ChatterBot India reevaluating
ChatterBot Lima reevaluating
ChatterBot Mike reevaluating
ChatterBot Victor reevaluating
ChatterBot Zulu reevaluating
ChatterBot India reevaluating
ChatterBot Lima reevaluating
ChatterBot Mike reevaluating
ChatterBot Zulu reevaluating
ChatterBot India reevaluating
ChatterBot Lima reevaluating
ChatterBot Mike reevaluating
ChatterBot Victor reevaluating
ChatterBot India reevaluating
ChatterBot Lima reevaluating
ChatterBot Mike reevaluating
ChatterBot Victor reevaluating
ChatterBot Zulu reevaluating
2024-10-14 13:36:35.944293 Juliett: We should replace Lima with Uniform
2024-10-14 13:36:35.951853 Delta: No
2024-10-14 13:36:35.951997 Foxtrot: No
2024-10-14 13:36:35.952103 November: No
ChatterBot Juliett reevaluating
ChatterBot Juliett reevaluating
ChatterBot Juliett reevaluating
2024-10-14 13:36:36.033347 Foxtrot: Delta, sending you 2
2024-10-14 13:36:36.034711 Uniform: India, sending you 1
2024-10-14 13:36:36.037484 November: Delta and Juliett, sending you 4
2024-10-14 13:36:36.038236 Foxtrot: Juliett, sending you 4
2024-10-14 13:36:36.040699 Uniform: Zulu, sending you 4
2024-10-14 13:36:36.043286 November: Foxtrot, sending you 5
2024-10-14 13:36:36.044296 Foxtrot: November, sending you 6
2024-10-14 13:36:36.045747 Lima: Zulu, Uniform and Mike, sending you 3
2024-10-14 13:36:36.046525 Zulu: India, Victor and Mike, sending you 2
2024-10-14 13:36:36.048335 Uniform: Lima, Victor and Mike, sending you 2
2024-10-14 13:36:36.049936 Lima: Victor, sending you 2
2024-10-14 13:36:36.050576 Mike: India, sending you 1
2024-10-14 13:36:36.053589 Zulu: Lima, sending you 3
2024-10-14 13:36:36.057403 Juliett: Delta and Foxtrot, sending you 3
2024-10-14 13:36:36.059758 Victor: India, Zulu, Uniform and Mike, sending you 2
2024-10-14 13:36:36.060995 India: Zulu, sending you 4
chatterbot Delta submitting transactions
2024-10-14 13:36:36.065116 Mike: Zulu and Victor, sending you 2
2024-10-14 13:36:36.066635 Zulu: Uniform, sending you 5
2024-10-14 13:36:36.068494 Juliett: Lima, sending you 2
2024-10-14 13:36:36.069127 Victor: Lima, sending you 3
2024-10-14 13:36:36.071948 India: Lima, Victor and Mike, sending you 3
2024-10-14 13:36:36.074427 Mike: Lima and Uniform, sending you 3
2024-10-14 13:36:36.077136 Juliett: November, sending you 4
2024-10-14 13:36:36.078680 India: Uniform, sending you 2
chatterbot Uniform submitting transactions
chatterbot India submitting transactions
chatterbot November submitting transactions
chatterbot Victor submitting transactions
chatterbot Zulu submitting transactions
chatterbot Juliett submitting transactions
chatterbot Foxtrot submitting transactions
chatterbot Lima submitting transactions
chatterbot Mike submitting transactions
ChatterBot India round 10
ChatterBot Zulu round 10
ChatterBot Delta round 10
ChatterBot Lima round 10
ChatterBot Victor round 10
ChatterBot Uniform round 10
ChatterBot Foxtrot round 10
ChatterBot Mike round 10
ChatterBot Juliett round 10
ChatterBot November round 10
2024-10-14 13:36:37.229333 Lima: We should replace Zulu with India
2024-10-14 13:36:37.239006 Victor: No
2024-10-14 13:36:37.239157 Uniform: No
2024-10-14 13:36:37.239286 Mike: No
2024-10-14 13:36:37.275883 Lima: India we want you to join our group
2024-10-14 13:36:37.278674 India: Yes
ChatterBot Uniform reevaluating
2024-10-14 13:36:37.292698 India: Zulu, sending you 4
2024-10-14 13:36:37.294022 Zulu: India and Lima, sending you 3
2024-10-14 13:36:37.294964 Victor: India, Zulu, Lima and Mike, sending you 2
2024-10-14 13:36:37.295866 Delta: Foxtrot and November, sending you 2
2024-10-14 13:36:37.297675 Zulu: Victor and Mike, sending you 2
2024-10-14 13:36:37.298681 India: Lima, Victor and Mike, sending you 3
2024-10-14 13:36:37.300699 Victor: Uniform, sending you 3
2024-10-14 13:36:37.301794 Delta: Juliett, sending you 1
2024-10-14 13:36:37.302255 Zulu: Uniform, sending you 4
2024-10-14 13:36:37.303048 Foxtrot: Delta, sending you 2
2024-10-14 13:36:37.303456 India: Uniform, sending you 2
2024-10-14 13:36:37.306936 Foxtrot: Juliett, sending you 4
2024-10-14 13:36:37.307293 Lima: India, sending you 2
2024-10-14 13:36:37.308696 November: Delta, sending you 3
2024-10-14 13:36:37.309214 Mike: India, Zulu, Victor and Uniform, sending you 2
2024-10-14 13:36:37.310651 Foxtrot: November, sending you 6
2024-10-14 13:36:37.311703 Lima: Victor, Uniform and Mike, sending you 3
2024-10-14 13:36:37.312078 November: Foxtrot, sending you 6
2024-10-14 13:36:37.313679 Juliett: Delta, sending you 3
2024-10-14 13:36:37.314672 Mike: Lima, sending you 3
2024-10-14 13:36:37.316698 November: Juliett, sending you 4
2024-10-14 13:36:37.318671 Juliett: Lima, sending you 1
2024-10-14 13:36:37.321697 Uniform: India, sending you 1
2024-10-14 13:36:37.322824 Juliett: Foxtrot and November, sending you 4
2024-10-14 13:36:37.327664 Uniform: Zulu, sending you 4
2024-10-14 13:36:37.333603 Uniform: Lima, Victor and Mike, sending you 2
chatterbot Delta submitting transactions
chatterbot Victor submitting transactions
chatterbot Juliett submitting transactions
chatterbot Lima submitting transactions
chatterbot Zulu submitting transactions
chatterbot Foxtrot submitting transactions
chatterbot November submitting transactions
chatterbot Mike submitting transactions
chatterbot Uniform submitting transactions
chatterbot India submitting transactions
ChatterBot India round 11
ChatterBot Zulu round 11
ChatterBot Delta round 11
ChatterBot Lima round 11
ChatterBot Victor round 11
ChatterBot Uniform round 11
ChatterBot Foxtrot round 11
ChatterBot Mike round 11
ChatterBot Juliett round 11
ChatterBot November round 11
2024-10-14 13:36:38.433816 Juliett: We should replace Lima with Zulu
2024-10-14 13:36:38.444691 Delta: No
2024-10-14 13:36:38.444904 Foxtrot: No
2024-10-14 13:36:38.445053 November: No
2024-10-14 13:36:38.480962 Juliett: Zulu we want you to join our group
2024-10-14 13:36:38.484753 Zulu: No
2024-10-14 13:36:38.498662 Victor: India, Zulu, Uniform and Mike, sending you 2
2024-10-14 13:36:38.500298 Foxtrot: Delta, sending you 2
2024-10-14 13:36:38.500966 India: Zulu, sending you 4
2024-10-14 13:36:38.502391 Zulu: India and Lima, sending you 3
2024-10-14 13:36:38.504060 Uniform: India, sending you 1
2024-10-14 13:36:38.505229 Delta: Foxtrot and November, sending you 2
2024-10-14 13:36:38.505832 Lima: India, Uniform and Mike, sending you 3
2024-10-14 13:36:38.507057 Victor: Lima, sending you 3
2024-10-14 13:36:38.508183 Foxtrot: Juliett, sending you 4
2024-10-14 13:36:38.508931 India: Lima, Victor and Mike, sending you 3
2024-10-14 13:36:38.510978 Zulu: Victor and Mike, sending you 2
2024-10-14 13:36:38.512758 Delta: Juliett, sending you 1
2024-10-14 13:36:38.513554 Uniform: Zulu, sending you 4
2024-10-14 13:36:38.515708 November: Delta and Juliett, sending you 4
2024-10-14 13:36:38.516596 Lima: Victor, sending you 2
2024-10-14 13:36:38.518077 Foxtrot: November, sending you 6
2024-10-14 13:36:38.518973 Juliett: Zulu, sending you 1
2024-10-14 13:36:38.520268 India: Uniform, sending you 2
2024-10-14 13:36:38.522313 Zulu: Uniform, sending you 4
2024-10-14 13:36:38.524193 Uniform: Lima, Victor and Mike, sending you 2
2024-10-14 13:36:38.526130 November: Foxtrot, sending you 5
2024-10-14 13:36:38.526865 Juliett: Delta, sending you 3
2024-10-14 13:36:38.527554 Mike: India, Zulu, Victor and Uniform, sending you 2
2024-10-14 13:36:38.530793 Juliett: Foxtrot and November, sending you 4
2024-10-14 13:36:38.532779 Mike: Lima, sending you 3
chatterbot India submitting transactions
chatterbot Juliett submitting transactions
chatterbot Victor submitting transactions
chatterbot Lima submitting transactions
chatterbot Mike submitting transactions
chatterbot Uniform submitting transactions
chatterbot November submitting transactions
chatterbot Zulu submitting transactions
chatterbot Foxtrot submitting transactions
chatterbot Delta submitting transactions
ChatterBot India round 12
ChatterBot Zulu round 12
ChatterBot Delta round 12
ChatterBot Lima round 12
ChatterBot Victor round 12
ChatterBot Uniform round 12
ChatterBot Foxtrot round 12
ChatterBot Mike round 12
ChatterBot Juliett round 12
ChatterBot November round 12
2024-10-14 13:36:39.615851 Juliett: We should replace Zulu with Uniform
2024-10-14 13:36:39.625057 Delta: No
2024-10-14 13:36:39.625344 Foxtrot: No
2024-10-14 13:36:39.625687 November: No
ChatterBot Juliett reevaluating
ChatterBot Juliett reevaluating
ChatterBot Juliett reevaluating
2024-10-14 13:36:39.680650 India: Zulu, sending you 4
2024-10-14 13:36:39.686851 India: Lima, Victor and Mike, sending you 3
2024-10-14 13:36:39.689355 Victor: India, Zulu, Uniform and Mike, sending you 2
2024-10-14 13:36:39.691604 November: Delta and Juliett, sending you 4
2024-10-14 13:36:39.693630 Juliett: Uniform we want you to join our group
2024-10-14 13:36:39.699772 Uniform: No
ChatterBot Juliett reevaluating
2024-10-14 13:36:39.712031 India: Uniform, sending you 2
2024-10-14 13:36:39.713159 Victor: Lima, sending you 3
2024-10-14 13:36:39.714571 November: Foxtrot, sending you 5
2024-10-14 13:36:39.715443 Zulu: India, sending you 3
2024-10-14 13:36:39.716842 Foxtrot: Delta, sending you 2
2024-10-14 13:36:39.717692 Lima: India, Victor and Mike, sending you 3
2024-10-14 13:36:39.718873 Delta: Foxtrot and November, sending you 2
2024-10-14 13:36:39.719540 Uniform: India, sending you 1
2024-10-14 13:36:39.721124 Mike: India, Zulu, Victor and Uniform, sending you 2
2024-10-14 13:36:39.722033 Zulu: Lima, Victor and Mike, sending you 2
2024-10-14 13:36:39.723374 Foxtrot: Juliett, sending you 4
2024-10-14 13:36:39.724053 Lima: Uniform, sending you 2
2024-10-14 13:36:39.724579 Delta: Juliett, sending you 1
2024-10-14 13:36:39.724980 Uniform: Zulu, sending you 4
2024-10-14 13:36:39.726557 Mike: Lima, sending you 3
2024-10-14 13:36:39.728888 Zulu: Uniform, sending you 5
2024-10-14 13:36:39.730236 Foxtrot: November, sending you 6
2024-10-14 13:36:39.730941 Uniform: Lima, Victor and Mike, sending you 2
2024-10-14 13:36:39.753656 Juliett: Delta, sending you 3
2024-10-14 13:36:39.756692 Juliett: Uniform, sending you 1
2024-10-14 13:36:39.762683 Juliett: Foxtrot and November, sending you 4
chatterbot India submitting transactions
chatterbot Mike submitting transactions
chatterbot November submitting transactions
chatterbot Victor submitting transactions
chatterbot Juliett submitting transactions
chatterbot Zulu submitting transactions
chatterbot Delta submitting transactions
chatterbot Uniform submitting transactions
chatterbot Foxtrot submitting transactions
chatterbot Lima submitting transactions
ChatterBot India round 13
ChatterBot Zulu round 13
ChatterBot Delta round 13
ChatterBot Lima round 13
ChatterBot Victor round 13
ChatterBot Uniform round 13
ChatterBot Foxtrot round 13
ChatterBot Mike round 13
ChatterBot Juliett round 13
ChatterBot November round 13
2024-10-14 13:36:40.895446 Zulu: We should drop Lima
ChatterBot Uniform reevaluating
2024-10-14 13:36:40.906132 India: No
2024-10-14 13:36:40.906288 Victor: No
2024-10-14 13:36:40.906402 Uniform: No
2024-10-14 13:36:40.906509 Mike: No
ChatterBot Uniform reevaluating
ChatterBot Zulu reevaluating
ChatterBot Uniform reevaluating
ChatterBot Zulu reevaluating
ChatterBot Zulu reevaluating
ChatterBot Uniform reevaluating
2024-10-14 13:36:40.949660 Lima: India, Victor and Mike, sending you 3
2024-10-14 13:36:40.950117 Victor: India, Zulu, Uniform and Mike, sending you 2
2024-10-14 13:36:40.951667 India: Zulu, sending you 4
2024-10-14 13:36:40.953527 Lima: Uniform, sending you 2
2024-10-14 13:36:40.955119 Uniform: We should drop Zulu
ChatterBot Victor reevaluating
2024-10-14 13:36:40.967444 Lima: Yes
2024-10-14 13:36:40.967652 India: No
2024-10-14 13:36:40.967839 Victor: Yes
2024-10-14 13:36:40.967995 Mike: No
ChatterBot India reevaluating
ChatterBot Victor reevaluating
ChatterBot Victor reevaluating
ChatterBot India reevaluating
ChatterBot India reevaluating
