ChatterBot November round 1
ChatterBot Zulu round 1
ChatterBot Golf round 1
ChatterBot Mike round 1
ChatterBot Foxtrot round 1
ChatterBot Quebec round 1
ChatterBot Whiskey round 1
ChatterBot Delta round 1
ChatterBot Kilo round 1
ChatterBot Echo round 1
randomSelections November: {November, Zulu, Whiskey, Mike, Quebec, Delta} 
2024-10-14 13:36:22.045875 November: We would work well together
ChatterBot Zulu reevaluating
ChatterBot Whiskey reevaluating
ChatterBot Mike reevaluating
ChatterBot Quebec reevaluating
ChatterBot Delta reevaluating
2024-10-14 13:36:22.057815 Zulu: Yes
2024-10-14 13:36:22.057964 Whiskey: Yes
2024-10-14 13:36:22.058077 Mike: Yes
2024-10-14 13:36:22.058211 Quebec: Yes
2024-10-14 13:36:22.058344 Delta: Yes
ChatterBot Whiskey reevaluating
ChatterBot Mike reevaluating
ChatterBot Quebec reevaluating
ChatterBot Delta reevaluating
ChatterBot Zulu reevaluating
ChatterBot Mike reevaluating
ChatterBot Quebec reevaluating
ChatterBot Delta reevaluating
ChatterBot Zulu reevaluating
ChatterBot Whiskey reevaluating
ChatterBot Quebec reevaluating
ChatterBot Delta reevaluating
ChatterBot Zulu reevaluating
ChatterBot Whiskey reevaluating
ChatterBot Mike reevaluating
ChatterBot Delta reevaluating
ChatterBot Zulu reevaluating
ChatterBot Whiskey reevaluating
ChatterBot Mike reevaluating
ChatterBot Quebec reevaluating
randomSelections Golf: {Golf, Delta, November, Echo, Whiskey, Mike} 
2024-10-14 13:36:22.107889 Golf: Group up?
ChatterBot Delta reevaluating
ChatterBot Echo reevaluating
ChatterBot Whiskey reevaluating
ChatterBot Mike reevaluating
2024-10-14 13:36:22.115223 Delta: No
2024-10-14 13:36:22.115413 November: No
2024-10-14 13:36:22.115544 Echo: Yes
2024-10-14 13:36:22.116094 Whiskey: No
2024-10-14 13:36:22.116240 Mike: No
ChatterBot Echo reevaluating
ChatterBot Whiskey reevaluating
ChatterBot Mike reevaluating
ChatterBot Delta reevaluating
ChatterBot Echo reevaluating
ChatterBot Whiskey reevaluating
ChatterBot Mike reevaluating
ChatterBot Delta reevaluating
ChatterBot Whiskey reevaluating
ChatterBot Mike reevaluating
ChatterBot Delta reevaluating
ChatterBot Echo reevaluating
ChatterBot Mike reevaluating
ChatterBot Delta reevaluating
ChatterBot Echo reevaluating
ChatterBot Whiskey reevaluating
randomSelections Foxtrot: {Foxtrot, November, Echo, Mike, Golf, Delta} 
2024-10-14 13:36:22.183545 Foxtrot: Can we be friends?
ChatterBot Echo reevaluating
ChatterBot Mike reevaluating
ChatterBot Delta reevaluating
2024-10-14 13:36:22.194863 November: No
2024-10-14 13:36:22.195122 Echo: No
2024-10-14 13:36:22.196168 Mike: No
2024-10-14 13:36:22.196422 Golf: No
2024-10-14 13:36:22.196683 Delta: No
ChatterBot Echo reevaluating
ChatterBot Mike reevaluating
ChatterBot Delta reevaluating
ChatterBot Mike reevaluating
ChatterBot Delta reevaluating
ChatterBot Echo reevaluating
ChatterBot Delta reevaluating
ChatterBot Echo reevaluating
ChatterBot Mike reevaluating
ChatterBot Delta reevaluating
ChatterBot Echo reevaluating
ChatterBot Mike reevaluating
randomSelections Kilo: {Kilo, Whiskey, Golf, November, Zulu, Echo} 
2024-10-14 13:36:22.254729 Kilo: Can we be friends?
ChatterBot Whiskey reevaluating
ChatterBot Zulu reevaluating
ChatterBot Echo reevaluating
2024-10-14 13:36:22.263767 Whiskey: No
2024-10-14 13:36:22.263942 Golf: No
2024-10-14 13:36:22.264070 November: No
2024-10-14 13:36:22.264248 Zulu: No
2024-10-14 13:36:22.264944 Echo: No
ChatterBot Zulu reevaluating
ChatterBot Echo reevaluating
ChatterBot Whiskey reevaluating
ChatterBot Zulu reevaluating
ChatterBot Echo reevaluating
ChatterBot Whiskey reevaluating
ChatterBot Zulu reevaluating
ChatterBot Echo reevaluating
ChatterBot Whiskey reevaluating
ChatterBot Echo reevaluating
ChatterBot Whiskey reevaluating
ChatterBot Zulu reevaluating
2024-10-14 13:36:22.324850 Golf: November and Whiskey, sending you 2
2024-10-14 13:36:22.328646 Golf: Mike, sending you 1
2024-10-14 13:36:22.329027 Quebec: November, sending you 1
2024-10-14 13:36:22.329398 Foxtrot: November, Mike and Delta, sending you 2
2024-10-14 13:36:22.332585 November: Zulu, sending you 1
2024-10-14 13:36:22.333028 Golf: Delta and Echo, sending you 3
2024-10-14 13:36:22.333467 Delta: November, sending you 3
2024-10-14 13:36:22.333849 Quebec: Zulu, sending you 3
2024-10-14 13:36:22.334786 Whiskey: November and Quebec, sending you 4
2024-10-14 13:36:22.335109 Echo: November, sending you 4
2024-10-14 13:36:22.335406 Mike: November, sending you 4
2024-10-14 13:36:22.336514 Kilo: Zulu and Whiskey, sending you 3
2024-10-14 13:36:22.336801 Foxtrot: Golf and Echo, sending you 4
2024-10-14 13:36:22.339377 November: Mike and Quebec, sending you 2
2024-10-14 13:36:22.340486 Echo: Golf and Delta, sending you 2
2024-10-14 13:36:22.340978 Delta: Zulu, sending you 2
2024-10-14 13:36:22.341387 Quebec: Mike, sending you 2
2024-10-14 13:36:22.342447 Whiskey: Zulu, sending you 3
2024-10-14 13:36:22.342763 Kilo: Golf, sending you 2
2024-10-14 13:36:22.343199 Mike: Zulu, sending you 3
2024-10-14 13:36:22.345421 November: Whiskey and Delta, sending you 3
2024-10-14 13:36:22.346763 Echo: Mike and Whiskey, sending you 1
2024-10-14 13:36:22.347296 Delta: Mike, sending you 4
2024-10-14 13:36:22.348339 Quebec: Whiskey, sending you 5
2024-10-14 13:36:22.348834 Whiskey: Mike and Delta, sending you 1
2024-10-14 13:36:22.349248 Kilo: Echo, sending you 1
2024-10-14 13:36:22.350167 Mike: Quebec and Delta, sending you 2
2024-10-14 13:36:22.350636 Zulu: November and Delta, sending you 3
2024-10-14 13:36:22.352711 Delta: Quebec and Whiskey, sending you 1
2024-10-14 13:36:22.353713 Mike: Whiskey, sending you 1
2024-10-14 13:36:22.354088 Zulu: Mike and Whiskey, sending you 1
2024-10-14 13:36:22.358047 Zulu: Quebec, sending you 2
chatterbot Quebec submitting transactions
chatterbot Kilo submitting transactions
chatterbot November submitting transactions
chatterbot Mike submitting transactions
chatterbot Delta submitting transactions
chatterbot Echo submitting transactions
chatterbot Foxtrot submitting transactions
chatterbot Golf submitting transactions
chatterbot Zulu submitting transactions
chatterbot Whiskey submitting transactions
ChatterBot November round 2
ChatterBot Zulu round 2
ChatterBot Golf round 2
ChatterBot Mike round 2
2024-10-14 13:36:23.146476 Golf: We should group up
ChatterBot Foxtrot reevaluating
ChatterBot Echo reevaluating
ChatterBot Kilo reevaluating
2024-10-14 13:36:23.181260 Foxtrot: No
2024-10-14 13:36:23.182077 Echo: No
2024-10-14 13:36:23.182245 Kilo: No
ChatterBot Echo reevaluating
ChatterBot Kilo reevaluating
ChatterBot Foxtrot reevaluating
ChatterBot Kilo reevaluating
ChatterBot Foxtrot reevaluating
ChatterBot Echo reevaluating
2024-10-14 13:36:23.245740 Echo: Let's form a team
ChatterBot Foxtrot reevaluating
2024-10-14 13:36:23.256439 Foxtrot: No
ChatterBot Echo reevaluating
ChatterBot Foxtrot round 2
ChatterBot Quebec round 2
ChatterBot Whiskey round 2
ChatterBot Delta round 2
ChatterBot Kilo round 2
ChatterBot Echo round 2
2024-10-14 13:36:23.282927 Zulu: We should add Kilo
ChatterBot Whiskey reevaluating
ChatterBot Quebec reevaluating
ChatterBot Delta reevaluating
2024-10-14 13:36:23.352401 November: No
2024-10-14 13:36:23.352865 Whiskey: Yes
2024-10-14 13:36:23.353170 Mike: No
2024-10-14 13:36:23.354323 Quebec: No
2024-10-14 13:36:23.354663 Delta: No
ChatterBot Whiskey reevaluating
ChatterBot Quebec reevaluating
ChatterBot Delta reevaluating
ChatterBot Quebec reevaluating
ChatterBot Delta reevaluating
ChatterBot Whiskey reevaluating
ChatterBot Quebec reevaluating
ChatterBot Delta reevaluating
ChatterBot Whiskey reevaluating
ChatterBot Delta reevaluating
ChatterBot Whiskey reevaluating
ChatterBot Quebec reevaluating
2024-10-14 13:36:23.582647 Delta: We should add Foxtrot
ChatterBot Whiskey reevaluating
ChatterBot Quebec reevaluating
2024-10-14 13:36:23.627779 November: No
2024-10-14 13:36:23.627928 Zulu: No
2024-10-14 13:36:23.628030 Whiskey: No
2024-10-14 13:36:23.628144 Mike: No
2024-10-14 13:36:23.628281 Quebec: Yes
ChatterBot Whiskey reevaluating
ChatterBot Quebec reevaluating
ChatterBot Delta reevaluating
ChatterBot Whiskey reevaluating
ChatterBot Quebec reevaluating
ChatterBot Delta reevaluating
ChatterBot Quebec reevaluating
ChatterBot Delta reevaluating
ChatterBot Zulu reevaluating
ChatterBot Whiskey reevaluating
ChatterBot Quebec reevaluating
ChatterBot Delta reevaluating
ChatterBot Zulu reevaluating
ChatterBot Whiskey reevaluating
ChatterBot Delta reevaluating
2024-10-14 13:36:24.528274 November: Zulu, Quebec, Whiskey and Delta, sending you 2
2024-10-14 13:36:24.529113 Golf: Foxtrot, Kilo and Echo, sending you 3
2024-10-14 13:36:24.529446 Whiskey: Kilo we want you to join our group
ChatterBot Kilo reevaluating
2024-10-14 13:36:24.533621 Kilo: No
ChatterBot Zulu reevaluating
ChatterBot Delta reevaluating
2024-10-14 13:36:24.564104 Quebec: Kilo we want you to join our group
ChatterBot Kilo reevaluating
2024-10-14 13:36:24.568544 Kilo: No
ChatterBot Zulu reevaluating
ChatterBot Delta reevaluating
chatterbot Mike submitting transactions
chatterbot November submitting transactions
chatterbot Golf submitting transactions
2024-10-14 13:36:24.601309 Mike: November and Quebec, sending you 2
2024-10-14 13:36:24.602088 November: Mike, sending you 3
2024-10-14 13:36:25.125798 Foxtrot: Golf and Echo, sending you 5
2024-10-14 13:36:25.126574 Mike: Zulu and Whiskey, sending you 1
2024-10-14 13:36:25.127142 Zulu: Kilo we want you to join our group
ChatterBot Kilo reevaluating
2024-10-14 13:36:25.132185 Kilo: No
ChatterBot Zulu reevaluating
ChatterBot Delta reevaluating
2024-10-14 13:36:25.165649 Echo: Golf, sending you 4
chatterbot Whiskey submitting transactions
chatterbot Echo submitting transactions
2024-10-14 13:36:25.166253 Foxtrot: Kilo, sending you 4
2024-10-14 13:36:25.166947 Mike: Delta, sending you 6
chatterbot Quebec submitting transactions
2024-10-14 13:36:25.515317 Quebec: November, Zulu, Mike, Whiskey and Delta, sending you 2
2024-10-14 13:36:25.515925 Echo: Foxtrot, sending you 3
2024-10-14 13:36:25.516843 Whiskey: November, Zulu, Mike, Delta and Kilo, sending you 2
2024-10-14 13:36:25.517668 Delta: Foxtrot we want you to join our group
2024-10-14 13:36:25.525855 Foxtrot: No
ChatterBot Delta reevaluating
ChatterBot Zulu reevaluating
chatterbot Foxtrot submitting transactions
2024-10-14 13:36:25.579746 Quebec: Kilo, sending you 1
2024-10-14 13:36:25.580578 Echo: Kilo, sending you 2
2024-10-14 13:36:25.581464 Whiskey: Quebec, sending you 3
2024-10-14 13:36:25.859726 Zulu: November, sending you 1
2024-10-14 13:36:25.860706 Delta: November and Zulu, sending you 3
2024-10-14 13:36:25.901790 Zulu: Mike, sending you 3
2024-10-14 13:36:25.903071 Delta: Mike and Whiskey, sending you 2
2024-10-14 13:36:25.965203 Delta: Quebec, sending you 1
2024-10-14 13:36:25.965781 Zulu: Quebec, Whiskey and Delta, sending you 2
chatterbot Delta submitting transactions
chatterbot Zulu submitting transactions
chatterbot Kilo submitting transactions
ChatterBot November round 3
ChatterBot Zulu round 3
ChatterBot Golf round 3
ChatterBot Mike round 3
ChatterBot Foxtrot round 3
ChatterBot Quebec round 3
ChatterBot Whiskey round 3
ChatterBot Delta round 3
ChatterBot Kilo round 3
ChatterBot Echo round 3
2024-10-14 13:36:26.362521 Golf: We should add Whiskey
ChatterBot Foxtrot reevaluating
ChatterBot Echo reevaluating
ChatterBot Kilo reevaluating
2024-10-14 13:36:26.371521 Foxtrot: No
2024-10-14 13:36:26.371686 Echo: Yes
2024-10-14 13:36:26.372225 Kilo: No
ChatterBot Golf reevaluating
ChatterBot Echo reevaluating
ChatterBot Kilo reevaluating
ChatterBot Golf reevaluating
ChatterBot Foxtrot reevaluating
ChatterBot Kilo reevaluating
ChatterBot Golf reevaluating
ChatterBot Foxtrot reevaluating
ChatterBot Echo reevaluating
2024-10-14 13:36:26.470850 Foxtrot: We should drop Kilo
ChatterBot Golf reevaluating
ChatterBot Echo reevaluating
2024-10-14 13:36:26.477144 Golf: No
2024-10-14 13:36:26.477812 Echo: No
ChatterBot Foxtrot reevaluating
ChatterBot Echo reevaluating
ChatterBot Foxtrot reevaluating
ChatterBot Golf reevaluating
2024-10-14 13:36:26.491202 Echo: We should add Zulu
2024-10-14 13:36:26.492008 Golf: We should add November
ChatterBot Golf reevaluating
ChatterBot Foxtrot reevaluating
2024-10-14 13:36:26.501421 Golf: No
2024-10-14 13:36:26.501559 Foxtrot: No
ChatterBot Foxtrot reevaluating
ChatterBot Echo reevaluating
2024-10-14 13:36:26.508823 Kilo: No
2024-10-14 13:36:26.512247 Foxtrot: No
2024-10-14 13:36:26.512470 Echo: Yes
2024-10-14 13:36:26.512686 Kilo: No
ChatterBot Foxtrot reevaluating
ChatterBot Echo reevaluating
ChatterBot Golf reevaluating
ChatterBot Echo reevaluating
ChatterBot Golf reevaluating
ChatterBot Foxtrot reevaluating
ChatterBot Echo reevaluating
ChatterBot Golf reevaluating
ChatterBot Echo reevaluating
ChatterBot Golf reevaluating
ChatterBot Foxtrot reevaluating
ChatterBot Golf reevaluating
ChatterBot Foxtrot reevaluating
ChatterBot Echo reevaluating
2024-10-14 13:36:26.570142 Whiskey: We should drop Kilo
ChatterBot Quebec reevaluating
2024-10-14 13:36:26.582776 November: Yes
2024-10-14 13:36:26.582955 Zulu: Yes
2024-10-14 13:36:26.583451 Mike: Yes
2024-10-14 13:36:26.583654 Quebec: Yes
2024-10-14 13:36:26.583792 Delta: Yes
ChatterBot Quebec reevaluating
ChatterBot Quebec reevaluating
ChatterBot Quebec reevaluating
ChatterBot Quebec reevaluating
2024-10-14 13:36:26.652834 Quebec: We should replace Kilo with Golf
2024-10-14 13:36:26.666043 November: No
2024-10-14 13:36:26.666250 Zulu: No
2024-10-14 13:36:26.666389 Whiskey: No
2024-10-14 13:36:26.666557 Mike: No
2024-10-14 13:36:26.666699 Delta: No
ChatterBot Quebec reevaluating
ChatterBot Quebec reevaluating
ChatterBot Quebec reevaluating
ChatterBot Quebec reevaluating
ChatterBot Quebec reevaluating
2024-10-14 13:36:26.743301 November: Zulu, Mike, Quebec and Whiskey, sending you 2
2024-10-14 13:36:26.744083 Echo: Delta we want you to join our group
2024-10-14 13:36:26.748608 Delta: No
ChatterBot Echo reevaluating
ChatterBot Golf reevaluating
ChatterBot Foxtrot reevaluating
2024-10-14 13:36:26.768184 Quebec: We should replace Kilo with Echo
2024-10-14 13:36:26.779500 November: No
2024-10-14 13:36:26.780046 Zulu: No
2024-10-14 13:36:26.780211 Whiskey: No
2024-10-14 13:36:26.780337 Mike: No
2024-10-14 13:36:26.780484 Delta: No
ChatterBot Quebec reevaluating
ChatterBot Quebec reevaluating
ChatterBot Quebec reevaluating
ChatterBot Quebec reevaluating
ChatterBot Quebec reevaluating
2024-10-14 13:36:26.921012 November: Delta, sending you 3
2024-10-14 13:36:26.922181 Mike: November and Delta, sending you 3
2024-10-14 13:36:26.922910 Foxtrot: Whiskey we want you to join our group
2024-10-14 13:36:26.927158 Whiskey: No
ChatterBot Foxtrot reevaluating
ChatterBot Golf reevaluating
ChatterBot Echo reevaluating
2024-10-14 13:36:26.942208 Golf: We should add Delta
ChatterBot Foxtrot reevaluating
ChatterBot Echo reevaluating
2024-10-14 13:36:26.953172 Foxtrot: No
2024-10-14 13:36:26.953338 Echo: No
2024-10-14 13:36:26.953888 Kilo: No
ChatterBot Golf reevaluating
ChatterBot Echo reevaluating
ChatterBot Golf reevaluating
ChatterBot Foxtrot reevaluating
ChatterBot Golf reevaluating
ChatterBot Foxtrot reevaluating
ChatterBot Echo reevaluating
2024-10-14 13:36:26.986596 Zulu: Sending you each 2
2024-10-14 13:36:26.987590 Delta: November, Zulu, Quebec and Whiskey, sending you 2
2024-10-14 13:36:26.988090 Kilo: Sending you each 3
2024-10-14 13:36:26.988457 Whiskey: November, sending you 3
2024-10-14 13:36:26.989408 Quebec: Golf we want you to join our group
ChatterBot Golf reevaluating
2024-10-14 13:36:26.993345 Golf: No
ChatterBot Quebec reevaluating
2024-10-14 13:36:27.012740 Mike: Zulu, Quebec and Whiskey, sending you 2
2024-10-14 13:36:27.014011 Delta: Mike, sending you 3
2024-10-14 13:36:27.014595 Whiskey: Zulu, Mike and Delta, sending you 2
chatterbot Mike submitting transactions
2024-10-14 13:36:27.146640 Whiskey: Quebec, sending you 4
chatterbot Kilo submitting transactions
chatterbot November submitting transactions
2024-10-14 13:36:27.329646 Echo: Golf, sending you 4
2024-10-14 13:36:27.376512 Golf: Foxtrot, sending you 2
2024-10-14 13:36:27.376826 Echo: Foxtrot, sending you 3
2024-10-14 13:36:27.377075 Foxtrot: Golf and Echo, sending you 5
2024-10-14 13:36:27.408024 Echo: Kilo, sending you 2
2024-10-14 13:36:27.409095 Quebec: November, Zulu, Mike and Delta, sending you 2
2024-10-14 13:36:27.409548 Golf: Kilo, sending you 1
2024-10-14 13:36:27.409819 Foxtrot: Kilo, sending you 1
chatterbot Quebec submitting transactions
2024-10-14 13:36:27.470409 Quebec: Whiskey, sending you 3
2024-10-14 13:36:27.470923 Golf: Echo, sending you 3
chatterbot Golf submitting transactions
chatterbot Zulu submitting transactions
chatterbot Whiskey submitting transactions
chatterbot Delta submitting transactions
chatterbot Foxtrot submitting transactions
chatterbot Echo submitting transactions
ChatterBot November round 4
ChatterBot Zulu round 4
ChatterBot Golf round 4
ChatterBot Mike round 4
ChatterBot Foxtrot round 4
ChatterBot Quebec round 4
ChatterBot Whiskey round 4
2024-10-14 13:36:28.243465 Golf: We should add Zulu
2024-10-14 13:36:28.254254 Foxtrot: No
2024-10-14 13:36:28.254455 Echo: No
2024-10-14 13:36:28.254631 Kilo: No
ChatterBot Golf reevaluating
ChatterBot Golf reevaluating
ChatterBot Delta round 4
ChatterBot Kilo round 4
ChatterBot Echo round 4
2024-10-14 13:36:28.348933 Quebec: We should add Foxtrot
2024-10-14 13:36:28.369630 November: No
2024-10-14 13:36:28.370114 Zulu: No
2024-10-14 13:36:28.370468 Whiskey: No
2024-10-14 13:36:28.371425 Mike: No
2024-10-14 13:36:28.371860 Delta: No
ChatterBot Quebec reevaluating
ChatterBot Quebec reevaluating
ChatterBot Quebec reevaluating
ChatterBot Quebec reevaluating
ChatterBot Quebec reevaluating
2024-10-14 13:36:28.468736 Golf: We should add Quebec
ChatterBot Echo reevaluating
2024-10-14 13:36:28.476004 Foxtrot: No
2024-10-14 13:36:28.476911 Echo: Yes
2024-10-14 13:36:28.477080 Kilo: No
ChatterBot Golf reevaluating
ChatterBot Echo reevaluating
ChatterBot Golf reevaluating
ChatterBot Golf reevaluating
ChatterBot Echo reevaluating
2024-10-14 13:36:28.508761 Mike: November and Delta, sending you 3
2024-10-14 13:36:28.509686 November: Zulu, Quebec, Whiskey and Delta, sending you 2
2024-10-14 13:36:28.511008 Zulu: Same as last round
2024-10-14 13:36:28.512811 Mike: Zulu, Quebec and Whiskey, sending you 2
2024-10-14 13:36:28.515671 November: Mike, sending you 3
2024-10-14 13:36:28.516696 Whiskey: November, sending you 3
2024-10-14 13:36:28.522050 Whiskey: Zulu, Mike and Delta, sending you 2
2024-10-14 13:36:28.522896 Quebec: November, Zulu, Mike and Delta, sending you 2
2024-10-14 13:36:28.524669 Golf: Foxtrot, sending you 2
2024-10-14 13:36:28.525876 Kilo: Same as last round
2024-10-14 13:36:28.526322 Whiskey: Quebec, sending you 4
2024-10-14 13:36:28.526992 Foxtrot: Golf and Echo, sending you 5
2024-10-14 13:36:28.527717 Quebec: Whiskey, sending you 3
2024-10-14 13:36:28.528660 Echo: Golf, sending you 4
2024-10-14 13:36:28.529663 Golf: Kilo and Echo, sending you 3
2024-10-14 13:36:28.530061 Foxtrot: Kilo, sending you 4
2024-10-14 13:36:28.532679 Echo: Foxtrot and Kilo, sending you 3
2024-10-14 13:36:28.538061 Delta: November, Zulu, Quebec and Whiskey, sending you 2
2024-10-14 13:36:28.541690 Delta: Mike, sending you 3
chatterbot Foxtrot submitting transactions
chatterbot Zulu submitting transactions
chatterbot November submitting transactions
chatterbot Echo submitting transactions
chatterbot Mike submitting transactions
chatterbot Whiskey submitting transactions
chatterbot Delta submitting transactions
chatterbot Quebec submitting transactions
chatterbot Kilo submitting transactions
chatterbot Golf submitting transactions
ChatterBot November round 5
ChatterBot Zulu round 5
ChatterBot Golf round 5
ChatterBot Mike round 5
ChatterBot Foxtrot round 5
2024-10-14 13:36:29.766518 Foxtrot: We should add Quebec
ChatterBot Golf reevaluating
2024-10-14 13:36:29.776112 Golf: Yes
2024-10-14 13:36:29.776293 Echo: No
2024-10-14 13:36:29.776436 Kilo: No
ChatterBot Echo reevaluating
ChatterBot Golf reevaluating
ChatterBot Foxtrot reevaluating
ChatterBot Golf reevaluating
ChatterBot Foxtrot reevaluating
ChatterBot Echo reevaluating
ChatterBot Quebec round 5
ChatterBot Whiskey round 5
ChatterBot Delta round 5
ChatterBot Kilo round 5
ChatterBot Echo round 5
2024-10-14 13:36:29.815900 Golf: We should add Mike
ChatterBot Foxtrot reevaluating
ChatterBot Echo reevaluating
2024-10-14 13:36:29.823933 Foxtrot: No
2024-10-14 13:36:29.824509 Echo: No
2024-10-14 13:36:29.824623 Kilo: No
ChatterBot Golf reevaluating
ChatterBot Echo reevaluating
ChatterBot Golf reevaluating
ChatterBot Foxtrot reevaluating
ChatterBot Golf reevaluating
ChatterBot Foxtrot reevaluating
ChatterBot Echo reevaluating
2024-10-14 13:36:29.850629 Quebec: We should add Golf
2024-10-14 13:36:29.864154 November: No
2024-10-14 13:36:29.864346 Zulu: No
2024-10-14 13:36:29.864486 Whiskey: No
2024-10-14 13:36:29.864636 Mike: No
2024-10-14 13:36:29.865583 Delta: No
ChatterBot Quebec reevaluating
ChatterBot Quebec reevaluating
ChatterBot Quebec reevaluating
ChatterBot Quebec reevaluating
2024-10-14 13:36:29.999991 Quebec: We should add Echo
2024-10-14 13:36:30.011124 November: No
2024-10-14 13:36:30.011299 Zulu: No
2024-10-14 13:36:30.011418 Whiskey: No
2024-10-14 13:36:30.011568 Mike: No
2024-10-14 13:36:30.011690 Delta: No
ChatterBot Quebec reevaluating
ChatterBot Quebec reevaluating
ChatterBot Quebec reevaluating
ChatterBot Quebec reevaluating
ChatterBot Quebec reevaluating
2024-10-14 13:36:30.067595 Echo: Quebec we want you to join our group
ChatterBot Quebec reevaluating
2024-10-14 13:36:30.070305 Quebec: No
ChatterBot Foxtrot reevaluating
2024-10-14 13:36:30.078921 Zulu: Same as last round
2024-10-14 13:36:30.079407 November: Zulu, Quebec, Whiskey and Delta, sending you 2
2024-10-14 13:36:30.081683 Mike: November and Delta, sending you 3
2024-10-14 13:36:30.084708 November: Mike, sending you 3
2024-10-14 13:36:30.085985 Delta: November, Zulu, Quebec and Whiskey, sending you 2
2024-10-14 13:36:30.086711 Whiskey: November, Quebec and Delta, sending you 3
2024-10-14 13:36:30.087856 Mike: Zulu, Quebec and Whiskey, sending you 2
2024-10-14 13:36:30.089926 Kilo: Same as last round
2024-10-14 13:36:30.090667 Delta: Mike, sending you 3
2024-10-14 13:36:30.091322 Whiskey: Zulu and Mike, sending you 2
2024-10-14 13:36:30.092686 Echo: Golf, sending you 4
2024-10-14 13:36:30.096698 Echo: Foxtrot and Kilo, sending you 3
2024-10-14 13:36:30.097691 Golf: Foxtrot, sending you 2
2024-10-14 13:36:30.101721 Echo: Quebec, sending you 1
2024-10-14 13:36:30.102163 Golf: Kilo and Echo, sending you 3
2024-10-14 13:36:30.105704 Quebec: November, Zulu, Mike and Delta, sending you 2
2024-10-14 13:36:30.109142 Foxtrot: Golf and Echo, sending you 5
2024-10-14 13:36:30.109861 Quebec: Whiskey, sending you 3
2024-10-14 13:36:30.114901 Foxtrot: Kilo, sending you 4
chatterbot Zulu submitting transactions
chatterbot Kilo submitting transactions
chatterbot Golf submitting transactions
chatterbot Whiskey submitting transactions
chatterbot November submitting transactions
chatterbot Mike submitting transactions
chatterbot Quebec submitting transactions
chatterbot Echo submitting transactions
chatterbot Delta submitting transactions
chatterbot Foxtrot submitting transactions
ChatterBot November round 6
ChatterBot Zulu round 6
ChatterBot Golf round 6
ChatterBot Mike round 6
ChatterBot Foxtrot round 6
ChatterBot Quebec round 6
ChatterBot Whiskey round 6
ChatterBot Delta round 6
ChatterBot Kilo round 6
ChatterBot Echo round 6
2024-10-14 13:36:31.306665 Foxtrot: Golf, sending you 4
2024-10-14 13:36:31.308956 November: Zulu, Quebec, Whiskey and Delta, sending you 2
2024-10-14 13:36:31.309898 Whiskey: November, Quebec and Delta, sending you 3
2024-10-14 13:36:31.310954 Quebec: November, Zulu, Mike and Delta, sending you 2
2024-10-14 13:36:31.311772 Foxtrot: Kilo, sending you 5
2024-10-14 13:36:31.312312 Golf: Foxtrot, sending you 2
2024-10-14 13:36:31.313132 Kilo: Same as last round
2024-10-14 13:36:31.313699 November: Mike, sending you 3
2024-10-14 13:36:31.315138 Mike: November and Delta, sending you 3
2024-10-14 13:36:31.316096 Whiskey: Zulu and Mike, sending you 2
2024-10-14 13:36:31.317420 Foxtrot: Echo, sending you 6
2024-10-14 13:36:31.318017 Quebec: Whiskey, sending you 3
2024-10-14 13:36:31.319357 Golf: Kilo and Echo, sending you 3
2024-10-14 13:36:31.319958 Zulu: Same as last round
2024-10-14 13:36:31.321190 Mike: Zulu, Quebec and Whiskey, sending you 2
2024-10-14 13:36:31.322582 Delta: November, Zulu, Quebec and Whiskey, sending you 2
2024-10-14 13:36:31.325691 Echo: Golf, sending you 4
2024-10-14 13:36:31.327691 Delta: Mike, sending you 3
2024-10-14 13:36:31.330703 Echo: Foxtrot and Kilo, sending you 3
2024-10-14 13:36:31.335671 Echo: Quebec, sending you 1
chatterbot Golf submitting transactions
chatterbot Zulu submitting transactions
chatterbot Delta submitting transactions
chatterbot Echo submitting transactions
chatterbot Quebec submitting transactions
chatterbot Foxtrot submitting transactions
chatterbot Mike submitting transactions
chatterbot Whiskey submitting transactions
chatterbot November submitting transactions
chatterbot Kilo submitting transactions
ChatterBot November round 7
ChatterBot Zulu round 7
ChatterBot Golf round 7
ChatterBot Mike round 7
ChatterBot Foxtrot round 7
ChatterBot Quebec round 7
ChatterBot Whiskey round 7
ChatterBot Delta round 7
ChatterBot Kilo round 7
ChatterBot Echo round 7
2024-10-14 13:36:32.537569 Quebec: We should add Kilo
2024-10-14 13:36:32.558 November: No
2024-10-14 13:36:32.558228 Zulu: No
2024-10-14 13:36:32.558406 Whiskey: No
2024-10-14 13:36:32.558608 Mike: No
2024-10-14 13:36:32.558833 Delta: No
ChatterBot Quebec reevaluating
ChatterBot Quebec reevaluating
ChatterBot Quebec reevaluating
ChatterBot Quebec reevaluating
ChatterBot Quebec reevaluating
2024-10-14 13:36:32.655113 Golf: We should add Whiskey
ChatterBot Echo reevaluating
2024-10-14 13:36:32.666427 Foxtrot: No
2024-10-14 13:36:32.666648 Echo: No
2024-10-14 13:36:32.666823 Kilo: No
ChatterBot Golf reevaluating
ChatterBot Echo reevaluating
ChatterBot Golf reevaluating
ChatterBot Golf reevaluating
ChatterBot Echo reevaluating
2024-10-14 13:36:32.757548 Quebec: We should add Echo
2024-10-14 13:36:32.790844 November: No
2024-10-14 13:36:32.791132 Zulu: No
2024-10-14 13:36:32.791308 Whiskey: No
2024-10-14 13:36:32.792513 Mike: No
2024-10-14 13:36:32.792735 Delta: No
ChatterBot Quebec reevaluating
ChatterBot Quebec reevaluating
ChatterBot Quebec reevaluating
ChatterBot Quebec reevaluating
ChatterBot Quebec reevaluating
2024-10-14 13:36:32.861680 Mike: November and Delta, sending you 3
2024-10-14 13:36:32.863684 Zulu: Same as last round
2024-10-14 13:36:32.865701 Mike: Zulu, Quebec and Whiskey, sending you 2
2024-10-14 13:36:32.868198 Quebec: Echo we want you to join our group
2024-10-14 13:36:32.873214 Echo: No
ChatterBot Quebec reevaluating
2024-10-14 13:36:32.898886 Quebec: We should add Foxtrot
2024-10-14 13:36:32.917633 November: No
2024-10-14 13:36:32.917909 Zulu: No
2024-10-14 13:36:32.918101 Whiskey: No
2024-10-14 13:36:32.918292 Mike: No
2024-10-14 13:36:32.918482 Delta: No
ChatterBot Quebec reevaluating
ChatterBot Quebec reevaluating
ChatterBot Quebec reevaluating
ChatterBot Quebec reevaluating
ChatterBot Quebec reevaluating
2024-10-14 13:36:33.011083 November: Zulu, Quebec, Whiskey and Delta, sending you 2
2024-10-14 13:36:33.013666 Whiskey: November, Quebec and Delta, sending you 3
2024-10-14 13:36:33.015208 Echo: Golf, sending you 4
2024-10-14 13:36:33.015690 Delta: November, Zulu, Quebec and Whiskey, sending you 2
2024-10-14 13:36:33.017089 November: Mike, sending you 3
2024-10-14 13:36:33.018092 Foxtrot: Golf, sending you 4
2024-10-14 13:36:33.018574 Kilo: Same as last round
2024-10-14 13:36:33.019492 Echo: Foxtrot and Kilo, sending you 3
2024-10-14 13:36:33.020037 Whiskey: Zulu and Mike, sending you 2
2024-10-14 13:36:33.020947 Delta: Mike, sending you 3
2024-10-14 13:36:33.022234 Foxtrot: Kilo, sending you 5
2024-10-14 13:36:33.022774 Echo: Quebec, sending you 1
2024-10-14 13:36:33.026683 Foxtrot: Echo, sending you 6
2024-10-14 13:36:33.032680 Golf: Foxtrot, sending you 2
2024-10-14 13:36:33.034675 Quebec: November, Zulu, Mike, Whiskey and Delta, sending you 2
2024-10-14 13:36:33.038666 Golf: Kilo and Echo, sending you 3
2024-10-14 13:36:33.039217 Quebec: Echo, sending you 1
chatterbot Mike submitting transactions
chatterbot November submitting transactions
chatterbot Golf submitting transactions
chatterbot Whiskey submitting transactions
chatterbot Zulu submitting transactions
chatterbot Foxtrot submitting transactions
chatterbot Echo submitting transactions
chatterbot Delta submitting transactions
chatterbot Kilo submitting transactions
chatterbot Quebec submitting transactions
ChatterBot November round 8
ChatterBot Zulu round 8
ChatterBot Golf round 8
ChatterBot Mike round 8
ChatterBot Foxtrot round 8
ChatterBot Quebec round 8
ChatterBot Whiskey round 8
ChatterBot Delta round 8
ChatterBot Kilo round 8
2024-10-14 13:36:34.095134 Quebec: We should replace Echo with Golf
2024-10-14 13:36:34.134041 November: No
2024-10-14 13:36:34.135247 Zulu: No
2024-10-14 13:36:34.135580 Whiskey: No
2024-10-14 13:36:34.136015 Mike: No
2024-10-14 13:36:34.136347 Delta: No
ChatterBot Quebec reevaluating
ChatterBot Quebec reevaluating
ChatterBot Quebec reevaluating
ChatterBot Quebec reevaluating
ChatterBot Quebec reevaluating
ChatterBot Echo round 8
2024-10-14 13:36:34.250623 Foxtrot: We should add Quebec
2024-10-14 13:36:34.258892 Golf: No
2024-10-14 13:36:34.259080 Echo: Yes
2024-10-14 13:36:34.259267 Kilo: No
ChatterBot Foxtrot reevaluating
ChatterBot Echo reevaluating
ChatterBot Golf reevaluating
ChatterBot Foxtrot reevaluating
ChatterBot Golf reevaluating
ChatterBot Foxtrot reevaluating
ChatterBot Echo reevaluating
2024-10-14 13:36:34.308534 Golf: Quebec we want you to join our group
ChatterBot Quebec reevaluating
2024-10-14 13:36:34.312709 Quebec: No
ChatterBot Echo reevaluating
ChatterBot Golf reevaluating
ChatterBot Foxtrot reevaluating
2024-10-14 13:36:34.330436 Zulu: Same as last round
2024-10-14 13:36:34.332426 Mike: November and Delta, sending you 3
2024-10-14 13:36:34.334288 Kilo: Same as last round
2024-10-14 13:36:34.335709 Quebec: Golf we want you to join our group
ChatterBot Golf reevaluating
2024-10-14 13:36:34.341422 Golf: No
ChatterBot Quebec reevaluating
2024-10-14 13:36:34.368711 Quebec: We should replace Echo with Kilo
2024-10-14 13:36:34.383829 November: No
2024-10-14 13:36:34.384025 Zulu: No
2024-10-14 13:36:34.384181 Whiskey: No
2024-10-14 13:36:34.384316 Mike: No
2024-10-14 13:36:34.384437 Delta: No
ChatterBot Quebec reevaluating
ChatterBot Quebec reevaluating
ChatterBot Quebec reevaluating
ChatterBot Quebec reevaluating
ChatterBot Quebec reevaluating
2024-10-14 13:36:34.463037 Mike: Zulu, Quebec and Whiskey, sending you 2
2024-10-14 13:36:34.464844 Whiskey: November, Zulu, Quebec and Delta, sending you 3
2024-10-14 13:36:34.467279 November: Zulu, Quebec, Whiskey and Delta, sending you 2
2024-10-14 13:36:34.469378 Delta: November, Zulu, Quebec and Whiskey, sending you 2
2024-10-14 13:36:34.476769 Whiskey: Mike, sending you 1
2024-10-14 13:36:34.478654 Foxtrot: Golf, sending you 4
2024-10-14 13:36:34.479980 Echo: Golf, sending you 4
2024-10-14 13:36:34.480410 November: Mike, sending you 3
2024-10-14 13:36:34.481908 Delta: Mike, sending you 3
2024-10-14 13:36:34.484941 Foxtrot: Kilo, sending you 5
2024-10-14 13:36:34.485696 Echo: Foxtrot and Kilo, sending you 3
2024-10-14 13:36:34.490699 Foxtrot: Echo, sending you 6
2024-10-14 13:36:34.491553 Echo: Quebec, sending you 1
chatterbot Zulu submitting transactions
2024-10-14 13:36:34.493991 Golf: Foxtrot, sending you 2
2024-10-14 13:36:34.497769 Golf: Quebec, sending you 1
2024-10-14 13:36:34.502782 Golf: Kilo and Echo, sending you 3
2024-10-14 13:36:34.508664 Quebec: November, Zulu, Mike, Whiskey and Delta, sending you 2
2024-10-14 13:36:34.512679 Quebec: Golf, sending you 1
chatterbot Foxtrot submitting transactions
chatterbot Echo submitting transactions
chatterbot Whiskey submitting transactions
chatterbot Quebec submitting transactions
chatterbot Golf submitting transactions
chatterbot Delta submitting transactions
chatterbot Mike submitting transactions
chatterbot November submitting transactions
chatterbot Kilo submitting transactions
ChatterBot November round 9
ChatterBot Zulu round 9
ChatterBot Golf round 9
ChatterBot Mike round 9
ChatterBot Foxtrot round 9
ChatterBot Quebec round 9
ChatterBot Whiskey round 9
ChatterBot Delta round 9
ChatterBot Kilo round 9
ChatterBot Echo round 9
2024-10-14 13:36:35.552657 Golf: Foxtrot, sending you 2
2024-10-14 13:36:35.556686 Golf: Quebec, sending you 1
2024-10-14 13:36:35.557694 November: Zulu, Quebec, Whiskey and Delta, sending you 2
2024-10-14 13:36:35.559662 Whiskey: November, Zulu, Quebec and Delta, sending you 3
2024-10-14 13:36:35.560526 Mike: November and Delta, sending you 3
2024-10-14 13:36:35.561755 Golf: Kilo and Echo, sending you 3
2024-10-14 13:36:35.562673 Quebec: November, Zulu, Mike, Whiskey and Delta, sending you 2
2024-10-14 13:36:35.563745 November: Mike, sending you 3
2024-10-14 13:36:35.564893 Foxtrot: Golf, sending you 4
2024-10-14 13:36:35.565403 Whiskey: Mike, sending you 1
2024-10-14 13:36:35.566427 Mike: Zulu, Quebec and Whiskey, sending you 2
2024-10-14 13:36:35.568300 Delta: November, Zulu, Quebec and Whiskey, sending you 2
2024-10-14 13:36:35.569709 Quebec: Golf, sending you 1
2024-10-14 13:36:35.570494 Foxtrot: Kilo, sending you 5
2024-10-14 13:36:35.571196 Zulu: Same as last round
2024-10-14 13:36:35.573234 Kilo: Same as last round
2024-10-14 13:36:35.573994 Echo: Golf, sending you 4
2024-10-14 13:36:35.574787 Delta: Mike, sending you 3
2024-10-14 13:36:35.576015 Foxtrot: Echo, sending you 6
2024-10-14 13:36:35.577732 Echo: Foxtrot and Kilo, sending you 3
2024-10-14 13:36:35.583669 Echo: Quebec, sending you 1
chatterbot Foxtrot submitting transactions
chatterbot November submitting transactions
chatterbot Whiskey submitting transactions
chatterbot Quebec submitting transactions
chatterbot Delta submitting transactions
chatterbot Mike submitting transactions
chatterbot Echo submitting transactions
chatterbot Zulu submitting transactions
chatterbot Golf submitting transactions
chatterbot Kilo submitting transactions
ChatterBot November round 10
ChatterBot Zulu round 10
ChatterBot Golf round 10
ChatterBot Mike round 10
ChatterBot Foxtrot round 10
ChatterBot Quebec round 10
ChatterBot Whiskey round 10
ChatterBot Delta round 10
2024-10-14 13:36:36.817040 Quebec: We should replace Golf with Echo
2024-10-14 13:36:36.830711 November: No
2024-10-14 13:36:36.830945 Zulu: No
2024-10-14 13:36:36.831123 Whiskey: No
2024-10-14 13:36:36.831294 Mike: No
2024-10-14 13:36:36.831449 Delta: No
ChatterBot Quebec reevaluating
ChatterBot Quebec reevaluating
ChatterBot Quebec reevaluating
ChatterBot Quebec reevaluating
ChatterBot Quebec reevaluating
ChatterBot Kilo round 10
ChatterBot Echo round 10
2024-10-14 13:36:36.901440 Foxtrot: We should add November
2024-10-14 13:36:36.908430 Golf: No
2024-10-14 13:36:36.908585 Echo: No
2024-10-14 13:36:36.908716 Kilo: No
ChatterBot Foxtrot reevaluating
ChatterBot Foxtrot reevaluating
ChatterBot Foxtrot reevaluating
2024-10-14 13:36:36.935264 Quebec: We should replace Golf with Foxtrot
2024-10-14 13:36:36.945600 November: No
2024-10-14 13:36:36.945793 Zulu: No
2024-10-14 13:36:36.945918 Whiskey: No
2024-10-14 13:36:36.946037 Mike: No
2024-10-14 13:36:36.946153 Delta: No
ChatterBot Quebec reevaluating
ChatterBot Quebec reevaluating
ChatterBot Quebec reevaluating
ChatterBot Quebec reevaluating
ChatterBot Quebec reevaluating
2024-10-14 13:36:37.013688 Golf: Foxtrot, sending you 2
2024-10-14 13:36:37.015677 November: Zulu, Quebec, Whiskey and Delta, sending you 2
2024-10-14 13:36:37.016679 Zulu: Same as last round
2024-10-14 13:36:37.017937 Mike: November and Delta, sending you 3
2024-10-14 13:36:37.018749 Golf: Quebec, sending you 1
2024-10-14 13:36:37.019276 Quebec: November, Zulu, Mike, Whiskey and Delta, sending you 2
2024-10-14 13:36:37.020678 November: Mike, sending you 3
2024-10-14 13:36:37.022485 Whiskey: November, Zulu, Quebec and Delta, sending you 3
2024-10-14 13:36:37.024075 Delta: November, Zulu, Quebec and Whiskey, sending you 2
2024-10-14 13:36:37.025783 Mike: Zulu, Quebec and Whiskey, sending you 2
2024-10-14 13:36:37.026803 Kilo: Same as last round
2024-10-14 13:36:37.027444 Golf: Kilo and Echo, sending you 3
2024-10-14 13:36:37.028386 Quebec: Golf, sending you 1
2024-10-14 13:36:37.028902 Echo: Golf, sending you 4
2024-10-14 13:36:37.029340 Whiskey: Mike, sending you 1
2024-10-14 13:36:37.030501 Foxtrot: Golf, sending you 4
2024-10-14 13:36:37.031056 Delta: Mike, sending you 3
2024-10-14 13:36:37.033659 Echo: Foxtrot and Kilo, sending you 3
2024-10-14 13:36:37.034168 Foxtrot: Kilo, sending you 5
2024-10-14 13:36:37.037686 Foxtrot: Echo, sending you 6
2024-10-14 13:36:37.038678 Echo: Quebec, sending you 1
chatterbot Delta submitting transactions
chatterbot Zulu submitting transactions
chatterbot November submitting transactions
chatterbot Whiskey submitting transactions
chatterbot Mike submitting transactions
chatterbot Echo submitting transactions
chatterbot Kilo submitting transactions
chatterbot Golf submitting transactions
chatterbot Quebec submitting transactions
chatterbot Foxtrot submitting transactions
ChatterBot November round 11
ChatterBot Zulu round 11
ChatterBot Golf round 11
ChatterBot Mike round 11
ChatterBot Foxtrot round 11
ChatterBot Quebec round 11
ChatterBot Whiskey round 11
ChatterBot Delta round 11
ChatterBot Kilo round 11
ChatterBot Echo round 11
2024-10-14 13:36:38.236879 Quebec: We should replace Golf with Foxtrot
2024-10-14 13:36:38.261334 November: No
2024-10-14 13:36:38.261712 Zulu: No
2024-10-14 13:36:38.261967 Whiskey: No
2024-10-14 13:36:38.262247 Mike: No
2024-10-14 13:36:38.262477 Delta: No
ChatterBot Quebec reevaluating
ChatterBot Quebec reevaluating
ChatterBot Quebec reevaluating
ChatterBot Quebec reevaluating
ChatterBot Quebec reevaluating
2024-10-14 13:36:38.365123 Quebec: We should replace Golf with Echo
2024-10-14 13:36:38.379881 November: No
2024-10-14 13:36:38.380122 Zulu: No
2024-10-14 13:36:38.380325 Whiskey: No
2024-10-14 13:36:38.380517 Mike: No
2024-10-14 13:36:38.380711 Delta: No
ChatterBot Quebec reevaluating
ChatterBot Quebec reevaluating
ChatterBot Quebec reevaluating
ChatterBot Quebec reevaluating
ChatterBot Quebec reevaluating
2024-10-14 13:36:38.458698 Echo: We should drop Quebec
ChatterBot Golf reevaluating
ChatterBot Foxtrot reevaluating
2024-10-14 13:36:38.469878 Golf: Yes
2024-10-14 13:36:38.470059 Foxtrot: Yes
2024-10-14 13:36:38.470673 Kilo: Yes
ChatterBot Foxtrot reevaluating
ChatterBot Golf reevaluating
ChatterBot Echo reevaluating
ChatterBot Golf reevaluating
ChatterBot Foxtrot reevaluating
ChatterBot Echo reevaluating
2024-10-14 13:36:38.500655 November: Zulu, Quebec, Whiskey and Delta, sending you 2
2024-10-14 13:36:38.502293 Zulu: Same as last round
2024-10-14 13:36:38.504087 Mike: November, sending you 3
2024-10-14 13:36:38.505238 Delta: November, Zulu, Quebec and Whiskey, sending you 2
2024-10-14 13:36:38.506154 Whiskey: November, Zulu, Quebec and Delta, sending you 3
2024-10-14 13:36:38.507899 Quebec: Echo we want you to join our group
ChatterBot Echo reevaluating
2024-10-14 13:36:38.511603 Echo: No
ChatterBot Quebec reevaluating
2024-10-14 13:36:38.526683 Kilo: Same as last round
2024-10-14 13:36:38.527333 November: Mike, sending you 3
2024-10-14 13:36:38.529126 Foxtrot: Zulu we want you to join our group
2024-10-14 13:36:38.531828 Zulu: No
ChatterBot Foxtrot reevaluating
ChatterBot Golf reevaluating
ChatterBot Echo reevaluating
2024-10-14 13:36:38.546033 Mike: Zulu and Quebec, sending you 2
2024-10-14 13:36:38.547829 Delta: Mike, sending you 3
2024-10-14 13:36:38.548736 Whiskey: Mike, sending you 1
