ChatterBot Echo round 1
ChatterBot X-ray round 1
ChatterBot November round 1
ChatterBot Victor round 1
ChatterBot Bravo round 1
ChatterBot Tango round 1
ChatterBot Sierra round 1
ChatterBot Oscar round 1
ChatterBot Quebec round 1
ChatterBot Juliett round 1
randomSelections Oscar: {Oscar, Quebec, November, Tango, Bravo, Echo} 
2024-10-14 13:36:21.790704 Oscar: Friends?
ChatterBot Quebec reevaluating
ChatterBot November reevaluating
ChatterBot Tango reevaluating
ChatterBot Bravo reevaluating
ChatterBot Echo reevaluating
2024-10-14 13:36:21.851369 Quebec: Yes
2024-10-14 13:36:21.851601 November: Yes
2024-10-14 13:36:21.851828 Tango: Yes
2024-10-14 13:36:21.851978 Bravo: Yes
2024-10-14 13:36:21.852168 Echo: Yes
ChatterBot November reevaluating
ChatterBot Tango reevaluating
ChatterBot Bravo reevaluating
ChatterBot Echo reevaluating
ChatterBot Quebec reevaluating
ChatterBot Tango reevaluating
ChatterBot Bravo reevaluating
ChatterBot Echo reevaluating
ChatterBot Quebec reevaluating
ChatterBot November reevaluating
ChatterBot Bravo reevaluating
ChatterBot Echo reevaluating
ChatterBot Quebec reevaluating
ChatterBot November reevaluating
ChatterBot Tango reevaluating
ChatterBot Echo reevaluating
ChatterBot Quebec reevaluating
ChatterBot November reevaluating
ChatterBot Tango reevaluating
ChatterBot Bravo reevaluating
randomSelections Juliett: {Juliett, Oscar, November, Victor, X-ray, Echo, Tango, Sierra} 
2024-10-14 13:36:21.940527 Juliett: Friends?
ChatterBot November reevaluating
ChatterBot Victor reevaluating
ChatterBot X-ray reevaluating
ChatterBot Echo reevaluating
ChatterBot Tango reevaluating
ChatterBot Sierra reevaluating
2024-10-14 13:36:21.958154 Oscar: No
2024-10-14 13:36:21.958358 November: No
2024-10-14 13:36:21.959061 Victor: Yes
2024-10-14 13:36:21.959208 X-ray: Yes
2024-10-14 13:36:21.959370 Echo: No
2024-10-14 13:36:21.959543 Tango: No
2024-10-14 13:36:21.959709 Sierra: Yes
ChatterBot November reevaluating
ChatterBot Victor reevaluating
ChatterBot X-ray reevaluating
ChatterBot Echo reevaluating
ChatterBot Tango reevaluating
ChatterBot Sierra reevaluating
ChatterBot Victor reevaluating
ChatterBot X-ray reevaluating
ChatterBot Echo reevaluating
ChatterBot Tango reevaluating
ChatterBot Sierra reevaluating
ChatterBot November reevaluating
ChatterBot X-ray reevaluating
ChatterBot Echo reevaluating
ChatterBot Tango reevaluating
ChatterBot Sierra reevaluating
ChatterBot November reevaluating
ChatterBot Victor reevaluating
ChatterBot Echo reevaluating
ChatterBot Tango reevaluating
ChatterBot Sierra reevaluating
ChatterBot November reevaluating
ChatterBot Victor reevaluating
ChatterBot X-ray reevaluating
ChatterBot Tango reevaluating
ChatterBot Sierra reevaluating
ChatterBot November reevaluating
ChatterBot Victor reevaluating
ChatterBot X-ray reevaluating
ChatterBot Echo reevaluating
ChatterBot Sierra reevaluating
ChatterBot November reevaluating
ChatterBot Victor reevaluating
ChatterBot X-ray reevaluating
ChatterBot Echo reevaluating
ChatterBot Tango reevaluating
2024-10-14 13:36:22.095296 Victor: Echo, November and Tango, sending you 3
2024-10-14 13:36:22.099265 Juliett: Echo, sending you 2
2024-10-14 13:36:22.099876 Tango: Echo, Bravo and Oscar, sending you 3
2024-10-14 13:36:22.101290 Victor: Sierra and Oscar, sending you 1
2024-10-14 13:36:22.101796 November: Echo and Bravo, sending you 2
2024-10-14 13:36:22.102208 Echo: November and Quebec, sending you 1
2024-10-14 13:36:22.103321 Oscar: Echo, sending you 4
2024-10-14 13:36:22.103745 Juliett: X-ray, November, Victor and Tango, sending you 1
2024-10-14 13:36:22.105459 Tango: November, sending you 2
2024-10-14 13:36:22.105873 November: Tango and Oscar, sending you 1
2024-10-14 13:36:22.106216 Echo: Bravo, sending you 5
2024-10-14 13:36:22.107940 Victor: Juliett, sending you 2
2024-10-14 13:36:22.109406 Oscar: November and Bravo, sending you 1
2024-10-14 13:36:22.109935 X-ray: November, sending you 2
2024-10-14 13:36:22.110980 Tango: Quebec, sending you 6
2024-10-14 13:36:22.111497 November: Quebec, sending you 6
2024-10-14 13:36:22.111902 Echo: Tango, sending you 2
2024-10-14 13:36:22.112807 Quebec: Echo and Oscar, sending you 3
2024-10-14 13:36:22.113275 Oscar: Tango and Quebec, sending you 2
2024-10-14 13:36:22.116109 X-ray: Tango and Sierra, sending you 1
2024-10-14 13:36:22.116575 Sierra: Victor and Oscar, sending you 1
2024-10-14 13:36:22.117130 Quebec: November, sending you 4
2024-10-14 13:36:22.120360 Echo: Oscar, sending you 4
2024-10-14 13:36:22.120945 X-ray: Oscar and Juliett, sending you 3
2024-10-14 13:36:22.121327 Sierra: Tango, sending you 3
2024-10-14 13:36:22.122653 Quebec: Tango, sending you 2
chatterbot November submitting transactions
chatterbot Victor submitting transactions
chatterbot Sierra submitting transactions
chatterbot Oscar submitting transactions
chatterbot Echo submitting transactions
chatterbot Tango submitting transactions
chatterbot Juliett submitting transactions
chatterbot Bravo submitting transactions
chatterbot X-ray submitting transactions
chatterbot Quebec submitting transactions
ChatterBot Echo round 2
ChatterBot X-ray round 2
ChatterBot November round 2
ChatterBot Victor round 2
2024-10-14 13:36:23.266208 X-ray: Friends?
ChatterBot Juliett reevaluating
ChatterBot Victor reevaluating
ChatterBot Sierra reevaluating
2024-10-14 13:36:23.300199 Juliett: No
2024-10-14 13:36:23.300359 Victor: Yes
2024-10-14 13:36:23.300486 Sierra: No
ChatterBot Victor reevaluating
ChatterBot Sierra reevaluating
ChatterBot Juliett reevaluating
ChatterBot Sierra reevaluating
ChatterBot Juliett reevaluating
ChatterBot Victor reevaluating
2024-10-14 13:36:23.424945 Victor: Friends?
ChatterBot Juliett reevaluating
ChatterBot Sierra reevaluating
2024-10-14 13:36:23.454986 Juliett: No
2024-10-14 13:36:23.455513 Sierra: No
2024-10-14 13:36:23.455627 X-ray: Yes
ChatterBot Victor reevaluating
ChatterBot Sierra reevaluating
ChatterBot Juliett reevaluating
ChatterBot Victor reevaluating
ChatterBot Juliett reevaluating
ChatterBot Victor reevaluating
ChatterBot Sierra reevaluating
ChatterBot Bravo round 2
ChatterBot Tango round 2
ChatterBot Sierra round 2
2024-10-14 13:36:23.531377 November: We should replace Bravo with Victor
ChatterBot Echo reevaluating
ChatterBot Tango reevaluating
ChatterBot Oscar reevaluating
ChatterBot Quebec reevaluating
2024-10-14 13:36:23.562542 Echo: Yes
2024-10-14 13:36:23.563168 Tango: Yes
2024-10-14 13:36:23.563287 Oscar: No
2024-10-14 13:36:23.563398 Quebec: No
ChatterBot Tango reevaluating
ChatterBot Oscar reevaluating
ChatterBot Quebec reevaluating
ChatterBot Echo reevaluating
ChatterBot Oscar reevaluating
ChatterBot Quebec reevaluating
ChatterBot November reevaluating
ChatterBot Echo reevaluating
ChatterBot Tango reevaluating
ChatterBot Quebec reevaluating
ChatterBot November reevaluating
ChatterBot Echo reevaluating
ChatterBot Tango reevaluating
ChatterBot Oscar reevaluating
ChatterBot Oscar round 2
ChatterBot Quebec round 2
ChatterBot Juliett round 2
2024-10-14 13:36:23.796648 Echo: Victor we want you to join our group
2024-10-14 13:36:23.804558 Victor: No
ChatterBot Echo reevaluating
ChatterBot November reevaluating
2024-10-14 13:36:23.845885 Oscar: We should drop Bravo
ChatterBot November reevaluating
ChatterBot Echo reevaluating
ChatterBot Quebec reevaluating
2024-10-14 13:36:23.877142 November: Yes
2024-10-14 13:36:23.877382 Echo: Yes
2024-10-14 13:36:23.877532 Tango: Yes
2024-10-14 13:36:23.877706 Quebec: Yes
ChatterBot Echo reevaluating
ChatterBot Tango reevaluating
ChatterBot Quebec reevaluating
ChatterBot November reevaluating
ChatterBot Tango reevaluating
ChatterBot Quebec reevaluating
ChatterBot November reevaluating
ChatterBot Echo reevaluating
ChatterBot Quebec reevaluating
ChatterBot November reevaluating
ChatterBot Echo reevaluating
ChatterBot Tango reevaluating
2024-10-14 13:36:24.033117 X-ray: Victor and Sierra, sending you 2
chatterbot X-ray submitting transactions
2024-10-14 13:36:24.592608 X-ray: Juliett, sending you 8
2024-10-14 13:36:24.593019 Victor: X-ray, sending you 2
2024-10-14 13:36:24.593763 November: Victor we want you to join our group
2024-10-14 13:36:24.600981 Victor: No
ChatterBot November reevaluating
ChatterBot Tango reevaluating
ChatterBot Quebec reevaluating
2024-10-14 13:36:24.682125 Sierra: Sending you 4
chatterbot Oscar submitting transactions
chatterbot Sierra submitting transactions
2024-10-14 13:36:24.684098 Juliett: X-ray, sending you 4
2024-10-14 13:36:24.684664 Victor: Sierra, sending you 3
2024-10-14 13:36:25.148562 Oscar: Echo, Tango and Quebec, sending you 3
2024-10-14 13:36:25.148883 Juliett: Victor, sending you 3
2024-10-14 13:36:25.149515 Tango: Victor we want you to join our group
2024-10-14 13:36:25.154078 Victor: No
ChatterBot November reevaluating
ChatterBot Tango reevaluating
2024-10-14 13:36:25.178269 Victor: Juliett, sending you 4
chatterbot Victor submitting transactions
chatterbot Bravo submitting transactions
chatterbot Juliett submitting transactions
2024-10-14 13:36:25.179543 Oscar: November, sending you 2
2024-10-14 13:36:25.179861 Juliett: Sierra, sending you 1
chatterbot Echo submitting transactions
2024-10-14 13:36:25.618147 Echo: November, sending you 1
2024-10-14 13:36:25.657225 Echo: Victor, Tango, Oscar and Quebec, sending you 3
2024-10-14 13:36:25.658098 Quebec: Echo, sending you 1
2024-10-14 13:36:25.658336 Tango: Echo, Victor, Sierra, Oscar and Quebec, sending you 3
2024-10-14 13:36:25.836650 Quebec: November, sending you 5
2024-10-14 13:36:25.838064 Tango: November, sending you 2
2024-10-14 13:36:25.838790 November: Echo and Tango, sending you 2
chatterbot Quebec submitting transactions
2024-10-14 13:36:25.873961 Quebec: Tango, sending you 4
2024-10-14 13:36:25.874467 November: Victor, sending you 3
chatterbot Tango submitting transactions
2024-10-14 13:36:25.932219 Quebec: Oscar, sending you 2
2024-10-14 13:36:25.932788 November: Oscar, sending you 1
2024-10-14 13:36:25.975186 November: Quebec, sending you 4
chatterbot November submitting transactions
ChatterBot Echo round 3
ChatterBot X-ray round 3
ChatterBot November round 3
ChatterBot Victor round 3
ChatterBot Bravo round 3
ChatterBot Tango round 3
ChatterBot Sierra round 3
ChatterBot Oscar round 3
ChatterBot Quebec round 3
2024-10-14 13:36:26.274653 November: Friends?
ChatterBot Tango reevaluating
ChatterBot X-ray reevaluating
ChatterBot Victor reevaluating
ChatterBot Sierra reevaluating
2024-10-14 13:36:26.325455 Echo: No
2024-10-14 13:36:26.325728 Tango: No
2024-10-14 13:36:26.325920 Oscar: No
2024-10-14 13:36:26.326524 Quebec: No
2024-10-14 13:36:26.326695 X-ray: Yes
2024-10-14 13:36:26.326850 Victor: Yes
2024-10-14 13:36:26.327006 Sierra: No
2024-10-14 13:36:26.327212 Juliett: No
ChatterBot Tango reevaluating
ChatterBot Quebec reevaluating
ChatterBot X-ray reevaluating
ChatterBot Victor reevaluating
ChatterBot Sierra reevaluating
ChatterBot Quebec reevaluating
ChatterBot X-ray reevaluating
ChatterBot Victor reevaluating
ChatterBot Sierra reevaluating
ChatterBot Tango reevaluating
ChatterBot Quebec reevaluating
ChatterBot X-ray reevaluating
ChatterBot Victor reevaluating
ChatterBot Sierra reevaluating
ChatterBot Tango reevaluating
ChatterBot X-ray reevaluating
ChatterBot Victor reevaluating
ChatterBot Sierra reevaluating
ChatterBot Tango reevaluating
ChatterBot Quebec reevaluating
ChatterBot Victor reevaluating
ChatterBot Sierra reevaluating
ChatterBot Tango reevaluating
ChatterBot Quebec reevaluating
ChatterBot X-ray reevaluating
ChatterBot Sierra reevaluating
ChatterBot Tango reevaluating
ChatterBot Quebec reevaluating
ChatterBot X-ray reevaluating
ChatterBot Victor reevaluating
ChatterBot Tango reevaluating
ChatterBot Quebec reevaluating
ChatterBot X-ray reevaluating
ChatterBot Victor reevaluating
ChatterBot Sierra reevaluating
2024-10-14 13:36:26.713790 Quebec: We should add Victor
2024-10-14 13:36:26.714642 Sierra: We should add X-ray
ChatterBot Tango reevaluating
ChatterBot Victor reevaluating
2024-10-14 13:36:26.739494 November: Yes
2024-10-14 13:36:26.739722 Echo: No
2024-10-14 13:36:26.740221 Tango: Yes
2024-10-14 13:36:26.740364 Oscar: No
2024-10-14 13:36:26.740487 Victor: Yes
ChatterBot Tango reevaluating
ChatterBot Quebec reevaluating
ChatterBot Sierra reevaluating
ChatterBot Tango reevaluating
ChatterBot Quebec reevaluating
ChatterBot Quebec reevaluating
ChatterBot Tango reevaluating
ChatterBot Quebec reevaluating
ChatterBot Juliett round 3
2024-10-14 13:36:26.878777 Echo: We should drop Victor
ChatterBot Tango reevaluating
ChatterBot Quebec reevaluating
2024-10-14 13:36:26.904428 November: No
2024-10-14 13:36:26.904642 Tango: No
2024-10-14 13:36:26.904825 Oscar: Yes
2024-10-14 13:36:26.904961 Quebec: No
ChatterBot Tango reevaluating
ChatterBot Quebec reevaluating
ChatterBot Quebec reevaluating
ChatterBot Tango reevaluating
ChatterBot Quebec reevaluating
ChatterBot Tango reevaluating
2024-10-14 13:36:26.976759 Juliett: We should add Bravo
ChatterBot X-ray reevaluating
2024-10-14 13:36:26.988461 X-ray: No
2024-10-14 13:36:26.988986 Victor: No
2024-10-14 13:36:26.989111 Sierra: No
ChatterBot Juliett reevaluating
ChatterBot X-ray reevaluating
ChatterBot Juliett reevaluating
ChatterBot X-ray reevaluating
ChatterBot Juliett reevaluating
2024-10-14 13:36:27.025108 Sierra: X-ray we want you to join our group
ChatterBot X-ray reevaluating
2024-10-14 13:36:27.029967 X-ray: Yes
2024-10-14 13:36:27.037012 Quebec: Victor we want you to join our group
2024-10-14 13:36:27.041752 Victor: Yes
2024-10-14 13:36:27.060205 Tango: We should drop Sierra
2024-10-14 13:36:27.077374 Echo: Yes
2024-10-14 13:36:27.077952 November: No
2024-10-14 13:36:27.078089 Oscar: Yes
2024-10-14 13:36:27.078221 Quebec: Yes
2024-10-14 13:36:27.078327 Victor: No
ChatterBot November reevaluating
ChatterBot November reevaluating
2024-10-14 13:36:27.209558 Juliett: We should add November
ChatterBot X-ray reevaluating
ChatterBot Victor reevaluating
2024-10-14 13:36:27.222741 X-ray: Yes
2024-10-14 13:36:27.222967 Victor: Yes
2024-10-14 13:36:27.223691 Sierra: No
ChatterBot Juliett reevaluating
ChatterBot Victor reevaluating
ChatterBot X-ray reevaluating
ChatterBot Juliett reevaluating
ChatterBot X-ray reevaluating
ChatterBot Juliett reevaluating
ChatterBot Victor reevaluating
chatterbot November submitting transactions
2024-10-14 13:36:27.344792 Echo: November, sending you 3
2024-10-14 13:36:27.345823 Oscar: Echo, Tango and Quebec, sending you 3
chatterbot Sierra submitting transactions
chatterbot Bravo submitting transactions
2024-10-14 13:36:27.385092 Echo: Tango and Oscar, sending you 4
2024-10-14 13:36:27.385671 Oscar: November, sending you 2
2024-10-14 13:36:27.386657 November: Echo, Victor, Tango and Oscar, sending you 2
2024-10-14 13:36:27.387121 Sierra: X-ray, sending you 2
2024-10-14 13:36:27.387979 Quebec: Echo and Oscar, sending you 2
2024-10-14 13:36:27.388445 Tango: Echo, Oscar and Quebec, sending you 4
2024-10-14 13:36:27.389286 Echo: Quebec, sending you 2
2024-10-14 13:36:27.413645 November: Quebec, sending you 4
2024-10-14 13:36:27.414126 Sierra: Victor, sending you 3
2024-10-14 13:36:27.414680 Quebec: November, sending you 4
2024-10-14 13:36:27.414994 Tango: November, sending you 3
2024-10-14 13:36:27.415332 Victor: Echo, X-ray, November and Tango, sending you 2
2024-10-14 13:36:27.416070 X-ray: Echo, Tango, Sierra and Quebec, sending you 1
2024-10-14 13:36:27.476740 Quebec: Victor, sending you 1
2024-10-14 13:36:27.477542 Tango: Victor, sending you 2
2024-10-14 13:36:27.477898 Victor: Sierra and Juliett, sending you 3
2024-10-14 13:36:27.478648 X-ray: Victor, sending you 2
chatterbot Echo submitting transactions
2024-10-14 13:36:27.570679 Quebec: Tango, sending you 3
2024-10-14 13:36:27.572640 Victor: Oscar and Quebec, sending you 1
2024-10-14 13:36:27.575923 X-ray: Juliett, sending you 6
chatterbot Quebec submitting transactions
chatterbot Tango submitting transactions
chatterbot Oscar submitting transactions
chatterbot X-ray submitting transactions
chatterbot November submitting transactions
chatterbot Victor submitting transactions
chatterbot Juliett submitting transactions
ChatterBot Echo round 4
ChatterBot X-ray round 4
ChatterBot November round 4
ChatterBot Victor round 4
ChatterBot Bravo round 4
ChatterBot Tango round 4
ChatterBot Sierra round 4
ChatterBot Oscar round 4
ChatterBot Quebec round 4
ChatterBot Juliett round 4
2024-10-14 13:36:28.536676 Echo: November, sending you 3
2024-10-14 13:36:28.538036 November: Echo, Victor, Tango and Oscar, sending you 2
2024-10-14 13:36:28.539682 Victor: Echo, X-ray, November and Tango, sending you 2
2024-10-14 13:36:28.540559 Echo: Tango and Oscar, sending you 4
2024-10-14 13:36:28.541244 X-ray: November, sending you 1
2024-10-14 13:36:28.542680 November: Quebec, sending you 4
2024-10-14 13:36:28.543122 Victor: Sierra and Juliett, sending you 3
2024-10-14 13:36:28.543693 Echo: Quebec, sending you 2
2024-10-14 13:36:28.544672 Sierra: X-ray, sending you 2
2024-10-14 13:36:28.545663 X-ray: Victor, sending you 3
2024-10-14 13:36:28.546697 Tango: Echo, Oscar and Quebec, sending you 4
2024-10-14 13:36:28.547284 Victor: Oscar and Quebec, sending you 1
2024-10-14 13:36:28.547790 Quebec: Echo and Oscar, sending you 2
2024-10-14 13:36:28.548954 X-ray: Sierra, sending you 2
2024-10-14 13:36:28.549691 Oscar: Echo, Tango and Quebec, sending you 3
2024-10-14 13:36:28.550077 Sierra: Victor, sending you 3
2024-10-14 13:36:28.550321 Tango: November, sending you 3
2024-10-14 13:36:28.551684 Quebec: November, sending you 4
2024-10-14 13:36:28.552669 Oscar: November, sending you 2
2024-10-14 13:36:28.553705 X-ray: Juliett, sending you 6
2024-10-14 13:36:28.555696 Tango: Victor, sending you 2
2024-10-14 13:36:28.556179 Quebec: Victor, sending you 1
2024-10-14 13:36:28.558655 Juliett: X-ray, sending you 4
2024-10-14 13:36:28.558975 Quebec: Tango, sending you 3
2024-10-14 13:36:28.563676 Juliett: Victor, sending you 3
2024-10-14 13:36:28.567654 Juliett: Sierra, sending you 1
chatterbot Quebec submitting transactions
chatterbot Juliett submitting transactions
chatterbot Bravo submitting transactions
chatterbot November submitting transactions
chatterbot Tango submitting transactions
chatterbot Sierra submitting transactions
chatterbot X-ray submitting transactions
chatterbot Oscar submitting transactions
chatterbot Victor submitting transactions
chatterbot Echo submitting transactions
ChatterBot Echo round 5
ChatterBot X-ray round 5
ChatterBot November round 5
ChatterBot Victor round 5
ChatterBot Bravo round 5
ChatterBot Tango round 5
ChatterBot Sierra round 5
ChatterBot Oscar round 5
ChatterBot Quebec round 5
ChatterBot Juliett round 5
2024-10-14 13:36:29.790348 X-ray: We should drop November
ChatterBot Juliett reevaluating
ChatterBot Victor reevaluating
2024-10-14 13:36:29.799956 Juliett: Yes
2024-10-14 13:36:29.800171 Victor: No
2024-10-14 13:36:29.800357 Sierra: Yes
ChatterBot Victor reevaluating
ChatterBot Juliett reevaluating
ChatterBot Juliett reevaluating
ChatterBot Victor reevaluating
2024-10-14 13:36:29.832816 Sierra: X-ray, sending you 2
2024-10-14 13:36:29.833189 Echo: November, sending you 2
2024-10-14 13:36:29.835818 Sierra: Victor, sending you 3
2024-10-14 13:36:29.838996 Echo: Tango and Oscar, sending you 4
2024-10-14 13:36:29.839698 Tango: Echo, Oscar and Quebec, sending you 4
2024-10-14 13:36:29.842678 Echo: Quebec, sending you 3
2024-10-14 13:36:29.844675 November: Echo, Victor, Tango and Oscar, sending you 2
2024-10-14 13:36:29.845759 Tango: November, sending you 3
2024-10-14 13:36:29.846461 Quebec: Echo, sending you 2
2024-10-14 13:36:29.847465 Oscar: Echo, Tango and Quebec, sending you 3
2024-10-14 13:36:29.848080 X-ray: Victor and Sierra, sending you 3
2024-10-14 13:36:29.849090 November: Quebec, sending you 4
2024-10-14 13:36:29.849795 Quebec: November, sending you 4
2024-10-14 13:36:29.850894 Tango: Victor, sending you 2
2024-10-14 13:36:29.851801 Oscar: November, sending you 2
2024-10-14 13:36:29.852325 X-ray: Juliett, sending you 6
2024-10-14 13:36:29.853672 Quebec: Tango and Oscar, sending you 3
2024-10-14 13:36:29.854887 Victor: X-ray, Tango, Sierra and Juliett, sending you 3
chatterbot Oscar submitting transactions
chatterbot Victor submitting transactions
chatterbot X-ray submitting transactions
chatterbot November submitting transactions
chatterbot Bravo submitting transactions
chatterbot Echo submitting transactions
chatterbot Juliett submitting transactions
chatterbot Quebec submitting transactions
chatterbot Tango submitting transactions
chatterbot Sierra submitting transactions
ChatterBot Echo round 6
ChatterBot X-ray round 6
ChatterBot November round 6
ChatterBot Victor round 6
ChatterBot Bravo round 6
ChatterBot Tango round 6
ChatterBot Sierra round 6
ChatterBot Oscar round 6
ChatterBot Quebec round 6
ChatterBot Juliett round 6
2024-10-14 13:36:30.975360 Juliett: We should add Tango
ChatterBot Victor reevaluating
2024-10-14 13:36:30.983655 X-ray: No
2024-10-14 13:36:30.983818 Victor: Yes
2024-10-14 13:36:30.983933 Sierra: No
ChatterBot Juliett reevaluating
ChatterBot Victor reevaluating
ChatterBot Juliett reevaluating
ChatterBot Juliett reevaluating
ChatterBot Victor reevaluating
2024-10-14 13:36:31.015505 Juliett: We should add November
ChatterBot X-ray reevaluating
ChatterBot Victor reevaluating
2024-10-14 13:36:31.024800 X-ray: Yes
2024-10-14 13:36:31.024998 Victor: Yes
2024-10-14 13:36:31.025137 Sierra: No
ChatterBot Juliett reevaluating
ChatterBot Victor reevaluating
ChatterBot X-ray reevaluating
ChatterBot Juliett reevaluating
ChatterBot X-ray reevaluating
ChatterBot Juliett reevaluating
ChatterBot Victor reevaluating
2024-10-14 13:36:31.118048 Echo: I was attacked by Juliett
ChatterBot November reevaluating
ChatterBot Tango reevaluating
ChatterBot Oscar reevaluating
ChatterBot Quebec reevaluating
2024-10-14 13:36:31.146304 Echo: I'm keeping this round to protect myself
2024-10-14 13:36:31.148486 Echo: Ow
2024-10-14 13:36:31.149253 Sierra: X-ray, sending you 2
2024-10-14 13:36:31.152926 Victor: November we want you to join our group
ChatterBot November reevaluating
2024-10-14 13:36:31.162109 November: No
ChatterBot X-ray reevaluating
ChatterBot Juliett reevaluating
2024-10-14 13:36:31.193356 Sierra: Victor, sending you 3
2024-10-14 13:36:31.199685 Juliett: November we want you to join our group
ChatterBot November reevaluating
2024-10-14 13:36:31.204740 November: No
ChatterBot X-ray reevaluating
ChatterBot Juliett reevaluating
2024-10-14 13:36:31.225662 X-ray: November we want you to join our group
ChatterBot November reevaluating
2024-10-14 13:36:31.230875 November: No
ChatterBot X-ray reevaluating
ChatterBot Juliett reevaluating
2024-10-14 13:36:31.248536 Tango: Echo, Oscar and Quebec, sending you 4
2024-10-14 13:36:31.249759 Oscar: Echo, Tango and Quebec, sending you 3
2024-10-14 13:36:31.250281 Quebec: Echo, sending you 2
2024-10-14 13:36:31.250809 Victor: X-ray, sending you 2
chatterbot Bravo submitting transactions
2024-10-14 13:36:31.254016 Tango: November, sending you 2
2024-10-14 13:36:31.255162 Oscar: November, sending you 2
2024-10-14 13:36:31.256405 Quebec: November, Tango and Oscar, sending you 3
2024-10-14 13:36:31.257300 Victor: November, sending you 4
2024-10-14 13:36:31.260026 Tango: Victor, sending you 3
2024-10-14 13:36:31.261198 Victor: Sierra and Juliett, sending you 3
2024-10-14 13:36:31.262518 Quebec: Victor, sending you 1
2024-10-14 13:36:31.274669 X-ray: November, sending you 1
2024-10-14 13:36:31.278675 X-ray: Victor and Juliett, sending you 4
2024-10-14 13:36:31.282003 X-ray: Sierra, sending you 3
2024-10-14 13:36:31.283891 Juliett: X-ray, sending you 4
2024-10-14 13:36:31.287777 Juliett: November, sending you 1
2024-10-14 13:36:31.290663 Juliett: Victor, sending you 3
chatterbot Quebec submitting transactions
chatterbot Victor submitting transactions
chatterbot Echo submitting transactions
chatterbot Oscar submitting transactions
chatterbot November submitting transactions
chatterbot Juliett submitting transactions
chatterbot Tango submitting transactions
chatterbot Sierra submitting transactions
chatterbot X-ray submitting transactions
ChatterBot Echo round 7
ChatterBot X-ray round 7
ChatterBot November round 7
ChatterBot Victor round 7
ChatterBot Bravo round 7
ChatterBot Tango round 7
ChatterBot Sierra round 7
ChatterBot Oscar round 7
ChatterBot Quebec round 7
ChatterBot Juliett round 7
2024-10-14 13:36:32.480630 X-ray: We should drop November
2024-10-14 13:36:32.499875 Juliett: No
2024-10-14 13:36:32.500129 Victor: No
2024-10-14 13:36:32.500333 Sierra: Yes
ChatterBot X-ray reevaluating
ChatterBot X-ray reevaluating
ChatterBot X-ray reevaluating
ChatterBot Juliett reevaluating
2024-10-14 13:36:32.559716 Juliett: We should replace November with Oscar
ChatterBot X-ray reevaluating
2024-10-14 13:36:32.578670 X-ray: No
2024-10-14 13:36:32.578860 Victor: No
2024-10-14 13:36:32.579008 Sierra: No
ChatterBot Juliett reevaluating
ChatterBot Victor reevaluating
ChatterBot X-ray reevaluating
ChatterBot Juliett reevaluating
ChatterBot X-ray reevaluating
ChatterBot Juliett reevaluating
ChatterBot Victor reevaluating
2024-10-14 13:36:32.614018 Juliett: We should replace November with Quebec
ChatterBot X-ray reevaluating
ChatterBot Victor reevaluating
2024-10-14 13:36:32.623874 X-ray: No
2024-10-14 13:36:32.624095 Victor: Yes
2024-10-14 13:36:32.624208 Sierra: No
ChatterBot Juliett reevaluating
ChatterBot Victor reevaluating
ChatterBot X-ray reevaluating
ChatterBot Juliett reevaluating
ChatterBot X-ray reevaluating
ChatterBot Juliett reevaluating
ChatterBot Victor reevaluating
2024-10-14 13:36:32.657396 Bravo: Quebec, sending you 1
2024-10-14 13:36:32.658372 Sierra: X-ray, sending you 2
2024-10-14 13:36:32.661665 Sierra: Victor, sending you 3
2024-10-14 13:36:32.662755 Oscar: Echo, Tango and Quebec, sending you 3
2024-10-14 13:36:32.663764 Tango: Echo, November and Victor, sending you 3
2024-10-14 13:36:32.664723 Quebec: Echo, sending you 2
2024-10-14 13:36:32.665426 Victor: Tango we want you to join our group
2024-10-14 13:36:32.671224 Tango: No
ChatterBot Victor reevaluating
ChatterBot X-ray reevaluating
ChatterBot Juliett reevaluating
2024-10-14 13:36:32.695306 Oscar: November, sending you 2
2024-10-14 13:36:32.696023 Quebec: November, sending you 4
2024-10-14 13:36:32.697144 Tango: Oscar and Quebec, sending you 4
2024-10-14 13:36:32.699662 Quebec: Tango and Oscar, sending you 3
2024-10-14 13:36:32.703828 Victor: Quebec we want you to join our group
2024-10-14 13:36:32.710233 Quebec: No
ChatterBot Victor reevaluating
ChatterBot X-ray reevaluating
ChatterBot Juliett reevaluating
2024-10-14 13:36:32.803660 Victor: X-ray, sending you 2
2024-10-14 13:36:32.807668 Victor: Sierra and Juliett, sending you 3
2024-10-14 13:36:32.812148 X-ray: Victor, sending you 4
2024-10-14 13:36:32.814015 Juliett: X-ray, sending you 4
2024-10-14 13:36:32.818247 X-ray: Sierra, sending you 3
2024-10-14 13:36:32.820061 Juliett: November, sending you 1
2024-10-14 13:36:32.822082 X-ray: Juliett, sending you 5
2024-10-14 13:36:32.824663 Juliett: Victor, sending you 3
chatterbot Bravo submitting transactions
chatterbot Oscar submitting transactions
chatterbot X-ray submitting transactions
chatterbot November submitting transactions
chatterbot Tango submitting transactions
chatterbot Victor submitting transactions
chatterbot Echo submitting transactions
chatterbot Sierra submitting transactions
chatterbot Juliett submitting transactions
chatterbot Quebec submitting transactions
ChatterBot Echo round 8
ChatterBot X-ray round 8
ChatterBot November round 8
ChatterBot Victor round 8
ChatterBot Bravo round 8
ChatterBot Tango round 8
ChatterBot Sierra round 8
ChatterBot Oscar round 8
ChatterBot Quebec round 8
ChatterBot Juliett round 8
2024-10-14 13:36:33.801989 Victor: We should add Tango
2024-10-14 13:36:33.820662 X-ray: No
2024-10-14 13:36:33.821073 Juliett: No
2024-10-14 13:36:33.821265 Sierra: No
ChatterBot Juliett reevaluating
ChatterBot Victor reevaluating
ChatterBot Victor reevaluating
ChatterBot Juliett reevaluating
ChatterBot Victor reevaluating
2024-10-14 13:36:33.911819 Quebec: We should replace Victor with X-ray
ChatterBot November reevaluating
ChatterBot Tango reevaluating
2024-10-14 13:36:33.935230 November: Yes
2024-10-14 13:36:33.935478 Echo: No
2024-10-14 13:36:33.935661 Tango: No
2024-10-14 13:36:33.936259 Oscar: No
ChatterBot Tango reevaluating
ChatterBot Quebec reevaluating
ChatterBot November reevaluating
ChatterBot Tango reevaluating
ChatterBot Quebec reevaluating
ChatterBot November reevaluating
ChatterBot Oscar reevaluating
ChatterBot Quebec reevaluating
ChatterBot November reevaluating
ChatterBot Tango reevaluating
ChatterBot Quebec reevaluating
2024-10-14 13:36:34.019282 Oscar: We should add X-ray
ChatterBot November reevaluating
ChatterBot Tango reevaluating
ChatterBot Quebec reevaluating
2024-10-14 13:36:34.031789 November: Yes
2024-10-14 13:36:34.031954 Echo: Yes
2024-10-14 13:36:34.032062 Tango: Yes
2024-10-14 13:36:34.032224 Quebec: Yes
ChatterBot Tango reevaluating
ChatterBot Oscar reevaluating
ChatterBot Quebec reevaluating
ChatterBot November reevaluating
ChatterBot Tango reevaluating
ChatterBot Oscar reevaluating
ChatterBot Quebec reevaluating
ChatterBot November reevaluating
ChatterBot Oscar reevaluating
ChatterBot Quebec reevaluating
ChatterBot November reevaluating
ChatterBot Tango reevaluating
ChatterBot Oscar reevaluating
2024-10-14 13:36:34.154283 Victor: We should add Quebec
ChatterBot Juliett reevaluating
2024-10-14 13:36:34.171919 X-ray: No
2024-10-14 13:36:34.172694 Juliett: No
2024-10-14 13:36:34.172965 Sierra: No
ChatterBot Juliett reevaluating
ChatterBot Victor reevaluating
ChatterBot Victor reevaluating
ChatterBot Juliett reevaluating
ChatterBot Victor reevaluating
2024-10-14 13:36:34.220723 Quebec: X-ray we want you to join our group
2024-10-14 13:36:34.230705 X-ray: No
ChatterBot Quebec reevaluating
ChatterBot November reevaluating
ChatterBot Oscar reevaluating
2024-10-14 13:36:34.269039 X-ray: Victor, sending you 4
2024-10-14 13:36:34.269818 Tango: X-ray we want you to join our group
ChatterBot X-ray reevaluating
2024-10-14 13:36:34.279381 X-ray: No
ChatterBot Quebec reevaluating
ChatterBot November reevaluating
ChatterBot Oscar reevaluating
2024-10-14 13:36:34.313689 X-ray: We should add November
ChatterBot Victor reevaluating
2024-10-14 13:36:34.332527 Juliett: Yes
2024-10-14 13:36:34.332774 Victor: Yes
2024-10-14 13:36:34.332953 Sierra: No
ChatterBot X-ray reevaluating
ChatterBot Victor reevaluating
ChatterBot X-ray reevaluating
ChatterBot X-ray reevaluating
ChatterBot Victor reevaluating
2024-10-14 13:36:34.396974 Sierra: X-ray, sending you 2
2024-10-14 13:36:34.398 Bravo: Echo, November and Quebec, sending you 1
2024-10-14 13:36:34.398761 November: X-ray we want you to join our group
ChatterBot X-ray reevaluating
2024-10-14 13:36:34.406629 X-ray: No
ChatterBot Quebec reevaluating
ChatterBot November reevaluating
ChatterBot Tango reevaluating
ChatterBot Oscar reevaluating
2024-10-14 13:36:34.439672 Sierra: Victor, sending you 3
2024-10-14 13:36:34.440239 Victor: November we want you to join our group
ChatterBot November reevaluating
2024-10-14 13:36:34.445449 November: No
ChatterBot X-ray reevaluating
2024-10-14 13:36:34.460398 Tango: We should drop Victor
ChatterBot November reevaluating
ChatterBot Oscar reevaluating
2024-10-14 13:36:34.474984 November: Yes
2024-10-14 13:36:34.475685 Echo: Yes
2024-10-14 13:36:34.475854 Oscar: Yes
2024-10-14 13:36:34.475965 Quebec: Yes
ChatterBot Tango reevaluating
ChatterBot Oscar reevaluating
ChatterBot November reevaluating
ChatterBot Tango reevaluating
ChatterBot Oscar reevaluating
ChatterBot November reevaluating
ChatterBot Tango reevaluating
ChatterBot November reevaluating
ChatterBot Tango reevaluating
ChatterBot Oscar reevaluating
2024-10-14 13:36:34.547221 Juliett: X-ray and Victor, sending you 3
chatterbot Bravo submitting transactions
2024-10-14 13:36:34.551707 Juliett: November and Sierra, sending you 1
2024-10-14 13:36:34.554693 Oscar: X-ray we want you to join our group
ChatterBot X-ray reevaluating
2024-10-14 13:36:34.586417 X-ray: No
ChatterBot November reevaluating
ChatterBot Tango reevaluating
ChatterBot Oscar reevaluating
chatterbot Juliett submitting transactions
2024-10-14 13:36:34.648973 Quebec: Echo and X-ray, sending you 1
2024-10-14 13:36:34.655675 Victor: X-ray, sending you 2
2024-10-14 13:36:34.659703 Victor: November, Sierra and Juliett, sending you 3
2024-10-14 13:36:34.661416 Quebec: November, sending you 4
2024-10-14 13:36:34.665717 Quebec: Tango and Oscar, sending you 3
2024-10-14 13:36:34.677707 Oscar: Echo, X-ray, November and Quebec, sending you 2
2024-10-14 13:36:34.680048 Tango: Echo and November, sending you 3
2024-10-14 13:36:34.683708 Oscar: Tango, sending you 3
2024-10-14 13:36:34.686719 Tango: X-ray, sending you 2
2024-10-14 13:36:34.692719 Tango: Oscar, sending you 4
2024-10-14 13:36:34.699690 Tango: Quebec, sending you 5
chatterbot Sierra submitting transactions
chatterbot Victor submitting transactions
chatterbot X-ray submitting transactions
chatterbot Echo submitting transactions
chatterbot X-ray submitting transactions
chatterbot November submitting transactions
chatterbot Quebec submitting transactions
chatterbot Tango submitting transactions
chatterbot Oscar submitting transactions
ChatterBot Echo round 9
ChatterBot X-ray round 9
ChatterBot November round 9
ChatterBot Victor round 9
ChatterBot Bravo round 9
ChatterBot Tango round 9
ChatterBot Sierra round 9
ChatterBot Oscar round 9
ChatterBot Quebec round 9
2024-10-14 13:36:35.687674 November: We should replace Victor with X-ray
2024-10-14 13:36:35.708165 Echo: No
2024-10-14 13:36:35.708432 Tango: Yes
2024-10-14 13:36:35.709018 Oscar: Yes
2024-10-14 13:36:35.709226 Quebec: Yes
ChatterBot November reevaluating
ChatterBot November reevaluating
ChatterBot November reevaluating
ChatterBot November reevaluating
ChatterBot Juliett round 9
2024-10-14 13:36:35.837682 November: X-ray we want you to join our group
ChatterBot X-ray reevaluating
2024-10-14 13:36:35.842705 X-ray: No
ChatterBot November reevaluating
2024-10-14 13:36:35.863658 Bravo: Echo, November, Oscar and Quebec, sending you 1
2024-10-14 13:36:35.864678 Echo: November and Quebec, sending you 1
2024-10-14 13:36:35.865190 Sierra: X-ray, sending you 2
2024-10-14 13:36:35.865566 Oscar: Echo, X-ray, November and Quebec, sending you 2
2024-10-14 13:36:35.865998 Quebec: Echo and X-ray, sending you 1
2024-10-14 13:36:35.866339 Victor: X-ray, sending you 2
2024-10-14 13:36:35.867188 Tango: Echo, sending you 3
2024-10-14 13:36:35.867699 Echo: Tango and Oscar, sending you 2
2024-10-14 13:36:35.868122 Sierra: Victor, sending you 3
2024-10-14 13:36:35.869655 Oscar: Tango, sending you 3
2024-10-14 13:36:35.870155 Quebec: November, sending you 4
2024-10-14 13:36:35.870675 Tango: X-ray, sending you 2
2024-10-14 13:36:35.871854 Victor: November, Sierra and Juliett, sending you 3
2024-10-14 13:36:35.873681 Tango: November, Oscar and Quebec, sending you 4
2024-10-14 13:36:35.876292 Quebec: Tango and Oscar, sending you 3
2024-10-14 13:36:35.881664 Victor: X-ray did not give me 4 like they said
ChatterBot X-ray reevaluating
ChatterBot November reevaluating
2024-10-14 13:36:35.893279 Juliett: X-ray and Victor, sending you 3
2024-10-14 13:36:35.896676 Juliett: November and Sierra, sending you 1
chatterbot Tango submitting transactions
chatterbot Juliett submitting transactions
chatterbot X-ray submitting transactions
chatterbot Victor submitting transactions
chatterbot Bravo submitting transactions
chatterbot Sierra submitting transactions
chatterbot Quebec submitting transactions
chatterbot November submitting transactions
chatterbot Echo submitting transactions
chatterbot Oscar submitting transactions
ChatterBot Echo round 10
ChatterBot X-ray round 10
ChatterBot November round 10
2024-10-14 13:36:37.091458 November: We should replace Victor with X-ray
2024-10-14 13:36:37.103455 Echo: No
2024-10-14 13:36:37.104305 Tango: Yes
2024-10-14 13:36:37.104585 Oscar: Yes
2024-10-14 13:36:37.104862 Quebec: Yes
ChatterBot November reevaluating
ChatterBot November reevaluating
ChatterBot November reevaluating
ChatterBot Tango reevaluating
ChatterBot November reevaluating
ChatterBot Tango reevaluating
ChatterBot Victor round 10
ChatterBot Bravo round 10
ChatterBot Tango round 10
ChatterBot Sierra round 10
ChatterBot Oscar round 10
ChatterBot Quebec round 10
ChatterBot Juliett round 10
2024-10-14 13:36:37.170336 X-ray: We should replace November with Oscar
ChatterBot Victor reevaluating
2024-10-14 13:36:37.180684 Juliett: No
2024-10-14 13:36:37.180915 Victor: Yes
2024-10-14 13:36:37.181477 Sierra: No
ChatterBot X-ray reevaluating
ChatterBot Victor reevaluating
ChatterBot X-ray reevaluating
ChatterBot Juliett reevaluating
ChatterBot X-ray reevaluating
ChatterBot Juliett reevaluating
ChatterBot Victor reevaluating
2024-10-14 13:36:37.212163 Juliett: We should replace November with Bravo
ChatterBot X-ray reevaluating
ChatterBot Victor reevaluating
2024-10-14 13:36:37.222717 X-ray: No
2024-10-14 13:36:37.222892 Victor: Yes
2024-10-14 13:36:37.223064 Sierra: No
ChatterBot Juliett reevaluating
ChatterBot Victor reevaluating
ChatterBot X-ray reevaluating
ChatterBot Juliett reevaluating
ChatterBot X-ray reevaluating
ChatterBot Juliett reevaluating
ChatterBot Victor reevaluating
2024-10-14 13:36:37.276556 November: X-ray we want you to join our group
ChatterBot X-ray reevaluating
2024-10-14 13:36:37.280695 X-ray: No
ChatterBot November reevaluating
ChatterBot Tango reevaluating
2024-10-14 13:36:37.295814 Juliett: Bravo we want you to join our group
ChatterBot Bravo reevaluating
2024-10-14 13:36:37.299364 Bravo: No
ChatterBot Juliett reevaluating
ChatterBot X-ray reevaluating
ChatterBot Victor reevaluating
2024-10-14 13:36:37.314716 Echo: November, Tango and Oscar, sending you 3
2024-10-14 13:36:37.315924 X-ray: We should drop November
ChatterBot Juliett reevaluating
2024-10-14 13:36:37.361017 Juliett: Yes
2024-10-14 13:36:37.361228 Victor: Yes
2024-10-14 13:36:37.361374 Sierra: Yes
ChatterBot X-ray reevaluating
ChatterBot Victor reevaluating
ChatterBot X-ray reevaluating
ChatterBot Juliett reevaluating
ChatterBot X-ray reevaluating
ChatterBot Juliett reevaluating
ChatterBot Victor reevaluating
2024-10-14 13:36:37.423079 Oscar: Echo, X-ray, November and Quebec, sending you 2
2024-10-14 13:36:37.424754 Quebec: Echo and X-ray, sending you 1
2024-10-14 13:36:37.425669 Echo: Quebec, sending you 2
2024-10-14 13:36:37.427705 Oscar: Tango, sending you 3
2024-10-14 13:36:37.429244 Quebec: November, sending you 4
2024-10-14 13:36:37.430479 Tango: Echo, sending you 3
2024-10-14 13:36:37.431959 Sierra: X-ray, sending you 2
2024-10-14 13:36:37.432823 Quebec: Tango and Oscar, sending you 3
2024-10-14 13:36:37.434668 Tango: X-ray, sending you 2
2024-10-14 13:36:37.436580 Sierra: Victor, sending you 3
2024-10-14 13:36:37.438676 Tango: November, Oscar and Quebec, sending you 4
2024-10-14 13:36:37.453683 Victor: Sending you each 3
chatterbot Bravo submitting transactions
chatterbot November submitting transactions
chatterbot Quebec submitting transactions
chatterbot Juliett submitting transactions
chatterbot Tango submitting transactions
chatterbot Oscar submitting transactions
chatterbot Sierra submitting transactions
chatterbot X-ray submitting transactions
chatterbot Echo submitting transactions
chatterbot Victor submitting transactions
ChatterBot Echo round 11
ChatterBot X-ray round 11
ChatterBot November round 11
ChatterBot Victor round 11
ChatterBot Bravo round 11
2024-10-14 13:36:38.460994 X-ray: We should replace November with Oscar
ChatterBot Juliett reevaluating
2024-10-14 13:36:38.472749 Juliett: Yes
2024-10-14 13:36:38.472967 Victor: No
2024-10-14 13:36:38.473111 Sierra: No
ChatterBot X-ray reevaluating
ChatterBot X-ray reevaluating
ChatterBot Juliett reevaluating
ChatterBot X-ray reevaluating
ChatterBot Juliett reevaluating
ChatterBot Victor reevaluating
