ChatterBot Tango round 1
ChatterBot India round 1
ChatterBot Alpha round 1
ChatterBot Papa round 1
ChatterBot Zulu round 1
ChatterBot Quebec round 1
ChatterBot Golf round 1
ChatterBot Delta round 1
ChatterBot Juliett round 1
ChatterBot Hotel round 1
randomSelections India: {India, Tango, Zulu, Delta, Quebec, Juliett} 
2024-10-14 13:36:22.123260 India: We should group up
ChatterBot Tango reevaluating
ChatterBot Zulu reevaluating
ChatterBot Delta reevaluating
ChatterBot Quebec reevaluating
ChatterBot Juliett reevaluating
2024-10-14 13:36:22.138541 Tango: Yes
2024-10-14 13:36:22.138661 Zulu: Yes
2024-10-14 13:36:22.138759 Delta: Yes
2024-10-14 13:36:22.138848 Quebec: Yes
2024-10-14 13:36:22.138929 Juliett: Yes
ChatterBot Zulu reevaluating
ChatterBot Delta reevaluating
ChatterBot Quebec reevaluating
ChatterBot Juliett reevaluating
ChatterBot Tango reevaluating
ChatterBot Delta reevaluating
ChatterBot Quebec reevaluating
ChatterBot Juliett reevaluating
ChatterBot Tango reevaluating
ChatterBot Zulu reevaluating
ChatterBot Quebec reevaluating
ChatterBot Juliett reevaluating
ChatterBot Tango reevaluating
ChatterBot Zulu reevaluating
ChatterBot Delta reevaluating
ChatterBot Juliett reevaluating
ChatterBot Tango reevaluating
ChatterBot Zulu reevaluating
ChatterBot Delta reevaluating
ChatterBot Quebec reevaluating
randomSelections Golf: {Golf, India, Papa, Quebec, Zulu, Delta} 
2024-10-14 13:36:22.194832 Golf: Group up?
ChatterBot Papa reevaluating
ChatterBot Quebec reevaluating
ChatterBot Zulu reevaluating
ChatterBot Delta reevaluating
2024-10-14 13:36:22.208881 India: No
2024-10-14 13:36:22.209234 Papa: Yes
2024-10-14 13:36:22.210083 Quebec: No
2024-10-14 13:36:22.210271 Zulu: No
2024-10-14 13:36:22.210438 Delta: No
ChatterBot Papa reevaluating
ChatterBot Quebec reevaluating
ChatterBot Zulu reevaluating
ChatterBot Delta reevaluating
ChatterBot Quebec reevaluating
ChatterBot Zulu reevaluating
ChatterBot Delta reevaluating
ChatterBot Papa reevaluating
ChatterBot Zulu reevaluating
ChatterBot Delta reevaluating
ChatterBot Papa reevaluating
ChatterBot Quebec reevaluating
ChatterBot Delta reevaluating
ChatterBot Papa reevaluating
ChatterBot Quebec reevaluating
ChatterBot Zulu reevaluating
randomSelections Alpha: {Alpha, Golf, Juliett, Zulu, Delta, Tango} 
2024-10-14 13:36:22.265570 Alpha: Can we be friends?
ChatterBot Juliett reevaluating
ChatterBot Zulu reevaluating
ChatterBot Delta reevaluating
ChatterBot Tango reevaluating
2024-10-14 13:36:22.273746 Golf: No
2024-10-14 13:36:22.273882 Juliett: No
2024-10-14 13:36:22.274004 Zulu: No
2024-10-14 13:36:22.274091 Delta: No
2024-10-14 13:36:22.274185 Tango: No
ChatterBot Juliett reevaluating
ChatterBot Zulu reevaluating
ChatterBot Delta reevaluating
ChatterBot Tango reevaluating
ChatterBot Zulu reevaluating
ChatterBot Delta reevaluating
ChatterBot Tango reevaluating
ChatterBot Juliett reevaluating
ChatterBot Delta reevaluating
ChatterBot Tango reevaluating
ChatterBot Juliett reevaluating
ChatterBot Zulu reevaluating
ChatterBot Tango reevaluating
ChatterBot Juliett reevaluating
ChatterBot Zulu reevaluating
ChatterBot Delta reevaluating
randomSelections Hotel: {Hotel, Alpha, Delta, Golf, India, Papa} 
2024-10-14 13:36:22.333253 Hotel: Let's form a team
ChatterBot Delta reevaluating
ChatterBot Papa reevaluating
2024-10-14 13:36:22.340576 Alpha: No
2024-10-14 13:36:22.340779 Delta: No
2024-10-14 13:36:22.340950 Golf: No
2024-10-14 13:36:22.341139 India: No
2024-10-14 13:36:22.341338 Papa: No
ChatterBot Delta reevaluating
ChatterBot Papa reevaluating
ChatterBot Papa reevaluating
ChatterBot Delta reevaluating
ChatterBot Papa reevaluating
ChatterBot Delta reevaluating
ChatterBot Papa reevaluating
ChatterBot Delta reevaluating
2024-10-14 13:36:22.428371 Hotel: India and Papa, sending you 2
2024-10-14 13:36:22.431837 Alpha: Tango, Zulu and Juliett, sending you 3
2024-10-14 13:36:22.432337 Golf: India, Zulu and Quebec, sending you 4
2024-10-14 13:36:22.433277 Papa: India, sending you 2
2024-10-14 13:36:22.433709 India: Tango and Quebec, sending you 1
2024-10-14 13:36:22.434098 Hotel: Alpha, sending you 1
2024-10-14 13:36:22.434975 Zulu: Tango, Quebec, Delta and Juliett, sending you 1
2024-10-14 13:36:22.435373 Tango: India and Juliett, sending you 1
2024-10-14 13:36:22.436117 Alpha: Golf and Delta, sending you 2
2024-10-14 13:36:22.436554 Quebec: Tango, Delta and Juliett, sending you 3
2024-10-14 13:36:22.437292 Golf: Papa, sending you 3
2024-10-14 13:36:22.437657 Papa: Zulu and Delta, sending you 4
2024-10-14 13:36:22.437981 India: Zulu and Juliett, sending you 3
2024-10-14 13:36:22.438685 Hotel: Delta, sending you 6
2024-10-14 13:36:22.439019 Juliett: Tango and Delta, sending you 4
2024-10-14 13:36:22.447574 Tango: Quebec, sending you 4
2024-10-14 13:36:22.448002 Delta: India, sending you 2
2024-10-14 13:36:22.448939 Quebec: India, sending you 2
2024-10-14 13:36:22.449288 Golf: Delta, sending you 2
2024-10-14 13:36:22.449679 India: Delta, sending you 2
2024-10-14 13:36:22.450483 Papa: Golf, sending you 1
2024-10-14 13:36:22.450866 Juliett: India and Quebec, sending you 1
2024-10-14 13:36:22.451787 Tango: Delta, sending you 5
2024-10-14 13:36:22.452174 Delta: Zulu, sending you 1
2024-10-14 13:36:22.462564 Quebec: Zulu, sending you 1
2024-10-14 13:36:22.463703 Juliett: Zulu, sending you 2
2024-10-14 13:36:22.464269 Delta: Quebec and Juliett, sending you 4
chatterbot Hotel submitting transactions
chatterbot Juliett submitting transactions
chatterbot Golf submitting transactions
chatterbot Alpha submitting transactions
chatterbot Delta submitting transactions
chatterbot India submitting transactions
chatterbot Zulu submitting transactions
chatterbot Tango submitting transactions
chatterbot Papa submitting transactions
chatterbot Quebec submitting transactions
ChatterBot Tango round 2
ChatterBot India round 2
ChatterBot Alpha round 2
ChatterBot Papa round 2
ChatterBot Zulu round 2
ChatterBot Quebec round 2
ChatterBot Golf round 2
ChatterBot Delta round 2
ChatterBot Juliett round 2
ChatterBot Hotel round 2
2024-10-14 13:36:23.726425 Alpha: We would work well together
ChatterBot Papa reevaluating
ChatterBot Zulu reevaluating
ChatterBot Golf reevaluating
ChatterBot Hotel reevaluating
2024-10-14 13:36:23.742268 Papa: Yes
2024-10-14 13:36:23.742403 Zulu: Yes
2024-10-14 13:36:23.742981 Golf: Yes
2024-10-14 13:36:23.743094 Hotel: No
ChatterBot Zulu reevaluating
ChatterBot Golf reevaluating
ChatterBot Hotel reevaluating
ChatterBot Papa reevaluating
ChatterBot Golf reevaluating
ChatterBot Hotel reevaluating
ChatterBot Papa reevaluating
ChatterBot Zulu reevaluating
ChatterBot Hotel reevaluating
ChatterBot Papa reevaluating
ChatterBot Zulu reevaluating
ChatterBot Golf reevaluating
2024-10-14 13:36:23.813846 India: We would work well together
ChatterBot Tango reevaluating
ChatterBot Quebec reevaluating
ChatterBot Delta reevaluating
ChatterBot Juliett reevaluating
ChatterBot Hotel reevaluating
ChatterBot Golf reevaluating
2024-10-14 13:36:23.842178 Tango: No
2024-10-14 13:36:23.842383 Quebec: Yes
2024-10-14 13:36:23.842516 Delta: Yes
2024-10-14 13:36:23.842652 Juliett: No
2024-10-14 13:36:23.842774 Hotel: No
2024-10-14 13:36:23.842871 Golf: No
ChatterBot Quebec reevaluating
ChatterBot Delta reevaluating
ChatterBot Juliett reevaluating
ChatterBot Hotel reevaluating
ChatterBot Golf reevaluating
ChatterBot Tango reevaluating
ChatterBot Delta reevaluating
ChatterBot Juliett reevaluating
ChatterBot Hotel reevaluating
ChatterBot Golf reevaluating
ChatterBot Tango reevaluating
ChatterBot Quebec reevaluating
ChatterBot Juliett reevaluating
ChatterBot Hotel reevaluating
ChatterBot Golf reevaluating
ChatterBot Tango reevaluating
ChatterBot Quebec reevaluating
ChatterBot Delta reevaluating
ChatterBot Hotel reevaluating
ChatterBot Golf reevaluating
ChatterBot Tango reevaluating
2024-10-14 13:36:24.009955 Quebec: Let's form a team
ChatterBot Quebec reevaluating
ChatterBot Delta reevaluating
ChatterBot Juliett reevaluating
ChatterBot Golf reevaluating
ChatterBot Tango reevaluating
ChatterBot Quebec reevaluating
ChatterBot Delta reevaluating
ChatterBot Juliett reevaluating
ChatterBot Hotel reevaluating
ChatterBot Golf reevaluating
2024-10-14 13:36:24.061803 Golf: No
ChatterBot Tango reevaluating
ChatterBot Delta reevaluating
ChatterBot Juliett reevaluating
2024-10-14 13:36:24.080785 Hotel: Group up?
ChatterBot Hotel reevaluating
2024-10-14 13:36:24.085838 India: Yes
2024-10-14 13:36:24.086512 Tango: No
2024-10-14 13:36:24.086685 Delta: No
2024-10-14 13:36:24.086858 Juliett: No
2024-10-14 13:36:24.087037 Hotel: Yes
ChatterBot Tango reevaluating
ChatterBot Quebec reevaluating
ChatterBot Delta reevaluating
ChatterBot Juliett reevaluating
ChatterBot Hotel reevaluating
ChatterBot Tango reevaluating
ChatterBot Quebec reevaluating
ChatterBot Delta reevaluating
ChatterBot Juliett reevaluating
ChatterBot Golf reevaluating
2024-10-14 13:36:24.141308 India: Yes
2024-10-14 13:36:24.141502 Tango: No
ChatterBot Tango reevaluating
2024-10-14 13:36:24.146242 Quebec: Yes
ChatterBot Quebec reevaluating
2024-10-14 13:36:24.150973 Delta: No
ChatterBot Delta reevaluating
2024-10-14 13:36:24.155627 Juliett: No
ChatterBot Juliett reevaluating
ChatterBot Hotel reevaluating
2024-10-14 13:36:24.164896 Golf: No
ChatterBot Golf reevaluating
ChatterBot Quebec reevaluating
ChatterBot Delta reevaluating
ChatterBot Juliett reevaluating
ChatterBot Hotel reevaluating
ChatterBot Golf reevaluating
ChatterBot Tango reevaluating
ChatterBot Quebec reevaluating
ChatterBot Juliett reevaluating
ChatterBot Hotel reevaluating
ChatterBot Golf reevaluating
ChatterBot Tango reevaluating
ChatterBot Quebec reevaluating
ChatterBot Delta reevaluating
ChatterBot Hotel reevaluating
ChatterBot Golf reevaluating
ChatterBot Tango reevaluating
ChatterBot Quebec reevaluating
ChatterBot Delta reevaluating
ChatterBot Juliett reevaluating
ChatterBot Golf reevaluating
ChatterBot Tango reevaluating
ChatterBot Quebec reevaluating
ChatterBot Delta reevaluating
ChatterBot Juliett reevaluating
ChatterBot Hotel reevaluating
ChatterBot Golf reevaluating
ChatterBot Quebec reevaluating
ChatterBot Delta reevaluating
ChatterBot Juliett reevaluating
ChatterBot Hotel reevaluating
ChatterBot Golf reevaluating
ChatterBot Tango reevaluating
ChatterBot Delta reevaluating
ChatterBot Juliett reevaluating
ChatterBot Hotel reevaluating
ChatterBot Golf reevaluating
ChatterBot Tango reevaluating
ChatterBot Quebec reevaluating
ChatterBot Juliett reevaluating
ChatterBot Hotel reevaluating
ChatterBot Golf reevaluating
ChatterBot Tango reevaluating
ChatterBot Quebec reevaluating
ChatterBot Delta reevaluating
ChatterBot Hotel reevaluating
ChatterBot Golf reevaluating
ChatterBot Tango reevaluating
ChatterBot Quebec reevaluating
ChatterBot Delta reevaluating
ChatterBot Juliett reevaluating
ChatterBot Hotel reevaluating
2024-10-14 13:36:24.881085 Hotel: Juliett and Zulu we want you to join our group
2024-10-14 13:36:24.889585 Juliett: No
2024-10-14 13:36:24.889767 Zulu: No
ChatterBot Hotel reevaluating
ChatterBot Hotel reevaluating
chatterbot India submitting transactions
2024-10-14 13:36:25.194872 Papa: Alpha and Zulu, sending you 2
2024-10-14 13:36:25.195261 Golf: Alpha, sending you 7
2024-10-14 13:36:25.195965 India: Tango and Juliett, sending you 1
2024-10-14 13:36:25.196326 Zulu: Sending you each 1
2024-10-14 13:36:25.196556 Quebec: Tango, Golf and Delta, sending you 3
2024-10-14 13:36:25.197196 Alpha: Papa and Zulu, sending you 2
2024-10-14 13:36:25.197456 Juliett: Tango and Hotel, sending you 1
chatterbot Golf submitting transactions
chatterbot Delta submitting transactions
chatterbot Alpha submitting transactions
2024-10-14 13:36:25.198435 Papa: Golf, sending you 4
2024-10-14 13:36:25.531031 India: Quebec, Delta and Hotel, sending you 2
2024-10-14 13:36:25.532515 Golf: Papa, sending you 5
2024-10-14 13:36:25.532878 Quebec: India, Juliett and Hotel, sending you 1
2024-10-14 13:36:25.533231 Alpha: Golf, sending you 1
2024-10-14 13:36:25.533564 Tango: India, Alpha and Quebec, sending you 2
2024-10-14 13:36:25.534484 Juliett: India, Alpha and Quebec, sending you 3
2024-10-14 13:36:25.534860 Delta: Tango, Quebec and Juliett, sending you 2
2024-10-14 13:36:25.535246 Papa: Hotel, sending you 3
chatterbot Juliett submitting transactions
chatterbot Tango submitting transactions
chatterbot Zulu submitting transactions
2024-10-14 13:36:25.627388 India: Golf, sending you 3
2024-10-14 13:36:25.627789 Golf: Zulu and Hotel, sending you 2
2024-10-14 13:36:25.628504 Alpha: Hotel, sending you 3
2024-10-14 13:36:25.628800 Juliett: Delta, sending you 5
2024-10-14 13:36:25.629224 Tango: Delta and Hotel, sending you 1
2024-10-14 13:36:25.630044 Delta: India and Alpha, sending you 1
2024-10-14 13:36:25.630339 Hotel: Tango, India, Quebec, Delta and Juliett, sending you 2
chatterbot Papa submitting transactions
2024-10-14 13:36:25.665791 Delta: Hotel, sending you 3
2024-10-14 13:36:25.666529 Tango: Juliett, sending you 3
2024-10-14 13:36:25.666800 Hotel: Golf, sending you 1
chatterbot Quebec submitting transactions
chatterbot Hotel submitting transactions
ChatterBot Tango round 3
ChatterBot India round 3
ChatterBot Alpha round 3
ChatterBot Papa round 3
ChatterBot Zulu round 3
ChatterBot Quebec round 3
ChatterBot Golf round 3
ChatterBot Delta round 3
ChatterBot Juliett round 3
ChatterBot Hotel round 3
2024-10-14 13:36:25.967338 Hotel: Can we be friends?
ChatterBot Quebec reevaluating
2024-10-14 13:36:26.008887 Delta: No
2024-10-14 13:36:26.009140 Tango: No
2024-10-14 13:36:26.009320 Quebec: No
2024-10-14 13:36:26.009489 India: No
2024-10-14 13:36:26.009662 Juliett: No
2024-10-14 13:36:26.009831 Alpha: No
2024-10-14 13:36:26.010380 Papa: No
2024-10-14 13:36:26.010569 Zulu: No
2024-10-14 13:36:26.010731 Golf: No
ChatterBot Quebec reevaluating
ChatterBot Quebec reevaluating
ChatterBot India reevaluating
ChatterBot India reevaluating
ChatterBot Quebec reevaluating
ChatterBot Quebec reevaluating
ChatterBot India reevaluating
ChatterBot Quebec reevaluating
ChatterBot India reevaluating
ChatterBot Delta reevaluating
ChatterBot Quebec reevaluating
ChatterBot India reevaluating
ChatterBot Delta reevaluating
ChatterBot Quebec reevaluating
ChatterBot India reevaluating
ChatterBot Delta reevaluating
ChatterBot Quebec reevaluating
ChatterBot India reevaluating
2024-10-14 13:36:26.336450 Tango: We should drop Alpha
ChatterBot India reevaluating
ChatterBot Quebec reevaluating
ChatterBot Delta reevaluating
2024-10-14 13:36:26.352206 India: Yes
2024-10-14 13:36:26.352340 Quebec: Yes
2024-10-14 13:36:26.352440 Delta: Yes
2024-10-14 13:36:26.352543 Juliett: Yes
2024-10-14 13:36:26.352638 Hotel: No
ChatterBot Quebec reevaluating
ChatterBot Delta reevaluating
ChatterBot Hotel reevaluating
ChatterBot India reevaluating
ChatterBot Delta reevaluating
ChatterBot Hotel reevaluating
ChatterBot India reevaluating
ChatterBot Quebec reevaluating
ChatterBot Hotel reevaluating
ChatterBot India reevaluating
ChatterBot Quebec reevaluating
ChatterBot Delta reevaluating
ChatterBot Hotel reevaluating
ChatterBot India reevaluating
ChatterBot Quebec reevaluating
ChatterBot Delta reevaluating
2024-10-14 13:36:26.522394 Delta: We should replace Alpha with Golf
ChatterBot India reevaluating
ChatterBot Quebec reevaluating
ChatterBot Hotel reevaluating
2024-10-14 13:36:26.547826 Tango: No
2024-10-14 13:36:26.547969 India: Yes
2024-10-14 13:36:26.548101 Quebec: No
2024-10-14 13:36:26.548265 Juliett: No
2024-10-14 13:36:26.548371 Hotel: No
ChatterBot India reevaluating
ChatterBot Quebec reevaluating
ChatterBot Delta reevaluating
ChatterBot Hotel reevaluating
ChatterBot Quebec reevaluating
ChatterBot Delta reevaluating
ChatterBot Hotel reevaluating
ChatterBot India reevaluating
ChatterBot Delta reevaluating
ChatterBot Hotel reevaluating
ChatterBot India reevaluating
ChatterBot Quebec reevaluating
ChatterBot Delta reevaluating
ChatterBot Hotel reevaluating
ChatterBot India reevaluating
ChatterBot Quebec reevaluating
ChatterBot Delta reevaluating
2024-10-14 13:36:26.669862 Alpha: Papa and Golf, sending you 3
2024-10-14 13:36:26.670727 Zulu: Same as last round
2024-10-14 13:36:26.671078 Papa: Alpha, sending you 3
2024-10-14 13:36:26.671540 Delta: We should replace Alpha with Zulu
ChatterBot India reevaluating
ChatterBot Quebec reevaluating
ChatterBot Hotel reevaluating
2024-10-14 13:36:26.688061 Tango: No
2024-10-14 13:36:26.688212 India: No
2024-10-14 13:36:26.688341 Quebec: No
2024-10-14 13:36:26.688442 Juliett: No
2024-10-14 13:36:26.688530 Hotel: No
ChatterBot India reevaluating
ChatterBot Quebec reevaluating
ChatterBot Delta reevaluating
ChatterBot Hotel reevaluating
ChatterBot Quebec reevaluating
ChatterBot Delta reevaluating
ChatterBot Hotel reevaluating
ChatterBot India reevaluating
ChatterBot Delta reevaluating
ChatterBot Hotel reevaluating
ChatterBot India reevaluating
ChatterBot Quebec reevaluating
ChatterBot Delta reevaluating
ChatterBot Hotel reevaluating
ChatterBot India reevaluating
ChatterBot Quebec reevaluating
ChatterBot Delta reevaluating
chatterbot Zulu submitting transactions
2024-10-14 13:36:26.848473 Alpha: Zulu and Hotel, sending you 2
2024-10-14 13:36:26.849724 Papa: Zulu and Hotel, sending you 2
2024-10-14 13:36:26.851058 Tango: India, Delta, Juliett and Hotel, sending you 2
2024-10-14 13:36:26.971147 Golf: Alpha, sending you 4
2024-10-14 13:36:26.971706 Delta: Golf we want you to join our group
2024-10-14 13:36:26.975686 Golf: No
ChatterBot Delta reevaluating
ChatterBot Hotel reevaluating
2024-10-14 13:36:26.995992 Hotel: We should replace Golf with Papa
ChatterBot Delta reevaluating
2024-10-14 13:36:27.011436 Tango: No
2024-10-14 13:36:27.011647 India: No
2024-10-14 13:36:27.011781 Quebec: No
2024-10-14 13:36:27.011891 Delta: No
2024-10-14 13:36:27.012035 Juliett: No
ChatterBot Delta reevaluating
ChatterBot Hotel reevaluating
ChatterBot Delta reevaluating
ChatterBot Hotel reevaluating
ChatterBot Delta reevaluating
ChatterBot Hotel reevaluating
ChatterBot Hotel reevaluating
ChatterBot Delta reevaluating
ChatterBot Hotel reevaluating
2024-10-14 13:36:27.095259 Papa: Golf, sending you 4
2024-10-14 13:36:27.096372 Tango: Quebec, sending you 3
chatterbot Tango submitting transactions
2024-10-14 13:36:27.097307 Golf: Papa, sending you 7
chatterbot Juliett submitting transactions
2024-10-14 13:36:27.289775 Delta: Zulu we want you to join our group
2024-10-14 13:36:27.293068 Zulu: No
ChatterBot Hotel reevaluating
2024-10-14 13:36:27.311281 Juliett: Tango, India and Quebec, sending you 3
2024-10-14 13:36:27.312116 India: Tango, Quebec, Delta and Hotel, sending you 2
2024-10-14 13:36:27.312586 Golf: Zulu and Hotel, sending you 3
2024-10-14 13:36:27.313646 Quebec: Tango and Delta, sending you 3
chatterbot Papa submitting transactions
chatterbot Golf submitting transactions
chatterbot Alpha submitting transactions
2024-10-14 13:36:27.357631 Juliett: Delta, sending you 5
2024-10-14 13:36:27.358569 India: Juliett, sending you 3
2024-10-14 13:36:27.358883 Quebec: India, Juliett and Hotel, sending you 2
2024-10-14 13:36:27.398587 Juliett: Hotel, sending you 2
2024-10-14 13:36:27.399836 Delta: Tango, India, Quebec, Juliett and Hotel, sending you 2
2024-10-14 13:36:27.438565 Hotel: Tango, India, Alpha, Zulu, Quebec, Golf and Juliett, sending you 1
2024-10-14 13:36:27.439675 Delta: Zulu, sending you 1
chatterbot Quebec submitting transactions
2024-10-14 13:36:27.497089 Hotel: Papa and Delta, sending you 2
chatterbot Delta submitting transactions
chatterbot India submitting transactions
chatterbot Hotel submitting transactions
ChatterBot Tango round 4
ChatterBot India round 4
ChatterBot Alpha round 4
ChatterBot Papa round 4
ChatterBot Zulu round 4
ChatterBot Quebec round 4
ChatterBot Golf round 4
ChatterBot Delta round 4
ChatterBot Juliett round 4
ChatterBot Hotel round 4
2024-10-14 13:36:28.610715 Tango: India, Delta, Juliett and Hotel, sending you 2
2024-10-14 13:36:28.611624 India: Tango, Quebec, Delta and Hotel, sending you 2
2024-10-14 13:36:28.615750 Tango: Quebec, sending you 3
2024-10-14 13:36:28.616344 India: Juliett, sending you 3
2024-10-14 13:36:28.617424 Zulu: Same as last round
2024-10-14 13:36:28.620699 Golf: Alpha, sending you 5
2024-10-14 13:36:28.622031 Papa: Alpha, Golf and Hotel, sending you 3
2024-10-14 13:36:28.624672 Golf: Papa, sending you 6
2024-10-14 13:36:28.625756 Delta: Tango, India, Quebec and Hotel, sending you 2
2024-10-14 13:36:28.626513 Alpha: Papa, Zulu and Golf, sending you 3
2024-10-14 13:36:28.627572 Papa: Zulu, sending you 2
2024-10-14 13:36:28.628306 Golf: Zulu and Hotel, sending you 3
2024-10-14 13:36:28.628959 Juliett: Tango and Quebec, sending you 3
2024-10-14 13:36:28.630320 Alpha: Hotel, sending you 1
2024-10-14 13:36:28.630862 Quebec: Tango, Delta and Juliett, sending you 3
2024-10-14 13:36:28.632136 Delta: Juliett, sending you 3
2024-10-14 13:36:28.634710 Juliett: India and Delta, sending you 4
2024-10-14 13:36:28.635698 Quebec: India, sending you 2
2024-10-14 13:36:28.636169 Hotel: Tango, India, Quebec, Golf and Delta, sending you 2
2024-10-14 13:36:28.638748 Juliett: Hotel, sending you 2
2024-10-14 13:36:28.639683 Hotel: Juliett, sending you 1
2024-10-14 13:36:28.640702 Quebec: Hotel, sending you 1
chatterbot Hotel submitting transactions
chatterbot Tango submitting transactions
chatterbot Delta submitting transactions
chatterbot India submitting transactions
chatterbot Golf submitting transactions
chatterbot Zulu submitting transactions
chatterbot Alpha submitting transactions
chatterbot Juliett submitting transactions
chatterbot Quebec submitting transactions
chatterbot Papa submitting transactions
ChatterBot Tango round 5
ChatterBot India round 5
ChatterBot Alpha round 5
ChatterBot Papa round 5
ChatterBot Zulu round 5
ChatterBot Quebec round 5
ChatterBot Golf round 5
ChatterBot Delta round 5
ChatterBot Juliett round 5
ChatterBot Hotel round 5
2024-10-14 13:36:29.859676 Tango: India, Delta, Juliett and Hotel, sending you 2
2024-10-14 13:36:29.861707 India: Tango, Quebec, Delta and Hotel, sending you 2
2024-10-14 13:36:29.864697 Tango: Quebec, sending you 3
2024-10-14 13:36:29.865322 India: Juliett, sending you 3
2024-10-14 13:36:29.868669 Papa: Alpha, sending you 3
2024-10-14 13:36:29.872202 Papa: Zulu and Hotel, sending you 2
2024-10-14 13:36:29.874689 Alpha: Papa and Zulu, sending you 3
2024-10-14 13:36:29.875680 Papa: Golf, sending you 4
2024-10-14 13:36:29.877678 Zulu: Same as last round
2024-10-14 13:36:29.878286 Alpha: Golf and Hotel, sending you 2
2024-10-14 13:36:29.883188 Quebec: Tango and Delta, sending you 3
2024-10-14 13:36:29.883915 Golf: Alpha and Papa, sending you 5
2024-10-14 13:36:29.885443 Delta: Tango, India, Quebec and Hotel, sending you 2
2024-10-14 13:36:29.886199 Hotel: Tango, India, Golf, Delta and Juliett, sending you 2
2024-10-14 13:36:29.887716 Quebec: India, Juliett and Hotel, sending you 2
2024-10-14 13:36:29.888444 Golf: Zulu, sending you 3
2024-10-14 13:36:29.889693 Delta: Juliett, sending you 3
2024-10-14 13:36:29.890455 Hotel: Quebec, sending you 1
2024-10-14 13:36:29.891130 Juliett: Tango and Quebec, sending you 3
2024-10-14 13:36:29.894595 Golf: Hotel, sending you 4
2024-10-14 13:36:29.898691 Juliett: India and Delta, sending you 4
2024-10-14 13:36:29.904505 Juliett: Hotel, sending you 2
chatterbot Juliett submitting transactions
chatterbot Quebec submitting transactions
chatterbot Hotel submitting transactions
chatterbot Tango submitting transactions
chatterbot Golf submitting transactions
chatterbot India submitting transactions
chatterbot Papa submitting transactions
chatterbot Delta submitting transactions
chatterbot Zulu submitting transactions
chatterbot Alpha submitting transactions
ChatterBot Tango round 6
ChatterBot India round 6
ChatterBot Alpha round 6
ChatterBot Papa round 6
ChatterBot Zulu round 6
ChatterBot Quebec round 6
ChatterBot Golf round 6
ChatterBot Delta round 6
ChatterBot Juliett round 6
ChatterBot Hotel round 6
2024-10-14 13:36:31.115119 Delta: We should add Zulu
2024-10-14 13:36:31.136008 Tango: No
2024-10-14 13:36:31.136364 India: No
2024-10-14 13:36:31.136681 Quebec: Yes
2024-10-14 13:36:31.137478 Juliett: No
2024-10-14 13:36:31.137787 Hotel: No
ChatterBot Quebec reevaluating
ChatterBot Delta reevaluating
ChatterBot Hotel reevaluating
ChatterBot Quebec reevaluating
ChatterBot Delta reevaluating
ChatterBot Hotel reevaluating
ChatterBot Delta reevaluating
ChatterBot Hotel reevaluating
ChatterBot Quebec reevaluating
ChatterBot Delta reevaluating
ChatterBot Hotel reevaluating
ChatterBot Quebec reevaluating
ChatterBot Delta reevaluating
2024-10-14 13:36:31.244683 Tango: India, Delta, Juliett and Hotel, sending you 2
2024-10-14 13:36:31.245973 Quebec: Tango, Delta and Juliett, sending you 3
2024-10-14 13:36:31.247672 Hotel: Tango, India, Golf, Delta and Juliett, sending you 2
2024-10-14 13:36:31.249686 Quebec: India, sending you 2
2024-10-14 13:36:31.250420 Alpha: Papa and Zulu, sending you 3
2024-10-14 13:36:31.251113 Tango: Quebec, sending you 3
2024-10-14 13:36:31.252412 Hotel: Quebec, sending you 1
2024-10-14 13:36:31.254001 India: Tango, Quebec, Delta and Hotel, sending you 2
2024-10-14 13:36:31.255096 Quebec: Hotel, sending you 1
2024-10-14 13:36:31.256319 Zulu: Same as last round
2024-10-14 13:36:31.257133 Juliett: Tango and Quebec, sending you 3
2024-10-14 13:36:31.258590 Alpha: Golf and Hotel, sending you 2
2024-10-14 13:36:31.259027 Golf: Alpha and Hotel, sending you 4
2024-10-14 13:36:31.259435 Papa: Alpha, sending you 3
2024-10-14 13:36:31.260690 India: Juliett, sending you 3
2024-10-14 13:36:31.262364 Golf: Papa, sending you 6
2024-10-14 13:36:31.263198 Juliett: India and Delta, sending you 4
2024-10-14 13:36:31.264674 Papa: Zulu and Hotel, sending you 2
2024-10-14 13:36:31.266690 Golf: Zulu, sending you 3
2024-10-14 13:36:31.267721 Papa: Golf, sending you 4
2024-10-14 13:36:31.268720 Juliett: Hotel, sending you 2
chatterbot Alpha submitting transactions
chatterbot India submitting transactions
chatterbot Juliett submitting transactions
chatterbot Hotel submitting transactions
chatterbot Papa submitting transactions
chatterbot Delta submitting transactions
chatterbot Golf submitting transactions
chatterbot Zulu submitting transactions
chatterbot Tango submitting transactions
chatterbot Quebec submitting transactions
ChatterBot Tango round 7
ChatterBot India round 7
ChatterBot Alpha round 7
ChatterBot Papa round 7
ChatterBot Zulu round 7
ChatterBot Quebec round 7
ChatterBot Golf round 7
ChatterBot Delta round 7
2024-10-14 13:36:32.440313 Zulu: We should replace Hotel with Juliett
2024-10-14 13:36:32.452522 Alpha: No
2024-10-14 13:36:32.453154 Papa: No
2024-10-14 13:36:32.453290 Golf: No
ChatterBot Zulu reevaluating
ChatterBot Juliett round 7
ChatterBot Hotel round 7
2024-10-14 13:36:32.530698 Papa: Alpha, sending you 3
2024-10-14 13:36:32.531979 Golf: I was attacked by Delta
ChatterBot Alpha reevaluating
ChatterBot Papa reevaluating
ChatterBot Zulu reevaluating
ChatterBot Hotel reevaluating
2024-10-14 13:36:32.554063 Golf: I'm keeping this round to protect myself
2024-10-14 13:36:32.556183 Golf: Ow
2024-10-14 13:36:32.557006 Tango: India, Delta, Juliett and Hotel, sending you 2
2024-10-14 13:36:32.558638 Delta: Tango, India, Quebec and Hotel, sending you 2
2024-10-14 13:36:32.562148 Tango: Quebec, sending you 3
2024-10-14 13:36:32.563785 Delta: Juliett, sending you 3
2024-10-14 13:36:32.564696 India: Tango, Quebec, Delta and Hotel, sending you 2
2024-10-14 13:36:32.566427 Zulu: Juliett we want you to join our group
2024-10-14 13:36:32.570715 Juliett: No
ChatterBot Zulu reevaluating
ChatterBot Alpha reevaluating
ChatterBot Papa reevaluating
2024-10-14 13:36:32.586376 Quebec: Tango and Juliett, sending you 3
2024-10-14 13:36:32.587155 Juliett: Tango, Quebec, Delta and Hotel, sending you 3
2024-10-14 13:36:32.587632 India: Juliett, sending you 3
2024-10-14 13:36:32.590691 Juliett: India, sending you 4
2024-10-14 13:36:32.591681 Quebec: India, Delta and Hotel, sending you 2
2024-10-14 13:36:32.592683 Hotel: Tango, India, Golf, Delta and Juliett, sending you 2
2024-10-14 13:36:32.595703 Hotel: Quebec, sending you 1
2024-10-14 13:36:32.604701 Zulu: Sending you each 1
2024-10-14 13:36:32.613680 Alpha: Papa and Zulu, sending you 3
2024-10-14 13:36:32.616673 Alpha: Golf and Hotel, sending you 2
chatterbot Juliett submitting transactions
chatterbot Golf submitting transactions
chatterbot Tango submitting transactions
chatterbot India submitting transactions
chatterbot Hotel submitting transactions
chatterbot Alpha submitting transactions
chatterbot Quebec submitting transactions
chatterbot Papa submitting transactions
chatterbot Zulu submitting transactions
chatterbot Delta submitting transactions
ChatterBot Tango round 8
ChatterBot India round 8
ChatterBot Alpha round 8
ChatterBot Papa round 8
ChatterBot Zulu round 8
ChatterBot Quebec round 8
ChatterBot Golf round 8
ChatterBot Delta round 8
ChatterBot Juliett round 8
ChatterBot Hotel round 8
2024-10-14 13:36:33.856854 Hotel: We should replace Golf with Papa
ChatterBot Quebec reevaluating
2024-10-14 13:36:33.882759 Tango: No
2024-10-14 13:36:33.882978 India: Yes
2024-10-14 13:36:33.883164 Quebec: Yes
2024-10-14 13:36:33.883344 Delta: No
2024-10-14 13:36:33.883527 Juliett: No
ChatterBot Quebec reevaluating
ChatterBot Hotel reevaluating
ChatterBot Quebec reevaluating
ChatterBot Hotel reevaluating
ChatterBot Hotel reevaluating
ChatterBot Quebec reevaluating
ChatterBot Hotel reevaluating
ChatterBot Quebec reevaluating
ChatterBot Hotel reevaluating
2024-10-14 13:36:34.022699 Tango: India, Delta, Juliett and Hotel, sending you 2
2024-10-14 13:36:34.027718 Alpha: Papa and Zulu, sending you 3
2024-10-14 13:36:34.028732 Tango: Quebec, sending you 3
2024-10-14 13:36:34.030675 Juliett: Tango and Quebec, sending you 3
2024-10-14 13:36:34.032014 Alpha: Golf and Hotel, sending you 2
2024-10-14 13:36:34.033695 Zulu: Same as last round
2024-10-14 13:36:34.035706 Juliett: India and Delta, sending you 4
2024-10-14 13:36:34.037558 Golf: Papa, sending you 1
2024-10-14 13:36:34.039030 Quebec: Tango, sending you 3
2024-10-14 13:36:34.040095 India: Tango, Quebec, Delta and Hotel, sending you 2
2024-10-14 13:36:34.041712 Juliett: Hotel, sending you 2
2024-10-14 13:36:34.043679 Quebec: India, Delta, Juliett and Hotel, sending you 2
2024-10-14 13:36:34.044755 India: Juliett, sending you 3
2024-10-14 13:36:34.045693 Hotel: Tango, India, Quebec, Delta and Juliett, sending you 2
2024-10-14 13:36:34.048707 Quebec: Papa, sending you 1
2024-10-14 13:36:34.050690 Hotel: Zulu, sending you 1
chatterbot Alpha submitting transactions
chatterbot Zulu submitting transactions
chatterbot India submitting transactions
chatterbot Juliett submitting transactions
chatterbot Papa submitting transactions
chatterbot Delta submitting transactions
chatterbot Quebec submitting transactions
chatterbot Tango submitting transactions
chatterbot Hotel submitting transactions
chatterbot Golf submitting transactions
ChatterBot Tango round 9
ChatterBot India round 9
ChatterBot Alpha round 9
ChatterBot Papa round 9
ChatterBot Zulu round 9
ChatterBot Quebec round 9
ChatterBot Golf round 9
ChatterBot Delta round 9
ChatterBot Juliett round 9
ChatterBot Hotel round 9
2024-10-14 13:36:35.067265 Hotel: We should replace Zulu with Papa
ChatterBot Quebec reevaluating
2024-10-14 13:36:35.083701 Tango: No
2024-10-14 13:36:35.083971 India: Yes
2024-10-14 13:36:35.084139 Quebec: No
2024-10-14 13:36:35.084277 Delta: No
2024-10-14 13:36:35.084414 Juliett: No
ChatterBot Quebec reevaluating
ChatterBot Quebec reevaluating
ChatterBot Hotel reevaluating
ChatterBot Hotel reevaluating
ChatterBot Quebec reevaluating
ChatterBot Hotel reevaluating
ChatterBot Quebec reevaluating
ChatterBot Hotel reevaluating
2024-10-14 13:36:35.251703 Hotel: Papa we want you to join our group
ChatterBot Papa reevaluating
2024-10-14 13:36:35.258086 Papa: No
ChatterBot Hotel reevaluating
2024-10-14 13:36:35.274946 Golf: I was attacked by Delta
ChatterBot Alpha reevaluating
ChatterBot Papa reevaluating
ChatterBot Zulu reevaluating
ChatterBot Hotel reevaluating
2024-10-14 13:36:35.285988 Golf: I'm keeping this round to protect myself
2024-10-14 13:36:35.287593 Golf: Ow
2024-10-14 13:36:35.288037 Tango: India, Delta, Juliett and Hotel, sending you 2
2024-10-14 13:36:35.288913 Juliett: Tango, Quebec, Delta and Hotel, sending you 3
2024-10-14 13:36:35.290803 Quebec: Tango and Juliett, sending you 3
2024-10-14 13:36:35.292259 India: Tango, Quebec, Delta and Hotel, sending you 2
2024-10-14 13:36:35.293687 Tango: Quebec, sending you 3
2024-10-14 13:36:35.295692 Juliett: India, sending you 4
2024-10-14 13:36:35.297097 Quebec: India, Delta and Hotel, sending you 2
2024-10-14 13:36:35.298565 India: Juliett, sending you 3
2024-10-14 13:36:35.299391 Delta: Tango, India, Quebec and Hotel, sending you 2
2024-10-14 13:36:35.303719 Delta: Juliett, sending you 3
2024-10-14 13:36:35.318673 Hotel: Tango, India, Quebec, Delta and Juliett, sending you 2
2024-10-14 13:36:35.322654 Hotel: Zulu, sending you 1
chatterbot Juliett submitting transactions
chatterbot India submitting transactions
chatterbot Alpha submitting transactions
chatterbot Tango submitting transactions
chatterbot Quebec submitting transactions
chatterbot Delta submitting transactions
chatterbot Golf submitting transactions
chatterbot Hotel submitting transactions
chatterbot Papa submitting transactions
chatterbot Zulu submitting transactions
ChatterBot Tango round 10
ChatterBot India round 10
ChatterBot Alpha round 10
ChatterBot Papa round 10
ChatterBot Zulu round 10
ChatterBot Quebec round 10
ChatterBot Golf round 10
ChatterBot Delta round 10
ChatterBot Juliett round 10
ChatterBot Hotel round 10
2024-10-14 13:36:36.342074 Zulu: We should replace Juliett with Quebec
ChatterBot Alpha reevaluating
ChatterBot Papa reevaluating
2024-10-14 13:36:36.353325 Alpha: No
2024-10-14 13:36:36.353493 Papa: No
2024-10-14 13:36:36.353598 Golf: No
ChatterBot Zulu reevaluating
ChatterBot Papa reevaluating
ChatterBot Zulu reevaluating
ChatterBot Alpha reevaluating
ChatterBot Zulu reevaluating
ChatterBot Alpha reevaluating
ChatterBot Papa reevaluating
2024-10-14 13:36:36.387358 Hotel: We should replace Zulu with Papa
ChatterBot Delta reevaluating
2024-10-14 13:36:36.407774 Tango: No
2024-10-14 13:36:36.408001 India: Yes
2024-10-14 13:36:36.408186 Quebec: Yes
2024-10-14 13:36:36.408683 Delta: Yes
2024-10-14 13:36:36.408863 Juliett: No
ChatterBot Delta reevaluating
ChatterBot Hotel reevaluating
ChatterBot Quebec reevaluating
ChatterBot Delta reevaluating
ChatterBot Hotel reevaluating
ChatterBot Delta reevaluating
ChatterBot Hotel reevaluating
ChatterBot Quebec reevaluating
ChatterBot Hotel reevaluating
ChatterBot Quebec reevaluating
ChatterBot Delta reevaluating
ChatterBot Hotel reevaluating
2024-10-14 13:36:36.614468 Papa: We should replace Hotel with Quebec
ChatterBot Zulu reevaluating
ChatterBot Alpha reevaluating
2024-10-14 13:36:36.628202 Zulu: Yes
2024-10-14 13:36:36.628961 Alpha: No
2024-10-14 13:36:36.629246 Golf: No
ChatterBot Alpha reevaluating
ChatterBot Papa reevaluating
ChatterBot Golf reevaluating
ChatterBot Zulu reevaluating
ChatterBot Papa reevaluating
ChatterBot Golf reevaluating
ChatterBot Zulu reevaluating
ChatterBot Alpha reevaluating
ChatterBot Papa reevaluating
2024-10-14 13:36:36.699864 Zulu: Quebec we want you to join our group
2024-10-14 13:36:36.705141 Quebec: No
ChatterBot Zulu reevaluating
ChatterBot Alpha reevaluating
2024-10-14 13:36:36.720250 Papa: Quebec we want you to join our group
2024-10-14 13:36:36.723517 Quebec: No
ChatterBot Zulu reevaluating
ChatterBot Alpha reevaluating
2024-10-14 13:36:36.738679 Quebec: Tango, sending you 3
2024-10-14 13:36:36.740089 Alpha: Quebec we want you to join our group
ChatterBot Quebec reevaluating
2024-10-14 13:36:36.744593 Quebec: No
ChatterBot Zulu reevaluating
ChatterBot Papa reevaluating
2024-10-14 13:36:36.764745 Tango: India, Delta, Juliett and Hotel, sending you 2
2024-10-14 13:36:36.766996 Juliett: Tango, Quebec, Delta and Hotel, sending you 3
2024-10-14 13:36:36.769218 Delta: Tango, India, Quebec, Juliett and Hotel, sending you 2
2024-10-14 13:36:36.771268 India: Tango, Quebec, Delta and Hotel, sending you 2
2024-10-14 13:36:36.773960 Hotel: Tango, India, Quebec, Delta and Juliett, sending you 2
2024-10-14 13:36:36.776713 Tango: Quebec, sending you 3
2024-10-14 13:36:36.779493 Juliett: India, sending you 4
2024-10-14 13:36:36.782294 Delta: Papa, sending you 1
2024-10-14 13:36:36.785191 India: Juliett, sending you 3
2024-10-14 13:36:36.787493 Hotel: Zulu, sending you 1
2024-10-14 13:36:36.806673 Zulu: Alpha, Papa, Quebec and Golf, sending you 1
chatterbot Golf submitting transactions
chatterbot India submitting transactions
chatterbot Hotel submitting transactions
chatterbot Tango submitting transactions
chatterbot Juliett submitting transactions
chatterbot Zulu submitting transactions
chatterbot Papa submitting transactions
chatterbot Quebec submitting transactions
chatterbot Delta submitting transactions
chatterbot Alpha submitting transactions
ChatterBot Tango round 11
ChatterBot India round 11
ChatterBot Alpha round 11
ChatterBot Papa round 11
ChatterBot Zulu round 11
ChatterBot Quebec round 11
ChatterBot Golf round 11
ChatterBot Delta round 11
ChatterBot Juliett round 11
ChatterBot Hotel round 11
2024-10-14 13:36:38.016026 Alpha: We should replace Hotel with Quebec
ChatterBot Zulu reevaluating
ChatterBot Papa reevaluating
ChatterBot Golf reevaluating
2024-10-14 13:36:38.040174 Zulu: No
2024-10-14 13:36:38.040502 Papa: Yes
2024-10-14 13:36:38.040728 Golf: Yes
ChatterBot Alpha reevaluating
ChatterBot Papa reevaluating
ChatterBot Golf reevaluating
ChatterBot Zulu reevaluating
ChatterBot Alpha reevaluating
ChatterBot Golf reevaluating
ChatterBot Zulu reevaluating
ChatterBot Alpha reevaluating
ChatterBot Papa reevaluating
2024-10-14 13:36:38.172129 Alpha: Quebec we want you to join our group
ChatterBot Quebec reevaluating
2024-10-14 13:36:38.181130 Quebec: No
ChatterBot Zulu reevaluating
ChatterBot Alpha reevaluating
ChatterBot Papa reevaluating
ChatterBot Golf reevaluating
2024-10-14 13:36:38.222772 Tango: India, Delta, Juliett and Hotel, sending you 2
2024-10-14 13:36:38.226374 Juliett: Tango, Quebec, Delta and Hotel, sending you 3
2024-10-14 13:36:38.228636 India: Tango, Quebec, Delta and Hotel, sending you 2
2024-10-14 13:36:38.230833 Golf: Quebec we want you to join our group
ChatterBot Quebec reevaluating
2024-10-14 13:36:38.237105 Quebec: No
ChatterBot Zulu reevaluating
ChatterBot Alpha reevaluating
ChatterBot Golf reevaluating
2024-10-14 13:36:38.258010 Golf: We should replace Hotel with India
ChatterBot Zulu reevaluating
ChatterBot Alpha reevaluating
2024-10-14 13:36:38.269749 Zulu: No
2024-10-14 13:36:38.269917 Alpha: No
2024-10-14 13:36:38.270042 Papa: No
ChatterBot Alpha reevaluating
ChatterBot Golf reevaluating
ChatterBot Zulu reevaluating
ChatterBot Golf reevaluating
ChatterBot Zulu reevaluating
ChatterBot Alpha reevaluating
ChatterBot Golf reevaluating
2024-10-14 13:36:38.319022 Papa: Quebec we want you to join our group
ChatterBot Quebec reevaluating
2024-10-14 13:36:38.324338 Quebec: No
ChatterBot Zulu reevaluating
ChatterBot Alpha reevaluating
ChatterBot Golf reevaluating
2024-10-14 13:36:38.338466 Tango: Quebec, sending you 3
2024-10-14 13:36:38.340822 Juliett: India, sending you 4
2024-10-14 13:36:38.342689 India: Juliett, sending you 3
2024-10-14 13:36:38.343736 Hotel: Tango, India, Quebec, Delta and Juliett, sending you 2
2024-10-14 13:36:38.348684 Hotel: Zulu, sending you 1
2024-10-14 13:36:38.362708 Zulu: Alpha, Papa, Quebec and Golf, sending you 1
2024-10-14 13:36:38.374679 Golf: Alpha, sending you 3
2024-10-14 13:36:38.380663 Golf: Papa, sending you 4
2024-10-14 13:36:38.386672 Golf: Zulu, sending you 2
2024-10-14 13:36:38.390674 Golf: Quebec, sending you 1
chatterbot Juliett submitting transactions
chatterbot India submitting transactions
chatterbot Hotel submitting transactions
