ChatterBot Zulu round 1
ChatterBot Oscar round 1
ChatterBot Kilo round 1
ChatterBot X-ray round 1
ChatterBot Hotel round 1
ChatterBot November round 1
ChatterBot Romeo round 1
ChatterBot Foxtrot round 1
ChatterBot Juliett round 1
ChatterBot Tango round 1
randomSelections Hotel: {Hotel, Oscar} 
2024-10-15 01:42:29.040139 Hotel: We would work well together
ChatterBot Oscar reevaluating
2024-10-15 01:42:29.047753 Oscar: Yes
randomSelections Romeo: {Romeo, Tango, November, X-ray, Kilo, Hotel} 
2024-10-15 01:42:29.054543 Romeo: We would work well together
ChatterBot Tango reevaluating
ChatterBot November reevaluating
ChatterBot X-ray reevaluating
ChatterBot Kilo reevaluating
2024-10-15 01:42:29.080148 Tango: Yes
2024-10-15 01:42:29.080381 November: Yes
2024-10-15 01:42:29.080534 X-ray: Yes
2024-10-15 01:42:29.080713 Kilo: Yes
2024-10-15 01:42:29.081850 Hotel: No
ChatterBot November reevaluating
ChatterBot X-ray reevaluating
ChatterBot Kilo reevaluating
ChatterBot Tango reevaluating
ChatterBot X-ray reevaluating
ChatterBot Kilo reevaluating
ChatterBot Tango reevaluating
ChatterBot November reevaluating
ChatterBot Kilo reevaluating
ChatterBot Tango reevaluating
ChatterBot November reevaluating
ChatterBot X-ray reevaluating
ChatterBot Tango reevaluating
ChatterBot November reevaluating
ChatterBot X-ray reevaluating
ChatterBot Kilo reevaluating
randomSelections Zulu: {Zulu, Oscar, X-ray, Hotel, Juliett, Kilo, Foxtrot} 
2024-10-15 01:42:29.155307 Zulu: Can we be friends?
ChatterBot Oscar reevaluating
ChatterBot X-ray reevaluating
ChatterBot Juliett reevaluating
ChatterBot Kilo reevaluating
ChatterBot Foxtrot reevaluating
2024-10-15 01:42:29.171355 Oscar: No
2024-10-15 01:42:29.171545 X-ray: No
2024-10-15 01:42:29.172202 Hotel: No
2024-10-15 01:42:29.172366 Juliett: Yes
2024-10-15 01:42:29.172520 Kilo: No
2024-10-15 01:42:29.172712 Foxtrot: Yes
ChatterBot X-ray reevaluating
ChatterBot Juliett reevaluating
ChatterBot Kilo reevaluating
ChatterBot Foxtrot reevaluating
ChatterBot Oscar reevaluating
ChatterBot Juliett reevaluating
ChatterBot Kilo reevaluating
ChatterBot Foxtrot reevaluating
ChatterBot Oscar reevaluating
ChatterBot X-ray reevaluating
ChatterBot Juliett reevaluating
ChatterBot Kilo reevaluating
ChatterBot Foxtrot reevaluating
ChatterBot Oscar reevaluating
ChatterBot X-ray reevaluating
ChatterBot Kilo reevaluating
ChatterBot Foxtrot reevaluating
ChatterBot Oscar reevaluating
ChatterBot X-ray reevaluating
ChatterBot Juliett reevaluating
ChatterBot Foxtrot reevaluating
ChatterBot Oscar reevaluating
ChatterBot X-ray reevaluating
ChatterBot Juliett reevaluating
ChatterBot Kilo reevaluating
chatterbot Zulu submitting transactions
2024-10-15 01:42:29.428663 Kilo: X-ray, Hotel, November and Tango, sending you 2
2024-10-15 01:42:29.429364 Foxtrot: Zulu, Kilo, X-ray and Juliett, sending you 2
2024-10-15 01:42:29.430727 Zulu: Oscar, sending you 1
2024-10-15 01:42:29.432048 Hotel: Sending you 14
2024-10-15 01:42:29.432726 Juliett: Zulu, sending you 1
2024-10-15 01:42:29.434220 Romeo: Kilo and Tango, sending you 2
2024-10-15 01:42:29.435763 November: X-ray, sending you 3
2024-10-15 01:42:29.437050 Oscar: Sending you 9
2024-10-15 01:42:29.437440 X-ray: Kilo, Hotel, November and Tango, sending you 2
2024-10-15 01:42:29.438853 Kilo: Romeo, sending you 1
2024-10-15 01:42:29.439546 Foxtrot: Oscar and Hotel, sending you 1
2024-10-15 01:42:29.440790 Zulu: Kilo and Juliett, sending you 2
2024-10-15 01:42:29.442223 Romeo: X-ray, sending you 1
2024-10-15 01:42:29.442916 November: Hotel and Romeo, sending you 1
2024-10-15 01:42:29.444230 X-ray: Romeo, sending you 1
2024-10-15 01:42:29.445891 Zulu: Foxtrot, sending you 4
2024-10-15 01:42:29.447132 Romeo: Hotel, sending you 3
2024-10-15 01:42:29.450345 November: Tango, sending you 2
2024-10-15 01:42:29.451061 Tango: X-ray and Hotel, sending you 3
2024-10-15 01:42:29.457004 Tango: November, sending you 2
2024-10-15 01:42:29.466849 Tango: Romeo, sending you 1
chatterbot Tango submitting transactions
chatterbot Romeo submitting transactions
chatterbot Foxtrot submitting transactions
chatterbot Juliett submitting transactions
chatterbot Hotel submitting transactions
chatterbot Oscar submitting transactions
chatterbot November submitting transactions
chatterbot X-ray submitting transactions
chatterbot Kilo submitting transactions
ChatterBot Zulu round 2
ChatterBot Oscar round 2
ChatterBot Kilo round 2
2024-10-15 01:42:30.497899 Zulu: Let's form a team
ChatterBot Foxtrot reevaluating
ChatterBot Juliett reevaluating
2024-10-15 01:42:30.524912 Foxtrot: No
2024-10-15 01:42:30.525095 Juliett: No
ChatterBot Zulu reevaluating
ChatterBot Juliett reevaluating
ChatterBot Zulu reevaluating
ChatterBot Foxtrot reevaluating
2024-10-15 01:42:30.567805 Juliett: Let's form a team
ChatterBot Foxtrot reevaluating
2024-10-15 01:42:30.588904 Foxtrot: No
ChatterBot Juliett reevaluating
ChatterBot X-ray round 2
ChatterBot Hotel round 2
ChatterBot November round 2
ChatterBot Romeo round 2
ChatterBot Foxtrot round 2
ChatterBot Juliett round 2
2024-10-15 01:42:30.618224 Kilo: Group up?
ChatterBot X-ray reevaluating
ChatterBot November reevaluating
ChatterBot Romeo reevaluating
ChatterBot Tango reevaluating
ChatterBot Zulu reevaluating
ChatterBot Foxtrot reevaluating
ChatterBot Juliett reevaluating
2024-10-15 01:42:30.672519 X-ray: No
2024-10-15 01:42:30.672742 November: No
2024-10-15 01:42:30.672939 Romeo: No
2024-10-15 01:42:30.673726 Tango: No
2024-10-15 01:42:30.673919 Zulu: No
2024-10-15 01:42:30.674117 Foxtrot: No
2024-10-15 01:42:30.674273 Juliett: No
ChatterBot November reevaluating
ChatterBot Romeo reevaluating
ChatterBot Tango reevaluating
ChatterBot Zulu reevaluating
ChatterBot Foxtrot reevaluating
ChatterBot Juliett reevaluating
ChatterBot X-ray reevaluating
ChatterBot Romeo reevaluating
ChatterBot Tango reevaluating
ChatterBot Zulu reevaluating
ChatterBot Foxtrot reevaluating
ChatterBot Juliett reevaluating
ChatterBot X-ray reevaluating
ChatterBot November reevaluating
ChatterBot Tango reevaluating
ChatterBot Zulu reevaluating
ChatterBot Foxtrot reevaluating
ChatterBot Juliett reevaluating
ChatterBot X-ray reevaluating
ChatterBot November reevaluating
ChatterBot Romeo reevaluating
ChatterBot Zulu reevaluating
ChatterBot Foxtrot reevaluating
ChatterBot Juliett reevaluating
ChatterBot X-ray reevaluating
ChatterBot November reevaluating
ChatterBot Romeo reevaluating
ChatterBot Tango reevaluating
ChatterBot Foxtrot reevaluating
ChatterBot Juliett reevaluating
ChatterBot X-ray reevaluating
ChatterBot November reevaluating
ChatterBot Romeo reevaluating
ChatterBot Tango reevaluating
ChatterBot Zulu reevaluating
ChatterBot Juliett reevaluating
ChatterBot X-ray reevaluating
ChatterBot November reevaluating
ChatterBot Romeo reevaluating
ChatterBot Tango reevaluating
ChatterBot Zulu reevaluating
ChatterBot Foxtrot reevaluating
ChatterBot Tango round 2
2024-10-15 01:42:31.087287 Oscar: We should group up
ChatterBot Hotel reevaluating
ChatterBot Zulu reevaluating
ChatterBot Foxtrot reevaluating
ChatterBot Juliett reevaluating
2024-10-15 01:42:31.105519 Hotel: No
2024-10-15 01:42:31.105676 Zulu: Yes
2024-10-15 01:42:31.105785 Foxtrot: No
2024-10-15 01:42:31.105912 Juliett: No
ChatterBot Zulu reevaluating
ChatterBot Foxtrot reevaluating
ChatterBot Juliett reevaluating
ChatterBot Hotel reevaluating
ChatterBot Foxtrot reevaluating
ChatterBot Juliett reevaluating
ChatterBot Hotel reevaluating
ChatterBot Zulu reevaluating
ChatterBot Juliett reevaluating
ChatterBot Oscar reevaluating
ChatterBot Hotel reevaluating
ChatterBot Zulu reevaluating
ChatterBot Foxtrot reevaluating
2024-10-15 01:42:31.178664 Oscar: We should add Juliett
ChatterBot Hotel reevaluating
2024-10-15 01:42:31.183432 Hotel: No
ChatterBot Oscar reevaluating
2024-10-15 01:42:31.220226 Zulu: We should drop X-ray and Kilo
ChatterBot Oscar reevaluating
ChatterBot Hotel reevaluating
ChatterBot Foxtrot reevaluating
ChatterBot Juliett reevaluating
2024-10-15 01:42:31.238567 Oscar: Yes
2024-10-15 01:42:31.238755 Hotel: No
2024-10-15 01:42:31.238890 Foxtrot: Yes
2024-10-15 01:42:31.239545 Juliett: Yes
ChatterBot Hotel reevaluating
ChatterBot Zulu reevaluating
ChatterBot Foxtrot reevaluating
ChatterBot Juliett reevaluating
ChatterBot Oscar reevaluating
ChatterBot Zulu reevaluating
ChatterBot Foxtrot reevaluating
ChatterBot Juliett reevaluating
ChatterBot Oscar reevaluating
ChatterBot Hotel reevaluating
ChatterBot Zulu reevaluating
ChatterBot Juliett reevaluating
ChatterBot Oscar reevaluating
ChatterBot Hotel reevaluating
ChatterBot Zulu reevaluating
ChatterBot Foxtrot reevaluating
2024-10-15 01:42:31.309913 Oscar: We should add Foxtrot
ChatterBot Hotel reevaluating
2024-10-15 01:42:31.314352 Hotel: No
ChatterBot Oscar reevaluating
2024-10-15 01:42:31.319593 X-ray: We should drop Hotel
2024-10-15 01:42:31.333853 Kilo: Yes
2024-10-15 01:42:31.334552 November: Yes
2024-10-15 01:42:31.334679 Romeo: Yes
2024-10-15 01:42:31.334797 Tango: Yes
ChatterBot Kilo reevaluating
ChatterBot Kilo reevaluating
2024-10-15 01:42:31.615456 Foxtrot: Same as last round
2024-10-15 01:42:31.615778 Hotel: Oscar, sending you 5
2024-10-15 01:42:31.616170 X-ray: Kilo, November and Tango, sending you 2
2024-10-15 01:42:31.616835 Oscar: Zulu, Foxtrot and Juliett, sending you 2
2024-10-15 01:42:31.665046 Oscar: Hotel, sending you 3
2024-10-15 01:42:31.666020 Juliett: Zulu, sending you 1
2024-10-15 01:42:31.666300 November: Kilo and X-ray, sending you 3
2024-10-15 01:42:31.666629 Kilo: Zulu, X-ray, November, Romeo, Foxtrot and Tango, sending you 2
2024-10-15 01:42:31.667431 Hotel: Kilo, X-ray, Romeo and Tango, sending you 2
2024-10-15 01:42:31.667703 Romeo: Sending you each 2
2024-10-15 01:42:31.667954 X-ray: Romeo, sending you 1
2024-10-15 01:42:31.668629 Zulu: Oscar and Hotel, sending you 1
2024-10-15 01:42:31.668906 Tango: Kilo, sending you 3
2024-10-15 01:42:31.812396 November: Tango, sending you 2
2024-10-15 01:42:31.812929 Kilo: Juliett, sending you 1
2024-10-15 01:42:31.813995 Hotel: November, sending you 1
2024-10-15 01:42:31.814489 Zulu: Foxtrot, sending you 4
2024-10-15 01:42:31.814865 Tango: X-ray, November and Romeo, sending you 2
chatterbot November submitting transactions
chatterbot Hotel submitting transactions
2024-10-15 01:42:31.950691 Zulu: Juliett, sending you 3
chatterbot Foxtrot submitting transactions
chatterbot Kilo submitting transactions
chatterbot Romeo submitting transactions
chatterbot Juliett submitting transactions
chatterbot Kilo submitting transactions
chatterbot Tango submitting transactions
chatterbot X-ray submitting transactions
chatterbot Zulu submitting transactions
chatterbot Oscar submitting transactions
ChatterBot Zulu round 3
ChatterBot Oscar round 3
ChatterBot Kilo round 3
ChatterBot X-ray round 3
ChatterBot Hotel round 3
ChatterBot November round 3
ChatterBot Romeo round 3
ChatterBot Foxtrot round 3
ChatterBot Juliett round 3
ChatterBot Tango round 3
2024-10-15 01:42:32.583252 Kilo: We should drop Zulu and Foxtrot
2024-10-15 01:42:32.605451 X-ray: Yes
2024-10-15 01:42:32.605710 November: Yes
2024-10-15 01:42:32.605883 Romeo: Yes
2024-10-15 01:42:32.606032 Tango: Yes
2024-10-15 01:42:32.606168 Juliett: No
2024-10-15 01:42:32.746511 Oscar: We should drop Foxtrot and Juliett
2024-10-15 01:42:32.761046 Hotel: Yes
2024-10-15 01:42:32.761374 Zulu: No
ChatterBot Oscar reevaluating
ChatterBot Zulu reevaluating
ChatterBot Oscar reevaluating
2024-10-15 01:42:32.811462 Zulu: We should drop Oscar and Hotel
ChatterBot Foxtrot reevaluating
2024-10-15 01:42:32.820871 Foxtrot: Yes
2024-10-15 01:42:32.821103 Juliett: No
ChatterBot Zulu reevaluating
ChatterBot Juliett reevaluating
ChatterBot Zulu reevaluating
ChatterBot Foxtrot reevaluating
2024-10-15 01:42:32.851079 X-ray: Kilo, November and Romeo, sending you 1
2024-10-15 01:42:32.852027 Hotel: Oscar, sending you 6
2024-10-15 01:42:32.852409 November: Kilo and Tango, sending you 2
2024-10-15 01:42:32.876819 Juliett: We should drop Hotel
ChatterBot Foxtrot reevaluating
ChatterBot Oscar reevaluating
2024-10-15 01:42:32.890806 Zulu: Yes
2024-10-15 01:42:32.891084 Foxtrot: Yes
2024-10-15 01:42:32.891266 Oscar: No
ChatterBot Juliett reevaluating
ChatterBot Foxtrot reevaluating
ChatterBot Oscar reevaluating
ChatterBot Juliett reevaluating
ChatterBot Oscar reevaluating
ChatterBot Juliett reevaluating
ChatterBot Foxtrot reevaluating
2024-10-15 01:42:32.946318 X-ray: Tango, sending you 2
2024-10-15 01:42:32.947661 November: X-ray, sending you 3
2024-10-15 01:42:32.948065 Romeo: Kilo and Tango, sending you 3
2024-10-15 01:42:32.948826 Hotel: Kilo, X-ray, Romeo and Tango, sending you 2
2024-10-15 01:42:32.949904 Kilo: X-ray, sending you 3
2024-10-15 01:42:32.950310 Tango: Kilo, November and Romeo, sending you 2
2024-10-15 01:42:32.951493 Romeo: X-ray, sending you 2
2024-10-15 01:42:33.286643 November: Romeo, sending you 1
2024-10-15 01:42:33.287217 Kilo: November, Romeo and Tango, sending you 2
2024-10-15 01:42:33.288529 Tango: X-ray, sending you 3
chatterbot Romeo submitting transactions
chatterbot X-ray submitting transactions
2024-10-15 01:42:33.461746 Kilo: Juliett, sending you 1
2024-10-15 01:42:33.462385 Foxtrot: Zulu, sending you 4
chatterbot November submitting transactions
2024-10-15 01:42:33.689398 Foxtrot: Oscar and Hotel, sending you 3
2024-10-15 01:42:33.690433 Zulu: Foxtrot, sending you 6
2024-10-15 01:42:33.690792 Oscar: Hotel, sending you 5
chatterbot Zulu submitting transactions
chatterbot Kilo submitting transactions
chatterbot Foxtrot submitting transactions
2024-10-15 01:42:33.764530 Oscar: Romeo, sending you 4
2024-10-15 01:42:33.764913 Zulu: Juliett, sending you 3
chatterbot Hotel submitting transactions
chatterbot Tango submitting transactions
chatterbot Oscar submitting transactions
chatterbot Juliett submitting transactions
ChatterBot Zulu round 4
ChatterBot Oscar round 4
ChatterBot Kilo round 4
ChatterBot X-ray round 4
ChatterBot Hotel round 4
ChatterBot November round 4
ChatterBot Romeo round 4
ChatterBot Foxtrot round 4
ChatterBot Juliett round 4
ChatterBot Tango round 4
2024-10-15 01:42:34.254320 Oscar: We should drop Romeo
2024-10-15 01:42:34.257058 Hotel: No
ChatterBot Oscar reevaluating
2024-10-15 01:42:34.260188 Oscar: We should replace Romeo with Foxtrot
ChatterBot Hotel reevaluating
2024-10-15 01:42:34.263027 Hotel: Yes
ChatterBot Oscar reevaluating
2024-10-15 01:42:34.266026 Juliett: We should drop Hotel
ChatterBot Oscar reevaluating
2024-10-15 01:42:34.273801 Zulu: Yes
2024-10-15 01:42:34.273935 Foxtrot: Yes
2024-10-15 01:42:34.274432 Oscar: No
ChatterBot Foxtrot reevaluating
ChatterBot Oscar reevaluating
ChatterBot Oscar reevaluating
ChatterBot Foxtrot reevaluating
2024-10-15 01:42:34.353199 Zulu: Foxtrot, sending you 6
2024-10-15 01:42:34.359688 Zulu: Juliett, sending you 3
2024-10-15 01:42:34.360120 X-ray: Sending you each 1
2024-10-15 01:42:34.360569 Kilo: X-ray, sending you 3
2024-10-15 01:42:34.361712 Romeo: Kilo and Tango, sending you 3
2024-10-15 01:42:34.362327 November: Kilo and Tango, sending you 3
2024-10-15 01:42:34.363685 Kilo: November, Romeo and Tango, sending you 2
2024-10-15 01:42:34.365685 November: X-ray, sending you 2
2024-10-15 01:42:34.366687 Romeo: X-ray, sending you 2
2024-10-15 01:42:34.367143 Kilo: Juliett, sending you 1
2024-10-15 01:42:34.375685 Foxtrot: Sending you 5
2024-10-15 01:42:34.376672 Tango: Kilo, X-ray and November, sending you 2
2024-10-15 01:42:34.377164 Hotel: Zulu, sending you 2
2024-10-15 01:42:34.377589 Juliett: Zulu, sending you 1
2024-10-15 01:42:34.379696 Tango: Romeo, sending you 3
2024-10-15 01:42:34.380672 Hotel: Oscar, sending you 8
2024-10-15 01:42:34.388254 Oscar: Sending you 9
2024-10-15 01:42:34.388644 Hotel: Foxtrot, sending you 3
2024-10-15 01:42:34.391688 Hotel: Juliett, sending you 1
chatterbot Tango submitting transactions
chatterbot Foxtrot submitting transactions
chatterbot Kilo submitting transactions
chatterbot Zulu submitting transactions
chatterbot X-ray submitting transactions
chatterbot Juliett submitting transactions
chatterbot November submitting transactions
chatterbot Hotel submitting transactions
chatterbot Romeo submitting transactions
chatterbot Oscar submitting transactions
ChatterBot Zulu round 5
ChatterBot Oscar round 5
ChatterBot Kilo round 5
ChatterBot X-ray round 5
ChatterBot Hotel round 5
ChatterBot November round 5
ChatterBot Romeo round 5
ChatterBot Foxtrot round 5
ChatterBot Juliett round 5
ChatterBot Tango round 5
2024-10-15 01:42:35.557956 Foxtrot: Let's form a team
2024-10-15 01:42:35.571494 Kilo: No
2024-10-15 01:42:35.571699 X-ray: No
2024-10-15 01:42:35.571908 November: No
2024-10-15 01:42:35.572069 Romeo: No
2024-10-15 01:42:35.572216 Tango: No
ChatterBot Foxtrot reevaluating
ChatterBot Foxtrot reevaluating
ChatterBot Kilo reevaluating
ChatterBot Foxtrot reevaluating
ChatterBot Kilo reevaluating
ChatterBot Foxtrot reevaluating
ChatterBot Kilo reevaluating
ChatterBot Foxtrot reevaluating
ChatterBot Kilo reevaluating
2024-10-15 01:42:35.784089 Oscar: Same as last round
2024-10-15 01:42:35.787664 Hotel: Kilo, X-ray, Romeo and Tango, sending you 3
2024-10-15 01:42:35.789692 X-ray: Same as last round
2024-10-15 01:42:35.791664 Hotel: November, sending you 2
2024-10-15 01:42:35.796698 November: Kilo and Tango, sending you 3
2024-10-15 01:42:35.797262 Kilo: X-ray and Tango, sending you 3
2024-10-15 01:42:35.798227 Foxtrot: Zulu, sending you 4
2024-10-15 01:42:35.801124 Zulu: Foxtrot, sending you 6
2024-10-15 01:42:35.801561 Kilo: November and Romeo, sending you 2
2024-10-15 01:42:35.802088 November: X-ray, sending you 2
2024-10-15 01:42:35.802661 Foxtrot: Oscar and Hotel, sending you 3
2024-10-15 01:42:35.803659 Romeo: Kilo and Tango, sending you 3
2024-10-15 01:42:35.804674 Tango: Kilo, X-ray and November, sending you 2
2024-10-15 01:42:35.805162 Kilo: Juliett, sending you 1
2024-10-15 01:42:35.805724 Juliett: Zulu, sending you 1
2024-10-15 01:42:35.806282 Zulu: Juliett, sending you 3
2024-10-15 01:42:35.809668 Romeo: X-ray, sending you 2
2024-10-15 01:42:35.810206 Tango: Romeo, sending you 3
chatterbot Oscar submitting transactions
chatterbot Romeo submitting transactions
chatterbot X-ray submitting transactions
chatterbot Juliett submitting transactions
chatterbot Zulu submitting transactions
chatterbot Hotel submitting transactions
chatterbot Tango submitting transactions
chatterbot Kilo submitting transactions
chatterbot November submitting transactions
chatterbot Foxtrot submitting transactions
ChatterBot Zulu round 6
ChatterBot Oscar round 6
ChatterBot Kilo round 6
ChatterBot X-ray round 6
ChatterBot Hotel round 6
2024-10-15 01:42:36.948500 Kilo: We should replace Juliett with Foxtrot
2024-10-15 01:42:36.960508 X-ray: No
2024-10-15 01:42:36.960695 November: No
2024-10-15 01:42:36.960835 Romeo: No
2024-10-15 01:42:36.960963 Tango: No
ChatterBot Kilo reevaluating
ChatterBot Kilo reevaluating
ChatterBot Kilo reevaluating
ChatterBot Kilo reevaluating
ChatterBot November round 6
ChatterBot Romeo round 6
ChatterBot Foxtrot round 6
ChatterBot Juliett round 6
ChatterBot Tango round 6
2024-10-15 01:42:37.039672 Hotel: Zulu, sending you 2
2024-10-15 01:42:37.040666 Oscar: Same as last round
2024-10-15 01:42:37.042705 Hotel: Oscar, sending you 8
2024-10-15 01:42:37.043689 Zulu: Foxtrot, sending you 6
2024-10-15 01:42:37.045668 November: Kilo and Tango, sending you 3
2024-10-15 01:42:37.047668 Romeo: Kilo and Tango, sending you 3
2024-10-15 01:42:37.048155 Hotel: Foxtrot, sending you 3
2024-10-15 01:42:37.048703 Zulu: Juliett, sending you 3
2024-10-15 01:42:37.049257 November: X-ray, sending you 2
2024-10-15 01:42:37.049791 Tango: Kilo, X-ray and November, sending you 2
2024-10-15 01:42:37.050663 Hotel: Juliett, sending you 1
2024-10-15 01:42:37.051714 Romeo: X-ray, sending you 2
2024-10-15 01:42:37.052295 X-ray: Same as last round
2024-10-15 01:42:37.053690 Kilo: X-ray and Tango, sending you 3
2024-10-15 01:42:37.055203 Foxtrot: Same as last round
2024-10-15 01:42:37.055533 Tango: Romeo, sending you 3
2024-10-15 01:42:37.056010 Juliett: Zulu, sending you 1
2024-10-15 01:42:37.056691 Kilo: November and Romeo, sending you 2
2024-10-15 01:42:37.060676 Kilo: Juliett, sending you 1
chatterbot Romeo submitting transactions
chatterbot X-ray submitting transactions
chatterbot Kilo submitting transactions
chatterbot Zulu submitting transactions
chatterbot Juliett submitting transactions
chatterbot Tango submitting transactions
chatterbot Foxtrot submitting transactions
chatterbot Oscar submitting transactions
chatterbot Hotel submitting transactions
chatterbot November submitting transactions
ChatterBot Zulu round 7
ChatterBot Oscar round 7
ChatterBot Kilo round 7
ChatterBot X-ray round 7
ChatterBot Hotel round 7
ChatterBot November round 7
ChatterBot Romeo round 7
ChatterBot Foxtrot round 7
ChatterBot Juliett round 7
ChatterBot Tango round 7
2024-10-15 01:42:38.262677 Zulu: Foxtrot, sending you 6
2024-10-15 01:42:38.266651 Oscar: Same as last round
2024-10-15 01:42:38.266988 Zulu: Juliett, sending you 3
2024-10-15 01:42:38.267712 Kilo: X-ray and Tango, sending you 3
2024-10-15 01:42:38.272697 Kilo: November and Romeo, sending you 2
2024-10-15 01:42:38.273671 Hotel: Zulu and Foxtrot, sending you 2
2024-10-15 01:42:38.274069 November: Kilo and Tango, sending you 3
2024-10-15 01:42:38.274460 Foxtrot: Zulu, sending you 4
2024-10-15 01:42:38.276695 Kilo: Juliett, sending you 1
2024-10-15 01:42:38.277090 Hotel: Oscar, sending you 9
2024-10-15 01:42:38.277671 X-ray: Same as last round
2024-10-15 01:42:38.278250 Romeo: Kilo and X-ray, sending you 2
2024-10-15 01:42:38.279778 November: X-ray, sending you 2
2024-10-15 01:42:38.280249 Foxtrot: Oscar and Hotel, sending you 3
2024-10-15 01:42:38.280715 Juliett: Zulu, sending you 1
2024-10-15 01:42:38.281064 Hotel: Juliett, sending you 1
2024-10-15 01:42:38.282677 Romeo: Tango, sending you 4
2024-10-15 01:42:38.285683 Tango: Kilo, X-ray and November, sending you 2
2024-10-15 01:42:38.290651 Tango: Romeo, sending you 3
chatterbot Romeo submitting transactions
chatterbot Oscar submitting transactions
chatterbot Kilo submitting transactions
chatterbot Tango submitting transactions
chatterbot Hotel submitting transactions
chatterbot November submitting transactions
chatterbot Juliett submitting transactions
chatterbot Zulu submitting transactions
chatterbot X-ray submitting transactions
chatterbot Foxtrot submitting transactions
ChatterBot Zulu round 8
ChatterBot Oscar round 8
ChatterBot Kilo round 8
ChatterBot X-ray round 8
2024-10-15 01:42:39.421609 Oscar: We should add Zulu and Foxtrot
2024-10-15 01:42:39.425241 Hotel: Yes
ChatterBot Hotel round 8
ChatterBot November round 8
ChatterBot Romeo round 8
ChatterBot Foxtrot round 8
ChatterBot Juliett round 8
ChatterBot Tango round 8
2024-10-15 01:42:39.447806 Oscar: Zulu and Foxtrot we want you to join our group
ChatterBot Zulu reevaluating
ChatterBot Foxtrot reevaluating
2024-10-15 01:42:39.460965 Zulu: No
2024-10-15 01:42:39.461519 Foxtrot: Yes
ChatterBot Hotel reevaluating
ChatterBot Foxtrot reevaluating
ChatterBot Hotel reevaluating
ChatterBot Zulu reevaluating
2024-10-15 01:42:39.536673 Hotel: We should drop Juliett
ChatterBot Zulu reevaluating
2024-10-15 01:42:39.547901 Oscar: Yes
2024-10-15 01:42:39.548083 Zulu: Yes
2024-10-15 01:42:39.548212 Foxtrot: Yes
ChatterBot Hotel reevaluating
ChatterBot Zulu reevaluating
ChatterBot Hotel reevaluating
ChatterBot Hotel reevaluating
ChatterBot Zulu reevaluating
2024-10-15 01:42:39.580670 Juliett: We should drop Oscar
ChatterBot Zulu reevaluating
2024-10-15 01:42:39.587985 Zulu: No
2024-10-15 01:42:39.588147 Foxtrot: No
ChatterBot Zulu reevaluating
2024-10-15 01:42:39.603668 Romeo: Kilo and X-ray, sending you 2
2024-10-15 01:42:39.604652 November: Kilo and Tango, sending you 3
2024-10-15 01:42:39.605843 X-ray: Same as last round
2024-10-15 01:42:39.606503 Oscar: Zulu, sending you 2
2024-10-15 01:42:39.606980 Kilo: X-ray and Tango, sending you 3
2024-10-15 01:42:39.607587 Tango: Kilo and November, sending you 2
2024-10-15 01:42:39.607948 Romeo: Tango, sending you 4
2024-10-15 01:42:39.609654 November: X-ray, sending you 2
2024-10-15 01:42:39.610066 Kilo: November and Romeo, sending you 2
2024-10-15 01:42:39.610662 Oscar: Hotel, sending you 4
2024-10-15 01:42:39.612026 Tango: X-ray, sending you 1
2024-10-15 01:42:39.612658 Kilo: Juliett, sending you 1
2024-10-15 01:42:39.613666 Oscar: Foxtrot, sending you 3
2024-10-15 01:42:39.614812 Juliett: Zulu, sending you 1
2024-10-15 01:42:39.616659 Tango: Romeo, sending you 4
2024-10-15 01:42:39.620987 Foxtrot: Zulu, sending you 4
2024-10-15 01:42:39.623677 Foxtrot: Oscar and Hotel, sending you 3
2024-10-15 01:42:39.625654 Zulu: Oscar, sending you 1
2024-10-15 01:42:39.629669 Zulu: Hotel, sending you 2
2024-10-15 01:42:39.635123 Zulu: Foxtrot, sending you 6
chatterbot November submitting transactions
chatterbot Foxtrot submitting transactions
chatterbot Juliett submitting transactions
chatterbot Romeo submitting transactions
chatterbot X-ray submitting transactions
chatterbot Hotel submitting transactions
chatterbot Kilo submitting transactions
chatterbot Oscar submitting transactions
chatterbot Tango submitting transactions
chatterbot Zulu submitting transactions
ChatterBot Zulu round 9
ChatterBot Oscar round 9
ChatterBot Kilo round 9
ChatterBot X-ray round 9
ChatterBot Hotel round 9
ChatterBot November round 9
ChatterBot Romeo round 9
ChatterBot Foxtrot round 9
ChatterBot Juliett round 9
ChatterBot Tango round 9
2024-10-15 01:42:40.872658 Juliett: We should add Oscar and Hotel
ChatterBot Foxtrot reevaluating
2024-10-15 01:42:40.885104 Zulu: Yes
2024-10-15 01:42:40.885314 Foxtrot: Yes
ChatterBot Foxtrot reevaluating
2024-10-15 01:42:40.921469 Hotel: We should drop Zulu and Juliett
ChatterBot Foxtrot reevaluating
2024-10-15 01:42:40.932852 Oscar: No
2024-10-15 01:42:40.933067 Foxtrot: No
ChatterBot Foxtrot reevaluating
2024-10-15 01:42:40.956345 Juliett: Oscar and Hotel we want you to join our group
ChatterBot Hotel reevaluating
2024-10-15 01:42:40.968304 Oscar: No
2024-10-15 01:42:40.968563 Hotel: No
ChatterBot Hotel reevaluating
ChatterBot Foxtrot reevaluating
ChatterBot Foxtrot reevaluating
2024-10-15 01:42:41.011167 November: Kilo and Tango, sending you 3
2024-10-15 01:42:41.012091 Oscar: Zulu, sending you 2
2024-10-15 01:42:41.013681 Zulu: Oscar and Hotel, sending you 2
2024-10-15 01:42:41.014687 X-ray: Same as last round
2024-10-15 01:42:41.015414 November: X-ray, sending you 2
2024-10-15 01:42:41.015924 Kilo: X-ray and Tango, sending you 3
2024-10-15 01:42:41.016388 Romeo: Kilo and X-ray, sending you 2
2024-10-15 01:42:41.016988 Oscar: Hotel, sending you 4
2024-10-15 01:42:41.017397 Zulu: Foxtrot, sending you 5
2024-10-15 01:42:41.020918 Kilo: November and Romeo, sending you 2
2024-10-15 01:42:41.021288 Romeo: Tango, sending you 4
2024-10-15 01:42:41.021653 Oscar: Foxtrot, sending you 3
2024-10-15 01:42:41.023688 Kilo: Juliett, sending you 1
2024-10-15 01:42:41.026653 Tango: Kilo and November, sending you 2
2024-10-15 01:42:41.030185 Juliett: Zulu, sending you 1
2024-10-15 01:42:41.030835 Tango: X-ray, sending you 1
2024-10-15 01:42:41.034673 Tango: Romeo, sending you 4
2024-10-15 01:42:41.037715 Foxtrot: Zulu, sending you 4
2024-10-15 01:42:41.040657 Foxtrot: Oscar and Hotel, sending you 3
2024-10-15 01:42:41.042661 Hotel: Oscar, sending you 9
2024-10-15 01:42:41.048526 Hotel: Foxtrot, sending you 5
chatterbot X-ray submitting transactions
chatterbot Hotel submitting transactions
chatterbot Tango submitting transactions
chatterbot November submitting transactions
chatterbot Foxtrot submitting transactions
chatterbot Oscar submitting transactions
chatterbot Kilo submitting transactions
chatterbot Juliett submitting transactions
chatterbot Romeo submitting transactions
chatterbot Zulu submitting transactions
ChatterBot Zulu round 10
ChatterBot Oscar round 10
ChatterBot Kilo round 10
ChatterBot X-ray round 10
ChatterBot Hotel round 10
ChatterBot November round 10
ChatterBot Romeo round 10
ChatterBot Foxtrot round 10
ChatterBot Juliett round 10
ChatterBot Tango round 10
2024-10-15 01:42:42.060628 Foxtrot: We should replace Juliett with Kilo
2024-10-15 01:42:42.073587 Oscar: No
2024-10-15 01:42:42.073874 Hotel: No
2024-10-15 01:42:42.074213 Zulu: No
ChatterBot Hotel reevaluating
ChatterBot Foxtrot reevaluating
ChatterBot Foxtrot reevaluating
ChatterBot Hotel reevaluating
ChatterBot Foxtrot reevaluating
2024-10-15 01:42:42.134243 Foxtrot: We should replace Juliett with November
ChatterBot Hotel reevaluating
2024-10-15 01:42:42.145508 Oscar: No
2024-10-15 01:42:42.146141 Hotel: No
2024-10-15 01:42:42.146554 Zulu: No
ChatterBot Hotel reevaluating
ChatterBot Foxtrot reevaluating
ChatterBot Foxtrot reevaluating
ChatterBot Hotel reevaluating
ChatterBot Foxtrot reevaluating
2024-10-15 01:42:42.187103 Zulu: Oscar and Hotel, sending you 2
2024-10-15 01:42:42.188040 Kilo: X-ray and Tango, sending you 3
2024-10-15 01:42:42.191710 Tango: Kilo and November, sending you 2
2024-10-15 01:42:42.193722 Zulu: Foxtrot, sending you 5
2024-10-15 01:42:42.194369 Kilo: November and Romeo, sending you 2
2024-10-15 01:42:42.197682 Tango: X-ray, sending you 1
2024-10-15 01:42:42.199661 Juliett: Zulu, sending you 1
2024-10-15 01:42:42.200745 Foxtrot: Zulu, sending you 4
2024-10-15 01:42:42.201225 Romeo: Kilo and X-ray, sending you 2
2024-10-15 01:42:42.201755 Tango: Romeo, sending you 4
2024-10-15 01:42:42.202263 November: Kilo and Tango, sending you 3
2024-10-15 01:42:42.203412 Hotel: Oscar, sending you 9
2024-10-15 01:42:42.203772 X-ray: Same as last round
2024-10-15 01:42:42.204241 Foxtrot: Oscar and Hotel, sending you 3
2024-10-15 01:42:42.204689 Oscar: Zulu, sending you 2
2024-10-15 01:42:42.205034 Romeo: Tango, sending you 4
2024-10-15 01:42:42.206692 November: X-ray, sending you 2
2024-10-15 01:42:42.207168 Hotel: Foxtrot, sending you 5
2024-10-15 01:42:42.208706 Oscar: Hotel, sending you 4
2024-10-15 01:42:42.213674 Oscar: Foxtrot, sending you 3
chatterbot Hotel submitting transactions
chatterbot Tango submitting transactions
chatterbot Juliett submitting transactions
chatterbot X-ray submitting transactions
chatterbot Oscar submitting transactions
chatterbot Zulu submitting transactions
chatterbot Kilo submitting transactions
chatterbot November submitting transactions
chatterbot Romeo submitting transactions
chatterbot Foxtrot submitting transactions
ChatterBot Zulu round 11
ChatterBot Oscar round 11
ChatterBot Kilo round 11
ChatterBot X-ray round 11
ChatterBot Hotel round 11
ChatterBot November round 11
ChatterBot Romeo round 11
ChatterBot Foxtrot round 11
ChatterBot Juliett round 11
ChatterBot Tango round 11
2024-10-15 01:42:43.191195 Foxtrot: We should replace Juliett with Kilo
ChatterBot Hotel reevaluating
2024-10-15 01:42:43.202226 Oscar: No
2024-10-15 01:42:43.202402 Hotel: No
2024-10-15 01:42:43.202521 Zulu: No
ChatterBot Hotel reevaluating
ChatterBot Foxtrot reevaluating
ChatterBot Foxtrot reevaluating
ChatterBot Hotel reevaluating
ChatterBot Foxtrot reevaluating
2024-10-15 01:42:43.240713 X-ray: Same as last round
2024-10-15 01:42:43.241670 Oscar: Zulu, sending you 2
2024-10-15 01:42:43.242241 Foxtrot: Kilo we want you to join our group
2024-10-15 01:42:43.246548 Kilo: No
ChatterBot Foxtrot reevaluating
2024-10-15 01:42:43.272500 Oscar: Hotel, sending you 4
2024-10-15 01:42:43.275702 Kilo: X-ray, Romeo and Tango, sending you 3
2024-10-15 01:42:43.277028 Zulu: Oscar and Hotel, sending you 2
2024-10-15 01:42:43.277736 Hotel: Oscar, sending you 9
2024-10-15 01:42:43.278337 November: Kilo and Tango, sending you 3
2024-10-15 01:42:43.278882 Juliett: Zulu, sending you 1
2024-10-15 01:42:43.279308 Oscar: Foxtrot, sending you 3
2024-10-15 01:42:43.279663 Romeo: Kilo and X-ray, sending you 2
2024-10-15 01:42:43.280151 Kilo: November, sending you 2
2024-10-15 01:42:43.280731 Zulu: Foxtrot, sending you 5
2024-10-15 01:42:43.281073 Hotel: Foxtrot, sending you 5
2024-10-15 01:42:43.283651 November: X-ray, sending you 2
2024-10-15 01:42:43.284663 Romeo: Tango, sending you 4
2024-10-15 01:42:43.294116 Tango: Kilo and November, sending you 2
2024-10-15 01:42:43.298667 Foxtrot: Zulu, sending you 4
2024-10-15 01:42:43.299086 Tango: X-ray, sending you 1
2024-10-15 01:42:43.302661 Foxtrot: Oscar and Hotel, sending you 3
2024-10-15 01:42:43.303087 Tango: Romeo, sending you 4
chatterbot Romeo submitting transactions
chatterbot Foxtrot submitting transactions
chatterbot Kilo submitting transactions
chatterbot Tango submitting transactions
chatterbot November submitting transactions
chatterbot Oscar submitting transactions
chatterbot Juliett submitting transactions
chatterbot Zulu submitting transactions
chatterbot X-ray submitting transactions
chatterbot Hotel submitting transactions
ChatterBot Zulu round 12
ChatterBot Oscar round 12
ChatterBot Kilo round 12
ChatterBot X-ray round 12
ChatterBot Hotel round 12
ChatterBot November round 12
ChatterBot Romeo round 12
ChatterBot Foxtrot round 12
ChatterBot Juliett round 12
ChatterBot Tango round 12
2024-10-15 01:42:44.401698 Kilo: X-ray, Romeo and Tango, sending you 3
2024-10-15 01:42:44.402711 November: Kilo and Tango, sending you 3
2024-10-15 01:42:44.404187 Hotel: Oscar, sending you 9
2024-10-15 01:42:44.405195 Juliett: Zulu, sending you 1
2024-10-15 01:42:44.406892 Kilo: November, sending you 2
2024-10-15 01:42:44.408097 Zulu: Oscar, sending you 3
2024-10-15 01:42:44.409720 Foxtrot: Zulu, sending you 4
2024-10-15 01:42:44.410672 Oscar: Zulu, sending you 2
2024-10-15 01:42:44.412152 November: X-ray, sending you 2
2024-10-15 01:42:44.413548 Hotel: Foxtrot, sending you 5
2024-10-15 01:42:44.415060 X-ray: Same as last round
2024-10-15 01:42:44.417144 Zulu: Hotel, sending you 1
2024-10-15 01:42:44.418095 Foxtrot: Oscar and Hotel, sending you 3
2024-10-15 01:42:44.420218 Oscar: Hotel, sending you 4
2024-10-15 01:42:44.421117 Tango: Kilo and November, sending you 2
2024-10-15 01:42:44.423057 Romeo: Kilo and X-ray, sending you 2
2024-10-15 01:42:44.424936 Zulu: Foxtrot, sending you 5
2024-10-15 01:42:44.426013 Oscar: Foxtrot, sending you 3
2024-10-15 01:42:44.427928 Tango: X-ray, sending you 1
2024-10-15 01:42:44.429968 Romeo: Tango, sending you 4
2024-10-15 01:42:44.435041 Tango: Romeo, sending you 4
chatterbot Zulu submitting transactions
chatterbot Romeo submitting transactions
chatterbot Hotel submitting transactions
chatterbot Foxtrot submitting transactions
chatterbot November submitting transactions
chatterbot Juliett submitting transactions
chatterbot Oscar submitting transactions
chatterbot Kilo submitting transactions
chatterbot X-ray submitting transactions
chatterbot Tango submitting transactions
ChatterBot Zulu round 13
ChatterBot Oscar round 13
ChatterBot Kilo round 13
ChatterBot X-ray round 13
ChatterBot Hotel round 13
ChatterBot November round 13
ChatterBot Romeo round 13
ChatterBot Foxtrot round 13
ChatterBot Juliett round 13
ChatterBot Tango round 13
2024-10-15 01:42:45.507698 X-ray: Same as last round
2024-10-15 01:42:45.514672 Zulu: Oscar, sending you 3
2024-10-15 01:42:45.515693 Kilo: X-ray, Romeo and Tango, sending you 3
2024-10-15 01:42:45.516665 Oscar: Zulu, sending you 2
2024-10-15 01:42:45.518665 Zulu: Hotel, sending you 1
2024-10-15 01:42:45.519225 Kilo: November, sending you 2
2024-10-15 01:42:45.519895 Foxtrot: Zulu, sending you 4
2024-10-15 01:42:45.520513 November: Kilo and Tango, sending you 3
2024-10-15 01:42:45.521167 Oscar: Hotel, sending you 4
2024-10-15 01:42:45.522708 Tango: Kilo and November, sending you 2
2024-10-15 01:42:45.523463 Foxtrot: Oscar and Hotel, sending you 3
2024-10-15 01:42:45.524141 Zulu: Foxtrot, sending you 5
2024-10-15 01:42:45.524672 November: X-ray, sending you 2
2024-10-15 01:42:45.525686 Oscar: Foxtrot, sending you 3
2024-10-15 01:42:45.527683 Tango: X-ray, sending you 1
2024-10-15 01:42:45.528661 Hotel: Oscar, sending you 8
2024-10-15 01:42:45.528997 Romeo: Kilo, sending you 2
2024-10-15 01:42:45.530679 Juliett: Zulu, sending you 1
2024-10-15 01:42:45.531675 Tango: Romeo, sending you 4
2024-10-15 01:42:45.532232 Hotel: Foxtrot, sending you 6
2024-10-15 01:42:45.532689 Romeo: X-ray, sending you 1
2024-10-15 01:42:45.537660 Romeo: Tango, sending you 5
chatterbot Zulu submitting transactions
chatterbot Kilo submitting transactions
chatterbot Tango submitting transactions
chatterbot X-ray submitting transactions
chatterbot Oscar submitting transactions
chatterbot Juliett submitting transactions
chatterbot November submitting transactions
chatterbot Romeo submitting transactions
chatterbot Foxtrot submitting transactions
chatterbot Hotel submitting transactions
ChatterBot Zulu round 14
ChatterBot Oscar round 14
ChatterBot Kilo round 14
ChatterBot X-ray round 14
ChatterBot Hotel round 14
ChatterBot November round 14
ChatterBot Romeo round 14
ChatterBot Foxtrot round 14
ChatterBot Juliett round 14
ChatterBot Tango round 14
2024-10-15 01:42:46.808489 Foxtrot: We should replace Juliett with Kilo
2024-10-15 01:42:46.821454 Oscar: No
2024-10-15 01:42:46.821722 Hotel: No
2024-10-15 01:42:46.821960 Zulu: No
ChatterBot Foxtrot reevaluating
ChatterBot Foxtrot reevaluating
ChatterBot Foxtrot reevaluating
2024-10-15 01:42:46.881466 Foxtrot: Kilo we want you to join our group
2024-10-15 01:42:46.886435 Kilo: No
ChatterBot Foxtrot reevaluating
2024-10-15 01:42:46.904693 Hotel: Oscar, sending you 8
2024-10-15 01:42:46.905743 Romeo: Kilo, sending you 2
2024-10-15 01:42:46.907768 Kilo: X-ray, Romeo and Tango, sending you 3
2024-10-15 01:42:46.909305 November: Kilo and Tango, sending you 3
2024-10-15 01:42:46.910221 Zulu: Oscar, sending you 3
2024-10-15 01:42:46.911462 X-ray: Same as last round
2024-10-15 01:42:46.913368 Juliett: Zulu, sending you 1
2024-10-15 01:42:46.914253 Oscar: Sending you each 3
2024-10-15 01:42:46.915450 Hotel: Foxtrot, sending you 6
2024-10-15 01:42:46.916069 Kilo: November, sending you 2
2024-10-15 01:42:46.917980 Romeo: X-ray, sending you 1
2024-10-15 01:42:46.919122 November: X-ray, sending you 2
2024-10-15 01:42:46.920907 Zulu: Hotel, sending you 1
2024-10-15 01:42:46.922197 Tango: Kilo and November, sending you 2
2024-10-15 01:42:46.923172 Romeo: Tango, sending you 5
2024-10-15 01:42:46.926127 Zulu: Foxtrot, sending you 5
2024-10-15 01:42:46.927087 Tango: X-ray, sending you 1
2024-10-15 01:42:46.928642 Foxtrot: Zulu, sending you 4
2024-10-15 01:42:46.930669 Tango: Romeo, sending you 4
2024-10-15 01:42:46.932662 Foxtrot: Oscar and Hotel, sending you 3
chatterbot Oscar submitting transactions
chatterbot November submitting transactions
chatterbot Kilo submitting transactions
chatterbot Hotel submitting transactions
chatterbot Zulu submitting transactions
chatterbot Foxtrot submitting transactions
chatterbot X-ray submitting transactions
chatterbot Romeo submitting transactions
chatterbot Juliett submitting transactions
chatterbot Tango submitting transactions
ChatterBot Zulu round 15
ChatterBot Oscar round 15
ChatterBot Kilo round 15
ChatterBot X-ray round 15
ChatterBot Hotel round 15
ChatterBot November round 15
ChatterBot Romeo round 15
ChatterBot Foxtrot round 15
ChatterBot Juliett round 15
ChatterBot Tango round 15
2024-10-15 01:42:48.198731 Oscar: Same as last round
2024-10-15 01:42:48.202685 Hotel: Oscar, sending you 8
2024-10-15 01:42:48.204705 Kilo: X-ray, Romeo and Tango, sending you 3
2024-10-15 01:42:48.205717 Zulu: Oscar, sending you 3
2024-10-15 01:42:48.206474 Tango: Kilo and November, sending you 2
2024-10-15 01:42:48.208215 Hotel: Foxtrot, sending you 6
2024-10-15 01:42:48.208706 Foxtrot: Zulu, sending you 4
2024-10-15 01:42:48.209430 November: Kilo and Tango, sending you 3
2024-10-15 01:42:48.210855 Kilo: November, sending you 2
2024-10-15 01:42:48.211970 X-ray: Same as last round
2024-10-15 01:42:48.213528 Zulu: Hotel, sending you 1
2024-10-15 01:42:48.214110 Tango: X-ray, sending you 1
2024-10-15 01:42:48.214917 Foxtrot: Oscar and Hotel, sending you 3
2024-10-15 01:42:48.216969 November: X-ray, sending you 2
2024-10-15 01:42:48.218262 Juliett: Zulu, sending you 1
