ChatterBot Uniform round 1
ChatterBot Kilo round 1
ChatterBot Oscar round 1
ChatterBot Hotel round 1
ChatterBot Sierra round 1
ChatterBot November round 1
ChatterBot Whiskey round 1
ChatterBot Alpha round 1
ChatterBot Lima round 1
ChatterBot X-ray round 1
randomSelections Uniform: {Uniform, Hotel, Lima, Sierra, X-ray, Kilo} 
2024-10-15 02:40:29.983073 Uniform: Group up?
ChatterBot Hotel reevaluating
ChatterBot Lima reevaluating
ChatterBot Sierra reevaluating
ChatterBot X-ray reevaluating
ChatterBot Kilo reevaluating
2024-10-15 02:40:29.997843 Hotel: Yes
2024-10-15 02:40:29.998298 Lima: Yes
2024-10-15 02:40:29.998501 Sierra: Yes
2024-10-15 02:40:29.998635 X-ray: Yes
2024-10-15 02:40:29.998894 Kilo: Yes
ChatterBot Lima reevaluating
ChatterBot Sierra reevaluating
ChatterBot X-ray reevaluating
ChatterBot Kilo reevaluating
ChatterBot Hotel reevaluating
ChatterBot Sierra reevaluating
ChatterBot X-ray reevaluating
ChatterBot Kilo reevaluating
ChatterBot Hotel reevaluating
ChatterBot Lima reevaluating
ChatterBot X-ray reevaluating
ChatterBot Kilo reevaluating
ChatterBot Hotel reevaluating
ChatterBot Lima reevaluating
ChatterBot Sierra reevaluating
ChatterBot Kilo reevaluating
ChatterBot Hotel reevaluating
ChatterBot Lima reevaluating
ChatterBot Sierra reevaluating
ChatterBot X-ray reevaluating
randomSelections Alpha: {Alpha, Oscar, Uniform, Hotel, X-ray, Kilo} 
2024-10-15 02:40:30.045838 Alpha: Friends?
ChatterBot Oscar reevaluating
ChatterBot Hotel reevaluating
ChatterBot X-ray reevaluating
ChatterBot Kilo reevaluating
2024-10-15 02:40:30.053405 Oscar: Yes
2024-10-15 02:40:30.053570 Uniform: No
2024-10-15 02:40:30.054041 Hotel: No
2024-10-15 02:40:30.054399 X-ray: No
2024-10-15 02:40:30.054775 Kilo: No
ChatterBot Hotel reevaluating
ChatterBot X-ray reevaluating
ChatterBot Kilo reevaluating
ChatterBot Oscar reevaluating
ChatterBot Hotel reevaluating
ChatterBot X-ray reevaluating
ChatterBot Kilo reevaluating
ChatterBot Oscar reevaluating
ChatterBot X-ray reevaluating
ChatterBot Kilo reevaluating
ChatterBot Oscar reevaluating
ChatterBot Hotel reevaluating
ChatterBot Kilo reevaluating
ChatterBot Oscar reevaluating
ChatterBot Hotel reevaluating
ChatterBot X-ray reevaluating
randomSelections November: {November, Oscar, Whiskey, Hotel, X-ray, Kilo, Uniform} 
2024-10-15 02:40:30.089360 November: Friends?
ChatterBot Oscar reevaluating
ChatterBot Whiskey reevaluating
ChatterBot Hotel reevaluating
ChatterBot X-ray reevaluating
ChatterBot Kilo reevaluating
2024-10-15 02:40:30.096208 Oscar: No
2024-10-15 02:40:30.096604 Whiskey: Yes
2024-10-15 02:40:30.097280 Hotel: No
2024-10-15 02:40:30.097714 X-ray: No
2024-10-15 02:40:30.098150 Kilo: No
2024-10-15 02:40:30.098500 Uniform: No
ChatterBot Whiskey reevaluating
ChatterBot Hotel reevaluating
ChatterBot X-ray reevaluating
ChatterBot Kilo reevaluating
ChatterBot Oscar reevaluating
ChatterBot Hotel reevaluating
ChatterBot X-ray reevaluating
ChatterBot Kilo reevaluating
ChatterBot Oscar reevaluating
ChatterBot Whiskey reevaluating
ChatterBot X-ray reevaluating
ChatterBot Kilo reevaluating
ChatterBot Oscar reevaluating
ChatterBot Whiskey reevaluating
ChatterBot Hotel reevaluating
ChatterBot Kilo reevaluating
ChatterBot Oscar reevaluating
ChatterBot Whiskey reevaluating
ChatterBot Hotel reevaluating
ChatterBot X-ray reevaluating
ChatterBot Oscar reevaluating
ChatterBot Whiskey reevaluating
ChatterBot Hotel reevaluating
ChatterBot X-ray reevaluating
ChatterBot Kilo reevaluating
2024-10-15 02:40:30.154649 Hotel: Uniform and Sierra, sending you 3
2024-10-15 02:40:30.156681 Uniform: Kilo, Sierra and Lima, sending you 1
2024-10-15 02:40:30.157698 Hotel: Lima, sending you 2
2024-10-15 02:40:30.159673 Alpha: Uniform, sending you 5
2024-10-15 02:40:30.159961 Uniform: Hotel, sending you 2
2024-10-15 02:40:30.160707 Hotel: X-ray, sending you 1
2024-10-15 02:40:30.161674 Lima: Uniform and X-ray, sending you 3
2024-10-15 02:40:30.162092 Sierra: Uniform, sending you 3
2024-10-15 02:40:30.162696 Oscar: Uniform, sending you 3
2024-10-15 02:40:30.163659 Alpha: Kilo and Oscar, sending you 2
2024-10-15 02:40:30.163947 Uniform: X-ray, sending you 3
2024-10-15 02:40:30.164669 November: Uniform and X-ray, sending you 2
2024-10-15 02:40:30.165005 Kilo: Uniform, Hotel and X-ray, sending you 1
2024-10-15 02:40:30.165253 Lima: Kilo, sending you 1
2024-10-15 02:40:30.165703 Oscar: Hotel, sending you 2
2024-10-15 02:40:30.166666 X-ray: Uniform, sending you 4
2024-10-15 02:40:30.167674 Whiskey: Uniform and Oscar, sending you 3
2024-10-15 02:40:30.168664 Alpha: Hotel, sending you 4
2024-10-15 02:40:30.168894 November: Hotel, sending you 1
2024-10-15 02:40:30.169139 Kilo: Sierra, sending you 2
2024-10-15 02:40:30.169370 Lima: Hotel and Sierra, sending you 2
2024-10-15 02:40:30.169675 Oscar: Alpha, sending you 4
2024-10-15 02:40:30.170687 Whiskey: Kilo and November, sending you 1
2024-10-15 02:40:30.171694 X-ray: Kilo, sending you 1
2024-10-15 02:40:30.172030 Alpha: X-ray, sending you 3
2024-10-15 02:40:30.172654 Oscar: X-ray, sending you 1
2024-10-15 02:40:30.174682 Whiskey: Hotel, sending you 4
2024-10-15 02:40:30.174997 X-ray: Hotel, Sierra and Lima, sending you 2
2024-10-15 02:40:30.177664 Whiskey: X-ray, sending you 2
chatterbot Alpha submitting transactions
chatterbot Sierra submitting transactions
chatterbot Whiskey submitting transactions
chatterbot Oscar submitting transactions
chatterbot Lima submitting transactions
chatterbot Kilo submitting transactions
chatterbot Uniform submitting transactions
chatterbot November submitting transactions
chatterbot Hotel submitting transactions
chatterbot X-ray submitting transactions
ChatterBot Uniform round 2
ChatterBot Kilo round 2
ChatterBot Oscar round 2
ChatterBot Hotel round 2
ChatterBot Sierra round 2
ChatterBot November round 2
2024-10-15 02:40:31.924660 Uniform: Can we be friends?
ChatterBot Hotel reevaluating
ChatterBot Whiskey reevaluating
ChatterBot Lima reevaluating
ChatterBot X-ray reevaluating
ChatterBot Oscar reevaluating
ChatterBot Alpha reevaluating
2024-10-15 02:40:31.990896 Hotel: Yes
2024-10-15 02:40:31.991143 Whiskey: No
2024-10-15 02:40:31.991305 Lima: No
2024-10-15 02:40:31.991462 X-ray: No
2024-10-15 02:40:31.991683 Oscar: Yes
2024-10-15 02:40:31.992463 Alpha: No
ChatterBot Whiskey reevaluating
ChatterBot Lima reevaluating
ChatterBot X-ray reevaluating
ChatterBot Oscar reevaluating
ChatterBot Alpha reevaluating
ChatterBot Hotel reevaluating
ChatterBot Lima reevaluating
ChatterBot X-ray reevaluating
ChatterBot Oscar reevaluating
ChatterBot Alpha reevaluating
ChatterBot Hotel reevaluating
ChatterBot Whiskey reevaluating
ChatterBot X-ray reevaluating
ChatterBot Oscar reevaluating
ChatterBot Alpha reevaluating
ChatterBot Hotel reevaluating
ChatterBot Whiskey reevaluating
ChatterBot Lima reevaluating
ChatterBot Oscar reevaluating
ChatterBot Alpha reevaluating
ChatterBot Hotel reevaluating
ChatterBot Whiskey reevaluating
ChatterBot Lima reevaluating
ChatterBot X-ray reevaluating
ChatterBot Alpha reevaluating
ChatterBot Hotel reevaluating
ChatterBot Whiskey reevaluating
ChatterBot Lima reevaluating
ChatterBot X-ray reevaluating
ChatterBot Oscar reevaluating
ChatterBot Whiskey round 2
ChatterBot Alpha round 2
2024-10-15 02:40:32.367136 Kilo: Group up?
ChatterBot Oscar reevaluating
ChatterBot Alpha reevaluating
2024-10-15 02:40:32.378215 Oscar: No
2024-10-15 02:40:32.378366 Alpha: No
ChatterBot Alpha reevaluating
ChatterBot Oscar reevaluating
ChatterBot Lima round 2
ChatterBot X-ray round 2
2024-10-15 02:40:32.406515 Sierra: We should replace Kilo with Whiskey
ChatterBot Hotel reevaluating
ChatterBot Lima reevaluating
ChatterBot X-ray reevaluating
2024-10-15 02:40:32.427825 Uniform: Yes
2024-10-15 02:40:32.427949 Hotel: Yes
2024-10-15 02:40:32.428524 Lima: No
2024-10-15 02:40:32.428626 X-ray: Yes
ChatterBot Hotel reevaluating
ChatterBot Lima reevaluating
ChatterBot X-ray reevaluating
ChatterBot Lima reevaluating
ChatterBot X-ray reevaluating
ChatterBot Hotel reevaluating
ChatterBot X-ray reevaluating
ChatterBot Hotel reevaluating
ChatterBot Lima reevaluating
2024-10-15 02:40:32.522679 November: We would work well together
ChatterBot Hotel reevaluating
ChatterBot Whiskey reevaluating
ChatterBot Lima reevaluating
ChatterBot X-ray reevaluating
2024-10-15 02:40:32.548401 Uniform: No
2024-10-15 02:40:32.548527 Hotel: No
2024-10-15 02:40:32.548657 Whiskey: No
2024-10-15 02:40:32.548773 Lima: No
2024-10-15 02:40:32.548896 X-ray: No
ChatterBot November reevaluating
ChatterBot Hotel reevaluating
ChatterBot Whiskey reevaluating
ChatterBot Lima reevaluating
ChatterBot X-ray reevaluating
ChatterBot November reevaluating
ChatterBot Whiskey reevaluating
ChatterBot Lima reevaluating
ChatterBot X-ray reevaluating
ChatterBot November reevaluating
ChatterBot Hotel reevaluating
ChatterBot Lima reevaluating
ChatterBot X-ray reevaluating
ChatterBot November reevaluating
ChatterBot Hotel reevaluating
ChatterBot Whiskey reevaluating
ChatterBot X-ray reevaluating
ChatterBot November reevaluating
ChatterBot Hotel reevaluating
ChatterBot Whiskey reevaluating
ChatterBot Lima reevaluating
2024-10-15 02:40:32.714424 Sierra: Whiskey we want you to join our group
2024-10-15 02:40:32.719997 Whiskey: No
2024-10-15 02:40:32.747062 Kilo: Oscar, sending you 2
2024-10-15 02:40:32.762269 Uniform: Oscar, Hotel, Whiskey, Lima and X-ray, sending you 1
2024-10-15 02:40:32.762801 Oscar: Uniform, Hotel, Lima and X-ray, sending you 1
2024-10-15 02:40:32.763928 Kilo: Alpha, sending you 3
2024-10-15 02:40:32.764536 Lima: We should drop Sierra and Kilo
2024-10-15 02:40:32.784022 Uniform: Yes
2024-10-15 02:40:32.784187 Hotel: Yes
2024-10-15 02:40:32.784786 X-ray: Yes
2024-10-15 02:40:32.848560 November: Sending you 5
2024-10-15 02:40:32.848938 Sierra: Hotel, Lima and X-ray, sending you 1
2024-10-15 02:40:32.849418 Uniform: Alpha, sending you 3
2024-10-15 02:40:32.850340 Oscar: Whiskey and Alpha, sending you 3
2024-10-15 02:40:32.850843 Alpha: Oscar, sending you 7
2024-10-15 02:40:32.851191 Hotel: Uniform, Oscar, Lima and X-ray, sending you 1
2024-10-15 02:40:32.852581 Whiskey: Uniform and Hotel, sending you 3
2024-10-15 02:40:32.853494 X-ray: Uniform, Hotel, Whiskey, Alpha and Lima, sending you 2
2024-10-15 02:40:32.894435 Alpha: Whiskey, sending you 6
2024-10-15 02:40:32.895310 Hotel: Whiskey, sending you 3
2024-10-15 02:40:32.895817 X-ray: Oscar, sending you 1
2024-10-15 02:40:32.896327 Whiskey: Oscar, Alpha, Lima and X-ray, sending you 2
2024-10-15 02:40:32.925026 Hotel: Alpha, sending you 2
2024-10-15 02:40:32.925502 Lima: Uniform, sending you 3
2024-10-15 02:40:32.946763 Lima: Hotel and X-ray, sending you 4
chatterbot Oscar submitting transactions
chatterbot Hotel submitting transactions
chatterbot Kilo submitting transactions
chatterbot November submitting transactions
chatterbot Sierra submitting transactions
chatterbot Uniform submitting transactions
chatterbot Whiskey submitting transactions
chatterbot Lima submitting transactions
chatterbot Alpha submitting transactions
chatterbot X-ray submitting transactions
ChatterBot Uniform round 3
ChatterBot Kilo round 3
ChatterBot Oscar round 3
ChatterBot Hotel round 3
ChatterBot Sierra round 3
ChatterBot November round 3
ChatterBot Whiskey round 3
ChatterBot Alpha round 3
ChatterBot Lima round 3
ChatterBot X-ray round 3
2024-10-15 02:40:34.025727 X-ray: We should add Kilo
ChatterBot Uniform reevaluating
ChatterBot Hotel reevaluating
ChatterBot Whiskey reevaluating
ChatterBot Oscar reevaluating
ChatterBot Alpha reevaluating
2024-10-15 02:40:34.067191 Uniform: No
2024-10-15 02:40:34.067449 Hotel: Yes
2024-10-15 02:40:34.067611 Whiskey: Yes
2024-10-15 02:40:34.067803 Lima: No
2024-10-15 02:40:34.067976 Oscar: Yes
2024-10-15 02:40:34.068147 Alpha: Yes
ChatterBot Hotel reevaluating
ChatterBot Whiskey reevaluating
ChatterBot Oscar reevaluating
ChatterBot Alpha reevaluating
ChatterBot Uniform reevaluating
ChatterBot Whiskey reevaluating
ChatterBot Oscar reevaluating
ChatterBot Alpha reevaluating
ChatterBot Uniform reevaluating
ChatterBot Hotel reevaluating
ChatterBot Oscar reevaluating
ChatterBot Alpha reevaluating
ChatterBot Uniform reevaluating
ChatterBot Hotel reevaluating
ChatterBot Whiskey reevaluating
ChatterBot Oscar reevaluating
ChatterBot Alpha reevaluating
ChatterBot Uniform reevaluating
ChatterBot Hotel reevaluating
ChatterBot Whiskey reevaluating
ChatterBot Alpha reevaluating
ChatterBot Uniform reevaluating
ChatterBot Hotel reevaluating
ChatterBot Whiskey reevaluating
ChatterBot Oscar reevaluating
2024-10-15 02:40:34.588787 X-ray: Kilo we want you to join our group
2024-10-15 02:40:34.594496 Kilo: No
ChatterBot Uniform reevaluating
ChatterBot Hotel reevaluating
ChatterBot Whiskey reevaluating
ChatterBot Oscar reevaluating
ChatterBot Alpha reevaluating
2024-10-15 02:40:34.638832 Oscar: Kilo we want you to join our group
2024-10-15 02:40:34.650119 Kilo: No
ChatterBot Uniform reevaluating
2024-10-15 02:40:34.707270 Hotel: Kilo we want you to join our group
2024-10-15 02:40:34.716078 Kilo: No
ChatterBot Uniform reevaluating
2024-10-15 02:40:34.772124 Whiskey: Kilo we want you to join our group
2024-10-15 02:40:34.781015 Kilo: No
ChatterBot Uniform reevaluating
2024-10-15 02:40:34.835004 Sierra: Hotel, Lima and X-ray, sending you 1
2024-10-15 02:40:34.839879 X-ray: Uniform, Hotel, Whiskey, Alpha and Lima, sending you 2
2024-10-15 02:40:34.840446 November: Whiskey, sending you 5
2024-10-15 02:40:34.841691 Kilo: Oscar, sending you 2
2024-10-15 02:40:34.842055 Lima: Uniform, sending you 3
2024-10-15 02:40:34.842405 Alpha: Uniform, Kilo and Oscar, sending you 3
2024-10-15 02:40:34.843910 Uniform: We should drop Oscar and Alpha
2024-10-15 02:40:34.875139 Hotel: No
2024-10-15 02:40:34.875343 Whiskey: No
2024-10-15 02:40:34.875961 Lima: Yes
2024-10-15 02:40:34.876130 X-ray: No
2024-10-15 02:40:34.970195 X-ray: Oscar, sending you 1
2024-10-15 02:40:34.971344 Kilo: Alpha, sending you 3
2024-10-15 02:40:34.971735 Lima: Hotel and X-ray, sending you 4
2024-10-15 02:40:34.972186 Alpha: Hotel, Whiskey, Lima and X-ray, sending you 2
chatterbot X-ray submitting transactions
2024-10-15 02:40:34.973554 Hotel: Uniform, Kilo, Oscar, Alpha and X-ray, sending you 1
2024-10-15 02:40:34.975022 Whiskey: Uniform, Kilo, Oscar, Hotel, Alpha, Lima and X-ray, sending you 2
2024-10-15 02:40:34.976704 Oscar: Uniform, Kilo, Hotel, Lima and X-ray, sending you 1
2024-10-15 02:40:34.977907 Hotel: Whiskey and Lima, sending you 2
2024-10-15 02:40:34.981676 Oscar: Whiskey, sending you 2
2024-10-15 02:40:34.986677 Oscar: Alpha, sending you 3
2024-10-15 02:40:34.993718 Uniform: Sending you each 2
chatterbot Sierra submitting transactions
chatterbot November submitting transactions
chatterbot Oscar submitting transactions
chatterbot Whiskey submitting transactions
chatterbot Hotel submitting transactions
chatterbot Kilo submitting transactions
chatterbot Uniform submitting transactions
chatterbot Lima submitting transactions
chatterbot Alpha submitting transactions
ChatterBot Uniform round 4
ChatterBot Kilo round 4
ChatterBot Oscar round 4
ChatterBot Hotel round 4
ChatterBot Sierra round 4
ChatterBot November round 4
ChatterBot Whiskey round 4
ChatterBot Alpha round 4
ChatterBot Lima round 4
ChatterBot X-ray round 4
2024-10-15 02:40:35.990779 Whiskey: Let's form a team
ChatterBot Lima reevaluating
2024-10-15 02:40:36.022827 November: Yes
2024-10-15 02:40:36.023073 Uniform: No
2024-10-15 02:40:36.023269 Hotel: No
2024-10-15 02:40:36.023973 Lima: No
2024-10-15 02:40:36.024119 X-ray: No
ChatterBot Lima reevaluating
ChatterBot Lima reevaluating
ChatterBot Whiskey reevaluating
ChatterBot Lima reevaluating
ChatterBot Whiskey reevaluating
ChatterBot Whiskey reevaluating
ChatterBot Lima reevaluating
2024-10-15 02:40:36.191827 Lima: Whiskey we want you to join our group
ChatterBot Whiskey reevaluating
2024-10-15 02:40:36.200145 Whiskey: Yes
ChatterBot Lima reevaluating
2024-10-15 02:40:36.223420 Hotel: Uniform, Kilo, Oscar, Alpha and X-ray, sending you 1
2024-10-15 02:40:36.226684 Kilo: Oscar, sending you 2
2024-10-15 02:40:36.227787 Hotel: Whiskey and Lima, sending you 2
2024-10-15 02:40:36.228454 Alpha: Uniform, Hotel, Whiskey and Lima, sending you 2
2024-10-15 02:40:36.229663 Uniform: Same as last round
2024-10-15 02:40:36.230192 Oscar: Uniform, Kilo, Hotel, Lima and X-ray, sending you 1
2024-10-15 02:40:36.231381 Sierra: Hotel, Lima and X-ray, sending you 1
2024-10-15 02:40:36.231981 X-ray: Uniform, Hotel, Whiskey, Alpha and Lima, sending you 2
2024-10-15 02:40:36.232984 November: Whiskey, sending you 5
2024-10-15 02:40:36.233510 Kilo: Alpha, sending you 3
2024-10-15 02:40:36.233916 Alpha: Kilo, Oscar and X-ray, sending you 3
2024-10-15 02:40:36.235096 Oscar: Whiskey, sending you 2
2024-10-15 02:40:36.235699 X-ray: Oscar, sending you 1
2024-10-15 02:40:36.240685 Oscar: Alpha, sending you 3
2024-10-15 02:40:36.243797 Whiskey: Uniform, Hotel, November and X-ray, sending you 3
2024-10-15 02:40:36.248787 Whiskey: Lima, sending you 2
2024-10-15 02:40:36.257676 Lima: Uniform, sending you 3
2024-10-15 02:40:36.262675 Lima: Hotel and X-ray, sending you 4
chatterbot Sierra submitting transactions
chatterbot Alpha submitting transactions
chatterbot Whiskey submitting transactions
chatterbot Hotel submitting transactions
chatterbot November submitting transactions
chatterbot Kilo submitting transactions
chatterbot Lima submitting transactions
chatterbot Oscar submitting transactions
chatterbot X-ray submitting transactions
chatterbot Uniform submitting transactions
ChatterBot Uniform round 5
ChatterBot Kilo round 5
ChatterBot Oscar round 5
ChatterBot Hotel round 5
ChatterBot Sierra round 5
ChatterBot November round 5
ChatterBot Whiskey round 5
ChatterBot Alpha round 5
ChatterBot Lima round 5
2024-10-15 02:40:37.197992 Kilo: We should add November
ChatterBot Oscar reevaluating
ChatterBot Alpha reevaluating
2024-10-15 02:40:37.209545 Oscar: Yes
2024-10-15 02:40:37.209724 Alpha: No
ChatterBot Alpha reevaluating
ChatterBot Kilo reevaluating
ChatterBot Oscar reevaluating
ChatterBot X-ray round 5
2024-10-15 02:40:37.255650 Lima: We should replace X-ray with Whiskey
2024-10-15 02:40:37.269803 Uniform: No
2024-10-15 02:40:37.270012 Hotel: No
ChatterBot Lima reevaluating
2024-10-15 02:40:37.337948 Lima: We should replace Hotel with Whiskey
2024-10-15 02:40:37.352787 Uniform: No
2024-10-15 02:40:37.353047 X-ray: No
ChatterBot Lima reevaluating
ChatterBot X-ray reevaluating
ChatterBot Lima reevaluating
2024-10-15 02:40:37.384650 X-ray: We should group up
ChatterBot Lima reevaluating
2024-10-15 02:40:37.415657 November: Yes
2024-10-15 02:40:37.415857 Uniform: No
2024-10-15 02:40:37.416583 Hotel: No
2024-10-15 02:40:37.416741 Whiskey: Yes
2024-10-15 02:40:37.416879 Lima: No
ChatterBot Lima reevaluating
ChatterBot X-ray reevaluating
ChatterBot Hotel reevaluating
ChatterBot Lima reevaluating
ChatterBot X-ray reevaluating
ChatterBot Lima reevaluating
ChatterBot X-ray reevaluating
ChatterBot Hotel reevaluating
ChatterBot Lima reevaluating
ChatterBot X-ray reevaluating
ChatterBot Hotel reevaluating
ChatterBot X-ray reevaluating
2024-10-15 02:40:37.546348 Hotel: Can we be friends?
ChatterBot Lima reevaluating
ChatterBot X-ray reevaluating
2024-10-15 02:40:37.582237 November: Yes
2024-10-15 02:40:37.582969 Uniform: No
2024-10-15 02:40:37.583153 Whiskey: Yes
2024-10-15 02:40:37.583291 Lima: No
2024-10-15 02:40:37.583432 X-ray: No
ChatterBot Hotel reevaluating
ChatterBot Lima reevaluating
ChatterBot X-ray reevaluating
ChatterBot Hotel reevaluating
ChatterBot Lima reevaluating
ChatterBot X-ray reevaluating
ChatterBot Hotel reevaluating
ChatterBot Lima reevaluating
ChatterBot X-ray reevaluating
ChatterBot Hotel reevaluating
ChatterBot X-ray reevaluating
ChatterBot Hotel reevaluating
ChatterBot Lima reevaluating
2024-10-15 02:40:37.760358 Lima: We should replace Uniform with Whiskey
ChatterBot Hotel reevaluating
ChatterBot X-ray reevaluating
2024-10-15 02:40:37.769226 Hotel: No
2024-10-15 02:40:37.769345 X-ray: No
ChatterBot Lima reevaluating
ChatterBot X-ray reevaluating
ChatterBot Lima reevaluating
ChatterBot Hotel reevaluating
2024-10-15 02:40:37.850278 Uniform: Same as last round
2024-10-15 02:40:37.851893 Oscar: Uniform, Hotel, Lima and X-ray, sending you 1
2024-10-15 02:40:37.854661 Oscar: Kilo, Whiskey and Alpha, sending you 2
2024-10-15 02:40:37.855324 November: Whiskey, sending you 5
2024-10-15 02:40:37.855905 Whiskey: Uniform, Hotel and November, sending you 4
2024-10-15 02:40:37.858146 Alpha: Kilo and Oscar, sending you 6
2024-10-15 02:40:37.862717 Sierra: Hotel, Lima and X-ray, sending you 1
2024-10-15 02:40:37.863244 Kilo: Oscar, sending you 2
2024-10-15 02:40:37.863697 Whiskey: X-ray, sending you 2
2024-10-15 02:40:37.865793 Alpha: November, sending you 5
2024-10-15 02:40:37.866137 Kilo: Alpha, sending you 3
2024-10-15 02:40:37.881689 Hotel: Uniform, Whiskey, Lima and X-ray, sending you 2
2024-10-15 02:40:37.882686 X-ray: Uniform, Hotel, November and Whiskey, sending you 2
2024-10-15 02:40:37.887089 X-ray: Lima, sending you 3
chatterbot Sierra submitting transactions
2024-10-15 02:40:37.888452 Hotel: November, sending you 1
2024-10-15 02:40:37.889231 Lima: Uniform, sending you 3
2024-10-15 02:40:37.893732 Lima: Hotel and X-ray, sending you 4
chatterbot Oscar submitting transactions
chatterbot Lima submitting transactions
chatterbot Whiskey submitting transactions
chatterbot Kilo submitting transactions
chatterbot November submitting transactions
chatterbot Alpha submitting transactions
chatterbot X-ray submitting transactions
chatterbot Uniform submitting transactions
chatterbot Hotel submitting transactions
ChatterBot Uniform round 6
ChatterBot Kilo round 6
ChatterBot Oscar round 6
ChatterBot Hotel round 6
ChatterBot Sierra round 6
ChatterBot November round 6
ChatterBot Whiskey round 6
ChatterBot Alpha round 6
ChatterBot Lima round 6
ChatterBot X-ray round 6
2024-10-15 02:40:39.086541 Uniform: Same as last round
2024-10-15 02:40:39.087301 Kilo: Oscar, sending you 2
2024-10-15 02:40:39.090680 Kilo: Alpha, sending you 3
2024-10-15 02:40:39.091713 Alpha: Kilo and Oscar, sending you 6
2024-10-15 02:40:39.098097 Sierra: Hotel, Lima and X-ray, sending you 1
2024-10-15 02:40:39.099055 Alpha: November, sending you 5
2024-10-15 02:40:39.099517 Hotel: Uniform, Whiskey, Lima and X-ray, sending you 2
2024-10-15 02:40:39.100739 November: Hotel and X-ray, sending you 1
2024-10-15 02:40:39.101372 Oscar: Kilo and Alpha, sending you 3
2024-10-15 02:40:39.102684 Whiskey: Uniform, Hotel and November, sending you 4
2024-10-15 02:40:39.106629 Hotel: November, sending you 1
2024-10-15 02:40:39.107149 November: Whiskey, sending you 3
2024-10-15 02:40:39.108391 Oscar: November, sending you 2
2024-10-15 02:40:39.108724 X-ray: Uniform, Hotel, November and Whiskey, sending you 2
2024-10-15 02:40:39.109221 Whiskey: X-ray, sending you 2
2024-10-15 02:40:39.110703 Lima: Uniform, sending you 3
2024-10-15 02:40:39.113762 X-ray: Lima, sending you 3
2024-10-15 02:40:39.117908 Lima: Hotel and X-ray, sending you 4
chatterbot Kilo submitting transactions
chatterbot Alpha submitting transactions
chatterbot Sierra submitting transactions
chatterbot X-ray submitting transactions
chatterbot Whiskey submitting transactions
chatterbot Hotel submitting transactions
chatterbot Uniform submitting transactions
chatterbot Lima submitting transactions
chatterbot November submitting transactions
chatterbot Oscar submitting transactions
ChatterBot Uniform round 7
ChatterBot Kilo round 7
ChatterBot Oscar round 7
ChatterBot Hotel round 7
ChatterBot Sierra round 7
ChatterBot November round 7
ChatterBot Whiskey round 7
ChatterBot Alpha round 7
ChatterBot Lima round 7
ChatterBot X-ray round 7
2024-10-15 02:40:40.121971 Lima: We should replace Hotel with Whiskey
ChatterBot Uniform reevaluating
2024-10-15 02:40:40.132965 Uniform: No
2024-10-15 02:40:40.133136 X-ray: No
ChatterBot Lima reevaluating
ChatterBot Lima reevaluating
ChatterBot Uniform reevaluating
2024-10-15 02:40:40.180953 Kilo: Oscar, sending you 2
2024-10-15 02:40:40.181606 Lima: Whiskey we want you to join our group
2024-10-15 02:40:40.187674 Whiskey: Yes
ChatterBot Lima reevaluating
ChatterBot Uniform reevaluating
2024-10-15 02:40:40.201761 Lima: We should replace Uniform with Whiskey
2024-10-15 02:40:40.210435 Hotel: No
2024-10-15 02:40:40.210594 X-ray: No
ChatterBot Lima reevaluating
ChatterBot Lima reevaluating
2024-10-15 02:40:40.229021 Kilo: Alpha, sending you 3
2024-10-15 02:40:40.229914 Hotel: Uniform, Whiskey, Lima and X-ray, sending you 2
2024-10-15 02:40:40.230625 Whiskey: Uniform, Hotel and November, sending you 4
2024-10-15 02:40:40.231770 Sierra: Hotel, Lima and X-ray, sending you 1
2024-10-15 02:40:40.232866 Alpha: Kilo and Oscar, sending you 6
2024-10-15 02:40:40.236543 Oscar: Kilo and Alpha, sending you 3
2024-10-15 02:40:40.236896 November: Hotel and X-ray, sending you 1
2024-10-15 02:40:40.238127 Hotel: November, sending you 1
2024-10-15 02:40:40.238527 Whiskey: X-ray, sending you 2
2024-10-15 02:40:40.239469 X-ray: Uniform, Hotel, November and Whiskey, sending you 2
2024-10-15 02:40:40.239947 Alpha: November, sending you 5
2024-10-15 02:40:40.243331 Oscar: November, sending you 2
2024-10-15 02:40:40.243726 November: Whiskey, sending you 3
2024-10-15 02:40:40.245048 X-ray: Lima, sending you 3
2024-10-15 02:40:40.265347 Lima: Hotel and X-ray, sending you 4
2024-10-15 02:40:40.265880 Uniform: Same as last round
2024-10-15 02:40:40.272704 Lima: Whiskey, sending you 3
chatterbot Alpha submitting transactions
chatterbot Sierra submitting transactions
chatterbot Oscar submitting transactions
chatterbot November submitting transactions
chatterbot Whiskey submitting transactions
chatterbot Hotel submitting transactions
chatterbot Kilo submitting transactions
chatterbot Uniform submitting transactions
chatterbot Lima submitting transactions
chatterbot X-ray submitting transactions
ChatterBot Uniform round 8
ChatterBot Kilo round 8
ChatterBot Oscar round 8
ChatterBot Hotel round 8
ChatterBot Sierra round 8
ChatterBot November round 8
ChatterBot Whiskey round 8
ChatterBot Alpha round 8
2024-10-15 02:40:41.341227 Sierra: We should add November
ChatterBot Hotel reevaluating
ChatterBot Whiskey reevaluating
2024-10-15 02:40:41.371666 Uniform: No
2024-10-15 02:40:41.371963 Hotel: Yes
2024-10-15 02:40:41.372198 Whiskey: Yes
2024-10-15 02:40:41.372859 Lima: No
2024-10-15 02:40:41.373078 X-ray: Yes
ChatterBot Hotel reevaluating
ChatterBot Whiskey reevaluating
ChatterBot Uniform reevaluating
ChatterBot Whiskey reevaluating
ChatterBot Uniform reevaluating
ChatterBot Hotel reevaluating
ChatterBot Lima reevaluating
ChatterBot Uniform reevaluating
ChatterBot Hotel reevaluating
ChatterBot Whiskey reevaluating
ChatterBot Uniform reevaluating
ChatterBot Hotel reevaluating
ChatterBot Whiskey reevaluating
ChatterBot Lima reevaluating
ChatterBot Lima round 8
ChatterBot X-ray round 8
2024-10-15 02:40:41.533071 Alpha: We should replace November with Sierra
ChatterBot Kilo reevaluating
ChatterBot Oscar reevaluating
2024-10-15 02:40:41.541306 Kilo: Yes
2024-10-15 02:40:41.541985 Oscar: Yes
ChatterBot Oscar reevaluating
ChatterBot Kilo reevaluating
ChatterBot Alpha reevaluating
2024-10-15 02:40:41.557576 Sierra: November we want you to join our group
2024-10-15 02:40:41.561485 November: No
ChatterBot Uniform reevaluating
ChatterBot Hotel reevaluating
ChatterBot Whiskey reevaluating
ChatterBot Lima reevaluating
ChatterBot X-ray reevaluating
2024-10-15 02:40:41.597730 Hotel: Sierra we want you to join our group
2024-10-15 02:40:41.605359 Sierra: Yes
ChatterBot X-ray reevaluating
2024-10-15 02:40:41.643941 X-ray: We should add Sierra
2024-10-15 02:40:41.668544 November: No
2024-10-15 02:40:41.668785 Uniform: No
2024-10-15 02:40:41.668970 Hotel: Yes
2024-10-15 02:40:41.669121 Whiskey: No
2024-10-15 02:40:41.669290 Lima: No
ChatterBot X-ray reevaluating
ChatterBot X-ray reevaluating
ChatterBot November reevaluating
ChatterBot X-ray reevaluating
ChatterBot November reevaluating
ChatterBot X-ray reevaluating
ChatterBot November reevaluating
ChatterBot X-ray reevaluating
2024-10-15 02:40:41.794671 Whiskey: Uniform, Hotel, November and X-ray, sending you 3
2024-10-15 02:40:41.795362 Lima: Uniform, Hotel and X-ray, sending you 3
2024-10-15 02:40:41.795852 Oscar: Kilo and Alpha, sending you 3
2024-10-15 02:40:41.796173 Sierra: Hotel, Lima and X-ray, sending you 1
2024-10-15 02:40:41.796686 Uniform: Same as last round
2024-10-15 02:40:41.797583 Kilo: Oscar, sending you 2
2024-10-15 02:40:41.797919 Whiskey: Lima, sending you 2
2024-10-15 02:40:41.799872 Lima: Whiskey, sending you 2
2024-10-15 02:40:41.800698 Oscar: Sierra, sending you 2
2024-10-15 02:40:41.802677 Kilo: Alpha, sending you 3
2024-10-15 02:40:41.811676 Hotel: Uniform, Whiskey, Lima and X-ray, sending you 2
2024-10-15 02:40:41.816166 Hotel: Sierra, sending you 1
2024-10-15 02:40:41.816666 Alpha: Kilo, sending you 9
2024-10-15 02:40:41.817706 X-ray: Uniform, Hotel, November and Whiskey, sending you 2
2024-10-15 02:40:41.819676 November: Hotel and X-ray, sending you 1
2024-10-15 02:40:41.820266 Alpha: Oscar, sending you 8
2024-10-15 02:40:41.821672 X-ray: Lima, sending you 3
2024-10-15 02:40:41.824661 November: Whiskey, sending you 3
chatterbot Sierra submitting transactions
chatterbot Uniform submitting transactions
chatterbot Hotel submitting transactions
chatterbot Lima submitting transactions
chatterbot Kilo submitting transactions
chatterbot November submitting transactions
chatterbot X-ray submitting transactions
chatterbot Whiskey submitting transactions
chatterbot Alpha submitting transactions
chatterbot Oscar submitting transactions
ChatterBot Uniform round 9
ChatterBot Kilo round 9
ChatterBot Oscar round 9
ChatterBot Hotel round 9
ChatterBot Sierra round 9
ChatterBot November round 9
ChatterBot Whiskey round 9
ChatterBot Alpha round 9
ChatterBot Lima round 9
ChatterBot X-ray round 9
2024-10-15 02:40:42.839221 November: We should add Sierra
2024-10-15 02:40:42.860920 Uniform: No
2024-10-15 02:40:42.861728 Hotel: Yes
2024-10-15 02:40:42.862020 Whiskey: No
2024-10-15 02:40:42.862329 Lima: No
2024-10-15 02:40:42.862538 X-ray: No
ChatterBot X-ray reevaluating
ChatterBot November reevaluating
ChatterBot X-ray reevaluating
ChatterBot November reevaluating
ChatterBot X-ray reevaluating
ChatterBot November reevaluating
ChatterBot X-ray reevaluating
ChatterBot November reevaluating
2024-10-15 02:40:42.961299 Alpha: We should add Sierra
2024-10-15 02:40:42.968483 Kilo: Yes
2024-10-15 02:40:42.969318 Oscar: Yes
2024-10-15 02:40:42.990701 Alpha: Sierra we want you to join our group
ChatterBot Sierra reevaluating
2024-10-15 02:40:42.995443 Sierra: Yes
2024-10-15 02:40:43.003898 Sierra: Group up?
2024-10-15 02:40:43.013486 Oscar: Yes
2024-10-15 02:40:43.013667 Kilo: Yes
2024-10-15 02:40:43.013793 Alpha: Yes
ChatterBot Sierra reevaluating
ChatterBot Sierra reevaluating
ChatterBot Sierra reevaluating
2024-10-15 02:40:43.057475 X-ray: Sierra we want you to join our group
ChatterBot Sierra reevaluating
2024-10-15 02:40:43.065217 Sierra: No
ChatterBot November reevaluating
2024-10-15 02:40:43.102695 Hotel: Uniform, Whiskey, Lima and X-ray, sending you 2
2024-10-15 02:40:43.104182 Lima: Uniform, Hotel and X-ray, sending you 3
2024-10-15 02:40:43.104764 Oscar: Kilo and Alpha, sending you 3
2024-10-15 02:40:43.105778 Kilo: Oscar, sending you 2
2024-10-15 02:40:43.106166 Uniform: Same as last round
2024-10-15 02:40:43.107455 Whiskey: November, sending you 1
2024-10-15 02:40:43.108192 Hotel: Sierra, sending you 1
2024-10-15 02:40:43.109690 Lima: Whiskey, sending you 2
2024-10-15 02:40:43.111106 Kilo: Alpha, sending you 3
2024-10-15 02:40:43.111778 Oscar: Sierra, sending you 2
2024-10-15 02:40:43.115686 X-ray: Uniform, Hotel, Sierra, Whiskey and Lima, sending you 2
2024-10-15 02:40:43.116869 Alpha: Kilo and Oscar, sending you 6
2024-10-15 02:40:43.118083 November: Hotel and X-ray, sending you 1
2024-10-15 02:40:43.119984 Alpha: Sierra, sending you 5
2024-10-15 02:40:43.121715 X-ray: November, sending you 1
2024-10-15 02:40:43.122662 November: Whiskey, sending you 3
2024-10-15 02:40:43.129152 Sierra: Sending you each 1
chatterbot Whiskey submitting transactions
chatterbot Oscar submitting transactions
chatterbot Lima submitting transactions
chatterbot Uniform submitting transactions
chatterbot Alpha submitting transactions
chatterbot Hotel submitting transactions
chatterbot Kilo submitting transactions
chatterbot X-ray submitting transactions
chatterbot Sierra submitting transactions
chatterbot November submitting transactions
ChatterBot Uniform round 10
ChatterBot Kilo round 10
ChatterBot Oscar round 10
ChatterBot Hotel round 10
ChatterBot Sierra round 10
ChatterBot November round 10
ChatterBot Whiskey round 10
ChatterBot Alpha round 10
ChatterBot Lima round 10
ChatterBot X-ray round 10
2024-10-15 02:40:44.199433 Hotel: We should drop Sierra
ChatterBot Lima reevaluating
2024-10-15 02:40:44.230700 November: Yes
2024-10-15 02:40:44.230936 Uniform: Yes
2024-10-15 02:40:44.231114 Whiskey: Yes
2024-10-15 02:40:44.231276 Lima: No
2024-10-15 02:40:44.231448 X-ray: Yes
ChatterBot Lima reevaluating
ChatterBot Lima reevaluating
ChatterBot Lima reevaluating
ChatterBot Hotel reevaluating
ChatterBot Hotel reevaluating
ChatterBot Lima reevaluating
2024-10-15 02:40:44.358694 Whiskey: Uniform, Hotel, November and X-ray, sending you 3
2024-10-15 02:40:44.359599 Oscar: Kilo, sending you 3
2024-10-15 02:40:44.363685 Whiskey: Lima, sending you 2
2024-10-15 02:40:44.364729 Oscar: Sierra and Alpha, sending you 2
2024-10-15 02:40:44.366676 Alpha: I was attacked by Whiskey
ChatterBot Oscar reevaluating
ChatterBot Kilo reevaluating
ChatterBot Sierra reevaluating
2024-10-15 02:40:44.386190 Alpha: I'm keeping this round to protect myself
2024-10-15 02:40:44.386920 Alpha: Ow
2024-10-15 02:40:44.389694 November: Hotel, sending you 1
2024-10-15 02:40:44.391358 Uniform: Same as last round
2024-10-15 02:40:44.392047 Lima: Sending you 2
2024-10-15 02:40:44.392826 X-ray: Uniform, Hotel, November and Whiskey, sending you 2
2024-10-15 02:40:44.395692 November: Whiskey and X-ray, sending you 2
2024-10-15 02:40:44.397009 X-ray: Lima, sending you 3
2024-10-15 02:40:44.402765 Hotel: Uniform, Whiskey, Lima and X-ray, sending you 2
2024-10-15 02:40:44.405681 Kilo: Oscar and Alpha, sending you 2
2024-10-15 02:40:44.406301 Hotel: November, sending you 1
2024-10-15 02:40:44.411057 Kilo: Sierra, sending you 1
chatterbot X-ray submitting transactions
chatterbot Whiskey submitting transactions
chatterbot Oscar submitting transactions
chatterbot November submitting transactions
chatterbot Lima submitting transactions
chatterbot Uniform submitting transactions
chatterbot Alpha submitting transactions
chatterbot Sierra submitting transactions
chatterbot Hotel submitting transactions
chatterbot Kilo submitting transactions
ChatterBot Uniform round 11
ChatterBot Kilo round 11
ChatterBot Oscar round 11
ChatterBot Hotel round 11
ChatterBot Sierra round 11
ChatterBot November round 11
ChatterBot Whiskey round 11
ChatterBot Alpha round 11
ChatterBot Lima round 11
ChatterBot X-ray round 11
2024-10-15 02:40:45.661024 Hotel: We should add Oscar
ChatterBot November reevaluating
ChatterBot X-ray reevaluating
2024-10-15 02:40:45.697559 November: No
2024-10-15 02:40:45.697800 Uniform: No
2024-10-15 02:40:45.698023 Whiskey: No
2024-10-15 02:40:45.698201 Lima: No
2024-10-15 02:40:45.698908 X-ray: No
ChatterBot Hotel reevaluating
ChatterBot X-ray reevaluating
ChatterBot November reevaluating
ChatterBot Hotel reevaluating
ChatterBot X-ray reevaluating
ChatterBot November reevaluating
ChatterBot Hotel reevaluating
ChatterBot X-ray reevaluating
ChatterBot November reevaluating
ChatterBot Hotel reevaluating
ChatterBot X-ray reevaluating
ChatterBot November reevaluating
ChatterBot Hotel reevaluating
2024-10-15 02:40:45.997845 X-ray: We should add Sierra
ChatterBot November reevaluating
ChatterBot Hotel reevaluating
2024-10-15 02:40:46.036134 November: No
2024-10-15 02:40:46.036501 Uniform: No
2024-10-15 02:40:46.036919 Hotel: Yes
2024-10-15 02:40:46.037774 Whiskey: No
2024-10-15 02:40:46.037978 Lima: No
ChatterBot Hotel reevaluating
ChatterBot X-ray reevaluating
ChatterBot November reevaluating
ChatterBot Hotel reevaluating
ChatterBot Lima reevaluating
ChatterBot X-ray reevaluating
ChatterBot November reevaluating
ChatterBot Lima reevaluating
ChatterBot X-ray reevaluating
ChatterBot November reevaluating
ChatterBot Hotel reevaluating
ChatterBot Lima reevaluating
ChatterBot X-ray reevaluating
ChatterBot November reevaluating
ChatterBot Hotel reevaluating
ChatterBot X-ray reevaluating
chatterbot Kilo submitting transactions
2024-10-15 02:40:46.237586 Hotel: Sierra we want you to join our group
2024-10-15 02:40:46.247294 Sierra: No
ChatterBot November reevaluating
ChatterBot Lima reevaluating
ChatterBot X-ray reevaluating
2024-10-15 02:40:46.276948 Kilo: Oscar and Alpha, sending you 2
2024-10-15 02:40:46.282974 November: We should drop Uniform
ChatterBot Lima reevaluating
ChatterBot X-ray reevaluating
2024-10-15 02:40:46.311772 Hotel: No
2024-10-15 02:40:46.311954 Whiskey: No
2024-10-15 02:40:46.312116 Lima: Yes
2024-10-15 02:40:46.312282 X-ray: No
ChatterBot November reevaluating
ChatterBot Lima reevaluating
ChatterBot X-ray reevaluating
ChatterBot November reevaluating
ChatterBot Lima reevaluating
ChatterBot X-ray reevaluating
ChatterBot November reevaluating
ChatterBot X-ray reevaluating
ChatterBot November reevaluating
ChatterBot Lima reevaluating
2024-10-15 02:40:46.411407 Uniform: Same as last round
2024-10-15 02:40:46.412309 Kilo: Sierra, sending you 1
2024-10-15 02:40:46.413492 Sierra: Same as last round
2024-10-15 02:40:46.413995 Oscar: Kilo, sending you 4
2024-10-15 02:40:46.415551 Whiskey: Uniform, Hotel, November and X-ray, sending you 3
chatterbot Alpha submitting transactions
2024-10-15 02:40:46.422429 November: We should drop Lima
ChatterBot X-ray reevaluating
2024-10-15 02:40:46.452029 Uniform: No
2024-10-15 02:40:46.453085 Hotel: No
2024-10-15 02:40:46.453282 Whiskey: No
2024-10-15 02:40:46.453454 X-ray: No
ChatterBot November reevaluating
ChatterBot X-ray reevaluating
ChatterBot November reevaluating
ChatterBot X-ray reevaluating
ChatterBot November reevaluating
ChatterBot X-ray reevaluating
ChatterBot November reevaluating
2024-10-15 02:40:46.544958 Oscar: Sierra and Alpha, sending you 2
2024-10-15 02:40:46.545990 Whiskey: Lima, sending you 2
2024-10-15 02:40:46.546963 Hotel: Uniform, Whiskey, Lima and X-ray, sending you 2
chatterbot Hotel submitting transactions
2024-10-15 02:40:46.551711 Lima: Uniform, Hotel and X-ray, sending you 3
2024-10-15 02:40:46.553498 Hotel: November, sending you 1
2024-10-15 02:40:46.557150 Lima: Whiskey, sending you 2
2024-10-15 02:40:46.562820 November: Hotel and X-ray, sending you 1
2024-10-15 02:40:46.569038 November: Whiskey, sending you 3
2024-10-15 02:40:46.570698 X-ray: Uniform, Hotel, November and Whiskey, sending you 2
2024-10-15 02:40:46.574693 X-ray: Lima, sending you 3
chatterbot November submitting transactions
chatterbot Uniform submitting transactions
chatterbot Whiskey submitting transactions
chatterbot Oscar submitting transactions
chatterbot Sierra submitting transactions
chatterbot X-ray submitting transactions
chatterbot Lima submitting transactions
ChatterBot Uniform round 12
ChatterBot Kilo round 12
ChatterBot Oscar round 12
ChatterBot Hotel round 12
ChatterBot Sierra round 12
ChatterBot November round 12
ChatterBot Whiskey round 12
ChatterBot Alpha round 12
ChatterBot Lima round 12
ChatterBot X-ray round 12
2024-10-15 02:40:47.550073 Oscar: We should add X-ray
ChatterBot Alpha reevaluating
ChatterBot Sierra reevaluating
2024-10-15 02:40:47.560115 Kilo: Yes
2024-10-15 02:40:47.560336 Alpha: Yes
2024-10-15 02:40:47.560577 Sierra: Yes
ChatterBot Alpha reevaluating
ChatterBot Sierra reevaluating
ChatterBot Sierra reevaluating
ChatterBot Alpha reevaluating
