ChatterBot Golf round 1
ChatterBot Oscar round 1
ChatterBot Delta round 1
ChatterBot Mike round 1
ChatterBot Tango round 1
ChatterBot Sierra round 1
ChatterBot Juliett round 1
ChatterBot Echo round 1
ChatterBot Foxtrot round 1
ChatterBot Charlie round 1
randomSelections Golf: {Golf, Echo, Mike, Delta, Charlie, Tango} 
2024-10-15 02:40:29.331859 Golf: Let's form a team
ChatterBot Echo reevaluating
ChatterBot Mike reevaluating
ChatterBot Delta reevaluating
ChatterBot Charlie reevaluating
ChatterBot Tango reevaluating
2024-10-15 02:40:29.350378 Echo: Yes
2024-10-15 02:40:29.350671 Mike: Yes
2024-10-15 02:40:29.351356 Delta: Yes
2024-10-15 02:40:29.351829 Charlie: Yes
2024-10-15 02:40:29.352303 Tango: Yes
ChatterBot Mike reevaluating
ChatterBot Delta reevaluating
ChatterBot Charlie reevaluating
ChatterBot Tango reevaluating
ChatterBot Echo reevaluating
ChatterBot Delta reevaluating
ChatterBot Charlie reevaluating
ChatterBot Tango reevaluating
ChatterBot Echo reevaluating
ChatterBot Mike reevaluating
ChatterBot Charlie reevaluating
ChatterBot Tango reevaluating
ChatterBot Echo reevaluating
ChatterBot Mike reevaluating
ChatterBot Delta reevaluating
ChatterBot Tango reevaluating
ChatterBot Echo reevaluating
ChatterBot Mike reevaluating
ChatterBot Delta reevaluating
ChatterBot Charlie reevaluating
randomSelections Sierra: {Sierra, Mike, Charlie, Golf, Echo, Juliett} 
2024-10-15 02:40:29.409630 Sierra: We would work well together
ChatterBot Mike reevaluating
ChatterBot Charlie reevaluating
ChatterBot Echo reevaluating
ChatterBot Juliett reevaluating
2024-10-15 02:40:29.419042 Mike: No
2024-10-15 02:40:29.419526 Charlie: No
2024-10-15 02:40:29.420524 Golf: No
2024-10-15 02:40:29.420920 Echo: No
2024-10-15 02:40:29.421263 Juliett: Yes
ChatterBot Charlie reevaluating
ChatterBot Echo reevaluating
ChatterBot Juliett reevaluating
ChatterBot Mike reevaluating
ChatterBot Echo reevaluating
ChatterBot Juliett reevaluating
ChatterBot Mike reevaluating
ChatterBot Charlie reevaluating
ChatterBot Echo reevaluating
ChatterBot Juliett reevaluating
ChatterBot Mike reevaluating
ChatterBot Charlie reevaluating
ChatterBot Juliett reevaluating
ChatterBot Mike reevaluating
ChatterBot Charlie reevaluating
ChatterBot Echo reevaluating
randomSelections Oscar: {Oscar, Juliett, Mike, Sierra, Delta, Golf, Tango} 
2024-10-15 02:40:29.476908 Oscar: We would work well together
ChatterBot Juliett reevaluating
ChatterBot Mike reevaluating
ChatterBot Delta reevaluating
ChatterBot Tango reevaluating
2024-10-15 02:40:29.491849 Juliett: No
2024-10-15 02:40:29.492190 Mike: No
2024-10-15 02:40:29.493266 Sierra: No
2024-10-15 02:40:29.493670 Delta: No
2024-10-15 02:40:29.493937 Golf: No
2024-10-15 02:40:29.494417 Tango: No
ChatterBot Mike reevaluating
ChatterBot Delta reevaluating
ChatterBot Tango reevaluating
ChatterBot Juliett reevaluating
ChatterBot Delta reevaluating
ChatterBot Tango reevaluating
ChatterBot Juliett reevaluating
ChatterBot Mike reevaluating
ChatterBot Delta reevaluating
ChatterBot Tango reevaluating
ChatterBot Juliett reevaluating
ChatterBot Mike reevaluating
ChatterBot Tango reevaluating
ChatterBot Juliett reevaluating
ChatterBot Mike reevaluating
ChatterBot Delta reevaluating
ChatterBot Tango reevaluating
ChatterBot Juliett reevaluating
ChatterBot Mike reevaluating
ChatterBot Delta reevaluating
randomSelections Foxtrot: {Foxtrot, Sierra, Oscar, Tango, Mike, Charlie, Juliett, Golf} 
2024-10-15 02:40:29.582438 Foxtrot: Can we be friends?
ChatterBot Tango reevaluating
ChatterBot Mike reevaluating
ChatterBot Charlie reevaluating
ChatterBot Juliett reevaluating
2024-10-15 02:40:29.593360 Sierra: No
2024-10-15 02:40:29.593814 Oscar: No
2024-10-15 02:40:29.594137 Tango: No
2024-10-15 02:40:29.595079 Mike: No
2024-10-15 02:40:29.595274 Charlie: No
2024-10-15 02:40:29.595627 Juliett: No
2024-10-15 02:40:29.595903 Golf: No
ChatterBot Tango reevaluating
ChatterBot Mike reevaluating
ChatterBot Charlie reevaluating
ChatterBot Juliett reevaluating
ChatterBot Tango reevaluating
ChatterBot Mike reevaluating
ChatterBot Charlie reevaluating
ChatterBot Juliett reevaluating
ChatterBot Mike reevaluating
ChatterBot Charlie reevaluating
ChatterBot Juliett reevaluating
ChatterBot Tango reevaluating
ChatterBot Charlie reevaluating
ChatterBot Juliett reevaluating
ChatterBot Tango reevaluating
ChatterBot Mike reevaluating
ChatterBot Juliett reevaluating
ChatterBot Tango reevaluating
ChatterBot Mike reevaluating
ChatterBot Charlie reevaluating
ChatterBot Tango reevaluating
ChatterBot Mike reevaluating
ChatterBot Charlie reevaluating
ChatterBot Juliett reevaluating
2024-10-15 02:40:29.693982 Sierra: Mike, Juliett, Echo and Charlie, sending you 1
2024-10-15 02:40:29.699791 Golf: Mike, sending you 4
2024-10-15 02:40:29.700263 Mike: Golf, Delta and Tango, sending you 1
2024-10-15 02:40:29.701685 Oscar: Golf, Mike and Juliett, sending you 3
2024-10-15 02:40:29.711893 Golf: Tango, sending you 3
2024-10-15 02:40:29.716194 Mike: Echo and Charlie, sending you 4
2024-10-15 02:40:29.716808 Echo: Golf and Mike, sending you 3
2024-10-15 02:40:29.717262 Oscar: Sierra, sending you 2
2024-10-15 02:40:29.718489 Delta: Golf, Mike and Charlie, sending you 3
2024-10-15 02:40:29.718874 Tango: Golf and Echo, sending you 2
2024-10-15 02:40:29.719222 Charlie: Golf and Mike, sending you 3
2024-10-15 02:40:29.719604 Foxtrot: Golf and Sierra, sending you 1
2024-10-15 02:40:29.721652 Golf: Echo and Charlie, sending you 1
2024-10-15 02:40:29.722073 Echo: Delta and Charlie, sending you 2
2024-10-15 02:40:29.727046 Delta: Echo, sending you 2
2024-10-15 02:40:29.727569 Tango: Mike, sending you 1
2024-10-15 02:40:29.727956 Charlie: Delta, sending you 2
2024-10-15 02:40:29.728344 Juliett: Mike and Charlie, sending you 1
2024-10-15 02:40:29.730662 Foxtrot: Oscar, sending you 3
2024-10-15 02:40:29.731026 Echo: Tango, sending you 4
2024-10-15 02:40:29.731456 Charlie: Tango, sending you 5
2024-10-15 02:40:29.756866 Foxtrot: Mike, Juliett and Charlie, sending you 2
2024-10-15 02:40:29.757548 Juliett: Sierra, sending you 3
2024-10-15 02:40:29.757971 Charlie: Echo, sending you 4
2024-10-15 02:40:29.770330 Foxtrot: Tango, sending you 4
2024-10-15 02:40:29.770926 Juliett: Echo, sending you 4
chatterbot Charlie submitting transactions
chatterbot Oscar submitting transactions
chatterbot Sierra submitting transactions
chatterbot Golf submitting transactions
chatterbot Foxtrot submitting transactions
chatterbot Tango submitting transactions
chatterbot Delta submitting transactions
chatterbot Juliett submitting transactions
chatterbot Echo submitting transactions
chatterbot Mike submitting transactions
ChatterBot Golf round 2
ChatterBot Oscar round 2
ChatterBot Delta round 2
ChatterBot Mike round 2
ChatterBot Tango round 2
ChatterBot Sierra round 2
ChatterBot Juliett round 2
ChatterBot Echo round 2
ChatterBot Foxtrot round 2
ChatterBot Charlie round 2
2024-10-15 02:40:31.008095 Echo: We should add Foxtrot
ChatterBot Mike reevaluating
ChatterBot Delta reevaluating
ChatterBot Charlie reevaluating
ChatterBot Tango reevaluating
2024-10-15 02:40:31.025341 Golf: No
2024-10-15 02:40:31.025505 Mike: Yes
2024-10-15 02:40:31.025618 Delta: No
2024-10-15 02:40:31.025753 Charlie: No
2024-10-15 02:40:31.025868 Tango: Yes
ChatterBot Mike reevaluating
ChatterBot Delta reevaluating
ChatterBot Charlie reevaluating
ChatterBot Tango reevaluating
ChatterBot Delta reevaluating
ChatterBot Charlie reevaluating
ChatterBot Tango reevaluating
ChatterBot Mike reevaluating
ChatterBot Charlie reevaluating
ChatterBot Tango reevaluating
ChatterBot Mike reevaluating
ChatterBot Delta reevaluating
ChatterBot Tango reevaluating
ChatterBot Mike reevaluating
ChatterBot Delta reevaluating
ChatterBot Charlie reevaluating
2024-10-15 02:40:31.128327 Juliett: We would work well together
ChatterBot Oscar reevaluating
ChatterBot Sierra reevaluating
ChatterBot Foxtrot reevaluating
2024-10-15 02:40:31.142141 Oscar: No
2024-10-15 02:40:31.142290 Sierra: No
2024-10-15 02:40:31.142394 Foxtrot: No
2024-10-15 02:40:31.142514 Golf: No
ChatterBot Sierra reevaluating
ChatterBot Foxtrot reevaluating
ChatterBot Oscar reevaluating
ChatterBot Foxtrot reevaluating
ChatterBot Juliett reevaluating
ChatterBot Oscar reevaluating
ChatterBot Sierra reevaluating
ChatterBot Juliett reevaluating
ChatterBot Oscar reevaluating
ChatterBot Sierra reevaluating
ChatterBot Foxtrot reevaluating
2024-10-15 02:40:31.196447 Sierra: We should group up
ChatterBot Oscar reevaluating
ChatterBot Juliett reevaluating
ChatterBot Foxtrot reevaluating
2024-10-15 02:40:31.208921 Oscar: Yes
2024-10-15 02:40:31.209058 Juliett: Yes
2024-10-15 02:40:31.209164 Foxtrot: Yes
ChatterBot Sierra reevaluating
ChatterBot Juliett reevaluating
ChatterBot Foxtrot reevaluating
ChatterBot Sierra reevaluating
ChatterBot Oscar reevaluating
ChatterBot Foxtrot reevaluating
ChatterBot Sierra reevaluating
ChatterBot Oscar reevaluating
ChatterBot Juliett reevaluating
2024-10-15 02:40:31.260534 Echo: Foxtrot we want you to join our group
ChatterBot Foxtrot reevaluating
2024-10-15 02:40:31.264804 Foxtrot: Yes
ChatterBot Delta reevaluating
ChatterBot Mike reevaluating
ChatterBot Tango reevaluating
ChatterBot Charlie reevaluating
2024-10-15 02:40:31.285308 Foxtrot: Can we be friends?
ChatterBot Delta reevaluating
ChatterBot Mike reevaluating
ChatterBot Tango reevaluating
ChatterBot Charlie reevaluating
2024-10-15 02:40:31.305327 Echo: Yes
2024-10-15 02:40:31.305458 Golf: No
2024-10-15 02:40:31.305592 Delta: No
2024-10-15 02:40:31.305736 Mike: Yes
2024-10-15 02:40:31.305840 Tango: Yes
2024-10-15 02:40:31.305941 Charlie: No
ChatterBot Delta reevaluating
ChatterBot Mike reevaluating
ChatterBot Tango reevaluating
ChatterBot Charlie reevaluating
ChatterBot Foxtrot reevaluating
ChatterBot Delta reevaluating
ChatterBot Mike reevaluating
ChatterBot Tango reevaluating
ChatterBot Charlie reevaluating
ChatterBot Foxtrot reevaluating
ChatterBot Mike reevaluating
ChatterBot Tango reevaluating
ChatterBot Charlie reevaluating
ChatterBot Foxtrot reevaluating
ChatterBot Delta reevaluating
ChatterBot Tango reevaluating
ChatterBot Charlie reevaluating
ChatterBot Foxtrot reevaluating
ChatterBot Delta reevaluating
ChatterBot Mike reevaluating
ChatterBot Charlie reevaluating
ChatterBot Foxtrot reevaluating
ChatterBot Delta reevaluating
ChatterBot Mike reevaluating
ChatterBot Tango reevaluating
ChatterBot Foxtrot reevaluating
2024-10-15 02:40:32.173236 Golf: Delta, Tango, Echo and Charlie, sending you 2
2024-10-15 02:40:32.174340 Mike: Foxtrot we want you to join our group
2024-10-15 02:40:32.180280 Foxtrot: Yes
2024-10-15 02:40:32.211559 Tango: Foxtrot we want you to join our group
2024-10-15 02:40:32.217750 Foxtrot: Yes
ChatterBot Delta reevaluating
2024-10-15 02:40:32.251243 Charlie: We should drop Tango
ChatterBot Delta reevaluating
2024-10-15 02:40:32.274496 Golf: No
2024-10-15 02:40:32.274737 Delta: Yes
2024-10-15 02:40:32.274930 Mike: No
2024-10-15 02:40:32.275084 Echo: No
ChatterBot Delta reevaluating
ChatterBot Delta reevaluating
ChatterBot Delta reevaluating
chatterbot Golf submitting transactions
2024-10-15 02:40:32.367542 Golf: Mike, sending you 1
2024-10-15 02:40:32.368717 Sierra: Sending you each 1
2024-10-15 02:40:32.369094 Echo: Golf, Delta, Tango and Foxtrot, sending you 2
2024-10-15 02:40:32.370061 Juliett: Oscar, sending you 4
chatterbot Echo submitting transactions
2024-10-15 02:40:32.371316 Oscar: Tango, sending you 2
2024-10-15 02:40:32.436257 Foxtrot: Golf, Delta, Mike, Tango and Echo, sending you 3
2024-10-15 02:40:32.437140 Juliett: Sierra, sending you 2
2024-10-15 02:40:32.437405 Echo: Mike and Charlie, sending you 3
2024-10-15 02:40:32.437723 Oscar: Sierra, Juliett and Foxtrot, sending you 3
2024-10-15 02:40:32.490222 Tango: Golf, Mike, Echo, Foxtrot and Charlie, sending you 1
2024-10-15 02:40:32.490693 Juliett: Foxtrot, sending you 3
2024-10-15 02:40:32.491532 Mike: Golf, Delta, Echo and Charlie, sending you 3
2024-10-15 02:40:32.491902 Charlie: Golf, sending you 3
2024-10-15 02:40:32.530047 Mike: Tango, sending you 1
2024-10-15 02:40:32.530958 Charlie: Delta and Mike, sending you 5
2024-10-15 02:40:32.531237 Delta: Mike, sending you 2
2024-10-15 02:40:32.560785 Mike: Foxtrot, sending you 2
2024-10-15 02:40:32.561200 Charlie: Echo, sending you 4
2024-10-15 02:40:32.561509 Delta: Echo, sending you 5
2024-10-15 02:40:32.629732 Delta: Charlie, sending you 4
chatterbot Foxtrot submitting transactions
chatterbot Mike submitting transactions
chatterbot Oscar submitting transactions
chatterbot Tango submitting transactions
chatterbot Juliett submitting transactions
chatterbot Sierra submitting transactions
chatterbot Delta submitting transactions
chatterbot Charlie submitting transactions
ChatterBot Golf round 3
ChatterBot Oscar round 3
ChatterBot Delta round 3
ChatterBot Mike round 3
ChatterBot Tango round 3
ChatterBot Sierra round 3
ChatterBot Juliett round 3
ChatterBot Echo round 3
ChatterBot Foxtrot round 3
2024-10-15 02:40:33.357596 Sierra: We should add Tango
2024-10-15 02:40:33.373995 Oscar: Yes
2024-10-15 02:40:33.374930 Juliett: Yes
2024-10-15 02:40:33.375251 Foxtrot: Yes
ChatterBot Foxtrot reevaluating
ChatterBot Charlie round 3
2024-10-15 02:40:33.452570 Sierra: Tango we want you to join our group
2024-10-15 02:40:33.459308 Tango: No
ChatterBot Foxtrot reevaluating
2024-10-15 02:40:33.488457 Golf: We should drop Tango
ChatterBot Mike reevaluating
2024-10-15 02:40:33.512043 Charlie: Yes
2024-10-15 02:40:33.513007 Delta: Yes
2024-10-15 02:40:33.513509 Mike: No
2024-10-15 02:40:33.513869 Echo: No
ChatterBot Mike reevaluating
ChatterBot Mike reevaluating
ChatterBot Mike reevaluating
2024-10-15 02:40:33.631014 Delta: Golf, sending you 1
2024-10-15 02:40:33.631566 Tango: Golf, Mike, Echo, Foxtrot and Charlie, sending you 1
2024-10-15 02:40:33.632608 Oscar: Tango, sending you 2
2024-10-15 02:40:33.766501 Delta: Mike and Echo, sending you 3
2024-10-15 02:40:33.766955 Oscar: Sierra, Juliett and Foxtrot, sending you 3
2024-10-15 02:40:33.767818 Juliett: Oscar, sending you 5
2024-10-15 02:40:33.768150 Golf: Delta, Mike and Echo, sending you 2
2024-10-15 02:40:33.768582 Sierra: Oscar, Tango, Juliett and Foxtrot, sending you 1
2024-10-15 02:40:33.769434 Charlie: Golf, sending you 3
2024-10-15 02:40:33.769828 Echo: Golf, Delta, Tango and Foxtrot, sending you 2
2024-10-15 02:40:33.770750 Foxtrot: Oscar, Tango and Juliett, sending you 4
2024-10-15 02:40:33.771219 Delta: Charlie, sending you 4
2024-10-15 02:40:33.889344 Juliett: Sierra and Foxtrot, sending you 2
2024-10-15 02:40:33.890462 Golf: Charlie, sending you 3
2024-10-15 02:40:33.890918 Foxtrot: Sierra, sending you 3
2024-10-15 02:40:33.891264 Charlie: Delta and Mike, sending you 5
2024-10-15 02:40:33.891630 Echo: Mike and Charlie, sending you 3
2024-10-15 02:40:33.892573 Mike: Golf, Delta, Tango and Foxtrot, sending you 2
2024-10-15 02:40:33.929550 Charlie: Echo, sending you 4
2024-10-15 02:40:33.930411 Mike: Echo, sending you 3
2024-10-15 02:40:34.010514 Mike: Charlie, sending you 4
chatterbot Echo submitting transactions
chatterbot Foxtrot submitting transactions
chatterbot Juliett submitting transactions
chatterbot Oscar submitting transactions
chatterbot Golf submitting transactions
chatterbot Sierra submitting transactions
chatterbot Delta submitting transactions
chatterbot Tango submitting transactions
chatterbot Mike submitting transactions
chatterbot Charlie submitting transactions
ChatterBot Golf round 4
ChatterBot Oscar round 4
ChatterBot Delta round 4
ChatterBot Mike round 4
ChatterBot Tango round 4
ChatterBot Sierra round 4
ChatterBot Juliett round 4
ChatterBot Echo round 4
ChatterBot Foxtrot round 4
ChatterBot Charlie round 4
2024-10-15 02:40:34.808650 Mike: We should drop Foxtrot
ChatterBot Echo reevaluating
ChatterBot Charlie reevaluating
2024-10-15 02:40:34.835390 Golf: Yes
2024-10-15 02:40:34.836068 Echo: Yes
2024-10-15 02:40:34.836246 Delta: Yes
2024-10-15 02:40:34.836503 Charlie: Yes
2024-10-15 02:40:34.836691 Tango: Yes
ChatterBot Echo reevaluating
ChatterBot Charlie reevaluating
ChatterBot Charlie reevaluating
ChatterBot Echo reevaluating
ChatterBot Charlie reevaluating
ChatterBot Echo reevaluating
ChatterBot Echo reevaluating
ChatterBot Charlie reevaluating
2024-10-15 02:40:34.933099 Delta: We should drop Golf
ChatterBot Echo reevaluating
ChatterBot Charlie reevaluating
2024-10-15 02:40:34.943006 Mike: No
2024-10-15 02:40:34.943148 Echo: No
2024-10-15 02:40:34.943316 Charlie: Yes
ChatterBot Echo reevaluating
ChatterBot Charlie reevaluating
ChatterBot Charlie reevaluating
ChatterBot Echo reevaluating
2024-10-15 02:40:34.983051 Sierra: Oscar, Juliett and Foxtrot, sending you 1
2024-10-15 02:40:34.987093 Charlie: We should drop Delta
2024-10-15 02:40:34.997455 Golf: No
2024-10-15 02:40:34.998102 Mike: No
2024-10-15 02:40:34.998220 Echo: No
ChatterBot Charlie reevaluating
ChatterBot Charlie reevaluating
ChatterBot Charlie reevaluating
2024-10-15 02:40:35.033497 Delta: Mike and Echo, sending you 3
2024-10-15 02:40:35.033848 Mike: Golf, Delta, Echo and Charlie, sending you 1
2024-10-15 02:40:35.036671 Foxtrot: Oscar, Tango and Juliett, sending you 4
2024-10-15 02:40:35.037225 Juliett: Oscar, sending you 4
2024-10-15 02:40:35.037547 Tango: Sending you each 1
2024-10-15 02:40:35.038455 Oscar: Tango, sending you 2
2024-10-15 02:40:35.038776 Golf: Delta, Mike and Echo, sending you 2
2024-10-15 02:40:35.039138 Delta: Charlie, sending you 5
2024-10-15 02:40:35.041670 Foxtrot: Sierra, sending you 3
2024-10-15 02:40:35.042050 Juliett: Sierra, sending you 2
2024-10-15 02:40:35.042696 Oscar: Sierra, Juliett and Foxtrot, sending you 3
2024-10-15 02:40:35.043660 Golf: Charlie, sending you 3
2024-10-15 02:40:35.046791 Juliett: Foxtrot, sending you 3
2024-10-15 02:40:35.061251 Charlie: Delta and Mike, sending you 6
2024-10-15 02:40:35.067803 Charlie: Echo, sending you 5
chatterbot Mike submitting transactions
chatterbot Juliett submitting transactions
chatterbot Oscar submitting transactions
chatterbot Foxtrot submitting transactions
chatterbot Charlie submitting transactions
chatterbot Tango submitting transactions
chatterbot Delta submitting transactions
chatterbot Golf submitting transactions
chatterbot Sierra submitting transactions
chatterbot Echo submitting transactions
ChatterBot Golf round 5
ChatterBot Oscar round 5
ChatterBot Delta round 5
ChatterBot Mike round 5
ChatterBot Tango round 5
ChatterBot Sierra round 5
ChatterBot Juliett round 5
ChatterBot Echo round 5
ChatterBot Foxtrot round 5
ChatterBot Charlie round 5
2024-10-15 02:40:36.088385 Mike: Can we be friends?
ChatterBot Charlie reevaluating
2024-10-15 02:40:36.114469 Golf: No
2024-10-15 02:40:36.114709 Delta: No
2024-10-15 02:40:36.114894 Charlie: No
2024-10-15 02:40:36.115099 Oscar: No
2024-10-15 02:40:36.115301 Sierra: No
2024-10-15 02:40:36.115474 Juliett: No
2024-10-15 02:40:36.116144 Foxtrot: No
ChatterBot Charlie reevaluating
ChatterBot Foxtrot reevaluating
ChatterBot Charlie reevaluating
ChatterBot Foxtrot reevaluating
ChatterBot Foxtrot reevaluating
ChatterBot Charlie reevaluating
ChatterBot Foxtrot reevaluating
ChatterBot Charlie reevaluating
ChatterBot Juliett reevaluating
ChatterBot Foxtrot reevaluating
ChatterBot Charlie reevaluating
ChatterBot Foxtrot reevaluating
ChatterBot Charlie reevaluating
ChatterBot Juliett reevaluating
2024-10-15 02:40:36.352902 Delta: We should replace Echo with Golf
ChatterBot Charlie reevaluating
2024-10-15 02:40:36.359594 Mike: Yes
2024-10-15 02:40:36.359707 Charlie: Yes
ChatterBot Charlie reevaluating
ChatterBot Delta reevaluating
2024-10-15 02:40:36.388845 Tango: We should drop Echo
ChatterBot Delta reevaluating
ChatterBot Charlie reevaluating
2024-10-15 02:40:36.400427 Golf: No
2024-10-15 02:40:36.400550 Delta: No
2024-10-15 02:40:36.400660 Mike: Yes
2024-10-15 02:40:36.400805 Charlie: Yes
ChatterBot Delta reevaluating
ChatterBot Charlie reevaluating
ChatterBot Charlie reevaluating
ChatterBot Delta reevaluating
ChatterBot Charlie reevaluating
ChatterBot Delta reevaluating
chatterbot Golf submitting transactions
2024-10-15 02:40:36.449685 Golf: Delta, Mike and Echo, sending you 2
2024-10-15 02:40:36.450075 Juliett: Oscar, sending you 4
2024-10-15 02:40:36.450435 Oscar: Sierra, sending you 3
2024-10-15 02:40:36.451377 Mike: Golf and Delta, sending you 1
2024-10-15 02:40:36.451745 Charlie: Golf we want you to join our group
2024-10-15 02:40:36.454581 Golf: Yes
ChatterBot Delta reevaluating
2024-10-15 02:40:36.463672 Sierra: Oscar, Tango, Juliett and Foxtrot, sending you 1
2024-10-15 02:40:36.463970 Echo: Golf, Delta, Mike and Charlie, sending you 3
2024-10-15 02:40:36.464432 Golf: Charlie, sending you 3
2024-10-15 02:40:36.464678 Juliett: Sierra, sending you 2
2024-10-15 02:40:36.464908 Mike: Charlie, sending you 2
2024-10-15 02:40:36.465747 Oscar: Juliett and Foxtrot, sending you 4
2024-10-15 02:40:36.466081 Tango: I was attacked by Mike
ChatterBot Golf reevaluating
ChatterBot Delta reevaluating
ChatterBot Mike reevaluating
ChatterBot Charlie reevaluating
2024-10-15 02:40:36.478153 Tango: I'm keeping this round to protect myself
2024-10-15 02:40:36.478830 Tango: Ow
2024-10-15 02:40:36.479794 Echo: Tango, sending you 2
2024-10-15 02:40:36.480178 Juliett: Foxtrot, sending you 3
2024-10-15 02:40:36.480475 Foxtrot: Oscar, Sierra and Juliett, sending you 4
2024-10-15 02:40:36.482663 Delta: Golf we want you to join our group
ChatterBot Golf reevaluating
2024-10-15 02:40:36.487600 Golf: Yes
ChatterBot Mike reevaluating
2024-10-15 02:40:36.498038 Foxtrot: Tango, sending you 3
2024-10-15 02:40:36.508667 Delta: Golf, sending you 2
2024-10-15 02:40:36.513712 Delta: Mike, sending you 3
2024-10-15 02:40:36.518668 Delta: Charlie, sending you 6
chatterbot Sierra submitting transactions
chatterbot Mike submitting transactions
chatterbot Foxtrot submitting transactions
chatterbot Charlie submitting transactions
chatterbot Echo submitting transactions
chatterbot Tango submitting transactions
chatterbot Delta submitting transactions
chatterbot Oscar submitting transactions
chatterbot Mike submitting transactions
chatterbot Golf submitting transactions
chatterbot Juliett submitting transactions
ChatterBot Golf round 6
ChatterBot Oscar round 6
ChatterBot Delta round 6
ChatterBot Mike round 6
ChatterBot Tango round 6
ChatterBot Sierra round 6
ChatterBot Juliett round 6
ChatterBot Echo round 6
ChatterBot Foxtrot round 6
ChatterBot Charlie round 6
2024-10-15 02:40:37.589151 Oscar: We should add Echo
ChatterBot Foxtrot reevaluating
ChatterBot Juliett reevaluating
2024-10-15 02:40:37.623165 Foxtrot: Yes
2024-10-15 02:40:37.623381 Sierra: No
2024-10-15 02:40:37.623548 Juliett: Yes
2024-10-15 02:40:37.624127 Tango: No
ChatterBot Juliett reevaluating
ChatterBot Foxtrot reevaluating
ChatterBot Juliett reevaluating
ChatterBot Foxtrot reevaluating
ChatterBot Tango reevaluating
ChatterBot Foxtrot reevaluating
ChatterBot Juliett reevaluating
2024-10-15 02:40:37.718117 Tango: Group up?
ChatterBot Echo reevaluating
ChatterBot Juliett reevaluating
ChatterBot Foxtrot reevaluating
2024-10-15 02:40:37.751920 Echo: No
2024-10-15 02:40:37.752139 Oscar: Yes
2024-10-15 02:40:37.752315 Sierra: No
2024-10-15 02:40:37.752471 Juliett: Yes
2024-10-15 02:40:37.752628 Foxtrot: Yes
ChatterBot Tango reevaluating
ChatterBot Juliett reevaluating
ChatterBot Foxtrot reevaluating
ChatterBot Tango reevaluating
ChatterBot Echo reevaluating
ChatterBot Juliett reevaluating
ChatterBot Foxtrot reevaluating
ChatterBot Tango reevaluating
ChatterBot Echo reevaluating
ChatterBot Juliett reevaluating
ChatterBot Foxtrot reevaluating
ChatterBot Tango reevaluating
ChatterBot Echo reevaluating
ChatterBot Foxtrot reevaluating
ChatterBot Tango reevaluating
ChatterBot Echo reevaluating
ChatterBot Juliett reevaluating
2024-10-15 02:40:38.170200 Mike: We should drop Juliett
ChatterBot Foxtrot reevaluating
2024-10-15 02:40:38.211396 Golf: Yes
2024-10-15 02:40:38.211805 Delta: Yes
2024-10-15 02:40:38.213020 Charlie: Yes
2024-10-15 02:40:38.213286 Oscar: No
2024-10-15 02:40:38.213480 Sierra: No
2024-10-15 02:40:38.213766 Foxtrot: No
ChatterBot Foxtrot reevaluating
ChatterBot Foxtrot reevaluating
ChatterBot Foxtrot reevaluating
ChatterBot Foxtrot reevaluating
ChatterBot Foxtrot reevaluating
2024-10-15 02:40:38.525755 Oscar: Echo we want you to join our group
ChatterBot Echo reevaluating
2024-10-15 02:40:38.532527 Echo: No
ChatterBot Tango reevaluating
ChatterBot Juliett reevaluating
ChatterBot Foxtrot reevaluating
2024-10-15 02:40:38.564837 Golf: Delta, Mike and Charlie, sending you 2
2024-10-15 02:40:38.607356 Juliett: Echo we want you to join our group
2024-10-15 02:40:38.614853 Echo: No
ChatterBot Foxtrot reevaluating
2024-10-15 02:40:38.658838 Golf: Echo, sending you 3
2024-10-15 02:40:38.700528 Delta: Golf and Mike, sending you 3
2024-10-15 02:40:38.700908 Sierra: Oscar, Tango, Juliett and Foxtrot, sending you 1
2024-10-15 02:40:38.702094 Mike: Golf, Delta, Foxtrot and Charlie, sending you 1
2024-10-15 02:40:38.702470 Oscar: Sierra, Juliett and Foxtrot, sending you 3
2024-10-15 02:40:38.702833 Charlie: Golf, sending you 3
2024-10-15 02:40:38.703638 Tango: Oscar, Sierra and Foxtrot, sending you 1
2024-10-15 02:40:38.704090 Foxtrot: Echo we want you to join our group
2024-10-15 02:40:38.708970 Echo: No
chatterbot Mike submitting transactions
2024-10-15 02:40:38.736076 Delta: Charlie, sending you 5
2024-10-15 02:40:38.736500 Charlie: Delta, sending you 5
2024-10-15 02:40:38.737333 Oscar: Echo, sending you 2
2024-10-15 02:40:38.758556 Charlie: Mike, sending you 4
2024-10-15 02:40:38.770787 Foxtrot: Oscar, Tango, Sierra, Juliett and Echo, sending you 3
chatterbot Sierra submitting transactions
chatterbot Foxtrot submitting transactions
chatterbot Tango submitting transactions
chatterbot Delta submitting transactions
chatterbot Juliett submitting transactions
chatterbot Oscar submitting transactions
chatterbot Charlie submitting transactions
chatterbot Golf submitting transactions
chatterbot Echo submitting transactions
ChatterBot Golf round 7
ChatterBot Oscar round 7
ChatterBot Delta round 7
ChatterBot Mike round 7
ChatterBot Tango round 7
ChatterBot Sierra round 7
ChatterBot Juliett round 7
ChatterBot Echo round 7
ChatterBot Foxtrot round 7
ChatterBot Charlie round 7
2024-10-15 02:40:39.428103 Sierra: We should add Echo
ChatterBot Foxtrot reevaluating
ChatterBot Oscar reevaluating
ChatterBot Juliett reevaluating
2024-10-15 02:40:39.446511 Foxtrot: Yes
2024-10-15 02:40:39.446815 Oscar: Yes
2024-10-15 02:40:39.447536 Juliett: Yes
2024-10-15 02:40:39.447835 Tango: No
ChatterBot Oscar reevaluating
ChatterBot Juliett reevaluating
ChatterBot Foxtrot reevaluating
ChatterBot Juliett reevaluating
ChatterBot Tango reevaluating
ChatterBot Foxtrot reevaluating
ChatterBot Oscar reevaluating
ChatterBot Tango reevaluating
ChatterBot Foxtrot reevaluating
ChatterBot Oscar reevaluating
ChatterBot Juliett reevaluating
2024-10-15 02:40:39.547537 Sierra: Echo we want you to join our group
2024-10-15 02:40:39.555428 Echo: Yes
ChatterBot Tango reevaluating
ChatterBot Oscar reevaluating
ChatterBot Juliett reevaluating
ChatterBot Foxtrot reevaluating
2024-10-15 02:40:39.590168 Mike: We should drop Oscar and Foxtrot
2024-10-15 02:40:39.609993 Golf: Yes
2024-10-15 02:40:39.610203 Delta: Yes
2024-10-15 02:40:39.610810 Charlie: Yes
2024-10-15 02:40:39.610973 Sierra: No
ChatterBot Mike reevaluating
ChatterBot Mike reevaluating
ChatterBot Mike reevaluating
2024-10-15 02:40:39.683836 Tango: Echo we want you to join our group
2024-10-15 02:40:39.687947 Echo: Yes
ChatterBot Tango reevaluating
2024-10-15 02:40:39.707522 Delta: Golf and Mike, sending you 3
2024-10-15 02:40:39.707915 Charlie: I was attacked by Echo
ChatterBot Golf reevaluating
ChatterBot Delta reevaluating
ChatterBot Mike reevaluating
2024-10-15 02:40:39.723299 Charlie: I'm keeping this round to protect myself
2024-10-15 02:40:39.724260 Charlie: Ow
2024-10-15 02:40:39.729190 Sierra: Oscar, Tango, Juliett and Foxtrot, sending you 1
2024-10-15 02:40:39.730072 Foxtrot: Oscar, Tango, Sierra, Juliett and Echo, sending you 3
2024-10-15 02:40:39.731939 Juliett: Oscar and Foxtrot, sending you 1
2024-10-15 02:40:39.759940 Tango: Oscar, Sierra, Juliett, Echo and Foxtrot, sending you 1
chatterbot Oscar submitting transactions
chatterbot Delta submitting transactions
chatterbot Juliett submitting transactions
chatterbot Charlie submitting transactions
chatterbot Foxtrot submitting transactions
chatterbot Golf submitting transactions
chatterbot Delta submitting transactions
chatterbot Echo submitting transactions
chatterbot Sierra submitting transactions
chatterbot Tango submitting transactions
chatterbot Mike submitting transactions
ChatterBot Golf round 8
ChatterBot Oscar round 8
ChatterBot Delta round 8
ChatterBot Mike round 8
ChatterBot Tango round 8
ChatterBot Sierra round 8
ChatterBot Juliett round 8
ChatterBot Echo round 8
ChatterBot Foxtrot round 8
2024-10-15 02:40:41.000016 Oscar: We should replace Echo with Charlie
ChatterBot Foxtrot reevaluating
ChatterBot Sierra reevaluating
ChatterBot Juliett reevaluating
ChatterBot Tango reevaluating
2024-10-15 02:40:41.029514 Foxtrot: Yes
2024-10-15 02:40:41.029737 Sierra: No
2024-10-15 02:40:41.029948 Juliett: Yes
2024-10-15 02:40:41.030171 Tango: No
ChatterBot Sierra reevaluating
ChatterBot Juliett reevaluating
ChatterBot Tango reevaluating
ChatterBot Foxtrot reevaluating
ChatterBot Juliett reevaluating
ChatterBot Tango reevaluating
ChatterBot Foxtrot reevaluating
ChatterBot Sierra reevaluating
ChatterBot Tango reevaluating
ChatterBot Foxtrot reevaluating
ChatterBot Sierra reevaluating
ChatterBot Juliett reevaluating
ChatterBot Charlie round 8
2024-10-15 02:40:41.207668 Oscar: Charlie we want you to join our group
2024-10-15 02:40:41.214079 Charlie: No
ChatterBot Sierra reevaluating
ChatterBot Juliett reevaluating
ChatterBot Foxtrot reevaluating
ChatterBot Tango reevaluating
2024-10-15 02:40:41.260732 Echo: We should drop Tango
ChatterBot Juliett reevaluating
ChatterBot Foxtrot reevaluating
2024-10-15 02:40:41.282828 Oscar: No
2024-10-15 02:40:41.283004 Sierra: No
2024-10-15 02:40:41.283184 Juliett: No
2024-10-15 02:40:41.283331 Foxtrot: Yes
ChatterBot Juliett reevaluating
ChatterBot Foxtrot reevaluating
ChatterBot Echo reevaluating
ChatterBot Juliett reevaluating
ChatterBot Foxtrot reevaluating
ChatterBot Echo reevaluating
ChatterBot Foxtrot reevaluating
ChatterBot Echo reevaluating
ChatterBot Juliett reevaluating
2024-10-15 02:40:41.358731 Tango: We should drop Echo
ChatterBot Foxtrot reevaluating
ChatterBot Juliett reevaluating
2024-10-15 02:40:41.375319 Foxtrot: Yes
2024-10-15 02:40:41.375458 Oscar: Yes
2024-10-15 02:40:41.375559 Sierra: Yes
2024-10-15 02:40:41.375670 Juliett: Yes
ChatterBot Juliett reevaluating
ChatterBot Foxtrot reevaluating
ChatterBot Juliett reevaluating
ChatterBot Foxtrot reevaluating
ChatterBot Juliett reevaluating
ChatterBot Foxtrot reevaluating
2024-10-15 02:40:41.447691 Delta: Golf, sending you 4
2024-10-15 02:40:41.452691 Delta: Mike, sending you 2
2024-10-15 02:40:41.453887 Foxtrot: Charlie we want you to join our group
2024-10-15 02:40:41.458392 Charlie: No
ChatterBot Juliett reevaluating
ChatterBot Foxtrot reevaluating
2024-10-15 02:40:41.481706 Tango: Same as last round
2024-10-15 02:40:41.482914 Delta: Charlie, sending you 5
chatterbot Oscar submitting transactions
2024-10-15 02:40:41.485692 Echo: Oscar, Tango and Juliett, sending you 3
2024-10-15 02:40:41.487698 Juliett: Charlie we want you to join our group
2024-10-15 02:40:41.493011 Charlie: No
ChatterBot Juliett reevaluating
ChatterBot Foxtrot reevaluating
2024-10-15 02:40:41.518324 Charlie: Golf and Mike, sending you 4
2024-10-15 02:40:41.518766 Sierra: Oscar, Tango and Juliett, sending you 1
2024-10-15 02:40:41.520158 Echo: Sierra, sending you 2
2024-10-15 02:40:41.521842 Charlie: Delta, sending you 5
2024-10-15 02:40:41.526091 Echo: Foxtrot, sending you 1
2024-10-15 02:40:41.532823 Juliett: Oscar, sending you 3
2024-10-15 02:40:41.538691 Juliett: Sierra and Foxtrot, sending you 2
chatterbot Tango submitting transactions
chatterbot Sierra submitting transactions
chatterbot Golf submitting transactions
chatterbot Charlie submitting transactions
chatterbot Foxtrot submitting transactions
chatterbot Echo submitting transactions
chatterbot Juliett submitting transactions
chatterbot Mike submitting transactions
chatterbot Delta submitting transactions
ChatterBot Golf round 9
ChatterBot Oscar round 9
ChatterBot Delta round 9
ChatterBot Mike round 9
ChatterBot Tango round 9
ChatterBot Sierra round 9
ChatterBot Juliett round 9
ChatterBot Echo round 9
ChatterBot Foxtrot round 9
ChatterBot Charlie round 9
2024-10-15 02:40:42.433986 Oscar: We should add Golf and Delta
2024-10-15 02:40:42.458826 Sierra: No
2024-10-15 02:40:42.459070 Juliett: No
2024-10-15 02:40:42.459258 Foxtrot: No
2024-10-15 02:40:42.460415 Charlie: Yes
2024-10-15 02:40:42.460635 Tango: No
ChatterBot Juliett reevaluating
ChatterBot Oscar reevaluating
ChatterBot Juliett reevaluating
ChatterBot Oscar reevaluating
ChatterBot Juliett reevaluating
ChatterBot Oscar reevaluating
ChatterBot Juliett reevaluating
2024-10-15 02:40:42.687032 Foxtrot: We should replace Tango with Golf
ChatterBot Juliett reevaluating
ChatterBot Oscar reevaluating
2024-10-15 02:40:42.705780 Juliett: No
2024-10-15 02:40:42.706385 Oscar: No
2024-10-15 02:40:42.706511 Sierra: No
2024-10-15 02:40:42.706607 Charlie: Yes
ChatterBot Oscar reevaluating
ChatterBot Foxtrot reevaluating
ChatterBot Juliett reevaluating
ChatterBot Foxtrot reevaluating
ChatterBot Juliett reevaluating
ChatterBot Oscar reevaluating
ChatterBot Foxtrot reevaluating
ChatterBot Juliett reevaluating
ChatterBot Oscar reevaluating
ChatterBot Foxtrot reevaluating
2024-10-15 02:40:42.826445 Mike: We should drop Sierra
ChatterBot Golf reevaluating
ChatterBot Delta reevaluating
2024-10-15 02:40:42.860353 Tango: No
2024-10-15 02:40:42.860646 Echo: No
2024-10-15 02:40:42.860837 Golf: Yes
2024-10-15 02:40:42.861023 Delta: Yes
ChatterBot Golf reevaluating
ChatterBot Delta reevaluating
ChatterBot Mike reevaluating
ChatterBot Golf reevaluating
ChatterBot Delta reevaluating
ChatterBot Mike reevaluating
ChatterBot Delta reevaluating
ChatterBot Mike reevaluating
ChatterBot Golf reevaluating
2024-10-15 02:40:42.967718 Echo: We should drop Tango
ChatterBot Oscar reevaluating
ChatterBot Juliett reevaluating
ChatterBot Foxtrot reevaluating
2024-10-15 02:40:42.987343 Oscar: No
2024-10-15 02:40:42.987480 Sierra: No
2024-10-15 02:40:42.987637 Juliett: No
2024-10-15 02:40:42.988230 Foxtrot: No
ChatterBot Juliett reevaluating
ChatterBot Foxtrot reevaluating
ChatterBot Oscar reevaluating
ChatterBot Juliett reevaluating
ChatterBot Foxtrot reevaluating
ChatterBot Oscar reevaluating
ChatterBot Foxtrot reevaluating
ChatterBot Oscar reevaluating
ChatterBot Juliett reevaluating
2024-10-15 02:40:43.062568 Delta: We should drop Mike
ChatterBot Charlie reevaluating
2024-10-15 02:40:43.071878 Golf: No
2024-10-15 02:40:43.072500 Charlie: Yes
ChatterBot Delta reevaluating
ChatterBot Charlie reevaluating
ChatterBot Delta reevaluating
2024-10-15 02:40:43.096853 Charlie: Friends?
ChatterBot Foxtrot reevaluating
2024-10-15 02:40:43.118535 Juliett: Yes
2024-10-15 02:40:43.118712 Oscar: Yes
2024-10-15 02:40:43.118889 Sierra: No
2024-10-15 02:40:43.119053 Foxtrot: Yes
ChatterBot Foxtrot reevaluating
ChatterBot Charlie reevaluating
ChatterBot Foxtrot reevaluating
ChatterBot Charlie reevaluating
ChatterBot Foxtrot reevaluating
ChatterBot Charlie reevaluating
ChatterBot Charlie reevaluating
2024-10-15 02:40:43.380260 Oscar: Golf and Delta we want you to join our group
ChatterBot Delta reevaluating
2024-10-15 02:40:43.401783 Golf: No
2024-10-15 02:40:43.402714 Delta: No
ChatterBot Oscar reevaluating
ChatterBot Delta reevaluating
ChatterBot Foxtrot reevaluating
ChatterBot Charlie reevaluating
ChatterBot Oscar reevaluating
ChatterBot Foxtrot reevaluating
ChatterBot Charlie reevaluating
2024-10-15 02:40:43.518850 Juliett: Tango we want you to join our group
2024-10-15 02:40:43.527166 Tango: No
ChatterBot Oscar reevaluating
ChatterBot Foxtrot reevaluating
ChatterBot Charlie reevaluating
chatterbot Charlie submitting transactions
chatterbot Sierra submitting transactions
2024-10-15 02:40:43.571776 Tango: Same as last round
2024-10-15 02:40:43.600681 Foxtrot: Golf we want you to join our group
2024-10-15 02:40:43.609641 Golf: No
ChatterBot Oscar reevaluating
ChatterBot Foxtrot reevaluating
2024-10-15 02:40:43.649091 Sierra: Oscar, Tango and Juliett, sending you 1
2024-10-15 02:40:43.661386 Juliett: Oscar, sending you 4
2024-10-15 02:40:43.671829 Juliett: Tango, sending you 1
2024-10-15 02:40:43.675367 Delta: Golf, sending you 5
2024-10-15 02:40:43.677843 Charlie: Oscar, sending you 2
2024-10-15 02:40:43.681258 Juliett: Sierra and Foxtrot, sending you 2
2024-10-15 02:40:43.687842 Delta: Charlie, sending you 6
2024-10-15 02:40:43.689170 Charlie: Sierra, Juliett and Foxtrot, sending you 5
2024-10-15 02:40:43.692250 Foxtrot: Oscar, Tango and Juliett, sending you 3
2024-10-15 02:40:43.718384 Oscar: Delta, Tango, Sierra, Juliett and Foxtrot, sending you 2
2024-10-15 02:40:43.724970 Foxtrot: Sierra, sending you 2
2024-10-15 02:40:43.745079 Oscar: Charlie, sending you 1
chatterbot Echo submitting transactions
chatterbot Tango submitting transactions
chatterbot Mike submitting transactions
chatterbot Delta submitting transactions
chatterbot Juliett submitting transactions
chatterbot Golf submitting transactions
chatterbot Charlie submitting transactions
chatterbot Oscar submitting transactions
chatterbot Foxtrot submitting transactions
ChatterBot Golf round 10
ChatterBot Oscar round 10
ChatterBot Delta round 10
ChatterBot Mike round 10
ChatterBot Tango round 10
ChatterBot Sierra round 10
ChatterBot Juliett round 10
ChatterBot Echo round 10
ChatterBot Foxtrot round 10
ChatterBot Charlie round 10
2024-10-15 02:40:44.980476 Tango: We should add Echo
ChatterBot Foxtrot reevaluating
ChatterBot Juliett reevaluating
2024-10-15 02:40:45.006479 Foxtrot: No
2024-10-15 02:40:45.007200 Oscar: Yes
2024-10-15 02:40:45.007373 Sierra: No
2024-10-15 02:40:45.007543 Juliett: Yes
ChatterBot Juliett reevaluating
ChatterBot Tango reevaluating
ChatterBot Foxtrot reevaluating
ChatterBot Juliett reevaluating
ChatterBot Tango reevaluating
ChatterBot Foxtrot reevaluating
ChatterBot Juliett reevaluating
ChatterBot Tango reevaluating
ChatterBot Foxtrot reevaluating
ChatterBot Tango reevaluating
2024-10-15 02:40:45.113214 Golf: We should drop Mike and Echo
ChatterBot Charlie reevaluating
2024-10-15 02:40:45.124775 Delta: Yes
2024-10-15 02:40:45.125713 Charlie: Yes
ChatterBot Golf reevaluating
ChatterBot Charlie reevaluating
ChatterBot Golf reevaluating
2024-10-15 02:40:45.152416 Charlie: We should add Tango
ChatterBot Juliett reevaluating
ChatterBot Foxtrot reevaluating
2024-10-15 02:40:45.177030 Juliett: Yes
2024-10-15 02:40:45.177216 Oscar: Yes
2024-10-15 02:40:45.177850 Sierra: Yes
2024-10-15 02:40:45.177997 Foxtrot: Yes
ChatterBot Foxtrot reevaluating
ChatterBot Charlie reevaluating
ChatterBot Juliett reevaluating
ChatterBot Foxtrot reevaluating
ChatterBot Charlie reevaluating
ChatterBot Juliett reevaluating
ChatterBot Foxtrot reevaluating
ChatterBot Charlie reevaluating
ChatterBot Juliett reevaluating
ChatterBot Charlie reevaluating
2024-10-15 02:40:45.264323 Juliett: We should replace Charlie with Echo
ChatterBot Foxtrot reevaluating
ChatterBot Tango reevaluating
2024-10-15 02:40:45.284375 Foxtrot: No
2024-10-15 02:40:45.284591 Oscar: Yes
2024-10-15 02:40:45.284788 Sierra: No
2024-10-15 02:40:45.284940 Tango: Yes
ChatterBot Juliett reevaluating
ChatterBot Tango reevaluating
ChatterBot Foxtrot reevaluating
ChatterBot Juliett reevaluating
ChatterBot Tango reevaluating
ChatterBot Foxtrot reevaluating
ChatterBot Juliett reevaluating
ChatterBot Tango reevaluating
ChatterBot Foxtrot reevaluating
ChatterBot Juliett reevaluating
2024-10-15 02:40:45.371392 Golf: We should drop Echo
