ChatterBot Victor round 1
ChatterBot India round 1
ChatterBot Quebec round 1
ChatterBot Zulu round 1
ChatterBot Whiskey round 1
ChatterBot Oscar round 1
ChatterBot Romeo round 1
randomSelections India: {India, Quebec, Mike, Uniform, Whiskey, Charlie, Oscar, Zulu} 
2024-10-14 17:45:12.106502 India: Group up?
ChatterBot Quebec reevaluating
ChatterBot Whiskey reevaluating
ChatterBot Oscar reevaluating
ChatterBot Zulu reevaluating
2024-10-14 17:45:12.155484 Quebec: Yes
2024-10-14 17:45:12.156329 Whiskey: Yes
2024-10-14 17:45:12.156422 Oscar: Yes
2024-10-14 17:45:12.156519 Zulu: Yes
ChatterBot Whiskey reevaluating
ChatterBot Oscar reevaluating
ChatterBot Zulu reevaluating
ChatterBot Quebec reevaluating
ChatterBot Oscar reevaluating
ChatterBot Zulu reevaluating
ChatterBot Quebec reevaluating
ChatterBot Whiskey reevaluating
ChatterBot Zulu reevaluating
ChatterBot Quebec reevaluating
ChatterBot Whiskey reevaluating
ChatterBot Oscar reevaluating
ChatterBot Charlie round 1
ChatterBot Charlie reevaluating
ChatterBot Charlie reevaluating
ChatterBot Charlie reevaluating
ChatterBot Charlie reevaluating
ChatterBot Charlie reevaluating
2024-10-14 17:45:12.190151 Charlie: Yes
ChatterBot Quebec reevaluating
ChatterBot Whiskey reevaluating
ChatterBot Oscar reevaluating
ChatterBot Zulu reevaluating
ChatterBot Uniform round 1
ChatterBot Uniform reevaluating
ChatterBot Uniform reevaluating
ChatterBot Uniform reevaluating
ChatterBot Uniform reevaluating
ChatterBot Uniform reevaluating
ChatterBot Uniform reevaluating
2024-10-14 17:45:12.208940 Uniform: Yes
ChatterBot Quebec reevaluating
ChatterBot Whiskey reevaluating
ChatterBot Charlie reevaluating
ChatterBot Oscar reevaluating
ChatterBot Zulu reevaluating
ChatterBot Mike round 1
ChatterBot Mike reevaluating
ChatterBot Mike reevaluating
ChatterBot Mike reevaluating
ChatterBot Mike reevaluating
ChatterBot Mike reevaluating
ChatterBot Mike reevaluating
ChatterBot Mike reevaluating
2024-10-14 17:45:12.231030 Mike: Yes
ChatterBot Quebec reevaluating
ChatterBot Uniform reevaluating
ChatterBot Whiskey reevaluating
ChatterBot Charlie reevaluating
ChatterBot Oscar reevaluating
ChatterBot Zulu reevaluating
randomSelections Victor: {Victor, Mike, Uniform, Oscar, Zulu, Romeo} 
2024-10-14 17:45:12.244364 Victor: Can we be friends?
ChatterBot Mike reevaluating
ChatterBot Uniform reevaluating
ChatterBot Oscar reevaluating
ChatterBot Zulu reevaluating
ChatterBot Romeo reevaluating
2024-10-14 17:45:12.252736 Mike: No
2024-10-14 17:45:12.253823 Uniform: No
2024-10-14 17:45:12.254096 Oscar: No
2024-10-14 17:45:12.254386 Zulu: No
2024-10-14 17:45:12.255533 Romeo: Yes
ChatterBot Uniform reevaluating
ChatterBot Oscar reevaluating
ChatterBot Zulu reevaluating
ChatterBot Romeo reevaluating
ChatterBot Mike reevaluating
ChatterBot Oscar reevaluating
ChatterBot Zulu reevaluating
ChatterBot Romeo reevaluating
ChatterBot Mike reevaluating
ChatterBot Uniform reevaluating
ChatterBot Zulu reevaluating
ChatterBot Romeo reevaluating
ChatterBot Mike reevaluating
ChatterBot Uniform reevaluating
ChatterBot Oscar reevaluating
ChatterBot Romeo reevaluating
ChatterBot Mike reevaluating
ChatterBot Uniform reevaluating
ChatterBot Oscar reevaluating
ChatterBot Zulu reevaluating
2024-10-14 17:45:12.323736 Victor: Zulu, Oscar and Romeo, sending you 4
2024-10-14 17:45:12.325676 Zulu: India and Mike, sending you 2
2024-10-14 17:45:12.326159 Oscar: India and Uniform, sending you 1
2024-10-14 17:45:12.327696 Victor: Uniform, sending you 2
2024-10-14 17:45:12.328739 Charlie: India and Oscar, sending you 2
2024-10-14 17:45:12.329217 Zulu: Whiskey and Uniform, sending you 3
2024-10-14 17:45:12.330766 Whiskey: India, Zulu and Oscar, sending you 2
2024-10-14 17:45:12.331264 Victor: Mike, sending you 3
2024-10-14 17:45:12.331708 Oscar: Quebec and Zulu, sending you 2
2024-10-14 17:45:12.332934 Charlie: Quebec and Zulu, sending you 1
2024-10-14 17:45:12.333351 Quebec: India, sending you 3
2024-10-14 17:45:12.335132 Whiskey: Quebec and Uniform, sending you 1
2024-10-14 17:45:12.336086 Charlie: Whiskey, sending you 3
2024-10-14 17:45:12.337319 Oscar: Whiskey, sending you 3
2024-10-14 17:45:12.337880 Quebec: Zulu, Whiskey and Uniform, sending you 2
2024-10-14 17:45:12.339457 Uniform: India and Mike, sending you 1
2024-10-14 17:45:12.342253 Whiskey: Mike, sending you 3
2024-10-14 17:45:12.342724 Charlie: Uniform, sending you 4
2024-10-14 17:45:12.343211 Quebec: Oscar, sending you 1
2024-10-14 17:45:12.344769 Mike: India, Whiskey and Oscar, sending you 2
2024-10-14 17:45:12.345353 Oscar: Charlie and Mike, sending you 4
2024-10-14 17:45:12.346743 Uniform: Zulu, sending you 5
2024-10-14 17:45:12.347295 Charlie: Mike, sending you 6
2024-10-14 17:45:12.348668 Quebec: Charlie, sending you 4
2024-10-14 17:45:12.349157 Mike: Quebec, sending you 3
2024-10-14 17:45:12.352907 Uniform: Oscar, sending you 3
2024-10-14 17:45:12.354224 Mike: Charlie, sending you 1
2024-10-14 17:45:12.359794 Uniform: Charlie, sending you 2
2024-10-14 17:45:12.360301 Mike: Uniform, sending you 5
chatterbot India submitting transactions
chatterbot Quebec submitting transactions
chatterbot Victor submitting transactions
chatterbot Mike submitting transactions
chatterbot Uniform submitting transactions
chatterbot Charlie submitting transactions
chatterbot Oscar submitting transactions
chatterbot Zulu submitting transactions
chatterbot Whiskey submitting transactions
chatterbot Romeo submitting transactions
ChatterBot Victor round 2
ChatterBot India round 2
ChatterBot Quebec round 2
ChatterBot Zulu round 2
ChatterBot Whiskey round 2
ChatterBot Oscar round 2
ChatterBot Romeo round 2
ChatterBot Charlie round 2
2024-10-14 17:45:13.555566 Victor: Group up?
ChatterBot India reevaluating
2024-10-14 17:45:13.563322 India: Yes
2024-10-14 17:45:13.570016 India: We should add Victor
ChatterBot Quebec reevaluating
ChatterBot Mike reevaluating
ChatterBot Uniform reevaluating
ChatterBot Whiskey reevaluating
ChatterBot Charlie reevaluating
ChatterBot Oscar reevaluating
ChatterBot Zulu reevaluating
2024-10-14 17:45:13.639929 Quebec: No
2024-10-14 17:45:13.640497 Mike: No
2024-10-14 17:45:13.640626 Uniform: Yes
2024-10-14 17:45:13.640757 Whiskey: Yes
2024-10-14 17:45:13.640900 Charlie: No
2024-10-14 17:45:13.641027 Oscar: No
2024-10-14 17:45:13.641158 Zulu: No
ChatterBot India reevaluating
ChatterBot Mike reevaluating
ChatterBot Uniform reevaluating
ChatterBot Whiskey reevaluating
ChatterBot Charlie reevaluating
ChatterBot Oscar reevaluating
ChatterBot Zulu reevaluating
ChatterBot India reevaluating
ChatterBot Quebec reevaluating
ChatterBot Uniform reevaluating
ChatterBot Whiskey reevaluating
ChatterBot Charlie reevaluating
ChatterBot Oscar reevaluating
ChatterBot Zulu reevaluating
ChatterBot India reevaluating
ChatterBot Quebec reevaluating
ChatterBot Mike reevaluating
ChatterBot Whiskey reevaluating
ChatterBot Charlie reevaluating
ChatterBot Oscar reevaluating
ChatterBot Zulu reevaluating
ChatterBot India reevaluating
ChatterBot Quebec reevaluating
ChatterBot Mike reevaluating
ChatterBot Uniform reevaluating
ChatterBot Charlie reevaluating
ChatterBot Oscar reevaluating
ChatterBot Zulu reevaluating
ChatterBot India reevaluating
ChatterBot Quebec reevaluating
ChatterBot Mike reevaluating
ChatterBot Uniform reevaluating
ChatterBot Whiskey reevaluating
ChatterBot Oscar reevaluating
ChatterBot Zulu reevaluating
ChatterBot India reevaluating
ChatterBot Quebec reevaluating
ChatterBot Mike reevaluating
ChatterBot Uniform reevaluating
ChatterBot Whiskey reevaluating
ChatterBot Charlie reevaluating
ChatterBot Zulu reevaluating
ChatterBot India reevaluating
ChatterBot Quebec reevaluating
ChatterBot Mike reevaluating
ChatterBot Uniform reevaluating
ChatterBot Whiskey reevaluating
ChatterBot Charlie reevaluating
ChatterBot Oscar reevaluating
ChatterBot Uniform round 2
ChatterBot Mike round 2
2024-10-14 17:45:13.992971 Romeo: Let's form a team
2024-10-14 17:45:13.997476 Victor: No
2024-10-14 17:45:14.015671 Zulu: We should drop India
ChatterBot Quebec reevaluating
2024-10-14 17:45:14.039636 Quebec: Yes
2024-10-14 17:45:14.039837 Whiskey: Yes
2024-10-14 17:45:14.039972 Oscar: Yes
2024-10-14 17:45:14.040153 Charlie: Yes
2024-10-14 17:45:14.040283 Uniform: Yes
2024-10-14 17:45:14.040447 Mike: Yes
ChatterBot Quebec reevaluating
ChatterBot Quebec reevaluating
ChatterBot Quebec reevaluating
ChatterBot Quebec reevaluating
ChatterBot Quebec reevaluating
2024-10-14 17:45:14.188914 India: Victor we want you to join our group
2024-10-14 17:45:14.193696 Victor: No
ChatterBot India reevaluating
ChatterBot Quebec reevaluating
ChatterBot Whiskey reevaluating
2024-10-14 17:45:14.231046 Whiskey: We should replace India with Victor
ChatterBot Quebec reevaluating
2024-10-14 17:45:14.257632 Zulu: No
2024-10-14 17:45:14.257792 Quebec: No
2024-10-14 17:45:14.257897 Oscar: No
2024-10-14 17:45:14.258027 Charlie: No
2024-10-14 17:45:14.258172 Uniform: No
2024-10-14 17:45:14.258286 Mike: No
ChatterBot Quebec reevaluating
ChatterBot Whiskey reevaluating
ChatterBot Whiskey reevaluating
ChatterBot Quebec reevaluating
ChatterBot Whiskey reevaluating
ChatterBot Quebec reevaluating
ChatterBot Whiskey reevaluating
ChatterBot Quebec reevaluating
ChatterBot Whiskey reevaluating
ChatterBot Quebec reevaluating
ChatterBot Whiskey reevaluating
chatterbot Victor submitting transactions
2024-10-14 17:45:14.574384 Victor: Sending you 6
2024-10-14 17:45:14.575635 Romeo: Sending you 2
2024-10-14 17:45:14.848469 Zulu: Quebec, Whiskey, Oscar, Charlie and Uniform, sending you 2
chatterbot Charlie submitting transactions
chatterbot Mike submitting transactions
2024-10-14 17:45:14.978771 Charlie: Quebec and Oscar, sending you 7
2024-10-14 17:45:14.979240 Uniform: Quebec, Zulu and Charlie, sending you 2
2024-10-14 17:45:14.979631 Mike: Quebec and Uniform, sending you 2
2024-10-14 17:45:14.983556 Oscar: Quebec and Zulu, sending you 2
2024-10-14 17:45:14.984120 India: Quebec, Zulu, Whiskey, Charlie and Mike, sending you 2
chatterbot Oscar submitting transactions
2024-10-14 17:45:14.984776 Charlie: Uniform, sending you 3
2024-10-14 17:45:14.986493 Uniform: Whiskey and Oscar, sending you 1
2024-10-14 17:45:14.986898 Mike: Zulu, Whiskey and Oscar, sending you 3
2024-10-14 17:45:14.987339 Whiskey: Quebec, Zulu, Oscar, Charlie and Mike, sending you 3
2024-10-14 17:45:14.989761 Quebec: Zulu, sending you 2
2024-10-14 17:45:14.990269 Oscar: Whiskey, Charlie and Mike, sending you 3
2024-10-14 17:45:14.990692 India: Oscar, sending you 1
2024-10-14 17:45:14.994540 Mike: Charlie, sending you 4
2024-10-14 17:45:14.995085 Charlie: Mike, sending you 2
2024-10-14 17:45:14.995593 Uniform: Mike, sending you 4
2024-10-14 17:45:14.997575 Quebec: Whiskey, Oscar and Charlie, sending you 3
2024-10-14 17:45:14.998013 Oscar: Uniform, sending you 4
2024-10-14 17:45:14.998383 Whiskey: Uniform, sending you 1
2024-10-14 17:45:15.097039 Quebec: Uniform, sending you 1
chatterbot Whiskey submitting transactions
2024-10-14 17:45:15.128455 Quebec: Mike, sending you 4
chatterbot Romeo submitting transactions
chatterbot Uniform submitting transactions
chatterbot India submitting transactions
chatterbot Zulu submitting transactions
chatterbot Quebec submitting transactions
ChatterBot Victor round 3
ChatterBot India round 3
ChatterBot Quebec round 3
ChatterBot Zulu round 3
ChatterBot Whiskey round 3
ChatterBot Oscar round 3
ChatterBot Romeo round 3
ChatterBot Charlie round 3
ChatterBot Uniform round 3
ChatterBot Mike round 3
2024-10-14 17:45:15.902851 Romeo: We should add Zulu
2024-10-14 17:45:15.909279 Victor: No
ChatterBot Romeo reevaluating
2024-10-14 17:45:15.924133 India: We should drop Victor
ChatterBot Mike reevaluating
2024-10-14 17:45:15.964091 Quebec: Yes
2024-10-14 17:45:15.964657 Mike: Yes
2024-10-14 17:45:15.964807 Uniform: Yes
2024-10-14 17:45:15.964936 Whiskey: Yes
2024-10-14 17:45:15.965121 Charlie: Yes
2024-10-14 17:45:15.965274 Oscar: Yes
2024-10-14 17:45:15.965422 Zulu: Yes
ChatterBot Mike reevaluating
ChatterBot Mike reevaluating
ChatterBot Mike reevaluating
ChatterBot Oscar reevaluating
ChatterBot Mike reevaluating
ChatterBot Oscar reevaluating
ChatterBot Quebec reevaluating
ChatterBot Mike reevaluating
ChatterBot Quebec reevaluating
ChatterBot Mike reevaluating
ChatterBot Oscar reevaluating
2024-10-14 17:45:16.218718 Romeo: We should add Uniform
2024-10-14 17:45:16.223575 Victor: No
ChatterBot Romeo reevaluating
2024-10-14 17:45:16.230384 Mike: We should drop Zulu
ChatterBot Quebec reevaluating
ChatterBot Oscar reevaluating
2024-10-14 17:45:16.250252 Quebec: Yes
2024-10-14 17:45:16.250706 Whiskey: No
2024-10-14 17:45:16.250994 Oscar: Yes
2024-10-14 17:45:16.251685 Charlie: No
2024-10-14 17:45:16.251844 Uniform: No
ChatterBot Oscar reevaluating
ChatterBot Quebec reevaluating
ChatterBot Oscar reevaluating
ChatterBot Quebec reevaluating
ChatterBot Quebec reevaluating
ChatterBot Oscar reevaluating
ChatterBot Quebec reevaluating
ChatterBot Oscar reevaluating
chatterbot Whiskey submitting transactions
chatterbot Victor submitting transactions
2024-10-14 17:45:16.377236 Uniform: Quebec, Zulu, Oscar and Charlie, sending you 2
2024-10-14 17:45:16.378278 Whiskey: Quebec, Zulu, Oscar and Mike, sending you 3
2024-10-14 17:45:16.378841 Charlie: Quebec, Oscar and Mike, sending you 4
2024-10-14 17:45:16.379985 India: Quebec, Zulu, Whiskey, Charlie and Mike, sending you 2
2024-10-14 17:45:16.380830 Zulu: Quebec, Whiskey, Oscar, Uniform and Mike, sending you 2
2024-10-14 17:45:16.401910 Uniform: Whiskey, sending you 1
2024-10-14 17:45:16.402522 Charlie: Zulu and Whiskey, sending you 2
2024-10-14 17:45:16.403558 India: Uniform, sending you 1
2024-10-14 17:45:16.404193 Whiskey: Charlie and Uniform, sending you 2
2024-10-14 17:45:16.405244 Mike: Quebec, Whiskey and Uniform, sending you 3
2024-10-14 17:45:16.405787 Charlie: Uniform, sending you 3
2024-10-14 17:45:16.416753 Uniform: Mike, sending you 3
2024-10-14 17:45:16.417877 Mike: Oscar and Charlie, sending you 4
2024-10-14 17:45:16.418228 Romeo: Sending you 6
chatterbot Zulu submitting transactions
2024-10-14 17:45:16.429686 Quebec: Whiskey, Oscar, Uniform and Mike, sending you 3
2024-10-14 17:45:16.433951 Oscar: Quebec, Whiskey, Uniform and Mike, sending you 3
2024-10-14 17:45:16.434339 Quebec: Charlie, sending you 4
2024-10-14 17:45:16.439305 Oscar: Charlie, sending you 5
chatterbot Romeo submitting transactions
chatterbot Mike submitting transactions
chatterbot Uniform submitting transactions
chatterbot India submitting transactions
chatterbot Charlie submitting transactions
chatterbot Quebec submitting transactions
chatterbot Oscar submitting transactions
ChatterBot Victor round 4
ChatterBot India round 4
ChatterBot Quebec round 4
ChatterBot Zulu round 4
ChatterBot Whiskey round 4
ChatterBot Oscar round 4
ChatterBot Romeo round 4
ChatterBot Charlie round 4
ChatterBot Uniform round 4
ChatterBot Mike round 4
2024-10-14 17:45:17.534503 Romeo: We should add Oscar
2024-10-14 17:45:17.539391 Victor: No
ChatterBot Romeo reevaluating
2024-10-14 17:45:17.553577 Charlie: We should drop Zulu
2024-10-14 17:45:17.575147 Mike: Yes
2024-10-14 17:45:17.575443 Quebec: Yes
2024-10-14 17:45:17.575687 Whiskey: No
2024-10-14 17:45:17.576042 Oscar: Yes
2024-10-14 17:45:17.576177 Uniform: No
2024-10-14 17:45:17.655693 Quebec: Whiskey, Oscar, Uniform and Mike, sending you 3
2024-10-14 17:45:17.656961 Victor: Sending you 5
2024-10-14 17:45:17.657350 Zulu: Quebec, Whiskey, Oscar, Charlie and Uniform, sending you 2
2024-10-14 17:45:17.658247 India: Quebec, Zulu, Whiskey, Charlie and Mike, sending you 2
2024-10-14 17:45:17.659677 Quebec: Charlie, sending you 4
2024-10-14 17:45:17.662686 India: Uniform, sending you 1
2024-10-14 17:45:17.665691 Oscar: Quebec, Whiskey and Uniform, sending you 3
2024-10-14 17:45:17.667154 Whiskey: Quebec, Zulu, Oscar and Mike, sending you 3
2024-10-14 17:45:17.667854 Mike: Quebec, Whiskey, Oscar and Uniform, sending you 3
2024-10-14 17:45:17.669678 Charlie: Quebec and Mike, sending you 4
2024-10-14 17:45:17.670704 Oscar: Charlie and Mike, sending you 4
2024-10-14 17:45:17.671718 Uniform: Sending you each 2
2024-10-14 17:45:17.672344 Whiskey: Charlie and Uniform, sending you 2
2024-10-14 17:45:17.672992 Mike: Charlie, sending you 5
2024-10-14 17:45:17.673997 Charlie: Whiskey, sending you 2
2024-10-14 17:45:17.677684 Charlie: Oscar, sending you 6
2024-10-14 17:45:17.681694 Romeo: Sending you 7
2024-10-14 17:45:17.682066 Charlie: Uniform, sending you 3
chatterbot India submitting transactions
chatterbot Victor submitting transactions
chatterbot Oscar submitting transactions
chatterbot Uniform submitting transactions
chatterbot Zulu submitting transactions
chatterbot Charlie submitting transactions
chatterbot Quebec submitting transactions
chatterbot Romeo submitting transactions
chatterbot Whiskey submitting transactions
chatterbot Mike submitting transactions
ChatterBot Victor round 5
ChatterBot India round 5
ChatterBot Quebec round 5
ChatterBot Zulu round 5
ChatterBot Whiskey round 5
ChatterBot Oscar round 5
ChatterBot Romeo round 5
ChatterBot Charlie round 5
ChatterBot Uniform round 5
ChatterBot Mike round 5
2024-10-14 17:45:18.647277 Romeo: We should add Mike
2024-10-14 17:45:18.650277 Victor: No
ChatterBot Romeo reevaluating
2024-10-14 17:45:18.655658 India: Quebec, sending you 3
2024-10-14 17:45:18.657693 Victor: Sending you 4
2024-10-14 17:45:18.658665 Quebec: Whiskey, Oscar, Uniform and Mike, sending you 3
2024-10-14 17:45:18.659250 India: Zulu, Whiskey, Oscar, Charlie and Uniform, sending you 1
2024-10-14 17:45:18.662942 Quebec: Charlie, sending you 4
2024-10-14 17:45:18.663435 India: Mike, sending you 2
2024-10-14 17:45:18.664696 Oscar: Quebec, Whiskey, Uniform and Mike, sending you 3
2024-10-14 17:45:18.665120 Charlie: Quebec, sending you 4
2024-10-14 17:45:18.666737 Zulu: Quebec, Whiskey, Oscar, Charlie and Uniform, sending you 2
2024-10-14 17:45:18.668685 Whiskey: Quebec, Zulu, Oscar and Mike, sending you 3
2024-10-14 17:45:18.669247 Oscar: Charlie, sending you 5
2024-10-14 17:45:18.669879 Charlie: Whiskey, sending you 2
2024-10-14 17:45:18.671701 Mike: Quebec, Whiskey and Uniform, sending you 3
2024-10-14 17:45:18.673665 Whiskey: Charlie and Uniform, sending you 2
2024-10-14 17:45:18.674697 Charlie: Oscar and Mike, sending you 5
2024-10-14 17:45:18.676685 Uniform: Same as last round
2024-10-14 17:45:18.677673 Mike: Oscar and Charlie, sending you 4
2024-10-14 17:45:18.680064 Charlie: Uniform, sending you 3
2024-10-14 17:45:18.681669 Romeo: Sending you 8
chatterbot Zulu submitting transactions
chatterbot Romeo submitting transactions
chatterbot Charlie submitting transactions
chatterbot Oscar submitting transactions
chatterbot Victor submitting transactions
chatterbot Mike submitting transactions
chatterbot Whiskey submitting transactions
chatterbot Quebec submitting transactions
chatterbot Uniform submitting transactions
chatterbot India submitting transactions
ChatterBot Victor round 6
ChatterBot India round 6
ChatterBot Quebec round 6
ChatterBot Zulu round 6
ChatterBot Whiskey round 6
ChatterBot Oscar round 6
2024-10-14 17:45:19.884572 Whiskey: We should add India
2024-10-14 17:45:19.908727 Zulu: No
2024-10-14 17:45:19.908917 Quebec: No
2024-10-14 17:45:19.909074 Oscar: No
2024-10-14 17:45:19.909228 Charlie: No
2024-10-14 17:45:19.909394 Uniform: No
2024-10-14 17:45:19.909539 Mike: No
ChatterBot Whiskey reevaluating
ChatterBot Whiskey reevaluating
ChatterBot Whiskey reevaluating
ChatterBot Whiskey reevaluating
ChatterBot Quebec reevaluating
ChatterBot Whiskey reevaluating
ChatterBot Quebec reevaluating
ChatterBot Whiskey reevaluating
ChatterBot Romeo round 6
ChatterBot Charlie round 6
ChatterBot Uniform round 6
ChatterBot Mike round 6
2024-10-14 17:45:20.042679 India: Quebec, sending you 3
2024-10-14 17:45:20.044663 Victor: Same as last round
2024-10-14 17:45:20.046658 Quebec: Whiskey, Oscar, Uniform and Mike, sending you 3
2024-10-14 17:45:20.048680 India: Zulu, Whiskey, Oscar, Charlie, Uniform and Mike, sending you 1
2024-10-14 17:45:20.050662 Quebec: Charlie, sending you 4
2024-10-14 17:45:20.052670 Oscar: Quebec, Whiskey, Uniform and Mike, sending you 3
2024-10-14 17:45:20.054734 Mike: Quebec, Whiskey, Oscar and Uniform, sending you 3
2024-10-14 17:45:20.056669 Oscar: Charlie, sending you 5
2024-10-14 17:45:20.057198 Uniform: Same as last round
2024-10-14 17:45:20.057713 Whiskey: Quebec and Mike, sending you 3
2024-10-14 17:45:20.058659 Charlie: Quebec, sending you 4
2024-10-14 17:45:20.059574 Zulu: Quebec, Whiskey, Oscar, Charlie and Uniform, sending you 2
2024-10-14 17:45:20.060109 Romeo: Sending you 9
2024-10-14 17:45:20.060333 Mike: Charlie, sending you 5
2024-10-14 17:45:20.060744 Whiskey: Zulu, Charlie and Uniform, sending you 2
2024-10-14 17:45:20.063668 Charlie: Whiskey, sending you 2
2024-10-14 17:45:20.064689 Whiskey: Oscar, sending you 4
2024-10-14 17:45:20.066686 Charlie: Oscar and Mike, sending you 5
2024-10-14 17:45:20.070675 Charlie: Uniform, sending you 3
chatterbot Victor submitting transactions
chatterbot Mike submitting transactions
chatterbot India submitting transactions
chatterbot Zulu submitting transactions
chatterbot Whiskey submitting transactions
chatterbot Romeo submitting transactions
chatterbot Oscar submitting transactions
chatterbot Quebec submitting transactions
chatterbot Uniform submitting transactions
chatterbot Charlie submitting transactions
ChatterBot Victor round 7
ChatterBot India round 7
ChatterBot Quebec round 7
ChatterBot Zulu round 7
ChatterBot Whiskey round 7
ChatterBot Oscar round 7
ChatterBot Romeo round 7
ChatterBot Charlie round 7
ChatterBot Uniform round 7
ChatterBot Mike round 7
2024-10-14 17:45:21.285550 Quebec: We should replace Uniform with Zulu
ChatterBot Charlie reevaluating
2024-10-14 17:45:21.297326 Whiskey: No
2024-10-14 17:45:21.297525 Oscar: No
2024-10-14 17:45:21.297648 Charlie: No
2024-10-14 17:45:21.297756 Mike: No
ChatterBot Quebec reevaluating
ChatterBot Charlie reevaluating
ChatterBot Quebec reevaluating
ChatterBot Charlie reevaluating
ChatterBot Quebec reevaluating
ChatterBot Quebec reevaluating
ChatterBot Charlie reevaluating
2024-10-14 17:45:21.343398 Charlie: We should add Zulu
ChatterBot Quebec reevaluating
2024-10-14 17:45:21.355826 Mike: No
2024-10-14 17:45:21.356017 Quebec: Yes
2024-10-14 17:45:21.356118 Whiskey: Yes
2024-10-14 17:45:21.356226 Oscar: No
2024-10-14 17:45:21.356325 Uniform: Yes
ChatterBot Quebec reevaluating
ChatterBot Charlie reevaluating
ChatterBot Charlie reevaluating
ChatterBot Quebec reevaluating
ChatterBot Charlie reevaluating
ChatterBot Quebec reevaluating
ChatterBot Charlie reevaluating
ChatterBot Quebec reevaluating
ChatterBot Charlie reevaluating
2024-10-14 17:45:21.440687 Victor: Sending you 3
2024-10-14 17:45:21.442024 India: Quebec, sending you 3
2024-10-14 17:45:21.444741 Quebec: Zulu we want you to join our group
2024-10-14 17:45:21.448271 Zulu: Yes
ChatterBot Quebec reevaluating
ChatterBot Charlie reevaluating
2024-10-14 17:45:21.461459 India: Zulu, Whiskey, Oscar, Charlie, Uniform and Mike, sending you 1
2024-10-14 17:45:21.464682 Uniform: Same as last round
2024-10-14 17:45:21.465448 Zulu: Quebec, Oscar, Charlie and Mike, sending you 1
2024-10-14 17:45:21.466601 Romeo: Sending you 10
2024-10-14 17:45:21.466903 Oscar: Quebec, Whiskey, Uniform and Mike, sending you 3
2024-10-14 17:45:21.467513 Whiskey: Quebec and Mike, sending you 3
2024-10-14 17:45:21.467971 Mike: Quebec, Whiskey, Oscar and Uniform, sending you 3
2024-10-14 17:45:21.469686 Charlie: Zulu we want you to join our group
2024-10-14 17:45:21.474501 Zulu: Yes
ChatterBot Charlie reevaluating
ChatterBot Mike reevaluating
2024-10-14 17:45:21.502692 Zulu: Whiskey and Uniform, sending you 3
2024-10-14 17:45:21.503458 Oscar: Charlie, sending you 5
2024-10-14 17:45:21.504117 Whiskey: Zulu, Charlie and Uniform, sending you 2
2024-10-14 17:45:21.508664 Mike: Zulu we want you to join our group
2024-10-14 17:45:21.513021 Zulu: Yes
ChatterBot Charlie reevaluating
ChatterBot Mike reevaluating
2024-10-14 17:45:21.534090 Whiskey: Oscar, sending you 4
2024-10-14 17:45:21.539703 Quebec: Zulu, Whiskey, Oscar and Mike, sending you 3
2024-10-14 17:45:21.541863 Mike: We should drop Zulu
ChatterBot Charlie reevaluating
2024-10-14 17:45:21.558461 Quebec: No
2024-10-14 17:45:21.558628 Whiskey: No
2024-10-14 17:45:21.558752 Oscar: Yes
2024-10-14 17:45:21.558878 Charlie: No
2024-10-14 17:45:21.559020 Uniform: No
ChatterBot Mike reevaluating
ChatterBot Charlie reevaluating
ChatterBot Mike reevaluating
ChatterBot Charlie reevaluating
ChatterBot Mike reevaluating
ChatterBot Charlie reevaluating
ChatterBot Mike reevaluating
ChatterBot Mike reevaluating
ChatterBot Charlie reevaluating
2024-10-14 17:45:21.650491 Quebec: Charlie, sending you 4
2024-10-14 17:45:21.680666 Charlie: Quebec and Mike, sending you 4
2024-10-14 17:45:21.684655 Charlie: Zulu, Whiskey and Uniform, sending you 2
2024-10-14 17:45:21.688656 Charlie: Oscar, sending you 5
chatterbot Romeo submitting transactions
chatterbot Oscar submitting transactions
chatterbot India submitting transactions
chatterbot Zulu submitting transactions
chatterbot Uniform submitting transactions
chatterbot Quebec submitting transactions
chatterbot Victor submitting transactions
chatterbot Whiskey submitting transactions
chatterbot Charlie submitting transactions
chatterbot Mike submitting transactions
ChatterBot Victor round 8
ChatterBot India round 8
ChatterBot Quebec round 8
ChatterBot Zulu round 8
ChatterBot Whiskey round 8
ChatterBot Oscar round 8
ChatterBot Romeo round 8
2024-10-14 17:45:22.863686 Quebec: We should replace Zulu with Uniform
ChatterBot Charlie reevaluating
2024-10-14 17:45:22.876933 Whiskey: No
2024-10-14 17:45:22.877154 Oscar: Yes
2024-10-14 17:45:22.877334 Charlie: Yes
2024-10-14 17:45:22.877518 Mike: Yes
ChatterBot Charlie reevaluating
ChatterBot Quebec reevaluating
ChatterBot Charlie reevaluating
ChatterBot Quebec reevaluating
ChatterBot Quebec reevaluating
ChatterBot Charlie reevaluating
ChatterBot Charlie round 8
ChatterBot Uniform round 8
ChatterBot Mike round 8
2024-10-14 17:45:22.974681 India: Quebec, sending you 2
2024-10-14 17:45:22.976697 Oscar: Quebec, Whiskey, Uniform and Mike, sending you 3
2024-10-14 17:45:22.978662 India: Zulu, Whiskey, Oscar, Charlie, Uniform and Mike, sending you 1
2024-10-14 17:45:22.979717 Oscar: Charlie, sending you 5
2024-10-14 17:45:22.980671 Whiskey: Quebec and Mike, sending you 3
2024-10-14 17:45:22.981665 Victor: Same as last round
2024-10-14 17:45:22.981971 Quebec: Zulu, sending you 2
2024-10-14 17:45:22.983032 Romeo: Sending you 11
2024-10-14 17:45:22.984697 Zulu: Quebec, Whiskey, Charlie and Uniform, sending you 2
2024-10-14 17:45:22.985328 Whiskey: Zulu, Charlie and Uniform, sending you 2
2024-10-14 17:45:22.985937 Quebec: Whiskey, Oscar and Mike, sending you 3
2024-10-14 17:45:22.987670 Mike: Quebec, Whiskey, Oscar and Uniform, sending you 3
2024-10-14 17:45:22.988664 Whiskey: Oscar, sending you 4
2024-10-14 17:45:22.989664 Zulu: Oscar and Mike, sending you 1
2024-10-14 17:45:22.990215 Quebec: Charlie, sending you 5
2024-10-14 17:45:22.990576 Uniform: Same as last round
2024-10-14 17:45:22.992657 Charlie: Quebec, sending you 4
2024-10-14 17:45:22.993454 Mike: Charlie, sending you 5
2024-10-14 17:45:22.996289 Charlie: Zulu, sending you 1
2024-10-14 17:45:22.999699 Charlie: Whiskey and Uniform, sending you 2
2024-10-14 17:45:23.003868 Charlie: Oscar and Mike, sending you 5
chatterbot Romeo submitting transactions
chatterbot Quebec submitting transactions
chatterbot India submitting transactions
chatterbot Victor submitting transactions
chatterbot Zulu submitting transactions
chatterbot Oscar submitting transactions
chatterbot Uniform submitting transactions
chatterbot Whiskey submitting transactions
chatterbot Mike submitting transactions
chatterbot Charlie submitting transactions
ChatterBot Victor round 9
ChatterBot India round 9
ChatterBot Quebec round 9
ChatterBot Zulu round 9
ChatterBot Whiskey round 9
ChatterBot Oscar round 9
ChatterBot Romeo round 9
ChatterBot Charlie round 9
ChatterBot Uniform round 9
ChatterBot Mike round 9
2024-10-14 17:45:24.167301 Quebec: We should replace Oscar with Uniform
2024-10-14 17:45:24.179969 Zulu: No
2024-10-14 17:45:24.180212 Whiskey: No
2024-10-14 17:45:24.180395 Charlie: No
2024-10-14 17:45:24.180561 Mike: No
ChatterBot Quebec reevaluating
ChatterBot Quebec reevaluating
ChatterBot Zulu reevaluating
ChatterBot Quebec reevaluating
ChatterBot Zulu reevaluating
ChatterBot Quebec reevaluating
ChatterBot Zulu reevaluating
2024-10-14 17:45:24.340486 Quebec: We should replace Zulu with Uniform
2024-10-14 17:45:24.353737 Whiskey: No
2024-10-14 17:45:24.353999 Oscar: Yes
2024-10-14 17:45:24.354185 Charlie: No
2024-10-14 17:45:24.354355 Mike: Yes
ChatterBot Quebec reevaluating
ChatterBot Quebec reevaluating
ChatterBot Quebec reevaluating
ChatterBot Quebec reevaluating
2024-10-14 17:45:24.406653 Victor: Same as last round
2024-10-14 17:45:24.409687 Uniform: Same as last round
2024-10-14 17:45:24.413131 India: Quebec, sending you 2
2024-10-14 17:45:24.415400 Charlie: Quebec, sending you 4
2024-10-14 17:45:24.418686 India: Zulu, Whiskey, Oscar, Charlie, Uniform and Mike, sending you 1
2024-10-14 17:45:24.423407 Charlie: Zulu, sending you 1
2024-10-14 17:45:24.425690 Oscar: Quebec, Whiskey, Uniform and Mike, sending you 3
2024-10-14 17:45:24.428058 Quebec: Zulu, sending you 2
2024-10-14 17:45:24.428889 Mike: Quebec, Whiskey, Oscar and Uniform, sending you 3
2024-10-14 17:45:24.431096 Whiskey: Quebec and Mike, sending you 3
2024-10-14 17:45:24.433556 Charlie: Whiskey and Uniform, sending you 2
2024-10-14 17:45:24.435755 Oscar: Charlie, sending you 5
2024-10-14 17:45:24.437202 Quebec: Whiskey, Oscar and Mike, sending you 3
2024-10-14 17:45:24.438561 Romeo: Sending you 12
2024-10-14 17:45:24.439172 Mike: Charlie, sending you 5
2024-10-14 17:45:24.440998 Whiskey: Zulu, Charlie and Uniform, sending you 2
2024-10-14 17:45:24.442541 Charlie: Oscar and Mike, sending you 5
2024-10-14 17:45:24.444609 Quebec: Charlie, sending you 5
2024-10-14 17:45:24.446682 Whiskey: Oscar, sending you 4
chatterbot Victor submitting transactions
chatterbot India submitting transactions
chatterbot Mike submitting transactions
chatterbot Oscar submitting transactions
chatterbot Romeo submitting transactions
chatterbot Charlie submitting transactions
chatterbot Zulu submitting transactions
chatterbot Quebec submitting transactions
chatterbot Uniform submitting transactions
chatterbot Whiskey submitting transactions
ChatterBot Victor round 10
ChatterBot India round 10
ChatterBot Quebec round 10
ChatterBot Zulu round 10
ChatterBot Whiskey round 10
ChatterBot Oscar round 10
ChatterBot Romeo round 10
ChatterBot Charlie round 10
ChatterBot Uniform round 10
2024-10-14 17:45:25.481521 Quebec: We should replace Zulu with Uniform
ChatterBot Charlie reevaluating
2024-10-14 17:45:25.500514 Whiskey: No
2024-10-14 17:45:25.500769 Oscar: Yes
2024-10-14 17:45:25.500968 Charlie: Yes
2024-10-14 17:45:25.501152 Mike: Yes
ChatterBot Quebec reevaluating
ChatterBot Charlie reevaluating
ChatterBot Mike reevaluating
ChatterBot Quebec reevaluating
ChatterBot Charlie reevaluating
ChatterBot Mike reevaluating
ChatterBot Quebec reevaluating
ChatterBot Mike reevaluating
ChatterBot Quebec reevaluating
ChatterBot Charlie reevaluating
ChatterBot Mike round 10
2024-10-14 17:45:25.571744 Zulu: We should drop Oscar
ChatterBot Quebec reevaluating
ChatterBot Charlie reevaluating
ChatterBot Mike reevaluating
2024-10-14 17:45:25.585973 Quebec: Yes
2024-10-14 17:45:25.586083 Whiskey: No
2024-10-14 17:45:25.586176 Charlie: No
2024-10-14 17:45:25.586263 Uniform: No
2024-10-14 17:45:25.586365 Mike: No
ChatterBot Zulu reevaluating
ChatterBot Charlie reevaluating
ChatterBot Mike reevaluating
ChatterBot Zulu reevaluating
ChatterBot Quebec reevaluating
ChatterBot Charlie reevaluating
ChatterBot Mike reevaluating
ChatterBot Zulu reevaluating
ChatterBot Quebec reevaluating
ChatterBot Mike reevaluating
ChatterBot Zulu reevaluating
ChatterBot Quebec reevaluating
ChatterBot Charlie reevaluating
ChatterBot Mike reevaluating
ChatterBot Zulu reevaluating
ChatterBot Quebec reevaluating
ChatterBot Charlie reevaluating
2024-10-14 17:45:25.657659 Quebec: Uniform we want you to join our group
2024-10-14 17:45:25.661603 Uniform: Yes
ChatterBot Quebec reevaluating
2024-10-14 17:45:25.677804 Victor: Sending you 2
2024-10-14 17:45:25.678202 Charlie: We should drop Zulu
ChatterBot Quebec reevaluating
2024-10-14 17:45:25.692387 Mike: Yes
2024-10-14 17:45:25.692531 Quebec: Yes
2024-10-14 17:45:25.692643 Whiskey: No
2024-10-14 17:45:25.692765 Oscar: Yes
2024-10-14 17:45:25.692868 Uniform: No
ChatterBot Quebec reevaluating
ChatterBot Quebec reevaluating
ChatterBot Quebec reevaluating
ChatterBot Uniform reevaluating
ChatterBot Quebec reevaluating
ChatterBot Whiskey reevaluating
2024-10-14 17:45:25.784652 India: Sending you each 1
2024-10-14 17:45:25.789396 Oscar: Quebec, Whiskey, Uniform and Mike, sending you 3
2024-10-14 17:45:25.790941 Romeo: Same as last round
2024-10-14 17:45:25.791314 Mike: Quebec, Whiskey, Oscar and Uniform, sending you 3
2024-10-14 17:45:25.793649 Zulu: Quebec, Whiskey, Charlie and Uniform, sending you 2
2024-10-14 17:45:25.795266 Oscar: Charlie, sending you 5
2024-10-14 17:45:25.796698 Mike: Charlie, sending you 5
2024-10-14 17:45:25.799726 Zulu: Oscar and Mike, sending you 1
2024-10-14 17:45:25.805678 Charlie: Quebec, Oscar and Mike, sending you 5
2024-10-14 17:45:25.809690 Uniform: Quebec, Whiskey and Charlie, sending you 2
2024-10-14 17:45:25.810716 Charlie: Whiskey and Uniform, sending you 2
2024-10-14 17:45:25.813699 Quebec: Whiskey, Oscar, Uniform and Mike, sending you 3
2024-10-14 17:45:25.815678 Uniform: Oscar and Mike, sending you 3
2024-10-14 17:45:25.818668 Quebec: Charlie, sending you 4
2024-10-14 17:45:25.820670 Whiskey: Quebec, Charlie, Uniform and Mike, sending you 3
2024-10-14 17:45:25.825165 Whiskey: Oscar, sending you 4
chatterbot Oscar submitting transactions
chatterbot India submitting transactions
chatterbot Charlie submitting transactions
chatterbot Victor submitting transactions
chatterbot Whiskey submitting transactions
chatterbot Quebec submitting transactions
chatterbot Zulu submitting transactions
chatterbot Mike submitting transactions
chatterbot Romeo submitting transactions
chatterbot Uniform submitting transactions
ChatterBot Victor round 11
ChatterBot India round 11
ChatterBot Quebec round 11
ChatterBot Zulu round 11
ChatterBot Whiskey round 11
ChatterBot Oscar round 11
ChatterBot Romeo round 11
ChatterBot Charlie round 11
ChatterBot Uniform round 11
ChatterBot Mike round 11
2024-10-14 17:45:26.784817 Whiskey: We should add Zulu
2024-10-14 17:45:26.799178 Mike: No
2024-10-14 17:45:26.799331 Quebec: No
2024-10-14 17:45:26.799445 Oscar: No
2024-10-14 17:45:26.799554 Charlie: No
2024-10-14 17:45:26.799668 Uniform: No
ChatterBot Uniform reevaluating
ChatterBot Uniform reevaluating
2024-10-14 17:45:26.885528 Whiskey: Zulu we want you to join our group
2024-10-14 17:45:26.890969 Zulu: Yes
ChatterBot Uniform reevaluating
2024-10-14 17:45:26.908670 India: Same as last round
2024-10-14 17:45:26.909667 Zulu: Quebec, Whiskey, Charlie and Uniform, sending you 2
2024-10-14 17:45:26.910668 Victor: Same as last round
2024-10-14 17:45:26.910922 Romeo: Same as last round
2024-10-14 17:45:26.911652 Uniform: Zulu we want you to join our group
ChatterBot Zulu reevaluating
2024-10-14 17:45:26.915685 Zulu: No
2024-10-14 17:45:26.935658 Whiskey: Quebec and Mike, sending you 3
2024-10-14 17:45:26.936652 Oscar: Quebec, Whiskey, Uniform and Mike, sending you 3
2024-10-14 17:45:26.937252 Quebec: Whiskey, Oscar, Uniform and Mike, sending you 3
2024-10-14 17:45:26.937855 Mike: Quebec, Whiskey, Oscar and Uniform, sending you 3
2024-10-14 17:45:26.938419 Charlie: Quebec, Oscar and Mike, sending you 5
2024-10-14 17:45:26.939410 Zulu: We should drop Mike
2024-10-14 17:45:26.953231 Quebec: No
2024-10-14 17:45:26.953381 Whiskey: No
2024-10-14 17:45:26.953502 Oscar: No
2024-10-14 17:45:26.953619 Charlie: No
2024-10-14 17:45:26.953739 Uniform: No
ChatterBot Zulu reevaluating
ChatterBot Zulu reevaluating
ChatterBot Zulu reevaluating
ChatterBot Zulu reevaluating
ChatterBot Zulu reevaluating
2024-10-14 17:45:27.022417 Zulu: We should add Mike
2024-10-14 17:45:27.042744 Quebec: Yes
2024-10-14 17:45:27.042929 Whiskey: Yes
2024-10-14 17:45:27.043067 Oscar: Yes
2024-10-14 17:45:27.043199 Charlie: Yes
2024-10-14 17:45:27.043672 Uniform: Yes
ChatterBot Zulu reevaluating
ChatterBot Zulu reevaluating
ChatterBot Zulu reevaluating
ChatterBot Zulu reevaluating
ChatterBot Zulu reevaluating
2024-10-14 17:45:27.112195 Oscar: Charlie, sending you 5
2024-10-14 17:45:27.113090 Whiskey: Zulu, Charlie and Uniform, sending you 2
2024-10-14 17:45:27.113637 Quebec: Charlie, sending you 4
2024-10-14 17:45:27.114104 Mike: Charlie, sending you 5
2024-10-14 17:45:27.114570 Charlie: Whiskey and Uniform, sending you 2
2024-10-14 17:45:27.116665 Whiskey: Oscar, sending you 4
2024-10-14 17:45:27.118675 Zulu: Mike we want you to join our group
2024-10-14 17:45:27.122066 Mike: No
ChatterBot Zulu reevaluating
2024-10-14 17:45:27.140752 Uniform: Sending you each 2
chatterbot Romeo submitting transactions
chatterbot Uniform submitting transactions
chatterbot Charlie submitting transactions
chatterbot India submitting transactions
chatterbot Quebec submitting transactions
chatterbot Mike submitting transactions
chatterbot Victor submitting transactions
chatterbot Whiskey submitting transactions
chatterbot Oscar submitting transactions
chatterbot Zulu submitting transactions
ChatterBot Victor round 12
ChatterBot India round 12
ChatterBot Quebec round 12
ChatterBot Zulu round 12
ChatterBot Whiskey round 12
ChatterBot Oscar round 12
ChatterBot Romeo round 12
ChatterBot Charlie round 12
ChatterBot Uniform round 12
ChatterBot Mike round 12
2024-10-14 17:45:28.387956 Whiskey: We should drop Zulu
2024-10-14 17:45:28.401501 Mike: Yes
2024-10-14 17:45:28.401668 Quebec: Yes
2024-10-14 17:45:28.401829 Oscar: Yes
2024-10-14 17:45:28.401948 Charlie: Yes
2024-10-14 17:45:28.402077 Uniform: No
ChatterBot Whiskey reevaluating
ChatterBot Uniform reevaluating
ChatterBot Whiskey reevaluating
ChatterBot Uniform reevaluating
ChatterBot Whiskey reevaluating
ChatterBot Uniform reevaluating
ChatterBot Whiskey reevaluating
ChatterBot Uniform reevaluating
ChatterBot Whiskey reevaluating
2024-10-14 17:45:28.472654 Oscar: Quebec, Whiskey, Uniform and Mike, sending you 3
2024-10-14 17:45:28.473706 India: Quebec, Zulu, Whiskey, Oscar, Charlie and Mike, sending you 1
2024-10-14 17:45:28.475506 Quebec: Whiskey, Oscar, Uniform and Mike, sending you 3
2024-10-14 17:45:28.476310 Victor: Same as last round
2024-10-14 17:45:28.476646 Zulu: Quebec, Whiskey, Charlie and Uniform, sending you 2
2024-10-14 17:45:28.477715 Oscar: Charlie, sending you 5
2024-10-14 17:45:28.479687 Quebec: Charlie, sending you 4
2024-10-14 17:45:28.482659 Zulu: Oscar and Mike, sending you 1
2024-10-14 17:45:28.483520 Romeo: Same as last round
2024-10-14 17:45:28.489694 Mike: Quebec, Whiskey, Oscar and Uniform, sending you 3
2024-10-14 17:45:28.493654 Charlie: Quebec, sending you 4
2024-10-14 17:45:28.494425 Whiskey: Quebec and Mike, sending you 3
2024-10-14 17:45:28.495164 Mike: Charlie, sending you 5
2024-10-14 17:45:28.495874 Uniform: Same as last round
2024-10-14 17:45:28.497660 Charlie: Whiskey and Uniform, sending you 2
2024-10-14 17:45:28.499689 Whiskey: Zulu, Charlie and Uniform, sending you 2
2024-10-14 17:45:28.502666 Charlie: Oscar, sending you 6
2024-10-14 17:45:28.505657 Whiskey: Oscar, sending you 4
2024-10-14 17:45:28.507649 Charlie: Mike, sending you 5
chatterbot Mike submitting transactions
chatterbot Romeo submitting transactions
chatterbot India submitting transactions
chatterbot Uniform submitting transactions
chatterbot Zulu submitting transactions
chatterbot Victor submitting transactions
