ChatterBot Hotel round 1
ChatterBot Quebec round 1
ChatterBot Romeo round 1
ChatterBot Kilo round 1
ChatterBot Yankee round 1
ChatterBot India round 1
ChatterBot November round 1
ChatterBot Bravo round 1
ChatterBot Delta round 1
ChatterBot Echo round 1
randomSelections Yankee: {Yankee, Echo, November, Quebec, Hotel, India, Kilo} 
2024-10-14 17:45:12.764474 Yankee: We would work well together
ChatterBot Echo reevaluating
ChatterBot November reevaluating
ChatterBot Quebec reevaluating
ChatterBot Hotel reevaluating
ChatterBot India reevaluating
ChatterBot Kilo reevaluating
2024-10-14 17:45:12.783541 Echo: Yes
2024-10-14 17:45:12.784168 November: Yes
2024-10-14 17:45:12.784312 Quebec: Yes
2024-10-14 17:45:12.784424 Hotel: Yes
2024-10-14 17:45:12.784528 India: Yes
2024-10-14 17:45:12.784640 Kilo: Yes
ChatterBot November reevaluating
ChatterBot Quebec reevaluating
ChatterBot Hotel reevaluating
ChatterBot India reevaluating
ChatterBot Kilo reevaluating
ChatterBot Echo reevaluating
ChatterBot Quebec reevaluating
ChatterBot Hotel reevaluating
ChatterBot India reevaluating
ChatterBot Kilo reevaluating
ChatterBot Echo reevaluating
ChatterBot November reevaluating
ChatterBot Hotel reevaluating
ChatterBot India reevaluating
ChatterBot Kilo reevaluating
ChatterBot Echo reevaluating
ChatterBot November reevaluating
ChatterBot Quebec reevaluating
ChatterBot India reevaluating
ChatterBot Kilo reevaluating
ChatterBot Echo reevaluating
ChatterBot November reevaluating
ChatterBot Quebec reevaluating
ChatterBot Hotel reevaluating
ChatterBot Kilo reevaluating
ChatterBot Echo reevaluating
ChatterBot November reevaluating
ChatterBot Quebec reevaluating
ChatterBot Hotel reevaluating
ChatterBot India reevaluating
randomSelections Romeo: {Romeo, Echo, Kilo, November} 
2024-10-14 17:45:12.856833 Romeo: We should group up
ChatterBot Echo reevaluating
ChatterBot Kilo reevaluating
ChatterBot November reevaluating
2024-10-14 17:45:12.860511 Echo: No
2024-10-14 17:45:12.860628 Kilo: No
2024-10-14 17:45:12.860723 November: No
ChatterBot Kilo reevaluating
ChatterBot November reevaluating
ChatterBot Echo reevaluating
ChatterBot November reevaluating
ChatterBot Echo reevaluating
ChatterBot Kilo reevaluating
randomSelections Delta: {Delta, Bravo, Hotel, Romeo, Kilo} 
2024-10-14 17:45:12.874700 Delta: Group up?
ChatterBot Bravo reevaluating
ChatterBot Hotel reevaluating
ChatterBot Kilo reevaluating
2024-10-14 17:45:12.879157 Bravo: Yes
2024-10-14 17:45:12.879249 Hotel: No
2024-10-14 17:45:12.879366 Romeo: No
2024-10-14 17:45:12.879452 Kilo: No
ChatterBot Hotel reevaluating
ChatterBot Kilo reevaluating
ChatterBot Bravo reevaluating
ChatterBot Kilo reevaluating
ChatterBot Bravo reevaluating
ChatterBot Hotel reevaluating
ChatterBot Kilo reevaluating
ChatterBot Bravo reevaluating
ChatterBot Hotel reevaluating
2024-10-14 17:45:12.907669 Romeo: Kilo and November, sending you 4
2024-10-14 17:45:12.908664 Delta: Hotel, sending you 3
2024-10-14 17:45:12.909696 Quebec: Hotel and Kilo, sending you 3
2024-10-14 17:45:12.910692 Romeo: Echo, sending you 6
2024-10-14 17:45:12.911705 Delta: Romeo, sending you 2
2024-10-14 17:45:12.912687 India: Quebec and Yankee, sending you 3
2024-10-14 17:45:12.914675 Quebec: Yankee, India and November, sending you 2
2024-10-14 17:45:12.914968 November: Hotel, sending you 1
2024-10-14 17:45:12.915181 Delta: Kilo, sending you 4
2024-10-14 17:45:12.917721 India: Kilo, sending you 1
2024-10-14 17:45:12.918134 Hotel: Quebec, sending you 5
2024-10-14 17:45:12.918711 November: Quebec and Echo, sending you 2
2024-10-14 17:45:12.919717 Quebec: Echo, sending you 1
2024-10-14 17:45:12.919971 Delta: Bravo, sending you 7
2024-10-14 17:45:12.920177 Echo: Hotel and November, sending you 2
2024-10-14 17:45:12.920692 India: Echo, sending you 2
2024-10-14 17:45:12.921926 Yankee: Hotel and Kilo, sending you 4
2024-10-14 17:45:12.922229 Hotel: Kilo, sending you 3
2024-10-14 17:45:12.923675 Kilo: Hotel, Quebec, Yankee and November, sending you 2
2024-10-14 17:45:12.923956 November: Kilo, Yankee and India, sending you 3
2024-10-14 17:45:12.924178 Echo: Quebec and Yankee, sending you 3
2024-10-14 17:45:12.925668 Yankee: Quebec, sending you 3
2024-10-14 17:45:12.926661 Hotel: Yankee, November and Echo, sending you 1
2024-10-14 17:45:12.927124 Bravo: Hotel, sending you 2
2024-10-14 17:45:12.927344 Kilo: India, sending you 5
2024-10-14 17:45:12.928670 Echo: India, sending you 5
2024-10-14 17:45:12.929680 Yankee: India and November, sending you 2
2024-10-14 17:45:12.930082 Bravo: Romeo, sending you 4
2024-10-14 17:45:12.931082 Hotel: India, sending you 2
2024-10-14 17:45:12.931680 Kilo: Echo, sending you 3
2024-10-14 17:45:12.932657 Bravo: Kilo and Delta, sending you 1
2024-10-14 17:45:12.934650 Yankee: Echo, sending you 5
chatterbot Echo submitting transactions
chatterbot India submitting transactions
chatterbot Kilo submitting transactions
chatterbot Bravo submitting transactions
chatterbot November submitting transactions
chatterbot Romeo submitting transactions
chatterbot Quebec submitting transactions
chatterbot Delta submitting transactions
chatterbot Hotel submitting transactions
chatterbot Yankee submitting transactions
ChatterBot Hotel round 2
ChatterBot Quebec round 2
ChatterBot Romeo round 2
ChatterBot Kilo round 2
ChatterBot Yankee round 2
ChatterBot India round 2
ChatterBot November round 2
ChatterBot Bravo round 2
ChatterBot Delta round 2
ChatterBot Echo round 2
2024-10-14 17:45:14.497890 Hotel: We should add Delta
ChatterBot Echo reevaluating
ChatterBot November reevaluating
ChatterBot Quebec reevaluating
ChatterBot India reevaluating
2024-10-14 17:45:14.526467 Yankee: No
2024-10-14 17:45:14.526787 Echo: No
2024-10-14 17:45:14.527110 November: No
2024-10-14 17:45:14.527414 Quebec: No
2024-10-14 17:45:14.528067 India: No
2024-10-14 17:45:14.528520 Kilo: No
ChatterBot Echo reevaluating
ChatterBot November reevaluating
ChatterBot Quebec reevaluating
ChatterBot India reevaluating
ChatterBot November reevaluating
ChatterBot Quebec reevaluating
ChatterBot India reevaluating
ChatterBot Echo reevaluating
ChatterBot Quebec reevaluating
ChatterBot India reevaluating
ChatterBot Echo reevaluating
ChatterBot November reevaluating
ChatterBot India reevaluating
ChatterBot Echo reevaluating
ChatterBot November reevaluating
ChatterBot Quebec reevaluating
ChatterBot Hotel reevaluating
ChatterBot Echo reevaluating
ChatterBot November reevaluating
ChatterBot Quebec reevaluating
ChatterBot Hotel reevaluating
ChatterBot India reevaluating
2024-10-14 17:45:14.705409 November: We should add Romeo
ChatterBot Echo reevaluating
ChatterBot Quebec reevaluating
ChatterBot Hotel reevaluating
ChatterBot India reevaluating
2024-10-14 17:45:14.732377 Yankee: No
2024-10-14 17:45:14.732565 Echo: No
2024-10-14 17:45:14.732739 Quebec: No
2024-10-14 17:45:14.733273 Hotel: No
2024-10-14 17:45:14.733416 India: No
2024-10-14 17:45:14.733549 Kilo: No
ChatterBot Echo reevaluating
ChatterBot November reevaluating
ChatterBot Quebec reevaluating
ChatterBot Hotel reevaluating
ChatterBot India reevaluating
ChatterBot November reevaluating
ChatterBot Quebec reevaluating
ChatterBot Hotel reevaluating
ChatterBot India reevaluating
ChatterBot Echo reevaluating
ChatterBot November reevaluating
ChatterBot Hotel reevaluating
ChatterBot India reevaluating
ChatterBot Echo reevaluating
ChatterBot November reevaluating
ChatterBot Quebec reevaluating
ChatterBot India reevaluating
ChatterBot Echo reevaluating
ChatterBot November reevaluating
ChatterBot Quebec reevaluating
ChatterBot Hotel reevaluating
ChatterBot Echo reevaluating
ChatterBot November reevaluating
ChatterBot Quebec reevaluating
ChatterBot Hotel reevaluating
ChatterBot India reevaluating
2024-10-14 17:45:14.893262 Romeo: We should group up
ChatterBot Bravo reevaluating
2024-10-14 17:45:14.899672 Bravo: Yes
2024-10-14 17:45:14.899835 Delta: Yes
ChatterBot Bravo reevaluating
2024-10-14 17:45:14.926332 Kilo: We should drop India
ChatterBot Hotel reevaluating
ChatterBot Quebec reevaluating
ChatterBot November reevaluating
ChatterBot Echo reevaluating
2024-10-14 17:45:14.942886 Hotel: No
2024-10-14 17:45:14.943029 Quebec: No
2024-10-14 17:45:14.943130 Yankee: No
2024-10-14 17:45:14.943223 November: No
2024-10-14 17:45:14.943325 Echo: No
ChatterBot Quebec reevaluating
ChatterBot November reevaluating
ChatterBot Echo reevaluating
ChatterBot Hotel reevaluating
ChatterBot November reevaluating
ChatterBot Echo reevaluating
ChatterBot Kilo reevaluating
ChatterBot Hotel reevaluating
ChatterBot Quebec reevaluating
ChatterBot November reevaluating
ChatterBot Echo reevaluating
ChatterBot Kilo reevaluating
ChatterBot Hotel reevaluating
ChatterBot Quebec reevaluating
ChatterBot Echo reevaluating
ChatterBot Kilo reevaluating
ChatterBot Hotel reevaluating
ChatterBot Quebec reevaluating
ChatterBot November reevaluating
2024-10-14 17:45:15.124742 Delta: We should drop Hotel and Kilo
ChatterBot Bravo reevaluating
2024-10-14 17:45:15.133676 Romeo: Yes
2024-10-14 17:45:15.134868 Bravo: Yes
ChatterBot Bravo reevaluating
2024-10-14 17:45:15.151831 Hotel: Delta we want you to join our group
2024-10-14 17:45:15.157767 Delta: No
ChatterBot Hotel reevaluating
ChatterBot Kilo reevaluating
2024-10-14 17:45:15.190297 Yankee: Hotel, sending you 2
2024-10-14 17:45:15.191008 Romeo: Bravo, sending you 8
2024-10-14 17:45:15.191365 Quebec: Hotel, sending you 3
2024-10-14 17:45:15.192768 India: Hotel, Quebec, Yankee and November, sending you 1
2024-10-14 17:45:15.203396 Yankee: Quebec and Kilo, sending you 3
2024-10-14 17:45:15.204002 Romeo: Delta, sending you 6
2024-10-14 17:45:15.204341 Quebec: Kilo, Yankee, India, November and Echo, sending you 2
2024-10-14 17:45:15.205589 India: Kilo, sending you 3
2024-10-14 17:45:15.206063 November: Hotel, sending you 2
2024-10-14 17:45:15.208375 Yankee: India, November and Echo, sending you 4
2024-10-14 17:45:15.209686 Echo: Hotel, Quebec, India and November, sending you 2
2024-10-14 17:45:15.210232 India: Echo, sending you 2
2024-10-14 17:45:15.211407 Delta: Romeo, sending you 3
2024-10-14 17:45:15.211738 November: Quebec, Kilo, Yankee and Echo, sending you 3
2024-10-14 17:45:15.212216 Bravo: Delta, sending you 5
2024-10-14 17:45:15.213956 Hotel: Quebec and Yankee, sending you 3
2024-10-14 17:45:15.215813 Echo: Kilo, sending you 3
2024-10-14 17:45:15.216214 Delta: Bravo, sending you 13
2024-10-14 17:45:15.402047 Hotel: Kilo, November and Echo, sending you 2
2024-10-14 17:45:15.402795 Echo: Yankee, sending you 5
chatterbot Delta submitting transactions
chatterbot Romeo submitting transactions
2024-10-14 17:45:15.408879 Hotel: India, sending you 1
2024-10-14 17:45:15.410294 Kilo: Hotel, Quebec, November and Echo, sending you 3
2024-10-14 17:45:16.499874 Kilo: Yankee, sending you 4
chatterbot Yankee submitting transactions
chatterbot Echo submitting transactions
chatterbot India submitting transactions
chatterbot Quebec submitting transactions
chatterbot Bravo submitting transactions
chatterbot November submitting transactions
chatterbot Kilo submitting transactions
chatterbot Hotel submitting transactions
ChatterBot Hotel round 3
ChatterBot Quebec round 3
ChatterBot Romeo round 3
ChatterBot Kilo round 3
ChatterBot Yankee round 3
ChatterBot India round 3
ChatterBot November round 3
ChatterBot Bravo round 3
ChatterBot Delta round 3
2024-10-14 17:45:17.323784 Kilo: We should replace Echo with India
ChatterBot Quebec reevaluating
2024-10-14 17:45:17.342450 Hotel: No
2024-10-14 17:45:17.342667 Quebec: No
2024-10-14 17:45:17.342905 Yankee: No
2024-10-14 17:45:17.343077 November: No
ChatterBot Kilo reevaluating
ChatterBot Quebec reevaluating
ChatterBot Kilo reevaluating
ChatterBot Kilo reevaluating
ChatterBot Quebec reevaluating
ChatterBot Kilo reevaluating
ChatterBot Quebec reevaluating
ChatterBot Echo round 3
2024-10-14 17:45:17.521910 Kilo: India we want you to join our group
2024-10-14 17:45:17.525938 India: Yes
ChatterBot Kilo reevaluating
2024-10-14 17:45:17.542144 Romeo: Sending you each 7
2024-10-14 17:45:17.550128 November: Hotel, Quebec, India and Echo, sending you 2
2024-10-14 17:45:17.554987 Quebec: Hotel, sending you 3
2024-10-14 17:45:17.557147 Hotel: Quebec, sending you 4
2024-10-14 17:45:17.558728 Yankee: Hotel, Quebec and November, sending you 3
2024-10-14 17:45:17.559715 Delta: Sending you each 8
2024-10-14 17:45:17.560788 India: Hotel, Quebec and November, sending you 1
2024-10-14 17:45:17.562097 Bravo: Romeo, sending you 3
2024-10-14 17:45:17.563475 November: Kilo and Yankee, sending you 3
2024-10-14 17:45:17.564287 Quebec: Kilo, Yankee, India, November and Echo, sending you 2
2024-10-14 17:45:17.565851 Hotel: Kilo, Yankee, November and Echo, sending you 2
2024-10-14 17:45:17.566795 Yankee: Kilo, sending you 4
2024-10-14 17:45:17.568201 India: Kilo, Yankee and Echo, sending you 2
2024-10-14 17:45:17.569083 Bravo: Delta, sending you 4
2024-10-14 17:45:17.570216 Echo: Hotel, Quebec and India, sending you 2
2024-10-14 17:45:17.571171 Hotel: India, sending you 1
2024-10-14 17:45:17.573074 Yankee: India, sending you 2
2024-10-14 17:45:17.575689 Echo: Kilo and November, sending you 3
2024-10-14 17:45:17.577742 Kilo: Hotel, Quebec, India and November, sending you 3
2024-10-14 17:45:17.578684 Yankee: Echo, sending you 5
2024-10-14 17:45:17.580686 Kilo: Yankee, sending you 4
2024-10-14 17:45:17.582689 Echo: Yankee, sending you 4
chatterbot India submitting transactions
chatterbot November submitting transactions
chatterbot Echo submitting transactions
chatterbot Delta submitting transactions
chatterbot Hotel submitting transactions
chatterbot Yankee submitting transactions
chatterbot Romeo submitting transactions
chatterbot Bravo submitting transactions
chatterbot Kilo submitting transactions
chatterbot Quebec submitting transactions
ChatterBot Hotel round 4
ChatterBot Quebec round 4
ChatterBot Romeo round 4
ChatterBot Kilo round 4
ChatterBot Yankee round 4
ChatterBot India round 4
ChatterBot November round 4
ChatterBot Bravo round 4
ChatterBot Delta round 4
ChatterBot Echo round 4
2024-10-14 17:45:18.687935 Kilo: We should replace India with Echo
ChatterBot Quebec reevaluating
2024-10-14 17:45:18.696101 Hotel: No
2024-10-14 17:45:18.696634 Quebec: Yes
2024-10-14 17:45:18.696784 Yankee: No
2024-10-14 17:45:18.696891 November: No
ChatterBot Kilo reevaluating
ChatterBot Quebec reevaluating
ChatterBot Kilo reevaluating
ChatterBot Kilo reevaluating
ChatterBot Quebec reevaluating
ChatterBot Kilo reevaluating
ChatterBot Quebec reevaluating
2024-10-14 17:45:18.739952 Kilo: We should replace Quebec with Echo
2024-10-14 17:45:18.746753 Hotel: No
2024-10-14 17:45:18.746889 Yankee: No
2024-10-14 17:45:18.746989 India: No
2024-10-14 17:45:18.747084 November: No
ChatterBot Kilo reevaluating
ChatterBot Kilo reevaluating
ChatterBot Kilo reevaluating
ChatterBot Kilo reevaluating
2024-10-14 17:45:18.777022 Quebec: We should drop India
ChatterBot Kilo reevaluating
2024-10-14 17:45:18.785975 Kilo: Yes
2024-10-14 17:45:18.786122 Hotel: No
2024-10-14 17:45:18.786218 Yankee: No
2024-10-14 17:45:18.786301 November: No
2024-10-14 17:45:18.786383 Echo: No
ChatterBot Kilo reevaluating
ChatterBot Quebec reevaluating
ChatterBot Kilo reevaluating
ChatterBot Quebec reevaluating
ChatterBot Kilo reevaluating
ChatterBot Quebec reevaluating
ChatterBot Kilo reevaluating
ChatterBot Quebec reevaluating
2024-10-14 17:45:18.833519 Hotel: Quebec, sending you 3
2024-10-14 17:45:18.836654 Hotel: Kilo, Yankee, India, November and Echo, sending you 2
2024-10-14 17:45:18.837692 Yankee: Hotel, Quebec, India and November, sending you 3
2024-10-14 17:45:18.838939 Delta: Same as last round
2024-10-14 17:45:18.839268 Bravo: Romeo, sending you 3
2024-10-14 17:45:18.839607 India: Hotel, Quebec and November, sending you 1
2024-10-14 17:45:18.840377 November: Hotel and Quebec, sending you 2
2024-10-14 17:45:18.841759 Kilo: Echo we want you to join our group
2024-10-14 17:45:18.844592 Echo: Yes
ChatterBot Kilo reevaluating
2024-10-14 17:45:18.857670 Yankee: Kilo and Echo, sending you 4
2024-10-14 17:45:18.858212 Bravo: Delta, sending you 4
2024-10-14 17:45:18.858465 India: Kilo, Yankee and Echo, sending you 2
2024-10-14 17:45:18.858967 November: Kilo, Yankee and Echo, sending you 3
2024-10-14 17:45:18.859910 Echo: Hotel, Quebec, Kilo and India, sending you 2
2024-10-14 17:45:18.863677 Echo: Yankee, sending you 5
2024-10-14 17:45:18.864312 Quebec: Hotel, sending you 3
2024-10-14 17:45:18.864929 Romeo: Bravo, sending you 6
2024-10-14 17:45:18.865219 November: India, sending you 1
2024-10-14 17:45:18.866690 Echo: November, sending you 3
2024-10-14 17:45:18.868690 Quebec: Kilo, Yankee, India, November and Echo, sending you 2
2024-10-14 17:45:18.869956 Romeo: Delta, sending you 8
2024-10-14 17:45:18.887686 Kilo: Hotel, India, November and Echo, sending you 3
2024-10-14 17:45:18.891679 Kilo: Yankee, sending you 4
chatterbot November submitting transactions
chatterbot Delta submitting transactions
chatterbot India submitting transactions
chatterbot Bravo submitting transactions
chatterbot Romeo submitting transactions
chatterbot Hotel submitting transactions
chatterbot Yankee submitting transactions
chatterbot Echo submitting transactions
chatterbot Quebec submitting transactions
chatterbot Kilo submitting transactions
ChatterBot Hotel round 5
ChatterBot Quebec round 5
ChatterBot Romeo round 5
ChatterBot Kilo round 5
ChatterBot Yankee round 5
ChatterBot India round 5
2024-10-14 17:45:19.960217 Kilo: We should replace India with Quebec
2024-10-14 17:45:19.969568 Hotel: No
2024-10-14 17:45:19.969773 Yankee: No
2024-10-14 17:45:19.969942 November: No
2024-10-14 17:45:19.970107 Echo: No
ChatterBot November round 5
ChatterBot Bravo round 5
ChatterBot Delta round 5
ChatterBot Echo round 5
2024-10-14 17:45:20.017269 Kilo: Quebec we want you to join our group
2024-10-14 17:45:20.019847 Quebec: Yes
2024-10-14 17:45:20.039083 Quebec: We should drop India
2024-10-14 17:45:20.048634 Kilo: Yes
2024-10-14 17:45:20.048819 Hotel: No
2024-10-14 17:45:20.048962 Yankee: No
2024-10-14 17:45:20.049060 November: No
2024-10-14 17:45:20.049161 Echo: No
2024-10-14 17:45:20.099663 Romeo: Bravo, sending you 6
2024-10-14 17:45:20.100684 Hotel: Quebec, sending you 3
2024-10-14 17:45:20.103685 Romeo: Delta, sending you 8
2024-10-14 17:45:20.104700 Hotel: Kilo, Yankee, India, November and Echo, sending you 2
2024-10-14 17:45:20.105308 Bravo: Romeo, sending you 3
2024-10-14 17:45:20.108064 Yankee: Hotel, Quebec and November, sending you 3
2024-10-14 17:45:20.108656 Delta: Same as last round
2024-10-14 17:45:20.109691 Bravo: Delta, sending you 4
2024-10-14 17:45:20.109929 Kilo: Hotel, Quebec, November and Echo, sending you 3
2024-10-14 17:45:20.110681 Echo: Hotel, Quebec and India, sending you 2
2024-10-14 17:45:20.112668 Yankee: Kilo, sending you 4
2024-10-14 17:45:20.113385 Kilo: Yankee, sending you 4
2024-10-14 17:45:20.113935 Echo: Kilo and November, sending you 3
2024-10-14 17:45:20.114657 Quebec: Hotel, sending you 4
2024-10-14 17:45:20.115682 November: Hotel and Quebec, sending you 2
2024-10-14 17:45:20.116655 Yankee: India, sending you 2
2024-10-14 17:45:20.117200 Echo: Yankee, sending you 4
2024-10-14 17:45:20.118157 Quebec: Kilo, November and Echo, sending you 2
2024-10-14 17:45:20.118688 India: Hotel, Quebec and November, sending you 1
2024-10-14 17:45:20.120680 November: Kilo, Yankee and Echo, sending you 3
2024-10-14 17:45:20.121671 Yankee: Echo, sending you 5
2024-10-14 17:45:20.122476 Quebec: Yankee, sending you 3
2024-10-14 17:45:20.123678 India: Kilo, Yankee and Echo, sending you 2
2024-10-14 17:45:20.124303 November: India, sending you 1
chatterbot Romeo submitting transactions
chatterbot November submitting transactions
chatterbot Hotel submitting transactions
chatterbot Echo submitting transactions
chatterbot Bravo submitting transactions
chatterbot India submitting transactions
chatterbot Quebec submitting transactions
chatterbot Delta submitting transactions
chatterbot Kilo submitting transactions
chatterbot Yankee submitting transactions
ChatterBot Hotel round 6
ChatterBot Quebec round 6
ChatterBot Romeo round 6
ChatterBot Kilo round 6
ChatterBot Yankee round 6
ChatterBot India round 6
ChatterBot November round 6
ChatterBot Bravo round 6
ChatterBot Delta round 6
ChatterBot Echo round 6
2024-10-14 17:45:21.259185 Hotel: Quebec, sending you 3
2024-10-14 17:45:21.260300 November: Hotel and Quebec, sending you 2
2024-10-14 17:45:21.260969 Quebec: Hotel, sending you 4
2024-10-14 17:45:21.261374 Romeo: Bravo, sending you 6
2024-10-14 17:45:21.262287 Bravo: Romeo, sending you 3
2024-10-14 17:45:21.262677 India: Hotel, Quebec and November, sending you 1
2024-10-14 17:45:21.263701 Yankee: Hotel, Quebec, India and November, sending you 3
2024-10-14 17:45:21.265518 November: Kilo, Yankee and Echo, sending you 3
2024-10-14 17:45:21.266075 Quebec: Kilo, November and Echo, sending you 2
2024-10-14 17:45:21.266457 Hotel: Kilo, Yankee, India, November and Echo, sending you 2
2024-10-14 17:45:21.267037 Delta: Same as last round
2024-10-14 17:45:21.267314 Bravo: Delta, sending you 4
2024-10-14 17:45:21.268168 Romeo: Delta, sending you 8
2024-10-14 17:45:21.268553 India: Kilo, Yankee and Echo, sending you 2
2024-10-14 17:45:21.269696 Yankee: Kilo and Echo, sending you 4
2024-10-14 17:45:21.270906 November: India, sending you 1
2024-10-14 17:45:21.271515 Quebec: Yankee, sending you 3
2024-10-14 17:45:21.271927 Kilo: Hotel, Quebec, November and Echo, sending you 3
2024-10-14 17:45:21.274676 Kilo: Yankee, sending you 4
2024-10-14 17:45:21.278040 Echo: Hotel, Quebec and India, sending you 2
2024-10-14 17:45:21.281658 Echo: Kilo and November, sending you 3
2024-10-14 17:45:21.285679 Echo: Yankee, sending you 4
chatterbot Bravo submitting transactions
chatterbot November submitting transactions
chatterbot Echo submitting transactions
chatterbot Hotel submitting transactions
chatterbot Delta submitting transactions
chatterbot Quebec submitting transactions
chatterbot Romeo submitting transactions
chatterbot India submitting transactions
chatterbot Yankee submitting transactions
chatterbot Kilo submitting transactions
ChatterBot Hotel round 7
ChatterBot Quebec round 7
ChatterBot Romeo round 7
ChatterBot Kilo round 7
ChatterBot Yankee round 7
ChatterBot India round 7
2024-10-14 17:45:22.381490 Kilo: We should replace Quebec with India
2024-10-14 17:45:22.396348 Hotel: No
2024-10-14 17:45:22.396554 Yankee: No
2024-10-14 17:45:22.396719 November: No
2024-10-14 17:45:22.396873 Echo: No
ChatterBot Kilo reevaluating
ChatterBot Kilo reevaluating
ChatterBot Kilo reevaluating
ChatterBot Kilo reevaluating
ChatterBot November round 7
ChatterBot Bravo round 7
ChatterBot Delta round 7
ChatterBot Echo round 7
2024-10-14 17:45:22.507908 Kilo: We should replace Hotel with India
2024-10-14 17:45:22.517751 Quebec: No
2024-10-14 17:45:22.518009 Yankee: No
2024-10-14 17:45:22.518482 November: No
2024-10-14 17:45:22.518708 Echo: No
ChatterBot Kilo reevaluating
ChatterBot Kilo reevaluating
ChatterBot Kilo reevaluating
ChatterBot Kilo reevaluating
2024-10-14 17:45:22.579689 Hotel: Quebec, sending you 3
2024-10-14 17:45:22.582204 Kilo: India we want you to join our group
2024-10-14 17:45:22.586112 India: Yes
ChatterBot Kilo reevaluating
ChatterBot Quebec reevaluating
2024-10-14 17:45:22.601704 Quebec: We should add India
ChatterBot Kilo reevaluating
2024-10-14 17:45:22.614146 Kilo: Yes
2024-10-14 17:45:22.614306 Hotel: Yes
2024-10-14 17:45:22.614449 Yankee: Yes
2024-10-14 17:45:22.614580 November: Yes
2024-10-14 17:45:22.615330 Echo: Yes
ChatterBot Quebec reevaluating
ChatterBot Kilo reevaluating
ChatterBot Quebec reevaluating
ChatterBot Kilo reevaluating
ChatterBot Quebec reevaluating
ChatterBot Kilo reevaluating
ChatterBot Quebec reevaluating
ChatterBot Kilo reevaluating
ChatterBot Quebec reevaluating
2024-10-14 17:45:22.671486 Hotel: Kilo, Yankee, India, November and Echo, sending you 2
2024-10-14 17:45:22.674673 Yankee: Hotel, Quebec, India and November, sending you 3
2024-10-14 17:45:22.675408 November: Hotel and Quebec, sending you 2
2024-10-14 17:45:22.676075 Romeo: Bravo, sending you 6
2024-10-14 17:45:22.676312 Delta: Same as last round
2024-10-14 17:45:22.676683 India: Hotel, Yankee and Echo, sending you 2
2024-10-14 17:45:22.677531 Bravo: Romeo, sending you 3
2024-10-14 17:45:22.678680 Yankee: Kilo and Echo, sending you 4
2024-10-14 17:45:22.679663 November: Kilo, Yankee and Echo, sending you 3
2024-10-14 17:45:22.680697 Romeo: Delta, sending you 8
2024-10-14 17:45:22.680983 India: Quebec, Kilo and November, sending you 1
2024-10-14 17:45:22.682684 Bravo: Delta, sending you 4
2024-10-14 17:45:22.683674 November: India, sending you 1
2024-10-14 17:45:22.684359 Echo: Hotel, Quebec and India, sending you 2
2024-10-14 17:45:22.688663 Echo: Kilo and November, sending you 3
2024-10-14 17:45:22.692660 Echo: Yankee, sending you 4
2024-10-14 17:45:22.710666 Kilo: Quebec, India, November and Echo, sending you 3
2024-10-14 17:45:22.715659 Kilo: Yankee, sending you 4
chatterbot Bravo submitting transactions
chatterbot Hotel submitting transactions
chatterbot November submitting transactions
chatterbot Echo submitting transactions
chatterbot Yankee submitting transactions
chatterbot Romeo submitting transactions
chatterbot Kilo submitting transactions
chatterbot India submitting transactions
chatterbot Delta submitting transactions
chatterbot Quebec submitting transactions
ChatterBot Hotel round 8
ChatterBot Quebec round 8
ChatterBot Romeo round 8
ChatterBot Kilo round 8
ChatterBot Yankee round 8
ChatterBot India round 8
ChatterBot November round 8
ChatterBot Bravo round 8
ChatterBot Delta round 8
ChatterBot Echo round 8
2024-10-14 17:45:23.873666 Romeo: Bravo, sending you 6
2024-10-14 17:45:23.876677 November: Hotel and Quebec, sending you 2
2024-10-14 17:45:23.878245 Bravo: Romeo, sending you 3
2024-10-14 17:45:23.878693 Romeo: Delta, sending you 8
2024-10-14 17:45:23.878987 Yankee: Hotel, Quebec, India and November, sending you 3
2024-10-14 17:45:23.879752 India: Hotel, Kilo, Yankee and Echo, sending you 2
2024-10-14 17:45:23.880680 November: Kilo, Yankee and Echo, sending you 3
2024-10-14 17:45:23.881550 Echo: Hotel, Quebec and India, sending you 2
2024-10-14 17:45:23.882908 Bravo: Delta, sending you 4
2024-10-14 17:45:23.883243 Kilo: Quebec, India, November and Echo, sending you 3
2024-10-14 17:45:23.883846 Hotel: Quebec, sending you 3
2024-10-14 17:45:23.885380 Yankee: Kilo and Echo, sending you 4
2024-10-14 17:45:23.886372 India: November, sending you 1
2024-10-14 17:45:23.887344 November: India, sending you 1
2024-10-14 17:45:23.888483 Echo: Kilo and November, sending you 3
2024-10-14 17:45:23.889267 Kilo: Yankee, sending you 4
2024-10-14 17:45:23.889692 Hotel: Kilo, Yankee, India, November and Echo, sending you 2
2024-10-14 17:45:23.892692 Echo: Yankee, sending you 4
2024-10-14 17:45:23.894520 Delta: Romeo, sending you 9
2024-10-14 17:45:23.898675 Delta: Bravo, sending you 7
chatterbot Hotel submitting transactions
chatterbot Echo submitting transactions
chatterbot Kilo submitting transactions
chatterbot Bravo submitting transactions
chatterbot Yankee submitting transactions
chatterbot November submitting transactions
chatterbot Romeo submitting transactions
chatterbot Delta submitting transactions
chatterbot India submitting transactions
chatterbot Quebec submitting transactions
ChatterBot Hotel round 9
ChatterBot Quebec round 9
ChatterBot Romeo round 9
ChatterBot Kilo round 9
ChatterBot Yankee round 9
ChatterBot India round 9
ChatterBot November round 9
2024-10-14 17:45:25.103499 Quebec: We should add India
ChatterBot Kilo reevaluating
2024-10-14 17:45:25.121273 Kilo: No
2024-10-14 17:45:25.121457 Hotel: Yes
2024-10-14 17:45:25.121620 Yankee: Yes
2024-10-14 17:45:25.121812 November: Yes
2024-10-14 17:45:25.121967 Echo: Yes
ChatterBot Quebec reevaluating
ChatterBot Kilo reevaluating
ChatterBot Quebec reevaluating
ChatterBot Kilo reevaluating
ChatterBot Quebec reevaluating
ChatterBot Kilo reevaluating
ChatterBot Quebec reevaluating
ChatterBot Kilo reevaluating
ChatterBot Quebec reevaluating
ChatterBot Bravo round 9
ChatterBot Delta round 9
ChatterBot Echo round 9
2024-10-14 17:45:25.219683 India: Hotel, Kilo, Yankee and Echo, sending you 2
2024-10-14 17:45:25.222691 Hotel: Quebec, sending you 3
2024-10-14 17:45:25.223800 November: Hotel and Quebec, sending you 2
2024-10-14 17:45:25.224574 Kilo: Quebec, India, November and Echo, sending you 3
2024-10-14 17:45:25.225003 India: November, sending you 1
2024-10-14 17:45:25.225699 Romeo: Bravo, sending you 6
2024-10-14 17:45:25.226672 Bravo: Romeo, sending you 3
2024-10-14 17:45:25.226984 Yankee: Hotel, Quebec, India and November, sending you 3
2024-10-14 17:45:25.228123 Hotel: Kilo, Yankee, India, November and Echo, sending you 2
2024-10-14 17:45:25.228848 November: Kilo, Yankee and Echo, sending you 3
2024-10-14 17:45:25.229514 Kilo: Yankee, sending you 4
2024-10-14 17:45:25.229903 Echo: Hotel, Quebec and India, sending you 2
2024-10-14 17:45:25.230548 Romeo: Delta, sending you 8
2024-10-14 17:45:25.231660 Bravo: Delta, sending you 4
2024-10-14 17:45:25.231960 Yankee: Kilo and Echo, sending you 4
2024-10-14 17:45:25.233659 November: India, sending you 1
2024-10-14 17:45:25.234674 Echo: Kilo and November, sending you 3
2024-10-14 17:45:25.235674 Delta: Romeo, sending you 9
2024-10-14 17:45:25.239031 Echo: Yankee, sending you 4
2024-10-14 17:45:25.240678 Delta: Bravo, sending you 7
chatterbot Quebec submitting transactions
chatterbot Kilo submitting transactions
chatterbot Hotel submitting transactions
chatterbot India submitting transactions
chatterbot Romeo submitting transactions
chatterbot Bravo submitting transactions
chatterbot Echo submitting transactions
chatterbot Delta submitting transactions
chatterbot Yankee submitting transactions
chatterbot November submitting transactions
ChatterBot Hotel round 10
ChatterBot Quebec round 10
ChatterBot Romeo round 10
ChatterBot Kilo round 10
ChatterBot Yankee round 10
ChatterBot India round 10
ChatterBot November round 10
ChatterBot Bravo round 10
ChatterBot Delta round 10
ChatterBot Echo round 10
2024-10-14 17:45:26.468925 Bravo: Romeo, sending you 3
2024-10-14 17:45:26.470662 Yankee: Hotel, Quebec, India and November, sending you 3
2024-10-14 17:45:26.471485 Kilo: Quebec, India, November and Echo, sending you 3
2024-10-14 17:45:26.472650 Romeo: Bravo, sending you 6
2024-10-14 17:45:26.473012 Bravo: Delta, sending you 4
2024-10-14 17:45:26.473833 India: Hotel, Kilo, Yankee and Echo, sending you 2
2024-10-14 17:45:26.474741 Kilo: Yankee, sending you 4
2024-10-14 17:45:26.475696 Yankee: Kilo and Echo, sending you 4
2024-10-14 17:45:26.476703 Delta: Romeo, sending you 9
2024-10-14 17:45:26.477666 Romeo: Delta, sending you 8
2024-10-14 17:45:26.478815 India: November, sending you 1
2024-10-14 17:45:26.479768 November: Hotel and Quebec, sending you 2
2024-10-14 17:45:26.480661 Echo: Hotel, Quebec and India, sending you 2
2024-10-14 17:45:26.481508 Delta: Bravo, sending you 7
2024-10-14 17:45:26.484084 November: Kilo, Yankee and Echo, sending you 3
2024-10-14 17:45:26.485446 Hotel: Quebec, sending you 3
2024-10-14 17:45:26.487036 Echo: Kilo and November, sending you 3
2024-10-14 17:45:26.488704 November: India, sending you 1
2024-10-14 17:45:26.491675 Hotel: Kilo, Yankee, India, November and Echo, sending you 2
2024-10-14 17:45:26.493002 Echo: Yankee, sending you 4
chatterbot India submitting transactions
chatterbot Delta submitting transactions
chatterbot Romeo submitting transactions
chatterbot Quebec submitting transactions
chatterbot Hotel submitting transactions
chatterbot November submitting transactions
chatterbot Echo submitting transactions
chatterbot Yankee submitting transactions
chatterbot Kilo submitting transactions
chatterbot Bravo submitting transactions
ChatterBot Hotel round 11
ChatterBot Quebec round 11
ChatterBot Romeo round 11
ChatterBot Kilo round 11
ChatterBot Yankee round 11
ChatterBot India round 11
ChatterBot November round 11
ChatterBot Bravo round 11
ChatterBot Delta round 11
ChatterBot Echo round 11
2024-10-14 17:45:27.798693 Hotel: Quebec and Yankee, sending you 3
2024-10-14 17:45:27.801229 India: Hotel, Kilo, Yankee and Echo, sending you 2
2024-10-14 17:45:27.803592 Bravo: Sending you each 4
2024-10-14 17:45:27.804674 Hotel: Kilo, sending you 1
2024-10-14 17:45:27.807973 India: November, sending you 1
2024-10-14 17:45:27.810436 Romeo: Bravo, sending you 6
2024-10-14 17:45:27.810961 Delta: Romeo, sending you 9
2024-10-14 17:45:27.811653 Echo: Hotel, Quebec and India, sending you 2
2024-10-14 17:45:27.814137 Kilo: Quebec, India, November and Echo, sending you 3
2024-10-14 17:45:27.815998 Hotel: India, November and Echo, sending you 2
2024-10-14 17:45:27.819317 November: Hotel and Quebec, sending you 2
2024-10-14 17:45:27.822089 Yankee: Hotel, Quebec, India and November, sending you 3
2024-10-14 17:45:27.825204 Romeo: Delta, sending you 8
2024-10-14 17:45:27.826703 Delta: Bravo, sending you 7
2024-10-14 17:45:27.827454 Echo: Kilo and November, sending you 3
2024-10-14 17:45:27.830447 Kilo: Yankee, sending you 4
2024-10-14 17:45:27.832147 November: Kilo, Yankee and Echo, sending you 3
2024-10-14 17:45:27.835705 Yankee: Kilo and Echo, sending you 4
2024-10-14 17:45:27.839281 Echo: Yankee, sending you 4
2024-10-14 17:45:27.842831 November: India, sending you 1
chatterbot Quebec submitting transactions
chatterbot Romeo submitting transactions
chatterbot Delta submitting transactions
chatterbot Hotel submitting transactions
chatterbot Kilo submitting transactions
chatterbot Echo submitting transactions
chatterbot November submitting transactions
chatterbot India submitting transactions
chatterbot Bravo submitting transactions
chatterbot Yankee submitting transactions
ChatterBot Hotel round 12
ChatterBot Quebec round 12
ChatterBot Romeo round 12
ChatterBot Kilo round 12
ChatterBot Yankee round 12
ChatterBot India round 12
ChatterBot November round 12
ChatterBot Bravo round 12
ChatterBot Delta round 12
ChatterBot Echo round 12
2024-10-14 17:45:29.029217 Romeo: Bravo, sending you 6
2024-10-14 17:45:29.029764 November: Hotel and Quebec, sending you 2
2024-10-14 17:45:29.031694 Hotel: Quebec and Yankee, sending you 3
2024-10-14 17:45:29.033697 Romeo: Delta, sending you 8
2024-10-14 17:45:29.035687 November: Kilo, Yankee and Echo, sending you 3
2024-10-14 17:45:29.036853 India: Hotel, Kilo, Yankee and Echo, sending you 2
2024-10-14 17:45:29.038281 Delta: Romeo, sending you 9
2024-10-14 17:45:29.038560 Hotel: Kilo, sending you 1
2024-10-14 17:45:29.039595 Kilo: Quebec, India, November and Echo, sending you 3
2024-10-14 17:45:29.040167 Yankee: Hotel, Quebec, India and November, sending you 3
2024-10-14 17:45:29.041509 November: India, sending you 1
2024-10-14 17:45:29.044013 Bravo: Same as last round
2024-10-14 17:45:29.044532 India: November, sending you 1
2024-10-14 17:45:29.046562 Delta: Bravo, sending you 7
2024-10-14 17:45:29.046935 Hotel: India, November and Echo, sending you 2
2024-10-14 17:45:29.048566 Kilo: Yankee, sending you 4
2024-10-14 17:45:29.049335 Yankee: Kilo and Echo, sending you 4
2024-10-14 17:45:29.053686 Echo: Hotel, Quebec and India, sending you 2
2024-10-14 17:45:29.057670 Echo: Kilo and November, sending you 3
2024-10-14 17:45:29.061676 Echo: Yankee, sending you 4
chatterbot Yankee submitting transactions
chatterbot Romeo submitting transactions
chatterbot Quebec submitting transactions
chatterbot Hotel submitting transactions
chatterbot Bravo submitting transactions
chatterbot November submitting transactions
chatterbot India submitting transactions
chatterbot Delta submitting transactions
chatterbot Echo submitting transactions
chatterbot Kilo submitting transactions
ChatterBot Hotel round 13
ChatterBot Quebec round 13
ChatterBot Romeo round 13
ChatterBot Kilo round 13
ChatterBot Yankee round 13
ChatterBot India round 13
ChatterBot November round 13
ChatterBot Bravo round 13
ChatterBot Delta round 13
ChatterBot Echo round 13
2024-10-14 17:45:30.240659 Hotel: Quebec and Yankee, sending you 3
2024-10-14 17:45:30.244702 Hotel: Kilo, sending you 1
2024-10-14 17:45:30.248663 Romeo: Bravo, sending you 6
2024-10-14 17:45:30.249675 November: Hotel and Quebec, sending you 2
2024-10-14 17:45:30.251089 India: Hotel, Kilo, Yankee and Echo, sending you 2
2024-10-14 17:45:30.253065 Hotel: India, November and Echo, sending you 2
2024-10-14 17:45:30.254131 Bravo: Same as last round
2024-10-14 17:45:30.254457 Romeo: Delta, sending you 8
2024-10-14 17:45:30.254774 Yankee: Hotel, Quebec, India and November, sending you 3
2024-10-14 17:45:30.256203 Kilo: Quebec, India, November and Echo, sending you 3
2024-10-14 17:45:30.256697 November: Kilo, Yankee and Echo, sending you 3
2024-10-14 17:45:30.257548 India: November, sending you 1
2024-10-14 17:45:30.259094 Delta: Romeo, sending you 9
2024-10-14 17:45:30.259737 Kilo: Yankee, sending you 4
2024-10-14 17:45:30.260781 November: India, sending you 1
2024-10-14 17:45:30.262959 Yankee: Kilo and Echo, sending you 4
2024-10-14 17:45:30.264927 Delta: Bravo, sending you 7
2024-10-14 17:45:30.267689 Echo: Hotel, Quebec and India, sending you 2
2024-10-14 17:45:30.272665 Echo: Kilo and November, sending you 3
2024-10-14 17:45:30.276693 Echo: Yankee, sending you 4
chatterbot Hotel submitting transactions
chatterbot Bravo submitting transactions
chatterbot Echo submitting transactions
chatterbot Yankee submitting transactions
chatterbot November submitting transactions
chatterbot India submitting transactions
chatterbot Quebec submitting transactions
chatterbot Kilo submitting transactions
chatterbot Romeo submitting transactions
chatterbot Delta submitting transactions
ChatterBot Hotel round 14
ChatterBot Quebec round 14
ChatterBot Romeo round 14
ChatterBot Kilo round 14
ChatterBot Yankee round 14
ChatterBot India round 14
ChatterBot November round 14
ChatterBot Bravo round 14
ChatterBot Delta round 14
ChatterBot Echo round 14
2024-10-14 17:45:31.422169 Romeo: Bravo, sending you 6
2024-10-14 17:45:31.423678 Yankee: Hotel, Quebec, India and November, sending you 3
2024-10-14 17:45:31.425726 Kilo: Quebec, India, November and Echo, sending you 3
2024-10-14 17:45:31.427072 Romeo: Delta, sending you 8
2024-10-14 17:45:31.427809 Hotel: Quebec and Yankee, sending you 3
2024-10-14 17:45:31.430341 Echo: Hotel, Quebec and India, sending you 2
2024-10-14 17:45:31.432864 Yankee: Kilo and Echo, sending you 4
2024-10-14 17:45:31.437082 India: Hotel, Kilo, Yankee and Echo, sending you 2
2024-10-14 17:45:31.439852 Kilo: Yankee, sending you 4
2024-10-14 17:45:31.440961 November: Hotel and Quebec, sending you 2
2024-10-14 17:45:31.443455 Hotel: Kilo, sending you 1
2024-10-14 17:45:31.445887 Delta: Romeo, sending you 9
2024-10-14 17:45:31.446542 Echo: Kilo and November, sending you 3
2024-10-14 17:45:31.450180 India: November, sending you 1
2024-10-14 17:45:31.451603 Bravo: Same as last round
2024-10-14 17:45:31.452058 November: Kilo, Yankee and Echo, sending you 3
2024-10-14 17:45:31.453472 Hotel: India, November and Echo, sending you 2
2024-10-14 17:45:31.454893 Delta: Bravo, sending you 7
2024-10-14 17:45:31.455363 Echo: Yankee, sending you 4
2024-10-14 17:45:31.456878 November: India, sending you 1
chatterbot Echo submitting transactions
chatterbot Yankee submitting transactions
chatterbot Kilo submitting transactions
chatterbot Romeo submitting transactions
chatterbot Quebec submitting transactions
chatterbot Bravo submitting transactions
chatterbot Hotel submitting transactions
chatterbot November submitting transactions
chatterbot Delta submitting transactions
chatterbot India submitting transactions
ChatterBot Hotel round 15
ChatterBot Quebec round 15
ChatterBot Romeo round 15
ChatterBot Kilo round 15
ChatterBot Yankee round 15
ChatterBot India round 15
ChatterBot November round 15
ChatterBot Bravo round 15
ChatterBot Delta round 15
ChatterBot Echo round 15
