ChatterBot Yankee round 1
ChatterBot Delta round 1
ChatterBot Hotel round 1
ChatterBot Charlie round 1
ChatterBot India round 1
ChatterBot Foxtrot round 1
ChatterBot Victor round 1
ChatterBot Kilo round 1
ChatterBot Quebec round 1
ChatterBot Papa round 1
randomSelections Yankee: {Yankee, Victor, Foxtrot, Papa, Delta, Kilo} 
2024-10-14 17:45:12.080485 Yankee: Let's form a team
ChatterBot Victor reevaluating
ChatterBot Foxtrot reevaluating
ChatterBot Papa reevaluating
ChatterBot Delta reevaluating
ChatterBot Kilo reevaluating
2024-10-14 17:45:12.160811 Victor: Yes
2024-10-14 17:45:12.161242 Foxtrot: Yes
2024-10-14 17:45:12.161854 Papa: Yes
2024-10-14 17:45:12.162106 Delta: Yes
2024-10-14 17:45:12.163224 Kilo: Yes
ChatterBot Foxtrot reevaluating
ChatterBot Papa reevaluating
ChatterBot Delta reevaluating
ChatterBot Kilo reevaluating
ChatterBot Victor reevaluating
ChatterBot Papa reevaluating
ChatterBot Delta reevaluating
ChatterBot Kilo reevaluating
ChatterBot Victor reevaluating
ChatterBot Foxtrot reevaluating
ChatterBot Delta reevaluating
ChatterBot Kilo reevaluating
ChatterBot Victor reevaluating
ChatterBot Foxtrot reevaluating
ChatterBot Papa reevaluating
ChatterBot Kilo reevaluating
ChatterBot Victor reevaluating
ChatterBot Foxtrot reevaluating
ChatterBot Papa reevaluating
ChatterBot Delta reevaluating
randomSelections India: {India, Papa, Foxtrot, Victor, Kilo, Hotel} 
2024-10-14 17:45:12.249200 India: Can we be friends?
ChatterBot Papa reevaluating
ChatterBot Foxtrot reevaluating
ChatterBot Victor reevaluating
ChatterBot Kilo reevaluating
ChatterBot Hotel reevaluating
2024-10-14 17:45:12.260173 Papa: No
2024-10-14 17:45:12.260551 Foxtrot: No
2024-10-14 17:45:12.260806 Victor: No
2024-10-14 17:45:12.261003 Kilo: No
2024-10-14 17:45:12.261737 Hotel: Yes
ChatterBot Foxtrot reevaluating
ChatterBot Victor reevaluating
ChatterBot Kilo reevaluating
ChatterBot Hotel reevaluating
ChatterBot Papa reevaluating
ChatterBot Victor reevaluating
ChatterBot Kilo reevaluating
ChatterBot Hotel reevaluating
ChatterBot Papa reevaluating
ChatterBot Foxtrot reevaluating
ChatterBot Kilo reevaluating
ChatterBot Hotel reevaluating
ChatterBot Papa reevaluating
ChatterBot Foxtrot reevaluating
ChatterBot Victor reevaluating
ChatterBot Hotel reevaluating
ChatterBot Papa reevaluating
ChatterBot Foxtrot reevaluating
ChatterBot Victor reevaluating
ChatterBot Kilo reevaluating
randomSelections Charlie: {Charlie, Yankee, Delta, Quebec} 
2024-10-14 17:45:12.305939 Charlie: Friends?
ChatterBot Delta reevaluating
ChatterBot Quebec reevaluating
2024-10-14 17:45:12.310307 Yankee: No
2024-10-14 17:45:12.310439 Delta: No
2024-10-14 17:45:12.310557 Quebec: Yes
ChatterBot Delta reevaluating
ChatterBot Quebec reevaluating
ChatterBot Quebec reevaluating
ChatterBot Delta reevaluating
2024-10-14 17:45:12.342645 Victor: Yankee and Foxtrot, sending you 3
2024-10-14 17:45:12.348644 Kilo: Yankee, sending you 6
2024-10-14 17:45:12.349084 Victor: Delta, sending you 5
2024-10-14 17:45:12.349486 India: Hotel, Foxtrot and Kilo, sending you 3
2024-10-14 17:45:12.350645 Foxtrot: Yankee, sending you 4
2024-10-14 17:45:12.352911 Yankee: Delta and Kilo, sending you 1
2024-10-14 17:45:12.354245 Hotel: India, sending you 4
2024-10-14 17:45:12.354696 Kilo: Delta and Papa, sending you 4
2024-10-14 17:45:12.355077 India: Victor, sending you 2
2024-10-14 17:45:12.356128 Victor: Kilo and Papa, sending you 4
2024-10-14 17:45:12.356515 Quebec: Yankee, sending you 4
2024-10-14 17:45:12.356880 Foxtrot: Victor, sending you 2
2024-10-14 17:45:12.358155 Charlie: Yankee, sending you 4
2024-10-14 17:45:12.358606 Delta: Yankee and Foxtrot, sending you 2
2024-10-14 17:45:12.359108 Yankee: Foxtrot, sending you 3
2024-10-14 17:45:12.360083 Kilo: Victor, sending you 3
2024-10-14 17:45:12.360568 Papa: Yankee and Foxtrot, sending you 1
2024-10-14 17:45:12.361468 Hotel: Foxtrot and Victor, sending you 3
2024-10-14 17:45:12.361852 India: Papa, sending you 5
2024-10-14 17:45:12.362304 Foxtrot: Kilo, sending you 1
2024-10-14 17:45:12.363366 Charlie: Delta, sending you 5
2024-10-14 17:45:12.363756 Quebec: Delta, sending you 7
2024-10-14 17:45:12.364182 Delta: Victor, sending you 1
2024-10-14 17:45:12.365217 Yankee: Victor and Papa, sending you 4
2024-10-14 17:45:12.365767 Papa: Delta and Victor, sending you 4
2024-10-14 17:45:12.367126 Hotel: Kilo, sending you 1
2024-10-14 17:45:12.367654 Charlie: Quebec, sending you 3
2024-10-14 17:45:12.368698 Quebec: Charlie, sending you 5
2024-10-14 17:45:12.369274 Foxtrot: Papa, sending you 3
2024-10-14 17:45:12.370654 Delta: Kilo and Papa, sending you 4
2024-10-14 17:45:12.371188 Hotel: Papa, sending you 2
2024-10-14 17:45:12.372156 Papa: Kilo, sending you 2
chatterbot Foxtrot submitting transactions
chatterbot Hotel submitting transactions
chatterbot Charlie submitting transactions
chatterbot Quebec submitting transactions
chatterbot Victor submitting transactions
chatterbot Papa submitting transactions
chatterbot Yankee submitting transactions
chatterbot Delta submitting transactions
chatterbot Kilo submitting transactions
chatterbot India submitting transactions
ChatterBot Yankee round 2
ChatterBot Delta round 2
ChatterBot Hotel round 2
ChatterBot Charlie round 2
ChatterBot India round 2
ChatterBot Foxtrot round 2
ChatterBot Victor round 2
2024-10-14 17:45:13.409438 Charlie: Group up?
ChatterBot Quebec reevaluating
ChatterBot Hotel reevaluating
ChatterBot India reevaluating
2024-10-14 17:45:13.440126 Quebec: No
2024-10-14 17:45:13.440576 Hotel: No
2024-10-14 17:45:13.440971 India: Yes
ChatterBot Hotel reevaluating
ChatterBot India reevaluating
ChatterBot Quebec reevaluating
ChatterBot India reevaluating
ChatterBot Quebec reevaluating
ChatterBot Hotel reevaluating
2024-10-14 17:45:13.495591 Hotel: We would work well together
ChatterBot India reevaluating
2024-10-14 17:45:13.499736 India: Yes
ChatterBot Hotel reevaluating
2024-10-14 17:45:13.506590 Foxtrot: We should add Hotel and India
ChatterBot Yankee reevaluating
ChatterBot Victor reevaluating
ChatterBot Papa reevaluating
ChatterBot Delta reevaluating
ChatterBot Kilo reevaluating
2024-10-14 17:45:13.541631 Yankee: No
2024-10-14 17:45:13.541800 Victor: Yes
2024-10-14 17:45:13.541999 Papa: No
2024-10-14 17:45:13.542130 Delta: No
2024-10-14 17:45:13.542260 Kilo: No
ChatterBot Victor reevaluating
ChatterBot Papa reevaluating
ChatterBot Delta reevaluating
ChatterBot Kilo reevaluating
ChatterBot Yankee reevaluating
ChatterBot Papa reevaluating
ChatterBot Delta reevaluating
ChatterBot Kilo reevaluating
ChatterBot Yankee reevaluating
ChatterBot Victor reevaluating
ChatterBot Delta reevaluating
ChatterBot Kilo reevaluating
ChatterBot Yankee reevaluating
ChatterBot Victor reevaluating
ChatterBot Papa reevaluating
ChatterBot Kilo reevaluating
ChatterBot Yankee reevaluating
ChatterBot Victor reevaluating
ChatterBot Papa reevaluating
ChatterBot Delta reevaluating
ChatterBot Kilo round 2
ChatterBot Quebec round 2
ChatterBot Papa round 2
2024-10-14 17:45:13.813131 Foxtrot: Hotel and India we want you to join our group
ChatterBot Hotel reevaluating
ChatterBot India reevaluating
2024-10-14 17:45:13.827505 Hotel: No
2024-10-14 17:45:13.827708 India: No
ChatterBot Yankee reevaluating
ChatterBot Delta reevaluating
ChatterBot Victor reevaluating
ChatterBot Kilo reevaluating
ChatterBot Papa reevaluating
ChatterBot India reevaluating
ChatterBot Yankee reevaluating
ChatterBot Delta reevaluating
ChatterBot Victor reevaluating
ChatterBot Kilo reevaluating
ChatterBot Papa reevaluating
ChatterBot Hotel reevaluating
2024-10-14 17:45:13.927201 Papa: We should add India
ChatterBot Yankee reevaluating
ChatterBot Victor reevaluating
ChatterBot Delta reevaluating
ChatterBot Kilo reevaluating
2024-10-14 17:45:13.962037 Yankee: No
2024-10-14 17:45:13.962233 Victor: No
2024-10-14 17:45:13.962391 Foxtrot: Yes
2024-10-14 17:45:13.962535 Delta: No
2024-10-14 17:45:13.962707 Kilo: No
ChatterBot Victor reevaluating
ChatterBot Papa reevaluating
ChatterBot Delta reevaluating
ChatterBot Kilo reevaluating
ChatterBot Yankee reevaluating
ChatterBot Papa reevaluating
ChatterBot Delta reevaluating
ChatterBot Kilo reevaluating
ChatterBot Yankee reevaluating
ChatterBot Victor reevaluating
ChatterBot Papa reevaluating
ChatterBot Delta reevaluating
ChatterBot Kilo reevaluating
ChatterBot Yankee reevaluating
ChatterBot Victor reevaluating
ChatterBot Papa reevaluating
ChatterBot Kilo reevaluating
ChatterBot Yankee reevaluating
ChatterBot Victor reevaluating
ChatterBot Papa reevaluating
ChatterBot Delta reevaluating
2024-10-14 17:45:14.123292 Kilo: We should add Hotel and India
ChatterBot Papa reevaluating
2024-10-14 17:45:14.142375 Yankee: No
2024-10-14 17:45:14.142531 Victor: No
2024-10-14 17:45:14.142675 Foxtrot: Yes
2024-10-14 17:45:14.142777 Papa: Yes
2024-10-14 17:45:14.142877 Delta: No
ChatterBot Papa reevaluating
ChatterBot Kilo reevaluating
ChatterBot Papa reevaluating
ChatterBot Kilo reevaluating
ChatterBot Papa reevaluating
ChatterBot Kilo reevaluating
ChatterBot Victor reevaluating
ChatterBot Kilo reevaluating
ChatterBot Victor reevaluating
ChatterBot Papa reevaluating
ChatterBot Kilo reevaluating
2024-10-14 17:45:14.251136 Delta: Quebec we want you to join our group
ChatterBot Quebec reevaluating
2024-10-14 17:45:14.255954 Quebec: No
ChatterBot Kilo reevaluating
ChatterBot Papa reevaluating
chatterbot Foxtrot submitting transactions
2024-10-14 17:45:14.280807 Victor: Hotel and India we want you to join our group
ChatterBot Hotel reevaluating
2024-10-14 17:45:14.289258 Hotel: No
2024-10-14 17:45:14.289423 India: No
ChatterBot Kilo reevaluating
ChatterBot Kilo reevaluating
ChatterBot Hotel reevaluating
2024-10-14 17:45:14.342872 Charlie: Hotel and India, sending you 2
2024-10-14 17:45:14.343520 Papa: Hotel and India we want you to join our group
ChatterBot Hotel reevaluating
2024-10-14 17:45:14.351659 Hotel: No
2024-10-14 17:45:14.351816 India: No
ChatterBot Kilo reevaluating
ChatterBot Hotel reevaluating
chatterbot Hotel submitting transactions
2024-10-14 17:45:14.474067 India: Sending you 16
2024-10-14 17:45:14.474490 Charlie: Quebec, sending you 8
2024-10-14 17:45:14.475479 Foxtrot: Yankee, Hotel, India and Victor, sending you 2
2024-10-14 17:45:14.476807 Yankee: Delta and Papa, sending you 2
2024-10-14 17:45:14.566753 Foxtrot: Delta and Papa, sending you 1
2024-10-14 17:45:14.568720 Delta: Yankee, sending you 2
2024-10-14 17:45:14.570701 Yankee: Foxtrot, Victor and Kilo, sending you 3
2024-10-14 17:45:14.825427 Delta: Foxtrot, sending you 1
2024-10-14 17:45:14.825975 Victor: Yankee, sending you 4
2024-10-14 17:45:14.826834 Quebec: Hotel, sending you 4
2024-10-14 17:45:14.827191 Papa: Yankee, Delta, India, Foxtrot, Victor and Kilo, sending you 2
chatterbot India submitting transactions
chatterbot Delta submitting transactions
chatterbot Quebec submitting transactions
chatterbot Quebec submitting transactions
2024-10-14 17:45:14.958876 Hotel: Sending you 13
2024-10-14 17:45:14.959151 Victor: Delta, India and Foxtrot, sending you 2
2024-10-14 17:45:14.959598 Quebec: Charlie, sending you 12
2024-10-14 17:45:14.959872 Delta: Victor, Kilo, Quebec and Papa, sending you 3
2024-10-14 17:45:14.964233 Kilo: Yankee, sending you 3
chatterbot Charlie submitting transactions
chatterbot Yankee submitting transactions
2024-10-14 17:45:14.964947 Victor: Hotel, Kilo and Papa, sending you 3
2024-10-14 17:45:14.965350 Quebec: India, sending you 3
2024-10-14 17:45:15.078865 Kilo: Delta and Victor, sending you 5
chatterbot Victor submitting transactions
2024-10-14 17:45:15.121401 Kilo: Foxtrot, sending you 2
2024-10-14 17:45:15.163403 Kilo: Papa, sending you 4
chatterbot Hotel submitting transactions
chatterbot Papa submitting transactions
chatterbot Kilo submitting transactions
ChatterBot Yankee round 3
ChatterBot Delta round 3
ChatterBot Hotel round 3
ChatterBot Charlie round 3
ChatterBot India round 3
ChatterBot Foxtrot round 3
ChatterBot Victor round 3
ChatterBot Kilo round 3
ChatterBot Quebec round 3
ChatterBot Papa round 3
2024-10-14 17:45:15.901637 Delta: We should drop Quebec
ChatterBot Papa reevaluating
ChatterBot Kilo reevaluating
2024-10-14 17:45:15.921788 Yankee: Yes
2024-10-14 17:45:15.921939 Victor: Yes
2024-10-14 17:45:15.922465 Foxtrot: Yes
2024-10-14 17:45:15.922632 Papa: Yes
2024-10-14 17:45:15.922773 Kilo: Yes
ChatterBot Papa reevaluating
ChatterBot Kilo reevaluating
ChatterBot Papa reevaluating
ChatterBot Kilo reevaluating
ChatterBot Papa reevaluating
ChatterBot Kilo reevaluating
ChatterBot Kilo reevaluating
ChatterBot Papa reevaluating
2024-10-14 17:45:16.027934 Foxtrot: We should drop Hotel and India
ChatterBot Papa reevaluating
ChatterBot Kilo reevaluating
2024-10-14 17:45:16.047799 Yankee: Yes
2024-10-14 17:45:16.047970 Victor: Yes
2024-10-14 17:45:16.048074 Papa: Yes
2024-10-14 17:45:16.048176 Delta: Yes
2024-10-14 17:45:16.048307 Kilo: Yes
ChatterBot Papa reevaluating
ChatterBot Kilo reevaluating
ChatterBot Papa reevaluating
ChatterBot Kilo reevaluating
ChatterBot Kilo reevaluating
ChatterBot Papa reevaluating
ChatterBot Kilo reevaluating
ChatterBot Papa reevaluating
2024-10-14 17:45:16.291450 Charlie: Hotel and India, sending you 2
2024-10-14 17:45:16.292047 Hotel: Same as last round
2024-10-14 17:45:16.292466 Yankee: Delta and Papa, sending you 2
2024-10-14 17:45:16.294054 India: Sending you 17
2024-10-14 17:45:16.295753 Kilo: We should drop Foxtrot
2024-10-14 17:45:16.319737 Yankee: No
2024-10-14 17:45:16.320572 Delta: No
2024-10-14 17:45:16.322436 Victor: No
2024-10-14 17:45:16.323649 Papa: No
ChatterBot Kilo reevaluating
ChatterBot Kilo reevaluating
2024-10-14 17:45:16.398036 Charlie: Quebec, sending you 8
2024-10-14 17:45:16.398898 Yankee: Foxtrot, Victor and Kilo, sending you 3
chatterbot Delta submitting transactions
chatterbot Hotel submitting transactions
2024-10-14 17:45:16.413498 Quebec: Delta, sending you 8
2024-10-14 17:45:16.413834 Delta: Yankee and Kilo, sending you 3
2024-10-14 17:45:16.414779 Foxtrot: Sending you each 2
2024-10-14 17:45:16.424824 Quebec: Charlie, sending you 11
2024-10-14 17:45:16.425245 Victor: Yankee and Papa, sending you 4
2024-10-14 17:45:16.426262 Delta: Foxtrot, sending you 1
2024-10-14 17:45:16.430746 Victor: Delta and Foxtrot, sending you 3
2024-10-14 17:45:16.432447 Delta: Victor and Papa, sending you 4
2024-10-14 17:45:16.435932 Kilo: Yankee and Papa, sending you 4
2024-10-14 17:45:16.436441 Papa: Yankee, Foxtrot and Victor, sending you 2
2024-10-14 17:45:16.436909 Victor: Kilo, sending you 5
2024-10-14 17:45:16.441657 Kilo: Delta and Victor, sending you 5
2024-10-14 17:45:16.442110 Papa: Delta and Kilo, sending you 3
2024-10-14 17:45:16.447032 Kilo: Foxtrot, sending you 2
chatterbot Kilo submitting transactions
chatterbot Charlie submitting transactions
chatterbot Quebec submitting transactions
chatterbot Papa submitting transactions
chatterbot Yankee submitting transactions
chatterbot Foxtrot submitting transactions
chatterbot India submitting transactions
chatterbot Victor submitting transactions
ChatterBot Yankee round 4
ChatterBot Delta round 4
ChatterBot Hotel round 4
ChatterBot Charlie round 4
ChatterBot India round 4
ChatterBot Foxtrot round 4
ChatterBot Victor round 4
ChatterBot Kilo round 4
ChatterBot Quebec round 4
ChatterBot Papa round 4
2024-10-14 17:45:17.266670 Charlie: Hotel and India, sending you 2
2024-10-14 17:45:17.268687 Delta: Yankee, Victor and Kilo, sending you 3
2024-10-14 17:45:17.270679 Charlie: Quebec, sending you 8
2024-10-14 17:45:17.271652 Delta: Foxtrot, sending you 2
2024-10-14 17:45:17.272675 Foxtrot: Same as last round
2024-10-14 17:45:17.273802 India: Same as last round
2024-10-14 17:45:17.274082 Quebec: Hotel, sending you 3
2024-10-14 17:45:17.275671 Delta: Papa, sending you 4
2024-10-14 17:45:17.277700 Quebec: Charlie, sending you 12
2024-10-14 17:45:17.278707 Yankee: Delta, Victor and Kilo, sending you 3
2024-10-14 17:45:17.279681 Victor: Yankee, Delta and Papa, sending you 4
2024-10-14 17:45:17.282686 Quebec: India, sending you 4
2024-10-14 17:45:17.283950 Yankee: Foxtrot and Papa, sending you 2
2024-10-14 17:45:17.284679 Victor: Foxtrot, sending you 2
2024-10-14 17:45:17.285869 Hotel: Same as last round
2024-10-14 17:45:17.286675 Papa: Yankee, sending you 2
2024-10-14 17:45:17.288173 Victor: Kilo, sending you 5
2024-10-14 17:45:17.289047 Kilo: Yankee, Delta and Papa, sending you 4
2024-10-14 17:45:17.293124 Papa: Delta, Victor and Kilo, sending you 3
2024-10-14 17:45:17.293861 Kilo: Foxtrot, sending you 3
2024-10-14 17:45:17.296675 Papa: Foxtrot, sending you 1
2024-10-14 17:45:17.297228 Kilo: Victor, sending you 5
chatterbot Charlie submitting transactions
chatterbot Kilo submitting transactions
chatterbot Yankee submitting transactions
chatterbot Papa submitting transactions
chatterbot Hotel submitting transactions
chatterbot Quebec submitting transactions
chatterbot Foxtrot submitting transactions
chatterbot Victor submitting transactions
chatterbot India submitting transactions
chatterbot Delta submitting transactions
ChatterBot Yankee round 5
ChatterBot Delta round 5
ChatterBot Hotel round 5
ChatterBot Charlie round 5
ChatterBot India round 5
ChatterBot Foxtrot round 5
ChatterBot Victor round 5
ChatterBot Kilo round 5
ChatterBot Quebec round 5
ChatterBot Papa round 5
2024-10-14 17:45:18.351679 India: Sending you 18
2024-10-14 17:45:18.353811 Kilo: We should drop Foxtrot
2024-10-14 17:45:18.365954 Yankee: No
2024-10-14 17:45:18.366221 Delta: No
2024-10-14 17:45:18.366440 Victor: No
2024-10-14 17:45:18.366686 Papa: No
ChatterBot Kilo reevaluating
ChatterBot Kilo reevaluating
ChatterBot Kilo reevaluating
2024-10-14 17:45:18.412695 Charlie: Hotel and India, sending you 2
2024-10-14 17:45:18.413132 Quebec: Hotel, sending you 3
2024-10-14 17:45:18.413462 Yankee: Delta, Victor and Kilo, sending you 3
2024-10-14 17:45:18.414682 Delta: Yankee, Victor, Kilo and Papa, sending you 3
2024-10-14 17:45:18.415596 Victor: Yankee, Delta and Papa, sending you 4
2024-10-14 17:45:18.416315 Hotel: Same as last round
2024-10-14 17:45:18.416610 Foxtrot: Same as last round
2024-10-14 17:45:18.417474 Quebec: Charlie, sending you 12
2024-10-14 17:45:18.417921 Yankee: Foxtrot and Papa, sending you 2
2024-10-14 17:45:18.418787 Charlie: Quebec, sending you 8
2024-10-14 17:45:18.419217 Delta: Foxtrot, sending you 2
2024-10-14 17:45:18.421228 Victor: Foxtrot, sending you 2
2024-10-14 17:45:18.422391 Quebec: India, sending you 4
2024-10-14 17:45:18.425692 Victor: Kilo, sending you 5
2024-10-14 17:45:18.428682 Papa: Yankee, sending you 2
2024-10-14 17:45:18.431688 Papa: Delta, Victor and Kilo, sending you 3
2024-10-14 17:45:18.434679 Papa: Foxtrot, sending you 1
2024-10-14 17:45:18.436674 Kilo: Yankee, Delta and Papa, sending you 4
2024-10-14 17:45:18.441677 Kilo: Foxtrot, sending you 3
2024-10-14 17:45:18.445975 Kilo: Victor, sending you 5
chatterbot Victor submitting transactions
chatterbot Kilo submitting transactions
chatterbot Foxtrot submitting transactions
chatterbot Papa submitting transactions
chatterbot Quebec submitting transactions
chatterbot Delta submitting transactions
chatterbot Hotel submitting transactions
chatterbot Charlie submitting transactions
chatterbot Yankee submitting transactions
chatterbot India submitting transactions
ChatterBot Yankee round 6
ChatterBot Delta round 6
ChatterBot Hotel round 6
ChatterBot Charlie round 6
ChatterBot India round 6
ChatterBot Foxtrot round 6
ChatterBot Victor round 6
ChatterBot Kilo round 6
ChatterBot Quebec round 6
2024-10-14 17:45:19.530816 Hotel: We should add Charlie and Quebec
ChatterBot India reevaluating
2024-10-14 17:45:19.535109 India: Yes
ChatterBot Papa round 6
2024-10-14 17:45:19.565308 Hotel: Charlie and Quebec we want you to join our group
2024-10-14 17:45:19.573027 Charlie: Yes
2024-10-14 17:45:19.574105 Quebec: No
ChatterBot India reevaluating
ChatterBot India reevaluating
2024-10-14 17:45:19.597772 Kilo: We should drop Foxtrot
2024-10-14 17:45:19.609101 Yankee: No
2024-10-14 17:45:19.609279 Delta: No
2024-10-14 17:45:19.609395 Victor: No
2024-10-14 17:45:19.609502 Papa: No
ChatterBot Kilo reevaluating
ChatterBot Kilo reevaluating
ChatterBot Kilo reevaluating
ChatterBot Kilo reevaluating
2024-10-14 17:45:19.651831 Quebec: We should drop Hotel and India
2024-10-14 17:45:19.654478 Charlie: No
2024-10-14 17:45:19.657084 Yankee: Delta, Victor and Kilo, sending you 3
2024-10-14 17:45:19.661673 Yankee: Foxtrot and Papa, sending you 2
2024-10-14 17:45:19.662350 Charlie: Quebec, sending you 12
2024-10-14 17:45:19.662704 Delta: Yankee, Victor, Kilo and Papa, sending you 3
2024-10-14 17:45:19.663293 Foxtrot: Same as last round
2024-10-14 17:45:19.666673 Delta: Foxtrot, sending you 2
2024-10-14 17:45:19.667246 Papa: Yankee, sending you 2
2024-10-14 17:45:19.669746 India: Hotel, sending you 15
2024-10-14 17:45:19.672707 Papa: Delta, Victor and Kilo, sending you 3
2024-10-14 17:45:19.673678 India: Charlie, sending you 1
2024-10-14 17:45:19.676679 Papa: Foxtrot, sending you 1
2024-10-14 17:45:19.677664 Victor: Yankee, Delta and Papa, sending you 4
2024-10-14 17:45:19.678642 India: Quebec, sending you 2
2024-10-14 17:45:19.679003 Hotel: Charlie and Quebec, sending you 4
2024-10-14 17:45:19.680655 Kilo: Yankee, Delta and Papa, sending you 4
2024-10-14 17:45:19.681253 Quebec: Sending you 18
2024-10-14 17:45:19.683658 Victor: Foxtrot, sending you 2
2024-10-14 17:45:19.684251 Hotel: India, sending you 5
2024-10-14 17:45:19.684521 Kilo: Foxtrot, sending you 3
2024-10-14 17:45:19.688670 Victor: Kilo, sending you 5
2024-10-14 17:45:19.689585 Kilo: Victor, sending you 5
chatterbot Delta submitting transactions
chatterbot Charlie submitting transactions
chatterbot Papa submitting transactions
chatterbot India submitting transactions
chatterbot Hotel submitting transactions
chatterbot Quebec submitting transactions
chatterbot Victor submitting transactions
chatterbot Yankee submitting transactions
chatterbot Foxtrot submitting transactions
chatterbot Kilo submitting transactions
ChatterBot Yankee round 7
ChatterBot Delta round 7
ChatterBot Hotel round 7
ChatterBot Charlie round 7
ChatterBot India round 7
ChatterBot Foxtrot round 7
ChatterBot Victor round 7
ChatterBot Kilo round 7
ChatterBot Quebec round 7
ChatterBot Papa round 7
2024-10-14 17:45:21.010221 Quebec: We should add Hotel and India
2024-10-14 17:45:21.015263 Charlie: Yes
2024-10-14 17:45:21.025969 Kilo: We should drop Foxtrot
2024-10-14 17:45:21.040639 Yankee: No
2024-10-14 17:45:21.041454 Delta: No
2024-10-14 17:45:21.041735 Victor: No
2024-10-14 17:45:21.041992 Papa: No
ChatterBot Kilo reevaluating
ChatterBot Delta reevaluating
ChatterBot Kilo reevaluating
ChatterBot Kilo reevaluating
ChatterBot Delta reevaluating
ChatterBot Kilo reevaluating
ChatterBot Delta reevaluating
2024-10-14 17:45:21.101417 Quebec: Hotel and India we want you to join our group
2024-10-14 17:45:21.108172 Hotel: Yes
2024-10-14 17:45:21.108320 India: Yes
2024-10-14 17:45:21.125546 Hotel: Charlie and Quebec, sending you 4
2024-10-14 17:45:21.125963 Charlie: Hotel, sending you 3
2024-10-14 17:45:21.128658 India: Hotel, sending you 15
2024-10-14 17:45:21.129663 Foxtrot: Same as last round
2024-10-14 17:45:21.130320 Yankee: Delta, Victor and Kilo, sending you 3
2024-10-14 17:45:21.130854 Victor: Yankee, Delta and Papa, sending you 4
2024-10-14 17:45:21.131879 Hotel: India, sending you 5
2024-10-14 17:45:21.132121 Charlie: India, sending you 2
2024-10-14 17:45:21.132329 India: Charlie, sending you 1
2024-10-14 17:45:21.133672 Yankee: Foxtrot and Papa, sending you 2
2024-10-14 17:45:21.134795 Victor: Foxtrot, sending you 2
2024-10-14 17:45:21.135419 Charlie: Quebec, sending you 7
2024-10-14 17:45:21.135708 India: Quebec, sending you 2
2024-10-14 17:45:21.137688 Victor: Kilo, sending you 5
2024-10-14 17:45:21.138695 Delta: Yankee, Victor, Kilo and Papa, sending you 3
2024-10-14 17:45:21.142657 Papa: Yankee, sending you 2
2024-10-14 17:45:21.144097 Kilo: Yankee, Delta and Papa, sending you 4
2024-10-14 17:45:21.144879 Delta: Foxtrot, sending you 2
2024-10-14 17:45:21.146654 Papa: Delta, Victor and Kilo, sending you 3
2024-10-14 17:45:21.147855 Kilo: Foxtrot, sending you 3
2024-10-14 17:45:21.148929 Quebec: Hotel, sending you 5
2024-10-14 17:45:21.150689 Papa: Foxtrot, sending you 1
2024-10-14 17:45:21.152979 Quebec: Charlie, sending you 10
2024-10-14 17:45:21.153657 Kilo: Victor, sending you 5
2024-10-14 17:45:21.157659 Quebec: India, sending you 4
chatterbot Charlie submitting transactions
chatterbot Quebec submitting transactions
chatterbot Hotel submitting transactions
chatterbot Victor submitting transactions
chatterbot Papa submitting transactions
chatterbot Delta submitting transactions
chatterbot Kilo submitting transactions
chatterbot India submitting transactions
chatterbot Foxtrot submitting transactions
chatterbot Yankee submitting transactions
ChatterBot Yankee round 8
ChatterBot Delta round 8
ChatterBot Hotel round 8
ChatterBot Charlie round 8
ChatterBot India round 8
ChatterBot Foxtrot round 8
ChatterBot Victor round 8
ChatterBot Kilo round 8
ChatterBot Quebec round 8
ChatterBot Papa round 8
2024-10-14 17:45:21.935680 Hotel: Charlie and Quebec, sending you 4
2024-10-14 17:45:21.940650 Hotel: India, sending you 5
2024-10-14 17:45:21.942681 Papa: Yankee, sending you 2
2024-10-14 17:45:21.946836 Yankee: Delta, Victor and Kilo, sending you 3
2024-10-14 17:45:21.947535 Papa: Delta, Victor and Kilo, sending you 3
2024-10-14 17:45:21.948193 Quebec: Hotel, sending you 6
2024-10-14 17:45:21.949728 Foxtrot: Same as last round
2024-10-14 17:45:21.950891 Victor: Yankee, Delta and Papa, sending you 4
2024-10-14 17:45:21.952082 Yankee: Foxtrot and Papa, sending you 2
2024-10-14 17:45:21.953718 Papa: Foxtrot, sending you 1
2024-10-14 17:45:21.954706 Quebec: Charlie, sending you 9
2024-10-14 17:45:21.955181 Delta: Yankee, Victor, Kilo and Papa, sending you 3
2024-10-14 17:45:21.956222 Kilo: Yankee, Delta and Papa, sending you 4
2024-10-14 17:45:21.957088 Victor: Foxtrot, sending you 2
2024-10-14 17:45:21.958367 Charlie: Hotel, sending you 3
2024-10-14 17:45:21.958777 India: Hotel, sending you 14
2024-10-14 17:45:21.959691 Quebec: India, sending you 4
2024-10-14 17:45:21.960701 Delta: Foxtrot, sending you 2
2024-10-14 17:45:21.961502 Victor: Kilo, sending you 5
2024-10-14 17:45:21.962294 Kilo: Foxtrot, sending you 3
2024-10-14 17:45:21.963211 Charlie: India, sending you 2
2024-10-14 17:45:21.963674 India: Charlie and Quebec, sending you 2
2024-10-14 17:45:21.966667 Charlie: Quebec, sending you 7
2024-10-14 17:45:21.967677 Kilo: Victor, sending you 5
chatterbot Kilo submitting transactions
chatterbot Hotel submitting transactions
chatterbot Victor submitting transactions
chatterbot Charlie submitting transactions
chatterbot Quebec submitting transactions
chatterbot Delta submitting transactions
chatterbot Papa submitting transactions
chatterbot Foxtrot submitting transactions
chatterbot India submitting transactions
chatterbot Yankee submitting transactions
ChatterBot Yankee round 9
ChatterBot Delta round 9
ChatterBot Hotel round 9
ChatterBot Charlie round 9
ChatterBot India round 9
ChatterBot Foxtrot round 9
ChatterBot Victor round 9
ChatterBot Kilo round 9
ChatterBot Quebec round 9
ChatterBot Papa round 9
2024-10-14 17:45:23.202820 Kilo: We should drop Foxtrot
2024-10-14 17:45:23.211531 Yankee: No
2024-10-14 17:45:23.211682 Delta: No
2024-10-14 17:45:23.211797 Victor: No
2024-10-14 17:45:23.211936 Papa: No
ChatterBot Kilo reevaluating
ChatterBot Kilo reevaluating
ChatterBot Kilo reevaluating
ChatterBot Kilo reevaluating
2024-10-14 17:45:23.252314 Charlie: Hotel, sending you 4
2024-10-14 17:45:23.255666 Charlie: India, sending you 2
2024-10-14 17:45:23.256020 India: Hotel, sending you 13
2024-10-14 17:45:23.256703 Delta: Yankee, Victor, Kilo and Papa, sending you 3
2024-10-14 17:45:23.257888 Victor: Yankee, Delta and Papa, sending you 4
2024-10-14 17:45:23.258578 Hotel: Charlie and Quebec, sending you 4
2024-10-14 17:45:23.258926 Yankee: Delta, Victor and Kilo, sending you 3
2024-10-14 17:45:23.259539 Foxtrot: Same as last round
2024-10-14 17:45:23.260187 Charlie: Quebec, sending you 6
2024-10-14 17:45:23.261157 India: Charlie, sending you 2
2024-10-14 17:45:23.261516 Victor: Foxtrot, sending you 2
2024-10-14 17:45:23.262684 Delta: Foxtrot, sending you 2
2024-10-14 17:45:23.263317 Hotel: India, sending you 5
2024-10-14 17:45:23.263971 Yankee: Foxtrot and Papa, sending you 2
2024-10-14 17:45:23.264513 India: Quebec, sending you 3
2024-10-14 17:45:23.266648 Victor: Kilo, sending you 5
2024-10-14 17:45:23.272680 Papa: Yankee, sending you 2
2024-10-14 17:45:23.273719 Quebec: Hotel, sending you 6
2024-10-14 17:45:23.276682 Papa: Delta, Victor and Kilo, sending you 3
2024-10-14 17:45:23.277663 Kilo: Yankee, Delta and Papa, sending you 4
2024-10-14 17:45:23.278359 Quebec: Charlie, sending you 9
2024-10-14 17:45:23.281694 Papa: Foxtrot, sending you 1
2024-10-14 17:45:23.283278 Kilo: Foxtrot, sending you 3
2024-10-14 17:45:23.284382 Quebec: India, sending you 4
2024-10-14 17:45:23.288677 Kilo: Victor, sending you 5
chatterbot Yankee submitting transactions
chatterbot India submitting transactions
chatterbot Foxtrot submitting transactions
chatterbot Hotel submitting transactions
chatterbot Victor submitting transactions
chatterbot Delta submitting transactions
chatterbot Charlie submitting transactions
chatterbot Kilo submitting transactions
chatterbot Papa submitting transactions
chatterbot Quebec submitting transactions
ChatterBot Yankee round 10
ChatterBot Delta round 10
ChatterBot Hotel round 10
ChatterBot Charlie round 10
ChatterBot India round 10
ChatterBot Foxtrot round 10
ChatterBot Victor round 10
ChatterBot Kilo round 10
ChatterBot Quebec round 10
ChatterBot Papa round 10
2024-10-14 17:45:24.421144 Kilo: We should drop Foxtrot
2024-10-14 17:45:24.435832 Yankee: No
2024-10-14 17:45:24.436110 Delta: No
2024-10-14 17:45:24.436360 Victor: No
2024-10-14 17:45:24.436651 Papa: No
ChatterBot Kilo reevaluating
ChatterBot Kilo reevaluating
ChatterBot Kilo reevaluating
ChatterBot Kilo reevaluating
2024-10-14 17:45:24.492472 Yankee: Delta, Victor and Kilo, sending you 3
2024-10-14 17:45:24.495696 Quebec: Hotel, sending you 6
2024-10-14 17:45:24.496131 Delta: Yankee, Victor, Kilo and Papa, sending you 3
2024-10-14 17:45:24.496884 India: Hotel, sending you 13
2024-10-14 17:45:24.497607 Victor: Yankee, Delta and Papa, sending you 4
2024-10-14 17:45:24.498423 Yankee: Foxtrot and Papa, sending you 2
2024-10-14 17:45:24.499619 Hotel: Charlie and Quebec, sending you 4
2024-10-14 17:45:24.500075 Charlie: Hotel, sending you 4
2024-10-14 17:45:24.500589 Quebec: Charlie, sending you 8
2024-10-14 17:45:24.500985 India: Charlie, sending you 2
2024-10-14 17:45:24.501781 Victor: Foxtrot, sending you 2
2024-10-14 17:45:24.502628 Delta: Foxtrot, sending you 2
2024-10-14 17:45:24.503332 Hotel: India, sending you 5
2024-10-14 17:45:24.503663 Charlie: India, sending you 2
2024-10-14 17:45:24.504014 Papa: Yankee, sending you 2
2024-10-14 17:45:24.505076 Quebec: India, sending you 5
2024-10-14 17:45:24.505433 Victor: Kilo, sending you 5
2024-10-14 17:45:24.506159 India: Quebec, sending you 3
2024-10-14 17:45:24.507715 Charlie: Quebec, sending you 6
2024-10-14 17:45:24.509656 Papa: Delta, Victor and Kilo, sending you 3
2024-10-14 17:45:24.510403 Foxtrot: Same as last round
2024-10-14 17:45:24.512017 Kilo: Yankee, Delta and Papa, sending you 4
2024-10-14 17:45:24.515056 Papa: Foxtrot, sending you 1
2024-10-14 17:45:24.516698 Kilo: Foxtrot, sending you 3
2024-10-14 17:45:24.522686 Kilo: Victor, sending you 5
chatterbot India submitting transactions
chatterbot Foxtrot submitting transactions
chatterbot Papa submitting transactions
chatterbot Yankee submitting transactions
chatterbot Hotel submitting transactions
chatterbot Victor submitting transactions
chatterbot Delta submitting transactions
chatterbot Charlie submitting transactions
chatterbot Kilo submitting transactions
chatterbot Quebec submitting transactions
ChatterBot Yankee round 11
ChatterBot Delta round 11
ChatterBot Hotel round 11
ChatterBot Charlie round 11
ChatterBot India round 11
ChatterBot Foxtrot round 11
ChatterBot Victor round 11
ChatterBot Kilo round 11
ChatterBot Quebec round 11
ChatterBot Papa round 11
2024-10-14 17:45:25.604767 Delta: Yankee, Victor, Kilo and Papa, sending you 3
2024-10-14 17:45:25.606661 India: Hotel, sending you 12
2024-10-14 17:45:25.609697 Delta: Foxtrot, sending you 2
2024-10-14 17:45:25.610788 Yankee: Delta, Victor and Kilo, sending you 3
2024-10-14 17:45:25.612353 Foxtrot: Same as last round
2024-10-14 17:45:25.613271 India: Charlie, sending you 2
2024-10-14 17:45:25.613932 Papa: Yankee, sending you 2
2024-10-14 17:45:25.614897 Charlie: Hotel, sending you 4
2024-10-14 17:45:25.615834 Yankee: Foxtrot and Papa, sending you 2
2024-10-14 17:45:25.616693 Kilo: Yankee, Delta and Papa, sending you 4
2024-10-14 17:45:25.617758 Hotel: Charlie and Quebec, sending you 4
2024-10-14 17:45:25.618503 Victor: Yankee, Delta and Papa, sending you 4
2024-10-14 17:45:25.619829 Papa: Delta, Victor and Kilo, sending you 3
2024-10-14 17:45:25.621052 India: Quebec, sending you 4
2024-10-14 17:45:25.621628 Charlie: India, sending you 3
2024-10-14 17:45:25.622271 Kilo: Foxtrot, sending you 3
2024-10-14 17:45:25.623935 Hotel: India, sending you 5
2024-10-14 17:45:25.624522 Victor: Foxtrot, sending you 2
2024-10-14 17:45:25.625767 Papa: Foxtrot, sending you 1
2024-10-14 17:45:25.627531 Charlie: Quebec, sending you 5
2024-10-14 17:45:25.628109 Quebec: Hotel, sending you 6
2024-10-14 17:45:25.628687 Kilo: Victor, sending you 5
2024-10-14 17:45:25.630102 Victor: Kilo, sending you 5
2024-10-14 17:45:25.631785 Quebec: Charlie, sending you 8
2024-10-14 17:45:25.634661 Quebec: India, sending you 5
chatterbot Foxtrot submitting transactions
chatterbot Quebec submitting transactions
chatterbot India submitting transactions
chatterbot Kilo submitting transactions
chatterbot Yankee submitting transactions
chatterbot Charlie submitting transactions
chatterbot Victor submitting transactions
chatterbot Hotel submitting transactions
chatterbot Delta submitting transactions
chatterbot Papa submitting transactions
ChatterBot Yankee round 12
ChatterBot Delta round 12
ChatterBot Hotel round 12
ChatterBot Charlie round 12
ChatterBot India round 12
ChatterBot Foxtrot round 12
ChatterBot Victor round 12
ChatterBot Kilo round 12
ChatterBot Quebec round 12
ChatterBot Papa round 12
2024-10-14 17:45:26.895962 Kilo: We should drop Foxtrot
2024-10-14 17:45:26.905440 Yankee: No
2024-10-14 17:45:26.905584 Delta: No
2024-10-14 17:45:26.905721 Victor: No
2024-10-14 17:45:26.905873 Papa: No
ChatterBot Kilo reevaluating
ChatterBot Kilo reevaluating
ChatterBot Kilo reevaluating
ChatterBot Kilo reevaluating
2024-10-14 17:45:26.939274 Yankee: Delta, Victor and Kilo, sending you 3
2024-10-14 17:45:26.942666 Yankee: Foxtrot and Papa, sending you 2
2024-10-14 17:45:26.944661 Hotel: Charlie and Quebec, sending you 4
2024-10-14 17:45:26.947694 Hotel: India, sending you 5
2024-10-14 17:45:26.951668 Charlie: Hotel, sending you 4
2024-10-14 17:45:26.952183 Foxtrot: Same as last round
2024-10-14 17:45:26.953031 Quebec: Hotel, sending you 6
2024-10-14 17:45:26.956672 Victor: Yankee, Delta and Papa, sending you 4
2024-10-14 17:45:26.957924 Charlie: India, sending you 3
2024-10-14 17:45:26.958591 Quebec: Charlie, sending you 8
2024-10-14 17:45:26.960971 Papa: Yankee, sending you 2
2024-10-14 17:45:26.961742 Kilo: Yankee, Delta and Papa, sending you 4
2024-10-14 17:45:26.962665 Victor: Foxtrot, sending you 2
2024-10-14 17:45:26.963354 India: Hotel, sending you 11
2024-10-14 17:45:26.963743 Charlie: Quebec, sending you 5
2024-10-14 17:45:26.964095 Delta: Yankee, Victor, Kilo and Papa, sending you 3
2024-10-14 17:45:26.964826 Quebec: India, sending you 5
2024-10-14 17:45:26.965718 Papa: Delta, Victor and Kilo, sending you 3
2024-10-14 17:45:26.966672 Kilo: Foxtrot, sending you 3
2024-10-14 17:45:26.967668 Victor: Kilo, sending you 5
2024-10-14 17:45:26.968924 India: Charlie, sending you 3
2024-10-14 17:45:26.969511 Delta: Foxtrot, sending you 2
2024-10-14 17:45:26.970699 Papa: Foxtrot, sending you 1
2024-10-14 17:45:26.971956 Kilo: Victor, sending you 5
2024-10-14 17:45:26.973504 India: Quebec, sending you 4
chatterbot Delta submitting transactions
chatterbot Yankee submitting transactions
chatterbot Victor submitting transactions
chatterbot Charlie submitting transactions
chatterbot India submitting transactions
chatterbot Foxtrot submitting transactions
chatterbot Hotel submitting transactions
chatterbot Quebec submitting transactions
chatterbot Kilo submitting transactions
chatterbot Papa submitting transactions
ChatterBot Yankee round 13
ChatterBot Delta round 13
ChatterBot Hotel round 13
ChatterBot Charlie round 13
ChatterBot India round 13
ChatterBot Foxtrot round 13
ChatterBot Victor round 13
ChatterBot Kilo round 13
ChatterBot Quebec round 13
ChatterBot Papa round 13
2024-10-14 17:45:28.180671 Charlie: Hotel, sending you 4
2024-10-14 17:45:28.181680 Foxtrot: Same as last round
2024-10-14 17:45:28.182871 Delta: Yankee, Victor, Kilo and Papa, sending you 3
2024-10-14 17:45:28.183824 Hotel: Charlie and Quebec, sending you 4
2024-10-14 17:45:28.184285 Charlie: India, sending you 3
2024-10-14 17:45:28.185110 India: Hotel, sending you 11
2024-10-14 17:45:28.187651 Hotel: India, sending you 5
2024-10-14 17:45:28.188308 Charlie: Quebec, sending you 5
2024-10-14 17:45:28.188815 Delta: Foxtrot, sending you 2
2024-10-14 17:45:28.189709 India: Charlie, sending you 3
2024-10-14 17:45:28.190666 Yankee: Delta, Victor and Kilo, sending you 3
2024-10-14 17:45:28.191684 Victor: Yankee, Delta and Papa, sending you 4
2024-10-14 17:45:28.192981 Kilo: Yankee, Delta and Papa, sending you 4
2024-10-14 17:45:28.194341 Yankee: Foxtrot and Papa, sending you 2
2024-10-14 17:45:28.196183 India: Quebec, sending you 4
2024-10-14 17:45:28.196794 Papa: Yankee, sending you 2
2024-10-14 17:45:28.198103 Kilo: Foxtrot, sending you 3
2024-10-14 17:45:28.199368 Victor: Foxtrot, sending you 2
2024-10-14 17:45:28.200689 Quebec: Hotel and Charlie, sending you 7
2024-10-14 17:45:28.202662 Papa: Delta, Victor and Kilo, sending you 3
2024-10-14 17:45:28.203495 Kilo: Victor, sending you 5
2024-10-14 17:45:28.204304 Victor: Kilo, sending you 5
2024-10-14 17:45:28.205827 Papa: Foxtrot, sending you 1
2024-10-14 17:45:28.207205 Quebec: India, sending you 5
chatterbot Hotel submitting transactions
chatterbot Papa submitting transactions
chatterbot Foxtrot submitting transactions
chatterbot Victor submitting transactions
chatterbot Charlie submitting transactions
chatterbot Kilo submitting transactions
chatterbot Delta submitting transactions
chatterbot India submitting transactions
chatterbot Quebec submitting transactions
chatterbot Yankee submitting transactions
ChatterBot Yankee round 14
ChatterBot Delta round 14
ChatterBot Hotel round 14
ChatterBot Charlie round 14
ChatterBot India round 14
ChatterBot Foxtrot round 14
ChatterBot Victor round 14
ChatterBot Kilo round 14
ChatterBot Quebec round 14
ChatterBot Papa round 14
2024-10-14 17:45:29.412199 Kilo: We should drop Foxtrot
2024-10-14 17:45:29.424901 Yankee: No
2024-10-14 17:45:29.425607 Delta: No
2024-10-14 17:45:29.425846 Victor: No
2024-10-14 17:45:29.426145 Papa: No
ChatterBot Kilo reevaluating
ChatterBot Kilo reevaluating
ChatterBot Kilo reevaluating
ChatterBot Kilo reevaluating
2024-10-14 17:45:29.472950 Delta: Yankee, Victor, Kilo and Papa, sending you 3
2024-10-14 17:45:29.474565 Foxtrot: Same as last round
2024-10-14 17:45:29.477549 Yankee: Delta, Victor and Kilo, sending you 3
2024-10-14 17:45:29.479656 Victor: Yankee, Delta and Papa, sending you 4
2024-10-14 17:45:29.482360 Hotel: Charlie and Quebec, sending you 4
2024-10-14 17:45:29.483394 India: Hotel, sending you 11
2024-10-14 17:45:29.484421 Delta: Foxtrot, sending you 2
2024-10-14 17:45:29.487363 Yankee: Foxtrot and Papa, sending you 2
