ChatterBot Mike round 1
ChatterBot November round 1
ChatterBot Bravo round 1
ChatterBot Victor round 1
ChatterBot Delta round 1
ChatterBot Kilo round 1
ChatterBot Papa round 1
ChatterBot Oscar round 1
ChatterBot Romeo round 1
ChatterBot Uniform round 1
randomSelections Romeo: {Romeo, Oscar, Delta, Mike} 
2024-10-14 17:45:12.599372 Romeo: We would work well together
ChatterBot Oscar reevaluating
ChatterBot Delta reevaluating
ChatterBot Mike reevaluating
2024-10-14 17:45:12.606246 Oscar: Yes
2024-10-14 17:45:12.606410 Delta: Yes
2024-10-14 17:45:12.606543 Mike: Yes
ChatterBot Delta reevaluating
ChatterBot Mike reevaluating
ChatterBot Oscar reevaluating
ChatterBot Mike reevaluating
ChatterBot Oscar reevaluating
ChatterBot Delta reevaluating
randomSelections Victor: {Victor, Bravo, Uniform, Kilo, Papa, Romeo} 
2024-10-14 17:45:12.623586 Victor: Can we be friends?
ChatterBot Bravo reevaluating
ChatterBot Uniform reevaluating
ChatterBot Kilo reevaluating
ChatterBot Papa reevaluating
2024-10-14 17:45:12.635519 Bravo: Yes
2024-10-14 17:45:12.635717 Uniform: Yes
2024-10-14 17:45:12.637261 Kilo: Yes
2024-10-14 17:45:12.637392 Papa: Yes
2024-10-14 17:45:12.637536 Romeo: No
ChatterBot Uniform reevaluating
ChatterBot Kilo reevaluating
ChatterBot Papa reevaluating
ChatterBot Bravo reevaluating
ChatterBot Kilo reevaluating
ChatterBot Papa reevaluating
ChatterBot Bravo reevaluating
ChatterBot Uniform reevaluating
ChatterBot Papa reevaluating
ChatterBot Bravo reevaluating
ChatterBot Uniform reevaluating
ChatterBot Kilo reevaluating
ChatterBot Bravo reevaluating
ChatterBot Uniform reevaluating
ChatterBot Kilo reevaluating
ChatterBot Papa reevaluating
randomSelections November: {November, Delta, Uniform} 
2024-10-14 17:45:12.682122 November: Can we be friends?
ChatterBot Delta reevaluating
ChatterBot Uniform reevaluating
2024-10-14 17:45:12.687241 Delta: No
2024-10-14 17:45:12.687382 Uniform: No
ChatterBot Uniform reevaluating
ChatterBot Delta reevaluating
2024-10-14 17:45:12.717067 November: Delta, sending you 8
2024-10-14 17:45:12.719470 Bravo: Victor and Kilo, sending you 1
2024-10-14 17:45:12.720255 Mike: Delta, sending you 3
2024-10-14 17:45:12.720579 Victor: Bravo, sending you 5
2024-10-14 17:45:12.721763 November: Uniform, sending you 11
2024-10-14 17:45:12.724039 Papa: Bravo, sending you 2
2024-10-14 17:45:12.725061 Bravo: Papa, sending you 6
2024-10-14 17:45:12.725606 Mike: Oscar, sending you 4
2024-10-14 17:45:12.726483 Victor: Kilo, sending you 2
2024-10-14 17:45:12.726901 Kilo: Bravo, Victor and Uniform, sending you 2
2024-10-14 17:45:12.728019 Delta: Mike, sending you 4
2024-10-14 17:45:12.728479 Papa: Victor, sending you 4
2024-10-14 17:45:12.729461 Bravo: Romeo, sending you 3
2024-10-14 17:45:12.729841 Oscar: Mike and Romeo, sending you 2
2024-10-14 17:45:12.730254 Romeo: Mike and Oscar, sending you 2
2024-10-14 17:45:12.731117 Victor: Papa, Romeo and Uniform, sending you 3
2024-10-14 17:45:12.731630 Kilo: Papa and Romeo, sending you 3
2024-10-14 17:45:12.732554 Mike: Romeo, sending you 1
2024-10-14 17:45:12.733044 Delta: Oscar and Romeo, sending you 6
2024-10-14 17:45:12.734011 Papa: Kilo and Romeo, sending you 5
2024-10-14 17:45:12.734498 Bravo: Uniform, sending you 2
2024-10-14 17:45:12.735495 Oscar: Delta, sending you 12
2024-10-14 17:45:12.738286 Romeo: Delta, sending you 6
2024-10-14 17:45:12.738768 Papa: Uniform, sending you 3
2024-10-14 17:45:12.739638 Uniform: Bravo and Romeo, sending you 2
2024-10-14 17:45:12.743758 Uniform: Victor and Papa, sending you 3
2024-10-14 17:45:12.748221 Uniform: Kilo, sending you 4
chatterbot Romeo submitting transactions
chatterbot Papa submitting transactions
chatterbot Bravo submitting transactions
chatterbot Delta submitting transactions
chatterbot Uniform submitting transactions
chatterbot Kilo submitting transactions
chatterbot Victor submitting transactions
chatterbot Oscar submitting transactions
chatterbot Mike submitting transactions
chatterbot November submitting transactions
ChatterBot Mike round 2
ChatterBot November round 2
ChatterBot Bravo round 2
ChatterBot Victor round 2
ChatterBot Delta round 2
ChatterBot Kilo round 2
ChatterBot Papa round 2
ChatterBot Oscar round 2
ChatterBot Romeo round 2
ChatterBot Uniform round 2
2024-10-14 17:45:13.755107 November: Group up?
ChatterBot Bravo reevaluating
ChatterBot Victor reevaluating
ChatterBot Kilo reevaluating
ChatterBot Papa reevaluating
2024-10-14 17:45:13.777970 Bravo: Yes
2024-10-14 17:45:13.778757 Victor: Yes
2024-10-14 17:45:13.778927 Kilo: Yes
2024-10-14 17:45:13.779080 Papa: Yes
ChatterBot Victor reevaluating
ChatterBot Kilo reevaluating
ChatterBot Papa reevaluating
ChatterBot Bravo reevaluating
ChatterBot Kilo reevaluating
ChatterBot Papa reevaluating
ChatterBot Bravo reevaluating
ChatterBot Victor reevaluating
ChatterBot Papa reevaluating
ChatterBot Bravo reevaluating
ChatterBot Victor reevaluating
ChatterBot Kilo reevaluating
2024-10-14 17:45:13.841512 Uniform: We should replace Romeo with November
ChatterBot Bravo reevaluating
ChatterBot Victor reevaluating
ChatterBot Kilo reevaluating
ChatterBot Papa reevaluating
2024-10-14 17:45:13.854240 Bravo: No
2024-10-14 17:45:13.854373 Victor: Yes
2024-10-14 17:45:13.854839 Kilo: Yes
2024-10-14 17:45:13.854938 Papa: Yes
ChatterBot Victor reevaluating
ChatterBot Kilo reevaluating
ChatterBot Papa reevaluating
ChatterBot Bravo reevaluating
ChatterBot Kilo reevaluating
ChatterBot Papa reevaluating
ChatterBot Bravo reevaluating
ChatterBot Victor reevaluating
ChatterBot Papa reevaluating
ChatterBot Bravo reevaluating
ChatterBot Victor reevaluating
ChatterBot Kilo reevaluating
2024-10-14 17:45:13.917001 Delta: We should add November
ChatterBot Romeo reevaluating
ChatterBot Oscar reevaluating
2024-10-14 17:45:13.926410 Romeo: No
2024-10-14 17:45:13.926562 Oscar: No
2024-10-14 17:45:13.927208 Mike: No
ChatterBot Oscar reevaluating
ChatterBot Romeo reevaluating
ChatterBot Romeo reevaluating
ChatterBot Oscar reevaluating
2024-10-14 17:45:13.965862 Uniform: November we want you to join our group
2024-10-14 17:45:13.969411 November: No
ChatterBot Bravo reevaluating
ChatterBot Victor reevaluating
ChatterBot Kilo reevaluating
ChatterBot Papa reevaluating
2024-10-14 17:45:13.987358 Delta: November we want you to join our group
2024-10-14 17:45:13.990321 November: No
ChatterBot Oscar reevaluating
ChatterBot Romeo reevaluating
2024-10-14 17:45:14.003281 Bravo: November we want you to join our group
2024-10-14 17:45:14.006293 November: No
2024-10-14 17:45:14.023176 Victor: November we want you to join our group
2024-10-14 17:45:14.026660 November: No
2024-10-14 17:45:14.040193 Kilo: November we want you to join our group
2024-10-14 17:45:14.043839 November: No
2024-10-14 17:45:14.057048 November: Bravo, Victor and Kilo, sending you 5
2024-10-14 17:45:14.057859 Mike: Delta, sending you 5
2024-10-14 17:45:14.058380 Oscar: We should drop Romeo
2024-10-14 17:45:14.064411 Mike: No
2024-10-14 17:45:14.064538 Delta: No
2024-10-14 17:45:14.075373 Papa: November we want you to join our group
2024-10-14 17:45:14.078404 November: No
2024-10-14 17:45:14.092236 Mike: Oscar and Romeo, sending you 3
2024-10-14 17:45:14.092977 November: Papa, sending you 4
2024-10-14 17:45:14.538539 Uniform: November, sending you 4
2024-10-14 17:45:14.539607 Delta: Mike, November, Oscar and Romeo, sending you 4
2024-10-14 17:45:14.540152 Romeo: Mike and Oscar, sending you 3
chatterbot Mike submitting transactions
chatterbot Oscar submitting transactions
2024-10-14 17:45:14.727603 Uniform: Bravo and Kilo, sending you 2
2024-10-14 17:45:14.728264 Romeo: Delta, sending you 4
2024-10-14 17:45:14.729073 Papa: November, sending you 1
2024-10-14 17:45:14.729456 Kilo: November, sending you 1
2024-10-14 17:45:14.729810 Bravo: Victor, sending you 7
2024-10-14 17:45:14.730709 Oscar: Sending you each 8
2024-10-14 17:45:14.730998 Victor: Bravo, sending you 2
chatterbot Uniform submitting transactions
chatterbot November submitting transactions
2024-10-14 17:45:14.732200 Uniform: Victor and Papa, sending you 3
2024-10-14 17:45:14.928230 Papa: Bravo, sending you 6
2024-10-14 17:45:14.929011 Kilo: Bravo and Victor, sending you 2
2024-10-14 17:45:14.929274 Victor: Kilo, sending you 3
2024-10-14 17:45:14.929553 Bravo: Kilo, Papa and Uniform, sending you 2
chatterbot Victor submitting transactions
chatterbot Kilo submitting transactions
2024-10-14 17:45:15.029753 Papa: Victor, Kilo and Uniform, sending you 4
2024-10-14 17:45:15.031161 Victor: Papa, sending you 7
2024-10-14 17:45:15.031731 Kilo: Papa, sending you 4
2024-10-14 17:45:15.101998 Victor: Uniform, sending you 5
2024-10-14 17:45:15.102788 Kilo: Uniform, sending you 3
chatterbot Romeo submitting transactions
chatterbot Papa submitting transactions
chatterbot Bravo submitting transactions
chatterbot Delta submitting transactions
ChatterBot Mike round 3
ChatterBot November round 3
ChatterBot Bravo round 3
ChatterBot Victor round 3
ChatterBot Delta round 3
ChatterBot Kilo round 3
ChatterBot Papa round 3
2024-10-14 17:45:15.462072 November: We should add Uniform and Delta
2024-10-14 17:45:15.479451 Bravo: No
2024-10-14 17:45:15.479686 Victor: No
2024-10-14 17:45:15.480246 Kilo: No
2024-10-14 17:45:15.480415 Papa: No
ChatterBot Oscar round 3
ChatterBot Romeo round 3
ChatterBot Uniform round 3
2024-10-14 17:45:15.554178 Bravo: We should drop Romeo
2024-10-14 17:45:15.568403 Uniform: Yes
2024-10-14 17:45:15.568661 November: Yes
2024-10-14 17:45:15.568822 Victor: Yes
2024-10-14 17:45:15.568930 Kilo: Yes
2024-10-14 17:45:15.569060 Papa: Yes
2024-10-14 17:45:15.709520 November: Uniform and Delta we want you to join our group
2024-10-14 17:45:15.716137 Uniform: No
2024-10-14 17:45:15.716418 Delta: No
2024-10-14 17:45:15.754638 Oscar: We should add Romeo
2024-10-14 17:45:15.761270 Mike: Yes
2024-10-14 17:45:15.761991 Delta: Yes
ChatterBot Oscar reevaluating
ChatterBot Oscar reevaluating
2024-10-14 17:45:15.782233 Delta: We should drop November
ChatterBot Oscar reevaluating
2024-10-14 17:45:15.793531 Romeo: Yes
2024-10-14 17:45:15.793845 Oscar: Yes
2024-10-14 17:45:15.794996 Mike: Yes
ChatterBot Oscar reevaluating
ChatterBot Oscar reevaluating
2024-10-14 17:45:15.842371 Victor: November and Kilo, sending you 2
2024-10-14 17:45:15.856049 Victor: Bravo, sending you 5
2024-10-14 17:45:15.856542 Romeo: Mike and Oscar, sending you 3
2024-10-14 17:45:15.856955 Delta: Sending you each 5
2024-10-14 17:45:15.857774 Mike: Delta and Oscar, sending you 5
2024-10-14 17:45:15.858153 Papa: November, sending you 2
2024-10-14 17:45:15.859215 Bravo: November, Kilo and Uniform, sending you 2
2024-10-14 17:45:15.859713 Kilo: November, Bravo and Victor, sending you 2
2024-10-14 17:45:15.861114 Uniform: November, Victor, Kilo and Papa, sending you 3
2024-10-14 17:45:15.861596 November: Bravo, Kilo and Papa, sending you 3
2024-10-14 17:45:15.862591 Victor: Papa and Uniform, sending you 4
2024-10-14 17:45:15.863065 Romeo: Delta, sending you 4
2024-10-14 17:45:15.863908 Papa: Bravo, Kilo and Uniform, sending you 4
2024-10-14 17:45:15.864399 Mike: Romeo, sending you 4
2024-10-14 17:45:15.865208 Kilo: Papa and Uniform, sending you 3
2024-10-14 17:45:15.865639 Uniform: Bravo, sending you 2
2024-10-14 17:45:15.866107 Bravo: Victor, sending you 3
2024-10-14 17:45:15.867069 November: Victor, sending you 2
2024-10-14 17:45:15.867420 Oscar: Same as last round
2024-10-14 17:45:15.868242 Papa: Victor, sending you 5
2024-10-14 17:45:15.886714 November: Delta and Uniform, sending you 4
2024-10-14 17:45:15.887275 Bravo: Papa, sending you 4
chatterbot Papa submitting transactions
chatterbot Kilo submitting transactions
chatterbot Mike submitting transactions
chatterbot Oscar submitting transactions
chatterbot Romeo submitting transactions
chatterbot Victor submitting transactions
chatterbot Delta submitting transactions
chatterbot November submitting transactions
chatterbot Bravo submitting transactions
chatterbot Uniform submitting transactions
ChatterBot Mike round 4
ChatterBot November round 4
ChatterBot Bravo round 4
ChatterBot Victor round 4
ChatterBot Delta round 4
ChatterBot Kilo round 4
ChatterBot Papa round 4
ChatterBot Oscar round 4
ChatterBot Romeo round 4
ChatterBot Uniform round 4
2024-10-14 17:45:17.040190 November: We should drop Delta
2024-10-14 17:45:17.051489 Uniform: Yes
2024-10-14 17:45:17.051688 Bravo: Yes
2024-10-14 17:45:17.051827 Victor: Yes
2024-10-14 17:45:17.051944 Kilo: Yes
2024-10-14 17:45:17.052060 Papa: Yes
ChatterBot November reevaluating
ChatterBot November reevaluating
ChatterBot November reevaluating
ChatterBot November reevaluating
ChatterBot November reevaluating
2024-10-14 17:45:17.114093 Oscar: We should add Romeo
2024-10-14 17:45:17.119272 Mike: Yes
2024-10-14 17:45:17.119422 Delta: Yes
ChatterBot Oscar reevaluating
2024-10-14 17:45:17.131717 Oscar: We should replace Mike with Romeo
2024-10-14 17:45:17.133959 Delta: No
ChatterBot Oscar reevaluating
2024-10-14 17:45:17.141146 Kilo: November, Bravo and Victor, sending you 2
2024-10-14 17:45:17.144083 Romeo: Mike and Oscar, sending you 3
2024-10-14 17:45:17.144689 Mike: Delta and Oscar, sending you 6
2024-10-14 17:45:17.145118 Kilo: Papa and Uniform, sending you 3
2024-10-14 17:45:17.147185 Romeo: Delta, sending you 4
2024-10-14 17:45:17.148684 Mike: Romeo, sending you 4
2024-10-14 17:45:17.150203 Victor: November and Kilo, sending you 2
2024-10-14 17:45:17.150735 Papa: November, sending you 2
2024-10-14 17:45:17.151227 Bravo: November and Uniform, sending you 2
2024-10-14 17:45:17.151550 Delta: Same as last round
2024-10-14 17:45:17.152684 November: Bravo, Kilo, Papa and Uniform, sending you 4
2024-10-14 17:45:17.154675 Papa: Bravo, Kilo and Uniform, sending you 4
2024-10-14 17:45:17.155934 Victor: Bravo and Uniform, sending you 4
2024-10-14 17:45:17.156401 Bravo: Victor and Papa, sending you 4
2024-10-14 17:45:17.156815 November: Victor, sending you 3
2024-10-14 17:45:17.157702 Oscar: Same as last round
2024-10-14 17:45:17.158698 Victor: Papa, sending you 6
2024-10-14 17:45:17.159695 Papa: Victor, sending you 5
2024-10-14 17:45:17.160211 Bravo: Kilo, sending you 1
2024-10-14 17:45:17.162666 Uniform: November, Victor, Kilo and Papa, sending you 3
2024-10-14 17:45:17.167664 Uniform: Bravo, sending you 2
chatterbot Bravo submitting transactions
chatterbot Delta submitting transactions
chatterbot Papa submitting transactions
chatterbot Victor submitting transactions
chatterbot Mike submitting transactions
chatterbot Romeo submitting transactions
chatterbot Kilo submitting transactions
chatterbot Oscar submitting transactions
chatterbot November submitting transactions
chatterbot Uniform submitting transactions
ChatterBot Mike round 5
ChatterBot November round 5
ChatterBot Bravo round 5
ChatterBot Victor round 5
ChatterBot Delta round 5
ChatterBot Kilo round 5
ChatterBot Papa round 5
ChatterBot Oscar round 5
ChatterBot Romeo round 5
ChatterBot Uniform round 5
2024-10-14 17:45:18.498122 Oscar: We should add Romeo
2024-10-14 17:45:18.502032 Mike: Yes
2024-10-14 17:45:18.502187 Delta: Yes
ChatterBot Oscar reevaluating
2024-10-14 17:45:18.511036 Oscar: We should replace Mike with Romeo
2024-10-14 17:45:18.513592 Delta: No
ChatterBot Oscar reevaluating
2024-10-14 17:45:18.516561 November: Bravo, Kilo, Papa and Uniform, sending you 4
2024-10-14 17:45:18.521680 November: Victor, sending you 3
2024-10-14 17:45:18.522661 Mike: Delta and Oscar, sending you 6
2024-10-14 17:45:18.526675 Mike: Romeo, sending you 4
2024-10-14 17:45:18.527680 Delta: Same as last round
2024-10-14 17:45:18.529674 Oscar: Romeo we want you to join our group
2024-10-14 17:45:18.534336 Romeo: Yes
ChatterBot Oscar reevaluating
2024-10-14 17:45:18.542626 Oscar: We should replace Delta with Romeo
2024-10-14 17:45:18.545437 Mike: No
ChatterBot Oscar reevaluating
2024-10-14 17:45:18.549149 Kilo: November, Bravo and Victor, sending you 2
2024-10-14 17:45:18.550249 Uniform: November, Victor, Kilo and Papa, sending you 3
2024-10-14 17:45:18.550853 Romeo: Mike and Oscar, sending you 3
2024-10-14 17:45:18.551198 Victor: November and Kilo, sending you 2
2024-10-14 17:45:18.551822 Papa: November, sending you 2
2024-10-14 17:45:18.553665 Bravo: November and Uniform, sending you 2
2024-10-14 17:45:18.554341 Uniform: Bravo, sending you 2
2024-10-14 17:45:18.554813 Romeo: Delta, sending you 4
2024-10-14 17:45:18.555143 Kilo: Papa and Uniform, sending you 3
2024-10-14 17:45:18.555647 Victor: Bravo and Papa, sending you 5
2024-10-14 17:45:18.556210 Papa: Bravo, Kilo and Uniform, sending you 4
2024-10-14 17:45:18.557310 Bravo: Victor and Papa, sending you 4
2024-10-14 17:45:18.559671 Victor: Uniform, sending you 4
2024-10-14 17:45:18.560768 Papa: Victor, sending you 5
2024-10-14 17:45:18.561203 Bravo: Kilo, sending you 1
2024-10-14 17:45:18.584664 Oscar: Sending you each 8
chatterbot Victor submitting transactions
chatterbot Uniform submitting transactions
chatterbot November submitting transactions
chatterbot Kilo submitting transactions
chatterbot Oscar submitting transactions
chatterbot Papa submitting transactions
chatterbot Bravo submitting transactions
chatterbot Mike submitting transactions
chatterbot Romeo submitting transactions
chatterbot Delta submitting transactions
ChatterBot Mike round 6
ChatterBot November round 6
ChatterBot Bravo round 6
ChatterBot Victor round 6
ChatterBot Delta round 6
ChatterBot Kilo round 6
ChatterBot Papa round 6
ChatterBot Oscar round 6
ChatterBot Romeo round 6
ChatterBot Uniform round 6
2024-10-14 17:45:19.733300 Oscar: We should replace Mike with Delta
2024-10-14 17:45:19.735931 Romeo: No
2024-10-14 17:45:19.743973 Oscar: Delta we want you to join our group
2024-10-14 17:45:19.746540 Delta: Yes
ChatterBot Oscar reevaluating
2024-10-14 17:45:19.751933 Oscar: We should add Delta
2024-10-14 17:45:19.757598 Mike: Yes
2024-10-14 17:45:19.757758 Romeo: Yes
ChatterBot Oscar reevaluating
ChatterBot Oscar reevaluating
2024-10-14 17:45:19.768222 Bravo: November and Uniform, sending you 2
2024-10-14 17:45:19.768806 Mike: Delta and Oscar, sending you 6
2024-10-14 17:45:19.771682 Bravo: Victor and Papa, sending you 4
2024-10-14 17:45:19.772279 Mike: Romeo, sending you 3
2024-10-14 17:45:19.772649 Victor: November and Kilo, sending you 2
2024-10-14 17:45:19.773119 Kilo: November, Bravo and Victor, sending you 2
2024-10-14 17:45:19.773579 Romeo: Mike and Oscar, sending you 3
2024-10-14 17:45:19.773933 Delta: Mike, sending you 6
2024-10-14 17:45:19.774290 November: Bravo, Kilo, Papa and Uniform, sending you 4
2024-10-14 17:45:19.774824 Bravo: Kilo, sending you 1
2024-10-14 17:45:19.775966 Victor: Bravo and Papa, sending you 5
2024-10-14 17:45:19.776484 Kilo: Papa and Uniform, sending you 3
2024-10-14 17:45:19.777648 Romeo: Delta, sending you 4
2024-10-14 17:45:19.777982 November: Victor, sending you 3
2024-10-14 17:45:19.778656 Delta: Oscar and Romeo, sending you 5
2024-10-14 17:45:19.779272 Papa: November, sending you 2
2024-10-14 17:45:19.779803 Victor: Uniform, sending you 4
2024-10-14 17:45:19.784655 Papa: Bravo, Kilo and Uniform, sending you 4
2024-10-14 17:45:19.787868 Papa: Victor, sending you 5
2024-10-14 17:45:19.790680 Uniform: November, Victor, Kilo and Papa, sending you 3
2024-10-14 17:45:19.795654 Uniform: Bravo, sending you 2
2024-10-14 17:45:19.800702 Oscar: Sending you each 8
chatterbot Uniform submitting transactions
chatterbot Victor submitting transactions
chatterbot Papa submitting transactions
chatterbot Mike submitting transactions
chatterbot Kilo submitting transactions
chatterbot Bravo submitting transactions
chatterbot Romeo submitting transactions
chatterbot Delta submitting transactions
chatterbot November submitting transactions
chatterbot Oscar submitting transactions
ChatterBot Mike round 7
ChatterBot November round 7
ChatterBot Bravo round 7
ChatterBot Victor round 7
ChatterBot Delta round 7
ChatterBot Kilo round 7
ChatterBot Papa round 7
ChatterBot Oscar round 7
ChatterBot Romeo round 7
ChatterBot Uniform round 7
2024-10-14 17:45:21.048469 Oscar: We should replace Romeo with Mike
2024-10-14 17:45:21.051213 Delta: No
ChatterBot Oscar reevaluating
2024-10-14 17:45:21.057661 Victor: November and Kilo, sending you 2
2024-10-14 17:45:21.059685 Mike: Delta, sending you 4
2024-10-14 17:45:21.062669 Victor: Bravo and Papa, sending you 5
2024-10-14 17:45:21.063764 Mike: Oscar and Romeo, sending you 3
2024-10-14 17:45:21.065987 Delta: Mike and Romeo, sending you 5
2024-10-14 17:45:21.066945 Victor: Uniform, sending you 4
2024-10-14 17:45:21.068137 November: Bravo, Kilo, Papa and Uniform, sending you 4
2024-10-14 17:45:21.070401 Romeo: Mike and Oscar, sending you 3
2024-10-14 17:45:21.071288 Delta: Oscar, sending you 6
2024-10-14 17:45:21.071910 Papa: November, sending you 2
2024-10-14 17:45:21.072846 Kilo: November, Bravo and Victor, sending you 2
2024-10-14 17:45:21.074686 November: Victor, sending you 3
2024-10-14 17:45:21.075984 Romeo: Delta, sending you 4
2024-10-14 17:45:21.077387 Uniform: November, Victor, Kilo and Papa, sending you 3
2024-10-14 17:45:21.078587 Papa: Bravo, Kilo and Uniform, sending you 4
2024-10-14 17:45:21.081482 Kilo: Papa and Uniform, sending you 3
2024-10-14 17:45:21.083521 Bravo: November, Kilo and Uniform, sending you 2
2024-10-14 17:45:21.084491 Uniform: Bravo, sending you 2
2024-10-14 17:45:21.086033 Papa: Victor, sending you 5
2024-10-14 17:45:21.087243 Oscar: Same as last round
2024-10-14 17:45:21.087910 Bravo: Victor, sending you 4
2024-10-14 17:45:21.094691 Bravo: Papa, sending you 3
chatterbot Bravo submitting transactions
chatterbot Mike submitting transactions
chatterbot Oscar submitting transactions
chatterbot Victor submitting transactions
chatterbot Kilo submitting transactions
chatterbot Uniform submitting transactions
chatterbot Papa submitting transactions
chatterbot November submitting transactions
chatterbot Romeo submitting transactions
chatterbot Delta submitting transactions
ChatterBot Mike round 8
ChatterBot November round 8
ChatterBot Bravo round 8
ChatterBot Victor round 8
ChatterBot Delta round 8
ChatterBot Kilo round 8
ChatterBot Papa round 8
ChatterBot Oscar round 8
ChatterBot Romeo round 8
ChatterBot Uniform round 8
2024-10-14 17:45:22.125688 Victor: November and Kilo, sending you 2
2024-10-14 17:45:22.128661 Bravo: November, Kilo and Uniform, sending you 2
2024-10-14 17:45:22.129652 Mike: Delta, sending you 7
2024-10-14 17:45:22.130676 Victor: Bravo, sending you 4
2024-10-14 17:45:22.133655 Bravo: Victor, sending you 4
2024-10-14 17:45:22.134153 Mike: Oscar, sending you 5
2024-10-14 17:45:22.135663 Papa: November and Kilo, sending you 1
2024-10-14 17:45:22.136209 Victor: Papa, sending you 5
2024-10-14 17:45:22.137665 Uniform: November, Victor, Kilo and Papa, sending you 3
2024-10-14 17:45:22.138185 Bravo: Papa, sending you 3
2024-10-14 17:45:22.138720 Mike: Romeo, sending you 4
2024-10-14 17:45:22.139037 Papa: Bravo, Victor and Uniform, sending you 2
2024-10-14 17:45:22.139415 Papa: I was attacked by Mike
ChatterBot Uniform reevaluating
ChatterBot November reevaluating
ChatterBot Bravo reevaluating
ChatterBot Victor reevaluating
ChatterBot Kilo reevaluating
2024-10-14 17:45:22.150397 Papa: Ow
2024-10-14 17:45:22.151175 Bravo: We should add Oscar
ChatterBot Uniform reevaluating
ChatterBot November reevaluating
ChatterBot Victor reevaluating
ChatterBot Kilo reevaluating
2024-10-14 17:45:22.162063 Uniform: No
2024-10-14 17:45:22.162195 November: No
2024-10-14 17:45:22.162305 Victor: No
2024-10-14 17:45:22.162409 Kilo: No
2024-10-14 17:45:22.162514 Papa: No
ChatterBot November reevaluating
ChatterBot Bravo reevaluating
ChatterBot Victor reevaluating
ChatterBot Kilo reevaluating
ChatterBot Uniform reevaluating
ChatterBot Bravo reevaluating
ChatterBot Victor reevaluating
ChatterBot Kilo reevaluating
ChatterBot Uniform reevaluating
ChatterBot November reevaluating
ChatterBot Bravo reevaluating
ChatterBot Kilo reevaluating
ChatterBot Uniform reevaluating
ChatterBot November reevaluating
ChatterBot Bravo reevaluating
ChatterBot Victor reevaluating
ChatterBot Uniform reevaluating
ChatterBot November reevaluating
ChatterBot Bravo reevaluating
ChatterBot Victor reevaluating
ChatterBot Kilo reevaluating
2024-10-14 17:45:22.218563 Delta: Mike and Romeo, sending you 5
2024-10-14 17:45:22.218964 Oscar: Same as last round
2024-10-14 17:45:22.222702 Romeo: Mike and Oscar, sending you 3
2024-10-14 17:45:22.223701 Delta: Oscar, sending you 6
2024-10-14 17:45:22.225681 Romeo: Delta, sending you 4
2024-10-14 17:45:22.237671 Uniform: Bravo, sending you 2
2024-10-14 17:45:22.244668 November: Bravo, Kilo, Papa and Uniform, sending you 4
2024-10-14 17:45:22.246691 Victor: Bravo, sending you 5
2024-10-14 17:45:22.247682 November: Victor, sending you 3
2024-10-14 17:45:22.249781 Victor: Papa, sending you 6
2024-10-14 17:45:22.252662 Victor: Uniform, sending you 4
chatterbot Delta submitting transactions
chatterbot Romeo submitting transactions
chatterbot Papa submitting transactions
chatterbot Oscar submitting transactions
chatterbot Uniform submitting transactions
chatterbot Bravo submitting transactions
chatterbot November submitting transactions
chatterbot Mike submitting transactions
chatterbot Victor submitting transactions
chatterbot Kilo submitting transactions
ChatterBot Mike round 9
ChatterBot November round 9
ChatterBot Bravo round 9
ChatterBot Victor round 9
ChatterBot Delta round 9
ChatterBot Kilo round 9
ChatterBot Papa round 9
ChatterBot Oscar round 9
ChatterBot Romeo round 9
ChatterBot Uniform round 9
2024-10-14 17:45:23.223980 Oscar: We should replace Romeo with Mike
2024-10-14 17:45:23.226436 Delta: No
2024-10-14 17:45:23.243673 Oscar: Mike we want you to join our group
2024-10-14 17:45:23.246956 Mike: Yes
2024-10-14 17:45:23.254802 Mike: Delta, sending you 4
2024-10-14 17:45:23.258649 Mike: Oscar and Romeo, sending you 3
2024-10-14 17:45:23.259694 Bravo: November, Kilo and Uniform, sending you 2
2024-10-14 17:45:23.261159 November: Bravo, Victor, Kilo and Uniform, sending you 4
2024-10-14 17:45:23.261855 Papa: November, sending you 1
2024-10-14 17:45:23.264683 Papa: Bravo, Kilo and Uniform, sending you 3
2024-10-14 17:45:23.265697 Bravo: Victor, sending you 4
2024-10-14 17:45:23.266593 November: Papa, sending you 3
2024-10-14 17:45:23.267672 Uniform: November, Victor, Kilo and Papa, sending you 3
2024-10-14 17:45:23.268311 Victor: November and Kilo, sending you 2
2024-10-14 17:45:23.268917 Papa: Victor, sending you 4
2024-10-14 17:45:23.269703 Bravo: Papa, sending you 3
2024-10-14 17:45:23.270684 Uniform: Bravo, sending you 1
2024-10-14 17:45:23.273733 Victor: Bravo, sending you 5
2024-10-14 17:45:23.274882 Delta: Sending you each 5
2024-10-14 17:45:23.275693 Oscar: Sending you each 8
2024-10-14 17:45:23.277660 Romeo: Mike and Delta, sending you 3
2024-10-14 17:45:23.278663 Victor: Papa and Uniform, sending you 4
2024-10-14 17:45:23.280668 Romeo: Oscar, sending you 4
chatterbot Mike submitting transactions
chatterbot Kilo submitting transactions
chatterbot Oscar submitting transactions
chatterbot Papa submitting transactions
chatterbot Uniform submitting transactions
chatterbot Victor submitting transactions
chatterbot Delta submitting transactions
chatterbot November submitting transactions
chatterbot Bravo submitting transactions
chatterbot Romeo submitting transactions
ChatterBot Mike round 10
ChatterBot November round 10
ChatterBot Bravo round 10
ChatterBot Victor round 10
ChatterBot Delta round 10
ChatterBot Kilo round 10
ChatterBot Papa round 10
ChatterBot Oscar round 10
ChatterBot Romeo round 10
ChatterBot Uniform round 10
2024-10-14 17:45:24.478664 Mike: Delta, sending you 3
2024-10-14 17:45:24.481544 Delta: Mike and Romeo, sending you 5
2024-10-14 17:45:24.482216 November: Bravo, Victor, Kilo and Uniform, sending you 4
2024-10-14 17:45:24.483174 Bravo: November, Kilo and Uniform, sending you 2
2024-10-14 17:45:24.484937 Papa: November, Bravo, Kilo and Uniform, sending you 3
2024-10-14 17:45:24.485764 Mike: Oscar and Romeo, sending you 2
2024-10-14 17:45:24.486433 Mike: I was attacked by Victor and Uniform
ChatterBot Romeo reevaluating
ChatterBot Oscar reevaluating
ChatterBot Delta reevaluating
2024-10-14 17:45:24.498446 Mike: Ow
2024-10-14 17:45:24.499867 November: Papa, sending you 3
2024-10-14 17:45:24.500850 Papa: Victor, sending you 4
2024-10-14 17:45:24.502229 Bravo: Victor, sending you 4
2024-10-14 17:45:24.503662 Victor: November and Kilo, sending you 1
2024-10-14 17:45:24.505686 Uniform: November, Victor, Kilo and Papa, sending you 3
2024-10-14 17:45:24.506966 Bravo: Papa, sending you 3
2024-10-14 17:45:24.508306 Victor: Bravo and Papa, sending you 3
2024-10-14 17:45:24.509691 Uniform: Bravo, sending you 2
2024-10-14 17:45:24.512651 Victor: Uniform, sending you 2
2024-10-14 17:45:24.513278 Victor: I was attacked by Mike
ChatterBot Uniform reevaluating
ChatterBot November reevaluating
ChatterBot Bravo reevaluating
ChatterBot Kilo reevaluating
ChatterBot Papa reevaluating
2024-10-14 17:45:24.528554 Victor: Ow
2024-10-14 17:45:24.533650 Romeo: Mike and Oscar, sending you 3
2024-10-14 17:45:24.536659 Romeo: Delta, sending you 4
2024-10-14 17:45:24.560668 Papa: November, sending you 2
2024-10-14 17:45:24.565662 Papa: Bravo, Victor, Kilo and Uniform, sending you 3
chatterbot Mike submitting transactions
chatterbot Oscar submitting transactions
chatterbot Papa submitting transactions
chatterbot Bravo submitting transactions
chatterbot Romeo submitting transactions
chatterbot Victor submitting transactions
chatterbot November submitting transactions
chatterbot Kilo submitting transactions
chatterbot Delta submitting transactions
chatterbot Uniform submitting transactions
ChatterBot Mike round 11
ChatterBot November round 11
ChatterBot Bravo round 11
ChatterBot Victor round 11
ChatterBot Delta round 11
ChatterBot Kilo round 11
ChatterBot Papa round 11
ChatterBot Oscar round 11
ChatterBot Romeo round 11
ChatterBot Uniform round 11
2024-10-14 17:45:25.813664 Bravo: November, Kilo and Uniform, sending you 2
2024-10-14 17:45:25.818658 Papa: November, sending you 2
2024-10-14 17:45:25.819835 Bravo: Victor, sending you 4
2024-10-14 17:45:25.820673 November: Bravo, Kilo, Papa and Uniform, sending you 4
2024-10-14 17:45:25.821846 Oscar: Same as last round
2024-10-14 17:45:25.823681 Mike: I was attacked by Victor and Papa
ChatterBot Romeo reevaluating
ChatterBot Oscar reevaluating
ChatterBot Delta reevaluating
2024-10-14 17:45:25.833753 Mike: I'm keeping this round to protect myself
2024-10-14 17:45:25.834580 Mike: Ow
2024-10-14 17:45:25.834931 Papa: Bravo, Victor, Kilo and Uniform, sending you 4
2024-10-14 17:45:25.835674 Bravo: Papa, sending you 3
2024-10-14 17:45:25.836951 November: Victor, sending you 3
2024-10-14 17:45:25.837676 Victor: November and Kilo, sending you 2
2024-10-14 17:45:25.840732 Victor: Bravo, sending you 6
2024-10-14 17:45:25.842699 Uniform: November, Victor, Kilo and Papa, sending you 3
2024-10-14 17:45:25.845671 Victor: Papa, sending you 4
2024-10-14 17:45:25.846702 Uniform: Bravo, sending you 2
2024-10-14 17:45:25.851004 Victor: Uniform, sending you 3
2024-10-14 17:45:25.857655 Romeo: Mike and Oscar, sending you 3
2024-10-14 17:45:25.858261 Delta: Sending you each 5
2024-10-14 17:45:25.862672 Romeo: Delta, sending you 4
chatterbot Uniform submitting transactions
chatterbot Papa submitting transactions
chatterbot Oscar submitting transactions
chatterbot Bravo submitting transactions
chatterbot Kilo submitting transactions
chatterbot Romeo submitting transactions
chatterbot Mike submitting transactions
chatterbot Victor submitting transactions
chatterbot Delta submitting transactions
chatterbot November submitting transactions
ChatterBot Mike round 12
ChatterBot November round 12
ChatterBot Bravo round 12
ChatterBot Victor round 12
ChatterBot Delta round 12
ChatterBot Kilo round 12
ChatterBot Papa round 12
ChatterBot Oscar round 12
ChatterBot Romeo round 12
ChatterBot Uniform round 12
2024-10-14 17:45:27.022916 Oscar: We should replace Mike with Romeo
2024-10-14 17:45:27.026959 Delta: No
2024-10-14 17:45:27.035749 Oscar: Romeo we want you to join our group
ChatterBot Romeo reevaluating
2024-10-14 17:45:27.038481 Romeo: Yes
2024-10-14 17:45:27.042713 November: Bravo, Kilo, Papa and Uniform, sending you 4
2024-10-14 17:45:27.043827 Bravo: November, Kilo and Uniform, sending you 2
2024-10-14 17:45:27.046669 November: Victor, sending you 3
2024-10-14 17:45:27.047465 Bravo: Victor, sending you 4
2024-10-14 17:45:27.048430 Delta: Same as last round
2024-10-14 17:45:27.049793 Romeo: We should drop Mike
2024-10-14 17:45:27.055008 Oscar: Yes
2024-10-14 17:45:27.055167 Delta: No
ChatterBot Romeo reevaluating
ChatterBot Romeo reevaluating
2024-10-14 17:45:27.068828 Bravo: Papa, sending you 3
2024-10-14 17:45:27.069651 Victor: November and Kilo, sending you 2
2024-10-14 17:45:27.070343 Papa: November, sending you 3
2024-10-14 17:45:27.072750 Victor: Bravo, sending you 6
2024-10-14 17:45:27.074684 Oscar: Sending you each 8
2024-10-14 17:45:27.075118 Uniform: November, Victor, Kilo and Papa, sending you 3
2024-10-14 17:45:27.076293 Papa: Bravo, Victor, Kilo and Uniform, sending you 4
2024-10-14 17:45:27.076966 Victor: Papa, sending you 4
2024-10-14 17:45:27.079660 Uniform: Bravo, sending you 2
2024-10-14 17:45:27.081660 Victor: Uniform, sending you 3
2024-10-14 17:45:27.090658 Romeo: Mike and Oscar, sending you 3
2024-10-14 17:45:27.095665 Romeo: Delta, sending you 4
chatterbot Bravo submitting transactions
chatterbot Uniform submitting transactions
chatterbot Oscar submitting transactions
chatterbot November submitting transactions
chatterbot Romeo submitting transactions
chatterbot Mike submitting transactions
chatterbot Victor submitting transactions
chatterbot Delta submitting transactions
chatterbot Kilo submitting transactions
chatterbot Papa submitting transactions
ChatterBot Mike round 13
ChatterBot November round 13
ChatterBot Bravo round 13
ChatterBot Victor round 13
ChatterBot Delta round 13
ChatterBot Kilo round 13
ChatterBot Papa round 13
ChatterBot Oscar round 13
ChatterBot Romeo round 13
ChatterBot Uniform round 13
2024-10-14 17:45:28.223999 Romeo: We should drop Mike
2024-10-14 17:45:28.230299 Oscar: Yes
2024-10-14 17:45:28.230530 Delta: No
2024-10-14 17:45:28.243226 November: Bravo, Kilo, Papa and Uniform, sending you 4
2024-10-14 17:45:28.247683 November: Victor, sending you 3
2024-10-14 17:45:28.248560 Bravo: November, Kilo and Uniform, sending you 2
2024-10-14 17:45:28.249449 Oscar: Same as last round
2024-10-14 17:45:28.249783 Victor: November and Kilo, sending you 2
2024-10-14 17:45:28.250433 Delta: Same as last round
2024-10-14 17:45:28.253697 Bravo: Victor, sending you 4
2024-10-14 17:45:28.254713 Victor: Bravo and Papa, sending you 5
2024-10-14 17:45:28.256575 Papa: November, sending you 3
2024-10-14 17:45:28.258059 Uniform: November, Victor, Kilo and Papa, sending you 3
2024-10-14 17:45:28.259409 Bravo: Papa, sending you 3
2024-10-14 17:45:28.260886 Victor: Uniform, sending you 4
2024-10-14 17:45:28.262390 Papa: Bravo, Victor, Kilo and Uniform, sending you 4
2024-10-14 17:45:28.263891 Uniform: Bravo, sending you 2
2024-10-14 17:45:28.265567 Romeo: Sending you each 5
chatterbot Victor submitting transactions
chatterbot Romeo submitting transactions
chatterbot Oscar submitting transactions
chatterbot Mike submitting transactions
chatterbot Bravo submitting transactions
chatterbot Papa submitting transactions
chatterbot Delta submitting transactions
chatterbot Kilo submitting transactions
chatterbot Uniform submitting transactions
chatterbot November submitting transactions
ChatterBot Mike round 14
ChatterBot November round 14
ChatterBot Bravo round 14
ChatterBot Victor round 14
ChatterBot Delta round 14
ChatterBot Kilo round 14
ChatterBot Papa round 14
ChatterBot Oscar round 14
ChatterBot Romeo round 14
ChatterBot Uniform round 14
2024-10-14 17:45:29.295649 November: Bravo, Kilo, Papa and Uniform, sending you 4
2024-10-14 17:45:29.300146 November: Victor, sending you 3
2024-10-14 17:45:29.301595 Oscar: Same as last round
2024-10-14 17:45:29.302301 Mike: Delta, sending you 3
2024-10-14 17:45:29.303700 Papa: November, sending you 3
2024-10-14 17:45:29.307621 Mike: Oscar and Romeo, sending you 1
2024-10-14 17:45:29.308385 Bravo: November, Kilo and Uniform, sending you 2
2024-10-14 17:45:29.310587 Delta: Same as last round
2024-10-14 17:45:29.311260 Uniform: November, Victor, Kilo and Papa, sending you 3
2024-10-14 17:45:29.313862 Victor: November and Kilo, sending you 2
2024-10-14 17:45:29.318204 Papa: Bravo, Victor, Kilo and Uniform, sending you 4
2024-10-14 17:45:29.319855 Bravo: Victor, sending you 4
2024-10-14 17:45:29.322159 Uniform: Bravo, sending you 2
2024-10-14 17:45:29.324563 Romeo: Same as last round
2024-10-14 17:45:29.329242 Victor: Bravo, sending you 6
2024-10-14 17:45:29.330964 Bravo: Papa, sending you 3
2024-10-14 17:45:29.333697 Victor: Papa and Uniform, sending you 4
chatterbot November submitting transactions
chatterbot Romeo submitting transactions
chatterbot Oscar submitting transactions
chatterbot Victor submitting transactions
chatterbot Bravo submitting transactions
chatterbot Papa submitting transactions
chatterbot Mike submitting transactions
chatterbot Delta submitting transactions
chatterbot Kilo submitting transactions
chatterbot Uniform submitting transactions
ChatterBot Mike round 15
ChatterBot November round 15
ChatterBot Bravo round 15
ChatterBot Victor round 15
ChatterBot Delta round 15
ChatterBot Kilo round 15
ChatterBot Papa round 15
ChatterBot Oscar round 15
ChatterBot Romeo round 15
ChatterBot Uniform round 15
2024-10-14 17:45:30.469689 November: Bravo, Kilo, Papa and Uniform, sending you 4
2024-10-14 17:45:30.472681 Bravo: November, Kilo and Uniform, sending you 2
2024-10-14 17:45:30.475666 November: Victor, sending you 3
2024-10-14 17:45:30.477661 Bravo: Victor, sending you 4
2024-10-14 17:45:30.478836 Victor: November, Kilo, Papa and Uniform, sending you 1
2024-10-14 17:45:30.481688 Bravo: Papa, sending you 3
2024-10-14 17:45:30.483383 Delta: Same as last round
2024-10-14 17:45:30.484678 Victor: Bravo, sending you 2
2024-10-14 17:45:30.485860 Uniform: November, Victor, Kilo and Papa, sending you 3
2024-10-14 17:45:30.487403 Papa: November, sending you 3
2024-10-14 17:45:30.489166 Romeo: Same as last round
2024-10-14 17:45:30.489828 Uniform: Bravo, sending you 2
2024-10-14 17:45:30.491007 Mike: Delta, sending you 4
2024-10-14 17:45:30.491939 Papa: Bravo, Victor, Kilo and Uniform, sending you 4
2024-10-14 17:45:30.495047 Oscar: Same as last round
2024-10-14 17:45:30.495475 Mike: Oscar and Romeo, sending you 2
chatterbot Oscar submitting transactions
chatterbot Papa submitting transactions
chatterbot Uniform submitting transactions
chatterbot Delta submitting transactions
chatterbot Mike submitting transactions
chatterbot November submitting transactions
chatterbot Kilo submitting transactions
chatterbot Romeo submitting transactions
chatterbot Bravo submitting transactions
chatterbot Victor submitting transactions
ChatterBot Mike round 16
ChatterBot November round 16
ChatterBot Bravo round 16
ChatterBot Victor round 16
ChatterBot Delta round 16
ChatterBot Kilo round 16
ChatterBot Papa round 16
ChatterBot Oscar round 16
ChatterBot Romeo round 16
ChatterBot Uniform round 16
2024-10-14 17:45:31.650462 Mike: I was attacked by Victor
ChatterBot Romeo reevaluating
ChatterBot Oscar reevaluating
ChatterBot Delta reevaluating
2024-10-14 17:45:31.663954 Mike: I'm keeping this round to protect myself
2024-10-14 17:45:31.665442 Mike: Ow
2024-10-14 17:45:31.668660 Bravo: November, Kilo and Uniform, sending you 2
2024-10-14 17:45:31.669854 November: Bravo, Kilo, Papa and Uniform, sending you 4
2024-10-14 17:45:31.673665 Bravo: Victor, sending you 4
2024-10-14 17:45:31.675659 November: Victor, sending you 3
2024-10-14 17:45:31.677687 Papa: November, sending you 3
2024-10-14 17:45:31.678658 Bravo: Papa, sending you 3
