ChatterBot Romeo round 1
ChatterBot Echo round 1
ChatterBot Lima round 1
ChatterBot Foxtrot round 1
ChatterBot Tango round 1
ChatterBot Mike round 1
ChatterBot Yankee round 1
ChatterBot Uniform round 1
ChatterBot Quebec round 1
ChatterBot Delta round 1
randomSelections Foxtrot: {Foxtrot, Quebec, Yankee, Mike, Romeo, Echo} 
2024-10-14 17:45:12.538875 Foxtrot: Let's form a team
ChatterBot Quebec reevaluating
ChatterBot Yankee reevaluating
ChatterBot Mike reevaluating
ChatterBot Romeo reevaluating
ChatterBot Echo reevaluating
2024-10-14 17:45:12.555416 Quebec: Yes
2024-10-14 17:45:12.555643 Yankee: Yes
2024-10-14 17:45:12.555880 Mike: Yes
2024-10-14 17:45:12.556510 Romeo: Yes
2024-10-14 17:45:12.556689 Echo: Yes
ChatterBot Yankee reevaluating
ChatterBot Mike reevaluating
ChatterBot Romeo reevaluating
ChatterBot Echo reevaluating
ChatterBot Quebec reevaluating
ChatterBot Mike reevaluating
ChatterBot Romeo reevaluating
ChatterBot Echo reevaluating
ChatterBot Quebec reevaluating
ChatterBot Yankee reevaluating
ChatterBot Romeo reevaluating
ChatterBot Echo reevaluating
ChatterBot Quebec reevaluating
ChatterBot Yankee reevaluating
ChatterBot Mike reevaluating
ChatterBot Echo reevaluating
ChatterBot Quebec reevaluating
ChatterBot Yankee reevaluating
ChatterBot Mike reevaluating
ChatterBot Romeo reevaluating
randomSelections Uniform: {Uniform, Yankee, Lima} 
2024-10-14 17:45:12.630715 Uniform: Let's form a team
ChatterBot Yankee reevaluating
ChatterBot Lima reevaluating
2024-10-14 17:45:12.638478 Yankee: No
2024-10-14 17:45:12.639651 Lima: Yes
ChatterBot Lima reevaluating
ChatterBot Yankee reevaluating
randomSelections Delta: {Delta, Yankee, Tango, Romeo, Mike, Lima} 
2024-10-14 17:45:12.666214 Delta: Group up?
ChatterBot Yankee reevaluating
ChatterBot Tango reevaluating
ChatterBot Romeo reevaluating
ChatterBot Mike reevaluating
ChatterBot Lima reevaluating
2024-10-14 17:45:12.679987 Yankee: No
2024-10-14 17:45:12.681414 Tango: Yes
2024-10-14 17:45:12.681639 Romeo: No
2024-10-14 17:45:12.681846 Mike: No
2024-10-14 17:45:12.682042 Lima: No
ChatterBot Tango reevaluating
ChatterBot Romeo reevaluating
ChatterBot Mike reevaluating
ChatterBot Lima reevaluating
ChatterBot Yankee reevaluating
ChatterBot Romeo reevaluating
ChatterBot Mike reevaluating
ChatterBot Lima reevaluating
ChatterBot Yankee reevaluating
ChatterBot Tango reevaluating
ChatterBot Mike reevaluating
ChatterBot Lima reevaluating
ChatterBot Yankee reevaluating
ChatterBot Tango reevaluating
ChatterBot Romeo reevaluating
ChatterBot Lima reevaluating
ChatterBot Yankee reevaluating
ChatterBot Tango reevaluating
ChatterBot Romeo reevaluating
ChatterBot Mike reevaluating
2024-10-14 17:45:12.770190 Foxtrot: Romeo and Mike, sending you 3
2024-10-14 17:45:12.770632 Yankee: Romeo, sending you 3
2024-10-14 17:45:12.775140 Foxtrot: Echo and Quebec, sending you 1
2024-10-14 17:45:12.775507 Yankee: Echo, sending you 4
2024-10-14 17:45:12.776936 Echo: Romeo and Quebec, sending you 1
2024-10-14 17:45:12.778968 Mike: Romeo and Foxtrot, sending you 3
2024-10-14 17:45:12.779289 Quebec: Echo and Yankee, sending you 3
2024-10-14 17:45:12.780078 Lima: Yankee, sending you 10
2024-10-14 17:45:12.780307 Echo: Yankee, sending you 2
2024-10-14 17:45:12.784050 Yankee: Foxtrot, sending you 6
2024-10-14 17:45:12.784351 Delta: Romeo, sending you 4
2024-10-14 17:45:12.784605 Romeo: Echo and Foxtrot, sending you 2
2024-10-14 17:45:12.784899 Uniform: Lima and Yankee, sending you 5
2024-10-14 17:45:12.785554 Lima: Uniform, sending you 5
2024-10-14 17:45:12.785763 Mike: Echo, sending you 2
2024-10-14 17:45:12.786044 Quebec: Foxtrot, sending you 6
2024-10-14 17:45:12.786245 Tango: Romeo and Delta, sending you 5
2024-10-14 17:45:12.794400 Yankee: Mike, sending you 2
2024-10-14 17:45:12.794902 Delta: Lima and Tango, sending you 2
2024-10-14 17:45:12.795906 Romeo: Mike, sending you 3
2024-10-14 17:45:12.796356 Mike: Yankee, sending you 1
2024-10-14 17:45:12.797278 Quebec: Mike, sending you 2
2024-10-14 17:45:12.797686 Tango: Mike, sending you 1
2024-10-14 17:45:12.798974 Yankee: Quebec, sending you 1
2024-10-14 17:45:12.799264 Delta: Mike, sending you 6
2024-10-14 17:45:12.800697 Romeo: Yankee, sending you 6
2024-10-14 17:45:12.801682 Mike: Quebec, sending you 4
2024-10-14 17:45:12.802185 Tango: Yankee, sending you 4
2024-10-14 17:45:12.803678 Delta: Yankee, sending you 3
2024-10-14 17:45:12.806087 Romeo: Quebec, sending you 1
chatterbot Delta submitting transactions
chatterbot Uniform submitting transactions
chatterbot Yankee submitting transactions
chatterbot Foxtrot submitting transactions
chatterbot Lima submitting transactions
chatterbot Romeo submitting transactions
chatterbot Echo submitting transactions
chatterbot Tango submitting transactions
chatterbot Quebec submitting transactions
chatterbot Mike submitting transactions
ChatterBot Romeo round 2
ChatterBot Echo round 2
ChatterBot Lima round 2
ChatterBot Foxtrot round 2
ChatterBot Tango round 2
ChatterBot Mike round 2
ChatterBot Yankee round 2
ChatterBot Uniform round 2
ChatterBot Quebec round 2
2024-10-14 17:45:14.016678 Romeo: We should add Tango and Delta
ChatterBot Foxtrot reevaluating
ChatterBot Quebec reevaluating
ChatterBot Yankee reevaluating
ChatterBot Mike reevaluating
ChatterBot Echo reevaluating
2024-10-14 17:45:14.045692 Foxtrot: No
2024-10-14 17:45:14.045867 Quebec: No
2024-10-14 17:45:14.046003 Yankee: No
2024-10-14 17:45:14.046574 Mike: Yes
2024-10-14 17:45:14.046688 Echo: No
ChatterBot Quebec reevaluating
ChatterBot Yankee reevaluating
ChatterBot Mike reevaluating
ChatterBot Echo reevaluating
ChatterBot Foxtrot reevaluating
ChatterBot Yankee reevaluating
ChatterBot Mike reevaluating
ChatterBot Echo reevaluating
ChatterBot Foxtrot reevaluating
ChatterBot Quebec reevaluating
ChatterBot Mike reevaluating
ChatterBot Echo reevaluating
ChatterBot Foxtrot reevaluating
ChatterBot Quebec reevaluating
ChatterBot Yankee reevaluating
ChatterBot Echo reevaluating
ChatterBot Foxtrot reevaluating
ChatterBot Quebec reevaluating
ChatterBot Yankee reevaluating
ChatterBot Mike reevaluating
ChatterBot Delta round 2
2024-10-14 17:45:14.234192 Uniform: We should replace Yankee with Delta
ChatterBot Lima reevaluating
2024-10-14 17:45:14.240322 Lima: Yes
ChatterBot Uniform reevaluating
2024-10-14 17:45:14.246766 Lima: We would work well together
ChatterBot Uniform reevaluating
ChatterBot Tango reevaluating
ChatterBot Delta reevaluating
2024-10-14 17:45:14.263261 Uniform: No
2024-10-14 17:45:14.263437 Tango: Yes
2024-10-14 17:45:14.263595 Delta: Yes
ChatterBot Lima reevaluating
ChatterBot Tango reevaluating
ChatterBot Delta reevaluating
ChatterBot Lima reevaluating
ChatterBot Uniform reevaluating
ChatterBot Delta reevaluating
ChatterBot Lima reevaluating
ChatterBot Uniform reevaluating
ChatterBot Tango reevaluating
2024-10-14 17:45:14.315641 Tango: Let's form a team
ChatterBot Lima reevaluating
ChatterBot Uniform reevaluating
ChatterBot Delta reevaluating
2024-10-14 17:45:14.333676 Lima: Yes
2024-10-14 17:45:14.333919 Uniform: Yes
2024-10-14 17:45:14.334451 Delta: Yes
ChatterBot Uniform reevaluating
ChatterBot Tango reevaluating
ChatterBot Delta reevaluating
ChatterBot Lima reevaluating
ChatterBot Tango reevaluating
ChatterBot Delta reevaluating
ChatterBot Lima reevaluating
ChatterBot Uniform reevaluating
ChatterBot Tango reevaluating
2024-10-14 17:45:14.512045 Echo: Can we be friends?
ChatterBot Yankee reevaluating
2024-10-14 17:45:14.531843 Romeo: Yes
2024-10-14 17:45:14.532644 Yankee: Yes
ChatterBot Echo reevaluating
ChatterBot Yankee reevaluating
ChatterBot Echo reevaluating
2024-10-14 17:45:14.582383 Romeo: Tango and Delta we want you to join our group
ChatterBot Tango reevaluating
ChatterBot Delta reevaluating
2024-10-14 17:45:14.602841 Tango: No
2024-10-14 17:45:14.603135 Delta: No
ChatterBot Romeo reevaluating
ChatterBot Foxtrot reevaluating
ChatterBot Mike reevaluating
ChatterBot Quebec reevaluating
ChatterBot Echo reevaluating
ChatterBot Yankee reevaluating
ChatterBot Delta reevaluating
ChatterBot Romeo reevaluating
ChatterBot Foxtrot reevaluating
ChatterBot Mike reevaluating
ChatterBot Quebec reevaluating
ChatterBot Echo reevaluating
ChatterBot Yankee reevaluating
ChatterBot Tango reevaluating
2024-10-14 17:45:14.742293 Mike: We should add Delta
ChatterBot Foxtrot reevaluating
ChatterBot Romeo reevaluating
ChatterBot Echo reevaluating
2024-10-14 17:45:14.788517 Foxtrot: No
2024-10-14 17:45:14.789165 Quebec: No
2024-10-14 17:45:14.789341 Yankee: No
2024-10-14 17:45:14.789503 Romeo: Yes
2024-10-14 17:45:14.789652 Echo: No
ChatterBot Mike reevaluating
ChatterBot Romeo reevaluating
ChatterBot Echo reevaluating
ChatterBot Foxtrot reevaluating
ChatterBot Mike reevaluating
ChatterBot Romeo reevaluating
ChatterBot Echo reevaluating
ChatterBot Foxtrot reevaluating
ChatterBot Mike reevaluating
ChatterBot Romeo reevaluating
ChatterBot Echo reevaluating
ChatterBot Foxtrot reevaluating
ChatterBot Mike reevaluating
ChatterBot Echo reevaluating
ChatterBot Foxtrot reevaluating
ChatterBot Mike reevaluating
ChatterBot Romeo reevaluating
2024-10-14 17:45:15.099087 Mike: Delta we want you to join our group
2024-10-14 17:45:15.106611 Delta: No
ChatterBot Mike reevaluating
ChatterBot Echo reevaluating
2024-10-14 17:45:15.184070 Tango: Lima and Uniform, sending you 4
2024-10-14 17:45:15.184555 Quebec: Romeo, Echo, Foxtrot and Yankee, sending you 2
2024-10-14 17:45:15.185240 Lima: Tango, sending you 3
2024-10-14 17:45:15.185702 Foxtrot: Romeo and Mike, sending you 1
2024-10-14 17:45:15.188220 Echo: We should drop Foxtrot
2024-10-14 17:45:15.228009 Mike: No
2024-10-14 17:45:15.228370 Quebec: No
2024-10-14 17:45:15.228531 Romeo: No
2024-10-14 17:45:15.229251 Yankee: No
ChatterBot Romeo reevaluating
ChatterBot Echo reevaluating
ChatterBot Romeo reevaluating
ChatterBot Echo reevaluating
ChatterBot Echo reevaluating
ChatterBot Romeo reevaluating
2024-10-14 17:45:15.380125 Yankee: Romeo, sending you 5
2024-10-14 17:45:15.380552 Mike: Tango and Delta we want you to join our group
2024-10-14 17:45:15.388846 Tango: No
2024-10-14 17:45:15.389090 Delta: No
ChatterBot Romeo reevaluating
ChatterBot Echo reevaluating
ChatterBot Romeo reevaluating
ChatterBot Mike reevaluating
ChatterBot Echo reevaluating
2024-10-14 17:45:15.470203 Quebec: Mike, sending you 6
2024-10-14 17:45:15.471173 Tango: Delta, sending you 5
2024-10-14 17:45:15.471433 Lima: Uniform, sending you 7
2024-10-14 17:45:15.471695 Foxtrot: Yankee and Quebec, sending you 3
chatterbot Uniform submitting transactions
chatterbot Lima submitting transactions
2024-10-14 17:45:15.472663 Yankee: Echo, sending you 3
chatterbot Quebec submitting transactions
2024-10-14 17:45:15.473184 Uniform: Lima, sending you 5
2024-10-14 17:45:15.501213 Delta: Tango, sending you 19
2024-10-14 17:45:15.501572 Lima: Delta, sending you 5
2024-10-14 17:45:15.502309 Yankee: Foxtrot and Mike, sending you 2
2024-10-14 17:45:15.502657 Uniform: Tango and Delta, sending you 4
2024-10-14 17:45:15.503512 Romeo: We should drop Echo
ChatterBot Mike reevaluating
2024-10-14 17:45:15.523594 Foxtrot: No
2024-10-14 17:45:15.523809 Mike: No
2024-10-14 17:45:15.523929 Quebec: No
2024-10-14 17:45:15.524037 Yankee: No
ChatterBot Romeo reevaluating
ChatterBot Mike reevaluating
ChatterBot Romeo reevaluating
ChatterBot Romeo reevaluating
ChatterBot Mike reevaluating
ChatterBot Romeo reevaluating
ChatterBot Mike reevaluating
2024-10-14 17:45:15.686345 Yankee: Quebec, sending you 4
chatterbot Tango submitting transactions
2024-10-14 17:45:15.794885 Echo: Romeo, Mike, Yankee and Quebec, sending you 1
2024-10-14 17:45:15.844511 Romeo: Echo, Foxtrot, Mike, Yankee and Delta, sending you 2
2024-10-14 17:45:15.845490 Mike: Romeo, Foxtrot, Tango, Yankee, Quebec and Delta, sending you 2
2024-10-14 17:45:15.868723 Romeo: Tango, sending you 3
2024-10-14 17:45:15.869651 Mike: Echo, sending you 1
2024-10-14 17:45:15.889535 Romeo: Quebec, sending you 1
chatterbot Romeo submitting transactions
chatterbot Echo submitting transactions
chatterbot Mike submitting transactions
chatterbot Yankee submitting transactions
chatterbot Foxtrot submitting transactions
chatterbot Delta submitting transactions
ChatterBot Romeo round 3
ChatterBot Echo round 3
ChatterBot Lima round 3
ChatterBot Foxtrot round 3
ChatterBot Tango round 3
ChatterBot Mike round 3
ChatterBot Yankee round 3
ChatterBot Uniform round 3
ChatterBot Quebec round 3
ChatterBot Delta round 3
2024-10-14 17:45:16.419794 Romeo: We should drop Tango and Delta
2024-10-14 17:45:16.444537 Foxtrot: Yes
2024-10-14 17:45:16.444783 Quebec: Yes
2024-10-14 17:45:16.444992 Yankee: Yes
2024-10-14 17:45:16.445158 Mike: Yes
2024-10-14 17:45:16.445382 Echo: Yes
ChatterBot Mike reevaluating
ChatterBot Romeo reevaluating
ChatterBot Mike reevaluating
ChatterBot Romeo reevaluating
ChatterBot Mike reevaluating
ChatterBot Romeo reevaluating
ChatterBot Romeo reevaluating
ChatterBot Mike reevaluating
ChatterBot Romeo reevaluating
2024-10-14 17:45:16.578954 Delta: We should add Romeo
2024-10-14 17:45:16.592738 Lima: No
2024-10-14 17:45:16.592936 Uniform: No
2024-10-14 17:45:16.593069 Tango: No
ChatterBot Delta reevaluating
ChatterBot Delta reevaluating
ChatterBot Delta reevaluating
2024-10-14 17:45:16.643713 Yankee: Romeo, sending you 4
2024-10-14 17:45:16.644787 Lima: Tango, sending you 5
2024-10-14 17:45:16.662670 Quebec: Romeo and Echo, sending you 2
2024-10-14 17:45:16.663652 Echo: Romeo and Quebec, sending you 1
2024-10-14 17:45:16.664002 Lima: Uniform, sending you 6
2024-10-14 17:45:16.664589 Yankee: Echo, Foxtrot, Mike and Quebec, sending you 3
2024-10-14 17:45:16.664956 Mike: Romeo, Foxtrot and Yankee, sending you 3
2024-10-14 17:45:16.681968 Lima: Delta, sending you 4
2024-10-14 17:45:16.682394 Echo: Yankee, sending you 2
2024-10-14 17:45:16.682906 Delta: Lima, sending you 5
2024-10-14 17:45:16.683658 Quebec: Foxtrot and Mike, sending you 3
2024-10-14 17:45:16.684114 Tango: Sending you each 4
2024-10-14 17:45:16.684424 Foxtrot: Romeo, sending you 1
2024-10-14 17:45:16.685520 Romeo: Foxtrot, Mike and Quebec, sending you 3
2024-10-14 17:45:16.685865 Mike: Quebec, sending you 4
2024-10-14 17:45:16.686196 Uniform: Lima and Tango, sending you 5
2024-10-14 17:45:16.687106 Delta: Tango, sending you 10
2024-10-14 17:45:16.689054 Quebec: Yankee, sending you 4
2024-10-14 17:45:16.689500 Foxtrot: Mike and Quebec, sending you 2
2024-10-14 17:45:16.690677 Romeo: Yankee, sending you 5
2024-10-14 17:45:16.691063 Uniform: Delta, sending you 4
2024-10-14 17:45:16.691346 Delta: Uniform, sending you 4
2024-10-14 17:45:16.695556 Foxtrot: Yankee, sending you 3
chatterbot Uniform submitting transactions
chatterbot Lima submitting transactions
chatterbot Quebec submitting transactions
chatterbot Delta submitting transactions
chatterbot Echo submitting transactions
chatterbot Foxtrot submitting transactions
chatterbot Mike submitting transactions
chatterbot Tango submitting transactions
chatterbot Romeo submitting transactions
chatterbot Yankee submitting transactions
ChatterBot Romeo round 4
ChatterBot Echo round 4
ChatterBot Lima round 4
ChatterBot Foxtrot round 4
ChatterBot Tango round 4
ChatterBot Mike round 4
ChatterBot Yankee round 4
ChatterBot Uniform round 4
ChatterBot Quebec round 4
ChatterBot Delta round 4
2024-10-14 17:45:17.655691 Yankee: Romeo, sending you 4
2024-10-14 17:45:17.657147 Echo: Romeo and Quebec, sending you 1
2024-10-14 17:45:17.657683 Romeo: Foxtrot and Quebec, sending you 3
2024-10-14 17:45:17.659693 Lima: Tango, sending you 5
2024-10-14 17:45:17.661135 Echo: Yankee, sending you 2
2024-10-14 17:45:17.661624 Romeo: Mike and Yankee, sending you 4
2024-10-14 17:45:17.662017 Yankee: Echo, Foxtrot, Mike and Quebec, sending you 3
2024-10-14 17:45:17.662689 Tango: Same as last round
2024-10-14 17:45:17.663578 Lima: Uniform, sending you 6
2024-10-14 17:45:17.667148 Foxtrot: Romeo, Mike, Yankee and Quebec, sending you 2
2024-10-14 17:45:17.668654 Lima: Delta, sending you 4
2024-10-14 17:45:17.669848 Mike: Romeo, Foxtrot and Yankee, sending you 3
2024-10-14 17:45:17.673977 Uniform: Lima, sending you 5
2024-10-14 17:45:17.674529 Quebec: Romeo, Foxtrot, Mike and Yankee, sending you 3
2024-10-14 17:45:17.675186 Mike: Quebec, sending you 4
2024-10-14 17:45:17.676667 Delta: Lima and Uniform, sending you 5
2024-10-14 17:45:17.677109 Uniform: Tango, sending you 6
2024-10-14 17:45:17.678971 Quebec: Echo, sending you 2
2024-10-14 17:45:17.680670 Delta: Tango, sending you 9
2024-10-14 17:45:17.681779 Uniform: Delta, sending you 4
chatterbot Quebec submitting transactions
chatterbot Mike submitting transactions
chatterbot Romeo submitting transactions
chatterbot Delta submitting transactions
chatterbot Foxtrot submitting transactions
chatterbot Yankee submitting transactions
chatterbot Echo submitting transactions
chatterbot Tango submitting transactions
chatterbot Lima submitting transactions
chatterbot Uniform submitting transactions
ChatterBot Romeo round 5
ChatterBot Echo round 5
ChatterBot Lima round 5
ChatterBot Foxtrot round 5
ChatterBot Tango round 5
ChatterBot Mike round 5
ChatterBot Yankee round 5
ChatterBot Uniform round 5
ChatterBot Quebec round 5
ChatterBot Delta round 5
2024-10-14 17:45:18.884501 Romeo: We should add Echo
2024-10-14 17:45:18.897995 Foxtrot: Yes
2024-10-14 17:45:18.898186 Mike: No
2024-10-14 17:45:18.898343 Quebec: Yes
2024-10-14 17:45:18.898491 Yankee: Yes
ChatterBot Romeo reevaluating
ChatterBot Romeo reevaluating
ChatterBot Romeo reevaluating
ChatterBot Foxtrot reevaluating
ChatterBot Mike reevaluating
ChatterBot Romeo reevaluating
ChatterBot Foxtrot reevaluating
ChatterBot Mike reevaluating
2024-10-14 17:45:18.940209 Mike: Echo we want you to join our group
2024-10-14 17:45:18.942035 Echo: No
ChatterBot Foxtrot reevaluating
ChatterBot Mike reevaluating
ChatterBot Romeo reevaluating
2024-10-14 17:45:18.956668 Lima: Sending you each 5
2024-10-14 17:45:18.957040 Tango: Same as last round
2024-10-14 17:45:18.960678 Romeo: Echo we want you to join our group
2024-10-14 17:45:18.963178 Echo: No
ChatterBot Foxtrot reevaluating
ChatterBot Mike reevaluating
ChatterBot Romeo reevaluating
2024-10-14 17:45:18.977124 Yankee: Romeo, sending you 4
2024-10-14 17:45:18.980201 Yankee: Echo, Foxtrot, Mike and Quebec, sending you 3
2024-10-14 17:45:18.981094 Delta: Lima and Uniform, sending you 5
2024-10-14 17:45:18.982689 Echo: Yankee, sending you 3
2024-10-14 17:45:18.983072 Uniform: Lima and Delta, sending you 5
2024-10-14 17:45:18.983378 Quebec: Romeo, Foxtrot, Mike and Yankee, sending you 3
2024-10-14 17:45:18.984286 Delta: Tango, sending you 9
2024-10-14 17:45:18.985684 Uniform: Tango, sending you 6
2024-10-14 17:45:18.987707 Echo: Quebec, sending you 1
2024-10-14 17:45:18.988126 Quebec: Echo, sending you 2
2024-10-14 17:45:18.995679 Foxtrot: Romeo, Mike, Yankee and Quebec, sending you 2
2024-10-14 17:45:18.998663 Romeo: Foxtrot and Quebec, sending you 3
2024-10-14 17:45:19.002657 Romeo: Mike and Yankee, sending you 4
2024-10-14 17:45:19.009658 Mike: Romeo, Foxtrot, Yankee and Quebec, sending you 3
2024-10-14 17:45:19.014761 Mike: Echo, sending you 1
chatterbot Yankee submitting transactions
chatterbot Tango submitting transactions
chatterbot Mike submitting transactions
chatterbot Uniform submitting transactions
chatterbot Romeo submitting transactions
chatterbot Delta submitting transactions
chatterbot Lima submitting transactions
chatterbot Foxtrot submitting transactions
chatterbot Echo submitting transactions
chatterbot Quebec submitting transactions
ChatterBot Romeo round 6
ChatterBot Echo round 6
ChatterBot Lima round 6
ChatterBot Foxtrot round 6
ChatterBot Tango round 6
ChatterBot Mike round 6
ChatterBot Yankee round 6
ChatterBot Uniform round 6
ChatterBot Quebec round 6
ChatterBot Delta round 6
2024-10-14 17:45:20.180204 Mike: We should drop Echo
2024-10-14 17:45:20.188538 Romeo: Yes
2024-10-14 17:45:20.188724 Foxtrot: No
2024-10-14 17:45:20.188877 Quebec: No
2024-10-14 17:45:20.189 Yankee: No
ChatterBot Foxtrot reevaluating
ChatterBot Foxtrot reevaluating
ChatterBot Foxtrot reevaluating
2024-10-14 17:45:20.221655 Echo: Yankee, sending you 3
2024-10-14 17:45:20.223023 Lima: Same as last round
2024-10-14 17:45:20.223433 Romeo: Foxtrot, Mike and Quebec, sending you 3
2024-10-14 17:45:20.225662 Echo: Quebec, sending you 1
2024-10-14 17:45:20.228664 Romeo: Yankee, sending you 5
2024-10-14 17:45:20.229676 Mike: Romeo, sending you 4
2024-10-14 17:45:20.230008 Delta: Lima, sending you 5
2024-10-14 17:45:20.232666 Mike: Foxtrot, Yankee and Quebec, sending you 3
2024-10-14 17:45:20.234689 Delta: Tango, sending you 8
2024-10-14 17:45:20.236693 Yankee: Romeo, sending you 4
2024-10-14 17:45:20.238040 Tango: Lima and Uniform, sending you 4
2024-10-14 17:45:20.239658 Delta: Uniform, sending you 6
2024-10-14 17:45:20.240001 Uniform: Lima and Delta, sending you 5
2024-10-14 17:45:20.241706 Tango: Delta, sending you 3
2024-10-14 17:45:20.242055 Foxtrot: Romeo, Mike, Yankee and Quebec, sending you 2
2024-10-14 17:45:20.242666 Yankee: Echo, Foxtrot, Mike and Quebec, sending you 3
2024-10-14 17:45:20.243283 Quebec: Romeo, Foxtrot, Mike and Yankee, sending you 3
2024-10-14 17:45:20.244210 Uniform: Tango, sending you 6
2024-10-14 17:45:20.248670 Quebec: Echo, sending you 2
chatterbot Lima submitting transactions
chatterbot Uniform submitting transactions
chatterbot Yankee submitting transactions
chatterbot Mike submitting transactions
chatterbot Tango submitting transactions
chatterbot Romeo submitting transactions
chatterbot Foxtrot submitting transactions
chatterbot Echo submitting transactions
chatterbot Quebec submitting transactions
chatterbot Delta submitting transactions
ChatterBot Romeo round 7
ChatterBot Echo round 7
ChatterBot Lima round 7
ChatterBot Foxtrot round 7
ChatterBot Tango round 7
ChatterBot Mike round 7
ChatterBot Yankee round 7
ChatterBot Uniform round 7
ChatterBot Quebec round 7
ChatterBot Delta round 7
2024-10-14 17:45:21.233812 Foxtrot: Romeo, Mike, Yankee and Quebec, sending you 2
2024-10-14 17:45:21.234798 Romeo: Foxtrot and Quebec, sending you 3
2024-10-14 17:45:21.235262 Mike: Romeo, sending you 4
2024-10-14 17:45:21.236693 Tango: Lima and Uniform, sending you 4
2024-10-14 17:45:21.237689 Uniform: Lima, sending you 5
2024-10-14 17:45:21.238071 Romeo: Mike and Yankee, sending you 4
2024-10-14 17:45:21.238962 Mike: Foxtrot, Yankee and Quebec, sending you 3
2024-10-14 17:45:21.239655 Echo: Yankee, sending you 3
2024-10-14 17:45:21.239981 Tango: Delta, sending you 3
2024-10-14 17:45:21.240670 Quebec: Romeo, Foxtrot, Mike and Yankee, sending you 3
2024-10-14 17:45:21.241939 Uniform: Tango, sending you 6
2024-10-14 17:45:21.242416 Lima: Same as last round
2024-10-14 17:45:21.242894 Echo: Quebec, sending you 1
2024-10-14 17:45:21.244768 Uniform: Delta, sending you 4
2024-10-14 17:45:21.245166 Delta: Lima and Uniform, sending you 6
2024-10-14 17:45:21.245686 Quebec: Echo, sending you 2
2024-10-14 17:45:21.249692 Delta: Tango, sending you 7
2024-10-14 17:45:21.251396 Yankee: Romeo, sending you 4
2024-10-14 17:45:21.255682 Yankee: Echo, Foxtrot, Mike and Quebec, sending you 3
chatterbot Yankee submitting transactions
chatterbot Lima submitting transactions
chatterbot Foxtrot submitting transactions
chatterbot Uniform submitting transactions
chatterbot Delta submitting transactions
chatterbot Mike submitting transactions
chatterbot Echo submitting transactions
chatterbot Tango submitting transactions
chatterbot Quebec submitting transactions
chatterbot Romeo submitting transactions
ChatterBot Romeo round 8
ChatterBot Echo round 8
ChatterBot Lima round 8
ChatterBot Foxtrot round 8
ChatterBot Tango round 8
ChatterBot Mike round 8
ChatterBot Yankee round 8
ChatterBot Uniform round 8
ChatterBot Quebec round 8
ChatterBot Delta round 8
2024-10-14 17:45:22.399692 Mike: We should add Echo
ChatterBot Foxtrot reevaluating
2024-10-14 17:45:22.411577 Romeo: No
2024-10-14 17:45:22.411850 Foxtrot: Yes
2024-10-14 17:45:22.412037 Quebec: Yes
2024-10-14 17:45:22.412209 Yankee: Yes
ChatterBot Foxtrot reevaluating
ChatterBot Mike reevaluating
ChatterBot Romeo reevaluating
ChatterBot Mike reevaluating
ChatterBot Romeo reevaluating
ChatterBot Foxtrot reevaluating
ChatterBot Mike reevaluating
ChatterBot Romeo reevaluating
ChatterBot Foxtrot reevaluating
ChatterBot Mike reevaluating
2024-10-14 17:45:22.527493 Delta: We should add Echo
2024-10-14 17:45:22.535257 Lima: No
2024-10-14 17:45:22.535678 Uniform: No
2024-10-14 17:45:22.536165 Tango: No
ChatterBot Delta reevaluating
ChatterBot Delta reevaluating
ChatterBot Delta reevaluating
2024-10-14 17:45:22.572675 Echo: Yankee, sending you 3
2024-10-14 17:45:22.576681 Echo: Quebec, sending you 1
2024-10-14 17:45:22.578688 Tango: Lima and Uniform, sending you 4
2024-10-14 17:45:22.581712 Foxtrot: Romeo, Mike, Yankee and Quebec, sending you 2
2024-10-14 17:45:22.583796 Yankee: Romeo, sending you 4
2024-10-14 17:45:22.584785 Lima: Same as last round
2024-10-14 17:45:22.585997 Tango: Delta, sending you 3
2024-10-14 17:45:22.586761 Uniform: Lima, sending you 5
2024-10-14 17:45:22.588692 Yankee: Echo, Foxtrot, Mike and Quebec, sending you 3
2024-10-14 17:45:22.590697 Delta: Lima and Uniform, sending you 6
2024-10-14 17:45:22.591987 Uniform: Tango, sending you 6
2024-10-14 17:45:22.592684 Mike: Romeo, sending you 4
2024-10-14 17:45:22.593686 Quebec: Romeo, Foxtrot, Mike and Yankee, sending you 3
2024-10-14 17:45:22.595675 Uniform: Delta, sending you 4
2024-10-14 17:45:22.597014 Delta: Tango, sending you 7
2024-10-14 17:45:22.597880 Mike: Foxtrot, Yankee and Quebec, sending you 3
2024-10-14 17:45:22.599728 Quebec: Echo, sending you 2
chatterbot Lima submitting transactions
chatterbot Yankee submitting transactions
chatterbot Romeo submitting transactions
chatterbot Quebec submitting transactions
chatterbot Delta submitting transactions
chatterbot Echo submitting transactions
chatterbot Uniform submitting transactions
chatterbot Tango submitting transactions
chatterbot Foxtrot submitting transactions
chatterbot Mike submitting transactions
ChatterBot Romeo round 9
ChatterBot Echo round 9
ChatterBot Lima round 9
ChatterBot Foxtrot round 9
ChatterBot Tango round 9
ChatterBot Mike round 9
ChatterBot Yankee round 9
ChatterBot Uniform round 9
ChatterBot Quebec round 9
ChatterBot Delta round 9
2024-10-14 17:45:23.602275 Romeo: We should add Echo
ChatterBot Mike reevaluating
2024-10-14 17:45:23.612086 Foxtrot: Yes
2024-10-14 17:45:23.612254 Mike: Yes
2024-10-14 17:45:23.612385 Quebec: Yes
2024-10-14 17:45:23.612506 Yankee: Yes
ChatterBot Romeo reevaluating
ChatterBot Mike reevaluating
ChatterBot Romeo reevaluating
ChatterBot Romeo reevaluating
ChatterBot Mike reevaluating
ChatterBot Romeo reevaluating
ChatterBot Mike reevaluating
2024-10-14 17:45:23.668640 Mike: Echo we want you to join our group
2024-10-14 17:45:23.671453 Echo: No
ChatterBot Romeo reevaluating
2024-10-14 17:45:23.685659 Echo: Yankee, sending you 3
2024-10-14 17:45:23.686013 Yankee: Romeo, sending you 4
2024-10-14 17:45:23.686654 Uniform: Lima, sending you 5
2024-10-14 17:45:23.687127 Tango: Lima and Uniform, sending you 4
2024-10-14 17:45:23.687548 Lima: Same as last round
2024-10-14 17:45:23.688009 Foxtrot: Romeo, Mike, Yankee and Quebec, sending you 2
2024-10-14 17:45:23.689033 Echo: Quebec, sending you 1
2024-10-14 17:45:23.689675 Yankee: Echo, Foxtrot, Mike and Quebec, sending you 3
2024-10-14 17:45:23.690663 Tango: Delta, sending you 3
2024-10-14 17:45:23.691653 Romeo: Echo we want you to join our group
2024-10-14 17:45:23.695294 Echo: No
ChatterBot Romeo reevaluating
2024-10-14 17:45:23.706351 Uniform: Tango, sending you 6
2024-10-14 17:45:23.706792 Mike: Romeo, Foxtrot, Yankee and Quebec, sending you 3
2024-10-14 17:45:23.707313 Delta: Lima and Tango, sending you 7
2024-10-14 17:45:23.710657 Mike: Echo, sending you 1
2024-10-14 17:45:23.711647 Uniform: Delta, sending you 4
2024-10-14 17:45:23.712083 Delta: Uniform, sending you 5
2024-10-14 17:45:23.712494 Quebec: Romeo, Foxtrot, Mike and Yankee, sending you 3
2024-10-14 17:45:23.716685 Quebec: Echo, sending you 2
2024-10-14 17:45:23.732654 Romeo: Foxtrot and Quebec, sending you 3
2024-10-14 17:45:23.735656 Romeo: Mike and Yankee, sending you 4
chatterbot Yankee submitting transactions
chatterbot Mike submitting transactions
chatterbot Romeo submitting transactions
chatterbot Uniform submitting transactions
chatterbot Echo submitting transactions
chatterbot Quebec submitting transactions
chatterbot Tango submitting transactions
chatterbot Foxtrot submitting transactions
chatterbot Delta submitting transactions
chatterbot Lima submitting transactions
ChatterBot Romeo round 10
ChatterBot Echo round 10
ChatterBot Lima round 10
ChatterBot Foxtrot round 10
ChatterBot Tango round 10
ChatterBot Mike round 10
ChatterBot Yankee round 10
ChatterBot Uniform round 10
ChatterBot Quebec round 10
ChatterBot Delta round 10
2024-10-14 17:45:24.979663 Romeo: Foxtrot and Quebec, sending you 3
2024-10-14 17:45:24.981672 Echo: Yankee, sending you 3
2024-10-14 17:45:24.984677 Romeo: Mike and Yankee, sending you 4
2024-10-14 17:45:24.986483 Uniform: Lima, sending you 5
2024-10-14 17:45:24.987075 Lima: Same as last round
2024-10-14 17:45:24.987715 Echo: Quebec, sending you 1
2024-10-14 17:45:24.988308 Tango: Lima and Uniform, sending you 4
2024-10-14 17:45:24.988922 Quebec: Romeo, Foxtrot, Mike and Yankee, sending you 3
2024-10-14 17:45:24.991310 Uniform: Tango, sending you 6
2024-10-14 17:45:24.991967 Yankee: Romeo, sending you 4
2024-10-14 17:45:24.992700 Mike: Romeo, Foxtrot, Yankee and Quebec, sending you 3
2024-10-14 17:45:24.993556 Foxtrot: Romeo, Mike, Yankee and Quebec, sending you 2
2024-10-14 17:45:24.994177 Tango: Delta, sending you 3
2024-10-14 17:45:24.994620 Quebec: Echo, sending you 2
2024-10-14 17:45:24.996676 Uniform: Delta, sending you 4
2024-10-14 17:45:24.997693 Yankee: Echo, Foxtrot, Mike and Quebec, sending you 3
2024-10-14 17:45:24.998718 Mike: Echo, sending you 1
2024-10-14 17:45:25.000682 Delta: Lima, sending you 7
2024-10-14 17:45:25.003689 Delta: Tango and Uniform, sending you 6
chatterbot Mike submitting transactions
chatterbot Tango submitting transactions
chatterbot Lima submitting transactions
chatterbot Delta submitting transactions
chatterbot Echo submitting transactions
chatterbot Yankee submitting transactions
chatterbot Uniform submitting transactions
chatterbot Foxtrot submitting transactions
chatterbot Romeo submitting transactions
chatterbot Quebec submitting transactions
ChatterBot Romeo round 11
ChatterBot Echo round 11
ChatterBot Lima round 11
ChatterBot Foxtrot round 11
ChatterBot Tango round 11
ChatterBot Mike round 11
ChatterBot Yankee round 11
ChatterBot Uniform round 11
ChatterBot Quebec round 11
ChatterBot Delta round 11
2024-10-14 17:45:26.215664 Echo: Yankee, sending you 3
2024-10-14 17:45:26.216199 Foxtrot: Romeo, Mike, Yankee and Quebec, sending you 2
2024-10-14 17:45:26.217658 Romeo: Foxtrot and Quebec, sending you 3
2024-10-14 17:45:26.219660 Lima: Same as last round
2024-10-14 17:45:26.220663 Echo: Quebec, sending you 1
2024-10-14 17:45:26.221655 Romeo: Mike and Yankee, sending you 4
2024-10-14 17:45:26.222046 Yankee: Romeo, sending you 4
2024-10-14 17:45:26.226689 Yankee: Echo, Foxtrot, Mike and Quebec, sending you 3
2024-10-14 17:45:26.228664 Delta: Lima, sending you 7
2024-10-14 17:45:26.231660 Mike: Romeo, Foxtrot, Yankee and Quebec, sending you 3
2024-10-14 17:45:26.232281 Quebec: Romeo, Foxtrot, Mike and Yankee, sending you 3
2024-10-14 17:45:26.232880 Delta: Tango and Uniform, sending you 6
2024-10-14 17:45:26.233209 Uniform: Lima, sending you 5
2024-10-14 17:45:26.234667 Mike: Echo, sending you 1
2024-10-14 17:45:26.235681 Quebec: Echo, sending you 2
2024-10-14 17:45:26.236314 Uniform: Tango, sending you 6
2024-10-14 17:45:26.236741 Tango: Lima and Uniform, sending you 4
2024-10-14 17:45:26.240661 Tango: Delta, sending you 3
2024-10-14 17:45:26.241673 Uniform: Delta, sending you 4
chatterbot Uniform submitting transactions
chatterbot Delta submitting transactions
chatterbot Tango submitting transactions
chatterbot Quebec submitting transactions
chatterbot Echo submitting transactions
chatterbot Romeo submitting transactions
chatterbot Foxtrot submitting transactions
chatterbot Lima submitting transactions
chatterbot Mike submitting transactions
chatterbot Yankee submitting transactions
ChatterBot Romeo round 12
ChatterBot Echo round 12
ChatterBot Lima round 12
ChatterBot Foxtrot round 12
ChatterBot Tango round 12
ChatterBot Mike round 12
ChatterBot Yankee round 12
ChatterBot Uniform round 12
ChatterBot Quebec round 12
ChatterBot Delta round 12
2024-10-14 17:45:27.161003 Romeo: We should add Echo
ChatterBot Mike reevaluating
2024-10-14 17:45:27.169319 Foxtrot: Yes
2024-10-14 17:45:27.169460 Mike: No
2024-10-14 17:45:27.169585 Quebec: Yes
2024-10-14 17:45:27.169701 Yankee: Yes
ChatterBot Romeo reevaluating
ChatterBot Mike reevaluating
ChatterBot Romeo reevaluating
ChatterBot Romeo reevaluating
ChatterBot Mike reevaluating
ChatterBot Romeo reevaluating
ChatterBot Mike reevaluating
2024-10-14 17:45:27.218991 Uniform: We should drop Tango
2024-10-14 17:45:27.223674 Lima: No
2024-10-14 17:45:27.223858 Delta: No
ChatterBot Uniform reevaluating
ChatterBot Delta reevaluating
ChatterBot Uniform reevaluating
2024-10-14 17:45:27.233896 Delta: We should add Foxtrot
ChatterBot Uniform reevaluating
2024-10-14 17:45:27.239994 Lima: No
2024-10-14 17:45:27.240130 Uniform: No
2024-10-14 17:45:27.240240 Tango: No
ChatterBot Uniform reevaluating
ChatterBot Delta reevaluating
ChatterBot Delta reevaluating
ChatterBot Uniform reevaluating
ChatterBot Delta reevaluating
2024-10-14 17:45:27.262655 Foxtrot: Romeo, Mike, Yankee and Quebec, sending you 2
2024-10-14 17:45:27.263405 Mike: Romeo, Foxtrot, Yankee and Quebec, sending you 3
2024-10-14 17:45:27.264809 Lima: Same as last round
2024-10-14 17:45:27.265166 Echo: Yankee, sending you 3
2024-10-14 17:45:27.265570 Yankee: Romeo, sending you 4
2024-10-14 17:45:27.268641 Mike: Echo, sending you 1
2024-10-14 17:45:27.269701 Echo: Quebec, sending you 1
2024-10-14 17:45:27.270068 Yankee: Echo, Foxtrot, Mike and Quebec, sending you 3
2024-10-14 17:45:27.274663 Tango: Lima and Uniform, sending you 4
2024-10-14 17:45:27.277657 Delta: Lima, sending you 7
2024-10-14 17:45:27.278676 Romeo: Foxtrot and Quebec, sending you 3
2024-10-14 17:45:27.279667 Tango: Delta, sending you 3
2024-10-14 17:45:27.282666 Quebec: Romeo, Foxtrot, Mike and Yankee, sending you 3
2024-10-14 17:45:27.283507 Delta: Tango and Uniform, sending you 6
2024-10-14 17:45:27.284478 Uniform: Lima, sending you 5
2024-10-14 17:45:27.285109 Romeo: Mike and Yankee, sending you 4
2024-10-14 17:45:27.287644 Quebec: Echo, sending you 2
2024-10-14 17:45:27.288276 Uniform: Tango, sending you 6
2024-10-14 17:45:27.292654 Uniform: Delta, sending you 4
chatterbot Mike submitting transactions
chatterbot Delta submitting transactions
chatterbot Quebec submitting transactions
chatterbot Romeo submitting transactions
chatterbot Uniform submitting transactions
chatterbot Lima submitting transactions
chatterbot Tango submitting transactions
chatterbot Yankee submitting transactions
chatterbot Foxtrot submitting transactions
chatterbot Echo submitting transactions
ChatterBot Romeo round 13
ChatterBot Echo round 13
ChatterBot Lima round 13
ChatterBot Foxtrot round 13
ChatterBot Tango round 13
ChatterBot Mike round 13
ChatterBot Yankee round 13
ChatterBot Uniform round 13
ChatterBot Quebec round 13
ChatterBot Delta round 13
2024-10-14 17:45:28.459428 Mike: We should drop Echo
2024-10-14 17:45:28.469793 Romeo: Yes
2024-10-14 17:45:28.469955 Foxtrot: No
2024-10-14 17:45:28.470082 Quebec: No
2024-10-14 17:45:28.470209 Yankee: No
ChatterBot Mike reevaluating
ChatterBot Romeo reevaluating
ChatterBot Mike reevaluating
ChatterBot Romeo reevaluating
ChatterBot Foxtrot reevaluating
ChatterBot Mike reevaluating
ChatterBot Romeo reevaluating
ChatterBot Foxtrot reevaluating
ChatterBot Mike reevaluating
2024-10-14 17:45:28.510679 Lima: Same as last round
2024-10-14 17:45:28.520064 Echo: Yankee, sending you 3
2024-10-14 17:45:28.521643 Uniform: Lima, sending you 5
2024-10-14 17:45:28.522655 Delta: Lima, sending you 7
2024-10-14 17:45:28.523664 Echo: Quebec, sending you 1
2024-10-14 17:45:28.524679 Romeo: Foxtrot, Mike and Quebec, sending you 3
2024-10-14 17:45:28.525678 Quebec: Romeo, Foxtrot, Mike and Yankee, sending you 3
2024-10-14 17:45:28.526438 Foxtrot: Same as last round
2024-10-14 17:45:28.526936 Uniform: Tango, sending you 6
2024-10-14 17:45:28.527702 Delta: Tango and Uniform, sending you 6
2024-10-14 17:45:28.528105 Yankee: Romeo, sending you 4
2024-10-14 17:45:28.528861 Tango: Lima and Uniform, sending you 4
2024-10-14 17:45:28.529293 Romeo: Yankee, sending you 5
2024-10-14 17:45:28.530664 Quebec: Echo, sending you 2
2024-10-14 17:45:28.532668 Uniform: Delta, sending you 4
2024-10-14 17:45:28.533127 Yankee: Echo, Foxtrot, Mike and Quebec, sending you 3
2024-10-14 17:45:28.533820 Tango: Delta, sending you 3
2024-10-14 17:45:28.537666 Mike: Romeo, sending you 4
2024-10-14 17:45:28.540670 Mike: Foxtrot, Yankee and Quebec, sending you 3
chatterbot Yankee submitting transactions
chatterbot Echo submitting transactions
chatterbot Tango submitting transactions
chatterbot Quebec submitting transactions
chatterbot Uniform submitting transactions
chatterbot Foxtrot submitting transactions
chatterbot Delta submitting transactions
chatterbot Romeo submitting transactions
chatterbot Lima submitting transactions
chatterbot Mike submitting transactions
ChatterBot Romeo round 14
ChatterBot Echo round 14
ChatterBot Lima round 14
ChatterBot Foxtrot round 14
ChatterBot Tango round 14
ChatterBot Mike round 14
2024-10-14 17:45:29.520135 Romeo: We should add Echo
ChatterBot Foxtrot reevaluating
ChatterBot Mike reevaluating
2024-10-14 17:45:29.534141 Foxtrot: Yes
2024-10-14 17:45:29.534331 Mike: Yes
2024-10-14 17:45:29.534495 Quebec: Yes
2024-10-14 17:45:29.534657 Yankee: Yes
ChatterBot Romeo reevaluating
ChatterBot Mike reevaluating
ChatterBot Romeo reevaluating
ChatterBot Foxtrot reevaluating
ChatterBot Romeo reevaluating
ChatterBot Foxtrot reevaluating
ChatterBot Mike reevaluating
ChatterBot Romeo reevaluating
ChatterBot Foxtrot reevaluating
ChatterBot Mike reevaluating
ChatterBot Yankee round 14
ChatterBot Uniform round 14
ChatterBot Quebec round 14
ChatterBot Delta round 14
2024-10-14 17:45:29.598017 Mike: Echo we want you to join our group
2024-10-14 17:45:29.600827 Echo: No
ChatterBot Foxtrot reevaluating
ChatterBot Romeo reevaluating
2024-10-14 17:45:29.613650 Echo: Yankee, sending you 3
2024-10-14 17:45:29.614141 Lima: Same as last round
2024-10-14 17:45:29.614666 Tango: Lima and Uniform, sending you 4
2024-10-14 17:45:29.615663 Romeo: Echo we want you to join our group
2024-10-14 17:45:29.618400 Echo: No
ChatterBot Romeo reevaluating
2024-10-14 17:45:29.629085 Foxtrot: Echo we want you to join our group
2024-10-14 17:45:29.631458 Echo: No
ChatterBot Romeo reevaluating
2024-10-14 17:45:29.643534 Echo: Quebec, sending you 1
2024-10-14 17:45:29.644409 Tango: Delta, sending you 3
2024-10-14 17:45:29.645686 Uniform: Lima, sending you 5
2024-10-14 17:45:29.647653 Yankee: Romeo, sending you 4
2024-10-14 17:45:29.649171 Quebec: Romeo, Foxtrot, Mike and Yankee, sending you 3
2024-10-14 17:45:29.649881 Mike: Romeo, Foxtrot, Yankee and Quebec, sending you 3
2024-10-14 17:45:29.650502 Delta: Lima, sending you 7
2024-10-14 17:45:29.650944 Uniform: Tango, sending you 6
2024-10-14 17:45:29.653658 Yankee: Echo, Foxtrot, Mike and Quebec, sending you 3
2024-10-14 17:45:29.654645 Mike: Echo, sending you 1
2024-10-14 17:45:29.655330 Delta: Tango and Uniform, sending you 6
2024-10-14 17:45:29.655818 Uniform: Delta, sending you 4
2024-10-14 17:45:29.657320 Quebec: Echo, sending you 2
2024-10-14 17:45:29.658137 Foxtrot: Romeo, Mike, Yankee and Quebec, sending you 2
2024-10-14 17:45:29.686681 Romeo: Echo, sending you 2
