ChatterBot Yankee round 1
ChatterBot Foxtrot round 1
ChatterBot Lima round 1
ChatterBot Oscar round 1
ChatterBot Echo round 1
ChatterBot Golf round 1
ChatterBot Papa round 1
ChatterBot Victor round 1
ChatterBot Bravo round 1
ChatterBot Hotel round 1
randomSelections Echo: {Echo, Foxtrot, Bravo} 
2024-10-14 17:45:12.630285 Echo: Let's form a team
ChatterBot Foxtrot reevaluating
ChatterBot Bravo reevaluating
2024-10-14 17:45:12.635445 Foxtrot: Yes
2024-10-14 17:45:12.635603 Bravo: Yes
ChatterBot Bravo reevaluating
ChatterBot Foxtrot reevaluating
randomSelections Yankee: {Yankee, Hotel, Echo, Golf} 
2024-10-14 17:45:12.646599 Yankee: We should group up
ChatterBot Hotel reevaluating
ChatterBot Golf reevaluating
2024-10-14 17:45:12.652744 Hotel: Yes
2024-10-14 17:45:12.652902 Echo: No
2024-10-14 17:45:12.653114 Golf: Yes
ChatterBot Golf reevaluating
ChatterBot Hotel reevaluating
ChatterBot Golf reevaluating
ChatterBot Hotel reevaluating
randomSelections Lima: {Lima} 
randomSelections Papa: {Papa, Hotel, Victor, Yankee, Golf, Bravo} 
2024-10-14 17:45:12.674709 Papa: We would work well together
ChatterBot Hotel reevaluating
ChatterBot Victor reevaluating
ChatterBot Golf reevaluating
ChatterBot Bravo reevaluating
2024-10-14 17:45:12.684484 Hotel: No
2024-10-14 17:45:12.684675 Victor: Yes
2024-10-14 17:45:12.684841 Yankee: No
2024-10-14 17:45:12.685043 Golf: No
2024-10-14 17:45:12.685198 Bravo: No
ChatterBot Victor reevaluating
ChatterBot Golf reevaluating
ChatterBot Bravo reevaluating
ChatterBot Hotel reevaluating
ChatterBot Golf reevaluating
ChatterBot Bravo reevaluating
ChatterBot Hotel reevaluating
ChatterBot Victor reevaluating
ChatterBot Golf reevaluating
ChatterBot Bravo reevaluating
ChatterBot Hotel reevaluating
ChatterBot Victor reevaluating
ChatterBot Bravo reevaluating
ChatterBot Hotel reevaluating
ChatterBot Victor reevaluating
ChatterBot Golf reevaluating
randomSelections Oscar: {Oscar, Victor, Foxtrot, Hotel, Echo} 
2024-10-14 17:45:12.729439 Oscar: Friends?
ChatterBot Victor reevaluating
ChatterBot Foxtrot reevaluating
ChatterBot Hotel reevaluating
2024-10-14 17:45:12.735202 Victor: No
2024-10-14 17:45:12.735343 Foxtrot: No
2024-10-14 17:45:12.735473 Hotel: No
2024-10-14 17:45:12.735599 Echo: No
ChatterBot Foxtrot reevaluating
ChatterBot Hotel reevaluating
ChatterBot Victor reevaluating
ChatterBot Hotel reevaluating
ChatterBot Victor reevaluating
ChatterBot Foxtrot reevaluating
ChatterBot Victor reevaluating
ChatterBot Foxtrot reevaluating
ChatterBot Hotel reevaluating
2024-10-14 17:45:12.780713 Papa: Yankee and Hotel, sending you 4
2024-10-14 17:45:12.781563 Foxtrot: Echo, sending you 4
2024-10-14 17:45:12.781861 Yankee: Echo and Hotel, sending you 4
2024-10-14 17:45:12.790180 Bravo: Foxtrot and Echo, sending you 4
2024-10-14 17:45:12.790492 Victor: Yankee, Papa and Bravo, sending you 2
2024-10-14 17:45:12.791383 Papa: Golf, sending you 1
2024-10-14 17:45:12.791713 Foxtrot: Bravo, sending you 5
2024-10-14 17:45:12.792001 Yankee: Golf, sending you 7
2024-10-14 17:45:12.797600 Echo: Foxtrot, sending you 1
2024-10-14 17:45:12.797878 Papa: Victor and Bravo, sending you 3
2024-10-14 17:45:12.798688 Victor: Golf, sending you 3
2024-10-14 17:45:12.799102 Oscar: Foxtrot, Echo and Victor, sending you 2
2024-10-14 17:45:12.800103 Hotel: Yankee, sending you 1
2024-10-14 17:45:12.800644 Echo: Bravo, sending you 3
2024-10-14 17:45:12.801686 Golf: Yankee, sending you 11
2024-10-14 17:45:12.802188 Victor: Hotel, sending you 4
2024-10-14 17:45:12.804664 Oscar: Hotel, sending you 4
2024-10-14 17:45:12.806683 Golf: Echo, sending you 6
2024-10-14 17:45:12.812138 Golf: Hotel, sending you 2
chatterbot Hotel submitting transactions
chatterbot Echo submitting transactions
chatterbot Oscar submitting transactions
chatterbot Golf submitting transactions
chatterbot Lima submitting transactions
chatterbot Yankee submitting transactions
chatterbot Victor submitting transactions
chatterbot Bravo submitting transactions
chatterbot Papa submitting transactions
chatterbot Foxtrot submitting transactions
ChatterBot Yankee round 2
ChatterBot Foxtrot round 2
ChatterBot Lima round 2
ChatterBot Oscar round 2
ChatterBot Echo round 2
ChatterBot Golf round 2
2024-10-14 17:45:14.126018 Yankee: We should group up
ChatterBot Golf reevaluating
ChatterBot Papa reevaluating
ChatterBot Victor reevaluating
ChatterBot Hotel reevaluating
2024-10-14 17:45:14.192704 Golf: Yes
2024-10-14 17:45:14.192914 Papa: No
2024-10-14 17:45:14.193453 Victor: No
2024-10-14 17:45:14.193562 Hotel: No
ChatterBot Papa reevaluating
ChatterBot Victor reevaluating
ChatterBot Hotel reevaluating
ChatterBot Golf reevaluating
ChatterBot Victor reevaluating
ChatterBot Hotel reevaluating
ChatterBot Golf reevaluating
ChatterBot Papa reevaluating
ChatterBot Hotel reevaluating
ChatterBot Golf reevaluating
ChatterBot Papa reevaluating
ChatterBot Victor reevaluating
2024-10-14 17:45:14.344462 Papa: Let's form a team
ChatterBot Victor reevaluating
2024-10-14 17:45:14.366986 Victor: Yes
ChatterBot Papa reevaluating
ChatterBot Papa round 2
ChatterBot Victor round 2
2024-10-14 17:45:14.461731 Foxtrot: We should add Oscar
ChatterBot Echo reevaluating
ChatterBot Bravo reevaluating
2024-10-14 17:45:14.481486 Echo: No
2024-10-14 17:45:14.481699 Bravo: No
ChatterBot Bravo reevaluating
ChatterBot Echo reevaluating
ChatterBot Bravo round 2
ChatterBot Hotel round 2
2024-10-14 17:45:14.526994 Oscar: Friends?
ChatterBot Papa reevaluating
ChatterBot Victor reevaluating
ChatterBot Hotel reevaluating
2024-10-14 17:45:14.545519 Papa: No
2024-10-14 17:45:14.545725 Victor: No
2024-10-14 17:45:14.545934 Hotel: No
ChatterBot Oscar reevaluating
ChatterBot Victor reevaluating
ChatterBot Hotel reevaluating
ChatterBot Oscar reevaluating
ChatterBot Papa reevaluating
ChatterBot Hotel reevaluating
ChatterBot Oscar reevaluating
ChatterBot Papa reevaluating
ChatterBot Victor reevaluating
2024-10-14 17:45:14.607411 Oscar: Friends?
ChatterBot Papa reevaluating
ChatterBot Golf reevaluating
ChatterBot Victor reevaluating
2024-10-14 17:45:14.631163 Papa: Yes
2024-10-14 17:45:14.631427 Yankee: No
2024-10-14 17:45:14.631581 Golf: No
2024-10-14 17:45:14.632110 Victor: Yes
ChatterBot Golf reevaluating
ChatterBot Oscar reevaluating
ChatterBot Victor reevaluating
ChatterBot Papa reevaluating
ChatterBot Golf reevaluating
ChatterBot Oscar reevaluating
ChatterBot Victor reevaluating
ChatterBot Papa reevaluating
ChatterBot Oscar reevaluating
ChatterBot Victor reevaluating
ChatterBot Papa reevaluating
ChatterBot Golf reevaluating
ChatterBot Oscar reevaluating
2024-10-14 17:45:14.742258 Foxtrot: Oscar we want you to join our group
ChatterBot Oscar reevaluating
2024-10-14 17:45:14.749088 Oscar: No
ChatterBot Echo reevaluating
ChatterBot Bravo reevaluating
2024-10-14 17:45:14.764494 Bravo: We should add Oscar
ChatterBot Echo reevaluating
2024-10-14 17:45:14.774499 Echo: No
2024-10-14 17:45:14.774677 Foxtrot: Yes
ChatterBot Echo reevaluating
ChatterBot Bravo reevaluating
2024-10-14 17:45:14.805827 Bravo: We should add Papa
2024-10-14 17:45:14.814571 Echo: No
2024-10-14 17:45:14.814750 Foxtrot: No
ChatterBot Bravo reevaluating
ChatterBot Bravo reevaluating
2024-10-14 17:45:14.834823 Victor: Oscar we want you to join our group
ChatterBot Oscar reevaluating
2024-10-14 17:45:14.841356 Oscar: No
2024-10-14 17:45:14.870870 Lima: Sending you 16
2024-10-14 17:45:14.871125 Yankee: Golf, sending you 5
2024-10-14 17:45:14.871881 Bravo: Oscar we want you to join our group
ChatterBot Oscar reevaluating
2024-10-14 17:45:14.878497 Oscar: No
2024-10-14 17:45:14.892267 Golf: Yankee, sending you 7
2024-10-14 17:45:14.892948 Yankee: Papa, sending you 4
2024-10-14 17:45:14.893249 Foxtrot: Oscar, sending you 3
2024-10-14 17:45:14.893472 Papa: Yankee, Oscar and Golf, sending you 2
2024-10-14 17:45:14.988845 Echo: Sending you each 2
2024-10-14 17:45:14.989193 Golf: Papa, sending you 4
2024-10-14 17:45:14.989550 Yankee: Victor and Hotel, sending you 3
2024-10-14 17:45:14.994211 Foxtrot: Echo, sending you 1
2024-10-14 17:45:14.994702 Papa: Victor, sending you 10
2024-10-14 17:45:14.995087 Hotel: Yankee, sending you 1
2024-10-14 17:45:14.995629 Golf: Victor, sending you 5
2024-10-14 17:45:15.095951 Victor: Yankee and Golf, sending you 2
2024-10-14 17:45:15.096962 Foxtrot: Bravo, sending you 5
2024-10-14 17:45:15.097387 Bravo: Foxtrot, sending you 4
2024-10-14 17:45:15.098305 Golf: Hotel, sending you 3
2024-10-14 17:45:15.128147 Victor: Oscar, sending you 4
2024-10-14 17:45:15.128634 Oscar: Yankee, Golf and Papa, sending you 3
2024-10-14 17:45:15.129076 Bravo: Oscar, sending you 3
chatterbot Foxtrot submitting transactions
chatterbot Yankee submitting transactions
2024-10-14 17:45:15.175056 Victor: Papa, sending you 5
2024-10-14 17:45:15.176469 Oscar: Victor, sending you 1
2024-10-14 17:45:15.179356 Bravo: Echo, sending you 5
chatterbot Lima submitting transactions
chatterbot Victor submitting transactions
chatterbot Papa submitting transactions
chatterbot Hotel submitting transactions
chatterbot Echo submitting transactions
chatterbot Golf submitting transactions
chatterbot Oscar submitting transactions
chatterbot Bravo submitting transactions
ChatterBot Yankee round 3
ChatterBot Foxtrot round 3
ChatterBot Lima round 3
ChatterBot Oscar round 3
ChatterBot Echo round 3
ChatterBot Golf round 3
ChatterBot Papa round 3
ChatterBot Victor round 3
ChatterBot Bravo round 3
ChatterBot Hotel round 3
2024-10-14 17:45:16.323570 Echo: We should add Oscar
ChatterBot Bravo reevaluating
2024-10-14 17:45:16.336524 Foxtrot: Yes
2024-10-14 17:45:16.337195 Bravo: Yes
ChatterBot Bravo reevaluating
2024-10-14 17:45:16.378930 Bravo: We should add Lima
2024-10-14 17:45:16.394717 Oscar: Yes
2024-10-14 17:45:16.394894 Foxtrot: No
2024-10-14 17:45:16.395026 Echo: No
ChatterBot Bravo reevaluating
ChatterBot Oscar reevaluating
ChatterBot Bravo reevaluating
ChatterBot Oscar reevaluating
ChatterBot Bravo reevaluating
2024-10-14 17:45:16.483014 Papa: We should add Hotel
ChatterBot Oscar reevaluating
ChatterBot Victor reevaluating
2024-10-14 17:45:16.504690 Yankee: No
2024-10-14 17:45:16.504840 Golf: No
2024-10-14 17:45:16.505046 Oscar: No
2024-10-14 17:45:16.505191 Victor: Yes
ChatterBot Oscar reevaluating
ChatterBot Victor reevaluating
ChatterBot Papa reevaluating
ChatterBot Oscar reevaluating
ChatterBot Victor reevaluating
ChatterBot Papa reevaluating
ChatterBot Victor reevaluating
ChatterBot Papa reevaluating
ChatterBot Oscar reevaluating
2024-10-14 17:45:16.597302 Yankee: We should drop Hotel
ChatterBot Papa reevaluating
ChatterBot Victor reevaluating
2024-10-14 17:45:16.612806 Golf: Yes
2024-10-14 17:45:16.612921 Papa: Yes
2024-10-14 17:45:16.613017 Victor: No
ChatterBot Papa reevaluating
ChatterBot Victor reevaluating
ChatterBot Victor reevaluating
ChatterBot Papa reevaluating
2024-10-14 17:45:16.673712 Echo: Oscar we want you to join our group
ChatterBot Oscar reevaluating
2024-10-14 17:45:16.682852 Oscar: No
ChatterBot Bravo reevaluating
2024-10-14 17:45:16.712703 Foxtrot: Oscar, sending you 1
2024-10-14 17:45:16.718511 Foxtrot: Echo, sending you 2
2024-10-14 17:45:16.719089 Yankee: Golf, sending you 7
2024-10-14 17:45:16.721684 Foxtrot: Bravo, sending you 6
2024-10-14 17:45:16.722137 Yankee: Papa and Victor, sending you 4
2024-10-14 17:45:16.727735 Oscar: Lima, sending you 5
2024-10-14 17:45:16.728158 Hotel: Yankee, sending you 1
2024-10-14 17:45:16.730694 Victor: Yankee, sending you 3
2024-10-14 17:45:16.731083 Echo: Foxtrot, sending you 1
2024-10-14 17:45:16.731670 Oscar: Papa, sending you 2
2024-10-14 17:45:16.734695 Golf: Yankee, sending you 8
2024-10-14 17:45:16.735139 Oscar: Victor, sending you 3
2024-10-14 17:45:16.738874 Victor: Golf, sending you 4
2024-10-14 17:45:16.739359 Echo: Bravo, sending you 3
2024-10-14 17:45:16.739849 Bravo: Foxtrot, sending you 4
2024-10-14 17:45:16.741148 Golf: Papa, sending you 5
2024-10-14 17:45:16.743691 Papa: Yankee and Golf, sending you 5
2024-10-14 17:45:16.744108 Victor: Papa, sending you 5
2024-10-14 17:45:16.744493 Bravo: Oscar and Echo, sending you 5
2024-10-14 17:45:16.745686 Golf: Victor, sending you 6
2024-10-14 17:45:16.751388 Papa: Victor, sending you 7
chatterbot Foxtrot submitting transactions
chatterbot Echo submitting transactions
chatterbot Golf submitting transactions
chatterbot Lima submitting transactions
chatterbot Papa submitting transactions
chatterbot Bravo submitting transactions
chatterbot Yankee submitting transactions
chatterbot Oscar submitting transactions
chatterbot Hotel submitting transactions
chatterbot Victor submitting transactions
ChatterBot Yankee round 4
ChatterBot Foxtrot round 4
ChatterBot Lima round 4
ChatterBot Oscar round 4
ChatterBot Echo round 4
ChatterBot Golf round 4
ChatterBot Papa round 4
ChatterBot Victor round 4
ChatterBot Bravo round 4
ChatterBot Hotel round 4
2024-10-14 17:45:17.819937 Papa: We should add Oscar
ChatterBot Victor reevaluating
2024-10-14 17:45:17.831155 Yankee: No
2024-10-14 17:45:17.832017 Golf: No
2024-10-14 17:45:17.832131 Victor: Yes
ChatterBot Victor reevaluating
ChatterBot Victor reevaluating
ChatterBot Golf reevaluating
2024-10-14 17:45:17.863683 Foxtrot: We should drop Oscar
ChatterBot Bravo reevaluating
2024-10-14 17:45:17.870637 Echo: Yes
2024-10-14 17:45:17.870820 Bravo: Yes
ChatterBot Bravo reevaluating
2024-10-14 17:45:17.889997 Bravo: We should replace Oscar with Hotel
2024-10-14 17:45:17.895913 Echo: No
2024-10-14 17:45:17.896321 Foxtrot: No
ChatterBot Bravo reevaluating
ChatterBot Bravo reevaluating
2024-10-14 17:45:17.911656 Papa: Oscar we want you to join our group
2024-10-14 17:45:17.915329 Oscar: No
ChatterBot Golf reevaluating
ChatterBot Victor reevaluating
2024-10-14 17:45:17.928777 Oscar: Foxtrot and Bravo, sending you 3
2024-10-14 17:45:17.931657 Yankee: Golf, sending you 6
2024-10-14 17:45:17.931985 Oscar: Lima, sending you 4
2024-10-14 17:45:17.933750 Bravo: Hotel we want you to join our group
2024-10-14 17:45:17.937760 Hotel: No
2024-10-14 17:45:17.948630 Lima: Sending you 16
2024-10-14 17:45:17.949037 Yankee: Papa, sending you 5
2024-10-14 17:45:17.951666 Foxtrot: Echo, sending you 3
2024-10-14 17:45:17.952002 Papa: Yankee and Victor, sending you 5
2024-10-14 17:45:17.952691 Golf: Yankee, sending you 8
2024-10-14 17:45:17.952931 Yankee: Victor, sending you 4
2024-10-14 17:45:17.953683 Echo: Foxtrot, sending you 1
2024-10-14 17:45:17.953988 Hotel: Yankee, sending you 1
2024-10-14 17:45:17.954295 Victor: Yankee, Oscar and Golf, sending you 3
2024-10-14 17:45:17.955667 Golf: Papa, sending you 5
2024-10-14 17:45:17.956961 Foxtrot: Bravo, sending you 6
2024-10-14 17:45:17.957308 Papa: Oscar and Golf, sending you 4
2024-10-14 17:45:17.957645 Echo: Bravo, sending you 3
2024-10-14 17:45:17.957957 Victor: Papa, sending you 4
2024-10-14 17:45:17.960661 Golf: Victor, sending you 6
2024-10-14 17:45:17.969656 Bravo: Foxtrot, sending you 4
2024-10-14 17:45:17.974667 Bravo: Echo and Hotel, sending you 5
chatterbot Echo submitting transactions
chatterbot Foxtrot submitting transactions
chatterbot Oscar submitting transactions
chatterbot Victor submitting transactions
chatterbot Papa submitting transactions
chatterbot Bravo submitting transactions
chatterbot Lima submitting transactions
chatterbot Golf submitting transactions
chatterbot Yankee submitting transactions
chatterbot Hotel submitting transactions
ChatterBot Yankee round 5
ChatterBot Foxtrot round 5
ChatterBot Lima round 5
ChatterBot Oscar round 5
ChatterBot Echo round 5
ChatterBot Golf round 5
ChatterBot Papa round 5
ChatterBot Victor round 5
ChatterBot Bravo round 5
ChatterBot Hotel round 5
2024-10-14 17:45:19.179591 Bravo: We should replace Hotel with Lima
2024-10-14 17:45:19.186348 Echo: No
2024-10-14 17:45:19.186498 Foxtrot: No
ChatterBot Bravo reevaluating
ChatterBot Bravo reevaluating
2024-10-14 17:45:19.210650 Foxtrot: Echo, sending you 2
2024-10-14 17:45:19.213667 Foxtrot: Bravo, sending you 7
2024-10-14 17:45:19.217686 Lima: Same as last round
2024-10-14 17:45:19.220660 Echo: Foxtrot, sending you 1
2024-10-14 17:45:19.221666 Papa: Sending you each 6
2024-10-14 17:45:19.224710 Victor: Yankee, Oscar and Golf, sending you 3
2024-10-14 17:45:19.225658 Echo: Bravo, sending you 3
2024-10-14 17:45:19.225934 Golf: Yankee, sending you 8
2024-10-14 17:45:19.226200 Yankee: Golf, sending you 6
2024-10-14 17:45:19.227661 Victor: Papa, sending you 4
2024-10-14 17:45:19.229017 Hotel: Yankee, sending you 1
2024-10-14 17:45:19.229651 Golf: Papa, sending you 5
2024-10-14 17:45:19.230795 Oscar: Yankee and Golf, sending you 1
2024-10-14 17:45:19.231247 Yankee: Papa, sending you 5
2024-10-14 17:45:19.232655 Bravo: Foxtrot, sending you 4
2024-10-14 17:45:19.233266 Golf: Victor, sending you 6
2024-10-14 17:45:19.233676 Yankee: Victor, sending you 4
2024-10-14 17:45:19.234688 Oscar: Lima, sending you 4
2024-10-14 17:45:19.237678 Bravo: Echo and Hotel, sending you 5
2024-10-14 17:45:19.239657 Oscar: Papa and Victor, sending you 2
chatterbot Hotel submitting transactions
chatterbot Golf submitting transactions
chatterbot Yankee submitting transactions
chatterbot Lima submitting transactions
chatterbot Foxtrot submitting transactions
chatterbot Papa submitting transactions
chatterbot Victor submitting transactions
chatterbot Oscar submitting transactions
chatterbot Echo submitting transactions
chatterbot Bravo submitting transactions
ChatterBot Yankee round 6
ChatterBot Foxtrot round 6
ChatterBot Lima round 6
ChatterBot Oscar round 6
ChatterBot Echo round 6
ChatterBot Golf round 6
ChatterBot Papa round 6
ChatterBot Victor round 6
ChatterBot Bravo round 6
ChatterBot Hotel round 6
2024-10-14 17:45:20.043048 Papa: We should add Oscar
2024-10-14 17:45:20.054765 Yankee: No
2024-10-14 17:45:20.054998 Golf: No
2024-10-14 17:45:20.055145 Victor: Yes
ChatterBot Papa reevaluating
ChatterBot Papa reevaluating
ChatterBot Papa reevaluating
2024-10-14 17:45:20.106680 Papa: Oscar we want you to join our group
2024-10-14 17:45:20.110301 Oscar: Yes
ChatterBot Papa reevaluating
ChatterBot Golf reevaluating
2024-10-14 17:45:20.124337 Golf: We should add Lima and Oscar
ChatterBot Papa reevaluating
2024-10-14 17:45:20.135224 Yankee: No
2024-10-14 17:45:20.135406 Papa: No
2024-10-14 17:45:20.135579 Victor: No
ChatterBot Golf reevaluating
ChatterBot Papa reevaluating
ChatterBot Golf reevaluating
ChatterBot Golf reevaluating
ChatterBot Papa reevaluating
2024-10-14 17:45:20.165565 Lima: Same as last round
2024-10-14 17:45:20.165813 Foxtrot: Echo, sending you 2
2024-10-14 17:45:20.168680 Bravo: Foxtrot, sending you 4
2024-10-14 17:45:20.169111 Echo: Foxtrot, sending you 1
2024-10-14 17:45:20.169391 Yankee: Golf, sending you 6
2024-10-14 17:45:20.170675 Foxtrot: Bravo, sending you 7
2024-10-14 17:45:20.171120 Oscar: Yankee and Golf, sending you 1
2024-10-14 17:45:20.171504 Victor: Yankee, Oscar and Golf, sending you 3
2024-10-14 17:45:20.172680 Yankee: Papa, sending you 5
2024-10-14 17:45:20.173691 Bravo: Lima, sending you 3
2024-10-14 17:45:20.173980 Echo: Bravo, sending you 3
2024-10-14 17:45:20.174684 Oscar: Lima, sending you 4
2024-10-14 17:45:20.175917 Victor: Papa, sending you 4
2024-10-14 17:45:20.176422 Yankee: Victor, sending you 4
2024-10-14 17:45:20.176905 Bravo: Oscar and Echo, sending you 5
2024-10-14 17:45:20.178670 Oscar: Papa and Victor, sending you 2
2024-10-14 17:45:20.181726 Hotel: Yankee, sending you 1
2024-10-14 17:45:20.182676 Golf: Yankee, sending you 7
2024-10-14 17:45:20.186695 Golf: Papa and Victor, sending you 6
2024-10-14 17:45:20.196666 Papa: Yankee, Golf and Victor, sending you 5
2024-10-14 17:45:20.201664 Papa: Oscar, sending you 4
chatterbot Foxtrot submitting transactions
chatterbot Echo submitting transactions
chatterbot Lima submitting transactions
chatterbot Victor submitting transactions
chatterbot Papa submitting transactions
chatterbot Bravo submitting transactions
chatterbot Golf submitting transactions
chatterbot Oscar submitting transactions
chatterbot Yankee submitting transactions
chatterbot Hotel submitting transactions
ChatterBot Yankee round 7
ChatterBot Foxtrot round 7
ChatterBot Lima round 7
ChatterBot Oscar round 7
ChatterBot Echo round 7
ChatterBot Golf round 7
ChatterBot Papa round 7
ChatterBot Victor round 7
ChatterBot Bravo round 7
ChatterBot Hotel round 7
2024-10-14 17:45:21.386042 Golf: Yankee, sending you 7
2024-10-14 17:45:21.387671 Lima: Same as last round
2024-10-14 17:45:21.388695 Golf: Papa and Victor, sending you 6
2024-10-14 17:45:21.393661 Echo: Foxtrot, sending you 1
2024-10-14 17:45:21.394050 Oscar: Lima, sending you 4
2024-10-14 17:45:21.394682 Victor: Yankee, Oscar and Golf, sending you 3
2024-10-14 17:45:21.396645 Foxtrot: Echo, sending you 2
2024-10-14 17:45:21.396931 Hotel: Yankee, sending you 1
2024-10-14 17:45:21.397719 Echo: Bravo, sending you 3
2024-10-14 17:45:21.398076 Victor: Papa, sending you 4
2024-10-14 17:45:21.398674 Oscar: Papa and Victor, sending you 3
2024-10-14 17:45:21.399060 Papa: Yankee, Golf and Victor, sending you 5
2024-10-14 17:45:21.400022 Yankee: Golf, sending you 6
2024-10-14 17:45:21.401654 Foxtrot: Bravo, sending you 7
2024-10-14 17:45:21.402677 Yankee: Papa, sending you 5
2024-10-14 17:45:21.404700 Papa: Oscar, sending you 4
2024-10-14 17:45:21.406974 Yankee: Victor, sending you 4
2024-10-14 17:45:21.407654 Bravo: Foxtrot, sending you 4
2024-10-14 17:45:21.410656 Bravo: Lima, sending you 3
2024-10-14 17:45:21.415663 Bravo: Oscar and Echo, sending you 5
chatterbot Oscar submitting transactions
chatterbot Hotel submitting transactions
chatterbot Foxtrot submitting transactions
chatterbot Lima submitting transactions
chatterbot Papa submitting transactions
chatterbot Golf submitting transactions
chatterbot Yankee submitting transactions
chatterbot Victor submitting transactions
chatterbot Echo submitting transactions
chatterbot Bravo submitting transactions
ChatterBot Yankee round 8
ChatterBot Foxtrot round 8
ChatterBot Lima round 8
ChatterBot Oscar round 8
ChatterBot Echo round 8
ChatterBot Golf round 8
ChatterBot Papa round 8
ChatterBot Victor round 8
ChatterBot Bravo round 8
ChatterBot Hotel round 8
2024-10-14 17:45:22.566075 Lima: We would work well together
ChatterBot Oscar reevaluating
ChatterBot Foxtrot reevaluating
ChatterBot Bravo reevaluating
2024-10-14 17:45:22.580799 Oscar: Yes
2024-10-14 17:45:22.581744 Foxtrot: Yes
2024-10-14 17:45:22.582426 Echo: No
2024-10-14 17:45:22.583203 Bravo: No
ChatterBot Lima reevaluating
ChatterBot Foxtrot reevaluating
ChatterBot Bravo reevaluating
ChatterBot Oscar reevaluating
ChatterBot Lima reevaluating
ChatterBot Bravo reevaluating
ChatterBot Oscar reevaluating
ChatterBot Lima reevaluating
ChatterBot Foxtrot reevaluating
ChatterBot Bravo reevaluating
ChatterBot Oscar reevaluating
ChatterBot Lima reevaluating
ChatterBot Foxtrot reevaluating
2024-10-14 17:45:22.667078 Foxtrot: Lima and Oscar we want you to join our group
ChatterBot Lima reevaluating
2024-10-14 17:45:22.676687 Oscar: Yes
2024-10-14 17:45:22.676832 Lima: Yes
ChatterBot Lima reevaluating
2024-10-14 17:45:22.702661 Yankee: Golf, sending you 6
2024-10-14 17:45:22.706648 Yankee: Papa, sending you 5
2024-10-14 17:45:22.707019 Victor: Yankee, Oscar and Golf, sending you 3
2024-10-14 17:45:22.709652 Oscar: Foxtrot, sending you 2
2024-10-14 17:45:22.710011 Yankee: Victor, sending you 4
2024-10-14 17:45:22.711643 Victor: Papa, sending you 4
2024-10-14 17:45:22.714667 Oscar: Lima, sending you 5
2024-10-14 17:45:22.717681 Golf: Yankee, sending you 7
2024-10-14 17:45:22.718122 Foxtrot: Oscar, sending you 1
2024-10-14 17:45:22.718665 Oscar: Bravo, sending you 3
2024-10-14 17:45:22.719677 Bravo: Foxtrot, sending you 4
2024-10-14 17:45:22.720034 Hotel: Yankee, sending you 1
2024-10-14 17:45:22.720681 Papa: Yankee, Golf and Victor, sending you 5
2024-10-14 17:45:22.721676 Echo: Foxtrot, sending you 1
2024-10-14 17:45:22.721972 Golf: Papa and Victor, sending you 6
2024-10-14 17:45:22.722639 Foxtrot: Echo, sending you 2
2024-10-14 17:45:22.723666 Bravo: Oscar and Echo, sending you 6
2024-10-14 17:45:22.724679 Lima: Foxtrot and Echo, sending you 2
2024-10-14 17:45:22.725651 Papa: Oscar, sending you 4
2024-10-14 17:45:22.726644 Echo: Bravo, sending you 3
2024-10-14 17:45:22.727676 Foxtrot: Bravo, sending you 6
2024-10-14 17:45:22.728233 Lima: Oscar, sending you 8
2024-10-14 17:45:22.732698 Lima: Bravo, sending you 4
chatterbot Golf submitting transactions
chatterbot Papa submitting transactions
chatterbot Lima submitting transactions
chatterbot Foxtrot submitting transactions
chatterbot Echo submitting transactions
chatterbot Bravo submitting transactions
chatterbot Yankee submitting transactions
chatterbot Oscar submitting transactions
chatterbot Victor submitting transactions
chatterbot Hotel submitting transactions
ChatterBot Yankee round 9
ChatterBot Foxtrot round 9
ChatterBot Lima round 9
ChatterBot Oscar round 9
ChatterBot Echo round 9
ChatterBot Golf round 9
ChatterBot Papa round 9
ChatterBot Victor round 9
ChatterBot Bravo round 9
ChatterBot Hotel round 9
2024-10-14 17:45:23.955652 Echo: Foxtrot, sending you 1
2024-10-14 17:45:23.958880 Echo: Bravo, sending you 3
2024-10-14 17:45:23.960664 Lima: Foxtrot and Echo, sending you 2
2024-10-14 17:45:23.962666 Oscar: Foxtrot, sending you 2
2024-10-14 17:45:23.963094 Foxtrot: Oscar and Echo, sending you 2
2024-10-14 17:45:23.965669 Lima: Oscar, sending you 9
2024-10-14 17:45:23.966141 Papa: Yankee, Golf and Victor, sending you 5
2024-10-14 17:45:23.966662 Oscar: Lima, sending you 5
2024-10-14 17:45:23.967020 Foxtrot: Bravo, sending you 5
2024-10-14 17:45:23.967375 Yankee: Golf, sending you 6
2024-10-14 17:45:23.968664 Lima: Bravo, sending you 3
2024-10-14 17:45:23.969041 Papa: Oscar, sending you 4
2024-10-14 17:45:23.969703 Golf: Yankee, sending you 7
2024-10-14 17:45:23.970662 Bravo: Foxtrot, sending you 4
2024-10-14 17:45:23.971015 Oscar: Bravo, sending you 3
2024-10-14 17:45:23.971322 Yankee: Papa, sending you 5
2024-10-14 17:45:23.971648 Hotel: Yankee, sending you 1
2024-10-14 17:45:23.973661 Golf: Papa and Victor, sending you 6
2024-10-14 17:45:23.974679 Bravo: Lima, sending you 3
2024-10-14 17:45:23.975010 Yankee: Victor, sending you 4
2024-10-14 17:45:23.977690 Bravo: Oscar and Echo, sending you 5
chatterbot Lima submitting transactions
chatterbot Echo submitting transactions
chatterbot Victor submitting transactions
chatterbot Golf submitting transactions
chatterbot Oscar submitting transactions
chatterbot Yankee submitting transactions
chatterbot Foxtrot submitting transactions
chatterbot Papa submitting transactions
chatterbot Hotel submitting transactions
chatterbot Bravo submitting transactions
ChatterBot Yankee round 10
ChatterBot Foxtrot round 10
ChatterBot Lima round 10
ChatterBot Oscar round 10
ChatterBot Echo round 10
ChatterBot Golf round 10
ChatterBot Papa round 10
ChatterBot Victor round 10
ChatterBot Bravo round 10
ChatterBot Hotel round 10
2024-10-14 17:45:25.231098 Lima: We should drop Echo
ChatterBot Foxtrot reevaluating
2024-10-14 17:45:25.243776 Oscar: No
2024-10-14 17:45:25.243994 Foxtrot: Yes
2024-10-14 17:45:25.244144 Bravo: No
ChatterBot Lima reevaluating
ChatterBot Foxtrot reevaluating
ChatterBot Lima reevaluating
ChatterBot Lima reevaluating
ChatterBot Foxtrot reevaluating
2024-10-14 17:45:25.290644 Echo: Foxtrot, sending you 1
2024-10-14 17:45:25.292717 Oscar: I was attacked by Victor
ChatterBot Lima reevaluating
ChatterBot Foxtrot reevaluating
ChatterBot Echo reevaluating
ChatterBot Bravo reevaluating
2024-10-14 17:45:25.310291 Oscar: I'm keeping this round to protect myself
2024-10-14 17:45:25.311169 Oscar: Ow
2024-10-14 17:45:25.315682 Hotel: Yankee, sending you 1
2024-10-14 17:45:25.316089 Yankee: Golf, sending you 6
2024-10-14 17:45:25.316673 Papa: Yankee, sending you 6
2024-10-14 17:45:25.317117 Golf: Yankee, sending you 8
2024-10-14 17:45:25.319675 Yankee: Papa, sending you 5
2024-10-14 17:45:25.320697 Papa: Oscar, sending you 3
2024-10-14 17:45:25.321679 Golf: Papa, sending you 6
2024-10-14 17:45:25.322694 Yankee: Victor, sending you 4
2024-10-14 17:45:25.324884 Papa: Golf and Victor, sending you 5
2024-10-14 17:45:25.326682 Golf: Victor, sending you 5
2024-10-14 17:45:25.331669 Foxtrot: Oscar and Echo, sending you 2
2024-10-14 17:45:25.335688 Foxtrot: Bravo, sending you 5
2024-10-14 17:45:25.340684 Lima: Foxtrot, sending you 3
2024-10-14 17:45:25.341651 Bravo: Foxtrot, sending you 4
2024-10-14 17:45:25.345658 Lima: Oscar, sending you 9
2024-10-14 17:45:25.346677 Bravo: Lima, sending you 3
2024-10-14 17:45:25.348684 Lima: Bravo, sending you 4
2024-10-14 17:45:25.350644 Bravo: Oscar and Echo, sending you 5
chatterbot Papa submitting transactions
chatterbot Oscar submitting transactions
chatterbot Bravo submitting transactions
chatterbot Yankee submitting transactions
chatterbot Lima submitting transactions
chatterbot Victor submitting transactions
chatterbot Golf submitting transactions
chatterbot Hotel submitting transactions
chatterbot Foxtrot submitting transactions
chatterbot Echo submitting transactions
ChatterBot Yankee round 11
ChatterBot Foxtrot round 11
ChatterBot Lima round 11
ChatterBot Oscar round 11
ChatterBot Echo round 11
ChatterBot Golf round 11
ChatterBot Papa round 11
ChatterBot Victor round 11
ChatterBot Bravo round 11
ChatterBot Hotel round 11
2024-10-14 17:45:26.583211 Echo: We should add Lima
ChatterBot Foxtrot reevaluating
ChatterBot Bravo reevaluating
2024-10-14 17:45:26.592982 Foxtrot: Yes
2024-10-14 17:45:26.593163 Bravo: Yes
ChatterBot Bravo reevaluating
ChatterBot Foxtrot reevaluating
2024-10-14 17:45:26.611977 Bravo: We should add Golf
ChatterBot Lima reevaluating
ChatterBot Foxtrot reevaluating
2024-10-14 17:45:26.627388 Oscar: No
2024-10-14 17:45:26.627581 Lima: No
2024-10-14 17:45:26.627759 Foxtrot: No
2024-10-14 17:45:26.627928 Echo: No
ChatterBot Lima reevaluating
ChatterBot Foxtrot reevaluating
ChatterBot Bravo reevaluating
ChatterBot Foxtrot reevaluating
ChatterBot Bravo reevaluating
ChatterBot Lima reevaluating
ChatterBot Bravo reevaluating
ChatterBot Lima reevaluating
ChatterBot Foxtrot reevaluating
ChatterBot Bravo reevaluating
2024-10-14 17:45:26.680951 Bravo: We should add Papa
ChatterBot Lima reevaluating
ChatterBot Foxtrot reevaluating
2024-10-14 17:45:26.695438 Oscar: No
2024-10-14 17:45:26.695556 Lima: No
2024-10-14 17:45:26.695655 Foxtrot: No
2024-10-14 17:45:26.695747 Echo: No
ChatterBot Lima reevaluating
ChatterBot Foxtrot reevaluating
ChatterBot Bravo reevaluating
ChatterBot Foxtrot reevaluating
ChatterBot Bravo reevaluating
ChatterBot Lima reevaluating
ChatterBot Bravo reevaluating
ChatterBot Lima reevaluating
ChatterBot Foxtrot reevaluating
ChatterBot Bravo reevaluating
2024-10-14 17:45:26.763348 Echo: Lima we want you to join our group
ChatterBot Lima reevaluating
2024-10-14 17:45:26.766774 Lima: No
ChatterBot Foxtrot reevaluating
ChatterBot Bravo reevaluating
2024-10-14 17:45:26.778536 Bravo: We should add Yankee
ChatterBot Lima reevaluating
ChatterBot Foxtrot reevaluating
2024-10-14 17:45:26.793270 Oscar: No
2024-10-14 17:45:26.793403 Lima: No
2024-10-14 17:45:26.793507 Foxtrot: No
2024-10-14 17:45:26.793611 Echo: No
ChatterBot Lima reevaluating
ChatterBot Foxtrot reevaluating
ChatterBot Foxtrot reevaluating
ChatterBot Bravo reevaluating
ChatterBot Lima reevaluating
ChatterBot Bravo reevaluating
ChatterBot Lima reevaluating
ChatterBot Foxtrot reevaluating
ChatterBot Bravo reevaluating
2024-10-14 17:45:26.862932 Golf: We should drop Victor
2024-10-14 17:45:26.869282 Yankee: No
2024-10-14 17:45:26.869422 Papa: No
ChatterBot Golf reevaluating
ChatterBot Golf reevaluating
2024-10-14 17:45:26.886128 Papa: Yankee and Golf, sending you 6
2024-10-14 17:45:26.886575 Yankee: Golf, sending you 6
2024-10-14 17:45:26.888652 Papa: Oscar, sending you 3
2024-10-14 17:45:26.889644 Yankee: Papa, sending you 5
2024-10-14 17:45:26.890814 Victor: Golf and Papa, sending you 1
2024-10-14 17:45:26.892654 Yankee: Victor, sending you 4
2024-10-14 17:45:26.893664 Papa: Victor, sending you 4
2024-10-14 17:45:26.895190 Foxtrot: Oscar and Echo, sending you 2
2024-10-14 17:45:26.896650 Echo: Foxtrot, sending you 1
2024-10-14 17:45:26.898712 Foxtrot: Bravo, sending you 5
2024-10-14 17:45:26.901647 Echo: Bravo, sending you 3
2024-10-14 17:45:26.902665 Hotel: Yankee, sending you 1
2024-10-14 17:45:26.903660 Golf: Yankee, sending you 8
2024-10-14 17:45:26.907120 Golf: Papa, sending you 6
2024-10-14 17:45:26.911646 Golf: Victor, sending you 5
chatterbot Oscar submitting transactions
chatterbot Lima submitting transactions
chatterbot Yankee submitting transactions
chatterbot Hotel submitting transactions
chatterbot Papa submitting transactions
chatterbot Echo submitting transactions
chatterbot Victor submitting transactions
chatterbot Golf submitting transactions
chatterbot Bravo submitting transactions
chatterbot Foxtrot submitting transactions
ChatterBot Yankee round 12
ChatterBot Foxtrot round 12
ChatterBot Lima round 12
ChatterBot Oscar round 12
ChatterBot Echo round 12
ChatterBot Golf round 12
ChatterBot Papa round 12
ChatterBot Victor round 12
ChatterBot Bravo round 12
ChatterBot Hotel round 12
2024-10-14 17:45:28.120345 Golf: We should drop Victor
2024-10-14 17:45:28.127373 Yankee: No
2024-10-14 17:45:28.127575 Papa: No
ChatterBot Golf reevaluating
ChatterBot Golf reevaluating
2024-10-14 17:45:28.146581 Foxtrot: We should drop Lima
2024-10-14 17:45:28.156989 Oscar: Yes
2024-10-14 17:45:28.157156 Echo: Yes
2024-10-14 17:45:28.157274 Bravo: Yes
2024-10-14 17:45:28.186117 Lima: I was attacked by Victor
2024-10-14 17:45:28.186322 Lima: I'm keeping this round to protect myself
2024-10-14 17:45:28.186483 Lima: Ow
2024-10-14 17:45:28.188662 Victor: Yankee, sending you 4
2024-10-14 17:45:28.189669 Yankee: Golf, sending you 6
2024-10-14 17:45:28.191661 Papa: Yankee and Golf, sending you 6
2024-10-14 17:45:28.192646 Victor: Golf and Papa, sending you 3
2024-10-14 17:45:28.194699 Yankee: Papa, sending you 5
2024-10-14 17:45:28.196655 Papa: Oscar, sending you 3
2024-10-14 17:45:28.199681 Yankee: Victor, sending you 4
2024-10-14 17:45:28.201672 Papa: Victor, sending you 4
2024-10-14 17:45:28.205829 Golf: Yankee, sending you 10
2024-10-14 17:45:28.208646 Golf: Papa, sending you 9
2024-10-14 17:45:28.210070 Hotel: Sending you 1
2024-10-14 17:45:28.210647 Foxtrot: Oscar and Echo, sending you 2
2024-10-14 17:45:28.215178 Foxtrot: Bravo, sending you 5
2024-10-14 17:45:28.216643 Echo: Foxtrot, sending you 1
2024-10-14 17:45:28.218658 Bravo: Foxtrot, sending you 4
2024-10-14 17:45:28.220673 Echo: Bravo, sending you 3
2024-10-14 17:45:28.222103 Bravo: Oscar and Echo, sending you 6
chatterbot Papa submitting transactions
chatterbot Foxtrot submitting transactions
chatterbot Bravo submitting transactions
chatterbot Golf submitting transactions
chatterbot Hotel submitting transactions
chatterbot Lima submitting transactions
chatterbot Echo submitting transactions
chatterbot Yankee submitting transactions
chatterbot Victor submitting transactions
chatterbot Oscar submitting transactions
ChatterBot Yankee round 13
ChatterBot Foxtrot round 13
ChatterBot Lima round 13
ChatterBot Oscar round 13
ChatterBot Echo round 13
ChatterBot Golf round 13
ChatterBot Papa round 13
ChatterBot Victor round 13
ChatterBot Bravo round 13
ChatterBot Hotel round 13
2024-10-14 17:45:29.129675 Foxtrot: Oscar, sending you 1
2024-10-14 17:45:29.130655 Yankee: Golf, sending you 6
2024-10-14 17:45:29.132663 Foxtrot: Echo, sending you 2
2024-10-14 17:45:29.133938 Yankee: Papa, sending you 5
2024-10-14 17:45:29.137662 Foxtrot: Bravo, sending you 6
2024-10-14 17:45:29.138660 Yankee: Victor, sending you 4
2024-10-14 17:45:29.140673 Victor: Yankee, sending you 4
2024-10-14 17:45:29.143674 Victor: Golf and Papa, sending you 3
2024-10-14 17:45:29.145689 Papa: Yankee and Golf, sending you 6
2024-10-14 17:45:29.146172 Bravo: Foxtrot, sending you 4
2024-10-14 17:45:29.147097 Hotel: Same as last round
2024-10-14 17:45:29.148647 Echo: Foxtrot, sending you 1
2024-10-14 17:45:29.149678 Golf: Yankee, sending you 8
2024-10-14 17:45:29.150895 Papa: Oscar, sending you 2
2024-10-14 17:45:29.151673 Bravo: Oscar, sending you 6
2024-10-14 17:45:29.152676 Echo: Bravo, sending you 3
2024-10-14 17:45:29.153672 Golf: Papa, sending you 6
2024-10-14 17:45:29.155671 Papa: Victor, sending you 5
2024-10-14 17:45:29.156655 Bravo: Echo, sending you 7
2024-10-14 17:45:29.158657 Golf: Victor, sending you 5
chatterbot Foxtrot submitting transactions
chatterbot Golf submitting transactions
chatterbot Yankee submitting transactions
chatterbot Bravo submitting transactions
chatterbot Victor submitting transactions
chatterbot Lima submitting transactions
chatterbot Hotel submitting transactions
chatterbot Oscar submitting transactions
chatterbot Echo submitting transactions
chatterbot Papa submitting transactions
ChatterBot Yankee round 14
ChatterBot Foxtrot round 14
ChatterBot Lima round 14
ChatterBot Oscar round 14
ChatterBot Echo round 14
ChatterBot Golf round 14
ChatterBot Papa round 14
ChatterBot Victor round 14
ChatterBot Bravo round 14
ChatterBot Hotel round 14
2024-10-14 17:45:30.425672 Echo: Foxtrot, sending you 1
2024-10-14 17:45:30.429669 Echo: Bravo, sending you 3
2024-10-14 17:45:30.431705 Victor: Yankee, sending you 4
2024-10-14 17:45:30.433658 Oscar: Foxtrot and Bravo, sending you 2
2024-10-14 17:45:30.435678 Yankee: Golf, sending you 6
2024-10-14 17:45:30.436626 Golf: Yankee, sending you 7
2024-10-14 17:45:30.437777 Victor: Golf and Papa, sending you 3
2024-10-14 17:45:30.438667 Yankee: Papa, sending you 5
2024-10-14 17:45:30.440707 Bravo: Foxtrot, sending you 4
2024-10-14 17:45:30.441696 Yankee: Victor, sending you 4
2024-10-14 17:45:30.442892 Golf: Papa and Victor, sending you 6
2024-10-14 17:45:30.443686 Hotel: Same as last round
2024-10-14 17:45:30.443975 Papa: Yankee and Golf, sending you 6
2024-10-14 17:45:30.444686 Foxtrot: Oscar, sending you 1
2024-10-14 17:45:30.445831 Bravo: Oscar, sending you 6
2024-10-14 17:45:30.448665 Papa: Oscar, sending you 2
2024-10-14 17:45:30.449902 Foxtrot: Echo, sending you 2
2024-10-14 17:45:30.450444 Bravo: Echo, sending you 7
2024-10-14 17:45:30.453644 Foxtrot: Bravo, sending you 6
2024-10-14 17:45:30.454705 Papa: Victor, sending you 5
chatterbot Oscar submitting transactions
chatterbot Foxtrot submitting transactions
chatterbot Victor submitting transactions
chatterbot Golf submitting transactions
chatterbot Echo submitting transactions
chatterbot Hotel submitting transactions
chatterbot Papa submitting transactions
chatterbot Bravo submitting transactions
chatterbot Lima submitting transactions
chatterbot Yankee submitting transactions
ChatterBot Yankee round 15
ChatterBot Foxtrot round 15
ChatterBot Lima round 15
ChatterBot Oscar round 15
ChatterBot Echo round 15
ChatterBot Golf round 15
ChatterBot Papa round 15
ChatterBot Victor round 15
ChatterBot Bravo round 15
ChatterBot Hotel round 15
2024-10-14 17:45:31.682919 Bravo: We should add Hotel
ChatterBot Oscar reevaluating
ChatterBot Foxtrot reevaluating
2024-10-14 17:45:31.704308 Oscar: Yes
2024-10-14 17:45:31.704456 Foxtrot: No
2024-10-14 17:45:31.704567 Echo: No
ChatterBot Foxtrot reevaluating
ChatterBot Bravo reevaluating
ChatterBot Oscar reevaluating
ChatterBot Bravo reevaluating
ChatterBot Oscar reevaluating
ChatterBot Foxtrot reevaluating
ChatterBot Bravo reevaluating
2024-10-14 17:45:31.763962 Bravo: We should add Yankee
ChatterBot Oscar reevaluating
ChatterBot Foxtrot reevaluating
2024-10-14 17:45:31.774986 Oscar: No
2024-10-14 17:45:31.775126 Foxtrot: No
2024-10-14 17:45:31.775243 Echo: No
ChatterBot Foxtrot reevaluating
ChatterBot Bravo reevaluating
ChatterBot Oscar reevaluating
ChatterBot Bravo reevaluating
ChatterBot Oscar reevaluating
ChatterBot Foxtrot reevaluating
ChatterBot Bravo reevaluating
2024-10-14 17:45:31.813695 Echo: Foxtrot, sending you 1
2024-10-14 17:45:31.814187 Yankee: Sending you each 5
2024-10-14 17:45:31.817665 Echo: Bravo, sending you 3
2024-10-14 17:45:31.818687 Papa: Yankee and Golf, sending you 6
