ChatterBot India round 1
ChatterBot Lima round 1
ChatterBot Delta round 1
ChatterBot Echo round 1
ChatterBot Juliett round 1
ChatterBot Tango round 1
ChatterBot X-ray round 1
ChatterBot Quebec round 1
ChatterBot November round 1
ChatterBot Foxtrot round 1
randomSelections India: {India, Tango, November, Echo, Quebec, Foxtrot} 
2024-10-14 17:45:12.406360 India: We would work well together
ChatterBot Tango reevaluating
ChatterBot November reevaluating
ChatterBot Echo reevaluating
ChatterBot Quebec reevaluating
ChatterBot Foxtrot reevaluating
2024-10-14 17:45:12.457768 Tango: Yes
2024-10-14 17:45:12.458108 November: Yes
2024-10-14 17:45:12.458271 Echo: Yes
2024-10-14 17:45:12.459222 Quebec: Yes
2024-10-14 17:45:12.459531 Foxtrot: Yes
ChatterBot November reevaluating
ChatterBot Echo reevaluating
ChatterBot Quebec reevaluating
ChatterBot Foxtrot reevaluating
ChatterBot Tango reevaluating
ChatterBot Echo reevaluating
ChatterBot Quebec reevaluating
ChatterBot Foxtrot reevaluating
ChatterBot Tango reevaluating
ChatterBot November reevaluating
ChatterBot Quebec reevaluating
ChatterBot Foxtrot reevaluating
ChatterBot Tango reevaluating
ChatterBot November reevaluating
ChatterBot Echo reevaluating
ChatterBot Foxtrot reevaluating
ChatterBot Tango reevaluating
ChatterBot November reevaluating
ChatterBot Echo reevaluating
ChatterBot Quebec reevaluating
randomSelections Delta: {Delta, Quebec, Lima, Tango, Echo} 
2024-10-14 17:45:12.523412 Delta: Can we be friends?
ChatterBot Quebec reevaluating
ChatterBot Lima reevaluating
ChatterBot Tango reevaluating
ChatterBot Echo reevaluating
2024-10-14 17:45:12.532887 Quebec: No
2024-10-14 17:45:12.533236 Lima: Yes
2024-10-14 17:45:12.534051 Tango: No
2024-10-14 17:45:12.534375 Echo: No
ChatterBot Lima reevaluating
ChatterBot Tango reevaluating
ChatterBot Echo reevaluating
ChatterBot Quebec reevaluating
ChatterBot Tango reevaluating
ChatterBot Echo reevaluating
ChatterBot Quebec reevaluating
ChatterBot Lima reevaluating
ChatterBot Echo reevaluating
ChatterBot Quebec reevaluating
ChatterBot Lima reevaluating
ChatterBot Tango reevaluating
randomSelections X-ray: {X-ray, Tango, India, Echo, November, Delta} 
2024-10-14 17:45:12.574917 X-ray: Friends?
ChatterBot Tango reevaluating
ChatterBot Echo reevaluating
ChatterBot November reevaluating
2024-10-14 17:45:12.585253 Tango: No
2024-10-14 17:45:12.585586 India: No
2024-10-14 17:45:12.585844 Echo: No
2024-10-14 17:45:12.586846 November: No
2024-10-14 17:45:12.587139 Delta: No
ChatterBot Echo reevaluating
ChatterBot November reevaluating
ChatterBot Tango reevaluating
ChatterBot Echo reevaluating
ChatterBot November reevaluating
ChatterBot Tango reevaluating
ChatterBot November reevaluating
ChatterBot Tango reevaluating
ChatterBot Echo reevaluating
ChatterBot Tango reevaluating
ChatterBot Echo reevaluating
ChatterBot November reevaluating
randomSelections Juliett: {Juliett, Delta, India, Echo} 
2024-10-14 17:45:12.642158 Juliett: Can we be friends?
ChatterBot Echo reevaluating
2024-10-14 17:45:12.649394 Delta: No
2024-10-14 17:45:12.650196 India: No
2024-10-14 17:45:12.650399 Echo: No
ChatterBot Echo reevaluating
ChatterBot Echo reevaluating
2024-10-14 17:45:12.681364 India: Echo, Tango and November, sending you 2
2024-10-14 17:45:12.681915 November: India and Quebec, sending you 2
2024-10-14 17:45:12.682445 Tango: India, sending you 1
2024-10-14 17:45:12.684747 India: Quebec, sending you 3
2024-10-14 17:45:12.686185 Juliett: India and Echo, sending you 3
2024-10-14 17:45:12.686716 November: Echo, Tango and Foxtrot, sending you 3
2024-10-14 17:45:12.689407 X-ray: India, sending you 1
2024-10-14 17:45:12.690774 Tango: Echo, sending you 3
2024-10-14 17:45:12.691104 Delta: Lima, sending you 5
2024-10-14 17:45:12.691391 India: Foxtrot, sending you 5
2024-10-14 17:45:12.691715 Foxtrot: India, sending you 2
2024-10-14 17:45:12.692930 Juliett: Delta, sending you 4
2024-10-14 17:45:12.693318 Lima: Delta, sending you 2
2024-10-14 17:45:12.693714 X-ray: Delta and Echo, sending you 3
2024-10-14 17:45:12.694036 Tango: Quebec, sending you 4
2024-10-14 17:45:12.695302 Delta: Echo, sending you 1
2024-10-14 17:45:12.698221 Foxtrot: Echo, sending you 6
2024-10-14 17:45:12.699518 Echo: India, sending you 3
2024-10-14 17:45:12.699795 X-ray: Tango, sending you 4
2024-10-14 17:45:12.700063 Lima: Echo, sending you 8
2024-10-14 17:45:12.700300 Tango: November, sending you 5
2024-10-14 17:45:12.700599 Delta: Quebec, sending you 4
2024-10-14 17:45:12.707299 Echo: Tango, sending you 8
2024-10-14 17:45:12.707583 Foxtrot: Tango, sending you 3
2024-10-14 17:45:12.707845 Lima: Tango, sending you 5
2024-10-14 17:45:12.713068 Lima: Quebec, sending you 4
2024-10-14 17:45:12.714043 Echo: Quebec, sending you 1
2024-10-14 17:45:12.714582 Foxtrot: Quebec, sending you 1
2024-10-14 17:45:12.718676 Echo: November and Foxtrot, sending you 2
2024-10-14 17:45:12.719034 Foxtrot: November, sending you 7
chatterbot Tango submitting transactions
chatterbot X-ray submitting transactions
chatterbot Echo submitting transactions
chatterbot Delta submitting transactions
chatterbot November submitting transactions
chatterbot India submitting transactions
chatterbot Juliett submitting transactions
chatterbot Foxtrot submitting transactions
chatterbot Lima submitting transactions
chatterbot Quebec submitting transactions
ChatterBot India round 2
ChatterBot Lima round 2
ChatterBot Delta round 2
2024-10-14 17:45:14.099270 India: We should replace Quebec with X-ray
ChatterBot Echo reevaluating
ChatterBot Tango reevaluating
ChatterBot November reevaluating
ChatterBot Foxtrot reevaluating
2024-10-14 17:45:14.144605 Echo: No
2024-10-14 17:45:14.144821 Tango: No
2024-10-14 17:45:14.144930 November: No
2024-10-14 17:45:14.145045 Foxtrot: No
ChatterBot Tango reevaluating
ChatterBot November reevaluating
ChatterBot Foxtrot reevaluating
ChatterBot Echo reevaluating
ChatterBot November reevaluating
ChatterBot Foxtrot reevaluating
ChatterBot India reevaluating
ChatterBot Echo reevaluating
ChatterBot Tango reevaluating
ChatterBot Foxtrot reevaluating
ChatterBot India reevaluating
ChatterBot Echo reevaluating
ChatterBot Tango reevaluating
ChatterBot November reevaluating
ChatterBot Echo round 2
ChatterBot Juliett round 2
ChatterBot Tango round 2
ChatterBot X-ray round 2
ChatterBot Quebec round 2
ChatterBot November round 2
ChatterBot Foxtrot round 2
2024-10-14 17:45:14.309797 Lima: We would work well together
ChatterBot Delta reevaluating
ChatterBot Juliett reevaluating
ChatterBot Quebec reevaluating
2024-10-14 17:45:14.322726 Delta: No
2024-10-14 17:45:14.322890 Juliett: No
2024-10-14 17:45:14.323007 Quebec: No
ChatterBot Juliett reevaluating
ChatterBot Quebec reevaluating
ChatterBot Lima reevaluating
ChatterBot Delta reevaluating
ChatterBot Quebec reevaluating
ChatterBot Lima reevaluating
ChatterBot Delta reevaluating
ChatterBot Juliett reevaluating
2024-10-14 17:45:14.366572 India: We should replace Quebec with Juliett
ChatterBot Echo reevaluating
ChatterBot Tango reevaluating
ChatterBot November reevaluating
ChatterBot Foxtrot reevaluating
2024-10-14 17:45:14.383424 Echo: No
2024-10-14 17:45:14.383621 Tango: No
2024-10-14 17:45:14.383738 November: No
2024-10-14 17:45:14.383836 Foxtrot: No
ChatterBot India reevaluating
ChatterBot Tango reevaluating
ChatterBot November reevaluating
ChatterBot Foxtrot reevaluating
ChatterBot India reevaluating
ChatterBot Echo reevaluating
ChatterBot November reevaluating
ChatterBot Foxtrot reevaluating
ChatterBot India reevaluating
ChatterBot Echo reevaluating
ChatterBot Tango reevaluating
ChatterBot Foxtrot reevaluating
ChatterBot India reevaluating
ChatterBot Echo reevaluating
ChatterBot Tango reevaluating
ChatterBot November reevaluating
2024-10-14 17:45:14.557276 X-ray: We would work well together
ChatterBot Quebec reevaluating
2024-10-14 17:45:14.562247 Quebec: No
2024-10-14 17:45:14.822956 India: X-ray we want you to join our group
ChatterBot X-ray reevaluating
2024-10-14 17:45:14.827326 X-ray: No
ChatterBot India reevaluating
2024-10-14 17:45:14.967028 Lima: Sending you 11
2024-10-14 17:45:14.967249 Juliett: Sending you 8
2024-10-14 17:45:14.967443 Quebec: India, sending you 4
2024-10-14 17:45:14.969120 November: India and Echo, sending you 2
2024-10-14 17:45:14.969486 Tango: India, November and Foxtrot, sending you 2
2024-10-14 17:45:14.969803 Foxtrot: India, sending you 6
2024-10-14 17:45:14.970157 Delta: Lima and X-ray, sending you 3
2024-10-14 17:45:14.973986 Echo: India, Tango, X-ray and November, sending you 3
2024-10-14 17:45:14.974696 Quebec: Echo and Foxtrot, sending you 2
2024-10-14 17:45:14.976270 November: Tango, sending you 3
2024-10-14 17:45:14.976590 Foxtrot: Echo, sending you 4
2024-10-14 17:45:14.977060 Tango: Echo, sending you 4
chatterbot Lima submitting transactions
2024-10-14 17:45:15.080497 Delta: Juliett, sending you 4
2024-10-14 17:45:15.081455 Echo: Foxtrot, sending you 4
2024-10-14 17:45:15.082060 Quebec: Tango, sending you 5
2024-10-14 17:45:15.082522 November: X-ray, sending you 1
2024-10-14 17:45:15.083535 Foxtrot: Tango and Quebec, sending you 2
2024-10-14 17:45:15.084183 Tango: X-ray, sending you 3
2024-10-14 17:45:15.122738 Quebec: November, sending you 3
2024-10-14 17:45:15.123370 November: Foxtrot, sending you 5
2024-10-14 17:45:15.124648 X-ray: Sending you 8
2024-10-14 17:45:15.124979 Foxtrot: November, sending you 5
2024-10-14 17:45:15.167145 India: Echo, sending you 4
chatterbot Delta submitting transactions
chatterbot Quebec submitting transactions
2024-10-14 17:45:15.185114 India: Tango, X-ray, November and Foxtrot, sending you 3
chatterbot India submitting transactions
chatterbot Foxtrot submitting transactions
chatterbot X-ray submitting transactions
chatterbot Tango submitting transactions
chatterbot Echo submitting transactions
chatterbot Juliett submitting transactions
chatterbot November submitting transactions
ChatterBot India round 3
ChatterBot Lima round 3
ChatterBot Delta round 3
ChatterBot Echo round 3
ChatterBot Juliett round 3
2024-10-14 17:45:15.757638 India: We should replace X-ray with Quebec
ChatterBot Echo reevaluating
ChatterBot Tango reevaluating
ChatterBot November reevaluating
2024-10-14 17:45:15.778685 Echo: Yes
2024-10-14 17:45:15.779002 Tango: No
2024-10-14 17:45:15.779675 November: Yes
2024-10-14 17:45:15.779963 Foxtrot: Yes
ChatterBot Tango reevaluating
ChatterBot November reevaluating
ChatterBot Echo reevaluating
ChatterBot November reevaluating
ChatterBot Echo reevaluating
ChatterBot Tango reevaluating
ChatterBot Echo reevaluating
ChatterBot Tango reevaluating
ChatterBot November reevaluating
ChatterBot Tango round 3
ChatterBot X-ray round 3
ChatterBot Quebec round 3
ChatterBot November round 3
ChatterBot Foxtrot round 3
2024-10-14 17:45:15.882452 Juliett: We should add Lima and Delta
ChatterBot X-ray reevaluating
2024-10-14 17:45:15.888318 X-ray: Yes
2024-10-14 17:45:15.894534 X-ray: We should group up
ChatterBot Lima reevaluating
ChatterBot Tango reevaluating
2024-10-14 17:45:15.914425 Lima: No
2024-10-14 17:45:15.915105 Delta: No
2024-10-14 17:45:15.915335 Juliett: No
2024-10-14 17:45:15.915482 Tango: No
ChatterBot X-ray reevaluating
ChatterBot Tango reevaluating
ChatterBot X-ray reevaluating
ChatterBot Lima reevaluating
ChatterBot Tango reevaluating
ChatterBot X-ray reevaluating
ChatterBot Lima reevaluating
ChatterBot Tango reevaluating
ChatterBot X-ray reevaluating
ChatterBot Lima reevaluating
2024-10-14 17:45:15.995307 Lima: We should add Juliett and X-ray
2024-10-14 17:45:16.000841 Delta: Yes
ChatterBot Lima reevaluating
2024-10-14 17:45:16.010563 India: Quebec we want you to join our group
ChatterBot Quebec reevaluating
2024-10-14 17:45:16.016954 Quebec: Yes
ChatterBot Tango reevaluating
ChatterBot November reevaluating
ChatterBot Echo reevaluating
ChatterBot Foxtrot reevaluating
2024-10-14 17:45:16.040803 November: We should replace X-ray with Quebec
ChatterBot Echo reevaluating
ChatterBot Tango reevaluating
ChatterBot Foxtrot reevaluating
2024-10-14 17:45:16.057039 India: Yes
2024-10-14 17:45:16.057521 Echo: Yes
2024-10-14 17:45:16.057701 Tango: Yes
2024-10-14 17:45:16.057857 Foxtrot: Yes
ChatterBot Echo reevaluating
ChatterBot Tango reevaluating
ChatterBot November reevaluating
ChatterBot Foxtrot reevaluating
ChatterBot Tango reevaluating
ChatterBot November reevaluating
ChatterBot Foxtrot reevaluating
ChatterBot Echo reevaluating
ChatterBot November reevaluating
ChatterBot Foxtrot reevaluating
ChatterBot Echo reevaluating
ChatterBot Tango reevaluating
ChatterBot November reevaluating
2024-10-14 17:45:16.222640 Juliett: Lima and Delta we want you to join our group
ChatterBot Lima reevaluating
2024-10-14 17:45:16.234322 Delta: Yes
2024-10-14 17:45:16.234948 Lima: Yes
ChatterBot Lima reevaluating
ChatterBot X-ray reevaluating
ChatterBot X-ray reevaluating
2024-10-14 17:45:16.263962 Echo: Quebec we want you to join our group
2024-10-14 17:45:16.268066 Quebec: Yes
ChatterBot Echo reevaluating
2024-10-14 17:45:16.285677 Tango: Quebec we want you to join our group
2024-10-14 17:45:16.289955 Quebec: Yes
ChatterBot Echo reevaluating
2024-10-14 17:45:16.317781 Lima: Juliett and X-ray we want you to join our group
ChatterBot X-ray reevaluating
2024-10-14 17:45:16.329532 Juliett: Yes
2024-10-14 17:45:16.330477 X-ray: Yes
ChatterBot Lima reevaluating
ChatterBot X-ray reevaluating
ChatterBot Lima reevaluating
2024-10-14 17:45:16.358861 Delta: Lima, sending you 4
2024-10-14 17:45:16.359290 November: Quebec we want you to join our group
2024-10-14 17:45:16.363481 Quebec: Yes
ChatterBot Echo reevaluating
2024-10-14 17:45:16.390015 Delta: Juliett and X-ray, sending you 3
2024-10-14 17:45:16.410390 India: Echo, Tango, Quebec and November, sending you 3
2024-10-14 17:45:16.411559 Foxtrot: India and Echo, sending you 4
2024-10-14 17:45:16.411907 Quebec: India and November, sending you 3
2024-10-14 17:45:16.412264 Juliett: Lima and Delta, sending you 3
2024-10-14 17:45:16.420488 India: Foxtrot, sending you 4
2024-10-14 17:45:16.421524 Foxtrot: Tango and Quebec, sending you 3
2024-10-14 17:45:16.422093 Quebec: Echo, sending you 2
2024-10-14 17:45:16.423150 X-ray: Lima, sending you 2
2024-10-14 17:45:16.423432 Juliett: X-ray, sending you 4
2024-10-14 17:45:16.423687 Tango: India and Foxtrot, sending you 2
2024-10-14 17:45:16.424419 November: India, Echo and Quebec, sending you 2
2024-10-14 17:45:16.430633 Quebec: Tango and Foxtrot, sending you 4
2024-10-14 17:45:16.431001 X-ray: Delta and Echo, sending you 3
2024-10-14 17:45:16.431305 Foxtrot: November, sending you 5
2024-10-14 17:45:16.431726 Tango: Echo, Quebec and November, sending you 3
2024-10-14 17:45:16.432697 November: Tango, sending you 3
2024-10-14 17:45:16.433071 Lima: Delta, sending you 12
2024-10-14 17:45:16.437841 X-ray: Juliett, sending you 4
2024-10-14 17:45:16.438219 November: Foxtrot, sending you 4
2024-10-14 17:45:16.443754 Echo: India and November, sending you 3
2024-10-14 17:45:16.448884 Echo: Tango and Foxtrot, sending you 4
2024-10-14 17:45:16.455533 Echo: Quebec, sending you 2
chatterbot India submitting transactions
chatterbot X-ray submitting transactions
chatterbot Juliett submitting transactions
chatterbot Tango submitting transactions
chatterbot November submitting transactions
chatterbot Foxtrot submitting transactions
chatterbot Lima submitting transactions
chatterbot Delta submitting transactions
chatterbot Quebec submitting transactions
chatterbot Echo submitting transactions
ChatterBot India round 4
ChatterBot Lima round 4
ChatterBot Delta round 4
ChatterBot Echo round 4
ChatterBot Juliett round 4
ChatterBot Tango round 4
ChatterBot X-ray round 4
ChatterBot Quebec round 4
ChatterBot November round 4
ChatterBot Foxtrot round 4
2024-10-14 17:45:17.694002 X-ray: We should drop Echo
2024-10-14 17:45:17.704040 Delta: Yes
2024-10-14 17:45:17.704211 Lima: Yes
2024-10-14 17:45:17.704336 Juliett: Yes
ChatterBot X-ray reevaluating
ChatterBot X-ray reevaluating
ChatterBot X-ray reevaluating
2024-10-14 17:45:17.732420 Lima: Delta, sending you 12
2024-10-14 17:45:17.735685 Echo: India, Tango, Quebec and November, sending you 3
2024-10-14 17:45:17.736834 Delta: Lima, sending you 4
2024-10-14 17:45:17.737680 Lima: Juliett, sending you 4
2024-10-14 17:45:17.738164 India: Echo, Tango, Quebec and November, sending you 3
2024-10-14 17:45:17.738693 Tango: India and Foxtrot, sending you 2
2024-10-14 17:45:17.740057 Echo: Foxtrot, sending you 4
2024-10-14 17:45:17.740735 Delta: Juliett and X-ray, sending you 3
2024-10-14 17:45:17.741127 Lima: X-ray, sending you 3
2024-10-14 17:45:17.741678 India: Foxtrot, sending you 4
2024-10-14 17:45:17.743673 Tango: Echo, Quebec and November, sending you 3
2024-10-14 17:45:17.744500 November: India and Quebec, sending you 2
2024-10-14 17:45:17.749658 November: Echo, Tango and Foxtrot, sending you 3
2024-10-14 17:45:17.750396 Quebec: India, Echo, November and Foxtrot, sending you 3
2024-10-14 17:45:17.751419 Foxtrot: India and Echo, sending you 4
2024-10-14 17:45:17.753673 Quebec: Tango, sending you 4
2024-10-14 17:45:17.754681 Foxtrot: Tango and Quebec, sending you 3
2024-10-14 17:45:17.755193 Juliett: Lima and Delta, sending you 3
2024-10-14 17:45:17.757653 Foxtrot: November, sending you 5
2024-10-14 17:45:17.758205 Juliett: X-ray, sending you 4
chatterbot Delta submitting transactions
chatterbot X-ray submitting transactions
chatterbot November submitting transactions
chatterbot Lima submitting transactions
chatterbot Foxtrot submitting transactions
chatterbot Quebec submitting transactions
chatterbot Echo submitting transactions
chatterbot India submitting transactions
chatterbot Juliett submitting transactions
chatterbot Tango submitting transactions
ChatterBot India round 5
ChatterBot Lima round 5
ChatterBot Delta round 5
ChatterBot Echo round 5
ChatterBot Juliett round 5
ChatterBot Tango round 5
ChatterBot X-ray round 5
ChatterBot Quebec round 5
ChatterBot November round 5
ChatterBot Foxtrot round 5
2024-10-14 17:45:18.948644 X-ray: We should replace Echo with India
2024-10-14 17:45:18.961255 Delta: No
2024-10-14 17:45:18.961467 Lima: No
2024-10-14 17:45:18.961698 Juliett: No
ChatterBot X-ray reevaluating
ChatterBot X-ray reevaluating
ChatterBot X-ray reevaluating
2024-10-14 17:45:19.000678 Lima: Delta, sending you 11
2024-10-14 17:45:19.003822 X-ray: We should drop Echo
2024-10-14 17:45:19.012622 Delta: Yes
2024-10-14 17:45:19.012805 Lima: Yes
2024-10-14 17:45:19.012933 Juliett: Yes
ChatterBot X-ray reevaluating
ChatterBot X-ray reevaluating
ChatterBot X-ray reevaluating
2024-10-14 17:45:19.039112 Lima: Juliett, sending you 5
2024-10-14 17:45:19.039465 Echo: India, Tango, Quebec and November, sending you 3
2024-10-14 17:45:19.041661 Lima: X-ray, sending you 3
2024-10-14 17:45:19.041989 Delta: Lima, sending you 4
2024-10-14 17:45:19.042676 Echo: Foxtrot, sending you 4
2024-10-14 17:45:19.043684 Foxtrot: India and November, sending you 4
2024-10-14 17:45:19.044314 Quebec: India, Echo, November and Foxtrot, sending you 3
2024-10-14 17:45:19.044869 Tango: India and Foxtrot, sending you 2
2024-10-14 17:45:19.045282 India: Echo, Tango, Quebec and November, sending you 3
2024-10-14 17:45:19.045700 Juliett: Lima and Delta, sending you 3
2024-10-14 17:45:19.046011 Delta: Juliett and X-ray, sending you 3
2024-10-14 17:45:19.047682 November: India and Quebec, sending you 2
2024-10-14 17:45:19.048665 Foxtrot: Echo, sending you 5
2024-10-14 17:45:19.049297 Tango: Echo, Quebec and November, sending you 3
2024-10-14 17:45:19.049781 India: Foxtrot, sending you 4
2024-10-14 17:45:19.050194 Quebec: Tango, sending you 4
2024-10-14 17:45:19.050669 Juliett: X-ray, sending you 4
2024-10-14 17:45:19.051658 Foxtrot: Tango and Quebec, sending you 3
2024-10-14 17:45:19.052731 November: Echo, Tango and Foxtrot, sending you 3
chatterbot Quebec submitting transactions
chatterbot Tango submitting transactions
chatterbot Echo submitting transactions
chatterbot Delta submitting transactions
chatterbot India submitting transactions
chatterbot Lima submitting transactions
chatterbot November submitting transactions
chatterbot Foxtrot submitting transactions
chatterbot Juliett submitting transactions
chatterbot X-ray submitting transactions
ChatterBot India round 6
ChatterBot Lima round 6
ChatterBot Delta round 6
ChatterBot Echo round 6
ChatterBot Juliett round 6
ChatterBot Tango round 6
ChatterBot X-ray round 6
ChatterBot Quebec round 6
ChatterBot November round 6
ChatterBot Foxtrot round 6
2024-10-14 17:45:20.178902 X-ray: We should replace Echo with India
2024-10-14 17:45:20.185915 Delta: No
2024-10-14 17:45:20.186051 Lima: No
2024-10-14 17:45:20.186158 Juliett: No
ChatterBot X-ray reevaluating
ChatterBot X-ray reevaluating
ChatterBot X-ray reevaluating
2024-10-14 17:45:20.214662 Lima: Delta, sending you 10
2024-10-14 17:45:20.217669 Lima: Juliett, sending you 5
2024-10-14 17:45:20.218915 X-ray: We should drop Echo
2024-10-14 17:45:20.225578 Delta: Yes
2024-10-14 17:45:20.225721 Lima: Yes
2024-10-14 17:45:20.225820 Juliett: Yes
ChatterBot X-ray reevaluating
ChatterBot X-ray reevaluating
ChatterBot X-ray reevaluating
2024-10-14 17:45:20.249055 Lima: X-ray, sending you 4
2024-10-14 17:45:20.249307 Delta: Lima, sending you 4
2024-10-14 17:45:20.251701 Juliett: Lima and Delta, sending you 3
2024-10-14 17:45:20.252079 Tango: India and Foxtrot, sending you 2
2024-10-14 17:45:20.252745 November: India and Quebec, sending you 2
2024-10-14 17:45:20.253319 India: Echo, Tango, Quebec and November, sending you 3
2024-10-14 17:45:20.253918 Quebec: India, Echo, November and Foxtrot, sending you 3
2024-10-14 17:45:20.254529 Delta: Juliett and X-ray, sending you 3
2024-10-14 17:45:20.254899 Echo: India, Tango, Quebec and November, sending you 3
2024-10-14 17:45:20.256083 Juliett: X-ray, sending you 4
2024-10-14 17:45:20.257662 Tango: Echo, Quebec and November, sending you 3
2024-10-14 17:45:20.258207 November: Echo, Tango and Foxtrot, sending you 3
2024-10-14 17:45:20.259174 India: Foxtrot, sending you 4
2024-10-14 17:45:20.259697 Quebec: Tango, sending you 4
2024-10-14 17:45:20.260173 Echo: Foxtrot, sending you 4
2024-10-14 17:45:20.265664 Foxtrot: India and November, sending you 4
2024-10-14 17:45:20.268688 Foxtrot: Echo, sending you 5
2024-10-14 17:45:20.272697 Foxtrot: Tango and Quebec, sending you 3
chatterbot Echo submitting transactions
chatterbot Juliett submitting transactions
chatterbot Lima submitting transactions
chatterbot India submitting transactions
chatterbot Quebec submitting transactions
chatterbot X-ray submitting transactions
chatterbot November submitting transactions
chatterbot Delta submitting transactions
chatterbot Foxtrot submitting transactions
chatterbot Tango submitting transactions
ChatterBot India round 7
ChatterBot Lima round 7
ChatterBot Delta round 7
ChatterBot Echo round 7
ChatterBot Juliett round 7
ChatterBot Tango round 7
ChatterBot X-ray round 7
ChatterBot Quebec round 7
ChatterBot November round 7
ChatterBot Foxtrot round 7
2024-10-14 17:45:21.465504 X-ray: We should drop Echo
2024-10-14 17:45:21.470671 Delta: Yes
2024-10-14 17:45:21.471258 Lima: Yes
2024-10-14 17:45:21.471371 Juliett: Yes
ChatterBot X-ray reevaluating
ChatterBot X-ray reevaluating
ChatterBot X-ray reevaluating
2024-10-14 17:45:21.492712 Delta: Lima, sending you 4
2024-10-14 17:45:21.493898 Lima: Delta, sending you 10
2024-10-14 17:45:21.494492 Tango: India and Foxtrot, sending you 2
2024-10-14 17:45:21.496709 Delta: Juliett and X-ray, sending you 3
2024-10-14 17:45:21.499205 Lima: Juliett, sending you 5
2024-10-14 17:45:21.499773 Tango: Echo, Quebec and November, sending you 3
2024-10-14 17:45:21.500345 Echo: India, Tango, Quebec and November, sending you 3
2024-10-14 17:45:21.500886 Juliett: Lima and Delta, sending you 3
2024-10-14 17:45:21.501262 India: Echo, Tango, Quebec and November, sending you 3
2024-10-14 17:45:21.503678 Lima: X-ray, sending you 4
2024-10-14 17:45:21.504666 Juliett: X-ray, sending you 4
2024-10-14 17:45:21.505683 Echo: Foxtrot, sending you 4
2024-10-14 17:45:21.506201 India: Foxtrot, sending you 4
2024-10-14 17:45:21.508694 November: India and Quebec, sending you 2
2024-10-14 17:45:21.510941 Quebec: India, Echo, November and Foxtrot, sending you 3
2024-10-14 17:45:21.513674 November: Echo, Tango and Foxtrot, sending you 3
2024-10-14 17:45:21.514389 Foxtrot: India and November, sending you 4
2024-10-14 17:45:21.515945 Quebec: Tango, sending you 4
2024-10-14 17:45:21.518918 Foxtrot: Echo, sending you 5
2024-10-14 17:45:21.522724 Foxtrot: Tango and Quebec, sending you 3
chatterbot Foxtrot submitting transactions
chatterbot Delta submitting transactions
chatterbot X-ray submitting transactions
chatterbot Echo submitting transactions
chatterbot Juliett submitting transactions
chatterbot Tango submitting transactions
chatterbot India submitting transactions
chatterbot Lima submitting transactions
chatterbot Quebec submitting transactions
chatterbot November submitting transactions
ChatterBot India round 8
ChatterBot Lima round 8
ChatterBot Delta round 8
ChatterBot Echo round 8
ChatterBot Juliett round 8
ChatterBot Tango round 8
ChatterBot X-ray round 8
ChatterBot Quebec round 8
ChatterBot November round 8
ChatterBot Foxtrot round 8
2024-10-14 17:45:22.665235 X-ray: We should drop Echo
2024-10-14 17:45:22.670907 Delta: Yes
2024-10-14 17:45:22.671065 Lima: Yes
2024-10-14 17:45:22.671181 Juliett: Yes
ChatterBot X-ray reevaluating
ChatterBot X-ray reevaluating
ChatterBot X-ray reevaluating
2024-10-14 17:45:22.690656 Lima: Delta, sending you 10
2024-10-14 17:45:22.691082 Tango: India and Foxtrot, sending you 2
2024-10-14 17:45:22.692034 India: Echo, Tango, Quebec and November, sending you 3
2024-10-14 17:45:22.692682 Juliett: Lima and Delta, sending you 3
2024-10-14 17:45:22.693155 Delta: Lima, sending you 4
2024-10-14 17:45:22.693568 Echo: India, Tango, Quebec and November, sending you 3
2024-10-14 17:45:22.694265 Lima: Juliett, sending you 5
2024-10-14 17:45:22.694700 India: Foxtrot, sending you 4
2024-10-14 17:45:22.695657 Delta: Juliett and X-ray, sending you 3
2024-10-14 17:45:22.696667 Tango: Echo, Quebec and November, sending you 3
2024-10-14 17:45:22.697276 November: India and Quebec, sending you 2
2024-10-14 17:45:22.697850 Juliett: X-ray, sending you 4
2024-10-14 17:45:22.698654 Echo: Foxtrot, sending you 4
2024-10-14 17:45:22.699671 Lima: X-ray, sending you 4
2024-10-14 17:45:22.702683 November: Echo, Tango and Foxtrot, sending you 3
2024-10-14 17:45:22.703681 Foxtrot: India and November, sending you 4
2024-10-14 17:45:22.706661 Foxtrot: Echo, sending you 5
2024-10-14 17:45:22.708660 Quebec: India, Echo, November and Foxtrot, sending you 3
2024-10-14 17:45:22.711652 Foxtrot: Tango and Quebec, sending you 3
2024-10-14 17:45:22.712658 Quebec: Tango, sending you 4
chatterbot X-ray submitting transactions
chatterbot Juliett submitting transactions
chatterbot Foxtrot submitting transactions
chatterbot Tango submitting transactions
chatterbot Lima submitting transactions
chatterbot India submitting transactions
chatterbot November submitting transactions
chatterbot Delta submitting transactions
chatterbot Quebec submitting transactions
chatterbot Echo submitting transactions
ChatterBot India round 9
ChatterBot Lima round 9
ChatterBot Delta round 9
ChatterBot Echo round 9
ChatterBot Juliett round 9
ChatterBot Tango round 9
ChatterBot X-ray round 9
ChatterBot Quebec round 9
ChatterBot November round 9
ChatterBot Foxtrot round 9
2024-10-14 17:45:23.917831 X-ray: We should drop Echo
2024-10-14 17:45:23.924651 Delta: Yes
2024-10-14 17:45:23.924870 Lima: Yes
2024-10-14 17:45:23.925040 Juliett: Yes
ChatterBot X-ray reevaluating
ChatterBot X-ray reevaluating
ChatterBot X-ray reevaluating
2024-10-14 17:45:23.941973 India: Echo, Tango, Quebec and November, sending you 3
2024-10-14 17:45:23.944674 Juliett: Lima and Delta, sending you 3
2024-10-14 17:45:23.946658 Delta: Lima, sending you 4
2024-10-14 17:45:23.947341 Echo: India, Tango, Quebec and November, sending you 3
2024-10-14 17:45:23.947968 India: Foxtrot, sending you 4
2024-10-14 17:45:23.948498 Juliett: X-ray, sending you 4
2024-10-14 17:45:23.950647 Delta: Juliett and X-ray, sending you 3
2024-10-14 17:45:23.951649 Echo: Foxtrot, sending you 4
2024-10-14 17:45:23.958876 Quebec: India, Echo, November and Foxtrot, sending you 3
2024-10-14 17:45:23.960669 Lima: Delta, sending you 10
2024-10-14 17:45:23.961193 November: India and Quebec, sending you 2
2024-10-14 17:45:23.961807 Tango: India and Foxtrot, sending you 2
2024-10-14 17:45:23.962672 Foxtrot: India and November, sending you 4
2024-10-14 17:45:23.963671 Quebec: Tango, sending you 4
2024-10-14 17:45:23.964272 Lima: Juliett, sending you 5
2024-10-14 17:45:23.965669 November: Echo, Tango and Foxtrot, sending you 3
2024-10-14 17:45:23.966410 Foxtrot: Echo, sending you 5
2024-10-14 17:45:23.967049 Tango: Echo, Quebec and November, sending you 3
2024-10-14 17:45:23.967779 Lima: X-ray, sending you 4
2024-10-14 17:45:23.970646 Foxtrot: Tango and Quebec, sending you 3
chatterbot Delta submitting transactions
chatterbot Foxtrot submitting transactions
chatterbot India submitting transactions
chatterbot Quebec submitting transactions
chatterbot Juliett submitting transactions
chatterbot X-ray submitting transactions
chatterbot Tango submitting transactions
chatterbot November submitting transactions
chatterbot Echo submitting transactions
chatterbot Lima submitting transactions
ChatterBot India round 10
ChatterBot Lima round 10
ChatterBot Delta round 10
ChatterBot Echo round 10
ChatterBot Juliett round 10
ChatterBot Tango round 10
ChatterBot X-ray round 10
ChatterBot Quebec round 10
ChatterBot November round 10
ChatterBot Foxtrot round 10
2024-10-14 17:45:25.098633 X-ray: We should drop Echo
2024-10-14 17:45:25.105556 Delta: Yes
2024-10-14 17:45:25.106332 Lima: Yes
2024-10-14 17:45:25.106487 Juliett: Yes
ChatterBot X-ray reevaluating
ChatterBot X-ray reevaluating
ChatterBot X-ray reevaluating
2024-10-14 17:45:25.126651 Lima: Delta, sending you 10
2024-10-14 17:45:25.127067 Tango: India and Foxtrot, sending you 2
2024-10-14 17:45:25.127759 India: Echo, Tango, Quebec and November, sending you 3
2024-10-14 17:45:25.128665 Echo: India, Tango, Quebec and November, sending you 3
2024-10-14 17:45:25.129663 Lima: Juliett, sending you 5
2024-10-14 17:45:25.130670 Tango: Echo, Quebec and November, sending you 3
2024-10-14 17:45:25.131667 India: Foxtrot, sending you 4
2024-10-14 17:45:25.132274 Echo: Foxtrot, sending you 4
2024-10-14 17:45:25.134670 Lima: X-ray, sending you 4
2024-10-14 17:45:25.137671 Quebec: India, Echo, November and Foxtrot, sending you 3
2024-10-14 17:45:25.140654 Delta: Lima, sending you 4
2024-10-14 17:45:25.141042 Quebec: Tango, sending you 4
2024-10-14 17:45:25.141657 Foxtrot: India and November, sending you 4
2024-10-14 17:45:25.144656 November: India and Quebec, sending you 2
2024-10-14 17:45:25.145285 Juliett: Lima and Delta, sending you 3
2024-10-14 17:45:25.145697 Delta: Juliett and X-ray, sending you 3
2024-10-14 17:45:25.146671 Foxtrot: Echo, sending you 5
2024-10-14 17:45:25.147663 November: Echo, Tango and Foxtrot, sending you 3
2024-10-14 17:45:25.150648 Juliett: X-ray, sending you 4
2024-10-14 17:45:25.151421 Foxtrot: Tango and Quebec, sending you 3
chatterbot Juliett submitting transactions
chatterbot Tango submitting transactions
chatterbot X-ray submitting transactions
chatterbot Lima submitting transactions
chatterbot Echo submitting transactions
chatterbot India submitting transactions
chatterbot Delta submitting transactions
chatterbot Quebec submitting transactions
chatterbot Foxtrot submitting transactions
chatterbot November submitting transactions
ChatterBot India round 11
ChatterBot Lima round 11
ChatterBot Delta round 11
ChatterBot Echo round 11
ChatterBot Juliett round 11
ChatterBot Tango round 11
ChatterBot X-ray round 11
ChatterBot Quebec round 11
ChatterBot November round 11
ChatterBot Foxtrot round 11
2024-10-14 17:45:26.311598 X-ray: We should replace Echo with Tango
2024-10-14 17:45:26.319528 Delta: No
2024-10-14 17:45:26.319702 Lima: No
2024-10-14 17:45:26.319841 Juliett: No
ChatterBot X-ray reevaluating
ChatterBot X-ray reevaluating
ChatterBot X-ray reevaluating
2024-10-14 17:45:26.349669 Echo: India, Tango, Quebec and November, sending you 3
2024-10-14 17:45:26.351684 India: Echo, Tango, Quebec and November, sending you 3
2024-10-14 17:45:26.352675 Echo: Foxtrot, sending you 4
2024-10-14 17:45:26.353807 X-ray: We should drop Echo
2024-10-14 17:45:26.359863 Delta: Yes
2024-10-14 17:45:26.360021 Lima: Yes
2024-10-14 17:45:26.360166 Juliett: Yes
ChatterBot X-ray reevaluating
ChatterBot X-ray reevaluating
ChatterBot X-ray reevaluating
2024-10-14 17:45:26.380439 Delta: Lima, sending you 4
2024-10-14 17:45:26.381264 India: Foxtrot, sending you 4
2024-10-14 17:45:26.382022 Tango: India and Foxtrot, sending you 2
2024-10-14 17:45:26.383659 Delta: Juliett and X-ray, sending you 3
2024-10-14 17:45:26.385652 Quebec: India, Echo, November and Foxtrot, sending you 3
2024-10-14 17:45:26.386362 Lima: Delta, sending you 9
2024-10-14 17:45:26.386834 Juliett: Lima and Delta, sending you 3
2024-10-14 17:45:26.387299 November: India and Quebec, sending you 2
2024-10-14 17:45:26.388025 Tango: Echo, Quebec and November, sending you 3
2024-10-14 17:45:26.389680 Lima: Juliett and X-ray, sending you 5
2024-10-14 17:45:26.390679 Quebec: Tango, sending you 4
2024-10-14 17:45:26.391643 November: Echo, Tango and Foxtrot, sending you 3
2024-10-14 17:45:26.393082 Juliett: X-ray, sending you 4
2024-10-14 17:45:26.397700 Foxtrot: India and November, sending you 4
2024-10-14 17:45:26.401685 Foxtrot: Echo, sending you 5
2024-10-14 17:45:26.406668 Foxtrot: Tango and Quebec, sending you 3
chatterbot Echo submitting transactions
chatterbot India submitting transactions
chatterbot Tango submitting transactions
chatterbot Quebec submitting transactions
chatterbot Lima submitting transactions
chatterbot November submitting transactions
chatterbot X-ray submitting transactions
chatterbot Delta submitting transactions
chatterbot Juliett submitting transactions
chatterbot Foxtrot submitting transactions
ChatterBot India round 12
ChatterBot Lima round 12
ChatterBot Delta round 12
ChatterBot Echo round 12
ChatterBot Juliett round 12
ChatterBot Tango round 12
ChatterBot X-ray round 12
ChatterBot Quebec round 12
ChatterBot November round 12
ChatterBot Foxtrot round 12
2024-10-14 17:45:27.569586 X-ray: We should replace Echo with Foxtrot
2024-10-14 17:45:27.578065 Delta: No
2024-10-14 17:45:27.578304 Lima: No
2024-10-14 17:45:27.578508 Juliett: No
ChatterBot X-ray reevaluating
ChatterBot X-ray reevaluating
ChatterBot X-ray reevaluating
2024-10-14 17:45:27.619693 Lima: Delta, sending you 9
2024-10-14 17:45:27.622673 X-ray: We should drop Echo
2024-10-14 17:45:27.657205 Delta: Yes
2024-10-14 17:45:27.657391 Lima: Yes
2024-10-14 17:45:27.657535 Juliett: Yes
ChatterBot X-ray reevaluating
ChatterBot X-ray reevaluating
ChatterBot X-ray reevaluating
2024-10-14 17:45:27.738664 Lima: Juliett and X-ray, sending you 5
2024-10-14 17:45:27.739262 Juliett: Lima and Delta, sending you 3
2024-10-14 17:45:27.743320 Delta: Lima, sending you 4
2024-10-14 17:45:27.744403 India: Echo, Tango, Quebec and November, sending you 3
2024-10-14 17:45:27.746520 Juliett: X-ray, sending you 4
2024-10-14 17:45:27.748080 Tango: India and Foxtrot, sending you 2
2024-10-14 17:45:27.750391 Quebec: India, Echo, November and Foxtrot, sending you 3
2024-10-14 17:45:27.751598 Echo: India, Tango, Quebec and November, sending you 3
2024-10-14 17:45:27.753407 Delta: Juliett and X-ray, sending you 3
2024-10-14 17:45:27.754916 India: Foxtrot, sending you 4
2024-10-14 17:45:27.756261 Tango: Echo, Quebec and November, sending you 3
2024-10-14 17:45:27.757993 Quebec: Tango, sending you 4
2024-10-14 17:45:27.759975 Echo: Foxtrot, sending you 4
2024-10-14 17:45:27.761791 November: India and Quebec, sending you 2
2024-10-14 17:45:27.763014 Foxtrot: India and November, sending you 4
2024-10-14 17:45:27.766666 November: Echo, Tango and Foxtrot, sending you 3
2024-10-14 17:45:27.768455 Foxtrot: Echo, sending you 5
2024-10-14 17:45:27.774662 Foxtrot: Tango and Quebec, sending you 3
chatterbot Tango submitting transactions
chatterbot Foxtrot submitting transactions
chatterbot Lima submitting transactions
chatterbot India submitting transactions
chatterbot Delta submitting transactions
chatterbot Juliett submitting transactions
chatterbot November submitting transactions
chatterbot Quebec submitting transactions
chatterbot Echo submitting transactions
chatterbot X-ray submitting transactions
ChatterBot India round 13
ChatterBot Lima round 13
ChatterBot Delta round 13
ChatterBot Echo round 13
ChatterBot Juliett round 13
ChatterBot Tango round 13
ChatterBot X-ray round 13
ChatterBot Quebec round 13
ChatterBot November round 13
ChatterBot Foxtrot round 13
2024-10-14 17:45:28.897234 X-ray: We should replace Echo with November
2024-10-14 17:45:28.904053 Delta: No
2024-10-14 17:45:28.904253 Lima: No
2024-10-14 17:45:28.904416 Juliett: No
ChatterBot X-ray reevaluating
ChatterBot X-ray reevaluating
ChatterBot X-ray reevaluating
2024-10-14 17:45:28.942350 Delta: Lima, sending you 4
2024-10-14 17:45:28.943114 X-ray: We should drop Echo
2024-10-14 17:45:28.949876 Delta: Yes
2024-10-14 17:45:28.950039 Lima: Yes
2024-10-14 17:45:28.950174 Juliett: Yes
ChatterBot X-ray reevaluating
ChatterBot X-ray reevaluating
ChatterBot X-ray reevaluating
2024-10-14 17:45:28.974661 Echo: India, Tango, Quebec and November, sending you 3
2024-10-14 17:45:28.976433 Delta: Juliett and X-ray, sending you 3
2024-10-14 17:45:28.978657 Echo: Foxtrot, sending you 4
2024-10-14 17:45:28.979880 India: Echo, Tango, Quebec and November, sending you 3
2024-10-14 17:45:28.981394 Lima: Delta, sending you 9
2024-10-14 17:45:28.982191 Foxtrot: India, Echo, Quebec and November, sending you 4
2024-10-14 17:45:28.983061 Juliett: Lima and Delta, sending you 3
2024-10-14 17:45:28.983687 November: India and Quebec, sending you 2
2024-10-14 17:45:28.984935 India: Foxtrot, sending you 4
2024-10-14 17:45:28.985601 Lima: Juliett and X-ray, sending you 5
2024-10-14 17:45:28.986676 Foxtrot: Tango, sending you 3
2024-10-14 17:45:28.988680 Juliett: X-ray, sending you 4
2024-10-14 17:45:28.989661 November: Echo, Tango and Foxtrot, sending you 3
2024-10-14 17:45:28.995663 Quebec: India, Echo, November and Foxtrot, sending you 3
2024-10-14 17:45:28.999139 Quebec: Tango, sending you 4
chatterbot Lima submitting transactions
chatterbot Quebec submitting transactions
chatterbot Echo submitting transactions
chatterbot November submitting transactions
chatterbot India submitting transactions
chatterbot Foxtrot submitting transactions
chatterbot Tango submitting transactions
chatterbot Juliett submitting transactions
chatterbot Delta submitting transactions
chatterbot X-ray submitting transactions
ChatterBot India round 14
ChatterBot Lima round 14
ChatterBot Delta round 14
ChatterBot Echo round 14
ChatterBot Juliett round 14
ChatterBot Tango round 14
ChatterBot X-ray round 14
ChatterBot Quebec round 14
ChatterBot November round 14
ChatterBot Foxtrot round 14
2024-10-14 17:45:30.059879 X-ray: We should replace Echo with Foxtrot
2024-10-14 17:45:30.071863 Delta: No
2024-10-14 17:45:30.072076 Lima: No
2024-10-14 17:45:30.072245 Juliett: No
ChatterBot X-ray reevaluating
ChatterBot X-ray reevaluating
ChatterBot X-ray reevaluating
2024-10-14 17:45:30.118288 X-ray: We should replace Echo with November
2024-10-14 17:45:30.123605 Delta: No
2024-10-14 17:45:30.123742 Lima: No
2024-10-14 17:45:30.123849 Juliett: No
ChatterBot X-ray reevaluating
ChatterBot X-ray reevaluating
ChatterBot X-ray reevaluating
2024-10-14 17:45:30.140092 India: We should drop Echo
ChatterBot Tango reevaluating
ChatterBot November reevaluating
2024-10-14 17:45:30.147335 Tango: No
2024-10-14 17:45:30.147455 Quebec: No
2024-10-14 17:45:30.147554 November: No
2024-10-14 17:45:30.147666 Foxtrot: No
