ChatterBot Tango round 1
ChatterBot Juliett round 1
ChatterBot India round 1
ChatterBot Echo round 1
ChatterBot Sierra round 1
ChatterBot Oscar round 1
ChatterBot Zulu round 1
ChatterBot Papa round 1
ChatterBot Bravo round 1
ChatterBot Charlie round 1
randomSelections Echo: {Echo, Papa, India, Sierra, Charlie, Juliett} 
2024-10-14 17:45:12.024976 Echo: We should group up
ChatterBot Papa reevaluating
ChatterBot India reevaluating
ChatterBot Sierra reevaluating
ChatterBot Charlie reevaluating
ChatterBot Juliett reevaluating
2024-10-14 17:45:12.050710 Papa: Yes
2024-10-14 17:45:12.050932 India: Yes
2024-10-14 17:45:12.051105 Sierra: Yes
2024-10-14 17:45:12.051251 Charlie: Yes
2024-10-14 17:45:12.051435 Juliett: Yes
ChatterBot India reevaluating
ChatterBot Sierra reevaluating
ChatterBot Charlie reevaluating
ChatterBot Juliett reevaluating
ChatterBot Papa reevaluating
ChatterBot Sierra reevaluating
ChatterBot Charlie reevaluating
ChatterBot Juliett reevaluating
ChatterBot Papa reevaluating
ChatterBot India reevaluating
ChatterBot Charlie reevaluating
ChatterBot Juliett reevaluating
ChatterBot Papa reevaluating
ChatterBot India reevaluating
ChatterBot Sierra reevaluating
ChatterBot Juliett reevaluating
ChatterBot Papa reevaluating
ChatterBot India reevaluating
ChatterBot Sierra reevaluating
ChatterBot Charlie reevaluating
randomSelections Tango: {Tango, Oscar, Bravo, Charlie, Zulu, Papa} 
2024-10-14 17:45:12.172749 Tango: Friends?
ChatterBot Oscar reevaluating
ChatterBot Bravo reevaluating
ChatterBot Charlie reevaluating
ChatterBot Zulu reevaluating
ChatterBot Papa reevaluating
2024-10-14 17:45:12.180654 Oscar: Yes
2024-10-14 17:45:12.181383 Bravo: Yes
2024-10-14 17:45:12.181507 Charlie: No
2024-10-14 17:45:12.181729 Zulu: Yes
2024-10-14 17:45:12.181837 Papa: No
ChatterBot Bravo reevaluating
ChatterBot Charlie reevaluating
ChatterBot Zulu reevaluating
ChatterBot Papa reevaluating
ChatterBot Oscar reevaluating
ChatterBot Charlie reevaluating
ChatterBot Zulu reevaluating
ChatterBot Papa reevaluating
ChatterBot Oscar reevaluating
ChatterBot Bravo reevaluating
ChatterBot Zulu reevaluating
ChatterBot Papa reevaluating
ChatterBot Oscar reevaluating
ChatterBot Bravo reevaluating
ChatterBot Charlie reevaluating
ChatterBot Papa reevaluating
ChatterBot Oscar reevaluating
ChatterBot Bravo reevaluating
ChatterBot Charlie reevaluating
ChatterBot Zulu reevaluating
2024-10-14 17:45:12.256128 Bravo: Tango, sending you 1
2024-10-14 17:45:12.257731 Charlie: Juliett, India and Sierra, sending you 3
2024-10-14 17:45:12.263930 Echo: Juliett and India, sending you 2
2024-10-14 17:45:12.265068 India: Juliett and Charlie, sending you 3
2024-10-14 17:45:12.265687 Zulu: Tango and Papa, sending you 2
2024-10-14 17:45:12.266938 Papa: Juliett and India, sending you 4
2024-10-14 17:45:12.268048 Juliett: India, sending you 1
2024-10-14 17:45:12.268577 Sierra: Juliett, sending you 4
2024-10-14 17:45:12.269878 Charlie: Echo, sending you 1
2024-10-14 17:45:12.270625 Bravo: Oscar, sending you 3
2024-10-14 17:45:12.272039 Tango: Oscar and Papa, sending you 2
2024-10-14 17:45:12.272561 Oscar: Tango and Charlie, sending you 3
2024-10-14 17:45:12.273988 Echo: Sierra and Charlie, sending you 1
2024-10-14 17:45:12.275269 Zulu: Oscar and Charlie, sending you 4
2024-10-14 17:45:12.275929 India: Echo, sending you 2
2024-10-14 17:45:12.277205 Papa: Echo and Charlie, sending you 3
2024-10-14 17:45:12.277943 Juliett: Echo, sending you 3
2024-10-14 17:45:12.279151 Sierra: India, sending you 1
2024-10-14 17:45:12.280599 Charlie: Papa, sending you 5
2024-10-14 17:45:12.281293 Bravo: Zulu, sending you 6
2024-10-14 17:45:12.282706 Tango: Zulu and Bravo, sending you 3
2024-10-14 17:45:12.284134 Oscar: Zulu, sending you 5
2024-10-14 17:45:12.284901 Echo: Papa, sending you 3
2024-10-14 17:45:12.286096 Zulu: Bravo, sending you 1
2024-10-14 17:45:12.286692 India: Sierra, sending you 4
2024-10-14 17:45:12.287955 Papa: Sierra, sending you 5
2024-10-14 17:45:12.289231 Juliett: Sierra, Papa and Charlie, sending you 4
2024-10-14 17:45:12.290812 Sierra: Echo, sending you 6
2024-10-14 17:45:12.291514 Bravo: Papa, sending you 4
2024-10-14 17:45:12.292740 Tango: Charlie, sending you 4
2024-10-14 17:45:12.293168 Oscar: Papa, sending you 2
2024-10-14 17:45:12.294142 India: Papa, sending you 1
2024-10-14 17:45:12.294724 Sierra: Papa and Charlie, sending you 3
2024-10-14 17:45:12.302079 Oscar: Bravo, sending you 1
2024-10-14 17:45:12.302552 Bravo: Charlie, sending you 5
chatterbot Tango submitting transactions
chatterbot Juliett submitting transactions
chatterbot Charlie submitting transactions
chatterbot Oscar submitting transactions
chatterbot Echo submitting transactions
chatterbot Bravo submitting transactions
chatterbot Papa submitting transactions
chatterbot India submitting transactions
chatterbot Sierra submitting transactions
chatterbot Zulu submitting transactions
ChatterBot Tango round 2
ChatterBot Juliett round 2
ChatterBot India round 2
ChatterBot Echo round 2
ChatterBot Sierra round 2
ChatterBot Oscar round 2
ChatterBot Zulu round 2
ChatterBot Papa round 2
ChatterBot Bravo round 2
ChatterBot Charlie round 2
2024-10-14 17:45:13.238206 Tango: We should drop Charlie and Papa
ChatterBot Oscar reevaluating
2024-10-14 17:45:13.244688 Oscar: Yes
2024-10-14 17:45:13.244929 Zulu: Yes
2024-10-14 17:45:13.245050 Bravo: Yes
ChatterBot Oscar reevaluating
ChatterBot Oscar reevaluating
2024-10-14 17:45:13.266655 Charlie: We would work well together
ChatterBot Oscar reevaluating
2024-10-14 17:45:13.281443 Juliett: No
2024-10-14 17:45:13.281933 India: No
2024-10-14 17:45:13.282057 Echo: No
2024-10-14 17:45:13.282156 Sierra: No
2024-10-14 17:45:13.282254 Papa: No
2024-10-14 17:45:13.282351 Tango: No
2024-10-14 17:45:13.282436 Oscar: No
2024-10-14 17:45:13.282518 Zulu: No
2024-10-14 17:45:13.282598 Bravo: No
ChatterBot Oscar reevaluating
ChatterBot Oscar reevaluating
ChatterBot Oscar reevaluating
ChatterBot Oscar reevaluating
ChatterBot Oscar reevaluating
ChatterBot Oscar reevaluating
ChatterBot Oscar reevaluating
ChatterBot Oscar reevaluating
2024-10-14 17:45:13.545680 Echo: Juliett, India, Sierra and Papa, sending you 2
2024-10-14 17:45:13.546872 India: Juliett, Echo and Sierra, sending you 2
2024-10-14 17:45:13.547374 Charlie: Tango, Juliett, India, Sierra, Oscar, Zulu, Papa and Bravo, sending you 2
2024-10-14 17:45:13.550666 Echo: Charlie, sending you 1
2024-10-14 17:45:13.551747 India: Papa, sending you 4
2024-10-14 17:45:13.553747 Tango: Oscar and Zulu, sending you 5
2024-10-14 17:45:13.555679 Sierra: Juliett, India, Echo and Charlie, sending you 3
2024-10-14 17:45:13.556689 Bravo: Tango, sending you 9
2024-10-14 17:45:13.557054 India: Charlie, sending you 3
2024-10-14 17:45:13.557908 Tango: Bravo, sending you 4
2024-10-14 17:45:13.558197 Juliett: India, Echo, Papa and Charlie, sending you 3
2024-10-14 17:45:13.558676 Papa: Juliett, sending you 5
2024-10-14 17:45:13.559596 Zulu: Tango and Oscar, sending you 4
chatterbot India submitting transactions
2024-10-14 17:45:13.560957 Sierra: Papa, sending you 5
2024-10-14 17:45:13.561339 Juliett: Sierra, sending you 4
2024-10-14 17:45:13.561707 Oscar: Tango and Bravo, sending you 5
2024-10-14 17:45:13.562011 Bravo: Oscar and Zulu, sending you 5
2024-10-14 17:45:13.562935 Papa: Echo and Sierra, sending you 4
2024-10-14 17:45:13.564663 Zulu: Bravo, sending you 5
2024-10-14 17:45:13.565014 Oscar: Zulu, sending you 6
2024-10-14 17:45:13.566692 Papa: Charlie, sending you 6
chatterbot Zulu submitting transactions
chatterbot Juliett submitting transactions
chatterbot Papa submitting transactions
chatterbot Sierra submitting transactions
chatterbot Oscar submitting transactions
chatterbot Echo submitting transactions
chatterbot Tango submitting transactions
chatterbot Charlie submitting transactions
chatterbot Bravo submitting transactions
ChatterBot Tango round 3
ChatterBot Juliett round 3
ChatterBot India round 3
ChatterBot Echo round 3
ChatterBot Sierra round 3
ChatterBot Oscar round 3
ChatterBot Zulu round 3
ChatterBot Papa round 3
ChatterBot Bravo round 3
ChatterBot Charlie round 3
2024-10-14 17:45:15.074513 Charlie: Juliett, India and Sierra, sending you 3
2024-10-14 17:45:15.075628 Echo: Juliett, India, Sierra and Papa, sending you 2
2024-10-14 17:45:15.076152 India: Juliett, Echo, Sierra and Charlie, sending you 3
2024-10-14 17:45:15.077267 Tango: Sending you each 5
2024-10-14 17:45:15.077672 Zulu: Tango and Bravo, sending you 4
2024-10-14 17:45:15.078754 Bravo: Tango and Oscar, sending you 6
2024-10-14 17:45:15.079202 Juliett: India, Echo, Sierra and Charlie, sending you 3
2024-10-14 17:45:15.080569 Sierra: Juliett, India, Echo and Charlie, sending you 3
2024-10-14 17:45:15.081753 Charlie: Echo, sending you 2
2024-10-14 17:45:15.082386 Echo: Charlie, sending you 1
2024-10-14 17:45:15.083539 India: Papa, sending you 1
2024-10-14 17:45:15.084897 Juliett: Papa, sending you 4
2024-10-14 17:45:15.085557 Zulu: Oscar, sending you 5
2024-10-14 17:45:15.086494 Bravo: Zulu, sending you 7
2024-10-14 17:45:15.086918 Sierra: Papa, sending you 5
2024-10-14 17:45:15.087476 Oscar: Tango and Bravo, sending you 5
2024-10-14 17:45:15.088246 Charlie: Papa, sending you 5
2024-10-14 17:45:15.088788 Papa: Juliett and Charlie, sending you 4
2024-10-14 17:45:15.122948 Oscar: Zulu, sending you 6
chatterbot India submitting transactions
2024-10-14 17:45:15.123571 Papa: India and Echo, sending you 3
2024-10-14 17:45:15.165485 Papa: Sierra, sending you 5
chatterbot Sierra submitting transactions
chatterbot Papa submitting transactions
chatterbot Tango submitting transactions
chatterbot Oscar submitting transactions
chatterbot Charlie submitting transactions
chatterbot Juliett submitting transactions
chatterbot Bravo submitting transactions
chatterbot Zulu submitting transactions
chatterbot Echo submitting transactions
ChatterBot Tango round 4
ChatterBot Juliett round 4
ChatterBot India round 4
ChatterBot Echo round 4
ChatterBot Sierra round 4
ChatterBot Oscar round 4
ChatterBot Zulu round 4
ChatterBot Papa round 4
ChatterBot Bravo round 4
ChatterBot Charlie round 4
2024-10-14 17:45:16.359536 Juliett: India, Echo, Sierra and Charlie, sending you 3
2024-10-14 17:45:16.360609 India: Juliett, Sierra, Papa and Charlie, sending you 3
2024-10-14 17:45:16.361056 Tango: Oscar and Zulu, sending you 5
2024-10-14 17:45:16.379918 Oscar: Tango and Bravo, sending you 5
2024-10-14 17:45:16.380476 Zulu: Tango and Bravo, sending you 4
2024-10-14 17:45:16.380889 Juliett: Papa, sending you 4
2024-10-14 17:45:16.382113 India: Echo, sending you 1
2024-10-14 17:45:16.383118 Tango: Bravo, sending you 6
2024-10-14 17:45:16.383519 Bravo: Tango, sending you 7
2024-10-14 17:45:16.383987 Sierra: Juliett, India, Echo and Charlie, sending you 3
2024-10-14 17:45:16.385067 Charlie: Juliett, India and Sierra, sending you 3
2024-10-14 17:45:16.385563 Papa: Juliett, sending you 4
2024-10-14 17:45:16.386565 Echo: Juliett, India, Sierra and Papa, sending you 2
2024-10-14 17:45:16.387168 Oscar: Zulu, sending you 6
2024-10-14 17:45:16.388172 Zulu: Oscar, sending you 5
2024-10-14 17:45:16.388541 Bravo: Oscar and Zulu, sending you 6
2024-10-14 17:45:16.388904 Sierra: Papa, sending you 5
2024-10-14 17:45:16.390091 Charlie: Echo, sending you 2
2024-10-14 17:45:16.391147 Papa: India, sending you 2
2024-10-14 17:45:16.391771 Echo: Charlie, sending you 1
2024-10-14 17:45:16.411712 Charlie: Papa, sending you 5
2024-10-14 17:45:16.412239 Papa: Echo, sending you 3
chatterbot India submitting transactions
2024-10-14 17:45:16.423814 Papa: Sierra and Charlie, sending you 5
chatterbot Tango submitting transactions
chatterbot Sierra submitting transactions
chatterbot Juliett submitting transactions
chatterbot Bravo submitting transactions
chatterbot Charlie submitting transactions
chatterbot Echo submitting transactions
chatterbot Zulu submitting transactions
chatterbot Papa submitting transactions
chatterbot Oscar submitting transactions
ChatterBot Tango round 5
ChatterBot Juliett round 5
ChatterBot India round 5
ChatterBot Echo round 5
ChatterBot Sierra round 5
ChatterBot Oscar round 5
ChatterBot Zulu round 5
ChatterBot Papa round 5
ChatterBot Bravo round 5
ChatterBot Charlie round 5
2024-10-14 17:45:17.316686 Tango: Oscar and Zulu, sending you 5
2024-10-14 17:45:17.319043 Juliett: India, Echo, Sierra and Charlie, sending you 3
2024-10-14 17:45:17.321684 Tango: Bravo, sending you 6
2024-10-14 17:45:17.323723 Juliett: Papa, sending you 4
2024-10-14 17:45:17.326699 Zulu: Tango and Bravo, sending you 4
2024-10-14 17:45:17.327953 Oscar: Tango and Bravo, sending you 5
2024-10-14 17:45:17.328733 India: Juliett, Sierra and Charlie, sending you 3
2024-10-14 17:45:17.329966 Sierra: Juliett, India, Echo and Charlie, sending you 3
2024-10-14 17:45:17.330495 Zulu: Oscar, sending you 5
2024-10-14 17:45:17.331627 Charlie: Juliett, India and Sierra, sending you 3
2024-10-14 17:45:17.332202 Oscar: Zulu, sending you 6
2024-10-14 17:45:17.332691 Papa: Juliett, sending you 4
2024-10-14 17:45:17.333848 Sierra: Papa, sending you 5
2024-10-14 17:45:17.335258 India: Echo and Papa, sending you 2
2024-10-14 17:45:17.336233 Charlie: Echo, sending you 2
2024-10-14 17:45:17.337281 Echo: Juliett, India, Sierra and Papa, sending you 2
2024-10-14 17:45:17.337842 Papa: India, sending you 2
2024-10-14 17:45:17.340695 Charlie: Papa, sending you 5
2024-10-14 17:45:17.341409 Echo: Charlie, sending you 1
2024-10-14 17:45:17.342667 Bravo: Tango, sending you 7
2024-10-14 17:45:17.344910 Papa: Echo, sending you 3
2024-10-14 17:45:17.352123 Bravo: Oscar and Zulu, sending you 6
2024-10-14 17:45:17.352853 Papa: Sierra and Charlie, sending you 5
chatterbot Oscar submitting transactions
chatterbot Echo submitting transactions
chatterbot Juliett submitting transactions
chatterbot Tango submitting transactions
chatterbot Papa submitting transactions
chatterbot Bravo submitting transactions
chatterbot Charlie submitting transactions
chatterbot Zulu submitting transactions
chatterbot India submitting transactions
chatterbot Sierra submitting transactions
ChatterBot Tango round 6
ChatterBot Juliett round 6
ChatterBot India round 6
ChatterBot Echo round 6
ChatterBot Sierra round 6
ChatterBot Oscar round 6
ChatterBot Zulu round 6
ChatterBot Papa round 6
ChatterBot Bravo round 6
ChatterBot Charlie round 6
2024-10-14 17:45:18.564682 Tango: Oscar and Bravo, sending you 6
2024-10-14 17:45:18.567870 Tango: Zulu, sending you 5
2024-10-14 17:45:18.574697 Juliett: India, Echo, Sierra and Charlie, sending you 3
2024-10-14 17:45:18.575575 Zulu: Tango and Bravo, sending you 4
2024-10-14 17:45:18.576054 Sierra: Juliett, India, Echo and Charlie, sending you 3
2024-10-14 17:45:18.577140 Oscar: Tango and Bravo, sending you 5
2024-10-14 17:45:18.577681 India: Juliett, Sierra and Charlie, sending you 3
2024-10-14 17:45:18.578325 Juliett: Papa, sending you 4
2024-10-14 17:45:18.578943 Charlie: Juliett, sending you 4
2024-10-14 17:45:18.579673 Sierra: Papa, sending you 5
2024-10-14 17:45:18.580691 Zulu: Oscar, sending you 5
2024-10-14 17:45:18.581044 Bravo: Tango, sending you 7
2024-10-14 17:45:18.581693 Oscar: Zulu, sending you 6
2024-10-14 17:45:18.582277 Echo: Juliett, India, Sierra and Papa, sending you 2
2024-10-14 17:45:18.583144 Charlie: India and Sierra, sending you 3
2024-10-14 17:45:18.584355 India: Echo and Papa, sending you 2
2024-10-14 17:45:18.585681 Papa: Juliett, sending you 4
2024-10-14 17:45:18.586285 Bravo: Oscar and Zulu, sending you 6
2024-10-14 17:45:18.588097 Echo: Charlie, sending you 1
2024-10-14 17:45:18.588686 Charlie: Echo, sending you 2
2024-10-14 17:45:18.589249 Papa: India and Echo, sending you 2
2024-10-14 17:45:18.593677 Charlie: Papa, sending you 5
2024-10-14 17:45:18.594693 Papa: Sierra, sending you 5
2024-10-14 17:45:18.597680 Papa: Charlie, sending you 6
chatterbot Echo submitting transactions
chatterbot Tango submitting transactions
chatterbot Sierra submitting transactions
chatterbot India submitting transactions
chatterbot Zulu submitting transactions
chatterbot Juliett submitting transactions
chatterbot Charlie submitting transactions
chatterbot Bravo submitting transactions
chatterbot Oscar submitting transactions
chatterbot Papa submitting transactions
ChatterBot Tango round 7
ChatterBot Juliett round 7
ChatterBot India round 7
ChatterBot Echo round 7
ChatterBot Sierra round 7
ChatterBot Oscar round 7
ChatterBot Zulu round 7
ChatterBot Papa round 7
ChatterBot Bravo round 7
ChatterBot Charlie round 7
2024-10-14 17:45:19.854673 Tango: Oscar and Bravo, sending you 6
2024-10-14 17:45:19.856659 Juliett: India, Echo, Sierra and Charlie, sending you 3
2024-10-14 17:45:19.859859 Tango: Zulu, sending you 5
2024-10-14 17:45:19.860362 Juliett: Papa, sending you 4
2024-10-14 17:45:19.862666 Papa: Juliett, sending you 4
2024-10-14 17:45:19.863796 Echo: Juliett, India, Sierra and Papa, sending you 2
2024-10-14 17:45:19.867652 Papa: India and Echo, sending you 2
2024-10-14 17:45:19.868112 Echo: Charlie, sending you 1
2024-10-14 17:45:19.868515 Zulu: Tango and Bravo, sending you 4
2024-10-14 17:45:19.868807 Oscar: Tango and Bravo, sending you 5
2024-10-14 17:45:19.869064 Charlie: Juliett, India and Sierra, sending you 3
2024-10-14 17:45:19.869468 India: Juliett, Sierra and Charlie, sending you 3
2024-10-14 17:45:19.871680 Zulu: Oscar, sending you 5
2024-10-14 17:45:19.872984 Papa: Sierra, sending you 5
2024-10-14 17:45:19.873631 Oscar: Zulu, sending you 6
2024-10-14 17:45:19.874024 Charlie: Echo, sending you 2
2024-10-14 17:45:19.874690 India: Echo and Papa, sending you 2
2024-10-14 17:45:19.875694 Sierra: Juliett, India, Echo and Charlie, sending you 3
2024-10-14 17:45:19.876264 Papa: Charlie, sending you 6
2024-10-14 17:45:19.878660 Bravo: Tango, sending you 7
2024-10-14 17:45:19.879033 Charlie: Papa, sending you 6
2024-10-14 17:45:19.880673 Sierra: Papa, sending you 5
2024-10-14 17:45:19.883696 Bravo: Oscar and Zulu, sending you 6
chatterbot Sierra submitting transactions
chatterbot Echo submitting transactions
chatterbot Papa submitting transactions
chatterbot Charlie submitting transactions
chatterbot Juliett submitting transactions
chatterbot Bravo submitting transactions
chatterbot Tango submitting transactions
chatterbot India submitting transactions
chatterbot Oscar submitting transactions
chatterbot Zulu submitting transactions
ChatterBot Tango round 8
ChatterBot Juliett round 8
ChatterBot India round 8
ChatterBot Echo round 8
ChatterBot Sierra round 8
ChatterBot Oscar round 8
ChatterBot Zulu round 8
ChatterBot Papa round 8
ChatterBot Bravo round 8
ChatterBot Charlie round 8
2024-10-14 17:45:21.135674 Echo: Juliett, India, Sierra and Papa, sending you 2
2024-10-14 17:45:21.139675 Tango: Oscar and Bravo, sending you 6
2024-10-14 17:45:21.141689 Echo: Charlie, sending you 1
2024-10-14 17:45:21.142687 Oscar: Tango and Bravo, sending you 5
2024-10-14 17:45:21.143188 Zulu: Tango and Bravo, sending you 4
2024-10-14 17:45:21.144092 Juliett: India, Echo, Sierra and Charlie, sending you 3
2024-10-14 17:45:21.144704 Tango: Zulu, sending you 5
2024-10-14 17:45:21.145071 Bravo: Tango, sending you 7
2024-10-14 17:45:21.145695 India: Juliett, Sierra and Charlie, sending you 3
2024-10-14 17:45:21.146337 Oscar: Zulu, sending you 6
2024-10-14 17:45:21.146688 Zulu: Oscar, sending you 5
2024-10-14 17:45:21.147662 Sierra: Juliett, India, Echo and Charlie, sending you 3
2024-10-14 17:45:21.148302 Juliett: Papa, sending you 4
2024-10-14 17:45:21.148983 Bravo: Oscar and Zulu, sending you 6
2024-10-14 17:45:21.149687 India: Echo and Papa, sending you 2
2024-10-14 17:45:21.150711 Sierra: Papa, sending you 5
2024-10-14 17:45:21.152993 Papa: Juliett, sending you 4
2024-10-14 17:45:21.155944 Papa: India and Echo, sending you 2
2024-10-14 17:45:21.157689 Charlie: Juliett, India and Sierra, sending you 3
2024-10-14 17:45:21.161916 Papa: Sierra, sending you 5
2024-10-14 17:45:21.162528 Charlie: Echo, sending you 2
2024-10-14 17:45:21.165652 Charlie: Papa, sending you 6
2024-10-14 17:45:21.166662 Papa: Charlie, sending you 6
chatterbot Sierra submitting transactions
chatterbot Juliett submitting transactions
chatterbot Papa submitting transactions
chatterbot Charlie submitting transactions
chatterbot Echo submitting transactions
chatterbot Tango submitting transactions
chatterbot Bravo submitting transactions
chatterbot Oscar submitting transactions
chatterbot Zulu submitting transactions
chatterbot India submitting transactions
ChatterBot Tango round 9
ChatterBot Juliett round 9
ChatterBot India round 9
ChatterBot Echo round 9
ChatterBot Sierra round 9
ChatterBot Oscar round 9
ChatterBot Zulu round 9
ChatterBot Papa round 9
ChatterBot Bravo round 9
ChatterBot Charlie round 9
2024-10-14 17:45:22.383667 India: Juliett, Sierra and Charlie, sending you 3
2024-10-14 17:45:22.384848 Echo: Juliett, Sierra, Papa and Charlie, sending you 2
2024-10-14 17:45:22.386656 Tango: Oscar and Bravo, sending you 6
2024-10-14 17:45:22.387681 India: Echo and Papa, sending you 2
2024-10-14 17:45:22.388623 Echo: India, sending you 1
2024-10-14 17:45:22.389674 Papa: Juliett, sending you 4
2024-10-14 17:45:22.390902 Tango: Zulu, sending you 5
2024-10-14 17:45:22.391319 Juliett: India, Echo, Sierra and Charlie, sending you 3
2024-10-14 17:45:22.393656 Sierra: Juliett, India, Echo and Charlie, sending you 3
2024-10-14 17:45:22.394687 Juliett: Papa, sending you 4
2024-10-14 17:45:22.396157 Papa: India and Echo, sending you 2
2024-10-14 17:45:22.396966 Zulu: Tango and Bravo, sending you 4
2024-10-14 17:45:22.397679 Sierra: Papa, sending you 5
2024-10-14 17:45:22.398891 Oscar: Tango and Bravo, sending you 5
2024-10-14 17:45:22.399265 Charlie: Juliett, India and Sierra, sending you 3
2024-10-14 17:45:22.399884 Papa: Sierra, sending you 5
2024-10-14 17:45:22.401665 Zulu: Oscar, sending you 5
2024-10-14 17:45:22.402101 Bravo: Tango, sending you 7
2024-10-14 17:45:22.402658 Oscar: Zulu, sending you 6
2024-10-14 17:45:22.403379 Papa: Charlie, sending you 6
2024-10-14 17:45:22.404062 Charlie: Echo, sending you 2
2024-10-14 17:45:22.406665 Bravo: Oscar and Zulu, sending you 6
2024-10-14 17:45:22.407062 Charlie: Papa, sending you 6
chatterbot Juliett submitting transactions
chatterbot Zulu submitting transactions
chatterbot Oscar submitting transactions
chatterbot Papa submitting transactions
chatterbot Tango submitting transactions
chatterbot India submitting transactions
chatterbot Charlie submitting transactions
chatterbot Bravo submitting transactions
chatterbot Echo submitting transactions
chatterbot Sierra submitting transactions
ChatterBot Tango round 10
ChatterBot Juliett round 10
ChatterBot India round 10
ChatterBot Echo round 10
ChatterBot Sierra round 10
ChatterBot Oscar round 10
ChatterBot Zulu round 10
ChatterBot Papa round 10
ChatterBot Bravo round 10
ChatterBot Charlie round 10
2024-10-14 17:45:23.597710 Oscar: We should add Juliett
ChatterBot Zulu reevaluating
2024-10-14 17:45:23.605384 Tango: No
2024-10-14 17:45:23.605916 Zulu: No
2024-10-14 17:45:23.606067 Bravo: No
ChatterBot Oscar reevaluating
ChatterBot Zulu reevaluating
ChatterBot Oscar reevaluating
ChatterBot Oscar reevaluating
ChatterBot Zulu reevaluating
2024-10-14 17:45:23.657686 Tango: Sending you each 6
2024-10-14 17:45:23.658337 Juliett: India, Echo, Sierra and Charlie, sending you 3
2024-10-14 17:45:23.659113 Sierra: Juliett, India, Echo and Charlie, sending you 3
2024-10-14 17:45:23.659776 Echo: Juliett, Sierra, Papa and Charlie, sending you 2
2024-10-14 17:45:23.660803 Bravo: Tango, sending you 7
2024-10-14 17:45:23.661319 Zulu: Tango and Bravo, sending you 4
2024-10-14 17:45:23.661840 Juliett: Papa, sending you 4
2024-10-14 17:45:23.663652 Sierra: Papa, sending you 5
2024-10-14 17:45:23.664677 Bravo: Oscar and Zulu, sending you 6
2024-10-14 17:45:23.665149 Charlie: Juliett, India, Echo and Sierra, sending you 3
2024-10-14 17:45:23.665990 Echo: India, sending you 1
2024-10-14 17:45:23.667062 Papa: Juliett, sending you 4
2024-10-14 17:45:23.667863 Zulu: Oscar, sending you 5
2024-10-14 17:45:23.668297 India: Juliett, Sierra and Charlie, sending you 3
2024-10-14 17:45:23.669132 Oscar: Tango and Bravo, sending you 5
2024-10-14 17:45:23.669592 Charlie: Papa, sending you 6
2024-10-14 17:45:23.670680 Papa: India and Echo, sending you 2
2024-10-14 17:45:23.672697 India: Echo and Papa, sending you 2
2024-10-14 17:45:23.673907 Oscar: Zulu, sending you 6
2024-10-14 17:45:23.674651 Papa: Sierra, sending you 5
2024-10-14 17:45:23.678668 Papa: Charlie, sending you 6
chatterbot Sierra submitting transactions
chatterbot Charlie submitting transactions
chatterbot Echo submitting transactions
chatterbot Oscar submitting transactions
chatterbot Papa submitting transactions
chatterbot Juliett submitting transactions
chatterbot Tango submitting transactions
chatterbot India submitting transactions
chatterbot Zulu submitting transactions
chatterbot Bravo submitting transactions
ChatterBot Tango round 11
ChatterBot Juliett round 11
ChatterBot India round 11
ChatterBot Echo round 11
ChatterBot Sierra round 11
ChatterBot Oscar round 11
ChatterBot Zulu round 11
ChatterBot Papa round 11
ChatterBot Bravo round 11
ChatterBot Charlie round 11
2024-10-14 17:45:24.954720 Echo: Juliett, Sierra, Papa and Charlie, sending you 2
2024-10-14 17:45:24.956369 Tango: Same as last round
2024-10-14 17:45:24.957708 Oscar: Tango and Bravo, sending you 5
2024-10-14 17:45:24.958673 Echo: India, sending you 1
2024-10-14 17:45:24.960211 Papa: Juliett, sending you 4
2024-10-14 17:45:24.961702 India: Juliett, Sierra and Charlie, sending you 3
2024-10-14 17:45:24.962985 Bravo: Tango, sending you 7
2024-10-14 17:45:24.963588 Oscar: Zulu, sending you 6
2024-10-14 17:45:24.963984 Charlie: Juliett, India, Echo and Sierra, sending you 3
2024-10-14 17:45:24.966218 Papa: India and Echo, sending you 2
2024-10-14 17:45:24.967367 Juliett: India, Echo, Sierra and Charlie, sending you 3
2024-10-14 17:45:24.969146 Sierra: Juliett, India, Echo and Charlie, sending you 3
2024-10-14 17:45:24.972344 India: Echo and Papa, sending you 2
2024-10-14 17:45:24.974236 Bravo: Oscar and Zulu, sending you 6
2024-10-14 17:45:24.975216 Charlie: Papa, sending you 6
2024-10-14 17:45:24.976812 Zulu: Tango and Bravo, sending you 4
2024-10-14 17:45:24.977725 Papa: Sierra, sending you 5
2024-10-14 17:45:24.980224 Juliett: Papa, sending you 4
2024-10-14 17:45:24.981938 Sierra: Papa, sending you 5
2024-10-14 17:45:24.983755 Zulu: Oscar, sending you 5
2024-10-14 17:45:24.984710 Papa: Charlie, sending you 6
chatterbot Oscar submitting transactions
chatterbot Sierra submitting transactions
chatterbot Bravo submitting transactions
chatterbot Charlie submitting transactions
chatterbot Papa submitting transactions
chatterbot Juliett submitting transactions
chatterbot Echo submitting transactions
chatterbot India submitting transactions
chatterbot Zulu submitting transactions
chatterbot Tango submitting transactions
ChatterBot Tango round 12
ChatterBot Juliett round 12
ChatterBot India round 12
ChatterBot Echo round 12
ChatterBot Sierra round 12
ChatterBot Oscar round 12
ChatterBot Zulu round 12
ChatterBot Papa round 12
ChatterBot Bravo round 12
ChatterBot Charlie round 12
2024-10-14 17:45:26.154720 Zulu: We should drop Tango
ChatterBot Oscar reevaluating
2024-10-14 17:45:26.159958 Oscar: No
2024-10-14 17:45:26.160114 Bravo: No
ChatterBot Zulu reevaluating
ChatterBot Bravo reevaluating
ChatterBot Zulu reevaluating
ChatterBot Oscar reevaluating
2024-10-14 17:45:26.173706 India: Juliett, Sierra and Charlie, sending you 3
2024-10-14 17:45:26.175017 Bravo: We should drop Zulu
ChatterBot Oscar reevaluating
2024-10-14 17:45:26.180188 Tango: No
2024-10-14 17:45:26.180322 Oscar: No
ChatterBot Bravo reevaluating
ChatterBot Oscar reevaluating
ChatterBot Bravo reevaluating
2024-10-14 17:45:26.191032 Echo: Juliett, Sierra, Papa and Charlie, sending you 2
2024-10-14 17:45:26.191822 Tango: Same as last round
2024-10-14 17:45:26.192214 Juliett: India, Echo, Sierra and Charlie, sending you 3
2024-10-14 17:45:26.193421 India: Echo and Papa, sending you 2
2024-10-14 17:45:26.197389 Echo: India, sending you 1
2024-10-14 17:45:26.198334 Juliett: Papa, sending you 4
2024-10-14 17:45:26.199042 Charlie: Juliett, India, Echo and Sierra, sending you 3
2024-10-14 17:45:26.199729 Sierra: Juliett, India, Echo and Charlie, sending you 3
2024-10-14 17:45:26.200440 Papa: Juliett, sending you 4
2024-10-14 17:45:26.204997 Charlie: Papa, sending you 6
2024-10-14 17:45:26.205847 Sierra: Papa, sending you 5
2024-10-14 17:45:26.206546 Papa: India and Echo, sending you 2
2024-10-14 17:45:26.209665 Papa: Sierra, sending you 5
2024-10-14 17:45:26.210473 Zulu: Tango and Bravo, sending you 4
2024-10-14 17:45:26.212654 Bravo: Tango, sending you 7
2024-10-14 17:45:26.213688 Papa: Charlie, sending you 6
2024-10-14 17:45:26.215644 Zulu: Oscar, sending you 5
2024-10-14 17:45:26.216054 Oscar: Tango and Bravo, sending you 5
2024-10-14 17:45:26.216659 Bravo: Oscar and Zulu, sending you 6
2024-10-14 17:45:26.218660 Oscar: Zulu, sending you 6
chatterbot Juliett submitting transactions
chatterbot Charlie submitting transactions
chatterbot Zulu submitting transactions
chatterbot Echo submitting transactions
chatterbot Sierra submitting transactions
chatterbot India submitting transactions
chatterbot Tango submitting transactions
chatterbot Papa submitting transactions
chatterbot Oscar submitting transactions
chatterbot Bravo submitting transactions
ChatterBot Tango round 13
ChatterBot Juliett round 13
ChatterBot India round 13
ChatterBot Echo round 13
ChatterBot Sierra round 13
ChatterBot Oscar round 13
ChatterBot Zulu round 13
ChatterBot Papa round 13
ChatterBot Bravo round 13
ChatterBot Charlie round 13
2024-10-14 17:45:27.275481 Zulu: We should drop Oscar
2024-10-14 17:45:27.279400 Tango: No
2024-10-14 17:45:27.279555 Bravo: No
ChatterBot Zulu reevaluating
ChatterBot Zulu reevaluating
2024-10-14 17:45:27.294085 Zulu: We should drop Bravo
ChatterBot Tango reevaluating
2024-10-14 17:45:27.298812 Tango: No
2024-10-14 17:45:27.298957 Oscar: No
ChatterBot Zulu reevaluating
ChatterBot Oscar reevaluating
ChatterBot Zulu reevaluating
ChatterBot Tango reevaluating
2024-10-14 17:45:27.310078 Oscar: We should add India
ChatterBot Tango reevaluating
ChatterBot Zulu reevaluating
ChatterBot Bravo reevaluating
2024-10-14 17:45:27.317336 Tango: No
2024-10-14 17:45:27.317453 Zulu: No
2024-10-14 17:45:27.317572 Bravo: No
ChatterBot Oscar reevaluating
ChatterBot Zulu reevaluating
ChatterBot Bravo reevaluating
ChatterBot Tango reevaluating
ChatterBot Oscar reevaluating
ChatterBot Bravo reevaluating
ChatterBot Tango reevaluating
ChatterBot Oscar reevaluating
ChatterBot Zulu reevaluating
2024-10-14 17:45:27.343476 India: Juliett, Sierra and Charlie, sending you 3
2024-10-14 17:45:27.344463 Papa: Juliett, sending you 4
2024-10-14 17:45:27.347655 Juliett: India, Echo, Sierra and Charlie, sending you 3
2024-10-14 17:45:27.348423 Sierra: Juliett, India, Echo and Charlie, sending you 3
2024-10-14 17:45:27.349411 India: Echo and Papa, sending you 2
2024-10-14 17:45:27.350386 Papa: India and Echo, sending you 2
2024-10-14 17:45:27.351162 Charlie: Juliett, India, Echo and Sierra, sending you 3
2024-10-14 17:45:27.351886 Echo: Juliett, Sierra, Papa and Charlie, sending you 2
2024-10-14 17:45:27.352460 Juliett: Papa, sending you 4
2024-10-14 17:45:27.352993 Sierra: Papa, sending you 5
2024-10-14 17:45:27.355660 Papa: Sierra, sending you 5
2024-10-14 17:45:27.356663 Charlie: Papa, sending you 6
2024-10-14 17:45:27.357490 Echo: India, sending you 1
2024-10-14 17:45:27.359653 Papa: Charlie, sending you 6
2024-10-14 17:45:27.364011 Zulu: Tango and Bravo, sending you 4
2024-10-14 17:45:27.368673 Zulu: Oscar, sending you 5
2024-10-14 17:45:27.371665 Oscar: Tango and Bravo, sending you 5
2024-10-14 17:45:27.374656 Oscar: Zulu, sending you 6
chatterbot Zulu submitting transactions
chatterbot Sierra submitting transactions
chatterbot Oscar submitting transactions
chatterbot India submitting transactions
chatterbot Papa submitting transactions
chatterbot Tango submitting transactions
chatterbot Bravo submitting transactions
chatterbot Charlie submitting transactions
chatterbot Echo submitting transactions
chatterbot Juliett submitting transactions
ChatterBot Tango round 14
ChatterBot Juliett round 14
ChatterBot India round 14
ChatterBot Echo round 14
ChatterBot Sierra round 14
ChatterBot Oscar round 14
ChatterBot Zulu round 14
ChatterBot Papa round 14
ChatterBot Bravo round 14
ChatterBot Charlie round 14
2024-10-14 17:45:28.543337 Tango: We should drop Zulu
ChatterBot Oscar reevaluating
2024-10-14 17:45:28.547709 Bravo: Yes
2024-10-14 17:45:28.547868 Oscar: No
ChatterBot Tango reevaluating
ChatterBot Oscar reevaluating
ChatterBot Tango reevaluating
2024-10-14 17:45:28.569664 India: Juliett, Sierra and Charlie, sending you 3
2024-10-14 17:45:28.570515 Echo: Juliett, Sierra, Papa and Charlie, sending you 2
2024-10-14 17:45:28.573665 India: Echo and Papa, sending you 2
2024-10-14 17:45:28.574648 Echo: India, sending you 1
2024-10-14 17:45:28.576667 Juliett: India, Echo, Sierra and Charlie, sending you 3
2024-10-14 17:45:28.578651 Oscar: Tango, sending you 6
2024-10-14 17:45:28.580653 Juliett: Papa, sending you 4
2024-10-14 17:45:28.583674 Oscar: Zulu and Bravo, sending you 5
2024-10-14 17:45:28.584658 Tango: Sending you each 6
2024-10-14 17:45:28.587668 Zulu: Tango and Bravo, sending you 4
2024-10-14 17:45:28.588097 Bravo: Tango, sending you 10
2024-10-14 17:45:28.590660 Sierra: Juliett, India, Echo and Charlie, sending you 3
2024-10-14 17:45:28.591453 Papa: Juliett, sending you 4
2024-10-14 17:45:28.592174 Charlie: Juliett, India, Echo and Sierra, sending you 3
2024-10-14 17:45:28.592903 Zulu: Oscar, sending you 5
2024-10-14 17:45:28.593284 Bravo: Oscar, sending you 9
2024-10-14 17:45:28.595665 Sierra: Papa, sending you 5
2024-10-14 17:45:28.596431 Papa: India and Echo, sending you 2
2024-10-14 17:45:28.597683 Charlie: Papa, sending you 6
2024-10-14 17:45:28.601662 Papa: Sierra, sending you 5
2024-10-14 17:45:28.605655 Papa: Charlie, sending you 6
chatterbot Echo submitting transactions
chatterbot Zulu submitting transactions
chatterbot Sierra submitting transactions
chatterbot Oscar submitting transactions
chatterbot Bravo submitting transactions
chatterbot India submitting transactions
chatterbot Tango submitting transactions
chatterbot Charlie submitting transactions
chatterbot Juliett submitting transactions
chatterbot Papa submitting transactions
ChatterBot Tango round 15
ChatterBot Juliett round 15
ChatterBot India round 15
ChatterBot Echo round 15
ChatterBot Sierra round 15
ChatterBot Oscar round 15
ChatterBot Zulu round 15
ChatterBot Papa round 15
ChatterBot Bravo round 15
ChatterBot Charlie round 15
2024-10-14 17:45:29.815667 Echo: Juliett, Sierra, Papa and Charlie, sending you 2
2024-10-14 17:45:29.816850 Bravo: Tango, sending you 10
2024-10-14 17:45:29.817258 Tango: Same as last round
2024-10-14 17:45:29.817788 Oscar: Tango and Zulu, sending you 5
2024-10-14 17:45:29.818353 Juliett: India, Echo, Sierra and Charlie, sending you 3
2024-10-14 17:45:29.821676 Echo: India, sending you 1
2024-10-14 17:45:29.822936 Bravo: Oscar, sending you 9
2024-10-14 17:45:29.823365 Zulu: Tango and Bravo, sending you 4
2024-10-14 17:45:29.823970 Oscar: Bravo, sending you 6
2024-10-14 17:45:29.824483 Juliett: Papa, sending you 4
2024-10-14 17:45:29.825657 Sierra: Juliett, India, Echo and Charlie, sending you 3
2024-10-14 17:45:29.826679 Zulu: Oscar, sending you 5
2024-10-14 17:45:29.827821 Charlie: Juliett, India, Echo and Sierra, sending you 3
2024-10-14 17:45:29.828743 Sierra: Papa, sending you 5
2024-10-14 17:45:29.829679 India: Juliett, Sierra and Charlie, sending you 3
2024-10-14 17:45:29.831695 Charlie: Papa, sending you 6
2024-10-14 17:45:29.833671 India: Echo and Papa, sending you 2
2024-10-14 17:45:29.836675 Papa: Juliett, sending you 4
2024-10-14 17:45:29.841536 Papa: India and Echo, sending you 2
2024-10-14 17:45:29.847189 Papa: Sierra, sending you 5
2024-10-14 17:45:29.850662 Papa: Charlie, sending you 6
chatterbot Tango submitting transactions
chatterbot India submitting transactions
chatterbot Bravo submitting transactions
chatterbot Sierra submitting transactions
chatterbot Papa submitting transactions
chatterbot Charlie submitting transactions
chatterbot Echo submitting transactions
chatterbot Oscar submitting transactions
chatterbot Zulu submitting transactions
chatterbot Juliett submitting transactions
ChatterBot Tango round 16
ChatterBot Juliett round 16
ChatterBot India round 16
ChatterBot Echo round 16
ChatterBot Sierra round 16
ChatterBot Oscar round 16
ChatterBot Zulu round 16
ChatterBot Papa round 16
ChatterBot Bravo round 16
ChatterBot Charlie round 16
2024-10-14 17:45:31.068707 Juliett: India, Echo, Sierra and Charlie, sending you 3
2024-10-14 17:45:31.072710 Zulu: Tango and Oscar, sending you 5
2024-10-14 17:45:31.077994 Juliett: Papa, sending you 4
2024-10-14 17:45:31.079378 India: Juliett, Sierra and Charlie, sending you 3
2024-10-14 17:45:31.081363 Zulu: Bravo, sending you 3
2024-10-14 17:45:31.082688 Tango: Same as last round
2024-10-14 17:45:31.084662 Bravo: Tango, sending you 10
2024-10-14 17:45:31.085007 Charlie: Juliett, India, Echo and Sierra, sending you 3
2024-10-14 17:45:31.086436 India: Echo and Papa, sending you 2
2024-10-14 17:45:31.087360 Sierra: Juliett, India, Echo and Charlie, sending you 3
2024-10-14 17:45:31.088959 Oscar: Tango and Zulu, sending you 5
2024-10-14 17:45:31.089488 Papa: Juliett, sending you 4
2024-10-14 17:45:31.092766 Echo: Juliett, Sierra, Papa and Charlie, sending you 2
2024-10-14 17:45:31.093674 Bravo: Oscar, sending you 9
2024-10-14 17:45:31.094586 Charlie: Papa, sending you 6
2024-10-14 17:45:31.095602 Sierra: Papa, sending you 5
2024-10-14 17:45:31.097086 Oscar: Bravo, sending you 6
2024-10-14 17:45:31.098206 Papa: India and Echo, sending you 2
2024-10-14 17:45:31.099144 Echo: India, sending you 1
2024-10-14 17:45:31.101663 Papa: Sierra, sending you 5
2024-10-14 17:45:31.107671 Papa: Charlie, sending you 6
chatterbot Zulu submitting transactions
chatterbot Oscar submitting transactions
chatterbot Juliett submitting transactions
chatterbot Tango submitting transactions
chatterbot Echo submitting transactions
chatterbot Papa submitting transactions
chatterbot Bravo submitting transactions
chatterbot Sierra submitting transactions
chatterbot Charlie submitting transactions
chatterbot India submitting transactions
ChatterBot Tango round 17
ChatterBot Juliett round 17
ChatterBot India round 17
ChatterBot Echo round 17
ChatterBot Sierra round 17
ChatterBot Oscar round 17
ChatterBot Zulu round 17
ChatterBot Papa round 17
ChatterBot Bravo round 17
ChatterBot Charlie round 17
2024-10-14 17:45:32.149091 Oscar: We should add Sierra
ChatterBot Zulu reevaluating
2024-10-14 17:45:32.155253 Tango: No
2024-10-14 17:45:32.155398 Zulu: No
2024-10-14 17:45:32.155521 Bravo: No
ChatterBot Oscar reevaluating
ChatterBot Zulu reevaluating
ChatterBot Oscar reevaluating
ChatterBot Oscar reevaluating
ChatterBot Zulu reevaluating
2024-10-14 17:45:32.176652 India: Juliett, Sierra and Charlie, sending you 3
2024-10-14 17:45:32.182647 India: Echo and Papa, sending you 2
2024-10-14 17:45:32.186662 Tango: Same as last round
2024-10-14 17:45:32.189663 Juliett: India, Echo, Sierra and Charlie, sending you 3
2024-10-14 17:45:32.191684 Sierra: Juliett, India, Echo and Charlie, sending you 3
2024-10-14 17:45:32.192790 Bravo: Tango, sending you 10
2024-10-14 17:45:32.194702 Echo: Juliett, Sierra, Papa and Charlie, sending you 2
2024-10-14 17:45:32.196368 Juliett: Papa, sending you 4
2024-10-14 17:45:32.197270 Sierra: Papa, sending you 5
2024-10-14 17:45:32.198054 Bravo: Oscar, sending you 9
2024-10-14 17:45:32.198327 Papa: Juliett, sending you 4
2024-10-14 17:45:32.199672 Echo: India, sending you 1
2024-10-14 17:45:32.201657 Zulu: Tango and Oscar, sending you 5
