ChatterBot Lima round 1
ChatterBot Sierra round 1
ChatterBot Uniform round 1
ChatterBot Bravo round 1
ChatterBot Juliett round 1
ChatterBot Kilo round 1
ChatterBot Echo round 1
ChatterBot India round 1
ChatterBot X-ray round 1
ChatterBot Mike round 1
randomSelections Uniform: {Uniform, India, Sierra} 
2024-10-14 17:45:12.426526 Uniform: Friends?
ChatterBot India reevaluating
ChatterBot Sierra reevaluating
2024-10-14 17:45:12.451674 India: Yes
2024-10-14 17:45:12.452776 Sierra: Yes
ChatterBot Sierra reevaluating
ChatterBot India reevaluating
randomSelections Lima: {Lima, X-ray, Uniform, Sierra, Bravo, Kilo} 
2024-10-14 17:45:12.463282 Lima: Can we be friends?
ChatterBot X-ray reevaluating
ChatterBot Sierra reevaluating
ChatterBot Bravo reevaluating
ChatterBot Kilo reevaluating
2024-10-14 17:45:12.472226 X-ray: Yes
2024-10-14 17:45:12.472403 Uniform: No
2024-10-14 17:45:12.472559 Sierra: No
2024-10-14 17:45:12.473149 Bravo: Yes
2024-10-14 17:45:12.473252 Kilo: Yes
ChatterBot Sierra reevaluating
ChatterBot Bravo reevaluating
ChatterBot Kilo reevaluating
ChatterBot X-ray reevaluating
ChatterBot Sierra reevaluating
ChatterBot Bravo reevaluating
ChatterBot Kilo reevaluating
ChatterBot X-ray reevaluating
ChatterBot Bravo reevaluating
ChatterBot Kilo reevaluating
ChatterBot X-ray reevaluating
ChatterBot Sierra reevaluating
ChatterBot Kilo reevaluating
ChatterBot X-ray reevaluating
ChatterBot Sierra reevaluating
ChatterBot Bravo reevaluating
randomSelections Juliett: {Juliett, Bravo, Lima, X-ray, Kilo, Uniform} 
2024-10-14 17:45:12.513731 Juliett: Friends?
ChatterBot Bravo reevaluating
ChatterBot X-ray reevaluating
ChatterBot Kilo reevaluating
2024-10-14 17:45:12.521713 Bravo: No
2024-10-14 17:45:12.522783 Lima: No
2024-10-14 17:45:12.523025 X-ray: No
2024-10-14 17:45:12.523268 Kilo: No
2024-10-14 17:45:12.523457 Uniform: No
ChatterBot X-ray reevaluating
ChatterBot Kilo reevaluating
ChatterBot Bravo reevaluating
ChatterBot X-ray reevaluating
ChatterBot Kilo reevaluating
ChatterBot Bravo reevaluating
ChatterBot Kilo reevaluating
ChatterBot Bravo reevaluating
ChatterBot X-ray reevaluating
ChatterBot Bravo reevaluating
ChatterBot X-ray reevaluating
ChatterBot Kilo reevaluating
randomSelections Mike: {Mike, Juliett, Lima, India, Uniform, Echo} 
2024-10-14 17:45:12.570166 Mike: Group up?
ChatterBot India reevaluating
ChatterBot Echo reevaluating
2024-10-14 17:45:12.579048 Juliett: No
2024-10-14 17:45:12.579277 Lima: No
2024-10-14 17:45:12.579490 India: No
2024-10-14 17:45:12.579760 Uniform: No
2024-10-14 17:45:12.580086 Echo: Yes
ChatterBot India reevaluating
ChatterBot Echo reevaluating
ChatterBot India reevaluating
ChatterBot Echo reevaluating
ChatterBot Echo reevaluating
ChatterBot India reevaluating
ChatterBot Echo reevaluating
ChatterBot India reevaluating
2024-10-14 17:45:12.634965 Bravo: Sierra, sending you 3
2024-10-14 17:45:12.635480 Sierra: Uniform, sending you 6
2024-10-14 17:45:12.637256 Mike: Lima, Uniform and Juliett, sending you 2
2024-10-14 17:45:12.637841 Kilo: Lima, sending you 3
2024-10-14 17:45:12.639723 Juliett: Lima, Bravo, Kilo and X-ray, sending you 4
2024-10-14 17:45:12.640217 Bravo: Uniform, sending you 2
2024-10-14 17:45:12.640691 Sierra: India, sending you 7
2024-10-14 17:45:12.641955 Mike: Echo, sending you 6
2024-10-14 17:45:12.642518 India: Sierra, sending you 9
2024-10-14 17:45:12.643019 Kilo: Sierra, sending you 4
2024-10-14 17:45:12.644194 Echo: Lima, sending you 3
2024-10-14 17:45:12.648372 Juliett: Uniform, sending you 2
2024-10-14 17:45:12.648695 Bravo: Kilo, sending you 4
2024-10-14 17:45:12.649017 Lima: Sierra, Kilo and X-ray, sending you 4
2024-10-14 17:45:12.649331 India: Uniform, sending you 7
2024-10-14 17:45:12.650171 Mike: India, sending you 8
2024-10-14 17:45:12.650517 Uniform: Sierra and India, sending you 4
2024-10-14 17:45:12.650852 Kilo: Uniform, sending you 2
2024-10-14 17:45:12.651317 Echo: Uniform and India, sending you 5
2024-10-14 17:45:12.652474 Bravo: X-ray, sending you 9
2024-10-14 17:45:12.652861 Lima: Uniform and Bravo, sending you 3
2024-10-14 17:45:12.658620 Kilo: Bravo, sending you 5
2024-10-14 17:45:12.659466 X-ray: Lima, Uniform and Kilo, sending you 3
2024-10-14 17:45:12.659777 Echo: Juliett, sending you 4
2024-10-14 17:45:12.667750 Kilo: X-ray, sending you 1
2024-10-14 17:45:12.668171 Echo: Mike, sending you 2
2024-10-14 17:45:12.668466 X-ray: Sierra and Bravo, sending you 1
chatterbot Kilo submitting transactions
chatterbot Juliett submitting transactions
chatterbot Mike submitting transactions
chatterbot Bravo submitting transactions
chatterbot X-ray submitting transactions
chatterbot Uniform submitting transactions
chatterbot India submitting transactions
chatterbot Lima submitting transactions
chatterbot Echo submitting transactions
chatterbot Sierra submitting transactions
ChatterBot Lima round 2
ChatterBot Sierra round 2
ChatterBot Uniform round 2
ChatterBot Bravo round 2
ChatterBot Juliett round 2
ChatterBot Kilo round 2
2024-10-14 17:45:13.670436 Lima: We would work well together
ChatterBot Bravo reevaluating
ChatterBot Juliett reevaluating
ChatterBot Kilo reevaluating
ChatterBot X-ray reevaluating
ChatterBot Echo reevaluating
ChatterBot Mike reevaluating
2024-10-14 17:45:13.724106 Bravo: No
2024-10-14 17:45:13.724291 Juliett: No
2024-10-14 17:45:13.724415 Kilo: No
2024-10-14 17:45:13.724525 X-ray: No
2024-10-14 17:45:13.724662 Echo: No
2024-10-14 17:45:13.724789 Mike: No
ChatterBot Juliett reevaluating
ChatterBot Kilo reevaluating
ChatterBot X-ray reevaluating
ChatterBot Echo reevaluating
ChatterBot Mike reevaluating
ChatterBot Bravo reevaluating
ChatterBot Kilo reevaluating
ChatterBot X-ray reevaluating
ChatterBot Echo reevaluating
ChatterBot Mike reevaluating
ChatterBot Bravo reevaluating
ChatterBot Juliett reevaluating
ChatterBot X-ray reevaluating
ChatterBot Echo reevaluating
ChatterBot Mike reevaluating
ChatterBot Bravo reevaluating
ChatterBot Juliett reevaluating
ChatterBot Kilo reevaluating
ChatterBot Echo reevaluating
ChatterBot Mike reevaluating
ChatterBot Bravo reevaluating
ChatterBot Juliett reevaluating
ChatterBot Kilo reevaluating
ChatterBot X-ray reevaluating
ChatterBot Mike reevaluating
ChatterBot Bravo reevaluating
ChatterBot Juliett reevaluating
ChatterBot Kilo reevaluating
ChatterBot X-ray reevaluating
ChatterBot Echo reevaluating
2024-10-14 17:45:14.080227 Sierra: Group up?
ChatterBot Uniform reevaluating
ChatterBot India reevaluating
ChatterBot Bravo reevaluating
ChatterBot Juliett reevaluating
ChatterBot Kilo reevaluating
ChatterBot X-ray reevaluating
2024-10-14 17:45:14.121797 Uniform: No
2024-10-14 17:45:14.122002 India: No
2024-10-14 17:45:14.122590 Lima: No
2024-10-14 17:45:14.122711 Bravo: No
2024-10-14 17:45:14.122863 Juliett: No
2024-10-14 17:45:14.122970 Kilo: No
2024-10-14 17:45:14.123060 X-ray: No
ChatterBot India reevaluating
ChatterBot Bravo reevaluating
ChatterBot Juliett reevaluating
ChatterBot Kilo reevaluating
ChatterBot X-ray reevaluating
ChatterBot Uniform reevaluating
ChatterBot Bravo reevaluating
ChatterBot Juliett reevaluating
ChatterBot Kilo reevaluating
ChatterBot X-ray reevaluating
ChatterBot Uniform reevaluating
ChatterBot India reevaluating
ChatterBot Bravo reevaluating
ChatterBot Juliett reevaluating
ChatterBot Kilo reevaluating
ChatterBot X-ray reevaluating
ChatterBot Uniform reevaluating
ChatterBot India reevaluating
ChatterBot Juliett reevaluating
ChatterBot Kilo reevaluating
ChatterBot X-ray reevaluating
ChatterBot Uniform reevaluating
ChatterBot India reevaluating
ChatterBot Bravo reevaluating
ChatterBot Kilo reevaluating
ChatterBot X-ray reevaluating
ChatterBot Uniform reevaluating
ChatterBot India reevaluating
ChatterBot Bravo reevaluating
ChatterBot Juliett reevaluating
ChatterBot X-ray reevaluating
ChatterBot Uniform reevaluating
ChatterBot India reevaluating
ChatterBot Bravo reevaluating
ChatterBot Juliett reevaluating
ChatterBot Kilo reevaluating
ChatterBot Echo round 2
ChatterBot India round 2
ChatterBot X-ray round 2
ChatterBot Mike round 2
2024-10-14 17:45:14.489791 India: Friends?
ChatterBot Uniform reevaluating
ChatterBot Echo reevaluating
ChatterBot Mike reevaluating
2024-10-14 17:45:14.510834 Juliett: Yes
2024-10-14 17:45:14.511061 Sierra: No
2024-10-14 17:45:14.511702 Uniform: No
2024-10-14 17:45:14.511911 Echo: No
2024-10-14 17:45:14.512055 Mike: No
ChatterBot Uniform reevaluating
ChatterBot Echo reevaluating
ChatterBot Mike reevaluating
ChatterBot Uniform reevaluating
ChatterBot Echo reevaluating
ChatterBot Mike reevaluating
ChatterBot Echo reevaluating
ChatterBot Mike reevaluating
ChatterBot Uniform reevaluating
ChatterBot Mike reevaluating
ChatterBot Uniform reevaluating
ChatterBot Echo reevaluating
2024-10-14 17:45:14.624958 X-ray: We would work well together
ChatterBot Bravo reevaluating
2024-10-14 17:45:14.638913 Bravo: Yes
2024-10-14 17:45:14.639086 Lima: Yes
2024-10-14 17:45:14.639193 Juliett: No
2024-10-14 17:45:14.639283 Kilo: Yes
ChatterBot Bravo reevaluating
ChatterBot Bravo reevaluating
ChatterBot Bravo reevaluating
ChatterBot Juliett reevaluating
2024-10-14 17:45:14.697568 Echo: We should replace Lima with Sierra
ChatterBot Uniform reevaluating
ChatterBot Mike reevaluating
ChatterBot Juliett reevaluating
2024-10-14 17:45:14.714354 Uniform: Yes
2024-10-14 17:45:14.714512 India: Yes
2024-10-14 17:45:14.714604 Mike: Yes
2024-10-14 17:45:14.714705 Juliett: Yes
ChatterBot Echo reevaluating
ChatterBot Mike reevaluating
ChatterBot Juliett reevaluating
ChatterBot Echo reevaluating
ChatterBot Uniform reevaluating
ChatterBot Mike reevaluating
ChatterBot Juliett reevaluating
ChatterBot Echo reevaluating
ChatterBot Uniform reevaluating
ChatterBot Juliett reevaluating
ChatterBot Echo reevaluating
ChatterBot Uniform reevaluating
ChatterBot Mike reevaluating
2024-10-14 17:45:14.806934 Lima: Bravo, sending you 1
2024-10-14 17:45:14.807848 Sierra: Lima, Uniform, Bravo and Kilo, sending you 2
2024-10-14 17:45:14.948793 Lima: Juliett, Kilo, Echo and X-ray, sending you 4
2024-10-14 17:45:14.949211 Sierra: India, sending you 5
chatterbot Mike submitting transactions
chatterbot Kilo submitting transactions
2024-10-14 17:45:15.070078 Kilo: Sending you each 5
2024-10-14 17:45:15.070660 Lima: Mike, sending you 3
2024-10-14 17:45:15.071842 X-ray: Lima and Juliett, sending you 3
2024-10-14 17:45:15.072464 India: Sierra and Mike, sending you 5
2024-10-14 17:45:15.073699 Juliett: Lima, Bravo, Kilo and X-ray, sending you 3
2024-10-14 17:45:15.114986 X-ray: Bravo, sending you 4
2024-10-14 17:45:15.115993 Juliett: Echo and Mike, sending you 4
2024-10-14 17:45:15.116540 Mike: Sierra, Uniform and India, sending you 2
2024-10-14 17:45:15.116956 Bravo: Lima, sending you 4
2024-10-14 17:45:15.117885 India: Uniform and Echo, sending you 3
2024-10-14 17:45:15.118375 Echo: Mike, sending you 9
2024-10-14 17:45:15.119157 Uniform: Sierra and India, sending you 4
chatterbot Juliett submitting transactions
2024-10-14 17:45:15.119929 X-ray: Kilo, sending you 2
2024-10-14 17:45:15.157343 Mike: Echo, sending you 14
2024-10-14 17:45:15.158216 Bravo: Juliett, sending you 6
2024-10-14 17:45:15.159978 Uniform: Juliett and Mike, sending you 2
chatterbot Lima submitting transactions
2024-10-14 17:45:15.184129 Bravo: Kilo, sending you 8
2024-10-14 17:45:15.184854 Uniform: Echo, sending you 3
2024-10-14 17:45:15.190705 Bravo: X-ray, sending you 1
chatterbot Echo submitting transactions
chatterbot Mike submitting transactions
chatterbot Sierra submitting transactions
chatterbot Uniform submitting transactions
chatterbot India submitting transactions
chatterbot X-ray submitting transactions
chatterbot Bravo submitting transactions
chatterbot Echo submitting transactions
ChatterBot Lima round 3
ChatterBot Sierra round 3
ChatterBot Uniform round 3
ChatterBot Bravo round 3
ChatterBot Juliett round 3
ChatterBot Kilo round 3
ChatterBot Echo round 3
ChatterBot India round 3
ChatterBot X-ray round 3
ChatterBot Mike round 3
2024-10-14 17:45:16.078754 Lima: We should drop Echo and Mike
ChatterBot X-ray reevaluating
2024-10-14 17:45:16.100128 Bravo: Yes
2024-10-14 17:45:16.100320 Juliett: Yes
2024-10-14 17:45:16.100484 Kilo: Yes
2024-10-14 17:45:16.100657 X-ray: Yes
ChatterBot X-ray reevaluating
ChatterBot X-ray reevaluating
ChatterBot X-ray reevaluating
2024-10-14 17:45:16.247247 Uniform: We should drop Juliett
2024-10-14 17:45:16.272102 Mike: Yes
2024-10-14 17:45:16.272490 Sierra: No
2024-10-14 17:45:16.272855 India: No
2024-10-14 17:45:16.273144 Echo: Yes
ChatterBot Mike reevaluating
ChatterBot Mike reevaluating
2024-10-14 17:45:16.376512 Kilo: Lima and Juliett, sending you 5
2024-10-14 17:45:16.392771 Kilo: Bravo, sending you 6
2024-10-14 17:45:16.393324 India: Sierra, sending you 5
2024-10-14 17:45:16.394281 Bravo: Lima, sending you 3
2024-10-14 17:45:16.394703 X-ray: Sending you each 3
2024-10-14 17:45:16.395647 Sierra: Lima, Bravo and Kilo, sending you 1
2024-10-14 17:45:16.396101 Echo: Uniform and India, sending you 3
2024-10-14 17:45:16.396445 Lima: Bravo, Juliett and Kilo, sending you 4
2024-10-14 17:45:16.397407 Uniform: Sierra and India, sending you 4
2024-10-14 17:45:16.397932 Kilo: X-ray, sending you 4
2024-10-14 17:45:16.398838 India: Uniform, sending you 4
2024-10-14 17:45:16.399305 Bravo: Juliett, sending you 5
2024-10-14 17:45:16.413228 Sierra: Uniform, sending you 4
2024-10-14 17:45:16.413677 Echo: Mike, sending you 8
2024-10-14 17:45:16.413984 Lima: X-ray, sending you 5
2024-10-14 17:45:16.414736 Uniform: Echo and Mike, sending you 3
2024-10-14 17:45:16.415051 Mike: Sierra, sending you 2
2024-10-14 17:45:16.415357 Juliett: Lima and Bravo, sending you 4
2024-10-14 17:45:16.416257 India: Echo, sending you 2
2024-10-14 17:45:16.416565 Bravo: Kilo, sending you 7
2024-10-14 17:45:16.416946 Sierra: India, sending you 6
2024-10-14 17:45:16.424924 Mike: Uniform, sending you 4
2024-10-14 17:45:16.425288 India: Mike, sending you 3
2024-10-14 17:45:16.426111 Juliett: Kilo and X-ray, sending you 5
2024-10-14 17:45:16.426442 Bravo: X-ray, sending you 4
2024-10-14 17:45:16.431020 Mike: Echo, sending you 8
2024-10-14 17:45:16.434737 Mike: India, sending you 6
chatterbot Echo submitting transactions
chatterbot Bravo submitting transactions
chatterbot India submitting transactions
chatterbot Mike submitting transactions
chatterbot Juliett submitting transactions
chatterbot Sierra submitting transactions
chatterbot Uniform submitting transactions
chatterbot Kilo submitting transactions
chatterbot Lima submitting transactions
chatterbot X-ray submitting transactions
ChatterBot Lima round 4
ChatterBot Sierra round 4
ChatterBot Uniform round 4
ChatterBot Bravo round 4
ChatterBot Juliett round 4
ChatterBot Kilo round 4
ChatterBot Echo round 4
ChatterBot India round 4
ChatterBot X-ray round 4
2024-10-14 17:45:17.478723 Juliett: We should add Sierra
ChatterBot Bravo reevaluating
ChatterBot Lima reevaluating
ChatterBot Kilo reevaluating
ChatterBot X-ray reevaluating
2024-10-14 17:45:17.496743 Bravo: Yes
2024-10-14 17:45:17.497155 Lima: Yes
2024-10-14 17:45:17.498028 Kilo: Yes
2024-10-14 17:45:17.498242 X-ray: Yes
ChatterBot Lima reevaluating
ChatterBot Kilo reevaluating
ChatterBot X-ray reevaluating
ChatterBot Bravo reevaluating
ChatterBot Kilo reevaluating
ChatterBot X-ray reevaluating
ChatterBot Bravo reevaluating
ChatterBot Lima reevaluating
ChatterBot X-ray reevaluating
ChatterBot Bravo reevaluating
ChatterBot Lima reevaluating
ChatterBot Kilo reevaluating
ChatterBot Mike round 4
2024-10-14 17:45:17.583370 Uniform: We should add Juliett
ChatterBot Mike reevaluating
ChatterBot Echo reevaluating
2024-10-14 17:45:17.600551 Mike: Yes
2024-10-14 17:45:17.600772 Sierra: Yes
2024-10-14 17:45:17.600929 India: Yes
2024-10-14 17:45:17.601081 Echo: Yes
ChatterBot Echo reevaluating
ChatterBot Mike reevaluating
ChatterBot Uniform reevaluating
ChatterBot Echo reevaluating
ChatterBot Mike reevaluating
ChatterBot Uniform reevaluating
ChatterBot Echo reevaluating
ChatterBot Mike reevaluating
ChatterBot Sierra reevaluating
ChatterBot Uniform reevaluating
2024-10-14 17:45:17.681498 Sierra: Let's form a team
ChatterBot Uniform reevaluating
ChatterBot Echo reevaluating
ChatterBot Mike reevaluating
2024-10-14 17:45:17.698923 Juliett: No
2024-10-14 17:45:17.699048 Uniform: Yes
2024-10-14 17:45:17.699147 India: Yes
2024-10-14 17:45:17.699238 Echo: No
2024-10-14 17:45:17.699656 Mike: Yes
ChatterBot Sierra reevaluating
ChatterBot Uniform reevaluating
ChatterBot Echo reevaluating
ChatterBot Mike reevaluating
ChatterBot Sierra reevaluating
ChatterBot Echo reevaluating
ChatterBot Mike reevaluating
ChatterBot Sierra reevaluating
ChatterBot Uniform reevaluating
ChatterBot Echo reevaluating
ChatterBot Mike reevaluating
ChatterBot Sierra reevaluating
ChatterBot Uniform reevaluating
ChatterBot Mike reevaluating
ChatterBot Sierra reevaluating
ChatterBot Uniform reevaluating
ChatterBot Echo reevaluating
2024-10-14 17:45:17.795567 Juliett: Sierra we want you to join our group
ChatterBot Sierra reevaluating
2024-10-14 17:45:17.798849 Sierra: No
ChatterBot Lima reevaluating
ChatterBot Bravo reevaluating
ChatterBot Kilo reevaluating
ChatterBot X-ray reevaluating
2024-10-14 17:45:17.819797 Lima: Sierra we want you to join our group
ChatterBot Sierra reevaluating
2024-10-14 17:45:17.825120 Sierra: No
ChatterBot Bravo reevaluating
2024-10-14 17:45:17.842518 X-ray: Sierra we want you to join our group
ChatterBot Sierra reevaluating
2024-10-14 17:45:17.847105 Sierra: No
ChatterBot Bravo reevaluating
2024-10-14 17:45:17.864482 Kilo: Sierra we want you to join our group
ChatterBot Sierra reevaluating
2024-10-14 17:45:17.868904 Sierra: No
ChatterBot Bravo reevaluating
2024-10-14 17:45:17.882038 Mike: Juliett we want you to join our group
2024-10-14 17:45:17.885115 Juliett: No
ChatterBot Sierra reevaluating
ChatterBot Uniform reevaluating
2024-10-14 17:45:17.903687 Echo: Uniform, sending you 4
2024-10-14 17:45:17.904774 Uniform: Juliett we want you to join our group
2024-10-14 17:45:17.909523 Juliett: No
ChatterBot Sierra reevaluating
ChatterBot Uniform reevaluating
ChatterBot Echo reevaluating
ChatterBot Mike reevaluating
2024-10-14 17:45:17.930419 India: Sierra, sending you 6
2024-10-14 17:45:17.930834 Juliett: Lima, Sierra, Bravo, Kilo and X-ray, sending you 4
2024-10-14 17:45:17.931201 Bravo: Sierra we want you to join our group
ChatterBot Sierra reevaluating
2024-10-14 17:45:17.935566 Sierra: No
2024-10-14 17:45:17.949015 India: Uniform and Mike, sending you 4
2024-10-14 17:45:17.949476 X-ray: Lima, Bravo, Juliett and Kilo, sending you 3
2024-10-14 17:45:17.950067 Echo: Juliett we want you to join our group
2024-10-14 17:45:17.952583 Juliett: No
ChatterBot Sierra reevaluating
ChatterBot Uniform reevaluating
ChatterBot Echo reevaluating
ChatterBot Mike reevaluating
2024-10-14 17:45:17.968298 India: Echo, sending you 2
2024-10-14 17:45:17.968665 Lima: Sierra, sending you 3
2024-10-14 17:45:17.968931 Kilo: Lima and Juliett, sending you 4
2024-10-14 17:45:17.971668 Kilo: Sierra, sending you 2
2024-10-14 17:45:17.972674 Lima: Bravo, Juliett, Kilo and X-ray, sending you 4
2024-10-14 17:45:17.974704 Kilo: Bravo, sending you 5
2024-10-14 17:45:17.979687 Kilo: X-ray, sending you 3
2024-10-14 17:45:17.990685 Sierra: Uniform, sending you 5
2024-10-14 17:45:17.992663 Uniform: Sierra and India, sending you 4
2024-10-14 17:45:17.995654 Sierra: India, sending you 7
2024-10-14 17:45:17.997666 Uniform: Juliett, sending you 2
2024-10-14 17:45:17.998670 Sierra: Mike, sending you 1
2024-10-14 17:45:17.999681 Mike: Uniform, sending you 4
2024-10-14 17:45:18.002669 Uniform: Echo and Mike, sending you 3
2024-10-14 17:45:18.003677 Mike: Juliett, sending you 3
2024-10-14 17:45:18.007687 Mike: Echo, sending you 8
2024-10-14 17:45:18.012659 Mike: India, sending you 5
chatterbot X-ray submitting transactions
chatterbot India submitting transactions
chatterbot Bravo submitting transactions
chatterbot Juliett submitting transactions
chatterbot Lima submitting transactions
chatterbot Sierra submitting transactions
chatterbot Uniform submitting transactions
chatterbot Kilo submitting transactions
chatterbot Echo submitting transactions
chatterbot Mike submitting transactions
ChatterBot Lima round 5
ChatterBot Sierra round 5
ChatterBot Uniform round 5
ChatterBot Bravo round 5
ChatterBot Juliett round 5
ChatterBot Kilo round 5
ChatterBot Echo round 5
ChatterBot India round 5
ChatterBot X-ray round 5
ChatterBot Mike round 5
2024-10-14 17:45:19.185228 Lima: We should drop Sierra
ChatterBot Bravo reevaluating
2024-10-14 17:45:19.199260 Bravo: Yes
2024-10-14 17:45:19.199396 Juliett: No
2024-10-14 17:45:19.199502 Kilo: No
2024-10-14 17:45:19.199600 X-ray: No
ChatterBot Juliett reevaluating
ChatterBot Kilo reevaluating
ChatterBot Bravo reevaluating
ChatterBot Kilo reevaluating
ChatterBot Bravo reevaluating
ChatterBot Lima reevaluating
ChatterBot Juliett reevaluating
ChatterBot Bravo reevaluating
ChatterBot Lima reevaluating
ChatterBot Juliett reevaluating
ChatterBot Kilo reevaluating
2024-10-14 17:45:19.241515 Juliett: We should replace Sierra with Echo
ChatterBot Bravo reevaluating
ChatterBot Lima reevaluating
ChatterBot Kilo reevaluating
ChatterBot X-ray reevaluating
2024-10-14 17:45:19.258218 Bravo: No
2024-10-14 17:45:19.258324 Lima: No
2024-10-14 17:45:19.258415 Kilo: No
2024-10-14 17:45:19.258518 X-ray: No
ChatterBot Lima reevaluating
ChatterBot Juliett reevaluating
ChatterBot Kilo reevaluating
ChatterBot X-ray reevaluating
ChatterBot Bravo reevaluating
ChatterBot Juliett reevaluating
ChatterBot Kilo reevaluating
ChatterBot X-ray reevaluating
ChatterBot Bravo reevaluating
ChatterBot Lima reevaluating
ChatterBot Juliett reevaluating
ChatterBot X-ray reevaluating
ChatterBot Bravo reevaluating
ChatterBot Lima reevaluating
ChatterBot Juliett reevaluating
ChatterBot Kilo reevaluating
2024-10-14 17:45:19.303704 Echo: We should drop Juliett
ChatterBot Mike reevaluating
ChatterBot Uniform reevaluating
2024-10-14 17:45:19.315445 Mike: Yes
2024-10-14 17:45:19.315647 Sierra: No
2024-10-14 17:45:19.315808 Uniform: Yes
2024-10-14 17:45:19.315905 India: No
ChatterBot Uniform reevaluating
ChatterBot Echo reevaluating
ChatterBot Mike reevaluating
ChatterBot Uniform reevaluating
ChatterBot Echo reevaluating
ChatterBot Mike reevaluating
ChatterBot Echo reevaluating
ChatterBot Mike reevaluating
ChatterBot Uniform reevaluating
ChatterBot Echo reevaluating
2024-10-14 17:45:19.364657 Juliett: We should replace Sierra with Mike
ChatterBot Bravo reevaluating
ChatterBot Lima reevaluating
ChatterBot Kilo reevaluating
ChatterBot X-ray reevaluating
2024-10-14 17:45:19.375050 Bravo: No
2024-10-14 17:45:19.375217 Lima: No
2024-10-14 17:45:19.375330 Kilo: No
2024-10-14 17:45:19.375848 X-ray: No
ChatterBot Lima reevaluating
ChatterBot Juliett reevaluating
ChatterBot Kilo reevaluating
ChatterBot X-ray reevaluating
ChatterBot Bravo reevaluating
ChatterBot Juliett reevaluating
ChatterBot Kilo reevaluating
ChatterBot X-ray reevaluating
ChatterBot Bravo reevaluating
ChatterBot Lima reevaluating
ChatterBot Juliett reevaluating
ChatterBot X-ray reevaluating
ChatterBot Bravo reevaluating
ChatterBot Lima reevaluating
ChatterBot Juliett reevaluating
ChatterBot Kilo reevaluating
2024-10-14 17:45:19.485303 Sierra: Uniform, sending you 4
2024-10-14 17:45:19.489089 Sierra: Juliett and Mike, sending you 1
2024-10-14 17:45:19.491692 India: Sierra, sending you 6
2024-10-14 17:45:19.495020 Juliett: Mike we want you to join our group
ChatterBot Mike reevaluating
2024-10-14 17:45:19.499803 Mike: No
ChatterBot Juliett reevaluating
ChatterBot Bravo reevaluating
2024-10-14 17:45:19.526793 Sierra: India, sending you 7
2024-10-14 17:45:19.528890 India: Uniform and Mike, sending you 3
2024-10-14 17:45:19.532693 India: Echo, sending you 2
2024-10-14 17:45:19.534256 India: I was attacked by Kilo
ChatterBot Juliett reevaluating
ChatterBot Sierra reevaluating
ChatterBot Uniform reevaluating
ChatterBot Echo reevaluating
ChatterBot Mike reevaluating
2024-10-14 17:45:19.559623 India: Ow
2024-10-14 17:45:19.561609 Sierra: We should replace Juliett with Lima
ChatterBot Mike reevaluating
ChatterBot Uniform reevaluating
ChatterBot India reevaluating
ChatterBot Echo reevaluating
2024-10-14 17:45:19.582712 Mike: No
2024-10-14 17:45:19.583087 Uniform: No
2024-10-14 17:45:19.583333 India: No
2024-10-14 17:45:19.583645 Echo: No
ChatterBot Sierra reevaluating
ChatterBot Uniform reevaluating
ChatterBot India reevaluating
ChatterBot Echo reevaluating
ChatterBot Mike reevaluating
ChatterBot Sierra reevaluating
ChatterBot India reevaluating
ChatterBot Echo reevaluating
ChatterBot Mike reevaluating
ChatterBot Sierra reevaluating
ChatterBot Uniform reevaluating
ChatterBot Echo reevaluating
ChatterBot Mike reevaluating
ChatterBot Sierra reevaluating
ChatterBot Uniform reevaluating
ChatterBot India reevaluating
chatterbot India submitting transactions
2024-10-14 17:45:19.646657 X-ray: Same as last round
2024-10-14 17:45:19.647674 Kilo: Lima, Juliett and X-ray, sending you 4
2024-10-14 17:45:19.648458 Lima: Bravo, Juliett and Kilo, sending you 4
2024-10-14 17:45:19.650677 Kilo: Bravo, sending you 5
2024-10-14 17:45:19.651663 Lima: X-ray, sending you 5
chatterbot Sierra submitting transactions
2024-10-14 17:45:19.665659 Juliett: Lima, Sierra, Bravo, Kilo and X-ray, sending you 4
2024-10-14 17:45:19.670695 Bravo: Lima, Juliett and X-ray, sending you 4
2024-10-14 17:45:19.675652 Bravo: Kilo, sending you 6
2024-10-14 17:45:19.679672 Uniform: Sierra, Echo and India, sending you 4
2024-10-14 17:45:19.682006 Mike: Sierra, sending you 2
2024-10-14 17:45:19.683687 Uniform: Mike, sending you 3
2024-10-14 17:45:19.685950 Mike: Uniform, sending you 4
2024-10-14 17:45:19.690690 Mike: Echo, sending you 9
2024-10-14 17:45:19.693678 Mike: India, sending you 5
chatterbot Mike submitting transactions
chatterbot X-ray submitting transactions
chatterbot Lima submitting transactions
chatterbot Bravo submitting transactions
chatterbot Echo submitting transactions
chatterbot Sierra submitting transactions
chatterbot India submitting transactions
chatterbot Kilo submitting transactions
chatterbot Juliett submitting transactions
chatterbot Uniform submitting transactions
ChatterBot Lima round 6
ChatterBot Sierra round 6
ChatterBot Uniform round 6
ChatterBot Bravo round 6
ChatterBot Juliett round 6
ChatterBot Kilo round 6
ChatterBot Echo round 6
ChatterBot India round 6
2024-10-14 17:45:20.765638 Sierra: We should replace Juliett with X-ray
ChatterBot India reevaluating
2024-10-14 17:45:20.781283 Mike: No
2024-10-14 17:45:20.781425 Uniform: No
2024-10-14 17:45:20.781538 India: No
2024-10-14 17:45:20.781654 Echo: No
ChatterBot Sierra reevaluating
ChatterBot Uniform reevaluating
ChatterBot India reevaluating
ChatterBot Sierra reevaluating
ChatterBot India reevaluating
ChatterBot Sierra reevaluating
ChatterBot Uniform reevaluating
ChatterBot Sierra reevaluating
ChatterBot Uniform reevaluating
ChatterBot India reevaluating
2024-10-14 17:45:20.836371 India: We should add X-ray
ChatterBot Sierra reevaluating
ChatterBot Uniform reevaluating
2024-10-14 17:45:20.850144 Mike: Yes
2024-10-14 17:45:20.850260 Sierra: Yes
2024-10-14 17:45:20.850350 Uniform: Yes
2024-10-14 17:45:20.850431 Echo: Yes
ChatterBot Sierra reevaluating
ChatterBot Uniform reevaluating
ChatterBot India reevaluating
ChatterBot Uniform reevaluating
ChatterBot India reevaluating
ChatterBot Sierra reevaluating
ChatterBot India reevaluating
ChatterBot Sierra reevaluating
ChatterBot Uniform reevaluating
ChatterBot India reevaluating
ChatterBot X-ray round 6
ChatterBot Mike round 6
2024-10-14 17:45:20.960415 Echo: We should drop Juliett
ChatterBot Sierra reevaluating
2024-10-14 17:45:20.993351 Mike: Yes
2024-10-14 17:45:20.993599 Sierra: Yes
2024-10-14 17:45:20.993772 Uniform: Yes
2024-10-14 17:45:20.993927 India: Yes
ChatterBot Sierra reevaluating
ChatterBot Uniform reevaluating
ChatterBot Uniform reevaluating
ChatterBot Sierra reevaluating
ChatterBot Sierra reevaluating
ChatterBot Uniform reevaluating
2024-10-14 17:45:21.046432 India: X-ray we want you to join our group
2024-10-14 17:45:21.049679 X-ray: No
ChatterBot Sierra reevaluating
2024-10-14 17:45:21.066636 Lima: Bravo, Juliett and Kilo, sending you 4
2024-10-14 17:45:21.068703 Bravo: Lima, Juliett and X-ray, sending you 4
2024-10-14 17:45:21.071287 Juliett: Lima, Sierra, Bravo, Kilo and X-ray, sending you 4
2024-10-14 17:45:21.072135 Sierra: X-ray we want you to join our group
2024-10-14 17:45:21.076122 X-ray: No
2024-10-14 17:45:21.098497 Lima: X-ray, sending you 5
2024-10-14 17:45:21.099078 Kilo: Lima, Bravo and Juliett, sending you 2
2024-10-14 17:45:21.099609 Bravo: Kilo, sending you 6
2024-10-14 17:45:21.102900 Kilo: X-ray, sending you 1
2024-10-14 17:45:21.103632 Kilo: I was attacked by India
ChatterBot Bravo reevaluating
ChatterBot Lima reevaluating
ChatterBot Juliett reevaluating
ChatterBot X-ray reevaluating
2024-10-14 17:45:21.120242 Kilo: Ow
2024-10-14 17:45:21.121798 Juliett: We should replace Sierra with Mike
ChatterBot Bravo reevaluating
ChatterBot Lima reevaluating
ChatterBot X-ray reevaluating
2024-10-14 17:45:21.138541 Bravo: No
2024-10-14 17:45:21.139035 Lima: No
2024-10-14 17:45:21.139216 Kilo: No
2024-10-14 17:45:21.139323 X-ray: No
ChatterBot Lima reevaluating
ChatterBot Juliett reevaluating
ChatterBot X-ray reevaluating
ChatterBot Bravo reevaluating
ChatterBot Juliett reevaluating
ChatterBot X-ray reevaluating
ChatterBot Bravo reevaluating
ChatterBot Lima reevaluating
ChatterBot Juliett reevaluating
ChatterBot X-ray reevaluating
ChatterBot Bravo reevaluating
ChatterBot Lima reevaluating
ChatterBot Juliett reevaluating
2024-10-14 17:45:21.184980 Uniform: Sierra, Echo and India, sending you 4
2024-10-14 17:45:21.185465 Mike: Sierra, sending you 2
2024-10-14 17:45:21.185824 India: Sierra, sending you 6
2024-10-14 17:45:21.186335 Juliett: We should replace Sierra with Uniform
ChatterBot Bravo reevaluating
ChatterBot Lima reevaluating
ChatterBot X-ray reevaluating
2024-10-14 17:45:21.197648 Bravo: No
2024-10-14 17:45:21.197881 Lima: No
2024-10-14 17:45:21.198007 Kilo: No
2024-10-14 17:45:21.198454 X-ray: No
ChatterBot Lima reevaluating
ChatterBot Juliett reevaluating
ChatterBot X-ray reevaluating
ChatterBot Bravo reevaluating
ChatterBot Juliett reevaluating
ChatterBot X-ray reevaluating
ChatterBot Bravo reevaluating
ChatterBot Lima reevaluating
ChatterBot Juliett reevaluating
ChatterBot X-ray reevaluating
ChatterBot Bravo reevaluating
ChatterBot Lima reevaluating
ChatterBot Juliett reevaluating
2024-10-14 17:45:21.248367 Mike: Uniform, sending you 4
2024-10-14 17:45:21.248860 Uniform: Mike, sending you 3
2024-10-14 17:45:21.249529 India: Uniform and Mike, sending you 4
2024-10-14 17:45:21.250834 Sierra: Uniform, sending you 5
2024-10-14 17:45:21.252673 Mike: Echo, sending you 9
2024-10-14 17:45:21.254063 India: Echo, sending you 1
2024-10-14 17:45:21.254593 India: I was attacked by Kilo
ChatterBot Sierra reevaluating
ChatterBot Uniform reevaluating
ChatterBot Echo reevaluating
ChatterBot Mike reevaluating
ChatterBot X-ray reevaluating
2024-10-14 17:45:21.284240 India: Ow
2024-10-14 17:45:21.285836 Juliett: Mike we want you to join our group
ChatterBot Mike reevaluating
2024-10-14 17:45:21.290468 Mike: No
ChatterBot Juliett reevaluating
ChatterBot Bravo reevaluating
chatterbot Echo submitting transactions
chatterbot India submitting transactions
2024-10-14 17:45:21.336127 Bravo: Juliett, sending you 5
chatterbot Bravo submitting transactions
chatterbot X-ray submitting transactions
chatterbot Bravo submitting transactions
chatterbot Juliett submitting transactions
chatterbot Juliett submitting transactions
chatterbot Mike submitting transactions
chatterbot Kilo submitting transactions
chatterbot Lima submitting transactions
chatterbot Echo submitting transactions
chatterbot Sierra submitting transactions
chatterbot Mike submitting transactions
chatterbot Uniform submitting transactions
ChatterBot Lima round 7
ChatterBot Sierra round 7
ChatterBot Uniform round 7
ChatterBot Bravo round 7
ChatterBot Juliett round 7
ChatterBot Kilo round 7
ChatterBot Echo round 7
ChatterBot India round 7
ChatterBot X-ray round 7
ChatterBot Mike round 7
2024-10-14 17:45:22.349808 Echo: We should drop Juliett
ChatterBot Sierra reevaluating
ChatterBot Uniform reevaluating
ChatterBot India reevaluating
2024-10-14 17:45:22.364894 Mike: Yes
2024-10-14 17:45:22.365041 Sierra: Yes
2024-10-14 17:45:22.365156 Uniform: Yes
2024-10-14 17:45:22.365261 India: Yes
ChatterBot Sierra reevaluating
ChatterBot Uniform reevaluating
ChatterBot India reevaluating
ChatterBot Echo reevaluating
ChatterBot Uniform reevaluating
ChatterBot India reevaluating
ChatterBot Echo reevaluating
ChatterBot Sierra reevaluating
ChatterBot India reevaluating
ChatterBot Echo reevaluating
ChatterBot Sierra reevaluating
ChatterBot Uniform reevaluating
ChatterBot Echo reevaluating
2024-10-14 17:45:22.486211 Bravo: Lima and X-ray, sending you 4
chatterbot Lima submitting transactions
2024-10-14 17:45:22.489683 Mike: Sierra, sending you 3
2024-10-14 17:45:22.490670 Bravo: Juliett, sending you 5
2024-10-14 17:45:22.491362 Kilo: Lima, Juliett and X-ray, sending you 4
2024-10-14 17:45:22.492474 Lima: Bravo, Kilo and X-ray, sending you 5
2024-10-14 17:45:22.496543 Juliett: Lima, Sierra, Bravo, Kilo and X-ray, sending you 4
2024-10-14 17:45:22.497115 Mike: Uniform, sending you 4
2024-10-14 17:45:22.501680 Bravo: Kilo, sending you 6
2024-10-14 17:45:22.502429 Kilo: Bravo, sending you 6
2024-10-14 17:45:22.503258 Lima: Juliett, sending you 4
2024-10-14 17:45:22.504312 Mike: Echo, sending you 8
2024-10-14 17:45:22.507670 X-ray: Same as last round
2024-10-14 17:45:22.509291 Uniform: Sierra, Echo and India, sending you 4
2024-10-14 17:45:22.510098 Mike: India, sending you 5
2024-10-14 17:45:22.512725 Uniform: Mike, sending you 3
2024-10-14 17:45:22.517703 India: Sierra, sending you 6
2024-10-14 17:45:22.521697 India: Uniform and Mike, sending you 4
2024-10-14 17:45:22.526695 India: Echo, sending you 2
chatterbot Kilo submitting transactions
chatterbot Mike submitting transactions
chatterbot Sierra submitting transactions
chatterbot Lima submitting transactions
chatterbot Bravo submitting transactions
chatterbot Echo submitting transactions
chatterbot X-ray submitting transactions
chatterbot India submitting transactions
chatterbot Uniform submitting transactions
chatterbot Juliett submitting transactions
ChatterBot Lima round 8
ChatterBot Sierra round 8
ChatterBot Uniform round 8
ChatterBot Bravo round 8
ChatterBot Juliett round 8
ChatterBot Kilo round 8
ChatterBot Echo round 8
ChatterBot India round 8
ChatterBot X-ray round 8
ChatterBot Mike round 8
2024-10-14 17:45:23.524598 Juliett: We should replace Sierra with Mike
2024-10-14 17:45:23.542961 Bravo: No
2024-10-14 17:45:23.543233 Lima: No
2024-10-14 17:45:23.543434 Kilo: No
2024-10-14 17:45:23.543645 X-ray: No
ChatterBot Juliett reevaluating
ChatterBot Juliett reevaluating
ChatterBot Juliett reevaluating
2024-10-14 17:45:23.637996 Echo: We should drop Juliett
2024-10-14 17:45:23.650338 Mike: Yes
2024-10-14 17:45:23.650484 Sierra: Yes
2024-10-14 17:45:23.650610 Uniform: Yes
2024-10-14 17:45:23.651014 India: Yes
ChatterBot Echo reevaluating
ChatterBot Uniform reevaluating
ChatterBot Echo reevaluating
ChatterBot Echo reevaluating
ChatterBot Uniform reevaluating
ChatterBot Echo reevaluating
2024-10-14 17:45:23.705681 Kilo: Sending you each 3
2024-10-14 17:45:23.706299 Lima: Bravo, Kilo and X-ray, sending you 5
2024-10-14 17:45:23.706848 India: Sierra, sending you 6
2024-10-14 17:45:23.707265 Bravo: Lima, sending you 5
2024-10-14 17:45:23.710182 Lima: Juliett, sending you 4
2024-10-14 17:45:23.711257 India: Uniform and Mike, sending you 3
2024-10-14 17:45:23.712659 Bravo: Juliett and X-ray, sending you 4
2024-10-14 17:45:23.713656 Mike: Sierra, sending you 3
2024-10-14 17:45:23.714675 India: Echo, sending you 2
2024-10-14 17:45:23.716658 Bravo: Kilo, sending you 6
2024-10-14 17:45:23.718674 Mike: Uniform, sending you 4
2024-10-14 17:45:23.719376 X-ray: Same as last round
2024-10-14 17:45:23.721675 Mike: Echo, sending you 8
2024-10-14 17:45:23.722677 Juliett: Lima, Sierra, Bravo, Kilo and X-ray, sending you 4
2024-10-14 17:45:23.723654 Uniform: Sierra and India, sending you 4
2024-10-14 17:45:23.726653 Mike: India, sending you 5
2024-10-14 17:45:23.727117 Uniform: Echo and Mike, sending you 3
chatterbot Sierra submitting transactions
chatterbot Kilo submitting transactions
chatterbot Juliett submitting transactions
chatterbot Lima submitting transactions
chatterbot Mike submitting transactions
chatterbot Echo submitting transactions
chatterbot India submitting transactions
chatterbot X-ray submitting transactions
chatterbot Uniform submitting transactions
chatterbot Bravo submitting transactions
ChatterBot Lima round 9
ChatterBot Sierra round 9
ChatterBot Uniform round 9
ChatterBot Bravo round 9
ChatterBot Juliett round 9
ChatterBot Kilo round 9
ChatterBot Echo round 9
ChatterBot India round 9
ChatterBot X-ray round 9
ChatterBot Mike round 9
2024-10-14 17:45:24.933027 Echo: We should drop Juliett
2024-10-14 17:45:24.961659 Mike: Yes
2024-10-14 17:45:24.961814 Sierra: Yes
2024-10-14 17:45:24.961917 Uniform: Yes
2024-10-14 17:45:24.962017 India: Yes
ChatterBot Echo reevaluating
ChatterBot Echo reevaluating
ChatterBot Echo reevaluating
ChatterBot Echo reevaluating
2024-10-14 17:45:25.041673 Uniform: Sierra and India, sending you 4
2024-10-14 17:45:25.042243 Kilo: Lima and Juliett, sending you 4
2024-10-14 17:45:25.042947 Lima: Bravo, sending you 5
2024-10-14 17:45:25.043594 Bravo: Lima, Juliett and Kilo, sending you 5
2024-10-14 17:45:25.044801 Juliett: Lima, Sierra, Bravo, Kilo and X-ray, sending you 4
2024-10-14 17:45:25.045723 Uniform: Echo and Mike, sending you 3
2024-10-14 17:45:25.047179 Kilo: Bravo, sending you 5
2024-10-14 17:45:25.048069 Lima: Juliett, Kilo and X-ray, sending you 4
2024-10-14 17:45:25.050246 Lima: I was attacked by India
ChatterBot Bravo reevaluating
ChatterBot Juliett reevaluating
ChatterBot Kilo reevaluating
ChatterBot X-ray reevaluating
2024-10-14 17:45:25.074134 Lima: Ow
2024-10-14 17:45:25.075471 India: Sierra, sending you 2
2024-10-14 17:45:25.079897 India: Uniform, Echo and Mike, sending you 1
2024-10-14 17:45:25.080364 India: I was attacked by Kilo
ChatterBot Sierra reevaluating
ChatterBot Uniform reevaluating
ChatterBot Echo reevaluating
ChatterBot Mike reevaluating
ChatterBot X-ray reevaluating
2024-10-14 17:45:25.096993 India: Ow
2024-10-14 17:45:25.098356 Uniform: We should add X-ray
ChatterBot Mike reevaluating
ChatterBot Sierra reevaluating
ChatterBot Echo reevaluating
2024-10-14 17:45:25.118505 Mike: Yes
2024-10-14 17:45:25.118690 Sierra: Yes
2024-10-14 17:45:25.118855 India: Yes
2024-10-14 17:45:25.118990 Echo: Yes
ChatterBot Sierra reevaluating
ChatterBot Uniform reevaluating
ChatterBot Echo reevaluating
ChatterBot Mike reevaluating
ChatterBot Uniform reevaluating
ChatterBot Echo reevaluating
ChatterBot Mike reevaluating
ChatterBot Sierra reevaluating
ChatterBot Uniform reevaluating
ChatterBot Echo reevaluating
ChatterBot Mike reevaluating
ChatterBot Sierra reevaluating
ChatterBot Uniform reevaluating
2024-10-14 17:45:25.189693 Kilo: Lima and Juliett, sending you 5
2024-10-14 17:45:25.194702 Kilo: Bravo, sending you 6
2024-10-14 17:45:25.197667 Kilo: X-ray, sending you 4
2024-10-14 17:45:25.208731 X-ray: Same as last round
chatterbot Lima submitting transactions
chatterbot X-ray submitting transactions
chatterbot Sierra submitting transactions
chatterbot Echo submitting transactions
chatterbot India submitting transactions
chatterbot Juliett submitting transactions
chatterbot Bravo submitting transactions
chatterbot Mike submitting transactions
chatterbot Kilo submitting transactions
chatterbot Uniform submitting transactions
ChatterBot Lima round 10
ChatterBot Sierra round 10
ChatterBot Uniform round 10
ChatterBot Bravo round 10
ChatterBot Juliett round 10
ChatterBot Kilo round 10
