ChatterBot X-ray round 1
ChatterBot Whiskey round 1
ChatterBot November round 1
ChatterBot Uniform round 1
ChatterBot Foxtrot round 1
ChatterBot Tango round 1
ChatterBot Papa round 1
ChatterBot Quebec round 1
ChatterBot India round 1
ChatterBot Charlie round 1
randomSelections Tango: {Tango, Quebec, Charlie} 
2024-10-14 17:45:12.152037 Tango: Group up?
ChatterBot Quebec reevaluating
ChatterBot Charlie reevaluating
2024-10-14 17:45:12.164952 Quebec: Yes
2024-10-14 17:45:12.165224 Charlie: Yes
ChatterBot Charlie reevaluating
ChatterBot Quebec reevaluating
randomSelections Whiskey: {Whiskey, Foxtrot, India, November, Tango, X-ray} 
2024-10-14 17:45:12.188659 Whiskey: We would work well together
ChatterBot Foxtrot reevaluating
ChatterBot India reevaluating
ChatterBot November reevaluating
ChatterBot X-ray reevaluating
2024-10-14 17:45:12.208275 Foxtrot: Yes
2024-10-14 17:45:12.208461 India: Yes
2024-10-14 17:45:12.208598 November: Yes
2024-10-14 17:45:12.208774 Tango: No
2024-10-14 17:45:12.209088 X-ray: Yes
ChatterBot India reevaluating
ChatterBot November reevaluating
ChatterBot X-ray reevaluating
ChatterBot Foxtrot reevaluating
ChatterBot November reevaluating
ChatterBot X-ray reevaluating
ChatterBot Foxtrot reevaluating
ChatterBot India reevaluating
ChatterBot X-ray reevaluating
ChatterBot Foxtrot reevaluating
ChatterBot India reevaluating
ChatterBot November reevaluating
ChatterBot X-ray reevaluating
ChatterBot Foxtrot reevaluating
ChatterBot India reevaluating
ChatterBot November reevaluating
randomSelections Uniform: {Uniform, India, X-ray, Whiskey, November, Papa} 
2024-10-14 17:45:12.280488 Uniform: Let's form a team
ChatterBot India reevaluating
ChatterBot X-ray reevaluating
ChatterBot November reevaluating
ChatterBot Papa reevaluating
2024-10-14 17:45:12.293172 India: No
2024-10-14 17:45:12.293491 X-ray: No
2024-10-14 17:45:12.294193 Whiskey: No
2024-10-14 17:45:12.294454 November: No
2024-10-14 17:45:12.294705 Papa: Yes
ChatterBot X-ray reevaluating
ChatterBot November reevaluating
ChatterBot Papa reevaluating
ChatterBot India reevaluating
ChatterBot November reevaluating
ChatterBot Papa reevaluating
ChatterBot India reevaluating
ChatterBot X-ray reevaluating
ChatterBot November reevaluating
ChatterBot Papa reevaluating
ChatterBot India reevaluating
ChatterBot X-ray reevaluating
ChatterBot Papa reevaluating
ChatterBot India reevaluating
ChatterBot X-ray reevaluating
ChatterBot November reevaluating
2024-10-14 17:45:12.384759 November: X-ray, Tango and India, sending you 4
2024-10-14 17:45:12.385759 Quebec: Sending you each 5
2024-10-14 17:45:12.386835 Uniform: X-ray and India, sending you 5
2024-10-14 17:45:12.393809 November: Whiskey, sending you 1
2024-10-14 17:45:12.394348 India: X-ray and Whiskey, sending you 1
2024-10-14 17:45:12.394765 X-ray: Whiskey and November, sending you 4
2024-10-14 17:45:12.401705 Foxtrot: X-ray, sending you 3
2024-10-14 17:45:12.402284 Uniform: Whiskey, sending you 1
2024-10-14 17:45:12.402811 November: Foxtrot, sending you 2
2024-10-14 17:45:12.403188 India: November, sending you 5
2024-10-14 17:45:12.404985 Whiskey: X-ray, Foxtrot and India, sending you 2
2024-10-14 17:45:12.405480 Foxtrot: Whiskey, sending you 6
2024-10-14 17:45:12.405942 X-ray: Foxtrot, sending you 3
2024-10-14 17:45:12.413538 Uniform: November, sending you 6
2024-10-14 17:45:12.413999 Charlie: Sending you each 2
2024-10-14 17:45:12.414392 Tango: Quebec, sending you 5
2024-10-14 17:45:12.414756 Papa: X-ray, sending you 3
2024-10-14 17:45:12.417315 India: Foxtrot, sending you 3
2024-10-14 17:45:12.417789 Whiskey: November and Tango, sending you 1
2024-10-14 17:45:12.418256 Foxtrot: November, sending you 4
2024-10-14 17:45:12.418675 X-ray: Tango, sending you 6
2024-10-14 17:45:12.426333 Uniform: Papa, sending you 2
2024-10-14 17:45:12.426794 Tango: Charlie, sending you 8
2024-10-14 17:45:12.427167 Papa: Whiskey and India, sending you 1
2024-10-14 17:45:12.427586 Foxtrot: Tango, sending you 2
2024-10-14 17:45:12.430291 India: Tango, sending you 6
2024-10-14 17:45:12.430866 X-ray: India, sending you 2
2024-10-14 17:45:12.431360 Papa: November and Uniform, sending you 2
2024-10-14 17:45:12.434333 Foxtrot: India, sending you 1
chatterbot Charlie submitting transactions
chatterbot Papa submitting transactions
chatterbot Uniform submitting transactions
chatterbot Quebec submitting transactions
chatterbot November submitting transactions
chatterbot X-ray submitting transactions
chatterbot Tango submitting transactions
chatterbot India submitting transactions
chatterbot Whiskey submitting transactions
chatterbot Foxtrot submitting transactions
ChatterBot X-ray round 2
ChatterBot Whiskey round 2
2024-10-14 17:45:13.647231 X-ray: Can we be friends?
ChatterBot Whiskey reevaluating
ChatterBot November reevaluating
ChatterBot Uniform reevaluating
ChatterBot Foxtrot reevaluating
ChatterBot Papa reevaluating
ChatterBot India reevaluating
2024-10-14 17:45:13.718971 Whiskey: Yes
2024-10-14 17:45:13.719160 November: No
2024-10-14 17:45:13.719303 Uniform: No
2024-10-14 17:45:13.719923 Foxtrot: No
2024-10-14 17:45:13.720078 Papa: No
2024-10-14 17:45:13.720187 India: No
ChatterBot November reevaluating
ChatterBot Uniform reevaluating
ChatterBot Foxtrot reevaluating
ChatterBot Papa reevaluating
ChatterBot India reevaluating
ChatterBot Whiskey reevaluating
ChatterBot Uniform reevaluating
ChatterBot Foxtrot reevaluating
ChatterBot Papa reevaluating
ChatterBot India reevaluating
ChatterBot Whiskey reevaluating
ChatterBot November reevaluating
ChatterBot Foxtrot reevaluating
ChatterBot Papa reevaluating
ChatterBot India reevaluating
ChatterBot Whiskey reevaluating
ChatterBot November reevaluating
ChatterBot Uniform reevaluating
ChatterBot Papa reevaluating
ChatterBot India reevaluating
ChatterBot Whiskey reevaluating
ChatterBot November reevaluating
ChatterBot Uniform reevaluating
ChatterBot Foxtrot reevaluating
ChatterBot India reevaluating
ChatterBot Whiskey reevaluating
ChatterBot November reevaluating
ChatterBot Uniform reevaluating
ChatterBot Foxtrot reevaluating
ChatterBot Papa reevaluating
ChatterBot November round 2
ChatterBot Uniform round 2
ChatterBot Foxtrot round 2
ChatterBot Tango round 2
ChatterBot Papa round 2
ChatterBot Quebec round 2
ChatterBot India round 2
ChatterBot Charlie round 2
2024-10-14 17:45:14.076039 Foxtrot: We should replace Tango with Uniform
ChatterBot Whiskey reevaluating
ChatterBot India reevaluating
2024-10-14 17:45:14.090890 Whiskey: Yes
2024-10-14 17:45:14.091442 X-ray: Yes
2024-10-14 17:45:14.091572 November: Yes
2024-10-14 17:45:14.091692 India: Yes
ChatterBot India reevaluating
ChatterBot Whiskey reevaluating
ChatterBot India reevaluating
ChatterBot Whiskey reevaluating
ChatterBot India reevaluating
ChatterBot Whiskey reevaluating
2024-10-14 17:45:14.165315 Foxtrot: Uniform we want you to join our group
ChatterBot Uniform reevaluating
2024-10-14 17:45:14.169498 Uniform: No
ChatterBot Whiskey reevaluating
ChatterBot India reevaluating
2024-10-14 17:45:14.187501 Uniform: We should replace India with Foxtrot
ChatterBot Whiskey reevaluating
ChatterBot Papa reevaluating
2024-10-14 17:45:14.201654 X-ray: No
2024-10-14 17:45:14.201876 Whiskey: No
2024-10-14 17:45:14.202007 November: No
2024-10-14 17:45:14.202121 Papa: Yes
ChatterBot Uniform reevaluating
ChatterBot Whiskey reevaluating
ChatterBot Papa reevaluating
ChatterBot Uniform reevaluating
ChatterBot Papa reevaluating
ChatterBot Uniform reevaluating
ChatterBot Whiskey reevaluating
ChatterBot Papa reevaluating
ChatterBot Uniform reevaluating
ChatterBot Whiskey reevaluating
2024-10-14 17:45:14.263037 X-ray: Whiskey, Foxtrot and Papa, sending you 3
2024-10-14 17:45:14.566695 X-ray: November and Uniform, sending you 4
2024-10-14 17:45:14.568719 November: X-ray, Uniform, Foxtrot and Papa, sending you 3
chatterbot X-ray submitting transactions
2024-10-14 17:45:14.573661 X-ray: India, sending you 2
2024-10-14 17:45:14.828455 November: Whiskey, sending you 2
2024-10-14 17:45:14.829318 Foxtrot: X-ray and India, sending you 4
2024-10-14 17:45:14.829668 Quebec: Sending you each 6
2024-10-14 17:45:14.830040 Papa: Foxtrot we want you to join our group
2024-10-14 17:45:14.836278 Foxtrot: No
ChatterBot Papa reevaluating
ChatterBot Uniform reevaluating
2024-10-14 17:45:14.865295 Charlie: Same as last round
2024-10-14 17:45:14.865605 Tango: Quebec, sending you 7
2024-10-14 17:45:14.866277 India: X-ray and Whiskey, sending you 3
chatterbot Quebec submitting transactions
chatterbot November submitting transactions
chatterbot Tango submitting transactions
2024-10-14 17:45:14.867180 Foxtrot: Whiskey and November, sending you 3
2024-10-14 17:45:14.867969 November: India, sending you 4
2024-10-14 17:45:14.984982 Tango: Charlie, sending you 6
2024-10-14 17:45:14.985537 India: November and Uniform, sending you 4
2024-10-14 17:45:14.985953 Whiskey: X-ray, sending you 2
2024-10-14 17:45:14.986328 Foxtrot: Uniform, sending you 2
2024-10-14 17:45:15.093815 India: Foxtrot, sending you 2
2024-10-14 17:45:15.095082 Whiskey: November, Uniform and Papa, sending you 1
chatterbot Charlie submitting transactions
2024-10-14 17:45:15.125642 Whiskey: Foxtrot, sending you 3
2024-10-14 17:45:15.126762 India: Papa, sending you 1
2024-10-14 17:45:15.127282 Uniform: X-ray, Whiskey, November and Foxtrot, sending you 3
2024-10-14 17:45:15.173137 Uniform: Papa, sending you 5
2024-10-14 17:45:15.174566 Papa: X-ray, Whiskey, November and Foxtrot, sending you 1
chatterbot Whiskey submitting transactions
2024-10-14 17:45:15.185631 Uniform: India, sending you 2
2024-10-14 17:45:15.187787 Papa: Uniform, sending you 4
chatterbot Papa submitting transactions
chatterbot Uniform submitting transactions
chatterbot India submitting transactions
chatterbot Papa submitting transactions
chatterbot Foxtrot submitting transactions
ChatterBot X-ray round 3
ChatterBot Whiskey round 3
ChatterBot November round 3
ChatterBot Uniform round 3
ChatterBot Foxtrot round 3
ChatterBot Tango round 3
ChatterBot Papa round 3
ChatterBot Quebec round 3
ChatterBot India round 3
ChatterBot Charlie round 3
2024-10-14 17:45:15.873215 Foxtrot: X-ray, Whiskey, November and India, sending you 3
2024-10-14 17:45:15.874330 Quebec: Same as last round
2024-10-14 17:45:15.874652 Uniform: X-ray, Whiskey, November, Foxtrot and India, sending you 3
2024-10-14 17:45:15.875209 Papa: X-ray and November, sending you 2
2024-10-14 17:45:15.876156 November: X-ray and India, sending you 4
2024-10-14 17:45:15.876623 Whiskey: X-ray and Foxtrot, sending you 2
2024-10-14 17:45:15.877527 India: X-ray, Uniform and Foxtrot, sending you 3
2024-10-14 17:45:15.877989 Charlie: Same as last round
2024-10-14 17:45:15.878255 Tango: Quebec, sending you 7
2024-10-14 17:45:15.878970 X-ray: Whiskey, Uniform, Foxtrot, Papa and India, sending you 3
2024-10-14 17:45:15.879567 Foxtrot: Uniform and Papa, sending you 2
2024-10-14 17:45:15.880529 Uniform: Papa, sending you 4
2024-10-14 17:45:15.880996 November: Whiskey and Papa, sending you 2
2024-10-14 17:45:15.881979 Papa: Whiskey and Foxtrot, sending you 1
2024-10-14 17:45:15.882333 India: Whiskey and Papa, sending you 2
2024-10-14 17:45:15.882824 Whiskey: November, Uniform, Papa and India, sending you 1
2024-10-14 17:45:15.883812 Tango: Charlie, sending you 6
2024-10-14 17:45:15.884121 X-ray: November, sending you 4
2024-10-14 17:45:15.893627 November: Uniform and Foxtrot, sending you 3
2024-10-14 17:45:15.894600 Papa: Uniform, sending you 3
2024-10-14 17:45:15.895054 India: November, sending you 4
chatterbot Uniform submitting transactions
chatterbot Papa submitting transactions
chatterbot X-ray submitting transactions
chatterbot India submitting transactions
chatterbot Whiskey submitting transactions
chatterbot Tango submitting transactions
chatterbot Foxtrot submitting transactions
chatterbot Uniform submitting transactions
chatterbot Charlie submitting transactions
chatterbot Quebec submitting transactions
chatterbot November submitting transactions
ChatterBot X-ray round 4
ChatterBot Whiskey round 4
ChatterBot November round 4
ChatterBot Uniform round 4
ChatterBot Foxtrot round 4
ChatterBot Tango round 4
ChatterBot Papa round 4
ChatterBot Quebec round 4
ChatterBot India round 4
ChatterBot Charlie round 4
2024-10-14 17:45:17.113726 Uniform: X-ray, Whiskey, November, Foxtrot and India, sending you 3
2024-10-14 17:45:17.115166 Foxtrot: X-ray, Whiskey, November and India, sending you 3
2024-10-14 17:45:17.116788 Charlie: Same as last round
2024-10-14 17:45:17.117110 India: X-ray, Uniform and Foxtrot, sending you 3
2024-10-14 17:45:17.117689 X-ray: Whiskey, Uniform, Foxtrot, Papa and India, sending you 3
2024-10-14 17:45:17.119013 Uniform: Papa, sending you 4
2024-10-14 17:45:17.119576 November: X-ray and India, sending you 4
2024-10-14 17:45:17.120036 Foxtrot: Uniform and Papa, sending you 2
2024-10-14 17:45:17.120376 India: Whiskey and Papa, sending you 2
2024-10-14 17:45:17.121314 Whiskey: X-ray and Foxtrot, sending you 2
2024-10-14 17:45:17.123077 Tango: Quebec, sending you 7
2024-10-14 17:45:17.123370 X-ray: November, sending you 4
2024-10-14 17:45:17.123944 Papa: X-ray and November, sending you 2
2024-10-14 17:45:17.124669 November: Whiskey, sending you 2
2024-10-14 17:45:17.125591 India: November, sending you 4
2024-10-14 17:45:17.126732 Whiskey: November, Uniform, Papa and India, sending you 1
2024-10-14 17:45:17.127867 Tango: Charlie, sending you 6
2024-10-14 17:45:17.128148 Papa: Whiskey and Foxtrot, sending you 1
2024-10-14 17:45:17.129018 Quebec: Same as last round
2024-10-14 17:45:17.129664 November: Uniform, Foxtrot and Papa, sending you 3
2024-10-14 17:45:17.131073 Papa: Uniform, sending you 3
chatterbot X-ray submitting transactions
chatterbot India submitting transactions
chatterbot Uniform submitting transactions
chatterbot November submitting transactions
chatterbot Foxtrot submitting transactions
chatterbot Charlie submitting transactions
chatterbot Tango submitting transactions
chatterbot Whiskey submitting transactions
chatterbot Quebec submitting transactions
chatterbot Papa submitting transactions
ChatterBot X-ray round 5
ChatterBot Whiskey round 5
ChatterBot November round 5
ChatterBot Uniform round 5
ChatterBot Foxtrot round 5
ChatterBot Tango round 5
ChatterBot Papa round 5
ChatterBot Quebec round 5
ChatterBot India round 5
ChatterBot Charlie round 5
2024-10-14 17:45:18.397697 November: X-ray and India, sending you 4
2024-10-14 17:45:18.399951 Whiskey: X-ray and Foxtrot, sending you 2
2024-10-14 17:45:18.401794 X-ray: Whiskey, Uniform, Foxtrot, Papa and India, sending you 3
2024-10-14 17:45:18.403895 Papa: X-ray, November, Uniform and Foxtrot, sending you 2
2024-10-14 17:45:18.404818 Uniform: X-ray, Whiskey, November, Foxtrot and India, sending you 3
2024-10-14 17:45:18.405855 November: Whiskey, sending you 2
2024-10-14 17:45:18.407096 Whiskey: November, Uniform, Papa and India, sending you 1
2024-10-14 17:45:18.408019 X-ray: November, sending you 4
2024-10-14 17:45:18.408896 Tango: Quebec, sending you 7
2024-10-14 17:45:18.409624 Charlie: Same as last round
2024-10-14 17:45:18.410202 Quebec: Tango, sending you 5
2024-10-14 17:45:18.410773 Papa: Whiskey, sending you 1
2024-10-14 17:45:18.411319 November: Uniform, Foxtrot and Papa, sending you 3
2024-10-14 17:45:18.411977 Uniform: Papa, sending you 4
2024-10-14 17:45:18.412466 Foxtrot: X-ray, Whiskey, November, Uniform and India, sending you 3
2024-10-14 17:45:18.412961 Tango: Charlie, sending you 6
2024-10-14 17:45:18.414667 Quebec: Charlie, sending you 6
2024-10-14 17:45:18.415022 India: X-ray, Uniform and Foxtrot, sending you 3
2024-10-14 17:45:18.415707 Foxtrot: Papa, sending you 1
2024-10-14 17:45:18.421240 India: Whiskey and Papa, sending you 2
2024-10-14 17:45:18.424688 India: November, sending you 4
chatterbot Charlie submitting transactions
chatterbot Foxtrot submitting transactions
chatterbot Whiskey submitting transactions
chatterbot Tango submitting transactions
chatterbot Uniform submitting transactions
chatterbot November submitting transactions
chatterbot X-ray submitting transactions
chatterbot India submitting transactions
chatterbot Quebec submitting transactions
chatterbot Papa submitting transactions
ChatterBot X-ray round 6
ChatterBot Whiskey round 6
ChatterBot November round 6
ChatterBot Uniform round 6
ChatterBot Foxtrot round 6
ChatterBot Tango round 6
ChatterBot Papa round 6
ChatterBot Quebec round 6
ChatterBot India round 6
ChatterBot Charlie round 6
2024-10-14 17:45:19.595702 Uniform: X-ray, Whiskey, November, Foxtrot and India, sending you 3
2024-10-14 17:45:19.597295 X-ray: Whiskey, Uniform, Foxtrot, Papa and India, sending you 3
2024-10-14 17:45:19.598058 Whiskey: X-ray and Foxtrot, sending you 2
2024-10-14 17:45:19.599659 Uniform: Papa, sending you 4
2024-10-14 17:45:19.601684 X-ray: November, sending you 4
2024-10-14 17:45:19.603056 Whiskey: November, Uniform, Papa and India, sending you 1
2024-10-14 17:45:19.608666 Quebec: Tango, sending you 5
2024-10-14 17:45:19.609695 India: X-ray, Uniform and Foxtrot, sending you 3
2024-10-14 17:45:19.610697 November: X-ray and India, sending you 4
2024-10-14 17:45:19.612698 India: Whiskey and Papa, sending you 2
2024-10-14 17:45:19.614272 Charlie: Same as last round
2024-10-14 17:45:19.614556 Quebec: Charlie, sending you 6
2024-10-14 17:45:19.614843 Tango: Quebec, sending you 7
2024-10-14 17:45:19.616803 November: Whiskey, sending you 2
2024-10-14 17:45:19.617365 Foxtrot: X-ray, Whiskey, November, Uniform and India, sending you 3
2024-10-14 17:45:19.617963 India: November, sending you 4
2024-10-14 17:45:19.618663 Papa: X-ray, November, Uniform and Foxtrot, sending you 2
2024-10-14 17:45:19.619676 Tango: Charlie, sending you 6
2024-10-14 17:45:19.620676 Foxtrot: Papa, sending you 1
2024-10-14 17:45:19.621973 November: Uniform, Foxtrot and Papa, sending you 3
2024-10-14 17:45:19.622683 Papa: Whiskey, sending you 1
chatterbot November submitting transactions
chatterbot Charlie submitting transactions
chatterbot Whiskey submitting transactions
chatterbot Tango submitting transactions
chatterbot Uniform submitting transactions
chatterbot Quebec submitting transactions
chatterbot X-ray submitting transactions
chatterbot Foxtrot submitting transactions
chatterbot Papa submitting transactions
chatterbot India submitting transactions
ChatterBot X-ray round 7
ChatterBot Whiskey round 7
ChatterBot November round 7
ChatterBot Uniform round 7
ChatterBot Foxtrot round 7
ChatterBot Tango round 7
ChatterBot Papa round 7
ChatterBot Quebec round 7
ChatterBot India round 7
ChatterBot Charlie round 7
2024-10-14 17:45:20.725715 November: X-ray and India, sending you 4
2024-10-14 17:45:20.726688 Whiskey: X-ray and Foxtrot, sending you 2
2024-10-14 17:45:20.728393 Foxtrot: X-ray, Whiskey, November, Uniform and India, sending you 3
2024-10-14 17:45:20.729294 X-ray: Whiskey, Uniform, Foxtrot, Papa and India, sending you 3
2024-10-14 17:45:20.730173 Uniform: X-ray, Whiskey, Foxtrot, Papa and India, sending you 3
2024-10-14 17:45:20.731843 November: Whiskey, sending you 2
2024-10-14 17:45:20.732372 Whiskey: November, Uniform, Papa and India, sending you 1
2024-10-14 17:45:20.732998 X-ray: November, sending you 4
2024-10-14 17:45:20.734181 Foxtrot: Papa, sending you 1
2024-10-14 17:45:20.735679 Uniform: November, sending you 4
2024-10-14 17:45:20.736339 November: Uniform, Foxtrot and Papa, sending you 3
2024-10-14 17:45:20.737014 Quebec: Tango, sending you 5
2024-10-14 17:45:20.738709 Papa: X-ray and November, sending you 2
2024-10-14 17:45:20.741748 Quebec: Charlie, sending you 6
2024-10-14 17:45:20.743726 Papa: Whiskey and Foxtrot, sending you 1
2024-10-14 17:45:20.744714 India: X-ray, Uniform and Foxtrot, sending you 3
2024-10-14 17:45:20.746324 Tango: Quebec, sending you 7
2024-10-14 17:45:20.747058 Papa: Uniform, sending you 3
2024-10-14 17:45:20.748757 India: Whiskey and Papa, sending you 2
2024-10-14 17:45:20.751670 Tango: Charlie, sending you 6
2024-10-14 17:45:20.751967 Charlie: Same as last round
2024-10-14 17:45:20.754705 India: November, sending you 4
chatterbot Foxtrot submitting transactions
chatterbot November submitting transactions
chatterbot Whiskey submitting transactions
chatterbot Uniform submitting transactions
chatterbot X-ray submitting transactions
chatterbot Papa submitting transactions
chatterbot Tango submitting transactions
chatterbot India submitting transactions
chatterbot Charlie submitting transactions
chatterbot Quebec submitting transactions
ChatterBot X-ray round 8
ChatterBot Whiskey round 8
ChatterBot November round 8
ChatterBot Uniform round 8
ChatterBot Foxtrot round 8
ChatterBot Tango round 8
ChatterBot Papa round 8
ChatterBot Quebec round 8
ChatterBot India round 8
ChatterBot Charlie round 8
2024-10-14 17:45:21.914303 X-ray: Whiskey, Uniform, Foxtrot, Papa and India, sending you 3
2024-10-14 17:45:21.915097 Whiskey: X-ray and Foxtrot, sending you 2
2024-10-14 17:45:21.918685 Charlie: Same as last round
2024-10-14 17:45:21.919113 Uniform: X-ray, Whiskey, November, Foxtrot and India, sending you 3
2024-10-14 17:45:21.920094 X-ray: November, sending you 4
2024-10-14 17:45:21.921362 Whiskey: November, Uniform, Papa and India, sending you 1
2024-10-14 17:45:21.923671 Foxtrot: X-ray, Whiskey, November, Uniform and India, sending you 3
2024-10-14 17:45:21.924956 Uniform: Papa, sending you 4
2024-10-14 17:45:21.925689 Tango: Quebec, sending you 7
2024-10-14 17:45:21.927694 India: X-ray, Uniform and Foxtrot, sending you 3
2024-10-14 17:45:21.929622 Foxtrot: Papa, sending you 1
2024-10-14 17:45:21.930542 Quebec: Tango, sending you 5
2024-10-14 17:45:21.930950 November: X-ray and India, sending you 4
2024-10-14 17:45:21.931856 Tango: Charlie, sending you 6
2024-10-14 17:45:21.932170 Papa: X-ray, November and Uniform, sending you 2
2024-10-14 17:45:21.933396 India: Whiskey and Papa, sending you 2
2024-10-14 17:45:21.934655 Quebec: Charlie, sending you 6
2024-10-14 17:45:21.934874 November: Whiskey, sending you 2
2024-10-14 17:45:21.937671 Papa: Whiskey, Foxtrot and India, sending you 1
2024-10-14 17:45:21.938402 November: Uniform, Foxtrot and Papa, sending you 3
2024-10-14 17:45:21.939142 India: November, sending you 4
chatterbot Uniform submitting transactions
chatterbot Whiskey submitting transactions
chatterbot Charlie submitting transactions
chatterbot Tango submitting transactions
chatterbot X-ray submitting transactions
chatterbot Papa submitting transactions
chatterbot Quebec submitting transactions
chatterbot November submitting transactions
chatterbot India submitting transactions
chatterbot Foxtrot submitting transactions
ChatterBot X-ray round 9
ChatterBot Whiskey round 9
ChatterBot November round 9
ChatterBot Uniform round 9
ChatterBot Foxtrot round 9
ChatterBot Tango round 9
ChatterBot Papa round 9
ChatterBot Quebec round 9
ChatterBot India round 9
ChatterBot Charlie round 9
2024-10-14 17:45:23.174887 Papa: We should drop India
2024-10-14 17:45:23.185114 X-ray: No
2024-10-14 17:45:23.185272 Whiskey: No
2024-10-14 17:45:23.185395 November: No
2024-10-14 17:45:23.185510 Uniform: No
2024-10-14 17:45:23.185633 Foxtrot: No
ChatterBot Papa reevaluating
ChatterBot Papa reevaluating
ChatterBot Papa reevaluating
ChatterBot Papa reevaluating
ChatterBot Papa reevaluating
2024-10-14 17:45:23.259705 Foxtrot: X-ray, Whiskey, November, Uniform and India, sending you 3
2024-10-14 17:45:23.261341 Uniform: X-ray, Whiskey, Foxtrot, Papa and India, sending you 3
2024-10-14 17:45:23.262110 X-ray: Whiskey, Uniform, Foxtrot, Papa and India, sending you 3
2024-10-14 17:45:23.262768 Whiskey: X-ray, Uniform and Foxtrot, sending you 2
2024-10-14 17:45:23.263368 Tango: Quebec, sending you 7
2024-10-14 17:45:23.264007 November: X-ray and India, sending you 4
2024-10-14 17:45:23.264640 Foxtrot: Papa, sending you 1
2024-10-14 17:45:23.265692 X-ray: November, sending you 4
2024-10-14 17:45:23.266714 Uniform: November, sending you 4
2024-10-14 17:45:23.267815 Whiskey: November and India, sending you 1
2024-10-14 17:45:23.268396 November: Whiskey, sending you 2
2024-10-14 17:45:23.268924 Tango: Charlie, sending you 6
2024-10-14 17:45:23.269683 Charlie: Same as last round
2024-10-14 17:45:23.270005 Quebec: Tango, sending you 5
2024-10-14 17:45:23.272647 Quebec: Charlie, sending you 6
2024-10-14 17:45:23.273710 November: Uniform, Foxtrot and Papa, sending you 3
2024-10-14 17:45:23.276704 Papa: X-ray, November and Uniform, sending you 2
2024-10-14 17:45:23.277769 India: X-ray, Uniform and Foxtrot, sending you 3
2024-10-14 17:45:23.281682 Papa: Whiskey, Foxtrot and India, sending you 1
2024-10-14 17:45:23.282916 India: Whiskey and Papa, sending you 2
2024-10-14 17:45:23.286650 India: November, sending you 4
chatterbot India submitting transactions
chatterbot Papa submitting transactions
chatterbot Whiskey submitting transactions
chatterbot Foxtrot submitting transactions
chatterbot Tango submitting transactions
chatterbot Charlie submitting transactions
chatterbot Uniform submitting transactions
chatterbot Quebec submitting transactions
chatterbot X-ray submitting transactions
chatterbot November submitting transactions
ChatterBot X-ray round 10
ChatterBot Whiskey round 10
ChatterBot November round 10
ChatterBot Uniform round 10
ChatterBot Foxtrot round 10
ChatterBot Tango round 10
ChatterBot Papa round 10
ChatterBot Quebec round 10
ChatterBot India round 10
ChatterBot Charlie round 10
2024-10-14 17:45:24.392689 X-ray: Whiskey, Uniform, Foxtrot, Papa and India, sending you 3
2024-10-14 17:45:24.398672 X-ray: November, sending you 4
2024-10-14 17:45:24.400656 Whiskey: X-ray, Uniform and Foxtrot, sending you 2
2024-10-14 17:45:24.401859 Papa: X-ray, November and Uniform, sending you 2
2024-10-14 17:45:24.403429 Quebec: Tango, sending you 5
2024-10-14 17:45:24.406716 Whiskey: November and India, sending you 1
2024-10-14 17:45:24.408716 Foxtrot: X-ray, Whiskey, November, Uniform and India, sending you 3
2024-10-14 17:45:24.410477 Uniform: X-ray, Whiskey, Foxtrot, Papa and India, sending you 3
2024-10-14 17:45:24.413390 Papa: Whiskey, Foxtrot and India, sending you 1
2024-10-14 17:45:24.415304 Quebec: Charlie, sending you 6
2024-10-14 17:45:24.416133 Tango: Quebec, sending you 7
2024-10-14 17:45:24.417853 November: X-ray and India, sending you 4
2024-10-14 17:45:24.419169 India: X-ray, Uniform and Foxtrot, sending you 3
2024-10-14 17:45:24.421438 Foxtrot: Papa, sending you 1
2024-10-14 17:45:24.423881 Uniform: November, sending you 4
2024-10-14 17:45:24.425309 Tango: Charlie, sending you 6
2024-10-14 17:45:24.426907 November: Whiskey, sending you 2
2024-10-14 17:45:24.428779 India: Whiskey and Papa, sending you 2
2024-10-14 17:45:24.431554 Charlie: Same as last round
2024-10-14 17:45:24.433318 November: Uniform, Foxtrot and Papa, sending you 3
2024-10-14 17:45:24.435713 India: November, sending you 4
chatterbot Foxtrot submitting transactions
chatterbot Papa submitting transactions
chatterbot Charlie submitting transactions
chatterbot Tango submitting transactions
chatterbot November submitting transactions
chatterbot Uniform submitting transactions
chatterbot India submitting transactions
chatterbot Quebec submitting transactions
chatterbot Whiskey submitting transactions
chatterbot X-ray submitting transactions
ChatterBot X-ray round 11
ChatterBot Whiskey round 11
ChatterBot November round 11
ChatterBot Uniform round 11
ChatterBot Foxtrot round 11
ChatterBot Tango round 11
ChatterBot Papa round 11
ChatterBot Quebec round 11
ChatterBot India round 11
ChatterBot Charlie round 11
2024-10-14 17:45:25.638799 Papa: We should drop Foxtrot
2024-10-14 17:45:25.650069 Uniform: No
2024-10-14 17:45:25.650236 India: No
2024-10-14 17:45:25.650358 X-ray: No
2024-10-14 17:45:25.650473 Whiskey: No
2024-10-14 17:45:25.650589 November: No
ChatterBot Papa reevaluating
ChatterBot Papa reevaluating
ChatterBot Papa reevaluating
ChatterBot Papa reevaluating
ChatterBot Papa reevaluating
2024-10-14 17:45:25.699669 November: X-ray and India, sending you 4
2024-10-14 17:45:25.700437 Uniform: X-ray, Whiskey, Foxtrot, Papa and India, sending you 3
2024-10-14 17:45:25.701094 X-ray: Whiskey, Uniform, Foxtrot, Papa and India, sending you 3
2024-10-14 17:45:25.701667 Tango: Quebec, sending you 7
2024-10-14 17:45:25.702230 Papa: We should drop Whiskey
2024-10-14 17:45:25.710194 X-ray: No
2024-10-14 17:45:25.710307 November: No
2024-10-14 17:45:25.710409 Uniform: No
2024-10-14 17:45:25.710502 Foxtrot: No
2024-10-14 17:45:25.710599 India: No
ChatterBot Papa reevaluating
ChatterBot Foxtrot reevaluating
ChatterBot Papa reevaluating
ChatterBot Foxtrot reevaluating
ChatterBot Papa reevaluating
ChatterBot Foxtrot reevaluating
ChatterBot Papa reevaluating
ChatterBot India reevaluating
ChatterBot Papa reevaluating
ChatterBot Foxtrot reevaluating
2024-10-14 17:45:25.756293 Whiskey: X-ray, Uniform and Foxtrot, sending you 2
2024-10-14 17:45:25.757096 November: Whiskey, sending you 2
2024-10-14 17:45:25.757743 Uniform: November, sending you 4
2024-10-14 17:45:25.758365 X-ray: November, sending you 4
2024-10-14 17:45:25.759332 Tango: Charlie, sending you 6
2024-10-14 17:45:25.759777 India: We should drop Papa
ChatterBot Foxtrot reevaluating
2024-10-14 17:45:25.768792 Foxtrot: Yes
2024-10-14 17:45:25.768933 X-ray: No
2024-10-14 17:45:25.769044 Whiskey: No
2024-10-14 17:45:25.769148 November: No
2024-10-14 17:45:25.769242 Uniform: No
ChatterBot Whiskey reevaluating
ChatterBot India reevaluating
ChatterBot Foxtrot reevaluating
ChatterBot Whiskey reevaluating
ChatterBot India reevaluating
ChatterBot Foxtrot reevaluating
ChatterBot India reevaluating
ChatterBot Foxtrot reevaluating
ChatterBot Whiskey reevaluating
ChatterBot India reevaluating
ChatterBot Foxtrot reevaluating
ChatterBot Whiskey reevaluating
ChatterBot India reevaluating
2024-10-14 17:45:25.822111 November: Uniform, Foxtrot and Papa, sending you 3
2024-10-14 17:45:25.823186 Charlie: Same as last round
2024-10-14 17:45:25.823453 Quebec: Tango, sending you 4
2024-10-14 17:45:25.827680 Quebec: Charlie, sending you 6
2024-10-14 17:45:25.831692 Papa: X-ray, November and Uniform, sending you 2
2024-10-14 17:45:25.837665 Papa: Whiskey, Foxtrot and India, sending you 1
2024-10-14 17:45:25.851 India: X-ray, Uniform and Foxtrot, sending you 3
2024-10-14 17:45:25.856647 India: Whiskey and Papa, sending you 2
2024-10-14 17:45:25.862657 India: November, sending you 4
chatterbot Quebec submitting transactions
chatterbot Charlie submitting transactions
chatterbot Papa submitting transactions
chatterbot Tango submitting transactions
chatterbot India submitting transactions
chatterbot November submitting transactions
chatterbot X-ray submitting transactions
chatterbot Foxtrot submitting transactions
chatterbot Whiskey submitting transactions
chatterbot Uniform submitting transactions
ChatterBot X-ray round 12
ChatterBot Whiskey round 12
ChatterBot November round 12
ChatterBot Uniform round 12
ChatterBot Foxtrot round 12
ChatterBot Tango round 12
ChatterBot Papa round 12
ChatterBot Quebec round 12
ChatterBot India round 12
ChatterBot Charlie round 12
2024-10-14 17:45:26.862666 X-ray: Whiskey, Uniform, Foxtrot, Papa and India, sending you 3
2024-10-14 17:45:26.867661 X-ray: November, sending you 4
2024-10-14 17:45:26.868730 Uniform: X-ray, Whiskey, Foxtrot, Papa and India, sending you 3
2024-10-14 17:45:26.871682 Whiskey: X-ray, Uniform and Foxtrot, sending you 2
2024-10-14 17:45:26.873336 Uniform: November, sending you 4
2024-10-14 17:45:26.874874 Papa: X-ray, November and Uniform, sending you 2
2024-10-14 17:45:26.876417 Tango: Quebec, sending you 7
2024-10-14 17:45:26.876922 India: X-ray, Uniform and Foxtrot, sending you 3
2024-10-14 17:45:26.878863 Whiskey: November and India, sending you 1
2024-10-14 17:45:26.880294 Charlie: Same as last round
2024-10-14 17:45:26.880769 November: X-ray and India, sending you 4
2024-10-14 17:45:26.882553 Papa: Whiskey, Foxtrot and India, sending you 1
2024-10-14 17:45:26.883491 Tango: Charlie, sending you 6
2024-10-14 17:45:26.883805 India: Whiskey and Papa, sending you 2
2024-10-14 17:45:26.884520 Quebec: Tango, sending you 4
2024-10-14 17:45:26.886129 November: Whiskey, sending you 2
2024-10-14 17:45:26.887690 India: November, sending you 4
2024-10-14 17:45:26.888670 Quebec: Charlie, sending you 6
2024-10-14 17:45:26.891676 November: Uniform, Foxtrot and Papa, sending you 3
chatterbot Quebec submitting transactions
chatterbot Foxtrot submitting transactions
chatterbot Whiskey submitting transactions
chatterbot X-ray submitting transactions
chatterbot November submitting transactions
chatterbot Papa submitting transactions
chatterbot Tango submitting transactions
chatterbot Uniform submitting transactions
chatterbot Charlie submitting transactions
chatterbot India submitting transactions
ChatterBot X-ray round 13
ChatterBot Whiskey round 13
ChatterBot November round 13
ChatterBot Uniform round 13
ChatterBot Foxtrot round 13
ChatterBot Tango round 13
ChatterBot Papa round 13
ChatterBot Quebec round 13
ChatterBot India round 13
ChatterBot Charlie round 13
2024-10-14 17:45:28.133647 November: X-ray and India, sending you 4
2024-10-14 17:45:28.134879 Uniform: X-ray, Whiskey, Foxtrot, Papa and India, sending you 3
2024-10-14 17:45:28.138671 November: Whiskey, sending you 2
2024-10-14 17:45:28.139729 Uniform: November, sending you 4
2024-10-14 17:45:28.141752 Tango: Quebec, sending you 7
2024-10-14 17:45:28.142194 X-ray: Whiskey, Uniform, Foxtrot, Papa and India, sending you 3
2024-10-14 17:45:28.143232 Whiskey: X-ray, Uniform and Foxtrot, sending you 2
2024-10-14 17:45:28.144774 India: X-ray, Uniform and Foxtrot, sending you 3
2024-10-14 17:45:28.145816 November: Uniform, Foxtrot and Papa, sending you 3
2024-10-14 17:45:28.146682 Papa: X-ray, November and Uniform, sending you 2
2024-10-14 17:45:28.148059 Tango: Charlie, sending you 6
2024-10-14 17:45:28.148372 X-ray: November, sending you 4
2024-10-14 17:45:28.149211 Quebec: Tango, sending you 4
2024-10-14 17:45:28.149503 Charlie: Same as last round
2024-10-14 17:45:28.149818 Whiskey: November and India, sending you 1
2024-10-14 17:45:28.151065 India: Whiskey and Papa, sending you 2
2024-10-14 17:45:28.151887 Papa: Whiskey, Foxtrot and India, sending you 1
2024-10-14 17:45:28.153658 Quebec: Charlie, sending you 6
2024-10-14 17:45:28.155663 India: November, sending you 4
chatterbot Whiskey submitting transactions
chatterbot Foxtrot submitting transactions
chatterbot Uniform submitting transactions
chatterbot India submitting transactions
chatterbot Charlie submitting transactions
chatterbot November submitting transactions
chatterbot Papa submitting transactions
chatterbot X-ray submitting transactions
chatterbot Quebec submitting transactions
chatterbot Tango submitting transactions
ChatterBot X-ray round 14
ChatterBot Whiskey round 14
ChatterBot November round 14
ChatterBot Uniform round 14
ChatterBot Foxtrot round 14
ChatterBot Tango round 14
ChatterBot Papa round 14
ChatterBot Quebec round 14
ChatterBot India round 14
ChatterBot Charlie round 14
2024-10-14 17:45:29.412686 Whiskey: X-ray, Uniform and Foxtrot, sending you 2
2024-10-14 17:45:29.414336 November: X-ray and India, sending you 4
2024-10-14 17:45:29.415479 Uniform: X-ray, Whiskey, Foxtrot, Papa and India, sending you 3
2024-10-14 17:45:29.417687 Whiskey: November and India, sending you 1
2024-10-14 17:45:29.419593 November: Whiskey, sending you 2
2024-10-14 17:45:29.420439 Tango: Quebec, sending you 7
2024-10-14 17:45:29.420906 Uniform: November, sending you 4
2024-10-14 17:45:29.423232 X-ray: Whiskey, Uniform, Foxtrot, Papa and India, sending you 3
2024-10-14 17:45:29.424733 Papa: X-ray, November and Uniform, sending you 2
2024-10-14 17:45:29.427400 Quebec: Tango, sending you 4
2024-10-14 17:45:29.428120 November: Uniform, Foxtrot and Papa, sending you 3
2024-10-14 17:45:29.429738 Tango: Charlie, sending you 6
2024-10-14 17:45:29.431056 Papa: Whiskey, Foxtrot and India, sending you 1
2024-10-14 17:45:29.432814 X-ray: November, sending you 4
2024-10-14 17:45:29.434860 Quebec: Charlie, sending you 6
2024-10-14 17:45:29.435503 Charlie: Same as last round
2024-10-14 17:45:29.436154 India: X-ray, Uniform and Foxtrot, sending you 3
2024-10-14 17:45:29.440662 India: Whiskey and Papa, sending you 2
2024-10-14 17:45:29.444745 India: November, sending you 4
chatterbot November submitting transactions
chatterbot Quebec submitting transactions
chatterbot India submitting transactions
chatterbot Tango submitting transactions
chatterbot Uniform submitting transactions
chatterbot Charlie submitting transactions
chatterbot X-ray submitting transactions
chatterbot Foxtrot submitting transactions
chatterbot Papa submitting transactions
chatterbot Whiskey submitting transactions
ChatterBot X-ray round 15
ChatterBot Whiskey round 15
ChatterBot November round 15
ChatterBot Uniform round 15
ChatterBot Foxtrot round 15
ChatterBot Tango round 15
ChatterBot Papa round 15
ChatterBot Quebec round 15
ChatterBot India round 15
ChatterBot Charlie round 15
2024-10-14 17:45:30.566996 X-ray: Whiskey, Uniform, Foxtrot, Papa and India, sending you 3
2024-10-14 17:45:30.568325 November: X-ray and India, sending you 4
2024-10-14 17:45:30.569547 Tango: Quebec, sending you 7
2024-10-14 17:45:30.571679 X-ray: November, sending you 4
2024-10-14 17:45:30.572881 November: Whiskey, sending you 2
2024-10-14 17:45:30.574381 Whiskey: X-ray, Uniform and Foxtrot, sending you 2
2024-10-14 17:45:30.575310 Tango: Charlie, sending you 6
2024-10-14 17:45:30.575695 Charlie: Same as last round
2024-10-14 17:45:30.577690 Uniform: X-ray, Whiskey, Foxtrot, Papa and India, sending you 3
2024-10-14 17:45:30.579629 Whiskey: November and India, sending you 1
2024-10-14 17:45:30.580791 Papa: X-ray, November and Uniform, sending you 2
2024-10-14 17:45:30.581896 November: Uniform, Foxtrot and Papa, sending you 3
2024-10-14 17:45:30.582850 Quebec: Tango, sending you 4
2024-10-14 17:45:30.583511 India: X-ray, Uniform and Foxtrot, sending you 3
2024-10-14 17:45:30.584455 Uniform: November, sending you 4
2024-10-14 17:45:30.585754 Papa: Whiskey, Foxtrot and India, sending you 1
2024-10-14 17:45:30.586827 India: Whiskey and Papa, sending you 2
2024-10-14 17:45:30.587898 Quebec: Charlie, sending you 6
2024-10-14 17:45:30.590760 India: November, sending you 4
chatterbot X-ray submitting transactions
chatterbot Quebec submitting transactions
chatterbot Uniform submitting transactions
chatterbot November submitting transactions
chatterbot Charlie submitting transactions
chatterbot Papa submitting transactions
chatterbot Tango submitting transactions
chatterbot Foxtrot submitting transactions
chatterbot Whiskey submitting transactions
chatterbot India submitting transactions
ChatterBot X-ray round 16
ChatterBot Whiskey round 16
ChatterBot November round 16
ChatterBot Uniform round 16
ChatterBot Foxtrot round 16
ChatterBot Tango round 16
ChatterBot Papa round 16
ChatterBot Quebec round 16
ChatterBot India round 16
ChatterBot Charlie round 16
2024-10-14 17:45:31.803894 Tango: We should add Papa
2024-10-14 17:45:31.808141 Quebec: No
2024-10-14 17:45:31.808301 Charlie: No
ChatterBot Tango reevaluating
ChatterBot Tango reevaluating
2024-10-14 17:45:31.828494 Tango: We should add India
2024-10-14 17:45:31.833428 Quebec: No
2024-10-14 17:45:31.833637 Charlie: No
ChatterBot Tango reevaluating
ChatterBot Tango reevaluating
2024-10-14 17:45:31.845701 X-ray: Whiskey, Uniform, Foxtrot, Papa and India, sending you 3
2024-10-14 17:45:31.847223 November: X-ray, sending you 4
2024-10-14 17:45:31.848933 Uniform: X-ray, Whiskey, Foxtrot, Papa and India, sending you 3
2024-10-14 17:45:31.849841 Quebec: Tango, sending you 4
2024-10-14 17:45:31.850160 Whiskey: X-ray, Uniform and Foxtrot, sending you 2
2024-10-14 17:45:31.851859 X-ray: November, sending you 4
2024-10-14 17:45:31.853213 November: Whiskey, sending you 2
2024-10-14 17:45:31.854390 Papa: X-ray, November and Uniform, sending you 2
2024-10-14 17:45:31.856214 Uniform: November, sending you 4
