ChatterBot Bravo round 1
ChatterBot Echo round 1
ChatterBot Whiskey round 1
ChatterBot Oscar round 1
ChatterBot Tango round 1
ChatterBot Juliett round 1
ChatterBot Delta round 1
ChatterBot X-ray round 1
ChatterBot Papa round 1
ChatterBot Golf round 1
randomSelections Bravo: {Bravo, X-ray, Tango} 
2024-10-14 17:45:12.049501 Bravo: Can we be friends?
ChatterBot X-ray reevaluating
ChatterBot Tango reevaluating
2024-10-14 17:45:12.065315 X-ray: Yes
2024-10-14 17:45:12.065535 Tango: Yes
ChatterBot Tango reevaluating
ChatterBot X-ray reevaluating
randomSelections Echo: {Echo, Delta, X-ray, Bravo, Papa, Tango, Juliett} 
2024-10-14 17:45:12.084553 Echo: Can we be friends?
ChatterBot Delta reevaluating
ChatterBot X-ray reevaluating
ChatterBot Papa reevaluating
ChatterBot Tango reevaluating
ChatterBot Juliett reevaluating
2024-10-14 17:45:12.154784 Delta: Yes
2024-10-14 17:45:12.154969 X-ray: No
2024-10-14 17:45:12.155120 Bravo: No
2024-10-14 17:45:12.155327 Papa: Yes
2024-10-14 17:45:12.155503 Tango: No
2024-10-14 17:45:12.156388 Juliett: Yes
ChatterBot X-ray reevaluating
ChatterBot Papa reevaluating
ChatterBot Tango reevaluating
ChatterBot Juliett reevaluating
ChatterBot Delta reevaluating
ChatterBot Papa reevaluating
ChatterBot Tango reevaluating
ChatterBot Juliett reevaluating
ChatterBot Delta reevaluating
ChatterBot X-ray reevaluating
ChatterBot Papa reevaluating
ChatterBot Tango reevaluating
ChatterBot Juliett reevaluating
ChatterBot Delta reevaluating
ChatterBot X-ray reevaluating
ChatterBot Tango reevaluating
ChatterBot Juliett reevaluating
ChatterBot Delta reevaluating
ChatterBot X-ray reevaluating
ChatterBot Papa reevaluating
ChatterBot Juliett reevaluating
ChatterBot Delta reevaluating
ChatterBot X-ray reevaluating
ChatterBot Papa reevaluating
ChatterBot Tango reevaluating
randomSelections Whiskey: {Whiskey, Papa, Oscar, Bravo, Delta, Echo, Tango, X-ray} 
2024-10-14 17:45:12.210642 Whiskey: Let's form a team
ChatterBot Papa reevaluating
ChatterBot Oscar reevaluating
ChatterBot Delta reevaluating
ChatterBot Tango reevaluating
ChatterBot X-ray reevaluating
2024-10-14 17:45:12.220408 Papa: No
2024-10-14 17:45:12.220597 Oscar: Yes
2024-10-14 17:45:12.220820 Bravo: No
2024-10-14 17:45:12.221056 Delta: No
2024-10-14 17:45:12.221920 Echo: No
2024-10-14 17:45:12.222126 Tango: No
2024-10-14 17:45:12.222411 X-ray: No
ChatterBot Oscar reevaluating
ChatterBot Delta reevaluating
ChatterBot Tango reevaluating
ChatterBot X-ray reevaluating
ChatterBot Papa reevaluating
ChatterBot Delta reevaluating
ChatterBot Tango reevaluating
ChatterBot X-ray reevaluating
ChatterBot Papa reevaluating
ChatterBot Oscar reevaluating
ChatterBot Delta reevaluating
ChatterBot Tango reevaluating
ChatterBot X-ray reevaluating
ChatterBot Papa reevaluating
ChatterBot Oscar reevaluating
ChatterBot Tango reevaluating
ChatterBot X-ray reevaluating
ChatterBot Papa reevaluating
ChatterBot Oscar reevaluating
ChatterBot Delta reevaluating
ChatterBot Tango reevaluating
ChatterBot X-ray reevaluating
ChatterBot Papa reevaluating
ChatterBot Oscar reevaluating
ChatterBot Delta reevaluating
ChatterBot X-ray reevaluating
ChatterBot Papa reevaluating
ChatterBot Oscar reevaluating
ChatterBot Delta reevaluating
ChatterBot Tango reevaluating
randomSelections Golf: {Golf, Papa, Whiskey} 
2024-10-14 17:45:12.310786 Golf: Group up?
ChatterBot Papa reevaluating
2024-10-14 17:45:12.313721 Papa: No
2024-10-14 17:45:12.313904 Whiskey: No
ChatterBot Papa reevaluating
2024-10-14 17:45:12.333866 Papa: Bravo, sending you 2
2024-10-14 17:45:12.337136 Oscar: Bravo, sending you 3
2024-10-14 17:45:12.338161 Bravo: Tango and X-ray, sending you 4
2024-10-14 17:45:12.339393 Papa: Echo, sending you 1
2024-10-14 17:45:12.340490 Oscar: Echo, Delta, X-ray and Papa, sending you 1
2024-10-14 17:45:12.342210 Golf: Whiskey and Papa, sending you 2
2024-10-14 17:45:12.347274 Whiskey: Bravo and Papa, sending you 3
2024-10-14 17:45:12.348494 Echo: Bravo, Tango and Juliett, sending you 2
2024-10-14 17:45:12.348885 Papa: Tango, sending you 5
2024-10-14 17:45:12.349289 Oscar: Whiskey and Tango, sending you 2
2024-10-14 17:45:12.350446 X-ray: Bravo, sending you 13
2024-10-14 17:45:12.352474 Papa: Juliett, sending you 4
2024-10-14 17:45:12.353260 Whiskey: Echo and Oscar, sending you 2
2024-10-14 17:45:12.354626 Echo: Delta and X-ray, sending you 3
2024-10-14 17:45:12.355054 Juliett: Bravo and X-ray, sending you 5
2024-10-14 17:45:12.356114 X-ray: Tango, sending you 6
2024-10-14 17:45:12.359957 Delta: Bravo, sending you 1
2024-10-14 17:45:12.360490 Whiskey: Delta, sending you 1
2024-10-14 17:45:12.361367 Papa: Delta and X-ray, sending you 3
2024-10-14 17:45:12.361849 Juliett: Echo, sending you 2
2024-10-14 17:45:12.365533 Delta: Echo, sending you 7
2024-10-14 17:45:12.366709 Whiskey: X-ray, sending you 4
2024-10-14 17:45:12.367242 Juliett: Tango and Papa, sending you 1
2024-10-14 17:45:12.370370 Delta: Tango, sending you 4
2024-10-14 17:45:12.372657 Juliett: Delta, sending you 4
2024-10-14 17:45:12.376225 Delta: Juliett and Papa, sending you 2
2024-10-14 17:45:12.381577 Delta: X-ray, sending you 3
chatterbot Echo submitting transactions
chatterbot Juliett submitting transactions
chatterbot Bravo submitting transactions
chatterbot Golf submitting transactions
chatterbot X-ray submitting transactions
chatterbot Tango submitting transactions
chatterbot Oscar submitting transactions
chatterbot Whiskey submitting transactions
chatterbot Papa submitting transactions
chatterbot Delta submitting transactions
ChatterBot Bravo round 2
ChatterBot Echo round 2
ChatterBot Whiskey round 2
ChatterBot Oscar round 2
ChatterBot Tango round 2
ChatterBot Juliett round 2
ChatterBot Delta round 2
2024-10-14 17:45:13.570918 Whiskey: We would work well together
ChatterBot Oscar reevaluating
ChatterBot Bravo reevaluating
ChatterBot X-ray reevaluating
ChatterBot Papa reevaluating
2024-10-14 17:45:13.609562 Oscar: No
2024-10-14 17:45:13.609749 Bravo: Yes
2024-10-14 17:45:13.609896 X-ray: No
2024-10-14 17:45:13.610020 Papa: No
ChatterBot Whiskey reevaluating
ChatterBot Bravo reevaluating
ChatterBot X-ray reevaluating
ChatterBot Papa reevaluating
ChatterBot Whiskey reevaluating
ChatterBot Oscar reevaluating
ChatterBot X-ray reevaluating
ChatterBot Papa reevaluating
ChatterBot Whiskey reevaluating
ChatterBot Oscar reevaluating
ChatterBot Bravo reevaluating
ChatterBot Papa reevaluating
ChatterBot Whiskey reevaluating
ChatterBot Oscar reevaluating
ChatterBot Bravo reevaluating
ChatterBot X-ray reevaluating
2024-10-14 17:45:13.751957 Bravo: Friends?
ChatterBot Echo reevaluating
ChatterBot Oscar reevaluating
ChatterBot Whiskey reevaluating
ChatterBot X-ray reevaluating
ChatterBot Juliett reevaluating
ChatterBot Delta reevaluating
ChatterBot Papa reevaluating
2024-10-14 17:45:13.806588 Echo: Yes
2024-10-14 17:45:13.806808 Oscar: No
2024-10-14 17:45:13.806953 Whiskey: No
2024-10-14 17:45:13.807429 X-ray: No
2024-10-14 17:45:13.807537 Juliett: No
2024-10-14 17:45:13.807663 Delta: No
2024-10-14 17:45:13.807804 Papa: No
ChatterBot Bravo reevaluating
ChatterBot Whiskey reevaluating
ChatterBot Oscar reevaluating
ChatterBot X-ray reevaluating
ChatterBot Juliett reevaluating
ChatterBot Delta reevaluating
ChatterBot Papa reevaluating
ChatterBot Bravo reevaluating
ChatterBot Whiskey reevaluating
ChatterBot X-ray reevaluating
ChatterBot Echo reevaluating
ChatterBot Juliett reevaluating
ChatterBot Delta reevaluating
ChatterBot Papa reevaluating
ChatterBot Bravo reevaluating
ChatterBot Oscar reevaluating
ChatterBot X-ray reevaluating
ChatterBot Echo reevaluating
ChatterBot Juliett reevaluating
ChatterBot Delta reevaluating
ChatterBot Papa reevaluating
ChatterBot Bravo reevaluating
ChatterBot Whiskey reevaluating
ChatterBot Oscar reevaluating
ChatterBot Echo reevaluating
ChatterBot Juliett reevaluating
ChatterBot Delta reevaluating
ChatterBot Papa reevaluating
ChatterBot Bravo reevaluating
ChatterBot Whiskey reevaluating
ChatterBot Oscar reevaluating
ChatterBot X-ray reevaluating
ChatterBot Echo reevaluating
ChatterBot Delta reevaluating
ChatterBot Papa reevaluating
ChatterBot Bravo reevaluating
ChatterBot Whiskey reevaluating
ChatterBot Oscar reevaluating
ChatterBot X-ray reevaluating
ChatterBot Echo reevaluating
ChatterBot Juliett reevaluating
ChatterBot Papa reevaluating
ChatterBot Bravo reevaluating
ChatterBot Whiskey reevaluating
ChatterBot Oscar reevaluating
ChatterBot X-ray reevaluating
ChatterBot Echo reevaluating
ChatterBot Juliett reevaluating
ChatterBot Delta reevaluating
ChatterBot X-ray round 2
ChatterBot Papa round 2
2024-10-14 17:45:14.230303 Tango: Group up?
ChatterBot Echo reevaluating
ChatterBot Juliett reevaluating
ChatterBot Delta reevaluating
ChatterBot Papa reevaluating
2024-10-14 17:45:14.252959 Echo: No
2024-10-14 17:45:14.253111 Juliett: No
2024-10-14 17:45:14.253235 Delta: No
2024-10-14 17:45:14.253336 Papa: No
ChatterBot Juliett reevaluating
ChatterBot Delta reevaluating
ChatterBot Papa reevaluating
ChatterBot Echo reevaluating
ChatterBot Delta reevaluating
ChatterBot Papa reevaluating
ChatterBot Echo reevaluating
ChatterBot Juliett reevaluating
ChatterBot Papa reevaluating
ChatterBot Echo reevaluating
ChatterBot Juliett reevaluating
ChatterBot Delta reevaluating
ChatterBot Golf round 2
2024-10-14 17:45:14.354809 Whiskey: We should replace Tango with Juliett
ChatterBot X-ray reevaluating
ChatterBot Echo reevaluating
ChatterBot Delta reevaluating
2024-10-14 17:45:14.430565 Oscar: No
2024-10-14 17:45:14.430853 Bravo: Yes
2024-10-14 17:45:14.431034 X-ray: Yes
2024-10-14 17:45:14.431228 Echo: Yes
2024-10-14 17:45:14.432822 Delta: No
2024-10-14 17:45:14.432974 Papa: Yes
ChatterBot Whiskey reevaluating
ChatterBot X-ray reevaluating
ChatterBot Echo reevaluating
ChatterBot Delta reevaluating
ChatterBot Whiskey reevaluating
ChatterBot X-ray reevaluating
ChatterBot Echo reevaluating
ChatterBot Delta reevaluating
ChatterBot Whiskey reevaluating
ChatterBot Echo reevaluating
ChatterBot Delta reevaluating
ChatterBot Whiskey reevaluating
ChatterBot X-ray reevaluating
ChatterBot Delta reevaluating
ChatterBot Whiskey reevaluating
ChatterBot X-ray reevaluating
ChatterBot Echo reevaluating
ChatterBot Whiskey reevaluating
ChatterBot X-ray reevaluating
ChatterBot Echo reevaluating
ChatterBot Delta reevaluating
2024-10-14 17:45:14.747954 Golf: We should replace Papa with Oscar
ChatterBot Whiskey reevaluating
2024-10-14 17:45:14.754553 Whiskey: No
2024-10-14 17:45:14.760288 Juliett: We should drop Tango
2024-10-14 17:45:14.802807 Echo: Yes
2024-10-14 17:45:14.803053 Delta: Yes
2024-10-14 17:45:14.803221 Papa: Yes
2024-10-14 17:45:14.803754 Bravo: Yes
2024-10-14 17:45:14.803916 X-ray: Yes
ChatterBot Delta reevaluating
ChatterBot Delta reevaluating
ChatterBot Delta reevaluating
ChatterBot Delta reevaluating
2024-10-14 17:45:15.067041 Golf: Oscar we want you to join our group
2024-10-14 17:45:15.073533 Oscar: No
ChatterBot Golf reevaluating
2024-10-14 17:45:15.083989 Golf: Let's form a team
2024-10-14 17:45:15.088791 Tango: No
ChatterBot Golf reevaluating
2024-10-14 17:45:15.094128 Whiskey: Juliett we want you to join our group
2024-10-14 17:45:15.100021 Juliett: No
ChatterBot Oscar reevaluating
ChatterBot Delta reevaluating
chatterbot Bravo submitting transactions
chatterbot Juliett submitting transactions
2024-10-14 17:45:15.138830 Tango: Echo and Delta, sending you 2
2024-10-14 17:45:15.140229 Bravo: Echo, Whiskey, Oscar, Delta and Papa, sending you 2
chatterbot Tango submitting transactions
2024-10-14 17:45:15.142651 X-ray: Bravo, Echo, Whiskey, Juliett, Delta and Papa, sending you 3
2024-10-14 17:45:15.145434 Echo: Bravo, Oscar, X-ray and Papa, sending you 1
2024-10-14 17:45:15.150691 Tango: Juliett, sending you 1
2024-10-14 17:45:15.154383 Bravo: Juliett, sending you 3
2024-10-14 17:45:15.155597 Papa: Bravo, Echo and X-ray, sending you 2
2024-10-14 17:45:15.156738 X-ray: Oscar, sending you 1
2024-10-14 17:45:15.158088 Echo: Whiskey and Juliett, sending you 2
2024-10-14 17:45:15.160010 Tango: Papa, sending you 3
2024-10-14 17:45:15.161549 Bravo: X-ray, sending you 4
2024-10-14 17:45:15.163062 Papa: Whiskey, sending you 4
2024-10-14 17:45:15.164817 Juliett: Bravo and X-ray, sending you 3
2024-10-14 17:45:15.165510 Whiskey: Bravo, Echo, Juliett, Delta, X-ray and Papa, sending you 1
2024-10-14 17:45:15.167201 Golf: Sending you 4
2024-10-14 17:45:15.168512 Echo: Delta, sending you 4
2024-10-14 17:45:15.169320 Papa: Oscar, Juliett and Delta, sending you 3
2024-10-14 17:45:15.170832 Juliett: Echo and Delta, sending you 4
chatterbot X-ray submitting transactions
2024-10-14 17:45:15.173097 Whiskey: Oscar, sending you 4
2024-10-14 17:45:15.174383 Oscar: Bravo, sending you 3
2024-10-14 17:45:15.175014 Delta: Echo and Papa, sending you 5
2024-10-14 17:45:15.176838 Juliett: Papa, sending you 5
2024-10-14 17:45:15.187335 Delta: Whiskey, sending you 2
2024-10-14 17:45:15.188140 Oscar: X-ray, sending you 2
2024-10-14 17:45:15.312894 Delta: Oscar, sending you 1
chatterbot Oscar submitting transactions
2024-10-14 17:45:15.318655 Delta: Juliett, sending you 6
chatterbot Echo submitting transactions
chatterbot Golf submitting transactions
chatterbot Oscar submitting transactions
chatterbot Papa submitting transactions
chatterbot Whiskey submitting transactions
chatterbot Delta submitting transactions
ChatterBot Bravo round 3
ChatterBot Echo round 3
ChatterBot Whiskey round 3
ChatterBot Oscar round 3
ChatterBot Tango round 3
ChatterBot Juliett round 3
ChatterBot Delta round 3
ChatterBot X-ray round 3
ChatterBot Papa round 3
ChatterBot Golf round 3
2024-10-14 17:45:16.431200 Tango: Let's form a team
ChatterBot Whiskey reevaluating
ChatterBot Juliett reevaluating
ChatterBot Delta reevaluating
ChatterBot Papa reevaluating
ChatterBot X-ray reevaluating
2024-10-14 17:45:16.496038 Whiskey: No
2024-10-14 17:45:16.496214 Oscar: No
2024-10-14 17:45:16.496335 Echo: No
2024-10-14 17:45:16.496451 Juliett: No
2024-10-14 17:45:16.496569 Delta: No
2024-10-14 17:45:16.496701 Papa: No
2024-10-14 17:45:16.496855 Bravo: No
2024-10-14 17:45:16.497010 X-ray: No
ChatterBot Juliett reevaluating
ChatterBot Delta reevaluating
ChatterBot Papa reevaluating
ChatterBot X-ray reevaluating
ChatterBot Whiskey reevaluating
ChatterBot Juliett reevaluating
ChatterBot Delta reevaluating
ChatterBot Papa reevaluating
ChatterBot X-ray reevaluating
ChatterBot Whiskey reevaluating
ChatterBot Juliett reevaluating
ChatterBot Delta reevaluating
ChatterBot Papa reevaluating
ChatterBot X-ray reevaluating
ChatterBot Tango reevaluating
ChatterBot Whiskey reevaluating
ChatterBot Delta reevaluating
ChatterBot Papa reevaluating
ChatterBot X-ray reevaluating
ChatterBot Tango reevaluating
ChatterBot Whiskey reevaluating
ChatterBot Juliett reevaluating
ChatterBot Papa reevaluating
ChatterBot X-ray reevaluating
ChatterBot Tango reevaluating
ChatterBot Whiskey reevaluating
ChatterBot Juliett reevaluating
ChatterBot Delta reevaluating
ChatterBot X-ray reevaluating
ChatterBot Tango reevaluating
ChatterBot Whiskey reevaluating
ChatterBot Juliett reevaluating
ChatterBot Delta reevaluating
ChatterBot Papa reevaluating
ChatterBot X-ray reevaluating
ChatterBot Tango reevaluating
ChatterBot Whiskey reevaluating
ChatterBot Juliett reevaluating
ChatterBot Delta reevaluating
ChatterBot Papa reevaluating
2024-10-14 17:45:17.012335 Tango: We should add Bravo and X-ray
ChatterBot Juliett reevaluating
ChatterBot Delta reevaluating
ChatterBot Papa reevaluating
2024-10-14 17:45:17.042639 Juliett: We should add Whiskey and Oscar
2024-10-14 17:45:17.042838 Echo: Yes
2024-10-14 17:45:17.042957 Juliett: Yes
2024-10-14 17:45:17.043097 Delta: Yes
2024-10-14 17:45:17.043220 Papa: Yes
ChatterBot Delta reevaluating
ChatterBot Papa reevaluating
ChatterBot X-ray reevaluating
ChatterBot Tango reevaluating
ChatterBot Juliett reevaluating
2024-10-14 17:45:17.079700 Echo: Yes
2024-10-14 17:45:17.079892 Delta: Yes
ChatterBot Delta reevaluating
2024-10-14 17:45:17.085163 Papa: Yes
ChatterBot Papa reevaluating
2024-10-14 17:45:17.090504 Bravo: Yes
2024-10-14 17:45:17.090644 X-ray: Yes
ChatterBot Tango reevaluating
ChatterBot Delta reevaluating
ChatterBot Papa reevaluating
ChatterBot Tango reevaluating
ChatterBot Juliett reevaluating
ChatterBot X-ray reevaluating
ChatterBot Papa reevaluating
ChatterBot Tango reevaluating
ChatterBot Juliett reevaluating
ChatterBot X-ray reevaluating
ChatterBot Delta reevaluating
ChatterBot Juliett reevaluating
ChatterBot X-ray reevaluating
ChatterBot Delta reevaluating
ChatterBot Papa reevaluating
ChatterBot Juliett reevaluating
ChatterBot X-ray reevaluating
ChatterBot Papa reevaluating
ChatterBot Juliett reevaluating
ChatterBot Delta reevaluating
ChatterBot Juliett reevaluating
ChatterBot Delta reevaluating
ChatterBot Papa reevaluating
ChatterBot Juliett reevaluating
ChatterBot Delta reevaluating
ChatterBot Papa reevaluating
2024-10-14 17:45:17.333851 Whiskey: We should replace Juliett with Tango
2024-10-14 17:45:17.454247 Oscar: No
2024-10-14 17:45:17.455128 Bravo: No
2024-10-14 17:45:17.455486 X-ray: No
2024-10-14 17:45:17.455961 Echo: No
2024-10-14 17:45:17.456950 Delta: No
2024-10-14 17:45:17.457227 Papa: No
ChatterBot Whiskey reevaluating
ChatterBot Whiskey reevaluating
ChatterBot Oscar reevaluating
ChatterBot Whiskey reevaluating
ChatterBot Oscar reevaluating
ChatterBot Whiskey reevaluating
ChatterBot Oscar reevaluating
ChatterBot Whiskey reevaluating
ChatterBot Oscar reevaluating
ChatterBot Whiskey reevaluating
ChatterBot Oscar reevaluating
2024-10-14 17:45:17.754700 Tango: Bravo and X-ray we want you to join our group
2024-10-14 17:45:17.767478 X-ray: No
2024-10-14 17:45:17.767680 Bravo: No
ChatterBot Tango reevaluating
ChatterBot Tango reevaluating
chatterbot Oscar submitting transactions
chatterbot Echo submitting transactions
2024-10-14 17:45:17.829058 Juliett: Whiskey and Oscar we want you to join our group
ChatterBot Whiskey reevaluating
ChatterBot Oscar reevaluating
2024-10-14 17:45:17.840026 Whiskey: Yes
2024-10-14 17:45:17.840177 Oscar: Yes
ChatterBot Oscar reevaluating
ChatterBot Whiskey reevaluating
2024-10-14 17:45:17.900641 Echo: Bravo, Juliett, X-ray and Papa, sending you 2
2024-10-14 17:45:17.901067 Bravo: Echo, Whiskey, Delta and Papa, sending you 2
chatterbot Golf submitting transactions
2024-10-14 17:45:17.903715 Echo: Whiskey, sending you 1
2024-10-14 17:45:17.904955 X-ray: Bravo, sending you 4
2024-10-14 17:45:17.905595 Bravo: Oscar and Juliett, sending you 3
2024-10-14 17:45:17.906474 Papa: Bravo, Echo, Whiskey, Juliett, Delta and X-ray, sending you 3
2024-10-14 17:45:17.907133 Delta: Bravo and X-ray, sending you 2
2024-10-14 17:45:17.907811 Golf: Same as last round
2024-10-14 17:45:17.908670 Echo: Delta, sending you 3
2024-10-14 17:45:17.909142 Bravo: X-ray, sending you 4
2024-10-14 17:45:17.909685 X-ray: Echo, Whiskey, Juliett and Papa, sending you 3
2024-10-14 17:45:17.910669 Delta: Echo and Juliett, sending you 5
2024-10-14 17:45:17.911670 Papa: Oscar, sending you 1
2024-10-14 17:45:17.912813 X-ray: Oscar, sending you 2
2024-10-14 17:45:17.915653 Delta: Whiskey, sending you 1
2024-10-14 17:45:17.916165 X-ray: Delta, sending you 1
2024-10-14 17:45:17.920688 Delta: Papa, sending you 4
2024-10-14 17:45:17.921699 Oscar: Bravo and Papa, sending you 3
2024-10-14 17:45:17.923673 Juliett: Bravo, Echo, Whiskey, Delta, X-ray and Papa, sending you 3
2024-10-14 17:45:17.924685 Whiskey: Bravo, Echo and Delta, sending you 2
2024-10-14 17:45:17.925608 Oscar: Echo, Delta and X-ray, sending you 2
2024-10-14 17:45:17.927733 Juliett: Oscar, sending you 1
2024-10-14 17:45:17.929665 Whiskey: Oscar, X-ray and Papa, sending you 3
2024-10-14 17:45:17.930517 Oscar: Whiskey, sending you 4
2024-10-14 17:45:17.930945 Tango: Bravo, Delta and Papa, sending you 3
2024-10-14 17:45:17.935064 Whiskey: Juliett, sending you 1
2024-10-14 17:45:17.935599 Tango: Echo, sending you 2
2024-10-14 17:45:17.939656 Tango: Juliett, sending you 1
2024-10-14 17:45:17.943658 Tango: X-ray, sending you 4
chatterbot Juliett submitting transactions
chatterbot Papa submitting transactions
chatterbot Delta submitting transactions
chatterbot Bravo submitting transactions
chatterbot X-ray submitting transactions
chatterbot Tango submitting transactions
chatterbot Oscar submitting transactions
chatterbot Whiskey submitting transactions
ChatterBot Bravo round 4
ChatterBot Echo round 4
ChatterBot Whiskey round 4
ChatterBot Oscar round 4
ChatterBot Tango round 4
ChatterBot Juliett round 4
ChatterBot Delta round 4
ChatterBot X-ray round 4
ChatterBot Papa round 4
ChatterBot Golf round 4
2024-10-14 17:45:19.101816 Tango: We should add Whiskey and Oscar
ChatterBot Delta reevaluating
ChatterBot X-ray reevaluating
ChatterBot Papa reevaluating
ChatterBot Juliett reevaluating
2024-10-14 17:45:19.122161 Echo: Yes
2024-10-14 17:45:19.122354 Delta: Yes
2024-10-14 17:45:19.122517 X-ray: Yes
2024-10-14 17:45:19.122660 Bravo: Yes
2024-10-14 17:45:19.122793 Papa: Yes
2024-10-14 17:45:19.122915 Juliett: Yes
ChatterBot Delta reevaluating
ChatterBot X-ray reevaluating
ChatterBot Papa reevaluating
ChatterBot Juliett reevaluating
ChatterBot X-ray reevaluating
ChatterBot Papa reevaluating
ChatterBot Juliett reevaluating
ChatterBot Delta reevaluating
ChatterBot Papa reevaluating
ChatterBot Juliett reevaluating
ChatterBot Delta reevaluating
ChatterBot X-ray reevaluating
ChatterBot Papa reevaluating
ChatterBot Juliett reevaluating
ChatterBot Delta reevaluating
ChatterBot X-ray reevaluating
ChatterBot Juliett reevaluating
ChatterBot Delta reevaluating
ChatterBot X-ray reevaluating
ChatterBot Papa reevaluating
2024-10-14 17:45:19.258365 Tango: Whiskey and Oscar we want you to join our group
ChatterBot Oscar reevaluating
2024-10-14 17:45:19.268526 Whiskey: No
2024-10-14 17:45:19.268745 Oscar: No
ChatterBot Oscar reevaluating
ChatterBot Juliett reevaluating
ChatterBot Delta reevaluating
ChatterBot Papa reevaluating
ChatterBot X-ray reevaluating
ChatterBot Juliett reevaluating
ChatterBot Delta reevaluating
ChatterBot Papa reevaluating
ChatterBot X-ray reevaluating
2024-10-14 17:45:19.318716 Whiskey: Bravo, Echo and Juliett, sending you 2
2024-10-14 17:45:19.320274 Bravo: Echo, Whiskey and Delta, sending you 2
2024-10-14 17:45:19.320851 Echo: Bravo, Whiskey, Juliett, Delta, X-ray and Papa, sending you 2
2024-10-14 17:45:19.322677 Whiskey: Oscar, X-ray and Papa, sending you 3
2024-10-14 17:45:19.323679 Delta: Tango we want you to join our group
2024-10-14 17:45:19.327535 Tango: Yes
ChatterBot Bravo reevaluating
2024-10-14 17:45:19.354222 Bravo: We should add Tango
ChatterBot Oscar reevaluating
ChatterBot Papa reevaluating
2024-10-14 17:45:19.373153 Whiskey: No
2024-10-14 17:45:19.373301 Oscar: No
2024-10-14 17:45:19.373412 X-ray: No
2024-10-14 17:45:19.373518 Echo: No
2024-10-14 17:45:19.373630 Juliett: No
2024-10-14 17:45:19.373749 Delta: Yes
2024-10-14 17:45:19.373851 Papa: Yes
ChatterBot Bravo reevaluating
ChatterBot Oscar reevaluating
ChatterBot Papa reevaluating
ChatterBot Bravo reevaluating
ChatterBot Papa reevaluating
ChatterBot Bravo reevaluating
ChatterBot Oscar reevaluating
ChatterBot Papa reevaluating
ChatterBot Bravo reevaluating
ChatterBot Oscar reevaluating
ChatterBot Papa reevaluating
ChatterBot Bravo reevaluating
ChatterBot Oscar reevaluating
ChatterBot Papa reevaluating
ChatterBot Bravo reevaluating
ChatterBot Oscar reevaluating
ChatterBot X-ray reevaluating
ChatterBot Papa reevaluating
ChatterBot Bravo reevaluating
ChatterBot Oscar reevaluating
ChatterBot X-ray reevaluating
ChatterBot Echo reevaluating
2024-10-14 17:45:19.593412 Whiskey: Delta, sending you 1
2024-10-14 17:45:19.596814 Echo: Tango we want you to join our group
2024-10-14 17:45:19.600625 Tango: Yes
ChatterBot Oscar reevaluating
ChatterBot Echo reevaluating
ChatterBot Bravo reevaluating
ChatterBot X-ray reevaluating
2024-10-14 17:45:19.627131 Golf: Same as last round
2024-10-14 17:45:19.627399 Tango: Bravo, Echo, Oscar and Delta, sending you 2
2024-10-14 17:45:19.630694 X-ray: Tango we want you to join our group
2024-10-14 17:45:19.636478 Tango: Yes
ChatterBot Oscar reevaluating
ChatterBot Echo reevaluating
ChatterBot Bravo reevaluating
ChatterBot X-ray reevaluating
2024-10-14 17:45:19.662848 Tango: Whiskey and Juliett, sending you 1
2024-10-14 17:45:19.663321 Papa: Bravo, Whiskey, Oscar, Juliett, Delta and X-ray, sending you 3
2024-10-14 17:45:19.663933 Delta: Bravo, Tango and X-ray, sending you 2
2024-10-14 17:45:19.664851 Juliett: Bravo, Echo, Whiskey, Delta, X-ray and Papa, sending you 3
2024-10-14 17:45:19.667659 Tango: X-ray and Papa, sending you 3
2024-10-14 17:45:19.668120 Papa: Echo, sending you 1
2024-10-14 17:45:19.668764 Delta: Echo and Juliett, sending you 4
2024-10-14 17:45:19.669231 Juliett: Oscar, sending you 1
2024-10-14 17:45:19.670403 Oscar: We should drop Tango
ChatterBot Bravo reevaluating
ChatterBot X-ray reevaluating
ChatterBot Echo reevaluating
2024-10-14 17:45:19.691856 Bravo: Yes
2024-10-14 17:45:19.692034 Whiskey: Yes
2024-10-14 17:45:19.692171 X-ray: No
2024-10-14 17:45:19.692302 Echo: Yes
2024-10-14 17:45:19.692427 Juliett: Yes
2024-10-14 17:45:19.692541 Delta: No
2024-10-14 17:45:19.692695 Papa: Yes
ChatterBot Oscar reevaluating
ChatterBot X-ray reevaluating
ChatterBot Echo reevaluating
ChatterBot Bravo reevaluating
ChatterBot Oscar reevaluating
ChatterBot X-ray reevaluating
ChatterBot Echo reevaluating
ChatterBot Bravo reevaluating
ChatterBot Oscar reevaluating
ChatterBot Echo reevaluating
ChatterBot Bravo reevaluating
ChatterBot Oscar reevaluating
ChatterBot X-ray reevaluating
ChatterBot Bravo reevaluating
ChatterBot Oscar reevaluating
ChatterBot X-ray reevaluating
ChatterBot Echo reevaluating
ChatterBot Bravo reevaluating
ChatterBot Whiskey reevaluating
ChatterBot Oscar reevaluating
ChatterBot X-ray reevaluating
ChatterBot Echo reevaluating
ChatterBot Bravo reevaluating
ChatterBot Whiskey reevaluating
ChatterBot Oscar reevaluating
ChatterBot X-ray reevaluating
ChatterBot Echo reevaluating
2024-10-14 17:45:19.836405 Delta: Whiskey and Oscar, sending you 1
2024-10-14 17:45:19.841677 Delta: Papa, sending you 3
2024-10-14 17:45:19.856665 X-ray: Bravo, Echo, Whiskey, Juliett and Papa, sending you 3
chatterbot Golf submitting transactions
2024-10-14 17:45:19.859856 X-ray: Oscar and Delta, sending you 2
2024-10-14 17:45:19.874658 Oscar: Bravo, sending you 4
2024-10-14 17:45:19.878682 Oscar: Echo, Juliett and Delta, sending you 1
chatterbot Delta submitting transactions
2024-10-14 17:45:19.883651 Oscar: Whiskey, sending you 5
2024-10-14 17:45:19.888661 Oscar: X-ray and Papa, sending you 2
chatterbot Tango submitting transactions
chatterbot Whiskey submitting transactions
chatterbot Whiskey submitting transactions
chatterbot Juliett submitting transactions
chatterbot Bravo submitting transactions
chatterbot Papa submitting transactions
chatterbot X-ray submitting transactions
chatterbot Oscar submitting transactions
chatterbot Echo submitting transactions
ChatterBot Bravo round 5
ChatterBot Echo round 5
ChatterBot Whiskey round 5
ChatterBot Oscar round 5
ChatterBot Tango round 5
ChatterBot Juliett round 5
ChatterBot Delta round 5
ChatterBot X-ray round 5
ChatterBot Papa round 5
ChatterBot Golf round 5
2024-10-14 17:45:21.056764 Echo: We should add Tango
ChatterBot Bravo reevaluating
ChatterBot Oscar reevaluating
ChatterBot X-ray reevaluating
ChatterBot Delta reevaluating
2024-10-14 17:45:21.084560 Bravo: Yes
2024-10-14 17:45:21.084787 Whiskey: No
2024-10-14 17:45:21.084963 Oscar: Yes
2024-10-14 17:45:21.085107 X-ray: Yes
2024-10-14 17:45:21.085271 Juliett: No
2024-10-14 17:45:21.085977 Delta: Yes
2024-10-14 17:45:21.086126 Papa: No
ChatterBot Oscar reevaluating
ChatterBot X-ray reevaluating
ChatterBot Delta reevaluating
ChatterBot Bravo reevaluating
ChatterBot Oscar reevaluating
ChatterBot X-ray reevaluating
ChatterBot Delta reevaluating
ChatterBot Bravo reevaluating
ChatterBot Whiskey reevaluating
ChatterBot X-ray reevaluating
ChatterBot Delta reevaluating
ChatterBot Bravo reevaluating
ChatterBot Whiskey reevaluating
ChatterBot Oscar reevaluating
ChatterBot Delta reevaluating
ChatterBot Bravo reevaluating
ChatterBot Whiskey reevaluating
ChatterBot Oscar reevaluating
ChatterBot X-ray reevaluating
ChatterBot Delta reevaluating
ChatterBot Bravo reevaluating
ChatterBot Whiskey reevaluating
ChatterBot Oscar reevaluating
ChatterBot X-ray reevaluating
ChatterBot Papa reevaluating
ChatterBot Bravo reevaluating
ChatterBot Whiskey reevaluating
ChatterBot Oscar reevaluating
ChatterBot X-ray reevaluating
ChatterBot Delta reevaluating
2024-10-14 17:45:21.263871 Echo: Tango we want you to join our group
2024-10-14 17:45:21.268196 Tango: Yes
ChatterBot Whiskey reevaluating
ChatterBot Oscar reevaluating
ChatterBot Delta reevaluating
ChatterBot Papa reevaluating
ChatterBot Bravo reevaluating
ChatterBot X-ray reevaluating
2024-10-14 17:45:21.298358 Whiskey: We should replace Juliett with Tango
ChatterBot Oscar reevaluating
ChatterBot Bravo reevaluating
ChatterBot Papa reevaluating
2024-10-14 17:45:21.314576 Oscar: No
2024-10-14 17:45:21.314737 Bravo: No
2024-10-14 17:45:21.314909 X-ray: No
2024-10-14 17:45:21.315028 Echo: No
2024-10-14 17:45:21.315139 Delta: No
2024-10-14 17:45:21.315324 Papa: No
ChatterBot Whiskey reevaluating
ChatterBot Bravo reevaluating
ChatterBot Papa reevaluating
ChatterBot Whiskey reevaluating
ChatterBot Oscar reevaluating
ChatterBot Papa reevaluating
ChatterBot Whiskey reevaluating
ChatterBot Oscar reevaluating
ChatterBot Bravo reevaluating
ChatterBot Papa reevaluating
ChatterBot Whiskey reevaluating
ChatterBot Oscar reevaluating
ChatterBot Bravo reevaluating
ChatterBot Papa reevaluating
ChatterBot Whiskey reevaluating
ChatterBot Oscar reevaluating
ChatterBot Bravo reevaluating
ChatterBot Papa reevaluating
ChatterBot Whiskey reevaluating
ChatterBot Oscar reevaluating
ChatterBot Bravo reevaluating
2024-10-14 17:45:21.404682 Whiskey: Tango we want you to join our group
2024-10-14 17:45:21.408099 Tango: Yes
ChatterBot Whiskey reevaluating
ChatterBot Papa reevaluating
ChatterBot Oscar reevaluating
ChatterBot Bravo reevaluating
2024-10-14 17:45:21.442960 Whiskey: We should replace Echo with Tango
ChatterBot Bravo reevaluating
ChatterBot Oscar reevaluating
ChatterBot Juliett reevaluating
ChatterBot Papa reevaluating
2024-10-14 17:45:21.462483 Bravo: No
2024-10-14 17:45:21.462625 Oscar: No
2024-10-14 17:45:21.462759 Juliett: No
2024-10-14 17:45:21.462871 Delta: No
2024-10-14 17:45:21.462979 X-ray: No
2024-10-14 17:45:21.463083 Papa: No
ChatterBot Whiskey reevaluating
ChatterBot Oscar reevaluating
ChatterBot Juliett reevaluating
ChatterBot Papa reevaluating
ChatterBot Whiskey reevaluating
ChatterBot Bravo reevaluating
ChatterBot Juliett reevaluating
ChatterBot Papa reevaluating
ChatterBot Whiskey reevaluating
ChatterBot Bravo reevaluating
ChatterBot Oscar reevaluating
ChatterBot Papa reevaluating
ChatterBot Whiskey reevaluating
ChatterBot Bravo reevaluating
ChatterBot Oscar reevaluating
ChatterBot Juliett reevaluating
ChatterBot Papa reevaluating
ChatterBot Whiskey reevaluating
ChatterBot Bravo reevaluating
ChatterBot Oscar reevaluating
ChatterBot Juliett reevaluating
ChatterBot Papa reevaluating
ChatterBot Whiskey reevaluating
ChatterBot Bravo reevaluating
ChatterBot Oscar reevaluating
ChatterBot Juliett reevaluating
2024-10-14 17:45:21.572552 X-ray: Tango we want you to join our group
2024-10-14 17:45:21.575283 Tango: Yes
ChatterBot Whiskey reevaluating
ChatterBot Juliett reevaluating
2024-10-14 17:45:21.592714 Bravo: Tango we want you to join our group
2024-10-14 17:45:21.595577 Tango: Yes
ChatterBot Whiskey reevaluating
2024-10-14 17:45:21.611429 Oscar: Tango we want you to join our group
2024-10-14 17:45:21.614051 Tango: Yes
ChatterBot Whiskey reevaluating
2024-10-14 17:45:21.632889 Tango: Bravo, Echo and Oscar, sending you 2
2024-10-14 17:45:21.634359 Delta: Bravo, Tango and X-ray, sending you 2
2024-10-14 17:45:21.635046 Echo: Bravo, Whiskey, Oscar, Tango and Papa, sending you 1
2024-10-14 17:45:21.635609 Golf: Same as last round
2024-10-14 17:45:21.635888 Papa: Tango we want you to join our group
2024-10-14 17:45:21.638681 Tango: Yes
ChatterBot Whiskey reevaluating
ChatterBot Juliett reevaluating
2024-10-14 17:45:21.656857 Delta: Echo and Juliett, sending you 4
2024-10-14 17:45:21.657523 Tango: Juliett, sending you 1
2024-10-14 17:45:21.658518 Echo: Juliett and X-ray, sending you 2
2024-10-14 17:45:21.661714 Delta: Whiskey and Oscar, sending you 1
2024-10-14 17:45:21.662845 Tango: Delta, X-ray and Papa, sending you 3
2024-10-14 17:45:21.664816 Echo: Delta, sending you 3
2024-10-14 17:45:21.665645 X-ray: Bravo, sending you 4
2024-10-14 17:45:21.666720 Delta: Papa, sending you 3
2024-10-14 17:45:21.669713 X-ray: Echo, Whiskey, Oscar, Tango, Delta and Papa, sending you 2
2024-10-14 17:45:21.670718 Papa: Bravo, Echo, Whiskey, Oscar and Tango, sending you 2
2024-10-14 17:45:21.674276 Papa: Juliett, Delta and X-ray, sending you 3
2024-10-14 17:45:21.675228 X-ray: Juliett, sending you 3
2024-10-14 17:45:21.677686 Whiskey: Bravo, Juliett and Delta, sending you 2
2024-10-14 17:45:21.680692 Oscar: Bravo and Whiskey, sending you 4
2024-10-14 17:45:21.681403 Whiskey: Oscar, X-ray and Papa, sending you 3
2024-10-14 17:45:21.683670 Oscar: Echo, Tango, Juliett and Delta, sending you 1
2024-10-14 17:45:21.687327 Whiskey: Tango, sending you 1
2024-10-14 17:45:21.687852 Oscar: X-ray and Papa, sending you 2
chatterbot Echo submitting transactions
chatterbot Juliett submitting transactions
chatterbot X-ray submitting transactions
chatterbot Golf submitting transactions
chatterbot Delta submitting transactions
chatterbot Tango submitting transactions
chatterbot Oscar submitting transactions
chatterbot Juliett submitting transactions
chatterbot Papa submitting transactions
chatterbot Whiskey submitting transactions
chatterbot Bravo submitting transactions
ChatterBot Bravo round 6
ChatterBot Echo round 6
ChatterBot Whiskey round 6
ChatterBot Oscar round 6
ChatterBot Tango round 6
ChatterBot Juliett round 6
2024-10-14 17:45:22.827967 Bravo: We should add Tango
ChatterBot Juliett reevaluating
2024-10-14 17:45:22.853933 Whiskey: Yes
2024-10-14 17:45:22.854146 Oscar: Yes
2024-10-14 17:45:22.854323 X-ray: Yes
2024-10-14 17:45:22.854488 Echo: Yes
2024-10-14 17:45:22.854662 Juliett: Yes
2024-10-14 17:45:22.854843 Delta: Yes
2024-10-14 17:45:22.855002 Papa: Yes
ChatterBot Juliett reevaluating
ChatterBot Juliett reevaluating
ChatterBot Juliett reevaluating
ChatterBot Juliett reevaluating
ChatterBot Juliett reevaluating
ChatterBot Juliett reevaluating
ChatterBot Delta round 6
ChatterBot X-ray round 6
ChatterBot Papa round 6
ChatterBot Golf round 6
2024-10-14 17:45:22.987351 Bravo: Tango we want you to join our group
2024-10-14 17:45:22.990565 Tango: Yes
ChatterBot Juliett reevaluating
2024-10-14 17:45:23.016789 Golf: We should replace Tango with Echo
2024-10-14 17:45:23.023746 Golf: Echo we want you to join our group
2024-10-14 17:45:23.025797 Echo: No
ChatterBot Golf reevaluating
2024-10-14 17:45:23.031673 X-ray: Bravo, sending you 4
2024-10-14 17:45:23.033062 Delta: Bravo, Whiskey, Tango and X-ray, sending you 2
2024-10-14 17:45:23.034269 Oscar: Bravo and Whiskey, sending you 3
2024-10-14 17:45:23.036833 Delta: Echo and Papa, sending you 3
2024-10-14 17:45:23.037688 X-ray: Echo, Whiskey, Oscar, Tango, Juliett and Delta, sending you 2
2024-10-14 17:45:23.038704 Whiskey: Bravo, Juliett and Delta, sending you 2
2024-10-14 17:45:23.039670 Oscar: Echo and Delta, sending you 1
2024-10-14 17:45:23.041671 Delta: Oscar, sending you 1
2024-10-14 17:45:23.042844 X-ray: Papa, sending you 3
2024-10-14 17:45:23.043465 Whiskey: Oscar, X-ray and Papa, sending you 3
2024-10-14 17:45:23.043906 Echo: Bravo, Whiskey, Oscar, Tango and Papa, sending you 1
2024-10-14 17:45:23.044831 Tango: Bravo, Echo, Juliett, X-ray and Papa, sending you 2
2024-10-14 17:45:23.045485 Oscar: Tango, Juliett, X-ray and Papa, sending you 2
2024-10-14 17:45:23.046681 Papa: Bravo, Echo, Oscar, Tango and X-ray, sending you 2
2024-10-14 17:45:23.047391 Whiskey: Tango, sending you 1
2024-10-14 17:45:23.048599 Delta: Juliett, sending you 4
2024-10-14 17:45:23.049247 Echo: Juliett and X-ray, sending you 2
2024-10-14 17:45:23.049890 Tango: Whiskey and Oscar, sending you 1
2024-10-14 17:45:23.050720 Papa: Whiskey, Juliett and Delta, sending you 3
2024-10-14 17:45:23.053664 Echo: Delta, sending you 3
2024-10-14 17:45:23.055658 Tango: Delta, sending you 4
chatterbot Oscar submitting transactions
chatterbot Echo submitting transactions
chatterbot Bravo submitting transactions
chatterbot Golf submitting transactions
chatterbot Tango submitting transactions
chatterbot Papa submitting transactions
chatterbot Juliett submitting transactions
chatterbot X-ray submitting transactions
chatterbot Delta submitting transactions
chatterbot Whiskey submitting transactions
ChatterBot Bravo round 7
ChatterBot Echo round 7
ChatterBot Whiskey round 7
ChatterBot Oscar round 7
ChatterBot Tango round 7
ChatterBot Juliett round 7
ChatterBot Delta round 7
ChatterBot X-ray round 7
ChatterBot Papa round 7
2024-10-14 17:45:24.250959 Bravo: We should add Tango
2024-10-14 17:45:24.335677 Whiskey: Yes
2024-10-14 17:45:24.336548 Oscar: Yes
2024-10-14 17:45:24.336890 X-ray: Yes
2024-10-14 17:45:24.337320 Echo: Yes
2024-10-14 17:45:24.337598 Juliett: Yes
2024-10-14 17:45:24.338007 Delta: Yes
2024-10-14 17:45:24.338283 Papa: Yes
ChatterBot Golf round 7
2024-10-14 17:45:24.532155 Bravo: Tango we want you to join our group
2024-10-14 17:45:24.535211 Tango: Yes
2024-10-14 17:45:24.560046 Echo: Bravo, Juliett, Delta and X-ray, sending you 2
2024-10-14 17:45:24.565122 Echo: Whiskey, Oscar, Tango and Papa, sending you 1
2024-10-14 17:45:24.566668 X-ray: Bravo, sending you 4
2024-10-14 17:45:24.568680 Delta: Bravo, Whiskey, Tango and X-ray, sending you 2
2024-10-14 17:45:24.570179 Oscar: Bravo and Whiskey, sending you 3
2024-10-14 17:45:24.571732 Tango: Bravo, Echo, Oscar, Juliett, X-ray and Papa, sending you 2
2024-10-14 17:45:24.572437 X-ray: Echo, Oscar, Tango, Juliett, Delta and Papa, sending you 2
2024-10-14 17:45:24.573176 Papa: Bravo, Echo, Oscar, Tango and X-ray, sending you 2
2024-10-14 17:45:24.573893 Delta: Echo and Papa, sending you 3
2024-10-14 17:45:24.574568 Whiskey: Bravo, Juliett and Delta, sending you 2
2024-10-14 17:45:24.575228 Oscar: Echo and Delta, sending you 1
2024-10-14 17:45:24.575914 Tango: Whiskey, sending you 1
2024-10-14 17:45:24.577183 X-ray: Whiskey, sending you 3
2024-10-14 17:45:24.577962 Papa: Whiskey, Juliett and Delta, sending you 3
2024-10-14 17:45:24.578745 Delta: Oscar, sending you 1
2024-10-14 17:45:24.579664 Whiskey: Oscar, X-ray and Papa, sending you 3
2024-10-14 17:45:24.580680 Oscar: Tango, Juliett, X-ray and Papa, sending you 2
2024-10-14 17:45:24.582201 Tango: Delta, sending you 3
2024-10-14 17:45:24.583008 Delta: Juliett, sending you 4
2024-10-14 17:45:24.584674 Whiskey: Tango, sending you 1
chatterbot Golf submitting transactions
chatterbot X-ray submitting transactions
chatterbot Oscar submitting transactions
chatterbot Tango submitting transactions
chatterbot Bravo submitting transactions
chatterbot Delta submitting transactions
chatterbot Papa submitting transactions
chatterbot Whiskey submitting transactions
chatterbot Echo submitting transactions
chatterbot Juliett submitting transactions
ChatterBot Bravo round 8
ChatterBot Echo round 8
ChatterBot Whiskey round 8
ChatterBot Oscar round 8
ChatterBot Tango round 8
ChatterBot Juliett round 8
ChatterBot Delta round 8
ChatterBot X-ray round 8
ChatterBot Papa round 8
2024-10-14 17:45:25.703453 Bravo: We should add Tango
2024-10-14 17:45:25.718758 Whiskey: Yes
2024-10-14 17:45:25.718947 Oscar: Yes
2024-10-14 17:45:25.719088 X-ray: Yes
2024-10-14 17:45:25.719220 Echo: Yes
2024-10-14 17:45:25.719350 Juliett: Yes
2024-10-14 17:45:25.719476 Delta: Yes
2024-10-14 17:45:25.719605 Papa: Yes
ChatterBot Golf round 8
2024-10-14 17:45:25.846244 Bravo: Tango we want you to join our group
