ChatterBot Echo round 1
ChatterBot November round 1
ChatterBot India round 1
ChatterBot Foxtrot round 1
ChatterBot Tango round 1
ChatterBot Golf round 1
ChatterBot Romeo round 1
ChatterBot Lima round 1
ChatterBot Yankee round 1
ChatterBot X-ray round 1
randomSelections Foxtrot: {Foxtrot, Yankee, Lima, Tango, India, Golf, November, Echo} 
2024-10-14 17:45:12.350294 Foxtrot: We would work well together
ChatterBot Yankee reevaluating
ChatterBot Lima reevaluating
ChatterBot Tango reevaluating
ChatterBot India reevaluating
ChatterBot Golf reevaluating
ChatterBot November reevaluating
ChatterBot Echo reevaluating
2024-10-14 17:45:12.364164 Yankee: Yes
2024-10-14 17:45:12.364870 Lima: Yes
2024-10-14 17:45:12.364972 Tango: Yes
2024-10-14 17:45:12.365052 India: Yes
2024-10-14 17:45:12.365137 Golf: Yes
2024-10-14 17:45:12.365237 November: Yes
2024-10-14 17:45:12.365350 Echo: Yes
ChatterBot Lima reevaluating
ChatterBot Tango reevaluating
ChatterBot India reevaluating
ChatterBot Golf reevaluating
ChatterBot November reevaluating
ChatterBot Echo reevaluating
ChatterBot Yankee reevaluating
ChatterBot Tango reevaluating
ChatterBot India reevaluating
ChatterBot Golf reevaluating
ChatterBot November reevaluating
ChatterBot Echo reevaluating
ChatterBot Yankee reevaluating
ChatterBot Lima reevaluating
ChatterBot India reevaluating
ChatterBot Golf reevaluating
ChatterBot November reevaluating
ChatterBot Echo reevaluating
ChatterBot Yankee reevaluating
ChatterBot Lima reevaluating
ChatterBot Tango reevaluating
ChatterBot Golf reevaluating
ChatterBot November reevaluating
ChatterBot Echo reevaluating
ChatterBot Yankee reevaluating
ChatterBot Lima reevaluating
ChatterBot Tango reevaluating
ChatterBot India reevaluating
ChatterBot November reevaluating
ChatterBot Echo reevaluating
ChatterBot Yankee reevaluating
ChatterBot Lima reevaluating
ChatterBot Tango reevaluating
ChatterBot India reevaluating
ChatterBot Golf reevaluating
ChatterBot Echo reevaluating
ChatterBot Yankee reevaluating
ChatterBot Lima reevaluating
ChatterBot Tango reevaluating
ChatterBot India reevaluating
ChatterBot Golf reevaluating
ChatterBot November reevaluating
randomSelections X-ray: {X-ray, Foxtrot, Romeo, India, Golf, Tango} 
2024-10-14 17:45:12.549649 X-ray: Group up?
ChatterBot Romeo reevaluating
ChatterBot India reevaluating
ChatterBot Golf reevaluating
ChatterBot Tango reevaluating
2024-10-14 17:45:12.556871 Foxtrot: No
2024-10-14 17:45:12.557066 Romeo: Yes
2024-10-14 17:45:12.557192 India: No
2024-10-14 17:45:12.557496 Golf: No
2024-10-14 17:45:12.558158 Tango: No
ChatterBot Romeo reevaluating
ChatterBot India reevaluating
ChatterBot Golf reevaluating
ChatterBot Tango reevaluating
ChatterBot India reevaluating
ChatterBot Golf reevaluating
ChatterBot Tango reevaluating
ChatterBot Romeo reevaluating
ChatterBot Golf reevaluating
ChatterBot Tango reevaluating
ChatterBot Romeo reevaluating
ChatterBot India reevaluating
ChatterBot Tango reevaluating
ChatterBot Romeo reevaluating
ChatterBot India reevaluating
ChatterBot Golf reevaluating
2024-10-14 17:45:12.625742 Yankee: Echo, India and Golf, sending you 1
2024-10-14 17:45:12.627291 Lima: Echo and India, sending you 1
2024-10-14 17:45:12.627884 November: Echo, India, Foxtrot, Tango, Golf and Lima, sending you 1
2024-10-14 17:45:12.629664 Echo: November, sending you 1
2024-10-14 17:45:12.631636 X-ray: India, sending you 4
2024-10-14 17:45:12.632141 Yankee: November, sending you 2
2024-10-14 17:45:12.632734 Lima: November and Foxtrot, sending you 2
2024-10-14 17:45:12.633191 November: Yankee, sending you 3
2024-10-14 17:45:12.634664 Echo: India, sending you 3
2024-10-14 17:45:12.635041 Golf: November and Yankee, sending you 2
2024-10-14 17:45:12.635410 Tango: Echo, Golf, Lima and Yankee, sending you 3
2024-10-14 17:45:12.637253 Yankee: Foxtrot, sending you 4
2024-10-14 17:45:12.637709 X-ray: Foxtrot and Tango, sending you 2
2024-10-14 17:45:12.638052 Lima: Tango and Yankee, sending you 3
2024-10-14 17:45:12.638576 Echo: Foxtrot, Lima and Yankee, sending you 4
2024-10-14 17:45:12.640009 Foxtrot: Echo, November, India and Lima, sending you 1
2024-10-14 17:45:12.640550 Golf: India, sending you 3
2024-10-14 17:45:12.641905 India: Echo, sending you 1
2024-10-14 17:45:12.642492 Tango: November and Foxtrot, sending you 2
2024-10-14 17:45:12.643106 Yankee: Tango, sending you 5
2024-10-14 17:45:12.644294 Lima: Golf, sending you 4
2024-10-14 17:45:12.644872 X-ray: Romeo, sending you 1
2024-10-14 17:45:12.645237 Echo: Tango and Golf, sending you 2
2024-10-14 17:45:12.646597 Foxtrot: Tango and Yankee, sending you 4
2024-10-14 17:45:12.646953 Golf: Foxtrot, sending you 4
2024-10-14 17:45:12.647241 India: November, Tango and Golf, sending you 2
2024-10-14 17:45:12.648237 Tango: India, sending you 1
2024-10-14 17:45:12.648579 Romeo: India, sending you 3
2024-10-14 17:45:12.648864 Yankee: Lima, sending you 3
2024-10-14 17:45:12.654196 Golf: Tango and Lima, sending you 1
2024-10-14 17:45:12.654825 Foxtrot: Golf, sending you 2
2024-10-14 17:45:12.655951 Romeo: Foxtrot and X-ray, sending you 2
2024-10-14 17:45:12.656239 India: Lima and Yankee, sending you 3
2024-10-14 17:45:12.666697 Romeo: Tango, sending you 5
2024-10-14 17:45:12.671770 Romeo: Golf, sending you 4
chatterbot India submitting transactions
chatterbot Echo submitting transactions
chatterbot Golf submitting transactions
chatterbot Tango submitting transactions
chatterbot Romeo submitting transactions
chatterbot Yankee submitting transactions
chatterbot Foxtrot submitting transactions
chatterbot November submitting transactions
chatterbot X-ray submitting transactions
chatterbot Lima submitting transactions
ChatterBot Echo round 2
ChatterBot November round 2
ChatterBot India round 2
ChatterBot Foxtrot round 2
ChatterBot Tango round 2
ChatterBot Golf round 2
ChatterBot Romeo round 2
ChatterBot Lima round 2
ChatterBot Yankee round 2
ChatterBot X-ray round 2
2024-10-14 17:45:14.247243 X-ray: Let's form a team
ChatterBot Romeo reevaluating
ChatterBot November reevaluating
2024-10-14 17:45:14.259815 Romeo: No
2024-10-14 17:45:14.260428 November: No
ChatterBot November reevaluating
ChatterBot Romeo reevaluating
2024-10-14 17:45:14.319751 Golf: We should drop November
ChatterBot Foxtrot reevaluating
2024-10-14 17:45:14.348719 Echo: No
2024-10-14 17:45:14.348962 India: Yes
2024-10-14 17:45:14.349122 Foxtrot: Yes
2024-10-14 17:45:14.349822 Tango: No
2024-10-14 17:45:14.349982 Lima: No
2024-10-14 17:45:14.350134 Yankee: Yes
ChatterBot Foxtrot reevaluating
ChatterBot Foxtrot reevaluating
ChatterBot Tango reevaluating
ChatterBot Foxtrot reevaluating
ChatterBot Foxtrot reevaluating
ChatterBot Tango reevaluating
ChatterBot Foxtrot reevaluating
ChatterBot Tango reevaluating
2024-10-14 17:45:14.732673 Lima: Echo, sending you 4
2024-10-14 17:45:14.733593 X-ray: November, sending you 3
2024-10-14 17:45:14.733869 Echo: November, India, Foxtrot and Lima, sending you 3
chatterbot Lima submitting transactions
2024-10-14 17:45:14.930442 Lima: November, Foxtrot and Golf, sending you 1
2024-10-14 17:45:14.930835 X-ray: Romeo, sending you 6
2024-10-14 17:45:14.931023 Echo: Tango, sending you 5
2024-10-14 17:45:14.931727 Golf: Echo, India, Foxtrot, Tango and Yankee, sending you 2
2024-10-14 17:45:14.931967 November: Echo, Foxtrot, Golf, Lima and Yankee, sending you 1
2024-10-14 17:45:14.932339 Romeo: November, sending you 3
chatterbot November submitting transactions
chatterbot Romeo submitting transactions
chatterbot Golf submitting transactions
2024-10-14 17:45:15.033026 Golf: Lima, sending you 3
2024-10-14 17:45:15.034291 November: India and Tango, sending you 2
2024-10-14 17:45:15.035876 Lima: India, Tango and Yankee, sending you 3
2024-10-14 17:45:15.037073 Yankee: Echo, India, Foxtrot, Tango and Lima, sending you 3
2024-10-14 17:45:15.037691 Echo: Yankee, sending you 2
2024-10-14 17:45:15.038838 Romeo: X-ray, sending you 12
2024-10-14 17:45:15.039385 India: Echo and Golf, sending you 3
chatterbot Foxtrot submitting transactions
chatterbot Echo submitting transactions
2024-10-14 17:45:15.041073 Yankee: Golf, sending you 2
2024-10-14 17:45:15.103747 Foxtrot: Echo and Yankee, sending you 3
2024-10-14 17:45:15.104396 India: Foxtrot, Tango and Lima, sending you 2
2024-10-14 17:45:15.131386 Foxtrot: India, sending you 1
2024-10-14 17:45:15.131929 India: Yankee, sending you 1
2024-10-14 17:45:15.132825 Tango: Echo and India, sending you 2
2024-10-14 17:45:15.134890 Foxtrot: Tango and Lima, sending you 2
2024-10-14 17:45:15.180324 Tango: Foxtrot, sending you 4
2024-10-14 17:45:15.182266 Foxtrot: Golf, sending you 4
2024-10-14 17:45:15.190678 Tango: Golf, sending you 1
2024-10-14 17:45:15.314009 Tango: Lima, sending you 3
chatterbot India submitting transactions
chatterbot X-ray submitting transactions
2024-10-14 17:45:15.319460 Tango: Yankee, sending you 7
chatterbot Tango submitting transactions
chatterbot Yankee submitting transactions
ChatterBot Echo round 3
ChatterBot November round 3
ChatterBot India round 3
ChatterBot Foxtrot round 3
ChatterBot Tango round 3
ChatterBot Golf round 3
ChatterBot Romeo round 3
ChatterBot Lima round 3
ChatterBot Yankee round 3
ChatterBot X-ray round 3
2024-10-14 17:45:15.896398 November: Echo and Lima, sending you 2
2024-10-14 17:45:15.897599 Echo: November and Golf, sending you 2
2024-10-14 17:45:15.909552 November: India, Foxtrot, Tango, Golf and Yankee, sending you 1
2024-10-14 17:45:15.910356 Echo: India, Foxtrot, Tango and Yankee, sending you 3
2024-10-14 17:45:15.918006 Foxtrot: Echo, Tango, Golf and Yankee, sending you 3
2024-10-14 17:45:15.918407 Golf: Echo, India, Tango, Lima and Yankee, sending you 2
2024-10-14 17:45:15.918707 Tango: Echo, sending you 4
2024-10-14 17:45:15.919418 Echo: Lima, sending you 4
2024-10-14 17:45:15.919845 Yankee: Echo, Foxtrot, Golf and Lima, sending you 3
2024-10-14 17:45:15.920128 Romeo: November, sending you 3
2024-10-14 17:45:15.920901 India: Echo, sending you 3
2024-10-14 17:45:15.921247 Lima: Echo, Tango and Yankee, sending you 3
2024-10-14 17:45:15.921643 X-ray: November, sending you 3
2024-10-14 17:45:15.932892 Foxtrot: India and Lima, sending you 2
2024-10-14 17:45:15.933694 Golf: Foxtrot, sending you 3
2024-10-14 17:45:15.934012 Yankee: India, sending you 2
2024-10-14 17:45:15.934306 Tango: India and Golf, sending you 2
2024-10-14 17:45:15.935091 Romeo: X-ray, sending you 13
2024-10-14 17:45:15.935290 India: Foxtrot, Tango, Golf, Lima and Yankee, sending you 2
2024-10-14 17:45:15.935647 Lima: November, sending you 1
2024-10-14 17:45:15.936593 X-ray: Romeo, sending you 6
2024-10-14 17:45:15.956002 Yankee: Tango, sending you 4
2024-10-14 17:45:15.956408 Lima: India, Foxtrot and Golf, sending you 2
2024-10-14 17:45:15.956824 Tango: Foxtrot and Lima, sending you 3
2024-10-14 17:45:15.960144 Tango: Yankee, sending you 5
chatterbot India submitting transactions
chatterbot Echo submitting transactions
chatterbot Tango submitting transactions
chatterbot Lima submitting transactions
chatterbot X-ray submitting transactions
chatterbot November submitting transactions
chatterbot Golf submitting transactions
chatterbot Yankee submitting transactions
chatterbot Foxtrot submitting transactions
chatterbot Romeo submitting transactions
ChatterBot Echo round 4
ChatterBot November round 4
ChatterBot India round 4
ChatterBot Foxtrot round 4
ChatterBot Tango round 4
ChatterBot Golf round 4
ChatterBot Romeo round 4
ChatterBot Lima round 4
ChatterBot Yankee round 4
ChatterBot X-ray round 4
2024-10-14 17:45:17.199815 Echo: We should drop November
2024-10-14 17:45:17.215800 Golf: Yes
2024-10-14 17:45:17.215993 India: Yes
2024-10-14 17:45:17.216133 Foxtrot: Yes
2024-10-14 17:45:17.216259 Tango: Yes
2024-10-14 17:45:17.216380 Lima: No
2024-10-14 17:45:17.216522 Yankee: Yes
ChatterBot Echo reevaluating
ChatterBot Echo reevaluating
ChatterBot Echo reevaluating
ChatterBot Echo reevaluating
ChatterBot Echo reevaluating
ChatterBot Echo reevaluating
2024-10-14 17:45:17.316055 X-ray: We should replace November with Echo
2024-10-14 17:45:17.318262 Romeo: No
ChatterBot X-ray reevaluating
2024-10-14 17:45:17.327990 Romeo: We should drop November
ChatterBot X-ray reevaluating
2024-10-14 17:45:17.331402 X-ray: Yes
2024-10-14 17:45:17.334111 November: Echo, sending you 3
2024-10-14 17:45:17.337801 Foxtrot: Echo, Tango, Golf and Yankee, sending you 3
2024-10-14 17:45:17.339200 November: India, Tango, Golf and Yankee, sending you 1
2024-10-14 17:45:17.340655 Tango: Echo, Foxtrot and Lima, sending you 3
2024-10-14 17:45:17.341308 India: Echo, sending you 3
2024-10-14 17:45:17.344160 X-ray: Echo we want you to join our group
ChatterBot Echo reevaluating
2024-10-14 17:45:17.363871 Echo: No
ChatterBot X-ray reevaluating
2024-10-14 17:45:17.411366 Foxtrot: India and Lima, sending you 2
2024-10-14 17:45:17.412288 November: Lima, sending you 2
2024-10-14 17:45:17.416659 Tango: India and Golf, sending you 2
2024-10-14 17:45:17.417321 India: Foxtrot, Tango, Golf, Lima and Yankee, sending you 2
2024-10-14 17:45:17.419771 Golf: Echo, India, Tango, Lima and Yankee, sending you 2
2024-10-14 17:45:17.420408 Yankee: Echo, Foxtrot, Golf and Lima, sending you 3
2024-10-14 17:45:17.430885 Tango: Yankee, sending you 6
2024-10-14 17:45:17.431730 Lima: Echo, Tango and Yankee, sending you 3
2024-10-14 17:45:17.433434 Romeo: Sending you 16
2024-10-14 17:45:17.433832 Golf: Foxtrot, sending you 3
2024-10-14 17:45:17.434579 Yankee: India, sending you 2
2024-10-14 17:45:17.441795 Lima: November, sending you 1
2024-10-14 17:45:17.442913 Yankee: Tango, sending you 4
2024-10-14 17:45:17.454131 Lima: India, Foxtrot and Golf, sending you 2
2024-10-14 17:45:17.459255 Echo: India, Foxtrot, Golf and Yankee, sending you 3
2024-10-14 17:45:17.466035 X-ray: Echo, sending you 3
2024-10-14 17:45:17.466639 Echo: Tango and Lima, sending you 4
2024-10-14 17:45:17.473388 X-ray: Romeo, sending you 6
chatterbot Tango submitting transactions
chatterbot Foxtrot submitting transactions
chatterbot India submitting transactions
chatterbot Lima submitting transactions
chatterbot Yankee submitting transactions
chatterbot Romeo submitting transactions
chatterbot Golf submitting transactions
chatterbot November submitting transactions
chatterbot X-ray submitting transactions
chatterbot Echo submitting transactions
ChatterBot Echo round 5
ChatterBot November round 5
ChatterBot India round 5
ChatterBot Foxtrot round 5
ChatterBot Tango round 5
ChatterBot Golf round 5
ChatterBot Romeo round 5
ChatterBot Lima round 5
ChatterBot Yankee round 5
ChatterBot X-ray round 5
2024-10-14 17:45:18.537340 X-ray: We should replace Echo with Lima
2024-10-14 17:45:18.540574 Romeo: No
2024-10-14 17:45:18.544282 India: We should drop Foxtrot
2024-10-14 17:45:18.558804 Echo: No
2024-10-14 17:45:18.558967 Tango: No
2024-10-14 17:45:18.559090 Golf: No
2024-10-14 17:45:18.559206 Lima: No
2024-10-14 17:45:18.559317 Yankee: No
ChatterBot India reevaluating
ChatterBot India reevaluating
ChatterBot India reevaluating
ChatterBot India reevaluating
ChatterBot India reevaluating
2024-10-14 17:45:18.619334 X-ray: Lima we want you to join our group
2024-10-14 17:45:18.621950 Lima: No
2024-10-14 17:45:18.626460 Echo: India, Foxtrot, Golf, Lima and Yankee, sending you 3
2024-10-14 17:45:18.627076 Tango: Echo, sending you 4
2024-10-14 17:45:18.627450 Foxtrot: Echo, Tango, Golf and Yankee, sending you 3
2024-10-14 17:45:18.628230 November: Echo and Lima, sending you 3
2024-10-14 17:45:18.628894 India: We should drop Golf
2024-10-14 17:45:18.639203 Echo: No
2024-10-14 17:45:18.639368 Foxtrot: No
2024-10-14 17:45:18.639467 Tango: No
2024-10-14 17:45:18.639552 Lima: No
2024-10-14 17:45:18.639657 Yankee: No
ChatterBot India reevaluating
ChatterBot India reevaluating
ChatterBot Yankee reevaluating
ChatterBot India reevaluating
ChatterBot Yankee reevaluating
ChatterBot India reevaluating
ChatterBot Yankee reevaluating
ChatterBot India reevaluating
2024-10-14 17:45:18.703475 Echo: Tango, sending you 4
2024-10-14 17:45:18.704105 Tango: India and Golf, sending you 2
2024-10-14 17:45:18.704545 Foxtrot: India and Lima, sending you 2
2024-10-14 17:45:18.705712 November: India, Tango and Yankee, sending you 1
2024-10-14 17:45:18.706698 Tango: Foxtrot and Lima, sending you 3
2024-10-14 17:45:18.708662 Lima: Echo, Tango and Yankee, sending you 3
2024-10-14 17:45:18.709294 Romeo: Same as last round
2024-10-14 17:45:18.709701 Tango: Yankee, sending you 5
2024-10-14 17:45:18.711230 Golf: Echo, India, Tango, Lima and Yankee, sending you 2
2024-10-14 17:45:18.712685 Lima: November, sending you 1
2024-10-14 17:45:18.714683 Golf: Foxtrot, sending you 3
2024-10-14 17:45:18.717702 Lima: India, Foxtrot and Golf, sending you 2
2024-10-14 17:45:18.718944 X-ray: Romeo, sending you 6
2024-10-14 17:45:18.724689 X-ray: Lima, sending you 3
2024-10-14 17:45:18.734674 Yankee: Echo, India, Foxtrot, Golf and Lima, sending you 3
2024-10-14 17:45:18.736656 India: Echo, Golf, Lima and Yankee, sending you 3
2024-10-14 17:45:18.739890 Yankee: Tango, sending you 4
2024-10-14 17:45:18.740414 India: Tango, sending you 1
chatterbot Tango submitting transactions
chatterbot Romeo submitting transactions
chatterbot India submitting transactions
chatterbot Foxtrot submitting transactions
chatterbot X-ray submitting transactions
chatterbot Echo submitting transactions
chatterbot Lima submitting transactions
chatterbot November submitting transactions
chatterbot Golf submitting transactions
chatterbot Yankee submitting transactions
ChatterBot Echo round 6
ChatterBot November round 6
ChatterBot India round 6
ChatterBot Foxtrot round 6
ChatterBot Tango round 6
ChatterBot Golf round 6
ChatterBot Romeo round 6
ChatterBot Lima round 6
ChatterBot Yankee round 6
ChatterBot X-ray round 6
2024-10-14 17:45:19.835169 India: We should replace Lima with Foxtrot
2024-10-14 17:45:19.846823 Echo: No
2024-10-14 17:45:19.847032 Tango: No
2024-10-14 17:45:19.847585 Golf: No
2024-10-14 17:45:19.847730 Yankee: No
ChatterBot India reevaluating
ChatterBot Yankee reevaluating
ChatterBot India reevaluating
ChatterBot Yankee reevaluating
ChatterBot India reevaluating
ChatterBot Yankee reevaluating
ChatterBot India reevaluating
2024-10-14 17:45:19.907713 X-ray: We should replace Lima with Golf
2024-10-14 17:45:19.910099 Romeo: No
2024-10-14 17:45:19.916759 X-ray: Golf we want you to join our group
2024-10-14 17:45:19.919495 Golf: No
2024-10-14 17:45:19.924030 Echo: India, Foxtrot, Golf, Lima and Yankee, sending you 3
2024-10-14 17:45:19.924591 November: Echo and Lima, sending you 3
2024-10-14 17:45:19.925184 India: Foxtrot we want you to join our group
2024-10-14 17:45:19.928432 Foxtrot: Yes
ChatterBot India reevaluating
2024-10-14 17:45:19.942111 Echo: Tango, sending you 4
2024-10-14 17:45:19.942563 Romeo: Same as last round
2024-10-14 17:45:19.942784 Tango: Echo, sending you 4
2024-10-14 17:45:19.943162 November: Tango, Golf and Yankee, sending you 1
2024-10-14 17:45:19.945673 Tango: India and Golf, sending you 2
2024-10-14 17:45:19.946633 Lima: Echo, Tango and Yankee, sending you 3
2024-10-14 17:45:19.947107 Golf: Echo, India, Tango, Lima and Yankee, sending you 2
2024-10-14 17:45:19.947677 Foxtrot: Echo, Tango, Golf and Yankee, sending you 3
2024-10-14 17:45:19.948330 Yankee: Echo, India, Foxtrot, Golf and Lima, sending you 3
2024-10-14 17:45:19.948991 Tango: Foxtrot and Lima, sending you 3
2024-10-14 17:45:19.949730 Lima: November, sending you 1
2024-10-14 17:45:19.950663 Foxtrot: India and Lima, sending you 2
2024-10-14 17:45:19.951674 Golf: Foxtrot, sending you 3
2024-10-14 17:45:19.952307 Yankee: Tango, sending you 4
2024-10-14 17:45:19.954660 Tango: Yankee, sending you 5
2024-10-14 17:45:19.955186 Lima: India, Foxtrot and Golf, sending you 2
2024-10-14 17:45:19.960684 X-ray: Golf, sending you 3
2024-10-14 17:45:19.965664 X-ray: Romeo, sending you 5
2024-10-14 17:45:19.972705 India: Echo, Golf and Yankee, sending you 3
2024-10-14 17:45:19.975690 India: Foxtrot and Tango, sending you 2
chatterbot Foxtrot submitting transactions
chatterbot Lima submitting transactions
chatterbot Echo submitting transactions
chatterbot Golf submitting transactions
chatterbot Yankee submitting transactions
chatterbot November submitting transactions
chatterbot Tango submitting transactions
chatterbot X-ray submitting transactions
chatterbot India submitting transactions
chatterbot Romeo submitting transactions
ChatterBot Echo round 7
ChatterBot November round 7
ChatterBot India round 7
ChatterBot Foxtrot round 7
ChatterBot Tango round 7
ChatterBot Golf round 7
ChatterBot Romeo round 7
ChatterBot Lima round 7
ChatterBot Yankee round 7
ChatterBot X-ray round 7
2024-10-14 17:45:21.126862 Lima: We should drop November
2024-10-14 17:45:21.144459 Golf: Yes
2024-10-14 17:45:21.144641 Echo: Yes
2024-10-14 17:45:21.144795 India: Yes
2024-10-14 17:45:21.144929 Foxtrot: Yes
2024-10-14 17:45:21.145063 Tango: Yes
2024-10-14 17:45:21.145193 Yankee: Yes
ChatterBot India reevaluating
ChatterBot India reevaluating
ChatterBot Lima reevaluating
ChatterBot India reevaluating
ChatterBot Lima reevaluating
ChatterBot India reevaluating
ChatterBot Lima reevaluating
ChatterBot India reevaluating
ChatterBot Lima reevaluating
2024-10-14 17:45:21.237677 Echo: India, Foxtrot, Golf, Lima and Yankee, sending you 3
2024-10-14 17:45:21.238941 Tango: Echo, sending you 4
2024-10-14 17:45:21.239915 Romeo: Same as last round
2024-10-14 17:45:21.240272 Foxtrot: Echo, Tango, Golf and Yankee, sending you 3
2024-10-14 17:45:21.241195 Golf: Echo, India, Tango, Lima and Yankee, sending you 2
2024-10-14 17:45:21.242558 November: Echo, sending you 2
2024-10-14 17:45:21.243885 Echo: Tango, sending you 4
2024-10-14 17:45:21.245311 Tango: India and Golf, sending you 2
2024-10-14 17:45:21.246198 Foxtrot: India and Lima, sending you 2
2024-10-14 17:45:21.247699 Yankee: Echo, India, Foxtrot, Golf and Lima, sending you 3
2024-10-14 17:45:21.248634 Golf: Foxtrot, sending you 3
2024-10-14 17:45:21.249791 November: India, Golf and Yankee, sending you 1
2024-10-14 17:45:21.252019 Tango: Foxtrot and Lima, sending you 3
2024-10-14 17:45:21.252925 X-ray: Golf, sending you 3
2024-10-14 17:45:21.254040 Yankee: Tango, sending you 4
2024-10-14 17:45:21.255009 November: Lima, sending you 4
2024-10-14 17:45:21.256555 Tango: Yankee, sending you 5
2024-10-14 17:45:21.257811 X-ray: Romeo, sending you 5
2024-10-14 17:45:21.266690 Lima: Echo, sending you 4
2024-10-14 17:45:21.271673 Lima: India, Foxtrot and Golf, sending you 2
2024-10-14 17:45:21.274704 India: Echo, Golf and Yankee, sending you 3
2024-10-14 17:45:21.276512 Lima: Tango and Yankee, sending you 3
2024-10-14 17:45:21.280666 India: Foxtrot and Tango, sending you 2
chatterbot Tango submitting transactions
chatterbot Yankee submitting transactions
chatterbot Romeo submitting transactions
chatterbot India submitting transactions
chatterbot Golf submitting transactions
chatterbot Lima submitting transactions
chatterbot November submitting transactions
chatterbot Foxtrot submitting transactions
chatterbot Echo submitting transactions
chatterbot X-ray submitting transactions
ChatterBot Echo round 8
ChatterBot November round 8
ChatterBot India round 8
ChatterBot Foxtrot round 8
ChatterBot Tango round 8
ChatterBot Golf round 8
ChatterBot Romeo round 8
ChatterBot Lima round 8
ChatterBot Yankee round 8
ChatterBot X-ray round 8
2024-10-14 17:45:22.409949 India: We should replace Tango with Lima
2024-10-14 17:45:22.419686 Echo: No
2024-10-14 17:45:22.419836 Foxtrot: No
2024-10-14 17:45:22.419946 Golf: No
2024-10-14 17:45:22.420045 Yankee: No
ChatterBot India reevaluating
ChatterBot India reevaluating
ChatterBot India reevaluating
ChatterBot India reevaluating
2024-10-14 17:45:22.547459 India: We should replace Golf with Lima
2024-10-14 17:45:22.561775 Echo: No
2024-10-14 17:45:22.562453 Foxtrot: No
2024-10-14 17:45:22.562659 Tango: No
2024-10-14 17:45:22.562848 Yankee: No
ChatterBot India reevaluating
ChatterBot India reevaluating
ChatterBot India reevaluating
ChatterBot India reevaluating
ChatterBot Foxtrot reevaluating
2024-10-14 17:45:22.608662 November: Echo, sending you 2
2024-10-14 17:45:22.609383 Golf: Echo, India, Tango, Lima and Yankee, sending you 2
2024-10-14 17:45:22.610351 Echo: India, Foxtrot, Golf and Yankee, sending you 3
2024-10-14 17:45:22.611311 Foxtrot: We should drop India
2024-10-14 17:45:22.624490 Echo: No
2024-10-14 17:45:22.624656 Tango: No
2024-10-14 17:45:22.624788 Golf: No
2024-10-14 17:45:22.624923 Lima: No
2024-10-14 17:45:22.625041 Yankee: No
ChatterBot Foxtrot reevaluating
ChatterBot Yankee reevaluating
ChatterBot Foxtrot reevaluating
ChatterBot Yankee reevaluating
ChatterBot Foxtrot reevaluating
ChatterBot Yankee reevaluating
ChatterBot Foxtrot reevaluating
ChatterBot Yankee reevaluating
ChatterBot Foxtrot reevaluating
2024-10-14 17:45:22.683861 November: Tango, Golf and Yankee, sending you 1
2024-10-14 17:45:22.684454 Golf: Foxtrot, sending you 3
2024-10-14 17:45:22.684994 Echo: Tango and Lima, sending you 4
2024-10-14 17:45:22.686672 November: Lima, sending you 4
2024-10-14 17:45:22.687685 Lima: Echo and Yankee, sending you 4
2024-10-14 17:45:22.688276 Tango: Echo, sending you 4
2024-10-14 17:45:22.689055 X-ray: Same as last round
2024-10-14 17:45:22.689671 Romeo: Same as last round
chatterbot Echo submitting transactions
2024-10-14 17:45:22.690796 Lima: India, sending you 1
2024-10-14 17:45:22.692666 Tango: India and Golf, sending you 2
2024-10-14 17:45:22.695659 Tango: Foxtrot and Lima, sending you 3
2024-10-14 17:45:22.696668 Lima: Foxtrot and Golf, sending you 2
2024-10-14 17:45:22.698707 India: Echo, Golf and Yankee, sending you 3
2024-10-14 17:45:22.699356 Tango: Yankee, sending you 5
2024-10-14 17:45:22.700141 Lima: Tango, sending you 3
2024-10-14 17:45:22.703660 India: Foxtrot and Tango, sending you 2
2024-10-14 17:45:22.704662 Yankee: Echo, India, Foxtrot, Golf and Lima, sending you 3
2024-10-14 17:45:22.708679 Yankee: Tango, sending you 4
2024-10-14 17:45:22.709692 Foxtrot: Echo, Tango, Golf and Yankee, sending you 3
2024-10-14 17:45:22.714652 Foxtrot: India and Lima, sending you 2
chatterbot Yankee submitting transactions
chatterbot Lima submitting transactions
chatterbot X-ray submitting transactions
chatterbot Tango submitting transactions
chatterbot Golf submitting transactions
chatterbot Foxtrot submitting transactions
chatterbot November submitting transactions
chatterbot India submitting transactions
chatterbot Romeo submitting transactions
ChatterBot Echo round 9
ChatterBot November round 9
ChatterBot India round 9
ChatterBot Foxtrot round 9
ChatterBot Tango round 9
ChatterBot Golf round 9
ChatterBot Romeo round 9
ChatterBot Lima round 9
ChatterBot Yankee round 9
ChatterBot X-ray round 9
2024-10-14 17:45:23.809679 Tango: Echo, sending you 4
2024-10-14 17:45:23.810802 Echo: India, Foxtrot, Golf and Yankee, sending you 3
2024-10-14 17:45:23.813681 Tango: India and Golf, sending you 2
2024-10-14 17:45:23.815658 Echo: Tango and Lima, sending you 4
2024-10-14 17:45:23.816960 Romeo: Same as last round
2024-10-14 17:45:23.817707 Tango: Foxtrot and Lima, sending you 3
2024-10-14 17:45:23.820658 Foxtrot: Echo, Tango, Golf and Yankee, sending you 3
2024-10-14 17:45:23.822125 Golf: Echo, India, Foxtrot, Tango and Lima, sending you 2
2024-10-14 17:45:23.823124 Tango: Yankee, sending you 5
2024-10-14 17:45:23.824248 India: Echo, Golf and Yankee, sending you 3
2024-10-14 17:45:23.824974 November: Echo, sending you 2
2024-10-14 17:45:23.825776 Foxtrot: India and Lima, sending you 2
2024-10-14 17:45:23.826668 Golf: Yankee, sending you 3
2024-10-14 17:45:23.827740 Lima: Echo, sending you 5
2024-10-14 17:45:23.828695 November: India, Golf and Yankee, sending you 1
2024-10-14 17:45:23.829733 India: Foxtrot and Tango, sending you 2
2024-10-14 17:45:23.831672 Lima: India, sending you 1
2024-10-14 17:45:23.832417 X-ray: Sending you 4
2024-10-14 17:45:23.832643 November: Lima, sending you 4
2024-10-14 17:45:23.833228 Yankee: Echo, India, Foxtrot, Golf and Lima, sending you 3
2024-10-14 17:45:23.836705 Lima: Foxtrot and Golf, sending you 2
2024-10-14 17:45:23.837779 Yankee: Tango, sending you 4
2024-10-14 17:45:23.842663 Lima: Tango and Yankee, sending you 3
chatterbot India submitting transactions
chatterbot Foxtrot submitting transactions
chatterbot X-ray submitting transactions
chatterbot Lima submitting transactions
chatterbot Echo submitting transactions
chatterbot Tango submitting transactions
chatterbot Golf submitting transactions
chatterbot Romeo submitting transactions
chatterbot November submitting transactions
chatterbot Yankee submitting transactions
ChatterBot Echo round 10
ChatterBot November round 10
ChatterBot India round 10
ChatterBot Foxtrot round 10
ChatterBot Tango round 10
ChatterBot Golf round 10
ChatterBot Romeo round 10
ChatterBot Lima round 10
ChatterBot Yankee round 10
ChatterBot X-ray round 10
2024-10-14 17:45:25.091942 X-ray: We should add Yankee
2024-10-14 17:45:25.096292 Romeo: No
ChatterBot X-ray reevaluating
2024-10-14 17:45:25.103668 November: Echo, sending you 2
2024-10-14 17:45:25.107664 Tango: Echo, sending you 4
2024-10-14 17:45:25.109678 November: Tango, Golf and Yankee, sending you 1
2024-10-14 17:45:25.111666 Tango: India and Golf, sending you 2
2024-10-14 17:45:25.113029 Echo: India, Foxtrot, Golf and Yankee, sending you 3
2024-10-14 17:45:25.113899 November: Lima, sending you 4
2024-10-14 17:45:25.114569 Foxtrot: Echo, Tango, Golf and Yankee, sending you 3
2024-10-14 17:45:25.115413 Golf: Echo, India, Foxtrot, Tango and Lima, sending you 2
2024-10-14 17:45:25.116679 Tango: Foxtrot and Lima, sending you 3
2024-10-14 17:45:25.117883 Foxtrot: India and Lima, sending you 2
2024-10-14 17:45:25.119196 Echo: Tango and Lima, sending you 4
2024-10-14 17:45:25.120727 Yankee: Echo, India, Foxtrot, Golf and Lima, sending you 3
2024-10-14 17:45:25.121852 Golf: Yankee, sending you 3
2024-10-14 17:45:25.122995 Tango: Yankee, sending you 5
2024-10-14 17:45:25.124142 India: Echo, Golf and Yankee, sending you 3
2024-10-14 17:45:25.124787 Romeo: Same as last round
2024-10-14 17:45:25.125154 Yankee: Tango, sending you 5
2024-10-14 17:45:25.126675 Lima: Echo, sending you 5
2024-10-14 17:45:25.128666 India: Foxtrot and Tango, sending you 2
2024-10-14 17:45:25.129668 Lima: India, sending you 1
2024-10-14 17:45:25.133703 Lima: Foxtrot and Golf, sending you 2
2024-10-14 17:45:25.136015 X-ray: Same as last round
2024-10-14 17:45:25.137660 Lima: Tango and Yankee, sending you 3
chatterbot Lima submitting transactions
chatterbot Yankee submitting transactions
chatterbot Echo submitting transactions
chatterbot India submitting transactions
chatterbot Foxtrot submitting transactions
chatterbot November submitting transactions
chatterbot Tango submitting transactions
chatterbot Romeo submitting transactions
chatterbot Golf submitting transactions
chatterbot X-ray submitting transactions
ChatterBot Echo round 11
ChatterBot November round 11
ChatterBot India round 11
ChatterBot Foxtrot round 11
ChatterBot Tango round 11
ChatterBot Golf round 11
ChatterBot Romeo round 11
ChatterBot Lima round 11
ChatterBot Yankee round 11
ChatterBot X-ray round 11
2024-10-14 17:45:26.357973 X-ray: We should add Yankee
2024-10-14 17:45:26.360845 Romeo: No
2024-10-14 17:45:26.364031 Yankee: We should drop India
ChatterBot Foxtrot reevaluating
ChatterBot Golf reevaluating
2024-10-14 17:45:26.378084 Foxtrot: Yes
2024-10-14 17:45:26.378276 Echo: No
2024-10-14 17:45:26.378453 Tango: No
2024-10-14 17:45:26.378628 Golf: Yes
2024-10-14 17:45:26.378804 Lima: No
ChatterBot Golf reevaluating
ChatterBot Yankee reevaluating
ChatterBot Foxtrot reevaluating
ChatterBot Golf reevaluating
ChatterBot Yankee reevaluating
ChatterBot Foxtrot reevaluating
ChatterBot Golf reevaluating
ChatterBot Yankee reevaluating
ChatterBot Foxtrot reevaluating
ChatterBot Tango reevaluating
ChatterBot Yankee reevaluating
ChatterBot Foxtrot reevaluating
ChatterBot Tango reevaluating
ChatterBot Golf reevaluating
ChatterBot Yankee reevaluating
2024-10-14 17:45:26.454468 X-ray: Yankee we want you to join our group
ChatterBot Yankee reevaluating
2024-10-14 17:45:26.458978 Yankee: No
2024-10-14 17:45:26.467675 November: Echo, sending you 2
2024-10-14 17:45:26.468999 Romeo: Same as last round
2024-10-14 17:45:26.469247 Echo: India, Foxtrot, Golf and Yankee, sending you 3
2024-10-14 17:45:26.470076 India: Echo, Golf and Yankee, sending you 3
2024-10-14 17:45:26.471688 November: Tango, Golf and Yankee, sending you 1
2024-10-14 17:45:26.472691 Lima: Echo, sending you 5
2024-10-14 17:45:26.474677 Echo: Tango and Lima, sending you 4
2024-10-14 17:45:26.475375 India: Foxtrot and Tango, sending you 2
2024-10-14 17:45:26.476696 November: Lima, sending you 4
2024-10-14 17:45:26.477440 Lima: India, sending you 1
2024-10-14 17:45:26.480688 X-ray: Romeo, sending you 4
2024-10-14 17:45:26.482696 Foxtrot: Echo, Tango, Golf and Lima, sending you 3
2024-10-14 17:45:26.484141 Lima: Foxtrot and Golf, sending you 2
2024-10-14 17:45:26.485671 Tango: Echo and Yankee, sending you 5
2024-10-14 17:45:26.486889 X-ray: Yankee, sending you 3
2024-10-14 17:45:26.487242 Yankee: Echo, India, Foxtrot, Golf and Lima, sending you 3
2024-10-14 17:45:26.488806 Foxtrot: Yankee, sending you 4
2024-10-14 17:45:26.489834 Lima: Tango and Yankee, sending you 3
2024-10-14 17:45:26.490955 Tango: Foxtrot, Golf and Lima, sending you 3
2024-10-14 17:45:26.492655 Yankee: Tango, sending you 5
2024-10-14 17:45:26.506065 Golf: Echo, Foxtrot and Yankee, sending you 3
2024-10-14 17:45:26.511679 Golf: Tango and Lima, sending you 2
chatterbot X-ray submitting transactions
chatterbot Echo submitting transactions
chatterbot November submitting transactions
chatterbot Lima submitting transactions
chatterbot Foxtrot submitting transactions
chatterbot Romeo submitting transactions
chatterbot Golf submitting transactions
chatterbot India submitting transactions
chatterbot Tango submitting transactions
chatterbot Yankee submitting transactions
ChatterBot Echo round 12
ChatterBot November round 12
ChatterBot India round 12
ChatterBot Foxtrot round 12
ChatterBot Tango round 12
ChatterBot Golf round 12
ChatterBot Romeo round 12
ChatterBot Lima round 12
ChatterBot Yankee round 12
ChatterBot X-ray round 12
2024-10-14 17:45:27.746859 Yankee: We should drop India
2024-10-14 17:45:27.770662 Foxtrot: Yes
2024-10-14 17:45:27.770924 Echo: No
2024-10-14 17:45:27.771288 Tango: Yes
2024-10-14 17:45:27.771557 Golf: Yes
2024-10-14 17:45:27.772290 Lima: No
ChatterBot Yankee reevaluating
ChatterBot Yankee reevaluating
ChatterBot Yankee reevaluating
ChatterBot Yankee reevaluating
ChatterBot Yankee reevaluating
2024-10-14 17:45:27.885120 Echo: India, Foxtrot, Golf and Yankee, sending you 3
2024-10-14 17:45:27.886174 India: Echo, sending you 3
2024-10-14 17:45:27.886653 Tango: Echo and Yankee, sending you 5
2024-10-14 17:45:27.887120 X-ray: Sending you 3
2024-10-14 17:45:27.887376 Romeo: Same as last round
2024-10-14 17:45:27.887642 November: Echo, sending you 2
2024-10-14 17:45:27.889135 Foxtrot: Echo, Tango, Golf and Lima, sending you 3
2024-10-14 17:45:27.889596 Golf: Echo, Foxtrot and Yankee, sending you 3
2024-10-14 17:45:27.890038 Lima: Echo, sending you 5
2024-10-14 17:45:27.891665 Echo: Tango and Lima, sending you 4
2024-10-14 17:45:27.892517 India: Foxtrot, Tango and Golf, sending you 2
2024-10-14 17:45:27.892951 Tango: Foxtrot, Golf and Lima, sending you 3
2024-10-14 17:45:27.893428 Foxtrot: Yankee, sending you 4
2024-10-14 17:45:27.893937 November: Tango, Golf and Yankee, sending you 1
2024-10-14 17:45:27.894999 Golf: Tango and Lima, sending you 2
2024-10-14 17:45:27.895716 Lima: Foxtrot and Golf, sending you 2
2024-10-14 17:45:27.896561 India: Yankee, sending you 4
2024-10-14 17:45:27.899676 November: Lima, sending you 4
2024-10-14 17:45:27.900776 Lima: Tango, sending you 3
2024-10-14 17:45:27.904688 Lima: Yankee, sending you 4
2024-10-14 17:45:27.922664 Yankee: Echo, Foxtrot and Lima, sending you 4
2024-10-14 17:45:27.925993 Yankee: Tango, sending you 5
2024-10-14 17:45:27.930169 Yankee: Golf, sending you 3
chatterbot Romeo submitting transactions
chatterbot Foxtrot submitting transactions
chatterbot Echo submitting transactions
chatterbot Tango submitting transactions
chatterbot Lima submitting transactions
chatterbot Golf submitting transactions
chatterbot X-ray submitting transactions
chatterbot November submitting transactions
chatterbot India submitting transactions
chatterbot Yankee submitting transactions
ChatterBot Echo round 13
ChatterBot November round 13
ChatterBot India round 13
ChatterBot Foxtrot round 13
ChatterBot Tango round 13
ChatterBot Golf round 13
ChatterBot Romeo round 13
ChatterBot Lima round 13
ChatterBot Yankee round 13
ChatterBot X-ray round 13
2024-10-14 17:45:29.004655 Romeo: Same as last round
2024-10-14 17:45:29.006690 Golf: Echo, Foxtrot and Yankee, sending you 3
2024-10-14 17:45:29.007657 India: Echo, sending you 4
2024-10-14 17:45:29.008229 Tango: Echo, sending you 5
2024-10-14 17:45:29.009698 Echo: India, Foxtrot, Golf and Yankee, sending you 3
2024-10-14 17:45:29.010653 X-ray: Same as last round
2024-10-14 17:45:29.011947 Golf: Tango and Lima, sending you 2
2024-10-14 17:45:29.012575 Tango: Foxtrot and Lima, sending you 3
2024-10-14 17:45:29.013198 India: Foxtrot, Tango and Golf, sending you 2
2024-10-14 17:45:29.013833 Echo: Tango and Lima, sending you 4
2024-10-14 17:45:29.014781 Lima: Echo, sending you 5
2024-10-14 17:45:29.015873 November: Echo, sending you 2
2024-10-14 17:45:29.016572 Yankee: Echo, Foxtrot and Lima, sending you 4
2024-10-14 17:45:29.017062 Foxtrot: Echo, Tango, Golf and Lima, sending you 3
2024-10-14 17:45:29.017552 Tango: Golf, sending you 2
2024-10-14 17:45:29.018399 India: Yankee, sending you 3
2024-10-14 17:45:29.018869 November: Tango, Golf and Yankee, sending you 1
2024-10-14 17:45:29.019677 Lima: Foxtrot and Golf, sending you 2
2024-10-14 17:45:29.021172 Foxtrot: Yankee, sending you 4
2024-10-14 17:45:29.021796 Yankee: Tango, sending you 5
2024-10-14 17:45:29.022207 Tango: Yankee, sending you 6
2024-10-14 17:45:29.022674 November: Lima, sending you 4
2024-10-14 17:45:29.023675 Lima: Tango, sending you 3
2024-10-14 17:45:29.026668 Yankee: Golf, sending you 3
2024-10-14 17:45:29.029673 Lima: Yankee, sending you 4
chatterbot Tango submitting transactions
chatterbot Yankee submitting transactions
chatterbot India submitting transactions
chatterbot Romeo submitting transactions
chatterbot November submitting transactions
chatterbot X-ray submitting transactions
chatterbot Lima submitting transactions
chatterbot Echo submitting transactions
chatterbot Foxtrot submitting transactions
chatterbot Golf submitting transactions
ChatterBot Echo round 14
ChatterBot November round 14
ChatterBot India round 14
ChatterBot Foxtrot round 14
ChatterBot Tango round 14
ChatterBot Golf round 14
ChatterBot Romeo round 14
ChatterBot Lima round 14
ChatterBot Yankee round 14
ChatterBot X-ray round 14
2024-10-14 17:45:30.235390 Echo: We should drop India
ChatterBot Lima reevaluating
2024-10-14 17:45:30.249570 Foxtrot: Yes
2024-10-14 17:45:30.249758 Tango: Yes
2024-10-14 17:45:30.249896 Golf: Yes
2024-10-14 17:45:30.250018 Lima: Yes
2024-10-14 17:45:30.250138 Yankee: Yes
ChatterBot Echo reevaluating
ChatterBot Lima reevaluating
ChatterBot Echo reevaluating
ChatterBot Lima reevaluating
ChatterBot Echo reevaluating
ChatterBot Lima reevaluating
ChatterBot Echo reevaluating
ChatterBot Echo reevaluating
ChatterBot Lima reevaluating
2024-10-14 17:45:30.323671 India: Echo, sending you 4
2024-10-14 17:45:30.324699 Tango: Echo, sending you 5
2024-10-14 17:45:30.326666 November: Echo, sending you 2
2024-10-14 17:45:30.327899 Golf: Echo, Foxtrot and Yankee, sending you 3
2024-10-14 17:45:30.329058 India: Foxtrot, Tango and Golf, sending you 2
2024-10-14 17:45:30.329648 Tango: Foxtrot and Lima, sending you 3
2024-10-14 17:45:30.330259 Romeo: Same as last round
2024-10-14 17:45:30.331670 Foxtrot: Echo, Tango, Golf and Lima, sending you 3
