ChatterBot Bravo round 1
ChatterBot Golf round 1
ChatterBot Romeo round 1
randomSelections Golf: {Golf, Victor, Bravo, Uniform, Mike, Yankee} 
2024-10-14 17:45:12.079633 Golf: Let's form a team
ChatterBot Bravo reevaluating
2024-10-14 17:45:12.089302 Bravo: Yes
ChatterBot Mike round 1
ChatterBot Mike reevaluating
ChatterBot Mike reevaluating
2024-10-14 17:45:12.152401 Mike: Yes
ChatterBot Bravo reevaluating
ChatterBot Yankee round 1
ChatterBot Yankee reevaluating
ChatterBot Yankee reevaluating
ChatterBot Yankee reevaluating
2024-10-14 17:45:12.179065 Yankee: Yes
ChatterBot Bravo reevaluating
ChatterBot Mike reevaluating
ChatterBot Foxtrot round 1
ChatterBot Victor round 1
ChatterBot Victor reevaluating
ChatterBot Victor reevaluating
ChatterBot Victor reevaluating
ChatterBot Victor reevaluating
2024-10-14 17:45:12.207025 Victor: Yes
ChatterBot Bravo reevaluating
ChatterBot Mike reevaluating
ChatterBot Yankee reevaluating
ChatterBot India round 1
ChatterBot Uniform round 1
ChatterBot Uniform reevaluating
ChatterBot Uniform reevaluating
ChatterBot Uniform reevaluating
ChatterBot Uniform reevaluating
ChatterBot Uniform reevaluating
2024-10-14 17:45:12.233267 Uniform: Yes
ChatterBot Victor reevaluating
ChatterBot Bravo reevaluating
ChatterBot Mike reevaluating
ChatterBot Yankee reevaluating
ChatterBot Quebec round 1
randomSelections Romeo: {Romeo, India, Yankee} 
2024-10-14 17:45:12.252226 Romeo: We should group up
ChatterBot India reevaluating
ChatterBot Yankee reevaluating
2024-10-14 17:45:12.257326 India: Yes
2024-10-14 17:45:12.257571 Yankee: No
ChatterBot Yankee reevaluating
ChatterBot India reevaluating
randomSelections Foxtrot: {Foxtrot, Uniform, Victor, Yankee, Mike, Romeo} 
2024-10-14 17:45:12.268776 Foxtrot: Let's form a team
ChatterBot Uniform reevaluating
ChatterBot Victor reevaluating
ChatterBot Mike reevaluating
2024-10-14 17:45:12.277086 Uniform: No
2024-10-14 17:45:12.277361 Victor: No
2024-10-14 17:45:12.277590 Yankee: No
2024-10-14 17:45:12.277911 Mike: No
2024-10-14 17:45:12.278729 Romeo: No
ChatterBot Victor reevaluating
ChatterBot Mike reevaluating
ChatterBot Uniform reevaluating
ChatterBot Mike reevaluating
ChatterBot Uniform reevaluating
ChatterBot Victor reevaluating
ChatterBot Mike reevaluating
ChatterBot Uniform reevaluating
ChatterBot Victor reevaluating
ChatterBot Uniform reevaluating
ChatterBot Victor reevaluating
ChatterBot Mike reevaluating
randomSelections Quebec: {Quebec, Romeo, Golf} 
2024-10-14 17:45:12.327103 Quebec: Friends?
2024-10-14 17:45:12.331268 Romeo: No
2024-10-14 17:45:12.331517 Golf: No
2024-10-14 17:45:12.357929 Bravo: Golf and Uniform, sending you 3
2024-10-14 17:45:12.358364 Yankee: Bravo, sending you 2
2024-10-14 17:45:12.358714 Uniform: Bravo and Victor, sending you 3
2024-10-14 17:45:12.363430 Bravo: Mike and Yankee, sending you 4
2024-10-14 17:45:12.363778 India: Romeo, sending you 7
2024-10-14 17:45:12.364132 Foxtrot: Romeo, sending you 4
2024-10-14 17:45:12.365140 Mike: Bravo and Yankee, sending you 2
2024-10-14 17:45:12.365567 Yankee: Golf, sending you 4
2024-10-14 17:45:12.366537 Victor: Bravo and Golf, sending you 5
2024-10-14 17:45:12.366936 Uniform: Golf, sending you 5
2024-10-14 17:45:12.367372 Quebec: Golf, sending you 10
2024-10-14 17:45:12.367892 Romeo: Yankee, sending you 11
2024-10-14 17:45:12.368820 India: Yankee, sending you 6
2024-10-14 17:45:12.369231 Bravo: Victor, sending you 2
2024-10-14 17:45:12.369558 Mike: Victor and Uniform, sending you 4
2024-10-14 17:45:12.370522 Foxtrot: Mike, Yankee and Victor, sending you 2
2024-10-14 17:45:12.370900 Yankee: Mike and Victor, sending you 5
2024-10-14 17:45:12.371273 Uniform: Mike and Yankee, sending you 1
2024-10-14 17:45:12.372231 Quebec: Romeo, sending you 7
2024-10-14 17:45:12.372553 Victor: Mike, sending you 3
2024-10-14 17:45:12.372958 Romeo: India, sending you 6
2024-10-14 17:45:12.374132 Foxtrot: Uniform, sending you 1
2024-10-14 17:45:12.378230 Victor: Yankee, sending you 2
2024-10-14 17:45:12.382358 Victor: Uniform, sending you 4
chatterbot Yankee submitting transactions
chatterbot Foxtrot submitting transactions
chatterbot Golf submitting transactions
chatterbot Quebec submitting transactions
chatterbot Victor submitting transactions
chatterbot Bravo submitting transactions
chatterbot India submitting transactions
chatterbot Romeo submitting transactions
chatterbot Mike submitting transactions
chatterbot Uniform submitting transactions
ChatterBot Bravo round 2
ChatterBot Golf round 2
ChatterBot Romeo round 2
ChatterBot Mike round 2
ChatterBot Yankee round 2
ChatterBot Foxtrot round 2
ChatterBot Victor round 2
ChatterBot India round 2
ChatterBot Uniform round 2
2024-10-14 17:45:13.356034 Romeo: Group up?
ChatterBot Foxtrot reevaluating
ChatterBot India reevaluating
ChatterBot Quebec reevaluating
2024-10-14 17:45:13.404135 Foxtrot: Yes
2024-10-14 17:45:13.404386 India: No
2024-10-14 17:45:13.404528 Quebec: No
ChatterBot India reevaluating
ChatterBot Quebec reevaluating
ChatterBot Foxtrot reevaluating
ChatterBot Quebec reevaluating
ChatterBot Foxtrot reevaluating
ChatterBot India reevaluating
ChatterBot Quebec round 2
2024-10-14 17:45:13.443683 Yankee: Can we be friends?
ChatterBot Victor reevaluating
ChatterBot Uniform reevaluating
ChatterBot Foxtrot reevaluating
ChatterBot India reevaluating
2024-10-14 17:45:13.460144 Bravo: No
2024-10-14 17:45:13.460368 Mike: No
2024-10-14 17:45:13.460519 Victor: No
2024-10-14 17:45:13.460676 Uniform: No
2024-10-14 17:45:13.460828 Romeo: No
2024-10-14 17:45:13.461342 Foxtrot: No
2024-10-14 17:45:13.461463 India: No
ChatterBot Victor reevaluating
ChatterBot Uniform reevaluating
ChatterBot Foxtrot reevaluating
ChatterBot India reevaluating
ChatterBot Victor reevaluating
ChatterBot Uniform reevaluating
ChatterBot Foxtrot reevaluating
ChatterBot India reevaluating
ChatterBot Uniform reevaluating
ChatterBot Foxtrot reevaluating
ChatterBot India reevaluating
ChatterBot Victor reevaluating
ChatterBot Foxtrot reevaluating
ChatterBot India reevaluating
ChatterBot Victor reevaluating
ChatterBot Uniform reevaluating
ChatterBot Foxtrot reevaluating
ChatterBot India reevaluating
ChatterBot Victor reevaluating
ChatterBot Uniform reevaluating
ChatterBot India reevaluating
ChatterBot Victor reevaluating
ChatterBot Uniform reevaluating
ChatterBot Foxtrot reevaluating
2024-10-14 17:45:13.623133 Golf: We should add Quebec
ChatterBot Victor reevaluating
ChatterBot Uniform reevaluating
2024-10-14 17:45:13.642224 Victor: No
2024-10-14 17:45:13.642405 Bravo: No
2024-10-14 17:45:13.642568 Uniform: No
2024-10-14 17:45:13.642714 Mike: No
2024-10-14 17:45:13.643273 Yankee: No
ChatterBot Golf reevaluating
ChatterBot Uniform reevaluating
ChatterBot Golf reevaluating
ChatterBot Victor reevaluating
ChatterBot Uniform reevaluating
ChatterBot Mike reevaluating
ChatterBot Golf reevaluating
ChatterBot Victor reevaluating
ChatterBot Mike reevaluating
ChatterBot Golf reevaluating
ChatterBot Victor reevaluating
ChatterBot Uniform reevaluating
ChatterBot Golf reevaluating
ChatterBot Victor reevaluating
ChatterBot Uniform reevaluating
ChatterBot Mike reevaluating
2024-10-14 17:45:13.754857 Bravo: We should drop Golf
ChatterBot Mike reevaluating
ChatterBot Victor reevaluating
ChatterBot Uniform reevaluating
2024-10-14 17:45:13.769476 Mike: Yes
2024-10-14 17:45:13.769638 Yankee: Yes
2024-10-14 17:45:13.769757 Victor: Yes
2024-10-14 17:45:13.769868 Uniform: Yes
ChatterBot Victor reevaluating
ChatterBot Uniform reevaluating
ChatterBot Mike reevaluating
ChatterBot Victor reevaluating
ChatterBot Uniform reevaluating
ChatterBot Mike reevaluating
ChatterBot Uniform reevaluating
ChatterBot Mike reevaluating
ChatterBot Victor reevaluating
2024-10-14 17:45:13.830923 India: We should replace Yankee with Foxtrot
2024-10-14 17:45:13.834306 Romeo: Yes
ChatterBot India reevaluating
2024-10-14 17:45:13.839261 Victor: We should replace Golf with Foxtrot
ChatterBot Mike reevaluating
ChatterBot Uniform reevaluating
2024-10-14 17:45:13.852770 Bravo: No
2024-10-14 17:45:13.853401 Mike: No
2024-10-14 17:45:13.853530 Yankee: Yes
2024-10-14 17:45:13.853659 Uniform: Yes
ChatterBot Mike reevaluating
ChatterBot Victor reevaluating
ChatterBot Uniform reevaluating
ChatterBot Victor reevaluating
ChatterBot Uniform reevaluating
ChatterBot Mike reevaluating
ChatterBot Victor reevaluating
ChatterBot Uniform reevaluating
ChatterBot Mike reevaluating
ChatterBot Victor reevaluating
2024-10-14 17:45:13.967080 Romeo: Foxtrot, sending you 5
2024-10-14 17:45:13.967900 Yankee: Bravo, sending you 3
2024-10-14 17:45:13.968354 India: Foxtrot we want you to join our group
ChatterBot Foxtrot reevaluating
2024-10-14 17:45:13.973271 Foxtrot: Yes
2024-10-14 17:45:13.981936 Victor: Foxtrot we want you to join our group
ChatterBot Foxtrot reevaluating
2024-10-14 17:45:13.986974 Foxtrot: No
2024-10-14 17:45:14.004953 Romeo: India and Quebec, sending you 6
2024-10-14 17:45:14.005687 Yankee: Romeo and India, sending you 4
2024-10-14 17:45:14.498539 Bravo: Mike and Yankee, sending you 3
2024-10-14 17:45:14.499740 Yankee: Mike, Foxtrot, Victor and Uniform, sending you 2
2024-10-14 17:45:14.500980 Mike: Bravo and Victor, sending you 4
2024-10-14 17:45:14.501417 Golf: Bravo, sending you 2
2024-10-14 17:45:14.502680 Uniform: Bravo, Mike and Victor, sending you 3
2024-10-14 17:45:14.504848 Bravo: Victor, sending you 6
2024-10-14 17:45:14.505771 Mike: Yankee, sending you 5
2024-10-14 17:45:14.506192 Golf: Mike, sending you 1
2024-10-14 17:45:14.507252 Victor: Bravo, Mike, Yankee and Uniform, sending you 4
2024-10-14 17:45:14.507757 Uniform: Yankee and Foxtrot, sending you 2
2024-10-14 17:45:14.508671 India: Romeo, sending you 8
2024-10-14 17:45:14.580090 Bravo: Uniform, sending you 4
2024-10-14 17:45:14.581864 Mike: Uniform, sending you 2
2024-10-14 17:45:14.585757 Golf: Yankee, Victor and Uniform, sending you 3
2024-10-14 17:45:14.587016 Victor: Foxtrot, sending you 3
2024-10-14 17:45:14.587649 India: Foxtrot, sending you 3
chatterbot Foxtrot submitting transactions
2024-10-14 17:45:14.868442 Foxtrot: Sending you each 6
chatterbot Mike submitting transactions
chatterbot Victor submitting transactions
chatterbot Yankee submitting transactions
chatterbot Bravo submitting transactions
chatterbot Romeo submitting transactions
chatterbot Foxtrot submitting transactions
chatterbot Golf submitting transactions
chatterbot Quebec submitting transactions
chatterbot Uniform submitting transactions
chatterbot India submitting transactions
ChatterBot Bravo round 3
ChatterBot Golf round 3
ChatterBot Romeo round 3
ChatterBot Mike round 3
ChatterBot Yankee round 3
ChatterBot Foxtrot round 3
ChatterBot Victor round 3
ChatterBot India round 3
ChatterBot Uniform round 3
ChatterBot Quebec round 3
2024-10-14 17:45:15.571381 Uniform: We should add Golf
ChatterBot Victor reevaluating
ChatterBot Mike reevaluating
ChatterBot Yankee reevaluating
2024-10-14 17:45:15.584887 Victor: Yes
2024-10-14 17:45:15.585433 Bravo: No
2024-10-14 17:45:15.585558 Mike: Yes
2024-10-14 17:45:15.585677 Yankee: Yes
2024-10-14 17:45:15.585803 Foxtrot: No
ChatterBot Bravo reevaluating
ChatterBot Mike reevaluating
ChatterBot Yankee reevaluating
ChatterBot Foxtrot reevaluating
ChatterBot Victor reevaluating
ChatterBot Mike reevaluating
ChatterBot Yankee reevaluating
ChatterBot Foxtrot reevaluating
ChatterBot Victor reevaluating
ChatterBot Bravo reevaluating
ChatterBot Yankee reevaluating
ChatterBot Foxtrot reevaluating
ChatterBot Victor reevaluating
ChatterBot Bravo reevaluating
ChatterBot Mike reevaluating
ChatterBot Foxtrot reevaluating
ChatterBot Victor reevaluating
ChatterBot Bravo reevaluating
ChatterBot Mike reevaluating
ChatterBot Yankee reevaluating
2024-10-14 17:45:15.759649 Foxtrot: We should add Yankee
ChatterBot Quebec reevaluating
2024-10-14 17:45:15.768145 Romeo: No
2024-10-14 17:45:15.768371 India: No
2024-10-14 17:45:15.768584 Quebec: No
ChatterBot Foxtrot reevaluating
ChatterBot Quebec reevaluating
ChatterBot Foxtrot reevaluating
ChatterBot Quebec reevaluating
ChatterBot Foxtrot reevaluating
2024-10-14 17:45:15.805881 Uniform: Golf we want you to join our group
2024-10-14 17:45:15.811168 Golf: No
ChatterBot Bravo reevaluating
ChatterBot Mike reevaluating
ChatterBot Yankee reevaluating
ChatterBot Victor reevaluating
ChatterBot Foxtrot reevaluating
2024-10-14 17:45:15.832461 Victor: We should replace Foxtrot with Golf
ChatterBot Bravo reevaluating
ChatterBot Mike reevaluating
2024-10-14 17:45:15.845428 Bravo: Yes
2024-10-14 17:45:15.845590 Mike: Yes
2024-10-14 17:45:15.845734 Yankee: Yes
2024-10-14 17:45:15.845849 Uniform: No
ChatterBot Mike reevaluating
ChatterBot Victor reevaluating
ChatterBot Bravo reevaluating
ChatterBot Victor reevaluating
ChatterBot Bravo reevaluating
ChatterBot Mike reevaluating
ChatterBot Victor reevaluating
ChatterBot Bravo reevaluating
ChatterBot Mike reevaluating
ChatterBot Victor reevaluating
2024-10-14 17:45:15.897832 Romeo: Foxtrot and India, sending you 6
2024-10-14 17:45:15.898151 Mike: Golf we want you to join our group
2024-10-14 17:45:15.901579 Golf: Yes
ChatterBot Victor reevaluating
2024-10-14 17:45:15.915039 India: Romeo, sending you 7
2024-10-14 17:45:15.915457 Bravo: Golf we want you to join our group
2024-10-14 17:45:15.918425 Golf: Yes
ChatterBot Victor reevaluating
2024-10-14 17:45:15.931881 Romeo: Quebec, sending you 5
2024-10-14 17:45:15.932305 Uniform: Bravo, Golf, Mike, Yankee and Foxtrot, sending you 2
2024-10-14 17:45:15.932609 India: Foxtrot, sending you 4
2024-10-14 17:45:15.937194 Uniform: Victor, sending you 3
2024-10-14 17:45:15.937530 Quebec: Romeo and Foxtrot, sending you 6
2024-10-14 17:45:15.938246 Golf: Bravo, sending you 2
2024-10-14 17:45:15.938560 Victor: Golf we want you to join our group
2024-10-14 17:45:15.941398 Golf: Yes
2024-10-14 17:45:15.953318 Yankee: Bravo, Golf, Mike and Victor, sending you 4
2024-10-14 17:45:15.953784 India: Quebec, sending you 2
2024-10-14 17:45:15.954580 Quebec: India, sending you 5
2024-10-14 17:45:15.954825 Golf: Mike, sending you 1
2024-10-14 17:45:15.957808 Foxtrot: Romeo, sending you 9
2024-10-14 17:45:15.958063 Yankee: Uniform, sending you 3
2024-10-14 17:45:15.958700 Golf: Yankee, Victor and Uniform, sending you 3
2024-10-14 17:45:15.959018 Mike: Bravo, Victor and Uniform, sending you 4
2024-10-14 17:45:16.447553 Bravo: Golf, sending you 2
2024-10-14 17:45:16.448733 Foxtrot: India, sending you 6
2024-10-14 17:45:16.449084 Mike: Golf, sending you 1
chatterbot Uniform submitting transactions
chatterbot Romeo submitting transactions
chatterbot India submitting transactions
2024-10-14 17:45:16.452297 Victor: Bravo, Mike, Yankee and Uniform, sending you 4
2024-10-14 17:45:16.452907 Mike: Yankee, sending you 5
2024-10-14 17:45:16.454045 Foxtrot: Quebec, sending you 3
2024-10-14 17:45:16.454479 Bravo: Mike, Yankee and Uniform, sending you 3
2024-10-14 17:45:16.496675 Victor: Golf, sending you 3
2024-10-14 17:45:16.497790 Bravo: Victor, sending you 5
chatterbot Quebec submitting transactions
chatterbot Golf submitting transactions
chatterbot Bravo submitting transactions
chatterbot Foxtrot submitting transactions
chatterbot Yankee submitting transactions
chatterbot Mike submitting transactions
chatterbot Victor submitting transactions
ChatterBot Bravo round 4
ChatterBot Golf round 4
ChatterBot Romeo round 4
ChatterBot Mike round 4
ChatterBot Yankee round 4
ChatterBot Foxtrot round 4
ChatterBot Victor round 4
ChatterBot India round 4
ChatterBot Uniform round 4
ChatterBot Quebec round 4
2024-10-14 17:45:17.484993 Mike: Bravo and Victor, sending you 4
2024-10-14 17:45:17.486821 India: Romeo, sending you 6
2024-10-14 17:45:17.489593 Foxtrot: Romeo, sending you 7
2024-10-14 17:45:17.490631 Bravo: Golf, sending you 2
2024-10-14 17:45:17.491696 Yankee: Bravo, Golf, Mike and Victor, sending you 4
2024-10-14 17:45:17.493360 Mike: Golf, sending you 2
2024-10-14 17:45:17.494900 Romeo: Foxtrot and India, sending you 6
2024-10-14 17:45:17.496033 India: Foxtrot, sending you 4
2024-10-14 17:45:17.496657 Foxtrot: India, sending you 6
2024-10-14 17:45:17.497747 Quebec: Romeo and Foxtrot, sending you 6
2024-10-14 17:45:17.498322 Bravo: Mike, Yankee and Uniform, sending you 3
2024-10-14 17:45:17.500120 Golf: Bravo and Mike, sending you 2
2024-10-14 17:45:17.501945 Yankee: Uniform, sending you 3
2024-10-14 17:45:17.502773 Mike: Yankee, sending you 5
2024-10-14 17:45:17.504390 Romeo: Quebec, sending you 5
2024-10-14 17:45:17.505517 India: Quebec, sending you 3
2024-10-14 17:45:17.506228 Foxtrot: Quebec, sending you 5
2024-10-14 17:45:17.507424 Quebec: India, sending you 5
2024-10-14 17:45:17.507960 Victor: Bravo, Mike, Yankee and Uniform, sending you 4
2024-10-14 17:45:17.509764 Bravo: Victor, sending you 5
2024-10-14 17:45:17.511830 Golf: Yankee, Victor and Uniform, sending you 3
2024-10-14 17:45:17.513461 Mike: Uniform, sending you 3
2024-10-14 17:45:17.514554 Uniform: Bravo, Golf, Mike, Yankee and Foxtrot, sending you 2
2024-10-14 17:45:17.516052 Victor: Golf, sending you 3
2024-10-14 17:45:17.520814 Uniform: Victor, sending you 3
chatterbot Bravo submitting transactions
chatterbot Golf submitting transactions
chatterbot Mike submitting transactions
chatterbot Yankee submitting transactions
chatterbot Uniform submitting transactions
chatterbot Romeo submitting transactions
chatterbot Victor submitting transactions
chatterbot Foxtrot submitting transactions
chatterbot Quebec submitting transactions
chatterbot India submitting transactions
ChatterBot Bravo round 5
ChatterBot Golf round 5
ChatterBot Romeo round 5
ChatterBot Mike round 5
ChatterBot Yankee round 5
ChatterBot Foxtrot round 5
ChatterBot Victor round 5
ChatterBot India round 5
ChatterBot Uniform round 5
ChatterBot Quebec round 5
2024-10-14 17:45:18.748666 Bravo: Golf, sending you 2
2024-10-14 17:45:18.749331 Golf: Bravo and Mike, sending you 2
2024-10-14 17:45:18.751673 Bravo: Mike and Uniform, sending you 3
2024-10-14 17:45:18.753669 Golf: Yankee, sending you 4
2024-10-14 17:45:18.754672 Bravo: Yankee and Victor, sending you 4
2024-10-14 17:45:18.755671 Romeo: Foxtrot and India, sending you 6
2024-10-14 17:45:18.756659 Golf: Victor and Uniform, sending you 3
2024-10-14 17:45:18.759678 Romeo: Quebec, sending you 5
2024-10-14 17:45:18.760673 Foxtrot: Romeo, sending you 7
2024-10-14 17:45:18.761910 Mike: Bravo, sending you 4
2024-10-14 17:45:18.762729 Quebec: Romeo and Foxtrot, sending you 6
2024-10-14 17:45:18.763676 Victor: Bravo, Mike, Yankee and Uniform, sending you 4
2024-10-14 17:45:18.764224 Uniform: Bravo, Golf, Mike, Yankee and Foxtrot, sending you 2
2024-10-14 17:45:18.765175 Foxtrot: India, sending you 5
2024-10-14 17:45:18.765666 Mike: Golf and Uniform, sending you 3
2024-10-14 17:45:18.766197 Quebec: India, sending you 5
2024-10-14 17:45:18.766693 Yankee: Bravo, Golf, Mike and Victor, sending you 4
2024-10-14 17:45:18.767687 Victor: Golf, sending you 3
2024-10-14 17:45:18.768854 India: Romeo, sending you 6
2024-10-14 17:45:18.769251 Foxtrot: Quebec, sending you 6
2024-10-14 17:45:18.769756 Uniform: Victor, sending you 3
2024-10-14 17:45:18.770691 Mike: Yankee and Victor, sending you 5
2024-10-14 17:45:18.771754 Yankee: Uniform, sending you 3
2024-10-14 17:45:18.773690 India: Foxtrot, sending you 4
2024-10-14 17:45:18.778675 India: Quebec, sending you 3
chatterbot Mike submitting transactions
chatterbot Bravo submitting transactions
chatterbot Romeo submitting transactions
chatterbot Golf submitting transactions
chatterbot Uniform submitting transactions
chatterbot India submitting transactions
chatterbot Foxtrot submitting transactions
chatterbot Quebec submitting transactions
chatterbot Yankee submitting transactions
chatterbot Victor submitting transactions
ChatterBot Bravo round 6
ChatterBot Golf round 6
ChatterBot Romeo round 6
ChatterBot Mike round 6
ChatterBot Yankee round 6
ChatterBot Foxtrot round 6
ChatterBot Victor round 6
ChatterBot India round 6
ChatterBot Uniform round 6
ChatterBot Quebec round 6
2024-10-14 17:45:19.864800 Uniform: We should drop Foxtrot
2024-10-14 17:45:19.875483 Golf: Yes
2024-10-14 17:45:19.875691 Victor: Yes
2024-10-14 17:45:19.875845 Bravo: Yes
2024-10-14 17:45:19.875975 Mike: Yes
2024-10-14 17:45:19.876101 Yankee: Yes
2024-10-14 17:45:19.940573 Golf: Bravo and Mike, sending you 2
2024-10-14 17:45:19.941027 Bravo: Golf, sending you 2
2024-10-14 17:45:19.944684 Golf: Yankee, sending you 4
2024-10-14 17:45:19.945317 Bravo: Mike and Uniform, sending you 3
2024-10-14 17:45:19.945848 Victor: Bravo, Mike, Yankee and Uniform, sending you 4
2024-10-14 17:45:19.946784 India: Romeo, sending you 5
2024-10-14 17:45:19.947138 Romeo: Foxtrot and India, sending you 6
2024-10-14 17:45:19.947533 Mike: Bravo, sending you 4
2024-10-14 17:45:19.948149 Foxtrot: Romeo, sending you 7
2024-10-14 17:45:19.948486 Yankee: Bravo, Golf, Mike and Victor, sending you 4
2024-10-14 17:45:19.949221 Golf: Victor and Uniform, sending you 3
2024-10-14 17:45:19.950229 Romeo: Quebec, sending you 5
2024-10-14 17:45:19.950678 Bravo: Yankee and Victor, sending you 4
2024-10-14 17:45:19.951415 Victor: Golf, sending you 3
2024-10-14 17:45:19.951934 India: Foxtrot and Quebec, sending you 4
2024-10-14 17:45:19.952234 Mike: Golf and Uniform, sending you 3
2024-10-14 17:45:19.952645 Foxtrot: India, sending you 5
2024-10-14 17:45:19.954149 Yankee: Uniform, sending you 3
2024-10-14 17:45:19.956678 Foxtrot: Quebec, sending you 6
2024-10-14 17:45:19.957681 Mike: Yankee and Victor, sending you 5
2024-10-14 17:45:19.958198 Quebec: Romeo and Foxtrot, sending you 6
2024-10-14 17:45:19.960698 Uniform: Bravo, Golf, Mike and Victor, sending you 3
2024-10-14 17:45:19.961699 Quebec: India, sending you 5
2024-10-14 17:45:19.963677 Uniform: Yankee, sending you 1
chatterbot Yankee submitting transactions
chatterbot Golf submitting transactions
chatterbot Quebec submitting transactions
chatterbot Victor submitting transactions
chatterbot India submitting transactions
chatterbot Uniform submitting transactions
chatterbot Foxtrot submitting transactions
chatterbot Mike submitting transactions
chatterbot Bravo submitting transactions
chatterbot Romeo submitting transactions
ChatterBot Bravo round 7
ChatterBot Golf round 7
ChatterBot Romeo round 7
ChatterBot Mike round 7
ChatterBot Yankee round 7
ChatterBot Foxtrot round 7
ChatterBot Victor round 7
ChatterBot India round 7
ChatterBot Uniform round 7
ChatterBot Quebec round 7
2024-10-14 17:45:21.104650 Foxtrot: Romeo, sending you 7
2024-10-14 17:45:21.106680 Golf: Bravo, sending you 2
2024-10-14 17:45:21.108684 India: Romeo, sending you 5
2024-10-14 17:45:21.109671 Foxtrot: India, sending you 5
2024-10-14 17:45:21.110448 Golf: Mike, Victor and Uniform, sending you 3
2024-10-14 17:45:21.112702 Mike: Bravo and Uniform, sending you 4
2024-10-14 17:45:21.113513 Foxtrot: Quebec, sending you 6
2024-10-14 17:45:21.113974 India: Foxtrot and Quebec, sending you 4
2024-10-14 17:45:21.114354 Golf: Yankee, sending you 4
2024-10-14 17:45:21.115685 Romeo: Foxtrot and India, sending you 6
2024-10-14 17:45:21.116678 Mike: Golf, sending you 2
2024-10-14 17:45:21.117848 Bravo: Golf, sending you 2
2024-10-14 17:45:21.118344 Yankee: Bravo, Golf, Mike and Victor, sending you 4
2024-10-14 17:45:21.118855 Romeo: Quebec, sending you 5
2024-10-14 17:45:21.120664 Uniform: Bravo, Golf, Mike and Victor, sending you 3
2024-10-14 17:45:21.121788 Bravo: Mike and Uniform, sending you 3
2024-10-14 17:45:21.122711 Yankee: Uniform, sending you 3
2024-10-14 17:45:21.124245 Mike: Yankee and Victor, sending you 5
2024-10-14 17:45:21.125154 Victor: Bravo, Mike, Yankee and Uniform, sending you 4
2024-10-14 17:45:21.126132 Bravo: Yankee and Victor, sending you 4
2024-10-14 17:45:21.127401 Uniform: Yankee, sending you 1
2024-10-14 17:45:21.128705 Quebec: Romeo and Foxtrot, sending you 6
2024-10-14 17:45:21.130668 Victor: Golf, sending you 3
2024-10-14 17:45:21.133681 Quebec: India, sending you 5
chatterbot Golf submitting transactions
chatterbot Romeo submitting transactions
chatterbot Foxtrot submitting transactions
chatterbot Bravo submitting transactions
chatterbot Yankee submitting transactions
chatterbot Quebec submitting transactions
chatterbot India submitting transactions
chatterbot Uniform submitting transactions
chatterbot Mike submitting transactions
chatterbot Victor submitting transactions
ChatterBot Bravo round 8
ChatterBot Golf round 8
ChatterBot Romeo round 8
ChatterBot Mike round 8
ChatterBot Yankee round 8
ChatterBot Foxtrot round 8
ChatterBot Victor round 8
ChatterBot India round 8
ChatterBot Uniform round 8
ChatterBot Quebec round 8
2024-10-14 17:45:22.342797 Uniform: We should add India
2024-10-14 17:45:22.358466 Golf: No
2024-10-14 17:45:22.358679 Victor: No
2024-10-14 17:45:22.358825 Bravo: No
2024-10-14 17:45:22.358947 Mike: No
2024-10-14 17:45:22.359053 Yankee: No
ChatterBot Uniform reevaluating
ChatterBot Uniform reevaluating
ChatterBot Uniform reevaluating
ChatterBot Uniform reevaluating
ChatterBot Uniform reevaluating
2024-10-14 17:45:22.423659 Bravo: Golf, sending you 2
2024-10-14 17:45:22.424372 Romeo: Foxtrot and India, sending you 6
2024-10-14 17:45:22.426766 Bravo: Mike and Uniform, sending you 3
2024-10-14 17:45:22.430480 Romeo: Quebec, sending you 5
2024-10-14 17:45:22.431655 Bravo: Yankee and Victor, sending you 4
2024-10-14 17:45:22.432680 Foxtrot: Romeo, sending you 7
2024-10-14 17:45:22.434679 Yankee: Bravo, Golf, Mike and Victor, sending you 4
2024-10-14 17:45:22.437716 Golf: Bravo, Mike, Victor and Uniform, sending you 3
2024-10-14 17:45:22.438734 Foxtrot: India, sending you 5
2024-10-14 17:45:22.439284 Mike: Bravo and Uniform, sending you 4
2024-10-14 17:45:22.441242 Victor: Bravo, Mike, Yankee and Uniform, sending you 4
2024-10-14 17:45:22.444869 Yankee: Uniform, sending you 3
2024-10-14 17:45:22.446200 Quebec: Romeo and Foxtrot, sending you 6
2024-10-14 17:45:22.446837 India: Romeo, sending you 5
2024-10-14 17:45:22.447350 Golf: Yankee, sending you 4
2024-10-14 17:45:22.449054 Foxtrot: Quebec, sending you 6
2024-10-14 17:45:22.450328 Mike: Golf, sending you 2
2024-10-14 17:45:22.454059 Victor: Golf, sending you 3
2024-10-14 17:45:22.455605 Quebec: India, sending you 5
2024-10-14 17:45:22.456243 Uniform: Bravo, Golf, Mike and Victor, sending you 3
2024-10-14 17:45:22.458069 India: Foxtrot and Quebec, sending you 4
2024-10-14 17:45:22.459262 Mike: Yankee and Victor, sending you 5
2024-10-14 17:45:22.463518 Uniform: Yankee, sending you 1
chatterbot Quebec submitting transactions
chatterbot Foxtrot submitting transactions
chatterbot Victor submitting transactions
chatterbot Golf submitting transactions
chatterbot Mike submitting transactions
chatterbot Bravo submitting transactions
chatterbot Romeo submitting transactions
chatterbot Yankee submitting transactions
chatterbot Uniform submitting transactions
chatterbot India submitting transactions
ChatterBot Bravo round 9
ChatterBot Golf round 9
ChatterBot Romeo round 9
ChatterBot Mike round 9
ChatterBot Yankee round 9
ChatterBot Foxtrot round 9
ChatterBot Victor round 9
ChatterBot India round 9
ChatterBot Uniform round 9
ChatterBot Quebec round 9
2024-10-14 17:45:23.625968 Uniform: We should add Romeo
2024-10-14 17:45:23.637572 Golf: No
2024-10-14 17:45:23.637776 Victor: No
2024-10-14 17:45:23.637930 Bravo: No
2024-10-14 17:45:23.638066 Mike: No
2024-10-14 17:45:23.638199 Yankee: No
ChatterBot Uniform reevaluating
ChatterBot Uniform reevaluating
ChatterBot Uniform reevaluating
ChatterBot Uniform reevaluating
ChatterBot Uniform reevaluating
2024-10-14 17:45:23.691654 Golf: Bravo, Mike, Victor and Uniform, sending you 3
2024-10-14 17:45:23.692990 Romeo: Foxtrot and India, sending you 6
2024-10-14 17:45:23.694066 Mike: Bravo and Uniform, sending you 4
2024-10-14 17:45:23.694710 Yankee: Bravo, Golf, Mike and Victor, sending you 4
2024-10-14 17:45:23.697118 Romeo: Quebec, sending you 5
2024-10-14 17:45:23.697689 Golf: Yankee, sending you 4
2024-10-14 17:45:23.698349 Mike: Golf, sending you 2
2024-10-14 17:45:23.699661 Yankee: Uniform, sending you 3
2024-10-14 17:45:23.700569 Quebec: Romeo and Foxtrot, sending you 6
2024-10-14 17:45:23.703666 Mike: Yankee and Victor, sending you 5
2024-10-14 17:45:23.705699 Quebec: India, sending you 5
2024-10-14 17:45:23.706106 India: Romeo, sending you 5
2024-10-14 17:45:23.706541 Victor: Bravo, Mike, Yankee and Uniform, sending you 4
2024-10-14 17:45:23.708645 Foxtrot: Romeo, sending you 7
2024-10-14 17:45:23.710187 Bravo: Golf, Mike, Yankee and Uniform, sending you 3
2024-10-14 17:45:23.711229 India: Foxtrot and Quebec, sending you 4
2024-10-14 17:45:23.711732 Victor: Golf, sending you 3
2024-10-14 17:45:23.712561 Foxtrot: India, sending you 5
2024-10-14 17:45:23.713663 Uniform: Bravo, Golf, Mike and Victor, sending you 3
2024-10-14 17:45:23.715084 Bravo: Victor, sending you 4
2024-10-14 17:45:23.716686 Foxtrot: Quebec, sending you 6
2024-10-14 17:45:23.718650 Uniform: Yankee, sending you 1
chatterbot Mike submitting transactions
chatterbot Foxtrot submitting transactions
chatterbot Golf submitting transactions
chatterbot Quebec submitting transactions
chatterbot Yankee submitting transactions
chatterbot India submitting transactions
chatterbot Bravo submitting transactions
chatterbot Uniform submitting transactions
chatterbot Victor submitting transactions
chatterbot Romeo submitting transactions
ChatterBot Bravo round 10
ChatterBot Golf round 10
ChatterBot Romeo round 10
ChatterBot Mike round 10
ChatterBot Yankee round 10
ChatterBot Foxtrot round 10
ChatterBot Victor round 10
ChatterBot India round 10
ChatterBot Uniform round 10
ChatterBot Quebec round 10
2024-10-14 17:45:24.923721 Golf: Bravo, Mike, Victor and Uniform, sending you 3
2024-10-14 17:45:24.925710 Romeo: Foxtrot and India, sending you 6
2024-10-14 17:45:24.929684 Golf: Yankee, sending you 4
2024-10-14 17:45:24.930858 Romeo: Quebec, sending you 5
2024-10-14 17:45:24.931690 Yankee: Bravo, Golf, Mike and Victor, sending you 4
2024-10-14 17:45:24.933260 Victor: Bravo, Mike, Yankee and Uniform, sending you 4
2024-10-14 17:45:24.934046 India: Romeo, sending you 5
2024-10-14 17:45:24.935675 Yankee: Uniform, sending you 3
2024-10-14 17:45:24.936672 Victor: Golf, sending you 3
2024-10-14 17:45:24.938379 India: Foxtrot and Quebec, sending you 4
2024-10-14 17:45:24.938994 Foxtrot: Romeo, sending you 7
2024-10-14 17:45:24.939544 Mike: Bravo, Yankee and Uniform, sending you 4
2024-10-14 17:45:24.943137 Foxtrot: India, sending you 5
2024-10-14 17:45:24.944686 Mike: Golf, sending you 3
2024-10-14 17:45:24.945423 Uniform: Bravo, Mike, Yankee and Victor, sending you 3
2024-10-14 17:45:24.946029 Bravo: Golf, Mike, Yankee and Uniform, sending you 3
2024-10-14 17:45:24.947679 Foxtrot: Quebec, sending you 6
2024-10-14 17:45:24.948929 Mike: Victor, sending you 5
2024-10-14 17:45:24.949820 Uniform: Golf, sending you 1
2024-10-14 17:45:24.950647 Quebec: Romeo and Foxtrot, sending you 6
2024-10-14 17:45:24.951210 Bravo: Victor, sending you 4
2024-10-14 17:45:24.954694 Quebec: India, sending you 5
chatterbot Uniform submitting transactions
chatterbot Bravo submitting transactions
chatterbot Mike submitting transactions
chatterbot Victor submitting transactions
chatterbot Quebec submitting transactions
chatterbot Romeo submitting transactions
chatterbot Foxtrot submitting transactions
chatterbot Yankee submitting transactions
chatterbot India submitting transactions
chatterbot Golf submitting transactions
ChatterBot Bravo round 11
ChatterBot Golf round 11
ChatterBot Romeo round 11
ChatterBot Mike round 11
ChatterBot Yankee round 11
ChatterBot Foxtrot round 11
ChatterBot Victor round 11
ChatterBot India round 11
ChatterBot Uniform round 11
ChatterBot Quebec round 11
2024-10-14 17:45:26.112673 Golf: Bravo, Mike, Victor and Uniform, sending you 3
2024-10-14 17:45:26.117229 Golf: Yankee, sending you 4
2024-10-14 17:45:26.118680 Bravo: Golf, Mike, Yankee and Uniform, sending you 3
2024-10-14 17:45:26.120020 Foxtrot: Romeo, sending you 7
2024-10-14 17:45:26.120549 Quebec: Romeo and Foxtrot, sending you 6
2024-10-14 17:45:26.121593 Uniform: Bravo, Golf, Mike and Victor, sending you 3
2024-10-14 17:45:26.122419 Yankee: Bravo, Golf, Mike and Victor, sending you 4
2024-10-14 17:45:26.123687 Bravo: Victor, sending you 4
2024-10-14 17:45:26.124519 Quebec: India, sending you 5
2024-10-14 17:45:26.125560 Foxtrot: India, sending you 5
2024-10-14 17:45:26.125980 Victor: Bravo, Mike, Yankee and Uniform, sending you 4
2024-10-14 17:45:26.126710 Uniform: Yankee, sending you 1
2024-10-14 17:45:26.127689 Yankee: Uniform, sending you 3
2024-10-14 17:45:26.128583 India: Romeo, sending you 5
2024-10-14 17:45:26.129081 Mike: Bravo, Yankee and Uniform, sending you 4
2024-10-14 17:45:26.131172 Romeo: Foxtrot and India, sending you 6
2024-10-14 17:45:26.131709 Foxtrot: Quebec, sending you 6
2024-10-14 17:45:26.132235 Victor: Golf, sending you 3
2024-10-14 17:45:26.133695 India: Foxtrot and Quebec, sending you 4
2024-10-14 17:45:26.135658 Mike: Golf, sending you 3
2024-10-14 17:45:26.136665 Romeo: Quebec, sending you 5
2024-10-14 17:45:26.140675 Mike: Victor, sending you 5
chatterbot Foxtrot submitting transactions
chatterbot Bravo submitting transactions
chatterbot Victor submitting transactions
chatterbot Uniform submitting transactions
chatterbot India submitting transactions
chatterbot Yankee submitting transactions
chatterbot Mike submitting transactions
chatterbot Quebec submitting transactions
chatterbot Romeo submitting transactions
chatterbot Golf submitting transactions
ChatterBot Bravo round 12
ChatterBot Golf round 12
ChatterBot Romeo round 12
ChatterBot Mike round 12
ChatterBot Yankee round 12
ChatterBot Foxtrot round 12
ChatterBot Victor round 12
ChatterBot India round 12
ChatterBot Uniform round 12
ChatterBot Quebec round 12
2024-10-14 17:45:27.230660 Romeo: Foxtrot and India, sending you 6
2024-10-14 17:45:27.233647 Romeo: Quebec, sending you 5
2024-10-14 17:45:27.240671 Victor: Bravo, Mike, Yankee and Uniform, sending you 4
2024-10-14 17:45:27.242680 Mike: Bravo, Yankee and Uniform, sending you 4
2024-10-14 17:45:27.243327 Bravo: Golf, Mike, Yankee and Uniform, sending you 3
2024-10-14 17:45:27.243951 Foxtrot: Romeo, sending you 7
2024-10-14 17:45:27.244278 Uniform: Bravo, Mike, Yankee and Victor, sending you 3
2024-10-14 17:45:27.245428 Yankee: Bravo, Golf and Victor, sending you 4
2024-10-14 17:45:27.246055 India: Romeo, sending you 5
2024-10-14 17:45:27.246848 Victor: Golf, sending you 3
2024-10-14 17:45:27.248094 Golf: Bravo, Mike, Victor and Uniform, sending you 3
2024-10-14 17:45:27.249779 Quebec: Romeo and Foxtrot, sending you 6
2024-10-14 17:45:27.250398 Mike: Golf, sending you 3
2024-10-14 17:45:27.251510 Uniform: Golf, sending you 1
2024-10-14 17:45:27.253184 Bravo: Victor, sending you 4
2024-10-14 17:45:27.254330 Foxtrot: India, sending you 5
2024-10-14 17:45:27.254957 Yankee: Mike, sending you 5
2024-10-14 17:45:27.256721 India: Foxtrot and Quebec, sending you 4
2024-10-14 17:45:27.257359 Quebec: India, sending you 5
2024-10-14 17:45:27.258 Golf: Yankee, sending you 4
2024-10-14 17:45:27.259158 Mike: Victor, sending you 5
2024-10-14 17:45:27.260681 Foxtrot: Quebec, sending you 6
2024-10-14 17:45:27.261662 Yankee: Uniform, sending you 3
chatterbot India submitting transactions
chatterbot Quebec submitting transactions
chatterbot Romeo submitting transactions
chatterbot Uniform submitting transactions
chatterbot Yankee submitting transactions
chatterbot Victor submitting transactions
chatterbot Foxtrot submitting transactions
chatterbot Bravo submitting transactions
chatterbot Mike submitting transactions
chatterbot Golf submitting transactions
ChatterBot Bravo round 13
ChatterBot Golf round 13
ChatterBot Romeo round 13
ChatterBot Mike round 13
ChatterBot Yankee round 13
ChatterBot Foxtrot round 13
ChatterBot Victor round 13
ChatterBot India round 13
ChatterBot Uniform round 13
ChatterBot Quebec round 13
2024-10-14 17:45:28.399674 Bravo: Golf, Mike, Yankee and Uniform, sending you 3
2024-10-14 17:45:28.404673 Bravo: Victor, sending you 4
2024-10-14 17:45:28.407680 Yankee: Bravo, Golf and Mike, sending you 4
2024-10-14 17:45:28.408680 Quebec: Romeo and Foxtrot, sending you 6
2024-10-14 17:45:28.410661 India: Romeo, sending you 5
2024-10-14 17:45:28.411689 Quebec: India, sending you 5
2024-10-14 17:45:28.412816 Golf: Bravo, Mike, Victor and Uniform, sending you 3
2024-10-14 17:45:28.413974 Yankee: Victor, sending you 5
2024-10-14 17:45:28.415214 Mike: Bravo, Yankee, Victor and Uniform, sending you 4
2024-10-14 17:45:28.416841 India: Foxtrot and Quebec, sending you 4
2024-10-14 17:45:28.417500 Victor: Bravo, Mike, Yankee and Uniform, sending you 4
2024-10-14 17:45:28.419221 Romeo: Foxtrot and India, sending you 6
2024-10-14 17:45:28.419849 Foxtrot: Romeo, sending you 7
2024-10-14 17:45:28.420462 Golf: Yankee, sending you 4
2024-10-14 17:45:28.422067 Yankee: Uniform, sending you 3
2024-10-14 17:45:28.423338 Mike: Golf, sending you 3
2024-10-14 17:45:28.425038 Victor: Golf, sending you 3
2024-10-14 17:45:28.426027 Romeo: Quebec, sending you 5
2024-10-14 17:45:28.426469 Foxtrot: India, sending you 5
2024-10-14 17:45:28.426907 Uniform: Bravo, Golf, Mike and Victor, sending you 3
2024-10-14 17:45:28.429657 Foxtrot: Quebec, sending you 6
2024-10-14 17:45:28.430801 Uniform: Yankee, sending you 1
chatterbot Yankee submitting transactions
chatterbot Quebec submitting transactions
chatterbot Bravo submitting transactions
chatterbot Romeo submitting transactions
chatterbot Victor submitting transactions
chatterbot Uniform submitting transactions
chatterbot Foxtrot submitting transactions
chatterbot Mike submitting transactions
chatterbot Golf submitting transactions
chatterbot India submitting transactions
ChatterBot Bravo round 14
ChatterBot Golf round 14
ChatterBot Romeo round 14
ChatterBot Mike round 14
ChatterBot Yankee round 14
ChatterBot Foxtrot round 14
ChatterBot Victor round 14
ChatterBot India round 14
ChatterBot Uniform round 14
ChatterBot Quebec round 14
2024-10-14 17:45:29.607678 Romeo: Foxtrot and India, sending you 6
2024-10-14 17:45:29.613676 Romeo: Quebec, sending you 5
2024-10-14 17:45:29.615664 Bravo: Golf, Mike, Yankee and Uniform, sending you 3
2024-10-14 17:45:29.616688 India: Romeo, sending you 5
2024-10-14 17:45:29.617723 Golf: Bravo, Mike, Victor and Uniform, sending you 3
2024-10-14 17:45:29.621116 Bravo: Victor, sending you 4
2024-10-14 17:45:29.622313 Victor: Bravo, Mike, Yankee and Uniform, sending you 4
2024-10-14 17:45:29.623477 India: Foxtrot and Quebec, sending you 4
2024-10-14 17:45:29.624757 Golf: Yankee, sending you 4
2024-10-14 17:45:29.625768 Mike: Bravo, Yankee and Uniform, sending you 4
2024-10-14 17:45:29.626913 Foxtrot: Romeo, sending you 7
2024-10-14 17:45:29.627489 Victor: Golf, sending you 3
2024-10-14 17:45:29.630666 Yankee: Bravo, Golf and Mike, sending you 4
2024-10-14 17:45:29.631757 Quebec: Romeo and Foxtrot, sending you 6
2024-10-14 17:45:29.632963 Mike: Golf, sending you 3
2024-10-14 17:45:29.634112 Uniform: Bravo, Mike, Yankee and Victor, sending you 3
2024-10-14 17:45:29.635099 Foxtrot: India, sending you 5
2024-10-14 17:45:29.635660 Yankee: Victor, sending you 5
2024-10-14 17:45:29.637330 Quebec: India, sending you 5
2024-10-14 17:45:29.637926 Mike: Victor, sending you 5
2024-10-14 17:45:29.638764 Uniform: Golf, sending you 1
2024-10-14 17:45:29.639675 Foxtrot: Quebec, sending you 6
2024-10-14 17:45:29.640860 Yankee: Uniform, sending you 3
chatterbot Bravo submitting transactions
chatterbot Foxtrot submitting transactions
chatterbot Quebec submitting transactions
chatterbot Victor submitting transactions
chatterbot Romeo submitting transactions
chatterbot Yankee submitting transactions
chatterbot Mike submitting transactions
chatterbot Uniform submitting transactions
chatterbot Golf submitting transactions
chatterbot India submitting transactions
ChatterBot Bravo round 15
ChatterBot Golf round 15
ChatterBot Romeo round 15
ChatterBot Mike round 15
ChatterBot Yankee round 15
