ChatterBot Papa round 1
ChatterBot Juliett round 1
ChatterBot Bravo round 1
ChatterBot Kilo round 1
ChatterBot Whiskey round 1
ChatterBot Sierra round 1
ChatterBot Romeo round 1
ChatterBot Alpha round 1
ChatterBot Victor round 1
ChatterBot Oscar round 1
randomSelections Bravo: {Bravo, Victor, Juliett, Alpha, Whiskey, Romeo} 
2024-10-14 17:45:12.356837 Bravo: We would work well together
ChatterBot Victor reevaluating
ChatterBot Juliett reevaluating
ChatterBot Alpha reevaluating
ChatterBot Whiskey reevaluating
ChatterBot Romeo reevaluating
2024-10-14 17:45:12.367214 Victor: Yes
2024-10-14 17:45:12.367384 Juliett: Yes
2024-10-14 17:45:12.367556 Alpha: Yes
2024-10-14 17:45:12.367694 Whiskey: Yes
2024-10-14 17:45:12.367823 Romeo: Yes
ChatterBot Juliett reevaluating
ChatterBot Alpha reevaluating
ChatterBot Whiskey reevaluating
ChatterBot Romeo reevaluating
ChatterBot Victor reevaluating
ChatterBot Alpha reevaluating
ChatterBot Whiskey reevaluating
ChatterBot Romeo reevaluating
ChatterBot Victor reevaluating
ChatterBot Juliett reevaluating
ChatterBot Whiskey reevaluating
ChatterBot Romeo reevaluating
ChatterBot Victor reevaluating
ChatterBot Juliett reevaluating
ChatterBot Alpha reevaluating
ChatterBot Romeo reevaluating
ChatterBot Victor reevaluating
ChatterBot Juliett reevaluating
ChatterBot Alpha reevaluating
ChatterBot Whiskey reevaluating
randomSelections Papa: {Papa, Kilo, Victor, Alpha, Bravo, Romeo} 
2024-10-14 17:45:12.501260 Papa: We should group up
ChatterBot Kilo reevaluating
ChatterBot Victor reevaluating
ChatterBot Alpha reevaluating
ChatterBot Romeo reevaluating
2024-10-14 17:45:12.514801 Kilo: Yes
2024-10-14 17:45:12.515602 Victor: No
2024-10-14 17:45:12.515888 Alpha: No
2024-10-14 17:45:12.516111 Bravo: No
2024-10-14 17:45:12.516289 Romeo: No
ChatterBot Victor reevaluating
ChatterBot Alpha reevaluating
ChatterBot Romeo reevaluating
ChatterBot Kilo reevaluating
ChatterBot Alpha reevaluating
ChatterBot Romeo reevaluating
ChatterBot Kilo reevaluating
ChatterBot Victor reevaluating
ChatterBot Romeo reevaluating
ChatterBot Kilo reevaluating
ChatterBot Victor reevaluating
ChatterBot Alpha reevaluating
ChatterBot Romeo reevaluating
ChatterBot Kilo reevaluating
ChatterBot Victor reevaluating
ChatterBot Alpha reevaluating
randomSelections Oscar: {Oscar, Victor, Bravo, Papa, Juliett, Sierra} 
2024-10-14 17:45:12.588608 Oscar: Group up?
ChatterBot Victor reevaluating
ChatterBot Juliett reevaluating
ChatterBot Sierra reevaluating
2024-10-14 17:45:12.601447 Victor: No
2024-10-14 17:45:12.601673 Bravo: No
2024-10-14 17:45:12.601922 Papa: No
2024-10-14 17:45:12.602128 Juliett: No
2024-10-14 17:45:12.603287 Sierra: Yes
ChatterBot Juliett reevaluating
ChatterBot Sierra reevaluating
ChatterBot Victor reevaluating
ChatterBot Juliett reevaluating
ChatterBot Sierra reevaluating
ChatterBot Victor reevaluating
ChatterBot Juliett reevaluating
ChatterBot Sierra reevaluating
ChatterBot Victor reevaluating
ChatterBot Sierra reevaluating
ChatterBot Victor reevaluating
ChatterBot Juliett reevaluating
2024-10-14 17:45:12.688388 Whiskey: Juliett, sending you 4
2024-10-14 17:45:12.688931 Juliett: Whiskey, sending you 2
2024-10-14 17:45:12.691475 Alpha: Juliett and Romeo, sending you 1
2024-10-14 17:45:12.691925 Papa: Bravo, sending you 3
2024-10-14 17:45:12.693145 Kilo: Papa, sending you 3
2024-10-14 17:45:12.693601 Whiskey: Bravo, sending you 3
2024-10-14 17:45:12.694015 Juliett: Romeo, sending you 4
2024-10-14 17:45:12.695336 Alpha: Bravo, sending you 9
2024-10-14 17:45:12.695788 Bravo: Juliett, Whiskey and Victor, sending you 1
2024-10-14 17:45:12.696182 Kilo: Bravo, sending you 5
2024-10-14 17:45:12.697139 Victor: Juliett and Alpha, sending you 3
2024-10-14 17:45:12.697499 Romeo: Juliett, sending you 1
2024-10-14 17:45:12.701835 Papa: Kilo and Victor, sending you 4
2024-10-14 17:45:12.702174 Whiskey: Romeo, sending you 2
2024-10-14 17:45:12.702505 Sierra: Papa and Juliett, sending you 4
2024-10-14 17:45:12.703404 Juliett: Alpha, sending you 10
2024-10-14 17:45:12.703711 Bravo: Romeo, sending you 2
2024-10-14 17:45:12.704003 Alpha: Whiskey, sending you 6
2024-10-14 17:45:12.704279 Romeo: Bravo, Whiskey and Victor, sending you 2
2024-10-14 17:45:12.704955 Kilo: Romeo and Victor, sending you 2
2024-10-14 17:45:12.705244 Victor: Bravo, sending you 4
2024-10-14 17:45:12.705575 Oscar: Papa, sending you 1
2024-10-14 17:45:12.705843 Papa: Romeo, sending you 2
2024-10-14 17:45:12.709028 Whiskey: Alpha and Victor, sending you 1
2024-10-14 17:45:12.709342 Sierra: Bravo and Oscar, sending you 2
2024-10-14 17:45:12.710160 Juliett: Victor, sending you 3
2024-10-14 17:45:12.710476 Bravo: Alpha, sending you 4
2024-10-14 17:45:12.710733 Alpha: Victor, sending you 2
2024-10-14 17:45:12.710980 Romeo: Alpha, sending you 6
2024-10-14 17:45:12.712136 Victor: Whiskey, sending you 7
2024-10-14 17:45:12.712398 Oscar: Juliett, sending you 3
2024-10-14 17:45:12.712719 Kilo: Alpha, sending you 1
2024-10-14 17:45:12.715698 Sierra: Victor, sending you 3
2024-10-14 17:45:12.716106 Victor: Romeo, sending you 2
2024-10-14 17:45:12.717549 Oscar: Bravo and Sierra, sending you 4
2024-10-14 17:45:12.736079 Oscar: Victor, sending you 2
chatterbot Papa submitting transactions
chatterbot Bravo submitting transactions
chatterbot Oscar submitting transactions
chatterbot Kilo submitting transactions
chatterbot Sierra submitting transactions
chatterbot Romeo submitting transactions
chatterbot Alpha submitting transactions
chatterbot Whiskey submitting transactions
chatterbot Victor submitting transactions
chatterbot Juliett submitting transactions
ChatterBot Papa round 2
ChatterBot Juliett round 2
ChatterBot Bravo round 2
ChatterBot Kilo round 2
ChatterBot Whiskey round 2
ChatterBot Sierra round 2
ChatterBot Romeo round 2
ChatterBot Alpha round 2
ChatterBot Victor round 2
2024-10-14 17:45:14.129804 Papa: Let's form a team
ChatterBot Kilo reevaluating
ChatterBot Sierra reevaluating
ChatterBot Oscar reevaluating
2024-10-14 17:45:14.161720 Kilo: No
2024-10-14 17:45:14.162383 Sierra: Yes
2024-10-14 17:45:14.162552 Oscar: No
ChatterBot Sierra reevaluating
ChatterBot Oscar reevaluating
ChatterBot Kilo reevaluating
ChatterBot Oscar reevaluating
ChatterBot Kilo reevaluating
ChatterBot Sierra reevaluating
2024-10-14 17:45:14.224457 Sierra: Group up?
ChatterBot Oscar reevaluating
2024-10-14 17:45:14.240596 Papa: Yes
2024-10-14 17:45:14.240780 Oscar: No
ChatterBot Sierra reevaluating
ChatterBot Oscar reevaluating
ChatterBot Sierra reevaluating
ChatterBot Oscar round 2
2024-10-14 17:45:14.288031 Victor: We should add Papa
ChatterBot Juliett reevaluating
ChatterBot Alpha reevaluating
ChatterBot Whiskey reevaluating
2024-10-14 17:45:14.305068 Bravo: No
2024-10-14 17:45:14.305660 Juliett: No
2024-10-14 17:45:14.305776 Alpha: No
2024-10-14 17:45:14.305888 Whiskey: No
2024-10-14 17:45:14.305996 Romeo: No
ChatterBot Victor reevaluating
ChatterBot Juliett reevaluating
ChatterBot Alpha reevaluating
ChatterBot Whiskey reevaluating
ChatterBot Victor reevaluating
ChatterBot Alpha reevaluating
ChatterBot Whiskey reevaluating
ChatterBot Victor reevaluating
ChatterBot Juliett reevaluating
ChatterBot Whiskey reevaluating
ChatterBot Victor reevaluating
ChatterBot Juliett reevaluating
ChatterBot Alpha reevaluating
ChatterBot Victor reevaluating
ChatterBot Juliett reevaluating
ChatterBot Alpha reevaluating
ChatterBot Whiskey reevaluating
2024-10-14 17:45:14.524140 Victor: We should add Sierra
ChatterBot Juliett reevaluating
ChatterBot Alpha reevaluating
ChatterBot Whiskey reevaluating
2024-10-14 17:45:14.548486 Bravo: No
2024-10-14 17:45:14.548723 Juliett: No
2024-10-14 17:45:14.548984 Alpha: No
2024-10-14 17:45:14.549580 Whiskey: No
2024-10-14 17:45:14.549744 Romeo: No
ChatterBot Victor reevaluating
ChatterBot Juliett reevaluating
ChatterBot Alpha reevaluating
ChatterBot Whiskey reevaluating
ChatterBot Victor reevaluating
ChatterBot Alpha reevaluating
ChatterBot Whiskey reevaluating
ChatterBot Victor reevaluating
ChatterBot Juliett reevaluating
ChatterBot Whiskey reevaluating
ChatterBot Victor reevaluating
ChatterBot Juliett reevaluating
ChatterBot Alpha reevaluating
ChatterBot Victor reevaluating
ChatterBot Juliett reevaluating
ChatterBot Alpha reevaluating
ChatterBot Whiskey reevaluating
2024-10-14 17:45:14.897461 Kilo: Papa, sending you 8
2024-10-14 17:45:14.897815 Papa: Kilo, sending you 5
2024-10-14 17:45:14.898384 Bravo: Juliett and Romeo, sending you 1
2024-10-14 17:45:14.898793 Romeo: Juliett, sending you 6
2024-10-14 17:45:14.899096 Sierra: Papa, sending you 5
2024-10-14 17:45:14.899969 Juliett: We should drop Bravo
ChatterBot Victor reevaluating
2024-10-14 17:45:14.912873 Whiskey: No
2024-10-14 17:45:14.913004 Romeo: No
2024-10-14 17:45:14.913096 Alpha: No
2024-10-14 17:45:14.913194 Victor: No
ChatterBot Victor reevaluating
ChatterBot Victor reevaluating
ChatterBot Victor reevaluating
2024-10-14 17:45:15.031373 Victor: We should add Oscar
2024-10-14 17:45:15.048505 Bravo: No
2024-10-14 17:45:15.048813 Juliett: No
2024-10-14 17:45:15.049030 Alpha: No
2024-10-14 17:45:15.049277 Whiskey: No
2024-10-14 17:45:15.049400 Romeo: No
ChatterBot Victor reevaluating
ChatterBot Victor reevaluating
ChatterBot Victor reevaluating
ChatterBot Juliett reevaluating
ChatterBot Victor reevaluating
ChatterBot Juliett reevaluating
ChatterBot Victor reevaluating
ChatterBot Juliett reevaluating
chatterbot Kilo submitting transactions
2024-10-14 17:45:15.167514 Kilo: Sierra and Oscar, sending you 2
2024-10-14 17:45:15.169141 Papa: Sierra, sending you 6
2024-10-14 17:45:15.170275 Oscar: Papa, sending you 3
2024-10-14 17:45:15.171329 Bravo: Whiskey and Victor, sending you 2
2024-10-14 17:45:15.173129 Romeo: Bravo, Whiskey and Victor, sending you 2
2024-10-14 17:45:15.174568 Sierra: Oscar, sending you 4
chatterbot Papa submitting transactions
chatterbot Romeo submitting transactions
chatterbot Sierra submitting transactions
chatterbot Bravo submitting transactions
2024-10-14 17:45:15.176637 Papa: Oscar, sending you 2
2024-10-14 17:45:15.177439 Oscar: Kilo, sending you 2
2024-10-14 17:45:15.179310 Bravo: Alpha, sending you 3
2024-10-14 17:45:15.181687 Romeo: Alpha, sending you 1
2024-10-14 17:45:15.182339 Whiskey: Juliett, Bravo and Romeo, sending you 2
2024-10-14 17:45:15.183060 Alpha: Juliett, sending you 8
2024-10-14 17:45:15.184430 Oscar: Sierra, sending you 9
2024-10-14 17:45:15.188723 Whiskey: Alpha and Victor, sending you 4
2024-10-14 17:45:15.190460 Alpha: Bravo, sending you 3
2024-10-14 17:45:15.215215 Alpha: Whiskey, sending you 1
2024-10-14 17:45:15.224578 Juliett: Bravo, Romeo and Alpha, sending you 3
2024-10-14 17:45:15.225051 Victor: Juliett, sending you 5
2024-10-14 17:45:15.225865 Alpha: Romeo, sending you 5
2024-10-14 17:45:15.309546 Victor: Bravo and Whiskey, sending you 3
2024-10-14 17:45:15.310834 Juliett: Whiskey, sending you 6
2024-10-14 17:45:15.311402 Alpha: Victor, sending you 2
2024-10-14 17:45:15.321386 Victor: Romeo and Alpha, sending you 4
2024-10-14 17:45:15.322461 Juliett: Victor, sending you 4
chatterbot Alpha submitting transactions
chatterbot Victor submitting transactions
chatterbot Oscar submitting transactions
chatterbot Whiskey submitting transactions
chatterbot Juliett submitting transactions
ChatterBot Papa round 3
ChatterBot Juliett round 3
ChatterBot Bravo round 3
ChatterBot Kilo round 3
ChatterBot Whiskey round 3
ChatterBot Sierra round 3
ChatterBot Romeo round 3
ChatterBot Alpha round 3
ChatterBot Victor round 3
ChatterBot Oscar round 3
2024-10-14 17:45:16.430750 Juliett: We should drop Bravo
2024-10-14 17:45:16.444519 Whiskey: No
2024-10-14 17:45:16.444744 Romeo: No
2024-10-14 17:45:16.444953 Alpha: No
2024-10-14 17:45:16.445114 Victor: No
2024-10-14 17:45:16.504891 Oscar: Papa and Kilo, sending you 4
2024-10-14 17:45:16.505279 Romeo: Juliett, Alpha and Victor, sending you 3
2024-10-14 17:45:16.506214 Whiskey: Juliett and Victor, sending you 4
2024-10-14 17:45:16.506558 Bravo: Juliett and Romeo, sending you 1
2024-10-14 17:45:16.509624 Whiskey: Bravo, sending you 2
2024-10-14 17:45:16.510169 Oscar: Sierra, sending you 6
2024-10-14 17:45:16.510868 Romeo: Bravo and Whiskey, sending you 2
2024-10-14 17:45:16.511434 Juliett: Whiskey, sending you 4
2024-10-14 17:45:16.511839 Bravo: Whiskey and Victor, sending you 2
2024-10-14 17:45:16.513192 Victor: Juliett, sending you 5
2024-10-14 17:45:16.514305 Whiskey: Romeo and Alpha, sending you 3
2024-10-14 17:45:16.515462 Juliett: Romeo, Alpha and Victor, sending you 5
2024-10-14 17:45:16.515839 Kilo: Papa, sending you 8
2024-10-14 17:45:16.516132 Bravo: Alpha, sending you 3
2024-10-14 17:45:16.517022 Alpha: Juliett, sending you 6
2024-10-14 17:45:16.517487 Victor: Bravo and Romeo, sending you 3
2024-10-14 17:45:16.518691 Kilo: Sierra, sending you 2
2024-10-14 17:45:16.519700 Papa: Kilo and Sierra, sending you 5
2024-10-14 17:45:16.520707 Alpha: Bravo, sending you 4
2024-10-14 17:45:16.521860 Victor: Whiskey and Alpha, sending you 4
2024-10-14 17:45:16.522290 Kilo: Oscar, sending you 3
2024-10-14 17:45:16.522680 Sierra: Sending you each 4
2024-10-14 17:45:16.523305 Papa: Oscar, sending you 3
2024-10-14 17:45:16.525675 Alpha: Whiskey, Romeo and Victor, sending you 3
chatterbot Papa submitting transactions
chatterbot Oscar submitting transactions
chatterbot Romeo submitting transactions
chatterbot Juliett submitting transactions
chatterbot Bravo submitting transactions
chatterbot Sierra submitting transactions
chatterbot Whiskey submitting transactions
chatterbot Alpha submitting transactions
chatterbot Victor submitting transactions
chatterbot Kilo submitting transactions
ChatterBot Papa round 4
ChatterBot Juliett round 4
ChatterBot Bravo round 4
ChatterBot Kilo round 4
ChatterBot Whiskey round 4
ChatterBot Sierra round 4
ChatterBot Romeo round 4
ChatterBot Alpha round 4
ChatterBot Victor round 4
ChatterBot Oscar round 4
2024-10-14 17:45:17.732672 Papa: Kilo, sending you 6
2024-10-14 17:45:17.737658 Juliett: Whiskey and Romeo, sending you 4
2024-10-14 17:45:17.738239 Papa: Sierra, sending you 4
2024-10-14 17:45:17.738516 Sierra: Papa, sending you 4
2024-10-14 17:45:17.738789 Kilo: Papa, sending you 7
2024-10-14 17:45:17.739103 Romeo: Juliett, sending you 4
2024-10-14 17:45:17.742675 Juliett: Alpha, sending you 6
2024-10-14 17:45:17.743114 Papa: Oscar, sending you 3
2024-10-14 17:45:17.743419 Bravo: Whiskey, Romeo and Victor, sending you 2
2024-10-14 17:45:17.743922 Alpha: Juliett, sending you 6
2024-10-14 17:45:17.744404 Kilo: Sierra, sending you 2
2024-10-14 17:45:17.744702 Sierra: Oscar, sending you 3
2024-10-14 17:45:17.745423 Romeo: Bravo, sending you 1
2024-10-14 17:45:17.745844 Oscar: Papa and Kilo, sending you 4
2024-10-14 17:45:17.746151 Whiskey: Juliett and Victor, sending you 4
2024-10-14 17:45:17.746562 Victor: Juliett, sending you 5
2024-10-14 17:45:17.746970 Juliett: Victor, sending you 5
2024-10-14 17:45:17.747239 Bravo: Alpha, sending you 3
2024-10-14 17:45:17.748096 Alpha: Bravo and Victor, sending you 4
2024-10-14 17:45:17.748686 Kilo: Oscar, sending you 4
2024-10-14 17:45:17.749674 Oscar: Sierra, sending you 6
2024-10-14 17:45:17.750018 Whiskey: Bravo and Alpha, sending you 3
2024-10-14 17:45:17.751120 Romeo: Whiskey, sending you 2
2024-10-14 17:45:17.751758 Victor: Bravo, sending you 2
2024-10-14 17:45:17.752290 Alpha: Whiskey, sending you 2
2024-10-14 17:45:17.754698 Whiskey: Romeo, sending you 2
2024-10-14 17:45:17.755712 Romeo: Alpha and Victor, sending you 3
2024-10-14 17:45:17.756243 Victor: Whiskey, Romeo and Alpha, sending you 4
2024-10-14 17:45:17.756713 Alpha: Romeo, sending you 3
chatterbot Alpha submitting transactions
chatterbot Oscar submitting transactions
chatterbot Victor submitting transactions
chatterbot Sierra submitting transactions
chatterbot Papa submitting transactions
chatterbot Kilo submitting transactions
chatterbot Bravo submitting transactions
chatterbot Romeo submitting transactions
chatterbot Juliett submitting transactions
chatterbot Whiskey submitting transactions
ChatterBot Papa round 5
ChatterBot Juliett round 5
ChatterBot Bravo round 5
ChatterBot Kilo round 5
ChatterBot Whiskey round 5
ChatterBot Sierra round 5
ChatterBot Romeo round 5
ChatterBot Alpha round 5
ChatterBot Victor round 5
ChatterBot Oscar round 5
2024-10-14 17:45:19.017648 Papa: Kilo, sending you 6
2024-10-14 17:45:19.020653 Papa: Sierra, sending you 4
2024-10-14 17:45:19.024679 Papa: Oscar, sending you 3
2024-10-14 17:45:19.025049 Victor: Juliett, sending you 5
2024-10-14 17:45:19.026665 Juliett: Whiskey and Romeo, sending you 4
2024-10-14 17:45:19.027284 Kilo: Papa, sending you 8
2024-10-14 17:45:19.028035 Victor: Bravo, sending you 2
2024-10-14 17:45:19.029670 Oscar: Papa and Kilo, sending you 4
2024-10-14 17:45:19.030076 Alpha: Juliett, sending you 6
2024-10-14 17:45:19.030679 Juliett: Alpha, sending you 6
2024-10-14 17:45:19.031682 Sierra: Papa, sending you 4
2024-10-14 17:45:19.031988 Victor: Whiskey, Romeo and Alpha, sending you 4
2024-10-14 17:45:19.032656 Kilo: Oscar, sending you 5
2024-10-14 17:45:19.032932 Bravo: Juliett and Romeo, sending you 1
2024-10-14 17:45:19.033393 Oscar: Sierra, sending you 6
2024-10-14 17:45:19.033685 Juliett: Victor, sending you 5
2024-10-14 17:45:19.034823 Alpha: Bravo and Victor, sending you 4
2024-10-14 17:45:19.035675 Romeo: Juliett, sending you 4
2024-10-14 17:45:19.036266 Whiskey: Juliett and Victor, sending you 4
2024-10-14 17:45:19.036801 Sierra: Kilo and Oscar, sending you 3
2024-10-14 17:45:19.037076 Bravo: Whiskey and Victor, sending you 2
2024-10-14 17:45:19.037679 Alpha: Whiskey, sending you 2
2024-10-14 17:45:19.039669 Romeo: Bravo, sending you 1
2024-10-14 17:45:19.040668 Whiskey: Bravo and Alpha, sending you 3
2024-10-14 17:45:19.041215 Bravo: Alpha, sending you 3
2024-10-14 17:45:19.042669 Alpha: Romeo, sending you 3
2024-10-14 17:45:19.043663 Romeo: Whiskey, sending you 2
2024-10-14 17:45:19.044323 Whiskey: Romeo, sending you 2
2024-10-14 17:45:19.048683 Romeo: Alpha and Victor, sending you 3
chatterbot Juliett submitting transactions
chatterbot Alpha submitting transactions
chatterbot Romeo submitting transactions
chatterbot Victor submitting transactions
chatterbot Sierra submitting transactions
chatterbot Bravo submitting transactions
chatterbot Kilo submitting transactions
chatterbot Oscar submitting transactions
chatterbot Papa submitting transactions
chatterbot Whiskey submitting transactions
ChatterBot Papa round 6
ChatterBot Juliett round 6
ChatterBot Bravo round 6
ChatterBot Kilo round 6
ChatterBot Whiskey round 6
ChatterBot Sierra round 6
ChatterBot Romeo round 6
ChatterBot Alpha round 6
ChatterBot Victor round 6
ChatterBot Oscar round 6
2024-10-14 17:45:20.291663 Kilo: Papa, sending you 6
2024-10-14 17:45:20.292066 Juliett: Whiskey, sending you 4
2024-10-14 17:45:20.292464 Oscar: Papa, sending you 4
2024-10-14 17:45:20.293814 Papa: Kilo, sending you 6
2024-10-14 17:45:20.294654 Kilo: Sierra, sending you 3
2024-10-14 17:45:20.295661 Juliett: Romeo, Alpha and Victor, sending you 5
2024-10-14 17:45:20.296678 Papa: Sierra, sending you 4
2024-10-14 17:45:20.297918 Oscar: Kilo and Sierra, sending you 5
2024-10-14 17:45:20.298370 Kilo: Oscar, sending you 4
2024-10-14 17:45:20.298734 Sierra: Papa, sending you 4
2024-10-14 17:45:20.300674 Bravo: Juliett and Romeo, sending you 1
2024-10-14 17:45:20.301271 Whiskey: Juliett and Victor, sending you 4
2024-10-14 17:45:20.301867 Romeo: Juliett, sending you 4
2024-10-14 17:45:20.302465 Victor: Juliett, Whiskey, Romeo and Alpha, sending you 4
2024-10-14 17:45:20.303073 Papa: Oscar, sending you 3
2024-10-14 17:45:20.303808 Sierra: Kilo and Oscar, sending you 3
2024-10-14 17:45:20.304159 Alpha: Juliett, sending you 6
2024-10-14 17:45:20.304765 Bravo: Whiskey and Victor, sending you 2
2024-10-14 17:45:20.305667 Whiskey: Bravo and Alpha, sending you 3
2024-10-14 17:45:20.306476 Romeo: Bravo, sending you 1
2024-10-14 17:45:20.307125 Victor: Bravo, sending you 3
2024-10-14 17:45:20.309655 Alpha: Bravo and Victor, sending you 4
2024-10-14 17:45:20.310172 Bravo: Alpha, sending you 3
2024-10-14 17:45:20.310641 Whiskey: Romeo, sending you 2
2024-10-14 17:45:20.311119 Romeo: Whiskey, sending you 2
2024-10-14 17:45:20.314926 Alpha: Whiskey, sending you 2
2024-10-14 17:45:20.315643 Romeo: Alpha and Victor, sending you 3
2024-10-14 17:45:20.318654 Alpha: Romeo, sending you 3
chatterbot Romeo submitting transactions
chatterbot Papa submitting transactions
chatterbot Alpha submitting transactions
chatterbot Kilo submitting transactions
chatterbot Whiskey submitting transactions
chatterbot Oscar submitting transactions
chatterbot Juliett submitting transactions
chatterbot Sierra submitting transactions
chatterbot Bravo submitting transactions
chatterbot Victor submitting transactions
ChatterBot Papa round 7
ChatterBot Juliett round 7
ChatterBot Bravo round 7
ChatterBot Kilo round 7
ChatterBot Whiskey round 7
ChatterBot Sierra round 7
ChatterBot Romeo round 7
ChatterBot Alpha round 7
ChatterBot Victor round 7
ChatterBot Oscar round 7
2024-10-14 17:45:21.540739 Bravo: Juliett and Romeo, sending you 1
2024-10-14 17:45:21.542047 Papa: Kilo, sending you 5
2024-10-14 17:45:21.543345 Juliett: Whiskey, sending you 4
2024-10-14 17:45:21.544147 Romeo: Juliett, sending you 4
2024-10-14 17:45:21.545676 Kilo: Papa, sending you 6
2024-10-14 17:45:21.546082 Bravo: Whiskey and Victor, sending you 2
2024-10-14 17:45:21.546888 Papa: Sierra and Oscar, sending you 4
2024-10-14 17:45:21.547250 Juliett: Romeo, Alpha and Victor, sending you 5
2024-10-14 17:45:21.548682 Victor: Juliett, sending you 5
2024-10-14 17:45:21.549864 Kilo: Sierra, sending you 3
2024-10-14 17:45:21.550216 Romeo: Bravo, sending you 1
2024-10-14 17:45:21.550847 Bravo: Alpha, sending you 3
2024-10-14 17:45:21.551701 Alpha: Juliett, sending you 6
2024-10-14 17:45:21.552938 Kilo: Oscar, sending you 4
2024-10-14 17:45:21.553696 Victor: Bravo, sending you 2
2024-10-14 17:45:21.555221 Romeo: Whiskey, sending you 2
2024-10-14 17:45:21.555870 Sierra: Papa and Kilo, sending you 4
2024-10-14 17:45:21.556661 Alpha: Bravo, Whiskey and Romeo, sending you 3
2024-10-14 17:45:21.557666 Whiskey: Juliett and Victor, sending you 4
2024-10-14 17:45:21.558301 Victor: Whiskey, Romeo and Alpha, sending you 4
2024-10-14 17:45:21.559672 Romeo: Alpha and Victor, sending you 3
2024-10-14 17:45:21.561161 Sierra: Oscar, sending you 3
2024-10-14 17:45:21.561603 Alpha: Victor, sending you 4
2024-10-14 17:45:21.562280 Whiskey: Bravo and Alpha, sending you 3
2024-10-14 17:45:21.565681 Oscar: Papa, sending you 4
2024-10-14 17:45:21.566175 Whiskey: Romeo, sending you 2
2024-10-14 17:45:21.569840 Oscar: Kilo and Sierra, sending you 5
chatterbot Kilo submitting transactions
chatterbot Oscar submitting transactions
chatterbot Sierra submitting transactions
chatterbot Romeo submitting transactions
chatterbot Victor submitting transactions
chatterbot Juliett submitting transactions
chatterbot Papa submitting transactions
chatterbot Whiskey submitting transactions
chatterbot Bravo submitting transactions
chatterbot Alpha submitting transactions
ChatterBot Papa round 8
ChatterBot Juliett round 8
ChatterBot Bravo round 8
ChatterBot Kilo round 8
ChatterBot Whiskey round 8
ChatterBot Sierra round 8
ChatterBot Romeo round 8
ChatterBot Alpha round 8
ChatterBot Victor round 8
ChatterBot Oscar round 8
2024-10-14 17:45:22.777697 Juliett: Whiskey, sending you 4
2024-10-14 17:45:22.780704 Papa: Kilo, sending you 5
2024-10-14 17:45:22.781649 Juliett: Romeo, Alpha and Victor, sending you 5
2024-10-14 17:45:22.784141 Bravo: Juliett and Romeo, sending you 1
2024-10-14 17:45:22.785158 Oscar: Papa, sending you 4
2024-10-14 17:45:22.785469 Victor: Juliett, sending you 5
2024-10-14 17:45:22.786041 Papa: Sierra and Oscar, sending you 4
2024-10-14 17:45:22.786656 Kilo: Papa, sending you 6
2024-10-14 17:45:22.788684 Whiskey: Juliett and Victor, sending you 4
2024-10-14 17:45:22.789314 Victor: Bravo, sending you 2
2024-10-14 17:45:22.789924 Bravo: Whiskey and Victor, sending you 2
2024-10-14 17:45:22.791135 Oscar: Kilo and Sierra, sending you 5
2024-10-14 17:45:22.791501 Sierra: Papa and Kilo, sending you 4
2024-10-14 17:45:22.791891 Kilo: Sierra, sending you 3
2024-10-14 17:45:22.792276 Alpha: Juliett, sending you 6
2024-10-14 17:45:22.793678 Whiskey: Bravo and Alpha, sending you 3
2024-10-14 17:45:22.794709 Victor: Whiskey, Romeo and Alpha, sending you 4
2024-10-14 17:45:22.795921 Bravo: Alpha, sending you 3
2024-10-14 17:45:22.797727 Kilo: Oscar, sending you 4
2024-10-14 17:45:22.798127 Sierra: Oscar, sending you 3
2024-10-14 17:45:22.798508 Alpha: Bravo, Whiskey and Romeo, sending you 3
2024-10-14 17:45:22.799346 Whiskey: Romeo, sending you 2
2024-10-14 17:45:22.800063 Romeo: Juliett, sending you 4
2024-10-14 17:45:22.802658 Alpha: Victor, sending you 4
2024-10-14 17:45:22.805889 Romeo: Bravo, sending you 1
2024-10-14 17:45:22.808707 Romeo: Whiskey, sending you 2
2024-10-14 17:45:22.812677 Romeo: Alpha and Victor, sending you 3
chatterbot Romeo submitting transactions
chatterbot Whiskey submitting transactions
chatterbot Kilo submitting transactions
chatterbot Papa submitting transactions
chatterbot Sierra submitting transactions
chatterbot Bravo submitting transactions
chatterbot Juliett submitting transactions
chatterbot Alpha submitting transactions
chatterbot Victor submitting transactions
chatterbot Oscar submitting transactions
ChatterBot Papa round 9
ChatterBot Juliett round 9
ChatterBot Bravo round 9
ChatterBot Kilo round 9
ChatterBot Whiskey round 9
ChatterBot Sierra round 9
ChatterBot Romeo round 9
ChatterBot Alpha round 9
ChatterBot Victor round 9
ChatterBot Oscar round 9
2024-10-14 17:45:24.055711 Whiskey: Juliett and Victor, sending you 4
2024-10-14 17:45:24.056679 Juliett: Whiskey, sending you 4
2024-10-14 17:45:24.060664 Alpha: Juliett, sending you 6
2024-10-14 17:45:24.061485 Whiskey: Bravo and Alpha, sending you 3
2024-10-14 17:45:24.062256 Juliett: Romeo, Alpha and Victor, sending you 5
2024-10-14 17:45:24.062794 Kilo: Papa, sending you 5
2024-10-14 17:45:24.065697 Alpha: Bravo, Whiskey and Romeo, sending you 3
2024-10-14 17:45:24.066539 Whiskey: Romeo, sending you 2
2024-10-14 17:45:24.067290 Kilo: Sierra and Oscar, sending you 4
2024-10-14 17:45:24.067740 Bravo: Juliett and Romeo, sending you 1
2024-10-14 17:45:24.069685 Alpha: Victor, sending you 4
2024-10-14 17:45:24.070669 Papa: Kilo, sending you 5
2024-10-14 17:45:24.071581 Bravo: Whiskey and Victor, sending you 2
2024-10-14 17:45:24.072506 Oscar: Papa and Kilo, sending you 5
2024-10-14 17:45:24.073680 Sierra: Papa and Kilo, sending you 4
2024-10-14 17:45:24.074096 Papa: Sierra and Oscar, sending you 4
2024-10-14 17:45:24.074678 Romeo: Juliett, sending you 4
2024-10-14 17:45:24.075322 Bravo: Alpha, sending you 3
2024-10-14 17:45:24.075957 Oscar: Sierra, sending you 4
2024-10-14 17:45:24.076706 Victor: Juliett, sending you 5
2024-10-14 17:45:24.078653 Sierra: Oscar, sending you 3
2024-10-14 17:45:24.080109 Romeo: Bravo, sending you 1
2024-10-14 17:45:24.080833 Victor: Bravo, sending you 2
2024-10-14 17:45:24.083661 Victor: Whiskey, Romeo and Alpha, sending you 4
2024-10-14 17:45:24.085668 Romeo: Whiskey, sending you 2
2024-10-14 17:45:24.091661 Romeo: Alpha and Victor, sending you 3
chatterbot Romeo submitting transactions
chatterbot Alpha submitting transactions
chatterbot Papa submitting transactions
chatterbot Oscar submitting transactions
chatterbot Sierra submitting transactions
chatterbot Bravo submitting transactions
chatterbot Whiskey submitting transactions
chatterbot Juliett submitting transactions
chatterbot Kilo submitting transactions
chatterbot Victor submitting transactions
ChatterBot Papa round 10
ChatterBot Juliett round 10
ChatterBot Bravo round 10
ChatterBot Kilo round 10
ChatterBot Whiskey round 10
ChatterBot Sierra round 10
ChatterBot Romeo round 10
ChatterBot Alpha round 10
ChatterBot Victor round 10
ChatterBot Oscar round 10
2024-10-14 17:45:25.227675 Papa: Kilo, sending you 5
2024-10-14 17:45:25.230660 Juliett: Whiskey, sending you 4
2024-10-14 17:45:25.233232 Papa: Sierra and Oscar, sending you 4
2024-10-14 17:45:25.234668 Kilo: Papa, sending you 5
2024-10-14 17:45:25.235055 Bravo: Juliett and Romeo, sending you 1
2024-10-14 17:45:25.235826 Juliett: Romeo, Alpha and Victor, sending you 5
2024-10-14 17:45:25.236145 Sierra: Papa and Kilo, sending you 4
2024-10-14 17:45:25.239030 Alpha: Juliett, sending you 6
2024-10-14 17:45:25.240346 Oscar: Papa and Kilo, sending you 5
2024-10-14 17:45:25.240881 Whiskey: Juliett and Victor, sending you 4
2024-10-14 17:45:25.241932 Kilo: Sierra and Oscar, sending you 4
2024-10-14 17:45:25.242475 Bravo: Whiskey and Victor, sending you 2
2024-10-14 17:45:25.243321 Sierra: Oscar, sending you 3
2024-10-14 17:45:25.243759 Alpha: Bravo, Whiskey and Romeo, sending you 3
2024-10-14 17:45:25.244681 Romeo: Juliett, sending you 4
2024-10-14 17:45:25.245581 Oscar: Sierra, sending you 4
2024-10-14 17:45:25.246742 Whiskey: Bravo, sending you 2
2024-10-14 17:45:25.247696 Victor: Juliett, sending you 5
2024-10-14 17:45:25.248607 Bravo: Alpha, sending you 3
2024-10-14 17:45:25.249666 Alpha: Victor, sending you 4
2024-10-14 17:45:25.250746 Romeo: Bravo, sending you 1
2024-10-14 17:45:25.252050 Victor: Bravo, sending you 2
2024-10-14 17:45:25.252695 Whiskey: Romeo and Alpha, sending you 3
2024-10-14 17:45:25.254679 Victor: Whiskey, Romeo and Alpha, sending you 4
2024-10-14 17:45:25.256686 Romeo: Whiskey, sending you 2
2024-10-14 17:45:25.262679 Romeo: Alpha and Victor, sending you 3
chatterbot Juliett submitting transactions
chatterbot Kilo submitting transactions
chatterbot Victor submitting transactions
chatterbot Papa submitting transactions
chatterbot Whiskey submitting transactions
chatterbot Oscar submitting transactions
chatterbot Alpha submitting transactions
chatterbot Bravo submitting transactions
chatterbot Romeo submitting transactions
chatterbot Sierra submitting transactions
ChatterBot Papa round 11
ChatterBot Juliett round 11
ChatterBot Bravo round 11
ChatterBot Kilo round 11
ChatterBot Whiskey round 11
ChatterBot Sierra round 11
ChatterBot Romeo round 11
ChatterBot Alpha round 11
ChatterBot Victor round 11
ChatterBot Oscar round 11
2024-10-14 17:45:26.506642 Papa: Kilo, sending you 5
2024-10-14 17:45:26.511692 Papa: Sierra and Oscar, sending you 4
2024-10-14 17:45:26.512662 Kilo: Papa, sending you 5
2024-10-14 17:45:26.512984 Whiskey: Juliett and Victor, sending you 4
2024-10-14 17:45:26.515645 Kilo: Sierra and Oscar, sending you 4
2024-10-14 17:45:26.516665 Whiskey: Bravo, sending you 2
2024-10-14 17:45:26.518673 Alpha: Juliett, sending you 6
2024-10-14 17:45:26.519660 Sierra: Papa and Kilo, sending you 4
2024-10-14 17:45:26.519986 Whiskey: Romeo and Alpha, sending you 3
2024-10-14 17:45:26.521658 Juliett: Whiskey, sending you 4
2024-10-14 17:45:26.522659 Alpha: Bravo, Whiskey and Romeo, sending you 3
2024-10-14 17:45:26.523734 Bravo: Juliett and Romeo, sending you 1
2024-10-14 17:45:26.525006 Sierra: Oscar, sending you 3
2024-10-14 17:45:26.525697 Juliett: Romeo, Alpha and Victor, sending you 5
2024-10-14 17:45:26.526642 Alpha: Victor, sending you 4
2024-10-14 17:45:26.528232 Romeo: Juliett, sending you 4
2024-10-14 17:45:26.529231 Bravo: Whiskey and Victor, sending you 2
2024-10-14 17:45:26.530675 Oscar: Papa and Kilo, sending you 5
2024-10-14 17:45:26.531195 Victor: Juliett, sending you 5
2024-10-14 17:45:26.532673 Romeo: Bravo, sending you 1
2024-10-14 17:45:26.533674 Oscar: Sierra, sending you 4
2024-10-14 17:45:26.534658 Bravo: Alpha, sending you 3
2024-10-14 17:45:26.536651 Victor: Bravo, sending you 2
2024-10-14 17:45:26.537658 Romeo: Whiskey, sending you 2
2024-10-14 17:45:26.539694 Victor: Whiskey, Romeo and Alpha, sending you 4
2024-10-14 17:45:26.542666 Romeo: Alpha and Victor, sending you 3
chatterbot Whiskey submitting transactions
chatterbot Bravo submitting transactions
chatterbot Kilo submitting transactions
chatterbot Sierra submitting transactions
chatterbot Papa submitting transactions
chatterbot Romeo submitting transactions
chatterbot Juliett submitting transactions
chatterbot Victor submitting transactions
chatterbot Alpha submitting transactions
chatterbot Oscar submitting transactions
ChatterBot Papa round 12
ChatterBot Juliett round 12
ChatterBot Bravo round 12
ChatterBot Kilo round 12
ChatterBot Whiskey round 12
ChatterBot Sierra round 12
ChatterBot Romeo round 12
ChatterBot Alpha round 12
ChatterBot Victor round 12
ChatterBot Oscar round 12
2024-10-14 17:45:27.797687 Papa: Kilo, sending you 5
2024-10-14 17:45:27.800684 Bravo: Juliett and Romeo, sending you 1
2024-10-14 17:45:27.802693 Papa: Sierra and Oscar, sending you 4
2024-10-14 17:45:27.805681 Bravo: Whiskey and Victor, sending you 2
2024-10-14 17:45:27.808800 Sierra: Papa and Kilo, sending you 4
2024-10-14 17:45:27.812739 Bravo: Alpha, sending you 3
2024-10-14 17:45:27.815851 Romeo: Juliett, sending you 4
2024-10-14 17:45:27.818513 Alpha: Juliett, sending you 6
2024-10-14 17:45:27.821430 Whiskey: Juliett and Victor, sending you 4
2024-10-14 17:45:27.824125 Juliett: Whiskey, sending you 4
2024-10-14 17:45:27.825212 Kilo: Papa, sending you 5
2024-10-14 17:45:27.826846 Sierra: Oscar, sending you 3
2024-10-14 17:45:27.827883 Romeo: Bravo, sending you 1
2024-10-14 17:45:27.830383 Alpha: Bravo, Whiskey and Romeo, sending you 3
2024-10-14 17:45:27.832607 Whiskey: Bravo, sending you 2
2024-10-14 17:45:27.835146 Juliett: Romeo, Alpha and Victor, sending you 5
2024-10-14 17:45:27.836379 Kilo: Sierra and Oscar, sending you 4
2024-10-14 17:45:27.837964 Oscar: Papa and Kilo, sending you 5
2024-10-14 17:45:27.838831 Victor: Juliett, sending you 5
2024-10-14 17:45:27.841493 Romeo: Whiskey, sending you 2
2024-10-14 17:45:27.843270 Alpha: Victor, sending you 4
2024-10-14 17:45:27.846107 Whiskey: Romeo and Alpha, sending you 3
2024-10-14 17:45:27.847880 Oscar: Sierra, sending you 4
2024-10-14 17:45:27.849308 Victor: Bravo, sending you 2
2024-10-14 17:45:27.850398 Romeo: Alpha and Victor, sending you 3
2024-10-14 17:45:27.852915 Victor: Whiskey, Romeo and Alpha, sending you 4
chatterbot Whiskey submitting transactions
chatterbot Bravo submitting transactions
chatterbot Alpha submitting transactions
chatterbot Papa submitting transactions
chatterbot Oscar submitting transactions
chatterbot Victor submitting transactions
chatterbot Sierra submitting transactions
chatterbot Kilo submitting transactions
chatterbot Juliett submitting transactions
chatterbot Romeo submitting transactions
ChatterBot Papa round 13
ChatterBot Juliett round 13
ChatterBot Bravo round 13
ChatterBot Kilo round 13
ChatterBot Whiskey round 13
ChatterBot Sierra round 13
ChatterBot Romeo round 13
ChatterBot Alpha round 13
ChatterBot Victor round 13
ChatterBot Oscar round 13
2024-10-14 17:45:28.972666 Papa: Kilo, sending you 5
2024-10-14 17:45:28.976667 Papa: Sierra and Oscar, sending you 4
2024-10-14 17:45:28.979663 Kilo: Papa, sending you 5
2024-10-14 17:45:28.980901 Bravo: Juliett and Romeo, sending you 1
2024-10-14 17:45:28.982917 Sierra: Papa and Kilo, sending you 4
2024-10-14 17:45:28.983692 Whiskey: Juliett and Victor, sending you 4
2024-10-14 17:45:28.985678 Kilo: Sierra and Oscar, sending you 4
2024-10-14 17:45:28.986307 Romeo: Juliett, sending you 4
2024-10-14 17:45:28.988072 Bravo: Whiskey and Victor, sending you 2
2024-10-14 17:45:28.989042 Sierra: Oscar, sending you 3
2024-10-14 17:45:28.989498 Juliett: Whiskey, sending you 4
2024-10-14 17:45:28.990302 Whiskey: Bravo, sending you 2
2024-10-14 17:45:28.992194 Victor: Juliett, sending you 5
2024-10-14 17:45:28.993070 Bravo: Alpha, sending you 3
2024-10-14 17:45:28.993847 Romeo: Bravo, sending you 1
2024-10-14 17:45:28.995530 Juliett: Romeo, Alpha and Victor, sending you 5
2024-10-14 17:45:28.996039 Whiskey: Romeo and Alpha, sending you 3
2024-10-14 17:45:28.997096 Victor: Bravo, sending you 2
2024-10-14 17:45:28.997959 Alpha: Juliett, sending you 6
2024-10-14 17:45:28.999236 Oscar: Papa and Kilo, sending you 5
2024-10-14 17:45:28.999743 Romeo: Whiskey, sending you 2
2024-10-14 17:45:29.001685 Victor: Whiskey, Romeo and Alpha, sending you 4
2024-10-14 17:45:29.003706 Alpha: Bravo, Whiskey and Romeo, sending you 3
2024-10-14 17:45:29.005136 Oscar: Sierra, sending you 4
2024-10-14 17:45:29.006384 Romeo: Alpha and Victor, sending you 3
2024-10-14 17:45:29.008943 Alpha: Victor, sending you 4
chatterbot Whiskey submitting transactions
chatterbot Sierra submitting transactions
chatterbot Kilo submitting transactions
chatterbot Papa submitting transactions
chatterbot Oscar submitting transactions
chatterbot Juliett submitting transactions
chatterbot Victor submitting transactions
chatterbot Romeo submitting transactions
chatterbot Bravo submitting transactions
chatterbot Alpha submitting transactions
ChatterBot Papa round 14
ChatterBot Juliett round 14
ChatterBot Bravo round 14
ChatterBot Kilo round 14
ChatterBot Whiskey round 14
ChatterBot Sierra round 14
ChatterBot Romeo round 14
ChatterBot Alpha round 14
ChatterBot Victor round 14
ChatterBot Oscar round 14
2024-10-14 17:45:30.228682 Papa: Kilo, sending you 5
2024-10-14 17:45:30.230676 Juliett: Whiskey, sending you 4
2024-10-14 17:45:30.231669 Whiskey: Juliett and Victor, sending you 4
2024-10-14 17:45:30.234128 Papa: Sierra and Oscar, sending you 4
2024-10-14 17:45:30.235007 Juliett: Romeo, Alpha and Victor, sending you 5
2024-10-14 17:45:30.236661 Sierra: Papa and Kilo, sending you 4
2024-10-14 17:45:30.237111 Whiskey: Bravo, sending you 2
2024-10-14 17:45:30.238135 Kilo: Papa, sending you 5
2024-10-14 17:45:30.239461 Bravo: Juliett and Romeo, sending you 1
2024-10-14 17:45:30.240380 Romeo: Juliett, sending you 5
2024-10-14 17:45:30.241215 Victor: Juliett, sending you 5
2024-10-14 17:45:30.242574 Sierra: Oscar, sending you 3
2024-10-14 17:45:30.242967 Alpha: Juliett, sending you 6
2024-10-14 17:45:30.243774 Whiskey: Romeo and Alpha, sending you 3
2024-10-14 17:45:30.244977 Kilo: Sierra and Oscar, sending you 4
2024-10-14 17:45:30.245442 Bravo: Whiskey and Victor, sending you 2
2024-10-14 17:45:30.246955 Victor: Bravo, sending you 2
2024-10-14 17:45:30.247816 Oscar: Papa and Kilo, sending you 5
2024-10-14 17:45:30.248215 Romeo: Bravo, sending you 1
2024-10-14 17:45:30.249500 Alpha: Bravo, Whiskey and Romeo, sending you 3
2024-10-14 17:45:30.250691 Bravo: Alpha, sending you 3
2024-10-14 17:45:30.252801 Victor: Whiskey, Romeo and Alpha, sending you 4
2024-10-14 17:45:30.253720 Oscar: Sierra, sending you 4
2024-10-14 17:45:30.254128 Romeo: Whiskey and Alpha, sending you 2
2024-10-14 17:45:30.255537 Alpha: Victor, sending you 4
2024-10-14 17:45:30.257693 Romeo: Victor, sending you 3
chatterbot Whiskey submitting transactions
chatterbot Romeo submitting transactions
chatterbot Victor submitting transactions
chatterbot Bravo submitting transactions
chatterbot Sierra submitting transactions
chatterbot Juliett submitting transactions
chatterbot Oscar submitting transactions
chatterbot Kilo submitting transactions
chatterbot Papa submitting transactions
chatterbot Alpha submitting transactions
ChatterBot Papa round 15
ChatterBot Juliett round 15
ChatterBot Bravo round 15
ChatterBot Kilo round 15
ChatterBot Whiskey round 15
ChatterBot Sierra round 15
ChatterBot Romeo round 15
ChatterBot Alpha round 15
ChatterBot Victor round 15
ChatterBot Oscar round 15
2024-10-14 17:45:31.395677 Juliett: Whiskey, sending you 4
2024-10-14 17:45:31.396679 Oscar: Papa and Kilo, sending you 5
2024-10-14 17:45:31.398666 Romeo: Juliett, sending you 5
2024-10-14 17:45:31.400695 Sierra: Papa and Kilo, sending you 4
2024-10-14 17:45:31.401227 Juliett: Romeo, Alpha and Victor, sending you 5
2024-10-14 17:45:31.401768 Oscar: Sierra, sending you 4
2024-10-14 17:45:31.402280 Whiskey: Juliett and Victor, sending you 4
2024-10-14 17:45:31.403355 Papa: Kilo, sending you 5
2024-10-14 17:45:31.403928 Kilo: Papa, sending you 5
2024-10-14 17:45:31.405145 Bravo: Juliett and Romeo, sending you 1
