ChatterBot Quebec round 1
ChatterBot Yankee round 1
ChatterBot Romeo round 1
ChatterBot Foxtrot round 1
ChatterBot Oscar round 1
ChatterBot Echo round 1
ChatterBot Whiskey round 1
ChatterBot Kilo round 1
ChatterBot India round 1
ChatterBot Uniform round 1
randomSelections Yankee: {Yankee, Romeo, Oscar, Uniform, Echo, Whiskey} 
2024-10-14 17:45:12.454072 Yankee: Can we be friends?
ChatterBot Romeo reevaluating
ChatterBot Oscar reevaluating
ChatterBot Uniform reevaluating
ChatterBot Echo reevaluating
ChatterBot Whiskey reevaluating
2024-10-14 17:45:12.466316 Romeo: Yes
2024-10-14 17:45:12.466646 Oscar: Yes
2024-10-14 17:45:12.466788 Uniform: Yes
2024-10-14 17:45:12.466984 Echo: Yes
2024-10-14 17:45:12.467346 Whiskey: Yes
ChatterBot Oscar reevaluating
ChatterBot Uniform reevaluating
ChatterBot Echo reevaluating
ChatterBot Whiskey reevaluating
ChatterBot Romeo reevaluating
ChatterBot Uniform reevaluating
ChatterBot Echo reevaluating
ChatterBot Whiskey reevaluating
ChatterBot Romeo reevaluating
ChatterBot Oscar reevaluating
ChatterBot Echo reevaluating
ChatterBot Whiskey reevaluating
ChatterBot Romeo reevaluating
ChatterBot Oscar reevaluating
ChatterBot Uniform reevaluating
ChatterBot Whiskey reevaluating
ChatterBot Romeo reevaluating
ChatterBot Oscar reevaluating
ChatterBot Uniform reevaluating
ChatterBot Echo reevaluating
randomSelections Foxtrot: {Foxtrot, Yankee, Oscar, Whiskey} 
2024-10-14 17:45:12.518923 Foxtrot: Let's form a team
ChatterBot Oscar reevaluating
ChatterBot Whiskey reevaluating
2024-10-14 17:45:12.523174 Yankee: No
2024-10-14 17:45:12.523425 Oscar: No
2024-10-14 17:45:12.524375 Whiskey: No
ChatterBot Oscar reevaluating
ChatterBot Whiskey reevaluating
ChatterBot Whiskey reevaluating
ChatterBot Oscar reevaluating
randomSelections Quebec: {Quebec, Uniform, Oscar, Kilo, Yankee, Echo} 
2024-10-14 17:45:12.542794 Quebec: Group up?
ChatterBot Uniform reevaluating
ChatterBot Oscar reevaluating
ChatterBot Kilo reevaluating
ChatterBot Echo reevaluating
2024-10-14 17:45:12.550817 Uniform: No
2024-10-14 17:45:12.551049 Oscar: No
2024-10-14 17:45:12.551318 Kilo: Yes
2024-10-14 17:45:12.551489 Yankee: No
2024-10-14 17:45:12.552734 Echo: No
ChatterBot Oscar reevaluating
ChatterBot Kilo reevaluating
ChatterBot Echo reevaluating
ChatterBot Uniform reevaluating
ChatterBot Kilo reevaluating
ChatterBot Echo reevaluating
ChatterBot Uniform reevaluating
ChatterBot Oscar reevaluating
ChatterBot Echo reevaluating
ChatterBot Uniform reevaluating
ChatterBot Oscar reevaluating
ChatterBot Kilo reevaluating
ChatterBot Echo reevaluating
ChatterBot Uniform reevaluating
ChatterBot Oscar reevaluating
ChatterBot Kilo reevaluating
randomSelections India: {India, Kilo, Whiskey, Oscar, Foxtrot, Echo} 
2024-10-14 17:45:12.609920 India: Can we be friends?
ChatterBot Kilo reevaluating
ChatterBot Whiskey reevaluating
ChatterBot Oscar reevaluating
ChatterBot Echo reevaluating
2024-10-14 17:45:12.617927 Kilo: No
2024-10-14 17:45:12.618069 Whiskey: No
2024-10-14 17:45:12.618877 Oscar: No
2024-10-14 17:45:12.619022 Foxtrot: No
2024-10-14 17:45:12.619150 Echo: No
ChatterBot Whiskey reevaluating
ChatterBot Oscar reevaluating
ChatterBot Echo reevaluating
ChatterBot Kilo reevaluating
ChatterBot Oscar reevaluating
ChatterBot Echo reevaluating
ChatterBot Kilo reevaluating
ChatterBot Whiskey reevaluating
ChatterBot Echo reevaluating
ChatterBot Kilo reevaluating
ChatterBot Whiskey reevaluating
ChatterBot Oscar reevaluating
ChatterBot Echo reevaluating
ChatterBot Kilo reevaluating
ChatterBot Whiskey reevaluating
ChatterBot Oscar reevaluating
2024-10-14 17:45:12.677667 Foxtrot: Yankee and Oscar, sending you 2
2024-10-14 17:45:12.683984 Kilo: Quebec, sending you 4
2024-10-14 17:45:12.684420 Foxtrot: Whiskey, sending you 6
2024-10-14 17:45:12.684814 Romeo: Yankee and Oscar, sending you 4
2024-10-14 17:45:12.685282 India: Foxtrot and Whiskey, sending you 3
2024-10-14 17:45:12.686656 Oscar: Yankee, sending you 1
2024-10-14 17:45:12.688409 Kilo: Yankee, sending you 5
2024-10-14 17:45:12.688759 Whiskey: Yankee, sending you 4
2024-10-14 17:45:12.689050 Romeo: Echo and Uniform, sending you 2
2024-10-14 17:45:12.689357 Quebec: Oscar and Uniform, sending you 2
2024-10-14 17:45:12.690709 India: Oscar, sending you 4
2024-10-14 17:45:12.690939 Yankee: Romeo, Whiskey and Uniform, sending you 2
2024-10-14 17:45:12.693668 Oscar: Romeo and Whiskey, sending you 3
2024-10-14 17:45:12.695114 Uniform: Yankee, sending you 3
2024-10-14 17:45:12.695682 Kilo: Oscar, Echo and Uniform, sending you 2
2024-10-14 17:45:12.696176 Romeo: Whiskey, sending you 1
2024-10-14 17:45:12.697233 Quebec: Echo and Kilo, sending you 3
2024-10-14 17:45:12.697664 Whiskey: Romeo and Uniform, sending you 2
2024-10-14 17:45:12.698124 Echo: Yankee, sending you 5
2024-10-14 17:45:12.699653 India: Echo, sending you 1
2024-10-14 17:45:12.700127 Yankee: Oscar, sending you 8
2024-10-14 17:45:12.701452 Oscar: Echo, sending you 4
2024-10-14 17:45:12.702041 Uniform: Romeo and Oscar, sending you 4
2024-10-14 17:45:12.702607 Whiskey: Oscar and Echo, sending you 3
2024-10-14 17:45:12.703715 Echo: Romeo, Oscar and Uniform, sending you 3
2024-10-14 17:45:12.704304 India: Kilo, sending you 2
2024-10-14 17:45:12.705187 Oscar: Uniform, sending you 5
2024-10-14 17:45:12.705792 Yankee: Echo, sending you 5
2024-10-14 17:45:12.706838 Uniform: Echo, sending you 1
2024-10-14 17:45:12.711104 Uniform: Whiskey, sending you 2
chatterbot Oscar submitting transactions
chatterbot India submitting transactions
chatterbot Foxtrot submitting transactions
chatterbot Whiskey submitting transactions
chatterbot Kilo submitting transactions
chatterbot Romeo submitting transactions
chatterbot Yankee submitting transactions
chatterbot Quebec submitting transactions
chatterbot Echo submitting transactions
chatterbot Uniform submitting transactions
ChatterBot Quebec round 2
ChatterBot Yankee round 2
ChatterBot Romeo round 2
ChatterBot Foxtrot round 2
ChatterBot Oscar round 2
ChatterBot Echo round 2
2024-10-14 17:45:13.519020 Quebec: Can we be friends?
ChatterBot Kilo reevaluating
ChatterBot Uniform reevaluating
2024-10-14 17:45:13.545419 Kilo: No
2024-10-14 17:45:13.545559 Uniform: No
ChatterBot Quebec reevaluating
ChatterBot Uniform reevaluating
ChatterBot Quebec reevaluating
ChatterBot Kilo reevaluating
2024-10-14 17:45:13.579862 Uniform: We would work well together
ChatterBot Quebec reevaluating
2024-10-14 17:45:13.585918 Quebec: Yes
ChatterBot Uniform reevaluating
ChatterBot Whiskey round 2
ChatterBot Kilo round 2
2024-10-14 17:45:13.611484 Yankee: We should add Kilo
ChatterBot Romeo reevaluating
ChatterBot Oscar reevaluating
ChatterBot Uniform reevaluating
ChatterBot Echo reevaluating
ChatterBot Whiskey reevaluating
2024-10-14 17:45:13.638008 Romeo: No
2024-10-14 17:45:13.638152 Oscar: No
2024-10-14 17:45:13.638270 Uniform: No
2024-10-14 17:45:13.638384 Echo: No
2024-10-14 17:45:13.638486 Whiskey: No
ChatterBot Oscar reevaluating
ChatterBot Uniform reevaluating
ChatterBot Echo reevaluating
ChatterBot Whiskey reevaluating
ChatterBot Romeo reevaluating
ChatterBot Uniform reevaluating
ChatterBot Echo reevaluating
ChatterBot Whiskey reevaluating
ChatterBot Romeo reevaluating
ChatterBot Oscar reevaluating
ChatterBot Echo reevaluating
ChatterBot Whiskey reevaluating
ChatterBot Romeo reevaluating
ChatterBot Oscar reevaluating
ChatterBot Uniform reevaluating
ChatterBot Whiskey reevaluating
ChatterBot Romeo reevaluating
ChatterBot Oscar reevaluating
ChatterBot Uniform reevaluating
ChatterBot Echo reevaluating
2024-10-14 17:45:13.768224 Whiskey: We should add Foxtrot and India
ChatterBot Romeo reevaluating
ChatterBot Oscar reevaluating
ChatterBot Uniform reevaluating
ChatterBot Echo reevaluating
2024-10-14 17:45:13.808878 Yankee: No
2024-10-14 17:45:13.809178 Romeo: No
2024-10-14 17:45:13.809327 Oscar: No
2024-10-14 17:45:13.809472 Uniform: No
2024-10-14 17:45:13.810031 Echo: No
ChatterBot Romeo reevaluating
ChatterBot Oscar reevaluating
ChatterBot Uniform reevaluating
ChatterBot Echo reevaluating
ChatterBot Whiskey reevaluating
ChatterBot Oscar reevaluating
ChatterBot Uniform reevaluating
ChatterBot Echo reevaluating
ChatterBot Whiskey reevaluating
ChatterBot Romeo reevaluating
ChatterBot Uniform reevaluating
ChatterBot Echo reevaluating
ChatterBot Whiskey reevaluating
ChatterBot Romeo reevaluating
ChatterBot Oscar reevaluating
ChatterBot Echo reevaluating
ChatterBot Whiskey reevaluating
ChatterBot Romeo reevaluating
ChatterBot Oscar reevaluating
ChatterBot Uniform reevaluating
ChatterBot Whiskey reevaluating
ChatterBot India round 2
ChatterBot Uniform round 2
2024-10-14 17:45:14.039847 Foxtrot: Friends?
ChatterBot India reevaluating
ChatterBot Quebec reevaluating
ChatterBot Kilo reevaluating
2024-10-14 17:45:14.059469 India: Yes
2024-10-14 17:45:14.059667 Quebec: No
2024-10-14 17:45:14.059830 Kilo: No
ChatterBot Quebec reevaluating
ChatterBot Kilo reevaluating
ChatterBot India reevaluating
ChatterBot Kilo reevaluating
ChatterBot India reevaluating
ChatterBot Quebec reevaluating
2024-10-14 17:45:14.114020 Quebec: Let's form a team
ChatterBot India reevaluating
ChatterBot Kilo reevaluating
2024-10-14 17:45:14.133850 Foxtrot: Yes
2024-10-14 17:45:14.134409 India: Yes
2024-10-14 17:45:14.134551 Kilo: No
ChatterBot India reevaluating
ChatterBot Quebec reevaluating
ChatterBot Kilo reevaluating
ChatterBot Quebec reevaluating
ChatterBot Kilo reevaluating
ChatterBot India reevaluating
ChatterBot Quebec reevaluating
2024-10-14 17:45:14.217474 Yankee: Kilo we want you to join our group
ChatterBot Kilo reevaluating
2024-10-14 17:45:14.222547 Kilo: No
ChatterBot Yankee reevaluating
ChatterBot Romeo reevaluating
ChatterBot Oscar reevaluating
ChatterBot Echo reevaluating
ChatterBot Whiskey reevaluating
ChatterBot Uniform reevaluating
2024-10-14 17:45:14.247332 Yankee: We should add Quebec and Kilo
ChatterBot Romeo reevaluating
ChatterBot Oscar reevaluating
ChatterBot Uniform reevaluating
ChatterBot Echo reevaluating
ChatterBot Whiskey reevaluating
2024-10-14 17:45:14.267652 Romeo: No
2024-10-14 17:45:14.267827 Oscar: No
2024-10-14 17:45:14.267968 Uniform: No
2024-10-14 17:45:14.268078 Echo: No
2024-10-14 17:45:14.268779 Whiskey: No
ChatterBot Yankee reevaluating
ChatterBot Oscar reevaluating
ChatterBot Uniform reevaluating
ChatterBot Echo reevaluating
ChatterBot Whiskey reevaluating
ChatterBot Yankee reevaluating
ChatterBot Romeo reevaluating
ChatterBot Uniform reevaluating
ChatterBot Echo reevaluating
ChatterBot Whiskey reevaluating
ChatterBot Yankee reevaluating
ChatterBot Romeo reevaluating
ChatterBot Oscar reevaluating
ChatterBot Echo reevaluating
ChatterBot Whiskey reevaluating
ChatterBot Yankee reevaluating
ChatterBot Romeo reevaluating
ChatterBot Oscar reevaluating
ChatterBot Uniform reevaluating
ChatterBot Whiskey reevaluating
ChatterBot Yankee reevaluating
ChatterBot Romeo reevaluating
ChatterBot Oscar reevaluating
ChatterBot Uniform reevaluating
ChatterBot Echo reevaluating
2024-10-14 17:45:14.808242 Foxtrot: Quebec and Kilo, sending you 1
2024-10-14 17:45:14.809342 Echo: We should drop Uniform
ChatterBot Yankee reevaluating
2024-10-14 17:45:14.823241 Yankee: No
2024-10-14 17:45:14.823788 Romeo: No
2024-10-14 17:45:14.823916 Oscar: No
2024-10-14 17:45:14.824040 Whiskey: No
ChatterBot Echo reevaluating
ChatterBot Whiskey reevaluating
ChatterBot Echo reevaluating
ChatterBot Yankee reevaluating
ChatterBot Whiskey reevaluating
ChatterBot Echo reevaluating
ChatterBot Yankee reevaluating
ChatterBot Whiskey reevaluating
ChatterBot Echo reevaluating
ChatterBot Yankee reevaluating
2024-10-14 17:45:14.883871 Whiskey: We should add India
ChatterBot Yankee reevaluating
ChatterBot Echo reevaluating
2024-10-14 17:45:14.901038 Yankee: No
2024-10-14 17:45:14.901172 Romeo: No
2024-10-14 17:45:14.901276 Oscar: No
2024-10-14 17:45:14.901367 Uniform: No
2024-10-14 17:45:14.901477 Echo: No
ChatterBot Echo reevaluating
ChatterBot Whiskey reevaluating
ChatterBot Yankee reevaluating
ChatterBot Echo reevaluating
ChatterBot Whiskey reevaluating
ChatterBot Yankee reevaluating
ChatterBot Echo reevaluating
ChatterBot Whiskey reevaluating
ChatterBot Yankee reevaluating
ChatterBot Echo reevaluating
ChatterBot Whiskey reevaluating
ChatterBot Yankee reevaluating
ChatterBot Whiskey reevaluating
2024-10-14 17:45:15.060138 Kilo: Quebec, sending you 8
2024-10-14 17:45:15.060653 Oscar: Yankee, sending you 5
2024-10-14 17:45:15.062040 Quebec: Foxtrot and India, sending you 3
2024-10-14 17:45:15.062437 Romeo: Yankee and Whiskey, sending you 2
chatterbot Kilo submitting transactions
chatterbot Foxtrot submitting transactions
chatterbot Quebec submitting transactions
2024-10-14 17:45:15.064060 Foxtrot: India, sending you 7
2024-10-14 17:45:15.065429 Oscar: Romeo and Uniform, sending you 4
2024-10-14 17:45:15.110745 Kilo: India, sending you 7
2024-10-14 17:45:15.111161 India: Quebec and Kilo, sending you 4
2024-10-14 17:45:15.111652 Quebec: Kilo, sending you 4
2024-10-14 17:45:15.112558 Uniform: Yankee, Romeo, Echo and Whiskey, sending you 3
2024-10-14 17:45:15.113130 Romeo: Oscar, Echo and Uniform, sending you 3
2024-10-14 17:45:15.114080 Oscar: Echo and Whiskey, sending you 3
2024-10-14 17:45:15.151694 Uniform: Oscar, sending you 4
2024-10-14 17:45:15.154577 India: Foxtrot, sending you 5
2024-10-14 17:45:15.182462 Echo: Yankee, sending you 5
2024-10-14 17:45:15.188763 Yankee: Romeo, Oscar, Whiskey, Kilo and Uniform, sending you 3
2024-10-14 17:45:15.190282 Echo: Romeo, sending you 3
2024-10-14 17:45:15.201784 Yankee: Echo, sending you 4
2024-10-14 17:45:15.202363 Echo: Oscar and Whiskey, sending you 4
chatterbot India submitting transactions
chatterbot Uniform submitting transactions
chatterbot Yankee submitting transactions
chatterbot Oscar submitting transactions
chatterbot Romeo submitting transactions
chatterbot Echo submitting transactions
chatterbot Whiskey submitting transactions
ChatterBot Quebec round 3
ChatterBot Yankee round 3
ChatterBot Romeo round 3
ChatterBot Foxtrot round 3
ChatterBot Oscar round 3
ChatterBot Echo round 3
ChatterBot Whiskey round 3
ChatterBot Kilo round 3
ChatterBot India round 3
ChatterBot Uniform round 3
2024-10-14 17:45:16.534795 Kilo: We should add Foxtrot
ChatterBot India reevaluating
2024-10-14 17:45:16.544169 Quebec: Yes
2024-10-14 17:45:16.544349 India: Yes
ChatterBot India reevaluating
2024-10-14 17:45:16.573128 Echo: We should add Uniform
2024-10-14 17:45:16.591035 Yankee: Yes
2024-10-14 17:45:16.591250 Romeo: Yes
2024-10-14 17:45:16.591408 Oscar: Yes
2024-10-14 17:45:16.591561 Whiskey: Yes
2024-10-14 17:45:16.661896 Yankee: We should drop Kilo
2024-10-14 17:45:16.677919 Romeo: Yes
2024-10-14 17:45:16.678107 Oscar: Yes
2024-10-14 17:45:16.678261 Uniform: Yes
2024-10-14 17:45:16.678431 Echo: Yes
2024-10-14 17:45:16.678975 Whiskey: Yes
2024-10-14 17:45:16.835378 Kilo: Foxtrot we want you to join our group
2024-10-14 17:45:16.840379 Foxtrot: Yes
ChatterBot India reevaluating
2024-10-14 17:45:16.851961 Echo: Uniform we want you to join our group
2024-10-14 17:45:16.856109 Uniform: Yes
2024-10-14 17:45:16.870598 Foxtrot: Quebec, sending you 3
2024-10-14 17:45:16.882638 Quebec: Foxtrot and India, sending you 3
2024-10-14 17:45:16.883165 Oscar: Yankee, Echo, Whiskey and Uniform, sending you 4
2024-10-14 17:45:16.884375 Foxtrot: Kilo, sending you 1
2024-10-14 17:45:16.884723 Romeo: Yankee and Whiskey, sending you 2
2024-10-14 17:45:16.887490 Quebec: Kilo, sending you 4
2024-10-14 17:45:16.888105 Oscar: Romeo, sending you 3
2024-10-14 17:45:16.889361 Yankee: Romeo, sending you 3
2024-10-14 17:45:16.890156 Foxtrot: India, sending you 6
2024-10-14 17:45:16.891334 Kilo: Quebec, sending you 6
2024-10-14 17:45:16.892024 Romeo: Oscar, Echo and Uniform, sending you 3
2024-10-14 17:45:16.893192 Uniform: Yankee, Romeo, Echo and Whiskey, sending you 3
2024-10-14 17:45:16.894693 Yankee: Oscar, Echo, Whiskey and Uniform, sending you 4
2024-10-14 17:45:16.896399 India: Quebec, sending you 3
2024-10-14 17:45:16.907678 Kilo: Foxtrot, sending you 4
2024-10-14 17:45:16.910829 Echo: Yankee and Oscar, sending you 4
2024-10-14 17:45:16.912894 Uniform: Oscar, sending you 4
2024-10-14 17:45:16.914571 India: Foxtrot and Kilo, sending you 5
2024-10-14 17:45:16.915222 Kilo: India, sending you 5
2024-10-14 17:45:16.916983 Echo: Romeo and Whiskey, sending you 3
2024-10-14 17:45:16.923994 Echo: Uniform, sending you 2
chatterbot Kilo submitting transactions
chatterbot Yankee submitting transactions
chatterbot Foxtrot submitting transactions
chatterbot Romeo submitting transactions
chatterbot Quebec submitting transactions
chatterbot Echo submitting transactions
chatterbot India submitting transactions
chatterbot Whiskey submitting transactions
chatterbot Uniform submitting transactions
chatterbot Oscar submitting transactions
ChatterBot Quebec round 4
ChatterBot Yankee round 4
ChatterBot Romeo round 4
ChatterBot Foxtrot round 4
ChatterBot Oscar round 4
ChatterBot Echo round 4
ChatterBot Whiskey round 4
ChatterBot Kilo round 4
ChatterBot India round 4
ChatterBot Uniform round 4
2024-10-14 17:45:17.789662 Quebec: Foxtrot and India, sending you 3
2024-10-14 17:45:17.794973 Quebec: Kilo, sending you 4
2024-10-14 17:45:17.797860 Foxtrot: Quebec and Kilo, sending you 3
2024-10-14 17:45:17.798695 India: Quebec, sending you 3
2024-10-14 17:45:17.799127 Echo: Yankee and Oscar, sending you 4
2024-10-14 17:45:17.801661 India: Foxtrot and Kilo, sending you 5
2024-10-14 17:45:17.802705 Foxtrot: India, sending you 4
2024-10-14 17:45:17.803164 Romeo: Yankee, Oscar, Echo and Uniform, sending you 3
2024-10-14 17:45:17.804473 Yankee: Romeo, sending you 3
2024-10-14 17:45:17.804920 Echo: Romeo and Whiskey, sending you 3
2024-10-14 17:45:17.807688 Yankee: Oscar, Echo, Whiskey and Uniform, sending you 4
2024-10-14 17:45:17.808942 Romeo: Whiskey, sending you 1
2024-10-14 17:45:17.809581 Kilo: Quebec and India, sending you 6
2024-10-14 17:45:17.809924 Echo: Uniform, sending you 2
2024-10-14 17:45:17.811679 Oscar: Yankee, Echo, Whiskey and Uniform, sending you 4
2024-10-14 17:45:17.812692 Kilo: Foxtrot, sending you 3
2024-10-14 17:45:17.816767 Oscar: Romeo, sending you 3
2024-10-14 17:45:17.817678 Uniform: Yankee, Romeo, Echo and Whiskey, sending you 3
2024-10-14 17:45:17.820674 Uniform: Oscar, sending you 4
chatterbot Yankee submitting transactions
chatterbot Uniform submitting transactions
chatterbot Quebec submitting transactions
chatterbot Foxtrot submitting transactions
chatterbot Echo submitting transactions
chatterbot Oscar submitting transactions
chatterbot Romeo submitting transactions
chatterbot Kilo submitting transactions
chatterbot Whiskey submitting transactions
chatterbot India submitting transactions
ChatterBot Quebec round 5
ChatterBot Yankee round 5
ChatterBot Romeo round 5
ChatterBot Foxtrot round 5
ChatterBot Oscar round 5
ChatterBot Echo round 5
ChatterBot Whiskey round 5
ChatterBot Kilo round 5
ChatterBot India round 5
ChatterBot Uniform round 5
2024-10-14 17:45:18.870670 Quebec: Foxtrot and India, sending you 3
2024-10-14 17:45:18.874681 Quebec: Kilo, sending you 4
2024-10-14 17:45:18.877673 Yankee: Romeo, sending you 3
2024-10-14 17:45:18.878680 Foxtrot: Quebec and Kilo, sending you 3
2024-10-14 17:45:18.879143 India: Quebec, sending you 3
2024-10-14 17:45:18.879700 Romeo: Yankee, Oscar, Echo and Uniform, sending you 3
2024-10-14 17:45:18.881886 Yankee: Oscar, Echo, Whiskey and Uniform, sending you 4
2024-10-14 17:45:18.882558 Foxtrot: India, sending you 4
2024-10-14 17:45:18.882940 Echo: Yankee and Oscar, sending you 4
2024-10-14 17:45:18.883412 Kilo: Quebec, sending you 5
2024-10-14 17:45:18.883759 India: Foxtrot and Kilo, sending you 5
2024-10-14 17:45:18.884029 Romeo: Whiskey, sending you 1
2024-10-14 17:45:18.884668 Oscar: Yankee, Echo, Whiskey and Uniform, sending you 4
2024-10-14 17:45:18.886018 Echo: Romeo and Whiskey, sending you 3
2024-10-14 17:45:18.887699 Kilo: Foxtrot, sending you 4
2024-10-14 17:45:18.888659 Echo: Uniform, sending you 2
2024-10-14 17:45:18.890261 Oscar: Romeo, sending you 3
2024-10-14 17:45:18.890872 Kilo: India, sending you 6
2024-10-14 17:45:18.896675 Uniform: Yankee, Romeo, Echo and Whiskey, sending you 3
2024-10-14 17:45:18.902658 Uniform: Oscar, sending you 4
chatterbot Romeo submitting transactions
chatterbot Yankee submitting transactions
chatterbot Quebec submitting transactions
chatterbot Kilo submitting transactions
chatterbot India submitting transactions
chatterbot Whiskey submitting transactions
chatterbot Echo submitting transactions
chatterbot Foxtrot submitting transactions
chatterbot Oscar submitting transactions
chatterbot Uniform submitting transactions
ChatterBot Quebec round 6
ChatterBot Yankee round 6
ChatterBot Romeo round 6
ChatterBot Foxtrot round 6
ChatterBot Oscar round 6
ChatterBot Echo round 6
ChatterBot Whiskey round 6
ChatterBot Kilo round 6
ChatterBot India round 6
ChatterBot Uniform round 6
2024-10-14 17:45:20.014683 Quebec: Foxtrot and India, sending you 3
2024-10-14 17:45:20.016681 India: Quebec and Foxtrot, sending you 4
2024-10-14 17:45:20.017034 Foxtrot: Quebec and Kilo, sending you 3
2024-10-14 17:45:20.017686 Quebec: Kilo, sending you 4
2024-10-14 17:45:20.018679 Yankee: Romeo, sending you 3
2024-10-14 17:45:20.019939 Foxtrot: India, sending you 4
2024-10-14 17:45:20.020687 India: Kilo, sending you 5
2024-10-14 17:45:20.021031 Romeo: Yankee, Oscar, Echo and Uniform, sending you 3
2024-10-14 17:45:20.021571 Kilo: Quebec, sending you 5
2024-10-14 17:45:20.023086 Uniform: Yankee, Romeo, Echo and Whiskey, sending you 3
2024-10-14 17:45:20.023744 Yankee: Oscar, Echo, Whiskey and Uniform, sending you 4
2024-10-14 17:45:20.024392 Oscar: Yankee, Echo, Whiskey and Uniform, sending you 4
2024-10-14 17:45:20.025675 Romeo: Whiskey, sending you 1
2024-10-14 17:45:20.026493 Kilo: Foxtrot, sending you 4
2024-10-14 17:45:20.027722 Oscar: Romeo, sending you 3
2024-10-14 17:45:20.028667 Uniform: Oscar, sending you 4
2024-10-14 17:45:20.029580 Echo: Yankee and Oscar, sending you 4
2024-10-14 17:45:20.031690 Kilo: India, sending you 6
2024-10-14 17:45:20.033696 Echo: Romeo and Whiskey, sending you 3
2024-10-14 17:45:20.036674 Echo: Uniform, sending you 2
chatterbot India submitting transactions
chatterbot Oscar submitting transactions
chatterbot Echo submitting transactions
chatterbot Foxtrot submitting transactions
chatterbot Yankee submitting transactions
chatterbot Whiskey submitting transactions
chatterbot Quebec submitting transactions
chatterbot Uniform submitting transactions
chatterbot Romeo submitting transactions
chatterbot Kilo submitting transactions
ChatterBot Quebec round 7
ChatterBot Yankee round 7
ChatterBot Romeo round 7
ChatterBot Foxtrot round 7
ChatterBot Oscar round 7
ChatterBot Echo round 7
ChatterBot Whiskey round 7
ChatterBot Kilo round 7
ChatterBot India round 7
ChatterBot Uniform round 7
2024-10-14 17:45:21.019758 Echo: We should drop Whiskey
ChatterBot Uniform reevaluating
2024-10-14 17:45:21.032902 Yankee: No
2024-10-14 17:45:21.033176 Romeo: No
2024-10-14 17:45:21.033932 Oscar: No
2024-10-14 17:45:21.034291 Uniform: Yes
ChatterBot Echo reevaluating
ChatterBot Uniform reevaluating
ChatterBot Echo reevaluating
ChatterBot Uniform reevaluating
ChatterBot Echo reevaluating
ChatterBot Uniform reevaluating
ChatterBot Echo reevaluating
2024-10-14 17:45:21.078709 Foxtrot: Quebec and Kilo, sending you 3
2024-10-14 17:45:21.080808 Romeo: Yankee, Oscar, Echo and Uniform, sending you 3
2024-10-14 17:45:21.083803 Uniform: We should drop Echo
2024-10-14 17:45:21.098207 Yankee: No
2024-10-14 17:45:21.098385 Romeo: No
2024-10-14 17:45:21.098514 Oscar: No
2024-10-14 17:45:21.098715 Whiskey: No
ChatterBot Uniform reevaluating
ChatterBot Uniform reevaluating
ChatterBot Uniform reevaluating
ChatterBot Uniform reevaluating
2024-10-14 17:45:21.141563 Oscar: Yankee, Echo, Whiskey and Uniform, sending you 4
2024-10-14 17:45:21.142249 Quebec: Foxtrot and India, sending you 3
2024-10-14 17:45:21.142718 Foxtrot: India, sending you 4
2024-10-14 17:45:21.143215 Romeo: Whiskey, sending you 1
2024-10-14 17:45:21.145680 Kilo: Quebec, sending you 5
2024-10-14 17:45:21.146673 Oscar: Romeo, sending you 3
2024-10-14 17:45:21.147913 Quebec: Kilo, sending you 4
2024-10-14 17:45:21.148487 Yankee: Romeo, sending you 3
2024-10-14 17:45:21.149236 India: Quebec and Foxtrot, sending you 4
2024-10-14 17:45:21.149632 Echo: Yankee, Romeo, Whiskey and Uniform, sending you 3
2024-10-14 17:45:21.150826 Kilo: Foxtrot, sending you 4
2024-10-14 17:45:21.153005 India: Kilo, sending you 5
2024-10-14 17:45:21.153681 Yankee: Oscar, Echo, Whiskey and Uniform, sending you 4
2024-10-14 17:45:21.154667 Kilo: India, sending you 6
2024-10-14 17:45:21.155957 Echo: Oscar, sending you 4
2024-10-14 17:45:21.172665 Uniform: Yankee, Romeo, Echo and Whiskey, sending you 3
2024-10-14 17:45:21.176659 Uniform: Oscar, sending you 4
chatterbot Romeo submitting transactions
chatterbot Yankee submitting transactions
chatterbot Uniform submitting transactions
chatterbot Oscar submitting transactions
chatterbot Whiskey submitting transactions
chatterbot Echo submitting transactions
chatterbot Foxtrot submitting transactions
chatterbot Quebec submitting transactions
chatterbot Kilo submitting transactions
chatterbot India submitting transactions
ChatterBot Quebec round 8
ChatterBot Yankee round 8
ChatterBot Romeo round 8
ChatterBot Foxtrot round 8
ChatterBot Oscar round 8
ChatterBot Echo round 8
ChatterBot Whiskey round 8
ChatterBot Kilo round 8
ChatterBot India round 8
ChatterBot Uniform round 8
2024-10-14 17:45:22.288838 Echo: We should drop Whiskey
2024-10-14 17:45:22.297911 Yankee: No
2024-10-14 17:45:22.298095 Romeo: No
2024-10-14 17:45:22.298226 Oscar: No
2024-10-14 17:45:22.298344 Uniform: No
ChatterBot Echo reevaluating
ChatterBot Echo reevaluating
ChatterBot Echo reevaluating
2024-10-14 17:45:22.341963 Quebec: Foxtrot and India, sending you 3
2024-10-14 17:45:22.344662 Yankee: Romeo, sending you 3
2024-10-14 17:45:22.345316 Foxtrot: Quebec and Kilo, sending you 3
2024-10-14 17:45:22.346079 Uniform: Yankee, Romeo, Echo and Whiskey, sending you 3
2024-10-14 17:45:22.346649 Romeo: Yankee, Oscar, Echo and Uniform, sending you 3
2024-10-14 17:45:22.347231 Quebec: Kilo, sending you 4
2024-10-14 17:45:22.347554 Kilo: Quebec, sending you 5
2024-10-14 17:45:22.347872 Oscar: Yankee, Echo, Whiskey and Uniform, sending you 4
2024-10-14 17:45:22.348403 India: Quebec and Foxtrot, sending you 4
2024-10-14 17:45:22.348762 Yankee: Oscar, Echo, Whiskey and Uniform, sending you 4
2024-10-14 17:45:22.349684 Uniform: Oscar, sending you 4
2024-10-14 17:45:22.350717 Foxtrot: India, sending you 4
2024-10-14 17:45:22.351133 Oscar: Romeo, sending you 3
2024-10-14 17:45:22.351867 Romeo: Whiskey, sending you 1
2024-10-14 17:45:22.352568 Kilo: Foxtrot, sending you 4
2024-10-14 17:45:22.352975 India: Kilo, sending you 5
2024-10-14 17:45:22.356683 Kilo: India, sending you 6
2024-10-14 17:45:22.360674 Echo: Yankee, Romeo, Whiskey and Uniform, sending you 3
2024-10-14 17:45:22.365662 Echo: Oscar, sending you 4
chatterbot Quebec submitting transactions
chatterbot Yankee submitting transactions
chatterbot Romeo submitting transactions
chatterbot Echo submitting transactions
chatterbot Oscar submitting transactions
chatterbot Uniform submitting transactions
chatterbot India submitting transactions
chatterbot Whiskey submitting transactions
chatterbot Foxtrot submitting transactions
chatterbot Kilo submitting transactions
ChatterBot Quebec round 9
ChatterBot Yankee round 9
ChatterBot Romeo round 9
ChatterBot Foxtrot round 9
ChatterBot Oscar round 9
ChatterBot Echo round 9
ChatterBot Whiskey round 9
ChatterBot Kilo round 9
ChatterBot India round 9
ChatterBot Uniform round 9
2024-10-14 17:45:23.529159 Echo: We should drop Romeo
ChatterBot Uniform reevaluating
2024-10-14 17:45:23.541681 Yankee: No
2024-10-14 17:45:23.541876 Oscar: No
2024-10-14 17:45:23.542031 Whiskey: No
2024-10-14 17:45:23.542178 Uniform: No
ChatterBot Echo reevaluating
ChatterBot Uniform reevaluating
ChatterBot Echo reevaluating
ChatterBot Uniform reevaluating
ChatterBot Echo reevaluating
ChatterBot Uniform reevaluating
ChatterBot Echo reevaluating
2024-10-14 17:45:23.584517 Yankee: Romeo, sending you 3
2024-10-14 17:45:23.587668 Foxtrot: Quebec and Kilo, sending you 3
2024-10-14 17:45:23.588139 Quebec: Foxtrot and India, sending you 3
2024-10-14 17:45:23.590110 Yankee: Oscar, Echo, Whiskey and Uniform, sending you 4
2024-10-14 17:45:23.590778 Oscar: Yankee, Echo, Whiskey and Uniform, sending you 4
2024-10-14 17:45:23.591344 Romeo: Yankee, Oscar, Echo and Uniform, sending you 3
2024-10-14 17:45:23.591942 Foxtrot: India, sending you 4
2024-10-14 17:45:23.592863 Uniform: We should drop Echo
2024-10-14 17:45:23.602481 Yankee: No
2024-10-14 17:45:23.602647 Romeo: No
2024-10-14 17:45:23.602795 Oscar: No
2024-10-14 17:45:23.602909 Whiskey: No
ChatterBot Uniform reevaluating
2024-10-14 17:45:23.640828 Quebec: Kilo, sending you 4
2024-10-14 17:45:23.641354 Oscar: Romeo, sending you 3
2024-10-14 17:45:23.642186 Romeo: Whiskey, sending you 1
2024-10-14 17:45:23.643426 Kilo: Quebec, sending you 5
2024-10-14 17:45:23.647671 India: Quebec and Foxtrot, sending you 4
2024-10-14 17:45:23.648370 Echo: Yankee, Romeo, Whiskey and Uniform, sending you 3
2024-10-14 17:45:23.649271 Kilo: Foxtrot, sending you 4
2024-10-14 17:45:23.651676 India: Kilo, sending you 5
2024-10-14 17:45:23.652236 Echo: Oscar, sending you 4
2024-10-14 17:45:23.653126 Kilo: India, sending you 6
2024-10-14 17:45:23.661666 Uniform: Yankee, Romeo, Echo and Whiskey, sending you 3
2024-10-14 17:45:23.667643 Uniform: Oscar, sending you 4
chatterbot Quebec submitting transactions
chatterbot Whiskey submitting transactions
chatterbot Uniform submitting transactions
chatterbot Kilo submitting transactions
chatterbot India submitting transactions
chatterbot Oscar submitting transactions
chatterbot Echo submitting transactions
chatterbot Yankee submitting transactions
chatterbot Romeo submitting transactions
chatterbot Foxtrot submitting transactions
ChatterBot Quebec round 10
ChatterBot Yankee round 10
ChatterBot Romeo round 10
ChatterBot Foxtrot round 10
ChatterBot Oscar round 10
ChatterBot Echo round 10
ChatterBot Whiskey round 10
ChatterBot Kilo round 10
ChatterBot India round 10
ChatterBot Uniform round 10
2024-10-14 17:45:24.709626 Echo: We should drop Whiskey
2024-10-14 17:45:24.717349 Yankee: No
2024-10-14 17:45:24.717542 Romeo: No
2024-10-14 17:45:24.717707 Oscar: No
2024-10-14 17:45:24.717874 Uniform: No
ChatterBot Uniform reevaluating
ChatterBot Echo reevaluating
ChatterBot Uniform reevaluating
ChatterBot Echo reevaluating
ChatterBot Uniform reevaluating
ChatterBot Echo reevaluating
2024-10-14 17:45:24.753662 Yankee: Romeo, sending you 3
2024-10-14 17:45:24.755680 Oscar: Yankee, Echo, Whiskey and Uniform, sending you 4
2024-10-14 17:45:24.757681 Yankee: Oscar, Echo, Whiskey and Uniform, sending you 4
2024-10-14 17:45:24.760696 Oscar: Romeo, sending you 3
2024-10-14 17:45:24.762116 Quebec: Foxtrot and India, sending you 3
2024-10-14 17:45:24.762916 Uniform: We should drop Echo
2024-10-14 17:45:24.771813 Yankee: No
2024-10-14 17:45:24.771972 Romeo: No
2024-10-14 17:45:24.772095 Oscar: No
2024-10-14 17:45:24.772200 Whiskey: No
ChatterBot Uniform reevaluating
ChatterBot Uniform reevaluating
ChatterBot Uniform reevaluating
ChatterBot Uniform reevaluating
2024-10-14 17:45:24.800605 Foxtrot: Quebec and Kilo, sending you 3
2024-10-14 17:45:24.801094 Romeo: Yankee, Oscar, Echo and Uniform, sending you 3
2024-10-14 17:45:24.801673 Quebec: Kilo, sending you 4
2024-10-14 17:45:24.804670 Foxtrot: India, sending you 4
2024-10-14 17:45:24.805149 Romeo: Whiskey, sending you 1
2024-10-14 17:45:24.805909 India: Quebec and Foxtrot, sending you 4
2024-10-14 17:45:24.806668 Kilo: Sending you each 5
2024-10-14 17:45:24.810667 India: Kilo, sending you 5
2024-10-14 17:45:24.840705 Uniform: Sending you each 4
chatterbot Oscar submitting transactions
chatterbot Quebec submitting transactions
chatterbot Whiskey submitting transactions
chatterbot Uniform submitting transactions
chatterbot Echo submitting transactions
chatterbot Romeo submitting transactions
chatterbot Yankee submitting transactions
chatterbot India submitting transactions
chatterbot Kilo submitting transactions
chatterbot Foxtrot submitting transactions
ChatterBot Quebec round 11
ChatterBot Yankee round 11
ChatterBot Romeo round 11
ChatterBot Foxtrot round 11
ChatterBot Oscar round 11
ChatterBot Echo round 11
ChatterBot Whiskey round 11
ChatterBot Kilo round 11
ChatterBot India round 11
ChatterBot Uniform round 11
2024-10-14 17:45:26.020157 Romeo: Yankee, Oscar, Echo and Uniform, sending you 3
2024-10-14 17:45:26.023675 Yankee: Romeo, sending you 3
2024-10-14 17:45:26.025368 Romeo: Whiskey, sending you 1
2024-10-14 17:45:26.026662 Quebec: Foxtrot and India, sending you 3
2024-10-14 17:45:26.029662 Yankee: Oscar, Echo, Whiskey and Uniform, sending you 4
2024-10-14 17:45:26.031175 Quebec: Kilo, sending you 4
2024-10-14 17:45:26.033659 Echo: Yankee, Romeo, Whiskey and Uniform, sending you 3
2024-10-14 17:45:26.035670 Kilo: Same as last round
2024-10-14 17:45:26.039682 Echo: Oscar, sending you 4
2024-10-14 17:45:26.040838 Foxtrot: Quebec and Kilo, sending you 3
2024-10-14 17:45:26.041565 Uniform: Same as last round
2024-10-14 17:45:26.042226 Oscar: Yankee, Echo, Whiskey and Uniform, sending you 4
2024-10-14 17:45:26.043257 India: Quebec and Foxtrot, sending you 4
2024-10-14 17:45:26.043905 Foxtrot: India, sending you 4
2024-10-14 17:45:26.046681 Oscar: Romeo, sending you 3
2024-10-14 17:45:26.048653 India: Kilo, sending you 5
chatterbot Yankee submitting transactions
chatterbot India submitting transactions
chatterbot Quebec submitting transactions
chatterbot Kilo submitting transactions
chatterbot Romeo submitting transactions
chatterbot Echo submitting transactions
chatterbot Oscar submitting transactions
chatterbot Whiskey submitting transactions
chatterbot Uniform submitting transactions
chatterbot Foxtrot submitting transactions
ChatterBot Quebec round 12
ChatterBot Yankee round 12
ChatterBot Romeo round 12
ChatterBot Foxtrot round 12
ChatterBot Oscar round 12
ChatterBot Echo round 12
ChatterBot Whiskey round 12
ChatterBot Kilo round 12
ChatterBot India round 12
ChatterBot Uniform round 12
2024-10-14 17:45:27.297846 Echo: We should drop Uniform
2024-10-14 17:45:27.305537 Yankee: No
2024-10-14 17:45:27.305720 Romeo: No
2024-10-14 17:45:27.305837 Oscar: No
2024-10-14 17:45:27.305950 Whiskey: No
ChatterBot Echo reevaluating
ChatterBot Echo reevaluating
ChatterBot Echo reevaluating
ChatterBot Echo reevaluating
2024-10-14 17:45:27.333905 Romeo: Yankee, Oscar, Echo and Uniform, sending you 3
2024-10-14 17:45:27.334709 Uniform: Same as last round
2024-10-14 17:45:27.337797 Echo: We should drop Whiskey
2024-10-14 17:45:27.345586 Yankee: No
2024-10-14 17:45:27.345779 Romeo: No
2024-10-14 17:45:27.345957 Oscar: No
2024-10-14 17:45:27.346089 Uniform: No
ChatterBot Echo reevaluating
ChatterBot Echo reevaluating
ChatterBot Echo reevaluating
ChatterBot Echo reevaluating
ChatterBot Oscar reevaluating
2024-10-14 17:45:27.379381 Romeo: Whiskey, sending you 1
2024-10-14 17:45:27.379968 Quebec: Foxtrot and India, sending you 3
2024-10-14 17:45:27.380334 India: Quebec and Foxtrot, sending you 4
2024-10-14 17:45:27.380647 Foxtrot: Quebec and Kilo, sending you 3
2024-10-14 17:45:27.380988 Kilo: Same as last round
2024-10-14 17:45:27.381300 Yankee: Romeo, Oscar, Echo and Uniform, sending you 4
2024-10-14 17:45:27.382699 Quebec: Kilo, sending you 4
2024-10-14 17:45:27.384803 India: Kilo, sending you 5
2024-10-14 17:45:27.385314 Yankee: Whiskey, sending you 3
2024-10-14 17:45:27.386535 Oscar: We should drop Echo
2024-10-14 17:45:27.395080 Uniform: Yes
2024-10-14 17:45:27.395299 Yankee: No
2024-10-14 17:45:27.395450 Romeo: No
2024-10-14 17:45:27.395599 Whiskey: No
ChatterBot Oscar reevaluating
ChatterBot Oscar reevaluating
ChatterBot Oscar reevaluating
ChatterBot Oscar reevaluating
2024-10-14 17:45:27.437952 Foxtrot: India, sending you 4
2024-10-14 17:45:27.443697 Echo: Yankee and Oscar, sending you 4
2024-10-14 17:45:27.446687 Oscar: Echo we want you to join our group
ChatterBot Echo reevaluating
2024-10-14 17:45:27.451885 Echo: Yes
ChatterBot Oscar reevaluating
ChatterBot Uniform reevaluating
2024-10-14 17:45:27.467244 Uniform: We should replace Oscar with Echo
2024-10-14 17:45:27.473455 Yankee: No
2024-10-14 17:45:27.473632 Romeo: No
2024-10-14 17:45:27.473757 Whiskey: No
ChatterBot Uniform reevaluating
ChatterBot Uniform reevaluating
ChatterBot Uniform reevaluating
2024-10-14 17:45:27.493442 Uniform: We should add Echo
ChatterBot Oscar reevaluating
2024-10-14 17:45:27.500885 Yankee: Yes
2024-10-14 17:45:27.501030 Romeo: Yes
2024-10-14 17:45:27.501145 Oscar: Yes
2024-10-14 17:45:27.501256 Whiskey: Yes
ChatterBot Uniform reevaluating
ChatterBot Oscar reevaluating
ChatterBot Uniform reevaluating
ChatterBot Oscar reevaluating
ChatterBot Uniform reevaluating
ChatterBot Uniform reevaluating
ChatterBot Oscar reevaluating
2024-10-14 17:45:27.540783 Uniform: Echo we want you to join our group
ChatterBot Echo reevaluating
2024-10-14 17:45:27.543708 Echo: No
ChatterBot Uniform reevaluating
2024-10-14 17:45:27.556846 Uniform: We should replace Romeo with Echo
2024-10-14 17:45:27.562954 Yankee: No
2024-10-14 17:45:27.563115 Oscar: No
2024-10-14 17:45:27.563237 Whiskey: No
ChatterBot Uniform reevaluating
ChatterBot Uniform reevaluating
ChatterBot Uniform reevaluating
2024-10-14 17:45:27.586223 Echo: We should drop Romeo
ChatterBot Uniform reevaluating
2024-10-14 17:45:27.597825 Yankee: No
2024-10-14 17:45:27.597990 Oscar: No
2024-10-14 17:45:27.598126 Whiskey: No
2024-10-14 17:45:27.598272 Uniform: Yes
ChatterBot Echo reevaluating
ChatterBot Uniform reevaluating
ChatterBot Echo reevaluating
ChatterBot Uniform reevaluating
ChatterBot Echo reevaluating
ChatterBot Uniform reevaluating
ChatterBot Echo reevaluating
chatterbot Whiskey submitting transactions
chatterbot Yankee submitting transactions
2024-10-14 17:45:27.764805 Uniform: Sorry, I'm actually sending you 0
2024-10-14 17:45:27.769745 Uniform: Sending you each 4
chatterbot Kilo submitting transactions
chatterbot Romeo submitting transactions
chatterbot Uniform submitting transactions
chatterbot Quebec submitting transactions
chatterbot Foxtrot submitting transactions
chatterbot Oscar submitting transactions
chatterbot India submitting transactions
chatterbot Echo submitting transactions
ChatterBot Quebec round 13
ChatterBot Yankee round 13
ChatterBot Romeo round 13
ChatterBot Foxtrot round 13
ChatterBot Oscar round 13
ChatterBot Echo round 13
ChatterBot Whiskey round 13
ChatterBot Kilo round 13
ChatterBot India round 13
ChatterBot Uniform round 13
2024-10-14 17:45:28.592693 Oscar: We should add Echo
2024-10-14 17:45:28.600222 Uniform: Yes
2024-10-14 17:45:28.600380 Yankee: Yes
2024-10-14 17:45:28.600775 Romeo: Yes
2024-10-14 17:45:28.600907 Whiskey: Yes
2024-10-14 17:45:28.635656 Echo: We should drop Romeo
2024-10-14 17:45:28.641921 Yankee: No
2024-10-14 17:45:28.642051 Oscar: No
2024-10-14 17:45:28.642143 Whiskey: No
2024-10-14 17:45:28.642230 Uniform: Yes
ChatterBot Echo reevaluating
ChatterBot Echo reevaluating
ChatterBot Echo reevaluating
ChatterBot Echo reevaluating
2024-10-14 17:45:28.669929 Oscar: Echo we want you to join our group
ChatterBot Echo reevaluating
2024-10-14 17:45:28.672369 Echo: No
2024-10-14 17:45:28.680970 Quebec: Foxtrot and India, sending you 3
2024-10-14 17:45:28.681371 Yankee: Romeo, Oscar, Echo and Uniform, sending you 4
2024-10-14 17:45:28.683675 Foxtrot: Quebec and Kilo, sending you 3
2024-10-14 17:45:28.685659 Quebec: Kilo, sending you 4
2024-10-14 17:45:28.686066 Yankee: Whiskey, sending you 3
2024-10-14 17:45:28.687690 Kilo: Same as last round
2024-10-14 17:45:28.688305 Foxtrot: India, sending you 4
2024-10-14 17:45:28.689103 Echo: We should drop Uniform
2024-10-14 17:45:28.703328 Yankee: No
