ChatterBot Hotel round 1
ChatterBot Victor round 1
ChatterBot Quebec round 1
ChatterBot Delta round 1
ChatterBot November round 1
ChatterBot X-ray round 1
ChatterBot Sierra round 1
ChatterBot Oscar round 1
ChatterBot Romeo round 1
ChatterBot Whiskey round 1
randomSelections Sierra: {Sierra, Oscar, Quebec, X-ray} 
2024-10-14 17:45:12.663119 Sierra: Can we be friends?
ChatterBot Oscar reevaluating
ChatterBot Quebec reevaluating
ChatterBot X-ray reevaluating
2024-10-14 17:45:12.673031 Oscar: Yes
2024-10-14 17:45:12.673191 Quebec: Yes
2024-10-14 17:45:12.673338 X-ray: Yes
ChatterBot Quebec reevaluating
ChatterBot X-ray reevaluating
ChatterBot Oscar reevaluating
ChatterBot X-ray reevaluating
ChatterBot Oscar reevaluating
ChatterBot Quebec reevaluating
randomSelections Victor: {Victor, Sierra, Romeo, Whiskey, November, Hotel} 
2024-10-14 17:45:12.705130 Victor: Group up?
ChatterBot Romeo reevaluating
ChatterBot Whiskey reevaluating
ChatterBot November reevaluating
ChatterBot Hotel reevaluating
2024-10-14 17:45:12.720893 Sierra: No
2024-10-14 17:45:12.721464 Romeo: Yes
2024-10-14 17:45:12.721598 Whiskey: Yes
2024-10-14 17:45:12.721742 November: Yes
2024-10-14 17:45:12.721889 Hotel: Yes
ChatterBot Romeo reevaluating
ChatterBot Whiskey reevaluating
ChatterBot November reevaluating
ChatterBot Hotel reevaluating
ChatterBot Whiskey reevaluating
ChatterBot November reevaluating
ChatterBot Hotel reevaluating
ChatterBot Romeo reevaluating
ChatterBot November reevaluating
ChatterBot Hotel reevaluating
ChatterBot Romeo reevaluating
ChatterBot Whiskey reevaluating
ChatterBot Hotel reevaluating
ChatterBot Romeo reevaluating
ChatterBot Whiskey reevaluating
ChatterBot November reevaluating
randomSelections Delta: {Delta, Sierra, Quebec, X-ray, Whiskey, Oscar, Romeo} 
2024-10-14 17:45:12.793076 Delta: Friends?
ChatterBot Quebec reevaluating
ChatterBot X-ray reevaluating
ChatterBot Whiskey reevaluating
ChatterBot Oscar reevaluating
ChatterBot Romeo reevaluating
2024-10-14 17:45:12.807075 Sierra: No
2024-10-14 17:45:12.807600 Quebec: No
2024-10-14 17:45:12.807760 X-ray: No
2024-10-14 17:45:12.807989 Whiskey: No
2024-10-14 17:45:12.808144 Oscar: No
2024-10-14 17:45:12.808340 Romeo: No
ChatterBot Quebec reevaluating
ChatterBot X-ray reevaluating
ChatterBot Whiskey reevaluating
ChatterBot Oscar reevaluating
ChatterBot Romeo reevaluating
ChatterBot X-ray reevaluating
ChatterBot Whiskey reevaluating
ChatterBot Oscar reevaluating
ChatterBot Romeo reevaluating
ChatterBot Quebec reevaluating
ChatterBot Whiskey reevaluating
ChatterBot Oscar reevaluating
ChatterBot Romeo reevaluating
ChatterBot Quebec reevaluating
ChatterBot X-ray reevaluating
ChatterBot Oscar reevaluating
ChatterBot Romeo reevaluating
ChatterBot Quebec reevaluating
ChatterBot X-ray reevaluating
ChatterBot Whiskey reevaluating
ChatterBot Romeo reevaluating
ChatterBot Quebec reevaluating
ChatterBot X-ray reevaluating
ChatterBot Whiskey reevaluating
ChatterBot Oscar reevaluating
2024-10-14 17:45:12.891678 Victor: Hotel, sending you 2
2024-10-14 17:45:12.893673 Sierra: Quebec, sending you 2
2024-10-14 17:45:12.894687 Delta: Quebec, sending you 4
2024-10-14 17:45:12.896699 Victor: November, sending you 1
2024-10-14 17:45:12.898834 Sierra: X-ray, sending you 8
2024-10-14 17:45:12.899147 Romeo: Hotel, sending you 5
2024-10-14 17:45:12.899696 Delta: X-ray and Oscar, sending you 1
2024-10-14 17:45:12.901667 Oscar: Quebec, sending you 6
2024-10-14 17:45:12.902084 Victor: Sierra and Whiskey, sending you 3
2024-10-14 17:45:12.902334 November: Hotel and Romeo, sending you 1
2024-10-14 17:45:12.902518 Sierra: Oscar, sending you 4
2024-10-14 17:45:12.903717 Romeo: Victor and Sierra, sending you 4
2024-10-14 17:45:12.904012 Delta: Sierra, sending you 3
2024-10-14 17:45:12.904718 Hotel: Victor, Sierra and Romeo, sending you 3
2024-10-14 17:45:12.905115 November: Victor, sending you 5
2024-10-14 17:45:12.905697 Oscar: X-ray, sending you 2
2024-10-14 17:45:12.906032 Quebec: X-ray, sending you 5
2024-10-14 17:45:12.906703 Victor: Romeo, sending you 4
2024-10-14 17:45:12.907726 Whiskey: Hotel, sending you 2
2024-10-14 17:45:12.908509 X-ray: Quebec, sending you 3
2024-10-14 17:45:12.908785 Romeo: November, sending you 1
2024-10-14 17:45:12.909043 Delta: Romeo and Whiskey, sending you 5
2024-10-14 17:45:12.909307 Hotel: November, sending you 1
2024-10-14 17:45:12.909700 November: Whiskey, sending you 2
2024-10-14 17:45:12.909917 Oscar: Sierra, sending you 9
2024-10-14 17:45:12.910084 Quebec: Sierra, sending you 3
2024-10-14 17:45:12.911686 Whiskey: Victor, sending you 1
2024-10-14 17:45:12.912667 Romeo: Whiskey, sending you 3
2024-10-14 17:45:12.913009 Hotel: Whiskey, sending you 2
2024-10-14 17:45:12.913732 X-ray: Sierra, sending you 1
2024-10-14 17:45:12.914682 Quebec: Oscar, sending you 4
2024-10-14 17:45:12.915662 Whiskey: November, sending you 3
2024-10-14 17:45:12.917725 X-ray: Oscar, sending you 6
2024-10-14 17:45:12.918663 Whiskey: Sierra and Romeo, sending you 5
chatterbot Whiskey submitting transactions
chatterbot Sierra submitting transactions
chatterbot Hotel submitting transactions
chatterbot Delta submitting transactions
chatterbot Quebec submitting transactions
chatterbot X-ray submitting transactions
chatterbot November submitting transactions
chatterbot Victor submitting transactions
chatterbot Oscar submitting transactions
chatterbot Romeo submitting transactions
ChatterBot Hotel round 2
ChatterBot Victor round 2
ChatterBot Quebec round 2
ChatterBot Delta round 2
ChatterBot November round 2
ChatterBot X-ray round 2
ChatterBot Sierra round 2
ChatterBot Oscar round 2
ChatterBot Romeo round 2
ChatterBot Whiskey round 2
2024-10-14 17:45:14.056703 Delta: Group up?
ChatterBot Hotel reevaluating
ChatterBot Victor reevaluating
ChatterBot November reevaluating
ChatterBot Romeo reevaluating
ChatterBot Whiskey reevaluating
2024-10-14 17:45:14.073121 Hotel: Yes
2024-10-14 17:45:14.073712 Victor: Yes
2024-10-14 17:45:14.073831 November: Yes
2024-10-14 17:45:14.073934 Romeo: No
2024-10-14 17:45:14.074039 Whiskey: Yes
ChatterBot Victor reevaluating
ChatterBot November reevaluating
ChatterBot Romeo reevaluating
ChatterBot Whiskey reevaluating
ChatterBot Hotel reevaluating
ChatterBot November reevaluating
ChatterBot Romeo reevaluating
ChatterBot Whiskey reevaluating
ChatterBot Hotel reevaluating
ChatterBot Victor reevaluating
ChatterBot Romeo reevaluating
ChatterBot Whiskey reevaluating
ChatterBot Delta reevaluating
ChatterBot Hotel reevaluating
ChatterBot Victor reevaluating
ChatterBot November reevaluating
ChatterBot Whiskey reevaluating
ChatterBot Delta reevaluating
ChatterBot Hotel reevaluating
ChatterBot Victor reevaluating
ChatterBot November reevaluating
ChatterBot Romeo reevaluating
2024-10-14 17:45:14.173279 Quebec: We should add Delta
ChatterBot Sierra reevaluating
ChatterBot Oscar reevaluating
ChatterBot X-ray reevaluating
2024-10-14 17:45:14.183410 Sierra: Yes
2024-10-14 17:45:14.183601 Oscar: Yes
2024-10-14 17:45:14.183735 X-ray: Yes
ChatterBot Oscar reevaluating
ChatterBot X-ray reevaluating
ChatterBot Sierra reevaluating
ChatterBot X-ray reevaluating
ChatterBot Sierra reevaluating
ChatterBot Oscar reevaluating
2024-10-14 17:45:14.228307 Whiskey: We should replace Sierra with Delta
ChatterBot Hotel reevaluating
ChatterBot Victor reevaluating
ChatterBot November reevaluating
ChatterBot Romeo reevaluating
2024-10-14 17:45:14.241670 Hotel: Yes
2024-10-14 17:45:14.241818 Victor: Yes
2024-10-14 17:45:14.241925 November: Yes
2024-10-14 17:45:14.242036 Romeo: Yes
ChatterBot Victor reevaluating
ChatterBot November reevaluating
ChatterBot Romeo reevaluating
ChatterBot Whiskey reevaluating
ChatterBot Hotel reevaluating
ChatterBot November reevaluating
ChatterBot Romeo reevaluating
ChatterBot Whiskey reevaluating
ChatterBot Hotel reevaluating
ChatterBot Victor reevaluating
ChatterBot Romeo reevaluating
ChatterBot Whiskey reevaluating
ChatterBot Hotel reevaluating
ChatterBot Victor reevaluating
ChatterBot November reevaluating
ChatterBot Whiskey reevaluating
2024-10-14 17:45:14.299678 Quebec: Delta we want you to join our group
ChatterBot Delta reevaluating
2024-10-14 17:45:14.303397 Delta: No
ChatterBot X-ray reevaluating
ChatterBot Sierra reevaluating
ChatterBot Oscar reevaluating
2024-10-14 17:45:14.317890 November: Delta we want you to join our group
ChatterBot Delta reevaluating
2024-10-14 17:45:14.321659 Delta: Yes
ChatterBot Hotel reevaluating
ChatterBot Victor reevaluating
ChatterBot November reevaluating
ChatterBot Romeo reevaluating
2024-10-14 17:45:14.343549 Romeo: Can we be friends?
ChatterBot Hotel reevaluating
ChatterBot Victor reevaluating
ChatterBot Delta reevaluating
2024-10-14 17:45:14.365111 Hotel: Yes
2024-10-14 17:45:14.365310 Victor: Yes
2024-10-14 17:45:14.365455 Delta: Yes
2024-10-14 17:45:14.365603 Whiskey: Yes
ChatterBot Romeo reevaluating
ChatterBot Victor reevaluating
ChatterBot Delta reevaluating
ChatterBot Romeo reevaluating
ChatterBot Hotel reevaluating
ChatterBot Delta reevaluating
ChatterBot Romeo reevaluating
ChatterBot Hotel reevaluating
ChatterBot Victor reevaluating
ChatterBot Romeo reevaluating
ChatterBot Hotel reevaluating
ChatterBot Victor reevaluating
ChatterBot Delta reevaluating
2024-10-14 17:45:14.518548 X-ray: Delta we want you to join our group
ChatterBot Delta reevaluating
2024-10-14 17:45:14.525303 Delta: No
ChatterBot Sierra reevaluating
2024-10-14 17:45:14.546848 Oscar: Delta we want you to join our group
ChatterBot Delta reevaluating
2024-10-14 17:45:14.552915 Delta: No
ChatterBot Sierra reevaluating
2024-10-14 17:45:14.575546 Whiskey: Delta we want you to join our group
ChatterBot Delta reevaluating
2024-10-14 17:45:14.583784 Delta: Yes
ChatterBot Hotel reevaluating
2024-10-14 17:45:14.610943 Victor: Delta we want you to join our group
ChatterBot Delta reevaluating
2024-10-14 17:45:14.617370 Delta: Yes
ChatterBot Hotel reevaluating
ChatterBot Romeo reevaluating
2024-10-14 17:45:14.893775 Quebec: Delta and X-ray, sending you 3
2024-10-14 17:45:14.894654 Romeo: We should drop Sierra
ChatterBot Hotel reevaluating
2024-10-14 17:45:14.905910 Hotel: Yes
2024-10-14 17:45:14.906437 Victor: Yes
2024-10-14 17:45:14.906622 November: Yes
2024-10-14 17:45:14.906778 Whiskey: Yes
ChatterBot Romeo reevaluating
ChatterBot Hotel reevaluating
ChatterBot Romeo reevaluating
ChatterBot Hotel reevaluating
ChatterBot Romeo reevaluating
ChatterBot Hotel reevaluating
ChatterBot Romeo reevaluating
2024-10-14 17:45:14.986855 Sierra: Delta we want you to join our group
ChatterBot Delta reevaluating
2024-10-14 17:45:15.013620 Delta: No
ChatterBot Sierra reevaluating
chatterbot Whiskey submitting transactions
chatterbot X-ray submitting transactions
chatterbot Oscar submitting transactions
chatterbot November submitting transactions
2024-10-14 17:45:15.042102 Quebec: Sierra, sending you 2
2024-10-14 17:45:15.043052 Oscar: Quebec and Sierra, sending you 5
2024-10-14 17:45:15.044227 Hotel: Delta we want you to join our group
ChatterBot Delta reevaluating
2024-10-14 17:45:15.048025 Delta: Yes
ChatterBot Hotel reevaluating
ChatterBot Romeo reevaluating
2024-10-14 17:45:15.065188 X-ray: Quebec and Sierra, sending you 3
2024-10-14 17:45:15.065668 Whiskey: Hotel and November, sending you 3
2024-10-14 17:45:15.066602 November: Hotel, Victor and Romeo, sending you 2
2024-10-14 17:45:15.067249 Victor: Hotel, November and Romeo, sending you 3
2024-10-14 17:45:15.067810 Quebec: Oscar, sending you 4
2024-10-14 17:45:15.068896 Oscar: Delta, sending you 1
2024-10-14 17:45:15.069954 X-ray: Delta and Oscar, sending you 2
2024-10-14 17:45:15.113299 Whiskey: Victor, Delta and Romeo, sending you 4
2024-10-14 17:45:15.114468 November: Whiskey, sending you 3
2024-10-14 17:45:15.115074 Oscar: X-ray, sending you 8
2024-10-14 17:45:15.116067 Victor: Delta and Whiskey, sending you 2
2024-10-14 17:45:15.155710 Romeo: Hotel, sending you 4
2024-10-14 17:45:15.183982 Hotel: Victor, Delta, November and Whiskey, sending you 2
2024-10-14 17:45:15.184795 Romeo: Victor, Delta and Whiskey, sending you 5
2024-10-14 17:45:15.185451 Sierra: Quebec, Delta and X-ray, sending you 3
2024-10-14 17:45:15.187326 Delta: Hotel, Victor, November and Romeo, sending you 4
2024-10-14 17:45:15.188023 Hotel: Romeo, sending you 4
2024-10-14 17:45:15.191243 Sierra: Oscar, sending you 5
2024-10-14 17:45:15.192636 Delta: Whiskey, sending you 3
chatterbot Delta submitting transactions
chatterbot Quebec submitting transactions
chatterbot Sierra submitting transactions
chatterbot Victor submitting transactions
chatterbot Romeo submitting transactions
chatterbot Hotel submitting transactions
ChatterBot Hotel round 3
ChatterBot Victor round 3
ChatterBot Quebec round 3
ChatterBot Delta round 3
ChatterBot November round 3
ChatterBot X-ray round 3
ChatterBot Sierra round 3
ChatterBot Oscar round 3
2024-10-14 17:45:16.236679 Delta: We should add Sierra
ChatterBot Romeo reevaluating
2024-10-14 17:45:16.249193 Hotel: No
2024-10-14 17:45:16.250033 Victor: No
2024-10-14 17:45:16.250388 November: No
2024-10-14 17:45:16.250659 Romeo: No
2024-10-14 17:45:16.250850 Whiskey: No
ChatterBot Delta reevaluating
ChatterBot Romeo reevaluating
ChatterBot Delta reevaluating
ChatterBot Romeo reevaluating
ChatterBot Delta reevaluating
ChatterBot Romeo reevaluating
ChatterBot Delta reevaluating
ChatterBot Delta reevaluating
ChatterBot Romeo reevaluating
ChatterBot Romeo round 3
ChatterBot Whiskey round 3
2024-10-14 17:45:16.337683 Romeo: We should replace Delta with November
2024-10-14 17:45:16.346881 Hotel: No
2024-10-14 17:45:16.347168 Victor: No
2024-10-14 17:45:16.347303 Whiskey: No
ChatterBot Romeo reevaluating
ChatterBot Romeo reevaluating
ChatterBot Romeo reevaluating
2024-10-14 17:45:16.381832 Sierra: We should drop Delta
ChatterBot Quebec reevaluating
2024-10-14 17:45:16.390576 Oscar: No
2024-10-14 17:45:16.391194 Quebec: Yes
2024-10-14 17:45:16.391348 X-ray: Yes
ChatterBot Quebec reevaluating
ChatterBot Oscar reevaluating
ChatterBot Quebec reevaluating
2024-10-14 17:45:16.427850 Hotel: Victor, Delta, November and Whiskey, sending you 2
2024-10-14 17:45:16.428387 Victor: Hotel and Delta, sending you 2
2024-10-14 17:45:16.431436 Hotel: Romeo, sending you 4
2024-10-14 17:45:16.433946 Whiskey: Hotel, sending you 3
2024-10-14 17:45:16.434339 November: Hotel, Victor and Delta, sending you 2
2024-10-14 17:45:16.434694 Victor: November, Romeo and Whiskey, sending you 3
2024-10-14 17:45:16.438603 Delta: Hotel and Victor, sending you 3
2024-10-14 17:45:16.439454 Romeo: Sending you each 5
2024-10-14 17:45:16.439852 November: Whiskey, sending you 3
2024-10-14 17:45:16.440189 Whiskey: Victor, Delta and November, sending you 4
2024-10-14 17:45:16.443147 Sierra: Quebec and X-ray, sending you 4
2024-10-14 17:45:16.443472 X-ray: Quebec and Oscar, sending you 3
2024-10-14 17:45:16.447053 Delta: November, sending you 2
2024-10-14 17:45:16.447418 Whiskey: Romeo, sending you 5
2024-10-14 17:45:16.448377 Sierra: Oscar, sending you 6
2024-10-14 17:45:16.448595 X-ray: Sierra, sending you 4
2024-10-14 17:45:16.498449 Delta: Romeo, sending you 6
2024-10-14 17:45:16.506978 Oscar: Quebec, sending you 6
2024-10-14 17:45:16.507772 Delta: Whiskey, sending you 5
2024-10-14 17:45:16.508202 Quebec: X-ray, sending you 4
2024-10-14 17:45:16.511211 Oscar: X-ray, sending you 5
2024-10-14 17:45:16.512792 Quebec: Sierra, sending you 3
2024-10-14 17:45:16.515655 Oscar: Sierra, sending you 8
2024-10-14 17:45:16.516033 Quebec: Oscar, sending you 5
chatterbot Whiskey submitting transactions
chatterbot November submitting transactions
chatterbot Quebec submitting transactions
chatterbot Delta submitting transactions
chatterbot Victor submitting transactions
chatterbot X-ray submitting transactions
chatterbot Hotel submitting transactions
chatterbot Romeo submitting transactions
chatterbot Oscar submitting transactions
chatterbot Sierra submitting transactions
ChatterBot Hotel round 4
ChatterBot Victor round 4
ChatterBot Quebec round 4
ChatterBot Delta round 4
ChatterBot November round 4
ChatterBot X-ray round 4
ChatterBot Sierra round 4
ChatterBot Oscar round 4
ChatterBot Romeo round 4
ChatterBot Whiskey round 4
2024-10-14 17:45:17.480377 Romeo: We should add November
2024-10-14 17:45:17.491022 Hotel: Yes
2024-10-14 17:45:17.491439 Victor: Yes
2024-10-14 17:45:17.491605 Delta: Yes
2024-10-14 17:45:17.492443 Whiskey: Yes
ChatterBot Romeo reevaluating
ChatterBot Romeo reevaluating
ChatterBot Romeo reevaluating
ChatterBot Romeo reevaluating
2024-10-14 17:45:17.555357 Delta: Hotel, Victor and November, sending you 3
2024-10-14 17:45:17.557103 X-ray: Quebec and Oscar, sending you 3
2024-10-14 17:45:17.557861 Victor: Hotel and Delta, sending you 2
2024-10-14 17:45:17.559671 Delta: Romeo, sending you 6
2024-10-14 17:45:17.561675 Oscar: Quebec, sending you 6
2024-10-14 17:45:17.563179 X-ray: Sierra, sending you 4
2024-10-14 17:45:17.563787 Victor: November, Romeo and Whiskey, sending you 3
2024-10-14 17:45:17.565319 Hotel: Victor, Delta, November and Whiskey, sending you 2
2024-10-14 17:45:17.566168 Delta: Whiskey, sending you 4
2024-10-14 17:45:17.567734 Oscar: X-ray, sending you 5
2024-10-14 17:45:17.568248 Sierra: Quebec and X-ray, sending you 4
2024-10-14 17:45:17.568869 November: Hotel, Victor and Delta, sending you 2
2024-10-14 17:45:17.570326 Quebec: X-ray, sending you 3
2024-10-14 17:45:17.570997 Hotel: Romeo, sending you 4
2024-10-14 17:45:17.572799 Oscar: Sierra, sending you 8
2024-10-14 17:45:17.573322 Sierra: Oscar, sending you 6
2024-10-14 17:45:17.573912 November: Whiskey, sending you 3
2024-10-14 17:45:17.575438 Quebec: Sierra, sending you 4
2024-10-14 17:45:17.576118 Romeo: Same as last round
2024-10-14 17:45:17.576710 Whiskey: Hotel, sending you 3
2024-10-14 17:45:17.578672 Quebec: Oscar, sending you 5
2024-10-14 17:45:17.582016 Whiskey: Victor, Delta and November, sending you 4
2024-10-14 17:45:17.586659 Whiskey: Romeo, sending you 5
chatterbot Oscar submitting transactions
chatterbot Sierra submitting transactions
chatterbot November submitting transactions
chatterbot Hotel submitting transactions
chatterbot Romeo submitting transactions
chatterbot X-ray submitting transactions
chatterbot Whiskey submitting transactions
chatterbot Delta submitting transactions
chatterbot Victor submitting transactions
chatterbot Quebec submitting transactions
ChatterBot Hotel round 5
ChatterBot Victor round 5
ChatterBot Quebec round 5
ChatterBot Delta round 5
ChatterBot November round 5
ChatterBot X-ray round 5
ChatterBot Sierra round 5
ChatterBot Oscar round 5
ChatterBot Romeo round 5
ChatterBot Whiskey round 5
2024-10-14 17:45:18.748788 Romeo: We should add November
2024-10-14 17:45:18.758415 Hotel: Yes
2024-10-14 17:45:18.758571 Victor: Yes
2024-10-14 17:45:18.759139 Delta: Yes
2024-10-14 17:45:18.759281 Whiskey: Yes
ChatterBot Romeo reevaluating
ChatterBot Romeo reevaluating
ChatterBot Romeo reevaluating
ChatterBot Romeo reevaluating
2024-10-14 17:45:18.796663 Quebec: X-ray, sending you 3
2024-10-14 17:45:18.799686 Quebec: Sierra, sending you 4
2024-10-14 17:45:18.802682 X-ray: Quebec and Oscar, sending you 3
2024-10-14 17:45:18.803662 Quebec: Oscar, sending you 5
2024-10-14 17:45:18.806667 Delta: Hotel, Victor and November, sending you 3
2024-10-14 17:45:18.807998 X-ray: Sierra, sending you 4
2024-10-14 17:45:18.808345 November: Hotel, Victor and Delta, sending you 2
2024-10-14 17:45:18.809662 Delta: Romeo, sending you 6
2024-10-14 17:45:18.811685 November: Whiskey, sending you 3
2024-10-14 17:45:18.812222 Hotel: Victor, Delta, November and Whiskey, sending you 2
2024-10-14 17:45:18.812722 Oscar: Quebec, sending you 6
2024-10-14 17:45:18.813051 Delta: Whiskey, sending you 4
2024-10-14 17:45:18.813886 Victor: Hotel, Delta and November, sending you 2
2024-10-14 17:45:18.815650 Oscar: X-ray, sending you 5
2024-10-14 17:45:18.816702 Sierra: Quebec and X-ray, sending you 4
2024-10-14 17:45:18.817669 Hotel: Romeo, sending you 4
2024-10-14 17:45:18.818202 Victor: Romeo, sending you 4
2024-10-14 17:45:18.820662 Oscar: Sierra, sending you 8
2024-10-14 17:45:18.821020 Whiskey: Hotel, sending you 3
2024-10-14 17:45:18.821488 Sierra: Oscar, sending you 6
2024-10-14 17:45:18.821863 Romeo: Same as last round
2024-10-14 17:45:18.822656 Victor: Whiskey, sending you 3
2024-10-14 17:45:18.825665 Whiskey: Victor, Delta and November, sending you 4
2024-10-14 17:45:18.828671 Whiskey: Romeo, sending you 5
chatterbot Quebec submitting transactions
chatterbot Whiskey submitting transactions
chatterbot Victor submitting transactions
chatterbot Hotel submitting transactions
chatterbot Sierra submitting transactions
chatterbot X-ray submitting transactions
chatterbot Romeo submitting transactions
chatterbot Delta submitting transactions
chatterbot November submitting transactions
chatterbot Oscar submitting transactions
ChatterBot Hotel round 6
ChatterBot Victor round 6
ChatterBot Quebec round 6
ChatterBot Delta round 6
ChatterBot November round 6
ChatterBot X-ray round 6
ChatterBot Sierra round 6
ChatterBot Oscar round 6
ChatterBot Romeo round 6
ChatterBot Whiskey round 6
2024-10-14 17:45:20.032655 Hotel: Victor, Delta, November and Whiskey, sending you 2
2024-10-14 17:45:20.033709 Quebec: Sending you each 4
2024-10-14 17:45:20.036671 Hotel: Romeo, sending you 4
2024-10-14 17:45:20.041677 Victor: Hotel, Delta and November, sending you 2
2024-10-14 17:45:20.042704 Romeo: Same as last round
2024-10-14 17:45:20.043691 Sierra: Quebec and X-ray, sending you 4
2024-10-14 17:45:20.044696 Victor: Romeo, sending you 4
2024-10-14 17:45:20.047864 November: Hotel, Victor and Delta, sending you 2
2024-10-14 17:45:20.048341 Oscar: Quebec, sending you 6
2024-10-14 17:45:20.048708 Sierra: Oscar, sending you 6
2024-10-14 17:45:20.049655 Whiskey: Hotel, sending you 3
2024-10-14 17:45:20.050109 Victor: Whiskey, sending you 3
2024-10-14 17:45:20.051819 Delta: Hotel, Victor and November, sending you 3
2024-10-14 17:45:20.052293 November: Whiskey, sending you 3
2024-10-14 17:45:20.052723 Oscar: X-ray, sending you 5
2024-10-14 17:45:20.053050 X-ray: Quebec and Oscar, sending you 3
2024-10-14 17:45:20.054691 Whiskey: Victor, Delta and November, sending you 4
2024-10-14 17:45:20.055675 Delta: Romeo, sending you 6
2024-10-14 17:45:20.056147 Oscar: Sierra, sending you 8
2024-10-14 17:45:20.057647 X-ray: Sierra, sending you 4
2024-10-14 17:45:20.057980 Whiskey: Romeo, sending you 5
2024-10-14 17:45:20.058674 Delta: Whiskey, sending you 4
chatterbot November submitting transactions
chatterbot X-ray submitting transactions
chatterbot Romeo submitting transactions
chatterbot Whiskey submitting transactions
chatterbot Quebec submitting transactions
chatterbot Hotel submitting transactions
chatterbot Victor submitting transactions
chatterbot Sierra submitting transactions
chatterbot Delta submitting transactions
chatterbot Oscar submitting transactions
ChatterBot Hotel round 7
ChatterBot Victor round 7
ChatterBot Quebec round 7
ChatterBot Delta round 7
ChatterBot November round 7
ChatterBot X-ray round 7
ChatterBot Sierra round 7
ChatterBot Oscar round 7
ChatterBot Romeo round 7
ChatterBot Whiskey round 7
2024-10-14 17:45:21.310686 Hotel: Victor, Delta, November and Whiskey, sending you 2
2024-10-14 17:45:21.314682 X-ray: Quebec and Oscar, sending you 3
2024-10-14 17:45:21.315285 Hotel: Romeo, sending you 4
2024-10-14 17:45:21.315955 Delta: Hotel, Victor and November, sending you 3
2024-10-14 17:45:21.319666 X-ray: Sierra, sending you 4
2024-10-14 17:45:21.320899 Delta: Romeo, sending you 6
2024-10-14 17:45:21.321674 November: Hotel, Victor and Delta, sending you 2
2024-10-14 17:45:21.322683 Victor: Hotel, Delta and November, sending you 2
2024-10-14 17:45:21.324651 Oscar: Quebec, sending you 6
2024-10-14 17:45:21.325676 Delta: Whiskey, sending you 4
2024-10-14 17:45:21.326214 Whiskey: Hotel, sending you 3
2024-10-14 17:45:21.326610 Victor: Romeo, sending you 4
2024-10-14 17:45:21.327064 November: Whiskey, sending you 3
2024-10-14 17:45:21.327512 Quebec: Same as last round
2024-10-14 17:45:21.328193 Sierra: Quebec and X-ray, sending you 4
2024-10-14 17:45:21.328675 Oscar: X-ray, sending you 5
2024-10-14 17:45:21.330687 Whiskey: Victor, Delta and November, sending you 4
2024-10-14 17:45:21.331372 Victor: Whiskey, sending you 3
2024-10-14 17:45:21.331909 Sierra: Oscar, sending you 6
2024-10-14 17:45:21.332747 Romeo: Same as last round
2024-10-14 17:45:21.333228 Oscar: Sierra, sending you 8
2024-10-14 17:45:21.334658 Whiskey: Romeo, sending you 5
chatterbot X-ray submitting transactions
chatterbot Whiskey submitting transactions
chatterbot November submitting transactions
chatterbot Delta submitting transactions
chatterbot Romeo submitting transactions
chatterbot Sierra submitting transactions
chatterbot Victor submitting transactions
chatterbot Quebec submitting transactions
chatterbot Oscar submitting transactions
chatterbot Hotel submitting transactions
ChatterBot Hotel round 8
ChatterBot Victor round 8
ChatterBot Quebec round 8
ChatterBot Delta round 8
ChatterBot November round 8
ChatterBot X-ray round 8
ChatterBot Sierra round 8
ChatterBot Oscar round 8
ChatterBot Romeo round 8
ChatterBot Whiskey round 8
2024-10-14 17:45:22.531676 Hotel: Victor, Delta, November and Whiskey, sending you 2
2024-10-14 17:45:22.533032 Oscar: Quebec, sending you 6
2024-10-14 17:45:22.535701 Quebec: Same as last round
2024-10-14 17:45:22.536702 X-ray: Quebec and Oscar, sending you 3
2024-10-14 17:45:22.537350 Hotel: Romeo, sending you 4
2024-10-14 17:45:22.538761 November: Hotel, Victor and Delta, sending you 2
2024-10-14 17:45:22.539656 Victor: Hotel, Delta and November, sending you 2
2024-10-14 17:45:22.541255 Oscar: X-ray, sending you 4
2024-10-14 17:45:22.541887 Romeo: Same as last round
2024-10-14 17:45:22.542688 Sierra: Quebec and X-ray, sending you 4
2024-10-14 17:45:22.544070 X-ray: Sierra, sending you 4
2024-10-14 17:45:22.544710 Delta: Hotel, Victor and November, sending you 3
2024-10-14 17:45:22.545647 Whiskey: Hotel, sending you 3
2024-10-14 17:45:22.547177 November: Whiskey, sending you 3
2024-10-14 17:45:22.548191 Victor: Romeo, sending you 4
2024-10-14 17:45:22.549626 Oscar: Sierra, sending you 9
2024-10-14 17:45:22.550310 Sierra: Oscar, sending you 6
2024-10-14 17:45:22.550881 Whiskey: Victor, Delta and November, sending you 4
2024-10-14 17:45:22.552503 Delta: Romeo, sending you 6
2024-10-14 17:45:22.553498 Victor: Whiskey, sending you 3
2024-10-14 17:45:22.556698 Whiskey: Romeo, sending you 5
2024-10-14 17:45:22.558150 Delta: Whiskey, sending you 4
chatterbot November submitting transactions
chatterbot Romeo submitting transactions
chatterbot Sierra submitting transactions
chatterbot Oscar submitting transactions
chatterbot Hotel submitting transactions
chatterbot Victor submitting transactions
chatterbot X-ray submitting transactions
chatterbot Quebec submitting transactions
chatterbot Delta submitting transactions
chatterbot Whiskey submitting transactions
ChatterBot Hotel round 9
ChatterBot Victor round 9
ChatterBot Quebec round 9
ChatterBot Delta round 9
ChatterBot November round 9
ChatterBot X-ray round 9
ChatterBot Sierra round 9
ChatterBot Oscar round 9
ChatterBot Romeo round 9
ChatterBot Whiskey round 9
2024-10-14 17:45:23.802676 Victor: Hotel, Delta and November, sending you 2
2024-10-14 17:45:23.807658 Victor: Romeo, sending you 4
2024-10-14 17:45:23.808670 Quebec: Same as last round
2024-10-14 17:45:23.809676 Delta: Hotel, Victor and November, sending you 3
2024-10-14 17:45:23.810572 Sierra: Quebec and X-ray, sending you 4
2024-10-14 17:45:23.812665 Victor: Whiskey, sending you 3
2024-10-14 17:45:23.813213 Delta: Romeo, sending you 6
2024-10-14 17:45:23.815664 Sierra: Oscar, sending you 6
2024-10-14 17:45:23.818668 Delta: Whiskey, sending you 4
2024-10-14 17:45:23.820668 Whiskey: Hotel, sending you 3
2024-10-14 17:45:23.822119 Hotel: Victor, Delta, November and Whiskey, sending you 2
2024-10-14 17:45:23.822758 X-ray: Quebec and Oscar, sending you 3
2024-10-14 17:45:23.823126 November: Hotel, Victor and Delta, sending you 2
2024-10-14 17:45:23.823747 Whiskey: Victor, Delta and November, sending you 4
2024-10-14 17:45:23.825673 Oscar: Quebec, sending you 6
2024-10-14 17:45:23.826674 X-ray: Sierra, sending you 4
2024-10-14 17:45:23.827709 Hotel: Romeo, sending you 4
2024-10-14 17:45:23.828300 November: Whiskey, sending you 3
2024-10-14 17:45:23.828869 Romeo: Same as last round
2024-10-14 17:45:23.829290 Oscar: X-ray, sending you 4
2024-10-14 17:45:23.829726 Whiskey: Romeo, sending you 5
2024-10-14 17:45:23.833663 Oscar: Sierra, sending you 9
chatterbot Sierra submitting transactions
chatterbot Oscar submitting transactions
chatterbot X-ray submitting transactions
chatterbot Quebec submitting transactions
chatterbot Romeo submitting transactions
chatterbot Delta submitting transactions
chatterbot November submitting transactions
chatterbot Victor submitting transactions
chatterbot Whiskey submitting transactions
chatterbot Hotel submitting transactions
ChatterBot Hotel round 10
ChatterBot Victor round 10
ChatterBot Quebec round 10
ChatterBot Delta round 10
ChatterBot November round 10
ChatterBot X-ray round 10
ChatterBot Sierra round 10
ChatterBot Oscar round 10
ChatterBot Romeo round 10
ChatterBot Whiskey round 10
2024-10-14 17:45:25.076713 November: Hotel, Victor and Delta, sending you 2
2024-10-14 17:45:25.077458 Delta: Hotel, Victor and November, sending you 3
2024-10-14 17:45:25.079881 Quebec: Same as last round
2024-10-14 17:45:25.080379 November: Whiskey, sending you 3
2024-10-14 17:45:25.081060 Delta: Romeo, sending you 6
2024-10-14 17:45:25.081648 Sierra: Quebec and X-ray, sending you 4
2024-10-14 17:45:25.082016 Victor: Hotel, Delta and November, sending you 2
2024-10-14 17:45:25.084674 Sierra: Oscar, sending you 6
2024-10-14 17:45:25.085129 Victor: Romeo, sending you 4
2024-10-14 17:45:25.085862 X-ray: Quebec and Oscar, sending you 3
2024-10-14 17:45:25.086869 Delta: Whiskey, sending you 4
2024-10-14 17:45:25.087951 Hotel: Victor, Delta, November and Whiskey, sending you 2
2024-10-14 17:45:25.090686 Victor: Whiskey, sending you 3
2024-10-14 17:45:25.091685 Whiskey: Hotel, sending you 3
2024-10-14 17:45:25.092251 X-ray: Sierra, sending you 4
2024-10-14 17:45:25.092603 Romeo: Same as last round
2024-10-14 17:45:25.092974 Hotel: Romeo, sending you 4
2024-10-14 17:45:25.094686 Oscar: Quebec, sending you 6
2024-10-14 17:45:25.096695 Whiskey: Victor, Delta and November, sending you 4
2024-10-14 17:45:25.097683 Oscar: X-ray, sending you 4
2024-10-14 17:45:25.101670 Whiskey: Romeo, sending you 5
2024-10-14 17:45:25.102704 Oscar: Sierra, sending you 9
chatterbot Victor submitting transactions
chatterbot Romeo submitting transactions
chatterbot Oscar submitting transactions
chatterbot Sierra submitting transactions
chatterbot X-ray submitting transactions
chatterbot November submitting transactions
chatterbot Delta submitting transactions
chatterbot Hotel submitting transactions
chatterbot Quebec submitting transactions
chatterbot Whiskey submitting transactions
ChatterBot Hotel round 11
ChatterBot Victor round 11
ChatterBot Quebec round 11
ChatterBot Delta round 11
ChatterBot November round 11
ChatterBot X-ray round 11
ChatterBot Sierra round 11
ChatterBot Oscar round 11
ChatterBot Romeo round 11
ChatterBot Whiskey round 11
2024-10-14 17:45:26.352675 Quebec: Same as last round
2024-10-14 17:45:26.357664 X-ray: Quebec and Oscar, sending you 3
2024-10-14 17:45:26.362124 Delta: Hotel, Victor and November, sending you 3
2024-10-14 17:45:26.362926 X-ray: Sierra, sending you 4
2024-10-14 17:45:26.364666 Oscar: Quebec, sending you 6
2024-10-14 17:45:26.365766 Hotel: Victor, Delta, November and Whiskey, sending you 2
2024-10-14 17:45:26.366288 Sierra: Quebec and X-ray, sending you 4
2024-10-14 17:45:26.366620 November: Hotel, Victor and Delta, sending you 2
2024-10-14 17:45:26.367146 Delta: Romeo, sending you 6
2024-10-14 17:45:26.367604 Victor: Hotel, Delta and November, sending you 2
2024-10-14 17:45:26.369655 Romeo: Same as last round
2024-10-14 17:45:26.370062 Oscar: X-ray, sending you 4
2024-10-14 17:45:26.370687 Hotel: Romeo, sending you 4
2024-10-14 17:45:26.371889 Sierra: Oscar, sending you 6
2024-10-14 17:45:26.372274 Delta: Whiskey, sending you 4
2024-10-14 17:45:26.372880 November: Whiskey, sending you 3
2024-10-14 17:45:26.373489 Victor: Romeo, sending you 4
2024-10-14 17:45:26.374724 Oscar: Sierra, sending you 9
2024-10-14 17:45:26.376663 Whiskey: Hotel, sending you 3
2024-10-14 17:45:26.378058 Victor: Whiskey, sending you 3
2024-10-14 17:45:26.380673 Whiskey: Victor, Delta and November, sending you 4
2024-10-14 17:45:26.386676 Whiskey: Romeo, sending you 5
chatterbot Sierra submitting transactions
chatterbot Quebec submitting transactions
chatterbot Victor submitting transactions
chatterbot Romeo submitting transactions
chatterbot Whiskey submitting transactions
chatterbot Oscar submitting transactions
chatterbot Hotel submitting transactions
chatterbot Delta submitting transactions
chatterbot X-ray submitting transactions
chatterbot November submitting transactions
ChatterBot Hotel round 12
ChatterBot Victor round 12
ChatterBot Quebec round 12
ChatterBot Delta round 12
ChatterBot November round 12
ChatterBot X-ray round 12
ChatterBot Sierra round 12
ChatterBot Oscar round 12
ChatterBot Romeo round 12
ChatterBot Whiskey round 12
2024-10-14 17:45:27.619729 X-ray: Quebec and Oscar, sending you 3
2024-10-14 17:45:27.621105 Hotel: Victor, Delta, November and Whiskey, sending you 2
2024-10-14 17:45:27.623505 Quebec: Same as last round
2024-10-14 17:45:27.624699 Delta: Hotel, Victor and November, sending you 3
2024-10-14 17:45:27.628270 X-ray: Sierra, sending you 4
2024-10-14 17:45:27.628973 Sierra: Quebec and X-ray, sending you 4
2024-10-14 17:45:27.630747 Whiskey: Hotel, sending you 3
2024-10-14 17:45:27.631637 Hotel: Romeo, sending you 4
2024-10-14 17:45:27.633693 Delta: Romeo, sending you 6
2024-10-14 17:45:27.635755 November: Hotel, Victor and Delta, sending you 2
2024-10-14 17:45:27.636719 Victor: Hotel, Delta and November, sending you 2
2024-10-14 17:45:27.640421 Sierra: Oscar, sending you 6
2024-10-14 17:45:27.640979 Whiskey: Victor, Delta and November, sending you 4
2024-10-14 17:45:27.642456 Oscar: Quebec, sending you 6
2024-10-14 17:45:27.643016 Delta: Whiskey, sending you 4
2024-10-14 17:45:27.644064 November: Whiskey, sending you 3
2024-10-14 17:45:27.645586 Romeo: Same as last round
2024-10-14 17:45:27.646161 Victor: Romeo, sending you 4
2024-10-14 17:45:27.650679 Whiskey: Romeo, sending you 5
2024-10-14 17:45:27.651785 Oscar: X-ray, sending you 4
2024-10-14 17:45:27.653693 Victor: Whiskey, sending you 3
2024-10-14 17:45:27.657683 Oscar: Sierra, sending you 9
chatterbot Hotel submitting transactions
chatterbot Whiskey submitting transactions
chatterbot November submitting transactions
chatterbot Victor submitting transactions
chatterbot X-ray submitting transactions
chatterbot Oscar submitting transactions
chatterbot Delta submitting transactions
chatterbot Quebec submitting transactions
chatterbot Romeo submitting transactions
chatterbot Sierra submitting transactions
ChatterBot Hotel round 13
ChatterBot Victor round 13
ChatterBot Quebec round 13
ChatterBot Delta round 13
ChatterBot November round 13
ChatterBot X-ray round 13
ChatterBot Sierra round 13
ChatterBot Oscar round 13
ChatterBot Romeo round 13
ChatterBot Whiskey round 13
2024-10-14 17:45:28.866698 Delta: Hotel, Victor and November, sending you 3
2024-10-14 17:45:28.867930 Victor: Hotel, Delta and November, sending you 2
2024-10-14 17:45:28.872714 Delta: Romeo, sending you 6
2024-10-14 17:45:28.873906 Victor: Romeo, sending you 4
2024-10-14 17:45:28.876719 Delta: Whiskey, sending you 4
2024-10-14 17:45:28.877696 Victor: Whiskey, sending you 3
2024-10-14 17:45:28.878850 Sierra: Quebec and X-ray, sending you 4
2024-10-14 17:45:28.882690 Oscar: Quebec, sending you 6
2024-10-14 17:45:28.883240 Sierra: Oscar, sending you 6
2024-10-14 17:45:28.883699 Hotel: Victor, Delta, November and Whiskey, sending you 2
2024-10-14 17:45:28.884564 X-ray: Quebec and Oscar, sending you 3
2024-10-14 17:45:28.885047 November: Hotel, Victor and Delta, sending you 2
2024-10-14 17:45:28.885890 Whiskey: Hotel, sending you 3
2024-10-14 17:45:28.886696 Quebec: Same as last round
2024-10-14 17:45:28.887183 Oscar: X-ray, sending you 4
2024-10-14 17:45:28.887940 Hotel: Romeo, sending you 4
2024-10-14 17:45:28.889112 November: Whiskey, sending you 3
2024-10-14 17:45:28.890237 X-ray: Sierra, sending you 4
2024-10-14 17:45:28.890939 Whiskey: Victor, Delta and November, sending you 4
2024-10-14 17:45:28.892029 Oscar: Sierra, sending you 9
2024-10-14 17:45:28.893700 Romeo: Same as last round
2024-10-14 17:45:28.896882 Whiskey: Romeo, sending you 5
chatterbot X-ray submitting transactions
chatterbot Victor submitting transactions
chatterbot Sierra submitting transactions
chatterbot Delta submitting transactions
chatterbot November submitting transactions
chatterbot Whiskey submitting transactions
chatterbot Quebec submitting transactions
chatterbot Oscar submitting transactions
chatterbot Romeo submitting transactions
chatterbot Hotel submitting transactions
ChatterBot Hotel round 14
ChatterBot Victor round 14
ChatterBot Quebec round 14
ChatterBot Delta round 14
ChatterBot November round 14
ChatterBot X-ray round 14
ChatterBot Sierra round 14
ChatterBot Oscar round 14
ChatterBot Romeo round 14
ChatterBot Whiskey round 14
2024-10-14 17:45:30.127657 Delta: Hotel, Victor and November, sending you 3
2024-10-14 17:45:30.131654 Delta: Romeo, sending you 6
2024-10-14 17:45:30.133672 Victor: Hotel, Delta and November, sending you 2
2024-10-14 17:45:30.134826 Oscar: Quebec, sending you 6
2024-10-14 17:45:30.135309 Hotel: Victor, Delta, November and Whiskey, sending you 2
2024-10-14 17:45:30.136664 Quebec: Same as last round
2024-10-14 17:45:30.137132 Delta: Whiskey, sending you 4
2024-10-14 17:45:30.137889 November: Hotel, Victor and Delta, sending you 2
2024-10-14 17:45:30.138669 Victor: Romeo, sending you 4
2024-10-14 17:45:30.139444 Oscar: X-ray, sending you 4
2024-10-14 17:45:30.139844 Romeo: Same as last round
2024-10-14 17:45:30.140229 Hotel: Romeo, sending you 4
2024-10-14 17:45:30.142658 Sierra: Quebec and X-ray, sending you 4
2024-10-14 17:45:30.143078 X-ray: Quebec and Oscar, sending you 3
2024-10-14 17:45:30.143473 November: Whiskey, sending you 3
2024-10-14 17:45:30.144141 Victor: Whiskey, sending you 3
2024-10-14 17:45:30.144796 Oscar: Sierra, sending you 9
2024-10-14 17:45:30.147660 Whiskey: Hotel, sending you 3
2024-10-14 17:45:30.148364 Sierra: Oscar, sending you 6
2024-10-14 17:45:30.149301 X-ray: Sierra, sending you 4
2024-10-14 17:45:30.151647 Whiskey: Victor, Delta and November, sending you 4
2024-10-14 17:45:30.154658 Whiskey: Romeo, sending you 5
chatterbot Hotel submitting transactions
chatterbot Delta submitting transactions
chatterbot Victor submitting transactions
chatterbot November submitting transactions
chatterbot Oscar submitting transactions
chatterbot Sierra submitting transactions
chatterbot Romeo submitting transactions
chatterbot X-ray submitting transactions
chatterbot Whiskey submitting transactions
chatterbot Quebec submitting transactions
ChatterBot Hotel round 15
ChatterBot Victor round 15
ChatterBot Quebec round 15
ChatterBot Delta round 15
ChatterBot November round 15
ChatterBot X-ray round 15
ChatterBot Sierra round 15
ChatterBot Oscar round 15
ChatterBot Romeo round 15
ChatterBot Whiskey round 15
2024-10-14 17:45:31.364654 X-ray: Quebec and Oscar, sending you 3
2024-10-14 17:45:31.366674 Sierra: Quebec and X-ray, sending you 4
2024-10-14 17:45:31.367684 November: Hotel, Victor and Delta, sending you 2
2024-10-14 17:45:31.369134 Quebec: Same as last round
2024-10-14 17:45:31.369669 X-ray: Sierra, sending you 4
2024-10-14 17:45:31.370666 Hotel: Victor, Delta, November and Whiskey, sending you 2
2024-10-14 17:45:31.371963 Sierra: Oscar, sending you 6
