ChatterBot Sierra round 1
ChatterBot Mike round 1
ChatterBot Delta round 1
ChatterBot Hotel round 1
ChatterBot X-ray round 1
ChatterBot Charlie round 1
ChatterBot Victor round 1
ChatterBot November round 1
ChatterBot Bravo round 1
ChatterBot Echo round 1
randomSelections Delta: {Delta, Hotel, November, Victor, Mike, Charlie} 
2024-10-14 17:45:12.048503 Delta: We would work well together
ChatterBot Hotel reevaluating
ChatterBot November reevaluating
ChatterBot Victor reevaluating
ChatterBot Mike reevaluating
ChatterBot Charlie reevaluating
2024-10-14 17:45:12.072447 Hotel: Yes
2024-10-14 17:45:12.072720 November: Yes
2024-10-14 17:45:12.072916 Victor: Yes
2024-10-14 17:45:12.073107 Mike: Yes
2024-10-14 17:45:12.073296 Charlie: Yes
ChatterBot November reevaluating
ChatterBot Victor reevaluating
ChatterBot Mike reevaluating
ChatterBot Charlie reevaluating
ChatterBot Hotel reevaluating
ChatterBot Victor reevaluating
ChatterBot Mike reevaluating
ChatterBot Charlie reevaluating
ChatterBot Hotel reevaluating
ChatterBot November reevaluating
ChatterBot Mike reevaluating
ChatterBot Charlie reevaluating
ChatterBot Hotel reevaluating
ChatterBot November reevaluating
ChatterBot Victor reevaluating
ChatterBot Charlie reevaluating
ChatterBot Hotel reevaluating
ChatterBot November reevaluating
ChatterBot Victor reevaluating
ChatterBot Mike reevaluating
randomSelections X-ray: {X-ray, Delta} 
2024-10-14 17:45:12.202294 X-ray: Can we be friends?
2024-10-14 17:45:12.204454 Delta: No
randomSelections Sierra: {Sierra, Hotel, Echo, X-ray, Mike, November} 
2024-10-14 17:45:12.210297 Sierra: Let's form a team
ChatterBot Hotel reevaluating
ChatterBot Echo reevaluating
ChatterBot Mike reevaluating
ChatterBot November reevaluating
2024-10-14 17:45:12.218370 Hotel: No
2024-10-14 17:45:12.218941 Echo: Yes
2024-10-14 17:45:12.219095 X-ray: No
2024-10-14 17:45:12.219290 Mike: No
2024-10-14 17:45:12.219454 November: No
ChatterBot Echo reevaluating
ChatterBot Mike reevaluating
ChatterBot November reevaluating
ChatterBot Hotel reevaluating
ChatterBot Mike reevaluating
ChatterBot November reevaluating
ChatterBot Hotel reevaluating
ChatterBot Echo reevaluating
ChatterBot Mike reevaluating
ChatterBot November reevaluating
ChatterBot Hotel reevaluating
ChatterBot Echo reevaluating
ChatterBot November reevaluating
ChatterBot Hotel reevaluating
ChatterBot Echo reevaluating
ChatterBot Mike reevaluating
randomSelections Bravo: {Bravo, Mike, Charlie, X-ray, Echo, Victor} 
2024-10-14 17:45:12.264882 Bravo: Group up?
ChatterBot Mike reevaluating
ChatterBot Charlie reevaluating
ChatterBot Echo reevaluating
ChatterBot Victor reevaluating
2024-10-14 17:45:12.272489 Mike: No
2024-10-14 17:45:12.273506 Charlie: No
2024-10-14 17:45:12.273707 X-ray: No
2024-10-14 17:45:12.273929 Echo: No
2024-10-14 17:45:12.274230 Victor: No
ChatterBot Charlie reevaluating
ChatterBot Echo reevaluating
ChatterBot Victor reevaluating
ChatterBot Mike reevaluating
ChatterBot Echo reevaluating
ChatterBot Victor reevaluating
ChatterBot Mike reevaluating
ChatterBot Charlie reevaluating
ChatterBot Echo reevaluating
ChatterBot Victor reevaluating
ChatterBot Mike reevaluating
ChatterBot Charlie reevaluating
ChatterBot Victor reevaluating
ChatterBot Mike reevaluating
ChatterBot Charlie reevaluating
ChatterBot Echo reevaluating
2024-10-14 17:45:12.322068 Delta: Mike and Charlie, sending you 1
2024-10-14 17:45:12.325191 Hotel: Mike, Delta and November, sending you 3
2024-10-14 17:45:12.325710 Mike: Delta, Hotel and Victor, sending you 2
2024-10-14 17:45:12.327135 Delta: Hotel and November, sending you 3
2024-10-14 17:45:12.327681 X-ray: Sending you 17
2024-10-14 17:45:12.327984 November: Mike, sending you 3
2024-10-14 17:45:12.328872 Hotel: Charlie, sending you 1
2024-10-14 17:45:12.329271 Bravo: Mike and Victor, sending you 2
2024-10-14 17:45:12.329744 Mike: Charlie and November, sending you 3
2024-10-14 17:45:12.332993 Delta: Victor, sending you 5
2024-10-14 17:45:12.333348 Hotel: Victor, sending you 6
2024-10-14 17:45:12.333724 November: Delta and Charlie, sending you 1
2024-10-14 17:45:12.335068 Sierra: Mike, sending you 2
2024-10-14 17:45:12.335551 Victor: Mike, Hotel and Charlie, sending you 3
2024-10-14 17:45:12.335916 Bravo: X-ray and Charlie, sending you 1
2024-10-14 17:45:12.337682 Charlie: Mike and Delta, sending you 3
2024-10-14 17:45:12.339450 November: Hotel and Victor, sending you 2
2024-10-14 17:45:12.339999 Sierra: Hotel and November, sending you 3
2024-10-14 17:45:12.340415 Bravo: Echo, sending you 3
2024-10-14 17:45:12.343272 Victor: Delta, sending you 2
2024-10-14 17:45:12.344697 Echo: Sierra and X-ray, sending you 2
2024-10-14 17:45:12.345271 Charlie: Hotel, sending you 2
2024-10-14 17:45:12.346736 Sierra: X-ray, sending you 1
2024-10-14 17:45:12.351182 Victor: November, sending you 4
2024-10-14 17:45:12.352310 Echo: Mike, sending you 6
2024-10-14 17:45:12.352654 Charlie: Victor and November, sending you 1
2024-10-14 17:45:12.358727 Echo: Hotel and November, sending you 3
chatterbot November submitting transactions
chatterbot Echo submitting transactions
chatterbot Victor submitting transactions
chatterbot Charlie submitting transactions
chatterbot Bravo submitting transactions
chatterbot Delta submitting transactions
chatterbot Hotel submitting transactions
chatterbot X-ray submitting transactions
chatterbot Sierra submitting transactions
chatterbot Mike submitting transactions
ChatterBot Sierra round 2
ChatterBot Mike round 2
ChatterBot Delta round 2
ChatterBot Hotel round 2
ChatterBot X-ray round 2
2024-10-14 17:45:13.528480 Sierra: Let's form a team
ChatterBot Bravo reevaluating
ChatterBot Echo reevaluating
ChatterBot Mike reevaluating
2024-10-14 17:45:13.558723 Bravo: No
2024-10-14 17:45:13.559376 Echo: No
2024-10-14 17:45:13.559587 Mike: No
ChatterBot Sierra reevaluating
ChatterBot Echo reevaluating
ChatterBot Mike reevaluating
ChatterBot Sierra reevaluating
ChatterBot Bravo reevaluating
ChatterBot Mike reevaluating
ChatterBot Sierra reevaluating
ChatterBot Bravo reevaluating
ChatterBot Echo reevaluating
2024-10-14 17:45:13.628722 Echo: Can we be friends?
ChatterBot Bravo reevaluating
2024-10-14 17:45:13.641351 Bravo: Yes
ChatterBot Echo reevaluating
ChatterBot Charlie round 2
ChatterBot Victor round 2
ChatterBot November round 2
2024-10-14 17:45:13.664062 Delta: We should add X-ray
ChatterBot Hotel reevaluating
ChatterBot November reevaluating
ChatterBot Victor reevaluating
ChatterBot Mike reevaluating
ChatterBot Charlie reevaluating
2024-10-14 17:45:13.684743 Hotel: Yes
2024-10-14 17:45:13.685383 November: Yes
2024-10-14 17:45:13.685518 Victor: Yes
2024-10-14 17:45:13.685651 Mike: Yes
2024-10-14 17:45:13.685766 Charlie: Yes
ChatterBot November reevaluating
ChatterBot Victor reevaluating
ChatterBot Mike reevaluating
ChatterBot Charlie reevaluating
ChatterBot Hotel reevaluating
ChatterBot Victor reevaluating
ChatterBot Mike reevaluating
ChatterBot Charlie reevaluating
ChatterBot Hotel reevaluating
ChatterBot November reevaluating
ChatterBot Mike reevaluating
ChatterBot Charlie reevaluating
ChatterBot Hotel reevaluating
ChatterBot November reevaluating
ChatterBot Victor reevaluating
ChatterBot Charlie reevaluating
ChatterBot Hotel reevaluating
ChatterBot November reevaluating
ChatterBot Victor reevaluating
ChatterBot Mike reevaluating
ChatterBot Bravo round 2
ChatterBot Echo round 2
2024-10-14 17:45:13.806814 X-ray: Friends?
ChatterBot Sierra reevaluating
ChatterBot Bravo reevaluating
ChatterBot Echo reevaluating
2024-10-14 17:45:13.819468 Sierra: Yes
2024-10-14 17:45:13.819714 Bravo: No
2024-10-14 17:45:13.819845 Echo: Yes
ChatterBot Bravo reevaluating
ChatterBot Echo reevaluating
ChatterBot Sierra reevaluating
ChatterBot Echo reevaluating
ChatterBot Sierra reevaluating
ChatterBot Bravo reevaluating
2024-10-14 17:45:13.867028 Delta: X-ray we want you to join our group
2024-10-14 17:45:13.870749 X-ray: No
ChatterBot Hotel reevaluating
ChatterBot Charlie reevaluating
ChatterBot Victor reevaluating
ChatterBot November reevaluating
2024-10-14 17:45:13.901829 November: X-ray we want you to join our group
2024-10-14 17:45:13.905537 X-ray: No
ChatterBot Hotel reevaluating
2024-10-14 17:45:13.926112 Charlie: X-ray we want you to join our group
2024-10-14 17:45:13.930403 X-ray: No
ChatterBot Hotel reevaluating
2024-10-14 17:45:14.093023 Mike: Hotel, Charlie, Victor and November, sending you 3
2024-10-14 17:45:14.093956 Delta: Mike, Hotel, Charlie, Victor and November, sending you 2
2024-10-14 17:45:14.094359 Victor: Mike and November, sending you 3
2024-10-14 17:45:14.094809 Sierra: X-ray and Bravo, sending you 2
2024-10-14 17:45:14.095526 X-ray: Sierra and Bravo, sending you 5
2024-10-14 17:45:14.095958 Hotel: X-ray and Echo we want you to join our group
2024-10-14 17:45:14.107745 X-ray: No
2024-10-14 17:45:14.108366 Echo: No
ChatterBot Hotel reevaluating
ChatterBot Hotel reevaluating
2024-10-14 17:45:14.188637 Delta: X-ray, sending you 3
2024-10-14 17:45:14.189630 November: Mike, Delta, Hotel and Victor, sending you 2
2024-10-14 17:45:14.190035 Charlie: Mike and Victor, sending you 3
2024-10-14 17:45:14.190420 Victor: Delta and Hotel, sending you 4
2024-10-14 17:45:14.191280 Sierra: Echo, sending you 5
2024-10-14 17:45:14.191607 X-ray: Echo, sending you 6
2024-10-14 17:45:14.192371 Bravo: Sierra, X-ray and Echo, sending you 3
2024-10-14 17:45:14.550030 Echo: Sierra and X-ray, sending you 3
2024-10-14 17:45:14.550451 Charlie: Delta, Hotel, X-ray and November, sending you 1
2024-10-14 17:45:14.551288 November: Charlie, sending you 1
2024-10-14 17:45:14.551684 Victor: Charlie, sending you 1
chatterbot Victor submitting transactions
chatterbot Mike submitting transactions
2024-10-14 17:45:14.760290 Echo: Bravo, sending you 9
chatterbot Hotel submitting transactions
chatterbot November submitting transactions
chatterbot Delta submitting transactions
chatterbot Bravo submitting transactions
chatterbot Echo submitting transactions
2024-10-14 17:45:15.053675 Hotel: Mike, Charlie and November, sending you 2
chatterbot X-ray submitting transactions
chatterbot Charlie submitting transactions
2024-10-14 17:45:15.106182 Hotel: Delta, Victor and Echo, sending you 3
chatterbot Sierra submitting transactions
2024-10-14 17:45:15.121658 Hotel: X-ray, sending you 1
ChatterBot Sierra round 3
ChatterBot Mike round 3
ChatterBot Delta round 3
ChatterBot Hotel round 3
ChatterBot X-ray round 3
ChatterBot Charlie round 3
ChatterBot Victor round 3
ChatterBot November round 3
ChatterBot Bravo round 3
ChatterBot Echo round 3
2024-10-14 17:45:15.202055 Mike: We should drop Delta
ChatterBot Charlie reevaluating
ChatterBot November reevaluating
2024-10-14 17:45:15.218308 Hotel: No
2024-10-14 17:45:15.218535 Charlie: No
2024-10-14 17:45:15.218756 Victor: No
2024-10-14 17:45:15.218953 November: No
ChatterBot Mike reevaluating
ChatterBot Charlie reevaluating
ChatterBot November reevaluating
ChatterBot Mike reevaluating
ChatterBot November reevaluating
ChatterBot Mike reevaluating
ChatterBot Charlie reevaluating
ChatterBot November reevaluating
ChatterBot Mike reevaluating
ChatterBot Charlie reevaluating
2024-10-14 17:45:15.325068 Delta: We should drop X-ray
ChatterBot November reevaluating
ChatterBot Mike reevaluating
ChatterBot Charlie reevaluating
2024-10-14 17:45:15.344050 Hotel: Yes
2024-10-14 17:45:15.344258 November: Yes
2024-10-14 17:45:15.344426 Victor: Yes
2024-10-14 17:45:15.344606 Mike: Yes
2024-10-14 17:45:15.345251 Charlie: Yes
ChatterBot November reevaluating
ChatterBot Mike reevaluating
ChatterBot Charlie reevaluating
ChatterBot Mike reevaluating
ChatterBot Charlie reevaluating
ChatterBot November reevaluating
ChatterBot Mike reevaluating
ChatterBot Charlie reevaluating
ChatterBot November reevaluating
ChatterBot Charlie reevaluating
ChatterBot November reevaluating
ChatterBot Mike reevaluating
2024-10-14 17:45:15.477979 X-ray: We should drop Sierra
2024-10-14 17:45:15.486210 Bravo: No
2024-10-14 17:45:15.486376 Echo: No
ChatterBot X-ray reevaluating
2024-10-14 17:45:15.499501 Hotel: We should drop X-ray and Echo
ChatterBot November reevaluating
ChatterBot Mike reevaluating
ChatterBot Charlie reevaluating
2024-10-14 17:45:15.516217 Delta: Yes
2024-10-14 17:45:15.516359 November: Yes
2024-10-14 17:45:15.516907 Victor: Yes
2024-10-14 17:45:15.517086 Mike: Yes
2024-10-14 17:45:15.517289 Charlie: Yes
ChatterBot November reevaluating
ChatterBot Mike reevaluating
ChatterBot Charlie reevaluating
ChatterBot Mike reevaluating
ChatterBot Charlie reevaluating
ChatterBot November reevaluating
ChatterBot Mike reevaluating
ChatterBot Charlie reevaluating
ChatterBot November reevaluating
ChatterBot Charlie reevaluating
ChatterBot November reevaluating
ChatterBot Mike reevaluating
2024-10-14 17:45:15.617071 X-ray: We should drop Bravo
2024-10-14 17:45:15.673646 Sierra: No
2024-10-14 17:45:15.674247 Echo: No
ChatterBot X-ray reevaluating
ChatterBot X-ray reevaluating
2024-10-14 17:45:15.701488 Sierra: Sending you each 3
2024-10-14 17:45:15.703185 Mike: We should drop November
2024-10-14 17:45:15.722982 Delta: No
2024-10-14 17:45:15.723929 Hotel: No
2024-10-14 17:45:15.724221 Charlie: No
2024-10-14 17:45:15.724464 Victor: No
ChatterBot Mike reevaluating
ChatterBot Mike reevaluating
ChatterBot Mike reevaluating
2024-10-14 17:45:15.812372 Bravo: Sierra, sending you 1
2024-10-14 17:45:15.813984 Delta: Mike, sending you 1
2024-10-14 17:45:15.815931 Victor: Sending you each 3
2024-10-14 17:45:15.817719 Echo: Sierra and Bravo, sending you 5
2024-10-14 17:45:15.818462 Hotel: Mike, Delta and November, sending you 3
2024-10-14 17:45:15.820134 Bravo: X-ray, sending you 3
2024-10-14 17:45:15.821370 Delta: Hotel, Charlie, Victor and November, sending you 3
2024-10-14 17:45:15.822638 Echo: X-ray, sending you 6
2024-10-14 17:45:15.837782 Hotel: Charlie, sending you 2
2024-10-14 17:45:15.839067 Charlie: Mike, sending you 3
2024-10-14 17:45:15.839555 Bravo: Echo, sending you 5
2024-10-14 17:45:15.840418 X-ray: Sierra, sending you 5
2024-10-14 17:45:15.853634 Charlie: Delta, Hotel and Victor, sending you 2
2024-10-14 17:45:15.854556 Hotel: Victor, sending you 5
2024-10-14 17:45:15.854883 X-ray: Bravo and Echo, sending you 6
2024-10-14 17:45:15.855174 November: Mike, Delta, Hotel and Victor, sending you 2
2024-10-14 17:45:15.885139 Charlie: November, sending you 1
2024-10-14 17:45:15.885809 November: Charlie, sending you 1
chatterbot Charlie submitting transactions
chatterbot Sierra submitting transactions
chatterbot X-ray submitting transactions
chatterbot Echo submitting transactions
chatterbot Delta submitting transactions
chatterbot Bravo submitting transactions
chatterbot Hotel submitting transactions
chatterbot Victor submitting transactions
chatterbot Mike submitting transactions
chatterbot November submitting transactions
ChatterBot Sierra round 4
ChatterBot Mike round 4
ChatterBot Delta round 4
ChatterBot Hotel round 4
ChatterBot X-ray round 4
ChatterBot Charlie round 4
ChatterBot Victor round 4
ChatterBot November round 4
ChatterBot Bravo round 4
ChatterBot Echo round 4
2024-10-14 17:45:16.856632 Sierra: We should add Charlie
ChatterBot X-ray reevaluating
2024-10-14 17:45:16.867782 X-ray: No
2024-10-14 17:45:16.868166 Bravo: No
2024-10-14 17:45:16.868912 Echo: No
ChatterBot Sierra reevaluating
ChatterBot X-ray reevaluating
ChatterBot Sierra reevaluating
ChatterBot X-ray reevaluating
ChatterBot Sierra reevaluating
2024-10-14 17:45:16.930754 Mike: We should drop November
2024-10-14 17:45:16.945138 Delta: No
2024-10-14 17:45:16.945305 Hotel: No
2024-10-14 17:45:16.945422 Charlie: No
2024-10-14 17:45:16.945546 Victor: No
ChatterBot Mike reevaluating
ChatterBot Mike reevaluating
ChatterBot Mike reevaluating
ChatterBot Mike reevaluating
2024-10-14 17:45:16.993944 Hotel: Mike, Delta and November, sending you 3
2024-10-14 17:45:16.997693 Hotel: Charlie, sending you 2
2024-10-14 17:45:16.999686 Echo: Sierra, sending you 4
2024-10-14 17:45:17.000682 Hotel: Victor, sending you 5
2024-10-14 17:45:17.003841 November: Mike, Delta, Hotel and Victor, sending you 2
2024-10-14 17:45:17.004419 Echo: X-ray and Bravo, sending you 6
2024-10-14 17:45:17.006130 Charlie: Sending you each 2
2024-10-14 17:45:17.006869 Delta: Mike, Hotel, Victor and November, sending you 3
2024-10-14 17:45:17.007428 November: Charlie, sending you 1
2024-10-14 17:45:17.008472 Bravo: Sierra, sending you 2
2024-10-14 17:45:17.008920 Sierra: Same as last round
2024-10-14 17:45:17.009701 Victor: Same as last round
2024-10-14 17:45:17.010917 Delta: Charlie, sending you 1
2024-10-14 17:45:17.011659 Bravo: X-ray, sending you 3
2024-10-14 17:45:17.015235 Bravo: Echo, sending you 4
2024-10-14 17:45:17.025658 Mike: Delta, sending you 2
2024-10-14 17:45:17.029916 Mike: Hotel and Charlie, sending you 3
2024-10-14 17:45:17.034673 Mike: Victor, sending you 4
chatterbot Victor submitting transactions
chatterbot X-ray submitting transactions
chatterbot Delta submitting transactions
chatterbot Bravo submitting transactions
chatterbot Hotel submitting transactions
chatterbot Mike submitting transactions
chatterbot November submitting transactions
chatterbot Echo submitting transactions
chatterbot Charlie submitting transactions
chatterbot Sierra submitting transactions
ChatterBot Sierra round 5
ChatterBot Mike round 5
ChatterBot Delta round 5
ChatterBot Hotel round 5
ChatterBot X-ray round 5
ChatterBot Charlie round 5
2024-10-14 17:45:18.151716 Sierra: We should add Delta
ChatterBot X-ray reevaluating
2024-10-14 17:45:18.164851 X-ray: No
2024-10-14 17:45:18.165084 Bravo: No
2024-10-14 17:45:18.165296 Echo: No
ChatterBot Sierra reevaluating
ChatterBot X-ray reevaluating
ChatterBot Sierra reevaluating
ChatterBot X-ray reevaluating
ChatterBot Sierra reevaluating
ChatterBot Victor round 5
ChatterBot November round 5
ChatterBot Bravo round 5
ChatterBot Echo round 5
2024-10-14 17:45:18.205053 X-ray: We should drop Bravo
ChatterBot Sierra reevaluating
2024-10-14 17:45:18.209490 Sierra: No
2024-10-14 17:45:18.209633 Echo: No
ChatterBot X-ray reevaluating
ChatterBot X-ray reevaluating
ChatterBot Sierra reevaluating
2024-10-14 17:45:18.226671 Delta: Mike, Hotel, Victor and November, sending you 3
2024-10-14 17:45:18.227287 Mike: Sending you each 3
2024-10-14 17:45:18.227603 Hotel: Mike, Delta, Charlie and November, sending you 3
2024-10-14 17:45:18.229701 Delta: Charlie, sending you 1
2024-10-14 17:45:18.232688 Hotel: Victor, sending you 4
2024-10-14 17:45:18.235105 Sierra: Same as last round
2024-10-14 17:45:18.236681 Charlie: Same as last round
2024-10-14 17:45:18.239703 Echo: Sierra and Bravo, sending you 5
2024-10-14 17:45:18.242667 Victor: Same as last round
2024-10-14 17:45:18.243419 November: Mike and Charlie, sending you 1
2024-10-14 17:45:18.247452 X-ray: Sierra and Bravo, sending you 6
2024-10-14 17:45:18.247944 Echo: X-ray, sending you 6
2024-10-14 17:45:18.248416 Bravo: Sierra, sending you 1
2024-10-14 17:45:18.249676 November: Delta and Hotel, sending you 2
2024-10-14 17:45:18.250671 X-ray: Echo, sending you 7
2024-10-14 17:45:18.252670 November: Victor, sending you 3
2024-10-14 17:45:18.253668 Bravo: X-ray and Echo, sending you 4
chatterbot Sierra submitting transactions
chatterbot Echo submitting transactions
chatterbot Delta submitting transactions
chatterbot Mike submitting transactions
chatterbot X-ray submitting transactions
chatterbot Victor submitting transactions
chatterbot Hotel submitting transactions
chatterbot November submitting transactions
chatterbot Charlie submitting transactions
chatterbot Bravo submitting transactions
ChatterBot Sierra round 6
ChatterBot Mike round 6
ChatterBot Delta round 6
ChatterBot Hotel round 6
ChatterBot X-ray round 6
ChatterBot Charlie round 6
ChatterBot Victor round 6
ChatterBot November round 6
ChatterBot Bravo round 6
ChatterBot Echo round 6
2024-10-14 17:45:19.327683 Mike: Same as last round
2024-10-14 17:45:19.330667 Charlie: Same as last round
2024-10-14 17:45:19.335761 X-ray: Sierra and Bravo, sending you 6
2024-10-14 17:45:19.338679 Sierra: Same as last round
2024-10-14 17:45:19.339187 Bravo: Sierra, sending you 1
2024-10-14 17:45:19.340714 X-ray: Echo, sending you 7
2024-10-14 17:45:19.341726 Victor: Same as last round
2024-10-14 17:45:19.342683 Hotel: Mike, Delta, Charlie and November, sending you 3
2024-10-14 17:45:19.343682 Delta: Mike, Hotel, Victor and November, sending you 3
2024-10-14 17:45:19.344668 Bravo: X-ray and Echo, sending you 4
2024-10-14 17:45:19.345703 November: Mike and Charlie, sending you 1
2024-10-14 17:45:19.346656 Hotel: Victor, sending you 4
2024-10-14 17:45:19.347186 Delta: Charlie, sending you 1
2024-10-14 17:45:19.350691 November: Delta and Hotel, sending you 2
2024-10-14 17:45:19.353652 November: Victor, sending you 3
2024-10-14 17:45:19.354674 Echo: Sierra and Bravo, sending you 5
2024-10-14 17:45:19.359659 Echo: X-ray, sending you 6
chatterbot X-ray submitting transactions
chatterbot Hotel submitting transactions
chatterbot Delta submitting transactions
chatterbot Mike submitting transactions
chatterbot Charlie submitting transactions
chatterbot Bravo submitting transactions
chatterbot November submitting transactions
chatterbot Sierra submitting transactions
chatterbot Echo submitting transactions
chatterbot Victor submitting transactions
ChatterBot Sierra round 7
ChatterBot Mike round 7
ChatterBot Delta round 7
ChatterBot Hotel round 7
ChatterBot X-ray round 7
ChatterBot Charlie round 7
ChatterBot Victor round 7
ChatterBot November round 7
ChatterBot Bravo round 7
ChatterBot Echo round 7
2024-10-14 17:45:20.522170 X-ray: We should drop Sierra
2024-10-14 17:45:20.528870 Bravo: No
2024-10-14 17:45:20.529115 Echo: No
ChatterBot X-ray reevaluating
ChatterBot X-ray reevaluating
2024-10-14 17:45:20.544821 X-ray: We should drop Bravo
2024-10-14 17:45:20.549356 Sierra: No
2024-10-14 17:45:20.549903 Echo: No
ChatterBot X-ray reevaluating
ChatterBot X-ray reevaluating
2024-10-14 17:45:20.564684 Delta: Mike, Hotel, Victor and November, sending you 3
2024-10-14 17:45:20.565725 Hotel: Mike, Delta, Charlie and November, sending you 3
2024-10-14 17:45:20.566263 Mike: Same as last round
2024-10-14 17:45:20.566661 Victor: Same as last round
2024-10-14 17:45:20.567229 November: Mike and Charlie, sending you 1
2024-10-14 17:45:20.567773 Charlie: Same as last round
2024-10-14 17:45:20.568300 Echo: Sierra and Bravo, sending you 5
2024-10-14 17:45:20.568678 Sierra: X-ray, sending you 3
2024-10-14 17:45:20.569686 Hotel: Victor, sending you 4
2024-10-14 17:45:20.570672 Delta: Charlie, sending you 1
2024-10-14 17:45:20.572688 November: Delta and Hotel, sending you 2
2024-10-14 17:45:20.573703 Echo: X-ray, sending you 6
2024-10-14 17:45:20.574163 Sierra: Bravo, sending you 2
2024-10-14 17:45:20.577677 November: Victor, sending you 3
2024-10-14 17:45:20.578671 Sierra: Echo, sending you 4
2024-10-14 17:45:20.579522 Bravo: Sierra, sending you 1
2024-10-14 17:45:20.582681 Bravo: X-ray and Echo, sending you 4
2024-10-14 17:45:20.584685 X-ray: Sierra and Bravo, sending you 6
2024-10-14 17:45:20.587684 X-ray: Echo, sending you 7
chatterbot X-ray submitting transactions
chatterbot Charlie submitting transactions
chatterbot Sierra submitting transactions
chatterbot Hotel submitting transactions
chatterbot November submitting transactions
chatterbot Delta submitting transactions
chatterbot Echo submitting transactions
chatterbot Bravo submitting transactions
chatterbot Mike submitting transactions
chatterbot Victor submitting transactions
ChatterBot Sierra round 8
ChatterBot Mike round 8
ChatterBot Delta round 8
ChatterBot Hotel round 8
ChatterBot X-ray round 8
ChatterBot Charlie round 8
ChatterBot Victor round 8
ChatterBot November round 8
ChatterBot Bravo round 8
ChatterBot Echo round 8
2024-10-14 17:45:21.761896 X-ray: We should drop Sierra
2024-10-14 17:45:21.766026 Bravo: No
2024-10-14 17:45:21.766184 Echo: No
ChatterBot X-ray reevaluating
ChatterBot X-ray reevaluating
2024-10-14 17:45:21.779651 Sierra: X-ray, sending you 3
2024-10-14 17:45:21.780006 Delta: Mike, Hotel, Victor and November, sending you 3
2024-10-14 17:45:21.780827 Mike: Same as last round
2024-10-14 17:45:21.781126 Charlie: Same as last round
2024-10-14 17:45:21.782653 Hotel: Mike, Delta, Charlie and November, sending you 3
2024-10-14 17:45:21.783318 Sierra: Bravo, sending you 2
2024-10-14 17:45:21.783562 Delta: Charlie, sending you 1
2024-10-14 17:45:21.786669 Echo: Sierra and Bravo, sending you 5
2024-10-14 17:45:21.787661 Hotel: Victor, sending you 4
2024-10-14 17:45:21.788549 Sierra: Echo, sending you 4
2024-10-14 17:45:21.789651 November: Mike, sending you 1
2024-10-14 17:45:21.790176 Echo: X-ray, sending you 6
2024-10-14 17:45:21.790671 Bravo: Sierra, sending you 1
2024-10-14 17:45:21.793676 Bravo: X-ray and Echo, sending you 4
2024-10-14 17:45:21.794664 Victor: Same as last round
2024-10-14 17:45:21.795245 November: Delta, Hotel, Charlie and Victor, sending you 2
2024-10-14 17:45:21.809654 X-ray: Bravo, sending you 9
2024-10-14 17:45:21.814656 X-ray: Echo, sending you 10
chatterbot Echo submitting transactions
chatterbot X-ray submitting transactions
chatterbot November submitting transactions
chatterbot Charlie submitting transactions
chatterbot Victor submitting transactions
chatterbot Sierra submitting transactions
chatterbot Mike submitting transactions
chatterbot Bravo submitting transactions
chatterbot Hotel submitting transactions
chatterbot Delta submitting transactions
ChatterBot Sierra round 9
ChatterBot Mike round 9
ChatterBot Delta round 9
ChatterBot Hotel round 9
ChatterBot X-ray round 9
ChatterBot Charlie round 9
ChatterBot Victor round 9
ChatterBot November round 9
ChatterBot Bravo round 9
ChatterBot Echo round 9
2024-10-14 17:45:22.987665 Sierra: X-ray, sending you 3
2024-10-14 17:45:22.988230 Delta: Mike, Hotel, Victor and November, sending you 3
2024-10-14 17:45:22.990657 Sierra: Bravo, sending you 2
2024-10-14 17:45:22.991845 Delta: Charlie, sending you 1
2024-10-14 17:45:22.992688 Mike: Same as last round
2024-10-14 17:45:22.993371 Hotel: Mike, Delta, Charlie and November, sending you 3
2024-10-14 17:45:22.994267 Bravo: Sierra, sending you 2
2024-10-14 17:45:22.996312 Sierra: Echo, sending you 4
2024-10-14 17:45:22.997677 Bravo: X-ray, sending you 4
2024-10-14 17:45:22.998686 Hotel: Victor, sending you 4
2024-10-14 17:45:22.999292 X-ray: Bravo, sending you 9
2024-10-14 17:45:22.999557 Charlie: Same as last round
2024-10-14 17:45:23.000653 Echo: Sierra and Bravo, sending you 5
2024-10-14 17:45:23.001676 November: Mike, sending you 1
2024-10-14 17:45:23.002266 Bravo: Echo, sending you 3
2024-10-14 17:45:23.003883 X-ray: Echo, sending you 10
2024-10-14 17:45:23.004652 Echo: X-ray, sending you 6
2024-10-14 17:45:23.005671 Victor: Same as last round
2024-10-14 17:45:23.006264 November: Delta, Hotel, Charlie and Victor, sending you 2
chatterbot Hotel submitting transactions
chatterbot Mike submitting transactions
chatterbot November submitting transactions
chatterbot Sierra submitting transactions
chatterbot Victor submitting transactions
chatterbot Echo submitting transactions
chatterbot Charlie submitting transactions
chatterbot X-ray submitting transactions
chatterbot Delta submitting transactions
chatterbot Bravo submitting transactions
ChatterBot Sierra round 10
ChatterBot Mike round 10
ChatterBot Delta round 10
ChatterBot Hotel round 10
ChatterBot X-ray round 10
ChatterBot Charlie round 10
ChatterBot Victor round 10
ChatterBot November round 10
ChatterBot Bravo round 10
ChatterBot Echo round 10
2024-10-14 17:45:24.157699 X-ray: We should add Sierra
2024-10-14 17:45:24.162419 Bravo: Yes
2024-10-14 17:45:24.162635 Echo: Yes
ChatterBot X-ray reevaluating
2024-10-14 17:45:24.183118 X-ray: We should replace Bravo with Sierra
2024-10-14 17:45:24.185138 Echo: No
ChatterBot X-ray reevaluating
2024-10-14 17:45:24.189913 Hotel: Mike, Delta, Charlie and November, sending you 3
2024-10-14 17:45:24.194682 Hotel: Victor, sending you 4
2024-10-14 17:45:24.196060 Sierra: X-ray, sending you 3
2024-10-14 17:45:24.196671 November: Mike, sending you 1
2024-10-14 17:45:24.197499 Victor: Same as last round
2024-10-14 17:45:24.198326 X-ray: Sierra we want you to join our group
2024-10-14 17:45:24.202083 Sierra: Yes
ChatterBot X-ray reevaluating
2024-10-14 17:45:24.210061 Delta: Mike, Hotel, Victor and November, sending you 3
2024-10-14 17:45:24.211024 Mike: Same as last round
2024-10-14 17:45:24.214195 Bravo: Sierra, sending you 2
2024-10-14 17:45:24.215062 Echo: Sierra and Bravo, sending you 5
2024-10-14 17:45:24.216915 Sierra: Bravo, sending you 2
2024-10-14 17:45:24.217628 November: Delta, Hotel, Charlie and Victor, sending you 2
2024-10-14 17:45:24.219087 Delta: Charlie, sending you 1
2024-10-14 17:45:24.221380 Bravo: X-ray, sending you 4
2024-10-14 17:45:24.222117 Sierra: Echo, sending you 4
2024-10-14 17:45:24.223695 Echo: X-ray, sending you 6
2024-10-14 17:45:24.224383 Charlie: Same as last round
2024-10-14 17:45:24.226578 Bravo: Echo, sending you 3
2024-10-14 17:45:24.251700 X-ray: Sierra, sending you 9
2024-10-14 17:45:24.254682 X-ray: Echo, sending you 11
chatterbot Echo submitting transactions
chatterbot November submitting transactions
chatterbot X-ray submitting transactions
chatterbot Victor submitting transactions
chatterbot Sierra submitting transactions
chatterbot Delta submitting transactions
chatterbot Charlie submitting transactions
chatterbot Hotel submitting transactions
chatterbot Bravo submitting transactions
chatterbot Mike submitting transactions
ChatterBot Sierra round 11
ChatterBot Mike round 11
ChatterBot Delta round 11
ChatterBot Hotel round 11
ChatterBot X-ray round 11
ChatterBot Charlie round 11
ChatterBot Victor round 11
2024-10-14 17:45:25.294976 X-ray: We should add Bravo
2024-10-14 17:45:25.299998 Sierra: Yes
2024-10-14 17:45:25.300194 Echo: Yes
ChatterBot X-ray reevaluating
ChatterBot X-ray reevaluating
ChatterBot November round 11
ChatterBot Bravo round 11
ChatterBot Echo round 11
2024-10-14 17:45:25.343665 Sierra: Sending you each 3
2024-10-14 17:45:25.344665 Delta: Mike, Hotel, Victor and November, sending you 3
2024-10-14 17:45:25.348682 Delta: Charlie, sending you 1
2024-10-14 17:45:25.349257 X-ray: Sierra, sending you 9
2024-10-14 17:45:25.349685 Victor: Same as last round
2024-10-14 17:45:25.351701 Mike: Same as last round
2024-10-14 17:45:25.352044 X-ray: Echo, sending you 11
2024-10-14 17:45:25.353671 Charlie: Same as last round
2024-10-14 17:45:25.354370 Bravo: Sierra, sending you 1
2024-10-14 17:45:25.355673 November: Mike, sending you 1
2024-10-14 17:45:25.356683 Echo: Sierra and Bravo, sending you 5
2024-10-14 17:45:25.357674 Hotel: Mike, Delta, Charlie and November, sending you 3
2024-10-14 17:45:25.358391 Bravo: X-ray and Echo, sending you 4
2024-10-14 17:45:25.359658 November: Delta, Hotel, Charlie and Victor, sending you 2
2024-10-14 17:45:25.360677 Hotel: Victor, sending you 4
2024-10-14 17:45:25.361674 Echo: X-ray, sending you 6
chatterbot Mike submitting transactions
chatterbot Delta submitting transactions
chatterbot Sierra submitting transactions
chatterbot Echo submitting transactions
chatterbot X-ray submitting transactions
chatterbot Victor submitting transactions
chatterbot Bravo submitting transactions
chatterbot Hotel submitting transactions
chatterbot November submitting transactions
chatterbot Charlie submitting transactions
ChatterBot Sierra round 12
ChatterBot Mike round 12
ChatterBot Delta round 12
ChatterBot Hotel round 12
ChatterBot X-ray round 12
ChatterBot Charlie round 12
ChatterBot Victor round 12
ChatterBot November round 12
ChatterBot Bravo round 12
ChatterBot Echo round 12
2024-10-14 17:45:26.359644 Sierra: X-ray, sending you 3
2024-10-14 17:45:26.360152 Mike: Same as last round
2024-10-14 17:45:26.364649 Sierra: Bravo, sending you 2
2024-10-14 17:45:26.365750 X-ray: Sierra, sending you 9
2024-10-14 17:45:26.366024 Echo: Sierra and Bravo, sending you 5
2024-10-14 17:45:26.366687 Delta: Mike, Hotel, Victor and November, sending you 3
2024-10-14 17:45:26.368675 Hotel: Mike, Delta, Charlie and November, sending you 3
2024-10-14 17:45:26.369788 Sierra: Echo, sending you 4
2024-10-14 17:45:26.370385 X-ray: Echo, sending you 11
2024-10-14 17:45:26.370822 Echo: X-ray, sending you 6
2024-10-14 17:45:26.371906 Charlie: Same as last round
2024-10-14 17:45:26.372882 Delta: Charlie, sending you 1
2024-10-14 17:45:26.373840 November: Mike, sending you 1
2024-10-14 17:45:26.375063 Hotel: Victor, sending you 4
2024-10-14 17:45:26.376066 Victor: Same as last round
2024-10-14 17:45:26.378050 November: Delta, Hotel, Charlie and Victor, sending you 2
2024-10-14 17:45:26.379093 Bravo: Sierra, sending you 2
2024-10-14 17:45:26.384725 Bravo: X-ray, sending you 3
2024-10-14 17:45:26.387706 Bravo: Echo, sending you 4
chatterbot Sierra submitting transactions
chatterbot Mike submitting transactions
chatterbot Charlie submitting transactions
chatterbot Echo submitting transactions
chatterbot Delta submitting transactions
chatterbot Victor submitting transactions
chatterbot Hotel submitting transactions
chatterbot Bravo submitting transactions
chatterbot November submitting transactions
chatterbot X-ray submitting transactions
ChatterBot Sierra round 13
ChatterBot Mike round 13
ChatterBot Delta round 13
ChatterBot Hotel round 13
ChatterBot X-ray round 13
ChatterBot Charlie round 13
ChatterBot Victor round 13
ChatterBot November round 13
ChatterBot Bravo round 13
ChatterBot Echo round 13
2024-10-14 17:45:27.487307 X-ray: We should add Bravo
2024-10-14 17:45:27.491166 Sierra: Yes
2024-10-14 17:45:27.491320 Echo: Yes
2024-10-14 17:45:27.499673 X-ray: Bravo we want you to join our group
2024-10-14 17:45:27.503356 Bravo: Yes
2024-10-14 17:45:27.513003 Sierra: X-ray, sending you 4
2024-10-14 17:45:27.515687 Sierra: Bravo, sending you 2
2024-10-14 17:45:27.516228 Bravo: Sierra and X-ray, sending you 2
2024-10-14 17:45:27.516786 Hotel: Mike, Charlie, Victor and November, sending you 3
2024-10-14 17:45:27.517571 Victor: Same as last round
2024-10-14 17:45:27.518740 Charlie: Same as last round
2024-10-14 17:45:27.519398 Mike: Same as last round
2024-10-14 17:45:27.519825 Delta: Mike, Hotel, Victor and November, sending you 3
2024-10-14 17:45:27.520473 Echo: Sierra and Bravo, sending you 5
2024-10-14 17:45:27.520947 November: Mike, sending you 1
2024-10-14 17:45:27.521621 Sierra: Echo, sending you 3
2024-10-14 17:45:27.522033 Hotel: Delta, sending you 4
2024-10-14 17:45:27.523320 Bravo: Echo, sending you 5
2024-10-14 17:45:27.523809 Delta: Charlie, sending you 1
2024-10-14 17:45:27.525716 Echo: X-ray, sending you 6
2024-10-14 17:45:27.526227 November: Delta, Hotel, Charlie and Victor, sending you 2
2024-10-14 17:45:27.535393 X-ray: Sierra, sending you 6
2024-10-14 17:45:27.539730 X-ray: Bravo and Echo, sending you 7
chatterbot Delta submitting transactions
chatterbot November submitting transactions
chatterbot Mike submitting transactions
chatterbot X-ray submitting transactions
chatterbot Victor submitting transactions
chatterbot Sierra submitting transactions
chatterbot Hotel submitting transactions
chatterbot Charlie submitting transactions
chatterbot Bravo submitting transactions
chatterbot Echo submitting transactions
ChatterBot Sierra round 14
ChatterBot Mike round 14
ChatterBot Delta round 14
ChatterBot Hotel round 14
ChatterBot X-ray round 14
ChatterBot Charlie round 14
ChatterBot Victor round 14
ChatterBot November round 14
ChatterBot Bravo round 14
ChatterBot Echo round 14
2024-10-14 17:45:28.746671 X-ray: Sierra and Bravo, sending you 6
2024-10-14 17:45:28.750648 Victor: Same as last round
2024-10-14 17:45:28.751490 Charlie: Same as last round
2024-10-14 17:45:28.752041 X-ray: Echo, sending you 8
2024-10-14 17:45:28.752379 Sierra: X-ray, sending you 3
2024-10-14 17:45:28.752767 Delta: Mike, Hotel, Victor and November, sending you 3
2024-10-14 17:45:28.753401 Hotel: Mike, Charlie, Victor and November, sending you 3
2024-10-14 17:45:28.756676 Bravo: Sierra, sending you 2
2024-10-14 17:45:28.757543 Hotel: Delta, sending you 4
2024-10-14 17:45:28.758307 Sierra: Bravo, sending you 2
2024-10-14 17:45:28.758829 Delta: Charlie, sending you 1
2024-10-14 17:45:28.759681 November: Mike, sending you 1
2024-10-14 17:45:28.760669 Bravo: X-ray, sending you 3
2024-10-14 17:45:28.761702 Mike: Same as last round
2024-10-14 17:45:28.762667 November: Delta, Hotel, Charlie and Victor, sending you 2
2024-10-14 17:45:28.763682 Sierra: Echo, sending you 4
2024-10-14 17:45:28.764695 Bravo: Echo, sending you 4
2024-10-14 17:45:28.767693 Echo: Sierra and Bravo, sending you 5
2024-10-14 17:45:28.771679 Echo: X-ray, sending you 6
chatterbot Bravo submitting transactions
chatterbot November submitting transactions
chatterbot Charlie submitting transactions
chatterbot Echo submitting transactions
chatterbot Victor submitting transactions
chatterbot X-ray submitting transactions
chatterbot Delta submitting transactions
chatterbot Mike submitting transactions
chatterbot Sierra submitting transactions
chatterbot Hotel submitting transactions
ChatterBot Sierra round 15
ChatterBot Mike round 15
ChatterBot Delta round 15
ChatterBot Hotel round 15
ChatterBot X-ray round 15
ChatterBot Charlie round 15
ChatterBot Victor round 15
ChatterBot November round 15
ChatterBot Bravo round 15
ChatterBot Echo round 15
2024-10-14 17:45:29.928577 X-ray: We should drop Sierra
2024-10-14 17:45:29.935562 Bravo: No
2024-10-14 17:45:29.935801 Echo: No
ChatterBot X-ray reevaluating
ChatterBot X-ray reevaluating
2024-10-14 17:45:29.948677 Hotel: Mike, Charlie, Victor and November, sending you 3
2024-10-14 17:45:29.949566 Sierra: Sending you each 3
2024-10-14 17:45:29.950116 Mike: Same as last round
2024-10-14 17:45:29.953673 Hotel: Delta, sending you 4
2024-10-14 17:45:29.955659 November: Mike, sending you 1
2024-10-14 17:45:29.959670 Victor: Same as last round
2024-10-14 17:45:29.961664 November: Delta, Hotel, Charlie and Victor, sending you 2
2024-10-14 17:45:29.962648 Bravo: Sierra, sending you 2
2024-10-14 17:45:29.966659 Bravo: X-ray, sending you 3
2024-10-14 17:45:29.967698 Delta: Mike, Hotel, Victor and November, sending you 3
2024-10-14 17:45:29.968685 Echo: Sierra and Bravo, sending you 5
2024-10-14 17:45:29.969667 Charlie: Same as last round
2024-10-14 17:45:29.970446 Bravo: Echo, sending you 4
2024-10-14 17:45:29.972662 Delta: Charlie, sending you 1
2024-10-14 17:45:29.973664 X-ray: Sierra and Bravo, sending you 6
2024-10-14 17:45:29.974135 Echo: X-ray, sending you 6
2024-10-14 17:45:29.976652 X-ray: Echo, sending you 8
chatterbot Hotel submitting transactions
chatterbot Delta submitting transactions
chatterbot Mike submitting transactions
chatterbot Victor submitting transactions
chatterbot Bravo submitting transactions
chatterbot Charlie submitting transactions
chatterbot X-ray submitting transactions
chatterbot Sierra submitting transactions
chatterbot November submitting transactions
chatterbot Echo submitting transactions
ChatterBot Sierra round 16
ChatterBot Mike round 16
ChatterBot Delta round 16
ChatterBot Hotel round 16
ChatterBot X-ray round 16
ChatterBot Charlie round 16
ChatterBot Victor round 16
ChatterBot November round 16
ChatterBot Bravo round 16
ChatterBot Echo round 16
2024-10-14 17:45:31.223740 Victor: Same as last round
2024-10-14 17:45:31.225660 Sierra: Same as last round
2024-10-14 17:45:31.227114 Delta: Mike, Hotel, Victor and November, sending you 3
2024-10-14 17:45:31.228742 Hotel: Mike, Charlie, Victor and November, sending you 3
2024-10-14 17:45:31.230318 Charlie: Same as last round
2024-10-14 17:45:31.231695 X-ray: Sierra and Bravo, sending you 6
2024-10-14 17:45:31.232779 Mike: Same as last round
2024-10-14 17:45:31.233585 Echo: Sierra and Bravo, sending you 5
2024-10-14 17:45:31.235309 Delta: Charlie, sending you 1
2024-10-14 17:45:31.237162 Hotel: Delta, sending you 4
2024-10-14 17:45:31.238796 Bravo: Sierra, sending you 2
2024-10-14 17:45:31.239450 X-ray: Echo, sending you 8
