ChatterBot Romeo round 1
ChatterBot X-ray round 1
ChatterBot Lima round 1
ChatterBot Papa round 1
ChatterBot Sierra round 1
ChatterBot Zulu round 1
ChatterBot Uniform round 1
ChatterBot India round 1
ChatterBot Hotel round 1
ChatterBot Whiskey round 1
randomSelections Zulu: {Zulu, Hotel, Sierra, Romeo} 
2024-10-14 17:45:12.102142 Zulu: Let's form a team
ChatterBot Hotel reevaluating
ChatterBot Sierra reevaluating
ChatterBot Romeo reevaluating
2024-10-14 17:45:12.152911 Hotel: Yes
2024-10-14 17:45:12.153151 Sierra: Yes
2024-10-14 17:45:12.154120 Romeo: Yes
ChatterBot Sierra reevaluating
ChatterBot Romeo reevaluating
ChatterBot Hotel reevaluating
ChatterBot Romeo reevaluating
ChatterBot Hotel reevaluating
ChatterBot Sierra reevaluating
randomSelections Papa: {Papa, Whiskey, Uniform, Hotel, X-ray, India} 
2024-10-14 17:45:12.173199 Papa: Friends?
ChatterBot Whiskey reevaluating
ChatterBot Uniform reevaluating
ChatterBot Hotel reevaluating
ChatterBot X-ray reevaluating
ChatterBot India reevaluating
2024-10-14 17:45:12.181750 Whiskey: Yes
2024-10-14 17:45:12.181877 Uniform: Yes
2024-10-14 17:45:12.181985 Hotel: No
2024-10-14 17:45:12.182131 X-ray: Yes
2024-10-14 17:45:12.182228 India: Yes
ChatterBot Uniform reevaluating
ChatterBot Hotel reevaluating
ChatterBot X-ray reevaluating
ChatterBot India reevaluating
ChatterBot Whiskey reevaluating
ChatterBot Hotel reevaluating
ChatterBot X-ray reevaluating
ChatterBot India reevaluating
ChatterBot Whiskey reevaluating
ChatterBot Uniform reevaluating
ChatterBot X-ray reevaluating
ChatterBot India reevaluating
ChatterBot Whiskey reevaluating
ChatterBot Uniform reevaluating
ChatterBot Hotel reevaluating
ChatterBot India reevaluating
ChatterBot Whiskey reevaluating
ChatterBot Uniform reevaluating
ChatterBot Hotel reevaluating
ChatterBot X-ray reevaluating
randomSelections Lima: {Lima, X-ray, Whiskey, Uniform, Sierra} 
2024-10-14 17:45:12.226792 Lima: We would work well together
ChatterBot X-ray reevaluating
ChatterBot Whiskey reevaluating
ChatterBot Uniform reevaluating
ChatterBot Sierra reevaluating
2024-10-14 17:45:12.232500 X-ray: No
2024-10-14 17:45:12.232781 Whiskey: No
2024-10-14 17:45:12.233115 Uniform: No
2024-10-14 17:45:12.233397 Sierra: No
ChatterBot Whiskey reevaluating
ChatterBot Uniform reevaluating
ChatterBot Sierra reevaluating
ChatterBot X-ray reevaluating
ChatterBot Uniform reevaluating
ChatterBot Sierra reevaluating
ChatterBot X-ray reevaluating
ChatterBot Whiskey reevaluating
ChatterBot Sierra reevaluating
ChatterBot X-ray reevaluating
ChatterBot Whiskey reevaluating
ChatterBot Uniform reevaluating
2024-10-14 17:45:12.296079 Romeo: Sierra, sending you 7
2024-10-14 17:45:12.296500 Sierra: Romeo, sending you 1
2024-10-14 17:45:12.297296 Lima: X-ray, sending you 2
2024-10-14 17:45:12.297672 Zulu: Romeo and Sierra, sending you 5
2024-10-14 17:45:12.297967 Uniform: X-ray, sending you 3
2024-10-14 17:45:12.298678 Papa: X-ray and Uniform, sending you 1
2024-10-14 17:45:12.303663 Romeo: Zulu, sending you 5
2024-10-14 17:45:12.304140 Sierra: Zulu, sending you 4
2024-10-14 17:45:12.304893 Lima: Sierra, sending you 3
2024-10-14 17:45:12.305294 Zulu: Hotel, sending you 4
2024-10-14 17:45:12.306109 Uniform: Papa, India and Hotel, sending you 2
2024-10-14 17:45:12.306568 Papa: Hotel, sending you 2
2024-10-14 17:45:12.307382 X-ray: Papa, sending you 6
2024-10-14 17:45:12.307801 Hotel: Romeo, Sierra and Zulu, sending you 4
2024-10-14 17:45:12.308736 Romeo: Hotel, sending you 3
2024-10-14 17:45:12.309087 Whiskey: X-ray, sending you 7
2024-10-14 17:45:12.313191 Sierra: Hotel, sending you 3
2024-10-14 17:45:12.313639 Lima: Uniform, sending you 4
2024-10-14 17:45:12.314408 Papa: Whiskey, sending you 5
2024-10-14 17:45:12.314878 X-ray: Uniform, sending you 4
2024-10-14 17:45:12.315224 India: X-ray, Uniform and Whiskey, sending you 3
2024-10-14 17:45:12.316196 Whiskey: Uniform, sending you 4
2024-10-14 17:45:12.316649 Lima: Whiskey, sending you 1
2024-10-14 17:45:12.318801 X-ray: India and Whiskey, sending you 1
2024-10-14 17:45:12.319926 Whiskey: India, sending you 6
2024-10-14 17:45:12.321486 India: Papa and Hotel, sending you 5
2024-10-14 17:45:12.323170 Whiskey: Hotel, sending you 2
2024-10-14 17:45:12.323756 X-ray: Hotel, sending you 2
chatterbot India submitting transactions
chatterbot Papa submitting transactions
chatterbot X-ray submitting transactions
chatterbot Romeo submitting transactions
chatterbot Uniform submitting transactions
chatterbot Lima submitting transactions
chatterbot Hotel submitting transactions
chatterbot Zulu submitting transactions
chatterbot Whiskey submitting transactions
chatterbot Sierra submitting transactions
ChatterBot Romeo round 2
ChatterBot X-ray round 2
ChatterBot Lima round 2
ChatterBot Papa round 2
ChatterBot Sierra round 2
ChatterBot Zulu round 2
ChatterBot Uniform round 2
ChatterBot India round 2
2024-10-14 17:45:13.420262 Lima: We should group up
ChatterBot Romeo reevaluating
ChatterBot Sierra reevaluating
ChatterBot Zulu reevaluating
ChatterBot Hotel reevaluating
2024-10-14 17:45:13.458746 Romeo: Yes
2024-10-14 17:45:13.459031 Sierra: Yes
2024-10-14 17:45:13.459303 Zulu: Yes
2024-10-14 17:45:13.459506 Hotel: No
ChatterBot Sierra reevaluating
ChatterBot Zulu reevaluating
ChatterBot Hotel reevaluating
ChatterBot Romeo reevaluating
ChatterBot Zulu reevaluating
ChatterBot Hotel reevaluating
ChatterBot Romeo reevaluating
ChatterBot Sierra reevaluating
ChatterBot Hotel reevaluating
ChatterBot Romeo reevaluating
ChatterBot Sierra reevaluating
ChatterBot Zulu reevaluating
2024-10-14 17:45:13.537530 Romeo: We should add Lima
ChatterBot Zulu reevaluating
ChatterBot Hotel reevaluating
ChatterBot Sierra reevaluating
2024-10-14 17:45:13.556533 Zulu: Yes
2024-10-14 17:45:13.556665 Hotel: Yes
2024-10-14 17:45:13.556768 Sierra: Yes
ChatterBot Hotel reevaluating
ChatterBot Sierra reevaluating
ChatterBot Romeo reevaluating
ChatterBot Zulu reevaluating
ChatterBot Sierra reevaluating
ChatterBot Romeo reevaluating
ChatterBot Zulu reevaluating
ChatterBot Hotel reevaluating
ChatterBot Romeo reevaluating
2024-10-14 17:45:13.618747 Uniform: We should replace Hotel with Lima
ChatterBot X-ray reevaluating
ChatterBot Papa reevaluating
ChatterBot India reevaluating
ChatterBot Whiskey reevaluating
2024-10-14 17:45:13.648979 X-ray: No
2024-10-14 17:45:13.649126 Papa: No
2024-10-14 17:45:13.649242 India: No
2024-10-14 17:45:13.649770 Whiskey: No
ChatterBot Papa reevaluating
ChatterBot India reevaluating
ChatterBot Whiskey reevaluating
ChatterBot X-ray reevaluating
ChatterBot India reevaluating
ChatterBot Whiskey reevaluating
ChatterBot X-ray reevaluating
ChatterBot Papa reevaluating
ChatterBot Whiskey reevaluating
ChatterBot X-ray reevaluating
ChatterBot Papa reevaluating
ChatterBot India reevaluating
ChatterBot Hotel round 2
ChatterBot Whiskey round 2
2024-10-14 17:45:13.788466 Uniform: Lima we want you to join our group
2024-10-14 17:45:13.793076 Lima: No
ChatterBot X-ray reevaluating
ChatterBot Papa reevaluating
ChatterBot India reevaluating
ChatterBot Whiskey reevaluating
2024-10-14 17:45:13.822333 Hotel: We should add Lima
ChatterBot Zulu reevaluating
ChatterBot Romeo reevaluating
2024-10-14 17:45:13.836259 Zulu: Yes
2024-10-14 17:45:13.836390 Sierra: Yes
2024-10-14 17:45:13.836516 Romeo: Yes
ChatterBot Romeo reevaluating
ChatterBot Zulu reevaluating
ChatterBot Romeo reevaluating
ChatterBot Zulu reevaluating
2024-10-14 17:45:13.883676 Sierra: Lima we want you to join our group
2024-10-14 17:45:13.887970 Lima: Yes
ChatterBot Romeo reevaluating
ChatterBot Zulu reevaluating
2024-10-14 17:45:13.907527 Papa: We should drop Hotel
ChatterBot X-ray reevaluating
ChatterBot Whiskey reevaluating
2024-10-14 17:45:13.924890 Uniform: Yes
2024-10-14 17:45:13.925104 X-ray: Yes
2024-10-14 17:45:13.925609 India: Yes
2024-10-14 17:45:13.925797 Whiskey: Yes
ChatterBot X-ray reevaluating
ChatterBot India reevaluating
ChatterBot Whiskey reevaluating
ChatterBot India reevaluating
ChatterBot Whiskey reevaluating
ChatterBot X-ray reevaluating
ChatterBot Whiskey reevaluating
ChatterBot X-ray reevaluating
ChatterBot India reevaluating
2024-10-14 17:45:14.002196 Hotel: Lima we want you to join our group
2024-10-14 17:45:14.007261 Lima: Yes
ChatterBot Romeo reevaluating
ChatterBot Zulu reevaluating
2024-10-14 17:45:14.025691 Lima: Romeo, Sierra and Zulu, sending you 3
2024-10-14 17:45:14.026688 Whiskey: We should replace Hotel with Lima
ChatterBot X-ray reevaluating
ChatterBot India reevaluating
2024-10-14 17:45:14.043149 Uniform: Yes
2024-10-14 17:45:14.043273 X-ray: Yes
2024-10-14 17:45:14.043382 Papa: No
2024-10-14 17:45:14.043892 India: No
ChatterBot X-ray reevaluating
ChatterBot India reevaluating
ChatterBot Whiskey reevaluating
ChatterBot India reevaluating
ChatterBot Whiskey reevaluating
ChatterBot X-ray reevaluating
ChatterBot India reevaluating
ChatterBot Whiskey reevaluating
ChatterBot X-ray reevaluating
ChatterBot Whiskey reevaluating
2024-10-14 17:45:14.118583 Lima: Hotel, sending you 1
chatterbot Uniform submitting transactions
2024-10-14 17:45:14.540019 Sierra: Romeo, sending you 5
2024-10-14 17:45:14.541296 Uniform: X-ray, Lima, India and Whiskey, sending you 2
2024-10-14 17:45:14.542868 India: We should drop Papa and Hotel
ChatterBot Whiskey reevaluating
2024-10-14 17:45:14.554872 X-ray: No
2024-10-14 17:45:14.555549 Uniform: No
2024-10-14 17:45:14.555706 Whiskey: No
ChatterBot Whiskey reevaluating
ChatterBot India reevaluating
ChatterBot Whiskey reevaluating
ChatterBot India reevaluating
ChatterBot X-ray reevaluating
2024-10-14 17:45:14.598557 Romeo: Lima we want you to join our group
2024-10-14 17:45:14.603362 Lima: Yes
ChatterBot Zulu reevaluating
chatterbot Papa submitting transactions
2024-10-14 17:45:14.620704 Sierra: Lima, sending you 3
2024-10-14 17:45:14.621137 Uniform: Papa, sending you 1
2024-10-14 17:45:14.869746 Papa: X-ray and India, sending you 3
2024-10-14 17:45:14.870516 Hotel: Romeo and Sierra, sending you 3
2024-10-14 17:45:14.870975 Sierra: Zulu and Hotel, sending you 4
2024-10-14 17:45:14.871754 Zulu: Lima we want you to join our group
2024-10-14 17:45:14.879160 Lima: Yes
ChatterBot Zulu reevaluating
chatterbot Sierra submitting transactions
chatterbot Lima submitting transactions
chatterbot Romeo submitting transactions
2024-10-14 17:45:14.907014 Papa: Uniform, sending you 2
2024-10-14 17:45:14.907880 Hotel: Lima, sending you 2
2024-10-14 17:45:15.000204 Romeo: Lima, sending you 3
2024-10-14 17:45:15.000598 Papa: Whiskey, sending you 1
2024-10-14 17:45:15.000957 Hotel: Zulu, sending you 4
2024-10-14 17:45:15.098072 India: X-ray, sending you 3
2024-10-14 17:45:15.098637 Romeo: Sierra, sending you 4
2024-10-14 17:45:15.099926 X-ray: Papa, sending you 2
chatterbot Hotel submitting transactions
2024-10-14 17:45:15.129585 Romeo: Zulu, sending you 7
2024-10-14 17:45:15.130004 India: Papa, sending you 2
2024-10-14 17:45:15.130421 X-ray: Uniform and India, sending you 4
2024-10-14 17:45:15.176433 India: Uniform, sending you 4
2024-10-14 17:45:15.179756 Romeo: Hotel, sending you 6
2024-10-14 17:45:15.181753 X-ray: Whiskey, sending you 6
2024-10-14 17:45:15.182497 Zulu: Romeo, Sierra and Hotel, sending you 4
2024-10-14 17:45:15.188028 India: Whiskey, sending you 10
2024-10-14 17:45:15.188757 Zulu: Lima, sending you 2
chatterbot Whiskey submitting transactions
chatterbot Zulu submitting transactions
chatterbot India submitting transactions
chatterbot X-ray submitting transactions
ChatterBot Romeo round 3
ChatterBot X-ray round 3
ChatterBot Lima round 3
ChatterBot Papa round 3
ChatterBot Sierra round 3
ChatterBot Zulu round 3
ChatterBot Uniform round 3
ChatterBot India round 3
ChatterBot Hotel round 3
ChatterBot Whiskey round 3
2024-10-14 17:45:15.922448 Whiskey: We should drop Hotel
ChatterBot X-ray reevaluating
2024-10-14 17:45:15.932767 Uniform: Yes
2024-10-14 17:45:15.932913 X-ray: Yes
2024-10-14 17:45:15.933385 Papa: Yes
2024-10-14 17:45:15.933498 India: Yes
ChatterBot X-ray reevaluating
ChatterBot X-ray reevaluating
ChatterBot X-ray reevaluating
2024-10-14 17:45:15.978328 Lima: Romeo and Sierra, sending you 3
2024-10-14 17:45:15.979227 Sierra: Romeo, sending you 5
2024-10-14 17:45:15.979627 Romeo: Lima, sending you 4
2024-10-14 17:45:15.979996 Papa: X-ray, Uniform and India, sending you 2
2024-10-14 17:45:15.980744 Uniform: X-ray, Lima, India and Whiskey, sending you 2
2024-10-14 17:45:15.981041 Zulu: Romeo, Sierra and Hotel, sending you 4
2024-10-14 17:45:15.981345 India: X-ray, sending you 5
2024-10-14 17:45:15.982202 Lima: Zulu and Hotel, sending you 2
2024-10-14 17:45:15.982513 Sierra: Lima, sending you 3
2024-10-14 17:45:15.985588 Papa: Whiskey, sending you 3
2024-10-14 17:45:15.986063 Romeo: Sierra and Hotel, sending you 5
2024-10-14 17:45:15.986914 Uniform: Papa, sending you 1
2024-10-14 17:45:15.987527 Zulu: Lima, sending you 2
2024-10-14 17:45:15.988498 India: Papa, sending you 3
2024-10-14 17:45:15.988924 Sierra: Zulu and Hotel, sending you 4
2024-10-14 17:45:15.996721 Romeo: Zulu, sending you 6
2024-10-14 17:45:15.997711 India: Uniform, sending you 4
2024-10-14 17:45:15.998190 Whiskey: X-ray, sending you 5
2024-10-14 17:45:16.020160 Hotel: Romeo, sending you 4
2024-10-14 17:45:16.021089 India: Whiskey, sending you 7
2024-10-14 17:45:16.021606 Whiskey: Papa, sending you 4
2024-10-14 17:45:16.065782 X-ray: Papa, sending you 3
2024-10-14 17:45:16.066786 Hotel: Lima, sending you 2
2024-10-14 17:45:16.067263 Whiskey: Uniform, sending you 2
2024-10-14 17:45:16.107711 Hotel: Sierra and Zulu, sending you 3
2024-10-14 17:45:16.108120 X-ray: Uniform and India, sending you 4
2024-10-14 17:45:16.108849 Whiskey: India, sending you 8
2024-10-14 17:45:16.224301 X-ray: Whiskey, sending you 5
chatterbot Papa submitting transactions
chatterbot Uniform submitting transactions
chatterbot X-ray submitting transactions
chatterbot Lima submitting transactions
chatterbot Zulu submitting transactions
chatterbot India submitting transactions
chatterbot Whiskey submitting transactions
chatterbot Sierra submitting transactions
chatterbot Hotel submitting transactions
chatterbot Romeo submitting transactions
ChatterBot Romeo round 4
ChatterBot X-ray round 4
ChatterBot Lima round 4
ChatterBot Papa round 4
ChatterBot Sierra round 4
ChatterBot Zulu round 4
ChatterBot Uniform round 4
ChatterBot India round 4
ChatterBot Hotel round 4
ChatterBot Whiskey round 4
2024-10-14 17:45:17.242602 Uniform: We should drop Lima
2024-10-14 17:45:17.255837 X-ray: Yes
2024-10-14 17:45:17.256049 Papa: Yes
2024-10-14 17:45:17.256206 India: Yes
2024-10-14 17:45:17.256812 Whiskey: Yes
ChatterBot Uniform reevaluating
ChatterBot Uniform reevaluating
ChatterBot Uniform reevaluating
2024-10-14 17:45:17.308221 Romeo: Lima, sending you 4
2024-10-14 17:45:17.310679 X-ray: Papa, sending you 3
2024-10-14 17:45:17.312189 Romeo: Sierra and Hotel, sending you 5
2024-10-14 17:45:17.312676 Papa: X-ray, Uniform and India, sending you 2
2024-10-14 17:45:17.313105 Zulu: Romeo, Sierra and Hotel, sending you 4
2024-10-14 17:45:17.313877 Lima: Romeo and Sierra, sending you 3
2024-10-14 17:45:17.314309 Sierra: Romeo, sending you 5
2024-10-14 17:45:17.314648 X-ray: Uniform and India, sending you 4
2024-10-14 17:45:17.315684 Romeo: Zulu, sending you 6
2024-10-14 17:45:17.316699 Papa: Whiskey, sending you 3
2024-10-14 17:45:17.317733 Zulu: Lima, sending you 2
2024-10-14 17:45:17.318319 Lima: Zulu and Hotel, sending you 2
2024-10-14 17:45:17.319291 Sierra: Lima, sending you 3
2024-10-14 17:45:17.319814 X-ray: Whiskey, sending you 5
2024-10-14 17:45:17.320226 Whiskey: X-ray, sending you 5
2024-10-14 17:45:17.322724 Sierra: Zulu and Hotel, sending you 4
2024-10-14 17:45:17.326217 Whiskey: Papa, sending you 4
2024-10-14 17:45:17.326892 Hotel: Romeo, sending you 4
2024-10-14 17:45:17.329675 Whiskey: Uniform, sending you 2
2024-10-14 17:45:17.330356 India: X-ray, sending you 5
2024-10-14 17:45:17.331540 Hotel: Lima, sending you 2
2024-10-14 17:45:17.335419 India: Papa, sending you 3
2024-10-14 17:45:17.335971 Whiskey: India, sending you 8
2024-10-14 17:45:17.337060 Hotel: Sierra and Zulu, sending you 3
2024-10-14 17:45:17.339109 India: Uniform, sending you 4
2024-10-14 17:45:17.342394 India: Whiskey, sending you 7
chatterbot India submitting transactions
chatterbot Lima submitting transactions
chatterbot Romeo submitting transactions
chatterbot Papa submitting transactions
chatterbot Hotel submitting transactions
chatterbot Sierra submitting transactions
chatterbot Zulu submitting transactions
chatterbot Whiskey submitting transactions
chatterbot X-ray submitting transactions
chatterbot Uniform submitting transactions
ChatterBot Romeo round 5
ChatterBot X-ray round 5
ChatterBot Lima round 5
ChatterBot Papa round 5
ChatterBot Sierra round 5
ChatterBot Zulu round 5
ChatterBot Uniform round 5
ChatterBot India round 5
ChatterBot Hotel round 5
ChatterBot Whiskey round 5
2024-10-14 17:45:18.494250 Uniform: We should drop Lima
2024-10-14 17:45:18.502634 X-ray: Yes
2024-10-14 17:45:18.502809 Papa: Yes
2024-10-14 17:45:18.502939 India: Yes
2024-10-14 17:45:18.503441 Whiskey: Yes
ChatterBot Uniform reevaluating
ChatterBot Uniform reevaluating
ChatterBot Uniform reevaluating
ChatterBot Uniform reevaluating
2024-10-14 17:45:18.539846 Sierra: Romeo, sending you 5
2024-10-14 17:45:18.540686 X-ray: Papa, sending you 3
2024-10-14 17:45:18.543673 Sierra: Lima, sending you 3
2024-10-14 17:45:18.544662 X-ray: Uniform and India, sending you 4
2024-10-14 17:45:18.546958 Zulu: Romeo and Sierra, sending you 4
2024-10-14 17:45:18.547654 Hotel: Romeo, sending you 4
2024-10-14 17:45:18.548017 Sierra: Zulu and Hotel, sending you 4
2024-10-14 17:45:18.549876 X-ray: Whiskey, sending you 5
2024-10-14 17:45:18.550672 Zulu: Lima and Hotel, sending you 3
2024-10-14 17:45:18.552676 Hotel: Lima, sending you 2
2024-10-14 17:45:18.555693 Lima: Romeo and Sierra, sending you 3
2024-10-14 17:45:18.557100 Hotel: Sierra and Zulu, sending you 3
2024-10-14 17:45:18.557544 Romeo: Lima, sending you 4
2024-10-14 17:45:18.557930 Papa: X-ray, Uniform and India, sending you 2
2024-10-14 17:45:18.558384 India: X-ray, sending you 5
2024-10-14 17:45:18.558752 Whiskey: X-ray, sending you 5
2024-10-14 17:45:18.559669 Lima: Zulu and Hotel, sending you 2
2024-10-14 17:45:18.561656 Romeo: Sierra, sending you 6
2024-10-14 17:45:18.562042 Whiskey: Papa, sending you 4
2024-10-14 17:45:18.562679 Papa: Whiskey, sending you 3
2024-10-14 17:45:18.564063 India: Papa, sending you 3
2024-10-14 17:45:18.566660 Romeo: Zulu and Hotel, sending you 5
2024-10-14 17:45:18.567024 Whiskey: Uniform, sending you 2
2024-10-14 17:45:18.568661 India: Uniform, sending you 4
2024-10-14 17:45:18.569694 Whiskey: India, sending you 8
2024-10-14 17:45:18.573668 India: Whiskey, sending you 7
2024-10-14 17:45:18.576668 Uniform: X-ray, sending you 3
2024-10-14 17:45:18.581678 Uniform: Papa, India and Whiskey, sending you 2
chatterbot India submitting transactions
chatterbot Hotel submitting transactions
chatterbot Uniform submitting transactions
chatterbot Papa submitting transactions
chatterbot Zulu submitting transactions
chatterbot Sierra submitting transactions
chatterbot Lima submitting transactions
chatterbot Romeo submitting transactions
chatterbot Whiskey submitting transactions
chatterbot X-ray submitting transactions
ChatterBot Romeo round 6
ChatterBot X-ray round 6
ChatterBot Lima round 6
ChatterBot Papa round 6
ChatterBot Sierra round 6
ChatterBot Zulu round 6
ChatterBot Uniform round 6
ChatterBot India round 6
ChatterBot Hotel round 6
ChatterBot Whiskey round 6
2024-10-14 17:45:19.490690 Papa: X-ray, Uniform and India, sending you 2
2024-10-14 17:45:19.496690 Papa: Whiskey, sending you 3
2024-10-14 17:45:19.497674 Uniform: X-ray, sending you 3
2024-10-14 17:45:19.498458 Romeo: Lima, sending you 4
2024-10-14 17:45:19.499673 Hotel: Romeo, sending you 4
2024-10-14 17:45:19.500690 Uniform: Papa, India and Whiskey, sending you 2
2024-10-14 17:45:19.501693 X-ray: Papa, sending you 3
2024-10-14 17:45:19.502938 Hotel: Lima, sending you 2
2024-10-14 17:45:19.503707 Romeo: Sierra, sending you 6
2024-10-14 17:45:19.505672 Sierra: Romeo, sending you 5
2024-10-14 17:45:19.506625 Lima: Romeo and Sierra, sending you 3
2024-10-14 17:45:19.507446 X-ray: Uniform and India, sending you 4
2024-10-14 17:45:19.508807 Zulu: Romeo and Sierra, sending you 4
2024-10-14 17:45:19.509353 Hotel: Sierra and Zulu, sending you 3
2024-10-14 17:45:19.509888 Romeo: Zulu and Hotel, sending you 5
2024-10-14 17:45:19.510698 Sierra: Lima, sending you 3
2024-10-14 17:45:19.512677 Lima: Zulu and Hotel, sending you 2
2024-10-14 17:45:19.513745 Whiskey: X-ray, sending you 5
2024-10-14 17:45:19.515049 India: X-ray, sending you 5
2024-10-14 17:45:19.516115 X-ray: Whiskey, sending you 5
2024-10-14 17:45:19.516996 Zulu: Lima and Hotel, sending you 3
2024-10-14 17:45:19.518791 Sierra: Zulu and Hotel, sending you 4
2024-10-14 17:45:19.519430 Whiskey: Papa, sending you 4
2024-10-14 17:45:19.520323 India: Papa, sending you 3
2024-10-14 17:45:19.523698 Whiskey: Uniform, sending you 2
2024-10-14 17:45:19.525478 India: Uniform, sending you 4
2024-10-14 17:45:19.528687 Whiskey: India, sending you 8
2024-10-14 17:45:19.529324 India: Whiskey, sending you 7
chatterbot Uniform submitting transactions
chatterbot Lima submitting transactions
chatterbot Papa submitting transactions
chatterbot Whiskey submitting transactions
chatterbot X-ray submitting transactions
chatterbot Zulu submitting transactions
chatterbot Hotel submitting transactions
chatterbot Sierra submitting transactions
chatterbot Romeo submitting transactions
chatterbot India submitting transactions
ChatterBot Romeo round 7
ChatterBot X-ray round 7
ChatterBot Lima round 7
ChatterBot Papa round 7
ChatterBot Sierra round 7
ChatterBot Zulu round 7
ChatterBot Uniform round 7
ChatterBot India round 7
ChatterBot Hotel round 7
ChatterBot Whiskey round 7
2024-10-14 17:45:20.722672 X-ray: Papa, sending you 3
2024-10-14 17:45:20.724060 Papa: X-ray, Uniform and India, sending you 2
2024-10-14 17:45:20.724950 Zulu: Romeo and Sierra, sending you 4
2024-10-14 17:45:20.727838 Papa: Whiskey, sending you 3
2024-10-14 17:45:20.728670 X-ray: Uniform and India, sending you 4
2024-10-14 17:45:20.730684 Zulu: Lima and Hotel, sending you 3
2024-10-14 17:45:20.732039 Romeo: Lima, sending you 4
2024-10-14 17:45:20.732962 Sierra: Romeo, sending you 5
2024-10-14 17:45:20.733658 X-ray: Whiskey, sending you 5
2024-10-14 17:45:20.736672 Sierra: Lima, sending you 3
2024-10-14 17:45:20.738164 Romeo: Sierra, sending you 6
2024-10-14 17:45:20.738890 India: X-ray, sending you 5
2024-10-14 17:45:20.739890 Hotel: Romeo, sending you 4
2024-10-14 17:45:20.740490 Sierra: Zulu and Hotel, sending you 4
2024-10-14 17:45:20.741140 Lima: Romeo and Sierra, sending you 3
2024-10-14 17:45:20.742169 Uniform: X-ray, sending you 3
2024-10-14 17:45:20.742737 Whiskey: X-ray, sending you 5
2024-10-14 17:45:20.743727 Romeo: Zulu and Hotel, sending you 5
2024-10-14 17:45:20.744466 India: Papa, sending you 3
2024-10-14 17:45:20.745235 Hotel: Lima, sending you 2
2024-10-14 17:45:20.746376 Lima: Zulu and Hotel, sending you 2
2024-10-14 17:45:20.747094 Uniform: Papa, India and Whiskey, sending you 2
2024-10-14 17:45:20.747964 Whiskey: Papa, sending you 4
2024-10-14 17:45:20.748499 India: Uniform, sending you 4
2024-10-14 17:45:20.749233 Hotel: Sierra and Zulu, sending you 3
2024-10-14 17:45:20.751670 Whiskey: Uniform, sending you 2
2024-10-14 17:45:20.753757 India: Whiskey, sending you 7
2024-10-14 17:45:20.756711 Whiskey: India, sending you 8
chatterbot X-ray submitting transactions
chatterbot Lima submitting transactions
chatterbot Whiskey submitting transactions
chatterbot Zulu submitting transactions
chatterbot India submitting transactions
chatterbot Hotel submitting transactions
chatterbot Romeo submitting transactions
chatterbot Papa submitting transactions
chatterbot Uniform submitting transactions
chatterbot Sierra submitting transactions
ChatterBot Romeo round 8
ChatterBot X-ray round 8
ChatterBot Lima round 8
ChatterBot Papa round 8
ChatterBot Sierra round 8
ChatterBot Zulu round 8
ChatterBot Uniform round 8
ChatterBot India round 8
ChatterBot Hotel round 8
ChatterBot Whiskey round 8
2024-10-14 17:45:21.961696 Romeo: Lima, sending you 4
2024-10-14 17:45:21.965666 Romeo: Sierra, sending you 6
2024-10-14 17:45:21.967694 Papa: X-ray, Uniform and India, sending you 2
2024-10-14 17:45:21.970701 Romeo: Zulu and Hotel, sending you 5
2024-10-14 17:45:21.971669 Uniform: X-ray, sending you 3
2024-10-14 17:45:21.972225 Papa: Whiskey, sending you 3
2024-10-14 17:45:21.972751 Lima: Romeo and Sierra, sending you 3
2024-10-14 17:45:21.973173 X-ray: Papa, sending you 3
2024-10-14 17:45:21.974669 Sierra: Romeo, sending you 5
2024-10-14 17:45:21.975144 Hotel: Romeo, sending you 4
2024-10-14 17:45:21.975673 Zulu: Romeo and Sierra, sending you 4
2024-10-14 17:45:21.976153 Uniform: Papa, India and Whiskey, sending you 2
2024-10-14 17:45:21.976673 Lima: Zulu and Hotel, sending you 2
2024-10-14 17:45:21.977670 X-ray: Uniform and India, sending you 4
2024-10-14 17:45:21.978567 Sierra: Lima, sending you 3
2024-10-14 17:45:21.978999 Hotel: Lima, sending you 2
2024-10-14 17:45:21.979405 Whiskey: X-ray, sending you 5
2024-10-14 17:45:21.979882 Zulu: Lima and Hotel, sending you 3
2024-10-14 17:45:21.980686 X-ray: Whiskey, sending you 5
2024-10-14 17:45:21.983130 Hotel: Sierra and Zulu, sending you 3
2024-10-14 17:45:21.983844 Sierra: Zulu and Hotel, sending you 4
2024-10-14 17:45:21.984498 India: X-ray, sending you 5
2024-10-14 17:45:21.985242 Whiskey: Papa, sending you 4
2024-10-14 17:45:21.988671 India: Papa, sending you 3
2024-10-14 17:45:21.989209 Whiskey: Uniform, sending you 2
2024-10-14 17:45:21.992696 India: Uniform, sending you 4
2024-10-14 17:45:21.993739 Whiskey: India, sending you 8
2024-10-14 17:45:21.995662 India: Whiskey, sending you 7
chatterbot Zulu submitting transactions
chatterbot Romeo submitting transactions
chatterbot Papa submitting transactions
chatterbot Lima submitting transactions
chatterbot Whiskey submitting transactions
chatterbot India submitting transactions
chatterbot Uniform submitting transactions
chatterbot Hotel submitting transactions
chatterbot Sierra submitting transactions
chatterbot X-ray submitting transactions
ChatterBot Romeo round 9
ChatterBot X-ray round 9
ChatterBot Lima round 9
ChatterBot Papa round 9
ChatterBot Sierra round 9
ChatterBot Zulu round 9
ChatterBot Uniform round 9
ChatterBot India round 9
ChatterBot Hotel round 9
ChatterBot Whiskey round 9
2024-10-14 17:45:23.202702 Romeo: Lima, sending you 4
2024-10-14 17:45:23.207380 X-ray: Papa, sending you 3
2024-10-14 17:45:23.208148 Romeo: Sierra, sending you 6
2024-10-14 17:45:23.208658 Lima: Romeo and Sierra, sending you 3
2024-10-14 17:45:23.209650 Uniform: X-ray, sending you 3
2024-10-14 17:45:23.210181 Papa: X-ray, Uniform and India, sending you 2
2024-10-14 17:45:23.210748 Zulu: Romeo and Sierra, sending you 4
2024-10-14 17:45:23.211719 X-ray: Uniform and India, sending you 4
2024-10-14 17:45:23.213184 Lima: Zulu and Hotel, sending you 2
2024-10-14 17:45:23.214027 Romeo: Zulu and Hotel, sending you 5
2024-10-14 17:45:23.214780 Uniform: Papa, India and Whiskey, sending you 2
2024-10-14 17:45:23.215645 Papa: Whiskey, sending you 3
2024-10-14 17:45:23.216718 Zulu: Lima and Hotel, sending you 3
2024-10-14 17:45:23.217386 X-ray: Whiskey, sending you 5
2024-10-14 17:45:23.220660 Sierra: Romeo, sending you 5
2024-10-14 17:45:23.221308 Hotel: Romeo, sending you 4
2024-10-14 17:45:23.221924 Whiskey: X-ray, sending you 5
2024-10-14 17:45:23.222653 India: X-ray, sending you 5
2024-10-14 17:45:23.224667 Sierra: Lima, sending you 3
2024-10-14 17:45:23.225679 Hotel: Lima, sending you 2
2024-10-14 17:45:23.226198 Whiskey: Papa, sending you 4
2024-10-14 17:45:23.226799 India: Papa, sending you 3
2024-10-14 17:45:23.229687 Sierra: Zulu and Hotel, sending you 4
2024-10-14 17:45:23.230856 Hotel: Sierra and Zulu, sending you 3
2024-10-14 17:45:23.231708 Whiskey: Uniform, sending you 2
2024-10-14 17:45:23.232712 India: Uniform, sending you 4
2024-10-14 17:45:23.236753 Whiskey: India, sending you 8
2024-10-14 17:45:23.238139 India: Whiskey, sending you 7
chatterbot Zulu submitting transactions
chatterbot India submitting transactions
chatterbot Sierra submitting transactions
chatterbot X-ray submitting transactions
chatterbot Romeo submitting transactions
chatterbot Whiskey submitting transactions
chatterbot Lima submitting transactions
chatterbot Hotel submitting transactions
chatterbot Uniform submitting transactions
chatterbot Papa submitting transactions
ChatterBot Romeo round 10
ChatterBot X-ray round 10
ChatterBot Lima round 10
ChatterBot Papa round 10
ChatterBot Sierra round 10
ChatterBot Zulu round 10
ChatterBot Uniform round 10
ChatterBot India round 10
ChatterBot Hotel round 10
ChatterBot Whiskey round 10
2024-10-14 17:45:24.452689 X-ray: Papa, sending you 3
2024-10-14 17:45:24.458709 X-ray: Uniform and India, sending you 4
2024-10-14 17:45:24.459678 Papa: X-ray, Uniform and India, sending you 2
2024-10-14 17:45:24.460569 Uniform: X-ray, sending you 3
2024-10-14 17:45:24.463669 Sierra: Romeo, sending you 5
2024-10-14 17:45:24.464666 X-ray: Whiskey, sending you 5
2024-10-14 17:45:24.465740 Papa: Whiskey, sending you 3
2024-10-14 17:45:24.466229 Uniform: Papa, India and Whiskey, sending you 2
2024-10-14 17:45:24.466721 Romeo: Lima, sending you 4
2024-10-14 17:45:24.467260 Zulu: Romeo and Sierra, sending you 4
2024-10-14 17:45:24.468144 Lima: Romeo and Sierra, sending you 3
2024-10-14 17:45:24.468791 Sierra: Lima, sending you 3
2024-10-14 17:45:24.470671 Romeo: Sierra, sending you 6
2024-10-14 17:45:24.471889 Lima: Zulu and Hotel, sending you 2
2024-10-14 17:45:24.472630 Sierra: Zulu and Hotel, sending you 4
2024-10-14 17:45:24.473370 Zulu: Lima and Hotel, sending you 3
2024-10-14 17:45:24.474245 India: X-ray, sending you 5
2024-10-14 17:45:24.475432 Hotel: Romeo, sending you 4
2024-10-14 17:45:24.476670 Romeo: Zulu and Hotel, sending you 5
2024-10-14 17:45:24.477305 Whiskey: X-ray, sending you 5
2024-10-14 17:45:24.479662 India: Papa, sending you 3
2024-10-14 17:45:24.481543 Hotel: Lima, sending you 2
2024-10-14 17:45:24.482650 Whiskey: Papa, sending you 4
2024-10-14 17:45:24.483668 India: Uniform, sending you 4
2024-10-14 17:45:24.486663 Hotel: Sierra and Zulu, sending you 3
2024-10-14 17:45:24.487855 Whiskey: Uniform, sending you 2
2024-10-14 17:45:24.489735 India: Whiskey, sending you 7
2024-10-14 17:45:24.490677 Whiskey: India, sending you 8
chatterbot Papa submitting transactions
chatterbot Lima submitting transactions
chatterbot Uniform submitting transactions
chatterbot India submitting transactions
chatterbot Hotel submitting transactions
chatterbot Whiskey submitting transactions
chatterbot Sierra submitting transactions
chatterbot Zulu submitting transactions
chatterbot X-ray submitting transactions
chatterbot Romeo submitting transactions
ChatterBot Romeo round 11
ChatterBot X-ray round 11
ChatterBot Lima round 11
ChatterBot Papa round 11
ChatterBot Sierra round 11
ChatterBot Zulu round 11
ChatterBot Uniform round 11
ChatterBot India round 11
ChatterBot Hotel round 11
ChatterBot Whiskey round 11
2024-10-14 17:45:25.622815 Romeo: Lima, sending you 4
2024-10-14 17:45:25.623468 Lima: Romeo and Sierra, sending you 3
2024-10-14 17:45:25.627654 Romeo: Sierra, sending you 6
2024-10-14 17:45:25.628663 Lima: Zulu and Hotel, sending you 2
2024-10-14 17:45:25.630703 Uniform: X-ray, sending you 3
2024-10-14 17:45:25.632650 Sierra: Romeo, sending you 5
2024-10-14 17:45:25.633172 Romeo: Zulu and Hotel, sending you 5
2024-10-14 17:45:25.635976 X-ray: Papa, sending you 3
2024-10-14 17:45:25.636735 Zulu: Romeo and Sierra, sending you 4
2024-10-14 17:45:25.637353 Uniform: Papa, India and Whiskey, sending you 2
2024-10-14 17:45:25.638062 Papa: X-ray, Uniform and India, sending you 2
2024-10-14 17:45:25.638634 Sierra: Lima, sending you 3
2024-10-14 17:45:25.639144 Hotel: Romeo, sending you 4
2024-10-14 17:45:25.639706 Zulu: Lima and Hotel, sending you 3
2024-10-14 17:45:25.640930 X-ray: Uniform and India, sending you 4
2024-10-14 17:45:25.643647 Papa: Whiskey, sending you 3
2024-10-14 17:45:25.644305 Sierra: Zulu and Hotel, sending you 4
2024-10-14 17:45:25.645127 Hotel: Lima, sending you 2
2024-10-14 17:45:25.645513 Whiskey: X-ray, sending you 5
2024-10-14 17:45:25.645978 India: X-ray, sending you 5
2024-10-14 17:45:25.646431 X-ray: Whiskey, sending you 5
2024-10-14 17:45:25.647662 Hotel: Sierra and Zulu, sending you 3
2024-10-14 17:45:25.649990 Whiskey: Papa, sending you 4
2024-10-14 17:45:25.650655 India: Papa, sending you 3
2024-10-14 17:45:25.652686 Whiskey: Uniform, sending you 2
2024-10-14 17:45:25.655661 India: Uniform, sending you 4
2024-10-14 17:45:25.657665 Whiskey: India, sending you 8
2024-10-14 17:45:25.658679 India: Whiskey, sending you 7
chatterbot Papa submitting transactions
chatterbot India submitting transactions
chatterbot Romeo submitting transactions
chatterbot Whiskey submitting transactions
chatterbot Hotel submitting transactions
chatterbot Sierra submitting transactions
chatterbot Uniform submitting transactions
chatterbot Lima submitting transactions
chatterbot X-ray submitting transactions
chatterbot Zulu submitting transactions
ChatterBot Romeo round 12
ChatterBot X-ray round 12
ChatterBot Lima round 12
ChatterBot Papa round 12
ChatterBot Sierra round 12
ChatterBot Zulu round 12
ChatterBot Uniform round 12
ChatterBot India round 12
ChatterBot Hotel round 12
ChatterBot Whiskey round 12
2024-10-14 17:45:26.707671 Papa: X-ray, Uniform and India, sending you 2
2024-10-14 17:45:26.709300 X-ray: Papa, sending you 3
2024-10-14 17:45:26.710681 Lima: Romeo and Sierra, sending you 3
2024-10-14 17:45:26.711296 Papa: Whiskey, sending you 3
2024-10-14 17:45:26.713677 Romeo: Lima, sending you 4
2024-10-14 17:45:26.714848 X-ray: Uniform and India, sending you 4
2024-10-14 17:45:26.715678 Uniform: X-ray, sending you 3
2024-10-14 17:45:26.716360 India: X-ray, sending you 5
2024-10-14 17:45:26.716920 Lima: Zulu and Hotel, sending you 2
2024-10-14 17:45:26.717451 Romeo: Sierra, sending you 6
2024-10-14 17:45:26.718673 Whiskey: X-ray, sending you 5
2024-10-14 17:45:26.719325 Sierra: Romeo, sending you 5
2024-10-14 17:45:26.720193 X-ray: Whiskey, sending you 5
2024-10-14 17:45:26.720827 Uniform: Papa, India and Whiskey, sending you 2
2024-10-14 17:45:26.721490 India: Papa, sending you 3
2024-10-14 17:45:26.722086 Romeo: Zulu and Hotel, sending you 5
2024-10-14 17:45:26.722586 Zulu: Romeo and Sierra, sending you 4
2024-10-14 17:45:26.723122 Whiskey: Papa, sending you 4
2024-10-14 17:45:26.723704 Sierra: Lima, sending you 3
2024-10-14 17:45:26.725671 Zulu: Lima and Hotel, sending you 3
2024-10-14 17:45:26.726656 India: Uniform, sending you 4
2024-10-14 17:45:26.727673 Whiskey: Uniform, sending you 2
2024-10-14 17:45:26.728656 Sierra: Zulu and Hotel, sending you 4
2024-10-14 17:45:26.730650 India: Whiskey, sending you 7
2024-10-14 17:45:26.731826 Hotel: Romeo, sending you 4
2024-10-14 17:45:26.732408 Whiskey: India, sending you 8
2024-10-14 17:45:26.736652 Hotel: Lima, sending you 2
2024-10-14 17:45:26.740653 Hotel: Sierra and Zulu, sending you 3
chatterbot Lima submitting transactions
chatterbot Papa submitting transactions
chatterbot Sierra submitting transactions
chatterbot India submitting transactions
chatterbot Romeo submitting transactions
chatterbot X-ray submitting transactions
chatterbot Zulu submitting transactions
chatterbot Whiskey submitting transactions
chatterbot Uniform submitting transactions
chatterbot Hotel submitting transactions
ChatterBot Romeo round 13
ChatterBot X-ray round 13
ChatterBot Lima round 13
ChatterBot Papa round 13
ChatterBot Sierra round 13
ChatterBot Zulu round 13
ChatterBot Uniform round 13
ChatterBot India round 13
ChatterBot Hotel round 13
ChatterBot Whiskey round 13
2024-10-14 17:45:28.000671 Sierra: Romeo, sending you 5
2024-10-14 17:45:28.001672 Romeo: Lima, sending you 4
2024-10-14 17:45:28.003671 Papa: X-ray, Uniform and India, sending you 2
2024-10-14 17:45:28.004746 Sierra: Lima, sending you 3
2024-10-14 17:45:28.005672 Zulu: Romeo and Sierra, sending you 4
2024-10-14 17:45:28.007680 Romeo: Sierra, sending you 6
2024-10-14 17:45:28.008245 Papa: Whiskey, sending you 3
2024-10-14 17:45:28.008942 Lima: Romeo and Sierra, sending you 3
2024-10-14 17:45:28.009687 Sierra: Zulu and Hotel, sending you 4
2024-10-14 17:45:28.010489 Whiskey: X-ray, sending you 5
2024-10-14 17:45:28.012456 Zulu: Lima and Hotel, sending you 3
2024-10-14 17:45:28.013354 X-ray: Papa, sending you 3
2024-10-14 17:45:28.014108 Uniform: X-ray, sending you 3
2024-10-14 17:45:28.014810 Romeo: Zulu and Hotel, sending you 5
2024-10-14 17:45:28.015443 Lima: Zulu and Hotel, sending you 2
2024-10-14 17:45:28.017045 Hotel: Romeo, sending you 4
2024-10-14 17:45:28.017829 Whiskey: Papa, sending you 4
2024-10-14 17:45:28.018475 X-ray: Uniform and India, sending you 4
2024-10-14 17:45:28.019197 Uniform: Papa, India and Whiskey, sending you 2
2024-10-14 17:45:28.020731 India: X-ray, sending you 5
2024-10-14 17:45:28.021601 Hotel: Lima, sending you 2
2024-10-14 17:45:28.022200 Whiskey: Uniform, sending you 3
2024-10-14 17:45:28.023005 X-ray: Whiskey, sending you 5
2024-10-14 17:45:28.025661 India: Papa, sending you 3
2024-10-14 17:45:28.026519 Hotel: Sierra and Zulu, sending you 3
2024-10-14 17:45:28.027178 Whiskey: India, sending you 7
2024-10-14 17:45:28.029663 India: Uniform, sending you 4
2024-10-14 17:45:28.032661 India: Whiskey, sending you 7
chatterbot Romeo submitting transactions
chatterbot Zulu submitting transactions
chatterbot Uniform submitting transactions
chatterbot Whiskey submitting transactions
chatterbot X-ray submitting transactions
chatterbot Lima submitting transactions
chatterbot Sierra submitting transactions
chatterbot India submitting transactions
chatterbot Hotel submitting transactions
chatterbot Papa submitting transactions
ChatterBot Romeo round 14
ChatterBot X-ray round 14
ChatterBot Lima round 14
ChatterBot Papa round 14
ChatterBot Sierra round 14
ChatterBot Zulu round 14
ChatterBot Uniform round 14
ChatterBot India round 14
ChatterBot Hotel round 14
ChatterBot Whiskey round 14
2024-10-14 17:45:29.287684 Papa: X-ray, Uniform and India, sending you 2
2024-10-14 17:45:29.288739 India: X-ray, sending you 5
2024-10-14 17:45:29.289707 X-ray: Papa, sending you 3
2024-10-14 17:45:29.291427 Romeo: Lima, sending you 4
2024-10-14 17:45:29.292509 Lima: Romeo, Sierra and Zulu, sending you 3
2024-10-14 17:45:29.293213 Papa: Whiskey, sending you 3
2024-10-14 17:45:29.293957 India: Papa, sending you 3
2024-10-14 17:45:29.294564 X-ray: Uniform and India, sending you 4
2024-10-14 17:45:29.295723 Whiskey: X-ray, sending you 5
2024-10-14 17:45:29.296942 Lima: Hotel, sending you 1
2024-10-14 17:45:29.297731 Hotel: Romeo, sending you 4
2024-10-14 17:45:29.298334 Romeo: Sierra, sending you 6
2024-10-14 17:45:29.298948 India: Uniform, sending you 4
2024-10-14 17:45:29.300429 Uniform: X-ray, sending you 3
2024-10-14 17:45:29.301493 X-ray: Whiskey, sending you 5
2024-10-14 17:45:29.302778 Whiskey: Papa, sending you 4
2024-10-14 17:45:29.303941 Zulu: Romeo and Sierra, sending you 4
2024-10-14 17:45:29.306781 Hotel: Lima, sending you 2
2024-10-14 17:45:29.307927 Sierra: Romeo, sending you 5
2024-10-14 17:45:29.309925 Romeo: Zulu and Hotel, sending you 5
2024-10-14 17:45:29.310882 India: Whiskey, sending you 7
2024-10-14 17:45:29.312803 Uniform: Papa, India and Whiskey, sending you 2
2024-10-14 17:45:29.314582 Whiskey: Uniform, sending you 3
2024-10-14 17:45:29.318459 Zulu: Lima and Hotel, sending you 3
2024-10-14 17:45:29.319530 Hotel: Sierra and Zulu, sending you 3
2024-10-14 17:45:29.321274 Sierra: Lima, sending you 3
2024-10-14 17:45:29.323143 Whiskey: India, sending you 7
2024-10-14 17:45:29.324712 Sierra: Zulu and Hotel, sending you 4
chatterbot X-ray submitting transactions
