ChatterBot Hotel round 1
ChatterBot Quebec round 1
ChatterBot Foxtrot round 1
ChatterBot November round 1
ChatterBot Yankee round 1
ChatterBot Zulu round 1
ChatterBot Papa round 1
ChatterBot Tango round 1
ChatterBot Alpha round 1
ChatterBot Mike round 1
randomSelections Hotel: {Hotel, Foxtrot} 
2024-10-14 17:45:12.056851 Hotel: Friends?
ChatterBot Foxtrot reevaluating
2024-10-14 17:45:12.063464 Foxtrot: Yes
randomSelections Quebec: {Quebec, Tango, November, Hotel, Zulu, Foxtrot} 
2024-10-14 17:45:12.072814 Quebec: Friends?
ChatterBot Tango reevaluating
ChatterBot November reevaluating
ChatterBot Zulu reevaluating
ChatterBot Foxtrot reevaluating
2024-10-14 17:45:12.111959 Tango: Yes
2024-10-14 17:45:12.112188 November: Yes
2024-10-14 17:45:12.112402 Hotel: No
2024-10-14 17:45:12.112688 Zulu: Yes
2024-10-14 17:45:12.112841 Foxtrot: No
ChatterBot November reevaluating
ChatterBot Zulu reevaluating
ChatterBot Foxtrot reevaluating
ChatterBot Tango reevaluating
ChatterBot Zulu reevaluating
ChatterBot Foxtrot reevaluating
ChatterBot Tango reevaluating
ChatterBot November reevaluating
ChatterBot Zulu reevaluating
ChatterBot Foxtrot reevaluating
ChatterBot Tango reevaluating
ChatterBot November reevaluating
ChatterBot Foxtrot reevaluating
ChatterBot Tango reevaluating
ChatterBot November reevaluating
ChatterBot Zulu reevaluating
randomSelections Papa: {Papa, Foxtrot, Yankee, Quebec, Alpha, Tango} 
2024-10-14 17:45:12.210356 Papa: We should group up
ChatterBot Foxtrot reevaluating
ChatterBot Yankee reevaluating
ChatterBot Alpha reevaluating
ChatterBot Tango reevaluating
2024-10-14 17:45:12.223756 Foxtrot: No
2024-10-14 17:45:12.224080 Yankee: Yes
2024-10-14 17:45:12.224283 Quebec: No
2024-10-14 17:45:12.224533 Alpha: Yes
2024-10-14 17:45:12.225270 Tango: No
ChatterBot Yankee reevaluating
ChatterBot Alpha reevaluating
ChatterBot Tango reevaluating
ChatterBot Foxtrot reevaluating
ChatterBot Alpha reevaluating
ChatterBot Tango reevaluating
ChatterBot Foxtrot reevaluating
ChatterBot Yankee reevaluating
ChatterBot Alpha reevaluating
ChatterBot Tango reevaluating
ChatterBot Foxtrot reevaluating
ChatterBot Yankee reevaluating
ChatterBot Tango reevaluating
ChatterBot Foxtrot reevaluating
ChatterBot Yankee reevaluating
ChatterBot Alpha reevaluating
randomSelections Mike: {Mike, Zulu, Yankee, Alpha, Quebec, Foxtrot} 
2024-10-14 17:45:12.302599 Mike: We would work well together
ChatterBot Zulu reevaluating
ChatterBot Yankee reevaluating
ChatterBot Alpha reevaluating
ChatterBot Foxtrot reevaluating
2024-10-14 17:45:12.313552 Zulu: No
2024-10-14 17:45:12.313715 Yankee: No
2024-10-14 17:45:12.313899 Alpha: No
2024-10-14 17:45:12.314411 Quebec: No
2024-10-14 17:45:12.314572 Foxtrot: No
ChatterBot Yankee reevaluating
ChatterBot Alpha reevaluating
ChatterBot Foxtrot reevaluating
ChatterBot Zulu reevaluating
ChatterBot Alpha reevaluating
ChatterBot Foxtrot reevaluating
ChatterBot Zulu reevaluating
ChatterBot Yankee reevaluating
ChatterBot Foxtrot reevaluating
ChatterBot Zulu reevaluating
ChatterBot Yankee reevaluating
ChatterBot Alpha reevaluating
ChatterBot Foxtrot reevaluating
ChatterBot Zulu reevaluating
ChatterBot Yankee reevaluating
ChatterBot Alpha reevaluating
chatterbot Hotel submitting transactions
2024-10-14 17:45:12.376761 Mike: Foxtrot, sending you 4
2024-10-14 17:45:12.378744 Quebec: Hotel and Tango, sending you 2
2024-10-14 17:45:12.381742 Mike: Yankee and Zulu, sending you 2
2024-10-14 17:45:12.382735 Quebec: Foxtrot and November, sending you 4
2024-10-14 17:45:12.384663 Yankee: Quebec and Alpha, sending you 3
2024-10-14 17:45:12.385095 November: Hotel, Quebec, Foxtrot and Zulu, sending you 3
2024-10-14 17:45:12.385466 Zulu: Hotel and Quebec, sending you 1
2024-10-14 17:45:12.385801 Mike: Alpha, sending you 6
2024-10-14 17:45:12.387255 Papa: Quebec and Alpha, sending you 2
2024-10-14 17:45:12.390752 Foxtrot: Sending you 16
2024-10-14 17:45:12.391155 Hotel: Sending you 13
2024-10-14 17:45:12.391510 Quebec: Zulu, sending you 3
2024-10-14 17:45:12.392062 November: Tango, sending you 5
2024-10-14 17:45:12.393258 Yankee: Foxtrot, sending you 1
2024-10-14 17:45:12.393688 Zulu: Foxtrot, November and Tango, sending you 4
2024-10-14 17:45:12.395327 Papa: Foxtrot and Yankee, sending you 1
2024-10-14 17:45:12.401932 Alpha: Quebec, sending you 1
2024-10-14 17:45:12.402329 Yankee: Papa and Tango, sending you 4
2024-10-14 17:45:12.402768 Papa: Tango, sending you 3
2024-10-14 17:45:12.406566 Alpha: Foxtrot, sending you 3
2024-10-14 17:45:12.420401 Alpha: Yankee, Papa and Tango, sending you 5
chatterbot November submitting transactions
chatterbot Quebec submitting transactions
chatterbot Foxtrot submitting transactions
chatterbot Mike submitting transactions
chatterbot Tango submitting transactions
chatterbot Yankee submitting transactions
chatterbot Papa submitting transactions
chatterbot Alpha submitting transactions
chatterbot Zulu submitting transactions
ChatterBot Hotel round 2
ChatterBot Quebec round 2
ChatterBot Foxtrot round 2
ChatterBot November round 2
ChatterBot Yankee round 2
ChatterBot Zulu round 2
ChatterBot Papa round 2
2024-10-14 17:45:13.451063 Foxtrot: Let's form a team
ChatterBot Quebec reevaluating
ChatterBot Tango reevaluating
ChatterBot Hotel reevaluating
ChatterBot Zulu reevaluating
2024-10-14 17:45:13.483136 Quebec: No
2024-10-14 17:45:13.483933 Tango: No
2024-10-14 17:45:13.484088 November: No
2024-10-14 17:45:13.484216 Hotel: Yes
2024-10-14 17:45:13.484340 Zulu: No
ChatterBot Tango reevaluating
ChatterBot Hotel reevaluating
ChatterBot Zulu reevaluating
ChatterBot Foxtrot reevaluating
ChatterBot Quebec reevaluating
ChatterBot Hotel reevaluating
ChatterBot Zulu reevaluating
ChatterBot Foxtrot reevaluating
ChatterBot Quebec reevaluating
ChatterBot Tango reevaluating
ChatterBot Hotel reevaluating
ChatterBot Zulu reevaluating
ChatterBot Foxtrot reevaluating
ChatterBot Quebec reevaluating
ChatterBot Tango reevaluating
ChatterBot Zulu reevaluating
ChatterBot Foxtrot reevaluating
ChatterBot Quebec reevaluating
ChatterBot Tango reevaluating
ChatterBot Hotel reevaluating
ChatterBot Foxtrot reevaluating
2024-10-14 17:45:13.644630 Foxtrot: We should add Zulu
ChatterBot Hotel reevaluating
2024-10-14 17:45:13.648939 Hotel: Yes
ChatterBot Foxtrot reevaluating
ChatterBot Tango round 2
ChatterBot Alpha round 2
2024-10-14 17:45:13.666865 Yankee: Friends?
ChatterBot Papa reevaluating
ChatterBot Alpha reevaluating
ChatterBot Mike reevaluating
2024-10-14 17:45:13.687194 Papa: Yes
2024-10-14 17:45:13.687739 Alpha: Yes
2024-10-14 17:45:13.687884 Mike: No
ChatterBot Alpha reevaluating
ChatterBot Mike reevaluating
ChatterBot Papa reevaluating
ChatterBot Mike reevaluating
ChatterBot Papa reevaluating
ChatterBot Alpha reevaluating
ChatterBot Mike round 2
2024-10-14 17:45:13.751739 November: We should drop Hotel and Foxtrot
ChatterBot Quebec reevaluating
ChatterBot Zulu reevaluating
ChatterBot Tango reevaluating
2024-10-14 17:45:13.764134 Quebec: Yes
2024-10-14 17:45:13.764273 Zulu: Yes
2024-10-14 17:45:13.764388 Tango: Yes
ChatterBot Zulu reevaluating
ChatterBot Tango reevaluating
ChatterBot Quebec reevaluating
ChatterBot Tango reevaluating
ChatterBot Quebec reevaluating
ChatterBot Zulu reevaluating
2024-10-14 17:45:13.814224 Mike: We would work well together
ChatterBot Foxtrot reevaluating
2024-10-14 17:45:13.833572 Yankee: No
2024-10-14 17:45:13.833759 Papa: No
2024-10-14 17:45:13.833887 Alpha: No
2024-10-14 17:45:13.834019 Hotel: No
2024-10-14 17:45:13.834167 Foxtrot: No
ChatterBot Mike reevaluating
ChatterBot Foxtrot reevaluating
ChatterBot Mike reevaluating
ChatterBot Foxtrot reevaluating
ChatterBot Mike reevaluating
ChatterBot Foxtrot reevaluating
ChatterBot Mike reevaluating
ChatterBot Foxtrot reevaluating
ChatterBot Mike reevaluating
2024-10-14 17:45:13.990964 Hotel: Quebec and November, sending you 2
2024-10-14 17:45:13.991326 Yankee: Sending you each 4
2024-10-14 17:45:14.483600 Alpha: Yankee, sending you 6
2024-10-14 17:45:14.484799 Hotel: Foxtrot, sending you 7
2024-10-14 17:45:14.485451 Tango: November and Alpha, sending you 3
2024-10-14 17:45:14.486557 November: Quebec and Zulu, sending you 6
2024-10-14 17:45:14.487052 Papa: Yankee, sending you 4
2024-10-14 17:45:14.488031 Zulu: Sending you each 4
chatterbot November submitting transactions
chatterbot Hotel submitting transactions
2024-10-14 17:45:14.493465 Alpha: Papa, sending you 5
2024-10-14 17:45:14.493978 Hotel: Zulu and Tango, sending you 1
2024-10-14 17:45:14.495021 Tango: Yankee, Zulu and Papa, sending you 2
2024-10-14 17:45:14.495506 Foxtrot: Hotel, sending you 4
2024-10-14 17:45:14.496506 November: Tango, sending you 5
2024-10-14 17:45:14.496901 Papa: Alpha, sending you 5
2024-10-14 17:45:14.497916 Alpha: Mike, sending you 8
2024-10-14 17:45:14.576037 Foxtrot: Quebec, November, Zulu and Tango, sending you 3
chatterbot Tango submitting transactions
2024-10-14 17:45:14.853792 Quebec: Sending you each 4
chatterbot Zulu submitting transactions
chatterbot Papa submitting transactions
chatterbot Yankee submitting transactions
2024-10-14 17:45:14.984514 Mike: Hotel, Foxtrot, Papa and Alpha, sending you 3
2024-10-14 17:45:15.095814 Mike: Yankee, sending you 4
chatterbot Quebec submitting transactions
chatterbot Foxtrot submitting transactions
chatterbot Alpha submitting transactions
chatterbot Mike submitting transactions
ChatterBot Hotel round 3
ChatterBot Quebec round 3
ChatterBot Foxtrot round 3
ChatterBot November round 3
ChatterBot Yankee round 3
ChatterBot Zulu round 3
ChatterBot Papa round 3
ChatterBot Tango round 3
ChatterBot Alpha round 3
ChatterBot Mike round 3
2024-10-14 17:45:16.035778 November: We should add Hotel and Foxtrot
ChatterBot Zulu reevaluating
ChatterBot Tango reevaluating
2024-10-14 17:45:16.049381 Quebec: Yes
2024-10-14 17:45:16.049517 Zulu: Yes
2024-10-14 17:45:16.049652 Tango: Yes
ChatterBot Zulu reevaluating
ChatterBot Tango reevaluating
ChatterBot Tango reevaluating
ChatterBot Zulu reevaluating
2024-10-14 17:45:16.109859 Foxtrot: We should drop Tango
ChatterBot Quebec reevaluating
ChatterBot Zulu reevaluating
2024-10-14 17:45:16.127493 Hotel: No
2024-10-14 17:45:16.127986 Quebec: No
2024-10-14 17:45:16.128142 November: No
2024-10-14 17:45:16.128294 Zulu: Yes
ChatterBot Quebec reevaluating
ChatterBot Zulu reevaluating
ChatterBot Zulu reevaluating
ChatterBot Quebec reevaluating
ChatterBot Zulu reevaluating
ChatterBot Hotel reevaluating
ChatterBot Quebec reevaluating
2024-10-14 17:45:16.293623 November: Hotel and Foxtrot we want you to join our group
ChatterBot Hotel reevaluating
2024-10-14 17:45:16.308979 Hotel: No
2024-10-14 17:45:16.309807 Foxtrot: No
ChatterBot Quebec reevaluating
ChatterBot Tango reevaluating
ChatterBot Zulu reevaluating
ChatterBot Quebec reevaluating
ChatterBot Tango reevaluating
ChatterBot Hotel reevaluating
ChatterBot Zulu reevaluating
2024-10-14 17:45:16.383113 Zulu: Hotel and Foxtrot we want you to join our group
ChatterBot Hotel reevaluating
2024-10-14 17:45:16.393052 Foxtrot: Yes
2024-10-14 17:45:16.393194 Hotel: Yes
ChatterBot Hotel reevaluating
ChatterBot November reevaluating
2024-10-14 17:45:16.429167 Yankee: Papa and Alpha, sending you 4
chatterbot Yankee submitting transactions
2024-10-14 17:45:16.433173 Yankee: Mike, sending you 3
2024-10-14 17:45:16.434121 Foxtrot: Hotel, sending you 5
2024-10-14 17:45:16.434644 Alpha: Yankee and Papa, sending you 6
2024-10-14 17:45:16.435254 Mike: Quebec, Yankee, Papa and Alpha, sending you 4
2024-10-14 17:45:16.436337 Papa: Yankee, sending you 3
2024-10-14 17:45:16.437104 Tango: Hotel and Quebec, sending you 1
2024-10-14 17:45:16.439415 Foxtrot: Quebec and Zulu, sending you 4
2024-10-14 17:45:16.439934 Alpha: Mike, sending you 7
2024-10-14 17:45:16.441183 Tango: Foxtrot, sending you 3
2024-10-14 17:45:16.444749 Papa: Alpha, sending you 4
2024-10-14 17:45:16.445133 Quebec: Hotel and Foxtrot, sending you 5
chatterbot Mike submitting transactions
2024-10-14 17:45:16.445650 Foxtrot: November, sending you 3
2024-10-14 17:45:16.446575 Tango: November, sending you 7
2024-10-14 17:45:16.475750 Quebec: November and Zulu, sending you 4
2024-10-14 17:45:16.476374 Papa: Mike, sending you 2
2024-10-14 17:45:16.476786 Tango: Zulu, sending you 2
chatterbot Alpha submitting transactions
2024-10-14 17:45:16.478118 November: Hotel, Quebec and Foxtrot, sending you 4
2024-10-14 17:45:16.480910 Zulu: Hotel, sending you 3
2024-10-14 17:45:16.481287 Hotel: Quebec and November, sending you 2
2024-10-14 17:45:16.500144 November: Zulu, sending you 5
2024-10-14 17:45:16.501017 Zulu: Quebec and November, sending you 4
2024-10-14 17:45:16.501393 Hotel: Foxtrot, sending you 8
2024-10-14 17:45:16.507624 Zulu: Foxtrot, sending you 5
2024-10-14 17:45:16.508032 Hotel: Zulu, sending you 1
chatterbot November submitting transactions
chatterbot Foxtrot submitting transactions
chatterbot Papa submitting transactions
chatterbot Tango submitting transactions
chatterbot November submitting transactions
chatterbot Quebec submitting transactions
chatterbot Zulu submitting transactions
chatterbot Hotel submitting transactions
ChatterBot Hotel round 4
ChatterBot Quebec round 4
ChatterBot Foxtrot round 4
ChatterBot November round 4
2024-10-14 17:45:17.557197 Quebec: We should add Tango
ChatterBot Foxtrot reevaluating
ChatterBot Hotel reevaluating
ChatterBot November reevaluating
2024-10-14 17:45:17.576361 Foxtrot: No
2024-10-14 17:45:17.576596 Hotel: Yes
2024-10-14 17:45:17.576820 November: Yes
2024-10-14 17:45:17.577765 Zulu: No
ChatterBot Hotel reevaluating
ChatterBot November reevaluating
ChatterBot Foxtrot reevaluating
ChatterBot November reevaluating
ChatterBot Foxtrot reevaluating
ChatterBot Hotel reevaluating
ChatterBot Foxtrot reevaluating
ChatterBot Hotel reevaluating
ChatterBot November reevaluating
ChatterBot Yankee round 4
ChatterBot Zulu round 4
ChatterBot Papa round 4
ChatterBot Tango round 4
ChatterBot Alpha round 4
ChatterBot Mike round 4
2024-10-14 17:45:17.632770 Quebec: Tango we want you to join our group
ChatterBot Tango reevaluating
2024-10-14 17:45:17.636266 Tango: Yes
ChatterBot November reevaluating
ChatterBot Hotel reevaluating
ChatterBot Zulu reevaluating
ChatterBot Foxtrot reevaluating
2024-10-14 17:45:17.665393 Mike: We should replace Quebec with Tango
2024-10-14 17:45:17.672650 Yankee: No
2024-10-14 17:45:17.672826 Papa: No
2024-10-14 17:45:17.672973 Alpha: No
ChatterBot Mike reevaluating
ChatterBot Mike reevaluating
ChatterBot Mike reevaluating
2024-10-14 17:45:17.695978 Hotel: Tango we want you to join our group
2024-10-14 17:45:17.698430 Tango: Yes
ChatterBot Zulu reevaluating
2024-10-14 17:45:17.708799 November: Tango we want you to join our group
2024-10-14 17:45:17.711164 Tango: Yes
2024-10-14 17:45:17.723699 Quebec: Sending you each 4
2024-10-14 17:45:17.732683 November: Hotel, Quebec and Foxtrot, sending you 3
2024-10-14 17:45:17.733561 Tango: Hotel and Quebec, sending you 1
2024-10-14 17:45:17.734678 Papa: Yankee, sending you 3
2024-10-14 17:45:17.735704 November: Zulu and Tango, sending you 4
2024-10-14 17:45:17.736666 Tango: Foxtrot, sending you 3
2024-10-14 17:45:17.737685 Alpha: Yankee and Mike, sending you 6
2024-10-14 17:45:17.738669 Foxtrot: Sending you each 4
2024-10-14 17:45:17.739250 Papa: Alpha, sending you 4
2024-10-14 17:45:17.740057 Hotel: Quebec, November and Zulu, sending you 2
2024-10-14 17:45:17.740618 Zulu: Hotel, sending you 3
2024-10-14 17:45:17.741047 Alpha: Papa, sending you 7
2024-10-14 17:45:17.741663 Tango: November, sending you 7
2024-10-14 17:45:17.742676 Hotel: Foxtrot, sending you 6
2024-10-14 17:45:17.743673 Papa: Mike, sending you 2
2024-10-14 17:45:17.744061 Yankee: Papa, sending you 4
2024-10-14 17:45:17.744668 Zulu: Quebec and November, sending you 4
2024-10-14 17:45:17.745621 Tango: Zulu, sending you 2
2024-10-14 17:45:17.746701 Hotel: Tango, sending you 1
2024-10-14 17:45:17.748104 Yankee: Alpha and Mike, sending you 3
2024-10-14 17:45:17.749666 Zulu: Foxtrot, sending you 5
2024-10-14 17:45:17.755686 Mike: Quebec, Yankee, Papa and Alpha, sending you 4
chatterbot Quebec submitting transactions
chatterbot Alpha submitting transactions
chatterbot Hotel submitting transactions
chatterbot Foxtrot submitting transactions
chatterbot November submitting transactions
chatterbot Mike submitting transactions
chatterbot Yankee submitting transactions
chatterbot Papa submitting transactions
chatterbot Tango submitting transactions
chatterbot Zulu submitting transactions
ChatterBot Hotel round 5
ChatterBot Quebec round 5
ChatterBot Foxtrot round 5
ChatterBot November round 5
ChatterBot Yankee round 5
ChatterBot Zulu round 5
ChatterBot Papa round 5
ChatterBot Tango round 5
ChatterBot Alpha round 5
ChatterBot Mike round 5
2024-10-14 17:45:18.993357 Mike: We should replace Quebec with Tango
2024-10-14 17:45:18.999328 Yankee: No
2024-10-14 17:45:18.999509 Papa: No
2024-10-14 17:45:18.999650 Alpha: No
ChatterBot Mike reevaluating
ChatterBot Mike reevaluating
ChatterBot Mike reevaluating
2024-10-14 17:45:19.019658 Yankee: Papa, sending you 4
2024-10-14 17:45:19.020020 Hotel: Quebec, sending you 3
2024-10-14 17:45:19.020767 Quebec: Same as last round
2024-10-14 17:45:19.021672 Zulu: Hotel, sending you 3
2024-10-14 17:45:19.022651 Yankee: Alpha and Mike, sending you 3
2024-10-14 17:45:19.025658 Hotel: Foxtrot, sending you 5
2024-10-14 17:45:19.026690 Zulu: Quebec and November, sending you 4
2024-10-14 17:45:19.029672 Zulu: Foxtrot, sending you 5
2024-10-14 17:45:19.030678 Hotel: November and Zulu, sending you 2
2024-10-14 17:45:19.033646 November: Hotel, Quebec, Foxtrot and Zulu, sending you 3
2024-10-14 17:45:19.034088 Foxtrot: Same as last round
2024-10-14 17:45:19.034406 Tango: Hotel and Zulu, sending you 1
2024-10-14 17:45:19.035677 Hotel: Tango, sending you 1
2024-10-14 17:45:19.036660 Alpha: Yankee and Mike, sending you 6
2024-10-14 17:45:19.037664 November: Tango, sending you 5
2024-10-14 17:45:19.039677 Tango: Quebec, sending you 4
2024-10-14 17:45:19.040670 Papa: Yankee, sending you 3
2024-10-14 17:45:19.041678 Alpha: Papa, sending you 7
2024-10-14 17:45:19.043655 Tango: Foxtrot, sending you 2
2024-10-14 17:45:19.044172 Papa: Alpha, sending you 4
2024-10-14 17:45:19.044676 Mike: Quebec, Yankee, Papa and Alpha, sending you 4
2024-10-14 17:45:19.046659 Tango: November, sending you 7
2024-10-14 17:45:19.048684 Papa: Mike, sending you 2
chatterbot Mike submitting transactions
chatterbot Yankee submitting transactions
chatterbot Tango submitting transactions
chatterbot Foxtrot submitting transactions
chatterbot Zulu submitting transactions
chatterbot Papa submitting transactions
chatterbot November submitting transactions
chatterbot Quebec submitting transactions
chatterbot Hotel submitting transactions
chatterbot Alpha submitting transactions
ChatterBot Hotel round 6
ChatterBot Quebec round 6
ChatterBot Foxtrot round 6
ChatterBot November round 6
ChatterBot Yankee round 6
ChatterBot Zulu round 6
ChatterBot Papa round 6
ChatterBot Tango round 6
ChatterBot Alpha round 6
ChatterBot Mike round 6
2024-10-14 17:45:20.250203 Mike: We should replace Quebec with November
2024-10-14 17:45:20.259504 Yankee: No
2024-10-14 17:45:20.259775 Papa: No
2024-10-14 17:45:20.259965 Alpha: No
ChatterBot Mike reevaluating
ChatterBot Mike reevaluating
ChatterBot Mike reevaluating
2024-10-14 17:45:20.286680 Hotel: Quebec, sending you 3
2024-10-14 17:45:20.288657 Tango: Hotel, Foxtrot and Zulu, sending you 1
2024-10-14 17:45:20.289603 Mike: November we want you to join our group
2024-10-14 17:45:20.292137 November: No
ChatterBot Mike reevaluating
2024-10-14 17:45:20.302012 Hotel: Foxtrot, sending you 5
2024-10-14 17:45:20.302573 Tango: Quebec, sending you 5
2024-10-14 17:45:20.305659 Tango: November, sending you 7
2024-10-14 17:45:20.306382 Quebec: Hotel, Foxtrot, November and Zulu, sending you 4
2024-10-14 17:45:20.306930 Yankee: Papa, sending you 4
2024-10-14 17:45:20.307275 Hotel: November and Zulu, sending you 2
2024-10-14 17:45:20.307715 Foxtrot: Same as last round
2024-10-14 17:45:20.308 November: Hotel, Quebec, Foxtrot and Zulu, sending you 3
2024-10-14 17:45:20.308328 Papa: Yankee, sending you 3
2024-10-14 17:45:20.308911 Zulu: Hotel, sending you 3
2024-10-14 17:45:20.309678 Quebec: Tango, sending you 3
2024-10-14 17:45:20.310672 Yankee: Alpha and Mike, sending you 3
2024-10-14 17:45:20.311156 November: Tango, sending you 5
2024-10-14 17:45:20.311838 Hotel: Tango, sending you 1
2024-10-14 17:45:20.312485 Zulu: Quebec, sending you 4
2024-10-14 17:45:20.313664 Papa: Alpha, sending you 4
2024-10-14 17:45:20.314922 Alpha: Yankee and Mike, sending you 6
2024-10-14 17:45:20.317672 Zulu: Foxtrot and November, sending you 5
2024-10-14 17:45:20.318234 Papa: Mike, sending you 2
2024-10-14 17:45:20.318677 Alpha: Papa, sending you 7
2024-10-14 17:45:20.335661 Mike: Quebec, Yankee, Papa and Alpha, sending you 4
chatterbot Yankee submitting transactions
chatterbot Foxtrot submitting transactions
chatterbot Tango submitting transactions
chatterbot Mike submitting transactions
chatterbot Alpha submitting transactions
chatterbot November submitting transactions
chatterbot Quebec submitting transactions
chatterbot Hotel submitting transactions
chatterbot Zulu submitting transactions
chatterbot Papa submitting transactions
ChatterBot Hotel round 7
ChatterBot Quebec round 7
ChatterBot Foxtrot round 7
ChatterBot November round 7
ChatterBot Yankee round 7
ChatterBot Zulu round 7
ChatterBot Papa round 7
ChatterBot Tango round 7
ChatterBot Alpha round 7
ChatterBot Mike round 7
2024-10-14 17:45:21.317664 Yankee: Papa, sending you 5
2024-10-14 17:45:21.320362 November: Hotel, Quebec, Foxtrot and Zulu, sending you 3
2024-10-14 17:45:21.321280 Hotel: Quebec, sending you 3
2024-10-14 17:45:21.322673 Yankee: Alpha and Mike, sending you 3
2024-10-14 17:45:21.325667 November: Tango, sending you 5
2024-10-14 17:45:21.326192 Hotel: Foxtrot, sending you 5
2024-10-14 17:45:21.326568 Quebec: Hotel, Foxtrot, November and Zulu, sending you 4
2024-10-14 17:45:21.327002 Tango: Hotel, sending you 2
2024-10-14 17:45:21.327511 Papa: Yankee, sending you 3
2024-10-14 17:45:21.328660 Hotel: November and Zulu, sending you 2
2024-10-14 17:45:21.330676 Quebec: Tango, sending you 3
2024-10-14 17:45:21.331627 Mike: Quebec, Yankee, Papa and Alpha, sending you 4
2024-10-14 17:45:21.332692 Papa: Alpha, sending you 4
2024-10-14 17:45:21.333310 Tango: Quebec, sending you 5
2024-10-14 17:45:21.333851 Hotel: Tango, sending you 1
2024-10-14 17:45:21.334360 Zulu: Hotel, sending you 4
2024-10-14 17:45:21.334734 Foxtrot: Same as last round
2024-10-14 17:45:21.336662 Papa: Mike, sending you 2
2024-10-14 17:45:21.337009 Tango: November, sending you 8
2024-10-14 17:45:21.337694 Alpha: Yankee and Mike, sending you 6
2024-10-14 17:45:21.338203 Zulu: Quebec, Foxtrot and November, sending you 5
2024-10-14 17:45:21.343003 Alpha: Papa, sending you 7
chatterbot Yankee submitting transactions
chatterbot Quebec submitting transactions
chatterbot Zulu submitting transactions
chatterbot Papa submitting transactions
chatterbot Alpha submitting transactions
chatterbot Mike submitting transactions
chatterbot Tango submitting transactions
chatterbot November submitting transactions
chatterbot Hotel submitting transactions
chatterbot Foxtrot submitting transactions
ChatterBot Hotel round 8
ChatterBot Quebec round 8
ChatterBot Foxtrot round 8
ChatterBot November round 8
ChatterBot Yankee round 8
ChatterBot Zulu round 8
ChatterBot Papa round 8
ChatterBot Tango round 8
ChatterBot Alpha round 8
ChatterBot Mike round 8
2024-10-14 17:45:22.586681 Hotel: Quebec and November, sending you 3
2024-10-14 17:45:22.588724 Papa: Yankee, sending you 3
2024-10-14 17:45:22.591664 Hotel: Foxtrot, sending you 4
2024-10-14 17:45:22.592661 Papa: Alpha, sending you 4
2024-10-14 17:45:22.593673 Foxtrot: Same as last round
2024-10-14 17:45:22.594780 November: Hotel, Quebec, Foxtrot and Zulu, sending you 3
2024-10-14 17:45:22.595911 Hotel: Zulu, sending you 2
2024-10-14 17:45:22.597630 Papa: Mike, sending you 2
2024-10-14 17:45:22.598444 Tango: Hotel, sending you 2
2024-10-14 17:45:22.600181 Quebec: Hotel, Foxtrot, November and Zulu, sending you 4
2024-10-14 17:45:22.601312 November: Tango, sending you 5
2024-10-14 17:45:22.602337 Hotel: Tango, sending you 1
2024-10-14 17:45:22.603800 Yankee: Papa, sending you 5
2024-10-14 17:45:22.604799 Tango: Quebec, sending you 5
2024-10-14 17:45:22.606454 Quebec: Tango, sending you 3
2024-10-14 17:45:22.607665 Zulu: Hotel, sending you 4
2024-10-14 17:45:22.608694 Tango: November, sending you 9
2024-10-14 17:45:22.609685 Yankee: Alpha and Mike, sending you 3
2024-10-14 17:45:22.610349 Alpha: Yankee and Mike, sending you 6
2024-10-14 17:45:22.610850 Zulu: Quebec, Foxtrot and November, sending you 5
2024-10-14 17:45:22.611682 Mike: Quebec, Yankee, Papa and Alpha, sending you 4
2024-10-14 17:45:22.615239 Alpha: Papa, sending you 7
chatterbot Foxtrot submitting transactions
chatterbot Yankee submitting transactions
chatterbot Mike submitting transactions
chatterbot Hotel submitting transactions
chatterbot November submitting transactions
chatterbot Tango submitting transactions
chatterbot Quebec submitting transactions
chatterbot Zulu submitting transactions
chatterbot Alpha submitting transactions
chatterbot Papa submitting transactions
ChatterBot Hotel round 9
ChatterBot Quebec round 9
ChatterBot Foxtrot round 9
ChatterBot November round 9
ChatterBot Yankee round 9
ChatterBot Zulu round 9
ChatterBot Papa round 9
ChatterBot Tango round 9
ChatterBot Alpha round 9
ChatterBot Mike round 9
2024-10-14 17:45:23.726597 Mike: We should replace Quebec with Tango
2024-10-14 17:45:23.731728 Yankee: No
2024-10-14 17:45:23.731873 Papa: No
2024-10-14 17:45:23.732 Alpha: No
ChatterBot Mike reevaluating
ChatterBot Mike reevaluating
2024-10-14 17:45:23.754674 Yankee: Papa, sending you 5
2024-10-14 17:45:23.755108 Foxtrot: Same as last round
2024-10-14 17:45:23.755682 November: Hotel, Quebec, Foxtrot and Zulu, sending you 3
2024-10-14 17:45:23.757216 Hotel: Quebec and November, sending you 3
2024-10-14 17:45:23.758053 Quebec: Hotel, Foxtrot and November, sending you 4
2024-10-14 17:45:23.758574 Yankee: Alpha and Mike, sending you 3
2024-10-14 17:45:23.758952 November: Tango, sending you 5
2024-10-14 17:45:23.760657 Quebec: Zulu and Tango, sending you 3
2024-10-14 17:45:23.761184 Papa: Yankee, sending you 3
2024-10-14 17:45:23.761662 Mike: Tango we want you to join our group
2024-10-14 17:45:23.765547 Tango: No
ChatterBot Mike reevaluating
2024-10-14 17:45:23.780999 Hotel: Foxtrot, sending you 4
2024-10-14 17:45:23.781895 Papa: Alpha, sending you 4
2024-10-14 17:45:23.782355 Zulu: Hotel, sending you 4
2024-10-14 17:45:23.782859 Alpha: Yankee and Mike, sending you 6
2024-10-14 17:45:23.784725 Hotel: Zulu, sending you 2
2024-10-14 17:45:23.785517 Papa: Mike, sending you 2
2024-10-14 17:45:23.786682 Alpha: Papa, sending you 7
2024-10-14 17:45:23.787677 Zulu: Quebec, Foxtrot and November, sending you 5
2024-10-14 17:45:23.788658 Tango: Hotel, sending you 2
2024-10-14 17:45:23.789374 Hotel: Tango, sending you 1
2024-10-14 17:45:23.793665 Tango: Quebec, sending you 5
2024-10-14 17:45:23.798657 Tango: November, sending you 9
2024-10-14 17:45:23.802663 Mike: Quebec, Yankee, Papa and Alpha, sending you 4
chatterbot Quebec submitting transactions
chatterbot Zulu submitting transactions
chatterbot Hotel submitting transactions
chatterbot November submitting transactions
chatterbot Papa submitting transactions
chatterbot Tango submitting transactions
chatterbot Mike submitting transactions
chatterbot Foxtrot submitting transactions
chatterbot Yankee submitting transactions
chatterbot Alpha submitting transactions
ChatterBot Hotel round 10
ChatterBot Quebec round 10
ChatterBot Foxtrot round 10
ChatterBot November round 10
ChatterBot Yankee round 10
ChatterBot Zulu round 10
ChatterBot Papa round 10
ChatterBot Tango round 10
ChatterBot Alpha round 10
ChatterBot Mike round 10
2024-10-14 17:45:25.021724 Mike: We should replace Quebec with Tango
2024-10-14 17:45:25.028241 Yankee: No
2024-10-14 17:45:25.028443 Papa: No
2024-10-14 17:45:25.028557 Alpha: No
ChatterBot Mike reevaluating
ChatterBot Mike reevaluating
2024-10-14 17:45:25.078677 Mike: Tango we want you to join our group
2024-10-14 17:45:25.083387 Tango: No
ChatterBot Mike reevaluating
2024-10-14 17:45:25.100663 Papa: Yankee, sending you 3
2024-10-14 17:45:25.101646 Quebec: Hotel, Foxtrot and November, sending you 4
2024-10-14 17:45:25.102233 Hotel: Quebec, Foxtrot and November, sending you 3
2024-10-14 17:45:25.102727 Foxtrot: Same as last round
2024-10-14 17:45:25.103130 November: Hotel, Quebec, Foxtrot and Zulu, sending you 3
2024-10-14 17:45:25.103665 Alpha: Yankee and Mike, sending you 6
2024-10-14 17:45:25.104270 Yankee: Papa, sending you 5
2024-10-14 17:45:25.104856 Tango: Hotel, sending you 2
2024-10-14 17:45:25.105407 Zulu: Hotel, sending you 4
2024-10-14 17:45:25.106508 Papa: Alpha, sending you 4
2024-10-14 17:45:25.107037 Quebec: Zulu and Tango, sending you 3
2024-10-14 17:45:25.107779 Hotel: Zulu and Tango, sending you 2
2024-10-14 17:45:25.108915 Yankee: Alpha and Mike, sending you 3
2024-10-14 17:45:25.109309 November: Tango, sending you 5
2024-10-14 17:45:25.109822 Alpha: Papa, sending you 7
2024-10-14 17:45:25.110183 Zulu: Quebec, Foxtrot and November, sending you 5
2024-10-14 17:45:25.110571 Tango: Quebec, sending you 5
2024-10-14 17:45:25.111058 Papa: Mike, sending you 2
2024-10-14 17:45:25.113686 Tango: November, sending you 9
2024-10-14 17:45:25.130673 Mike: Yankee and Papa, sending you 5
2024-10-14 17:45:25.136015 Mike: Alpha, sending you 6
chatterbot Quebec submitting transactions
chatterbot Tango submitting transactions
chatterbot Mike submitting transactions
chatterbot November submitting transactions
chatterbot Papa submitting transactions
chatterbot Yankee submitting transactions
chatterbot Hotel submitting transactions
chatterbot Zulu submitting transactions
chatterbot Alpha submitting transactions
chatterbot Foxtrot submitting transactions
ChatterBot Hotel round 11
ChatterBot Quebec round 11
ChatterBot Foxtrot round 11
ChatterBot November round 11
ChatterBot Yankee round 11
ChatterBot Zulu round 11
ChatterBot Papa round 11
ChatterBot Tango round 11
ChatterBot Alpha round 11
ChatterBot Mike round 11
2024-10-14 17:45:26.320293 Mike: We should replace Tango with Quebec
2024-10-14 17:45:26.330315 Yankee: No
2024-10-14 17:45:26.330550 Papa: No
2024-10-14 17:45:26.331329 Alpha: No
ChatterBot Mike reevaluating
ChatterBot Mike reevaluating
ChatterBot Mike reevaluating
2024-10-14 17:45:26.354921 Mike: We should replace Tango with November
2024-10-14 17:45:26.361191 Yankee: No
2024-10-14 17:45:26.361385 Papa: No
2024-10-14 17:45:26.361510 Alpha: No
ChatterBot Mike reevaluating
ChatterBot Mike reevaluating
ChatterBot Mike reevaluating
2024-10-14 17:45:26.382866 November: Hotel, Quebec, Foxtrot and Zulu, sending you 3
2024-10-14 17:45:26.386656 November: Tango, sending you 5
2024-10-14 17:45:26.387457 Hotel: Quebec, Foxtrot and November, sending you 3
2024-10-14 17:45:26.388557 Papa: Yankee, sending you 3
2024-10-14 17:45:26.389030 Quebec: Hotel, Foxtrot and November, sending you 4
2024-10-14 17:45:26.389640 Foxtrot: Same as last round
2024-10-14 17:45:26.390271 Alpha: Yankee and Mike, sending you 6
2024-10-14 17:45:26.390804 Yankee: Papa, sending you 5
2024-10-14 17:45:26.391262 Zulu: Hotel, sending you 4
2024-10-14 17:45:26.392287 Mike: Quebec we want you to join our group
2024-10-14 17:45:26.394905 Quebec: No
ChatterBot Mike reevaluating
2024-10-14 17:45:26.405597 Tango: Hotel, sending you 2
2024-10-14 17:45:26.406383 Hotel: Zulu and Tango, sending you 2
2024-10-14 17:45:26.407011 Quebec: Zulu and Tango, sending you 3
2024-10-14 17:45:26.407652 Papa: Alpha, sending you 4
2024-10-14 17:45:26.408113 Alpha: Papa, sending you 7
2024-10-14 17:45:26.409053 Yankee: Alpha and Mike, sending you 3
2024-10-14 17:45:26.409472 Zulu: Quebec, Foxtrot and November, sending you 5
2024-10-14 17:45:26.409960 Mike: November we want you to join our group
2024-10-14 17:45:26.412842 November: No
ChatterBot Mike reevaluating
2024-10-14 17:45:26.423376 Tango: Quebec, sending you 5
2024-10-14 17:45:26.424062 Papa: Mike, sending you 2
2024-10-14 17:45:26.429025 Tango: November, sending you 9
2024-10-14 17:45:26.442685 Mike: Yankee and Papa, sending you 5
2024-10-14 17:45:26.445676 Mike: Alpha, sending you 6
chatterbot Hotel submitting transactions
chatterbot Quebec submitting transactions
chatterbot Foxtrot submitting transactions
chatterbot Tango submitting transactions
chatterbot Yankee submitting transactions
chatterbot November submitting transactions
chatterbot Papa submitting transactions
chatterbot Mike submitting transactions
chatterbot Alpha submitting transactions
chatterbot Zulu submitting transactions
ChatterBot Hotel round 12
ChatterBot Quebec round 12
ChatterBot Foxtrot round 12
ChatterBot November round 12
ChatterBot Yankee round 12
ChatterBot Zulu round 12
ChatterBot Papa round 12
ChatterBot Tango round 12
ChatterBot Alpha round 12
2024-10-14 17:45:27.580809 Foxtrot: We should replace November with Tango
2024-10-14 17:45:27.591092 Hotel: No
2024-10-14 17:45:27.591298 Quebec: No
2024-10-14 17:45:27.591460 Zulu: No
ChatterBot Foxtrot reevaluating
ChatterBot Foxtrot reevaluating
ChatterBot Foxtrot reevaluating
ChatterBot Mike round 12
2024-10-14 17:45:27.730542 Mike: We should replace November with Quebec
2024-10-14 17:45:27.741293 Yankee: No
2024-10-14 17:45:27.741707 Papa: No
2024-10-14 17:45:27.741894 Alpha: No
ChatterBot Mike reevaluating
ChatterBot Mike reevaluating
ChatterBot Mike reevaluating
2024-10-14 17:45:27.772171 Papa: Yankee, sending you 3
2024-10-14 17:45:27.773135 Mike: Quebec we want you to join our group
2024-10-14 17:45:27.777713 Quebec: No
ChatterBot Mike reevaluating
2024-10-14 17:45:27.793080 Mike: We should replace November with Tango
2024-10-14 17:45:27.805120 Yankee: No
2024-10-14 17:45:27.805908 Papa: No
2024-10-14 17:45:27.806686 Alpha: No
ChatterBot Mike reevaluating
ChatterBot Mike reevaluating
ChatterBot Mike reevaluating
2024-10-14 17:45:27.838515 November: Hotel, Quebec, Foxtrot and Zulu, sending you 3
2024-10-14 17:45:27.840752 Papa: Alpha, sending you 4
2024-10-14 17:45:27.843683 November: Tango, sending you 5
2024-10-14 17:45:27.846513 Papa: Mike, sending you 2
2024-10-14 17:45:27.847584 Tango: Hotel, sending you 2
2024-10-14 17:45:27.849508 Quebec: Hotel, Foxtrot and November, sending you 4
2024-10-14 17:45:27.850513 Alpha: Yankee and Mike, sending you 6
2024-10-14 17:45:27.852637 Yankee: Papa, sending you 5
2024-10-14 17:45:27.853188 Zulu: Hotel, sending you 4
2024-10-14 17:45:27.854048 Hotel: Quebec, Foxtrot and November, sending you 3
2024-10-14 17:45:27.855443 Foxtrot: Same as last round
2024-10-14 17:45:27.856041 Tango: Quebec, sending you 5
2024-10-14 17:45:27.856766 Quebec: Zulu and Tango, sending you 3
2024-10-14 17:45:27.858190 Alpha: Papa, sending you 7
2024-10-14 17:45:27.858775 Yankee: Alpha and Mike, sending you 3
2024-10-14 17:45:27.859307 Zulu: Quebec, Foxtrot and November, sending you 5
2024-10-14 17:45:27.859817 Hotel: Zulu and Tango, sending you 2
2024-10-14 17:45:27.861667 Tango: November, sending you 9
2024-10-14 17:45:27.873679 Mike: Yankee and Papa, sending you 5
2024-10-14 17:45:27.876670 Mike: Alpha, sending you 6
chatterbot November submitting transactions
chatterbot Hotel submitting transactions
chatterbot Alpha submitting transactions
chatterbot Mike submitting transactions
chatterbot Foxtrot submitting transactions
chatterbot Papa submitting transactions
chatterbot Tango submitting transactions
chatterbot Yankee submitting transactions
chatterbot Zulu submitting transactions
chatterbot Quebec submitting transactions
ChatterBot Hotel round 13
ChatterBot Quebec round 13
ChatterBot Foxtrot round 13
2024-10-14 17:45:28.933545 Foxtrot: We should replace November with Tango
ChatterBot Zulu reevaluating
2024-10-14 17:45:28.939359 Hotel: No
2024-10-14 17:45:28.939499 Quebec: No
2024-10-14 17:45:28.939599 Zulu: No
ChatterBot Foxtrot reevaluating
ChatterBot Zulu reevaluating
ChatterBot Foxtrot reevaluating
ChatterBot Zulu reevaluating
ChatterBot Foxtrot reevaluating
ChatterBot November round 13
ChatterBot Yankee round 13
ChatterBot Zulu round 13
ChatterBot Papa round 13
ChatterBot Tango round 13
ChatterBot Alpha round 13
ChatterBot Mike round 13
2024-10-14 17:45:28.974148 Mike: We should replace November with Quebec
2024-10-14 17:45:28.984243 Yankee: No
2024-10-14 17:45:28.984442 Papa: No
2024-10-14 17:45:28.984625 Alpha: No
ChatterBot Mike reevaluating
ChatterBot Mike reevaluating
2024-10-14 17:45:29.017190 Mike: We should replace November with Tango
2024-10-14 17:45:29.022892 Yankee: No
2024-10-14 17:45:29.023041 Papa: No
2024-10-14 17:45:29.023155 Alpha: No
ChatterBot Mike reevaluating
ChatterBot Mike reevaluating
ChatterBot Mike reevaluating
2024-10-14 17:45:29.043956 Quebec: Hotel, Foxtrot and November, sending you 4
2024-10-14 17:45:29.045499 November: Hotel, Quebec, Foxtrot and Zulu, sending you 3
2024-10-14 17:45:29.046914 Foxtrot: Same as last round
2024-10-14 17:45:29.047912 Hotel: Quebec, Foxtrot and November, sending you 3
2024-10-14 17:45:29.049127 Papa: Yankee, sending you 3
2024-10-14 17:45:29.049910 Mike: Tango we want you to join our group
2024-10-14 17:45:29.054204 Tango: No
ChatterBot Mike reevaluating
2024-10-14 17:45:29.068607 Mike: We should replace November with Foxtrot
2024-10-14 17:45:29.076550 Yankee: No
2024-10-14 17:45:29.077250 Papa: No
2024-10-14 17:45:29.077438 Alpha: No
ChatterBot Mike reevaluating
ChatterBot Mike reevaluating
ChatterBot Mike reevaluating
2024-10-14 17:45:29.110090 Quebec: Zulu and Tango, sending you 3
2024-10-14 17:45:29.111325 November: Tango, sending you 5
2024-10-14 17:45:29.113041 Hotel: Zulu and Tango, sending you 2
2024-10-14 17:45:29.114420 Papa: Alpha, sending you 4
2024-10-14 17:45:29.116672 Zulu: Hotel, sending you 4
2024-10-14 17:45:29.117704 Yankee: Papa, sending you 5
2024-10-14 17:45:29.118468 Tango: Hotel, sending you 2
2024-10-14 17:45:29.119353 Alpha: Yankee and Mike, sending you 6
2024-10-14 17:45:29.120245 Papa: Mike, sending you 2
2024-10-14 17:45:29.120724 Zulu: Quebec, Foxtrot and November, sending you 5
2024-10-14 17:45:29.121302 Yankee: Alpha and Mike, sending you 3
2024-10-14 17:45:29.121859 Mike: Quebec we want you to join our group
2024-10-14 17:45:29.124806 Quebec: No
ChatterBot Alpha reevaluating
ChatterBot Mike reevaluating
2024-10-14 17:45:29.136091 Tango: Quebec, sending you 5
2024-10-14 17:45:29.139669 Tango: November, sending you 9
2024-10-14 17:45:29.156665 Alpha: Yankee and Mike, sending you 5
2024-10-14 17:45:29.165677 Alpha: Tango, sending you 2
2024-10-14 17:45:29.178061 Mike: Yankee and Papa, sending you 5
2024-10-14 17:45:29.183714 Mike: Alpha, sending you 6
chatterbot Hotel submitting transactions
chatterbot Zulu submitting transactions
chatterbot Foxtrot submitting transactions
chatterbot Tango submitting transactions
chatterbot November submitting transactions
chatterbot Mike submitting transactions
chatterbot Yankee submitting transactions
chatterbot Quebec submitting transactions
chatterbot Papa submitting transactions
chatterbot Alpha submitting transactions
ChatterBot Hotel round 14
ChatterBot Quebec round 14
ChatterBot Foxtrot round 14
ChatterBot November round 14
ChatterBot Yankee round 14
ChatterBot Zulu round 14
ChatterBot Papa round 14
ChatterBot Tango round 14
ChatterBot Alpha round 14
ChatterBot Mike round 14
2024-10-14 17:45:30.324745 Mike: We should replace Tango with Quebec
2024-10-14 17:45:30.331276 Yankee: No
2024-10-14 17:45:30.331547 Papa: No
2024-10-14 17:45:30.331786 Alpha: No
ChatterBot Mike reevaluating
ChatterBot Mike reevaluating
ChatterBot Mike reevaluating
2024-10-14 17:45:30.358687 Hotel: Quebec, Foxtrot and November, sending you 3
2024-10-14 17:45:30.361651 Mike: Quebec we want you to join our group
2024-10-14 17:45:30.364729 Quebec: No
ChatterBot Mike reevaluating
