ChatterBot India round 1
ChatterBot Bravo round 1
ChatterBot X-ray round 1
ChatterBot Golf round 1
ChatterBot Romeo round 1
ChatterBot Whiskey round 1
ChatterBot Delta round 1
ChatterBot Oscar round 1
randomSelections Bravo: {Bravo, Whiskey, India, Delta, Charlie, Romeo} 
2024-10-14 17:45:12.027404 Bravo: Friends?
ChatterBot Whiskey reevaluating
ChatterBot India reevaluating
ChatterBot Delta reevaluating
ChatterBot Romeo reevaluating
2024-10-14 17:45:12.056250 Whiskey: Yes
2024-10-14 17:45:12.056449 India: Yes
2024-10-14 17:45:12.056608 Delta: Yes
2024-10-14 17:45:12.056797 Romeo: Yes
ChatterBot India reevaluating
ChatterBot Delta reevaluating
ChatterBot Romeo reevaluating
ChatterBot Whiskey reevaluating
ChatterBot Delta reevaluating
ChatterBot Romeo reevaluating
ChatterBot Whiskey reevaluating
ChatterBot India reevaluating
ChatterBot Romeo reevaluating
ChatterBot Whiskey reevaluating
ChatterBot India reevaluating
ChatterBot Delta reevaluating
ChatterBot Charlie round 1
ChatterBot Charlie reevaluating
ChatterBot Charlie reevaluating
ChatterBot Charlie reevaluating
ChatterBot Charlie reevaluating
ChatterBot Charlie reevaluating
2024-10-14 17:45:12.202773 Charlie: Yes
ChatterBot Whiskey reevaluating
ChatterBot India reevaluating
ChatterBot Delta reevaluating
ChatterBot Romeo reevaluating
randomSelections X-ray: {X-ray, November, Bravo, Whiskey, Charlie, India} 
2024-10-14 17:45:12.225698 X-ray: Can we be friends?
ChatterBot Whiskey reevaluating
ChatterBot Charlie reevaluating
ChatterBot India reevaluating
2024-10-14 17:45:12.234590 Bravo: No
2024-10-14 17:45:12.234920 Whiskey: No
2024-10-14 17:45:12.235682 Charlie: No
2024-10-14 17:45:12.235876 India: No
ChatterBot Whiskey reevaluating
ChatterBot Charlie reevaluating
ChatterBot India reevaluating
ChatterBot Charlie reevaluating
ChatterBot India reevaluating
ChatterBot Whiskey reevaluating
ChatterBot India reevaluating
ChatterBot Whiskey reevaluating
ChatterBot Charlie reevaluating
randomSelections Golf: {Golf, Delta, X-ray, Whiskey, November, Charlie} 
2024-10-14 17:45:12.277878 Golf: Can we be friends?
ChatterBot Delta reevaluating
ChatterBot Whiskey reevaluating
ChatterBot Charlie reevaluating
2024-10-14 17:45:12.287991 Delta: No
2024-10-14 17:45:12.288433 X-ray: No
2024-10-14 17:45:12.289442 Whiskey: No
2024-10-14 17:45:12.289739 Charlie: No
ChatterBot Whiskey reevaluating
ChatterBot Charlie reevaluating
ChatterBot Delta reevaluating
ChatterBot Whiskey reevaluating
ChatterBot Charlie reevaluating
ChatterBot Delta reevaluating
ChatterBot Charlie reevaluating
ChatterBot Delta reevaluating
ChatterBot Whiskey reevaluating
ChatterBot November round 1
ChatterBot November reevaluating
ChatterBot November reevaluating
ChatterBot November reevaluating
ChatterBot November reevaluating
ChatterBot November reevaluating
ChatterBot November reevaluating
ChatterBot November reevaluating
ChatterBot November reevaluating
ChatterBot November reevaluating
ChatterBot November reevaluating
2024-10-14 17:45:12.353019 November: Yes
2024-10-14 17:45:12.353234 November: No
ChatterBot Whiskey reevaluating
ChatterBot Charlie reevaluating
ChatterBot India reevaluating
ChatterBot Delta reevaluating
ChatterBot Whiskey reevaluating
ChatterBot Charlie reevaluating
randomSelections Oscar: {Oscar, Whiskey, Romeo, X-ray, Bravo, India} 
2024-10-14 17:45:12.378253 Oscar: Can we be friends?
ChatterBot Whiskey reevaluating
ChatterBot Romeo reevaluating
ChatterBot India reevaluating
2024-10-14 17:45:12.446980 Whiskey: No
2024-10-14 17:45:12.448167 Romeo: No
2024-10-14 17:45:12.448405 X-ray: No
2024-10-14 17:45:12.448792 Bravo: No
2024-10-14 17:45:12.449088 India: No
ChatterBot Romeo reevaluating
ChatterBot India reevaluating
ChatterBot Whiskey reevaluating
ChatterBot India reevaluating
ChatterBot Whiskey reevaluating
ChatterBot Romeo reevaluating
ChatterBot India reevaluating
ChatterBot Whiskey reevaluating
ChatterBot Romeo reevaluating
ChatterBot India reevaluating
ChatterBot Whiskey reevaluating
ChatterBot Romeo reevaluating
2024-10-14 17:45:12.563229 Oscar: India and Whiskey, sending you 5
2024-10-14 17:45:12.564688 Romeo: India and Delta, sending you 3
2024-10-14 17:45:12.565865 Charlie: India, sending you 4
2024-10-14 17:45:12.566331 Bravo: India, Whiskey and Charlie, sending you 3
2024-10-14 17:45:12.567604 X-ray: India and Bravo, sending you 2
2024-10-14 17:45:12.568239 Golf: X-ray, sending you 1
2024-10-14 17:45:12.569557 Whiskey: India, sending you 6
2024-10-14 17:45:12.570071 India: Bravo and Romeo, sending you 5
2024-10-14 17:45:12.571358 November: India, sending you 4
2024-10-14 17:45:12.571995 Oscar: Bravo, sending you 1
2024-10-14 17:45:12.573227 Charlie: Bravo, sending you 2
2024-10-14 17:45:12.573802 Bravo: Romeo and Delta, sending you 2
2024-10-14 17:45:12.574896 Romeo: Bravo, sending you 4
2024-10-14 17:45:12.575506 X-ray: Whiskey, sending you 3
2024-10-14 17:45:12.577101 Golf: Whiskey and Charlie, sending you 2
2024-10-14 17:45:12.577836 India: Whiskey and Charlie, sending you 2
2024-10-14 17:45:12.579595 Whiskey: Bravo, sending you 3
2024-10-14 17:45:12.581104 November: Bravo, sending you 6
2024-10-14 17:45:12.581601 Oscar: X-ray, sending you 4
2024-10-14 17:45:12.583029 Charlie: Romeo, sending you 1
2024-10-14 17:45:12.583880 Romeo: Whiskey and Charlie, sending you 1
2024-10-14 17:45:12.585507 X-ray: Charlie, sending you 5
2024-10-14 17:45:12.587044 Golf: Delta, sending you 3
2024-10-14 17:45:12.588536 India: Delta, sending you 3
2024-10-14 17:45:12.589434 Whiskey: Delta and Charlie, sending you 4
2024-10-14 17:45:12.590621 November: X-ray, sending you 3
2024-10-14 17:45:12.591811 Oscar: Romeo, sending you 2
2024-10-14 17:45:12.592577 Charlie: Whiskey and Delta, sending you 3
2024-10-14 17:45:12.593833 X-ray: November, sending you 1
2024-10-14 17:45:12.595220 November: Whiskey, sending you 1
2024-10-14 17:45:12.599739 November: Charlie, sending you 5
chatterbot Oscar submitting transactions
chatterbot X-ray submitting transactions
chatterbot November submitting transactions
chatterbot Charlie submitting transactions
chatterbot Golf submitting transactions
chatterbot Delta submitting transactions
chatterbot Romeo submitting transactions
chatterbot Bravo submitting transactions
chatterbot India submitting transactions
chatterbot Whiskey submitting transactions
ChatterBot India round 2
ChatterBot Bravo round 2
ChatterBot X-ray round 2
ChatterBot Golf round 2
ChatterBot Romeo round 2
ChatterBot Whiskey round 2
ChatterBot Delta round 2
ChatterBot Oscar round 2
ChatterBot Charlie round 2
ChatterBot November round 2
2024-10-14 17:45:13.677153 Romeo: We should group up
ChatterBot India reevaluating
ChatterBot Bravo reevaluating
ChatterBot X-ray reevaluating
ChatterBot Whiskey reevaluating
ChatterBot Oscar reevaluating
ChatterBot Charlie reevaluating
2024-10-14 17:45:13.699454 India: No
2024-10-14 17:45:13.699687 Bravo: Yes
2024-10-14 17:45:13.699831 X-ray: Yes
2024-10-14 17:45:13.699993 Whiskey: Yes
2024-10-14 17:45:13.700535 Oscar: No
2024-10-14 17:45:13.700683 Charlie: Yes
ChatterBot Romeo reevaluating
ChatterBot Bravo reevaluating
ChatterBot X-ray reevaluating
ChatterBot Whiskey reevaluating
ChatterBot Oscar reevaluating
ChatterBot Charlie reevaluating
ChatterBot Romeo reevaluating
ChatterBot India reevaluating
ChatterBot X-ray reevaluating
ChatterBot Whiskey reevaluating
ChatterBot Oscar reevaluating
ChatterBot Charlie reevaluating
ChatterBot Romeo reevaluating
ChatterBot India reevaluating
ChatterBot Bravo reevaluating
ChatterBot Whiskey reevaluating
ChatterBot Oscar reevaluating
ChatterBot Charlie reevaluating
ChatterBot Romeo reevaluating
ChatterBot India reevaluating
ChatterBot Bravo reevaluating
ChatterBot X-ray reevaluating
ChatterBot Oscar reevaluating
ChatterBot Charlie reevaluating
ChatterBot Romeo reevaluating
ChatterBot India reevaluating
ChatterBot Bravo reevaluating
ChatterBot X-ray reevaluating
ChatterBot Whiskey reevaluating
ChatterBot Charlie reevaluating
ChatterBot Romeo reevaluating
ChatterBot India reevaluating
ChatterBot Bravo reevaluating
ChatterBot X-ray reevaluating
ChatterBot Whiskey reevaluating
ChatterBot Oscar reevaluating
2024-10-14 17:45:13.843162 X-ray: We should add Romeo and Oscar
2024-10-14 17:45:13.843492 Oscar: We should add Charlie
ChatterBot November reevaluating
ChatterBot Bravo reevaluating
ChatterBot Whiskey reevaluating
ChatterBot Charlie reevaluating
ChatterBot India reevaluating
ChatterBot Romeo reevaluating
ChatterBot X-ray reevaluating
2024-10-14 17:45:13.869531 November: No
2024-10-14 17:45:13.869737 Bravo: Yes
ChatterBot Bravo reevaluating
2024-10-14 17:45:13.873606 Whiskey: Yes
ChatterBot Whiskey reevaluating
2024-10-14 17:45:13.877267 Charlie: Yes
2024-10-14 17:45:13.877413 India: Yes
ChatterBot India reevaluating
2024-10-14 17:45:13.881200 Romeo: Yes
2024-10-14 17:45:13.881349 X-ray: Yes
2024-10-14 17:45:13.881510 Bravo: Yes
2024-10-14 17:45:13.882009 Whiskey: Yes
2024-10-14 17:45:13.882114 India: Yes
ChatterBot X-ray reevaluating
ChatterBot Bravo reevaluating
ChatterBot Whiskey reevaluating
ChatterBot Charlie reevaluating
ChatterBot India reevaluating
ChatterBot Oscar reevaluating
ChatterBot X-ray reevaluating
ChatterBot November reevaluating
ChatterBot Whiskey reevaluating
ChatterBot Charlie reevaluating
ChatterBot India reevaluating
ChatterBot Oscar reevaluating
ChatterBot Romeo reevaluating
ChatterBot X-ray reevaluating
ChatterBot November reevaluating
ChatterBot Bravo reevaluating
ChatterBot Charlie reevaluating
ChatterBot India reevaluating
ChatterBot Oscar reevaluating
ChatterBot Romeo reevaluating
ChatterBot X-ray reevaluating
ChatterBot November reevaluating
ChatterBot Bravo reevaluating
ChatterBot Whiskey reevaluating
ChatterBot India reevaluating
ChatterBot Oscar reevaluating
ChatterBot Romeo reevaluating
ChatterBot X-ray reevaluating
ChatterBot November reevaluating
ChatterBot Bravo reevaluating
ChatterBot Whiskey reevaluating
ChatterBot Charlie reevaluating
ChatterBot Oscar reevaluating
ChatterBot Romeo reevaluating
ChatterBot X-ray reevaluating
ChatterBot Bravo reevaluating
ChatterBot Whiskey reevaluating
ChatterBot India reevaluating
ChatterBot Bravo reevaluating
ChatterBot Whiskey reevaluating
ChatterBot India reevaluating
ChatterBot X-ray reevaluating
ChatterBot Whiskey reevaluating
ChatterBot India reevaluating
ChatterBot X-ray reevaluating
ChatterBot Bravo reevaluating
ChatterBot India reevaluating
ChatterBot X-ray reevaluating
ChatterBot Bravo reevaluating
ChatterBot Whiskey reevaluating
2024-10-14 17:45:14.081414 Delta: We would work well together
2024-10-14 17:45:14.084505 Golf: No
ChatterBot Delta reevaluating
2024-10-14 17:45:14.088380 Delta: We would work well together
ChatterBot India reevaluating
ChatterBot Bravo reevaluating
ChatterBot X-ray reevaluating
ChatterBot Romeo reevaluating
ChatterBot Whiskey reevaluating
ChatterBot Oscar reevaluating
ChatterBot Charlie reevaluating
ChatterBot November reevaluating
2024-10-14 17:45:14.117467 India: No
2024-10-14 17:45:14.117624 Bravo: No
2024-10-14 17:45:14.117735 X-ray: No
2024-10-14 17:45:14.117879 Romeo: No
2024-10-14 17:45:14.118037 Whiskey: No
2024-10-14 17:45:14.118537 Oscar: No
2024-10-14 17:45:14.118646 Charlie: No
2024-10-14 17:45:14.118754 November: No
ChatterBot Delta reevaluating
ChatterBot Bravo reevaluating
ChatterBot X-ray reevaluating
ChatterBot Romeo reevaluating
ChatterBot Whiskey reevaluating
ChatterBot Oscar reevaluating
ChatterBot Charlie reevaluating
ChatterBot November reevaluating
ChatterBot Delta reevaluating
ChatterBot India reevaluating
ChatterBot X-ray reevaluating
ChatterBot Romeo reevaluating
ChatterBot Whiskey reevaluating
ChatterBot Oscar reevaluating
ChatterBot Charlie reevaluating
ChatterBot November reevaluating
ChatterBot Delta reevaluating
ChatterBot India reevaluating
ChatterBot Bravo reevaluating
ChatterBot Romeo reevaluating
ChatterBot Whiskey reevaluating
ChatterBot Oscar reevaluating
ChatterBot Charlie reevaluating
ChatterBot November reevaluating
ChatterBot Delta reevaluating
ChatterBot India reevaluating
ChatterBot Bravo reevaluating
ChatterBot X-ray reevaluating
ChatterBot Whiskey reevaluating
ChatterBot Oscar reevaluating
ChatterBot Charlie reevaluating
ChatterBot November reevaluating
ChatterBot Delta reevaluating
ChatterBot India reevaluating
ChatterBot Bravo reevaluating
ChatterBot X-ray reevaluating
ChatterBot Romeo reevaluating
ChatterBot Oscar reevaluating
ChatterBot Charlie reevaluating
ChatterBot November reevaluating
ChatterBot Delta reevaluating
ChatterBot India reevaluating
ChatterBot Bravo reevaluating
ChatterBot X-ray reevaluating
ChatterBot Romeo reevaluating
ChatterBot Whiskey reevaluating
ChatterBot Charlie reevaluating
ChatterBot November reevaluating
ChatterBot Delta reevaluating
ChatterBot India reevaluating
ChatterBot Bravo reevaluating
ChatterBot X-ray reevaluating
ChatterBot Romeo reevaluating
ChatterBot Whiskey reevaluating
ChatterBot Oscar reevaluating
ChatterBot November reevaluating
ChatterBot Delta reevaluating
ChatterBot India reevaluating
ChatterBot Bravo reevaluating
ChatterBot X-ray reevaluating
ChatterBot Romeo reevaluating
ChatterBot Whiskey reevaluating
ChatterBot Oscar reevaluating
ChatterBot Charlie reevaluating
2024-10-14 17:45:14.583750 November: Romeo and Oscar we want you to join our group
2024-10-14 17:45:14.592398 Romeo: No
2024-10-14 17:45:14.593228 Oscar: No
ChatterBot India reevaluating
ChatterBot November reevaluating
ChatterBot India reevaluating
ChatterBot November reevaluating
2024-10-14 17:45:14.644534 X-ray: Romeo and Oscar we want you to join our group
2024-10-14 17:45:14.655771 Romeo: No
2024-10-14 17:45:14.656556 Oscar: No
ChatterBot India reevaluating
ChatterBot India reevaluating
2024-10-14 17:45:14.724057 Oscar: Charlie we want you to join our group
2024-10-14 17:45:14.729563 Charlie: Yes
ChatterBot India reevaluating
2024-10-14 17:45:14.935061 Whiskey: India, X-ray, Romeo, Charlie and November, sending you 2
2024-10-14 17:45:14.935979 Romeo: India, sending you 4
2024-10-14 17:45:14.936258 Delta: Sending you 6
2024-10-14 17:45:14.936446 Charlie: India, Bravo and Whiskey, sending you 2
2024-10-14 17:45:14.937234 Bravo: India, X-ray, Romeo, Whiskey, Charlie and November, sending you 2
chatterbot Delta submitting transactions
chatterbot Oscar submitting transactions
chatterbot Bravo submitting transactions
2024-10-14 17:45:15.047887 Romeo: Bravo, Oscar and Charlie, sending you 2
2024-10-14 17:45:15.049040 Whiskey: Bravo, sending you 3
2024-10-14 17:45:15.049979 Charlie: X-ray and November, sending you 3
2024-10-14 17:45:15.050442 Bravo: Oscar, sending you 1
2024-10-14 17:45:15.051672 X-ray: India, Bravo, Romeo, Whiskey and Charlie, sending you 1
2024-10-14 17:45:15.052313 Oscar: India, sending you 4
2024-10-14 17:45:15.053270 Romeo: X-ray and Whiskey, sending you 1
2024-10-14 17:45:15.104928 Whiskey: Oscar, sending you 4
2024-10-14 17:45:15.106139 Charlie: Romeo, sending you 1
chatterbot Charlie submitting transactions
2024-10-14 17:45:15.107517 India: Bravo, Romeo, Whiskey, Oscar and Charlie, sending you 3
2024-10-14 17:45:15.108147 November: X-ray, sending you 11
2024-10-14 17:45:15.109332 X-ray: Oscar and November, sending you 4
2024-10-14 17:45:15.109837 Oscar: Bravo, X-ray, Romeo, Whiskey and Charlie, sending you 3
chatterbot Golf submitting transactions
2024-10-14 17:45:15.142183 India: X-ray, sending you 2
chatterbot Whiskey submitting transactions
chatterbot Romeo submitting transactions
chatterbot X-ray submitting transactions
chatterbot November submitting transactions
chatterbot India submitting transactions
ChatterBot India round 3
ChatterBot Bravo round 3
ChatterBot X-ray round 3
ChatterBot Golf round 3
ChatterBot Romeo round 3
ChatterBot Whiskey round 3
ChatterBot Delta round 3
ChatterBot Oscar round 3
ChatterBot Charlie round 3
ChatterBot November round 3
2024-10-14 17:45:16.459803 Romeo: India, sending you 3
2024-10-14 17:45:16.460300 Charlie: India, Bravo, X-ray, Romeo, Whiskey and November, sending you 2
2024-10-14 17:45:16.461286 Whiskey: India, Bravo, Oscar and Charlie, sending you 3
2024-10-14 17:45:16.461681 India: Bravo, Romeo, Whiskey, Oscar and Charlie, sending you 3
2024-10-14 17:45:16.462594 Oscar: India, sending you 4
2024-10-14 17:45:16.462934 Delta: Sending you 7
2024-10-14 17:45:16.463152 Golf: Sending you 7
2024-10-14 17:45:16.463353 X-ray: India, Bravo, Whiskey, Oscar and Charlie, sending you 2
2024-10-14 17:45:16.464373 Bravo: India, Romeo, Whiskey, Oscar, Charlie and November, sending you 2
2024-10-14 17:45:16.465170 Charlie: Oscar, sending you 1
2024-10-14 17:45:16.465634 Romeo: Bravo, Whiskey, Oscar and Charlie, sending you 2
2024-10-14 17:45:16.466816 India: X-ray, sending you 2
2024-10-14 17:45:16.467307 Whiskey: X-ray and Romeo, sending you 2
2024-10-14 17:45:16.467708 Oscar: Bravo, sending you 1
2024-10-14 17:45:16.469015 X-ray: November, sending you 3
2024-10-14 17:45:16.470650 Bravo: X-ray, sending you 1
2024-10-14 17:45:16.471300 November: Bravo, sending you 4
2024-10-14 17:45:16.472962 Romeo: X-ray, sending you 1
2024-10-14 17:45:16.473952 Whiskey: November, sending you 1
2024-10-14 17:45:16.474467 Oscar: X-ray, sending you 5
2024-10-14 17:45:16.475067 November: X-ray, sending you 7
2024-10-14 17:45:16.478680 Oscar: Romeo, sending you 3
2024-10-14 17:45:16.479898 November: Whiskey, sending you 3
2024-10-14 17:45:16.501269 Oscar: Whiskey, sending you 6
2024-10-14 17:45:16.501768 November: Charlie, sending you 5
chatterbot November submitting transactions
chatterbot Bravo submitting transactions
chatterbot Oscar submitting transactions
chatterbot Charlie submitting transactions
chatterbot India submitting transactions
chatterbot Romeo submitting transactions
chatterbot Golf submitting transactions
chatterbot X-ray submitting transactions
chatterbot Delta submitting transactions
chatterbot Whiskey submitting transactions
ChatterBot India round 4
ChatterBot Bravo round 4
ChatterBot X-ray round 4
ChatterBot Golf round 4
ChatterBot Romeo round 4
ChatterBot Whiskey round 4
ChatterBot Delta round 4
ChatterBot Oscar round 4
ChatterBot Charlie round 4
ChatterBot November round 4
2024-10-14 17:45:17.565050 Oscar: India and X-ray, sending you 4
2024-10-14 17:45:17.566670 Bravo: India, X-ray, Romeo, Whiskey, Charlie and November, sending you 2
2024-10-14 17:45:17.568508 Delta: Same as last round
2024-10-14 17:45:17.568954 Oscar: Bravo, sending you 2
2024-10-14 17:45:17.570343 Golf: Same as last round
2024-10-14 17:45:17.570764 X-ray: India, Bravo, Whiskey, Oscar and Charlie, sending you 2
2024-10-14 17:45:17.573026 Bravo: Oscar, sending you 1
2024-10-14 17:45:17.574949 November: Bravo, sending you 4
2024-10-14 17:45:17.576131 Oscar: Romeo, sending you 3
2024-10-14 17:45:17.577862 Whiskey: India, sending you 3
2024-10-14 17:45:17.578580 X-ray: November, sending you 3
2024-10-14 17:45:17.579871 Romeo: India, sending you 3
2024-10-14 17:45:17.580685 November: X-ray, sending you 7
2024-10-14 17:45:17.581309 Charlie: India, Bravo, X-ray, Romeo, Whiskey and November, sending you 2
2024-10-14 17:45:17.582436 Whiskey: Bravo, X-ray, Romeo, Charlie and November, sending you 2
2024-10-14 17:45:17.582956 Oscar: Whiskey, sending you 5
2024-10-14 17:45:17.584061 India: Bravo, Romeo, Whiskey, Oscar and Charlie, sending you 3
2024-10-14 17:45:17.584581 Romeo: Bravo, Whiskey, Oscar and Charlie, sending you 2
2024-10-14 17:45:17.585727 November: Whiskey, sending you 3
2024-10-14 17:45:17.586301 Whiskey: Oscar, sending you 4
2024-10-14 17:45:17.587027 Charlie: Oscar, sending you 1
2024-10-14 17:45:17.588015 Romeo: X-ray, sending you 1
2024-10-14 17:45:17.588679 Oscar: Charlie, sending you 1
2024-10-14 17:45:17.589686 India: X-ray, sending you 2
2024-10-14 17:45:17.590233 November: Charlie, sending you 5
chatterbot November submitting transactions
chatterbot India submitting transactions
chatterbot Bravo submitting transactions
chatterbot Delta submitting transactions
chatterbot Whiskey submitting transactions
chatterbot Romeo submitting transactions
chatterbot Oscar submitting transactions
chatterbot X-ray submitting transactions
chatterbot Golf submitting transactions
chatterbot Charlie submitting transactions
ChatterBot India round 5
ChatterBot Bravo round 5
ChatterBot X-ray round 5
ChatterBot Golf round 5
ChatterBot Romeo round 5
ChatterBot Whiskey round 5
ChatterBot Delta round 5
ChatterBot Oscar round 5
ChatterBot Charlie round 5
ChatterBot November round 5
2024-10-14 17:45:18.865681 India: Bravo, Romeo, Whiskey, Oscar and Charlie, sending you 3
2024-10-14 17:45:18.867133 Bravo: India, X-ray, Romeo, Whiskey, Charlie and November, sending you 2
2024-10-14 17:45:18.869834 X-ray: India, Bravo, Whiskey, Oscar, Charlie and November, sending you 2
2024-10-14 17:45:18.870672 India: X-ray, sending you 2
2024-10-14 17:45:18.871239 Bravo: Oscar, sending you 1
2024-10-14 17:45:18.873208 Romeo: India, sending you 3
2024-10-14 17:45:18.874678 Delta: Same as last round
2024-10-14 17:45:18.874962 X-ray: Romeo, sending you 1
2024-10-14 17:45:18.877110 Romeo: Bravo, Whiskey, Oscar and Charlie, sending you 2
2024-10-14 17:45:18.880694 Charlie: India, Bravo, X-ray, Romeo, Whiskey and November, sending you 2
2024-10-14 17:45:18.881272 Romeo: X-ray, sending you 1
2024-10-14 17:45:18.882110 Golf: Same as last round
2024-10-14 17:45:18.883666 Charlie: Oscar, sending you 1
2024-10-14 17:45:18.886034 Whiskey: India, sending you 3
2024-10-14 17:45:18.886638 Oscar: India and X-ray, sending you 4
2024-10-14 17:45:18.891668 Whiskey: Bravo, X-ray, Romeo, Charlie and November, sending you 2
2024-10-14 17:45:18.892267 Oscar: Bravo, sending you 2
2024-10-14 17:45:18.894689 November: Bravo, sending you 4
2024-10-14 17:45:18.895656 Whiskey: Oscar, sending you 4
2024-10-14 17:45:18.896678 Oscar: Romeo, sending you 3
2024-10-14 17:45:18.900790 November: X-ray, sending you 7
2024-10-14 17:45:18.901663 Oscar: Whiskey, sending you 5
2024-10-14 17:45:18.903978 November: Whiskey, sending you 3
2024-10-14 17:45:18.905652 Oscar: Charlie, sending you 1
2024-10-14 17:45:18.907202 November: Charlie, sending you 5
chatterbot Romeo submitting transactions
chatterbot Charlie submitting transactions
chatterbot Whiskey submitting transactions
chatterbot Bravo submitting transactions
chatterbot November submitting transactions
chatterbot X-ray submitting transactions
chatterbot India submitting transactions
chatterbot Delta submitting transactions
chatterbot Golf submitting transactions
chatterbot Oscar submitting transactions
ChatterBot India round 6
ChatterBot Bravo round 6
ChatterBot X-ray round 6
ChatterBot Golf round 6
ChatterBot Romeo round 6
ChatterBot Whiskey round 6
ChatterBot Delta round 6
ChatterBot Oscar round 6
ChatterBot Charlie round 6
ChatterBot November round 6
2024-10-14 17:45:20.122565 India: We should add November
2024-10-14 17:45:20.135173 Romeo: No
2024-10-14 17:45:20.135381 Bravo: Yes
2024-10-14 17:45:20.135567 X-ray: Yes
2024-10-14 17:45:20.135723 Whiskey: Yes
2024-10-14 17:45:20.135839 Oscar: No
2024-10-14 17:45:20.135941 Charlie: Yes
ChatterBot India reevaluating
ChatterBot Romeo reevaluating
ChatterBot India reevaluating
ChatterBot Romeo reevaluating
ChatterBot India reevaluating
ChatterBot Oscar reevaluating
ChatterBot Romeo reevaluating
ChatterBot India reevaluating
ChatterBot Oscar reevaluating
ChatterBot Romeo reevaluating
ChatterBot India reevaluating
ChatterBot Romeo reevaluating
ChatterBot India reevaluating
ChatterBot Oscar reevaluating
2024-10-14 17:45:20.240246 Romeo: November we want you to join our group
2024-10-14 17:45:20.242862 November: Yes
ChatterBot India reevaluating
ChatterBot Romeo reevaluating
ChatterBot Oscar reevaluating
2024-10-14 17:45:20.261672 Whiskey: India, sending you 3
2024-10-14 17:45:20.262992 X-ray: India, Bravo, Whiskey, Oscar, Charlie and November, sending you 2
2024-10-14 17:45:20.263729 Golf: Same as last round
2024-10-14 17:45:20.264673 Whiskey: Bravo, X-ray, Romeo, Charlie and November, sending you 2
2024-10-14 17:45:20.265680 India: November we want you to join our group
2024-10-14 17:45:20.271109 November: Yes
ChatterBot India reevaluating
ChatterBot Romeo reevaluating
2024-10-14 17:45:20.305045 Oscar: November we want you to join our group
2024-10-14 17:45:20.309495 November: Yes
ChatterBot India reevaluating
ChatterBot Romeo reevaluating
2024-10-14 17:45:20.325111 X-ray: Romeo, sending you 1
2024-10-14 17:45:20.325610 Whiskey: Oscar, sending you 4
2024-10-14 17:45:20.328693 November: Bravo and Whiskey, sending you 4
2024-10-14 17:45:20.329684 Delta: Same as last round
2024-10-14 17:45:20.330663 Bravo: India, X-ray, Romeo, Whiskey, Charlie and November, sending you 2
2024-10-14 17:45:20.331334 Charlie: India, Bravo, X-ray, Romeo, Whiskey and November, sending you 2
2024-10-14 17:45:20.332663 November: X-ray, sending you 6
2024-10-14 17:45:20.334688 Bravo: Oscar, sending you 1
2024-10-14 17:45:20.335718 November: Charlie, sending you 5
2024-10-14 17:45:20.336789 Charlie: Oscar, sending you 1
2024-10-14 17:45:20.347111 India: Bravo, X-ray, Charlie and November, sending you 2
2024-10-14 17:45:20.350662 Oscar: India, sending you 4
2024-10-14 17:45:20.352674 India: Romeo, Whiskey and Oscar, sending you 3
2024-10-14 17:45:20.354665 Oscar: Bravo, sending you 2
2024-10-14 17:45:20.356669 Romeo: India, Bravo, Whiskey, Oscar and Charlie, sending you 2
2024-10-14 17:45:20.359674 Oscar: X-ray and Romeo, sending you 3
2024-10-14 17:45:20.361651 Romeo: X-ray and November, sending you 1
2024-10-14 17:45:20.364663 Oscar: Whiskey, sending you 6
2024-10-14 17:45:20.368652 Oscar: Charlie, sending you 1
chatterbot Charlie submitting transactions
chatterbot Delta submitting transactions
chatterbot Golf submitting transactions
chatterbot Bravo submitting transactions
chatterbot India submitting transactions
chatterbot Romeo submitting transactions
chatterbot November submitting transactions
chatterbot Whiskey submitting transactions
chatterbot X-ray submitting transactions
chatterbot Oscar submitting transactions
ChatterBot India round 7
ChatterBot Bravo round 7
ChatterBot X-ray round 7
ChatterBot Golf round 7
ChatterBot Romeo round 7
ChatterBot Whiskey round 7
ChatterBot Delta round 7
ChatterBot Oscar round 7
ChatterBot Charlie round 7
ChatterBot November round 7
2024-10-14 17:45:21.542672 Bravo: India, X-ray, Romeo, Whiskey, Charlie and November, sending you 2
2024-10-14 17:45:21.544676 Oscar: India, sending you 4
2024-10-14 17:45:21.546699 India: Bravo, X-ray, Charlie and November, sending you 2
2024-10-14 17:45:21.548674 Bravo: Oscar, sending you 1
2024-10-14 17:45:21.549837 Oscar: Bravo, sending you 2
2024-10-14 17:45:21.551700 India: Romeo, Whiskey and Oscar, sending you 3
2024-10-14 17:45:21.553689 Oscar: X-ray and Romeo, sending you 3
2024-10-14 17:45:21.555665 X-ray: India, Bravo, Whiskey, Oscar, Charlie and November, sending you 2
2024-10-14 17:45:21.556533 Delta: Same as last round
2024-10-14 17:45:21.556830 Charlie: India, Bravo, X-ray, Romeo, Whiskey and November, sending you 2
2024-10-14 17:45:21.557624 Golf: Same as last round
2024-10-14 17:45:21.557906 Oscar: Whiskey, sending you 6
2024-10-14 17:45:21.558700 X-ray: Romeo, sending you 1
2024-10-14 17:45:21.559690 Charlie: Oscar, sending you 1
2024-10-14 17:45:21.561693 November: India and Romeo, sending you 1
2024-10-14 17:45:21.562679 Romeo: India, Bravo, Whiskey, Oscar and Charlie, sending you 2
2024-10-14 17:45:21.564088 Whiskey: India, sending you 3
2024-10-14 17:45:21.565522 Oscar: Charlie, sending you 1
2024-10-14 17:45:21.566683 November: Bravo and Charlie, sending you 4
2024-10-14 17:45:21.567728 Romeo: X-ray and November, sending you 1
2024-10-14 17:45:21.568827 Whiskey: Bravo, X-ray, Romeo, Charlie and November, sending you 2
2024-10-14 17:45:21.571700 November: X-ray, sending you 6
2024-10-14 17:45:21.572759 Whiskey: Oscar, sending you 4
2024-10-14 17:45:21.576697 November: Whiskey, sending you 3
chatterbot Oscar submitting transactions
chatterbot X-ray submitting transactions
chatterbot Golf submitting transactions
chatterbot Delta submitting transactions
chatterbot Whiskey submitting transactions
chatterbot India submitting transactions
chatterbot Bravo submitting transactions
chatterbot Charlie submitting transactions
chatterbot November submitting transactions
chatterbot Romeo submitting transactions
ChatterBot India round 8
ChatterBot Bravo round 8
ChatterBot X-ray round 8
ChatterBot Golf round 8
ChatterBot Romeo round 8
ChatterBot Whiskey round 8
ChatterBot Delta round 8
ChatterBot Oscar round 8
ChatterBot Charlie round 8
ChatterBot November round 8
2024-10-14 17:45:22.767998 India: We should drop Romeo
2024-10-14 17:45:22.782648 Bravo: No
2024-10-14 17:45:22.782847 X-ray: No
2024-10-14 17:45:22.782994 Whiskey: No
2024-10-14 17:45:22.783110 Oscar: No
2024-10-14 17:45:22.783224 Charlie: No
2024-10-14 17:45:22.783334 November: No
ChatterBot India reevaluating
ChatterBot India reevaluating
ChatterBot India reevaluating
ChatterBot India reevaluating
ChatterBot India reevaluating
2024-10-14 17:45:22.887676 X-ray: India, Bravo, Whiskey, Oscar, Charlie and November, sending you 2
2024-10-14 17:45:22.891702 X-ray: Romeo, sending you 1
2024-10-14 17:45:22.898806 Bravo: India, X-ray, Romeo, Whiskey, Charlie and November, sending you 2
2024-10-14 17:45:22.900686 India: Bravo, X-ray, Romeo, Charlie and November, sending you 2
2024-10-14 17:45:22.901573 November: India, sending you 2
2024-10-14 17:45:22.902694 Oscar: India, sending you 4
2024-10-14 17:45:22.904253 Delta: Same as last round
2024-10-14 17:45:22.904666 Bravo: Oscar, sending you 1
2024-10-14 17:45:22.905676 India: Whiskey, sending you 4
2024-10-14 17:45:22.906685 November: Bravo and Charlie, sending you 4
2024-10-14 17:45:22.907883 Golf: Same as last round
2024-10-14 17:45:22.908680 Oscar: Bravo, sending you 2
2024-10-14 17:45:22.909421 Romeo: India, Bravo, Whiskey, Oscar and Charlie, sending you 2
2024-10-14 17:45:22.910242 India: Oscar, sending you 3
2024-10-14 17:45:22.910961 Whiskey: India, sending you 3
2024-10-14 17:45:22.911689 November: X-ray, sending you 5
2024-10-14 17:45:22.912449 Oscar: X-ray and Romeo, sending you 3
2024-10-14 17:45:22.913553 Romeo: X-ray and November, sending you 1
2024-10-14 17:45:22.914698 Whiskey: Bravo, X-ray, Romeo, Charlie and November, sending you 2
2024-10-14 17:45:22.915739 Charlie: India, Bravo, X-ray, Romeo, Whiskey and November, sending you 2
2024-10-14 17:45:22.916695 November: Romeo, sending you 1
2024-10-14 17:45:22.917929 Oscar: Whiskey, sending you 6
2024-10-14 17:45:22.918749 Whiskey: Oscar, sending you 4
2024-10-14 17:45:22.920019 Charlie: Oscar, sending you 1
2024-10-14 17:45:22.921685 Oscar: Charlie, sending you 1
2024-10-14 17:45:22.923360 November: Whiskey, sending you 3
chatterbot Bravo submitting transactions
chatterbot X-ray submitting transactions
chatterbot November submitting transactions
chatterbot India submitting transactions
chatterbot Romeo submitting transactions
chatterbot Delta submitting transactions
chatterbot Charlie submitting transactions
chatterbot Golf submitting transactions
chatterbot Whiskey submitting transactions
chatterbot Oscar submitting transactions
ChatterBot India round 9
ChatterBot Bravo round 9
ChatterBot X-ray round 9
ChatterBot Golf round 9
ChatterBot Romeo round 9
ChatterBot Whiskey round 9
ChatterBot Delta round 9
ChatterBot Oscar round 9
ChatterBot Charlie round 9
ChatterBot November round 9
2024-10-14 17:45:24.143707 Whiskey: India, sending you 3
2024-10-14 17:45:24.148690 Whiskey: Bravo, X-ray, Romeo, Charlie and November, sending you 2
2024-10-14 17:45:24.150052 Delta: Same as last round
2024-10-14 17:45:24.150707 India: Bravo, X-ray, Romeo, Charlie and November, sending you 2
2024-10-14 17:45:24.151952 Oscar: India, sending you 4
2024-10-14 17:45:24.153929 Romeo: India, Bravo, Whiskey, Oscar and Charlie, sending you 2
2024-10-14 17:45:24.155173 Whiskey: Oscar, sending you 4
2024-10-14 17:45:24.156405 Bravo: India, X-ray, Romeo, Whiskey, Charlie and November, sending you 2
2024-10-14 17:45:24.157806 Golf: Sending you 6
2024-10-14 17:45:24.158162 India: Whiskey, sending you 4
2024-10-14 17:45:24.160053 November: India, sending you 2
2024-10-14 17:45:24.161351 Oscar: Bravo, sending you 2
2024-10-14 17:45:24.162605 X-ray: India, Bravo, Whiskey, Oscar, Charlie and November, sending you 2
2024-10-14 17:45:24.163963 Romeo: X-ray and November, sending you 1
2024-10-14 17:45:24.165677 Bravo: Oscar, sending you 1
2024-10-14 17:45:24.166940 India: Oscar, sending you 3
2024-10-14 17:45:24.168399 November: Bravo and Charlie, sending you 4
2024-10-14 17:45:24.169683 Oscar: X-ray and Romeo, sending you 3
2024-10-14 17:45:24.171381 Charlie: India, Bravo, X-ray, Romeo, Whiskey and November, sending you 2
2024-10-14 17:45:24.172716 X-ray: Romeo, sending you 1
2024-10-14 17:45:24.174021 November: X-ray, sending you 5
2024-10-14 17:45:24.175781 Oscar: Whiskey, sending you 6
2024-10-14 17:45:24.177121 Charlie: Oscar, sending you 1
2024-10-14 17:45:24.181046 November: Romeo, sending you 1
2024-10-14 17:45:24.182415 Oscar: Charlie, sending you 1
2024-10-14 17:45:24.185680 November: Whiskey, sending you 3
chatterbot Oscar submitting transactions
chatterbot Charlie submitting transactions
chatterbot Golf submitting transactions
chatterbot November submitting transactions
chatterbot Romeo submitting transactions
chatterbot Delta submitting transactions
chatterbot Bravo submitting transactions
chatterbot India submitting transactions
chatterbot X-ray submitting transactions
chatterbot Whiskey submitting transactions
ChatterBot India round 10
ChatterBot Bravo round 10
ChatterBot X-ray round 10
ChatterBot Golf round 10
ChatterBot Romeo round 10
ChatterBot Whiskey round 10
ChatterBot Delta round 10
ChatterBot Oscar round 10
ChatterBot Charlie round 10
ChatterBot November round 10
2024-10-14 17:45:25.300663 X-ray: India, Bravo, Whiskey, Oscar, Charlie and November, sending you 2
2024-10-14 17:45:25.305653 X-ray: Romeo, sending you 1
2024-10-14 17:45:25.306879 Bravo: India, X-ray, Romeo, Whiskey, Charlie and November, sending you 2
2024-10-14 17:45:25.308046 Romeo: India, Bravo, Whiskey, Oscar and Charlie, sending you 2
2024-10-14 17:45:25.308816 Golf: Same as last round
2024-10-14 17:45:25.309649 Delta: Sending you 8
2024-10-14 17:45:25.310681 Bravo: Oscar, sending you 1
2024-10-14 17:45:25.312452 Romeo: X-ray and November, sending you 1
2024-10-14 17:45:25.314187 Whiskey: India, sending you 3
2024-10-14 17:45:25.315919 India: Bravo, X-ray, Romeo, Charlie and November, sending you 2
2024-10-14 17:45:25.317508 November: India, sending you 2
2024-10-14 17:45:25.319307 Whiskey: Bravo, X-ray, Romeo, Charlie and November, sending you 2
2024-10-14 17:45:25.321104 Oscar: India, sending you 4
2024-10-14 17:45:25.322702 India: Whiskey, sending you 4
2024-10-14 17:45:25.324312 November: Bravo, X-ray, Whiskey and Charlie, sending you 4
2024-10-14 17:45:25.326489 Charlie: India, Bravo, X-ray, Romeo, Whiskey and November, sending you 2
2024-10-14 17:45:25.328223 Whiskey: Oscar, sending you 4
2024-10-14 17:45:25.329141 Oscar: Bravo, sending you 2
2024-10-14 17:45:25.330 India: Oscar, sending you 3
2024-10-14 17:45:25.331128 November: Romeo, sending you 1
2024-10-14 17:45:25.332086 Charlie: Oscar, sending you 1
2024-10-14 17:45:25.332954 Oscar: X-ray and Romeo, sending you 3
2024-10-14 17:45:25.338664 Oscar: Whiskey, sending you 6
2024-10-14 17:45:25.342693 Oscar: Charlie, sending you 1
chatterbot Oscar submitting transactions
chatterbot X-ray submitting transactions
chatterbot Charlie submitting transactions
chatterbot November submitting transactions
chatterbot Delta submitting transactions
chatterbot Whiskey submitting transactions
chatterbot India submitting transactions
chatterbot Golf submitting transactions
chatterbot Bravo submitting transactions
chatterbot Romeo submitting transactions
ChatterBot India round 11
ChatterBot Bravo round 11
ChatterBot X-ray round 11
ChatterBot Golf round 11
ChatterBot Romeo round 11
ChatterBot Whiskey round 11
ChatterBot Delta round 11
ChatterBot Oscar round 11
ChatterBot Charlie round 11
ChatterBot November round 11
2024-10-14 17:45:26.497679 X-ray: India, Bravo, Whiskey, Oscar, Charlie and November, sending you 2
2024-10-14 17:45:26.499481 Bravo: India, X-ray, Romeo, Whiskey, Charlie and November, sending you 2
2024-10-14 17:45:26.501328 Romeo: India, Bravo, Whiskey, Oscar and Charlie, sending you 2
2024-10-14 17:45:26.502894 India: Bravo, X-ray, Romeo, Charlie and November, sending you 2
2024-10-14 17:45:26.504521 X-ray: Romeo, sending you 1
2024-10-14 17:45:26.506445 Bravo: Oscar, sending you 1
2024-10-14 17:45:26.508054 India: Whiskey, sending you 4
2024-10-14 17:45:26.509551 Romeo: X-ray and November, sending you 1
2024-10-14 17:45:26.511701 India: Oscar, sending you 3
2024-10-14 17:45:26.512956 Whiskey: India, sending you 3
2024-10-14 17:45:26.515652 Golf: Same as last round
2024-10-14 17:45:26.516664 November: India, sending you 3
2024-10-14 17:45:26.517756 Whiskey: Bravo, X-ray, Romeo, Charlie and November, sending you 2
2024-10-14 17:45:26.518818 Charlie: India, Bravo, X-ray, Romeo, Whiskey and November, sending you 2
2024-10-14 17:45:26.519799 Oscar: India, sending you 4
2024-10-14 17:45:26.520754 Delta: Same as last round
2024-10-14 17:45:26.521009 November: Bravo, X-ray, Whiskey and Charlie, sending you 4
2024-10-14 17:45:26.522686 Whiskey: Oscar, sending you 4
2024-10-14 17:45:26.523781 Charlie: Oscar, sending you 1
2024-10-14 17:45:26.525190 Oscar: Bravo, sending you 2
2024-10-14 17:45:26.528724 Oscar: X-ray and Romeo, sending you 3
2024-10-14 17:45:26.533649 Oscar: Whiskey, sending you 6
2024-10-14 17:45:26.539656 Oscar: Charlie, sending you 1
chatterbot November submitting transactions
chatterbot Golf submitting transactions
chatterbot Charlie submitting transactions
chatterbot India submitting transactions
chatterbot Romeo submitting transactions
chatterbot Delta submitting transactions
chatterbot Whiskey submitting transactions
chatterbot X-ray submitting transactions
chatterbot Bravo submitting transactions
chatterbot Oscar submitting transactions
ChatterBot India round 12
ChatterBot Bravo round 12
ChatterBot X-ray round 12
ChatterBot Golf round 12
ChatterBot Romeo round 12
ChatterBot Whiskey round 12
ChatterBot Delta round 12
ChatterBot Oscar round 12
ChatterBot Charlie round 12
ChatterBot November round 12
2024-10-14 17:45:27.779699 Romeo: India, Bravo, Whiskey, Oscar and Charlie, sending you 2
2024-10-14 17:45:27.781893 November: India, sending you 3
2024-10-14 17:45:27.784456 Bravo: India, X-ray, Romeo, Whiskey, Charlie and November, sending you 2
2024-10-14 17:45:27.786552 Charlie: India, Bravo, X-ray, Romeo, Whiskey and November, sending you 2
2024-10-14 17:45:27.788494 India: Bravo, X-ray, Romeo, Charlie and November, sending you 2
2024-10-14 17:45:27.790404 Romeo: X-ray and November, sending you 1
2024-10-14 17:45:27.792180 November: Bravo, X-ray, Whiskey and Charlie, sending you 4
2024-10-14 17:45:27.794136 Bravo: Oscar, sending you 1
2024-10-14 17:45:27.795696 Golf: Same as last round
2024-10-14 17:45:27.796012 Charlie: Oscar, sending you 1
2024-10-14 17:45:27.797609 Oscar: India, sending you 4
2024-10-14 17:45:27.799307 Delta: Same as last round
2024-10-14 17:45:27.799938 India: Whiskey, sending you 4
2024-10-14 17:45:27.802394 X-ray: India, Bravo, Whiskey, Oscar, Charlie and November, sending you 2
2024-10-14 17:45:27.804878 Whiskey: India, sending you 3
2024-10-14 17:45:27.809093 Oscar: Bravo, sending you 2
2024-10-14 17:45:27.811165 India: Oscar, sending you 3
2024-10-14 17:45:27.813482 X-ray: Romeo, sending you 1
2024-10-14 17:45:27.816419 Whiskey: Bravo, X-ray, Romeo, Charlie and November, sending you 2
2024-10-14 17:45:27.819466 Oscar: X-ray and Romeo, sending you 3
2024-10-14 17:45:27.822702 Whiskey: Oscar, sending you 4
2024-10-14 17:45:27.826347 Oscar: Whiskey, sending you 6
2024-10-14 17:45:27.831749 Oscar: Charlie, sending you 1
chatterbot X-ray submitting transactions
