ChatterBot Victor round 1
ChatterBot November round 1
randomSelections Victor: {Victor, November, Juliett, India} 
2024-10-14 17:45:12.056743 Victor: Let's form a team
ChatterBot November reevaluating
2024-10-14 17:45:12.063294 November: Yes
ChatterBot Sierra round 1
ChatterBot India round 1
ChatterBot India reevaluating
ChatterBot India reevaluating
2024-10-14 17:45:12.080413 India: Yes
ChatterBot November reevaluating
ChatterBot Juliett round 1
ChatterBot Juliett reevaluating
ChatterBot Juliett reevaluating
ChatterBot Juliett reevaluating
2024-10-14 17:45:12.128632 Juliett: Yes
ChatterBot November reevaluating
ChatterBot India reevaluating
ChatterBot Golf round 1
ChatterBot Romeo round 1
ChatterBot Charlie round 1
ChatterBot Papa round 1
ChatterBot Lima round 1
randomSelections Sierra: {Sierra, Romeo, Victor, Lima, Golf, Papa} 
2024-10-14 17:45:12.156793 Sierra: Can we be friends?
ChatterBot Romeo reevaluating
ChatterBot Lima reevaluating
ChatterBot Golf reevaluating
ChatterBot Papa reevaluating
2024-10-14 17:45:12.166974 Romeo: Yes
2024-10-14 17:45:12.167207 Victor: No
2024-10-14 17:45:12.167445 Lima: Yes
2024-10-14 17:45:12.167571 Golf: Yes
2024-10-14 17:45:12.167675 Papa: Yes
ChatterBot Lima reevaluating
ChatterBot Golf reevaluating
ChatterBot Papa reevaluating
ChatterBot Romeo reevaluating
ChatterBot Lima reevaluating
ChatterBot Golf reevaluating
ChatterBot Papa reevaluating
ChatterBot Romeo reevaluating
ChatterBot Golf reevaluating
ChatterBot Papa reevaluating
ChatterBot Romeo reevaluating
ChatterBot Lima reevaluating
ChatterBot Papa reevaluating
ChatterBot Romeo reevaluating
ChatterBot Lima reevaluating
ChatterBot Golf reevaluating
randomSelections Charlie: {Charlie, Romeo, Lima} 
2024-10-14 17:45:12.208187 Charlie: We would work well together
ChatterBot Romeo reevaluating
ChatterBot Lima reevaluating
2024-10-14 17:45:12.211415 Romeo: No
2024-10-14 17:45:12.211750 Lima: No
ChatterBot Lima reevaluating
ChatterBot Romeo reevaluating
2024-10-14 17:45:12.230020 Victor: November, sending you 4
2024-10-14 17:45:12.234023 India: Victor, sending you 7
2024-10-14 17:45:12.234747 Victor: India, sending you 5
2024-10-14 17:45:12.235828 Charlie: Romeo, sending you 10
2024-10-14 17:45:12.236382 Sierra: Golf, sending you 5
2024-10-14 17:45:12.238737 Victor: Juliett, sending you 3
2024-10-14 17:45:12.240117 India: November, sending you 8
2024-10-14 17:45:12.240636 Charlie: Lima, sending you 9
2024-10-14 17:45:12.241206 Sierra: Romeo, sending you 1
2024-10-14 17:45:12.243812 Lima: Victor, sending you 1
2024-10-14 17:45:12.244404 Juliett: Victor, sending you 6
2024-10-14 17:45:12.245290 Golf: Victor, sending you 1
2024-10-14 17:45:12.245763 India: Juliett, sending you 3
2024-10-14 17:45:12.246227 November: Victor, sending you 1
2024-10-14 17:45:12.247202 Sierra: Papa, sending you 4
2024-10-14 17:45:12.248472 Lima: Sierra, Golf, Romeo and Papa, sending you 2
2024-10-14 17:45:12.250356 Juliett: November, sending you 5
2024-10-14 17:45:12.251172 Golf: Sierra and Romeo, sending you 4
2024-10-14 17:45:12.252708 Sierra: Lima, sending you 6
2024-10-14 17:45:12.253983 November: India, sending you 6
2024-10-14 17:45:12.259337 Romeo: Victor and Lima, sending you 1
2024-10-14 17:45:12.260649 Juliett: India, sending you 4
2024-10-14 17:45:12.261764 Golf: Papa, sending you 6
2024-10-14 17:45:12.262522 November: Juliett, sending you 2
2024-10-14 17:45:12.265293 Romeo: Sierra, sending you 7
2024-10-14 17:45:12.275376 Golf: Lima, sending you 2
2024-10-14 17:45:12.277019 Romeo: Golf, sending you 3
2024-10-14 17:45:12.289419 Romeo: Papa, sending you 4
chatterbot Golf submitting transactions
chatterbot Victor submitting transactions
chatterbot Sierra submitting transactions
chatterbot Juliett submitting transactions
chatterbot India submitting transactions
chatterbot November submitting transactions
chatterbot Charlie submitting transactions
chatterbot Lima submitting transactions
chatterbot Romeo submitting transactions
chatterbot Papa submitting transactions
ChatterBot Victor round 2
ChatterBot November round 2
ChatterBot Sierra round 2
ChatterBot India round 2
ChatterBot Juliett round 2
ChatterBot Golf round 2
ChatterBot Romeo round 2
ChatterBot Charlie round 2
ChatterBot Papa round 2
ChatterBot Lima round 2
2024-10-14 17:45:13.503726 Romeo: We should replace Victor with Charlie
ChatterBot Sierra reevaluating
ChatterBot Golf reevaluating
ChatterBot Papa reevaluating
ChatterBot Lima reevaluating
2024-10-14 17:45:13.521691 Sierra: Yes
2024-10-14 17:45:13.521925 Golf: No
2024-10-14 17:45:13.522703 Papa: Yes
2024-10-14 17:45:13.522886 Lima: Yes
ChatterBot Romeo reevaluating
ChatterBot Golf reevaluating
ChatterBot Papa reevaluating
ChatterBot Lima reevaluating
ChatterBot Romeo reevaluating
ChatterBot Sierra reevaluating
ChatterBot Papa reevaluating
ChatterBot Lima reevaluating
ChatterBot Romeo reevaluating
ChatterBot Sierra reevaluating
ChatterBot Golf reevaluating
ChatterBot Lima reevaluating
ChatterBot Romeo reevaluating
ChatterBot Sierra reevaluating
ChatterBot Golf reevaluating
ChatterBot Papa reevaluating
2024-10-14 17:45:13.630277 Charlie: Group up?
ChatterBot Sierra reevaluating
ChatterBot Golf reevaluating
ChatterBot Romeo reevaluating
ChatterBot Papa reevaluating
2024-10-14 17:45:13.654456 Sierra: Yes
2024-10-14 17:45:13.655105 Golf: No
2024-10-14 17:45:13.655266 Romeo: Yes
2024-10-14 17:45:13.655413 Papa: Yes
ChatterBot Charlie reevaluating
ChatterBot Golf reevaluating
ChatterBot Romeo reevaluating
ChatterBot Papa reevaluating
ChatterBot Charlie reevaluating
ChatterBot Sierra reevaluating
ChatterBot Romeo reevaluating
ChatterBot Papa reevaluating
ChatterBot Charlie reevaluating
ChatterBot Sierra reevaluating
ChatterBot Golf reevaluating
ChatterBot Papa reevaluating
ChatterBot Charlie reevaluating
ChatterBot Sierra reevaluating
ChatterBot Golf reevaluating
ChatterBot Romeo reevaluating
2024-10-14 17:45:13.755184 Golf: Group up?
ChatterBot Lima reevaluating
ChatterBot Sierra reevaluating
ChatterBot Romeo reevaluating
ChatterBot Charlie reevaluating
2024-10-14 17:45:13.782793 Lima: Yes
2024-10-14 17:45:13.782997 Sierra: Yes
2024-10-14 17:45:13.783146 Romeo: Yes
2024-10-14 17:45:13.783305 Charlie: No
ChatterBot Sierra reevaluating
ChatterBot Golf reevaluating
ChatterBot Romeo reevaluating
ChatterBot Charlie reevaluating
ChatterBot Lima reevaluating
ChatterBot Golf reevaluating
ChatterBot Romeo reevaluating
ChatterBot Charlie reevaluating
ChatterBot Lima reevaluating
ChatterBot Sierra reevaluating
ChatterBot Golf reevaluating
ChatterBot Charlie reevaluating
ChatterBot Lima reevaluating
ChatterBot Sierra reevaluating
ChatterBot Golf reevaluating
ChatterBot Romeo reevaluating
2024-10-14 17:45:13.884986 Charlie: We should add Sierra and Golf
ChatterBot Romeo reevaluating
ChatterBot Lima reevaluating
2024-10-14 17:45:13.896672 Romeo: Yes
2024-10-14 17:45:13.896895 Lima: Yes
ChatterBot Charlie reevaluating
ChatterBot Lima reevaluating
ChatterBot Charlie reevaluating
ChatterBot Romeo reevaluating
2024-10-14 17:45:13.991713 India: Victor and Juliett, sending you 6
2024-10-14 17:45:13.992407 Charlie: Sierra and Golf we want you to join our group
ChatterBot Sierra reevaluating
ChatterBot Golf reevaluating
2024-10-14 17:45:13.999378 Sierra: Yes
2024-10-14 17:45:13.999550 Golf: Yes
ChatterBot Golf reevaluating
ChatterBot Romeo reevaluating
ChatterBot Sierra reevaluating
ChatterBot Romeo reevaluating
ChatterBot Charlie reevaluating
2024-10-14 17:45:14.028065 Papa: Charlie we want you to join our group
ChatterBot Charlie reevaluating
2024-10-14 17:45:14.031851 Charlie: No
ChatterBot Sierra reevaluating
ChatterBot Golf reevaluating
ChatterBot Romeo reevaluating
2024-10-14 17:45:14.049533 Victor: November, sending you 2
2024-10-14 17:45:14.049836 India: November, sending you 7
2024-10-14 17:45:14.527203 Juliett: Victor and India, sending you 7
2024-10-14 17:45:14.528161 Sierra: Charlie we want you to join our group
ChatterBot Charlie reevaluating
2024-10-14 17:45:14.534453 Charlie: No
ChatterBot Romeo reevaluating
2024-10-14 17:45:14.558837 November: Victor, sending you 2
2024-10-14 17:45:14.559332 Victor: India and Juliett, sending you 5
2024-10-14 17:45:14.560193 Lima: Sending you each 2
2024-10-14 17:45:14.561621 Juliett: November, sending you 5
2024-10-14 17:45:14.563399 November: India, sending you 4
2024-10-14 17:45:14.765904 Papa: Sierra and Romeo, sending you 3
2024-10-14 17:45:14.766432 November: Juliett, sending you 3
chatterbot Juliett submitting transactions
chatterbot Lima submitting transactions
chatterbot India submitting transactions
chatterbot Victor submitting transactions
chatterbot Golf submitting transactions
2024-10-14 17:45:14.947276 Papa: Golf, sending you 4
2024-10-14 17:45:14.947640 Golf: Sierra, sending you 5
2024-10-14 17:45:14.947872 Sierra: Golf, sending you 6
chatterbot November submitting transactions
2024-10-14 17:45:15.066444 Papa: Lima, sending you 1
2024-10-14 17:45:15.067292 Romeo: Sierra, sending you 2
2024-10-14 17:45:15.068408 Sierra: Romeo, sending you 10
2024-10-14 17:45:15.069067 Golf: Romeo, Charlie and Lima, sending you 4
2024-10-14 17:45:15.111326 Romeo: Golf, sending you 4
2024-10-14 17:45:15.112417 Sierra: Lima, sending you 2
2024-10-14 17:45:15.112844 Charlie: Sierra, Golf and Romeo, sending you 5
2024-10-14 17:45:15.145102 Romeo: Charlie, sending you 7
2024-10-14 17:45:15.148824 Charlie: Lima, sending you 4
2024-10-14 17:45:15.181578 Romeo: Lima, sending you 3
chatterbot Papa submitting transactions
chatterbot Charlie submitting transactions
chatterbot Sierra submitting transactions
chatterbot Romeo submitting transactions
ChatterBot Victor round 3
ChatterBot November round 3
ChatterBot Sierra round 3
ChatterBot India round 3
ChatterBot Juliett round 3
ChatterBot Golf round 3
2024-10-14 17:45:15.996313 Golf: We should add Papa
ChatterBot Romeo reevaluating
ChatterBot Charlie reevaluating
2024-10-14 17:45:16.011075 Lima: No
2024-10-14 17:45:16.011285 Sierra: Yes
2024-10-14 17:45:16.011953 Romeo: Yes
2024-10-14 17:45:16.012132 Charlie: Yes
ChatterBot Golf reevaluating
ChatterBot Romeo reevaluating
ChatterBot Charlie reevaluating
ChatterBot Golf reevaluating
ChatterBot Romeo reevaluating
ChatterBot Charlie reevaluating
ChatterBot Golf reevaluating
ChatterBot Charlie reevaluating
ChatterBot Golf reevaluating
ChatterBot Romeo reevaluating
ChatterBot Romeo round 3
ChatterBot Charlie round 3
ChatterBot Papa round 3
ChatterBot Lima round 3
2024-10-14 17:45:16.074811 Golf: We should replace Lima with Papa
ChatterBot Romeo reevaluating
ChatterBot Charlie reevaluating
2024-10-14 17:45:16.083378 Sierra: No
2024-10-14 17:45:16.083518 Romeo: No
2024-10-14 17:45:16.083636 Charlie: No
ChatterBot Golf reevaluating
ChatterBot Romeo reevaluating
ChatterBot Charlie reevaluating
ChatterBot Golf reevaluating
ChatterBot Charlie reevaluating
ChatterBot Golf reevaluating
ChatterBot Romeo reevaluating
2024-10-14 17:45:16.116321 Romeo: We should add Papa
ChatterBot Golf reevaluating
2024-10-14 17:45:16.127579 Lima: No
2024-10-14 17:45:16.128128 Sierra: Yes
2024-10-14 17:45:16.128277 Golf: Yes
2024-10-14 17:45:16.128452 Charlie: No
ChatterBot Golf reevaluating
ChatterBot Golf reevaluating
ChatterBot Golf reevaluating
2024-10-14 17:45:16.255716 Romeo: Papa we want you to join our group
2024-10-14 17:45:16.260853 Papa: Yes
ChatterBot Golf reevaluating
2024-10-14 17:45:16.283653 Sierra: Golf and Romeo, sending you 5
2024-10-14 17:45:16.284863 November: Victor, sending you 2
2024-10-14 17:45:16.334122 Victor: November, sending you 2
2024-10-14 17:45:16.334807 Juliett: Victor and India, sending you 7
2024-10-14 17:45:16.335915 Sierra: Charlie and Lima, sending you 3
2024-10-14 17:45:16.337186 India: Victor and November, sending you 6
2024-10-14 17:45:16.337797 Charlie: Sierra, sending you 3
2024-10-14 17:45:16.339004 November: India, sending you 4
2024-10-14 17:45:16.339456 Golf: Papa we want you to join our group
2024-10-14 17:45:16.343231 Papa: Yes
ChatterBot Golf reevaluating
chatterbot November submitting transactions
2024-10-14 17:45:16.356821 Victor: India and Juliett, sending you 5
2024-10-14 17:45:16.357105 Juliett: November, sending you 6
2024-10-14 17:45:16.357509 Sierra: Papa, sending you 2
2024-10-14 17:45:16.357859 India: Juliett, sending you 7
2024-10-14 17:45:16.358795 November: Juliett, sending you 3
2024-10-14 17:45:16.359121 Charlie: Golf and Lima, sending you 5
2024-10-14 17:45:16.376082 Papa: Sierra and Romeo, sending you 3
2024-10-14 17:45:16.377160 Romeo: Sierra, sending you 4
2024-10-14 17:45:16.377585 Lima: Same as last round
2024-10-14 17:45:16.378401 Charlie: Romeo, sending you 6
2024-10-14 17:45:16.400275 Papa: Golf, sending you 4
2024-10-14 17:45:16.400784 Romeo: Golf, sending you 3
2024-10-14 17:45:16.415284 Papa: Lima, sending you 1
2024-10-14 17:45:16.416341 Romeo: Charlie, sending you 5
2024-10-14 17:45:16.426839 Romeo: Papa and Lima, sending you 2
2024-10-14 17:45:16.432982 Golf: Sierra, sending you 5
2024-10-14 17:45:16.438303 Golf: Romeo, Charlie, Papa and Lima, sending you 3
chatterbot India submitting transactions
chatterbot Romeo submitting transactions
chatterbot Juliett submitting transactions
chatterbot Papa submitting transactions
chatterbot Sierra submitting transactions
chatterbot Victor submitting transactions
chatterbot Lima submitting transactions
chatterbot Charlie submitting transactions
chatterbot Golf submitting transactions
ChatterBot Victor round 4
ChatterBot November round 4
ChatterBot Sierra round 4
ChatterBot India round 4
ChatterBot Juliett round 4
ChatterBot Golf round 4
ChatterBot Romeo round 4
ChatterBot Charlie round 4
ChatterBot Papa round 4
ChatterBot Lima round 4
2024-10-14 17:45:17.612665 November: Victor, sending you 2
2024-10-14 17:45:17.617665 November: India, sending you 4
2024-10-14 17:45:17.618047 Romeo: Sierra and Charlie, sending you 4
2024-10-14 17:45:17.620972 Golf: Sierra, sending you 5
2024-10-14 17:45:17.621366 November: Juliett, sending you 3
2024-10-14 17:45:17.622976 Romeo: Golf and Papa, sending you 3
2024-10-14 17:45:17.623410 Sierra: Golf and Romeo, sending you 5
2024-10-14 17:45:17.623880 India: Victor and November, sending you 6
2024-10-14 17:45:17.624862 Papa: Sierra and Romeo, sending you 3
2024-10-14 17:45:17.625676 Golf: Romeo, Charlie, Papa and Lima, sending you 3
2024-10-14 17:45:17.626087 Romeo: Lima, sending you 2
2024-10-14 17:45:17.626951 Victor: November, sending you 2
2024-10-14 17:45:17.627372 Sierra: Charlie and Papa, sending you 3
2024-10-14 17:45:17.627866 India: Juliett, sending you 7
2024-10-14 17:45:17.628181 Papa: Golf, sending you 4
2024-10-14 17:45:17.629666 Juliett: Victor and India, sending you 7
2024-10-14 17:45:17.630048 Charlie: Sierra, sending you 4
2024-10-14 17:45:17.631656 Victor: India and Juliett, sending you 5
2024-10-14 17:45:17.632032 Sierra: Lima, sending you 2
2024-10-14 17:45:17.632674 Papa: Lima, sending you 1
2024-10-14 17:45:17.633883 Juliett: November, sending you 6
2024-10-14 17:45:17.634680 Charlie: Golf, Romeo and Lima, sending you 5
2024-10-14 17:45:17.640672 Lima: Sierra, Golf and Romeo, sending you 2
2024-10-14 17:45:17.645667 Lima: Charlie, sending you 1
chatterbot India submitting transactions
chatterbot Golf submitting transactions
chatterbot Juliett submitting transactions
chatterbot Sierra submitting transactions
chatterbot Papa submitting transactions
chatterbot Victor submitting transactions
chatterbot Romeo submitting transactions
chatterbot Charlie submitting transactions
chatterbot November submitting transactions
chatterbot Lima submitting transactions
ChatterBot Victor round 5
ChatterBot November round 5
ChatterBot Sierra round 5
ChatterBot India round 5
ChatterBot Juliett round 5
ChatterBot Golf round 5
ChatterBot Romeo round 5
ChatterBot Charlie round 5
ChatterBot Papa round 5
ChatterBot Lima round 5
2024-10-14 17:45:18.705396 Golf: We should drop Lima
2024-10-14 17:45:18.715413 Charlie: No
2024-10-14 17:45:18.715597 Sierra: No
2024-10-14 17:45:18.715743 Romeo: No
2024-10-14 17:45:18.715862 Papa: No
ChatterBot Golf reevaluating
ChatterBot Golf reevaluating
ChatterBot Charlie reevaluating
ChatterBot Golf reevaluating
ChatterBot Charlie reevaluating
ChatterBot Golf reevaluating
2024-10-14 17:45:18.768390 November: Victor, sending you 2
2024-10-14 17:45:18.771648 November: India, sending you 4
2024-10-14 17:45:18.771954 India: Victor and November, sending you 6
2024-10-14 17:45:18.772273 Sierra: Golf and Romeo, sending you 5
2024-10-14 17:45:18.772731 Juliett: Victor and India, sending you 7
2024-10-14 17:45:18.773044 Romeo: Sierra and Charlie, sending you 4
2024-10-14 17:45:18.773442 Lima: Sierra, Golf and Romeo, sending you 2
2024-10-14 17:45:18.773835 Victor: November, sending you 3
2024-10-14 17:45:18.775686 November: Juliett, sending you 3
2024-10-14 17:45:18.776091 India: Juliett, sending you 7
2024-10-14 17:45:18.776401 Juliett: November, sending you 6
2024-10-14 17:45:18.776754 Lima: Charlie, sending you 1
2024-10-14 17:45:18.777127 Victor: India, sending you 4
2024-10-14 17:45:18.778131 Sierra: Charlie and Papa, sending you 3
2024-10-14 17:45:18.778677 Romeo: Golf and Papa, sending you 3
2024-10-14 17:45:18.781674 Victor: Juliett, sending you 5
2024-10-14 17:45:18.782139 Romeo: Lima, sending you 2
2024-10-14 17:45:18.782535 Charlie: Sierra, Golf and Romeo, sending you 5
2024-10-14 17:45:18.782948 Papa: Sierra, sending you 3
2024-10-14 17:45:18.783944 Sierra: Lima, sending you 2
2024-10-14 17:45:18.787727 Charlie: Lima, sending you 4
2024-10-14 17:45:18.788177 Papa: Golf and Romeo, sending you 4
2024-10-14 17:45:18.788679 Golf: Sierra, sending you 5
2024-10-14 17:45:18.790686 Papa: Lima, sending you 1
2024-10-14 17:45:18.793670 Golf: Romeo, Charlie, Papa and Lima, sending you 3
chatterbot India submitting transactions
chatterbot Sierra submitting transactions
chatterbot Golf submitting transactions
chatterbot Juliett submitting transactions
chatterbot Papa submitting transactions
chatterbot Romeo submitting transactions
chatterbot November submitting transactions
chatterbot Charlie submitting transactions
chatterbot Lima submitting transactions
chatterbot Victor submitting transactions
ChatterBot Victor round 6
ChatterBot November round 6
ChatterBot Sierra round 6
ChatterBot India round 6
ChatterBot Juliett round 6
ChatterBot Golf round 6
ChatterBot Romeo round 6
ChatterBot Charlie round 6
ChatterBot Papa round 6
ChatterBot Lima round 6
2024-10-14 17:45:19.881660 Victor: November, sending you 3
2024-10-14 17:45:19.883693 Charlie: Sierra, Golf and Romeo, sending you 5
2024-10-14 17:45:19.885672 Victor: India, sending you 4
2024-10-14 17:45:19.886755 Lima: Sierra, Golf and Romeo, sending you 2
2024-10-14 17:45:19.887153 Charlie: Lima, sending you 4
2024-10-14 17:45:19.887668 Juliett: Victor and India, sending you 7
2024-10-14 17:45:19.888678 Victor: Juliett, sending you 5
2024-10-14 17:45:19.889691 Papa: Sierra, Golf and Romeo, sending you 4
2024-10-14 17:45:19.890267 Lima: Charlie, sending you 1
2024-10-14 17:45:19.891001 Golf: Sierra, sending you 5
2024-10-14 17:45:19.891444 Juliett: November, sending you 6
2024-10-14 17:45:19.891798 November: Victor, sending you 2
2024-10-14 17:45:19.892691 Romeo: Sierra and Charlie, sending you 4
2024-10-14 17:45:19.895061 Golf: Romeo, Charlie, Papa and Lima, sending you 3
2024-10-14 17:45:19.895666 Sierra: Golf and Romeo, sending you 5
2024-10-14 17:45:19.896088 November: India, sending you 4
2024-10-14 17:45:19.896660 Romeo: Golf and Papa, sending you 3
2024-10-14 17:45:19.897697 India: Victor and November, sending you 6
2024-10-14 17:45:19.899653 November: Juliett, sending you 3
2024-10-14 17:45:19.899997 Romeo: Lima, sending you 2
2024-10-14 17:45:19.900673 Sierra: Charlie and Papa, sending you 3
2024-10-14 17:45:19.901095 India: Juliett, sending you 7
2024-10-14 17:45:19.903675 Sierra: Lima, sending you 2
chatterbot Juliett submitting transactions
chatterbot Lima submitting transactions
chatterbot Sierra submitting transactions
chatterbot Victor submitting transactions
chatterbot Romeo submitting transactions
chatterbot Papa submitting transactions
chatterbot Charlie submitting transactions
chatterbot India submitting transactions
chatterbot November submitting transactions
chatterbot Golf submitting transactions
ChatterBot Victor round 7
ChatterBot November round 7
ChatterBot Sierra round 7
ChatterBot India round 7
ChatterBot Juliett round 7
ChatterBot Golf round 7
ChatterBot Romeo round 7
ChatterBot Charlie round 7
ChatterBot Papa round 7
ChatterBot Lima round 7
2024-10-14 17:45:21.147413 Lima: We should add Papa
2024-10-14 17:45:21.159984 Sierra: Yes
2024-10-14 17:45:21.160192 Golf: Yes
2024-10-14 17:45:21.160365 Romeo: Yes
2024-10-14 17:45:21.160532 Charlie: No
2024-10-14 17:45:21.199761 Lima: Papa we want you to join our group
2024-10-14 17:45:21.202278 Papa: Yes
ChatterBot Charlie reevaluating
2024-10-14 17:45:21.212673 Sierra: Golf and Romeo, sending you 5
2024-10-14 17:45:21.213163 November: Victor, sending you 2
2024-10-14 17:45:21.215672 India: Victor and November, sending you 6
2024-10-14 17:45:21.217070 November: India, sending you 4
2024-10-14 17:45:21.217484 Golf: Sierra, sending you 5
2024-10-14 17:45:21.218070 Sierra: Charlie, Papa and Lima, sending you 3
2024-10-14 17:45:21.218540 Romeo: Sierra, sending you 4
2024-10-14 17:45:21.220230 Victor: November, sending you 3
2024-10-14 17:45:21.220595 Juliett: Victor and India, sending you 7
2024-10-14 17:45:21.220954 Charlie: Papa we want you to join our group
2024-10-14 17:45:21.223844 Papa: Yes
ChatterBot Charlie reevaluating
2024-10-14 17:45:21.236272 India: Juliett, sending you 7
2024-10-14 17:45:21.236669 November: Juliett, sending you 3
2024-10-14 17:45:21.237043 Golf: Romeo, Charlie, Papa and Lima, sending you 3
2024-10-14 17:45:21.237534 Romeo: Golf, Charlie, Papa and Lima, sending you 3
2024-10-14 17:45:21.238042 Victor: India, sending you 4
2024-10-14 17:45:21.238890 Juliett: November, sending you 6
2024-10-14 17:45:21.243663 Victor: Juliett, sending you 5
2024-10-14 17:45:21.244048 Lima: Sierra, Golf, Romeo and Papa, sending you 2
2024-10-14 17:45:21.245096 Papa: Sierra and Romeo, sending you 4
2024-10-14 17:45:21.249661 Lima: Charlie, sending you 1
2024-10-14 17:45:21.251201 Papa: Golf, sending you 5
2024-10-14 17:45:21.266660 Charlie: Sierra, Golf and Romeo, sending you 5
2024-10-14 17:45:21.269688 Charlie: Lima, sending you 4
chatterbot Sierra submitting transactions
chatterbot Charlie submitting transactions
chatterbot Golf submitting transactions
chatterbot Victor submitting transactions
chatterbot Romeo submitting transactions
chatterbot India submitting transactions
chatterbot November submitting transactions
chatterbot Juliett submitting transactions
chatterbot Lima submitting transactions
chatterbot Papa submitting transactions
ChatterBot Victor round 8
ChatterBot November round 8
ChatterBot Sierra round 8
ChatterBot India round 8
ChatterBot Juliett round 8
ChatterBot Golf round 8
ChatterBot Romeo round 8
ChatterBot Charlie round 8
ChatterBot Papa round 8
ChatterBot Lima round 8
2024-10-14 17:45:22.420876 Charlie: We should drop Papa
2024-10-14 17:45:22.441589 Lima: No
2024-10-14 17:45:22.444403 Sierra: No
2024-10-14 17:45:22.444622 Golf: No
2024-10-14 17:45:22.444819 Romeo: No
ChatterBot Charlie reevaluating
ChatterBot Charlie reevaluating
ChatterBot Charlie reevaluating
ChatterBot Charlie reevaluating
2024-10-14 17:45:22.526543 November: Victor, sending you 2
2024-10-14 17:45:22.530058 Victor: November, sending you 3
2024-10-14 17:45:22.530827 Lima: Sierra, Golf, Romeo and Papa, sending you 2
2024-10-14 17:45:22.531835 Sierra: Golf, sending you 6
2024-10-14 17:45:22.533120 India: Victor and November, sending you 6
2024-10-14 17:45:22.534265 Juliett: Victor and India, sending you 7
2024-10-14 17:45:22.535477 Romeo: Sierra, sending you 4
2024-10-14 17:45:22.536774 November: India, sending you 4
2024-10-14 17:45:22.537554 Papa: Sierra and Romeo, sending you 4
2024-10-14 17:45:22.539201 Victor: India, sending you 4
2024-10-14 17:45:22.540145 Lima: Charlie, sending you 1
2024-10-14 17:45:22.541652 Sierra: Romeo, sending you 5
2024-10-14 17:45:22.542676 India: Juliett, sending you 7
2024-10-14 17:45:22.544104 Juliett: November, sending you 6
2024-10-14 17:45:22.544649 November: Juliett, sending you 3
2024-10-14 17:45:22.545185 Romeo: Golf, Charlie, Papa and Lima, sending you 3
2024-10-14 17:45:22.546051 Victor: Juliett, sending you 5
2024-10-14 17:45:22.547134 Papa: Golf, sending you 5
2024-10-14 17:45:22.548066 Sierra: Charlie and Papa, sending you 3
2024-10-14 17:45:22.550691 Golf: Sierra, sending you 5
2024-10-14 17:45:22.552439 Papa: Lima, sending you 1
2024-10-14 17:45:22.553692 Sierra: Lima, sending you 2
2024-10-14 17:45:22.555083 Golf: Romeo, Charlie, Papa and Lima, sending you 3
2024-10-14 17:45:22.560675 Charlie: Sierra, Golf, Romeo and Lima, sending you 4
2024-10-14 17:45:22.566679 Charlie: Papa, sending you 3
chatterbot Sierra submitting transactions
chatterbot Victor submitting transactions
chatterbot Romeo submitting transactions
chatterbot India submitting transactions
chatterbot Juliett submitting transactions
chatterbot Golf submitting transactions
chatterbot Lima submitting transactions
chatterbot Charlie submitting transactions
chatterbot November submitting transactions
chatterbot Papa submitting transactions
ChatterBot Victor round 9
ChatterBot November round 9
ChatterBot Sierra round 9
ChatterBot India round 9
ChatterBot Juliett round 9
ChatterBot Golf round 9
ChatterBot Romeo round 9
ChatterBot Charlie round 9
ChatterBot Papa round 9
ChatterBot Lima round 9
2024-10-14 17:45:23.594921 Golf: Sierra, sending you 5
2024-10-14 17:45:23.598684 Romeo: Sierra, sending you 4
2024-10-14 17:45:23.600681 Golf: Romeo, Charlie, Papa and Lima, sending you 3
2024-10-14 17:45:23.601852 November: Victor, sending you 2
2024-10-14 17:45:23.602366 Sierra: Golf, sending you 6
2024-10-14 17:45:23.603064 Victor: November, sending you 3
2024-10-14 17:45:23.603897 Papa: Sierra, Golf and Romeo, sending you 4
2024-10-14 17:45:23.604581 Romeo: Golf, Charlie, Papa and Lima, sending you 3
2024-10-14 17:45:23.605267 India: Victor and November, sending you 6
2024-10-14 17:45:23.606116 Charlie: Sierra, Golf, Romeo and Lima, sending you 4
2024-10-14 17:45:23.606861 November: India, sending you 4
2024-10-14 17:45:23.607701 Sierra: Romeo, sending you 5
2024-10-14 17:45:23.608776 Victor: India, sending you 4
2024-10-14 17:45:23.609091 Papa: Charlie, sending you 1
2024-10-14 17:45:23.609512 India: Juliett, sending you 7
2024-10-14 17:45:23.610872 Charlie: Papa, sending you 3
2024-10-14 17:45:23.611556 Juliett: Victor and India, sending you 7
2024-10-14 17:45:23.612006 November: Juliett, sending you 3
2024-10-14 17:45:23.612453 Lima: Sierra, Golf, Romeo and Papa, sending you 2
2024-10-14 17:45:23.613575 Victor: Juliett, sending you 5
2024-10-14 17:45:23.614045 Papa: Lima, sending you 2
2024-10-14 17:45:23.614745 Sierra: Charlie and Papa, sending you 3
2024-10-14 17:45:23.616113 Juliett: November, sending you 6
2024-10-14 17:45:23.616831 Lima: Charlie, sending you 1
2024-10-14 17:45:23.618894 Sierra: Lima, sending you 2
chatterbot Romeo submitting transactions
chatterbot Sierra submitting transactions
chatterbot Juliett submitting transactions
chatterbot November submitting transactions
chatterbot Victor submitting transactions
chatterbot Papa submitting transactions
chatterbot Lima submitting transactions
chatterbot Golf submitting transactions
chatterbot Charlie submitting transactions
chatterbot India submitting transactions
ChatterBot Victor round 10
ChatterBot November round 10
ChatterBot Sierra round 10
ChatterBot India round 10
ChatterBot Juliett round 10
ChatterBot Golf round 10
ChatterBot Romeo round 10
ChatterBot Charlie round 10
ChatterBot Papa round 10
ChatterBot Lima round 10
2024-10-14 17:45:24.746719 November: Victor, sending you 2
2024-10-14 17:45:24.749674 Victor: November, sending you 3
2024-10-14 17:45:24.751644 November: India, sending you 4
2024-10-14 17:45:24.753042 Sierra: Golf, sending you 6
2024-10-14 17:45:24.753821 Victor: India, sending you 4
2024-10-14 17:45:24.754342 Charlie: Sierra, Golf, Romeo and Lima, sending you 4
2024-10-14 17:45:24.754987 India: Victor and November, sending you 6
2024-10-14 17:45:24.755681 Juliett: Victor and India, sending you 7
2024-10-14 17:45:24.756164 November: Juliett, sending you 3
2024-10-14 17:45:24.757664 Charlie: Papa, sending you 3
2024-10-14 17:45:24.758338 Lima: Sierra, Golf, Romeo and Papa, sending you 2
2024-10-14 17:45:24.758970 Sierra: Romeo, sending you 5
2024-10-14 17:45:24.759475 Victor: Juliett, sending you 5
2024-10-14 17:45:24.759849 India: Juliett, sending you 7
2024-10-14 17:45:24.760201 Juliett: November, sending you 6
2024-10-14 17:45:24.762050 Golf: Sierra, sending you 5
2024-10-14 17:45:24.762975 Sierra: Charlie and Papa, sending you 3
2024-10-14 17:45:24.763754 Lima: Charlie, sending you 1
2024-10-14 17:45:24.764805 Romeo: Sierra, sending you 4
2024-10-14 17:45:24.765730 Golf: Romeo, Charlie, Papa and Lima, sending you 3
2024-10-14 17:45:24.767717 Papa: Sierra, Golf and Romeo, sending you 4
2024-10-14 17:45:24.768387 Romeo: Golf, Charlie, Papa and Lima, sending you 3
2024-10-14 17:45:24.769098 Sierra: Lima, sending you 2
2024-10-14 17:45:24.770719 Papa: Charlie, sending you 1
2024-10-14 17:45:24.775712 Papa: Lima, sending you 2
chatterbot Sierra submitting transactions
chatterbot Lima submitting transactions
chatterbot November submitting transactions
chatterbot Romeo submitting transactions
chatterbot Golf submitting transactions
chatterbot Victor submitting transactions
chatterbot India submitting transactions
chatterbot Juliett submitting transactions
chatterbot Papa submitting transactions
chatterbot Charlie submitting transactions
ChatterBot Victor round 11
ChatterBot November round 11
ChatterBot Sierra round 11
ChatterBot India round 11
ChatterBot Juliett round 11
ChatterBot Golf round 11
ChatterBot Romeo round 11
ChatterBot Charlie round 11
ChatterBot Papa round 11
ChatterBot Lima round 11
2024-10-14 17:45:25.855386 Juliett: We should add Charlie
2024-10-14 17:45:25.861166 Victor: No
2024-10-14 17:45:25.861329 November: No
2024-10-14 17:45:25.861459 India: No
ChatterBot Juliett reevaluating
ChatterBot Juliett reevaluating
ChatterBot Juliett reevaluating
2024-10-14 17:45:25.892668 Sierra: Golf, sending you 6
2024-10-14 17:45:25.895688 India: Victor and November, sending you 6
2024-10-14 17:45:25.896561 Sierra: Romeo, sending you 5
2024-10-14 17:45:25.897657 Romeo: Sierra, sending you 4
2024-10-14 17:45:25.898755 November: Victor, sending you 2
2024-10-14 17:45:25.899239 India: Juliett, sending you 7
2024-10-14 17:45:25.900655 Victor: November, sending you 3
2024-10-14 17:45:25.901330 Charlie: Sierra, Golf, Romeo and Lima, sending you 4
2024-10-14 17:45:25.902371 Sierra: Charlie and Papa, sending you 3
2024-10-14 17:45:25.903052 Juliett: Victor and India, sending you 7
2024-10-14 17:45:25.903448 November: India, sending you 4
2024-10-14 17:45:25.903859 Romeo: Golf, Charlie, Papa and Lima, sending you 3
2024-10-14 17:45:25.904686 Golf: Sierra, sending you 5
2024-10-14 17:45:25.905811 Papa: Sierra, Golf and Romeo, sending you 4
2024-10-14 17:45:25.906586 Victor: India, sending you 4
2024-10-14 17:45:25.907079 Charlie: Papa, sending you 3
2024-10-14 17:45:25.907863 Sierra: Lima, sending you 2
2024-10-14 17:45:25.908598 Juliett: November, sending you 6
2024-10-14 17:45:25.909100 Lima: Sierra, Golf, Romeo and Papa, sending you 2
2024-10-14 17:45:25.909885 November: Juliett, sending you 3
2024-10-14 17:45:25.910376 Papa: Charlie and Lima, sending you 2
2024-10-14 17:45:25.911176 Golf: Romeo, Charlie, Papa and Lima, sending you 3
2024-10-14 17:45:25.911946 Victor: Juliett, sending you 5
2024-10-14 17:45:25.913671 Lima: Charlie, sending you 1
chatterbot Sierra submitting transactions
chatterbot November submitting transactions
chatterbot India submitting transactions
chatterbot Golf submitting transactions
chatterbot Papa submitting transactions
chatterbot Victor submitting transactions
chatterbot Juliett submitting transactions
chatterbot Lima submitting transactions
chatterbot Romeo submitting transactions
chatterbot Charlie submitting transactions
ChatterBot Victor round 12
ChatterBot November round 12
ChatterBot Sierra round 12
ChatterBot India round 12
ChatterBot Juliett round 12
ChatterBot Golf round 12
ChatterBot Romeo round 12
ChatterBot Charlie round 12
ChatterBot Papa round 12
ChatterBot Lima round 12
2024-10-14 17:45:27.164661 Victor: November, sending you 3
2024-10-14 17:45:27.165181 November: Victor, sending you 2
2024-10-14 17:45:27.165717 Romeo: Sierra, sending you 4
2024-10-14 17:45:27.167665 Sierra: Golf, sending you 6
2024-10-14 17:45:27.168412 November: India, sending you 4
2024-10-14 17:45:27.168847 Victor: India, sending you 4
2024-10-14 17:45:27.170664 Romeo: Golf, Charlie, Papa and Lima, sending you 3
2024-10-14 17:45:27.171355 Charlie: Sierra, Golf, Romeo and Lima, sending you 4
2024-10-14 17:45:27.172009 Golf: Sierra, sending you 5
2024-10-14 17:45:27.172578 Victor: Juliett, sending you 5
2024-10-14 17:45:27.172982 Sierra: Romeo, sending you 5
2024-10-14 17:45:27.173666 November: Juliett, sending you 3
2024-10-14 17:45:27.174110 Juliett: Victor and India, sending you 7
2024-10-14 17:45:27.175654 India: Victor and November, sending you 6
2024-10-14 17:45:27.176666 Charlie: Papa, sending you 3
2024-10-14 17:45:27.177329 Golf: Romeo, Charlie, Papa and Lima, sending you 3
2024-10-14 17:45:27.177931 Sierra: Charlie, sending you 3
2024-10-14 17:45:27.178428 Papa: Sierra, Golf and Romeo, sending you 4
2024-10-14 17:45:27.178992 Juliett: November, sending you 6
2024-10-14 17:45:27.179682 India: Juliett, sending you 7
2024-10-14 17:45:27.181683 Sierra: Papa, sending you 4
2024-10-14 17:45:27.182747 Lima: Sierra, Golf, Romeo and Papa, sending you 2
2024-10-14 17:45:27.183801 Papa: Charlie and Lima, sending you 2
2024-10-14 17:45:27.186662 Lima: Charlie, sending you 1
2024-10-14 17:45:27.187697 Sierra: Lima, sending you 1
chatterbot Lima submitting transactions
chatterbot Juliett submitting transactions
chatterbot Victor submitting transactions
chatterbot Golf submitting transactions
chatterbot Papa submitting transactions
chatterbot Romeo submitting transactions
chatterbot Charlie submitting transactions
chatterbot November submitting transactions
chatterbot India submitting transactions
chatterbot Sierra submitting transactions
ChatterBot Victor round 13
ChatterBot November round 13
ChatterBot Sierra round 13
ChatterBot India round 13
ChatterBot Juliett round 13
ChatterBot Golf round 13
ChatterBot Romeo round 13
ChatterBot Charlie round 13
ChatterBot Papa round 13
ChatterBot Lima round 13
2024-10-14 17:45:28.396671 November: Victor, sending you 2
2024-10-14 17:45:28.397690 Victor: November, sending you 3
2024-10-14 17:45:28.399399 Charlie: We should drop Lima
2024-10-14 17:45:28.406972 Sierra: No
2024-10-14 17:45:28.407144 Golf: No
2024-10-14 17:45:28.407274 Romeo: No
2024-10-14 17:45:28.407394 Papa: No
ChatterBot Charlie reevaluating
ChatterBot Charlie reevaluating
ChatterBot Charlie reevaluating
ChatterBot Charlie reevaluating
2024-10-14 17:45:28.443051 November: India, sending you 4
2024-10-14 17:45:28.443501 Victor: India, sending you 4
2024-10-14 17:45:28.445651 November: Juliett, sending you 3
2024-10-14 17:45:28.446653 Papa: Sierra, Golf and Romeo, sending you 4
2024-10-14 17:45:28.448010 India: Victor and November, sending you 6
2024-10-14 17:45:28.448884 Romeo: Sierra, sending you 4
2024-10-14 17:45:28.449753 Juliett: Victor and India, sending you 7
2024-10-14 17:45:28.450276 Golf: Sierra, sending you 5
2024-10-14 17:45:28.451549 Victor: Juliett, sending you 5
2024-10-14 17:45:28.452097 Sierra: Golf, sending you 6
2024-10-14 17:45:28.452990 India: Juliett, sending you 7
2024-10-14 17:45:28.453596 Papa: Charlie and Lima, sending you 2
2024-10-14 17:45:28.454893 Romeo: Golf, Charlie, Papa and Lima, sending you 3
2024-10-14 17:45:28.455792 Juliett: November, sending you 6
2024-10-14 17:45:28.456336 Golf: Romeo, Charlie, Papa and Lima, sending you 3
2024-10-14 17:45:28.457704 Sierra: Romeo, sending you 5
2024-10-14 17:45:28.458630 Lima: Sierra, Golf, Romeo and Papa, sending you 2
2024-10-14 17:45:28.461680 Sierra: Charlie, sending you 3
2024-10-14 17:45:28.462706 Lima: Charlie, sending you 1
2024-10-14 17:45:28.463784 Charlie: Sierra, Golf, Romeo and Lima, sending you 4
2024-10-14 17:45:28.465343 Sierra: Papa, sending you 4
2024-10-14 17:45:28.469661 Charlie: Papa, sending you 3
2024-10-14 17:45:28.470991 Sierra: Lima, sending you 1
chatterbot Romeo submitting transactions
chatterbot Sierra submitting transactions
chatterbot November submitting transactions
chatterbot Lima submitting transactions
chatterbot Charlie submitting transactions
chatterbot Victor submitting transactions
chatterbot Juliett submitting transactions
chatterbot Golf submitting transactions
chatterbot Papa submitting transactions
chatterbot India submitting transactions
ChatterBot Victor round 14
ChatterBot November round 14
ChatterBot Sierra round 14
ChatterBot India round 14
ChatterBot Juliett round 14
ChatterBot Golf round 14
ChatterBot Romeo round 14
ChatterBot Charlie round 14
ChatterBot Papa round 14
ChatterBot Lima round 14
2024-10-14 17:45:29.419792 Golf: We should drop Charlie
2024-10-14 17:45:29.434721 Romeo: No
2024-10-14 17:45:29.435065 Sierra: No
2024-10-14 17:45:29.435280 Papa: No
2024-10-14 17:45:29.435628 Lima: No
ChatterBot Golf reevaluating
ChatterBot Golf reevaluating
ChatterBot Golf reevaluating
ChatterBot Golf reevaluating
2024-10-14 17:45:29.471665 Victor: November, sending you 3
2024-10-14 17:45:29.473298 November: Victor, sending you 2
2024-10-14 17:45:29.474105 Sierra: Golf, sending you 6
2024-10-14 17:45:29.475214 Juliett: Victor and India, sending you 7
2024-10-14 17:45:29.476237 India: Victor and November, sending you 6
2024-10-14 17:45:29.477809 Victor: India, sending you 4
2024-10-14 17:45:29.478666 November: India, sending you 4
2024-10-14 17:45:29.479791 Sierra: Romeo, sending you 5
2024-10-14 17:45:29.482153 Juliett: November, sending you 6
2024-10-14 17:45:29.483057 Victor: Juliett, sending you 5
2024-10-14 17:45:29.483976 India: Juliett, sending you 7
2024-10-14 17:45:29.485918 Lima: Sierra, Golf, Romeo and Papa, sending you 2
2024-10-14 17:45:29.487324 November: Juliett, sending you 3
2024-10-14 17:45:29.488010 Sierra: Charlie, sending you 3
2024-10-14 17:45:29.489362 Papa: Sierra, Golf and Romeo, sending you 4
2024-10-14 17:45:29.491350 Lima: Charlie, sending you 1
2024-10-14 17:45:29.492675 Sierra: Papa, sending you 4
2024-10-14 17:45:29.493695 Charlie: Sierra, Golf, Romeo and Lima, sending you 4
2024-10-14 17:45:29.495345 Romeo: Sierra, sending you 4
2024-10-14 17:45:29.496265 Papa: Charlie and Lima, sending you 2
2024-10-14 17:45:29.498662 Sierra: Lima, sending you 1
2024-10-14 17:45:29.500071 Charlie: Papa, sending you 3
2024-10-14 17:45:29.500873 Romeo: Golf, Charlie, Papa and Lima, sending you 3
2024-10-14 17:45:29.502125 Golf: Sierra, sending you 5
2024-10-14 17:45:29.506052 Golf: Romeo, Charlie, Papa and Lima, sending you 3
chatterbot November submitting transactions
chatterbot Romeo submitting transactions
chatterbot Victor submitting transactions
chatterbot Charlie submitting transactions
chatterbot Sierra submitting transactions
chatterbot India submitting transactions
chatterbot Golf submitting transactions
chatterbot Lima submitting transactions
chatterbot Juliett submitting transactions
chatterbot Papa submitting transactions
ChatterBot Victor round 15
ChatterBot November round 15
ChatterBot Sierra round 15
ChatterBot India round 15
ChatterBot Juliett round 15
ChatterBot Golf round 15
ChatterBot Romeo round 15
ChatterBot Charlie round 15
ChatterBot Papa round 15
ChatterBot Lima round 15
2024-10-14 17:45:30.663911 Charlie: Sierra, Golf, Romeo and Papa, sending you 4
