ChatterBot X-ray round 1
ChatterBot Lima round 1
randomSelections X-ray: {X-ray, Hotel, Echo, Lima, Oscar, Mike} 
2024-10-14 16:19:35.620590 X-ray: Can we be friends?
ChatterBot Lima reevaluating
2024-10-14 16:19:35.623897 Lima: Yes
ChatterBot Echo round 1
ChatterBot Echo reevaluating
ChatterBot Echo reevaluating
2024-10-14 16:19:35.629518 Echo: Yes
ChatterBot Lima reevaluating
ChatterBot Romeo round 1
ChatterBot Charlie round 1
ChatterBot Hotel round 1
ChatterBot Hotel reevaluating
ChatterBot Hotel reevaluating
ChatterBot Hotel reevaluating
2024-10-14 16:19:35.639110 Hotel: Yes
ChatterBot Echo reevaluating
ChatterBot Lima reevaluating
ChatterBot Tango round 1
ChatterBot Mike round 1
ChatterBot Mike reevaluating
ChatterBot Mike reevaluating
ChatterBot Mike reevaluating
ChatterBot Mike reevaluating
2024-10-14 16:19:35.650424 Mike: Yes
ChatterBot Hotel reevaluating
ChatterBot Echo reevaluating
ChatterBot Lima reevaluating
ChatterBot Oscar round 1
ChatterBot Oscar reevaluating
ChatterBot Oscar reevaluating
ChatterBot Oscar reevaluating
ChatterBot Oscar reevaluating
ChatterBot Oscar reevaluating
2024-10-14 16:19:35.691131 Oscar: Yes
ChatterBot Hotel reevaluating
ChatterBot Echo reevaluating
ChatterBot Lima reevaluating
ChatterBot Mike reevaluating
ChatterBot Delta round 1
randomSelections Romeo: {Romeo, Tango, Hotel, Lima, Delta, Charlie} 
2024-10-14 16:19:35.733810 Romeo: Group up?
ChatterBot Tango reevaluating
ChatterBot Hotel reevaluating
ChatterBot Lima reevaluating
ChatterBot Delta reevaluating
ChatterBot Charlie reevaluating
2024-10-14 16:19:35.748069 Tango: Yes
2024-10-14 16:19:35.748293 Hotel: No
2024-10-14 16:19:35.749667 Lima: No
2024-10-14 16:19:35.750155 Delta: Yes
2024-10-14 16:19:35.750378 Charlie: Yes
ChatterBot Hotel reevaluating
ChatterBot Lima reevaluating
ChatterBot Delta reevaluating
ChatterBot Charlie reevaluating
ChatterBot Tango reevaluating
ChatterBot Lima reevaluating
ChatterBot Delta reevaluating
ChatterBot Charlie reevaluating
ChatterBot Tango reevaluating
ChatterBot Hotel reevaluating
ChatterBot Delta reevaluating
ChatterBot Charlie reevaluating
ChatterBot Tango reevaluating
ChatterBot Hotel reevaluating
ChatterBot Lima reevaluating
ChatterBot Charlie reevaluating
ChatterBot Tango reevaluating
ChatterBot Hotel reevaluating
ChatterBot Lima reevaluating
ChatterBot Delta reevaluating
2024-10-14 16:19:35.842718 X-ray: Echo and Hotel, sending you 2
2024-10-14 16:19:35.847766 X-ray: Mike and Oscar, sending you 1
2024-10-14 16:19:35.851729 Oscar: Lima, Echo and Mike, sending you 2
2024-10-14 16:19:35.856828 Oscar: Hotel, sending you 3
2024-10-14 16:19:35.857233 Delta: Lima, Hotel and Tango, sending you 1
2024-10-14 16:19:35.861447 Echo: X-ray, sending you 3
2024-10-14 16:19:35.862452 Delta: Romeo, sending you 3
2024-10-14 16:19:35.862802 Romeo: Lima, sending you 3
2024-10-14 16:19:35.863135 Mike: Lima, Hotel and Oscar, sending you 1
2024-10-14 16:19:35.864135 Hotel: X-ray and Echo, sending you 2
2024-10-14 16:19:35.865347 Tango: Lima, Charlie and Delta, sending you 2
2024-10-14 16:19:35.865794 Echo: Lima, sending you 1
2024-10-14 16:19:35.868984 Romeo: Charlie, Hotel and Delta, sending you 2
2024-10-14 16:19:35.869497 Hotel: Mike, sending you 1
2024-10-14 16:19:35.869967 Tango: Romeo, sending you 1
2024-10-14 16:19:35.870990 Echo: Mike and Oscar, sending you 4
2024-10-14 16:19:35.877066 Hotel: Oscar, sending you 3
2024-10-14 16:19:35.877531 Tango: Hotel, sending you 6
chatterbot X-ray submitting transactions
chatterbot Tango submitting transactions
chatterbot Hotel submitting transactions
chatterbot Oscar submitting transactions
chatterbot Echo submitting transactions
chatterbot Romeo submitting transactions
chatterbot Charlie submitting transactions
chatterbot Delta submitting transactions
chatterbot Mike submitting transactions
chatterbot Lima submitting transactions
ChatterBot X-ray round 2
ChatterBot Lima round 2
ChatterBot Echo round 2
ChatterBot Romeo round 2
ChatterBot Charlie round 2
ChatterBot Hotel round 2
ChatterBot Tango round 2
ChatterBot Mike round 2
ChatterBot Oscar round 2
ChatterBot Delta round 2
2024-10-14 16:19:37.712425 Hotel: Can we be friends?
ChatterBot Mike reevaluating
ChatterBot Oscar reevaluating
ChatterBot Delta reevaluating
2024-10-14 16:19:37.742831 X-ray: No
2024-10-14 16:19:37.743030 Echo: No
2024-10-14 16:19:37.743547 Mike: No
2024-10-14 16:19:37.743669 Oscar: No
2024-10-14 16:19:37.743828 Romeo: No
2024-10-14 16:19:37.743947 Tango: No
2024-10-14 16:19:37.744045 Delta: No
ChatterBot Mike reevaluating
ChatterBot Oscar reevaluating
ChatterBot Delta reevaluating
ChatterBot Mike reevaluating
ChatterBot Oscar reevaluating
ChatterBot Delta reevaluating
ChatterBot Oscar reevaluating
ChatterBot Delta reevaluating
ChatterBot X-ray reevaluating
ChatterBot Mike reevaluating
ChatterBot Delta reevaluating
ChatterBot Hotel reevaluating
ChatterBot X-ray reevaluating
ChatterBot Mike reevaluating
ChatterBot Oscar reevaluating
ChatterBot Delta reevaluating
ChatterBot Hotel reevaluating
ChatterBot X-ray reevaluating
ChatterBot Mike reevaluating
ChatterBot Oscar reevaluating
ChatterBot Delta reevaluating
ChatterBot Hotel reevaluating
ChatterBot X-ray reevaluating
ChatterBot Mike reevaluating
ChatterBot Oscar reevaluating
2024-10-14 16:19:37.969424 Romeo: We should drop Hotel and Lima
ChatterBot Delta reevaluating
2024-10-14 16:19:37.982774 Tango: Yes
2024-10-14 16:19:37.982909 Delta: Yes
2024-10-14 16:19:37.983033 Charlie: Yes
ChatterBot Delta reevaluating
ChatterBot Delta reevaluating
2024-10-14 16:19:38.022954 Mike: We should drop Hotel and Lima
ChatterBot X-ray reevaluating
ChatterBot Oscar reevaluating
2024-10-14 16:19:38.036761 X-ray: No
2024-10-14 16:19:38.036891 Echo: No
2024-10-14 16:19:38.037023 Oscar: No
ChatterBot Mike reevaluating
ChatterBot Oscar reevaluating
ChatterBot Mike reevaluating
ChatterBot X-ray reevaluating
ChatterBot Oscar reevaluating
ChatterBot Mike reevaluating
ChatterBot X-ray reevaluating
2024-10-14 16:19:38.310651 Echo: X-ray, sending you 4
2024-10-14 16:19:38.310931 Lima: X-ray, sending you 3
2024-10-14 16:19:38.311156 Hotel: X-ray, Romeo, Mike, Oscar and Delta, sending you 1
2024-10-14 16:19:38.389831 Tango: Romeo and Charlie, sending you 1
2024-10-14 16:19:38.390522 Charlie: Romeo and Tango, sending you 4
2024-10-14 16:19:38.390747 Delta: Romeo and Tango, sending you 3
2024-10-14 16:19:38.390971 Echo: Lima and Mike, sending you 1
2024-10-14 16:19:38.391371 Lima: Echo and Mike, sending you 4
2024-10-14 16:19:38.391993 Hotel: Tango, sending you 3
2024-10-14 16:19:38.392293 Romeo: Charlie, sending you 2
chatterbot Charlie submitting transactions
2024-10-14 16:19:38.537883 Tango: Delta, sending you 10
2024-10-14 16:19:38.538196 Charlie: Delta, sending you 1
2024-10-14 16:19:38.538403 Echo: Hotel and Oscar, sending you 3
2024-10-14 16:19:38.538698 Lima: Hotel, sending you 2
2024-10-14 16:19:38.539314 Romeo: Tango, sending you 3
2024-10-14 16:19:38.539515 X-ray: Echo, sending you 4
chatterbot Oscar submitting transactions
chatterbot Tango submitting transactions
chatterbot Delta submitting transactions
2024-10-14 16:19:38.580647 Lima: Oscar, sending you 5
2024-10-14 16:19:38.580958 Romeo: Delta, sending you 4
2024-10-14 16:19:38.581250 X-ray: Hotel, sending you 2
chatterbot Mike submitting transactions
chatterbot Lima submitting transactions
chatterbot Echo submitting transactions
chatterbot Romeo submitting transactions
chatterbot Hotel submitting transactions
chatterbot X-ray submitting transactions
ChatterBot X-ray round 3
ChatterBot Lima round 3
ChatterBot Echo round 3
ChatterBot Romeo round 3
2024-10-14 16:19:39.441798 Lima: We should add Tango
ChatterBot X-ray reevaluating
ChatterBot Echo reevaluating
2024-10-14 16:19:39.470090 X-ray: No
2024-10-14 16:19:39.470674 Hotel: Yes
2024-10-14 16:19:39.470863 Echo: No
2024-10-14 16:19:39.471024 Oscar: No
2024-10-14 16:19:39.471208 Mike: No
ChatterBot Echo reevaluating
ChatterBot Lima reevaluating
ChatterBot X-ray reevaluating
ChatterBot Echo reevaluating
ChatterBot Lima reevaluating
ChatterBot X-ray reevaluating
ChatterBot Lima reevaluating
ChatterBot X-ray reevaluating
ChatterBot Echo reevaluating
ChatterBot Lima reevaluating
ChatterBot X-ray reevaluating
ChatterBot Echo reevaluating
ChatterBot Lima reevaluating
ChatterBot Charlie round 3
ChatterBot Hotel round 3
ChatterBot Tango round 3
ChatterBot Mike round 3
ChatterBot Oscar round 3
ChatterBot Delta round 3
2024-10-14 16:19:39.587394 Lima: We should add Romeo
ChatterBot X-ray reevaluating
ChatterBot Hotel reevaluating
ChatterBot Echo reevaluating
ChatterBot Oscar reevaluating
ChatterBot Mike reevaluating
2024-10-14 16:19:39.606084 X-ray: No
2024-10-14 16:19:39.606262 Hotel: No
2024-10-14 16:19:39.606375 Echo: Yes
2024-10-14 16:19:39.606481 Oscar: No
2024-10-14 16:19:39.606592 Mike: No
ChatterBot Hotel reevaluating
ChatterBot Echo reevaluating
ChatterBot Lima reevaluating
ChatterBot Oscar reevaluating
ChatterBot Mike reevaluating
ChatterBot X-ray reevaluating
ChatterBot Echo reevaluating
ChatterBot Lima reevaluating
ChatterBot Oscar reevaluating
ChatterBot Mike reevaluating
ChatterBot X-ray reevaluating
ChatterBot Hotel reevaluating
ChatterBot Lima reevaluating
ChatterBot Oscar reevaluating
ChatterBot Mike reevaluating
ChatterBot X-ray reevaluating
ChatterBot Hotel reevaluating
ChatterBot Echo reevaluating
ChatterBot Lima reevaluating
ChatterBot Mike reevaluating
ChatterBot X-ray reevaluating
ChatterBot Hotel reevaluating
ChatterBot Echo reevaluating
ChatterBot Lima reevaluating
ChatterBot Oscar reevaluating
2024-10-14 16:19:39.767973 Tango: We should add Hotel
ChatterBot Romeo reevaluating
ChatterBot Delta reevaluating
ChatterBot Charlie reevaluating
2024-10-14 16:19:39.778931 Romeo: Yes
2024-10-14 16:19:39.779467 Delta: Yes
2024-10-14 16:19:39.779709 Charlie: No
ChatterBot Delta reevaluating
ChatterBot Charlie reevaluating
ChatterBot Romeo reevaluating
ChatterBot Charlie reevaluating
ChatterBot Romeo reevaluating
ChatterBot Delta reevaluating
2024-10-14 16:19:39.833894 Lima: Charlie we want you to join our group
ChatterBot Charlie reevaluating
2024-10-14 16:19:39.838348 Charlie: No
ChatterBot Lima reevaluating
ChatterBot Mike reevaluating
ChatterBot Oscar reevaluating
2024-10-14 16:19:39.859108 Lima: We should add Delta
ChatterBot X-ray reevaluating
ChatterBot Oscar reevaluating
ChatterBot Mike reevaluating
2024-10-14 16:19:39.875524 X-ray: No
2024-10-14 16:19:39.876088 Hotel: No
2024-10-14 16:19:39.876227 Echo: No
2024-10-14 16:19:39.876353 Oscar: No
2024-10-14 16:19:39.876467 Mike: No
ChatterBot Lima reevaluating
ChatterBot Oscar reevaluating
ChatterBot Mike reevaluating
ChatterBot X-ray reevaluating
ChatterBot Lima reevaluating
ChatterBot Oscar reevaluating
ChatterBot Mike reevaluating
ChatterBot X-ray reevaluating
ChatterBot Lima reevaluating
ChatterBot Oscar reevaluating
ChatterBot Mike reevaluating
ChatterBot X-ray reevaluating
ChatterBot Lima reevaluating
ChatterBot Mike reevaluating
ChatterBot X-ray reevaluating
ChatterBot Lima reevaluating
ChatterBot Oscar reevaluating
2024-10-14 16:19:39.963267 Tango: Hotel we want you to join our group
2024-10-14 16:19:39.967192 Hotel: No
ChatterBot Romeo reevaluating
ChatterBot Charlie reevaluating
ChatterBot Delta reevaluating
2024-10-14 16:19:39.982208 Charlie: We should add Mike
ChatterBot Romeo reevaluating
2024-10-14 16:19:39.992238 Romeo: No
2024-10-14 16:19:39.992401 Tango: No
2024-10-14 16:19:39.992863 Delta: No
ChatterBot Charlie reevaluating
ChatterBot Romeo reevaluating
ChatterBot Charlie reevaluating
ChatterBot Romeo reevaluating
ChatterBot Charlie reevaluating
2024-10-14 16:19:40.024120 Delta: Hotel we want you to join our group
2024-10-14 16:19:40.027911 Hotel: No
ChatterBot Romeo reevaluating
ChatterBot Charlie reevaluating
2024-10-14 16:19:40.042110 Echo: X-ray, Lima and Oscar, sending you 3
2024-10-14 16:19:40.043250 Mike: We should drop Hotel
ChatterBot X-ray reevaluating
ChatterBot Lima reevaluating
ChatterBot Oscar reevaluating
2024-10-14 16:19:40.056420 X-ray: No
2024-10-14 16:19:40.056557 Lima: No
2024-10-14 16:19:40.056677 Echo: No
2024-10-14 16:19:40.056775 Oscar: No
ChatterBot Lima reevaluating
ChatterBot Oscar reevaluating
ChatterBot Mike reevaluating
ChatterBot X-ray reevaluating
ChatterBot Oscar reevaluating
ChatterBot Mike reevaluating
ChatterBot X-ray reevaluating
ChatterBot Lima reevaluating
ChatterBot Oscar reevaluating
ChatterBot Mike reevaluating
ChatterBot X-ray reevaluating
ChatterBot Lima reevaluating
2024-10-14 16:19:40.113434 Hotel: X-ray, Lima, Echo and Mike, sending you 1
2024-10-14 16:19:40.114162 Echo: Hotel, sending you 2
2024-10-14 16:19:40.114555 Charlie: Hotel we want you to join our group
2024-10-14 16:19:40.117641 Hotel: No
ChatterBot Romeo reevaluating
ChatterBot Charlie reevaluating
chatterbot Tango submitting transactions
2024-10-14 16:19:40.133314 Tango: Romeo, Hotel and Delta, sending you 3
2024-10-14 16:19:40.133645 Echo: Mike, sending you 1
2024-10-14 16:19:40.134480 Hotel: Tango and Oscar, sending you 2
2024-10-14 16:19:40.282482 Tango: Charlie, sending you 4
2024-10-14 16:19:40.283189 Delta: Romeo, sending you 2
2024-10-14 16:19:40.284020 Romeo: Hotel we want you to join our group
2024-10-14 16:19:40.287069 Hotel: No
ChatterBot Romeo reevaluating
ChatterBot Charlie reevaluating
chatterbot Hotel submitting transactions
2024-10-14 16:19:40.302127 Delta: Hotel, sending you 1
2024-10-14 16:19:40.309164 Oscar: Lima and Echo, sending you 3
2024-10-14 16:19:40.384679 Lima: X-ray, Charlie and Hotel, sending you 2
2024-10-14 16:19:40.385211 Delta: Tango, sending you 3
2024-10-14 16:19:40.386045 Oscar: Hotel, sending you 2
2024-10-14 16:19:40.454301 Lima: Echo, sending you 5
2024-10-14 16:19:40.454741 Oscar: Mike, sending you 1
chatterbot Oscar submitting transactions
2024-10-14 16:19:40.517316 Romeo: Charlie, Hotel and Tango, sending you 2
2024-10-14 16:19:40.517832 Charlie: Romeo, sending you 4
2024-10-14 16:19:40.518062 Lima: Mike, sending you 3
chatterbot X-ray submitting transactions
2024-10-14 16:19:40.547027 Charlie: Hotel and Delta, sending you 1
2024-10-14 16:19:40.547349 Romeo: Delta, sending you 3
2024-10-14 16:19:40.548026 Lima: Oscar, sending you 4
2024-10-14 16:19:40.569597 Charlie: Tango, sending you 3
chatterbot Delta submitting transactions
chatterbot Charlie submitting transactions
chatterbot Mike submitting transactions
chatterbot Echo submitting transactions
chatterbot Romeo submitting transactions
chatterbot Lima submitting transactions
ChatterBot X-ray round 4
ChatterBot Lima round 4
ChatterBot Echo round 4
ChatterBot Romeo round 4
ChatterBot Charlie round 4
ChatterBot Hotel round 4
ChatterBot Tango round 4
ChatterBot Mike round 4
ChatterBot Oscar round 4
ChatterBot Delta round 4
2024-10-14 16:19:41.438692 Hotel: Let's form a team
ChatterBot X-ray reevaluating
2024-10-14 16:19:41.465945 X-ray: No
2024-10-14 16:19:41.466102 Lima: No
2024-10-14 16:19:41.466218 Echo: No
2024-10-14 16:19:41.466330 Oscar: No
2024-10-14 16:19:41.466436 Romeo: No
2024-10-14 16:19:41.466536 Charlie: No
2024-10-14 16:19:41.466675 Tango: No
2024-10-14 16:19:41.467151 Delta: No
ChatterBot Hotel reevaluating
ChatterBot Hotel reevaluating
ChatterBot X-ray reevaluating
ChatterBot Hotel reevaluating
ChatterBot X-ray reevaluating
ChatterBot Hotel reevaluating
ChatterBot X-ray reevaluating
ChatterBot Hotel reevaluating
ChatterBot X-ray reevaluating
ChatterBot Hotel reevaluating
ChatterBot X-ray reevaluating
ChatterBot Hotel reevaluating
ChatterBot X-ray reevaluating
ChatterBot Hotel reevaluating
ChatterBot X-ray reevaluating
2024-10-14 16:19:41.805752 Lima: We should drop Charlie
ChatterBot X-ray reevaluating
ChatterBot Hotel reevaluating
ChatterBot Mike reevaluating
2024-10-14 16:19:41.832533 X-ray: Yes
2024-10-14 16:19:41.832775 Hotel: Yes
2024-10-14 16:19:41.833783 Echo: Yes
2024-10-14 16:19:41.834084 Oscar: Yes
2024-10-14 16:19:41.834299 Mike: Yes
ChatterBot Hotel reevaluating
ChatterBot Mike reevaluating
ChatterBot X-ray reevaluating
ChatterBot Mike reevaluating
ChatterBot X-ray reevaluating
ChatterBot Hotel reevaluating
ChatterBot Mike reevaluating
ChatterBot X-ray reevaluating
ChatterBot Hotel reevaluating
ChatterBot Mike reevaluating
ChatterBot X-ray reevaluating
ChatterBot Hotel reevaluating
2024-10-14 16:19:42.043564 Tango: Romeo, sending you 2
2024-10-14 16:19:42.044498 Charlie: Romeo, sending you 3
2024-10-14 16:19:42.044854 Oscar: X-ray and Mike, sending you 1
2024-10-14 16:19:42.045359 Romeo: Charlie, sending you 3
2024-10-14 16:19:42.046106 Echo: X-ray, Lima and Oscar, sending you 3
2024-10-14 16:19:42.047355 Hotel: We should drop Mike
ChatterBot X-ray reevaluating
2024-10-14 16:19:42.065467 X-ray: No
2024-10-14 16:19:42.065631 Lima: No
2024-10-14 16:19:42.065778 Echo: No
2024-10-14 16:19:42.065886 Oscar: No
2024-10-14 16:19:42.065981 Tango: Yes
ChatterBot Hotel reevaluating
ChatterBot Hotel reevaluating
ChatterBot X-ray reevaluating
ChatterBot Hotel reevaluating
ChatterBot X-ray reevaluating
ChatterBot Hotel reevaluating
ChatterBot X-ray reevaluating
ChatterBot Hotel reevaluating
ChatterBot X-ray reevaluating
2024-10-14 16:19:42.164382 Tango: Charlie and Delta, sending you 4
2024-10-14 16:19:42.165208 Oscar: Lima and Hotel, sending you 2
2024-10-14 16:19:42.165651 Charlie: Hotel and Delta, sending you 1
2024-10-14 16:19:42.165920 Romeo: Hotel, Tango and Delta, sending you 2
2024-10-14 16:19:42.166573 Echo: Hotel and Mike, sending you 2
2024-10-14 16:19:42.166958 Delta: Romeo and Tango, sending you 2
chatterbot Oscar submitting transactions
2024-10-14 16:19:42.167881 Lima: X-ray, Hotel and Mike, sending you 3
2024-10-14 16:19:42.168252 Tango: Hotel, sending you 3
2024-10-14 16:19:42.180313 Charlie: Tango, sending you 4
2024-10-14 16:19:42.180682 Oscar: Echo, sending you 3
2024-10-14 16:19:42.181517 Delta: Charlie and Hotel, sending you 1
2024-10-14 16:19:42.181855 Mike: Lima, Echo and Oscar, sending you 1
2024-10-14 16:19:42.182819 Lima: Echo, sending you 4
2024-10-14 16:19:42.201045 Lima: Oscar, sending you 5
2024-10-14 16:19:42.333353 Hotel: X-ray, Lima and Echo, sending you 1
2024-10-14 16:19:42.352461 Hotel: Tango, sending you 2
2024-10-14 16:19:42.379866 Hotel: Oscar, sending you 3
chatterbot Lima submitting transactions
chatterbot Charlie submitting transactions
chatterbot Tango submitting transactions
chatterbot Echo submitting transactions
chatterbot Romeo submitting transactions
chatterbot Mike submitting transactions
chatterbot Hotel submitting transactions
chatterbot Delta submitting transactions
chatterbot X-ray submitting transactions
ChatterBot X-ray round 5
ChatterBot Lima round 5
ChatterBot Echo round 5
ChatterBot Romeo round 5
ChatterBot Charlie round 5
ChatterBot Hotel round 5
ChatterBot Tango round 5
ChatterBot Mike round 5
ChatterBot Oscar round 5
ChatterBot Delta round 5
2024-10-14 16:19:43.376782 Hotel: We should add Mike
ChatterBot X-ray reevaluating
2024-10-14 16:19:43.404392 X-ray: No
2024-10-14 16:19:43.404720 Lima: Yes
2024-10-14 16:19:43.405405 Echo: Yes
2024-10-14 16:19:43.405629 Oscar: No
2024-10-14 16:19:43.405931 Tango: No
ChatterBot Lima reevaluating
ChatterBot Oscar reevaluating
ChatterBot X-ray reevaluating
ChatterBot Oscar reevaluating
ChatterBot X-ray reevaluating
ChatterBot Lima reevaluating
ChatterBot Oscar reevaluating
ChatterBot X-ray reevaluating
ChatterBot Lima reevaluating
ChatterBot X-ray reevaluating
ChatterBot Lima reevaluating
ChatterBot Oscar reevaluating
2024-10-14 16:19:43.557061 Mike: We should drop Hotel
ChatterBot X-ray reevaluating
ChatterBot Lima reevaluating
ChatterBot Oscar reevaluating
2024-10-14 16:19:43.579831 X-ray: No
2024-10-14 16:19:43.580012 Lima: No
2024-10-14 16:19:43.580191 Echo: No
2024-10-14 16:19:43.580327 Oscar: No
ChatterBot Lima reevaluating
ChatterBot Oscar reevaluating
ChatterBot X-ray reevaluating
ChatterBot Echo reevaluating
ChatterBot Oscar reevaluating
ChatterBot Mike reevaluating
ChatterBot X-ray reevaluating
ChatterBot Lima reevaluating
ChatterBot Oscar reevaluating
ChatterBot Mike reevaluating
ChatterBot X-ray reevaluating
ChatterBot Lima reevaluating
ChatterBot Echo reevaluating
2024-10-14 16:19:43.645021 Lima: We should add Romeo
ChatterBot X-ray reevaluating
ChatterBot Echo reevaluating
ChatterBot Oscar reevaluating
ChatterBot Mike reevaluating
2024-10-14 16:19:43.662185 X-ray: No
2024-10-14 16:19:43.662317 Hotel: No
2024-10-14 16:19:43.662881 Echo: No
2024-10-14 16:19:43.662997 Oscar: No
2024-10-14 16:19:43.663101 Mike: No
ChatterBot Echo reevaluating
ChatterBot Lima reevaluating
ChatterBot Oscar reevaluating
ChatterBot Mike reevaluating
ChatterBot X-ray reevaluating
ChatterBot Echo reevaluating
ChatterBot Lima reevaluating
ChatterBot Oscar reevaluating
ChatterBot Mike reevaluating
ChatterBot X-ray reevaluating
ChatterBot Lima reevaluating
ChatterBot Oscar reevaluating
ChatterBot Mike reevaluating
ChatterBot X-ray reevaluating
ChatterBot Echo reevaluating
ChatterBot Lima reevaluating
ChatterBot Mike reevaluating
ChatterBot X-ray reevaluating
ChatterBot Echo reevaluating
ChatterBot Lima reevaluating
ChatterBot Oscar reevaluating
2024-10-14 16:19:43.751606 Hotel: Mike we want you to join our group
ChatterBot Mike reevaluating
2024-10-14 16:19:43.755708 Mike: No
ChatterBot X-ray reevaluating
ChatterBot Lima reevaluating
ChatterBot Echo reevaluating
ChatterBot Oscar reevaluating
2024-10-14 16:19:43.781314 Charlie: Romeo, sending you 3
2024-10-14 16:19:43.781842 Delta: Romeo and Tango, sending you 2
2024-10-14 16:19:43.783 X-ray: We should drop Mike
ChatterBot Echo reevaluating
2024-10-14 16:19:43.796315 Lima: No
2024-10-14 16:19:43.796469 Echo: Yes
2024-10-14 16:19:43.796591 Hotel: No
2024-10-14 16:19:43.796729 Oscar: No
ChatterBot X-ray reevaluating
ChatterBot Echo reevaluating
ChatterBot Oscar reevaluating
ChatterBot X-ray reevaluating
ChatterBot Oscar reevaluating
ChatterBot X-ray reevaluating
ChatterBot Echo reevaluating
ChatterBot Oscar reevaluating
ChatterBot X-ray reevaluating
ChatterBot Echo reevaluating
2024-10-14 16:19:43.920189 Tango: Romeo, Hotel and Delta, sending you 3
2024-10-14 16:19:43.921244 Romeo: Charlie, sending you 3
2024-10-14 16:19:43.921925 Delta: Charlie and Hotel, sending you 1
2024-10-14 16:19:43.922859 Charlie: Hotel and Delta, sending you 1
chatterbot Charlie submitting transactions
2024-10-14 16:19:43.966860 Tango: Charlie, sending you 4
2024-10-14 16:19:43.968532 Romeo: Hotel, Tango and Delta, sending you 2
2024-10-14 16:19:43.969807 Charlie: Tango, sending you 4
2024-10-14 16:19:43.970780 Hotel: X-ray, Lima, Echo and Mike, sending you 1
2024-10-14 16:19:43.972117 Lima: X-ray, Hotel and Mike, sending you 3
2024-10-14 16:19:44.077566 Hotel: Tango and Oscar, sending you 2
2024-10-14 16:19:44.078320 Lima: Echo, sending you 5
2024-10-14 16:19:44.114438 Lima: Oscar, sending you 4
2024-10-14 16:19:44.115703 Mike: Lima, Echo and Oscar, sending you 1
2024-10-14 16:19:44.116534 Echo: X-ray, Lima and Oscar, sending you 3
2024-10-14 16:19:44.117208 Oscar: X-ray and Mike, sending you 1
2024-10-14 16:19:44.128374 Oscar: Lima, sending you 3
2024-10-14 16:19:44.129009 Echo: Hotel and Mike, sending you 2
2024-10-14 16:19:44.137833 Oscar: Echo and Hotel, sending you 2
chatterbot Delta submitting transactions
chatterbot Lima submitting transactions
chatterbot Romeo submitting transactions
chatterbot Tango submitting transactions
chatterbot Mike submitting transactions
chatterbot Hotel submitting transactions
chatterbot Oscar submitting transactions
chatterbot Echo submitting transactions
chatterbot X-ray submitting transactions
ChatterBot X-ray round 6
ChatterBot Lima round 6
ChatterBot Echo round 6
ChatterBot Romeo round 6
ChatterBot Charlie round 6
ChatterBot Hotel round 6
ChatterBot Tango round 6
ChatterBot Mike round 6
ChatterBot Oscar round 6
ChatterBot Delta round 6
2024-10-14 16:19:45.592770 X-ray: We should drop Mike
ChatterBot Oscar reevaluating
2024-10-14 16:19:45.605634 Lima: No
2024-10-14 16:19:45.605832 Echo: No
2024-10-14 16:19:45.606528 Hotel: No
2024-10-14 16:19:45.606819 Oscar: No
ChatterBot X-ray reevaluating
ChatterBot Oscar reevaluating
ChatterBot X-ray reevaluating
ChatterBot Oscar reevaluating
ChatterBot X-ray reevaluating
ChatterBot Oscar reevaluating
ChatterBot X-ray reevaluating
2024-10-14 16:19:45.875213 Hotel: X-ray, Lima, Echo and Mike, sending you 1
2024-10-14 16:19:45.876557 Romeo: Charlie, sending you 3
2024-10-14 16:19:45.877069 Echo: X-ray, Lima and Oscar, sending you 3
2024-10-14 16:19:45.878270 Charlie: Romeo and Tango, sending you 3
2024-10-14 16:19:45.879141 Lima: X-ray, Hotel and Mike, sending you 3
2024-10-14 16:19:45.879848 Delta: Romeo and Tango, sending you 2
2024-10-14 16:19:45.880844 Tango: Romeo, Hotel and Delta, sending you 3
2024-10-14 16:19:45.881321 Mike: Lima, Echo and Oscar, sending you 1
2024-10-14 16:19:45.882513 Hotel: Tango and Oscar, sending you 2
2024-10-14 16:19:45.883880 Romeo: Hotel, Tango and Delta, sending you 2
2024-10-14 16:19:45.884667 Echo: Hotel and Mike, sending you 2
2024-10-14 16:19:45.885842 Charlie: Hotel, sending you 1
2024-10-14 16:19:45.886929 Lima: Echo, sending you 5
2024-10-14 16:19:45.887608 Tango: Charlie, sending you 4
2024-10-14 16:19:45.888668 Delta: Charlie and Hotel, sending you 1
2024-10-14 16:19:45.889682 Oscar: X-ray and Mike, sending you 1
2024-10-14 16:19:45.918500 Charlie: Delta, sending you 2
2024-10-14 16:19:45.919407 Lima: Oscar, sending you 4
2024-10-14 16:19:45.919921 Oscar: Lima, sending you 3
chatterbot Hotel submitting transactions
2024-10-14 16:19:45.937532 Oscar: Echo and Hotel, sending you 2
chatterbot Lima submitting transactions
chatterbot Charlie submitting transactions
chatterbot X-ray submitting transactions
chatterbot Romeo submitting transactions
chatterbot Mike submitting transactions
chatterbot Echo submitting transactions
chatterbot Oscar submitting transactions
chatterbot Tango submitting transactions
chatterbot Delta submitting transactions
ChatterBot X-ray round 7
ChatterBot Lima round 7
ChatterBot Echo round 7
ChatterBot Romeo round 7
ChatterBot Charlie round 7
ChatterBot Hotel round 7
ChatterBot Tango round 7
ChatterBot Mike round 7
ChatterBot Oscar round 7
ChatterBot Delta round 7
2024-10-14 16:19:46.781679 Hotel: X-ray, Lima, Echo and Mike, sending you 1
2024-10-14 16:19:46.784894 Charlie: Romeo and Tango, sending you 3
2024-10-14 16:19:46.785817 Delta: Romeo and Tango, sending you 2
2024-10-14 16:19:46.786987 Lima: X-ray, Hotel and Mike, sending you 3
2024-10-14 16:19:46.788527 Tango: Romeo, Hotel and Delta, sending you 3
2024-10-14 16:19:46.797807 Hotel: Tango and Oscar, sending you 2
2024-10-14 16:19:46.798707 Echo: X-ray, Lima and Oscar, sending you 3
2024-10-14 16:19:46.800414 Delta: Charlie and Hotel, sending you 1
2024-10-14 16:19:46.801336 Romeo: Charlie, sending you 3
2024-10-14 16:19:46.803263 Charlie: Hotel, sending you 1
2024-10-14 16:19:46.805291 Lima: Echo, sending you 4
2024-10-14 16:19:46.807468 Tango: Charlie, sending you 4
2024-10-14 16:19:46.808441 Mike: Lima, Echo and Oscar, sending you 1
2024-10-14 16:19:46.809585 Echo: Hotel and Mike, sending you 2
2024-10-14 16:19:46.811525 Romeo: Hotel, Tango and Delta, sending you 2
2024-10-14 16:19:46.812539 Charlie: Delta, sending you 2
2024-10-14 16:19:46.813965 Lima: Oscar, sending you 5
2024-10-14 16:19:46.815602 Oscar: X-ray and Mike, sending you 1
2024-10-14 16:19:46.822857 Oscar: Lima, sending you 3
2024-10-14 16:19:46.826722 Oscar: Echo and Hotel, sending you 2
chatterbot Lima submitting transactions
chatterbot Charlie submitting transactions
chatterbot Romeo submitting transactions
chatterbot Mike submitting transactions
chatterbot Hotel submitting transactions
chatterbot Oscar submitting transactions
chatterbot Tango submitting transactions
chatterbot Echo submitting transactions
chatterbot X-ray submitting transactions
chatterbot Delta submitting transactions
ChatterBot X-ray round 8
ChatterBot Lima round 8
ChatterBot Echo round 8
ChatterBot Romeo round 8
ChatterBot Charlie round 8
ChatterBot Hotel round 8
ChatterBot Tango round 8
ChatterBot Mike round 8
ChatterBot Oscar round 8
ChatterBot Delta round 8
2024-10-14 16:19:48.026514 Charlie: We should replace Hotel with Lima
2024-10-14 16:19:48.035989 Romeo: No
2024-10-14 16:19:48.036134 Tango: No
2024-10-14 16:19:48.036244 Delta: No
ChatterBot Charlie reevaluating
ChatterBot Charlie reevaluating
ChatterBot Charlie reevaluating
2024-10-14 16:19:48.067959 Mike: We should replace X-ray with Hotel
2024-10-14 16:19:48.078156 Lima: No
2024-10-14 16:19:48.078305 Echo: No
2024-10-14 16:19:48.078422 Oscar: No
ChatterBot Mike reevaluating
ChatterBot Mike reevaluating
ChatterBot Mike reevaluating
2024-10-14 16:19:48.128846 X-ray: We should drop Mike
ChatterBot Lima reevaluating
ChatterBot Oscar reevaluating
2024-10-14 16:19:48.141283 Lima: No
2024-10-14 16:19:48.141442 Echo: No
2024-10-14 16:19:48.141560 Hotel: No
2024-10-14 16:19:48.141688 Oscar: Yes
ChatterBot X-ray reevaluating
ChatterBot Oscar reevaluating
ChatterBot X-ray reevaluating
ChatterBot Lima reevaluating
ChatterBot Oscar reevaluating
ChatterBot X-ray reevaluating
ChatterBot Lima reevaluating
ChatterBot Oscar reevaluating
ChatterBot X-ray reevaluating
ChatterBot Lima reevaluating
ChatterBot Echo reevaluating
2024-10-14 16:19:48.223821 Charlie: We should replace Hotel with X-ray
2024-10-14 16:19:48.232487 Romeo: No
2024-10-14 16:19:48.232697 Tango: No
2024-10-14 16:19:48.232849 Delta: No
ChatterBot Charlie reevaluating
ChatterBot Charlie reevaluating
ChatterBot Charlie reevaluating
2024-10-14 16:19:48.260742 Charlie: We should replace Hotel with Echo
2024-10-14 16:19:48.268937 Romeo: No
2024-10-14 16:19:48.269095 Tango: No
2024-10-14 16:19:48.269242 Delta: No
ChatterBot Charlie reevaluating
ChatterBot Charlie reevaluating
ChatterBot Charlie reevaluating
2024-10-14 16:19:48.296969 Mike: Hotel we want you to join our group
2024-10-14 16:19:48.300329 Hotel: Yes
ChatterBot Mike reevaluating
ChatterBot Lima reevaluating
ChatterBot Echo reevaluating
ChatterBot Oscar reevaluating
2024-10-14 16:19:48.318661 Delta: Romeo and Tango, sending you 2
2024-10-14 16:19:48.319895 Tango: Romeo, Hotel and Delta, sending you 3
2024-10-14 16:19:48.320577 Romeo: Charlie, sending you 3
2024-10-14 16:19:48.321563 Hotel: X-ray, Lima, Echo and Mike, sending you 1
2024-10-14 16:19:48.323671 Tango: Charlie, sending you 4
2024-10-14 16:19:48.324677 Delta: Charlie and Hotel, sending you 1
2024-10-14 16:19:48.325285 Romeo: Hotel, Tango and Delta, sending you 2
2024-10-14 16:19:48.326131 Hotel: Tango and Oscar, sending you 2
2024-10-14 16:19:48.328989 Oscar: X-ray, sending you 1
2024-10-14 16:19:48.333971 Oscar: Lima and Echo, sending you 3
2024-10-14 16:19:48.334729 Lima: X-ray, Hotel and Mike, sending you 3
2024-10-14 16:19:48.336670 Charlie: Romeo and Tango, sending you 3
2024-10-14 16:19:48.338806 Oscar: Hotel, sending you 2
2024-10-14 16:19:48.339159 Lima: Echo, sending you 4
2024-10-14 16:19:48.342671 Charlie: Hotel, sending you 1
2024-10-14 16:19:48.343294 Lima: Oscar, sending you 5
2024-10-14 16:19:48.347001 Echo: X-ray and Oscar, sending you 3
2024-10-14 16:19:48.347687 Charlie: Delta, sending you 2
2024-10-14 16:19:48.350674 Echo: Lima, sending you 5
2024-10-14 16:19:48.355672 Mike: Lima, Echo and Oscar, sending you 1
2024-10-14 16:19:48.356142 Echo: Hotel, sending you 2
chatterbot Tango submitting transactions
chatterbot Oscar submitting transactions
chatterbot Echo submitting transactions
chatterbot Charlie submitting transactions
chatterbot Lima submitting transactions
chatterbot Romeo submitting transactions
chatterbot Hotel submitting transactions
chatterbot Delta submitting transactions
chatterbot Mike submitting transactions
chatterbot X-ray submitting transactions
ChatterBot X-ray round 9
ChatterBot Lima round 9
ChatterBot Echo round 9
ChatterBot Romeo round 9
ChatterBot Charlie round 9
ChatterBot Hotel round 9
ChatterBot Tango round 9
ChatterBot Mike round 9
ChatterBot Oscar round 9
ChatterBot Delta round 9
2024-10-14 16:19:49.398959 Oscar: We should add Mike
ChatterBot X-ray reevaluating
ChatterBot Echo reevaluating
2024-10-14 16:19:49.414197 X-ray: Yes
2024-10-14 16:19:49.414431 Lima: Yes
2024-10-14 16:19:49.414583 Echo: Yes
2024-10-14 16:19:49.414738 Hotel: Yes
ChatterBot Echo reevaluating
ChatterBot X-ray reevaluating
ChatterBot Echo reevaluating
ChatterBot X-ray reevaluating
ChatterBot X-ray reevaluating
ChatterBot Echo reevaluating
2024-10-14 16:19:49.470437 Romeo: We should replace Hotel with X-ray
ChatterBot Charlie reevaluating
2024-10-14 16:19:49.480609 Tango: No
2024-10-14 16:19:49.480811 Delta: No
2024-10-14 16:19:49.481521 Charlie: No
ChatterBot Romeo reevaluating
ChatterBot Charlie reevaluating
ChatterBot Romeo reevaluating
ChatterBot Charlie reevaluating
ChatterBot Romeo reevaluating
ChatterBot Delta reevaluating
2024-10-14 16:19:49.553249 Oscar: Mike we want you to join our group
2024-10-14 16:19:49.561383 Mike: No
ChatterBot X-ray reevaluating
ChatterBot Echo reevaluating
2024-10-14 16:19:49.664672 Mike: Lima, Echo and Hotel, sending you 1
2024-10-14 16:19:49.665994 Echo: Mike we want you to join our group
2024-10-14 16:19:49.670773 Mike: No
ChatterBot X-ray reevaluating
2024-10-14 16:19:49.687393 Charlie: X-ray we want you to join our group
ChatterBot X-ray reevaluating
2024-10-14 16:19:49.691887 X-ray: No
ChatterBot Charlie reevaluating
ChatterBot Romeo reevaluating
ChatterBot Delta reevaluating
2024-10-14 16:19:49.707322 Lima: X-ray, Hotel and Mike, sending you 3
2024-10-14 16:19:49.715198 Lima: Echo, sending you 5
2024-10-14 16:19:49.718064 Tango: Romeo, sending you 2
2024-10-14 16:19:49.719859 Oscar: X-ray and Mike, sending you 1
2024-10-14 16:19:49.721538 Hotel: X-ray and Echo, sending you 1
2024-10-14 16:19:49.732328 Lima: Oscar, sending you 4
2024-10-14 16:19:49.735116 Tango: Charlie and Hotel, sending you 4
2024-10-14 16:19:49.736988 Oscar: Lima, sending you 3
2024-10-14 16:19:49.739972 Hotel: Lima, Tango and Oscar, sending you 2
2024-10-14 16:19:49.742585 Tango: Delta, sending you 3
2024-10-14 16:19:49.744808 Echo: X-ray, Lima and Oscar, sending you 3
2024-10-14 16:19:49.747560 Oscar: Echo and Hotel, sending you 2
2024-10-14 16:19:49.750949 Delta: Romeo and Tango, sending you 2
2024-10-14 16:19:49.753365 Echo: Hotel and Mike, sending you 2
2024-10-14 16:19:49.758610 Delta: Charlie and Hotel, sending you 1
2024-10-14 16:19:49.761081 Charlie: X-ray, sending you 1
2024-10-14 16:19:49.762960 Romeo: Charlie, sending you 3
2024-10-14 16:19:49.767764 Charlie: Romeo and Tango, sending you 3
2024-10-14 16:19:49.768811 Romeo: Hotel, Tango and Delta, sending you 2
2024-10-14 16:19:49.772732 Charlie: Delta, sending you 2
chatterbot Mike submitting transactions
chatterbot Romeo submitting transactions
chatterbot Lima submitting transactions
chatterbot Oscar submitting transactions
chatterbot Hotel submitting transactions
chatterbot Tango submitting transactions
chatterbot Charlie submitting transactions
chatterbot Echo submitting transactions
chatterbot Delta submitting transactions
chatterbot X-ray submitting transactions
ChatterBot X-ray round 10
ChatterBot Lima round 10
ChatterBot Echo round 10
ChatterBot Romeo round 10
ChatterBot Charlie round 10
ChatterBot Hotel round 10
ChatterBot Tango round 10
ChatterBot Mike round 10
ChatterBot Oscar round 10
ChatterBot Delta round 10
2024-10-14 16:19:51.048073 Charlie: We should replace X-ray with Lima
ChatterBot Delta reevaluating
2024-10-14 16:19:51.067433 Romeo: No
2024-10-14 16:19:51.067630 Tango: No
2024-10-14 16:19:51.068257 Delta: No
ChatterBot Delta reevaluating
ChatterBot Charlie reevaluating
ChatterBot Delta reevaluating
ChatterBot Charlie reevaluating
ChatterBot Romeo reevaluating
ChatterBot Charlie reevaluating
2024-10-14 16:19:51.136773 Mike: Can we be friends?
2024-10-14 16:19:51.143779 Lima: Yes
2024-10-14 16:19:51.153947 Charlie: We should replace X-ray with Echo
ChatterBot Romeo reevaluating
ChatterBot Delta reevaluating
2024-10-14 16:19:51.166025 Romeo: No
2024-10-14 16:19:51.166152 Tango: No
2024-10-14 16:19:51.166261 Delta: No
ChatterBot Delta reevaluating
ChatterBot Charlie reevaluating
ChatterBot Romeo reevaluating
ChatterBot Delta reevaluating
ChatterBot Charlie reevaluating
ChatterBot Romeo reevaluating
ChatterBot Charlie reevaluating
2024-10-14 16:19:51.232831 Echo: X-ray, Lima and Oscar, sending you 3
2024-10-14 16:19:51.234269 Delta: We should drop Hotel
ChatterBot Romeo reevaluating
ChatterBot Charlie reevaluating
2024-10-14 16:19:51.246407 Romeo: Yes
2024-10-14 16:19:51.246546 Tango: No
2024-10-14 16:19:51.246677 Charlie: Yes
ChatterBot Charlie reevaluating
ChatterBot Romeo reevaluating
ChatterBot Delta reevaluating
ChatterBot Charlie reevaluating
ChatterBot Romeo reevaluating
ChatterBot Delta reevaluating
2024-10-14 16:19:51.305104 Tango: Romeo, sending you 2
2024-10-14 16:19:51.306649 Lima: X-ray, Hotel and Mike, sending you 3
2024-10-14 16:19:51.307898 Oscar: X-ray and Mike, sending you 1
2024-10-14 16:19:51.309513 Hotel: X-ray, Lima, Echo, Romeo, Charlie, Tango, Oscar and Delta, sending you 1
2024-10-14 16:19:51.310895 Echo: Hotel and Mike, sending you 2
2024-10-14 16:19:51.312231 Mike: Sending you 3
2024-10-14 16:19:51.312686 Tango: Charlie and Hotel, sending you 4
2024-10-14 16:19:51.313411 Lima: Echo, sending you 4
2024-10-14 16:19:51.314716 Oscar: Lima, sending you 3
2024-10-14 16:19:51.316232 Tango: Delta, sending you 3
2024-10-14 16:19:51.342245 Lima: Oscar, sending you 5
2024-10-14 16:19:51.343983 Oscar: Echo and Hotel, sending you 2
2024-10-14 16:19:51.393181 Charlie: X-ray, sending you 1
2024-10-14 16:19:51.436377 Charlie: Romeo and Tango, sending you 3
2024-10-14 16:19:51.437257 Delta: Sending you each 2
2024-10-14 16:19:51.494838 Charlie: Delta, sending you 2
chatterbot Hotel submitting transactions
chatterbot Mike submitting transactions
chatterbot Tango submitting transactions
chatterbot Oscar submitting transactions
chatterbot Echo submitting transactions
chatterbot Lima submitting transactions
chatterbot Charlie submitting transactions
chatterbot X-ray submitting transactions
chatterbot Romeo submitting transactions
chatterbot Delta submitting transactions
ChatterBot X-ray round 11
ChatterBot Lima round 11
ChatterBot Echo round 11
ChatterBot Romeo round 11
ChatterBot Charlie round 11
ChatterBot Hotel round 11
ChatterBot Tango round 11
ChatterBot Mike round 11
2024-10-14 16:19:52.415054 Charlie: We should replace X-ray with Oscar
ChatterBot Romeo reevaluating
2024-10-14 16:19:52.427601 Romeo: No
2024-10-14 16:19:52.427788 Tango: No
2024-10-14 16:19:52.427934 Delta: No
ChatterBot Charlie reevaluating
ChatterBot Romeo reevaluating
ChatterBot Delta reevaluating
ChatterBot Charlie reevaluating
ChatterBot Romeo reevaluating
ChatterBot Charlie reevaluating
2024-10-14 16:19:52.479260 Delta: We should add Hotel
ChatterBot Romeo reevaluating
ChatterBot Charlie reevaluating
2024-10-14 16:19:52.490799 Romeo: Yes
2024-10-14 16:19:52.490947 Tango: Yes
2024-10-14 16:19:52.491050 Charlie: Yes
ChatterBot Delta reevaluating
ChatterBot Charlie reevaluating
ChatterBot Romeo reevaluating
ChatterBot Delta reevaluating
ChatterBot Charlie reevaluating
ChatterBot Romeo reevaluating
ChatterBot Delta reevaluating
ChatterBot Oscar round 11
ChatterBot Delta round 11
2024-10-14 16:19:52.553392 Mike: We should replace Lima with Hotel
2024-10-14 16:19:52.575145 Charlie: We should replace X-ray with Hotel
ChatterBot Romeo reevaluating
ChatterBot Delta reevaluating
2024-10-14 16:19:52.594490 Romeo: Yes
2024-10-14 16:19:52.594749 Tango: Yes
2024-10-14 16:19:52.594978 Delta: Yes
ChatterBot Delta reevaluating
ChatterBot Charlie reevaluating
ChatterBot Romeo reevaluating
ChatterBot Delta reevaluating
ChatterBot Charlie reevaluating
ChatterBot Romeo reevaluating
ChatterBot Charlie reevaluating
2024-10-14 16:19:52.655171 Delta: We should add Hotel
ChatterBot Romeo reevaluating
ChatterBot Charlie reevaluating
2024-10-14 16:19:52.673725 Romeo: Yes
2024-10-14 16:19:52.673914 Tango: Yes
2024-10-14 16:19:52.674062 Charlie: Yes
