ChatterBot Echo round 1
ChatterBot Bravo round 1
ChatterBot Juliett round 1
ChatterBot Tango round 1
ChatterBot Quebec round 1
ChatterBot India round 1
ChatterBot Alpha round 1
ChatterBot Delta round 1
ChatterBot Charlie round 1
ChatterBot Zulu round 1
randomSelections Echo: {Echo, Delta, Charlie, Zulu, India, Tango} 
2024-10-14 22:35:09.369476 Echo: We would work well together
ChatterBot Delta reevaluating
ChatterBot Charlie reevaluating
ChatterBot Zulu reevaluating
ChatterBot India reevaluating
ChatterBot Tango reevaluating
2024-10-14 22:35:09.383257 Delta: Yes
2024-10-14 22:35:09.383402 Charlie: Yes
2024-10-14 22:35:09.383531 Zulu: Yes
2024-10-14 22:35:09.383656 India: Yes
2024-10-14 22:35:09.383752 Tango: Yes
ChatterBot Charlie reevaluating
ChatterBot Zulu reevaluating
ChatterBot India reevaluating
ChatterBot Tango reevaluating
ChatterBot Delta reevaluating
ChatterBot Zulu reevaluating
ChatterBot India reevaluating
ChatterBot Tango reevaluating
ChatterBot Delta reevaluating
ChatterBot Charlie reevaluating
ChatterBot India reevaluating
ChatterBot Tango reevaluating
ChatterBot Delta reevaluating
ChatterBot Charlie reevaluating
ChatterBot Zulu reevaluating
ChatterBot Tango reevaluating
ChatterBot Delta reevaluating
ChatterBot Charlie reevaluating
ChatterBot Zulu reevaluating
ChatterBot India reevaluating
randomSelections Bravo: {Bravo, Alpha, Charlie, Echo, Zulu, Quebec, Tango, Delta} 
2024-10-14 22:35:09.446527 Bravo: Let's form a team
ChatterBot Alpha reevaluating
ChatterBot Charlie reevaluating
ChatterBot Zulu reevaluating
ChatterBot Quebec reevaluating
ChatterBot Tango reevaluating
ChatterBot Delta reevaluating
2024-10-14 22:35:09.457246 Alpha: Yes
2024-10-14 22:35:09.457356 Charlie: No
2024-10-14 22:35:09.457454 Echo: No
2024-10-14 22:35:09.457541 Zulu: No
2024-10-14 22:35:09.457641 Quebec: Yes
2024-10-14 22:35:09.458153 Tango: No
2024-10-14 22:35:09.458250 Delta: No
ChatterBot Charlie reevaluating
ChatterBot Zulu reevaluating
ChatterBot Quebec reevaluating
ChatterBot Tango reevaluating
ChatterBot Delta reevaluating
ChatterBot Alpha reevaluating
ChatterBot Zulu reevaluating
ChatterBot Quebec reevaluating
ChatterBot Tango reevaluating
ChatterBot Delta reevaluating
ChatterBot Alpha reevaluating
ChatterBot Charlie reevaluating
ChatterBot Zulu reevaluating
ChatterBot Quebec reevaluating
ChatterBot Tango reevaluating
ChatterBot Delta reevaluating
ChatterBot Alpha reevaluating
ChatterBot Charlie reevaluating
ChatterBot Quebec reevaluating
ChatterBot Tango reevaluating
ChatterBot Delta reevaluating
ChatterBot Alpha reevaluating
ChatterBot Charlie reevaluating
ChatterBot Zulu reevaluating
ChatterBot Tango reevaluating
ChatterBot Delta reevaluating
ChatterBot Alpha reevaluating
ChatterBot Charlie reevaluating
ChatterBot Zulu reevaluating
ChatterBot Quebec reevaluating
ChatterBot Delta reevaluating
ChatterBot Alpha reevaluating
ChatterBot Charlie reevaluating
ChatterBot Zulu reevaluating
ChatterBot Quebec reevaluating
ChatterBot Tango reevaluating
randomSelections Juliett: {Juliett, Charlie, Alpha, Tango, Bravo, Quebec} 
2024-10-14 22:35:09.527978 Juliett: Can we be friends?
ChatterBot Charlie reevaluating
ChatterBot Alpha reevaluating
ChatterBot Tango reevaluating
ChatterBot Quebec reevaluating
2024-10-14 22:35:09.534459 Charlie: No
2024-10-14 22:35:09.534657 Alpha: No
2024-10-14 22:35:09.535317 Tango: No
2024-10-14 22:35:09.535492 Bravo: No
2024-10-14 22:35:09.535650 Quebec: No
ChatterBot Alpha reevaluating
ChatterBot Tango reevaluating
ChatterBot Quebec reevaluating
ChatterBot Charlie reevaluating
ChatterBot Tango reevaluating
ChatterBot Quebec reevaluating
ChatterBot Charlie reevaluating
ChatterBot Alpha reevaluating
ChatterBot Quebec reevaluating
ChatterBot Charlie reevaluating
ChatterBot Alpha reevaluating
ChatterBot Tango reevaluating
ChatterBot Quebec reevaluating
ChatterBot Charlie reevaluating
ChatterBot Alpha reevaluating
ChatterBot Tango reevaluating
2024-10-14 22:35:09.581664 Echo: Tango, sending you 4
2024-10-14 22:35:09.583695 Bravo: Echo, sending you 1
2024-10-14 22:35:09.584724 Charlie: Echo and Zulu, sending you 5
2024-10-14 22:35:09.585098 Echo: India, sending you 2
2024-10-14 22:35:09.585661 Zulu: Echo and Delta, sending you 4
2024-10-14 22:35:09.587663 India: Echo and Charlie, sending you 3
2024-10-14 22:35:09.588023 Delta: Echo, sending you 6
2024-10-14 22:35:09.588315 Bravo: Tango, Delta and Zulu, sending you 2
2024-10-14 22:35:09.588624 Juliett: Bravo, sending you 4
2024-10-14 22:35:09.589329 Echo: Delta, sending you 3
2024-10-14 22:35:09.589656 Charlie: Tango, sending you 3
2024-10-14 22:35:09.590653 Zulu: Tango and Charlie, sending you 3
2024-10-14 22:35:09.591680 India: Tango and Delta, sending you 4
2024-10-14 22:35:09.592074 Delta: Tango, sending you 3
2024-10-14 22:35:09.592412 Juliett: Tango, sending you 1
2024-10-14 22:35:09.592702 Bravo: Quebec, sending you 3
2024-10-14 22:35:09.593326 Echo: Charlie, sending you 1
2024-10-14 22:35:09.593554 Charlie: India, sending you 2
2024-10-14 22:35:09.594676 Zulu: India, sending you 2
2024-10-14 22:35:09.595674 Juliett: Alpha, sending you 2
2024-10-14 22:35:09.596105 Bravo: Alpha, sending you 5
2024-10-14 22:35:09.596675 Tango: Echo, India and Delta, sending you 4
2024-10-14 22:35:09.596989 India: Zulu, sending you 2
2024-10-14 22:35:09.597262 Delta: India, sending you 4
2024-10-14 22:35:09.597525 Quebec: Echo, Tango and Alpha, sending you 3
2024-10-14 22:35:09.598853 Charlie: Delta, sending you 1
2024-10-14 22:35:09.599666 Juliett: Charlie, sending you 5
2024-10-14 22:35:09.600706 Quebec: Bravo and Delta, sending you 1
2024-10-14 22:35:09.601714 Tango: Charlie and Zulu, sending you 2
2024-10-14 22:35:09.602008 Delta: Charlie, sending you 1
2024-10-14 22:35:09.603936 Quebec: Zulu, sending you 4
2024-10-14 22:35:09.604708 Delta: Zulu, sending you 2
chatterbot India submitting transactions
chatterbot Alpha submitting transactions
chatterbot Echo submitting transactions
chatterbot Quebec submitting transactions
chatterbot Bravo submitting transactions
chatterbot Delta submitting transactions
chatterbot Charlie submitting transactions
chatterbot Juliett submitting transactions
chatterbot Tango submitting transactions
chatterbot Zulu submitting transactions
ChatterBot Echo round 2
ChatterBot Bravo round 2
ChatterBot Juliett round 2
ChatterBot Tango round 2
ChatterBot Quebec round 2
ChatterBot India round 2
ChatterBot Alpha round 2
ChatterBot Delta round 2
ChatterBot Charlie round 2
ChatterBot Zulu round 2
2024-10-14 22:35:11.774708 Echo: We should add Quebec
ChatterBot Delta reevaluating
ChatterBot Charlie reevaluating
ChatterBot Zulu reevaluating
ChatterBot India reevaluating
ChatterBot Tango reevaluating
2024-10-14 22:35:11.805505 Delta: No
2024-10-14 22:35:11.805730 Charlie: No
2024-10-14 22:35:11.805890 Zulu: No
2024-10-14 22:35:11.806047 India: No
2024-10-14 22:35:11.806204 Tango: No
ChatterBot Echo reevaluating
ChatterBot Charlie reevaluating
ChatterBot Zulu reevaluating
ChatterBot India reevaluating
ChatterBot Tango reevaluating
ChatterBot Echo reevaluating
ChatterBot Delta reevaluating
ChatterBot Zulu reevaluating
ChatterBot India reevaluating
ChatterBot Tango reevaluating
ChatterBot Echo reevaluating
ChatterBot Delta reevaluating
ChatterBot Charlie reevaluating
ChatterBot India reevaluating
ChatterBot Tango reevaluating
ChatterBot Echo reevaluating
ChatterBot Delta reevaluating
ChatterBot Charlie reevaluating
ChatterBot Zulu reevaluating
ChatterBot Tango reevaluating
ChatterBot Echo reevaluating
ChatterBot Delta reevaluating
ChatterBot Charlie reevaluating
ChatterBot Zulu reevaluating
ChatterBot India reevaluating
2024-10-14 22:35:11.978249 Bravo: Let's form a team
ChatterBot Juliett reevaluating
ChatterBot Quebec reevaluating
ChatterBot Alpha reevaluating
2024-10-14 22:35:11.997598 Juliett: Yes
2024-10-14 22:35:11.997851 Quebec: Yes
2024-10-14 22:35:11.998467 Alpha: Yes
ChatterBot Quebec reevaluating
ChatterBot Alpha reevaluating
ChatterBot Juliett reevaluating
ChatterBot Alpha reevaluating
ChatterBot Juliett reevaluating
ChatterBot Quebec reevaluating
2024-10-14 22:35:12.748486 Bravo: Juliett and Quebec, sending you 4
2024-10-14 22:35:12.748727 Juliett: Bravo, sending you 6
2024-10-14 22:35:12.748940 Quebec: Bravo, sending you 5
2024-10-14 22:35:12.749131 Delta: Echo, sending you 3
2024-10-14 22:35:12.749988 Tango: Echo, sending you 4
2024-10-14 22:35:12.750238 India: Echo, Delta, Charlie and Zulu, sending you 3
2024-10-14 22:35:12.750505 Alpha: Sending you each 4
2024-10-14 22:35:12.750726 Charlie: Echo, Tango, Delta and Zulu, sending you 3
chatterbot Charlie submitting transactions
chatterbot Zulu submitting transactions
2024-10-14 22:35:12.751955 Bravo: Alpha, sending you 5
2024-10-14 22:35:12.812478 Juliett: Quebec and Alpha, sending you 5
2024-10-14 22:35:12.812808 Delta: Tango, India and Zulu, sending you 4
2024-10-14 22:35:12.814026 India: Tango, sending you 4
2024-10-14 22:35:12.814401 Tango: India, Delta, Charlie and Zulu, sending you 3
2024-10-14 22:35:12.814718 Charlie: India, sending you 4
2024-10-14 22:35:12.815187 Echo: Tango, India and Zulu, sending you 3
2024-10-14 22:35:12.816357 Zulu: Tango, India and Delta, sending you 4
2024-10-14 22:35:12.861189 Delta: Charlie, sending you 1
2024-10-14 22:35:12.861640 Echo: Delta, sending you 5
2024-10-14 22:35:12.862372 Zulu: Charlie, sending you 7
chatterbot Bravo submitting transactions
chatterbot India submitting transactions
2024-10-14 22:35:12.888023 Echo: Charlie, sending you 4
chatterbot Alpha submitting transactions
chatterbot Juliett submitting transactions
chatterbot Echo submitting transactions
chatterbot Tango submitting transactions
chatterbot Delta submitting transactions
chatterbot Quebec submitting transactions
ChatterBot Echo round 3
ChatterBot Bravo round 3
ChatterBot Juliett round 3
ChatterBot Tango round 3
ChatterBot Quebec round 3
ChatterBot India round 3
ChatterBot Alpha round 3
ChatterBot Delta round 3
ChatterBot Charlie round 3
ChatterBot Zulu round 3
2024-10-14 22:35:13.596451 Charlie: Echo, Tango, India and Delta, sending you 3
2024-10-14 22:35:13.596817 Delta: Echo, sending you 5
2024-10-14 22:35:13.597742 Juliett: Bravo, sending you 7
2024-10-14 22:35:13.598075 Tango: Echo, Delta, Charlie and Zulu, sending you 3
2024-10-14 22:35:13.598896 Quebec: Bravo and Alpha, sending you 5
2024-10-14 22:35:13.599112 Echo: Tango and Charlie, sending you 4
2024-10-14 22:35:13.599416 India: Echo, Tango, Charlie and Zulu, sending you 3
2024-10-14 22:35:13.599754 Alpha: Bravo, sending you 5
2024-10-14 22:35:13.600392 Bravo: Juliett, sending you 4
2024-10-14 22:35:13.600610 Zulu: Echo, sending you 2
2024-10-14 22:35:13.600986 Charlie: Zulu, sending you 4
2024-10-14 22:35:13.601335 Delta: Tango, India and Zulu, sending you 3
2024-10-14 22:35:13.612834 Juliett: Alpha, sending you 9
2024-10-14 22:35:13.613072 Tango: India, sending you 4
2024-10-14 22:35:13.613388 Echo: India, sending you 3
2024-10-14 22:35:13.613682 Quebec: Juliett, sending you 4
2024-10-14 22:35:13.614258 India: Delta, sending you 4
2024-10-14 22:35:13.614561 Alpha: Juliett, sending you 4
2024-10-14 22:35:13.614771 Bravo: Quebec and Alpha, sending you 5
2024-10-14 22:35:13.614976 Zulu: Tango, India and Delta, sending you 4
2024-10-14 22:35:13.615311 Delta: Charlie, sending you 2
2024-10-14 22:35:13.623185 Echo: Delta, sending you 5
2024-10-14 22:35:13.623573 Alpha: Quebec, sending you 3
2024-10-14 22:35:13.623810 Zulu: Charlie, sending you 5
2024-10-14 22:35:13.632483 Echo: Zulu, sending you 2
chatterbot Tango submitting transactions
chatterbot Charlie submitting transactions
chatterbot Zulu submitting transactions
chatterbot Juliett submitting transactions
chatterbot Bravo submitting transactions
chatterbot India submitting transactions
chatterbot Delta submitting transactions
chatterbot Quebec submitting transactions
chatterbot Alpha submitting transactions
chatterbot Echo submitting transactions
ChatterBot Echo round 4
ChatterBot Bravo round 4
ChatterBot Juliett round 4
ChatterBot Tango round 4
ChatterBot Quebec round 4
ChatterBot India round 4
ChatterBot Alpha round 4
ChatterBot Delta round 4
ChatterBot Charlie round 4
ChatterBot Zulu round 4
2024-10-14 22:35:15.060351 India: Echo, Delta, Charlie and Zulu, sending you 3
2024-10-14 22:35:15.061275 Quebec: Bravo and Alpha, sending you 5
2024-10-14 22:35:15.062474 Echo: Tango and Charlie, sending you 4
2024-10-14 22:35:15.063693 Juliett: Bravo, sending you 6
2024-10-14 22:35:15.064111 Bravo: Juliett and Quebec, sending you 4
2024-10-14 22:35:15.064516 Alpha: Bravo, sending you 5
2024-10-14 22:35:15.065355 Charlie: Echo, Tango, India and Delta, sending you 3
2024-10-14 22:35:15.066101 Zulu: Echo, sending you 2
2024-10-14 22:35:15.067020 Delta: Echo, sending you 5
2024-10-14 22:35:15.067658 Tango: Echo, sending you 4
2024-10-14 22:35:15.068731 India: Tango, sending you 4
2024-10-14 22:35:15.069288 Quebec: Juliett, sending you 3
2024-10-14 22:35:15.070305 Juliett: Quebec, sending you 3
2024-10-14 22:35:15.070668 Bravo: Alpha, sending you 5
2024-10-14 22:35:15.071555 Echo: India, sending you 3
2024-10-14 22:35:15.072126 Alpha: Juliett and Quebec, sending you 4
2024-10-14 22:35:15.072434 Charlie: Zulu, sending you 4
2024-10-14 22:35:15.073602 Zulu: Tango, India and Delta, sending you 4
2024-10-14 22:35:15.074610 Delta: Tango, India and Zulu, sending you 3
2024-10-14 22:35:15.075241 Tango: India, Delta, Charlie and Zulu, sending you 3
2024-10-14 22:35:15.076196 Juliett: Alpha, sending you 7
2024-10-14 22:35:15.087012 Echo: Delta, sending you 5
2024-10-14 22:35:15.087651 Delta: Charlie, sending you 2
2024-10-14 22:35:15.088629 Zulu: Charlie, sending you 5
2024-10-14 22:35:15.091886 Echo: Zulu, sending you 2
chatterbot Juliett submitting transactions
chatterbot Zulu submitting transactions
chatterbot Delta submitting transactions
chatterbot Bravo submitting transactions
chatterbot Echo submitting transactions
chatterbot Quebec submitting transactions
chatterbot Charlie submitting transactions
chatterbot Tango submitting transactions
chatterbot Alpha submitting transactions
chatterbot India submitting transactions
ChatterBot Echo round 5
ChatterBot Bravo round 5
ChatterBot Juliett round 5
ChatterBot Tango round 5
ChatterBot Quebec round 5
ChatterBot India round 5
ChatterBot Alpha round 5
ChatterBot Delta round 5
ChatterBot Charlie round 5
ChatterBot Zulu round 5
2024-10-14 22:35:16.153676 Juliett: Bravo, sending you 6
2024-10-14 22:35:16.156689 Tango: Echo, sending you 4
2024-10-14 22:35:16.158675 Juliett: Quebec, sending you 3
2024-10-14 22:35:16.159601 Charlie: Echo, Tango, India and Delta, sending you 3
2024-10-14 22:35:16.161655 Echo: Tango and Charlie, sending you 4
2024-10-14 22:35:16.162260 Quebec: Bravo and Alpha, sending you 6
2024-10-14 22:35:16.162787 Tango: India, Delta, Charlie and Zulu, sending you 3
2024-10-14 22:35:16.164472 Juliett: Alpha, sending you 7
2024-10-14 22:35:16.165914 Charlie: Zulu, sending you 4
2024-10-14 22:35:16.167710 Echo: India, sending you 3
2024-10-14 22:35:16.169331 Quebec: Juliett, sending you 3
2024-10-14 22:35:16.170209 Delta: Echo, sending you 4
2024-10-14 22:35:16.172009 Bravo: Juliett and Quebec, sending you 4
2024-10-14 22:35:16.172716 Alpha: Bravo, sending you 5
2024-10-14 22:35:16.173900 Echo: Delta, sending you 5
2024-10-14 22:35:16.175107 Delta: Tango, India, Charlie and Zulu, sending you 3
2024-10-14 22:35:16.177288 India: Echo, Delta, Charlie and Zulu, sending you 3
2024-10-14 22:35:16.178884 Zulu: Echo, sending you 2
2024-10-14 22:35:16.179557 Bravo: Alpha, sending you 5
2024-10-14 22:35:16.180159 Alpha: Juliett and Quebec, sending you 4
2024-10-14 22:35:16.181574 Echo: Zulu, sending you 2
2024-10-14 22:35:16.183375 Zulu: Tango, India and Delta, sending you 4
2024-10-14 22:35:16.184261 India: Tango, sending you 4
2024-10-14 22:35:16.187869 Zulu: Charlie, sending you 5
chatterbot Charlie submitting transactions
chatterbot Tango submitting transactions
chatterbot Alpha submitting transactions
chatterbot Echo submitting transactions
chatterbot Juliett submitting transactions
chatterbot Zulu submitting transactions
chatterbot Quebec submitting transactions
chatterbot India submitting transactions
chatterbot Delta submitting transactions
chatterbot Bravo submitting transactions
ChatterBot Echo round 6
ChatterBot Bravo round 6
ChatterBot Juliett round 6
ChatterBot Tango round 6
ChatterBot Quebec round 6
ChatterBot India round 6
ChatterBot Alpha round 6
ChatterBot Delta round 6
ChatterBot Charlie round 6
ChatterBot Zulu round 6
2024-10-14 22:35:17.443885 India: Echo, Delta, Charlie and Zulu, sending you 3
2024-10-14 22:35:17.445018 Bravo: Juliett, sending you 3
2024-10-14 22:35:17.445630 Echo: Tango, sending you 4
2024-10-14 22:35:17.447159 Alpha: Bravo, sending you 5
2024-10-14 22:35:17.447739 Quebec: Bravo and Alpha, sending you 6
2024-10-14 22:35:17.448346 Juliett: Bravo, sending you 6
2024-10-14 22:35:17.448951 Bravo: Quebec, sending you 4
2024-10-14 22:35:17.449411 India: Tango, sending you 4
2024-10-14 22:35:17.450545 Charlie: Echo, Tango, India and Delta, sending you 3
2024-10-14 22:35:17.451435 Zulu: Echo, sending you 2
2024-10-14 22:35:17.452196 Echo: India and Charlie, sending you 3
2024-10-14 22:35:17.453385 Alpha: Juliett and Quebec, sending you 4
2024-10-14 22:35:17.454054 Quebec: Juliett, sending you 3
2024-10-14 22:35:17.454787 Bravo: Alpha, sending you 5
2024-10-14 22:35:17.455322 Juliett: Quebec, sending you 3
2024-10-14 22:35:17.456029 Delta: Echo, sending you 4
2024-10-14 22:35:17.457590 Charlie: Zulu, sending you 4
2024-10-14 22:35:17.458481 Zulu: Tango, India and Delta, sending you 4
2024-10-14 22:35:17.459371 Echo: Delta, sending you 6
2024-10-14 22:35:17.460629 Tango: Echo, sending you 4
2024-10-14 22:35:17.461524 Delta: Tango, India, Charlie and Zulu, sending you 3
2024-10-14 22:35:17.462503 Juliett: Alpha, sending you 7
2024-10-14 22:35:17.463928 Echo: Zulu, sending you 2
2024-10-14 22:35:17.464819 Zulu: Charlie, sending you 5
2024-10-14 22:35:17.465675 Tango: India, Delta, Charlie and Zulu, sending you 3
chatterbot India submitting transactions
chatterbot Echo submitting transactions
chatterbot Juliett submitting transactions
chatterbot Charlie submitting transactions
chatterbot Tango submitting transactions
chatterbot Delta submitting transactions
chatterbot Quebec submitting transactions
chatterbot Alpha submitting transactions
chatterbot Zulu submitting transactions
chatterbot Bravo submitting transactions
ChatterBot Echo round 7
ChatterBot Bravo round 7
ChatterBot Juliett round 7
ChatterBot Tango round 7
ChatterBot Quebec round 7
ChatterBot India round 7
ChatterBot Alpha round 7
ChatterBot Delta round 7
ChatterBot Charlie round 7
ChatterBot Zulu round 7
2024-10-14 22:35:18.627668 Juliett: Bravo, sending you 6
2024-10-14 22:35:18.628125 Bravo: Juliett, sending you 3
2024-10-14 22:35:18.628500 Echo: Tango, sending you 4
2024-10-14 22:35:18.630669 Bravo: Quebec, sending you 4
2024-10-14 22:35:18.632671 Juliett: Quebec, sending you 3
2024-10-14 22:35:18.633801 Echo: India and Charlie, sending you 3
2024-10-14 22:35:18.634296 Delta: Echo, sending you 4
2024-10-14 22:35:18.634769 India: Echo, Tango, Delta and Charlie, sending you 3
2024-10-14 22:35:18.635694 Bravo: Alpha, sending you 5
2024-10-14 22:35:18.636270 Juliett: Alpha, sending you 7
2024-10-14 22:35:18.637400 Echo: Delta, sending you 6
2024-10-14 22:35:18.638043 India: Zulu, sending you 4
2024-10-14 22:35:18.638686 Delta: Tango, India, Charlie and Zulu, sending you 3
2024-10-14 22:35:18.639312 Alpha: Bravo, sending you 5
2024-10-14 22:35:18.639633 Zulu: Echo, sending you 2
2024-10-14 22:35:18.641658 Echo: Zulu, sending you 2
2024-10-14 22:35:18.642700 Tango: Echo, sending you 4
2024-10-14 22:35:18.643663 Alpha: Juliett and Quebec, sending you 4
2024-10-14 22:35:18.644051 Zulu: Tango, India and Delta, sending you 4
2024-10-14 22:35:18.644783 Quebec: Bravo and Alpha, sending you 6
2024-10-14 22:35:18.647002 Tango: India, Delta, Charlie and Zulu, sending you 3
2024-10-14 22:35:18.648071 Zulu: Charlie, sending you 5
2024-10-14 22:35:18.648497 Quebec: Juliett, sending you 3
2024-10-14 22:35:18.648791 Charlie: Echo, Tango, India and Delta, sending you 3
2024-10-14 22:35:18.651824 Charlie: Zulu, sending you 4
chatterbot Alpha submitting transactions
chatterbot Tango submitting transactions
chatterbot Quebec submitting transactions
chatterbot Charlie submitting transactions
chatterbot Juliett submitting transactions
chatterbot Bravo submitting transactions
chatterbot Echo submitting transactions
chatterbot Delta submitting transactions
chatterbot India submitting transactions
chatterbot Zulu submitting transactions
ChatterBot Echo round 8
ChatterBot Bravo round 8
ChatterBot Juliett round 8
ChatterBot Tango round 8
ChatterBot Quebec round 8
ChatterBot India round 8
ChatterBot Alpha round 8
ChatterBot Delta round 8
ChatterBot Charlie round 8
ChatterBot Zulu round 8
2024-10-14 22:35:19.860667 Quebec: Bravo, sending you 7
2024-10-14 22:35:19.861035 Juliett: Bravo, sending you 5
2024-10-14 22:35:19.863670 Charlie: Echo, Tango, India and Delta, sending you 3
2024-10-14 22:35:19.864381 India: Echo, Tango, Delta and Charlie, sending you 3
2024-10-14 22:35:19.864969 Quebec: Juliett, sending you 3
2024-10-14 22:35:19.865287 Juliett: Quebec, sending you 4
2024-10-14 22:35:19.866674 Alpha: Bravo, sending you 5
2024-10-14 22:35:19.867042 Bravo: Juliett and Quebec, sending you 3
2024-10-14 22:35:19.867365 Charlie: Zulu, sending you 4
2024-10-14 22:35:19.867995 Delta: Echo, sending you 4
2024-10-14 22:35:19.869008 Quebec: Alpha, sending you 6
2024-10-14 22:35:19.869651 India: Zulu, sending you 4
2024-10-14 22:35:19.870248 Juliett: Alpha, sending you 7
2024-10-14 22:35:19.870559 Echo: Tango, sending you 4
2024-10-14 22:35:19.871113 Alpha: Juliett, sending you 3
2024-10-14 22:35:19.871390 Bravo: Alpha, sending you 5
2024-10-14 22:35:19.872670 Tango: Echo, sending you 4
2024-10-14 22:35:19.873782 Delta: Tango, India, Charlie and Zulu, sending you 3
2024-10-14 22:35:19.875671 Echo: India and Charlie, sending you 3
2024-10-14 22:35:19.876387 Alpha: Quebec, sending you 4
2024-10-14 22:35:19.877669 Zulu: Echo, sending you 2
2024-10-14 22:35:19.878346 Tango: India, Delta, Charlie and Zulu, sending you 3
2024-10-14 22:35:19.879650 Echo: Delta, sending you 6
2024-10-14 22:35:19.880682 Zulu: Tango, India and Delta, sending you 4
2024-10-14 22:35:19.883670 Echo: Zulu, sending you 2
2024-10-14 22:35:19.885685 Zulu: Charlie, sending you 5
chatterbot Bravo submitting transactions
chatterbot Charlie submitting transactions
chatterbot Echo submitting transactions
chatterbot Alpha submitting transactions
chatterbot Juliett submitting transactions
chatterbot Delta submitting transactions
chatterbot India submitting transactions
chatterbot Tango submitting transactions
chatterbot Quebec submitting transactions
chatterbot Zulu submitting transactions
ChatterBot Echo round 9
ChatterBot Bravo round 9
ChatterBot Juliett round 9
ChatterBot Tango round 9
ChatterBot Quebec round 9
ChatterBot India round 9
ChatterBot Alpha round 9
ChatterBot Delta round 9
ChatterBot Charlie round 9
ChatterBot Zulu round 9
2024-10-14 22:35:21.254683 Alpha: Bravo, sending you 5
2024-10-14 22:35:21.256703 Charlie: Echo, Tango, India and Delta, sending you 3
2024-10-14 22:35:21.258472 Alpha: Juliett, sending you 3
2024-10-14 22:35:21.260692 Charlie: Zulu, sending you 4
2024-10-14 22:35:21.262581 Bravo: Juliett and Quebec, sending you 3
2024-10-14 22:35:21.263259 Tango: Echo, sending you 4
2024-10-14 22:35:21.264382 Delta: Echo, sending you 4
2024-10-14 22:35:21.266098 Juliett: Bravo, sending you 6
2024-10-14 22:35:21.267057 Alpha: Quebec, sending you 4
2024-10-14 22:35:21.268709 India: Echo, Tango, Delta and Charlie, sending you 3
2024-10-14 22:35:21.270047 Echo: Tango, sending you 4
2024-10-14 22:35:21.271839 Quebec: Bravo and Alpha, sending you 6
2024-10-14 22:35:21.272526 Zulu: Echo, sending you 3
2024-10-14 22:35:21.273529 Bravo: Alpha, sending you 5
2024-10-14 22:35:21.275094 Tango: India, Delta, Charlie and Zulu, sending you 3
2024-10-14 22:35:21.276718 Juliett: Quebec, sending you 3
2024-10-14 22:35:21.278198 Delta: Tango, India, Charlie and Zulu, sending you 3
2024-10-14 22:35:21.279813 India: Zulu, sending you 4
2024-10-14 22:35:21.281651 Quebec: Juliett, sending you 4
2024-10-14 22:35:21.283520 Echo: India and Charlie, sending you 3
2024-10-14 22:35:21.285363 Zulu: Tango, India, Delta and Charlie, sending you 4
2024-10-14 22:35:21.287897 Juliett: Alpha, sending you 7
2024-10-14 22:35:21.290394 Echo: Delta, sending you 6
2024-10-14 22:35:21.295709 Echo: Zulu, sending you 2
chatterbot Quebec submitting transactions
chatterbot India submitting transactions
chatterbot Bravo submitting transactions
chatterbot Tango submitting transactions
chatterbot Alpha submitting transactions
chatterbot Delta submitting transactions
chatterbot Juliett submitting transactions
chatterbot Charlie submitting transactions
chatterbot Echo submitting transactions
chatterbot Zulu submitting transactions
ChatterBot Echo round 10
ChatterBot Bravo round 10
ChatterBot Juliett round 10
ChatterBot Tango round 10
ChatterBot Quebec round 10
ChatterBot India round 10
ChatterBot Alpha round 10
ChatterBot Delta round 10
ChatterBot Charlie round 10
ChatterBot Zulu round 10
2024-10-14 22:35:22.542682 Echo: Tango, sending you 4
2024-10-14 22:35:22.546701 Echo: India, Charlie and Zulu, sending you 3
2024-10-14 22:35:22.547998 Alpha: Bravo, sending you 5
2024-10-14 22:35:22.548785 Quebec: Bravo, sending you 6
2024-10-14 22:35:22.551698 Echo: Delta, sending you 5
2024-10-14 22:35:22.552761 Quebec: Juliett, sending you 3
2024-10-14 22:35:22.553340 Alpha: Juliett, sending you 3
2024-10-14 22:35:22.553966 Juliett: Bravo and Alpha, sending you 6
2024-10-14 22:35:22.554773 India: Echo, Tango, Delta and Charlie, sending you 3
2024-10-14 22:35:22.556720 Quebec: Alpha, sending you 7
2024-10-14 22:35:22.557318 Tango: Echo, sending you 4
2024-10-14 22:35:22.558308 Bravo: Juliett and Quebec, sending you 3
2024-10-14 22:35:22.559966 Alpha: Quebec, sending you 4
2024-10-14 22:35:22.560544 Juliett: Quebec, sending you 4
2024-10-14 22:35:22.561123 India: Zulu, sending you 4
2024-10-14 22:35:22.562120 Zulu: Echo, sending you 3
2024-10-14 22:35:22.563411 Tango: India, Delta, Charlie and Zulu, sending you 3
2024-10-14 22:35:22.565040 Bravo: Alpha, sending you 5
2024-10-14 22:35:22.565881 Charlie: Echo, Tango, India and Delta, sending you 3
2024-10-14 22:35:22.568162 Zulu: Tango, India, Delta and Charlie, sending you 4
2024-10-14 22:35:22.569836 Delta: Echo, sending you 4
2024-10-14 22:35:22.571467 Charlie: Zulu, sending you 4
2024-10-14 22:35:22.575052 Delta: Tango, India, Charlie and Zulu, sending you 3
chatterbot Bravo submitting transactions
chatterbot Charlie submitting transactions
chatterbot Delta submitting transactions
chatterbot India submitting transactions
chatterbot Echo submitting transactions
chatterbot Zulu submitting transactions
chatterbot Alpha submitting transactions
chatterbot Quebec submitting transactions
chatterbot Tango submitting transactions
chatterbot Juliett submitting transactions
ChatterBot Echo round 11
ChatterBot Bravo round 11
ChatterBot Juliett round 11
ChatterBot Tango round 11
ChatterBot Quebec round 11
ChatterBot India round 11
ChatterBot Alpha round 11
ChatterBot Delta round 11
ChatterBot Charlie round 11
ChatterBot Zulu round 11
2024-10-14 22:35:23.737691 Bravo: Juliett and Quebec, sending you 3
2024-10-14 22:35:23.741689 Bravo: Alpha, sending you 5
2024-10-14 22:35:23.742692 Echo: Tango, sending you 4
2024-10-14 22:35:23.743853 Quebec: Bravo, sending you 6
2024-10-14 22:35:23.747696 Quebec: Juliett, sending you 3
2024-10-14 22:35:23.749275 Echo: India, Charlie and Zulu, sending you 3
2024-10-14 22:35:23.750927 Alpha: Bravo, sending you 5
2024-10-14 22:35:23.751889 Delta: Echo, sending you 4
2024-10-14 22:35:23.753513 Tango: Echo, sending you 4
2024-10-14 22:35:23.755230 India: Echo, Tango, Delta and Charlie, sending you 3
2024-10-14 22:35:23.756313 Quebec: Alpha, sending you 7
2024-10-14 22:35:23.756903 Juliett: Bravo and Alpha, sending you 6
2024-10-14 22:35:23.757480 Echo: Delta, sending you 5
2024-10-14 22:35:23.758445 Alpha: Juliett and Quebec, sending you 3
2024-10-14 22:35:23.759017 Charlie: Echo, Tango, India and Delta, sending you 3
2024-10-14 22:35:23.760063 Delta: Tango, India, Charlie and Zulu, sending you 3
2024-10-14 22:35:23.761100 Tango: India, Delta, Charlie and Zulu, sending you 3
2024-10-14 22:35:23.762126 India: Zulu, sending you 4
2024-10-14 22:35:23.763135 Zulu: Echo, sending you 3
2024-10-14 22:35:23.764137 Juliett: Quebec, sending you 4
2024-10-14 22:35:23.764881 Charlie: Zulu, sending you 4
2024-10-14 22:35:23.768440 Zulu: Tango, India, Delta and Charlie, sending you 4
chatterbot Zulu submitting transactions
chatterbot Quebec submitting transactions
chatterbot Charlie submitting transactions
chatterbot Delta submitting transactions
chatterbot Tango submitting transactions
chatterbot India submitting transactions
chatterbot Bravo submitting transactions
chatterbot Echo submitting transactions
chatterbot Alpha submitting transactions
chatterbot Juliett submitting transactions
ChatterBot Echo round 12
ChatterBot Bravo round 12
ChatterBot Juliett round 12
ChatterBot Tango round 12
ChatterBot Quebec round 12
ChatterBot India round 12
ChatterBot Alpha round 12
ChatterBot Delta round 12
ChatterBot Charlie round 12
ChatterBot Zulu round 12
2024-10-14 22:35:24.999722 India: Echo, Tango, Delta and Charlie, sending you 3
2024-10-14 22:35:25.002681 Quebec: Bravo, sending you 6
2024-10-14 22:35:25.003693 India: Zulu, sending you 4
2024-10-14 22:35:25.005668 Juliett: Bravo and Alpha, sending you 6
2024-10-14 22:35:25.006409 Quebec: Juliett, sending you 3
2024-10-14 22:35:25.007659 Bravo: Juliett and Quebec, sending you 3
2024-10-14 22:35:25.008164 Delta: Echo, sending you 4
2024-10-14 22:35:25.009151 Echo: Tango, sending you 4
2024-10-14 22:35:25.010186 Charlie: Echo, Tango, India and Delta, sending you 3
2024-10-14 22:35:25.011120 Alpha: Bravo, sending you 5
2024-10-14 22:35:25.011610 Juliett: Quebec, sending you 4
2024-10-14 22:35:25.012003 Quebec: Alpha, sending you 7
2024-10-14 22:35:25.012500 Tango: Echo, sending you 4
2024-10-14 22:35:25.014256 Bravo: Alpha, sending you 5
2024-10-14 22:35:25.014951 Echo: India, Charlie and Zulu, sending you 3
2024-10-14 22:35:25.015622 Delta: Tango, India, Charlie and Zulu, sending you 3
2024-10-14 22:35:25.016410 Charlie: Zulu, sending you 4
2024-10-14 22:35:25.017178 Alpha: Juliett and Quebec, sending you 3
2024-10-14 22:35:25.017593 Zulu: Echo, sending you 3
2024-10-14 22:35:25.019011 Tango: India, Delta, Charlie and Zulu, sending you 3
2024-10-14 22:35:25.019931 Echo: Delta, sending you 5
2024-10-14 22:35:25.022690 Zulu: Tango, India, Delta and Charlie, sending you 4
chatterbot Bravo submitting transactions
chatterbot India submitting transactions
chatterbot Echo submitting transactions
chatterbot Zulu submitting transactions
chatterbot Charlie submitting transactions
chatterbot Alpha submitting transactions
chatterbot Tango submitting transactions
chatterbot Quebec submitting transactions
chatterbot Delta submitting transactions
chatterbot Juliett submitting transactions
ChatterBot Echo round 13
ChatterBot Bravo round 13
ChatterBot Juliett round 13
ChatterBot Tango round 13
ChatterBot Quebec round 13
ChatterBot India round 13
ChatterBot Alpha round 13
ChatterBot Delta round 13
ChatterBot Charlie round 13
ChatterBot Zulu round 13
2024-10-14 22:35:26.258669 Echo: Tango, sending you 4
2024-10-14 22:35:26.262682 Echo: India, Charlie and Zulu, sending you 3
2024-10-14 22:35:26.265670 Delta: Echo, sending you 4
2024-10-14 22:35:26.267671 Bravo: Juliett and Quebec, sending you 3
2024-10-14 22:35:26.268457 Echo: Delta, sending you 5
2024-10-14 22:35:26.270257 Delta: Tango, India, Charlie and Zulu, sending you 3
2024-10-14 22:35:26.271054 Quebec: Bravo and Alpha, sending you 6
2024-10-14 22:35:26.271692 Bravo: Alpha, sending you 5
2024-10-14 22:35:26.272651 Juliett: Bravo and Alpha, sending you 6
2024-10-14 22:35:26.273119 Tango: Echo, sending you 4
2024-10-14 22:35:26.274422 Alpha: Bravo, sending you 5
2024-10-14 22:35:26.274846 India: Echo, Tango, Delta and Charlie, sending you 3
2024-10-14 22:35:26.275632 Quebec: Juliett, sending you 4
2024-10-14 22:35:26.275992 Zulu: Echo, sending you 3
2024-10-14 22:35:26.276675 Juliett: Quebec, sending you 4
2024-10-14 22:35:26.278019 India: Zulu, sending you 4
2024-10-14 22:35:26.279044 Tango: India, Delta, Charlie and Zulu, sending you 3
2024-10-14 22:35:26.280342 Alpha: Juliett and Quebec, sending you 3
2024-10-14 22:35:26.282369 Zulu: Tango, India, Delta and Charlie, sending you 4
2024-10-14 22:35:26.283151 Charlie: Echo, Tango, India and Delta, sending you 3
2024-10-14 22:35:26.288662 Charlie: Zulu, sending you 4
chatterbot India submitting transactions
chatterbot Echo submitting transactions
chatterbot Juliett submitting transactions
chatterbot Tango submitting transactions
chatterbot Delta submitting transactions
chatterbot Charlie submitting transactions
chatterbot Bravo submitting transactions
chatterbot Quebec submitting transactions
chatterbot Zulu submitting transactions
chatterbot Alpha submitting transactions
ChatterBot Echo round 14
ChatterBot Bravo round 14
ChatterBot Juliett round 14
ChatterBot Tango round 14
ChatterBot Quebec round 14
ChatterBot India round 14
ChatterBot Alpha round 14
ChatterBot Delta round 14
ChatterBot Charlie round 14
ChatterBot Zulu round 14
2024-10-14 22:35:27.540710 Quebec: Bravo and Alpha, sending you 6
2024-10-14 22:35:27.543661 India: Echo, Tango, Delta and Charlie, sending you 3
2024-10-14 22:35:27.545825 Bravo: Juliett and Quebec, sending you 3
2024-10-14 22:35:27.546803 Quebec: Juliett, sending you 4
2024-10-14 22:35:27.549666 India: Zulu, sending you 4
2024-10-14 22:35:27.550840 Zulu: Echo, sending you 3
2024-10-14 22:35:27.552570 Juliett: Bravo and Alpha, sending you 6
2024-10-14 22:35:27.553051 Bravo: Alpha, sending you 5
2024-10-14 22:35:27.553665 Alpha: Bravo, sending you 5
2024-10-14 22:35:27.555663 Zulu: Tango, India, Delta and Charlie, sending you 4
2024-10-14 22:35:27.556669 Juliett: Quebec, sending you 4
2024-10-14 22:35:27.557135 Echo: Tango, sending you 4
2024-10-14 22:35:27.558303 Tango: Echo, sending you 4
2024-10-14 22:35:27.559090 Delta: Echo, sending you 4
2024-10-14 22:35:27.560026 Alpha: Juliett and Quebec, sending you 3
2024-10-14 22:35:27.561699 Charlie: Echo, Tango, India and Delta, sending you 3
2024-10-14 22:35:27.563601 Echo: India, Charlie and Zulu, sending you 3
2024-10-14 22:35:27.564600 Tango: India, Delta, Charlie and Zulu, sending you 3
2024-10-14 22:35:27.566164 Delta: Tango, India, Charlie and Zulu, sending you 3
2024-10-14 22:35:27.567148 Charlie: Zulu, sending you 4
2024-10-14 22:35:27.568753 Echo: Delta, sending you 5
chatterbot Echo submitting transactions
chatterbot Alpha submitting transactions
chatterbot Bravo submitting transactions
chatterbot Charlie submitting transactions
chatterbot Quebec submitting transactions
chatterbot Juliett submitting transactions
chatterbot Zulu submitting transactions
chatterbot India submitting transactions
chatterbot Tango submitting transactions
chatterbot Delta submitting transactions
ChatterBot Echo round 15
ChatterBot Bravo round 15
ChatterBot Juliett round 15
ChatterBot Tango round 15
ChatterBot Quebec round 15
ChatterBot India round 15
ChatterBot Alpha round 15
ChatterBot Delta round 15
ChatterBot Charlie round 15
ChatterBot Zulu round 15
2024-10-14 22:35:28.829711 Echo: Tango, sending you 4
2024-10-14 22:35:28.833926 Juliett: Bravo and Alpha, sending you 6
2024-10-14 22:35:28.834707 Echo: India, Charlie and Zulu, sending you 3
2024-10-14 22:35:28.837699 Bravo: Juliett and Quebec, sending you 3
2024-10-14 22:35:28.838404 Juliett: Quebec, sending you 4
2024-10-14 22:35:28.839323 Echo: Delta, sending you 5
2024-10-14 22:35:28.840669 India: Echo, Tango, Delta and Charlie, sending you 3
2024-10-14 22:35:28.842125 Delta: Echo, sending you 4
2024-10-14 22:35:28.843083 Bravo: Alpha, sending you 5
2024-10-14 22:35:28.846713 India: Zulu, sending you 4
2024-10-14 22:35:28.847903 Tango: Echo, sending you 4
2024-10-14 22:35:28.849230 Zulu: Echo, sending you 3
2024-10-14 22:35:28.850282 Delta: Tango, India, Charlie and Zulu, sending you 3
2024-10-14 22:35:28.851700 Alpha: Bravo, sending you 5
2024-10-14 22:35:28.852307 Quebec: Bravo and Alpha, sending you 6
2024-10-14 22:35:28.852857 Tango: India, Delta, Charlie and Zulu, sending you 3
2024-10-14 22:35:28.854234 Zulu: Tango, India, Delta and Charlie, sending you 4
2024-10-14 22:35:28.855651 Alpha: Juliett and Quebec, sending you 3
2024-10-14 22:35:28.856674 Charlie: Echo, Tango, India and Delta, sending you 3
2024-10-14 22:35:28.858049 Quebec: Juliett, sending you 4
2024-10-14 22:35:28.860683 Charlie: Zulu, sending you 4
chatterbot Zulu submitting transactions
chatterbot Bravo submitting transactions
chatterbot Juliett submitting transactions
chatterbot Quebec submitting transactions
chatterbot India submitting transactions
chatterbot Echo submitting transactions
chatterbot Charlie submitting transactions
chatterbot Alpha submitting transactions
chatterbot Tango submitting transactions
chatterbot Delta submitting transactions
ChatterBot Echo round 16
ChatterBot Bravo round 16
ChatterBot Juliett round 16
ChatterBot Tango round 16
ChatterBot Quebec round 16
ChatterBot India round 16
ChatterBot Alpha round 16
ChatterBot Delta round 16
ChatterBot Charlie round 16
ChatterBot Zulu round 16
2024-10-14 22:35:30.080698 Juliett: Bravo and Alpha, sending you 6
2024-10-14 22:35:30.084697 Bravo: Juliett and Quebec, sending you 3
2024-10-14 22:35:30.085536 Juliett: Quebec, sending you 4
2024-10-14 22:35:30.086822 Echo: Tango, sending you 4
2024-10-14 22:35:30.088243 Bravo: Alpha, sending you 5
2024-10-14 22:35:30.089697 Alpha: Bravo, sending you 5
2024-10-14 22:35:30.091684 Echo: India, Charlie and Zulu, sending you 3
2024-10-14 22:35:30.094276 Delta: Echo, sending you 4
2024-10-14 22:35:30.096401 Quebec: Bravo and Alpha, sending you 6
2024-10-14 22:35:30.097571 Alpha: Juliett and Quebec, sending you 3
2024-10-14 22:35:30.098243 Echo: Delta, sending you 5
2024-10-14 22:35:30.100454 Charlie: Echo, Tango, India and Delta, sending you 3
2024-10-14 22:35:30.102700 Delta: Tango, India, Charlie and Zulu, sending you 3
2024-10-14 22:35:30.104368 Tango: Echo, sending you 4
2024-10-14 22:35:30.106381 Quebec: Juliett, sending you 4
2024-10-14 22:35:30.107383 India: Echo, Tango, Delta and Charlie, sending you 3
2024-10-14 22:35:30.109642 Zulu: Echo, sending you 3
2024-10-14 22:35:30.111946 Charlie: Zulu, sending you 4
2024-10-14 22:35:30.114153 Tango: India, Delta, Charlie and Zulu, sending you 3
2024-10-14 22:35:30.117740 India: Zulu, sending you 4
2024-10-14 22:35:30.121358 Zulu: Tango, India, Delta and Charlie, sending you 4
chatterbot Alpha submitting transactions
chatterbot Charlie submitting transactions
chatterbot Tango submitting transactions
chatterbot Juliett submitting transactions
chatterbot Zulu submitting transactions
chatterbot Delta submitting transactions
chatterbot Quebec submitting transactions
chatterbot India submitting transactions
chatterbot Bravo submitting transactions
chatterbot Echo submitting transactions
ChatterBot Echo round 17
ChatterBot Bravo round 17
ChatterBot Juliett round 17
ChatterBot Tango round 17
ChatterBot Quebec round 17
ChatterBot India round 17
ChatterBot Alpha round 17
ChatterBot Delta round 17
ChatterBot Charlie round 17
ChatterBot Zulu round 17
2024-10-14 22:35:31.282669 Alpha: Bravo, sending you 5
2024-10-14 22:35:31.285665 Bravo: Juliett and Quebec, sending you 3
2024-10-14 22:35:31.286664 Echo: Tango, sending you 4
2024-10-14 22:35:31.288815 India: Echo, Tango, Delta and Charlie, sending you 3
