ChatterBot Sierra round 1
ChatterBot Yankee round 1
ChatterBot November round 1
ChatterBot Whiskey round 1
ChatterBot Quebec round 1
ChatterBot X-ray round 1
ChatterBot Lima round 1
randomSelections Yankee: {Yankee, Juliett, Whiskey, X-ray, Papa, Sierra} 
2024-10-14 22:35:08.605442 Yankee: Let's form a team
ChatterBot Whiskey reevaluating
ChatterBot X-ray reevaluating
ChatterBot Sierra reevaluating
2024-10-14 22:35:08.618158 Whiskey: Yes
2024-10-14 22:35:08.618346 X-ray: Yes
2024-10-14 22:35:08.618476 Sierra: Yes
ChatterBot X-ray reevaluating
ChatterBot Sierra reevaluating
ChatterBot Whiskey reevaluating
ChatterBot Sierra reevaluating
ChatterBot Whiskey reevaluating
ChatterBot X-ray reevaluating
ChatterBot Juliett round 1
ChatterBot Juliett reevaluating
ChatterBot Juliett reevaluating
ChatterBot Juliett reevaluating
ChatterBot Juliett reevaluating
2024-10-14 22:35:08.653563 Juliett: Yes
ChatterBot Whiskey reevaluating
ChatterBot X-ray reevaluating
ChatterBot Sierra reevaluating
ChatterBot Victor round 1
ChatterBot Papa round 1
ChatterBot Papa reevaluating
ChatterBot Papa reevaluating
ChatterBot Papa reevaluating
ChatterBot Papa reevaluating
ChatterBot Papa reevaluating
2024-10-14 22:35:08.674659 Papa: Yes
ChatterBot Juliett reevaluating
ChatterBot Whiskey reevaluating
ChatterBot X-ray reevaluating
ChatterBot Sierra reevaluating
randomSelections November: {November, Whiskey, X-ray, Quebec, Yankee, Papa, Victor} 
2024-10-14 22:35:08.689360 November: Group up?
ChatterBot Whiskey reevaluating
ChatterBot X-ray reevaluating
ChatterBot Quebec reevaluating
ChatterBot Papa reevaluating
ChatterBot Victor reevaluating
2024-10-14 22:35:08.704402 Whiskey: No
2024-10-14 22:35:08.704559 X-ray: No
2024-10-14 22:35:08.705220 Quebec: Yes
2024-10-14 22:35:08.705348 Yankee: No
2024-10-14 22:35:08.705480 Papa: No
2024-10-14 22:35:08.705648 Victor: Yes
ChatterBot X-ray reevaluating
ChatterBot Quebec reevaluating
ChatterBot Papa reevaluating
ChatterBot Victor reevaluating
ChatterBot Whiskey reevaluating
ChatterBot Quebec reevaluating
ChatterBot Papa reevaluating
ChatterBot Victor reevaluating
ChatterBot Whiskey reevaluating
ChatterBot X-ray reevaluating
ChatterBot Papa reevaluating
ChatterBot Victor reevaluating
ChatterBot Whiskey reevaluating
ChatterBot X-ray reevaluating
ChatterBot Quebec reevaluating
ChatterBot Papa reevaluating
ChatterBot Victor reevaluating
ChatterBot Whiskey reevaluating
ChatterBot X-ray reevaluating
ChatterBot Quebec reevaluating
ChatterBot Victor reevaluating
ChatterBot Whiskey reevaluating
ChatterBot X-ray reevaluating
ChatterBot Quebec reevaluating
ChatterBot Papa reevaluating
randomSelections Lima: {Lima, Quebec, Juliett, Victor, Yankee, Papa, X-ray, November} 
2024-10-14 22:35:08.793998 Lima: We would work well together
ChatterBot Quebec reevaluating
ChatterBot Juliett reevaluating
ChatterBot Victor reevaluating
ChatterBot Papa reevaluating
ChatterBot X-ray reevaluating
2024-10-14 22:35:08.810474 Quebec: No
2024-10-14 22:35:08.811370 Juliett: No
2024-10-14 22:35:08.811517 Victor: No
2024-10-14 22:35:08.811694 Yankee: No
2024-10-14 22:35:08.811846 Papa: No
2024-10-14 22:35:08.812013 X-ray: No
2024-10-14 22:35:08.812162 November: No
ChatterBot Juliett reevaluating
ChatterBot Victor reevaluating
ChatterBot Papa reevaluating
ChatterBot X-ray reevaluating
ChatterBot Quebec reevaluating
ChatterBot Victor reevaluating
ChatterBot Papa reevaluating
ChatterBot X-ray reevaluating
ChatterBot Quebec reevaluating
ChatterBot Juliett reevaluating
ChatterBot Papa reevaluating
ChatterBot X-ray reevaluating
ChatterBot Quebec reevaluating
ChatterBot Juliett reevaluating
ChatterBot Victor reevaluating
ChatterBot Papa reevaluating
ChatterBot X-ray reevaluating
ChatterBot Quebec reevaluating
ChatterBot Juliett reevaluating
ChatterBot Victor reevaluating
ChatterBot X-ray reevaluating
ChatterBot Quebec reevaluating
ChatterBot Juliett reevaluating
ChatterBot Victor reevaluating
ChatterBot Papa reevaluating
ChatterBot Quebec reevaluating
ChatterBot Juliett reevaluating
ChatterBot Victor reevaluating
ChatterBot Papa reevaluating
ChatterBot X-ray reevaluating
2024-10-14 22:35:09.048846 Yankee: Sierra, sending you 4
2024-10-14 22:35:09.053639 Yankee: Whiskey, sending you 2
2024-10-14 22:35:09.054239 Victor: Yankee and November, sending you 1
2024-10-14 22:35:09.055516 Sierra: Whiskey and Juliett, sending you 3
2024-10-14 22:35:09.056037 Lima: Yankee, Quebec and Juliett, sending you 1
2024-10-14 22:35:09.057466 Quebec: Whiskey and X-ray, sending you 1
2024-10-14 22:35:09.058953 Whiskey: Sierra, sending you 5
2024-10-14 22:35:09.059496 November: Yankee, sending you 5
2024-10-14 22:35:09.060625 X-ray: Sierra and Juliett, sending you 3
2024-10-14 22:35:09.061121 Yankee: X-ray and Papa, sending you 3
2024-10-14 22:35:09.062012 Victor: Whiskey, sending you 3
2024-10-14 22:35:09.062586 Lima: November, sending you 2
2024-10-14 22:35:09.063761 Sierra: X-ray, sending you 7
2024-10-14 22:35:09.064515 Whiskey: Yankee, sending you 2
2024-10-14 22:35:09.065772 November: Whiskey and Quebec, sending you 3
2024-10-14 22:35:09.066566 X-ray: Yankee, Whiskey and Papa, sending you 2
2024-10-14 22:35:09.067740 Juliett: Sierra, Whiskey, X-ray and Papa, sending you 2
2024-10-14 22:35:09.069006 Yankee: Juliett, sending you 5
2024-10-14 22:35:09.069705 Victor: Quebec and Papa, sending you 4
2024-10-14 22:35:09.070809 Lima: X-ray and Papa, sending you 3
2024-10-14 22:35:09.071268 Sierra: Papa, sending you 4
2024-10-14 22:35:09.072157 Whiskey: X-ray, sending you 1
2024-10-14 22:35:09.072692 November: X-ray, sending you 2
2024-10-14 22:35:09.074685 Victor: X-ray, sending you 2
2024-10-14 22:35:09.075891 Lima: Victor, sending you 4
2024-10-14 22:35:09.077123 Whiskey: Juliett, sending you 4
2024-10-14 22:35:09.077655 November: Victor, sending you 1
2024-10-14 22:35:09.081696 November: Papa, sending you 4
chatterbot Lima submitting transactions
chatterbot November submitting transactions
chatterbot X-ray submitting transactions
chatterbot Yankee submitting transactions
chatterbot Whiskey submitting transactions
chatterbot Juliett submitting transactions
chatterbot Victor submitting transactions
chatterbot Quebec submitting transactions
chatterbot Papa submitting transactions
chatterbot Sierra submitting transactions
ChatterBot Sierra round 2
ChatterBot Yankee round 2
2024-10-14 22:35:13.859117 Yankee: We should replace Papa with November
ChatterBot Sierra reevaluating
ChatterBot Whiskey reevaluating
ChatterBot X-ray reevaluating
ChatterBot Juliett reevaluating
2024-10-14 22:35:13.915488 Sierra: No
2024-10-14 22:35:13.915675 Whiskey: No
2024-10-14 22:35:13.915833 X-ray: No
2024-10-14 22:35:13.916005 Juliett: No
ChatterBot Whiskey reevaluating
ChatterBot X-ray reevaluating
ChatterBot Juliett reevaluating
ChatterBot Sierra reevaluating
ChatterBot X-ray reevaluating
ChatterBot Juliett reevaluating
ChatterBot Sierra reevaluating
ChatterBot Whiskey reevaluating
ChatterBot Juliett reevaluating
ChatterBot Sierra reevaluating
ChatterBot Whiskey reevaluating
ChatterBot X-ray reevaluating
2024-10-14 22:35:14.203567 Whiskey: Friends?
2024-10-14 22:35:14.212283 Yankee: Yes
ChatterBot Whiskey reevaluating
ChatterBot November round 2
ChatterBot Whiskey round 2
ChatterBot Quebec round 2
ChatterBot X-ray round 2
ChatterBot Lima round 2
ChatterBot Juliett round 2
ChatterBot Victor round 2
ChatterBot Papa round 2
2024-10-14 22:35:14.245658 Yankee: November we want you to join our group
ChatterBot November reevaluating
2024-10-14 22:35:14.253155 November: No
ChatterBot Sierra reevaluating
ChatterBot Whiskey reevaluating
ChatterBot X-ray reevaluating
ChatterBot Juliett reevaluating
2024-10-14 22:35:14.286495 November: Group up?
2024-10-14 22:35:14.287565 Whiskey: We should replace Papa with November
2024-10-14 22:35:14.288755 X-ray: We should replace Papa with November
ChatterBot Quebec reevaluating
ChatterBot Lima reevaluating
ChatterBot Victor reevaluating
ChatterBot Papa reevaluating
2024-10-14 22:35:14.315525 Quebec: Yes
2024-10-14 22:35:14.316301 Lima: Yes
2024-10-14 22:35:14.317123 Victor: Yes
2024-10-14 22:35:14.317596 Papa: Yes
ChatterBot Sierra reevaluating
ChatterBot X-ray reevaluating
ChatterBot Juliett reevaluating
2024-10-14 22:35:14.341514 Yankee: Yes
2024-10-14 22:35:14.347185 Sierra: No
ChatterBot Sierra reevaluating
ChatterBot Whiskey reevaluating
2024-10-14 22:35:14.359865 X-ray: Yes
2024-10-14 22:35:14.360095 Juliett: No
ChatterBot Juliett reevaluating
ChatterBot November reevaluating
ChatterBot Lima reevaluating
ChatterBot Victor reevaluating
ChatterBot Papa reevaluating
2024-10-14 22:35:14.392425 Yankee: Yes
2024-10-14 22:35:14.392597 Sierra: No
2024-10-14 22:35:14.392753 Whiskey: Yes
2024-10-14 22:35:14.392908 Juliett: No
ChatterBot November reevaluating
ChatterBot Quebec reevaluating
ChatterBot Victor reevaluating
ChatterBot Papa reevaluating
ChatterBot Sierra reevaluating
ChatterBot Whiskey reevaluating
ChatterBot X-ray reevaluating
ChatterBot Juliett reevaluating
ChatterBot November reevaluating
ChatterBot Quebec reevaluating
ChatterBot Lima reevaluating
ChatterBot Papa reevaluating
ChatterBot Whiskey reevaluating
ChatterBot X-ray reevaluating
ChatterBot Juliett reevaluating
ChatterBot November reevaluating
ChatterBot Quebec reevaluating
ChatterBot Lima reevaluating
ChatterBot Victor reevaluating
ChatterBot Sierra reevaluating
ChatterBot Whiskey reevaluating
ChatterBot Juliett reevaluating
ChatterBot Sierra reevaluating
ChatterBot Whiskey reevaluating
ChatterBot X-ray reevaluating
ChatterBot Sierra reevaluating
ChatterBot Whiskey reevaluating
ChatterBot X-ray reevaluating
ChatterBot Juliett reevaluating
ChatterBot Whiskey reevaluating
ChatterBot X-ray reevaluating
ChatterBot Juliett reevaluating
ChatterBot Sierra reevaluating
ChatterBot X-ray reevaluating
ChatterBot Juliett reevaluating
ChatterBot Sierra reevaluating
ChatterBot Whiskey reevaluating
ChatterBot X-ray reevaluating
2024-10-14 22:35:14.708289 Sierra: We should drop Papa
2024-10-14 22:35:14.729053 Yankee: Yes
2024-10-14 22:35:14.729368 Whiskey: Yes
2024-10-14 22:35:14.729573 X-ray: Yes
2024-10-14 22:35:14.729782 Juliett: Yes
ChatterBot Sierra reevaluating
ChatterBot Sierra reevaluating
ChatterBot Sierra reevaluating
ChatterBot Sierra reevaluating
2024-10-14 22:35:14.805878 X-ray: November we want you to join our group
2024-10-14 22:35:14.809209 November: No
ChatterBot Sierra reevaluating
2024-10-14 22:35:14.827954 Whiskey: November we want you to join our group
2024-10-14 22:35:14.848741 November: No
ChatterBot Sierra reevaluating
2024-10-14 22:35:14.960499 Yankee: Sierra and Juliett, sending you 1
2024-10-14 22:35:14.983261 Yankee: November, sending you 7
2024-10-14 22:35:14.984006 Lima: November, Quebec and Victor, sending you 4
2024-10-14 22:35:14.984992 November: Quebec and Papa, sending you 4
2024-10-14 22:35:14.985465 Papa: November and Victor, sending you 5
2024-10-14 22:35:14.985910 Quebec: November, sending you 5
2024-10-14 22:35:14.987419 Victor: November and Lima, sending you 3
2024-10-14 22:35:14.988863 Yankee: Whiskey and X-ray, sending you 4
2024-10-14 22:35:14.989442 Lima: Papa, sending you 3
2024-10-14 22:35:14.989886 November: Lima and Victor, sending you 5
2024-10-14 22:35:14.990890 Papa: Quebec, sending you 1
2024-10-14 22:35:14.991360 Quebec: Lima, sending you 2
2024-10-14 22:35:15.031577 Whiskey: Sierra, sending you 4
2024-10-14 22:35:15.032393 X-ray: Sierra, sending you 5
2024-10-14 22:35:15.033769 Juliett: Sending you each 2
2024-10-14 22:35:15.034333 Papa: Lima, sending you 4
2024-10-14 22:35:15.035567 Quebec: Victor, sending you 6
2024-10-14 22:35:15.036193 Whiskey: Yankee, November, X-ray and Juliett, sending you 3
2024-10-14 22:35:15.042610 X-ray: Yankee, November and Juliett, sending you 2
2024-10-14 22:35:15.043140 Quebec: Papa, sending you 1
2024-10-14 22:35:15.062894 X-ray: Whiskey, sending you 1
2024-10-14 22:35:15.064107 Sierra: Yankee and Whiskey, sending you 5
2024-10-14 22:35:15.085449 Sierra: X-ray, sending you 4
2024-10-14 22:35:15.090830 Sierra: Juliett, sending you 3
chatterbot Lima submitting transactions
chatterbot Yankee submitting transactions
chatterbot Victor submitting transactions
chatterbot Whiskey submitting transactions
chatterbot Papa submitting transactions
chatterbot Juliett submitting transactions
chatterbot X-ray submitting transactions
chatterbot Sierra submitting transactions
chatterbot Quebec submitting transactions
chatterbot November submitting transactions
ChatterBot Sierra round 3
ChatterBot Yankee round 3
ChatterBot November round 3
ChatterBot Whiskey round 3
ChatterBot Quebec round 3
ChatterBot X-ray round 3
ChatterBot Lima round 3
ChatterBot Juliett round 3
ChatterBot Victor round 3
ChatterBot Papa round 3
2024-10-14 22:35:16.056887 Yankee: We should drop November
2024-10-14 22:35:16.073356 Sierra: Yes
2024-10-14 22:35:16.073628 Whiskey: Yes
2024-10-14 22:35:16.074313 X-ray: Yes
2024-10-14 22:35:16.074589 Juliett: Yes
2024-10-14 22:35:16.146868 Quebec: November, sending you 5
2024-10-14 22:35:16.148334 Lima: November, sending you 4
2024-10-14 22:35:16.149307 Juliett: Same as last round
2024-10-14 22:35:16.151022 November: Quebec and Papa, sending you 5
2024-10-14 22:35:16.151882 Yankee: Sierra and Whiskey, sending you 5
2024-10-14 22:35:16.153601 Sierra: Yankee and Juliett, sending you 3
2024-10-14 22:35:16.154652 Quebec: Lima, sending you 4
2024-10-14 22:35:16.155208 Lima: Quebec and Victor, sending you 3
2024-10-14 22:35:16.156225 Yankee: X-ray, sending you 4
2024-10-14 22:35:16.156982 Whiskey: Sending you each 4
2024-10-14 22:35:16.157768 November: Lima and Victor, sending you 4
2024-10-14 22:35:16.159372 Sierra: Whiskey, sending you 6
2024-10-14 22:35:16.159832 Lima: Papa, sending you 5
2024-10-14 22:35:16.160576 Quebec: Victor, sending you 3
2024-10-14 22:35:16.162027 X-ray: Sierra, sending you 5
2024-10-14 22:35:16.162669 Yankee: Juliett, sending you 3
2024-10-14 22:35:16.164670 Sierra: X-ray, sending you 5
2024-10-14 22:35:16.166108 Papa: November, sending you 6
2024-10-14 22:35:16.167372 Quebec: Papa, sending you 2
2024-10-14 22:35:16.168782 X-ray: Yankee, sending you 3
2024-10-14 22:35:16.169635 Victor: November, Quebec and Lima, sending you 3
2024-10-14 22:35:16.171160 Papa: Quebec, sending you 2
2024-10-14 22:35:16.172689 X-ray: Whiskey and Juliett, sending you 2
2024-10-14 22:35:16.174670 Victor: Papa, sending you 4
2024-10-14 22:35:16.176046 Papa: Lima, sending you 5
2024-10-14 22:35:16.180709 Papa: Victor, sending you 3
chatterbot Yankee submitting transactions
chatterbot Sierra submitting transactions
chatterbot Whiskey submitting transactions
chatterbot X-ray submitting transactions
chatterbot Victor submitting transactions
chatterbot November submitting transactions
chatterbot Juliett submitting transactions
chatterbot Lima submitting transactions
chatterbot Quebec submitting transactions
chatterbot Papa submitting transactions
ChatterBot Sierra round 4
ChatterBot Yankee round 4
ChatterBot November round 4
ChatterBot Whiskey round 4
ChatterBot Quebec round 4
ChatterBot X-ray round 4
ChatterBot Lima round 4
ChatterBot Juliett round 4
ChatterBot Victor round 4
ChatterBot Papa round 4
2024-10-14 22:35:17.241647 Lima: November, sending you 4
2024-10-14 22:35:17.242716 Quebec: November, sending you 6
2024-10-14 22:35:17.243853 November: Quebec and Papa, sending you 5
2024-10-14 22:35:17.244252 Juliett: Same as last round
2024-10-14 22:35:17.244844 X-ray: Sierra, sending you 4
2024-10-14 22:35:17.245672 Lima: Quebec and Victor, sending you 3
2024-10-14 22:35:17.246675 Whiskey: Same as last round
2024-10-14 22:35:17.247100 Sierra: Yankee, sending you 4
2024-10-14 22:35:17.247427 November: Lima and Victor, sending you 4
2024-10-14 22:35:17.248664 Quebec: Lima and Victor, sending you 3
2024-10-14 22:35:17.249676 X-ray: Yankee and Whiskey, sending you 3
2024-10-14 22:35:17.250044 Victor: November and Papa, sending you 4
2024-10-14 22:35:17.250364 Lima: Papa, sending you 5
2024-10-14 22:35:17.251655 Sierra: Whiskey and X-ray, sending you 5
2024-10-14 22:35:17.252051 Yankee: Sierra and X-ray, sending you 4
2024-10-14 22:35:17.253670 Quebec: Papa, sending you 2
2024-10-14 22:35:17.254051 X-ray: Juliett, sending you 2
2024-10-14 22:35:17.254688 Victor: Quebec and Lima, sending you 3
2024-10-14 22:35:17.255685 Sierra: Juliett, sending you 3
2024-10-14 22:35:17.256669 Yankee: Whiskey, sending you 6
2024-10-14 22:35:17.257031 Papa: November, sending you 6
2024-10-14 22:35:17.259684 Papa: Quebec, sending you 2
2024-10-14 22:35:17.260688 Yankee: Juliett, sending you 3
2024-10-14 22:35:17.264668 Papa: Lima, sending you 5
2024-10-14 22:35:17.269684 Papa: Victor, sending you 4
chatterbot Whiskey submitting transactions
chatterbot Quebec submitting transactions
chatterbot X-ray submitting transactions
chatterbot Yankee submitting transactions
chatterbot Juliett submitting transactions
chatterbot November submitting transactions
chatterbot Sierra submitting transactions
chatterbot Lima submitting transactions
chatterbot Papa submitting transactions
chatterbot Victor submitting transactions
ChatterBot Sierra round 5
ChatterBot Yankee round 5
ChatterBot November round 5
ChatterBot Whiskey round 5
ChatterBot Quebec round 5
ChatterBot X-ray round 5
ChatterBot Lima round 5
ChatterBot Juliett round 5
ChatterBot Victor round 5
ChatterBot Papa round 5
2024-10-14 22:35:18.202658 Yankee: Sierra and Whiskey, sending you 5
2024-10-14 22:35:18.203178 Sierra: Yankee, sending you 4
2024-10-14 22:35:18.205687 November: Quebec and Papa, sending you 5
2024-10-14 22:35:18.206573 Yankee: X-ray, sending you 4
2024-10-14 22:35:18.206971 Sierra: Whiskey and X-ray, sending you 5
2024-10-14 22:35:18.208651 Lima: November, sending you 4
2024-10-14 22:35:18.209088 Papa: November, sending you 6
2024-10-14 22:35:18.209544 November: Lima and Victor, sending you 4
2024-10-14 22:35:18.211662 Yankee: Juliett, sending you 3
2024-10-14 22:35:18.212046 Sierra: Juliett, sending you 3
2024-10-14 22:35:18.213665 Lima: Quebec and Victor, sending you 3
2024-10-14 22:35:18.214442 Papa: Quebec, sending you 3
2024-10-14 22:35:18.215659 X-ray: Sierra, sending you 4
2024-10-14 22:35:18.217670 Lima: Papa, sending you 5
2024-10-14 22:35:18.218683 Whiskey: Sierra and Yankee, sending you 4
2024-10-14 22:35:18.219114 Papa: Lima, sending you 5
2024-10-14 22:35:18.220677 Quebec: November, sending you 6
2024-10-14 22:35:18.221050 X-ray: Yankee and Whiskey, sending you 3
2024-10-14 22:35:18.223661 Whiskey: X-ray and Juliett, sending you 3
2024-10-14 22:35:18.224242 Papa: Victor, sending you 4
2024-10-14 22:35:18.225195 Juliett: Same as last round
2024-10-14 22:35:18.225566 Victor: November and Papa, sending you 4
2024-10-14 22:35:18.226043 Quebec: Lima and Victor, sending you 3
2024-10-14 22:35:18.226655 X-ray: Juliett, sending you 2
2024-10-14 22:35:18.228976 Quebec: Papa, sending you 2
2024-10-14 22:35:18.229660 Victor: Quebec and Lima, sending you 3
chatterbot Lima submitting transactions
chatterbot Quebec submitting transactions
chatterbot November submitting transactions
chatterbot Victor submitting transactions
chatterbot Sierra submitting transactions
chatterbot Juliett submitting transactions
chatterbot X-ray submitting transactions
chatterbot Yankee submitting transactions
chatterbot Papa submitting transactions
chatterbot Whiskey submitting transactions
ChatterBot Sierra round 6
ChatterBot Yankee round 6
ChatterBot November round 6
ChatterBot Whiskey round 6
ChatterBot Quebec round 6
ChatterBot X-ray round 6
ChatterBot Lima round 6
ChatterBot Juliett round 6
ChatterBot Victor round 6
ChatterBot Papa round 6
2024-10-14 22:35:19.209678 Sierra: Yankee, sending you 4
2024-10-14 22:35:19.213836 Yankee: Sierra and Whiskey, sending you 5
2024-10-14 22:35:19.214787 Sierra: Whiskey and X-ray, sending you 5
2024-10-14 22:35:19.216669 November: Sending you each 3
2024-10-14 22:35:19.217700 November: I was attacked by Whiskey
ChatterBot Quebec reevaluating
ChatterBot Lima reevaluating
ChatterBot Victor reevaluating
ChatterBot Papa reevaluating
2024-10-14 22:35:19.231905 November: Ow
2024-10-14 22:35:19.233772 Sierra: Juliett, sending you 3
2024-10-14 22:35:19.234648 Yankee: X-ray, sending you 4
2024-10-14 22:35:19.236668 X-ray: Sierra, sending you 4
2024-10-14 22:35:19.238666 Yankee: Juliett, sending you 3
2024-10-14 22:35:19.239961 Whiskey: Sierra and Yankee, sending you 4
2024-10-14 22:35:19.241322 X-ray: Yankee and Whiskey, sending you 3
2024-10-14 22:35:19.242323 Juliett: Same as last round
2024-10-14 22:35:19.245697 Whiskey: X-ray and Juliett, sending you 3
2024-10-14 22:35:19.246585 X-ray: Juliett, sending you 2
2024-10-14 22:35:19.255678 Lima: November, sending you 4
2024-10-14 22:35:19.256902 Papa: November, sending you 6
2024-10-14 22:35:19.259917 Lima: Quebec and Victor, sending you 3
2024-10-14 22:35:19.263708 Lima: Papa, sending you 5
2024-10-14 22:35:19.265644 Papa: Quebec, sending you 3
2024-10-14 22:35:19.267110 Quebec: November, sending you 5
2024-10-14 22:35:19.268707 Victor: November and Papa, sending you 4
2024-10-14 22:35:19.271661 Papa: Lima and Victor, sending you 5
2024-10-14 22:35:19.273027 Quebec: Lima, Victor and Papa, sending you 3
2024-10-14 22:35:19.274687 Victor: Quebec and Lima, sending you 3
chatterbot Sierra submitting transactions
chatterbot Yankee submitting transactions
chatterbot Quebec submitting transactions
chatterbot Lima submitting transactions
chatterbot Whiskey submitting transactions
chatterbot Juliett submitting transactions
chatterbot Victor submitting transactions
chatterbot X-ray submitting transactions
chatterbot November submitting transactions
chatterbot Papa submitting transactions
ChatterBot Sierra round 7
ChatterBot Yankee round 7
ChatterBot November round 7
ChatterBot Whiskey round 7
ChatterBot Quebec round 7
ChatterBot X-ray round 7
ChatterBot Lima round 7
ChatterBot Juliett round 7
ChatterBot Victor round 7
ChatterBot Papa round 7
2024-10-14 22:35:20.481670 November: Quebec, Victor and Papa, sending you 3
2024-10-14 22:35:20.486963 November: Lima, sending you 2
2024-10-14 22:35:20.487355 November: I was attacked by Whiskey
ChatterBot Quebec reevaluating
ChatterBot Lima reevaluating
ChatterBot Victor reevaluating
ChatterBot Papa reevaluating
2024-10-14 22:35:20.494869 November: Ow
2024-10-14 22:35:20.495436 X-ray: Sierra, sending you 4
2024-10-14 22:35:20.498647 Juliett: Same as last round
2024-10-14 22:35:20.499693 X-ray: Yankee and Whiskey, sending you 3
2024-10-14 22:35:20.501540 Sierra: Yankee, sending you 4
2024-10-14 22:35:20.502184 Whiskey: Sending you each 4
2024-10-14 22:35:20.502668 Yankee: Sierra and Whiskey, sending you 5
2024-10-14 22:35:20.503227 X-ray: Juliett, sending you 2
2024-10-14 22:35:20.506662 Sierra: Whiskey and X-ray, sending you 5
2024-10-14 22:35:20.507681 Yankee: X-ray, sending you 4
2024-10-14 22:35:20.510701 Sierra: Juliett, sending you 3
2024-10-14 22:35:20.511193 Yankee: Juliett, sending you 3
2024-10-14 22:35:20.512666 Victor: November, sending you 4
2024-10-14 22:35:20.517674 Victor: Quebec, Lima and Papa, sending you 3
2024-10-14 22:35:20.518523 Papa: November, sending you 6
2024-10-14 22:35:20.519246 Lima: November, sending you 4
2024-10-14 22:35:20.519913 Quebec: November, sending you 5
2024-10-14 22:35:20.521681 Papa: Quebec, sending you 3
2024-10-14 22:35:20.522670 Lima: Quebec and Victor, sending you 3
2024-10-14 22:35:20.523825 Quebec: Lima, Victor and Papa, sending you 3
2024-10-14 22:35:20.524677 Papa: Lima and Victor, sending you 5
2024-10-14 22:35:20.526645 Lima: Papa, sending you 5
chatterbot Quebec submitting transactions
chatterbot Papa submitting transactions
chatterbot Sierra submitting transactions
chatterbot Whiskey submitting transactions
chatterbot Victor submitting transactions
chatterbot Lima submitting transactions
chatterbot X-ray submitting transactions
chatterbot Juliett submitting transactions
chatterbot Yankee submitting transactions
chatterbot November submitting transactions
ChatterBot Sierra round 8
ChatterBot Yankee round 8
ChatterBot November round 8
ChatterBot Whiskey round 8
ChatterBot Quebec round 8
ChatterBot X-ray round 8
ChatterBot Lima round 8
ChatterBot Juliett round 8
ChatterBot Victor round 8
ChatterBot Papa round 8
2024-10-14 22:35:21.755663 Juliett: Same as last round
2024-10-14 22:35:21.756700 Yankee: Sierra and Whiskey, sending you 5
2024-10-14 22:35:21.762119 Yankee: X-ray, sending you 4
2024-10-14 22:35:21.762875 Sierra: Yankee and Whiskey, sending you 4
2024-10-14 22:35:21.763500 Lima: November, sending you 4
2024-10-14 22:35:21.766657 Yankee: Juliett, sending you 3
2024-10-14 22:35:21.767369 Sierra: X-ray, sending you 6
2024-10-14 22:35:21.768670 Lima: Quebec and Victor, sending you 3
2024-10-14 22:35:21.769740 Quebec: November, sending you 5
2024-10-14 22:35:21.770297 Whiskey: Same as last round
2024-10-14 22:35:21.770941 Sierra: Juliett, sending you 3
2024-10-14 22:35:21.771741 X-ray: Sierra, sending you 4
2024-10-14 22:35:21.772654 Quebec: Lima, Victor and Papa, sending you 3
2024-10-14 22:35:21.773808 November: Quebec and Papa, sending you 5
2024-10-14 22:35:21.774656 Lima: Papa, sending you 5
2024-10-14 22:35:21.775431 X-ray: Yankee and Whiskey, sending you 3
2024-10-14 22:35:21.778692 November: Lima and Victor, sending you 4
2024-10-14 22:35:21.779311 Victor: November, sending you 4
2024-10-14 22:35:21.780684 X-ray: Juliett, sending you 2
2024-10-14 22:35:21.782685 Victor: Quebec, Lima and Papa, sending you 3
2024-10-14 22:35:21.785672 Papa: November and Victor, sending you 5
2024-10-14 22:35:21.789671 Papa: Quebec, sending you 3
2024-10-14 22:35:21.792642 Papa: Lima, sending you 6
chatterbot November submitting transactions
chatterbot Sierra submitting transactions
chatterbot X-ray submitting transactions
chatterbot Lima submitting transactions
chatterbot Papa submitting transactions
chatterbot Victor submitting transactions
chatterbot Juliett submitting transactions
chatterbot Yankee submitting transactions
chatterbot Whiskey submitting transactions
chatterbot Quebec submitting transactions
ChatterBot Sierra round 9
ChatterBot Yankee round 9
ChatterBot November round 9
ChatterBot Whiskey round 9
ChatterBot Quebec round 9
ChatterBot X-ray round 9
ChatterBot Lima round 9
ChatterBot Juliett round 9
ChatterBot Victor round 9
ChatterBot Papa round 9
2024-10-14 22:35:23.002693 Yankee: Sierra and Whiskey, sending you 5
2024-10-14 22:35:23.005691 Sierra: Yankee and Whiskey, sending you 4
2024-10-14 22:35:23.006663 Yankee: X-ray, sending you 4
2024-10-14 22:35:23.009703 Whiskey: Same as last round
2024-10-14 22:35:23.010638 Sierra: X-ray, sending you 6
2024-10-14 22:35:23.011675 Yankee: Juliett, sending you 3
2024-10-14 22:35:23.013688 Quebec: November, sending you 5
2024-10-14 22:35:23.014659 Sierra: Juliett, sending you 3
2024-10-14 22:35:23.015370 Victor: November, sending you 4
2024-10-14 22:35:23.015914 Juliett: Sierra, Whiskey and X-ray, sending you 2
2024-10-14 22:35:23.016722 X-ray: Sierra, sending you 4
2024-10-14 22:35:23.017434 Papa: November, sending you 6
2024-10-14 22:35:23.018678 Quebec: Lima, Victor and Papa, sending you 3
2024-10-14 22:35:23.019271 Victor: Quebec, Lima and Papa, sending you 3
2024-10-14 22:35:23.020130 November: Quebec and Papa, sending you 5
2024-10-14 22:35:23.020710 X-ray: Yankee and Whiskey, sending you 3
2024-10-14 22:35:23.021682 Juliett: Yankee, sending you 1
2024-10-14 22:35:23.022411 Lima: November, sending you 4
2024-10-14 22:35:23.023358 Papa: Quebec and Victor, sending you 4
2024-10-14 22:35:23.023917 X-ray: Juliett, sending you 2
2024-10-14 22:35:23.025673 November: Lima and Victor, sending you 4
2024-10-14 22:35:23.026687 Papa: Lima, sending you 5
2024-10-14 22:35:23.027675 Lima: Quebec and Victor, sending you 3
2024-10-14 22:35:23.032665 Lima: Papa, sending you 5
chatterbot Juliett submitting transactions
chatterbot November submitting transactions
chatterbot Lima submitting transactions
chatterbot Quebec submitting transactions
chatterbot Sierra submitting transactions
chatterbot Papa submitting transactions
chatterbot Yankee submitting transactions
chatterbot Whiskey submitting transactions
chatterbot X-ray submitting transactions
chatterbot Victor submitting transactions
ChatterBot Sierra round 10
ChatterBot Yankee round 10
ChatterBot November round 10
ChatterBot Whiskey round 10
ChatterBot Quebec round 10
ChatterBot X-ray round 10
ChatterBot Lima round 10
ChatterBot Juliett round 10
ChatterBot Victor round 10
ChatterBot Papa round 10
2024-10-14 22:35:24.291655 November: Quebec and Papa, sending you 5
2024-10-14 22:35:24.292837 Whiskey: Same as last round
2024-10-14 22:35:24.296666 November: Lima and Victor, sending you 4
2024-10-14 22:35:24.297385 Juliett: Sierra, Whiskey and X-ray, sending you 2
2024-10-14 22:35:24.298723 Quebec: November, sending you 5
2024-10-14 22:35:24.301688 Juliett: Yankee, sending you 1
2024-10-14 22:35:24.302744 Quebec: Lima, Victor and Papa, sending you 3
2024-10-14 22:35:24.303499 Yankee: Sierra and Whiskey, sending you 5
2024-10-14 22:35:24.304843 Papa: November, sending you 6
2024-10-14 22:35:24.307661 Yankee: X-ray, sending you 4
2024-10-14 22:35:24.308627 Sierra: Yankee and Whiskey, sending you 4
2024-10-14 22:35:24.309737 Papa: Quebec and Victor, sending you 4
2024-10-14 22:35:24.310169 Lima: November, sending you 4
2024-10-14 22:35:24.310643 Victor: November, sending you 4
2024-10-14 22:35:24.311100 X-ray: Sierra, sending you 4
2024-10-14 22:35:24.312680 Yankee: Juliett, sending you 3
2024-10-14 22:35:24.313678 Sierra: X-ray, sending you 6
2024-10-14 22:35:24.314704 Victor: Quebec, Lima and Papa, sending you 3
2024-10-14 22:35:24.315200 Papa: Lima, sending you 5
2024-10-14 22:35:24.315694 Lima: Quebec and Victor, sending you 3
2024-10-14 22:35:24.316632 X-ray: Yankee and Whiskey, sending you 3
2024-10-14 22:35:24.319038 Sierra: Juliett, sending you 3
2024-10-14 22:35:24.320657 Lima: Papa, sending you 5
2024-10-14 22:35:24.321111 X-ray: Juliett, sending you 2
chatterbot Papa submitting transactions
chatterbot November submitting transactions
chatterbot Whiskey submitting transactions
chatterbot X-ray submitting transactions
chatterbot Quebec submitting transactions
chatterbot Lima submitting transactions
chatterbot Juliett submitting transactions
chatterbot Yankee submitting transactions
chatterbot Victor submitting transactions
chatterbot Sierra submitting transactions
ChatterBot Sierra round 11
ChatterBot Yankee round 11
ChatterBot November round 11
ChatterBot Whiskey round 11
ChatterBot Quebec round 11
ChatterBot X-ray round 11
ChatterBot Lima round 11
ChatterBot Juliett round 11
ChatterBot Victor round 11
ChatterBot Papa round 11
2024-10-14 22:35:25.610735 Lima: We should add Yankee
2024-10-14 22:35:25.625676 November: No
2024-10-14 22:35:25.626003 Quebec: No
2024-10-14 22:35:25.626362 Victor: No
2024-10-14 22:35:25.626664 Papa: No
ChatterBot Lima reevaluating
ChatterBot Lima reevaluating
ChatterBot Lima reevaluating
ChatterBot Lima reevaluating
2024-10-14 22:35:25.692568 Lima: We should add Sierra
2024-10-14 22:35:25.703212 November: No
2024-10-14 22:35:25.703609 Quebec: No
2024-10-14 22:35:25.704023 Victor: No
2024-10-14 22:35:25.704403 Papa: No
ChatterBot Lima reevaluating
ChatterBot Lima reevaluating
ChatterBot Lima reevaluating
ChatterBot Lima reevaluating
2024-10-14 22:35:25.761678 Sierra: Yankee and Whiskey, sending you 4
2024-10-14 22:35:25.764429 Quebec: November, sending you 5
2024-10-14 22:35:25.766001 X-ray: Sierra, sending you 4
2024-10-14 22:35:25.768527 Whiskey: Same as last round
2024-10-14 22:35:25.770124 Yankee: Sierra and Whiskey, sending you 5
2024-10-14 22:35:25.773274 Victor: November, sending you 4
2024-10-14 22:35:25.776045 November: Quebec and Papa, sending you 5
2024-10-14 22:35:25.777848 Sierra: X-ray, sending you 6
2024-10-14 22:35:25.780153 Quebec: Lima, Victor and Papa, sending you 3
2024-10-14 22:35:25.782682 X-ray: Yankee and Whiskey, sending you 3
2024-10-14 22:35:25.784375 Yankee: X-ray, sending you 4
2024-10-14 22:35:25.786512 Victor: Quebec, Lima and Papa, sending you 3
2024-10-14 22:35:25.788397 Juliett: Sierra, Whiskey and X-ray, sending you 2
2024-10-14 22:35:25.789875 November: Lima and Victor, sending you 4
2024-10-14 22:35:25.791857 Papa: November, sending you 6
2024-10-14 22:35:25.793050 Sierra: Juliett, sending you 3
2024-10-14 22:35:25.795040 X-ray: Juliett, sending you 2
2024-10-14 22:35:25.797220 Yankee: Juliett, sending you 3
2024-10-14 22:35:25.798515 Juliett: Yankee, sending you 1
2024-10-14 22:35:25.801561 Papa: Quebec and Victor, sending you 4
2024-10-14 22:35:25.802885 Lima: November, sending you 4
2024-10-14 22:35:25.807690 Papa: Lima, sending you 5
2024-10-14 22:35:25.810277 Lima: Quebec and Victor, sending you 3
2024-10-14 22:35:25.813662 Lima: Papa, sending you 5
chatterbot Sierra submitting transactions
chatterbot November submitting transactions
chatterbot Victor submitting transactions
chatterbot Yankee submitting transactions
chatterbot Whiskey submitting transactions
chatterbot Papa submitting transactions
chatterbot X-ray submitting transactions
chatterbot Juliett submitting transactions
chatterbot Lima submitting transactions
chatterbot Quebec submitting transactions
ChatterBot Sierra round 12
ChatterBot Yankee round 12
ChatterBot November round 12
ChatterBot Whiskey round 12
ChatterBot Quebec round 12
ChatterBot X-ray round 12
ChatterBot Lima round 12
ChatterBot Juliett round 12
ChatterBot Victor round 12
ChatterBot Papa round 12
2024-10-14 22:35:26.760659 November: Quebec and Papa, sending you 5
2024-10-14 22:35:26.763673 Sierra: Yankee and Whiskey, sending you 4
2024-10-14 22:35:26.764656 November: Lima and Victor, sending you 4
2024-10-14 22:35:26.765682 Whiskey: Sierra and Yankee, sending you 4
2024-10-14 22:35:26.766860 X-ray: Sierra, sending you 4
2024-10-14 22:35:26.767685 Sierra: X-ray, sending you 6
2024-10-14 22:35:26.768533 Yankee: Sierra, Whiskey and X-ray, sending you 5
2024-10-14 22:35:26.769660 Juliett: Sierra, Whiskey and X-ray, sending you 2
2024-10-14 22:35:26.770907 Whiskey: X-ray and Juliett, sending you 3
2024-10-14 22:35:26.772497 Quebec: November, sending you 5
2024-10-14 22:35:26.773610 X-ray: Yankee and Whiskey, sending you 3
2024-10-14 22:35:26.774639 Papa: November, sending you 6
2024-10-14 22:35:26.775623 Sierra: Juliett, sending you 3
2024-10-14 22:35:26.777286 Yankee: Juliett, sending you 2
2024-10-14 22:35:26.778318 Lima: November, sending you 4
2024-10-14 22:35:26.779216 Juliett: Yankee, sending you 1
2024-10-14 22:35:26.780639 Quebec: Lima, Victor and Papa, sending you 3
2024-10-14 22:35:26.781632 X-ray: Juliett, sending you 2
2024-10-14 22:35:26.782902 Papa: Quebec and Victor, sending you 4
2024-10-14 22:35:26.783776 Victor: November, sending you 4
2024-10-14 22:35:26.784789 Lima: Quebec and Victor, sending you 3
2024-10-14 22:35:26.787669 Papa: Lima, sending you 5
2024-10-14 22:35:26.788660 Lima: Papa, sending you 5
2024-10-14 22:35:26.789664 Victor: Quebec, Lima and Papa, sending you 3
chatterbot November submitting transactions
chatterbot Quebec submitting transactions
chatterbot Yankee submitting transactions
chatterbot Sierra submitting transactions
chatterbot X-ray submitting transactions
chatterbot Whiskey submitting transactions
chatterbot Lima submitting transactions
chatterbot Juliett submitting transactions
chatterbot Victor submitting transactions
chatterbot Papa submitting transactions
ChatterBot Sierra round 13
ChatterBot Yankee round 13
ChatterBot November round 13
ChatterBot Whiskey round 13
ChatterBot Quebec round 13
ChatterBot X-ray round 13
ChatterBot Lima round 13
ChatterBot Juliett round 13
ChatterBot Victor round 13
ChatterBot Papa round 13
2024-10-14 22:35:28.032294 X-ray: We should add Victor
2024-10-14 22:35:28.042793 Yankee: No
2024-10-14 22:35:28.043004 Sierra: No
2024-10-14 22:35:28.043170 Whiskey: No
2024-10-14 22:35:28.043335 Juliett: No
ChatterBot X-ray reevaluating
ChatterBot X-ray reevaluating
ChatterBot X-ray reevaluating
ChatterBot X-ray reevaluating
2024-10-14 22:35:28.092957 Yankee: Sierra, Whiskey and X-ray, sending you 5
2024-10-14 22:35:28.098041 Yankee: Juliett, sending you 2
2024-10-14 22:35:28.100646 November: Quebec and Papa, sending you 5
2024-10-14 22:35:28.101441 Whiskey: Sending you each 4
2024-10-14 22:35:28.104700 November: Lima and Victor, sending you 4
2024-10-14 22:35:28.106254 Juliett: Sierra, Whiskey and X-ray, sending you 2
2024-10-14 22:35:28.106896 Quebec: November, sending you 5
2024-10-14 22:35:28.110679 Victor: November, sending you 4
2024-10-14 22:35:28.111641 Lima: November, sending you 4
2024-10-14 22:35:28.112440 Juliett: Yankee, sending you 1
2024-10-14 22:35:28.113267 Sierra: Yankee and Whiskey, sending you 4
2024-10-14 22:35:28.114084 Quebec: Lima, Victor and Papa, sending you 3
2024-10-14 22:35:28.114703 X-ray: Sierra, sending you 4
2024-10-14 22:35:28.116370 Victor: Quebec, Lima and Papa, sending you 3
2024-10-14 22:35:28.117006 Lima: Quebec and Victor, sending you 3
2024-10-14 22:35:28.117568 Papa: November and Lima, sending you 1
2024-10-14 22:35:28.118135 Papa: I was attacked by Whiskey
ChatterBot November reevaluating
ChatterBot Quebec reevaluating
ChatterBot Lima reevaluating
ChatterBot Victor reevaluating
2024-10-14 22:35:28.133144 Papa: Ow
2024-10-14 22:35:28.135115 Sierra: X-ray, sending you 6
2024-10-14 22:35:28.136086 X-ray: Yankee and Whiskey, sending you 3
2024-10-14 22:35:28.139667 Sierra: Juliett, sending you 3
2024-10-14 22:35:28.141446 X-ray: Juliett, sending you 2
chatterbot Victor submitting transactions
chatterbot November submitting transactions
chatterbot Lima submitting transactions
chatterbot Papa submitting transactions
chatterbot Quebec submitting transactions
chatterbot Whiskey submitting transactions
chatterbot Sierra submitting transactions
chatterbot X-ray submitting transactions
chatterbot Yankee submitting transactions
chatterbot Juliett submitting transactions
ChatterBot Sierra round 14
ChatterBot Yankee round 14
ChatterBot November round 14
ChatterBot Whiskey round 14
ChatterBot Quebec round 14
ChatterBot X-ray round 14
ChatterBot Lima round 14
ChatterBot Juliett round 14
ChatterBot Victor round 14
ChatterBot Papa round 14
2024-10-14 22:35:29.339071 Whiskey: We should add Lima
2024-10-14 22:35:29.348054 Yankee: No
2024-10-14 22:35:29.348237 Sierra: No
2024-10-14 22:35:29.348397 X-ray: No
2024-10-14 22:35:29.348553 Juliett: No
ChatterBot Whiskey reevaluating
ChatterBot Whiskey reevaluating
ChatterBot Whiskey reevaluating
ChatterBot Whiskey reevaluating
2024-10-14 22:35:29.396465 Whiskey: We should add Quebec
2024-10-14 22:35:29.406925 Yankee: No
2024-10-14 22:35:29.407076 Sierra: No
2024-10-14 22:35:29.407191 X-ray: No
2024-10-14 22:35:29.407303 Juliett: No
ChatterBot Whiskey reevaluating
ChatterBot Whiskey reevaluating
ChatterBot Whiskey reevaluating
ChatterBot Whiskey reevaluating
2024-10-14 22:35:29.441147 Yankee: Sierra, Whiskey and X-ray, sending you 5
2024-10-14 22:35:29.443657 November: Quebec and Papa, sending you 5
2024-10-14 22:35:29.445249 Yankee: Juliett, sending you 2
2024-10-14 22:35:29.446766 X-ray: Sierra, sending you 4
2024-10-14 22:35:29.448019 Sierra: Yankee and Whiskey, sending you 4
2024-10-14 22:35:29.448901 November: Lima and Victor, sending you 4
2024-10-14 22:35:29.452663 X-ray: Yankee and Whiskey, sending you 3
2024-10-14 22:35:29.453575 Sierra: X-ray, sending you 6
2024-10-14 22:35:29.454322 Juliett: Sierra, Whiskey and X-ray, sending you 2
2024-10-14 22:35:29.456679 X-ray: Juliett, sending you 2
2024-10-14 22:35:29.457682 Sierra: Juliett, sending you 3
2024-10-14 22:35:29.458770 Juliett: Yankee, sending you 1
2024-10-14 22:35:29.459335 Papa: November and Lima, sending you 3
2024-10-14 22:35:29.459835 Victor: November and Quebec, sending you 4
2024-10-14 22:35:29.460839 Whiskey: Same as last round
2024-10-14 22:35:29.462649 Lima: November, sending you 5
2024-10-14 22:35:29.463344 Papa: Quebec, sending you 1
