ChatterBot Juliett round 1
ChatterBot Victor round 1
ChatterBot Charlie round 1
ChatterBot Kilo round 1
ChatterBot Tango round 1
ChatterBot Whiskey round 1
ChatterBot Golf round 1
ChatterBot Echo round 1
randomSelections Victor: {Victor, Tango, Charlie, Juliett, Bravo, Lima, Golf} 
2024-10-14 18:16:36.659650 Victor: Let's form a team
ChatterBot Tango reevaluating
ChatterBot Charlie reevaluating
ChatterBot Juliett reevaluating
ChatterBot Golf reevaluating
2024-10-14 18:16:36.669474 Tango: Yes
2024-10-14 18:16:36.669653 Charlie: Yes
2024-10-14 18:16:36.669822 Juliett: Yes
2024-10-14 18:16:36.670484 Golf: Yes
ChatterBot Charlie reevaluating
ChatterBot Juliett reevaluating
ChatterBot Golf reevaluating
ChatterBot Tango reevaluating
ChatterBot Juliett reevaluating
ChatterBot Golf reevaluating
ChatterBot Tango reevaluating
ChatterBot Charlie reevaluating
ChatterBot Golf reevaluating
ChatterBot Tango reevaluating
ChatterBot Charlie reevaluating
ChatterBot Juliett reevaluating
ChatterBot Bravo round 1
ChatterBot Bravo reevaluating
ChatterBot Bravo reevaluating
ChatterBot Bravo reevaluating
ChatterBot Bravo reevaluating
ChatterBot Bravo reevaluating
2024-10-14 18:16:36.715432 Bravo: Yes
ChatterBot Tango reevaluating
ChatterBot Charlie reevaluating
ChatterBot Juliett reevaluating
ChatterBot Golf reevaluating
ChatterBot Lima round 1
ChatterBot Lima reevaluating
ChatterBot Lima reevaluating
ChatterBot Lima reevaluating
ChatterBot Lima reevaluating
ChatterBot Lima reevaluating
ChatterBot Lima reevaluating
2024-10-14 18:16:36.734309 Lima: Yes
ChatterBot Tango reevaluating
ChatterBot Charlie reevaluating
ChatterBot Juliett reevaluating
ChatterBot Bravo reevaluating
ChatterBot Golf reevaluating
randomSelections Kilo: {Kilo, Lima, Golf, Juliett, Tango, Bravo} 
2024-10-14 18:16:36.750059 Kilo: We should group up
ChatterBot Lima reevaluating
ChatterBot Golf reevaluating
ChatterBot Juliett reevaluating
ChatterBot Tango reevaluating
ChatterBot Bravo reevaluating
2024-10-14 18:16:36.757239 Lima: No
2024-10-14 18:16:36.757377 Golf: No
2024-10-14 18:16:36.758145 Juliett: No
2024-10-14 18:16:36.758251 Tango: No
2024-10-14 18:16:36.758366 Bravo: No
ChatterBot Golf reevaluating
ChatterBot Juliett reevaluating
ChatterBot Tango reevaluating
ChatterBot Bravo reevaluating
ChatterBot Lima reevaluating
ChatterBot Juliett reevaluating
ChatterBot Tango reevaluating
ChatterBot Bravo reevaluating
ChatterBot Lima reevaluating
ChatterBot Golf reevaluating
ChatterBot Tango reevaluating
ChatterBot Bravo reevaluating
ChatterBot Lima reevaluating
ChatterBot Golf reevaluating
ChatterBot Juliett reevaluating
ChatterBot Bravo reevaluating
ChatterBot Lima reevaluating
ChatterBot Golf reevaluating
ChatterBot Juliett reevaluating
ChatterBot Tango reevaluating
randomSelections Whiskey: {Whiskey, Victor, Juliett, Charlie, Lima, Kilo, Golf, Bravo} 
2024-10-14 18:16:36.797256 Whiskey: We should group up
ChatterBot Juliett reevaluating
ChatterBot Charlie reevaluating
ChatterBot Lima reevaluating
ChatterBot Golf reevaluating
ChatterBot Bravo reevaluating
2024-10-14 18:16:36.806448 Victor: No
2024-10-14 18:16:36.806595 Juliett: No
2024-10-14 18:16:36.806704 Charlie: No
2024-10-14 18:16:36.807207 Lima: No
2024-10-14 18:16:36.807308 Kilo: No
2024-10-14 18:16:36.807412 Golf: No
2024-10-14 18:16:36.807531 Bravo: No
ChatterBot Juliett reevaluating
ChatterBot Charlie reevaluating
ChatterBot Lima reevaluating
ChatterBot Golf reevaluating
ChatterBot Bravo reevaluating
ChatterBot Charlie reevaluating
ChatterBot Lima reevaluating
ChatterBot Golf reevaluating
ChatterBot Bravo reevaluating
ChatterBot Juliett reevaluating
ChatterBot Lima reevaluating
ChatterBot Golf reevaluating
ChatterBot Bravo reevaluating
ChatterBot Juliett reevaluating
ChatterBot Charlie reevaluating
ChatterBot Golf reevaluating
ChatterBot Bravo reevaluating
ChatterBot Juliett reevaluating
ChatterBot Charlie reevaluating
ChatterBot Lima reevaluating
ChatterBot Golf reevaluating
ChatterBot Bravo reevaluating
ChatterBot Juliett reevaluating
ChatterBot Charlie reevaluating
ChatterBot Lima reevaluating
ChatterBot Bravo reevaluating
ChatterBot Juliett reevaluating
ChatterBot Charlie reevaluating
ChatterBot Lima reevaluating
ChatterBot Golf reevaluating
randomSelections Echo: {Echo, Whiskey} 
2024-10-14 18:16:36.877332 Echo: We should group up
2024-10-14 18:16:36.878759 Whiskey: No
2024-10-14 18:16:36.891666 Victor: Juliett, sending you 3
2024-10-14 18:16:36.895684 Kilo: Juliett and Golf, sending you 2
2024-10-14 18:16:36.896077 Victor: Tango and Bravo, sending you 1
2024-10-14 18:16:36.898680 Charlie: Juliett, Victor, Tango and Bravo, sending you 1
2024-10-14 18:16:36.899524 Kilo: Tango and Lima, sending you 5
2024-10-14 18:16:36.899842 Victor: Golf and Lima, sending you 2
2024-10-14 18:16:36.900219 Tango: Juliett and Charlie, sending you 2
2024-10-14 18:16:36.900543 Golf: Juliett, sending you 5
2024-10-14 18:16:36.903008 Charlie: Golf and Lima, sending you 3
2024-10-14 18:16:36.903469 Kilo: Bravo, sending you 1
2024-10-14 18:16:36.903797 Tango: Lima, sending you 4
2024-10-14 18:16:36.904162 Whiskey: Juliett and Victor, sending you 2
2024-10-14 18:16:36.904957 Golf: Victor and Tango, sending you 3
2024-10-14 18:16:36.905411 Juliett: Victor, Golf and Bravo, sending you 2
2024-10-14 18:16:36.905755 Bravo: Juliett, Tango, Golf and Lima, sending you 2
2024-10-14 18:16:36.906766 Lima: Juliett, sending you 1
2024-10-14 18:16:36.907672 Echo: Sending you 7
2024-10-14 18:16:36.908829 Golf: Charlie, sending you 1
2024-10-14 18:16:36.909227 Bravo: Charlie, sending you 1
2024-10-14 18:16:36.909719 Whiskey: Charlie, sending you 4
2024-10-14 18:16:36.910153 Juliett: Charlie and Tango, sending you 3
2024-10-14 18:16:36.910869 Lima: Victor, sending you 2
2024-10-14 18:16:36.913063 Whiskey: Bravo, sending you 1
2024-10-14 18:16:36.913706 Golf: Bravo, sending you 2
2024-10-14 18:16:36.913986 Lima: Charlie, Golf and Bravo, sending you 3
2024-10-14 18:16:36.914672 Juliett: Lima, sending you 4
2024-10-14 18:16:36.916681 Lima: Tango, sending you 4
2024-10-14 18:16:36.917678 Whiskey: Lima, sending you 3
chatterbot Victor submitting transactions
chatterbot Juliett submitting transactions
chatterbot Kilo submitting transactions
chatterbot Whiskey submitting transactions
chatterbot Tango submitting transactions
chatterbot Lima submitting transactions
chatterbot Bravo submitting transactions
chatterbot Echo submitting transactions
chatterbot Golf submitting transactions
chatterbot Charlie submitting transactions
ChatterBot Juliett round 2
ChatterBot Victor round 2
ChatterBot Charlie round 2
ChatterBot Kilo round 2
ChatterBot Tango round 2
ChatterBot Whiskey round 2
ChatterBot Golf round 2
ChatterBot Echo round 2
ChatterBot Bravo round 2
ChatterBot Lima round 2
2024-10-14 18:16:38.583882 Tango: We should add Kilo
ChatterBot Victor reevaluating
ChatterBot Bravo reevaluating
ChatterBot Lima reevaluating
ChatterBot Golf reevaluating
2024-10-14 18:16:38.612023 Victor: No
2024-10-14 18:16:38.612248 Charlie: No
2024-10-14 18:16:38.612392 Juliett: No
2024-10-14 18:16:38.612520 Bravo: Yes
2024-10-14 18:16:38.613041 Lima: Yes
2024-10-14 18:16:38.613161 Golf: Yes
ChatterBot Bravo reevaluating
ChatterBot Lima reevaluating
ChatterBot Golf reevaluating
ChatterBot Victor reevaluating
ChatterBot Tango reevaluating
ChatterBot Bravo reevaluating
ChatterBot Lima reevaluating
ChatterBot Golf reevaluating
ChatterBot Victor reevaluating
ChatterBot Tango reevaluating
ChatterBot Bravo reevaluating
ChatterBot Lima reevaluating
ChatterBot Golf reevaluating
ChatterBot Victor reevaluating
ChatterBot Tango reevaluating
ChatterBot Lima reevaluating
ChatterBot Golf reevaluating
ChatterBot Victor reevaluating
ChatterBot Tango reevaluating
ChatterBot Bravo reevaluating
ChatterBot Golf reevaluating
ChatterBot Victor reevaluating
ChatterBot Tango reevaluating
ChatterBot Bravo reevaluating
ChatterBot Lima reevaluating
2024-10-14 18:16:38.887438 Kilo: Friends?
ChatterBot Victor reevaluating
ChatterBot Golf reevaluating
ChatterBot Bravo reevaluating
ChatterBot Tango reevaluating
ChatterBot Lima reevaluating
ChatterBot Whiskey reevaluating
2024-10-14 18:16:38.925635 Juliett: No
2024-10-14 18:16:38.925941 Victor: No
2024-10-14 18:16:38.926514 Golf: No
2024-10-14 18:16:38.926670 Bravo: No
2024-10-14 18:16:38.926996 Charlie: No
2024-10-14 18:16:38.927119 Tango: No
2024-10-14 18:16:38.927241 Lima: No
2024-10-14 18:16:38.927443 Whiskey: No
ChatterBot Kilo reevaluating
ChatterBot Victor reevaluating
ChatterBot Golf reevaluating
ChatterBot Bravo reevaluating
ChatterBot Tango reevaluating
ChatterBot Lima reevaluating
ChatterBot Whiskey reevaluating
ChatterBot Kilo reevaluating
ChatterBot Golf reevaluating
ChatterBot Bravo reevaluating
ChatterBot Tango reevaluating
ChatterBot Lima reevaluating
ChatterBot Whiskey reevaluating
ChatterBot Kilo reevaluating
ChatterBot Victor reevaluating
ChatterBot Bravo reevaluating
ChatterBot Tango reevaluating
ChatterBot Lima reevaluating
ChatterBot Whiskey reevaluating
ChatterBot Kilo reevaluating
ChatterBot Victor reevaluating
ChatterBot Golf reevaluating
ChatterBot Charlie reevaluating
ChatterBot Tango reevaluating
ChatterBot Lima reevaluating
ChatterBot Whiskey reevaluating
ChatterBot Kilo reevaluating
ChatterBot Victor reevaluating
ChatterBot Golf reevaluating
ChatterBot Bravo reevaluating
ChatterBot Tango reevaluating
ChatterBot Lima reevaluating
ChatterBot Whiskey reevaluating
ChatterBot Kilo reevaluating
ChatterBot Victor reevaluating
ChatterBot Golf reevaluating
ChatterBot Bravo reevaluating
ChatterBot Charlie reevaluating
ChatterBot Lima reevaluating
ChatterBot Whiskey reevaluating
ChatterBot Kilo reevaluating
ChatterBot Victor reevaluating
ChatterBot Golf reevaluating
ChatterBot Bravo reevaluating
ChatterBot Charlie reevaluating
ChatterBot Tango reevaluating
ChatterBot Whiskey reevaluating
ChatterBot Kilo reevaluating
ChatterBot Victor reevaluating
ChatterBot Golf reevaluating
ChatterBot Bravo reevaluating
ChatterBot Charlie reevaluating
ChatterBot Tango reevaluating
ChatterBot Lima reevaluating
2024-10-14 18:16:39.310772 Victor: We should replace Tango with Kilo
ChatterBot Charlie reevaluating
2024-10-14 18:16:39.334303 Juliett: No
2024-10-14 18:16:39.334522 Golf: No
2024-10-14 18:16:39.334653 Bravo: No
2024-10-14 18:16:39.334785 Charlie: No
2024-10-14 18:16:39.334895 Lima: No
ChatterBot Victor reevaluating
ChatterBot Charlie reevaluating
ChatterBot Victor reevaluating
ChatterBot Charlie reevaluating
ChatterBot Victor reevaluating
ChatterBot Charlie reevaluating
ChatterBot Victor reevaluating
ChatterBot Victor reevaluating
ChatterBot Charlie reevaluating
2024-10-14 18:16:39.549139 Tango: Kilo we want you to join our group
ChatterBot Kilo reevaluating
2024-10-14 18:16:39.558262 Kilo: No
ChatterBot Tango reevaluating
ChatterBot Victor reevaluating
ChatterBot Charlie reevaluating
2024-10-14 18:16:39.613499 Bravo: Kilo we want you to join our group
ChatterBot Kilo reevaluating
2024-10-14 18:16:39.623025 Kilo: No
ChatterBot Victor reevaluating
ChatterBot Charlie reevaluating
2024-10-14 18:16:39.683985 Lima: Kilo we want you to join our group
ChatterBot Kilo reevaluating
2024-10-14 18:16:39.692974 Kilo: Yes
ChatterBot Victor reevaluating
ChatterBot Charlie reevaluating
2024-10-14 18:16:39.727601 Golf: Kilo we want you to join our group
ChatterBot Kilo reevaluating
2024-10-14 18:16:39.732942 Kilo: Yes
ChatterBot Victor reevaluating
ChatterBot Charlie reevaluating
2024-10-14 18:16:39.766042 Victor: We should replace Bravo with Kilo
ChatterBot Charlie reevaluating
2024-10-14 18:16:39.788513 Juliett: No
2024-10-14 18:16:39.788710 Golf: No
2024-10-14 18:16:39.788809 Charlie: No
2024-10-14 18:16:39.788908 Tango: No
2024-10-14 18:16:39.789009 Lima: No
ChatterBot Victor reevaluating
ChatterBot Charlie reevaluating
ChatterBot Victor reevaluating
ChatterBot Charlie reevaluating
ChatterBot Victor reevaluating
ChatterBot Victor reevaluating
ChatterBot Juliett reevaluating
ChatterBot Charlie reevaluating
ChatterBot Victor reevaluating
ChatterBot Juliett reevaluating
ChatterBot Charlie reevaluating
2024-10-14 18:16:39.906433 Juliett: We should replace Charlie with Kilo
ChatterBot Victor reevaluating
2024-10-14 18:16:39.928927 Victor: No
2024-10-14 18:16:39.929087 Golf: No
2024-10-14 18:16:39.929222 Bravo: No
2024-10-14 18:16:39.929696 Tango: No
2024-10-14 18:16:39.929793 Lima: No
ChatterBot Juliett reevaluating
ChatterBot Juliett reevaluating
ChatterBot Victor reevaluating
ChatterBot Juliett reevaluating
ChatterBot Victor reevaluating
ChatterBot Juliett reevaluating
ChatterBot Victor reevaluating
ChatterBot Juliett reevaluating
ChatterBot Victor reevaluating
chatterbot Juliett submitting transactions
2024-10-14 18:16:40.156814 Charlie: Kilo we want you to join our group
ChatterBot Kilo reevaluating
2024-10-14 18:16:40.166199 Kilo: No
ChatterBot Juliett reevaluating
ChatterBot Victor reevaluating
ChatterBot Charlie reevaluating
2024-10-14 18:16:40.223913 Charlie: We should add Kilo and Whiskey
ChatterBot Victor reevaluating
ChatterBot Juliett reevaluating
2024-10-14 18:16:40.272110 Victor: No
2024-10-14 18:16:40.272340 Tango: No
2024-10-14 18:16:40.272519 Juliett: No
2024-10-14 18:16:40.272687 Bravo: No
2024-10-14 18:16:40.272870 Lima: No
2024-10-14 18:16:40.273599 Golf: No
ChatterBot Charlie reevaluating
ChatterBot Juliett reevaluating
ChatterBot Victor reevaluating
ChatterBot Charlie reevaluating
ChatterBot Juliett reevaluating
ChatterBot Victor reevaluating
ChatterBot Charlie reevaluating
ChatterBot Victor reevaluating
ChatterBot Charlie reevaluating
ChatterBot Juliett reevaluating
ChatterBot Victor reevaluating
ChatterBot Charlie reevaluating
ChatterBot Juliett reevaluating
ChatterBot Victor reevaluating
ChatterBot Tango reevaluating
ChatterBot Charlie reevaluating
ChatterBot Juliett reevaluating
chatterbot Echo submitting transactions
2024-10-14 18:16:40.535939 Bravo: Juliett and Golf, sending you 3
2024-10-14 18:16:40.536493 Golf: Juliett, Victor, Kilo, Bravo and Lima, sending you 2
2024-10-14 18:16:40.536873 Lima: Juliett, Kilo and Tango, sending you 3
2024-10-14 18:16:40.558880 Bravo: Victor, Charlie and Kilo, sending you 2
2024-10-14 18:16:40.559373 Golf: Charlie, sending you 3
2024-10-14 18:16:40.560150 Lima: Victor, Charlie and Bravo, sending you 2
2024-10-14 18:16:40.560544 Kilo: Charlie, sending you 8
2024-10-14 18:16:40.560876 Whiskey: Kilo, sending you 5
2024-10-14 18:16:40.569308 Tango: Juliett, Golf and Lima, sending you 3
2024-10-14 18:16:40.570540 Bravo: Lima, sending you 4
2024-10-14 18:16:40.570930 Golf: Tango, sending you 1
2024-10-14 18:16:40.571799 Whiskey: Echo, sending you 7
2024-10-14 18:16:40.572002 Lima: Golf, sending you 1
2024-10-14 18:16:40.572322 Kilo: Lima, sending you 7
2024-10-14 18:16:40.572532 Juliett: Victor, Tango and Bravo, sending you 3
2024-10-14 18:16:40.573423 Charlie: Juliett, sending you 3
2024-10-14 18:16:40.573767 Victor: Juliett, Golf and Lima, sending you 2
2024-10-14 18:16:40.580835 Tango: Victor, Charlie and Bravo, sending you 2
2024-10-14 18:16:40.581533 Juliett: Charlie, sending you 2
2024-10-14 18:16:40.582889 Charlie: Victor, Golf and Bravo, sending you 1
2024-10-14 18:16:40.583670 Victor: Charlie, Tango and Bravo, sending you 1
chatterbot Tango submitting transactions
2024-10-14 18:16:40.587111 Juliett: Golf, sending you 4
2024-10-14 18:16:40.587892 Charlie: Tango and Lima, sending you 2
2024-10-14 18:16:40.598888 Juliett: Lima, sending you 1
chatterbot Kilo submitting transactions
chatterbot Whiskey submitting transactions
chatterbot Charlie submitting transactions
chatterbot Lima submitting transactions
chatterbot Charlie submitting transactions
chatterbot Bravo submitting transactions
chatterbot Golf submitting transactions
chatterbot Juliett submitting transactions
chatterbot Tango submitting transactions
chatterbot Kilo submitting transactions
chatterbot Victor submitting transactions
ChatterBot Juliett round 3
ChatterBot Victor round 3
ChatterBot Charlie round 3
ChatterBot Kilo round 3
ChatterBot Tango round 3
ChatterBot Whiskey round 3
ChatterBot Golf round 3
ChatterBot Echo round 3
ChatterBot Bravo round 3
ChatterBot Lima round 3
2024-10-14 18:16:41.913707 Whiskey: We should replace Kilo with Golf
2024-10-14 18:16:41.916958 Echo: No
ChatterBot Whiskey reevaluating
2024-10-14 18:16:41.927089 Charlie: We should add Kilo
ChatterBot Tango reevaluating
ChatterBot Juliett reevaluating
ChatterBot Bravo reevaluating
ChatterBot Lima reevaluating
ChatterBot Golf reevaluating
2024-10-14 18:16:41.946268 Victor: No
2024-10-14 18:16:41.946989 Tango: No
2024-10-14 18:16:41.947309 Juliett: No
2024-10-14 18:16:41.947551 Bravo: Yes
2024-10-14 18:16:41.947793 Lima: Yes
2024-10-14 18:16:41.948027 Golf: Yes
ChatterBot Tango reevaluating
ChatterBot Juliett reevaluating
ChatterBot Bravo reevaluating
ChatterBot Lima reevaluating
ChatterBot Golf reevaluating
ChatterBot Juliett reevaluating
ChatterBot Bravo reevaluating
ChatterBot Lima reevaluating
ChatterBot Golf reevaluating
ChatterBot Tango reevaluating
ChatterBot Bravo reevaluating
ChatterBot Lima reevaluating
ChatterBot Golf reevaluating
ChatterBot Tango reevaluating
ChatterBot Juliett reevaluating
ChatterBot Lima reevaluating
ChatterBot Golf reevaluating
ChatterBot Tango reevaluating
ChatterBot Juliett reevaluating
ChatterBot Bravo reevaluating
ChatterBot Golf reevaluating
ChatterBot Victor reevaluating
ChatterBot Tango reevaluating
ChatterBot Juliett reevaluating
ChatterBot Bravo reevaluating
ChatterBot Lima reevaluating
2024-10-14 18:16:42.075258 Victor: We should replace Tango with Kilo
ChatterBot Juliett reevaluating
ChatterBot Golf reevaluating
ChatterBot Bravo reevaluating
ChatterBot Lima reevaluating
2024-10-14 18:16:42.091993 Juliett: No
2024-10-14 18:16:42.092120 Golf: No
2024-10-14 18:16:42.092220 Bravo: No
2024-10-14 18:16:42.092316 Charlie: No
2024-10-14 18:16:42.092419 Lima: No
ChatterBot Victor reevaluating
ChatterBot Golf reevaluating
ChatterBot Bravo reevaluating
ChatterBot Lima reevaluating
ChatterBot Victor reevaluating
ChatterBot Juliett reevaluating
ChatterBot Bravo reevaluating
ChatterBot Lima reevaluating
ChatterBot Victor reevaluating
ChatterBot Juliett reevaluating
ChatterBot Golf reevaluating
ChatterBot Lima reevaluating
ChatterBot Victor reevaluating
ChatterBot Juliett reevaluating
ChatterBot Golf reevaluating
ChatterBot Bravo reevaluating
ChatterBot Lima reevaluating
ChatterBot Victor reevaluating
ChatterBot Juliett reevaluating
ChatterBot Golf reevaluating
ChatterBot Bravo reevaluating
2024-10-14 18:16:42.199581 Charlie: Kilo we want you to join our group
2024-10-14 18:16:42.202730 Kilo: Yes
ChatterBot Tango reevaluating
ChatterBot Juliett reevaluating
ChatterBot Victor reevaluating
ChatterBot Golf reevaluating
ChatterBot Bravo reevaluating
ChatterBot Lima reevaluating
2024-10-14 18:16:42.225835 Victor: We should replace Charlie with Kilo
ChatterBot Juliett reevaluating
2024-10-14 18:16:42.240847 Juliett: No
2024-10-14 18:16:42.241035 Golf: No
2024-10-14 18:16:42.241152 Bravo: No
2024-10-14 18:16:42.241263 Tango: No
2024-10-14 18:16:42.241372 Lima: No
ChatterBot Victor reevaluating
ChatterBot Juliett reevaluating
ChatterBot Victor reevaluating
ChatterBot Juliett reevaluating
ChatterBot Victor reevaluating
ChatterBot Juliett reevaluating
ChatterBot Victor reevaluating
ChatterBot Juliett reevaluating
ChatterBot Victor reevaluating
2024-10-14 18:16:42.316879 Tango: Kilo we want you to join our group
2024-10-14 18:16:42.320137 Kilo: Yes
ChatterBot Juliett reevaluating
ChatterBot Victor reevaluating
2024-10-14 18:16:42.355481 Lima: Juliett, Victor, Charlie, Golf and Bravo, sending you 2
2024-10-14 18:16:42.356198 Whiskey: Kilo, sending you 5
2024-10-14 18:16:42.356530 Charlie: Juliett, Kilo and Lima, sending you 2
2024-10-14 18:16:42.357541 Bravo: Juliett and Lima, sending you 4
2024-10-14 18:16:42.358104 Golf: Juliett, sending you 3
2024-10-14 18:16:42.359040 Kilo: Juliett, Victor, Charlie and Tango, sending you 1
2024-10-14 18:16:42.360134 Victor: Kilo we want you to join our group
2024-10-14 18:16:42.365005 Kilo: Yes
ChatterBot Victor reevaluating
ChatterBot Juliett reevaluating
2024-10-14 18:16:42.407352 Lima: Kilo and Tango, sending you 3
2024-10-14 18:16:42.412142 Whiskey: Echo, sending you 7
2024-10-14 18:16:42.412578 Charlie: Victor, Tango, Golf and Bravo, sending you 1
2024-10-14 18:16:42.413393 Bravo: Victor, sending you 1
2024-10-14 18:16:42.415542 Golf: Victor, Charlie, Tango, Bravo and Lima, sending you 2
2024-10-14 18:16:42.416418 Kilo: Whiskey, sending you 4
2024-10-14 18:16:42.418751 Tango: Juliett and Lima, sending you 3
2024-10-14 18:16:42.422746 Juliett: Kilo we want you to join our group
2024-10-14 18:16:42.449220 Kilo: Yes
ChatterBot Juliett reevaluating
ChatterBot Victor reevaluating
2024-10-14 18:16:42.496962 Bravo: Charlie and Tango, sending you 2
2024-10-14 18:16:42.498205 Golf: Kilo, sending you 1
2024-10-14 18:16:42.499429 Kilo: Golf and Bravo, sending you 2
2024-10-14 18:16:42.500037 Tango: Victor, Charlie, Kilo and Golf, sending you 2
2024-10-14 18:16:42.501720 Bravo: Golf, sending you 3
2024-10-14 18:16:42.523791 Kilo: Lima, sending you 3
2024-10-14 18:16:42.524514 Tango: Bravo, sending you 1
chatterbot Charlie submitting transactions
2024-10-14 18:16:42.557256 Juliett: Victor, Charlie, Kilo, Tango, Bravo and Lima, sending you 2
2024-10-14 18:16:42.594575 Juliett: Golf, sending you 4
2024-10-14 18:16:42.597340 Victor: Juliett, Golf and Lima, sending you 2
2024-10-14 18:16:42.614109 Victor: Kilo, Tango and Bravo, sending you 1
chatterbot Lima submitting transactions
chatterbot Tango submitting transactions
chatterbot Kilo submitting transactions
chatterbot Golf submitting transactions
chatterbot Whiskey submitting transactions
chatterbot Echo submitting transactions
chatterbot Bravo submitting transactions
chatterbot Juliett submitting transactions
chatterbot Victor submitting transactions
ChatterBot Juliett round 4
ChatterBot Victor round 4
ChatterBot Charlie round 4
ChatterBot Kilo round 4
ChatterBot Tango round 4
ChatterBot Whiskey round 4
ChatterBot Golf round 4
ChatterBot Echo round 4
ChatterBot Bravo round 4
ChatterBot Lima round 4
2024-10-14 18:16:43.683408 Juliett: We should drop Victor
ChatterBot Tango reevaluating
2024-10-14 18:16:43.698027 Charlie: No
2024-10-14 18:16:43.698186 Kilo: No
2024-10-14 18:16:43.698306 Tango: Yes
2024-10-14 18:16:43.698418 Golf: No
2024-10-14 18:16:43.698530 Bravo: No
2024-10-14 18:16:43.698650 Lima: No
ChatterBot Juliett reevaluating
ChatterBot Tango reevaluating
ChatterBot Juliett reevaluating
ChatterBot Tango reevaluating
ChatterBot Juliett reevaluating
ChatterBot Juliett reevaluating
ChatterBot Tango reevaluating
ChatterBot Juliett reevaluating
ChatterBot Tango reevaluating
ChatterBot Juliett reevaluating
ChatterBot Tango reevaluating
2024-10-14 18:16:43.782650 Golf: Juliett, sending you 3
2024-10-14 18:16:43.786062 Golf: Victor, Charlie, Tango, Bravo and Lima, sending you 2
2024-10-14 18:16:43.790014 Charlie: Juliett, Kilo and Lima, sending you 2
2024-10-14 18:16:43.790852 Kilo: Juliett, Charlie, Tango and Golf, sending you 2
2024-10-14 18:16:43.791496 Lima: Juliett, Victor and Charlie, sending you 2
2024-10-14 18:16:43.792197 Golf: Kilo, sending you 1
2024-10-14 18:16:43.792908 Victor: Juliett, Golf and Lima, sending you 2
2024-10-14 18:16:43.793410 Whiskey: Kilo and Echo, sending you 6
2024-10-14 18:16:43.794213 Bravo: Juliett, Golf and Lima, sending you 3
2024-10-14 18:16:43.794979 Kilo: Whiskey and Lima, sending you 3
2024-10-14 18:16:43.795599 Lima: Kilo, Tango and Bravo, sending you 3
2024-10-14 18:16:43.796337 Charlie: Victor, Tango, Golf and Bravo, sending you 1
2024-10-14 18:16:43.797483 Tango: Juliett, Victor, Charlie, Kilo, Golf and Bravo, sending you 2
2024-10-14 18:16:43.798304 Victor: Kilo, Tango and Bravo, sending you 1
2024-10-14 18:16:43.800040 Bravo: Victor, Charlie and Tango, sending you 2
2024-10-14 18:16:43.801060 Kilo: Bravo, sending you 1
2024-10-14 18:16:43.801502 Lima: Golf, sending you 1
2024-10-14 18:16:43.802023 Tango: Lima, sending you 3
2024-10-14 18:16:43.806043 Bravo: Kilo, sending you 1
2024-10-14 18:16:43.809711 Juliett: Charlie, Tango, Golf, Bravo and Lima, sending you 3
2024-10-14 18:16:43.812711 Juliett: Kilo, sending you 1
chatterbot Victor submitting transactions
chatterbot Juliett submitting transactions
chatterbot Echo submitting transactions
chatterbot Lima submitting transactions
chatterbot Golf submitting transactions
chatterbot Bravo submitting transactions
chatterbot Whiskey submitting transactions
chatterbot Kilo submitting transactions
chatterbot Charlie submitting transactions
chatterbot Tango submitting transactions
ChatterBot Juliett round 5
ChatterBot Victor round 5
ChatterBot Charlie round 5
ChatterBot Kilo round 5
ChatterBot Tango round 5
ChatterBot Whiskey round 5
ChatterBot Golf round 5
ChatterBot Echo round 5
ChatterBot Bravo round 5
ChatterBot Lima round 5
2024-10-14 18:16:45.009955 Victor: We should replace Juliett with Charlie
2024-10-14 18:16:45.023514 Kilo: No
2024-10-14 18:16:45.023818 Tango: No
2024-10-14 18:16:45.024502 Golf: No
2024-10-14 18:16:45.024897 Bravo: No
2024-10-14 18:16:45.025159 Lima: No
ChatterBot Victor reevaluating
ChatterBot Victor reevaluating
ChatterBot Victor reevaluating
2024-10-14 18:16:45.098702 Tango: Juliett and Lima, sending you 3
2024-10-14 18:16:45.099454 Charlie: Juliett, Kilo and Lima, sending you 2
2024-10-14 18:16:45.100103 Golf: Juliett, sending you 3
2024-10-14 18:16:45.102688 Tango: Victor, sending you 1
2024-10-14 18:16:45.104011 Juliett: Charlie, Tango, Golf, Bravo and Lima, sending you 3
2024-10-14 18:16:45.104684 Charlie: Victor, Tango, Golf and Bravo, sending you 1
2024-10-14 18:16:45.105644 Golf: Victor, Charlie, Tango, Bravo and Lima, sending you 2
2024-10-14 18:16:45.107193 Tango: Charlie, Kilo, Golf and Bravo, sending you 2
2024-10-14 18:16:45.107789 Kilo: Juliett, Charlie, Tango and Golf, sending you 2
2024-10-14 18:16:45.108238 Juliett: Kilo, sending you 1
2024-10-14 18:16:45.108705 Whiskey: Kilo and Echo, sending you 6
2024-10-14 18:16:45.109694 Golf: Kilo, sending you 1
2024-10-14 18:16:45.110344 Victor: Juliett, Tango, Golf and Lima, sending you 2
2024-10-14 18:16:45.112417 Kilo: Whiskey and Lima, sending you 3
2024-10-14 18:16:45.113673 Bravo: Juliett, Golf and Lima, sending you 3
2024-10-14 18:16:45.114671 Victor: Bravo, sending you 1
2024-10-14 18:16:45.115728 Kilo: Bravo, sending you 1
2024-10-14 18:16:45.117688 Bravo: Victor, Charlie and Tango, sending you 2
2024-10-14 18:16:45.118704 Lima: Juliett, Victor, Charlie, Tango, Golf and Bravo, sending you 2
2024-10-14 18:16:45.120663 Bravo: Kilo, sending you 1
2024-10-14 18:16:45.123672 Lima: Kilo, sending you 4
chatterbot Juliett submitting transactions
chatterbot Victor submitting transactions
chatterbot Kilo submitting transactions
chatterbot Bravo submitting transactions
chatterbot Tango submitting transactions
chatterbot Golf submitting transactions
chatterbot Lima submitting transactions
chatterbot Echo submitting transactions
chatterbot Whiskey submitting transactions
chatterbot Charlie submitting transactions
ChatterBot Juliett round 6
ChatterBot Victor round 6
ChatterBot Charlie round 6
ChatterBot Kilo round 6
ChatterBot Tango round 6
ChatterBot Whiskey round 6
ChatterBot Golf round 6
ChatterBot Echo round 6
ChatterBot Bravo round 6
ChatterBot Lima round 6
2024-10-14 18:16:46.176944 Victor: We should replace Juliett with Charlie
2024-10-14 18:16:46.199434 Kilo: No
2024-10-14 18:16:46.200258 Tango: No
2024-10-14 18:16:46.200438 Golf: No
2024-10-14 18:16:46.200626 Bravo: No
2024-10-14 18:16:46.200803 Lima: No
ChatterBot Tango reevaluating
2024-10-14 18:16:46.266877 Victor: Charlie we want you to join our group
2024-10-14 18:16:46.269632 Charlie: Yes
ChatterBot Tango reevaluating
2024-10-14 18:16:46.292661 Whiskey: Kilo and Echo, sending you 6
2024-10-14 18:16:46.293033 Juliett: Charlie, Tango, Golf, Bravo and Lima, sending you 3
2024-10-14 18:16:46.293688 Charlie: Juliett, sending you 3
2024-10-14 18:16:46.294945 Kilo: Juliett, Charlie, Tango and Golf, sending you 2
2024-10-14 18:16:46.295781 Golf: Sending you each 2
2024-10-14 18:16:46.296850 Juliett: Kilo, sending you 1
2024-10-14 18:16:46.298687 Charlie: Victor, Kilo, Tango, Golf and Bravo, sending you 1
2024-10-14 18:16:46.300686 Kilo: Whiskey and Lima, sending you 3
2024-10-14 18:16:46.302680 Victor: Charlie, sending you 1
2024-10-14 18:16:46.303692 Charlie: Lima, sending you 2
2024-10-14 18:16:46.304941 Kilo: Bravo, sending you 1
2024-10-14 18:16:46.305720 Victor: Tango, Golf, Bravo and Lima, sending you 2
2024-10-14 18:16:46.310912 Bravo: Juliett, Golf and Lima, sending you 3
2024-10-14 18:16:46.314689 Lima: Juliett, Victor, Charlie, Tango, Golf and Bravo, sending you 2
2024-10-14 18:16:46.316105 Tango: Juliett and Lima, sending you 3
2024-10-14 18:16:46.316765 Bravo: Victor, Charlie and Tango, sending you 2
2024-10-14 18:16:46.318678 Lima: Kilo, sending you 4
2024-10-14 18:16:46.321679 Tango: Victor, Kilo, Golf and Bravo, sending you 2
2024-10-14 18:16:46.322796 Bravo: Kilo, sending you 1
2024-10-14 18:16:46.325676 Tango: Charlie, sending you 1
chatterbot Golf submitting transactions
chatterbot Echo submitting transactions
chatterbot Lima submitting transactions
chatterbot Juliett submitting transactions
chatterbot Charlie submitting transactions
chatterbot Whiskey submitting transactions
chatterbot Tango submitting transactions
chatterbot Bravo submitting transactions
chatterbot Victor submitting transactions
chatterbot Kilo submitting transactions
ChatterBot Juliett round 7
ChatterBot Victor round 7
ChatterBot Charlie round 7
ChatterBot Kilo round 7
ChatterBot Tango round 7
ChatterBot Whiskey round 7
ChatterBot Golf round 7
ChatterBot Echo round 7
ChatterBot Bravo round 7
ChatterBot Lima round 7
2024-10-14 18:16:47.492678 Victor: Charlie, sending you 1
2024-10-14 18:16:47.497671 Golf: Same as last round
2024-10-14 18:16:47.500769 Victor: Tango, Golf, Bravo and Lima, sending you 2
2024-10-14 18:16:47.503054 Bravo: Juliett, Golf and Lima, sending you 3
2024-10-14 18:16:47.506749 Charlie: Juliett, sending you 3
2024-10-14 18:16:47.509191 Tango: Juliett and Lima, sending you 3
2024-10-14 18:16:47.512737 Juliett: Charlie, Tango, Golf, Bravo and Lima, sending you 3
2024-10-14 18:16:47.515251 Kilo: Juliett, Charlie, Tango and Golf, sending you 2
2024-10-14 18:16:47.517437 Whiskey: Kilo and Echo, sending you 6
2024-10-14 18:16:47.518279 Bravo: Victor, Charlie and Tango, sending you 2
2024-10-14 18:16:47.520309 Charlie: Victor, Kilo, Tango, Golf and Bravo, sending you 1
2024-10-14 18:16:47.521687 Tango: Victor, Kilo, Golf and Bravo, sending you 2
2024-10-14 18:16:47.524651 Juliett: Kilo, sending you 1
2024-10-14 18:16:47.525639 Lima: Juliett, Victor, Charlie, Golf and Bravo, sending you 2
2024-10-14 18:16:47.527144 Kilo: Whiskey and Lima, sending you 3
2024-10-14 18:16:47.528451 Bravo: Kilo, sending you 1
2024-10-14 18:16:47.529223 Charlie: Lima, sending you 2
2024-10-14 18:16:47.529943 Tango: Charlie, sending you 1
2024-10-14 18:16:47.530743 Lima: Kilo and Tango, sending you 3
2024-10-14 18:16:47.532691 Kilo: Bravo, sending you 1
chatterbot Lima submitting transactions
chatterbot Charlie submitting transactions
chatterbot Kilo submitting transactions
chatterbot Echo submitting transactions
chatterbot Bravo submitting transactions
chatterbot Tango submitting transactions
chatterbot Juliett submitting transactions
chatterbot Whiskey submitting transactions
chatterbot Golf submitting transactions
chatterbot Victor submitting transactions
ChatterBot Juliett round 8
ChatterBot Victor round 8
ChatterBot Charlie round 8
ChatterBot Kilo round 8
ChatterBot Tango round 8
ChatterBot Whiskey round 8
ChatterBot Golf round 8
ChatterBot Echo round 8
ChatterBot Bravo round 8
ChatterBot Lima round 8
2024-10-14 18:16:48.825684 Whiskey: Kilo, sending you 7
2024-10-14 18:16:48.826261 Kilo: Juliett, Charlie, Tango, Whiskey and Golf, sending you 2
2024-10-14 18:16:48.828208 Charlie: Juliett, sending you 3
2024-10-14 18:16:48.829965 Juliett: Charlie, Tango, Golf, Bravo and Lima, sending you 3
2024-10-14 18:16:48.831658 Whiskey: Echo, sending you 5
2024-10-14 18:16:48.832954 Bravo: Juliett, Golf and Lima, sending you 3
2024-10-14 18:16:48.834849 Golf: Same as last round
2024-10-14 18:16:48.837506 Kilo: Victor and Bravo, sending you 1
2024-10-14 18:16:48.840174 Charlie: Victor, Kilo, Tango, Golf and Bravo, sending you 1
2024-10-14 18:16:48.842875 Victor: Charlie, sending you 1
2024-10-14 18:16:48.844829 Juliett: Kilo, sending you 1
2024-10-14 18:16:48.847327 Echo: Sending you 6
2024-10-14 18:16:48.847978 Bravo: Victor, Charlie and Tango, sending you 2
2024-10-14 18:16:48.850702 Tango: Juliett and Lima, sending you 3
2024-10-14 18:16:48.853204 Lima: Juliett, Victor, Charlie, Golf and Bravo, sending you 2
2024-10-14 18:16:48.855089 Kilo: Lima, sending you 3
2024-10-14 18:16:48.858 Charlie: Lima, sending you 2
2024-10-14 18:16:48.860746 Victor: Tango, Golf, Bravo and Lima, sending you 2
2024-10-14 18:16:48.862489 Bravo: Kilo, sending you 1
2024-10-14 18:16:48.864695 Tango: Victor, Kilo, Golf and Bravo, sending you 2
2024-10-14 18:16:48.865935 Lima: Kilo and Tango, sending you 3
2024-10-14 18:16:48.869109 Tango: Charlie, sending you 1
chatterbot Tango submitting transactions
chatterbot Bravo submitting transactions
chatterbot Juliett submitting transactions
chatterbot Charlie submitting transactions
chatterbot Lima submitting transactions
chatterbot Whiskey submitting transactions
chatterbot Victor submitting transactions
chatterbot Echo submitting transactions
chatterbot Kilo submitting transactions
chatterbot Golf submitting transactions
ChatterBot Juliett round 9
ChatterBot Victor round 9
ChatterBot Charlie round 9
ChatterBot Kilo round 9
ChatterBot Tango round 9
ChatterBot Whiskey round 9
ChatterBot Golf round 9
ChatterBot Echo round 9
ChatterBot Bravo round 9
ChatterBot Lima round 9
2024-10-14 18:16:50.093670 Juliett: Charlie, Tango, Golf, Bravo and Lima, sending you 3
2024-10-14 18:16:50.094661 Whiskey: Kilo and Echo, sending you 6
2024-10-14 18:16:50.096674 Golf: Same as last round
2024-10-14 18:16:50.097666 Tango: Juliett and Lima, sending you 3
2024-10-14 18:16:50.098687 Charlie: Juliett, sending you 3
2024-10-14 18:16:50.100098 Juliett: Kilo, sending you 1
2024-10-14 18:16:50.100641 Bravo: Juliett, Golf and Lima, sending you 3
2024-10-14 18:16:50.101528 Lima: Juliett, Victor, Charlie, Golf and Bravo, sending you 2
2024-10-14 18:16:50.102481 Tango: Victor, Kilo, Golf and Bravo, sending you 2
2024-10-14 18:16:50.103686 Charlie: Victor, Kilo, Tango, Golf and Bravo, sending you 1
2024-10-14 18:16:50.104858 Bravo: Victor, Charlie and Tango, sending you 2
2024-10-14 18:16:50.105571 Kilo: Juliett, Charlie, Tango, Whiskey and Golf, sending you 2
2024-10-14 18:16:50.106515 Victor: Charlie, sending you 1
2024-10-14 18:16:50.107202 Echo: Sending you 7
2024-10-14 18:16:50.107500 Tango: Charlie, sending you 1
2024-10-14 18:16:50.108774 Lima: Kilo and Tango, sending you 3
2024-10-14 18:16:50.109568 Charlie: Lima, sending you 2
2024-10-14 18:16:50.110370 Bravo: Kilo, sending you 1
2024-10-14 18:16:50.111272 Kilo: Victor and Bravo, sending you 1
2024-10-14 18:16:50.112060 Victor: Tango, Golf, Bravo and Lima, sending you 2
2024-10-14 18:16:50.115682 Kilo: Lima, sending you 3
chatterbot Juliett submitting transactions
chatterbot Whiskey submitting transactions
chatterbot Bravo submitting transactions
chatterbot Victor submitting transactions
chatterbot Golf submitting transactions
chatterbot Tango submitting transactions
chatterbot Echo submitting transactions
chatterbot Lima submitting transactions
chatterbot Kilo submitting transactions
chatterbot Charlie submitting transactions
ChatterBot Juliett round 10
ChatterBot Victor round 10
ChatterBot Charlie round 10
ChatterBot Kilo round 10
ChatterBot Tango round 10
ChatterBot Whiskey round 10
ChatterBot Golf round 10
ChatterBot Echo round 10
ChatterBot Bravo round 10
ChatterBot Lima round 10
2024-10-14 18:16:51.360685 Kilo: Juliett, Charlie, Tango, Whiskey and Golf, sending you 2
2024-10-14 18:16:51.366673 Kilo: Victor and Bravo, sending you 1
2024-10-14 18:16:51.369667 Juliett: Charlie, Tango, Golf, Bravo and Lima, sending you 3
2024-10-14 18:16:51.371713 Victor: Charlie, sending you 1
2024-10-14 18:16:51.372701 Kilo: Lima, sending you 3
2024-10-14 18:16:51.376667 Juliett: Kilo, sending you 1
2024-10-14 18:16:51.377645 Tango: Juliett and Lima, sending you 3
2024-10-14 18:16:51.378479 Whiskey: Kilo and Echo, sending you 6
2024-10-14 18:16:51.378788 Echo: Same as last round
2024-10-14 18:16:51.379011 Victor: Tango, Golf, Bravo and Lima, sending you 2
2024-10-14 18:16:51.379515 Charlie: Juliett, sending you 3
2024-10-14 18:16:51.380754 Lima: Juliett and Tango, sending you 3
2024-10-14 18:16:51.381806 Golf: Same as last round
2024-10-14 18:16:51.382674 Tango: Victor, Kilo, Golf and Bravo, sending you 2
2024-10-14 18:16:51.384676 Charlie: Victor, Kilo, Tango, Golf and Bravo, sending you 1
2024-10-14 18:16:51.386673 Lima: Victor, Charlie, Kilo, Golf and Bravo, sending you 2
2024-10-14 18:16:51.388009 Bravo: Juliett, Golf and Lima, sending you 3
2024-10-14 18:16:51.389307 Tango: Charlie, sending you 1
2024-10-14 18:16:51.390895 Charlie: Lima, sending you 2
2024-10-14 18:16:51.392252 Bravo: Victor, Charlie and Tango, sending you 2
2024-10-14 18:16:51.396678 Bravo: Kilo, sending you 1
chatterbot Kilo submitting transactions
chatterbot Juliett submitting transactions
chatterbot Echo submitting transactions
chatterbot Charlie submitting transactions
chatterbot Tango submitting transactions
chatterbot Golf submitting transactions
chatterbot Bravo submitting transactions
chatterbot Whiskey submitting transactions
chatterbot Lima submitting transactions
chatterbot Victor submitting transactions
ChatterBot Juliett round 11
ChatterBot Victor round 11
ChatterBot Charlie round 11
ChatterBot Kilo round 11
ChatterBot Tango round 11
ChatterBot Whiskey round 11
ChatterBot Golf round 11
ChatterBot Echo round 11
ChatterBot Bravo round 11
ChatterBot Lima round 11
2024-10-14 18:16:52.507686 Juliett: Charlie, Tango, Golf, Bravo and Lima, sending you 3
2024-10-14 18:16:52.508683 Kilo: Juliett, Charlie, Tango, Whiskey and Golf, sending you 2
2024-10-14 18:16:52.511658 Juliett: Kilo, sending you 1
2024-10-14 18:16:52.512246 Kilo: Victor and Bravo, sending you 1
2024-10-14 18:16:52.515683 Kilo: Lima, sending you 3
2024-10-14 18:16:52.519693 Bravo: Juliett, sending you 4
2024-10-14 18:16:52.520677 Golf: Same as last round
2024-10-14 18:16:52.522024 Charlie: Juliett, sending you 3
2024-10-14 18:16:52.523132 Whiskey: Kilo and Echo, sending you 6
2024-10-14 18:16:52.523841 Victor: Charlie, sending you 1
2024-10-14 18:16:52.524660 Bravo: Victor, Charlie, Tango and Golf, sending you 2
2024-10-14 18:16:52.526702 Victor: Tango, Golf, Bravo and Lima, sending you 2
2024-10-14 18:16:52.528060 Charlie: Victor, Kilo, Tango, Golf and Bravo, sending you 1
2024-10-14 18:16:52.529123 Echo: Same as last round
2024-10-14 18:16:52.529384 Tango: Juliett and Lima, sending you 3
2024-10-14 18:16:52.530353 Bravo: Kilo, sending you 1
2024-10-14 18:16:52.532664 Charlie: Lima, sending you 2
2024-10-14 18:16:52.533625 Tango: Victor, Kilo, Golf and Bravo, sending you 2
2024-10-14 18:16:52.534648 Bravo: Lima, sending you 3
2024-10-14 18:16:52.535707 Lima: Juliett and Tango, sending you 3
2024-10-14 18:16:52.537657 Tango: Charlie, sending you 1
2024-10-14 18:16:52.538688 Lima: Victor, Charlie, Kilo, Golf and Bravo, sending you 2
chatterbot Lima submitting transactions
chatterbot Whiskey submitting transactions
chatterbot Charlie submitting transactions
chatterbot Golf submitting transactions
chatterbot Tango submitting transactions
chatterbot Juliett submitting transactions
chatterbot Kilo submitting transactions
chatterbot Echo submitting transactions
chatterbot Victor submitting transactions
