ChatterBot Lima round 1
ChatterBot Juliett round 1
ChatterBot X-ray round 1
ChatterBot November round 1
ChatterBot Uniform round 1
ChatterBot Whiskey round 1
ChatterBot Mike round 1
ChatterBot Hotel round 1
ChatterBot Romeo round 1
ChatterBot Bravo round 1
randomSelections Juliett: {Juliett, Bravo, November, X-ray, Whiskey, Lima} 
2024-10-14 18:16:36.319676 Juliett: Let's form a team
ChatterBot Bravo reevaluating
ChatterBot November reevaluating
ChatterBot X-ray reevaluating
ChatterBot Whiskey reevaluating
ChatterBot Lima reevaluating
2024-10-14 18:16:36.367870 Bravo: Yes
2024-10-14 18:16:36.368013 November: Yes
2024-10-14 18:16:36.368155 X-ray: Yes
2024-10-14 18:16:36.368398 Whiskey: Yes
2024-10-14 18:16:36.369070 Lima: Yes
ChatterBot November reevaluating
ChatterBot X-ray reevaluating
ChatterBot Whiskey reevaluating
ChatterBot Lima reevaluating
ChatterBot Bravo reevaluating
ChatterBot X-ray reevaluating
ChatterBot Whiskey reevaluating
ChatterBot Lima reevaluating
ChatterBot Bravo reevaluating
ChatterBot November reevaluating
ChatterBot Whiskey reevaluating
ChatterBot Lima reevaluating
ChatterBot Bravo reevaluating
ChatterBot November reevaluating
ChatterBot X-ray reevaluating
ChatterBot Lima reevaluating
ChatterBot Bravo reevaluating
ChatterBot November reevaluating
ChatterBot X-ray reevaluating
ChatterBot Whiskey reevaluating
randomSelections Uniform: {Uniform, Mike, Hotel, X-ray, November, Lima} 
2024-10-14 18:16:36.442012 Uniform: Let's form a team
ChatterBot Mike reevaluating
ChatterBot Hotel reevaluating
ChatterBot X-ray reevaluating
ChatterBot November reevaluating
ChatterBot Lima reevaluating
2024-10-14 18:16:36.455846 Mike: Yes
2024-10-14 18:16:36.456053 Hotel: Yes
2024-10-14 18:16:36.456819 X-ray: No
2024-10-14 18:16:36.457350 November: No
2024-10-14 18:16:36.457894 Lima: No
ChatterBot Hotel reevaluating
ChatterBot X-ray reevaluating
ChatterBot November reevaluating
ChatterBot Lima reevaluating
ChatterBot Mike reevaluating
ChatterBot X-ray reevaluating
ChatterBot November reevaluating
ChatterBot Lima reevaluating
ChatterBot Mike reevaluating
ChatterBot Hotel reevaluating
ChatterBot November reevaluating
ChatterBot Lima reevaluating
ChatterBot Mike reevaluating
ChatterBot Hotel reevaluating
ChatterBot X-ray reevaluating
ChatterBot Lima reevaluating
ChatterBot Mike reevaluating
ChatterBot Hotel reevaluating
ChatterBot X-ray reevaluating
ChatterBot November reevaluating
randomSelections Romeo: {Romeo, November, Lima, Hotel, Uniform, Juliett} 
2024-10-14 18:16:36.543956 Romeo: Friends?
ChatterBot November reevaluating
ChatterBot Lima reevaluating
ChatterBot Hotel reevaluating
2024-10-14 18:16:36.555562 November: No
2024-10-14 18:16:36.555775 Lima: No
2024-10-14 18:16:36.556043 Hotel: No
2024-10-14 18:16:36.556247 Uniform: No
2024-10-14 18:16:36.556453 Juliett: No
ChatterBot Lima reevaluating
ChatterBot Hotel reevaluating
ChatterBot November reevaluating
ChatterBot Hotel reevaluating
ChatterBot November reevaluating
ChatterBot Lima reevaluating
ChatterBot November reevaluating
ChatterBot Lima reevaluating
ChatterBot Hotel reevaluating
ChatterBot November reevaluating
ChatterBot Lima reevaluating
ChatterBot Hotel reevaluating
2024-10-14 18:16:36.634069 X-ray: Lima and Whiskey, sending you 2
2024-10-14 18:16:36.636259 Lima: Juliett, sending you 3
2024-10-14 18:16:36.637267 Juliett: Lima and Whiskey, sending you 1
2024-10-14 18:16:36.638622 X-ray: November, sending you 4
2024-10-14 18:16:36.640194 Lima: X-ray, sending you 1
2024-10-14 18:16:36.640764 Juliett: X-ray, sending you 6
2024-10-14 18:16:36.642177 Romeo: Lima and November, sending you 4
2024-10-14 18:16:36.642677 November: Lima and Juliett, sending you 4
2024-10-14 18:16:36.643166 X-ray: Bravo, sending you 1
2024-10-14 18:16:36.644434 Hotel: Lima, sending you 4
2024-10-14 18:16:36.644820 Lima: November, sending you 4
2024-10-14 18:16:36.645916 Uniform: Lima, sending you 3
2024-10-14 18:16:36.646230 Juliett: November, sending you 3
2024-10-14 18:16:36.646651 Whiskey: Lima, sending you 2
2024-10-14 18:16:36.647773 Mike: Lima, X-ray and Uniform, sending you 1
2024-10-14 18:16:36.648220 Romeo: Juliett, sending you 5
2024-10-14 18:16:36.648634 November: X-ray, sending you 6
2024-10-14 18:16:36.649762 Hotel: X-ray, sending you 1
2024-10-14 18:16:36.650226 Uniform: X-ray, Mike and Hotel, sending you 2
2024-10-14 18:16:36.654624 Lima: Whiskey and Bravo, sending you 2
2024-10-14 18:16:36.655035 Whiskey: Juliett, sending you 5
2024-10-14 18:16:36.655895 Juliett: Bravo, sending you 7
2024-10-14 18:16:36.656278 Bravo: Lima, sending you 1
2024-10-14 18:16:36.656675 Romeo: Uniform, sending you 2
2024-10-14 18:16:36.657550 November: Whiskey, sending you 2
2024-10-14 18:16:36.657918 Hotel: November and Mike, sending you 3
2024-10-14 18:16:36.658363 Uniform: November, sending you 4
2024-10-14 18:16:36.666182 Whiskey: X-ray, sending you 8
2024-10-14 18:16:36.666649 Romeo: Hotel, sending you 3
2024-10-14 18:16:36.667341 November: Bravo, sending you 1
2024-10-14 18:16:36.667729 Bravo: Juliett, sending you 6
2024-10-14 18:16:36.668067 Hotel: Uniform, sending you 5
2024-10-14 18:16:36.670838 Whiskey: Bravo, sending you 1
2024-10-14 18:16:36.672746 Bravo: X-ray, sending you 3
chatterbot Juliett submitting transactions
2024-10-14 18:16:36.682300 Bravo: November, sending you 2
2024-10-14 18:16:36.687503 Bravo: Whiskey, sending you 4
chatterbot Uniform submitting transactions
chatterbot Bravo submitting transactions
chatterbot Romeo submitting transactions
chatterbot X-ray submitting transactions
chatterbot Mike submitting transactions
chatterbot Whiskey submitting transactions
chatterbot Lima submitting transactions
chatterbot November submitting transactions
chatterbot Hotel submitting transactions
ChatterBot Lima round 2
ChatterBot Juliett round 2
ChatterBot X-ray round 2
ChatterBot November round 2
ChatterBot Uniform round 2
ChatterBot Whiskey round 2
ChatterBot Mike round 2
ChatterBot Hotel round 2
ChatterBot Romeo round 2
ChatterBot Bravo round 2
2024-10-14 18:16:39.236950 Juliett: We should add Romeo
ChatterBot Bravo reevaluating
ChatterBot November reevaluating
ChatterBot X-ray reevaluating
ChatterBot Whiskey reevaluating
ChatterBot Lima reevaluating
2024-10-14 18:16:39.260462 Bravo: No
2024-10-14 18:16:39.260740 November: Yes
2024-10-14 18:16:39.260925 X-ray: Yes
2024-10-14 18:16:39.261133 Whiskey: No
2024-10-14 18:16:39.261604 Lima: Yes
ChatterBot November reevaluating
ChatterBot X-ray reevaluating
ChatterBot Whiskey reevaluating
ChatterBot Lima reevaluating
ChatterBot Bravo reevaluating
ChatterBot X-ray reevaluating
ChatterBot Whiskey reevaluating
ChatterBot Lima reevaluating
ChatterBot Bravo reevaluating
ChatterBot November reevaluating
ChatterBot Whiskey reevaluating
ChatterBot Lima reevaluating
ChatterBot Bravo reevaluating
ChatterBot November reevaluating
ChatterBot X-ray reevaluating
ChatterBot Lima reevaluating
ChatterBot Bravo reevaluating
ChatterBot November reevaluating
ChatterBot X-ray reevaluating
ChatterBot Whiskey reevaluating
2024-10-14 18:16:39.376377 November: We should add Romeo and Hotel
2024-10-14 18:16:39.376693 X-ray: We should add Romeo and Hotel
ChatterBot Bravo reevaluating
ChatterBot X-ray reevaluating
ChatterBot Whiskey reevaluating
ChatterBot Lima reevaluating
2024-10-14 18:16:39.398682 Juliett: No
2024-10-14 18:16:39.402691 Bravo: No
ChatterBot Bravo reevaluating
ChatterBot November reevaluating
2024-10-14 18:16:39.452666 X-ray: Yes
2024-10-14 18:16:39.456188 Whiskey: No
ChatterBot Whiskey reevaluating
2024-10-14 18:16:39.488681 Lima: No
ChatterBot Lima reevaluating
2024-10-14 18:16:39.494727 Juliett: No
2024-10-14 18:16:39.494960 Bravo: No
2024-10-14 18:16:39.495198 November: Yes
2024-10-14 18:16:39.495529 Whiskey: No
2024-10-14 18:16:39.495654 Lima: No
ChatterBot Bravo reevaluating
ChatterBot November reevaluating
ChatterBot X-ray reevaluating
ChatterBot Whiskey reevaluating
ChatterBot Lima reevaluating
ChatterBot November reevaluating
ChatterBot X-ray reevaluating
ChatterBot Whiskey reevaluating
ChatterBot Lima reevaluating
ChatterBot Bravo reevaluating
ChatterBot November reevaluating
ChatterBot Whiskey reevaluating
ChatterBot Lima reevaluating
ChatterBot Bravo reevaluating
ChatterBot November reevaluating
ChatterBot X-ray reevaluating
ChatterBot Lima reevaluating
ChatterBot Bravo reevaluating
ChatterBot November reevaluating
ChatterBot X-ray reevaluating
ChatterBot Whiskey reevaluating
ChatterBot Bravo reevaluating
ChatterBot November reevaluating
ChatterBot X-ray reevaluating
ChatterBot Whiskey reevaluating
ChatterBot Lima reevaluating
ChatterBot November reevaluating
ChatterBot X-ray reevaluating
ChatterBot Whiskey reevaluating
ChatterBot Lima reevaluating
ChatterBot Bravo reevaluating
ChatterBot X-ray reevaluating
ChatterBot Whiskey reevaluating
ChatterBot Lima reevaluating
ChatterBot Bravo reevaluating
ChatterBot November reevaluating
ChatterBot X-ray reevaluating
ChatterBot Lima reevaluating
ChatterBot Bravo reevaluating
ChatterBot November reevaluating
ChatterBot X-ray reevaluating
ChatterBot Whiskey reevaluating
2024-10-14 18:16:39.802577 Mike: We would work well together
ChatterBot Uniform reevaluating
ChatterBot Hotel reevaluating
2024-10-14 18:16:39.815764 Uniform: Yes
2024-10-14 18:16:39.815987 Hotel: Yes
ChatterBot Hotel reevaluating
ChatterBot Uniform reevaluating
2024-10-14 18:16:39.838866 Hotel: Group up?
ChatterBot Uniform reevaluating
ChatterBot Romeo reevaluating
2024-10-14 18:16:39.858408 Uniform: Yes
2024-10-14 18:16:39.859061 Mike: No
2024-10-14 18:16:39.859213 Romeo: Yes
ChatterBot Mike reevaluating
ChatterBot Hotel reevaluating
ChatterBot Romeo reevaluating
ChatterBot Uniform reevaluating
ChatterBot Hotel reevaluating
ChatterBot Romeo reevaluating
ChatterBot Uniform reevaluating
ChatterBot Mike reevaluating
ChatterBot Hotel reevaluating
2024-10-14 18:16:39.970135 Juliett: Romeo we want you to join our group
ChatterBot Romeo reevaluating
2024-10-14 18:16:39.978393 Romeo: No
ChatterBot Lima reevaluating
ChatterBot X-ray reevaluating
ChatterBot November reevaluating
ChatterBot Whiskey reevaluating
ChatterBot Bravo reevaluating
2024-10-14 18:16:40.294318 Lima: Romeo we want you to join our group
2024-10-14 18:16:40.298793 Romeo: No
2024-10-14 18:16:40.456231 Mike: Uniform, sending you 6
2024-10-14 18:16:40.457044 Uniform: Sending you each 4
2024-10-14 18:16:40.457370 Juliett: Lima and November, sending you 3
2024-10-14 18:16:40.457958 Hotel: Uniform, sending you 5
2024-10-14 18:16:40.505809 November: Lima, Juliett and X-ray, sending you 4
2024-10-14 18:16:40.506265 Bravo: Lima, sending you 3
2024-10-14 18:16:40.507023 Whiskey: Lima, Juliett, X-ray and November, sending you 3
2024-10-14 18:16:40.507533 Mike: Hotel, sending you 7
2024-10-14 18:16:40.507778 Juliett: X-ray, sending you 1
2024-10-14 18:16:40.508038 Hotel: Mike, sending you 3
2024-10-14 18:16:40.508262 Romeo: Uniform and Mike, sending you 7
2024-10-14 18:16:40.509001 Lima: Juliett, X-ray, November, Whiskey, Romeo and Bravo, sending you 2
2024-10-14 18:16:40.509310 X-ray: Lima, sending you 1
2024-10-14 18:16:40.509713 November: Whiskey, sending you 2
2024-10-14 18:16:40.510389 Bravo: Juliett, sending you 7
2024-10-14 18:16:40.535 Juliett: Whiskey, Romeo and Bravo, sending you 4
2024-10-14 18:16:40.535931 Whiskey: Bravo, sending you 4
2024-10-14 18:16:40.536392 Mike: Romeo, sending you 3
2024-10-14 18:16:40.536622 Romeo: Hotel, sending you 6
2024-10-14 18:16:40.536833 Hotel: Romeo, sending you 4
2024-10-14 18:16:40.537094 X-ray: Juliett, November, Whiskey and Bravo, sending you 2
2024-10-14 18:16:40.537988 Bravo: X-ray, November and Whiskey, sending you 2
2024-10-14 18:16:40.538349 November: Bravo, sending you 3
chatterbot Lima submitting transactions
chatterbot Juliett submitting transactions
chatterbot Bravo submitting transactions
chatterbot Uniform submitting transactions
chatterbot Whiskey submitting transactions
chatterbot Romeo submitting transactions
chatterbot Mike submitting transactions
chatterbot Hotel submitting transactions
chatterbot November submitting transactions
chatterbot X-ray submitting transactions
ChatterBot Lima round 3
ChatterBot Juliett round 3
ChatterBot X-ray round 3
ChatterBot November round 3
ChatterBot Uniform round 3
ChatterBot Whiskey round 3
ChatterBot Mike round 3
ChatterBot Hotel round 3
ChatterBot Romeo round 3
ChatterBot Bravo round 3
2024-10-14 18:16:41.557007 Juliett: We should drop Romeo
2024-10-14 18:16:41.579374 Bravo: Yes
2024-10-14 18:16:41.580 November: Yes
2024-10-14 18:16:41.580179 X-ray: Yes
2024-10-14 18:16:41.580357 Whiskey: Yes
2024-10-14 18:16:41.580557 Lima: Yes
2024-10-14 18:16:41.737541 X-ray: Lima, sending you 1
2024-10-14 18:16:41.871102 X-ray: Juliett, November, Whiskey and Bravo, sending you 2
2024-10-14 18:16:41.872730 Hotel: Uniform and Romeo, sending you 4
2024-10-14 18:16:41.873747 Romeo: Uniform and Hotel, sending you 7
2024-10-14 18:16:41.874305 Uniform: Mike and Hotel, sending you 4
2024-10-14 18:16:41.875473 Mike: Uniform and Hotel, sending you 5
2024-10-14 18:16:41.876133 Whiskey: Lima, X-ray, November and Bravo, sending you 3
2024-10-14 18:16:41.877600 Juliett: Lima and X-ray, sending you 3
2024-10-14 18:16:41.879204 November: Lima, Juliett and X-ray, sending you 4
2024-10-14 18:16:41.879961 Bravo: Lima, X-ray, November and Whiskey, sending you 3
chatterbot Lima submitting transactions
chatterbot X-ray submitting transactions
2024-10-14 18:16:41.881731 Hotel: Mike, sending you 5
2024-10-14 18:16:41.882652 Romeo: Mike, sending you 6
2024-10-14 18:16:41.883323 Uniform: Romeo, sending you 3
2024-10-14 18:16:41.884226 Mike: Romeo, sending you 6
2024-10-14 18:16:41.884750 Whiskey: Juliett, sending you 4
2024-10-14 18:16:41.885805 Juliett: November and Whiskey, sending you 4
2024-10-14 18:16:41.887040 November: Whiskey, sending you 2
2024-10-14 18:16:41.887733 Lima: Juliett, X-ray, Whiskey and Bravo, sending you 2
2024-10-14 18:16:41.889017 Bravo: Juliett, sending you 4
2024-10-14 18:16:41.974735 Juliett: Bravo, sending you 5
2024-10-14 18:16:41.977885 November: Bravo, sending you 3
2024-10-14 18:16:41.980959 Lima: November, sending you 4
chatterbot November submitting transactions
chatterbot Hotel submitting transactions
chatterbot Uniform submitting transactions
chatterbot Mike submitting transactions
chatterbot Whiskey submitting transactions
chatterbot Romeo submitting transactions
chatterbot Juliett submitting transactions
chatterbot Bravo submitting transactions
ChatterBot Lima round 4
ChatterBot Juliett round 4
ChatterBot X-ray round 4
ChatterBot November round 4
ChatterBot Uniform round 4
ChatterBot Whiskey round 4
ChatterBot Mike round 4
ChatterBot Hotel round 4
ChatterBot Romeo round 4
ChatterBot Bravo round 4
2024-10-14 18:16:42.863677 X-ray: Lima, sending you 1
2024-10-14 18:16:42.868678 X-ray: Juliett, November, Whiskey and Bravo, sending you 2
2024-10-14 18:16:42.870663 Romeo: Uniform, sending you 6
2024-10-14 18:16:42.871670 Uniform: Mike and Hotel, sending you 4
2024-10-14 18:16:42.872693 Lima: Juliett, X-ray, Whiskey and Bravo, sending you 2
2024-10-14 18:16:42.873771 November: Lima and Juliett, sending you 4
2024-10-14 18:16:42.874483 Hotel: Uniform, sending you 5
2024-10-14 18:16:42.874845 Romeo: Mike and Hotel, sending you 7
2024-10-14 18:16:42.876673 Bravo: Lima, X-ray, November and Whiskey, sending you 3
2024-10-14 18:16:42.877817 Uniform: Romeo, sending you 3
2024-10-14 18:16:42.878122 Whiskey: Lima, X-ray, November and Bravo, sending you 3
2024-10-14 18:16:42.879174 Lima: November, sending you 4
2024-10-14 18:16:42.879780 November: X-ray, Whiskey and Bravo, sending you 3
2024-10-14 18:16:42.880287 Mike: Uniform and Hotel, sending you 5
2024-10-14 18:16:42.880997 Hotel: Mike and Romeo, sending you 4
2024-10-14 18:16:42.881294 Bravo: Juliett, sending you 4
2024-10-14 18:16:42.881756 Whiskey: Juliett, sending you 4
2024-10-14 18:16:42.883671 Juliett: Lima and X-ray, sending you 3
2024-10-14 18:16:42.885713 Mike: Romeo, sending you 6
2024-10-14 18:16:42.888668 Juliett: November and Whiskey, sending you 4
2024-10-14 18:16:42.893700 Juliett: Bravo, sending you 6
chatterbot Uniform submitting transactions
chatterbot Mike submitting transactions
chatterbot X-ray submitting transactions
chatterbot November submitting transactions
chatterbot Whiskey submitting transactions
chatterbot Bravo submitting transactions
chatterbot Lima submitting transactions
chatterbot Juliett submitting transactions
chatterbot Romeo submitting transactions
chatterbot Hotel submitting transactions
ChatterBot Lima round 5
ChatterBot Juliett round 5
ChatterBot X-ray round 5
ChatterBot November round 5
ChatterBot Uniform round 5
ChatterBot Whiskey round 5
ChatterBot Mike round 5
ChatterBot Hotel round 5
ChatterBot Romeo round 5
ChatterBot Bravo round 5
2024-10-14 18:16:43.969664 Lima: Juliett, X-ray, Whiskey and Bravo, sending you 2
2024-10-14 18:16:43.974648 Lima: November, sending you 4
2024-10-14 18:16:43.975532 Mike: Uniform and Hotel, sending you 5
2024-10-14 18:16:43.975960 Hotel: Uniform, sending you 5
2024-10-14 18:16:43.979674 Mike: Romeo, sending you 6
2024-10-14 18:16:43.979971 Juliett: Lima and X-ray, sending you 3
2024-10-14 18:16:43.980883 Hotel: Mike and Romeo, sending you 4
2024-10-14 18:16:43.981669 November: Lima and Juliett, sending you 4
2024-10-14 18:16:43.982260 Whiskey: Lima, X-ray, November and Bravo, sending you 3
2024-10-14 18:16:43.983107 X-ray: Lima, sending you 1
2024-10-14 18:16:43.983692 Bravo: Lima, X-ray, November and Whiskey, sending you 3
2024-10-14 18:16:43.985681 Juliett: November and Whiskey, sending you 4
2024-10-14 18:16:43.986354 X-ray: Juliett, November, Whiskey and Bravo, sending you 2
2024-10-14 18:16:43.987002 Romeo: Uniform, sending you 6
2024-10-14 18:16:43.987728 Uniform: Mike and Hotel, sending you 4
2024-10-14 18:16:43.988142 November: X-ray, Whiskey and Bravo, sending you 3
2024-10-14 18:16:43.988917 Whiskey: Juliett, sending you 4
2024-10-14 18:16:43.989890 Bravo: Juliett, sending you 4
2024-10-14 18:16:43.990669 Juliett: Bravo, sending you 6
2024-10-14 18:16:43.991433 Romeo: Mike and Hotel, sending you 7
2024-10-14 18:16:43.992677 Uniform: Romeo, sending you 3
chatterbot Romeo submitting transactions
chatterbot Hotel submitting transactions
chatterbot Mike submitting transactions
chatterbot X-ray submitting transactions
chatterbot Lima submitting transactions
chatterbot Bravo submitting transactions
chatterbot Uniform submitting transactions
chatterbot November submitting transactions
chatterbot Juliett submitting transactions
chatterbot Whiskey submitting transactions
ChatterBot Lima round 6
ChatterBot Juliett round 6
ChatterBot X-ray round 6
ChatterBot November round 6
ChatterBot Uniform round 6
ChatterBot Whiskey round 6
ChatterBot Mike round 6
ChatterBot Hotel round 6
ChatterBot Romeo round 6
ChatterBot Bravo round 6
2024-10-14 18:16:45.228678 Lima: Juliett, X-ray, Whiskey and Bravo, sending you 2
2024-10-14 18:16:45.232782 Lima: November, sending you 4
2024-10-14 18:16:45.236681 Mike: Uniform and Hotel, sending you 5
2024-10-14 18:16:45.239657 Hotel: Uniform, sending you 5
2024-10-14 18:16:45.239991 Whiskey: Lima, X-ray, November and Bravo, sending you 3
2024-10-14 18:16:45.240676 Mike: Romeo, sending you 6
2024-10-14 18:16:45.241044 Juliett: Lima and X-ray, sending you 3
2024-10-14 18:16:45.242688 Romeo: Uniform and Hotel, sending you 6
2024-10-14 18:16:45.243075 Whiskey: Juliett, sending you 4
2024-10-14 18:16:45.243671 X-ray: Lima, sending you 1
2024-10-14 18:16:45.244673 Hotel: Mike, sending you 4
2024-10-14 18:16:45.244986 Juliett: November and Whiskey, sending you 4
2024-10-14 18:16:45.245671 Bravo: Lima, X-ray, November and Whiskey, sending you 3
2024-10-14 18:16:45.247667 Romeo: Mike, sending you 8
2024-10-14 18:16:45.247985 Juliett: Bravo, sending you 6
2024-10-14 18:16:45.248676 X-ray: Juliett, November, Whiskey and Bravo, sending you 2
2024-10-14 18:16:45.249258 Uniform: Mike and Hotel, sending you 4
2024-10-14 18:16:45.249573 Hotel: Romeo, sending you 3
2024-10-14 18:16:45.250270 Bravo: Juliett, sending you 4
2024-10-14 18:16:45.251661 Uniform: Romeo, sending you 3
2024-10-14 18:16:45.252678 November: Lima and Juliett, sending you 4
2024-10-14 18:16:45.256659 November: X-ray, Whiskey and Bravo, sending you 3
chatterbot Lima submitting transactions
chatterbot Bravo submitting transactions
chatterbot Juliett submitting transactions
chatterbot Whiskey submitting transactions
chatterbot Hotel submitting transactions
chatterbot November submitting transactions
chatterbot Uniform submitting transactions
chatterbot Mike submitting transactions
chatterbot X-ray submitting transactions
chatterbot Romeo submitting transactions
ChatterBot Lima round 7
ChatterBot Juliett round 7
ChatterBot X-ray round 7
ChatterBot November round 7
ChatterBot Uniform round 7
ChatterBot Whiskey round 7
ChatterBot Mike round 7
ChatterBot Hotel round 7
ChatterBot Romeo round 7
ChatterBot Bravo round 7
2024-10-14 18:16:46.497686 Juliett: Lima and X-ray, sending you 3
2024-10-14 18:16:46.500707 Juliett: November and Whiskey, sending you 4
2024-10-14 18:16:46.503710 Hotel: Uniform, sending you 5
2024-10-14 18:16:46.505681 Uniform: Mike and Hotel, sending you 4
2024-10-14 18:16:46.506125 Juliett: Bravo, sending you 6
2024-10-14 18:16:46.506974 Whiskey: Lima, X-ray, November and Bravo, sending you 3
2024-10-14 18:16:46.507764 Lima: Juliett, X-ray, Whiskey and Bravo, sending you 2
2024-10-14 18:16:46.508522 November: Lima and Juliett, sending you 4
2024-10-14 18:16:46.509824 Hotel: Mike, sending you 4
2024-10-14 18:16:46.510313 Mike: Uniform and Hotel, sending you 5
2024-10-14 18:16:46.510736 Uniform: Romeo, sending you 3
2024-10-14 18:16:46.511390 Romeo: Uniform and Hotel, sending you 6
2024-10-14 18:16:46.512677 Whiskey: Juliett, sending you 4
2024-10-14 18:16:46.513388 Lima: November, sending you 4
2024-10-14 18:16:46.514579 November: X-ray, Whiskey and Bravo, sending you 3
2024-10-14 18:16:46.515315 Hotel: Romeo, sending you 3
2024-10-14 18:16:46.515707 Bravo: Lima, X-ray, November and Whiskey, sending you 3
2024-10-14 18:16:46.516416 Mike: Romeo, sending you 6
2024-10-14 18:16:46.516830 Romeo: Mike, sending you 8
2024-10-14 18:16:46.517232 X-ray: Lima, sending you 1
2024-10-14 18:16:46.519685 Bravo: Juliett, sending you 4
2024-10-14 18:16:46.520710 X-ray: Juliett, November, Whiskey and Bravo, sending you 2
chatterbot Bravo submitting transactions
chatterbot Juliett submitting transactions
chatterbot Whiskey submitting transactions
chatterbot Romeo submitting transactions
chatterbot November submitting transactions
chatterbot Hotel submitting transactions
chatterbot Uniform submitting transactions
chatterbot X-ray submitting transactions
chatterbot Mike submitting transactions
chatterbot Lima submitting transactions
ChatterBot Lima round 8
ChatterBot Juliett round 8
ChatterBot X-ray round 8
ChatterBot November round 8
ChatterBot Uniform round 8
ChatterBot Whiskey round 8
ChatterBot Mike round 8
ChatterBot Hotel round 8
ChatterBot Romeo round 8
ChatterBot Bravo round 8
2024-10-14 18:16:47.656668 Juliett: Lima and X-ray, sending you 3
2024-10-14 18:16:47.658119 Whiskey: Lima, X-ray, November and Bravo, sending you 3
2024-10-14 18:16:47.661232 Hotel: Uniform, sending you 5
2024-10-14 18:16:47.661633 Juliett: November and Whiskey, sending you 4
2024-10-14 18:16:47.662232 Uniform: Mike and Romeo, sending you 3
2024-10-14 18:16:47.662676 Lima: Juliett, X-ray, Whiskey and Bravo, sending you 2
2024-10-14 18:16:47.663671 Whiskey: Juliett, sending you 4
2024-10-14 18:16:47.665089 Romeo: Uniform and Hotel, sending you 6
2024-10-14 18:16:47.665428 November: Lima and Juliett, sending you 4
2024-10-14 18:16:47.665960 Hotel: Mike, sending you 4
2024-10-14 18:16:47.666673 Juliett: Bravo, sending you 6
2024-10-14 18:16:47.667345 Uniform: Hotel, sending you 4
2024-10-14 18:16:47.668289 Lima: November, sending you 4
2024-10-14 18:16:47.668812 Romeo: Mike, sending you 8
2024-10-14 18:16:47.669109 November: X-ray, Whiskey and Bravo, sending you 3
2024-10-14 18:16:47.669619 X-ray: Lima, sending you 1
2024-10-14 18:16:47.670703 Hotel: Romeo, sending you 3
2024-10-14 18:16:47.671100 Mike: Uniform and Hotel, sending you 5
2024-10-14 18:16:47.671453 Bravo: Lima, X-ray, November and Whiskey, sending you 3
2024-10-14 18:16:47.673682 X-ray: Juliett, November, Whiskey and Bravo, sending you 2
2024-10-14 18:16:47.674759 Mike: Romeo, sending you 6
2024-10-14 18:16:47.676680 Bravo: Juliett, sending you 4
chatterbot Hotel submitting transactions
chatterbot X-ray submitting transactions
chatterbot Lima submitting transactions
chatterbot Uniform submitting transactions
chatterbot Bravo submitting transactions
chatterbot Mike submitting transactions
chatterbot Juliett submitting transactions
chatterbot November submitting transactions
chatterbot Whiskey submitting transactions
chatterbot Romeo submitting transactions
ChatterBot Lima round 9
ChatterBot Juliett round 9
ChatterBot X-ray round 9
ChatterBot November round 9
ChatterBot Uniform round 9
ChatterBot Whiskey round 9
ChatterBot Mike round 9
ChatterBot Hotel round 9
ChatterBot Romeo round 9
ChatterBot Bravo round 9
2024-10-14 18:16:48.933659 Juliett: Lima, sending you 3
2024-10-14 18:16:48.934690 X-ray: Lima, sending you 1
2024-10-14 18:16:48.935919 Uniform: Mike and Romeo, sending you 3
2024-10-14 18:16:48.936355 Lima: Juliett, X-ray, Whiskey and Bravo, sending you 2
2024-10-14 18:16:48.937702 Juliett: X-ray, November and Whiskey, sending you 4
2024-10-14 18:16:48.939806 X-ray: Juliett, November, Whiskey and Bravo, sending you 2
2024-10-14 18:16:48.941255 Uniform: Hotel, sending you 4
2024-10-14 18:16:48.941973 Lima: November, sending you 4
2024-10-14 18:16:48.943906 Romeo: Uniform and Hotel, sending you 6
2024-10-14 18:16:48.944342 Juliett: Bravo, sending you 5
2024-10-14 18:16:48.947695 Romeo: Mike, sending you 8
2024-10-14 18:16:48.948679 November: Lima and Juliett, sending you 4
2024-10-14 18:16:48.950672 Mike: Uniform and Hotel, sending you 5
2024-10-14 18:16:48.951058 Bravo: Lima, X-ray, November and Whiskey, sending you 3
2024-10-14 18:16:48.951698 Whiskey: Lima, X-ray, November and Bravo, sending you 3
2024-10-14 18:16:48.953047 November: X-ray, Whiskey and Bravo, sending you 3
2024-10-14 18:16:48.953821 Mike: Romeo, sending you 6
2024-10-14 18:16:48.955681 Whiskey: Juliett, sending you 4
2024-10-14 18:16:48.956796 Bravo: Juliett, sending you 4
2024-10-14 18:16:48.959666 Hotel: Uniform, sending you 5
2024-10-14 18:16:48.964662 Hotel: Mike, sending you 4
2024-10-14 18:16:48.969670 Hotel: Romeo, sending you 3
chatterbot Uniform submitting transactions
chatterbot X-ray submitting transactions
chatterbot Romeo submitting transactions
chatterbot Bravo submitting transactions
chatterbot Hotel submitting transactions
chatterbot Juliett submitting transactions
chatterbot Lima submitting transactions
chatterbot Mike submitting transactions
chatterbot Whiskey submitting transactions
chatterbot November submitting transactions
ChatterBot Lima round 10
ChatterBot Juliett round 10
ChatterBot X-ray round 10
ChatterBot November round 10
ChatterBot Uniform round 10
ChatterBot Whiskey round 10
ChatterBot Mike round 10
ChatterBot Hotel round 10
ChatterBot Romeo round 10
ChatterBot Bravo round 10
2024-10-14 18:16:50.180662 Uniform: Mike and Romeo, sending you 3
2024-10-14 18:16:50.181652 X-ray: Lima, sending you 1
2024-10-14 18:16:50.183949 Mike: Uniform and Hotel, sending you 5
2024-10-14 18:16:50.184682 Hotel: Uniform, sending you 5
2024-10-14 18:16:50.185657 Uniform: Hotel, sending you 4
2024-10-14 18:16:50.186109 Bravo: Lima, X-ray, November and Whiskey, sending you 3
2024-10-14 18:16:50.186802 Juliett: Lima, sending you 3
2024-10-14 18:16:50.187357 X-ray: Juliett, November, Whiskey and Bravo, sending you 2
2024-10-14 18:16:50.187849 Lima: Juliett, X-ray, Whiskey and Bravo, sending you 2
2024-10-14 18:16:50.188710 Mike: Romeo, sending you 6
2024-10-14 18:16:50.188975 Hotel: Mike, sending you 4
2024-10-14 18:16:50.189650 November: Lima and Juliett, sending you 4
2024-10-14 18:16:50.190353 Bravo: Juliett, sending you 4
2024-10-14 18:16:50.191668 Juliett: X-ray, November and Whiskey, sending you 4
2024-10-14 18:16:50.192722 Whiskey: Lima, X-ray, November and Bravo, sending you 3
2024-10-14 18:16:50.193434 Romeo: Uniform and Hotel, sending you 6
2024-10-14 18:16:50.193792 Lima: November, sending you 4
2024-10-14 18:16:50.194380 November: X-ray, Whiskey and Bravo, sending you 3
2024-10-14 18:16:50.195041 Hotel: Romeo, sending you 3
2024-10-14 18:16:50.195665 Juliett: Bravo, sending you 5
2024-10-14 18:16:50.196713 Whiskey: Juliett, sending you 4
2024-10-14 18:16:50.197371 Romeo: Mike, sending you 8
chatterbot X-ray submitting transactions
chatterbot Romeo submitting transactions
chatterbot November submitting transactions
chatterbot Hotel submitting transactions
chatterbot Whiskey submitting transactions
chatterbot Lima submitting transactions
chatterbot Uniform submitting transactions
chatterbot Mike submitting transactions
chatterbot Juliett submitting transactions
chatterbot Bravo submitting transactions
ChatterBot Lima round 11
ChatterBot Juliett round 11
ChatterBot X-ray round 11
ChatterBot November round 11
ChatterBot Uniform round 11
ChatterBot Whiskey round 11
ChatterBot Mike round 11
ChatterBot Hotel round 11
ChatterBot Romeo round 11
ChatterBot Bravo round 11
2024-10-14 18:16:51.407690 Lima: Juliett, X-ray, Whiskey and Bravo, sending you 2
2024-10-14 18:16:51.411674 Lima: November, sending you 4
2024-10-14 18:16:51.413681 Juliett: Lima, sending you 3
2024-10-14 18:16:51.415238 Whiskey: Lima, X-ray, November and Bravo, sending you 3
2024-10-14 18:16:51.416048 X-ray: Lima, sending you 1
2024-10-14 18:16:51.418657 Bravo: Lima, X-ray, November and Whiskey, sending you 3
2024-10-14 18:16:51.419690 Juliett: X-ray, November and Whiskey, sending you 4
2024-10-14 18:16:51.420350 Whiskey: Juliett, sending you 4
2024-10-14 18:16:51.420995 Uniform: Mike, sending you 3
2024-10-14 18:16:51.421411 Romeo: Uniform and Hotel, sending you 6
2024-10-14 18:16:51.421793 X-ray: Juliett, November, Whiskey and Bravo, sending you 2
2024-10-14 18:16:51.422884 Bravo: Juliett, sending you 4
2024-10-14 18:16:51.423559 Mike: Uniform and Hotel, sending you 5
2024-10-14 18:16:51.424679 Juliett: Bravo, sending you 5
2024-10-14 18:16:51.425391 Uniform: Hotel, sending you 4
2024-10-14 18:16:51.425748 Romeo: Mike, sending you 8
2024-10-14 18:16:51.426438 November: Lima and Juliett, sending you 4
2024-10-14 18:16:51.428679 Mike: Romeo, sending you 6
2024-10-14 18:16:51.429162 Uniform: Romeo, sending you 2
2024-10-14 18:16:51.430115 November: X-ray, Whiskey and Bravo, sending you 3
2024-10-14 18:16:51.430947 Hotel: Uniform, sending you 5
2024-10-14 18:16:51.434833 Hotel: Mike, sending you 4
2024-10-14 18:16:51.438667 Hotel: Romeo, sending you 3
chatterbot Whiskey submitting transactions
chatterbot X-ray submitting transactions
chatterbot November submitting transactions
chatterbot Mike submitting transactions
chatterbot Juliett submitting transactions
chatterbot Bravo submitting transactions
chatterbot Hotel submitting transactions
chatterbot Romeo submitting transactions
chatterbot Lima submitting transactions
chatterbot Uniform submitting transactions
ChatterBot Lima round 12
ChatterBot Juliett round 12
ChatterBot X-ray round 12
ChatterBot November round 12
ChatterBot Uniform round 12
ChatterBot Whiskey round 12
ChatterBot Mike round 12
ChatterBot Hotel round 12
ChatterBot Romeo round 12
ChatterBot Bravo round 12
2024-10-14 18:16:52.642655 Lima: Juliett, X-ray, Whiskey and Bravo, sending you 2
2024-10-14 18:16:52.643672 November: Lima and Juliett, sending you 4
2024-10-14 18:16:52.644484 Juliett: Lima, sending you 3
2024-10-14 18:16:52.646656 November: X-ray, Whiskey and Bravo, sending you 3
2024-10-14 18:16:52.647672 Lima: November, sending you 4
2024-10-14 18:16:52.648597 Juliett: X-ray, November and Whiskey, sending you 4
2024-10-14 18:16:52.653666 Juliett: Bravo, sending you 5
2024-10-14 18:16:52.656650 Mike: Uniform and Hotel, sending you 5
2024-10-14 18:16:52.657110 Hotel: Uniform, sending you 5
2024-10-14 18:16:52.657689 X-ray: Lima, sending you 1
2024-10-14 18:16:52.658811 Uniform: Mike, sending you 3
2024-10-14 18:16:52.659928 Whiskey: Lima, X-ray, November and Bravo, sending you 3
2024-10-14 18:16:52.661179 Hotel: Mike, sending you 4
2024-10-14 18:16:52.661728 Bravo: Lima, X-ray, November and Whiskey, sending you 3
2024-10-14 18:16:52.663452 Mike: Romeo, sending you 6
2024-10-14 18:16:52.664049 X-ray: Juliett, November, Whiskey and Bravo, sending you 2
2024-10-14 18:16:52.665259 Uniform: Hotel, sending you 4
2024-10-14 18:16:52.665860 Whiskey: Juliett, sending you 4
2024-10-14 18:16:52.667524 Romeo: Uniform and Hotel, sending you 6
2024-10-14 18:16:52.668160 Bravo: Juliett, sending you 4
2024-10-14 18:16:52.669413 Hotel: Romeo, sending you 3
2024-10-14 18:16:52.670525 Uniform: Romeo, sending you 2
2024-10-14 18:16:52.672668 Romeo: Mike, sending you 8
chatterbot Romeo submitting transactions
chatterbot November submitting transactions
chatterbot Lima submitting transactions
chatterbot Whiskey submitting transactions
chatterbot Juliett submitting transactions
chatterbot X-ray submitting transactions
chatterbot Hotel submitting transactions
chatterbot Mike submitting transactions
chatterbot Uniform submitting transactions
chatterbot Bravo submitting transactions
ChatterBot Lima round 13
ChatterBot Juliett round 13
ChatterBot X-ray round 13
ChatterBot November round 13
ChatterBot Uniform round 13
ChatterBot Whiskey round 13
ChatterBot Mike round 13
ChatterBot Hotel round 13
ChatterBot Romeo round 13
ChatterBot Bravo round 13
2024-10-14 18:16:53.855005 Juliett: Lima, sending you 3
2024-10-14 18:16:53.859669 Juliett: X-ray, November and Whiskey, sending you 4
2024-10-14 18:16:53.860659 X-ray: Lima, sending you 1
2024-10-14 18:16:53.862656 Hotel: Uniform, sending you 5
2024-10-14 18:16:53.863683 X-ray: Juliett, November, Whiskey and Bravo, sending you 2
2024-10-14 18:16:53.864661 Juliett: Bravo, sending you 5
2024-10-14 18:16:53.865537 November: Lima and Juliett, sending you 4
2024-10-14 18:16:53.866239 Whiskey: Lima, X-ray, November and Bravo, sending you 3
2024-10-14 18:16:53.867132 Hotel: Mike, sending you 4
2024-10-14 18:16:53.867680 Lima: Juliett, X-ray, Whiskey and Bravo, sending you 2
2024-10-14 18:16:53.868463 Mike: Uniform and Hotel, sending you 5
2024-10-14 18:16:53.869663 Uniform: Mike, sending you 3
2024-10-14 18:16:53.870660 November: X-ray, Whiskey and Bravo, sending you 3
2024-10-14 18:16:53.871730 Whiskey: Juliett, sending you 4
2024-10-14 18:16:53.872549 Hotel: Romeo, sending you 3
2024-10-14 18:16:53.873103 Romeo: Uniform and Hotel, sending you 6
2024-10-14 18:16:53.873572 Lima: November, sending you 4
2024-10-14 18:16:53.874403 Mike: Romeo, sending you 6
2024-10-14 18:16:53.874829 Uniform: Hotel, sending you 4
2024-10-14 18:16:53.876695 Bravo: Lima, X-ray, November and Whiskey, sending you 3
2024-10-14 18:16:53.878272 Romeo: Mike, sending you 8
2024-10-14 18:16:53.879673 Uniform: Romeo, sending you 2
2024-10-14 18:16:53.882658 Bravo: Juliett, sending you 4
chatterbot Juliett submitting transactions
chatterbot Uniform submitting transactions
chatterbot Lima submitting transactions
chatterbot X-ray submitting transactions
chatterbot November submitting transactions
chatterbot Romeo submitting transactions
chatterbot Hotel submitting transactions
chatterbot Mike submitting transactions
chatterbot Whiskey submitting transactions
chatterbot Bravo submitting transactions
ChatterBot Lima round 14
ChatterBot Juliett round 14
ChatterBot X-ray round 14
ChatterBot November round 14
ChatterBot Uniform round 14
ChatterBot Whiskey round 14
ChatterBot Mike round 14
ChatterBot Hotel round 14
ChatterBot Romeo round 14
ChatterBot Bravo round 14
2024-10-14 18:16:55.090670 November: Lima and Juliett, sending you 4
2024-10-14 18:16:55.096674 November: X-ray, Whiskey and Bravo, sending you 3
2024-10-14 18:16:55.099113 Lima: Juliett, X-ray, Whiskey and Bravo, sending you 2
2024-10-14 18:16:55.100597 Romeo: Uniform and Hotel, sending you 6
2024-10-14 18:16:55.101279 Juliett: Lima, sending you 3
2024-10-14 18:16:55.102403 Mike: Uniform and Hotel, sending you 5
2024-10-14 18:16:55.104681 Lima: November, sending you 4
2024-10-14 18:16:55.105734 Romeo: Mike, sending you 8
2024-10-14 18:16:55.106321 Juliett: X-ray, Whiskey and Bravo, sending you 4
2024-10-14 18:16:55.108045 Whiskey: Lima, X-ray, November and Bravo, sending you 3
2024-10-14 18:16:55.108890 X-ray: Lima, sending you 1
2024-10-14 18:16:55.109667 Uniform: Mike, sending you 3
2024-10-14 18:16:55.110243 Mike: Romeo, sending you 6
2024-10-14 18:16:55.110738 Hotel: Uniform, sending you 5
2024-10-14 18:16:55.111235 Juliett: November, sending you 5
2024-10-14 18:16:55.112035 Whiskey: Juliett, sending you 4
2024-10-14 18:16:55.113690 X-ray: Juliett, November, Whiskey and Bravo, sending you 2
2024-10-14 18:16:55.114676 Uniform: Hotel, sending you 4
2024-10-14 18:16:55.115296 Hotel: Mike, sending you 4
2024-10-14 18:16:55.115752 Bravo: Lima, X-ray, November and Whiskey, sending you 3
2024-10-14 18:16:55.118657 Uniform: Romeo, sending you 2
2024-10-14 18:16:55.119690 Hotel: Romeo, sending you 3
2024-10-14 18:16:55.120327 Bravo: Juliett, sending you 4
chatterbot Juliett submitting transactions
chatterbot Uniform submitting transactions
chatterbot Mike submitting transactions
chatterbot X-ray submitting transactions
chatterbot Whiskey submitting transactions
chatterbot Hotel submitting transactions
chatterbot Romeo submitting transactions
chatterbot Lima submitting transactions
chatterbot November submitting transactions
chatterbot Bravo submitting transactions
ChatterBot Lima round 15
ChatterBot Juliett round 15
ChatterBot X-ray round 15
ChatterBot November round 15
ChatterBot Uniform round 15
ChatterBot Whiskey round 15
ChatterBot Mike round 15
ChatterBot Hotel round 15
ChatterBot Romeo round 15
ChatterBot Bravo round 15
2024-10-14 18:16:56.213693 Juliett: Lima, sending you 3
2024-10-14 18:16:56.215265 Lima: Juliett, X-ray, Whiskey and Bravo, sending you 2
2024-10-14 18:16:56.219611 X-ray: Lima, sending you 1
2024-10-14 18:16:56.221496 Juliett: X-ray, Whiskey and Bravo, sending you 4
2024-10-14 18:16:56.223684 Lima: November, sending you 4
2024-10-14 18:16:56.225001 Hotel: Uniform, sending you 5
2024-10-14 18:16:56.226743 Uniform: Mike, sending you 3
2024-10-14 18:16:56.227547 X-ray: Juliett, November, Whiskey and Bravo, sending you 2
2024-10-14 18:16:56.231936 November: Lima and Juliett, sending you 4
2024-10-14 18:16:56.234177 Juliett: November, sending you 5
2024-10-14 18:16:56.235601 Mike: Uniform and Hotel, sending you 5
2024-10-14 18:16:56.237626 Uniform: Hotel, sending you 4
2024-10-14 18:16:56.238447 Hotel: Mike, sending you 4
2024-10-14 18:16:56.243170 November: X-ray, Whiskey and Bravo, sending you 3
2024-10-14 18:16:56.249564 Whiskey: Lima, X-ray, November and Bravo, sending you 3
2024-10-14 18:16:56.252178 Romeo: Uniform and Hotel, sending you 6
2024-10-14 18:16:56.253272 Mike: Romeo, sending you 6
2024-10-14 18:16:56.254334 Uniform: Romeo, sending you 2
2024-10-14 18:16:56.256319 Bravo: Lima, X-ray, November and Whiskey, sending you 3
2024-10-14 18:16:56.259647 Hotel: Romeo, sending you 3
2024-10-14 18:16:56.260945 Whiskey: Juliett, sending you 4
2024-10-14 18:16:56.264535 Romeo: Mike, sending you 8
2024-10-14 18:16:56.266543 Bravo: Juliett, sending you 4
chatterbot Juliett submitting transactions
chatterbot Bravo submitting transactions
chatterbot Romeo submitting transactions
chatterbot Lima submitting transactions
chatterbot Hotel submitting transactions
chatterbot Whiskey submitting transactions
chatterbot Mike submitting transactions
chatterbot November submitting transactions
chatterbot X-ray submitting transactions
chatterbot Uniform submitting transactions
ChatterBot Lima round 16
ChatterBot Juliett round 16
