ChatterBot Oscar round 1
ChatterBot Juliett round 1
ChatterBot Romeo round 1
ChatterBot November round 1
ChatterBot Mike round 1
ChatterBot Foxtrot round 1
ChatterBot Echo round 1
ChatterBot Sierra round 1
ChatterBot Whiskey round 1
ChatterBot Delta round 1
randomSelections November: {November, Foxtrot, Romeo, Whiskey, Mike, Sierra} 
2024-10-14 18:16:36.359939 November: Friends?
ChatterBot Foxtrot reevaluating
ChatterBot Romeo reevaluating
ChatterBot Whiskey reevaluating
ChatterBot Mike reevaluating
ChatterBot Sierra reevaluating
2024-10-14 18:16:36.373748 Foxtrot: Yes
2024-10-14 18:16:36.373947 Romeo: Yes
2024-10-14 18:16:36.374108 Whiskey: Yes
2024-10-14 18:16:36.375001 Mike: Yes
2024-10-14 18:16:36.375389 Sierra: Yes
ChatterBot Romeo reevaluating
ChatterBot Whiskey reevaluating
ChatterBot Mike reevaluating
ChatterBot Sierra reevaluating
ChatterBot Foxtrot reevaluating
ChatterBot Whiskey reevaluating
ChatterBot Mike reevaluating
ChatterBot Sierra reevaluating
ChatterBot Foxtrot reevaluating
ChatterBot Romeo reevaluating
ChatterBot Mike reevaluating
ChatterBot Sierra reevaluating
ChatterBot Foxtrot reevaluating
ChatterBot Romeo reevaluating
ChatterBot Whiskey reevaluating
ChatterBot Sierra reevaluating
ChatterBot Foxtrot reevaluating
ChatterBot Romeo reevaluating
ChatterBot Whiskey reevaluating
ChatterBot Mike reevaluating
randomSelections Oscar: {Oscar, Mike, November, Foxtrot, Romeo, Juliett, Delta} 
2024-10-14 18:16:36.445521 Oscar: Can we be friends?
ChatterBot Mike reevaluating
ChatterBot Foxtrot reevaluating
ChatterBot Romeo reevaluating
ChatterBot Juliett reevaluating
ChatterBot Delta reevaluating
2024-10-14 18:16:36.461071 Mike: No
2024-10-14 18:16:36.462057 November: No
2024-10-14 18:16:36.462649 Foxtrot: No
2024-10-14 18:16:36.463661 Romeo: No
2024-10-14 18:16:36.464049 Juliett: Yes
2024-10-14 18:16:36.464203 Delta: Yes
ChatterBot Foxtrot reevaluating
ChatterBot Romeo reevaluating
ChatterBot Juliett reevaluating
ChatterBot Delta reevaluating
ChatterBot Mike reevaluating
ChatterBot Foxtrot reevaluating
ChatterBot Romeo reevaluating
ChatterBot Juliett reevaluating
ChatterBot Delta reevaluating
ChatterBot Mike reevaluating
ChatterBot Romeo reevaluating
ChatterBot Juliett reevaluating
ChatterBot Delta reevaluating
ChatterBot Mike reevaluating
ChatterBot Foxtrot reevaluating
ChatterBot Juliett reevaluating
ChatterBot Delta reevaluating
ChatterBot Mike reevaluating
ChatterBot Foxtrot reevaluating
ChatterBot Romeo reevaluating
ChatterBot Delta reevaluating
ChatterBot Mike reevaluating
ChatterBot Foxtrot reevaluating
ChatterBot Romeo reevaluating
ChatterBot Juliett reevaluating
randomSelections Echo: {Echo, Mike, Romeo, Juliett, Sierra, Foxtrot} 
2024-10-14 18:16:36.578312 Echo: Let's form a team
ChatterBot Mike reevaluating
ChatterBot Romeo reevaluating
ChatterBot Juliett reevaluating
ChatterBot Sierra reevaluating
ChatterBot Foxtrot reevaluating
2024-10-14 18:16:36.589978 Mike: No
2024-10-14 18:16:36.590190 Romeo: No
2024-10-14 18:16:36.590374 Juliett: No
2024-10-14 18:16:36.591028 Sierra: No
2024-10-14 18:16:36.591184 Foxtrot: No
ChatterBot Romeo reevaluating
ChatterBot Juliett reevaluating
ChatterBot Sierra reevaluating
ChatterBot Foxtrot reevaluating
ChatterBot Mike reevaluating
ChatterBot Juliett reevaluating
ChatterBot Sierra reevaluating
ChatterBot Foxtrot reevaluating
ChatterBot Mike reevaluating
ChatterBot Romeo reevaluating
ChatterBot Sierra reevaluating
ChatterBot Foxtrot reevaluating
ChatterBot Mike reevaluating
ChatterBot Romeo reevaluating
ChatterBot Juliett reevaluating
ChatterBot Foxtrot reevaluating
ChatterBot Mike reevaluating
ChatterBot Romeo reevaluating
ChatterBot Juliett reevaluating
ChatterBot Sierra reevaluating
2024-10-14 18:16:36.669859 Delta: Oscar, Romeo and November, sending you 3
2024-10-14 18:16:36.676132 Delta: Juliett, sending you 1
2024-10-14 18:16:36.677381 Whiskey: Romeo and Sierra, sending you 1
2024-10-14 18:16:36.677785 Oscar: Juliett, sending you 2
2024-10-14 18:16:36.678183 Sierra: November and Mike, sending you 5
2024-10-14 18:16:36.678551 Juliett: Oscar, Romeo and November, sending you 1
2024-10-14 18:16:36.679849 Echo: Juliett, Romeo and Foxtrot, sending you 4
2024-10-14 18:16:36.680289 November: Romeo and Mike, sending you 2
2024-10-14 18:16:36.681501 Delta: Mike and Foxtrot, sending you 2
2024-10-14 18:16:36.681905 Mike: Romeo and November, sending you 2
2024-10-14 18:16:36.682242 Oscar: Romeo and Foxtrot, sending you 3
2024-10-14 18:16:36.683274 Whiskey: November, sending you 7
2024-10-14 18:16:36.683570 Sierra: Foxtrot, sending you 3
2024-10-14 18:16:36.683881 Juliett: Mike, sending you 2
2024-10-14 18:16:36.685358 Echo: Mike, sending you 3
2024-10-14 18:16:36.685713 Oscar: Mike and Delta, sending you 1
2024-10-14 18:16:36.686141 November: Foxtrot, sending you 1
2024-10-14 18:16:36.686482 Romeo: November, sending you 2
2024-10-14 18:16:36.687288 Whiskey: Mike and Foxtrot, sending you 3
2024-10-14 18:16:36.687684 Foxtrot: Romeo and November, sending you 1
2024-10-14 18:16:36.688031 Juliett: Delta, sending you 5
2024-10-14 18:16:36.694108 Echo: Sierra, sending you 1
2024-10-14 18:16:36.694525 November: Sierra, sending you 3
2024-10-14 18:16:36.694955 Romeo: Mike, sending you 6
2024-10-14 18:16:36.696036 Foxtrot: Mike and Whiskey, sending you 3
2024-10-14 18:16:36.699861 November: Whiskey, sending you 4
2024-10-14 18:16:36.700260 Foxtrot: Sierra, sending you 4
2024-10-14 18:16:36.701162 Romeo: Foxtrot, sending you 1
2024-10-14 18:16:36.705779 Romeo: Sierra, sending you 3
2024-10-14 18:16:36.710731 Romeo: Whiskey, sending you 4
chatterbot Oscar submitting transactions
chatterbot November submitting transactions
chatterbot Delta submitting transactions
chatterbot Whiskey submitting transactions
chatterbot Foxtrot submitting transactions
chatterbot Mike submitting transactions
chatterbot Romeo submitting transactions
chatterbot Echo submitting transactions
chatterbot Sierra submitting transactions
chatterbot Juliett submitting transactions
ChatterBot Oscar round 2
ChatterBot Juliett round 2
ChatterBot Romeo round 2
ChatterBot November round 2
ChatterBot Mike round 2
ChatterBot Foxtrot round 2
ChatterBot Echo round 2
ChatterBot Sierra round 2
ChatterBot Whiskey round 2
ChatterBot Delta round 2
2024-10-14 18:16:39.620993 Romeo: We should add Echo
ChatterBot November reevaluating
ChatterBot Foxtrot reevaluating
ChatterBot Whiskey reevaluating
ChatterBot Mike reevaluating
ChatterBot Sierra reevaluating
2024-10-14 18:16:39.654924 November: No
2024-10-14 18:16:39.655256 Foxtrot: Yes
2024-10-14 18:16:39.655379 Whiskey: Yes
2024-10-14 18:16:39.655710 Mike: No
2024-10-14 18:16:39.656824 Sierra: Yes
ChatterBot Foxtrot reevaluating
ChatterBot Whiskey reevaluating
ChatterBot Mike reevaluating
ChatterBot Sierra reevaluating
ChatterBot November reevaluating
ChatterBot Whiskey reevaluating
ChatterBot Mike reevaluating
ChatterBot Sierra reevaluating
ChatterBot November reevaluating
ChatterBot Foxtrot reevaluating
ChatterBot Mike reevaluating
ChatterBot Sierra reevaluating
ChatterBot November reevaluating
ChatterBot Foxtrot reevaluating
ChatterBot Whiskey reevaluating
ChatterBot Sierra reevaluating
ChatterBot November reevaluating
ChatterBot Foxtrot reevaluating
ChatterBot Whiskey reevaluating
ChatterBot Mike reevaluating
2024-10-14 18:16:39.814577 Oscar: Friends?
ChatterBot Juliett reevaluating
ChatterBot Delta reevaluating
ChatterBot Mike reevaluating
2024-10-14 18:16:39.829857 Juliett: No
2024-10-14 18:16:39.830033 Delta: No
2024-10-14 18:16:39.830183 Mike: No
ChatterBot Delta reevaluating
ChatterBot Mike reevaluating
ChatterBot Juliett reevaluating
ChatterBot Mike reevaluating
ChatterBot Oscar reevaluating
ChatterBot Juliett reevaluating
ChatterBot Delta reevaluating
2024-10-14 18:16:39.873691 Delta: We should group up
ChatterBot Juliett reevaluating
ChatterBot Oscar reevaluating
ChatterBot Echo reevaluating
2024-10-14 18:16:39.889301 Juliett: Yes
2024-10-14 18:16:39.889456 Oscar: Yes
2024-10-14 18:16:39.889559 Echo: Yes
ChatterBot Oscar reevaluating
ChatterBot Delta reevaluating
ChatterBot Echo reevaluating
ChatterBot Juliett reevaluating
ChatterBot Delta reevaluating
ChatterBot Echo reevaluating
ChatterBot Juliett reevaluating
ChatterBot Oscar reevaluating
ChatterBot Delta reevaluating
2024-10-14 18:16:39.972729 Romeo: Echo we want you to join our group
ChatterBot Echo reevaluating
2024-10-14 18:16:39.978819 Echo: No
ChatterBot Mike reevaluating
ChatterBot Foxtrot reevaluating
ChatterBot Sierra reevaluating
ChatterBot November reevaluating
ChatterBot Whiskey reevaluating
2024-10-14 18:16:40.265364 Foxtrot: Echo we want you to join our group
2024-10-14 18:16:40.270954 Echo: No
2024-10-14 18:16:40.302775 Sierra: Echo we want you to join our group
2024-10-14 18:16:40.308598 Echo: No
ChatterBot Whiskey reevaluating
2024-10-14 18:16:40.340331 Whiskey: We should replace Mike with Echo
2024-10-14 18:16:40.359731 Romeo: No
2024-10-14 18:16:40.359913 Foxtrot: No
2024-10-14 18:16:40.360388 Sierra: No
2024-10-14 18:16:40.360485 November: No
ChatterBot Whiskey reevaluating
ChatterBot Whiskey reevaluating
ChatterBot Whiskey reevaluating
ChatterBot Whiskey reevaluating
chatterbot Romeo submitting transactions
2024-10-14 18:16:40.501454 Delta: Oscar, sending you 4
2024-10-14 18:16:40.501772 Romeo: November and Mike, sending you 3
2024-10-14 18:16:40.502141 Mike: Romeo and Sierra, sending you 3
2024-10-14 18:16:40.502976 Oscar: Juliett, sending you 3
2024-10-14 18:16:40.503221 Juliett: Oscar and Delta, sending you 3
2024-10-14 18:16:40.503444 November: Romeo, Mike and Foxtrot, sending you 2
2024-10-14 18:16:40.504183 Echo: Oscar, sending you 6
chatterbot Sierra submitting transactions
2024-10-14 18:16:40.504750 Delta: Juliett, sending you 7
2024-10-14 18:16:40.530919 Mike: November, Foxtrot and Whiskey, sending you 2
2024-10-14 18:16:40.531394 Juliett: Echo, sending you 4
2024-10-14 18:16:40.531677 Romeo: Foxtrot, Sierra and Whiskey, sending you 2
2024-10-14 18:16:40.532576 November: Sierra and Whiskey, sending you 4
2024-10-14 18:16:40.532913 Oscar: Echo, sending you 2
2024-10-14 18:16:40.533202 Echo: Juliett and Delta, sending you 5
2024-10-14 18:16:40.533428 Sierra: Romeo, November and Foxtrot, sending you 3
2024-10-14 18:16:40.534352 Foxtrot: Romeo, November, Sierra and Whiskey, sending you 2
2024-10-14 18:16:40.534673 Delta: Echo, sending you 3
2024-10-14 18:16:40.548477 Oscar: Delta, sending you 5
2024-10-14 18:16:40.549192 Romeo: Echo, sending you 4
2024-10-14 18:16:40.549669 Sierra: Echo and Whiskey, sending you 2
2024-10-14 18:16:40.550384 Foxtrot: Mike, sending you 1
2024-10-14 18:16:40.550657 Whiskey: Romeo and November, sending you 4
chatterbot Mike submitting transactions
2024-10-14 18:16:40.565345 Foxtrot: Echo, sending you 3
2024-10-14 18:16:40.565812 Whiskey: Mike and Sierra, sending you 2
2024-10-14 18:16:40.579891 Whiskey: Foxtrot, sending you 3
chatterbot Juliett submitting transactions
chatterbot November submitting transactions
chatterbot Oscar submitting transactions
chatterbot Delta submitting transactions
chatterbot Echo submitting transactions
chatterbot Foxtrot submitting transactions
chatterbot Whiskey submitting transactions
ChatterBot Oscar round 3
ChatterBot Juliett round 3
ChatterBot Romeo round 3
ChatterBot November round 3
ChatterBot Mike round 3
ChatterBot Foxtrot round 3
ChatterBot Echo round 3
ChatterBot Sierra round 3
2024-10-14 18:16:41.673237 Oscar: We should add Foxtrot
ChatterBot Echo reevaluating
2024-10-14 18:16:41.683380 Juliett: No
2024-10-14 18:16:41.683528 Delta: No
2024-10-14 18:16:41.683668 Echo: No
ChatterBot Oscar reevaluating
ChatterBot Echo reevaluating
ChatterBot Oscar reevaluating
ChatterBot Echo reevaluating
ChatterBot Oscar reevaluating
ChatterBot Whiskey round 3
ChatterBot Delta round 3
2024-10-14 18:16:41.731216 Oscar: We should add Romeo
ChatterBot Delta reevaluating
ChatterBot Echo reevaluating
2024-10-14 18:16:41.740402 Juliett: No
2024-10-14 18:16:41.741093 Delta: Yes
2024-10-14 18:16:41.741215 Echo: No
ChatterBot Oscar reevaluating
ChatterBot Delta reevaluating
ChatterBot Echo reevaluating
ChatterBot Oscar reevaluating
ChatterBot Echo reevaluating
ChatterBot Oscar reevaluating
ChatterBot Delta reevaluating
2024-10-14 18:16:41.853372 Foxtrot: We should drop Echo
2024-10-14 18:16:41.868984 November: Yes
2024-10-14 18:16:41.870083 Romeo: No
2024-10-14 18:16:41.870720 Whiskey: Yes
2024-10-14 18:16:41.871075 Mike: Yes
2024-10-14 18:16:41.871269 Sierra: No
ChatterBot Romeo reevaluating
ChatterBot Romeo reevaluating
ChatterBot Romeo reevaluating
ChatterBot Romeo reevaluating
2024-10-14 18:16:41.942482 Delta: We should add Sierra
ChatterBot Oscar reevaluating
2024-10-14 18:16:41.951846 Juliett: No
2024-10-14 18:16:41.952177 Oscar: No
2024-10-14 18:16:41.952607 Echo: No
ChatterBot Oscar reevaluating
ChatterBot Delta reevaluating
ChatterBot Delta reevaluating
ChatterBot Oscar reevaluating
ChatterBot Delta reevaluating
2024-10-14 18:16:41.983805 Juliett: Oscar, sending you 2
2024-10-14 18:16:42.013573 Echo: Oscar and Delta, sending you 5
2024-10-14 18:16:42.014470 Sierra: Romeo, Mike, Foxtrot and Whiskey, sending you 2
2024-10-14 18:16:42.015073 Oscar: Mike we want you to join our group
2024-10-14 18:16:42.020893 Mike: No
ChatterBot Oscar reevaluating
ChatterBot Delta reevaluating
2024-10-14 18:16:42.042517 Delta: We should add Mike
ChatterBot Oscar reevaluating
2024-10-14 18:16:42.057710 Juliett: No
2024-10-14 18:16:42.057947 Oscar: Yes
2024-10-14 18:16:42.058497 Echo: No
ChatterBot Oscar reevaluating
ChatterBot Delta reevaluating
ChatterBot Delta reevaluating
ChatterBot Oscar reevaluating
ChatterBot Delta reevaluating
2024-10-14 18:16:42.105525 November: Romeo, Mike and Sierra, sending you 3
2024-10-14 18:16:42.107005 Mike: Romeo, sending you 4
2024-10-14 18:16:42.107512 Juliett: Echo and Delta, sending you 4
chatterbot Mike submitting transactions
2024-10-14 18:16:42.109080 Echo: Juliett, sending you 6
2024-10-14 18:16:42.109486 Sierra: November, sending you 4
chatterbot Sierra submitting transactions
2024-10-14 18:16:42.110730 November: Foxtrot, sending you 2
2024-10-14 18:16:42.111103 Mike: November, Foxtrot, Sierra and Whiskey, sending you 2
2024-10-14 18:16:42.124938 Foxtrot: Romeo, November and Mike, sending you 2
2024-10-14 18:16:42.125913 Whiskey: Romeo and Foxtrot, sending you 3
2024-10-14 18:16:42.126412 Sierra: Echo, sending you 1
2024-10-14 18:16:42.127342 Romeo: November, Foxtrot, Sierra and Whiskey, sending you 3
2024-10-14 18:16:42.128476 November: Whiskey, sending you 4
2024-10-14 18:16:42.129329 Delta: Foxtrot we want you to join our group
2024-10-14 18:16:42.134551 Foxtrot: No
2024-10-14 18:16:42.153187 Foxtrot: Sierra and Whiskey, sending you 3
2024-10-14 18:16:42.154301 Whiskey: November, sending you 5
2024-10-14 18:16:42.154866 Romeo: Mike, sending you 4
2024-10-14 18:16:42.157768 Whiskey: Mike and Sierra, sending you 2
2024-10-14 18:16:42.159170 Oscar: Juliett and Echo, sending you 3
2024-10-14 18:16:42.164751 Oscar: Delta, sending you 4
2024-10-14 18:16:42.178088 Delta: Oscar, Juliett and Echo, sending you 4
2024-10-14 18:16:42.182118 Delta: Foxtrot, sending you 2
chatterbot November submitting transactions
chatterbot Whiskey submitting transactions
chatterbot Romeo submitting transactions
chatterbot Foxtrot submitting transactions
chatterbot Juliett submitting transactions
chatterbot Echo submitting transactions
chatterbot Oscar submitting transactions
chatterbot Delta submitting transactions
ChatterBot Oscar round 4
ChatterBot Juliett round 4
ChatterBot Romeo round 4
ChatterBot November round 4
ChatterBot Mike round 4
ChatterBot Foxtrot round 4
ChatterBot Echo round 4
ChatterBot Sierra round 4
ChatterBot Whiskey round 4
ChatterBot Delta round 4
2024-10-14 18:16:43.342940 Oscar: We should add Sierra
ChatterBot Delta reevaluating
2024-10-14 18:16:43.351918 Juliett: No
2024-10-14 18:16:43.352103 Delta: No
2024-10-14 18:16:43.352234 Echo: No
ChatterBot Oscar reevaluating
ChatterBot Delta reevaluating
ChatterBot Oscar reevaluating
ChatterBot Oscar reevaluating
ChatterBot Delta reevaluating
2024-10-14 18:16:43.396092 Delta: We should replace Foxtrot with Sierra
ChatterBot Oscar reevaluating
2024-10-14 18:16:43.405148 Juliett: No
2024-10-14 18:16:43.405345 Oscar: No
2024-10-14 18:16:43.405445 Echo: No
ChatterBot Oscar reevaluating
ChatterBot Delta reevaluating
ChatterBot Delta reevaluating
ChatterBot Oscar reevaluating
ChatterBot Delta reevaluating
2024-10-14 18:16:43.425981 Sierra: We should drop Echo
2024-10-14 18:16:43.436288 November: Yes
2024-10-14 18:16:43.436484 Foxtrot: Yes
2024-10-14 18:16:43.436638 Romeo: Yes
2024-10-14 18:16:43.436757 Whiskey: Yes
2024-10-14 18:16:43.436888 Mike: Yes
2024-10-14 18:16:43.487675 Juliett: Oscar and Delta, sending you 3
2024-10-14 18:16:43.488685 November: Romeo, Mike and Sierra, sending you 3
2024-10-14 18:16:43.489713 Mike: Romeo, sending you 4
2024-10-14 18:16:43.490212 Romeo: November, Foxtrot, Sierra and Whiskey, sending you 3
2024-10-14 18:16:43.492782 Juliett: Echo, sending you 4
2024-10-14 18:16:43.494745 November: Foxtrot, sending you 2
2024-10-14 18:16:43.495786 Mike: November, Foxtrot, Sierra and Whiskey, sending you 2
2024-10-14 18:16:43.496439 Romeo: Mike, sending you 4
2024-10-14 18:16:43.498672 Foxtrot: Romeo, November and Mike, sending you 2
2024-10-14 18:16:43.500840 November: Whiskey, sending you 4
2024-10-14 18:16:43.502673 Delta: Oscar, Juliett and Echo, sending you 4
2024-10-14 18:16:43.503778 Foxtrot: Sierra and Whiskey, sending you 3
2024-10-14 18:16:43.504235 Whiskey: Romeo, Mike and Foxtrot, sending you 3
2024-10-14 18:16:43.506797 Delta: Foxtrot, sending you 2
2024-10-14 18:16:43.507690 Whiskey: November, sending you 4
2024-10-14 18:16:43.508658 Sierra: Romeo, November and Foxtrot, sending you 3
2024-10-14 18:16:43.509872 Echo: Oscar and Delta, sending you 5
2024-10-14 18:16:43.510227 Oscar: Juliett, sending you 2
2024-10-14 18:16:43.511679 Whiskey: Sierra, sending you 2
2024-10-14 18:16:43.512852 Sierra: Mike and Whiskey, sending you 2
2024-10-14 18:16:43.514655 Echo: Juliett, sending you 6
2024-10-14 18:16:43.515005 Oscar: Echo and Delta, sending you 4
chatterbot Sierra submitting transactions
chatterbot Foxtrot submitting transactions
chatterbot Mike submitting transactions
chatterbot Whiskey submitting transactions
chatterbot November submitting transactions
chatterbot Romeo submitting transactions
chatterbot Oscar submitting transactions
chatterbot Juliett submitting transactions
chatterbot Echo submitting transactions
chatterbot Delta submitting transactions
ChatterBot Oscar round 5
ChatterBot Juliett round 5
ChatterBot Romeo round 5
ChatterBot November round 5
ChatterBot Mike round 5
ChatterBot Foxtrot round 5
ChatterBot Echo round 5
ChatterBot Sierra round 5
ChatterBot Whiskey round 5
ChatterBot Delta round 5
2024-10-14 18:16:44.616694 Oscar: We should add Whiskey
ChatterBot Delta reevaluating
2024-10-14 18:16:44.629569 Juliett: No
2024-10-14 18:16:44.629822 Delta: No
2024-10-14 18:16:44.630030 Echo: No
ChatterBot Oscar reevaluating
ChatterBot Delta reevaluating
ChatterBot Oscar reevaluating
ChatterBot Oscar reevaluating
ChatterBot Delta reevaluating
2024-10-14 18:16:44.690359 Delta: We should replace Foxtrot with November
ChatterBot Oscar reevaluating
2024-10-14 18:16:44.697139 Juliett: No
2024-10-14 18:16:44.697280 Oscar: No
2024-10-14 18:16:44.697388 Echo: No
ChatterBot Oscar reevaluating
ChatterBot Delta reevaluating
ChatterBot Delta reevaluating
ChatterBot Oscar reevaluating
ChatterBot Delta reevaluating
2024-10-14 18:16:44.717583 Delta: We should replace Foxtrot with Mike
ChatterBot Oscar reevaluating
2024-10-14 18:16:44.723864 Juliett: No
2024-10-14 18:16:44.723997 Oscar: No
2024-10-14 18:16:44.724096 Echo: No
ChatterBot Oscar reevaluating
ChatterBot Delta reevaluating
ChatterBot Delta reevaluating
ChatterBot Oscar reevaluating
ChatterBot Delta reevaluating
2024-10-14 18:16:44.745668 Juliett: Oscar and Delta, sending you 3
2024-10-14 18:16:44.749665 Juliett: Echo, sending you 4
2024-10-14 18:16:44.753684 Mike: Romeo, sending you 4
2024-10-14 18:16:44.756678 Whiskey: Romeo, Mike and Foxtrot, sending you 3
2024-10-14 18:16:44.757860 November: Romeo, Mike and Sierra, sending you 3
2024-10-14 18:16:44.758326 Mike: November, Foxtrot, Sierra and Whiskey, sending you 2
2024-10-14 18:16:44.759674 Whiskey: November, sending you 4
2024-10-14 18:16:44.761980 Romeo: November, Foxtrot, Sierra and Whiskey, sending you 3
2024-10-14 18:16:44.762753 November: Foxtrot, sending you 2
2024-10-14 18:16:44.763216 Whiskey: Sierra, sending you 2
2024-10-14 18:16:44.763675 Echo: Oscar and Delta, sending you 5
2024-10-14 18:16:44.764669 Delta: Oscar, Juliett and Echo, sending you 4
2024-10-14 18:16:44.765691 Foxtrot: Romeo, November and Mike, sending you 2
2024-10-14 18:16:44.766290 November: Whiskey, sending you 4
2024-10-14 18:16:44.766834 Sierra: Romeo, November and Foxtrot, sending you 3
2024-10-14 18:16:44.767643 Romeo: Mike, sending you 4
2024-10-14 18:16:44.768666 Echo: Juliett, sending you 6
2024-10-14 18:16:44.769024 Delta: Foxtrot, sending you 2
2024-10-14 18:16:44.769736 Sierra: Mike and Whiskey, sending you 2
2024-10-14 18:16:44.770315 Oscar: Juliett and Delta, sending you 3
2024-10-14 18:16:44.770786 Foxtrot: Sierra and Whiskey, sending you 3
2024-10-14 18:16:44.775695 Oscar: Echo, sending you 4
chatterbot Delta submitting transactions
chatterbot Foxtrot submitting transactions
chatterbot Juliett submitting transactions
chatterbot Romeo submitting transactions
chatterbot Whiskey submitting transactions
chatterbot Sierra submitting transactions
chatterbot Echo submitting transactions
chatterbot Oscar submitting transactions
chatterbot Mike submitting transactions
chatterbot November submitting transactions
ChatterBot Oscar round 6
ChatterBot Juliett round 6
ChatterBot Romeo round 6
ChatterBot November round 6
ChatterBot Mike round 6
ChatterBot Foxtrot round 6
ChatterBot Echo round 6
ChatterBot Sierra round 6
ChatterBot Whiskey round 6
2024-10-14 18:16:45.940589 Oscar: We should add Sierra
ChatterBot Delta reevaluating
2024-10-14 18:16:45.948162 Juliett: No
2024-10-14 18:16:45.948322 Delta: Yes
2024-10-14 18:16:45.948449 Echo: No
ChatterBot Oscar reevaluating
ChatterBot Delta reevaluating
ChatterBot Oscar reevaluating
ChatterBot Oscar reevaluating
ChatterBot Delta reevaluating
ChatterBot Delta round 6
2024-10-14 18:16:45.989785 Delta: We should replace Foxtrot with November
ChatterBot Oscar reevaluating
2024-10-14 18:16:45.999314 Juliett: No
2024-10-14 18:16:45.999544 Oscar: No
2024-10-14 18:16:45.999733 Echo: No
ChatterBot Oscar reevaluating
ChatterBot Delta reevaluating
ChatterBot Delta reevaluating
ChatterBot Oscar reevaluating
ChatterBot Delta reevaluating
2024-10-14 18:16:46.052405 Delta: We should replace Foxtrot with Romeo
ChatterBot Oscar reevaluating
2024-10-14 18:16:46.088851 Juliett: No
2024-10-14 18:16:46.089218 Oscar: No
2024-10-14 18:16:46.089337 Echo: No
ChatterBot Oscar reevaluating
ChatterBot Delta reevaluating
ChatterBot Delta reevaluating
ChatterBot Oscar reevaluating
ChatterBot Delta reevaluating
2024-10-14 18:16:46.117672 Juliett: Oscar and Delta, sending you 3
2024-10-14 18:16:46.118678 Mike: Romeo, sending you 4
2024-10-14 18:16:46.122675 Juliett: Echo, sending you 4
2024-10-14 18:16:46.123932 Mike: November, Foxtrot, Sierra and Whiskey, sending you 2
2024-10-14 18:16:46.124636 Whiskey: Romeo, Mike and Foxtrot, sending you 3
2024-10-14 18:16:46.128667 Whiskey: November, sending you 4
2024-10-14 18:16:46.129778 Romeo: November, Foxtrot, Sierra and Whiskey, sending you 3
2024-10-14 18:16:46.131722 Sierra: Romeo, November and Foxtrot, sending you 3
2024-10-14 18:16:46.132758 Whiskey: Sierra, sending you 2
2024-10-14 18:16:46.134666 Romeo: Mike, sending you 4
2024-10-14 18:16:46.136167 November: Romeo, Mike and Sierra, sending you 3
2024-10-14 18:16:46.136916 Oscar: Juliett and Delta, sending you 3
2024-10-14 18:16:46.137405 Echo: Oscar and Delta, sending you 5
2024-10-14 18:16:46.138 Delta: Oscar, Juliett and Echo, sending you 4
2024-10-14 18:16:46.138535 Sierra: Mike and Whiskey, sending you 2
2024-10-14 18:16:46.139728 Foxtrot: Romeo, November and Mike, sending you 2
2024-10-14 18:16:46.140682 November: Foxtrot, sending you 2
2024-10-14 18:16:46.141507 Oscar: Echo, sending you 4
2024-10-14 18:16:46.142084 Echo: Juliett, sending you 6
2024-10-14 18:16:46.142599 Delta: Foxtrot, sending you 2
2024-10-14 18:16:46.143665 November: Whiskey, sending you 4
2024-10-14 18:16:46.144681 Foxtrot: Sierra and Whiskey, sending you 3
chatterbot Whiskey submitting transactions
chatterbot Romeo submitting transactions
chatterbot Foxtrot submitting transactions
chatterbot Oscar submitting transactions
chatterbot November submitting transactions
chatterbot Echo submitting transactions
chatterbot Delta submitting transactions
chatterbot Mike submitting transactions
chatterbot Juliett submitting transactions
chatterbot Sierra submitting transactions
ChatterBot Oscar round 7
ChatterBot Juliett round 7
ChatterBot Romeo round 7
ChatterBot November round 7
ChatterBot Mike round 7
ChatterBot Foxtrot round 7
2024-10-14 18:16:47.162883 Oscar: We should add November
ChatterBot Delta reevaluating
2024-10-14 18:16:47.173035 Juliett: No
2024-10-14 18:16:47.173232 Delta: No
2024-10-14 18:16:47.173401 Echo: No
ChatterBot Oscar reevaluating
ChatterBot Delta reevaluating
ChatterBot Oscar reevaluating
ChatterBot Oscar reevaluating
ChatterBot Delta reevaluating
ChatterBot Echo round 7
ChatterBot Sierra round 7
ChatterBot Whiskey round 7
ChatterBot Delta round 7
2024-10-14 18:16:47.215543 Delta: We should replace Foxtrot with Romeo
ChatterBot Oscar reevaluating
2024-10-14 18:16:47.220975 Juliett: No
2024-10-14 18:16:47.221117 Oscar: No
2024-10-14 18:16:47.221240 Echo: No
ChatterBot Oscar reevaluating
ChatterBot Delta reevaluating
ChatterBot Delta reevaluating
ChatterBot Oscar reevaluating
ChatterBot Delta reevaluating
2024-10-14 18:16:47.240229 Delta: We should replace Foxtrot with Sierra
ChatterBot Oscar reevaluating
2024-10-14 18:16:47.245219 Juliett: No
2024-10-14 18:16:47.245337 Oscar: No
2024-10-14 18:16:47.245429 Echo: No
ChatterBot Oscar reevaluating
ChatterBot Delta reevaluating
ChatterBot Delta reevaluating
ChatterBot Oscar reevaluating
ChatterBot Delta reevaluating
2024-10-14 18:16:47.271284 Delta: We should replace Foxtrot with Whiskey
ChatterBot Oscar reevaluating
2024-10-14 18:16:47.280022 Juliett: No
2024-10-14 18:16:47.280243 Oscar: No
2024-10-14 18:16:47.280410 Echo: No
ChatterBot Oscar reevaluating
ChatterBot Delta reevaluating
ChatterBot Delta reevaluating
ChatterBot Oscar reevaluating
ChatterBot Delta reevaluating
2024-10-14 18:16:47.306306 Mike: Romeo, sending you 4
2024-10-14 18:16:47.311782 Delta: Sierra we want you to join our group
2024-10-14 18:16:47.317880 Sierra: No
ChatterBot Delta reevaluating
ChatterBot Oscar reevaluating
2024-10-14 18:16:47.362599 Mike: November, Foxtrot, Sierra and Whiskey, sending you 2
2024-10-14 18:16:47.363407 November: Romeo, Mike and Sierra, sending you 3
2024-10-14 18:16:47.365003 Juliett: Oscar and Delta, sending you 3
2024-10-14 18:16:47.369383 Foxtrot: Romeo, November and Mike, sending you 2
2024-10-14 18:16:47.370139 Romeo: November, Foxtrot, Sierra and Whiskey, sending you 3
2024-10-14 18:16:47.371682 November: Foxtrot, sending you 2
2024-10-14 18:16:47.372341 Oscar: Sierra we want you to join our group
2024-10-14 18:16:47.384493 Sierra: No
ChatterBot Delta reevaluating
2024-10-14 18:16:47.417480 Juliett: Echo, sending you 4
2024-10-14 18:16:47.418757 Foxtrot: Sierra and Whiskey, sending you 3
2024-10-14 18:16:47.421382 Romeo: Mike, sending you 4
2024-10-14 18:16:47.423561 Echo: Oscar and Delta, sending you 5
2024-10-14 18:16:47.424374 Whiskey: Romeo, Mike and Foxtrot, sending you 3
2024-10-14 18:16:47.425253 November: Whiskey, sending you 4
2024-10-14 18:16:47.426818 Sierra: Romeo, November and Foxtrot, sending you 3
2024-10-14 18:16:47.427747 Echo: Juliett, sending you 6
2024-10-14 18:16:47.430113 Whiskey: November, sending you 4
2024-10-14 18:16:47.431992 Sierra: Mike and Whiskey, sending you 2
2024-10-14 18:16:47.436325 Whiskey: Sierra, sending you 2
2024-10-14 18:16:47.449677 Oscar: Juliett, Echo and Delta, sending you 3
2024-10-14 18:16:47.452665 Delta: Oscar, Juliett and Echo, sending you 4
2024-10-14 18:16:47.453308 Oscar: Sierra, sending you 1
2024-10-14 18:16:47.457674 Delta: Sierra, sending you 2
chatterbot Foxtrot submitting transactions
chatterbot Romeo submitting transactions
chatterbot Delta submitting transactions
chatterbot Juliett submitting transactions
chatterbot Echo submitting transactions
chatterbot November submitting transactions
chatterbot Mike submitting transactions
chatterbot Oscar submitting transactions
chatterbot Sierra submitting transactions
chatterbot Whiskey submitting transactions
ChatterBot Oscar round 8
ChatterBot Juliett round 8
ChatterBot Romeo round 8
ChatterBot November round 8
ChatterBot Mike round 8
ChatterBot Foxtrot round 8
ChatterBot Echo round 8
ChatterBot Sierra round 8
ChatterBot Whiskey round 8
ChatterBot Delta round 8
2024-10-14 18:16:48.426645 Sierra: Romeo, November and Foxtrot, sending you 3
2024-10-14 18:16:48.427604 Romeo: November, Foxtrot, Sierra and Whiskey, sending you 3
2024-10-14 18:16:48.429697 Mike: Romeo, sending you 4
2024-10-14 18:16:48.430328 Sierra: Mike and Whiskey, sending you 2
2024-10-14 18:16:48.430937 Juliett: Oscar and Delta, sending you 3
2024-10-14 18:16:48.431646 Romeo: Mike, sending you 4
2024-10-14 18:16:48.432705 Whiskey: Romeo, Mike and Foxtrot, sending you 3
2024-10-14 18:16:48.433821 Mike: November, Foxtrot, Sierra and Whiskey, sending you 2
2024-10-14 18:16:48.434357 Echo: Oscar and Delta, sending you 5
2024-10-14 18:16:48.434807 Juliett: Echo, sending you 4
2024-10-14 18:16:48.435680 November: Romeo, Mike and Sierra, sending you 3
2024-10-14 18:16:48.436682 Whiskey: November, sending you 4
2024-10-14 18:16:48.437669 Echo: Juliett, sending you 6
2024-10-14 18:16:48.438671 Foxtrot: Romeo, November and Mike, sending you 2
2024-10-14 18:16:48.439284 November: Foxtrot, sending you 2
2024-10-14 18:16:48.440158 Oscar: Juliett, Echo and Delta, sending you 3
2024-10-14 18:16:48.441680 Whiskey: Sierra, sending you 2
2024-10-14 18:16:48.442459 Foxtrot: Sierra and Whiskey, sending you 3
2024-10-14 18:16:48.443898 Oscar: Sierra, sending you 1
2024-10-14 18:16:48.444665 November: Whiskey, sending you 4
2024-10-14 18:16:48.447672 Delta: Oscar, Juliett and Echo, sending you 4
2024-10-14 18:16:48.450668 Delta: Sierra, sending you 2
chatterbot Foxtrot submitting transactions
chatterbot November submitting transactions
chatterbot Oscar submitting transactions
chatterbot Sierra submitting transactions
chatterbot Whiskey submitting transactions
chatterbot Juliett submitting transactions
chatterbot Romeo submitting transactions
chatterbot Delta submitting transactions
chatterbot Echo submitting transactions
chatterbot Mike submitting transactions
ChatterBot Oscar round 9
ChatterBot Juliett round 9
ChatterBot Romeo round 9
ChatterBot November round 9
ChatterBot Mike round 9
ChatterBot Foxtrot round 9
ChatterBot Echo round 9
ChatterBot Sierra round 9
ChatterBot Whiskey round 9
ChatterBot Delta round 9
2024-10-14 18:16:49.481595 Delta: We should replace Sierra with Foxtrot
ChatterBot Oscar reevaluating
2024-10-14 18:16:49.488313 Juliett: No
2024-10-14 18:16:49.488476 Oscar: Yes
2024-10-14 18:16:49.488593 Echo: No
ChatterBot Oscar reevaluating
ChatterBot Delta reevaluating
ChatterBot Oscar reevaluating
ChatterBot Delta reevaluating
2024-10-14 18:16:49.514561 Delta: We should replace Sierra with Whiskey
ChatterBot Oscar reevaluating
2024-10-14 18:16:49.520161 Juliett: No
2024-10-14 18:16:49.520309 Oscar: Yes
2024-10-14 18:16:49.520882 Echo: No
ChatterBot Oscar reevaluating
ChatterBot Delta reevaluating
ChatterBot Delta reevaluating
ChatterBot Oscar reevaluating
ChatterBot Delta reevaluating
2024-10-14 18:16:49.543676 Juliett: Oscar and Delta, sending you 3
2024-10-14 18:16:49.544630 Romeo: November, Foxtrot, Sierra and Whiskey, sending you 3
2024-10-14 18:16:49.545382 Whiskey: Romeo, Mike and Foxtrot, sending you 3
2024-10-14 18:16:49.546035 Echo: Oscar and Delta, sending you 5
2024-10-14 18:16:49.546505 Sierra: Romeo, November and Foxtrot, sending you 3
2024-10-14 18:16:49.547438 Foxtrot: Romeo, November and Mike, sending you 2
2024-10-14 18:16:49.548010 Mike: Romeo, sending you 4
2024-10-14 18:16:49.548550 November: Sending you each 3
2024-10-14 18:16:49.549195 Juliett: Echo, sending you 4
2024-10-14 18:16:49.550040 Romeo: Mike, sending you 4
2024-10-14 18:16:49.551248 Oscar: Whiskey we want you to join our group
2024-10-14 18:16:49.553753 Whiskey: No
ChatterBot Oscar reevaluating
ChatterBot Delta reevaluating
2024-10-14 18:16:49.562100 Whiskey: November, sending you 4
2024-10-14 18:16:49.562817 Echo: Juliett, sending you 6
2024-10-14 18:16:49.563309 Sierra: Mike and Whiskey, sending you 2
2024-10-14 18:16:49.564177 Foxtrot: Sierra and Whiskey, sending you 3
2024-10-14 18:16:49.564767 Mike: November, Foxtrot, Sierra and Whiskey, sending you 2
2024-10-14 18:16:49.566658 Whiskey: Sierra, sending you 2
2024-10-14 18:16:49.568685 Oscar: Foxtrot we want you to join our group
2024-10-14 18:16:49.571032 Foxtrot: No
ChatterBot Delta reevaluating
2024-10-14 18:16:49.580292 Delta: We should replace Sierra with Romeo
ChatterBot Oscar reevaluating
2024-10-14 18:16:49.585866 Juliett: No
2024-10-14 18:16:49.586026 Oscar: No
2024-10-14 18:16:49.586402 Echo: No
ChatterBot Oscar reevaluating
ChatterBot Delta reevaluating
ChatterBot Delta reevaluating
ChatterBot Oscar reevaluating
ChatterBot Delta reevaluating
2024-10-14 18:16:49.625654 Delta: Oscar, Juliett and Echo, sending you 4
2024-10-14 18:16:49.629662 Delta: Sierra, sending you 2
2024-10-14 18:16:49.634661 Oscar: Juliett, Echo and Delta, sending you 3
2024-10-14 18:16:49.639652 Oscar: Foxtrot, sending you 1
chatterbot Sierra submitting transactions
chatterbot Echo submitting transactions
chatterbot Mike submitting transactions
chatterbot Juliett submitting transactions
chatterbot Whiskey submitting transactions
chatterbot November submitting transactions
chatterbot Oscar submitting transactions
chatterbot Romeo submitting transactions
chatterbot Delta submitting transactions
chatterbot Foxtrot submitting transactions
ChatterBot Oscar round 10
ChatterBot Juliett round 10
ChatterBot Romeo round 10
ChatterBot November round 10
ChatterBot Mike round 10
ChatterBot Foxtrot round 10
2024-10-14 18:16:50.707164 Oscar: We should replace Foxtrot with Mike
2024-10-14 18:16:50.714199 Juliett: No
2024-10-14 18:16:50.714379 Delta: No
2024-10-14 18:16:50.714518 Echo: No
ChatterBot Oscar reevaluating
ChatterBot Oscar reevaluating
ChatterBot Echo round 10
ChatterBot Sierra round 10
ChatterBot Whiskey round 10
ChatterBot Delta round 10
2024-10-14 18:16:50.746210 Delta: We should replace Sierra with Romeo
ChatterBot Oscar reevaluating
2024-10-14 18:16:50.752175 Juliett: No
2024-10-14 18:16:50.752315 Oscar: No
2024-10-14 18:16:50.752426 Echo: No
ChatterBot Oscar reevaluating
ChatterBot Delta reevaluating
ChatterBot Delta reevaluating
ChatterBot Oscar reevaluating
ChatterBot Delta reevaluating
2024-10-14 18:16:50.779453 Delta: We should replace Sierra with Whiskey
ChatterBot Oscar reevaluating
2024-10-14 18:16:50.786177 Juliett: No
2024-10-14 18:16:50.786315 Oscar: No
2024-10-14 18:16:50.786430 Echo: No
ChatterBot Oscar reevaluating
ChatterBot Delta reevaluating
ChatterBot Delta reevaluating
ChatterBot Oscar reevaluating
ChatterBot Delta reevaluating
2024-10-14 18:16:50.807363 Romeo: November, Foxtrot, Sierra and Whiskey, sending you 3
2024-10-14 18:16:50.808142 Delta: We should replace Sierra with Mike
ChatterBot Oscar reevaluating
2024-10-14 18:16:50.814336 Juliett: No
2024-10-14 18:16:50.814827 Oscar: Yes
2024-10-14 18:16:50.814929 Echo: No
ChatterBot Oscar reevaluating
ChatterBot Delta reevaluating
ChatterBot Delta reevaluating
ChatterBot Oscar reevaluating
ChatterBot Delta reevaluating
2024-10-14 18:16:50.834962 Romeo: Mike, sending you 4
2024-10-14 18:16:50.838672 Delta: Whiskey we want you to join our group
2024-10-14 18:16:50.843217 Whiskey: No
ChatterBot Oscar reevaluating
ChatterBot Delta reevaluating
2024-10-14 18:16:50.853945 Juliett: Oscar and Delta, sending you 3
2024-10-14 18:16:50.854920 Mike: Romeo, sending you 4
2024-10-14 18:16:50.855588 November: Same as last round
2024-10-14 18:16:50.856239 Sierra: Romeo, November and Foxtrot, sending you 3
2024-10-14 18:16:50.857205 Echo: Oscar and Delta, sending you 5
2024-10-14 18:16:50.857745 Foxtrot: Romeo, November, Mike and Whiskey, sending you 2
2024-10-14 18:16:50.859328 Juliett: Echo, sending you 4
2024-10-14 18:16:50.859973 Mike: November, Foxtrot, Sierra and Whiskey, sending you 2
2024-10-14 18:16:50.860711 Sierra: Mike and Whiskey, sending you 2
2024-10-14 18:16:50.861967 Oscar: Mike we want you to join our group
2024-10-14 18:16:50.865139 Mike: No
ChatterBot Oscar reevaluating
ChatterBot Delta reevaluating
2024-10-14 18:16:50.876810 Delta: We should replace Sierra with Foxtrot
ChatterBot Oscar reevaluating
2024-10-14 18:16:50.884749 Juliett: No
2024-10-14 18:16:50.884948 Oscar: No
2024-10-14 18:16:50.885359 Echo: No
ChatterBot Oscar reevaluating
ChatterBot Delta reevaluating
ChatterBot Delta reevaluating
ChatterBot Oscar reevaluating
ChatterBot Delta reevaluating
2024-10-14 18:16:50.906419 Echo: Juliett, sending you 6
2024-10-14 18:16:50.907298 Foxtrot: Sierra, sending you 4
2024-10-14 18:16:50.907944 Whiskey: Sending you each 3
2024-10-14 18:16:50.914680 Delta: Foxtrot we want you to join our group
2024-10-14 18:16:50.918069 Foxtrot: No
ChatterBot Delta reevaluating
ChatterBot Oscar reevaluating
2024-10-14 18:16:50.932991 Delta: Mike we want you to join our group
2024-10-14 18:16:50.935960 Mike: No
ChatterBot Oscar reevaluating
ChatterBot Delta reevaluating
2024-10-14 18:16:50.975669 Oscar: Juliett, Echo and Delta, sending you 3
2024-10-14 18:16:50.980694 Oscar: Foxtrot, sending you 1
2024-10-14 18:16:50.982682 Delta: Oscar, Juliett and Echo, sending you 4
2024-10-14 18:16:50.987652 Delta: Whiskey, sending you 2
chatterbot Sierra submitting transactions
chatterbot Juliett submitting transactions
chatterbot Mike submitting transactions
chatterbot Romeo submitting transactions
chatterbot Whiskey submitting transactions
chatterbot Foxtrot submitting transactions
chatterbot Echo submitting transactions
chatterbot November submitting transactions
chatterbot Delta submitting transactions
chatterbot Oscar submitting transactions
ChatterBot Oscar round 11
ChatterBot Juliett round 11
ChatterBot Romeo round 11
ChatterBot November round 11
ChatterBot Mike round 11
ChatterBot Foxtrot round 11
ChatterBot Echo round 11
ChatterBot Sierra round 11
ChatterBot Whiskey round 11
ChatterBot Delta round 11
2024-10-14 18:16:52.183930 Delta: We should replace Whiskey with Mike
2024-10-14 18:16:52.194764 Juliett: No
2024-10-14 18:16:52.195048 Oscar: No
2024-10-14 18:16:52.195270 Echo: No
ChatterBot Delta reevaluating
ChatterBot Delta reevaluating
ChatterBot Delta reevaluating
2024-10-14 18:16:52.217809 Delta: We should replace Whiskey with November
2024-10-14 18:16:52.224514 Juliett: No
2024-10-14 18:16:52.224675 Oscar: No
2024-10-14 18:16:52.224798 Echo: No
ChatterBot Oscar reevaluating
ChatterBot Delta reevaluating
ChatterBot Delta reevaluating
ChatterBot Oscar reevaluating
ChatterBot Delta reevaluating
2024-10-14 18:16:52.251644 Mike: Romeo, sending you 4
2024-10-14 18:16:52.252634 Foxtrot: Romeo, November, Mike and Whiskey, sending you 2
2024-10-14 18:16:52.254068 Juliett: Oscar and Delta, sending you 3
2024-10-14 18:16:52.254887 Romeo: November, Foxtrot, Sierra and Whiskey, sending you 3
2024-10-14 18:16:52.255655 Delta: We should replace Whiskey with Sierra
ChatterBot Oscar reevaluating
2024-10-14 18:16:52.267610 Juliett: No
2024-10-14 18:16:52.267815 Oscar: No
