ChatterBot Bravo round 1
ChatterBot November round 1
ChatterBot Golf round 1
ChatterBot Mike round 1
ChatterBot Foxtrot round 1
ChatterBot Papa round 1
ChatterBot Juliett round 1
ChatterBot Sierra round 1
ChatterBot Quebec round 1
ChatterBot Hotel round 1
randomSelections Bravo: {Bravo, Mike, Papa, Quebec, Sierra, Juliett, Foxtrot, Golf} 
2024-10-14 18:16:35.962694 Bravo: Friends?
ChatterBot Mike reevaluating
ChatterBot Papa reevaluating
ChatterBot Quebec reevaluating
ChatterBot Sierra reevaluating
ChatterBot Juliett reevaluating
ChatterBot Foxtrot reevaluating
ChatterBot Golf reevaluating
2024-10-14 18:16:36.059546 Mike: Yes
2024-10-14 18:16:36.059845 Papa: Yes
2024-10-14 18:16:36.060098 Quebec: Yes
2024-10-14 18:16:36.060907 Sierra: Yes
2024-10-14 18:16:36.061140 Juliett: Yes
2024-10-14 18:16:36.061342 Foxtrot: Yes
2024-10-14 18:16:36.061580 Golf: Yes
ChatterBot Papa reevaluating
ChatterBot Quebec reevaluating
ChatterBot Sierra reevaluating
ChatterBot Juliett reevaluating
ChatterBot Foxtrot reevaluating
ChatterBot Golf reevaluating
ChatterBot Mike reevaluating
ChatterBot Quebec reevaluating
ChatterBot Sierra reevaluating
ChatterBot Juliett reevaluating
ChatterBot Foxtrot reevaluating
ChatterBot Golf reevaluating
ChatterBot Mike reevaluating
ChatterBot Papa reevaluating
ChatterBot Sierra reevaluating
ChatterBot Juliett reevaluating
ChatterBot Foxtrot reevaluating
ChatterBot Golf reevaluating
ChatterBot Mike reevaluating
ChatterBot Papa reevaluating
ChatterBot Quebec reevaluating
ChatterBot Juliett reevaluating
ChatterBot Foxtrot reevaluating
ChatterBot Golf reevaluating
ChatterBot Mike reevaluating
ChatterBot Papa reevaluating
ChatterBot Quebec reevaluating
ChatterBot Sierra reevaluating
ChatterBot Foxtrot reevaluating
ChatterBot Golf reevaluating
ChatterBot Mike reevaluating
ChatterBot Papa reevaluating
ChatterBot Quebec reevaluating
ChatterBot Sierra reevaluating
ChatterBot Juliett reevaluating
ChatterBot Golf reevaluating
ChatterBot Mike reevaluating
ChatterBot Papa reevaluating
ChatterBot Quebec reevaluating
ChatterBot Sierra reevaluating
ChatterBot Juliett reevaluating
ChatterBot Foxtrot reevaluating
randomSelections November: {November, Papa, Quebec, Hotel, Mike, Foxtrot} 
2024-10-14 18:16:36.190228 November: We should group up
ChatterBot Papa reevaluating
ChatterBot Quebec reevaluating
ChatterBot Hotel reevaluating
ChatterBot Mike reevaluating
ChatterBot Foxtrot reevaluating
2024-10-14 18:16:36.201076 Papa: No
2024-10-14 18:16:36.201711 Quebec: No
2024-10-14 18:16:36.201851 Hotel: Yes
2024-10-14 18:16:36.201972 Mike: No
2024-10-14 18:16:36.202120 Foxtrot: No
ChatterBot Quebec reevaluating
ChatterBot Hotel reevaluating
ChatterBot Mike reevaluating
ChatterBot Foxtrot reevaluating
ChatterBot Papa reevaluating
ChatterBot Hotel reevaluating
ChatterBot Mike reevaluating
ChatterBot Foxtrot reevaluating
ChatterBot Papa reevaluating
ChatterBot Quebec reevaluating
ChatterBot Mike reevaluating
ChatterBot Foxtrot reevaluating
ChatterBot Papa reevaluating
ChatterBot Quebec reevaluating
ChatterBot Hotel reevaluating
ChatterBot Foxtrot reevaluating
ChatterBot Papa reevaluating
ChatterBot Quebec reevaluating
ChatterBot Hotel reevaluating
ChatterBot Mike reevaluating
2024-10-14 18:16:36.292832 Mike: Golf, sending you 2
2024-10-14 18:16:36.293744 Foxtrot: Bravo and Golf, sending you 3
2024-10-14 18:16:36.298001 Hotel: November and Mike, sending you 4
2024-10-14 18:16:36.298571 Mike: Foxtrot, Juliett, Sierra and Quebec, sending you 1
2024-10-14 18:16:36.301443 Bravo: Golf and Foxtrot, sending you 1
2024-10-14 18:16:36.301874 Sierra: Bravo, sending you 6
2024-10-14 18:16:36.302196 Papa: Bravo, sending you 5
2024-10-14 18:16:36.306817 Golf: Bravo and Quebec, sending you 1
2024-10-14 18:16:36.307234 Foxtrot: Mike and Papa, sending you 2
2024-10-14 18:16:36.307622 November: Mike, sending you 3
2024-10-14 18:16:36.308906 Hotel: Foxtrot and Quebec, sending you 1
2024-10-14 18:16:36.309325 Bravo: Mike, sending you 3
2024-10-14 18:16:36.309776 Sierra: Mike, Foxtrot and Papa, sending you 2
2024-10-14 18:16:36.310285 Foxtrot: Juliett and Sierra, sending you 1
2024-10-14 18:16:36.312387 Papa: Golf, sending you 1
2024-10-14 18:16:36.312821 Golf: Mike and Papa, sending you 2
2024-10-14 18:16:36.317958 November: Foxtrot, sending you 4
2024-10-14 18:16:36.318415 Juliett: Bravo and Golf, sending you 3
2024-10-14 18:16:36.318888 Quebec: Bravo and Juliett, sending you 3
2024-10-14 18:16:36.320919 Hotel: Papa, sending you 7
2024-10-14 18:16:36.321244 Bravo: Papa, sending you 4
2024-10-14 18:16:36.321903 Sierra: Juliett, sending you 3
2024-10-14 18:16:36.322240 Foxtrot: Quebec, sending you 4
2024-10-14 18:16:36.324339 Papa: Mike, sending you 4
2024-10-14 18:16:36.324742 Golf: Foxtrot, Juliett and Sierra, sending you 3
2024-10-14 18:16:36.325200 November: Papa, sending you 2
2024-10-14 18:16:36.329761 Juliett: Foxtrot and Papa, sending you 1
2024-10-14 18:16:36.330142 Quebec: Golf and Foxtrot, sending you 2
2024-10-14 18:16:36.330671 Sierra: Quebec, sending you 1
2024-10-14 18:16:36.332693 Bravo: Sierra, sending you 2
2024-10-14 18:16:36.333096 Papa: Foxtrot, sending you 3
2024-10-14 18:16:36.335045 Juliett: Sierra, sending you 2
2024-10-14 18:16:36.335492 November: Quebec, sending you 5
2024-10-14 18:16:36.335803 Quebec: Mike and Papa, sending you 1
2024-10-14 18:16:36.337870 Papa: Juliett, sending you 7
2024-10-14 18:16:36.342814 Bravo: Quebec, sending you 5
2024-10-14 18:16:36.343851 Juliett: Quebec, sending you 4
2024-10-14 18:16:36.344433 November: Hotel, sending you 1
2024-10-14 18:16:36.344753 Quebec: Sierra, sending you 4
chatterbot November submitting transactions
chatterbot Hotel submitting transactions
chatterbot Papa submitting transactions
chatterbot Bravo submitting transactions
chatterbot Quebec submitting transactions
chatterbot Mike submitting transactions
chatterbot Golf submitting transactions
chatterbot Foxtrot submitting transactions
chatterbot Juliett submitting transactions
chatterbot Sierra submitting transactions
ChatterBot Bravo round 2
ChatterBot November round 2
ChatterBot Golf round 2
ChatterBot Mike round 2
ChatterBot Foxtrot round 2
2024-10-14 18:16:37.488875 Foxtrot: We should add November and Hotel
ChatterBot Bravo reevaluating
ChatterBot Mike reevaluating
ChatterBot Papa reevaluating
ChatterBot Quebec reevaluating
ChatterBot Sierra reevaluating
ChatterBot Juliett reevaluating
2024-10-14 18:16:37.571417 Bravo: No
2024-10-14 18:16:37.571691 Mike: Yes
2024-10-14 18:16:37.571853 Papa: No
2024-10-14 18:16:37.572032 Quebec: No
2024-10-14 18:16:37.572182 Sierra: No
2024-10-14 18:16:37.572717 Juliett: No
2024-10-14 18:16:37.572883 Golf: No
ChatterBot Mike reevaluating
ChatterBot Papa reevaluating
ChatterBot Quebec reevaluating
ChatterBot Sierra reevaluating
ChatterBot Juliett reevaluating
ChatterBot Foxtrot reevaluating
ChatterBot Bravo reevaluating
ChatterBot Papa reevaluating
ChatterBot Quebec reevaluating
ChatterBot Sierra reevaluating
ChatterBot Juliett reevaluating
ChatterBot Foxtrot reevaluating
ChatterBot Bravo reevaluating
ChatterBot Mike reevaluating
ChatterBot Quebec reevaluating
ChatterBot Sierra reevaluating
ChatterBot Juliett reevaluating
ChatterBot Foxtrot reevaluating
ChatterBot Bravo reevaluating
ChatterBot Mike reevaluating
ChatterBot Papa reevaluating
ChatterBot Sierra reevaluating
ChatterBot Juliett reevaluating
ChatterBot Foxtrot reevaluating
ChatterBot Bravo reevaluating
ChatterBot Mike reevaluating
ChatterBot Papa reevaluating
ChatterBot Quebec reevaluating
ChatterBot Juliett reevaluating
ChatterBot Foxtrot reevaluating
ChatterBot Bravo reevaluating
ChatterBot Mike reevaluating
ChatterBot Papa reevaluating
ChatterBot Quebec reevaluating
ChatterBot Sierra reevaluating
ChatterBot Foxtrot reevaluating
ChatterBot Bravo reevaluating
ChatterBot Mike reevaluating
ChatterBot Papa reevaluating
ChatterBot Quebec reevaluating
ChatterBot Sierra reevaluating
ChatterBot Juliett reevaluating
ChatterBot Foxtrot reevaluating
ChatterBot Papa round 2
ChatterBot Juliett round 2
ChatterBot Sierra round 2
2024-10-14 18:16:38.222213 November: Friends?
ChatterBot Mike reevaluating
ChatterBot Hotel reevaluating
2024-10-14 18:16:38.247081 Mike: Yes
2024-10-14 18:16:38.247333 Hotel: No
ChatterBot Hotel reevaluating
ChatterBot Mike reevaluating
2024-10-14 18:16:38.281199 Hotel: We would work well together
2024-10-14 18:16:38.284702 November: Yes
ChatterBot Hotel reevaluating
ChatterBot Quebec round 2
ChatterBot Hotel round 2
2024-10-14 18:16:38.317195 Papa: We should replace Mike with Hotel
ChatterBot Bravo reevaluating
ChatterBot Golf reevaluating
ChatterBot Foxtrot reevaluating
ChatterBot Sierra reevaluating
ChatterBot Quebec reevaluating
2024-10-14 18:16:38.346433 Bravo: No
2024-10-14 18:16:38.347046 Golf: No
2024-10-14 18:16:38.347227 Foxtrot: No
2024-10-14 18:16:38.347405 Juliett: No
2024-10-14 18:16:38.347545 Sierra: No
2024-10-14 18:16:38.347691 Quebec: No
ChatterBot Golf reevaluating
ChatterBot Foxtrot reevaluating
ChatterBot Sierra reevaluating
ChatterBot Quebec reevaluating
ChatterBot Bravo reevaluating
ChatterBot Foxtrot reevaluating
ChatterBot Sierra reevaluating
ChatterBot Quebec reevaluating
ChatterBot Bravo reevaluating
ChatterBot Golf reevaluating
ChatterBot Sierra reevaluating
ChatterBot Quebec reevaluating
ChatterBot Bravo reevaluating
ChatterBot Golf reevaluating
ChatterBot Foxtrot reevaluating
ChatterBot Sierra reevaluating
ChatterBot Quebec reevaluating
ChatterBot Papa reevaluating
ChatterBot Bravo reevaluating
ChatterBot Golf reevaluating
ChatterBot Foxtrot reevaluating
ChatterBot Quebec reevaluating
ChatterBot Papa reevaluating
ChatterBot Bravo reevaluating
ChatterBot Golf reevaluating
ChatterBot Foxtrot reevaluating
ChatterBot Sierra reevaluating
2024-10-14 18:16:38.532234 Mike: November and Hotel we want you to join our group
ChatterBot November reevaluating
ChatterBot Hotel reevaluating
2024-10-14 18:16:38.540321 November: No
2024-10-14 18:16:38.540498 Hotel: No
ChatterBot Mike reevaluating
ChatterBot Hotel reevaluating
ChatterBot Golf reevaluating
ChatterBot Foxtrot reevaluating
ChatterBot Sierra reevaluating
ChatterBot Quebec reevaluating
ChatterBot Mike reevaluating
ChatterBot November reevaluating
ChatterBot Golf reevaluating
ChatterBot Foxtrot reevaluating
ChatterBot Sierra reevaluating
ChatterBot Quebec reevaluating
2024-10-14 18:16:38.610818 Juliett: We should drop Mike
ChatterBot Papa reevaluating
ChatterBot Golf reevaluating
ChatterBot Foxtrot reevaluating
ChatterBot Sierra reevaluating
ChatterBot Quebec reevaluating
2024-10-14 18:16:38.632591 Papa: Yes
2024-10-14 18:16:38.632707 Bravo: Yes
2024-10-14 18:16:38.632800 Golf: Yes
2024-10-14 18:16:38.632888 Foxtrot: Yes
2024-10-14 18:16:38.632976 Sierra: No
2024-10-14 18:16:38.633065 Quebec: Yes
ChatterBot Golf reevaluating
ChatterBot Foxtrot reevaluating
ChatterBot Sierra reevaluating
ChatterBot Quebec reevaluating
ChatterBot Papa reevaluating
ChatterBot Golf reevaluating
ChatterBot Foxtrot reevaluating
ChatterBot Sierra reevaluating
ChatterBot Quebec reevaluating
ChatterBot Papa reevaluating
ChatterBot Foxtrot reevaluating
ChatterBot Sierra reevaluating
ChatterBot Quebec reevaluating
ChatterBot Papa reevaluating
ChatterBot Golf reevaluating
ChatterBot Sierra reevaluating
ChatterBot Quebec reevaluating
ChatterBot Papa reevaluating
ChatterBot Golf reevaluating
ChatterBot Foxtrot reevaluating
ChatterBot Quebec reevaluating
ChatterBot Papa reevaluating
ChatterBot Golf reevaluating
ChatterBot Foxtrot reevaluating
ChatterBot Sierra reevaluating
chatterbot Golf submitting transactions
2024-10-14 18:16:39.393639 Papa: Hotel we want you to join our group
ChatterBot Hotel reevaluating
2024-10-14 18:16:39.398302 Hotel: No
ChatterBot Papa reevaluating
chatterbot Juliett submitting transactions
2024-10-14 18:16:39.945317 Juliett: Bravo, sending you 1
2024-10-14 18:16:39.946072 Mike: Sending you each 8
2024-10-14 18:16:39.946324 November: Sending you 15
chatterbot Mike submitting transactions
chatterbot Golf submitting transactions
chatterbot Bravo submitting transactions
chatterbot Quebec submitting transactions
chatterbot Foxtrot submitting transactions
chatterbot Sierra submitting transactions
2024-10-14 18:16:40.154077 Bravo: Golf, sending you 1
2024-10-14 18:16:40.155194 Juliett: Golf, Foxtrot, Sierra and Quebec, sending you 2
2024-10-14 18:16:40.156379 Quebec: Bravo, sending you 4
2024-10-14 18:16:40.157075 Golf: Bravo, Papa and Sierra, sending you 2
2024-10-14 18:16:40.158437 Sierra: Bravo, Golf, Juliett and Quebec, sending you 3
2024-10-14 18:16:40.322910 Bravo: Foxtrot, Papa, Juliett, Sierra and Quebec, sending you 3
2024-10-14 18:16:40.323813 Quebec: Golf, Papa and Sierra, sending you 2
2024-10-14 18:16:40.324121 Juliett: Papa, sending you 5
2024-10-14 18:16:40.324883 Golf: Foxtrot, Juliett and Quebec, sending you 3
2024-10-14 18:16:40.325220 Sierra: Foxtrot and Papa, sending you 2
2024-10-14 18:16:40.325506 Hotel: Sending you 11
2024-10-14 18:16:40.325698 Foxtrot: Bravo and Juliett, sending you 2
2024-10-14 18:16:40.456306 Quebec: Foxtrot and Juliett, sending you 3
2024-10-14 18:16:40.457245 Papa: Bravo, Golf, Foxtrot and Sierra, sending you 3
2024-10-14 18:16:40.457569 Foxtrot: Golf, Papa, Sierra and Quebec, sending you 3
2024-10-14 18:16:40.505019 Papa: Juliett and Quebec, sending you 2
chatterbot November submitting transactions
2024-10-14 18:16:40.534894 Papa: Hotel, sending you 4
chatterbot Papa submitting transactions
chatterbot Hotel submitting transactions
ChatterBot Bravo round 3
ChatterBot November round 3
ChatterBot Golf round 3
ChatterBot Mike round 3
ChatterBot Foxtrot round 3
ChatterBot Papa round 3
ChatterBot Juliett round 3
ChatterBot Sierra round 3
2024-10-14 18:16:40.834861 November: We should add Mike
ChatterBot Hotel reevaluating
2024-10-14 18:16:40.839351 Hotel: Yes
2024-10-14 18:16:40.842622 Hotel: We should add Mike and Papa
2024-10-14 18:16:40.846049 November: No
ChatterBot Hotel reevaluating
2024-10-14 18:16:40.849896 Hotel: We would work well together
2024-10-14 18:16:40.875450 Mike: No
2024-10-14 18:16:40.875683 November: No
2024-10-14 18:16:40.875834 Bravo: No
2024-10-14 18:16:40.876394 Golf: No
2024-10-14 18:16:40.876527 Foxtrot: No
2024-10-14 18:16:40.876648 Papa: No
2024-10-14 18:16:40.876762 Juliett: No
2024-10-14 18:16:40.876877 Sierra: No
2024-10-14 18:16:40.876992 Quebec: No
ChatterBot Hotel reevaluating
ChatterBot Papa reevaluating
ChatterBot Hotel reevaluating
ChatterBot Papa reevaluating
ChatterBot Hotel reevaluating
ChatterBot Papa reevaluating
ChatterBot Hotel reevaluating
ChatterBot Papa reevaluating
ChatterBot Hotel reevaluating
ChatterBot Papa reevaluating
ChatterBot Hotel reevaluating
ChatterBot Hotel reevaluating
ChatterBot Papa reevaluating
ChatterBot Hotel reevaluating
ChatterBot Papa reevaluating
ChatterBot Hotel reevaluating
ChatterBot Papa reevaluating
ChatterBot Quebec round 3
ChatterBot Hotel round 3
2024-10-14 18:16:41.169073 November: Mike we want you to join our group
2024-10-14 18:16:41.194323 Mike: Yes
ChatterBot Hotel reevaluating
2024-10-14 18:16:41.254741 Hotel: We should add Mike and Papa
2024-10-14 18:16:41.260285 November: No
ChatterBot Hotel reevaluating
2024-10-14 18:16:41.340676 Bravo: Golf, Foxtrot and Juliett, sending you 2
2024-10-14 18:16:41.342265 Golf: Bravo, sending you 1
2024-10-14 18:16:41.485808 Bravo: Papa and Quebec, sending you 3
2024-10-14 18:16:41.486818 November: Sending you each 8
2024-10-14 18:16:41.487096 Quebec: Bravo, sending you 4
2024-10-14 18:16:41.487403 Juliett: Bravo, Golf, Foxtrot, Sierra and Quebec, sending you 2
2024-10-14 18:16:41.488357 Golf: Foxtrot, Papa, Juliett and Quebec, sending you 3
2024-10-14 18:16:41.488759 Papa: Bravo, Golf, Foxtrot, Juliett, Sierra and Hotel, sending you 3
2024-10-14 18:16:41.489064 Sierra: Bravo, Golf, Foxtrot, Juliett and Quebec, sending you 3
2024-10-14 18:16:41.489895 Foxtrot: Bravo, Golf, Papa and Quebec, sending you 3
2024-10-14 18:16:41.490206 Mike: Same as last round
2024-10-14 18:16:41.490463 Bravo: Sierra, sending you 4
2024-10-14 18:16:41.553989 Quebec: Golf, Papa and Sierra, sending you 2
2024-10-14 18:16:41.555093 Juliett: Papa, sending you 4
2024-10-14 18:16:41.555429 Golf: Sierra, sending you 2
2024-10-14 18:16:41.556286 Papa: Quebec, sending you 2
2024-10-14 18:16:41.556739 Foxtrot: Juliett and Sierra, sending you 2
2024-10-14 18:16:41.557118 Sierra: Papa, sending you 1
chatterbot November submitting transactions
chatterbot Juliett submitting transactions
2024-10-14 18:16:41.608437 Quebec: Foxtrot and Juliett, sending you 3
2024-10-14 18:16:41.609004 Hotel: November, sending you 9
2024-10-14 18:16:41.672510 Hotel: Mike, sending you 8
chatterbot Hotel submitting transactions
chatterbot Papa submitting transactions
chatterbot Quebec submitting transactions
chatterbot Bravo submitting transactions
chatterbot Sierra submitting transactions
chatterbot Golf submitting transactions
chatterbot Mike submitting transactions
chatterbot Foxtrot submitting transactions
ChatterBot Bravo round 4
ChatterBot November round 4
ChatterBot Golf round 4
ChatterBot Mike round 4
ChatterBot Foxtrot round 4
ChatterBot Papa round 4
ChatterBot Juliett round 4
ChatterBot Sierra round 4
ChatterBot Quebec round 4
ChatterBot Hotel round 4
2024-10-14 18:16:42.553197 Hotel: We should add Papa
2024-10-14 18:16:42.562138 November: No
2024-10-14 18:16:42.562389 Mike: No
ChatterBot Hotel reevaluating
ChatterBot Hotel reevaluating
2024-10-14 18:16:42.596238 Papa: We should drop Hotel
2024-10-14 18:16:42.614001 Bravo: Yes
2024-10-14 18:16:42.615192 Golf: Yes
2024-10-14 18:16:42.615554 Foxtrot: Yes
2024-10-14 18:16:42.615899 Juliett: Yes
2024-10-14 18:16:42.617162 Sierra: Yes
2024-10-14 18:16:42.617434 Quebec: Yes
2024-10-14 18:16:42.725325 Bravo: Golf and Juliett, sending you 2
2024-10-14 18:16:42.733914 Foxtrot: Bravo, Golf, Papa, Sierra and Quebec, sending you 3
2024-10-14 18:16:42.734986 November: Same as last round
2024-10-14 18:16:42.735279 Bravo: Foxtrot, Papa, Sierra and Quebec, sending you 3
2024-10-14 18:16:42.736332 Juliett: Bravo, Golf, Foxtrot, Sierra and Quebec, sending you 2
2024-10-14 18:16:42.736769 Golf: Bravo, Sierra and Quebec, sending you 2
2024-10-14 18:16:42.738059 Quebec: Bravo, Golf, Foxtrot, Juliett and Sierra, sending you 3
2024-10-14 18:16:42.738525 Foxtrot: Juliett, sending you 1
2024-10-14 18:16:42.748336 Juliett: Papa, sending you 4
2024-10-14 18:16:42.748885 Quebec: Papa, sending you 1
2024-10-14 18:16:42.749715 Golf: Foxtrot, Papa and Juliett, sending you 3
2024-10-14 18:16:42.750091 Sierra: Bravo, Golf, Foxtrot, Papa and Quebec, sending you 3
2024-10-14 18:16:42.750969 Hotel: November, sending you 9
2024-10-14 18:16:42.755996 Sierra: Juliett, sending you 1
2024-10-14 18:16:42.756856 Hotel: Mike, sending you 8
2024-10-14 18:16:42.757087 Mike: Same as last round
2024-10-14 18:16:42.757279 Papa: Bravo and Juliett, sending you 4
2024-10-14 18:16:42.768383 Papa: Golf, Foxtrot, Sierra and Quebec, sending you 3
chatterbot Bravo submitting transactions
chatterbot Sierra submitting transactions
chatterbot Juliett submitting transactions
chatterbot Golf submitting transactions
chatterbot Foxtrot submitting transactions
chatterbot Quebec submitting transactions
chatterbot Mike submitting transactions
chatterbot Papa submitting transactions
chatterbot November submitting transactions
chatterbot Hotel submitting transactions
ChatterBot Bravo round 5
ChatterBot November round 5
ChatterBot Golf round 5
ChatterBot Mike round 5
ChatterBot Foxtrot round 5
ChatterBot Papa round 5
ChatterBot Juliett round 5
ChatterBot Sierra round 5
ChatterBot Quebec round 5
ChatterBot Hotel round 5
2024-10-14 18:16:43.846895 Hotel: We should add Sierra
2024-10-14 18:16:43.852595 November: No
2024-10-14 18:16:43.853240 Mike: No
ChatterBot Hotel reevaluating
ChatterBot Hotel reevaluating
2024-10-14 18:16:43.893689 Quebec: Bravo, Foxtrot, Juliett and Sierra, sending you 3
2024-10-14 18:16:43.895169 Juliett: Bravo, Golf, Foxtrot and Sierra, sending you 2
2024-10-14 18:16:43.897674 Mike: Same as last round
2024-10-14 18:16:43.898082 November: Mike, sending you 8
2024-10-14 18:16:43.899686 Quebec: Golf and Papa, sending you 2
2024-10-14 18:16:43.900663 Juliett: Papa and Quebec, sending you 3
2024-10-14 18:16:43.901587 Golf: Bravo, sending you 1
2024-10-14 18:16:43.902350 Foxtrot: Bravo, Golf, Papa, Sierra and Quebec, sending you 3
2024-10-14 18:16:43.902844 November: Hotel, sending you 9
2024-10-14 18:16:43.903765 Bravo: Golf and Juliett, sending you 2
2024-10-14 18:16:43.904724 Papa: Bravo and Juliett, sending you 4
2024-10-14 18:16:43.905370 Golf: Foxtrot, Papa, Sierra and Quebec, sending you 3
2024-10-14 18:16:43.906390 Foxtrot: Juliett, sending you 1
2024-10-14 18:16:43.907026 Sierra: Bravo, Foxtrot, Papa, Juliett and Quebec, sending you 3
2024-10-14 18:16:43.907527 Bravo: Foxtrot, Papa, Sierra and Quebec, sending you 3
2024-10-14 18:16:43.908675 Hotel: November, sending you 9
2024-10-14 18:16:43.908992 Golf: Juliett, sending you 2
2024-10-14 18:16:43.909712 Papa: Golf, Foxtrot, Sierra and Quebec, sending you 3
2024-10-14 18:16:43.911022 Sierra: Golf, sending you 1
2024-10-14 18:16:43.913689 Hotel: Mike, sending you 8
chatterbot November submitting transactions
chatterbot Juliett submitting transactions
chatterbot Papa submitting transactions
chatterbot Golf submitting transactions
chatterbot Foxtrot submitting transactions
chatterbot Hotel submitting transactions
chatterbot Mike submitting transactions
chatterbot Sierra submitting transactions
chatterbot Quebec submitting transactions
chatterbot Bravo submitting transactions
ChatterBot Bravo round 6
ChatterBot November round 6
ChatterBot Golf round 6
ChatterBot Mike round 6
ChatterBot Foxtrot round 6
ChatterBot Papa round 6
ChatterBot Juliett round 6
ChatterBot Sierra round 6
ChatterBot Quebec round 6
ChatterBot Hotel round 6
2024-10-14 18:16:44.873687 November: Mike, sending you 8
2024-10-14 18:16:44.875665 Golf: Bravo, Juliett, Sierra and Quebec, sending you 2
2024-10-14 18:16:44.876675 Mike: Same as last round
2024-10-14 18:16:44.877690 November: Hotel, sending you 9
2024-10-14 18:16:44.878684 Quebec: Bravo, Golf, Foxtrot, Juliett and Sierra, sending you 3
2024-10-14 18:16:44.879513 Golf: Foxtrot, sending you 4
2024-10-14 18:16:44.882127 Hotel: November, sending you 9
2024-10-14 18:16:44.882684 Quebec: Papa, sending you 1
2024-10-14 18:16:44.884684 Sierra: Bravo, Golf, Foxtrot, Papa and Quebec, sending you 3
2024-10-14 18:16:44.885690 Hotel: Mike, sending you 8
2024-10-14 18:16:44.886704 Golf: Papa, sending you 3
2024-10-14 18:16:44.887456 Papa: Bravo and Juliett, sending you 4
2024-10-14 18:16:44.888620 Bravo: Golf and Juliett, sending you 2
2024-10-14 18:16:44.889326 Foxtrot: Bravo, Golf, Papa, Sierra and Quebec, sending you 3
2024-10-14 18:16:44.890490 Juliett: Bravo, Golf, Foxtrot and Sierra, sending you 2
2024-10-14 18:16:44.891217 Sierra: Juliett, sending you 1
2024-10-14 18:16:44.892167 Papa: Golf, Foxtrot, Sierra and Quebec, sending you 3
2024-10-14 18:16:44.892756 Bravo: Foxtrot, Papa, Sierra and Quebec, sending you 3
2024-10-14 18:16:44.893674 Foxtrot: Juliett, sending you 1
2024-10-14 18:16:44.894379 Juliett: Papa and Quebec, sending you 3
chatterbot Bravo submitting transactions
chatterbot Juliett submitting transactions
chatterbot Hotel submitting transactions
chatterbot Sierra submitting transactions
chatterbot Quebec submitting transactions
chatterbot Golf submitting transactions
chatterbot Foxtrot submitting transactions
chatterbot Papa submitting transactions
chatterbot Mike submitting transactions
chatterbot November submitting transactions
ChatterBot Bravo round 7
ChatterBot November round 7
ChatterBot Golf round 7
ChatterBot Mike round 7
ChatterBot Foxtrot round 7
ChatterBot Papa round 7
ChatterBot Juliett round 7
ChatterBot Sierra round 7
ChatterBot Quebec round 7
ChatterBot Hotel round 7
2024-10-14 18:16:45.752670 Foxtrot: Bravo, Golf, Papa, Sierra and Quebec, sending you 3
2024-10-14 18:16:45.754767 Papa: Bravo and Juliett, sending you 4
2024-10-14 18:16:45.755408 Bravo: Golf and Juliett, sending you 2
2024-10-14 18:16:45.756111 Mike: Same as last round
2024-10-14 18:16:45.756526 Golf: Bravo, Juliett and Sierra, sending you 2
2024-10-14 18:16:45.757879 Foxtrot: Juliett, sending you 1
2024-10-14 18:16:45.759666 Papa: Golf, Foxtrot, Sierra and Quebec, sending you 3
2024-10-14 18:16:45.760431 Bravo: Foxtrot, Papa, Sierra and Quebec, sending you 3
2024-10-14 18:16:45.761222 Golf: Foxtrot, Papa and Quebec, sending you 3
2024-10-14 18:16:45.762503 Sierra: Bravo, Golf, Foxtrot, Papa and Quebec, sending you 3
2024-10-14 18:16:45.765652 Juliett: Bravo, Golf, Foxtrot and Sierra, sending you 2
2024-10-14 18:16:45.766177 Quebec: Bravo, Foxtrot, Papa, Juliett and Sierra, sending you 3
2024-10-14 18:16:45.767683 Sierra: Juliett, sending you 1
2024-10-14 18:16:45.769670 November: Mike, sending you 8
2024-10-14 18:16:45.770701 Juliett: Papa and Quebec, sending you 3
2024-10-14 18:16:45.772002 Quebec: Golf, sending you 1
2024-10-14 18:16:45.773258 November: Hotel, sending you 9
2024-10-14 18:16:45.774665 Hotel: November, sending you 9
2024-10-14 18:16:45.778678 Hotel: Mike, sending you 8
chatterbot Juliett submitting transactions
chatterbot Golf submitting transactions
chatterbot Mike submitting transactions
chatterbot Sierra submitting transactions
chatterbot Papa submitting transactions
chatterbot November submitting transactions
chatterbot Bravo submitting transactions
chatterbot Foxtrot submitting transactions
chatterbot Hotel submitting transactions
chatterbot Quebec submitting transactions
ChatterBot Bravo round 8
ChatterBot November round 8
ChatterBot Golf round 8
ChatterBot Mike round 8
ChatterBot Foxtrot round 8
ChatterBot Papa round 8
ChatterBot Juliett round 8
ChatterBot Sierra round 8
ChatterBot Quebec round 8
ChatterBot Hotel round 8
2024-10-14 18:16:46.936712 Bravo: Golf and Juliett, sending you 2
2024-10-14 18:16:46.938259 Golf: Bravo, Juliett and Quebec, sending you 2
2024-10-14 18:16:46.939151 November: Mike, sending you 8
2024-10-14 18:16:46.939930 Hotel: November, sending you 9
2024-10-14 18:16:46.940705 Bravo: Foxtrot, Papa, Sierra and Quebec, sending you 3
2024-10-14 18:16:46.941939 Foxtrot: Bravo, Golf, Papa, Sierra and Quebec, sending you 3
2024-10-14 18:16:46.942893 Golf: Foxtrot, Papa and Sierra, sending you 3
2024-10-14 18:16:46.944790 Quebec: Bravo, Foxtrot, Papa, Juliett and Sierra, sending you 3
2024-10-14 18:16:46.945743 November: Hotel, sending you 9
2024-10-14 18:16:46.946121 Sierra: Bravo, Golf, Foxtrot, Papa and Quebec, sending you 3
2024-10-14 18:16:46.947307 Papa: Bravo, Golf, Foxtrot, Sierra and Quebec, sending you 3
2024-10-14 18:16:46.948151 Hotel: Mike, sending you 8
2024-10-14 18:16:46.948510 Juliett: Bravo, Golf, Foxtrot and Sierra, sending you 2
2024-10-14 18:16:46.949766 Foxtrot: Juliett, sending you 1
2024-10-14 18:16:46.950752 Mike: Same as last round
2024-10-14 18:16:46.951426 Quebec: Golf, sending you 1
2024-10-14 18:16:46.952243 Sierra: Juliett, sending you 1
2024-10-14 18:16:46.953052 Papa: Juliett, sending you 5
2024-10-14 18:16:46.954719 Juliett: Papa and Quebec, sending you 3
chatterbot Juliett submitting transactions
chatterbot Quebec submitting transactions
chatterbot Bravo submitting transactions
chatterbot Hotel submitting transactions
chatterbot Papa submitting transactions
chatterbot Golf submitting transactions
chatterbot Mike submitting transactions
chatterbot Foxtrot submitting transactions
chatterbot November submitting transactions
chatterbot Sierra submitting transactions
ChatterBot Bravo round 9
ChatterBot November round 9
ChatterBot Golf round 9
ChatterBot Mike round 9
ChatterBot Foxtrot round 9
ChatterBot Papa round 9
ChatterBot Juliett round 9
ChatterBot Sierra round 9
ChatterBot Quebec round 9
ChatterBot Hotel round 9
2024-10-14 18:16:48.067668 Golf: Bravo, Juliett and Quebec, sending you 2
2024-10-14 18:16:48.068903 Papa: Bravo and Juliett, sending you 4
2024-10-14 18:16:48.070678 Mike: Same as last round
2024-10-14 18:16:48.072662 November: Mike, sending you 8
2024-10-14 18:16:48.073524 Golf: Foxtrot, Papa and Sierra, sending you 3
2024-10-14 18:16:48.074454 Bravo: Golf and Juliett, sending you 2
2024-10-14 18:16:48.075167 Papa: Golf, Foxtrot, Sierra and Quebec, sending you 3
2024-10-14 18:16:48.077653 November: Hotel, sending you 9
2024-10-14 18:16:48.079666 Bravo: Foxtrot, Papa, Sierra and Quebec, sending you 3
2024-10-14 18:16:48.080376 Hotel: November, sending you 9
2024-10-14 18:16:48.080754 Quebec: Bravo, Foxtrot, Papa, Juliett and Sierra, sending you 3
2024-10-14 18:16:48.081440 Foxtrot: Bravo, Golf, Papa, Sierra and Quebec, sending you 3
2024-10-14 18:16:48.084703 Hotel: Mike, sending you 8
2024-10-14 18:16:48.085112 Juliett: Bravo, Golf, Foxtrot and Sierra, sending you 2
2024-10-14 18:16:48.086815 Quebec: Golf, sending you 1
2024-10-14 18:16:48.087677 Foxtrot: Juliett, sending you 1
2024-10-14 18:16:48.088873 Sierra: Bravo, Golf, Foxtrot, Papa and Quebec, sending you 3
2024-10-14 18:16:48.091667 Juliett: Papa and Quebec, sending you 3
2024-10-14 18:16:48.093684 Sierra: Juliett, sending you 1
chatterbot Bravo submitting transactions
chatterbot Foxtrot submitting transactions
chatterbot Papa submitting transactions
chatterbot Juliett submitting transactions
chatterbot Mike submitting transactions
chatterbot Sierra submitting transactions
chatterbot Golf submitting transactions
chatterbot November submitting transactions
chatterbot Hotel submitting transactions
chatterbot Quebec submitting transactions
ChatterBot Bravo round 10
ChatterBot November round 10
ChatterBot Golf round 10
ChatterBot Mike round 10
ChatterBot Foxtrot round 10
ChatterBot Papa round 10
ChatterBot Juliett round 10
ChatterBot Sierra round 10
ChatterBot Quebec round 10
ChatterBot Hotel round 10
2024-10-14 18:16:49.237662 Golf: Bravo, Juliett and Quebec, sending you 2
2024-10-14 18:16:49.240920 Papa: Bravo and Juliett, sending you 4
2024-10-14 18:16:49.241822 Bravo: Golf and Juliett, sending you 2
2024-10-14 18:16:49.242696 Golf: Foxtrot, Papa and Sierra, sending you 3
2024-10-14 18:16:49.243418 Sierra: Bravo, Golf, Foxtrot, Papa and Quebec, sending you 3
2024-10-14 18:16:49.244343 Juliett: Bravo, Golf, Foxtrot and Sierra, sending you 2
2024-10-14 18:16:49.245276 Papa: Golf, Foxtrot, Sierra and Quebec, sending you 3
2024-10-14 18:16:49.246236 Mike: Same as last round
2024-10-14 18:16:49.247666 Bravo: Foxtrot, Papa, Sierra and Quebec, sending you 3
2024-10-14 18:16:49.248449 Hotel: November, sending you 9
2024-10-14 18:16:49.248789 Juliett: Papa and Quebec, sending you 3
2024-10-14 18:16:49.249594 Sierra: Juliett, sending you 1
2024-10-14 18:16:49.250513 Quebec: Bravo, Foxtrot, Papa, Juliett and Sierra, sending you 3
2024-10-14 18:16:49.252192 November: Mike, sending you 8
2024-10-14 18:16:49.252653 Foxtrot: Bravo, Golf, Papa, Sierra and Quebec, sending you 3
2024-10-14 18:16:49.253601 Hotel: Mike, sending you 8
2024-10-14 18:16:49.254013 Quebec: Golf, sending you 1
2024-10-14 18:16:49.256690 Foxtrot: Juliett, sending you 1
2024-10-14 18:16:49.257670 November: Hotel, sending you 9
chatterbot Papa submitting transactions
chatterbot Juliett submitting transactions
chatterbot Sierra submitting transactions
chatterbot Quebec submitting transactions
chatterbot Golf submitting transactions
chatterbot Foxtrot submitting transactions
chatterbot Mike submitting transactions
chatterbot November submitting transactions
chatterbot Bravo submitting transactions
chatterbot Hotel submitting transactions
ChatterBot Bravo round 11
ChatterBot November round 11
ChatterBot Golf round 11
ChatterBot Mike round 11
ChatterBot Foxtrot round 11
ChatterBot Papa round 11
ChatterBot Juliett round 11
ChatterBot Sierra round 11
ChatterBot Quebec round 11
ChatterBot Hotel round 11
2024-10-14 18:16:50.482180 Hotel: We should add Golf
2024-10-14 18:16:50.486191 November: No
2024-10-14 18:16:50.486334 Mike: No
ChatterBot Hotel reevaluating
ChatterBot Hotel reevaluating
2024-10-14 18:16:50.498647 Bravo: Golf and Juliett, sending you 2
2024-10-14 18:16:50.500660 Mike: Same as last round
2024-10-14 18:16:50.501105 Golf: Bravo, Juliett and Quebec, sending you 2
2024-10-14 18:16:50.502758 Bravo: Foxtrot, Papa, Sierra and Quebec, sending you 3
2024-10-14 18:16:50.506974 Golf: Foxtrot, Papa and Sierra, sending you 3
2024-10-14 18:16:50.509681 Juliett: Bravo, Golf, Foxtrot and Sierra, sending you 2
2024-10-14 18:16:50.510999 Papa: Bravo and Foxtrot, sending you 4
2024-10-14 18:16:50.512008 Foxtrot: Bravo, Golf, Papa, Sierra and Quebec, sending you 3
2024-10-14 18:16:50.513658 Juliett: Papa and Quebec, sending you 3
2024-10-14 18:16:50.514873 Quebec: Bravo, Foxtrot, Papa, Juliett and Sierra, sending you 3
2024-10-14 18:16:50.515622 Papa: Golf, Juliett, Sierra and Quebec, sending you 3
2024-10-14 18:16:50.516376 Sierra: Bravo, Golf, Foxtrot, Papa and Quebec, sending you 3
2024-10-14 18:16:50.517104 Foxtrot: Juliett, sending you 1
2024-10-14 18:16:50.518267 Hotel: November, sending you 9
2024-10-14 18:16:50.518703 November: Mike, sending you 8
2024-10-14 18:16:50.519160 Quebec: Golf, sending you 1
2024-10-14 18:16:50.520750 Sierra: Juliett, sending you 1
2024-10-14 18:16:50.521958 November: Hotel, sending you 9
2024-10-14 18:16:50.523650 Hotel: Mike, sending you 8
chatterbot Foxtrot submitting transactions
chatterbot Golf submitting transactions
chatterbot Mike submitting transactions
chatterbot Hotel submitting transactions
chatterbot Quebec submitting transactions
chatterbot Bravo submitting transactions
chatterbot Papa submitting transactions
chatterbot Juliett submitting transactions
chatterbot November submitting transactions
chatterbot Sierra submitting transactions
ChatterBot Bravo round 12
ChatterBot November round 12
ChatterBot Golf round 12
ChatterBot Mike round 12
ChatterBot Foxtrot round 12
ChatterBot Papa round 12
ChatterBot Juliett round 12
ChatterBot Sierra round 12
ChatterBot Quebec round 12
ChatterBot Hotel round 12
2024-10-14 18:16:51.802716 Juliett: Bravo, Golf, Foxtrot and Sierra, sending you 2
2024-10-14 18:16:51.804996 Foxtrot: Bravo, Golf, Papa, Sierra and Quebec, sending you 3
2024-10-14 18:16:51.806442 Mike: Same as last round
2024-10-14 18:16:51.807149 Papa: Bravo and Foxtrot, sending you 4
2024-10-14 18:16:51.809358 November: Mike, sending you 8
2024-10-14 18:16:51.809958 Golf: Bravo, Juliett and Quebec, sending you 2
2024-10-14 18:16:51.811291 Quebec: Bravo, Foxtrot, Papa, Juliett and Sierra, sending you 3
2024-10-14 18:16:51.813487 Juliett: Papa and Quebec, sending you 3
2024-10-14 18:16:51.815241 Foxtrot: Juliett, sending you 1
2024-10-14 18:16:51.817049 Papa: Golf, Juliett, Sierra and Quebec, sending you 3
2024-10-14 18:16:51.819106 Bravo: Golf and Juliett, sending you 2
2024-10-14 18:16:51.821295 November: Hotel, sending you 9
2024-10-14 18:16:51.826059 Golf: Foxtrot, Papa and Sierra, sending you 3
2024-10-14 18:16:51.830075 Sierra: Bravo, Golf, Foxtrot, Papa and Quebec, sending you 3
2024-10-14 18:16:51.832494 Quebec: Golf, sending you 1
2024-10-14 18:16:51.834948 Hotel: November, sending you 9
2024-10-14 18:16:51.835742 Bravo: Foxtrot, Papa, Sierra and Quebec, sending you 3
2024-10-14 18:16:51.839022 Sierra: Juliett, sending you 1
2024-10-14 18:16:51.841349 Hotel: Mike, sending you 8
chatterbot Mike submitting transactions
chatterbot Golf submitting transactions
chatterbot Juliett submitting transactions
chatterbot Sierra submitting transactions
chatterbot Quebec submitting transactions
chatterbot Foxtrot submitting transactions
chatterbot Bravo submitting transactions
chatterbot November submitting transactions
chatterbot Papa submitting transactions
chatterbot Hotel submitting transactions
ChatterBot Bravo round 13
ChatterBot November round 13
ChatterBot Golf round 13
ChatterBot Mike round 13
ChatterBot Foxtrot round 13
ChatterBot Papa round 13
ChatterBot Juliett round 13
ChatterBot Sierra round 13
ChatterBot Quebec round 13
ChatterBot Hotel round 13
2024-10-14 18:16:53.078054 Mike: Same as last round
2024-10-14 18:16:53.084685 Bravo: Golf and Juliett, sending you 2
2024-10-14 18:16:53.086022 November: Mike, sending you 8
2024-10-14 18:16:53.087346 Papa: Bravo and Foxtrot, sending you 4
2024-10-14 18:16:53.088531 Golf: Bravo, Juliett and Quebec, sending you 2
2024-10-14 18:16:53.092679 Juliett: Bravo, Golf, Foxtrot and Sierra, sending you 2
2024-10-14 18:16:53.094957 Sierra: Bravo, Golf, Foxtrot, Papa and Quebec, sending you 3
2024-10-14 18:16:53.096569 Bravo: Foxtrot, Papa, Sierra and Quebec, sending you 3
2024-10-14 18:16:53.102328 November: Hotel, sending you 9
2024-10-14 18:16:53.103847 Papa: Golf, Juliett, Sierra and Quebec, sending you 3
2024-10-14 18:16:53.105165 Foxtrot: Bravo, Golf, Papa, Sierra and Quebec, sending you 3
2024-10-14 18:16:53.109780 Golf: Foxtrot, Papa and Sierra, sending you 3
2024-10-14 18:16:53.111426 Juliett: Papa and Quebec, sending you 3
2024-10-14 18:16:53.113725 Sierra: Juliett, sending you 1
2024-10-14 18:16:53.119600 Quebec: Bravo, Foxtrot, Papa, Juliett and Sierra, sending you 3
2024-10-14 18:16:53.121006 Hotel: November, sending you 9
2024-10-14 18:16:53.122543 Foxtrot: Juliett, sending you 1
2024-10-14 18:16:53.124976 Quebec: Golf, sending you 1
2024-10-14 18:16:53.128360 Hotel: Mike, sending you 8
chatterbot Golf submitting transactions
chatterbot Hotel submitting transactions
chatterbot Foxtrot submitting transactions
chatterbot November submitting transactions
chatterbot Juliett submitting transactions
chatterbot Mike submitting transactions
chatterbot Bravo submitting transactions
chatterbot Papa submitting transactions
chatterbot Sierra submitting transactions
chatterbot Quebec submitting transactions
ChatterBot Bravo round 14
ChatterBot November round 14
ChatterBot Golf round 14
ChatterBot Mike round 14
ChatterBot Foxtrot round 14
ChatterBot Papa round 14
ChatterBot Juliett round 14
ChatterBot Sierra round 14
ChatterBot Quebec round 14
ChatterBot Hotel round 14
2024-10-14 18:16:54.352669 November: Mike, sending you 8
2024-10-14 18:16:54.355670 November: Hotel, sending you 9
2024-10-14 18:16:54.358673 Sierra: Bravo, Golf, Foxtrot, Papa and Quebec, sending you 3
2024-10-14 18:16:54.361815 Bravo: Golf and Juliett, sending you 2
2024-10-14 18:16:54.363330 Quebec: Bravo, Foxtrot, Papa, Juliett and Sierra, sending you 3
2024-10-14 18:16:54.365066 Sierra: Juliett, sending you 1
2024-10-14 18:16:54.366934 Foxtrot: Bravo, Golf, Papa, Sierra and Quebec, sending you 3
2024-10-14 18:16:54.368754 Mike: Same as last round
2024-10-14 18:16:54.369195 Bravo: Foxtrot, Papa, Sierra and Quebec, sending you 3
2024-10-14 18:16:54.370843 Quebec: Golf, sending you 1
2024-10-14 18:16:54.371773 Hotel: November, sending you 9
2024-10-14 18:16:54.372664 Papa: Bravo and Foxtrot, sending you 4
2024-10-14 18:16:54.373975 Foxtrot: Juliett, sending you 1
2024-10-14 18:16:54.375340 Juliett: Bravo, Golf, Foxtrot and Sierra, sending you 2
2024-10-14 18:16:54.376760 Golf: Bravo, Juliett and Quebec, sending you 2
2024-10-14 18:16:54.377943 Hotel: Mike, sending you 8
2024-10-14 18:16:54.378926 Papa: Golf, Juliett, Sierra and Quebec, sending you 3
2024-10-14 18:16:54.380950 Juliett: Papa and Quebec, sending you 3
2024-10-14 18:16:54.381961 Golf: Foxtrot, Papa and Sierra, sending you 3
chatterbot Juliett submitting transactions
chatterbot Bravo submitting transactions
chatterbot Hotel submitting transactions
chatterbot Sierra submitting transactions
chatterbot Mike submitting transactions
chatterbot Papa submitting transactions
chatterbot Golf submitting transactions
chatterbot Foxtrot submitting transactions
chatterbot November submitting transactions
chatterbot Quebec submitting transactions
ChatterBot Bravo round 15
ChatterBot November round 15
ChatterBot Golf round 15
ChatterBot Mike round 15
ChatterBot Foxtrot round 15
ChatterBot Papa round 15
ChatterBot Juliett round 15
ChatterBot Sierra round 15
ChatterBot Quebec round 15
ChatterBot Hotel round 15
