ChatterBot Sierra round 1
ChatterBot Kilo round 1
ChatterBot India round 1
ChatterBot Yankee round 1
ChatterBot Oscar round 1
ChatterBot Lima round 1
ChatterBot X-ray round 1
ChatterBot Tango round 1
ChatterBot Bravo round 1
ChatterBot November round 1
randomSelections Sierra: {Sierra, Bravo, India, X-ray, Yankee, November} 
2024-10-14 18:16:36.580339 Sierra: We would work well together
ChatterBot Bravo reevaluating
ChatterBot India reevaluating
ChatterBot X-ray reevaluating
ChatterBot Yankee reevaluating
ChatterBot November reevaluating
2024-10-14 18:16:36.591095 Bravo: Yes
2024-10-14 18:16:36.591235 India: Yes
2024-10-14 18:16:36.591358 X-ray: Yes
2024-10-14 18:16:36.591475 Yankee: Yes
2024-10-14 18:16:36.591578 November: Yes
ChatterBot India reevaluating
ChatterBot X-ray reevaluating
ChatterBot Yankee reevaluating
ChatterBot November reevaluating
ChatterBot Bravo reevaluating
ChatterBot X-ray reevaluating
ChatterBot Yankee reevaluating
ChatterBot November reevaluating
ChatterBot Bravo reevaluating
ChatterBot India reevaluating
ChatterBot Yankee reevaluating
ChatterBot November reevaluating
ChatterBot Bravo reevaluating
ChatterBot India reevaluating
ChatterBot X-ray reevaluating
ChatterBot November reevaluating
ChatterBot Bravo reevaluating
ChatterBot India reevaluating
ChatterBot X-ray reevaluating
ChatterBot Yankee reevaluating
randomSelections Oscar: {Oscar, Bravo, Lima, Tango, X-ray, India} 
2024-10-14 18:16:36.642785 Oscar: Friends?
ChatterBot Bravo reevaluating
ChatterBot Lima reevaluating
ChatterBot Tango reevaluating
ChatterBot X-ray reevaluating
ChatterBot India reevaluating
2024-10-14 18:16:36.651574 Bravo: No
2024-10-14 18:16:36.651778 Lima: Yes
2024-10-14 18:16:36.651958 Tango: Yes
2024-10-14 18:16:36.652127 X-ray: No
2024-10-14 18:16:36.652822 India: No
ChatterBot Lima reevaluating
ChatterBot Tango reevaluating
ChatterBot X-ray reevaluating
ChatterBot India reevaluating
ChatterBot Bravo reevaluating
ChatterBot Tango reevaluating
ChatterBot X-ray reevaluating
ChatterBot India reevaluating
ChatterBot Bravo reevaluating
ChatterBot Lima reevaluating
ChatterBot X-ray reevaluating
ChatterBot India reevaluating
ChatterBot Bravo reevaluating
ChatterBot Lima reevaluating
ChatterBot Tango reevaluating
ChatterBot India reevaluating
ChatterBot Bravo reevaluating
ChatterBot Lima reevaluating
ChatterBot Tango reevaluating
ChatterBot X-ray reevaluating
randomSelections Kilo: {Kilo, Bravo, Sierra, November, X-ray, India, Yankee, Tango} 
2024-10-14 18:16:36.705805 Kilo: We should group up
ChatterBot Bravo reevaluating
ChatterBot November reevaluating
ChatterBot X-ray reevaluating
ChatterBot India reevaluating
ChatterBot Yankee reevaluating
ChatterBot Tango reevaluating
2024-10-14 18:16:36.722317 Bravo: No
2024-10-14 18:16:36.722498 Sierra: No
2024-10-14 18:16:36.723252 November: No
2024-10-14 18:16:36.723394 X-ray: No
2024-10-14 18:16:36.723536 India: No
2024-10-14 18:16:36.723688 Yankee: No
2024-10-14 18:16:36.723830 Tango: No
ChatterBot November reevaluating
ChatterBot X-ray reevaluating
ChatterBot India reevaluating
ChatterBot Yankee reevaluating
ChatterBot Tango reevaluating
ChatterBot Bravo reevaluating
ChatterBot November reevaluating
ChatterBot X-ray reevaluating
ChatterBot India reevaluating
ChatterBot Yankee reevaluating
ChatterBot Tango reevaluating
ChatterBot Bravo reevaluating
ChatterBot X-ray reevaluating
ChatterBot India reevaluating
ChatterBot Yankee reevaluating
ChatterBot Tango reevaluating
ChatterBot Bravo reevaluating
ChatterBot November reevaluating
ChatterBot India reevaluating
ChatterBot Yankee reevaluating
ChatterBot Tango reevaluating
ChatterBot Bravo reevaluating
ChatterBot November reevaluating
ChatterBot X-ray reevaluating
ChatterBot Yankee reevaluating
ChatterBot Tango reevaluating
ChatterBot Bravo reevaluating
ChatterBot November reevaluating
ChatterBot X-ray reevaluating
ChatterBot India reevaluating
ChatterBot Tango reevaluating
ChatterBot Bravo reevaluating
ChatterBot November reevaluating
ChatterBot X-ray reevaluating
ChatterBot India reevaluating
ChatterBot Yankee reevaluating
2024-10-14 18:16:36.870934 Bravo: Sierra, sending you 6
2024-10-14 18:16:36.873697 India: Sierra, sending you 1
2024-10-14 18:16:36.875693 Bravo: India and November, sending you 2
2024-10-14 18:16:36.876486 Tango: India, Oscar and Lima, sending you 2
2024-10-14 18:16:36.878073 Sierra: India, sending you 1
2024-10-14 18:16:36.878541 November: Sierra and Bravo, sending you 2
2024-10-14 18:16:36.878968 India: Yankee, sending you 2
2024-10-14 18:16:36.879753 Oscar: India, Lima, X-ray and Tango, sending you 2
2024-10-14 18:16:36.880248 Kilo: Sierra and Bravo, sending you 1
2024-10-14 18:16:36.880759 X-ray: Sierra, Yankee, Bravo and November, sending you 2
2024-10-14 18:16:36.881528 Tango: X-ray and Bravo, sending you 4
2024-10-14 18:16:36.881907 Bravo: Yankee, sending you 4
2024-10-14 18:16:36.882324 Yankee: Sierra, X-ray and Bravo, sending you 1
2024-10-14 18:16:36.883165 Lima: India, sending you 6
2024-10-14 18:16:36.883493 Sierra: Yankee and Bravo, sending you 2
2024-10-14 18:16:36.883851 India: Bravo and November, sending you 3
2024-10-14 18:16:36.884312 November: India, sending you 3
2024-10-14 18:16:36.885187 Oscar: Bravo, sending you 4
2024-10-14 18:16:36.885517 Kilo: India and November, sending you 3
2024-10-14 18:16:36.886981 Bravo: X-ray, sending you 3
2024-10-14 18:16:36.887405 Lima: Oscar, sending you 2
2024-10-14 18:16:36.887651 Sierra: X-ray, sending you 4
2024-10-14 18:16:36.887981 Yankee: India, sending you 2
2024-10-14 18:16:36.888242 November: X-ray, sending you 1
2024-10-14 18:16:36.888986 Kilo: X-ray and Tango, sending you 4
2024-10-14 18:16:36.890786 Sierra: November, sending you 3
2024-10-14 18:16:36.892976 Lima: Tango, sending you 3
2024-10-14 18:16:36.893376 Yankee: November, sending you 5
2024-10-14 18:16:36.896679 Lima: Bravo, sending you 5
chatterbot India submitting transactions
chatterbot Tango submitting transactions
chatterbot Bravo submitting transactions
chatterbot X-ray submitting transactions
chatterbot Lima submitting transactions
chatterbot Sierra submitting transactions
chatterbot Oscar submitting transactions
chatterbot November submitting transactions
chatterbot Kilo submitting transactions
chatterbot Yankee submitting transactions
ChatterBot Sierra round 2
ChatterBot Kilo round 2
ChatterBot India round 2
ChatterBot Yankee round 2
ChatterBot Oscar round 2
2024-10-14 18:16:41.020326 Sierra: We should add Kilo
ChatterBot Bravo reevaluating
ChatterBot India reevaluating
ChatterBot X-ray reevaluating
ChatterBot Yankee reevaluating
ChatterBot November reevaluating
2024-10-14 18:16:41.096740 Bravo: No
2024-10-14 18:16:41.096954 India: Yes
2024-10-14 18:16:41.097128 X-ray: No
2024-10-14 18:16:41.097702 Yankee: No
2024-10-14 18:16:41.097861 November: No
ChatterBot Sierra reevaluating
ChatterBot India reevaluating
ChatterBot X-ray reevaluating
ChatterBot Yankee reevaluating
ChatterBot November reevaluating
ChatterBot Sierra reevaluating
ChatterBot Bravo reevaluating
ChatterBot X-ray reevaluating
ChatterBot Yankee reevaluating
ChatterBot November reevaluating
ChatterBot Sierra reevaluating
ChatterBot Bravo reevaluating
ChatterBot India reevaluating
ChatterBot Yankee reevaluating
ChatterBot November reevaluating
ChatterBot Sierra reevaluating
ChatterBot Bravo reevaluating
ChatterBot India reevaluating
ChatterBot X-ray reevaluating
ChatterBot November reevaluating
ChatterBot Sierra reevaluating
ChatterBot Bravo reevaluating
ChatterBot India reevaluating
ChatterBot X-ray reevaluating
ChatterBot Yankee reevaluating
ChatterBot Lima round 2
ChatterBot X-ray round 2
ChatterBot Tango round 2
ChatterBot Bravo round 2
2024-10-14 18:16:41.513693 Oscar: Group up?
ChatterBot Lima reevaluating
ChatterBot Tango reevaluating
2024-10-14 18:16:41.530116 Lima: No
2024-10-14 18:16:41.530798 Tango: Yes
2024-10-14 18:16:41.530964 Kilo: No
ChatterBot Oscar reevaluating
ChatterBot Tango reevaluating
ChatterBot Oscar reevaluating
ChatterBot Lima reevaluating
ChatterBot Oscar reevaluating
ChatterBot Lima reevaluating
ChatterBot Tango reevaluating
ChatterBot November round 2
2024-10-14 18:16:41.596605 X-ray: We should add Kilo and Tango
ChatterBot Sierra reevaluating
ChatterBot Bravo reevaluating
ChatterBot Yankee reevaluating
ChatterBot November reevaluating
2024-10-14 18:16:41.624656 Sierra: No
2024-10-14 18:16:41.624847 Bravo: No
2024-10-14 18:16:41.625015 India: No
2024-10-14 18:16:41.625177 Yankee: No
2024-10-14 18:16:41.625798 November: No
ChatterBot Bravo reevaluating
ChatterBot Yankee reevaluating
ChatterBot November reevaluating
ChatterBot Sierra reevaluating
ChatterBot Yankee reevaluating
ChatterBot November reevaluating
ChatterBot Sierra reevaluating
ChatterBot Bravo reevaluating
ChatterBot Yankee reevaluating
ChatterBot November reevaluating
ChatterBot Sierra reevaluating
ChatterBot Bravo reevaluating
ChatterBot November reevaluating
ChatterBot Sierra reevaluating
ChatterBot Bravo reevaluating
ChatterBot Yankee reevaluating
2024-10-14 18:16:41.794201 November: We should add Kilo
ChatterBot Sierra reevaluating
ChatterBot Bravo reevaluating
ChatterBot Yankee reevaluating
2024-10-14 18:16:41.863417 Sierra: No
2024-10-14 18:16:41.863592 Bravo: Yes
2024-10-14 18:16:41.863731 India: Yes
2024-10-14 18:16:41.863899 X-ray: Yes
2024-10-14 18:16:41.864051 Yankee: No
ChatterBot Bravo reevaluating
ChatterBot Yankee reevaluating
ChatterBot November reevaluating
ChatterBot Sierra reevaluating
ChatterBot Yankee reevaluating
ChatterBot November reevaluating
ChatterBot Sierra reevaluating
ChatterBot Bravo reevaluating
ChatterBot Yankee reevaluating
ChatterBot November reevaluating
ChatterBot Sierra reevaluating
ChatterBot Bravo reevaluating
ChatterBot Yankee reevaluating
ChatterBot November reevaluating
ChatterBot Sierra reevaluating
ChatterBot Bravo reevaluating
ChatterBot November reevaluating
2024-10-14 18:16:42.011713 Kilo: We should drop Tango
ChatterBot Sierra reevaluating
ChatterBot X-ray reevaluating
ChatterBot Bravo reevaluating
2024-10-14 18:16:42.045302 Sierra: Yes
2024-10-14 18:16:42.045886 India: Yes
2024-10-14 18:16:42.046045 Yankee: Yes
2024-10-14 18:16:42.046203 X-ray: Yes
2024-10-14 18:16:42.046346 Bravo: Yes
2024-10-14 18:16:42.046499 November: Yes
ChatterBot X-ray reevaluating
ChatterBot Bravo reevaluating
ChatterBot Sierra reevaluating
ChatterBot X-ray reevaluating
ChatterBot Bravo reevaluating
ChatterBot Sierra reevaluating
ChatterBot X-ray reevaluating
ChatterBot Bravo reevaluating
ChatterBot Sierra reevaluating
ChatterBot Bravo reevaluating
ChatterBot Sierra reevaluating
ChatterBot X-ray reevaluating
ChatterBot Sierra reevaluating
ChatterBot X-ray reevaluating
ChatterBot Bravo reevaluating
2024-10-14 18:16:42.233910 India: Kilo we want you to join our group
2024-10-14 18:16:42.237033 Kilo: Yes
ChatterBot Sierra reevaluating
ChatterBot X-ray reevaluating
ChatterBot Bravo reevaluating
2024-10-14 18:16:42.269110 X-ray: Kilo and Tango we want you to join our group
2024-10-14 18:16:42.275413 Kilo: No
2024-10-14 18:16:42.275565 Tango: No
ChatterBot Bravo reevaluating
ChatterBot Sierra reevaluating
ChatterBot X-ray reevaluating
ChatterBot Bravo reevaluating
ChatterBot Sierra reevaluating
ChatterBot X-ray reevaluating
2024-10-14 18:16:42.319872 Yankee: Kilo we want you to join our group
2024-10-14 18:16:42.323407 Kilo: Yes
ChatterBot Sierra reevaluating
ChatterBot X-ray reevaluating
ChatterBot Bravo reevaluating
2024-10-14 18:16:42.343029 November: Kilo we want you to join our group
2024-10-14 18:16:42.346359 Kilo: Yes
ChatterBot Sierra reevaluating
ChatterBot X-ray reevaluating
2024-10-14 18:16:42.364919 Lima: Sending you each 8
2024-10-14 18:16:42.365782 Bravo: Kilo we want you to join our group
2024-10-14 18:16:42.369218 Kilo: Yes
ChatterBot Sierra reevaluating
ChatterBot X-ray reevaluating
2024-10-14 18:16:42.387588 Oscar: Sending you each 6
2024-10-14 18:16:42.388249 Kilo: Sierra, India, Yankee, X-ray and Bravo, sending you 3
2024-10-14 18:16:42.388725 Tango: Kilo, Oscar and Lima, sending you 4
2024-10-14 18:16:42.388988 India: Sierra, sending you 1
2024-10-14 18:16:42.496567 Sierra: Kilo we want you to join our group
2024-10-14 18:16:42.500850 Kilo: Yes
ChatterBot Sierra reevaluating
ChatterBot X-ray reevaluating
2024-10-14 18:16:42.520523 India: Kilo, Yankee, Bravo and November, sending you 2
2024-10-14 18:16:42.521036 Yankee: Sierra, India and X-ray, sending you 2
2024-10-14 18:16:42.521934 Kilo: November, sending you 1
2024-10-14 18:16:42.533037 Yankee: Kilo, sending you 1
2024-10-14 18:16:42.534282 November: Sierra, Kilo, India and Yankee, sending you 3
2024-10-14 18:16:42.535093 Bravo: Sierra, X-ray and November, sending you 3
2024-10-14 18:16:42.545942 Yankee: Bravo, sending you 3
2024-10-14 18:16:42.546375 Bravo: Kilo and Yankee, sending you 2
2024-10-14 18:16:42.547243 November: X-ray and Bravo, sending you 2
2024-10-14 18:16:42.551587 Bravo: India, sending you 4
2024-10-14 18:16:42.648768 Sierra: Kilo, India, X-ray and November, sending you 2
2024-10-14 18:16:42.650030 X-ray: Sierra, Kilo and Tango, sending you 3
2024-10-14 18:16:42.658526 X-ray: India, Yankee and November, sending you 1
2024-10-14 18:16:42.659003 Sierra: Yankee, sending you 1
2024-10-14 18:16:42.669277 X-ray: Bravo, sending you 2
2024-10-14 18:16:42.669717 Sierra: Bravo, sending you 3
chatterbot Oscar submitting transactions
chatterbot Lima submitting transactions
chatterbot India submitting transactions
chatterbot Tango submitting transactions
chatterbot Yankee submitting transactions
chatterbot Sierra submitting transactions
chatterbot X-ray submitting transactions
chatterbot Kilo submitting transactions
chatterbot Bravo submitting transactions
chatterbot November submitting transactions
ChatterBot Sierra round 3
ChatterBot Kilo round 3
ChatterBot India round 3
ChatterBot Yankee round 3
ChatterBot Oscar round 3
ChatterBot Lima round 3
ChatterBot X-ray round 3
ChatterBot Tango round 3
ChatterBot Bravo round 3
ChatterBot November round 3
2024-10-14 18:16:43.525418 X-ray: We should replace Tango with Oscar
2024-10-14 18:16:43.539532 Kilo: No
2024-10-14 18:16:43.539740 Sierra: No
2024-10-14 18:16:43.539892 India: No
2024-10-14 18:16:43.540015 Yankee: No
2024-10-14 18:16:43.540138 Bravo: No
2024-10-14 18:16:43.540254 November: No
ChatterBot X-ray reevaluating
ChatterBot X-ray reevaluating
ChatterBot X-ray reevaluating
ChatterBot X-ray reevaluating
ChatterBot X-ray reevaluating
ChatterBot X-ray reevaluating
2024-10-14 18:16:43.615665 Sierra: Sending you each 2
2024-10-14 18:16:43.616666 Yankee: Sierra, India, X-ray, Bravo and November, sending you 2
2024-10-14 18:16:43.617777 Tango: We should drop Kilo
2024-10-14 18:16:43.622127 Lima: Yes
2024-10-14 18:16:43.622271 Oscar: Yes
2024-10-14 18:16:43.632154 X-ray: We should drop Tango
2024-10-14 18:16:43.643078 Kilo: Yes
2024-10-14 18:16:43.643223 Sierra: Yes
2024-10-14 18:16:43.643337 India: Yes
2024-10-14 18:16:43.643445 Yankee: Yes
2024-10-14 18:16:43.643546 Bravo: Yes
2024-10-14 18:16:43.643671 November: Yes
ChatterBot X-ray reevaluating
ChatterBot X-ray reevaluating
ChatterBot X-ray reevaluating
ChatterBot X-ray reevaluating
ChatterBot X-ray reevaluating
ChatterBot X-ray reevaluating
2024-10-14 18:16:43.724569 Lima: Same as last round
2024-10-14 18:16:43.724829 India: Sierra, Yankee and X-ray, sending you 1
2024-10-14 18:16:43.726863 Kilo: Sierra, India, X-ray, Bravo and November, sending you 3
2024-10-14 18:16:43.727682 Bravo: Sierra, India, Yankee, X-ray and November, sending you 3
2024-10-14 18:16:43.728141 November: Sierra, India, Yankee and Bravo, sending you 3
2024-10-14 18:16:43.728685 Oscar: Same as last round
2024-10-14 18:16:43.728954 India: Kilo, Bravo and November, sending you 2
2024-10-14 18:16:43.729655 Kilo: Yankee, sending you 1
2024-10-14 18:16:43.732688 Bravo: Kilo, sending you 2
2024-10-14 18:16:43.733748 November: Kilo and X-ray, sending you 2
2024-10-14 18:16:43.734448 X-ray: Oscar we want you to join our group
2024-10-14 18:16:43.737157 Oscar: No
ChatterBot X-ray reevaluating
2024-10-14 18:16:43.753316 X-ray: We should replace Tango with Lima
2024-10-14 18:16:43.766561 Kilo: No
2024-10-14 18:16:43.766756 Sierra: No
2024-10-14 18:16:43.766882 India: No
2024-10-14 18:16:43.767005 Yankee: No
2024-10-14 18:16:43.767118 Bravo: No
2024-10-14 18:16:43.767242 November: No
ChatterBot X-ray reevaluating
ChatterBot X-ray reevaluating
ChatterBot X-ray reevaluating
ChatterBot X-ray reevaluating
ChatterBot X-ray reevaluating
ChatterBot X-ray reevaluating
2024-10-14 18:16:43.853664 Tango: Oscar, sending you 4
2024-10-14 18:16:43.858007 Tango: Lima, sending you 3
2024-10-14 18:16:43.874141 X-ray: Sierra and Kilo, sending you 3
2024-10-14 18:16:43.877810 X-ray: India, Yankee and November, sending you 2
2024-10-14 18:16:43.881682 X-ray: Bravo, sending you 4
chatterbot Lima submitting transactions
chatterbot November submitting transactions
chatterbot Sierra submitting transactions
chatterbot Oscar submitting transactions
chatterbot Kilo submitting transactions
chatterbot Bravo submitting transactions
chatterbot India submitting transactions
chatterbot X-ray submitting transactions
chatterbot Yankee submitting transactions
chatterbot Tango submitting transactions
ChatterBot Sierra round 4
ChatterBot Kilo round 4
ChatterBot India round 4
ChatterBot Yankee round 4
ChatterBot Oscar round 4
ChatterBot Lima round 4
ChatterBot X-ray round 4
ChatterBot Tango round 4
ChatterBot Bravo round 4
ChatterBot November round 4
2024-10-14 18:16:44.879891 X-ray: We should add Lima
2024-10-14 18:16:44.918712 Kilo: No
2024-10-14 18:16:44.918966 Sierra: No
2024-10-14 18:16:44.919168 India: No
2024-10-14 18:16:44.919335 Yankee: No
2024-10-14 18:16:44.919510 Bravo: No
2024-10-14 18:16:44.920223 November: No
ChatterBot X-ray reevaluating
ChatterBot X-ray reevaluating
ChatterBot X-ray reevaluating
ChatterBot X-ray reevaluating
ChatterBot X-ray reevaluating
ChatterBot X-ray reevaluating
2024-10-14 18:16:45.032679 India: Sierra, Yankee and X-ray, sending you 1
2024-10-14 18:16:45.035686 Sierra: Same as last round
2024-10-14 18:16:45.037761 India: Kilo, Bravo and November, sending you 2
2024-10-14 18:16:45.045703 Oscar: Same as last round
2024-10-14 18:16:45.047680 X-ray: Sierra and Kilo, sending you 3
2024-10-14 18:16:45.048680 Bravo: Sierra, Kilo, India, X-ray and November, sending you 3
2024-10-14 18:16:45.050659 Tango: Oscar, sending you 4
2024-10-14 18:16:45.051680 X-ray: India, Yankee and November, sending you 2
2024-10-14 18:16:45.052349 Bravo: Yankee, sending you 2
2024-10-14 18:16:45.053079 Yankee: Sierra, India, X-ray, Bravo and November, sending you 2
2024-10-14 18:16:45.053829 Kilo: Sierra, India, X-ray, Bravo and November, sending you 3
2024-10-14 18:16:45.054662 Tango: Lima, sending you 3
2024-10-14 18:16:45.055550 Lima: Oscar, sending you 9
2024-10-14 18:16:45.055811 X-ray: Bravo, sending you 4
2024-10-14 18:16:45.057655 Kilo: Yankee, sending you 1
2024-10-14 18:16:45.058681 November: Sierra, Kilo, India, Yankee and Bravo, sending you 3
2024-10-14 18:16:45.059799 Lima: Tango, sending you 7
2024-10-14 18:16:45.062715 November: X-ray, sending you 1
chatterbot Sierra submitting transactions
chatterbot Kilo submitting transactions
chatterbot November submitting transactions
chatterbot Bravo submitting transactions
chatterbot India submitting transactions
chatterbot Oscar submitting transactions
chatterbot X-ray submitting transactions
chatterbot Lima submitting transactions
chatterbot Yankee submitting transactions
chatterbot Tango submitting transactions
ChatterBot Sierra round 5
ChatterBot Kilo round 5
ChatterBot India round 5
ChatterBot Yankee round 5
ChatterBot Oscar round 5
ChatterBot Lima round 5
ChatterBot X-ray round 5
2024-10-14 18:16:46.205573 X-ray: We should add Oscar
2024-10-14 18:16:46.219890 Kilo: No
2024-10-14 18:16:46.220065 Sierra: No
2024-10-14 18:16:46.220199 India: No
2024-10-14 18:16:46.220320 Yankee: No
2024-10-14 18:16:46.220442 Bravo: No
2024-10-14 18:16:46.220575 November: No
ChatterBot X-ray reevaluating
ChatterBot X-ray reevaluating
ChatterBot X-ray reevaluating
ChatterBot X-ray reevaluating
ChatterBot X-ray reevaluating
ChatterBot X-ray reevaluating
ChatterBot Tango round 5
ChatterBot Bravo round 5
ChatterBot November round 5
2024-10-14 18:16:46.323678 Sierra: Same as last round
2024-10-14 18:16:46.334962 X-ray: Sierra, Kilo, Yankee and Bravo, sending you 3
2024-10-14 18:16:46.336692 Tango: Oscar, sending you 4
2024-10-14 18:16:46.337681 Kilo: Sierra, India, X-ray, Bravo and November, sending you 3
2024-10-14 18:16:46.338808 November: Sierra, Kilo, India, Yankee and Bravo, sending you 3
2024-10-14 18:16:46.339452 India: Sierra, Yankee and X-ray, sending you 1
2024-10-14 18:16:46.340092 X-ray: India and November, sending you 2
2024-10-14 18:16:46.341022 Lima: Oscar, sending you 9
2024-10-14 18:16:46.341266 Tango: Lima, sending you 3
2024-10-14 18:16:46.341847 Oscar: Same as last round
2024-10-14 18:16:46.342134 Yankee: Sierra, India, X-ray, Bravo and November, sending you 2
2024-10-14 18:16:46.343116 Bravo: Sierra, Kilo, India, X-ray and November, sending you 3
2024-10-14 18:16:46.343952 Kilo: Yankee, sending you 1
2024-10-14 18:16:46.344550 November: X-ray, sending you 1
2024-10-14 18:16:46.345343 India: Kilo, Bravo and November, sending you 2
2024-10-14 18:16:46.346257 Lima: Tango, sending you 7
2024-10-14 18:16:46.348669 Bravo: Yankee, sending you 2
chatterbot Sierra submitting transactions
chatterbot Bravo submitting transactions
chatterbot Kilo submitting transactions
chatterbot Tango submitting transactions
chatterbot Yankee submitting transactions
chatterbot Oscar submitting transactions
chatterbot Lima submitting transactions
chatterbot November submitting transactions
chatterbot India submitting transactions
chatterbot X-ray submitting transactions
ChatterBot Sierra round 6
ChatterBot Kilo round 6
ChatterBot India round 6
ChatterBot Yankee round 6
ChatterBot Oscar round 6
ChatterBot Lima round 6
ChatterBot X-ray round 6
ChatterBot Tango round 6
ChatterBot Bravo round 6
ChatterBot November round 6
2024-10-14 18:16:47.454658 Kilo: Sierra, India, X-ray, Bravo and November, sending you 3
2024-10-14 18:16:47.458680 Oscar: Same as last round
2024-10-14 18:16:47.459267 Yankee: Sierra, India, X-ray, Bravo and November, sending you 2
2024-10-14 18:16:47.460689 Kilo: Yankee, sending you 1
2024-10-14 18:16:47.463683 Sierra: Same as last round
2024-10-14 18:16:47.464577 X-ray: Sierra, Kilo, Yankee and Bravo, sending you 3
2024-10-14 18:16:47.465757 Bravo: Sierra, Kilo, India, X-ray and November, sending you 3
2024-10-14 18:16:47.466475 Lima: Oscar, sending you 9
2024-10-14 18:16:47.468715 India: Sierra, Yankee and X-ray, sending you 1
2024-10-14 18:16:47.469942 Bravo: Yankee, sending you 2
2024-10-14 18:16:47.470818 X-ray: India and November, sending you 2
2024-10-14 18:16:47.471681 Lima: Tango, sending you 7
2024-10-14 18:16:47.472827 Tango: Sending you each 3
2024-10-14 18:16:47.473703 India: Kilo, Bravo and November, sending you 2
2024-10-14 18:16:47.478673 November: Sierra, Kilo, India, Yankee and Bravo, sending you 3
2024-10-14 18:16:47.482681 November: X-ray, sending you 1
chatterbot Oscar submitting transactions
chatterbot Yankee submitting transactions
chatterbot Lima submitting transactions
chatterbot Bravo submitting transactions
chatterbot Tango submitting transactions
chatterbot Sierra submitting transactions
chatterbot Kilo submitting transactions
chatterbot November submitting transactions
chatterbot India submitting transactions
chatterbot X-ray submitting transactions
ChatterBot Sierra round 7
ChatterBot Kilo round 7
ChatterBot India round 7
ChatterBot Yankee round 7
ChatterBot Oscar round 7
ChatterBot Lima round 7
ChatterBot X-ray round 7
ChatterBot Tango round 7
ChatterBot Bravo round 7
ChatterBot November round 7
2024-10-14 18:16:48.824887 Sierra: Same as last round
2024-10-14 18:16:48.832718 Tango: Same as last round
2024-10-14 18:16:48.833682 India: Sierra, Yankee and X-ray, sending you 1
2024-10-14 18:16:48.835665 X-ray: Sierra, Kilo, Yankee and Bravo, sending you 3
2024-10-14 18:16:48.837706 Kilo: Sierra, India, X-ray, Bravo and November, sending you 3
2024-10-14 18:16:48.839869 Lima: Oscar, sending you 9
2024-10-14 18:16:48.840315 India: Kilo, Bravo and November, sending you 2
2024-10-14 18:16:48.841654 Yankee: Sierra, X-ray, Bravo and November, sending you 2
2024-10-14 18:16:48.843954 X-ray: India and November, sending you 2
2024-10-14 18:16:48.845503 Kilo: Yankee, sending you 1
2024-10-14 18:16:48.847853 Lima: Tango, sending you 7
2024-10-14 18:16:48.848547 Oscar: Same as last round
2024-10-14 18:16:48.849679 Bravo: Sierra, Kilo, India, X-ray and November, sending you 3
2024-10-14 18:16:48.850944 November: Sierra, Kilo, India, Yankee and Bravo, sending you 3
2024-10-14 18:16:48.852675 Yankee: Kilo and India, sending you 1
2024-10-14 18:16:48.853874 Bravo: Yankee, sending you 2
2024-10-14 18:16:48.855773 November: X-ray, sending you 1
chatterbot Yankee submitting transactions
chatterbot Sierra submitting transactions
chatterbot Kilo submitting transactions
chatterbot Oscar submitting transactions
chatterbot X-ray submitting transactions
chatterbot Tango submitting transactions
chatterbot Bravo submitting transactions
chatterbot Lima submitting transactions
chatterbot India submitting transactions
chatterbot November submitting transactions
ChatterBot Sierra round 8
ChatterBot Kilo round 8
ChatterBot India round 8
ChatterBot Yankee round 8
ChatterBot Oscar round 8
ChatterBot Lima round 8
ChatterBot X-ray round 8
ChatterBot Tango round 8
ChatterBot Bravo round 8
ChatterBot November round 8
2024-10-14 18:16:50.015985 Kilo: Sierra, India, X-ray, Bravo and November, sending you 3
2024-10-14 18:16:50.019685 Kilo: Yankee, sending you 1
2024-10-14 18:16:50.022703 Sierra: Same as last round
2024-10-14 18:16:50.024679 Lima: Oscar, sending you 9
2024-10-14 18:16:50.028682 Bravo: Sierra, Kilo, India, X-ray and November, sending you 3
2024-10-14 18:16:50.029451 Lima: Tango, sending you 7
2024-10-14 18:16:50.029747 Yankee: Sierra, X-ray, Bravo and November, sending you 2
2024-10-14 18:16:50.030400 November: Sierra, Kilo, India, Yankee and Bravo, sending you 3
2024-10-14 18:16:50.031390 India: Sierra, Yankee and X-ray, sending you 1
2024-10-14 18:16:50.032229 Bravo: Yankee, sending you 2
2024-10-14 18:16:50.033721 Yankee: Kilo and India, sending you 1
2024-10-14 18:16:50.035493 X-ray: Sierra, Kilo, Yankee and Bravo, sending you 3
2024-10-14 18:16:50.036673 November: X-ray, sending you 1
2024-10-14 18:16:50.038214 India: Kilo, Bravo and November, sending you 2
2024-10-14 18:16:50.039888 Oscar: Same as last round
2024-10-14 18:16:50.040285 Tango: Oscar, sending you 3
2024-10-14 18:16:50.040670 X-ray: India and November, sending you 2
2024-10-14 18:16:50.043671 Tango: Lima, sending you 2
chatterbot Kilo submitting transactions
chatterbot Oscar submitting transactions
chatterbot Yankee submitting transactions
chatterbot November submitting transactions
chatterbot X-ray submitting transactions
chatterbot Tango submitting transactions
chatterbot Sierra submitting transactions
chatterbot Lima submitting transactions
chatterbot India submitting transactions
chatterbot Bravo submitting transactions
ChatterBot Sierra round 9
ChatterBot Kilo round 9
ChatterBot India round 9
ChatterBot Yankee round 9
ChatterBot Oscar round 9
ChatterBot Lima round 9
ChatterBot X-ray round 9
ChatterBot Tango round 9
ChatterBot Bravo round 9
ChatterBot November round 9
2024-10-14 18:16:51.300674 India: Sierra, Yankee and X-ray, sending you 1
2024-10-14 18:16:51.302691 Yankee: Sierra, X-ray, Bravo and November, sending you 2
2024-10-14 18:16:51.305657 India: Kilo, Bravo and November, sending you 2
2024-10-14 18:16:51.306972 Sierra: Same as last round
2024-10-14 18:16:51.307743 Yankee: Kilo and India, sending you 1
2024-10-14 18:16:51.309702 Kilo: Sierra, India, X-ray, Bravo and November, sending you 3
2024-10-14 18:16:51.311898 Oscar: Same as last round
2024-10-14 18:16:51.312222 Tango: Oscar, sending you 3
2024-10-14 18:16:51.313676 November: Sierra, Kilo, India, Yankee and Bravo, sending you 3
2024-10-14 18:16:51.314949 Kilo: Yankee, sending you 1
2024-10-14 18:16:51.315694 Tango: Lima, sending you 2
2024-10-14 18:16:51.316858 Lima: Oscar, sending you 9
2024-10-14 18:16:51.318694 November: X-ray, sending you 1
2024-10-14 18:16:51.320314 X-ray: Sierra, Kilo, Yankee and Bravo, sending you 3
2024-10-14 18:16:51.321679 Lima: Tango, sending you 7
2024-10-14 18:16:51.324824 X-ray: India and November, sending you 2
2024-10-14 18:16:51.325883 Bravo: Sierra, Kilo, India, X-ray and November, sending you 3
2024-10-14 18:16:51.332025 Bravo: Yankee, sending you 2
chatterbot Tango submitting transactions
chatterbot Lima submitting transactions
chatterbot Bravo submitting transactions
chatterbot November submitting transactions
chatterbot Yankee submitting transactions
chatterbot Sierra submitting transactions
chatterbot X-ray submitting transactions
chatterbot Kilo submitting transactions
chatterbot Oscar submitting transactions
chatterbot India submitting transactions
ChatterBot Sierra round 10
ChatterBot Kilo round 10
ChatterBot India round 10
ChatterBot Yankee round 10
ChatterBot Oscar round 10
ChatterBot Lima round 10
ChatterBot X-ray round 10
ChatterBot Tango round 10
ChatterBot Bravo round 10
ChatterBot November round 10
2024-10-14 18:16:52.221674 X-ray: Sierra, Kilo, Yankee and Bravo, sending you 3
2024-10-14 18:16:52.223962 Yankee: Sierra, X-ray, Bravo and November, sending you 2
2024-10-14 18:16:52.224798 Lima: Oscar, sending you 9
2024-10-14 18:16:52.226692 Sierra: Same as last round
2024-10-14 18:16:52.228222 X-ray: India and November, sending you 2
2024-10-14 18:16:52.229254 Bravo: Sierra, Kilo, India, X-ray and November, sending you 3
2024-10-14 18:16:52.230639 Yankee: Kilo and India, sending you 1
2024-10-14 18:16:52.231672 Lima: Tango, sending you 7
2024-10-14 18:16:52.232007 India: Sierra, Yankee and X-ray, sending you 1
2024-10-14 18:16:52.233400 Oscar: Same as last round
2024-10-14 18:16:52.233758 Tango: Oscar, sending you 3
2024-10-14 18:16:52.234079 Kilo: Sierra, India, X-ray, Bravo and November, sending you 3
2024-10-14 18:16:52.235789 Bravo: Yankee, sending you 2
2024-10-14 18:16:52.237301 India: Kilo, Bravo and November, sending you 2
2024-10-14 18:16:52.238568 Tango: Lima, sending you 2
2024-10-14 18:16:52.240662 Kilo: Yankee, sending you 1
2024-10-14 18:16:52.242119 November: Sierra, Kilo, India, Yankee and Bravo, sending you 3
2024-10-14 18:16:52.246679 November: X-ray, sending you 1
chatterbot Sierra submitting transactions
chatterbot X-ray submitting transactions
chatterbot Bravo submitting transactions
chatterbot Yankee submitting transactions
chatterbot Kilo submitting transactions
chatterbot India submitting transactions
chatterbot Oscar submitting transactions
chatterbot Lima submitting transactions
chatterbot November submitting transactions
chatterbot Tango submitting transactions
ChatterBot Sierra round 11
ChatterBot Kilo round 11
ChatterBot India round 11
ChatterBot Yankee round 11
ChatterBot Oscar round 11
ChatterBot Lima round 11
ChatterBot X-ray round 11
ChatterBot Tango round 11
ChatterBot Bravo round 11
2024-10-14 18:16:53.229140 X-ray: We should add Lima
2024-10-14 18:16:53.249099 Kilo: No
2024-10-14 18:16:53.249377 Sierra: No
2024-10-14 18:16:53.249632 India: No
2024-10-14 18:16:53.250054 Yankee: No
2024-10-14 18:16:53.250309 Bravo: No
2024-10-14 18:16:53.250486 November: No
ChatterBot X-ray reevaluating
ChatterBot X-ray reevaluating
ChatterBot X-ray reevaluating
ChatterBot X-ray reevaluating
ChatterBot X-ray reevaluating
ChatterBot X-ray reevaluating
ChatterBot November round 11
2024-10-14 18:16:53.345673 Yankee: Sierra, X-ray, Bravo and November, sending you 2
2024-10-14 18:16:53.347687 Sierra: Same as last round
2024-10-14 18:16:53.351679 Yankee: Kilo and India, sending you 1
2024-10-14 18:16:53.354681 Kilo: Sierra, India, X-ray, Bravo and November, sending you 3
2024-10-14 18:16:53.355740 Oscar: Same as last round
2024-10-14 18:16:53.356813 November: Sierra, Kilo, India, Yankee and Bravo, sending you 3
2024-10-14 18:16:53.357807 India: Sierra, Yankee and X-ray, sending you 1
2024-10-14 18:16:53.358682 Kilo: Yankee, sending you 1
2024-10-14 18:16:53.359698 Lima: Oscar, sending you 9
2024-10-14 18:16:53.360068 Bravo: Sierra, Kilo, India, X-ray and November, sending you 3
2024-10-14 18:16:53.361755 India: Kilo, Bravo and November, sending you 2
2024-10-14 18:16:53.362678 November: X-ray, sending you 1
2024-10-14 18:16:53.363999 Tango: Oscar, sending you 3
2024-10-14 18:16:53.364955 Lima: Tango, sending you 7
2024-10-14 18:16:53.365365 X-ray: Sierra, Kilo, Yankee and Bravo, sending you 3
2024-10-14 18:16:53.366686 Bravo: Yankee, sending you 2
2024-10-14 18:16:53.368671 Tango: Lima, sending you 2
2024-10-14 18:16:53.369071 X-ray: India and November, sending you 2
chatterbot Bravo submitting transactions
chatterbot November submitting transactions
chatterbot India submitting transactions
chatterbot Yankee submitting transactions
chatterbot Kilo submitting transactions
chatterbot Sierra submitting transactions
chatterbot X-ray submitting transactions
chatterbot Lima submitting transactions
chatterbot Tango submitting transactions
chatterbot Oscar submitting transactions
ChatterBot Sierra round 12
ChatterBot Kilo round 12
ChatterBot India round 12
ChatterBot Yankee round 12
ChatterBot Oscar round 12
ChatterBot Lima round 12
ChatterBot X-ray round 12
ChatterBot Tango round 12
ChatterBot Bravo round 12
ChatterBot November round 12
2024-10-14 18:16:54.423862 India: Sierra, Yankee and X-ray, sending you 1
2024-10-14 18:16:54.427673 Sierra: Same as last round
2024-10-14 18:16:54.429594 India: Kilo, Bravo and November, sending you 2
2024-10-14 18:16:54.432240 Tango: Oscar, sending you 3
2024-10-14 18:16:54.432785 Oscar: Same as last round
2024-10-14 18:16:54.436687 Kilo: Sierra, India, X-ray, Bravo and November, sending you 3
2024-10-14 18:16:54.438079 Tango: Lima, sending you 2
2024-10-14 18:16:54.438429 Bravo: Sierra, Kilo, India, X-ray and November, sending you 3
2024-10-14 18:16:54.440646 Lima: Oscar, sending you 9
2024-10-14 18:16:54.441714 Kilo: Yankee, sending you 1
2024-10-14 18:16:54.443958 X-ray: Sierra, Kilo, Yankee and Bravo, sending you 3
2024-10-14 18:16:54.445779 Bravo: Yankee, sending you 2
2024-10-14 18:16:54.446667 Lima: Tango, sending you 7
2024-10-14 18:16:54.447090 Yankee: Sierra, X-ray, Bravo and November, sending you 2
2024-10-14 18:16:54.449676 X-ray: India and November, sending you 2
2024-10-14 18:16:54.451639 November: Sierra, Kilo, India, Yankee and Bravo, sending you 3
2024-10-14 18:16:54.452761 Yankee: Kilo and India, sending you 1
2024-10-14 18:16:54.457663 November: X-ray, sending you 1
chatterbot Yankee submitting transactions
chatterbot Kilo submitting transactions
chatterbot Sierra submitting transactions
chatterbot Oscar submitting transactions
chatterbot Bravo submitting transactions
chatterbot India submitting transactions
chatterbot November submitting transactions
chatterbot X-ray submitting transactions
chatterbot Tango submitting transactions
chatterbot Lima submitting transactions
ChatterBot Sierra round 13
ChatterBot Kilo round 13
ChatterBot India round 13
ChatterBot Yankee round 13
ChatterBot Oscar round 13
ChatterBot Lima round 13
ChatterBot X-ray round 13
ChatterBot Tango round 13
ChatterBot Bravo round 13
ChatterBot November round 13
2024-10-14 18:16:55.729674 Yankee: Sierra, X-ray, Bravo and November, sending you 2
2024-10-14 18:16:55.732585 X-ray: Sierra, Kilo, Yankee and Bravo, sending you 3
2024-10-14 18:16:55.735095 Bravo: Sierra, Kilo, India, X-ray and November, sending you 3
2024-10-14 18:16:55.737719 Tango: Oscar, sending you 3
2024-10-14 18:16:55.738682 Yankee: Kilo and India, sending you 1
2024-10-14 18:16:55.739609 X-ray: India and November, sending you 2
2024-10-14 18:16:55.740684 Tango: Lima, sending you 2
2024-10-14 18:16:55.742079 Bravo: Yankee, sending you 2
2024-10-14 18:16:55.743335 Kilo: Sierra, India, X-ray, Bravo and November, sending you 3
2024-10-14 18:16:55.745032 Lima: Oscar, sending you 9
2024-10-14 18:16:55.745351 November: Sierra, Kilo, India, Yankee and Bravo, sending you 3
2024-10-14 18:16:55.747705 India: Sierra, Yankee and X-ray, sending you 1
2024-10-14 18:16:55.749809 Oscar: Same as last round
2024-10-14 18:16:55.750606 Sierra: Same as last round
2024-10-14 18:16:55.752195 Kilo: Yankee, sending you 1
2024-10-14 18:16:55.753843 Lima: Tango, sending you 7
2024-10-14 18:16:55.754319 November: X-ray, sending you 1
2024-10-14 18:16:55.756175 India: Kilo, Bravo and November, sending you 2
chatterbot Yankee submitting transactions
chatterbot Lima submitting transactions
chatterbot Tango submitting transactions
chatterbot Bravo submitting transactions
chatterbot Sierra submitting transactions
chatterbot November submitting transactions
chatterbot X-ray submitting transactions
chatterbot Oscar submitting transactions
chatterbot India submitting transactions
chatterbot Kilo submitting transactions
ChatterBot Sierra round 14
ChatterBot Kilo round 14
ChatterBot India round 14
ChatterBot Yankee round 14
ChatterBot Oscar round 14
ChatterBot Lima round 14
ChatterBot X-ray round 14
ChatterBot Tango round 14
ChatterBot Bravo round 14
ChatterBot November round 14
2024-10-14 18:16:56.711413 X-ray: We should add Oscar
2024-10-14 18:16:56.724816 Kilo: No
2024-10-14 18:16:56.724990 Sierra: No
2024-10-14 18:16:56.725133 India: No
2024-10-14 18:16:56.725265 Yankee: No
2024-10-14 18:16:56.725391 Bravo: No
2024-10-14 18:16:56.725514 November: No
ChatterBot X-ray reevaluating
ChatterBot X-ray reevaluating
ChatterBot X-ray reevaluating
ChatterBot X-ray reevaluating
ChatterBot X-ray reevaluating
ChatterBot X-ray reevaluating
2024-10-14 18:16:56.799679 Sierra: Same as last round
2024-10-14 18:16:56.800856 Kilo: Sierra, India, X-ray, Bravo and November, sending you 3
2024-10-14 18:16:56.806676 Kilo: Yankee, sending you 1
2024-10-14 18:16:56.808280 India: Sierra, Kilo, Bravo and November, sending you 2
2024-10-14 18:16:56.813670 India: X-ray, sending you 1
2024-10-14 18:16:56.814999 Yankee: Sierra, X-ray, Bravo and November, sending you 2
2024-10-14 18:16:56.816656 Tango: Oscar, sending you 3
2024-10-14 18:16:56.817660 Oscar: Same as last round
2024-10-14 18:16:56.818668 X-ray: Sierra, Kilo, Yankee and Bravo, sending you 3
2024-10-14 18:16:56.820556 Yankee: Kilo and India, sending you 1
2024-10-14 18:16:56.821748 Lima: Oscar, sending you 9
2024-10-14 18:16:56.822120 Tango: Lima, sending you 2
2024-10-14 18:16:56.823654 X-ray: India and November, sending you 2
2024-10-14 18:16:56.825648 November: Sierra, Kilo, India, Yankee and Bravo, sending you 3
2024-10-14 18:16:56.826687 Lima: Tango, sending you 7
2024-10-14 18:16:56.827024 Bravo: Sierra, Kilo, India, X-ray and November, sending you 3
2024-10-14 18:16:56.830676 November: X-ray, sending you 1
2024-10-14 18:16:56.832676 Bravo: Yankee, sending you 2
chatterbot Bravo submitting transactions
chatterbot Sierra submitting transactions
chatterbot Yankee submitting transactions
chatterbot Tango submitting transactions
chatterbot X-ray submitting transactions
chatterbot November submitting transactions
chatterbot India submitting transactions
chatterbot Kilo submitting transactions
chatterbot Oscar submitting transactions
chatterbot Lima submitting transactions
ChatterBot Sierra round 15
ChatterBot Kilo round 15
ChatterBot India round 15
ChatterBot Yankee round 15
ChatterBot Oscar round 15
ChatterBot Lima round 15
ChatterBot X-ray round 15
ChatterBot Tango round 15
ChatterBot Bravo round 15
ChatterBot November round 15
2024-10-14 18:16:57.961676 India: Sierra, Kilo, Bravo and November, sending you 2
2024-10-14 18:16:57.966376 Yankee: Sierra, X-ray, Bravo and November, sending you 2
2024-10-14 18:16:57.970371 Sierra: Same as last round
