ChatterBot Bravo round 1
ChatterBot Echo round 1
ChatterBot Sierra round 1
ChatterBot Juliett round 1
ChatterBot Zulu round 1
ChatterBot Foxtrot round 1
ChatterBot Whiskey round 1
ChatterBot Yankee round 1
ChatterBot Tango round 1
ChatterBot Delta round 1
randomSelections Sierra: {Sierra, Foxtrot, Delta, Whiskey, Juliett, Tango, Yankee} 
2024-10-14 18:16:35.932812 Sierra: We should group up
ChatterBot Foxtrot reevaluating
ChatterBot Delta reevaluating
ChatterBot Whiskey reevaluating
ChatterBot Juliett reevaluating
ChatterBot Tango reevaluating
ChatterBot Yankee reevaluating
2024-10-14 18:16:36.041571 Foxtrot: Yes
2024-10-14 18:16:36.042750 Delta: Yes
2024-10-14 18:16:36.043039 Whiskey: Yes
2024-10-14 18:16:36.043258 Juliett: Yes
2024-10-14 18:16:36.043461 Tango: Yes
2024-10-14 18:16:36.043698 Yankee: Yes
ChatterBot Delta reevaluating
ChatterBot Whiskey reevaluating
ChatterBot Juliett reevaluating
ChatterBot Tango reevaluating
ChatterBot Yankee reevaluating
ChatterBot Foxtrot reevaluating
ChatterBot Whiskey reevaluating
ChatterBot Juliett reevaluating
ChatterBot Tango reevaluating
ChatterBot Yankee reevaluating
ChatterBot Foxtrot reevaluating
ChatterBot Delta reevaluating
ChatterBot Juliett reevaluating
ChatterBot Tango reevaluating
ChatterBot Yankee reevaluating
ChatterBot Foxtrot reevaluating
ChatterBot Delta reevaluating
ChatterBot Whiskey reevaluating
ChatterBot Tango reevaluating
ChatterBot Yankee reevaluating
ChatterBot Foxtrot reevaluating
ChatterBot Delta reevaluating
ChatterBot Whiskey reevaluating
ChatterBot Juliett reevaluating
ChatterBot Yankee reevaluating
ChatterBot Foxtrot reevaluating
ChatterBot Delta reevaluating
ChatterBot Whiskey reevaluating
ChatterBot Juliett reevaluating
ChatterBot Tango reevaluating
randomSelections Bravo: {Bravo, Echo, Delta, Whiskey, Foxtrot, Tango} 
2024-10-14 18:16:36.150373 Bravo: Let's form a team
ChatterBot Echo reevaluating
ChatterBot Delta reevaluating
ChatterBot Whiskey reevaluating
ChatterBot Foxtrot reevaluating
ChatterBot Tango reevaluating
2024-10-14 18:16:36.164075 Echo: Yes
2024-10-14 18:16:36.164249 Delta: No
2024-10-14 18:16:36.164562 Whiskey: No
2024-10-14 18:16:36.164881 Foxtrot: No
2024-10-14 18:16:36.165507 Tango: No
ChatterBot Delta reevaluating
ChatterBot Whiskey reevaluating
ChatterBot Foxtrot reevaluating
ChatterBot Tango reevaluating
ChatterBot Echo reevaluating
ChatterBot Whiskey reevaluating
ChatterBot Foxtrot reevaluating
ChatterBot Tango reevaluating
ChatterBot Echo reevaluating
ChatterBot Delta reevaluating
ChatterBot Foxtrot reevaluating
ChatterBot Tango reevaluating
ChatterBot Echo reevaluating
ChatterBot Delta reevaluating
ChatterBot Whiskey reevaluating
ChatterBot Tango reevaluating
ChatterBot Echo reevaluating
ChatterBot Delta reevaluating
ChatterBot Whiskey reevaluating
ChatterBot Foxtrot reevaluating
randomSelections Zulu: {Zulu, Yankee, Sierra, Whiskey, Delta, Tango} 
2024-10-14 18:16:36.247130 Zulu: We would work well together
ChatterBot Yankee reevaluating
ChatterBot Whiskey reevaluating
ChatterBot Delta reevaluating
ChatterBot Tango reevaluating
2024-10-14 18:16:36.260061 Yankee: No
2024-10-14 18:16:36.260245 Sierra: No
2024-10-14 18:16:36.260411 Whiskey: No
2024-10-14 18:16:36.260560 Delta: No
2024-10-14 18:16:36.260718 Tango: No
ChatterBot Whiskey reevaluating
ChatterBot Delta reevaluating
ChatterBot Tango reevaluating
ChatterBot Yankee reevaluating
ChatterBot Whiskey reevaluating
ChatterBot Delta reevaluating
ChatterBot Tango reevaluating
ChatterBot Yankee reevaluating
ChatterBot Delta reevaluating
ChatterBot Tango reevaluating
ChatterBot Yankee reevaluating
ChatterBot Whiskey reevaluating
ChatterBot Tango reevaluating
ChatterBot Yankee reevaluating
ChatterBot Whiskey reevaluating
ChatterBot Delta reevaluating
2024-10-14 18:16:36.402687 Tango: Sierra, Juliett and Foxtrot, sending you 1
2024-10-14 18:16:36.403635 Echo: Bravo, sending you 4
2024-10-14 18:16:36.405413 Juliett: Sierra, sending you 1
2024-10-14 18:16:36.406225 Sierra: Juliett, sending you 4
2024-10-14 18:16:36.407660 Foxtrot: Sierra, Juliett and Tango, sending you 1
2024-10-14 18:16:36.408252 Zulu: Whiskey and Tango, sending you 2
2024-10-14 18:16:36.409576 Tango: Yankee, sending you 3
2024-10-14 18:16:36.410622 Echo: Foxtrot and Delta, sending you 2
2024-10-14 18:16:36.411964 Bravo: Echo and Foxtrot, sending you 4
2024-10-14 18:16:36.412982 Delta: Sierra, Juliett, Yankee and Tango, sending you 1
2024-10-14 18:16:36.413877 Juliett: Foxtrot, Tango and Delta, sending you 2
2024-10-14 18:16:36.414940 Foxtrot: Yankee and Delta, sending you 2
2024-10-14 18:16:36.415833 Yankee: Sierra, sending you 4
2024-10-14 18:16:36.417838 Sierra: Foxtrot and Yankee, sending you 3
2024-10-14 18:16:36.419451 Zulu: Yankee, sending you 4
2024-10-14 18:16:36.420321 Echo: Whiskey, sending you 5
2024-10-14 18:16:36.421449 Bravo: Whiskey, Tango and Delta, sending you 2
2024-10-14 18:16:36.422716 Whiskey: Sierra, Foxtrot, Tango and Delta, sending you 2
2024-10-14 18:16:36.423774 Delta: Foxtrot, sending you 3
2024-10-14 18:16:36.425541 Juliett: Whiskey, sending you 5
2024-10-14 18:16:36.426848 Sierra: Whiskey, sending you 2
2024-10-14 18:16:36.427427 Yankee: Juliett and Tango, sending you 2
2024-10-14 18:16:36.428777 Zulu: Delta, sending you 3
2024-10-14 18:16:36.429315 Echo: Tango, sending you 1
2024-10-14 18:16:36.430507 Whiskey: Juliett and Yankee, sending you 1
2024-10-14 18:16:36.431759 Delta: Whiskey, sending you 2
2024-10-14 18:16:36.432558 Juliett: Yankee, sending you 3
2024-10-14 18:16:36.434048 Yankee: Foxtrot, Whiskey and Delta, sending you 3
chatterbot Echo submitting transactions
chatterbot Sierra submitting transactions
chatterbot Whiskey submitting transactions
chatterbot Bravo submitting transactions
chatterbot Delta submitting transactions
chatterbot Zulu submitting transactions
chatterbot Juliett submitting transactions
chatterbot Foxtrot submitting transactions
chatterbot Tango submitting transactions
chatterbot Yankee submitting transactions
ChatterBot Bravo round 2
ChatterBot Echo round 2
ChatterBot Sierra round 2
ChatterBot Juliett round 2
ChatterBot Zulu round 2
ChatterBot Foxtrot round 2
ChatterBot Whiskey round 2
ChatterBot Yankee round 2
ChatterBot Tango round 2
ChatterBot Delta round 2
2024-10-14 18:16:37.839731 Echo: Group up?
ChatterBot Bravo reevaluating
ChatterBot Whiskey reevaluating
2024-10-14 18:16:37.852507 Bravo: No
2024-10-14 18:16:37.853305 Whiskey: No
ChatterBot Whiskey reevaluating
ChatterBot Echo reevaluating
ChatterBot Bravo reevaluating
2024-10-14 18:16:37.894265 Yankee: We should add Zulu
ChatterBot Sierra reevaluating
ChatterBot Foxtrot reevaluating
ChatterBot Delta reevaluating
ChatterBot Whiskey reevaluating
ChatterBot Tango reevaluating
2024-10-14 18:16:37.935959 Sierra: No
2024-10-14 18:16:37.936323 Foxtrot: No
2024-10-14 18:16:37.936607 Delta: Yes
2024-10-14 18:16:37.937014 Whiskey: No
2024-10-14 18:16:37.937925 Juliett: No
2024-10-14 18:16:37.938144 Tango: No
ChatterBot Foxtrot reevaluating
ChatterBot Delta reevaluating
ChatterBot Whiskey reevaluating
ChatterBot Tango reevaluating
ChatterBot Sierra reevaluating
ChatterBot Delta reevaluating
ChatterBot Whiskey reevaluating
ChatterBot Tango reevaluating
ChatterBot Sierra reevaluating
ChatterBot Foxtrot reevaluating
ChatterBot Whiskey reevaluating
ChatterBot Tango reevaluating
ChatterBot Sierra reevaluating
ChatterBot Foxtrot reevaluating
ChatterBot Delta reevaluating
ChatterBot Tango reevaluating
ChatterBot Sierra reevaluating
ChatterBot Foxtrot reevaluating
ChatterBot Delta reevaluating
ChatterBot Whiskey reevaluating
ChatterBot Tango reevaluating
ChatterBot Sierra reevaluating
ChatterBot Foxtrot reevaluating
ChatterBot Delta reevaluating
ChatterBot Whiskey reevaluating
ChatterBot Yankee reevaluating
2024-10-14 18:16:38.202213 Foxtrot: We should drop Whiskey and Tango
ChatterBot Yankee reevaluating
2024-10-14 18:16:38.230403 Sierra: No
2024-10-14 18:16:38.230781 Juliett: No
2024-10-14 18:16:38.231007 Yankee: No
2024-10-14 18:16:38.231217 Delta: No
ChatterBot Yankee reevaluating
ChatterBot Yankee reevaluating
ChatterBot Yankee reevaluating
2024-10-14 18:16:38.316187 Delta: Zulu we want you to join our group
2024-10-14 18:16:38.320726 Zulu: No
ChatterBot Delta reevaluating
ChatterBot Yankee reevaluating
2024-10-14 18:16:38.353672 Whiskey: We should drop Tango
ChatterBot Yankee reevaluating
ChatterBot Delta reevaluating
2024-10-14 18:16:38.381551 Sierra: No
2024-10-14 18:16:38.381905 Juliett: No
2024-10-14 18:16:38.382866 Foxtrot: Yes
2024-10-14 18:16:38.383154 Yankee: No
2024-10-14 18:16:38.383327 Delta: No
ChatterBot Foxtrot reevaluating
ChatterBot Yankee reevaluating
ChatterBot Delta reevaluating
ChatterBot Foxtrot reevaluating
ChatterBot Yankee reevaluating
ChatterBot Delta reevaluating
ChatterBot Yankee reevaluating
ChatterBot Delta reevaluating
ChatterBot Foxtrot reevaluating
ChatterBot Delta reevaluating
ChatterBot Foxtrot reevaluating
ChatterBot Yankee reevaluating
2024-10-14 18:16:38.511001 Sierra: Juliett, Foxtrot, Whiskey and Delta, sending you 2
2024-10-14 18:16:39.275093 Echo: Bravo, sending you 5
2024-10-14 18:16:39.275548 Bravo: Echo, sending you 10
2024-10-14 18:16:39.276101 Juliett: Sierra, sending you 4
2024-10-14 18:16:39.276454 Tango: Sierra, sending you 1
2024-10-14 18:16:39.276769 Sierra: Yankee, sending you 3
2024-10-14 18:16:39.277545 Yankee: Zulu we want you to join our group
2024-10-14 18:16:39.281540 Zulu: No
ChatterBot Delta reevaluating
ChatterBot Foxtrot reevaluating
chatterbot Zulu submitting transactions
chatterbot Bravo submitting transactions
chatterbot Tango submitting transactions
chatterbot Juliett submitting transactions
chatterbot Echo submitting transactions
chatterbot Whiskey submitting transactions
2024-10-14 18:16:39.309534 Echo: Foxtrot, sending you 6
2024-10-14 18:16:39.309839 Bravo: Whiskey, sending you 4
2024-10-14 18:16:39.310056 Juliett: Foxtrot, Whiskey, Tango and Delta, sending you 2
2024-10-14 18:16:39.310786 Tango: Juliett, sending you 3
2024-10-14 18:16:39.311105 Sierra: Tango, sending you 1
2024-10-14 18:16:39.594435 Foxtrot: We should drop Delta and Tango
ChatterBot Yankee reevaluating
2024-10-14 18:16:39.616956 Sierra: No
2024-10-14 18:16:39.617517 Juliett: No
2024-10-14 18:16:39.618857 Whiskey: No
2024-10-14 18:16:39.620367 Yankee: No
ChatterBot Foxtrot reevaluating
ChatterBot Yankee reevaluating
ChatterBot Foxtrot reevaluating
ChatterBot Yankee reevaluating
ChatterBot Foxtrot reevaluating
ChatterBot Yankee reevaluating
ChatterBot Foxtrot reevaluating
2024-10-14 18:16:39.695110 Whiskey: Sending you each 2
2024-10-14 18:16:39.695538 Juliett: Yankee, sending you 3
2024-10-14 18:16:39.696296 Tango: Foxtrot, Whiskey, Yankee and Delta, sending you 2
chatterbot Sierra submitting transactions
chatterbot Delta submitting transactions
chatterbot Yankee submitting transactions
2024-10-14 18:16:40.293379 Delta: Sierra, sending you 1
2024-10-14 18:16:40.391837 Delta: Juliett, Foxtrot, Whiskey and Yankee, sending you 2
chatterbot Foxtrot submitting transactions
2024-10-14 18:16:40.490716 Foxtrot: Sierra, Juliett and Yankee, sending you 2
2024-10-14 18:16:40.491567 Yankee: Sierra, Juliett, Zulu and Tango, sending you 3
ChatterBot Bravo round 3
ChatterBot Echo round 3
ChatterBot Sierra round 3
ChatterBot Juliett round 3
ChatterBot Zulu round 3
ChatterBot Foxtrot round 3
2024-10-14 18:16:40.502110 Bravo: We should replace Whiskey with Zulu
ChatterBot Echo reevaluating
2024-10-14 18:16:40.508140 Echo: No
ChatterBot Whiskey round 3
2024-10-14 18:16:40.514861 Foxtrot: Whiskey, sending you 1
2024-10-14 18:16:40.515334 Yankee: Foxtrot and Whiskey, sending you 2
ChatterBot Yankee round 3
2024-10-14 18:16:40.523134 Foxtrot: We should add Delta
ChatterBot Sierra reevaluating
ChatterBot Juliett reevaluating
ChatterBot Whiskey reevaluating
ChatterBot Yankee reevaluating
2024-10-14 18:16:40.548339 Sierra: Yes
2024-10-14 18:16:40.548560 Juliett: Yes
2024-10-14 18:16:40.549124 Whiskey: Yes
2024-10-14 18:16:40.549344 Yankee: Yes
ChatterBot Juliett reevaluating
ChatterBot Whiskey reevaluating
ChatterBot Yankee reevaluating
ChatterBot Sierra reevaluating
ChatterBot Whiskey reevaluating
ChatterBot Yankee reevaluating
ChatterBot Sierra reevaluating
ChatterBot Juliett reevaluating
ChatterBot Yankee reevaluating
ChatterBot Sierra reevaluating
ChatterBot Juliett reevaluating
ChatterBot Whiskey reevaluating
2024-10-14 18:16:40.716803 Whiskey: We should replace Foxtrot with Tango
ChatterBot Sierra reevaluating
ChatterBot Juliett reevaluating
ChatterBot Yankee reevaluating
2024-10-14 18:16:40.731408 Sierra: No
2024-10-14 18:16:40.731603 Juliett: No
2024-10-14 18:16:40.732224 Yankee: No
2024-10-14 18:16:40.732385 Delta: No
ChatterBot Whiskey reevaluating
ChatterBot Juliett reevaluating
ChatterBot Yankee reevaluating
ChatterBot Whiskey reevaluating
ChatterBot Sierra reevaluating
ChatterBot Yankee reevaluating
ChatterBot Whiskey reevaluating
ChatterBot Sierra reevaluating
ChatterBot Juliett reevaluating
ChatterBot Whiskey reevaluating
ChatterBot Sierra reevaluating
ChatterBot Juliett reevaluating
ChatterBot Yankee reevaluating
ChatterBot Tango round 3
ChatterBot Delta round 3
2024-10-14 18:16:40.810661 Bravo: Zulu we want you to join our group
2024-10-14 18:16:40.814883 Zulu: No
ChatterBot Echo reevaluating
2024-10-14 18:16:40.829951 Foxtrot: Delta we want you to join our group
ChatterBot Delta reevaluating
2024-10-14 18:16:40.834471 Delta: Yes
ChatterBot Whiskey reevaluating
ChatterBot Sierra reevaluating
ChatterBot Juliett reevaluating
ChatterBot Yankee reevaluating
2024-10-14 18:16:40.861401 Echo: We should drop Foxtrot
2024-10-14 18:16:40.865163 Bravo: Yes
ChatterBot Echo reevaluating
2024-10-14 18:16:40.869456 Whiskey: Tango we want you to join our group
2024-10-14 18:16:40.872955 Tango: Yes
ChatterBot Delta reevaluating
chatterbot Yankee submitting transactions
2024-10-14 18:16:40.896906 Foxtrot: Sierra, Juliett and Whiskey, sending you 1
2024-10-14 18:16:40.897410 Yankee: Sierra, Juliett, Foxtrot, Whiskey and Tango, sending you 3
2024-10-14 18:16:40.898325 Sierra: Juliett, Foxtrot, Whiskey and Delta, sending you 2
chatterbot Foxtrot submitting transactions
2024-10-14 18:16:40.899025 Bravo: Echo, sending you 10
2024-10-14 18:16:40.899329 Juliett: Sierra, Yankee and Tango, sending you 3
2024-10-14 18:16:40.901879 Foxtrot: Yankee and Delta, sending you 2
2024-10-14 18:16:40.902682 Yankee: Delta, sending you 2
2024-10-14 18:16:40.903193 Sierra: Yankee, sending you 3
2024-10-14 18:16:40.904215 Juliett: Foxtrot, Whiskey and Delta, sending you 2
2024-10-14 18:16:40.904810 Bravo: Zulu, sending you 4
2024-10-14 18:16:40.905511 Whiskey: Sending you each 2
2024-10-14 18:16:40.917207 Sierra: Tango, sending you 1
2024-10-14 18:16:40.927867 Echo: Bravo, sending you 4
2024-10-14 18:16:40.928863 Tango: Sierra and Whiskey, sending you 2
2024-10-14 18:16:40.929744 Delta: Sierra, Foxtrot and Tango, sending you 1
2024-10-14 18:16:40.971853 Echo: Zulu, sending you 5
2024-10-14 18:16:40.972624 Tango: Juliett and Yankee, sending you 3
2024-10-14 18:16:40.973733 Delta: Juliett, Whiskey and Yankee, sending you 2
2024-10-14 18:16:40.986146 Tango: Foxtrot and Delta, sending you 1
chatterbot Juliett submitting transactions
chatterbot Yankee submitting transactions
chatterbot Zulu submitting transactions
chatterbot Bravo submitting transactions
chatterbot Sierra submitting transactions
chatterbot Delta submitting transactions
chatterbot Tango submitting transactions
chatterbot Whiskey submitting transactions
chatterbot Echo submitting transactions
ChatterBot Bravo round 4
ChatterBot Echo round 4
ChatterBot Sierra round 4
ChatterBot Juliett round 4
ChatterBot Zulu round 4
ChatterBot Foxtrot round 4
ChatterBot Whiskey round 4
ChatterBot Yankee round 4
ChatterBot Tango round 4
ChatterBot Delta round 4
2024-10-14 18:16:42.178410 Whiskey: We should add Foxtrot
2024-10-14 18:16:42.203723 Sierra: Yes
2024-10-14 18:16:42.203943 Juliett: Yes
2024-10-14 18:16:42.204107 Yankee: Yes
2024-10-14 18:16:42.204264 Tango: Yes
2024-10-14 18:16:42.204420 Delta: Yes
ChatterBot Whiskey reevaluating
ChatterBot Whiskey reevaluating
ChatterBot Whiskey reevaluating
ChatterBot Whiskey reevaluating
ChatterBot Whiskey reevaluating
2024-10-14 18:16:42.344938 Echo: We should drop Zulu
ChatterBot Bravo reevaluating
2024-10-14 18:16:42.351268 Bravo: Yes
2024-10-14 18:16:42.357185 Bravo: We should replace Zulu with Tango
2024-10-14 18:16:42.361980 Echo: No
ChatterBot Bravo reevaluating
2024-10-14 18:16:42.389987 Bravo: Tango we want you to join our group
2024-10-14 18:16:42.404937 Tango: No
ChatterBot Bravo reevaluating
2024-10-14 18:16:42.458852 Bravo: We should replace Zulu with Sierra
2024-10-14 18:16:42.476929 Echo: No
ChatterBot Bravo reevaluating
2024-10-14 18:16:42.514397 Echo: Same as last round
2024-10-14 18:16:42.515134 Zulu: Bravo, sending you 3
2024-10-14 18:16:42.515446 Sierra: Sending you each 2
2024-10-14 18:16:42.516098 Juliett: Sierra, Yankee and Tango, sending you 3
2024-10-14 18:16:42.516899 Tango: Sierra, Whiskey and Delta, sending you 2
2024-10-14 18:16:42.517371 Yankee: Sierra, Juliett, Foxtrot, Whiskey and Tango, sending you 3
2024-10-14 18:16:42.518687 Whiskey: Same as last round
2024-10-14 18:16:42.520053 Foxtrot: Sierra and Yankee, sending you 2
2024-10-14 18:16:42.520506 Zulu: Echo, sending you 4
2024-10-14 18:16:42.520868 Juliett: Foxtrot, Whiskey and Delta, sending you 2
2024-10-14 18:16:42.521895 Tango: Juliett and Yankee, sending you 3
2024-10-14 18:16:42.522503 Yankee: Delta, sending you 2
2024-10-14 18:16:42.530500 Foxtrot: Juliett, Whiskey and Delta, sending you 1
2024-10-14 18:16:42.531314 Delta: Sierra, Foxtrot and Tango, sending you 1
2024-10-14 18:16:42.544315 Delta: Juliett, Whiskey and Yankee, sending you 2
chatterbot Juliett submitting transactions
2024-10-14 18:16:42.559330 Bravo: Echo, sending you 14
chatterbot Echo submitting transactions
chatterbot Tango submitting transactions
chatterbot Foxtrot submitting transactions
chatterbot Delta submitting transactions
chatterbot Whiskey submitting transactions
chatterbot Bravo submitting transactions
chatterbot Zulu submitting transactions
chatterbot Sierra submitting transactions
chatterbot Yankee submitting transactions
ChatterBot Bravo round 5
ChatterBot Echo round 5
ChatterBot Sierra round 5
ChatterBot Juliett round 5
ChatterBot Zulu round 5
ChatterBot Foxtrot round 5
ChatterBot Whiskey round 5
ChatterBot Yankee round 5
ChatterBot Tango round 5
ChatterBot Delta round 5
2024-10-14 18:16:43.018407 Whiskey: We should add Foxtrot
2024-10-14 18:16:43.043188 Sierra: Yes
2024-10-14 18:16:43.043418 Juliett: Yes
2024-10-14 18:16:43.043606 Yankee: Yes
2024-10-14 18:16:43.044926 Tango: Yes
2024-10-14 18:16:43.045148 Delta: Yes
2024-10-14 18:16:43.169848 Whiskey: Foxtrot we want you to join our group
ChatterBot Foxtrot reevaluating
2024-10-14 18:16:43.174360 Foxtrot: No
2024-10-14 18:16:43.191807 Foxtrot: We should replace Whiskey with Tango
2024-10-14 18:16:43.202325 Sierra: No
2024-10-14 18:16:43.202689 Juliett: No
2024-10-14 18:16:43.203423 Yankee: No
2024-10-14 18:16:43.203590 Delta: No
ChatterBot Foxtrot reevaluating
ChatterBot Foxtrot reevaluating
ChatterBot Foxtrot reevaluating
ChatterBot Foxtrot reevaluating
2024-10-14 18:16:43.252668 Sierra: Same as last round
2024-10-14 18:16:43.254735 Echo: Sending you 3
2024-10-14 18:16:43.255450 Zulu: Bravo, sending you 3
2024-10-14 18:16:43.256957 Juliett: Sierra, Yankee and Tango, sending you 3
2024-10-14 18:16:43.258497 Bravo: Echo, sending you 9
2024-10-14 18:16:43.259756 Foxtrot: Tango we want you to join our group
2024-10-14 18:16:43.264283 Tango: Yes
ChatterBot Foxtrot reevaluating
2024-10-14 18:16:43.279822 Foxtrot: We should replace Delta with Tango
2024-10-14 18:16:43.290724 Sierra: No
2024-10-14 18:16:43.290928 Juliett: No
2024-10-14 18:16:43.291069 Whiskey: No
2024-10-14 18:16:43.291201 Yankee: No
ChatterBot Foxtrot reevaluating
ChatterBot Foxtrot reevaluating
ChatterBot Foxtrot reevaluating
ChatterBot Foxtrot reevaluating
2024-10-14 18:16:43.334306 Zulu: Echo, sending you 5
2024-10-14 18:16:43.335155 Juliett: Foxtrot, Whiskey and Delta, sending you 2
2024-10-14 18:16:43.336007 Bravo: Zulu, sending you 5
2024-10-14 18:16:43.338691 Tango: Sierra, Whiskey and Delta, sending you 2
2024-10-14 18:16:43.339826 Yankee: Sierra, Juliett, Foxtrot, Whiskey and Tango, sending you 3
2024-10-14 18:16:43.340725 Delta: Sierra, Foxtrot and Tango, sending you 1
2024-10-14 18:16:43.342154 Whiskey: Sierra, Juliett, Yankee, Tango and Delta, sending you 2
2024-10-14 18:16:43.344120 Yankee: Delta, sending you 2
2024-10-14 18:16:43.345009 Tango: Juliett and Yankee, sending you 3
2024-10-14 18:16:43.345521 Delta: Juliett, Whiskey and Yankee, sending you 2
2024-10-14 18:16:43.369785 Foxtrot: Sierra, Juliett, Whiskey and Tango, sending you 1
2024-10-14 18:16:43.373683 Foxtrot: Yankee, sending you 3
chatterbot Juliett submitting transactions
chatterbot Delta submitting transactions
chatterbot Yankee submitting transactions
chatterbot Foxtrot submitting transactions
chatterbot Echo submitting transactions
chatterbot Zulu submitting transactions
chatterbot Whiskey submitting transactions
chatterbot Bravo submitting transactions
chatterbot Sierra submitting transactions
chatterbot Tango submitting transactions
ChatterBot Bravo round 6
ChatterBot Echo round 6
ChatterBot Sierra round 6
ChatterBot Juliett round 6
ChatterBot Zulu round 6
ChatterBot Foxtrot round 6
ChatterBot Whiskey round 6
ChatterBot Yankee round 6
ChatterBot Tango round 6
2024-10-14 18:16:44.298151 Bravo: We should replace Delta with Whiskey
2024-10-14 18:16:44.306093 Echo: No
2024-10-14 18:16:44.306718 Zulu: No
ChatterBot Bravo reevaluating
ChatterBot Bravo reevaluating
ChatterBot Delta round 6
2024-10-14 18:16:44.345684 Foxtrot: We should replace Whiskey with Delta
2024-10-14 18:16:44.361472 Sierra: No
2024-10-14 18:16:44.361668 Juliett: No
2024-10-14 18:16:44.361855 Yankee: No
2024-10-14 18:16:44.362001 Tango: No
2024-10-14 18:16:44.420092 Foxtrot: Delta we want you to join our group
2024-10-14 18:16:44.422832 Delta: Yes
2024-10-14 18:16:44.436693 Echo: Same as last round
2024-10-14 18:16:44.439097 Zulu: Bravo, sending you 3
2024-10-14 18:16:44.439647 Whiskey: Sierra, Juliett, Yankee, Tango and Delta, sending you 2
2024-10-14 18:16:44.440564 Sierra: Same as last round
2024-10-14 18:16:44.443001 Zulu: Echo, sending you 6
2024-10-14 18:16:44.443290 Foxtrot: Sierra, Juliett, Tango and Delta, sending you 1
2024-10-14 18:16:44.446659 Foxtrot: Yankee, sending you 3
2024-10-14 18:16:44.448675 Yankee: Sierra, Juliett, Foxtrot, Whiskey and Tango, sending you 3
2024-10-14 18:16:44.450668 Delta: Sierra, Juliett, Whiskey and Yankee, sending you 2
2024-10-14 18:16:44.453658 Yankee: Delta, sending you 2
2024-10-14 18:16:44.454991 Delta: Tango, sending you 1
2024-10-14 18:16:44.455939 Juliett: Sierra, Yankee and Tango, sending you 3
2024-10-14 18:16:44.456487 Tango: Sierra, Juliett, Whiskey and Delta, sending you 2
2024-10-14 18:16:44.457026 Bravo: Echo, sending you 8
2024-10-14 18:16:44.458673 Juliett: Foxtrot, Whiskey and Delta, sending you 2
2024-10-14 18:16:44.460664 Tango: Foxtrot, sending you 1
2024-10-14 18:16:44.461887 Bravo: Zulu, sending you 6
2024-10-14 18:16:44.465919 Tango: Yankee, sending you 3
chatterbot Echo submitting transactions
chatterbot Bravo submitting transactions
chatterbot Yankee submitting transactions
chatterbot Whiskey submitting transactions
chatterbot Sierra submitting transactions
chatterbot Delta submitting transactions
chatterbot Zulu submitting transactions
chatterbot Tango submitting transactions
chatterbot Foxtrot submitting transactions
chatterbot Juliett submitting transactions
ChatterBot Bravo round 7
ChatterBot Echo round 7
ChatterBot Sierra round 7
ChatterBot Juliett round 7
2024-10-14 18:16:45.652883 Echo: We should add Zulu and Tango
ChatterBot Bravo reevaluating
2024-10-14 18:16:45.656139 Bravo: Yes
ChatterBot Echo reevaluating
ChatterBot Zulu round 7
ChatterBot Foxtrot round 7
ChatterBot Whiskey round 7
ChatterBot Yankee round 7
ChatterBot Tango round 7
ChatterBot Delta round 7
2024-10-14 18:16:45.696666 Bravo: Echo, sending you 8
2024-10-14 18:16:45.697657 Sierra: Same as last round
2024-10-14 18:16:45.698825 Delta: Sierra, Juliett, Whiskey and Yankee, sending you 2
2024-10-14 18:16:45.701653 Bravo: Zulu, sending you 6
2024-10-14 18:16:45.702038 Delta: Tango, sending you 1
2024-10-14 18:16:45.703515 Zulu: Bravo, sending you 3
2024-10-14 18:16:45.703992 Tango: Sierra, Juliett, Whiskey and Delta, sending you 2
2024-10-14 18:16:45.707692 Zulu: Echo, sending you 6
2024-10-14 18:16:45.709095 Yankee: Sierra, Juliett, Foxtrot, Whiskey and Tango, sending you 3
2024-10-14 18:16:45.709952 Tango: Foxtrot, sending you 1
2024-10-14 18:16:45.711252 Juliett: Sierra, Whiskey, Yankee and Tango, sending you 3
2024-10-14 18:16:45.712047 Echo: Bravo, sending you 2
2024-10-14 18:16:45.712362 Foxtrot: Sierra, Juliett, Tango and Delta, sending you 1
2024-10-14 18:16:45.713256 Whiskey: Sierra, Juliett, Yankee, Tango and Delta, sending you 2
2024-10-14 18:16:45.714098 Yankee: Delta, sending you 2
2024-10-14 18:16:45.715653 Tango: Yankee, sending you 3
2024-10-14 18:16:45.716428 Echo: Zulu, sending you 3
2024-10-14 18:16:45.717023 Foxtrot: Yankee, sending you 3
2024-10-14 18:16:45.717376 Juliett: Foxtrot, sending you 1
2024-10-14 18:16:45.720783 Juliett: Delta, sending you 2
chatterbot Zulu submitting transactions
chatterbot Foxtrot submitting transactions
chatterbot Juliett submitting transactions
chatterbot Bravo submitting transactions
chatterbot Tango submitting transactions
chatterbot Delta submitting transactions
chatterbot Sierra submitting transactions
chatterbot Echo submitting transactions
chatterbot Whiskey submitting transactions
chatterbot Yankee submitting transactions
ChatterBot Bravo round 8
ChatterBot Echo round 8
ChatterBot Sierra round 8
ChatterBot Juliett round 8
ChatterBot Zulu round 8
ChatterBot Foxtrot round 8
ChatterBot Whiskey round 8
ChatterBot Yankee round 8
ChatterBot Tango round 8
ChatterBot Delta round 8
2024-10-14 18:16:46.941806 Juliett: Sierra, Whiskey, Yankee and Tango, sending you 3
2024-10-14 18:16:46.944056 Echo: Bravo, sending you 2
2024-10-14 18:16:46.945692 Juliett: Foxtrot, sending you 1
2024-10-14 18:16:46.947699 Whiskey: Sierra, Juliett, Yankee, Tango and Delta, sending you 2
2024-10-14 18:16:46.948896 Echo: Zulu, sending you 3
2024-10-14 18:16:46.949726 Juliett: Delta, sending you 2
2024-10-14 18:16:46.951333 Zulu: Bravo, sending you 3
2024-10-14 18:16:46.952671 Sierra: Same as last round
2024-10-14 18:16:46.954692 Zulu: Echo, sending you 7
2024-10-14 18:16:46.960705 Tango: Sending you each 2
2024-10-14 18:16:46.961774 Foxtrot: Sierra, Juliett, Tango and Delta, sending you 1
2024-10-14 18:16:46.962271 Delta: Sierra, Juliett, Whiskey and Yankee, sending you 2
2024-10-14 18:16:46.963526 Bravo: Echo, sending you 8
2024-10-14 18:16:46.965690 Yankee: Sierra, Juliett, Foxtrot, Whiskey and Tango, sending you 3
2024-10-14 18:16:46.966411 Foxtrot: Yankee, sending you 3
2024-10-14 18:16:46.967480 Delta: Tango, sending you 1
2024-10-14 18:16:46.968314 Bravo: Zulu, sending you 6
2024-10-14 18:16:46.969800 Yankee: Delta, sending you 2
chatterbot Foxtrot submitting transactions
chatterbot Tango submitting transactions
chatterbot Whiskey submitting transactions
chatterbot Sierra submitting transactions
chatterbot Zulu submitting transactions
chatterbot Juliett submitting transactions
chatterbot Yankee submitting transactions
chatterbot Echo submitting transactions
chatterbot Bravo submitting transactions
chatterbot Delta submitting transactions
ChatterBot Bravo round 9
ChatterBot Echo round 9
ChatterBot Sierra round 9
ChatterBot Juliett round 9
ChatterBot Zulu round 9
ChatterBot Foxtrot round 9
ChatterBot Whiskey round 9
ChatterBot Yankee round 9
ChatterBot Tango round 9
ChatterBot Delta round 9
2024-10-14 18:16:48.205893 Foxtrot: We should replace Delta with Whiskey
2024-10-14 18:16:48.214069 Sierra: No
2024-10-14 18:16:48.214244 Juliett: No
2024-10-14 18:16:48.214357 Yankee: No
2024-10-14 18:16:48.214457 Tango: No
ChatterBot Foxtrot reevaluating
ChatterBot Foxtrot reevaluating
ChatterBot Foxtrot reevaluating
ChatterBot Foxtrot reevaluating
2024-10-14 18:16:48.264669 Bravo: Echo, sending you 8
2024-10-14 18:16:48.266674 Zulu: Bravo, sending you 3
2024-10-14 18:16:48.267923 Bravo: Zulu, sending you 6
2024-10-14 18:16:48.269702 Juliett: Sierra, Whiskey, Yankee and Tango, sending you 3
2024-10-14 18:16:48.271662 Zulu: Echo, sending you 7
2024-10-14 18:16:48.272778 Echo: Bravo, sending you 2
2024-10-14 18:16:48.273673 Whiskey: Sierra, Juliett, Yankee, Tango and Delta, sending you 2
2024-10-14 18:16:48.275032 Juliett: Foxtrot, sending you 1
2024-10-14 18:16:48.275808 Echo: Zulu, sending you 3
2024-10-14 18:16:48.277663 Sierra: Same as last round
2024-10-14 18:16:48.278692 Juliett: Delta, sending you 2
2024-10-14 18:16:48.280676 Tango: Same as last round
2024-10-14 18:16:48.282176 Yankee: Sierra, Juliett, Foxtrot, Whiskey and Tango, sending you 3
2024-10-14 18:16:48.284648 Foxtrot: Sierra, Juliett, Tango and Delta, sending you 1
2024-10-14 18:16:48.285232 Delta: Sierra, Juliett, Whiskey and Yankee, sending you 2
2024-10-14 18:16:48.285961 Yankee: Delta, sending you 2
2024-10-14 18:16:48.288682 Foxtrot: Yankee, sending you 3
2024-10-14 18:16:48.290158 Delta: Tango, sending you 1
chatterbot Echo submitting transactions
chatterbot Yankee submitting transactions
chatterbot Whiskey submitting transactions
chatterbot Juliett submitting transactions
chatterbot Tango submitting transactions
chatterbot Foxtrot submitting transactions
chatterbot Zulu submitting transactions
chatterbot Bravo submitting transactions
chatterbot Delta submitting transactions
chatterbot Sierra submitting transactions
ChatterBot Bravo round 10
ChatterBot Echo round 10
ChatterBot Sierra round 10
ChatterBot Juliett round 10
ChatterBot Zulu round 10
ChatterBot Foxtrot round 10
ChatterBot Whiskey round 10
2024-10-14 18:16:49.436927 Bravo: We should replace Tango with Whiskey
2024-10-14 18:16:49.441884 Echo: No
2024-10-14 18:16:49.442103 Zulu: No
ChatterBot Bravo reevaluating
ChatterBot Bravo reevaluating
ChatterBot Yankee round 10
ChatterBot Tango round 10
ChatterBot Delta round 10
2024-10-14 18:16:49.486688 Sierra: Same as last round
2024-10-14 18:16:49.490686 Juliett: Sierra, Whiskey, Yankee, Tango and Delta, sending you 3
2024-10-14 18:16:49.492995 Yankee: Sierra, Juliett, Foxtrot, Whiskey and Tango, sending you 3
2024-10-14 18:16:49.494491 Bravo: Echo, sending you 8
2024-10-14 18:16:49.497690 Yankee: Delta, sending you 2
2024-10-14 18:16:49.499019 Echo: Bravo, sending you 2
2024-10-14 18:16:49.500011 Bravo: Zulu, sending you 6
2024-10-14 18:16:49.500472 Delta: Sierra, Juliett, Whiskey and Yankee, sending you 2
2024-10-14 18:16:49.502063 Zulu: Bravo, sending you 3
2024-10-14 18:16:49.503676 Foxtrot: Sierra, Juliett, Tango and Delta, sending you 1
2024-10-14 18:16:49.504861 Echo: Zulu, sending you 3
2024-10-14 18:16:49.505664 Whiskey: Sierra, Juliett, Yankee, Tango and Delta, sending you 2
2024-10-14 18:16:49.507075 Zulu: Echo, sending you 7
2024-10-14 18:16:49.507386 Delta: Tango, sending you 1
2024-10-14 18:16:49.508098 Tango: Same as last round
2024-10-14 18:16:49.509707 Foxtrot: Yankee, sending you 3
chatterbot Bravo submitting transactions
chatterbot Yankee submitting transactions
chatterbot Whiskey submitting transactions
chatterbot Juliett submitting transactions
chatterbot Foxtrot submitting transactions
chatterbot Sierra submitting transactions
chatterbot Delta submitting transactions
chatterbot Echo submitting transactions
chatterbot Tango submitting transactions
chatterbot Zulu submitting transactions
ChatterBot Bravo round 11
ChatterBot Echo round 11
ChatterBot Sierra round 11
ChatterBot Juliett round 11
ChatterBot Zulu round 11
ChatterBot Foxtrot round 11
2024-10-14 18:16:50.709975 Foxtrot: We should replace Delta with Whiskey
2024-10-14 18:16:50.719969 Sierra: No
2024-10-14 18:16:50.720227 Juliett: No
2024-10-14 18:16:50.720389 Yankee: No
2024-10-14 18:16:50.720987 Tango: No
ChatterBot Foxtrot reevaluating
ChatterBot Foxtrot reevaluating
ChatterBot Foxtrot reevaluating
ChatterBot Foxtrot reevaluating
ChatterBot Whiskey round 11
2024-10-14 18:16:50.762644 Bravo: We should replace Tango with Delta
2024-10-14 18:16:50.767378 Echo: No
2024-10-14 18:16:50.767552 Zulu: No
ChatterBot Bravo reevaluating
ChatterBot Bravo reevaluating
ChatterBot Yankee round 11
ChatterBot Tango round 11
ChatterBot Delta round 11
2024-10-14 18:16:50.791269 Bravo: We should replace Tango with Sierra
2024-10-14 18:16:50.795581 Echo: No
2024-10-14 18:16:50.795794 Zulu: No
ChatterBot Bravo reevaluating
ChatterBot Bravo reevaluating
2024-10-14 18:16:50.822692 Juliett: Sierra, Whiskey, Yankee, Tango and Delta, sending you 3
2024-10-14 18:16:50.824686 Foxtrot: Sierra, Juliett, Tango and Delta, sending you 1
2024-10-14 18:16:50.825331 Zulu: Bravo, sending you 3
2024-10-14 18:16:50.826911 Echo: Bravo, sending you 2
2024-10-14 18:16:50.828687 Sierra: Same as last round
2024-10-14 18:16:50.830090 Foxtrot: Yankee, sending you 3
2024-10-14 18:16:50.830809 Zulu: Echo, sending you 7
2024-10-14 18:16:50.831609 Whiskey: Sierra, Juliett, Yankee, Tango and Delta, sending you 2
2024-10-14 18:16:50.832708 Tango: Same as last round
2024-10-14 18:16:50.834218 Echo: Zulu, sending you 3
2024-10-14 18:16:50.834603 Yankee: Sierra, Juliett, Foxtrot, Whiskey and Tango, sending you 3
2024-10-14 18:16:50.839728 Yankee: Delta, sending you 2
2024-10-14 18:16:50.842657 Bravo: Echo and Zulu, sending you 7
2024-10-14 18:16:50.843667 Delta: Sierra, Juliett, Whiskey and Yankee, sending you 2
2024-10-14 18:16:50.849734 Delta: Tango, sending you 1
chatterbot Yankee submitting transactions
chatterbot Juliett submitting transactions
chatterbot Bravo submitting transactions
chatterbot Whiskey submitting transactions
chatterbot Delta submitting transactions
chatterbot Foxtrot submitting transactions
chatterbot Tango submitting transactions
chatterbot Sierra submitting transactions
chatterbot Zulu submitting transactions
chatterbot Echo submitting transactions
ChatterBot Bravo round 12
ChatterBot Echo round 12
ChatterBot Sierra round 12
ChatterBot Juliett round 12
ChatterBot Zulu round 12
ChatterBot Foxtrot round 12
ChatterBot Whiskey round 12
ChatterBot Yankee round 12
ChatterBot Tango round 12
2024-10-14 18:16:52.032124 Bravo: We should replace Tango with Foxtrot
ChatterBot Echo reevaluating
2024-10-14 18:16:52.037958 Echo: Yes
2024-10-14 18:16:52.038140 Zulu: No
ChatterBot Bravo reevaluating
ChatterBot Bravo reevaluating
ChatterBot Echo reevaluating
ChatterBot Delta round 12
2024-10-14 18:16:52.073792 Bravo: Foxtrot we want you to join our group
2024-10-14 18:16:52.077013 Foxtrot: No
ChatterBot Bravo reevaluating
ChatterBot Zulu reevaluating
2024-10-14 18:16:52.090688 Foxtrot: Sierra, Juliett, Tango and Delta, sending you 1
2024-10-14 18:16:52.091698 Sierra: Same as last round
2024-10-14 18:16:52.092950 Tango: Same as last round
2024-10-14 18:16:52.094071 Echo: Bravo, sending you 2
2024-10-14 18:16:52.094554 Yankee: Sierra, sending you 2
2024-10-14 18:16:52.096399 Whiskey: Sierra, Juliett, Yankee, Tango and Delta, sending you 2
2024-10-14 18:16:52.097631 Juliett: Sierra, Whiskey, Yankee and Delta, sending you 3
2024-10-14 18:16:52.098690 Foxtrot: Yankee, sending you 3
2024-10-14 18:16:52.099285 Echo: Zulu, sending you 3
2024-10-14 18:16:52.099737 Yankee: Juliett, Foxtrot, Whiskey, Tango and Delta, sending you 3
2024-10-14 18:16:52.102684 Juliett: Foxtrot, sending you 1
2024-10-14 18:16:52.105141 Delta: Sierra, Juliett, Whiskey and Yankee, sending you 2
2024-10-14 18:16:52.106271 Juliett: Tango, sending you 2
2024-10-14 18:16:52.107682 Zulu: Bravo and Foxtrot, sending you 3
2024-10-14 18:16:52.108671 Delta: Tango, sending you 1
2024-10-14 18:16:52.111658 Zulu: Echo, sending you 6
2024-10-14 18:16:52.122665 Bravo: Echo and Zulu, sending you 7
chatterbot Echo submitting transactions
chatterbot Juliett submitting transactions
chatterbot Whiskey submitting transactions
chatterbot Foxtrot submitting transactions
chatterbot Tango submitting transactions
chatterbot Delta submitting transactions
chatterbot Zulu submitting transactions
chatterbot Bravo submitting transactions
chatterbot Yankee submitting transactions
chatterbot Sierra submitting transactions
ChatterBot Bravo round 13
ChatterBot Echo round 13
ChatterBot Sierra round 13
ChatterBot Juliett round 13
ChatterBot Zulu round 13
ChatterBot Foxtrot round 13
ChatterBot Whiskey round 13
ChatterBot Yankee round 13
ChatterBot Tango round 13
2024-10-14 18:16:53.300260 Bravo: We should replace Foxtrot with Whiskey
ChatterBot Zulu reevaluating
2024-10-14 18:16:53.306306 Echo: No
2024-10-14 18:16:53.306602 Zulu: No
ChatterBot Zulu reevaluating
ChatterBot Bravo reevaluating
ChatterBot Delta round 13
2024-10-14 18:16:53.338948 Whiskey: We should drop Foxtrot
ChatterBot Juliett reevaluating
2024-10-14 18:16:53.349779 Sierra: No
2024-10-14 18:16:53.349929 Juliett: Yes
2024-10-14 18:16:53.350076 Yankee: No
2024-10-14 18:16:53.350206 Tango: No
2024-10-14 18:16:53.350306 Delta: No
ChatterBot Whiskey reevaluating
ChatterBot Juliett reevaluating
ChatterBot Whiskey reevaluating
ChatterBot Tango reevaluating
ChatterBot Whiskey reevaluating
ChatterBot Juliett reevaluating
ChatterBot Tango reevaluating
ChatterBot Whiskey reevaluating
ChatterBot Juliett reevaluating
ChatterBot Whiskey reevaluating
ChatterBot Juliett reevaluating
ChatterBot Tango reevaluating
2024-10-14 18:16:53.415673 Echo: Bravo, sending you 2
2024-10-14 18:16:53.420659 Echo: Zulu, sending you 3
2024-10-14 18:16:53.421662 Yankee: Sierra, sending you 2
2024-10-14 18:16:53.425678 Sierra: Same as last round
2024-10-14 18:16:53.426832 Yankee: Juliett, Foxtrot, Whiskey, Tango and Delta, sending you 3
2024-10-14 18:16:53.430673 Zulu: Bravo, sending you 3
2024-10-14 18:16:53.431004 Delta: Sierra, Juliett, Whiskey and Yankee, sending you 2
2024-10-14 18:16:53.432011 Foxtrot: Sierra, Juliett, Tango and Delta, sending you 1
2024-10-14 18:16:53.432774 Bravo: Echo and Zulu, sending you 7
2024-10-14 18:16:53.433135 Whiskey: Sierra, Juliett, Yankee, Tango and Delta, sending you 2
2024-10-14 18:16:53.435672 Zulu: Echo, sending you 7
2024-10-14 18:16:53.436144 Foxtrot: Yankee, sending you 3
2024-10-14 18:16:53.436928 Delta: Tango, sending you 1
2024-10-14 18:16:53.437803 Tango: Same as last round
2024-10-14 18:16:53.441667 Juliett: Sierra, Whiskey, Yankee and Delta, sending you 3
2024-10-14 18:16:53.445670 Juliett: Foxtrot, sending you 1
2024-10-14 18:16:53.450649 Juliett: Tango, sending you 2
chatterbot Sierra submitting transactions
chatterbot Juliett submitting transactions
chatterbot Yankee submitting transactions
chatterbot Foxtrot submitting transactions
chatterbot Whiskey submitting transactions
chatterbot Echo submitting transactions
chatterbot Bravo submitting transactions
chatterbot Zulu submitting transactions
chatterbot Delta submitting transactions
chatterbot Tango submitting transactions
ChatterBot Bravo round 14
ChatterBot Echo round 14
ChatterBot Sierra round 14
ChatterBot Juliett round 14
ChatterBot Zulu round 14
2024-10-14 18:16:54.667766 Bravo: We should replace Tango with Foxtrot
ChatterBot Echo reevaluating
ChatterBot Zulu reevaluating
2024-10-14 18:16:54.688015 Echo: Yes
2024-10-14 18:16:54.688796 Zulu: Yes
ChatterBot Bravo reevaluating
ChatterBot Zulu reevaluating
ChatterBot Bravo reevaluating
ChatterBot Echo reevaluating
ChatterBot Foxtrot round 14
ChatterBot Whiskey round 14
ChatterBot Yankee round 14
ChatterBot Tango round 14
ChatterBot Delta round 14
2024-10-14 18:16:54.759725 Bravo: We should replace Tango with Delta
ChatterBot Echo reevaluating
ChatterBot Zulu reevaluating
2024-10-14 18:16:54.767041 Echo: No
2024-10-14 18:16:54.767230 Zulu: No
ChatterBot Bravo reevaluating
ChatterBot Zulu reevaluating
