ChatterBot Foxtrot round 1
ChatterBot Romeo round 1
ChatterBot Bravo round 1
ChatterBot Zulu round 1
ChatterBot Lima round 1
ChatterBot Tango round 1
ChatterBot Charlie round 1
ChatterBot Victor round 1
ChatterBot November round 1
ChatterBot Whiskey round 1
randomSelections Romeo: {Romeo, Zulu, Victor, Foxtrot, Charlie, Bravo} 
2024-10-14 14:59:03.542378 Romeo: Let's form a team
ChatterBot Zulu reevaluating
ChatterBot Victor reevaluating
ChatterBot Foxtrot reevaluating
ChatterBot Charlie reevaluating
ChatterBot Bravo reevaluating
2024-10-14 14:59:03.552010 Zulu: Yes
2024-10-14 14:59:03.552139 Victor: Yes
2024-10-14 14:59:03.552250 Foxtrot: Yes
2024-10-14 14:59:03.553056 Charlie: Yes
2024-10-14 14:59:03.553142 Bravo: Yes
ChatterBot Victor reevaluating
ChatterBot Foxtrot reevaluating
ChatterBot Charlie reevaluating
ChatterBot Bravo reevaluating
ChatterBot Zulu reevaluating
ChatterBot Foxtrot reevaluating
ChatterBot Charlie reevaluating
ChatterBot Bravo reevaluating
ChatterBot Zulu reevaluating
ChatterBot Victor reevaluating
ChatterBot Charlie reevaluating
ChatterBot Bravo reevaluating
ChatterBot Zulu reevaluating
ChatterBot Victor reevaluating
ChatterBot Foxtrot reevaluating
ChatterBot Bravo reevaluating
ChatterBot Zulu reevaluating
ChatterBot Victor reevaluating
ChatterBot Foxtrot reevaluating
ChatterBot Charlie reevaluating
randomSelections November: {November, Romeo, Bravo, Whiskey, Foxtrot, Lima} 
2024-10-14 14:59:03.596274 November: Friends?
ChatterBot Bravo reevaluating
ChatterBot Whiskey reevaluating
ChatterBot Foxtrot reevaluating
ChatterBot Lima reevaluating
2024-10-14 14:59:03.604221 Romeo: No
2024-10-14 14:59:03.604346 Bravo: No
2024-10-14 14:59:03.604484 Whiskey: Yes
2024-10-14 14:59:03.604574 Foxtrot: No
2024-10-14 14:59:03.605288 Lima: Yes
ChatterBot Bravo reevaluating
ChatterBot Whiskey reevaluating
ChatterBot Foxtrot reevaluating
ChatterBot Lima reevaluating
ChatterBot Whiskey reevaluating
ChatterBot Foxtrot reevaluating
ChatterBot Lima reevaluating
ChatterBot Bravo reevaluating
ChatterBot Foxtrot reevaluating
ChatterBot Lima reevaluating
ChatterBot Bravo reevaluating
ChatterBot Whiskey reevaluating
ChatterBot Lima reevaluating
ChatterBot Bravo reevaluating
ChatterBot Whiskey reevaluating
ChatterBot Foxtrot reevaluating
randomSelections Tango: {Tango, Lima, Whiskey, Bravo, Charlie, November} 
2024-10-14 14:59:03.660660 Tango: Group up?
ChatterBot Lima reevaluating
ChatterBot Whiskey reevaluating
ChatterBot Bravo reevaluating
ChatterBot Charlie reevaluating
2024-10-14 14:59:03.667966 Lima: No
2024-10-14 14:59:03.668192 Whiskey: No
2024-10-14 14:59:03.668336 Bravo: No
2024-10-14 14:59:03.668521 Charlie: No
2024-10-14 14:59:03.669116 November: No
ChatterBot Whiskey reevaluating
ChatterBot Bravo reevaluating
ChatterBot Charlie reevaluating
ChatterBot Lima reevaluating
ChatterBot Bravo reevaluating
ChatterBot Charlie reevaluating
ChatterBot Lima reevaluating
ChatterBot Whiskey reevaluating
ChatterBot Charlie reevaluating
ChatterBot Lima reevaluating
ChatterBot Whiskey reevaluating
ChatterBot Bravo reevaluating
ChatterBot Lima reevaluating
ChatterBot Whiskey reevaluating
ChatterBot Bravo reevaluating
ChatterBot Charlie reevaluating
2024-10-14 14:59:03.716667 Foxtrot: Romeo, sending you 1
2024-10-14 14:59:03.719683 November: Foxtrot and Lima, sending you 2
2024-10-14 14:59:03.719956 Whiskey: Foxtrot and Bravo, sending you 2
2024-10-14 14:59:03.721674 Foxtrot: Bravo, Zulu and Victor, sending you 2
2024-10-14 14:59:03.722750 Whiskey: Romeo, sending you 4
2024-10-14 14:59:03.723698 Zulu: Foxtrot and Charlie, sending you 1
2024-10-14 14:59:03.724132 November: Romeo, sending you 3
2024-10-14 14:59:03.724348 Romeo: Foxtrot, sending you 5
2024-10-14 14:59:03.724681 Victor: Foxtrot and Charlie, sending you 1
2024-10-14 14:59:03.725706 Tango: Bravo, Lima, Charlie, November and Whiskey, sending you 2
2024-10-14 14:59:03.726061 Charlie: Foxtrot, sending you 4
2024-10-14 14:59:03.726671 Zulu: Bravo, sending you 2
2024-10-14 14:59:03.726925 November: Bravo, sending you 1
2024-10-14 14:59:03.727674 Whiskey: Lima, sending you 3
2024-10-14 14:59:03.727944 Romeo: Bravo, sending you 2
2024-10-14 14:59:03.728672 Victor: Romeo and Zulu, sending you 3
2024-10-14 14:59:03.729037 Charlie: Romeo, sending you 1
2024-10-14 14:59:03.729671 November: Whiskey, sending you 4
2024-10-14 14:59:03.730664 Zulu: Victor, sending you 3
2024-10-14 14:59:03.731698 Whiskey: November, sending you 5
2024-10-14 14:59:03.732546 Bravo: Foxtrot and Romeo, sending you 6
2024-10-14 14:59:03.732936 Victor: Bravo, sending you 2
2024-10-14 14:59:03.733378 Romeo: Victor, sending you 4
2024-10-14 14:59:03.733670 Charlie: Bravo and Zulu, sending you 2
2024-10-14 14:59:03.733936 Lima: Foxtrot and Romeo, sending you 3
2024-10-14 14:59:03.736668 Bravo: Zulu, sending you 2
2024-10-14 14:59:03.737658 Charlie: Victor, sending you 3
2024-10-14 14:59:03.738664 Lima: Bravo, sending you 6
2024-10-14 14:59:03.740951 Bravo: Charlie, sending you 3
2024-10-14 14:59:03.742854 Lima: November, sending you 4
chatterbot Romeo submitting transactions
chatterbot Zulu submitting transactions
chatterbot Lima submitting transactions
chatterbot Tango submitting transactions
chatterbot Victor submitting transactions
chatterbot November submitting transactions
chatterbot Foxtrot submitting transactions
chatterbot Whiskey submitting transactions
chatterbot Charlie submitting transactions
chatterbot Bravo submitting transactions
ChatterBot Foxtrot round 2
ChatterBot Romeo round 2
ChatterBot Bravo round 2
ChatterBot Zulu round 2
ChatterBot Lima round 2
ChatterBot Tango round 2
ChatterBot Charlie round 2
ChatterBot Victor round 2
ChatterBot November round 2
ChatterBot Whiskey round 2
2024-10-14 14:59:06.363073 Romeo: We should add Lima
ChatterBot Zulu reevaluating
ChatterBot Victor reevaluating
ChatterBot Foxtrot reevaluating
ChatterBot Charlie reevaluating
ChatterBot Bravo reevaluating
2024-10-14 14:59:06.387143 Zulu: No
2024-10-14 14:59:06.387321 Victor: Yes
2024-10-14 14:59:06.387461 Foxtrot: Yes
2024-10-14 14:59:06.387559 Charlie: No
2024-10-14 14:59:06.387677 Bravo: Yes
ChatterBot Victor reevaluating
ChatterBot Foxtrot reevaluating
ChatterBot Charlie reevaluating
ChatterBot Bravo reevaluating
ChatterBot Zulu reevaluating
ChatterBot Foxtrot reevaluating
ChatterBot Charlie reevaluating
ChatterBot Bravo reevaluating
ChatterBot Zulu reevaluating
ChatterBot Victor reevaluating
ChatterBot Charlie reevaluating
ChatterBot Bravo reevaluating
ChatterBot Zulu reevaluating
ChatterBot Victor reevaluating
ChatterBot Foxtrot reevaluating
ChatterBot Bravo reevaluating
ChatterBot Zulu reevaluating
ChatterBot Victor reevaluating
ChatterBot Foxtrot reevaluating
ChatterBot Charlie reevaluating
2024-10-14 14:59:06.521289 Lima: We would work well together
ChatterBot Tango reevaluating
ChatterBot November reevaluating
ChatterBot Whiskey reevaluating
ChatterBot Bravo reevaluating
2024-10-14 14:59:06.538259 Tango: No
2024-10-14 14:59:06.538397 November: Yes
2024-10-14 14:59:06.538502 Whiskey: Yes
2024-10-14 14:59:06.538599 Bravo: Yes
ChatterBot November reevaluating
ChatterBot Whiskey reevaluating
ChatterBot Bravo reevaluating
ChatterBot Lima reevaluating
ChatterBot Tango reevaluating
ChatterBot Whiskey reevaluating
ChatterBot Bravo reevaluating
ChatterBot Lima reevaluating
ChatterBot Tango reevaluating
ChatterBot November reevaluating
ChatterBot Bravo reevaluating
ChatterBot Lima reevaluating
ChatterBot Tango reevaluating
ChatterBot November reevaluating
ChatterBot Whiskey reevaluating
2024-10-14 14:59:06.655311 Whiskey: We should add Tango
ChatterBot November reevaluating
ChatterBot Bravo reevaluating
ChatterBot Foxtrot reevaluating
ChatterBot Lima reevaluating
2024-10-14 14:59:06.679128 November: Yes
2024-10-14 14:59:06.679328 Romeo: No
2024-10-14 14:59:06.679536 Bravo: Yes
2024-10-14 14:59:06.679697 Foxtrot: No
2024-10-14 14:59:06.679818 Lima: Yes
ChatterBot Bravo reevaluating
ChatterBot Whiskey reevaluating
ChatterBot Foxtrot reevaluating
ChatterBot Lima reevaluating
ChatterBot November reevaluating
ChatterBot Bravo reevaluating
ChatterBot Whiskey reevaluating
ChatterBot Foxtrot reevaluating
ChatterBot Lima reevaluating
ChatterBot November reevaluating
ChatterBot Whiskey reevaluating
ChatterBot Foxtrot reevaluating
ChatterBot Lima reevaluating
ChatterBot November reevaluating
ChatterBot Bravo reevaluating
ChatterBot Whiskey reevaluating
ChatterBot Lima reevaluating
ChatterBot November reevaluating
ChatterBot Bravo reevaluating
ChatterBot Whiskey reevaluating
ChatterBot Foxtrot reevaluating
2024-10-14 14:59:06.842743 Romeo: Lima we want you to join our group
ChatterBot Lima reevaluating
2024-10-14 14:59:06.848121 Lima: No
ChatterBot Foxtrot reevaluating
ChatterBot Bravo reevaluating
ChatterBot Zulu reevaluating
ChatterBot Charlie reevaluating
ChatterBot Victor reevaluating
2024-10-14 14:59:07.120320 Victor: Lima we want you to join our group
2024-10-14 14:59:07.125243 Lima: No
2024-10-14 14:59:07.152792 Charlie: Tango we want you to join our group
2024-10-14 14:59:07.158122 Tango: No
2024-10-14 14:59:07.186768 Foxtrot: Lima we want you to join our group
2024-10-14 14:59:07.191029 Lima: No
2024-10-14 14:59:07.268221 Zulu: Foxtrot, Bravo and Charlie, sending you 3
2024-10-14 14:59:07.269147 Tango: Bravo and November, sending you 3
2024-10-14 14:59:07.269495 Bravo: Foxtrot, Romeo, Zulu, Tango, Charlie and Victor, sending you 2
2024-10-14 14:59:07.269943 Lima: Bravo, sending you 3
2024-10-14 14:59:07.270754 Romeo: Foxtrot, Zulu and Charlie, sending you 1
2024-10-14 14:59:07.271173 November: Lima, sending you 6
2024-10-14 14:59:07.271913 Tango: Lima and Whiskey, sending you 2
2024-10-14 14:59:07.302991 Zulu: Romeo, sending you 1
2024-10-14 14:59:07.303475 Bravo: Lima, sending you 5
2024-10-14 14:59:07.304435 Lima: Tango and November, sending you 4
2024-10-14 14:59:07.304770 November: Tango, sending you 3
2024-10-14 14:59:07.305181 Victor: Foxtrot, Romeo, Zulu and Charlie, sending you 2
2024-10-14 14:59:07.306111 Charlie: Bravo, sending you 7
2024-10-14 14:59:07.306572 Romeo: Bravo, sending you 7
2024-10-14 14:59:07.306883 Foxtrot: Romeo, sending you 2
2024-10-14 14:59:07.307774 Whiskey: Bravo and Lima, sending you 1
2024-10-14 14:59:07.308068 Zulu: Victor, sending you 5
2024-10-14 14:59:07.341397 Lima: Whiskey, sending you 5
2024-10-14 14:59:07.342066 November: Whiskey, sending you 7
2024-10-14 14:59:07.342319 Victor: Bravo and Lima, sending you 1
2024-10-14 14:59:07.342628 Charlie: Zulu and Victor, sending you 2
2024-10-14 14:59:07.342972 Foxtrot: Bravo, Zulu, Lima, Charlie and Victor, sending you 1
2024-10-14 14:59:07.343703 Romeo: Lima and Victor, sending you 3
2024-10-14 14:59:07.344159 Whiskey: Tango, sending you 5
chatterbot Romeo submitting transactions
chatterbot Tango submitting transactions
2024-10-14 14:59:07.361688 Charlie: Tango, sending you 5
2024-10-14 14:59:07.362188 Whiskey: November, sending you 9
chatterbot Bravo submitting transactions
chatterbot Victor submitting transactions
chatterbot Zulu submitting transactions
chatterbot Lima submitting transactions
chatterbot Whiskey submitting transactions
chatterbot Charlie submitting transactions
chatterbot November submitting transactions
chatterbot Foxtrot submitting transactions
ChatterBot Foxtrot round 3
ChatterBot Romeo round 3
ChatterBot Bravo round 3
ChatterBot Zulu round 3
ChatterBot Lima round 3
ChatterBot Tango round 3
ChatterBot Charlie round 3
ChatterBot Victor round 3
ChatterBot November round 3
ChatterBot Whiskey round 3
2024-10-14 14:59:08.457695 Charlie: We should replace Tango with Lima
2024-10-14 14:59:08.479780 Romeo: Yes
2024-10-14 14:59:08.479969 Zulu: No
2024-10-14 14:59:08.480094 Victor: Yes
2024-10-14 14:59:08.480667 Foxtrot: Yes
2024-10-14 14:59:08.480788 Bravo: No
ChatterBot Charlie reevaluating
ChatterBot Charlie reevaluating
ChatterBot Charlie reevaluating
ChatterBot Charlie reevaluating
ChatterBot Charlie reevaluating
2024-10-14 14:59:08.905354 Foxtrot: Romeo, Zulu, Lima, Charlie and Victor, sending you 1
chatterbot Foxtrot submitting transactions
chatterbot Bravo submitting transactions
2024-10-14 14:59:09.057849 Foxtrot: Bravo, sending you 2
2024-10-14 14:59:09.058985 Victor: Foxtrot, Romeo, Bravo, Zulu and Charlie, sending you 2
2024-10-14 14:59:09.059393 Tango: Bravo, sending you 3
2024-10-14 14:59:09.059742 Romeo: Foxtrot, sending you 3
2024-10-14 14:59:09.060651 Zulu: Foxtrot, Bravo and Charlie, sending you 3
2024-10-14 14:59:09.061597 Lima: Bravo, Tango, November and Whiskey, sending you 4
2024-10-14 14:59:09.062075 Bravo: Foxtrot, Victor and Whiskey, sending you 1
chatterbot Romeo submitting transactions
2024-10-14 14:59:09.063306 Tango: Lima, November and Whiskey, sending you 2
2024-10-14 14:59:09.154012 Zulu: Romeo, sending you 2
2024-10-14 14:59:09.158074 Romeo: Bravo, sending you 5
2024-10-14 14:59:09.159414 Whiskey: Bravo, sending you 1
2024-10-14 14:59:09.159937 Charlie: Foxtrot and Romeo, sending you 1
2024-10-14 14:59:09.160393 November: Lima, sending you 5
2024-10-14 14:59:09.160785 Bravo: Romeo, sending you 4
chatterbot Lima submitting transactions
2024-10-14 14:59:09.162822 Zulu: Victor, sending you 4
2024-10-14 14:59:09.163336 Romeo: Zulu and Charlie, sending you 1
2024-10-14 14:59:09.224507 Whiskey: Lima, sending you 4
2024-10-14 14:59:09.225902 Charlie: Bravo, sending you 5
2024-10-14 14:59:09.227079 November: Tango, sending you 3
2024-10-14 14:59:09.227807 Bravo: Zulu and Tango, sending you 2
2024-10-14 14:59:09.229215 Romeo: Lima, sending you 2
2024-10-14 14:59:09.230435 Whiskey: Tango, sending you 3
2024-10-14 14:59:09.231492 Charlie: Zulu, sending you 4
2024-10-14 14:59:09.232904 November: Whiskey, sending you 8
2024-10-14 14:59:09.294699 Bravo: Lima and Charlie, sending you 3
2024-10-14 14:59:09.295589 Whiskey: November, sending you 8
2024-10-14 14:59:09.295913 Romeo: Victor, sending you 4
2024-10-14 14:59:09.296251 Charlie: Tango, sending you 2
2024-10-14 14:59:09.311223 Charlie: Victor, sending you 3
chatterbot Tango submitting transactions
chatterbot Zulu submitting transactions
chatterbot Victor submitting transactions
chatterbot Whiskey submitting transactions
chatterbot November submitting transactions
chatterbot Charlie submitting transactions
ChatterBot Foxtrot round 4
ChatterBot Romeo round 4
ChatterBot Bravo round 4
ChatterBot Zulu round 4
ChatterBot Lima round 4
ChatterBot Tango round 4
ChatterBot Charlie round 4
ChatterBot Victor round 4
ChatterBot November round 4
ChatterBot Whiskey round 4
2024-10-14 14:59:10.114646 Foxtrot: Romeo, Zulu, Lima, Charlie and Victor, sending you 1
2024-10-14 14:59:10.168529 Lima: Bravo, Tango, November and Whiskey, sending you 4
2024-10-14 14:59:10.169043 Tango: Bravo, sending you 3
2024-10-14 14:59:10.169508 Zulu: Foxtrot and Romeo, sending you 2
2024-10-14 14:59:10.170362 Bravo: Foxtrot, Victor and Whiskey, sending you 1
2024-10-14 14:59:10.170751 Romeo: Foxtrot and Zulu, sending you 2
2024-10-14 14:59:10.171586 Foxtrot: Bravo, sending you 2
2024-10-14 14:59:10.171887 Charlie: Foxtrot, sending you 2
2024-10-14 14:59:10.172209 Victor: Foxtrot, Romeo, Bravo, Zulu and Charlie, sending you 2
2024-10-14 14:59:10.173121 November: Lima, sending you 5
2024-10-14 14:59:10.173592 Tango: Lima, November and Whiskey, sending you 2
2024-10-14 14:59:10.174079 Zulu: Bravo, sending you 3
2024-10-14 14:59:10.175113 Romeo: Bravo, sending you 7
2024-10-14 14:59:10.175417 Charlie: Romeo and Tango, sending you 1
2024-10-14 14:59:10.238573 Bravo: Romeo, sending you 4
2024-10-14 14:59:10.239750 November: Tango, sending you 3
2024-10-14 14:59:10.240226 Whiskey: Bravo, sending you 1
2024-10-14 14:59:10.241 Zulu: Charlie and Victor, sending you 4
2024-10-14 14:59:10.241595 Romeo: Lima and Charlie, sending you 1
2024-10-14 14:59:10.242520 Charlie: Bravo, sending you 5
2024-10-14 14:59:10.243126 Bravo: Zulu and Tango, sending you 2
2024-10-14 14:59:10.360640 November: Whiskey, sending you 8
2024-10-14 14:59:10.361419 Whiskey: Lima, sending you 4
2024-10-14 14:59:10.361717 Romeo: Victor, sending you 3
2024-10-14 14:59:10.362105 Charlie: Zulu, sending you 4
2024-10-14 14:59:10.362779 Bravo: Lima and Charlie, sending you 3
chatterbot November submitting transactions
2024-10-14 14:59:10.417295 Whiskey: Tango, sending you 3
2024-10-14 14:59:10.418217 Charlie: Victor, sending you 3
2024-10-14 14:59:10.594145 Whiskey: November, sending you 8
chatterbot Charlie submitting transactions
chatterbot Zulu submitting transactions
chatterbot Victor submitting transactions
chatterbot Lima submitting transactions
chatterbot Tango submitting transactions
chatterbot Romeo submitting transactions
chatterbot Bravo submitting transactions
chatterbot Foxtrot submitting transactions
chatterbot Whiskey submitting transactions
ChatterBot Foxtrot round 5
ChatterBot Romeo round 5
ChatterBot Bravo round 5
ChatterBot Zulu round 5
ChatterBot Lima round 5
ChatterBot Tango round 5
ChatterBot Charlie round 5
ChatterBot Victor round 5
ChatterBot November round 5
ChatterBot Whiskey round 5
2024-10-14 14:59:11.625919 Charlie: We should replace Tango with Lima
2024-10-14 14:59:11.641592 Romeo: Yes
2024-10-14 14:59:11.641810 Zulu: No
2024-10-14 14:59:11.642418 Victor: Yes
2024-10-14 14:59:11.642537 Foxtrot: Yes
2024-10-14 14:59:11.642665 Bravo: No
ChatterBot Charlie reevaluating
ChatterBot Charlie reevaluating
ChatterBot Charlie reevaluating
ChatterBot Charlie reevaluating
ChatterBot Charlie reevaluating
2024-10-14 14:59:11.763248 Romeo: Foxtrot and Zulu, sending you 2
2024-10-14 14:59:11.764006 Foxtrot: Romeo, Zulu, Lima, Charlie and Victor, sending you 1
2024-10-14 14:59:11.841608 Romeo: Bravo, sending you 7
2024-10-14 14:59:11.843186 Foxtrot: Bravo, sending you 2
2024-10-14 14:59:11.844792 Tango: Bravo, sending you 3
2024-10-14 14:59:11.845452 Bravo: Foxtrot, Victor and Whiskey, sending you 1
2024-10-14 14:59:11.846980 Lima: Bravo, Tango, November and Whiskey, sending you 4
2024-10-14 14:59:11.848320 Whiskey: Bravo, sending you 2
2024-10-14 14:59:11.848905 Zulu: Foxtrot and Romeo, sending you 2
2024-10-14 14:59:11.849995 Victor: Foxtrot, Romeo, Bravo, Zulu and Charlie, sending you 2
2024-10-14 14:59:11.851501 Romeo: Lima and Charlie, sending you 1
2024-10-14 14:59:11.852346 Tango: Lima, November and Whiskey, sending you 2
2024-10-14 14:59:11.853725 Bravo: Romeo, sending you 4
2024-10-14 14:59:11.855199 Whiskey: Lima, sending you 4
2024-10-14 14:59:11.855748 Zulu: Bravo and Victor, sending you 3
2024-10-14 14:59:11.856884 Charlie: Foxtrot, sending you 2
2024-10-14 14:59:11.857469 November: Lima, sending you 5
2024-10-14 14:59:11.858680 Romeo: Victor, sending you 3
2024-10-14 14:59:11.860028 Bravo: Zulu and Tango, sending you 2
2024-10-14 14:59:11.860778 Zulu: Charlie, sending you 5
2024-10-14 14:59:11.861824 Charlie: Romeo and Tango, sending you 1
2024-10-14 14:59:11.863254 Whiskey: Tango, sending you 3
2024-10-14 14:59:11.864020 November: Tango, sending you 3
2024-10-14 14:59:11.865876 Bravo: Lima and Charlie, sending you 3
2024-10-14 14:59:11.867708 Charlie: Bravo, sending you 5
2024-10-14 14:59:11.871915 Whiskey: November, sending you 7
2024-10-14 14:59:11.873164 November: Whiskey, sending you 8
2024-10-14 14:59:11.873984 Charlie: Zulu, sending you 4
2024-10-14 14:59:11.878287 Charlie: Victor, sending you 3
chatterbot Romeo submitting transactions
chatterbot Tango submitting transactions
chatterbot Lima submitting transactions
chatterbot Victor submitting transactions
chatterbot Whiskey submitting transactions
chatterbot November submitting transactions
chatterbot Foxtrot submitting transactions
chatterbot Bravo submitting transactions
chatterbot Charlie submitting transactions
chatterbot Zulu submitting transactions
ChatterBot Foxtrot round 6
ChatterBot Romeo round 6
ChatterBot Bravo round 6
ChatterBot Zulu round 6
ChatterBot Lima round 6
ChatterBot Tango round 6
ChatterBot Charlie round 6
ChatterBot Victor round 6
ChatterBot November round 6
ChatterBot Whiskey round 6
2024-10-14 14:59:12.947514 Bravo: Foxtrot, Victor and Whiskey, sending you 1
2024-10-14 14:59:12.949671 Zulu: Foxtrot and Romeo, sending you 2
2024-10-14 14:59:12.950916 Charlie: Foxtrot, sending you 2
2024-10-14 14:59:12.951668 Tango: Bravo, sending you 3
2024-10-14 14:59:12.952696 Bravo: Romeo, sending you 4
2024-10-14 14:59:12.954073 Romeo: Foxtrot and Zulu, sending you 2
2024-10-14 14:59:12.955755 Zulu: Bravo and Victor, sending you 3
2024-10-14 14:59:12.956188 Charlie: Romeo, sending you 1
2024-10-14 14:59:12.956534 Bravo: Zulu and Tango, sending you 2
2024-10-14 14:59:12.957406 Tango: Lima, November and Whiskey, sending you 2
2024-10-14 14:59:12.957809 Romeo: Bravo, sending you 7
2024-10-14 14:59:12.958986 Zulu: Charlie, sending you 5
2024-10-14 14:59:12.959740 Lima: Bravo, Tango, November and Whiskey, sending you 4
2024-10-14 14:59:12.960839 Charlie: Bravo and Zulu, sending you 5
2024-10-14 14:59:12.961640 Bravo: Lima and Charlie, sending you 3
2024-10-14 14:59:12.962987 Romeo: Lima and Charlie, sending you 1
2024-10-14 14:59:12.964299 November: Lima, sending you 5
2024-10-14 14:59:12.964990 Whiskey: Bravo, sending you 2
2024-10-14 14:59:12.965629 Victor: Foxtrot, Romeo, Bravo, Zulu and Charlie, sending you 2
2024-10-14 14:59:12.966927 Foxtrot: Romeo, Zulu, Lima, Charlie and Victor, sending you 1
2024-10-14 14:59:12.968189 Charlie: Victor, sending you 3
2024-10-14 14:59:12.968866 Romeo: Victor, sending you 3
2024-10-14 14:59:12.970116 Whiskey: Lima, sending you 4
2024-10-14 14:59:12.970760 November: Tango, sending you 3
2024-10-14 14:59:12.971961 Foxtrot: Bravo, sending you 2
2024-10-14 14:59:12.974788 Whiskey: Tango, sending you 3
2024-10-14 14:59:12.976702 November: Whiskey, sending you 8
2024-10-14 14:59:12.977915 Whiskey: November, sending you 7
chatterbot Romeo submitting transactions
chatterbot Victor submitting transactions
chatterbot Bravo submitting transactions
chatterbot Tango submitting transactions
chatterbot Whiskey submitting transactions
chatterbot Zulu submitting transactions
chatterbot Lima submitting transactions
chatterbot Charlie submitting transactions
chatterbot Foxtrot submitting transactions
chatterbot November submitting transactions
ChatterBot Foxtrot round 7
ChatterBot Romeo round 7
ChatterBot Bravo round 7
ChatterBot Zulu round 7
ChatterBot Lima round 7
ChatterBot Tango round 7
ChatterBot Charlie round 7
ChatterBot Victor round 7
ChatterBot November round 7
ChatterBot Whiskey round 7
2024-10-14 14:59:14.183607 Charlie: We should replace Tango with Lima
2024-10-14 14:59:14.197779 Romeo: Yes
2024-10-14 14:59:14.197964 Zulu: No
2024-10-14 14:59:14.198088 Victor: Yes
2024-10-14 14:59:14.198196 Foxtrot: Yes
2024-10-14 14:59:14.198299 Bravo: No
ChatterBot Charlie reevaluating
ChatterBot Romeo reevaluating
ChatterBot Charlie reevaluating
ChatterBot Romeo reevaluating
ChatterBot Charlie reevaluating
ChatterBot Bravo reevaluating
ChatterBot Romeo reevaluating
ChatterBot Charlie reevaluating
2024-10-14 14:59:14.335972 Zulu: Foxtrot and Romeo, sending you 2
2024-10-14 14:59:14.337861 Bravo: Foxtrot, Zulu and Victor, sending you 2
2024-10-14 14:59:14.338717 Tango: Bravo, sending you 3
2024-10-14 14:59:14.341795 Romeo: Foxtrot and Zulu, sending you 2
2024-10-14 14:59:14.437343 Zulu: Bravo and Victor, sending you 3
2024-10-14 14:59:14.439191 Lima: Bravo, Tango, November and Whiskey, sending you 4
2024-10-14 14:59:14.440689 Tango: Lima, November and Whiskey, sending you 2
2024-10-14 14:59:14.441918 Bravo: Romeo, sending you 4
2024-10-14 14:59:14.442777 Victor: Foxtrot, Romeo, Bravo, Zulu and Charlie, sending you 2
2024-10-14 14:59:14.444186 Foxtrot: Romeo, Zulu, Lima, Charlie and Victor, sending you 1
2024-10-14 14:59:14.445501 November: Lima, sending you 5
2024-10-14 14:59:14.446770 Romeo: Bravo, sending you 7
2024-10-14 14:59:14.447632 Zulu: Charlie, sending you 5
2024-10-14 14:59:14.448936 Bravo: Lima and Charlie, sending you 3
2024-10-14 14:59:14.450195 Charlie: Foxtrot, sending you 2
2024-10-14 14:59:14.450875 Foxtrot: Bravo, sending you 2
2024-10-14 14:59:14.452122 November: Tango, sending you 3
2024-10-14 14:59:14.452666 Romeo: Lima and Charlie, sending you 1
2024-10-14 14:59:14.453733 Whiskey: Bravo, sending you 2
2024-10-14 14:59:14.454837 Charlie: Romeo, sending you 1
2024-10-14 14:59:14.458392 November: Whiskey, sending you 8
2024-10-14 14:59:14.459634 Romeo: Victor, sending you 3
2024-10-14 14:59:14.461102 Whiskey: Lima, sending you 4
2024-10-14 14:59:14.462511 Charlie: Bravo and Zulu, sending you 5
2024-10-14 14:59:14.468824 Whiskey: Tango, sending you 3
2024-10-14 14:59:14.470604 Charlie: Victor, sending you 3
2024-10-14 14:59:14.474029 Whiskey: November, sending you 7
chatterbot Romeo submitting transactions
chatterbot Foxtrot submitting transactions
chatterbot Zulu submitting transactions
chatterbot Tango submitting transactions
chatterbot Whiskey submitting transactions
chatterbot Bravo submitting transactions
chatterbot November submitting transactions
chatterbot Victor submitting transactions
chatterbot Lima submitting transactions
chatterbot Charlie submitting transactions
ChatterBot Foxtrot round 8
ChatterBot Romeo round 8
ChatterBot Bravo round 8
ChatterBot Zulu round 8
ChatterBot Lima round 8
ChatterBot Tango round 8
ChatterBot Charlie round 8
ChatterBot Victor round 8
ChatterBot November round 8
ChatterBot Whiskey round 8
2024-10-14 14:59:15.349661 Tango: Bravo, sending you 3
2024-10-14 14:59:15.351690 November: Lima, sending you 5
2024-10-14 14:59:15.353331 Romeo: Foxtrot and Zulu, sending you 2
2024-10-14 14:59:15.354486 Victor: Foxtrot, Romeo, Bravo, Zulu and Charlie, sending you 2
2024-10-14 14:59:15.356175 Tango: Lima, November and Whiskey, sending you 2
2024-10-14 14:59:15.357514 Bravo: Foxtrot, Victor and Whiskey, sending you 1
2024-10-14 14:59:15.359152 Foxtrot: Romeo, Zulu, Lima, Charlie and Victor, sending you 1
2024-10-14 14:59:15.360717 November: Tango, sending you 3
2024-10-14 14:59:15.361986 Lima: Bravo, Tango, November and Whiskey, sending you 4
2024-10-14 14:59:15.362810 Romeo: Bravo, sending you 7
2024-10-14 14:59:15.364150 Zulu: Foxtrot and Romeo, sending you 2
2024-10-14 14:59:15.364848 Bravo: Romeo, Lima and Charlie, sending you 3
2024-10-14 14:59:15.366639 Foxtrot: Bravo, sending you 2
2024-10-14 14:59:15.367799 Charlie: Foxtrot, sending you 2
2024-10-14 14:59:15.368382 November: Whiskey, sending you 8
2024-10-14 14:59:15.369373 Whiskey: Bravo, sending you 2
2024-10-14 14:59:15.369905 Romeo: Lima and Charlie, sending you 1
2024-10-14 14:59:15.371448 Zulu: Bravo and Charlie, sending you 4
2024-10-14 14:59:15.372126 Bravo: Zulu and Tango, sending you 2
2024-10-14 14:59:15.373610 Charlie: Romeo, sending you 1
2024-10-14 14:59:15.374668 Whiskey: Lima, sending you 4
2024-10-14 14:59:15.375992 Romeo: Victor, sending you 3
2024-10-14 14:59:15.376686 Zulu: Victor, sending you 3
2024-10-14 14:59:15.377563 Charlie: Bravo and Zulu, sending you 5
2024-10-14 14:59:15.379672 Whiskey: Tango, sending you 3
2024-10-14 14:59:15.380792 Charlie: Victor, sending you 3
2024-10-14 14:59:15.384653 Whiskey: November, sending you 7
chatterbot November submitting transactions
chatterbot Foxtrot submitting transactions
chatterbot Zulu submitting transactions
chatterbot Bravo submitting transactions
chatterbot Romeo submitting transactions
chatterbot Charlie submitting transactions
chatterbot Victor submitting transactions
chatterbot Tango submitting transactions
chatterbot Lima submitting transactions
chatterbot Whiskey submitting transactions
ChatterBot Foxtrot round 9
ChatterBot Romeo round 9
ChatterBot Bravo round 9
ChatterBot Zulu round 9
ChatterBot Lima round 9
ChatterBot Tango round 9
ChatterBot Charlie round 9
ChatterBot Victor round 9
ChatterBot November round 9
ChatterBot Whiskey round 9
2024-10-14 14:59:16.694715 Romeo: Foxtrot and Zulu, sending you 2
2024-10-14 14:59:16.700694 Romeo: Bravo, sending you 7
2024-10-14 14:59:16.702728 Lima: Bravo, Tango, November and Whiskey, sending you 4
2024-10-14 14:59:16.704979 November: Lima, sending you 5
2024-10-14 14:59:16.707318 Bravo: Foxtrot, Victor and Whiskey, sending you 1
2024-10-14 14:59:16.709501 Tango: Bravo, sending you 3
2024-10-14 14:59:16.711474 Foxtrot: Romeo, Zulu, Lima, Charlie and Victor, sending you 1
2024-10-14 14:59:16.713988 Romeo: Lima and Charlie, sending you 1
2024-10-14 14:59:16.716070 Zulu: Foxtrot and Romeo, sending you 2
2024-10-14 14:59:16.717099 November: Tango, sending you 3
2024-10-14 14:59:16.718783 Bravo: Romeo, Lima and Charlie, sending you 3
2024-10-14 14:59:16.719975 Tango: Lima, November and Whiskey, sending you 2
2024-10-14 14:59:16.721358 Foxtrot: Bravo, sending you 2
2024-10-14 14:59:16.722294 Romeo: Victor, sending you 3
2024-10-14 14:59:16.723585 Charlie: Foxtrot, sending you 2
2024-10-14 14:59:16.724244 Zulu: Bravo and Charlie, sending you 4
2024-10-14 14:59:16.725723 Whiskey: Bravo, sending you 2
2024-10-14 14:59:16.726302 November: Whiskey, sending you 8
2024-10-14 14:59:16.726999 Bravo: Zulu and Tango, sending you 2
2024-10-14 14:59:16.728385 Victor: Foxtrot, Romeo, Bravo, Zulu and Charlie, sending you 2
2024-10-14 14:59:16.730270 Charlie: Romeo, sending you 1
2024-10-14 14:59:16.731430 Zulu: Victor, sending you 3
2024-10-14 14:59:16.732972 Whiskey: Lima, sending you 4
2024-10-14 14:59:16.735703 Charlie: Bravo and Zulu, sending you 5
2024-10-14 14:59:16.738683 Whiskey: Tango, sending you 3
2024-10-14 14:59:16.739702 Charlie: Victor, sending you 3
2024-10-14 14:59:16.743674 Whiskey: November, sending you 7
chatterbot Whiskey submitting transactions
chatterbot Charlie submitting transactions
chatterbot Zulu submitting transactions
chatterbot Victor submitting transactions
chatterbot Bravo submitting transactions
chatterbot November submitting transactions
chatterbot Lima submitting transactions
chatterbot Tango submitting transactions
chatterbot Romeo submitting transactions
chatterbot Foxtrot submitting transactions
ChatterBot Foxtrot round 10
ChatterBot Romeo round 10
ChatterBot Bravo round 10
ChatterBot Zulu round 10
ChatterBot Lima round 10
ChatterBot Tango round 10
ChatterBot Charlie round 10
ChatterBot Victor round 10
ChatterBot November round 10
ChatterBot Whiskey round 10
2024-10-14 14:59:17.947542 Romeo: We should drop Lima
ChatterBot Victor reevaluating
ChatterBot Foxtrot reevaluating
2024-10-14 14:59:18.006704 Zulu: Yes
2024-10-14 14:59:18.007 Victor: Yes
2024-10-14 14:59:18.007211 Foxtrot: Yes
2024-10-14 14:59:18.007386 Charlie: Yes
2024-10-14 14:59:18.007536 Bravo: No
ChatterBot Victor reevaluating
ChatterBot Foxtrot reevaluating
ChatterBot Foxtrot reevaluating
ChatterBot Victor reevaluating
ChatterBot Victor reevaluating
ChatterBot Foxtrot reevaluating
ChatterBot Bravo reevaluating
ChatterBot Victor reevaluating
ChatterBot Foxtrot reevaluating
2024-10-14 14:59:18.126063 Charlie: Foxtrot, sending you 2
2024-10-14 14:59:18.127335 Lima: Bravo, Tango, November and Whiskey, sending you 4
2024-10-14 14:59:18.130003 Foxtrot: We should replace Lima with November
ChatterBot Victor reevaluating
ChatterBot Bravo reevaluating
2024-10-14 14:59:18.148922 Romeo: No
2024-10-14 14:59:18.149090 Zulu: No
2024-10-14 14:59:18.149283 Victor: No
2024-10-14 14:59:18.149426 Charlie: No
2024-10-14 14:59:18.149550 Bravo: No
ChatterBot Victor reevaluating
ChatterBot Foxtrot reevaluating
ChatterBot Bravo reevaluating
ChatterBot Victor reevaluating
ChatterBot Foxtrot reevaluating
ChatterBot Bravo reevaluating
ChatterBot Foxtrot reevaluating
ChatterBot Bravo reevaluating
ChatterBot Victor reevaluating
ChatterBot Foxtrot reevaluating
ChatterBot Bravo reevaluating
ChatterBot Victor reevaluating
ChatterBot Foxtrot reevaluating
2024-10-14 14:59:18.231964 Charlie: Bravo, sending you 6
2024-10-14 14:59:18.232880 Foxtrot: We should replace Lima with Whiskey
ChatterBot Victor reevaluating
ChatterBot Bravo reevaluating
2024-10-14 14:59:18.248530 Romeo: No
2024-10-14 14:59:18.248709 Zulu: No
2024-10-14 14:59:18.248870 Victor: Yes
2024-10-14 14:59:18.249012 Charlie: No
2024-10-14 14:59:18.249141 Bravo: No
ChatterBot Victor reevaluating
ChatterBot Foxtrot reevaluating
ChatterBot Charlie reevaluating
ChatterBot Bravo reevaluating
ChatterBot Victor reevaluating
ChatterBot Foxtrot reevaluating
ChatterBot Charlie reevaluating
ChatterBot Bravo reevaluating
ChatterBot Foxtrot reevaluating
ChatterBot Charlie reevaluating
ChatterBot Bravo reevaluating
ChatterBot Victor reevaluating
ChatterBot Foxtrot reevaluating
ChatterBot Bravo reevaluating
ChatterBot Victor reevaluating
ChatterBot Foxtrot reevaluating
ChatterBot Charlie reevaluating
2024-10-14 14:59:18.334689 Romeo: Foxtrot, sending you 2
2024-10-14 14:59:18.336309 Whiskey: Bravo, sending you 2
2024-10-14 14:59:18.337134 Tango: Bravo, sending you 3
2024-10-14 14:59:18.338487 November: Lima, sending you 5
2024-10-14 14:59:18.339270 Zulu: Foxtrot and Romeo, sending you 2
2024-10-14 14:59:18.341065 Victor: Whiskey we want you to join our group
2024-10-14 14:59:18.346358 Whiskey: No
ChatterBot Foxtrot reevaluating
2024-10-14 14:59:18.377579 Romeo: Bravo, sending you 7
2024-10-14 14:59:18.379581 Whiskey: Lima, sending you 4
2024-10-14 14:59:18.380428 Tango: Lima, November and Whiskey, sending you 2
2024-10-14 14:59:18.381443 November: Tango, sending you 3
2024-10-14 14:59:18.382208 Zulu: Bravo and Charlie, sending you 4
2024-10-14 14:59:18.384215 Romeo: Zulu and Victor, sending you 3
2024-10-14 14:59:18.386462 Whiskey: Tango, sending you 3
2024-10-14 14:59:18.388484 Foxtrot: November we want you to join our group
2024-10-14 14:59:18.395461 November: No
ChatterBot Foxtrot reevaluating
ChatterBot Victor reevaluating
2024-10-14 14:59:18.426366 November: Whiskey, sending you 8
2024-10-14 14:59:18.428321 Zulu: Victor, sending you 3
2024-10-14 14:59:18.430751 Bravo: Foxtrot, Victor and Whiskey, sending you 1
2024-10-14 14:59:18.433374 Romeo: Charlie, sending you 1
2024-10-14 14:59:18.435574 Whiskey: November, sending you 7
chatterbot Romeo submitting transactions
2024-10-14 14:59:18.437524 Victor: Tango we want you to join our group
2024-10-14 14:59:18.444439 Tango: No
ChatterBot Charlie reevaluating
ChatterBot Foxtrot reevaluating
ChatterBot Victor reevaluating
2024-10-14 14:59:18.475792 Charlie: We should replace Tango with November
ChatterBot Victor reevaluating
ChatterBot Foxtrot reevaluating
2024-10-14 14:59:18.499637 Romeo: No
2024-10-14 14:59:18.499901 Zulu: No
2024-10-14 14:59:18.500551 Victor: No
2024-10-14 14:59:18.500767 Foxtrot: No
2024-10-14 14:59:18.500943 Bravo: No
ChatterBot Victor reevaluating
ChatterBot Foxtrot reevaluating
ChatterBot Charlie reevaluating
ChatterBot Victor reevaluating
ChatterBot Foxtrot reevaluating
ChatterBot Charlie reevaluating
ChatterBot Foxtrot reevaluating
ChatterBot Charlie reevaluating
ChatterBot Victor reevaluating
ChatterBot Charlie reevaluating
ChatterBot Victor reevaluating
ChatterBot Foxtrot reevaluating
ChatterBot Charlie reevaluating
2024-10-14 14:59:18.709455 Bravo: Romeo, Lima and Charlie, sending you 3
chatterbot Lima submitting transactions
2024-10-14 14:59:18.717518 Bravo: Zulu and Tango, sending you 2
2024-10-14 14:59:18.858372 Foxtrot: Romeo, Zulu, Charlie, Victor and November, sending you 1
2024-10-14 14:59:18.859140 Victor: Foxtrot, Romeo, Bravo, Zulu and Charlie, sending you 2
2024-10-14 14:59:18.876891 Foxtrot: Bravo, sending you 2
chatterbot Zulu submitting transactions
chatterbot November submitting transactions
chatterbot Tango submitting transactions
chatterbot Whiskey submitting transactions
chatterbot Foxtrot submitting transactions
chatterbot Charlie submitting transactions
chatterbot Victor submitting transactions
chatterbot Bravo submitting transactions
ChatterBot Foxtrot round 11
ChatterBot Romeo round 11
ChatterBot Bravo round 11
ChatterBot Zulu round 11
ChatterBot Lima round 11
ChatterBot Tango round 11
ChatterBot Charlie round 11
ChatterBot Victor round 11
ChatterBot November round 11
ChatterBot Whiskey round 11
2024-10-14 14:59:19.768662 Foxtrot: We should replace November with Whiskey
ChatterBot Charlie reevaluating
2024-10-14 14:59:19.786142 Romeo: No
2024-10-14 14:59:19.786434 Zulu: No
2024-10-14 14:59:19.786659 Victor: Yes
2024-10-14 14:59:19.786922 Charlie: Yes
2024-10-14 14:59:19.788465 Bravo: No
ChatterBot Victor reevaluating
ChatterBot Foxtrot reevaluating
ChatterBot Charlie reevaluating
ChatterBot Bravo reevaluating
ChatterBot Victor reevaluating
ChatterBot Foxtrot reevaluating
ChatterBot Charlie reevaluating
ChatterBot Bravo reevaluating
ChatterBot Foxtrot reevaluating
ChatterBot Charlie reevaluating
ChatterBot Bravo reevaluating
ChatterBot Victor reevaluating
ChatterBot Foxtrot reevaluating
ChatterBot Bravo reevaluating
ChatterBot Victor reevaluating
ChatterBot Foxtrot reevaluating
ChatterBot Charlie reevaluating
2024-10-14 14:59:19.986663 Romeo: Foxtrot, sending you 2
2024-10-14 14:59:19.988701 November: Lima, sending you 5
2024-10-14 14:59:19.990709 Romeo: Bravo, sending you 7
2024-10-14 14:59:19.992187 Lima: Bravo, Tango, November and Whiskey, sending you 4
2024-10-14 14:59:19.993423 Tango: Bravo, sending you 3
2024-10-14 14:59:19.994921 November: Tango, sending you 3
2024-10-14 14:59:19.995688 Romeo: Zulu and Victor, sending you 3
2024-10-14 14:59:19.997602 Whiskey: Bravo, sending you 2
2024-10-14 14:59:19.998702 Zulu: Foxtrot and Romeo, sending you 2
2024-10-14 14:59:19.999425 Victor: Foxtrot, Romeo, Bravo, Zulu and Charlie, sending you 2
2024-10-14 14:59:20.000320 Bravo: Foxtrot, Victor and Whiskey, sending you 1
2024-10-14 14:59:20.000968 Tango: Lima, November and Whiskey, sending you 2
2024-10-14 14:59:20.002170 November: Whiskey, sending you 8
2024-10-14 14:59:20.003149 Romeo: Charlie, sending you 1
2024-10-14 14:59:20.004352 Foxtrot: Romeo, Zulu, Charlie, Victor and November, sending you 1
2024-10-14 14:59:20.004946 Whiskey: Lima, sending you 4
2024-10-14 14:59:20.006157 Zulu: Bravo and Charlie, sending you 4
2024-10-14 14:59:20.007543 Bravo: Romeo, Lima and Charlie, sending you 3
2024-10-14 14:59:20.009245 Foxtrot: Bravo, sending you 2
2024-10-14 14:59:20.010663 Whiskey: Tango, sending you 3
2024-10-14 14:59:20.012397 Zulu: Victor, sending you 3
2024-10-14 14:59:20.014388 Bravo: Zulu and Tango, sending you 2
2024-10-14 14:59:20.016644 Whiskey: November, sending you 7
chatterbot Tango submitting transactions
chatterbot Foxtrot submitting transactions
chatterbot Bravo submitting transactions
chatterbot Romeo submitting transactions
chatterbot Charlie submitting transactions
chatterbot November submitting transactions
chatterbot Victor submitting transactions
chatterbot Whiskey submitting transactions
chatterbot Zulu submitting transactions
chatterbot Lima submitting transactions
ChatterBot Foxtrot round 12
ChatterBot Romeo round 12
ChatterBot Bravo round 12
ChatterBot Zulu round 12
ChatterBot Lima round 12
ChatterBot Tango round 12
ChatterBot Charlie round 12
ChatterBot Victor round 12
ChatterBot November round 12
ChatterBot Whiskey round 12
2024-10-14 14:59:21.215408 Foxtrot: We should replace November with Whiskey
ChatterBot Charlie reevaluating
ChatterBot Bravo reevaluating
2024-10-14 14:59:21.243939 Romeo: No
2024-10-14 14:59:21.244150 Zulu: No
2024-10-14 14:59:21.244880 Victor: Yes
2024-10-14 14:59:21.245059 Charlie: Yes
2024-10-14 14:59:21.245232 Bravo: Yes
ChatterBot Victor reevaluating
ChatterBot Foxtrot reevaluating
ChatterBot Charlie reevaluating
ChatterBot Bravo reevaluating
ChatterBot Victor reevaluating
ChatterBot Foxtrot reevaluating
ChatterBot Charlie reevaluating
ChatterBot Bravo reevaluating
ChatterBot Foxtrot reevaluating
ChatterBot Charlie reevaluating
ChatterBot Bravo reevaluating
ChatterBot Victor reevaluating
ChatterBot Foxtrot reevaluating
ChatterBot Bravo reevaluating
ChatterBot Victor reevaluating
ChatterBot Foxtrot reevaluating
ChatterBot Charlie reevaluating
2024-10-14 14:59:21.419731 Victor: We should replace Whiskey with Tango
ChatterBot Foxtrot reevaluating
ChatterBot Charlie reevaluating
ChatterBot Bravo reevaluating
2024-10-14 14:59:21.443397 Romeo: No
2024-10-14 14:59:21.443575 Zulu: No
