ChatterBot Papa round 1
ChatterBot X-ray round 1
ChatterBot Romeo round 1
ChatterBot Oscar round 1
ChatterBot Yankee round 1
ChatterBot November round 1
ChatterBot Foxtrot round 1
ChatterBot Mike round 1
ChatterBot Echo round 1
ChatterBot Whiskey round 1
randomSelections Papa: {Papa, Foxtrot, Whiskey, Oscar, Yankee, November} 
2024-10-14 14:59:03.282921 Papa: Friends?
ChatterBot Foxtrot reevaluating
ChatterBot Whiskey reevaluating
ChatterBot Oscar reevaluating
ChatterBot Yankee reevaluating
ChatterBot November reevaluating
2024-10-14 14:59:03.294383 Foxtrot: Yes
2024-10-14 14:59:03.294531 Whiskey: Yes
2024-10-14 14:59:03.294676 Oscar: Yes
2024-10-14 14:59:03.294799 Yankee: Yes
2024-10-14 14:59:03.294926 November: Yes
ChatterBot Whiskey reevaluating
ChatterBot Oscar reevaluating
ChatterBot Yankee reevaluating
ChatterBot November reevaluating
ChatterBot Foxtrot reevaluating
ChatterBot Oscar reevaluating
ChatterBot Yankee reevaluating
ChatterBot November reevaluating
ChatterBot Foxtrot reevaluating
ChatterBot Whiskey reevaluating
ChatterBot Yankee reevaluating
ChatterBot November reevaluating
ChatterBot Foxtrot reevaluating
ChatterBot Whiskey reevaluating
ChatterBot Oscar reevaluating
ChatterBot November reevaluating
ChatterBot Foxtrot reevaluating
ChatterBot Whiskey reevaluating
ChatterBot Oscar reevaluating
ChatterBot Yankee reevaluating
randomSelections Mike: {Mike, Whiskey, November} 
2024-10-14 14:59:03.338832 Mike: Group up?
ChatterBot Whiskey reevaluating
ChatterBot November reevaluating
2024-10-14 14:59:03.342494 Whiskey: No
2024-10-14 14:59:03.342689 November: No
ChatterBot November reevaluating
ChatterBot Whiskey reevaluating
randomSelections Echo: {Echo, Mike, Romeo, November, Oscar, Yankee} 
2024-10-14 14:59:03.350827 Echo: We should group up
ChatterBot Romeo reevaluating
ChatterBot November reevaluating
ChatterBot Oscar reevaluating
ChatterBot Yankee reevaluating
2024-10-14 14:59:03.358300 Mike: No
2024-10-14 14:59:03.358440 Romeo: Yes
2024-10-14 14:59:03.358548 November: No
2024-10-14 14:59:03.358735 Oscar: No
2024-10-14 14:59:03.358878 Yankee: No
ChatterBot Romeo reevaluating
ChatterBot November reevaluating
ChatterBot Oscar reevaluating
ChatterBot Yankee reevaluating
ChatterBot November reevaluating
ChatterBot Oscar reevaluating
ChatterBot Yankee reevaluating
ChatterBot Romeo reevaluating
ChatterBot Oscar reevaluating
ChatterBot Yankee reevaluating
ChatterBot Romeo reevaluating
ChatterBot November reevaluating
ChatterBot Yankee reevaluating
ChatterBot Romeo reevaluating
ChatterBot November reevaluating
ChatterBot Oscar reevaluating
randomSelections X-ray: {X-ray, Papa, Echo, Oscar, Yankee} 
2024-10-14 14:59:03.403440 X-ray: We would work well together
ChatterBot Oscar reevaluating
ChatterBot Yankee reevaluating
2024-10-14 14:59:03.409055 Papa: No
2024-10-14 14:59:03.409230 Echo: No
2024-10-14 14:59:03.409361 Oscar: No
2024-10-14 14:59:03.409461 Yankee: No
ChatterBot Oscar reevaluating
ChatterBot Yankee reevaluating
ChatterBot Oscar reevaluating
ChatterBot Yankee reevaluating
ChatterBot Yankee reevaluating
ChatterBot Oscar reevaluating
2024-10-14 14:59:03.452065 Mike: November, sending you 3
2024-10-14 14:59:03.452359 Whiskey: Papa, sending you 1
2024-10-14 14:59:03.453430 Romeo: Oscar, sending you 1
2024-10-14 14:59:03.453816 X-ray: Papa, sending you 4
2024-10-14 14:59:03.454115 Oscar: Papa and Whiskey, sending you 3
2024-10-14 14:59:03.454345 Yankee: Papa and Oscar, sending you 4
2024-10-14 14:59:03.455201 Echo: Romeo and November, sending you 2
2024-10-14 14:59:03.455749 Mike: Whiskey, sending you 5
2024-10-14 14:59:03.456694 Whiskey: Oscar and Yankee, sending you 2
2024-10-14 14:59:03.457017 November: Papa and Whiskey, sending you 1
2024-10-14 14:59:03.458171 Romeo: Yankee, sending you 5
2024-10-14 14:59:03.458430 Foxtrot: Papa, sending you 5
2024-10-14 14:59:03.458713 X-ray: Oscar, sending you 2
2024-10-14 14:59:03.458951 Oscar: Yankee, sending you 2
2024-10-14 14:59:03.459717 Yankee: November and Whiskey, sending you 3
2024-10-14 14:59:03.459991 Echo: Oscar, Yankee and Mike, sending you 1
2024-10-14 14:59:03.460270 Whiskey: November, sending you 4
2024-10-14 14:59:03.462174 November: Oscar, sending you 2
2024-10-14 14:59:03.463579 Romeo: November, sending you 6
2024-10-14 14:59:03.463900 X-ray: Yankee, sending you 3
2024-10-14 14:59:03.464215 Foxtrot: Oscar and Yankee, sending you 4
2024-10-14 14:59:03.465322 Yankee: Foxtrot, sending you 1
2024-10-14 14:59:03.465646 Whiskey: Foxtrot, sending you 6
2024-10-14 14:59:03.466014 Oscar: November and Foxtrot, sending you 4
2024-10-14 14:59:03.466340 November: Yankee, sending you 3
2024-10-14 14:59:03.467964 Romeo: Mike, sending you 2
2024-10-14 14:59:03.468898 X-ray: Echo, sending you 6
2024-10-14 14:59:03.469255 Foxtrot: November, sending you 2
2024-10-14 14:59:03.474154 Romeo: Echo, sending you 4
chatterbot Yankee submitting transactions
chatterbot X-ray submitting transactions
chatterbot Oscar submitting transactions
chatterbot Papa submitting transactions
chatterbot November submitting transactions
chatterbot Whiskey submitting transactions
chatterbot Mike submitting transactions
chatterbot Echo submitting transactions
chatterbot Foxtrot submitting transactions
chatterbot Romeo submitting transactions
ChatterBot Papa round 2
ChatterBot X-ray round 2
ChatterBot Romeo round 2
ChatterBot Oscar round 2
2024-10-14 14:59:05.023406 X-ray: Let's form a team
ChatterBot Romeo reevaluating
ChatterBot Echo reevaluating
ChatterBot Papa reevaluating
2024-10-14 14:59:05.055144 Romeo: No
2024-10-14 14:59:05.055369 Echo: No
2024-10-14 14:59:05.055973 Papa: No
ChatterBot X-ray reevaluating
ChatterBot Echo reevaluating
ChatterBot Papa reevaluating
ChatterBot X-ray reevaluating
ChatterBot Romeo reevaluating
ChatterBot Papa reevaluating
ChatterBot X-ray reevaluating
ChatterBot Romeo reevaluating
ChatterBot Echo reevaluating
ChatterBot Yankee round 2
ChatterBot November round 2
ChatterBot Foxtrot round 2
ChatterBot Mike round 2
ChatterBot Echo round 2
ChatterBot Whiskey round 2
2024-10-14 14:59:05.169639 Yankee: Can we be friends?
ChatterBot November reevaluating
ChatterBot Foxtrot reevaluating
ChatterBot Whiskey reevaluating
ChatterBot X-ray reevaluating
ChatterBot Romeo reevaluating
ChatterBot Echo reevaluating
2024-10-14 14:59:05.198293 Oscar: No
2024-10-14 14:59:05.198495 November: No
2024-10-14 14:59:05.198953 Foxtrot: No
2024-10-14 14:59:05.199069 Whiskey: No
2024-10-14 14:59:05.199180 X-ray: No
2024-10-14 14:59:05.199290 Romeo: Yes
2024-10-14 14:59:05.199389 Echo: No
ChatterBot November reevaluating
ChatterBot Foxtrot reevaluating
ChatterBot Whiskey reevaluating
ChatterBot X-ray reevaluating
ChatterBot Romeo reevaluating
ChatterBot Echo reevaluating
ChatterBot Foxtrot reevaluating
ChatterBot Whiskey reevaluating
ChatterBot X-ray reevaluating
ChatterBot Romeo reevaluating
ChatterBot Echo reevaluating
ChatterBot November reevaluating
ChatterBot Whiskey reevaluating
ChatterBot X-ray reevaluating
ChatterBot Romeo reevaluating
ChatterBot Echo reevaluating
ChatterBot November reevaluating
ChatterBot Foxtrot reevaluating
ChatterBot X-ray reevaluating
ChatterBot Romeo reevaluating
ChatterBot Echo reevaluating
ChatterBot Yankee reevaluating
ChatterBot November reevaluating
ChatterBot Foxtrot reevaluating
ChatterBot Whiskey reevaluating
ChatterBot Romeo reevaluating
ChatterBot Echo reevaluating
ChatterBot Yankee reevaluating
ChatterBot November reevaluating
ChatterBot Foxtrot reevaluating
ChatterBot Whiskey reevaluating
ChatterBot X-ray reevaluating
ChatterBot Echo reevaluating
ChatterBot Yankee reevaluating
ChatterBot November reevaluating
ChatterBot Foxtrot reevaluating
ChatterBot Whiskey reevaluating
ChatterBot X-ray reevaluating
ChatterBot Romeo reevaluating
2024-10-14 14:59:05.496910 Mike: Can we be friends?
ChatterBot Romeo reevaluating
2024-10-14 14:59:05.501339 Romeo: No
2024-10-14 14:59:05.514809 Oscar: We should drop Papa
ChatterBot November reevaluating
ChatterBot Yankee reevaluating
ChatterBot Foxtrot reevaluating
ChatterBot Whiskey reevaluating
2024-10-14 14:59:05.531550 November: Yes
2024-10-14 14:59:05.531683 Yankee: Yes
2024-10-14 14:59:05.531784 Foxtrot: Yes
2024-10-14 14:59:05.532264 Whiskey: Yes
ChatterBot Yankee reevaluating
ChatterBot Foxtrot reevaluating
ChatterBot Whiskey reevaluating
ChatterBot November reevaluating
ChatterBot Foxtrot reevaluating
ChatterBot Whiskey reevaluating
ChatterBot November reevaluating
ChatterBot Yankee reevaluating
ChatterBot Whiskey reevaluating
ChatterBot November reevaluating
ChatterBot Yankee reevaluating
ChatterBot Foxtrot reevaluating
2024-10-14 14:59:05.611762 Foxtrot: We should replace Papa with Romeo
ChatterBot Yankee reevaluating
2024-10-14 14:59:05.627425 November: Yes
2024-10-14 14:59:05.627581 Oscar: No
2024-10-14 14:59:05.627712 Yankee: Yes
2024-10-14 14:59:05.627819 Whiskey: No
ChatterBot Yankee reevaluating
ChatterBot Yankee reevaluating
ChatterBot Yankee reevaluating
2024-10-14 14:59:05.691249 Whiskey: We should drop Papa and November
2024-10-14 14:59:05.701946 Oscar: No
2024-10-14 14:59:05.702081 Yankee: No
2024-10-14 14:59:05.702545 Foxtrot: No
ChatterBot Whiskey reevaluating
ChatterBot Whiskey reevaluating
ChatterBot Whiskey reevaluating
2024-10-14 14:59:05.793497 November: Romeo we want you to join our group
2024-10-14 14:59:05.798018 Romeo: Yes
2024-10-14 14:59:05.819205 Foxtrot: Romeo we want you to join our group
2024-10-14 14:59:05.823848 Romeo: Yes
2024-10-14 14:59:05.845099 Papa: Oscar and Yankee, sending you 4
2024-10-14 14:59:05.846091 X-ray: Romeo, Yankee and Echo, sending you 5
2024-10-14 14:59:06.736859 Oscar: Yankee and Foxtrot, sending you 5
2024-10-14 14:59:06.738367 Mike: Sending you 8
2024-10-14 14:59:06.739046 Echo: X-ray, sending you 8
2024-10-14 14:59:06.739336 Romeo: X-ray, sending you 1
2024-10-14 14:59:06.739750 Papa: November and Whiskey, sending you 2
chatterbot November submitting transactions
chatterbot Oscar submitting transactions
chatterbot Romeo submitting transactions
chatterbot Papa submitting transactions
chatterbot Mike submitting transactions
2024-10-14 14:59:06.741209 Oscar: November and Whiskey, sending you 3
2024-10-14 14:59:06.742038 Echo: Romeo, sending you 6
2024-10-14 14:59:07.106036 Papa: Foxtrot, sending you 5
2024-10-14 14:59:07.106594 Romeo: Echo, sending you 11
2024-10-14 14:59:07.107792 Yankee: X-ray, Oscar, November and Whiskey, sending you 2
2024-10-14 14:59:07.108397 November: Romeo, sending you 3
2024-10-14 14:59:07.109498 Foxtrot: Oscar, sending you 5
2024-10-14 14:59:07.110042 Echo: Yankee, sending you 1
chatterbot X-ray submitting transactions
2024-10-14 14:59:07.111124 Yankee: Romeo and Foxtrot, sending you 3
2024-10-14 14:59:07.244817 November: Oscar, Yankee, Foxtrot and Whiskey, sending you 1
2024-10-14 14:59:07.245813 Foxtrot: Yankee, sending you 2
2024-10-14 14:59:07.246697 Yankee: Echo, sending you 1
chatterbot Whiskey submitting transactions
2024-10-14 14:59:07.292021 Foxtrot: November, sending you 1
2024-10-14 14:59:07.314513 Foxtrot: Whiskey, sending you 7
chatterbot Echo submitting transactions
chatterbot Foxtrot submitting transactions
chatterbot Yankee submitting transactions
ChatterBot Papa round 3
ChatterBot X-ray round 3
ChatterBot Romeo round 3
ChatterBot Oscar round 3
2024-10-14 14:59:07.593849 Papa: We should add X-ray
ChatterBot Oscar reevaluating
2024-10-14 14:59:07.625629 Foxtrot: Yes
2024-10-14 14:59:07.625848 Whiskey: Yes
2024-10-14 14:59:07.626462 Oscar: Yes
2024-10-14 14:59:07.626621 Yankee: Yes
2024-10-14 14:59:07.626777 November: Yes
ChatterBot Oscar reevaluating
ChatterBot Oscar reevaluating
ChatterBot November reevaluating
ChatterBot November reevaluating
ChatterBot Oscar reevaluating
ChatterBot November reevaluating
ChatterBot Oscar reevaluating
ChatterBot Yankee round 3
ChatterBot November round 3
ChatterBot Foxtrot round 3
ChatterBot Mike round 3
ChatterBot Echo round 3
ChatterBot Whiskey round 3
2024-10-14 14:59:07.731849 X-ray: We should add Mike
ChatterBot Romeo reevaluating
ChatterBot Echo reevaluating
ChatterBot Yankee reevaluating
2024-10-14 14:59:07.740598 Romeo: Yes
2024-10-14 14:59:07.741080 Echo: Yes
2024-10-14 14:59:07.741206 Yankee: No
ChatterBot Echo reevaluating
ChatterBot Yankee reevaluating
ChatterBot Romeo reevaluating
ChatterBot Yankee reevaluating
ChatterBot Romeo reevaluating
ChatterBot Echo reevaluating
2024-10-14 14:59:07.773894 Papa: X-ray we want you to join our group
2024-10-14 14:59:07.776720 X-ray: No
ChatterBot Oscar reevaluating
ChatterBot Yankee reevaluating
ChatterBot November reevaluating
ChatterBot Foxtrot reevaluating
ChatterBot Whiskey reevaluating
2024-10-14 14:59:07.795706 November: We should add Papa
2024-10-14 14:59:07.795994 Foxtrot: We should replace Romeo with Papa
ChatterBot Oscar reevaluating
ChatterBot Yankee reevaluating
ChatterBot Foxtrot reevaluating
ChatterBot Whiskey reevaluating
ChatterBot Romeo reevaluating
ChatterBot November reevaluating
2024-10-14 14:59:07.814250 Oscar: Yes
ChatterBot Oscar reevaluating
2024-10-14 14:59:07.833360 Yankee: Yes
ChatterBot Yankee reevaluating
2024-10-14 14:59:07.857428 Foxtrot: Yes
2024-10-14 14:59:07.857735 Whiskey: Yes
ChatterBot Whiskey reevaluating
2024-10-14 14:59:07.873670 Romeo: No
2024-10-14 14:59:07.874462 November: No
2024-10-14 14:59:07.874660 Oscar: Yes
2024-10-14 14:59:07.874969 Yankee: Yes
2024-10-14 14:59:07.875326 Whiskey: Yes
ChatterBot November reevaluating
ChatterBot Yankee reevaluating
ChatterBot Foxtrot reevaluating
ChatterBot Whiskey reevaluating
ChatterBot Romeo reevaluating
ChatterBot November reevaluating
ChatterBot Oscar reevaluating
ChatterBot Foxtrot reevaluating
ChatterBot Whiskey reevaluating
ChatterBot Romeo reevaluating
ChatterBot November reevaluating
ChatterBot Oscar reevaluating
ChatterBot Yankee reevaluating
ChatterBot Whiskey reevaluating
ChatterBot Romeo reevaluating
ChatterBot November reevaluating
ChatterBot Oscar reevaluating
ChatterBot Yankee reevaluating
ChatterBot Foxtrot reevaluating
ChatterBot Romeo reevaluating
ChatterBot November reevaluating
ChatterBot Oscar reevaluating
ChatterBot Yankee reevaluating
ChatterBot Foxtrot reevaluating
ChatterBot Whiskey reevaluating
ChatterBot Oscar reevaluating
ChatterBot Yankee reevaluating
ChatterBot Foxtrot reevaluating
ChatterBot Whiskey reevaluating
ChatterBot November reevaluating
ChatterBot Yankee reevaluating
ChatterBot Foxtrot reevaluating
ChatterBot Whiskey reevaluating
ChatterBot November reevaluating
ChatterBot Oscar reevaluating
ChatterBot Foxtrot reevaluating
ChatterBot Whiskey reevaluating
ChatterBot November reevaluating
ChatterBot Oscar reevaluating
ChatterBot Yankee reevaluating
ChatterBot Foxtrot reevaluating
2024-10-14 14:59:08.037050 Oscar: We should replace November with Papa
ChatterBot Whiskey reevaluating
ChatterBot Yankee reevaluating
ChatterBot Foxtrot reevaluating
2024-10-14 14:59:08.053265 Whiskey: Yes
2024-10-14 14:59:08.053438 Yankee: No
2024-10-14 14:59:08.053579 Foxtrot: No
ChatterBot Oscar reevaluating
ChatterBot Yankee reevaluating
ChatterBot Foxtrot reevaluating
ChatterBot Whiskey reevaluating
ChatterBot Oscar reevaluating
ChatterBot Foxtrot reevaluating
ChatterBot Whiskey reevaluating
ChatterBot Oscar reevaluating
ChatterBot Yankee reevaluating
2024-10-14 14:59:08.112498 Mike: We would work well together
ChatterBot Echo reevaluating
2024-10-14 14:59:08.121658 X-ray: Yes
2024-10-14 14:59:08.121869 Echo: Yes
ChatterBot Echo reevaluating
2024-10-14 14:59:08.159986 X-ray: Mike we want you to join our group
2024-10-14 14:59:08.164730 Mike: No
ChatterBot Romeo reevaluating
ChatterBot Echo reevaluating
ChatterBot Yankee reevaluating
2024-10-14 14:59:08.189096 Oscar: Papa we want you to join our group
2024-10-14 14:59:08.194187 Papa: Yes
ChatterBot Oscar reevaluating
ChatterBot Foxtrot reevaluating
ChatterBot Whiskey reevaluating
2024-10-14 14:59:08.212275 Echo: Mike we want you to join our group
2024-10-14 14:59:08.215873 Mike: No
2024-10-14 14:59:08.227294 November: Papa we want you to join our group
2024-10-14 14:59:08.231864 Papa: No
ChatterBot November reevaluating
ChatterBot Foxtrot reevaluating
2024-10-14 14:59:08.312316 Whiskey: We should drop November
2024-10-14 14:59:08.325846 Oscar: Yes
2024-10-14 14:59:08.326395 Papa: No
2024-10-14 14:59:08.327408 Yankee: No
2024-10-14 14:59:08.327923 Foxtrot: No
chatterbot Papa submitting transactions
2024-10-14 14:59:08.392228 Yankee: Papa, November and Foxtrot, sending you 2
2024-10-14 14:59:08.392940 Papa: X-ray, Oscar and Yankee, sending you 3
2024-10-14 14:59:08.393982 Foxtrot: Papa we want you to join our group
2024-10-14 14:59:08.400246 Papa: Yes
2024-10-14 14:59:08.414369 X-ray: Romeo and Mike, sending you 3
2024-10-14 14:59:08.415794 Mike: X-ray, sending you 3
2024-10-14 14:59:08.416983 Romeo: X-ray, sending you 4
2024-10-14 14:59:08.417655 Yankee: X-ray, Oscar and Whiskey, sending you 3
2024-10-14 14:59:08.418912 Papa: November and Whiskey, sending you 2
2024-10-14 14:59:08.605706 X-ray: Yankee, sending you 4
2024-10-14 14:59:08.606123 Mike: Echo, sending you 5
2024-10-14 14:59:08.606781 Romeo: Mike, sending you 7
2024-10-14 14:59:08.607195 Echo: X-ray, sending you 6
2024-10-14 14:59:08.607453 Papa: Foxtrot, sending you 4
chatterbot X-ray submitting transactions
2024-10-14 14:59:08.906212 X-ray: Echo, sending you 5
2024-10-14 14:59:08.907051 Romeo: Echo, sending you 8
2024-10-14 14:59:08.907290 Echo: Romeo, sending you 8
2024-10-14 14:59:08.907485 Whiskey: Papa, sending you 3
2024-10-14 14:59:08.907799 Foxtrot: Papa, sending you 3
2024-10-14 14:59:08.908509 Oscar: Papa, sending you 3
2024-10-14 14:59:08.908775 November: Papa, Romeo, Yankee, Foxtrot and Whiskey, sending you 1
chatterbot Romeo submitting transactions
chatterbot Whiskey submitting transactions
2024-10-14 14:59:09.061196 Echo: Mike, sending you 1
2024-10-14 14:59:09.062097 Oscar: Yankee and Whiskey, sending you 4
2024-10-14 14:59:09.063068 Whiskey: Oscar, Yankee and Foxtrot, sending you 4
2024-10-14 14:59:09.063448 Foxtrot: Oscar, sending you 4
2024-10-14 14:59:09.064021 November: Oscar, sending you 2
chatterbot November submitting transactions
2024-10-14 14:59:09.157992 Oscar: Foxtrot, sending you 5
2024-10-14 14:59:09.158550 Foxtrot: Yankee, sending you 2
2024-10-14 14:59:09.214449 Foxtrot: November, sending you 1
chatterbot Oscar submitting transactions
2024-10-14 14:59:09.288250 Foxtrot: Whiskey, sending you 5
chatterbot Mike submitting transactions
chatterbot Echo submitting transactions
chatterbot Yankee submitting transactions
chatterbot Foxtrot submitting transactions
ChatterBot Papa round 4
ChatterBot X-ray round 4
ChatterBot Romeo round 4
ChatterBot Oscar round 4
ChatterBot Yankee round 4
ChatterBot November round 4
ChatterBot Foxtrot round 4
ChatterBot Mike round 4
ChatterBot Echo round 4
ChatterBot Whiskey round 4
2024-10-14 14:59:09.694801 November: We should replace Romeo with X-ray
2024-10-14 14:59:09.709770 Papa: Yes
2024-10-14 14:59:09.710171 Foxtrot: No
2024-10-14 14:59:09.710481 Whiskey: No
2024-10-14 14:59:09.711069 Oscar: No
2024-10-14 14:59:09.711288 Yankee: Yes
ChatterBot November reevaluating
ChatterBot November reevaluating
ChatterBot November reevaluating
ChatterBot November reevaluating
2024-10-14 14:59:09.785030 Mike: We should replace Echo with Romeo
2024-10-14 14:59:09.788207 X-ray: No
ChatterBot Mike reevaluating
2024-10-14 14:59:09.798977 Mike: We should replace X-ray with Romeo
2024-10-14 14:59:09.801995 Echo: No
ChatterBot Mike reevaluating
2024-10-14 14:59:09.806006 November: We should drop Romeo
2024-10-14 14:59:09.818882 Papa: Yes
2024-10-14 14:59:09.819130 Foxtrot: Yes
2024-10-14 14:59:09.819344 Whiskey: Yes
2024-10-14 14:59:09.819543 Oscar: Yes
2024-10-14 14:59:09.820073 Yankee: Yes
ChatterBot November reevaluating
ChatterBot November reevaluating
ChatterBot November reevaluating
ChatterBot November reevaluating
ChatterBot November reevaluating
2024-10-14 14:59:09.889112 Papa: X-ray and November, sending you 2
2024-10-14 14:59:09.936013 Romeo: X-ray and Mike, sending you 4
2024-10-14 14:59:09.936825 Foxtrot: Papa, sending you 3
2024-10-14 14:59:09.937370 Echo: X-ray, sending you 5
2024-10-14 14:59:09.938076 Oscar: Papa, sending you 3
2024-10-14 14:59:09.938437 Yankee: Papa, November and Foxtrot, sending you 2
2024-10-14 14:59:09.938804 Whiskey: Papa, sending you 3
2024-10-14 14:59:09.939419 X-ray: Romeo, Yankee and Echo, sending you 4
2024-10-14 14:59:09.939683 Papa: Oscar, Yankee and Whiskey, sending you 3
2024-10-14 14:59:09.940710 Mike: Romeo we want you to join our group
2024-10-14 14:59:09.943592 Romeo: Yes
ChatterBot Mike reevaluating
2024-10-14 14:59:09.950298 Romeo: Echo, sending you 10
2024-10-14 14:59:09.950624 Foxtrot: Oscar, sending you 5
2024-10-14 14:59:09.951218 Oscar: Yankee and Whiskey, sending you 4
2024-10-14 14:59:09.952043 Yankee: X-ray, Oscar and Whiskey, sending you 3
2024-10-14 14:59:09.952525 Echo: Romeo, sending you 7
2024-10-14 14:59:09.953163 X-ray: Mike, sending you 3
2024-10-14 14:59:09.953514 Whiskey: Oscar, Yankee and Foxtrot, sending you 4
2024-10-14 14:59:09.953928 Papa: Foxtrot, sending you 4
2024-10-14 14:59:09.978969 Foxtrot: Yankee, sending you 2
2024-10-14 14:59:09.980324 Oscar: Foxtrot, sending you 5
2024-10-14 14:59:09.981644 Echo: Mike, sending you 3
2024-10-14 14:59:10.015401 Foxtrot: November, sending you 1
2024-10-14 14:59:10.016258 November: Papa, Oscar, Foxtrot and Whiskey, sending you 1
2024-10-14 14:59:10.101254 November: Yankee, sending you 3
2024-10-14 14:59:10.102925 Foxtrot: Whiskey, sending you 4
2024-10-14 14:59:10.138434 Mike: Sending you each 4
chatterbot Oscar submitting transactions
chatterbot Echo submitting transactions
chatterbot Yankee submitting transactions
chatterbot X-ray submitting transactions
chatterbot Papa submitting transactions
chatterbot Mike submitting transactions
chatterbot Foxtrot submitting transactions
chatterbot Romeo submitting transactions
chatterbot November submitting transactions
chatterbot Whiskey submitting transactions
ChatterBot Papa round 5
ChatterBot X-ray round 5
ChatterBot Romeo round 5
ChatterBot Oscar round 5
ChatterBot Yankee round 5
ChatterBot November round 5
ChatterBot Foxtrot round 5
ChatterBot Mike round 5
ChatterBot Echo round 5
ChatterBot Whiskey round 5
2024-10-14 14:59:11.107234 November: We should add X-ray
2024-10-14 14:59:11.121152 Papa: Yes
2024-10-14 14:59:11.121384 Foxtrot: Yes
2024-10-14 14:59:11.121644 Whiskey: Yes
2024-10-14 14:59:11.121805 Oscar: Yes
2024-10-14 14:59:11.121966 Yankee: Yes
2024-10-14 14:59:11.202895 November: X-ray we want you to join our group
2024-10-14 14:59:11.205986 X-ray: No
2024-10-14 14:59:11.675476 Oscar: Papa, sending you 3
2024-10-14 14:59:11.676436 Mike: Sending you each 2
2024-10-14 14:59:11.676783 Papa: X-ray and November, sending you 2
2024-10-14 14:59:11.697585 Yankee: Papa, November and Foxtrot, sending you 2
2024-10-14 14:59:11.698607 Oscar: Yankee and Whiskey, sending you 4
2024-10-14 14:59:11.699065 Whiskey: Papa, sending you 3
2024-10-14 14:59:11.699454 Echo: X-ray, sending you 5
2024-10-14 14:59:11.700170 November: Papa, X-ray, Oscar, Foxtrot and Whiskey, sending you 1
2024-10-14 14:59:11.700600 Foxtrot: Papa, sending you 3
2024-10-14 14:59:11.701463 Romeo: X-ray, sending you 5
2024-10-14 14:59:11.701713 Papa: Oscar, Yankee and Whiskey, sending you 3
2024-10-14 14:59:11.702035 X-ray: Romeo, Yankee and Echo, sending you 4
chatterbot Mike submitting transactions
2024-10-14 14:59:11.702474 Oscar: Foxtrot, sending you 5
2024-10-14 14:59:11.703226 Yankee: X-ray, Oscar and Whiskey, sending you 3
2024-10-14 14:59:11.703558 Whiskey: Oscar, Yankee and Foxtrot, sending you 4
2024-10-14 14:59:11.703891 November: Yankee, sending you 2
2024-10-14 14:59:11.708418 Echo: Romeo, sending you 7
2024-10-14 14:59:11.708824 X-ray: Mike, sending you 3
2024-10-14 14:59:11.709903 Foxtrot: Oscar, sending you 5
2024-10-14 14:59:11.710519 Papa: Foxtrot, sending you 4
2024-10-14 14:59:11.711531 Romeo: Mike, sending you 4
2024-10-14 14:59:11.718213 Echo: Mike, sending you 3
2024-10-14 14:59:11.718960 Foxtrot: Yankee, sending you 2
2024-10-14 14:59:11.719413 Romeo: Echo, sending you 10
2024-10-14 14:59:11.732511 Foxtrot: November, sending you 1
2024-10-14 14:59:11.736781 Foxtrot: Whiskey, sending you 4
chatterbot Papa submitting transactions
chatterbot Whiskey submitting transactions
chatterbot Foxtrot submitting transactions
chatterbot Yankee submitting transactions
chatterbot November submitting transactions
chatterbot Echo submitting transactions
chatterbot X-ray submitting transactions
chatterbot Oscar submitting transactions
chatterbot Romeo submitting transactions
ChatterBot Papa round 6
ChatterBot X-ray round 6
ChatterBot Romeo round 6
ChatterBot Oscar round 6
ChatterBot Yankee round 6
ChatterBot November round 6
ChatterBot Foxtrot round 6
ChatterBot Mike round 6
ChatterBot Echo round 6
ChatterBot Whiskey round 6
2024-10-14 14:59:12.486531 Romeo: We should add November
2024-10-14 14:59:12.498997 X-ray: No
2024-10-14 14:59:12.499171 Echo: No
2024-10-14 14:59:12.499298 Mike: No
ChatterBot Romeo reevaluating
ChatterBot Mike reevaluating
ChatterBot Romeo reevaluating
ChatterBot X-ray reevaluating
ChatterBot Mike reevaluating
ChatterBot Romeo reevaluating
ChatterBot X-ray reevaluating
2024-10-14 14:59:12.538135 Mike: We should replace Echo with X-ray
ChatterBot Romeo reevaluating
2024-10-14 14:59:12.541374 Romeo: No
ChatterBot Mike reevaluating
2024-10-14 14:59:12.547263 Whiskey: We should replace Yankee with November
ChatterBot Oscar reevaluating
2024-10-14 14:59:12.554446 Papa: No
2024-10-14 14:59:12.554583 Oscar: Yes
2024-10-14 14:59:12.554708 Foxtrot: No
ChatterBot Oscar reevaluating
ChatterBot Whiskey reevaluating
ChatterBot Whiskey reevaluating
ChatterBot Oscar reevaluating
2024-10-14 14:59:12.590764 Mike: X-ray we want you to join our group
ChatterBot X-ray reevaluating
2024-10-14 14:59:12.593897 X-ray: Yes
ChatterBot Romeo reevaluating
2024-10-14 14:59:12.599688 X-ray: We should replace Yankee with Papa
ChatterBot Romeo reevaluating
2024-10-14 14:59:12.607062 Romeo: No
2024-10-14 14:59:12.607223 Echo: No
2024-10-14 14:59:12.607347 Mike: No
ChatterBot X-ray reevaluating
ChatterBot Romeo reevaluating
ChatterBot X-ray reevaluating
ChatterBot Romeo reevaluating
ChatterBot X-ray reevaluating
2024-10-14 14:59:12.631805 Oscar: November we want you to join our group
2024-10-14 14:59:12.634406 November: Yes
ChatterBot Whiskey reevaluating
2024-10-14 14:59:12.644931 Foxtrot: Papa, sending you 3
2024-10-14 14:59:12.647670 Papa: X-ray and November, sending you 2
2024-10-14 14:59:12.649596 November: Papa, X-ray, Oscar, Foxtrot and Whiskey, sending you 1
2024-10-14 14:59:12.650174 Whiskey: November we want you to join our group
2024-10-14 14:59:12.655164 November: Yes
ChatterBot Whiskey reevaluating
2024-10-14 14:59:12.671681 Yankee: Papa, November and Foxtrot, sending you 2
2024-10-14 14:59:12.673387 Echo: X-ray, sending you 4
2024-10-14 14:59:12.673945 Foxtrot: Oscar, sending you 5
2024-10-14 14:59:12.675403 Papa: Oscar, Yankee and Whiskey, sending you 3
2024-10-14 14:59:12.676018 November: Yankee, sending you 2
2024-10-14 14:59:12.677226 Yankee: X-ray, Oscar and Whiskey, sending you 3
2024-10-14 14:59:12.677844 Echo: Romeo, sending you 8
2024-10-14 14:59:12.679663 Foxtrot: Yankee, sending you 2
2024-10-14 14:59:12.681166 Romeo: X-ray, sending you 5
2024-10-14 14:59:12.681603 Papa: Foxtrot, sending you 4
2024-10-14 14:59:12.682895 Oscar: Papa, sending you 3
2024-10-14 14:59:12.683357 Mike: Sending you each 2
2024-10-14 14:59:12.684189 Echo: Mike, sending you 3
2024-10-14 14:59:12.685687 Foxtrot: November, sending you 1
2024-10-14 14:59:12.686320 Romeo: Mike, sending you 4
2024-10-14 14:59:12.686753 Oscar: November, sending you 2
2024-10-14 14:59:12.689890 Foxtrot: Whiskey, sending you 4
2024-10-14 14:59:12.691084 Romeo: Echo, sending you 10
2024-10-14 14:59:12.691730 Oscar: Foxtrot, sending you 6
2024-10-14 14:59:12.696673 Oscar: Whiskey, sending you 5
2024-10-14 14:59:12.707702 Whiskey: Papa, Oscar and Foxtrot, sending you 4
2024-10-14 14:59:12.711679 Whiskey: November, sending you 3
chatterbot November submitting transactions
chatterbot Romeo submitting transactions
chatterbot X-ray submitting transactions
chatterbot Yankee submitting transactions
chatterbot Echo submitting transactions
chatterbot Oscar submitting transactions
chatterbot Foxtrot submitting transactions
chatterbot Papa submitting transactions
chatterbot Mike submitting transactions
chatterbot Whiskey submitting transactions
ChatterBot Papa round 7
ChatterBot X-ray round 7
ChatterBot Romeo round 7
ChatterBot Oscar round 7
ChatterBot Yankee round 7
ChatterBot November round 7
ChatterBot Foxtrot round 7
ChatterBot Mike round 7
ChatterBot Echo round 7
ChatterBot Whiskey round 7
2024-10-14 14:59:13.939849 Mike: We should replace X-ray with Echo
2024-10-14 14:59:13.944034 Romeo: No
2024-10-14 14:59:13.976830 Whiskey: We should replace Oscar with Yankee
2024-10-14 14:59:13.988678 Papa: No
2024-10-14 14:59:13.989231 November: No
2024-10-14 14:59:13.989668 Foxtrot: No
2024-10-14 14:59:14.031245 Mike: Echo we want you to join our group
2024-10-14 14:59:14.034659 Echo: Yes
2024-10-14 14:59:14.040435 Whiskey: Yankee we want you to join our group
2024-10-14 14:59:14.044766 Yankee: Yes
2024-10-14 14:59:14.055437 Echo: I was attacked by Mike
ChatterBot Romeo reevaluating
ChatterBot X-ray reevaluating
ChatterBot Mike reevaluating
2024-10-14 14:59:14.065636 Echo: I'm keeping this round to protect myself
2024-10-14 14:59:14.067133 Echo: Ow
2024-10-14 14:59:14.072773 Papa: X-ray, sending you 1
2024-10-14 14:59:14.074660 Oscar: Papa, sending you 3
2024-10-14 14:59:14.075632 Yankee: Papa, X-ray, Oscar and Whiskey, sending you 3
2024-10-14 14:59:14.076385 Foxtrot: Papa, sending you 3
2024-10-14 14:59:14.083383 November: Papa, X-ray, Oscar, Foxtrot and Whiskey, sending you 1
2024-10-14 14:59:14.084956 Oscar: November, sending you 2
2024-10-14 14:59:14.085448 Papa: Oscar and Yankee, sending you 3
2024-10-14 14:59:14.086785 Yankee: November, sending you 1
2024-10-14 14:59:14.087528 Foxtrot: Oscar, sending you 5
2024-10-14 14:59:14.088784 Whiskey: Papa, Yankee and Foxtrot, sending you 4
2024-10-14 14:59:14.089660 Oscar: Foxtrot, sending you 6
2024-10-14 14:59:14.091194 November: Yankee, sending you 2
2024-10-14 14:59:14.092335 Papa: November, sending you 2
2024-10-14 14:59:14.093432 Yankee: Foxtrot, sending you 2
2024-10-14 14:59:14.095292 Foxtrot: Yankee, sending you 2
2024-10-14 14:59:14.096941 Romeo: X-ray and Mike, sending you 4
2024-10-14 14:59:14.098162 Whiskey: November, sending you 3
2024-10-14 14:59:14.098741 Oscar: Whiskey, sending you 5
2024-10-14 14:59:14.100186 Papa: Foxtrot and Whiskey, sending you 4
2024-10-14 14:59:14.101885 Romeo: Echo, sending you 11
2024-10-14 14:59:14.102700 Foxtrot: November, sending you 1
2024-10-14 14:59:14.106958 Mike: Sending you each 4
2024-10-14 14:59:14.109759 Foxtrot: Whiskey, sending you 4
chatterbot Mike submitting transactions
chatterbot Yankee submitting transactions
chatterbot Whiskey submitting transactions
chatterbot Foxtrot submitting transactions
chatterbot Romeo submitting transactions
chatterbot November submitting transactions
chatterbot Papa submitting transactions
chatterbot X-ray submitting transactions
chatterbot Oscar submitting transactions
chatterbot Echo submitting transactions
ChatterBot Papa round 8
ChatterBot X-ray round 8
ChatterBot Romeo round 8
ChatterBot Oscar round 8
ChatterBot Yankee round 8
ChatterBot November round 8
ChatterBot Foxtrot round 8
ChatterBot Mike round 8
ChatterBot Echo round 8
ChatterBot Whiskey round 8
2024-10-14 14:59:15.150751 Mike: We should replace Echo with X-ray
2024-10-14 14:59:15.153407 Romeo: No
2024-10-14 14:59:15.177829 Whiskey: We should replace Foxtrot with Oscar
2024-10-14 14:59:15.190665 Papa: No
2024-10-14 14:59:15.190855 Yankee: No
2024-10-14 14:59:15.191102 November: No
2024-10-14 14:59:15.234562 Mike: X-ray we want you to join our group
ChatterBot X-ray reevaluating
2024-10-14 14:59:15.238538 X-ray: Yes
2024-10-14 14:59:15.244484 Whiskey: Oscar we want you to join our group
2024-10-14 14:59:15.248431 Oscar: No
ChatterBot Whiskey reevaluating
2024-10-14 14:59:15.284476 Echo: X-ray, sending you 4
2024-10-14 14:59:15.285318 Papa: X-ray, sending you 1
2024-10-14 14:59:15.287268 Oscar: Papa and Whiskey, sending you 4
2024-10-14 14:59:15.304322 Echo: Romeo, sending you 8
2024-10-14 14:59:15.305597 Papa: Oscar and Yankee, sending you 3
2024-10-14 14:59:15.307693 Oscar: November, sending you 2
2024-10-14 14:59:15.309717 Mike: Sending you each 4
2024-10-14 14:59:15.310166 Yankee: Papa, Oscar, November and Foxtrot, sending you 2
2024-10-14 14:59:15.311955 November: Papa, Oscar and Foxtrot, sending you 1
2024-10-14 14:59:15.313432 Romeo: X-ray, sending you 6
2024-10-14 14:59:15.314040 Foxtrot: Papa, sending you 3
2024-10-14 14:59:15.315576 Echo: Mike, sending you 3
2024-10-14 14:59:15.316841 Papa: November, sending you 2
2024-10-14 14:59:15.317984 Oscar: Foxtrot, sending you 6
2024-10-14 14:59:15.318975 Yankee: X-ray, sending you 4
2024-10-14 14:59:15.321249 Romeo: Mike, sending you 4
2024-10-14 14:59:15.321891 November: Yankee and Whiskey, sending you 2
2024-10-14 14:59:15.322966 Foxtrot: Oscar, sending you 5
2024-10-14 14:59:15.323584 Whiskey: Papa, Yankee and Foxtrot, sending you 4
2024-10-14 14:59:15.324484 Papa: Foxtrot and Whiskey, sending you 4
2024-10-14 14:59:15.326313 Yankee: Whiskey, sending you 3
2024-10-14 14:59:15.326985 Romeo: Echo, sending you 9
2024-10-14 14:59:15.327517 Whiskey: November, sending you 3
2024-10-14 14:59:15.328671 Foxtrot: Yankee, sending you 2
2024-10-14 14:59:15.332683 Foxtrot: November, sending you 1
2024-10-14 14:59:15.336666 Foxtrot: Whiskey, sending you 4
chatterbot Papa submitting transactions
chatterbot Whiskey submitting transactions
chatterbot Mike submitting transactions
chatterbot X-ray submitting transactions
chatterbot Yankee submitting transactions
chatterbot Foxtrot submitting transactions
chatterbot Oscar submitting transactions
chatterbot Echo submitting transactions
chatterbot November submitting transactions
chatterbot Romeo submitting transactions
ChatterBot Papa round 9
ChatterBot X-ray round 9
ChatterBot Romeo round 9
ChatterBot Oscar round 9
ChatterBot Yankee round 9
ChatterBot November round 9
ChatterBot Foxtrot round 9
ChatterBot Mike round 9
ChatterBot Echo round 9
ChatterBot Whiskey round 9
2024-10-14 14:59:16.506003 Whiskey: We should replace Foxtrot with Oscar
ChatterBot November reevaluating
2024-10-14 14:59:16.514549 Papa: No
2024-10-14 14:59:16.514681 Yankee: No
2024-10-14 14:59:16.514793 November: No
ChatterBot Whiskey reevaluating
ChatterBot November reevaluating
ChatterBot Whiskey reevaluating
ChatterBot November reevaluating
ChatterBot Whiskey reevaluating
2024-10-14 14:59:16.553690 Papa: Oscar, Foxtrot and Whiskey, sending you 4
2024-10-14 14:59:16.558682 Papa: Yankee, sending you 3
2024-10-14 14:59:16.561685 Mike: Same as last round
2024-10-14 14:59:16.562695 Yankee: Papa, X-ray and Whiskey, sending you 3
2024-10-14 14:59:16.566150 Papa: November, sending you 2
2024-10-14 14:59:16.567325 Romeo: X-ray and Mike, sending you 2
2024-10-14 14:59:16.569268 Oscar: Papa, sending you 4
2024-10-14 14:59:16.570719 Yankee: Oscar, November and Foxtrot, sending you 2
2024-10-14 14:59:16.576581 Echo: X-ray, sending you 4
2024-10-14 14:59:16.577571 Romeo: Echo, sending you 3
2024-10-14 14:59:16.578380 Oscar: November, sending you 2
2024-10-14 14:59:16.580867 November: Papa, Oscar and Foxtrot, sending you 1
2024-10-14 14:59:16.582191 Echo: Romeo, sending you 8
2024-10-14 14:59:16.584295 Oscar: Foxtrot, sending you 7
2024-10-14 14:59:16.588939 Foxtrot: Papa, sending you 3
2024-10-14 14:59:16.589829 Whiskey: Papa, Yankee and Foxtrot, sending you 4
2024-10-14 14:59:16.591688 November: Yankee and Whiskey, sending you 2
2024-10-14 14:59:16.592492 Echo: Mike, sending you 3
2024-10-14 14:59:16.593571 Oscar: Whiskey, sending you 3
2024-10-14 14:59:16.594142 Foxtrot: Oscar, sending you 5
2024-10-14 14:59:16.598750 Whiskey: November, sending you 3
2024-10-14 14:59:16.602693 Foxtrot: Yankee, sending you 2
2024-10-14 14:59:16.609345 Foxtrot: November, sending you 1
2024-10-14 14:59:16.614668 Foxtrot: Whiskey, sending you 4
chatterbot Papa submitting transactions
chatterbot X-ray submitting transactions
chatterbot Echo submitting transactions
chatterbot Mike submitting transactions
chatterbot Whiskey submitting transactions
chatterbot Romeo submitting transactions
chatterbot Yankee submitting transactions
chatterbot November submitting transactions
chatterbot Oscar submitting transactions
chatterbot Foxtrot submitting transactions
ChatterBot Papa round 10
ChatterBot X-ray round 10
ChatterBot Romeo round 10
ChatterBot Oscar round 10
ChatterBot Yankee round 10
ChatterBot November round 10
ChatterBot Foxtrot round 10
ChatterBot Mike round 10
ChatterBot Echo round 10
ChatterBot Whiskey round 10
2024-10-14 14:59:17.818778 Mike: We should replace Romeo with Echo
ChatterBot X-ray reevaluating
2024-10-14 14:59:17.822840 X-ray: No
2024-10-14 14:59:17.842516 Foxtrot: We should add X-ray
ChatterBot Oscar reevaluating
2024-10-14 14:59:17.856814 Papa: Yes
2024-10-14 14:59:17.857027 Whiskey: Yes
2024-10-14 14:59:17.857142 Oscar: Yes
2024-10-14 14:59:17.857247 Yankee: Yes
2024-10-14 14:59:17.857351 November: Yes
ChatterBot Oscar reevaluating
ChatterBot Oscar reevaluating
ChatterBot Oscar reevaluating
ChatterBot Oscar reevaluating
2024-10-14 14:59:17.924150 Mike: Echo we want you to join our group
2024-10-14 14:59:17.926805 Echo: Yes
ChatterBot Mike reevaluating
ChatterBot X-ray reevaluating
2024-10-14 14:59:17.932927 Foxtrot: X-ray we want you to join our group
2024-10-14 14:59:17.936125 X-ray: No
ChatterBot Oscar reevaluating
2024-10-14 14:59:17.952160 Oscar: We should replace Whiskey with Yankee
2024-10-14 14:59:17.974226 Papa: No
2024-10-14 14:59:17.974435 November: No
2024-10-14 14:59:17.975953 Foxtrot: No
ChatterBot Oscar reevaluating
ChatterBot Oscar reevaluating
ChatterBot Oscar reevaluating
2024-10-14 14:59:18.074746 Yankee: Papa, November and Foxtrot, sending you 2
2024-10-14 14:59:18.077065 November: Papa, Oscar, Yankee, Foxtrot and Whiskey, sending you 1
2024-10-14 14:59:18.079312 Papa: X-ray, sending you 1
2024-10-14 14:59:18.081195 Echo: X-ray, sending you 5
2024-10-14 14:59:18.082098 Romeo: X-ray and Mike, sending you 2
2024-10-14 14:59:18.084554 Oscar: Yankee we want you to join our group
2024-10-14 14:59:18.091321 Yankee: Yes
2024-10-14 14:59:18.111874 Foxtrot: I was attacked by Romeo
ChatterBot Papa reevaluating
ChatterBot Oscar reevaluating
ChatterBot Yankee reevaluating
ChatterBot November reevaluating
ChatterBot Whiskey reevaluating
ChatterBot X-ray reevaluating
2024-10-14 14:59:18.144788 Foxtrot: Ow
2024-10-14 14:59:18.147277 Echo: Romeo, sending you 8
2024-10-14 14:59:18.148456 Romeo: Echo, sending you 3
2024-10-14 14:59:18.151769 Mike: Same as last round
2024-10-14 14:59:18.153076 Echo: Mike, sending you 2
2024-10-14 14:59:18.174824 Oscar: Papa and Yankee, sending you 4
2024-10-14 14:59:18.178666 November: Yankee and Whiskey, sending you 2
2024-10-14 14:59:18.179708 Oscar: November, sending you 2
2024-10-14 14:59:18.186106 Oscar: Foxtrot, sending you 6
chatterbot Echo submitting transactions
chatterbot Foxtrot submitting transactions
chatterbot X-ray submitting transactions
chatterbot Whiskey submitting transactions
chatterbot Yankee submitting transactions
chatterbot Mike submitting transactions
chatterbot Romeo submitting transactions
chatterbot Papa submitting transactions
chatterbot Yankee submitting transactions
chatterbot Oscar submitting transactions
chatterbot November submitting transactions
ChatterBot Papa round 11
ChatterBot X-ray round 11
ChatterBot Romeo round 11
ChatterBot Oscar round 11
ChatterBot Yankee round 11
ChatterBot November round 11
ChatterBot Foxtrot round 11
ChatterBot Mike round 11
ChatterBot Echo round 11
ChatterBot Whiskey round 11
