ChatterBot Echo round 1
ChatterBot Bravo round 1
ChatterBot Juliett round 1
randomSelections Bravo: {Bravo, Kilo, Mike, Juliett, Foxtrot, Uniform} 
2024-10-14 14:59:02.910396 Bravo: Friends?
ChatterBot Juliett reevaluating
2024-10-14 14:59:02.924979 Juliett: Yes
ChatterBot Uniform round 1
ChatterBot Uniform reevaluating
ChatterBot Uniform reevaluating
2024-10-14 14:59:02.984877 Uniform: Yes
ChatterBot Juliett reevaluating
ChatterBot Foxtrot round 1
ChatterBot Foxtrot reevaluating
ChatterBot Foxtrot reevaluating
ChatterBot Foxtrot reevaluating
2024-10-14 14:59:02.999242 Foxtrot: Yes
ChatterBot Juliett reevaluating
ChatterBot Uniform reevaluating
ChatterBot Mike round 1
ChatterBot Mike reevaluating
ChatterBot Mike reevaluating
ChatterBot Mike reevaluating
ChatterBot Mike reevaluating
2024-10-14 14:59:03.017016 Mike: Yes
ChatterBot Juliett reevaluating
ChatterBot Foxtrot reevaluating
ChatterBot Uniform reevaluating
ChatterBot Hotel round 1
ChatterBot Kilo round 1
ChatterBot Kilo reevaluating
ChatterBot Kilo reevaluating
ChatterBot Kilo reevaluating
ChatterBot Kilo reevaluating
ChatterBot Kilo reevaluating
2024-10-14 14:59:03.042207 Kilo: Yes
ChatterBot Mike reevaluating
ChatterBot Juliett reevaluating
ChatterBot Foxtrot reevaluating
ChatterBot Uniform reevaluating
ChatterBot Alpha round 1
ChatterBot Papa round 1
randomSelections Echo: {Echo, Hotel, Bravo, Uniform, Papa, Juliett} 
2024-10-14 14:59:03.059746 Echo: We should group up
ChatterBot Hotel reevaluating
ChatterBot Uniform reevaluating
ChatterBot Papa reevaluating
ChatterBot Juliett reevaluating
2024-10-14 14:59:03.072234 Hotel: Yes
2024-10-14 14:59:03.072411 Bravo: No
2024-10-14 14:59:03.072586 Uniform: No
2024-10-14 14:59:03.072784 Papa: Yes
2024-10-14 14:59:03.073524 Juliett: No
ChatterBot Uniform reevaluating
ChatterBot Papa reevaluating
ChatterBot Juliett reevaluating
ChatterBot Hotel reevaluating
ChatterBot Uniform reevaluating
ChatterBot Papa reevaluating
ChatterBot Juliett reevaluating
ChatterBot Hotel reevaluating
ChatterBot Papa reevaluating
ChatterBot Juliett reevaluating
ChatterBot Hotel reevaluating
ChatterBot Uniform reevaluating
ChatterBot Juliett reevaluating
ChatterBot Hotel reevaluating
ChatterBot Uniform reevaluating
ChatterBot Papa reevaluating
randomSelections Alpha: {Alpha, Hotel, Kilo, Papa, Foxtrot, Echo} 
2024-10-14 14:59:03.172435 Alpha: Can we be friends?
ChatterBot Hotel reevaluating
ChatterBot Papa reevaluating
2024-10-14 14:59:03.182739 Hotel: No
2024-10-14 14:59:03.183131 Kilo: No
2024-10-14 14:59:03.183480 Papa: No
2024-10-14 14:59:03.184387 Foxtrot: No
2024-10-14 14:59:03.184719 Echo: No
ChatterBot Papa reevaluating
ChatterBot Hotel reevaluating
ChatterBot Papa reevaluating
ChatterBot Hotel reevaluating
ChatterBot Hotel reevaluating
ChatterBot Papa reevaluating
ChatterBot Hotel reevaluating
ChatterBot Papa reevaluating
2024-10-14 14:59:03.248855 Bravo: Juliett, sending you 2
2024-10-14 14:59:03.252671 Kilo: Bravo and Juliett, sending you 3
2024-10-14 14:59:03.253720 Bravo: Uniform, Foxtrot and Kilo, sending you 4
2024-10-14 14:59:03.255094 Foxtrot: Bravo, sending you 9
2024-10-14 14:59:03.255686 Echo: Bravo, sending you 1
2024-10-14 14:59:03.256908 Juliett: Bravo, sending you 1
2024-10-14 14:59:03.257334 Kilo: Uniform, sending you 1
2024-10-14 14:59:03.258959 Foxtrot: Juliett, sending you 1
2024-10-14 14:59:03.259701 Echo: Juliett and Uniform, sending you 4
2024-10-14 14:59:03.260726 Juliett: Uniform and Mike, sending you 2
2024-10-14 14:59:03.261732 Kilo: Foxtrot and Mike, sending you 2
2024-10-14 14:59:03.262996 Hotel: Echo and Uniform, sending you 4
2024-10-14 14:59:03.263337 Foxtrot: Uniform, sending you 5
2024-10-14 14:59:03.263759 Uniform: Bravo and Juliett, sending you 3
2024-10-14 14:59:03.265104 Alpha: Echo, sending you 1
2024-10-14 14:59:03.265680 Echo: Hotel, sending you 3
2024-10-14 14:59:03.265953 Juliett: Foxtrot and Kilo, sending you 4
2024-10-14 14:59:03.266318 Hotel: Bravo, sending you 3
2024-10-14 14:59:03.267599 Mike: Bravo and Kilo, sending you 3
2024-10-14 14:59:03.269499 Foxtrot: Mike, sending you 3
2024-10-14 14:59:03.269919 Uniform: Foxtrot, Mike and Kilo, sending you 1
2024-10-14 14:59:03.270361 Alpha: Foxtrot, sending you 4
2024-10-14 14:59:03.270765 Hotel: Juliett, sending you 1
2024-10-14 14:59:03.271960 Echo: Papa, sending you 5
2024-10-14 14:59:03.272305 Mike: Juliett and Foxtrot, sending you 4
2024-10-14 14:59:03.274664 Alpha: Hotel and Papa, sending you 3
2024-10-14 14:59:03.275700 Hotel: Papa, sending you 6
2024-10-14 14:59:03.278035 Mike: Uniform, sending you 2
chatterbot Juliett submitting transactions
chatterbot Uniform submitting transactions
chatterbot Hotel submitting transactions
chatterbot Papa submitting transactions
chatterbot Bravo submitting transactions
chatterbot Foxtrot submitting transactions
chatterbot Echo submitting transactions
chatterbot Alpha submitting transactions
chatterbot Mike submitting transactions
chatterbot Kilo submitting transactions
ChatterBot Echo round 2
ChatterBot Bravo round 2
ChatterBot Juliett round 2
ChatterBot Uniform round 2
ChatterBot Foxtrot round 2
ChatterBot Mike round 2
2024-10-14 14:59:04.315920 Juliett: We should add Echo
ChatterBot Bravo reevaluating
ChatterBot Kilo reevaluating
ChatterBot Mike reevaluating
ChatterBot Foxtrot reevaluating
ChatterBot Uniform reevaluating
2024-10-14 14:59:04.350255 Bravo: No
2024-10-14 14:59:04.350437 Kilo: No
2024-10-14 14:59:04.350580 Mike: No
2024-10-14 14:59:04.350715 Foxtrot: No
2024-10-14 14:59:04.350851 Uniform: Yes
ChatterBot Kilo reevaluating
ChatterBot Mike reevaluating
ChatterBot Foxtrot reevaluating
ChatterBot Uniform reevaluating
ChatterBot Bravo reevaluating
ChatterBot Mike reevaluating
ChatterBot Foxtrot reevaluating
ChatterBot Uniform reevaluating
ChatterBot Bravo reevaluating
ChatterBot Kilo reevaluating
ChatterBot Foxtrot reevaluating
ChatterBot Uniform reevaluating
ChatterBot Bravo reevaluating
ChatterBot Kilo reevaluating
ChatterBot Mike reevaluating
ChatterBot Juliett reevaluating
ChatterBot Uniform reevaluating
ChatterBot Bravo reevaluating
ChatterBot Kilo reevaluating
ChatterBot Mike reevaluating
ChatterBot Juliett reevaluating
ChatterBot Foxtrot reevaluating
2024-10-14 14:59:04.473295 Mike: We should add Alpha
2024-10-14 14:59:04.473575 Uniform: We should add Hotel
ChatterBot Bravo reevaluating
ChatterBot Kilo reevaluating
ChatterBot Juliett reevaluating
ChatterBot Foxtrot reevaluating
ChatterBot Uniform reevaluating
2024-10-14 14:59:04.501842 Bravo: No
ChatterBot Bravo reevaluating
2024-10-14 14:59:04.505862 Kilo: No
ChatterBot Kilo reevaluating
ChatterBot Mike reevaluating
2024-10-14 14:59:04.521147 Juliett: No
ChatterBot Juliett reevaluating
2024-10-14 14:59:04.525464 Foxtrot: No
ChatterBot Foxtrot reevaluating
2024-10-14 14:59:04.529552 Uniform: No
2024-10-14 14:59:04.530140 Bravo: No
2024-10-14 14:59:04.530280 Kilo: No
2024-10-14 14:59:04.530395 Mike: No
2024-10-14 14:59:04.530530 Juliett: Yes
2024-10-14 14:59:04.530635 Foxtrot: No
ChatterBot Kilo reevaluating
ChatterBot Mike reevaluating
ChatterBot Juliett reevaluating
ChatterBot Foxtrot reevaluating
ChatterBot Uniform reevaluating
ChatterBot Bravo reevaluating
ChatterBot Mike reevaluating
ChatterBot Juliett reevaluating
ChatterBot Foxtrot reevaluating
ChatterBot Uniform reevaluating
ChatterBot Bravo reevaluating
ChatterBot Kilo reevaluating
ChatterBot Mike reevaluating
ChatterBot Foxtrot reevaluating
ChatterBot Uniform reevaluating
ChatterBot Bravo reevaluating
ChatterBot Kilo reevaluating
ChatterBot Mike reevaluating
ChatterBot Juliett reevaluating
ChatterBot Uniform reevaluating
ChatterBot Bravo reevaluating
ChatterBot Kilo reevaluating
ChatterBot Mike reevaluating
ChatterBot Juliett reevaluating
ChatterBot Foxtrot reevaluating
ChatterBot Kilo reevaluating
ChatterBot Mike reevaluating
ChatterBot Juliett reevaluating
ChatterBot Foxtrot reevaluating
ChatterBot Uniform reevaluating
ChatterBot Bravo reevaluating
ChatterBot Mike reevaluating
ChatterBot Juliett reevaluating
ChatterBot Foxtrot reevaluating
ChatterBot Uniform reevaluating
ChatterBot Bravo reevaluating
ChatterBot Kilo reevaluating
ChatterBot Juliett reevaluating
ChatterBot Foxtrot reevaluating
ChatterBot Uniform reevaluating
ChatterBot Bravo reevaluating
ChatterBot Kilo reevaluating
ChatterBot Mike reevaluating
ChatterBot Foxtrot reevaluating
ChatterBot Uniform reevaluating
ChatterBot Bravo reevaluating
ChatterBot Kilo reevaluating
ChatterBot Mike reevaluating
ChatterBot Juliett reevaluating
ChatterBot Uniform reevaluating
ChatterBot Hotel round 2
ChatterBot Kilo round 2
ChatterBot Alpha round 2
2024-10-14 14:59:04.948617 Echo: We would work well together
ChatterBot Hotel reevaluating
ChatterBot Alpha reevaluating
ChatterBot Papa reevaluating
ChatterBot Mike reevaluating
2024-10-14 14:59:04.986250 Hotel: No
2024-10-14 14:59:04.986474 Alpha: Yes
2024-10-14 14:59:04.986981 Papa: No
2024-10-14 14:59:04.987140 Mike: No
ChatterBot Echo reevaluating
ChatterBot Alpha reevaluating
ChatterBot Papa reevaluating
ChatterBot Mike reevaluating
ChatterBot Echo reevaluating
ChatterBot Hotel reevaluating
ChatterBot Papa reevaluating
ChatterBot Mike reevaluating
ChatterBot Echo reevaluating
ChatterBot Hotel reevaluating
ChatterBot Alpha reevaluating
ChatterBot Mike reevaluating
ChatterBot Echo reevaluating
ChatterBot Hotel reevaluating
ChatterBot Alpha reevaluating
ChatterBot Papa reevaluating
ChatterBot Papa round 2
2024-10-14 14:59:05.126798 Kilo: We should add Alpha
ChatterBot Juliett reevaluating
ChatterBot Uniform reevaluating
2024-10-14 14:59:05.147335 Bravo: No
2024-10-14 14:59:05.147526 Mike: No
2024-10-14 14:59:05.147665 Juliett: No
2024-10-14 14:59:05.147852 Foxtrot: No
2024-10-14 14:59:05.148002 Uniform: No
ChatterBot Juliett reevaluating
ChatterBot Uniform reevaluating
ChatterBot Juliett reevaluating
ChatterBot Uniform reevaluating
ChatterBot Mike reevaluating
ChatterBot Uniform reevaluating
ChatterBot Kilo reevaluating
ChatterBot Mike reevaluating
ChatterBot Juliett reevaluating
ChatterBot Uniform reevaluating
ChatterBot Kilo reevaluating
ChatterBot Mike reevaluating
ChatterBot Juliett reevaluating
2024-10-14 14:59:05.261262 Papa: Let's form a team
ChatterBot Hotel reevaluating
ChatterBot Echo reevaluating
ChatterBot Uniform reevaluating
2024-10-14 14:59:05.325369 Hotel: No
2024-10-14 14:59:05.325622 Echo: Yes
2024-10-14 14:59:05.325891 Alpha: No
2024-10-14 14:59:05.326243 Uniform: No
ChatterBot Echo reevaluating
ChatterBot Uniform reevaluating
ChatterBot Hotel reevaluating
ChatterBot Alpha reevaluating
ChatterBot Uniform reevaluating
ChatterBot Hotel reevaluating
ChatterBot Echo reevaluating
ChatterBot Uniform reevaluating
ChatterBot Hotel reevaluating
ChatterBot Echo reevaluating
ChatterBot Alpha reevaluating
2024-10-14 14:59:05.388462 Alpha: Group up?
ChatterBot Hotel reevaluating
ChatterBot Echo reevaluating
ChatterBot Uniform reevaluating
2024-10-14 14:59:05.404627 Hotel: No
2024-10-14 14:59:05.405270 Echo: Yes
2024-10-14 14:59:05.406193 Papa: Yes
2024-10-14 14:59:05.406407 Uniform: No
ChatterBot Echo reevaluating
ChatterBot Alpha reevaluating
ChatterBot Uniform reevaluating
ChatterBot Hotel reevaluating
ChatterBot Alpha reevaluating
ChatterBot Uniform reevaluating
ChatterBot Hotel reevaluating
ChatterBot Echo reevaluating
ChatterBot Alpha reevaluating
ChatterBot Uniform reevaluating
ChatterBot Hotel reevaluating
ChatterBot Echo reevaluating
ChatterBot Alpha reevaluating
2024-10-14 14:59:05.470783 Kilo: We should add Echo
ChatterBot Mike reevaluating
2024-10-14 14:59:05.490748 Bravo: No
2024-10-14 14:59:05.491335 Mike: No
2024-10-14 14:59:05.491458 Juliett: Yes
2024-10-14 14:59:05.491577 Foxtrot: No
2024-10-14 14:59:05.491696 Uniform: Yes
ChatterBot Mike reevaluating
ChatterBot Kilo reevaluating
ChatterBot Kilo reevaluating
ChatterBot Mike reevaluating
ChatterBot Kilo reevaluating
ChatterBot Mike reevaluating
ChatterBot Kilo reevaluating
ChatterBot Mike reevaluating
2024-10-14 14:59:05.597675 Juliett: Echo we want you to join our group
ChatterBot Echo reevaluating
2024-10-14 14:59:05.602135 Echo: No
ChatterBot Mike reevaluating
ChatterBot Kilo reevaluating
2024-10-14 14:59:05.627465 Uniform: Echo we want you to join our group
ChatterBot Echo reevaluating
2024-10-14 14:59:05.631924 Echo: Yes
ChatterBot Foxtrot reevaluating
ChatterBot Mike reevaluating
ChatterBot Kilo reevaluating
2024-10-14 14:59:05.660336 Bravo: Juliett, sending you 1
2024-10-14 14:59:06.713839 Papa: Echo, sending you 6
2024-10-14 14:59:06.714331 Bravo: Uniform, Mike and Kilo, sending you 3
2024-10-14 14:59:06.715708 Alpha: Echo, Hotel and Papa, sending you 3
2024-10-14 14:59:06.716193 Kilo: Echo we want you to join our group
ChatterBot Echo reevaluating
2024-10-14 14:59:06.721390 Echo: Yes
ChatterBot Foxtrot reevaluating
ChatterBot Kilo reevaluating
2024-10-14 14:59:06.747284 Mike: Echo we want you to join our group
ChatterBot Echo reevaluating
2024-10-14 14:59:06.751462 Echo: Yes
ChatterBot Foxtrot reevaluating
ChatterBot Kilo reevaluating
chatterbot Juliett submitting transactions
chatterbot Foxtrot submitting transactions
chatterbot Papa submitting transactions
chatterbot Bravo submitting transactions
2024-10-14 14:59:06.776534 Juliett: Echo, Bravo, Uniform, Foxtrot and Kilo, sending you 2
2024-10-14 14:59:06.776926 Papa: Hotel, sending you 8
2024-10-14 14:59:06.777581 Bravo: Foxtrot, sending you 6
2024-10-14 14:59:06.777933 Alpha: Uniform, sending you 2
2024-10-14 14:59:06.778844 Uniform: Echo and Bravo, sending you 2
2024-10-14 14:59:07.112050 Foxtrot: Echo we want you to join our group
ChatterBot Echo reevaluating
2024-10-14 14:59:07.116721 Echo: No
ChatterBot Foxtrot reevaluating
ChatterBot Kilo reevaluating
2024-10-14 14:59:07.143937 Papa: Alpha, sending you 4
2024-10-14 14:59:07.145096 Juliett: Mike, sending you 3
2024-10-14 14:59:07.146347 Hotel: Echo and Alpha, sending you 8
2024-10-14 14:59:07.146997 Uniform: Juliett, Mike and Kilo, sending you 1
2024-10-14 14:59:07.249762 Hotel: Mike and Papa, sending you 1
2024-10-14 14:59:07.250130 Uniform: Foxtrot, sending you 3
2024-10-14 14:59:07.250672 Mike: Echo and Bravo, sending you 2
chatterbot Mike submitting transactions
chatterbot Uniform submitting transactions
chatterbot Alpha submitting transactions
2024-10-14 14:59:07.294910 Mike: Juliett, Uniform and Kilo, sending you 3
2024-10-14 14:59:07.316491 Mike: Foxtrot, sending you 4
2024-10-14 14:59:07.317534 Echo: Uniform and Papa, sending you 3
2024-10-14 14:59:07.350770 Echo: Hotel, sending you 7
2024-10-14 14:59:07.351239 Foxtrot: Bravo, Juliett and Mike, sending you 5
2024-10-14 14:59:07.352157 Kilo: Echo, sending you 1
2024-10-14 14:59:07.366550 Echo: Alpha, sending you 4
2024-10-14 14:59:07.367492 Kilo: Bravo, Juliett, Uniform, Foxtrot and Mike, sending you 2
2024-10-14 14:59:07.368021 Foxtrot: Uniform, sending you 1
2024-10-14 14:59:07.378002 Foxtrot: Kilo, sending you 3
chatterbot Hotel submitting transactions
chatterbot Echo submitting transactions
chatterbot Kilo submitting transactions
ChatterBot Echo round 3
ChatterBot Bravo round 3
ChatterBot Juliett round 3
ChatterBot Uniform round 3
ChatterBot Foxtrot round 3
ChatterBot Mike round 3
ChatterBot Hotel round 3
ChatterBot Kilo round 3
ChatterBot Alpha round 3
ChatterBot Papa round 3
chatterbot Foxtrot submitting transactions
2024-10-14 14:59:08.534347 Hotel: We should replace Mike with Uniform
2024-10-14 14:59:08.542427 Echo: Yes
2024-10-14 14:59:08.542631 Alpha: Yes
2024-10-14 14:59:08.542788 Papa: Yes
ChatterBot Hotel reevaluating
ChatterBot Hotel reevaluating
ChatterBot Hotel reevaluating
2024-10-14 14:59:08.581341 Mike: We should drop Echo
2024-10-14 14:59:08.594288 Bravo: Yes
2024-10-14 14:59:08.594928 Kilo: No
2024-10-14 14:59:08.595116 Juliett: No
2024-10-14 14:59:08.595260 Foxtrot: Yes
2024-10-14 14:59:08.595384 Uniform: No
2024-10-14 14:59:08.660287 Hotel: We should replace Mike with Kilo
ChatterBot Echo reevaluating
2024-10-14 14:59:08.668882 Echo: Yes
2024-10-14 14:59:08.669075 Alpha: No
2024-10-14 14:59:08.669194 Papa: No
ChatterBot Hotel reevaluating
ChatterBot Hotel reevaluating
ChatterBot Echo reevaluating
ChatterBot Hotel reevaluating
ChatterBot Echo reevaluating
2024-10-14 14:59:09.001898 Uniform: Echo, Bravo, Foxtrot and Mike, sending you 2
2024-10-14 14:59:09.003062 Papa: Echo, sending you 7
2024-10-14 14:59:09.003507 Bravo: Juliett, sending you 1
2024-10-14 14:59:09.004560 Hotel: Uniform we want you to join our group
2024-10-14 14:59:09.007745 Uniform: No
ChatterBot Hotel reevaluating
ChatterBot Echo reevaluating
2024-10-14 14:59:09.021851 Uniform: Juliett and Kilo, sending you 1
2024-10-14 14:59:09.022926 Papa: Hotel, sending you 6
2024-10-14 14:59:09.023607 Kilo: Echo, sending you 1
2024-10-14 14:59:09.024093 Bravo: Uniform, Mike and Kilo, sending you 3
2024-10-14 14:59:09.025154 Juliett: Echo, Bravo, Uniform, Mike and Kilo, sending you 2
2024-10-14 14:59:09.111704 Alpha: Echo, Hotel and Papa, sending you 3
2024-10-14 14:59:09.112199 Mike: Bravo, Juliett, Uniform and Kilo, sending you 3
2024-10-14 14:59:09.113145 Papa: Alpha, sending you 5
2024-10-14 14:59:09.113582 Kilo: Bravo, Juliett, Uniform, Foxtrot and Mike, sending you 2
2024-10-14 14:59:09.113977 Juliett: Foxtrot, sending you 3
2024-10-14 14:59:09.114797 Hotel: Kilo we want you to join our group
2024-10-14 14:59:09.117524 Kilo: No
ChatterBot Hotel reevaluating
ChatterBot Echo reevaluating
2024-10-14 14:59:09.147117 Bravo: Foxtrot, sending you 6
2024-10-14 14:59:09.148120 Foxtrot: Bravo, sending you 7
chatterbot Mike submitting transactions
2024-10-14 14:59:09.149039 Alpha: Uniform, sending you 2
2024-10-14 14:59:09.150916 Mike: Foxtrot, sending you 5
2024-10-14 14:59:09.151793 Foxtrot: Juliett and Uniform, sending you 3
2024-10-14 14:59:09.211305 Foxtrot: Mike, sending you 4
chatterbot Alpha submitting transactions
2024-10-14 14:59:09.284995 Echo: Uniform, Alpha and Papa, sending you 4
2024-10-14 14:59:09.286398 Foxtrot: Kilo, sending you 2
2024-10-14 14:59:09.306905 Echo: Hotel, sending you 5
2024-10-14 14:59:09.307666 Hotel: Echo, sending you 6
2024-10-14 14:59:09.321971 Hotel: Uniform, sending you 1
2024-10-14 14:59:09.331684 Hotel: Alpha, sending you 4
2024-10-14 14:59:09.339621 Hotel: Papa, sending you 7
chatterbot Hotel submitting transactions
chatterbot Echo submitting transactions
chatterbot Juliett submitting transactions
chatterbot Kilo submitting transactions
chatterbot Foxtrot submitting transactions
chatterbot Uniform submitting transactions
chatterbot Bravo submitting transactions
chatterbot Papa submitting transactions
ChatterBot Echo round 4
ChatterBot Bravo round 4
ChatterBot Juliett round 4
ChatterBot Uniform round 4
ChatterBot Foxtrot round 4
ChatterBot Mike round 4
ChatterBot Hotel round 4
ChatterBot Kilo round 4
ChatterBot Alpha round 4
ChatterBot Papa round 4
2024-10-14 14:59:10.341594 Echo: Uniform, sending you 3
2024-10-14 14:59:10.388011 Mike: Bravo, Juliett, Uniform and Kilo, sending you 3
2024-10-14 14:59:10.388649 Kilo: Echo, sending you 1
2024-10-14 14:59:10.389509 Bravo: Juliett, sending you 1
2024-10-14 14:59:10.389942 Papa: Echo, sending you 6
2024-10-14 14:59:10.390254 Uniform: Echo, Bravo, Foxtrot and Mike, sending you 2
2024-10-14 14:59:10.390966 Foxtrot: Bravo, sending you 7
2024-10-14 14:59:10.391379 Echo: Hotel and Papa, sending you 5
2024-10-14 14:59:10.391899 Juliett: Echo, Bravo, Uniform, Mike and Kilo, sending you 2
2024-10-14 14:59:10.392669 Alpha: Echo, Hotel and Papa, sending you 3
2024-10-14 14:59:10.393056 Hotel: Echo, sending you 6
2024-10-14 14:59:10.393884 Mike: Foxtrot, sending you 5
2024-10-14 14:59:10.394429 Kilo: Bravo, Juliett, Uniform, Foxtrot and Mike, sending you 2
2024-10-14 14:59:10.395332 Papa: Hotel, sending you 7
2024-10-14 14:59:10.395776 Bravo: Uniform, Mike and Kilo, sending you 3
2024-10-14 14:59:10.396246 Foxtrot: Juliett and Uniform, sending you 3
2024-10-14 14:59:10.397137 Uniform: Juliett and Kilo, sending you 1
2024-10-14 14:59:10.397535 Echo: Alpha, sending you 4
2024-10-14 14:59:10.398358 Alpha: Uniform, sending you 2
chatterbot Hotel submitting transactions
2024-10-14 14:59:10.398812 Juliett: Foxtrot, sending you 3
2024-10-14 14:59:10.399193 Hotel: Uniform, sending you 1
2024-10-14 14:59:10.399960 Papa: Alpha, sending you 5
2024-10-14 14:59:10.400630 Foxtrot: Mike, sending you 4
2024-10-14 14:59:10.401912 Bravo: Foxtrot, sending you 6
2024-10-14 14:59:10.571834 Hotel: Alpha, sending you 4
2024-10-14 14:59:10.573076 Foxtrot: Kilo, sending you 2
chatterbot Mike submitting transactions
chatterbot Bravo submitting transactions
2024-10-14 14:59:10.627349 Hotel: Papa, sending you 7
chatterbot Juliett submitting transactions
chatterbot Foxtrot submitting transactions
chatterbot Papa submitting transactions
chatterbot Kilo submitting transactions
chatterbot Alpha submitting transactions
chatterbot Echo submitting transactions
chatterbot Uniform submitting transactions
ChatterBot Echo round 5
ChatterBot Bravo round 5
ChatterBot Juliett round 5
ChatterBot Uniform round 5
ChatterBot Foxtrot round 5
ChatterBot Mike round 5
ChatterBot Hotel round 5
ChatterBot Kilo round 5
ChatterBot Alpha round 5
ChatterBot Papa round 5
2024-10-14 14:59:11.116035 Juliett: Echo, Bravo, Uniform, Mike and Kilo, sending you 2
2024-10-14 14:59:11.116978 Foxtrot: Bravo, sending you 7
2024-10-14 14:59:11.118643 Mike: Bravo, Juliett, Uniform and Kilo, sending you 3
2024-10-14 14:59:11.119681 Uniform: Echo, Bravo, Foxtrot and Mike, sending you 2
2024-10-14 14:59:11.121410 Papa: Echo, sending you 6
2024-10-14 14:59:11.122264 Juliett: Foxtrot, sending you 3
2024-10-14 14:59:11.123467 Foxtrot: Juliett and Uniform, sending you 3
2024-10-14 14:59:11.124760 Kilo: Echo, sending you 1
2024-10-14 14:59:11.125379 Hotel: Echo, sending you 6
2024-10-14 14:59:11.126573 Mike: Foxtrot, sending you 5
2024-10-14 14:59:11.127424 Uniform: Juliett and Kilo, sending you 1
2024-10-14 14:59:11.129115 Echo: Uniform, sending you 3
2024-10-14 14:59:11.129997 Bravo: Juliett and Kilo, sending you 2
2024-10-14 14:59:11.130561 Papa: Hotel, sending you 8
2024-10-14 14:59:11.131524 Foxtrot: Mike, sending you 4
2024-10-14 14:59:11.132274 Kilo: Bravo, Juliett, Uniform, Foxtrot and Mike, sending you 2
2024-10-14 14:59:11.133422 Hotel: Uniform, sending you 1
2024-10-14 14:59:11.133850 Alpha: Echo, Hotel and Papa, sending you 3
2024-10-14 14:59:11.134425 Echo: Hotel and Papa, sending you 5
2024-10-14 14:59:11.135465 Bravo: Uniform and Mike, sending you 3
2024-10-14 14:59:11.136770 Papa: Alpha, sending you 4
2024-10-14 14:59:11.137402 Foxtrot: Kilo, sending you 2
2024-10-14 14:59:11.139066 Hotel: Alpha, sending you 4
2024-10-14 14:59:11.140303 Alpha: Uniform, sending you 2
2024-10-14 14:59:11.140767 Echo: Alpha, sending you 4
2024-10-14 14:59:11.159602 Bravo: Foxtrot, sending you 6
2024-10-14 14:59:11.160789 Hotel: Papa, sending you 7
chatterbot Mike submitting transactions
chatterbot Kilo submitting transactions
chatterbot Juliett submitting transactions
chatterbot Alpha submitting transactions
chatterbot Uniform submitting transactions
chatterbot Foxtrot submitting transactions
chatterbot Hotel submitting transactions
chatterbot Bravo submitting transactions
chatterbot Papa submitting transactions
chatterbot Echo submitting transactions
ChatterBot Echo round 6
ChatterBot Bravo round 6
ChatterBot Juliett round 6
ChatterBot Uniform round 6
ChatterBot Foxtrot round 6
ChatterBot Mike round 6
ChatterBot Hotel round 6
ChatterBot Kilo round 6
ChatterBot Alpha round 6
ChatterBot Papa round 6
2024-10-14 14:59:12.257032 Kilo: We should replace Echo with Papa
2024-10-14 14:59:12.301786 Bravo: No
2024-10-14 14:59:12.302137 Mike: No
2024-10-14 14:59:12.302989 Juliett: No
2024-10-14 14:59:12.303312 Foxtrot: No
2024-10-14 14:59:12.303641 Uniform: No
ChatterBot Kilo reevaluating
ChatterBot Kilo reevaluating
ChatterBot Kilo reevaluating
ChatterBot Kilo reevaluating
ChatterBot Uniform reevaluating
ChatterBot Kilo reevaluating
ChatterBot Juliett reevaluating
2024-10-14 14:59:12.427503 Uniform: We should drop Echo
ChatterBot Kilo reevaluating
ChatterBot Juliett reevaluating
2024-10-14 14:59:12.452553 Bravo: Yes
2024-10-14 14:59:12.452829 Kilo: Yes
2024-10-14 14:59:12.453005 Mike: Yes
2024-10-14 14:59:12.453237 Juliett: Yes
2024-10-14 14:59:12.454653 Foxtrot: Yes
ChatterBot Kilo reevaluating
ChatterBot Juliett reevaluating
ChatterBot Uniform reevaluating
ChatterBot Juliett reevaluating
ChatterBot Uniform reevaluating
ChatterBot Kilo reevaluating
ChatterBot Juliett reevaluating
ChatterBot Uniform reevaluating
ChatterBot Kilo reevaluating
ChatterBot Uniform reevaluating
ChatterBot Kilo reevaluating
ChatterBot Juliett reevaluating
ChatterBot Uniform reevaluating
2024-10-14 14:59:12.544815 Foxtrot: Bravo, sending you 7
2024-10-14 14:59:12.545872 Hotel: Echo, sending you 6
2024-10-14 14:59:12.546900 Bravo: Juliett and Kilo, sending you 2
2024-10-14 14:59:12.548239 Echo: Uniform, sending you 3
2024-10-14 14:59:12.549181 Papa: Echo, sending you 6
2024-10-14 14:59:12.550698 Juliett: Papa we want you to join our group
2024-10-14 14:59:12.556450 Papa: No
ChatterBot Juliett reevaluating
ChatterBot Uniform reevaluating
ChatterBot Kilo reevaluating
2024-10-14 14:59:12.586510 Hotel: Uniform, sending you 1
2024-10-14 14:59:12.587208 Foxtrot: Juliett and Uniform, sending you 3
2024-10-14 14:59:12.588056 Bravo: Uniform and Mike, sending you 3
2024-10-14 14:59:12.589173 Echo: Hotel and Papa, sending you 5
2024-10-14 14:59:12.589712 Papa: Hotel, sending you 8
2024-10-14 14:59:12.591676 Hotel: Alpha, sending you 4
2024-10-14 14:59:12.592571 Bravo: Foxtrot, sending you 6
2024-10-14 14:59:12.593196 Foxtrot: Mike, sending you 4
2024-10-14 14:59:12.594130 Kilo: Papa we want you to join our group
2024-10-14 14:59:12.597571 Papa: No
ChatterBot Juliett reevaluating
ChatterBot Uniform reevaluating
2024-10-14 14:59:12.612202 Echo: Alpha, sending you 4
2024-10-14 14:59:12.612674 Alpha: Echo, Hotel and Papa, sending you 3
2024-10-14 14:59:12.613422 Papa: Alpha, sending you 4
2024-10-14 14:59:12.613771 Mike: Bravo, Juliett, Uniform and Kilo, sending you 3
2024-10-14 14:59:12.614508 Hotel: Papa, sending you 7
2024-10-14 14:59:12.615313 Foxtrot: Kilo, sending you 2
2024-10-14 14:59:12.617350 Alpha: Uniform, sending you 2
2024-10-14 14:59:12.618159 Mike: Foxtrot, sending you 5
2024-10-14 14:59:12.629674 Kilo: Bravo, Juliett, Uniform, Foxtrot and Mike, sending you 2
2024-10-14 14:59:12.634681 Kilo: Papa, sending you 1
2024-10-14 14:59:12.635719 Uniform: Sending you each 2
2024-10-14 14:59:12.642666 Juliett: Bravo and Uniform, sending you 2
2024-10-14 14:59:12.645663 Juliett: Foxtrot, Mike and Kilo, sending you 3
chatterbot Bravo submitting transactions
chatterbot Echo submitting transactions
chatterbot Papa submitting transactions
chatterbot Kilo submitting transactions
chatterbot Foxtrot submitting transactions
chatterbot Hotel submitting transactions
chatterbot Mike submitting transactions
chatterbot Alpha submitting transactions
chatterbot Uniform submitting transactions
chatterbot Juliett submitting transactions
ChatterBot Echo round 7
ChatterBot Bravo round 7
ChatterBot Juliett round 7
ChatterBot Uniform round 7
ChatterBot Foxtrot round 7
ChatterBot Mike round 7
ChatterBot Hotel round 7
2024-10-14 14:59:13.603071 Echo: We should replace Uniform with Kilo
ChatterBot Alpha reevaluating
ChatterBot Papa reevaluating
2024-10-14 14:59:13.617876 Hotel: No
2024-10-14 14:59:13.618066 Alpha: Yes
2024-10-14 14:59:13.618234 Papa: Yes
ChatterBot Echo reevaluating
ChatterBot Alpha reevaluating
ChatterBot Papa reevaluating
ChatterBot Hotel reevaluating
ChatterBot Echo reevaluating
ChatterBot Papa reevaluating
ChatterBot Hotel reevaluating
ChatterBot Echo reevaluating
ChatterBot Alpha reevaluating
ChatterBot Kilo round 7
ChatterBot Alpha round 7
ChatterBot Papa round 7
2024-10-14 14:59:13.694351 Alpha: We should replace Uniform with Kilo
ChatterBot Hotel reevaluating
ChatterBot Echo reevaluating
ChatterBot Papa reevaluating
2024-10-14 14:59:13.708293 Hotel: Yes
2024-10-14 14:59:13.708445 Echo: Yes
2024-10-14 14:59:13.708565 Papa: Yes
ChatterBot Echo reevaluating
ChatterBot Alpha reevaluating
ChatterBot Papa reevaluating
ChatterBot Hotel reevaluating
ChatterBot Alpha reevaluating
ChatterBot Papa reevaluating
ChatterBot Hotel reevaluating
ChatterBot Echo reevaluating
ChatterBot Alpha reevaluating
2024-10-14 14:59:13.738356 Hotel: We should replace Uniform with Juliett
ChatterBot Echo reevaluating
ChatterBot Alpha reevaluating
ChatterBot Papa reevaluating
2024-10-14 14:59:13.746409 Echo: No
2024-10-14 14:59:13.746544 Alpha: No
2024-10-14 14:59:13.746663 Papa: No
ChatterBot Hotel reevaluating
ChatterBot Alpha reevaluating
ChatterBot Papa reevaluating
ChatterBot Hotel reevaluating
ChatterBot Echo reevaluating
ChatterBot Papa reevaluating
ChatterBot Hotel reevaluating
ChatterBot Echo reevaluating
ChatterBot Alpha reevaluating
2024-10-14 14:59:13.778502 Alpha: Juliett we want you to join our group
2024-10-14 14:59:13.781491 Juliett: No
ChatterBot Echo reevaluating
2024-10-14 14:59:13.791821 Hotel: Kilo we want you to join our group
ChatterBot Kilo reevaluating
2024-10-14 14:59:13.794959 Kilo: No
ChatterBot Echo reevaluating
ChatterBot Alpha reevaluating
2024-10-14 14:59:13.806479 Kilo: We should replace Papa with Hotel
2024-10-14 14:59:13.820316 Bravo: No
2024-10-14 14:59:13.820483 Mike: No
2024-10-14 14:59:13.820608 Juliett: No
2024-10-14 14:59:13.820739 Foxtrot: No
2024-10-14 14:59:13.820852 Uniform: No
ChatterBot Kilo reevaluating
ChatterBot Kilo reevaluating
ChatterBot Kilo reevaluating
ChatterBot Kilo reevaluating
ChatterBot Kilo reevaluating
2024-10-14 14:59:13.969780 Papa: Kilo we want you to join our group
ChatterBot Kilo reevaluating
2024-10-14 14:59:13.973559 Kilo: No
ChatterBot Echo reevaluating
ChatterBot Alpha reevaluating
2024-10-14 14:59:13.986395 Juliett: Bravo, sending you 1
2024-10-14 14:59:13.988748 Kilo: We should replace Papa with Alpha
2024-10-14 14:59:14.002231 Bravo: No
2024-10-14 14:59:14.002446 Mike: No
2024-10-14 14:59:14.003152 Juliett: No
2024-10-14 14:59:14.003370 Foxtrot: No
2024-10-14 14:59:14.003589 Uniform: No
ChatterBot Kilo reevaluating
ChatterBot Kilo reevaluating
ChatterBot Kilo reevaluating
ChatterBot Kilo reevaluating
ChatterBot Kilo reevaluating
2024-10-14 14:59:14.095496 Juliett: Uniform, Foxtrot, Mike and Kilo, sending you 3
2024-10-14 14:59:14.096975 Foxtrot: Bravo, sending you 7
2024-10-14 14:59:14.098302 Bravo: Juliett, Uniform, Mike and Kilo, sending you 1
2024-10-14 14:59:14.099127 Uniform: Same as last round
2024-10-14 14:59:14.100439 Mike: Bravo, Juliett, Uniform and Kilo, sending you 3
2024-10-14 14:59:14.102099 Alpha: Kilo we want you to join our group
ChatterBot Kilo reevaluating
2024-10-14 14:59:14.106801 Kilo: No
ChatterBot Echo reevaluating
ChatterBot Papa reevaluating
2024-10-14 14:59:14.120357 Foxtrot: Juliett and Uniform, sending you 3
2024-10-14 14:59:14.121565 Bravo: Foxtrot, sending you 2
2024-10-14 14:59:14.122359 Mike: Foxtrot, sending you 5
2024-10-14 14:59:14.125014 Hotel: Echo, sending you 6
2024-10-14 14:59:14.125709 Echo: Kilo we want you to join our group
ChatterBot Kilo reevaluating
2024-10-14 14:59:14.130449 Kilo: No
ChatterBot Papa reevaluating
2024-10-14 14:59:14.145733 Foxtrot: Mike, sending you 4
2024-10-14 14:59:14.148889 Hotel: Kilo, sending you 1
2024-10-14 14:59:14.151685 Foxtrot: Kilo, sending you 2
2024-10-14 14:59:14.154359 Hotel: Alpha, sending you 4
2024-10-14 14:59:14.159870 Alpha: Echo, Hotel and Papa, sending you 3
2024-10-14 14:59:14.161406 Kilo: Alpha we want you to join our group
2024-10-14 14:59:14.167687 Alpha: No
ChatterBot Kilo reevaluating
2024-10-14 14:59:14.192021 Hotel: Papa, sending you 7
2024-10-14 14:59:14.192567 Alpha: Kilo, sending you 2
2024-10-14 14:59:14.196948 Echo: Hotel and Papa, sending you 5
2024-10-14 14:59:14.200731 Echo: Kilo, sending you 3
2024-10-14 14:59:14.204788 Echo: Alpha, sending you 4
2024-10-14 14:59:14.209695 Kilo: Bravo, Juliett, Uniform, Foxtrot and Mike, sending you 2
2024-10-14 14:59:14.211286 Papa: Echo, sending you 6
2024-10-14 14:59:14.213674 Kilo: Papa, sending you 1
2024-10-14 14:59:14.217315 Papa: Hotel, sending you 7
2024-10-14 14:59:14.220718 Papa: Kilo, sending you 1
2024-10-14 14:59:14.224003 Papa: Alpha, sending you 4
chatterbot Bravo submitting transactions
chatterbot Uniform submitting transactions
chatterbot Foxtrot submitting transactions
chatterbot Papa submitting transactions
chatterbot Alpha submitting transactions
chatterbot Juliett submitting transactions
chatterbot Hotel submitting transactions
chatterbot Mike submitting transactions
chatterbot Kilo submitting transactions
chatterbot Echo submitting transactions
ChatterBot Echo round 8
ChatterBot Bravo round 8
ChatterBot Juliett round 8
ChatterBot Uniform round 8
ChatterBot Foxtrot round 8
ChatterBot Mike round 8
ChatterBot Hotel round 8
ChatterBot Kilo round 8
ChatterBot Alpha round 8
ChatterBot Papa round 8
2024-10-14 14:59:15.204633 Mike: We should add Alpha
ChatterBot Juliett reevaluating
ChatterBot Uniform reevaluating
2024-10-14 14:59:15.224553 Bravo: No
2024-10-14 14:59:15.224747 Kilo: No
2024-10-14 14:59:15.224923 Juliett: Yes
2024-10-14 14:59:15.225095 Foxtrot: No
2024-10-14 14:59:15.225242 Uniform: Yes
ChatterBot Kilo reevaluating
ChatterBot Juliett reevaluating
ChatterBot Uniform reevaluating
ChatterBot Mike reevaluating
ChatterBot Juliett reevaluating
ChatterBot Uniform reevaluating
ChatterBot Kilo reevaluating
ChatterBot Mike reevaluating
ChatterBot Uniform reevaluating
ChatterBot Kilo reevaluating
ChatterBot Mike reevaluating
ChatterBot Juliett reevaluating
ChatterBot Uniform reevaluating
ChatterBot Kilo reevaluating
ChatterBot Mike reevaluating
ChatterBot Juliett reevaluating
2024-10-14 14:59:15.334255 Juliett: We should add Echo
ChatterBot Kilo reevaluating
ChatterBot Mike reevaluating
ChatterBot Uniform reevaluating
2024-10-14 14:59:15.349109 Bravo: No
2024-10-14 14:59:15.349248 Kilo: Yes
2024-10-14 14:59:15.349361 Mike: Yes
2024-10-14 14:59:15.349521 Foxtrot: No
2024-10-14 14:59:15.349641 Uniform: Yes
ChatterBot Kilo reevaluating
ChatterBot Mike reevaluating
ChatterBot Juliett reevaluating
ChatterBot Uniform reevaluating
ChatterBot Mike reevaluating
ChatterBot Juliett reevaluating
ChatterBot Uniform reevaluating
ChatterBot Kilo reevaluating
ChatterBot Juliett reevaluating
ChatterBot Uniform reevaluating
ChatterBot Kilo reevaluating
ChatterBot Mike reevaluating
ChatterBot Juliett reevaluating
ChatterBot Uniform reevaluating
ChatterBot Kilo reevaluating
ChatterBot Mike reevaluating
ChatterBot Juliett reevaluating
2024-10-14 14:59:15.521022 Alpha: We should replace Kilo with Juliett
ChatterBot Hotel reevaluating
ChatterBot Echo reevaluating
ChatterBot Papa reevaluating
2024-10-14 14:59:15.588549 Hotel: Yes
2024-10-14 14:59:15.589092 Echo: Yes
2024-10-14 14:59:15.590053 Papa: Yes
ChatterBot Echo reevaluating
ChatterBot Papa reevaluating
ChatterBot Hotel reevaluating
ChatterBot Alpha reevaluating
ChatterBot Papa reevaluating
ChatterBot Hotel reevaluating
ChatterBot Echo reevaluating
ChatterBot Alpha reevaluating
2024-10-14 14:59:15.650501 Kilo: We should replace Papa with Echo
ChatterBot Mike reevaluating
ChatterBot Uniform reevaluating
2024-10-14 14:59:15.678486 Bravo: No
2024-10-14 14:59:15.678749 Mike: Yes
2024-10-14 14:59:15.678970 Juliett: Yes
2024-10-14 14:59:15.679663 Foxtrot: No
2024-10-14 14:59:15.679862 Uniform: Yes
ChatterBot Kilo reevaluating
ChatterBot Mike reevaluating
ChatterBot Uniform reevaluating
ChatterBot Kilo reevaluating
ChatterBot Uniform reevaluating
ChatterBot Bravo reevaluating
ChatterBot Kilo reevaluating
ChatterBot Mike reevaluating
ChatterBot Uniform reevaluating
ChatterBot Bravo reevaluating
ChatterBot Kilo reevaluating
ChatterBot Mike reevaluating
ChatterBot Uniform reevaluating
ChatterBot Bravo reevaluating
ChatterBot Kilo reevaluating
ChatterBot Mike reevaluating
2024-10-14 14:59:15.890565 Uniform: Echo we want you to join our group
ChatterBot Echo reevaluating
2024-10-14 14:59:15.898090 Echo: No
ChatterBot Bravo reevaluating
2024-10-14 14:59:15.929238 Juliett: Echo we want you to join our group
ChatterBot Echo reevaluating
2024-10-14 14:59:15.935654 Echo: No
ChatterBot Bravo reevaluating
2024-10-14 14:59:15.966233 Mike: Echo we want you to join our group
ChatterBot Echo reevaluating
2024-10-14 14:59:15.973347 Echo: No
ChatterBot Bravo reevaluating
2024-10-14 14:59:16.004224 Kilo: Echo we want you to join our group
ChatterBot Echo reevaluating
2024-10-14 14:59:16.010494 Echo: No
ChatterBot Bravo reevaluating
2024-10-14 14:59:16.069948 Alpha: Juliett we want you to join our group
2024-10-14 14:59:16.108152 Juliett: No
ChatterBot Alpha reevaluating
ChatterBot Echo reevaluating
ChatterBot Hotel reevaluating
ChatterBot Papa reevaluating
chatterbot Juliett submitting transactions
2024-10-14 14:59:16.148397 Foxtrot: Bravo, sending you 6
2024-10-14 14:59:16.150291 Echo: Juliett we want you to join our group
2024-10-14 14:59:16.154419 Juliett: No
ChatterBot Alpha reevaluating
ChatterBot Hotel reevaluating
2024-10-14 14:59:16.169088 Papa: Juliett we want you to join our group
2024-10-14 14:59:16.174047 Juliett: No
ChatterBot Alpha reevaluating
ChatterBot Hotel reevaluating
2024-10-14 14:59:16.187769 Foxtrot: Juliett and Uniform, sending you 3
2024-10-14 14:59:16.191782 Juliett: Echo, Bravo, Uniform, Mike and Kilo, sending you 2
2024-10-14 14:59:16.194763 Bravo: Juliett and Kilo, sending you 2
2024-10-14 14:59:16.198961 Uniform: Echo, Bravo, Foxtrot and Mike, sending you 2
2024-10-14 14:59:16.201259 Kilo: Echo, sending you 1
2024-10-14 14:59:16.204442 Hotel: Juliett we want you to join our group
2024-10-14 14:59:16.211571 Juliett: No
ChatterBot Alpha reevaluating
ChatterBot Hotel reevaluating
2024-10-14 14:59:16.231100 Foxtrot: Mike, sending you 5
2024-10-14 14:59:16.233728 Mike: Echo, sending you 2
2024-10-14 14:59:16.236314 Juliett: Foxtrot, sending you 3
2024-10-14 14:59:16.239034 Bravo: Uniform and Mike, sending you 3
2024-10-14 14:59:16.242888 Uniform: Juliett and Kilo, sending you 1
2024-10-14 14:59:16.244725 Kilo: Bravo, Juliett, Uniform, Foxtrot and Mike, sending you 2
chatterbot Kilo submitting transactions
2024-10-14 14:59:16.249003 Foxtrot: Kilo, sending you 2
2024-10-14 14:59:16.251787 Mike: Bravo, Juliett, Uniform, Foxtrot and Kilo, sending you 3
2024-10-14 14:59:16.255021 Bravo: Foxtrot, sending you 6
2024-10-14 14:59:16.257766 Echo: Juliett, sending you 3
2024-10-14 14:59:16.259417 Papa: Echo, sending you 6
2024-10-14 14:59:16.264790 Echo: Hotel and Papa, sending you 5
2024-10-14 14:59:16.266563 Papa: Hotel, sending you 8
2024-10-14 14:59:16.270325 Echo: Alpha, sending you 4
2024-10-14 14:59:16.271892 Papa: Alpha, sending you 4
2024-10-14 14:59:16.277706 Alpha: Echo, Hotel and Papa, sending you 3
2024-10-14 14:59:16.287310 Alpha: Kilo, sending you 2
chatterbot Foxtrot submitting transactions
chatterbot Uniform submitting transactions
chatterbot Mike submitting transactions
chatterbot Papa submitting transactions
chatterbot Bravo submitting transactions
chatterbot Hotel submitting transactions
chatterbot Alpha submitting transactions
chatterbot Echo submitting transactions
ChatterBot Echo round 9
ChatterBot Bravo round 9
ChatterBot Juliett round 9
ChatterBot Uniform round 9
ChatterBot Foxtrot round 9
ChatterBot Mike round 9
ChatterBot Hotel round 9
ChatterBot Kilo round 9
ChatterBot Alpha round 9
ChatterBot Papa round 9
2024-10-14 14:59:17.147047 Bravo: We should add Echo
ChatterBot Foxtrot reevaluating
2024-10-14 14:59:17.162434 Kilo: Yes
2024-10-14 14:59:17.163574 Mike: Yes
2024-10-14 14:59:17.163741 Juliett: Yes
2024-10-14 14:59:17.163893 Foxtrot: Yes
2024-10-14 14:59:17.164061 Uniform: Yes
ChatterBot Foxtrot reevaluating
ChatterBot Bravo reevaluating
ChatterBot Foxtrot reevaluating
ChatterBot Bravo reevaluating
ChatterBot Foxtrot reevaluating
ChatterBot Bravo reevaluating
ChatterBot Bravo reevaluating
ChatterBot Foxtrot reevaluating
