ChatterBot November round 1
ChatterBot Yankee round 1
ChatterBot Oscar round 1
ChatterBot Kilo round 1
ChatterBot X-ray round 1
ChatterBot Romeo round 1
ChatterBot Lima round 1
ChatterBot Papa round 1
ChatterBot Victor round 1
ChatterBot Golf round 1
randomSelections November: {November, X-ray, Kilo, Yankee, Oscar, Golf} 
2024-10-14 21:06:43.465348 November: Friends?
ChatterBot X-ray reevaluating
ChatterBot Kilo reevaluating
ChatterBot Yankee reevaluating
ChatterBot Oscar reevaluating
ChatterBot Golf reevaluating
2024-10-14 21:06:43.479285 X-ray: Yes
2024-10-14 21:06:43.479474 Kilo: Yes
2024-10-14 21:06:43.479628 Yankee: Yes
2024-10-14 21:06:43.479835 Oscar: Yes
2024-10-14 21:06:43.480729 Golf: Yes
ChatterBot Kilo reevaluating
ChatterBot Yankee reevaluating
ChatterBot Oscar reevaluating
ChatterBot Golf reevaluating
ChatterBot X-ray reevaluating
ChatterBot Yankee reevaluating
ChatterBot Oscar reevaluating
ChatterBot Golf reevaluating
ChatterBot X-ray reevaluating
ChatterBot Kilo reevaluating
ChatterBot Oscar reevaluating
ChatterBot Golf reevaluating
ChatterBot X-ray reevaluating
ChatterBot Kilo reevaluating
ChatterBot Yankee reevaluating
ChatterBot Golf reevaluating
ChatterBot X-ray reevaluating
ChatterBot Kilo reevaluating
ChatterBot Yankee reevaluating
ChatterBot Oscar reevaluating
randomSelections Romeo: {Romeo, Papa, Oscar, Lima, Golf, Kilo} 
2024-10-14 21:06:43.543454 Romeo: We should group up
ChatterBot Papa reevaluating
ChatterBot Oscar reevaluating
ChatterBot Lima reevaluating
ChatterBot Golf reevaluating
ChatterBot Kilo reevaluating
2024-10-14 21:06:43.555436 Papa: Yes
2024-10-14 21:06:43.555665 Oscar: No
2024-10-14 21:06:43.556531 Lima: Yes
2024-10-14 21:06:43.556782 Golf: No
2024-10-14 21:06:43.557082 Kilo: No
ChatterBot Oscar reevaluating
ChatterBot Lima reevaluating
ChatterBot Golf reevaluating
ChatterBot Kilo reevaluating
ChatterBot Papa reevaluating
ChatterBot Lima reevaluating
ChatterBot Golf reevaluating
ChatterBot Kilo reevaluating
ChatterBot Papa reevaluating
ChatterBot Oscar reevaluating
ChatterBot Golf reevaluating
ChatterBot Kilo reevaluating
ChatterBot Papa reevaluating
ChatterBot Oscar reevaluating
ChatterBot Lima reevaluating
ChatterBot Kilo reevaluating
ChatterBot Papa reevaluating
ChatterBot Oscar reevaluating
ChatterBot Lima reevaluating
ChatterBot Golf reevaluating
randomSelections Victor: {Victor} 
2024-10-14 21:06:43.641664 Golf: November, Yankee and X-ray, sending you 1
2024-10-14 21:06:43.642943 Oscar: November, sending you 1
2024-10-14 21:06:43.643668 Romeo: Oscar, sending you 2
2024-10-14 21:06:43.644924 Lima: Oscar, sending you 5
2024-10-14 21:06:43.645376 Kilo: November, Yankee, Oscar and Golf, sending you 3
2024-10-14 21:06:43.645817 Golf: Oscar, sending you 9
2024-10-14 21:06:43.646857 November: Yankee, sending you 5
2024-10-14 21:06:43.647249 Yankee: Oscar and Kilo, sending you 2
2024-10-14 21:06:43.647712 Oscar: Yankee and X-ray, sending you 2
2024-10-14 21:06:43.648718 Romeo: Kilo and Lima, sending you 4
2024-10-14 21:06:43.649198 Lima: Kilo, sending you 6
2024-10-14 21:06:43.649648 Kilo: X-ray, sending you 1
2024-10-14 21:06:43.650628 November: Oscar, sending you 2
2024-10-14 21:06:43.651177 Yankee: X-ray, sending you 3
2024-10-14 21:06:43.652204 Golf: Kilo, sending you 3
2024-10-14 21:06:43.652463 Lima: Romeo, sending you 3
2024-10-14 21:06:43.652694 X-ray: November and Golf, sending you 2
2024-10-14 21:06:43.653094 Romeo: Papa and Golf, sending you 1
2024-10-14 21:06:43.653969 Oscar: Kilo, sending you 6
2024-10-14 21:06:43.654237 Yankee: Golf, sending you 4
2024-10-14 21:06:43.655698 November: Kilo and X-ray, sending you 3
2024-10-14 21:06:43.656146 Lima: Papa, sending you 2
2024-10-14 21:06:43.656687 Papa: Oscar and Lima, sending you 3
2024-10-14 21:06:43.657591 Oscar: Golf, sending you 4
2024-10-14 21:06:43.658079 X-ray: Yankee, sending you 1
2024-10-14 21:06:43.659694 November: Golf, sending you 4
2024-10-14 21:06:43.660015 Lima: Golf, sending you 4
2024-10-14 21:06:43.660855 Papa: Kilo, sending you 4
2024-10-14 21:06:43.661110 X-ray: Oscar, sending you 3
2024-10-14 21:06:43.663784 Papa: Golf, sending you 8
2024-10-14 21:06:43.664315 X-ray: Kilo, sending you 5
chatterbot X-ray submitting transactions
chatterbot Yankee submitting transactions
chatterbot Romeo submitting transactions
chatterbot Papa submitting transactions
chatterbot November submitting transactions
chatterbot Lima submitting transactions
chatterbot Golf submitting transactions
chatterbot Victor submitting transactions
chatterbot Oscar submitting transactions
chatterbot Kilo submitting transactions
ChatterBot November round 2
ChatterBot Yankee round 2
ChatterBot Oscar round 2
ChatterBot Kilo round 2
ChatterBot X-ray round 2
ChatterBot Romeo round 2
2024-10-14 21:06:45.850005 Oscar: Group up?
ChatterBot November reevaluating
ChatterBot Yankee reevaluating
ChatterBot Kilo reevaluating
ChatterBot X-ray reevaluating
ChatterBot Golf reevaluating
ChatterBot Romeo reevaluating
ChatterBot Lima reevaluating
ChatterBot Papa reevaluating
2024-10-14 21:06:45.941944 November: No
2024-10-14 21:06:45.942178 Yankee: No
2024-10-14 21:06:45.942334 Kilo: Yes
2024-10-14 21:06:45.942480 X-ray: No
2024-10-14 21:06:45.942651 Golf: No
2024-10-14 21:06:45.942821 Romeo: No
2024-10-14 21:06:45.942986 Lima: No
2024-10-14 21:06:45.943511 Papa: No
ChatterBot Yankee reevaluating
ChatterBot Kilo reevaluating
ChatterBot X-ray reevaluating
ChatterBot Golf reevaluating
ChatterBot Romeo reevaluating
ChatterBot Lima reevaluating
ChatterBot Papa reevaluating
ChatterBot November reevaluating
ChatterBot Kilo reevaluating
ChatterBot X-ray reevaluating
ChatterBot Golf reevaluating
ChatterBot Romeo reevaluating
ChatterBot Lima reevaluating
ChatterBot Papa reevaluating
ChatterBot November reevaluating
ChatterBot Yankee reevaluating
ChatterBot X-ray reevaluating
ChatterBot Golf reevaluating
ChatterBot Romeo reevaluating
ChatterBot Lima reevaluating
ChatterBot Papa reevaluating
ChatterBot November reevaluating
ChatterBot Yankee reevaluating
ChatterBot Kilo reevaluating
ChatterBot Golf reevaluating
ChatterBot Romeo reevaluating
ChatterBot Lima reevaluating
ChatterBot Papa reevaluating
ChatterBot November reevaluating
ChatterBot Yankee reevaluating
ChatterBot Kilo reevaluating
ChatterBot X-ray reevaluating
ChatterBot Romeo reevaluating
ChatterBot Lima reevaluating
ChatterBot Papa reevaluating
ChatterBot November reevaluating
ChatterBot Yankee reevaluating
ChatterBot Kilo reevaluating
ChatterBot X-ray reevaluating
ChatterBot Golf reevaluating
ChatterBot Lima reevaluating
ChatterBot Papa reevaluating
ChatterBot November reevaluating
ChatterBot Yankee reevaluating
ChatterBot Kilo reevaluating
ChatterBot X-ray reevaluating
ChatterBot Golf reevaluating
ChatterBot Romeo reevaluating
ChatterBot Papa reevaluating
ChatterBot November reevaluating
ChatterBot Yankee reevaluating
ChatterBot Kilo reevaluating
ChatterBot X-ray reevaluating
ChatterBot Golf reevaluating
ChatterBot Romeo reevaluating
ChatterBot Lima reevaluating
ChatterBot Lima round 2
ChatterBot Papa round 2
ChatterBot Victor round 2
ChatterBot Golf round 2
2024-10-14 21:06:46.771992 Papa: We should group up
ChatterBot November reevaluating
ChatterBot X-ray reevaluating
ChatterBot Golf reevaluating
ChatterBot Lima reevaluating
2024-10-14 21:06:46.893572 Oscar: Yes
2024-10-14 21:06:46.893892 November: No
2024-10-14 21:06:46.894210 Yankee: No
2024-10-14 21:06:46.894375 Kilo: Yes
2024-10-14 21:06:46.895189 X-ray: Yes
2024-10-14 21:06:46.895476 Golf: No
2024-10-14 21:06:46.895667 Romeo: No
2024-10-14 21:06:46.896054 Lima: No
ChatterBot November reevaluating
ChatterBot X-ray reevaluating
ChatterBot Golf reevaluating
ChatterBot Lima reevaluating
ChatterBot X-ray reevaluating
ChatterBot Golf reevaluating
ChatterBot Lima reevaluating
ChatterBot November reevaluating
ChatterBot X-ray reevaluating
ChatterBot Golf reevaluating
ChatterBot Lima reevaluating
ChatterBot November reevaluating
ChatterBot X-ray reevaluating
ChatterBot Golf reevaluating
ChatterBot Lima reevaluating
ChatterBot November reevaluating
ChatterBot Golf reevaluating
ChatterBot Lima reevaluating
ChatterBot November reevaluating
ChatterBot X-ray reevaluating
ChatterBot Lima reevaluating
ChatterBot November reevaluating
ChatterBot X-ray reevaluating
ChatterBot Golf reevaluating
ChatterBot Lima reevaluating
ChatterBot November reevaluating
ChatterBot X-ray reevaluating
ChatterBot Golf reevaluating
2024-10-14 21:06:47.155533 Golf: We should add Papa
ChatterBot November reevaluating
ChatterBot X-ray reevaluating
2024-10-14 21:06:47.173746 November: Yes
2024-10-14 21:06:47.173917 X-ray: Yes
2024-10-14 21:06:47.174621 Kilo: Yes
2024-10-14 21:06:47.174773 Yankee: No
2024-10-14 21:06:47.174883 Oscar: Yes
ChatterBot X-ray reevaluating
ChatterBot Golf reevaluating
ChatterBot November reevaluating
ChatterBot Yankee reevaluating
ChatterBot Golf reevaluating
ChatterBot November reevaluating
ChatterBot X-ray reevaluating
ChatterBot Yankee reevaluating
ChatterBot Golf reevaluating
ChatterBot November reevaluating
ChatterBot X-ray reevaluating
ChatterBot Golf reevaluating
ChatterBot November reevaluating
ChatterBot X-ray reevaluating
ChatterBot Yankee reevaluating
ChatterBot Golf reevaluating
2024-10-14 21:06:47.279087 Lima: We should drop Oscar and Golf
2024-10-14 21:06:47.289832 Romeo: Yes
2024-10-14 21:06:47.290010 Papa: No
2024-10-14 21:06:47.290150 Kilo: No
ChatterBot Lima reevaluating
ChatterBot Lima reevaluating
ChatterBot Lima reevaluating
2024-10-14 21:06:47.324221 Oscar: November, Yankee, Kilo, X-ray, Lima, Papa and Golf, sending you 2
2024-10-14 21:06:47.383151 Papa: Romeo, sending you 6
2024-10-14 21:06:47.384012 Romeo: Sending you each 4
2024-10-14 21:06:47.384224 Kilo: November, Yankee, X-ray, Romeo, Lima, Papa and Golf, sending you 2
2024-10-14 21:06:47.384595 Oscar: Romeo, sending you 1
2024-10-14 21:06:47.406651 Papa: Lima, sending you 9
2024-10-14 21:06:47.407836 Victor: Sending you 15
2024-10-14 21:06:47.408007 Kilo: Oscar, sending you 3
2024-10-14 21:06:47.408459 November: Yankee, Oscar, Romeo, Lima, Papa and Golf, sending you 2
2024-10-14 21:06:47.409403 Yankee: November, sending you 3
2024-10-14 21:06:47.409720 X-ray: November, Yankee, Oscar, Kilo and Golf, sending you 2
2024-10-14 21:06:47.445316 Yankee: Oscar, Kilo, X-ray and Golf, sending you 2
2024-10-14 21:06:47.445794 Lima: X-ray, sending you 5
chatterbot Oscar submitting transactions
2024-10-14 21:06:47.446134 November: Kilo and X-ray, sending you 3
2024-10-14 21:06:47.446914 X-ray: Romeo, Lima and Papa, sending you 1
2024-10-14 21:06:47.447245 Golf: November, Yankee, Oscar, Kilo, X-ray and Lima, sending you 2
chatterbot Victor submitting transactions
2024-10-14 21:06:47.489686 Lima: Romeo, sending you 8
2024-10-14 21:06:47.490008 Golf: Papa, sending you 3
2024-10-14 21:06:47.558107 Lima: Papa, sending you 7
chatterbot Papa submitting transactions
chatterbot November submitting transactions
chatterbot Kilo submitting transactions
chatterbot Golf submitting transactions
chatterbot Romeo submitting transactions
chatterbot Yankee submitting transactions
chatterbot Lima submitting transactions
chatterbot X-ray submitting transactions
ChatterBot November round 3
ChatterBot Yankee round 3
ChatterBot Oscar round 3
ChatterBot Kilo round 3
ChatterBot X-ray round 3
ChatterBot Romeo round 3
ChatterBot Lima round 3
ChatterBot Papa round 3
ChatterBot Victor round 3
2024-10-14 21:06:48.591718 Romeo: We should add Victor
ChatterBot Lima reevaluating
ChatterBot Papa reevaluating
2024-10-14 21:06:48.598836 Lima: Yes
2024-10-14 21:06:48.599073 Papa: Yes
ChatterBot Romeo reevaluating
ChatterBot Papa reevaluating
ChatterBot Romeo reevaluating
ChatterBot Lima reevaluating
ChatterBot Golf round 3
2024-10-14 21:06:48.644573 Victor: We should add Romeo and Papa
ChatterBot Lima reevaluating
2024-10-14 21:06:48.648349 Lima: Yes
2024-10-14 21:06:48.651546 Lima: We would work well together
ChatterBot Romeo reevaluating
ChatterBot Papa reevaluating
2024-10-14 21:06:48.665826 Romeo: No
2024-10-14 21:06:48.667010 Papa: Yes
2024-10-14 21:06:48.667521 Victor: No
2024-10-14 21:06:48.668645 Kilo: No
ChatterBot Lima reevaluating
ChatterBot Papa reevaluating
ChatterBot Victor reevaluating
ChatterBot Lima reevaluating
ChatterBot Romeo reevaluating
ChatterBot Victor reevaluating
ChatterBot Lima reevaluating
ChatterBot Romeo reevaluating
ChatterBot Papa reevaluating
ChatterBot Lima reevaluating
ChatterBot Romeo reevaluating
ChatterBot Papa reevaluating
ChatterBot Victor reevaluating
2024-10-14 21:06:48.732462 Oscar: We should drop Romeo and Lima
2024-10-14 21:06:48.746985 November: Yes
2024-10-14 21:06:48.747148 Yankee: Yes
2024-10-14 21:06:48.747254 Kilo: Yes
2024-10-14 21:06:48.747350 X-ray: Yes
2024-10-14 21:06:48.747465 Golf: Yes
2024-10-14 21:06:48.747583 Papa: No
ChatterBot Papa reevaluating
ChatterBot Papa reevaluating
ChatterBot Papa reevaluating
ChatterBot Papa reevaluating
2024-10-14 21:06:48.842546 Romeo: Victor we want you to join our group
ChatterBot Victor reevaluating
2024-10-14 21:06:48.845199 Victor: Yes
ChatterBot Romeo reevaluating
ChatterBot Lima reevaluating
ChatterBot Papa reevaluating
2024-10-14 21:06:48.863667 Yankee: November, sending you 3
2024-10-14 21:06:48.864572 Kilo: November, Yankee, X-ray and Golf, sending you 3
2024-10-14 21:06:48.864996 X-ray: November, Yankee, Oscar and Kilo, sending you 3
2024-10-14 21:06:48.865710 November: Yankee, sending you 2
2024-10-14 21:06:48.866875 Yankee: Oscar, Kilo, X-ray and Golf, sending you 2
2024-10-14 21:06:48.868937 X-ray: Golf, sending you 1
2024-10-14 21:06:48.869680 Kilo: Oscar, sending you 5
2024-10-14 21:06:48.871664 November: Oscar, Kilo, X-ray and Golf, sending you 4
2024-10-14 21:06:48.873685 Oscar: November, Yankee, X-ray and Papa, sending you 2
2024-10-14 21:06:48.878674 Oscar: Kilo, sending you 3
2024-10-14 21:06:48.881852 Golf: November, sending you 2
2024-10-14 21:06:48.882688 Oscar: Golf, sending you 4
2024-10-14 21:06:48.885904 Victor: Sending you each 5
2024-10-14 21:06:48.886223 Golf: Yankee, Oscar, Kilo and Papa, sending you 3
2024-10-14 21:06:48.886775 Lima: November, sending you 4
2024-10-14 21:06:48.889865 Golf: X-ray, sending you 1
2024-10-14 21:06:48.890669 Papa: November, sending you 3
2024-10-14 21:06:48.891777 Lima: Romeo and Papa, sending you 5
2024-10-14 21:06:48.893899 Papa: Oscar and Kilo, sending you 4
2024-10-14 21:06:48.896651 Romeo: Lima and Papa, sending you 4
2024-10-14 21:06:48.896971 Lima: Victor, sending you 6
2024-10-14 21:06:48.898680 Papa: X-ray, sending you 1
2024-10-14 21:06:48.901664 Romeo: Victor, sending you 3
2024-10-14 21:06:48.901953 Papa: Golf, sending you 6
chatterbot November submitting transactions
chatterbot Kilo submitting transactions
chatterbot Golf submitting transactions
chatterbot Romeo submitting transactions
chatterbot Lima submitting transactions
chatterbot Yankee submitting transactions
chatterbot Oscar submitting transactions
chatterbot Victor submitting transactions
chatterbot X-ray submitting transactions
chatterbot Papa submitting transactions
ChatterBot November round 4
ChatterBot Yankee round 4
ChatterBot Oscar round 4
ChatterBot Kilo round 4
2024-10-14 21:06:50.079869 November: We should add Papa
ChatterBot Kilo reevaluating
2024-10-14 21:06:50.092846 X-ray: No
2024-10-14 21:06:50.093105 Kilo: Yes
2024-10-14 21:06:50.093247 Yankee: No
2024-10-14 21:06:50.093375 Oscar: Yes
2024-10-14 21:06:50.093489 Golf: Yes
ChatterBot Kilo reevaluating
ChatterBot November reevaluating
ChatterBot Kilo reevaluating
ChatterBot November reevaluating
ChatterBot Kilo reevaluating
ChatterBot November reevaluating
ChatterBot Kilo reevaluating
ChatterBot X-ray round 4
ChatterBot Romeo round 4
ChatterBot Lima round 4
ChatterBot Papa round 4
ChatterBot Victor round 4
ChatterBot Golf round 4
2024-10-14 21:06:50.158583 X-ray: We should add Papa
ChatterBot November reevaluating
ChatterBot Kilo reevaluating
2024-10-14 21:06:50.168236 November: Yes
2024-10-14 21:06:50.168728 Kilo: Yes
2024-10-14 21:06:50.168856 Yankee: No
2024-10-14 21:06:50.168988 Oscar: Yes
2024-10-14 21:06:50.169104 Golf: Yes
ChatterBot Kilo reevaluating
ChatterBot November reevaluating
ChatterBot November reevaluating
ChatterBot Kilo reevaluating
ChatterBot November reevaluating
ChatterBot Kilo reevaluating
ChatterBot November reevaluating
ChatterBot Kilo reevaluating
2024-10-14 21:06:50.220149 Lima: We should replace November with Kilo
2024-10-14 21:06:50.225788 Romeo: No
2024-10-14 21:06:50.225994 Papa: No
2024-10-14 21:06:50.226117 Victor: No
ChatterBot Lima reevaluating
ChatterBot Lima reevaluating
ChatterBot Lima reevaluating
2024-10-14 21:06:50.253997 X-ray: Papa we want you to join our group
2024-10-14 21:06:50.256490 Papa: Yes
ChatterBot November reevaluating
2024-10-14 21:06:50.269117 Kilo: Papa we want you to join our group
2024-10-14 21:06:50.271012 Papa: Yes
ChatterBot November reevaluating
2024-10-14 21:06:50.287649 November: Papa we want you to join our group
2024-10-14 21:06:50.290286 Papa: Yes
ChatterBot November reevaluating
2024-10-14 21:06:50.303658 Oscar: November, Yankee, X-ray and Papa, sending you 2
2024-10-14 21:06:50.304177 Yankee: November and Kilo, sending you 3
2024-10-14 21:06:50.307657 Golf: November, Yankee and X-ray, sending you 2
2024-10-14 21:06:50.308610 Victor: Romeo, sending you 5
2024-10-14 21:06:50.308947 Oscar: Kilo, sending you 3
2024-10-14 21:06:50.309305 Romeo: Lima and Papa, sending you 4
2024-10-14 21:06:50.309584 Kilo: November, Oscar, X-ray, Papa and Golf, sending you 3
2024-10-14 21:06:50.310007 Yankee: Oscar, X-ray and Golf, sending you 2
2024-10-14 21:06:50.310404 Papa: November and Kilo, sending you 2
2024-10-14 21:06:50.311385 X-ray: November, sending you 3
2024-10-14 21:06:50.311939 Lima: November, sending you 4
2024-10-14 21:06:50.312258 Victor: Lima, sending you 7
2024-10-14 21:06:50.312697 Golf: Oscar, Kilo and Papa, sending you 3
2024-10-14 21:06:50.314276 Oscar: Golf, sending you 4
2024-10-14 21:06:50.314908 Romeo: Victor, sending you 3
2024-10-14 21:06:50.315377 Kilo: Yankee, sending you 2
2024-10-14 21:06:50.315785 Victor: Papa, sending you 3
2024-10-14 21:06:50.316088 Papa: Oscar, sending you 5
2024-10-14 21:06:50.316703 X-ray: Yankee, Oscar, Kilo, Papa and Golf, sending you 2
2024-10-14 21:06:50.317862 Lima: Romeo and Papa, sending you 5
2024-10-14 21:06:50.319694 Papa: X-ray, sending you 1
2024-10-14 21:06:50.321712 Lima: Victor, sending you 6
2024-10-14 21:06:50.324699 Papa: Golf, sending you 8
2024-10-14 21:06:50.336674 November: Yankee, Oscar, Kilo, X-ray, Papa and Golf, sending you 3
chatterbot Lima submitting transactions
chatterbot November submitting transactions
chatterbot Romeo submitting transactions
chatterbot Yankee submitting transactions
chatterbot X-ray submitting transactions
chatterbot Oscar submitting transactions
chatterbot Kilo submitting transactions
chatterbot Golf submitting transactions
chatterbot Papa submitting transactions
chatterbot Victor submitting transactions
ChatterBot November round 5
ChatterBot Yankee round 5
ChatterBot Oscar round 5
ChatterBot Kilo round 5
ChatterBot X-ray round 5
ChatterBot Romeo round 5
ChatterBot Lima round 5
ChatterBot Papa round 5
2024-10-14 21:06:51.361406 Yankee: We should add Papa
ChatterBot X-ray reevaluating
2024-10-14 21:06:51.382494 November: Yes
2024-10-14 21:06:51.382727 X-ray: Yes
2024-10-14 21:06:51.382881 Kilo: Yes
2024-10-14 21:06:51.383378 Oscar: Yes
2024-10-14 21:06:51.383529 Golf: Yes
ChatterBot X-ray reevaluating
ChatterBot X-ray reevaluating
ChatterBot X-ray reevaluating
ChatterBot X-ray reevaluating
ChatterBot Victor round 5
ChatterBot Golf round 5
2024-10-14 21:06:51.596524 Yankee: Papa we want you to join our group
2024-10-14 21:06:51.602269 Papa: Yes
ChatterBot X-ray reevaluating
ChatterBot Golf reevaluating
2024-10-14 21:06:51.636134 Lima: We should drop November
ChatterBot Romeo reevaluating
ChatterBot Victor reevaluating
2024-10-14 21:06:51.646465 Romeo: Yes
2024-10-14 21:06:51.646693 Papa: No
2024-10-14 21:06:51.647085 Victor: Yes
ChatterBot Victor reevaluating
ChatterBot Romeo reevaluating
ChatterBot Victor reevaluating
ChatterBot Romeo reevaluating
2024-10-14 21:06:51.676005 Kilo: November, Oscar, X-ray, Papa and Golf, sending you 3
2024-10-14 21:06:51.678684 Oscar: November, Yankee and X-ray, sending you 2
2024-10-14 21:06:51.680901 November: Same as last round
2024-10-14 21:06:51.682689 Kilo: Yankee, sending you 2
2024-10-14 21:06:51.686380 Oscar: Kilo, Papa and Golf, sending you 3
2024-10-14 21:06:51.688404 X-ray: November, sending you 3
2024-10-14 21:06:51.690322 Yankee: Sending you each 2
2024-10-14 21:06:51.692445 Lima: Romeo and Victor, sending you 7
2024-10-14 21:06:51.694747 X-ray: Yankee, Oscar, Kilo, Papa and Golf, sending you 2
2024-10-14 21:06:51.696284 Golf: November, Yankee, Kilo and X-ray, sending you 2
2024-10-14 21:06:51.697788 Lima: Papa, sending you 6
2024-10-14 21:06:51.699719 Papa: November, sending you 3
2024-10-14 21:06:51.701107 Golf: Oscar, sending you 3
2024-10-14 21:06:51.701989 Victor: Romeo, sending you 6
2024-10-14 21:06:51.705234 Papa: Oscar and Kilo, sending you 4
2024-10-14 21:06:51.707232 Golf: Papa, sending you 4
2024-10-14 21:06:51.709424 Victor: Lima, sending you 9
2024-10-14 21:06:51.710230 Papa: X-ray, sending you 1
2024-10-14 21:06:51.714669 Papa: Golf, sending you 6
chatterbot Oscar submitting transactions
chatterbot November submitting transactions
chatterbot Lima submitting transactions
chatterbot X-ray submitting transactions
chatterbot Yankee submitting transactions
chatterbot Kilo submitting transactions
chatterbot Golf submitting transactions
chatterbot Papa submitting transactions
chatterbot Victor submitting transactions
chatterbot Romeo submitting transactions
ChatterBot November round 6
ChatterBot Yankee round 6
ChatterBot Oscar round 6
ChatterBot Kilo round 6
ChatterBot X-ray round 6
ChatterBot Romeo round 6
ChatterBot Lima round 6
ChatterBot Papa round 6
ChatterBot Victor round 6
ChatterBot Golf round 6
2024-10-14 21:06:52.758275 Romeo: We should drop Papa
2024-10-14 21:06:52.762147 Lima: No
2024-10-14 21:06:52.762278 Victor: Yes
ChatterBot Romeo reevaluating
ChatterBot Victor reevaluating
ChatterBot Romeo reevaluating
2024-10-14 21:06:52.771330 November: Same as last round
2024-10-14 21:06:52.773936 Kilo: November, Oscar, X-ray, Papa and Golf, sending you 3
2024-10-14 21:06:52.775693 Yankee: Same as last round
2024-10-14 21:06:52.776665 Oscar: November, Yankee and X-ray, sending you 2
2024-10-14 21:06:52.777302 X-ray: November, sending you 3
2024-10-14 21:06:52.777902 Kilo: Yankee, sending you 2
2024-10-14 21:06:52.778838 Papa: November and Kilo, sending you 3
2024-10-14 21:06:52.780670 Oscar: Kilo, Papa and Golf, sending you 3
2024-10-14 21:06:52.781705 X-ray: Yankee, Oscar, Kilo, Papa and Golf, sending you 2
2024-10-14 21:06:52.782331 Papa: Yankee, sending you 1
2024-10-14 21:06:52.783230 Golf: November, Yankee, Kilo and X-ray, sending you 2
2024-10-14 21:06:52.785674 Lima: Romeo, sending you 7
2024-10-14 21:06:52.786081 Papa: Oscar, sending you 4
2024-10-14 21:06:52.788734 Golf: Oscar, sending you 3
2024-10-14 21:06:52.789686 Lima: Papa, sending you 5
2024-10-14 21:06:52.790002 Papa: X-ray, sending you 2
2024-10-14 21:06:52.792684 Golf: Papa, sending you 4
2024-10-14 21:06:52.793670 Lima: Victor, sending you 8
2024-10-14 21:06:52.794677 Papa: Golf, sending you 5
2024-10-14 21:06:52.801875 Victor: Romeo, sending you 6
2024-10-14 21:06:52.804679 Victor: Lima, sending you 9
2024-10-14 21:06:52.805672 Romeo: Sending you each 3
chatterbot Kilo submitting transactions
chatterbot Oscar submitting transactions
chatterbot November submitting transactions
chatterbot Yankee submitting transactions
chatterbot X-ray submitting transactions
chatterbot Lima submitting transactions
chatterbot Victor submitting transactions
chatterbot Golf submitting transactions
chatterbot Papa submitting transactions
chatterbot Romeo submitting transactions
ChatterBot November round 7
ChatterBot Yankee round 7
ChatterBot Oscar round 7
ChatterBot Kilo round 7
ChatterBot X-ray round 7
ChatterBot Romeo round 7
ChatterBot Lima round 7
ChatterBot Papa round 7
ChatterBot Victor round 7
ChatterBot Golf round 7
2024-10-14 21:06:54.063336 Lima: We should replace Papa with Kilo
ChatterBot Victor reevaluating
2024-10-14 21:06:54.070014 Romeo: No
2024-10-14 21:06:54.070272 Victor: No
ChatterBot Lima reevaluating
ChatterBot Victor reevaluating
ChatterBot Lima reevaluating
2024-10-14 21:06:54.097688 Yankee: Same as last round
2024-10-14 21:06:54.099662 Lima: Kilo we want you to join our group
2024-10-14 21:06:54.103114 Kilo: No
ChatterBot Lima reevaluating
2024-10-14 21:06:54.112579 Lima: We should replace Papa with X-ray
2024-10-14 21:06:54.118534 Romeo: No
2024-10-14 21:06:54.118918 Victor: No
ChatterBot Lima reevaluating
ChatterBot Lima reevaluating
2024-10-14 21:06:54.139676 Oscar: November, Yankee and X-ray, sending you 2
2024-10-14 21:06:54.141018 Romeo: Same as last round
2024-10-14 21:06:54.141518 Victor: Romeo, sending you 6
2024-10-14 21:06:54.142159 November: Same as last round
2024-10-14 21:06:54.143796 Golf: November, Yankee, Kilo and X-ray, sending you 2
2024-10-14 21:06:54.144946 X-ray: November, Yankee, Oscar, Papa and Golf, sending you 2
2024-10-14 21:06:54.146620 Kilo: November, Oscar, X-ray, Papa and Golf, sending you 3
2024-10-14 21:06:54.147958 Oscar: Kilo, Papa and Golf, sending you 3
2024-10-14 21:06:54.149656 Lima: X-ray we want you to join our group
2024-10-14 21:06:54.153584 X-ray: No
ChatterBot Lima reevaluating
2024-10-14 21:06:54.166273 Victor: Lima, sending you 9
2024-10-14 21:06:54.167472 Golf: Oscar, sending you 3
2024-10-14 21:06:54.169273 X-ray: Kilo, sending you 3
2024-10-14 21:06:54.170476 Kilo: Yankee, sending you 2
2024-10-14 21:06:54.172338 Papa: November and Kilo, sending you 3
2024-10-14 21:06:54.173621 Golf: Papa, sending you 4
2024-10-14 21:06:54.176727 Papa: Yankee, sending you 1
2024-10-14 21:06:54.180678 Papa: Oscar, sending you 4
2024-10-14 21:06:54.185668 Papa: X-ray, sending you 2
2024-10-14 21:06:54.189677 Papa: Golf, sending you 5
2024-10-14 21:06:54.202680 Lima: X-ray, sending you 5
2024-10-14 21:06:54.206162 Lima: Romeo, sending you 7
2024-10-14 21:06:54.209685 Lima: Victor, sending you 8
chatterbot Kilo submitting transactions
chatterbot Romeo submitting transactions
chatterbot X-ray submitting transactions
chatterbot November submitting transactions
chatterbot Golf submitting transactions
chatterbot Victor submitting transactions
chatterbot Lima submitting transactions
chatterbot Oscar submitting transactions
chatterbot Yankee submitting transactions
chatterbot Papa submitting transactions
ChatterBot November round 8
ChatterBot Yankee round 8
ChatterBot Oscar round 8
ChatterBot Kilo round 8
ChatterBot X-ray round 8
ChatterBot Romeo round 8
ChatterBot Lima round 8
ChatterBot Papa round 8
ChatterBot Victor round 8
ChatterBot Golf round 8
2024-10-14 21:06:54.979647 X-ray: November, Yankee, Oscar, Papa and Golf, sending you 2
2024-10-14 21:06:54.982651 Romeo: Same as last round
2024-10-14 21:06:54.983663 X-ray: Kilo, sending you 3
2024-10-14 21:06:54.984675 Yankee: Same as last round
2024-10-14 21:06:54.990676 November: Same as last round
2024-10-14 21:06:54.994696 Lima: X-ray, sending you 5
2024-10-14 21:06:54.995705 Oscar: November, Yankee and X-ray, sending you 2
2024-10-14 21:06:54.997680 Papa: November and Kilo, sending you 3
2024-10-14 21:06:54.998456 Lima: Romeo, sending you 7
2024-10-14 21:06:54.999376 Kilo: November, Oscar, X-ray, Papa and Golf, sending you 3
2024-10-14 21:06:55.000184 Golf: November, Yankee, Kilo and X-ray, sending you 2
2024-10-14 21:06:55.001684 Oscar: Kilo, Papa and Golf, sending you 3
2024-10-14 21:06:55.003179 Papa: Yankee, sending you 1
2024-10-14 21:06:55.004131 Lima: Victor, sending you 8
2024-10-14 21:06:55.004529 Kilo: Yankee, sending you 2
2024-10-14 21:06:55.005774 Golf: Oscar, sending you 3
2024-10-14 21:06:55.006639 Victor: Romeo, sending you 6
2024-10-14 21:06:55.007692 Papa: Oscar, sending you 4
2024-10-14 21:06:55.009674 Victor: Lima, sending you 9
2024-10-14 21:06:55.010734 Golf: Papa, sending you 4
2024-10-14 21:06:55.011677 Papa: X-ray, sending you 2
2024-10-14 21:06:55.015663 Papa: Golf, sending you 5
chatterbot November submitting transactions
chatterbot Kilo submitting transactions
chatterbot Victor submitting transactions
chatterbot Yankee submitting transactions
chatterbot Romeo submitting transactions
chatterbot Papa submitting transactions
chatterbot X-ray submitting transactions
chatterbot Golf submitting transactions
chatterbot Lima submitting transactions
chatterbot Oscar submitting transactions
ChatterBot November round 9
ChatterBot Yankee round 9
ChatterBot Oscar round 9
ChatterBot Kilo round 9
ChatterBot X-ray round 9
ChatterBot Romeo round 9
ChatterBot Lima round 9
ChatterBot Papa round 9
ChatterBot Victor round 9
ChatterBot Golf round 9
2024-10-14 21:06:56.147364 Lima: Can we be friends?
2024-10-14 21:06:56.169907 November: No
2024-10-14 21:06:56.170167 Yankee: No
2024-10-14 21:06:56.170310 Oscar: No
2024-10-14 21:06:56.170447 Kilo: No
2024-10-14 21:06:56.171104 X-ray: No
2024-10-14 21:06:56.171246 Papa: No
2024-10-14 21:06:56.171390 Golf: No
ChatterBot Lima reevaluating
ChatterBot Lima reevaluating
ChatterBot Lima reevaluating
ChatterBot Lima reevaluating
ChatterBot Lima reevaluating
ChatterBot Lima reevaluating
ChatterBot Lima reevaluating
2024-10-14 21:06:56.295015 Lima: We should replace X-ray with Kilo
2024-10-14 21:06:56.298958 Romeo: No
2024-10-14 21:06:56.299092 Victor: No
ChatterBot Lima reevaluating
ChatterBot Victor reevaluating
ChatterBot Lima reevaluating
2024-10-14 21:06:56.311668 Kilo: November, Oscar, X-ray, Papa and Golf, sending you 3
2024-10-14 21:06:56.312494 November: Same as last round
2024-10-14 21:06:56.313652 Lima: Kilo we want you to join our group
2024-10-14 21:06:56.316472 Kilo: No
ChatterBot Lima reevaluating
ChatterBot Victor reevaluating
2024-10-14 21:06:56.325731 Lima: We should replace X-ray with Yankee
ChatterBot Victor reevaluating
2024-10-14 21:06:56.331876 Romeo: No
2024-10-14 21:06:56.332025 Victor: No
ChatterBot Lima reevaluating
ChatterBot Victor reevaluating
ChatterBot Lima reevaluating
2024-10-14 21:06:56.344521 Oscar: November, Yankee and X-ray, sending you 2
2024-10-14 21:06:56.346467 X-ray: November, Yankee, Oscar, Papa and Golf, sending you 2
2024-10-14 21:06:56.347965 Yankee: Same as last round
2024-10-14 21:06:56.350087 Kilo: Yankee, sending you 2
2024-10-14 21:06:56.351082 Oscar: Kilo, Papa and Golf, sending you 3
2024-10-14 21:06:56.351759 Romeo: Lima, sending you 2
2024-10-14 21:06:56.352725 X-ray: Kilo, sending you 3
2024-10-14 21:06:56.355264 Golf: November, Yankee, Kilo and X-ray, sending you 2
2024-10-14 21:06:56.356012 Papa: November and Kilo, sending you 3
2024-10-14 21:06:56.356661 Lima: Papa we want you to join our group
2024-10-14 21:06:56.359326 Papa: No
ChatterBot Lima reevaluating
ChatterBot Victor reevaluating
2024-10-14 21:06:56.368358 Romeo: Victor, sending you 3
2024-10-14 21:06:56.368773 Golf: Oscar, sending you 3
2024-10-14 21:06:56.370025 Papa: Yankee, sending you 1
2024-10-14 21:06:56.372699 Golf: Papa, sending you 4
2024-10-14 21:06:56.375650 Papa: Oscar, sending you 4
2024-10-14 21:06:56.377876 Victor: We should drop Romeo
ChatterBot Lima reevaluating
2024-10-14 21:06:56.380953 Lima: No
ChatterBot Victor reevaluating
2024-10-14 21:06:56.385416 Lima: We should replace X-ray with Oscar
ChatterBot Victor reevaluating
2024-10-14 21:06:56.391869 Romeo: No
2024-10-14 21:06:56.392034 Victor: No
ChatterBot Lima reevaluating
ChatterBot Victor reevaluating
ChatterBot Lima reevaluating
2024-10-14 21:06:56.404007 Papa: X-ray, sending you 2
2024-10-14 21:06:56.408674 Papa: Golf, sending you 5
2024-10-14 21:06:56.418695 Victor: Romeo, sending you 7
2024-10-14 21:06:56.423657 Victor: Lima, sending you 8
2024-10-14 21:06:56.431742 Lima: X-ray, sending you 5
2024-10-14 21:06:56.434736 Lima: Romeo, sending you 7
2024-10-14 21:06:56.437668 Lima: Victor, sending you 8
chatterbot Yankee submitting transactions
chatterbot Papa submitting transactions
chatterbot Kilo submitting transactions
chatterbot November submitting transactions
chatterbot Oscar submitting transactions
chatterbot X-ray submitting transactions
chatterbot Lima submitting transactions
chatterbot Romeo submitting transactions
chatterbot Golf submitting transactions
chatterbot Victor submitting transactions
ChatterBot November round 10
ChatterBot Yankee round 10
ChatterBot Oscar round 10
ChatterBot Kilo round 10
ChatterBot X-ray round 10
ChatterBot Romeo round 10
ChatterBot Lima round 10
ChatterBot Papa round 10
ChatterBot Victor round 10
ChatterBot Golf round 10
2024-10-14 21:06:57.624774 Lima: We should replace X-ray with Kilo
2024-10-14 21:06:57.632463 Romeo: No
2024-10-14 21:06:57.633008 Victor: No
ChatterBot Lima reevaluating
ChatterBot Lima reevaluating
2024-10-14 21:06:57.658608 Lima: We should replace X-ray with Oscar
2024-10-14 21:06:57.665754 Romeo: No
2024-10-14 21:06:57.666489 Victor: No
ChatterBot Lima reevaluating
ChatterBot Lima reevaluating
2024-10-14 21:06:57.683229 Yankee: Same as last round
2024-10-14 21:06:57.684951 Lima: We should replace X-ray with November
2024-10-14 21:06:57.692530 Romeo: No
2024-10-14 21:06:57.692708 Victor: No
ChatterBot Lima reevaluating
ChatterBot Lima reevaluating
2024-10-14 21:06:57.710676 November: Same as last round
2024-10-14 21:06:57.712120 X-ray: November, Yankee, Oscar, Papa and Golf, sending you 2
2024-10-14 21:06:57.713594 Kilo: November, Oscar, X-ray, Papa and Golf, sending you 3
2024-10-14 21:06:57.714780 Golf: November, Yankee, Kilo and X-ray, sending you 2
2024-10-14 21:06:57.716068 Romeo: Sending you each 2
2024-10-14 21:06:57.716483 Victor: Romeo, sending you 7
2024-10-14 21:06:57.716804 Oscar: November, Yankee and X-ray, sending you 2
2024-10-14 21:06:57.718215 Papa: November, Oscar and Kilo, sending you 3
2024-10-14 21:06:57.719457 X-ray: Kilo, sending you 3
2024-10-14 21:06:57.720483 Lima: Kilo we want you to join our group
2024-10-14 21:06:57.723479 Kilo: No
ChatterBot Lima reevaluating
2024-10-14 21:06:57.731158 Kilo: Yankee, sending you 2
2024-10-14 21:06:57.731916 Golf: Oscar, sending you 3
2024-10-14 21:06:57.732875 Victor: Lima, sending you 8
2024-10-14 21:06:57.733266 Papa: Yankee and X-ray, sending you 2
2024-10-14 21:06:57.733952 Oscar: Kilo, Papa and Golf, sending you 3
2024-10-14 21:06:57.735673 Golf: Papa, sending you 4
2024-10-14 21:06:57.737177 Papa: Golf, sending you 5
2024-10-14 21:06:57.748672 Lima: November, Oscar, Kilo and Golf, sending you 3
2024-10-14 21:06:57.753344 Lima: Yankee, sending you 1
2024-10-14 21:06:57.757703 Lima: X-ray, sending you 2
2024-10-14 21:06:57.760696 Lima: Papa, sending you 5
chatterbot Yankee submitting transactions
chatterbot Golf submitting transactions
chatterbot Lima submitting transactions
chatterbot Oscar submitting transactions
chatterbot X-ray submitting transactions
chatterbot Victor submitting transactions
chatterbot Romeo submitting transactions
chatterbot Kilo submitting transactions
chatterbot November submitting transactions
chatterbot Papa submitting transactions
ChatterBot November round 11
ChatterBot Yankee round 11
ChatterBot Oscar round 11
ChatterBot Kilo round 11
ChatterBot X-ray round 11
ChatterBot Romeo round 11
ChatterBot Lima round 11
ChatterBot Papa round 11
ChatterBot Victor round 11
ChatterBot Golf round 11
2024-10-14 21:06:58.897819 Victor: We should drop Romeo
2024-10-14 21:06:58.901298 Lima: No
ChatterBot Victor reevaluating
2024-10-14 21:06:58.905373 Oscar: November, Yankee and X-ray, sending you 2
2024-10-14 21:06:58.908659 X-ray: November, Yankee, Oscar, Papa and Golf, sending you 2
2024-10-14 21:06:58.910497 Oscar: Kilo, Papa and Golf, sending you 3
2024-10-14 21:06:58.913305 Yankee: Same as last round
2024-10-14 21:06:58.915847 November: Same as last round
2024-10-14 21:06:58.917101 Lima: Romeo, sending you 7
2024-10-14 21:06:58.918378 X-ray: Kilo, sending you 3
2024-10-14 21:06:58.921710 Romeo: Same as last round
2024-10-14 21:06:58.922706 Lima: Papa, sending you 5
2024-10-14 21:06:58.923126 Kilo: November, Oscar, X-ray, Papa and Golf, sending you 3
2024-10-14 21:06:58.924025 Papa: November, Oscar and Kilo, sending you 3
2024-10-14 21:06:58.925218 Golf: November, Yankee, Kilo and X-ray, sending you 2
2024-10-14 21:06:58.926667 Lima: Victor, sending you 8
2024-10-14 21:06:58.927680 Papa: Yankee and X-ray, sending you 2
2024-10-14 21:06:58.929855 Kilo: Yankee, sending you 2
2024-10-14 21:06:58.931688 Golf: Oscar, sending you 3
2024-10-14 21:06:58.933826 Papa: Golf, sending you 5
2024-10-14 21:06:58.938675 Golf: Papa, sending you 4
2024-10-14 21:06:58.940644 Victor: Romeo, sending you 7
2024-10-14 21:06:58.944650 Victor: Lima, sending you 8
chatterbot X-ray submitting transactions
chatterbot Lima submitting transactions
chatterbot Victor submitting transactions
chatterbot Golf submitting transactions
chatterbot Kilo submitting transactions
chatterbot Papa submitting transactions
chatterbot Oscar submitting transactions
chatterbot Yankee submitting transactions
chatterbot November submitting transactions
chatterbot Romeo submitting transactions
ChatterBot November round 12
ChatterBot Yankee round 12
ChatterBot Oscar round 12
ChatterBot Kilo round 12
ChatterBot X-ray round 12
ChatterBot Romeo round 12
ChatterBot Lima round 12
ChatterBot Papa round 12
ChatterBot Victor round 12
ChatterBot Golf round 12
2024-10-14 21:07:00.179683 November: Same as last round
2024-10-14 21:07:00.181754 Romeo: Same as last round
2024-10-14 21:07:00.186025 Kilo: November, Oscar, X-ray, Papa and Golf, sending you 3
2024-10-14 21:07:00.187209 Papa: November, Oscar and Kilo, sending you 3
2024-10-14 21:07:00.188086 Victor: Romeo, sending you 7
2024-10-14 21:07:00.188412 Oscar: November, Yankee and X-ray, sending you 2
2024-10-14 21:07:00.189217 Lima: November, Oscar, Kilo and Golf, sending you 3
2024-10-14 21:07:00.189739 X-ray: November, Yankee, Oscar, Papa and Golf, sending you 2
2024-10-14 21:07:00.191667 Yankee: Same as last round
2024-10-14 21:07:00.192957 Papa: Yankee and X-ray, sending you 2
2024-10-14 21:07:00.194356 Victor: Lima, sending you 8
2024-10-14 21:07:00.194686 Kilo: Yankee, sending you 2
2024-10-14 21:07:00.195302 Oscar: Kilo, Papa and Golf, sending you 3
2024-10-14 21:07:00.195940 Golf: November, Yankee, Kilo and X-ray, sending you 2
2024-10-14 21:07:00.196555 Lima: Yankee, sending you 1
2024-10-14 21:07:00.196960 X-ray: Kilo, sending you 3
2024-10-14 21:07:00.197977 Papa: Golf, sending you 5
2024-10-14 21:07:00.198705 Golf: Oscar, sending you 3
2024-10-14 21:07:00.200670 Lima: X-ray, sending you 2
2024-10-14 21:07:00.203696 Golf: Papa, sending you 4
2024-10-14 21:07:00.205699 Lima: Papa, sending you 5
chatterbot Golf submitting transactions
chatterbot Oscar submitting transactions
chatterbot November submitting transactions
chatterbot Papa submitting transactions
chatterbot Victor submitting transactions
chatterbot Lima submitting transactions
chatterbot Kilo submitting transactions
chatterbot X-ray submitting transactions
chatterbot Yankee submitting transactions
chatterbot Romeo submitting transactions
ChatterBot November round 13
ChatterBot Yankee round 13
ChatterBot Oscar round 13
ChatterBot Kilo round 13
ChatterBot X-ray round 13
ChatterBot Romeo round 13
ChatterBot Lima round 13
ChatterBot Papa round 13
ChatterBot Victor round 13
ChatterBot Golf round 13
2024-10-14 21:07:01.465692 Kilo: November, Oscar, X-ray, Papa and Golf, sending you 3
2024-10-14 21:07:01.468178 Victor: Romeo, sending you 7
2024-10-14 21:07:01.468865 Oscar: November, Yankee and X-ray, sending you 2
2024-10-14 21:07:01.471865 Yankee: Same as last round
2024-10-14 21:07:01.474937 Kilo: Yankee, sending you 2
2024-10-14 21:07:01.478038 November: Same as last round
2024-10-14 21:07:01.481390 Romeo: Same as last round
