ChatterBot Charlie round 1
ChatterBot India round 1
ChatterBot Oscar round 1
ChatterBot Tango round 1
ChatterBot Lima round 1
ChatterBot Papa round 1
ChatterBot Alpha round 1
ChatterBot Sierra round 1
ChatterBot Quebec round 1
ChatterBot Yankee round 1
randomSelections India: {India, Quebec, Alpha, Sierra, Lima, Papa} 
2024-10-14 21:06:43.536681 India: We would work well together
ChatterBot Quebec reevaluating
ChatterBot Alpha reevaluating
ChatterBot Sierra reevaluating
ChatterBot Lima reevaluating
ChatterBot Papa reevaluating
2024-10-14 21:06:43.550099 Quebec: Yes
2024-10-14 21:06:43.550263 Alpha: Yes
2024-10-14 21:06:43.550376 Sierra: Yes
2024-10-14 21:06:43.550490 Lima: Yes
2024-10-14 21:06:43.550611 Papa: Yes
ChatterBot Alpha reevaluating
ChatterBot Sierra reevaluating
ChatterBot Lima reevaluating
ChatterBot Papa reevaluating
ChatterBot Quebec reevaluating
ChatterBot Sierra reevaluating
ChatterBot Lima reevaluating
ChatterBot Papa reevaluating
ChatterBot Quebec reevaluating
ChatterBot Alpha reevaluating
ChatterBot Lima reevaluating
ChatterBot Papa reevaluating
ChatterBot Quebec reevaluating
ChatterBot Alpha reevaluating
ChatterBot Sierra reevaluating
ChatterBot Papa reevaluating
ChatterBot Quebec reevaluating
ChatterBot Alpha reevaluating
ChatterBot Sierra reevaluating
ChatterBot Lima reevaluating
randomSelections Charlie: {Charlie, Alpha, Papa, Yankee, India, Sierra, Quebec} 
2024-10-14 21:06:43.598643 Charlie: We would work well together
ChatterBot Alpha reevaluating
ChatterBot Papa reevaluating
ChatterBot Yankee reevaluating
ChatterBot Sierra reevaluating
ChatterBot Quebec reevaluating
2024-10-14 21:06:43.611818 Alpha: No
2024-10-14 21:06:43.612316 Papa: No
2024-10-14 21:06:43.613196 Yankee: Yes
2024-10-14 21:06:43.613328 India: No
2024-10-14 21:06:43.613454 Sierra: No
2024-10-14 21:06:43.613623 Quebec: No
ChatterBot Papa reevaluating
ChatterBot Yankee reevaluating
ChatterBot Sierra reevaluating
ChatterBot Quebec reevaluating
ChatterBot Alpha reevaluating
ChatterBot Yankee reevaluating
ChatterBot Sierra reevaluating
ChatterBot Quebec reevaluating
ChatterBot Alpha reevaluating
ChatterBot Papa reevaluating
ChatterBot Sierra reevaluating
ChatterBot Quebec reevaluating
ChatterBot Alpha reevaluating
ChatterBot Papa reevaluating
ChatterBot Yankee reevaluating
ChatterBot Sierra reevaluating
ChatterBot Quebec reevaluating
ChatterBot Alpha reevaluating
ChatterBot Papa reevaluating
ChatterBot Yankee reevaluating
ChatterBot Quebec reevaluating
ChatterBot Alpha reevaluating
ChatterBot Papa reevaluating
ChatterBot Yankee reevaluating
ChatterBot Sierra reevaluating
randomSelections Oscar: {Oscar, Yankee, Tango, Charlie, Quebec, India, Papa} 
2024-10-14 21:06:43.673136 Oscar: Can we be friends?
ChatterBot Yankee reevaluating
ChatterBot Tango reevaluating
ChatterBot Quebec reevaluating
ChatterBot Papa reevaluating
2024-10-14 21:06:43.680417 Yankee: No
2024-10-14 21:06:43.680550 Tango: Yes
2024-10-14 21:06:43.680695 Charlie: No
2024-10-14 21:06:43.680803 Quebec: No
2024-10-14 21:06:43.681321 India: No
2024-10-14 21:06:43.681413 Papa: No
ChatterBot Tango reevaluating
ChatterBot Quebec reevaluating
ChatterBot Papa reevaluating
ChatterBot Yankee reevaluating
ChatterBot Quebec reevaluating
ChatterBot Papa reevaluating
ChatterBot Yankee reevaluating
ChatterBot Tango reevaluating
ChatterBot Quebec reevaluating
ChatterBot Papa reevaluating
ChatterBot Yankee reevaluating
ChatterBot Tango reevaluating
ChatterBot Papa reevaluating
ChatterBot Yankee reevaluating
ChatterBot Tango reevaluating
ChatterBot Quebec reevaluating
ChatterBot Papa reevaluating
ChatterBot Yankee reevaluating
ChatterBot Tango reevaluating
ChatterBot Quebec reevaluating
2024-10-14 21:06:43.751673 Charlie: India, Alpha and Sierra, sending you 2
2024-10-14 21:06:43.752691 Oscar: Charlie and Papa, sending you 3
2024-10-14 21:06:43.754658 Sierra: India, sending you 3
2024-10-14 21:06:43.755717 Alpha: Lima, sending you 2
2024-10-14 21:06:43.756145 Yankee: Charlie and Sierra, sending you 5
2024-10-14 21:06:43.756677 Charlie: Yankee, sending you 6
2024-10-14 21:06:43.756946 Oscar: India and Tango, sending you 6
2024-10-14 21:06:43.757690 India: Lima, sending you 2
2024-10-14 21:06:43.759657 Sierra: Lima, sending you 4
2024-10-14 21:06:43.759937 Yankee: India, sending you 1
2024-10-14 21:06:43.760674 Alpha: Papa, sending you 6
2024-10-14 21:06:43.760935 Lima: India and Quebec, sending you 3
2024-10-14 21:06:43.761197 Oscar: Quebec and Yankee, sending you 1
2024-10-14 21:06:43.761922 Quebec: India and Sierra, sending you 1
2024-10-14 21:06:43.762198 Papa: India, sending you 5
2024-10-14 21:06:43.762692 India: Papa, sending you 7
2024-10-14 21:06:43.763058 Sierra: Papa, sending you 1
2024-10-14 21:06:43.763695 Alpha: Sierra, sending you 4
2024-10-14 21:06:43.764658 Yankee: Papa, sending you 4
2024-10-14 21:06:43.764967 Lima: Papa and Sierra, sending you 4
2024-10-14 21:06:43.765251 Papa: Lima and Sierra, sending you 2
2024-10-14 21:06:43.766665 Quebec: Lima, sending you 3
2024-10-14 21:06:43.767043 Alpha: Quebec, sending you 5
2024-10-14 21:06:43.767684 India: Alpha, sending you 3
2024-10-14 21:06:43.767969 Sierra: Alpha and Quebec, sending you 5
2024-10-14 21:06:43.768627 Tango: India, sending you 4
2024-10-14 21:06:43.768881 Papa: Alpha and Quebec, sending you 4
2024-10-14 21:06:43.769121 Yankee: Alpha and Quebec, sending you 2
2024-10-14 21:06:43.769329 Lima: Alpha, sending you 2
2024-10-14 21:06:43.770656 Quebec: Alpha, sending you 2
2024-10-14 21:06:43.772020 India: Sierra, sending you 1
2024-10-14 21:06:43.772662 Tango: Oscar and Quebec, sending you 2
2024-10-14 21:06:43.775670 India: Quebec, sending you 5
2024-10-14 21:06:43.775971 Tango: Papa, sending you 3
2024-10-14 21:06:43.780659 Tango: Yankee, sending you 1
chatterbot India submitting transactions
chatterbot Tango submitting transactions
chatterbot Sierra submitting transactions
chatterbot Yankee submitting transactions
chatterbot Charlie submitting transactions
chatterbot Alpha submitting transactions
chatterbot Quebec submitting transactions
chatterbot Oscar submitting transactions
chatterbot Lima submitting transactions
chatterbot Papa submitting transactions
ChatterBot Charlie round 2
ChatterBot India round 2
ChatterBot Oscar round 2
ChatterBot Tango round 2
2024-10-14 21:06:45.765103 Charlie: We would work well together
ChatterBot Yankee reevaluating
ChatterBot Oscar reevaluating
ChatterBot Tango reevaluating
2024-10-14 21:06:45.786946 Yankee: No
2024-10-14 21:06:45.787178 Oscar: No
2024-10-14 21:06:45.787287 Tango: Yes
ChatterBot Oscar reevaluating
ChatterBot Tango reevaluating
ChatterBot Yankee reevaluating
ChatterBot Tango reevaluating
ChatterBot Yankee reevaluating
ChatterBot Oscar reevaluating
2024-10-14 21:06:45.842945 Oscar: Can we be friends?
ChatterBot Yankee reevaluating
ChatterBot Tango reevaluating
2024-10-14 21:06:45.863353 Charlie: Yes
2024-10-14 21:06:45.863487 Yankee: No
2024-10-14 21:06:45.863583 Tango: Yes
ChatterBot Yankee reevaluating
ChatterBot Oscar reevaluating
ChatterBot Tango reevaluating
ChatterBot Oscar reevaluating
ChatterBot Tango reevaluating
ChatterBot Yankee reevaluating
ChatterBot Oscar reevaluating
ChatterBot Lima round 2
ChatterBot Papa round 2
ChatterBot Alpha round 2
ChatterBot Sierra round 2
2024-10-14 21:06:45.922721 India: We should add Oscar and Tango
ChatterBot Quebec reevaluating
ChatterBot Alpha reevaluating
ChatterBot Sierra reevaluating
ChatterBot Lima reevaluating
ChatterBot Papa reevaluating
2024-10-14 21:06:45.951289 Quebec: No
2024-10-14 21:06:45.951441 Alpha: No
2024-10-14 21:06:45.952096 Sierra: No
2024-10-14 21:06:45.952216 Lima: No
2024-10-14 21:06:45.952323 Papa: No
ChatterBot Alpha reevaluating
ChatterBot Sierra reevaluating
ChatterBot Lima reevaluating
ChatterBot Papa reevaluating
ChatterBot Quebec reevaluating
ChatterBot Sierra reevaluating
ChatterBot Lima reevaluating
ChatterBot Papa reevaluating
ChatterBot Quebec reevaluating
ChatterBot Alpha reevaluating
ChatterBot Lima reevaluating
ChatterBot Papa reevaluating
ChatterBot Quebec reevaluating
ChatterBot Alpha reevaluating
ChatterBot Sierra reevaluating
ChatterBot Papa reevaluating
ChatterBot Quebec reevaluating
ChatterBot Alpha reevaluating
ChatterBot Sierra reevaluating
ChatterBot Lima reevaluating
2024-10-14 21:06:46.212269 Alpha: We should add Charlie and Yankee
2024-10-14 21:06:46.212670 Sierra: We should add Charlie and Yankee
2024-10-14 21:06:46.212967 Papa: We should add Charlie and Yankee
ChatterBot Quebec reevaluating
ChatterBot Sierra reevaluating
ChatterBot Lima reevaluating
ChatterBot Papa reevaluating
2024-10-14 21:06:46.245557 India: No
2024-10-14 21:06:46.250305 Quebec: No
ChatterBot Quebec reevaluating
ChatterBot Alpha reevaluating
2024-10-14 21:06:46.272106 Sierra: Yes
2024-10-14 21:06:46.272861 Lima: No
ChatterBot Lima reevaluating
2024-10-14 21:06:46.280295 Papa: Yes
ChatterBot Papa reevaluating
2024-10-14 21:06:46.286642 India: No
2024-10-14 21:06:46.292351 Quebec: No
ChatterBot Quebec reevaluating
2024-10-14 21:06:46.306804 Alpha: Yes
ChatterBot Alpha reevaluating
ChatterBot Sierra reevaluating
2024-10-14 21:06:46.318737 Lima: No
ChatterBot Lima reevaluating
2024-10-14 21:06:46.324151 Papa: Yes
2024-10-14 21:06:46.324827 India: No
2024-10-14 21:06:46.325012 Quebec: No
ChatterBot Quebec reevaluating
2024-10-14 21:06:46.337088 Alpha: Yes
ChatterBot Alpha reevaluating
2024-10-14 21:06:46.342106 Sierra: Yes
ChatterBot Sierra reevaluating
2024-10-14 21:06:46.347117 Lima: No
ChatterBot Lima reevaluating
ChatterBot Papa reevaluating
ChatterBot Alpha reevaluating
ChatterBot Sierra reevaluating
ChatterBot Lima reevaluating
ChatterBot Papa reevaluating
ChatterBot Quebec reevaluating
ChatterBot Alpha reevaluating
ChatterBot Lima reevaluating
ChatterBot Papa reevaluating
ChatterBot Quebec reevaluating
ChatterBot Alpha reevaluating
ChatterBot Sierra reevaluating
ChatterBot Papa reevaluating
ChatterBot Quebec reevaluating
ChatterBot Alpha reevaluating
ChatterBot Sierra reevaluating
ChatterBot Lima reevaluating
ChatterBot Quebec reevaluating
ChatterBot Alpha reevaluating
ChatterBot Sierra reevaluating
ChatterBot Lima reevaluating
ChatterBot Papa reevaluating
ChatterBot Alpha reevaluating
ChatterBot Sierra reevaluating
ChatterBot Lima reevaluating
ChatterBot Papa reevaluating
ChatterBot Quebec reevaluating
ChatterBot Sierra reevaluating
ChatterBot Lima reevaluating
ChatterBot Papa reevaluating
ChatterBot Quebec reevaluating
ChatterBot Alpha reevaluating
ChatterBot Sierra reevaluating
ChatterBot Papa reevaluating
ChatterBot Quebec reevaluating
ChatterBot Alpha reevaluating
ChatterBot Sierra reevaluating
ChatterBot Lima reevaluating
ChatterBot Quebec reevaluating
ChatterBot Alpha reevaluating
ChatterBot Sierra reevaluating
ChatterBot Lima reevaluating
ChatterBot Papa reevaluating
ChatterBot Alpha reevaluating
ChatterBot Sierra reevaluating
ChatterBot Lima reevaluating
ChatterBot Papa reevaluating
ChatterBot Quebec reevaluating
ChatterBot Sierra reevaluating
ChatterBot Lima reevaluating
ChatterBot Papa reevaluating
ChatterBot Quebec reevaluating
ChatterBot Alpha reevaluating
ChatterBot Lima reevaluating
ChatterBot Papa reevaluating
ChatterBot Quebec reevaluating
ChatterBot Alpha reevaluating
ChatterBot Sierra reevaluating
ChatterBot Papa reevaluating
ChatterBot Quebec round 2
ChatterBot Yankee round 2
2024-10-14 21:06:46.983646 India: Oscar and Tango we want you to join our group
ChatterBot Oscar reevaluating
2024-10-14 21:06:46.998970 Oscar: No
2024-10-14 21:06:46.999860 Tango: No
ChatterBot Lima reevaluating
ChatterBot Papa reevaluating
ChatterBot Alpha reevaluating
ChatterBot Sierra reevaluating
ChatterBot Quebec reevaluating
ChatterBot Tango reevaluating
ChatterBot Lima reevaluating
ChatterBot Papa reevaluating
ChatterBot Alpha reevaluating
ChatterBot Sierra reevaluating
ChatterBot Quebec reevaluating
ChatterBot Oscar reevaluating
2024-10-14 21:06:47.113850 Papa: We should add Yankee
ChatterBot Quebec reevaluating
2024-10-14 21:06:47.151693 India: No
2024-10-14 21:06:47.151886 Quebec: No
2024-10-14 21:06:47.152058 Alpha: No
2024-10-14 21:06:47.152238 Sierra: Yes
2024-10-14 21:06:47.152414 Lima: No
ChatterBot Quebec reevaluating
ChatterBot Papa reevaluating
ChatterBot Quebec reevaluating
ChatterBot Papa reevaluating
ChatterBot Quebec reevaluating
ChatterBot Papa reevaluating
ChatterBot Quebec reevaluating
ChatterBot Papa reevaluating
2024-10-14 21:06:47.364785 Sierra: Charlie and Yankee we want you to join our group
2024-10-14 21:06:47.378281 Charlie: No
2024-10-14 21:06:47.378502 Yankee: No
ChatterBot Papa reevaluating
ChatterBot Alpha reevaluating
ChatterBot Quebec reevaluating
ChatterBot Papa reevaluating
ChatterBot Alpha reevaluating
ChatterBot Quebec reevaluating
chatterbot Charlie submitting transactions
chatterbot India submitting transactions
2024-10-14 21:06:47.440885 Charlie: Oscar, sending you 4
2024-10-14 21:06:47.474112 India: Oscar, Tango, Lima, Papa and Sierra, sending you 3
2024-10-14 21:06:47.474698 Oscar: Charlie and Yankee, sending you 5
2024-10-14 21:06:47.475509 Charlie: Tango, sending you 3
2024-10-14 21:06:47.475821 Lima: Sending you each 4
2024-10-14 21:06:47.477098 Tango: Sending you 3
2024-10-14 21:06:47.477413 Alpha: Charlie and Yankee we want you to join our group
2024-10-14 21:06:47.490932 Charlie: No
2024-10-14 21:06:47.491126 Yankee: No
ChatterBot Papa reevaluating
ChatterBot Alpha reevaluating
ChatterBot Papa reevaluating
ChatterBot Alpha reevaluating
2024-10-14 21:06:47.687855 Oscar: Tango, sending you 10
2024-10-14 21:06:47.688753 India: Alpha, sending you 1
2024-10-14 21:06:47.690479 Charlie: Yankee, sending you 5
2024-10-14 21:06:47.691959 Sierra: Charlie, India, Papa and Quebec, sending you 2
2024-10-14 21:06:47.693320 Yankee: Charlie, sending you 8
2024-10-14 21:06:47.693880 Papa: Charlie and Yankee we want you to join our group
2024-10-14 21:06:47.709699 Charlie: No
2024-10-14 21:06:47.710095 Yankee: No
ChatterBot Papa reevaluating
ChatterBot Alpha reevaluating
ChatterBot Papa reevaluating
ChatterBot Alpha reevaluating
2024-10-14 21:06:47.812469 India: Quebec, sending you 2
2024-10-14 21:06:47.813770 Quebec: India, Papa, Alpha and Sierra, sending you 3
2024-10-14 21:06:47.815190 Yankee: Oscar and Tango, sending you 4
2024-10-14 21:06:47.815750 Sierra: Lima and Alpha, sending you 3
2024-10-14 21:06:47.854689 Quebec: Lima, sending you 1
2024-10-14 21:06:47.856287 Sierra: Yankee, sending you 4
2024-10-14 21:06:47.962419 Alpha: Charlie, Lima, Quebec and Yankee, sending you 2
2024-10-14 21:06:47.996505 Alpha: India, sending you 3
2024-10-14 21:06:47.997742 Papa: Charlie, sending you 1
2024-10-14 21:06:48.080648 Alpha: Papa and Sierra, sending you 4
2024-10-14 21:06:48.081663 Papa: India, Lima, Alpha and Yankee, sending you 3
chatterbot Yankee submitting transactions
chatterbot Tango submitting transactions
2024-10-14 21:06:48.104653 Papa: Sierra and Quebec, sending you 2
chatterbot Yankee submitting transactions
chatterbot Oscar submitting transactions
chatterbot Lima submitting transactions
chatterbot Alpha submitting transactions
chatterbot Sierra submitting transactions
chatterbot Quebec submitting transactions
chatterbot Papa submitting transactions
ChatterBot Charlie round 3
ChatterBot India round 3
ChatterBot Oscar round 3
ChatterBot Tango round 3
ChatterBot Lima round 3
ChatterBot Papa round 3
ChatterBot Alpha round 3
2024-10-14 21:06:48.875122 Charlie: Let's form a team
ChatterBot Oscar reevaluating
ChatterBot Tango reevaluating
ChatterBot India reevaluating
ChatterBot Alpha reevaluating
2024-10-14 21:06:48.909268 Oscar: No
2024-10-14 21:06:48.909445 Tango: No
2024-10-14 21:06:48.909556 Yankee: No
2024-10-14 21:06:48.910118 India: No
2024-10-14 21:06:48.910254 Lima: No
2024-10-14 21:06:48.910363 Papa: No
2024-10-14 21:06:48.910474 Alpha: No
2024-10-14 21:06:48.910580 Sierra: No
2024-10-14 21:06:48.910692 Quebec: No
ChatterBot Tango reevaluating
ChatterBot Yankee reevaluating
ChatterBot India reevaluating
ChatterBot Alpha reevaluating
ChatterBot Oscar reevaluating
ChatterBot Yankee reevaluating
ChatterBot India reevaluating
ChatterBot Alpha reevaluating
ChatterBot Oscar reevaluating
ChatterBot Tango reevaluating
ChatterBot India reevaluating
ChatterBot Alpha reevaluating
ChatterBot Oscar reevaluating
ChatterBot Tango reevaluating
ChatterBot Yankee reevaluating
ChatterBot Alpha reevaluating
ChatterBot Oscar reevaluating
ChatterBot Tango reevaluating
ChatterBot Yankee reevaluating
ChatterBot India reevaluating
ChatterBot Alpha reevaluating
ChatterBot Oscar reevaluating
ChatterBot Tango reevaluating
ChatterBot Yankee reevaluating
ChatterBot India reevaluating
ChatterBot Alpha reevaluating
ChatterBot Oscar reevaluating
ChatterBot Tango reevaluating
ChatterBot Yankee reevaluating
ChatterBot India reevaluating
ChatterBot Oscar reevaluating
ChatterBot Tango reevaluating
ChatterBot Yankee reevaluating
ChatterBot India reevaluating
ChatterBot Alpha reevaluating
ChatterBot Oscar reevaluating
ChatterBot Tango reevaluating
ChatterBot Yankee reevaluating
ChatterBot India reevaluating
ChatterBot Alpha reevaluating
ChatterBot Sierra round 3
ChatterBot Quebec round 3
ChatterBot Yankee round 3
2024-10-14 21:06:49.165936 Papa: We should drop Charlie and Yankee
ChatterBot India reevaluating
ChatterBot Alpha reevaluating
ChatterBot Sierra reevaluating
2024-10-14 21:06:49.179875 India: Yes
2024-10-14 21:06:49.180074 Quebec: Yes
2024-10-14 21:06:49.180537 Alpha: Yes
2024-10-14 21:06:49.180688 Sierra: Yes
2024-10-14 21:06:49.180792 Lima: Yes
ChatterBot Alpha reevaluating
ChatterBot Sierra reevaluating
ChatterBot India reevaluating
ChatterBot Alpha reevaluating
ChatterBot Sierra reevaluating
ChatterBot India reevaluating
ChatterBot Sierra reevaluating
ChatterBot India reevaluating
ChatterBot Alpha reevaluating
ChatterBot India reevaluating
ChatterBot Alpha reevaluating
ChatterBot Sierra reevaluating
2024-10-14 21:06:49.368552 Tango: Charlie and Yankee we want you to join our group
ChatterBot Charlie reevaluating
2024-10-14 21:06:49.374966 Charlie: Yes
2024-10-14 21:06:49.375219 Yankee: Yes
ChatterBot Oscar reevaluating
ChatterBot Charlie reevaluating
ChatterBot Oscar reevaluating
2024-10-14 21:06:49.394808 India: We should drop Oscar and Tango
2024-10-14 21:06:49.408190 Quebec: Yes
2024-10-14 21:06:49.408426 Alpha: Yes
2024-10-14 21:06:49.408648 Sierra: Yes
2024-10-14 21:06:49.409463 Lima: Yes
2024-10-14 21:06:49.409696 Papa: Yes
2024-10-14 21:06:49.486461 Oscar: India we want you to join our group
2024-10-14 21:06:49.488906 India: No
ChatterBot Charlie reevaluating
2024-10-14 21:06:49.498540 Papa: India, Lima and Alpha, sending you 4
2024-10-14 21:06:49.501663 Papa: Sierra, sending you 2
2024-10-14 21:06:49.503438 Quebec: India, Lima, Alpha and Sierra, sending you 3
2024-10-14 21:06:49.504729 Lima: Same as last round
2024-10-14 21:06:49.507356 Tango: Sending you each 3
2024-10-14 21:06:49.509934 Yankee: Charlie, sending you 5
2024-10-14 21:06:49.513485 Papa: Quebec, sending you 3
2024-10-14 21:06:49.517054 Quebec: Papa, sending you 1
2024-10-14 21:06:49.521472 Alpha: India, sending you 3
2024-10-14 21:06:49.523443 Yankee: India, Tango, Lima and Quebec, sending you 1
2024-10-14 21:06:49.525881 Oscar: Charlie, India, Tango and Yankee, sending you 5
2024-10-14 21:06:49.526849 India: Lima, Papa and Quebec, sending you 4
2024-10-14 21:06:49.529030 Alpha: Lima, Papa, Sierra and Quebec, sending you 4
2024-10-14 21:06:49.530975 Sierra: India, Papa and Quebec, sending you 3
2024-10-14 21:06:49.532341 Charlie: Oscar, sending you 4
2024-10-14 21:06:49.533784 Yankee: Oscar and Sierra, sending you 3
2024-10-14 21:06:49.534642 India: Alpha and Sierra, sending you 3
2024-10-14 21:06:49.535691 Sierra: Lima, sending you 4
2024-10-14 21:06:49.538082 Yankee: Papa and Alpha, sending you 2
2024-10-14 21:06:49.538686 Charlie: Tango, sending you 3
2024-10-14 21:06:49.538956 Sierra: Alpha, sending you 5
2024-10-14 21:06:49.543094 Charlie: Yankee, sending you 5
chatterbot Sierra submitting transactions
chatterbot Papa submitting transactions
chatterbot Lima submitting transactions
chatterbot Yankee submitting transactions
chatterbot Quebec submitting transactions
chatterbot India submitting transactions
chatterbot Charlie submitting transactions
chatterbot Charlie submitting transactions
chatterbot Alpha submitting transactions
chatterbot Tango submitting transactions
chatterbot Oscar submitting transactions
ChatterBot Charlie round 4
ChatterBot India round 4
ChatterBot Oscar round 4
ChatterBot Tango round 4
ChatterBot Lima round 4
ChatterBot Papa round 4
ChatterBot Alpha round 4
ChatterBot Sierra round 4
ChatterBot Quebec round 4
ChatterBot Yankee round 4
2024-10-14 21:06:50.669458 Charlie: Sending you each 4
2024-10-14 21:06:50.672699 Alpha: India, sending you 3
2024-10-14 21:06:50.675695 India: Lima, Papa, Sierra and Quebec, sending you 4
2024-10-14 21:06:50.677142 Quebec: India, Lima, Papa and Alpha, sending you 3
2024-10-14 21:06:50.677863 Oscar: Charlie, sending you 6
2024-10-14 21:06:50.678224 Alpha: Lima, Papa, Sierra and Quebec, sending you 4
2024-10-14 21:06:50.679690 Lima: Same as last round
2024-10-14 21:06:50.681573 Papa: India, Lima and Alpha, sending you 4
2024-10-14 21:06:50.682521 India: Alpha, sending you 2
2024-10-14 21:06:50.683744 Tango: Charlie, sending you 4
2024-10-14 21:06:50.684370 Oscar: India, sending you 4
2024-10-14 21:06:50.686153 Quebec: Sierra, sending you 1
2024-10-14 21:06:50.687040 Yankee: Charlie, sending you 9
2024-10-14 21:06:50.688161 Papa: Sierra, sending you 3
2024-10-14 21:06:50.689829 Sierra: India and Papa, sending you 3
2024-10-14 21:06:50.691097 Tango: Oscar and Yankee, sending you 3
2024-10-14 21:06:50.692241 Oscar: Tango and Yankee, sending you 5
2024-10-14 21:06:50.693398 Yankee: Oscar, sending you 6
2024-10-14 21:06:50.694945 Papa: Quebec, sending you 2
2024-10-14 21:06:50.697715 Sierra: Lima, Alpha and Quebec, sending you 4
2024-10-14 21:06:50.699814 Yankee: Tango, sending you 4
chatterbot Oscar submitting transactions
chatterbot India submitting transactions
chatterbot Tango submitting transactions
chatterbot Sierra submitting transactions
chatterbot Charlie submitting transactions
chatterbot Lima submitting transactions
chatterbot Papa submitting transactions
chatterbot Quebec submitting transactions
chatterbot Alpha submitting transactions
chatterbot Yankee submitting transactions
ChatterBot Charlie round 5
ChatterBot India round 5
ChatterBot Oscar round 5
ChatterBot Tango round 5
ChatterBot Lima round 5
ChatterBot Papa round 5
ChatterBot Alpha round 5
ChatterBot Sierra round 5
ChatterBot Quebec round 5
ChatterBot Yankee round 5
2024-10-14 21:06:51.906691 Charlie: Same as last round
2024-10-14 21:06:51.916672 Alpha: India, sending you 3
2024-10-14 21:06:51.917319 India: Lima, Papa and Quebec, sending you 4
2024-10-14 21:06:51.918672 Tango: Charlie, sending you 4
2024-10-14 21:06:51.919657 Papa: India and Alpha, sending you 4
2024-10-14 21:06:51.920644 Lima: Same as last round
2024-10-14 21:06:51.921189 Oscar: Charlie and Tango, sending you 5
2024-10-14 21:06:51.921782 Alpha: Lima, Papa, Sierra and Quebec, sending you 4
2024-10-14 21:06:51.923287 India: Alpha and Sierra, sending you 3
2024-10-14 21:06:51.923861 Yankee: Charlie, sending you 8
2024-10-14 21:06:51.924154 Tango: Oscar and Yankee, sending you 3
2024-10-14 21:06:51.924979 Sierra: India, Lima and Alpha, sending you 4
2024-10-14 21:06:51.926155 Papa: Lima, Sierra and Quebec, sending you 3
2024-10-14 21:06:51.927083 Oscar: India, sending you 4
2024-10-14 21:06:51.928059 Yankee: Oscar, sending you 6
2024-10-14 21:06:51.928676 Sierra: Papa and Quebec, sending you 3
2024-10-14 21:06:51.930681 Quebec: India, Lima, Alpha and Sierra, sending you 3
2024-10-14 21:06:51.931333 Oscar: Yankee, sending you 6
2024-10-14 21:06:51.931713 Yankee: Tango, sending you 5
2024-10-14 21:06:51.934675 Quebec: Papa, sending you 1
chatterbot Sierra submitting transactions
chatterbot Alpha submitting transactions
chatterbot Tango submitting transactions
chatterbot Yankee submitting transactions
chatterbot India submitting transactions
chatterbot Oscar submitting transactions
chatterbot Lima submitting transactions
chatterbot Papa submitting transactions
chatterbot Charlie submitting transactions
chatterbot Quebec submitting transactions
ChatterBot Charlie round 6
ChatterBot India round 6
ChatterBot Oscar round 6
ChatterBot Tango round 6
ChatterBot Lima round 6
ChatterBot Papa round 6
ChatterBot Alpha round 6
ChatterBot Sierra round 6
ChatterBot Quebec round 6
ChatterBot Yankee round 6
2024-10-14 21:06:53.090199 Oscar: Charlie and Tango, sending you 5
2024-10-14 21:06:53.093452 Lima: Same as last round
2024-10-14 21:06:53.096071 India: Lima, Papa, Sierra and Quebec, sending you 4
2024-10-14 21:06:53.098408 Oscar: India, sending you 4
2024-10-14 21:06:53.102005 Tango: Charlie, sending you 4
2024-10-14 21:06:53.103184 India: Alpha, sending you 2
2024-10-14 21:06:53.104968 Sierra: India, Lima and Alpha, sending you 4
2024-10-14 21:06:53.106767 Oscar: Yankee, sending you 6
2024-10-14 21:06:53.107394 Alpha: India, sending you 3
2024-10-14 21:06:53.109515 Charlie: Same as last round
2024-10-14 21:06:53.110932 Papa: India, Lima and Alpha, sending you 4
2024-10-14 21:06:53.112202 Tango: Oscar and Yankee, sending you 3
2024-10-14 21:06:53.114273 Sierra: Papa and Quebec, sending you 3
2024-10-14 21:06:53.116379 Alpha: Lima, Papa, Sierra and Quebec, sending you 4
2024-10-14 21:06:53.117260 Papa: Sierra, sending you 3
2024-10-14 21:06:53.120678 Quebec: India, Lima, Alpha and Sierra, sending you 3
2024-10-14 21:06:53.121949 Yankee: Charlie, sending you 8
2024-10-14 21:06:53.122857 Papa: Quebec, sending you 2
2024-10-14 21:06:53.126664 Quebec: Papa, sending you 1
2024-10-14 21:06:53.128109 Yankee: Oscar, sending you 6
2024-10-14 21:06:53.132669 Yankee: Tango, sending you 5
chatterbot Lima submitting transactions
chatterbot Yankee submitting transactions
chatterbot Sierra submitting transactions
chatterbot Papa submitting transactions
chatterbot India submitting transactions
chatterbot Alpha submitting transactions
chatterbot Quebec submitting transactions
chatterbot Tango submitting transactions
chatterbot Charlie submitting transactions
chatterbot Oscar submitting transactions
ChatterBot Charlie round 7
ChatterBot India round 7
ChatterBot Oscar round 7
ChatterBot Tango round 7
ChatterBot Lima round 7
ChatterBot Papa round 7
ChatterBot Alpha round 7
ChatterBot Sierra round 7
2024-10-14 21:06:54.237245 Oscar: We should replace India with Alpha
2024-10-14 21:06:54.250 Charlie: No
2024-10-14 21:06:54.250233 Yankee: No
2024-10-14 21:06:54.250380 Tango: No
ChatterBot Oscar reevaluating
ChatterBot Oscar reevaluating
ChatterBot Oscar reevaluating
ChatterBot Quebec round 7
ChatterBot Yankee round 7
2024-10-14 21:06:54.302100 India: Lima, Papa, Sierra and Quebec, sending you 4
2024-10-14 21:06:54.306039 Papa: India, Lima and Alpha, sending you 4
2024-10-14 21:06:54.307005 Lima: Same as last round
2024-10-14 21:06:54.308395 India: Alpha, sending you 2
2024-10-14 21:06:54.309214 Tango: Charlie, sending you 4
2024-10-14 21:06:54.311839 Papa: Sierra, sending you 3
2024-10-14 21:06:54.312668 Charlie: Same as last round
2024-10-14 21:06:54.313021 Tango: Oscar and Yankee, sending you 3
2024-10-14 21:06:54.313890 Quebec: India, Lima, Alpha and Sierra, sending you 3
2024-10-14 21:06:54.315678 Papa: Quebec, sending you 2
2024-10-14 21:06:54.317216 Yankee: Charlie, sending you 8
2024-10-14 21:06:54.317819 Alpha: India, sending you 3
2024-10-14 21:06:54.319224 Quebec: Papa, sending you 1
2024-10-14 21:06:54.320174 Oscar: Charlie and Tango, sending you 5
2024-10-14 21:06:54.321680 Alpha: Lima, Papa, Sierra and Quebec, sending you 4
2024-10-14 21:06:54.322784 Yankee: Oscar, sending you 6
2024-10-14 21:06:54.323689 Oscar: India, sending you 4
2024-10-14 21:06:54.325849 Sierra: India, Lima, Alpha and Quebec, sending you 4
2024-10-14 21:06:54.326750 Yankee: Tango, sending you 5
2024-10-14 21:06:54.327499 Oscar: Yankee, sending you 6
2024-10-14 21:06:54.329678 Sierra: Papa, sending you 2
chatterbot Quebec submitting transactions
chatterbot Charlie submitting transactions
chatterbot Papa submitting transactions
chatterbot Yankee submitting transactions
chatterbot Alpha submitting transactions
chatterbot Oscar submitting transactions
chatterbot Tango submitting transactions
chatterbot Lima submitting transactions
chatterbot India submitting transactions
chatterbot Sierra submitting transactions
ChatterBot Charlie round 8
ChatterBot India round 8
ChatterBot Oscar round 8
ChatterBot Tango round 8
ChatterBot Lima round 8
ChatterBot Papa round 8
ChatterBot Alpha round 8
ChatterBot Sierra round 8
ChatterBot Quebec round 8
ChatterBot Yankee round 8
2024-10-14 21:06:55.584643 Tango: Charlie, sending you 4
2024-10-14 21:06:55.586676 India: Lima, Papa, Sierra and Quebec, sending you 4
2024-10-14 21:06:55.587865 Oscar: Charlie and Tango, sending you 5
2024-10-14 21:06:55.588177 Lima: Same as last round
2024-10-14 21:06:55.589684 Tango: Oscar and Yankee, sending you 3
2024-10-14 21:06:55.590047 Papa: India, Lima and Alpha, sending you 4
2024-10-14 21:06:55.591807 Charlie: Same as last round
2024-10-14 21:06:55.592641 India: Alpha, sending you 2
2024-10-14 21:06:55.593272 Oscar: India, sending you 4
2024-10-14 21:06:55.594668 Sierra: India, Lima, Alpha and Quebec, sending you 4
2024-10-14 21:06:55.595821 Papa: Sierra, sending you 3
2024-10-14 21:06:55.596874 Alpha: India, sending you 3
2024-10-14 21:06:55.597687 Oscar: Yankee, sending you 6
2024-10-14 21:06:55.598696 Sierra: Papa, sending you 2
2024-10-14 21:06:55.599665 Alpha: Lima, Papa, Sierra and Quebec, sending you 4
2024-10-14 21:06:55.601679 Papa: Quebec, sending you 2
2024-10-14 21:06:55.605692 Quebec: India, Lima, Alpha and Sierra, sending you 3
2024-10-14 21:06:55.609683 Yankee: Charlie, sending you 8
2024-10-14 21:06:55.610662 Quebec: Papa, sending you 1
2024-10-14 21:06:55.614318 Yankee: Oscar, sending you 6
2024-10-14 21:06:55.617665 Yankee: Tango, sending you 5
chatterbot India submitting transactions
chatterbot Tango submitting transactions
chatterbot Alpha submitting transactions
chatterbot Sierra submitting transactions
chatterbot Lima submitting transactions
chatterbot Yankee submitting transactions
chatterbot Quebec submitting transactions
chatterbot Oscar submitting transactions
chatterbot Papa submitting transactions
chatterbot Charlie submitting transactions
ChatterBot Charlie round 9
ChatterBot India round 9
ChatterBot Oscar round 9
ChatterBot Tango round 9
ChatterBot Lima round 9
ChatterBot Papa round 9
ChatterBot Alpha round 9
ChatterBot Sierra round 9
ChatterBot Quebec round 9
ChatterBot Yankee round 9
2024-10-14 21:06:56.787136 Oscar: We should replace India with Alpha
2024-10-14 21:06:56.798156 Charlie: No
2024-10-14 21:06:56.798535 Yankee: No
2024-10-14 21:06:56.798842 Tango: No
ChatterBot Oscar reevaluating
ChatterBot Oscar reevaluating
ChatterBot Oscar reevaluating
2024-10-14 21:06:56.842696 India: Lima, Papa, Sierra and Quebec, sending you 4
2024-10-14 21:06:56.844422 Tango: Charlie, sending you 4
2024-10-14 21:06:56.847703 Lima: Same as last round
2024-10-14 21:06:56.849798 Tango: Oscar, sending you 2
2024-10-14 21:06:56.850921 Quebec: India, Lima, Alpha and Sierra, sending you 3
2024-10-14 21:06:56.852505 India: Alpha, sending you 2
2024-10-14 21:06:56.853735 Yankee: Charlie and Oscar, sending you 7
2024-10-14 21:06:56.855203 Sierra: India, Lima, Alpha and Quebec, sending you 4
2024-10-14 21:06:56.856500 Charlie: Same as last round
2024-10-14 21:06:56.857390 Tango: Yankee, sending you 3
2024-10-14 21:06:56.859098 Quebec: Papa, sending you 1
2024-10-14 21:06:56.860333 Papa: India, Lima and Alpha, sending you 4
2024-10-14 21:06:56.862044 Alpha: India, sending you 3
2024-10-14 21:06:56.862946 Sierra: Papa, sending you 2
2024-10-14 21:06:56.865460 Yankee: Tango, sending you 5
2024-10-14 21:06:56.867522 Oscar: Charlie and Yankee, sending you 6
2024-10-14 21:06:56.869251 Papa: Sierra, sending you 3
2024-10-14 21:06:56.871761 Alpha: Lima, Papa, Sierra and Quebec, sending you 4
2024-10-14 21:06:56.874297 Oscar: India, sending you 3
2024-10-14 21:06:56.875356 Papa: Quebec, sending you 2
2024-10-14 21:06:56.878721 Oscar: Tango, sending you 5
chatterbot Papa submitting transactions
chatterbot Quebec submitting transactions
chatterbot Charlie submitting transactions
chatterbot Lima submitting transactions
chatterbot Tango submitting transactions
chatterbot India submitting transactions
chatterbot Oscar submitting transactions
chatterbot Sierra submitting transactions
chatterbot Alpha submitting transactions
chatterbot Yankee submitting transactions
ChatterBot Charlie round 10
ChatterBot India round 10
ChatterBot Oscar round 10
ChatterBot Tango round 10
ChatterBot Lima round 10
ChatterBot Papa round 10
ChatterBot Alpha round 10
ChatterBot Sierra round 10
ChatterBot Quebec round 10
ChatterBot Yankee round 10
2024-10-14 21:06:58.126672 India: Lima, Papa, Sierra and Quebec, sending you 4
2024-10-14 21:06:58.128830 Charlie: Same as last round
2024-10-14 21:06:58.130684 India: Alpha, sending you 2
2024-10-14 21:06:58.133689 Alpha: India, sending you 3
2024-10-14 21:06:58.135682 Quebec: India, Lima, Alpha and Sierra, sending you 3
2024-10-14 21:06:58.137691 Oscar: Charlie and Yankee, sending you 6
2024-10-14 21:06:58.138678 Papa: India, Lima and Alpha, sending you 4
2024-10-14 21:06:58.140025 Alpha: Lima, Papa, Sierra and Quebec, sending you 4
2024-10-14 21:06:58.140928 Tango: Charlie, sending you 4
2024-10-14 21:06:58.141363 Quebec: Papa, sending you 1
2024-10-14 21:06:58.142645 Oscar: India, sending you 3
2024-10-14 21:06:58.143676 Lima: Same as last round
2024-10-14 21:06:58.144556 Tango: Oscar, sending you 2
2024-10-14 21:06:58.145320 Papa: Sierra, sending you 3
2024-10-14 21:06:58.146066 Oscar: Tango, sending you 5
2024-10-14 21:06:58.146707 Yankee: Charlie and Oscar, sending you 7
2024-10-14 21:06:58.148005 Sierra: India, Lima, Alpha and Quebec, sending you 4
2024-10-14 21:06:58.149010 Tango: Yankee, sending you 3
2024-10-14 21:06:58.149594 Papa: Quebec, sending you 2
2024-10-14 21:06:58.151190 Yankee: Tango, sending you 5
2024-10-14 21:06:58.151712 Sierra: Papa, sending you 2
chatterbot India submitting transactions
chatterbot Yankee submitting transactions
chatterbot Sierra submitting transactions
chatterbot Tango submitting transactions
chatterbot Lima submitting transactions
chatterbot Alpha submitting transactions
chatterbot Papa submitting transactions
chatterbot Charlie submitting transactions
chatterbot Oscar submitting transactions
chatterbot Quebec submitting transactions
ChatterBot Charlie round 11
ChatterBot India round 11
ChatterBot Oscar round 11
ChatterBot Tango round 11
ChatterBot Lima round 11
ChatterBot Papa round 11
ChatterBot Alpha round 11
ChatterBot Sierra round 11
ChatterBot Quebec round 11
ChatterBot Yankee round 11
2024-10-14 21:06:59.422670 Lima: India, Papa, Alpha and Sierra, sending you 4
2024-10-14 21:06:59.424902 Charlie: Same as last round
2024-10-14 21:06:59.428677 Lima: Quebec, sending you 3
2024-10-14 21:06:59.431100 Sierra: India, Lima, Alpha and Quebec, sending you 4
2024-10-14 21:06:59.434676 Sierra: Papa, sending you 2
2024-10-14 21:06:59.436452 India: Lima, Papa, Sierra and Quebec, sending you 4
2024-10-14 21:06:59.438016 Papa: India, Lima and Alpha, sending you 4
2024-10-14 21:06:59.439224 Tango: Charlie, sending you 4
2024-10-14 21:06:59.440522 Quebec: India, Lima, Alpha and Sierra, sending you 3
2024-10-14 21:06:59.441689 India: Alpha, sending you 2
2024-10-14 21:06:59.443431 Tango: Oscar, sending you 2
2024-10-14 21:06:59.444673 Papa: Sierra, sending you 3
2024-10-14 21:06:59.446101 Alpha: India, sending you 3
2024-10-14 21:06:59.447649 Quebec: Papa, sending you 1
2024-10-14 21:06:59.449349 Oscar: Charlie and Yankee, sending you 6
2024-10-14 21:06:59.450029 Tango: Yankee, sending you 3
2024-10-14 21:06:59.450539 Yankee: Charlie, sending you 7
2024-10-14 21:06:59.451644 Papa: Quebec, sending you 2
2024-10-14 21:06:59.452604 Alpha: Lima, Papa, Sierra and Quebec, sending you 4
2024-10-14 21:06:59.454247 Oscar: India, sending you 3
2024-10-14 21:06:59.456683 Yankee: Oscar and Tango, sending you 6
2024-10-14 21:06:59.459673 Oscar: Tango, sending you 5
chatterbot Lima submitting transactions
chatterbot Tango submitting transactions
chatterbot Charlie submitting transactions
chatterbot Yankee submitting transactions
chatterbot Sierra submitting transactions
chatterbot India submitting transactions
chatterbot Oscar submitting transactions
chatterbot Papa submitting transactions
chatterbot Quebec submitting transactions
chatterbot Alpha submitting transactions
ChatterBot Charlie round 12
ChatterBot India round 12
ChatterBot Oscar round 12
ChatterBot Tango round 12
ChatterBot Lima round 12
2024-10-14 21:07:00.662462 Charlie: We should add Papa
ChatterBot Oscar reevaluating
2024-10-14 21:07:00.670137 Yankee: No
2024-10-14 21:07:00.670311 Oscar: Yes
2024-10-14 21:07:00.670443 Tango: No
ChatterBot Charlie reevaluating
ChatterBot Oscar reevaluating
ChatterBot Charlie reevaluating
ChatterBot Charlie reevaluating
ChatterBot Oscar reevaluating
ChatterBot Papa round 12
ChatterBot Alpha round 12
ChatterBot Sierra round 12
ChatterBot Quebec round 12
ChatterBot Yankee round 12
2024-10-14 21:07:00.703368 Charlie: We should add Alpha
ChatterBot Oscar reevaluating
2024-10-14 21:07:00.709554 Yankee: No
2024-10-14 21:07:00.709731 Oscar: Yes
2024-10-14 21:07:00.709848 Tango: No
ChatterBot Charlie reevaluating
ChatterBot Oscar reevaluating
ChatterBot Charlie reevaluating
ChatterBot Charlie reevaluating
ChatterBot Oscar reevaluating
2024-10-14 21:07:00.732763 Oscar: We should replace India with Sierra
ChatterBot Charlie reevaluating
2024-10-14 21:07:00.739208 Charlie: Yes
2024-10-14 21:07:00.739344 Yankee: No
2024-10-14 21:07:00.739448 Tango: No
ChatterBot Oscar reevaluating
ChatterBot Charlie reevaluating
ChatterBot Oscar reevaluating
ChatterBot Charlie reevaluating
ChatterBot Oscar reevaluating
2024-10-14 21:07:00.766462 Oscar: We should replace India with Quebec
ChatterBot Charlie reevaluating
2024-10-14 21:07:00.773377 Charlie: Yes
2024-10-14 21:07:00.773558 Yankee: No
2024-10-14 21:07:00.773715 Tango: No
ChatterBot Oscar reevaluating
ChatterBot Charlie reevaluating
ChatterBot Oscar reevaluating
ChatterBot Charlie reevaluating
ChatterBot Yankee reevaluating
ChatterBot Oscar reevaluating
2024-10-14 21:07:00.798156 Yankee: We should add Sierra
ChatterBot Charlie reevaluating
ChatterBot Oscar reevaluating
2024-10-14 21:07:00.805387 Charlie: Yes
2024-10-14 21:07:00.805518 Oscar: Yes
2024-10-14 21:07:00.805973 Tango: No
ChatterBot Yankee reevaluating
ChatterBot Oscar reevaluating
ChatterBot Charlie reevaluating
ChatterBot Yankee reevaluating
ChatterBot Charlie reevaluating
ChatterBot Yankee reevaluating
ChatterBot Oscar reevaluating
2024-10-14 21:07:00.840780 Oscar: Alpha we want you to join our group
2024-10-14 21:07:00.843573 Alpha: No
ChatterBot Oscar reevaluating
ChatterBot Charlie reevaluating
ChatterBot Yankee reevaluating
2024-10-14 21:07:00.855661 Tango: Charlie, sending you 4
2024-10-14 21:07:00.856834 Papa: India, Lima and Alpha, sending you 4
2024-10-14 21:07:00.857920 Lima: Sending you each 4
2024-10-14 21:07:00.859067 India: Lima, Papa, Sierra and Quebec, sending you 4
2024-10-14 21:07:00.859766 Quebec: India, Lima, Alpha and Sierra, sending you 3
2024-10-14 21:07:00.860845 Sierra: India, Lima, Alpha and Quebec, sending you 4
2024-10-14 21:07:00.861875 Tango: Oscar and Yankee, sending you 2
2024-10-14 21:07:00.862480 Papa: Sierra, sending you 3
2024-10-14 21:07:00.863498 Charlie: Sierra we want you to join our group
2024-10-14 21:07:00.867209 Sierra: No
ChatterBot Charlie reevaluating
ChatterBot Oscar reevaluating
2024-10-14 21:07:00.877206 India: Alpha, sending you 2
2024-10-14 21:07:00.877970 Quebec: Papa, sending you 1
2024-10-14 21:07:00.879043 Papa: Quebec, sending you 2
