ChatterBot X-ray round 1
ChatterBot Sierra round 1
ChatterBot Papa round 1
ChatterBot Tango round 1
ChatterBot Echo round 1
ChatterBot Charlie round 1
ChatterBot Delta round 1
ChatterBot Hotel round 1
ChatterBot Juliett round 1
ChatterBot Golf round 1
randomSelections Hotel: {Hotel, Tango, Sierra, Echo, Golf, Charlie} 
2024-10-14 18:32:24.420720 Hotel: Friends?
ChatterBot Tango reevaluating
ChatterBot Sierra reevaluating
ChatterBot Echo reevaluating
ChatterBot Golf reevaluating
ChatterBot Charlie reevaluating
2024-10-14 18:32:24.435984 Tango: Yes
2024-10-14 18:32:24.436098 Sierra: Yes
2024-10-14 18:32:24.436191 Echo: Yes
2024-10-14 18:32:24.436278 Golf: Yes
2024-10-14 18:32:24.436375 Charlie: Yes
ChatterBot Sierra reevaluating
ChatterBot Echo reevaluating
ChatterBot Golf reevaluating
ChatterBot Charlie reevaluating
ChatterBot Tango reevaluating
ChatterBot Echo reevaluating
ChatterBot Golf reevaluating
ChatterBot Charlie reevaluating
ChatterBot Tango reevaluating
ChatterBot Sierra reevaluating
ChatterBot Golf reevaluating
ChatterBot Charlie reevaluating
ChatterBot Tango reevaluating
ChatterBot Sierra reevaluating
ChatterBot Echo reevaluating
ChatterBot Charlie reevaluating
ChatterBot Tango reevaluating
ChatterBot Sierra reevaluating
ChatterBot Echo reevaluating
ChatterBot Golf reevaluating
randomSelections Papa: {Papa, X-ray, Juliett, Sierra, Echo, Charlie} 
2024-10-14 18:32:24.508042 Papa: Group up?
ChatterBot X-ray reevaluating
ChatterBot Juliett reevaluating
ChatterBot Sierra reevaluating
ChatterBot Echo reevaluating
ChatterBot Charlie reevaluating
2024-10-14 18:32:24.522277 X-ray: Yes
2024-10-14 18:32:24.522463 Juliett: Yes
2024-10-14 18:32:24.522589 Sierra: No
2024-10-14 18:32:24.523141 Echo: No
2024-10-14 18:32:24.523340 Charlie: No
ChatterBot Juliett reevaluating
ChatterBot Sierra reevaluating
ChatterBot Echo reevaluating
ChatterBot Charlie reevaluating
ChatterBot X-ray reevaluating
ChatterBot Sierra reevaluating
ChatterBot Echo reevaluating
ChatterBot Charlie reevaluating
ChatterBot X-ray reevaluating
ChatterBot Juliett reevaluating
ChatterBot Echo reevaluating
ChatterBot Charlie reevaluating
ChatterBot X-ray reevaluating
ChatterBot Juliett reevaluating
ChatterBot Sierra reevaluating
ChatterBot Charlie reevaluating
ChatterBot X-ray reevaluating
ChatterBot Juliett reevaluating
ChatterBot Sierra reevaluating
ChatterBot Echo reevaluating
randomSelections Delta: {Delta, X-ray, Echo, Hotel, Golf, Charlie} 
2024-10-14 18:32:24.595836 Delta: We should group up
ChatterBot X-ray reevaluating
ChatterBot Echo reevaluating
ChatterBot Golf reevaluating
ChatterBot Charlie reevaluating
2024-10-14 18:32:24.604109 X-ray: No
2024-10-14 18:32:24.604359 Echo: No
2024-10-14 18:32:24.605206 Hotel: No
2024-10-14 18:32:24.605386 Golf: No
2024-10-14 18:32:24.605682 Charlie: No
ChatterBot Echo reevaluating
ChatterBot Golf reevaluating
ChatterBot Charlie reevaluating
ChatterBot X-ray reevaluating
ChatterBot Golf reevaluating
ChatterBot Charlie reevaluating
ChatterBot X-ray reevaluating
ChatterBot Echo reevaluating
ChatterBot Golf reevaluating
ChatterBot Charlie reevaluating
ChatterBot X-ray reevaluating
ChatterBot Echo reevaluating
ChatterBot Charlie reevaluating
ChatterBot X-ray reevaluating
ChatterBot Echo reevaluating
ChatterBot Golf reevaluating
2024-10-14 18:32:24.665694 Hotel: Sierra and Echo, sending you 4
2024-10-14 18:32:24.666191 Papa: X-ray and Sierra, sending you 3
2024-10-14 18:32:24.667321 Delta: X-ray, Charlie and Golf, sending you 3
2024-10-14 18:32:24.669935 Charlie: Sierra, sending you 4
2024-10-14 18:32:24.670934 X-ray: Sierra, sending you 5
2024-10-14 18:32:24.671212 Hotel: Tango, sending you 2
2024-10-14 18:32:24.671463 Papa: Echo, sending you 1
2024-10-14 18:32:24.671759 Tango: Sierra and Hotel, sending you 4
2024-10-14 18:32:24.672805 Sierra: Tango and Hotel, sending you 3
2024-10-14 18:32:24.673117 Delta: Echo and Hotel, sending you 2
2024-10-14 18:32:24.673684 Charlie: Tango, sending you 1
2024-10-14 18:32:24.674039 Echo: Sierra, sending you 2
2024-10-14 18:32:24.675720 X-ray: Papa, sending you 1
2024-10-14 18:32:24.678064 Hotel: Charlie, sending you 1
2024-10-14 18:32:24.678601 Tango: Echo, sending you 2
2024-10-14 18:32:24.679127 Papa: Charlie, sending you 2
2024-10-14 18:32:24.679478 Sierra: Echo, sending you 2
2024-10-14 18:32:24.681095 Charlie: Echo and Hotel, sending you 2
2024-10-14 18:32:24.681421 Echo: Tango, sending you 6
2024-10-14 18:32:24.681711 Golf: Sierra and Charlie, sending you 2
2024-10-14 18:32:24.683217 X-ray: Echo, sending you 2
2024-10-14 18:32:24.683542 Hotel: Golf, sending you 5
2024-10-14 18:32:24.687319 Tango: Charlie, sending you 1
2024-10-14 18:32:24.687649 Papa: Juliett, sending you 7
2024-10-14 18:32:24.688478 Charlie: Golf, sending you 7
2024-10-14 18:32:24.688816 Juliett: X-ray, sending you 3
2024-10-14 18:32:24.689130 Sierra: Charlie, sending you 6
2024-10-14 18:32:24.690253 Echo: Charlie, sending you 3
2024-10-14 18:32:24.690578 X-ray: Charlie and Juliett, sending you 3
2024-10-14 18:32:24.690881 Golf: Tango and Echo, sending you 3
2024-10-14 18:32:24.773698 Juliett: Sierra, Papa and Charlie, sending you 2
2024-10-14 18:32:24.774379 Tango: Golf, sending you 3
2024-10-14 18:32:24.775598 Echo: Hotel, sending you 4
2024-10-14 18:32:24.777052 Golf: Hotel, sending you 4
2024-10-14 18:32:24.781160 Juliett: Echo, sending you 5
chatterbot Papa submitting transactions
chatterbot Golf submitting transactions
chatterbot Tango submitting transactions
chatterbot Delta submitting transactions
chatterbot Hotel submitting transactions
chatterbot Sierra submitting transactions
chatterbot Echo submitting transactions
chatterbot Charlie submitting transactions
chatterbot Juliett submitting transactions
chatterbot X-ray submitting transactions
ChatterBot X-ray round 2
ChatterBot Sierra round 2
ChatterBot Papa round 2
ChatterBot Tango round 2
2024-10-14 18:32:26.008687 X-ray: Friends?
ChatterBot Papa reevaluating
ChatterBot Juliett reevaluating
ChatterBot Delta reevaluating
2024-10-14 18:32:26.053370 Papa: Yes
2024-10-14 18:32:26.053627 Juliett: No
2024-10-14 18:32:26.053853 Delta: No
ChatterBot Juliett reevaluating
ChatterBot Delta reevaluating
ChatterBot Papa reevaluating
ChatterBot Delta reevaluating
ChatterBot Papa reevaluating
ChatterBot Juliett reevaluating
ChatterBot Echo round 2
ChatterBot Charlie round 2
ChatterBot Delta round 2
ChatterBot Hotel round 2
ChatterBot Juliett round 2
ChatterBot Golf round 2
2024-10-14 18:32:26.142716 Golf: We should add Delta
ChatterBot Hotel reevaluating
ChatterBot Echo reevaluating
ChatterBot Charlie reevaluating
2024-10-14 18:32:26.159925 Hotel: Yes
2024-10-14 18:32:26.160103 Tango: No
2024-10-14 18:32:26.160211 Sierra: No
2024-10-14 18:32:26.160323 Echo: No
2024-10-14 18:32:26.160438 Charlie: No
ChatterBot Echo reevaluating
ChatterBot Charlie reevaluating
ChatterBot Hotel reevaluating
ChatterBot Echo reevaluating
ChatterBot Charlie reevaluating
ChatterBot Hotel reevaluating
ChatterBot Echo reevaluating
ChatterBot Charlie reevaluating
ChatterBot Hotel reevaluating
ChatterBot Charlie reevaluating
ChatterBot Hotel reevaluating
ChatterBot Echo reevaluating
2024-10-14 18:32:26.260431 Golf: Delta we want you to join our group
2024-10-14 18:32:26.264004 Delta: No
ChatterBot Echo reevaluating
ChatterBot Charlie reevaluating
ChatterBot Hotel reevaluating
2024-10-14 18:32:26.284031 X-ray: Papa and Juliett, sending you 5
2024-10-14 18:32:27.283593 Delta: X-ray, sending you 5
2024-10-14 18:32:27.284742 Tango: Sierra and Golf, sending you 4
2024-10-14 18:32:27.286176 Sierra: Tango, sending you 4
2024-10-14 18:32:27.287034 Papa: X-ray, sending you 6
2024-10-14 18:32:27.288058 Hotel: Delta we want you to join our group
2024-10-14 18:32:27.293807 Delta: No
ChatterBot Hotel reevaluating
2024-10-14 18:32:27.314881 X-ray: Delta, sending you 4
chatterbot X-ray submitting transactions
2024-10-14 18:32:27.315892 Tango: Echo, sending you 5
2024-10-14 18:32:27.316199 Delta: Papa and Juliett, sending you 4
2024-10-14 18:32:27.316908 Sierra: Echo and Golf, sending you 2
2024-10-14 18:32:27.317188 Papa: Delta, sending you 3
2024-10-14 18:32:27.713391 Juliett: X-ray, sending you 4
2024-10-14 18:32:27.713657 Golf: Sierra and Echo, sending you 1
2024-10-14 18:32:27.713942 Tango: Charlie, sending you 2
2024-10-14 18:32:27.714220 Charlie: Sierra, sending you 5
2024-10-14 18:32:27.714877 Sierra: Charlie and Hotel, sending you 3
2024-10-14 18:32:27.715203 Papa: Juliett, sending you 8
chatterbot Sierra submitting transactions
chatterbot Papa submitting transactions
2024-10-14 18:32:27.960789 Tango: Hotel, sending you 3
2024-10-14 18:32:27.961170 Juliett: Papa, sending you 10
2024-10-14 18:32:27.961895 Golf: Tango and Delta, sending you 2
2024-10-14 18:32:27.962172 Charlie: Tango, Echo and Golf, sending you 3
2024-10-14 18:32:27.962479 Echo: Sierra, Tango, Charlie and Golf, sending you 3
chatterbot Charlie submitting transactions
2024-10-14 18:32:28.014768 Golf: Charlie, sending you 5
2024-10-14 18:32:28.015684 Charlie: Hotel, sending you 2
2024-10-14 18:32:28.016225 Hotel: Sierra, sending you 3
2024-10-14 18:32:28.017362 Echo: Hotel, sending you 4
2024-10-14 18:32:28.035540 Golf: Hotel, sending you 3
2024-10-14 18:32:28.036538 Hotel: Tango, Echo and Golf, sending you 4
2024-10-14 18:32:28.048214 Hotel: Charlie, sending you 1
chatterbot Tango submitting transactions
chatterbot Echo submitting transactions
chatterbot Golf submitting transactions
chatterbot Juliett submitting transactions
chatterbot Delta submitting transactions
chatterbot Hotel submitting transactions
ChatterBot X-ray round 3
ChatterBot Sierra round 3
ChatterBot Papa round 3
ChatterBot Tango round 3
ChatterBot Echo round 3
ChatterBot Charlie round 3
ChatterBot Delta round 3
ChatterBot Hotel round 3
ChatterBot Juliett round 3
ChatterBot Golf round 3
2024-10-14 18:32:29.041902 Delta: We should add Golf
2024-10-14 18:32:29.050884 X-ray: No
2024-10-14 18:32:29.051116 Papa: No
2024-10-14 18:32:29.051300 Juliett: No
ChatterBot Delta reevaluating
2024-10-14 18:32:29.076046 Delta: We should add Sierra
2024-10-14 18:32:29.085771 X-ray: No
2024-10-14 18:32:29.086184 Papa: No
2024-10-14 18:32:29.086319 Juliett: No
ChatterBot Delta reevaluating
ChatterBot Delta reevaluating
ChatterBot Delta reevaluating
2024-10-14 18:32:29.236683 Hotel: Sierra, Tango and Golf, sending you 3
2024-10-14 18:32:29.237354 Golf: Sierra and Echo, sending you 2
2024-10-14 18:32:29.237900 Juliett: X-ray, sending you 4
2024-10-14 18:32:29.238823 X-ray: Papa and Delta, sending you 5
2024-10-14 18:32:29.239212 Echo: Sierra, Tango, Charlie and Golf, sending you 3
2024-10-14 18:32:29.239852 Tango: Sierra, Echo and Hotel, sending you 4
2024-10-14 18:32:29.241094 Papa: X-ray, sending you 5
2024-10-14 18:32:29.241491 Sierra: Tango, Echo and Hotel, sending you 3
2024-10-14 18:32:29.242036 Charlie: Sierra and Golf, sending you 4
2024-10-14 18:32:29.243348 Hotel: Echo, sending you 5
2024-10-14 18:32:29.243929 Golf: Tango, Charlie and Hotel, sending you 3
2024-10-14 18:32:29.245011 Juliett: Papa, sending you 8
2024-10-14 18:32:29.245412 X-ray: Juliett, sending you 4
2024-10-14 18:32:29.245854 Echo: Hotel, sending you 4
2024-10-14 18:32:29.246412 Papa: Delta, sending you 4
2024-10-14 18:32:29.247293 Sierra: Charlie, sending you 4
2024-10-14 18:32:29.247900 Tango: Charlie and Golf, sending you 3
2024-10-14 18:32:29.249085 Charlie: Tango and Echo, sending you 3
2024-10-14 18:32:29.249726 Hotel: Charlie, sending you 2
2024-10-14 18:32:29.250266 Juliett: Delta, sending you 2
2024-10-14 18:32:29.251303 Golf: Delta, sending you 1
2024-10-14 18:32:29.251821 Papa: Juliett, sending you 8
2024-10-14 18:32:29.252218 Sierra: Golf, sending you 1
2024-10-14 18:32:29.253339 Charlie: Hotel, sending you 2
2024-10-14 18:32:29.327824 Delta: X-ray, sending you 8
2024-10-14 18:32:29.345754 Delta: Papa, sending you 5
chatterbot Charlie submitting transactions
chatterbot Papa submitting transactions
chatterbot Tango submitting transactions
chatterbot Hotel submitting transactions
chatterbot Sierra submitting transactions
chatterbot Echo submitting transactions
chatterbot Golf submitting transactions
chatterbot Delta submitting transactions
chatterbot X-ray submitting transactions
chatterbot Juliett submitting transactions
ChatterBot X-ray round 4
ChatterBot Sierra round 4
ChatterBot Papa round 4
ChatterBot Tango round 4
ChatterBot Echo round 4
ChatterBot Charlie round 4
ChatterBot Delta round 4
ChatterBot Hotel round 4
ChatterBot Juliett round 4
ChatterBot Golf round 4
2024-10-14 18:32:30.591490 Delta: We should add Tango
2024-10-14 18:32:30.608078 X-ray: No
2024-10-14 18:32:30.608765 Papa: No
2024-10-14 18:32:30.608952 Juliett: No
ChatterBot Delta reevaluating
ChatterBot Delta reevaluating
ChatterBot Delta reevaluating
2024-10-14 18:32:30.658789 Sierra: We should drop Golf
2024-10-14 18:32:30.677565 Tango: No
2024-10-14 18:32:30.678189 Echo: No
2024-10-14 18:32:30.678355 Charlie: No
2024-10-14 18:32:30.678502 Hotel: No
ChatterBot Sierra reevaluating
ChatterBot Sierra reevaluating
ChatterBot Sierra reevaluating
ChatterBot Sierra reevaluating
2024-10-14 18:32:30.865500 Hotel: Sierra, Tango and Golf, sending you 3
2024-10-14 18:32:30.866370 Golf: Sierra and Echo, sending you 2
2024-10-14 18:32:30.866767 Papa: X-ray and Delta, sending you 5
2024-10-14 18:32:30.867417 Charlie: Sierra, sending you 4
2024-10-14 18:32:30.867820 X-ray: Papa and Delta, sending you 5
2024-10-14 18:32:30.951911 Hotel: Echo, sending you 5
2024-10-14 18:32:30.952845 Golf: Tango, Charlie and Hotel, sending you 3
2024-10-14 18:32:30.953257 Papa: Juliett, sending you 7
2024-10-14 18:32:30.953711 Tango: Sierra, Echo and Hotel, sending you 4
2024-10-14 18:32:30.954577 Charlie: Tango, Echo, Hotel and Golf, sending you 3
2024-10-14 18:32:30.955057 X-ray: Juliett, sending you 4
2024-10-14 18:32:30.955847 Juliett: X-ray, sending you 5
2024-10-14 18:32:30.956142 Echo: Sierra, Tango, Charlie and Golf, sending you 3
chatterbot Echo submitting transactions
chatterbot Tango submitting transactions
chatterbot Papa submitting transactions
2024-10-14 18:32:30.957508 Tango: Charlie and Golf, sending you 3
2024-10-14 18:32:30.976224 Hotel: Charlie, sending you 2
2024-10-14 18:32:30.977545 Golf: Delta, sending you 1
2024-10-14 18:32:30.977985 Juliett: Papa, sending you 8
2024-10-14 18:32:30.980240 Echo: Hotel, sending you 4
2024-10-14 18:32:30.980851 Delta: X-ray, sending you 6
2024-10-14 18:32:30.981238 Sierra: Tango, Echo, Charlie and Hotel, sending you 3
2024-10-14 18:32:30.983043 Juliett: Delta, sending you 1
2024-10-14 18:32:31.103073 Delta: Papa, sending you 5
2024-10-14 18:32:31.103802 Sierra: Golf, sending you 2
2024-10-14 18:32:31.127427 Delta: Juliett, sending you 2
chatterbot Delta submitting transactions
chatterbot Juliett submitting transactions
chatterbot X-ray submitting transactions
chatterbot Hotel submitting transactions
chatterbot Charlie submitting transactions
chatterbot Golf submitting transactions
chatterbot Sierra submitting transactions
ChatterBot X-ray round 5
ChatterBot Sierra round 5
ChatterBot Papa round 5
ChatterBot Tango round 5
ChatterBot Echo round 5
ChatterBot Charlie round 5
ChatterBot Delta round 5
ChatterBot Hotel round 5
ChatterBot Juliett round 5
ChatterBot Golf round 5
2024-10-14 18:32:31.983743 Delta: We should add Golf
2024-10-14 18:32:31.994955 X-ray: No
2024-10-14 18:32:31.995828 Papa: No
2024-10-14 18:32:31.996024 Juliett: No
ChatterBot Delta reevaluating
ChatterBot Delta reevaluating
ChatterBot Delta reevaluating
2024-10-14 18:32:32.060700 Sierra: Tango, Echo, Charlie and Hotel, sending you 3
2024-10-14 18:32:32.065877 Sierra: Golf, sending you 2
2024-10-14 18:32:32.066683 Hotel: Sierra, Tango and Golf, sending you 3
2024-10-14 18:32:32.068102 Charlie: Sierra, sending you 4
2024-10-14 18:32:32.070528 Papa: X-ray and Delta, sending you 5
2024-10-14 18:32:32.073485 Hotel: Echo, sending you 5
2024-10-14 18:32:32.075621 Charlie: Tango, Echo, Hotel and Golf, sending you 3
2024-10-14 18:32:32.077548 Tango: Sierra, Echo and Hotel, sending you 4
2024-10-14 18:32:32.079278 Echo: Sierra, Tango, Charlie and Golf, sending you 3
2024-10-14 18:32:32.080911 Papa: Juliett, sending you 7
2024-10-14 18:32:32.081809 Juliett: X-ray, sending you 5
2024-10-14 18:32:32.083258 Delta: X-ray, sending you 7
2024-10-14 18:32:32.084050 Hotel: Charlie, sending you 2
2024-10-14 18:32:32.085544 Tango: Charlie and Golf, sending you 3
2024-10-14 18:32:32.086456 Echo: Hotel, sending you 4
2024-10-14 18:32:32.088114 X-ray: Papa and Delta, sending you 5
2024-10-14 18:32:32.088925 Juliett: Papa, sending you 8
2024-10-14 18:32:32.090231 Golf: Sierra and Echo, sending you 2
2024-10-14 18:32:32.091083 Delta: Papa, sending you 5
2024-10-14 18:32:32.100376 X-ray: Juliett, sending you 4
2024-10-14 18:32:32.107656 Juliett: Delta, sending you 1
2024-10-14 18:32:32.108560 Golf: Tango, Charlie and Hotel, sending you 3
2024-10-14 18:32:32.111357 Delta: Juliett, sending you 1
2024-10-14 18:32:32.113877 Golf: Delta, sending you 1
chatterbot Juliett submitting transactions
chatterbot Delta submitting transactions
chatterbot X-ray submitting transactions
chatterbot Charlie submitting transactions
chatterbot Sierra submitting transactions
chatterbot Golf submitting transactions
chatterbot Echo submitting transactions
chatterbot Tango submitting transactions
chatterbot Hotel submitting transactions
chatterbot Papa submitting transactions
ChatterBot X-ray round 6
ChatterBot Sierra round 6
ChatterBot Papa round 6
ChatterBot Tango round 6
ChatterBot Echo round 6
ChatterBot Charlie round 6
ChatterBot Delta round 6
ChatterBot Hotel round 6
ChatterBot Juliett round 6
ChatterBot Golf round 6
2024-10-14 18:32:33.304907 X-ray: Papa and Delta, sending you 5
2024-10-14 18:32:33.308948 Tango: Sierra, Echo, Hotel and Golf, sending you 4
2024-10-14 18:32:33.309902 X-ray: Juliett, sending you 4
2024-10-14 18:32:33.313665 Tango: Charlie, sending you 2
2024-10-14 18:32:33.316710 Hotel: Sierra, Tango, Charlie and Golf, sending you 3
2024-10-14 18:32:33.317664 Sierra: Tango, Echo, Charlie and Hotel, sending you 3
2024-10-14 18:32:33.318692 Delta: X-ray, sending you 7
2024-10-14 18:32:33.319680 Papa: X-ray and Delta, sending you 5
2024-10-14 18:32:33.320657 Charlie: Sierra, sending you 4
2024-10-14 18:32:33.321868 Golf: Sierra and Echo, sending you 2
2024-10-14 18:32:33.322333 Hotel: Echo, sending you 4
2024-10-14 18:32:33.323045 Sierra: Golf, sending you 2
2024-10-14 18:32:33.324094 Delta: Papa, sending you 5
2024-10-14 18:32:33.324432 Papa: Juliett, sending you 7
2024-10-14 18:32:33.324768 Charlie: Tango, Echo, Hotel and Golf, sending you 3
2024-10-14 18:32:33.326005 Golf: Tango, Charlie and Hotel, sending you 3
2024-10-14 18:32:33.326673 Echo: Sierra, Tango, Charlie and Golf, sending you 3
2024-10-14 18:32:33.327662 Juliett: X-ray, sending you 5
2024-10-14 18:32:33.328666 Delta: Juliett, sending you 1
2024-10-14 18:32:33.329102 Golf: Delta, sending you 1
2024-10-14 18:32:33.331714 Echo: Hotel, sending you 4
2024-10-14 18:32:33.333050 Juliett: Papa, sending you 8
2024-10-14 18:32:33.336670 Juliett: Delta, sending you 1
chatterbot Hotel submitting transactions
chatterbot Papa submitting transactions
chatterbot Golf submitting transactions
chatterbot X-ray submitting transactions
chatterbot Echo submitting transactions
chatterbot Juliett submitting transactions
chatterbot Delta submitting transactions
chatterbot Sierra submitting transactions
chatterbot Charlie submitting transactions
chatterbot Tango submitting transactions
ChatterBot X-ray round 7
ChatterBot Sierra round 7
ChatterBot Papa round 7
ChatterBot Tango round 7
ChatterBot Echo round 7
ChatterBot Charlie round 7
ChatterBot Delta round 7
ChatterBot Hotel round 7
ChatterBot Juliett round 7
ChatterBot Golf round 7
2024-10-14 18:32:34.469247 Charlie: We should add Papa
2024-10-14 18:32:34.480508 Hotel: No
2024-10-14 18:32:34.480702 Tango: No
2024-10-14 18:32:34.480854 Sierra: No
2024-10-14 18:32:34.480992 Echo: No
2024-10-14 18:32:34.481129 Golf: No
ChatterBot Sierra reevaluating
ChatterBot Charlie reevaluating
ChatterBot Sierra reevaluating
ChatterBot Charlie reevaluating
ChatterBot Charlie reevaluating
ChatterBot Sierra reevaluating
ChatterBot Charlie reevaluating
ChatterBot Sierra reevaluating
ChatterBot Charlie reevaluating
2024-10-14 18:32:34.596850 Sierra: We should drop Golf
ChatterBot Charlie reevaluating
2024-10-14 18:32:34.607231 Tango: No
2024-10-14 18:32:34.607897 Echo: No
2024-10-14 18:32:34.608050 Charlie: No
2024-10-14 18:32:34.608198 Hotel: No
ChatterBot Sierra reevaluating
ChatterBot Charlie reevaluating
ChatterBot Sierra reevaluating
ChatterBot Charlie reevaluating
ChatterBot Sierra reevaluating
ChatterBot Sierra reevaluating
ChatterBot Charlie reevaluating
2024-10-14 18:32:34.645938 Echo: Sierra, Tango, Charlie and Golf, sending you 3
2024-10-14 18:32:34.646459 X-ray: Papa and Delta, sending you 5
2024-10-14 18:32:34.646873 Papa: X-ray and Delta, sending you 5
2024-10-14 18:32:34.648694 Echo: Hotel, sending you 4
2024-10-14 18:32:34.649682 X-ray: Juliett, sending you 4
2024-10-14 18:32:34.650468 Juliett: X-ray, sending you 5
2024-10-14 18:32:34.650840 Tango: Sierra, Echo, Hotel and Golf, sending you 4
2024-10-14 18:32:34.651696 Papa: Juliett, sending you 7
2024-10-14 18:32:34.652711 Hotel: Sierra, Tango, Charlie and Golf, sending you 3
2024-10-14 18:32:34.653487 Delta: X-ray and Papa, sending you 6
2024-10-14 18:32:34.654267 Juliett: Papa, sending you 8
2024-10-14 18:32:34.654779 Tango: Charlie, sending you 2
2024-10-14 18:32:34.655829 Hotel: Echo, sending you 4
2024-10-14 18:32:34.657690 Juliett: Delta, sending you 1
2024-10-14 18:32:34.658650 Delta: Juliett, sending you 1
2024-10-14 18:32:34.660684 Golf: Sierra and Echo, sending you 2
2024-10-14 18:32:34.665701 Golf: Tango, Charlie and Hotel, sending you 3
2024-10-14 18:32:34.668997 Golf: Delta, sending you 1
2024-10-14 18:32:34.670700 Sierra: Tango and Charlie, sending you 4
2024-10-14 18:32:34.675956 Sierra: Echo and Hotel, sending you 3
2024-10-14 18:32:34.676664 Charlie: Sierra, sending you 4
2024-10-14 18:32:34.680732 Charlie: Tango, Echo, Hotel and Golf, sending you 3
chatterbot X-ray submitting transactions
chatterbot Golf submitting transactions
chatterbot Tango submitting transactions
chatterbot Juliett submitting transactions
chatterbot Sierra submitting transactions
chatterbot Delta submitting transactions
chatterbot Charlie submitting transactions
chatterbot Echo submitting transactions
chatterbot Papa submitting transactions
chatterbot Hotel submitting transactions
ChatterBot X-ray round 8
ChatterBot Sierra round 8
ChatterBot Papa round 8
ChatterBot Tango round 8
ChatterBot Echo round 8
ChatterBot Charlie round 8
ChatterBot Delta round 8
2024-10-14 18:32:35.796840 Sierra: We should replace Tango with Golf
2024-10-14 18:32:35.808133 Echo: No
2024-10-14 18:32:35.808358 Charlie: No
2024-10-14 18:32:35.808533 Hotel: No
ChatterBot Sierra reevaluating
ChatterBot Sierra reevaluating
ChatterBot Sierra reevaluating
ChatterBot Hotel round 8
ChatterBot Juliett round 8
ChatterBot Golf round 8
2024-10-14 18:32:35.865834 Sierra: We should replace Hotel with Golf
2024-10-14 18:32:35.875917 Tango: No
2024-10-14 18:32:35.876103 Echo: No
2024-10-14 18:32:35.876263 Charlie: No
ChatterBot Sierra reevaluating
ChatterBot Sierra reevaluating
ChatterBot Sierra reevaluating
2024-10-14 18:32:35.908951 Sierra: We should add Golf
2024-10-14 18:32:35.916182 Tango: Yes
2024-10-14 18:32:35.916303 Echo: Yes
2024-10-14 18:32:35.916391 Charlie: Yes
2024-10-14 18:32:35.916475 Hotel: Yes
ChatterBot Sierra reevaluating
ChatterBot Sierra reevaluating
ChatterBot Sierra reevaluating
ChatterBot Sierra reevaluating
2024-10-14 18:32:35.949759 Papa: X-ray and Delta, sending you 5
2024-10-14 18:32:35.952981 Charlie: Sierra, sending you 4
2024-10-14 18:32:35.953662 Sierra: Golf we want you to join our group
ChatterBot Golf reevaluating
2024-10-14 18:32:35.958188 Golf: Yes
ChatterBot Sierra reevaluating
2024-10-14 18:32:35.974495 Papa: Juliett, sending you 7
2024-10-14 18:32:35.975536 Tango: Sierra, Echo, Hotel and Golf, sending you 4
2024-10-14 18:32:35.976361 X-ray: Papa and Delta, sending you 5
2024-10-14 18:32:35.976868 Delta: X-ray and Papa, sending you 6
2024-10-14 18:32:35.977736 Echo: Sierra, Tango, Charlie and Golf, sending you 3
2024-10-14 18:32:35.978429 Charlie: Tango, Echo, Hotel and Golf, sending you 3
2024-10-14 18:32:35.979686 X-ray: Juliett, sending you 4
2024-10-14 18:32:35.980444 Delta: Juliett, sending you 1
2024-10-14 18:32:35.980874 Tango: Charlie, sending you 2
2024-10-14 18:32:35.981727 Echo: Hotel, sending you 4
2024-10-14 18:32:35.983781 Juliett: X-ray, sending you 5
2024-10-14 18:32:35.984414 Hotel: Sierra, Tango, Charlie and Golf, sending you 3
2024-10-14 18:32:35.986150 Golf: We should drop Delta
ChatterBot Sierra reevaluating
2024-10-14 18:32:35.999645 Hotel: Yes
2024-10-14 18:32:36.000482 Tango: Yes
2024-10-14 18:32:36.000652 Sierra: Yes
2024-10-14 18:32:36.000822 Echo: Yes
2024-10-14 18:32:36.000986 Charlie: Yes
ChatterBot Sierra reevaluating
ChatterBot Golf reevaluating
ChatterBot Sierra reevaluating
ChatterBot Golf reevaluating
ChatterBot Golf reevaluating
ChatterBot Sierra reevaluating
ChatterBot Golf reevaluating
ChatterBot Sierra reevaluating
ChatterBot Golf reevaluating
2024-10-14 18:32:36.151130 Juliett: Papa, sending you 8
2024-10-14 18:32:36.151889 Hotel: Echo, sending you 4
2024-10-14 18:32:36.154863 Juliett: Delta, sending you 1
2024-10-14 18:32:36.183668 Golf: Sierra, sending you 2
2024-10-14 18:32:36.184871 Sierra: Tango, Echo, Charlie and Hotel, sending you 3
2024-10-14 18:32:36.189670 Golf: Tango, Echo, Charlie and Hotel, sending you 3
2024-10-14 18:32:36.191230 Sierra: Golf, sending you 2
chatterbot Echo submitting transactions
chatterbot Charlie submitting transactions
chatterbot Delta submitting transactions
chatterbot Golf submitting transactions
chatterbot Juliett submitting transactions
chatterbot X-ray submitting transactions
chatterbot Papa submitting transactions
chatterbot Tango submitting transactions
chatterbot Hotel submitting transactions
chatterbot Sierra submitting transactions
ChatterBot X-ray round 9
ChatterBot Sierra round 9
ChatterBot Papa round 9
ChatterBot Tango round 9
ChatterBot Echo round 9
ChatterBot Charlie round 9
ChatterBot Delta round 9
ChatterBot Hotel round 9
ChatterBot Juliett round 9
ChatterBot Golf round 9
2024-10-14 18:32:37.182652 Sierra: Tango, Echo, Charlie and Hotel, sending you 3
2024-10-14 18:32:37.187672 Sierra: Golf, sending you 2
2024-10-14 18:32:37.188884 Juliett: X-ray, sending you 5
2024-10-14 18:32:37.190654 X-ray: Papa and Delta, sending you 5
2024-10-14 18:32:37.191676 Papa: X-ray and Delta, sending you 5
2024-10-14 18:32:37.192730 Juliett: Papa, sending you 8
2024-10-14 18:32:37.193670 Echo: Sierra, Tango, Charlie and Golf, sending you 3
2024-10-14 18:32:37.194702 X-ray: Juliett, sending you 4
2024-10-14 18:32:37.196713 Papa: Juliett, sending you 7
2024-10-14 18:32:37.197138 Tango: Sierra, Echo, Hotel and Golf, sending you 4
2024-10-14 18:32:37.198314 Hotel: Sierra, Tango, Charlie and Golf, sending you 3
2024-10-14 18:32:37.199020 Juliett: Delta, sending you 1
2024-10-14 18:32:37.199340 Echo: Hotel, sending you 4
2024-10-14 18:32:37.199861 Delta: X-ray and Papa, sending you 6
2024-10-14 18:32:37.200696 Tango: Charlie, sending you 2
2024-10-14 18:32:37.201464 Charlie: Sierra, sending you 4
2024-10-14 18:32:37.202634 Hotel: Echo, sending you 4
2024-10-14 18:32:37.203287 Delta: Juliett, sending you 1
2024-10-14 18:32:37.204667 Golf: Sierra, sending you 2
2024-10-14 18:32:37.205683 Charlie: Tango, Echo, Hotel and Golf, sending you 3
2024-10-14 18:32:37.209675 Golf: Tango, Echo, Charlie and Hotel, sending you 3
chatterbot X-ray submitting transactions
chatterbot Juliett submitting transactions
chatterbot Echo submitting transactions
chatterbot Delta submitting transactions
chatterbot Papa submitting transactions
chatterbot Hotel submitting transactions
chatterbot Golf submitting transactions
chatterbot Sierra submitting transactions
chatterbot Tango submitting transactions
chatterbot Charlie submitting transactions
ChatterBot X-ray round 10
ChatterBot Sierra round 10
ChatterBot Papa round 10
ChatterBot Tango round 10
ChatterBot Echo round 10
ChatterBot Charlie round 10
ChatterBot Delta round 10
ChatterBot Hotel round 10
ChatterBot Juliett round 10
ChatterBot Golf round 10
2024-10-14 18:32:38.363678 Sierra: Tango, Echo, Charlie and Hotel, sending you 3
2024-10-14 18:32:38.367678 Sierra: Golf, sending you 2
2024-10-14 18:32:38.368771 Papa: X-ray and Delta, sending you 5
2024-10-14 18:32:38.369346 Tango: Sierra, Echo, Hotel and Golf, sending you 4
2024-10-14 18:32:38.370697 X-ray: Papa and Delta, sending you 5
2024-10-14 18:32:38.371181 Charlie: Sierra, sending you 4
2024-10-14 18:32:38.372685 Delta: X-ray and Papa, sending you 6
2024-10-14 18:32:38.373275 Papa: Juliett, sending you 7
2024-10-14 18:32:38.373723 X-ray: Juliett, sending you 4
2024-10-14 18:32:38.374656 Tango: Charlie, sending you 2
2024-10-14 18:32:38.375282 Charlie: Tango, Echo, Hotel and Golf, sending you 3
2024-10-14 18:32:38.376372 Juliett: X-ray, sending you 5
2024-10-14 18:32:38.376873 Hotel: Sierra, Tango, Charlie and Golf, sending you 3
2024-10-14 18:32:38.377638 Echo: Sierra, Tango, Charlie and Golf, sending you 3
2024-10-14 18:32:38.378560 Delta: Juliett, sending you 1
2024-10-14 18:32:38.381146 Golf: Sierra, sending you 2
2024-10-14 18:32:38.381897 Juliett: Papa, sending you 8
2024-10-14 18:32:38.382292 Echo: Hotel, sending you 4
2024-10-14 18:32:38.382916 Hotel: Echo, sending you 4
2024-10-14 18:32:38.384668 Juliett: Delta, sending you 1
2024-10-14 18:32:38.386666 Golf: Tango, Echo, Charlie and Hotel, sending you 3
chatterbot Charlie submitting transactions
chatterbot Echo submitting transactions
chatterbot Tango submitting transactions
chatterbot X-ray submitting transactions
chatterbot Juliett submitting transactions
chatterbot Hotel submitting transactions
chatterbot Golf submitting transactions
chatterbot Delta submitting transactions
chatterbot Sierra submitting transactions
chatterbot Papa submitting transactions
ChatterBot X-ray round 11
ChatterBot Sierra round 11
ChatterBot Papa round 11
ChatterBot Tango round 11
ChatterBot Echo round 11
ChatterBot Charlie round 11
ChatterBot Delta round 11
ChatterBot Hotel round 11
ChatterBot Juliett round 11
ChatterBot Golf round 11
2024-10-14 18:32:39.576032 Delta: We should add Golf
2024-10-14 18:32:39.582232 X-ray: No
2024-10-14 18:32:39.582397 Papa: No
2024-10-14 18:32:39.582523 Juliett: No
ChatterBot Delta reevaluating
ChatterBot Delta reevaluating
ChatterBot Delta reevaluating
2024-10-14 18:32:39.603030 Sierra: We should drop Charlie
2024-10-14 18:32:39.609623 Tango: No
2024-10-14 18:32:39.609764 Echo: No
2024-10-14 18:32:39.609900 Hotel: No
2024-10-14 18:32:39.610085 Golf: No
ChatterBot Sierra reevaluating
ChatterBot Golf reevaluating
ChatterBot Sierra reevaluating
ChatterBot Golf reevaluating
ChatterBot Sierra reevaluating
ChatterBot Golf reevaluating
ChatterBot Sierra reevaluating
2024-10-14 18:32:39.649169 Sierra: We should drop Echo
ChatterBot Golf reevaluating
2024-10-14 18:32:39.659197 Tango: No
2024-10-14 18:32:39.659350 Charlie: No
2024-10-14 18:32:39.659470 Hotel: No
2024-10-14 18:32:39.659576 Golf: No
ChatterBot Sierra reevaluating
ChatterBot Charlie reevaluating
ChatterBot Golf reevaluating
ChatterBot Sierra reevaluating
ChatterBot Golf reevaluating
ChatterBot Sierra reevaluating
ChatterBot Charlie reevaluating
ChatterBot Golf reevaluating
ChatterBot Sierra reevaluating
ChatterBot Charlie reevaluating
2024-10-14 18:32:39.700787 Golf: We should add Juliett
ChatterBot Sierra reevaluating
ChatterBot Charlie reevaluating
2024-10-14 18:32:39.709929 Hotel: No
2024-10-14 18:32:39.710052 Tango: No
2024-10-14 18:32:39.710152 Sierra: No
2024-10-14 18:32:39.710246 Echo: No
2024-10-14 18:32:39.710365 Charlie: No
ChatterBot Sierra reevaluating
ChatterBot Golf reevaluating
ChatterBot Charlie reevaluating
ChatterBot Sierra reevaluating
ChatterBot Golf reevaluating
ChatterBot Charlie reevaluating
ChatterBot Golf reevaluating
ChatterBot Charlie reevaluating
ChatterBot Sierra reevaluating
ChatterBot Golf reevaluating
ChatterBot Charlie reevaluating
ChatterBot Sierra reevaluating
ChatterBot Golf reevaluating
2024-10-14 18:32:39.762650 Juliett: We should drop Delta
2024-10-14 18:32:39.766156 Papa: No
2024-10-14 18:32:39.766297 X-ray: No
ChatterBot Juliett reevaluating
ChatterBot Juliett reevaluating
2024-10-14 18:32:39.773828 Papa: X-ray and Delta, sending you 5
2024-10-14 18:32:39.774175 X-ray: Papa and Delta, sending you 5
2024-10-14 18:32:39.776653 Papa: Juliett, sending you 7
2024-10-14 18:32:39.777145 X-ray: Juliett, sending you 4
2024-10-14 18:32:39.777682 Hotel: Sierra, Tango, Charlie and Golf, sending you 3
2024-10-14 18:32:39.778863 Tango: Sierra, Echo, Hotel and Golf, sending you 4
2024-10-14 18:32:39.779532 Echo: Sierra, Tango, Charlie and Golf, sending you 3
2024-10-14 18:32:39.781669 Hotel: Echo, sending you 4
2024-10-14 18:32:39.782692 Tango: Charlie, sending you 2
2024-10-14 18:32:39.784650 Echo: Hotel, sending you 4
2024-10-14 18:32:39.785678 Delta: X-ray and Papa, sending you 6
2024-10-14 18:32:39.786141 Sierra: Tango, Echo, Charlie and Hotel, sending you 3
2024-10-14 18:32:39.786931 Charlie: Sierra, sending you 4
2024-10-14 18:32:39.788655 Delta: Juliett, sending you 1
2024-10-14 18:32:39.789687 Sierra: Golf, sending you 2
2024-10-14 18:32:39.790673 Charlie: Tango, Echo, Hotel and Golf, sending you 3
2024-10-14 18:32:39.798706 Juliett: X-ray, sending you 5
2024-10-14 18:32:39.802672 Golf: Sierra, sending you 2
2024-10-14 18:32:39.803732 Juliett: Papa, sending you 8
2024-10-14 18:32:39.806666 Golf: Tango, Echo, Charlie and Hotel, sending you 3
2024-10-14 18:32:39.807661 Juliett: Delta, sending you 1
chatterbot Papa submitting transactions
chatterbot Delta submitting transactions
chatterbot Golf submitting transactions
chatterbot Echo submitting transactions
chatterbot Hotel submitting transactions
chatterbot Charlie submitting transactions
chatterbot Tango submitting transactions
chatterbot X-ray submitting transactions
chatterbot Juliett submitting transactions
chatterbot Sierra submitting transactions
ChatterBot X-ray round 12
ChatterBot Sierra round 12
ChatterBot Papa round 12
ChatterBot Tango round 12
ChatterBot Echo round 12
ChatterBot Charlie round 12
ChatterBot Delta round 12
ChatterBot Hotel round 12
ChatterBot Juliett round 12
ChatterBot Golf round 12
2024-10-14 18:32:41.017601 Sierra: We should drop Hotel
ChatterBot Charlie reevaluating
2024-10-14 18:32:41.028726 Tango: No
2024-10-14 18:32:41.028894 Echo: No
2024-10-14 18:32:41.029013 Charlie: No
2024-10-14 18:32:41.029119 Golf: No
ChatterBot Sierra reevaluating
ChatterBot Charlie reevaluating
ChatterBot Sierra reevaluating
ChatterBot Charlie reevaluating
ChatterBot Sierra reevaluating
ChatterBot Sierra reevaluating
ChatterBot Charlie reevaluating
2024-10-14 18:32:41.090666 Charlie: Sierra, sending you 4
2024-10-14 18:32:41.092212 Tango: Sierra, Echo, Hotel and Golf, sending you 4
2024-10-14 18:32:41.093559 Papa: X-ray and Delta, sending you 5
2024-10-14 18:32:41.094609 Hotel: Sierra, Tango, Charlie and Golf, sending you 3
2024-10-14 18:32:41.095823 Delta: X-ray and Papa, sending you 6
2024-10-14 18:32:41.096473 Charlie: Tango, Echo, Hotel and Golf, sending you 3
2024-10-14 18:32:41.097773 Tango: Charlie, sending you 2
2024-10-14 18:32:41.098892 X-ray: Papa and Delta, sending you 5
2024-10-14 18:32:41.100019 Papa: Juliett, sending you 7
2024-10-14 18:32:41.100704 Delta: Juliett, sending you 1
2024-10-14 18:32:41.101360 Echo: Sierra, Tango, Charlie and Golf, sending you 3
2024-10-14 18:32:41.102559 Hotel: Echo, sending you 4
2024-10-14 18:32:41.103940 X-ray: Juliett, sending you 4
2024-10-14 18:32:41.105255 Sierra: Tango, Echo, Charlie and Hotel, sending you 3
2024-10-14 18:32:41.106071 Echo: Hotel, sending you 4
2024-10-14 18:32:41.106830 Golf: Sierra, sending you 2
2024-10-14 18:32:41.108695 Juliett: X-ray, sending you 5
2024-10-14 18:32:41.109685 Sierra: Golf, sending you 2
2024-10-14 18:32:41.110830 Golf: Tango, Echo, Charlie and Hotel, sending you 3
2024-10-14 18:32:41.112663 Juliett: Papa, sending you 8
2024-10-14 18:32:41.116668 Juliett: Delta, sending you 1
chatterbot Sierra submitting transactions
chatterbot Tango submitting transactions
chatterbot Delta submitting transactions
chatterbot Golf submitting transactions
chatterbot Charlie submitting transactions
chatterbot X-ray submitting transactions
chatterbot Echo submitting transactions
chatterbot Papa submitting transactions
chatterbot Juliett submitting transactions
chatterbot Hotel submitting transactions
ChatterBot X-ray round 13
ChatterBot Sierra round 13
ChatterBot Papa round 13
ChatterBot Tango round 13
ChatterBot Echo round 13
ChatterBot Charlie round 13
ChatterBot Delta round 13
ChatterBot Hotel round 13
ChatterBot Juliett round 13
ChatterBot Golf round 13
2024-10-14 18:32:42.322672 Charlie: Sierra, sending you 4
2024-10-14 18:32:42.325661 Tango: Sierra, Echo, Hotel and Golf, sending you 4
2024-10-14 18:32:42.327661 Juliett: X-ray, sending you 5
2024-10-14 18:32:42.328957 Delta: X-ray and Papa, sending you 6
2024-10-14 18:32:42.329589 Charlie: Tango, Echo, Hotel and Golf, sending you 3
2024-10-14 18:32:42.330607 Tango: Charlie, sending you 2
2024-10-14 18:32:42.332440 Hotel: Sierra, Tango, Charlie and Golf, sending you 3
2024-10-14 18:32:42.333899 Echo: Sierra, Tango, Charlie and Golf, sending you 3
2024-10-14 18:32:42.334725 Juliett: Papa, sending you 8
2024-10-14 18:32:42.335757 Papa: X-ray and Delta, sending you 5
2024-10-14 18:32:42.336520 X-ray: Papa and Delta, sending you 5
2024-10-14 18:32:42.337109 Delta: Juliett, sending you 1
2024-10-14 18:32:42.337913 Golf: Sierra, sending you 2
2024-10-14 18:32:42.339531 Hotel: Echo, sending you 4
2024-10-14 18:32:42.340728 Sierra: Tango, Echo, Charlie and Hotel, sending you 3
2024-10-14 18:32:42.341475 Juliett: Delta, sending you 1
2024-10-14 18:32:42.342381 Papa: Juliett, sending you 7
2024-10-14 18:32:42.342844 Echo: Hotel, sending you 4
2024-10-14 18:32:42.343580 X-ray: Juliett, sending you 4
2024-10-14 18:32:42.344181 Golf: Tango, Echo, Charlie and Hotel, sending you 3
2024-10-14 18:32:42.345378 Sierra: Golf, sending you 2
chatterbot Charlie submitting transactions
chatterbot X-ray submitting transactions
chatterbot Juliett submitting transactions
chatterbot Sierra submitting transactions
chatterbot Tango submitting transactions
chatterbot Delta submitting transactions
chatterbot Papa submitting transactions
chatterbot Golf submitting transactions
chatterbot Hotel submitting transactions
chatterbot Echo submitting transactions
ChatterBot X-ray round 14
ChatterBot Sierra round 14
ChatterBot Papa round 14
ChatterBot Tango round 14
ChatterBot Echo round 14
ChatterBot Charlie round 14
ChatterBot Delta round 14
ChatterBot Hotel round 14
ChatterBot Juliett round 14
ChatterBot Golf round 14
2024-10-14 18:32:43.489317 Sierra: We should drop Tango
ChatterBot Charlie reevaluating
2024-10-14 18:32:43.499107 Echo: No
2024-10-14 18:32:43.499314 Charlie: No
2024-10-14 18:32:43.499465 Hotel: No
2024-10-14 18:32:43.499585 Golf: No
ChatterBot Sierra reevaluating
ChatterBot Charlie reevaluating
ChatterBot Sierra reevaluating
ChatterBot Sierra reevaluating
ChatterBot Charlie reevaluating
ChatterBot Sierra reevaluating
ChatterBot Charlie reevaluating
2024-10-14 18:32:43.563679 X-ray: Papa and Delta, sending you 5
2024-10-14 18:32:43.566650 X-ray: Juliett, sending you 4
2024-10-14 18:32:43.574937 Tango: Sierra, Echo, Hotel and Golf, sending you 4
2024-10-14 18:32:43.575915 Charlie: Sierra, sending you 4
2024-10-14 18:32:43.576659 Echo: Sierra, Tango, Charlie and Golf, sending you 3
2024-10-14 18:32:43.578678 Papa: X-ray and Delta, sending you 5
