ChatterBot Tango round 1
ChatterBot Golf round 1
ChatterBot Uniform round 1
ChatterBot Oscar round 1
ChatterBot Victor round 1
ChatterBot Alpha round 1
ChatterBot Bravo round 1
ChatterBot Mike round 1
ChatterBot Yankee round 1
ChatterBot Lima round 1
randomSelections Oscar: {Oscar, Alpha, Lima, Tango, Yankee, Bravo} 
2024-10-14 18:32:23.959896 Oscar: Can we be friends?
ChatterBot Alpha reevaluating
ChatterBot Lima reevaluating
ChatterBot Tango reevaluating
ChatterBot Yankee reevaluating
ChatterBot Bravo reevaluating
2024-10-14 18:32:23.980287 Alpha: Yes
2024-10-14 18:32:23.980445 Lima: Yes
2024-10-14 18:32:23.980596 Tango: Yes
2024-10-14 18:32:23.980763 Yankee: Yes
2024-10-14 18:32:23.980894 Bravo: Yes
ChatterBot Lima reevaluating
ChatterBot Tango reevaluating
ChatterBot Yankee reevaluating
ChatterBot Bravo reevaluating
ChatterBot Alpha reevaluating
ChatterBot Tango reevaluating
ChatterBot Yankee reevaluating
ChatterBot Bravo reevaluating
ChatterBot Alpha reevaluating
ChatterBot Lima reevaluating
ChatterBot Yankee reevaluating
ChatterBot Bravo reevaluating
ChatterBot Alpha reevaluating
ChatterBot Lima reevaluating
ChatterBot Tango reevaluating
ChatterBot Bravo reevaluating
ChatterBot Alpha reevaluating
ChatterBot Lima reevaluating
ChatterBot Tango reevaluating
ChatterBot Yankee reevaluating
randomSelections Uniform: {Uniform, Yankee, Victor, Alpha, Tango, Mike, Oscar, Bravo} 
2024-10-14 18:32:24.035205 Uniform: Friends?
ChatterBot Yankee reevaluating
ChatterBot Victor reevaluating
ChatterBot Alpha reevaluating
ChatterBot Tango reevaluating
ChatterBot Mike reevaluating
ChatterBot Bravo reevaluating
2024-10-14 18:32:24.045657 Yankee: No
2024-10-14 18:32:24.046303 Victor: Yes
2024-10-14 18:32:24.046528 Alpha: No
2024-10-14 18:32:24.046698 Tango: No
2024-10-14 18:32:24.046839 Mike: Yes
2024-10-14 18:32:24.046951 Oscar: No
2024-10-14 18:32:24.047080 Bravo: No
ChatterBot Victor reevaluating
ChatterBot Alpha reevaluating
ChatterBot Tango reevaluating
ChatterBot Mike reevaluating
ChatterBot Bravo reevaluating
ChatterBot Yankee reevaluating
ChatterBot Alpha reevaluating
ChatterBot Tango reevaluating
ChatterBot Mike reevaluating
ChatterBot Bravo reevaluating
ChatterBot Yankee reevaluating
ChatterBot Victor reevaluating
ChatterBot Tango reevaluating
ChatterBot Mike reevaluating
ChatterBot Bravo reevaluating
ChatterBot Yankee reevaluating
ChatterBot Victor reevaluating
ChatterBot Alpha reevaluating
ChatterBot Mike reevaluating
ChatterBot Bravo reevaluating
ChatterBot Yankee reevaluating
ChatterBot Victor reevaluating
ChatterBot Alpha reevaluating
ChatterBot Tango reevaluating
ChatterBot Bravo reevaluating
ChatterBot Yankee reevaluating
ChatterBot Victor reevaluating
ChatterBot Alpha reevaluating
ChatterBot Tango reevaluating
ChatterBot Mike reevaluating
ChatterBot Bravo reevaluating
ChatterBot Yankee reevaluating
ChatterBot Victor reevaluating
ChatterBot Alpha reevaluating
ChatterBot Tango reevaluating
ChatterBot Mike reevaluating
randomSelections Golf: {Golf, Victor, Alpha, Bravo, Mike, Lima} 
2024-10-14 18:32:24.125959 Golf: Friends?
ChatterBot Victor reevaluating
ChatterBot Alpha reevaluating
ChatterBot Bravo reevaluating
ChatterBot Mike reevaluating
ChatterBot Lima reevaluating
2024-10-14 18:32:24.133252 Victor: No
2024-10-14 18:32:24.133520 Alpha: No
2024-10-14 18:32:24.133819 Bravo: No
2024-10-14 18:32:24.134500 Mike: No
2024-10-14 18:32:24.134659 Lima: No
ChatterBot Alpha reevaluating
ChatterBot Bravo reevaluating
ChatterBot Mike reevaluating
ChatterBot Lima reevaluating
ChatterBot Victor reevaluating
ChatterBot Bravo reevaluating
ChatterBot Mike reevaluating
ChatterBot Lima reevaluating
ChatterBot Victor reevaluating
ChatterBot Alpha reevaluating
ChatterBot Mike reevaluating
ChatterBot Lima reevaluating
ChatterBot Victor reevaluating
ChatterBot Alpha reevaluating
ChatterBot Bravo reevaluating
ChatterBot Lima reevaluating
ChatterBot Victor reevaluating
ChatterBot Alpha reevaluating
ChatterBot Bravo reevaluating
ChatterBot Mike reevaluating
2024-10-14 18:32:24.260806 Victor: Tango, Uniform and Alpha, sending you 3
2024-10-14 18:32:24.262187 Lima: Tango, sending you 2
2024-10-14 18:32:24.262747 Mike: Tango, Uniform and Yankee, sending you 1
2024-10-14 18:32:24.264327 Alpha: Tango, sending you 4
2024-10-14 18:32:24.265456 Oscar: Tango, Alpha and Lima, sending you 3
2024-10-14 18:32:24.266505 Golf: Victor and Mike, sending you 1
2024-10-14 18:32:24.267845 Victor: Bravo and Yankee, sending you 1
2024-10-14 18:32:24.269627 Uniform: Tango, Victor, Alpha and Mike, sending you 2
2024-10-14 18:32:24.271539 Lima: Oscar and Alpha, sending you 1
2024-10-14 18:32:24.272498 Mike: Oscar and Bravo, sending you 2
2024-10-14 18:32:24.274161 Tango: Oscar, Bravo, Yankee and Lima, sending you 4
2024-10-14 18:32:24.275437 Alpha: Oscar, sending you 2
2024-10-14 18:32:24.276113 Oscar: Bravo, sending you 4
2024-10-14 18:32:24.276668 Bravo: Tango, sending you 3
2024-10-14 18:32:24.277962 Golf: Alpha, sending you 6
2024-10-14 18:32:24.279745 Victor: Mike, sending you 2
2024-10-14 18:32:24.280889 Uniform: Oscar and Bravo, sending you 1
2024-10-14 18:32:24.282345 Mike: Victor, sending you 5
2024-10-14 18:32:24.283021 Tango: Alpha, sending you 1
2024-10-14 18:32:24.284303 Alpha: Bravo and Yankee, sending you 3
2024-10-14 18:32:24.285556 Oscar: Yankee, sending you 2
2024-10-14 18:32:24.286416 Bravo: Oscar and Yankee, sending you 4
2024-10-14 18:32:24.287913 Golf: Bravo, sending you 4
2024-10-14 18:32:24.289110 Yankee: Tango, sending you 1
2024-10-14 18:32:24.290706 Uniform: Yankee, sending you 4
2024-10-14 18:32:24.291598 Mike: Alpha, sending you 4
2024-10-14 18:32:24.293574 Alpha: Lima, sending you 1
2024-10-14 18:32:24.295294 Bravo: Alpha, sending you 2
2024-10-14 18:32:24.296137 Golf: Lima, sending you 2
2024-10-14 18:32:24.297282 Yankee: Oscar, sending you 2
2024-10-14 18:32:24.300247 Bravo: Lima, sending you 5
2024-10-14 18:32:24.302068 Yankee: Alpha, sending you 4
2024-10-14 18:32:24.306695 Yankee: Bravo, sending you 6
2024-10-14 18:32:24.311697 Yankee: Lima, sending you 3
chatterbot Oscar submitting transactions
chatterbot Lima submitting transactions
chatterbot Victor submitting transactions
chatterbot Bravo submitting transactions
chatterbot Uniform submitting transactions
chatterbot Mike submitting transactions
chatterbot Tango submitting transactions
chatterbot Golf submitting transactions
chatterbot Yankee submitting transactions
chatterbot Alpha submitting transactions
ChatterBot Tango round 2
ChatterBot Golf round 2
ChatterBot Uniform round 2
ChatterBot Oscar round 2
ChatterBot Victor round 2
ChatterBot Alpha round 2
2024-10-14 18:32:25.391016 Golf: Let's form a team
ChatterBot Uniform reevaluating
ChatterBot Victor reevaluating
ChatterBot Mike reevaluating
2024-10-14 18:32:25.409203 Uniform: Yes
2024-10-14 18:32:25.409361 Victor: Yes
2024-10-14 18:32:25.409480 Mike: No
ChatterBot Victor reevaluating
ChatterBot Mike reevaluating
ChatterBot Uniform reevaluating
ChatterBot Mike reevaluating
ChatterBot Uniform reevaluating
ChatterBot Victor reevaluating
2024-10-14 18:32:25.468229 Victor: Can we be friends?
ChatterBot Uniform reevaluating
ChatterBot Mike reevaluating
2024-10-14 18:32:25.483878 Uniform: Yes
2024-10-14 18:32:25.484028 Mike: No
2024-10-14 18:32:25.484128 Golf: Yes
ChatterBot Victor reevaluating
ChatterBot Mike reevaluating
ChatterBot Uniform reevaluating
ChatterBot Victor reevaluating
ChatterBot Uniform reevaluating
ChatterBot Victor reevaluating
ChatterBot Mike reevaluating
ChatterBot Bravo round 2
ChatterBot Mike round 2
ChatterBot Yankee round 2
ChatterBot Lima round 2
2024-10-14 18:32:25.534008 Alpha: Group up?
ChatterBot Oscar reevaluating
ChatterBot Bravo reevaluating
ChatterBot Yankee reevaluating
ChatterBot Lima reevaluating
ChatterBot Uniform reevaluating
ChatterBot Victor reevaluating
ChatterBot Mike reevaluating
2024-10-14 18:32:25.564563 Tango: No
2024-10-14 18:32:25.565184 Golf: No
2024-10-14 18:32:25.565308 Oscar: No
2024-10-14 18:32:25.565425 Bravo: No
2024-10-14 18:32:25.565562 Yankee: No
2024-10-14 18:32:25.565697 Lima: No
2024-10-14 18:32:25.565815 Uniform: No
2024-10-14 18:32:25.565912 Victor: No
2024-10-14 18:32:25.566010 Mike: No
ChatterBot Oscar reevaluating
ChatterBot Bravo reevaluating
ChatterBot Yankee reevaluating
ChatterBot Lima reevaluating
ChatterBot Uniform reevaluating
ChatterBot Victor reevaluating
ChatterBot Mike reevaluating
ChatterBot Oscar reevaluating
ChatterBot Bravo reevaluating
ChatterBot Yankee reevaluating
ChatterBot Lima reevaluating
ChatterBot Uniform reevaluating
ChatterBot Victor reevaluating
ChatterBot Mike reevaluating
ChatterBot Bravo reevaluating
ChatterBot Yankee reevaluating
ChatterBot Lima reevaluating
ChatterBot Uniform reevaluating
ChatterBot Victor reevaluating
ChatterBot Mike reevaluating
ChatterBot Oscar reevaluating
ChatterBot Yankee reevaluating
ChatterBot Lima reevaluating
ChatterBot Uniform reevaluating
ChatterBot Victor reevaluating
ChatterBot Mike reevaluating
ChatterBot Oscar reevaluating
ChatterBot Bravo reevaluating
ChatterBot Lima reevaluating
ChatterBot Uniform reevaluating
ChatterBot Victor reevaluating
ChatterBot Mike reevaluating
ChatterBot Oscar reevaluating
ChatterBot Bravo reevaluating
ChatterBot Yankee reevaluating
ChatterBot Uniform reevaluating
ChatterBot Victor reevaluating
ChatterBot Mike reevaluating
ChatterBot Oscar reevaluating
ChatterBot Bravo reevaluating
ChatterBot Yankee reevaluating
ChatterBot Lima reevaluating
ChatterBot Victor reevaluating
ChatterBot Mike reevaluating
ChatterBot Alpha reevaluating
ChatterBot Oscar reevaluating
ChatterBot Bravo reevaluating
ChatterBot Yankee reevaluating
ChatterBot Lima reevaluating
ChatterBot Uniform reevaluating
ChatterBot Mike reevaluating
ChatterBot Alpha reevaluating
ChatterBot Oscar reevaluating
ChatterBot Bravo reevaluating
ChatterBot Yankee reevaluating
ChatterBot Lima reevaluating
ChatterBot Uniform reevaluating
ChatterBot Victor reevaluating
2024-10-14 18:32:25.958069 Bravo: We should add Golf and Mike
ChatterBot Oscar reevaluating
ChatterBot Alpha reevaluating
ChatterBot Lima reevaluating
ChatterBot Yankee reevaluating
2024-10-14 18:32:25.985373 Oscar: No
2024-10-14 18:32:25.986023 Alpha: Yes
2024-10-14 18:32:25.986149 Lima: No
2024-10-14 18:32:25.986247 Tango: No
2024-10-14 18:32:25.986347 Yankee: No
ChatterBot Alpha reevaluating
ChatterBot Lima reevaluating
ChatterBot Yankee reevaluating
ChatterBot Bravo reevaluating
ChatterBot Oscar reevaluating
ChatterBot Lima reevaluating
ChatterBot Yankee reevaluating
ChatterBot Bravo reevaluating
ChatterBot Oscar reevaluating
ChatterBot Alpha reevaluating
ChatterBot Yankee reevaluating
ChatterBot Bravo reevaluating
ChatterBot Oscar reevaluating
ChatterBot Alpha reevaluating
ChatterBot Lima reevaluating
ChatterBot Yankee reevaluating
ChatterBot Bravo reevaluating
ChatterBot Oscar reevaluating
ChatterBot Alpha reevaluating
ChatterBot Lima reevaluating
ChatterBot Bravo reevaluating
2024-10-14 18:32:26.268780 Tango: Oscar, Alpha and Bravo, sending you 4
2024-10-14 18:32:26.269634 Golf: Uniform and Victor, sending you 5
2024-10-14 18:32:26.270001 Bravo: Golf we want you to join our group
ChatterBot Golf reevaluating
2024-10-14 18:32:26.275150 Golf: Yes
ChatterBot Alpha reevaluating
ChatterBot Lima reevaluating
2024-10-14 18:32:26.297061 Golf: Friends?
2024-10-14 18:32:26.297441 Lima: We should add Golf
ChatterBot Tango reevaluating
ChatterBot Alpha reevaluating
ChatterBot Lima reevaluating
ChatterBot Uniform reevaluating
2024-10-14 18:32:26.322849 Tango: No
2024-10-14 18:32:26.322997 Oscar: No
2024-10-14 18:32:26.323135 Alpha: Yes
2024-10-14 18:32:26.323257 Bravo: No
2024-10-14 18:32:26.323364 Yankee: No
2024-10-14 18:32:26.323503 Lima: No
2024-10-14 18:32:26.323944 Uniform: Yes
ChatterBot Oscar reevaluating
ChatterBot Alpha reevaluating
ChatterBot Tango reevaluating
2024-10-14 18:32:26.380161 Oscar: Yes
2024-10-14 18:32:26.380517 Alpha: Yes
2024-10-14 18:32:26.380719 Tango: Yes
2024-10-14 18:32:26.380954 Yankee: No
2024-10-14 18:32:26.381130 Bravo: Yes
ChatterBot Golf reevaluating
ChatterBot Oscar reevaluating
ChatterBot Alpha reevaluating
ChatterBot Lima reevaluating
ChatterBot Uniform reevaluating
ChatterBot Golf reevaluating
ChatterBot Tango reevaluating
ChatterBot Alpha reevaluating
ChatterBot Lima reevaluating
ChatterBot Uniform reevaluating
ChatterBot Golf reevaluating
ChatterBot Tango reevaluating
ChatterBot Oscar reevaluating
ChatterBot Lima reevaluating
ChatterBot Uniform reevaluating
ChatterBot Golf reevaluating
ChatterBot Tango reevaluating
ChatterBot Oscar reevaluating
ChatterBot Alpha reevaluating
ChatterBot Lima reevaluating
ChatterBot Uniform reevaluating
ChatterBot Golf reevaluating
ChatterBot Tango reevaluating
ChatterBot Oscar reevaluating
ChatterBot Alpha reevaluating
ChatterBot Lima reevaluating
ChatterBot Uniform reevaluating
ChatterBot Golf reevaluating
ChatterBot Tango reevaluating
ChatterBot Oscar reevaluating
ChatterBot Alpha reevaluating
ChatterBot Uniform reevaluating
ChatterBot Golf reevaluating
ChatterBot Tango reevaluating
ChatterBot Oscar reevaluating
ChatterBot Alpha reevaluating
ChatterBot Lima reevaluating
ChatterBot Tango reevaluating
ChatterBot Alpha reevaluating
ChatterBot Lima reevaluating
ChatterBot Tango reevaluating
ChatterBot Oscar reevaluating
ChatterBot Yankee reevaluating
ChatterBot Lima reevaluating
ChatterBot Oscar reevaluating
ChatterBot Alpha reevaluating
ChatterBot Yankee reevaluating
ChatterBot Lima reevaluating
ChatterBot Tango reevaluating
ChatterBot Oscar reevaluating
ChatterBot Alpha reevaluating
ChatterBot Lima reevaluating
2024-10-14 18:32:26.874717 Uniform: We should add Golf and Lima
ChatterBot Tango reevaluating
ChatterBot Oscar reevaluating
ChatterBot Alpha reevaluating
ChatterBot Yankee reevaluating
ChatterBot Lima reevaluating
ChatterBot Yankee reevaluating
ChatterBot Alpha reevaluating
ChatterBot Tango reevaluating
ChatterBot Oscar reevaluating
2024-10-14 18:32:26.950755 Yankee: No
2024-10-14 18:32:26.950984 Victor: No
2024-10-14 18:32:26.951685 Alpha: Yes
2024-10-14 18:32:26.951848 Tango: Yes
2024-10-14 18:32:26.952001 Mike: No
2024-10-14 18:32:26.952184 Oscar: No
2024-10-14 18:32:26.952354 Bravo: Yes
ChatterBot Uniform reevaluating
ChatterBot Tango reevaluating
ChatterBot Oscar reevaluating
ChatterBot Alpha reevaluating
ChatterBot Uniform reevaluating
ChatterBot Yankee reevaluating
ChatterBot Tango reevaluating
ChatterBot Oscar reevaluating
ChatterBot Alpha reevaluating
ChatterBot Uniform reevaluating
ChatterBot Mike reevaluating
ChatterBot Yankee reevaluating
ChatterBot Tango reevaluating
ChatterBot Oscar reevaluating
ChatterBot Uniform reevaluating
ChatterBot Mike reevaluating
ChatterBot Yankee reevaluating
ChatterBot Oscar reevaluating
ChatterBot Alpha reevaluating
ChatterBot Uniform reevaluating
ChatterBot Yankee reevaluating
ChatterBot Tango reevaluating
ChatterBot Oscar reevaluating
ChatterBot Alpha reevaluating
ChatterBot Uniform reevaluating
ChatterBot Mike reevaluating
ChatterBot Yankee reevaluating
ChatterBot Tango reevaluating
ChatterBot Alpha reevaluating
ChatterBot Uniform reevaluating
ChatterBot Mike reevaluating
ChatterBot Yankee reevaluating
ChatterBot Tango reevaluating
ChatterBot Oscar reevaluating
ChatterBot Alpha reevaluating
chatterbot Tango submitting transactions
chatterbot Golf submitting transactions
2024-10-14 18:32:27.351659 Mike: Golf and Lima we want you to join our group
ChatterBot Golf reevaluating
ChatterBot Lima reevaluating
2024-10-14 18:32:27.366274 Golf: No
2024-10-14 18:32:27.366564 Lima: No
ChatterBot Alpha reevaluating
ChatterBot Bravo reevaluating
ChatterBot Yankee reevaluating
ChatterBot Lima reevaluating
ChatterBot Mike reevaluating
ChatterBot Alpha reevaluating
ChatterBot Golf reevaluating
ChatterBot Bravo reevaluating
ChatterBot Yankee reevaluating
ChatterBot Mike reevaluating
2024-10-14 18:32:27.482101 Lima: We should add Golf and Uniform
ChatterBot Oscar reevaluating
ChatterBot Alpha reevaluating
ChatterBot Yankee reevaluating
ChatterBot Bravo reevaluating
2024-10-14 18:32:27.511319 Oscar: No
2024-10-14 18:32:27.512018 Alpha: Yes
2024-10-14 18:32:27.512224 Tango: No
2024-10-14 18:32:27.512436 Yankee: No
2024-10-14 18:32:27.512639 Bravo: Yes
ChatterBot Alpha reevaluating
ChatterBot Lima reevaluating
ChatterBot Yankee reevaluating
ChatterBot Bravo reevaluating
ChatterBot Oscar reevaluating
ChatterBot Lima reevaluating
ChatterBot Yankee reevaluating
ChatterBot Bravo reevaluating
ChatterBot Oscar reevaluating
ChatterBot Alpha reevaluating
ChatterBot Lima reevaluating
ChatterBot Yankee reevaluating
ChatterBot Bravo reevaluating
ChatterBot Oscar reevaluating
ChatterBot Alpha reevaluating
ChatterBot Lima reevaluating
ChatterBot Bravo reevaluating
ChatterBot Oscar reevaluating
ChatterBot Alpha reevaluating
ChatterBot Lima reevaluating
ChatterBot Yankee reevaluating
2024-10-14 18:32:27.680703 Victor: Golf, sending you 3
2024-10-14 18:32:27.681214 Tango: Golf we want you to join our group
ChatterBot Golf reevaluating
2024-10-14 18:32:27.687942 Golf: Yes
ChatterBot Bravo reevaluating
ChatterBot Oscar reevaluating
ChatterBot Alpha reevaluating
ChatterBot Yankee reevaluating
ChatterBot Lima reevaluating
2024-10-14 18:32:27.766093 Uniform: Golf and Lima we want you to join our group
ChatterBot Golf reevaluating
ChatterBot Lima reevaluating
2024-10-14 18:32:27.814847 Golf: No
2024-10-14 18:32:27.815119 Lima: No
ChatterBot Alpha reevaluating
ChatterBot Oscar reevaluating
ChatterBot Bravo reevaluating
ChatterBot Yankee reevaluating
ChatterBot Lima reevaluating
ChatterBot Mike reevaluating
ChatterBot Alpha reevaluating
ChatterBot Golf reevaluating
ChatterBot Oscar reevaluating
ChatterBot Bravo reevaluating
ChatterBot Yankee reevaluating
ChatterBot Mike reevaluating
chatterbot Victor submitting transactions
2024-10-14 18:32:27.928856 Victor: Uniform, sending you 4
chatterbot Lima submitting transactions
chatterbot Golf submitting transactions
2024-10-14 18:32:28.005719 Lima: Golf we want you to join our group
ChatterBot Golf reevaluating
2024-10-14 18:32:28.010268 Golf: Yes
ChatterBot Oscar reevaluating
ChatterBot Alpha reevaluating
ChatterBot Yankee reevaluating
2024-10-14 18:32:28.032482 Victor: Mike, sending you 6
2024-10-14 18:32:28.048134 Uniform: Tango, Golf, Oscar, Alpha, Bravo, Yankee and Lima, sending you 1
2024-10-14 18:32:28.057148 Lima: Tango, Oscar, Bravo and Yankee, sending you 3
2024-10-14 18:32:28.058047 Uniform: Victor, sending you 5
2024-10-14 18:32:28.058476 Mike: Tango, Oscar, Alpha, Bravo, Yankee and Lima, sending you 1
2024-10-14 18:32:28.063661 Lima: Golf and Alpha, sending you 2
2024-10-14 18:32:28.064506 Uniform: Mike, sending you 2
2024-10-14 18:32:28.065102 Mike: Golf, sending you 2
2024-10-14 18:32:28.066015 Bravo: Tango, Golf, Oscar and Alpha, sending you 3
2024-10-14 18:32:28.066458 Yankee: Tango, Alpha and Bravo, sending you 4
2024-10-14 18:32:28.067666 Golf: Sorry, I'm actually sending you 0
2024-10-14 18:32:28.067935 Golf: Sorry, I'm actually sending you 0
2024-10-14 18:32:28.068660 Alpha: Tango, sending you 1
2024-10-14 18:32:28.071942 Mike: Uniform and Victor, sending you 4
2024-10-14 18:32:28.073226 Bravo: Yankee, sending you 4
2024-10-14 18:32:28.074041 Yankee: Oscar, sending you 3
2024-10-14 18:32:28.075172 Oscar: Tango and Bravo, sending you 5
2024-10-14 18:32:28.076453 Golf: Tango, Uniform, Oscar, Alpha, Bravo, Yankee and Lima, sending you 2
2024-10-14 18:32:28.077068 Alpha: Golf, Uniform, Oscar, Victor, Bravo, Mike and Yankee, sending you 2
2024-10-14 18:32:29.393411 Bravo: Lima, sending you 2
2024-10-14 18:32:29.394622 Yankee: Lima, sending you 2
2024-10-14 18:32:29.395005 Oscar: Alpha and Yankee, sending you 3
chatterbot Bravo submitting transactions
chatterbot Uniform submitting transactions
chatterbot Tango submitting transactions
2024-10-14 18:32:29.406090 Oscar: Lima, sending you 1
chatterbot Bravo submitting transactions
chatterbot Golf submitting transactions
chatterbot Alpha submitting transactions
chatterbot Lima submitting transactions
chatterbot Mike submitting transactions
chatterbot Yankee submitting transactions
chatterbot Oscar submitting transactions
ChatterBot Tango round 3
ChatterBot Golf round 3
ChatterBot Uniform round 3
ChatterBot Oscar round 3
ChatterBot Victor round 3
ChatterBot Alpha round 3
ChatterBot Bravo round 3
ChatterBot Mike round 3
ChatterBot Yankee round 3
ChatterBot Lima round 3
2024-10-14 18:32:30.651821 Yankee: We should add Golf
ChatterBot Oscar reevaluating
2024-10-14 18:32:30.667262 Oscar: Yes
2024-10-14 18:32:30.667443 Alpha: Yes
2024-10-14 18:32:30.667559 Lima: Yes
2024-10-14 18:32:30.667704 Tango: Yes
2024-10-14 18:32:30.667835 Bravo: Yes
ChatterBot Oscar reevaluating
ChatterBot Oscar reevaluating
ChatterBot Oscar reevaluating
ChatterBot Oscar reevaluating
2024-10-14 18:32:30.764 Golf: We should add Victor and Mike
ChatterBot Oscar reevaluating
2024-10-14 18:32:30.785084 Tango: No
2024-10-14 18:32:30.785244 Oscar: No
2024-10-14 18:32:30.785351 Alpha: No
2024-10-14 18:32:30.785448 Bravo: No
2024-10-14 18:32:30.785608 Yankee: No
2024-10-14 18:32:30.785722 Lima: No
2024-10-14 18:32:30.785816 Uniform: Yes
ChatterBot Oscar reevaluating
ChatterBot Uniform reevaluating
ChatterBot Uniform reevaluating
ChatterBot Oscar reevaluating
ChatterBot Uniform reevaluating
ChatterBot Oscar reevaluating
ChatterBot Uniform reevaluating
ChatterBot Golf reevaluating
ChatterBot Oscar reevaluating
ChatterBot Alpha reevaluating
ChatterBot Uniform reevaluating
ChatterBot Golf reevaluating
ChatterBot Oscar reevaluating
ChatterBot Alpha reevaluating
ChatterBot Uniform reevaluating
ChatterBot Golf reevaluating
ChatterBot Oscar reevaluating
ChatterBot Alpha reevaluating
2024-10-14 18:32:30.952038 Yankee: Golf we want you to join our group
ChatterBot Golf reevaluating
2024-10-14 18:32:30.956124 Golf: Yes
ChatterBot Oscar reevaluating
ChatterBot Alpha reevaluating
2024-10-14 18:32:31.035076 Bravo: Tango, Golf and Alpha, sending you 3
2024-10-14 18:32:31.035719 Mike: Uniform, sending you 5
2024-10-14 18:32:31.036871 Oscar: Golf we want you to join our group
ChatterBot Golf reevaluating
2024-10-14 18:32:31.074349 Golf: Yes
ChatterBot Alpha reevaluating
2024-10-14 18:32:31.096675 Bravo: Oscar and Yankee, sending you 4
2024-10-14 18:32:31.097818 Victor: Golf, sending you 2
2024-10-14 18:32:31.098493 Mike: Victor, sending you 7
2024-10-14 18:32:31.099481 Lima: Tango, Oscar, Bravo and Yankee, sending you 3
2024-10-14 18:32:31.124843 Yankee: Tango, Oscar and Alpha, sending you 3
2024-10-14 18:32:31.126429 Uniform: Golf, sending you 3
2024-10-14 18:32:31.127403 Bravo: Lima, sending you 1
2024-10-14 18:32:31.128299 Victor: Uniform, sending you 5
2024-10-14 18:32:31.129324 Mike: Alpha, sending you 4
2024-10-14 18:32:31.129759 Lima: Golf and Alpha, sending you 2
2024-10-14 18:32:31.130921 Yankee: Golf and Lima, sending you 2
2024-10-14 18:32:31.131645 Uniform: Victor, sending you 6
2024-10-14 18:32:31.133048 Victor: Mike, sending you 6
2024-10-14 18:32:31.140894 Oscar: Tango and Bravo, sending you 4
2024-10-14 18:32:31.142537 Yankee: Bravo, sending you 4
2024-10-14 18:32:31.143970 Bravo: Tango did not give me 4 like they said
ChatterBot Tango reevaluating
ChatterBot Golf reevaluating
ChatterBot Oscar reevaluating
ChatterBot Alpha reevaluating
ChatterBot Yankee reevaluating
ChatterBot Lima reevaluating
2024-10-14 18:32:31.167885 Uniform: Mike, sending you 5
chatterbot Uniform submitting transactions
2024-10-14 18:32:31.307703 Golf: Tango, Uniform, Alpha and Lima, sending you 2
2024-10-14 18:32:31.311042 Golf: Oscar and Yankee, sending you 1
2024-10-14 18:32:31.316691 Golf: Bravo, sending you 4
chatterbot Yankee submitting transactions
chatterbot Tango submitting transactions
chatterbot Bravo submitting transactions
chatterbot Tango submitting transactions
chatterbot Lima submitting transactions
chatterbot Yankee submitting transactions
chatterbot Mike submitting transactions
chatterbot Alpha submitting transactions
chatterbot Victor submitting transactions
chatterbot Oscar submitting transactions
chatterbot Golf submitting transactions
ChatterBot Tango round 4
ChatterBot Golf round 4
ChatterBot Uniform round 4
ChatterBot Oscar round 4
ChatterBot Victor round 4
ChatterBot Alpha round 4
ChatterBot Bravo round 4
ChatterBot Mike round 4
ChatterBot Yankee round 4
2024-10-14 18:32:32.307630 Victor: We should replace Golf with Alpha
ChatterBot Uniform reevaluating
2024-10-14 18:32:32.317363 Uniform: No
2024-10-14 18:32:32.317570 Mike: Yes
ChatterBot Uniform reevaluating
ChatterBot Lima round 4
2024-10-14 18:32:32.360317 Victor: Alpha we want you to join our group
ChatterBot Alpha reevaluating
2024-10-14 18:32:32.365234 Alpha: No
ChatterBot Uniform reevaluating
ChatterBot Victor reevaluating
2024-10-14 18:32:32.385673 Golf: Tango, Uniform, Alpha, Yankee and Lima, sending you 2
2024-10-14 18:32:32.386699 Oscar: Tango, Alpha, Yankee and Lima, sending you 3
2024-10-14 18:32:32.389887 Golf: Oscar, sending you 1
2024-10-14 18:32:32.390678 Oscar: Golf, sending you 1
2024-10-14 18:32:32.393661 Oscar: Bravo, sending you 4
2024-10-14 18:32:32.394685 Golf: Bravo, sending you 3
2024-10-14 18:32:32.397850 Bravo: Tango, Golf, Oscar and Alpha, sending you 3
2024-10-14 18:32:32.398329 Uniform: Tango, Oscar, Bravo, Yankee and Lima, sending you 1
2024-10-14 18:32:32.401664 Bravo: Yankee, sending you 4
2024-10-14 18:32:32.402170 Uniform: Golf, sending you 6
2024-10-14 18:32:32.403226 Mike: Uniform, sending you 5
2024-10-14 18:32:32.405660 Bravo: Lima, sending you 2
2024-10-14 18:32:32.406177 Uniform: Alpha, sending you 3
2024-10-14 18:32:32.407194 Yankee: Tango, Oscar, Alpha and Lima, sending you 3
2024-10-14 18:32:32.407791 Mike: Victor, sending you 7
2024-10-14 18:32:32.409694 Lima: Tango, Oscar, Bravo and Yankee, sending you 3
2024-10-14 18:32:32.410698 Yankee: Golf, sending you 1
2024-10-14 18:32:32.412013 Victor: Golf, sending you 2
2024-10-14 18:32:32.412461 Mike: Alpha, sending you 4
2024-10-14 18:32:32.414043 Lima: Golf and Alpha, sending you 2
2024-10-14 18:32:32.414673 Victor: Uniform, sending you 5
2024-10-14 18:32:32.415733 Yankee: Bravo, sending you 4
2024-10-14 18:32:32.417702 Victor: Mike, sending you 6
chatterbot Uniform submitting transactions
chatterbot Alpha submitting transactions
chatterbot Bravo submitting transactions
chatterbot Victor submitting transactions
chatterbot Golf submitting transactions
chatterbot Yankee submitting transactions
chatterbot Tango submitting transactions
chatterbot Lima submitting transactions
chatterbot Oscar submitting transactions
chatterbot Mike submitting transactions
ChatterBot Tango round 5
ChatterBot Golf round 5
ChatterBot Uniform round 5
ChatterBot Oscar round 5
ChatterBot Victor round 5
ChatterBot Alpha round 5
ChatterBot Bravo round 5
ChatterBot Mike round 5
ChatterBot Yankee round 5
ChatterBot Lima round 5
2024-10-14 18:32:33.599936 Victor: We should replace Golf with Alpha
2024-10-14 18:32:33.605425 Uniform: No
2024-10-14 18:32:33.605629 Mike: Yes
2024-10-14 18:32:33.691969 Victor: Alpha we want you to join our group
ChatterBot Alpha reevaluating
2024-10-14 18:32:33.695554 Alpha: No
2024-10-14 18:32:33.707699 Golf: Tango, Uniform, Alpha, Yankee and Lima, sending you 2
2024-10-14 18:32:33.708952 Oscar: Tango, Alpha, Yankee and Lima, sending you 3
2024-10-14 18:32:33.711784 Oscar: Golf, sending you 1
2024-10-14 18:32:33.712837 Golf: Oscar, sending you 1
2024-10-14 18:32:33.713833 Uniform: Tango, Oscar, Bravo, Yankee and Lima, sending you 1
2024-10-14 18:32:33.715592 Mike: Uniform, sending you 5
2024-10-14 18:32:33.716239 Yankee: Tango, Oscar, Alpha and Lima, sending you 3
2024-10-14 18:32:33.717671 Oscar: Bravo, sending you 4
2024-10-14 18:32:33.719095 Golf: Bravo, sending you 3
2024-10-14 18:32:33.719828 Bravo: Sending you each 3
2024-10-14 18:32:33.720419 Lima: Tango, Oscar, Bravo and Yankee, sending you 3
2024-10-14 18:32:33.720980 Uniform: Golf, sending you 6
2024-10-14 18:32:33.721579 Mike: Victor, sending you 7
2024-10-14 18:32:33.722504 Yankee: Golf, sending you 1
2024-10-14 18:32:33.723133 Victor: Uniform, sending you 4
2024-10-14 18:32:33.724687 Uniform: Alpha, sending you 3
2024-10-14 18:32:33.725898 Lima: Golf and Alpha, sending you 2
2024-10-14 18:32:33.726977 Mike: Alpha, sending you 4
2024-10-14 18:32:33.727681 Yankee: Bravo, sending you 4
2024-10-14 18:32:33.729253 Victor: Alpha, sending you 2
2024-10-14 18:32:33.734663 Victor: Mike, sending you 7
chatterbot Golf submitting transactions
chatterbot Uniform submitting transactions
chatterbot Alpha submitting transactions
chatterbot Yankee submitting transactions
chatterbot Oscar submitting transactions
chatterbot Tango submitting transactions
chatterbot Victor submitting transactions
chatterbot Lima submitting transactions
chatterbot Mike submitting transactions
chatterbot Bravo submitting transactions
ChatterBot Tango round 6
ChatterBot Golf round 6
ChatterBot Uniform round 6
ChatterBot Oscar round 6
ChatterBot Victor round 6
ChatterBot Alpha round 6
ChatterBot Bravo round 6
ChatterBot Mike round 6
ChatterBot Yankee round 6
ChatterBot Lima round 6
2024-10-14 18:32:34.951690 Uniform: Tango, Oscar, Bravo, Yankee and Lima, sending you 1
2024-10-14 18:32:34.973442 Uniform: Golf, sending you 7
2024-10-14 18:32:34.975402 Oscar: Tango, Alpha, Yankee and Lima, sending you 3
2024-10-14 18:32:34.976806 Bravo: Same as last round
2024-10-14 18:32:34.977907 Victor: Uniform, sending you 4
2024-10-14 18:32:34.979708 Uniform: Alpha, sending you 2
2024-10-14 18:32:34.981553 Yankee: Tango, Oscar, Alpha, Bravo and Lima, sending you 3
2024-10-14 18:32:34.983248 Oscar: Golf, sending you 1
2024-10-14 18:32:34.984190 Lima: Tango, Oscar, Bravo and Yankee, sending you 3
2024-10-14 18:32:34.985573 Mike: Uniform, sending you 5
2024-10-14 18:32:34.986793 Golf: Tango, Alpha, Bravo, Yankee and Lima, sending you 2
2024-10-14 18:32:34.987786 Victor: Alpha, sending you 2
2024-10-14 18:32:34.988975 Yankee: Golf, sending you 2
2024-10-14 18:32:34.990326 Oscar: Bravo, sending you 4
2024-10-14 18:32:34.991206 Lima: Golf and Alpha, sending you 2
2024-10-14 18:32:34.992903 Golf: Uniform, sending you 3
2024-10-14 18:32:34.994713 Mike: Victor, sending you 8
2024-10-14 18:32:34.995578 Victor: Mike, sending you 7
2024-10-14 18:32:35.000224 Golf: Oscar, sending you 1
2024-10-14 18:32:35.002128 Mike: Alpha, sending you 3
chatterbot Victor submitting transactions
chatterbot Lima submitting transactions
chatterbot Mike submitting transactions
chatterbot Yankee submitting transactions
chatterbot Bravo submitting transactions
chatterbot Tango submitting transactions
chatterbot Alpha submitting transactions
chatterbot Golf submitting transactions
chatterbot Uniform submitting transactions
chatterbot Oscar submitting transactions
ChatterBot Tango round 7
ChatterBot Golf round 7
ChatterBot Uniform round 7
ChatterBot Oscar round 7
ChatterBot Victor round 7
ChatterBot Alpha round 7
ChatterBot Bravo round 7
ChatterBot Mike round 7
ChatterBot Yankee round 7
ChatterBot Lima round 7
2024-10-14 18:32:36.048701 Yankee: Tango, Oscar, Alpha, Bravo and Lima, sending you 3
2024-10-14 18:32:36.049680 Golf: Tango, Alpha, Bravo, Yankee and Lima, sending you 2
2024-10-14 18:32:36.054262 Uniform: Tango, Oscar, Bravo and Lima, sending you 1
2024-10-14 18:32:36.055341 Bravo: Same as last round
2024-10-14 18:32:36.057149 Golf: Uniform, sending you 3
2024-10-14 18:32:36.057904 Yankee: Golf, sending you 2
2024-10-14 18:32:36.059832 Uniform: Golf, sending you 7
2024-10-14 18:32:36.061156 Oscar: Tango, Alpha, Yankee and Lima, sending you 3
2024-10-14 18:32:36.066301 Mike: Uniform and Alpha, sending you 4
2024-10-14 18:32:36.066775 Victor: Uniform, sending you 3
2024-10-14 18:32:36.067797 Golf: Oscar, sending you 1
2024-10-14 18:32:36.068498 Lima: Tango, Oscar, Bravo and Yankee, sending you 3
2024-10-14 18:32:36.070335 Uniform: Alpha, sending you 3
2024-10-14 18:32:36.071124 Oscar: Golf, sending you 1
2024-10-14 18:32:36.073050 Victor: Alpha, sending you 2
2024-10-14 18:32:36.073497 Mike: Victor, sending you 8
2024-10-14 18:32:36.073926 Lima: Golf and Alpha, sending you 2
2024-10-14 18:32:36.078772 Victor: Mike, sending you 6
2024-10-14 18:32:36.079777 Oscar: Bravo, sending you 4
chatterbot Alpha submitting transactions
chatterbot Tango submitting transactions
chatterbot Uniform submitting transactions
chatterbot Mike submitting transactions
chatterbot Yankee submitting transactions
chatterbot Bravo submitting transactions
chatterbot Victor submitting transactions
chatterbot Lima submitting transactions
chatterbot Golf submitting transactions
chatterbot Oscar submitting transactions
ChatterBot Tango round 8
ChatterBot Golf round 8
ChatterBot Uniform round 8
ChatterBot Oscar round 8
ChatterBot Victor round 8
ChatterBot Alpha round 8
ChatterBot Bravo round 8
ChatterBot Mike round 8
ChatterBot Yankee round 8
ChatterBot Lima round 8
2024-10-14 18:32:37.236970 Alpha: We should add Uniform
ChatterBot Tango reevaluating
ChatterBot Lima reevaluating
2024-10-14 18:32:37.252174 Bravo: No
2024-10-14 18:32:37.252338 Tango: Yes
2024-10-14 18:32:37.252480 Golf: Yes
2024-10-14 18:32:37.252607 Oscar: No
2024-10-14 18:32:37.252743 Yankee: No
2024-10-14 18:32:37.252863 Lima: Yes
ChatterBot Tango reevaluating
ChatterBot Alpha reevaluating
ChatterBot Lima reevaluating
ChatterBot Alpha reevaluating
ChatterBot Lima reevaluating
ChatterBot Tango reevaluating
ChatterBot Alpha reevaluating
ChatterBot Lima reevaluating
ChatterBot Tango reevaluating
ChatterBot Alpha reevaluating
ChatterBot Lima reevaluating
ChatterBot Tango reevaluating
ChatterBot Alpha reevaluating
ChatterBot Lima reevaluating
ChatterBot Tango reevaluating
ChatterBot Alpha reevaluating
2024-10-14 18:32:37.436690 Oscar: Tango, Bravo, Yankee and Lima, sending you 3
2024-10-14 18:32:37.441698 Bravo: Same as last round
2024-10-14 18:32:37.442782 Oscar: Golf, sending you 1
2024-10-14 18:32:37.444095 Mike: Uniform and Alpha, sending you 4
2024-10-14 18:32:37.446115 Uniform: Golf, sending you 7
2024-10-14 18:32:37.447709 Golf: Tango, Alpha, Bravo, Yankee and Lima, sending you 2
2024-10-14 18:32:37.449509 Oscar: Alpha, sending you 4
2024-10-14 18:32:37.450978 Mike: Victor, sending you 8
2024-10-14 18:32:37.452124 Yankee: Tango, Oscar, Alpha, Bravo and Lima, sending you 3
2024-10-14 18:32:37.453111 Uniform: Oscar, Alpha and Lima, sending you 2
2024-10-14 18:32:37.454062 Golf: Uniform, sending you 3
2024-10-14 18:32:37.456682 Yankee: Golf, sending you 2
2024-10-14 18:32:37.458822 Victor: Uniform, sending you 3
2024-10-14 18:32:37.459637 Uniform: Bravo, sending you 1
2024-10-14 18:32:37.461665 Golf: Oscar, sending you 1
2024-10-14 18:32:37.463495 Lima: Tango, Oscar, Bravo and Yankee, sending you 3
2024-10-14 18:32:37.465222 Victor: Alpha, sending you 2
2024-10-14 18:32:37.468668 Victor: Mike, sending you 6
2024-10-14 18:32:37.469691 Lima: Golf and Alpha, sending you 2
chatterbot Uniform submitting transactions
chatterbot Tango submitting transactions
chatterbot Victor submitting transactions
chatterbot Oscar submitting transactions
chatterbot Mike submitting transactions
chatterbot Golf submitting transactions
chatterbot Lima submitting transactions
chatterbot Alpha submitting transactions
chatterbot Yankee submitting transactions
chatterbot Bravo submitting transactions
ChatterBot Tango round 9
ChatterBot Golf round 9
ChatterBot Uniform round 9
ChatterBot Oscar round 9
ChatterBot Victor round 9
ChatterBot Alpha round 9
ChatterBot Bravo round 9
ChatterBot Mike round 9
ChatterBot Yankee round 9
ChatterBot Lima round 9
2024-10-14 18:32:38.742727 Bravo: Same as last round
2024-10-14 18:32:38.743810 Mike: Uniform and Alpha, sending you 4
2024-10-14 18:32:38.746692 Victor: Uniform, sending you 3
2024-10-14 18:32:38.747277 Golf: Tango, Alpha, Bravo, Yankee and Lima, sending you 2
2024-10-14 18:32:38.748488 Mike: Victor, sending you 8
2024-10-14 18:32:38.750687 Oscar: Tango, Bravo, Yankee and Lima, sending you 3
2024-10-14 18:32:38.756044 Lima: Tango, Oscar, Bravo and Yankee, sending you 3
2024-10-14 18:32:38.757149 Victor: Alpha, sending you 2
2024-10-14 18:32:38.758730 Golf: Uniform, sending you 3
2024-10-14 18:32:38.759820 Oscar: Golf, sending you 1
2024-10-14 18:32:38.762509 Lima: Golf and Alpha, sending you 2
2024-10-14 18:32:38.763611 Victor: Mike, sending you 6
2024-10-14 18:32:38.768258 Uniform: Golf, sending you 8
2024-10-14 18:32:38.769568 Golf: Oscar, sending you 1
2024-10-14 18:32:38.772130 Yankee: Tango, Oscar, Alpha, Bravo and Lima, sending you 3
2024-10-14 18:32:38.773420 Oscar: Alpha, sending you 4
2024-10-14 18:32:38.776187 Uniform: Alpha and Lima, sending you 3
2024-10-14 18:32:38.781239 Yankee: Golf, sending you 2
chatterbot Lima submitting transactions
chatterbot Tango submitting transactions
chatterbot Victor submitting transactions
chatterbot Yankee submitting transactions
chatterbot Oscar submitting transactions
chatterbot Bravo submitting transactions
chatterbot Golf submitting transactions
chatterbot Mike submitting transactions
chatterbot Uniform submitting transactions
chatterbot Alpha submitting transactions
ChatterBot Tango round 10
ChatterBot Golf round 10
ChatterBot Uniform round 10
ChatterBot Oscar round 10
ChatterBot Victor round 10
ChatterBot Alpha round 10
ChatterBot Bravo round 10
ChatterBot Mike round 10
ChatterBot Yankee round 10
ChatterBot Lima round 10
2024-10-14 18:32:39.922576 Bravo: We should add Uniform
ChatterBot Tango reevaluating
ChatterBot Oscar reevaluating
ChatterBot Alpha reevaluating
ChatterBot Yankee reevaluating
2024-10-14 18:32:39.939008 Tango: Yes
2024-10-14 18:32:39.939220 Golf: Yes
2024-10-14 18:32:39.939397 Oscar: Yes
2024-10-14 18:32:39.939919 Alpha: Yes
2024-10-14 18:32:39.940081 Yankee: Yes
2024-10-14 18:32:39.940209 Lima: No
ChatterBot Bravo reevaluating
ChatterBot Oscar reevaluating
ChatterBot Alpha reevaluating
ChatterBot Yankee reevaluating
ChatterBot Lima reevaluating
ChatterBot Bravo reevaluating
ChatterBot Tango reevaluating
ChatterBot Oscar reevaluating
ChatterBot Alpha reevaluating
ChatterBot Yankee reevaluating
ChatterBot Lima reevaluating
ChatterBot Bravo reevaluating
ChatterBot Tango reevaluating
ChatterBot Alpha reevaluating
ChatterBot Yankee reevaluating
ChatterBot Lima reevaluating
ChatterBot Bravo reevaluating
ChatterBot Tango reevaluating
ChatterBot Oscar reevaluating
ChatterBot Yankee reevaluating
ChatterBot Lima reevaluating
ChatterBot Bravo reevaluating
ChatterBot Tango reevaluating
ChatterBot Oscar reevaluating
ChatterBot Alpha reevaluating
ChatterBot Lima reevaluating
ChatterBot Bravo reevaluating
ChatterBot Tango reevaluating
ChatterBot Oscar reevaluating
ChatterBot Alpha reevaluating
ChatterBot Yankee reevaluating
2024-10-14 18:32:40.146879 Tango: Uniform we want you to join our group
2024-10-14 18:32:40.154870 Uniform: Yes
ChatterBot Tango reevaluating
ChatterBot Bravo reevaluating
2024-10-14 18:32:40.180320 Oscar: Uniform we want you to join our group
2024-10-14 18:32:40.186022 Uniform: Yes
ChatterBot Tango reevaluating
ChatterBot Bravo reevaluating
2024-10-14 18:32:40.210334 Alpha: Uniform we want you to join our group
2024-10-14 18:32:40.216396 Uniform: Yes
ChatterBot Tango reevaluating
ChatterBot Bravo reevaluating
2024-10-14 18:32:40.239374 Yankee: Uniform we want you to join our group
2024-10-14 18:32:40.247579 Uniform: Yes
ChatterBot Tango reevaluating
ChatterBot Bravo reevaluating
2024-10-14 18:32:40.288320 Lima: Uniform we want you to join our group
2024-10-14 18:32:40.293706 Uniform: Yes
ChatterBot Tango reevaluating
ChatterBot Bravo reevaluating
2024-10-14 18:32:40.322238 Uniform: Golf, sending you 10
2024-10-14 18:32:40.323109 Golf: Tango, Alpha, Bravo, Yankee and Lima, sending you 2
2024-10-14 18:32:40.324533 Victor: Uniform, sending you 3
2024-10-14 18:32:40.326695 Bravo: Uniform we want you to join our group
2024-10-14 18:32:40.332550 Uniform: Yes
ChatterBot Tango reevaluating
ChatterBot Bravo reevaluating
2024-10-14 18:32:40.356146 Uniform: Alpha, sending you 4
