ChatterBot Foxtrot round 1
ChatterBot Zulu round 1
ChatterBot Delta round 1
randomSelections Zulu: {Zulu, Delta, Bravo, Sierra} 
2024-10-14 18:32:24.403294 Zulu: We would work well together
ChatterBot Delta reevaluating
2024-10-14 18:32:24.405564 Delta: Yes
ChatterBot Whiskey round 1
ChatterBot Bravo round 1
ChatterBot Bravo reevaluating
ChatterBot Bravo reevaluating
2024-10-14 18:32:24.411423 Bravo: Yes
ChatterBot Delta reevaluating
ChatterBot Echo round 1
ChatterBot November round 1
ChatterBot Victor round 1
ChatterBot Sierra round 1
ChatterBot Sierra reevaluating
ChatterBot Sierra reevaluating
ChatterBot Sierra reevaluating
2024-10-14 18:32:24.422816 Sierra: Yes
ChatterBot Delta reevaluating
ChatterBot Bravo reevaluating
ChatterBot Charlie round 1
randomSelections Foxtrot: {Foxtrot, Whiskey, Zulu, Charlie, November, Delta} 
2024-10-14 18:32:24.433584 Foxtrot: We should group up
ChatterBot Whiskey reevaluating
ChatterBot Charlie reevaluating
ChatterBot November reevaluating
ChatterBot Delta reevaluating
2024-10-14 18:32:24.441664 Whiskey: Yes
2024-10-14 18:32:24.441797 Zulu: No
2024-10-14 18:32:24.441954 Charlie: Yes
2024-10-14 18:32:24.442474 November: Yes
2024-10-14 18:32:24.442623 Delta: No
ChatterBot Charlie reevaluating
ChatterBot November reevaluating
ChatterBot Delta reevaluating
ChatterBot Whiskey reevaluating
ChatterBot Charlie reevaluating
ChatterBot November reevaluating
ChatterBot Delta reevaluating
ChatterBot Whiskey reevaluating
ChatterBot November reevaluating
ChatterBot Delta reevaluating
ChatterBot Whiskey reevaluating
ChatterBot Charlie reevaluating
ChatterBot Delta reevaluating
ChatterBot Whiskey reevaluating
ChatterBot Charlie reevaluating
ChatterBot November reevaluating
randomSelections Echo: {Echo, Delta, Victor, Whiskey, Sierra, Charlie, November} 
2024-10-14 18:32:24.505205 Echo: Let's form a team
ChatterBot Delta reevaluating
ChatterBot Victor reevaluating
ChatterBot Whiskey reevaluating
ChatterBot Sierra reevaluating
ChatterBot Charlie reevaluating
ChatterBot November reevaluating
2024-10-14 18:32:24.515005 Delta: No
2024-10-14 18:32:24.515237 Victor: Yes
2024-10-14 18:32:24.515341 Whiskey: No
2024-10-14 18:32:24.515506 Sierra: No
2024-10-14 18:32:24.516143 Charlie: No
2024-10-14 18:32:24.516326 November: No
ChatterBot Victor reevaluating
ChatterBot Whiskey reevaluating
ChatterBot Sierra reevaluating
ChatterBot Charlie reevaluating
ChatterBot November reevaluating
ChatterBot Delta reevaluating
ChatterBot Whiskey reevaluating
ChatterBot Sierra reevaluating
ChatterBot Charlie reevaluating
ChatterBot November reevaluating
ChatterBot Delta reevaluating
ChatterBot Victor reevaluating
ChatterBot Sierra reevaluating
ChatterBot Charlie reevaluating
ChatterBot November reevaluating
ChatterBot Delta reevaluating
ChatterBot Victor reevaluating
ChatterBot Whiskey reevaluating
ChatterBot Charlie reevaluating
ChatterBot November reevaluating
ChatterBot Delta reevaluating
ChatterBot Victor reevaluating
ChatterBot Whiskey reevaluating
ChatterBot Sierra reevaluating
ChatterBot November reevaluating
ChatterBot Delta reevaluating
ChatterBot Victor reevaluating
ChatterBot Whiskey reevaluating
ChatterBot Sierra reevaluating
ChatterBot Charlie reevaluating
2024-10-14 18:32:24.605927 Zulu: Delta, sending you 2
2024-10-14 18:32:24.610665 Zulu: Bravo, sending you 4
2024-10-14 18:32:24.611715 Whiskey: Foxtrot, sending you 6
2024-10-14 18:32:24.612852 Foxtrot: Zulu and Charlie, sending you 3
2024-10-14 18:32:24.613207 Echo: Delta and Whiskey, sending you 2
2024-10-14 18:32:24.615165 Whiskey: Zulu and Delta, sending you 1
2024-10-14 18:32:24.616444 Zulu: Sierra, sending you 8
2024-10-14 18:32:24.616771 Victor: Delta, Echo and Charlie, sending you 2
2024-10-14 18:32:24.617081 Foxtrot: Delta, sending you 1
2024-10-14 18:32:24.618729 Charlie: Foxtrot, sending you 1
2024-10-14 18:32:24.619027 Echo: Charlie, sending you 1
2024-10-14 18:32:24.619393 Bravo: Zulu and Sierra, sending you 3
2024-10-14 18:32:24.619649 Delta: Zulu, sending you 7
2024-10-14 18:32:24.620643 Sierra: Zulu and Delta, sending you 4
2024-10-14 18:32:24.620997 Whiskey: November, sending you 2
2024-10-14 18:32:24.621367 November: Foxtrot and Zulu, sending you 1
2024-10-14 18:32:24.621739 Victor: Whiskey and Sierra, sending you 1
2024-10-14 18:32:24.622760 Foxtrot: Whiskey, sending you 4
2024-10-14 18:32:24.623834 Charlie: Zulu and Whiskey, sending you 3
2024-10-14 18:32:24.625085 Sierra: Bravo, sending you 6
2024-10-14 18:32:24.625465 Bravo: Delta, sending you 1
2024-10-14 18:32:24.625793 Delta: Bravo and Sierra, sending you 3
2024-10-14 18:32:24.627077 Whiskey: Charlie, sending you 5
2024-10-14 18:32:24.627608 November: Whiskey, sending you 4
2024-10-14 18:32:24.628060 Foxtrot: November, sending you 5
2024-10-14 18:32:24.630006 Charlie: Delta and November, sending you 2
chatterbot Zulu submitting transactions
chatterbot Delta submitting transactions
chatterbot Foxtrot submitting transactions
chatterbot Echo submitting transactions
chatterbot Bravo submitting transactions
chatterbot Whiskey submitting transactions
chatterbot Charlie submitting transactions
chatterbot Sierra submitting transactions
chatterbot Victor submitting transactions
chatterbot November submitting transactions
ChatterBot Foxtrot round 2
ChatterBot Zulu round 2
ChatterBot Delta round 2
ChatterBot Whiskey round 2
ChatterBot Bravo round 2
ChatterBot Echo round 2
ChatterBot November round 2
ChatterBot Victor round 2
ChatterBot Sierra round 2
ChatterBot Charlie round 2
2024-10-14 18:32:26.521690 Echo: Friends?
ChatterBot Victor reevaluating
ChatterBot November reevaluating
2024-10-14 18:32:26.530071 Victor: No
2024-10-14 18:32:26.530344 November: No
ChatterBot November reevaluating
ChatterBot Victor reevaluating
2024-10-14 18:32:26.549674 Charlie: Friends?
ChatterBot Whiskey reevaluating
ChatterBot November reevaluating
ChatterBot Echo reevaluating
ChatterBot Victor reevaluating
2024-10-14 18:32:26.573432 Foxtrot: No
2024-10-14 18:32:26.573688 Whiskey: Yes
2024-10-14 18:32:26.573940 November: Yes
2024-10-14 18:32:26.574065 Echo: No
2024-10-14 18:32:26.574962 Victor: Yes
ChatterBot Whiskey reevaluating
ChatterBot November reevaluating
ChatterBot Echo reevaluating
ChatterBot Victor reevaluating
ChatterBot November reevaluating
ChatterBot Echo reevaluating
ChatterBot Victor reevaluating
ChatterBot Whiskey reevaluating
ChatterBot Echo reevaluating
ChatterBot Victor reevaluating
ChatterBot Foxtrot reevaluating
ChatterBot Whiskey reevaluating
ChatterBot November reevaluating
ChatterBot Victor reevaluating
ChatterBot Foxtrot reevaluating
2024-10-14 18:32:26.659991 Whiskey: We should group up
ChatterBot Whiskey reevaluating
ChatterBot November reevaluating
ChatterBot Echo reevaluating
ChatterBot Foxtrot reevaluating
ChatterBot November reevaluating
ChatterBot Echo reevaluating
ChatterBot Victor reevaluating
2024-10-14 18:32:26.700059 Charlie: Yes
2024-10-14 18:32:26.700327 Foxtrot: No
2024-10-14 18:32:26.700507 November: Yes
2024-10-14 18:32:26.700745 Echo: Yes
2024-10-14 18:32:26.700919 Victor: Yes
ChatterBot Foxtrot reevaluating
ChatterBot Whiskey reevaluating
ChatterBot November reevaluating
ChatterBot Echo reevaluating
ChatterBot Victor reevaluating
ChatterBot Whiskey reevaluating
ChatterBot November reevaluating
ChatterBot Echo reevaluating
ChatterBot Victor reevaluating
ChatterBot Foxtrot reevaluating
ChatterBot Whiskey reevaluating
ChatterBot Echo reevaluating
ChatterBot Victor reevaluating
ChatterBot Foxtrot reevaluating
ChatterBot Whiskey reevaluating
ChatterBot November reevaluating
ChatterBot Victor reevaluating
ChatterBot Foxtrot reevaluating
ChatterBot Whiskey reevaluating
ChatterBot November reevaluating
ChatterBot Echo reevaluating
2024-10-14 18:32:26.821046 Delta: We should add Victor
ChatterBot Sierra reevaluating
2024-10-14 18:32:26.833703 Zulu: No
2024-10-14 18:32:26.833957 Bravo: No
2024-10-14 18:32:26.834138 Sierra: Yes
ChatterBot Delta reevaluating
ChatterBot Sierra reevaluating
ChatterBot Delta reevaluating
ChatterBot Sierra reevaluating
ChatterBot Delta reevaluating
2024-10-14 18:32:26.872850 Sierra: We should add Echo and Victor
ChatterBot Delta reevaluating
2024-10-14 18:32:26.885035 Zulu: No
2024-10-14 18:32:26.885237 Delta: No
2024-10-14 18:32:26.885383 Bravo: No
ChatterBot Delta reevaluating
ChatterBot Sierra reevaluating
ChatterBot Sierra reevaluating
ChatterBot Delta reevaluating
ChatterBot Sierra reevaluating
2024-10-14 18:32:26.953690 Sierra: Echo and Victor we want you to join our group
2024-10-14 18:32:26.960595 Echo: No
2024-10-14 18:32:26.960847 Victor: No
ChatterBot Delta reevaluating
ChatterBot Victor reevaluating
ChatterBot Sierra reevaluating
ChatterBot Delta reevaluating
2024-10-14 18:32:27.576960 Echo: Victor, sending you 4
2024-10-14 18:32:27.577642 Zulu: Delta, sending you 6
2024-10-14 18:32:27.577890 Charlie: Foxtrot, Echo, November and Victor, sending you 2
2024-10-14 18:32:27.578132 Whiskey: Foxtrot, sending you 5
chatterbot Charlie submitting transactions
2024-10-14 18:32:27.895688 Zulu: Bravo and Sierra, sending you 4
2024-10-14 18:32:27.896822 Whiskey: Echo, sending you 2
2024-10-14 18:32:27.897550 November: Foxtrot, sending you 6
2024-10-14 18:32:27.898476 Foxtrot: Whiskey, sending you 7
2024-10-14 18:32:27.898982 Charlie: Whiskey, sending you 3
chatterbot Foxtrot submitting transactions
chatterbot Echo submitting transactions
chatterbot Bravo submitting transactions
2024-10-14 18:32:28.003471 Whiskey: November, sending you 4
2024-10-14 18:32:28.003861 Foxtrot: Echo, sending you 2
2024-10-14 18:32:28.004145 November: Whiskey and Charlie, sending you 3
2024-10-14 18:32:28.004608 Sierra: Zulu, sending you 6
2024-10-14 18:32:28.005325 Delta: Zulu, Echo and Victor, sending you 3
chatterbot Zulu submitting transactions
2024-10-14 18:32:28.030573 Whiskey: Victor, sending you 1
2024-10-14 18:32:28.031454 November: Echo and Victor, sending you 1
2024-10-14 18:32:28.031817 Sierra: Delta and Bravo, sending you 3
2024-10-14 18:32:28.032152 Foxtrot: November and Charlie, sending you 3
2024-10-14 18:32:28.033082 Delta: Bravo, sending you 2
2024-10-14 18:32:28.043050 Whiskey: Charlie, sending you 3
2024-10-14 18:32:28.043556 Sierra: Victor, sending you 2
2024-10-14 18:32:28.044296 Delta: Sierra, sending you 4
2024-10-14 18:32:28.044721 Foxtrot: Victor, sending you 1
chatterbot Victor submitting transactions
chatterbot Sierra submitting transactions
chatterbot Whiskey submitting transactions
chatterbot November submitting transactions
chatterbot Delta submitting transactions
ChatterBot Foxtrot round 3
ChatterBot Zulu round 3
ChatterBot Delta round 3
ChatterBot Whiskey round 3
ChatterBot Bravo round 3
ChatterBot Echo round 3
ChatterBot November round 3
ChatterBot Victor round 3
ChatterBot Sierra round 3
ChatterBot Charlie round 3
2024-10-14 18:32:28.994041 Sierra: We should add Echo
ChatterBot Delta reevaluating
ChatterBot Victor reevaluating
2024-10-14 18:32:29.047131 Zulu: No
2024-10-14 18:32:29.047871 Delta: No
2024-10-14 18:32:29.048161 Bravo: No
2024-10-14 18:32:29.048579 Victor: Yes
ChatterBot Sierra reevaluating
ChatterBot Delta reevaluating
ChatterBot Victor reevaluating
ChatterBot Sierra reevaluating
ChatterBot Zulu reevaluating
ChatterBot Victor reevaluating
ChatterBot Sierra reevaluating
ChatterBot Zulu reevaluating
ChatterBot Delta reevaluating
ChatterBot Victor reevaluating
ChatterBot Sierra reevaluating
ChatterBot Zulu reevaluating
ChatterBot Delta reevaluating
chatterbot Bravo submitting transactions
2024-10-14 18:32:29.297101 Echo: Foxtrot, Whiskey, November, Victor and Charlie, sending you 1
2024-10-14 18:32:29.297645 Delta: Zulu, sending you 7
2024-10-14 18:32:29.298431 November: Foxtrot, sending you 3
2024-10-14 18:32:29.298749 Whiskey: Foxtrot, sending you 5
2024-10-14 18:32:29.299122 Victor: Sending you 8
2024-10-14 18:32:29.299311 Foxtrot: Whiskey, sending you 1
2024-10-14 18:32:29.299957 Foxtrot: I was attacked by Bravo
ChatterBot Charlie reevaluating
ChatterBot Whiskey reevaluating
ChatterBot November reevaluating
ChatterBot Echo reevaluating
ChatterBot Victor reevaluating
2024-10-14 18:32:29.323835 Foxtrot: Ow
2024-10-14 18:32:29.326654 Delta: Bravo, sending you 3
2024-10-14 18:32:29.343305 Zulu: Delta, sending you 5
2024-10-14 18:32:29.344637 Sierra: Zulu, sending you 6
2024-10-14 18:32:29.345141 Delta: Sierra, sending you 5
2024-10-14 18:32:29.357126 Zulu: Bravo, sending you 3
2024-10-14 18:32:29.358286 Sierra: Delta, sending you 4
2024-10-14 18:32:29.374957 Zulu: Sierra, sending you 6
2024-10-14 18:32:29.376369 Charlie: Foxtrot, Echo, November and Victor, sending you 2
2024-10-14 18:32:29.376940 Victor: Foxtrot, Whiskey and November, sending you 1
2024-10-14 18:32:29.377478 Sierra: Bravo and Victor, sending you 2
2024-10-14 18:32:29.379822 November: Foxtrot, sending you 5
2024-10-14 18:32:29.381123 Victor: Echo, sending you 3
2024-10-14 18:32:29.381854 Charlie: Whiskey, sending you 3
2024-10-14 18:32:29.385725 November: Whiskey, sending you 4
2024-10-14 18:32:29.386324 Victor: Charlie, sending you 2
2024-10-14 18:32:29.399025 November: Echo and Victor, sending you 1
2024-10-14 18:32:29.406775 November: Charlie, sending you 3
chatterbot Sierra submitting transactions
chatterbot Zulu submitting transactions
chatterbot Delta submitting transactions
chatterbot November submitting transactions
chatterbot Charlie submitting transactions
chatterbot Echo submitting transactions
chatterbot Whiskey submitting transactions
chatterbot November submitting transactions
chatterbot Foxtrot submitting transactions
chatterbot Victor submitting transactions
ChatterBot Foxtrot round 4
ChatterBot Zulu round 4
ChatterBot Delta round 4
ChatterBot Whiskey round 4
ChatterBot Bravo round 4
ChatterBot Echo round 4
ChatterBot November round 4
ChatterBot Victor round 4
ChatterBot Sierra round 4
ChatterBot Charlie round 4
2024-10-14 18:32:30.738212 Sierra: We should replace Victor with November
2024-10-14 18:32:30.748821 Zulu: No
2024-10-14 18:32:30.749381 Delta: No
2024-10-14 18:32:30.749499 Bravo: No
ChatterBot Sierra reevaluating
ChatterBot Sierra reevaluating
2024-10-14 18:32:30.782645 Zulu: We should drop Bravo
ChatterBot Delta reevaluating
ChatterBot Sierra reevaluating
2024-10-14 18:32:30.790958 Delta: No
2024-10-14 18:32:30.791062 Sierra: No
ChatterBot Zulu reevaluating
ChatterBot Sierra reevaluating
ChatterBot Zulu reevaluating
ChatterBot Delta reevaluating
2024-10-14 18:32:30.808858 Sierra: We should replace Victor with Whiskey
ChatterBot Zulu reevaluating
ChatterBot Delta reevaluating
2024-10-14 18:32:30.819997 Zulu: No
2024-10-14 18:32:30.820646 Delta: Yes
2024-10-14 18:32:30.820779 Bravo: No
ChatterBot Delta reevaluating
ChatterBot Sierra reevaluating
ChatterBot Zulu reevaluating
ChatterBot Sierra reevaluating
ChatterBot Zulu reevaluating
ChatterBot Delta reevaluating
ChatterBot Sierra reevaluating
2024-10-14 18:32:30.857076 November: I was attacked by Bravo
ChatterBot Charlie reevaluating
ChatterBot Foxtrot reevaluating
ChatterBot Whiskey reevaluating
ChatterBot Echo reevaluating
ChatterBot Victor reevaluating
2024-10-14 18:32:30.877425 November: I'm keeping this round to protect myself
2024-10-14 18:32:30.878828 November: Ow
2024-10-14 18:32:30.879255 Sierra: Whiskey we want you to join our group
ChatterBot Whiskey reevaluating
2024-10-14 18:32:30.883494 Whiskey: No
ChatterBot Sierra reevaluating
ChatterBot Zulu reevaluating
ChatterBot Delta reevaluating
2024-10-14 18:32:30.985265 Victor: Foxtrot, Whiskey and November, sending you 1
2024-10-14 18:32:30.985952 Foxtrot: Whiskey, sending you 5
2024-10-14 18:32:30.986386 Charlie: Foxtrot, Echo, November and Victor, sending you 2
2024-10-14 18:32:30.990709 Echo: Whiskey, November and Charlie, sending you 1
2024-10-14 18:32:30.991233 Foxtrot: Echo, sending you 1
2024-10-14 18:32:30.992506 Victor: Echo, sending you 3
2024-10-14 18:32:31.109697 Charlie: Whiskey, sending you 3
2024-10-14 18:32:31.110537 Sierra: Zulu, sending you 6
2024-10-14 18:32:31.111586 Foxtrot: November, sending you 4
2024-10-14 18:32:31.112188 Echo: Victor, sending you 2
2024-10-14 18:32:31.113301 Delta: Zulu and Sierra, sending you 6
2024-10-14 18:32:31.113978 Victor: Charlie, sending you 2
chatterbot Bravo submitting transactions
2024-10-14 18:32:31.115561 Sierra: Delta, sending you 4
2024-10-14 18:32:31.116778 Foxtrot: Victor, sending you 2
2024-10-14 18:32:31.129517 Delta: Bravo, sending you 3
2024-10-14 18:32:31.130164 Zulu: Sending you each 7
2024-10-14 18:32:31.131144 Sierra: Bravo and Victor, sending you 2
2024-10-14 18:32:31.131803 Foxtrot: Charlie, sending you 3
chatterbot Charlie submitting transactions
chatterbot Victor submitting transactions
chatterbot Echo submitting transactions
chatterbot Zulu submitting transactions
chatterbot Sierra submitting transactions
chatterbot Whiskey submitting transactions
chatterbot Foxtrot submitting transactions
chatterbot November submitting transactions
chatterbot Delta submitting transactions
ChatterBot Foxtrot round 5
ChatterBot Zulu round 5
ChatterBot Delta round 5
ChatterBot Whiskey round 5
ChatterBot Bravo round 5
ChatterBot Echo round 5
ChatterBot November round 5
ChatterBot Victor round 5
ChatterBot Sierra round 5
ChatterBot Charlie round 5
2024-10-14 18:32:32.024433 Zulu: We should add Bravo
ChatterBot Delta reevaluating
ChatterBot Sierra reevaluating
2024-10-14 18:32:32.038747 Delta: Yes
2024-10-14 18:32:32.039076 Sierra: Yes
ChatterBot Sierra reevaluating
ChatterBot Zulu reevaluating
ChatterBot Delta reevaluating
2024-10-14 18:32:32.055974 Sierra: We should replace Victor with Foxtrot
ChatterBot Zulu reevaluating
ChatterBot Delta reevaluating
2024-10-14 18:32:32.067844 Zulu: No
2024-10-14 18:32:32.068117 Delta: No
2024-10-14 18:32:32.068487 Bravo: No
ChatterBot Delta reevaluating
ChatterBot Sierra reevaluating
ChatterBot Zulu reevaluating
ChatterBot Sierra reevaluating
ChatterBot Zulu reevaluating
ChatterBot Delta reevaluating
ChatterBot Sierra reevaluating
2024-10-14 18:32:32.131662 Echo: We should drop Foxtrot
ChatterBot Whiskey reevaluating
2024-10-14 18:32:32.149863 Whiskey: No
2024-10-14 18:32:32.150018 November: No
2024-10-14 18:32:32.150141 Charlie: No
2024-10-14 18:32:32.150261 Victor: No
ChatterBot Charlie reevaluating
ChatterBot Whiskey reevaluating
ChatterBot Charlie reevaluating
ChatterBot Echo reevaluating
ChatterBot Whiskey reevaluating
ChatterBot Echo reevaluating
ChatterBot Whiskey reevaluating
ChatterBot Charlie reevaluating
2024-10-14 18:32:32.229688 Zulu: Bravo we want you to join our group
2024-10-14 18:32:32.233485 Bravo: Yes
ChatterBot Zulu reevaluating
ChatterBot Delta reevaluating
ChatterBot Sierra reevaluating
2024-10-14 18:32:32.249681 Sierra: We should replace Victor with Charlie
ChatterBot Zulu reevaluating
ChatterBot Delta reevaluating
2024-10-14 18:32:32.266759 Zulu: No
2024-10-14 18:32:32.266942 Delta: No
2024-10-14 18:32:32.267119 Bravo: No
ChatterBot Delta reevaluating
ChatterBot Sierra reevaluating
ChatterBot Zulu reevaluating
ChatterBot Sierra reevaluating
ChatterBot Zulu reevaluating
ChatterBot Delta reevaluating
ChatterBot Sierra reevaluating
2024-10-14 18:32:32.322884 Sierra: Foxtrot we want you to join our group
2024-10-14 18:32:32.328935 Foxtrot: No
ChatterBot Sierra reevaluating
ChatterBot Zulu reevaluating
2024-10-14 18:32:32.350567 Bravo: Zulu and Delta, sending you 2
2024-10-14 18:32:32.351519 Foxtrot: Whiskey, sending you 5
2024-10-14 18:32:32.352087 Echo: Foxtrot, Whiskey and Charlie, sending you 1
2024-10-14 18:32:32.354678 Bravo: Sierra, sending you 3
2024-10-14 18:32:32.355670 Foxtrot: Echo and Victor, sending you 2
2024-10-14 18:32:32.356300 Echo: Victor, sending you 2
2024-10-14 18:32:32.356884 Delta: Zulu, sending you 7
2024-10-14 18:32:32.357771 Charlie: Foxtrot, Echo, November and Victor, sending you 2
2024-10-14 18:32:32.360245 Sierra: Charlie we want you to join our group
ChatterBot Charlie reevaluating
2024-10-14 18:32:32.367871 Charlie: No
ChatterBot Zulu reevaluating
2024-10-14 18:32:32.387655 Foxtrot: November, sending you 4
2024-10-14 18:32:32.388254 Delta: Bravo, sending you 3
2024-10-14 18:32:32.391683 Foxtrot: Charlie, sending you 3
2024-10-14 18:32:32.392275 Delta: Sierra, sending you 5
2024-10-14 18:32:32.395813 Charlie: Delta we want you to join our group
2024-10-14 18:32:32.399407 Delta: No
ChatterBot Charlie reevaluating
ChatterBot Whiskey reevaluating
2024-10-14 18:32:32.429354 Sierra: Zulu, sending you 6
2024-10-14 18:32:32.432948 Charlie: We should drop Delta
ChatterBot Whiskey reevaluating
2024-10-14 18:32:32.467264 Foxtrot: Yes
2024-10-14 18:32:32.467491 Whiskey: Yes
2024-10-14 18:32:32.467687 November: Yes
2024-10-14 18:32:32.467862 Echo: Yes
2024-10-14 18:32:32.468023 Victor: Yes
ChatterBot Charlie reevaluating
ChatterBot Whiskey reevaluating
ChatterBot Charlie reevaluating
ChatterBot Charlie reevaluating
ChatterBot Whiskey reevaluating
ChatterBot Charlie reevaluating
ChatterBot Whiskey reevaluating
ChatterBot Charlie reevaluating
ChatterBot Whiskey reevaluating
2024-10-14 18:32:32.559866 Sierra: Delta, sending you 5
2024-10-14 18:32:32.562899 Zulu: Delta and Sierra, sending you 6
2024-10-14 18:32:32.563670 Sierra: Bravo, sending you 2
2024-10-14 18:32:32.565833 Zulu: Bravo, sending you 2
2024-10-14 18:32:32.567672 Sierra: Charlie, sending you 1
chatterbot Foxtrot submitting transactions
chatterbot Echo submitting transactions
chatterbot Whiskey submitting transactions
chatterbot Zulu submitting transactions
chatterbot November submitting transactions
chatterbot Sierra submitting transactions
chatterbot Victor submitting transactions
chatterbot Bravo submitting transactions
chatterbot Charlie submitting transactions
chatterbot Delta submitting transactions
ChatterBot Foxtrot round 6
ChatterBot Zulu round 6
ChatterBot Delta round 6
ChatterBot Whiskey round 6
ChatterBot Bravo round 6
ChatterBot Echo round 6
ChatterBot November round 6
ChatterBot Victor round 6
ChatterBot Sierra round 6
ChatterBot Charlie round 6
2024-10-14 18:32:33.608659 Zulu: Delta and Sierra, sending you 6
2024-10-14 18:32:33.612656 Zulu: Bravo, sending you 2
2024-10-14 18:32:33.613123 Delta: Zulu, sending you 6
2024-10-14 18:32:33.613679 Foxtrot: Whiskey, sending you 6
2024-10-14 18:32:33.614700 Bravo: Zulu and Sierra, sending you 2
2024-10-14 18:32:33.615187 November: Foxtrot and Whiskey, sending you 2
2024-10-14 18:32:33.615728 Delta: Bravo, sending you 3
2024-10-14 18:32:33.617703 Foxtrot: Echo and Victor, sending you 2
2024-10-14 18:32:33.618657 Bravo: Delta, sending you 3
2024-10-14 18:32:33.622591 Bravo: I was attacked by Victor
ChatterBot Zulu reevaluating
ChatterBot Delta reevaluating
ChatterBot Sierra reevaluating
2024-10-14 18:32:33.688573 Bravo: Ow
2024-10-14 18:32:33.689835 November: Charlie, sending you 1
2024-10-14 18:32:33.691439 Echo: Foxtrot, Whiskey and Victor, sending you 1
2024-10-14 18:32:33.692560 Foxtrot: November and Charlie, sending you 3
2024-10-14 18:32:33.694363 Charlie: Foxtrot, Echo, November and Victor, sending you 2
2024-10-14 18:32:33.695556 Echo: Charlie, sending you 2
2024-10-14 18:32:33.697665 Charlie: Whiskey, sending you 3
2024-10-14 18:32:33.699816 Victor: Foxtrot, Echo and Charlie, sending you 2
2024-10-14 18:32:33.703682 Victor: Whiskey and November, sending you 1
2024-10-14 18:32:33.721687 Sierra: Zulu, sending you 6
2024-10-14 18:32:33.725799 Sierra: Delta, sending you 4
2024-10-14 18:32:33.729658 Sierra: Bravo and Charlie, sending you 2
chatterbot Charlie submitting transactions
chatterbot Victor submitting transactions
chatterbot Echo submitting transactions
chatterbot Bravo submitting transactions
chatterbot November submitting transactions
chatterbot Sierra submitting transactions
chatterbot Zulu submitting transactions
chatterbot Whiskey submitting transactions
chatterbot Delta submitting transactions
chatterbot Foxtrot submitting transactions
ChatterBot Foxtrot round 7
ChatterBot Zulu round 7
ChatterBot Delta round 7
ChatterBot Whiskey round 7
ChatterBot Bravo round 7
ChatterBot Echo round 7
ChatterBot November round 7
ChatterBot Victor round 7
ChatterBot Sierra round 7
ChatterBot Charlie round 7
2024-10-14 18:32:34.735102 Charlie: We should add Sierra
2024-10-14 18:32:34.762124 Foxtrot: No
2024-10-14 18:32:34.762361 Whiskey: No
2024-10-14 18:32:34.762541 November: No
2024-10-14 18:32:34.762725 Echo: No
2024-10-14 18:32:34.762888 Victor: No
ChatterBot Charlie reevaluating
ChatterBot Charlie reevaluating
ChatterBot Charlie reevaluating
ChatterBot Charlie reevaluating
ChatterBot Charlie reevaluating
2024-10-14 18:32:34.960398 Bravo: I was attacked by November
ChatterBot Zulu reevaluating
ChatterBot Delta reevaluating
ChatterBot Sierra reevaluating
2024-10-14 18:32:34.973810 Bravo: I'm keeping this round to protect myself
2024-10-14 18:32:34.975765 Bravo: Ow
2024-10-14 18:32:34.981189 Victor: Foxtrot, Echo and Charlie, sending you 2
2024-10-14 18:32:34.983221 Echo: Foxtrot, Whiskey and Victor, sending you 1
2024-10-14 18:32:34.984822 November: Foxtrot and Whiskey, sending you 4
2024-10-14 18:32:34.985771 Foxtrot: Whiskey, sending you 5
2024-10-14 18:32:34.987493 Victor: Whiskey and November, sending you 1
2024-10-14 18:32:34.989088 Echo: Charlie, sending you 2
2024-10-14 18:32:34.990768 November: Echo, sending you 1
2024-10-14 18:32:34.995176 Foxtrot: Echo, sending you 2
2024-10-14 18:32:34.998228 November: Victor, sending you 2
2024-10-14 18:32:35.004166 Zulu: Delta, sending you 6
2024-10-14 18:32:35.005734 Foxtrot: November, Victor and Charlie, sending you 3
2024-10-14 18:32:35.007652 November: Charlie, sending you 3
2024-10-14 18:32:35.008930 Zulu: Bravo, sending you 3
2024-10-14 18:32:35.012713 Zulu: Sierra, sending you 5
2024-10-14 18:32:35.014187 Charlie: Foxtrot, Echo, November and Victor, sending you 2
2024-10-14 18:32:35.015837 Sierra: Zulu, sending you 5
2024-10-14 18:32:35.020679 Charlie: Whiskey, sending you 3
2024-10-14 18:32:35.022516 Sierra: Delta, sending you 4
2024-10-14 18:32:35.028002 Sierra: Bravo, sending you 3
2024-10-14 18:32:35.032884 Sierra: Charlie, sending you 2
chatterbot Victor submitting transactions
chatterbot Sierra submitting transactions
chatterbot Whiskey submitting transactions
chatterbot Foxtrot submitting transactions
chatterbot Delta submitting transactions
chatterbot Zulu submitting transactions
chatterbot Charlie submitting transactions
chatterbot November submitting transactions
chatterbot Bravo submitting transactions
chatterbot Echo submitting transactions
ChatterBot Foxtrot round 8
ChatterBot Zulu round 8
ChatterBot Delta round 8
ChatterBot Whiskey round 8
ChatterBot Bravo round 8
ChatterBot Echo round 8
ChatterBot November round 8
ChatterBot Victor round 8
ChatterBot Sierra round 8
ChatterBot Charlie round 8
2024-10-14 18:32:35.813415 Sierra: We should replace Charlie with Foxtrot
ChatterBot Zulu reevaluating
ChatterBot Delta reevaluating
2024-10-14 18:32:35.829728 Zulu: No
2024-10-14 18:32:35.829901 Delta: No
2024-10-14 18:32:35.830403 Bravo: No
ChatterBot Delta reevaluating
ChatterBot Zulu reevaluating
ChatterBot Zulu reevaluating
ChatterBot Delta reevaluating
2024-10-14 18:32:35.873919 Sierra: Foxtrot we want you to join our group
2024-10-14 18:32:35.876911 Foxtrot: No
ChatterBot Zulu reevaluating
ChatterBot Delta reevaluating
2024-10-14 18:32:35.889637 Foxtrot: Whiskey and November, sending you 4
2024-10-14 18:32:35.892672 Foxtrot: Echo, sending you 2
2024-10-14 18:32:35.893704 Echo: Foxtrot, Whiskey and Victor, sending you 1
2024-10-14 18:32:35.894742 Victor: Foxtrot, Echo and Charlie, sending you 2
2024-10-14 18:32:35.895676 Foxtrot: Victor and Charlie, sending you 3
2024-10-14 18:32:35.898736 November: Foxtrot and Whiskey, sending you 4
2024-10-14 18:32:35.899189 Victor: Whiskey and November, sending you 1
2024-10-14 18:32:35.899679 Echo: Charlie, sending you 2
2024-10-14 18:32:35.902669 Sierra: Foxtrot and Bravo, sending you 2
2024-10-14 18:32:35.903679 November: Echo, sending you 1
2024-10-14 18:32:35.907902 Sierra: Zulu, sending you 6
2024-10-14 18:32:35.908675 November: Victor, sending you 2
2024-10-14 18:32:35.912673 Charlie: Foxtrot, Echo, November and Victor, sending you 2
2024-10-14 18:32:35.913395 Sierra: Delta, sending you 4
2024-10-14 18:32:35.913754 Sierra: I was attacked by Whiskey
ChatterBot Zulu reevaluating
ChatterBot Delta reevaluating
ChatterBot Bravo reevaluating
ChatterBot Foxtrot reevaluating
2024-10-14 18:32:35.932593 Sierra: Ow
2024-10-14 18:32:35.933711 November: Charlie, sending you 3
2024-10-14 18:32:35.934332 Charlie: Whiskey, sending you 3
2024-10-14 18:32:35.960652 Zulu: Delta and Sierra, sending you 6
2024-10-14 18:32:35.963690 Zulu: Bravo, sending you 2
chatterbot Zulu submitting transactions
chatterbot Sierra submitting transactions
chatterbot November submitting transactions
chatterbot Whiskey submitting transactions
chatterbot Echo submitting transactions
chatterbot Victor submitting transactions
chatterbot Bravo submitting transactions
chatterbot Delta submitting transactions
chatterbot Foxtrot submitting transactions
chatterbot Charlie submitting transactions
ChatterBot Foxtrot round 9
ChatterBot Zulu round 9
ChatterBot Delta round 9
ChatterBot Whiskey round 9
ChatterBot Bravo round 9
ChatterBot Echo round 9
ChatterBot November round 9
ChatterBot Victor round 9
ChatterBot Sierra round 9
ChatterBot Charlie round 9
2024-10-14 18:32:36.953633 Sierra: We should replace Foxtrot with Charlie
ChatterBot Delta reevaluating
2024-10-14 18:32:36.962424 Zulu: No
2024-10-14 18:32:36.962595 Delta: No
2024-10-14 18:32:36.962739 Bravo: No
ChatterBot Delta reevaluating
ChatterBot Sierra reevaluating
ChatterBot Sierra reevaluating
ChatterBot Delta reevaluating
ChatterBot Sierra reevaluating
2024-10-14 18:32:37.018655 Bravo: Zulu and Sierra, sending you 2
2024-10-14 18:32:37.020716 Victor: Foxtrot, Echo and Charlie, sending you 2
2024-10-14 18:32:37.021686 Foxtrot: Whiskey and November, sending you 4
2024-10-14 18:32:37.022666 Bravo: Delta, sending you 3
2024-10-14 18:32:37.024696 Victor: Whiskey and November, sending you 1
2024-10-14 18:32:37.025675 Zulu: Delta, sending you 6
2024-10-14 18:32:37.026695 Foxtrot: Echo, sending you 2
2024-10-14 18:32:37.029657 Charlie: Foxtrot, sending you 3
2024-10-14 18:32:37.030332 Sierra: Foxtrot and Bravo, sending you 1
2024-10-14 18:32:37.030708 Echo: Foxtrot, Whiskey and Victor, sending you 1
2024-10-14 18:32:37.031298 Zulu: Bravo, sending you 2
2024-10-14 18:32:37.032059 Foxtrot: Victor and Charlie, sending you 3
2024-10-14 18:32:37.032847 Charlie: Whiskey, Echo, November and Victor, sending you 2
2024-10-14 18:32:37.034667 Sierra: Zulu, sending you 6
2024-10-14 18:32:37.035138 Echo: Charlie, sending you 2
2024-10-14 18:32:37.035749 Zulu: Sierra, sending you 5
2024-10-14 18:32:37.036667 November: Foxtrot, sending you 5
2024-10-14 18:32:37.038690 Sierra: Delta, sending you 4
2024-10-14 18:32:37.040661 November: Whiskey and Charlie, sending you 3
2024-10-14 18:32:37.044657 November: Echo, sending you 1
2024-10-14 18:32:37.049663 November: Victor, sending you 2
chatterbot Victor submitting transactions
chatterbot Foxtrot submitting transactions
chatterbot Echo submitting transactions
chatterbot Zulu submitting transactions
chatterbot Delta submitting transactions
chatterbot Sierra submitting transactions
chatterbot November submitting transactions
chatterbot Bravo submitting transactions
chatterbot Charlie submitting transactions
chatterbot Whiskey submitting transactions
ChatterBot Foxtrot round 10
ChatterBot Zulu round 10
ChatterBot Delta round 10
ChatterBot Whiskey round 10
ChatterBot Bravo round 10
ChatterBot Echo round 10
ChatterBot November round 10
ChatterBot Victor round 10
ChatterBot Sierra round 10
ChatterBot Charlie round 10
2024-10-14 18:32:38.184685 November: Foxtrot, Whiskey and Charlie, sending you 2
2024-10-14 18:32:38.190699 November: Victor, sending you 1
2024-10-14 18:32:38.192655 Zulu: Delta, sending you 5
2024-10-14 18:32:38.193196 Echo: Foxtrot, Whiskey and Victor, sending you 1
2024-10-14 18:32:38.196686 Charlie: Foxtrot, sending you 3
2024-10-14 18:32:38.197689 Zulu: Bravo, sending you 3
2024-10-14 18:32:38.198665 Echo: Charlie, sending you 2
2024-10-14 18:32:38.199668 Victor: Foxtrot, Echo and Charlie, sending you 2
2024-10-14 18:32:38.200542 Charlie: Whiskey, Echo, November and Victor, sending you 2
2024-10-14 18:32:38.201800 Sierra: Zulu, sending you 6
2024-10-14 18:32:38.202653 Zulu: Sierra, sending you 6
2024-10-14 18:32:38.203086 Zulu: I was attacked by Whiskey
ChatterBot Delta reevaluating
ChatterBot Bravo reevaluating
ChatterBot Sierra reevaluating
2024-10-14 18:32:38.213316 Zulu: Ow
2024-10-14 18:32:38.214082 Sierra: We should replace Foxtrot with Echo
ChatterBot Delta reevaluating
ChatterBot Bravo reevaluating
2024-10-14 18:32:38.223021 Zulu: No
2024-10-14 18:32:38.223134 Delta: No
2024-10-14 18:32:38.223296 Bravo: No
ChatterBot Delta reevaluating
ChatterBot Bravo reevaluating
ChatterBot Sierra reevaluating
ChatterBot Bravo reevaluating
ChatterBot Sierra reevaluating
ChatterBot Delta reevaluating
ChatterBot Sierra reevaluating
2024-10-14 18:32:38.251181 Victor: Whiskey and November, sending you 1
chatterbot Whiskey submitting transactions
chatterbot Bravo submitting transactions
chatterbot Echo submitting transactions
chatterbot Victor submitting transactions
chatterbot Zulu submitting transactions
chatterbot Charlie submitting transactions
chatterbot Foxtrot submitting transactions
chatterbot November submitting transactions
chatterbot Sierra submitting transactions
chatterbot Delta submitting transactions
ChatterBot Foxtrot round 11
ChatterBot Zulu round 11
ChatterBot Delta round 11
ChatterBot Whiskey round 11
ChatterBot Bravo round 11
ChatterBot Echo round 11
ChatterBot November round 11
ChatterBot Victor round 11
ChatterBot Sierra round 11
ChatterBot Charlie round 11
2024-10-14 18:32:39.401734 Zulu: We should replace Bravo with Charlie
ChatterBot Delta reevaluating
ChatterBot Sierra reevaluating
2024-10-14 18:32:39.415027 Delta: Yes
2024-10-14 18:32:39.415204 Sierra: No
ChatterBot Zulu reevaluating
ChatterBot Sierra reevaluating
ChatterBot Zulu reevaluating
ChatterBot Delta reevaluating
2024-10-14 18:32:39.460695 Zulu: Charlie we want you to join our group
2024-10-14 18:32:39.465096 Charlie: No
ChatterBot Delta reevaluating
ChatterBot Zulu reevaluating
2024-10-14 18:32:39.476788 Bravo: Zulu and Sierra, sending you 2
2024-10-14 18:32:39.479805 Foxtrot: Whiskey and November, sending you 4
2024-10-14 18:32:39.481074 Charlie: Foxtrot, Echo, November and Victor, sending you 2
2024-10-14 18:32:39.482260 Bravo: Delta, sending you 3
2024-10-14 18:32:39.483326 Echo: Foxtrot, Whiskey and Victor, sending you 1
2024-10-14 18:32:39.484530 Victor: Foxtrot, Echo and Charlie, sending you 2
2024-10-14 18:32:39.485795 November: Foxtrot and Charlie, sending you 4
2024-10-14 18:32:39.487257 Foxtrot: Echo, sending you 2
2024-10-14 18:32:39.488245 Charlie: Whiskey, sending you 3
2024-10-14 18:32:39.489482 Echo: Charlie, sending you 2
2024-10-14 18:32:39.491109 Victor: Whiskey and November, sending you 1
2024-10-14 18:32:39.492300 November: Whiskey, sending you 3
2024-10-14 18:32:39.493472 Foxtrot: Victor and Charlie, sending you 3
2024-10-14 18:32:39.497694 November: Echo, sending you 1
2024-10-14 18:32:39.501677 November: Victor, sending you 2
chatterbot Zulu submitting transactions
chatterbot Charlie submitting transactions
chatterbot Foxtrot submitting transactions
chatterbot Victor submitting transactions
chatterbot November submitting transactions
chatterbot Sierra submitting transactions
chatterbot Delta submitting transactions
chatterbot Bravo submitting transactions
chatterbot Echo submitting transactions
chatterbot Whiskey submitting transactions
ChatterBot Foxtrot round 12
ChatterBot Zulu round 12
ChatterBot Delta round 12
ChatterBot Whiskey round 12
ChatterBot Bravo round 12
ChatterBot Echo round 12
ChatterBot November round 12
ChatterBot Victor round 12
2024-10-14 18:32:40.428869 Zulu: We should replace Charlie with Bravo
ChatterBot Delta reevaluating
2024-10-14 18:32:40.437282 Delta: Yes
2024-10-14 18:32:40.437447 Sierra: Yes
ChatterBot Delta reevaluating
ChatterBot Sierra round 12
ChatterBot Charlie round 12
2024-10-14 18:32:40.480485 November: We should drop Echo
2024-10-14 18:32:40.494124 Foxtrot: No
2024-10-14 18:32:40.494333 Whiskey: No
2024-10-14 18:32:40.494471 Charlie: No
2024-10-14 18:32:40.494595 Victor: No
ChatterBot November reevaluating
ChatterBot November reevaluating
ChatterBot November reevaluating
ChatterBot November reevaluating
2024-10-14 18:32:40.544079 Zulu: Bravo we want you to join our group
2024-10-14 18:32:40.547752 Bravo: Yes
ChatterBot Delta reevaluating
ChatterBot Sierra reevaluating
2024-10-14 18:32:40.565227 Sierra: We should replace Charlie with Foxtrot
2024-10-14 18:32:40.578889 Zulu: No
2024-10-14 18:32:40.579047 Delta: No
2024-10-14 18:32:40.579229 Bravo: No
ChatterBot Sierra reevaluating
ChatterBot Sierra reevaluating
ChatterBot Sierra reevaluating
2024-10-14 18:32:40.623668 Bravo: Zulu and Sierra, sending you 2
2024-10-14 18:32:40.626674 Bravo: Delta, sending you 3
2024-10-14 18:32:40.627268 Bravo: I was attacked by Whiskey
ChatterBot Zulu reevaluating
ChatterBot Delta reevaluating
ChatterBot Sierra reevaluating
2024-10-14 18:32:40.641466 Bravo: Ow
2024-10-14 18:32:40.643019 Victor: Foxtrot and Charlie, sending you 1
2024-10-14 18:32:40.644007 Foxtrot: Sending you each 1
2024-10-14 18:32:40.644863 Foxtrot: I was attacked by Delta
ChatterBot Charlie reevaluating
ChatterBot Whiskey reevaluating
ChatterBot November reevaluating
ChatterBot Echo reevaluating
ChatterBot Victor reevaluating
2024-10-14 18:32:40.672337 Foxtrot: Ow
2024-10-14 18:32:40.674149 Sierra: Foxtrot we want you to join our group
2024-10-14 18:32:40.680250 Foxtrot: No
ChatterBot Sierra reevaluating
ChatterBot Zulu reevaluating
ChatterBot Delta reevaluating
2024-10-14 18:32:40.700093 Sierra: We should replace Charlie with Whiskey
ChatterBot Zulu reevaluating
ChatterBot Delta reevaluating
2024-10-14 18:32:40.714779 Zulu: No
2024-10-14 18:32:40.715341 Delta: No
2024-10-14 18:32:40.715520 Bravo: No
ChatterBot Delta reevaluating
ChatterBot Sierra reevaluating
ChatterBot Zulu reevaluating
ChatterBot Sierra reevaluating
ChatterBot Zulu reevaluating
ChatterBot Delta reevaluating
ChatterBot Sierra reevaluating
2024-10-14 18:32:40.761109 Sierra: We should replace Charlie with Echo
ChatterBot Zulu reevaluating
ChatterBot Delta reevaluating
2024-10-14 18:32:40.774382 Zulu: No
2024-10-14 18:32:40.774530 Delta: No
2024-10-14 18:32:40.774650 Bravo: No
ChatterBot Delta reevaluating
ChatterBot Sierra reevaluating
ChatterBot Zulu reevaluating
ChatterBot Sierra reevaluating
ChatterBot Zulu reevaluating
ChatterBot Delta reevaluating
ChatterBot Sierra reevaluating
2024-10-14 18:32:40.807690 Victor: Foxtrot, Echo, November and Charlie, sending you 2
2024-10-14 18:32:40.809455 Sierra: Echo we want you to join our group
ChatterBot Echo reevaluating
2024-10-14 18:32:40.815651 Echo: No
ChatterBot Sierra reevaluating
ChatterBot Zulu reevaluating
2024-10-14 18:32:40.831416 Charlie: Foxtrot, sending you 3
2024-10-14 18:32:40.837689 Charlie: Whiskey, Echo, November and Victor, sending you 2
2024-10-14 18:32:40.855944 Zulu: Delta and Sierra, sending you 2
2024-10-14 18:32:40.859677 Zulu: Bravo, sending you 1
chatterbot Bravo submitting transactions
chatterbot Delta submitting transactions
chatterbot Echo submitting transactions
chatterbot Whiskey submitting transactions
chatterbot Sierra submitting transactions
chatterbot Victor submitting transactions
chatterbot November submitting transactions
chatterbot Foxtrot submitting transactions
chatterbot Charlie submitting transactions
chatterbot Zulu submitting transactions
ChatterBot Foxtrot round 13
ChatterBot Zulu round 13
ChatterBot Delta round 13
ChatterBot Whiskey round 13
ChatterBot Bravo round 13
ChatterBot Echo round 13
ChatterBot November round 13
ChatterBot Victor round 13
ChatterBot Sierra round 13
ChatterBot Charlie round 13
