ChatterBot India round 1
ChatterBot Victor round 1
ChatterBot Yankee round 1
ChatterBot Uniform round 1
ChatterBot Alpha round 1
ChatterBot Sierra round 1
ChatterBot Hotel round 1
ChatterBot Charlie round 1
ChatterBot Golf round 1
randomSelections Victor: {Victor, Uniform, Golf, India, Alpha, Yankee} 
2024-10-14 18:32:24.400893 Victor: We should group up
ChatterBot Uniform reevaluating
ChatterBot Golf reevaluating
ChatterBot India reevaluating
ChatterBot Alpha reevaluating
ChatterBot Yankee reevaluating
2024-10-14 18:32:24.417960 Uniform: Yes
2024-10-14 18:32:24.418130 Golf: Yes
2024-10-14 18:32:24.418261 India: Yes
2024-10-14 18:32:24.418392 Alpha: Yes
2024-10-14 18:32:24.418520 Yankee: Yes
ChatterBot Golf reevaluating
ChatterBot India reevaluating
ChatterBot Alpha reevaluating
ChatterBot Yankee reevaluating
ChatterBot Uniform reevaluating
ChatterBot India reevaluating
ChatterBot Alpha reevaluating
ChatterBot Yankee reevaluating
ChatterBot Uniform reevaluating
ChatterBot Golf reevaluating
ChatterBot Alpha reevaluating
ChatterBot Yankee reevaluating
ChatterBot Uniform reevaluating
ChatterBot Golf reevaluating
ChatterBot India reevaluating
ChatterBot Yankee reevaluating
ChatterBot Uniform reevaluating
ChatterBot Golf reevaluating
ChatterBot India reevaluating
ChatterBot Alpha reevaluating
ChatterBot Echo round 1
randomSelections Sierra: {Sierra, India, Victor, Alpha, Yankee, Uniform, Golf} 
2024-10-14 18:32:24.476790 Sierra: Group up?
ChatterBot India reevaluating
ChatterBot Alpha reevaluating
ChatterBot Yankee reevaluating
ChatterBot Uniform reevaluating
ChatterBot Golf reevaluating
2024-10-14 18:32:24.485083 India: No
2024-10-14 18:32:24.485201 Victor: No
2024-10-14 18:32:24.485331 Alpha: No
2024-10-14 18:32:24.485429 Yankee: No
2024-10-14 18:32:24.485525 Uniform: No
2024-10-14 18:32:24.485631 Golf: No
ChatterBot Alpha reevaluating
ChatterBot Yankee reevaluating
ChatterBot Uniform reevaluating
ChatterBot Golf reevaluating
ChatterBot India reevaluating
ChatterBot Alpha reevaluating
ChatterBot Yankee reevaluating
ChatterBot Uniform reevaluating
ChatterBot Golf reevaluating
ChatterBot India reevaluating
ChatterBot Yankee reevaluating
ChatterBot Uniform reevaluating
ChatterBot Golf reevaluating
ChatterBot India reevaluating
ChatterBot Alpha reevaluating
ChatterBot Uniform reevaluating
ChatterBot Golf reevaluating
ChatterBot India reevaluating
ChatterBot Alpha reevaluating
ChatterBot Yankee reevaluating
ChatterBot Golf reevaluating
ChatterBot India reevaluating
ChatterBot Alpha reevaluating
ChatterBot Yankee reevaluating
ChatterBot Uniform reevaluating
randomSelections Hotel: {Hotel, Alpha} 
2024-10-14 18:32:24.542289 Hotel: Can we be friends?
ChatterBot Alpha reevaluating
2024-10-14 18:32:24.544072 Alpha: No
randomSelections Charlie: {Charlie, Alpha, Hotel, Echo, Uniform, Yankee} 
2024-10-14 18:32:24.549495 Charlie: Group up?
ChatterBot Alpha reevaluating
ChatterBot Echo reevaluating
ChatterBot Uniform reevaluating
ChatterBot Yankee reevaluating
2024-10-14 18:32:24.562548 Alpha: No
2024-10-14 18:32:24.563227 Hotel: No
2024-10-14 18:32:24.563384 Echo: Yes
2024-10-14 18:32:24.563519 Uniform: No
2024-10-14 18:32:24.563688 Yankee: No
ChatterBot Echo reevaluating
ChatterBot Uniform reevaluating
ChatterBot Yankee reevaluating
ChatterBot Alpha reevaluating
ChatterBot Echo reevaluating
ChatterBot Uniform reevaluating
ChatterBot Yankee reevaluating
ChatterBot Alpha reevaluating
ChatterBot Uniform reevaluating
ChatterBot Yankee reevaluating
ChatterBot Alpha reevaluating
ChatterBot Echo reevaluating
ChatterBot Yankee reevaluating
ChatterBot Alpha reevaluating
ChatterBot Echo reevaluating
ChatterBot Uniform reevaluating
2024-10-14 18:32:24.640385 Victor: India, sending you 3
2024-10-14 18:32:24.642500 India: Victor, sending you 1
2024-10-14 18:32:24.643018 Hotel: Sending you 12
2024-10-14 18:32:24.647247 Victor: Yankee and Golf, sending you 2
2024-10-14 18:32:24.647637 Golf: India, Victor and Uniform, sending you 4
2024-10-14 18:32:24.648626 Charlie: Yankee, Uniform and Echo, sending you 3
2024-10-14 18:32:24.649056 India: Yankee, sending you 4
2024-10-14 18:32:24.651195 Sierra: India and Yankee, sending you 1
2024-10-14 18:32:24.652316 Yankee: India, sending you 1
2024-10-14 18:32:24.652743 Victor: Uniform, sending you 4
2024-10-14 18:32:24.653214 Golf: Alpha, sending you 1
2024-10-14 18:32:24.654300 India: Uniform and Alpha, sending you 5
2024-10-14 18:32:24.654816 Charlie: Alpha and Hotel, sending you 4
2024-10-14 18:32:24.655262 Sierra: Victor and Alpha, sending you 2
2024-10-14 18:32:24.656371 Alpha: India, sending you 2
2024-10-14 18:32:24.656956 Yankee: Victor, Uniform, Alpha and Golf, sending you 3
2024-10-14 18:32:24.658436 Victor: Alpha, sending you 1
2024-10-14 18:32:24.658952 Uniform: India, Yankee and Alpha, sending you 2
2024-10-14 18:32:24.660107 Sierra: Uniform, sending you 4
2024-10-14 18:32:24.660710 Alpha: Victor and Golf, sending you 1
2024-10-14 18:32:24.662741 Echo: Uniform, sending you 2
2024-10-14 18:32:24.663701 Uniform: Victor, sending you 1
2024-10-14 18:32:24.664082 Sierra: Golf, sending you 3
2024-10-14 18:32:24.665836 Alpha: Yankee, sending you 6
2024-10-14 18:32:24.667846 Echo: Hotel and Charlie, sending you 3
2024-10-14 18:32:24.670079 Uniform: Golf, sending you 4
2024-10-14 18:32:24.671103 Alpha: Uniform, sending you 3
chatterbot Sierra submitting transactions
chatterbot Alpha submitting transactions
chatterbot Yankee submitting transactions
chatterbot Uniform submitting transactions
chatterbot Charlie submitting transactions
chatterbot Hotel submitting transactions
chatterbot Victor submitting transactions
chatterbot India submitting transactions
chatterbot Golf submitting transactions
chatterbot Echo submitting transactions
ChatterBot India round 2
ChatterBot Victor round 2
ChatterBot Yankee round 2
ChatterBot Uniform round 2
ChatterBot Alpha round 2
ChatterBot Sierra round 2
2024-10-14 18:32:26.713986 India: We should add Sierra
ChatterBot Victor reevaluating
ChatterBot Uniform reevaluating
ChatterBot Golf reevaluating
ChatterBot Alpha reevaluating
ChatterBot Yankee reevaluating
2024-10-14 18:32:26.739317 Victor: No
2024-10-14 18:32:26.739808 Uniform: Yes
2024-10-14 18:32:26.739928 Golf: No
2024-10-14 18:32:26.740033 Alpha: Yes
2024-10-14 18:32:26.740133 Yankee: No
ChatterBot Uniform reevaluating
ChatterBot Golf reevaluating
ChatterBot Alpha reevaluating
ChatterBot Yankee reevaluating
ChatterBot Victor reevaluating
ChatterBot Golf reevaluating
ChatterBot Alpha reevaluating
ChatterBot Yankee reevaluating
ChatterBot Victor reevaluating
ChatterBot Uniform reevaluating
ChatterBot Alpha reevaluating
ChatterBot Yankee reevaluating
ChatterBot Victor reevaluating
ChatterBot Uniform reevaluating
ChatterBot Golf reevaluating
ChatterBot Yankee reevaluating
ChatterBot Victor reevaluating
ChatterBot Uniform reevaluating
ChatterBot Golf reevaluating
ChatterBot Alpha reevaluating
ChatterBot Hotel round 2
ChatterBot Charlie round 2
ChatterBot Golf round 2
ChatterBot Echo round 2
2024-10-14 18:32:26.892217 Sierra: We should add Hotel
ChatterBot India reevaluating
ChatterBot Victor reevaluating
ChatterBot Alpha reevaluating
ChatterBot Yankee reevaluating
ChatterBot Uniform reevaluating
ChatterBot Golf reevaluating
2024-10-14 18:32:26.926357 India: No
2024-10-14 18:32:26.926580 Victor: No
2024-10-14 18:32:26.927080 Alpha: No
2024-10-14 18:32:26.927230 Yankee: No
2024-10-14 18:32:26.927402 Uniform: No
2024-10-14 18:32:26.927558 Golf: No
ChatterBot Sierra reevaluating
ChatterBot Victor reevaluating
ChatterBot Alpha reevaluating
ChatterBot Yankee reevaluating
ChatterBot Uniform reevaluating
ChatterBot Golf reevaluating
ChatterBot Sierra reevaluating
ChatterBot India reevaluating
ChatterBot Alpha reevaluating
ChatterBot Yankee reevaluating
ChatterBot Uniform reevaluating
ChatterBot Golf reevaluating
ChatterBot Sierra reevaluating
ChatterBot India reevaluating
ChatterBot Victor reevaluating
ChatterBot Yankee reevaluating
ChatterBot Uniform reevaluating
ChatterBot Golf reevaluating
ChatterBot Sierra reevaluating
ChatterBot India reevaluating
ChatterBot Victor reevaluating
ChatterBot Alpha reevaluating
ChatterBot Uniform reevaluating
ChatterBot Golf reevaluating
ChatterBot Sierra reevaluating
ChatterBot India reevaluating
ChatterBot Victor reevaluating
ChatterBot Alpha reevaluating
ChatterBot Yankee reevaluating
ChatterBot Golf reevaluating
ChatterBot Sierra reevaluating
ChatterBot India reevaluating
ChatterBot Victor reevaluating
ChatterBot Alpha reevaluating
ChatterBot Yankee reevaluating
ChatterBot Uniform reevaluating
2024-10-14 18:32:27.185928 Golf: We should add Sierra
ChatterBot Victor reevaluating
ChatterBot Uniform reevaluating
ChatterBot India reevaluating
ChatterBot Alpha reevaluating
ChatterBot Yankee reevaluating
2024-10-14 18:32:27.216363 Victor: No
2024-10-14 18:32:27.217117 Uniform: Yes
2024-10-14 18:32:27.217516 India: Yes
2024-10-14 18:32:27.217775 Alpha: Yes
2024-10-14 18:32:27.218562 Yankee: No
ChatterBot Uniform reevaluating
ChatterBot Golf reevaluating
ChatterBot India reevaluating
ChatterBot Alpha reevaluating
ChatterBot Yankee reevaluating
ChatterBot Victor reevaluating
ChatterBot Golf reevaluating
ChatterBot India reevaluating
ChatterBot Alpha reevaluating
ChatterBot Yankee reevaluating
ChatterBot Victor reevaluating
ChatterBot Uniform reevaluating
ChatterBot Golf reevaluating
ChatterBot Alpha reevaluating
ChatterBot Yankee reevaluating
ChatterBot Victor reevaluating
ChatterBot Uniform reevaluating
ChatterBot Golf reevaluating
ChatterBot India reevaluating
ChatterBot Yankee reevaluating
ChatterBot Victor reevaluating
ChatterBot Uniform reevaluating
ChatterBot Golf reevaluating
ChatterBot India reevaluating
ChatterBot Alpha reevaluating
2024-10-14 18:32:27.399447 Echo: We would work well together
ChatterBot Charlie reevaluating
2024-10-14 18:32:27.405803 Charlie: Yes
2024-10-14 18:32:27.416894 Hotel: Let's form a team
ChatterBot Charlie reevaluating
ChatterBot Echo reevaluating
2024-10-14 18:32:27.428821 Charlie: Yes
2024-10-14 18:32:27.429019 Echo: Yes
ChatterBot Echo reevaluating
ChatterBot Charlie reevaluating
2024-10-14 18:32:27.458619 Uniform: Sierra we want you to join our group
ChatterBot Sierra reevaluating
2024-10-14 18:32:27.465158 Sierra: Yes
ChatterBot India reevaluating
ChatterBot Victor reevaluating
ChatterBot Golf reevaluating
2024-10-14 18:32:27.500650 Alpha: Sierra we want you to join our group
ChatterBot Sierra reevaluating
2024-10-14 18:32:27.507429 Sierra: Yes
ChatterBot Victor reevaluating
ChatterBot Golf reevaluating
2024-10-14 18:32:27.533935 India: Sierra we want you to join our group
ChatterBot Sierra reevaluating
2024-10-14 18:32:27.537933 Sierra: Yes
ChatterBot Victor reevaluating
2024-10-14 18:32:27.557145 Yankee: India, sending you 4
2024-10-14 18:32:27.880075 Yankee: Victor, sending you 2
2024-10-14 18:32:27.881341 Uniform: India, Victor, Yankee, Sierra and Golf, sending you 2
2024-10-14 18:32:27.882267 Echo: Hotel, sending you 3
2024-10-14 18:32:27.883223 Hotel: Charlie, sending you 8
2024-10-14 18:32:27.884172 Golf: Sierra we want you to join our group
ChatterBot Sierra reevaluating
2024-10-14 18:32:27.890773 Sierra: Yes
ChatterBot Victor reevaluating
2024-10-14 18:32:27.922237 Yankee: Uniform, sending you 1
2024-10-14 18:32:27.923660 Uniform: Alpha, sending you 1
2024-10-14 18:32:27.929727 Echo: Charlie, sending you 5
2024-10-14 18:32:27.933381 Hotel: Echo, sending you 6
2024-10-14 18:32:27.936366 Alpha: India, sending you 3
2024-10-14 18:32:27.941030 Charlie: Sierra and Hotel, sending you 4
2024-10-14 18:32:27.941765 Yankee: Alpha, sending you 6
2024-10-14 18:32:27.944289 India: Victor, sending you 3
2024-10-14 18:32:27.946220 Alpha: Victor, Yankee, Uniform, Sierra and Golf, sending you 2
2024-10-14 18:32:27.948147 Charlie: Echo, sending you 5
2024-10-14 18:32:28.009899 India: Yankee, Uniform, Alpha and Sierra, sending you 2
2024-10-14 18:32:28.010996 Golf: Victor and Alpha, sending you 2
chatterbot Hotel submitting transactions
2024-10-14 18:32:28.031970 India: Golf, sending you 4
2024-10-14 18:32:28.033145 Golf: Yankee, Uniform and Sierra, sending you 3
2024-10-14 18:32:28.033791 Sierra: India, sending you 3
2024-10-14 18:32:28.034850 Victor: India, Uniform and Alpha, sending you 2
2024-10-14 18:32:28.046179 Sierra: Victor, Yankee, Uniform, Alpha and Golf, sending you 2
2024-10-14 18:32:28.047361 Victor: Yankee and Golf, sending you 4
chatterbot Charlie submitting transactions
chatterbot Golf submitting transactions
chatterbot Echo submitting transactions
chatterbot India submitting transactions
chatterbot Uniform submitting transactions
chatterbot Yankee submitting transactions
chatterbot Alpha submitting transactions
chatterbot Victor submitting transactions
chatterbot Sierra submitting transactions
ChatterBot India round 3
ChatterBot Victor round 3
ChatterBot Yankee round 3
ChatterBot Uniform round 3
ChatterBot Alpha round 3
ChatterBot Sierra round 3
ChatterBot Hotel round 3
ChatterBot Charlie round 3
ChatterBot Golf round 3
ChatterBot Echo round 3
2024-10-14 18:32:29.340748 Charlie: We should replace Sierra with Victor
2024-10-14 18:32:29.349444 Hotel: No
2024-10-14 18:32:29.349753 Echo: No
ChatterBot Charlie reevaluating
ChatterBot Charlie reevaluating
2024-10-14 18:32:29.384646 Charlie: Victor we want you to join our group
2024-10-14 18:32:29.389738 Victor: No
ChatterBot Charlie reevaluating
2024-10-14 18:32:29.414936 Alpha: India and Yankee, sending you 3
2024-10-14 18:32:29.415530 Uniform: India, Victor, Alpha, Sierra and Golf, sending you 2
2024-10-14 18:32:29.416648 Yankee: India and Victor, sending you 3
2024-10-14 18:32:29.417157 Sierra: India, sending you 2
2024-10-14 18:32:29.417664 Golf: India, Alpha and Sierra, sending you 2
2024-10-14 18:32:29.418563 Victor: India, Yankee, Alpha and Golf, sending you 3
2024-10-14 18:32:29.419144 Hotel: Sending you each 7
2024-10-14 18:32:29.419850 India: Victor, Yankee and Alpha, sending you 3
2024-10-14 18:32:29.420382 Echo: Sending you each 4
2024-10-14 18:32:29.420798 Alpha: Victor, sending you 1
2024-10-14 18:32:29.421882 Uniform: Yankee, sending you 1
2024-10-14 18:32:29.422857 Yankee: Uniform, sending you 2
2024-10-14 18:32:29.423404 Sierra: Victor and Yankee, sending you 1
2024-10-14 18:32:29.423930 Golf: Victor and Uniform, sending you 3
2024-10-14 18:32:29.424985 India: Uniform, Sierra and Golf, sending you 2
2024-10-14 18:32:29.425529 Victor: Uniform, sending you 2
2024-10-14 18:32:29.426795 Alpha: Uniform, Sierra and Golf, sending you 2
2024-10-14 18:32:29.427330 Yankee: Alpha, sending you 4
2024-10-14 18:32:29.428691 Sierra: Uniform, Alpha and Golf, sending you 3
2024-10-14 18:32:29.429500 Golf: Yankee, sending you 1
2024-10-14 18:32:29.432683 Yankee: Golf, sending you 1
2024-10-14 18:32:29.439089 Charlie: Sierra and Hotel, sending you 4
2024-10-14 18:32:29.441659 Charlie: Echo, sending you 5
chatterbot India submitting transactions
chatterbot Yankee submitting transactions
chatterbot Alpha submitting transactions
chatterbot Uniform submitting transactions
chatterbot Echo submitting transactions
chatterbot Golf submitting transactions
chatterbot Hotel submitting transactions
chatterbot Sierra submitting transactions
chatterbot Victor submitting transactions
chatterbot Charlie submitting transactions
ChatterBot India round 4
ChatterBot Victor round 4
ChatterBot Yankee round 4
ChatterBot Uniform round 4
ChatterBot Alpha round 4
ChatterBot Sierra round 4
ChatterBot Hotel round 4
ChatterBot Charlie round 4
ChatterBot Golf round 4
ChatterBot Echo round 4
2024-10-14 18:32:30.785388 Yankee: We should replace Uniform with Sierra
ChatterBot Victor reevaluating
2024-10-14 18:32:30.804173 India: No
2024-10-14 18:32:30.804439 Victor: No
2024-10-14 18:32:30.804626 Alpha: No
2024-10-14 18:32:30.804820 Golf: No
ChatterBot Victor reevaluating
ChatterBot Yankee reevaluating
ChatterBot Yankee reevaluating
ChatterBot Victor reevaluating
ChatterBot Yankee reevaluating
ChatterBot Victor reevaluating
2024-10-14 18:32:30.904289 Charlie: We should replace Sierra with Victor
2024-10-14 18:32:30.913314 Hotel: No
2024-10-14 18:32:30.913505 Echo: No
ChatterBot Charlie reevaluating
2024-10-14 18:32:30.975404 India: Victor, Yankee and Alpha, sending you 3
2024-10-14 18:32:31.011268 Uniform: India, Victor, Alpha, Sierra and Golf, sending you 2
2024-10-14 18:32:31.011983 Sierra: India, sending you 2
2024-10-14 18:32:31.013963 Golf: India, Yankee, Uniform, Alpha and Sierra, sending you 2
2024-10-14 18:32:31.014618 India: Uniform, Sierra and Golf, sending you 2
2024-10-14 18:32:31.017181 Hotel: Charlie, sending you 8
2024-10-14 18:32:31.017494 Alpha: India, Victor, Uniform, Sierra and Golf, sending you 2
2024-10-14 18:32:31.018050 Victor: India, Yankee, Uniform and Golf, sending you 3
2024-10-14 18:32:31.022581 Uniform: Yankee, sending you 1
2024-10-14 18:32:31.023153 Sierra: Victor and Yankee, sending you 1
2024-10-14 18:32:31.025217 Golf: Victor, sending you 3
2024-10-14 18:32:31.025823 Hotel: Echo, sending you 7
2024-10-14 18:32:31.026238 Alpha: Yankee, sending you 3
2024-10-14 18:32:31.028461 Victor: Alpha, sending you 2
2024-10-14 18:32:31.028954 Echo: Same as last round
2024-10-14 18:32:31.029275 Yankee: India and Victor, sending you 3
2024-10-14 18:32:31.032531 Charlie: Hotel, sending you 4
2024-10-14 18:32:31.032837 Sierra: Uniform, Alpha and Golf, sending you 3
2024-10-14 18:32:31.121292 Yankee: Uniform, sending you 2
2024-10-14 18:32:31.122510 Charlie: Echo, sending you 5
2024-10-14 18:32:31.135048 Yankee: Alpha, sending you 4
2024-10-14 18:32:31.144069 Yankee: Golf, sending you 1
chatterbot Hotel submitting transactions
chatterbot Charlie submitting transactions
chatterbot Uniform submitting transactions
chatterbot Golf submitting transactions
chatterbot Alpha submitting transactions
chatterbot Echo submitting transactions
chatterbot Victor submitting transactions
chatterbot Sierra submitting transactions
chatterbot India submitting transactions
chatterbot Yankee submitting transactions
ChatterBot India round 5
ChatterBot Victor round 5
ChatterBot Yankee round 5
ChatterBot Uniform round 5
ChatterBot Alpha round 5
ChatterBot Sierra round 5
ChatterBot Hotel round 5
ChatterBot Charlie round 5
ChatterBot Golf round 5
ChatterBot Echo round 5
2024-10-14 18:32:32.043214 Yankee: We should replace Uniform with Sierra
2024-10-14 18:32:32.055592 India: No
2024-10-14 18:32:32.056023 Victor: No
2024-10-14 18:32:32.056865 Alpha: No
2024-10-14 18:32:32.057182 Golf: No
2024-10-14 18:32:32.119524 Charlie: We should replace Sierra with India
2024-10-14 18:32:32.124756 Hotel: No
2024-10-14 18:32:32.125078 Echo: No
ChatterBot Charlie reevaluating
ChatterBot Charlie reevaluating
2024-10-14 18:32:32.142378 Yankee: Sierra we want you to join our group
2024-10-14 18:32:32.145608 Sierra: Yes
2024-10-14 18:32:32.158448 Charlie: We should replace Sierra with Golf
2024-10-14 18:32:32.165458 Hotel: No
2024-10-14 18:32:32.165603 Echo: No
ChatterBot Charlie reevaluating
ChatterBot Charlie reevaluating
2024-10-14 18:32:32.179165 Uniform: India, Victor, Alpha, Sierra and Golf, sending you 2
2024-10-14 18:32:32.179918 Charlie: We should replace Sierra with Uniform
2024-10-14 18:32:32.185748 Hotel: No
2024-10-14 18:32:32.185922 Echo: No
ChatterBot Charlie reevaluating
ChatterBot Charlie reevaluating
2024-10-14 18:32:32.197359 Charlie: We should replace Sierra with Yankee
2024-10-14 18:32:32.202164 Hotel: No
2024-10-14 18:32:32.202291 Echo: No
ChatterBot Charlie reevaluating
ChatterBot Charlie reevaluating
2024-10-14 18:32:32.213764 Alpha: India, Victor, Uniform, Sierra and Golf, sending you 2
2024-10-14 18:32:32.214294 Hotel: Charlie, sending you 7
2024-10-14 18:32:32.214530 India: Victor, Yankee and Alpha, sending you 3
2024-10-14 18:32:32.214972 Victor: India, Yankee, Uniform and Golf, sending you 3
2024-10-14 18:32:32.215903 Uniform: Yankee, sending you 1
2024-10-14 18:32:32.216379 Golf: India, Yankee, Uniform, Alpha and Sierra, sending you 2
2024-10-14 18:32:32.216807 Sierra: India, Uniform, Alpha and Golf, sending you 3
2024-10-14 18:32:32.217236 Alpha: Yankee, sending you 3
2024-10-14 18:32:32.218109 Hotel: Echo, sending you 8
2024-10-14 18:32:32.218697 Yankee: India and Victor, sending you 3
2024-10-14 18:32:32.219688 India: Uniform, Sierra and Golf, sending you 2
2024-10-14 18:32:32.220878 Echo: Same as last round
2024-10-14 18:32:32.221197 Sierra: Yankee, sending you 1
2024-10-14 18:32:32.221798 Victor: Alpha, sending you 2
2024-10-14 18:32:32.222729 Golf: Victor, sending you 3
2024-10-14 18:32:32.223353 Yankee: Alpha, sending you 4
2024-10-14 18:32:32.229171 Yankee: Sierra, sending you 1
2024-10-14 18:32:32.232676 Yankee: Golf, sending you 2
2024-10-14 18:32:32.238704 Charlie: Hotel, sending you 4
2024-10-14 18:32:32.244429 Charlie: Echo, sending you 5
chatterbot Victor submitting transactions
chatterbot Yankee submitting transactions
chatterbot Alpha submitting transactions
chatterbot Charlie submitting transactions
chatterbot Uniform submitting transactions
chatterbot Echo submitting transactions
chatterbot Sierra submitting transactions
chatterbot Golf submitting transactions
chatterbot India submitting transactions
chatterbot Hotel submitting transactions
ChatterBot India round 6
ChatterBot Victor round 6
ChatterBot Yankee round 6
ChatterBot Uniform round 6
ChatterBot Alpha round 6
ChatterBot Sierra round 6
ChatterBot Hotel round 6
ChatterBot Charlie round 6
2024-10-14 18:32:33.244640 Victor: We should replace Uniform with Sierra
2024-10-14 18:32:33.260010 Yankee: Yes
2024-10-14 18:32:33.260193 India: No
2024-10-14 18:32:33.260355 Alpha: No
2024-10-14 18:32:33.260504 Golf: No
ChatterBot Victor reevaluating
ChatterBot Victor reevaluating
ChatterBot Victor reevaluating
ChatterBot Victor reevaluating
ChatterBot Golf round 6
ChatterBot Echo round 6
2024-10-14 18:32:33.341674 Charlie: We should replace Sierra with Uniform
2024-10-14 18:32:33.347794 Hotel: No
2024-10-14 18:32:33.347979 Echo: No
ChatterBot Charlie reevaluating
ChatterBot Charlie reevaluating
2024-10-14 18:32:33.368674 Victor: We should add Sierra
2024-10-14 18:32:33.383875 Uniform: Yes
2024-10-14 18:32:33.384124 Golf: Yes
2024-10-14 18:32:33.384319 India: Yes
2024-10-14 18:32:33.384503 Alpha: Yes
2024-10-14 18:32:33.384693 Yankee: Yes
ChatterBot Victor reevaluating
ChatterBot Victor reevaluating
ChatterBot Victor reevaluating
ChatterBot Victor reevaluating
ChatterBot Victor reevaluating
2024-10-14 18:32:33.467280 Charlie: We should replace Sierra with Golf
2024-10-14 18:32:33.471218 Hotel: No
2024-10-14 18:32:33.471360 Echo: No
ChatterBot Charlie reevaluating
ChatterBot Charlie reevaluating
2024-10-14 18:32:33.480404 Victor: Sierra we want you to join our group
2024-10-14 18:32:33.482670 Sierra: Yes
ChatterBot Victor reevaluating
2024-10-14 18:32:33.494209 Uniform: India, Victor, Alpha, Sierra and Golf, sending you 2
2024-10-14 18:32:33.497675 Uniform: Yankee, sending you 1
2024-10-14 18:32:33.498207 Sierra: India, sending you 2
2024-10-14 18:32:33.499189 Hotel: Charlie, sending you 7
2024-10-14 18:32:33.499572 Yankee: India and Victor, sending you 3
2024-10-14 18:32:33.500003 Alpha: India, Victor, Uniform, Sierra and Golf, sending you 2
2024-10-14 18:32:33.500683 India: Victor, Yankee and Alpha, sending you 3
2024-10-14 18:32:33.501846 Hotel: Echo, sending you 8
2024-10-14 18:32:33.502828 Charlie: Golf we want you to join our group
2024-10-14 18:32:33.506152 Golf: No
ChatterBot Charlie reevaluating
2024-10-14 18:32:33.515551 Charlie: We should replace Sierra with India
2024-10-14 18:32:33.520790 Hotel: No
2024-10-14 18:32:33.520949 Echo: No
ChatterBot Charlie reevaluating
ChatterBot Charlie reevaluating
2024-10-14 18:32:33.533088 Sierra: Victor and Yankee, sending you 1
2024-10-14 18:32:33.533698 Yankee: Alpha, sending you 4
2024-10-14 18:32:33.534943 Alpha: Yankee, sending you 3
2024-10-14 18:32:33.535778 India: Uniform, Sierra and Golf, sending you 2
2024-10-14 18:32:33.537383 Charlie: We should replace Sierra with Yankee
2024-10-14 18:32:33.544156 Hotel: No
2024-10-14 18:32:33.544318 Echo: No
ChatterBot Charlie reevaluating
ChatterBot Charlie reevaluating
2024-10-14 18:32:33.557638 Sierra: Uniform, Alpha and Golf, sending you 3
2024-10-14 18:32:33.558648 Yankee: Sierra, sending you 1
2024-10-14 18:32:33.559535 Echo: Same as last round
2024-10-14 18:32:33.559787 Golf: India, Yankee, Uniform, Alpha and Sierra, sending you 2
2024-10-14 18:32:33.563109 Yankee: Golf, sending you 2
2024-10-14 18:32:33.563750 Golf: Victor, sending you 3
2024-10-14 18:32:33.565356 Victor: India, Yankee, Alpha and Golf, sending you 3
2024-10-14 18:32:33.570166 Charlie: Yankee we want you to join our group
2024-10-14 18:32:33.574219 Yankee: No
ChatterBot Charlie reevaluating
2024-10-14 18:32:33.585467 Victor: Sierra, sending you 2
2024-10-14 18:32:33.622204 Charlie: Hotel, sending you 3
2024-10-14 18:32:33.625715 Charlie: Golf, sending you 4
2024-10-14 18:32:33.628685 Charlie: Echo, sending you 5
chatterbot Uniform submitting transactions
chatterbot Yankee submitting transactions
chatterbot India submitting transactions
chatterbot Hotel submitting transactions
chatterbot Victor submitting transactions
chatterbot Echo submitting transactions
chatterbot Alpha submitting transactions
chatterbot Sierra submitting transactions
chatterbot Golf submitting transactions
chatterbot Charlie submitting transactions
ChatterBot India round 7
ChatterBot Victor round 7
ChatterBot Yankee round 7
ChatterBot Uniform round 7
ChatterBot Alpha round 7
2024-10-14 18:32:34.792362 Victor: We should replace Sierra with Uniform
2024-10-14 18:32:34.807701 Yankee: No
2024-10-14 18:32:34.807868 India: No
2024-10-14 18:32:34.807996 Alpha: No
2024-10-14 18:32:34.808118 Golf: No
ChatterBot Victor reevaluating
ChatterBot Victor reevaluating
ChatterBot Victor reevaluating
ChatterBot Victor reevaluating
ChatterBot Sierra round 7
ChatterBot Hotel round 7
ChatterBot Charlie round 7
ChatterBot Golf round 7
ChatterBot Echo round 7
2024-10-14 18:32:34.935821 Victor: We should add Uniform
ChatterBot Yankee reevaluating
2024-10-14 18:32:34.951935 Yankee: Yes
2024-10-14 18:32:34.952171 India: Yes
2024-10-14 18:32:34.952510 Alpha: Yes
2024-10-14 18:32:34.953883 Sierra: Yes
2024-10-14 18:32:34.954051 Golf: Yes
ChatterBot Victor reevaluating
ChatterBot Yankee reevaluating
ChatterBot Victor reevaluating
ChatterBot Yankee reevaluating
ChatterBot Victor reevaluating
ChatterBot Yankee reevaluating
ChatterBot Victor reevaluating
ChatterBot Yankee reevaluating
ChatterBot Victor reevaluating
2024-10-14 18:32:35.047244 Charlie: We should replace Golf with Sierra
2024-10-14 18:32:35.052770 Hotel: No
2024-10-14 18:32:35.053038 Echo: No
ChatterBot Charlie reevaluating
ChatterBot Charlie reevaluating
2024-10-14 18:32:35.070134 Charlie: We should replace Golf with Victor
2024-10-14 18:32:35.075514 Hotel: No
2024-10-14 18:32:35.075794 Echo: No
ChatterBot Charlie reevaluating
ChatterBot Charlie reevaluating
2024-10-14 18:32:35.089716 India: Victor, Yankee and Alpha, sending you 3
2024-10-14 18:32:35.092426 Alpha: India, Victor, Uniform, Sierra and Golf, sending you 2
2024-10-14 18:32:35.093938 Uniform: India, Victor, Alpha, Sierra and Golf, sending you 2
2024-10-14 18:32:35.096417 Victor: India, Yankee, Alpha and Golf, sending you 3
2024-10-14 18:32:35.098015 Yankee: India and Victor, sending you 3
2024-10-14 18:32:35.099316 Hotel: Charlie, sending you 7
2024-10-14 18:32:35.100983 Sierra: India, Victor and Golf, sending you 2
2024-10-14 18:32:35.102372 India: Uniform, Sierra and Golf, sending you 2
2024-10-14 18:32:35.104674 Alpha: Yankee, sending you 3
2024-10-14 18:32:35.105814 Uniform: Yankee, sending you 1
2024-10-14 18:32:35.107419 Victor: Sierra, sending you 2
2024-10-14 18:32:35.108748 Yankee: Alpha, sending you 4
2024-10-14 18:32:35.109986 Hotel: Echo, sending you 8
2024-10-14 18:32:35.110533 Sierra: Yankee, sending you 1
2024-10-14 18:32:35.111333 Golf: India, Yankee, Uniform, Alpha and Sierra, sending you 2
2024-10-14 18:32:35.113270 Echo: Same as last round
2024-10-14 18:32:35.113737 Yankee: Sierra, sending you 1
2024-10-14 18:32:35.116080 Sierra: Uniform and Alpha, sending you 3
2024-10-14 18:32:35.116877 Golf: Victor, sending you 3
2024-10-14 18:32:35.117687 Yankee: Golf, sending you 2
2024-10-14 18:32:35.124659 Charlie: Hotel, sending you 3
2024-10-14 18:32:35.127698 Charlie: Golf, sending you 4
2024-10-14 18:32:35.130661 Charlie: Echo, sending you 5
chatterbot Alpha submitting transactions
chatterbot Victor submitting transactions
chatterbot Uniform submitting transactions
chatterbot Yankee submitting transactions
chatterbot Charlie submitting transactions
chatterbot Golf submitting transactions
chatterbot Hotel submitting transactions
chatterbot Sierra submitting transactions
chatterbot Echo submitting transactions
chatterbot India submitting transactions
ChatterBot India round 8
ChatterBot Victor round 8
ChatterBot Yankee round 8
ChatterBot Uniform round 8
ChatterBot Alpha round 8
ChatterBot Sierra round 8
ChatterBot Hotel round 8
ChatterBot Charlie round 8
ChatterBot Golf round 8
ChatterBot Echo round 8
2024-10-14 18:32:36.169289 Victor: We should add Uniform
2024-10-14 18:32:36.183461 Yankee: No
2024-10-14 18:32:36.183781 India: Yes
2024-10-14 18:32:36.184014 Alpha: Yes
2024-10-14 18:32:36.184163 Sierra: Yes
2024-10-14 18:32:36.184344 Golf: Yes
ChatterBot Victor reevaluating
ChatterBot Victor reevaluating
ChatterBot Yankee reevaluating
ChatterBot Victor reevaluating
ChatterBot Yankee reevaluating
ChatterBot Victor reevaluating
ChatterBot Yankee reevaluating
ChatterBot Victor reevaluating
2024-10-14 18:32:36.283165 Charlie: We should replace Golf with Uniform
2024-10-14 18:32:36.290070 Hotel: No
2024-10-14 18:32:36.290294 Echo: No
ChatterBot Charlie reevaluating
ChatterBot Charlie reevaluating
2024-10-14 18:32:36.307757 Charlie: We should replace Golf with Sierra
2024-10-14 18:32:36.313832 Hotel: No
2024-10-14 18:32:36.314112 Echo: No
ChatterBot Charlie reevaluating
ChatterBot Charlie reevaluating
2024-10-14 18:32:36.331280 Yankee: India and Victor, sending you 3
2024-10-14 18:32:36.331971 India: Victor, Yankee and Alpha, sending you 3
2024-10-14 18:32:36.333510 Echo: Same as last round
2024-10-14 18:32:36.334045 Alpha: India, Victor, Uniform, Sierra and Golf, sending you 2
2024-10-14 18:32:36.335793 Uniform: India, Victor, Alpha, Sierra and Golf, sending you 2
2024-10-14 18:32:36.337289 Sierra: India, Victor, Yankee, Uniform and Golf, sending you 2
2024-10-14 18:32:36.338020 Hotel: Charlie, sending you 7
2024-10-14 18:32:36.338907 Yankee: Alpha, sending you 4
2024-10-14 18:32:36.339502 India: Uniform, Sierra and Golf, sending you 2
2024-10-14 18:32:36.340213 Alpha: Yankee, sending you 3
2024-10-14 18:32:36.341698 Uniform: Yankee, sending you 1
2024-10-14 18:32:36.343309 Hotel: Echo, sending you 8
2024-10-14 18:32:36.343873 Sierra: Alpha, sending you 3
2024-10-14 18:32:36.344601 Yankee: Sierra, sending you 1
2024-10-14 18:32:36.346686 Victor: India, Yankee, Alpha and Golf, sending you 3
2024-10-14 18:32:36.348498 Golf: India, Yankee, Uniform, Alpha and Sierra, sending you 2
2024-10-14 18:32:36.350599 Yankee: Golf, sending you 2
2024-10-14 18:32:36.352320 Victor: Sierra, sending you 2
2024-10-14 18:32:36.352851 Charlie: Hotel, sending you 3
2024-10-14 18:32:36.354724 Golf: Victor, sending you 3
2024-10-14 18:32:36.359067 Charlie: Golf, sending you 4
2024-10-14 18:32:36.363066 Charlie: Echo, sending you 5
chatterbot Alpha submitting transactions
chatterbot Sierra submitting transactions
chatterbot Hotel submitting transactions
chatterbot Yankee submitting transactions
chatterbot Uniform submitting transactions
chatterbot Charlie submitting transactions
chatterbot Golf submitting transactions
chatterbot Echo submitting transactions
chatterbot India submitting transactions
chatterbot Victor submitting transactions
ChatterBot India round 9
ChatterBot Victor round 9
ChatterBot Yankee round 9
ChatterBot Uniform round 9
ChatterBot Alpha round 9
2024-10-14 18:32:37.509558 Yankee: We should replace Sierra with Uniform
2024-10-14 18:32:37.521909 India: No
2024-10-14 18:32:37.522157 Victor: No
2024-10-14 18:32:37.522299 Alpha: No
2024-10-14 18:32:37.522544 Golf: No
ChatterBot Yankee reevaluating
ChatterBot Victor reevaluating
ChatterBot Yankee reevaluating
ChatterBot Yankee reevaluating
ChatterBot Victor reevaluating
ChatterBot Yankee reevaluating
ChatterBot Victor reevaluating
ChatterBot Sierra round 9
ChatterBot Hotel round 9
ChatterBot Charlie round 9
ChatterBot Golf round 9
ChatterBot Echo round 9
2024-10-14 18:32:37.602590 Victor: Uniform we want you to join our group
2024-10-14 18:32:37.606481 Uniform: Yes
ChatterBot Yankee reevaluating
2024-10-14 18:32:37.622670 Uniform: India, Sierra and Golf, sending you 2
2024-10-14 18:32:37.623705 Alpha: India, Victor, Uniform, Sierra and Golf, sending you 2
2024-10-14 18:32:37.627674 Yankee: Uniform we want you to join our group
2024-10-14 18:32:37.632726 Uniform: Yes
ChatterBot Yankee reevaluating
2024-10-14 18:32:37.658374 Uniform: Victor and Yankee, sending you 1
2024-10-14 18:32:37.660547 Alpha: Yankee, sending you 3
2024-10-14 18:32:37.662335 Hotel: Charlie, sending you 7
2024-10-14 18:32:37.663526 Charlie: Hotel, sending you 3
2024-10-14 18:32:37.664362 Sierra: India, Victor, Yankee, Uniform and Golf, sending you 2
2024-10-14 18:32:37.666486 India: Victor, Yankee and Alpha, sending you 3
2024-10-14 18:32:37.668286 Uniform: Alpha, sending you 3
2024-10-14 18:32:37.669167 Hotel: Echo, sending you 8
2024-10-14 18:32:37.669573 Echo: Same as last round
2024-10-14 18:32:37.669979 Victor: India, Yankee, Alpha and Golf, sending you 3
2024-10-14 18:32:37.671622 Charlie: Golf, sending you 4
2024-10-14 18:32:37.672030 Golf: India, Yankee, Uniform, Alpha and Sierra, sending you 2
2024-10-14 18:32:37.673771 Sierra: Alpha, sending you 3
2024-10-14 18:32:37.674713 India: Uniform, Sierra and Golf, sending you 2
2024-10-14 18:32:37.676215 Victor: Uniform, sending you 2
2024-10-14 18:32:37.676944 Charlie: Echo, sending you 5
2024-10-14 18:32:37.678685 Golf: Victor, sending you 3
2024-10-14 18:32:37.697700 Yankee: India and Victor, sending you 3
2024-10-14 18:32:37.701639 Yankee: Uniform, sending you 1
2024-10-14 18:32:37.704697 Yankee: Alpha, sending you 4
2024-10-14 18:32:37.710673 Yankee: Golf, sending you 2
chatterbot Uniform submitting transactions
chatterbot Charlie submitting transactions
chatterbot Golf submitting transactions
chatterbot India submitting transactions
chatterbot Victor submitting transactions
chatterbot Hotel submitting transactions
chatterbot Alpha submitting transactions
chatterbot Sierra submitting transactions
chatterbot Yankee submitting transactions
chatterbot Echo submitting transactions
ChatterBot India round 10
ChatterBot Victor round 10
ChatterBot Yankee round 10
ChatterBot Uniform round 10
ChatterBot Alpha round 10
ChatterBot Sierra round 10
ChatterBot Hotel round 10
ChatterBot Charlie round 10
ChatterBot Golf round 10
ChatterBot Echo round 10
2024-10-14 18:32:38.886999 Charlie: We should replace Golf with Uniform
2024-10-14 18:32:38.896323 Hotel: No
2024-10-14 18:32:38.896866 Echo: No
ChatterBot Charlie reevaluating
ChatterBot Charlie reevaluating
2024-10-14 18:32:38.952050 Charlie: We should replace Golf with Yankee
2024-10-14 18:32:38.958436 Hotel: No
2024-10-14 18:32:38.958705 Echo: No
ChatterBot Charlie reevaluating
ChatterBot Charlie reevaluating
2024-10-14 18:32:38.979302 Charlie: Uniform we want you to join our group
2024-10-14 18:32:38.985684 Uniform: No
ChatterBot Charlie reevaluating
2024-10-14 18:32:39.002074 Charlie: We should replace Golf with Victor
2024-10-14 18:32:39.010889 Hotel: No
2024-10-14 18:32:39.011251 Echo: No
ChatterBot Charlie reevaluating
ChatterBot Charlie reevaluating
2024-10-14 18:32:39.030827 Alpha: India, Victor, Uniform, Sierra and Golf, sending you 2
2024-10-14 18:32:39.033510 Charlie: We should replace Golf with Sierra
2024-10-14 18:32:39.038910 Hotel: No
2024-10-14 18:32:39.039076 Echo: No
ChatterBot Charlie reevaluating
ChatterBot Charlie reevaluating
2024-10-14 18:32:39.051499 Hotel: Charlie, sending you 7
2024-10-14 18:32:39.051945 Golf: India, Yankee, Uniform, Alpha and Sierra, sending you 2
2024-10-14 18:32:39.054060 Alpha: Yankee, sending you 3
2024-10-14 18:32:39.055590 Victor: India, Yankee, Alpha and Golf, sending you 3
2024-10-14 18:32:39.056372 Yankee: India and Victor, sending you 3
2024-10-14 18:32:39.057673 Sierra: India, Victor, Uniform and Golf, sending you 2
2024-10-14 18:32:39.059169 Uniform: India, Victor, Alpha, Sierra and Golf, sending you 2
2024-10-14 18:32:39.060228 Echo: Same as last round
2024-10-14 18:32:39.061228 India: Victor, Yankee and Alpha, sending you 3
2024-10-14 18:32:39.063279 Hotel: Echo, sending you 8
2024-10-14 18:32:39.063762 Golf: Victor, sending you 3
2024-10-14 18:32:39.065460 Victor: Uniform, sending you 2
2024-10-14 18:32:39.066290 Yankee: Uniform, sending you 1
2024-10-14 18:32:39.067592 Sierra: Yankee, sending you 1
2024-10-14 18:32:39.068879 Uniform: Yankee, sending you 1
2024-10-14 18:32:39.070462 India: Uniform, Sierra and Golf, sending you 2
2024-10-14 18:32:39.072173 Charlie: Sierra we want you to join our group
2024-10-14 18:32:39.076609 Sierra: No
ChatterBot Charlie reevaluating
2024-10-14 18:32:39.090737 Yankee: Alpha, sending you 4
2024-10-14 18:32:39.092169 Sierra: Alpha, sending you 4
2024-10-14 18:32:39.096664 Yankee: Golf, sending you 2
2024-10-14 18:32:39.121679 Charlie: Hotel, sending you 3
2024-10-14 18:32:39.124814 Charlie: Echo, sending you 5
chatterbot Uniform submitting transactions
chatterbot Sierra submitting transactions
chatterbot Charlie submitting transactions
chatterbot Hotel submitting transactions
chatterbot Golf submitting transactions
chatterbot India submitting transactions
chatterbot Yankee submitting transactions
chatterbot Echo submitting transactions
chatterbot Alpha submitting transactions
chatterbot Victor submitting transactions
ChatterBot India round 11
ChatterBot Victor round 11
ChatterBot Yankee round 11
ChatterBot Uniform round 11
ChatterBot Alpha round 11
ChatterBot Sierra round 11
ChatterBot Hotel round 11
ChatterBot Charlie round 11
ChatterBot Golf round 11
ChatterBot Echo round 11
2024-10-14 18:32:40.126659 Charlie: We should replace Sierra with Uniform
2024-10-14 18:32:40.132760 Hotel: No
2024-10-14 18:32:40.133066 Echo: No
ChatterBot Charlie reevaluating
ChatterBot Charlie reevaluating
2024-10-14 18:32:40.175695 Victor: India, Yankee, Alpha and Golf, sending you 3
2024-10-14 18:32:40.176863 Uniform: India, Victor, Alpha, Sierra and Golf, sending you 2
2024-10-14 18:32:40.178856 Hotel: Charlie, sending you 7
2024-10-14 18:32:40.180152 Yankee: India and Victor, sending you 3
2024-10-14 18:32:40.182282 Victor: Uniform, sending you 2
2024-10-14 18:32:40.183965 Uniform: Yankee, sending you 1
2024-10-14 18:32:40.186367 Golf: India, Yankee, Uniform, Alpha and Sierra, sending you 2
2024-10-14 18:32:40.188781 Hotel: Echo, sending you 8
2024-10-14 18:32:40.190264 Yankee: Uniform, sending you 1
2024-10-14 18:32:40.191357 India: Victor, Yankee and Alpha, sending you 3
2024-10-14 18:32:40.193725 Alpha: India, Victor, Uniform, Sierra and Golf, sending you 2
2024-10-14 18:32:40.196955 Sierra: India, Victor and Uniform, sending you 2
2024-10-14 18:32:40.198399 Charlie: Hotel, sending you 3
2024-10-14 18:32:40.199706 Golf: Victor, sending you 3
2024-10-14 18:32:40.201109 Yankee: Alpha, sending you 4
2024-10-14 18:32:40.202774 India: Uniform, Sierra and Golf, sending you 2
2024-10-14 18:32:40.204064 Alpha: Yankee, sending you 3
2024-10-14 18:32:40.205964 Echo: Same as last round
2024-10-14 18:32:40.207222 Sierra: Yankee, sending you 1
2024-10-14 18:32:40.209882 Charlie: Echo, sending you 5
2024-10-14 18:32:40.210758 Yankee: Golf, sending you 2
2024-10-14 18:32:40.214700 Sierra: Alpha and Golf, sending you 3
chatterbot Uniform submitting transactions
