ChatterBot Quebec round 1
ChatterBot Yankee round 1
ChatterBot Romeo round 1
ChatterBot Juliett round 1
ChatterBot Foxtrot round 1
ChatterBot Alpha round 1
ChatterBot Delta round 1
ChatterBot Uniform round 1
ChatterBot November round 1
ChatterBot Bravo round 1
randomSelections Romeo: {Romeo, Quebec, November, Alpha} 
2024-10-14 18:32:24.645294 Romeo: Friends?
ChatterBot Quebec reevaluating
ChatterBot November reevaluating
ChatterBot Alpha reevaluating
2024-10-14 18:32:24.656429 Quebec: Yes
2024-10-14 18:32:24.656621 November: Yes
2024-10-14 18:32:24.656765 Alpha: Yes
ChatterBot November reevaluating
ChatterBot Alpha reevaluating
ChatterBot Quebec reevaluating
ChatterBot Alpha reevaluating
ChatterBot Quebec reevaluating
ChatterBot November reevaluating
randomSelections Yankee: {Yankee, Delta, Uniform, Alpha, Juliett, Foxtrot} 
2024-10-14 18:32:24.696705 Yankee: Group up?
ChatterBot Delta reevaluating
ChatterBot Uniform reevaluating
ChatterBot Alpha reevaluating
ChatterBot Juliett reevaluating
ChatterBot Foxtrot reevaluating
2024-10-14 18:32:24.757865 Delta: Yes
2024-10-14 18:32:24.758205 Uniform: Yes
2024-10-14 18:32:24.758493 Alpha: No
2024-10-14 18:32:24.759527 Juliett: Yes
2024-10-14 18:32:24.759750 Foxtrot: Yes
ChatterBot Uniform reevaluating
ChatterBot Alpha reevaluating
ChatterBot Juliett reevaluating
ChatterBot Foxtrot reevaluating
ChatterBot Delta reevaluating
ChatterBot Alpha reevaluating
ChatterBot Juliett reevaluating
ChatterBot Foxtrot reevaluating
ChatterBot Delta reevaluating
ChatterBot Uniform reevaluating
ChatterBot Juliett reevaluating
ChatterBot Foxtrot reevaluating
ChatterBot Delta reevaluating
ChatterBot Uniform reevaluating
ChatterBot Alpha reevaluating
ChatterBot Foxtrot reevaluating
ChatterBot Delta reevaluating
ChatterBot Uniform reevaluating
ChatterBot Alpha reevaluating
ChatterBot Juliett reevaluating
randomSelections Bravo: {Bravo, Foxtrot, Quebec, Alpha, Juliett, Yankee, Uniform} 
2024-10-14 18:32:24.806032 Bravo: We would work well together
ChatterBot Foxtrot reevaluating
ChatterBot Quebec reevaluating
ChatterBot Alpha reevaluating
ChatterBot Juliett reevaluating
ChatterBot Uniform reevaluating
2024-10-14 18:32:24.815137 Foxtrot: No
2024-10-14 18:32:24.815343 Quebec: No
2024-10-14 18:32:24.815491 Alpha: No
2024-10-14 18:32:24.815785 Juliett: No
2024-10-14 18:32:24.816011 Yankee: No
2024-10-14 18:32:24.816640 Uniform: No
ChatterBot Quebec reevaluating
ChatterBot Alpha reevaluating
ChatterBot Juliett reevaluating
ChatterBot Uniform reevaluating
ChatterBot Foxtrot reevaluating
ChatterBot Alpha reevaluating
ChatterBot Juliett reevaluating
ChatterBot Uniform reevaluating
ChatterBot Foxtrot reevaluating
ChatterBot Quebec reevaluating
ChatterBot Juliett reevaluating
ChatterBot Uniform reevaluating
ChatterBot Foxtrot reevaluating
ChatterBot Quebec reevaluating
ChatterBot Alpha reevaluating
ChatterBot Uniform reevaluating
ChatterBot Foxtrot reevaluating
ChatterBot Quebec reevaluating
ChatterBot Alpha reevaluating
ChatterBot Juliett reevaluating
ChatterBot Uniform reevaluating
ChatterBot Foxtrot reevaluating
ChatterBot Quebec reevaluating
ChatterBot Alpha reevaluating
ChatterBot Juliett reevaluating
2024-10-14 18:32:24.881666 Alpha: Quebec, sending you 6
2024-10-14 18:32:24.886375 Juliett: Yankee and Alpha, sending you 2
2024-10-14 18:32:24.887256 Alpha: Romeo and November, sending you 4
2024-10-14 18:32:24.888817 November: Quebec, sending you 5
2024-10-14 18:32:24.889599 Quebec: Romeo, sending you 2
2024-10-14 18:32:24.891070 Bravo: Quebec, sending you 6
2024-10-14 18:32:24.891966 Foxtrot: Juliett and Delta, sending you 4
2024-10-14 18:32:24.893690 Juliett: Foxtrot, sending you 1
2024-10-14 18:32:24.894880 Delta: Yankee, Foxtrot and Alpha, sending you 2
2024-10-14 18:32:24.896161 Romeo: Quebec and November, sending you 3
2024-10-14 18:32:24.896811 Yankee: Juliett, sending you 3
2024-10-14 18:32:24.898259 November: Romeo, sending you 2
2024-10-14 18:32:24.898763 Bravo: Yankee, sending you 2
2024-10-14 18:32:24.899664 Quebec: Alpha and November, sending you 5
2024-10-14 18:32:24.901416 Foxtrot: Alpha, sending you 1
2024-10-14 18:32:24.901790 Juliett: Delta, sending you 3
2024-10-14 18:32:24.902173 Delta: Juliett, sending you 4
2024-10-14 18:32:24.903077 Romeo: Alpha, sending you 8
2024-10-14 18:32:24.903474 Yankee: Foxtrot, sending you 2
2024-10-14 18:32:24.903812 November: Alpha, sending you 3
2024-10-14 18:32:24.904672 Bravo: Juliett, sending you 1
2024-10-14 18:32:24.904981 Foxtrot: Uniform, sending you 5
2024-10-14 18:32:24.906689 Juliett: Uniform, sending you 5
2024-10-14 18:32:24.907116 Delta: Uniform, sending you 3
2024-10-14 18:32:24.908113 Yankee: Alpha, Delta and Uniform, sending you 1
2024-10-14 18:32:24.909671 Bravo: Alpha and Uniform, sending you 3
chatterbot Delta submitting transactions
chatterbot Bravo submitting transactions
chatterbot Alpha submitting transactions
chatterbot Juliett submitting transactions
chatterbot November submitting transactions
chatterbot Foxtrot submitting transactions
chatterbot Yankee submitting transactions
chatterbot Romeo submitting transactions
chatterbot Quebec submitting transactions
chatterbot Uniform submitting transactions
ChatterBot Quebec round 2
ChatterBot Yankee round 2
ChatterBot Romeo round 2
ChatterBot Juliett round 2
ChatterBot Foxtrot round 2
ChatterBot Alpha round 2
ChatterBot Delta round 2
ChatterBot Uniform round 2
ChatterBot November round 2
ChatterBot Bravo round 2
2024-10-14 18:32:26.279003 Quebec: We should add Bravo
ChatterBot Romeo reevaluating
ChatterBot November reevaluating
ChatterBot Alpha reevaluating
2024-10-14 18:32:26.296828 Romeo: No
2024-10-14 18:32:26.297003 November: No
2024-10-14 18:32:26.297206 Alpha: Yes
ChatterBot November reevaluating
ChatterBot Alpha reevaluating
ChatterBot Romeo reevaluating
ChatterBot Quebec reevaluating
ChatterBot Alpha reevaluating
ChatterBot Romeo reevaluating
ChatterBot Quebec reevaluating
ChatterBot November reevaluating
2024-10-14 18:32:26.429007 Juliett: We should replace Alpha with Bravo
ChatterBot Yankee reevaluating
ChatterBot Foxtrot reevaluating
ChatterBot Delta reevaluating
ChatterBot Uniform reevaluating
2024-10-14 18:32:26.445062 Yankee: Yes
2024-10-14 18:32:26.445604 Foxtrot: Yes
2024-10-14 18:32:26.445799 Delta: No
2024-10-14 18:32:26.446424 Uniform: Yes
ChatterBot Foxtrot reevaluating
ChatterBot Delta reevaluating
ChatterBot Uniform reevaluating
ChatterBot Yankee reevaluating
ChatterBot Delta reevaluating
ChatterBot Uniform reevaluating
ChatterBot Yankee reevaluating
ChatterBot Foxtrot reevaluating
ChatterBot Uniform reevaluating
ChatterBot Yankee reevaluating
ChatterBot Foxtrot reevaluating
ChatterBot Delta reevaluating
2024-10-14 18:32:26.518775 Bravo: Can we be friends?
ChatterBot Quebec reevaluating
ChatterBot Alpha reevaluating
ChatterBot November reevaluating
2024-10-14 18:32:26.529025 Quebec: Yes
2024-10-14 18:32:26.529625 Alpha: Yes
2024-10-14 18:32:26.529793 November: Yes
ChatterBot Bravo reevaluating
ChatterBot Alpha reevaluating
ChatterBot November reevaluating
ChatterBot Bravo reevaluating
ChatterBot Quebec reevaluating
ChatterBot November reevaluating
ChatterBot Bravo reevaluating
ChatterBot Quebec reevaluating
ChatterBot Alpha reevaluating
2024-10-14 18:32:26.565751 Juliett: Bravo we want you to join our group
ChatterBot Bravo reevaluating
2024-10-14 18:32:26.571427 Bravo: No
ChatterBot Yankee reevaluating
ChatterBot Foxtrot reevaluating
ChatterBot Delta reevaluating
ChatterBot Uniform reevaluating
2024-10-14 18:32:26.593198 Quebec: Bravo we want you to join our group
ChatterBot Bravo reevaluating
2024-10-14 18:32:26.597948 Bravo: Yes
ChatterBot Quebec reevaluating
2024-10-14 18:32:26.610222 Delta: We should drop Alpha
ChatterBot Yankee reevaluating
ChatterBot Foxtrot reevaluating
2024-10-14 18:32:26.622890 Juliett: Yes
2024-10-14 18:32:26.623385 Yankee: Yes
2024-10-14 18:32:26.623497 Foxtrot: Yes
2024-10-14 18:32:26.623595 Uniform: Yes
ChatterBot Yankee reevaluating
ChatterBot Foxtrot reevaluating
ChatterBot Delta reevaluating
ChatterBot Foxtrot reevaluating
ChatterBot Delta reevaluating
ChatterBot Yankee reevaluating
ChatterBot Delta reevaluating
ChatterBot Yankee reevaluating
ChatterBot Foxtrot reevaluating
ChatterBot Delta reevaluating
2024-10-14 18:32:26.675900 Uniform: Bravo we want you to join our group
ChatterBot Bravo reevaluating
2024-10-14 18:32:26.679861 Bravo: No
ChatterBot Yankee reevaluating
ChatterBot Delta reevaluating
2024-10-14 18:32:26.695769 Romeo: Quebec and November, sending you 4
2024-10-14 18:32:26.696237 Foxtrot: Bravo we want you to join our group
ChatterBot Bravo reevaluating
2024-10-14 18:32:26.700500 Bravo: No
ChatterBot Delta reevaluating
2024-10-14 18:32:26.715368 Alpha: Quebec, November and Bravo, sending you 2
2024-10-14 18:32:26.716147 Romeo: Alpha, sending you 6
2024-10-14 18:32:26.716394 Juliett: Yankee, sending you 3
2024-10-14 18:32:26.716692 Yankee: Bravo we want you to join our group
ChatterBot Bravo reevaluating
2024-10-14 18:32:26.720605 Bravo: No
ChatterBot Delta reevaluating
2024-10-14 18:32:26.735363 Alpha: Yankee, Juliett, Foxtrot, Delta and Uniform, sending you 1
2024-10-14 18:32:26.736202 Juliett: Foxtrot and Delta, sending you 5
2024-10-14 18:32:27.557574 Uniform: Yankee, sending you 2
2024-10-14 18:32:27.557915 Alpha: Romeo, sending you 3
2024-10-14 18:32:27.558534 Juliett: Bravo, sending you 1
2024-10-14 18:32:27.558769 Quebec: Sending you each 3
chatterbot Romeo submitting transactions
2024-10-14 18:32:27.881538 Uniform: Juliett, Foxtrot, Delta and Bravo, sending you 3
2024-10-14 18:32:27.882108 Yankee: Juliett, Delta and Bravo, sending you 2
2024-10-14 18:32:27.883178 Foxtrot: Yankee, sending you 5
chatterbot Foxtrot submitting transactions
chatterbot Juliett submitting transactions
chatterbot Bravo submitting transactions
chatterbot Alpha submitting transactions
2024-10-14 18:32:28.001378 Yankee: Foxtrot and Uniform, sending you 1
2024-10-14 18:32:28.002259 Foxtrot: Juliett, sending you 3
2024-10-14 18:32:28.002758 Bravo: Quebec, Romeo, Foxtrot, Alpha and November, sending you 3
chatterbot Yankee submitting transactions
chatterbot Quebec submitting transactions
2024-10-14 18:32:28.030447 Foxtrot: Delta, sending you 4
2024-10-14 18:32:28.031537 Delta: Yankee, sending you 3
2024-10-14 18:32:28.044326 Foxtrot: Uniform and Bravo, sending you 1
2024-10-14 18:32:28.044947 Delta: Juliett, sending you 4
2024-10-14 18:32:28.053974 Delta: Foxtrot, sending you 5
2024-10-14 18:32:28.063001 Delta: Uniform, sending you 2
chatterbot Delta submitting transactions
chatterbot November submitting transactions
chatterbot Uniform submitting transactions
ChatterBot Quebec round 3
ChatterBot Yankee round 3
ChatterBot Romeo round 3
ChatterBot Juliett round 3
ChatterBot Foxtrot round 3
ChatterBot Alpha round 3
ChatterBot Delta round 3
ChatterBot Uniform round 3
ChatterBot November round 3
ChatterBot Bravo round 3
2024-10-14 18:32:28.696865 November: We should add Bravo
ChatterBot Romeo reevaluating
2024-10-14 18:32:28.709736 Romeo: Yes
2024-10-14 18:32:28.709902 Quebec: Yes
2024-10-14 18:32:28.710023 Alpha: Yes
ChatterBot Romeo reevaluating
ChatterBot Romeo reevaluating
2024-10-14 18:32:28.739840 Bravo: We should replace Foxtrot with Uniform
ChatterBot Romeo reevaluating
2024-10-14 18:32:28.751628 Quebec: No
2024-10-14 18:32:28.751785 Romeo: No
2024-10-14 18:32:28.752308 Alpha: No
2024-10-14 18:32:28.752404 November: No
ChatterBot Romeo reevaluating
ChatterBot Romeo reevaluating
ChatterBot Romeo reevaluating
ChatterBot Alpha reevaluating
2024-10-14 18:32:28.799789 November: Bravo we want you to join our group
2024-10-14 18:32:28.802930 Bravo: Yes
ChatterBot Romeo reevaluating
ChatterBot Alpha reevaluating
2024-10-14 18:32:28.816346 Bravo: Uniform we want you to join our group
2024-10-14 18:32:28.819840 Uniform: No
ChatterBot Romeo reevaluating
ChatterBot Alpha reevaluating
2024-10-14 18:32:28.929794 Juliett: Yankee, sending you 3
2024-10-14 18:32:28.930182 Uniform: Yankee and Bravo, sending you 2
2024-10-14 18:32:28.930863 Yankee: Juliett, Foxtrot, Delta and Uniform, sending you 2
2024-10-14 18:32:28.931146 Quebec: Same as last round
2024-10-14 18:32:28.931401 Delta: Yankee and Uniform, sending you 3
2024-10-14 18:32:28.931652 Foxtrot: Yankee and Bravo, sending you 2
2024-10-14 18:32:28.932376 Romeo: Bravo we want you to join our group
2024-10-14 18:32:28.935605 Bravo: Yes
ChatterBot Alpha reevaluating
2024-10-14 18:32:29.011801 Juliett: Foxtrot and Delta, sending you 4
2024-10-14 18:32:29.015508 Uniform: Juliett and Delta, sending you 3
2024-10-14 18:32:29.015985 Delta: Juliett and Foxtrot, sending you 4
2024-10-14 18:32:29.020973 Foxtrot: Juliett and Uniform, sending you 3
2024-10-14 18:32:29.022671 Bravo: Quebec and Uniform, sending you 4
2024-10-14 18:32:29.023376 November: Quebec, Romeo and Alpha, sending you 3
2024-10-14 18:32:29.024485 Uniform: Foxtrot, sending you 4
2024-10-14 18:32:29.025654 Juliett: Uniform, sending you 2
2024-10-14 18:32:29.027180 Bravo: Romeo and November, sending you 2
2024-10-14 18:32:29.028272 Foxtrot: Delta, sending you 4
2024-10-14 18:32:29.029099 November: Bravo, sending you 1
2024-10-14 18:32:29.155774 Juliett: Bravo, sending you 1
2024-10-14 18:32:29.157721 Bravo: Alpha, sending you 3
2024-10-14 18:32:29.263436 Romeo: Quebec and Alpha, sending you 4
2024-10-14 18:32:29.264164 Alpha: Quebec, November and Bravo, sending you 3
2024-10-14 18:32:29.284191 Romeo: November and Bravo, sending you 3
2024-10-14 18:32:29.284767 Alpha: Romeo, sending you 4
2024-10-14 18:32:29.333745 Alpha: Juliett, sending you 1
chatterbot Foxtrot submitting transactions
chatterbot Bravo submitting transactions
chatterbot Yankee submitting transactions
chatterbot November submitting transactions
chatterbot Juliett submitting transactions
chatterbot Delta submitting transactions
chatterbot Quebec submitting transactions
chatterbot Uniform submitting transactions
chatterbot Alpha submitting transactions
chatterbot Romeo submitting transactions
ChatterBot Quebec round 4
ChatterBot Yankee round 4
ChatterBot Romeo round 4
ChatterBot Juliett round 4
ChatterBot Foxtrot round 4
ChatterBot Alpha round 4
ChatterBot Delta round 4
ChatterBot Uniform round 4
ChatterBot November round 4
ChatterBot Bravo round 4
2024-10-14 18:32:30.185889 Alpha: We should replace Juliett with Yankee
2024-10-14 18:32:30.196736 Quebec: No
2024-10-14 18:32:30.196894 Romeo: No
2024-10-14 18:32:30.197015 November: No
2024-10-14 18:32:30.197124 Bravo: No
ChatterBot Alpha reevaluating
ChatterBot Alpha reevaluating
ChatterBot Alpha reevaluating
ChatterBot Alpha reevaluating
2024-10-14 18:32:30.310237 Foxtrot: Yankee and Bravo, sending you 2
2024-10-14 18:32:30.310676 Romeo: Quebec and Alpha, sending you 4
2024-10-14 18:32:30.311567 Bravo: Quebec, sending you 4
2024-10-14 18:32:30.311859 Quebec: Same as last round
2024-10-14 18:32:30.312188 Delta: Yankee and Uniform, sending you 3
2024-10-14 18:32:30.312450 Juliett: Yankee, sending you 2
2024-10-14 18:32:30.339208 Bravo: Romeo, Alpha and Uniform, sending you 3
2024-10-14 18:32:30.339737 Delta: Juliett and Foxtrot, sending you 4
2024-10-14 18:32:30.340114 Foxtrot: Juliett and Uniform, sending you 3
2024-10-14 18:32:30.341488 Romeo: November and Bravo, sending you 3
2024-10-14 18:32:30.341930 Alpha: Quebec, November and Bravo, sending you 2
2024-10-14 18:32:30.343588 Juliett: Foxtrot, sending you 4
2024-10-14 18:32:30.344027 Uniform: Yankee, sending you 2
2024-10-14 18:32:30.344475 November: Quebec, Romeo and Alpha, sending you 3
2024-10-14 18:32:30.348435 Yankee: Juliett, Foxtrot, Delta and Uniform, sending you 2
2024-10-14 18:32:30.348972 Bravo: November, sending you 2
2024-10-14 18:32:30.349374 Foxtrot: Delta, sending you 4
2024-10-14 18:32:30.351035 Alpha: Yankee, Juliett, Foxtrot, Delta and Uniform, sending you 1
2024-10-14 18:32:30.351558 Uniform: Juliett, Foxtrot, Delta and Bravo, sending you 3
2024-10-14 18:32:30.352065 Juliett: Delta, sending you 5
2024-10-14 18:32:30.354452 November: Bravo, sending you 1
2024-10-14 18:32:30.354839 Alpha: Romeo, sending you 3
2024-10-14 18:32:30.358830 Juliett: Uniform, sending you 3
chatterbot Romeo submitting transactions
chatterbot November submitting transactions
chatterbot Uniform submitting transactions
chatterbot Yankee submitting transactions
chatterbot Quebec submitting transactions
chatterbot Juliett submitting transactions
chatterbot Delta submitting transactions
chatterbot Alpha submitting transactions
chatterbot Foxtrot submitting transactions
chatterbot Bravo submitting transactions
ChatterBot Quebec round 5
ChatterBot Yankee round 5
ChatterBot Romeo round 5
ChatterBot Juliett round 5
ChatterBot Foxtrot round 5
ChatterBot Alpha round 5
ChatterBot Delta round 5
ChatterBot Uniform round 5
ChatterBot November round 5
ChatterBot Bravo round 5
2024-10-14 18:32:31.555205 Quebec: Same as last round
2024-10-14 18:32:31.556062 Romeo: Quebec and Alpha, sending you 4
2024-10-14 18:32:31.558770 Juliett: Yankee and Uniform, sending you 3
2024-10-14 18:32:31.559705 Alpha: Quebec, November and Bravo, sending you 3
2024-10-14 18:32:31.562094 Romeo: November and Bravo, sending you 3
2024-10-14 18:32:31.562852 Uniform: Yankee, sending you 2
2024-10-14 18:32:31.564038 Juliett: Foxtrot and Delta, sending you 4
2024-10-14 18:32:31.564659 Alpha: Romeo, sending you 4
2024-10-14 18:32:31.566711 Yankee: Juliett, Foxtrot, Delta and Uniform, sending you 2
2024-10-14 18:32:31.567946 Uniform: Juliett, Foxtrot, Delta and Bravo, sending you 3
2024-10-14 18:32:31.568622 Alpha: Juliett, sending you 1
2024-10-14 18:32:31.570660 Delta: Yankee and Uniform, sending you 3
2024-10-14 18:32:31.571517 Foxtrot: Yankee and Bravo, sending you 2
2024-10-14 18:32:31.573692 November: Quebec, Romeo and Alpha, sending you 3
2024-10-14 18:32:31.574743 Bravo: Quebec, sending you 4
2024-10-14 18:32:31.575268 Delta: Juliett and Foxtrot, sending you 4
2024-10-14 18:32:31.576668 Foxtrot: Juliett and Uniform, sending you 3
2024-10-14 18:32:31.578693 November: Bravo, sending you 1
2024-10-14 18:32:31.579127 Bravo: Romeo, Alpha and Uniform, sending you 3
2024-10-14 18:32:31.580677 Foxtrot: Delta, sending you 4
2024-10-14 18:32:31.584664 Bravo: November, sending you 2
chatterbot Delta submitting transactions
chatterbot Uniform submitting transactions
chatterbot Foxtrot submitting transactions
chatterbot Juliett submitting transactions
chatterbot Yankee submitting transactions
chatterbot Bravo submitting transactions
chatterbot November submitting transactions
chatterbot Romeo submitting transactions
chatterbot Alpha submitting transactions
chatterbot Quebec submitting transactions
ChatterBot Quebec round 6
ChatterBot Yankee round 6
ChatterBot Romeo round 6
ChatterBot Juliett round 6
ChatterBot Foxtrot round 6
ChatterBot Alpha round 6
ChatterBot Delta round 6
ChatterBot Uniform round 6
ChatterBot November round 6
ChatterBot Bravo round 6
2024-10-14 18:32:32.771686 Alpha: Quebec, Romeo, November and Bravo, sending you 3
2024-10-14 18:32:32.772731 Juliett: Yankee, sending you 2
2024-10-14 18:32:32.775673 Uniform: Yankee, sending you 2
2024-10-14 18:32:32.777688 Alpha: Juliett, sending you 2
2024-10-14 18:32:32.778417 Juliett: Foxtrot, sending you 4
2024-10-14 18:32:32.780291 Yankee: Juliett, Foxtrot, Delta and Uniform, sending you 2
2024-10-14 18:32:32.781116 Uniform: Juliett, Foxtrot, Delta and Bravo, sending you 3
2024-10-14 18:32:32.781905 Quebec: Same as last round
2024-10-14 18:32:32.783690 Juliett: Delta, sending you 5
2024-10-14 18:32:32.784756 Foxtrot: Yankee and Bravo, sending you 2
2024-10-14 18:32:32.785421 Delta: Yankee and Uniform, sending you 3
2024-10-14 18:32:32.786477 Bravo: Quebec, sending you 4
2024-10-14 18:32:32.787010 November: Quebec, Romeo and Alpha, sending you 3
2024-10-14 18:32:32.787719 Romeo: Quebec and Alpha, sending you 4
2024-10-14 18:32:32.788628 Juliett: Uniform, sending you 3
2024-10-14 18:32:32.790622 Foxtrot: Juliett and Uniform, sending you 3
2024-10-14 18:32:32.791332 Delta: Juliett and Foxtrot, sending you 4
2024-10-14 18:32:32.791893 Bravo: Romeo, Alpha and Uniform, sending you 3
2024-10-14 18:32:32.793049 November: Bravo, sending you 1
2024-10-14 18:32:32.793954 Romeo: November and Bravo, sending you 3
2024-10-14 18:32:32.795905 Foxtrot: Delta, sending you 4
2024-10-14 18:32:32.796793 Bravo: November, sending you 2
chatterbot Foxtrot submitting transactions
chatterbot Uniform submitting transactions
chatterbot Bravo submitting transactions
chatterbot Juliett submitting transactions
chatterbot Delta submitting transactions
chatterbot Yankee submitting transactions
chatterbot Quebec submitting transactions
chatterbot November submitting transactions
chatterbot Romeo submitting transactions
chatterbot Alpha submitting transactions
ChatterBot Quebec round 7
ChatterBot Yankee round 7
ChatterBot Romeo round 7
ChatterBot Juliett round 7
ChatterBot Foxtrot round 7
ChatterBot Alpha round 7
ChatterBot Delta round 7
ChatterBot Uniform round 7
ChatterBot November round 7
ChatterBot Bravo round 7
2024-10-14 18:32:33.927041 Foxtrot: We should drop Bravo
ChatterBot Juliett reevaluating
2024-10-14 18:32:33.939533 Juliett: Yes
2024-10-14 18:32:33.939749 Yankee: No
2024-10-14 18:32:33.940241 Delta: Yes
2024-10-14 18:32:33.940378 Uniform: No
ChatterBot Yankee reevaluating
ChatterBot Juliett reevaluating
ChatterBot Juliett reevaluating
ChatterBot Yankee reevaluating
ChatterBot Juliett reevaluating
ChatterBot Yankee reevaluating
2024-10-14 18:32:33.987123 Romeo: Quebec and Alpha, sending you 4
2024-10-14 18:32:33.987662 Quebec: Same as last round
2024-10-14 18:32:33.991839 Romeo: November and Bravo, sending you 3
2024-10-14 18:32:33.993746 Yankee: Romeo we want you to join our group
ChatterBot Romeo reevaluating
2024-10-14 18:32:33.997999 Romeo: No
ChatterBot Yankee reevaluating
ChatterBot Juliett reevaluating
ChatterBot Foxtrot reevaluating
2024-10-14 18:32:34.014544 Bravo: Quebec, sending you 4
2024-10-14 18:32:34.014993 Delta: Yankee and Uniform, sending you 3
2024-10-14 18:32:34.018694 Alpha: Quebec, Romeo, November and Bravo, sending you 3
2024-10-14 18:32:34.019112 November: Quebec, Romeo and Alpha, sending you 3
2024-10-14 18:32:34.019733 Bravo: Romeo, Alpha and Uniform, sending you 3
2024-10-14 18:32:34.020346 Delta: Juliett and Foxtrot, sending you 4
2024-10-14 18:32:34.020945 Uniform: Yankee, sending you 2
2024-10-14 18:32:34.022232 Romeo: We should drop Quebec
ChatterBot Alpha reevaluating
2024-10-14 18:32:34.036438 Alpha: No
2024-10-14 18:32:34.036584 November: No
2024-10-14 18:32:34.036719 Bravo: No
ChatterBot Romeo reevaluating
ChatterBot Romeo reevaluating
ChatterBot Alpha reevaluating
ChatterBot Romeo reevaluating
ChatterBot Alpha reevaluating
2024-10-14 18:32:34.066530 November: Bravo, sending you 1
2024-10-14 18:32:34.066891 Bravo: November, sending you 2
2024-10-14 18:32:34.067172 Uniform: Juliett, Foxtrot, Delta and Bravo, sending you 3
2024-10-14 18:32:34.071701 Juliett: Yankee, Foxtrot and Uniform, sending you 3
2024-10-14 18:32:34.074691 Juliett: Delta, sending you 5
2024-10-14 18:32:34.085681 Yankee: Juliett, Foxtrot, Delta and Uniform, sending you 2
chatterbot Bravo submitting transactions
chatterbot Alpha submitting transactions
chatterbot Romeo submitting transactions
chatterbot Delta submitting transactions
chatterbot Uniform submitting transactions
chatterbot Yankee submitting transactions
chatterbot Quebec submitting transactions
chatterbot Foxtrot submitting transactions
chatterbot November submitting transactions
chatterbot Juliett submitting transactions
ChatterBot Quebec round 8
ChatterBot Yankee round 8
ChatterBot Romeo round 8
ChatterBot Juliett round 8
ChatterBot Foxtrot round 8
ChatterBot Alpha round 8
ChatterBot Delta round 8
ChatterBot Uniform round 8
ChatterBot November round 8
ChatterBot Bravo round 8
2024-10-14 18:32:35.181896 Yankee: We should replace Romeo with November
ChatterBot Juliett reevaluating
ChatterBot Foxtrot reevaluating
2024-10-14 18:32:35.191421 Juliett: No
2024-10-14 18:32:35.191565 Foxtrot: No
2024-10-14 18:32:35.191682 Delta: No
2024-10-14 18:32:35.191787 Uniform: No
ChatterBot Foxtrot reevaluating
ChatterBot Juliett reevaluating
ChatterBot Yankee reevaluating
ChatterBot Juliett reevaluating
ChatterBot Yankee reevaluating
ChatterBot Foxtrot reevaluating
ChatterBot Juliett reevaluating
ChatterBot Yankee reevaluating
ChatterBot Foxtrot reevaluating
2024-10-14 18:32:35.236509 Alpha: We should replace Delta with Juliett
2024-10-14 18:32:35.244513 Quebec: No
2024-10-14 18:32:35.244662 Romeo: No
2024-10-14 18:32:35.244783 November: No
2024-10-14 18:32:35.244928 Bravo: No
ChatterBot Alpha reevaluating
ChatterBot Alpha reevaluating
ChatterBot Alpha reevaluating
ChatterBot Alpha reevaluating
2024-10-14 18:32:35.295393 Juliett: We should drop Bravo
ChatterBot Yankee reevaluating
ChatterBot Foxtrot reevaluating
2024-10-14 18:32:35.304067 Yankee: Yes
2024-10-14 18:32:35.304216 Foxtrot: Yes
2024-10-14 18:32:35.304318 Delta: Yes
2024-10-14 18:32:35.304415 Uniform: No
ChatterBot Juliett reevaluating
ChatterBot Foxtrot reevaluating
ChatterBot Juliett reevaluating
ChatterBot Yankee reevaluating
ChatterBot Uniform reevaluating
ChatterBot Juliett reevaluating
ChatterBot Yankee reevaluating
ChatterBot Foxtrot reevaluating
ChatterBot Uniform reevaluating
ChatterBot Juliett reevaluating
ChatterBot Yankee reevaluating
ChatterBot Foxtrot reevaluating
2024-10-14 18:32:35.346686 Quebec: Same as last round
2024-10-14 18:32:35.347192 Romeo: Quebec and Alpha, sending you 4
2024-10-14 18:32:35.350909 Romeo: November and Bravo, sending you 3
2024-10-14 18:32:35.357666 Bravo: Quebec, sending you 4
2024-10-14 18:32:35.359669 Delta: Yankee and Uniform, sending you 3
2024-10-14 18:32:35.361695 Bravo: Romeo, Alpha and Uniform, sending you 3
2024-10-14 18:32:35.362656 November: Quebec, Romeo and Alpha, sending you 3
2024-10-14 18:32:35.364659 Delta: Juliett and Foxtrot, sending you 4
2024-10-14 18:32:35.365665 November: Bravo, sending you 1
2024-10-14 18:32:35.366740 Alpha: Quebec, Romeo, November and Bravo, sending you 3
2024-10-14 18:32:35.367133 Bravo: November, sending you 2
2024-10-14 18:32:35.367460 Yankee: Juliett, Foxtrot, Delta and Uniform, sending you 2
2024-10-14 18:32:35.367791 Uniform: Yankee, sending you 2
2024-10-14 18:32:35.370667 Alpha: Delta, sending you 2
2024-10-14 18:32:35.372710 Uniform: Juliett, Foxtrot, Delta and Bravo, sending you 3
2024-10-14 18:32:35.376679 Juliett: Yankee, Foxtrot and Uniform, sending you 3
2024-10-14 18:32:35.380653 Juliett: Delta, sending you 5
chatterbot Bravo submitting transactions
chatterbot Romeo submitting transactions
chatterbot Delta submitting transactions
chatterbot November submitting transactions
chatterbot Alpha submitting transactions
chatterbot Juliett submitting transactions
chatterbot Uniform submitting transactions
chatterbot Quebec submitting transactions
chatterbot Foxtrot submitting transactions
chatterbot Yankee submitting transactions
ChatterBot Quebec round 9
ChatterBot Yankee round 9
ChatterBot Romeo round 9
ChatterBot Juliett round 9
ChatterBot Foxtrot round 9
ChatterBot Alpha round 9
ChatterBot Delta round 9
ChatterBot Uniform round 9
ChatterBot November round 9
2024-10-14 18:32:36.395504 Yankee: We should replace Romeo with November
ChatterBot Uniform reevaluating
2024-10-14 18:32:36.408515 Juliett: No
2024-10-14 18:32:36.408682 Foxtrot: No
2024-10-14 18:32:36.409192 Delta: No
2024-10-14 18:32:36.409348 Uniform: Yes
ChatterBot Yankee reevaluating
ChatterBot Uniform reevaluating
ChatterBot Yankee reevaluating
ChatterBot Uniform reevaluating
ChatterBot Yankee reevaluating
ChatterBot Uniform reevaluating
ChatterBot Yankee reevaluating
ChatterBot Bravo round 9
2024-10-14 18:32:36.456983 Alpha: We should replace Delta with Juliett
2024-10-14 18:32:36.464739 Quebec: No
2024-10-14 18:32:36.464876 Romeo: No
2024-10-14 18:32:36.464979 November: No
2024-10-14 18:32:36.465079 Bravo: No
ChatterBot Alpha reevaluating
ChatterBot Alpha reevaluating
ChatterBot Alpha reevaluating
ChatterBot Alpha reevaluating
2024-10-14 18:32:36.498805 Foxtrot: We should drop Bravo
ChatterBot Yankee reevaluating
ChatterBot Uniform reevaluating
2024-10-14 18:32:36.508497 Juliett: Yes
2024-10-14 18:32:36.508625 Yankee: Yes
2024-10-14 18:32:36.508762 Delta: Yes
2024-10-14 18:32:36.508854 Uniform: Yes
ChatterBot Yankee reevaluating
ChatterBot Uniform reevaluating
ChatterBot Uniform reevaluating
ChatterBot Yankee reevaluating
ChatterBot Uniform reevaluating
ChatterBot Yankee reevaluating
2024-10-14 18:32:36.569658 Alpha: We should replace Delta with Yankee
2024-10-14 18:32:36.583510 Quebec: No
2024-10-14 18:32:36.583707 Romeo: No
2024-10-14 18:32:36.583867 November: No
2024-10-14 18:32:36.584040 Bravo: No
ChatterBot Romeo reevaluating
ChatterBot Alpha reevaluating
ChatterBot Alpha reevaluating
ChatterBot Romeo reevaluating
ChatterBot Alpha reevaluating
ChatterBot Romeo reevaluating
ChatterBot Alpha reevaluating
2024-10-14 18:32:36.621871 Uniform: We should replace Bravo with November
ChatterBot Yankee reevaluating
2024-10-14 18:32:36.630570 Juliett: No
2024-10-14 18:32:36.630730 Yankee: Yes
2024-10-14 18:32:36.630835 Foxtrot: No
2024-10-14 18:32:36.630934 Delta: No
ChatterBot Yankee reevaluating
ChatterBot Uniform reevaluating
ChatterBot Uniform reevaluating
ChatterBot Yankee reevaluating
ChatterBot Uniform reevaluating
ChatterBot Yankee reevaluating
ChatterBot Uniform reevaluating
2024-10-14 18:32:36.666643 Quebec: Same as last round
2024-10-14 18:32:36.670683 Juliett: Yankee, sending you 2
2024-10-14 18:32:36.671768 Uniform: November we want you to join our group
2024-10-14 18:32:36.674774 November: No
ChatterBot Uniform reevaluating
2024-10-14 18:32:36.687204 Juliett: Foxtrot, sending you 4
2024-10-14 18:32:36.687645 Yankee: November we want you to join our group
2024-10-14 18:32:36.690190 November: No
ChatterBot Uniform reevaluating
2024-10-14 18:32:36.702880 Uniform: We should replace Bravo with Quebec
2024-10-14 18:32:36.712069 Juliett: No
2024-10-14 18:32:36.712209 Yankee: No
2024-10-14 18:32:36.712303 Foxtrot: No
2024-10-14 18:32:36.712413 Delta: No
ChatterBot Uniform reevaluating
ChatterBot Uniform reevaluating
ChatterBot Uniform reevaluating
ChatterBot Uniform reevaluating
2024-10-14 18:32:36.746336 Juliett: Delta, sending you 5
2024-10-14 18:32:36.749679 Delta: Yankee and Uniform, sending you 3
2024-10-14 18:32:36.750714 November: Quebec, Romeo and Alpha, sending you 3
2024-10-14 18:32:36.751897 Romeo: Quebec and Alpha, sending you 4
2024-10-14 18:32:36.752530 Bravo: Quebec, sending you 4
2024-10-14 18:32:36.753034 Juliett: Uniform, sending you 3
2024-10-14 18:32:36.753647 Alpha: Quebec, Romeo, November and Bravo, sending you 3
2024-10-14 18:32:36.754402 Delta: Juliett and Foxtrot, sending you 4
2024-10-14 18:32:36.755631 Romeo: November and Bravo, sending you 3
2024-10-14 18:32:36.756679 November: Bravo, sending you 1
2024-10-14 18:32:36.757237 Bravo: Romeo, Alpha and Uniform, sending you 3
2024-10-14 18:32:36.757751 Alpha: Uniform, sending you 2
2024-10-14 18:32:36.761670 Bravo: November, sending you 2
2024-10-14 18:32:36.766676 Yankee: Juliett, Foxtrot, Delta and Uniform, sending you 2
chatterbot Foxtrot submitting transactions
2024-10-14 18:32:36.785821 Uniform: Yankee, Juliett, Foxtrot and Delta, sending you 3
2024-10-14 18:32:36.789676 Uniform: November, sending you 2
chatterbot Yankee submitting transactions
chatterbot Juliett submitting transactions
chatterbot Bravo submitting transactions
chatterbot Quebec submitting transactions
chatterbot Romeo submitting transactions
chatterbot Alpha submitting transactions
chatterbot November submitting transactions
chatterbot Delta submitting transactions
chatterbot Uniform submitting transactions
ChatterBot Quebec round 10
ChatterBot Yankee round 10
ChatterBot Romeo round 10
ChatterBot Juliett round 10
ChatterBot Foxtrot round 10
ChatterBot Alpha round 10
ChatterBot Delta round 10
ChatterBot Uniform round 10
ChatterBot November round 10
ChatterBot Bravo round 10
2024-10-14 18:32:37.676981 Yankee: We should replace November with Quebec
ChatterBot Uniform reevaluating
2024-10-14 18:32:37.690155 Juliett: No
2024-10-14 18:32:37.690292 Foxtrot: No
2024-10-14 18:32:37.690409 Delta: No
2024-10-14 18:32:37.690514 Uniform: Yes
ChatterBot Uniform reevaluating
ChatterBot Uniform reevaluating
ChatterBot Uniform reevaluating
2024-10-14 18:32:37.731355 Alpha: We should replace Uniform with Yankee
2024-10-14 18:32:37.739439 Quebec: No
2024-10-14 18:32:37.739588 Romeo: No
2024-10-14 18:32:37.739718 November: No
2024-10-14 18:32:37.739865 Bravo: No
ChatterBot Alpha reevaluating
ChatterBot Alpha reevaluating
ChatterBot Alpha reevaluating
ChatterBot Romeo reevaluating
ChatterBot Alpha reevaluating
2024-10-14 18:32:37.800213 Yankee: Quebec we want you to join our group
2024-10-14 18:32:37.802894 Quebec: No
ChatterBot Uniform reevaluating
2024-10-14 18:32:37.813250 Foxtrot: We should drop Bravo
ChatterBot Yankee reevaluating
ChatterBot Uniform reevaluating
2024-10-14 18:32:37.821285 Juliett: Yes
2024-10-14 18:32:37.821408 Yankee: Yes
2024-10-14 18:32:37.821508 Delta: Yes
2024-10-14 18:32:37.821606 Uniform: Yes
ChatterBot Yankee reevaluating
ChatterBot Uniform reevaluating
ChatterBot Uniform reevaluating
ChatterBot Yankee reevaluating
ChatterBot Uniform reevaluating
ChatterBot Yankee reevaluating
2024-10-14 18:32:37.856509 Alpha: Yankee we want you to join our group
ChatterBot Yankee reevaluating
2024-10-14 18:32:37.859457 Yankee: No
ChatterBot Alpha reevaluating
ChatterBot Romeo reevaluating
2024-10-14 18:32:37.870682 Alpha: We should replace Uniform with Juliett
ChatterBot Romeo reevaluating
2024-10-14 18:32:37.878259 Quebec: No
2024-10-14 18:32:37.878400 Romeo: No
2024-10-14 18:32:37.878505 November: No
2024-10-14 18:32:37.878599 Bravo: No
ChatterBot Romeo reevaluating
ChatterBot Alpha reevaluating
ChatterBot Alpha reevaluating
ChatterBot Romeo reevaluating
ChatterBot Alpha reevaluating
ChatterBot Romeo reevaluating
ChatterBot Alpha reevaluating
2024-10-14 18:32:37.914679 Delta: Sending you each 1
2024-10-14 18:32:37.915572 November: Quebec, Romeo and Alpha, sending you 3
2024-10-14 18:32:37.916602 Quebec: Same as last round
2024-10-14 18:32:37.917070 Juliett: Yankee, sending you 2
2024-10-14 18:32:37.917563 Bravo: Quebec, sending you 4
2024-10-14 18:32:37.918670 November: Bravo, sending you 1
2024-10-14 18:32:37.919683 Uniform: Quebec we want you to join our group
2024-10-14 18:32:37.922680 Quebec: No
2024-10-14 18:32:37.936368 Alpha: Juliett we want you to join our group
2024-10-14 18:32:37.939587 Juliett: No
ChatterBot Alpha reevaluating
2024-10-14 18:32:37.956460 Juliett: Foxtrot, sending you 4
2024-10-14 18:32:37.957027 Bravo: Romeo, Alpha and Uniform, sending you 3
2024-10-14 18:32:37.959657 Juliett: Delta, sending you 5
2024-10-14 18:32:37.962147 Bravo: November, sending you 2
2024-10-14 18:32:37.962774 Romeo: Quebec and Alpha, sending you 4
2024-10-14 18:32:37.963376 Juliett: Uniform, sending you 3
2024-10-14 18:32:37.965671 Yankee: Juliett, Foxtrot, Delta and Uniform, sending you 2
2024-10-14 18:32:37.968155 Romeo: November and Bravo, sending you 3
2024-10-14 18:32:37.981684 Uniform: Quebec, sending you 2
2024-10-14 18:32:37.983674 Alpha: Quebec, Romeo, November and Bravo, sending you 3
2024-10-14 18:32:37.985678 Uniform: Yankee, Juliett, Foxtrot and Delta, sending you 3
2024-10-14 18:32:37.987675 Alpha: Yankee, sending you 2
chatterbot Uniform submitting transactions
chatterbot Delta submitting transactions
chatterbot November submitting transactions
chatterbot Yankee submitting transactions
chatterbot Foxtrot submitting transactions
chatterbot Quebec submitting transactions
chatterbot Juliett submitting transactions
chatterbot Romeo submitting transactions
chatterbot Alpha submitting transactions
chatterbot Bravo submitting transactions
ChatterBot Quebec round 11
ChatterBot Yankee round 11
ChatterBot Romeo round 11
ChatterBot Juliett round 11
ChatterBot Foxtrot round 11
ChatterBot Alpha round 11
ChatterBot Delta round 11
ChatterBot Uniform round 11
ChatterBot November round 11
ChatterBot Bravo round 11
2024-10-14 18:32:39.062446 Uniform: We should replace Quebec with Bravo
ChatterBot Yankee reevaluating
2024-10-14 18:32:39.081274 Juliett: No
2024-10-14 18:32:39.081486 Yankee: No
2024-10-14 18:32:39.081683 Foxtrot: No
2024-10-14 18:32:39.081966 Delta: No
ChatterBot Yankee reevaluating
ChatterBot Uniform reevaluating
ChatterBot Uniform reevaluating
ChatterBot Yankee reevaluating
ChatterBot Uniform reevaluating
ChatterBot Yankee reevaluating
ChatterBot Uniform reevaluating
2024-10-14 18:32:39.148322 Foxtrot: We should drop Bravo
ChatterBot Yankee reevaluating
ChatterBot Uniform reevaluating
2024-10-14 18:32:39.158020 Juliett: Yes
2024-10-14 18:32:39.158141 Yankee: Yes
2024-10-14 18:32:39.158243 Delta: Yes
2024-10-14 18:32:39.158342 Uniform: Yes
ChatterBot Yankee reevaluating
ChatterBot Uniform reevaluating
ChatterBot Uniform reevaluating
ChatterBot Yankee reevaluating
ChatterBot Uniform reevaluating
ChatterBot Yankee reevaluating
2024-10-14 18:32:39.199745 Quebec: Same as last round
2024-10-14 18:32:39.200708 Juliett: Yankee, sending you 2
2024-10-14 18:32:39.201934 Delta: Same as last round
2024-10-14 18:32:39.204218 Yankee: Romeo we want you to join our group
2024-10-14 18:32:39.207122 Romeo: No
ChatterBot Yankee reevaluating
2024-10-14 18:32:39.219778 Juliett: Foxtrot, Delta and Uniform, sending you 4
2024-10-14 18:32:39.223012 November: Quebec, Romeo and Alpha, sending you 3
2024-10-14 18:32:39.223766 Bravo: Quebec, sending you 4
2024-10-14 18:32:39.224264 Uniform: Quebec, sending you 2
2024-10-14 18:32:39.224833 Romeo: Quebec, Alpha and November, sending you 4
2024-10-14 18:32:39.225813 Alpha: Quebec, Romeo, November and Bravo, sending you 2
2024-10-14 18:32:39.226695 Bravo: Romeo and Alpha, sending you 3
2024-10-14 18:32:39.227982 November: Bravo, sending you 1
2024-10-14 18:32:39.228772 Uniform: Yankee, Juliett, Foxtrot and Delta, sending you 3
2024-10-14 18:32:39.230659 Romeo: Bravo, sending you 2
2024-10-14 18:32:39.231679 Bravo: Uniform and November, sending you 2
2024-10-14 18:32:39.232949 Bravo: I was attacked by Delta
ChatterBot Quebec reevaluating
ChatterBot Romeo reevaluating
ChatterBot Alpha reevaluating
ChatterBot November reevaluating
ChatterBot Uniform reevaluating
2024-10-14 18:32:39.257573 Bravo: Ow
2024-10-14 18:32:39.260082 Alpha: We should replace Yankee with Juliett
ChatterBot Quebec reevaluating
ChatterBot Romeo reevaluating
ChatterBot November reevaluating
2024-10-14 18:32:39.277484 Quebec: No
2024-10-14 18:32:39.277658 Romeo: No
2024-10-14 18:32:39.277786 November: No
2024-10-14 18:32:39.277891 Bravo: No
ChatterBot Romeo reevaluating
ChatterBot Alpha reevaluating
ChatterBot November reevaluating
ChatterBot Quebec reevaluating
ChatterBot Alpha reevaluating
ChatterBot November reevaluating
ChatterBot Quebec reevaluating
ChatterBot Romeo reevaluating
ChatterBot Alpha reevaluating
ChatterBot Quebec reevaluating
ChatterBot Romeo reevaluating
ChatterBot Alpha reevaluating
ChatterBot November reevaluating
2024-10-14 18:32:39.332574 Uniform: Bravo we want you to join our group
2024-10-14 18:32:39.337078 Bravo: No
ChatterBot Yankee reevaluating
ChatterBot Uniform reevaluating
2024-10-14 18:32:39.357332 Yankee: We should replace Quebec with Alpha
ChatterBot Uniform reevaluating
2024-10-14 18:32:39.372656 Juliett: No
2024-10-14 18:32:39.372851 Foxtrot: No
2024-10-14 18:32:39.372976 Delta: No
2024-10-14 18:32:39.373102 Uniform: Yes
ChatterBot Yankee reevaluating
ChatterBot Uniform reevaluating
ChatterBot Yankee reevaluating
ChatterBot Uniform reevaluating
ChatterBot Yankee reevaluating
ChatterBot Uniform reevaluating
ChatterBot Yankee reevaluating
ChatterBot Delta reevaluating
2024-10-14 18:32:39.416759 Delta: We should add Alpha
ChatterBot Juliett reevaluating
ChatterBot Yankee reevaluating
ChatterBot Uniform reevaluating
2024-10-14 18:32:39.429129 Juliett: Yes
