ChatterBot Oscar round 1
ChatterBot Hotel round 1
ChatterBot Romeo round 1
ChatterBot Papa round 1
randomSelections Oscar: {Oscar, Uniform, November, Zulu, Papa} 
2024-10-14 18:32:23.933153 Oscar: Let's form a team
ChatterBot Papa reevaluating
2024-10-14 18:32:23.935791 Papa: Yes
ChatterBot Sierra round 1
ChatterBot Delta round 1
ChatterBot November round 1
ChatterBot November reevaluating
ChatterBot November reevaluating
2024-10-14 18:32:23.954967 November: Yes
ChatterBot Papa reevaluating
ChatterBot Zulu round 1
ChatterBot Zulu reevaluating
ChatterBot Zulu reevaluating
ChatterBot Zulu reevaluating
2024-10-14 18:32:23.973955 Zulu: Yes
ChatterBot November reevaluating
ChatterBot Papa reevaluating
ChatterBot Yankee round 1
ChatterBot Uniform round 1
ChatterBot Uniform reevaluating
ChatterBot Uniform reevaluating
ChatterBot Uniform reevaluating
ChatterBot Uniform reevaluating
2024-10-14 18:32:23.999753 Uniform: Yes
ChatterBot November reevaluating
ChatterBot Zulu reevaluating
ChatterBot Papa reevaluating
randomSelections Hotel: {Hotel, Delta, Zulu, Yankee, Oscar, Sierra} 
2024-10-14 18:32:24.014648 Hotel: We would work well together
ChatterBot Delta reevaluating
ChatterBot Zulu reevaluating
ChatterBot Yankee reevaluating
ChatterBot Sierra reevaluating
2024-10-14 18:32:24.029209 Delta: Yes
2024-10-14 18:32:24.029647 Zulu: No
2024-10-14 18:32:24.029985 Yankee: Yes
2024-10-14 18:32:24.031013 Oscar: No
2024-10-14 18:32:24.031526 Sierra: Yes
ChatterBot Zulu reevaluating
ChatterBot Yankee reevaluating
ChatterBot Sierra reevaluating
ChatterBot Delta reevaluating
ChatterBot Yankee reevaluating
ChatterBot Sierra reevaluating
ChatterBot Delta reevaluating
ChatterBot Zulu reevaluating
ChatterBot Sierra reevaluating
ChatterBot Delta reevaluating
ChatterBot Zulu reevaluating
ChatterBot Yankee reevaluating
ChatterBot Sierra reevaluating
ChatterBot Delta reevaluating
ChatterBot Zulu reevaluating
ChatterBot Yankee reevaluating
randomSelections Romeo: {Romeo, Oscar, Sierra, Delta, November, Uniform} 
2024-10-14 18:32:24.108628 Romeo: We would work well together
ChatterBot Sierra reevaluating
ChatterBot Delta reevaluating
ChatterBot November reevaluating
ChatterBot Uniform reevaluating
2024-10-14 18:32:24.122361 Oscar: No
2024-10-14 18:32:24.122728 Sierra: No
2024-10-14 18:32:24.123601 Delta: No
2024-10-14 18:32:24.123880 November: No
2024-10-14 18:32:24.124129 Uniform: No
ChatterBot Sierra reevaluating
ChatterBot Delta reevaluating
ChatterBot November reevaluating
ChatterBot Uniform reevaluating
ChatterBot Delta reevaluating
ChatterBot November reevaluating
ChatterBot Uniform reevaluating
ChatterBot Sierra reevaluating
ChatterBot November reevaluating
ChatterBot Uniform reevaluating
ChatterBot Sierra reevaluating
ChatterBot Delta reevaluating
ChatterBot Uniform reevaluating
ChatterBot Sierra reevaluating
ChatterBot Delta reevaluating
ChatterBot November reevaluating
2024-10-14 18:32:24.267561 Oscar: Papa and Uniform, sending you 4
2024-10-14 18:32:24.270062 Sierra: Oscar, sending you 3
2024-10-14 18:32:24.272448 Hotel: Oscar and Sierra, sending you 1
2024-10-14 18:32:24.274269 Papa: November, sending you 5
2024-10-14 18:32:24.275927 Oscar: November, sending you 5
2024-10-14 18:32:24.277367 Sierra: Hotel, sending you 4
2024-10-14 18:32:24.280001 Hotel: Delta, sending you 4
2024-10-14 18:32:24.280805 Papa: Zulu, sending you 7
2024-10-14 18:32:24.282129 Uniform: Oscar, sending you 6
2024-10-14 18:32:24.282797 Oscar: Zulu, sending you 1
2024-10-14 18:32:24.283947 Delta: Oscar, sending you 2
2024-10-14 18:32:24.284974 Yankee: Oscar and Hotel, sending you 2
2024-10-14 18:32:24.286422 November: Oscar, sending you 1
2024-10-14 18:32:24.287796 Sierra: Delta, Zulu and Yankee, sending you 2
2024-10-14 18:32:24.288963 Romeo: Oscar and Sierra, sending you 3
2024-10-14 18:32:24.290594 Hotel: Zulu, sending you 5
2024-10-14 18:32:24.291581 Papa: Uniform, sending you 2
2024-10-14 18:32:24.293489 Uniform: Papa and Zulu, sending you 4
2024-10-14 18:32:24.295345 Delta: Hotel and Sierra, sending you 3
2024-10-14 18:32:24.296419 Yankee: Delta, sending you 3
2024-10-14 18:32:24.297783 November: Papa and Zulu, sending you 3
2024-10-14 18:32:24.298594 Romeo: Delta and Uniform, sending you 1
2024-10-14 18:32:24.300497 Zulu: Oscar, sending you 5
2024-10-14 18:32:24.302250 Hotel: Yankee, sending you 2
2024-10-14 18:32:24.303400 Uniform: November, sending you 1
2024-10-14 18:32:24.305062 Delta: Zulu, sending you 1
2024-10-14 18:32:24.306739 Yankee: Zulu, sending you 1
2024-10-14 18:32:24.308658 November: Uniform, sending you 4
2024-10-14 18:32:24.309609 Romeo: November, sending you 6
2024-10-14 18:32:24.311387 Zulu: Papa, sending you 1
2024-10-14 18:32:24.312007 Delta: Yankee, sending you 5
2024-10-14 18:32:24.317707 Zulu: November and Uniform, sending you 2
chatterbot Zulu submitting transactions
chatterbot Oscar submitting transactions
chatterbot Hotel submitting transactions
chatterbot Sierra submitting transactions
chatterbot November submitting transactions
chatterbot Romeo submitting transactions
chatterbot Papa submitting transactions
chatterbot Uniform submitting transactions
chatterbot Yankee submitting transactions
chatterbot Delta submitting transactions
ChatterBot Oscar round 2
ChatterBot Hotel round 2
ChatterBot Romeo round 2
ChatterBot Papa round 2
ChatterBot Sierra round 2
ChatterBot Delta round 2
ChatterBot November round 2
ChatterBot Zulu round 2
2024-10-14 18:32:25.517596 Oscar: Can we be friends?
ChatterBot Romeo reevaluating
ChatterBot Papa reevaluating
ChatterBot November reevaluating
ChatterBot Zulu reevaluating
ChatterBot Uniform reevaluating
ChatterBot Hotel reevaluating
ChatterBot Sierra reevaluating
ChatterBot Delta reevaluating
ChatterBot Yankee reevaluating
2024-10-14 18:32:25.579914 Romeo: No
2024-10-14 18:32:25.580098 Papa: No
2024-10-14 18:32:25.580238 November: No
2024-10-14 18:32:25.580357 Zulu: Yes
2024-10-14 18:32:25.580468 Uniform: No
2024-10-14 18:32:25.580596 Hotel: No
2024-10-14 18:32:25.581133 Sierra: No
2024-10-14 18:32:25.581249 Delta: No
2024-10-14 18:32:25.581356 Yankee: No
ChatterBot Papa reevaluating
ChatterBot November reevaluating
ChatterBot Zulu reevaluating
ChatterBot Uniform reevaluating
ChatterBot Hotel reevaluating
ChatterBot Sierra reevaluating
ChatterBot Delta reevaluating
ChatterBot Yankee reevaluating
ChatterBot Romeo reevaluating
ChatterBot November reevaluating
ChatterBot Zulu reevaluating
ChatterBot Uniform reevaluating
ChatterBot Hotel reevaluating
ChatterBot Sierra reevaluating
ChatterBot Delta reevaluating
ChatterBot Yankee reevaluating
ChatterBot Romeo reevaluating
ChatterBot Papa reevaluating
ChatterBot Zulu reevaluating
ChatterBot Uniform reevaluating
ChatterBot Hotel reevaluating
ChatterBot Sierra reevaluating
ChatterBot Delta reevaluating
ChatterBot Yankee reevaluating
ChatterBot Romeo reevaluating
ChatterBot Papa reevaluating
ChatterBot November reevaluating
ChatterBot Uniform reevaluating
ChatterBot Hotel reevaluating
ChatterBot Sierra reevaluating
ChatterBot Delta reevaluating
ChatterBot Yankee reevaluating
ChatterBot Romeo reevaluating
ChatterBot Papa reevaluating
ChatterBot November reevaluating
ChatterBot Zulu reevaluating
ChatterBot Hotel reevaluating
ChatterBot Sierra reevaluating
ChatterBot Delta reevaluating
ChatterBot Yankee reevaluating
ChatterBot Romeo reevaluating
ChatterBot Papa reevaluating
ChatterBot November reevaluating
ChatterBot Zulu reevaluating
ChatterBot Uniform reevaluating
ChatterBot Sierra reevaluating
ChatterBot Delta reevaluating
ChatterBot Yankee reevaluating
ChatterBot Romeo reevaluating
ChatterBot Papa reevaluating
ChatterBot November reevaluating
ChatterBot Zulu reevaluating
ChatterBot Uniform reevaluating
ChatterBot Hotel reevaluating
ChatterBot Delta reevaluating
ChatterBot Yankee reevaluating
ChatterBot Romeo reevaluating
ChatterBot Papa reevaluating
ChatterBot November reevaluating
ChatterBot Zulu reevaluating
ChatterBot Uniform reevaluating
ChatterBot Hotel reevaluating
ChatterBot Sierra reevaluating
ChatterBot Yankee reevaluating
ChatterBot Romeo reevaluating
ChatterBot Papa reevaluating
ChatterBot November reevaluating
ChatterBot Zulu reevaluating
ChatterBot Uniform reevaluating
ChatterBot Hotel reevaluating
ChatterBot Sierra reevaluating
ChatterBot Delta reevaluating
2024-10-14 18:32:26.275360 November: We should add Romeo
ChatterBot Uniform reevaluating
ChatterBot Zulu reevaluating
ChatterBot Papa reevaluating
2024-10-14 18:32:26.314512 Oscar: Yes
2024-10-14 18:32:26.315081 Uniform: No
2024-10-14 18:32:26.315233 Zulu: Yes
2024-10-14 18:32:26.315370 Papa: No
ChatterBot Uniform reevaluating
ChatterBot November reevaluating
ChatterBot Zulu reevaluating
ChatterBot Papa reevaluating
ChatterBot November reevaluating
ChatterBot Zulu reevaluating
ChatterBot Papa reevaluating
ChatterBot Uniform reevaluating
ChatterBot November reevaluating
ChatterBot Papa reevaluating
ChatterBot Uniform reevaluating
ChatterBot November reevaluating
ChatterBot Zulu reevaluating
ChatterBot Yankee round 2
ChatterBot Uniform round 2
2024-10-14 18:32:26.554344 Yankee: Can we be friends?
ChatterBot Romeo reevaluating
ChatterBot Zulu reevaluating
ChatterBot Uniform reevaluating
ChatterBot Delta reevaluating
2024-10-14 18:32:26.592053 Oscar: Yes
2024-10-14 18:32:26.592369 Romeo: No
2024-10-14 18:32:26.593082 Papa: No
2024-10-14 18:32:26.593230 November: No
2024-10-14 18:32:26.593630 Zulu: Yes
2024-10-14 18:32:26.593776 Uniform: No
2024-10-14 18:32:26.594862 Hotel: No
2024-10-14 18:32:26.594987 Sierra: No
2024-10-14 18:32:26.595154 Delta: Yes
ChatterBot Romeo reevaluating
ChatterBot Zulu reevaluating
ChatterBot Uniform reevaluating
ChatterBot Delta reevaluating
ChatterBot Zulu reevaluating
ChatterBot Uniform reevaluating
ChatterBot Delta reevaluating
ChatterBot Romeo reevaluating
ChatterBot Zulu reevaluating
ChatterBot Uniform reevaluating
ChatterBot Delta reevaluating
ChatterBot Romeo reevaluating
ChatterBot Zulu reevaluating
ChatterBot Uniform reevaluating
ChatterBot Delta reevaluating
ChatterBot Romeo reevaluating
ChatterBot Uniform reevaluating
ChatterBot Delta reevaluating
ChatterBot Romeo reevaluating
ChatterBot Zulu reevaluating
ChatterBot Delta reevaluating
ChatterBot Romeo reevaluating
ChatterBot Zulu reevaluating
ChatterBot Uniform reevaluating
ChatterBot Delta reevaluating
ChatterBot Romeo reevaluating
ChatterBot Zulu reevaluating
ChatterBot Uniform reevaluating
ChatterBot Delta reevaluating
ChatterBot Romeo reevaluating
ChatterBot Zulu reevaluating
ChatterBot Uniform reevaluating
ChatterBot Hotel reevaluating
2024-10-14 18:32:26.881298 Hotel: Friends?
ChatterBot Delta reevaluating
ChatterBot Romeo reevaluating
2024-10-14 18:32:26.895832 Sierra: Yes
2024-10-14 18:32:26.895998 Delta: Yes
2024-10-14 18:32:26.896096 Yankee: Yes
2024-10-14 18:32:26.896196 Romeo: Yes
ChatterBot Hotel reevaluating
ChatterBot Delta reevaluating
ChatterBot Romeo reevaluating
ChatterBot Hotel reevaluating
ChatterBot Romeo reevaluating
ChatterBot Hotel reevaluating
ChatterBot Delta reevaluating
ChatterBot Romeo reevaluating
ChatterBot Hotel reevaluating
ChatterBot Delta reevaluating
2024-10-14 18:32:26.974716 November: Romeo we want you to join our group
2024-10-14 18:32:26.980704 Romeo: No
ChatterBot Zulu reevaluating
ChatterBot Uniform reevaluating
2024-10-14 18:32:27.014693 Oscar: Hotel, Delta, November and Yankee, sending you 1
2024-10-14 18:32:27.578887 Sierra: Hotel, sending you 3
2024-10-14 18:32:27.579214 Papa: Oscar, November and Uniform, sending you 4
2024-10-14 18:32:27.579966 Oscar: Romeo and Sierra, sending you 2
chatterbot Papa submitting transactions
chatterbot Yankee submitting transactions
chatterbot Sierra submitting transactions
chatterbot Yankee submitting transactions
chatterbot November submitting transactions
chatterbot Oscar submitting transactions
2024-10-14 18:32:27.900537 Papa: Zulu, sending you 2
2024-10-14 18:32:27.901691 Sierra: Romeo and Delta, sending you 5
2024-10-14 18:32:27.902280 Oscar: Zulu and Uniform, sending you 3
2024-10-14 18:32:27.903721 November: Oscar, Romeo and Papa, sending you 3
2024-10-14 18:32:27.904365 Yankee: Oscar, Hotel, Romeo, Papa, Sierra, Delta, November and Zulu, sending you 1
2024-10-14 18:32:27.905736 Romeo: Hotel, Sierra and Delta, sending you 5
2024-10-14 18:32:27.906350 Uniform: Oscar, sending you 5
2024-10-14 18:32:27.907515 Hotel: Romeo, Delta and Yankee, sending you 3
2024-10-14 18:32:27.908058 Zulu: Oscar, Romeo, Delta and Yankee, sending you 1
2024-10-14 18:32:27.909383 Sierra: Yankee, sending you 1
2024-10-14 18:32:27.910535 November: Zulu and Uniform, sending you 2
2024-10-14 18:32:27.911126 Romeo: Yankee, sending you 3
2024-10-14 18:32:27.912096 Uniform: Papa and Zulu, sending you 3
2024-10-14 18:32:27.912684 Zulu: Hotel and Uniform, sending you 3
chatterbot Romeo submitting transactions
2024-10-14 18:32:27.914354 Hotel: Sierra, sending you 4
2024-10-14 18:32:27.915294 Delta: Hotel and Yankee, sending you 4
2024-10-14 18:32:27.916029 Uniform: November, sending you 4
2024-10-14 18:32:27.916980 Zulu: Papa, sending you 4
2024-10-14 18:32:28.004632 Delta: Romeo and Sierra, sending you 3
2024-10-14 18:32:28.005553 Zulu: Sierra and November, sending you 2
chatterbot Uniform submitting transactions
chatterbot Delta submitting transactions
chatterbot Zulu submitting transactions
chatterbot Hotel submitting transactions
ChatterBot Oscar round 3
ChatterBot Hotel round 3
ChatterBot Romeo round 3
ChatterBot Papa round 3
ChatterBot Sierra round 3
2024-10-14 18:32:28.453335 Papa: We should add Yankee
ChatterBot Oscar reevaluating
2024-10-14 18:32:28.466278 Oscar: Yes
2024-10-14 18:32:28.466480 Uniform: No
2024-10-14 18:32:28.467008 November: No
2024-10-14 18:32:28.467191 Zulu: Yes
ChatterBot Oscar reevaluating
ChatterBot Papa reevaluating
ChatterBot Oscar reevaluating
ChatterBot Papa reevaluating
ChatterBot Oscar reevaluating
ChatterBot Papa reevaluating
ChatterBot Delta round 3
ChatterBot November round 3
ChatterBot Zulu round 3
ChatterBot Yankee round 3
ChatterBot Uniform round 3
2024-10-14 18:32:28.533511 Sierra: We should add Zulu
ChatterBot Delta reevaluating
ChatterBot Yankee reevaluating
2024-10-14 18:32:28.545468 Hotel: No
2024-10-14 18:32:28.546206 Delta: Yes
2024-10-14 18:32:28.546621 Yankee: Yes
2024-10-14 18:32:28.546852 Romeo: No
ChatterBot Delta reevaluating
ChatterBot Yankee reevaluating
ChatterBot Sierra reevaluating
ChatterBot Yankee reevaluating
ChatterBot Sierra reevaluating
ChatterBot Delta reevaluating
ChatterBot Sierra reevaluating
ChatterBot Delta reevaluating
ChatterBot Yankee reevaluating
2024-10-14 18:32:28.618495 Sierra: We should add Oscar
ChatterBot Delta reevaluating
ChatterBot Yankee reevaluating
2024-10-14 18:32:28.630261 Hotel: No
2024-10-14 18:32:28.630444 Delta: Yes
2024-10-14 18:32:28.631258 Yankee: Yes
2024-10-14 18:32:28.631388 Romeo: No
ChatterBot Sierra reevaluating
ChatterBot Delta reevaluating
ChatterBot Yankee reevaluating
ChatterBot Sierra reevaluating
ChatterBot Yankee reevaluating
ChatterBot Sierra reevaluating
ChatterBot Delta reevaluating
ChatterBot Sierra reevaluating
ChatterBot Delta reevaluating
ChatterBot Yankee reevaluating
2024-10-14 18:32:28.679366 November: We should drop Romeo
ChatterBot Papa reevaluating
2024-10-14 18:32:28.690014 Oscar: No
2024-10-14 18:32:28.690151 Uniform: Yes
2024-10-14 18:32:28.690720 Zulu: Yes
2024-10-14 18:32:28.690846 Papa: Yes
ChatterBot Papa reevaluating
ChatterBot Papa reevaluating
ChatterBot Papa reevaluating
2024-10-14 18:32:28.734512 Sierra: Zulu we want you to join our group
2024-10-14 18:32:28.737324 Zulu: No
ChatterBot Sierra reevaluating
ChatterBot Delta reevaluating
ChatterBot Yankee reevaluating
2024-10-14 18:32:28.752583 Hotel: Romeo, Sierra and Yankee, sending you 3
2024-10-14 18:32:28.752949 Romeo: Hotel and Delta, sending you 5
2024-10-14 18:32:28.753256 Oscar: Romeo, Sierra, Delta and Yankee, sending you 1
2024-10-14 18:32:28.868451 Delta: Zulu we want you to join our group
2024-10-14 18:32:28.871412 Zulu: No
ChatterBot Sierra reevaluating
ChatterBot Delta reevaluating
ChatterBot Yankee reevaluating
2024-10-14 18:32:28.886559 Zulu: Oscar, Papa, November and Uniform, sending you 4
2024-10-14 18:32:28.886974 Hotel: Delta, sending you 4
2024-10-14 18:32:28.887313 Romeo: Sierra, sending you 6
2024-10-14 18:32:28.887682 Oscar: Papa, November and Zulu, sending you 2
2024-10-14 18:32:28.888660 Uniform: Oscar, Papa and November, sending you 4
2024-10-14 18:32:29.052960 Delta: Oscar we want you to join our group
2024-10-14 18:32:29.057022 Oscar: Yes
ChatterBot Delta reevaluating
ChatterBot Sierra reevaluating
ChatterBot Yankee reevaluating
2024-10-14 18:32:29.074098 Zulu: Yankee, sending you 2
2024-10-14 18:32:29.075529 Oscar: Uniform, sending you 4
2024-10-14 18:32:29.076909 Uniform: Zulu, sending you 3
2024-10-14 18:32:29.077653 Papa: Oscar, sending you 2
2024-10-14 18:32:29.079260 Romeo: Yankee, sending you 2
2024-10-14 18:32:29.080801 November: Oscar, Zulu and Uniform, sending you 3
chatterbot Uniform submitting transactions
chatterbot November submitting transactions
2024-10-14 18:32:29.228600 Papa: November, Zulu and Uniform, sending you 4
2024-10-14 18:32:29.229896 November: Papa, sending you 4
2024-10-14 18:32:29.230448 Sierra: Oscar we want you to join our group
2024-10-14 18:32:29.235259 Oscar: Yes
ChatterBot Delta reevaluating
ChatterBot Sierra reevaluating
ChatterBot Yankee reevaluating
chatterbot Zulu submitting transactions
chatterbot Hotel submitting transactions
2024-10-14 18:32:29.347370 Yankee: Hotel, Romeo, Sierra and Delta, sending you 2
2024-10-14 18:32:29.362249 Sierra: Oscar and Yankee, sending you 2
2024-10-14 18:32:29.376691 Delta: Oscar, sending you 2
2024-10-14 18:32:29.377485 Sierra: Hotel and Delta, sending you 3
chatterbot Papa submitting transactions
2024-10-14 18:32:29.403363 Delta: Hotel, Romeo, Sierra and Yankee, sending you 3
2024-10-14 18:32:29.403906 Sierra: Romeo, sending you 4
chatterbot Yankee submitting transactions
chatterbot Oscar submitting transactions
chatterbot Delta submitting transactions
chatterbot Romeo submitting transactions
chatterbot Sierra submitting transactions
ChatterBot Oscar round 4
ChatterBot Hotel round 4
ChatterBot Romeo round 4
ChatterBot Papa round 4
ChatterBot Sierra round 4
ChatterBot Delta round 4
ChatterBot November round 4
ChatterBot Zulu round 4
ChatterBot Yankee round 4
ChatterBot Uniform round 4
2024-10-14 18:32:30.546211 Sierra: We should drop Oscar
ChatterBot Delta reevaluating
ChatterBot Yankee reevaluating
2024-10-14 18:32:30.559299 Hotel: Yes
2024-10-14 18:32:30.560804 Delta: Yes
2024-10-14 18:32:30.563265 Yankee: Yes
2024-10-14 18:32:30.568606 Romeo: Yes
ChatterBot Sierra reevaluating
ChatterBot Delta reevaluating
ChatterBot Yankee reevaluating
ChatterBot Sierra reevaluating
ChatterBot Yankee reevaluating
ChatterBot Sierra reevaluating
ChatterBot Delta reevaluating
ChatterBot Sierra reevaluating
ChatterBot Delta reevaluating
ChatterBot Yankee reevaluating
2024-10-14 18:32:30.765716 Hotel: Romeo, sending you 4
2024-10-14 18:32:30.766257 Oscar: Papa and November, sending you 2
2024-10-14 18:32:30.867973 Hotel: Sierra, Delta and Yankee, sending you 3
2024-10-14 18:32:30.868865 Uniform: Oscar, Papa and Zulu, sending you 4
2024-10-14 18:32:30.869252 Romeo: Hotel and Sierra, sending you 5
2024-10-14 18:32:30.869583 Oscar: Sierra, Delta and Yankee, sending you 1
2024-10-14 18:32:30.870704 Papa: Sending you each 2
2024-10-14 18:32:30.871055 November: Oscar, Zulu and Uniform, sending you 3
2024-10-14 18:32:30.871877 Zulu: Oscar, November and Uniform, sending you 4
2024-10-14 18:32:30.872163 Delta: Zulu we want you to join our group
ChatterBot Zulu reevaluating
2024-10-14 18:32:30.875791 Zulu: No
ChatterBot Sierra reevaluating
ChatterBot Delta reevaluating
2024-10-14 18:32:30.890045 Zulu: We should replace Yankee with Delta
2024-10-14 18:32:30.901336 Oscar: No
2024-10-14 18:32:30.901501 Uniform: No
2024-10-14 18:32:30.901672 November: No
2024-10-14 18:32:30.901789 Papa: No
ChatterBot Zulu reevaluating
ChatterBot Oscar reevaluating
ChatterBot Zulu reevaluating
ChatterBot Oscar reevaluating
ChatterBot Zulu reevaluating
ChatterBot Oscar reevaluating
ChatterBot Zulu reevaluating
chatterbot Papa submitting transactions
2024-10-14 18:32:30.948951 Uniform: November, sending you 3
2024-10-14 18:32:30.950093 Romeo: Delta and Yankee, sending you 4
2024-10-14 18:32:30.950578 November: Papa, sending you 4
chatterbot November submitting transactions
2024-10-14 18:32:30.975602 Yankee: Hotel, Romeo, Sierra and Delta, sending you 2
2024-10-14 18:32:31.127290 Delta: Hotel, Romeo, Sierra and Yankee, sending you 3
2024-10-14 18:32:31.128449 Sierra: Hotel and Yankee, sending you 3
2024-10-14 18:32:31.136539 Delta: Zulu, sending you 2
2024-10-14 18:32:31.138173 Sierra: Romeo and Delta, sending you 4
chatterbot Delta submitting transactions
chatterbot Romeo submitting transactions
chatterbot Zulu submitting transactions
chatterbot Oscar submitting transactions
chatterbot Uniform submitting transactions
chatterbot Hotel submitting transactions
chatterbot Oscar submitting transactions
chatterbot Yankee submitting transactions
chatterbot Sierra submitting transactions
ChatterBot Oscar round 5
ChatterBot Hotel round 5
ChatterBot Romeo round 5
ChatterBot Papa round 5
ChatterBot Sierra round 5
ChatterBot Delta round 5
ChatterBot November round 5
ChatterBot Zulu round 5
ChatterBot Yankee round 5
ChatterBot Uniform round 5
2024-10-14 18:32:31.896193 Zulu: We should replace Delta with Yankee
ChatterBot Oscar reevaluating
2024-10-14 18:32:31.946617 Oscar: No
2024-10-14 18:32:31.946833 Uniform: No
2024-10-14 18:32:31.946960 November: No
2024-10-14 18:32:31.947092 Papa: No
ChatterBot Zulu reevaluating
ChatterBot Oscar reevaluating
ChatterBot Zulu reevaluating
ChatterBot Oscar reevaluating
ChatterBot Zulu reevaluating
ChatterBot Oscar reevaluating
ChatterBot Zulu reevaluating
2024-10-14 18:32:32.047686 Papa: Same as last round
2024-10-14 18:32:32.053704 Delta: I was attacked by Papa
ChatterBot Sierra reevaluating
ChatterBot Hotel reevaluating
ChatterBot Romeo reevaluating
ChatterBot Yankee reevaluating
ChatterBot Zulu reevaluating
2024-10-14 18:32:32.074179 Delta: I'm keeping this round to protect myself
2024-10-14 18:32:32.077376 Delta: Ow
2024-10-14 18:32:32.078711 Sierra: We should add Zulu
ChatterBot Hotel reevaluating
ChatterBot Yankee reevaluating
ChatterBot Romeo reevaluating
2024-10-14 18:32:32.102522 Hotel: No
2024-10-14 18:32:32.107426 Delta: Yes
2024-10-14 18:32:32.107708 Yankee: Yes
2024-10-14 18:32:32.108401 Romeo: No
ChatterBot Sierra reevaluating
ChatterBot Yankee reevaluating
ChatterBot Romeo reevaluating
ChatterBot Sierra reevaluating
ChatterBot Hotel reevaluating
ChatterBot Yankee reevaluating
ChatterBot Romeo reevaluating
ChatterBot Sierra reevaluating
ChatterBot Hotel reevaluating
ChatterBot Romeo reevaluating
ChatterBot Sierra reevaluating
ChatterBot Hotel reevaluating
ChatterBot Yankee reevaluating
2024-10-14 18:32:32.180650 Delta: Oscar did not give me 1 like they said
ChatterBot Sierra reevaluating
ChatterBot Hotel reevaluating
ChatterBot Romeo reevaluating
ChatterBot Yankee reevaluating
ChatterBot Zulu reevaluating
2024-10-14 18:32:32.197222 Uniform: Oscar, November and Zulu, sending you 4
2024-10-14 18:32:32.197691 November: Oscar, Zulu and Uniform, sending you 3
2024-10-14 18:32:32.203142 Uniform: Papa, sending you 3
2024-10-14 18:32:32.203798 November: Papa, sending you 4
2024-10-14 18:32:32.223670 Yankee: Hotel, Romeo, Sierra and Delta, sending you 2
2024-10-14 18:32:32.227648 Sierra: Hotel and Yankee, sending you 3
2024-10-14 18:32:32.229671 Romeo: Hotel and Sierra, sending you 5
2024-10-14 18:32:32.230733 Sierra: Romeo and Delta, sending you 4
2024-10-14 18:32:32.233692 Romeo: Delta and Yankee, sending you 4
chatterbot Uniform submitting transactions
chatterbot Oscar submitting transactions
chatterbot Delta submitting transactions
chatterbot Sierra submitting transactions
chatterbot Yankee submitting transactions
chatterbot November submitting transactions
chatterbot Papa submitting transactions
chatterbot Hotel submitting transactions
chatterbot Zulu submitting transactions
chatterbot Romeo submitting transactions
ChatterBot Oscar round 6
ChatterBot Hotel round 6
ChatterBot Romeo round 6
ChatterBot Papa round 6
ChatterBot Sierra round 6
ChatterBot Delta round 6
ChatterBot November round 6
ChatterBot Zulu round 6
ChatterBot Yankee round 6
ChatterBot Uniform round 6
2024-10-14 18:32:33.225253 Hotel: We should add Zulu
ChatterBot Sierra reevaluating
ChatterBot Romeo reevaluating
2024-10-14 18:32:33.235671 Sierra: Yes
2024-10-14 18:32:33.235832 Delta: Yes
2024-10-14 18:32:33.235954 Yankee: Yes
2024-10-14 18:32:33.236077 Romeo: Yes
ChatterBot Hotel reevaluating
ChatterBot Romeo reevaluating
ChatterBot Sierra reevaluating
ChatterBot Hotel reevaluating
ChatterBot Romeo reevaluating
ChatterBot Sierra reevaluating
ChatterBot Hotel reevaluating
ChatterBot Romeo reevaluating
ChatterBot Sierra reevaluating
ChatterBot Hotel reevaluating
2024-10-14 18:32:33.349676 Hotel: Zulu we want you to join our group
ChatterBot Zulu reevaluating
2024-10-14 18:32:33.354970 Zulu: No
ChatterBot Sierra reevaluating
ChatterBot Hotel reevaluating
ChatterBot Romeo reevaluating
2024-10-14 18:32:33.381660 Papa: Same as last round
2024-10-14 18:32:33.382291 Delta: Sierra, sending you 1
2024-10-14 18:32:33.383236 November: Oscar, Papa and Uniform, sending you 3
2024-10-14 18:32:33.384112 Yankee: Hotel, Romeo, Sierra and Delta, sending you 2
2024-10-14 18:32:33.384666 Romeo: Zulu we want you to join our group
ChatterBot Zulu reevaluating
2024-10-14 18:32:33.389631 Zulu: No
ChatterBot Hotel reevaluating
ChatterBot Romeo reevaluating
2024-10-14 18:32:33.404953 Sierra: Zulu we want you to join our group
ChatterBot Zulu reevaluating
2024-10-14 18:32:33.410773 Zulu: No
ChatterBot Hotel reevaluating
ChatterBot Romeo reevaluating
2024-10-14 18:32:33.426951 November: Zulu, sending you 4
2024-10-14 18:32:33.431679 Uniform: Oscar, November and Zulu, sending you 4
2024-10-14 18:32:33.436667 Uniform: Papa, sending you 3
2024-10-14 18:32:33.454899 Romeo: Hotel and Sierra, sending you 5
2024-10-14 18:32:33.459665 Romeo: Delta and Yankee, sending you 4
chatterbot Sierra submitting transactions
chatterbot Zulu submitting transactions
chatterbot Romeo submitting transactions
chatterbot Yankee submitting transactions
chatterbot Uniform submitting transactions
chatterbot Delta submitting transactions
chatterbot Oscar submitting transactions
chatterbot November submitting transactions
chatterbot Hotel submitting transactions
chatterbot Papa submitting transactions
ChatterBot Oscar round 7
ChatterBot Hotel round 7
ChatterBot Romeo round 7
ChatterBot Papa round 7
ChatterBot Sierra round 7
2024-10-14 18:32:34.387092 Hotel: We should add Zulu
2024-10-14 18:32:34.402355 Sierra: Yes
2024-10-14 18:32:34.402594 Delta: Yes
2024-10-14 18:32:34.402782 Yankee: Yes
2024-10-14 18:32:34.402941 Romeo: No
ChatterBot Hotel reevaluating
ChatterBot Romeo reevaluating
ChatterBot Hotel reevaluating
ChatterBot Romeo reevaluating
ChatterBot Hotel reevaluating
ChatterBot Romeo reevaluating
ChatterBot Hotel reevaluating
ChatterBot Delta round 7
ChatterBot November round 7
ChatterBot Zulu round 7
ChatterBot Yankee round 7
ChatterBot Uniform round 7
2024-10-14 18:32:34.480707 Hotel: Zulu we want you to join our group
ChatterBot Zulu reevaluating
2024-10-14 18:32:34.485411 Zulu: No
ChatterBot Hotel reevaluating
2024-10-14 18:32:34.502925 Sierra: I was attacked by Papa
ChatterBot Hotel reevaluating
ChatterBot Romeo reevaluating
ChatterBot Delta reevaluating
ChatterBot Yankee reevaluating
ChatterBot Zulu reevaluating
2024-10-14 18:32:34.514879 Sierra: I'm keeping this round to protect myself
2024-10-14 18:32:34.515781 Sierra: Ow
2024-10-14 18:32:34.516462 Papa: Same as last round
2024-10-14 18:32:34.517060 Papa: I was attacked by Hotel
ChatterBot Oscar reevaluating
ChatterBot Uniform reevaluating
ChatterBot November reevaluating
ChatterBot Zulu reevaluating
2024-10-14 18:32:34.527006 Papa: Ow
2024-10-14 18:32:34.537696 Delta: Hotel, Sierra, Zulu and Yankee, sending you 2
2024-10-14 18:32:34.541746 Delta: Romeo, sending you 3
2024-10-14 18:32:34.548654 Yankee: Hotel and Romeo, sending you 2
2024-10-14 18:32:34.550654 Romeo: Hotel and Sierra, sending you 5
2024-10-14 18:32:34.552284 Uniform: Oscar, November and Zulu, sending you 4
2024-10-14 18:32:34.553136 Yankee: Sierra, Delta and Zulu, sending you 1
2024-10-14 18:32:34.555663 Romeo: Delta and Yankee, sending you 4
2024-10-14 18:32:34.556141 Uniform: Papa, sending you 3
2024-10-14 18:32:34.556676 November: Oscar, Papa and Zulu, sending you 3
2024-10-14 18:32:34.561661 November: Uniform, sending you 4
chatterbot Papa submitting transactions
chatterbot Hotel submitting transactions
chatterbot Romeo submitting transactions
chatterbot Oscar submitting transactions
chatterbot Delta submitting transactions
chatterbot Uniform submitting transactions
chatterbot Sierra submitting transactions
chatterbot November submitting transactions
chatterbot Yankee submitting transactions
chatterbot Zulu submitting transactions
ChatterBot Oscar round 8
ChatterBot Hotel round 8
ChatterBot Romeo round 8
ChatterBot Papa round 8
ChatterBot Sierra round 8
ChatterBot Delta round 8
2024-10-14 18:32:35.678585 Hotel: We should add Zulu
ChatterBot Romeo reevaluating
2024-10-14 18:32:35.693517 Sierra: Yes
2024-10-14 18:32:35.693685 Delta: Yes
2024-10-14 18:32:35.693818 Yankee: Yes
2024-10-14 18:32:35.693935 Romeo: Yes
ChatterBot Hotel reevaluating
ChatterBot Romeo reevaluating
ChatterBot Hotel reevaluating
ChatterBot Romeo reevaluating
ChatterBot Hotel reevaluating
ChatterBot Romeo reevaluating
ChatterBot Hotel reevaluating
ChatterBot November round 8
2024-10-14 18:32:35.759327 Oscar: We should add Yankee
ChatterBot November reevaluating
ChatterBot Zulu reevaluating
2024-10-14 18:32:35.775812 Uniform: No
2024-10-14 18:32:35.776017 November: Yes
2024-10-14 18:32:35.776183 Zulu: No
2024-10-14 18:32:35.776338 Papa: No
ChatterBot Oscar reevaluating
ChatterBot November reevaluating
ChatterBot Zulu reevaluating
ChatterBot Oscar reevaluating
ChatterBot Zulu reevaluating
ChatterBot Papa reevaluating
ChatterBot Oscar reevaluating
ChatterBot November reevaluating
ChatterBot Papa reevaluating
ChatterBot Oscar reevaluating
ChatterBot November reevaluating
ChatterBot Zulu reevaluating
ChatterBot Zulu round 8
ChatterBot Yankee round 8
ChatterBot Uniform round 8
2024-10-14 18:32:35.887548 Hotel: Zulu we want you to join our group
ChatterBot Zulu reevaluating
2024-10-14 18:32:35.892681 Zulu: No
ChatterBot Hotel reevaluating
2024-10-14 18:32:35.911486 Zulu: We should replace Delta with Yankee
ChatterBot Oscar reevaluating
ChatterBot Papa reevaluating
2024-10-14 18:32:35.924206 Oscar: No
2024-10-14 18:32:35.924348 Uniform: No
2024-10-14 18:32:35.924975 November: No
2024-10-14 18:32:35.925097 Papa: Yes
ChatterBot Zulu reevaluating
ChatterBot Papa reevaluating
ChatterBot Oscar reevaluating
ChatterBot Zulu reevaluating
ChatterBot Papa reevaluating
ChatterBot Oscar reevaluating
ChatterBot Zulu reevaluating
ChatterBot Papa reevaluating
ChatterBot Oscar reevaluating
ChatterBot Zulu reevaluating
2024-10-14 18:32:35.964865 Romeo: I was attacked by Papa
ChatterBot Sierra reevaluating
ChatterBot Hotel reevaluating
ChatterBot Delta reevaluating
ChatterBot Yankee reevaluating
2024-10-14 18:32:35.974585 Romeo: I'm keeping this round to protect myself
2024-10-14 18:32:35.975947 Romeo: Ow
2024-10-14 18:32:35.976458 Papa: Yankee we want you to join our group
ChatterBot Yankee reevaluating
2024-10-14 18:32:35.979196 Yankee: No
ChatterBot Oscar reevaluating
2024-10-14 18:32:35.993131 Uniform: Oscar, November and Zulu, sending you 4
2024-10-14 18:32:35.997905 Oscar: Yankee we want you to join our group
ChatterBot Yankee reevaluating
2024-10-14 18:32:36.002759 Yankee: No
ChatterBot Zulu reevaluating
ChatterBot Oscar reevaluating
2024-10-14 18:32:36.022441 November: Oscar, Papa and Zulu, sending you 3
2024-10-14 18:32:36.023260 Uniform: Papa, sending you 3
2024-10-14 18:32:36.025942 November: Uniform, sending you 4
2024-10-14 18:32:36.026688 Papa: Oscar, November, Zulu and Uniform, sending you 1
2024-10-14 18:32:36.027775 Zulu: Yankee we want you to join our group
ChatterBot Yankee reevaluating
2024-10-14 18:32:36.032927 Yankee: No
ChatterBot Zulu reevaluating
ChatterBot Oscar reevaluating
2024-10-14 18:32:36.125304 Delta: Hotel, Romeo, Sierra and Yankee, sending you 3
2024-10-14 18:32:36.126905 Sierra: Hotel, Romeo and Delta, sending you 1
2024-10-14 18:32:36.130715 Delta: Zulu, sending you 2
2024-10-14 18:32:36.139708 Yankee: Hotel, Romeo, Sierra and Delta, sending you 2
chatterbot November submitting transactions
chatterbot Hotel submitting transactions
chatterbot Romeo submitting transactions
chatterbot Yankee submitting transactions
chatterbot Oscar submitting transactions
chatterbot Sierra submitting transactions
chatterbot Zulu submitting transactions
chatterbot Delta submitting transactions
chatterbot Papa submitting transactions
chatterbot Uniform submitting transactions
ChatterBot Oscar round 9
2024-10-14 18:32:37.060988 Oscar: We should add Yankee
ChatterBot Zulu reevaluating
2024-10-14 18:32:37.071252 Uniform: No
2024-10-14 18:32:37.071419 November: No
2024-10-14 18:32:37.071549 Zulu: No
2024-10-14 18:32:37.072335 Papa: Yes
ChatterBot Oscar reevaluating
ChatterBot Zulu reevaluating
ChatterBot Oscar reevaluating
ChatterBot Uniform reevaluating
ChatterBot Zulu reevaluating
ChatterBot Papa reevaluating
ChatterBot Oscar reevaluating
ChatterBot Uniform reevaluating
ChatterBot Papa reevaluating
ChatterBot Oscar reevaluating
ChatterBot Uniform reevaluating
ChatterBot Zulu reevaluating
ChatterBot Hotel round 9
ChatterBot Romeo round 9
ChatterBot Papa round 9
ChatterBot Sierra round 9
ChatterBot Delta round 9
ChatterBot November round 9
ChatterBot Zulu round 9
ChatterBot Yankee round 9
ChatterBot Uniform round 9
2024-10-14 18:32:37.116200 Hotel: We should add Zulu
ChatterBot Romeo reevaluating
2024-10-14 18:32:37.123691 Sierra: Yes
2024-10-14 18:32:37.123821 Delta: Yes
2024-10-14 18:32:37.123925 Yankee: Yes
2024-10-14 18:32:37.124037 Romeo: Yes
ChatterBot Hotel reevaluating
ChatterBot Romeo reevaluating
ChatterBot Hotel reevaluating
ChatterBot Romeo reevaluating
ChatterBot Hotel reevaluating
ChatterBot Romeo reevaluating
ChatterBot Hotel reevaluating
2024-10-14 18:32:37.183570 Zulu: We should replace Delta with Yankee
ChatterBot Oscar reevaluating
ChatterBot Uniform reevaluating
ChatterBot November reevaluating
ChatterBot Papa reevaluating
2024-10-14 18:32:37.192268 Oscar: No
2024-10-14 18:32:37.192393 Uniform: No
2024-10-14 18:32:37.192498 November: Yes
2024-10-14 18:32:37.192597 Papa: No
ChatterBot Uniform reevaluating
ChatterBot November reevaluating
ChatterBot Papa reevaluating
ChatterBot Oscar reevaluating
ChatterBot November reevaluating
ChatterBot Zulu reevaluating
ChatterBot Papa reevaluating
ChatterBot Oscar reevaluating
ChatterBot Uniform reevaluating
ChatterBot Zulu reevaluating
ChatterBot Papa reevaluating
ChatterBot Oscar reevaluating
ChatterBot Uniform reevaluating
ChatterBot November reevaluating
ChatterBot Zulu reevaluating
2024-10-14 18:32:37.229535 November: We should add Yankee
ChatterBot Oscar reevaluating
ChatterBot Uniform reevaluating
ChatterBot Zulu reevaluating
ChatterBot Papa reevaluating
2024-10-14 18:32:37.237933 Oscar: Yes
2024-10-14 18:32:37.238040 Uniform: No
2024-10-14 18:32:37.238130 Zulu: Yes
2024-10-14 18:32:37.238228 Papa: No
ChatterBot Uniform reevaluating
ChatterBot November reevaluating
ChatterBot Zulu reevaluating
ChatterBot Papa reevaluating
ChatterBot Oscar reevaluating
ChatterBot November reevaluating
ChatterBot Zulu reevaluating
ChatterBot Papa reevaluating
ChatterBot Oscar reevaluating
ChatterBot Uniform reevaluating
ChatterBot November reevaluating
ChatterBot Papa reevaluating
ChatterBot Oscar reevaluating
ChatterBot Uniform reevaluating
ChatterBot November reevaluating
ChatterBot Zulu reevaluating
2024-10-14 18:32:37.280090 Papa: We should drop Yankee
ChatterBot Oscar reevaluating
ChatterBot Uniform reevaluating
ChatterBot Zulu reevaluating
2024-10-14 18:32:37.290704 Oscar: No
2024-10-14 18:32:37.290881 Uniform: Yes
2024-10-14 18:32:37.291024 November: Yes
2024-10-14 18:32:37.291148 Zulu: Yes
ChatterBot Uniform reevaluating
ChatterBot Zulu reevaluating
ChatterBot Papa reevaluating
ChatterBot Oscar reevaluating
ChatterBot Zulu reevaluating
ChatterBot Papa reevaluating
ChatterBot Oscar reevaluating
ChatterBot Uniform reevaluating
ChatterBot Zulu reevaluating
ChatterBot Papa reevaluating
ChatterBot Oscar reevaluating
ChatterBot Uniform reevaluating
ChatterBot Papa reevaluating
2024-10-14 18:32:37.368201 Hotel: Zulu we want you to join our group
ChatterBot Zulu reevaluating
2024-10-14 18:32:37.381779 Zulu: No
ChatterBot Hotel reevaluating
ChatterBot Romeo reevaluating
2024-10-14 18:32:37.430411 Sierra: Hotel, Romeo and Delta, sending you 3
2024-10-14 18:32:37.432685 Delta: Hotel, Romeo, Zulu and Yankee, sending you 3
2024-10-14 18:32:37.434164 Yankee: Hotel, Romeo, Sierra and Delta, sending you 2
2024-10-14 18:32:37.435023 Sierra: Yankee, sending you 2
2024-10-14 18:32:37.435621 November: Oscar, Papa and Zulu, sending you 3
2024-10-14 18:32:37.436320 Romeo: Zulu we want you to join our group
2024-10-14 18:32:37.439290 Zulu: No
ChatterBot Hotel reevaluating
ChatterBot Romeo reevaluating
2024-10-14 18:32:37.452062 Delta: Sierra, sending you 2
2024-10-14 18:32:37.452871 November: Uniform, sending you 4
2024-10-14 18:32:37.458216 Uniform: Oscar, November and Zulu, sending you 4
2024-10-14 18:32:37.462663 Uniform: Papa, sending you 3
2024-10-14 18:32:37.464159 Papa: Same as last round
2024-10-14 18:32:37.484685 Romeo: Hotel, Sierra, Delta and Yankee, sending you 4
2024-10-14 18:32:37.489670 Romeo: Zulu, sending you 2
chatterbot Yankee submitting transactions
chatterbot Sierra submitting transactions
chatterbot Papa submitting transactions
chatterbot Hotel submitting transactions
chatterbot Delta submitting transactions
chatterbot Oscar submitting transactions
chatterbot Zulu submitting transactions
chatterbot Uniform submitting transactions
chatterbot November submitting transactions
chatterbot Romeo submitting transactions
ChatterBot Oscar round 10
ChatterBot Hotel round 10
ChatterBot Romeo round 10
ChatterBot Papa round 10
ChatterBot Sierra round 10
ChatterBot Delta round 10
ChatterBot November round 10
ChatterBot Zulu round 10
ChatterBot Yankee round 10
ChatterBot Uniform round 10
2024-10-14 18:32:38.664482 Hotel: We should add Zulu
2024-10-14 18:32:38.674583 Sierra: Yes
2024-10-14 18:32:38.674796 Delta: Yes
2024-10-14 18:32:38.674937 Yankee: Yes
2024-10-14 18:32:38.675062 Romeo: Yes
ChatterBot Hotel reevaluating
ChatterBot Romeo reevaluating
ChatterBot Hotel reevaluating
ChatterBot Romeo reevaluating
ChatterBot Hotel reevaluating
ChatterBot Romeo reevaluating
ChatterBot Hotel reevaluating
2024-10-14 18:32:38.768112 Romeo: We should drop Zulu
ChatterBot Hotel reevaluating
2024-10-14 18:32:38.850573 Sierra: No
2024-10-14 18:32:38.851472 Hotel: No
2024-10-14 18:32:38.851699 Delta: No
2024-10-14 18:32:38.852314 Yankee: No
ChatterBot Hotel reevaluating
ChatterBot Romeo reevaluating
ChatterBot Romeo reevaluating
ChatterBot Hotel reevaluating
ChatterBot Romeo reevaluating
ChatterBot Hotel reevaluating
ChatterBot Romeo reevaluating
2024-10-14 18:32:38.924016 Delta: Hotel, Romeo, Sierra and Zulu, sending you 3
2024-10-14 18:32:38.930924 Yankee: Hotel, Romeo, Sierra and Delta, sending you 2
2024-10-14 18:32:38.933181 Hotel: Zulu we want you to join our group
2024-10-14 18:32:38.938173 Zulu: No
ChatterBot Hotel reevaluating
2024-10-14 18:32:38.956072 Delta: Yankee, sending you 2
2024-10-14 18:32:38.958469 Papa: Same as last round
2024-10-14 18:32:38.960795 Uniform: Oscar, November and Zulu, sending you 4
