ChatterBot X-ray round 1
ChatterBot Echo round 1
ChatterBot November round 1
ChatterBot Quebec round 1
ChatterBot Golf round 1
ChatterBot Yankee round 1
ChatterBot Tango round 1
ChatterBot Juliett round 1
ChatterBot Bravo round 1
ChatterBot Delta round 1
randomSelections Echo: {Echo, Juliett} 
2024-10-14 18:32:24.603532 Echo: Group up?
ChatterBot Juliett reevaluating
2024-10-14 18:32:24.605471 Juliett: Yes
randomSelections Quebec: {Quebec, Golf, Juliett, Yankee, Echo, X-ray, Delta} 
2024-10-14 18:32:24.608949 Quebec: We should group up
ChatterBot Golf reevaluating
ChatterBot Juliett reevaluating
ChatterBot Yankee reevaluating
ChatterBot X-ray reevaluating
ChatterBot Delta reevaluating
2024-10-14 18:32:24.622872 Golf: Yes
2024-10-14 18:32:24.622991 Juliett: No
2024-10-14 18:32:24.623164 Yankee: Yes
2024-10-14 18:32:24.623285 Echo: No
2024-10-14 18:32:24.623399 X-ray: Yes
2024-10-14 18:32:24.623516 Delta: Yes
ChatterBot Juliett reevaluating
ChatterBot Yankee reevaluating
ChatterBot X-ray reevaluating
ChatterBot Delta reevaluating
ChatterBot Golf reevaluating
ChatterBot Yankee reevaluating
ChatterBot X-ray reevaluating
ChatterBot Delta reevaluating
ChatterBot Golf reevaluating
ChatterBot Juliett reevaluating
ChatterBot X-ray reevaluating
ChatterBot Delta reevaluating
ChatterBot Golf reevaluating
ChatterBot Juliett reevaluating
ChatterBot Yankee reevaluating
ChatterBot X-ray reevaluating
ChatterBot Delta reevaluating
ChatterBot Golf reevaluating
ChatterBot Juliett reevaluating
ChatterBot Yankee reevaluating
ChatterBot Delta reevaluating
ChatterBot Golf reevaluating
ChatterBot Juliett reevaluating
ChatterBot Yankee reevaluating
ChatterBot X-ray reevaluating
randomSelections November: {November, Bravo, Yankee, Echo, Juliett, X-ray, Golf} 
2024-10-14 18:32:24.780293 November: Can we be friends?
ChatterBot Bravo reevaluating
ChatterBot Yankee reevaluating
ChatterBot Juliett reevaluating
ChatterBot X-ray reevaluating
ChatterBot Golf reevaluating
2024-10-14 18:32:24.788753 Bravo: Yes
2024-10-14 18:32:24.788960 Yankee: No
2024-10-14 18:32:24.789198 Echo: No
2024-10-14 18:32:24.789358 Juliett: No
2024-10-14 18:32:24.790048 X-ray: No
2024-10-14 18:32:24.790309 Golf: No
ChatterBot Yankee reevaluating
ChatterBot Juliett reevaluating
ChatterBot X-ray reevaluating
ChatterBot Golf reevaluating
ChatterBot Bravo reevaluating
ChatterBot Juliett reevaluating
ChatterBot X-ray reevaluating
ChatterBot Golf reevaluating
ChatterBot Bravo reevaluating
ChatterBot Yankee reevaluating
ChatterBot Juliett reevaluating
ChatterBot X-ray reevaluating
ChatterBot Golf reevaluating
ChatterBot Bravo reevaluating
ChatterBot Yankee reevaluating
ChatterBot X-ray reevaluating
ChatterBot Golf reevaluating
ChatterBot Bravo reevaluating
ChatterBot Yankee reevaluating
ChatterBot Juliett reevaluating
ChatterBot Golf reevaluating
ChatterBot Bravo reevaluating
ChatterBot Yankee reevaluating
ChatterBot Juliett reevaluating
ChatterBot X-ray reevaluating
randomSelections Tango: {Tango, Quebec, Echo, Bravo, Juliett, November} 
2024-10-14 18:32:24.844185 Tango: Group up?
ChatterBot Bravo reevaluating
ChatterBot Juliett reevaluating
2024-10-14 18:32:24.850651 Quebec: No
2024-10-14 18:32:24.850910 Echo: No
2024-10-14 18:32:24.851508 Bravo: No
2024-10-14 18:32:24.851766 Juliett: No
2024-10-14 18:32:24.851986 November: No
ChatterBot Bravo reevaluating
ChatterBot Juliett reevaluating
ChatterBot Bravo reevaluating
ChatterBot Juliett reevaluating
ChatterBot Juliett reevaluating
ChatterBot Bravo reevaluating
ChatterBot Bravo reevaluating
ChatterBot Juliett reevaluating
2024-10-14 18:32:24.901687 Delta: X-ray and Quebec, sending you 3
2024-10-14 18:32:24.903093 X-ray: Echo, sending you 4
2024-10-14 18:32:24.903676 Quebec: X-ray, sending you 4
2024-10-14 18:32:24.905699 Yankee: X-ray, Echo, Quebec, Golf, Juliett and Delta, sending you 1
2024-10-14 18:32:24.906709 Delta: Echo, sending you 4
2024-10-14 18:32:24.907182 Quebec: Echo and Golf, sending you 2
2024-10-14 18:32:24.908177 X-ray: Quebec, sending you 1
2024-10-14 18:32:24.910275 Golf: X-ray, Yankee and Juliett, sending you 3
2024-10-14 18:32:24.910724 Tango: Echo, Quebec and Juliett, sending you 4
2024-10-14 18:32:24.911069 Delta: Golf and Yankee, sending you 2
2024-10-14 18:32:24.911696 Echo: Sending you 12
2024-10-14 18:32:24.912700 Quebec: Yankee and Delta, sending you 1
2024-10-14 18:32:24.913033 November: X-ray, Echo, Golf and Juliett, sending you 2
2024-10-14 18:32:24.913331 X-ray: Golf, Yankee, Juliett and Delta, sending you 2
2024-10-14 18:32:24.915656 Golf: Echo, sending you 2
2024-10-14 18:32:24.916006 Tango: November, sending you 1
2024-10-14 18:32:24.916685 Quebec: Juliett, sending you 3
2024-10-14 18:32:24.917671 November: Yankee and Bravo, sending you 4
2024-10-14 18:32:24.917907 Bravo: X-ray, Echo and Yankee, sending you 2
2024-10-14 18:32:24.918674 Golf: Quebec, sending you 1
2024-10-14 18:32:24.923153 Bravo: November, sending you 4
2024-10-14 18:32:24.927686 Bravo: Golf, sending you 1
2024-10-14 18:32:24.930659 Bravo: Juliett, sending you 3
chatterbot Echo submitting transactions
chatterbot Juliett submitting transactions
chatterbot Yankee submitting transactions
chatterbot Quebec submitting transactions
chatterbot Tango submitting transactions
chatterbot Bravo submitting transactions
chatterbot November submitting transactions
chatterbot X-ray submitting transactions
chatterbot Delta submitting transactions
chatterbot Golf submitting transactions
ChatterBot X-ray round 2
2024-10-14 18:32:26.191043 X-ray: We would work well together
ChatterBot Quebec reevaluating
ChatterBot Golf reevaluating
ChatterBot Delta reevaluating
2024-10-14 18:32:26.242564 Quebec: No
2024-10-14 18:32:26.242734 Golf: No
2024-10-14 18:32:26.242849 Delta: No
ChatterBot Golf reevaluating
ChatterBot Delta reevaluating
ChatterBot Quebec reevaluating
ChatterBot Delta reevaluating
ChatterBot Quebec reevaluating
ChatterBot Golf reevaluating
2024-10-14 18:32:26.322845 Golf: Can we be friends?
ChatterBot November reevaluating
2024-10-14 18:32:26.336111 November: No
ChatterBot Golf reevaluating
2024-10-14 18:32:26.396727 November: Friends?
ChatterBot Tango reevaluating
2024-10-14 18:32:26.438754 Tango: No
ChatterBot November reevaluating
2024-10-14 18:32:26.455696 Tango: Can we be friends?
ChatterBot Juliett reevaluating
2024-10-14 18:32:26.469487 Juliett: No
ChatterBot Tango reevaluating
2024-10-14 18:32:26.483414 Juliett: We should replace Echo with Quebec
ChatterBot Echo round 2
ChatterBot November round 2
ChatterBot Quebec round 2
ChatterBot Golf round 2
ChatterBot Yankee round 2
ChatterBot Tango round 2
ChatterBot Juliett round 2
ChatterBot Bravo round 2
ChatterBot Delta round 2
2024-10-14 18:32:27.327429 Yankee: Let's form a team
ChatterBot Quebec reevaluating
ChatterBot Golf reevaluating
ChatterBot Delta reevaluating
ChatterBot November reevaluating
ChatterBot Bravo reevaluating
2024-10-14 18:32:27.348853 X-ray: No
2024-10-14 18:32:27.348998 Quebec: No
2024-10-14 18:32:27.349111 Golf: Yes
2024-10-14 18:32:27.349620 Delta: No
2024-10-14 18:32:27.349791 November: No
2024-10-14 18:32:27.349906 Bravo: No
ChatterBot Quebec reevaluating
ChatterBot Golf reevaluating
ChatterBot Delta reevaluating
ChatterBot November reevaluating
ChatterBot Bravo reevaluating
ChatterBot Golf reevaluating
ChatterBot Delta reevaluating
ChatterBot November reevaluating
ChatterBot Bravo reevaluating
ChatterBot Quebec reevaluating
ChatterBot Delta reevaluating
ChatterBot November reevaluating
ChatterBot Bravo reevaluating
ChatterBot Quebec reevaluating
ChatterBot Golf reevaluating
ChatterBot November reevaluating
ChatterBot Bravo reevaluating
ChatterBot Quebec reevaluating
ChatterBot Golf reevaluating
ChatterBot Delta reevaluating
ChatterBot Bravo reevaluating
ChatterBot Quebec reevaluating
ChatterBot Golf reevaluating
ChatterBot Delta reevaluating
ChatterBot November reevaluating
2024-10-14 18:32:27.479773 Echo: Group up?
ChatterBot Quebec reevaluating
ChatterBot Golf reevaluating
ChatterBot Delta reevaluating
2024-10-14 18:32:27.496726 X-ray: No
2024-10-14 18:32:27.496889 Quebec: Yes
2024-10-14 18:32:27.496994 Golf: No
2024-10-14 18:32:27.497096 Yankee: No
2024-10-14 18:32:27.497573 Delta: No
ChatterBot Quebec reevaluating
ChatterBot Golf reevaluating
ChatterBot Delta reevaluating
ChatterBot Golf reevaluating
ChatterBot Delta reevaluating
ChatterBot Quebec reevaluating
ChatterBot Delta reevaluating
ChatterBot Quebec reevaluating
ChatterBot Golf reevaluating
ChatterBot Delta reevaluating
ChatterBot Quebec reevaluating
ChatterBot Golf reevaluating
2024-10-14 18:32:27.581364 Juliett: Quebec we want you to join our group
ChatterBot Quebec reevaluating
2024-10-14 18:32:27.585562 Quebec: No
ChatterBot Juliett reevaluating
2024-10-14 18:32:27.589307 Juliett: We would work well together
ChatterBot Tango reevaluating
ChatterBot November reevaluating
ChatterBot Bravo reevaluating
2024-10-14 18:32:27.604028 Echo: No
2024-10-14 18:32:27.604230 Tango: No
2024-10-14 18:32:27.604827 November: Yes
2024-10-14 18:32:27.604987 Bravo: Yes
ChatterBot Juliett reevaluating
ChatterBot Tango reevaluating
ChatterBot November reevaluating
ChatterBot Bravo reevaluating
ChatterBot Juliett reevaluating
ChatterBot November reevaluating
ChatterBot Bravo reevaluating
ChatterBot Juliett reevaluating
ChatterBot Tango reevaluating
ChatterBot Bravo reevaluating
ChatterBot Juliett reevaluating
ChatterBot Echo reevaluating
ChatterBot Tango reevaluating
ChatterBot November reevaluating
2024-10-14 18:32:27.668752 Echo: We should group up
ChatterBot Juliett reevaluating
ChatterBot Tango reevaluating
ChatterBot November reevaluating
ChatterBot Bravo reevaluating
2024-10-14 18:32:27.682693 Juliett: Yes
2024-10-14 18:32:27.683243 Tango: Yes
2024-10-14 18:32:27.683348 November: Yes
2024-10-14 18:32:27.683490 Bravo: Yes
ChatterBot Echo reevaluating
ChatterBot Tango reevaluating
ChatterBot November reevaluating
ChatterBot Bravo reevaluating
ChatterBot Juliett reevaluating
ChatterBot Echo reevaluating
ChatterBot November reevaluating
ChatterBot Bravo reevaluating
ChatterBot Juliett reevaluating
ChatterBot Echo reevaluating
ChatterBot Tango reevaluating
ChatterBot Bravo reevaluating
ChatterBot Juliett reevaluating
ChatterBot Echo reevaluating
ChatterBot Tango reevaluating
ChatterBot November reevaluating
chatterbot X-ray submitting transactions
2024-10-14 18:32:27.845786 X-ray: Quebec, sending you 5
2024-10-14 18:32:27.846754 Tango: We should drop Quebec
ChatterBot Echo reevaluating
2024-10-14 18:32:27.859656 Juliett: Yes
2024-10-14 18:32:27.860018 Echo: No
2024-10-14 18:32:27.860162 November: Yes
2024-10-14 18:32:27.860388 Bravo: Yes
ChatterBot Echo reevaluating
ChatterBot Tango reevaluating
ChatterBot Echo reevaluating
ChatterBot Tango reevaluating
ChatterBot Echo reevaluating
ChatterBot Tango reevaluating
2024-10-14 18:32:27.912267 Delta: We should drop Juliett and Echo
ChatterBot Golf reevaluating
2024-10-14 18:32:27.926557 X-ray: Yes
2024-10-14 18:32:27.929022 Quebec: Yes
2024-10-14 18:32:27.929193 Golf: Yes
2024-10-14 18:32:27.929542 Yankee: Yes
ChatterBot Golf reevaluating
ChatterBot Golf reevaluating
ChatterBot Golf reevaluating
2024-10-14 18:32:27.982087 X-ray: Golf and Delta, sending you 4
2024-10-14 18:32:28.018485 November: Tango, sending you 3
2024-10-14 18:32:28.018995 Bravo: Echo, Tango and Juliett, sending you 2
2024-10-14 18:32:28.019498 Yankee: X-ray and Golf, sending you 1
2024-10-14 18:32:28.020624 Juliett: Echo, sending you 7
2024-10-14 18:32:28.035781 November: Bravo, sending you 9
2024-10-14 18:32:28.036883 Bravo: November, sending you 8
2024-10-14 18:32:28.037260 Echo: November and Bravo, sending you 4
2024-10-14 18:32:28.038197 Delta: X-ray, sending you 5
2024-10-14 18:32:28.038726 Juliett: November, sending you 3
2024-10-14 18:32:28.048795 Echo: Tango, sending you 5
2024-10-14 18:32:28.049328 Delta: Quebec and Yankee, sending you 4
2024-10-14 18:32:28.050470 Juliett: Tango and Bravo, sending you 4
2024-10-14 18:32:28.050970 Golf: X-ray, November, Quebec, Yankee, Bravo and Delta, sending you 2
2024-10-14 18:32:28.051588 Quebec: X-ray and Golf, sending you 3
2024-10-14 18:32:28.059349 Echo: Juliett, sending you 2
2024-10-14 18:32:28.059750 Delta: Golf, sending you 1
2024-10-14 18:32:28.060074 Quebec: Yankee, sending you 2
2024-10-14 18:32:28.064901 Quebec: Delta, sending you 5
chatterbot Yankee submitting transactions
chatterbot Quebec submitting transactions
chatterbot Juliett submitting transactions
chatterbot Delta submitting transactions
chatterbot Tango submitting transactions
chatterbot Echo submitting transactions
chatterbot Bravo submitting transactions
chatterbot Golf submitting transactions
chatterbot November submitting transactions
ChatterBot X-ray round 3
ChatterBot Echo round 3
ChatterBot November round 3
ChatterBot Quebec round 3
ChatterBot Golf round 3
ChatterBot Yankee round 3
ChatterBot Tango round 3
ChatterBot Juliett round 3
ChatterBot Bravo round 3
ChatterBot Delta round 3
2024-10-14 18:32:30.670966 Bravo: We should add Golf
2024-10-14 18:32:30.684962 Juliett: No
2024-10-14 18:32:30.685596 Echo: No
2024-10-14 18:32:30.685740 Tango: No
2024-10-14 18:32:30.685916 November: No
ChatterBot Bravo reevaluating
ChatterBot Bravo reevaluating
ChatterBot Bravo reevaluating
2024-10-14 18:32:30.750861 Tango: We should drop Quebec
ChatterBot Bravo reevaluating
2024-10-14 18:32:30.766218 Juliett: Yes
2024-10-14 18:32:30.766361 Echo: Yes
2024-10-14 18:32:30.766905 November: Yes
2024-10-14 18:32:30.767030 Bravo: Yes
ChatterBot Bravo reevaluating
ChatterBot Bravo reevaluating
ChatterBot Bravo reevaluating
2024-10-14 18:32:30.828500 Golf: We should drop November and Bravo
2024-10-14 18:32:30.841315 Delta: Yes
2024-10-14 18:32:30.841475 X-ray: Yes
2024-10-14 18:32:30.841585 Quebec: Yes
2024-10-14 18:32:30.841711 Yankee: No
ChatterBot Yankee reevaluating
ChatterBot Yankee reevaluating
ChatterBot Yankee reevaluating
2024-10-14 18:32:30.893504 Bravo: We should add Yankee
2024-10-14 18:32:30.909707 Juliett: No
2024-10-14 18:32:30.909880 Echo: No
2024-10-14 18:32:30.910383 Tango: No
2024-10-14 18:32:30.910498 November: No
ChatterBot Bravo reevaluating
ChatterBot Bravo reevaluating
ChatterBot Bravo reevaluating
ChatterBot Bravo reevaluating
2024-10-14 18:32:31.001346 Delta: X-ray, sending you 6
2024-10-14 18:32:31.001738 Echo: November and Bravo, sending you 3
2024-10-14 18:32:31.002722 November: Echo, Tango and Juliett, sending you 3
2024-10-14 18:32:31.003101 X-ray: Quebec and Golf, sending you 4
2024-10-14 18:32:31.003381 Quebec: X-ray and Delta, sending you 4
2024-10-14 18:32:31.004918 Bravo: Golf we want you to join our group
2024-10-14 18:32:31.026742 Golf: No
ChatterBot Bravo reevaluating
2024-10-14 18:32:31.091023 Bravo: We should add X-ray
2024-10-14 18:32:31.107206 Juliett: Yes
2024-10-14 18:32:31.107839 Echo: Yes
2024-10-14 18:32:31.108117 Tango: Yes
2024-10-14 18:32:31.108426 November: Yes
ChatterBot Bravo reevaluating
ChatterBot Bravo reevaluating
ChatterBot Bravo reevaluating
ChatterBot Bravo reevaluating
2024-10-14 18:32:31.179282 Echo: Tango, sending you 4
2024-10-14 18:32:31.180051 X-ray: Delta, sending you 5
2024-10-14 18:32:31.181283 Delta: Quebec, sending you 5
2024-10-14 18:32:31.181964 November: Bravo, sending you 7
2024-10-14 18:32:31.183284 Tango: Echo and Juliett, sending you 5
2024-10-14 18:32:31.184008 Quebec: Golf, sending you 3
chatterbot Echo submitting transactions
chatterbot Golf submitting transactions
2024-10-14 18:32:31.185841 Juliett: Echo, sending you 7
2024-10-14 18:32:31.187048 Golf: Sending you each 3
2024-10-14 18:32:31.187492 Echo: Juliett, sending you 5
2024-10-14 18:32:31.188557 Delta: Golf, sending you 3
2024-10-14 18:32:31.189016 Tango: November and Bravo, sending you 2
2024-10-14 18:32:31.189519 Yankee: X-ray, Quebec and Golf, sending you 1
2024-10-14 18:32:31.190563 Quebec: Yankee, sending you 2
2024-10-14 18:32:31.191087 Bravo: X-ray we want you to join our group
2024-10-14 18:32:31.195907 X-ray: No
ChatterBot Bravo reevaluating
2024-10-14 18:32:31.219080 Juliett: November, sending you 2
2024-10-14 18:32:31.286887 Juliett: Tango, sending you 5
chatterbot Juliett submitting transactions
2024-10-14 18:32:31.292153 Juliett: Bravo, sending you 4
2024-10-14 18:32:31.302085 Bravo: X-ray and Tango, sending you 2
2024-10-14 18:32:31.304707 Bravo: Echo and Juliett, sending you 3
2024-10-14 18:32:31.308670 Bravo: November, sending you 4
chatterbot Tango submitting transactions
chatterbot Quebec submitting transactions
chatterbot November submitting transactions
chatterbot X-ray submitting transactions
chatterbot Yankee submitting transactions
chatterbot Delta submitting transactions
chatterbot Bravo submitting transactions
ChatterBot X-ray round 4
ChatterBot Echo round 4
ChatterBot November round 4
ChatterBot Quebec round 4
ChatterBot Golf round 4
ChatterBot Yankee round 4
ChatterBot Tango round 4
ChatterBot Juliett round 4
ChatterBot Bravo round 4
ChatterBot Delta round 4
2024-10-14 18:32:32.238697 November: Echo, sending you 4
2024-10-14 18:32:32.240700 X-ray: Quebec and Golf, sending you 4
2024-10-14 18:32:32.242680 Quebec: X-ray and Delta, sending you 4
2024-10-14 18:32:32.244443 November: Tango and Juliett, sending you 3
2024-10-14 18:32:32.245672 X-ray: Delta, sending you 5
2024-10-14 18:32:32.247701 Quebec: Golf, sending you 3
2024-10-14 18:32:32.249178 November: Bravo, sending you 6
2024-10-14 18:32:32.251153 Golf: Same as last round
2024-10-14 18:32:32.251573 Quebec: Yankee, sending you 2
2024-10-14 18:32:32.253063 Yankee: X-ray, Quebec and Golf, sending you 1
2024-10-14 18:32:32.255084 Juliett: Echo, sending you 6
2024-10-14 18:32:32.255756 Echo: November and Bravo, sending you 3
2024-10-14 18:32:32.257726 Delta: X-ray and Quebec, sending you 5
2024-10-14 18:32:32.259038 Juliett: November, sending you 3
2024-10-14 18:32:32.259662 Echo: Tango, sending you 4
2024-10-14 18:32:32.260950 Bravo: X-ray and Tango, sending you 2
2024-10-14 18:32:32.261712 Delta: Golf, sending you 4
2024-10-14 18:32:32.262858 Juliett: Tango, sending you 5
2024-10-14 18:32:32.264687 Echo: Juliett, sending you 5
2024-10-14 18:32:32.265725 Bravo: Echo and Juliett, sending you 3
2024-10-14 18:32:32.266642 Tango: Echo, sending you 4
2024-10-14 18:32:32.267161 Juliett: Bravo, sending you 4
2024-10-14 18:32:32.269679 Bravo: November, sending you 4
2024-10-14 18:32:32.270704 Tango: November, sending you 3
2024-10-14 18:32:32.273680 Tango: Juliett, sending you 5
2024-10-14 18:32:32.278699 Tango: Bravo, sending you 2
chatterbot November submitting transactions
chatterbot Tango submitting transactions
chatterbot Golf submitting transactions
chatterbot Bravo submitting transactions
chatterbot Yankee submitting transactions
chatterbot Delta submitting transactions
chatterbot Quebec submitting transactions
chatterbot Echo submitting transactions
chatterbot X-ray submitting transactions
chatterbot Juliett submitting transactions
ChatterBot X-ray round 5
ChatterBot Echo round 5
ChatterBot November round 5
ChatterBot Quebec round 5
ChatterBot Golf round 5
ChatterBot Yankee round 5
ChatterBot Tango round 5
ChatterBot Juliett round 5
ChatterBot Bravo round 5
ChatterBot Delta round 5
2024-10-14 18:32:33.444666 November: Echo, sending you 4
2024-10-14 18:32:33.447720 Yankee: X-ray, Quebec and Golf, sending you 1
2024-10-14 18:32:33.450666 November: Tango and Juliett, sending you 3
2024-10-14 18:32:33.451185 Bravo: X-ray and Tango, sending you 2
2024-10-14 18:32:33.451679 Tango: Echo, sending you 4
2024-10-14 18:32:33.452091 Quebec: X-ray and Delta, sending you 4
2024-10-14 18:32:33.454907 Juliett: Echo, sending you 6
2024-10-14 18:32:33.455496 Bravo: Echo and Juliett, sending you 3
2024-10-14 18:32:33.455988 X-ray: Quebec and Golf, sending you 4
2024-10-14 18:32:33.456416 November: Bravo, sending you 6
2024-10-14 18:32:33.457202 Tango: November, sending you 3
2024-10-14 18:32:33.457532 Quebec: Golf, sending you 3
2024-10-14 18:32:33.457825 Golf: Same as last round
2024-10-14 18:32:33.458108 Delta: X-ray and Quebec, sending you 5
2024-10-14 18:32:33.459689 Juliett: November, sending you 3
2024-10-14 18:32:33.460398 X-ray: Delta, sending you 5
2024-10-14 18:32:33.460795 Bravo: November, sending you 4
2024-10-14 18:32:33.461538 Tango: Juliett, sending you 5
2024-10-14 18:32:33.462088 Quebec: Yankee, sending you 2
2024-10-14 18:32:33.462665 Delta: Golf, sending you 4
2024-10-14 18:32:33.463030 Juliett: Tango, sending you 5
2024-10-14 18:32:33.464695 Echo: November and Bravo, sending you 3
2024-10-14 18:32:33.466711 Tango: Bravo, sending you 2
2024-10-14 18:32:33.467682 Juliett: Bravo, sending you 4
2024-10-14 18:32:33.468625 Echo: Tango, sending you 4
2024-10-14 18:32:33.473697 Echo: Juliett, sending you 5
chatterbot Juliett submitting transactions
chatterbot Quebec submitting transactions
chatterbot November submitting transactions
chatterbot Yankee submitting transactions
chatterbot Echo submitting transactions
chatterbot Tango submitting transactions
chatterbot Delta submitting transactions
chatterbot Golf submitting transactions
chatterbot Bravo submitting transactions
chatterbot X-ray submitting transactions
ChatterBot X-ray round 6
ChatterBot Echo round 6
ChatterBot November round 6
ChatterBot Quebec round 6
ChatterBot Golf round 6
ChatterBot Yankee round 6
ChatterBot Tango round 6
ChatterBot Juliett round 6
ChatterBot Bravo round 6
ChatterBot Delta round 6
2024-10-14 18:32:34.709679 X-ray: Quebec and Golf, sending you 4
2024-10-14 18:32:34.713817 X-ray: Delta, sending you 5
2024-10-14 18:32:34.717682 Juliett: Echo, sending you 6
2024-10-14 18:32:34.722686 November: Echo, sending you 4
2024-10-14 18:32:34.723239 Juliett: November, sending you 3
2024-10-14 18:32:34.723753 Golf: Same as last round
2024-10-14 18:32:34.724683 Bravo: X-ray and Tango, sending you 2
2024-10-14 18:32:34.726648 Yankee: Quebec and Golf, sending you 1
2024-10-14 18:32:34.727682 Quebec: X-ray and Delta, sending you 4
2024-10-14 18:32:34.728230 Echo: November and Bravo, sending you 3
2024-10-14 18:32:34.728859 November: Tango and Juliett, sending you 3
2024-10-14 18:32:34.729839 Tango: Echo, sending you 4
2024-10-14 18:32:34.730302 Juliett: Tango, sending you 5
2024-10-14 18:32:34.730707 Bravo: Echo and Juliett, sending you 3
2024-10-14 18:32:34.731089 Delta: X-ray and Quebec, sending you 5
2024-10-14 18:32:34.731514 Quebec: Golf, sending you 3
2024-10-14 18:32:34.733659 Echo: Tango, sending you 4
2024-10-14 18:32:34.734206 Juliett: Bravo, sending you 4
2024-10-14 18:32:34.735013 Bravo: November, sending you 4
2024-10-14 18:32:34.735477 November: Bravo, sending you 6
2024-10-14 18:32:34.735943 Tango: November, sending you 3
2024-10-14 18:32:34.736460 Delta: Golf, sending you 4
2024-10-14 18:32:34.736770 Quebec: Yankee, sending you 2
2024-10-14 18:32:34.737479 Echo: Juliett, sending you 5
2024-10-14 18:32:34.738668 Tango: Juliett, sending you 5
2024-10-14 18:32:34.742682 Tango: Bravo, sending you 2
chatterbot X-ray submitting transactions
chatterbot Quebec submitting transactions
chatterbot Yankee submitting transactions
chatterbot Echo submitting transactions
chatterbot Delta submitting transactions
chatterbot Golf submitting transactions
chatterbot Tango submitting transactions
chatterbot Bravo submitting transactions
chatterbot November submitting transactions
chatterbot Juliett submitting transactions
ChatterBot X-ray round 7
ChatterBot Echo round 7
ChatterBot November round 7
ChatterBot Quebec round 7
ChatterBot Golf round 7
ChatterBot Yankee round 7
ChatterBot Tango round 7
ChatterBot Juliett round 7
ChatterBot Bravo round 7
ChatterBot Delta round 7
2024-10-14 18:32:35.851676 November: Echo, sending you 4
2024-10-14 18:32:35.853259 Quebec: X-ray and Delta, sending you 4
2024-10-14 18:32:35.854112 Bravo: We should drop X-ray
2024-10-14 18:32:35.872165 Juliett: Yes
2024-10-14 18:32:35.872408 Echo: Yes
2024-10-14 18:32:35.872608 Tango: Yes
2024-10-14 18:32:35.872833 November: Yes
2024-10-14 18:32:35.912915 November: Tango and Juliett, sending you 3
2024-10-14 18:32:35.913395 Quebec: Golf, sending you 3
2024-10-14 18:32:35.916678 Golf: Same as last round
2024-10-14 18:32:35.917514 Echo: November and Bravo, sending you 3
2024-10-14 18:32:35.918032 November: Bravo, sending you 6
2024-10-14 18:32:35.918425 X-ray: Quebec and Golf, sending you 4
2024-10-14 18:32:35.918692 Yankee: X-ray, Quebec and Golf, sending you 1
2024-10-14 18:32:35.918975 Quebec: Yankee, sending you 2
2024-10-14 18:32:35.919239 Juliett: Echo, sending you 6
2024-10-14 18:32:35.919633 Tango: Echo, sending you 4
2024-10-14 18:32:35.920769 Echo: Tango, sending you 4
2024-10-14 18:32:35.921661 X-ray: Delta, sending you 5
2024-10-14 18:32:35.922670 Juliett: November, sending you 3
2024-10-14 18:32:35.924970 Tango: November, sending you 3
2024-10-14 18:32:35.925661 Echo: Juliett, sending you 5
2024-10-14 18:32:35.926716 Juliett: Tango, sending you 5
2024-10-14 18:32:35.928672 Delta: X-ray, sending you 6
2024-10-14 18:32:35.929687 Tango: Juliett, sending you 5
2024-10-14 18:32:35.931671 Juliett: Bravo, sending you 4
2024-10-14 18:32:35.933682 Bravo: Echo and Tango, sending you 3
2024-10-14 18:32:35.934353 Delta: Quebec, sending you 5
2024-10-14 18:32:35.934763 Tango: Bravo, sending you 2
2024-10-14 18:32:35.937689 Bravo: November and Juliett, sending you 4
2024-10-14 18:32:35.939975 Delta: Golf, sending you 3
chatterbot X-ray submitting transactions
chatterbot Quebec submitting transactions
chatterbot Golf submitting transactions
chatterbot Echo submitting transactions
chatterbot Bravo submitting transactions
chatterbot November submitting transactions
chatterbot Juliett submitting transactions
chatterbot Yankee submitting transactions
chatterbot Delta submitting transactions
chatterbot Tango submitting transactions
ChatterBot X-ray round 8
ChatterBot Echo round 8
ChatterBot November round 8
ChatterBot Quebec round 8
ChatterBot Golf round 8
ChatterBot Yankee round 8
ChatterBot Tango round 8
ChatterBot Juliett round 8
ChatterBot Bravo round 8
ChatterBot Delta round 8
2024-10-14 18:32:36.963783 Bravo: We should add Golf
2024-10-14 18:32:36.972779 Juliett: No
2024-10-14 18:32:36.972946 Echo: No
2024-10-14 18:32:36.973087 Tango: No
2024-10-14 18:32:36.973218 November: No
ChatterBot Bravo reevaluating
ChatterBot Bravo reevaluating
ChatterBot Bravo reevaluating
ChatterBot Bravo reevaluating
2024-10-14 18:32:37.018526 Quebec: X-ray and Delta, sending you 4
2024-10-14 18:32:37.020671 November: Echo and Juliett, sending you 4
2024-10-14 18:32:37.021685 Quebec: Golf, sending you 3
2024-10-14 18:32:37.022675 Echo: November and Bravo, sending you 3
2024-10-14 18:32:37.023774 X-ray: Quebec and Golf, sending you 4
2024-10-14 18:32:37.024127 November: Tango, sending you 3
2024-10-14 18:32:37.024724 Quebec: Yankee, sending you 2
2024-10-14 18:32:37.025676 Golf: Same as last round
2024-10-14 18:32:37.027659 X-ray: Delta, sending you 5
2024-10-14 18:32:37.028016 November: Bravo, sending you 5
2024-10-14 18:32:37.028701 Echo: Tango, sending you 4
2024-10-14 18:32:37.029232 Juliett: Echo and Tango, sending you 5
2024-10-14 18:32:37.032061 Echo: Juliett, sending you 5
2024-10-14 18:32:37.033008 Juliett: November and Bravo, sending you 4
2024-10-14 18:32:37.033571 Tango: Echo, sending you 4
2024-10-14 18:32:37.038703 Tango: November, sending you 3
2024-10-14 18:32:37.039721 Yankee: Sending you each 1
2024-10-14 18:32:37.040672 Delta: X-ray, sending you 6
2024-10-14 18:32:37.043671 Tango: Juliett, sending you 5
2024-10-14 18:32:37.044918 Delta: Quebec, sending you 5
2024-10-14 18:32:37.045583 Bravo: Echo and Tango, sending you 3
2024-10-14 18:32:37.047663 Tango: Bravo, sending you 2
2024-10-14 18:32:37.048803 Delta: Golf, sending you 3
2024-10-14 18:32:37.049696 Bravo: November and Juliett, sending you 4
chatterbot Yankee submitting transactions
chatterbot Delta submitting transactions
chatterbot Golf submitting transactions
chatterbot X-ray submitting transactions
chatterbot Quebec submitting transactions
chatterbot November submitting transactions
chatterbot Juliett submitting transactions
chatterbot Echo submitting transactions
chatterbot Bravo submitting transactions
chatterbot Tango submitting transactions
ChatterBot X-ray round 9
ChatterBot Echo round 9
ChatterBot November round 9
ChatterBot Quebec round 9
ChatterBot Golf round 9
ChatterBot Yankee round 9
ChatterBot Tango round 9
ChatterBot Juliett round 9
ChatterBot Bravo round 9
ChatterBot Delta round 9
2024-10-14 18:32:38.054730 Bravo: We should add Delta
2024-10-14 18:32:38.063537 Juliett: No
2024-10-14 18:32:38.063734 Echo: No
2024-10-14 18:32:38.063878 Tango: No
2024-10-14 18:32:38.064024 November: No
ChatterBot Bravo reevaluating
ChatterBot Bravo reevaluating
ChatterBot Bravo reevaluating
ChatterBot Bravo reevaluating
2024-10-14 18:32:38.101654 Quebec: X-ray and Delta, sending you 4
2024-10-14 18:32:38.102751 Golf: Same as last round
2024-10-14 18:32:38.107698 Quebec: Golf, sending you 3
2024-10-14 18:32:38.109664 X-ray: Quebec and Golf, sending you 4
2024-10-14 18:32:38.110067 Yankee: Quebec, Golf and Delta, sending you 1
2024-10-14 18:32:38.110668 Tango: Echo, sending you 4
2024-10-14 18:32:38.111682 Juliett: Echo and Tango, sending you 5
2024-10-14 18:32:38.112245 Quebec: Yankee, sending you 2
2024-10-14 18:32:38.113288 Echo: November and Bravo, sending you 3
2024-10-14 18:32:38.114146 X-ray: Delta, sending you 5
2024-10-14 18:32:38.116170 Tango: November, sending you 3
2024-10-14 18:32:38.116975 Juliett: November and Bravo, sending you 4
2024-10-14 18:32:38.117921 Echo: Tango, sending you 4
2024-10-14 18:32:38.119096 Bravo: Echo and Tango, sending you 3
2024-10-14 18:32:38.120068 Delta: X-ray, sending you 6
2024-10-14 18:32:38.120656 November: Echo and Juliett, sending you 4
2024-10-14 18:32:38.121660 Tango: Juliett, sending you 5
2024-10-14 18:32:38.122689 Echo: Juliett, sending you 5
2024-10-14 18:32:38.123692 Delta: Quebec, sending you 5
2024-10-14 18:32:38.124688 Bravo: November and Juliett, sending you 4
2024-10-14 18:32:38.125982 November: Tango, sending you 3
2024-10-14 18:32:38.127649 Tango: Bravo, sending you 2
2024-10-14 18:32:38.128681 Delta: Golf, sending you 3
2024-10-14 18:32:38.129360 November: Bravo, sending you 5
chatterbot Delta submitting transactions
chatterbot November submitting transactions
chatterbot Quebec submitting transactions
chatterbot X-ray submitting transactions
chatterbot Yankee submitting transactions
chatterbot Tango submitting transactions
chatterbot Juliett submitting transactions
chatterbot Golf submitting transactions
chatterbot Bravo submitting transactions
chatterbot Echo submitting transactions
ChatterBot X-ray round 10
ChatterBot Echo round 10
ChatterBot November round 10
ChatterBot Quebec round 10
ChatterBot Golf round 10
ChatterBot Yankee round 10
ChatterBot Tango round 10
ChatterBot Juliett round 10
ChatterBot Bravo round 10
ChatterBot Delta round 10
2024-10-14 18:32:39.124802 Quebec: X-ray and Delta, sending you 4
2024-10-14 18:32:39.125730 Juliett: Echo and Tango, sending you 5
2024-10-14 18:32:39.127673 Echo: November and Bravo, sending you 3
2024-10-14 18:32:39.129048 X-ray: Quebec and Golf, sending you 4
2024-10-14 18:32:39.129688 Quebec: Golf, sending you 3
2024-10-14 18:32:39.130752 Delta: X-ray, sending you 6
2024-10-14 18:32:39.132006 Juliett: November and Bravo, sending you 4
2024-10-14 18:32:39.132973 Echo: Tango, sending you 4
2024-10-14 18:32:39.134204 November: Echo and Juliett, sending you 4
2024-10-14 18:32:39.135241 X-ray: Delta, sending you 5
2024-10-14 18:32:39.136258 Golf: Same as last round
2024-10-14 18:32:39.136757 Quebec: Yankee, sending you 2
2024-10-14 18:32:39.137223 Tango: Echo, sending you 4
2024-10-14 18:32:39.138028 Delta: Quebec, sending you 5
2024-10-14 18:32:39.138774 Bravo: Echo and Tango, sending you 3
2024-10-14 18:32:39.139369 Echo: Juliett, sending you 5
2024-10-14 18:32:39.139995 November: Tango, sending you 3
2024-10-14 18:32:39.141685 Tango: November, sending you 3
2024-10-14 18:32:39.142867 Delta: Golf, sending you 3
2024-10-14 18:32:39.143242 Yankee: Quebec, Golf and Delta, sending you 1
2024-10-14 18:32:39.143767 Bravo: November and Juliett, sending you 4
2024-10-14 18:32:39.145669 November: Bravo, sending you 5
2024-10-14 18:32:39.147708 Tango: Juliett, sending you 5
2024-10-14 18:32:39.153677 Tango: Bravo, sending you 2
chatterbot Bravo submitting transactions
chatterbot Juliett submitting transactions
chatterbot Yankee submitting transactions
chatterbot November submitting transactions
chatterbot Tango submitting transactions
chatterbot X-ray submitting transactions
chatterbot Echo submitting transactions
chatterbot Quebec submitting transactions
chatterbot Golf submitting transactions
chatterbot Delta submitting transactions
ChatterBot X-ray round 11
ChatterBot Echo round 11
ChatterBot November round 11
ChatterBot Quebec round 11
ChatterBot Golf round 11
ChatterBot Yankee round 11
ChatterBot Tango round 11
ChatterBot Juliett round 11
ChatterBot Bravo round 11
ChatterBot Delta round 11
2024-10-14 18:32:40.368664 Juliett: Echo and Tango, sending you 5
2024-10-14 18:32:40.369741 Delta: X-ray, sending you 4
2024-10-14 18:32:40.370925 Tango: Echo, sending you 4
2024-10-14 18:32:40.372677 Juliett: November and Bravo, sending you 4
2024-10-14 18:32:40.374035 Delta: Quebec and Golf, sending you 3
2024-10-14 18:32:40.375276 November: Echo and Juliett, sending you 4
2024-10-14 18:32:40.376293 Yankee: Quebec, Golf and Delta, sending you 1
2024-10-14 18:32:40.377414 Tango: November, sending you 2
2024-10-14 18:32:40.378375 X-ray: Quebec and Golf, sending you 4
2024-10-14 18:32:40.379323 November: Tango, sending you 3
2024-10-14 18:32:40.381653 Tango: Juliett, sending you 5
2024-10-14 18:32:40.382381 X-ray: Delta, sending you 5
2024-10-14 18:32:40.382732 Echo: November, Tango and Juliett, sending you 4
2024-10-14 18:32:40.383767 Bravo: Echo and Tango, sending you 3
2024-10-14 18:32:40.384544 Golf: Same as last round
2024-10-14 18:32:40.385053 Quebec: X-ray and Delta, sending you 4
2024-10-14 18:32:40.385940 November: Bravo, sending you 5
2024-10-14 18:32:40.386639 Tango: Bravo, sending you 3
2024-10-14 18:32:40.387358 Echo: Bravo, sending you 3
2024-10-14 18:32:40.388672 Bravo: November and Juliett, sending you 4
2024-10-14 18:32:40.389780 Quebec: Golf, sending you 3
2024-10-14 18:32:40.394677 Quebec: Yankee, sending you 2
chatterbot Bravo submitting transactions
chatterbot Golf submitting transactions
chatterbot Echo submitting transactions
chatterbot Delta submitting transactions
chatterbot Quebec submitting transactions
chatterbot Tango submitting transactions
chatterbot X-ray submitting transactions
chatterbot Juliett submitting transactions
chatterbot Yankee submitting transactions
chatterbot November submitting transactions
ChatterBot X-ray round 12
ChatterBot Echo round 12
ChatterBot November round 12
ChatterBot Quebec round 12
ChatterBot Golf round 12
ChatterBot Yankee round 12
ChatterBot Tango round 12
ChatterBot Juliett round 12
ChatterBot Bravo round 12
ChatterBot Delta round 12
2024-10-14 18:32:41.480525 Juliett: I was attacked by Delta
ChatterBot Echo reevaluating
ChatterBot Tango reevaluating
ChatterBot November reevaluating
ChatterBot Bravo reevaluating
2024-10-14 18:32:41.497914 Juliett: I'm keeping this round to protect myself
2024-10-14 18:32:41.501019 Juliett: Ow
2024-10-14 18:32:41.501633 X-ray: Quebec and Golf, sending you 4
2024-10-14 18:32:41.503237 Quebec: X-ray and Delta, sending you 4
2024-10-14 18:32:41.505682 X-ray: Delta, sending you 5
2024-10-14 18:32:41.507412 Golf: Same as last round
2024-10-14 18:32:41.509500 Yankee: Quebec, Golf and Delta, sending you 1
2024-10-14 18:32:41.511337 Quebec: Golf, sending you 3
2024-10-14 18:32:41.512708 Delta: X-ray and Quebec, sending you 5
2024-10-14 18:32:41.516718 Delta: Golf, sending you 4
2024-10-14 18:32:41.518942 Quebec: Yankee, sending you 2
2024-10-14 18:32:41.524565 Bravo: Echo and Tango, sending you 3
2024-10-14 18:32:41.527281 Echo: November, Tango and Juliett, sending you 4
2024-10-14 18:32:41.529687 Tango: Echo, sending you 4
2024-10-14 18:32:41.531953 Bravo: November and Juliett, sending you 4
2024-10-14 18:32:41.536879 Echo: Bravo, sending you 3
2024-10-14 18:32:41.539762 Tango: November, sending you 2
2024-10-14 18:32:41.552311 Tango: Juliett, sending you 5
2024-10-14 18:32:41.566014 Tango: Bravo, sending you 3
chatterbot November submitting transactions
chatterbot Bravo submitting transactions
chatterbot Echo submitting transactions
chatterbot X-ray submitting transactions
chatterbot Quebec submitting transactions
chatterbot Golf submitting transactions
chatterbot Tango submitting transactions
chatterbot Delta submitting transactions
chatterbot Juliett submitting transactions
chatterbot Yankee submitting transactions
ChatterBot X-ray round 13
ChatterBot Echo round 13
ChatterBot November round 13
ChatterBot Quebec round 13
ChatterBot Golf round 13
ChatterBot Yankee round 13
ChatterBot Tango round 13
ChatterBot Juliett round 13
ChatterBot Bravo round 13
ChatterBot Delta round 13
2024-10-14 18:32:42.680698 X-ray: Quebec and Golf, sending you 4
2024-10-14 18:32:42.684052 Quebec: X-ray and Golf, sending you 3
2024-10-14 18:32:42.685171 Delta: X-ray, sending you 5
2024-10-14 18:32:42.686711 X-ray: Delta, sending you 5
2024-10-14 18:32:42.688165 Quebec: Yankee, sending you 2
2024-10-14 18:32:42.689716 Delta: Quebec, sending you 4
2024-10-14 18:32:42.691127 Bravo: Sending you each 3
2024-10-14 18:32:42.693175 Echo: November, Tango and Juliett, sending you 4
2024-10-14 18:32:42.694508 Quebec: Delta, sending you 4
2024-10-14 18:32:42.696092 Golf: Same as last round
2024-10-14 18:32:42.696963 Yankee: Quebec and Golf, sending you 1
2024-10-14 18:32:42.699054 Tango: Echo and Juliett, sending you 4
2024-10-14 18:32:42.701161 Delta: Golf, sending you 3
2024-10-14 18:32:42.701820 Delta: I was attacked by November
ChatterBot X-ray reevaluating
ChatterBot Quebec reevaluating
ChatterBot Golf reevaluating
2024-10-14 18:32:42.715834 Delta: Ow
2024-10-14 18:32:42.716740 Echo: Bravo, sending you 3
2024-10-14 18:32:42.718399 Tango: November and Bravo, sending you 3
2024-10-14 18:32:42.753692 X-ray: Quebec and Delta, sending you 3
2024-10-14 18:32:42.756738 Golf: X-ray, Quebec and Delta, sending you 2
2024-10-14 18:32:42.758682 X-ray: Golf, sending you 2
2024-10-14 18:32:42.761678 Quebec: X-ray and Delta, sending you 4
2024-10-14 18:32:42.765162 Golf: Yankee, sending you 1
chatterbot Bravo submitting transactions
chatterbot Yankee submitting transactions
chatterbot X-ray submitting transactions
chatterbot Delta submitting transactions
chatterbot Juliett submitting transactions
chatterbot Quebec submitting transactions
chatterbot November submitting transactions
chatterbot Echo submitting transactions
chatterbot Golf submitting transactions
chatterbot Tango submitting transactions
ChatterBot X-ray round 14
ChatterBot Echo round 14
ChatterBot November round 14
ChatterBot Quebec round 14
ChatterBot Golf round 14
ChatterBot Yankee round 14
ChatterBot Tango round 14
ChatterBot Juliett round 14
ChatterBot Bravo round 14
ChatterBot Delta round 14
2024-10-14 18:32:43.810946 Echo: We should drop Juliett
ChatterBot November reevaluating
2024-10-14 18:32:43.822813 November: No
2024-10-14 18:32:43.822996 Tango: No
2024-10-14 18:32:43.823149 Bravo: No
ChatterBot Echo reevaluating
ChatterBot Echo reevaluating
ChatterBot November reevaluating
ChatterBot Bravo reevaluating
ChatterBot Echo reevaluating
ChatterBot November reevaluating
2024-10-14 18:32:43.855677 Bravo: We should add Quebec
ChatterBot Echo reevaluating
ChatterBot November reevaluating
2024-10-14 18:32:43.865789 Juliett: No
2024-10-14 18:32:43.865978 Echo: No
2024-10-14 18:32:43.866138 Tango: No
2024-10-14 18:32:43.867094 November: No
ChatterBot Echo reevaluating
ChatterBot November reevaluating
ChatterBot Bravo reevaluating
ChatterBot November reevaluating
ChatterBot Bravo reevaluating
ChatterBot Echo reevaluating
