ChatterBot Mike round 1
ChatterBot Kilo round 1
ChatterBot Charlie round 1
ChatterBot Lima round 1
ChatterBot Hotel round 1
ChatterBot Foxtrot round 1
ChatterBot Oscar round 1
ChatterBot Echo round 1
ChatterBot Sierra round 1
ChatterBot November round 1
randomSelections Hotel: {Hotel, Sierra, Charlie, Echo, Kilo, Mike} 
2024-10-14 18:32:24.005914 Hotel: Group up?
ChatterBot Sierra reevaluating
ChatterBot Charlie reevaluating
ChatterBot Echo reevaluating
ChatterBot Kilo reevaluating
ChatterBot Mike reevaluating
2024-10-14 18:32:24.034237 Sierra: Yes
2024-10-14 18:32:24.035034 Charlie: Yes
2024-10-14 18:32:24.035210 Echo: Yes
2024-10-14 18:32:24.035454 Kilo: Yes
2024-10-14 18:32:24.035675 Mike: Yes
ChatterBot Charlie reevaluating
ChatterBot Echo reevaluating
ChatterBot Kilo reevaluating
ChatterBot Mike reevaluating
ChatterBot Sierra reevaluating
ChatterBot Echo reevaluating
ChatterBot Kilo reevaluating
ChatterBot Mike reevaluating
ChatterBot Sierra reevaluating
ChatterBot Charlie reevaluating
ChatterBot Kilo reevaluating
ChatterBot Mike reevaluating
ChatterBot Sierra reevaluating
ChatterBot Charlie reevaluating
ChatterBot Echo reevaluating
ChatterBot Mike reevaluating
ChatterBot Sierra reevaluating
ChatterBot Charlie reevaluating
ChatterBot Echo reevaluating
ChatterBot Kilo reevaluating
randomSelections Oscar: {Oscar, Lima, Foxtrot, Echo, Sierra, Mike} 
2024-10-14 18:32:24.116906 Oscar: Group up?
ChatterBot Lima reevaluating
ChatterBot Foxtrot reevaluating
ChatterBot Echo reevaluating
ChatterBot Sierra reevaluating
ChatterBot Mike reevaluating
2024-10-14 18:32:24.131709 Lima: Yes
2024-10-14 18:32:24.131970 Foxtrot: Yes
2024-10-14 18:32:24.132113 Echo: No
2024-10-14 18:32:24.133030 Sierra: No
2024-10-14 18:32:24.133306 Mike: No
ChatterBot Foxtrot reevaluating
ChatterBot Echo reevaluating
ChatterBot Sierra reevaluating
ChatterBot Mike reevaluating
ChatterBot Lima reevaluating
ChatterBot Echo reevaluating
ChatterBot Sierra reevaluating
ChatterBot Mike reevaluating
ChatterBot Lima reevaluating
ChatterBot Foxtrot reevaluating
ChatterBot Sierra reevaluating
ChatterBot Mike reevaluating
ChatterBot Lima reevaluating
ChatterBot Foxtrot reevaluating
ChatterBot Echo reevaluating
ChatterBot Mike reevaluating
ChatterBot Lima reevaluating
ChatterBot Foxtrot reevaluating
ChatterBot Echo reevaluating
ChatterBot Sierra reevaluating
randomSelections November: {November, Hotel, Sierra, Oscar, Foxtrot, Echo} 
2024-10-14 18:32:24.271718 November: Friends?
ChatterBot Sierra reevaluating
ChatterBot Foxtrot reevaluating
ChatterBot Echo reevaluating
2024-10-14 18:32:24.283707 Hotel: No
2024-10-14 18:32:24.284322 Sierra: No
2024-10-14 18:32:24.284742 Oscar: No
2024-10-14 18:32:24.285567 Foxtrot: No
2024-10-14 18:32:24.286162 Echo: No
ChatterBot Sierra reevaluating
ChatterBot Foxtrot reevaluating
ChatterBot Echo reevaluating
ChatterBot Foxtrot reevaluating
ChatterBot Echo reevaluating
ChatterBot Sierra reevaluating
ChatterBot Foxtrot reevaluating
ChatterBot Echo reevaluating
ChatterBot Sierra reevaluating
ChatterBot Echo reevaluating
ChatterBot Sierra reevaluating
ChatterBot Foxtrot reevaluating
2024-10-14 18:32:24.369856 Hotel: Kilo, sending you 2
2024-10-14 18:32:24.370553 Oscar: Mike, sending you 1
2024-10-14 18:32:24.371241 Kilo: Mike and Sierra, sending you 2
2024-10-14 18:32:24.372369 Mike: Kilo, sending you 3
2024-10-14 18:32:24.372911 November: Hotel, sending you 2
2024-10-14 18:32:24.374045 Charlie: Mike, sending you 7
2024-10-14 18:32:24.374608 Hotel: Charlie, sending you 1
2024-10-14 18:32:24.375038 Lima: Mike and Foxtrot, sending you 3
2024-10-14 18:32:24.376109 Oscar: Lima, sending you 2
2024-10-14 18:32:24.376551 Kilo: Charlie, Hotel and Echo, sending you 3
2024-10-14 18:32:24.377008 Mike: Hotel and Echo, sending you 2
2024-10-14 18:32:24.378104 November: Foxtrot and Sierra, sending you 3
2024-10-14 18:32:24.378481 Charlie: Echo, sending you 1
2024-10-14 18:32:24.378956 Sierra: Mike, Kilo, Charlie and Echo, sending you 2
2024-10-14 18:32:24.380377 Foxtrot: Mike and Sierra, sending you 3
2024-10-14 18:32:24.380858 Echo: Mike, sending you 2
2024-10-14 18:32:24.381318 Hotel: Echo, sending you 6
2024-10-14 18:32:24.382701 Oscar: Foxtrot, sending you 3
2024-10-14 18:32:24.383181 Lima: Oscar, sending you 5
2024-10-14 18:32:24.383657 Mike: Sierra, sending you 1
2024-10-14 18:32:24.385129 November: Oscar and Echo, sending you 4
2024-10-14 18:32:24.385626 Charlie: Sierra, sending you 3
2024-10-14 18:32:24.386041 Sierra: Hotel, sending you 3
2024-10-14 18:32:24.387253 Echo: Kilo, Charlie and Sierra, sending you 3
2024-10-14 18:32:24.387847 Foxtrot: Lima, sending you 2
2024-10-14 18:32:24.389229 Lima: Echo, sending you 2
2024-10-14 18:32:24.389778 Hotel: Sierra, sending you 5
2024-10-14 18:32:24.390311 Oscar: Echo, sending you 5
2024-10-14 18:32:24.391787 Echo: Hotel, sending you 4
2024-10-14 18:32:24.392726 Foxtrot: Oscar, sending you 4
2024-10-14 18:32:24.394263 Lima: Sierra, sending you 1
2024-10-14 18:32:24.394823 Oscar: Sierra, sending you 4
2024-10-14 18:32:24.396692 Foxtrot: Echo, sending you 1
chatterbot Oscar submitting transactions
chatterbot Mike submitting transactions
chatterbot Charlie submitting transactions
chatterbot Hotel submitting transactions
chatterbot Foxtrot submitting transactions
chatterbot Sierra submitting transactions
chatterbot Lima submitting transactions
chatterbot Kilo submitting transactions
chatterbot November submitting transactions
chatterbot Echo submitting transactions
ChatterBot Mike round 2
ChatterBot Kilo round 2
ChatterBot Charlie round 2
ChatterBot Lima round 2
ChatterBot Hotel round 2
ChatterBot Foxtrot round 2
ChatterBot Oscar round 2
ChatterBot Echo round 2
ChatterBot Sierra round 2
2024-10-14 18:32:25.649306 Lima: Group up?
ChatterBot Foxtrot reevaluating
ChatterBot Oscar reevaluating
2024-10-14 18:32:25.658542 Foxtrot: Yes
2024-10-14 18:32:25.658715 Oscar: Yes
ChatterBot Oscar reevaluating
ChatterBot Foxtrot reevaluating
ChatterBot November round 2
2024-10-14 18:32:25.704411 November: Friends?
ChatterBot Hotel reevaluating
2024-10-14 18:32:25.729079 Mike: No
2024-10-14 18:32:25.729252 Kilo: No
2024-10-14 18:32:25.729365 Charlie: No
2024-10-14 18:32:25.729885 Hotel: Yes
2024-10-14 18:32:25.730008 Echo: No
2024-10-14 18:32:25.730128 Sierra: No
ChatterBot Kilo reevaluating
ChatterBot Hotel reevaluating
ChatterBot Hotel reevaluating
ChatterBot Kilo reevaluating
ChatterBot Hotel reevaluating
ChatterBot Echo reevaluating
ChatterBot Kilo reevaluating
ChatterBot Echo reevaluating
ChatterBot Kilo reevaluating
ChatterBot Hotel reevaluating
ChatterBot Kilo reevaluating
ChatterBot Hotel reevaluating
ChatterBot Echo reevaluating
2024-10-14 18:32:25.848176 Kilo: We should add November
2024-10-14 18:32:25.848913 Hotel: We should add November
ChatterBot Hotel reevaluating
ChatterBot Echo reevaluating
2024-10-14 18:32:25.867096 Hotel: Yes
2024-10-14 18:32:25.867319 Sierra: No
2024-10-14 18:32:25.871068 Charlie: No
2024-10-14 18:32:25.874492 Echo: No
ChatterBot Echo reevaluating
ChatterBot Kilo reevaluating
2024-10-14 18:32:25.882282 Mike: No
2024-10-14 18:32:25.886218 Sierra: No
2024-10-14 18:32:25.886390 Charlie: No
2024-10-14 18:32:25.886539 Echo: No
2024-10-14 18:32:25.886685 Kilo: Yes
2024-10-14 18:32:25.887186 Mike: No
ChatterBot Echo reevaluating
ChatterBot Kilo reevaluating
ChatterBot Hotel reevaluating
ChatterBot Echo reevaluating
ChatterBot Kilo reevaluating
ChatterBot Hotel reevaluating
ChatterBot Echo reevaluating
ChatterBot Kilo reevaluating
ChatterBot Hotel reevaluating
ChatterBot Kilo reevaluating
ChatterBot Hotel reevaluating
ChatterBot Echo reevaluating
ChatterBot Kilo reevaluating
ChatterBot Hotel reevaluating
ChatterBot Echo reevaluating
ChatterBot Kilo reevaluating
ChatterBot Hotel reevaluating
ChatterBot Echo reevaluating
ChatterBot Kilo reevaluating
ChatterBot Hotel reevaluating
ChatterBot Kilo reevaluating
ChatterBot Hotel reevaluating
ChatterBot Echo reevaluating
ChatterBot Hotel reevaluating
ChatterBot Echo reevaluating
ChatterBot Kilo reevaluating
2024-10-14 18:32:26.266754 Charlie: Mike and Hotel, sending you 2
2024-10-14 18:32:26.267166 Lima: Sending you each 7
2024-10-14 18:32:26.267406 Mike: Kilo, Hotel, Echo and Sierra, sending you 1
chatterbot Charlie submitting transactions
2024-10-14 18:32:27.226063 Charlie: Kilo, Echo and Sierra, sending you 3
2024-10-14 18:32:27.227265 Mike: Charlie, sending you 4
2024-10-14 18:32:27.228275 November: Mike, Kilo, Charlie, Hotel and Echo, sending you 3
2024-10-14 18:32:27.228840 Sierra: Mike and Kilo, sending you 2
2024-10-14 18:32:27.229775 Foxtrot: Lima, Oscar and November, sending you 4
2024-10-14 18:32:27.230273 Oscar: Lima, sending you 6
2024-10-14 18:32:27.231090 Echo: November we want you to join our group
2024-10-14 18:32:27.236716 November: Yes
ChatterBot Echo reevaluating
chatterbot Oscar submitting transactions
chatterbot Foxtrot submitting transactions
chatterbot November submitting transactions
chatterbot Mike submitting transactions
chatterbot Sierra submitting transactions
chatterbot Lima submitting transactions
2024-10-14 18:32:27.268205 November: Sierra, sending you 1
2024-10-14 18:32:27.271570 Sierra: Charlie, Hotel and Echo, sending you 3
2024-10-14 18:32:27.276990 Oscar: Foxtrot and November, sending you 5
2024-10-14 18:32:27.278644 Hotel: Mike, Kilo and Sierra, sending you 3
2024-10-14 18:32:27.280787 Foxtrot: Sierra, sending you 1
2024-10-14 18:32:27.282119 Kilo: Mike and Echo, sending you 4
2024-10-14 18:32:27.708001 Hotel: Charlie, sending you 2
2024-10-14 18:32:27.708417 Kilo: Charlie, sending you 1
chatterbot Hotel submitting transactions
2024-10-14 18:32:27.954553 Hotel: Echo, sending you 4
2024-10-14 18:32:27.955771 Kilo: Hotel and Sierra, sending you 3
2024-10-14 18:32:27.956289 Echo: Mike, Kilo and Sierra, sending you 3
chatterbot Kilo submitting transactions
2024-10-14 18:32:28.011699 Echo: Charlie, sending you 1
2024-10-14 18:32:28.035539 Echo: Hotel, sending you 5
chatterbot Echo submitting transactions
ChatterBot Mike round 3
ChatterBot Kilo round 3
ChatterBot Charlie round 3
ChatterBot Lima round 3
ChatterBot Hotel round 3
ChatterBot Foxtrot round 3
ChatterBot Oscar round 3
ChatterBot Echo round 3
ChatterBot Sierra round 3
ChatterBot November round 3
2024-10-14 18:32:28.828318 Kilo: We should add November
2024-10-14 18:32:28.843896 Hotel: No
2024-10-14 18:32:28.844071 Sierra: No
2024-10-14 18:32:28.844208 Charlie: No
2024-10-14 18:32:28.844323 Echo: No
2024-10-14 18:32:28.844442 Mike: No
ChatterBot Kilo reevaluating
ChatterBot Kilo reevaluating
ChatterBot Kilo reevaluating
ChatterBot Kilo reevaluating
ChatterBot Kilo reevaluating
2024-10-14 18:32:28.933211 Foxtrot: We should replace Sierra with Mike
2024-10-14 18:32:28.960776 Oscar: No
2024-10-14 18:32:28.961028 Lima: No
2024-10-14 18:32:28.962819 November: No
ChatterBot Foxtrot reevaluating
ChatterBot Foxtrot reevaluating
ChatterBot November reevaluating
ChatterBot Foxtrot reevaluating
2024-10-14 18:32:29.047926 November: We would work well together
ChatterBot Lima reevaluating
ChatterBot Foxtrot reevaluating
ChatterBot Kilo reevaluating
2024-10-14 18:32:29.077717 Lima: No
2024-10-14 18:32:29.078798 Foxtrot: No
2024-10-14 18:32:29.079120 Oscar: No
2024-10-14 18:32:29.079335 Mike: No
2024-10-14 18:32:29.079622 Kilo: No
2024-10-14 18:32:29.080462 Charlie: No
2024-10-14 18:32:29.080653 Hotel: No
2024-10-14 18:32:29.080866 Echo: No
2024-10-14 18:32:29.081118 Sierra: No
ChatterBot November reevaluating
ChatterBot Foxtrot reevaluating
ChatterBot Kilo reevaluating
ChatterBot November reevaluating
ChatterBot Lima reevaluating
ChatterBot Kilo reevaluating
ChatterBot November reevaluating
ChatterBot Lima reevaluating
ChatterBot Foxtrot reevaluating
ChatterBot Kilo reevaluating
ChatterBot November reevaluating
ChatterBot Lima reevaluating
ChatterBot Foxtrot reevaluating
ChatterBot Kilo reevaluating
ChatterBot November reevaluating
ChatterBot Lima reevaluating
ChatterBot Foxtrot reevaluating
ChatterBot November reevaluating
ChatterBot Lima reevaluating
ChatterBot Foxtrot reevaluating
ChatterBot Kilo reevaluating
ChatterBot November reevaluating
ChatterBot Lima reevaluating
ChatterBot Foxtrot reevaluating
ChatterBot Kilo reevaluating
ChatterBot November reevaluating
ChatterBot Lima reevaluating
ChatterBot Foxtrot reevaluating
ChatterBot Kilo reevaluating
ChatterBot November reevaluating
ChatterBot Lima reevaluating
ChatterBot Foxtrot reevaluating
ChatterBot Kilo reevaluating
2024-10-14 18:32:29.557717 Lima: November we want you to join our group
2024-10-14 18:32:29.561055 November: Yes
ChatterBot Foxtrot reevaluating
2024-10-14 18:32:29.569065 Sierra: Mike, sending you 1
2024-10-14 18:32:29.569588 Echo: Mike, sending you 2
2024-10-14 18:32:29.570336 Oscar: Lima, sending you 7
2024-10-14 18:32:29.571711 November: Mike, Kilo, Charlie, Lima, Hotel, Echo and Sierra, sending you 1
2024-10-14 18:32:29.572389 Sierra: Kilo, Charlie, Hotel and Echo, sending you 3
2024-10-14 18:32:29.573362 Hotel: Mike, Kilo and Sierra, sending you 3
2024-10-14 18:32:29.573963 Echo: Kilo, Charlie and Sierra, sending you 3
2024-10-14 18:32:29.574568 Mike: Kilo, Charlie and Echo, sending you 2
2024-10-14 18:32:29.575504 Oscar: Foxtrot, sending you 5
2024-10-14 18:32:29.575885 Kilo: Mike, Hotel and Sierra, sending you 3
2024-10-14 18:32:29.576967 Charlie: Mike, Kilo, Echo and Sierra, sending you 3
2024-10-14 18:32:29.577724 Foxtrot: Mike we want you to join our group
2024-10-14 18:32:29.582810 Mike: No
ChatterBot Foxtrot reevaluating
2024-10-14 18:32:29.601451 November: Foxtrot, sending you 4
2024-10-14 18:32:29.602024 Hotel: Charlie, sending you 2
2024-10-14 18:32:29.602967 Echo: Hotel, sending you 4
2024-10-14 18:32:29.603493 Oscar: November, sending you 4
2024-10-14 18:32:29.603836 Mike: Hotel and Sierra, sending you 1
2024-10-14 18:32:29.605 Kilo: Charlie, sending you 2
2024-10-14 18:32:29.605935 Charlie: Hotel, sending you 1
2024-10-14 18:32:29.606553 November: Oscar, sending you 5
2024-10-14 18:32:29.608029 Hotel: Echo, sending you 4
2024-10-14 18:32:29.609839 Lima: Foxtrot and Oscar, sending you 5
2024-10-14 18:32:29.610698 Kilo: Echo, sending you 4
2024-10-14 18:32:29.613671 Lima: November, sending you 4
2024-10-14 18:32:29.620667 Foxtrot: Lima, sending you 6
2024-10-14 18:32:29.624685 Foxtrot: Oscar, sending you 4
2024-10-14 18:32:29.628661 Foxtrot: Sierra, sending you 1
2024-10-14 18:32:29.631996 Foxtrot: November, sending you 2
chatterbot Charlie submitting transactions
chatterbot November submitting transactions
chatterbot Oscar submitting transactions
chatterbot Sierra submitting transactions
chatterbot Kilo submitting transactions
chatterbot Lima submitting transactions
chatterbot Echo submitting transactions
chatterbot Mike submitting transactions
chatterbot Hotel submitting transactions
chatterbot Foxtrot submitting transactions
ChatterBot Mike round 4
ChatterBot Kilo round 4
ChatterBot Charlie round 4
ChatterBot Lima round 4
ChatterBot Hotel round 4
ChatterBot Foxtrot round 4
ChatterBot Oscar round 4
ChatterBot Echo round 4
ChatterBot Sierra round 4
ChatterBot November round 4
2024-10-14 18:32:30.955933 Foxtrot: We should replace Sierra with Mike
2024-10-14 18:32:30.964761 Oscar: No
2024-10-14 18:32:30.964907 Lima: No
2024-10-14 18:32:30.965032 November: No
2024-10-14 18:32:31.094719 Foxtrot: Mike we want you to join our group
2024-10-14 18:32:31.098373 Mike: No
2024-10-14 18:32:31.129298 Kilo: Sending you each 3
2024-10-14 18:32:31.131158 Lima: Foxtrot and Oscar, sending you 5
2024-10-14 18:32:31.132078 Hotel: Mike and Charlie, sending you 2
2024-10-14 18:32:31.133739 Mike: Kilo, Charlie, Hotel and Echo, sending you 2
2024-10-14 18:32:31.135386 Lima: November, sending you 4
2024-10-14 18:32:31.145656 Sierra: Mike, sending you 1
2024-10-14 18:32:31.146994 Hotel: Kilo and Sierra, sending you 3
2024-10-14 18:32:31.148013 Charlie: Mike, Kilo, Echo and Sierra, sending you 3
2024-10-14 18:32:31.149345 November: Mike, Kilo, Charlie, Hotel, Echo and Sierra, sending you 1
2024-10-14 18:32:31.150479 Oscar: Lima, sending you 6
2024-10-14 18:32:31.151121 Echo: Mike, sending you 2
2024-10-14 18:32:31.152355 Foxtrot: Mike, sending you 1
2024-10-14 18:32:31.153217 Sierra: Kilo, Charlie, Hotel and Echo, sending you 3
2024-10-14 18:32:31.154478 Hotel: Echo, sending you 5
2024-10-14 18:32:31.155686 November: Lima, sending you 2
2024-10-14 18:32:31.156479 Charlie: Hotel, sending you 1
2024-10-14 18:32:31.157842 Echo: Kilo, Charlie and Sierra, sending you 3
2024-10-14 18:32:31.159536 Oscar: Foxtrot and November, sending you 5
2024-10-14 18:32:31.160670 Foxtrot: Lima, sending you 5
2024-10-14 18:32:31.161308 November: Foxtrot, sending you 3
2024-10-14 18:32:31.248948 Echo: Hotel, sending you 4
2024-10-14 18:32:31.249723 Foxtrot: Oscar, sending you 4
2024-10-14 18:32:31.250665 November: Oscar, sending you 5
2024-10-14 18:32:31.289216 Foxtrot: November, sending you 3
chatterbot Oscar submitting transactions
chatterbot Charlie submitting transactions
chatterbot Lima submitting transactions
chatterbot Mike submitting transactions
chatterbot Sierra submitting transactions
chatterbot Foxtrot submitting transactions
chatterbot Hotel submitting transactions
chatterbot November submitting transactions
chatterbot Echo submitting transactions
chatterbot Kilo submitting transactions
ChatterBot Mike round 5
ChatterBot Kilo round 5
ChatterBot Charlie round 5
ChatterBot Lima round 5
ChatterBot Hotel round 5
ChatterBot Foxtrot round 5
ChatterBot Oscar round 5
ChatterBot Echo round 5
ChatterBot Sierra round 5
ChatterBot November round 5
2024-10-14 18:32:32.189207 Kilo: Same as last round
2024-10-14 18:32:32.193843 Mike: Kilo, Charlie, Hotel and Echo, sending you 2
2024-10-14 18:32:32.194822 Charlie: Mike, Kilo, Echo and Sierra, sending you 3
2024-10-14 18:32:32.196139 Lima: Foxtrot and Oscar, sending you 5
2024-10-14 18:32:32.196555 Foxtrot: Mike, sending you 1
2024-10-14 18:32:32.197679 Echo: Mike, sending you 2
2024-10-14 18:32:32.199248 Charlie: Hotel, sending you 1
2024-10-14 18:32:32.199918 Lima: November, sending you 4
2024-10-14 18:32:32.200219 Foxtrot: Lima, sending you 5
2024-10-14 18:32:32.201696 Hotel: Mike, Kilo and Sierra, sending you 3
2024-10-14 18:32:32.202271 Echo: Kilo, Charlie and Sierra, sending you 3
2024-10-14 18:32:32.204672 Sierra: Mike, sending you 1
2024-10-14 18:32:32.205816 Oscar: Lima, sending you 6
2024-10-14 18:32:32.206194 Foxtrot: Oscar, sending you 4
2024-10-14 18:32:32.206688 November: Mike, Kilo, Charlie, Hotel, Echo and Sierra, sending you 1
2024-10-14 18:32:32.207640 Hotel: Charlie, sending you 2
2024-10-14 18:32:32.208192 Echo: Hotel, sending you 4
2024-10-14 18:32:32.209692 Sierra: Kilo, Charlie, Hotel and Echo, sending you 3
2024-10-14 18:32:32.210552 Oscar: Foxtrot and November, sending you 5
2024-10-14 18:32:32.211662 Foxtrot: November, sending you 3
2024-10-14 18:32:32.212105 Hotel: Echo, sending you 4
2024-10-14 18:32:32.212819 November: Lima and Foxtrot, sending you 3
2024-10-14 18:32:32.218670 November: Oscar, sending you 4
chatterbot Charlie submitting transactions
chatterbot Sierra submitting transactions
chatterbot Lima submitting transactions
chatterbot Kilo submitting transactions
chatterbot Echo submitting transactions
chatterbot November submitting transactions
chatterbot Hotel submitting transactions
chatterbot Oscar submitting transactions
chatterbot Mike submitting transactions
chatterbot Foxtrot submitting transactions
ChatterBot Mike round 6
ChatterBot Kilo round 6
ChatterBot Charlie round 6
ChatterBot Lima round 6
ChatterBot Hotel round 6
ChatterBot Foxtrot round 6
ChatterBot Oscar round 6
ChatterBot Echo round 6
ChatterBot Sierra round 6
2024-10-14 18:32:33.193713 Foxtrot: We should replace Mike with Sierra
2024-10-14 18:32:33.201789 Oscar: No
2024-10-14 18:32:33.201934 Lima: No
2024-10-14 18:32:33.202051 November: No
ChatterBot Foxtrot reevaluating
ChatterBot Foxtrot reevaluating
ChatterBot November round 6
2024-10-14 18:32:33.245927 Foxtrot: Sierra we want you to join our group
2024-10-14 18:32:33.248825 Sierra: No
ChatterBot Foxtrot reevaluating
ChatterBot November reevaluating
2024-10-14 18:32:33.258884 Kilo: Same as last round
2024-10-14 18:32:33.259437 Mike: Kilo, Charlie, Hotel and Echo, sending you 2
2024-10-14 18:32:33.262702 Charlie: Mike, Kilo, Echo and Sierra, sending you 3
2024-10-14 18:32:33.263922 Lima: Foxtrot and Oscar, sending you 5
2024-10-14 18:32:33.264450 Hotel: Mike, Kilo and Sierra, sending you 3
2024-10-14 18:32:33.265908 Sierra: Mike, sending you 1
2024-10-14 18:32:33.266546 Oscar: Lima, sending you 6
2024-10-14 18:32:33.266971 Echo: Mike, sending you 2
2024-10-14 18:32:33.268166 Charlie: Hotel, sending you 1
2024-10-14 18:32:33.269066 Lima: November, sending you 4
2024-10-14 18:32:33.270162 Hotel: Charlie, sending you 2
2024-10-14 18:32:33.271004 Sierra: Kilo, Charlie, Hotel and Echo, sending you 3
2024-10-14 18:32:33.272231 Echo: Kilo, Charlie and Sierra, sending you 3
2024-10-14 18:32:33.272973 Oscar: Foxtrot and November, sending you 5
2024-10-14 18:32:33.274144 Hotel: Echo, sending you 4
2024-10-14 18:32:33.276028 Echo: Hotel, sending you 4
2024-10-14 18:32:33.281688 November: Mike, Kilo and Charlie, sending you 4
2024-10-14 18:32:33.285694 November: Hotel, sending you 1
2024-10-14 18:32:33.289030 November: Sierra, sending you 3
2024-10-14 18:32:33.291670 Foxtrot: Mike, sending you 1
2024-10-14 18:32:33.294749 Foxtrot: Lima, sending you 5
2024-10-14 18:32:33.298782 Foxtrot: Oscar, sending you 4
2024-10-14 18:32:33.302914 Foxtrot: November, sending you 3
chatterbot Sierra submitting transactions
chatterbot Charlie submitting transactions
chatterbot Oscar submitting transactions
chatterbot Lima submitting transactions
chatterbot November submitting transactions
chatterbot Foxtrot submitting transactions
chatterbot Mike submitting transactions
chatterbot Echo submitting transactions
chatterbot Hotel submitting transactions
chatterbot Kilo submitting transactions
ChatterBot Mike round 7
ChatterBot Kilo round 7
ChatterBot Charlie round 7
ChatterBot Lima round 7
ChatterBot Hotel round 7
ChatterBot Foxtrot round 7
ChatterBot Oscar round 7
ChatterBot Echo round 7
ChatterBot Sierra round 7
ChatterBot November round 7
2024-10-14 18:32:34.474648 Foxtrot: We should replace Mike with Sierra
ChatterBot November reevaluating
2024-10-14 18:32:34.480778 Oscar: No
2024-10-14 18:32:34.480918 Lima: No
2024-10-14 18:32:34.481037 November: No
ChatterBot November reevaluating
ChatterBot Foxtrot reevaluating
ChatterBot November reevaluating
ChatterBot Foxtrot reevaluating
2024-10-14 18:32:34.517670 Kilo: Same as last round
2024-10-14 18:32:34.518886 Hotel: Mike, Kilo and Sierra, sending you 3
2024-10-14 18:32:34.519786 Oscar: Lima and Foxtrot, sending you 6
2024-10-14 18:32:34.520294 Lima: Foxtrot and Oscar, sending you 5
2024-10-14 18:32:34.521138 Mike: Kilo, Charlie, Hotel and Echo, sending you 2
2024-10-14 18:32:34.522688 Hotel: Charlie, sending you 2
2024-10-14 18:32:34.524667 Oscar: November, sending you 4
2024-10-14 18:32:34.525660 Lima: November, sending you 4
2024-10-14 18:32:34.525958 Foxtrot: Mike, sending you 1
2024-10-14 18:32:34.527943 Charlie: Mike, Kilo, Echo and Sierra, sending you 3
2024-10-14 18:32:34.528691 Hotel: Echo, sending you 4
2024-10-14 18:32:34.529268 November: Mike, Kilo, Charlie and Sierra, sending you 1
2024-10-14 18:32:34.529683 Sierra: Mike, sending you 1
2024-10-14 18:32:34.530721 Foxtrot: Lima, sending you 6
2024-10-14 18:32:34.532657 Charlie: Hotel, sending you 1
2024-10-14 18:32:34.533829 Echo: Sending you each 3
2024-10-14 18:32:34.534431 Sierra: Kilo, Charlie, Hotel and Echo, sending you 3
2024-10-14 18:32:34.535008 November: Lima, sending you 4
2024-10-14 18:32:34.535720 Foxtrot: Oscar, sending you 4
2024-10-14 18:32:34.537682 November: Foxtrot, sending you 3
2024-10-14 18:32:34.538977 Foxtrot: November, sending you 2
2024-10-14 18:32:34.540671 November: Oscar, sending you 5
chatterbot Hotel submitting transactions
chatterbot Mike submitting transactions
chatterbot November submitting transactions
chatterbot Oscar submitting transactions
chatterbot Sierra submitting transactions
chatterbot Kilo submitting transactions
chatterbot Charlie submitting transactions
chatterbot Foxtrot submitting transactions
chatterbot Lima submitting transactions
chatterbot Echo submitting transactions
ChatterBot Mike round 8
ChatterBot Kilo round 8
ChatterBot Charlie round 8
ChatterBot Lima round 8
ChatterBot Hotel round 8
ChatterBot Foxtrot round 8
ChatterBot Oscar round 8
2024-10-14 18:32:35.663276 Foxtrot: We should replace Mike with Sierra
2024-10-14 18:32:35.672992 Oscar: No
2024-10-14 18:32:35.673179 Lima: No
2024-10-14 18:32:35.673337 November: No
ChatterBot Foxtrot reevaluating
ChatterBot Foxtrot reevaluating
ChatterBot Foxtrot reevaluating
ChatterBot Echo round 8
ChatterBot Sierra round 8
ChatterBot November round 8
2024-10-14 18:32:35.738866 Mike: Kilo, Charlie, Hotel and Echo, sending you 2
2024-10-14 18:32:35.739689 Kilo: Same as last round
2024-10-14 18:32:35.740714 Hotel: Mike, Kilo and Sierra, sending you 3
2024-10-14 18:32:35.741995 Lima: Foxtrot and Oscar, sending you 5
2024-10-14 18:32:35.742558 Charlie: Mike, Kilo, Echo and Sierra, sending you 3
2024-10-14 18:32:35.744682 Hotel: Charlie, sending you 2
2024-10-14 18:32:35.745693 Foxtrot: Mike, sending you 1
2024-10-14 18:32:35.746685 Lima: November, sending you 4
2024-10-14 18:32:35.747264 Charlie: Hotel, sending you 1
2024-10-14 18:32:35.751011 Hotel: Echo, sending you 4
2024-10-14 18:32:35.752191 Foxtrot: Lima, sending you 5
2024-10-14 18:32:35.752857 Echo: Same as last round
2024-10-14 18:32:35.755783 Oscar: Lima, sending you 6
2024-10-14 18:32:35.756486 Foxtrot: Oscar, sending you 4
2024-10-14 18:32:35.757175 Sierra: Mike, sending you 1
2024-10-14 18:32:35.758708 November: Mike and Kilo, sending you 2
2024-10-14 18:32:35.759666 Oscar: Foxtrot and November, sending you 5
2024-10-14 18:32:35.760103 Foxtrot: November, sending you 3
2024-10-14 18:32:35.762676 Sierra: Kilo, Charlie, Hotel and Echo, sending you 3
2024-10-14 18:32:35.764037 November: Charlie, sending you 1
2024-10-14 18:32:35.768682 November: Lima and Oscar, sending you 4
2024-10-14 18:32:35.773678 November: Foxtrot, sending you 3
chatterbot Echo submitting transactions
chatterbot Sierra submitting transactions
chatterbot Hotel submitting transactions
chatterbot Mike submitting transactions
chatterbot Lima submitting transactions
chatterbot Oscar submitting transactions
chatterbot Charlie submitting transactions
chatterbot Kilo submitting transactions
chatterbot November submitting transactions
chatterbot Foxtrot submitting transactions
ChatterBot Mike round 9
ChatterBot Kilo round 9
ChatterBot Charlie round 9
ChatterBot Lima round 9
ChatterBot Hotel round 9
ChatterBot Foxtrot round 9
ChatterBot Oscar round 9
ChatterBot Echo round 9
ChatterBot Sierra round 9
ChatterBot November round 9
2024-10-14 18:32:36.854097 Foxtrot: We should replace Mike with Sierra
2024-10-14 18:32:36.861663 Oscar: No
2024-10-14 18:32:36.861885 Lima: No
2024-10-14 18:32:36.862031 November: No
ChatterBot Foxtrot reevaluating
ChatterBot Foxtrot reevaluating
ChatterBot Foxtrot reevaluating
2024-10-14 18:32:36.901683 Foxtrot: Sierra we want you to join our group
2024-10-14 18:32:36.905597 Sierra: No
ChatterBot Foxtrot reevaluating
ChatterBot November reevaluating
2024-10-14 18:32:36.914445 Oscar: Lima, sending you 6
2024-10-14 18:32:36.914820 Lima: Foxtrot and Oscar, sending you 5
2024-10-14 18:32:36.915106 Hotel: Mike, Kilo and Sierra, sending you 3
2024-10-14 18:32:36.918695 Lima: November, sending you 4
2024-10-14 18:32:36.919416 Echo: Same as last round
2024-10-14 18:32:36.920767 Oscar: Foxtrot and November, sending you 5
2024-10-14 18:32:36.921535 Hotel: Charlie, sending you 2
2024-10-14 18:32:36.922401 Kilo: Same as last round
2024-10-14 18:32:36.923558 Charlie: Mike, Kilo, Echo and Sierra, sending you 3
2024-10-14 18:32:36.924787 Mike: Kilo, Charlie, Hotel and Echo, sending you 2
2024-10-14 18:32:36.925448 Sierra: Mike, sending you 1
2024-10-14 18:32:36.926315 Hotel: Echo, sending you 4
2024-10-14 18:32:36.928667 Charlie: Hotel, sending you 1
2024-10-14 18:32:36.929689 Sierra: Kilo, Charlie, Hotel and Echo, sending you 3
2024-10-14 18:32:36.939684 Foxtrot: Mike, sending you 1
2024-10-14 18:32:36.944694 Foxtrot: Lima, sending you 5
2024-10-14 18:32:36.947673 Foxtrot: Oscar, sending you 4
2024-10-14 18:32:36.950661 Foxtrot: November, sending you 3
chatterbot Kilo submitting transactions
chatterbot Oscar submitting transactions
chatterbot Lima submitting transactions
chatterbot Charlie submitting transactions
chatterbot Hotel submitting transactions
chatterbot Sierra submitting transactions
chatterbot Mike submitting transactions
chatterbot Echo submitting transactions
chatterbot November submitting transactions
chatterbot Foxtrot submitting transactions
ChatterBot Mike round 10
ChatterBot Kilo round 10
ChatterBot Charlie round 10
ChatterBot Lima round 10
ChatterBot Hotel round 10
ChatterBot Foxtrot round 10
ChatterBot Oscar round 10
ChatterBot Echo round 10
ChatterBot Sierra round 10
2024-10-14 18:32:37.973897 Foxtrot: We should replace Mike with Sierra
ChatterBot November reevaluating
2024-10-14 18:32:37.981443 Oscar: No
2024-10-14 18:32:37.981596 Lima: No
2024-10-14 18:32:37.981793 November: No
ChatterBot Foxtrot reevaluating
ChatterBot November reevaluating
ChatterBot Foxtrot reevaluating
ChatterBot November reevaluating
ChatterBot Foxtrot reevaluating
ChatterBot November round 10
2024-10-14 18:32:38.018493 Foxtrot: We should replace Mike with Echo
ChatterBot November reevaluating
2024-10-14 18:32:38.025013 Oscar: No
2024-10-14 18:32:38.025146 Lima: No
2024-10-14 18:32:38.025270 November: No
ChatterBot Foxtrot reevaluating
ChatterBot November reevaluating
ChatterBot Foxtrot reevaluating
ChatterBot November reevaluating
ChatterBot Foxtrot reevaluating
2024-10-14 18:32:38.057798 Echo: We should drop Mike
2024-10-14 18:32:38.069605 Kilo: No
2024-10-14 18:32:38.070056 Charlie: No
2024-10-14 18:32:38.070214 Hotel: No
2024-10-14 18:32:38.070359 Sierra: No
ChatterBot Echo reevaluating
ChatterBot Echo reevaluating
ChatterBot Echo reevaluating
2024-10-14 18:32:38.109669 Kilo: Same as last round
2024-10-14 18:32:38.110436 Lima: Foxtrot and Oscar, sending you 5
2024-10-14 18:32:38.110987 Mike: Kilo, Charlie, Hotel and Echo, sending you 2
2024-10-14 18:32:38.111702 Hotel: Mike, Kilo and Sierra, sending you 3
2024-10-14 18:32:38.112794 Charlie: Mike, Kilo, Echo and Sierra, sending you 3
2024-10-14 18:32:38.114649 Foxtrot: Sierra we want you to join our group
2024-10-14 18:32:38.117691 Sierra: No
ChatterBot Foxtrot reevaluating
2024-10-14 18:32:38.129296 Lima: November, sending you 4
2024-10-14 18:32:38.129896 Hotel: Charlie, sending you 2
2024-10-14 18:32:38.130757 Charlie: Hotel, sending you 1
2024-10-14 18:32:38.133672 Oscar: Lima and Foxtrot, sending you 6
2024-10-14 18:32:38.134693 Sierra: Mike, sending you 1
2024-10-14 18:32:38.135700 Hotel: Echo, sending you 4
2024-10-14 18:32:38.137125 November: Lima and Foxtrot, sending you 5
2024-10-14 18:32:38.138671 Oscar: November, sending you 4
2024-10-14 18:32:38.140691 Sierra: Kilo, Charlie, Hotel and Echo, sending you 3
2024-10-14 18:32:38.141705 November: Oscar, sending you 6
2024-10-14 18:32:38.150675 Foxtrot: Mike, sending you 1
2024-10-14 18:32:38.154668 Echo: Same as last round
2024-10-14 18:32:38.156037 Foxtrot: Lima, sending you 6
2024-10-14 18:32:38.160674 Foxtrot: Oscar, sending you 4
2024-10-14 18:32:38.163663 Foxtrot: November, sending you 2
chatterbot Hotel submitting transactions
chatterbot Charlie submitting transactions
chatterbot Foxtrot submitting transactions
chatterbot Echo submitting transactions
chatterbot Mike submitting transactions
chatterbot Oscar submitting transactions
chatterbot Lima submitting transactions
chatterbot Kilo submitting transactions
chatterbot Sierra submitting transactions
chatterbot November submitting transactions
ChatterBot Mike round 11
ChatterBot Kilo round 11
ChatterBot Charlie round 11
ChatterBot Lima round 11
ChatterBot Hotel round 11
ChatterBot Foxtrot round 11
ChatterBot Oscar round 11
ChatterBot Echo round 11
ChatterBot Sierra round 11
ChatterBot November round 11
2024-10-14 18:32:39.341238 Foxtrot: We should replace Mike with Sierra
2024-10-14 18:32:39.349486 Oscar: No
2024-10-14 18:32:39.349737 Lima: No
2024-10-14 18:32:39.349942 November: No
ChatterBot Foxtrot reevaluating
ChatterBot Foxtrot reevaluating
ChatterBot Foxtrot reevaluating
2024-10-14 18:32:39.381892 Foxtrot: We should replace Mike with Echo
ChatterBot November reevaluating
2024-10-14 18:32:39.391110 Oscar: No
2024-10-14 18:32:39.391308 Lima: No
2024-10-14 18:32:39.391997 November: Yes
ChatterBot Foxtrot reevaluating
ChatterBot November reevaluating
ChatterBot Foxtrot reevaluating
ChatterBot November reevaluating
ChatterBot Foxtrot reevaluating
2024-10-14 18:32:39.419146 Kilo: Same as last round
2024-10-14 18:32:39.424955 Oscar: Lima, sending you 6
2024-10-14 18:32:39.425881 Mike: Kilo, Charlie, Hotel and Echo, sending you 2
2024-10-14 18:32:39.427724 Hotel: Mike, Kilo and Sierra, sending you 3
2024-10-14 18:32:39.429056 Lima: Foxtrot and Oscar, sending you 5
2024-10-14 18:32:39.430275 Echo: Same as last round
2024-10-14 18:32:39.432049 Charlie: Mike, Kilo, Echo and Sierra, sending you 3
2024-10-14 18:32:39.433514 Oscar: Foxtrot and November, sending you 5
2024-10-14 18:32:39.434917 Lima: November, sending you 4
2024-10-14 18:32:39.435795 Hotel: Charlie, sending you 2
2024-10-14 18:32:39.437574 Charlie: Hotel, sending you 1
2024-10-14 18:32:39.440704 Sierra: Mike, sending you 1
2024-10-14 18:32:39.442349 Hotel: Echo, sending you 4
2024-10-14 18:32:39.445696 Sierra: Kilo, Charlie, Hotel and Echo, sending you 3
2024-10-14 18:32:39.447490 November: Lima and Oscar, sending you 6
2024-10-14 18:32:39.451035 November: Foxtrot, sending you 4
2024-10-14 18:32:39.451947 Foxtrot: Mike, sending you 1
2024-10-14 18:32:39.456210 Foxtrot: Lima, sending you 5
2024-10-14 18:32:39.460693 Foxtrot: Oscar, sending you 4
2024-10-14 18:32:39.464665 Foxtrot: November, sending you 3
chatterbot Lima submitting transactions
chatterbot Charlie submitting transactions
chatterbot Oscar submitting transactions
chatterbot Foxtrot submitting transactions
chatterbot Kilo submitting transactions
chatterbot Mike submitting transactions
chatterbot Hotel submitting transactions
chatterbot Sierra submitting transactions
chatterbot November submitting transactions
chatterbot Echo submitting transactions
ChatterBot Mike round 12
ChatterBot Kilo round 12
ChatterBot Charlie round 12
ChatterBot Lima round 12
ChatterBot Hotel round 12
ChatterBot Foxtrot round 12
ChatterBot Oscar round 12
ChatterBot Echo round 12
ChatterBot Sierra round 12
ChatterBot November round 12
2024-10-14 18:32:40.495055 Foxtrot: Mike, sending you 1
2024-10-14 18:32:40.497708 Lima: Foxtrot and Oscar, sending you 5
2024-10-14 18:32:40.499127 Charlie: Mike, Kilo, Echo and Sierra, sending you 3
2024-10-14 18:32:40.500860 Foxtrot: Lima, sending you 5
2024-10-14 18:32:40.501695 Mike: Kilo, Charlie, Hotel and Echo, sending you 2
2024-10-14 18:32:40.503574 Lima: November, sending you 4
2024-10-14 18:32:40.505657 Charlie: Hotel, sending you 1
2024-10-14 18:32:40.507145 Foxtrot: Oscar, sending you 4
2024-10-14 18:32:40.507943 Echo: Same as last round
2024-10-14 18:32:40.509487 Kilo: Same as last round
2024-10-14 18:32:40.511750 Foxtrot: November, sending you 3
2024-10-14 18:32:40.512782 Oscar: Lima, sending you 6
2024-10-14 18:32:40.516109 Hotel: Mike, Kilo and Sierra, sending you 3
2024-10-14 18:32:40.517365 Sierra: Mike, sending you 1
2024-10-14 18:32:40.518652 Oscar: Foxtrot and November, sending you 5
2024-10-14 18:32:40.520672 Hotel: Charlie, sending you 2
2024-10-14 18:32:40.522674 Sierra: Kilo, Charlie, Hotel and Echo, sending you 3
2024-10-14 18:32:40.524425 November: Lima and Oscar, sending you 6
2024-10-14 18:32:40.525001 Hotel: Echo, sending you 4
2024-10-14 18:32:40.529662 November: Foxtrot, sending you 4
chatterbot Mike submitting transactions
chatterbot Foxtrot submitting transactions
chatterbot Kilo submitting transactions
chatterbot Oscar submitting transactions
chatterbot Charlie submitting transactions
chatterbot November submitting transactions
chatterbot Sierra submitting transactions
chatterbot Lima submitting transactions
chatterbot Hotel submitting transactions
chatterbot Echo submitting transactions
ChatterBot Mike round 13
ChatterBot Kilo round 13
ChatterBot Charlie round 13
ChatterBot Lima round 13
ChatterBot Hotel round 13
ChatterBot Foxtrot round 13
ChatterBot Oscar round 13
ChatterBot Echo round 13
ChatterBot Sierra round 13
ChatterBot November round 13
2024-10-14 18:32:41.765184 Foxtrot: We should replace Mike with Hotel
ChatterBot November reevaluating
2024-10-14 18:32:41.773519 Oscar: No
2024-10-14 18:32:41.773694 Lima: No
2024-10-14 18:32:41.774172 November: No
ChatterBot Foxtrot reevaluating
ChatterBot November reevaluating
ChatterBot Foxtrot reevaluating
ChatterBot November reevaluating
ChatterBot Foxtrot reevaluating
2024-10-14 18:32:41.796712 Foxtrot: We should replace Mike with Echo
ChatterBot November reevaluating
2024-10-14 18:32:41.803376 Oscar: No
2024-10-14 18:32:41.803509 Lima: No
2024-10-14 18:32:41.804257 November: No
ChatterBot Foxtrot reevaluating
ChatterBot November reevaluating
ChatterBot Foxtrot reevaluating
ChatterBot November reevaluating
ChatterBot Foxtrot reevaluating
2024-10-14 18:32:41.826175 Lima: Foxtrot and Oscar, sending you 5
2024-10-14 18:32:41.829723 Echo: Same as last round
2024-10-14 18:32:41.831235 Kilo: Same as last round
2024-10-14 18:32:41.832299 Lima: November, sending you 4
2024-10-14 18:32:41.833432 Charlie: Mike, Kilo, Echo and Sierra, sending you 3
2024-10-14 18:32:41.834224 Sierra: Mike, sending you 1
2024-10-14 18:32:41.835446 Hotel: Mike, Kilo and Sierra, sending you 3
2024-10-14 18:32:41.836313 Mike: Kilo, Charlie, Hotel and Echo, sending you 2
2024-10-14 18:32:41.837440 Oscar: Lima, sending you 6
2024-10-14 18:32:41.838065 Charlie: Hotel, sending you 1
2024-10-14 18:32:41.838929 Sierra: Kilo, Charlie, Hotel and Echo, sending you 3
2024-10-14 18:32:41.840130 Hotel: Charlie, sending you 2
2024-10-14 18:32:41.841048 Oscar: Foxtrot and November, sending you 5
2024-10-14 18:32:41.843883 Hotel: Echo, sending you 4
2024-10-14 18:32:41.849696 Foxtrot: Mike, sending you 1
2024-10-14 18:32:41.855790 Foxtrot: Lima, sending you 5
2024-10-14 18:32:41.858656 Foxtrot: Oscar, sending you 4
2024-10-14 18:32:41.863673 Foxtrot: November, sending you 3
chatterbot Oscar submitting transactions
chatterbot November submitting transactions
chatterbot Charlie submitting transactions
chatterbot Echo submitting transactions
chatterbot Hotel submitting transactions
chatterbot Lima submitting transactions
chatterbot Kilo submitting transactions
chatterbot Sierra submitting transactions
chatterbot Mike submitting transactions
chatterbot Foxtrot submitting transactions
ChatterBot Mike round 14
ChatterBot Kilo round 14
ChatterBot Charlie round 14
ChatterBot Lima round 14
ChatterBot Hotel round 14
ChatterBot Foxtrot round 14
ChatterBot Oscar round 14
ChatterBot Echo round 14
ChatterBot Sierra round 14
ChatterBot November round 14
2024-10-14 18:32:43.095128 Foxtrot: We should replace Mike with Charlie
ChatterBot November reevaluating
2024-10-14 18:32:43.108480 Oscar: No
2024-10-14 18:32:43.108705 Lima: No
2024-10-14 18:32:43.109296 November: No
ChatterBot Foxtrot reevaluating
ChatterBot November reevaluating
ChatterBot Foxtrot reevaluating
ChatterBot November reevaluating
ChatterBot Foxtrot reevaluating
2024-10-14 18:32:43.160957 Echo: We should drop Mike
2024-10-14 18:32:43.173674 Kilo: No
2024-10-14 18:32:43.173892 Charlie: No
2024-10-14 18:32:43.174097 Hotel: No
2024-10-14 18:32:43.174275 Sierra: No
ChatterBot Echo reevaluating
ChatterBot Echo reevaluating
ChatterBot Echo reevaluating
