ChatterBot Mike round 1
ChatterBot Uniform round 1
ChatterBot X-ray round 1
ChatterBot Romeo round 1
ChatterBot Golf round 1
ChatterBot Quebec round 1
randomSelections Uniform: {Uniform, Bravo} 
2024-10-14 18:32:24.696190 Uniform: Friends?
ChatterBot Zulu round 1
ChatterBot Bravo round 1
ChatterBot Bravo reevaluating
2024-10-14 18:32:24.718253 Bravo: Yes
ChatterBot Tango round 1
ChatterBot Oscar round 1
randomSelections Golf: {Golf, Mike, Bravo, Romeo, Uniform} 
2024-10-14 18:32:24.746502 Golf: We would work well together
ChatterBot Mike reevaluating
ChatterBot Bravo reevaluating
ChatterBot Romeo reevaluating
2024-10-14 18:32:24.769065 Mike: Yes
2024-10-14 18:32:24.769418 Bravo: No
2024-10-14 18:32:24.770341 Romeo: Yes
2024-10-14 18:32:24.770706 Uniform: No
ChatterBot Bravo reevaluating
ChatterBot Romeo reevaluating
ChatterBot Mike reevaluating
ChatterBot Romeo reevaluating
ChatterBot Mike reevaluating
ChatterBot Bravo reevaluating
ChatterBot Mike reevaluating
ChatterBot Bravo reevaluating
ChatterBot Romeo reevaluating
randomSelections Quebec: {Quebec, Uniform, Golf, Tango, Oscar, Mike} 
2024-10-14 18:32:24.811739 Quebec: Group up?
ChatterBot Tango reevaluating
ChatterBot Oscar reevaluating
ChatterBot Mike reevaluating
2024-10-14 18:32:24.823736 Uniform: No
2024-10-14 18:32:24.824500 Golf: No
2024-10-14 18:32:24.824924 Tango: Yes
2024-10-14 18:32:24.825120 Oscar: Yes
2024-10-14 18:32:24.825301 Mike: No
ChatterBot Tango reevaluating
ChatterBot Oscar reevaluating
ChatterBot Mike reevaluating
ChatterBot Tango reevaluating
ChatterBot Oscar reevaluating
ChatterBot Mike reevaluating
ChatterBot Oscar reevaluating
ChatterBot Mike reevaluating
ChatterBot Tango reevaluating
ChatterBot Mike reevaluating
ChatterBot Tango reevaluating
ChatterBot Oscar reevaluating
randomSelections X-ray: {X-ray, Bravo, Oscar, Romeo} 
2024-10-14 18:32:24.875271 X-ray: We should group up
ChatterBot Bravo reevaluating
ChatterBot Oscar reevaluating
ChatterBot Romeo reevaluating
2024-10-14 18:32:24.879480 Bravo: No
2024-10-14 18:32:24.879793 Oscar: No
2024-10-14 18:32:24.880184 Romeo: No
ChatterBot Oscar reevaluating
ChatterBot Romeo reevaluating
ChatterBot Bravo reevaluating
ChatterBot Romeo reevaluating
ChatterBot Bravo reevaluating
ChatterBot Oscar reevaluating
randomSelections Zulu: {Zulu, Oscar, Romeo, Bravo, X-ray, Uniform} 
2024-10-14 18:32:24.898981 Zulu: We would work well together
ChatterBot Oscar reevaluating
ChatterBot Romeo reevaluating
ChatterBot Bravo reevaluating
2024-10-14 18:32:24.906543 Oscar: No
2024-10-14 18:32:24.906686 Romeo: No
2024-10-14 18:32:24.906882 Bravo: No
2024-10-14 18:32:24.907005 X-ray: No
2024-10-14 18:32:24.907117 Uniform: No
ChatterBot Romeo reevaluating
ChatterBot Bravo reevaluating
ChatterBot Oscar reevaluating
ChatterBot Bravo reevaluating
ChatterBot Oscar reevaluating
ChatterBot Romeo reevaluating
ChatterBot Oscar reevaluating
ChatterBot Romeo reevaluating
ChatterBot Bravo reevaluating
ChatterBot Oscar reevaluating
ChatterBot Romeo reevaluating
ChatterBot Bravo reevaluating
2024-10-14 18:32:24.941659 Uniform: Sending you 14
2024-10-14 18:32:24.951695 Mike: Uniform, sending you 5
2024-10-14 18:32:24.954093 Quebec: Mike and Oscar, sending you 2
2024-10-14 18:32:24.954677 Golf: Mike, sending you 7
2024-10-14 18:32:24.954934 Mike: Romeo and Bravo, sending you 2
2024-10-14 18:32:24.955688 Tango: Mike, sending you 4
2024-10-14 18:32:24.956021 X-ray: Romeo and Oscar, sending you 3
2024-10-14 18:32:24.957658 Bravo: Sending you 16
2024-10-14 18:32:24.957884 Quebec: Golf, sending you 6
2024-10-14 18:32:24.958203 Oscar: Mike, Golf and Tango, sending you 1
2024-10-14 18:32:24.958445 Mike: Golf, sending you 3
2024-10-14 18:32:24.959652 Golf: Uniform and Romeo, sending you 1
2024-10-14 18:32:24.961034 Tango: Uniform and Quebec, sending you 3
2024-10-14 18:32:24.961678 Quebec: Tango, sending you 4
2024-10-14 18:32:24.961997 Oscar: Quebec, sending you 2
2024-10-14 18:32:24.964673 Golf: Bravo, sending you 5
2024-10-14 18:32:24.964975 Tango: Golf and Oscar, sending you 1
2024-10-14 18:32:24.965703 Romeo: Mike, Golf and Bravo, sending you 2
2024-10-14 18:32:24.971097 Romeo: Uniform, sending you 8
chatterbot Zulu submitting transactions
chatterbot Golf submitting transactions
chatterbot Quebec submitting transactions
chatterbot Romeo submitting transactions
chatterbot X-ray submitting transactions
chatterbot Mike submitting transactions
chatterbot Oscar submitting transactions
chatterbot Bravo submitting transactions
chatterbot Uniform submitting transactions
chatterbot Tango submitting transactions
ChatterBot Mike round 2
ChatterBot Uniform round 2
ChatterBot X-ray round 2
ChatterBot Romeo round 2
ChatterBot Golf round 2
ChatterBot Quebec round 2
ChatterBot Zulu round 2
2024-10-14 18:32:26.682867 Mike: Can we be friends?
ChatterBot Romeo reevaluating
ChatterBot Golf reevaluating
ChatterBot Quebec reevaluating
ChatterBot Tango reevaluating
ChatterBot Oscar reevaluating
2024-10-14 18:32:26.756693 Romeo: No
2024-10-14 18:32:26.756954 Golf: Yes
2024-10-14 18:32:26.757531 Quebec: No
2024-10-14 18:32:26.757698 Tango: No
2024-10-14 18:32:26.757891 Oscar: No
ChatterBot Golf reevaluating
ChatterBot Quebec reevaluating
ChatterBot Tango reevaluating
ChatterBot Oscar reevaluating
ChatterBot Romeo reevaluating
ChatterBot Quebec reevaluating
ChatterBot Tango reevaluating
ChatterBot Oscar reevaluating
ChatterBot Romeo reevaluating
ChatterBot Golf reevaluating
ChatterBot Tango reevaluating
ChatterBot Oscar reevaluating
ChatterBot Romeo reevaluating
ChatterBot Golf reevaluating
ChatterBot Quebec reevaluating
ChatterBot Oscar reevaluating
ChatterBot Romeo reevaluating
ChatterBot Golf reevaluating
ChatterBot Quebec reevaluating
ChatterBot Tango reevaluating
ChatterBot Bravo round 2
ChatterBot Tango round 2
ChatterBot Oscar round 2
2024-10-14 18:32:27.166685 Uniform: Let's form a team
ChatterBot Golf reevaluating
ChatterBot Bravo reevaluating
ChatterBot Romeo reevaluating
2024-10-14 18:32:27.213355 Golf: No
2024-10-14 18:32:27.213639 Mike: No
2024-10-14 18:32:27.214177 Bravo: Yes
2024-10-14 18:32:27.214351 Romeo: Yes
ChatterBot Bravo reevaluating
ChatterBot Romeo reevaluating
ChatterBot Golf reevaluating
ChatterBot Bravo reevaluating
ChatterBot Romeo reevaluating
ChatterBot Golf reevaluating
ChatterBot Romeo reevaluating
ChatterBot Golf reevaluating
ChatterBot Bravo reevaluating
2024-10-14 18:32:27.337013 X-ray: Friends?
ChatterBot Zulu reevaluating
2024-10-14 18:32:27.342235 Zulu: Yes
2024-10-14 18:32:27.347132 Zulu: Friends?
2024-10-14 18:32:27.351526 X-ray: Yes
ChatterBot Zulu reevaluating
2024-10-14 18:32:27.381111 Tango: We should replace Uniform with Romeo
ChatterBot Quebec reevaluating
ChatterBot Oscar reevaluating
2024-10-14 18:32:27.404243 Quebec: Yes
2024-10-14 18:32:27.404410 Oscar: Yes
2024-10-14 18:32:27.404520 Mike: Yes
2024-10-14 18:32:27.404634 Golf: No
ChatterBot Oscar reevaluating
ChatterBot Golf reevaluating
ChatterBot Quebec reevaluating
ChatterBot Golf reevaluating
ChatterBot Quebec reevaluating
ChatterBot Oscar reevaluating
ChatterBot Golf reevaluating
ChatterBot Quebec reevaluating
ChatterBot Oscar reevaluating
2024-10-14 18:32:27.503002 Tango: Romeo we want you to join our group
ChatterBot Romeo reevaluating
2024-10-14 18:32:27.510092 Romeo: No
ChatterBot Quebec reevaluating
ChatterBot Oscar reevaluating
2024-10-14 18:32:27.538428 Mike: Romeo, Quebec, Tango and Oscar, sending you 2
chatterbot Mike submitting transactions
2024-10-14 18:32:27.541076 Romeo: We should add X-ray
2024-10-14 18:32:27.566772 Golf: Yes
2024-10-14 18:32:27.566956 Mike: Yes
2024-10-14 18:32:27.567486 Bravo: Yes
2024-10-14 18:32:27.567621 Uniform: Yes
ChatterBot Romeo reevaluating
ChatterBot Romeo reevaluating
ChatterBot Romeo reevaluating
ChatterBot Golf reevaluating
ChatterBot Romeo reevaluating
2024-10-14 18:32:27.668881 Bravo: Mike and Romeo, sending you 2
2024-10-14 18:32:27.669631 Oscar: Romeo we want you to join our group
ChatterBot Romeo reevaluating
2024-10-14 18:32:27.676477 Romeo: No
ChatterBot Golf reevaluating
ChatterBot Quebec reevaluating
ChatterBot Oscar reevaluating
2024-10-14 18:32:27.705272 Uniform: Mike and Golf, sending you 3
2024-10-14 18:32:27.705644 Mike: Golf, sending you 4
2024-10-14 18:32:27.706253 X-ray: Sending you 15
2024-10-14 18:32:27.707656 Bravo: Uniform, sending you 8
2024-10-14 18:32:27.948676 Uniform: Romeo and Bravo, sending you 4
2024-10-14 18:32:27.950867 Tango: Mike and Romeo, sending you 1
2024-10-14 18:32:27.952599 Bravo: Golf, sending you 4
2024-10-14 18:32:27.954098 Romeo: X-ray we want you to join our group
2024-10-14 18:32:27.961902 X-ray: No
ChatterBot Golf reevaluating
chatterbot Bravo submitting transactions
2024-10-14 18:32:28.008909 Tango: Quebec, sending you 8
2024-10-14 18:32:28.033663 Tango: Oscar, sending you 3
2024-10-14 18:32:28.034184 Quebec: Tango, sending you 8
2024-10-14 18:32:28.045703 Quebec: Oscar, sending you 6
2024-10-14 18:32:28.046112 Romeo: Mike, sending you 5
2024-10-14 18:32:28.046537 Oscar: Quebec, sending you 3
chatterbot X-ray submitting transactions
2024-10-14 18:32:28.054519 Romeo: X-ray, sending you 7
2024-10-14 18:32:28.055246 Oscar: Tango, sending you 2
2024-10-14 18:32:28.055495 Golf: Mike, sending you 3
chatterbot Tango submitting transactions
2024-10-14 18:32:28.063391 Romeo: Golf, sending you 2
2024-10-14 18:32:28.064082 Golf: Romeo, sending you 2
2024-10-14 18:32:28.070948 Golf: Quebec, sending you 7
2024-10-14 18:32:28.076397 Golf: Tango and Oscar, sending you 1
chatterbot Quebec submitting transactions
chatterbot Golf submitting transactions
chatterbot Uniform submitting transactions
chatterbot Zulu submitting transactions
chatterbot Romeo submitting transactions
chatterbot Oscar submitting transactions
ChatterBot Mike round 3
ChatterBot Uniform round 3
ChatterBot X-ray round 3
ChatterBot Romeo round 3
ChatterBot Golf round 3
ChatterBot Quebec round 3
ChatterBot Zulu round 3
ChatterBot Bravo round 3
ChatterBot Tango round 3
ChatterBot Oscar round 3
2024-10-14 18:32:29.319932 X-ray: We should add Romeo
ChatterBot Zulu reevaluating
2024-10-14 18:32:29.325247 Zulu: No
ChatterBot X-ray reevaluating
2024-10-14 18:32:29.330842 X-ray: Group up?
2024-10-14 18:32:29.350368 Romeo: Yes
2024-10-14 18:32:29.350629 Mike: No
2024-10-14 18:32:29.351726 Golf: No
ChatterBot X-ray reevaluating
ChatterBot X-ray reevaluating
ChatterBot X-ray reevaluating
2024-10-14 18:32:29.434661 Golf: Mike, sending you 4
2024-10-14 18:32:29.437678 Golf: Uniform and Romeo, sending you 2
2024-10-14 18:32:29.439684 Tango: Mike and Oscar, sending you 2
2024-10-14 18:32:29.440206 Bravo: Mike and Romeo, sending you 2
2024-10-14 18:32:29.441674 Mike: Uniform, Romeo, Golf and Bravo, sending you 3
2024-10-14 18:32:29.442064 Quebec: Mike and Romeo, sending you 2
2024-10-14 18:32:29.442916 Golf: Quebec and Bravo, sending you 3
2024-10-14 18:32:29.443756 Tango: Romeo and Golf, sending you 1
2024-10-14 18:32:29.444702 Bravo: Uniform, sending you 9
2024-10-14 18:32:29.445126 Uniform: Mike, Romeo and Golf, sending you 3
2024-10-14 18:32:29.445741 Oscar: Mike and Tango, sending you 1
2024-10-14 18:32:29.446696 Romeo: Mike, sending you 3
2024-10-14 18:32:29.447859 Quebec: Golf and Oscar, sending you 3
2024-10-14 18:32:29.448353 Tango: Quebec, sending you 7
2024-10-14 18:32:29.448734 Bravo: Golf, sending you 3
2024-10-14 18:32:29.450994 Uniform: Bravo, sending you 5
2024-10-14 18:32:29.451490 Oscar: Quebec, sending you 3
2024-10-14 18:32:29.451887 Quebec: Tango, sending you 4
2024-10-14 18:32:29.452627 Romeo: Uniform, sending you 5
2024-10-14 18:32:29.452945 X-ray: Mike and Golf, sending you 3
2024-10-14 18:32:29.454708 Zulu: Sending you 12
2024-10-14 18:32:29.456152 Romeo: X-ray, Golf and Bravo, sending you 2
2024-10-14 18:32:29.457870 X-ray: Romeo, sending you 9
chatterbot Bravo submitting transactions
chatterbot Zulu submitting transactions
chatterbot Uniform submitting transactions
chatterbot Tango submitting transactions
chatterbot Romeo submitting transactions
chatterbot Golf submitting transactions
chatterbot Mike submitting transactions
chatterbot Quebec submitting transactions
chatterbot X-ray submitting transactions
chatterbot Oscar submitting transactions
ChatterBot Mike round 4
ChatterBot Uniform round 4
ChatterBot X-ray round 4
ChatterBot Romeo round 4
ChatterBot Golf round 4
ChatterBot Quebec round 4
ChatterBot Zulu round 4
ChatterBot Bravo round 4
ChatterBot Tango round 4
ChatterBot Oscar round 4
2024-10-14 18:32:30.648088 Tango: We should add Uniform and Bravo
ChatterBot Golf reevaluating
ChatterBot Quebec reevaluating
ChatterBot Oscar reevaluating
2024-10-14 18:32:30.670509 Mike: Yes
2024-10-14 18:32:30.670691 Romeo: Yes
2024-10-14 18:32:30.670843 Golf: Yes
2024-10-14 18:32:30.670979 Quebec: No
2024-10-14 18:32:30.671191 Oscar: No
ChatterBot Golf reevaluating
ChatterBot Quebec reevaluating
ChatterBot Oscar reevaluating
ChatterBot Golf reevaluating
ChatterBot Quebec reevaluating
ChatterBot Oscar reevaluating
ChatterBot Quebec reevaluating
ChatterBot Oscar reevaluating
ChatterBot Golf reevaluating
ChatterBot Oscar reevaluating
ChatterBot Golf reevaluating
ChatterBot Quebec reevaluating
2024-10-14 18:32:30.807292 Tango: Uniform and Bravo we want you to join our group
2024-10-14 18:32:30.816306 Uniform: No
2024-10-14 18:32:30.816504 Bravo: No
ChatterBot Golf reevaluating
ChatterBot Quebec reevaluating
ChatterBot Oscar reevaluating
ChatterBot Golf reevaluating
ChatterBot Quebec reevaluating
ChatterBot Oscar reevaluating
2024-10-14 18:32:30.960747 Mike: Same as last round
2024-10-14 18:32:30.961770 Zulu: Same as last round
2024-10-14 18:32:30.962128 Romeo: Mike and Uniform, sending you 3
2024-10-14 18:32:30.963148 Uniform: Mike, Romeo and Golf, sending you 3
2024-10-14 18:32:30.963805 X-ray: Romeo, sending you 7
2024-10-14 18:32:30.965101 Quebec: We should drop Mike and Romeo
2024-10-14 18:32:31.011127 Tango: No
2024-10-14 18:32:31.011561 Oscar: Yes
2024-10-14 18:32:31.011776 Golf: No
ChatterBot Tango reevaluating
2024-10-14 18:32:31.122109 Romeo: X-ray, sending you 4
2024-10-14 18:32:31.123622 X-ray: Zulu, sending you 8
2024-10-14 18:32:31.124264 Uniform: Bravo, sending you 5
chatterbot Uniform submitting transactions
2024-10-14 18:32:31.126260 Bravo: Mike and Golf, sending you 3
2024-10-14 18:32:31.136357 Romeo: Golf and Bravo, sending you 2
2024-10-14 18:32:31.138057 Bravo: Uniform, sending you 8
2024-10-14 18:32:31.157519 Golf: Mike, sending you 5
2024-10-14 18:32:31.159198 Bravo: Romeo, sending you 2
2024-10-14 18:32:31.160051 Quebec: Golf and Oscar, sending you 4
2024-10-14 18:32:31.163137 Golf: Uniform and Bravo, sending you 3
2024-10-14 18:32:31.168894 Quebec: Tango, sending you 6
2024-10-14 18:32:31.170049 Tango: Golf, sending you 2
2024-10-14 18:32:31.171036 Oscar: Quebec, sending you 3
2024-10-14 18:32:31.171650 Golf: X-ray, sending you 1
2024-10-14 18:32:31.183645 Tango: Quebec, sending you 8
2024-10-14 18:32:31.184822 Golf: Romeo, sending you 2
2024-10-14 18:32:31.185822 Oscar: Tango, sending you 2
2024-10-14 18:32:31.197320 Tango: Oscar, sending you 3
chatterbot X-ray submitting transactions
chatterbot Romeo submitting transactions
chatterbot Golf submitting transactions
chatterbot Quebec submitting transactions
chatterbot Mike submitting transactions
chatterbot Zulu submitting transactions
chatterbot Oscar submitting transactions
chatterbot Tango submitting transactions
chatterbot Bravo submitting transactions
ChatterBot Mike round 5
ChatterBot Uniform round 5
ChatterBot X-ray round 5
ChatterBot Romeo round 5
ChatterBot Golf round 5
ChatterBot Quebec round 5
ChatterBot Zulu round 5
ChatterBot Bravo round 5
ChatterBot Tango round 5
ChatterBot Oscar round 5
2024-10-14 18:32:32.145122 Romeo: Mike and Uniform, sending you 3
2024-10-14 18:32:32.148675 Romeo: X-ray, sending you 4
2024-10-14 18:32:32.153685 Romeo: Golf and Bravo, sending you 2
2024-10-14 18:32:32.154712 X-ray: Romeo, sending you 6
2024-10-14 18:32:32.157702 Quebec: Golf and Oscar, sending you 4
2024-10-14 18:32:32.158651 X-ray: Zulu, sending you 9
2024-10-14 18:32:32.159079 Golf: Mike, sending you 5
2024-10-14 18:32:32.159565 Zulu: Same as last round
2024-10-14 18:32:32.160747 Tango: Golf, sending you 1
2024-10-14 18:32:32.161186 Bravo: Mike and Golf, sending you 3
2024-10-14 18:32:32.161833 Uniform: Mike, Romeo and Golf, sending you 3
2024-10-14 18:32:32.162979 Golf: Uniform and Bravo, sending you 3
2024-10-14 18:32:32.163687 Quebec: Tango, sending you 6
2024-10-14 18:32:32.164746 Tango: Quebec, sending you 9
2024-10-14 18:32:32.165030 Mike: Same as last round
2024-10-14 18:32:32.165388 Bravo: Uniform, sending you 8
2024-10-14 18:32:32.167702 Uniform: Bravo, sending you 5
2024-10-14 18:32:32.168672 Golf: X-ray, sending you 1
2024-10-14 18:32:32.169674 Tango: Oscar, sending you 3
2024-10-14 18:32:32.169922 Bravo: Romeo, sending you 2
2024-10-14 18:32:32.171694 Oscar: Quebec, sending you 3
2024-10-14 18:32:32.174061 Golf: Romeo, sending you 2
2024-10-14 18:32:32.174669 Oscar: Tango, sending you 2
chatterbot Quebec submitting transactions
chatterbot Golf submitting transactions
chatterbot Bravo submitting transactions
chatterbot Romeo submitting transactions
chatterbot Oscar submitting transactions
chatterbot Mike submitting transactions
chatterbot Tango submitting transactions
chatterbot Uniform submitting transactions
chatterbot X-ray submitting transactions
chatterbot Zulu submitting transactions
ChatterBot Mike round 6
ChatterBot Uniform round 6
ChatterBot X-ray round 6
ChatterBot Romeo round 6
ChatterBot Golf round 6
ChatterBot Quebec round 6
ChatterBot Zulu round 6
ChatterBot Bravo round 6
ChatterBot Tango round 6
ChatterBot Oscar round 6
2024-10-14 18:32:33.244576 Romeo: We should add Zulu
2024-10-14 18:32:33.259425 Mike: No
2024-10-14 18:32:33.259603 Golf: No
2024-10-14 18:32:33.259746 Uniform: No
2024-10-14 18:32:33.259888 Bravo: No
2024-10-14 18:32:33.260012 X-ray: Yes
ChatterBot Romeo reevaluating
ChatterBot Romeo reevaluating
ChatterBot Romeo reevaluating
ChatterBot Romeo reevaluating
ChatterBot Romeo reevaluating
ChatterBot Golf reevaluating
2024-10-14 18:32:33.385693 Mike: Same as last round
2024-10-14 18:32:33.386650 X-ray: Romeo, sending you 6
2024-10-14 18:32:33.390713 X-ray: Zulu, sending you 9
2024-10-14 18:32:33.395203 Zulu: Same as last round
2024-10-14 18:32:33.397686 Tango: Mike and Golf, sending you 1
2024-10-14 18:32:33.399700 Romeo: Mike and Uniform, sending you 3
2024-10-14 18:32:33.401720 Uniform: Mike, Romeo and Golf, sending you 3
2024-10-14 18:32:33.402783 Tango: Quebec, sending you 8
2024-10-14 18:32:33.403680 Quebec: Golf and Oscar, sending you 4
2024-10-14 18:32:33.403988 Romeo: X-ray, sending you 5
2024-10-14 18:32:33.405663 Uniform: Bravo, sending you 5
2024-10-14 18:32:33.406812 Tango: Oscar, sending you 3
2024-10-14 18:32:33.407650 Quebec: Tango, sending you 6
2024-10-14 18:32:33.408640 Romeo: Golf, sending you 2
2024-10-14 18:32:33.409301 Bravo: Mike and Golf, sending you 3
2024-10-14 18:32:33.410763 Oscar: Quebec, sending you 3
2024-10-14 18:32:33.412787 Romeo: Bravo, sending you 1
2024-10-14 18:32:33.413182 Golf: Mike and Uniform, sending you 4
2024-10-14 18:32:33.413510 Bravo: Uniform, sending you 8
2024-10-14 18:32:33.415675 Oscar: Tango, sending you 2
2024-10-14 18:32:33.417691 Golf: X-ray, sending you 1
2024-10-14 18:32:33.418221 Bravo: Romeo, sending you 2
2024-10-14 18:32:33.421675 Golf: Romeo, sending you 2
2024-10-14 18:32:33.426816 Golf: Bravo, sending you 3
chatterbot Bravo submitting transactions
chatterbot Golf submitting transactions
chatterbot Mike submitting transactions
chatterbot Romeo submitting transactions
chatterbot Zulu submitting transactions
chatterbot Tango submitting transactions
chatterbot Oscar submitting transactions
chatterbot Uniform submitting transactions
chatterbot X-ray submitting transactions
chatterbot Quebec submitting transactions
ChatterBot Mike round 7
ChatterBot Uniform round 7
ChatterBot X-ray round 7
ChatterBot Romeo round 7
ChatterBot Golf round 7
ChatterBot Quebec round 7
ChatterBot Zulu round 7
ChatterBot Bravo round 7
ChatterBot Tango round 7
ChatterBot Oscar round 7
2024-10-14 18:32:34.441905 Oscar: We should add Mike and Romeo
ChatterBot Tango reevaluating
ChatterBot Golf reevaluating
2024-10-14 18:32:34.453598 Quebec: No
2024-10-14 18:32:34.453747 Tango: Yes
2024-10-14 18:32:34.453860 Golf: Yes
ChatterBot Tango reevaluating
ChatterBot Oscar reevaluating
ChatterBot Golf reevaluating
ChatterBot Quebec reevaluating
ChatterBot Oscar reevaluating
ChatterBot Golf reevaluating
ChatterBot Quebec reevaluating
ChatterBot Tango reevaluating
ChatterBot Oscar reevaluating
2024-10-14 18:32:34.492692 X-ray: Romeo, sending you 7
2024-10-14 18:32:34.493715 Oscar: Mike and Romeo we want you to join our group
2024-10-14 18:32:34.503212 Mike: No
2024-10-14 18:32:34.503359 Romeo: No
ChatterBot Golf reevaluating
ChatterBot Quebec reevaluating
ChatterBot Oscar reevaluating
ChatterBot Golf reevaluating
ChatterBot Quebec reevaluating
ChatterBot Tango reevaluating
ChatterBot Oscar reevaluating
2024-10-14 18:32:34.545998 Mike: Uniform, Romeo, Golf and Bravo, sending you 3
2024-10-14 18:32:34.546482 X-ray: Zulu, sending you 8
2024-10-14 18:32:34.549748 Bravo: Mike and Golf, sending you 4
2024-10-14 18:32:34.550675 Romeo: Mike and Uniform, sending you 3
2024-10-14 18:32:34.551109 Uniform: Mike, Romeo and Golf, sending you 3
2024-10-14 18:32:34.551642 Zulu: Same as last round
2024-10-14 18:32:34.552593 Quebec: We should drop Golf
ChatterBot Tango reevaluating
ChatterBot Oscar reevaluating
2024-10-14 18:32:34.561061 Tango: No
2024-10-14 18:32:34.561183 Oscar: No
ChatterBot Quebec reevaluating
ChatterBot Oscar reevaluating
ChatterBot Quebec reevaluating
ChatterBot Tango reevaluating
2024-10-14 18:32:34.576050 Bravo: Uniform, sending you 7
2024-10-14 18:32:34.576988 Uniform: Bravo, sending you 5
2024-10-14 18:32:34.577457 Romeo: X-ray, sending you 5
2024-10-14 18:32:34.581987 Tango: We should drop Uniform and Bravo
ChatterBot Quebec reevaluating
ChatterBot Oscar reevaluating
2024-10-14 18:32:34.606051 Mike: No
2024-10-14 18:32:34.606243 Romeo: No
2024-10-14 18:32:34.606381 Golf: No
2024-10-14 18:32:34.606557 Quebec: Yes
2024-10-14 18:32:34.606744 Oscar: Yes
ChatterBot Quebec reevaluating
ChatterBot Tango reevaluating
ChatterBot Oscar reevaluating
ChatterBot Quebec reevaluating
ChatterBot Tango reevaluating
ChatterBot Oscar reevaluating
ChatterBot Quebec reevaluating
ChatterBot Tango reevaluating
ChatterBot Oscar reevaluating
ChatterBot Tango reevaluating
ChatterBot Oscar reevaluating
ChatterBot Quebec reevaluating
ChatterBot Tango reevaluating
2024-10-14 18:32:34.704887 Bravo: Romeo, sending you 1
2024-10-14 18:32:34.705344 Romeo: Golf, sending you 2
2024-10-14 18:32:34.708960 Golf: Mike and Uniform, sending you 4
2024-10-14 18:32:34.709782 Romeo: Bravo, sending you 1
2024-10-14 18:32:34.712672 Golf: X-ray, sending you 1
2024-10-14 18:32:34.716671 Golf: Romeo, sending you 2
2024-10-14 18:32:34.721682 Golf: Bravo, sending you 3
2024-10-14 18:32:34.725663 Quebec: Golf, sending you 3
2024-10-14 18:32:34.728666 Quebec: Tango, sending you 7
2024-10-14 18:32:34.729658 Tango: Mike and Golf, sending you 1
2024-10-14 18:32:34.731886 Oscar: Quebec, sending you 3
2024-10-14 18:32:34.732454 Quebec: Oscar, sending you 4
2024-10-14 18:32:34.734668 Tango: Quebec, sending you 8
2024-10-14 18:32:34.735677 Oscar: Tango, sending you 2
2024-10-14 18:32:34.739713 Tango: Oscar, sending you 3
chatterbot Golf submitting transactions
chatterbot Zulu submitting transactions
chatterbot X-ray submitting transactions
chatterbot Bravo submitting transactions
chatterbot Uniform submitting transactions
chatterbot Oscar submitting transactions
chatterbot Mike submitting transactions
chatterbot Romeo submitting transactions
chatterbot Tango submitting transactions
chatterbot Quebec submitting transactions
ChatterBot Mike round 8
ChatterBot Uniform round 8
ChatterBot X-ray round 8
ChatterBot Romeo round 8
ChatterBot Golf round 8
ChatterBot Quebec round 8
ChatterBot Zulu round 8
ChatterBot Bravo round 8
ChatterBot Tango round 8
ChatterBot Oscar round 8
2024-10-14 18:32:35.958786 Quebec: We should drop Golf
ChatterBot Tango reevaluating
ChatterBot Oscar reevaluating
2024-10-14 18:32:35.965891 Tango: No
2024-10-14 18:32:35.966033 Oscar: Yes
ChatterBot Oscar reevaluating
ChatterBot Tango reevaluating
2024-10-14 18:32:35.981678 Romeo: Mike and Uniform, sending you 3
2024-10-14 18:32:35.983202 Golf: Mike and Uniform, sending you 4
2024-10-14 18:32:35.983994 X-ray: Romeo, sending you 7
2024-10-14 18:32:35.984382 Uniform: Mike, Romeo and Golf, sending you 3
2024-10-14 18:32:35.985751 Zulu: Same as last round
2024-10-14 18:32:35.986023 Mike: Same as last round
2024-10-14 18:32:35.987009 Oscar: We should drop Romeo and Golf
ChatterBot Tango reevaluating
2024-10-14 18:32:36.000768 Quebec: Yes
2024-10-14 18:32:36.000950 Tango: No
2024-10-14 18:32:36.001120 Mike: No
ChatterBot Oscar reevaluating
ChatterBot Tango reevaluating
ChatterBot Oscar reevaluating
ChatterBot Oscar reevaluating
ChatterBot Tango reevaluating
2024-10-14 18:32:36.056828 Romeo: X-ray, sending you 5
2024-10-14 18:32:36.057654 Golf: X-ray, sending you 1
2024-10-14 18:32:36.059541 X-ray: Zulu, sending you 8
2024-10-14 18:32:36.060052 Uniform: Bravo, sending you 5
2024-10-14 18:32:36.066299 Bravo: Mike and Golf, sending you 4
2024-10-14 18:32:36.066964 Romeo: Golf, sending you 2
2024-10-14 18:32:36.067586 Golf: Romeo, sending you 2
2024-10-14 18:32:36.069245 Quebec: Tango, sending you 8
2024-10-14 18:32:36.071311 Tango: We should drop Quebec and Oscar
ChatterBot Golf reevaluating
2024-10-14 18:32:36.134231 Mike: Yes
2024-10-14 18:32:36.134696 Uniform: Yes
2024-10-14 18:32:36.135466 Romeo: Yes
2024-10-14 18:32:36.135726 Golf: Yes
2024-10-14 18:32:36.135832 Bravo: Yes
ChatterBot Golf reevaluating
ChatterBot Golf reevaluating
ChatterBot Golf reevaluating
ChatterBot Romeo reevaluating
ChatterBot Romeo reevaluating
ChatterBot Golf reevaluating
2024-10-14 18:32:36.217929 Bravo: Uniform, sending you 6
2024-10-14 18:32:36.218730 Quebec: Oscar, sending you 6
2024-10-14 18:32:36.222499 Golf: We should drop X-ray
ChatterBot Romeo reevaluating
2024-10-14 18:32:36.239119 Mike: Yes
2024-10-14 18:32:36.240366 Bravo: Yes
2024-10-14 18:32:36.240599 Romeo: Yes
2024-10-14 18:32:36.240859 Uniform: Yes
ChatterBot Golf reevaluating
ChatterBot Romeo reevaluating
ChatterBot Golf reevaluating
ChatterBot Romeo reevaluating
ChatterBot Golf reevaluating
ChatterBot Golf reevaluating
ChatterBot Romeo reevaluating
2024-10-14 18:32:36.313418 Bravo: Romeo, sending you 2
chatterbot Quebec submitting transactions
2024-10-14 18:32:36.316937 Tango: Mike, sending you 7
2024-10-14 18:32:36.322693 Tango: Romeo and Bravo, sending you 1
2024-10-14 18:32:36.328663 Tango: Golf, sending you 4
2024-10-14 18:32:36.333819 Romeo: Sorry, I'm actually sending you 0
2024-10-14 18:32:36.336924 Romeo: Mike, sending you 4
2024-10-14 18:32:36.337980 Golf: Sorry, I'm actually sending you 0
chatterbot Oscar submitting transactions
2024-10-14 18:32:36.341851 Romeo: Uniform, sending you 5
2024-10-14 18:32:36.345658 Romeo: Golf, sending you 3
2024-10-14 18:32:36.346698 Golf: Romeo and Bravo, sending you 3
2024-10-14 18:32:36.350695 Romeo: Bravo, sending you 2
chatterbot X-ray submitting transactions
chatterbot Golf submitting transactions
chatterbot Uniform submitting transactions
chatterbot Romeo submitting transactions
chatterbot Bravo submitting transactions
chatterbot Tango submitting transactions
chatterbot Zulu submitting transactions
chatterbot Mike submitting transactions
ChatterBot Mike round 9
ChatterBot Uniform round 9
ChatterBot X-ray round 9
ChatterBot Romeo round 9
ChatterBot Golf round 9
ChatterBot Quebec round 9
ChatterBot Zulu round 9
ChatterBot Bravo round 9
ChatterBot Tango round 9
ChatterBot Oscar round 9
2024-10-14 18:32:37.245182 Oscar: We should add Uniform and Bravo
2024-10-14 18:32:37.256910 Mike: Yes
2024-10-14 18:32:37.257049 Romeo: Yes
2024-10-14 18:32:37.257156 Golf: Yes
2024-10-14 18:32:37.257546 Quebec: No
2024-10-14 18:32:37.257660 Tango: Yes
ChatterBot Oscar reevaluating
ChatterBot Oscar reevaluating
ChatterBot Oscar reevaluating
ChatterBot Oscar reevaluating
ChatterBot Oscar reevaluating
2024-10-14 18:32:37.321660 Romeo: Mike, sending you 4
2024-10-14 18:32:37.322683 Uniform: Mike, Romeo and Golf, sending you 3
2024-10-14 18:32:37.323166 Mike: Same as last round
2024-10-14 18:32:37.323682 Oscar: Uniform and Bravo we want you to join our group
2024-10-14 18:32:37.350958 Uniform: No
2024-10-14 18:32:37.351133 Bravo: No
ChatterBot Golf reevaluating
ChatterBot Oscar reevaluating
ChatterBot Golf reevaluating
ChatterBot Oscar reevaluating
2024-10-14 18:32:37.465901 Romeo: Uniform, sending you 5
2024-10-14 18:32:37.467374 Uniform: Bravo, sending you 5
2024-10-14 18:32:37.471014 Bravo: Mike and Golf, sending you 4
2024-10-14 18:32:37.471971 Romeo: Golf, sending you 3
2024-10-14 18:32:37.472848 Quebec: Tango, sending you 8
2024-10-14 18:32:37.473557 Zulu: Same as last round
2024-10-14 18:32:37.474027 Tango: Mike, sending you 7
2024-10-14 18:32:37.475173 X-ray: Romeo, sending you 6
2024-10-14 18:32:37.475715 Bravo: Uniform, sending you 6
2024-10-14 18:32:37.476663 Quebec: Oscar, sending you 6
2024-10-14 18:32:37.477318 Romeo: Bravo, sending you 2
2024-10-14 18:32:37.479725 Tango: Romeo and Bravo, sending you 1
2024-10-14 18:32:37.480345 X-ray: Zulu, sending you 9
2024-10-14 18:32:37.481712 Bravo: Romeo, sending you 2
2024-10-14 18:32:37.483107 Tango: Golf, sending you 4
2024-10-14 18:32:37.491680 Oscar: Quebec, sending you 3
2024-10-14 18:32:37.497672 Oscar: Tango, sending you 1
2024-10-14 18:32:37.498705 Golf: Mike, Uniform and Bravo, sending you 4
2024-10-14 18:32:37.504664 Golf: Romeo, sending you 2
chatterbot Tango submitting transactions
chatterbot Zulu submitting transactions
chatterbot Quebec submitting transactions
chatterbot Bravo submitting transactions
chatterbot X-ray submitting transactions
chatterbot Mike submitting transactions
chatterbot Romeo submitting transactions
chatterbot Uniform submitting transactions
chatterbot Oscar submitting transactions
chatterbot Golf submitting transactions
ChatterBot Mike round 10
ChatterBot Uniform round 10
ChatterBot X-ray round 10
ChatterBot Romeo round 10
ChatterBot Golf round 10
2024-10-14 18:32:38.607483 Golf: We should add Tango
2024-10-14 18:32:38.618590 Mike: No
2024-10-14 18:32:38.618772 Bravo: No
2024-10-14 18:32:38.618900 Romeo: No
2024-10-14 18:32:38.619021 Uniform: No
ChatterBot Golf reevaluating
ChatterBot Golf reevaluating
ChatterBot Golf reevaluating
ChatterBot Golf reevaluating
ChatterBot Quebec round 10
ChatterBot Zulu round 10
ChatterBot Bravo round 10
ChatterBot Tango round 10
ChatterBot Oscar round 10
2024-10-14 18:32:38.705688 Uniform: Mike, Romeo and Golf, sending you 3
2024-10-14 18:32:38.707321 Quebec: Sending you each 7
2024-10-14 18:32:38.708056 Mike: Same as last round
2024-10-14 18:32:38.709968 Romeo: Mike, sending you 4
2024-10-14 18:32:38.711664 Uniform: Bravo, sending you 5
2024-10-14 18:32:38.713309 X-ray: Romeo, sending you 6
2024-10-14 18:32:38.713768 Zulu: Same as last round
2024-10-14 18:32:38.714088 Bravo: Mike and Golf, sending you 4
2024-10-14 18:32:38.715746 Golf: Mike, Uniform and Bravo, sending you 4
2024-10-14 18:32:38.717258 Oscar: Quebec, sending you 3
2024-10-14 18:32:38.718333 Romeo: Uniform, sending you 5
2024-10-14 18:32:38.719811 X-ray: Zulu, sending you 9
2024-10-14 18:32:38.720720 Bravo: Uniform, sending you 6
2024-10-14 18:32:38.722383 Golf: Romeo, sending you 2
2024-10-14 18:32:38.723049 Oscar: Tango, sending you 1
2024-10-14 18:32:38.723888 Romeo: Golf, sending you 3
2024-10-14 18:32:38.725271 Tango: Mike, sending you 7
2024-10-14 18:32:38.726787 Bravo: Romeo, sending you 2
2024-10-14 18:32:38.727987 Romeo: Bravo, sending you 2
2024-10-14 18:32:38.729627 Tango: Romeo and Bravo, sending you 1
2024-10-14 18:32:38.733680 Tango: Golf, sending you 4
chatterbot Romeo submitting transactions
chatterbot Bravo submitting transactions
chatterbot Uniform submitting transactions
chatterbot Zulu submitting transactions
chatterbot Tango submitting transactions
chatterbot X-ray submitting transactions
chatterbot Oscar submitting transactions
chatterbot Golf submitting transactions
chatterbot Mike submitting transactions
chatterbot Quebec submitting transactions
ChatterBot Mike round 11
ChatterBot Uniform round 11
ChatterBot X-ray round 11
ChatterBot Romeo round 11
ChatterBot Golf round 11
ChatterBot Quebec round 11
ChatterBot Zulu round 11
ChatterBot Bravo round 11
ChatterBot Tango round 11
ChatterBot Oscar round 11
2024-10-14 18:32:39.700675 Mike: Same as last round
2024-10-14 18:32:39.704682 Romeo: Mike, sending you 5
2024-10-14 18:32:39.705702 Golf: Mike, Uniform and Bravo, sending you 4
2024-10-14 18:32:39.708658 X-ray: Romeo, sending you 6
2024-10-14 18:32:39.709065 Golf: Romeo, sending you 2
2024-10-14 18:32:39.709678 Romeo: Uniform, sending you 4
2024-10-14 18:32:39.710716 Uniform: Mike and Golf, sending you 3
2024-10-14 18:32:39.713665 X-ray: Zulu, sending you 9
2024-10-14 18:32:39.714995 Romeo: Golf, sending you 3
2024-10-14 18:32:39.715652 Bravo: Mike and Golf, sending you 4
2024-10-14 18:32:39.716245 Quebec: Same as last round
2024-10-14 18:32:39.716687 Uniform: Romeo and Bravo, sending you 4
2024-10-14 18:32:39.718662 Oscar: Quebec, sending you 3
2024-10-14 18:32:39.719671 Bravo: Uniform, sending you 6
2024-10-14 18:32:39.720272 Tango: Mike, sending you 7
2024-10-14 18:32:39.720797 Romeo: Bravo, sending you 2
2024-10-14 18:32:39.721326 Zulu: Same as last round
2024-10-14 18:32:39.723675 Oscar: Tango, sending you 1
2024-10-14 18:32:39.724241 Bravo: Romeo, sending you 2
2024-10-14 18:32:39.724809 Tango: Romeo and Bravo, sending you 1
2024-10-14 18:32:39.730663 Tango: Golf, sending you 4
chatterbot Mike submitting transactions
chatterbot Tango submitting transactions
chatterbot X-ray submitting transactions
chatterbot Uniform submitting transactions
chatterbot Bravo submitting transactions
chatterbot Oscar submitting transactions
chatterbot Quebec submitting transactions
chatterbot Golf submitting transactions
chatterbot Romeo submitting transactions
chatterbot Zulu submitting transactions
ChatterBot Mike round 12
ChatterBot Uniform round 12
ChatterBot X-ray round 12
ChatterBot Romeo round 12
ChatterBot Golf round 12
ChatterBot Quebec round 12
ChatterBot Zulu round 12
ChatterBot Bravo round 12
ChatterBot Tango round 12
ChatterBot Oscar round 12
2024-10-14 18:32:40.970693 Golf: Mike, Uniform and Bravo, sending you 4
2024-10-14 18:32:40.975662 Golf: Romeo, sending you 2
2024-10-14 18:32:40.979697 Quebec: Tango, sending you 6
2024-10-14 18:32:40.980196 Uniform: Mike, Romeo and Golf, sending you 3
2024-10-14 18:32:40.981734 Mike: Same as last round
2024-10-14 18:32:40.982687 Romeo: Mike, sending you 4
2024-10-14 18:32:40.983802 Quebec: Oscar, sending you 8
2024-10-14 18:32:40.984653 X-ray: Romeo, sending you 6
2024-10-14 18:32:40.985005 Uniform: Bravo, sending you 5
2024-10-14 18:32:40.986319 Bravo: Mike and Golf, sending you 4
2024-10-14 18:32:40.986855 Zulu: Same as last round
2024-10-14 18:32:40.987104 Tango: Mike, sending you 7
2024-10-14 18:32:40.987656 Romeo: Uniform, sending you 5
2024-10-14 18:32:40.988667 X-ray: Zulu, sending you 9
2024-10-14 18:32:40.991660 Bravo: Uniform, sending you 6
2024-10-14 18:32:40.992318 Tango: Uniform and Bravo, sending you 1
2024-10-14 18:32:40.992783 Romeo: Golf, sending you 3
2024-10-14 18:32:40.993360 Oscar: Quebec, sending you 2
2024-10-14 18:32:40.994681 Bravo: Romeo, sending you 2
2024-10-14 18:32:40.996685 Tango: Golf, sending you 4
2024-10-14 18:32:40.997676 Romeo: Bravo, sending you 2
2024-10-14 18:32:40.998694 Oscar: Tango, sending you 1
chatterbot Tango submitting transactions
chatterbot Mike submitting transactions
chatterbot X-ray submitting transactions
chatterbot Romeo submitting transactions
chatterbot Oscar submitting transactions
chatterbot Zulu submitting transactions
chatterbot Uniform submitting transactions
chatterbot Quebec submitting transactions
chatterbot Bravo submitting transactions
chatterbot Golf submitting transactions
ChatterBot Mike round 13
ChatterBot Uniform round 13
ChatterBot X-ray round 13
ChatterBot Romeo round 13
ChatterBot Golf round 13
ChatterBot Quebec round 13
ChatterBot Zulu round 13
ChatterBot Bravo round 13
ChatterBot Tango round 13
ChatterBot Oscar round 13
2024-10-14 18:32:42.178666 Uniform: Mike and Golf, sending you 3
2024-10-14 18:32:42.181680 Oscar: Quebec, sending you 2
2024-10-14 18:32:42.182988 Quebec: Tango, sending you 6
2024-10-14 18:32:42.183659 Golf: Mike, Uniform and Bravo, sending you 4
2024-10-14 18:32:42.184389 Uniform: Romeo and Bravo, sending you 4
2024-10-14 18:32:42.185078 X-ray: Sending you 15
2024-10-14 18:32:42.186246 Romeo: Mike and Uniform, sending you 5
2024-10-14 18:32:42.187547 Zulu: Same as last round
2024-10-14 18:32:42.187908 Oscar: Tango, sending you 1
2024-10-14 18:32:42.189937 Tango: Mike, sending you 7
2024-10-14 18:32:42.191482 Quebec: Oscar, sending you 8
2024-10-14 18:32:42.192339 Golf: Romeo, sending you 2
2024-10-14 18:32:42.193440 Romeo: Golf, sending you 3
2024-10-14 18:32:42.195043 Tango: Uniform and Bravo, sending you 1
2024-10-14 18:32:42.196363 Mike: Same as last round
2024-10-14 18:32:42.198014 Romeo: Bravo, sending you 1
2024-10-14 18:32:42.199393 Bravo: Mike and Golf, sending you 4
2024-10-14 18:32:42.200573 Tango: Golf, sending you 4
2024-10-14 18:32:42.204671 Bravo: Uniform, sending you 6
2024-10-14 18:32:42.209661 Bravo: Romeo, sending you 2
chatterbot Quebec submitting transactions
chatterbot X-ray submitting transactions
chatterbot Bravo submitting transactions
chatterbot Zulu submitting transactions
chatterbot Uniform submitting transactions
chatterbot Romeo submitting transactions
chatterbot Tango submitting transactions
chatterbot Mike submitting transactions
chatterbot Golf submitting transactions
chatterbot Oscar submitting transactions
ChatterBot Mike round 14
ChatterBot Uniform round 14
ChatterBot X-ray round 14
ChatterBot Romeo round 14
ChatterBot Golf round 14
ChatterBot Quebec round 14
ChatterBot Zulu round 14
ChatterBot Bravo round 14
ChatterBot Tango round 14
ChatterBot Oscar round 14
2024-10-14 18:32:43.435694 Quebec: Tango, sending you 6
2024-10-14 18:32:43.437678 Romeo: Mike, sending you 4
2024-10-14 18:32:43.440003 Uniform: Mike and Golf, sending you 3
2024-10-14 18:32:43.441029 Golf: Mike, Uniform and Bravo, sending you 4
2024-10-14 18:32:43.442237 Quebec: Oscar, sending you 8
2024-10-14 18:32:43.442677 Romeo: Uniform, sending you 5
2024-10-14 18:32:43.444677 X-ray: Same as last round
2024-10-14 18:32:43.445288 Uniform: Romeo and Bravo, sending you 4
2024-10-14 18:32:43.446498 Golf: Romeo, sending you 2
2024-10-14 18:32:43.449987 Tango: Mike, sending you 7
2024-10-14 18:32:43.451694 Mike: Same as last round
2024-10-14 18:32:43.453246 Zulu: Same as last round
2024-10-14 18:32:43.453837 Romeo: Golf, sending you 3
2024-10-14 18:32:43.456011 Bravo: Mike and Golf, sending you 4
2024-10-14 18:32:43.458509 Tango: Uniform and Bravo, sending you 1
2024-10-14 18:32:43.459734 Romeo: Bravo, sending you 2
2024-10-14 18:32:43.462100 Oscar: Quebec, sending you 2
2024-10-14 18:32:43.464127 Bravo: Uniform, sending you 6
2024-10-14 18:32:43.466559 Tango: Golf, sending you 4
2024-10-14 18:32:43.469671 Bravo: Romeo, sending you 2
chatterbot X-ray submitting transactions
chatterbot Romeo submitting transactions
chatterbot Mike submitting transactions
chatterbot Zulu submitting transactions
chatterbot Oscar submitting transactions
chatterbot Golf submitting transactions
chatterbot Bravo submitting transactions
chatterbot Quebec submitting transactions
chatterbot Uniform submitting transactions
chatterbot Tango submitting transactions
ChatterBot Mike round 15
ChatterBot Uniform round 15
ChatterBot X-ray round 15
ChatterBot Romeo round 15
ChatterBot Golf round 15
