ChatterBot Victor round 1
ChatterBot Whiskey round 1
ChatterBot Charlie round 1
ChatterBot November round 1
ChatterBot Lima round 1
ChatterBot Romeo round 1
ChatterBot Hotel round 1
ChatterBot Mike round 1
ChatterBot Tango round 1
ChatterBot Golf round 1
randomSelections Whiskey: {Whiskey, Victor, Romeo, Charlie} 
2024-10-14 18:32:23.986838 Whiskey: Friends?
ChatterBot Victor reevaluating
ChatterBot Romeo reevaluating
ChatterBot Charlie reevaluating
2024-10-14 18:32:23.997212 Victor: Yes
2024-10-14 18:32:23.997440 Romeo: Yes
2024-10-14 18:32:23.997602 Charlie: Yes
ChatterBot Romeo reevaluating
ChatterBot Charlie reevaluating
ChatterBot Victor reevaluating
ChatterBot Charlie reevaluating
ChatterBot Victor reevaluating
ChatterBot Romeo reevaluating
randomSelections November: {November, Whiskey, Lima, Tango, Golf, Charlie} 
2024-10-14 18:32:24.020078 November: We should group up
ChatterBot Lima reevaluating
ChatterBot Tango reevaluating
ChatterBot Golf reevaluating
ChatterBot Charlie reevaluating
2024-10-14 18:32:24.031398 Whiskey: No
2024-10-14 18:32:24.031687 Lima: Yes
2024-10-14 18:32:24.031860 Tango: Yes
2024-10-14 18:32:24.032012 Golf: Yes
2024-10-14 18:32:24.032154 Charlie: No
ChatterBot Lima reevaluating
ChatterBot Tango reevaluating
ChatterBot Golf reevaluating
ChatterBot Charlie reevaluating
ChatterBot Tango reevaluating
ChatterBot Golf reevaluating
ChatterBot Charlie reevaluating
ChatterBot Lima reevaluating
ChatterBot Golf reevaluating
ChatterBot Charlie reevaluating
ChatterBot Lima reevaluating
ChatterBot Tango reevaluating
ChatterBot Charlie reevaluating
ChatterBot Lima reevaluating
ChatterBot Tango reevaluating
ChatterBot Golf reevaluating
randomSelections Hotel: {Hotel, Lima, Romeo, November, Charlie, Tango} 
2024-10-14 18:32:24.086193 Hotel: Let's form a team
ChatterBot Lima reevaluating
ChatterBot Romeo reevaluating
ChatterBot Charlie reevaluating
ChatterBot Tango reevaluating
2024-10-14 18:32:24.096944 Lima: No
2024-10-14 18:32:24.097685 Romeo: No
2024-10-14 18:32:24.097891 November: No
2024-10-14 18:32:24.098051 Charlie: No
2024-10-14 18:32:24.098298 Tango: No
ChatterBot Romeo reevaluating
ChatterBot Charlie reevaluating
ChatterBot Tango reevaluating
ChatterBot Lima reevaluating
ChatterBot Charlie reevaluating
ChatterBot Tango reevaluating
ChatterBot Lima reevaluating
ChatterBot Romeo reevaluating
ChatterBot Charlie reevaluating
ChatterBot Tango reevaluating
ChatterBot Lima reevaluating
ChatterBot Romeo reevaluating
ChatterBot Tango reevaluating
ChatterBot Lima reevaluating
ChatterBot Romeo reevaluating
ChatterBot Charlie reevaluating
randomSelections Mike: {Mike, Victor, Romeo, Charlie, Golf, Whiskey} 
2024-10-14 18:32:24.213904 Mike: Group up?
ChatterBot Victor reevaluating
ChatterBot Romeo reevaluating
ChatterBot Charlie reevaluating
ChatterBot Golf reevaluating
2024-10-14 18:32:24.224460 Victor: No
2024-10-14 18:32:24.224861 Romeo: No
2024-10-14 18:32:24.225751 Charlie: No
2024-10-14 18:32:24.226157 Golf: No
2024-10-14 18:32:24.226400 Whiskey: No
ChatterBot Romeo reevaluating
ChatterBot Charlie reevaluating
ChatterBot Golf reevaluating
ChatterBot Victor reevaluating
ChatterBot Charlie reevaluating
ChatterBot Golf reevaluating
ChatterBot Victor reevaluating
ChatterBot Romeo reevaluating
ChatterBot Golf reevaluating
ChatterBot Victor reevaluating
ChatterBot Romeo reevaluating
ChatterBot Charlie reevaluating
ChatterBot Victor reevaluating
ChatterBot Romeo reevaluating
ChatterBot Charlie reevaluating
ChatterBot Golf reevaluating
2024-10-14 18:32:24.283814 Charlie: Victor, Whiskey and Romeo, sending you 1
2024-10-14 18:32:24.284699 November: Whiskey and Lima, sending you 1
2024-10-14 18:32:24.286670 Hotel: Charlie, November and Lima, sending you 2
2024-10-14 18:32:24.288679 Lima: Whiskey, Charlie and Tango, sending you 2
2024-10-14 18:32:24.290537 November: Charlie, sending you 3
2024-10-14 18:32:24.291362 Whiskey: Victor, sending you 7
2024-10-14 18:32:24.293032 Mike: Victor, sending you 1
2024-10-14 18:32:24.294166 Victor: Whiskey, sending you 7
2024-10-14 18:32:24.295466 Tango: Whiskey, sending you 5
2024-10-14 18:32:24.296315 Hotel: Romeo, sending you 1
2024-10-14 18:32:24.297637 Lima: November, sending you 5
2024-10-14 18:32:24.298599 November: Tango and Golf, sending you 2
2024-10-14 18:32:24.299982 Whiskey: Charlie, sending you 4
2024-10-14 18:32:24.300579 Romeo: Victor, sending you 3
2024-10-14 18:32:24.302209 Victor: Charlie, sending you 3
2024-10-14 18:32:24.303073 Mike: Whiskey, sending you 5
2024-10-14 18:32:24.304733 Tango: Charlie, November and Golf, sending you 3
2024-10-14 18:32:24.305365 Golf: Whiskey, sending you 3
2024-10-14 18:32:24.306712 Hotel: Tango, sending you 4
2024-10-14 18:32:24.308567 Lima: Golf, sending you 3
2024-10-14 18:32:24.309392 Whiskey: Romeo, sending you 3
2024-10-14 18:32:24.310996 Romeo: Whiskey, sending you 7
2024-10-14 18:32:24.311555 Victor: Romeo, sending you 8
2024-10-14 18:32:24.312091 Tango: Lima, sending you 2
2024-10-14 18:32:24.313448 Mike: Charlie, Romeo and Golf, sending you 4
2024-10-14 18:32:24.314020 Golf: Charlie and Lima, sending you 1
2024-10-14 18:32:24.315673 Romeo: Charlie, sending you 5
2024-10-14 18:32:24.318 Golf: November, sending you 5
2024-10-14 18:32:24.325030 Golf: Tango, sending you 6
chatterbot Lima submitting transactions
chatterbot Romeo submitting transactions
chatterbot Whiskey submitting transactions
chatterbot Mike submitting transactions
chatterbot November submitting transactions
chatterbot Hotel submitting transactions
chatterbot Tango submitting transactions
chatterbot Victor submitting transactions
chatterbot Charlie submitting transactions
chatterbot Golf submitting transactions
ChatterBot Victor round 2
ChatterBot Whiskey round 2
ChatterBot Charlie round 2
2024-10-14 18:32:25.308359 Whiskey: We should replace Charlie with Mike
ChatterBot Victor reevaluating
ChatterBot Romeo reevaluating
2024-10-14 18:32:25.320781 Victor: No
2024-10-14 18:32:25.321343 Romeo: No
ChatterBot Romeo reevaluating
ChatterBot Victor reevaluating
ChatterBot November round 2
ChatterBot Lima round 2
ChatterBot Romeo round 2
ChatterBot Hotel round 2
ChatterBot Mike round 2
ChatterBot Tango round 2
ChatterBot Golf round 2
2024-10-14 18:32:25.347084 Charlie: Group up?
ChatterBot Victor reevaluating
ChatterBot Romeo reevaluating
ChatterBot Mike reevaluating
ChatterBot November reevaluating
ChatterBot Lima reevaluating
ChatterBot Hotel reevaluating
ChatterBot Tango reevaluating
ChatterBot Golf reevaluating
2024-10-14 18:32:25.369375 Victor: No
2024-10-14 18:32:25.369540 Whiskey: No
2024-10-14 18:32:25.369700 Romeo: No
2024-10-14 18:32:25.369842 Mike: No
2024-10-14 18:32:25.369961 November: No
2024-10-14 18:32:25.370071 Lima: No
2024-10-14 18:32:25.370168 Hotel: No
2024-10-14 18:32:25.370265 Tango: No
2024-10-14 18:32:25.370364 Golf: No
ChatterBot Whiskey reevaluating
ChatterBot Romeo reevaluating
ChatterBot Mike reevaluating
ChatterBot November reevaluating
ChatterBot Lima reevaluating
ChatterBot Hotel reevaluating
ChatterBot Tango reevaluating
ChatterBot Golf reevaluating
ChatterBot Victor reevaluating
ChatterBot Romeo reevaluating
ChatterBot Mike reevaluating
ChatterBot November reevaluating
ChatterBot Lima reevaluating
ChatterBot Hotel reevaluating
ChatterBot Tango reevaluating
ChatterBot Golf reevaluating
ChatterBot Victor reevaluating
ChatterBot Whiskey reevaluating
ChatterBot Mike reevaluating
ChatterBot November reevaluating
ChatterBot Lima reevaluating
ChatterBot Hotel reevaluating
ChatterBot Tango reevaluating
ChatterBot Golf reevaluating
ChatterBot Victor reevaluating
ChatterBot Whiskey reevaluating
ChatterBot Romeo reevaluating
ChatterBot November reevaluating
ChatterBot Lima reevaluating
ChatterBot Hotel reevaluating
ChatterBot Tango reevaluating
ChatterBot Golf reevaluating
ChatterBot Victor reevaluating
ChatterBot Whiskey reevaluating
ChatterBot Romeo reevaluating
ChatterBot Mike reevaluating
ChatterBot Lima reevaluating
ChatterBot Hotel reevaluating
ChatterBot Tango reevaluating
ChatterBot Golf reevaluating
ChatterBot Victor reevaluating
ChatterBot Whiskey reevaluating
ChatterBot Romeo reevaluating
ChatterBot Mike reevaluating
ChatterBot November reevaluating
ChatterBot Hotel reevaluating
ChatterBot Tango reevaluating
ChatterBot Golf reevaluating
ChatterBot Victor reevaluating
ChatterBot Whiskey reevaluating
ChatterBot Romeo reevaluating
ChatterBot Mike reevaluating
ChatterBot November reevaluating
ChatterBot Lima reevaluating
ChatterBot Tango reevaluating
ChatterBot Golf reevaluating
ChatterBot Victor reevaluating
ChatterBot Whiskey reevaluating
ChatterBot Romeo reevaluating
ChatterBot Mike reevaluating
ChatterBot November reevaluating
ChatterBot Lima reevaluating
ChatterBot Hotel reevaluating
ChatterBot Golf reevaluating
ChatterBot Victor reevaluating
ChatterBot Whiskey reevaluating
ChatterBot Romeo reevaluating
ChatterBot Mike reevaluating
ChatterBot November reevaluating
ChatterBot Lima reevaluating
ChatterBot Hotel reevaluating
ChatterBot Tango reevaluating
2024-10-14 18:32:25.690081 Whiskey: We should add Mike
ChatterBot Victor reevaluating
ChatterBot Romeo reevaluating
2024-10-14 18:32:25.706824 Victor: Yes
2024-10-14 18:32:25.707048 Romeo: Yes
2024-10-14 18:32:25.707212 Charlie: Yes
ChatterBot Whiskey reevaluating
ChatterBot Romeo reevaluating
ChatterBot Whiskey reevaluating
ChatterBot Victor reevaluating
ChatterBot Whiskey reevaluating
ChatterBot Victor reevaluating
ChatterBot Romeo reevaluating
2024-10-14 18:32:25.769300 Romeo: We should add Mike and Hotel
ChatterBot Whiskey reevaluating
ChatterBot Victor reevaluating
2024-10-14 18:32:25.786055 Whiskey: No
2024-10-14 18:32:25.786318 Victor: No
2024-10-14 18:32:25.786477 Charlie: Yes
ChatterBot Victor reevaluating
ChatterBot Romeo reevaluating
ChatterBot Whiskey reevaluating
ChatterBot Romeo reevaluating
ChatterBot Whiskey reevaluating
ChatterBot Victor reevaluating
ChatterBot Romeo reevaluating
2024-10-14 18:32:25.869727 Golf: We should replace Whiskey with Hotel
ChatterBot November reevaluating
ChatterBot Lima reevaluating
ChatterBot Tango reevaluating
2024-10-14 18:32:25.883672 November: Yes
2024-10-14 18:32:25.883880 Lima: Yes
2024-10-14 18:32:25.884001 Tango: Yes
2024-10-14 18:32:25.884107 Charlie: No
ChatterBot Golf reevaluating
ChatterBot Lima reevaluating
ChatterBot Tango reevaluating
ChatterBot Golf reevaluating
ChatterBot November reevaluating
ChatterBot Tango reevaluating
ChatterBot Golf reevaluating
ChatterBot November reevaluating
ChatterBot Lima reevaluating
ChatterBot Golf reevaluating
ChatterBot November reevaluating
ChatterBot Lima reevaluating
ChatterBot Tango reevaluating
2024-10-14 18:32:25.950850 Victor: Mike we want you to join our group
2024-10-14 18:32:25.956278 Mike: Yes
ChatterBot Whiskey reevaluating
2024-10-14 18:32:25.977335 Romeo: Mike and Hotel we want you to join our group
ChatterBot Mike reevaluating
2024-10-14 18:32:25.988076 Hotel: Yes
2024-10-14 18:32:25.988282 Mike: Yes
ChatterBot Whiskey reevaluating
ChatterBot Mike reevaluating
ChatterBot Whiskey reevaluating
2024-10-14 18:32:26.041506 Mike: We should replace Golf with Hotel
ChatterBot Whiskey reevaluating
2024-10-14 18:32:26.061934 Victor: No
2024-10-14 18:32:26.062152 Whiskey: No
2024-10-14 18:32:26.062793 Charlie: No
2024-10-14 18:32:26.062943 Romeo: Yes
ChatterBot Whiskey reevaluating
ChatterBot Mike reevaluating
ChatterBot Mike reevaluating
ChatterBot Whiskey reevaluating
ChatterBot Mike reevaluating
ChatterBot Whiskey reevaluating
ChatterBot Mike reevaluating
2024-10-14 18:32:26.124751 Tango: Hotel we want you to join our group
2024-10-14 18:32:26.128674 Hotel: No
ChatterBot Tango reevaluating
ChatterBot November reevaluating
2024-10-14 18:32:26.146688 Golf: We should drop Whiskey and Charlie
ChatterBot November reevaluating
2024-10-14 18:32:26.156574 November: No
2024-10-14 18:32:26.157182 Lima: Yes
2024-10-14 18:32:26.157301 Tango: No
ChatterBot November reevaluating
ChatterBot November reevaluating
chatterbot Charlie submitting transactions
2024-10-14 18:32:26.188908 Mike: Hotel we want you to join our group
2024-10-14 18:32:26.192797 Hotel: Yes
2024-10-14 18:32:26.218392 Whiskey: Mike we want you to join our group
2024-10-14 18:32:26.224774 Mike: Yes
2024-10-14 18:32:26.238089 Charlie: Whiskey and November, sending you 1
2024-10-14 18:32:26.937673 Hotel: Victor, sending you 3
2024-10-14 18:32:26.938517 Romeo: Victor, sending you 5
2024-10-14 18:32:26.938890 Victor: Whiskey, sending you 7
chatterbot Golf submitting transactions
chatterbot Romeo submitting transactions
chatterbot Lima submitting transactions
chatterbot Victor submitting transactions
2024-10-14 18:32:27.573113 Hotel: Whiskey, Charlie, Romeo and Mike, sending you 2
2024-10-14 18:32:27.574003 Victor: Charlie and Mike, sending you 3
2024-10-14 18:32:27.574297 Lima: November and Golf, sending you 3
2024-10-14 18:32:27.574597 Golf: November, sending you 5
2024-10-14 18:32:27.575254 Whiskey: Victor and Romeo, sending you 5
2024-10-14 18:32:27.575548 Romeo: Whiskey and Mike, sending you 3
2024-10-14 18:32:27.575828 Mike: Victor, Whiskey, Charlie and Romeo, sending you 4
chatterbot Hotel submitting transactions
chatterbot Whiskey submitting transactions
2024-10-14 18:32:27.576696 Lima: Hotel and Tango, sending you 4
2024-10-14 18:32:27.895176 Victor: Romeo, sending you 5
2024-10-14 18:32:27.895891 Whiskey: Mike, sending you 4
2024-10-14 18:32:27.896872 Romeo: Charlie and Hotel, sending you 2
2024-10-14 18:32:27.897577 Mike: Hotel, sending you 2
2024-10-14 18:32:27.898516 Golf: Lima and Tango, sending you 6
2024-10-14 18:32:27.899023 Tango: Charlie, sending you 1
chatterbot November submitting transactions
chatterbot Tango submitting transactions
chatterbot Mike submitting transactions
2024-10-14 18:32:27.915364 Romeo: Victor did not give me 8 like they said
ChatterBot Hotel reevaluating
ChatterBot Victor reevaluating
ChatterBot Whiskey reevaluating
ChatterBot Charlie reevaluating
ChatterBot Mike reevaluating
2024-10-14 18:32:27.938571 Romeo: Charlie did not give me 1 like they said
ChatterBot Hotel reevaluating
ChatterBot Victor reevaluating
ChatterBot Whiskey reevaluating
ChatterBot Charlie reevaluating
ChatterBot Mike reevaluating
2024-10-14 18:32:27.958825 Hotel: Let's form a team
ChatterBot Charlie reevaluating
ChatterBot Victor reevaluating
ChatterBot Whiskey reevaluating
ChatterBot Mike reevaluating
ChatterBot Golf reevaluating
2024-10-14 18:32:27.990824 Charlie: Yes
2024-10-14 18:32:27.991047 Victor: No
2024-10-14 18:32:27.992189 Whiskey: No
2024-10-14 18:32:27.992353 Romeo: No
2024-10-14 18:32:27.992514 Mike: No
2024-10-14 18:32:27.992697 November: No
2024-10-14 18:32:27.992923 Lima: No
2024-10-14 18:32:27.993088 Tango: No
2024-10-14 18:32:27.993696 Golf: No
ChatterBot Victor reevaluating
ChatterBot Whiskey reevaluating
ChatterBot Mike reevaluating
ChatterBot Hotel reevaluating
ChatterBot Golf reevaluating
ChatterBot Charlie reevaluating
ChatterBot Whiskey reevaluating
ChatterBot Mike reevaluating
ChatterBot Hotel reevaluating
ChatterBot Golf reevaluating
ChatterBot Charlie reevaluating
ChatterBot Victor reevaluating
ChatterBot Mike reevaluating
ChatterBot Hotel reevaluating
ChatterBot Golf reevaluating
ChatterBot Charlie reevaluating
ChatterBot Victor reevaluating
ChatterBot Whiskey reevaluating
ChatterBot Mike reevaluating
ChatterBot Hotel reevaluating
ChatterBot Tango reevaluating
ChatterBot Golf reevaluating
ChatterBot Charlie reevaluating
ChatterBot Victor reevaluating
ChatterBot Whiskey reevaluating
ChatterBot Hotel reevaluating
ChatterBot Tango reevaluating
ChatterBot Golf reevaluating
ChatterBot Charlie reevaluating
ChatterBot Victor reevaluating
ChatterBot Whiskey reevaluating
ChatterBot Mike reevaluating
ChatterBot Hotel reevaluating
ChatterBot Tango reevaluating
ChatterBot Golf reevaluating
ChatterBot Charlie reevaluating
ChatterBot Victor reevaluating
ChatterBot Whiskey reevaluating
ChatterBot Mike reevaluating
ChatterBot Hotel reevaluating
ChatterBot Tango reevaluating
ChatterBot Golf reevaluating
ChatterBot Charlie reevaluating
ChatterBot Victor reevaluating
ChatterBot Whiskey reevaluating
ChatterBot Mike reevaluating
ChatterBot Hotel reevaluating
ChatterBot Golf reevaluating
ChatterBot Charlie reevaluating
ChatterBot Victor reevaluating
ChatterBot Whiskey reevaluating
ChatterBot Mike reevaluating
ChatterBot Hotel reevaluating
ChatterBot Tango reevaluating
2024-10-14 18:32:28.442934 Golf: We should add Hotel and Mike
ChatterBot Tango reevaluating
2024-10-14 18:32:28.456363 November: No
2024-10-14 18:32:28.457207 Lima: No
2024-10-14 18:32:28.457478 Tango: Yes
ChatterBot Golf reevaluating
ChatterBot Tango reevaluating
ChatterBot Golf reevaluating
ChatterBot Tango reevaluating
ChatterBot Golf reevaluating
ChatterBot Victor round 3
ChatterBot Whiskey round 3
ChatterBot Charlie round 3
ChatterBot November round 3
ChatterBot Lima round 3
ChatterBot Romeo round 3
ChatterBot Hotel round 3
ChatterBot Mike round 3
ChatterBot Tango round 3
ChatterBot Golf round 3
2024-10-14 18:32:28.502332 Golf: We should add Hotel and Charlie
ChatterBot Tango reevaluating
2024-10-14 18:32:28.514600 November: Yes
2024-10-14 18:32:28.514866 Lima: No
2024-10-14 18:32:28.515167 Tango: Yes
ChatterBot Tango reevaluating
ChatterBot Tango reevaluating
2024-10-14 18:32:28.554549 Whiskey: We should add Hotel
ChatterBot Victor reevaluating
ChatterBot Romeo reevaluating
ChatterBot Mike reevaluating
2024-10-14 18:32:28.570028 Victor: Yes
2024-10-14 18:32:28.573965 Romeo: Yes
2024-10-14 18:32:28.574834 Mike: Yes
ChatterBot Romeo reevaluating
ChatterBot Mike reevaluating
ChatterBot Victor reevaluating
ChatterBot Mike reevaluating
ChatterBot Victor reevaluating
ChatterBot Romeo reevaluating
2024-10-14 18:32:28.622941 November: We should replace Whiskey with Hotel
ChatterBot Tango reevaluating
ChatterBot Charlie reevaluating
2024-10-14 18:32:28.640894 Golf: Yes
2024-10-14 18:32:28.641129 Lima: Yes
2024-10-14 18:32:28.641289 Tango: Yes
2024-10-14 18:32:28.641449 Charlie: Yes
ChatterBot Tango reevaluating
ChatterBot Charlie reevaluating
ChatterBot Tango reevaluating
ChatterBot Charlie reevaluating
ChatterBot Charlie reevaluating
ChatterBot Golf reevaluating
ChatterBot Tango reevaluating
2024-10-14 18:32:28.716943 Golf: We should add Hotel
ChatterBot Tango reevaluating
2024-10-14 18:32:28.730700 November: Yes
2024-10-14 18:32:28.730894 Lima: Yes
2024-10-14 18:32:28.731006 Tango: Yes
ChatterBot Golf reevaluating
ChatterBot Tango reevaluating
ChatterBot Golf reevaluating
ChatterBot Tango reevaluating
ChatterBot Golf reevaluating
2024-10-14 18:32:28.797543 Whiskey: Hotel we want you to join our group
ChatterBot Hotel reevaluating
2024-10-14 18:32:28.802462 Hotel: Yes
ChatterBot Victor reevaluating
ChatterBot Romeo reevaluating
ChatterBot Mike reevaluating
2024-10-14 18:32:28.823905 Victor: We should replace Charlie with Hotel
ChatterBot Romeo reevaluating
ChatterBot Mike reevaluating
2024-10-14 18:32:28.840897 Whiskey: Yes
2024-10-14 18:32:28.841062 Romeo: Yes
2024-10-14 18:32:28.841225 Mike: Yes
ChatterBot Victor reevaluating
ChatterBot Romeo reevaluating
ChatterBot Mike reevaluating
ChatterBot Victor reevaluating
ChatterBot Mike reevaluating
ChatterBot Victor reevaluating
ChatterBot Romeo reevaluating
2024-10-14 18:32:28.887393 November: Hotel we want you to join our group
ChatterBot Hotel reevaluating
2024-10-14 18:32:28.893680 Hotel: No
ChatterBot Golf reevaluating
ChatterBot Charlie reevaluating
2024-10-14 18:32:28.918955 Romeo: We should drop Charlie
ChatterBot Victor reevaluating
ChatterBot Hotel reevaluating
2024-10-14 18:32:28.944928 Whiskey: Yes
2024-10-14 18:32:28.945178 Victor: Yes
2024-10-14 18:32:28.945397 Mike: Yes
2024-10-14 18:32:28.945572 Hotel: Yes
ChatterBot Victor reevaluating
ChatterBot Hotel reevaluating
ChatterBot Hotel reevaluating
ChatterBot Victor reevaluating
ChatterBot Hotel reevaluating
ChatterBot Victor reevaluating
2024-10-14 18:32:29.099515 Golf: Hotel we want you to join our group
ChatterBot Hotel reevaluating
2024-10-14 18:32:29.108665 Hotel: Yes
2024-10-14 18:32:29.135882 Victor: Hotel we want you to join our group
ChatterBot Hotel reevaluating
2024-10-14 18:32:29.144592 Hotel: No
ChatterBot Victor reevaluating
2024-10-14 18:32:29.173427 Whiskey: Victor, sending you 5
2024-10-14 18:32:29.174997 Lima: November, Tango and Golf, sending you 4
2024-10-14 18:32:29.175946 November: Charlie and Hotel, sending you 2
chatterbot Tango submitting transactions
2024-10-14 18:32:29.265551 Whiskey: Romeo, sending you 4
2024-10-14 18:32:29.266103 Lima: Hotel, sending you 2
2024-10-14 18:32:29.266583 Romeo: Victor, Whiskey and Mike, sending you 4
chatterbot Whiskey submitting transactions
2024-10-14 18:32:29.267800 November: Lima and Tango, sending you 3
2024-10-14 18:32:29.293557 Golf: November, sending you 4
2024-10-14 18:32:29.294044 Whiskey: Hotel, sending you 2
2024-10-14 18:32:29.294431 Mike: Victor, Romeo and Hotel, sending you 4
2024-10-14 18:32:29.295378 Romeo: Hotel, sending you 3
2024-10-14 18:32:29.295792 November: Golf, sending you 4
chatterbot November submitting transactions
2024-10-14 18:32:29.296794 Golf: Lima and Tango, sending you 5
2024-10-14 18:32:29.337386 Mike: Whiskey, sending you 6
2024-10-14 18:32:29.338197 Whiskey: Mike, sending you 3
2024-10-14 18:32:29.339757 Hotel: November and Mike, sending you 2
2024-10-14 18:32:29.340316 Golf: Hotel, sending you 3
chatterbot Golf submitting transactions
2024-10-14 18:32:29.353107 Hotel: Lima and Tango, sending you 3
2024-10-14 18:32:29.354841 Victor: Whiskey, sending you 6
2024-10-14 18:32:29.372573 Hotel: Golf, sending you 1
2024-10-14 18:32:29.374183 Victor: Romeo, sending you 5
2024-10-14 18:32:29.379170 Victor: Hotel, sending you 3
2024-10-14 18:32:29.384818 Victor: Mike, sending you 4
chatterbot Victor submitting transactions
chatterbot Charlie submitting transactions
chatterbot Mike submitting transactions
chatterbot Lima submitting transactions
chatterbot Hotel submitting transactions
chatterbot Romeo submitting transactions
ChatterBot Victor round 4
ChatterBot Whiskey round 4
ChatterBot Charlie round 4
ChatterBot November round 4
ChatterBot Lima round 4
ChatterBot Romeo round 4
ChatterBot Hotel round 4
ChatterBot Mike round 4
ChatterBot Tango round 4
ChatterBot Golf round 4
2024-10-14 18:32:30.145651 Victor: We should drop Hotel
ChatterBot Whiskey reevaluating
2024-10-14 18:32:30.158674 Whiskey: Yes
2024-10-14 18:32:30.158824 Romeo: No
2024-10-14 18:32:30.158930 Mike: No
ChatterBot Victor reevaluating
ChatterBot Whiskey reevaluating
ChatterBot Victor reevaluating
ChatterBot Whiskey reevaluating
ChatterBot Victor reevaluating
2024-10-14 18:32:31.227069 November: Charlie and Hotel, sending you 2
2024-10-14 18:32:31.229447 Romeo: Victor, Whiskey and Mike, sending you 4
2024-10-14 18:32:31.231222 Hotel: Victor and Whiskey, sending you 2
2024-10-14 18:32:31.232731 Mike: Victor, Whiskey and Romeo, sending you 5
2024-10-14 18:32:31.234341 Lima: November and Golf, sending you 4
2024-10-14 18:32:31.235620 November: Lima and Tango, sending you 3
2024-10-14 18:32:31.237372 Romeo: Hotel, sending you 3
2024-10-14 18:32:31.238723 Hotel: Romeo, sending you 4
2024-10-14 18:32:31.240335 Golf: November and Tango, sending you 5
2024-10-14 18:32:31.241231 Mike: Hotel, sending you 3
2024-10-14 18:32:31.242367 Lima: Hotel and Tango, sending you 3
2024-10-14 18:32:31.243911 November: Golf, sending you 4
2024-10-14 18:32:31.245273 Hotel: Mike, sending you 3
2024-10-14 18:32:31.246009 Golf: Lima, sending you 4
2024-10-14 18:32:31.288452 Golf: Hotel, sending you 3
chatterbot November submitting transactions
chatterbot Charlie submitting transactions
chatterbot Whiskey submitting transactions
chatterbot Hotel submitting transactions
chatterbot Mike submitting transactions
chatterbot Lima submitting transactions
chatterbot Romeo submitting transactions
chatterbot Golf submitting transactions
chatterbot Victor submitting transactions
chatterbot Tango submitting transactions
ChatterBot Victor round 5
ChatterBot Whiskey round 5
ChatterBot Charlie round 5
ChatterBot November round 5
ChatterBot Lima round 5
ChatterBot Romeo round 5
ChatterBot Hotel round 5
ChatterBot Mike round 5
ChatterBot Tango round 5
2024-10-14 18:32:32.271800 Romeo: We should add Charlie
ChatterBot Whiskey reevaluating
ChatterBot Victor reevaluating
ChatterBot Mike reevaluating
ChatterBot Hotel reevaluating
2024-10-14 18:32:32.300279 Whiskey: No
2024-10-14 18:32:32.300477 Victor: No
2024-10-14 18:32:32.300670 Mike: No
2024-10-14 18:32:32.300843 Hotel: No
ChatterBot Victor reevaluating
ChatterBot Mike reevaluating
ChatterBot Hotel reevaluating
ChatterBot Whiskey reevaluating
ChatterBot Mike reevaluating
ChatterBot Hotel reevaluating
ChatterBot Whiskey reevaluating
ChatterBot Victor reevaluating
ChatterBot Hotel reevaluating
ChatterBot Whiskey reevaluating
ChatterBot Victor reevaluating
ChatterBot Romeo reevaluating
ChatterBot Mike reevaluating
ChatterBot Golf round 5
2024-10-14 18:32:32.394197 November: We should drop Charlie
ChatterBot Hotel reevaluating
ChatterBot Tango reevaluating
ChatterBot Golf reevaluating
2024-10-14 18:32:32.405624 Lima: Yes
2024-10-14 18:32:32.405765 Hotel: Yes
2024-10-14 18:32:32.405864 Tango: Yes
2024-10-14 18:32:32.405977 Golf: Yes
ChatterBot Hotel reevaluating
ChatterBot Tango reevaluating
ChatterBot Golf reevaluating
ChatterBot Tango reevaluating
ChatterBot Golf reevaluating
ChatterBot Hotel reevaluating
ChatterBot Golf reevaluating
ChatterBot Hotel reevaluating
ChatterBot Tango reevaluating
2024-10-14 18:32:32.460202 Romeo: We should add Lima
ChatterBot Whiskey reevaluating
ChatterBot Victor reevaluating
ChatterBot Mike reevaluating
ChatterBot Hotel reevaluating
2024-10-14 18:32:32.473401 Whiskey: No
2024-10-14 18:32:32.473833 Victor: No
2024-10-14 18:32:32.473965 Mike: No
2024-10-14 18:32:32.474080 Hotel: No
ChatterBot Victor reevaluating
ChatterBot Romeo reevaluating
ChatterBot Mike reevaluating
ChatterBot Hotel reevaluating
ChatterBot Whiskey reevaluating
ChatterBot Romeo reevaluating
ChatterBot Mike reevaluating
ChatterBot Hotel reevaluating
ChatterBot Whiskey reevaluating
ChatterBot Victor reevaluating
ChatterBot Romeo reevaluating
ChatterBot Hotel reevaluating
ChatterBot Whiskey reevaluating
ChatterBot Victor reevaluating
ChatterBot Romeo reevaluating
ChatterBot Mike reevaluating
2024-10-14 18:32:32.528456 Charlie: We should drop Hotel
ChatterBot Golf reevaluating
ChatterBot Tango reevaluating
2024-10-14 18:32:32.539486 Golf: No
2024-10-14 18:32:32.539601 November: No
2024-10-14 18:32:32.539756 Lima: No
2024-10-14 18:32:32.539848 Tango: No
ChatterBot Tango reevaluating
ChatterBot Golf reevaluating
ChatterBot Tango reevaluating
ChatterBot Golf reevaluating
ChatterBot Tango reevaluating
ChatterBot Charlie reevaluating
ChatterBot Golf reevaluating
ChatterBot Charlie reevaluating
2024-10-14 18:32:32.582366 Whiskey: We should drop Hotel
ChatterBot Romeo reevaluating
2024-10-14 18:32:32.590110 Victor: No
2024-10-14 18:32:32.590249 Romeo: No
2024-10-14 18:32:32.590350 Mike: No
ChatterBot Whiskey reevaluating
ChatterBot Romeo reevaluating
ChatterBot Whiskey reevaluating
ChatterBot Whiskey reevaluating
ChatterBot Romeo reevaluating
2024-10-14 18:32:32.614102 Lima: November, Tango and Golf, sending you 4
chatterbot Lima submitting transactions
2024-10-14 18:32:32.617675 Victor: Whiskey, sending you 6
2024-10-14 18:32:32.618666 Lima: Hotel, sending you 2
2024-10-14 18:32:32.619705 November: Lima and Golf, sending you 4
2024-10-14 18:32:32.621679 Romeo: Charlie we want you to join our group
ChatterBot Charlie reevaluating
2024-10-14 18:32:32.625364 Charlie: Yes
ChatterBot Whiskey reevaluating
2024-10-14 18:32:32.641806 Victor: Romeo, sending you 5
2024-10-14 18:32:32.642278 November: Hotel and Tango, sending you 3
2024-10-14 18:32:32.644681 Victor: Hotel, sending you 3
2024-10-14 18:32:32.645094 Hotel: Victor and Whiskey, sending you 2
2024-10-14 18:32:32.645688 Golf: November, Lima and Tango, sending you 3
2024-10-14 18:32:32.646675 Mike: Victor, Whiskey and Romeo, sending you 5
2024-10-14 18:32:32.647670 Hotel: Romeo, sending you 4
2024-10-14 18:32:32.648680 Golf: Hotel, sending you 1
2024-10-14 18:32:32.649697 Victor: Mike, sending you 4
2024-10-14 18:32:32.651190 Mike: Hotel, sending you 3
2024-10-14 18:32:32.652662 Hotel: Mike, sending you 3
2024-10-14 18:32:32.661296 Romeo: Victor, sending you 4
2024-10-14 18:32:32.661914 Charlie: Whiskey, sending you 1
2024-10-14 18:32:32.666690 Romeo: Whiskey, Hotel and Mike, sending you 3
2024-10-14 18:32:32.667270 Whiskey: Victor, sending you 5
2024-10-14 18:32:32.671619 Romeo: Charlie, sending you 2
2024-10-14 18:32:32.672441 Whiskey: Romeo and Mike, sending you 4
2024-10-14 18:32:32.677694 Whiskey: Hotel, sending you 1
chatterbot Hotel submitting transactions
chatterbot Whiskey submitting transactions
chatterbot Tango submitting transactions
chatterbot Mike submitting transactions
chatterbot November submitting transactions
chatterbot Charlie submitting transactions
chatterbot Golf submitting transactions
chatterbot Victor submitting transactions
chatterbot Romeo submitting transactions
ChatterBot Victor round 6
ChatterBot Whiskey round 6
ChatterBot Charlie round 6
ChatterBot November round 6
ChatterBot Lima round 6
ChatterBot Romeo round 6
ChatterBot Hotel round 6
ChatterBot Mike round 6
ChatterBot Tango round 6
ChatterBot Golf round 6
2024-10-14 18:32:33.795477 Tango: We should drop Charlie
2024-10-14 18:32:33.808907 Lima: Yes
2024-10-14 18:32:33.809091 November: Yes
2024-10-14 18:32:33.809246 Hotel: Yes
2024-10-14 18:32:33.809395 Golf: Yes
2024-10-14 18:32:33.858672 Whiskey: Victor, sending you 5
2024-10-14 18:32:33.859379 Victor: Whiskey, sending you 6
2024-10-14 18:32:33.860381 Romeo: Victor, sending you 4
2024-10-14 18:32:33.861677 Whiskey: Romeo and Mike, sending you 4
2024-10-14 18:32:33.864014 Victor: Romeo, sending you 5
2024-10-14 18:32:33.864661 Romeo: Whiskey, Hotel and Mike, sending you 3
2024-10-14 18:32:33.865058 Whiskey: Hotel, sending you 1
2024-10-14 18:32:33.865410 Whiskey: I was attacked by Golf
ChatterBot Victor reevaluating
ChatterBot Romeo reevaluating
ChatterBot Mike reevaluating
ChatterBot Hotel reevaluating
2024-10-14 18:32:33.878050 Whiskey: Ow
2024-10-14 18:32:33.883059 Charlie: Whiskey, Romeo and Hotel, sending you 1
2024-10-14 18:32:33.883723 Golf: November, Lima and Tango, sending you 3
2024-10-14 18:32:33.884328 Lima: November, Tango and Golf, sending you 4
2024-10-14 18:32:33.884744 November: Lima, Tango and Golf, sending you 4
2024-10-14 18:32:33.887051 Golf: Hotel, sending you 1
2024-10-14 18:32:33.887668 Lima: Hotel, sending you 2
2024-10-14 18:32:33.888686 November: Hotel, sending you 2
2024-10-14 18:32:33.900183 Mike: Victor and Whiskey, sending you 5
2024-10-14 18:32:33.903807 Hotel: Victor and Whiskey, sending you 2
2024-10-14 18:32:33.905672 Mike: Romeo and Hotel, sending you 4
2024-10-14 18:32:33.908675 Hotel: Romeo, sending you 4
2024-10-14 18:32:33.912659 Hotel: Mike, sending you 3
chatterbot Lima submitting transactions
chatterbot Victor submitting transactions
chatterbot Tango submitting transactions
chatterbot November submitting transactions
chatterbot Whiskey submitting transactions
chatterbot Mike submitting transactions
chatterbot Charlie submitting transactions
chatterbot Golf submitting transactions
chatterbot Hotel submitting transactions
chatterbot Romeo submitting transactions
ChatterBot Victor round 7
ChatterBot Whiskey round 7
ChatterBot Charlie round 7
ChatterBot November round 7
ChatterBot Lima round 7
ChatterBot Romeo round 7
ChatterBot Hotel round 7
ChatterBot Mike round 7
ChatterBot Tango round 7
ChatterBot Golf round 7
2024-10-14 18:32:35.139451 Whiskey: We should drop Victor
2024-10-14 18:32:35.146847 Romeo: No
2024-10-14 18:32:35.146988 Hotel: No
2024-10-14 18:32:35.147103 Mike: No
ChatterBot Whiskey reevaluating
ChatterBot Whiskey reevaluating
ChatterBot Whiskey reevaluating
2024-10-14 18:32:35.171083 Tango: We should drop Charlie
2024-10-14 18:32:35.181898 Lima: Yes
2024-10-14 18:32:35.182076 November: Yes
2024-10-14 18:32:35.182195 Hotel: Yes
2024-10-14 18:32:35.182300 Golf: Yes
ChatterBot Hotel reevaluating
ChatterBot Hotel reevaluating
ChatterBot Hotel reevaluating
2024-10-14 18:32:35.223675 Charlie: Whiskey, Romeo and Hotel, sending you 1
2024-10-14 18:32:35.224692 Romeo: Victor, sending you 4
2024-10-14 18:32:35.225451 Mike: Victor and Whiskey, sending you 4
2024-10-14 18:32:35.226023 Lima: November, Tango and Golf, sending you 4
2024-10-14 18:32:35.226520 November: Lima, Tango and Golf, sending you 4
2024-10-14 18:32:35.228735 Romeo: Whiskey, Hotel and Mike, sending you 3
2024-10-14 18:32:35.230668 Mike: Romeo and Hotel, sending you 3
2024-10-14 18:32:35.231159 Mike: I was attacked by Golf
ChatterBot Whiskey reevaluating
ChatterBot Victor reevaluating
ChatterBot Romeo reevaluating
ChatterBot Hotel reevaluating
2024-10-14 18:32:35.244641 Mike: Ow
2024-10-14 18:32:35.245503 Lima: Hotel, sending you 2
2024-10-14 18:32:35.245932 November: Hotel, sending you 2
2024-10-14 18:32:35.249680 Golf: November, Lima and Tango, sending you 5
2024-10-14 18:32:35.252718 Golf: Hotel, sending you 2
2024-10-14 18:32:35.261699 Whiskey: Victor, sending you 5
2024-10-14 18:32:35.266698 Whiskey: Romeo, sending you 3
2024-10-14 18:32:35.272691 Whiskey: Hotel, sending you 2
2024-10-14 18:32:35.274668 Hotel: Victor, Romeo and Mike, sending you 3
2024-10-14 18:32:35.277668 Whiskey: Mike, sending you 4
2024-10-14 18:32:35.279684 Hotel: Whiskey, sending you 2
chatterbot Hotel submitting transactions
chatterbot Mike submitting transactions
chatterbot Whiskey submitting transactions
chatterbot Victor submitting transactions
chatterbot Romeo submitting transactions
chatterbot November submitting transactions
chatterbot Tango submitting transactions
chatterbot Golf submitting transactions
chatterbot Charlie submitting transactions
chatterbot Lima submitting transactions
ChatterBot Victor round 8
ChatterBot Whiskey round 8
ChatterBot Charlie round 8
ChatterBot November round 8
ChatterBot Lima round 8
ChatterBot Romeo round 8
ChatterBot Hotel round 8
ChatterBot Mike round 8
ChatterBot Tango round 8
ChatterBot Golf round 8
2024-10-14 18:32:36.405148 Tango: We should drop Charlie
2024-10-14 18:32:36.416731 Lima: Yes
2024-10-14 18:32:36.416976 November: Yes
2024-10-14 18:32:36.417101 Hotel: Yes
2024-10-14 18:32:36.417227 Golf: Yes
ChatterBot Hotel reevaluating
ChatterBot Hotel reevaluating
2024-10-14 18:32:36.463409 Lima: November, Tango and Golf, sending you 4
2024-10-14 18:32:36.463840 November: Lima, Tango and Golf, sending you 4
2024-10-14 18:32:36.467130 Lima: Hotel, sending you 2
2024-10-14 18:32:36.467919 November: Hotel, sending you 2
2024-10-14 18:32:36.468664 Romeo: Victor, sending you 4
2024-10-14 18:32:36.469292 Charlie: Victor, Romeo and Hotel, sending you 1
2024-10-14 18:32:36.469803 Whiskey: Victor, sending you 5
2024-10-14 18:32:36.472685 Romeo: Whiskey, Hotel and Mike, sending you 3
2024-10-14 18:32:36.473124 Whiskey: Romeo, Hotel and Mike, sending you 3
2024-10-14 18:32:36.473534 Golf: November, Lima and Tango, sending you 2
2024-10-14 18:32:36.473925 Golf: I was attacked by Mike
ChatterBot Lima reevaluating
ChatterBot November reevaluating
ChatterBot Hotel reevaluating
ChatterBot Tango reevaluating
2024-10-14 18:32:36.484491 Golf: Ow
2024-10-14 18:32:36.485242 Hotel: We should add Charlie
ChatterBot Whiskey reevaluating
ChatterBot Victor reevaluating
ChatterBot Mike reevaluating
2024-10-14 18:32:36.495370 Whiskey: No
2024-10-14 18:32:36.495501 Victor: No
2024-10-14 18:32:36.495632 Romeo: Yes
2024-10-14 18:32:36.495742 Mike: Yes
ChatterBot Victor reevaluating
ChatterBot Mike reevaluating
ChatterBot Hotel reevaluating
ChatterBot Whiskey reevaluating
ChatterBot Mike reevaluating
ChatterBot Hotel reevaluating
ChatterBot Whiskey reevaluating
ChatterBot Victor reevaluating
ChatterBot Mike reevaluating
ChatterBot Hotel reevaluating
ChatterBot Whiskey reevaluating
ChatterBot Victor reevaluating
ChatterBot Hotel reevaluating
2024-10-14 18:32:36.539878 Romeo: Charlie, sending you 2
2024-10-14 18:32:36.549343 Whiskey: We should drop Romeo
ChatterBot Hotel reevaluating
2024-10-14 18:32:36.557306 Victor: No
2024-10-14 18:32:36.557457 Hotel: No
2024-10-14 18:32:36.557581 Mike: No
ChatterBot Whiskey reevaluating
ChatterBot Hotel reevaluating
ChatterBot Whiskey reevaluating
ChatterBot Whiskey reevaluating
ChatterBot Hotel reevaluating
2024-10-14 18:32:36.609671 Hotel: Sending you each 2
chatterbot Mike submitting transactions
chatterbot Hotel submitting transactions
chatterbot Charlie submitting transactions
chatterbot Victor submitting transactions
chatterbot Tango submitting transactions
chatterbot November submitting transactions
chatterbot Golf submitting transactions
chatterbot Romeo submitting transactions
chatterbot Lima submitting transactions
chatterbot Whiskey submitting transactions
ChatterBot Victor round 9
ChatterBot Whiskey round 9
ChatterBot Charlie round 9
ChatterBot November round 9
ChatterBot Lima round 9
ChatterBot Romeo round 9
ChatterBot Hotel round 9
ChatterBot Mike round 9
ChatterBot Tango round 9
ChatterBot Golf round 9
2024-10-14 18:32:37.726455 Mike: We should add Charlie
ChatterBot Whiskey reevaluating
ChatterBot Hotel reevaluating
2024-10-14 18:32:37.741198 Whiskey: No
2024-10-14 18:32:37.741397 Victor: No
2024-10-14 18:32:37.741635 Romeo: Yes
2024-10-14 18:32:37.741815 Hotel: No
ChatterBot Mike reevaluating
ChatterBot Hotel reevaluating
ChatterBot Whiskey reevaluating
ChatterBot Mike reevaluating
ChatterBot Hotel reevaluating
ChatterBot Whiskey reevaluating
ChatterBot Mike reevaluating
ChatterBot Hotel reevaluating
ChatterBot Whiskey reevaluating
ChatterBot Mike reevaluating
2024-10-14 18:32:37.808225 Hotel: We should drop Whiskey
ChatterBot Mike reevaluating
2024-10-14 18:32:37.818237 Victor: No
2024-10-14 18:32:37.818380 Romeo: No
2024-10-14 18:32:37.818514 Mike: Yes
ChatterBot Hotel reevaluating
ChatterBot Mike reevaluating
ChatterBot Hotel reevaluating
ChatterBot Mike reevaluating
ChatterBot Hotel reevaluating
2024-10-14 18:32:37.847549 Tango: We should drop Charlie
ChatterBot Hotel reevaluating
2024-10-14 18:32:37.857 Lima: Yes
2024-10-14 18:32:37.857147 November: Yes
2024-10-14 18:32:37.857254 Hotel: Yes
2024-10-14 18:32:37.857353 Golf: Yes
ChatterBot Hotel reevaluating
ChatterBot Tango reevaluating
ChatterBot Hotel reevaluating
ChatterBot Tango reevaluating
ChatterBot Tango reevaluating
ChatterBot Hotel reevaluating
ChatterBot Tango reevaluating
2024-10-14 18:32:37.896332 Golf: I was attacked by Victor, Hotel and Mike
ChatterBot Lima reevaluating
ChatterBot November reevaluating
ChatterBot Hotel reevaluating
ChatterBot Tango reevaluating
2024-10-14 18:32:37.906355 Golf: I'm keeping this round to protect myself
2024-10-14 18:32:37.907505 Golf: Ow
2024-10-14 18:32:37.907889 Romeo: Victor, sending you 4
2024-10-14 18:32:37.910681 Romeo: Whiskey, Hotel and Mike, sending you 3
2024-10-14 18:32:37.914684 Hotel: Charlie we want you to join our group
ChatterBot Charlie reevaluating
2024-10-14 18:32:37.918521 Charlie: Yes
ChatterBot Whiskey reevaluating
2024-10-14 18:32:37.933845 Romeo: Charlie, sending you 2
2024-10-14 18:32:37.940711 Whiskey: We should drop Mike
ChatterBot Hotel reevaluating
2024-10-14 18:32:37.952866 Victor: No
2024-10-14 18:32:37.953010 Romeo: No
2024-10-14 18:32:37.953130 Hotel: No
ChatterBot Whiskey reevaluating
ChatterBot Hotel reevaluating
ChatterBot Whiskey reevaluating
ChatterBot Hotel reevaluating
ChatterBot Whiskey reevaluating
2024-10-14 18:32:38.012954 Charlie: Victor, Romeo and Hotel, sending you 1
chatterbot Romeo submitting transactions
chatterbot Tango submitting transactions
chatterbot Victor submitting transactions
chatterbot Hotel submitting transactions
chatterbot Lima submitting transactions
chatterbot Charlie submitting transactions
chatterbot November submitting transactions
chatterbot Whiskey submitting transactions
