ChatterBot Golf round 1
ChatterBot Whiskey round 1
ChatterBot Bravo round 1
ChatterBot Juliett round 1
ChatterBot Mike round 1
ChatterBot Uniform round 1
ChatterBot Alpha round 1
ChatterBot Quebec round 1
ChatterBot Papa round 1
ChatterBot Kilo round 1
randomSelections Whiskey: {Whiskey, Juliett, Alpha, Kilo, Uniform, Golf} 
2024-10-14 18:32:24.370547 Whiskey: We should group up
ChatterBot Juliett reevaluating
ChatterBot Alpha reevaluating
ChatterBot Kilo reevaluating
ChatterBot Uniform reevaluating
ChatterBot Golf reevaluating
2024-10-14 18:32:24.391867 Juliett: Yes
2024-10-14 18:32:24.392036 Alpha: Yes
2024-10-14 18:32:24.392200 Kilo: Yes
2024-10-14 18:32:24.392339 Uniform: Yes
2024-10-14 18:32:24.392462 Golf: Yes
ChatterBot Alpha reevaluating
ChatterBot Kilo reevaluating
ChatterBot Uniform reevaluating
ChatterBot Golf reevaluating
ChatterBot Juliett reevaluating
ChatterBot Kilo reevaluating
ChatterBot Uniform reevaluating
ChatterBot Golf reevaluating
ChatterBot Juliett reevaluating
ChatterBot Alpha reevaluating
ChatterBot Uniform reevaluating
ChatterBot Golf reevaluating
ChatterBot Juliett reevaluating
ChatterBot Alpha reevaluating
ChatterBot Kilo reevaluating
ChatterBot Golf reevaluating
ChatterBot Juliett reevaluating
ChatterBot Alpha reevaluating
ChatterBot Kilo reevaluating
ChatterBot Uniform reevaluating
randomSelections Mike: {Mike, Juliett, Quebec, Alpha, Golf, Bravo} 
2024-10-14 18:32:24.440595 Mike: Group up?
ChatterBot Juliett reevaluating
ChatterBot Quebec reevaluating
ChatterBot Alpha reevaluating
ChatterBot Golf reevaluating
ChatterBot Bravo reevaluating
2024-10-14 18:32:24.449256 Juliett: No
2024-10-14 18:32:24.449460 Quebec: Yes
2024-10-14 18:32:24.449585 Alpha: No
2024-10-14 18:32:24.449693 Golf: No
2024-10-14 18:32:24.449784 Bravo: Yes
ChatterBot Quebec reevaluating
ChatterBot Alpha reevaluating
ChatterBot Golf reevaluating
ChatterBot Bravo reevaluating
ChatterBot Juliett reevaluating
ChatterBot Alpha reevaluating
ChatterBot Golf reevaluating
ChatterBot Bravo reevaluating
ChatterBot Juliett reevaluating
ChatterBot Quebec reevaluating
ChatterBot Golf reevaluating
ChatterBot Bravo reevaluating
ChatterBot Juliett reevaluating
ChatterBot Quebec reevaluating
ChatterBot Alpha reevaluating
ChatterBot Bravo reevaluating
ChatterBot Juliett reevaluating
ChatterBot Quebec reevaluating
ChatterBot Alpha reevaluating
ChatterBot Golf reevaluating
randomSelections Papa: {Papa, Quebec, Uniform, Juliett, Whiskey, Golf} 
2024-10-14 18:32:24.499023 Papa: We would work well together
ChatterBot Quebec reevaluating
ChatterBot Uniform reevaluating
ChatterBot Juliett reevaluating
ChatterBot Golf reevaluating
2024-10-14 18:32:24.505590 Quebec: No
2024-10-14 18:32:24.506280 Uniform: No
2024-10-14 18:32:24.506398 Juliett: No
2024-10-14 18:32:24.506497 Whiskey: No
2024-10-14 18:32:24.506605 Golf: No
ChatterBot Uniform reevaluating
ChatterBot Juliett reevaluating
ChatterBot Golf reevaluating
ChatterBot Quebec reevaluating
ChatterBot Juliett reevaluating
ChatterBot Golf reevaluating
ChatterBot Quebec reevaluating
ChatterBot Uniform reevaluating
ChatterBot Golf reevaluating
ChatterBot Quebec reevaluating
ChatterBot Uniform reevaluating
ChatterBot Juliett reevaluating
ChatterBot Golf reevaluating
ChatterBot Quebec reevaluating
ChatterBot Uniform reevaluating
ChatterBot Juliett reevaluating
2024-10-14 18:32:24.580931 Alpha: Golf and Juliett, sending you 2
2024-10-14 18:32:24.582886 Whiskey: Golf, sending you 3
2024-10-14 18:32:24.583201 Papa: Golf and Juliett, sending you 2
2024-10-14 18:32:24.584573 Mike: Golf and Juliett, sending you 3
2024-10-14 18:32:24.584916 Golf: Whiskey and Uniform, sending you 1
2024-10-14 18:32:24.585226 Kilo: Juliett, sending you 4
2024-10-14 18:32:24.586439 Alpha: Uniform and Kilo, sending you 4
2024-10-14 18:32:24.586821 Bravo: Golf, sending you 5
2024-10-14 18:32:24.590247 Whiskey: Juliett, sending you 5
2024-10-14 18:32:24.590702 Papa: Whiskey, sending you 4
2024-10-14 18:32:24.591588 Mike: Bravo and Quebec, sending you 2
2024-10-14 18:32:24.592003 Golf: Juliett, Alpha and Kilo, sending you 2
2024-10-14 18:32:24.592428 Quebec: Golf and Juliett, sending you 3
2024-10-14 18:32:24.593454 Kilo: Uniform, sending you 7
2024-10-14 18:32:24.593863 Bravo: Juliett and Alpha, sending you 4
2024-10-14 18:32:24.594353 Uniform: Golf and Whiskey, sending you 4
2024-10-14 18:32:24.595327 Papa: Uniform, sending you 3
2024-10-14 18:32:24.595709 Mike: Alpha, sending you 1
2024-10-14 18:32:24.596835 Whiskey: Uniform, sending you 8
2024-10-14 18:32:24.597253 Quebec: Bravo, sending you 4
2024-10-14 18:32:24.597642 Juliett: Golf, sending you 3
2024-10-14 18:32:24.598547 Kilo: Alpha, sending you 5
2024-10-14 18:32:24.598979 Uniform: Juliett, sending you 3
2024-10-14 18:32:24.599949 Bravo: Mike and Quebec, sending you 2
2024-10-14 18:32:24.600390 Papa: Quebec, sending you 5
2024-10-14 18:32:24.600802 Whiskey: Kilo, sending you 2
2024-10-14 18:32:24.601974 Quebec: Mike, sending you 2
2024-10-14 18:32:24.605097 Juliett: Whiskey, sending you 4
2024-10-14 18:32:24.605448 Uniform: Alpha and Kilo, sending you 2
2024-10-14 18:32:24.605817 Quebec: Alpha, sending you 1
2024-10-14 18:32:24.607705 Juliett: Uniform, sending you 5
2024-10-14 18:32:24.615269 Juliett: Alpha and Kilo, sending you 2
chatterbot Golf submitting transactions
chatterbot Papa submitting transactions
chatterbot Alpha submitting transactions
chatterbot Juliett submitting transactions
chatterbot Mike submitting transactions
chatterbot Uniform submitting transactions
chatterbot Bravo submitting transactions
chatterbot Kilo submitting transactions
chatterbot Whiskey submitting transactions
chatterbot Quebec submitting transactions
ChatterBot Golf round 2
ChatterBot Whiskey round 2
ChatterBot Bravo round 2
ChatterBot Juliett round 2
ChatterBot Mike round 2
ChatterBot Uniform round 2
ChatterBot Alpha round 2
2024-10-14 18:32:26.086468 Whiskey: We should add Papa
ChatterBot Juliett reevaluating
ChatterBot Alpha reevaluating
ChatterBot Kilo reevaluating
ChatterBot Uniform reevaluating
ChatterBot Golf reevaluating
2024-10-14 18:32:26.117831 Juliett: Yes
2024-10-14 18:32:26.118021 Alpha: No
2024-10-14 18:32:26.118510 Kilo: No
2024-10-14 18:32:26.118631 Uniform: Yes
2024-10-14 18:32:26.118745 Golf: No
ChatterBot Alpha reevaluating
ChatterBot Kilo reevaluating
ChatterBot Uniform reevaluating
ChatterBot Golf reevaluating
ChatterBot Juliett reevaluating
ChatterBot Kilo reevaluating
ChatterBot Uniform reevaluating
ChatterBot Golf reevaluating
ChatterBot Juliett reevaluating
ChatterBot Alpha reevaluating
ChatterBot Uniform reevaluating
ChatterBot Golf reevaluating
ChatterBot Juliett reevaluating
ChatterBot Alpha reevaluating
ChatterBot Kilo reevaluating
ChatterBot Golf reevaluating
ChatterBot Juliett reevaluating
ChatterBot Alpha reevaluating
ChatterBot Kilo reevaluating
ChatterBot Uniform reevaluating
ChatterBot Quebec round 2
ChatterBot Papa round 2
ChatterBot Kilo round 2
2024-10-14 18:32:26.283836 Bravo: Friends?
ChatterBot Mike reevaluating
ChatterBot Quebec reevaluating
2024-10-14 18:32:26.292786 Mike: Yes
2024-10-14 18:32:26.292910 Quebec: Yes
ChatterBot Quebec reevaluating
ChatterBot Mike reevaluating
2024-10-14 18:32:26.308705 Quebec: We should group up
ChatterBot Mike reevaluating
ChatterBot Papa reevaluating
2024-10-14 18:32:26.321418 Bravo: No
2024-10-14 18:32:26.321531 Mike: Yes
2024-10-14 18:32:26.321635 Papa: No
ChatterBot Quebec reevaluating
ChatterBot Mike reevaluating
ChatterBot Papa reevaluating
ChatterBot Quebec reevaluating
ChatterBot Bravo reevaluating
ChatterBot Papa reevaluating
ChatterBot Quebec reevaluating
ChatterBot Bravo reevaluating
ChatterBot Mike reevaluating
2024-10-14 18:32:26.443694 Mike: Let's form a team
ChatterBot Quebec reevaluating
ChatterBot Bravo reevaluating
ChatterBot Papa reevaluating
2024-10-14 18:32:26.458671 Quebec: Yes
2024-10-14 18:32:26.458929 Bravo: Yes
2024-10-14 18:32:26.459067 Papa: Yes
2024-10-14 18:32:26.459759 Papa: We should add Bravo and Mike
ChatterBot Bravo reevaluating
ChatterBot Mike reevaluating
ChatterBot Papa reevaluating
ChatterBot Uniform reevaluating
ChatterBot Juliett reevaluating
ChatterBot Golf reevaluating
ChatterBot Quebec reevaluating
ChatterBot Mike reevaluating
ChatterBot Papa reevaluating
2024-10-14 18:32:26.507341 Uniform: No
2024-10-14 18:32:26.507598 Juliett: No
2024-10-14 18:32:26.507784 Whiskey: No
2024-10-14 18:32:26.507938 Golf: No
ChatterBot Quebec reevaluating
ChatterBot Bravo reevaluating
ChatterBot Mike reevaluating
ChatterBot Quebec reevaluating
ChatterBot Juliett reevaluating
ChatterBot Golf reevaluating
2024-10-14 18:32:26.542367 Quebec: Yes
ChatterBot Quebec reevaluating
ChatterBot Papa reevaluating
ChatterBot Uniform reevaluating
ChatterBot Golf reevaluating
ChatterBot Quebec reevaluating
ChatterBot Papa reevaluating
ChatterBot Uniform reevaluating
ChatterBot Juliett reevaluating
ChatterBot Golf reevaluating
ChatterBot Quebec reevaluating
ChatterBot Papa reevaluating
ChatterBot Uniform reevaluating
ChatterBot Juliett reevaluating
ChatterBot Quebec reevaluating
ChatterBot Papa reevaluating
ChatterBot Uniform reevaluating
ChatterBot Juliett reevaluating
ChatterBot Golf reevaluating
ChatterBot Papa reevaluating
2024-10-14 18:32:26.653972 Papa: We should add Alpha and Kilo
ChatterBot Quebec reevaluating
ChatterBot Uniform reevaluating
ChatterBot Juliett reevaluating
ChatterBot Golf reevaluating
2024-10-14 18:32:26.677965 Quebec: No
2024-10-14 18:32:26.678099 Uniform: Yes
2024-10-14 18:32:26.678199 Juliett: Yes
2024-10-14 18:32:26.678313 Whiskey: Yes
2024-10-14 18:32:26.678407 Golf: Yes
ChatterBot Papa reevaluating
ChatterBot Uniform reevaluating
ChatterBot Juliett reevaluating
ChatterBot Golf reevaluating
ChatterBot Papa reevaluating
ChatterBot Quebec reevaluating
ChatterBot Juliett reevaluating
ChatterBot Golf reevaluating
ChatterBot Papa reevaluating
ChatterBot Quebec reevaluating
ChatterBot Uniform reevaluating
ChatterBot Golf reevaluating
ChatterBot Papa reevaluating
ChatterBot Quebec reevaluating
ChatterBot Uniform reevaluating
ChatterBot Juliett reevaluating
ChatterBot Golf reevaluating
ChatterBot Papa reevaluating
ChatterBot Quebec reevaluating
ChatterBot Uniform reevaluating
ChatterBot Juliett reevaluating
2024-10-14 18:32:26.813809 Whiskey: Papa we want you to join our group
ChatterBot Papa reevaluating
2024-10-14 18:32:26.819635 Papa: Yes
ChatterBot Golf reevaluating
ChatterBot Juliett reevaluating
ChatterBot Uniform reevaluating
ChatterBot Alpha reevaluating
ChatterBot Kilo reevaluating
2024-10-14 18:32:26.850036 Kilo: We should add Papa
ChatterBot Juliett reevaluating
ChatterBot Alpha reevaluating
ChatterBot Uniform reevaluating
ChatterBot Golf reevaluating
2024-10-14 18:32:26.873410 Whiskey: Yes
2024-10-14 18:32:26.873543 Juliett: Yes
2024-10-14 18:32:26.874072 Alpha: No
2024-10-14 18:32:26.874192 Uniform: Yes
2024-10-14 18:32:26.874300 Golf: Yes
ChatterBot Juliett reevaluating
ChatterBot Alpha reevaluating
ChatterBot Kilo reevaluating
ChatterBot Uniform reevaluating
ChatterBot Golf reevaluating
ChatterBot Alpha reevaluating
ChatterBot Kilo reevaluating
ChatterBot Uniform reevaluating
ChatterBot Golf reevaluating
ChatterBot Juliett reevaluating
ChatterBot Kilo reevaluating
ChatterBot Uniform reevaluating
ChatterBot Golf reevaluating
ChatterBot Juliett reevaluating
ChatterBot Alpha reevaluating
ChatterBot Kilo reevaluating
ChatterBot Golf reevaluating
ChatterBot Juliett reevaluating
ChatterBot Alpha reevaluating
ChatterBot Kilo reevaluating
ChatterBot Uniform reevaluating
2024-10-14 18:32:27.006988 Uniform: Papa we want you to join our group
2024-10-14 18:32:27.011977 Papa: Yes
ChatterBot Alpha reevaluating
2024-10-14 18:32:27.037250 Juliett: Papa we want you to join our group
2024-10-14 18:32:27.042007 Papa: Yes
ChatterBot Alpha reevaluating
2024-10-14 18:32:27.140997 Papa: Alpha and Kilo we want you to join our group
ChatterBot Alpha reevaluating
2024-10-14 18:32:27.152704 Alpha: No
2024-10-14 18:32:27.153363 Kilo: No
ChatterBot Papa reevaluating
ChatterBot Papa reevaluating
ChatterBot Alpha reevaluating
2024-10-14 18:32:27.215964 Kilo: Papa we want you to join our group
ChatterBot Papa reevaluating
2024-10-14 18:32:27.221497 Papa: Yes
ChatterBot Alpha reevaluating
2024-10-14 18:32:27.248969 Papa: We would work well together
ChatterBot Alpha reevaluating
2024-10-14 18:32:27.283530 Golf: No
2024-10-14 18:32:27.283906 Whiskey: No
2024-10-14 18:32:27.284168 Juliett: No
2024-10-14 18:32:27.284791 Uniform: No
2024-10-14 18:32:27.285141 Alpha: No
2024-10-14 18:32:27.285425 Kilo: No
2024-10-14 18:32:27.286207 Mike: No
ChatterBot Papa reevaluating
ChatterBot Alpha reevaluating
ChatterBot Papa reevaluating
ChatterBot Alpha reevaluating
ChatterBot Papa reevaluating
ChatterBot Alpha reevaluating
ChatterBot Papa reevaluating
ChatterBot Alpha reevaluating
ChatterBot Papa reevaluating
ChatterBot Papa reevaluating
ChatterBot Alpha reevaluating
ChatterBot Papa reevaluating
ChatterBot Alpha reevaluating
2024-10-14 18:32:27.503311 Golf: Papa we want you to join our group
2024-10-14 18:32:27.508239 Papa: Yes
ChatterBot Alpha reevaluating
2024-10-14 18:32:27.535067 Whiskey: Golf, Alpha and Kilo, sending you 2
chatterbot Whiskey submitting transactions
2024-10-14 18:32:27.536152 Mike: Bravo and Quebec, sending you 4
2024-10-14 18:32:27.536551 Bravo: Mike, sending you 6
2024-10-14 18:32:27.827423 Whiskey: Juliett, Uniform and Papa, sending you 4
2024-10-14 18:32:27.828548 Quebec: Bravo and Mike, sending you 4
2024-10-14 18:32:27.828982 Bravo: Quebec, sending you 8
2024-10-14 18:32:27.829265 Mike: Papa, sending you 3
2024-10-14 18:32:27.830091 Alpha: Papa we want you to join our group
2024-10-14 18:32:27.835574 Papa: Yes
ChatterBot Alpha reevaluating
chatterbot Juliett submitting transactions
chatterbot Quebec submitting transactions
chatterbot Mike submitting transactions
chatterbot Bravo submitting transactions
2024-10-14 18:32:27.863382 Quebec: Papa, sending you 5
2024-10-14 18:32:27.864405 Bravo: Papa, sending you 3
chatterbot Golf submitting transactions
2024-10-14 18:32:27.865919 Kilo: Golf, Whiskey, Juliett and Uniform, sending you 3
2024-10-14 18:32:27.996151 Golf: Whiskey, Juliett, Alpha, Papa and Kilo, sending you 1
2024-10-14 18:32:27.997047 Uniform: Golf, Alpha and Papa, sending you 2
2024-10-14 18:32:27.997527 Juliett: Golf, Alpha and Papa, sending you 2
2024-10-14 18:32:27.998038 Papa: Golf and Whiskey, sending you 3
2024-10-14 18:32:27.999094 Kilo: Alpha, sending you 4
2024-10-14 18:32:28.025769 Golf: Uniform, sending you 3
2024-10-14 18:32:28.026290 Juliett: Whiskey, sending you 4
2024-10-14 18:32:28.027247 Uniform: Whiskey, Juliett and Kilo, sending you 3
2024-10-14 18:32:28.027695 Papa: Juliett, Uniform, Alpha, Quebec and Kilo, sending you 2
2024-10-14 18:32:28.041537 Juliett: Uniform and Kilo, sending you 3
2024-10-14 18:32:28.042691 Alpha: Golf, Juliett and Uniform, sending you 2
2024-10-14 18:32:28.052120 Alpha: Kilo, sending you 3
chatterbot Kilo submitting transactions
chatterbot Alpha submitting transactions
chatterbot Uniform submitting transactions
chatterbot Papa submitting transactions
ChatterBot Golf round 3
ChatterBot Whiskey round 3
ChatterBot Bravo round 3
ChatterBot Juliett round 3
ChatterBot Mike round 3
ChatterBot Uniform round 3
ChatterBot Alpha round 3
ChatterBot Quebec round 3
ChatterBot Papa round 3
ChatterBot Kilo round 3
2024-10-14 18:32:29.057228 Alpha: We should add Papa
ChatterBot Whiskey reevaluating
ChatterBot Kilo reevaluating
ChatterBot Uniform reevaluating
ChatterBot Golf reevaluating
2024-10-14 18:32:29.087844 Whiskey: Yes
2024-10-14 18:32:29.088183 Juliett: Yes
2024-10-14 18:32:29.088518 Kilo: Yes
2024-10-14 18:32:29.088823 Uniform: Yes
2024-10-14 18:32:29.089175 Golf: Yes
ChatterBot Kilo reevaluating
ChatterBot Uniform reevaluating
ChatterBot Golf reevaluating
ChatterBot Whiskey reevaluating
ChatterBot Kilo reevaluating
ChatterBot Uniform reevaluating
ChatterBot Golf reevaluating
ChatterBot Whiskey reevaluating
ChatterBot Uniform reevaluating
ChatterBot Golf reevaluating
ChatterBot Whiskey reevaluating
ChatterBot Kilo reevaluating
ChatterBot Golf reevaluating
ChatterBot Whiskey reevaluating
ChatterBot Kilo reevaluating
ChatterBot Uniform reevaluating
2024-10-14 18:32:29.279311 Alpha: Papa we want you to join our group
2024-10-14 18:32:29.282766 Papa: Yes
ChatterBot Whiskey reevaluating
ChatterBot Golf reevaluating
ChatterBot Uniform reevaluating
ChatterBot Kilo reevaluating
2024-10-14 18:32:29.340084 Juliett: Golf, Alpha and Papa, sending you 2
2024-10-14 18:32:29.354820 Juliett: Whiskey, sending you 4
2024-10-14 18:32:29.356553 Alpha: Golf, Juliett and Uniform, sending you 2
2024-10-14 18:32:29.357294 Bravo: Mike, sending you 6
2024-10-14 18:32:29.358402 Quebec: Bravo, sending you 5
2024-10-14 18:32:29.358896 Papa: Golf, Juliett and Uniform, sending you 2
2024-10-14 18:32:29.360158 Mike: Bravo and Quebec, sending you 4
2024-10-14 18:32:29.360806 Juliett: Uniform and Kilo, sending you 3
2024-10-14 18:32:29.362197 Alpha: Whiskey and Papa, sending you 1
2024-10-14 18:32:29.363195 Bravo: Quebec, sending you 8
2024-10-14 18:32:29.364184 Papa: Whiskey, sending you 3
2024-10-14 18:32:29.364909 Quebec: Mike and Papa, sending you 4
2024-10-14 18:32:29.366098 Kilo: Golf, Whiskey and Papa, sending you 2
2024-10-14 18:32:29.366812 Mike: Papa, sending you 3
2024-10-14 18:32:29.367748 Uniform: Golf, Alpha and Papa, sending you 2
2024-10-14 18:32:29.368564 Golf: Whiskey, Juliett, Alpha, Papa and Kilo, sending you 1
2024-10-14 18:32:29.369854 Whiskey: Golf and Alpha, sending you 2
2024-10-14 18:32:29.370685 Alpha: Kilo, sending you 3
2024-10-14 18:32:29.372179 Bravo: Papa, sending you 3
2024-10-14 18:32:29.372690 Papa: Alpha and Kilo, sending you 1
2024-10-14 18:32:29.374386 Kilo: Juliett and Uniform, sending you 3
2024-10-14 18:32:29.375083 Uniform: Whiskey, Juliett and Kilo, sending you 3
2024-10-14 18:32:29.376645 Golf: Uniform, sending you 3
2024-10-14 18:32:29.378273 Whiskey: Juliett and Uniform, sending you 4
2024-10-14 18:32:29.379341 Kilo: Alpha, sending you 4
2024-10-14 18:32:29.380113 Papa: Quebec, sending you 5
2024-10-14 18:32:29.391306 Whiskey: Papa and Kilo, sending you 3
chatterbot Juliett submitting transactions
chatterbot Uniform submitting transactions
chatterbot Whiskey submitting transactions
chatterbot Kilo submitting transactions
chatterbot Alpha submitting transactions
chatterbot Papa submitting transactions
chatterbot Bravo submitting transactions
chatterbot Quebec submitting transactions
chatterbot Golf submitting transactions
chatterbot Mike submitting transactions
ChatterBot Golf round 4
ChatterBot Whiskey round 4
ChatterBot Bravo round 4
ChatterBot Juliett round 4
ChatterBot Mike round 4
ChatterBot Uniform round 4
ChatterBot Alpha round 4
ChatterBot Quebec round 4
ChatterBot Papa round 4
ChatterBot Kilo round 4
2024-10-14 18:32:30.976066 Golf: Whiskey, Alpha, Papa and Kilo, sending you 1
2024-10-14 18:32:30.977427 Whiskey: Golf and Alpha, sending you 2
2024-10-14 18:32:31.083396 Juliett: Golf, Alpha and Papa, sending you 2
2024-10-14 18:32:31.085110 Golf: Juliett and Uniform, sending you 2
2024-10-14 18:32:31.086532 Mike: Bravo and Quebec, sending you 4
2024-10-14 18:32:31.087756 Papa: Golf, Juliett, Uniform, Alpha and Kilo, sending you 2
2024-10-14 18:32:31.088870 Whiskey: Juliett and Uniform, sending you 4
2024-10-14 18:32:31.089638 Quebec: Bravo, sending you 5
2024-10-14 18:32:31.090531 Uniform: Golf, Alpha and Papa, sending you 2
2024-10-14 18:32:31.091511 Bravo: Mike, sending you 6
2024-10-14 18:32:31.092242 Alpha: Golf, Juliett and Uniform, sending you 2
2024-10-14 18:32:31.093488 Kilo: Golf and Papa, sending you 2
2024-10-14 18:32:31.094660 Juliett: Whiskey, sending you 4
2024-10-14 18:32:31.095378 Mike: Papa, sending you 3
2024-10-14 18:32:31.096603 Papa: Whiskey and Quebec, sending you 3
2024-10-14 18:32:31.097755 Whiskey: Papa and Kilo, sending you 3
2024-10-14 18:32:31.098576 Quebec: Mike and Papa, sending you 4
2024-10-14 18:32:31.099811 Uniform: Whiskey, Juliett and Kilo, sending you 3
2024-10-14 18:32:31.101204 Alpha: Whiskey and Papa, sending you 1
2024-10-14 18:32:31.102138 Bravo: Quebec, sending you 8
2024-10-14 18:32:31.103231 Kilo: Whiskey, Juliett, Uniform and Alpha, sending you 3
2024-10-14 18:32:31.104170 Juliett: Uniform and Kilo, sending you 3
2024-10-14 18:32:31.105588 Alpha: Kilo, sending you 3
2024-10-14 18:32:31.106960 Bravo: Papa, sending you 3
chatterbot Whiskey submitting transactions
chatterbot Quebec submitting transactions
chatterbot Uniform submitting transactions
chatterbot Bravo submitting transactions
chatterbot Papa submitting transactions
chatterbot Mike submitting transactions
chatterbot Juliett submitting transactions
chatterbot Kilo submitting transactions
chatterbot Golf submitting transactions
chatterbot Alpha submitting transactions
ChatterBot Golf round 5
ChatterBot Whiskey round 5
ChatterBot Bravo round 5
ChatterBot Juliett round 5
ChatterBot Mike round 5
ChatterBot Uniform round 5
ChatterBot Alpha round 5
ChatterBot Quebec round 5
ChatterBot Papa round 5
ChatterBot Kilo round 5
2024-10-14 18:32:32.038978 Bravo: We should drop Papa
ChatterBot Mike reevaluating
2024-10-14 18:32:32.045948 Mike: Yes
2024-10-14 18:32:32.046779 Quebec: No
ChatterBot Mike reevaluating
2024-10-14 18:32:32.060670 Juliett: Golf, Alpha and Papa, sending you 2
2024-10-14 18:32:32.062502 Whiskey: Golf and Alpha, sending you 2
2024-10-14 18:32:32.063389 Golf: Whiskey, Alpha, Papa and Kilo, sending you 1
2024-10-14 18:32:32.064679 Juliett: Whiskey, sending you 4
2024-10-14 18:32:32.066677 Whiskey: Juliett and Uniform, sending you 4
2024-10-14 18:32:32.068284 Golf: Juliett and Uniform, sending you 2
2024-10-14 18:32:32.069368 Quebec: Bravo, sending you 5
2024-10-14 18:32:32.070590 Kilo: Golf and Papa, sending you 2
2024-10-14 18:32:32.072147 Papa: Golf, Juliett, Uniform, Alpha and Kilo, sending you 2
2024-10-14 18:32:32.073435 Juliett: Uniform and Kilo, sending you 3
2024-10-14 18:32:32.075265 Whiskey: Papa and Kilo, sending you 3
2024-10-14 18:32:32.077452 Quebec: Mike and Papa, sending you 4
2024-10-14 18:32:32.078904 Papa: Whiskey and Quebec, sending you 3
2024-10-14 18:32:32.080019 Kilo: Whiskey, Juliett, Uniform and Alpha, sending you 3
2024-10-14 18:32:32.081737 Bravo: Mike, sending you 8
2024-10-14 18:32:32.082251 Alpha: Golf and Papa, sending you 1
2024-10-14 18:32:32.083901 Uniform: Golf, Alpha and Papa, sending you 2
2024-10-14 18:32:32.085686 Bravo: Quebec, sending you 9
2024-10-14 18:32:32.087559 Alpha: Whiskey, Juliett and Uniform, sending you 2
2024-10-14 18:32:32.089702 Mike: Bravo, sending you 6
2024-10-14 18:32:32.090249 Uniform: Whiskey, Juliett and Kilo, sending you 3
2024-10-14 18:32:32.092688 Alpha: Kilo, sending you 3
2024-10-14 18:32:32.103001 Mike: Quebec, sending you 5
chatterbot Uniform submitting transactions
chatterbot Alpha submitting transactions
chatterbot Papa submitting transactions
chatterbot Whiskey submitting transactions
chatterbot Quebec submitting transactions
chatterbot Bravo submitting transactions
chatterbot Golf submitting transactions
chatterbot Juliett submitting transactions
chatterbot Mike submitting transactions
chatterbot Kilo submitting transactions
ChatterBot Golf round 6
ChatterBot Whiskey round 6
ChatterBot Bravo round 6
ChatterBot Juliett round 6
ChatterBot Mike round 6
ChatterBot Uniform round 6
ChatterBot Alpha round 6
ChatterBot Quebec round 6
ChatterBot Papa round 6
ChatterBot Kilo round 6
2024-10-14 18:32:33.326018 Golf: Whiskey, Alpha, Papa and Kilo, sending you 1
2024-10-14 18:32:33.326885 Bravo: Mike, sending you 8
2024-10-14 18:32:33.327662 Mike: Bravo, sending you 6
2024-10-14 18:32:33.329683 Golf: Juliett and Uniform, sending you 2
2024-10-14 18:32:33.331380 Mike: Quebec, sending you 5
2024-10-14 18:32:33.331711 Bravo: Quebec, sending you 9
2024-10-14 18:32:33.332048 Alpha: Golf, sending you 1
2024-10-14 18:32:33.333682 Juliett: Golf, Alpha and Papa, sending you 2
2024-10-14 18:32:33.335706 Papa: Golf, Juliett, Uniform, Alpha and Kilo, sending you 2
2024-10-14 18:32:33.336702 Juliett: Whiskey, sending you 4
2024-10-14 18:32:33.338207 Alpha: Whiskey, Juliett, Uniform and Papa, sending you 2
2024-10-14 18:32:33.339400 Quebec: Bravo, sending you 5
2024-10-14 18:32:33.339900 Papa: Whiskey and Quebec, sending you 3
2024-10-14 18:32:33.340432 Whiskey: Golf and Alpha, sending you 2
2024-10-14 18:32:33.341735 Uniform: Golf, Alpha and Papa, sending you 2
2024-10-14 18:32:33.342428 Juliett: Uniform and Kilo, sending you 3
2024-10-14 18:32:33.343114 Alpha: Kilo, sending you 3
2024-10-14 18:32:33.344697 Quebec: Mike and Papa, sending you 4
2024-10-14 18:32:33.345824 Whiskey: Juliett and Uniform, sending you 4
2024-10-14 18:32:33.346651 Uniform: Whiskey, Juliett and Kilo, sending you 3
2024-10-14 18:32:33.347913 Kilo: Golf and Papa, sending you 2
2024-10-14 18:32:33.350679 Whiskey: Papa and Kilo, sending you 3
2024-10-14 18:32:33.351988 Kilo: Whiskey, Juliett, Uniform and Alpha, sending you 3
chatterbot Bravo submitting transactions
chatterbot Mike submitting transactions
chatterbot Whiskey submitting transactions
chatterbot Golf submitting transactions
chatterbot Papa submitting transactions
chatterbot Alpha submitting transactions
chatterbot Uniform submitting transactions
chatterbot Juliett submitting transactions
chatterbot Quebec submitting transactions
chatterbot Kilo submitting transactions
ChatterBot Golf round 7
ChatterBot Whiskey round 7
ChatterBot Bravo round 7
ChatterBot Juliett round 7
ChatterBot Mike round 7
ChatterBot Uniform round 7
ChatterBot Alpha round 7
ChatterBot Quebec round 7
ChatterBot Papa round 7
ChatterBot Kilo round 7
2024-10-14 18:32:34.593674 Whiskey: Golf and Alpha, sending you 2
2024-10-14 18:32:34.598692 Whiskey: Juliett, sending you 5
2024-10-14 18:32:34.599698 Bravo: Mike, sending you 8
2024-10-14 18:32:34.600680 Mike: Bravo, sending you 6
2024-10-14 18:32:34.602680 Bravo: Quebec, sending you 9
2024-10-14 18:32:34.603915 Whiskey: Uniform, Papa and Kilo, sending you 3
2024-10-14 18:32:34.604972 Quebec: Bravo, sending you 5
2024-10-14 18:32:34.605734 Mike: Quebec, sending you 5
2024-10-14 18:32:34.606085 Juliett: Golf, Alpha and Papa, sending you 2
2024-10-14 18:32:34.608661 Quebec: Mike and Papa, sending you 4
2024-10-14 18:32:34.609050 Papa: Golf, Juliett, Uniform, Alpha and Kilo, sending you 2
2024-10-14 18:32:34.610703 Juliett: Whiskey, sending you 4
2024-10-14 18:32:34.611542 Alpha: Golf, sending you 1
2024-10-14 18:32:34.612754 Golf: Whiskey, Alpha, Papa and Kilo, sending you 1
2024-10-14 18:32:34.613666 Papa: Whiskey and Quebec, sending you 3
2024-10-14 18:32:34.614689 Uniform: Golf, Alpha and Papa, sending you 2
2024-10-14 18:32:34.615720 Juliett: Uniform and Kilo, sending you 3
2024-10-14 18:32:34.616798 Kilo: Golf and Papa, sending you 2
2024-10-14 18:32:34.617541 Alpha: Whiskey, Juliett, Uniform and Papa, sending you 2
2024-10-14 18:32:34.618289 Golf: Juliett and Uniform, sending you 2
2024-10-14 18:32:34.619687 Uniform: Whiskey, Juliett and Kilo, sending you 3
2024-10-14 18:32:34.621654 Kilo: Whiskey, Juliett, Uniform and Alpha, sending you 3
2024-10-14 18:32:34.622658 Alpha: Kilo, sending you 3
chatterbot Bravo submitting transactions
chatterbot Papa submitting transactions
chatterbot Golf submitting transactions
chatterbot Juliett submitting transactions
chatterbot Mike submitting transactions
chatterbot Quebec submitting transactions
chatterbot Kilo submitting transactions
chatterbot Uniform submitting transactions
chatterbot Alpha submitting transactions
chatterbot Whiskey submitting transactions
ChatterBot Golf round 8
ChatterBot Whiskey round 8
ChatterBot Bravo round 8
ChatterBot Juliett round 8
ChatterBot Mike round 8
ChatterBot Uniform round 8
ChatterBot Alpha round 8
ChatterBot Quebec round 8
ChatterBot Papa round 8
ChatterBot Kilo round 8
2024-10-14 18:32:35.844040 Bravo: Mike, sending you 8
2024-10-14 18:32:35.844697 Whiskey: Golf and Alpha, sending you 2
2024-10-14 18:32:35.847678 Bravo: Quebec, sending you 9
2024-10-14 18:32:35.849019 Whiskey: Juliett, sending you 5
2024-10-14 18:32:35.851693 Kilo: Golf and Papa, sending you 2
2024-10-14 18:32:35.853494 Quebec: Bravo, sending you 5
2024-10-14 18:32:35.853990 Mike: Bravo, sending you 6
2024-10-14 18:32:35.854322 Papa: Golf, Juliett, Uniform, Alpha and Kilo, sending you 2
2024-10-14 18:32:35.855394 Whiskey: Uniform, Papa and Kilo, sending you 3
2024-10-14 18:32:35.856260 Juliett: Golf, Alpha and Papa, sending you 2
2024-10-14 18:32:35.857563 Alpha: Golf, sending you 1
2024-10-14 18:32:35.858882 Kilo: Whiskey, Juliett, Uniform and Alpha, sending you 3
2024-10-14 18:32:35.859770 Mike: Quebec, sending you 5
2024-10-14 18:32:35.860112 Quebec: Mike and Papa, sending you 4
2024-10-14 18:32:35.860857 Papa: Whiskey and Quebec, sending you 3
2024-10-14 18:32:35.861680 Juliett: Whiskey, sending you 4
2024-10-14 18:32:35.863006 Alpha: Whiskey, Juliett, Uniform and Papa, sending you 2
2024-10-14 18:32:35.863911 Golf: Whiskey, Alpha, Papa and Kilo, sending you 1
2024-10-14 18:32:35.865672 Juliett: Uniform and Kilo, sending you 3
2024-10-14 18:32:35.867689 Alpha: Kilo, sending you 3
2024-10-14 18:32:35.869040 Uniform: Golf, Alpha and Papa, sending you 2
2024-10-14 18:32:35.870186 Golf: Juliett and Uniform, sending you 2
2024-10-14 18:32:35.873757 Uniform: Whiskey, Juliett and Kilo, sending you 3
chatterbot Mike submitting transactions
chatterbot Golf submitting transactions
chatterbot Alpha submitting transactions
chatterbot Kilo submitting transactions
chatterbot Whiskey submitting transactions
chatterbot Juliett submitting transactions
chatterbot Bravo submitting transactions
chatterbot Quebec submitting transactions
chatterbot Papa submitting transactions
chatterbot Uniform submitting transactions
ChatterBot Golf round 9
ChatterBot Whiskey round 9
ChatterBot Bravo round 9
ChatterBot Juliett round 9
ChatterBot Mike round 9
ChatterBot Uniform round 9
ChatterBot Alpha round 9
ChatterBot Quebec round 9
ChatterBot Papa round 9
ChatterBot Kilo round 9
2024-10-14 18:32:37.033656 Whiskey: Golf and Alpha, sending you 2
2024-10-14 18:32:37.037692 Whiskey: Juliett, sending you 5
2024-10-14 18:32:37.038429 Uniform: Golf, Alpha and Papa, sending you 2
2024-10-14 18:32:37.039698 Juliett: Golf, Alpha and Papa, sending you 2
2024-10-14 18:32:37.040453 Bravo: Mike, sending you 8
2024-10-14 18:32:37.040747 Mike: Bravo, sending you 6
2024-10-14 18:32:37.041076 Whiskey: Uniform, Papa and Kilo, sending you 3
2024-10-14 18:32:37.041809 Golf: Whiskey, Alpha, Papa and Kilo, sending you 1
2024-10-14 18:32:37.042702 Juliett: Whiskey, sending you 4
2024-10-14 18:32:37.043900 Uniform: Whiskey, Juliett and Kilo, sending you 3
2024-10-14 18:32:37.045215 Mike: Quebec, sending you 5
2024-10-14 18:32:37.045691 Bravo: Quebec, sending you 9
2024-10-14 18:32:37.046683 Golf: Juliett and Uniform, sending you 2
2024-10-14 18:32:37.047688 Juliett: Uniform and Kilo, sending you 3
2024-10-14 18:32:37.051745 Alpha: Golf, sending you 1
2024-10-14 18:32:37.052693 Papa: Golf, Juliett, Uniform, Alpha and Kilo, sending you 2
2024-10-14 18:32:37.053237 Quebec: Bravo, sending you 5
2024-10-14 18:32:37.054692 Kilo: Golf and Papa, sending you 2
2024-10-14 18:32:37.056151 Alpha: Whiskey, Juliett, Uniform and Papa, sending you 2
2024-10-14 18:32:37.057096 Quebec: Mike and Papa, sending you 4
2024-10-14 18:32:37.057685 Papa: Whiskey and Quebec, sending you 3
2024-10-14 18:32:37.060654 Kilo: Whiskey, Juliett, Uniform and Alpha, sending you 3
2024-10-14 18:32:37.061682 Alpha: Kilo, sending you 3
chatterbot Bravo submitting transactions
chatterbot Juliett submitting transactions
chatterbot Mike submitting transactions
chatterbot Alpha submitting transactions
chatterbot Uniform submitting transactions
chatterbot Quebec submitting transactions
chatterbot Golf submitting transactions
chatterbot Papa submitting transactions
chatterbot Whiskey submitting transactions
chatterbot Kilo submitting transactions
ChatterBot Golf round 10
ChatterBot Whiskey round 10
ChatterBot Bravo round 10
ChatterBot Juliett round 10
ChatterBot Mike round 10
ChatterBot Uniform round 10
ChatterBot Alpha round 10
ChatterBot Quebec round 10
ChatterBot Papa round 10
ChatterBot Kilo round 10
2024-10-14 18:32:38.324674 Whiskey: Golf and Alpha, sending you 2
2024-10-14 18:32:38.325692 Golf: Whiskey, Alpha, Papa and Kilo, sending you 1
2024-10-14 18:32:38.329729 Whiskey: Juliett, sending you 5
2024-10-14 18:32:38.331671 Golf: Juliett and Uniform, sending you 2
2024-10-14 18:32:38.332689 Bravo: Mike, sending you 8
2024-10-14 18:32:38.333047 Juliett: Golf, Alpha and Papa, sending you 2
2024-10-14 18:32:38.334687 Whiskey: Uniform, Papa and Kilo, sending you 3
2024-10-14 18:32:38.336671 Bravo: Quebec, sending you 9
2024-10-14 18:32:38.337026 Juliett: Whiskey, sending you 4
2024-10-14 18:32:38.338718 Alpha: Golf, sending you 1
2024-10-14 18:32:38.340046 Uniform: Golf, Alpha and Papa, sending you 2
2024-10-14 18:32:38.340982 Quebec: Bravo, sending you 5
2024-10-14 18:32:38.341425 Juliett: Uniform and Kilo, sending you 3
2024-10-14 18:32:38.343023 Alpha: Whiskey, Juliett, Uniform and Papa, sending you 2
2024-10-14 18:32:38.343871 Papa: Golf, Juliett, Uniform, Alpha and Kilo, sending you 2
2024-10-14 18:32:38.344421 Quebec: Mike and Papa, sending you 4
2024-10-14 18:32:38.344792 Uniform: Whiskey, Juliett and Kilo, sending you 3
2024-10-14 18:32:38.346665 Alpha: Kilo, sending you 4
2024-10-14 18:32:38.347456 Papa: Whiskey and Quebec, sending you 3
2024-10-14 18:32:38.348028 Kilo: Golf and Papa, sending you 2
2024-10-14 18:32:38.352674 Kilo: Whiskey, Juliett, Uniform and Alpha, sending you 3
chatterbot Golf submitting transactions
chatterbot Papa submitting transactions
chatterbot Uniform submitting transactions
chatterbot Bravo submitting transactions
chatterbot Mike submitting transactions
chatterbot Alpha submitting transactions
chatterbot Kilo submitting transactions
chatterbot Juliett submitting transactions
chatterbot Whiskey submitting transactions
chatterbot Quebec submitting transactions
ChatterBot Golf round 11
ChatterBot Whiskey round 11
ChatterBot Bravo round 11
ChatterBot Juliett round 11
ChatterBot Mike round 11
ChatterBot Uniform round 11
ChatterBot Alpha round 11
ChatterBot Quebec round 11
ChatterBot Papa round 11
ChatterBot Kilo round 11
2024-10-14 18:32:39.590665 Whiskey: Golf, sending you 1
2024-10-14 18:32:39.593907 Whiskey: Juliett, Uniform, Papa and Kilo, sending you 3
2024-10-14 18:32:39.594865 Bravo: Mike, sending you 8
2024-10-14 18:32:39.595295 Mike: Bravo, sending you 6
2024-10-14 18:32:39.596676 Alpha: Golf, sending you 1
2024-10-14 18:32:39.598667 Bravo: Quebec, sending you 9
2024-10-14 18:32:39.599673 Whiskey: Alpha, sending you 2
2024-10-14 18:32:39.600488 Mike: Quebec, sending you 5
2024-10-14 18:32:39.601117 Juliett: Golf and Alpha, sending you 2
2024-10-14 18:32:39.601854 Alpha: Whiskey, Juliett, Uniform and Papa, sending you 2
2024-10-14 18:32:39.603670 Uniform: Golf, Alpha and Papa, sending you 2
2024-10-14 18:32:39.605677 Juliett: Whiskey, sending you 4
2024-10-14 18:32:39.606698 Kilo: Golf and Papa, sending you 2
2024-10-14 18:32:39.607973 Alpha: Kilo, sending you 4
2024-10-14 18:32:39.609835 Golf: Sending you each 1
2024-10-14 18:32:39.611359 Uniform: Whiskey, Juliett and Kilo, sending you 3
2024-10-14 18:32:39.612769 Papa: I was attacked by Mike
ChatterBot Golf reevaluating
ChatterBot Whiskey reevaluating
ChatterBot Juliett reevaluating
ChatterBot Uniform reevaluating
ChatterBot Alpha reevaluating
ChatterBot Kilo reevaluating
ChatterBot Quebec reevaluating
2024-10-14 18:32:39.650415 Papa: I'm keeping this round to protect myself
2024-10-14 18:32:39.653158 Papa: Ow
2024-10-14 18:32:39.667686 Whiskey: Golf, sending you 2
2024-10-14 18:32:39.673656 Whiskey: Juliett, sending you 4
2024-10-14 18:32:39.676370 Alpha: Sorry, I'm actually sending you 0
2024-10-14 18:32:39.677671 Whiskey: Uniform, Alpha, Papa and Kilo, sending you 3
2024-10-14 18:32:39.679677 Alpha: Whiskey, Juliett, Uniform, Papa and Kilo, sending you 2
2024-10-14 18:32:39.683651 Golf: Juliett and Uniform, sending you 2
chatterbot Mike submitting transactions
chatterbot Papa submitting transactions
chatterbot Alpha submitting transactions
chatterbot Whiskey submitting transactions
chatterbot Bravo submitting transactions
chatterbot Kilo submitting transactions
chatterbot Juliett submitting transactions
chatterbot Golf submitting transactions
chatterbot Uniform submitting transactions
chatterbot Quebec submitting transactions
ChatterBot Golf round 12
ChatterBot Whiskey round 12
ChatterBot Bravo round 12
ChatterBot Juliett round 12
ChatterBot Mike round 12
ChatterBot Uniform round 12
ChatterBot Alpha round 12
ChatterBot Quebec round 12
ChatterBot Papa round 12
ChatterBot Kilo round 12
2024-10-14 18:32:40.854203 Alpha: We should drop Golf
ChatterBot Juliett reevaluating
2024-10-14 18:32:40.865272 Whiskey: No
2024-10-14 18:32:40.865411 Juliett: No
2024-10-14 18:32:40.865510 Uniform: No
2024-10-14 18:32:40.865604 Papa: No
2024-10-14 18:32:40.865716 Kilo: No
ChatterBot Alpha reevaluating
ChatterBot Juliett reevaluating
ChatterBot Alpha reevaluating
ChatterBot Alpha reevaluating
ChatterBot Juliett reevaluating
ChatterBot Alpha reevaluating
ChatterBot Juliett reevaluating
ChatterBot Alpha reevaluating
ChatterBot Juliett reevaluating
2024-10-14 18:32:40.925386 Mike: I was attacked by Juliett and Alpha
ChatterBot Bravo reevaluating
ChatterBot Quebec reevaluating
2024-10-14 18:32:40.931295 Mike: I'm keeping this round to protect myself
2024-10-14 18:32:40.931861 Mike: Ow
2024-10-14 18:32:40.932362 Uniform: Golf, Alpha and Papa, sending you 2
2024-10-14 18:32:40.934704 Whiskey: Golf, sending you 2
2024-10-14 18:32:40.936712 Uniform: Whiskey, Juliett and Kilo, sending you 3
2024-10-14 18:32:40.940669 Whiskey: Juliett, sending you 4
2024-10-14 18:32:40.942677 Golf: Whiskey, Juliett, Alpha and Papa, sending you 1
2024-10-14 18:32:40.945688 Whiskey: Uniform, Alpha, Papa and Kilo, sending you 3
2024-10-14 18:32:40.947738 Papa: Golf, sending you 1
2024-10-14 18:32:40.949659 Golf: Uniform and Kilo, sending you 2
2024-10-14 18:32:40.950970 Alpha: Golf, sending you 1
2024-10-14 18:32:40.952033 Kilo: Golf and Papa, sending you 2
2024-10-14 18:32:40.954455 Whiskey: Juliett did not give me 4 like they said
ChatterBot Golf reevaluating
ChatterBot Juliett reevaluating
ChatterBot Uniform reevaluating
ChatterBot Papa reevaluating
ChatterBot Alpha reevaluating
ChatterBot Kilo reevaluating
2024-10-14 18:32:40.977706 Golf: Juliett did not give me 2 like they said
ChatterBot Whiskey reevaluating
ChatterBot Juliett reevaluating
ChatterBot Uniform reevaluating
ChatterBot Papa reevaluating
ChatterBot Alpha reevaluating
ChatterBot Kilo reevaluating
2024-10-14 18:32:41.025666 Papa: Golf, Juliett, Uniform, Alpha and Kilo, sending you 2
2024-10-14 18:32:41.029677 Papa: Whiskey and Quebec, sending you 3
chatterbot Quebec submitting transactions
chatterbot Golf submitting transactions
chatterbot Kilo submitting transactions
chatterbot Papa submitting transactions
chatterbot Whiskey submitting transactions
chatterbot Uniform submitting transactions
chatterbot Bravo submitting transactions
chatterbot Mike submitting transactions
chatterbot Alpha submitting transactions
chatterbot Juliett submitting transactions
ChatterBot Golf round 13
ChatterBot Whiskey round 13
ChatterBot Bravo round 13
ChatterBot Juliett round 13
ChatterBot Mike round 13
ChatterBot Uniform round 13
ChatterBot Alpha round 13
ChatterBot Quebec round 13
ChatterBot Papa round 13
ChatterBot Kilo round 13
2024-10-14 18:32:42.172673 Golf: Whiskey, Juliett, Uniform, Papa and Kilo, sending you 1
2024-10-14 18:32:42.179679 Papa: Golf, Juliett, Uniform, Alpha and Kilo, sending you 2
2024-10-14 18:32:42.180994 Whiskey: Golf, Alpha and Papa, sending you 2
2024-10-14 18:32:42.182018 Uniform: Golf, Alpha and Papa, sending you 2
