ChatterBot Golf round 1
ChatterBot November round 1
ChatterBot Papa round 1
ChatterBot Alpha round 1
ChatterBot Oscar round 1
ChatterBot Foxtrot round 1
ChatterBot Whiskey round 1
ChatterBot Victor round 1
ChatterBot Quebec round 1
ChatterBot Zulu round 1
randomSelections Alpha: {Alpha, Zulu, Quebec, Papa, Foxtrot, November, Victor, Whiskey} 
2024-10-14 23:16:29.347892 Alpha: Let's form a team
ChatterBot Zulu reevaluating
ChatterBot Quebec reevaluating
ChatterBot Papa reevaluating
ChatterBot Foxtrot reevaluating
ChatterBot November reevaluating
ChatterBot Victor reevaluating
ChatterBot Whiskey reevaluating
2024-10-14 23:16:29.365663 Zulu: Yes
2024-10-14 23:16:29.365830 Quebec: Yes
2024-10-14 23:16:29.366756 Papa: Yes
2024-10-14 23:16:29.366889 Foxtrot: Yes
2024-10-14 23:16:29.367062 November: Yes
2024-10-14 23:16:29.367186 Victor: Yes
2024-10-14 23:16:29.367324 Whiskey: Yes
ChatterBot Quebec reevaluating
ChatterBot Papa reevaluating
ChatterBot Foxtrot reevaluating
ChatterBot November reevaluating
ChatterBot Victor reevaluating
ChatterBot Whiskey reevaluating
ChatterBot Zulu reevaluating
ChatterBot Papa reevaluating
ChatterBot Foxtrot reevaluating
ChatterBot November reevaluating
ChatterBot Victor reevaluating
ChatterBot Whiskey reevaluating
ChatterBot Zulu reevaluating
ChatterBot Quebec reevaluating
ChatterBot Foxtrot reevaluating
ChatterBot November reevaluating
ChatterBot Victor reevaluating
ChatterBot Whiskey reevaluating
ChatterBot Zulu reevaluating
ChatterBot Quebec reevaluating
ChatterBot Papa reevaluating
ChatterBot November reevaluating
ChatterBot Victor reevaluating
ChatterBot Whiskey reevaluating
ChatterBot Zulu reevaluating
ChatterBot Quebec reevaluating
ChatterBot Papa reevaluating
ChatterBot Foxtrot reevaluating
ChatterBot Victor reevaluating
ChatterBot Whiskey reevaluating
ChatterBot Zulu reevaluating
ChatterBot Quebec reevaluating
ChatterBot Papa reevaluating
ChatterBot Foxtrot reevaluating
ChatterBot November reevaluating
ChatterBot Whiskey reevaluating
ChatterBot Zulu reevaluating
ChatterBot Quebec reevaluating
ChatterBot Papa reevaluating
ChatterBot Foxtrot reevaluating
ChatterBot November reevaluating
ChatterBot Victor reevaluating
randomSelections Golf: {Golf, Whiskey, Alpha, Oscar, Victor, Foxtrot} 
2024-10-14 23:16:29.464163 Golf: Can we be friends?
ChatterBot Whiskey reevaluating
ChatterBot Oscar reevaluating
ChatterBot Victor reevaluating
ChatterBot Foxtrot reevaluating
2024-10-14 23:16:29.479659 Whiskey: No
2024-10-14 23:16:29.479918 Alpha: No
2024-10-14 23:16:29.480184 Oscar: Yes
2024-10-14 23:16:29.480395 Victor: No
2024-10-14 23:16:29.480651 Foxtrot: No
ChatterBot Oscar reevaluating
ChatterBot Victor reevaluating
ChatterBot Foxtrot reevaluating
ChatterBot Whiskey reevaluating
ChatterBot Oscar reevaluating
ChatterBot Victor reevaluating
ChatterBot Foxtrot reevaluating
ChatterBot Whiskey reevaluating
ChatterBot Victor reevaluating
ChatterBot Foxtrot reevaluating
ChatterBot Whiskey reevaluating
ChatterBot Oscar reevaluating
ChatterBot Foxtrot reevaluating
ChatterBot Whiskey reevaluating
ChatterBot Oscar reevaluating
ChatterBot Victor reevaluating
2024-10-14 23:16:29.557798 Quebec: November, Papa and Alpha, sending you 3
2024-10-14 23:16:29.558823 November: Alpha, Foxtrot, Quebec and Zulu, sending you 3
2024-10-14 23:16:29.559667 Alpha: November and Whiskey, sending you 1
2024-10-14 23:16:29.561710 November: Whiskey, sending you 4
2024-10-14 23:16:29.563061 Quebec: Foxtrot and Victor, sending you 4
2024-10-14 23:16:29.564828 Alpha: Papa, Quebec and Zulu, sending you 2
2024-10-14 23:16:29.565328 Zulu: Alpha, sending you 3
2024-10-14 23:16:29.566355 Golf: Alpha, Whiskey and Victor, sending you 2
2024-10-14 23:16:29.566721 November: Victor, sending you 1
2024-10-14 23:16:29.568153 Quebec: Zulu, sending you 1
2024-10-14 23:16:29.568746 Oscar: Golf, Foxtrot and Whiskey, sending you 1
2024-10-14 23:16:29.569891 Alpha: Victor, sending you 3
2024-10-14 23:16:29.570461 Zulu: Foxtrot and Victor, sending you 1
2024-10-14 23:16:29.571568 Victor: November, Alpha and Foxtrot, sending you 1
2024-10-14 23:16:29.572112 Whiskey: Foxtrot, sending you 2
2024-10-14 23:16:29.573312 Golf: Oscar, sending you 7
2024-10-14 23:16:29.573815 Oscar: Victor, sending you 2
2024-10-14 23:16:29.574584 Papa: November, Alpha and Whiskey, sending you 1
2024-10-14 23:16:29.575062 Victor: Papa and Whiskey, sending you 4
2024-10-14 23:16:29.579328 Golf: Foxtrot, sending you 6
2024-10-14 23:16:29.580004 Papa: Foxtrot and Quebec, sending you 3
2024-10-14 23:16:29.581223 Victor: Quebec and Zulu, sending you 2
2024-10-14 23:16:29.584925 Papa: Victor, sending you 2
2024-10-14 23:16:29.588398 Papa: Zulu, sending you 5
chatterbot Papa submitting transactions
chatterbot Oscar submitting transactions
chatterbot Alpha submitting transactions
chatterbot Foxtrot submitting transactions
chatterbot Zulu submitting transactions
chatterbot Whiskey submitting transactions
chatterbot Victor submitting transactions
chatterbot Quebec submitting transactions
chatterbot Golf submitting transactions
chatterbot November submitting transactions
ChatterBot Golf round 2
ChatterBot November round 2
ChatterBot Papa round 2
ChatterBot Alpha round 2
ChatterBot Oscar round 2
ChatterBot Foxtrot round 2
ChatterBot Whiskey round 2
2024-10-14 23:16:36.031548 Oscar: Friends?
ChatterBot Golf reevaluating
2024-10-14 23:16:36.037751 Golf: Yes
ChatterBot Oscar reevaluating
ChatterBot Victor round 2
ChatterBot Quebec round 2
ChatterBot Zulu round 2
2024-10-14 23:16:36.056862 Golf: Let's form a team
ChatterBot Oscar reevaluating
ChatterBot Foxtrot reevaluating
2024-10-14 23:16:36.067435 Oscar: No
2024-10-14 23:16:36.068042 Foxtrot: Yes
ChatterBot Golf reevaluating
ChatterBot Foxtrot reevaluating
ChatterBot Golf reevaluating
ChatterBot Oscar reevaluating
2024-10-14 23:16:36.084315 Foxtrot: We would work well together
ChatterBot Golf reevaluating
ChatterBot Oscar reevaluating
ChatterBot Whiskey reevaluating
2024-10-14 23:16:36.096375 Golf: Yes
2024-10-14 23:16:36.096494 Oscar: No
2024-10-14 23:16:36.096582 Whiskey: No
ChatterBot Foxtrot reevaluating
ChatterBot Oscar reevaluating
ChatterBot Whiskey reevaluating
ChatterBot Foxtrot reevaluating
ChatterBot Golf reevaluating
ChatterBot Whiskey reevaluating
ChatterBot Foxtrot reevaluating
ChatterBot Golf reevaluating
ChatterBot Oscar reevaluating
2024-10-14 23:16:36.137353 Alpha: We should drop Foxtrot and Whiskey
ChatterBot Victor reevaluating
ChatterBot Quebec reevaluating
ChatterBot Zulu reevaluating
2024-10-14 23:16:36.154386 November: Yes
2024-10-14 23:16:36.154573 Papa: Yes
2024-10-14 23:16:36.155141 Victor: Yes
2024-10-14 23:16:36.155291 Quebec: Yes
2024-10-14 23:16:36.155424 Zulu: No
ChatterBot Victor reevaluating
ChatterBot Quebec reevaluating
ChatterBot Zulu reevaluating
ChatterBot Victor reevaluating
ChatterBot Quebec reevaluating
ChatterBot Zulu reevaluating
ChatterBot Quebec reevaluating
ChatterBot Zulu reevaluating
ChatterBot Victor reevaluating
ChatterBot Zulu reevaluating
ChatterBot Victor reevaluating
ChatterBot Quebec reevaluating
2024-10-14 23:16:36.268082 Whiskey: We should drop Foxtrot
2024-10-14 23:16:36.288906 November: Yes
2024-10-14 23:16:36.289186 Papa: Yes
2024-10-14 23:16:36.289376 Alpha: Yes
2024-10-14 23:16:36.289525 Victor: Yes
2024-10-14 23:16:36.290155 Quebec: Yes
2024-10-14 23:16:36.290306 Zulu: Yes
2024-10-14 23:16:36.567503 Golf: We should drop Alpha and Victor
ChatterBot Oscar reevaluating
2024-10-14 23:16:36.584012 Foxtrot: Yes
2024-10-14 23:16:36.584345 Oscar: Yes
2024-10-14 23:16:36.585183 Whiskey: No
ChatterBot Oscar reevaluating
ChatterBot Oscar reevaluating
2024-10-14 23:16:36.691479 Foxtrot: Golf, sending you 9
2024-10-14 23:16:36.692653 Alpha: November, Quebec and Zulu, sending you 4
chatterbot Zulu submitting transactions
chatterbot Foxtrot submitting transactions
2024-10-14 23:16:36.762059 Alpha: Papa and Victor, sending you 2
2024-10-14 23:16:36.762434 Foxtrot: Oscar, sending you 4
2024-10-14 23:16:36.762841 Papa: November and Zulu, sending you 1
2024-10-14 23:16:36.763208 Golf: Oscar, sending you 16
2024-10-14 23:16:36.764076 Whiskey: November and Victor, sending you 5
2024-10-14 23:16:36.764546 November: Papa, Alpha and Victor, sending you 3
2024-10-14 23:16:36.765655 Quebec: November and Papa, sending you 5
2024-10-14 23:16:36.766320 Foxtrot: Whiskey, sending you 5
2024-10-14 23:16:36.779555 Whiskey: Papa and Alpha, sending you 2
2024-10-14 23:16:36.780056 Papa: Alpha, sending you 3
2024-10-14 23:16:36.780984 Golf: Foxtrot, sending you 2
2024-10-14 23:16:36.781284 Quebec: Alpha and Victor, sending you 4
2024-10-14 23:16:36.781671 November: Quebec, sending you 8
2024-10-14 23:16:36.781952 Zulu: November, sending you 4
2024-10-14 23:16:36.782892 Oscar: Sending you 10
2024-10-14 23:16:36.783094 Victor: November and Zulu, sending you 2
2024-10-14 23:16:36.796930 Whiskey: Quebec and Zulu, sending you 1
2024-10-14 23:16:36.798010 Papa: Victor, sending you 6
2024-10-14 23:16:36.798428 November: Zulu, sending you 1
2024-10-14 23:16:36.799313 Golf: Whiskey, sending you 1
2024-10-14 23:16:36.799688 Zulu: Papa, sending you 6
2024-10-14 23:16:36.800116 Victor: Papa, sending you 3
2024-10-14 23:16:36.810025 Papa: Quebec, sending you 5
2024-10-14 23:16:36.810382 Zulu: Alpha and Victor, sending you 3
2024-10-14 23:16:36.810786 Victor: Alpha, sending you 4
2024-10-14 23:16:36.820420 Victor: Quebec, sending you 6
2024-10-14 23:16:36.821451 Zulu: Quebec, sending you 2
chatterbot Alpha submitting transactions
chatterbot Victor submitting transactions
chatterbot Whiskey submitting transactions
chatterbot Golf submitting transactions
chatterbot Quebec submitting transactions
chatterbot Papa submitting transactions
chatterbot November submitting transactions
chatterbot Oscar submitting transactions
ChatterBot Golf round 3
ChatterBot November round 3
ChatterBot Papa round 3
ChatterBot Alpha round 3
ChatterBot Oscar round 3
2024-10-14 23:16:37.861538 Alpha: We should add Whiskey
ChatterBot November reevaluating
ChatterBot Papa reevaluating
ChatterBot Victor reevaluating
2024-10-14 23:16:37.879464 November: Yes
2024-10-14 23:16:37.879694 Papa: Yes
2024-10-14 23:16:37.879886 Victor: Yes
2024-10-14 23:16:37.880008 Quebec: No
2024-10-14 23:16:37.880169 Zulu: No
ChatterBot Papa reevaluating
ChatterBot Victor reevaluating
ChatterBot Zulu reevaluating
ChatterBot November reevaluating
ChatterBot Victor reevaluating
ChatterBot Zulu reevaluating
ChatterBot November reevaluating
ChatterBot Papa reevaluating
ChatterBot Zulu reevaluating
ChatterBot November reevaluating
ChatterBot Papa reevaluating
ChatterBot Victor reevaluating
ChatterBot Zulu reevaluating
ChatterBot November reevaluating
ChatterBot Papa reevaluating
ChatterBot Victor reevaluating
ChatterBot Foxtrot round 3
ChatterBot Whiskey round 3
ChatterBot Victor round 3
ChatterBot Quebec round 3
ChatterBot Zulu round 3
2024-10-14 23:16:37.975315 Oscar: We should add Foxtrot and Whiskey
2024-10-14 23:16:37.978743 Golf: Yes
2024-10-14 23:16:37.982067 Alpha: Whiskey we want you to join our group
ChatterBot Whiskey reevaluating
2024-10-14 23:16:37.985116 Whiskey: Yes
ChatterBot November reevaluating
ChatterBot Papa reevaluating
ChatterBot Victor reevaluating
ChatterBot Quebec reevaluating
ChatterBot Zulu reevaluating
2024-10-14 23:16:38.005983 Quebec: We should add Zulu
2024-10-14 23:16:38.006258 Zulu: We should add Whiskey
ChatterBot November reevaluating
ChatterBot Papa reevaluating
ChatterBot Victor reevaluating
ChatterBot Quebec reevaluating
2024-10-14 23:16:38.026551 November: Yes
ChatterBot November reevaluating
2024-10-14 23:16:38.029723 Papa: Yes
ChatterBot Papa reevaluating
2024-10-14 23:16:38.032520 Alpha: Yes
2024-10-14 23:16:38.035422 Victor: Yes
ChatterBot Victor reevaluating
2024-10-14 23:16:38.038114 Quebec: No
2024-10-14 23:16:38.038699 November: Yes
2024-10-14 23:16:38.038831 Papa: Yes
2024-10-14 23:16:38.038943 Alpha: Yes
2024-10-14 23:16:38.039025 Victor: Yes
ChatterBot Quebec reevaluating
ChatterBot Papa reevaluating
ChatterBot Victor reevaluating
ChatterBot Zulu reevaluating
ChatterBot Quebec reevaluating
ChatterBot November reevaluating
ChatterBot Victor reevaluating
ChatterBot Zulu reevaluating
ChatterBot Quebec reevaluating
ChatterBot November reevaluating
ChatterBot Papa reevaluating
ChatterBot Victor reevaluating
ChatterBot Zulu reevaluating
ChatterBot Quebec reevaluating
ChatterBot November reevaluating
ChatterBot Papa reevaluating
ChatterBot Zulu reevaluating
ChatterBot November reevaluating
ChatterBot Papa reevaluating
ChatterBot Victor reevaluating
ChatterBot Zulu reevaluating
ChatterBot Quebec reevaluating
ChatterBot Papa reevaluating
ChatterBot Victor reevaluating
ChatterBot Quebec reevaluating
ChatterBot November reevaluating
ChatterBot Victor reevaluating
ChatterBot Quebec reevaluating
ChatterBot November reevaluating
ChatterBot Papa reevaluating
ChatterBot Victor reevaluating
ChatterBot Quebec reevaluating
ChatterBot November reevaluating
ChatterBot Papa reevaluating
2024-10-14 23:16:38.184832 Oscar: Foxtrot and Whiskey we want you to join our group
ChatterBot Whiskey reevaluating
2024-10-14 23:16:38.189398 Foxtrot: Yes
2024-10-14 23:16:38.189523 Whiskey: No
ChatterBot Whiskey reevaluating
2024-10-14 23:16:38.201752 Papa: Whiskey we want you to join our group
2024-10-14 23:16:38.204132 Whiskey: Yes
ChatterBot November reevaluating
ChatterBot Quebec reevaluating
2024-10-14 23:16:38.216489 Victor: Whiskey we want you to join our group
2024-10-14 23:16:38.218821 Whiskey: Yes
ChatterBot Quebec reevaluating
2024-10-14 23:16:38.230900 Zulu: Whiskey we want you to join our group
2024-10-14 23:16:38.232936 Whiskey: Yes
ChatterBot Quebec reevaluating
2024-10-14 23:16:38.245378 November: Whiskey we want you to join our group
2024-10-14 23:16:38.248043 Whiskey: Yes
2024-10-14 23:16:38.259974 Golf: Oscar and Foxtrot, sending you 9
2024-10-14 23:16:38.260297 Alpha: November and Victor, sending you 3
2024-10-14 23:16:38.260639 Quebec: Zulu we want you to join our group
2024-10-14 23:16:38.262980 Zulu: Yes
2024-10-14 23:16:38.273338 Golf: Whiskey, sending you 1
2024-10-14 23:16:38.273656 Alpha: Papa and Whiskey, sending you 2
2024-10-14 23:16:38.273951 Foxtrot: Golf, sending you 10
2024-10-14 23:16:38.275984 Whiskey: November and Victor, sending you 5
2024-10-14 23:16:38.276664 Oscar: Golf, sending you 10
2024-10-14 23:16:38.276987 Foxtrot: Oscar, sending you 3
2024-10-14 23:16:38.277679 Papa: November, Alpha and Whiskey, sending you 2
2024-10-14 23:16:38.278598 Victor: November and Zulu, sending you 2
2024-10-14 23:16:38.279051 Alpha: Quebec and Zulu, sending you 4
2024-10-14 23:16:38.279671 Whiskey: Papa and Alpha, sending you 2
2024-10-14 23:16:38.280667 Oscar: Foxtrot, sending you 5
2024-10-14 23:16:38.281884 Foxtrot: Whiskey, sending you 5
2024-10-14 23:16:38.282722 Papa: Victor and Zulu, sending you 3
2024-10-14 23:16:38.283276 Zulu: November and Victor, sending you 3
2024-10-14 23:16:38.283850 Victor: Papa, sending you 4
2024-10-14 23:16:38.284393 Whiskey: Quebec and Zulu, sending you 1
2024-10-14 23:16:38.284946 Oscar: Whiskey, sending you 2
2024-10-14 23:16:38.285952 Papa: Quebec, sending you 4
2024-10-14 23:16:38.287726 Zulu: Papa and Alpha, sending you 4
2024-10-14 23:16:38.288740 Victor: Alpha, Whiskey and Quebec, sending you 3
2024-10-14 23:16:38.291695 Quebec: November, sending you 5
2024-10-14 23:16:38.292158 Zulu: Whiskey and Quebec, sending you 2
2024-10-14 23:16:38.293677 November: Papa and Victor, sending you 2
2024-10-14 23:16:38.296671 Quebec: Papa and Victor, sending you 4
2024-10-14 23:16:38.297042 November: Alpha and Zulu, sending you 3
2024-10-14 23:16:38.299671 Quebec: Alpha, sending you 3
2024-10-14 23:16:38.301908 November: Whiskey and Quebec, sending you 4
2024-10-14 23:16:38.302677 Quebec: Zulu, sending you 2
chatterbot Foxtrot submitting transactions
chatterbot Oscar submitting transactions
chatterbot Victor submitting transactions
chatterbot November submitting transactions
chatterbot Whiskey submitting transactions
chatterbot Quebec submitting transactions
chatterbot Alpha submitting transactions
chatterbot Papa submitting transactions
chatterbot Zulu submitting transactions
chatterbot Golf submitting transactions
ChatterBot Golf round 4
ChatterBot November round 4
ChatterBot Papa round 4
ChatterBot Alpha round 4
ChatterBot Oscar round 4
ChatterBot Foxtrot round 4
ChatterBot Whiskey round 4
ChatterBot Victor round 4
ChatterBot Quebec round 4
ChatterBot Zulu round 4
2024-10-14 23:16:39.324239 November: Papa and Victor, sending you 2
2024-10-14 23:16:39.326694 Papa: November, Alpha and Whiskey, sending you 2
2024-10-14 23:16:39.328123 Oscar: Golf, sending you 12
2024-10-14 23:16:39.328468 Whiskey: November, sending you 5
2024-10-14 23:16:39.329035 Victor: November and Zulu, sending you 2
2024-10-14 23:16:39.330083 November: Alpha and Zulu, sending you 3
2024-10-14 23:16:39.330957 Golf: Oscar, sending you 10
2024-10-14 23:16:39.332149 Papa: Victor and Zulu, sending you 3
2024-10-14 23:16:39.332874 Whiskey: Papa, Alpha and Zulu, sending you 2
2024-10-14 23:16:39.333336 Alpha: November, Papa and Victor, sending you 3
2024-10-14 23:16:39.334524 Victor: Papa, Alpha and Whiskey, sending you 3
2024-10-14 23:16:39.335138 Zulu: November and Victor, sending you 3
2024-10-14 23:16:39.335620 Oscar: Foxtrot, sending you 6
2024-10-14 23:16:39.335936 Foxtrot: Golf, sending you 9
2024-10-14 23:16:39.336860 November: Whiskey and Quebec, sending you 4
2024-10-14 23:16:39.337468 Golf: Foxtrot, sending you 8
2024-10-14 23:16:39.337764 Papa: Quebec, sending you 4
2024-10-14 23:16:39.338746 Whiskey: Victor, sending you 4
2024-10-14 23:16:39.339736 Alpha: Whiskey, sending you 2
2024-10-14 23:16:39.341167 Zulu: Papa and Alpha, sending you 4
2024-10-14 23:16:39.342202 Victor: Quebec, sending you 4
2024-10-14 23:16:39.343448 Foxtrot: Oscar, sending you 6
2024-10-14 23:16:39.343882 Quebec: November, Papa, Alpha and Victor, sending you 4
2024-10-14 23:16:39.344969 Golf: Whiskey, sending you 1
2024-10-14 23:16:39.345442 Whiskey: Quebec, sending you 1
2024-10-14 23:16:39.346132 Zulu: Whiskey and Quebec, sending you 2
2024-10-14 23:16:39.347522 Alpha: Quebec and Zulu, sending you 4
2024-10-14 23:16:39.348631 Foxtrot: Whiskey, sending you 3
2024-10-14 23:16:39.349588 Quebec: Zulu, sending you 2
chatterbot Papa submitting transactions
chatterbot Whiskey submitting transactions
chatterbot Victor submitting transactions
chatterbot Oscar submitting transactions
chatterbot Foxtrot submitting transactions
chatterbot Zulu submitting transactions
chatterbot Quebec submitting transactions
chatterbot Golf submitting transactions
chatterbot November submitting transactions
chatterbot Alpha submitting transactions
ChatterBot Golf round 5
ChatterBot November round 5
ChatterBot Papa round 5
ChatterBot Alpha round 5
ChatterBot Oscar round 5
ChatterBot Foxtrot round 5
ChatterBot Whiskey round 5
ChatterBot Victor round 5
ChatterBot Quebec round 5
ChatterBot Zulu round 5
2024-10-14 23:16:40.471869 Golf: We should drop Whiskey
ChatterBot Foxtrot reevaluating
2024-10-14 23:16:40.477256 Oscar: Yes
2024-10-14 23:16:40.477579 Foxtrot: Yes
ChatterBot Foxtrot reevaluating
2024-10-14 23:16:40.499666 Whiskey: November, sending you 5
2024-10-14 23:16:40.507351 Whiskey: Papa, Alpha and Zulu, sending you 2
2024-10-14 23:16:40.509365 Papa: November, Alpha and Whiskey, sending you 2
2024-10-14 23:16:40.510280 Oscar: Golf, sending you 11
2024-10-14 23:16:40.512687 Whiskey: Victor, sending you 4
2024-10-14 23:16:40.514170 Papa: Victor and Zulu, sending you 3
2024-10-14 23:16:40.515094 Victor: November, sending you 2
2024-10-14 23:16:40.516291 Oscar: Foxtrot, sending you 7
2024-10-14 23:16:40.516671 Golf: Oscar, sending you 10
2024-10-14 23:16:40.518328 Whiskey: Quebec, sending you 1
2024-10-14 23:16:40.519908 Alpha: November, Papa and Victor, sending you 3
2024-10-14 23:16:40.521709 Papa: Quebec, sending you 4
2024-10-14 23:16:40.523299 Quebec: November, Papa, Alpha and Victor, sending you 4
2024-10-14 23:16:40.524019 Victor: Papa, Alpha, Whiskey, Quebec and Zulu, sending you 3
2024-10-14 23:16:40.525520 Zulu: November, Papa and Victor, sending you 3
2024-10-14 23:16:40.526508 Golf: Foxtrot, sending you 9
2024-10-14 23:16:40.527738 November: Papa and Victor, sending you 2
2024-10-14 23:16:40.529486 Foxtrot: Golf, sending you 10
2024-10-14 23:16:40.530089 Alpha: Whiskey, sending you 2
2024-10-14 23:16:40.531489 Quebec: Zulu, sending you 2
2024-10-14 23:16:40.532160 Zulu: Alpha, sending you 5
2024-10-14 23:16:40.533493 November: Alpha and Zulu, sending you 3
2024-10-14 23:16:40.534288 Foxtrot: Oscar, sending you 8
2024-10-14 23:16:40.534793 Alpha: Quebec and Zulu, sending you 4
2024-10-14 23:16:40.537687 Zulu: Whiskey and Quebec, sending you 2
2024-10-14 23:16:40.539260 November: Whiskey and Quebec, sending you 4
chatterbot Foxtrot submitting transactions
chatterbot Victor submitting transactions
chatterbot Oscar submitting transactions
chatterbot Alpha submitting transactions
chatterbot Golf submitting transactions
chatterbot Papa submitting transactions
chatterbot November submitting transactions
chatterbot Whiskey submitting transactions
chatterbot Quebec submitting transactions
chatterbot Zulu submitting transactions
ChatterBot Golf round 6
ChatterBot November round 6
ChatterBot Papa round 6
ChatterBot Alpha round 6
ChatterBot Oscar round 6
ChatterBot Foxtrot round 6
ChatterBot Whiskey round 6
ChatterBot Victor round 6
ChatterBot Quebec round 6
ChatterBot Zulu round 6
2024-10-14 23:16:41.736721 Foxtrot: Golf, sending you 10
2024-10-14 23:16:41.741417 Foxtrot: Oscar, sending you 8
2024-10-14 23:16:41.745676 Victor: November, sending you 2
2024-10-14 23:16:41.747017 Papa: November and Whiskey, sending you 2
2024-10-14 23:16:41.748015 Whiskey: November and Victor, sending you 4
2024-10-14 23:16:41.752895 Quebec: November, Papa, Alpha and Victor, sending you 4
2024-10-14 23:16:41.753817 Victor: Papa, Alpha, Whiskey, Quebec and Zulu, sending you 3
2024-10-14 23:16:41.756526 Papa: Alpha, Victor, Quebec and Zulu, sending you 3
2024-10-14 23:16:41.757573 Whiskey: Papa, sending you 3
2024-10-14 23:16:41.762959 Golf: Oscar, sending you 10
2024-10-14 23:16:41.763415 Alpha: November and Victor, sending you 3
2024-10-14 23:16:41.766445 Quebec: Zulu, sending you 2
2024-10-14 23:16:41.767214 November: Papa and Victor, sending you 2
2024-10-14 23:16:41.772642 Oscar: Golf, sending you 11
2024-10-14 23:16:41.773222 Whiskey: Alpha and Zulu, sending you 2
2024-10-14 23:16:41.774176 Golf: Foxtrot, sending you 9
2024-10-14 23:16:41.776404 Alpha: Papa and Whiskey, sending you 2
2024-10-14 23:16:41.777296 Zulu: November, Papa and Victor, sending you 3
2024-10-14 23:16:41.782719 November: Alpha and Zulu, sending you 3
2024-10-14 23:16:41.783695 Whiskey: Quebec, sending you 1
2024-10-14 23:16:41.786129 Oscar: Foxtrot, sending you 7
2024-10-14 23:16:41.786527 Alpha: Quebec, sending you 4
2024-10-14 23:16:41.787694 Zulu: Alpha, sending you 5
2024-10-14 23:16:41.790723 November: Whiskey and Quebec, sending you 4
2024-10-14 23:16:41.795310 Alpha: Zulu, sending you 5
2024-10-14 23:16:41.797218 Zulu: Whiskey and Quebec, sending you 2
chatterbot Alpha submitting transactions
chatterbot Foxtrot submitting transactions
chatterbot Golf submitting transactions
chatterbot November submitting transactions
chatterbot Whiskey submitting transactions
chatterbot Victor submitting transactions
chatterbot Oscar submitting transactions
chatterbot Papa submitting transactions
chatterbot Zulu submitting transactions
chatterbot Quebec submitting transactions
ChatterBot Golf round 7
ChatterBot November round 7
ChatterBot Papa round 7
ChatterBot Alpha round 7
ChatterBot Oscar round 7
ChatterBot Foxtrot round 7
ChatterBot Whiskey round 7
ChatterBot Victor round 7
ChatterBot Quebec round 7
ChatterBot Zulu round 7
2024-10-14 23:16:42.714686 Golf: Oscar, sending you 10
2024-10-14 23:16:42.717671 Alpha: November, Papa and Victor, sending you 3
2024-10-14 23:16:42.718683 Golf: Foxtrot, sending you 9
2024-10-14 23:16:42.720678 November: Papa and Victor, sending you 2
2024-10-14 23:16:42.721668 Alpha: Whiskey, sending you 2
2024-10-14 23:16:42.722265 Papa: November, Alpha and Whiskey, sending you 2
2024-10-14 23:16:42.723674 Oscar: Golf, sending you 11
2024-10-14 23:16:42.724083 November: Alpha and Zulu, sending you 3
2024-10-14 23:16:42.725661 Quebec: November, Papa, Alpha and Victor, sending you 4
2024-10-14 23:16:42.726198 Alpha: Quebec and Zulu, sending you 4
2024-10-14 23:16:42.727667 Papa: Victor and Zulu, sending you 3
2024-10-14 23:16:42.728560 November: Whiskey and Quebec, sending you 4
2024-10-14 23:16:42.729416 Whiskey: November and Victor, sending you 4
2024-10-14 23:16:42.730153 Oscar: Foxtrot, sending you 7
2024-10-14 23:16:42.730460 Quebec: Zulu, sending you 2
2024-10-14 23:16:42.732654 Papa: Quebec, sending you 4
2024-10-14 23:16:42.733246 Foxtrot: Golf, sending you 10
2024-10-14 23:16:42.733490 Whiskey: Papa, sending you 3
2024-10-14 23:16:42.735668 Foxtrot: Oscar, sending you 8
2024-10-14 23:16:42.738674 Whiskey: Alpha and Zulu, sending you 2
2024-10-14 23:16:42.740654 Victor: November, sending you 2
2024-10-14 23:16:42.741879 Whiskey: Quebec, sending you 1
2024-10-14 23:16:42.742659 Zulu: November, Papa and Victor, sending you 3
2024-10-14 23:16:42.745691 Victor: Papa, Alpha, Whiskey, Quebec and Zulu, sending you 3
2024-10-14 23:16:42.748120 Zulu: Alpha, sending you 5
2024-10-14 23:16:42.753692 Zulu: Whiskey and Quebec, sending you 2
chatterbot Oscar submitting transactions
chatterbot Zulu submitting transactions
chatterbot November submitting transactions
chatterbot Golf submitting transactions
chatterbot Victor submitting transactions
chatterbot Whiskey submitting transactions
chatterbot Foxtrot submitting transactions
chatterbot Papa submitting transactions
chatterbot Quebec submitting transactions
chatterbot Alpha submitting transactions
ChatterBot Golf round 8
ChatterBot November round 8
ChatterBot Papa round 8
ChatterBot Alpha round 8
ChatterBot Oscar round 8
ChatterBot Foxtrot round 8
ChatterBot Whiskey round 8
ChatterBot Victor round 8
ChatterBot Quebec round 8
ChatterBot Zulu round 8
2024-10-14 23:16:43.925666 Oscar: Golf, sending you 10
2024-10-14 23:16:43.929688 Papa: November and Whiskey, sending you 2
2024-10-14 23:16:43.930890 Oscar: Foxtrot, sending you 8
2024-10-14 23:16:43.931208 Alpha: November, Papa and Victor, sending you 3
2024-10-14 23:16:43.931799 Victor: November, sending you 2
2024-10-14 23:16:43.932323 Golf: Oscar, sending you 10
2024-10-14 23:16:43.934059 Zulu: November, Papa and Victor, sending you 3
2024-10-14 23:16:43.934933 Quebec: November, Papa, Alpha and Victor, sending you 4
2024-10-14 23:16:43.935516 Papa: Alpha, Victor, Quebec and Zulu, sending you 3
2024-10-14 23:16:43.936320 Golf: Foxtrot, sending you 9
2024-10-14 23:16:43.936743 Alpha: Whiskey, sending you 2
2024-10-14 23:16:43.938090 Victor: Papa, Alpha, Whiskey, Quebec and Zulu, sending you 3
2024-10-14 23:16:43.938931 November: Papa and Victor, sending you 2
2024-10-14 23:16:43.939760 Zulu: Alpha, sending you 5
2024-10-14 23:16:43.941486 Whiskey: November and Victor, sending you 4
2024-10-14 23:16:43.942811 Quebec: Zulu, sending you 2
2024-10-14 23:16:43.944026 Alpha: Quebec and Zulu, sending you 4
2024-10-14 23:16:43.945932 November: Alpha and Zulu, sending you 3
2024-10-14 23:16:43.947272 Zulu: Whiskey and Quebec, sending you 2
2024-10-14 23:16:43.948649 Whiskey: Papa and Alpha, sending you 3
2024-10-14 23:16:43.949718 Foxtrot: Golf, sending you 10
2024-10-14 23:16:43.950712 November: Whiskey and Quebec, sending you 4
2024-10-14 23:16:43.954783 Whiskey: Zulu, sending you 2
2024-10-14 23:16:43.955714 Foxtrot: Oscar, sending you 8
chatterbot November submitting transactions
chatterbot Whiskey submitting transactions
chatterbot Golf submitting transactions
chatterbot Quebec submitting transactions
chatterbot Alpha submitting transactions
chatterbot Oscar submitting transactions
chatterbot Papa submitting transactions
chatterbot Zulu submitting transactions
chatterbot Victor submitting transactions
chatterbot Foxtrot submitting transactions
ChatterBot Golf round 9
ChatterBot November round 9
ChatterBot Papa round 9
ChatterBot Alpha round 9
ChatterBot Oscar round 9
ChatterBot Foxtrot round 9
ChatterBot Whiskey round 9
ChatterBot Victor round 9
ChatterBot Quebec round 9
ChatterBot Zulu round 9
2024-10-14 23:16:45.151661 Oscar: Golf, sending you 10
2024-10-14 23:16:45.153681 Alpha: November, Papa and Victor, sending you 3
2024-10-14 23:16:45.154808 November: Papa and Victor, sending you 2
2024-10-14 23:16:45.155805 Oscar: Foxtrot, sending you 8
2024-10-14 23:16:45.157674 Alpha: Whiskey, sending you 2
2024-10-14 23:16:45.159697 Foxtrot: Golf, sending you 10
2024-10-14 23:16:45.160690 November: Alpha and Zulu, sending you 3
2024-10-14 23:16:45.162713 Foxtrot: Oscar, sending you 8
2024-10-14 23:16:45.163943 Alpha: Quebec and Zulu, sending you 4
2024-10-14 23:16:45.165677 Golf: Oscar, sending you 10
2024-10-14 23:16:45.166880 November: Whiskey and Quebec, sending you 4
2024-10-14 23:16:45.167714 Zulu: November, Papa and Victor, sending you 3
2024-10-14 23:16:45.168388 Quebec: November, Papa, Alpha and Victor, sending you 4
2024-10-14 23:16:45.168886 Papa: November and Whiskey, sending you 2
2024-10-14 23:16:45.170653 Golf: Foxtrot, sending you 9
2024-10-14 23:16:45.171680 Quebec: Zulu, sending you 2
2024-10-14 23:16:45.172695 Zulu: Alpha, sending you 5
2024-10-14 23:16:45.174206 Papa: Alpha, Victor, Quebec and Zulu, sending you 3
2024-10-14 23:16:45.175391 Victor: November, sending you 2
2024-10-14 23:16:45.176417 Whiskey: November and Victor, sending you 4
2024-10-14 23:16:45.178681 Zulu: Whiskey and Quebec, sending you 2
2024-10-14 23:16:45.180189 Victor: Papa, Alpha, Whiskey, Quebec and Zulu, sending you 3
2024-10-14 23:16:45.182690 Whiskey: Papa and Alpha, sending you 3
2024-10-14 23:16:45.189176 Whiskey: Zulu, sending you 2
chatterbot November submitting transactions
chatterbot Oscar submitting transactions
chatterbot Golf submitting transactions
chatterbot Quebec submitting transactions
chatterbot Victor submitting transactions
chatterbot Foxtrot submitting transactions
chatterbot Alpha submitting transactions
chatterbot Papa submitting transactions
chatterbot Whiskey submitting transactions
chatterbot Zulu submitting transactions
ChatterBot Golf round 10
ChatterBot November round 10
ChatterBot Papa round 10
ChatterBot Alpha round 10
ChatterBot Oscar round 10
ChatterBot Foxtrot round 10
ChatterBot Whiskey round 10
ChatterBot Victor round 10
ChatterBot Quebec round 10
ChatterBot Zulu round 10
2024-10-14 23:16:46.425804 Golf: Oscar, sending you 10
2024-10-14 23:16:46.426723 Papa: November and Whiskey, sending you 2
2024-10-14 23:16:46.429722 Quebec: November, Papa, Alpha and Victor, sending you 4
2024-10-14 23:16:46.430869 Golf: Foxtrot, sending you 9
2024-10-14 23:16:46.431538 Papa: Alpha, Victor, Quebec and Zulu, sending you 3
2024-10-14 23:16:46.434673 Zulu: November, Papa and Victor, sending you 3
2024-10-14 23:16:46.436081 Quebec: Zulu, sending you 2
2024-10-14 23:16:46.437595 November: Papa and Victor, sending you 2
2024-10-14 23:16:46.439373 Alpha: November, Papa and Victor, sending you 3
2024-10-14 23:16:46.441329 Zulu: Alpha, sending you 5
2024-10-14 23:16:46.442487 Foxtrot: Golf, sending you 10
2024-10-14 23:16:46.443283 Oscar: Golf, sending you 10
2024-10-14 23:16:46.443642 Victor: November, sending you 2
2024-10-14 23:16:46.444689 Whiskey: November and Victor, sending you 4
2024-10-14 23:16:46.446593 November: Alpha and Zulu, sending you 3
2024-10-14 23:16:46.448078 Alpha: Whiskey, sending you 2
2024-10-14 23:16:46.449735 Zulu: Whiskey and Quebec, sending you 2
2024-10-14 23:16:46.451524 Oscar: Foxtrot, sending you 8
2024-10-14 23:16:46.452536 Foxtrot: Oscar, sending you 8
2024-10-14 23:16:46.453099 Victor: Papa, Alpha, Whiskey, Quebec and Zulu, sending you 3
2024-10-14 23:16:46.454834 Whiskey: Papa and Alpha, sending you 3
2024-10-14 23:16:46.457026 November: Whiskey and Quebec, sending you 4
2024-10-14 23:16:46.458716 Alpha: Quebec and Zulu, sending you 4
2024-10-14 23:16:46.460787 Whiskey: Zulu, sending you 2
chatterbot Zulu submitting transactions
chatterbot Oscar submitting transactions
chatterbot Victor submitting transactions
chatterbot Alpha submitting transactions
chatterbot Papa submitting transactions
chatterbot Foxtrot submitting transactions
chatterbot Quebec submitting transactions
chatterbot November submitting transactions
chatterbot Whiskey submitting transactions
chatterbot Golf submitting transactions
ChatterBot Golf round 11
ChatterBot November round 11
ChatterBot Papa round 11
ChatterBot Alpha round 11
ChatterBot Oscar round 11
ChatterBot Foxtrot round 11
ChatterBot Whiskey round 11
ChatterBot Victor round 11
ChatterBot Quebec round 11
ChatterBot Zulu round 11
2024-10-14 23:16:47.702898 November: Papa and Victor, sending you 2
2024-10-14 23:16:47.704355 Oscar: Golf, sending you 10
2024-10-14 23:16:47.704961 Golf: Oscar, sending you 10
2024-10-14 23:16:47.705784 Alpha: November, Papa and Victor, sending you 3
2024-10-14 23:16:47.706577 Quebec: November, Papa, Alpha and Victor, sending you 4
2024-10-14 23:16:47.707271 Whiskey: November and Victor, sending you 4
2024-10-14 23:16:47.708888 Papa: November and Whiskey, sending you 2
2024-10-14 23:16:47.709593 November: Alpha and Zulu, sending you 3
2024-10-14 23:16:47.710301 Oscar: Foxtrot, sending you 8
2024-10-14 23:16:47.711079 Alpha: Whiskey, sending you 2
2024-10-14 23:16:47.711873 Golf: Foxtrot, sending you 9
2024-10-14 23:16:47.712228 Foxtrot: Golf, sending you 10
2024-10-14 23:16:47.712752 Quebec: Zulu, sending you 2
2024-10-14 23:16:47.713780 Papa: Alpha, Victor, Quebec and Zulu, sending you 3
2024-10-14 23:16:47.714427 November: Whiskey and Quebec, sending you 4
2024-10-14 23:16:47.715088 Whiskey: Papa and Alpha, sending you 3
2024-10-14 23:16:47.716006 Victor: November, sending you 2
2024-10-14 23:16:47.717303 Alpha: Quebec and Zulu, sending you 4
2024-10-14 23:16:47.718659 Zulu: November, Papa and Victor, sending you 3
2024-10-14 23:16:47.720312 Foxtrot: Oscar, sending you 8
2024-10-14 23:16:47.720667 Whiskey: Zulu, sending you 2
2024-10-14 23:16:47.721806 Victor: Papa, Alpha, Whiskey, Quebec and Zulu, sending you 3
2024-10-14 23:16:47.723562 Zulu: Alpha, sending you 5
2024-10-14 23:16:47.728679 Zulu: Whiskey and Quebec, sending you 2
chatterbot Papa submitting transactions
chatterbot Golf submitting transactions
chatterbot Alpha submitting transactions
chatterbot Quebec submitting transactions
chatterbot Foxtrot submitting transactions
chatterbot Victor submitting transactions
chatterbot Whiskey submitting transactions
chatterbot Zulu submitting transactions
chatterbot Oscar submitting transactions
chatterbot November submitting transactions
ChatterBot Golf round 12
ChatterBot November round 12
ChatterBot Papa round 12
ChatterBot Alpha round 12
ChatterBot Oscar round 12
ChatterBot Foxtrot round 12
ChatterBot Whiskey round 12
ChatterBot Victor round 12
ChatterBot Quebec round 12
ChatterBot Zulu round 12
2024-10-14 23:16:49.022935 November: Papa and Victor, sending you 2
2024-10-14 23:16:49.026006 Alpha: November, Papa and Victor, sending you 3
2024-10-14 23:16:49.030069 Papa: November and Whiskey, sending you 2
2024-10-14 23:16:49.033570 November: Alpha, Whiskey and Zulu, sending you 3
2024-10-14 23:16:49.037893 Foxtrot: Golf, sending you 10
2024-10-14 23:16:49.038697 Oscar: Golf, sending you 10
2024-10-14 23:16:49.039830 Golf: Oscar, sending you 10
2024-10-14 23:16:49.040501 Alpha: Whiskey, sending you 2
2024-10-14 23:16:49.044437 Victor: November, sending you 2
2024-10-14 23:16:49.047888 Quebec: November, Papa, Alpha and Victor, sending you 4
2024-10-14 23:16:49.050126 Papa: Alpha, Victor, Quebec and Zulu, sending you 3
2024-10-14 23:16:49.053938 Whiskey: November and Victor, sending you 4
2024-10-14 23:16:49.057777 November: Quebec, sending you 5
2024-10-14 23:16:49.060274 Foxtrot: Oscar, sending you 8
2024-10-14 23:16:49.060774 Oscar: Foxtrot, sending you 8
2024-10-14 23:16:49.061741 Zulu: November, Papa and Victor, sending you 3
2024-10-14 23:16:49.064175 Golf: Foxtrot, sending you 9
2024-10-14 23:16:49.064787 Alpha: Quebec and Zulu, sending you 4
2024-10-14 23:16:49.067955 Victor: Papa, Alpha, Whiskey, Quebec and Zulu, sending you 3
2024-10-14 23:16:49.071505 Quebec: Zulu, sending you 2
2024-10-14 23:16:49.073922 Whiskey: Papa and Alpha, sending you 3
2024-10-14 23:16:49.077023 Zulu: Alpha, sending you 5
2024-10-14 23:16:49.081679 Whiskey: Zulu, sending you 2
2024-10-14 23:16:49.084980 Zulu: Whiskey and Quebec, sending you 2
chatterbot Victor submitting transactions
chatterbot Golf submitting transactions
chatterbot November submitting transactions
chatterbot Oscar submitting transactions
chatterbot Whiskey submitting transactions
chatterbot Zulu submitting transactions
chatterbot Alpha submitting transactions
chatterbot Quebec submitting transactions
chatterbot Foxtrot submitting transactions
chatterbot Papa submitting transactions
ChatterBot Golf round 13
ChatterBot November round 13
ChatterBot Papa round 13
ChatterBot Alpha round 13
ChatterBot Oscar round 13
ChatterBot Foxtrot round 13
ChatterBot Whiskey round 13
ChatterBot Victor round 13
ChatterBot Quebec round 13
ChatterBot Zulu round 13
2024-10-14 23:16:50.285680 Papa: November and Whiskey, sending you 2
2024-10-14 23:16:50.289059 November: Papa and Victor, sending you 2
2024-10-14 23:16:50.292784 Victor: November, sending you 2
2024-10-14 23:16:50.296373 Whiskey: November and Victor, sending you 4
2024-10-14 23:16:50.300675 Oscar: Golf, sending you 10
2024-10-14 23:16:50.301519 Papa: Alpha, Victor, Quebec and Zulu, sending you 3
2024-10-14 23:16:50.305449 Golf: Oscar, sending you 10
2024-10-14 23:16:50.306248 November: Alpha, Whiskey and Zulu, sending you 3
2024-10-14 23:16:50.309578 Victor: Papa, Alpha, Whiskey, Quebec and Zulu, sending you 3
2024-10-14 23:16:50.312702 Alpha: November, Papa and Victor, sending you 3
2024-10-14 23:16:50.316037 Zulu: November, Papa and Victor, sending you 3
2024-10-14 23:16:50.319411 Foxtrot: Sending you each 9
2024-10-14 23:16:50.320629 Oscar: Foxtrot, sending you 8
2024-10-14 23:16:50.321279 Whiskey: Papa and Alpha, sending you 3
2024-10-14 23:16:50.323695 Golf: Foxtrot, sending you 9
2024-10-14 23:16:50.324788 Quebec: November, Papa, Alpha and Victor, sending you 4
2024-10-14 23:16:50.326676 November: Quebec, sending you 5
2024-10-14 23:16:50.329642 Alpha: Whiskey, sending you 2
2024-10-14 23:16:50.332759 Zulu: Alpha, sending you 5
2024-10-14 23:16:50.335846 Whiskey: Zulu, sending you 2
2024-10-14 23:16:50.337294 Quebec: Zulu, sending you 2
2024-10-14 23:16:50.338909 Alpha: Quebec and Zulu, sending you 4
2024-10-14 23:16:50.340078 Zulu: Whiskey and Quebec, sending you 2
chatterbot November submitting transactions
chatterbot Quebec submitting transactions
chatterbot Papa submitting transactions
chatterbot Alpha submitting transactions
chatterbot Oscar submitting transactions
chatterbot Foxtrot submitting transactions
chatterbot Victor submitting transactions
chatterbot Zulu submitting transactions
chatterbot Whiskey submitting transactions
chatterbot Golf submitting transactions
ChatterBot Golf round 14
ChatterBot November round 14
ChatterBot Papa round 14
ChatterBot Alpha round 14
ChatterBot Oscar round 14
ChatterBot Foxtrot round 14
ChatterBot Whiskey round 14
ChatterBot Victor round 14
ChatterBot Quebec round 14
ChatterBot Zulu round 14
2024-10-14 23:16:51.613820 Golf: Oscar, sending you 10
2024-10-14 23:16:51.649482 Golf: Foxtrot, sending you 9
2024-10-14 23:16:51.651457 Oscar: Golf, sending you 10
2024-10-14 23:16:51.652568 Victor: November, sending you 2
2024-10-14 23:16:51.658116 Foxtrot: Same as last round
2024-10-14 23:16:51.659108 Whiskey: November and Victor, sending you 4
