ChatterBot Charlie round 1
ChatterBot Tango round 1
ChatterBot Zulu round 1
ChatterBot Delta round 1
ChatterBot Hotel round 1
ChatterBot Kilo round 1
ChatterBot Yankee round 1
ChatterBot Alpha round 1
ChatterBot Echo round 1
ChatterBot India round 1
randomSelections Tango: {Tango, Charlie, Yankee, Kilo, Echo, Hotel} 
2024-10-14 23:16:29.622400 Tango: Can we be friends?
ChatterBot Charlie reevaluating
ChatterBot Yankee reevaluating
ChatterBot Kilo reevaluating
ChatterBot Echo reevaluating
ChatterBot Hotel reevaluating
2024-10-14 23:16:29.703626 Charlie: Yes
2024-10-14 23:16:29.703826 Yankee: Yes
2024-10-14 23:16:29.703946 Kilo: Yes
2024-10-14 23:16:29.704075 Echo: Yes
2024-10-14 23:16:29.704186 Hotel: Yes
ChatterBot Yankee reevaluating
ChatterBot Kilo reevaluating
ChatterBot Echo reevaluating
ChatterBot Hotel reevaluating
ChatterBot Charlie reevaluating
ChatterBot Kilo reevaluating
ChatterBot Echo reevaluating
ChatterBot Hotel reevaluating
ChatterBot Charlie reevaluating
ChatterBot Yankee reevaluating
ChatterBot Echo reevaluating
ChatterBot Hotel reevaluating
ChatterBot Charlie reevaluating
ChatterBot Yankee reevaluating
ChatterBot Kilo reevaluating
ChatterBot Hotel reevaluating
ChatterBot Charlie reevaluating
ChatterBot Yankee reevaluating
ChatterBot Kilo reevaluating
ChatterBot Echo reevaluating
randomSelections Delta: {Delta, Yankee, Echo, Alpha, India, Zulu} 
2024-10-14 23:16:29.757579 Delta: Friends?
ChatterBot Yankee reevaluating
ChatterBot Echo reevaluating
ChatterBot Alpha reevaluating
ChatterBot India reevaluating
ChatterBot Zulu reevaluating
2024-10-14 23:16:29.766862 Yankee: No
2024-10-14 23:16:29.767297 Echo: No
2024-10-14 23:16:29.768633 Alpha: Yes
2024-10-14 23:16:29.768955 India: Yes
2024-10-14 23:16:29.769112 Zulu: Yes
ChatterBot Echo reevaluating
ChatterBot Alpha reevaluating
ChatterBot India reevaluating
ChatterBot Zulu reevaluating
ChatterBot Yankee reevaluating
ChatterBot Alpha reevaluating
ChatterBot India reevaluating
ChatterBot Zulu reevaluating
ChatterBot Yankee reevaluating
ChatterBot Echo reevaluating
ChatterBot India reevaluating
ChatterBot Zulu reevaluating
ChatterBot Yankee reevaluating
ChatterBot Echo reevaluating
ChatterBot Alpha reevaluating
ChatterBot Zulu reevaluating
ChatterBot Yankee reevaluating
ChatterBot Echo reevaluating
ChatterBot Alpha reevaluating
ChatterBot India reevaluating
2024-10-14 23:16:29.854926 Yankee: Charlie, Tango and Kilo, sending you 3
2024-10-14 23:16:29.862100 Kilo: Charlie, sending you 8
2024-10-14 23:16:29.862682 Yankee: Hotel, sending you 6
2024-10-14 23:16:29.863342 Echo: Charlie and Tango, sending you 3
2024-10-14 23:16:29.864497 Alpha: Zulu, Yankee, Echo and India, sending you 3
2024-10-14 23:16:29.870761 Tango: Kilo, sending you 1
2024-10-14 23:16:29.872868 Zulu: Alpha, sending you 2
2024-10-14 23:16:29.873581 Kilo: Tango, sending you 3
2024-10-14 23:16:29.874105 Yankee: Echo, sending you 2
2024-10-14 23:16:29.875570 Delta: Zulu and Echo, sending you 2
2024-10-14 23:16:29.876829 Alpha: Delta, sending you 4
2024-10-14 23:16:29.877382 Charlie: Tango, sending you 1
2024-10-14 23:16:29.878435 Echo: Hotel, sending you 4
2024-10-14 23:16:29.879002 Hotel: Charlie and Yankee, sending you 4
2024-10-14 23:16:29.880283 India: Delta, Yankee and Alpha, sending you 1
2024-10-14 23:16:29.880980 Tango: Echo, sending you 4
2024-10-14 23:16:29.882163 Zulu: Echo, sending you 1
2024-10-14 23:16:29.882755 Kilo: Yankee, sending you 1
2024-10-14 23:16:29.883911 Delta: Yankee, sending you 4
2024-10-14 23:16:29.884400 Charlie: Hotel and Yankee, sending you 3
2024-10-14 23:16:29.886172 Echo: Kilo, sending you 2
2024-10-14 23:16:29.886609 Hotel: Tango and Kilo, sending you 2
2024-10-14 23:16:29.887849 India: Echo, sending you 2
2024-10-14 23:16:29.888577 Zulu: India, sending you 3
2024-10-14 23:16:29.889742 Kilo: Echo, sending you 4
2024-10-14 23:16:29.890280 Delta: Alpha and India, sending you 1
2024-10-14 23:16:29.891682 Charlie: Kilo and Echo, sending you 2
2024-10-14 23:16:29.892416 Echo: Yankee, sending you 6
2024-10-14 23:16:29.893797 Hotel: Echo, sending you 3
chatterbot Hotel submitting transactions
chatterbot Zulu submitting transactions
chatterbot Kilo submitting transactions
chatterbot Alpha submitting transactions
chatterbot Tango submitting transactions
chatterbot Delta submitting transactions
chatterbot India submitting transactions
chatterbot Echo submitting transactions
chatterbot Yankee submitting transactions
chatterbot Charlie submitting transactions
ChatterBot Charlie round 2
ChatterBot Tango round 2
ChatterBot Zulu round 2
ChatterBot Delta round 2
ChatterBot Hotel round 2
ChatterBot Kilo round 2
ChatterBot Yankee round 2
ChatterBot Alpha round 2
ChatterBot Echo round 2
ChatterBot India round 2
2024-10-14 23:16:32.359834 Hotel: We should add Alpha
ChatterBot Tango reevaluating
ChatterBot Yankee reevaluating
ChatterBot Kilo reevaluating
ChatterBot Echo reevaluating
2024-10-14 23:16:32.388791 Tango: No
2024-10-14 23:16:32.389036 Charlie: No
2024-10-14 23:16:32.389210 Yankee: No
2024-10-14 23:16:32.389746 Kilo: No
2024-10-14 23:16:32.389922 Echo: No
ChatterBot Yankee reevaluating
ChatterBot Kilo reevaluating
ChatterBot Echo reevaluating
ChatterBot Hotel reevaluating
ChatterBot Tango reevaluating
ChatterBot Yankee reevaluating
ChatterBot Kilo reevaluating
ChatterBot Echo reevaluating
ChatterBot Hotel reevaluating
ChatterBot Tango reevaluating
ChatterBot Kilo reevaluating
ChatterBot Echo reevaluating
ChatterBot Hotel reevaluating
ChatterBot Tango reevaluating
ChatterBot Yankee reevaluating
ChatterBot Echo reevaluating
ChatterBot Hotel reevaluating
ChatterBot Tango reevaluating
ChatterBot Yankee reevaluating
ChatterBot Kilo reevaluating
ChatterBot Hotel reevaluating
2024-10-14 23:16:32.541578 Zulu: Friends?
ChatterBot Alpha reevaluating
ChatterBot India reevaluating
ChatterBot Tango reevaluating
2024-10-14 23:16:32.556546 Delta: No
2024-10-14 23:16:32.556759 Alpha: No
2024-10-14 23:16:32.556871 India: No
2024-10-14 23:16:32.556979 Tango: No
ChatterBot Alpha reevaluating
ChatterBot India reevaluating
ChatterBot Tango reevaluating
ChatterBot India reevaluating
ChatterBot Tango reevaluating
ChatterBot Alpha reevaluating
ChatterBot Tango reevaluating
ChatterBot Alpha reevaluating
ChatterBot India reevaluating
2024-10-14 23:16:32.624765 Delta: We should drop Yankee and Echo
ChatterBot Alpha reevaluating
ChatterBot India reevaluating
2024-10-14 23:16:32.663368 Zulu: Yes
2024-10-14 23:16:32.663579 Alpha: Yes
2024-10-14 23:16:32.663714 India: Yes
ChatterBot Alpha reevaluating
ChatterBot India reevaluating
ChatterBot India reevaluating
ChatterBot Alpha reevaluating
2024-10-14 23:16:32.796112 Hotel: We should add Delta
ChatterBot Tango reevaluating
ChatterBot Yankee reevaluating
ChatterBot Kilo reevaluating
ChatterBot Echo reevaluating
2024-10-14 23:16:32.824027 Tango: No
2024-10-14 23:16:32.824296 Charlie: No
2024-10-14 23:16:32.824729 Yankee: Yes
2024-10-14 23:16:32.824992 Kilo: No
2024-10-14 23:16:32.825760 Echo: No
ChatterBot Yankee reevaluating
ChatterBot Kilo reevaluating
ChatterBot Echo reevaluating
ChatterBot Hotel reevaluating
ChatterBot Tango reevaluating
ChatterBot Yankee reevaluating
ChatterBot Kilo reevaluating
ChatterBot Echo reevaluating
ChatterBot Hotel reevaluating
ChatterBot Tango reevaluating
ChatterBot Kilo reevaluating
ChatterBot Echo reevaluating
ChatterBot Hotel reevaluating
ChatterBot Tango reevaluating
ChatterBot Yankee reevaluating
ChatterBot Echo reevaluating
ChatterBot Hotel reevaluating
ChatterBot Tango reevaluating
ChatterBot Yankee reevaluating
ChatterBot Kilo reevaluating
ChatterBot Hotel reevaluating
2024-10-14 23:16:33.215230 Charlie: Tango, sending you 1
2024-10-14 23:16:33.216662 Echo: Delta we want you to join our group
2024-10-14 23:16:33.223368 Delta: No
ChatterBot Echo reevaluating
ChatterBot Hotel reevaluating
2024-10-14 23:16:33.260065 Charlie: Hotel, Yankee and Echo, sending you 3
2024-10-14 23:16:33.424573 Tango: Charlie, sending you 2
2024-10-14 23:16:33.425519 Yankee: Charlie, sending you 4
2024-10-14 23:16:33.425979 Zulu: Tango and India, sending you 2
2024-10-14 23:16:33.426261 Delta: Zulu, sending you 2
2024-10-14 23:16:33.426878 Charlie: Kilo, sending you 6
2024-10-14 23:16:33.427321 Kilo: Charlie, Hotel and Echo, sending you 3
chatterbot Charlie submitting transactions
chatterbot Zulu submitting transactions
2024-10-14 23:16:33.427921 Tango: Hotel, sending you 3
2024-10-14 23:16:33.527406 Yankee: Hotel, sending you 5
2024-10-14 23:16:33.527798 Zulu: Delta, sending you 5
2024-10-14 23:16:33.528559 Delta: Alpha, sending you 10
2024-10-14 23:16:33.528762 Alpha: Zulu, sending you 7
2024-10-14 23:16:33.528998 India: Zulu and Alpha, sending you 7
2024-10-14 23:16:33.529294 Kilo: Tango, sending you 2
2024-10-14 23:16:33.530142 Tango: Kilo, sending you 5
2024-10-14 23:16:33.779019 Yankee: Kilo, sending you 2
2024-10-14 23:16:33.780495 Zulu: Alpha, sending you 6
2024-10-14 23:16:33.781759 India: Delta, sending you 4
2024-10-14 23:16:33.782351 Hotel: Charlie, sending you 3
2024-10-14 23:16:33.783815 Delta: India, sending you 4
2024-10-14 23:16:33.785126 Alpha: Delta, sending you 5
2024-10-14 23:16:33.785954 Kilo: Yankee, sending you 5
2024-10-14 23:16:33.787546 Echo: Charlie and Yankee, sending you 3
2024-10-14 23:16:33.789128 Tango: Yankee and Echo, sending you 4
chatterbot Yankee submitting transactions
chatterbot Delta submitting transactions
2024-10-14 23:16:33.790934 Yankee: Echo, sending you 6
2024-10-14 23:16:33.792171 Hotel: Tango and Kilo, sending you 1
2024-10-14 23:16:33.793248 Alpha: India, sending you 4
2024-10-14 23:16:33.793974 Echo: Tango, Hotel and Kilo, sending you 4
2024-10-14 23:16:33.891475 Hotel: Yankee, sending you 6
chatterbot Alpha submitting transactions
2024-10-14 23:16:33.941171 Hotel: Echo, sending you 4
chatterbot Kilo submitting transactions
chatterbot Echo submitting transactions
chatterbot Tango submitting transactions
chatterbot Hotel submitting transactions
chatterbot India submitting transactions
ChatterBot Charlie round 3
ChatterBot Tango round 3
ChatterBot Zulu round 3
ChatterBot Delta round 3
ChatterBot Hotel round 3
ChatterBot Kilo round 3
ChatterBot Yankee round 3
ChatterBot Alpha round 3
ChatterBot Echo round 3
ChatterBot India round 3
2024-10-14 23:16:34.962318 Echo: Charlie and Kilo, sending you 3
2024-10-14 23:16:34.963159 Charlie: Tango, sending you 1
2024-10-14 23:16:34.963503 Yankee: Charlie and Kilo, sending you 3
2024-10-14 23:16:34.963873 Alpha: Zulu and India, sending you 5
2024-10-14 23:16:34.964553 Zulu: Tango, sending you 2
2024-10-14 23:16:34.964815 Kilo: Charlie, sending you 5
2024-10-14 23:16:34.965184 Delta: Zulu and India, sending you 5
2024-10-14 23:16:34.965901 India: Zulu, sending you 5
2024-10-14 23:16:34.966201 Tango: Charlie, Hotel and Yankee, sending you 3
chatterbot Delta submitting transactions
chatterbot Tango submitting transactions
chatterbot Charlie submitting transactions
2024-10-14 23:16:34.966995 Alpha: Delta, sending you 6
2024-10-14 23:16:35.053458 Echo: Tango, Hotel and Yankee, sending you 4
2024-10-14 23:16:35.054108 Charlie: Hotel, Yankee and Echo, sending you 4
2024-10-14 23:16:35.055166 Yankee: Tango, sending you 2
2024-10-14 23:16:35.055777 Zulu: Delta, sending you 4
2024-10-14 23:16:35.056675 Kilo: Tango, Yankee and Echo, sending you 3
2024-10-14 23:16:35.057209 India: Delta, sending you 6
2024-10-14 23:16:35.057564 Tango: Kilo, sending you 4
2024-10-14 23:16:35.058726 Delta: Alpha, sending you 6
2024-10-14 23:16:35.059049 Hotel: Charlie, sending you 3
2024-10-14 23:16:35.060229 Charlie: Kilo, sending you 5
2024-10-14 23:16:35.060945 Yankee: Hotel, sending you 5
2024-10-14 23:16:35.061927 Kilo: Hotel, sending you 2
2024-10-14 23:16:35.062430 India: Alpha, sending you 7
2024-10-14 23:16:35.063132 Zulu: Alpha, sending you 6
2024-10-14 23:16:35.063462 Hotel: Tango and Kilo, sending you 2
2024-10-14 23:16:35.064018 Tango: Echo, sending you 5
2024-10-14 23:16:35.151115 Yankee: Echo, sending you 4
2024-10-14 23:16:35.152585 Zulu: India, sending you 5
2024-10-14 23:16:35.153527 Hotel: Yankee and Echo, sending you 4
chatterbot India submitting transactions
chatterbot Echo submitting transactions
chatterbot Kilo submitting transactions
chatterbot Alpha submitting transactions
chatterbot Yankee submitting transactions
chatterbot Zulu submitting transactions
chatterbot Hotel submitting transactions
ChatterBot Charlie round 4
ChatterBot Tango round 4
ChatterBot Zulu round 4
ChatterBot Delta round 4
ChatterBot Hotel round 4
ChatterBot Kilo round 4
ChatterBot Yankee round 4
ChatterBot Alpha round 4
ChatterBot Echo round 4
ChatterBot India round 4
2024-10-14 23:16:35.847628 Zulu: Tango, sending you 2
2024-10-14 23:16:35.847988 Alpha: Zulu and India, sending you 5
2024-10-14 23:16:35.848269 Hotel: Charlie and Echo, sending you 3
2024-10-14 23:16:35.862425 Echo: Charlie and Kilo, sending you 3
2024-10-14 23:16:35.863250 Charlie: Tango, sending you 2
2024-10-14 23:16:35.864472 Tango: Charlie, Hotel and Yankee, sending you 3
2024-10-14 23:16:35.865143 India: Sending you each 6
2024-10-14 23:16:35.866179 Delta: Zulu and India, sending you 5
2024-10-14 23:16:35.866512 Kilo: Charlie, sending you 5
2024-10-14 23:16:35.867656 Yankee: Charlie, Tango and Kilo, sending you 3
2024-10-14 23:16:35.868305 Zulu: Delta, sending you 4
2024-10-14 23:16:35.868682 Alpha: Delta, sending you 6
2024-10-14 23:16:35.869482 Hotel: Tango and Kilo, sending you 2
2024-10-14 23:16:35.870112 Echo: Tango, Hotel and Yankee, sending you 4
2024-10-14 23:16:35.871270 Charlie: Hotel, Yankee and Echo, sending you 4
2024-10-14 23:16:35.871933 Tango: Kilo, sending you 4
2024-10-14 23:16:35.872757 Delta: Alpha, sending you 6
2024-10-14 23:16:35.873042 Kilo: Tango, Yankee and Echo, sending you 3
2024-10-14 23:16:35.873906 Yankee: Hotel and Echo, sending you 4
2024-10-14 23:16:35.874343 Zulu: Alpha, sending you 6
2024-10-14 23:16:35.877630 Hotel: Yankee, sending you 5
2024-10-14 23:16:35.878780 Charlie: Kilo, sending you 5
2024-10-14 23:16:35.879226 Kilo: Hotel, sending you 2
2024-10-14 23:16:35.879611 Tango: Echo, sending you 5
2024-10-14 23:16:35.880823 Zulu: India, sending you 5
chatterbot India submitting transactions
chatterbot Delta submitting transactions
chatterbot Alpha submitting transactions
chatterbot Charlie submitting transactions
chatterbot Kilo submitting transactions
chatterbot Zulu submitting transactions
chatterbot Echo submitting transactions
chatterbot Hotel submitting transactions
chatterbot Yankee submitting transactions
chatterbot Tango submitting transactions
ChatterBot Charlie round 5
ChatterBot Tango round 5
ChatterBot Zulu round 5
ChatterBot Delta round 5
ChatterBot Hotel round 5
ChatterBot Kilo round 5
ChatterBot Yankee round 5
ChatterBot Alpha round 5
ChatterBot Echo round 5
ChatterBot India round 5
2024-10-14 23:16:37.168292 Kilo: Charlie, sending you 5
2024-10-14 23:16:37.169693 Charlie: Tango, sending you 2
2024-10-14 23:16:37.171022 Hotel: Charlie and Echo, sending you 3
2024-10-14 23:16:37.171754 Yankee: Charlie, Tango and Kilo, sending you 3
2024-10-14 23:16:37.173163 Echo: Charlie, Hotel and Kilo, sending you 3
2024-10-14 23:16:37.174635 Tango: Charlie, Hotel and Yankee, sending you 3
2024-10-14 23:16:37.175393 Kilo: Tango, Yankee and Echo, sending you 3
2024-10-14 23:16:37.176671 Charlie: Hotel, Yankee and Echo, sending you 4
2024-10-14 23:16:37.177913 Hotel: Tango and Kilo, sending you 2
2024-10-14 23:16:37.178840 Delta: Zulu and India, sending you 5
2024-10-14 23:16:37.179859 Zulu: Delta, sending you 5
2024-10-14 23:16:37.180321 Yankee: Hotel and Echo, sending you 4
2024-10-14 23:16:37.181743 Alpha: Zulu and India, sending you 5
2024-10-14 23:16:37.182133 India: Same as last round
2024-10-14 23:16:37.182572 Echo: Tango, sending you 4
2024-10-14 23:16:37.184018 Tango: Kilo, sending you 4
2024-10-14 23:16:37.185096 Kilo: Hotel, sending you 2
2024-10-14 23:16:37.185820 Charlie: Kilo, sending you 5
2024-10-14 23:16:37.187127 Hotel: Yankee, sending you 5
2024-10-14 23:16:37.188726 Delta: Alpha, sending you 6
2024-10-14 23:16:37.189187 Zulu: Alpha and India, sending you 6
2024-10-14 23:16:37.189769 Alpha: Delta, sending you 6
2024-10-14 23:16:37.190763 Echo: Yankee, sending you 5
2024-10-14 23:16:37.192133 Tango: Echo, sending you 5
chatterbot Tango submitting transactions
chatterbot Charlie submitting transactions
chatterbot Zulu submitting transactions
chatterbot Kilo submitting transactions
chatterbot Yankee submitting transactions
chatterbot India submitting transactions
chatterbot Alpha submitting transactions
chatterbot Echo submitting transactions
chatterbot Delta submitting transactions
chatterbot Hotel submitting transactions
ChatterBot Charlie round 6
ChatterBot Tango round 6
ChatterBot Zulu round 6
ChatterBot Delta round 6
ChatterBot Hotel round 6
ChatterBot Kilo round 6
ChatterBot Yankee round 6
ChatterBot Alpha round 6
ChatterBot Echo round 6
ChatterBot India round 6
2024-10-14 23:16:38.445674 Tango: Charlie, sending you 2
2024-10-14 23:16:38.449665 Tango: Hotel, sending you 3
2024-10-14 23:16:38.451669 Zulu: Delta, sending you 5
2024-10-14 23:16:38.452046 Echo: Charlie, Tango and Yankee, sending you 4
2024-10-14 23:16:38.454028 Delta: Zulu and India, sending you 5
2024-10-14 23:16:38.454356 Tango: Kilo and Yankee, sending you 4
2024-10-14 23:16:38.454891 Charlie: Tango, sending you 2
2024-10-14 23:16:38.455383 Echo: Hotel and Kilo, sending you 3
2024-10-14 23:16:38.455907 Hotel: Charlie and Echo, sending you 3
2024-10-14 23:16:38.456428 Zulu: Alpha and India, sending you 6
2024-10-14 23:16:38.456729 Yankee: Charlie, Tango and Kilo, sending you 3
2024-10-14 23:16:38.457264 Delta: Alpha, sending you 6
2024-10-14 23:16:38.457923 Tango: Echo, sending you 5
2024-10-14 23:16:38.458378 Kilo: Charlie, sending you 5
2024-10-14 23:16:38.458855 Charlie: Hotel, Yankee and Echo, sending you 4
2024-10-14 23:16:38.459665 Hotel: Tango and Kilo, sending you 2
2024-10-14 23:16:38.460679 Yankee: Hotel and Echo, sending you 4
2024-10-14 23:16:38.461483 Alpha: Zulu and India, sending you 5
2024-10-14 23:16:38.462667 Hotel: Yankee, sending you 5
2024-10-14 23:16:38.463652 Kilo: Tango, Yankee and Echo, sending you 3
2024-10-14 23:16:38.464248 Charlie: Kilo, sending you 5
2024-10-14 23:16:38.464872 Alpha: Delta, sending you 6
2024-10-14 23:16:38.465763 India: Same as last round
2024-10-14 23:16:38.467660 Kilo: Hotel, sending you 2
chatterbot Tango submitting transactions
chatterbot Delta submitting transactions
chatterbot Hotel submitting transactions
chatterbot India submitting transactions
chatterbot Yankee submitting transactions
chatterbot Kilo submitting transactions
chatterbot Echo submitting transactions
chatterbot Zulu submitting transactions
chatterbot Charlie submitting transactions
chatterbot Alpha submitting transactions
ChatterBot Charlie round 7
ChatterBot Tango round 7
ChatterBot Zulu round 7
ChatterBot Delta round 7
ChatterBot Hotel round 7
ChatterBot Kilo round 7
ChatterBot Yankee round 7
ChatterBot Alpha round 7
ChatterBot Echo round 7
ChatterBot India round 7
2024-10-14 23:16:39.688416 Zulu: We should drop Tango
2024-10-14 23:16:39.693798 Delta: Yes
2024-10-14 23:16:39.693928 Alpha: Yes
2024-10-14 23:16:39.694027 India: Yes
2024-10-14 23:16:39.711678 Hotel: Charlie, Tango and Echo, sending you 3
2024-10-14 23:16:39.712277 Kilo: Charlie, sending you 4
2024-10-14 23:16:39.712827 Tango: Charlie, sending you 2
2024-10-14 23:16:39.713685 Charlie: Tango, sending you 2
2024-10-14 23:16:39.714415 Delta: Zulu and India, sending you 5
2024-10-14 23:16:39.714755 Hotel: Kilo, sending you 2
2024-10-14 23:16:39.716672 Kilo: Tango, Hotel, Yankee and Echo, sending you 3
2024-10-14 23:16:39.717360 Tango: Hotel, sending you 3
2024-10-14 23:16:39.718166 Charlie: Hotel, Yankee and Echo, sending you 4
2024-10-14 23:16:39.718681 Hotel: Yankee, sending you 4
2024-10-14 23:16:39.719174 Delta: Alpha, sending you 6
2024-10-14 23:16:39.721669 Tango: Kilo and Yankee, sending you 4
2024-10-14 23:16:39.722253 Charlie: Kilo, sending you 5
2024-10-14 23:16:39.722787 Yankee: Charlie, Tango and Kilo, sending you 3
2024-10-14 23:16:39.723499 Alpha: Zulu and India, sending you 5
2024-10-14 23:16:39.725109 Tango: Echo, sending you 5
2024-10-14 23:16:39.727675 Yankee: Hotel and Echo, sending you 4
2024-10-14 23:16:39.728425 Alpha: Delta, sending you 6
2024-10-14 23:16:39.731652 Zulu: Delta, sending you 5
2024-10-14 23:16:39.732681 India: Same as last round
2024-10-14 23:16:39.733230 Echo: Charlie, Tango and Yankee, sending you 4
2024-10-14 23:16:39.734680 Zulu: Alpha and India, sending you 6
2024-10-14 23:16:39.736652 Echo: Hotel and Kilo, sending you 3
chatterbot Zulu submitting transactions
chatterbot Echo submitting transactions
chatterbot Tango submitting transactions
chatterbot India submitting transactions
chatterbot Delta submitting transactions
chatterbot Alpha submitting transactions
chatterbot Hotel submitting transactions
chatterbot Yankee submitting transactions
chatterbot Kilo submitting transactions
chatterbot Charlie submitting transactions
ChatterBot Charlie round 8
ChatterBot Tango round 8
ChatterBot Zulu round 8
ChatterBot Delta round 8
ChatterBot Hotel round 8
ChatterBot Kilo round 8
ChatterBot Yankee round 8
ChatterBot Alpha round 8
ChatterBot Echo round 8
ChatterBot India round 8
2024-10-14 23:16:40.933185 Zulu: We should add Tango
2024-10-14 23:16:40.940426 Delta: No
2024-10-14 23:16:40.940586 Alpha: No
2024-10-14 23:16:40.940719 India: No
ChatterBot Zulu reevaluating
ChatterBot Zulu reevaluating
ChatterBot Zulu reevaluating
2024-10-14 23:16:40.978707 Tango: Charlie, sending you 2
2024-10-14 23:16:40.981671 Delta: Zulu and India, sending you 5
2024-10-14 23:16:40.984115 Charlie: Tango, sending you 2
2024-10-14 23:16:40.985040 Tango: Hotel, sending you 3
2024-10-14 23:16:40.985890 Hotel: Charlie, Tango and Echo, sending you 3
2024-10-14 23:16:40.986473 Delta: Alpha, sending you 6
2024-10-14 23:16:40.987651 Charlie: Hotel, Yankee and Echo, sending you 4
2024-10-14 23:16:40.988361 Echo: Charlie, Tango and Yankee, sending you 4
2024-10-14 23:16:40.989672 Tango: Kilo and Yankee, sending you 4
2024-10-14 23:16:40.990703 Hotel: Kilo, sending you 2
2024-10-14 23:16:40.991670 Echo: Hotel and Kilo, sending you 3
2024-10-14 23:16:40.992695 Charlie: Kilo, sending you 5
2024-10-14 23:16:40.994061 Tango: Echo, sending you 5
2024-10-14 23:16:40.994682 Hotel: Yankee, sending you 4
2024-10-14 23:16:40.995275 Zulu: Delta, sending you 5
2024-10-14 23:16:40.995655 Yankee: Charlie, Tango and Kilo, sending you 3
2024-10-14 23:16:40.996782 Kilo: Charlie, sending you 4
2024-10-14 23:16:40.997595 India: Same as last round
2024-10-14 23:16:40.998010 Alpha: Zulu and India, sending you 5
2024-10-14 23:16:40.998678 Zulu: Alpha and India, sending you 6
2024-10-14 23:16:40.999044 Yankee: Hotel and Echo, sending you 4
2024-10-14 23:16:41.000099 Kilo: Tango, Hotel, Yankee and Echo, sending you 3
2024-10-14 23:16:41.000899 Alpha: Delta, sending you 6
chatterbot Charlie submitting transactions
chatterbot India submitting transactions
chatterbot Echo submitting transactions
chatterbot Kilo submitting transactions
chatterbot Alpha submitting transactions
chatterbot Tango submitting transactions
chatterbot Delta submitting transactions
chatterbot Hotel submitting transactions
chatterbot Zulu submitting transactions
chatterbot Yankee submitting transactions
ChatterBot Charlie round 9
ChatterBot Tango round 9
ChatterBot Zulu round 9
ChatterBot Delta round 9
ChatterBot Hotel round 9
ChatterBot Kilo round 9
ChatterBot Yankee round 9
ChatterBot Alpha round 9
ChatterBot Echo round 9
ChatterBot India round 9
2024-10-14 23:16:42.170758 Hotel: We should add Zulu
2024-10-14 23:16:42.180842 Tango: No
2024-10-14 23:16:42.181009 Charlie: No
2024-10-14 23:16:42.181138 Yankee: No
2024-10-14 23:16:42.181277 Kilo: No
2024-10-14 23:16:42.181424 Echo: No
ChatterBot Hotel reevaluating
ChatterBot Hotel reevaluating
ChatterBot Hotel reevaluating
ChatterBot Hotel reevaluating
ChatterBot Hotel reevaluating
2024-10-14 23:16:42.251661 Delta: Zulu and India, sending you 5
2024-10-14 23:16:42.252055 Tango: Charlie, sending you 2
2024-10-14 23:16:42.253682 Charlie: Tango, sending you 2
2024-10-14 23:16:42.254976 Delta: Alpha, sending you 6
2024-10-14 23:16:42.255692 Tango: Hotel, sending you 3
2024-10-14 23:16:42.259670 Charlie: Hotel, Yankee and Echo, sending you 4
2024-10-14 23:16:42.260376 Tango: Kilo and Yankee, sending you 4
2024-10-14 23:16:42.264081 Zulu: Delta, sending you 5
2024-10-14 23:16:42.264507 Charlie: Kilo, sending you 5
2024-10-14 23:16:42.265302 Tango: Echo, sending you 5
2024-10-14 23:16:42.266660 Hotel: Charlie, Tango and Echo, sending you 3
2024-10-14 23:16:42.268660 Zulu: Alpha and India, sending you 6
2024-10-14 23:16:42.269668 Alpha: Zulu and India, sending you 5
2024-10-14 23:16:42.270676 India: Same as last round
2024-10-14 23:16:42.271678 Hotel: Kilo, sending you 2
2024-10-14 23:16:42.273697 Yankee: Charlie, Tango and Kilo, sending you 3
2024-10-14 23:16:42.274796 Kilo: Charlie, sending you 4
2024-10-14 23:16:42.275783 Alpha: Delta, sending you 6
2024-10-14 23:16:42.276231 Echo: Charlie, Tango and Yankee, sending you 4
2024-10-14 23:16:42.277276 Hotel: Yankee, sending you 4
2024-10-14 23:16:42.278678 Yankee: Hotel and Echo, sending you 4
2024-10-14 23:16:42.280680 Kilo: Tango, Hotel, Yankee and Echo, sending you 3
2024-10-14 23:16:42.281665 Echo: Hotel and Kilo, sending you 3
chatterbot Tango submitting transactions
chatterbot Delta submitting transactions
chatterbot India submitting transactions
chatterbot Yankee submitting transactions
chatterbot Hotel submitting transactions
chatterbot Kilo submitting transactions
chatterbot Zulu submitting transactions
chatterbot Alpha submitting transactions
chatterbot Charlie submitting transactions
chatterbot Echo submitting transactions
ChatterBot Charlie round 10
ChatterBot Tango round 10
ChatterBot Zulu round 10
ChatterBot Delta round 10
ChatterBot Hotel round 10
ChatterBot Kilo round 10
ChatterBot Yankee round 10
2024-10-14 23:16:43.498875 Zulu: We should add Hotel
2024-10-14 23:16:43.506817 Delta: No
2024-10-14 23:16:43.507 Alpha: No
2024-10-14 23:16:43.507132 India: No
ChatterBot Zulu reevaluating
ChatterBot Zulu reevaluating
ChatterBot Alpha round 10
ChatterBot Echo round 10
ChatterBot India round 10
2024-10-14 23:16:43.563915 Delta: Zulu and India, sending you 5
2024-10-14 23:16:43.569042 Delta: Alpha, sending you 6
2024-10-14 23:16:43.573894 Charlie: Tango, sending you 2
2024-10-14 23:16:43.576663 India: Same as last round
2024-10-14 23:16:43.577698 Yankee: Charlie, Tango and Kilo, sending you 3
2024-10-14 23:16:43.578947 Charlie: Hotel, Yankee and Echo, sending you 4
2024-10-14 23:16:43.581423 Tango: Charlie and Hotel, sending you 3
2024-10-14 23:16:43.582701 Hotel: Charlie, Kilo and Echo, sending you 3
2024-10-14 23:16:43.588634 Yankee: Hotel and Echo, sending you 4
2024-10-14 23:16:43.589921 Charlie: Kilo, sending you 5
2024-10-14 23:16:43.592234 Zulu: Delta, sending you 5
2024-10-14 23:16:43.592849 Kilo: Charlie, sending you 4
2024-10-14 23:16:43.595373 Alpha: Zulu and India, sending you 5
2024-10-14 23:16:43.596063 Tango: Kilo, Yankee and Echo, sending you 4
2024-10-14 23:16:43.601697 Echo: Charlie, Tango and Yankee, sending you 4
2024-10-14 23:16:43.603077 Hotel: Tango, sending you 2
2024-10-14 23:16:43.605401 Zulu: Alpha and India, sending you 6
2024-10-14 23:16:43.606015 Kilo: Tango, Hotel, Yankee and Echo, sending you 3
2024-10-14 23:16:43.608225 Alpha: Delta, sending you 6
2024-10-14 23:16:43.608934 Echo: Hotel and Kilo, sending you 3
2024-10-14 23:16:43.611232 Hotel: Yankee, sending you 4
chatterbot Zulu submitting transactions
chatterbot Tango submitting transactions
chatterbot Yankee submitting transactions
chatterbot Kilo submitting transactions
chatterbot India submitting transactions
chatterbot Echo submitting transactions
chatterbot Alpha submitting transactions
chatterbot Delta submitting transactions
chatterbot Hotel submitting transactions
chatterbot Charlie submitting transactions
ChatterBot Charlie round 11
ChatterBot Tango round 11
ChatterBot Zulu round 11
ChatterBot Delta round 11
ChatterBot Hotel round 11
ChatterBot Kilo round 11
ChatterBot Yankee round 11
ChatterBot Alpha round 11
ChatterBot Echo round 11
ChatterBot India round 11
2024-10-14 23:16:44.758963 Zulu: We should add Tango
2024-10-14 23:16:44.772115 Delta: No
2024-10-14 23:16:44.772448 Alpha: No
2024-10-14 23:16:44.772741 India: No
ChatterBot Zulu reevaluating
ChatterBot Zulu reevaluating
2024-10-14 23:16:44.837711 Delta: Zulu and India, sending you 5
2024-10-14 23:16:44.839723 Kilo: Charlie, sending you 4
2024-10-14 23:16:44.840721 Alpha: Zulu and India, sending you 5
2024-10-14 23:16:44.841914 Echo: Charlie, Tango and Yankee, sending you 4
2024-10-14 23:16:44.843223 Delta: Alpha, sending you 6
2024-10-14 23:16:44.843753 Hotel: Charlie, Kilo and Echo, sending you 3
2024-10-14 23:16:44.844986 Kilo: Tango, Hotel, Yankee and Echo, sending you 3
2024-10-14 23:16:44.846497 Charlie: Tango, sending you 2
2024-10-14 23:16:44.847599 Alpha: Delta, sending you 6
2024-10-14 23:16:44.848117 Echo: Hotel and Kilo, sending you 3
2024-10-14 23:16:44.849414 Tango: Charlie and Hotel, sending you 3
2024-10-14 23:16:44.851227 Hotel: Tango, sending you 2
2024-10-14 23:16:44.851908 Yankee: Charlie, Tango and Kilo, sending you 3
2024-10-14 23:16:44.852592 India: Same as last round
2024-10-14 23:16:44.852991 Charlie: Hotel, Yankee and Echo, sending you 4
2024-10-14 23:16:44.855188 Tango: Kilo, Yankee and Echo, sending you 4
2024-10-14 23:16:44.856232 Hotel: Yankee, sending you 4
2024-10-14 23:16:44.857295 Yankee: Hotel and Echo, sending you 4
2024-10-14 23:16:44.858067 Charlie: Kilo, sending you 5
2024-10-14 23:16:44.859132 Zulu: Delta, sending you 5
2024-10-14 23:16:44.862651 Zulu: Alpha and India, sending you 6
chatterbot Yankee submitting transactions
chatterbot Kilo submitting transactions
chatterbot Delta submitting transactions
chatterbot Charlie submitting transactions
chatterbot Hotel submitting transactions
chatterbot Zulu submitting transactions
chatterbot Echo submitting transactions
chatterbot Tango submitting transactions
chatterbot India submitting transactions
chatterbot Alpha submitting transactions
ChatterBot Charlie round 12
ChatterBot Tango round 12
ChatterBot Zulu round 12
ChatterBot Delta round 12
ChatterBot Hotel round 12
ChatterBot Kilo round 12
ChatterBot Yankee round 12
ChatterBot Alpha round 12
ChatterBot Echo round 12
ChatterBot India round 12
2024-10-14 23:16:45.772763 Kilo: Charlie, sending you 4
2024-10-14 23:16:45.783666 Tango: Charlie and Hotel, sending you 3
2024-10-14 23:16:45.786394 Kilo: Tango, Hotel, Yankee and Echo, sending you 3
2024-10-14 23:16:45.788382 Delta: Zulu and India, sending you 5
2024-10-14 23:16:45.789781 Zulu: Delta, sending you 5
2024-10-14 23:16:45.790623 Hotel: Charlie, Kilo and Echo, sending you 3
2024-10-14 23:16:45.793304 Tango: Kilo, Yankee and Echo, sending you 4
2024-10-14 23:16:45.794386 Charlie: Tango, sending you 2
2024-10-14 23:16:45.795818 Delta: Alpha, sending you 6
2024-10-14 23:16:45.796854 Echo: Charlie, Tango and Yankee, sending you 4
2024-10-14 23:16:45.797880 Zulu: Alpha and India, sending you 6
2024-10-14 23:16:45.798965 Hotel: Tango, sending you 2
2024-10-14 23:16:45.799927 Yankee: Charlie, Tango and Kilo, sending you 3
2024-10-14 23:16:45.801783 Alpha: Zulu and India, sending you 5
2024-10-14 23:16:45.802462 India: Same as last round
2024-10-14 23:16:45.803970 Charlie: Hotel, Yankee and Echo, sending you 4
2024-10-14 23:16:45.805550 Echo: Hotel and Kilo, sending you 3
2024-10-14 23:16:45.806590 Hotel: Yankee, sending you 4
2024-10-14 23:16:45.808007 Yankee: Hotel and Echo, sending you 4
2024-10-14 23:16:45.809011 Alpha: Delta, sending you 6
2024-10-14 23:16:45.810265 Charlie: Kilo, sending you 5
chatterbot Charlie submitting transactions
chatterbot Alpha submitting transactions
chatterbot Zulu submitting transactions
chatterbot Echo submitting transactions
chatterbot Yankee submitting transactions
chatterbot Tango submitting transactions
chatterbot Kilo submitting transactions
chatterbot Delta submitting transactions
chatterbot Hotel submitting transactions
chatterbot India submitting transactions
ChatterBot Charlie round 13
ChatterBot Tango round 13
ChatterBot Zulu round 13
ChatterBot Delta round 13
ChatterBot Hotel round 13
ChatterBot Kilo round 13
ChatterBot Yankee round 13
ChatterBot Alpha round 13
ChatterBot Echo round 13
ChatterBot India round 13
2024-10-14 23:16:47.019839 Alpha: Zulu and India, sending you 5
2024-10-14 23:16:47.024078 Charlie: Tango, sending you 2
2024-10-14 23:16:47.026805 Echo: Charlie, Tango and Yankee, sending you 4
2024-10-14 23:16:47.029753 Zulu: Delta, sending you 5
2024-10-14 23:16:47.031574 Alpha: Delta, sending you 6
2024-10-14 23:16:47.032505 Yankee: Charlie, Tango and Kilo, sending you 3
2024-10-14 23:16:47.035023 Delta: Zulu and India, sending you 5
2024-10-14 23:16:47.036740 India: Same as last round
2024-10-14 23:16:47.037597 Kilo: Charlie, sending you 4
2024-10-14 23:16:47.039969 Charlie: Hotel, Yankee and Echo, sending you 4
2024-10-14 23:16:47.041253 Echo: Hotel and Kilo, sending you 3
2024-10-14 23:16:47.043314 Zulu: Alpha and India, sending you 6
2024-10-14 23:16:47.044559 Yankee: Hotel and Echo, sending you 4
2024-10-14 23:16:47.045775 Delta: Alpha, sending you 6
2024-10-14 23:16:47.047079 Kilo: Tango, Hotel, Yankee and Echo, sending you 3
2024-10-14 23:16:47.048426 Tango: Charlie and Hotel, sending you 3
2024-10-14 23:16:47.050780 Hotel: Charlie, Kilo and Echo, sending you 3
2024-10-14 23:16:47.063415 Charlie: Kilo, sending you 5
2024-10-14 23:16:47.067237 Tango: Kilo, Yankee and Echo, sending you 4
2024-10-14 23:16:47.070836 Hotel: Tango, sending you 2
2024-10-14 23:16:47.078455 Hotel: Yankee, sending you 4
chatterbot Yankee submitting transactions
chatterbot Charlie submitting transactions
chatterbot India submitting transactions
chatterbot Delta submitting transactions
chatterbot Zulu submitting transactions
chatterbot Alpha submitting transactions
chatterbot Hotel submitting transactions
chatterbot Tango submitting transactions
chatterbot Echo submitting transactions
chatterbot Kilo submitting transactions
ChatterBot Charlie round 14
ChatterBot Tango round 14
ChatterBot Zulu round 14
ChatterBot Delta round 14
ChatterBot Hotel round 14
ChatterBot Kilo round 14
ChatterBot Yankee round 14
ChatterBot Alpha round 14
ChatterBot Echo round 14
ChatterBot India round 14
2024-10-14 23:16:48.407679 Charlie: Tango, sending you 2
2024-10-14 23:16:48.411995 Alpha: Zulu and India, sending you 5
2024-10-14 23:16:48.413492 Zulu: Delta, sending you 5
2024-10-14 23:16:48.415259 Hotel: Charlie, Kilo and Echo, sending you 3
2024-10-14 23:16:48.418100 Kilo: Charlie, sending you 4
2024-10-14 23:16:48.421905 Charlie: Hotel, Yankee and Echo, sending you 4
2024-10-14 23:16:48.424417 Alpha: Delta, sending you 6
2024-10-14 23:16:48.425907 Zulu: Alpha and India, sending you 6
2024-10-14 23:16:48.426776 Hotel: Tango, sending you 2
2024-10-14 23:16:48.428820 Kilo: Tango, Hotel, Yankee and Echo, sending you 3
2024-10-14 23:16:48.432048 Echo: Charlie, Tango and Yankee, sending you 4
2024-10-14 23:16:48.433127 Yankee: Charlie, Tango and Kilo, sending you 3
2024-10-14 23:16:48.434590 Delta: Zulu and India, sending you 5
2024-10-14 23:16:48.436166 Tango: Charlie and Hotel, sending you 3
2024-10-14 23:16:48.438285 Charlie: Kilo, sending you 5
2024-10-14 23:16:48.440283 India: Same as last round
2024-10-14 23:16:48.441647 Hotel: Yankee, sending you 4
2024-10-14 23:16:48.442849 Echo: Hotel and Kilo, sending you 3
2024-10-14 23:16:48.444455 Yankee: Hotel and Echo, sending you 4
2024-10-14 23:16:48.446143 Delta: Alpha, sending you 6
2024-10-14 23:16:48.446642 Tango: Kilo, Yankee and Echo, sending you 4
chatterbot Kilo submitting transactions
chatterbot Echo submitting transactions
chatterbot Charlie submitting transactions
chatterbot Alpha submitting transactions
chatterbot Zulu submitting transactions
chatterbot India submitting transactions
chatterbot Delta submitting transactions
chatterbot Tango submitting transactions
chatterbot Yankee submitting transactions
chatterbot Hotel submitting transactions
ChatterBot Charlie round 15
ChatterBot Tango round 15
ChatterBot Zulu round 15
ChatterBot Delta round 15
ChatterBot Hotel round 15
ChatterBot Kilo round 15
ChatterBot Yankee round 15
ChatterBot Alpha round 15
ChatterBot Echo round 15
ChatterBot India round 15
2024-10-14 23:16:49.717410 Hotel: We should add India
2024-10-14 23:16:49.737181 Tango: No
2024-10-14 23:16:49.737465 Charlie: No
2024-10-14 23:16:49.737834 Yankee: No
2024-10-14 23:16:49.738051 Kilo: No
2024-10-14 23:16:49.738415 Echo: No
ChatterBot Hotel reevaluating
ChatterBot Hotel reevaluating
ChatterBot Hotel reevaluating
ChatterBot Hotel reevaluating
ChatterBot Hotel reevaluating
2024-10-14 23:16:49.829880 Zulu: Delta, sending you 5
2024-10-14 23:16:49.832680 Alpha: Zulu and India, sending you 5
2024-10-14 23:16:49.834636 Kilo: Charlie, sending you 4
2024-10-14 23:16:49.837611 Zulu: Alpha and India, sending you 6
2024-10-14 23:16:49.839104 Alpha: Delta, sending you 6
2024-10-14 23:16:49.840188 Delta: Zulu and India, sending you 5
2024-10-14 23:16:49.841707 Kilo: Tango, Hotel, Yankee and Echo, sending you 3
2024-10-14 23:16:49.844485 India: Same as last round
2024-10-14 23:16:49.845654 Hotel: Charlie, Kilo and Echo, sending you 3
2024-10-14 23:16:49.847574 Charlie: Tango, sending you 2
2024-10-14 23:16:49.849282 Echo: Charlie, Tango and Yankee, sending you 4
2024-10-14 23:16:49.851362 Tango: Charlie and Hotel, sending you 3
2024-10-14 23:16:49.853161 Yankee: Charlie, Tango and Kilo, sending you 3
2024-10-14 23:16:49.855457 Delta: Alpha, sending you 6
2024-10-14 23:16:49.857222 Hotel: Tango, sending you 2
2024-10-14 23:16:49.859818 Charlie: Hotel, Yankee and Echo, sending you 4
2024-10-14 23:16:49.861080 Echo: Hotel and Kilo, sending you 3
2024-10-14 23:16:49.864030 Tango: Kilo, Yankee and Echo, sending you 4
2024-10-14 23:16:49.865533 Yankee: Hotel and Echo, sending you 4
2024-10-14 23:16:49.867096 Hotel: Yankee, sending you 4
2024-10-14 23:16:49.868881 Charlie: Kilo, sending you 5
chatterbot Delta submitting transactions
chatterbot Echo submitting transactions
chatterbot Zulu submitting transactions
chatterbot Hotel submitting transactions
chatterbot Tango submitting transactions
chatterbot Kilo submitting transactions
chatterbot India submitting transactions
chatterbot Charlie submitting transactions
chatterbot Alpha submitting transactions
chatterbot Yankee submitting transactions
ChatterBot Charlie round 16
ChatterBot Tango round 16
ChatterBot Zulu round 16
ChatterBot Delta round 16
ChatterBot Hotel round 16
ChatterBot Kilo round 16
ChatterBot Yankee round 16
ChatterBot Alpha round 16
ChatterBot Echo round 16
ChatterBot India round 16
2024-10-14 23:16:51.110149 Charlie: Tango, sending you 2
2024-10-14 23:16:51.112866 Tango: Charlie and Hotel, sending you 3
2024-10-14 23:16:51.116454 Alpha: Zulu and India, sending you 5
2024-10-14 23:16:51.118023 Charlie: Hotel, Yankee and Echo, sending you 4
2024-10-14 23:16:51.120334 Zulu: Delta, sending you 5
2024-10-14 23:16:51.121123 Delta: Zulu and India, sending you 5
2024-10-14 23:16:51.122189 Tango: Kilo, Yankee and Echo, sending you 4
2024-10-14 23:16:51.124060 Yankee: Charlie, Tango and Kilo, sending you 3
2024-10-14 23:16:51.125781 Echo: Charlie, Tango and Yankee, sending you 4
2024-10-14 23:16:51.127488 Alpha: Delta, sending you 6
2024-10-14 23:16:51.128391 Zulu: Alpha and India, sending you 6
2024-10-14 23:16:51.129666 Charlie: Kilo, sending you 5
2024-10-14 23:16:51.131502 Hotel: Charlie, Kilo and Echo, sending you 3
2024-10-14 23:16:51.132741 Delta: Alpha, sending you 6
2024-10-14 23:16:51.134361 Yankee: Hotel and Echo, sending you 4
2024-10-14 23:16:51.136133 Echo: Hotel and Kilo, sending you 3
