ChatterBot X-ray round 1
ChatterBot Charlie round 1
ChatterBot Quebec round 1
ChatterBot Oscar round 1
ChatterBot Yankee round 1
ChatterBot Victor round 1
ChatterBot Kilo round 1
ChatterBot Alpha round 1
ChatterBot Romeo round 1
ChatterBot Lima round 1
randomSelections X-ray: {X-ray, Romeo, Kilo, Charlie, Quebec, Alpha} 
2024-10-14 23:16:28.976201 X-ray: We would work well together
ChatterBot Romeo reevaluating
ChatterBot Kilo reevaluating
ChatterBot Charlie reevaluating
ChatterBot Quebec reevaluating
ChatterBot Alpha reevaluating
2024-10-14 23:16:28.989762 Romeo: Yes
2024-10-14 23:16:28.989924 Kilo: Yes
2024-10-14 23:16:28.990072 Charlie: Yes
2024-10-14 23:16:28.990221 Quebec: Yes
2024-10-14 23:16:28.990363 Alpha: Yes
ChatterBot Kilo reevaluating
ChatterBot Charlie reevaluating
ChatterBot Quebec reevaluating
ChatterBot Alpha reevaluating
ChatterBot Romeo reevaluating
ChatterBot Charlie reevaluating
ChatterBot Quebec reevaluating
ChatterBot Alpha reevaluating
ChatterBot Romeo reevaluating
ChatterBot Kilo reevaluating
ChatterBot Quebec reevaluating
ChatterBot Alpha reevaluating
ChatterBot Romeo reevaluating
ChatterBot Kilo reevaluating
ChatterBot Charlie reevaluating
ChatterBot Alpha reevaluating
ChatterBot Romeo reevaluating
ChatterBot Kilo reevaluating
ChatterBot Charlie reevaluating
ChatterBot Quebec reevaluating
randomSelections Oscar: {Oscar, Yankee, Victor} 
2024-10-14 23:16:29.046896 Oscar: Group up?
ChatterBot Yankee reevaluating
ChatterBot Victor reevaluating
2024-10-14 23:16:29.051495 Yankee: Yes
2024-10-14 23:16:29.051632 Victor: Yes
ChatterBot Victor reevaluating
ChatterBot Yankee reevaluating
randomSelections Lima: {Lima, Romeo, Alpha, Yankee, Oscar, Quebec} 
2024-10-14 23:16:29.063157 Lima: Group up?
ChatterBot Romeo reevaluating
ChatterBot Alpha reevaluating
ChatterBot Yankee reevaluating
ChatterBot Quebec reevaluating
2024-10-14 23:16:29.070104 Romeo: No
2024-10-14 23:16:29.070246 Alpha: No
2024-10-14 23:16:29.070383 Yankee: No
2024-10-14 23:16:29.070481 Oscar: No
2024-10-14 23:16:29.070589 Quebec: No
ChatterBot Alpha reevaluating
ChatterBot Yankee reevaluating
ChatterBot Quebec reevaluating
ChatterBot Romeo reevaluating
ChatterBot Yankee reevaluating
ChatterBot Quebec reevaluating
ChatterBot Romeo reevaluating
ChatterBot Alpha reevaluating
ChatterBot Quebec reevaluating
ChatterBot Romeo reevaluating
ChatterBot Alpha reevaluating
ChatterBot Yankee reevaluating
ChatterBot Quebec reevaluating
ChatterBot Romeo reevaluating
ChatterBot Alpha reevaluating
ChatterBot Yankee reevaluating
2024-10-14 23:16:29.228805 Oscar: Yankee, sending you 9
2024-10-14 23:16:29.229953 Victor: Oscar, sending you 9
2024-10-14 23:16:29.230279 Charlie: X-ray, Kilo, Alpha and Romeo, sending you 4
2024-10-14 23:16:29.230771 Lima: Quebec, Yankee and Romeo, sending you 4
2024-10-14 23:16:29.231847 X-ray: Charlie, sending you 7
2024-10-14 23:16:29.235153 Oscar: Victor, sending you 6
2024-10-14 23:16:29.236014 Victor: Yankee, sending you 8
2024-10-14 23:16:29.237146 Charlie: Quebec, sending you 2
2024-10-14 23:16:29.237586 Lima: Oscar, sending you 2
2024-10-14 23:16:29.238656 X-ray: Quebec, sending you 5
2024-10-14 23:16:29.238995 Alpha: X-ray and Kilo, sending you 2
2024-10-14 23:16:29.241993 Lima: Alpha, sending you 1
2024-10-14 23:16:29.243634 Yankee: Oscar, sending you 5
2024-10-14 23:16:29.244118 X-ray: Kilo, sending you 1
2024-10-14 23:16:29.245308 Alpha: Charlie, sending you 3
2024-10-14 23:16:29.255098 Quebec: X-ray, sending you 6
2024-10-14 23:16:29.255811 Yankee: Victor, sending you 12
2024-10-14 23:16:29.256915 Alpha: Quebec and Romeo, sending you 4
2024-10-14 23:16:29.258164 X-ray: Alpha, sending you 3
2024-10-14 23:16:29.267487 Quebec: Charlie, sending you 5
2024-10-14 23:16:29.268080 X-ray: Romeo, sending you 2
2024-10-14 23:16:29.271697 Quebec: Kilo, sending you 1
2024-10-14 23:16:29.277103 Quebec: Alpha, sending you 2
2024-10-14 23:16:29.285869 Quebec: Romeo, sending you 3
chatterbot Lima submitting transactions
chatterbot Charlie submitting transactions
chatterbot Alpha submitting transactions
chatterbot Oscar submitting transactions
chatterbot Romeo submitting transactions
chatterbot X-ray submitting transactions
chatterbot Victor submitting transactions
chatterbot Quebec submitting transactions
chatterbot Yankee submitting transactions
chatterbot Kilo submitting transactions
ChatterBot X-ray round 2
ChatterBot Charlie round 2
ChatterBot Quebec round 2
ChatterBot Oscar round 2
ChatterBot Yankee round 2
ChatterBot Victor round 2
ChatterBot Kilo round 2
ChatterBot Alpha round 2
ChatterBot Romeo round 2
ChatterBot Lima round 2
2024-10-14 23:16:30.135859 Oscar: We should add Lima
ChatterBot Yankee reevaluating
ChatterBot Victor reevaluating
2024-10-14 23:16:30.142660 Yankee: Yes
2024-10-14 23:16:30.142804 Victor: Yes
ChatterBot Victor reevaluating
ChatterBot Yankee reevaluating
2024-10-14 23:16:30.159 Quebec: We should replace Kilo with Lima
ChatterBot X-ray reevaluating
ChatterBot Charlie reevaluating
ChatterBot Alpha reevaluating
ChatterBot Romeo reevaluating
2024-10-14 23:16:30.172849 X-ray: No
2024-10-14 23:16:30.172994 Charlie: No
2024-10-14 23:16:30.173120 Alpha: Yes
2024-10-14 23:16:30.173237 Romeo: Yes
ChatterBot Charlie reevaluating
ChatterBot Alpha reevaluating
ChatterBot Romeo reevaluating
ChatterBot X-ray reevaluating
ChatterBot Alpha reevaluating
ChatterBot Romeo reevaluating
ChatterBot X-ray reevaluating
ChatterBot Charlie reevaluating
ChatterBot Romeo reevaluating
ChatterBot X-ray reevaluating
ChatterBot Charlie reevaluating
ChatterBot Alpha reevaluating
2024-10-14 23:16:30.235142 Oscar: Lima we want you to join our group
2024-10-14 23:16:30.238007 Lima: No
ChatterBot Yankee reevaluating
ChatterBot Victor reevaluating
2024-10-14 23:16:30.247072 Quebec: Lima we want you to join our group
ChatterBot Lima reevaluating
2024-10-14 23:16:30.249815 Lima: No
ChatterBot X-ray reevaluating
ChatterBot Charlie reevaluating
ChatterBot Alpha reevaluating
ChatterBot Romeo reevaluating
2024-10-14 23:16:30.265014 Lima: We would work well together
ChatterBot Charlie reevaluating
ChatterBot X-ray reevaluating
ChatterBot Alpha reevaluating
2024-10-14 23:16:30.277262 Charlie: Yes
2024-10-14 23:16:30.277440 X-ray: Yes
2024-10-14 23:16:30.277568 Quebec: Yes
2024-10-14 23:16:30.277681 Alpha: Yes
ChatterBot X-ray reevaluating
ChatterBot Alpha reevaluating
ChatterBot Lima reevaluating
ChatterBot Charlie reevaluating
ChatterBot Alpha reevaluating
ChatterBot Lima reevaluating
ChatterBot Charlie reevaluating
ChatterBot X-ray reevaluating
ChatterBot Alpha reevaluating
ChatterBot Lima reevaluating
ChatterBot Charlie reevaluating
ChatterBot X-ray reevaluating
ChatterBot Quebec reevaluating
ChatterBot Lima reevaluating
2024-10-14 23:16:30.331172 X-ray: We would work well together
ChatterBot Charlie reevaluating
ChatterBot Quebec reevaluating
ChatterBot Alpha reevaluating
ChatterBot Lima reevaluating
2024-10-14 23:16:30.346159 Charlie: Yes
2024-10-14 23:16:30.346318 Quebec: Yes
2024-10-14 23:16:30.346427 Alpha: Yes
2024-10-14 23:16:30.346531 Lima: Yes
2024-10-14 23:16:30.346648 Quebec: Can we be friends?
ChatterBot X-ray reevaluating
ChatterBot Quebec reevaluating
ChatterBot Alpha reevaluating
ChatterBot Lima reevaluating
ChatterBot Charlie reevaluating
ChatterBot X-ray reevaluating
ChatterBot Alpha reevaluating
ChatterBot Lima reevaluating
ChatterBot Charlie reevaluating
ChatterBot X-ray reevaluating
ChatterBot Quebec reevaluating
ChatterBot Lima reevaluating
ChatterBot Charlie reevaluating
ChatterBot X-ray reevaluating
ChatterBot Quebec reevaluating
ChatterBot Alpha reevaluating
ChatterBot Charlie reevaluating
ChatterBot X-ray reevaluating
ChatterBot Alpha reevaluating
ChatterBot Lima reevaluating
2024-10-14 23:16:30.420051 Charlie: Yes
2024-10-14 23:16:30.420336 X-ray: Yes
2024-10-14 23:16:30.420929 Alpha: Yes
2024-10-14 23:16:30.421043 Lima: Yes
ChatterBot X-ray reevaluating
ChatterBot Quebec reevaluating
ChatterBot Alpha reevaluating
ChatterBot Lima reevaluating
ChatterBot Charlie reevaluating
ChatterBot Quebec reevaluating
ChatterBot Alpha reevaluating
ChatterBot Lima reevaluating
ChatterBot Charlie reevaluating
ChatterBot X-ray reevaluating
ChatterBot Quebec reevaluating
ChatterBot Lima reevaluating
ChatterBot Charlie reevaluating
ChatterBot X-ray reevaluating
ChatterBot Quebec reevaluating
ChatterBot Alpha reevaluating
2024-10-14 23:16:30.485071 Kilo: We should drop Romeo
ChatterBot X-ray reevaluating
ChatterBot Charlie reevaluating
ChatterBot Quebec reevaluating
ChatterBot Alpha reevaluating
2024-10-14 23:16:30.500987 X-ray: No
2024-10-14 23:16:30.501117 Charlie: Yes
2024-10-14 23:16:30.501653 Quebec: No
2024-10-14 23:16:30.501772 Alpha: No
ChatterBot Charlie reevaluating
ChatterBot Quebec reevaluating
ChatterBot Alpha reevaluating
ChatterBot X-ray reevaluating
ChatterBot Quebec reevaluating
ChatterBot Alpha reevaluating
ChatterBot X-ray reevaluating
ChatterBot Charlie reevaluating
ChatterBot Alpha reevaluating
ChatterBot X-ray reevaluating
ChatterBot Charlie reevaluating
ChatterBot Quebec reevaluating
2024-10-14 23:16:30.580987 Romeo: Lima we want you to join our group
2024-10-14 23:16:30.588594 Lima: No
ChatterBot Quebec reevaluating
ChatterBot X-ray reevaluating
ChatterBot Alpha reevaluating
ChatterBot Romeo reevaluating
2024-10-14 23:16:30.632708 Yankee: Oscar, sending you 7
2024-10-14 23:16:30.633508 Victor: Oscar, sending you 6
2024-10-14 23:16:30.633877 Oscar: Yankee, sending you 6
2024-10-14 23:16:30.635685 Alpha: Lima we want you to join our group
2024-10-14 23:16:30.641193 Lima: No
ChatterBot Quebec reevaluating
ChatterBot Charlie reevaluating
2024-10-14 23:16:30.669369 Victor: Yankee, sending you 10
2024-10-14 23:16:30.670271 Yankee: Victor, sending you 6
2024-10-14 23:16:30.670554 Oscar: Victor, sending you 7
2024-10-14 23:16:30.680040 Yankee: Lima, sending you 4
2024-10-14 23:16:30.681273 Charlie: Lima we want you to join our group
2024-10-14 23:16:30.689819 Lima: No
ChatterBot Quebec reevaluating
ChatterBot Charlie reevaluating
2024-10-14 23:16:30.730836 X-ray: Charlie, sending you 6
2024-10-14 23:16:30.731977 Victor: Lima, sending you 1
2024-10-14 23:16:30.732425 Oscar: Lima, sending you 4
2024-10-14 23:16:30.733254 Kilo: X-ray and Quebec, sending you 3
2024-10-14 23:16:30.733659 Lima: X-ray, Charlie and Quebec, sending you 4
2024-10-14 23:16:30.759627 X-ray: Quebec, sending you 8
2024-10-14 23:16:30.759983 Kilo: Charlie, sending you 7
2024-10-14 23:16:30.760319 Lima: Alpha, sending you 3
2024-10-14 23:16:30.761183 Alpha: X-ray, sending you 4
2024-10-14 23:16:35.961040 Kilo: Alpha, sending you 4
2024-10-14 23:16:35.961439 Alpha: Charlie, sending you 5
2024-10-14 23:16:35.961751 X-ray: Alpha, sending you 3
2024-10-14 23:16:35.962520 Romeo: X-ray and Quebec, sending you 3
chatterbot Oscar submitting transactions
chatterbot Lima submitting transactions
chatterbot Yankee submitting transactions
chatterbot Victor submitting transactions
chatterbot Kilo submitting transactions
2024-10-14 23:16:35.968720 Alpha: Quebec, sending you 3
2024-10-14 23:16:35.969200 Romeo: Charlie, Alpha and Lima, sending you 4
2024-10-14 23:16:35.970029 Charlie: X-ray, sending you 8
2024-10-14 23:16:35.970398 X-ray: Lima, sending you 1
2024-10-14 23:16:35.970821 Quebec: X-ray, sending you 6
2024-10-14 23:16:35.976100 Alpha: Romeo, sending you 1
2024-10-14 23:16:35.976488 Charlie: Quebec, sending you 6
2024-10-14 23:16:35.977247 Quebec: Charlie, sending you 3
2024-10-14 23:16:37.283448 Alpha: Lima, sending you 2
2024-10-14 23:16:37.284869 Quebec: Alpha and Lima, sending you 4
2024-10-14 23:16:37.285397 Charlie: Alpha, sending you 4
chatterbot Charlie submitting transactions
chatterbot Alpha submitting transactions
chatterbot X-ray submitting transactions
chatterbot Romeo submitting transactions
chatterbot Quebec submitting transactions
2024-10-14 23:16:37.312668 Charlie: Lima, sending you 1
ChatterBot X-ray round 3
ChatterBot Charlie round 3
ChatterBot Quebec round 3
ChatterBot Oscar round 3
ChatterBot Yankee round 3
ChatterBot Victor round 3
ChatterBot Kilo round 3
ChatterBot Alpha round 3
2024-10-14 23:16:37.336355 Charlie: We should add Kilo and Romeo
ChatterBot X-ray reevaluating
ChatterBot Quebec reevaluating
ChatterBot Alpha reevaluating
ChatterBot Lima reevaluating
2024-10-14 23:16:37.407552 X-ray: Yes
2024-10-14 23:16:37.407927 Quebec: Yes
2024-10-14 23:16:37.412721 Alpha: Yes
2024-10-14 23:16:37.413021 Lima: No
ChatterBot Quebec reevaluating
ChatterBot Alpha reevaluating
ChatterBot Lima reevaluating
ChatterBot X-ray reevaluating
ChatterBot Alpha reevaluating
ChatterBot Lima reevaluating
ChatterBot X-ray reevaluating
ChatterBot Quebec reevaluating
ChatterBot Lima reevaluating
ChatterBot X-ray reevaluating
ChatterBot Quebec reevaluating
ChatterBot Alpha reevaluating
2024-10-14 23:16:37.555451 Alpha: We should add Kilo
2024-10-14 23:16:37.556068 Lima: We should add Romeo
ChatterBot Quebec reevaluating
ChatterBot X-ray reevaluating
ChatterBot Romeo reevaluating
ChatterBot Lima reevaluating
2024-10-14 23:16:37.576729 Quebec: Yes
ChatterBot Quebec reevaluating
2024-10-14 23:16:37.580603 X-ray: Yes
ChatterBot X-ray reevaluating
2024-10-14 23:16:37.584788 Charlie: Yes
ChatterBot Alpha reevaluating
2024-10-14 23:16:37.592367 Romeo: No
2024-10-14 23:16:37.592669 Lima: No
2024-10-14 23:16:37.593120 Quebec: Yes
2024-10-14 23:16:37.593331 X-ray: Yes
2024-10-14 23:16:37.593560 Charlie: Yes
2024-10-14 23:16:37.594158 Alpha: Yes
ChatterBot X-ray reevaluating
ChatterBot Alpha reevaluating
ChatterBot Romeo reevaluating
ChatterBot Lima reevaluating
ChatterBot Quebec reevaluating
ChatterBot Alpha reevaluating
ChatterBot Romeo reevaluating
ChatterBot Lima reevaluating
ChatterBot Quebec reevaluating
ChatterBot X-ray reevaluating
ChatterBot Alpha reevaluating
ChatterBot Romeo reevaluating
ChatterBot Lima reevaluating
ChatterBot Quebec reevaluating
ChatterBot X-ray reevaluating
ChatterBot Alpha reevaluating
ChatterBot Lima reevaluating
ChatterBot Quebec reevaluating
ChatterBot X-ray reevaluating
ChatterBot Alpha reevaluating
ChatterBot Romeo reevaluating
ChatterBot X-ray reevaluating
ChatterBot Alpha reevaluating
ChatterBot Lima reevaluating
ChatterBot Quebec reevaluating
ChatterBot Alpha reevaluating
ChatterBot Lima reevaluating
ChatterBot Quebec reevaluating
ChatterBot X-ray reevaluating
ChatterBot Alpha reevaluating
ChatterBot Lima reevaluating
ChatterBot Quebec reevaluating
ChatterBot X-ray reevaluating
ChatterBot Lima reevaluating
ChatterBot Romeo round 3
ChatterBot Lima round 3
2024-10-14 23:16:37.779053 Kilo: We should add Romeo
ChatterBot X-ray reevaluating
ChatterBot Quebec reevaluating
ChatterBot Alpha reevaluating
2024-10-14 23:16:37.797474 X-ray: Yes
2024-10-14 23:16:37.798204 Charlie: Yes
2024-10-14 23:16:37.799399 Quebec: Yes
2024-10-14 23:16:37.799692 Alpha: Yes
ChatterBot Quebec reevaluating
ChatterBot Alpha reevaluating
ChatterBot X-ray reevaluating
ChatterBot Quebec reevaluating
ChatterBot Alpha reevaluating
ChatterBot X-ray reevaluating
ChatterBot Alpha reevaluating
ChatterBot X-ray reevaluating
ChatterBot Quebec reevaluating
2024-10-14 23:16:37.855378 Oscar: We should drop Lima
2024-10-14 23:16:37.861240 Yankee: Yes
2024-10-14 23:16:37.861373 Victor: No
ChatterBot Victor reevaluating
2024-10-14 23:16:37.873881 Victor: We should replace Lima with Romeo
2024-10-14 23:16:37.879526 Oscar: No
2024-10-14 23:16:37.879703 Yankee: No
ChatterBot Victor reevaluating
ChatterBot Victor reevaluating
2024-10-14 23:16:37.892426 Charlie: Kilo and Romeo we want you to join our group
ChatterBot Romeo reevaluating
2024-10-14 23:16:37.899199 Kilo: No
2024-10-14 23:16:37.899338 Romeo: No
ChatterBot X-ray reevaluating
ChatterBot Quebec reevaluating
ChatterBot Alpha reevaluating
ChatterBot Romeo reevaluating
ChatterBot Lima reevaluating
ChatterBot X-ray reevaluating
ChatterBot Quebec reevaluating
ChatterBot Alpha reevaluating
ChatterBot Lima reevaluating
2024-10-14 23:16:37.947168 Kilo: Romeo we want you to join our group
2024-10-14 23:16:37.949402 Romeo: No
ChatterBot X-ray reevaluating
2024-10-14 23:16:37.961636 Alpha: Kilo we want you to join our group
2024-10-14 23:16:37.964105 Kilo: No
ChatterBot X-ray reevaluating
ChatterBot Lima reevaluating
2024-10-14 23:16:37.980316 Quebec: Kilo and Romeo we want you to join our group
2024-10-14 23:16:37.984741 Kilo: No
2024-10-14 23:16:37.984891 Romeo: No
ChatterBot Lima reevaluating
2024-10-14 23:16:38.010440 X-ray: Kilo and Romeo we want you to join our group
2024-10-14 23:16:38.014951 Kilo: No
2024-10-14 23:16:38.015083 Romeo: No
ChatterBot Lima reevaluating
ChatterBot Lima reevaluating
2024-10-14 23:16:38.041661 Oscar: Yankee, sending you 8
2024-10-14 23:16:38.041936 Charlie: X-ray, sending you 5
2024-10-14 23:16:38.042755 Yankee: Oscar, sending you 8
2024-10-14 23:16:38.044699 Romeo: X-ray, sending you 2
2024-10-14 23:16:38.045672 Charlie: Quebec, Kilo, Alpha and Romeo, sending you 3
2024-10-14 23:16:38.046187 Yankee: Victor, sending you 9
2024-10-14 23:16:38.046941 Victor: Oscar, sending you 7
2024-10-14 23:16:38.047322 Oscar: Victor, sending you 9
2024-10-14 23:16:38.047653 Kilo: X-ray and Quebec, sending you 3
2024-10-14 23:16:38.048155 Alpha: X-ray, Charlie and Quebec, sending you 3
2024-10-14 23:16:38.049701 Romeo: Charlie and Lima, sending you 4
2024-10-14 23:16:38.051076 Victor: Yankee, sending you 8
2024-10-14 23:16:38.051548 Charlie: Lima, sending you 2
2024-10-14 23:16:38.052438 Kilo: Charlie, sending you 5
2024-10-14 23:16:38.053759 Alpha: Kilo, Romeo and Lima, sending you 2
2024-10-14 23:16:38.054587 Romeo: Quebec, sending you 3
2024-10-14 23:16:38.056009 Victor: Lima, sending you 2
2024-10-14 23:16:38.056525 X-ray: Charlie and Quebec, sending you 5
2024-10-14 23:16:38.057686 Kilo: Alpha, sending you 4
2024-10-14 23:16:38.058887 Romeo: Alpha, sending you 5
2024-10-14 23:16:38.061690 X-ray: Kilo, sending you 1
2024-10-14 23:16:38.062535 Kilo: Romeo, sending you 2
2024-10-14 23:16:38.063680 Quebec: X-ray, sending you 5
2024-10-14 23:16:38.065660 X-ray: Alpha, sending you 3
2024-10-14 23:16:38.066622 Lima: X-ray, Charlie and Kilo, sending you 1
2024-10-14 23:16:38.067690 Quebec: Charlie, Alpha and Lima, sending you 3
2024-10-14 23:16:38.069681 Lima: Quebec and Oscar, sending you 3
2024-10-14 23:16:38.071092 X-ray: Romeo and Lima, sending you 2
2024-10-14 23:16:38.073095 Quebec: Kilo, sending you 1
2024-10-14 23:16:38.075070 Lima: Alpha, sending you 2
2024-10-14 23:16:38.077140 Quebec: Romeo, sending you 2
2024-10-14 23:16:38.077838 Lima: Romeo, sending you 4
chatterbot Romeo submitting transactions
chatterbot Charlie submitting transactions
chatterbot Victor submitting transactions
chatterbot X-ray submitting transactions
chatterbot Kilo submitting transactions
chatterbot Lima submitting transactions
chatterbot Oscar submitting transactions
chatterbot Yankee submitting transactions
chatterbot Alpha submitting transactions
chatterbot Quebec submitting transactions
ChatterBot X-ray round 4
ChatterBot Charlie round 4
ChatterBot Quebec round 4
ChatterBot Oscar round 4
ChatterBot Yankee round 4
ChatterBot Victor round 4
ChatterBot Kilo round 4
ChatterBot Alpha round 4
ChatterBot Romeo round 4
ChatterBot Lima round 4
2024-10-14 23:16:39.161377 Kilo: We should add Lima
ChatterBot Romeo reevaluating
2024-10-14 23:16:39.188452 X-ray: Yes
2024-10-14 23:16:39.188757 Romeo: Yes
2024-10-14 23:16:39.188968 Charlie: Yes
2024-10-14 23:16:39.189238 Quebec: Yes
2024-10-14 23:16:39.189458 Alpha: Yes
ChatterBot Romeo reevaluating
ChatterBot Romeo reevaluating
ChatterBot Romeo reevaluating
ChatterBot Romeo reevaluating
2024-10-14 23:16:39.281598 Kilo: Lima we want you to join our group
ChatterBot Lima reevaluating
2024-10-14 23:16:39.287002 Lima: Yes
ChatterBot Romeo reevaluating
2024-10-14 23:16:39.305898 Lima: We should replace Oscar with Yankee
2024-10-14 23:16:39.322927 Charlie: No
2024-10-14 23:16:39.323128 X-ray: No
2024-10-14 23:16:39.323297 Quebec: No
2024-10-14 23:16:39.323457 Kilo: No
2024-10-14 23:16:39.323611 Alpha: No
2024-10-14 23:16:39.324383 Romeo: No
ChatterBot Romeo reevaluating
ChatterBot Lima reevaluating
ChatterBot Romeo reevaluating
ChatterBot Lima reevaluating
ChatterBot Romeo reevaluating
ChatterBot Lima reevaluating
ChatterBot Romeo reevaluating
ChatterBot Lima reevaluating
ChatterBot Romeo reevaluating
ChatterBot Lima reevaluating
ChatterBot Lima reevaluating
2024-10-14 23:16:39.450660 Quebec: X-ray, sending you 5
2024-10-14 23:16:39.451199 Yankee: Oscar, sending you 8
2024-10-14 23:16:39.451785 Oscar: Yankee, sending you 9
2024-10-14 23:16:39.452025 Charlie: X-ray, sending you 5
2024-10-14 23:16:39.452665 Alpha: X-ray, Charlie, Quebec and Romeo, sending you 3
2024-10-14 23:16:39.453107 X-ray: Charlie and Quebec, sending you 5
2024-10-14 23:16:39.453507 Victor: Oscar, sending you 7
2024-10-14 23:16:39.454665 Yankee: Victor, sending you 9
2024-10-14 23:16:39.455022 Oscar: Victor, sending you 8
2024-10-14 23:16:39.455308 Charlie: Quebec, Kilo, Alpha and Romeo, sending you 3
2024-10-14 23:16:39.456259 Romeo: Kilo we want you to join our group
2024-10-14 23:16:39.459679 Kilo: Yes
ChatterBot Lima reevaluating
2024-10-14 23:16:39.480088 Quebec: Charlie, Alpha and Lima, sending you 3
2024-10-14 23:16:39.480687 Alpha: Kilo, sending you 2
2024-10-14 23:16:39.481187 X-ray: Kilo and Romeo, sending you 2
2024-10-14 23:16:39.481982 Victor: Yankee, sending you 8
2024-10-14 23:16:39.482316 Charlie: Lima, sending you 2
2024-10-14 23:16:39.483666 Quebec: Kilo, sending you 1
2024-10-14 23:16:39.484658 Alpha: Lima, sending you 1
2024-10-14 23:16:39.485853 Lima: We should drop Oscar
2024-10-14 23:16:39.502674 Charlie: Yes
2024-10-14 23:16:39.502885 X-ray: Yes
2024-10-14 23:16:39.503061 Quebec: Yes
2024-10-14 23:16:39.503231 Kilo: Yes
2024-10-14 23:16:39.503391 Alpha: Yes
2024-10-14 23:16:39.503548 Romeo: Yes
ChatterBot Lima reevaluating
ChatterBot Romeo reevaluating
ChatterBot Lima reevaluating
ChatterBot Romeo reevaluating
ChatterBot Lima reevaluating
ChatterBot Romeo reevaluating
ChatterBot Lima reevaluating
ChatterBot Romeo reevaluating
ChatterBot Lima reevaluating
ChatterBot Lima reevaluating
2024-10-14 23:16:39.592482 X-ray: Alpha, sending you 3
2024-10-14 23:16:39.592889 Victor: Lima, sending you 2
2024-10-14 23:16:39.593129 Kilo: X-ray, Quebec and Alpha, sending you 3
2024-10-14 23:16:39.593482 Quebec: Romeo, sending you 2
chatterbot Victor submitting transactions
2024-10-14 23:16:39.595687 X-ray: Lima, sending you 1
2024-10-14 23:16:39.596327 Kilo: Charlie, sending you 5
chatterbot Oscar submitting transactions
2024-10-14 23:16:39.601996 Kilo: Romeo, sending you 1
2024-10-14 23:16:39.605657 Kilo: Lima, sending you 2
2024-10-14 23:16:39.617684 Lima: X-ray, Charlie and Alpha, sending you 2
2024-10-14 23:16:39.622674 Lima: Quebec and Romeo, sending you 4
2024-10-14 23:16:39.625671 Romeo: X-ray, Quebec and Alpha, sending you 3
2024-10-14 23:16:39.626735 Lima: Kilo, sending you 1
2024-10-14 23:16:39.631680 Romeo: Charlie and Lima, sending you 4
2024-10-14 23:16:39.636671 Romeo: Kilo, sending you 1
chatterbot Quebec submitting transactions
chatterbot Romeo submitting transactions
chatterbot X-ray submitting transactions
chatterbot Yankee submitting transactions
chatterbot Charlie submitting transactions
chatterbot Alpha submitting transactions
chatterbot Kilo submitting transactions
chatterbot Lima submitting transactions
ChatterBot X-ray round 5
ChatterBot Charlie round 5
ChatterBot Quebec round 5
ChatterBot Oscar round 5
ChatterBot Yankee round 5
ChatterBot Victor round 5
ChatterBot Kilo round 5
ChatterBot Alpha round 5
ChatterBot Romeo round 5
ChatterBot Lima round 5
2024-10-14 23:16:40.683698 Quebec: X-ray, sending you 4
2024-10-14 23:16:40.684877 Romeo: X-ray, Quebec and Alpha, sending you 3
2024-10-14 23:16:40.686071 Alpha: X-ray, Charlie, Quebec and Romeo, sending you 3
2024-10-14 23:16:40.688675 Yankee: Oscar, sending you 8
2024-10-14 23:16:40.689082 Victor: Oscar, sending you 7
2024-10-14 23:16:40.689473 Quebec: Charlie, Alpha and Lima, sending you 3
2024-10-14 23:16:40.690886 Romeo: Charlie and Lima, sending you 4
2024-10-14 23:16:40.692100 Charlie: X-ray, sending you 5
2024-10-14 23:16:40.693347 Alpha: Kilo, sending you 2
2024-10-14 23:16:40.694084 Oscar: Yankee, sending you 9
2024-10-14 23:16:40.694439 Victor: Yankee, sending you 8
2024-10-14 23:16:40.695192 Kilo: X-ray, Quebec and Alpha, sending you 3
2024-10-14 23:16:40.695909 Yankee: Victor, sending you 9
2024-10-14 23:16:40.696286 Quebec: Kilo and Romeo, sending you 2
2024-10-14 23:16:40.697659 Romeo: Kilo, sending you 1
2024-10-14 23:16:40.698845 Charlie: Quebec, Kilo, Alpha and Romeo, sending you 3
2024-10-14 23:16:40.700008 Alpha: Lima, sending you 1
2024-10-14 23:16:40.700775 Oscar: Victor, sending you 8
2024-10-14 23:16:40.701155 Lima: X-ray, Charlie and Alpha, sending you 2
2024-10-14 23:16:40.701956 Victor: Lima, sending you 2
2024-10-14 23:16:40.702828 Kilo: Charlie, sending you 4
2024-10-14 23:16:40.703799 X-ray: Charlie and Quebec, sending you 5
2024-10-14 23:16:40.705047 Charlie: Lima, sending you 2
2024-10-14 23:16:40.706739 Lima: Quebec and Romeo, sending you 4
2024-10-14 23:16:40.708049 Kilo: Romeo and Lima, sending you 2
2024-10-14 23:16:40.709377 X-ray: Kilo and Romeo, sending you 2
2024-10-14 23:16:40.710894 Lima: Kilo, sending you 1
2024-10-14 23:16:40.714683 X-ray: Alpha, sending you 3
2024-10-14 23:16:40.719660 X-ray: Lima, sending you 1
chatterbot Victor submitting transactions
chatterbot Lima submitting transactions
chatterbot Kilo submitting transactions
chatterbot Yankee submitting transactions
chatterbot X-ray submitting transactions
chatterbot Oscar submitting transactions
chatterbot Charlie submitting transactions
chatterbot Romeo submitting transactions
chatterbot Quebec submitting transactions
chatterbot Alpha submitting transactions
ChatterBot X-ray round 6
ChatterBot Charlie round 6
ChatterBot Quebec round 6
ChatterBot Oscar round 6
ChatterBot Yankee round 6
ChatterBot Victor round 6
ChatterBot Kilo round 6
ChatterBot Alpha round 6
ChatterBot Romeo round 6
ChatterBot Lima round 6
2024-10-14 23:16:41.934731 Victor: We should replace Lima with Kilo
2024-10-14 23:16:41.942983 Oscar: No
2024-10-14 23:16:41.943316 Yankee: No
ChatterBot Victor reevaluating
ChatterBot Victor reevaluating
2024-10-14 23:16:41.968468 Lima: We should add Victor
2024-10-14 23:16:41.990180 Charlie: No
2024-10-14 23:16:41.990562 X-ray: No
2024-10-14 23:16:41.990812 Quebec: No
2024-10-14 23:16:41.991093 Kilo: No
2024-10-14 23:16:41.991429 Alpha: No
2024-10-14 23:16:41.991700 Romeo: No
ChatterBot Lima reevaluating
ChatterBot Lima reevaluating
ChatterBot Lima reevaluating
ChatterBot Lima reevaluating
ChatterBot Lima reevaluating
ChatterBot Lima reevaluating
2024-10-14 23:16:42.122711 Alpha: X-ray, Charlie, Quebec and Romeo, sending you 3
2024-10-14 23:16:42.123493 Victor: Oscar, sending you 7
2024-10-14 23:16:42.123866 Yankee: Oscar, sending you 8
2024-10-14 23:16:42.125696 Romeo: X-ray, Charlie, Quebec and Alpha, sending you 3
2024-10-14 23:16:42.126710 Kilo: X-ray, Quebec and Alpha, sending you 3
2024-10-14 23:16:42.127496 Oscar: Yankee, sending you 9
2024-10-14 23:16:42.127791 Alpha: Kilo, sending you 2
2024-10-14 23:16:42.128985 Victor: Yankee, sending you 8
2024-10-14 23:16:42.129285 Quebec: X-ray, sending you 4
2024-10-14 23:16:42.129859 Charlie: X-ray, sending you 5
2024-10-14 23:16:42.130479 Yankee: Victor, sending you 9
2024-10-14 23:16:42.130730 Romeo: Kilo, sending you 2
2024-10-14 23:16:42.131301 Kilo: Charlie, sending you 4
2024-10-14 23:16:42.131963 X-ray: Charlie, sending you 5
2024-10-14 23:16:42.133052 Lima: X-ray, Charlie and Alpha, sending you 2
2024-10-14 23:16:42.133649 Oscar: Victor, sending you 8
2024-10-14 23:16:42.133893 Alpha: Lima, sending you 1
2024-10-14 23:16:42.134486 Charlie: Quebec, Kilo, Alpha and Romeo, sending you 3
2024-10-14 23:16:42.135131 Victor: Lima, sending you 2
2024-10-14 23:16:42.135401 Quebec: Charlie, Alpha and Lima, sending you 3
2024-10-14 23:16:42.136423 Romeo: Lima, sending you 4
2024-10-14 23:16:42.137095 X-ray: Quebec, sending you 4
2024-10-14 23:16:42.137648 Lima: Quebec and Romeo, sending you 4
2024-10-14 23:16:42.138431 Kilo: Romeo and Lima, sending you 2
2024-10-14 23:16:42.139522 Charlie: Lima, sending you 2
2024-10-14 23:16:42.140140 Quebec: Kilo and Romeo, sending you 2
2024-10-14 23:16:42.142667 X-ray: Kilo, Romeo and Lima, sending you 2
2024-10-14 23:16:42.143419 Lima: Kilo, sending you 1
2024-10-14 23:16:42.145713 X-ray: Alpha, sending you 3
chatterbot Yankee submitting transactions
chatterbot Kilo submitting transactions
chatterbot Alpha submitting transactions
chatterbot X-ray submitting transactions
chatterbot Charlie submitting transactions
chatterbot Romeo submitting transactions
chatterbot Quebec submitting transactions
chatterbot Oscar submitting transactions
chatterbot Lima submitting transactions
chatterbot Victor submitting transactions
ChatterBot X-ray round 7
ChatterBot Charlie round 7
ChatterBot Quebec round 7
ChatterBot Oscar round 7
ChatterBot Yankee round 7
ChatterBot Victor round 7
ChatterBot Kilo round 7
ChatterBot Alpha round 7
ChatterBot Romeo round 7
ChatterBot Lima round 7
2024-10-14 23:16:43.198712 Victor: We should replace Lima with Kilo
2024-10-14 23:16:43.206796 Oscar: No
2024-10-14 23:16:43.207012 Yankee: No
2024-10-14 23:16:43.236839 Victor: Kilo we want you to join our group
2024-10-14 23:16:43.239458 Kilo: No
2024-10-14 23:16:43.248649 Yankee: Oscar, sending you 9
2024-10-14 23:16:43.249684 X-ray: Charlie, sending you 5
2024-10-14 23:16:43.253676 Yankee: Victor, sending you 8
2024-10-14 23:16:43.254140 X-ray: Quebec, sending you 4
2024-10-14 23:16:43.255686 Alpha: X-ray, Charlie, Quebec and Romeo, sending you 3
2024-10-14 23:16:43.256674 Romeo: X-ray, Charlie, Quebec and Alpha, sending you 3
2024-10-14 23:16:43.257521 Lima: X-ray, Charlie, Kilo and Alpha, sending you 2
2024-10-14 23:16:43.258775 Victor: Oscar, sending you 7
2024-10-14 23:16:43.259045 X-ray: Kilo, Romeo and Lima, sending you 2
2024-10-14 23:16:43.259718 Alpha: Kilo, sending you 2
2024-10-14 23:16:43.261678 Romeo: Kilo, sending you 2
2024-10-14 23:16:43.263016 Victor: Yankee, sending you 8
2024-10-14 23:16:43.263675 Lima: Quebec, sending you 3
2024-10-14 23:16:43.265283 Oscar: Yankee, sending you 9
2024-10-14 23:16:43.265634 Kilo: X-ray, Quebec and Alpha, sending you 3
2024-10-14 23:16:43.266482 Charlie: X-ray, sending you 5
2024-10-14 23:16:43.267241 X-ray: Alpha, sending you 3
2024-10-14 23:16:43.268588 Alpha: Lima, sending you 1
2024-10-14 23:16:43.269380 Quebec: X-ray, sending you 4
2024-10-14 23:16:43.270092 Victor: Kilo, sending you 2
2024-10-14 23:16:43.270446 Romeo: Lima, sending you 4
2024-10-14 23:16:43.271646 Oscar: Victor, sending you 8
2024-10-14 23:16:43.271970 Lima: Romeo, sending you 4
2024-10-14 23:16:43.272765 Charlie: Quebec, Kilo, Alpha and Romeo, sending you 3
2024-10-14 23:16:43.274349 Kilo: Charlie, sending you 4
2024-10-14 23:16:43.275118 Quebec: Charlie, Alpha and Lima, sending you 3
2024-10-14 23:16:43.277909 Charlie: Lima, sending you 2
2024-10-14 23:16:43.278663 Kilo: Romeo and Lima, sending you 2
2024-10-14 23:16:43.279323 Quebec: Kilo and Romeo, sending you 2
chatterbot X-ray submitting transactions
chatterbot Lima submitting transactions
chatterbot Charlie submitting transactions
chatterbot Quebec submitting transactions
chatterbot Oscar submitting transactions
chatterbot Victor submitting transactions
chatterbot Alpha submitting transactions
chatterbot Romeo submitting transactions
chatterbot Yankee submitting transactions
chatterbot Kilo submitting transactions
ChatterBot X-ray round 8
ChatterBot Charlie round 8
ChatterBot Quebec round 8
ChatterBot Oscar round 8
ChatterBot Yankee round 8
ChatterBot Victor round 8
ChatterBot Kilo round 8
ChatterBot Alpha round 8
ChatterBot Romeo round 8
ChatterBot Lima round 8
2024-10-14 23:16:44.548704 X-ray: Charlie, sending you 5
2024-10-14 23:16:44.551679 Victor: Oscar, sending you 7
2024-10-14 23:16:44.552728 Oscar: Yankee, sending you 9
2024-10-14 23:16:44.553676 Charlie: X-ray, sending you 5
2024-10-14 23:16:44.555303 X-ray: Quebec, sending you 4
2024-10-14 23:16:44.556474 Quebec: X-ray, sending you 4
2024-10-14 23:16:44.558586 Romeo: X-ray, Charlie, Quebec and Alpha, sending you 3
2024-10-14 23:16:44.560723 Victor: Yankee, sending you 8
2024-10-14 23:16:44.561098 Oscar: Victor, sending you 8
2024-10-14 23:16:44.561506 Charlie: Quebec, Kilo, Alpha and Romeo, sending you 3
2024-10-14 23:16:44.563106 X-ray: Kilo, Romeo and Lima, sending you 2
2024-10-14 23:16:44.564169 Quebec: Charlie, Alpha and Lima, sending you 3
2024-10-14 23:16:44.565594 Romeo: Kilo, sending you 2
2024-10-14 23:16:44.566287 Victor: Kilo, sending you 2
2024-10-14 23:16:44.566525 Charlie: Lima, sending you 2
2024-10-14 23:16:44.567927 Yankee: Oscar, sending you 9
2024-10-14 23:16:44.568201 X-ray: Alpha, sending you 3
2024-10-14 23:16:44.568882 Kilo: X-ray, Quebec and Alpha, sending you 3
2024-10-14 23:16:44.570092 Quebec: Kilo and Romeo, sending you 2
2024-10-14 23:16:44.570814 Lima: X-ray, Charlie, Kilo and Alpha, sending you 2
2024-10-14 23:16:44.571486 Romeo: Lima, sending you 4
2024-10-14 23:16:44.573288 Yankee: Victor, sending you 8
2024-10-14 23:16:44.573722 Kilo: Charlie, sending you 4
2024-10-14 23:16:44.575907 Lima: Quebec, sending you 3
2024-10-14 23:16:44.577730 Alpha: X-ray, Charlie and Quebec, sending you 3
2024-10-14 23:16:44.580077 Kilo: Romeo and Lima, sending you 2
2024-10-14 23:16:44.581921 Lima: Romeo, sending you 4
2024-10-14 23:16:44.584954 Alpha: Kilo, Romeo and Lima, sending you 2
chatterbot Quebec submitting transactions
chatterbot Alpha submitting transactions
chatterbot X-ray submitting transactions
chatterbot Kilo submitting transactions
chatterbot Yankee submitting transactions
chatterbot Charlie submitting transactions
chatterbot Romeo submitting transactions
chatterbot Victor submitting transactions
chatterbot Lima submitting transactions
chatterbot Oscar submitting transactions
ChatterBot X-ray round 9
ChatterBot Charlie round 9
ChatterBot Quebec round 9
ChatterBot Oscar round 9
ChatterBot Yankee round 9
ChatterBot Victor round 9
ChatterBot Kilo round 9
ChatterBot Alpha round 9
ChatterBot Romeo round 9
ChatterBot Lima round 9
2024-10-14 23:16:45.799030 Victor: We should replace Kilo with Romeo
2024-10-14 23:16:45.807546 Oscar: No
2024-10-14 23:16:45.807924 Yankee: No
ChatterBot Victor reevaluating
ChatterBot Victor reevaluating
2024-10-14 23:16:45.875257 Yankee: Oscar, sending you 9
2024-10-14 23:16:45.876053 X-ray: Charlie, sending you 5
2024-10-14 23:16:45.880107 Quebec: X-ray, sending you 4
2024-10-14 23:16:45.882756 Charlie: X-ray, sending you 5
2024-10-14 23:16:45.885621 Oscar: Yankee, sending you 9
2024-10-14 23:16:45.887108 Victor: Oscar, sending you 8
2024-10-14 23:16:45.887752 Kilo: X-ray, Quebec and Alpha, sending you 3
2024-10-14 23:16:45.891495 Romeo: X-ray, Charlie, Quebec and Alpha, sending you 3
2024-10-14 23:16:45.895419 Lima: X-ray, Charlie, Kilo and Alpha, sending you 2
2024-10-14 23:16:45.899055 Alpha: X-ray, Charlie and Quebec, sending you 3
2024-10-14 23:16:45.902139 Yankee: Victor, sending you 8
2024-10-14 23:16:45.903496 X-ray: Quebec, sending you 4
2024-10-14 23:16:45.905856 Quebec: Charlie, Alpha and Lima, sending you 3
2024-10-14 23:16:45.908440 Charlie: Quebec, Kilo, Alpha and Romeo, sending you 3
2024-10-14 23:16:45.911706 Oscar: Victor, sending you 8
2024-10-14 23:16:45.912188 Victor: Yankee, sending you 9
2024-10-14 23:16:45.912661 Kilo: Charlie, sending you 4
2024-10-14 23:16:45.915062 Romeo: Kilo, sending you 2
2024-10-14 23:16:45.918074 Lima: Quebec, sending you 3
2024-10-14 23:16:45.919156 Alpha: Kilo, Romeo and Lima, sending you 2
2024-10-14 23:16:45.921149 X-ray: Kilo, Romeo and Lima, sending you 2
2024-10-14 23:16:45.922890 Quebec: Kilo and Romeo, sending you 2
2024-10-14 23:16:45.924829 Charlie: Lima, sending you 2
2024-10-14 23:16:45.926544 Kilo: Romeo and Lima, sending you 2
2024-10-14 23:16:45.928479 Romeo: Lima, sending you 4
2024-10-14 23:16:45.930642 Lima: Romeo, sending you 4
2024-10-14 23:16:45.933224 X-ray: Alpha, sending you 3
chatterbot X-ray submitting transactions
chatterbot Romeo submitting transactions
chatterbot Yankee submitting transactions
chatterbot Lima submitting transactions
chatterbot Oscar submitting transactions
chatterbot Kilo submitting transactions
chatterbot Victor submitting transactions
chatterbot Quebec submitting transactions
chatterbot Charlie submitting transactions
chatterbot Alpha submitting transactions
ChatterBot X-ray round 10
ChatterBot Charlie round 10
ChatterBot Quebec round 10
ChatterBot Oscar round 10
ChatterBot Yankee round 10
ChatterBot Victor round 10
ChatterBot Kilo round 10
ChatterBot Alpha round 10
ChatterBot Romeo round 10
ChatterBot Lima round 10
2024-10-14 23:16:47.135344 Victor: We should add Romeo
2024-10-14 23:16:47.144879 Oscar: No
2024-10-14 23:16:47.145035 Yankee: No
ChatterBot Victor reevaluating
ChatterBot Victor reevaluating
2024-10-14 23:16:47.176468 Victor: Romeo we want you to join our group
2024-10-14 23:16:47.181190 Romeo: No
ChatterBot Victor reevaluating
2024-10-14 23:16:47.189342 Victor: We should add Kilo
2024-10-14 23:16:47.194996 Oscar: No
2024-10-14 23:16:47.195183 Yankee: No
ChatterBot Victor reevaluating
ChatterBot Victor reevaluating
2024-10-14 23:16:47.211398 X-ray: Charlie, sending you 5
2024-10-14 23:16:47.215178 Kilo: X-ray, Charlie, Quebec, Alpha and Lima, sending you 3
2024-10-14 23:16:47.219713 X-ray: Quebec, sending you 4
2024-10-14 23:16:47.224147 Kilo: Romeo, sending you 2
2024-10-14 23:16:47.228028 Romeo: Charlie, Alpha and Lima, sending you 1
2024-10-14 23:16:47.232095 Alpha: X-ray, Charlie and Quebec, sending you 3
2024-10-14 23:16:47.235016 Oscar: Yankee, sending you 9
2024-10-14 23:16:47.235726 Charlie: X-ray, sending you 5
2024-10-14 23:16:47.238479 Yankee: Oscar, sending you 9
2024-10-14 23:16:47.238937 Lima: X-ray, Charlie, Kilo and Alpha, sending you 2
2024-10-14 23:16:47.241854 Quebec: X-ray, sending you 4
2024-10-14 23:16:47.244607 X-ray: Kilo, Romeo and Lima, sending you 2
2024-10-14 23:16:47.246811 Alpha: Kilo, Romeo and Lima, sending you 2
2024-10-14 23:16:47.249276 Oscar: Victor, sending you 8
2024-10-14 23:16:47.249913 Charlie: Quebec, Kilo, Alpha and Romeo, sending you 3
2024-10-14 23:16:47.251584 Yankee: Victor, sending you 8
2024-10-14 23:16:47.252610 Lima: Quebec, sending you 3
2024-10-14 23:16:47.254323 Quebec: Charlie, Alpha and Lima, sending you 3
2024-10-14 23:16:47.257693 X-ray: Alpha, sending you 3
2024-10-14 23:16:47.260035 Charlie: Lima, sending you 2
2024-10-14 23:16:47.261665 Lima: Romeo, sending you 4
2024-10-14 23:16:47.263242 Quebec: Kilo and Romeo, sending you 2
2024-10-14 23:16:47.276668 Victor: Oscar, sending you 7
2024-10-14 23:16:47.281732 Victor: Yankee, sending you 8
2024-10-14 23:16:47.286659 Victor: Romeo, sending you 2
chatterbot Alpha submitting transactions
chatterbot Quebec submitting transactions
chatterbot X-ray submitting transactions
chatterbot Victor submitting transactions
chatterbot Oscar submitting transactions
chatterbot Charlie submitting transactions
chatterbot Romeo submitting transactions
chatterbot Kilo submitting transactions
chatterbot Yankee submitting transactions
chatterbot Lima submitting transactions
ChatterBot X-ray round 11
ChatterBot Charlie round 11
ChatterBot Quebec round 11
ChatterBot Oscar round 11
ChatterBot Yankee round 11
ChatterBot Victor round 11
ChatterBot Kilo round 11
ChatterBot Alpha round 11
ChatterBot Romeo round 11
ChatterBot Lima round 11
2024-10-14 23:16:48.463571 Charlie: We should add Oscar
2024-10-14 23:16:48.480248 X-ray: No
2024-10-14 23:16:48.480999 Quebec: No
2024-10-14 23:16:48.481173 Kilo: No
2024-10-14 23:16:48.481354 Alpha: No
2024-10-14 23:16:48.481566 Romeo: No
2024-10-14 23:16:48.481885 Lima: No
ChatterBot Charlie reevaluating
ChatterBot Lima reevaluating
ChatterBot Charlie reevaluating
