ChatterBot Bravo round 1
ChatterBot Kilo round 1
randomSelections Bravo: {Bravo, Kilo, Zulu, Papa, Hotel, Echo} 
2024-10-14 23:16:28.917310 Bravo: We would work well together
ChatterBot Kilo reevaluating
2024-10-14 23:16:28.919940 Kilo: Yes
ChatterBot Echo round 1
ChatterBot Echo reevaluating
ChatterBot Echo reevaluating
2024-10-14 23:16:28.931899 Echo: Yes
ChatterBot Kilo reevaluating
ChatterBot Zulu round 1
ChatterBot Zulu reevaluating
ChatterBot Zulu reevaluating
ChatterBot Zulu reevaluating
2024-10-14 23:16:28.960297 Zulu: Yes
ChatterBot Kilo reevaluating
ChatterBot Echo reevaluating
ChatterBot Alpha round 1
ChatterBot November round 1
ChatterBot Papa round 1
ChatterBot Papa reevaluating
ChatterBot Papa reevaluating
ChatterBot Papa reevaluating
ChatterBot Papa reevaluating
2024-10-14 23:16:28.982797 Papa: Yes
ChatterBot Kilo reevaluating
ChatterBot Zulu reevaluating
ChatterBot Echo reevaluating
ChatterBot Hotel round 1
ChatterBot Hotel reevaluating
ChatterBot Hotel reevaluating
ChatterBot Hotel reevaluating
ChatterBot Hotel reevaluating
ChatterBot Hotel reevaluating
2024-10-14 23:16:29.001817 Hotel: Yes
ChatterBot Kilo reevaluating
ChatterBot Zulu reevaluating
ChatterBot Papa reevaluating
ChatterBot Echo reevaluating
ChatterBot Mike round 1
ChatterBot Oscar round 1
randomSelections November: {November, Oscar, Bravo, Kilo, Papa, Mike} 
2024-10-14 23:16:29.021066 November: We would work well together
ChatterBot Oscar reevaluating
ChatterBot Kilo reevaluating
ChatterBot Papa reevaluating
ChatterBot Mike reevaluating
2024-10-14 23:16:29.029355 Oscar: Yes
2024-10-14 23:16:29.029506 Bravo: No
2024-10-14 23:16:29.029643 Kilo: No
2024-10-14 23:16:29.029753 Papa: No
2024-10-14 23:16:29.029859 Mike: Yes
ChatterBot Kilo reevaluating
ChatterBot Papa reevaluating
ChatterBot Mike reevaluating
ChatterBot Oscar reevaluating
ChatterBot Kilo reevaluating
ChatterBot Papa reevaluating
ChatterBot Mike reevaluating
ChatterBot Oscar reevaluating
ChatterBot Papa reevaluating
ChatterBot Mike reevaluating
ChatterBot Oscar reevaluating
ChatterBot Kilo reevaluating
ChatterBot Mike reevaluating
ChatterBot Oscar reevaluating
ChatterBot Kilo reevaluating
ChatterBot Papa reevaluating
randomSelections Alpha: {Alpha, Bravo, November, Oscar, Kilo, Hotel, Papa} 
2024-10-14 23:16:29.068600 Alpha: We would work well together
ChatterBot Oscar reevaluating
ChatterBot Kilo reevaluating
ChatterBot Hotel reevaluating
ChatterBot Papa reevaluating
2024-10-14 23:16:29.078198 Bravo: No
2024-10-14 23:16:29.078341 November: No
2024-10-14 23:16:29.078454 Oscar: No
2024-10-14 23:16:29.078555 Kilo: No
2024-10-14 23:16:29.078671 Hotel: No
2024-10-14 23:16:29.078795 Papa: No
ChatterBot Oscar reevaluating
ChatterBot Kilo reevaluating
ChatterBot Hotel reevaluating
ChatterBot Papa reevaluating
ChatterBot Oscar reevaluating
ChatterBot Kilo reevaluating
ChatterBot Hotel reevaluating
ChatterBot Papa reevaluating
ChatterBot Kilo reevaluating
ChatterBot Hotel reevaluating
ChatterBot Papa reevaluating
ChatterBot Oscar reevaluating
ChatterBot Hotel reevaluating
ChatterBot Papa reevaluating
ChatterBot Oscar reevaluating
ChatterBot Kilo reevaluating
ChatterBot Papa reevaluating
ChatterBot Oscar reevaluating
ChatterBot Kilo reevaluating
ChatterBot Hotel reevaluating
2024-10-14 23:16:29.233177 Bravo: Kilo, sending you 4
2024-10-14 23:16:29.240881 Bravo: Echo and Hotel, sending you 3
2024-10-14 23:16:29.242304 Zulu: Bravo and Kilo, sending you 4
2024-10-14 23:16:29.246024 Bravo: Zulu, sending you 2
2024-10-14 23:16:29.247601 November: Bravo, sending you 2
2024-10-14 23:16:29.248548 Oscar: Bravo and November, sending you 2
2024-10-14 23:16:29.249789 Zulu: Echo, sending you 1
2024-10-14 23:16:29.250430 Alpha: Bravo, Hotel and Oscar, sending you 3
2024-10-14 23:16:29.251447 Echo: Bravo, Kilo and Hotel, sending you 1
2024-10-14 23:16:29.252105 Bravo: Papa, sending you 7
2024-10-14 23:16:29.253275 November: Kilo and Oscar, sending you 1
2024-10-14 23:16:29.253865 Kilo: Bravo and Papa, sending you 5
2024-10-14 23:16:29.255169 Oscar: Kilo and Papa, sending you 4
2024-10-14 23:16:29.255748 Zulu: Papa, sending you 6
2024-10-14 23:16:29.256987 Alpha: Kilo and November, sending you 4
2024-10-14 23:16:29.258265 Echo: Papa, sending you 2
2024-10-14 23:16:29.258991 Hotel: Bravo, sending you 2
2024-10-14 23:16:29.260157 Papa: Hotel, sending you 1
2024-10-14 23:16:29.260877 November: Papa, sending you 3
2024-10-14 23:16:29.261987 Oscar: Mike, sending you 5
2024-10-14 23:16:29.262792 Kilo: Echo, sending you 1
2024-10-14 23:16:29.264681 Zulu: Hotel, sending you 2
2024-10-14 23:16:29.266143 Alpha: Papa, sending you 1
2024-10-14 23:16:29.267752 Mike: Bravo, Kilo, November, Papa and Oscar, sending you 1
2024-10-14 23:16:29.268873 Hotel: Kilo and Echo, sending you 3
2024-10-14 23:16:29.270484 November: Mike, sending you 7
2024-10-14 23:16:29.271727 Kilo: Zulu, sending you 2
2024-10-14 23:16:29.274704 Hotel: Zulu, sending you 4
2024-10-14 23:16:29.276400 Kilo: Hotel, sending you 4
2024-10-14 23:16:29.278721 Hotel: Papa, sending you 1
chatterbot Alpha submitting transactions
chatterbot Echo submitting transactions
chatterbot Zulu submitting transactions
chatterbot Mike submitting transactions
chatterbot November submitting transactions
chatterbot Bravo submitting transactions
chatterbot Oscar submitting transactions
chatterbot Papa submitting transactions
chatterbot Kilo submitting transactions
chatterbot Hotel submitting transactions
ChatterBot Bravo round 2
ChatterBot Kilo round 2
ChatterBot Echo round 2
ChatterBot Zulu round 2
ChatterBot Alpha round 2
ChatterBot November round 2
ChatterBot Papa round 2
2024-10-14 23:16:30.221654 Bravo: We should replace Papa with Alpha
ChatterBot Kilo reevaluating
ChatterBot Echo reevaluating
ChatterBot Zulu reevaluating
ChatterBot Hotel reevaluating
2024-10-14 23:16:30.241826 Kilo: Yes
2024-10-14 23:16:30.241997 Echo: No
2024-10-14 23:16:30.242126 Zulu: No
2024-10-14 23:16:30.242321 Hotel: No
ChatterBot Echo reevaluating
ChatterBot Zulu reevaluating
ChatterBot Hotel reevaluating
ChatterBot Kilo reevaluating
ChatterBot Zulu reevaluating
ChatterBot Hotel reevaluating
ChatterBot Kilo reevaluating
ChatterBot Echo reevaluating
ChatterBot Hotel reevaluating
ChatterBot Kilo reevaluating
ChatterBot Echo reevaluating
ChatterBot Zulu reevaluating
2024-10-14 23:16:30.309484 Alpha: Group up?
ChatterBot November reevaluating
ChatterBot Mike reevaluating
ChatterBot Oscar reevaluating
2024-10-14 23:16:30.330846 November: Yes
2024-10-14 23:16:30.330997 Mike: No
2024-10-14 23:16:30.331106 Oscar: No
ChatterBot Mike reevaluating
ChatterBot Oscar reevaluating
ChatterBot November reevaluating
ChatterBot Oscar reevaluating
ChatterBot November reevaluating
ChatterBot Mike reevaluating
2024-10-14 23:16:30.381268 Mike: Group up?
2024-10-14 23:16:30.384864 Alpha: Yes
ChatterBot Mike reevaluating
ChatterBot Hotel round 2
ChatterBot Mike round 2
ChatterBot Oscar round 2
2024-10-14 23:16:30.411307 Bravo: Alpha we want you to join our group
2024-10-14 23:16:30.414673 Alpha: No
ChatterBot Kilo reevaluating
ChatterBot Echo reevaluating
ChatterBot Zulu reevaluating
ChatterBot Hotel reevaluating
2024-10-14 23:16:30.434568 Mike: Group up?
ChatterBot Oscar reevaluating
2024-10-14 23:16:30.445978 November: Yes
2024-10-14 23:16:30.446174 Alpha: No
2024-10-14 23:16:30.446670 Oscar: No
2024-10-14 23:16:30.446822 Papa: No
ChatterBot Oscar reevaluating
ChatterBot Oscar reevaluating
ChatterBot Oscar reevaluating
2024-10-14 23:16:30.502698 Alpha: Sending you each 6
2024-10-14 23:16:30.511745 Bravo: Kilo, sending you 6
2024-10-14 23:16:30.516689 Bravo: Echo, sending you 1
2024-10-14 23:16:30.518724 Mike: Alpha and Papa, sending you 2
2024-10-14 23:16:30.519112 Zulu: Bravo and Kilo, sending you 4
2024-10-14 23:16:30.520084 November: Alpha, sending you 7
2024-10-14 23:16:30.520447 Kilo: Bravo, Zulu and Alpha, sending you 4
2024-10-14 23:16:30.520893 Hotel: Bravo and Alpha, sending you 3
2024-10-14 23:16:30.521217 Bravo: Zulu, sending you 5
2024-10-14 23:16:30.522677 Papa: Bravo, sending you 5
2024-10-14 23:16:30.523566 Echo: Bravo and Hotel, sending you 6
2024-10-14 23:16:30.523932 Mike: November, sending you 8
2024-10-14 23:16:30.524273 Kilo: Echo, sending you 2
2024-10-14 23:16:30.525081 Zulu: Echo and Papa, sending you 1
2024-10-14 23:16:30.525486 November: Papa, sending you 2
2024-10-14 23:16:30.525875 Hotel: Kilo, sending you 4
2024-10-14 23:16:30.526802 Bravo: Alpha, sending you 4
2024-10-14 23:16:30.527193 Oscar: Alpha, sending you 5
2024-10-14 23:16:30.527496 Mike: Oscar, sending you 6
2024-10-14 23:16:30.528374 Papa: Kilo and Zulu, sending you 4
2024-10-14 23:16:30.528862 Echo: Kilo and Zulu, sending you 3
2024-10-14 23:16:30.529786 Kilo: Hotel, sending you 3
2024-10-14 23:16:30.530068 Zulu: Hotel, sending you 7
2024-10-14 23:16:30.530679 November: Mike, sending you 3
2024-10-14 23:16:30.531626 Hotel: Echo, sending you 1
2024-10-14 23:16:30.532052 Bravo: Hotel, sending you 3
2024-10-14 23:16:30.532397 Oscar: November and Mike, sending you 4
2024-10-14 23:16:30.533171 Papa: Echo, sending you 2
2024-10-14 23:16:30.535850 November: Oscar, sending you 4
2024-10-14 23:16:30.536698 Hotel: Zulu, sending you 2
2024-10-14 23:16:30.537489 Papa: Hotel, sending you 1
chatterbot Papa submitting transactions
chatterbot Echo submitting transactions
chatterbot Hotel submitting transactions
chatterbot Kilo submitting transactions
chatterbot Zulu submitting transactions
chatterbot Bravo submitting transactions
chatterbot Alpha submitting transactions
chatterbot November submitting transactions
chatterbot Oscar submitting transactions
chatterbot Mike submitting transactions
ChatterBot Bravo round 3
ChatterBot Kilo round 3
ChatterBot Echo round 3
ChatterBot Zulu round 3
ChatterBot Alpha round 3
ChatterBot November round 3
2024-10-14 23:16:35.757847 Kilo: We should replace Alpha with Papa
ChatterBot Bravo reevaluating
ChatterBot Echo reevaluating
ChatterBot Hotel reevaluating
2024-10-14 23:16:35.781170 Bravo: Yes
2024-10-14 23:16:35.781421 Echo: Yes
2024-10-14 23:16:35.781604 Zulu: Yes
2024-10-14 23:16:35.781799 Hotel: Yes
ChatterBot Echo reevaluating
ChatterBot Hotel reevaluating
ChatterBot Bravo reevaluating
ChatterBot Hotel reevaluating
ChatterBot Bravo reevaluating
ChatterBot Echo reevaluating
ChatterBot Hotel reevaluating
ChatterBot Bravo reevaluating
ChatterBot Echo reevaluating
ChatterBot Papa round 3
ChatterBot Hotel round 3
ChatterBot Mike round 3
ChatterBot Oscar round 3
2024-10-14 23:16:35.886987 Kilo: Papa we want you to join our group
ChatterBot Papa reevaluating
2024-10-14 23:16:35.890924 Papa: Yes
ChatterBot Bravo reevaluating
ChatterBot Hotel reevaluating
ChatterBot Echo reevaluating
2024-10-14 23:16:35.917553 Hotel: We should replace Alpha with Papa
ChatterBot Bravo reevaluating
ChatterBot Echo reevaluating
2024-10-14 23:16:35.939680 Bravo: Yes
2024-10-14 23:16:35.940482 Kilo: Yes
2024-10-14 23:16:35.940703 Echo: Yes
2024-10-14 23:16:35.940875 Zulu: Yes
ChatterBot Echo reevaluating
ChatterBot Hotel reevaluating
ChatterBot Bravo reevaluating
ChatterBot Echo reevaluating
ChatterBot Hotel reevaluating
ChatterBot Bravo reevaluating
ChatterBot Hotel reevaluating
ChatterBot Bravo reevaluating
ChatterBot Echo reevaluating
ChatterBot Hotel reevaluating
2024-10-14 23:16:36.054236 Bravo: Papa we want you to join our group
2024-10-14 23:16:36.059975 Papa: Yes
ChatterBot Bravo reevaluating
2024-10-14 23:16:36.080002 Zulu: Bravo, sending you 5
2024-10-14 23:16:36.080918 Hotel: Papa we want you to join our group
2024-10-14 23:16:36.084403 Papa: Yes
ChatterBot Bravo reevaluating
2024-10-14 23:16:36.104493 Zulu: Kilo, sending you 4
2024-10-14 23:16:36.109077 Kilo: Bravo, sending you 5
2024-10-14 23:16:36.109604 Alpha: November, sending you 8
2024-10-14 23:16:36.110464 Echo: Bravo, Kilo and Hotel, sending you 4
2024-10-14 23:16:36.110949 November: Alpha, sending you 5
2024-10-14 23:16:36.111301 Papa: Bravo, sending you 5
2024-10-14 23:16:36.112251 Zulu: Echo, sending you 2
2024-10-14 23:16:36.112754 Oscar: Alpha and Mike, sending you 6
2024-10-14 23:16:36.113575 Kilo: Echo, sending you 2
2024-10-14 23:16:36.114096 Alpha: Mike, sending you 4
2024-10-14 23:16:36.114420 November: Mike, sending you 7
2024-10-14 23:16:36.115309 Papa: Kilo and Zulu, sending you 4
2024-10-14 23:16:36.116005 Echo: Zulu and Papa, sending you 3
2024-10-14 23:16:37.717050 Kilo: Zulu, Papa and Hotel, sending you 3
2024-10-14 23:16:37.719169 Zulu: Papa and Hotel, sending you 3
2024-10-14 23:16:37.720351 Oscar: November, sending you 5
2024-10-14 23:16:37.720978 Alpha: Oscar, sending you 6
2024-10-14 23:16:37.722147 November: Oscar, sending you 4
2024-10-14 23:16:37.722628 Mike: Alpha, sending you 5
2024-10-14 23:16:37.723681 Papa: Echo, sending you 2
chatterbot Kilo submitting transactions
chatterbot Zulu submitting transactions
2024-10-14 23:16:37.752605 Mike: November, sending you 7
2024-10-14 23:16:37.753940 Papa: Hotel, sending you 1
2024-10-14 23:16:37.755588 Hotel: Bravo, Kilo, Echo and Zulu, sending you 3
2024-10-14 23:16:37.784262 Mike: Oscar, sending you 6
2024-10-14 23:16:37.787824 Hotel: Papa, sending you 1
2024-10-14 23:16:37.790567 Bravo: Kilo, sending you 5
chatterbot Papa submitting transactions
chatterbot Mike submitting transactions
chatterbot Echo submitting transactions
2024-10-14 23:16:37.807580 Bravo: Echo, Zulu and Papa, sending you 4
2024-10-14 23:16:37.818873 Bravo: Hotel, sending you 2
chatterbot Alpha submitting transactions
chatterbot November submitting transactions
chatterbot Hotel submitting transactions
chatterbot Oscar submitting transactions
chatterbot Bravo submitting transactions
ChatterBot Bravo round 4
ChatterBot Kilo round 4
ChatterBot Echo round 4
ChatterBot Zulu round 4
ChatterBot Alpha round 4
ChatterBot November round 4
ChatterBot Papa round 4
ChatterBot Hotel round 4
ChatterBot Mike round 4
ChatterBot Oscar round 4
2024-10-14 23:16:38.670690 Bravo: Kilo, sending you 5
2024-10-14 23:16:38.672833 Kilo: Bravo, sending you 5
2024-10-14 23:16:38.673686 Bravo: Echo and Hotel, sending you 3
2024-10-14 23:16:38.677651 Kilo: Echo, Zulu, Papa and Hotel, sending you 3
2024-10-14 23:16:38.678302 Bravo: Zulu and Papa, sending you 4
2024-10-14 23:16:38.678830 Hotel: Bravo and Papa, sending you 2
2024-10-14 23:16:38.679955 Alpha: November, sending you 7
2024-10-14 23:16:38.680690 Zulu: Bravo, Kilo and Papa, sending you 4
2024-10-14 23:16:38.681875 Echo: Bravo, sending you 5
2024-10-14 23:16:38.682700 Hotel: Kilo, Echo and Zulu, sending you 3
2024-10-14 23:16:38.683690 Alpha: Mike, sending you 5
2024-10-14 23:16:38.684211 Mike: Alpha, sending you 5
2024-10-14 23:16:38.684714 Zulu: Echo, sending you 2
2024-10-14 23:16:38.686013 Echo: Kilo, Zulu and Papa, sending you 3
2024-10-14 23:16:38.686859 November: Alpha and Mike, sending you 6
2024-10-14 23:16:38.688096 Alpha: Oscar, sending you 6
2024-10-14 23:16:38.688483 Mike: November, sending you 7
2024-10-14 23:16:38.688799 Papa: Bravo, Kilo and Zulu, sending you 4
2024-10-14 23:16:38.690190 Echo: Hotel, sending you 4
2024-10-14 23:16:38.690801 Oscar: Alpha and Mike, sending you 6
2024-10-14 23:16:38.691153 November: Oscar, sending you 4
2024-10-14 23:16:38.691488 Zulu: Hotel, sending you 3
2024-10-14 23:16:38.692524 Mike: Oscar, sending you 6
2024-10-14 23:16:38.694025 Papa: Echo and Hotel, sending you 2
2024-10-14 23:16:38.694936 Oscar: November, sending you 5
chatterbot Echo submitting transactions
chatterbot Papa submitting transactions
chatterbot Alpha submitting transactions
chatterbot Bravo submitting transactions
chatterbot Mike submitting transactions
chatterbot November submitting transactions
chatterbot Zulu submitting transactions
chatterbot Oscar submitting transactions
chatterbot Kilo submitting transactions
chatterbot Hotel submitting transactions
ChatterBot Bravo round 5
ChatterBot Kilo round 5
ChatterBot Echo round 5
ChatterBot Zulu round 5
ChatterBot Alpha round 5
ChatterBot November round 5
ChatterBot Papa round 5
ChatterBot Hotel round 5
ChatterBot Mike round 5
ChatterBot Oscar round 5
2024-10-14 23:16:39.952677 Zulu: Bravo and Papa, sending you 4
2024-10-14 23:16:39.957664 Zulu: Kilo, Echo and Hotel, sending you 3
2024-10-14 23:16:39.960663 Kilo: Bravo, sending you 5
2024-10-14 23:16:39.961195 November: Alpha and Mike, sending you 6
2024-10-14 23:16:39.961516 Bravo: Kilo, sending you 5
2024-10-14 23:16:39.962076 Papa: Bravo and Zulu, sending you 4
2024-10-14 23:16:39.962714 Alpha: November, sending you 7
2024-10-14 23:16:39.963656 November: Oscar, sending you 4
2024-10-14 23:16:39.965666 Kilo: Echo, Zulu, Papa and Hotel, sending you 3
2024-10-14 23:16:39.966223 Bravo: Echo, Zulu and Papa, sending you 4
2024-10-14 23:16:39.966682 Alpha: Mike, sending you 5
2024-10-14 23:16:39.967019 Papa: Kilo and Echo, sending you 3
2024-10-14 23:16:39.967442 Hotel: Bravo, Kilo, Echo and Zulu, sending you 3
2024-10-14 23:16:39.968666 Mike: Alpha, sending you 5
2024-10-14 23:16:39.970118 Alpha: Oscar, sending you 6
2024-10-14 23:16:39.970419 Oscar: Alpha and Mike, sending you 6
2024-10-14 23:16:39.970740 Bravo: Hotel, sending you 2
2024-10-14 23:16:39.971246 Echo: Bravo, Kilo and Hotel, sending you 4
2024-10-14 23:16:39.971710 Papa: Hotel, sending you 2
2024-10-14 23:16:39.972147 Mike: November, sending you 7
2024-10-14 23:16:39.972667 Hotel: Papa, sending you 1
2024-10-14 23:16:39.973700 Oscar: November, sending you 5
2024-10-14 23:16:39.975667 Echo: Zulu and Papa, sending you 3
2024-10-14 23:16:39.976647 Mike: Oscar, sending you 6
chatterbot November submitting transactions
chatterbot Bravo submitting transactions
chatterbot Kilo submitting transactions
chatterbot Hotel submitting transactions
chatterbot Alpha submitting transactions
chatterbot Mike submitting transactions
chatterbot Papa submitting transactions
chatterbot Echo submitting transactions
chatterbot Oscar submitting transactions
chatterbot Zulu submitting transactions
ChatterBot Bravo round 6
ChatterBot Kilo round 6
ChatterBot Echo round 6
ChatterBot Zulu round 6
ChatterBot Alpha round 6
ChatterBot November round 6
ChatterBot Papa round 6
ChatterBot Hotel round 6
ChatterBot Mike round 6
ChatterBot Oscar round 6
2024-10-14 23:16:40.859650 Zulu: Bravo and Papa, sending you 4
2024-10-14 23:16:40.860737 November: Alpha and Mike, sending you 6
2024-10-14 23:16:40.863810 Zulu: Kilo, Echo and Hotel, sending you 3
2024-10-14 23:16:40.864488 November: Oscar, sending you 4
2024-10-14 23:16:40.867676 Echo: Bravo, Kilo and Hotel, sending you 4
2024-10-14 23:16:40.868660 Bravo: Kilo, sending you 5
2024-10-14 23:16:40.869679 Papa: Bravo and Zulu, sending you 4
2024-10-14 23:16:40.870817 Kilo: Bravo, sending you 5
2024-10-14 23:16:40.871702 Hotel: Bravo and Papa, sending you 2
2024-10-14 23:16:40.873674 Echo: Zulu and Papa, sending you 3
2024-10-14 23:16:40.874432 Bravo: Echo and Hotel, sending you 3
2024-10-14 23:16:40.875072 Mike: Alpha, sending you 5
2024-10-14 23:16:40.876062 Papa: Kilo and Echo, sending you 3
2024-10-14 23:16:40.876722 Kilo: Echo, Zulu, Papa and Hotel, sending you 3
2024-10-14 23:16:40.877460 Alpha: November, sending you 7
2024-10-14 23:16:40.877826 Hotel: Kilo, Echo and Zulu, sending you 3
2024-10-14 23:16:40.879682 Bravo: Zulu and Papa, sending you 4
2024-10-14 23:16:40.880677 Mike: November, sending you 7
2024-10-14 23:16:40.881677 Papa: Hotel, sending you 2
2024-10-14 23:16:40.882246 Oscar: Alpha and Mike, sending you 6
2024-10-14 23:16:40.883046 Alpha: Mike, sending you 5
2024-10-14 23:16:40.884773 Mike: Oscar, sending you 6
2024-10-14 23:16:40.885680 Oscar: November, sending you 5
2024-10-14 23:16:40.886010 Alpha: Oscar, sending you 6
chatterbot Hotel submitting transactions
chatterbot Alpha submitting transactions
chatterbot Zulu submitting transactions
chatterbot Mike submitting transactions
chatterbot Papa submitting transactions
chatterbot Kilo submitting transactions
chatterbot November submitting transactions
chatterbot Oscar submitting transactions
chatterbot Echo submitting transactions
chatterbot Bravo submitting transactions
ChatterBot Bravo round 7
ChatterBot Kilo round 7
ChatterBot Echo round 7
ChatterBot Zulu round 7
ChatterBot Alpha round 7
ChatterBot November round 7
ChatterBot Papa round 7
ChatterBot Hotel round 7
ChatterBot Mike round 7
ChatterBot Oscar round 7
2024-10-14 23:16:42.071662 Bravo: Kilo, sending you 5
2024-10-14 23:16:42.075676 Echo: Bravo, Kilo and Hotel, sending you 4
2024-10-14 23:16:42.077283 Bravo: Echo, Zulu and Papa, sending you 4
2024-10-14 23:16:42.079707 Echo: Zulu and Papa, sending you 3
2024-10-14 23:16:42.080688 Bravo: Hotel, sending you 2
2024-10-14 23:16:42.082052 Zulu: Bravo and Papa, sending you 4
2024-10-14 23:16:42.083655 November: Alpha and Mike, sending you 6
2024-10-14 23:16:42.084592 Kilo: Bravo, sending you 5
2024-10-14 23:16:42.085338 Mike: Alpha, sending you 5
2024-10-14 23:16:42.085835 Oscar: Alpha and Mike, sending you 6
2024-10-14 23:16:42.086170 Alpha: November, sending you 7
2024-10-14 23:16:42.086721 Zulu: Kilo, Echo and Hotel, sending you 3
2024-10-14 23:16:42.088244 November: Oscar, sending you 4
2024-10-14 23:16:42.088701 Oscar: November, sending you 5
2024-10-14 23:16:42.089091 Alpha: Mike, sending you 5
2024-10-14 23:16:42.089707 Kilo: Echo, Zulu, Papa and Hotel, sending you 3
2024-10-14 23:16:42.090427 Mike: November, sending you 7
2024-10-14 23:16:42.090778 Papa: Bravo and Zulu, sending you 4
2024-10-14 23:16:42.091303 Hotel: Bravo, Kilo, Echo and Zulu, sending you 3
2024-10-14 23:16:42.092628 Alpha: Oscar, sending you 6
2024-10-14 23:16:42.093681 Mike: Oscar, sending you 6
2024-10-14 23:16:42.094661 Papa: Kilo and Echo, sending you 3
2024-10-14 23:16:42.096311 Hotel: Papa, sending you 1
2024-10-14 23:16:42.099621 Papa: Hotel, sending you 2
chatterbot Bravo submitting transactions
chatterbot Oscar submitting transactions
chatterbot Kilo submitting transactions
chatterbot Papa submitting transactions
chatterbot November submitting transactions
chatterbot Alpha submitting transactions
chatterbot Zulu submitting transactions
chatterbot Hotel submitting transactions
chatterbot Echo submitting transactions
chatterbot Mike submitting transactions
ChatterBot Bravo round 8
ChatterBot Kilo round 8
ChatterBot Echo round 8
ChatterBot Zulu round 8
ChatterBot Alpha round 8
ChatterBot November round 8
ChatterBot Papa round 8
ChatterBot Hotel round 8
ChatterBot Mike round 8
ChatterBot Oscar round 8
2024-10-14 23:16:43.298676 Bravo: Kilo, sending you 5
2024-10-14 23:16:43.303665 Bravo: Echo and Hotel, sending you 3
2024-10-14 23:16:43.306662 Papa: Bravo and Zulu, sending you 4
2024-10-14 23:16:43.307406 Bravo: Zulu and Papa, sending you 4
2024-10-14 23:16:43.308087 Kilo: Bravo, sending you 5
2024-10-14 23:16:43.312347 Papa: Kilo and Echo, sending you 3
2024-10-14 23:16:43.313387 Alpha: November, sending you 7
2024-10-14 23:16:43.314007 November: Alpha and Mike, sending you 6
2024-10-14 23:16:43.314485 Kilo: Echo, Zulu, Papa and Hotel, sending you 3
2024-10-14 23:16:43.315935 Hotel: Bravo and Papa, sending you 2
2024-10-14 23:16:43.316736 Oscar: Alpha and Mike, sending you 6
2024-10-14 23:16:43.317212 Echo: Bravo, Kilo and Hotel, sending you 4
2024-10-14 23:16:43.318132 Zulu: Bravo and Papa, sending you 4
2024-10-14 23:16:43.319352 Papa: Hotel, sending you 2
2024-10-14 23:16:43.319998 November: Oscar, sending you 4
2024-10-14 23:16:43.320362 Alpha: Mike, sending you 5
2024-10-14 23:16:43.320731 Oscar: November, sending you 5
2024-10-14 23:16:43.321809 Hotel: Kilo, Echo and Zulu, sending you 3
2024-10-14 23:16:43.322528 Echo: Zulu and Papa, sending you 3
2024-10-14 23:16:43.323189 Mike: Alpha, sending you 5
2024-10-14 23:16:43.323609 Zulu: Kilo, Echo and Hotel, sending you 3
2024-10-14 23:16:43.324743 Alpha: Oscar, sending you 6
2024-10-14 23:16:43.327296 Mike: November, sending you 7
2024-10-14 23:16:43.332660 Mike: Oscar, sending you 6
chatterbot Alpha submitting transactions
chatterbot Hotel submitting transactions
chatterbot Echo submitting transactions
chatterbot Papa submitting transactions
chatterbot Oscar submitting transactions
chatterbot Zulu submitting transactions
chatterbot Bravo submitting transactions
chatterbot Mike submitting transactions
chatterbot Kilo submitting transactions
chatterbot November submitting transactions
ChatterBot Bravo round 9
ChatterBot Kilo round 9
ChatterBot Echo round 9
ChatterBot Zulu round 9
ChatterBot Alpha round 9
ChatterBot November round 9
ChatterBot Papa round 9
ChatterBot Hotel round 9
ChatterBot Mike round 9
ChatterBot Oscar round 9
2024-10-14 23:16:44.570692 Kilo: Bravo, sending you 5
2024-10-14 23:16:44.575689 Bravo: Kilo, sending you 5
2024-10-14 23:16:44.577035 Kilo: Echo, Zulu, Papa and Hotel, sending you 3
2024-10-14 23:16:44.578762 Echo: Sending you each 2
2024-10-14 23:16:44.580040 Hotel: Bravo, Kilo, Echo and Zulu, sending you 3
2024-10-14 23:16:44.581055 Zulu: Bravo and Papa, sending you 4
2024-10-14 23:16:44.582234 November: Alpha and Mike, sending you 6
2024-10-14 23:16:44.582741 Bravo: Echo, Zulu and Papa, sending you 4
2024-10-14 23:16:44.583707 Hotel: Papa, sending you 1
2024-10-14 23:16:44.584274 Oscar: Alpha and Mike, sending you 6
2024-10-14 23:16:44.585323 Zulu: Kilo, Echo and Hotel, sending you 3
2024-10-14 23:16:44.586239 November: Oscar, sending you 4
2024-10-14 23:16:44.586918 Alpha: November, sending you 7
2024-10-14 23:16:44.587939 Mike: Alpha, sending you 5
2024-10-14 23:16:44.588586 Bravo: Hotel, sending you 2
2024-10-14 23:16:44.589660 Papa: Bravo and Zulu, sending you 4
2024-10-14 23:16:44.591223 Oscar: November, sending you 5
2024-10-14 23:16:44.591762 Mike: November, sending you 7
2024-10-14 23:16:44.592695 Alpha: Mike, sending you 5
2024-10-14 23:16:44.595518 Papa: Kilo and Echo, sending you 3
2024-10-14 23:16:44.596797 Mike: Oscar, sending you 6
2024-10-14 23:16:44.597270 Alpha: Oscar, sending you 6
2024-10-14 23:16:44.600679 Papa: Hotel, sending you 2
chatterbot Zulu submitting transactions
chatterbot Papa submitting transactions
chatterbot Hotel submitting transactions
chatterbot Mike submitting transactions
chatterbot November submitting transactions
chatterbot Bravo submitting transactions
chatterbot Oscar submitting transactions
chatterbot Echo submitting transactions
chatterbot Alpha submitting transactions
chatterbot Kilo submitting transactions
ChatterBot Bravo round 10
ChatterBot Kilo round 10
ChatterBot Echo round 10
ChatterBot Zulu round 10
ChatterBot Alpha round 10
ChatterBot November round 10
ChatterBot Papa round 10
ChatterBot Hotel round 10
ChatterBot Mike round 10
2024-10-14 23:16:45.770877 Bravo: We should add Mike
ChatterBot Hotel reevaluating
ChatterBot Echo reevaluating
2024-10-14 23:16:45.803772 Kilo: No
2024-10-14 23:16:45.804105 Zulu: No
2024-10-14 23:16:45.804529 Papa: No
2024-10-14 23:16:45.805427 Hotel: No
2024-10-14 23:16:45.805759 Echo: No
ChatterBot Bravo reevaluating
ChatterBot Hotel reevaluating
ChatterBot Echo reevaluating
ChatterBot Bravo reevaluating
ChatterBot Hotel reevaluating
ChatterBot Echo reevaluating
ChatterBot Bravo reevaluating
ChatterBot Hotel reevaluating
ChatterBot Echo reevaluating
ChatterBot Bravo reevaluating
ChatterBot Echo reevaluating
ChatterBot Bravo reevaluating
ChatterBot Hotel reevaluating
2024-10-14 23:16:45.934530 Echo: We should add Oscar
ChatterBot Bravo reevaluating
ChatterBot Hotel reevaluating
2024-10-14 23:16:45.956321 Hotel: We should add Alpha
2024-10-14 23:16:45.956538 Bravo: No
2024-10-14 23:16:45.957257 Kilo: No
2024-10-14 23:16:45.957420 Zulu: No
2024-10-14 23:16:45.957585 Papa: No
2024-10-14 23:16:45.957767 Hotel: No
ChatterBot Bravo reevaluating
ChatterBot Echo reevaluating
2024-10-14 23:16:45.979924 Bravo: Yes
2024-10-14 23:16:45.980753 Kilo: No
2024-10-14 23:16:45.983567 Zulu: No
2024-10-14 23:16:45.986744 Papa: No
ChatterBot Hotel reevaluating
2024-10-14 23:16:45.993377 Echo: Yes
ChatterBot Echo reevaluating
ChatterBot Bravo reevaluating
ChatterBot Hotel reevaluating
ChatterBot Echo reevaluating
ChatterBot Bravo reevaluating
ChatterBot Hotel reevaluating
ChatterBot Echo reevaluating
ChatterBot Bravo reevaluating
ChatterBot Hotel reevaluating
ChatterBot Echo reevaluating
ChatterBot Bravo reevaluating
ChatterBot Echo reevaluating
ChatterBot Hotel reevaluating
ChatterBot Echo reevaluating
ChatterBot Bravo reevaluating
ChatterBot Hotel reevaluating
ChatterBot Echo reevaluating
ChatterBot Bravo reevaluating
ChatterBot Hotel reevaluating
ChatterBot Echo reevaluating
ChatterBot Bravo reevaluating
ChatterBot Hotel reevaluating
ChatterBot Echo reevaluating
ChatterBot Bravo reevaluating
ChatterBot Hotel reevaluating
ChatterBot Oscar round 10
2024-10-14 23:16:46.188157 Hotel: Oscar we want you to join our group
ChatterBot Oscar reevaluating
2024-10-14 23:16:46.194489 Oscar: No
ChatterBot Hotel reevaluating
ChatterBot Bravo reevaluating
2024-10-14 23:16:46.219649 Oscar: We should add Zulu
2024-10-14 23:16:46.232036 Alpha: No
2024-10-14 23:16:46.233070 November: No
2024-10-14 23:16:46.233308 Mike: No
ChatterBot Mike reevaluating
ChatterBot Oscar reevaluating
ChatterBot Mike reevaluating
ChatterBot Oscar reevaluating
ChatterBot Oscar reevaluating
2024-10-14 23:16:46.270909 November: I was attacked by Echo
ChatterBot Alpha reevaluating
ChatterBot Mike reevaluating
ChatterBot Oscar reevaluating
2024-10-14 23:16:46.282980 November: I'm keeping this round to protect myself
2024-10-14 23:16:46.284587 November: Ow
2024-10-14 23:16:46.285314 Hotel: Alpha we want you to join our group
ChatterBot Alpha reevaluating
2024-10-14 23:16:46.292493 Alpha: No
ChatterBot Bravo reevaluating
2024-10-14 23:16:46.313735 Papa: Bravo and Zulu, sending you 4
2024-10-14 23:16:46.315996 Echo: Same as last round
2024-10-14 23:16:46.317799 Kilo: Bravo, sending you 5
2024-10-14 23:16:46.319598 Zulu: Bravo and Papa, sending you 4
2024-10-14 23:16:46.321381 Papa: Kilo and Echo, sending you 3
2024-10-14 23:16:46.322214 Bravo: Oscar we want you to join our group
ChatterBot Oscar reevaluating
2024-10-14 23:16:46.327264 Oscar: No
ChatterBot Hotel reevaluating
ChatterBot Bravo reevaluating
2024-10-14 23:16:46.349399 Oscar: We should add Hotel
ChatterBot Alpha reevaluating
2024-10-14 23:16:46.359808 Alpha: No
2024-10-14 23:16:46.360599 November: No
2024-10-14 23:16:46.360738 Mike: No
ChatterBot Oscar reevaluating
ChatterBot Alpha reevaluating
ChatterBot Oscar reevaluating
ChatterBot Alpha reevaluating
ChatterBot Oscar reevaluating
2024-10-14 23:16:46.391813 Kilo: Echo, Zulu, Papa and Hotel, sending you 3
2024-10-14 23:16:46.393535 Zulu: Kilo, Echo and Hotel, sending you 3
2024-10-14 23:16:46.395387 Papa: Hotel, sending you 2
2024-10-14 23:16:46.401698 Mike: Alpha and Oscar, sending you 2
2024-10-14 23:16:46.407118 Mike: November, sending you 3
chatterbot Kilo submitting transactions
2024-10-14 23:16:46.409692 Hotel: Bravo and Papa, sending you 2
2024-10-14 23:16:46.411664 Alpha: November, sending you 7
2024-10-14 23:16:46.413677 Bravo: Kilo, sending you 5
2024-10-14 23:16:46.415147 Hotel: Kilo, Echo and Zulu, sending you 3
2024-10-14 23:16:46.415967 Alpha: Mike, sending you 5
2024-10-14 23:16:46.417682 Bravo: Echo and Hotel, sending you 3
2024-10-14 23:16:46.419684 Alpha: Oscar, sending you 6
2024-10-14 23:16:46.424699 Bravo: Zulu and Papa, sending you 4
chatterbot November submitting transactions
2024-10-14 23:16:46.426702 Oscar: Alpha and Mike, sending you 6
2024-10-14 23:16:46.431667 Oscar: November, sending you 5
chatterbot Echo submitting transactions
chatterbot Zulu submitting transactions
chatterbot Mike submitting transactions
chatterbot Alpha submitting transactions
chatterbot Bravo submitting transactions
chatterbot Papa submitting transactions
chatterbot Hotel submitting transactions
chatterbot Oscar submitting transactions
ChatterBot Bravo round 11
ChatterBot Kilo round 11
ChatterBot Echo round 11
ChatterBot Zulu round 11
ChatterBot Alpha round 11
ChatterBot November round 11
ChatterBot Papa round 11
ChatterBot Hotel round 11
ChatterBot Mike round 11
ChatterBot Oscar round 11
2024-10-14 23:16:47.676064 Bravo: We should add Alpha
ChatterBot Hotel reevaluating
ChatterBot Echo reevaluating
2024-10-14 23:16:47.689408 Kilo: No
2024-10-14 23:16:47.689605 Zulu: No
2024-10-14 23:16:47.689757 Papa: No
2024-10-14 23:16:47.689881 Hotel: Yes
2024-10-14 23:16:47.690002 Echo: No
ChatterBot Bravo reevaluating
ChatterBot Hotel reevaluating
ChatterBot Echo reevaluating
ChatterBot Bravo reevaluating
ChatterBot Hotel reevaluating
ChatterBot Echo reevaluating
ChatterBot Bravo reevaluating
ChatterBot Hotel reevaluating
ChatterBot Echo reevaluating
ChatterBot Bravo reevaluating
ChatterBot Echo reevaluating
ChatterBot Bravo reevaluating
ChatterBot Hotel reevaluating
2024-10-14 23:16:47.779502 Oscar: We should add Hotel
2024-10-14 23:16:47.785218 Alpha: No
2024-10-14 23:16:47.785381 November: No
2024-10-14 23:16:47.785954 Mike: No
ChatterBot Oscar reevaluating
ChatterBot Oscar reevaluating
ChatterBot Oscar reevaluating
2024-10-14 23:16:47.805685 November: I was attacked by Echo
ChatterBot Alpha reevaluating
ChatterBot Mike reevaluating
ChatterBot Oscar reevaluating
2024-10-14 23:16:47.813053 November: I'm keeping this round to protect myself
2024-10-14 23:16:47.813731 November: Ow
2024-10-14 23:16:47.814183 Hotel: Alpha we want you to join our group
ChatterBot Alpha reevaluating
2024-10-14 23:16:47.816945 Alpha: No
ChatterBot Bravo reevaluating
ChatterBot Echo reevaluating
2024-10-14 23:16:47.831548 Bravo: We should add Oscar
ChatterBot Echo reevaluating
2024-10-14 23:16:47.845378 Kilo: No
2024-10-14 23:16:47.845576 Zulu: No
2024-10-14 23:16:47.845769 Papa: No
2024-10-14 23:16:47.845948 Hotel: No
2024-10-14 23:16:47.846112 Echo: No
ChatterBot Bravo reevaluating
ChatterBot Echo reevaluating
ChatterBot Bravo reevaluating
ChatterBot Echo reevaluating
ChatterBot Bravo reevaluating
ChatterBot Echo reevaluating
ChatterBot Bravo reevaluating
ChatterBot Echo reevaluating
ChatterBot Bravo reevaluating
ChatterBot Hotel reevaluating
2024-10-14 23:16:47.928023 Oscar: Hotel we want you to join our group
ChatterBot Hotel reevaluating
2024-10-14 23:16:47.931386 Hotel: No
ChatterBot Oscar reevaluating
ChatterBot Alpha reevaluating
ChatterBot Mike reevaluating
2024-10-14 23:16:47.942008 Kilo: Bravo, sending you 4
2024-10-14 23:16:47.942764 Papa: Bravo and Zulu, sending you 4
2024-10-14 23:16:47.943735 Zulu: Bravo, Kilo, Papa and Hotel, sending you 3
2024-10-14 23:16:47.946689 Echo: Alpha we want you to join our group
ChatterBot Alpha reevaluating
2024-10-14 23:16:47.950658 Alpha: No
ChatterBot Hotel reevaluating
ChatterBot Bravo reevaluating
ChatterBot Echo reevaluating
2024-10-14 23:16:47.966303 Kilo: Echo, sending you 2
2024-10-14 23:16:47.966996 Zulu: Echo, sending you 2
2024-10-14 23:16:47.968033 Papa: Kilo and Echo, sending you 3
2024-10-14 23:16:47.969676 Kilo: Zulu, Papa and Hotel, sending you 3
2024-10-14 23:16:47.972688 Mike: Sending you each 6
2024-10-14 23:16:47.974014 Papa: Hotel, sending you 2
2024-10-14 23:16:47.977673 Oscar: Alpha and Mike, sending you 6
2024-10-14 23:16:47.982678 Oscar: November, sending you 4
2024-10-14 23:16:47.992654 Bravo: Kilo, sending you 5
2024-10-14 23:16:47.994163 Alpha: November, sending you 6
2024-10-14 23:16:47.996970 Bravo: Echo and Hotel, sending you 3
2024-10-14 23:16:47.998046 Alpha: Mike, sending you 5
2024-10-14 23:16:47.998688 Hotel: Bravo, Echo and Papa, sending you 2
2024-10-14 23:16:48.001651 Alpha: Oscar, sending you 7
2024-10-14 23:16:48.002835 Bravo: Zulu and Papa, sending you 4
2024-10-14 23:16:48.003739 Hotel: Kilo and Zulu, sending you 3
2024-10-14 23:16:48.006657 Hotel: Alpha, sending you 1
chatterbot Zulu submitting transactions
chatterbot Echo submitting transactions
chatterbot Papa submitting transactions
chatterbot Bravo submitting transactions
chatterbot Kilo submitting transactions
chatterbot Hotel submitting transactions
chatterbot November submitting transactions
chatterbot Mike submitting transactions
chatterbot Oscar submitting transactions
chatterbot Alpha submitting transactions
ChatterBot Bravo round 12
ChatterBot Kilo round 12
ChatterBot Echo round 12
ChatterBot Zulu round 12
ChatterBot Alpha round 12
ChatterBot November round 12
ChatterBot Papa round 12
ChatterBot Hotel round 12
ChatterBot Mike round 12
ChatterBot Oscar round 12
2024-10-14 23:16:49.079842 Bravo: We should add Oscar
ChatterBot Echo reevaluating
2024-10-14 23:16:49.104762 Kilo: No
2024-10-14 23:16:49.105479 Zulu: No
2024-10-14 23:16:49.105676 Papa: No
2024-10-14 23:16:49.105867 Hotel: No
2024-10-14 23:16:49.106044 Echo: No
ChatterBot Bravo reevaluating
ChatterBot Echo reevaluating
ChatterBot Bravo reevaluating
ChatterBot Echo reevaluating
ChatterBot Bravo reevaluating
ChatterBot Echo reevaluating
ChatterBot Bravo reevaluating
ChatterBot Echo reevaluating
ChatterBot Bravo reevaluating
2024-10-14 23:16:49.181794 Hotel: We should replace Alpha with Oscar
ChatterBot Bravo reevaluating
ChatterBot Echo reevaluating
2024-10-14 23:16:49.196745 Bravo: No
2024-10-14 23:16:49.196881 Kilo: No
2024-10-14 23:16:49.197012 Zulu: No
2024-10-14 23:16:49.197118 Papa: No
2024-10-14 23:16:49.197266 Echo: No
ChatterBot Hotel reevaluating
ChatterBot Echo reevaluating
ChatterBot Bravo reevaluating
ChatterBot Hotel reevaluating
ChatterBot Echo reevaluating
ChatterBot Bravo reevaluating
ChatterBot Hotel reevaluating
ChatterBot Echo reevaluating
ChatterBot Bravo reevaluating
ChatterBot Hotel reevaluating
ChatterBot Echo reevaluating
ChatterBot Bravo reevaluating
ChatterBot Hotel reevaluating
2024-10-14 23:16:49.329631 Echo: We should drop Alpha
ChatterBot Bravo reevaluating
ChatterBot Hotel reevaluating
2024-10-14 23:16:49.352137 Bravo: Yes
2024-10-14 23:16:49.352353 Kilo: Yes
2024-10-14 23:16:49.352510 Zulu: Yes
2024-10-14 23:16:49.352689 Papa: Yes
2024-10-14 23:16:49.352942 Hotel: No
ChatterBot Hotel reevaluating
ChatterBot Echo reevaluating
ChatterBot Bravo reevaluating
ChatterBot Hotel reevaluating
ChatterBot Echo reevaluating
ChatterBot Bravo reevaluating
ChatterBot Hotel reevaluating
ChatterBot Echo reevaluating
ChatterBot Bravo reevaluating
ChatterBot Hotel reevaluating
ChatterBot Echo reevaluating
ChatterBot Bravo reevaluating
ChatterBot Echo reevaluating
2024-10-14 23:16:49.460689 Oscar: Alpha and Mike, sending you 6
2024-10-14 23:16:49.465261 Zulu: Bravo, sending you 4
2024-10-14 23:16:49.467626 Papa: Bravo, sending you 5
2024-10-14 23:16:49.468936 Kilo: Bravo, sending you 5
2024-10-14 23:16:49.471704 Alpha: November, sending you 5
2024-10-14 23:16:49.472450 November: Alpha and Mike, sending you 6
2024-10-14 23:16:49.476256 Oscar: November, sending you 4
2024-10-14 23:16:49.476898 Zulu: Kilo, Papa and Hotel, sending you 3
2024-10-14 23:16:49.479415 Papa: Kilo, sending you 3
2024-10-14 23:16:49.481549 Echo: Oscar we want you to join our group
2024-10-14 23:16:49.509880 Oscar: No
ChatterBot Bravo reevaluating
ChatterBot Echo reevaluating
2024-10-14 23:16:49.603895 Mike: I was attacked by Kilo and Zulu
ChatterBot Alpha reevaluating
ChatterBot November reevaluating
ChatterBot Oscar reevaluating
2024-10-14 23:16:49.614547 Mike: I'm keeping this round to protect myself
2024-10-14 23:16:49.616373 Mike: Ow
2024-10-14 23:16:49.616879 Oscar: We should add Hotel
ChatterBot Alpha reevaluating
ChatterBot November reevaluating
2024-10-14 23:16:49.627992 Alpha: No
2024-10-14 23:16:49.628289 November: No
2024-10-14 23:16:49.628492 Mike: No
ChatterBot November reevaluating
ChatterBot Oscar reevaluating
ChatterBot Alpha reevaluating
ChatterBot Oscar reevaluating
ChatterBot Alpha reevaluating
ChatterBot November reevaluating
ChatterBot Oscar reevaluating
2024-10-14 23:16:49.678501 Kilo: Echo, sending you 2
2024-10-14 23:16:49.682327 Zulu: Echo, sending you 2
chatterbot November submitting transactions
2024-10-14 23:16:49.686170 Papa: Echo and Hotel, sending you 2
chatterbot Zulu submitting transactions
2024-10-14 23:16:49.690232 Kilo: Zulu, Papa and Hotel, sending you 3
2024-10-14 23:16:49.692951 Hotel: Bravo, Kilo and Zulu, sending you 3
