ChatterBot Zulu round 1
ChatterBot Echo round 1
ChatterBot Lima round 1
ChatterBot Yankee round 1
randomSelections Zulu: {Zulu, Mike, Yankee, Papa, Echo, Charlie} 
2024-10-14 23:16:29.596725 Zulu: Friends?
ChatterBot Yankee reevaluating
ChatterBot Echo reevaluating
2024-10-14 23:16:29.620378 Yankee: Yes
2024-10-14 23:16:29.620600 Echo: Yes
ChatterBot Echo reevaluating
ChatterBot Yankee reevaluating
ChatterBot Mike round 1
ChatterBot Mike reevaluating
ChatterBot Mike reevaluating
ChatterBot Mike reevaluating
2024-10-14 23:16:29.713161 Mike: Yes
ChatterBot Yankee reevaluating
ChatterBot Echo reevaluating
ChatterBot Romeo round 1
ChatterBot Bravo round 1
ChatterBot Quebec round 1
randomSelections Lima: {Lima, Echo, Mike, Quebec, Papa, Charlie, Romeo, Yankee} 
2024-10-14 23:16:29.722762 Lima: Let's form a team
ChatterBot Echo reevaluating
ChatterBot Mike reevaluating
ChatterBot Quebec reevaluating
ChatterBot Romeo reevaluating
ChatterBot Yankee reevaluating
2024-10-14 23:16:29.738825 Echo: No
2024-10-14 23:16:29.739329 Mike: No
2024-10-14 23:16:29.740417 Quebec: Yes
2024-10-14 23:16:29.740623 Romeo: Yes
2024-10-14 23:16:29.740943 Yankee: No
ChatterBot Mike reevaluating
ChatterBot Quebec reevaluating
ChatterBot Romeo reevaluating
ChatterBot Yankee reevaluating
ChatterBot Echo reevaluating
ChatterBot Quebec reevaluating
ChatterBot Romeo reevaluating
ChatterBot Yankee reevaluating
ChatterBot Echo reevaluating
ChatterBot Mike reevaluating
ChatterBot Romeo reevaluating
ChatterBot Yankee reevaluating
ChatterBot Echo reevaluating
ChatterBot Mike reevaluating
ChatterBot Quebec reevaluating
ChatterBot Yankee reevaluating
ChatterBot Echo reevaluating
ChatterBot Mike reevaluating
ChatterBot Quebec reevaluating
ChatterBot Romeo reevaluating
ChatterBot Charlie round 1
ChatterBot Charlie reevaluating
ChatterBot Charlie reevaluating
ChatterBot Charlie reevaluating
ChatterBot Charlie reevaluating
ChatterBot Charlie reevaluating
ChatterBot Charlie reevaluating
ChatterBot Charlie reevaluating
ChatterBot Charlie reevaluating
ChatterBot Charlie reevaluating
ChatterBot Charlie reevaluating
2024-10-14 23:16:29.832910 Charlie: Yes
2024-10-14 23:16:29.833062 Charlie: No
ChatterBot Mike reevaluating
ChatterBot Yankee reevaluating
ChatterBot Echo reevaluating
ChatterBot Quebec reevaluating
ChatterBot Romeo reevaluating
ChatterBot Mike reevaluating
ChatterBot Yankee reevaluating
ChatterBot Echo reevaluating
ChatterBot Papa round 1
ChatterBot Papa reevaluating
ChatterBot Papa reevaluating
ChatterBot Papa reevaluating
ChatterBot Papa reevaluating
ChatterBot Papa reevaluating
ChatterBot Papa reevaluating
ChatterBot Papa reevaluating
ChatterBot Papa reevaluating
ChatterBot Papa reevaluating
ChatterBot Papa reevaluating
ChatterBot Papa reevaluating
ChatterBot Papa reevaluating
2024-10-14 23:16:29.897411 Papa: Yes
2024-10-14 23:16:29.897690 Papa: No
ChatterBot Mike reevaluating
ChatterBot Yankee reevaluating
ChatterBot Echo reevaluating
ChatterBot Charlie reevaluating
ChatterBot Quebec reevaluating
ChatterBot Romeo reevaluating
ChatterBot Mike reevaluating
ChatterBot Yankee reevaluating
ChatterBot Echo reevaluating
ChatterBot Charlie reevaluating
randomSelections Bravo: {Bravo, Romeo, Papa, Echo, Lima, Quebec, Mike} 
2024-10-14 23:16:29.945417 Bravo: Friends?
ChatterBot Romeo reevaluating
ChatterBot Papa reevaluating
ChatterBot Quebec reevaluating
ChatterBot Mike reevaluating
2024-10-14 23:16:29.960094 Romeo: No
2024-10-14 23:16:29.961395 Papa: No
2024-10-14 23:16:29.962874 Echo: No
2024-10-14 23:16:29.964419 Lima: No
2024-10-14 23:16:29.967841 Quebec: No
2024-10-14 23:16:29.968093 Mike: No
ChatterBot Papa reevaluating
ChatterBot Quebec reevaluating
ChatterBot Mike reevaluating
ChatterBot Romeo reevaluating
ChatterBot Quebec reevaluating
ChatterBot Mike reevaluating
ChatterBot Romeo reevaluating
ChatterBot Papa reevaluating
ChatterBot Quebec reevaluating
ChatterBot Mike reevaluating
ChatterBot Romeo reevaluating
ChatterBot Papa reevaluating
ChatterBot Quebec reevaluating
ChatterBot Mike reevaluating
ChatterBot Romeo reevaluating
ChatterBot Papa reevaluating
ChatterBot Mike reevaluating
ChatterBot Romeo reevaluating
ChatterBot Papa reevaluating
ChatterBot Quebec reevaluating
2024-10-14 23:16:30.038709 Zulu: Yankee and Charlie, sending you 2
2024-10-14 23:16:30.041678 Zulu: Papa, sending you 1
2024-10-14 23:16:30.047735 Bravo: Echo, sending you 2
2024-10-14 23:16:30.048679 Mike: Zulu, sending you 3
2024-10-14 23:16:30.049696 Romeo: Echo, Mike and Charlie, sending you 3
2024-10-14 23:16:30.052675 Bravo: Lima, sending you 6
2024-10-14 23:16:30.053167 Mike: Echo and Papa, sending you 4
2024-10-14 23:16:30.053455 Romeo: Lima, sending you 2
2024-10-14 23:16:30.055659 Lima: Echo, Romeo and Charlie, sending you 1
2024-10-14 23:16:30.056688 Papa: Zulu, sending you 3
2024-10-14 23:16:30.057018 Bravo: Mike, Romeo and Quebec, sending you 3
2024-10-14 23:16:30.057725 Echo: Zulu and Charlie, sending you 3
2024-10-14 23:16:30.058094 Mike: Yankee, sending you 5
2024-10-14 23:16:30.058323 Romeo: Yankee, sending you 4
2024-10-14 23:16:30.058558 Yankee: Zulu and Charlie, sending you 1
2024-10-14 23:16:30.058797 Charlie: Zulu, sending you 3
2024-10-14 23:16:30.059713 Lima: Yankee, Mike and Quebec, sending you 2
2024-10-14 23:16:30.060012 Quebec: Echo, Yankee and Charlie, sending you 2
2024-10-14 23:16:30.060245 Papa: Echo, sending you 2
2024-10-14 23:16:30.061016 Echo: Yankee and Mike, sending you 5
2024-10-14 23:16:30.061674 Bravo: Papa, sending you 1
2024-10-14 23:16:30.062054 Romeo: Quebec and Papa, sending you 1
2024-10-14 23:16:30.062365 Charlie: Echo, sending you 2
2024-10-14 23:16:30.062733 Mike: Charlie, sending you 1
2024-10-14 23:16:30.063301 Quebec: Lima and Mike, sending you 3
2024-10-14 23:16:30.063798 Yankee: Echo, sending you 7
2024-10-14 23:16:30.064711 Papa: Yankee, sending you 5
2024-10-14 23:16:30.065239 Echo: Papa, sending you 2
2024-10-14 23:16:30.066672 Charlie: Yankee, Mike and Papa, sending you 4
2024-10-14 23:16:30.067331 Quebec: Papa, sending you 1
2024-10-14 23:16:30.067676 Yankee: Mike, sending you 2
2024-10-14 23:16:30.068849 Papa: Mike and Charlie, sending you 4
chatterbot Zulu submitting transactions
chatterbot Yankee submitting transactions
chatterbot Charlie submitting transactions
chatterbot Lima submitting transactions
chatterbot Echo submitting transactions
chatterbot Bravo submitting transactions
chatterbot Romeo submitting transactions
chatterbot Papa submitting transactions
chatterbot Quebec submitting transactions
chatterbot Mike submitting transactions
ChatterBot Zulu round 2
ChatterBot Echo round 2
ChatterBot Lima round 2
ChatterBot Yankee round 2
ChatterBot Mike round 2
ChatterBot Romeo round 2
ChatterBot Bravo round 2
ChatterBot Quebec round 2
ChatterBot Charlie round 2
ChatterBot Papa round 2
2024-10-14 23:16:33.108930 Lima: We should group up
ChatterBot Romeo reevaluating
ChatterBot Bravo reevaluating
ChatterBot Quebec reevaluating
2024-10-14 23:16:33.121017 Romeo: Yes
2024-10-14 23:16:33.121155 Bravo: Yes
2024-10-14 23:16:33.121295 Quebec: Yes
ChatterBot Bravo reevaluating
ChatterBot Quebec reevaluating
ChatterBot Romeo reevaluating
ChatterBot Quebec reevaluating
ChatterBot Romeo reevaluating
ChatterBot Bravo reevaluating
2024-10-14 23:16:33.158059 Echo: We should add Romeo
ChatterBot Zulu reevaluating
ChatterBot Mike reevaluating
ChatterBot Yankee reevaluating
ChatterBot Papa reevaluating
ChatterBot Charlie reevaluating
2024-10-14 23:16:33.177236 Zulu: Yes
2024-10-14 23:16:33.177390 Mike: Yes
2024-10-14 23:16:33.177496 Yankee: Yes
2024-10-14 23:16:33.177608 Papa: Yes
2024-10-14 23:16:33.177758 Charlie: Yes
ChatterBot Mike reevaluating
ChatterBot Yankee reevaluating
ChatterBot Papa reevaluating
ChatterBot Charlie reevaluating
ChatterBot Zulu reevaluating
ChatterBot Yankee reevaluating
ChatterBot Papa reevaluating
ChatterBot Charlie reevaluating
ChatterBot Zulu reevaluating
ChatterBot Mike reevaluating
ChatterBot Papa reevaluating
ChatterBot Charlie reevaluating
ChatterBot Zulu reevaluating
ChatterBot Mike reevaluating
ChatterBot Yankee reevaluating
ChatterBot Charlie reevaluating
ChatterBot Zulu reevaluating
ChatterBot Mike reevaluating
ChatterBot Yankee reevaluating
ChatterBot Papa reevaluating
2024-10-14 23:16:33.299842 Echo: Romeo we want you to join our group
2024-10-14 23:16:33.303307 Romeo: No
ChatterBot Zulu reevaluating
ChatterBot Yankee reevaluating
ChatterBot Mike reevaluating
ChatterBot Charlie reevaluating
ChatterBot Papa reevaluating
2024-10-14 23:16:33.433332 Charlie: Romeo we want you to join our group
2024-10-14 23:16:33.437006 Romeo: No
ChatterBot Zulu reevaluating
2024-10-14 23:16:33.457122 Papa: Romeo we want you to join our group
2024-10-14 23:16:33.460604 Romeo: No
ChatterBot Zulu reevaluating
2024-10-14 23:16:33.480634 Lima: Romeo, sending you 3
2024-10-14 23:16:33.480986 Yankee: Romeo we want you to join our group
2024-10-14 23:16:33.485059 Romeo: No
2024-10-14 23:16:33.504255 Lima: Bravo, sending you 7
2024-10-14 23:16:33.504978 Zulu: Romeo we want you to join our group
2024-10-14 23:16:33.508530 Romeo: No
2024-10-14 23:16:33.528920 Echo: Zulu, sending you 1
2024-10-14 23:16:33.529964 Quebec: Lima, sending you 4
2024-10-14 23:16:33.530187 Mike: Echo, sending you 3
2024-10-14 23:16:33.530544 Romeo: Lima, sending you 5
2024-10-14 23:16:33.530772 Lima: Quebec, sending you 4
2024-10-14 23:16:33.531470 Bravo: Sending you each 6
2024-10-14 23:16:33.782235 Mike: Lima, Yankee, Romeo, Bravo, Quebec, Charlie and Papa, sending you 2
2024-10-14 23:16:33.783461 Quebec: Romeo, sending you 3
2024-10-14 23:16:33.783921 Echo: Yankee, sending you 6
2024-10-14 23:16:33.785073 Romeo: Bravo, sending you 8
2024-10-14 23:16:33.785479 Charlie: Zulu, Echo, Yankee, Romeo and Papa, sending you 3
2024-10-14 23:16:33.786021 Papa: Zulu and Romeo, sending you 2
2024-10-14 23:16:33.882962 Quebec: Bravo, sending you 6
2024-10-14 23:16:33.884034 Echo: Mike, sending you 4
2024-10-14 23:16:33.885302 Romeo: Quebec, sending you 3
2024-10-14 23:16:33.885815 Charlie: Mike, sending you 2
2024-10-14 23:16:33.886900 Papa: Echo, sending you 3
2024-10-14 23:16:33.887413 Yankee: Zulu, sending you 1
2024-10-14 23:16:33.888646 Zulu: Echo, Mike, Charlie and Papa, sending you 4
chatterbot Zulu submitting transactions
2024-10-14 23:16:33.890542 Echo: Romeo, sending you 3
2024-10-14 23:16:33.937645 Papa: Yankee, sending you 1
2024-10-14 23:16:33.938372 Yankee: Echo, Mike, Romeo, Charlie and Papa, sending you 2
2024-10-14 23:16:33.939712 Zulu: Yankee, sending you 2
2024-10-14 23:16:33.940833 Echo: Charlie and Papa, sending you 2
2024-10-14 23:16:34.076908 Papa: Mike and Charlie, sending you 5
chatterbot Echo submitting transactions
chatterbot Yankee submitting transactions
chatterbot Quebec submitting transactions
chatterbot Lima submitting transactions
chatterbot Papa submitting transactions
chatterbot Mike submitting transactions
chatterbot Charlie submitting transactions
chatterbot Bravo submitting transactions
chatterbot Romeo submitting transactions
ChatterBot Zulu round 3
ChatterBot Echo round 3
ChatterBot Lima round 3
ChatterBot Yankee round 3
ChatterBot Mike round 3
ChatterBot Romeo round 3
ChatterBot Bravo round 3
ChatterBot Quebec round 3
ChatterBot Charlie round 3
ChatterBot Papa round 3
2024-10-14 23:16:35.087490 Yankee: We should drop Romeo
ChatterBot Echo reevaluating
2024-10-14 23:16:35.111148 Zulu: Yes
2024-10-14 23:16:35.111353 Mike: Yes
2024-10-14 23:16:35.112053 Papa: Yes
2024-10-14 23:16:35.112264 Echo: Yes
2024-10-14 23:16:35.112429 Charlie: Yes
ChatterBot Echo reevaluating
ChatterBot Echo reevaluating
ChatterBot Echo reevaluating
ChatterBot Echo reevaluating
2024-10-14 23:16:35.294580 Romeo: Lima and Quebec, sending you 5
2024-10-14 23:16:35.294892 Quebec: Lima and Bravo, sending you 5
2024-10-14 23:16:35.295144 Lima: Romeo and Quebec, sending you 5
2024-10-14 23:16:35.295821 Bravo: Lima, sending you 7
2024-10-14 23:16:35.296132 Yankee: Zulu, Mike, Charlie and Papa, sending you 2
2024-10-14 23:16:35.296631 Mike: Zulu, sending you 3
2024-10-14 23:16:35.314888 Romeo: Bravo, sending you 7
2024-10-14 23:16:35.315743 Bravo: Romeo, sending you 6
2024-10-14 23:16:35.315979 Quebec: Romeo, sending you 3
2024-10-14 23:16:35.316238 Lima: Bravo, sending you 7
2024-10-14 23:16:35.316486 Papa: Zulu and Mike, sending you 4
2024-10-14 23:16:35.317313 Yankee: Echo, sending you 3
2024-10-14 23:16:35.317604 Mike: Echo and Papa, sending you 5
2024-10-14 23:16:35.317821 Charlie: Zulu, Echo, Yankee and Mike, sending you 3
2024-10-14 23:16:35.318590 Zulu: Echo and Papa, sending you 4
2024-10-14 23:16:35.319150 Bravo: Quebec, sending you 5
2024-10-14 23:16:35.333890 Mike: Charlie, sending you 4
2024-10-14 23:16:35.334228 Papa: Echo, sending you 3
2024-10-14 23:16:35.334571 Charlie: Papa, sending you 5
2024-10-14 23:16:35.334895 Echo: Zulu, Charlie and Papa, sending you 3
2024-10-14 23:16:35.335983 Zulu: Yankee, sending you 2
2024-10-14 23:16:35.340745 Papa: Yankee, sending you 2
2024-10-14 23:16:35.341091 Echo: Yankee, sending you 5
2024-10-14 23:16:35.341641 Zulu: Mike, sending you 3
2024-10-14 23:16:35.347265 Papa: Charlie, sending you 5
2024-10-14 23:16:35.348586 Echo: Mike, sending you 4
2024-10-14 23:16:35.349186 Zulu: Charlie, sending you 5
chatterbot Yankee submitting transactions
chatterbot Echo submitting transactions
chatterbot Bravo submitting transactions
chatterbot Papa submitting transactions
chatterbot Romeo submitting transactions
chatterbot Lima submitting transactions
chatterbot Charlie submitting transactions
chatterbot Zulu submitting transactions
chatterbot Quebec submitting transactions
chatterbot Mike submitting transactions
ChatterBot Zulu round 4
ChatterBot Echo round 4
ChatterBot Lima round 4
ChatterBot Yankee round 4
ChatterBot Mike round 4
ChatterBot Romeo round 4
ChatterBot Bravo round 4
ChatterBot Quebec round 4
ChatterBot Charlie round 4
ChatterBot Papa round 4
2024-10-14 23:16:36.501779 Zulu: Echo, Charlie and Papa, sending you 4
2024-10-14 23:16:36.503250 Mike: Zulu, sending you 3
2024-10-14 23:16:36.503881 Lima: Romeo and Quebec, sending you 5
2024-10-14 23:16:36.504972 Yankee: Zulu, Mike, Charlie and Papa, sending you 2
2024-10-14 23:16:36.616099 Zulu: Yankee and Mike, sending you 3
2024-10-14 23:16:36.617446 Mike: Echo and Papa, sending you 5
2024-10-14 23:16:36.618232 Yankee: Echo, sending you 3
2024-10-14 23:16:36.619653 Bravo: Lima, sending you 7
2024-10-14 23:16:36.620822 Romeo: Lima and Bravo, sending you 6
2024-10-14 23:16:36.621463 Lima: Bravo, sending you 8
2024-10-14 23:16:36.622688 Papa: Zulu, Mike and Charlie, sending you 4
2024-10-14 23:16:36.624215 Echo: Zulu, Charlie and Papa, sending you 3
2024-10-14 23:16:36.625901 Quebec: Lima and Romeo, sending you 4
2024-10-14 23:16:36.626528 Mike: Charlie, sending you 4
2024-10-14 23:16:36.627792 Bravo: Romeo, sending you 6
2024-10-14 23:16:36.629210 Romeo: Quebec, sending you 5
2024-10-14 23:16:36.629929 Papa: Echo and Yankee, sending you 3
2024-10-14 23:16:36.631322 Echo: Yankee, sending you 4
2024-10-14 23:16:36.632753 Quebec: Bravo, sending you 5
2024-10-14 23:16:36.633385 Charlie: Zulu and Papa, sending you 4
2024-10-14 23:16:36.634959 Bravo: Quebec, sending you 5
2024-10-14 23:16:36.685869 Echo: Mike, sending you 5
2024-10-14 23:16:36.687856 Charlie: Echo, Yankee and Mike, sending you 3
chatterbot Papa submitting transactions
chatterbot Bravo submitting transactions
chatterbot Echo submitting transactions
chatterbot Yankee submitting transactions
chatterbot Lima submitting transactions
chatterbot Romeo submitting transactions
chatterbot Mike submitting transactions
chatterbot Charlie submitting transactions
chatterbot Zulu submitting transactions
chatterbot Quebec submitting transactions
ChatterBot Zulu round 5
ChatterBot Echo round 5
ChatterBot Lima round 5
ChatterBot Yankee round 5
ChatterBot Mike round 5
ChatterBot Romeo round 5
ChatterBot Bravo round 5
ChatterBot Quebec round 5
ChatterBot Charlie round 5
ChatterBot Papa round 5
2024-10-14 23:16:37.672172 Zulu: Echo, Charlie and Papa, sending you 4
2024-10-14 23:16:37.674241 Echo: Zulu, Charlie and Papa, sending you 3
2024-10-14 23:16:37.676591 Lima: Romeo, sending you 6
2024-10-14 23:16:37.677434 Zulu: Yankee and Mike, sending you 3
2024-10-14 23:16:37.680538 Quebec: Lima and Romeo, sending you 4
2024-10-14 23:16:37.681197 Papa: Zulu, Mike and Charlie, sending you 4
2024-10-14 23:16:37.682731 Echo: Yankee, sending you 4
2024-10-14 23:16:37.684042 Lima: Bravo, sending you 7
2024-10-14 23:16:37.684911 Bravo: Lima, sending you 7
2024-10-14 23:16:37.686049 Quebec: Bravo, sending you 5
2024-10-14 23:16:37.687017 Mike: Zulu, sending you 3
2024-10-14 23:16:37.688457 Papa: Echo and Yankee, sending you 3
2024-10-14 23:16:37.692814 Echo: Mike, sending you 5
2024-10-14 23:16:37.694191 Lima: Quebec, sending you 5
2024-10-14 23:16:37.694836 Romeo: Lima and Bravo, sending you 6
2024-10-14 23:16:37.696210 Bravo: Romeo, sending you 6
2024-10-14 23:16:37.697495 Charlie: Zulu and Papa, sending you 4
2024-10-14 23:16:37.699312 Yankee: Zulu, Charlie and Papa, sending you 2
2024-10-14 23:16:37.701285 Mike: Echo and Papa, sending you 5
2024-10-14 23:16:37.703090 Romeo: Quebec, sending you 5
2024-10-14 23:16:37.704095 Bravo: Quebec, sending you 5
2024-10-14 23:16:37.705453 Charlie: Echo, Yankee and Mike, sending you 3
2024-10-14 23:16:37.707334 Yankee: Echo, sending you 4
2024-10-14 23:16:37.708470 Mike: Charlie, sending you 4
2024-10-14 23:16:37.725758 Yankee: Mike, sending you 1
chatterbot Papa submitting transactions
chatterbot Echo submitting transactions
chatterbot Charlie submitting transactions
chatterbot Quebec submitting transactions
chatterbot Yankee submitting transactions
chatterbot Lima submitting transactions
chatterbot Romeo submitting transactions
chatterbot Zulu submitting transactions
chatterbot Bravo submitting transactions
chatterbot Mike submitting transactions
ChatterBot Zulu round 6
ChatterBot Echo round 6
ChatterBot Lima round 6
ChatterBot Yankee round 6
ChatterBot Mike round 6
ChatterBot Romeo round 6
ChatterBot Bravo round 6
ChatterBot Quebec round 6
ChatterBot Charlie round 6
ChatterBot Papa round 6
2024-10-14 23:16:38.897671 Zulu: Echo, Charlie and Papa, sending you 4
2024-10-14 23:16:38.914687 Zulu: Yankee and Mike, sending you 3
2024-10-14 23:16:38.916733 Mike: Zulu, sending you 3
2024-10-14 23:16:38.918501 Echo: Zulu, Charlie and Papa, sending you 3
2024-10-14 23:16:38.919777 Quebec: Lima and Romeo, sending you 4
2024-10-14 23:16:38.941199 Romeo: Lima and Bravo, sending you 6
2024-10-14 23:16:38.942599 Mike: Echo and Papa, sending you 5
2024-10-14 23:16:38.943647 Lima: Romeo, sending you 6
2024-10-14 23:16:38.944579 Yankee: Zulu, Charlie and Papa, sending you 2
2024-10-14 23:16:38.945307 Papa: Zulu and Charlie, sending you 4
2024-10-14 23:16:38.946660 Bravo: Lima, sending you 7
2024-10-14 23:16:38.947238 Charlie: Zulu and Papa, sending you 4
2024-10-14 23:16:38.948438 Echo: Yankee, sending you 4
2024-10-14 23:16:38.949041 Quebec: Bravo, sending you 5
2024-10-14 23:16:38.950048 Romeo: Quebec, sending you 5
2024-10-14 23:16:38.950387 Mike: Charlie, sending you 4
2024-10-14 23:16:38.951461 Lima: Bravo, sending you 7
2024-10-14 23:16:38.951904 Yankee: Echo, sending you 4
2024-10-14 23:16:38.952530 Charlie: Echo, Yankee and Mike, sending you 3
2024-10-14 23:16:38.953969 Papa: Echo, sending you 3
2024-10-14 23:16:38.954569 Bravo: Romeo, sending you 6
2024-10-14 23:16:38.955453 Echo: Mike, sending you 5
2024-10-14 23:16:38.956234 Yankee: Mike, sending you 1
2024-10-14 23:16:38.957516 Lima: Quebec, sending you 5
2024-10-14 23:16:38.958533 Papa: Yankee, sending you 2
2024-10-14 23:16:38.959381 Bravo: Quebec, sending you 5
2024-10-14 23:16:38.988770 Papa: Mike, sending you 5
chatterbot Romeo submitting transactions
chatterbot Lima submitting transactions
chatterbot Papa submitting transactions
chatterbot Bravo submitting transactions
chatterbot Echo submitting transactions
chatterbot Quebec submitting transactions
chatterbot Yankee submitting transactions
chatterbot Mike submitting transactions
chatterbot Charlie submitting transactions
chatterbot Zulu submitting transactions
ChatterBot Zulu round 7
ChatterBot Echo round 7
ChatterBot Lima round 7
ChatterBot Yankee round 7
ChatterBot Mike round 7
ChatterBot Romeo round 7
ChatterBot Bravo round 7
ChatterBot Quebec round 7
ChatterBot Charlie round 7
ChatterBot Papa round 7
2024-10-14 23:16:40.149654 Charlie: Zulu, Echo and Yankee, sending you 3
2024-10-14 23:16:40.150659 Bravo: Lima, sending you 7
2024-10-14 23:16:40.152672 Romeo: Lima and Bravo, sending you 6
2024-10-14 23:16:40.153661 Charlie: Mike and Papa, sending you 4
2024-10-14 23:16:40.154682 Bravo: Romeo, sending you 6
2024-10-14 23:16:40.157676 Lima: Romeo, sending you 6
2024-10-14 23:16:40.158031 Romeo: Quebec, sending you 5
2024-10-14 23:16:40.158717 Bravo: Quebec, sending you 5
2024-10-14 23:16:40.159045 Papa: Zulu and Charlie, sending you 4
2024-10-14 23:16:40.159515 Yankee: Zulu, Charlie and Papa, sending you 2
2024-10-14 23:16:40.160691 Quebec: Lima and Romeo, sending you 4
2024-10-14 23:16:40.161662 Zulu: Echo, Charlie and Papa, sending you 4
2024-10-14 23:16:40.162199 Lima: Bravo, sending you 7
2024-10-14 23:16:40.162864 Papa: Echo, sending you 3
2024-10-14 23:16:40.163368 Mike: Zulu, sending you 3
2024-10-14 23:16:40.163708 Yankee: Echo, sending you 4
2024-10-14 23:16:40.164194 Quebec: Bravo, sending you 5
2024-10-14 23:16:40.164671 Echo: Zulu, Charlie and Papa, sending you 3
2024-10-14 23:16:40.165651 Lima: Quebec, sending you 5
2024-10-14 23:16:40.165986 Papa: Yankee, sending you 2
2024-10-14 23:16:40.167094 Zulu: Yankee and Mike, sending you 3
2024-10-14 23:16:40.168078 Yankee: Mike, sending you 1
2024-10-14 23:16:40.168970 Mike: Echo and Papa, sending you 5
2024-10-14 23:16:40.169650 Echo: Yankee, sending you 4
2024-10-14 23:16:40.170184 Papa: Mike, sending you 5
2024-10-14 23:16:40.172671 Mike: Charlie, sending you 4
2024-10-14 23:16:40.174660 Echo: Mike, sending you 5
chatterbot Bravo submitting transactions
chatterbot Quebec submitting transactions
chatterbot Charlie submitting transactions
chatterbot Zulu submitting transactions
chatterbot Romeo submitting transactions
chatterbot Papa submitting transactions
chatterbot Echo submitting transactions
chatterbot Yankee submitting transactions
chatterbot Mike submitting transactions
chatterbot Lima submitting transactions
ChatterBot Zulu round 8
ChatterBot Echo round 8
ChatterBot Lima round 8
ChatterBot Yankee round 8
ChatterBot Mike round 8
ChatterBot Romeo round 8
ChatterBot Bravo round 8
ChatterBot Quebec round 8
ChatterBot Charlie round 8
ChatterBot Papa round 8
2024-10-14 23:16:41.214818 Charlie: We should drop Yankee
2024-10-14 23:16:41.223526 Mike: Yes
2024-10-14 23:16:41.223692 Zulu: No
2024-10-14 23:16:41.223819 Echo: No
2024-10-14 23:16:41.223933 Papa: No
ChatterBot Charlie reevaluating
ChatterBot Charlie reevaluating
2024-10-14 23:16:41.257345 Echo: Zulu, Charlie and Papa, sending you 3
2024-10-14 23:16:41.260661 Yankee: Zulu, Charlie and Papa, sending you 2
2024-10-14 23:16:41.261246 Echo: Yankee, sending you 4
2024-10-14 23:16:41.261789 Lima: Romeo, sending you 6
2024-10-14 23:16:41.262233 Bravo: Lima, sending you 7
2024-10-14 23:16:41.262536 Zulu: Echo, Charlie and Papa, sending you 4
2024-10-14 23:16:41.263485 Quebec: Lima and Romeo, sending you 4
2024-10-14 23:16:41.263832 Mike: Zulu, sending you 3
2024-10-14 23:16:41.264149 Romeo: Lima and Bravo, sending you 6
2024-10-14 23:16:41.264486 Yankee: Echo, sending you 4
2024-10-14 23:16:41.265668 Echo: Mike, sending you 5
2024-10-14 23:16:41.266351 Zulu: Yankee and Mike, sending you 3
2024-10-14 23:16:41.266958 Lima: Bravo, sending you 7
2024-10-14 23:16:41.267717 Bravo: Romeo, sending you 6
2024-10-14 23:16:41.268092 Mike: Echo and Papa, sending you 5
2024-10-14 23:16:41.268398 Romeo: Quebec, sending you 5
2024-10-14 23:16:41.268734 Quebec: Bravo, sending you 5
2024-10-14 23:16:41.269115 Papa: Zulu and Charlie, sending you 4
2024-10-14 23:16:41.269654 Yankee: Mike, sending you 1
2024-10-14 23:16:41.271671 Bravo: Quebec, sending you 5
2024-10-14 23:16:41.272409 Papa: Echo, sending you 3
2024-10-14 23:16:41.273008 Lima: Quebec, sending you 5
2024-10-14 23:16:41.273310 Mike: Charlie, sending you 4
2024-10-14 23:16:41.277677 Papa: Yankee, sending you 2
2024-10-14 23:16:41.280658 Papa: Mike, sending you 5
2024-10-14 23:16:41.286675 Charlie: Zulu, Echo and Yankee, sending you 3
2024-10-14 23:16:41.289671 Charlie: Mike and Papa, sending you 4
chatterbot Echo submitting transactions
chatterbot Mike submitting transactions
chatterbot Bravo submitting transactions
chatterbot Quebec submitting transactions
chatterbot Romeo submitting transactions
chatterbot Lima submitting transactions
chatterbot Zulu submitting transactions
chatterbot Papa submitting transactions
chatterbot Charlie submitting transactions
chatterbot Yankee submitting transactions
ChatterBot Zulu round 9
ChatterBot Echo round 9
ChatterBot Lima round 9
ChatterBot Yankee round 9
ChatterBot Mike round 9
ChatterBot Romeo round 9
ChatterBot Bravo round 9
ChatterBot Quebec round 9
ChatterBot Charlie round 9
ChatterBot Papa round 9
2024-10-14 23:16:42.423892 Quebec: We should add Yankee
2024-10-14 23:16:42.431559 Lima: No
2024-10-14 23:16:42.431728 Romeo: No
2024-10-14 23:16:42.431859 Bravo: No
ChatterBot Quebec reevaluating
ChatterBot Quebec reevaluating
2024-10-14 23:16:42.457667 Mike: Zulu, sending you 3
2024-10-14 23:16:42.458862 Charlie: We should drop Yankee
2024-10-14 23:16:42.469786 Mike: Yes
2024-10-14 23:16:42.469961 Zulu: No
2024-10-14 23:16:42.470108 Echo: No
2024-10-14 23:16:42.470245 Papa: No
ChatterBot Charlie reevaluating
ChatterBot Charlie reevaluating
ChatterBot Charlie reevaluating
ChatterBot Charlie reevaluating
2024-10-14 23:16:42.517255 Zulu: Echo, Mike, Charlie and Papa, sending you 4
2024-10-14 23:16:42.518062 Lima: Romeo, sending you 6
2024-10-14 23:16:42.518631 Mike: Echo and Papa, sending you 5
2024-10-14 23:16:42.521663 Zulu: Yankee, sending you 2
2024-10-14 23:16:42.522446 Papa: Zulu and Charlie, sending you 4
2024-10-14 23:16:42.523244 Romeo: Lima and Bravo, sending you 6
2024-10-14 23:16:42.523741 Yankee: Zulu, Charlie and Papa, sending you 2
2024-10-14 23:16:42.524918 Echo: Zulu, Charlie and Papa, sending you 3
2024-10-14 23:16:42.525718 Lima: Bravo, sending you 7
2024-10-14 23:16:42.526171 Mike: Charlie, sending you 4
2024-10-14 23:16:42.526667 Romeo: Quebec, sending you 5
2024-10-14 23:16:42.528094 Papa: Echo, sending you 3
2024-10-14 23:16:42.528804 Yankee: Echo, sending you 4
2024-10-14 23:16:42.529667 Echo: Yankee, sending you 4
2024-10-14 23:16:42.531121 Lima: Quebec, sending you 5
2024-10-14 23:16:42.531677 Yankee: Mike, sending you 1
2024-10-14 23:16:42.532675 Echo: Mike, sending you 5
2024-10-14 23:16:42.534039 Papa: Yankee, sending you 2
2024-10-14 23:16:42.535297 Bravo: Lima, sending you 7
2024-10-14 23:16:42.536683 Charlie: Zulu, Echo and Yankee, sending you 3
2024-10-14 23:16:42.537682 Papa: Mike, sending you 5
2024-10-14 23:16:42.540667 Bravo: Romeo, sending you 6
2024-10-14 23:16:42.541874 Quebec: Lima and Romeo, sending you 4
2024-10-14 23:16:42.542535 Charlie: Mike and Papa, sending you 4
2024-10-14 23:16:42.544661 Bravo: Quebec, sending you 5
2024-10-14 23:16:42.546675 Quebec: Bravo, sending you 5
chatterbot Quebec submitting transactions
chatterbot Zulu submitting transactions
chatterbot Papa submitting transactions
chatterbot Romeo submitting transactions
chatterbot Yankee submitting transactions
chatterbot Echo submitting transactions
chatterbot Charlie submitting transactions
chatterbot Mike submitting transactions
chatterbot Bravo submitting transactions
chatterbot Lima submitting transactions
ChatterBot Zulu round 10
ChatterBot Echo round 10
ChatterBot Lima round 10
ChatterBot Yankee round 10
ChatterBot Mike round 10
ChatterBot Romeo round 10
ChatterBot Bravo round 10
ChatterBot Quebec round 10
ChatterBot Charlie round 10
ChatterBot Papa round 10
2024-10-14 23:16:43.732955 Charlie: We should drop Yankee
2024-10-14 23:16:43.744198 Mike: Yes
2024-10-14 23:16:43.744437 Zulu: No
2024-10-14 23:16:43.744692 Echo: No
2024-10-14 23:16:43.744929 Papa: No
ChatterBot Charlie reevaluating
ChatterBot Charlie reevaluating
ChatterBot Charlie reevaluating
ChatterBot Charlie reevaluating
2024-10-14 23:16:43.789219 Echo: Zulu, Charlie and Papa, sending you 3
2024-10-14 23:16:43.792686 Romeo: Lima and Bravo, sending you 6
2024-10-14 23:16:43.794217 Zulu: Echo, Mike, Charlie and Papa, sending you 4
2024-10-14 23:16:43.795710 Yankee: Zulu and Papa, sending you 2
2024-10-14 23:16:43.797326 Echo: Yankee, sending you 4
2024-10-14 23:16:43.798648 Mike: Zulu, sending you 3
2024-10-14 23:16:43.799424 Lima: Romeo, sending you 6
2024-10-14 23:16:43.799995 Bravo: Lima, sending you 7
2024-10-14 23:16:43.801173 Quebec: Lima and Romeo, sending you 4
2024-10-14 23:16:43.801787 Romeo: Quebec, sending you 5
2024-10-14 23:16:43.802519 Zulu: Yankee, sending you 2
2024-10-14 23:16:43.803418 Yankee: Echo and Charlie, sending you 3
2024-10-14 23:16:43.805442 Mike: Echo and Papa, sending you 5
2024-10-14 23:16:43.806174 Echo: Mike, sending you 5
2024-10-14 23:16:43.806991 Lima: Bravo, sending you 7
2024-10-14 23:16:43.808692 Bravo: Romeo, sending you 6
2024-10-14 23:16:43.809218 Quebec: Bravo, sending you 5
2024-10-14 23:16:43.809943 Mike: Charlie, sending you 4
2024-10-14 23:16:43.810529 Yankee: Mike, sending you 1
2024-10-14 23:16:43.812687 Lima: Quebec, sending you 5
2024-10-14 23:16:43.813525 Papa: Zulu and Charlie, sending you 4
2024-10-14 23:16:43.814992 Bravo: Quebec, sending you 5
2024-10-14 23:16:43.817811 Papa: Echo, sending you 3
2024-10-14 23:16:43.823677 Papa: Yankee, sending you 2
2024-10-14 23:16:43.825573 Charlie: Zulu, Echo and Yankee, sending you 3
2024-10-14 23:16:43.829675 Papa: Mike, sending you 5
2024-10-14 23:16:43.831437 Charlie: Mike and Papa, sending you 4
chatterbot Bravo submitting transactions
chatterbot Quebec submitting transactions
chatterbot Echo submitting transactions
chatterbot Charlie submitting transactions
chatterbot Mike submitting transactions
chatterbot Lima submitting transactions
chatterbot Romeo submitting transactions
chatterbot Zulu submitting transactions
chatterbot Yankee submitting transactions
chatterbot Papa submitting transactions
ChatterBot Zulu round 11
ChatterBot Echo round 11
ChatterBot Lima round 11
ChatterBot Yankee round 11
ChatterBot Mike round 11
ChatterBot Romeo round 11
ChatterBot Bravo round 11
ChatterBot Quebec round 11
ChatterBot Charlie round 11
ChatterBot Papa round 11
2024-10-14 23:16:44.896743 Lima: Romeo, sending you 6
2024-10-14 23:16:44.902130 Lima: Bravo, sending you 7
2024-10-14 23:16:44.904693 Zulu: Echo, Mike, Charlie and Papa, sending you 4
2024-10-14 23:16:44.907345 Mike: Zulu, sending you 3
2024-10-14 23:16:44.908300 Lima: Quebec, sending you 5
2024-10-14 23:16:44.908949 Charlie: Zulu, Echo and Yankee, sending you 3
2024-10-14 23:16:44.910639 Romeo: Lima and Bravo, sending you 6
2024-10-14 23:16:44.911290 Quebec: Lima and Romeo, sending you 4
2024-10-14 23:16:44.911939 Papa: Zulu and Charlie, sending you 4
2024-10-14 23:16:44.913001 Zulu: Yankee, sending you 2
2024-10-14 23:16:44.913642 Mike: Echo and Papa, sending you 5
2024-10-14 23:16:44.915111 Echo: Zulu, Charlie and Papa, sending you 3
2024-10-14 23:16:44.916054 Yankee: Zulu and Papa, sending you 2
2024-10-14 23:16:44.916985 Charlie: Mike and Papa, sending you 4
2024-10-14 23:16:44.917747 Romeo: Quebec, sending you 5
2024-10-14 23:16:44.918166 Quebec: Bravo, sending you 5
2024-10-14 23:16:44.919337 Papa: Echo, sending you 3
2024-10-14 23:16:44.920295 Bravo: Lima, sending you 7
2024-10-14 23:16:44.921107 Mike: Charlie, sending you 4
2024-10-14 23:16:44.921840 Echo: Yankee, sending you 4
2024-10-14 23:16:44.923447 Yankee: Echo and Charlie, sending you 3
2024-10-14 23:16:44.924680 Papa: Yankee, sending you 2
2024-10-14 23:16:44.925639 Bravo: Romeo, sending you 6
2024-10-14 23:16:44.926715 Echo: Mike, sending you 5
2024-10-14 23:16:44.928689 Yankee: Mike, sending you 1
2024-10-14 23:16:44.929661 Bravo: Quebec, sending you 5
2024-10-14 23:16:44.930674 Papa: Mike, sending you 5
chatterbot Yankee submitting transactions
chatterbot Romeo submitting transactions
chatterbot Papa submitting transactions
chatterbot Lima submitting transactions
chatterbot Zulu submitting transactions
chatterbot Charlie submitting transactions
chatterbot Bravo submitting transactions
chatterbot Echo submitting transactions
chatterbot Quebec submitting transactions
chatterbot Mike submitting transactions
ChatterBot Zulu round 12
ChatterBot Echo round 12
ChatterBot Lima round 12
ChatterBot Yankee round 12
ChatterBot Mike round 12
ChatterBot Romeo round 12
ChatterBot Bravo round 12
ChatterBot Quebec round 12
ChatterBot Charlie round 12
ChatterBot Papa round 12
2024-10-14 23:16:46.199896 Echo: Zulu and Yankee, sending you 4
2024-10-14 23:16:46.205121 Yankee: Zulu and Papa, sending you 2
2024-10-14 23:16:46.206323 Echo: Mike, sending you 5
2024-10-14 23:16:46.208112 Mike: Zulu, sending you 3
2024-10-14 23:16:46.209704 Bravo: Lima, sending you 7
2024-10-14 23:16:46.210894 Lima: Romeo, sending you 6
2024-10-14 23:16:46.211970 Yankee: Echo and Charlie, sending you 3
2024-10-14 23:16:46.215266 Quebec: Lima and Romeo, sending you 4
2024-10-14 23:16:46.216315 Echo: Charlie, sending you 3
2024-10-14 23:16:46.219625 Mike: Echo and Papa, sending you 5
2024-10-14 23:16:46.221311 Bravo: Romeo, sending you 6
2024-10-14 23:16:46.221986 Lima: Bravo, sending you 7
2024-10-14 23:16:46.223204 Yankee: Mike, sending you 1
2024-10-14 23:16:46.223870 Papa: Zulu and Charlie, sending you 4
2024-10-14 23:16:46.225121 Quebec: Bravo, sending you 5
2024-10-14 23:16:46.225497 Echo: Papa, sending you 2
2024-10-14 23:16:46.226828 Romeo: Lima and Bravo, sending you 6
2024-10-14 23:16:46.227376 Zulu: Echo, Mike, Charlie and Papa, sending you 4
2024-10-14 23:16:46.228853 Mike: Charlie, sending you 4
2024-10-14 23:16:46.229461 Bravo: Quebec, sending you 5
2024-10-14 23:16:46.229978 Lima: Quebec, sending you 5
2024-10-14 23:16:46.231132 Papa: Echo, sending you 3
2024-10-14 23:16:46.231817 Charlie: Zulu, Echo and Yankee, sending you 3
2024-10-14 23:16:46.233281 Romeo: Quebec, sending you 5
2024-10-14 23:16:46.233963 Zulu: Yankee, sending you 2
2024-10-14 23:16:46.236329 Papa: Yankee, sending you 2
2024-10-14 23:16:46.238656 Charlie: Mike and Papa, sending you 4
2024-10-14 23:16:46.242662 Papa: Mike, sending you 5
chatterbot Lima submitting transactions
chatterbot Bravo submitting transactions
chatterbot Charlie submitting transactions
chatterbot Papa submitting transactions
chatterbot Romeo submitting transactions
chatterbot Echo submitting transactions
chatterbot Zulu submitting transactions
chatterbot Mike submitting transactions
chatterbot Quebec submitting transactions
chatterbot Yankee submitting transactions
ChatterBot Zulu round 13
ChatterBot Echo round 13
ChatterBot Lima round 13
ChatterBot Yankee round 13
ChatterBot Mike round 13
ChatterBot Romeo round 13
ChatterBot Bravo round 13
ChatterBot Quebec round 13
ChatterBot Charlie round 13
ChatterBot Papa round 13
2024-10-14 23:16:47.189645 Quebec: Lima and Romeo, sending you 4
2024-10-14 23:16:47.196064 Quebec: Bravo, sending you 5
2024-10-14 23:16:47.197195 Romeo: Lima and Bravo, sending you 6
2024-10-14 23:16:47.199115 Lima: Romeo, sending you 6
2024-10-14 23:16:47.201040 Echo: Zulu, sending you 4
2024-10-14 23:16:47.204872 Bravo: Lima, sending you 7
2024-10-14 23:16:47.206844 Romeo: Quebec, sending you 5
2024-10-14 23:16:47.208699 Yankee: Zulu and Papa, sending you 2
2024-10-14 23:16:47.211333 Lima: Bravo, sending you 7
2024-10-14 23:16:47.212307 Zulu: Echo, Mike, Charlie and Papa, sending you 4
2024-10-14 23:16:47.216073 Echo: Yankee, Charlie and Papa, sending you 3
2024-10-14 23:16:47.219069 Bravo: Romeo, sending you 6
2024-10-14 23:16:47.220054 Mike: Zulu, sending you 3
2024-10-14 23:16:47.222658 Charlie: Zulu, Echo and Yankee, sending you 3
2024-10-14 23:16:47.226509 Yankee: Echo and Charlie, sending you 3
2024-10-14 23:16:47.229421 Lima: Quebec, sending you 5
2024-10-14 23:16:47.230649 Zulu: Yankee, sending you 2
2024-10-14 23:16:47.233192 Papa: Zulu and Charlie, sending you 4
2024-10-14 23:16:47.235392 Echo: Mike, sending you 5
2024-10-14 23:16:47.237128 Bravo: Quebec, sending you 5
2024-10-14 23:16:47.238698 Mike: Echo and Papa, sending you 5
2024-10-14 23:16:47.239118 Charlie: Mike and Papa, sending you 4
2024-10-14 23:16:47.241222 Yankee: Mike, sending you 1
2024-10-14 23:16:47.242409 Papa: Echo, sending you 3
2024-10-14 23:16:47.244953 Mike: Charlie, sending you 4
2024-10-14 23:16:47.249664 Papa: Yankee, sending you 2
2024-10-14 23:16:47.254968 Papa: Mike, sending you 5
chatterbot Charlie submitting transactions
chatterbot Lima submitting transactions
chatterbot Zulu submitting transactions
chatterbot Mike submitting transactions
chatterbot Bravo submitting transactions
chatterbot Echo submitting transactions
chatterbot Papa submitting transactions
chatterbot Quebec submitting transactions
chatterbot Yankee submitting transactions
chatterbot Romeo submitting transactions
ChatterBot Zulu round 14
ChatterBot Echo round 14
ChatterBot Lima round 14
ChatterBot Yankee round 14
ChatterBot Mike round 14
ChatterBot Romeo round 14
ChatterBot Bravo round 14
ChatterBot Quebec round 14
ChatterBot Charlie round 14
ChatterBot Papa round 14
2024-10-14 23:16:48.487681 Lima: Romeo, sending you 6
2024-10-14 23:16:48.491672 Bravo: Lima, sending you 7
2024-10-14 23:16:48.493296 Lima: Bravo, sending you 7
2024-10-14 23:16:48.495052 Romeo: Lima and Bravo, sending you 6
2024-10-14 23:16:48.495823 Quebec: Lima and Romeo, sending you 4
2024-10-14 23:16:48.497136 Zulu: Echo, Mike, Charlie and Papa, sending you 4
2024-10-14 23:16:48.499633 Bravo: Romeo, sending you 6
2024-10-14 23:16:48.501506 Lima: Quebec, sending you 5
2024-10-14 23:16:48.503478 Romeo: Quebec, sending you 5
2024-10-14 23:16:48.504975 Mike: Zulu, sending you 3
2024-10-14 23:16:48.506999 Yankee: Zulu and Papa, sending you 2
2024-10-14 23:16:48.509358 Echo: Zulu, sending you 4
2024-10-14 23:16:48.512269 Papa: Zulu and Charlie, sending you 4
2024-10-14 23:16:48.514685 Quebec: Bravo, sending you 5
2024-10-14 23:16:48.516298 Zulu: Yankee, sending you 2
2024-10-14 23:16:48.518709 Bravo: Quebec, sending you 5
2024-10-14 23:16:48.520303 Charlie: Zulu, Echo and Yankee, sending you 3
2024-10-14 23:16:48.523172 Mike: Echo and Papa, sending you 5
2024-10-14 23:16:48.524650 Yankee: Echo and Charlie, sending you 3
2024-10-14 23:16:48.526964 Echo: Yankee, Charlie and Papa, sending you 3
2024-10-14 23:16:48.529913 Papa: Echo, sending you 3
2024-10-14 23:16:48.532342 Charlie: Mike and Papa, sending you 4
2024-10-14 23:16:48.534899 Mike: Charlie, sending you 4
2024-10-14 23:16:48.536990 Yankee: Mike, sending you 1
2024-10-14 23:16:48.539256 Echo: Mike, sending you 5
2024-10-14 23:16:48.541264 Papa: Yankee, sending you 2
2024-10-14 23:16:48.547669 Papa: Mike, sending you 5
chatterbot Romeo submitting transactions
chatterbot Bravo submitting transactions
chatterbot Lima submitting transactions
chatterbot Zulu submitting transactions
chatterbot Quebec submitting transactions
chatterbot Yankee submitting transactions
chatterbot Echo submitting transactions
chatterbot Charlie submitting transactions
chatterbot Papa submitting transactions
chatterbot Mike submitting transactions
ChatterBot Zulu round 15
ChatterBot Echo round 15
ChatterBot Lima round 15
ChatterBot Yankee round 15
ChatterBot Mike round 15
ChatterBot Romeo round 15
ChatterBot Bravo round 15
ChatterBot Quebec round 15
ChatterBot Charlie round 15
ChatterBot Papa round 15
2024-10-14 23:16:49.612046 Charlie: We should drop Yankee
2024-10-14 23:16:49.625916 Mike: Yes
2024-10-14 23:16:49.626169 Zulu: No
2024-10-14 23:16:49.626421 Echo: No
2024-10-14 23:16:49.626635 Papa: No
ChatterBot Charlie reevaluating
