ChatterBot November round 1
ChatterBot Uniform round 1
ChatterBot Foxtrot round 1
ChatterBot Whiskey round 1
ChatterBot Juliett round 1
ChatterBot Victor round 1
ChatterBot Yankee round 1
ChatterBot Charlie round 1
ChatterBot Quebec round 1
ChatterBot X-ray round 1
randomSelections November: {November, Uniform, Foxtrot, Whiskey, Yankee, Charlie} 
2024-10-14 23:16:29.866596 November: Group up?
ChatterBot Uniform reevaluating
ChatterBot Foxtrot reevaluating
ChatterBot Whiskey reevaluating
ChatterBot Yankee reevaluating
ChatterBot Charlie reevaluating
2024-10-14 23:16:29.878678 Uniform: Yes
2024-10-14 23:16:29.878917 Foxtrot: Yes
2024-10-14 23:16:29.879048 Whiskey: Yes
2024-10-14 23:16:29.879244 Yankee: Yes
2024-10-14 23:16:29.879354 Charlie: Yes
ChatterBot Foxtrot reevaluating
ChatterBot Whiskey reevaluating
ChatterBot Yankee reevaluating
ChatterBot Charlie reevaluating
ChatterBot Uniform reevaluating
ChatterBot Whiskey reevaluating
ChatterBot Yankee reevaluating
ChatterBot Charlie reevaluating
ChatterBot Uniform reevaluating
ChatterBot Foxtrot reevaluating
ChatterBot Yankee reevaluating
ChatterBot Charlie reevaluating
ChatterBot Uniform reevaluating
ChatterBot Foxtrot reevaluating
ChatterBot Whiskey reevaluating
ChatterBot Charlie reevaluating
ChatterBot Uniform reevaluating
ChatterBot Foxtrot reevaluating
ChatterBot Whiskey reevaluating
ChatterBot Yankee reevaluating
randomSelections Victor: {Victor, Juliett, Foxtrot, Charlie, Quebec, X-ray, Whiskey, November} 
2024-10-14 23:16:29.929301 Victor: We would work well together
ChatterBot Juliett reevaluating
ChatterBot Foxtrot reevaluating
ChatterBot Charlie reevaluating
ChatterBot Quebec reevaluating
ChatterBot X-ray reevaluating
ChatterBot Whiskey reevaluating
2024-10-14 23:16:29.941636 Juliett: Yes
2024-10-14 23:16:29.941855 Foxtrot: No
2024-10-14 23:16:29.942007 Charlie: No
2024-10-14 23:16:29.942715 Quebec: Yes
2024-10-14 23:16:29.942891 X-ray: Yes
2024-10-14 23:16:29.943057 Whiskey: No
2024-10-14 23:16:29.943294 November: No
ChatterBot Foxtrot reevaluating
ChatterBot Charlie reevaluating
ChatterBot Quebec reevaluating
ChatterBot X-ray reevaluating
ChatterBot Whiskey reevaluating
ChatterBot Juliett reevaluating
ChatterBot Charlie reevaluating
ChatterBot Quebec reevaluating
ChatterBot X-ray reevaluating
ChatterBot Whiskey reevaluating
ChatterBot Juliett reevaluating
ChatterBot Foxtrot reevaluating
ChatterBot Quebec reevaluating
ChatterBot X-ray reevaluating
ChatterBot Whiskey reevaluating
ChatterBot Juliett reevaluating
ChatterBot Foxtrot reevaluating
ChatterBot Charlie reevaluating
ChatterBot X-ray reevaluating
ChatterBot Whiskey reevaluating
ChatterBot Juliett reevaluating
ChatterBot Foxtrot reevaluating
ChatterBot Charlie reevaluating
ChatterBot Quebec reevaluating
ChatterBot Whiskey reevaluating
ChatterBot Juliett reevaluating
ChatterBot Foxtrot reevaluating
ChatterBot Charlie reevaluating
ChatterBot Quebec reevaluating
ChatterBot X-ray reevaluating
ChatterBot Juliett reevaluating
ChatterBot Foxtrot reevaluating
ChatterBot Charlie reevaluating
ChatterBot Quebec reevaluating
ChatterBot X-ray reevaluating
ChatterBot Whiskey reevaluating
2024-10-14 23:16:30.056669 Yankee: November, sending you 2
2024-10-14 23:16:30.061026 Victor: November, Charlie and X-ray, sending you 1
2024-10-14 23:16:30.061512 Juliett: November and Whiskey, sending you 4
2024-10-14 23:16:30.061853 X-ray: Foxtrot, sending you 7
2024-10-14 23:16:30.062187 Yankee: Uniform, sending you 5
2024-10-14 23:16:30.062677 November: Uniform and Whiskey, sending you 3
2024-10-14 23:16:30.063164 Whiskey: November, sending you 3
2024-10-14 23:16:30.063467 Charlie: November and Whiskey, sending you 3
2024-10-14 23:16:30.064661 Victor: Foxtrot and Juliett, sending you 4
2024-10-14 23:16:30.065126 X-ray: Whiskey, Victor and Quebec, sending you 1
2024-10-14 23:16:30.065408 Yankee: Foxtrot, sending you 4
2024-10-14 23:16:30.066694 Juliett: Foxtrot, sending you 3
2024-10-14 23:16:30.067186 Whiskey: Uniform, sending you 1
2024-10-14 23:16:30.067482 Uniform: November and Yankee, sending you 3
2024-10-14 23:16:30.067766 November: Foxtrot and Yankee, sending you 6
2024-10-14 23:16:30.068894 Charlie: Uniform and Yankee, sending you 2
2024-10-14 23:16:30.069371 Victor: Quebec, sending you 3
2024-10-14 23:16:30.069644 X-ray: Juliett, sending you 5
2024-10-14 23:16:30.069964 Yankee: Whiskey, sending you 3
2024-10-14 23:16:30.070671 Foxtrot: November and Whiskey, sending you 4
2024-10-14 23:16:30.071053 Uniform: Foxtrot and Whiskey, sending you 5
2024-10-14 23:16:30.071306 Quebec: November, sending you 4
2024-10-14 23:16:30.071696 Juliett: Victor and X-ray, sending you 2
2024-10-14 23:16:30.072213 Whiskey: Foxtrot, sending you 2
2024-10-14 23:16:30.072662 Charlie: Foxtrot, sending you 4
2024-10-14 23:16:30.073124 X-ray: Charlie, sending you 2
2024-10-14 23:16:30.073725 Yankee: Charlie, sending you 1
2024-10-14 23:16:30.074227 Foxtrot: Uniform, sending you 2
2024-10-14 23:16:30.074750 Juliett: Charlie and Quebec, sending you 1
2024-10-14 23:16:30.075685 Uniform: Charlie, sending you 1
2024-10-14 23:16:30.076 Quebec: Foxtrot and Whiskey, sending you 2
2024-10-14 23:16:30.077109 Whiskey: Yankee, sending you 5
2024-10-14 23:16:30.077432 Foxtrot: Yankee and Charlie, sending you 3
2024-10-14 23:16:30.080702 Quebec: Juliett and Victor, sending you 1
2024-10-14 23:16:30.081070 Whiskey: Charlie, sending you 6
2024-10-14 23:16:30.085672 Quebec: Charlie, sending you 3
2024-10-14 23:16:30.090672 Quebec: X-ray, sending you 5
chatterbot Foxtrot submitting transactions
chatterbot Victor submitting transactions
chatterbot Yankee submitting transactions
chatterbot Whiskey submitting transactions
chatterbot Charlie submitting transactions
chatterbot Juliett submitting transactions
chatterbot November submitting transactions
chatterbot X-ray submitting transactions
chatterbot Uniform submitting transactions
chatterbot Quebec submitting transactions
ChatterBot November round 2
ChatterBot Uniform round 2
ChatterBot Foxtrot round 2
ChatterBot Whiskey round 2
2024-10-14 23:16:35.917234 November: Group up?
ChatterBot Yankee reevaluating
ChatterBot Charlie reevaluating
ChatterBot Juliett reevaluating
ChatterBot Victor reevaluating
ChatterBot Quebec reevaluating
ChatterBot X-ray reevaluating
2024-10-14 23:16:36.048495 Uniform: No
2024-10-14 23:16:36.048783 Foxtrot: No
2024-10-14 23:16:36.048968 Whiskey: No
2024-10-14 23:16:36.049141 Yankee: No
2024-10-14 23:16:36.049795 Charlie: No
2024-10-14 23:16:36.049960 Juliett: No
2024-10-14 23:16:36.050134 Victor: No
2024-10-14 23:16:36.050296 Quebec: No
2024-10-14 23:16:36.050447 X-ray: No
ChatterBot Yankee reevaluating
ChatterBot Charlie reevaluating
ChatterBot Juliett reevaluating
ChatterBot Victor reevaluating
ChatterBot Quebec reevaluating
ChatterBot X-ray reevaluating
ChatterBot Yankee reevaluating
ChatterBot Charlie reevaluating
ChatterBot Juliett reevaluating
ChatterBot Victor reevaluating
ChatterBot Quebec reevaluating
ChatterBot X-ray reevaluating
ChatterBot Yankee reevaluating
ChatterBot Charlie reevaluating
ChatterBot Juliett reevaluating
ChatterBot Victor reevaluating
ChatterBot Quebec reevaluating
ChatterBot X-ray reevaluating
ChatterBot Charlie reevaluating
ChatterBot Juliett reevaluating
ChatterBot Victor reevaluating
ChatterBot Quebec reevaluating
ChatterBot X-ray reevaluating
ChatterBot Yankee reevaluating
ChatterBot Juliett reevaluating
ChatterBot Victor reevaluating
ChatterBot Quebec reevaluating
ChatterBot X-ray reevaluating
ChatterBot Yankee reevaluating
ChatterBot Charlie reevaluating
ChatterBot Victor reevaluating
ChatterBot Quebec reevaluating
ChatterBot X-ray reevaluating
ChatterBot Yankee reevaluating
ChatterBot Charlie reevaluating
ChatterBot Juliett reevaluating
ChatterBot Quebec reevaluating
ChatterBot X-ray reevaluating
ChatterBot Yankee reevaluating
ChatterBot Charlie reevaluating
ChatterBot Juliett reevaluating
ChatterBot Victor reevaluating
ChatterBot X-ray reevaluating
ChatterBot Yankee reevaluating
ChatterBot Charlie reevaluating
ChatterBot Juliett reevaluating
ChatterBot Victor reevaluating
ChatterBot Quebec reevaluating
ChatterBot Juliett round 2
ChatterBot Victor round 2
ChatterBot Yankee round 2
ChatterBot Charlie round 2
ChatterBot Quebec round 2
ChatterBot X-ray round 2
2024-10-14 23:16:37.032847 Victor: We should group up
ChatterBot Quebec reevaluating
ChatterBot X-ray reevaluating
2024-10-14 23:16:37.044849 Juliett: No
2024-10-14 23:16:37.045028 Quebec: No
2024-10-14 23:16:37.045151 X-ray: No
2024-10-14 23:16:37.045256 November: Yes
ChatterBot Quebec reevaluating
ChatterBot X-ray reevaluating
ChatterBot X-ray reevaluating
ChatterBot Quebec reevaluating
ChatterBot Quebec reevaluating
ChatterBot X-ray reevaluating
2024-10-14 23:16:37.133045 November: Uniform, Whiskey, Yankee and Charlie, sending you 2
2024-10-14 23:16:37.141700 Whiskey: November, Yankee and Charlie, sending you 3
2024-10-14 23:16:37.143092 Juliett: Victor and X-ray, sending you 6
2024-10-14 23:16:37.143563 November: Foxtrot, Juliett and Quebec, sending you 3
2024-10-14 23:16:37.144689 Foxtrot: November and Uniform, sending you 4
2024-10-14 23:16:37.145180 X-ray: Juliett and Victor, sending you 5
2024-10-14 23:16:37.145567 Yankee: November and Whiskey, sending you 4
2024-10-14 23:16:37.146752 Uniform: November, sending you 4
2024-10-14 23:16:37.147204 Victor: November, sending you 3
2024-10-14 23:16:37.148851 Whiskey: Uniform and Foxtrot, sending you 4
2024-10-14 23:16:37.149532 Juliett: Quebec, sending you 5
2024-10-14 23:16:37.150477 November: Victor and X-ray, sending you 1
2024-10-14 23:16:37.151005 X-ray: Quebec, sending you 7
2024-10-14 23:16:37.151357 Foxtrot: Whiskey, sending you 2
2024-10-14 23:16:37.152326 Yankee: Uniform and Foxtrot, sending you 3
2024-10-14 23:16:37.152785 Victor: Juliett, Quebec and X-ray, sending you 5
2024-10-14 23:16:37.153165 Uniform: Foxtrot and Charlie, sending you 3
2024-10-14 23:16:37.154064 Charlie: November, Uniform, Juliett, Victor and Yankee, sending you 1
2024-10-14 23:16:37.154688 Quebec: Juliett and X-ray, sending you 4
2024-10-14 23:16:37.155094 Foxtrot: Yankee and Charlie, sending you 3
2024-10-14 23:16:37.162042 Charlie: Foxtrot, Quebec and X-ray, sending you 2
2024-10-14 23:16:37.162824 Yankee: Charlie, sending you 1
2024-10-14 23:16:37.164073 Uniform: Whiskey, sending you 1
2024-10-14 23:16:37.164606 Quebec: Victor, sending you 10
2024-10-14 23:16:37.188050 Uniform: Yankee, sending you 6
2024-10-14 23:16:37.189305 Charlie: Whiskey, sending you 5
chatterbot Foxtrot submitting transactions
chatterbot Yankee submitting transactions
chatterbot Whiskey submitting transactions
chatterbot X-ray submitting transactions
chatterbot Uniform submitting transactions
chatterbot Juliett submitting transactions
chatterbot November submitting transactions
chatterbot Victor submitting transactions
chatterbot Charlie submitting transactions
chatterbot Quebec submitting transactions
ChatterBot November round 3
ChatterBot Uniform round 3
ChatterBot Foxtrot round 3
ChatterBot Whiskey round 3
ChatterBot Juliett round 3
ChatterBot Victor round 3
ChatterBot Yankee round 3
ChatterBot Charlie round 3
ChatterBot Quebec round 3
ChatterBot X-ray round 3
2024-10-14 23:16:38.464268 Quebec: We should add November
2024-10-14 23:16:38.470434 Juliett: No
2024-10-14 23:16:38.470603 Victor: Yes
2024-10-14 23:16:38.470745 X-ray: No
ChatterBot Quebec reevaluating
ChatterBot X-ray reevaluating
ChatterBot Quebec reevaluating
ChatterBot X-ray reevaluating
ChatterBot Victor reevaluating
ChatterBot Quebec reevaluating
2024-10-14 23:16:38.492856 Victor: We should replace November with Charlie
ChatterBot Quebec reevaluating
ChatterBot X-ray reevaluating
2024-10-14 23:16:38.501932 Juliett: No
2024-10-14 23:16:38.502054 Quebec: No
2024-10-14 23:16:38.502151 X-ray: Yes
ChatterBot Victor reevaluating
ChatterBot Quebec reevaluating
ChatterBot X-ray reevaluating
ChatterBot Victor reevaluating
ChatterBot X-ray reevaluating
ChatterBot Victor reevaluating
ChatterBot Quebec reevaluating
2024-10-14 23:16:38.534985 November: Uniform, Whiskey and Yankee, sending you 4
2024-10-14 23:16:38.535674 Uniform: November and Whiskey, sending you 3
2024-10-14 23:16:38.536690 Charlie: November and Yankee, sending you 2
2024-10-14 23:16:38.538673 November: Foxtrot, sending you 5
2024-10-14 23:16:38.539067 Uniform: Foxtrot, sending you 4
2024-10-14 23:16:38.541799 Victor: Charlie we want you to join our group
2024-10-14 23:16:38.544444 Charlie: No
ChatterBot Victor reevaluating
2024-10-14 23:16:38.554857 Charlie: Uniform, sending you 3
2024-10-14 23:16:38.555178 Juliett: Victor and X-ray, sending you 6
2024-10-14 23:16:38.555856 Uniform: Yankee, sending you 5
2024-10-14 23:16:38.556209 November: Charlie, sending you 2
2024-10-14 23:16:38.556589 Foxtrot: November, sending you 4
2024-10-14 23:16:38.557721 Whiskey: November, Uniform and Foxtrot, sending you 3
2024-10-14 23:16:38.558794 Juliett: Quebec, sending you 5
2024-10-14 23:16:38.559663 Charlie: Foxtrot, sending you 4
2024-10-14 23:16:38.560716 Uniform: Charlie, sending you 2
2024-10-14 23:16:38.561130 Foxtrot: Uniform, Whiskey, Yankee and Charlie, sending you 3
2024-10-14 23:16:38.561495 Yankee: November, Foxtrot and Whiskey, sending you 3
2024-10-14 23:16:38.561889 X-ray: Juliett and Quebec, sending you 6
2024-10-14 23:16:38.562687 Whiskey: Yankee and Charlie, sending you 4
2024-10-14 23:16:38.563708 Charlie: Whiskey, sending you 5
2024-10-14 23:16:38.564676 X-ray: Victor, sending you 5
2024-10-14 23:16:38.565699 Quebec: Juliett, sending you 5
2024-10-14 23:16:38.566091 Yankee: Uniform, sending you 4
2024-10-14 23:16:38.568718 Quebec: Victor, sending you 6
2024-10-14 23:16:38.570872 Yankee: Charlie, sending you 2
2024-10-14 23:16:38.571704 Quebec: X-ray, sending you 7
2024-10-14 23:16:38.584688 Victor: November and X-ray, sending you 4
2024-10-14 23:16:38.588693 Victor: Juliett and Quebec, sending you 5
chatterbot Uniform submitting transactions
chatterbot Quebec submitting transactions
chatterbot Juliett submitting transactions
chatterbot Yankee submitting transactions
chatterbot Foxtrot submitting transactions
chatterbot X-ray submitting transactions
chatterbot November submitting transactions
chatterbot Charlie submitting transactions
chatterbot Whiskey submitting transactions
chatterbot Victor submitting transactions
ChatterBot November round 4
ChatterBot Uniform round 4
ChatterBot Foxtrot round 4
ChatterBot Whiskey round 4
ChatterBot Juliett round 4
ChatterBot Victor round 4
ChatterBot Yankee round 4
ChatterBot Charlie round 4
ChatterBot Quebec round 4
ChatterBot X-ray round 4
2024-10-14 23:16:39.659682 November: Uniform, Whiskey and Yankee, sending you 4
2024-10-14 23:16:39.664664 November: Foxtrot, sending you 5
2024-10-14 23:16:39.665117 Victor: November, sending you 3
2024-10-14 23:16:39.666696 Uniform: November, Whiskey and Charlie, sending you 3
2024-10-14 23:16:39.667660 Yankee: November, Foxtrot and Whiskey, sending you 3
2024-10-14 23:16:39.668475 November: Charlie, sending you 2
2024-10-14 23:16:39.668973 Victor: Juliett, Quebec and X-ray, sending you 5
2024-10-14 23:16:39.669288 Whiskey: November, Uniform, Foxtrot and Yankee, sending you 3
2024-10-14 23:16:39.669699 Uniform: Foxtrot and Yankee, sending you 4
2024-10-14 23:16:39.671673 Yankee: Uniform, sending you 4
2024-10-14 23:16:39.674671 Whiskey: Charlie, sending you 5
2024-10-14 23:16:39.675219 Yankee: Charlie, sending you 2
2024-10-14 23:16:39.675702 Charlie: November and Uniform, sending you 3
2024-10-14 23:16:39.676186 Foxtrot: November, sending you 4
2024-10-14 23:16:39.676699 Quebec: Sending you each 6
2024-10-14 23:16:39.678046 Juliett: Victor and X-ray, sending you 6
2024-10-14 23:16:39.680689 Charlie: Foxtrot and Whiskey, sending you 4
2024-10-14 23:16:39.681563 Juliett: Quebec, sending you 5
2024-10-14 23:16:39.681880 Foxtrot: Uniform, Whiskey, Yankee and Charlie, sending you 3
2024-10-14 23:16:39.682323 X-ray: Juliett and Quebec, sending you 6
2024-10-14 23:16:39.683722 Charlie: Yankee, sending you 2
2024-10-14 23:16:39.686671 X-ray: Victor, sending you 5
chatterbot Juliett submitting transactions
chatterbot Whiskey submitting transactions
chatterbot Quebec submitting transactions
chatterbot Yankee submitting transactions
chatterbot Victor submitting transactions
chatterbot Charlie submitting transactions
chatterbot Uniform submitting transactions
chatterbot November submitting transactions
chatterbot X-ray submitting transactions
chatterbot Foxtrot submitting transactions
ChatterBot November round 5
ChatterBot Uniform round 5
ChatterBot Foxtrot round 5
ChatterBot Whiskey round 5
ChatterBot Juliett round 5
ChatterBot Victor round 5
ChatterBot Yankee round 5
ChatterBot Charlie round 5
ChatterBot Quebec round 5
ChatterBot X-ray round 5
2024-10-14 23:16:40.862106 Victor: We should replace November with Charlie
2024-10-14 23:16:40.869239 Juliett: No
2024-10-14 23:16:40.869419 Quebec: No
2024-10-14 23:16:40.869576 X-ray: No
ChatterBot Victor reevaluating
ChatterBot Victor reevaluating
ChatterBot Victor reevaluating
2024-10-14 23:16:40.903926 Victor: Charlie we want you to join our group
2024-10-14 23:16:40.906717 Charlie: No
ChatterBot Victor reevaluating
2024-10-14 23:16:40.916247 November: Uniform, Whiskey and Yankee, sending you 4
2024-10-14 23:16:40.917357 Charlie: November and Uniform, sending you 3
2024-10-14 23:16:40.917808 Yankee: November, Foxtrot and Whiskey, sending you 3
2024-10-14 23:16:40.920663 Charlie: Foxtrot and Whiskey, sending you 4
2024-10-14 23:16:40.921244 Foxtrot: November, sending you 4
2024-10-14 23:16:40.921761 November: Foxtrot, sending you 5
2024-10-14 23:16:40.922836 Uniform: November, Foxtrot and Yankee, sending you 4
2024-10-14 23:16:40.923493 Whiskey: November, Uniform, Foxtrot and Yankee, sending you 3
2024-10-14 23:16:40.924211 X-ray: Juliett and Quebec, sending you 6
2024-10-14 23:16:40.925184 Yankee: Uniform, sending you 4
2024-10-14 23:16:40.925856 Juliett: Victor and X-ray, sending you 6
2024-10-14 23:16:40.926400 Quebec: Same as last round
2024-10-14 23:16:40.926874 Charlie: Yankee, sending you 2
2024-10-14 23:16:40.928009 Foxtrot: Uniform, Whiskey, Yankee and Charlie, sending you 3
2024-10-14 23:16:40.928776 November: Charlie, sending you 2
2024-10-14 23:16:40.929456 Uniform: Whiskey, sending you 3
2024-10-14 23:16:40.930600 Whiskey: Charlie, sending you 5
2024-10-14 23:16:40.931281 X-ray: Victor, sending you 5
2024-10-14 23:16:40.931687 Yankee: Charlie, sending you 2
2024-10-14 23:16:40.932350 Juliett: Quebec, sending you 5
2024-10-14 23:16:40.932848 Uniform: Charlie, sending you 2
2024-10-14 23:16:40.939677 Victor: November, sending you 3
2024-10-14 23:16:40.943691 Victor: Juliett, Quebec and X-ray, sending you 5
chatterbot X-ray submitting transactions
chatterbot Whiskey submitting transactions
chatterbot Yankee submitting transactions
chatterbot Foxtrot submitting transactions
chatterbot Charlie submitting transactions
chatterbot Juliett submitting transactions
chatterbot Uniform submitting transactions
chatterbot November submitting transactions
chatterbot Quebec submitting transactions
chatterbot Victor submitting transactions
ChatterBot November round 6
ChatterBot Uniform round 6
ChatterBot Foxtrot round 6
ChatterBot Whiskey round 6
ChatterBot Juliett round 6
ChatterBot Victor round 6
ChatterBot Yankee round 6
ChatterBot Charlie round 6
ChatterBot Quebec round 6
ChatterBot X-ray round 6
2024-10-14 23:16:42.092697 Foxtrot: November, sending you 4
2024-10-14 23:16:42.093799 Uniform: November and Yankee, sending you 4
2024-10-14 23:16:42.094705 Whiskey: November and Charlie, sending you 4
2024-10-14 23:16:42.096325 Juliett: Victor and X-ray, sending you 6
2024-10-14 23:16:42.096778 Foxtrot: Uniform, Whiskey, Yankee and Charlie, sending you 3
2024-10-14 23:16:42.097703 Uniform: Foxtrot, Whiskey and Charlie, sending you 3
2024-10-14 23:16:42.099627 Whiskey: Uniform, Foxtrot and Yankee, sending you 3
2024-10-14 23:16:42.100482 November: Uniform, Whiskey and Yankee, sending you 4
2024-10-14 23:16:42.101037 Juliett: Quebec, sending you 5
2024-10-14 23:16:42.103666 Yankee: November, Foxtrot and Whiskey, sending you 3
2024-10-14 23:16:42.104726 Quebec: Same as last round
2024-10-14 23:16:42.105244 November: Foxtrot, sending you 5
2024-10-14 23:16:42.105811 Charlie: November and Uniform, sending you 3
2024-10-14 23:16:42.106914 X-ray: Juliett and Quebec, sending you 6
2024-10-14 23:16:42.107245 Victor: November, sending you 3
2024-10-14 23:16:42.107534 Yankee: Uniform, sending you 4
2024-10-14 23:16:42.110911 November: Charlie, sending you 2
2024-10-14 23:16:42.111515 X-ray: Victor, sending you 5
2024-10-14 23:16:42.111951 Charlie: Foxtrot and Whiskey, sending you 4
2024-10-14 23:16:42.112549 Victor: Juliett, Quebec and X-ray, sending you 5
2024-10-14 23:16:42.112906 Yankee: Charlie, sending you 2
2024-10-14 23:16:42.115669 Charlie: Yankee, sending you 2
chatterbot Yankee submitting transactions
chatterbot Uniform submitting transactions
chatterbot Juliett submitting transactions
chatterbot November submitting transactions
chatterbot Foxtrot submitting transactions
chatterbot X-ray submitting transactions
chatterbot Charlie submitting transactions
chatterbot Quebec submitting transactions
chatterbot Whiskey submitting transactions
chatterbot Victor submitting transactions
ChatterBot November round 7
ChatterBot Uniform round 7
ChatterBot Foxtrot round 7
ChatterBot Whiskey round 7
ChatterBot Juliett round 7
ChatterBot Victor round 7
ChatterBot Yankee round 7
ChatterBot Charlie round 7
ChatterBot Quebec round 7
ChatterBot X-ray round 7
2024-10-14 23:16:43.329919 Victor: We should replace November with Charlie
2024-10-14 23:16:43.337919 Juliett: No
2024-10-14 23:16:43.338186 Quebec: No
2024-10-14 23:16:43.338347 X-ray: No
ChatterBot Victor reevaluating
ChatterBot Victor reevaluating
ChatterBot Victor reevaluating
2024-10-14 23:16:43.370684 Uniform: November and Yankee, sending you 4
2024-10-14 23:16:43.373743 Foxtrot: November, sending you 4
2024-10-14 23:16:43.375210 Uniform: Foxtrot, Whiskey and Charlie, sending you 3
2024-10-14 23:16:43.378023 Charlie: November and Uniform, sending you 3
2024-10-14 23:16:43.379711 Foxtrot: Uniform, Whiskey, Yankee and Charlie, sending you 3
2024-10-14 23:16:43.380950 Whiskey: November and Charlie, sending you 4
2024-10-14 23:16:43.383668 Charlie: Foxtrot and Whiskey, sending you 4
2024-10-14 23:16:43.384329 Juliett: Victor, sending you 5
2024-10-14 23:16:43.384817 Whiskey: Uniform, Foxtrot and Yankee, sending you 3
2024-10-14 23:16:43.385835 Yankee: November, sending you 4
2024-10-14 23:16:43.386689 November: Uniform, Whiskey and Yankee, sending you 4
2024-10-14 23:16:43.387757 Charlie: Yankee, sending you 2
2024-10-14 23:16:43.388700 Juliett: Quebec and X-ray, sending you 6
2024-10-14 23:16:43.390003 Quebec: Same as last round
2024-10-14 23:16:43.390658 Yankee: Uniform, Foxtrot and Whiskey, sending you 3
2024-10-14 23:16:43.391688 November: Foxtrot, sending you 5
2024-10-14 23:16:43.392821 X-ray: Juliett and Quebec, sending you 6
2024-10-14 23:16:43.394691 Yankee: Charlie, sending you 2
2024-10-14 23:16:43.395756 November: Charlie, sending you 2
2024-10-14 23:16:43.397055 Victor: November, sending you 3
2024-10-14 23:16:43.397681 X-ray: Victor, sending you 5
2024-10-14 23:16:43.400686 Victor: Juliett, Quebec and X-ray, sending you 5
chatterbot November submitting transactions
chatterbot Victor submitting transactions
chatterbot Charlie submitting transactions
chatterbot X-ray submitting transactions
chatterbot Quebec submitting transactions
chatterbot Juliett submitting transactions
chatterbot Yankee submitting transactions
chatterbot Whiskey submitting transactions
chatterbot Foxtrot submitting transactions
chatterbot Uniform submitting transactions
ChatterBot November round 8
ChatterBot Uniform round 8
ChatterBot Foxtrot round 8
ChatterBot Whiskey round 8
ChatterBot Juliett round 8
ChatterBot Victor round 8
ChatterBot Yankee round 8
ChatterBot Charlie round 8
ChatterBot Quebec round 8
ChatterBot X-ray round 8
2024-10-14 23:16:44.595529 Whiskey: November and Charlie, sending you 4
2024-10-14 23:16:44.596698 Uniform: November and Yankee, sending you 4
2024-10-14 23:16:44.600727 Whiskey: Uniform, Foxtrot and Yankee, sending you 3
2024-10-14 23:16:44.602011 X-ray: Juliett and Quebec, sending you 6
2024-10-14 23:16:44.602708 Uniform: Foxtrot, Whiskey and Charlie, sending you 3
2024-10-14 23:16:44.604281 November: Uniform, Whiskey and Yankee, sending you 4
2024-10-14 23:16:44.604902 Charlie: November and Uniform, sending you 3
2024-10-14 23:16:44.605765 Quebec: Same as last round
2024-10-14 23:16:44.606682 X-ray: Victor, sending you 5
2024-10-14 23:16:44.607879 Juliett: Victor, sending you 5
2024-10-14 23:16:44.608703 November: Foxtrot, sending you 5
2024-10-14 23:16:44.609868 Charlie: Foxtrot and Whiskey, sending you 4
2024-10-14 23:16:44.611113 Foxtrot: November, sending you 4
2024-10-14 23:16:44.612452 Juliett: Quebec and X-ray, sending you 6
2024-10-14 23:16:44.612874 Victor: November, sending you 3
2024-10-14 23:16:44.614686 November: Charlie, sending you 2
2024-10-14 23:16:44.616172 Charlie: Yankee, sending you 2
2024-10-14 23:16:44.616846 Foxtrot: Uniform, Whiskey, Yankee and Charlie, sending you 3
2024-10-14 23:16:44.617551 Yankee: November, sending you 4
2024-10-14 23:16:44.618167 Victor: Juliett, Quebec and X-ray, sending you 5
2024-10-14 23:16:44.620670 Yankee: Uniform, Foxtrot and Whiskey, sending you 3
2024-10-14 23:16:44.626672 Yankee: Charlie, sending you 2
chatterbot Yankee submitting transactions
chatterbot X-ray submitting transactions
chatterbot Whiskey submitting transactions
chatterbot Uniform submitting transactions
chatterbot Juliett submitting transactions
chatterbot Victor submitting transactions
chatterbot Foxtrot submitting transactions
chatterbot Quebec submitting transactions
chatterbot November submitting transactions
chatterbot Charlie submitting transactions
ChatterBot November round 9
ChatterBot Uniform round 9
ChatterBot Foxtrot round 9
ChatterBot Whiskey round 9
ChatterBot Juliett round 9
ChatterBot Victor round 9
ChatterBot Yankee round 9
ChatterBot Charlie round 9
ChatterBot Quebec round 9
ChatterBot X-ray round 9
2024-10-14 23:16:45.712043 Victor: We should replace November with Charlie
2024-10-14 23:16:45.726647 Juliett: No
2024-10-14 23:16:45.727064 Quebec: No
2024-10-14 23:16:45.727376 X-ray: No
ChatterBot Victor reevaluating
2024-10-14 23:16:45.781739 Victor: We should replace November with Whiskey
2024-10-14 23:16:45.796745 Juliett: No
2024-10-14 23:16:45.797118 Quebec: No
2024-10-14 23:16:45.797369 X-ray: No
ChatterBot Victor reevaluating
ChatterBot Victor reevaluating
ChatterBot Victor reevaluating
2024-10-14 23:16:45.842496 Uniform: November and Yankee, sending you 4
2024-10-14 23:16:45.848685 Juliett: Victor, sending you 5
2024-10-14 23:16:45.851902 Whiskey: November and Charlie, sending you 4
2024-10-14 23:16:45.855664 Uniform: Foxtrot, Whiskey and Charlie, sending you 3
2024-10-14 23:16:45.859361 Yankee: November, sending you 4
2024-10-14 23:16:45.862863 November: Uniform, Foxtrot, Whiskey and Yankee, sending you 4
2024-10-14 23:16:45.865804 Foxtrot: November, sending you 4
2024-10-14 23:16:45.868947 Charlie: November and Uniform, sending you 3
2024-10-14 23:16:45.871679 Juliett: Quebec and X-ray, sending you 6
2024-10-14 23:16:45.873220 Whiskey: Uniform, Foxtrot and Yankee, sending you 3
2024-10-14 23:16:45.876388 Yankee: Uniform, Foxtrot and Whiskey, sending you 3
2024-10-14 23:16:45.880065 November: Charlie, sending you 3
2024-10-14 23:16:45.882715 Foxtrot: Uniform, Whiskey, Yankee and Charlie, sending you 3
2024-10-14 23:16:45.885630 X-ray: Juliett and Quebec, sending you 6
2024-10-14 23:16:45.887384 Charlie: Foxtrot and Whiskey, sending you 4
2024-10-14 23:16:45.889583 Quebec: Same as last round
2024-10-14 23:16:45.891090 Yankee: Charlie, sending you 2
2024-10-14 23:16:45.893266 X-ray: Victor, sending you 5
2024-10-14 23:16:45.894741 Charlie: Yankee, sending you 2
2024-10-14 23:16:45.896757 Victor: November, sending you 3
2024-10-14 23:16:45.907546 Victor: Juliett, Quebec and X-ray, sending you 5
chatterbot Uniform submitting transactions
chatterbot Foxtrot submitting transactions
chatterbot Juliett submitting transactions
chatterbot November submitting transactions
chatterbot Yankee submitting transactions
chatterbot Charlie submitting transactions
chatterbot X-ray submitting transactions
chatterbot Victor submitting transactions
chatterbot Whiskey submitting transactions
chatterbot Quebec submitting transactions
ChatterBot November round 10
ChatterBot Uniform round 10
ChatterBot Foxtrot round 10
ChatterBot Whiskey round 10
ChatterBot Juliett round 10
ChatterBot Victor round 10
ChatterBot Yankee round 10
ChatterBot Charlie round 10
ChatterBot Quebec round 10
ChatterBot X-ray round 10
2024-10-14 23:16:47.052181 Victor: We should replace November with Foxtrot
2024-10-14 23:16:47.072446 Juliett: No
2024-10-14 23:16:47.072994 Quebec: No
2024-10-14 23:16:47.073947 X-ray: No
ChatterBot Victor reevaluating
ChatterBot Victor reevaluating
ChatterBot Victor reevaluating
2024-10-14 23:16:47.115102 Victor: We should replace November with Whiskey
2024-10-14 23:16:47.123962 Juliett: No
2024-10-14 23:16:47.124154 Quebec: No
2024-10-14 23:16:47.124865 X-ray: No
ChatterBot Victor reevaluating
ChatterBot Victor reevaluating
ChatterBot Victor reevaluating
2024-10-14 23:16:47.153668 Foxtrot: November, sending you 4
2024-10-14 23:16:47.156011 Uniform: November and Yankee, sending you 4
2024-10-14 23:16:47.157824 November: Uniform, Foxtrot, Whiskey and Yankee, sending you 4
2024-10-14 23:16:47.158869 Juliett: Victor, sending you 5
2024-10-14 23:16:47.160089 Whiskey: November and Charlie, sending you 4
2024-10-14 23:16:47.161604 Foxtrot: Uniform, Whiskey, Yankee and Charlie, sending you 3
2024-10-14 23:16:47.162648 Uniform: Foxtrot, Whiskey and Charlie, sending you 3
2024-10-14 23:16:47.164291 November: Charlie, sending you 3
2024-10-14 23:16:47.165931 Juliett: Quebec and X-ray, sending you 6
2024-10-14 23:16:47.167302 Quebec: Same as last round
2024-10-14 23:16:47.168073 Whiskey: Uniform, Foxtrot and Yankee, sending you 3
2024-10-14 23:16:47.170083 Charlie: November, Uniform, Foxtrot and Yankee, sending you 3
2024-10-14 23:16:47.172154 X-ray: Juliett and Quebec, sending you 6
2024-10-14 23:16:47.173059 Yankee: November, sending you 4
2024-10-14 23:16:47.176669 Charlie: Whiskey, sending you 4
2024-10-14 23:16:47.178881 X-ray: Victor, sending you 5
2024-10-14 23:16:47.179832 Yankee: Uniform, Foxtrot and Whiskey, sending you 3
2024-10-14 23:16:47.184692 Yankee: Charlie, sending you 2
2024-10-14 23:16:47.187079 Victor: November, sending you 3
2024-10-14 23:16:47.192700 Victor: Juliett, Quebec and X-ray, sending you 5
chatterbot Juliett submitting transactions
chatterbot Uniform submitting transactions
chatterbot X-ray submitting transactions
chatterbot Charlie submitting transactions
chatterbot Foxtrot submitting transactions
chatterbot Yankee submitting transactions
chatterbot November submitting transactions
chatterbot Whiskey submitting transactions
chatterbot Quebec submitting transactions
chatterbot Victor submitting transactions
ChatterBot November round 11
ChatterBot Uniform round 11
ChatterBot Foxtrot round 11
ChatterBot Whiskey round 11
ChatterBot Juliett round 11
ChatterBot Victor round 11
ChatterBot Yankee round 11
ChatterBot Charlie round 11
ChatterBot Quebec round 11
ChatterBot X-ray round 11
2024-10-14 23:16:48.400657 Whiskey: November and Charlie, sending you 4
2024-10-14 23:16:48.405700 Whiskey: Uniform, Foxtrot and Yankee, sending you 3
2024-10-14 23:16:48.409521 Juliett: Victor, sending you 5
2024-10-14 23:16:48.411804 Victor: November, sending you 3
2024-10-14 23:16:48.413207 Quebec: Same as last round
2024-10-14 23:16:48.415021 Uniform: November, sending you 5
2024-10-14 23:16:48.417100 Yankee: November, sending you 4
2024-10-14 23:16:48.418282 Foxtrot: November, sending you 4
2024-10-14 23:16:48.420519 Juliett: Quebec and X-ray, sending you 6
2024-10-14 23:16:48.422527 November: Uniform, Foxtrot, Whiskey and Yankee, sending you 4
2024-10-14 23:16:48.424512 Victor: Juliett, Quebec and X-ray, sending you 5
2024-10-14 23:16:48.425907 Uniform: Foxtrot, Whiskey, Yankee and Charlie, sending you 3
2024-10-14 23:16:48.427202 Yankee: Uniform, Foxtrot and Whiskey, sending you 3
2024-10-14 23:16:48.429943 Foxtrot: Uniform, Whiskey, Yankee and Charlie, sending you 3
2024-10-14 23:16:48.432136 Charlie: November, Uniform, Foxtrot and Yankee, sending you 3
2024-10-14 23:16:48.434156 November: Charlie, sending you 3
2024-10-14 23:16:48.435980 Yankee: Charlie, sending you 2
2024-10-14 23:16:48.438182 Charlie: Whiskey, sending you 4
2024-10-14 23:16:48.440005 X-ray: Juliett and Quebec, sending you 6
2024-10-14 23:16:48.443706 X-ray: Victor, sending you 5
chatterbot Yankee submitting transactions
chatterbot Victor submitting transactions
chatterbot Uniform submitting transactions
chatterbot November submitting transactions
chatterbot Charlie submitting transactions
chatterbot Foxtrot submitting transactions
chatterbot Juliett submitting transactions
chatterbot Whiskey submitting transactions
chatterbot Quebec submitting transactions
chatterbot X-ray submitting transactions
ChatterBot November round 12
ChatterBot Uniform round 12
ChatterBot Foxtrot round 12
ChatterBot Whiskey round 12
ChatterBot Juliett round 12
ChatterBot Victor round 12
ChatterBot Yankee round 12
ChatterBot Charlie round 12
ChatterBot Quebec round 12
ChatterBot X-ray round 12
2024-10-14 23:16:49.735850 Charlie: November, Uniform, Foxtrot and Yankee, sending you 3
2024-10-14 23:16:49.738248 Foxtrot: November, sending you 4
2024-10-14 23:16:49.740642 Juliett: Victor, sending you 5
2024-10-14 23:16:49.742383 Uniform: November, sending you 5
2024-10-14 23:16:49.744296 Victor: November, sending you 3
2024-10-14 23:16:49.745995 Yankee: November, sending you 4
2024-10-14 23:16:49.748204 November: Uniform, Foxtrot, Whiskey and Yankee, sending you 4
2024-10-14 23:16:49.750265 Whiskey: November and Charlie, sending you 4
2024-10-14 23:16:49.752605 Charlie: Whiskey, sending you 4
2024-10-14 23:16:49.755274 Foxtrot: Uniform, Whiskey, Yankee and Charlie, sending you 3
2024-10-14 23:16:49.758840 Juliett: Quebec and X-ray, sending you 6
2024-10-14 23:16:49.760227 Uniform: Foxtrot, Whiskey, Yankee and Charlie, sending you 3
2024-10-14 23:16:49.764029 Victor: Juliett, Quebec and X-ray, sending you 5
2024-10-14 23:16:49.765784 Yankee: Uniform, Foxtrot and Whiskey, sending you 3
2024-10-14 23:16:49.768517 November: Charlie, sending you 3
2024-10-14 23:16:49.770965 X-ray: Juliett and Quebec, sending you 6
2024-10-14 23:16:49.772761 Whiskey: Uniform, Foxtrot and Yankee, sending you 3
2024-10-14 23:16:49.775679 Quebec: Juliett, sending you 6
2024-10-14 23:16:49.777461 Yankee: Charlie, sending you 2
2024-10-14 23:16:49.779996 X-ray: Victor, sending you 5
2024-10-14 23:16:49.780952 Quebec: Victor, sending you 5
2024-10-14 23:16:49.793581 Quebec: X-ray, sending you 7
chatterbot Victor submitting transactions
chatterbot Foxtrot submitting transactions
chatterbot Charlie submitting transactions
chatterbot Quebec submitting transactions
chatterbot November submitting transactions
chatterbot Uniform submitting transactions
chatterbot Whiskey submitting transactions
chatterbot X-ray submitting transactions
chatterbot Yankee submitting transactions
chatterbot Juliett submitting transactions
ChatterBot November round 13
ChatterBot Uniform round 13
ChatterBot Foxtrot round 13
ChatterBot Whiskey round 13
ChatterBot Juliett round 13
ChatterBot Victor round 13
ChatterBot Yankee round 13
ChatterBot Charlie round 13
ChatterBot Quebec round 13
ChatterBot X-ray round 13
2024-10-14 23:16:50.768480 Victor: We should replace November with Whiskey
2024-10-14 23:16:50.776344 Juliett: No
2024-10-14 23:16:50.776532 Quebec: No
2024-10-14 23:16:50.776678 X-ray: No
ChatterBot Victor reevaluating
ChatterBot Victor reevaluating
ChatterBot Victor reevaluating
2024-10-14 23:16:50.816773 Whiskey: November and Charlie, sending you 4
2024-10-14 23:16:50.817985 Uniform: November, sending you 5
2024-10-14 23:16:50.820810 Victor: Whiskey we want you to join our group
2024-10-14 23:16:50.824564 Whiskey: No
ChatterBot Victor reevaluating
2024-10-14 23:16:50.835623 Whiskey: Uniform, Foxtrot and Yankee, sending you 3
2024-10-14 23:16:50.836751 November: Uniform, Foxtrot, Whiskey and Yankee, sending you 4
2024-10-14 23:16:50.838386 Uniform: Foxtrot, Whiskey, Yankee and Charlie, sending you 3
2024-10-14 23:16:50.840656 Juliett: Victor, sending you 5
2024-10-14 23:16:50.841669 November: Charlie, sending you 3
2024-10-14 23:16:50.843118 Quebec: Juliett, sending you 6
2024-10-14 23:16:50.843555 Charlie: November, Uniform, Foxtrot and Yankee, sending you 3
2024-10-14 23:16:50.844801 Foxtrot: November, sending you 4
2024-10-14 23:16:50.845423 X-ray: Juliett and Quebec, sending you 6
2024-10-14 23:16:50.845962 Yankee: November, sending you 4
2024-10-14 23:16:50.847034 Juliett: Quebec and X-ray, sending you 6
2024-10-14 23:16:50.847671 Quebec: Victor, sending you 5
2024-10-14 23:16:50.848865 Charlie: Whiskey, sending you 4
2024-10-14 23:16:50.850034 Foxtrot: Uniform, Whiskey, Yankee and Charlie, sending you 3
2024-10-14 23:16:50.851387 X-ray: Victor, sending you 5
2024-10-14 23:16:50.851875 Yankee: Uniform, Foxtrot and Whiskey, sending you 3
2024-10-14 23:16:50.852811 Quebec: X-ray, sending you 7
2024-10-14 23:16:50.857675 Yankee: Charlie, sending you 2
2024-10-14 23:16:50.861695 Victor: Whiskey, sending you 3
2024-10-14 23:16:50.864700 Victor: Juliett, Quebec and X-ray, sending you 5
chatterbot Foxtrot submitting transactions
chatterbot Victor submitting transactions
chatterbot Charlie submitting transactions
chatterbot X-ray submitting transactions
chatterbot Quebec submitting transactions
chatterbot November submitting transactions
chatterbot Uniform submitting transactions
chatterbot Whiskey submitting transactions
chatterbot Juliett submitting transactions
chatterbot Yankee submitting transactions
ChatterBot November round 14
ChatterBot Uniform round 14
ChatterBot Foxtrot round 14
ChatterBot Whiskey round 14
ChatterBot Juliett round 14
ChatterBot Victor round 14
ChatterBot Yankee round 14
ChatterBot Charlie round 14
ChatterBot Quebec round 14
ChatterBot X-ray round 14
2024-10-14 23:16:52.060652 Whiskey: November and Charlie, sending you 4
2024-10-14 23:16:52.062066 Victor: November, sending you 3
2024-10-14 23:16:52.063661 Foxtrot: November, sending you 4
2024-10-14 23:16:52.065166 Whiskey: Uniform, Foxtrot and Yankee, sending you 3
2024-10-14 23:16:52.066671 Uniform: November, sending you 5
2024-10-14 23:16:52.067663 Victor: Juliett, Quebec and X-ray, sending you 5
2024-10-14 23:16:52.069049 November: Uniform, Foxtrot, Whiskey and Yankee, sending you 4
2024-10-14 23:16:52.070288 Foxtrot: Uniform, Whiskey, Yankee and Charlie, sending you 3
2024-10-14 23:16:52.071997 Juliett: Victor, sending you 5
2024-10-14 23:16:52.072722 Uniform: Foxtrot, Whiskey, Yankee and Charlie, sending you 3
2024-10-14 23:16:52.074267 X-ray: Juliett and Quebec, sending you 6
2024-10-14 23:16:52.074933 Charlie: November, Uniform, Foxtrot and Yankee, sending you 3
2024-10-14 23:16:52.076496 November: Charlie, sending you 3
2024-10-14 23:16:52.077632 Juliett: Quebec and X-ray, sending you 6
2024-10-14 23:16:52.078687 Yankee: November, sending you 4
2024-10-14 23:16:52.080139 Quebec: Juliett, sending you 6
2024-10-14 23:16:52.080607 X-ray: Victor, sending you 5
2024-10-14 23:16:52.081060 Charlie: Whiskey, sending you 4
2024-10-14 23:16:52.082663 Quebec: Victor, sending you 5
2024-10-14 23:16:52.084669 Yankee: Uniform, Foxtrot and Whiskey, sending you 3
2024-10-14 23:16:52.086929 Quebec: X-ray, sending you 7
2024-10-14 23:16:52.089821 Yankee: Charlie, sending you 2
chatterbot Whiskey submitting transactions
