ChatterBot Yankee round 1
ChatterBot Tango round 1
ChatterBot Delta round 1
ChatterBot Juliett round 1
randomSelections Tango: {Tango, Delta, Zulu, Whiskey, Yankee, Oscar, Uniform} 
2024-10-14 23:16:29.729454 Tango: Can we be friends?
ChatterBot Delta reevaluating
ChatterBot Yankee reevaluating
2024-10-14 23:16:29.737053 Delta: Yes
2024-10-14 23:16:29.737228 Yankee: Yes
ChatterBot Yankee reevaluating
ChatterBot Delta reevaluating
ChatterBot Zulu round 1
ChatterBot Zulu reevaluating
ChatterBot Zulu reevaluating
ChatterBot Zulu reevaluating
2024-10-14 23:16:29.755701 Zulu: Yes
ChatterBot Delta reevaluating
ChatterBot Yankee reevaluating
ChatterBot Oscar round 1
ChatterBot Oscar reevaluating
ChatterBot Oscar reevaluating
ChatterBot Oscar reevaluating
ChatterBot Oscar reevaluating
2024-10-14 23:16:29.775360 Oscar: Yes
ChatterBot Delta reevaluating
ChatterBot Zulu reevaluating
ChatterBot Yankee reevaluating
ChatterBot Uniform round 1
ChatterBot Uniform reevaluating
ChatterBot Uniform reevaluating
ChatterBot Uniform reevaluating
ChatterBot Uniform reevaluating
ChatterBot Uniform reevaluating
2024-10-14 23:16:29.802237 Uniform: Yes
ChatterBot Delta reevaluating
ChatterBot Zulu reevaluating
ChatterBot Yankee reevaluating
ChatterBot Oscar reevaluating
ChatterBot Whiskey round 1
ChatterBot Whiskey reevaluating
ChatterBot Whiskey reevaluating
ChatterBot Whiskey reevaluating
ChatterBot Whiskey reevaluating
ChatterBot Whiskey reevaluating
ChatterBot Whiskey reevaluating
2024-10-14 23:16:29.832582 Whiskey: Yes
ChatterBot Delta reevaluating
ChatterBot Zulu reevaluating
ChatterBot Yankee reevaluating
ChatterBot Oscar reevaluating
ChatterBot Uniform reevaluating
ChatterBot Papa round 1
ChatterBot Charlie round 1
randomSelections Juliett: {Juliett, Yankee, Tango, Uniform, Oscar, Charlie, Zulu} 
2024-10-14 23:16:29.862851 Juliett: Let's form a team
ChatterBot Yankee reevaluating
ChatterBot Uniform reevaluating
ChatterBot Oscar reevaluating
ChatterBot Charlie reevaluating
ChatterBot Zulu reevaluating
2024-10-14 23:16:29.880482 Yankee: No
2024-10-14 23:16:29.880874 Tango: No
2024-10-14 23:16:29.881185 Uniform: No
2024-10-14 23:16:29.882230 Oscar: No
2024-10-14 23:16:29.882585 Charlie: Yes
2024-10-14 23:16:29.882778 Zulu: No
ChatterBot Uniform reevaluating
ChatterBot Oscar reevaluating
ChatterBot Charlie reevaluating
ChatterBot Zulu reevaluating
ChatterBot Yankee reevaluating
ChatterBot Uniform reevaluating
ChatterBot Oscar reevaluating
ChatterBot Charlie reevaluating
ChatterBot Zulu reevaluating
ChatterBot Yankee reevaluating
ChatterBot Oscar reevaluating
ChatterBot Charlie reevaluating
ChatterBot Zulu reevaluating
ChatterBot Yankee reevaluating
ChatterBot Uniform reevaluating
ChatterBot Charlie reevaluating
ChatterBot Zulu reevaluating
ChatterBot Yankee reevaluating
ChatterBot Uniform reevaluating
ChatterBot Oscar reevaluating
ChatterBot Zulu reevaluating
ChatterBot Yankee reevaluating
ChatterBot Uniform reevaluating
ChatterBot Oscar reevaluating
ChatterBot Charlie reevaluating
randomSelections Papa: {Papa, Delta, Juliett} 
2024-10-14 23:16:29.990619 Papa: Can we be friends?
ChatterBot Delta reevaluating
2024-10-14 23:16:29.995713 Delta: No
2024-10-14 23:16:29.996009 Juliett: No
ChatterBot Delta reevaluating
2024-10-14 23:16:30.012796 Tango: Yankee and Delta, sending you 3
2024-10-14 23:16:30.016712 Tango: Zulu, sending you 2
2024-10-14 23:16:30.019669 Tango: Oscar, sending you 1
2024-10-14 23:16:30.021665 Juliett: Yankee, sending you 6
2024-10-14 23:16:30.022028 Papa: Delta, sending you 9
2024-10-14 23:16:30.022712 Whiskey: Yankee, sending you 3
2024-10-14 23:16:30.023058 Tango: Uniform, sending you 5
2024-10-14 23:16:30.023672 Yankee: Oscar, sending you 1
2024-10-14 23:16:30.024372 Delta: Yankee, Tango and Uniform, sending you 3
2024-10-14 23:16:30.024654 Zulu: Yankee, Tango and Whiskey, sending you 3
2024-10-14 23:16:30.025730 Juliett: Tango, Oscar and Charlie, sending you 3
2024-10-14 23:16:30.026073 Whiskey: Tango, Oscar and Uniform, sending you 1
2024-10-14 23:16:30.026691 Oscar: Yankee, sending you 4
2024-10-14 23:16:30.027711 Papa: Juliett, sending you 10
2024-10-14 23:16:30.028024 Tango: Whiskey, sending you 4
2024-10-14 23:16:30.028332 Delta: Zulu, sending you 1
2024-10-14 23:16:30.029694 Zulu: Delta, sending you 2
2024-10-14 23:16:30.030125 Juliett: Uniform, sending you 2
2024-10-14 23:16:30.030498 Whiskey: Delta, sending you 2
2024-10-14 23:16:30.031686 Uniform: Yankee, sending you 5
2024-10-14 23:16:30.032697 Oscar: Tango, Delta and Zulu, sending you 2
2024-10-14 23:16:30.033690 Delta: Whiskey, sending you 2
2024-10-14 23:16:30.034588 Whiskey: Zulu, sending you 4
2024-10-14 23:16:30.034960 Zulu: Oscar, sending you 6
2024-10-14 23:16:30.035306 Uniform: Tango, sending you 2
2024-10-14 23:16:30.035712 Oscar: Uniform, sending you 3
2024-10-14 23:16:30.036686 Charlie: Yankee and Uniform, sending you 3
2024-10-14 23:16:30.037713 Zulu: Uniform, sending you 1
2024-10-14 23:16:30.039661 Oscar: Whiskey, sending you 1
2024-10-14 23:16:30.040756 Uniform: Delta, Zulu and Oscar, sending you 3
2024-10-14 23:16:30.041049 Charlie: Tango, sending you 4
2024-10-14 23:16:30.043818 Uniform: Whiskey, sending you 1
2024-10-14 23:16:30.044688 Charlie: Zulu, sending you 5
2024-10-14 23:16:30.047717 Charlie: Oscar, sending you 1
chatterbot Tango submitting transactions
chatterbot Yankee submitting transactions
chatterbot Uniform submitting transactions
chatterbot Zulu submitting transactions
chatterbot Juliett submitting transactions
chatterbot Charlie submitting transactions
chatterbot Whiskey submitting transactions
chatterbot Papa submitting transactions
chatterbot Oscar submitting transactions
chatterbot Delta submitting transactions
ChatterBot Yankee round 2
ChatterBot Tango round 2
ChatterBot Delta round 2
ChatterBot Juliett round 2
ChatterBot Zulu round 2
ChatterBot Oscar round 2
ChatterBot Uniform round 2
ChatterBot Whiskey round 2
2024-10-14 23:16:32.459565 Juliett: Friends?
ChatterBot Yankee reevaluating
ChatterBot Papa reevaluating
ChatterBot Charlie reevaluating
ChatterBot Delta reevaluating
2024-10-14 23:16:32.505486 Yankee: No
2024-10-14 23:16:32.505710 Papa: No
2024-10-14 23:16:32.505879 Charlie: No
2024-10-14 23:16:32.506043 Delta: No
ChatterBot Juliett reevaluating
ChatterBot Papa reevaluating
ChatterBot Charlie reevaluating
ChatterBot Delta reevaluating
ChatterBot Juliett reevaluating
ChatterBot Yankee reevaluating
ChatterBot Charlie reevaluating
ChatterBot Delta reevaluating
ChatterBot Juliett reevaluating
ChatterBot Yankee reevaluating
ChatterBot Papa reevaluating
ChatterBot Delta reevaluating
ChatterBot Juliett reevaluating
ChatterBot Yankee reevaluating
ChatterBot Papa reevaluating
ChatterBot Charlie reevaluating
2024-10-14 23:16:32.791742 Tango: We should replace Yankee with Charlie
ChatterBot Delta reevaluating
ChatterBot Uniform reevaluating
ChatterBot Zulu reevaluating
ChatterBot Oscar reevaluating
ChatterBot Whiskey reevaluating
2024-10-14 23:16:32.826325 Delta: No
2024-10-14 23:16:32.826566 Uniform: Yes
2024-10-14 23:16:32.827408 Zulu: Yes
2024-10-14 23:16:32.827738 Oscar: No
2024-10-14 23:16:32.827986 Whiskey: Yes
ChatterBot Uniform reevaluating
ChatterBot Zulu reevaluating
ChatterBot Oscar reevaluating
ChatterBot Whiskey reevaluating
ChatterBot Delta reevaluating
ChatterBot Zulu reevaluating
ChatterBot Oscar reevaluating
ChatterBot Whiskey reevaluating
ChatterBot Delta reevaluating
ChatterBot Uniform reevaluating
ChatterBot Oscar reevaluating
ChatterBot Whiskey reevaluating
ChatterBot Delta reevaluating
ChatterBot Uniform reevaluating
ChatterBot Zulu reevaluating
ChatterBot Whiskey reevaluating
ChatterBot Delta reevaluating
ChatterBot Uniform reevaluating
ChatterBot Zulu reevaluating
ChatterBot Oscar reevaluating
ChatterBot Papa round 2
ChatterBot Charlie round 2
2024-10-14 23:16:33.048029 Papa: We should drop Delta
ChatterBot Juliett reevaluating
2024-10-14 23:16:33.054048 Juliett: Yes
ChatterBot Papa reevaluating
2024-10-14 23:16:33.060774 Papa: We would work well together
ChatterBot Yankee reevaluating
ChatterBot Juliett reevaluating
ChatterBot Charlie reevaluating
2024-10-14 23:16:33.079939 Yankee: Yes
2024-10-14 23:16:33.080629 Juliett: No
2024-10-14 23:16:33.080844 Charlie: No
ChatterBot Papa reevaluating
ChatterBot Juliett reevaluating
ChatterBot Charlie reevaluating
ChatterBot Papa reevaluating
ChatterBot Yankee reevaluating
ChatterBot Charlie reevaluating
ChatterBot Papa reevaluating
ChatterBot Yankee reevaluating
ChatterBot Juliett reevaluating
2024-10-14 23:16:33.141105 Tango: Charlie we want you to join our group
2024-10-14 23:16:33.146876 Charlie: No
ChatterBot Uniform reevaluating
ChatterBot Zulu reevaluating
ChatterBot Oscar reevaluating
ChatterBot Whiskey reevaluating
2024-10-14 23:16:33.189013 Oscar: We should replace Yankee with Juliett
ChatterBot Uniform reevaluating
ChatterBot Whiskey reevaluating
2024-10-14 23:16:33.222426 Tango: No
2024-10-14 23:16:33.222643 Delta: No
2024-10-14 23:16:33.223310 Uniform: No
2024-10-14 23:16:33.223462 Zulu: No
2024-10-14 23:16:33.223602 Whiskey: No
ChatterBot Uniform reevaluating
ChatterBot Oscar reevaluating
ChatterBot Whiskey reevaluating
ChatterBot Uniform reevaluating
ChatterBot Oscar reevaluating
ChatterBot Whiskey reevaluating
ChatterBot Oscar reevaluating
ChatterBot Whiskey reevaluating
ChatterBot Uniform reevaluating
ChatterBot Oscar reevaluating
ChatterBot Whiskey reevaluating
ChatterBot Delta reevaluating
ChatterBot Uniform reevaluating
ChatterBot Oscar reevaluating
2024-10-14 23:16:33.393180 Delta: We should replace Yankee with Papa
ChatterBot Uniform reevaluating
ChatterBot Oscar reevaluating
ChatterBot Whiskey reevaluating
2024-10-14 23:16:33.426337 Tango: No
2024-10-14 23:16:33.426913 Uniform: No
2024-10-14 23:16:33.427099 Zulu: No
2024-10-14 23:16:33.427220 Oscar: No
2024-10-14 23:16:33.427374 Whiskey: Yes
ChatterBot Delta reevaluating
ChatterBot Uniform reevaluating
ChatterBot Oscar reevaluating
ChatterBot Whiskey reevaluating
ChatterBot Delta reevaluating
ChatterBot Oscar reevaluating
ChatterBot Whiskey reevaluating
ChatterBot Delta reevaluating
ChatterBot Uniform reevaluating
ChatterBot Oscar reevaluating
ChatterBot Whiskey reevaluating
ChatterBot Delta reevaluating
ChatterBot Uniform reevaluating
ChatterBot Whiskey reevaluating
ChatterBot Delta reevaluating
ChatterBot Uniform reevaluating
ChatterBot Oscar reevaluating
2024-10-14 23:16:33.825586 Delta: We should drop Yankee
2024-10-14 23:16:33.850191 Tango: Yes
2024-10-14 23:16:33.850951 Uniform: Yes
2024-10-14 23:16:33.851452 Zulu: Yes
2024-10-14 23:16:33.851862 Oscar: Yes
2024-10-14 23:16:33.852491 Whiskey: Yes
ChatterBot Whiskey reevaluating
ChatterBot Delta reevaluating
ChatterBot Whiskey reevaluating
ChatterBot Delta reevaluating
ChatterBot Whiskey reevaluating
ChatterBot Delta reevaluating
2024-10-14 23:16:34.011058 Oscar: Juliett we want you to join our group
ChatterBot Juliett reevaluating
2024-10-14 23:16:34.019472 Juliett: No
ChatterBot Delta reevaluating
ChatterBot Whiskey reevaluating
2024-10-14 23:16:34.068748 Tango: Delta, Zulu, Oscar and Uniform, sending you 3
chatterbot Zulu submitting transactions
chatterbot Tango submitting transactions
2024-10-14 23:16:34.123888 Uniform: Tango, sending you 4
2024-10-14 23:16:34.124415 Yankee: Tango, Delta, Zulu, Oscar, Whiskey and Charlie, sending you 2
2024-10-14 23:16:34.125318 Zulu: Tango, Delta and Oscar, sending you 2
2024-10-14 23:16:34.125758 Tango: Whiskey, sending you 2
2024-10-14 23:16:34.126132 Charlie: Yankee, sending you 3
2024-10-14 23:16:34.127 Papa: Yankee, sending you 7
2024-10-14 23:16:34.127659 Uniform: Delta, Oscar and Charlie, sending you 3
2024-10-14 23:16:34.128758 Yankee: Juliett and Uniform, sending you 3
2024-10-14 23:16:34.129158 Zulu: Uniform, sending you 3
2024-10-14 23:16:34.155074 Papa: Juliett and Charlie, sending you 6
2024-10-14 23:16:34.155984 Oscar: Tango, Delta, Juliett, Zulu, Uniform and Whiskey, sending you 3
2024-10-14 23:16:34.156437 Tango: Charlie, sending you 4
2024-10-14 23:16:34.157345 Charlie: Juliett, sending you 11
2024-10-14 23:16:34.157603 Zulu: Whiskey, sending you 4
2024-10-14 23:16:34.157917 Uniform: Zulu and Whiskey, sending you 2
2024-10-14 23:16:34.158206 Yankee: Papa, sending you 1
2024-10-14 23:16:34.293995 Zulu: Charlie, sending you 5
2024-10-14 23:16:34.294537 Charlie: Papa, sending you 2
2024-10-14 23:16:34.294937 Whiskey: Tango and Zulu, sending you 4
2024-10-14 23:16:34.295883 Juliett: Yankee, sending you 5
chatterbot Uniform submitting transactions
2024-10-14 23:16:34.445591 Whiskey: Delta, Oscar, Uniform and Charlie, sending you 3
2024-10-14 23:16:34.446215 Juliett: Papa, sending you 9
2024-10-14 23:16:34.447126 Delta: Tango and Uniform, sending you 5
chatterbot Papa submitting transactions
chatterbot Juliett submitting transactions
2024-10-14 23:16:34.630280 Juliett: Charlie, sending you 4
2024-10-14 23:16:34.630795 Delta: Zulu, Oscar and Whiskey, sending you 3
chatterbot Whiskey submitting transactions
chatterbot Charlie submitting transactions
chatterbot Juliett submitting transactions
chatterbot Yankee submitting transactions
chatterbot Oscar submitting transactions
chatterbot Delta submitting transactions
ChatterBot Yankee round 3
ChatterBot Tango round 3
ChatterBot Delta round 3
ChatterBot Juliett round 3
ChatterBot Zulu round 3
ChatterBot Oscar round 3
ChatterBot Uniform round 3
ChatterBot Whiskey round 3
ChatterBot Papa round 3
ChatterBot Charlie round 3
2024-10-14 23:16:35.276408 Oscar: We should replace Juliett with Yankee
ChatterBot Tango reevaluating
ChatterBot Delta reevaluating
ChatterBot Uniform reevaluating
ChatterBot Zulu reevaluating
ChatterBot Whiskey reevaluating
2024-10-14 23:16:35.302478 Tango: No
2024-10-14 23:16:35.302679 Delta: No
2024-10-14 23:16:35.302889 Uniform: No
2024-10-14 23:16:35.303023 Zulu: No
2024-10-14 23:16:35.303153 Whiskey: No
ChatterBot Delta reevaluating
ChatterBot Uniform reevaluating
ChatterBot Zulu reevaluating
ChatterBot Whiskey reevaluating
ChatterBot Tango reevaluating
ChatterBot Uniform reevaluating
ChatterBot Zulu reevaluating
ChatterBot Whiskey reevaluating
ChatterBot Tango reevaluating
ChatterBot Delta reevaluating
ChatterBot Zulu reevaluating
ChatterBot Whiskey reevaluating
ChatterBot Tango reevaluating
ChatterBot Delta reevaluating
ChatterBot Uniform reevaluating
ChatterBot Whiskey reevaluating
ChatterBot Tango reevaluating
ChatterBot Delta reevaluating
ChatterBot Uniform reevaluating
ChatterBot Zulu reevaluating
2024-10-14 23:16:35.567116 Charlie: Group up?
ChatterBot Papa reevaluating
ChatterBot Tango reevaluating
ChatterBot Delta reevaluating
ChatterBot Uniform reevaluating
ChatterBot Zulu reevaluating
ChatterBot Oscar reevaluating
ChatterBot Whiskey reevaluating
2024-10-14 23:16:35.597476 Yankee: Yes
2024-10-14 23:16:35.598165 Juliett: No
2024-10-14 23:16:35.598359 Papa: No
2024-10-14 23:16:35.598558 Tango: No
2024-10-14 23:16:35.598747 Delta: No
2024-10-14 23:16:35.598975 Uniform: No
2024-10-14 23:16:35.599819 Zulu: No
2024-10-14 23:16:35.599981 Oscar: No
2024-10-14 23:16:35.600142 Whiskey: No
ChatterBot Papa reevaluating
ChatterBot Tango reevaluating
ChatterBot Delta reevaluating
ChatterBot Uniform reevaluating
ChatterBot Zulu reevaluating
ChatterBot Oscar reevaluating
ChatterBot Whiskey reevaluating
ChatterBot Papa reevaluating
ChatterBot Tango reevaluating
ChatterBot Delta reevaluating
ChatterBot Uniform reevaluating
ChatterBot Zulu reevaluating
ChatterBot Oscar reevaluating
ChatterBot Whiskey reevaluating
ChatterBot Tango reevaluating
ChatterBot Delta reevaluating
ChatterBot Uniform reevaluating
ChatterBot Zulu reevaluating
ChatterBot Oscar reevaluating
ChatterBot Whiskey reevaluating
ChatterBot Papa reevaluating
ChatterBot Delta reevaluating
ChatterBot Uniform reevaluating
ChatterBot Zulu reevaluating
ChatterBot Oscar reevaluating
ChatterBot Whiskey reevaluating
ChatterBot Papa reevaluating
ChatterBot Tango reevaluating
ChatterBot Uniform reevaluating
ChatterBot Zulu reevaluating
ChatterBot Oscar reevaluating
ChatterBot Whiskey reevaluating
ChatterBot Papa reevaluating
ChatterBot Tango reevaluating
ChatterBot Delta reevaluating
ChatterBot Zulu reevaluating
ChatterBot Oscar reevaluating
ChatterBot Whiskey reevaluating
ChatterBot Papa reevaluating
ChatterBot Tango reevaluating
ChatterBot Delta reevaluating
ChatterBot Uniform reevaluating
ChatterBot Oscar reevaluating
ChatterBot Whiskey reevaluating
ChatterBot Papa reevaluating
ChatterBot Tango reevaluating
ChatterBot Delta reevaluating
ChatterBot Uniform reevaluating
ChatterBot Zulu reevaluating
ChatterBot Whiskey reevaluating
ChatterBot Papa reevaluating
ChatterBot Tango reevaluating
ChatterBot Delta reevaluating
ChatterBot Uniform reevaluating
ChatterBot Zulu reevaluating
ChatterBot Oscar reevaluating
2024-10-14 23:16:35.923479 Oscar: We should replace Juliett with Charlie
ChatterBot Tango reevaluating
ChatterBot Delta reevaluating
ChatterBot Uniform reevaluating
ChatterBot Zulu reevaluating
ChatterBot Whiskey reevaluating
2024-10-14 23:16:35.941341 Tango: No
2024-10-14 23:16:35.942037 Delta: No
2024-10-14 23:16:35.942154 Uniform: No
2024-10-14 23:16:35.942267 Zulu: No
2024-10-14 23:16:35.942372 Whiskey: No
ChatterBot Delta reevaluating
ChatterBot Uniform reevaluating
ChatterBot Zulu reevaluating
ChatterBot Oscar reevaluating
ChatterBot Whiskey reevaluating
ChatterBot Tango reevaluating
ChatterBot Uniform reevaluating
ChatterBot Zulu reevaluating
ChatterBot Oscar reevaluating
ChatterBot Whiskey reevaluating
ChatterBot Tango reevaluating
ChatterBot Delta reevaluating
ChatterBot Zulu reevaluating
ChatterBot Oscar reevaluating
ChatterBot Whiskey reevaluating
ChatterBot Tango reevaluating
ChatterBot Delta reevaluating
ChatterBot Uniform reevaluating
ChatterBot Oscar reevaluating
ChatterBot Whiskey reevaluating
ChatterBot Tango reevaluating
ChatterBot Delta reevaluating
ChatterBot Uniform reevaluating
ChatterBot Zulu reevaluating
ChatterBot Oscar reevaluating
2024-10-14 23:16:36.064204 Oscar: Charlie we want you to join our group
2024-10-14 23:16:36.067981 Charlie: Yes
ChatterBot Oscar reevaluating
ChatterBot Whiskey reevaluating
2024-10-14 23:16:36.087782 Whiskey: We should replace Charlie with Yankee
ChatterBot Oscar reevaluating
2024-10-14 23:16:36.102946 Tango: No
2024-10-14 23:16:36.103098 Delta: No
2024-10-14 23:16:36.103646 Uniform: No
2024-10-14 23:16:36.103809 Zulu: No
2024-10-14 23:16:36.103919 Oscar: Yes
ChatterBot Zulu reevaluating
ChatterBot Oscar reevaluating
ChatterBot Whiskey reevaluating
ChatterBot Zulu reevaluating
ChatterBot Oscar reevaluating
ChatterBot Whiskey reevaluating
ChatterBot Zulu reevaluating
ChatterBot Oscar reevaluating
ChatterBot Whiskey reevaluating
ChatterBot Oscar reevaluating
ChatterBot Whiskey reevaluating
ChatterBot Zulu reevaluating
ChatterBot Whiskey reevaluating
2024-10-14 23:16:36.217732 Uniform: We should drop Charlie
ChatterBot Zulu reevaluating
2024-10-14 23:16:36.233791 Tango: Yes
2024-10-14 23:16:36.234384 Delta: Yes
2024-10-14 23:16:36.234509 Zulu: No
2024-10-14 23:16:36.234629 Oscar: Yes
2024-10-14 23:16:36.234764 Whiskey: Yes
ChatterBot Zulu reevaluating
ChatterBot Uniform reevaluating
ChatterBot Zulu reevaluating
ChatterBot Whiskey reevaluating
ChatterBot Uniform reevaluating
ChatterBot Whiskey reevaluating
ChatterBot Uniform reevaluating
ChatterBot Zulu reevaluating
ChatterBot Whiskey reevaluating
ChatterBot Uniform reevaluating
ChatterBot Zulu reevaluating
chatterbot Charlie submitting transactions
2024-10-14 23:16:36.357928 Juliett: Yankee, sending you 5
2024-10-14 23:16:36.358490 Oscar: Yankee we want you to join our group
2024-10-14 23:16:36.384382 Yankee: Yes
ChatterBot Zulu reevaluating
ChatterBot Uniform reevaluating
chatterbot Yankee submitting transactions
2024-10-14 23:16:36.464226 Yankee: Tango, Delta, Zulu, Oscar, Uniform and Charlie, sending you 2
2024-10-14 23:16:36.465207 Papa: Yankee, sending you 3
2024-10-14 23:16:36.466357 Charlie: Yankee, Tango, Zulu, Uniform, Whiskey and Papa, sending you 2
2024-10-14 23:16:36.467006 Delta: Tango, Oscar, Uniform and Whiskey, sending you 4
2024-10-14 23:16:36.468505 Juliett: Papa, sending you 7
2024-10-14 23:16:36.469493 Yankee: Juliett, sending you 4
2024-10-14 23:16:36.470482 Papa: Juliett, sending you 12
2024-10-14 23:16:36.470817 Charlie: Delta, sending you 1
2024-10-14 23:16:36.471478 Zulu: Yankee we want you to join our group
2024-10-14 23:16:36.475591 Yankee: Yes
ChatterBot Zulu reevaluating
ChatterBot Uniform reevaluating
2024-10-14 23:16:36.495959 Delta: Zulu, sending you 3
2024-10-14 23:16:36.496673 Juliett: Charlie, sending you 6
2024-10-14 23:16:36.497576 Yankee: Papa, sending you 3
2024-10-14 23:16:36.498168 Papa: Charlie, sending you 4
2024-10-14 23:16:36.498571 Charlie: Juliett, sending you 3
2024-10-14 23:16:36.612592 Oscar: Yankee, Tango, Delta, Zulu, Uniform and Whiskey, sending you 3
2024-10-14 23:16:36.614096 Tango: Delta, sending you 5
chatterbot Papa submitting transactions
2024-10-14 23:16:36.654469 Tango: Zulu, Oscar and Whiskey, sending you 3
2024-10-14 23:16:36.741911 Zulu: Yankee, Tango, Delta, Oscar, Uniform and Charlie, sending you 2
2024-10-14 23:16:36.743795 Tango: Uniform, sending you 4
chatterbot Juliett submitting transactions
chatterbot Oscar submitting transactions
2024-10-14 23:16:36.772608 Uniform: Tango and Delta, sending you 4
2024-10-14 23:16:36.773952 Zulu: Juliett and Papa, sending you 1
2024-10-14 23:16:36.791843 Uniform: Zulu, Oscar and Whiskey, sending you 3
2024-10-14 23:16:36.792923 Zulu: Whiskey, sending you 4
chatterbot Tango submitting transactions
chatterbot Delta submitting transactions
chatterbot Uniform submitting transactions
chatterbot Whiskey submitting transactions
chatterbot Zulu submitting transactions
ChatterBot Yankee round 4
ChatterBot Tango round 4
ChatterBot Delta round 4
ChatterBot Juliett round 4
ChatterBot Zulu round 4
ChatterBot Oscar round 4
ChatterBot Uniform round 4
ChatterBot Whiskey round 4
ChatterBot Papa round 4
ChatterBot Charlie round 4
2024-10-14 23:16:37.270010 Tango: Delta, sending you 5
2024-10-14 23:16:37.274103 Charlie: Yankee, sending you 3
2024-10-14 23:16:37.275357 Tango: Zulu, Oscar and Whiskey, sending you 3
2024-10-14 23:16:37.275906 Uniform: Tango and Delta, sending you 4
2024-10-14 23:16:37.276352 Juliett: Yankee, sending you 5
2024-10-14 23:16:37.277308 Yankee: Tango and Delta, sending you 1
2024-10-14 23:16:37.277784 Whiskey: Tango, Oscar, Uniform and Charlie, sending you 3
2024-10-14 23:16:37.278910 Charlie: Juliett, sending you 5
2024-10-14 23:16:37.279197 Uniform: Zulu, Oscar and Whiskey, sending you 3
2024-10-14 23:16:37.279636 Papa: Yankee, sending you 5
2024-10-14 23:16:37.280644 Tango: Uniform, sending you 4
2024-10-14 23:16:37.281156 Delta: Tango, sending you 5
2024-10-14 23:16:37.283225 Juliett: Papa, sending you 7
2024-10-14 23:16:37.283542 Yankee: Juliett, sending you 5
2024-10-14 23:16:37.284979 Oscar: Yankee, Tango, Delta, Zulu, Uniform and Whiskey, sending you 3
2024-10-14 23:16:37.285534 Zulu: Yankee, sending you 2
2024-10-14 23:16:37.286699 Charlie: Zulu and Papa, sending you 4
2024-10-14 23:16:37.287034 Whiskey: Delta and Zulu, sending you 4
2024-10-14 23:16:37.287442 Papa: Juliett, sending you 11
2024-10-14 23:16:37.287805 Delta: Zulu and Whiskey, sending you 3
2024-10-14 23:16:37.289104 Juliett: Charlie, sending you 6
2024-10-14 23:16:37.304432 Yankee: Zulu, Oscar, Uniform, Whiskey, Papa and Charlie, sending you 2
2024-10-14 23:16:37.306521 Zulu: Tango, Delta, Oscar and Uniform, sending you 3
2024-10-14 23:16:37.308028 Papa: Charlie, sending you 3
2024-10-14 23:16:37.308545 Delta: Oscar and Uniform, sending you 4
2024-10-14 23:16:37.318282 Zulu: Whiskey, sending you 4
chatterbot Delta submitting transactions
chatterbot Zulu submitting transactions
chatterbot Tango submitting transactions
chatterbot Uniform submitting transactions
chatterbot Juliett submitting transactions
chatterbot Yankee submitting transactions
chatterbot Whiskey submitting transactions
chatterbot Charlie submitting transactions
chatterbot Papa submitting transactions
chatterbot Oscar submitting transactions
ChatterBot Yankee round 5
ChatterBot Tango round 5
ChatterBot Delta round 5
ChatterBot Juliett round 5
ChatterBot Zulu round 5
ChatterBot Oscar round 5
ChatterBot Uniform round 5
ChatterBot Whiskey round 5
2024-10-14 23:16:38.486229 Yankee: Can we be friends?
ChatterBot Charlie reevaluating
2024-10-14 23:16:38.494417 Papa: Yes
2024-10-14 23:16:38.494592 Juliett: Yes
2024-10-14 23:16:38.494745 Charlie: Yes
ChatterBot Charlie reevaluating
ChatterBot Charlie reevaluating
ChatterBot Papa round 5
ChatterBot Charlie round 5
2024-10-14 23:16:38.538916 Whiskey: We should drop Charlie
ChatterBot Zulu reevaluating
2024-10-14 23:16:38.559029 Tango: Yes
2024-10-14 23:16:38.559221 Delta: Yes
2024-10-14 23:16:38.559385 Uniform: Yes
2024-10-14 23:16:38.559562 Zulu: Yes
2024-10-14 23:16:38.559726 Oscar: Yes
ChatterBot Zulu reevaluating
ChatterBot Whiskey reevaluating
ChatterBot Zulu reevaluating
ChatterBot Whiskey reevaluating
ChatterBot Zulu reevaluating
ChatterBot Whiskey reevaluating
ChatterBot Whiskey reevaluating
ChatterBot Zulu reevaluating
ChatterBot Whiskey reevaluating
2024-10-14 23:16:38.663325 Charlie: We should drop Zulu
2024-10-14 23:16:38.675562 Papa: Yes
2024-10-14 23:16:38.675776 Yankee: Yes
2024-10-14 23:16:38.675953 Juliett: Yes
2024-10-14 23:16:38.776315 Uniform: Tango and Delta, sending you 4
2024-10-14 23:16:38.777609 Yankee: Juliett, sending you 8
2024-10-14 23:16:38.778156 Oscar: Yankee, Tango, Delta, Zulu, Uniform and Whiskey, sending you 3
2024-10-14 23:16:38.780707 Delta: Tango, sending you 5
2024-10-14 23:16:38.781518 Tango: Delta, sending you 5
2024-10-14 23:16:38.783881 Juliett: Yankee, sending you 5
2024-10-14 23:16:38.784672 Yankee: Papa, sending you 6
2024-10-14 23:16:38.789087 Uniform: Zulu, Oscar and Whiskey, sending you 3
2024-10-14 23:16:38.789961 Delta: Zulu and Oscar, sending you 3
2024-10-14 23:16:38.792723 Tango: Zulu, Oscar and Whiskey, sending you 3
2024-10-14 23:16:38.793451 Juliett: Papa, sending you 7
2024-10-14 23:16:38.793993 Papa: Yankee, sending you 4
2024-10-14 23:16:38.795809 Yankee: Charlie, sending you 5
2024-10-14 23:16:38.796332 Charlie: Yankee, sending you 4
2024-10-14 23:16:38.796842 Delta: Uniform and Whiskey, sending you 4
2024-10-14 23:16:38.801924 Tango: Uniform, sending you 4
2024-10-14 23:16:38.802837 Juliett: Charlie, sending you 6
2024-10-14 23:16:38.804879 Papa: Juliett, sending you 10
2024-10-14 23:16:38.805290 Charlie: Juliett, sending you 7
2024-10-14 23:16:38.805735 Zulu: Yankee, sending you 2
2024-10-14 23:16:38.808192 Papa: Charlie, sending you 5
2024-10-14 23:16:38.809688 Charlie: Papa, sending you 5
2024-10-14 23:16:38.814185 Zulu: Tango, Delta, Oscar and Uniform, sending you 3
2024-10-14 23:16:38.815049 Whiskey: Sending you each 4
2024-10-14 23:16:38.822217 Zulu: Whiskey, sending you 4
chatterbot Charlie submitting transactions
chatterbot Uniform submitting transactions
chatterbot Zulu submitting transactions
chatterbot Yankee submitting transactions
chatterbot Papa submitting transactions
chatterbot Juliett submitting transactions
chatterbot Oscar submitting transactions
chatterbot Delta submitting transactions
chatterbot Tango submitting transactions
chatterbot Whiskey submitting transactions
ChatterBot Yankee round 6
ChatterBot Tango round 6
ChatterBot Delta round 6
ChatterBot Juliett round 6
ChatterBot Zulu round 6
ChatterBot Oscar round 6
ChatterBot Uniform round 6
ChatterBot Whiskey round 6
ChatterBot Papa round 6
ChatterBot Charlie round 6
2024-10-14 23:16:39.975092 Zulu: We should drop Yankee
ChatterBot Whiskey reevaluating
2024-10-14 23:16:39.992279 Tango: Yes
2024-10-14 23:16:39.992411 Delta: Yes
2024-10-14 23:16:39.992520 Uniform: Yes
2024-10-14 23:16:39.992636 Oscar: No
2024-10-14 23:16:39.992783 Whiskey: No
ChatterBot Whiskey reevaluating
ChatterBot Whiskey reevaluating
ChatterBot Whiskey reevaluating
ChatterBot Whiskey reevaluating
2024-10-14 23:16:40.053676 Tango: Delta, sending you 5
2024-10-14 23:16:40.058673 Tango: Zulu, Oscar and Whiskey, sending you 3
2024-10-14 23:16:40.061761 Uniform: Tango and Delta, sending you 4
2024-10-14 23:16:40.062675 Delta: Tango, sending you 5
2024-10-14 23:16:40.063675 Oscar: Yankee, Tango, Delta, Zulu, Uniform and Whiskey, sending you 3
2024-10-14 23:16:40.064402 Tango: Uniform, sending you 4
2024-10-14 23:16:40.065207 Juliett: Sending you each 6
2024-10-14 23:16:40.066868 Papa: Yankee and Charlie, sending you 5
2024-10-14 23:16:40.067469 Uniform: Zulu, Oscar and Whiskey, sending you 3
2024-10-14 23:16:40.068252 Yankee: Juliett, sending you 8
2024-10-14 23:16:40.068744 Delta: Zulu and Oscar, sending you 3
2024-10-14 23:16:40.069547 Zulu: Tango, Delta and Oscar, sending you 3
2024-10-14 23:16:40.070521 Papa: Juliett, sending you 9
2024-10-14 23:16:40.072647 Yankee: Papa, sending you 6
2024-10-14 23:16:40.073019 Delta: Uniform and Whiskey, sending you 4
2024-10-14 23:16:40.073575 Zulu: Uniform, sending you 4
2024-10-14 23:16:40.074156 Charlie: Yankee, sending you 5
2024-10-14 23:16:40.074468 Whiskey: Same as last round
2024-10-14 23:16:40.076677 Zulu: Whiskey, sending you 5
2024-10-14 23:16:40.077202 Charlie: Juliett, sending you 7
2024-10-14 23:16:40.077659 Yankee: Charlie, sending you 5
2024-10-14 23:16:40.081686 Charlie: Papa, sending you 4
chatterbot Charlie submitting transactions
chatterbot Whiskey submitting transactions
chatterbot Oscar submitting transactions
chatterbot Zulu submitting transactions
chatterbot Yankee submitting transactions
chatterbot Juliett submitting transactions
chatterbot Papa submitting transactions
chatterbot Delta submitting transactions
chatterbot Tango submitting transactions
chatterbot Uniform submitting transactions
ChatterBot Yankee round 7
ChatterBot Tango round 7
ChatterBot Delta round 7
ChatterBot Juliett round 7
ChatterBot Zulu round 7
ChatterBot Oscar round 7
ChatterBot Uniform round 7
ChatterBot Whiskey round 7
ChatterBot Papa round 7
ChatterBot Charlie round 7
2024-10-14 23:16:41.250692 Zulu: Tango, Uniform and Whiskey, sending you 4
2024-10-14 23:16:41.251670 Delta: Tango, sending you 5
2024-10-14 23:16:41.253666 Juliett: Same as last round
2024-10-14 23:16:41.254672 Oscar: Yankee, Tango, Delta, Zulu, Uniform and Whiskey, sending you 3
2024-10-14 23:16:41.255555 Zulu: Delta and Oscar, sending you 3
2024-10-14 23:16:41.256465 Uniform: Tango and Delta, sending you 4
2024-10-14 23:16:41.257323 Delta: Zulu and Oscar, sending you 3
2024-10-14 23:16:41.259677 Charlie: Yankee and Papa, sending you 5
2024-10-14 23:16:41.260093 Uniform: Zulu, Oscar and Whiskey, sending you 3
2024-10-14 23:16:41.260669 Yankee: Juliett, sending you 8
2024-10-14 23:16:41.261659 Delta: Uniform and Whiskey, sending you 4
2024-10-14 23:16:41.263015 Papa: Yankee, sending you 6
2024-10-14 23:16:41.263687 Tango: Delta, sending you 5
2024-10-14 23:16:41.264271 Charlie: Juliett, sending you 6
2024-10-14 23:16:41.264643 Whiskey: Same as last round
2024-10-14 23:16:41.265685 Yankee: Papa, sending you 5
2024-10-14 23:16:41.267664 Papa: Juliett, sending you 8
2024-10-14 23:16:41.268680 Tango: Zulu, Oscar and Whiskey, sending you 3
2024-10-14 23:16:41.269654 Yankee: Charlie, sending you 6
2024-10-14 23:16:41.271675 Papa: Charlie, sending you 5
2024-10-14 23:16:41.273655 Tango: Uniform, sending you 4
chatterbot Yankee submitting transactions
chatterbot Tango submitting transactions
chatterbot Zulu submitting transactions
chatterbot Charlie submitting transactions
chatterbot Whiskey submitting transactions
chatterbot Uniform submitting transactions
chatterbot Delta submitting transactions
chatterbot Juliett submitting transactions
chatterbot Papa submitting transactions
chatterbot Oscar submitting transactions
ChatterBot Yankee round 8
ChatterBot Tango round 8
ChatterBot Delta round 8
ChatterBot Juliett round 8
ChatterBot Zulu round 8
ChatterBot Oscar round 8
ChatterBot Uniform round 8
ChatterBot Whiskey round 8
ChatterBot Papa round 8
ChatterBot Charlie round 8
2024-10-14 23:16:42.461669 Yankee: Juliett, sending you 8
2024-10-14 23:16:42.463671 Tango: Delta, sending you 5
2024-10-14 23:16:42.464749 Oscar: Yankee, Tango, Delta, Zulu, Uniform and Whiskey, sending you 3
2024-10-14 23:16:42.465722 Yankee: Papa, sending you 6
2024-10-14 23:16:42.467683 Tango: Zulu, Oscar and Whiskey, sending you 3
2024-10-14 23:16:42.469673 Yankee: Charlie, sending you 5
2024-10-14 23:16:42.471693 Delta: Tango, sending you 5
2024-10-14 23:16:42.473113 Tango: Uniform, sending you 4
2024-10-14 23:16:42.474689 Juliett: Same as last round
2024-10-14 23:16:42.476665 Uniform: Tango and Delta, sending you 4
2024-10-14 23:16:42.477987 Delta: Zulu and Oscar, sending you 3
2024-10-14 23:16:42.480672 Whiskey: Same as last round
2024-10-14 23:16:42.481326 Uniform: Zulu, Oscar and Whiskey, sending you 3
2024-10-14 23:16:42.481960 Delta: Uniform and Whiskey, sending you 4
2024-10-14 23:16:42.482690 Zulu: Tango, Uniform and Whiskey, sending you 4
2024-10-14 23:16:42.484106 Papa: Yankee, sending you 6
2024-10-14 23:16:42.486789 Zulu: Delta and Oscar, sending you 3
2024-10-14 23:16:42.487490 Charlie: Yankee and Papa, sending you 5
2024-10-14 23:16:42.488685 Papa: Juliett, sending you 8
2024-10-14 23:16:42.491673 Charlie: Juliett, sending you 6
2024-10-14 23:16:42.494698 Papa: Charlie, sending you 5
chatterbot Papa submitting transactions
chatterbot Oscar submitting transactions
chatterbot Zulu submitting transactions
chatterbot Tango submitting transactions
chatterbot Delta submitting transactions
chatterbot Charlie submitting transactions
chatterbot Uniform submitting transactions
chatterbot Yankee submitting transactions
chatterbot Juliett submitting transactions
chatterbot Whiskey submitting transactions
ChatterBot Yankee round 9
ChatterBot Tango round 9
ChatterBot Delta round 9
ChatterBot Juliett round 9
ChatterBot Zulu round 9
ChatterBot Oscar round 9
ChatterBot Uniform round 9
ChatterBot Whiskey round 9
ChatterBot Papa round 9
ChatterBot Charlie round 9
2024-10-14 23:16:43.578708 Delta: Tango, sending you 5
2024-10-14 23:16:43.580693 Zulu: Tango, Uniform and Whiskey, sending you 4
2024-10-14 23:16:43.581695 Charlie: Yankee and Papa, sending you 5
2024-10-14 23:16:43.583663 Yankee: Juliett, sending you 7
2024-10-14 23:16:43.587446 Juliett: Same as last round
2024-10-14 23:16:43.588074 Delta: Zulu and Oscar, sending you 3
2024-10-14 23:16:43.589482 Oscar: Yankee, Tango, Delta, Zulu, Uniform and Whiskey, sending you 3
2024-10-14 23:16:43.590340 Charlie: Juliett, sending you 6
2024-10-14 23:16:43.591572 Zulu: Delta and Oscar, sending you 3
2024-10-14 23:16:43.592446 Yankee: Papa and Charlie, sending you 6
2024-10-14 23:16:43.593551 Delta: Uniform and Whiskey, sending you 4
2024-10-14 23:16:43.594650 Tango: Delta, sending you 5
2024-10-14 23:16:43.596568 Papa: Yankee, sending you 6
2024-10-14 23:16:43.597214 Whiskey: Same as last round
2024-10-14 23:16:43.602494 Uniform: Tango and Delta, sending you 4
2024-10-14 23:16:43.603980 Tango: Zulu, Oscar and Whiskey, sending you 3
2024-10-14 23:16:43.604944 Papa: Juliett, sending you 8
2024-10-14 23:16:43.607685 Tango: Uniform, sending you 4
2024-10-14 23:16:43.608827 Uniform: Zulu, Oscar and Whiskey, sending you 3
2024-10-14 23:16:43.610438 Papa: Charlie, sending you 5
chatterbot Whiskey submitting transactions
chatterbot Delta submitting transactions
chatterbot Oscar submitting transactions
chatterbot Juliett submitting transactions
chatterbot Papa submitting transactions
chatterbot Yankee submitting transactions
chatterbot Charlie submitting transactions
chatterbot Uniform submitting transactions
chatterbot Tango submitting transactions
chatterbot Zulu submitting transactions
ChatterBot Yankee round 10
ChatterBot Tango round 10
ChatterBot Delta round 10
ChatterBot Juliett round 10
ChatterBot Zulu round 10
ChatterBot Oscar round 10
ChatterBot Uniform round 10
ChatterBot Whiskey round 10
ChatterBot Papa round 10
ChatterBot Charlie round 10
2024-10-14 23:16:44.846690 Yankee: Juliett, sending you 7
2024-10-14 23:16:44.847700 Delta: Tango, sending you 5
2024-10-14 23:16:44.851677 Yankee: Papa and Charlie, sending you 6
2024-10-14 23:16:44.852235 Zulu: Tango, Uniform and Whiskey, sending you 4
2024-10-14 23:16:44.853179 Tango: Delta, sending you 5
2024-10-14 23:16:44.854311 Delta: Zulu and Oscar, sending you 3
2024-10-14 23:16:44.855971 Oscar: Yankee, Tango, Delta, Zulu, Uniform and Whiskey, sending you 3
2024-10-14 23:16:44.857378 Whiskey: Same as last round
2024-10-14 23:16:44.858650 Zulu: Delta and Oscar, sending you 3
2024-10-14 23:16:44.860806 Tango: Zulu, Oscar and Whiskey, sending you 3
2024-10-14 23:16:44.861963 Uniform: Tango and Delta, sending you 4
2024-10-14 23:16:44.862968 Delta: Uniform and Whiskey, sending you 4
2024-10-14 23:16:44.864036 Charlie: Yankee and Papa, sending you 5
2024-10-14 23:16:44.865366 Juliett: Same as last round
2024-10-14 23:16:44.866700 Tango: Uniform, sending you 4
2024-10-14 23:16:44.867474 Uniform: Zulu, Oscar and Whiskey, sending you 3
2024-10-14 23:16:44.868797 Papa: Yankee, sending you 6
2024-10-14 23:16:44.869666 Charlie: Juliett, sending you 6
2024-10-14 23:16:44.871806 Papa: Juliett, sending you 8
2024-10-14 23:16:44.876756 Papa: Charlie, sending you 5
chatterbot Yankee submitting transactions
chatterbot Delta submitting transactions
chatterbot Zulu submitting transactions
chatterbot Uniform submitting transactions
chatterbot Whiskey submitting transactions
chatterbot Tango submitting transactions
chatterbot Charlie submitting transactions
chatterbot Juliett submitting transactions
chatterbot Papa submitting transactions
chatterbot Oscar submitting transactions
ChatterBot Yankee round 11
ChatterBot Tango round 11
ChatterBot Delta round 11
ChatterBot Juliett round 11
ChatterBot Zulu round 11
ChatterBot Oscar round 11
ChatterBot Uniform round 11
ChatterBot Whiskey round 11
ChatterBot Papa round 11
ChatterBot Charlie round 11
2024-10-14 23:16:45.739018 Oscar: We should replace Yankee with Juliett
2024-10-14 23:16:45.759054 Tango: No
2024-10-14 23:16:45.759484 Delta: No
2024-10-14 23:16:45.760235 Uniform: No
2024-10-14 23:16:45.760486 Zulu: No
2024-10-14 23:16:45.760892 Whiskey: No
ChatterBot Oscar reevaluating
ChatterBot Oscar reevaluating
ChatterBot Oscar reevaluating
ChatterBot Oscar reevaluating
ChatterBot Oscar reevaluating
2024-10-14 23:16:45.885071 Yankee: Juliett, sending you 7
2024-10-14 23:16:45.889015 Uniform: Tango and Delta, sending you 4
2024-10-14 23:16:45.892061 Zulu: Tango, Delta, Uniform and Whiskey, sending you 4
2024-10-14 23:16:45.895719 Whiskey: Same as last round
2024-10-14 23:16:45.898780 Oscar: Yankee, Tango, Delta, Zulu, Uniform and Whiskey, sending you 3
2024-10-14 23:16:45.901339 Yankee: Papa and Charlie, sending you 6
2024-10-14 23:16:45.903176 Charlie: Yankee and Papa, sending you 5
2024-10-14 23:16:45.904123 Uniform: Zulu, Oscar and Whiskey, sending you 3
2024-10-14 23:16:45.907121 Zulu: Oscar, sending you 2
2024-10-14 23:16:45.909630 Juliett: Same as last round
2024-10-14 23:16:45.910452 Papa: Yankee, sending you 6
2024-10-14 23:16:45.912322 Delta: Tango, sending you 5
2024-10-14 23:16:45.914360 Charlie: Juliett, sending you 6
2024-10-14 23:16:45.915101 Tango: Delta, sending you 5
2024-10-14 23:16:45.917309 Papa: Juliett, sending you 8
2024-10-14 23:16:45.922207 Delta: Zulu and Oscar, sending you 3
2024-10-14 23:16:45.924313 Tango: Zulu, Oscar and Whiskey, sending you 3
2024-10-14 23:16:45.926541 Papa: Charlie, sending you 5
2024-10-14 23:16:45.928676 Delta: Uniform and Whiskey, sending you 4
2024-10-14 23:16:45.930774 Tango: Uniform, sending you 4
chatterbot Zulu submitting transactions
chatterbot Juliett submitting transactions
chatterbot Yankee submitting transactions
chatterbot Charlie submitting transactions
chatterbot Whiskey submitting transactions
chatterbot Tango submitting transactions
chatterbot Papa submitting transactions
chatterbot Delta submitting transactions
