ChatterBot Juliett round 1
ChatterBot Uniform round 1
ChatterBot Charlie round 1
ChatterBot Alpha round 1
ChatterBot Quebec round 1
ChatterBot Delta round 1
ChatterBot Romeo round 1
ChatterBot Golf round 1
ChatterBot Hotel round 1
ChatterBot Zulu round 1
randomSelections Alpha: {Alpha, Delta, Uniform, Golf, Charlie, Hotel, Romeo} 
2024-10-14 23:16:29.935254 Alpha: We should group up
ChatterBot Delta reevaluating
ChatterBot Uniform reevaluating
ChatterBot Golf reevaluating
ChatterBot Charlie reevaluating
ChatterBot Hotel reevaluating
ChatterBot Romeo reevaluating
2024-10-14 23:16:29.956145 Delta: Yes
2024-10-14 23:16:29.956435 Uniform: Yes
2024-10-14 23:16:29.956595 Golf: Yes
2024-10-14 23:16:29.956826 Charlie: Yes
2024-10-14 23:16:29.957456 Hotel: Yes
2024-10-14 23:16:29.957626 Romeo: Yes
ChatterBot Uniform reevaluating
ChatterBot Golf reevaluating
ChatterBot Charlie reevaluating
ChatterBot Hotel reevaluating
ChatterBot Romeo reevaluating
ChatterBot Delta reevaluating
ChatterBot Golf reevaluating
ChatterBot Charlie reevaluating
ChatterBot Hotel reevaluating
ChatterBot Romeo reevaluating
ChatterBot Delta reevaluating
ChatterBot Uniform reevaluating
ChatterBot Charlie reevaluating
ChatterBot Hotel reevaluating
ChatterBot Romeo reevaluating
ChatterBot Delta reevaluating
ChatterBot Uniform reevaluating
ChatterBot Golf reevaluating
ChatterBot Hotel reevaluating
ChatterBot Romeo reevaluating
ChatterBot Delta reevaluating
ChatterBot Uniform reevaluating
ChatterBot Golf reevaluating
ChatterBot Charlie reevaluating
ChatterBot Romeo reevaluating
ChatterBot Delta reevaluating
ChatterBot Uniform reevaluating
ChatterBot Golf reevaluating
ChatterBot Charlie reevaluating
ChatterBot Hotel reevaluating
randomSelections Juliett: {Juliett, Quebec, Delta, Zulu, Golf, Uniform} 
2024-10-14 23:16:30.046088 Juliett: Let's form a team
ChatterBot Quebec reevaluating
ChatterBot Delta reevaluating
ChatterBot Zulu reevaluating
ChatterBot Golf reevaluating
ChatterBot Uniform reevaluating
2024-10-14 23:16:30.051353 Quebec: Yes
2024-10-14 23:16:30.051449 Delta: No
2024-10-14 23:16:30.051540 Zulu: Yes
2024-10-14 23:16:30.051618 Golf: No
2024-10-14 23:16:30.051706 Uniform: No
ChatterBot Delta reevaluating
ChatterBot Zulu reevaluating
ChatterBot Golf reevaluating
ChatterBot Uniform reevaluating
ChatterBot Quebec reevaluating
ChatterBot Zulu reevaluating
ChatterBot Golf reevaluating
ChatterBot Uniform reevaluating
ChatterBot Quebec reevaluating
ChatterBot Delta reevaluating
ChatterBot Golf reevaluating
ChatterBot Uniform reevaluating
ChatterBot Quebec reevaluating
ChatterBot Delta reevaluating
ChatterBot Zulu reevaluating
ChatterBot Uniform reevaluating
ChatterBot Quebec reevaluating
ChatterBot Delta reevaluating
ChatterBot Zulu reevaluating
ChatterBot Golf reevaluating
2024-10-14 23:16:30.095670 Charlie: Alpha, sending you 6
2024-10-14 23:16:30.097677 Quebec: Juliett, sending you 5
2024-10-14 23:16:30.098687 Alpha: Uniform and Charlie, sending you 2
2024-10-14 23:16:30.098966 Romeo: Alpha and Delta, sending you 1
2024-10-14 23:16:30.099670 Golf: Uniform, sending you 1
2024-10-14 23:16:30.100688 Charlie: Delta and Golf, sending you 3
2024-10-14 23:16:30.101005 Quebec: Uniform, sending you 1
2024-10-14 23:16:30.102680 Uniform: Golf, sending you 1
2024-10-14 23:16:30.102942 Alpha: Delta, Romeo and Golf, sending you 3
2024-10-14 23:16:30.103671 Delta: Uniform, Alpha, Golf and Hotel, sending you 2
2024-10-14 23:16:30.104676 Charlie: Romeo, sending you 2
2024-10-14 23:16:30.104965 Quebec: Delta, sending you 2
2024-10-14 23:16:30.105661 Juliett: Uniform, sending you 3
2024-10-14 23:16:30.106698 Hotel: Uniform and Alpha, sending you 2
2024-10-14 23:16:30.106991 Alpha: Hotel, sending you 4
2024-10-14 23:16:30.107230 Zulu: Juliett, sending you 2
2024-10-14 23:16:30.108052 Delta: Charlie, sending you 1
2024-10-14 23:16:30.108653 Quebec: Golf, sending you 3
2024-10-14 23:16:30.109661 Charlie: Hotel, sending you 1
2024-10-14 23:16:30.110651 Juliett: Zulu, sending you 2
2024-10-14 23:16:30.110927 Delta: Romeo, sending you 5
2024-10-14 23:16:30.111669 Hotel: Charlie and Romeo, sending you 1
2024-10-14 23:16:30.111980 Zulu: Uniform, sending you 1
2024-10-14 23:16:30.112202 Quebec: Zulu, sending you 4
2024-10-14 23:16:30.114654 Zulu: Quebec, sending you 4
2024-10-14 23:16:30.116667 Hotel: Delta, sending you 3
2024-10-14 23:16:30.118676 Zulu: Delta, sending you 6
2024-10-14 23:16:30.120678 Hotel: Golf, sending you 6
2024-10-14 23:16:30.123665 Zulu: Golf, sending you 3
chatterbot Hotel submitting transactions
chatterbot Quebec submitting transactions
chatterbot Uniform submitting transactions
chatterbot Zulu submitting transactions
chatterbot Delta submitting transactions
chatterbot Juliett submitting transactions
chatterbot Romeo submitting transactions
chatterbot Charlie submitting transactions
chatterbot Alpha submitting transactions
chatterbot Golf submitting transactions
ChatterBot Juliett round 2
ChatterBot Uniform round 2
ChatterBot Charlie round 2
ChatterBot Alpha round 2
ChatterBot Quebec round 2
ChatterBot Delta round 2
ChatterBot Romeo round 2
ChatterBot Golf round 2
ChatterBot Hotel round 2
ChatterBot Zulu round 2
2024-10-14 23:16:36.152243 Quebec: Friends?
ChatterBot Zulu reevaluating
2024-10-14 23:16:36.160080 Juliett: Yes
2024-10-14 23:16:36.160254 Zulu: Yes
ChatterBot Zulu reevaluating
ChatterBot Juliett reevaluating
2024-10-14 23:16:36.176435 Zulu: We should group up
ChatterBot Juliett reevaluating
2024-10-14 23:16:36.185386 Quebec: Yes
2024-10-14 23:16:36.185543 Juliett: Yes
ChatterBot Juliett reevaluating
ChatterBot Zulu reevaluating
ChatterBot Zulu reevaluating
2024-10-14 23:16:36.217920 Uniform: We should drop Golf
ChatterBot Charlie reevaluating
ChatterBot Romeo reevaluating
ChatterBot Hotel reevaluating
2024-10-14 23:16:36.240893 Charlie: No
2024-10-14 23:16:36.241586 Alpha: No
2024-10-14 23:16:36.241747 Delta: Yes
2024-10-14 23:16:36.241871 Romeo: No
2024-10-14 23:16:36.241988 Hotel: No
ChatterBot Romeo reevaluating
ChatterBot Hotel reevaluating
ChatterBot Charlie reevaluating
ChatterBot Romeo reevaluating
ChatterBot Hotel reevaluating
ChatterBot Charlie reevaluating
ChatterBot Alpha reevaluating
ChatterBot Romeo reevaluating
ChatterBot Hotel reevaluating
ChatterBot Charlie reevaluating
ChatterBot Alpha reevaluating
ChatterBot Hotel reevaluating
ChatterBot Charlie reevaluating
ChatterBot Alpha reevaluating
ChatterBot Romeo reevaluating
2024-10-14 23:16:36.483021 Delta: We should drop Uniform and Golf
ChatterBot Charlie reevaluating
ChatterBot Alpha reevaluating
ChatterBot Romeo reevaluating
ChatterBot Hotel reevaluating
2024-10-14 23:16:36.501651 Charlie: No
2024-10-14 23:16:36.501869 Alpha: Yes
2024-10-14 23:16:36.502041 Romeo: No
2024-10-14 23:16:36.502790 Hotel: No
ChatterBot Alpha reevaluating
ChatterBot Romeo reevaluating
ChatterBot Hotel reevaluating
ChatterBot Charlie reevaluating
ChatterBot Romeo reevaluating
ChatterBot Hotel reevaluating
ChatterBot Charlie reevaluating
ChatterBot Alpha reevaluating
ChatterBot Hotel reevaluating
ChatterBot Charlie reevaluating
ChatterBot Alpha reevaluating
ChatterBot Romeo reevaluating
2024-10-14 23:16:36.580754 Golf: We should drop Uniform
ChatterBot Charlie reevaluating
ChatterBot Alpha reevaluating
ChatterBot Romeo reevaluating
ChatterBot Hotel reevaluating
2024-10-14 23:16:36.602491 Charlie: Yes
2024-10-14 23:16:36.602721 Alpha: Yes
2024-10-14 23:16:36.602919 Delta: Yes
2024-10-14 23:16:36.603087 Romeo: Yes
2024-10-14 23:16:36.603217 Hotel: Yes
ChatterBot Alpha reevaluating
ChatterBot Romeo reevaluating
ChatterBot Hotel reevaluating
ChatterBot Charlie reevaluating
ChatterBot Romeo reevaluating
ChatterBot Hotel reevaluating
ChatterBot Charlie reevaluating
ChatterBot Alpha reevaluating
ChatterBot Romeo reevaluating
ChatterBot Hotel reevaluating
ChatterBot Charlie reevaluating
ChatterBot Alpha reevaluating
ChatterBot Hotel reevaluating
ChatterBot Charlie reevaluating
ChatterBot Alpha reevaluating
ChatterBot Romeo reevaluating
2024-10-14 23:16:36.720189 Zulu: We should drop Delta and Golf
ChatterBot Juliett reevaluating
2024-10-14 23:16:36.732783 Juliett: Yes
2024-10-14 23:16:36.733019 Quebec: Yes
2024-10-14 23:16:36.733226 Uniform: No
ChatterBot Zulu reevaluating
ChatterBot Zulu reevaluating
ChatterBot Juliett reevaluating
ChatterBot Zulu reevaluating
ChatterBot Juliett reevaluating
ChatterBot Quebec reevaluating
2024-10-14 23:16:36.806056 Uniform: Charlie, sending you 1
2024-10-14 23:16:36.806458 Golf: Charlie, Alpha and Delta, sending you 1
2024-10-14 23:16:36.818198 Delta: Charlie, Alpha and Hotel, sending you 5
2024-10-14 23:16:36.818526 Zulu: Juliett, sending you 6
2024-10-14 23:16:36.818810 Uniform: Alpha, Delta and Hotel, sending you 5
2024-10-14 23:16:36.819654 Alpha: Charlie, sending you 9
2024-10-14 23:16:36.819966 Golf: Hotel, sending you 2
2024-10-14 23:16:36.830932 Delta: Romeo, sending you 2
2024-10-14 23:16:36.831410 Zulu: Quebec, sending you 9
2024-10-14 23:16:36.832220 Romeo: Charlie, sending you 3
2024-10-14 23:16:36.832639 Alpha: Delta and Hotel, sending you 3
2024-10-14 23:16:36.833089 Quebec: Juliett, sending you 2
2024-10-14 23:16:36.834151 Hotel: Charlie, sending you 3
2024-10-14 23:16:36.837131 Romeo: Alpha, sending you 4
2024-10-14 23:16:36.837525 Alpha: Romeo, sending you 2
2024-10-14 23:16:36.837888 Charlie: Alpha, sending you 8
2024-10-14 23:16:36.838716 Quebec: Uniform, sending you 1
2024-10-14 23:16:36.839012 Hotel: Alpha, sending you 8
2024-10-14 23:16:36.847058 Romeo: Delta, sending you 7
2024-10-14 23:16:36.847442 Charlie: Delta and Hotel, sending you 4
2024-10-14 23:16:36.847819 Hotel: Delta, sending you 5
2024-10-14 23:16:36.848596 Quebec: Zulu, sending you 9
2024-10-14 23:16:36.880089 Romeo: Hotel, sending you 2
2024-10-14 23:16:36.880638 Charlie: Romeo, sending you 1
2024-10-14 23:16:36.881647 Hotel: Romeo and Golf, sending you 1
chatterbot Uniform submitting transactions
chatterbot Charlie submitting transactions
chatterbot Golf submitting transactions
chatterbot Juliett submitting transactions
chatterbot Alpha submitting transactions
chatterbot Delta submitting transactions
chatterbot Romeo submitting transactions
chatterbot Quebec submitting transactions
chatterbot Zulu submitting transactions
chatterbot Hotel submitting transactions
ChatterBot Juliett round 3
ChatterBot Uniform round 3
2024-10-14 23:16:37.925505 Uniform: We should add Golf
ChatterBot Charlie reevaluating
ChatterBot Alpha reevaluating
2024-10-14 23:16:37.948799 Charlie: Yes
2024-10-14 23:16:37.949042 Alpha: Yes
2024-10-14 23:16:37.949220 Delta: No
2024-10-14 23:16:37.949397 Romeo: No
2024-10-14 23:16:37.949607 Hotel: Yes
ChatterBot Alpha reevaluating
ChatterBot Charlie reevaluating
ChatterBot Delta reevaluating
ChatterBot Romeo reevaluating
ChatterBot Charlie reevaluating
ChatterBot Alpha reevaluating
ChatterBot Romeo reevaluating
ChatterBot Charlie reevaluating
ChatterBot Alpha reevaluating
ChatterBot Delta reevaluating
ChatterBot Charlie reevaluating
ChatterBot Alpha reevaluating
ChatterBot Delta reevaluating
ChatterBot Romeo reevaluating
ChatterBot Charlie round 3
ChatterBot Alpha round 3
ChatterBot Quebec round 3
ChatterBot Delta round 3
ChatterBot Romeo round 3
ChatterBot Golf round 3
ChatterBot Hotel round 3
ChatterBot Zulu round 3
2024-10-14 23:16:38.053666 Uniform: Golf we want you to join our group
ChatterBot Golf reevaluating
2024-10-14 23:16:38.057427 Golf: Yes
ChatterBot Alpha reevaluating
ChatterBot Delta reevaluating
ChatterBot Charlie reevaluating
ChatterBot Hotel reevaluating
ChatterBot Romeo reevaluating
2024-10-14 23:16:38.079680 Golf: We should add Uniform
ChatterBot Charlie reevaluating
ChatterBot Alpha reevaluating
ChatterBot Delta reevaluating
ChatterBot Romeo reevaluating
ChatterBot Hotel reevaluating
2024-10-14 23:16:38.095735 Charlie: Yes
2024-10-14 23:16:38.095872 Alpha: Yes
2024-10-14 23:16:38.095983 Delta: Yes
2024-10-14 23:16:38.096087 Romeo: Yes
2024-10-14 23:16:38.096187 Hotel: Yes
ChatterBot Golf reevaluating
ChatterBot Alpha reevaluating
ChatterBot Delta reevaluating
ChatterBot Romeo reevaluating
ChatterBot Hotel reevaluating
ChatterBot Golf reevaluating
ChatterBot Charlie reevaluating
ChatterBot Delta reevaluating
ChatterBot Romeo reevaluating
ChatterBot Hotel reevaluating
ChatterBot Golf reevaluating
ChatterBot Charlie reevaluating
ChatterBot Alpha reevaluating
ChatterBot Romeo reevaluating
ChatterBot Hotel reevaluating
ChatterBot Golf reevaluating
ChatterBot Charlie reevaluating
ChatterBot Alpha reevaluating
ChatterBot Delta reevaluating
ChatterBot Hotel reevaluating
ChatterBot Golf reevaluating
ChatterBot Charlie reevaluating
ChatterBot Alpha reevaluating
ChatterBot Delta reevaluating
ChatterBot Romeo reevaluating
2024-10-14 23:16:38.188239 Zulu: We should add Uniform
2024-10-14 23:16:38.193328 Quebec: No
2024-10-14 23:16:38.193510 Juliett: Yes
2024-10-14 23:16:38.208576 Juliett: We should drop Delta and Golf
ChatterBot Quebec reevaluating
2024-10-14 23:16:38.215875 Zulu: Yes
2024-10-14 23:16:38.216 Quebec: Yes
2024-10-14 23:16:38.216093 Uniform: No
ChatterBot Quebec reevaluating
ChatterBot Juliett reevaluating
ChatterBot Juliett reevaluating
ChatterBot Quebec reevaluating
2024-10-14 23:16:38.239710 Zulu: Uniform we want you to join our group
2024-10-14 23:16:38.242606 Uniform: No
ChatterBot Zulu reevaluating
ChatterBot Juliett reevaluating
ChatterBot Quebec reevaluating
2024-10-14 23:16:38.252129 Juliett: Group up?
ChatterBot Quebec reevaluating
ChatterBot Zulu reevaluating
2024-10-14 23:16:38.257717 Quebec: Yes
2024-10-14 23:16:38.257862 Zulu: Yes
ChatterBot Juliett reevaluating
ChatterBot Zulu reevaluating
ChatterBot Quebec reevaluating
ChatterBot Juliett reevaluating
2024-10-14 23:16:38.270439 Golf: Uniform we want you to join our group
2024-10-14 23:16:38.273529 Uniform: Yes
ChatterBot Alpha reevaluating
2024-10-14 23:16:38.288098 Quebec: We should drop Uniform
ChatterBot Juliett reevaluating
ChatterBot Zulu reevaluating
2024-10-14 23:16:38.294053 Juliett: No
2024-10-14 23:16:38.294183 Zulu: Yes
ChatterBot Zulu reevaluating
ChatterBot Juliett reevaluating
2024-10-14 23:16:38.305925 Hotel: Uniform and Charlie, sending you 3
2024-10-14 23:16:38.306395 Uniform: Alpha, Delta and Hotel, sending you 4
2024-10-14 23:16:38.306795 Romeo: Uniform and Golf, sending you 1
2024-10-14 23:16:38.307166 Charlie: Uniform and Golf, sending you 1
2024-10-14 23:16:38.308676 Delta: Uniform, Charlie, Alpha and Hotel, sending you 3
2024-10-14 23:16:38.309704 Romeo: Charlie, sending you 3
2024-10-14 23:16:38.310664 Hotel: Alpha and Delta, sending you 4
2024-10-14 23:16:38.311094 Uniform: Romeo, sending you 1
2024-10-14 23:16:38.311686 Charlie: Alpha, sending you 7
2024-10-14 23:16:38.312714 Romeo: Alpha, sending you 4
2024-10-14 23:16:38.313690 Delta: Romeo, sending you 5
2024-10-14 23:16:38.314669 Hotel: Romeo and Golf, sending you 2
2024-10-14 23:16:38.315224 Uniform: Golf, sending you 3
2024-10-14 23:16:38.315770 Charlie: Delta, sending you 4
2024-10-14 23:16:38.317682 Romeo: Delta, sending you 5
2024-10-14 23:16:38.318059 Delta: Golf, sending you 2
2024-10-14 23:16:38.321110 Charlie: Romeo and Hotel, sending you 2
2024-10-14 23:16:38.321634 Golf: Charlie, Alpha and Delta, sending you 1
2024-10-14 23:16:38.322155 Romeo: Hotel, sending you 2
2024-10-14 23:16:38.325680 Golf: Hotel, sending you 2
2024-10-14 23:16:38.328656 Quebec: Juliett, sending you 8
2024-10-14 23:16:38.329661 Juliett: Quebec, sending you 8
2024-10-14 23:16:38.329952 Zulu: Juliett, sending you 7
2024-10-14 23:16:38.333668 Quebec: Zulu, sending you 9
2024-10-14 23:16:38.334028 Juliett: Zulu, sending you 10
2024-10-14 23:16:38.334856 Zulu: Quebec, sending you 9
chatterbot Golf submitting transactions
chatterbot Hotel submitting transactions
chatterbot Zulu submitting transactions
chatterbot Juliett submitting transactions
chatterbot Romeo submitting transactions
chatterbot Charlie submitting transactions
chatterbot Uniform submitting transactions
chatterbot Quebec submitting transactions
chatterbot Delta submitting transactions
chatterbot Alpha submitting transactions
ChatterBot Juliett round 4
ChatterBot Uniform round 4
ChatterBot Charlie round 4
ChatterBot Alpha round 4
ChatterBot Quebec round 4
ChatterBot Delta round 4
ChatterBot Romeo round 4
ChatterBot Golf round 4
ChatterBot Hotel round 4
ChatterBot Zulu round 4
2024-10-14 23:16:39.450655 Uniform: Charlie, Romeo and Golf, sending you 1
2024-10-14 23:16:39.453682 Uniform: Alpha and Hotel, sending you 4
2024-10-14 23:16:39.456653 Charlie: Alpha, sending you 6
2024-10-14 23:16:39.457084 Quebec: Juliett, sending you 8
2024-10-14 23:16:39.457671 Delta: Uniform, Charlie, Alpha and Hotel, sending you 3
2024-10-14 23:16:39.458135 Uniform: Delta, sending you 5
2024-10-14 23:16:39.460655 Charlie: Delta, sending you 4
2024-10-14 23:16:39.461657 Quebec: Zulu, sending you 9
2024-10-14 23:16:39.462656 Delta: Romeo, sending you 5
2024-10-14 23:16:39.463691 Golf: Uniform, Charlie, Alpha, Delta and Hotel, sending you 1
2024-10-14 23:16:39.464680 Romeo: Uniform and Golf, sending you 1
2024-10-14 23:16:39.465133 Charlie: Romeo and Hotel, sending you 3
2024-10-14 23:16:39.465650 Zulu: Juliett, sending you 7
2024-10-14 23:16:39.467696 Delta: Golf, sending you 2
2024-10-14 23:16:39.468663 Juliett: Sending you each 9
2024-10-14 23:16:39.468937 Romeo: Charlie and Alpha, sending you 3
2024-10-14 23:16:39.469362 Charlie: Golf, sending you 1
2024-10-14 23:16:39.469776 Zulu: Quebec, sending you 9
2024-10-14 23:16:39.471674 Hotel: Uniform and Charlie, sending you 3
2024-10-14 23:16:39.472698 Romeo: Delta, sending you 6
2024-10-14 23:16:39.476741 Hotel: Alpha and Delta, sending you 4
2024-10-14 23:16:39.477329 Romeo: Hotel, sending you 2
2024-10-14 23:16:39.481948 Hotel: Romeo and Golf, sending you 2
chatterbot Zulu submitting transactions
chatterbot Hotel submitting transactions
chatterbot Uniform submitting transactions
chatterbot Quebec submitting transactions
chatterbot Golf submitting transactions
chatterbot Romeo submitting transactions
chatterbot Alpha submitting transactions
chatterbot Charlie submitting transactions
chatterbot Delta submitting transactions
chatterbot Juliett submitting transactions
ChatterBot Juliett round 5
ChatterBot Uniform round 5
ChatterBot Charlie round 5
ChatterBot Alpha round 5
ChatterBot Quebec round 5
ChatterBot Delta round 5
ChatterBot Romeo round 5
ChatterBot Golf round 5
ChatterBot Hotel round 5
ChatterBot Zulu round 5
2024-10-14 23:16:40.701706 Juliett: Same as last round
2024-10-14 23:16:40.702738 Charlie: Alpha, sending you 5
2024-10-14 23:16:40.706659 Charlie: Delta, sending you 4
2024-10-14 23:16:40.707828 Delta: Uniform, Charlie, Alpha and Hotel, sending you 3
2024-10-14 23:16:40.708730 Golf: Uniform, Charlie, Alpha, Delta and Hotel, sending you 1
2024-10-14 23:16:40.711971 Quebec: Juliett, sending you 8
2024-10-14 23:16:40.712329 Delta: Romeo, sending you 5
2024-10-14 23:16:40.712978 Charlie: Romeo and Hotel, sending you 3
2024-10-14 23:16:40.713708 Uniform: Alpha, Delta and Hotel, sending you 4
2024-10-14 23:16:40.716762 Quebec: Zulu, sending you 9
2024-10-14 23:16:40.717686 Delta: Golf, sending you 2
2024-10-14 23:16:40.718366 Charlie: Golf, sending you 2
2024-10-14 23:16:40.719399 Romeo: Uniform and Golf, sending you 1
2024-10-14 23:16:40.720106 Uniform: Romeo and Golf, sending you 2
2024-10-14 23:16:40.721540 Zulu: Sending you each 8
2024-10-14 23:16:40.724677 Romeo: Charlie and Alpha, sending you 3
2024-10-14 23:16:40.725415 Hotel: Uniform and Charlie, sending you 3
2024-10-14 23:16:40.728657 Romeo: Delta, sending you 6
2024-10-14 23:16:40.729235 Hotel: Alpha and Delta, sending you 4
2024-10-14 23:16:40.732657 Hotel: Romeo and Golf, sending you 2
2024-10-14 23:16:40.733689 Romeo: Hotel, sending you 2
chatterbot Hotel submitting transactions
chatterbot Golf submitting transactions
chatterbot Zulu submitting transactions
chatterbot Juliett submitting transactions
chatterbot Charlie submitting transactions
chatterbot Romeo submitting transactions
chatterbot Delta submitting transactions
chatterbot Uniform submitting transactions
chatterbot Quebec submitting transactions
chatterbot Alpha submitting transactions
ChatterBot Juliett round 6
ChatterBot Uniform round 6
ChatterBot Charlie round 6
ChatterBot Alpha round 6
ChatterBot Quebec round 6
ChatterBot Delta round 6
ChatterBot Romeo round 6
ChatterBot Golf round 6
ChatterBot Hotel round 6
ChatterBot Zulu round 6
2024-10-14 23:16:41.886454 Alpha: We should add Golf
ChatterBot Romeo reevaluating
2024-10-14 23:16:41.910698 Uniform: Yes
2024-10-14 23:16:41.911086 Charlie: Yes
2024-10-14 23:16:41.911467 Delta: Yes
2024-10-14 23:16:41.912710 Romeo: Yes
2024-10-14 23:16:41.913052 Hotel: Yes
ChatterBot Alpha reevaluating
ChatterBot Romeo reevaluating
ChatterBot Alpha reevaluating
ChatterBot Romeo reevaluating
ChatterBot Alpha reevaluating
ChatterBot Romeo reevaluating
ChatterBot Alpha reevaluating
ChatterBot Alpha reevaluating
ChatterBot Romeo reevaluating
2024-10-14 23:16:42.033914 Golf: We should drop Uniform
ChatterBot Alpha reevaluating
ChatterBot Romeo reevaluating
2024-10-14 23:16:42.060661 Charlie: No
2024-10-14 23:16:42.061016 Alpha: No
2024-10-14 23:16:42.061248 Delta: No
2024-10-14 23:16:42.062160 Romeo: No
2024-10-14 23:16:42.062392 Hotel: No
ChatterBot Golf reevaluating
ChatterBot Alpha reevaluating
ChatterBot Romeo reevaluating
ChatterBot Golf reevaluating
ChatterBot Romeo reevaluating
ChatterBot Golf reevaluating
ChatterBot Alpha reevaluating
ChatterBot Romeo reevaluating
ChatterBot Golf reevaluating
ChatterBot Alpha reevaluating
ChatterBot Golf reevaluating
ChatterBot Alpha reevaluating
ChatterBot Romeo reevaluating
2024-10-14 23:16:42.153026 Quebec: Juliett, sending you 8
2024-10-14 23:16:42.153522 Delta: Uniform, Charlie, Alpha and Hotel, sending you 3
2024-10-14 23:16:42.154661 Alpha: Golf we want you to join our group
ChatterBot Golf reevaluating
2024-10-14 23:16:42.159646 Golf: No
ChatterBot Alpha reevaluating
2024-10-14 23:16:42.177316 Uniform: Alpha, Delta and Hotel, sending you 4
2024-10-14 23:16:42.177951 Juliett: Same as last round
2024-10-14 23:16:42.178741 Charlie: Alpha, sending you 5
2024-10-14 23:16:42.179310 Delta: Romeo, sending you 5
2024-10-14 23:16:42.179896 Quebec: Zulu, sending you 9
2024-10-14 23:16:42.180669 Uniform: Romeo and Golf, sending you 2
2024-10-14 23:16:42.182166 Charlie: Delta, sending you 4
2024-10-14 23:16:42.182809 Hotel: Uniform and Charlie, sending you 3
2024-10-14 23:16:42.183347 Zulu: Same as last round
2024-10-14 23:16:42.184664 Delta: Golf, sending you 2
2024-10-14 23:16:42.186853 Charlie: Romeo and Hotel, sending you 3
2024-10-14 23:16:42.187678 Hotel: Alpha and Delta, sending you 4
2024-10-14 23:16:42.189675 Charlie: Golf, sending you 2
chatterbot Hotel submitting transactions
2024-10-14 23:16:42.191662 Hotel: Romeo and Golf, sending you 2
2024-10-14 23:16:42.200694 Romeo: Uniform and Hotel, sending you 2
2024-10-14 23:16:42.206664 Romeo: Charlie and Alpha, sending you 3
2024-10-14 23:16:42.209723 Golf: Sending you each 1
2024-10-14 23:16:42.210136 Romeo: Delta, sending you 5
2024-10-14 23:16:42.215656 Romeo: Golf, sending you 1
chatterbot Juliett submitting transactions
chatterbot Charlie submitting transactions
chatterbot Quebec submitting transactions
chatterbot Delta submitting transactions
chatterbot Golf submitting transactions
chatterbot Alpha submitting transactions
chatterbot Uniform submitting transactions
chatterbot Zulu submitting transactions
chatterbot Romeo submitting transactions
ChatterBot Juliett round 7
ChatterBot Uniform round 7
ChatterBot Charlie round 7
ChatterBot Alpha round 7
ChatterBot Quebec round 7
ChatterBot Delta round 7
ChatterBot Romeo round 7
ChatterBot Golf round 7
2024-10-14 23:16:43.193796 Alpha: We should add Golf
2024-10-14 23:16:43.208412 Uniform: Yes
2024-10-14 23:16:43.208604 Charlie: Yes
2024-10-14 23:16:43.208743 Delta: Yes
2024-10-14 23:16:43.208873 Romeo: Yes
2024-10-14 23:16:43.209013 Hotel: Yes
ChatterBot Hotel round 7
ChatterBot Zulu round 7
2024-10-14 23:16:43.284281 Alpha: Golf we want you to join our group
ChatterBot Golf reevaluating
2024-10-14 23:16:43.287353 Golf: No
2024-10-14 23:16:43.300078 Golf: We should replace Romeo with Uniform
2024-10-14 23:16:43.316231 Charlie: No
2024-10-14 23:16:43.316415 Alpha: No
2024-10-14 23:16:43.316554 Delta: No
2024-10-14 23:16:43.316733 Hotel: No
ChatterBot Golf reevaluating
ChatterBot Golf reevaluating
ChatterBot Golf reevaluating
ChatterBot Golf reevaluating
2024-10-14 23:16:43.388348 Golf: We should add Uniform
2024-10-14 23:16:43.400326 Charlie: Yes
2024-10-14 23:16:43.400521 Alpha: Yes
2024-10-14 23:16:43.400685 Delta: Yes
2024-10-14 23:16:43.400834 Romeo: Yes
2024-10-14 23:16:43.400963 Hotel: Yes
ChatterBot Golf reevaluating
ChatterBot Golf reevaluating
ChatterBot Golf reevaluating
ChatterBot Golf reevaluating
ChatterBot Golf reevaluating
2024-10-14 23:16:43.472573 Juliett: Same as last round
2024-10-14 23:16:43.472984 Quebec: Juliett, sending you 8
2024-10-14 23:16:43.475665 Quebec: Zulu, sending you 9
2024-10-14 23:16:43.476118 Uniform: Charlie and Golf, sending you 1
2024-10-14 23:16:43.477994 Golf: Uniform we want you to join our group
2024-10-14 23:16:43.481974 Uniform: Yes
ChatterBot Golf reevaluating
2024-10-14 23:16:43.502 Delta: Uniform, Charlie, Alpha and Hotel, sending you 3
2024-10-14 23:16:43.503944 Romeo: Uniform and Hotel, sending you 2
2024-10-14 23:16:43.505575 Charlie: Alpha, sending you 5
2024-10-14 23:16:43.506587 Uniform: Alpha, Delta and Hotel, sending you 4
chatterbot Juliett submitting transactions
2024-10-14 23:16:43.508634 Delta: Romeo, sending you 5
2024-10-14 23:16:43.509988 Charlie: Delta, sending you 4
2024-10-14 23:16:43.511989 Romeo: Charlie and Alpha, sending you 3
2024-10-14 23:16:43.513175 Zulu: Same as last round
2024-10-14 23:16:43.513644 Uniform: Romeo, sending you 2
2024-10-14 23:16:43.515084 Hotel: Uniform and Charlie, sending you 3
2024-10-14 23:16:43.516249 Delta: Golf, sending you 2
2024-10-14 23:16:43.516804 Charlie: Romeo and Hotel, sending you 3
2024-10-14 23:16:43.517964 Romeo: Delta, sending you 5
2024-10-14 23:16:43.518737 Hotel: Alpha and Delta, sending you 4
2024-10-14 23:16:43.521684 Charlie: Golf, sending you 2
2024-10-14 23:16:43.523010 Romeo: Golf, sending you 1
2024-10-14 23:16:43.523611 Hotel: Romeo and Golf, sending you 2
2024-10-14 23:16:43.532727 Golf: Sending you each 1
chatterbot Alpha submitting transactions
chatterbot Charlie submitting transactions
chatterbot Uniform submitting transactions
chatterbot Zulu submitting transactions
chatterbot Golf submitting transactions
chatterbot Delta submitting transactions
chatterbot Quebec submitting transactions
chatterbot Romeo submitting transactions
chatterbot Hotel submitting transactions
ChatterBot Juliett round 8
ChatterBot Uniform round 8
ChatterBot Charlie round 8
ChatterBot Alpha round 8
ChatterBot Quebec round 8
ChatterBot Delta round 8
ChatterBot Romeo round 8
ChatterBot Golf round 8
2024-10-14 23:16:44.479366 Alpha: We should add Golf
2024-10-14 23:16:44.492086 Uniform: Yes
2024-10-14 23:16:44.492248 Charlie: Yes
2024-10-14 23:16:44.492401 Delta: Yes
2024-10-14 23:16:44.492519 Romeo: Yes
2024-10-14 23:16:44.492653 Hotel: Yes
ChatterBot Hotel round 8
ChatterBot Zulu round 8
2024-10-14 23:16:44.572533 Golf: We should add Romeo
2024-10-14 23:16:44.583534 Uniform: Yes
2024-10-14 23:16:44.583664 Charlie: Yes
2024-10-14 23:16:44.583823 Alpha: Yes
2024-10-14 23:16:44.583941 Delta: Yes
2024-10-14 23:16:44.584039 Hotel: Yes
ChatterBot Golf reevaluating
ChatterBot Golf reevaluating
ChatterBot Golf reevaluating
ChatterBot Golf reevaluating
ChatterBot Golf reevaluating
2024-10-14 23:16:44.652583 Alpha: Golf we want you to join our group
ChatterBot Golf reevaluating
2024-10-14 23:16:44.655964 Golf: No
2024-10-14 23:16:44.680920 Zulu: We should add Golf
2024-10-14 23:16:44.686918 Quebec: No
2024-10-14 23:16:44.687103 Juliett: No
ChatterBot Juliett reevaluating
ChatterBot Zulu reevaluating
ChatterBot Zulu reevaluating
2024-10-14 23:16:44.705770 Juliett: Golf we want you to join our group
ChatterBot Golf reevaluating
2024-10-14 23:16:44.709469 Golf: No
ChatterBot Juliett reevaluating
ChatterBot Zulu reevaluating
2024-10-14 23:16:44.716984 Golf: We should replace Uniform with Romeo
2024-10-14 23:16:44.727646 Charlie: No
2024-10-14 23:16:44.727805 Alpha: No
2024-10-14 23:16:44.727926 Delta: No
2024-10-14 23:16:44.728052 Hotel: No
ChatterBot Golf reevaluating
ChatterBot Golf reevaluating
ChatterBot Golf reevaluating
ChatterBot Golf reevaluating
2024-10-14 23:16:44.782322 Uniform: Charlie, sending you 1
2024-10-14 23:16:44.785677 Romeo: Uniform and Hotel, sending you 2
2024-10-14 23:16:44.786724 Hotel: Uniform and Charlie, sending you 3
2024-10-14 23:16:44.787668 Uniform: Alpha and Delta, sending you 4
2024-10-14 23:16:44.788745 Delta: Uniform, Charlie, Alpha and Hotel, sending you 3
2024-10-14 23:16:44.790189 Golf: Romeo we want you to join our group
2024-10-14 23:16:44.794098 Romeo: Yes
ChatterBot Golf reevaluating
2024-10-14 23:16:44.812172 Charlie: Alpha, sending you 5
2024-10-14 23:16:44.813800 Quebec: Juliett, sending you 8
2024-10-14 23:16:44.814234 Romeo: Charlie and Alpha, sending you 3
2024-10-14 23:16:44.815199 Hotel: Alpha and Delta, sending you 4
2024-10-14 23:16:44.816198 Uniform: Romeo and Golf, sending you 2
2024-10-14 23:16:44.817684 Delta: Romeo, sending you 5
2024-10-14 23:16:44.818626 Charlie: Delta, sending you 4
2024-10-14 23:16:44.820165 Quebec: Zulu, sending you 9
2024-10-14 23:16:44.820559 Romeo: Delta, sending you 5
2024-10-14 23:16:44.821516 Hotel: Romeo and Golf, sending you 2
2024-10-14 23:16:44.822484 Uniform: Hotel, sending you 3
2024-10-14 23:16:44.823934 Zulu: Same as last round
2024-10-14 23:16:44.824291 Delta: Golf, sending you 2
2024-10-14 23:16:44.825186 Romeo: Golf, sending you 1
2024-10-14 23:16:44.826662 Charlie: Romeo and Hotel, sending you 3
2024-10-14 23:16:44.830688 Juliett: Quebec and Zulu, sending you 8
2024-10-14 23:16:44.831667 Charlie: Golf, sending you 2
2024-10-14 23:16:44.835683 Juliett: Golf, sending you 2
2024-10-14 23:16:44.852706 Golf: Uniform, Charlie, Alpha, Delta and Hotel, sending you 1
chatterbot Charlie submitting transactions
chatterbot Delta submitting transactions
chatterbot Quebec submitting transactions
chatterbot Hotel submitting transactions
chatterbot Uniform submitting transactions
chatterbot Golf submitting transactions
chatterbot Romeo submitting transactions
chatterbot Alpha submitting transactions
chatterbot Zulu submitting transactions
chatterbot Juliett submitting transactions
ChatterBot Juliett round 9
ChatterBot Uniform round 9
ChatterBot Charlie round 9
ChatterBot Alpha round 9
ChatterBot Quebec round 9
ChatterBot Delta round 9
ChatterBot Romeo round 9
ChatterBot Golf round 9
ChatterBot Hotel round 9
ChatterBot Zulu round 9
2024-10-14 23:16:46.029455 Alpha: We should add Golf
2024-10-14 23:16:46.046880 Uniform: Yes
2024-10-14 23:16:46.047749 Charlie: Yes
2024-10-14 23:16:46.047962 Delta: Yes
2024-10-14 23:16:46.048095 Romeo: Yes
2024-10-14 23:16:46.048226 Hotel: Yes
2024-10-14 23:16:46.157055 Alpha: Golf we want you to join our group
2024-10-14 23:16:46.161127 Golf: No
2024-10-14 23:16:46.179591 Golf: We should drop Uniform
2024-10-14 23:16:46.194977 Charlie: No
2024-10-14 23:16:46.195153 Alpha: No
2024-10-14 23:16:46.196111 Delta: No
2024-10-14 23:16:46.196283 Romeo: No
2024-10-14 23:16:46.196391 Hotel: No
ChatterBot Golf reevaluating
ChatterBot Golf reevaluating
ChatterBot Golf reevaluating
ChatterBot Golf reevaluating
ChatterBot Golf reevaluating
2024-10-14 23:16:46.277172 Juliett: Quebec and Zulu, sending you 8
2024-10-14 23:16:46.279691 Charlie: Alpha, sending you 5
2024-10-14 23:16:46.281859 Uniform: Charlie, sending you 1
2024-10-14 23:16:46.283700 Romeo: Uniform and Hotel, sending you 2
2024-10-14 23:16:46.285372 Delta: Uniform, Charlie, Alpha and Hotel, sending you 3
2024-10-14 23:16:46.288492 Juliett: Golf, sending you 2
2024-10-14 23:16:46.288939 Hotel: Uniform and Charlie, sending you 3
2024-10-14 23:16:46.290708 Quebec: Juliett, sending you 8
2024-10-14 23:16:46.291684 Charlie: Delta, sending you 4
2024-10-14 23:16:46.293788 Uniform: Alpha and Delta, sending you 4
2024-10-14 23:16:46.295543 Romeo: Charlie and Alpha, sending you 3
2024-10-14 23:16:46.297794 Delta: Romeo, sending you 5
2024-10-14 23:16:46.299278 Hotel: Alpha and Delta, sending you 4
2024-10-14 23:16:46.301713 Quebec: Zulu, sending you 9
2024-10-14 23:16:46.302142 Charlie: Romeo and Hotel, sending you 3
2024-10-14 23:16:46.303693 Uniform: Romeo and Golf, sending you 2
2024-10-14 23:16:46.305322 Delta: Golf, sending you 2
2024-10-14 23:16:46.307714 Romeo: Delta, sending you 5
2024-10-14 23:16:46.309542 Zulu: Same as last round
2024-10-14 23:16:46.309995 Hotel: Romeo and Golf, sending you 2
2024-10-14 23:16:46.311957 Charlie: Golf, sending you 2
2024-10-14 23:16:46.313523 Uniform: Hotel, sending you 3
2024-10-14 23:16:46.315970 Romeo: Golf, sending you 1
2024-10-14 23:16:46.318200 Golf: Juliett, sending you 3
2024-10-14 23:16:46.324223 Golf: Quebec and Zulu, sending you 1
chatterbot Romeo submitting transactions
chatterbot Charlie submitting transactions
chatterbot Delta submitting transactions
chatterbot Hotel submitting transactions
chatterbot Juliett submitting transactions
chatterbot Alpha submitting transactions
chatterbot Uniform submitting transactions
chatterbot Zulu submitting transactions
chatterbot Golf submitting transactions
chatterbot Quebec submitting transactions
ChatterBot Juliett round 10
ChatterBot Uniform round 10
ChatterBot Charlie round 10
ChatterBot Alpha round 10
ChatterBot Quebec round 10
ChatterBot Delta round 10
ChatterBot Romeo round 10
ChatterBot Golf round 10
ChatterBot Hotel round 10
ChatterBot Zulu round 10
2024-10-14 23:16:47.411780 Zulu: We should add Golf
2024-10-14 23:16:47.417139 Quebec: No
2024-10-14 23:16:47.417286 Juliett: No
ChatterBot Juliett reevaluating
ChatterBot Zulu reevaluating
ChatterBot Zulu reevaluating
2024-10-14 23:16:47.434648 Charlie: Uniform and Golf, sending you 1
2024-10-14 23:16:47.438738 Zulu: Golf we want you to join our group
2024-10-14 23:16:47.442076 Golf: No
ChatterBot Juliett reevaluating
ChatterBot Zulu reevaluating
2024-10-14 23:16:47.452072 Charlie: Alpha, sending you 5
2024-10-14 23:16:47.455653 Charlie: Delta, sending you 4
2024-10-14 23:16:47.457396 Uniform: Charlie and Golf, sending you 1
2024-10-14 23:16:47.459183 Romeo: Uniform and Hotel, sending you 2
2024-10-14 23:16:47.460397 Golf: Uniform, Charlie, Alpha, Delta and Hotel, sending you 1
2024-10-14 23:16:47.462098 Quebec: Juliett, sending you 8
2024-10-14 23:16:47.462490 Delta: Uniform, Charlie, Alpha and Hotel, sending you 3
2024-10-14 23:16:47.464080 Hotel: Uniform, Charlie and Romeo, sending you 3
2024-10-14 23:16:47.465574 Charlie: Romeo and Hotel, sending you 3
2024-10-14 23:16:47.467010 Romeo: Charlie and Alpha, sending you 3
2024-10-14 23:16:47.467871 Uniform: Alpha, sending you 5
2024-10-14 23:16:47.469169 Quebec: Zulu, sending you 9
2024-10-14 23:16:47.469447 Delta: Romeo, sending you 5
2024-10-14 23:16:47.470188 Hotel: Alpha and Delta, sending you 4
2024-10-14 23:16:47.471663 Romeo: Delta, sending you 5
2024-10-14 23:16:47.472661 Delta: Golf, sending you 2
2024-10-14 23:16:47.474502 Uniform: Delta, sending you 4
2024-10-14 23:16:47.476107 Hotel: Golf, sending you 1
2024-10-14 23:16:47.477106 Romeo: Golf, sending you 1
2024-10-14 23:16:47.478664 Uniform: Romeo, sending you 2
2024-10-14 23:16:47.479711 Juliett: Quebec, sending you 7
2024-10-14 23:16:47.481663 Zulu: Same as last round
2024-10-14 23:16:47.482656 Uniform: Hotel, sending you 3
2024-10-14 23:16:47.484753 Juliett: Golf, sending you 3
2024-10-14 23:16:47.487663 Juliett: Zulu, sending you 8
chatterbot Hotel submitting transactions
chatterbot Quebec submitting transactions
chatterbot Zulu submitting transactions
chatterbot Golf submitting transactions
chatterbot Charlie submitting transactions
chatterbot Juliett submitting transactions
chatterbot Alpha submitting transactions
chatterbot Uniform submitting transactions
chatterbot Romeo submitting transactions
chatterbot Delta submitting transactions
ChatterBot Juliett round 11
ChatterBot Uniform round 11
ChatterBot Charlie round 11
ChatterBot Alpha round 11
ChatterBot Quebec round 11
ChatterBot Delta round 11
ChatterBot Romeo round 11
ChatterBot Golf round 11
ChatterBot Hotel round 11
ChatterBot Zulu round 11
2024-10-14 23:16:48.706744 Juliett: Quebec, sending you 7
2024-10-14 23:16:48.707830 Charlie: Alpha, sending you 5
2024-10-14 23:16:48.711828 Juliett: Golf, sending you 3
2024-10-14 23:16:48.712691 Hotel: Uniform, Charlie and Romeo, sending you 3
2024-10-14 23:16:48.715370 Charlie: Delta, sending you 4
2024-10-14 23:16:48.717033 Juliett: Zulu, sending you 8
2024-10-14 23:16:48.718702 Romeo: Uniform and Hotel, sending you 2
2024-10-14 23:16:48.720644 Hotel: Alpha and Delta, sending you 4
2024-10-14 23:16:48.722098 Charlie: Romeo and Hotel, sending you 3
2024-10-14 23:16:48.722920 Quebec: Juliett, sending you 8
2024-10-14 23:16:48.723674 Romeo: Charlie and Alpha, sending you 3
2024-10-14 23:16:48.725920 Uniform: Charlie, sending you 1
2024-10-14 23:16:48.729302 Delta: Uniform, Charlie, Alpha and Hotel, sending you 3
2024-10-14 23:16:48.731823 Quebec: Zulu, sending you 9
2024-10-14 23:16:48.732910 Hotel: Golf, sending you 1
2024-10-14 23:16:48.735078 Charlie: Golf, sending you 2
2024-10-14 23:16:48.737833 Golf: Uniform, Charlie, Alpha, Delta and Hotel, sending you 1
2024-10-14 23:16:48.741075 Zulu: Same as last round
2024-10-14 23:16:48.741658 Romeo: Delta, sending you 5
2024-10-14 23:16:48.743967 Uniform: Alpha and Delta, sending you 4
2024-10-14 23:16:48.746967 Delta: Romeo, sending you 5
2024-10-14 23:16:48.750001 Romeo: Golf, sending you 1
2024-10-14 23:16:48.752275 Uniform: Romeo and Golf, sending you 2
2024-10-14 23:16:48.755155 Delta: Golf, sending you 2
2024-10-14 23:16:48.757686 Uniform: Hotel, sending you 3
chatterbot Hotel submitting transactions
chatterbot Quebec submitting transactions
chatterbot Delta submitting transactions
chatterbot Alpha submitting transactions
chatterbot Romeo submitting transactions
chatterbot Charlie submitting transactions
chatterbot Juliett submitting transactions
chatterbot Golf submitting transactions
chatterbot Uniform submitting transactions
chatterbot Zulu submitting transactions
ChatterBot Juliett round 12
ChatterBot Uniform round 12
ChatterBot Charlie round 12
ChatterBot Alpha round 12
ChatterBot Quebec round 12
ChatterBot Delta round 12
ChatterBot Romeo round 12
ChatterBot Golf round 12
ChatterBot Hotel round 12
ChatterBot Zulu round 12
2024-10-14 23:16:49.946983 Zulu: We should add Golf
2024-10-14 23:16:49.953994 Quebec: No
2024-10-14 23:16:49.954185 Juliett: No
ChatterBot Juliett reevaluating
2024-10-14 23:16:49.968100 Zulu: Golf we want you to join our group
2024-10-14 23:16:49.971202 Golf: No
ChatterBot Juliett reevaluating
2024-10-14 23:16:49.984158 Quebec: Juliett, sending you 8
2024-10-14 23:16:49.987678 Delta: Uniform, Charlie, Alpha and Hotel, sending you 3
2024-10-14 23:16:49.990264 Hotel: Uniform, Charlie and Romeo, sending you 3
2024-10-14 23:16:49.992496 Quebec: Zulu, sending you 9
2024-10-14 23:16:49.992838 Golf: Uniform, Charlie, Alpha, Delta and Hotel, sending you 1
2024-10-14 23:16:49.995153 Charlie: Uniform, sending you 1
2024-10-14 23:16:49.997219 Uniform: Charlie, sending you 1
2024-10-14 23:16:49.999086 Romeo: Uniform and Hotel, sending you 2
2024-10-14 23:16:50.001516 Delta: Romeo, sending you 5
2024-10-14 23:16:50.002754 Hotel: Alpha and Delta, sending you 4
2024-10-14 23:16:50.007215 Charlie: Alpha, sending you 5
2024-10-14 23:16:50.011141 Uniform: Alpha and Delta, sending you 4
2024-10-14 23:16:50.015438 Romeo: Charlie and Alpha, sending you 3
2024-10-14 23:16:50.019729 Delta: Golf, sending you 2
2024-10-14 23:16:50.023755 Zulu: Juliett, sending you 7
