ChatterBot Alpha round 1
randomSelections Alpha: {Alpha, Echo, Delta, Victor, India, Romeo, Lima} 
2024-10-14 23:16:28.929091 Alpha: Friends?
ChatterBot Lima round 1
ChatterBot Lima reevaluating
2024-10-14 23:16:28.943883 Lima: Yes
ChatterBot Sierra round 1
ChatterBot Golf round 1
ChatterBot Echo round 1
ChatterBot Echo reevaluating
ChatterBot Echo reevaluating
2024-10-14 23:16:28.965009 Echo: Yes
ChatterBot Lima reevaluating
ChatterBot Romeo round 1
ChatterBot Romeo reevaluating
ChatterBot Romeo reevaluating
ChatterBot Romeo reevaluating
2024-10-14 23:16:28.982951 Romeo: Yes
ChatterBot Echo reevaluating
ChatterBot Lima reevaluating
ChatterBot India round 1
ChatterBot India reevaluating
ChatterBot India reevaluating
ChatterBot India reevaluating
ChatterBot India reevaluating
2024-10-14 23:16:29.003010 India: Yes
ChatterBot Echo reevaluating
ChatterBot Romeo reevaluating
ChatterBot Lima reevaluating
ChatterBot Delta round 1
ChatterBot Delta reevaluating
ChatterBot Delta reevaluating
ChatterBot Delta reevaluating
ChatterBot Delta reevaluating
ChatterBot Delta reevaluating
2024-10-14 23:16:29.023802 Delta: Yes
ChatterBot Echo reevaluating
ChatterBot India reevaluating
ChatterBot Romeo reevaluating
ChatterBot Lima reevaluating
ChatterBot X-ray round 1
ChatterBot Victor round 1
ChatterBot Victor reevaluating
ChatterBot Victor reevaluating
ChatterBot Victor reevaluating
ChatterBot Victor reevaluating
ChatterBot Victor reevaluating
ChatterBot Victor reevaluating
2024-10-14 23:16:29.048814 Victor: Yes
ChatterBot Echo reevaluating
ChatterBot Delta reevaluating
ChatterBot India reevaluating
ChatterBot Romeo reevaluating
ChatterBot Lima reevaluating
randomSelections Golf: {Golf, Delta, Lima, Alpha, India, Romeo, X-ray} 
2024-10-14 23:16:29.070440 Golf: We should group up
ChatterBot Delta reevaluating
ChatterBot Lima reevaluating
ChatterBot India reevaluating
ChatterBot Romeo reevaluating
ChatterBot X-ray reevaluating
2024-10-14 23:16:29.083935 Delta: No
2024-10-14 23:16:29.084105 Lima: No
2024-10-14 23:16:29.084710 Alpha: No
2024-10-14 23:16:29.084858 India: No
2024-10-14 23:16:29.084993 Romeo: No
2024-10-14 23:16:29.085129 X-ray: Yes
ChatterBot Lima reevaluating
ChatterBot India reevaluating
ChatterBot Romeo reevaluating
ChatterBot X-ray reevaluating
ChatterBot Delta reevaluating
ChatterBot India reevaluating
ChatterBot Romeo reevaluating
ChatterBot X-ray reevaluating
ChatterBot Delta reevaluating
ChatterBot Lima reevaluating
ChatterBot India reevaluating
ChatterBot Romeo reevaluating
ChatterBot X-ray reevaluating
ChatterBot Delta reevaluating
ChatterBot Lima reevaluating
ChatterBot Romeo reevaluating
ChatterBot X-ray reevaluating
ChatterBot Delta reevaluating
ChatterBot Lima reevaluating
ChatterBot India reevaluating
ChatterBot X-ray reevaluating
ChatterBot Delta reevaluating
ChatterBot Lima reevaluating
ChatterBot India reevaluating
ChatterBot Romeo reevaluating
randomSelections Sierra: {Sierra, Echo, Golf, India, X-ray, Delta} 
2024-10-14 23:16:29.245675 Sierra: Group up?
ChatterBot Echo reevaluating
ChatterBot India reevaluating
ChatterBot X-ray reevaluating
ChatterBot Delta reevaluating
2024-10-14 23:16:29.256399 Echo: No
2024-10-14 23:16:29.256800 Golf: No
2024-10-14 23:16:29.257125 India: No
2024-10-14 23:16:29.257471 X-ray: No
2024-10-14 23:16:29.258417 Delta: No
ChatterBot India reevaluating
ChatterBot X-ray reevaluating
ChatterBot Delta reevaluating
ChatterBot Echo reevaluating
ChatterBot India reevaluating
ChatterBot X-ray reevaluating
ChatterBot Delta reevaluating
ChatterBot Echo reevaluating
ChatterBot X-ray reevaluating
ChatterBot Delta reevaluating
ChatterBot Echo reevaluating
ChatterBot India reevaluating
ChatterBot Delta reevaluating
ChatterBot Echo reevaluating
ChatterBot India reevaluating
ChatterBot X-ray reevaluating
2024-10-14 23:16:29.314526 Alpha: Lima and Echo, sending you 2
2024-10-14 23:16:29.318761 Alpha: Romeo, sending you 3
2024-10-14 23:16:29.323713 Alpha: India, sending you 4
2024-10-14 23:16:29.326284 Sierra: Golf, sending you 4
2024-10-14 23:16:29.327700 Alpha: Delta, sending you 5
2024-10-14 23:16:29.329527 Lima: Alpha and Delta, sending you 3
2024-10-14 23:16:29.331347 India: Alpha and Romeo, sending you 1
2024-10-14 23:16:29.332478 Delta: Alpha and Echo, sending you 2
2024-10-14 23:16:29.334477 Sierra: Echo and Delta, sending you 2
2024-10-14 23:16:29.335138 Echo: Alpha, sending you 1
2024-10-14 23:16:29.336908 Victor: Alpha, Echo and Romeo, sending you 3
2024-10-14 23:16:29.337775 Alpha: Victor, sending you 1
2024-10-14 23:16:29.339847 Golf: Alpha, India, Delta and X-ray, sending you 3
2024-10-14 23:16:29.340792 Romeo: Lima and India, sending you 3
2024-10-14 23:16:29.342553 Lima: Echo and Victor, sending you 1
2024-10-14 23:16:29.343221 India: Lima, sending you 5
2024-10-14 23:16:29.344769 Delta: Lima, sending you 3
2024-10-14 23:16:29.345584 Sierra: India and X-ray, sending you 5
2024-10-14 23:16:29.346148 Echo: Lima and Victor, sending you 2
2024-10-14 23:16:29.347573 X-ray: Lima and Golf, sending you 4
2024-10-14 23:16:29.348222 Victor: Lima and Delta, sending you 1
2024-10-14 23:16:29.350264 Golf: Lima, sending you 2
2024-10-14 23:16:29.350877 Lima: Romeo, sending you 7
2024-10-14 23:16:29.352384 Romeo: Echo, sending you 5
2024-10-14 23:16:29.353283 Delta: India and Victor, sending you 1
2024-10-14 23:16:29.354852 India: Echo and Delta, sending you 4
2024-10-14 23:16:29.355508 X-ray: Romeo, sending you 5
2024-10-14 23:16:29.357118 Echo: Romeo and India, sending you 5
2024-10-14 23:16:29.358830 Victor: India, sending you 2
2024-10-14 23:16:29.359992 Golf: Romeo, sending you 1
2024-10-14 23:16:29.361470 Lima: India, sending you 2
2024-10-14 23:16:29.362939 Romeo: Delta, sending you 4
2024-10-14 23:16:29.363777 India: Victor, sending you 2
2024-10-14 23:16:29.365331 X-ray: India, sending you 2
2024-10-14 23:16:29.368814 Romeo: Victor, sending you 2
2024-10-14 23:16:29.371220 X-ray: Delta, sending you 1
chatterbot Victor submitting transactions
chatterbot Sierra submitting transactions
chatterbot Lima submitting transactions
chatterbot Alpha submitting transactions
chatterbot Romeo submitting transactions
chatterbot X-ray submitting transactions
chatterbot Delta submitting transactions
chatterbot Golf submitting transactions
chatterbot Echo submitting transactions
chatterbot India submitting transactions
ChatterBot Alpha round 2
ChatterBot Lima round 2
ChatterBot Sierra round 2
ChatterBot Golf round 2
ChatterBot Echo round 2
2024-10-14 23:16:30.576913 Sierra: We would work well together
ChatterBot Golf reevaluating
ChatterBot X-ray reevaluating
2024-10-14 23:16:30.596792 Golf: Yes
2024-10-14 23:16:30.596976 X-ray: No
ChatterBot X-ray reevaluating
ChatterBot Golf reevaluating
ChatterBot Romeo round 2
ChatterBot India round 2
ChatterBot Delta round 2
ChatterBot X-ray round 2
ChatterBot Victor round 2
2024-10-14 23:16:30.657859 Romeo: We should drop Delta
ChatterBot Echo reevaluating
2024-10-14 23:16:30.674636 Alpha: No
2024-10-14 23:16:30.674789 Lima: No
2024-10-14 23:16:30.674907 Echo: Yes
2024-10-14 23:16:30.675026 India: No
2024-10-14 23:16:30.675140 Victor: No
ChatterBot Echo reevaluating
ChatterBot Echo reevaluating
ChatterBot Echo reevaluating
ChatterBot Echo reevaluating
2024-10-14 23:16:30.758066 Sierra: Sending you each 9
2024-10-14 23:16:30.758324 Alpha: Lima, sending you 5
2024-10-14 23:16:30.761805 Delta: Alpha, sending you 5
2024-10-14 23:16:30.762747 Alpha: Echo and India, sending you 2
2024-10-14 23:16:30.763291 Lima: Alpha, Echo, Romeo and Delta, sending you 3
2024-10-14 23:16:30.764290 Golf: Sierra and X-ray, sending you 7
2024-10-14 23:16:36.121065 Delta: Lima, Romeo and India, sending you 3
2024-10-14 23:16:36.122134 Alpha: Romeo, sending you 1
2024-10-14 23:16:36.122590 Golf: Delta, sending you 3
2024-10-14 23:16:36.123366 Lima: India, sending you 4
2024-10-14 23:16:36.124100 India: Alpha and Echo, sending you 4
2024-10-14 23:16:36.130366 Delta: Victor, sending you 1
2024-10-14 23:16:36.131454 Alpha: Delta, sending you 3
2024-10-14 23:16:36.132001 Victor: Alpha and Lima, sending you 2
2024-10-14 23:16:36.132998 Romeo: Alpha and Victor, sending you 3
2024-10-14 23:16:36.133343 India: Lima, Delta and Victor, sending you 2
2024-10-14 23:16:36.134274 Lima: Victor, sending you 1
2024-10-14 23:16:36.134775 X-ray: Sierra, sending you 8
2024-10-14 23:16:36.141423 Alpha: Victor, sending you 4
2024-10-14 23:16:36.142380 Victor: Echo, Romeo and India, sending you 3
2024-10-14 23:16:36.142739 India: Romeo, sending you 3
2024-10-14 23:16:36.143096 Romeo: Lima, sending you 5
2024-10-14 23:16:36.143813 X-ray: Golf, sending you 7
2024-10-14 23:16:36.162046 Romeo: Echo, sending you 4
2024-10-14 23:16:36.163020 Echo: Alpha, sending you 3
2024-10-14 23:16:36.195960 Romeo: India, sending you 2
2024-10-14 23:16:36.196989 Echo: Lima, sending you 1
2024-10-14 23:16:36.254706 Echo: Romeo and India, sending you 5
chatterbot Alpha submitting transactions
2024-10-14 23:16:36.452592 Echo: Victor, sending you 4
chatterbot Sierra submitting transactions
chatterbot X-ray submitting transactions
chatterbot Victor submitting transactions
chatterbot Golf submitting transactions
chatterbot Romeo submitting transactions
chatterbot Delta submitting transactions
chatterbot Echo submitting transactions
chatterbot Lima submitting transactions
chatterbot India submitting transactions
ChatterBot Alpha round 3
ChatterBot Lima round 3
ChatterBot Sierra round 3
ChatterBot Golf round 3
ChatterBot Echo round 3
ChatterBot Romeo round 3
ChatterBot India round 3
ChatterBot Delta round 3
ChatterBot X-ray round 3
ChatterBot Victor round 3
2024-10-14 23:16:37.045753 Echo: We should add Delta
2024-10-14 23:16:37.061142 Romeo: No
2024-10-14 23:16:37.061323 Alpha: Yes
2024-10-14 23:16:37.061464 Lima: Yes
2024-10-14 23:16:37.061590 India: Yes
2024-10-14 23:16:37.062221 Victor: Yes
ChatterBot Echo reevaluating
ChatterBot Echo reevaluating
ChatterBot Echo reevaluating
ChatterBot Echo reevaluating
ChatterBot Echo reevaluating
2024-10-14 23:16:37.181758 Echo: Delta we want you to join our group
2024-10-14 23:16:37.187094 Delta: Yes
ChatterBot Echo reevaluating
2024-10-14 23:16:37.251399 Lima: Alpha, India and Delta, sending you 3
2024-10-14 23:16:37.252665 Sierra: Same as last round
2024-10-14 23:16:37.253026 Golf: Sending you each 8
2024-10-14 23:16:37.253317 Romeo: Alpha, sending you 2
2024-10-14 23:16:37.254197 Alpha: Lima, India and Victor, sending you 3
2024-10-14 23:16:37.254713 Delta: Alpha, sending you 5
2024-10-14 23:16:37.255727 India: Alpha, Lima and Romeo, sending you 3
2024-10-14 23:16:37.256215 Victor: Alpha and India, sending you 2
2024-10-14 23:16:37.256683 X-ray: Sierra, sending you 8
2024-10-14 23:16:37.258275 Lima: Echo and Victor, sending you 2
2024-10-14 23:16:37.259159 Alpha: Echo and Romeo, sending you 2
2024-10-14 23:16:37.259581 Delta: Lima and India, sending you 4
2024-10-14 23:16:37.259981 Romeo: Lima, sending you 4
2024-10-14 23:16:37.260719 India: Echo, sending you 4
2024-10-14 23:16:37.261195 Victor: Lima and Delta, sending you 1
2024-10-14 23:16:37.261648 X-ray: Golf, sending you 7
2024-10-14 23:16:37.262561 Alpha: Delta, sending you 4
2024-10-14 23:16:37.264169 Lima: Romeo, sending you 4
2024-10-14 23:16:37.264698 Delta: Romeo, sending you 3
2024-10-14 23:16:37.265200 India: Delta and Victor, sending you 2
2024-10-14 23:16:37.266312 Romeo: Echo, sending you 5
2024-10-14 23:16:37.266845 Victor: Echo, sending you 4
2024-10-14 23:16:37.271427 Delta: Victor, sending you 1
2024-10-14 23:16:37.272997 Romeo: India and Victor, sending you 3
2024-10-14 23:16:37.273458 Victor: Romeo, sending you 3
2024-10-14 23:16:37.281819 Echo: Alpha, sending you 2
2024-10-14 23:16:37.289511 Echo: Lima and Victor, sending you 3
2024-10-14 23:16:37.310097 Echo: Romeo, sending you 5
2024-10-14 23:16:37.321251 Echo: India, sending you 4
2024-10-14 23:16:37.332885 Echo: Delta, sending you 1
chatterbot Lima submitting transactions
chatterbot X-ray submitting transactions
chatterbot Alpha submitting transactions
chatterbot Romeo submitting transactions
chatterbot Echo submitting transactions
chatterbot Golf submitting transactions
chatterbot Sierra submitting transactions
chatterbot India submitting transactions
chatterbot Victor submitting transactions
chatterbot Delta submitting transactions
ChatterBot Alpha round 4
ChatterBot Lima round 4
ChatterBot Sierra round 4
ChatterBot Golf round 4
ChatterBot Echo round 4
ChatterBot Romeo round 4
ChatterBot India round 4
ChatterBot Delta round 4
ChatterBot X-ray round 4
ChatterBot Victor round 4
2024-10-14 23:16:38.512275 Romeo: We should add Delta
2024-10-14 23:16:38.524307 Alpha: Yes
2024-10-14 23:16:38.524457 Lima: Yes
2024-10-14 23:16:38.524569 Echo: Yes
2024-10-14 23:16:38.524694 India: Yes
2024-10-14 23:16:38.524837 Victor: Yes
ChatterBot Romeo reevaluating
ChatterBot Romeo reevaluating
ChatterBot Romeo reevaluating
ChatterBot Romeo reevaluating
ChatterBot Romeo reevaluating
2024-10-14 23:16:38.589383 Romeo: We should replace Victor with Delta
2024-10-14 23:16:38.598381 Alpha: No
2024-10-14 23:16:38.598559 Lima: No
2024-10-14 23:16:38.598676 Echo: No
2024-10-14 23:16:38.598815 India: No
ChatterBot Romeo reevaluating
ChatterBot Romeo reevaluating
ChatterBot Romeo reevaluating
ChatterBot Romeo reevaluating
2024-10-14 23:16:38.639240 Romeo: We should replace Alpha with Delta
2024-10-14 23:16:38.648917 Lima: No
2024-10-14 23:16:38.649026 Echo: No
2024-10-14 23:16:38.649109 India: No
2024-10-14 23:16:38.649190 Victor: No
ChatterBot Romeo reevaluating
ChatterBot Romeo reevaluating
ChatterBot Romeo reevaluating
ChatterBot Romeo reevaluating
2024-10-14 23:16:38.700264 Echo: Alpha and Lima, sending you 2
2024-10-14 23:16:38.702782 Romeo: Delta we want you to join our group
2024-10-14 23:16:38.720161 Delta: Yes
ChatterBot Romeo reevaluating
2024-10-14 23:16:38.825396 Sierra: Same as last round
2024-10-14 23:16:38.826814 India: Alpha, Lima, Romeo and Delta, sending you 3
2024-10-14 23:16:38.829547 Delta: Alpha, sending you 6
2024-10-14 23:16:38.831258 Lima: Alpha, Echo, Romeo, India and Delta, sending you 3
2024-10-14 23:16:38.833734 Golf: Sierra, sending you 9
2024-10-14 23:16:38.834245 Alpha: Lima and India, sending you 3
2024-10-14 23:16:38.836467 Victor: Alpha, Echo and Romeo, sending you 3
2024-10-14 23:16:38.837458 Echo: Romeo, sending you 6
2024-10-14 23:16:38.839775 India: Echo, sending you 4
2024-10-14 23:16:38.841809 Delta: Lima, sending you 5
2024-10-14 23:16:38.843506 Lima: Victor, sending you 2
2024-10-14 23:16:38.844423 Golf: X-ray, sending you 8
2024-10-14 23:16:38.845427 Alpha: Echo, Romeo and Victor, sending you 2
2024-10-14 23:16:38.846586 Victor: Lima and India, sending you 2
2024-10-14 23:16:38.848068 X-ray: Sending you each 8
2024-10-14 23:16:38.849342 Echo: India, sending you 4
2024-10-14 23:16:38.850338 India: Victor, sending you 1
2024-10-14 23:16:38.852221 Delta: Romeo, sending you 2
2024-10-14 23:16:38.853983 Alpha: Delta, sending you 5
2024-10-14 23:16:38.855779 Echo: Delta, sending you 1
2024-10-14 23:16:38.857652 Delta: India, sending you 4
2024-10-14 23:16:38.861288 Echo: Victor, sending you 3
2024-10-14 23:16:38.877414 Delta: Victor, sending you 1
2024-10-14 23:16:38.883008 Romeo: Alpha, India and Delta, sending you 3
2024-10-14 23:16:38.888032 Romeo: Lima and Echo, sending you 4
chatterbot Alpha submitting transactions
chatterbot Lima submitting transactions
chatterbot Echo submitting transactions
chatterbot Victor submitting transactions
chatterbot X-ray submitting transactions
chatterbot India submitting transactions
chatterbot Golf submitting transactions
chatterbot Romeo submitting transactions
chatterbot Sierra submitting transactions
chatterbot Delta submitting transactions
ChatterBot Alpha round 5
ChatterBot Lima round 5
ChatterBot Sierra round 5
ChatterBot Golf round 5
ChatterBot Echo round 5
ChatterBot Romeo round 5
ChatterBot India round 5
ChatterBot Delta round 5
ChatterBot X-ray round 5
ChatterBot Victor round 5
2024-10-14 23:16:39.880714 Alpha: Lima and India, sending you 3
2024-10-14 23:16:39.885666 Alpha: Echo, Romeo and Victor, sending you 2
2024-10-14 23:16:39.887707 Sierra: Same as last round
2024-10-14 23:16:39.888127 India: Alpha, Lima, Echo, Romeo and Delta, sending you 3
2024-10-14 23:16:39.888986 Romeo: Alpha, sending you 2
2024-10-14 23:16:39.889518 Golf: Sierra, sending you 9
2024-10-14 23:16:39.890700 Alpha: Delta, sending you 5
2024-10-14 23:16:39.892188 X-ray: Same as last round
2024-10-14 23:16:39.892501 India: Victor, sending you 2
2024-10-14 23:16:39.893672 Romeo: Lima, sending you 4
2024-10-14 23:16:39.893989 Golf: X-ray, sending you 8
2024-10-14 23:16:39.894675 Victor: Alpha and Echo, sending you 3
2024-10-14 23:16:39.897739 Romeo: Echo, sending you 5
2024-10-14 23:16:39.898705 Victor: Lima, Romeo and India, sending you 2
2024-10-14 23:16:39.900673 Echo: Alpha, sending you 2
2024-10-14 23:16:39.901420 Romeo: India and Delta, sending you 3
2024-10-14 23:16:39.902011 Lima: Alpha, India and Delta, sending you 3
2024-10-14 23:16:39.902881 Victor: Delta, sending you 1
2024-10-14 23:16:39.904684 Echo: Lima and Victor, sending you 3
2024-10-14 23:16:39.906364 Delta: Alpha, sending you 5
2024-10-14 23:16:39.907641 Lima: Echo and Victor, sending you 2
2024-10-14 23:16:39.910683 Echo: Romeo, sending you 5
2024-10-14 23:16:39.911537 Delta: Lima and India, sending you 4
2024-10-14 23:16:39.912837 Lima: Romeo, sending you 4
2024-10-14 23:16:39.915694 Echo: India, sending you 4
2024-10-14 23:16:39.917711 Delta: Echo and Victor, sending you 1
2024-10-14 23:16:39.920696 Echo: Delta, sending you 1
2024-10-14 23:16:39.922230 Delta: Romeo, sending you 3
chatterbot Echo submitting transactions
chatterbot X-ray submitting transactions
chatterbot Sierra submitting transactions
chatterbot Romeo submitting transactions
chatterbot Lima submitting transactions
chatterbot Alpha submitting transactions
chatterbot Delta submitting transactions
chatterbot Victor submitting transactions
chatterbot Golf submitting transactions
chatterbot India submitting transactions
ChatterBot Alpha round 6
ChatterBot Lima round 6
ChatterBot Sierra round 6
ChatterBot Golf round 6
ChatterBot Echo round 6
ChatterBot Romeo round 6
ChatterBot India round 6
ChatterBot Delta round 6
ChatterBot X-ray round 6
ChatterBot Victor round 6
2024-10-14 23:16:41.162666 Golf: Sierra, sending you 9
2024-10-14 23:16:41.166070 Golf: X-ray, sending you 8
2024-10-14 23:16:41.173074 Lima: Alpha, Echo, Romeo, India and Delta, sending you 3
2024-10-14 23:16:41.173894 Romeo: Alpha, sending you 2
2024-10-14 23:16:41.174683 Sierra: Same as last round
2024-10-14 23:16:41.177234 India: Alpha, Lima, Echo, Romeo and Delta, sending you 3
2024-10-14 23:16:41.178020 Lima: Victor, sending you 2
2024-10-14 23:16:41.178648 Romeo: Lima, sending you 4
2024-10-14 23:16:41.179687 Alpha: Lima and India, sending you 3
2024-10-14 23:16:41.180403 Delta: Alpha, sending you 5
2024-10-14 23:16:41.181648 Victor: Alpha and Echo, sending you 3
2024-10-14 23:16:41.182684 India: Victor, sending you 2
2024-10-14 23:16:41.183374 Romeo: Echo, sending you 5
2024-10-14 23:16:41.183784 Alpha: Echo, Romeo and Victor, sending you 2
2024-10-14 23:16:41.185691 Victor: Lima, Romeo and India, sending you 2
2024-10-14 23:16:41.186526 Echo: Alpha, sending you 2
2024-10-14 23:16:41.187434 Delta: Lima and India, sending you 4
2024-10-14 23:16:41.188839 Alpha: Delta, sending you 5
2024-10-14 23:16:41.189452 X-ray: Same as last round
2024-10-14 23:16:41.189731 Romeo: India and Delta, sending you 3
2024-10-14 23:16:41.190709 Victor: Delta, sending you 1
2024-10-14 23:16:41.192520 Echo: Lima and Victor, sending you 3
2024-10-14 23:16:41.193501 Delta: Echo and Victor, sending you 1
2024-10-14 23:16:41.196669 Delta: Romeo, sending you 3
2024-10-14 23:16:41.197686 Echo: Romeo, sending you 5
2024-10-14 23:16:41.202855 Echo: India, sending you 4
2024-10-14 23:16:41.206668 Echo: Delta, sending you 1
chatterbot Golf submitting transactions
chatterbot Victor submitting transactions
chatterbot Echo submitting transactions
chatterbot India submitting transactions
chatterbot Romeo submitting transactions
chatterbot Alpha submitting transactions
chatterbot Sierra submitting transactions
chatterbot Lima submitting transactions
chatterbot Delta submitting transactions
chatterbot X-ray submitting transactions
ChatterBot Alpha round 7
ChatterBot Lima round 7
ChatterBot Sierra round 7
ChatterBot Golf round 7
ChatterBot Echo round 7
ChatterBot Romeo round 7
ChatterBot India round 7
ChatterBot Delta round 7
ChatterBot X-ray round 7
ChatterBot Victor round 7
2024-10-14 23:16:42.253682 Romeo: Alpha, India and Delta, sending you 3
2024-10-14 23:16:42.256695 Romeo: Lima and Echo, sending you 4
2024-10-14 23:16:42.258680 Alpha: Lima and India, sending you 3
2024-10-14 23:16:42.260678 Lima: Alpha, Echo, Romeo, India and Delta, sending you 3
2024-10-14 23:16:42.262679 Golf: Sierra, sending you 9
2024-10-14 23:16:42.264090 Alpha: Echo, Romeo and Victor, sending you 2
2024-10-14 23:16:42.265676 Echo: Alpha, sending you 2
2024-10-14 23:16:42.266662 Lima: Victor, sending you 2
2024-10-14 23:16:42.267636 Golf: X-ray, sending you 8
2024-10-14 23:16:42.267987 X-ray: Same as last round
2024-10-14 23:16:42.268250 Delta: Alpha, sending you 5
2024-10-14 23:16:42.268909 Sierra: Same as last round
2024-10-14 23:16:42.269673 Alpha: Delta, sending you 5
2024-10-14 23:16:42.270457 Echo: Lima and Victor, sending you 3
2024-10-14 23:16:42.271675 India: Alpha, Lima, Echo, Romeo and Delta, sending you 3
2024-10-14 23:16:42.273190 Delta: Lima and India, sending you 4
2024-10-14 23:16:42.274272 Victor: Alpha, sending you 3
2024-10-14 23:16:42.275384 Echo: Romeo, sending you 5
2024-10-14 23:16:42.276466 India: Victor, sending you 2
2024-10-14 23:16:42.277532 Delta: Echo and Victor, sending you 1
2024-10-14 23:16:42.279675 Victor: Lima and India, sending you 2
2024-10-14 23:16:42.280484 Echo: India, sending you 4
2024-10-14 23:16:42.283829 Delta: Romeo, sending you 3
2024-10-14 23:16:42.285264 Victor: Echo, sending you 4
2024-10-14 23:16:42.286212 Echo: Delta, sending you 1
2024-10-14 23:16:42.290658 Victor: Romeo and Delta, sending you 1
chatterbot Sierra submitting transactions
chatterbot Delta submitting transactions
chatterbot X-ray submitting transactions
chatterbot Victor submitting transactions
chatterbot Alpha submitting transactions
chatterbot Lima submitting transactions
chatterbot Echo submitting transactions
chatterbot Romeo submitting transactions
chatterbot India submitting transactions
chatterbot Golf submitting transactions
ChatterBot Alpha round 8
ChatterBot Lima round 8
ChatterBot Sierra round 8
ChatterBot Golf round 8
ChatterBot Echo round 8
ChatterBot Romeo round 8
ChatterBot India round 8
ChatterBot Delta round 8
ChatterBot X-ray round 8
ChatterBot Victor round 8
2024-10-14 23:16:43.532697 Echo: Alpha, sending you 2
2024-10-14 23:16:43.535245 Sierra: Same as last round
2024-10-14 23:16:43.536662 Alpha: Lima, Romeo and India, sending you 3
2024-10-14 23:16:43.538944 Romeo: Alpha, India and Delta, sending you 3
2024-10-14 23:16:43.540946 Echo: Lima and Victor, sending you 3
2024-10-14 23:16:43.542150 Golf: Sierra, sending you 9
2024-10-14 23:16:43.543692 Alpha: Echo and Victor, sending you 2
2024-10-14 23:16:43.544706 Romeo: Lima and Echo, sending you 4
2024-10-14 23:16:43.545719 Echo: Romeo, sending you 5
2024-10-14 23:16:43.546558 Lima: Alpha, Echo, Romeo, India and Delta, sending you 3
2024-10-14 23:16:43.547796 India: Alpha, Lima, Echo, Romeo and Delta, sending you 3
2024-10-14 23:16:43.548985 Golf: X-ray, sending you 8
2024-10-14 23:16:43.549907 Alpha: Delta, sending you 4
2024-10-14 23:16:43.550801 Echo: India, sending you 4
2024-10-14 23:16:43.551716 Lima: Victor, sending you 2
2024-10-14 23:16:43.553572 India: Victor, sending you 2
2024-10-14 23:16:43.554422 Delta: Alpha, sending you 5
2024-10-14 23:16:43.556675 Echo: Delta, sending you 1
2024-10-14 23:16:43.558166 Victor: Alpha, sending you 3
2024-10-14 23:16:43.559743 Delta: Lima and India, sending you 4
2024-10-14 23:16:43.560724 X-ray: Same as last round
2024-10-14 23:16:43.564691 Victor: Lima and India, sending you 2
2024-10-14 23:16:43.566495 Delta: Echo and Victor, sending you 1
2024-10-14 23:16:43.569038 Victor: Echo, sending you 4
2024-10-14 23:16:43.570689 Delta: Romeo, sending you 3
2024-10-14 23:16:43.574682 Victor: Romeo and Delta, sending you 1
chatterbot X-ray submitting transactions
chatterbot Victor submitting transactions
chatterbot Sierra submitting transactions
chatterbot India submitting transactions
chatterbot Alpha submitting transactions
chatterbot Romeo submitting transactions
chatterbot Delta submitting transactions
chatterbot Echo submitting transactions
chatterbot Lima submitting transactions
chatterbot Golf submitting transactions
ChatterBot Alpha round 9
ChatterBot Lima round 9
ChatterBot Sierra round 9
ChatterBot Golf round 9
ChatterBot Echo round 9
ChatterBot Romeo round 9
ChatterBot India round 9
ChatterBot Delta round 9
ChatterBot X-ray round 9
ChatterBot Victor round 9
2024-10-14 23:16:44.804662 Golf: Sierra, sending you 9
2024-10-14 23:16:44.806725 Sierra: Same as last round
2024-10-14 23:16:44.808671 Golf: X-ray, sending you 8
2024-10-14 23:16:44.810697 Lima: Alpha, Echo, Romeo, India and Delta, sending you 3
2024-10-14 23:16:44.812686 Echo: Alpha, sending you 2
2024-10-14 23:16:44.814373 Romeo: Alpha, India and Delta, sending you 3
2024-10-14 23:16:44.814943 Alpha: Lima, Romeo and India, sending you 3
2024-10-14 23:16:44.815874 Delta: Alpha, sending you 5
2024-10-14 23:16:44.817382 X-ray: Same as last round
2024-10-14 23:16:44.817755 India: Alpha, Lima, Echo, Romeo and Delta, sending you 3
2024-10-14 23:16:44.818678 Lima: Victor, sending you 2
2024-10-14 23:16:44.820237 Echo: Lima and Victor, sending you 3
2024-10-14 23:16:44.821175 Romeo: Lima and Echo, sending you 4
2024-10-14 23:16:44.821747 Delta: Lima and India, sending you 4
2024-10-14 23:16:44.823179 Alpha: Echo and Victor, sending you 2
2024-10-14 23:16:44.824199 India: Victor, sending you 2
2024-10-14 23:16:44.825208 Echo: Romeo, sending you 5
2024-10-14 23:16:44.826730 Delta: Echo and Victor, sending you 1
2024-10-14 23:16:44.828420 Alpha: Delta, sending you 4
2024-10-14 23:16:44.830253 Victor: Alpha, sending you 3
2024-10-14 23:16:44.831929 Echo: India, sending you 4
2024-10-14 23:16:44.833157 Delta: Romeo, sending you 3
2024-10-14 23:16:44.836660 Victor: Lima and India, sending you 2
2024-10-14 23:16:44.838273 Echo: Delta, sending you 1
2024-10-14 23:16:44.841673 Victor: Echo, sending you 4
2024-10-14 23:16:44.847696 Victor: Romeo and Delta, sending you 1
chatterbot Lima submitting transactions
chatterbot Sierra submitting transactions
chatterbot Golf submitting transactions
chatterbot Romeo submitting transactions
chatterbot India submitting transactions
chatterbot Victor submitting transactions
chatterbot Alpha submitting transactions
chatterbot Delta submitting transactions
chatterbot Echo submitting transactions
chatterbot X-ray submitting transactions
ChatterBot Alpha round 10
ChatterBot Lima round 10
ChatterBot Sierra round 10
ChatterBot Golf round 10
ChatterBot Echo round 10
ChatterBot Romeo round 10
ChatterBot India round 10
ChatterBot Delta round 10
ChatterBot X-ray round 10
ChatterBot Victor round 10
2024-10-14 23:16:45.996957 Lima: Alpha, Echo, Romeo, India and Delta, sending you 3
2024-10-14 23:16:45.999569 Alpha: Lima, Romeo and India, sending you 3
2024-10-14 23:16:46.001300 Echo: Alpha, sending you 2
2024-10-14 23:16:46.003314 Lima: Victor, sending you 2
2024-10-14 23:16:46.006127 Delta: Alpha, sending you 5
2024-10-14 23:16:46.009042 Alpha: Echo and Victor, sending you 2
2024-10-14 23:16:46.010980 X-ray: Same as last round
2024-10-14 23:16:46.011367 Golf: Sierra, sending you 9
2024-10-14 23:16:46.011737 Echo: Lima and Victor, sending you 3
2024-10-14 23:16:46.013977 Romeo: Alpha, Lima, India and Delta, sending you 3
2024-10-14 23:16:46.014699 Delta: Lima and India, sending you 4
2024-10-14 23:16:46.016126 Alpha: Delta, sending you 4
2024-10-14 23:16:46.017657 Sierra: Same as last round
2024-10-14 23:16:46.017925 Golf: X-ray, sending you 8
2024-10-14 23:16:46.018185 India: Alpha, Lima, Echo, Romeo and Delta, sending you 3
2024-10-14 23:16:46.019688 Victor: Alpha, sending you 3
2024-10-14 23:16:46.021115 Echo: Romeo, sending you 5
2024-10-14 23:16:46.022374 Romeo: Echo, sending you 5
2024-10-14 23:16:46.022759 Delta: Echo and Victor, sending you 1
2024-10-14 23:16:46.024020 India: Victor, sending you 2
2024-10-14 23:16:46.029345 Victor: Lima and India, sending you 2
2024-10-14 23:16:46.033022 Echo: India, sending you 4
2024-10-14 23:16:46.035787 Delta: Romeo, sending you 3
2024-10-14 23:16:46.038408 Victor: Echo, sending you 4
2024-10-14 23:16:46.041494 Echo: Delta, sending you 1
2024-10-14 23:16:46.045642 Victor: Romeo and Delta, sending you 1
chatterbot Sierra submitting transactions
chatterbot Victor submitting transactions
chatterbot Delta submitting transactions
chatterbot Romeo submitting transactions
chatterbot X-ray submitting transactions
chatterbot Echo submitting transactions
chatterbot Golf submitting transactions
chatterbot India submitting transactions
chatterbot Lima submitting transactions
chatterbot Alpha submitting transactions
ChatterBot Alpha round 11
ChatterBot Lima round 11
ChatterBot Sierra round 11
ChatterBot Golf round 11
ChatterBot Echo round 11
ChatterBot Romeo round 11
ChatterBot India round 11
ChatterBot Delta round 11
ChatterBot X-ray round 11
ChatterBot Victor round 11
2024-10-14 23:16:47.189678 India: Alpha, Lima, Echo, Romeo and Delta, sending you 3
2024-10-14 23:16:47.192669 Alpha: Lima, Romeo and India, sending you 3
2024-10-14 23:16:47.196018 Echo: Alpha, sending you 2
2024-10-14 23:16:47.197835 India: Victor, sending you 2
2024-10-14 23:16:47.200203 Alpha: Echo and Victor, sending you 2
2024-10-14 23:16:47.202645 Romeo: Alpha, Lima, India and Delta, sending you 3
2024-10-14 23:16:47.205057 Lima: Alpha, Echo, Romeo, India and Delta, sending you 3
2024-10-14 23:16:47.207102 Golf: Sierra, sending you 9
2024-10-14 23:16:47.207503 Echo: Lima, India and Victor, sending you 3
2024-10-14 23:16:47.211142 Sierra: Same as last round
2024-10-14 23:16:47.211568 Victor: Alpha, sending you 3
2024-10-14 23:16:47.215028 X-ray: Same as last round
2024-10-14 23:16:47.216179 Alpha: Delta, sending you 4
2024-10-14 23:16:47.219438 Delta: Alpha, sending you 5
2024-10-14 23:16:47.222903 Romeo: Echo, sending you 5
2024-10-14 23:16:47.225568 Golf: X-ray, sending you 8
2024-10-14 23:16:47.226606 Lima: Victor, sending you 2
2024-10-14 23:16:47.229845 Echo: Romeo, sending you 6
2024-10-14 23:16:47.232939 Victor: Lima and India, sending you 2
2024-10-14 23:16:47.235372 Delta: Lima and India, sending you 4
2024-10-14 23:16:47.237967 Echo: Delta, sending you 1
2024-10-14 23:16:47.239271 Victor: Echo, sending you 4
2024-10-14 23:16:47.241814 Delta: Echo and Victor, sending you 1
2024-10-14 23:16:47.246674 Victor: Romeo and Delta, sending you 1
2024-10-14 23:16:47.250180 Delta: Romeo, sending you 3
chatterbot Sierra submitting transactions
chatterbot Delta submitting transactions
chatterbot X-ray submitting transactions
chatterbot Alpha submitting transactions
chatterbot Lima submitting transactions
chatterbot Romeo submitting transactions
chatterbot Victor submitting transactions
chatterbot Golf submitting transactions
chatterbot India submitting transactions
chatterbot Echo submitting transactions
ChatterBot Alpha round 12
ChatterBot Lima round 12
ChatterBot Sierra round 12
ChatterBot Golf round 12
ChatterBot Echo round 12
ChatterBot Romeo round 12
ChatterBot India round 12
ChatterBot Delta round 12
ChatterBot X-ray round 12
ChatterBot Victor round 12
2024-10-14 23:16:48.461703 Lima: Alpha, Echo, Romeo, India and Delta, sending you 3
2024-10-14 23:16:48.464556 India: Alpha, Lima, Echo, Romeo and Delta, sending you 3
2024-10-14 23:16:48.467468 Echo: Alpha, sending you 2
2024-10-14 23:16:48.469851 Victor: Alpha, Echo and India, sending you 3
2024-10-14 23:16:48.471820 Delta: Alpha, sending you 5
2024-10-14 23:16:48.473661 Golf: Sierra, sending you 9
2024-10-14 23:16:48.474246 Lima: Victor, sending you 2
2024-10-14 23:16:48.476161 India: Victor, sending you 2
2024-10-14 23:16:48.477808 Echo: Lima, India and Victor, sending you 3
2024-10-14 23:16:48.479738 Victor: Lima, sending you 2
2024-10-14 23:16:48.481692 Delta: Lima and India, sending you 4
2024-10-14 23:16:48.484578 Romeo: Alpha, Lima, India and Delta, sending you 3
2024-10-14 23:16:48.485502 X-ray: Same as last round
2024-10-14 23:16:48.486824 Alpha: Lima, Romeo and India, sending you 3
2024-10-14 23:16:48.489093 Golf: X-ray, sending you 8
2024-10-14 23:16:48.489725 Sierra: Same as last round
2024-10-14 23:16:48.490792 Echo: Romeo, sending you 6
2024-10-14 23:16:48.493021 Victor: Romeo and Delta, sending you 1
2024-10-14 23:16:48.495817 Delta: Echo and Victor, sending you 1
2024-10-14 23:16:48.498878 Romeo: Echo, sending you 5
2024-10-14 23:16:48.500892 Alpha: Echo and Victor, sending you 2
2024-10-14 23:16:48.503886 Echo: Delta, sending you 1
2024-10-14 23:16:48.506367 Delta: Romeo, sending you 3
2024-10-14 23:16:48.508676 Alpha: Delta, sending you 4
chatterbot Delta submitting transactions
chatterbot X-ray submitting transactions
chatterbot Romeo submitting transactions
chatterbot Alpha submitting transactions
chatterbot Sierra submitting transactions
chatterbot Echo submitting transactions
chatterbot Golf submitting transactions
chatterbot India submitting transactions
chatterbot Victor submitting transactions
chatterbot Lima submitting transactions
ChatterBot Alpha round 13
ChatterBot Lima round 13
ChatterBot Sierra round 13
ChatterBot Golf round 13
ChatterBot Echo round 13
ChatterBot Romeo round 13
ChatterBot India round 13
ChatterBot Delta round 13
ChatterBot X-ray round 13
ChatterBot Victor round 13
2024-10-14 23:16:49.713408 Alpha: Lima, Romeo and India, sending you 3
2024-10-14 23:16:49.716347 India: Alpha, Lima, Echo, Romeo and Delta, sending you 3
2024-10-14 23:16:49.719887 Sierra: Same as last round
2024-10-14 23:16:49.721093 Golf: Sierra, sending you 9
2024-10-14 23:16:49.721669 Lima: Alpha, Echo, Romeo, India and Delta, sending you 3
2024-10-14 23:16:49.725073 Echo: Alpha, sending you 2
2024-10-14 23:16:49.727907 Delta: Alpha, sending you 5
2024-10-14 23:16:49.731299 Romeo: Alpha, Lima, India and Delta, sending you 3
2024-10-14 23:16:49.733729 Alpha: Echo and Victor, sending you 2
2024-10-14 23:16:49.737348 India: Victor, sending you 2
2024-10-14 23:16:49.741603 Golf: X-ray, sending you 8
2024-10-14 23:16:49.742480 Lima: Victor, sending you 2
2024-10-14 23:16:49.746464 Echo: Lima, India and Victor, sending you 3
2024-10-14 23:16:49.749945 Victor: Alpha, Echo and India, sending you 3
2024-10-14 23:16:49.752934 X-ray: Same as last round
2024-10-14 23:16:49.754418 Delta: Lima and India, sending you 4
2024-10-14 23:16:49.757238 Romeo: Echo, sending you 5
2024-10-14 23:16:49.759316 Alpha: Delta, sending you 4
2024-10-14 23:16:49.763475 Echo: Romeo, sending you 6
2024-10-14 23:16:49.767155 Victor: Lima, sending you 2
2024-10-14 23:16:49.770578 Delta: Echo and Victor, sending you 1
2024-10-14 23:16:49.774074 Echo: Delta, sending you 1
2024-10-14 23:16:49.777942 Victor: Romeo and Delta, sending you 1
2024-10-14 23:16:49.781942 Delta: Romeo, sending you 3
chatterbot India submitting transactions
chatterbot Golf submitting transactions
chatterbot Echo submitting transactions
chatterbot X-ray submitting transactions
chatterbot Lima submitting transactions
chatterbot Alpha submitting transactions
chatterbot Sierra submitting transactions
chatterbot Romeo submitting transactions
chatterbot Victor submitting transactions
chatterbot Delta submitting transactions
ChatterBot Alpha round 14
ChatterBot Lima round 14
ChatterBot Sierra round 14
ChatterBot Golf round 14
ChatterBot Echo round 14
ChatterBot Romeo round 14
ChatterBot India round 14
ChatterBot Delta round 14
ChatterBot X-ray round 14
ChatterBot Victor round 14
2024-10-14 23:16:51.076948 Sierra: We should add Victor
ChatterBot Golf reevaluating
2024-10-14 23:16:51.087752 Golf: Yes
2024-10-14 23:16:51.088126 X-ray: No
ChatterBot Sierra reevaluating
ChatterBot Golf reevaluating
2024-10-14 23:16:51.134664 Echo: Alpha, sending you 2
2024-10-14 23:16:51.137192 Romeo: Alpha, Lima, India and Delta, sending you 3
2024-10-14 23:16:51.140665 Echo: Lima, India and Victor, sending you 3
2024-10-14 23:16:51.143157 Romeo: Echo, sending you 5
2024-10-14 23:16:51.144037 India: Alpha, Lima, Echo, Romeo and Delta, sending you 3
2024-10-14 23:16:51.146701 Delta: Alpha, sending you 5
2024-10-14 23:16:51.148643 X-ray: Same as last round
2024-10-14 23:16:51.149924 Lima: Alpha, Echo, Romeo, India and Delta, sending you 3
2024-10-14 23:16:51.152236 Echo: Romeo, sending you 6
2024-10-14 23:16:51.155128 India: Victor, sending you 2
2024-10-14 23:16:51.158411 Golf: Sierra, sending you 9
2024-10-14 23:16:51.158988 Alpha: Lima, Romeo and India, sending you 3
2024-10-14 23:16:51.162076 Delta: Lima, Romeo and India, sending you 4
2024-10-14 23:16:51.166147 Victor: Alpha, Echo and India, sending you 3
2024-10-14 23:16:51.169976 Lima: Victor, sending you 2
2024-10-14 23:16:51.172673 Sierra: Same as last round
2024-10-14 23:16:51.173375 Echo: Delta, sending you 1
2024-10-14 23:16:51.177874 Golf: X-ray, sending you 8
2024-10-14 23:16:51.179454 Alpha: Echo and Victor, sending you 2
2024-10-14 23:16:51.183533 Delta: Echo, sending you 1
2024-10-14 23:16:51.186043 Victor: Lima, sending you 2
2024-10-14 23:16:51.189120 Alpha: Delta, sending you 4
2024-10-14 23:16:51.193790 Victor: Romeo and Delta, sending you 1
chatterbot Alpha submitting transactions
chatterbot Lima submitting transactions
chatterbot Delta submitting transactions
chatterbot Victor submitting transactions
chatterbot Romeo submitting transactions
chatterbot Golf submitting transactions
chatterbot Sierra submitting transactions
chatterbot X-ray submitting transactions
chatterbot Echo submitting transactions
chatterbot India submitting transactions
ChatterBot Alpha round 15
ChatterBot Lima round 15
ChatterBot Sierra round 15
ChatterBot Golf round 15
ChatterBot Echo round 15
ChatterBot Romeo round 15
ChatterBot India round 15
ChatterBot Delta round 15
ChatterBot X-ray round 15
ChatterBot Victor round 15
2024-10-14 23:16:53.497497 Golf: Sierra and X-ray, sending you 7
2024-10-14 23:16:53.499045 Lima: Alpha, Echo, Romeo, India and Delta, sending you 3
2024-10-14 23:16:53.502789 Victor: Alpha, Lima, Echo and India, sending you 3
2024-10-14 23:16:53.506935 Echo: Alpha, sending you 2
2024-10-14 23:16:53.510240 Golf: Victor, sending you 3
2024-10-14 23:16:53.511051 Lima: Victor, sending you 2
2024-10-14 23:16:53.514280 Alpha: Lima, Romeo and India, sending you 3
2024-10-14 23:16:53.517704 Sierra: Same as last round
2024-10-14 23:16:53.518354 Victor: Delta, sending you 1
2024-10-14 23:16:53.520925 Echo: Lima, India and Victor, sending you 3
2024-10-14 23:16:53.523700 India: Alpha, Lima, Echo, Romeo and Delta, sending you 3
2024-10-14 23:16:53.526408 Romeo: Alpha, Lima, India and Delta, sending you 3
2024-10-14 23:16:53.527878 X-ray: Same as last round
2024-10-14 23:16:53.529085 Delta: Alpha, sending you 5
2024-10-14 23:16:53.532191 Alpha: Echo and Victor, sending you 2
2024-10-14 23:16:53.534918 Echo: Romeo, sending you 6
2024-10-14 23:16:53.537250 India: Victor, sending you 2
2024-10-14 23:16:53.538690 Romeo: Echo, sending you 5
2024-10-14 23:16:53.540467 Delta: Lima, Romeo and India, sending you 4
2024-10-14 23:16:53.542948 Alpha: Delta, sending you 4
2024-10-14 23:16:53.545058 Echo: Delta, sending you 1
2024-10-14 23:16:53.547294 Delta: Echo, sending you 1
chatterbot Lima submitting transactions
chatterbot Alpha submitting transactions
chatterbot Romeo submitting transactions
chatterbot Golf submitting transactions
chatterbot Sierra submitting transactions
