ChatterBot Kilo round 1
ChatterBot Tango round 1
ChatterBot Romeo round 1
ChatterBot Oscar round 1
ChatterBot Foxtrot round 1
ChatterBot Uniform round 1
ChatterBot India round 1
ChatterBot Charlie round 1
ChatterBot Whiskey round 1
ChatterBot Mike round 1
randomSelections Foxtrot: {Foxtrot, Romeo, Whiskey, Mike, Tango, Charlie, India, Kilo} 
2024-10-14 23:16:29.588943 Foxtrot: Can we be friends?
ChatterBot Romeo reevaluating
ChatterBot Whiskey reevaluating
ChatterBot Mike reevaluating
ChatterBot Tango reevaluating
ChatterBot Charlie reevaluating
ChatterBot India reevaluating
ChatterBot Kilo reevaluating
2024-10-14 23:16:29.673117 Romeo: Yes
2024-10-14 23:16:29.673430 Whiskey: Yes
2024-10-14 23:16:29.673652 Mike: Yes
2024-10-14 23:16:29.673810 Tango: Yes
2024-10-14 23:16:29.673983 Charlie: Yes
2024-10-14 23:16:29.674129 India: Yes
2024-10-14 23:16:29.677131 Kilo: Yes
ChatterBot Whiskey reevaluating
ChatterBot Mike reevaluating
ChatterBot Tango reevaluating
ChatterBot Charlie reevaluating
ChatterBot India reevaluating
ChatterBot Kilo reevaluating
ChatterBot Romeo reevaluating
ChatterBot Mike reevaluating
ChatterBot Tango reevaluating
ChatterBot Charlie reevaluating
ChatterBot India reevaluating
ChatterBot Kilo reevaluating
ChatterBot Romeo reevaluating
ChatterBot Whiskey reevaluating
ChatterBot Tango reevaluating
ChatterBot Charlie reevaluating
ChatterBot India reevaluating
ChatterBot Kilo reevaluating
ChatterBot Romeo reevaluating
ChatterBot Whiskey reevaluating
ChatterBot Mike reevaluating
ChatterBot Charlie reevaluating
ChatterBot India reevaluating
ChatterBot Kilo reevaluating
ChatterBot Romeo reevaluating
ChatterBot Whiskey reevaluating
ChatterBot Mike reevaluating
ChatterBot Tango reevaluating
ChatterBot India reevaluating
ChatterBot Kilo reevaluating
ChatterBot Romeo reevaluating
ChatterBot Whiskey reevaluating
ChatterBot Mike reevaluating
ChatterBot Tango reevaluating
ChatterBot Charlie reevaluating
ChatterBot Kilo reevaluating
ChatterBot Romeo reevaluating
ChatterBot Whiskey reevaluating
ChatterBot Mike reevaluating
ChatterBot Tango reevaluating
ChatterBot Charlie reevaluating
ChatterBot India reevaluating
randomSelections Oscar: {Oscar, Kilo, Tango, Whiskey, Foxtrot, Charlie} 
2024-10-14 23:16:29.821420 Oscar: Can we be friends?
ChatterBot Kilo reevaluating
ChatterBot Tango reevaluating
ChatterBot Whiskey reevaluating
ChatterBot Charlie reevaluating
2024-10-14 23:16:29.829051 Kilo: No
2024-10-14 23:16:29.829358 Tango: No
2024-10-14 23:16:29.829544 Whiskey: No
2024-10-14 23:16:29.830568 Foxtrot: No
2024-10-14 23:16:29.830879 Charlie: No
ChatterBot Tango reevaluating
ChatterBot Whiskey reevaluating
ChatterBot Charlie reevaluating
ChatterBot Kilo reevaluating
ChatterBot Whiskey reevaluating
ChatterBot Charlie reevaluating
ChatterBot Kilo reevaluating
ChatterBot Tango reevaluating
ChatterBot Charlie reevaluating
ChatterBot Kilo reevaluating
ChatterBot Tango reevaluating
ChatterBot Whiskey reevaluating
ChatterBot Charlie reevaluating
ChatterBot Kilo reevaluating
ChatterBot Tango reevaluating
ChatterBot Whiskey reevaluating
randomSelections Uniform: {Uniform, Mike, India, Charlie, Tango, Foxtrot, Romeo} 
2024-10-14 23:16:29.884063 Uniform: We should group up
ChatterBot Mike reevaluating
ChatterBot India reevaluating
ChatterBot Charlie reevaluating
ChatterBot Tango reevaluating
ChatterBot Romeo reevaluating
2024-10-14 23:16:29.893724 Mike: No
2024-10-14 23:16:29.893985 India: No
2024-10-14 23:16:29.894924 Charlie: No
2024-10-14 23:16:29.895223 Tango: No
2024-10-14 23:16:29.895592 Foxtrot: No
2024-10-14 23:16:29.896003 Romeo: No
ChatterBot India reevaluating
ChatterBot Charlie reevaluating
ChatterBot Tango reevaluating
ChatterBot Romeo reevaluating
ChatterBot Mike reevaluating
ChatterBot Charlie reevaluating
ChatterBot Tango reevaluating
ChatterBot Romeo reevaluating
ChatterBot Mike reevaluating
ChatterBot India reevaluating
ChatterBot Tango reevaluating
ChatterBot Romeo reevaluating
ChatterBot Mike reevaluating
ChatterBot India reevaluating
ChatterBot Charlie reevaluating
ChatterBot Romeo reevaluating
ChatterBot Mike reevaluating
ChatterBot India reevaluating
ChatterBot Charlie reevaluating
ChatterBot Tango reevaluating
ChatterBot Romeo reevaluating
ChatterBot Mike reevaluating
ChatterBot India reevaluating
ChatterBot Charlie reevaluating
ChatterBot Tango reevaluating
2024-10-14 23:16:29.991818 Mike: Kilo, Romeo and Charlie, sending you 4
2024-10-14 23:16:29.994986 Uniform: Romeo and Charlie, sending you 2
2024-10-14 23:16:29.995693 Oscar: Kilo, sending you 2
2024-10-14 23:16:29.996728 Foxtrot: Kilo, Charlie, Whiskey and Mike, sending you 1
2024-10-14 23:16:29.997143 Mike: Tango, sending you 1
2024-10-14 23:16:29.998053 Uniform: Foxtrot, sending you 7
2024-10-14 23:16:29.999711 Kilo: Tango, Charlie and Mike, sending you 3
2024-10-14 23:16:30.000116 Romeo: Kilo, Tango, Charlie and Mike, sending you 2
2024-10-14 23:16:30.000471 Mike: India, sending you 3
2024-10-14 23:16:30.001347 Foxtrot: Tango and Romeo, sending you 2
2024-10-14 23:16:30.001717 Oscar: Tango and Foxtrot, sending you 3
2024-10-14 23:16:30.002 Uniform: India and Mike, sending you 4
2024-10-14 23:16:30.003729 Mike: Whiskey, sending you 2
2024-10-14 23:16:30.004635 Tango: Kilo and India, sending you 1
2024-10-14 23:16:30.005180 India: Kilo and Mike, sending you 1
2024-10-14 23:16:30.006036 Kilo: Romeo and Foxtrot, sending you 2
2024-10-14 23:16:30.006342 Romeo: Foxtrot, sending you 5
2024-10-14 23:16:30.006674 Oscar: Charlie, sending you 1
2024-10-14 23:16:30.006944 Foxtrot: India, sending you 3
2024-10-14 23:16:30.007768 Charlie: Romeo and Mike, sending you 1
2024-10-14 23:16:30.008689 Tango: Romeo, sending you 2
2024-10-14 23:16:30.009714 Oscar: Whiskey, sending you 8
2024-10-14 23:16:30.011087 India: Tango, sending you 4
2024-10-14 23:16:30.011451 Kilo: India and Whiskey, sending you 1
2024-10-14 23:16:30.011791 Romeo: India and Whiskey, sending you 3
2024-10-14 23:16:30.012122 Charlie: Foxtrot and Whiskey, sending you 2
2024-10-14 23:16:30.013038 Tango: Foxtrot, sending you 5
2024-10-14 23:16:30.014681 India: Romeo and Whiskey, sending you 2
2024-10-14 23:16:30.016661 Tango: Whiskey, sending you 3
2024-10-14 23:16:30.017674 India: Foxtrot, sending you 3
chatterbot Foxtrot submitting transactions
chatterbot Whiskey submitting transactions
chatterbot Mike submitting transactions
chatterbot Kilo submitting transactions
chatterbot India submitting transactions
chatterbot Oscar submitting transactions
chatterbot Uniform submitting transactions
chatterbot Tango submitting transactions
chatterbot Charlie submitting transactions
chatterbot Romeo submitting transactions
ChatterBot Kilo round 2
ChatterBot Tango round 2
ChatterBot Romeo round 2
ChatterBot Oscar round 2
ChatterBot Foxtrot round 2
2024-10-14 23:16:35.421710 Kilo: We should group up
ChatterBot Tango reevaluating
ChatterBot Romeo reevaluating
ChatterBot Foxtrot reevaluating
ChatterBot Uniform reevaluating
ChatterBot India reevaluating
ChatterBot Mike reevaluating
2024-10-14 23:16:35.583393 Tango: Yes
2024-10-14 23:16:35.583677 Romeo: Yes
2024-10-14 23:16:35.584514 Foxtrot: Yes
2024-10-14 23:16:35.584804 Uniform: No
2024-10-14 23:16:35.585236 India: No
2024-10-14 23:16:35.585648 Mike: No
ChatterBot Romeo reevaluating
ChatterBot Foxtrot reevaluating
ChatterBot Uniform reevaluating
ChatterBot India reevaluating
ChatterBot Mike reevaluating
ChatterBot Tango reevaluating
ChatterBot Foxtrot reevaluating
ChatterBot Uniform reevaluating
ChatterBot India reevaluating
ChatterBot Mike reevaluating
ChatterBot Tango reevaluating
ChatterBot Romeo reevaluating
ChatterBot Uniform reevaluating
ChatterBot India reevaluating
ChatterBot Mike reevaluating
ChatterBot Tango reevaluating
ChatterBot Romeo reevaluating
ChatterBot Foxtrot reevaluating
ChatterBot India reevaluating
ChatterBot Mike reevaluating
ChatterBot Tango reevaluating
ChatterBot Romeo reevaluating
ChatterBot Foxtrot reevaluating
ChatterBot Uniform reevaluating
ChatterBot Mike reevaluating
ChatterBot Tango reevaluating
ChatterBot Romeo reevaluating
ChatterBot Foxtrot reevaluating
ChatterBot Uniform reevaluating
ChatterBot India reevaluating
ChatterBot Uniform round 2
ChatterBot India round 2
ChatterBot Charlie round 2
ChatterBot Whiskey round 2
ChatterBot Mike round 2
2024-10-14 23:16:36.103941 Romeo: We should replace Whiskey with Uniform
ChatterBot Foxtrot reevaluating
ChatterBot Tango reevaluating
ChatterBot India reevaluating
ChatterBot Charlie reevaluating
ChatterBot Mike reevaluating
2024-10-14 23:16:36.152275 Foxtrot: Yes
2024-10-14 23:16:36.152462 Tango: Yes
2024-10-14 23:16:36.152662 India: Yes
2024-10-14 23:16:36.152821 Kilo: Yes
2024-10-14 23:16:36.152980 Charlie: Yes
2024-10-14 23:16:36.153173 Mike: Yes
ChatterBot Tango reevaluating
ChatterBot Romeo reevaluating
ChatterBot India reevaluating
ChatterBot Charlie reevaluating
ChatterBot Mike reevaluating
ChatterBot Foxtrot reevaluating
ChatterBot Romeo reevaluating
ChatterBot India reevaluating
ChatterBot Charlie reevaluating
ChatterBot Mike reevaluating
ChatterBot Foxtrot reevaluating
ChatterBot Tango reevaluating
ChatterBot Romeo reevaluating
ChatterBot Charlie reevaluating
ChatterBot Mike reevaluating
ChatterBot Foxtrot reevaluating
ChatterBot Tango reevaluating
ChatterBot Romeo reevaluating
ChatterBot India reevaluating
ChatterBot Charlie reevaluating
ChatterBot Mike reevaluating
ChatterBot Foxtrot reevaluating
ChatterBot Tango reevaluating
ChatterBot Romeo reevaluating
ChatterBot India reevaluating
ChatterBot Mike reevaluating
ChatterBot Foxtrot reevaluating
ChatterBot Tango reevaluating
ChatterBot Romeo reevaluating
ChatterBot India reevaluating
ChatterBot Charlie reevaluating
2024-10-14 23:16:36.596297 Uniform: We should replace Tango with Kilo
ChatterBot Romeo reevaluating
ChatterBot Charlie reevaluating
2024-10-14 23:16:36.636973 Romeo: No
2024-10-14 23:16:36.637445 Foxtrot: No
2024-10-14 23:16:36.638226 India: No
2024-10-14 23:16:36.638687 Charlie: No
2024-10-14 23:16:36.639070 Mike: No
ChatterBot Uniform reevaluating
ChatterBot Charlie reevaluating
ChatterBot Uniform reevaluating
ChatterBot Romeo reevaluating
ChatterBot Charlie reevaluating
ChatterBot Uniform reevaluating
ChatterBot Romeo reevaluating
ChatterBot Charlie reevaluating
ChatterBot Uniform reevaluating
ChatterBot Romeo reevaluating
ChatterBot Uniform reevaluating
ChatterBot Romeo reevaluating
ChatterBot Charlie reevaluating
2024-10-14 23:16:36.799137 Whiskey: We should group up
ChatterBot Oscar reevaluating
ChatterBot Charlie reevaluating
2024-10-14 23:16:36.808723 Oscar: No
2024-10-14 23:16:36.808908 Charlie: No
ChatterBot Charlie reevaluating
ChatterBot Oscar reevaluating
chatterbot Kilo submitting transactions
2024-10-14 23:16:36.833013 Foxtrot: Uniform we want you to join our group
ChatterBot Uniform reevaluating
2024-10-14 23:16:36.839084 Uniform: No
ChatterBot India reevaluating
ChatterBot Charlie reevaluating
2024-10-14 23:16:36.873952 Kilo: Tango, Foxtrot, Uniform and India, sending you 2
2024-10-14 23:16:36.874544 Romeo: Uniform we want you to join our group
ChatterBot Uniform reevaluating
2024-10-14 23:16:36.880774 Uniform: No
ChatterBot Foxtrot reevaluating
ChatterBot India reevaluating
ChatterBot Charlie reevaluating
2024-10-14 23:16:36.917268 Mike: Uniform we want you to join our group
ChatterBot Uniform reevaluating
2024-10-14 23:16:36.923211 Uniform: No
ChatterBot India reevaluating
2024-10-14 23:16:36.958136 Kilo: Romeo, sending you 3
2024-10-14 23:16:36.992434 Whiskey: Oscar, sending you 9
2024-10-14 23:16:36.992743 Tango: Kilo, Romeo, Foxtrot and India, sending you 3
2024-10-14 23:16:36.993057 Kilo: Mike, sending you 4
2024-10-14 23:16:36.993751 Oscar: Charlie and Whiskey, sending you 9
2024-10-14 23:16:37.014937 Tango: Uniform, sending you 1
2024-10-14 23:16:37.016146 Whiskey: Charlie, sending you 6
2024-10-14 23:16:37.016395 Mike: Kilo, sending you 4
2024-10-14 23:16:37.016697 Charlie: Kilo, sending you 3
2024-10-14 23:16:37.016973 Romeo: Kilo, sending you 2
2024-10-14 23:16:37.018158 Foxtrot: Kilo, sending you 2
2024-10-14 23:16:37.045568 Tango: Mike, sending you 2
2024-10-14 23:16:37.046591 Mike: Romeo, sending you 3
2024-10-14 23:16:37.046995 Charlie: Tango and India, sending you 1
2024-10-14 23:16:37.047295 Foxtrot: Tango and Romeo, sending you 4
2024-10-14 23:16:37.048092 Romeo: Tango, Foxtrot, Uniform and India, sending you 3
2024-10-14 23:16:37.048566 India: Kilo, sending you 2
2024-10-14 23:16:37.075087 Mike: Foxtrot, India and Charlie, sending you 2
2024-10-14 23:16:37.075663 Charlie: Romeo, Oscar, Foxtrot and Uniform, sending you 2
2024-10-14 23:16:37.076657 Romeo: Mike, sending you 5
2024-10-14 23:16:37.077210 Foxtrot: Uniform, sending you 5
2024-10-14 23:16:37.078003 India: Tango, Romeo, Foxtrot, Uniform and Mike, sending you 3
2024-10-14 23:16:37.099906 Mike: Uniform, sending you 5
2024-10-14 23:16:37.100484 Charlie: Mike, sending you 4
2024-10-14 23:16:37.101628 Foxtrot: India, sending you 3
2024-10-14 23:16:37.131498 Foxtrot: Mike, sending you 1
chatterbot Tango submitting transactions
chatterbot Charlie submitting transactions
chatterbot Oscar submitting transactions
chatterbot Romeo submitting transactions
2024-10-14 23:16:37.713067 Uniform: Kilo, Tango, Romeo, Foxtrot and India, sending you 4
chatterbot Foxtrot submitting transactions
chatterbot Whiskey submitting transactions
chatterbot Foxtrot submitting transactions
chatterbot Uniform submitting transactions
chatterbot Mike submitting transactions
chatterbot India submitting transactions
ChatterBot Kilo round 3
ChatterBot Tango round 3
ChatterBot Romeo round 3
ChatterBot Oscar round 3
ChatterBot Foxtrot round 3
ChatterBot Uniform round 3
ChatterBot India round 3
ChatterBot Charlie round 3
ChatterBot Whiskey round 3
ChatterBot Mike round 3
2024-10-14 23:16:38.267301 India: We should add Charlie
ChatterBot Foxtrot reevaluating
ChatterBot Uniform reevaluating
ChatterBot Mike reevaluating
2024-10-14 23:16:38.288452 Kilo: No
2024-10-14 23:16:38.288646 Tango: No
2024-10-14 23:16:38.289276 Romeo: Yes
2024-10-14 23:16:38.289452 Foxtrot: Yes
2024-10-14 23:16:38.289602 Uniform: No
2024-10-14 23:16:38.289891 Mike: Yes
ChatterBot Foxtrot reevaluating
ChatterBot Uniform reevaluating
ChatterBot India reevaluating
ChatterBot Mike reevaluating
ChatterBot Foxtrot reevaluating
ChatterBot Uniform reevaluating
ChatterBot India reevaluating
ChatterBot Mike reevaluating
ChatterBot Foxtrot reevaluating
ChatterBot Uniform reevaluating
ChatterBot India reevaluating
ChatterBot Mike reevaluating
ChatterBot Romeo reevaluating
ChatterBot Uniform reevaluating
ChatterBot India reevaluating
ChatterBot Mike reevaluating
ChatterBot Romeo reevaluating
ChatterBot Foxtrot reevaluating
ChatterBot India reevaluating
ChatterBot Mike reevaluating
ChatterBot Romeo reevaluating
ChatterBot Foxtrot reevaluating
ChatterBot Uniform reevaluating
ChatterBot India reevaluating
2024-10-14 23:16:38.383843 Charlie: We should drop Oscar
ChatterBot Romeo reevaluating
ChatterBot Uniform reevaluating
ChatterBot India reevaluating
2024-10-14 23:16:38.401157 Foxtrot: Yes
2024-10-14 23:16:38.401314 Tango: Yes
2024-10-14 23:16:38.401425 Romeo: Yes
2024-10-14 23:16:38.401532 Uniform: Yes
2024-10-14 23:16:38.401642 India: Yes
2024-10-14 23:16:38.401759 Kilo: Yes
2024-10-14 23:16:38.401883 Mike: Yes
ChatterBot Romeo reevaluating
ChatterBot Uniform reevaluating
ChatterBot India reevaluating
ChatterBot Romeo reevaluating
ChatterBot Uniform reevaluating
ChatterBot India reevaluating
ChatterBot Uniform reevaluating
ChatterBot India reevaluating
ChatterBot Romeo reevaluating
ChatterBot India reevaluating
ChatterBot Romeo reevaluating
ChatterBot Uniform reevaluating
ChatterBot Romeo reevaluating
ChatterBot Uniform reevaluating
ChatterBot India reevaluating
ChatterBot Romeo reevaluating
ChatterBot Uniform reevaluating
ChatterBot India reevaluating
2024-10-14 23:16:38.508686 Tango: Kilo, Uniform and Mike, sending you 2
2024-10-14 23:16:38.510223 Oscar: Charlie, sending you 4
2024-10-14 23:16:38.510673 Kilo: Tango, sending you 3
2024-10-14 23:16:38.513668 Tango: Romeo, Foxtrot and India, sending you 3
2024-10-14 23:16:38.514118 Oscar: Whiskey, sending you 12
2024-10-14 23:16:38.515694 Kilo: Romeo, Foxtrot, Uniform and India, sending you 2
2024-10-14 23:16:38.516214 Foxtrot: Kilo and Mike, sending you 2
2024-10-14 23:16:38.518695 Mike: Kilo and Charlie, sending you 3
2024-10-14 23:16:38.520684 Kilo: Mike, sending you 4
2024-10-14 23:16:38.521676 Foxtrot: Tango, Romeo and Uniform, sending you 4
2024-10-14 23:16:38.522169 Mike: Tango, Foxtrot, Uniform and India, sending you 2
2024-10-14 23:16:38.523678 Whiskey: Oscar, sending you 10
2024-10-14 23:16:38.526007 Foxtrot: India, sending you 3
2024-10-14 23:16:38.526535 Mike: Romeo, sending you 4
2024-10-14 23:16:38.527068 Charlie: Kilo, sending you 3
2024-10-14 23:16:38.528875 Whiskey: Charlie, sending you 5
2024-10-14 23:16:38.530708 Charlie: Tango and India, sending you 1
2024-10-14 23:16:38.533669 Romeo: Kilo, sending you 2
2024-10-14 23:16:38.534976 India: Kilo, sending you 2
2024-10-14 23:16:38.536685 Charlie: Romeo, Foxtrot and Uniform, sending you 2
2024-10-14 23:16:38.537794 Romeo: Tango, Uniform and India, sending you 3
2024-10-14 23:16:38.539665 India: Tango, Romeo, Foxtrot, Uniform and Mike, sending you 3
2024-10-14 23:16:38.540725 Charlie: Mike, sending you 6
2024-10-14 23:16:38.541694 Romeo: Foxtrot and Mike, sending you 4
chatterbot Foxtrot submitting transactions
chatterbot Tango submitting transactions
chatterbot Romeo submitting transactions
chatterbot Mike submitting transactions
chatterbot Uniform submitting transactions
chatterbot Whiskey submitting transactions
chatterbot India submitting transactions
chatterbot Charlie submitting transactions
chatterbot Kilo submitting transactions
chatterbot Oscar submitting transactions
ChatterBot Kilo round 4
ChatterBot Tango round 4
ChatterBot Romeo round 4
ChatterBot Oscar round 4
ChatterBot Foxtrot round 4
ChatterBot Uniform round 4
ChatterBot India round 4
ChatterBot Charlie round 4
ChatterBot Whiskey round 4
ChatterBot Mike round 4
2024-10-14 23:16:39.550601 India: We should add Charlie
ChatterBot Foxtrot reevaluating
ChatterBot Uniform reevaluating
2024-10-14 23:16:39.564673 Kilo: No
2024-10-14 23:16:39.564855 Tango: No
2024-10-14 23:16:39.564979 Romeo: Yes
2024-10-14 23:16:39.565094 Foxtrot: Yes
2024-10-14 23:16:39.565214 Uniform: No
2024-10-14 23:16:39.565340 Mike: Yes
ChatterBot Foxtrot reevaluating
ChatterBot Uniform reevaluating
ChatterBot Foxtrot reevaluating
ChatterBot Uniform reevaluating
ChatterBot India reevaluating
ChatterBot Foxtrot reevaluating
ChatterBot Uniform reevaluating
ChatterBot India reevaluating
ChatterBot Uniform reevaluating
ChatterBot India reevaluating
ChatterBot Foxtrot reevaluating
ChatterBot India reevaluating
ChatterBot Foxtrot reevaluating
ChatterBot Uniform reevaluating
ChatterBot India reevaluating
2024-10-14 23:16:39.653855 Whiskey: We should add Kilo
ChatterBot Oscar reevaluating
2024-10-14 23:16:39.657805 Oscar: No
2024-10-14 23:16:39.657930 Charlie: Yes
ChatterBot Whiskey reevaluating
ChatterBot Whiskey reevaluating
ChatterBot Oscar reevaluating
2024-10-14 23:16:39.671667 India: Charlie we want you to join our group
2024-10-14 23:16:39.674833 Charlie: Yes
ChatterBot Foxtrot reevaluating
ChatterBot India reevaluating
ChatterBot Kilo reevaluating
2024-10-14 23:16:39.694677 Mike: Kilo and Romeo, sending you 3
2024-10-14 23:16:39.695177 Charlie: Kilo, sending you 3
2024-10-14 23:16:39.695569 Tango: Kilo, Romeo, Foxtrot and India, sending you 3
2024-10-14 23:16:39.696003 Uniform: Kilo, Tango and Charlie, sending you 2
2024-10-14 23:16:39.696698 Romeo: Kilo, sending you 2
2024-10-14 23:16:39.698882 Mike: Tango, Foxtrot, Uniform and India, sending you 2
2024-10-14 23:16:39.699723 Charlie: Tango and India, sending you 1
2024-10-14 23:16:39.700675 Tango: Uniform, sending you 1
2024-10-14 23:16:39.701206 Uniform: Romeo, India and Mike, sending you 3
2024-10-14 23:16:39.701651 Romeo: Tango, Uniform, India and Mike, sending you 3
2024-10-14 23:16:39.703671 Mike: Charlie, sending you 4
2024-10-14 23:16:39.704156 Charlie: Romeo, Foxtrot and Uniform, sending you 2
2024-10-14 23:16:39.704916 Tango: Mike, sending you 2
2024-10-14 23:16:39.705271 Whiskey: Oscar, sending you 11
2024-10-14 23:16:39.705460 Uniform: Foxtrot, sending you 5
2024-10-14 23:16:39.706674 Romeo: Foxtrot, sending you 4
2024-10-14 23:16:39.708674 Whiskey: Charlie, sending you 5
2024-10-14 23:16:39.709659 Charlie: Mike, sending you 6
2024-10-14 23:16:39.710662 Romeo: Charlie, sending you 1
2024-10-14 23:16:39.712662 Foxtrot: Kilo, Charlie and Mike, sending you 2
2024-10-14 23:16:39.713666 Oscar: Charlie, sending you 3
2024-10-14 23:16:39.716679 Foxtrot: Tango, Romeo and India, sending you 3
2024-10-14 23:16:39.717902 Oscar: Whiskey, sending you 11
2024-10-14 23:16:39.719659 Foxtrot: Uniform, sending you 4
2024-10-14 23:16:39.723697 Kilo: Tango, Romeo, Foxtrot, Uniform, India and Charlie, sending you 2
2024-10-14 23:16:39.726671 India: Kilo, Tango, Charlie and Mike, sending you 2
2024-10-14 23:16:39.727678 Kilo: Mike, sending you 3
2024-10-14 23:16:39.729665 India: Romeo, Foxtrot and Uniform, sending you 3
chatterbot Tango submitting transactions
chatterbot Romeo submitting transactions
chatterbot Kilo submitting transactions
chatterbot Mike submitting transactions
chatterbot Uniform submitting transactions
chatterbot Foxtrot submitting transactions
chatterbot Charlie submitting transactions
chatterbot India submitting transactions
chatterbot Oscar submitting transactions
chatterbot Whiskey submitting transactions
ChatterBot Kilo round 5
ChatterBot Tango round 5
ChatterBot Romeo round 5
ChatterBot Oscar round 5
ChatterBot Foxtrot round 5
ChatterBot Uniform round 5
2024-10-14 23:16:40.764148 Tango: We should add Charlie
ChatterBot Kilo reevaluating
ChatterBot Romeo reevaluating
ChatterBot Foxtrot reevaluating
ChatterBot Uniform reevaluating
2024-10-14 23:16:40.782183 Kilo: Yes
2024-10-14 23:16:40.782354 Romeo: Yes
2024-10-14 23:16:40.782473 Foxtrot: Yes
2024-10-14 23:16:40.782592 Uniform: Yes
2024-10-14 23:16:40.782726 India: Yes
2024-10-14 23:16:40.782831 Mike: Yes
ChatterBot Romeo reevaluating
ChatterBot Foxtrot reevaluating
ChatterBot Uniform reevaluating
ChatterBot Kilo reevaluating
ChatterBot Foxtrot reevaluating
ChatterBot Uniform reevaluating
ChatterBot Kilo reevaluating
ChatterBot Romeo reevaluating
ChatterBot Uniform reevaluating
ChatterBot Kilo reevaluating
ChatterBot Romeo reevaluating
ChatterBot Foxtrot reevaluating
ChatterBot Kilo reevaluating
ChatterBot Romeo reevaluating
ChatterBot Foxtrot reevaluating
ChatterBot Uniform reevaluating
ChatterBot Kilo reevaluating
ChatterBot Romeo reevaluating
ChatterBot Foxtrot reevaluating
ChatterBot Uniform reevaluating
ChatterBot India round 5
ChatterBot Charlie round 5
ChatterBot Whiskey round 5
ChatterBot Mike round 5
2024-10-14 23:16:40.907757 Tango: Charlie we want you to join our group
ChatterBot Charlie reevaluating
2024-10-14 23:16:40.910908 Charlie: Yes
ChatterBot Foxtrot reevaluating
ChatterBot Romeo reevaluating
ChatterBot Uniform reevaluating
ChatterBot India reevaluating
ChatterBot Kilo reevaluating
ChatterBot Mike reevaluating
2024-10-14 23:16:40.929904 Oscar: We should drop Charlie
ChatterBot Whiskey reevaluating
2024-10-14 23:16:40.932514 Whiskey: Yes
2024-10-14 23:16:40.952702 Romeo: Kilo and Charlie, sending you 2
2024-10-14 23:16:40.955671 Oscar: Sending you 10
2024-10-14 23:16:40.955985 Whiskey: Sending you 12
2024-10-14 23:16:40.957761 Uniform: Kilo, Tango and Charlie, sending you 2
2024-10-14 23:16:40.958506 Romeo: Tango, Foxtrot, Uniform, India and Mike, sending you 3
2024-10-14 23:16:40.962697 India: Kilo, Tango, Charlie and Mike, sending you 2
2024-10-14 23:16:40.964123 Uniform: Romeo, India and Mike, sending you 3
2024-10-14 23:16:40.964935 Foxtrot: Kilo, Charlie and Mike, sending you 2
2024-10-14 23:16:40.965746 Charlie: Kilo, sending you 3
2024-10-14 23:16:40.966898 Kilo: Tango, Romeo, Foxtrot, Uniform, India and Charlie, sending you 2
2024-10-14 23:16:40.967868 Mike: Kilo and Romeo, sending you 3
2024-10-14 23:16:40.968688 Tango: Kilo, Romeo, Uniform, India, Charlie and Mike, sending you 2
2024-10-14 23:16:40.970055 India: Romeo, Foxtrot and Uniform, sending you 3
2024-10-14 23:16:40.970875 Uniform: Foxtrot, sending you 5
2024-10-14 23:16:40.971697 Charlie: Tango, sending you 1
2024-10-14 23:16:40.972522 Foxtrot: Tango, Romeo and India, sending you 3
2024-10-14 23:16:40.973932 Kilo: Mike, sending you 3
2024-10-14 23:16:40.974756 Mike: Tango, Foxtrot, Uniform and India, sending you 2
2024-10-14 23:16:40.975609 Tango: Foxtrot, sending you 3
2024-10-14 23:16:40.976508 Charlie: Romeo, Foxtrot, Uniform and India, sending you 2
2024-10-14 23:16:40.977793 Foxtrot: Uniform, sending you 4
2024-10-14 23:16:40.979702 Mike: Charlie, sending you 4
2024-10-14 23:16:40.982670 Charlie: Mike, sending you 5
chatterbot Charlie submitting transactions
chatterbot Whiskey submitting transactions
chatterbot Kilo submitting transactions
chatterbot Romeo submitting transactions
chatterbot Oscar submitting transactions
chatterbot India submitting transactions
chatterbot Uniform submitting transactions
chatterbot Mike submitting transactions
chatterbot Tango submitting transactions
chatterbot Foxtrot submitting transactions
ChatterBot Kilo round 6
ChatterBot Tango round 6
ChatterBot Romeo round 6
ChatterBot Oscar round 6
ChatterBot Foxtrot round 6
ChatterBot Uniform round 6
ChatterBot India round 6
ChatterBot Charlie round 6
ChatterBot Whiskey round 6
ChatterBot Mike round 6
2024-10-14 23:16:42.145709 Romeo: Kilo and Charlie, sending you 2
2024-10-14 23:16:42.148744 Kilo: Tango, Romeo, Foxtrot, Uniform, India and Charlie, sending you 2
2024-10-14 23:16:42.149439 Romeo: Tango, Foxtrot, Uniform, India and Mike, sending you 3
2024-10-14 23:16:42.153035 Foxtrot: Kilo, Charlie and Mike, sending you 2
2024-10-14 23:16:42.153888 Kilo: Mike, sending you 3
2024-10-14 23:16:42.154674 Oscar: Sending you 9
2024-10-14 23:16:42.154978 Tango: Kilo, Romeo, Uniform, India, Charlie and Mike, sending you 2
2024-10-14 23:16:42.156662 Whiskey: Sending you 13
2024-10-14 23:16:42.156925 Foxtrot: Tango, Romeo and India, sending you 3
2024-10-14 23:16:42.158296 Mike: Kilo and Romeo, sending you 3
2024-10-14 23:16:42.159677 Tango: Foxtrot, sending you 3
2024-10-14 23:16:42.162668 Foxtrot: Uniform, sending you 4
2024-10-14 23:16:42.163332 Mike: Tango, Foxtrot, Uniform and India, sending you 2
2024-10-14 23:16:42.163986 Uniform: Kilo, Tango and Charlie, sending you 2
2024-10-14 23:16:42.164592 India: Kilo, Tango, Uniform, Charlie and Mike, sending you 2
2024-10-14 23:16:42.165284 Charlie: Kilo, Tango, Romeo, Foxtrot, Uniform and India, sending you 2
2024-10-14 23:16:42.167670 Uniform: Romeo, India and Mike, sending you 3
2024-10-14 23:16:42.168676 Mike: Charlie, sending you 4
2024-10-14 23:16:42.169560 India: Romeo, sending you 3
2024-10-14 23:16:42.170674 Charlie: Mike, sending you 5
2024-10-14 23:16:42.171668 Uniform: Foxtrot, sending you 5
2024-10-14 23:16:42.173692 India: Foxtrot, sending you 4
chatterbot Charlie submitting transactions
chatterbot Uniform submitting transactions
chatterbot Oscar submitting transactions
chatterbot Kilo submitting transactions
chatterbot Tango submitting transactions
chatterbot Foxtrot submitting transactions
chatterbot Mike submitting transactions
chatterbot Whiskey submitting transactions
chatterbot India submitting transactions
chatterbot Romeo submitting transactions
ChatterBot Kilo round 7
ChatterBot Tango round 7
ChatterBot Romeo round 7
ChatterBot Oscar round 7
ChatterBot Foxtrot round 7
ChatterBot Uniform round 7
ChatterBot India round 7
ChatterBot Charlie round 7
ChatterBot Whiskey round 7
ChatterBot Mike round 7
2024-10-14 23:16:43.383199 Uniform: We should drop Tango
2024-10-14 23:16:43.398537 Kilo: No
2024-10-14 23:16:43.398793 Romeo: No
2024-10-14 23:16:43.398959 Foxtrot: No
2024-10-14 23:16:43.399090 India: No
2024-10-14 23:16:43.399211 Charlie: No
2024-10-14 23:16:43.399761 Mike: No
ChatterBot Uniform reevaluating
ChatterBot Uniform reevaluating
ChatterBot Uniform reevaluating
ChatterBot Uniform reevaluating
ChatterBot Uniform reevaluating
ChatterBot Uniform reevaluating
2024-10-14 23:16:43.488838 Foxtrot: Kilo, Charlie and Mike, sending you 2
2024-10-14 23:16:43.490104 Charlie: Kilo, Tango, Romeo, Foxtrot, Uniform and India, sending you 2
2024-10-14 23:16:43.491883 Romeo: Kilo, Tango and Charlie, sending you 2
2024-10-14 23:16:43.493140 Tango: Kilo, Romeo, Uniform, India, Charlie and Mike, sending you 2
2024-10-14 23:16:43.495133 Oscar: Sending you 8
2024-10-14 23:16:43.495460 Kilo: Tango, Romeo, Foxtrot, Uniform, India and Charlie, sending you 2
2024-10-14 23:16:43.496515 Foxtrot: Tango, Romeo and India, sending you 3
2024-10-14 23:16:43.498188 Charlie: Mike, sending you 5
2024-10-14 23:16:43.499205 Romeo: Foxtrot, sending you 4
2024-10-14 23:16:43.500816 Tango: Foxtrot, sending you 3
2024-10-14 23:16:43.502022 Kilo: Mike, sending you 3
2024-10-14 23:16:43.504048 Mike: Kilo and Romeo, sending you 3
2024-10-14 23:16:43.505922 Foxtrot: Uniform, sending you 4
2024-10-14 23:16:43.507483 Whiskey: Sending you 14
2024-10-14 23:16:43.508348 Romeo: Uniform, India and Mike, sending you 3
2024-10-14 23:16:43.509942 Mike: Tango, Foxtrot, Uniform and India, sending you 2
2024-10-14 23:16:43.512595 India: Kilo, Tango, Uniform, Charlie and Mike, sending you 2
2024-10-14 23:16:43.514710 Mike: Charlie, sending you 4
2024-10-14 23:16:43.518678 India: Romeo, sending you 3
2024-10-14 23:16:43.524956 India: Foxtrot, sending you 4
2024-10-14 23:16:43.525872 Uniform: Kilo, India and Mike, sending you 3
2024-10-14 23:16:43.529778 Uniform: Romeo, sending you 4
2024-10-14 23:16:43.533702 Uniform: Foxtrot, sending you 5
2024-10-14 23:16:43.538667 Uniform: Charlie, sending you 2
chatterbot Oscar submitting transactions
chatterbot Kilo submitting transactions
chatterbot Romeo submitting transactions
chatterbot Charlie submitting transactions
chatterbot Mike submitting transactions
chatterbot Whiskey submitting transactions
chatterbot India submitting transactions
chatterbot Foxtrot submitting transactions
chatterbot Tango submitting transactions
chatterbot Uniform submitting transactions
ChatterBot Kilo round 8
ChatterBot Tango round 8
ChatterBot Romeo round 8
ChatterBot Oscar round 8
ChatterBot Foxtrot round 8
ChatterBot Uniform round 8
ChatterBot India round 8
ChatterBot Charlie round 8
ChatterBot Whiskey round 8
ChatterBot Mike round 8
2024-10-14 23:16:44.688926 Uniform: We should replace Kilo with Tango
2024-10-14 23:16:44.701943 Romeo: No
2024-10-14 23:16:44.702199 Foxtrot: No
2024-10-14 23:16:44.702329 India: No
2024-10-14 23:16:44.702449 Charlie: No
2024-10-14 23:16:44.702565 Mike: No
ChatterBot Uniform reevaluating
ChatterBot Uniform reevaluating
ChatterBot Uniform reevaluating
ChatterBot Uniform reevaluating
ChatterBot Uniform reevaluating
2024-10-14 23:16:44.782683 Oscar: Sending you 7
2024-10-14 23:16:44.783003 Kilo: Tango, Romeo, Foxtrot, Uniform, India and Charlie, sending you 2
2024-10-14 23:16:44.788719 Kilo: Mike, sending you 3
2024-10-14 23:16:44.790328 Romeo: Kilo, Tango and Charlie, sending you 2
2024-10-14 23:16:44.791693 India: Kilo, Tango, Uniform, Charlie and Mike, sending you 2
2024-10-14 23:16:44.793494 Whiskey: Sending you 16
2024-10-14 23:16:44.793780 Foxtrot: Kilo, Charlie and Mike, sending you 2
2024-10-14 23:16:44.794709 Romeo: Foxtrot, sending you 4
2024-10-14 23:16:44.795996 Tango: Kilo, Romeo, Uniform, India, Charlie and Mike, sending you 2
2024-10-14 23:16:44.797758 India: Romeo, sending you 3
2024-10-14 23:16:44.798847 Foxtrot: Tango, Romeo and India, sending you 3
2024-10-14 23:16:44.800687 Romeo: Uniform, India and Mike, sending you 3
2024-10-14 23:16:44.801668 Tango: Foxtrot, sending you 3
2024-10-14 23:16:44.803226 Charlie: Kilo, Tango, Romeo, Foxtrot, Uniform and India, sending you 2
2024-10-14 23:16:44.804238 India: Foxtrot, sending you 4
2024-10-14 23:16:44.805302 Foxtrot: Uniform, sending you 4
2024-10-14 23:16:44.807699 Charlie: Mike, sending you 5
2024-10-14 23:16:44.808820 Uniform: Kilo, India and Mike, sending you 3
2024-10-14 23:16:44.810120 Mike: Kilo and Romeo, sending you 3
2024-10-14 23:16:44.814680 Uniform: Romeo, sending you 4
2024-10-14 23:16:44.815740 Mike: Tango, Foxtrot, Uniform and India, sending you 2
2024-10-14 23:16:44.819956 Uniform: Foxtrot, sending you 5
2024-10-14 23:16:44.820646 Mike: Charlie, sending you 4
2024-10-14 23:16:44.823121 Uniform: Charlie, sending you 2
chatterbot Uniform submitting transactions
chatterbot Tango submitting transactions
chatterbot Charlie submitting transactions
chatterbot Oscar submitting transactions
chatterbot Mike submitting transactions
chatterbot Kilo submitting transactions
chatterbot India submitting transactions
chatterbot Foxtrot submitting transactions
chatterbot Romeo submitting transactions
chatterbot Whiskey submitting transactions
ChatterBot Kilo round 9
ChatterBot Tango round 9
ChatterBot Romeo round 9
ChatterBot Oscar round 9
ChatterBot Foxtrot round 9
ChatterBot Uniform round 9
ChatterBot India round 9
ChatterBot Charlie round 9
ChatterBot Whiskey round 9
ChatterBot Mike round 9
2024-10-14 23:16:45.897940 Uniform: We should replace Kilo with Tango
2024-10-14 23:16:45.916659 Romeo: No
2024-10-14 23:16:45.916897 Foxtrot: No
2024-10-14 23:16:45.917068 India: No
2024-10-14 23:16:45.917227 Charlie: No
2024-10-14 23:16:45.917351 Mike: No
ChatterBot Uniform reevaluating
ChatterBot Uniform reevaluating
ChatterBot Uniform reevaluating
ChatterBot Uniform reevaluating
ChatterBot Uniform reevaluating
2024-10-14 23:16:46.043072 Whiskey: Sending you 18
2024-10-14 23:16:46.044491 Charlie: Kilo, Tango, Romeo, Foxtrot, Uniform and India, sending you 2
2024-10-14 23:16:46.047749 Kilo: Tango, Romeo, Foxtrot, Uniform, India and Charlie, sending you 2
2024-10-14 23:16:46.050490 Foxtrot: Kilo, Charlie and Mike, sending you 2
2024-10-14 23:16:46.051993 Romeo: Kilo, Tango and Charlie, sending you 2
2024-10-14 23:16:46.054119 Charlie: Mike, sending you 5
2024-10-14 23:16:46.056217 India: Kilo, Tango, Uniform, Charlie and Mike, sending you 2
2024-10-14 23:16:46.058274 Mike: Kilo and Romeo, sending you 3
2024-10-14 23:16:46.060600 Kilo: Mike, sending you 3
2024-10-14 23:16:46.063573 Foxtrot: Tango, Romeo and India, sending you 3
2024-10-14 23:16:46.065808 Oscar: Sending you 6
2024-10-14 23:16:46.066580 Romeo: Foxtrot, sending you 4
2024-10-14 23:16:46.069060 Tango: Kilo, Romeo, Uniform, India, Charlie and Mike, sending you 2
2024-10-14 23:16:46.070680 India: Romeo, sending you 3
2024-10-14 23:16:46.072802 Uniform: Kilo, India and Mike, sending you 3
2024-10-14 23:16:46.073418 Mike: Tango, Foxtrot, Uniform and India, sending you 2
2024-10-14 23:16:46.075735 Foxtrot: Uniform, sending you 4
2024-10-14 23:16:46.077938 Romeo: Uniform, India and Mike, sending you 3
2024-10-14 23:16:46.080127 Tango: Foxtrot, sending you 3
2024-10-14 23:16:46.082180 India: Foxtrot, sending you 4
2024-10-14 23:16:46.084378 Uniform: Tango, sending you 2
2024-10-14 23:16:46.086042 Mike: Charlie, sending you 4
2024-10-14 23:16:46.088662 Uniform: Romeo, sending you 4
2024-10-14 23:16:46.092671 Uniform: Foxtrot, sending you 5
chatterbot Romeo submitting transactions
chatterbot Whiskey submitting transactions
chatterbot Oscar submitting transactions
chatterbot Charlie submitting transactions
chatterbot Tango submitting transactions
chatterbot Uniform submitting transactions
chatterbot Mike submitting transactions
chatterbot Foxtrot submitting transactions
chatterbot Kilo submitting transactions
chatterbot India submitting transactions
ChatterBot Kilo round 10
ChatterBot Tango round 10
ChatterBot Romeo round 10
ChatterBot Oscar round 10
ChatterBot Foxtrot round 10
ChatterBot Uniform round 10
ChatterBot India round 10
ChatterBot Charlie round 10
ChatterBot Whiskey round 10
ChatterBot Mike round 10
2024-10-14 23:16:47.251476 Uniform: We should add Charlie
2024-10-14 23:16:47.266068 Kilo: Yes
2024-10-14 23:16:47.266230 Tango: Yes
2024-10-14 23:16:47.266350 Romeo: Yes
2024-10-14 23:16:47.266473 Foxtrot: Yes
2024-10-14 23:16:47.266581 India: Yes
2024-10-14 23:16:47.266714 Mike: Yes
ChatterBot Uniform reevaluating
ChatterBot Uniform reevaluating
2024-10-14 23:16:47.400450 Uniform: We should replace Tango with Charlie
2024-10-14 23:16:47.419094 Kilo: No
2024-10-14 23:16:47.419251 Romeo: No
2024-10-14 23:16:47.419887 Foxtrot: No
2024-10-14 23:16:47.420042 India: No
2024-10-14 23:16:47.420154 Mike: No
ChatterBot Uniform reevaluating
ChatterBot Uniform reevaluating
ChatterBot Uniform reevaluating
ChatterBot Uniform reevaluating
ChatterBot Uniform reevaluating
2024-10-14 23:16:47.485680 Oscar: Sending you 5
2024-10-14 23:16:47.485991 Tango: Kilo, Romeo, Uniform, India, Charlie and Mike, sending you 2
2024-10-14 23:16:47.491660 Tango: Foxtrot, sending you 3
2024-10-14 23:16:47.493515 Uniform: Charlie we want you to join our group
2024-10-14 23:16:47.498426 Charlie: Yes
ChatterBot Uniform reevaluating
2024-10-14 23:16:47.518285 Romeo: Kilo, Tango and Charlie, sending you 2
2024-10-14 23:16:47.521996 Mike: Kilo and Romeo, sending you 3
2024-10-14 23:16:47.523552 Whiskey: Sending you 2
2024-10-14 23:16:47.523998 Romeo: Foxtrot, sending you 4
2024-10-14 23:16:47.526228 India: Kilo, Tango, Uniform, Charlie and Mike, sending you 2
2024-10-14 23:16:47.527363 Foxtrot: Kilo, Charlie and Mike, sending you 2
2024-10-14 23:16:47.529024 Kilo: Tango, Romeo, Foxtrot, Uniform, India and Charlie, sending you 2
2024-10-14 23:16:47.529995 Charlie: Kilo, Tango, Romeo, Foxtrot, Uniform and India, sending you 2
2024-10-14 23:16:47.531888 Mike: Tango, Foxtrot, Uniform and India, sending you 2
2024-10-14 23:16:47.533299 Romeo: Uniform, India and Mike, sending you 3
2024-10-14 23:16:47.534830 India: Romeo, sending you 3
2024-10-14 23:16:47.537038 Foxtrot: Tango, Romeo and India, sending you 3
2024-10-14 23:16:47.538653 Kilo: Mike, sending you 3
2024-10-14 23:16:47.540463 Charlie: Mike, sending you 5
2024-10-14 23:16:47.542267 Mike: Charlie, sending you 4
2024-10-14 23:16:47.544490 India: Foxtrot, sending you 4
2024-10-14 23:16:47.546814 Foxtrot: Uniform, sending you 4
2024-10-14 23:16:47.553713 Uniform: Kilo, Tango and Charlie, sending you 2
2024-10-14 23:16:47.560668 Uniform: Romeo, India and Mike, sending you 3
2024-10-14 23:16:47.564650 Uniform: Foxtrot, sending you 5
chatterbot Romeo submitting transactions
chatterbot Mike submitting transactions
chatterbot Tango submitting transactions
chatterbot Whiskey submitting transactions
chatterbot Oscar submitting transactions
chatterbot Charlie submitting transactions
chatterbot Uniform submitting transactions
chatterbot India submitting transactions
chatterbot Kilo submitting transactions
chatterbot Foxtrot submitting transactions
ChatterBot Kilo round 11
ChatterBot Tango round 11
ChatterBot Romeo round 11
ChatterBot Oscar round 11
ChatterBot Foxtrot round 11
ChatterBot Uniform round 11
ChatterBot India round 11
ChatterBot Charlie round 11
ChatterBot Whiskey round 11
ChatterBot Mike round 11
2024-10-14 23:16:48.735023 Whiskey: We should add Tango
2024-10-14 23:16:48.738305 Oscar: No
ChatterBot Whiskey reevaluating
2024-10-14 23:16:48.742864 Uniform: We should drop Tango
2024-10-14 23:16:48.762348 Kilo: No
2024-10-14 23:16:48.762517 Romeo: No
2024-10-14 23:16:48.762649 Foxtrot: No
2024-10-14 23:16:48.762764 India: No
2024-10-14 23:16:48.762881 Charlie: No
2024-10-14 23:16:48.762983 Mike: No
ChatterBot Uniform reevaluating
ChatterBot Foxtrot reevaluating
ChatterBot Uniform reevaluating
ChatterBot Kilo reevaluating
ChatterBot Foxtrot reevaluating
ChatterBot Uniform reevaluating
ChatterBot Kilo reevaluating
ChatterBot Uniform reevaluating
ChatterBot Kilo reevaluating
ChatterBot Foxtrot reevaluating
ChatterBot Uniform reevaluating
ChatterBot Kilo reevaluating
ChatterBot Foxtrot reevaluating
