ChatterBot India round 1
ChatterBot Alpha round 1
ChatterBot Zulu round 1
ChatterBot Kilo round 1
ChatterBot Delta round 1
ChatterBot Mike round 1
ChatterBot Juliett round 1
ChatterBot Charlie round 1
ChatterBot Quebec round 1
randomSelections Alpha: {Alpha, Charlie, Kilo, India, X-ray, Zulu, Quebec, Juliett} 
2024-10-14 23:16:29.381990 Alpha: Let's form a team
ChatterBot Charlie reevaluating
ChatterBot Kilo reevaluating
ChatterBot India reevaluating
ChatterBot Zulu reevaluating
ChatterBot Quebec reevaluating
ChatterBot Juliett reevaluating
2024-10-14 23:16:29.395783 Charlie: Yes
2024-10-14 23:16:29.395917 Kilo: Yes
2024-10-14 23:16:29.396114 India: Yes
2024-10-14 23:16:29.396245 Zulu: Yes
2024-10-14 23:16:29.396537 Quebec: Yes
2024-10-14 23:16:29.396873 Juliett: Yes
ChatterBot Kilo reevaluating
ChatterBot India reevaluating
ChatterBot Zulu reevaluating
ChatterBot Quebec reevaluating
ChatterBot Juliett reevaluating
ChatterBot Charlie reevaluating
ChatterBot India reevaluating
ChatterBot Zulu reevaluating
ChatterBot Quebec reevaluating
ChatterBot Juliett reevaluating
ChatterBot Charlie reevaluating
ChatterBot Kilo reevaluating
ChatterBot Zulu reevaluating
ChatterBot Quebec reevaluating
ChatterBot Juliett reevaluating
ChatterBot Charlie reevaluating
ChatterBot Kilo reevaluating
ChatterBot India reevaluating
ChatterBot Quebec reevaluating
ChatterBot Juliett reevaluating
ChatterBot Charlie reevaluating
ChatterBot Kilo reevaluating
ChatterBot India reevaluating
ChatterBot Zulu reevaluating
ChatterBot Juliett reevaluating
ChatterBot Charlie reevaluating
ChatterBot Kilo reevaluating
ChatterBot India reevaluating
ChatterBot Zulu reevaluating
ChatterBot Quebec reevaluating
randomSelections Mike: {Mike, Zulu, Juliett, Quebec, Kilo, Alpha} 
2024-10-14 23:16:29.477802 Mike: We would work well together
ChatterBot Zulu reevaluating
ChatterBot Juliett reevaluating
ChatterBot Quebec reevaluating
ChatterBot Kilo reevaluating
2024-10-14 23:16:29.486969 Zulu: No
2024-10-14 23:16:29.487326 Juliett: No
2024-10-14 23:16:29.487556 Quebec: No
2024-10-14 23:16:29.488493 Kilo: No
2024-10-14 23:16:29.488743 Alpha: No
ChatterBot Juliett reevaluating
ChatterBot Quebec reevaluating
ChatterBot Kilo reevaluating
ChatterBot Zulu reevaluating
ChatterBot Quebec reevaluating
ChatterBot Kilo reevaluating
ChatterBot Zulu reevaluating
ChatterBot Juliett reevaluating
ChatterBot Kilo reevaluating
ChatterBot Zulu reevaluating
ChatterBot Juliett reevaluating
ChatterBot Quebec reevaluating
ChatterBot Zulu reevaluating
ChatterBot Juliett reevaluating
ChatterBot Quebec reevaluating
ChatterBot Kilo reevaluating
ChatterBot X-ray round 1
ChatterBot X-ray reevaluating
ChatterBot X-ray reevaluating
ChatterBot X-ray reevaluating
ChatterBot X-ray reevaluating
ChatterBot X-ray reevaluating
ChatterBot X-ray reevaluating
ChatterBot X-ray reevaluating
2024-10-14 23:16:29.547054 X-ray: Yes
ChatterBot Charlie reevaluating
ChatterBot Kilo reevaluating
ChatterBot India reevaluating
ChatterBot Zulu reevaluating
ChatterBot Quebec reevaluating
ChatterBot Juliett reevaluating
randomSelections Delta: {Delta, Quebec, Zulu, Mike, Kilo, Juliett} 
2024-10-14 23:16:29.566361 Delta: Let's form a team
ChatterBot Quebec reevaluating
ChatterBot Zulu reevaluating
ChatterBot Kilo reevaluating
ChatterBot Juliett reevaluating
2024-10-14 23:16:29.573599 Quebec: No
2024-10-14 23:16:29.573743 Zulu: No
2024-10-14 23:16:29.573842 Mike: No
2024-10-14 23:16:29.574368 Kilo: No
2024-10-14 23:16:29.574493 Juliett: No
ChatterBot Zulu reevaluating
ChatterBot Kilo reevaluating
ChatterBot Juliett reevaluating
ChatterBot Quebec reevaluating
ChatterBot Kilo reevaluating
ChatterBot Juliett reevaluating
ChatterBot Quebec reevaluating
ChatterBot Zulu reevaluating
ChatterBot Kilo reevaluating
ChatterBot Juliett reevaluating
ChatterBot Quebec reevaluating
ChatterBot Zulu reevaluating
ChatterBot Juliett reevaluating
ChatterBot Quebec reevaluating
ChatterBot Zulu reevaluating
ChatterBot Kilo reevaluating
2024-10-14 23:16:29.737103 Quebec: India, sending you 1
2024-10-14 23:16:29.738748 Alpha: India, sending you 5
2024-10-14 23:16:29.739681 Charlie: India and Zulu, sending you 2
2024-10-14 23:16:29.741228 India: Alpha, Zulu, Juliett and Quebec, sending you 2
2024-10-14 23:16:29.742663 Juliett: India and X-ray, sending you 2
2024-10-14 23:16:29.744237 Zulu: Alpha and Quebec, sending you 2
2024-10-14 23:16:29.745574 Quebec: Alpha, Zulu and Kilo, sending you 2
2024-10-14 23:16:29.746254 Alpha: Zulu, sending you 2
2024-10-14 23:16:29.747654 Charlie: Alpha and X-ray, sending you 6
2024-10-14 23:16:29.749066 India: Charlie, sending you 1
2024-10-14 23:16:29.750717 Juliett: Alpha and Quebec, sending you 3
2024-10-14 23:16:29.751350 Zulu: Kilo, sending you 4
2024-10-14 23:16:29.752717 X-ray: India, sending you 5
2024-10-14 23:16:29.753967 Alpha: Kilo and Charlie, sending you 3
2024-10-14 23:16:29.755327 Quebec: Juliett and Charlie, sending you 3
2024-10-14 23:16:29.756121 Charlie: Kilo, sending you 1
2024-10-14 23:16:29.757463 Juliett: Zulu and Kilo, sending you 1
2024-10-14 23:16:29.758872 India: X-ray, sending you 4
2024-10-14 23:16:29.760310 X-ray: Alpha and Juliett, sending you 1
2024-10-14 23:16:29.761181 Zulu: Juliett, sending you 3
2024-10-14 23:16:29.762503 Alpha: Quebec and X-ray, sending you 1
2024-10-14 23:16:29.763811 Quebec: X-ray, sending you 4
2024-10-14 23:16:29.764884 Juliett: Charlie, sending you 5
2024-10-14 23:16:29.766528 X-ray: Zulu and Charlie, sending you 3
2024-10-14 23:16:29.768310 Zulu: X-ray, sending you 1
2024-10-14 23:16:29.771372 X-ray: Quebec, sending you 2
chatterbot Charlie submitting transactions
chatterbot Juliett submitting transactions
chatterbot Zulu submitting transactions
chatterbot Mike submitting transactions
chatterbot Delta submitting transactions
chatterbot Alpha submitting transactions
chatterbot Quebec submitting transactions
chatterbot India submitting transactions
chatterbot Kilo submitting transactions
chatterbot X-ray submitting transactions
ChatterBot India round 2
ChatterBot Alpha round 2
ChatterBot Zulu round 2
ChatterBot Kilo round 2
ChatterBot Delta round 2
ChatterBot Mike round 2
ChatterBot Juliett round 2
ChatterBot Charlie round 2
ChatterBot Quebec round 2
ChatterBot X-ray round 2
2024-10-14 23:16:31.294951 Mike: Group up?
ChatterBot Delta reevaluating
2024-10-14 23:16:31.301016 Delta: Yes
2024-10-14 23:16:31.306470 Delta: We would work well together
2024-10-14 23:16:31.311837 Mike: Yes
ChatterBot Delta reevaluating
2024-10-14 23:16:31.341102 Zulu: We should drop Kilo
ChatterBot Juliett reevaluating
ChatterBot Alpha reevaluating
2024-10-14 23:16:31.385360 Juliett: Yes
2024-10-14 23:16:31.385522 Quebec: Yes
2024-10-14 23:16:31.385645 India: Yes
2024-10-14 23:16:31.385754 Alpha: Yes
2024-10-14 23:16:31.386284 Charlie: Yes
2024-10-14 23:16:31.386401 X-ray: Yes
ChatterBot Alpha reevaluating
ChatterBot Juliett reevaluating
ChatterBot Alpha reevaluating
ChatterBot Juliett reevaluating
ChatterBot Alpha reevaluating
ChatterBot Juliett reevaluating
ChatterBot Juliett reevaluating
ChatterBot Alpha reevaluating
ChatterBot Juliett reevaluating
ChatterBot Alpha reevaluating
2024-10-14 23:16:32.270435 Juliett: We should drop Alpha and Kilo
2024-10-14 23:16:32.305993 Zulu: No
2024-10-14 23:16:32.306198 Quebec: No
2024-10-14 23:16:32.306313 India: No
2024-10-14 23:16:32.306442 Charlie: No
2024-10-14 23:16:32.307003 X-ray: No
ChatterBot Juliett reevaluating
ChatterBot Juliett reevaluating
ChatterBot Juliett reevaluating
ChatterBot Juliett reevaluating
ChatterBot Juliett reevaluating
chatterbot Charlie submitting transactions
chatterbot India submitting transactions
chatterbot Delta submitting transactions
chatterbot Quebec submitting transactions
chatterbot Zulu submitting transactions
2024-10-14 23:16:33.066403 Delta: Sending you 14
2024-10-14 23:16:33.066963 X-ray: India and Quebec, sending you 4
2024-10-14 23:16:33.067957 Mike: Sending you 4
2024-10-14 23:16:33.068256 Kilo: Alpha, sending you 2
2024-10-14 23:16:33.069472 Zulu: India, Alpha, Charlie, Quebec and X-ray, sending you 3
chatterbot Kilo submitting transactions
chatterbot Mike submitting transactions
chatterbot X-ray submitting transactions
chatterbot Alpha submitting transactions
2024-10-14 23:16:33.071156 X-ray: Alpha, sending you 1
2024-10-14 23:16:33.340783 Kilo: Zulu, sending you 3
2024-10-14 23:16:33.341628 Alpha: India, Zulu, Quebec and X-ray, sending you 2
2024-10-14 23:16:33.341930 Charlie: India, sending you 2
2024-10-14 23:16:33.342607 Quebec: India, Zulu and X-ray, sending you 3
2024-10-14 23:16:33.342913 India: Alpha and X-ray, sending you 4
2024-10-14 23:16:33.343250 X-ray: Zulu and Juliett, sending you 2
2024-10-14 23:16:33.344024 Kilo: Juliett, Charlie and Quebec, sending you 1
2024-10-14 23:16:33.460384 Alpha: Juliett, sending you 3
2024-10-14 23:16:33.460744 Charlie: Alpha, Quebec and X-ray, sending you 3
2024-10-14 23:16:33.461028 Quebec: Alpha, sending you 2
2024-10-14 23:16:33.461801 India: Juliett and Charlie, sending you 2
2024-10-14 23:16:33.462112 X-ray: Charlie, sending you 5
2024-10-14 23:16:33.575997 Charlie: Zulu, sending you 1
2024-10-14 23:16:33.577006 Quebec: Juliett, sending you 6
2024-10-14 23:16:33.577285 Alpha: Charlie, sending you 6
2024-10-14 23:16:33.577538 Juliett: India, sending you 4
2024-10-14 23:16:33.578237 India: Quebec, sending you 1
2024-10-14 23:16:33.800076 Charlie: Juliett, sending you 5
2024-10-14 23:16:33.801826 Quebec: Charlie, sending you 1
2024-10-14 23:16:33.803133 Juliett: Zulu and Quebec, sending you 5
2024-10-14 23:16:33.896493 Juliett: Charlie, sending you 1
chatterbot Juliett submitting transactions
2024-10-14 23:16:33.916759 Juliett: X-ray, sending you 2
ChatterBot India round 3
ChatterBot Alpha round 3
ChatterBot Zulu round 3
ChatterBot Kilo round 3
ChatterBot Delta round 3
ChatterBot Mike round 3
ChatterBot Juliett round 3
ChatterBot Charlie round 3
ChatterBot Quebec round 3
ChatterBot X-ray round 3
2024-10-14 23:16:33.954078 Delta: We should add Kilo
ChatterBot Mike reevaluating
2024-10-14 23:16:33.963049 Mike: Yes
2024-10-14 23:16:33.993347 Juliett: We should replace Zulu with Alpha
ChatterBot X-ray reevaluating
2024-10-14 23:16:34.016578 India: No
2024-10-14 23:16:34.016858 Charlie: No
2024-10-14 23:16:34.017043 Quebec: No
2024-10-14 23:16:34.017660 X-ray: No
ChatterBot X-ray reevaluating
ChatterBot X-ray reevaluating
ChatterBot X-ray reevaluating
2024-10-14 23:16:34.105159 X-ray: We should add Kilo
2024-10-14 23:16:34.136879 Zulu: No
2024-10-14 23:16:34.137136 Juliett: No
2024-10-14 23:16:34.137362 Quebec: No
2024-10-14 23:16:34.138063 India: No
2024-10-14 23:16:34.138210 Alpha: No
2024-10-14 23:16:34.138414 Charlie: No
ChatterBot X-ray reevaluating
ChatterBot X-ray reevaluating
ChatterBot X-ray reevaluating
ChatterBot X-ray reevaluating
ChatterBot X-ray reevaluating
ChatterBot X-ray reevaluating
2024-10-14 23:16:34.336025 Delta: Kilo we want you to join our group
2024-10-14 23:16:34.341125 Kilo: No
ChatterBot Mike reevaluating
2024-10-14 23:16:34.353217 Juliett: Alpha we want you to join our group
2024-10-14 23:16:34.359363 Alpha: Yes
ChatterBot X-ray reevaluating
2024-10-14 23:16:34.385445 Zulu: India, Alpha and Charlie, sending you 2
2024-10-14 23:16:34.386497 India: Alpha, Zulu, Juliett, Charlie and Quebec, sending you 2
2024-10-14 23:16:34.386986 Mike: Kilo we want you to join our group
2024-10-14 23:16:34.392496 Kilo: No
2024-10-14 23:16:34.402581 Alpha: India and Charlie, sending you 4
2024-10-14 23:16:34.403726 Kilo: Alpha, sending you 4
2024-10-14 23:16:34.404251 Zulu: Juliett, Quebec and X-ray, sending you 3
2024-10-14 23:16:34.405194 India: X-ray, sending you 3
2024-10-14 23:16:34.405695 Quebec: India, Alpha and Charlie, sending you 2
2024-10-14 23:16:34.406680 Charlie: India, Zulu and Quebec, sending you 2
2024-10-14 23:16:34.407127 Alpha: Zulu, sending you 3
2024-10-14 23:16:34.408143 Kilo: Zulu, sending you 5
2024-10-14 23:16:34.489923 Charlie: Alpha and X-ray, sending you 4
2024-10-14 23:16:34.490602 Delta: Kilo, sending you 4
2024-10-14 23:16:34.490905 Quebec: Zulu, sending you 3
2024-10-14 23:16:34.492829 Alpha: Juliett, Quebec and X-ray, sending you 2
2024-10-14 23:16:34.493424 Kilo: Juliett and Charlie, sending you 1
2024-10-14 23:16:34.496957 Charlie: Juliett, sending you 3
2024-10-14 23:16:34.497548 Juliett: India and Alpha, sending you 3
2024-10-14 23:16:34.497973 Delta: Mike, sending you 14
2024-10-14 23:16:34.499171 Mike: Kilo, sending you 4
2024-10-14 23:16:34.499476 Quebec: Juliett, sending you 5
2024-10-14 23:16:34.694508 Kilo: Quebec, sending you 3
2024-10-14 23:16:34.696174 X-ray: India and Charlie, sending you 4
2024-10-14 23:16:34.697019 Juliett: Charlie, sending you 4
2024-10-14 23:16:34.698048 Quebec: X-ray, sending you 4
2024-10-14 23:16:34.699359 Mike: Delta, sending you 8
chatterbot Quebec submitting transactions
2024-10-14 23:16:34.925349 X-ray: Alpha and Juliett, sending you 2
2024-10-14 23:16:34.926046 Juliett: Quebec, sending you 5
chatterbot X-ray submitting transactions
chatterbot Delta submitting transactions
chatterbot Mike submitting transactions
2024-10-14 23:16:35.026267 Juliett: X-ray, sending you 2
2024-10-14 23:16:35.027355 X-ray: Zulu and Quebec, sending you 3
chatterbot India submitting transactions
chatterbot Kilo submitting transactions
chatterbot Juliett submitting transactions
chatterbot Alpha submitting transactions
chatterbot Charlie submitting transactions
chatterbot Zulu submitting transactions
ChatterBot India round 4
ChatterBot Alpha round 4
ChatterBot Zulu round 4
ChatterBot Kilo round 4
ChatterBot Delta round 4
ChatterBot Mike round 4
ChatterBot Juliett round 4
ChatterBot Charlie round 4
ChatterBot Quebec round 4
ChatterBot X-ray round 4
2024-10-14 23:16:35.523378 Juliett: We should add Zulu
2024-10-14 23:16:35.539102 India: Yes
2024-10-14 23:16:35.539352 Alpha: Yes
2024-10-14 23:16:35.539545 Charlie: Yes
2024-10-14 23:16:35.539770 Quebec: Yes
2024-10-14 23:16:35.539998 X-ray: Yes
ChatterBot X-ray reevaluating
ChatterBot X-ray reevaluating
ChatterBot X-ray reevaluating
ChatterBot Alpha reevaluating
ChatterBot X-ray reevaluating
ChatterBot Alpha reevaluating
2024-10-14 23:16:35.620791 X-ray: We should add Kilo
ChatterBot Alpha reevaluating
2024-10-14 23:16:35.639923 Zulu: No
2024-10-14 23:16:35.640252 Juliett: No
2024-10-14 23:16:35.640943 Quebec: No
2024-10-14 23:16:35.641222 India: No
2024-10-14 23:16:35.641439 Alpha: No
2024-10-14 23:16:35.641667 Charlie: No
ChatterBot Alpha reevaluating
ChatterBot X-ray reevaluating
ChatterBot Alpha reevaluating
ChatterBot X-ray reevaluating
ChatterBot Alpha reevaluating
ChatterBot X-ray reevaluating
ChatterBot Alpha reevaluating
ChatterBot X-ray reevaluating
ChatterBot X-ray reevaluating
ChatterBot Alpha reevaluating
ChatterBot X-ray reevaluating
2024-10-14 23:16:35.777162 Juliett: Zulu we want you to join our group
2024-10-14 23:16:35.782263 Zulu: Yes
ChatterBot Alpha reevaluating
ChatterBot X-ray reevaluating
2024-10-14 23:16:35.813832 India: Alpha and X-ray, sending you 3
2024-10-14 23:16:35.825129 Zulu: India, Juliett and Charlie, sending you 2
2024-10-14 23:16:35.825701 Quebec: India, Alpha and Charlie, sending you 2
2024-10-14 23:16:35.826751 Delta: Kilo, sending you 4
2024-10-14 23:16:35.827004 India: Zulu, sending you 1
2024-10-14 23:16:35.827517 Kilo: India, sending you 1
2024-10-14 23:16:35.828415 Mike: Kilo, sending you 4
2024-10-14 23:16:35.828649 Charlie: India, Zulu and Quebec, sending you 2
2024-10-14 23:16:35.831834 Quebec: Zulu, sending you 3
2024-10-14 23:16:35.832314 Zulu: Alpha, Quebec and X-ray, sending you 3
2024-10-14 23:16:35.833341 Delta: Mike, sending you 14
2024-10-14 23:16:35.833587 India: Juliett, Charlie and Quebec, sending you 2
2024-10-14 23:16:35.834044 Juliett: India and Charlie, sending you 3
2024-10-14 23:16:35.834950 Kilo: Alpha, sending you 4
2024-10-14 23:16:35.835338 Charlie: Alpha and X-ray, sending you 4
2024-10-14 23:16:35.835768 Mike: Delta, sending you 8
2024-10-14 23:16:35.836465 Quebec: Juliett, sending you 5
2024-10-14 23:16:35.841288 Kilo: Zulu, sending you 5
2024-10-14 23:16:35.841818 Juliett: Alpha, Zulu and X-ray, sending you 2
2024-10-14 23:16:35.842328 Charlie: Juliett, sending you 3
2024-10-14 23:16:35.843284 Quebec: X-ray, sending you 4
2024-10-14 23:16:35.843834 Alpha: India and Zulu, sending you 3
2024-10-14 23:16:35.849311 Kilo: Juliett and Charlie, sending you 2
2024-10-14 23:16:35.849920 Juliett: Quebec, sending you 5
2024-10-14 23:16:35.851196 X-ray: India, Zulu and Quebec, sending you 3
2024-10-14 23:16:35.851710 Alpha: Juliett, Quebec and X-ray, sending you 2
2024-10-14 23:16:35.863559 Kilo: Quebec, sending you 3
2024-10-14 23:16:35.864729 X-ray: Alpha and Juliett, sending you 2
2024-10-14 23:16:35.865201 Alpha: Charlie, sending you 5
2024-10-14 23:16:35.876215 X-ray: Charlie, sending you 5
chatterbot Mike submitting transactions
chatterbot Charlie submitting transactions
chatterbot India submitting transactions
chatterbot Zulu submitting transactions
chatterbot Delta submitting transactions
chatterbot Alpha submitting transactions
chatterbot Juliett submitting transactions
chatterbot Kilo submitting transactions
chatterbot Quebec submitting transactions
chatterbot X-ray submitting transactions
ChatterBot India round 5
ChatterBot Alpha round 5
ChatterBot Zulu round 5
ChatterBot Kilo round 5
2024-10-14 23:16:36.844504 Alpha: We should add Kilo
ChatterBot X-ray reevaluating
2024-10-14 23:16:36.864976 Zulu: No
2024-10-14 23:16:36.865202 Juliett: No
2024-10-14 23:16:36.865340 Quebec: No
2024-10-14 23:16:36.866116 India: No
2024-10-14 23:16:36.866243 Charlie: No
2024-10-14 23:16:36.866353 X-ray: Yes
ChatterBot Alpha reevaluating
ChatterBot X-ray reevaluating
ChatterBot Alpha reevaluating
ChatterBot X-ray reevaluating
ChatterBot Alpha reevaluating
ChatterBot X-ray reevaluating
ChatterBot Alpha reevaluating
ChatterBot X-ray reevaluating
ChatterBot Alpha reevaluating
ChatterBot X-ray reevaluating
ChatterBot Alpha reevaluating
ChatterBot Delta round 5
2024-10-14 23:16:36.998950 Kilo: We would work well together
2024-10-14 23:16:37.006093 Delta: Yes
2024-10-14 23:16:37.006276 Mike: Yes
ChatterBot Mike round 5
ChatterBot Juliett round 5
ChatterBot Charlie round 5
ChatterBot Quebec round 5
ChatterBot X-ray round 5
2024-10-14 23:16:37.087749 Kilo: Delta, sending you 8
2024-10-14 23:16:37.106328 India: Alpha and X-ray, sending you 3
2024-10-14 23:16:37.107775 X-ray: India, Zulu and Quebec, sending you 3
2024-10-14 23:16:37.108979 Kilo: Mike, sending you 9
2024-10-14 23:16:37.109353 Juliett: India and Charlie, sending you 3
2024-10-14 23:16:37.137792 Alpha: India and Zulu, sending you 3
2024-10-14 23:16:37.138797 Mike: Kilo, sending you 4
2024-10-14 23:16:37.140545 Zulu: India, Juliett and Charlie, sending you 2
2024-10-14 23:16:37.141509 X-ray: Alpha and Juliett, sending you 2
2024-10-14 23:16:37.142962 Delta: Kilo, sending you 4
2024-10-14 23:16:37.143319 Charlie: India, Zulu and Quebec, sending you 2
2024-10-14 23:16:37.144631 India: Zulu, sending you 1
2024-10-14 23:16:37.145312 Quebec: India, Alpha and Charlie, sending you 2
2024-10-14 23:16:37.146691 Juliett: Alpha, Zulu and X-ray, sending you 2
2024-10-14 23:16:37.147528 Alpha: Juliett, Quebec and X-ray, sending you 2
2024-10-14 23:16:37.148943 Mike: Delta, sending you 7
2024-10-14 23:16:37.149279 Zulu: Alpha, Quebec and X-ray, sending you 3
2024-10-14 23:16:37.150637 Charlie: Alpha and X-ray, sending you 4
2024-10-14 23:16:37.151365 X-ray: Charlie, sending you 5
2024-10-14 23:16:37.152540 Delta: Mike, sending you 14
2024-10-14 23:16:37.152872 India: Juliett, Charlie and Quebec, sending you 2
2024-10-14 23:16:37.154101 Quebec: Zulu and X-ray, sending you 3
2024-10-14 23:16:37.154910 Juliett: Quebec, sending you 5
2024-10-14 23:16:37.156341 Alpha: Charlie, sending you 5
2024-10-14 23:16:37.157786 Charlie: Juliett, sending you 3
2024-10-14 23:16:37.166163 Quebec: Juliett, sending you 6
chatterbot Quebec submitting transactions
chatterbot Alpha submitting transactions
chatterbot Juliett submitting transactions
chatterbot Zulu submitting transactions
chatterbot Kilo submitting transactions
chatterbot Mike submitting transactions
chatterbot Charlie submitting transactions
chatterbot X-ray submitting transactions
chatterbot India submitting transactions
chatterbot Delta submitting transactions
ChatterBot India round 6
ChatterBot Alpha round 6
ChatterBot Zulu round 6
ChatterBot Kilo round 6
ChatterBot Delta round 6
ChatterBot Mike round 6
ChatterBot Juliett round 6
ChatterBot Charlie round 6
ChatterBot Quebec round 6
ChatterBot X-ray round 6
2024-10-14 23:16:38.301270 Juliett: We should drop India
2024-10-14 23:16:38.319300 Alpha: No
2024-10-14 23:16:38.319471 Zulu: No
2024-10-14 23:16:38.319596 Charlie: No
2024-10-14 23:16:38.319714 Quebec: No
2024-10-14 23:16:38.319839 X-ray: No
ChatterBot Juliett reevaluating
ChatterBot Juliett reevaluating
2024-10-14 23:16:38.368678 India: Alpha and X-ray, sending you 3
2024-10-14 23:16:38.371661 Quebec: India, Alpha and Charlie, sending you 2
2024-10-14 23:16:38.372675 Alpha: India and Zulu, sending you 3
2024-10-14 23:16:38.373327 X-ray: India, Zulu and Quebec, sending you 3
2024-10-14 23:16:38.373957 Zulu: India, Juliett and Charlie, sending you 2
2024-10-14 23:16:38.374916 India: Zulu, sending you 1
2024-10-14 23:16:38.375469 Delta: Kilo, sending you 6
2024-10-14 23:16:38.375724 Charlie: India, Zulu and Quebec, sending you 2
2024-10-14 23:16:38.376315 Quebec: Zulu and X-ray, sending you 3
2024-10-14 23:16:38.377672 Alpha: Juliett, Quebec and X-ray, sending you 2
2024-10-14 23:16:38.378715 Zulu: Alpha, Quebec and X-ray, sending you 3
2024-10-14 23:16:38.379357 X-ray: Alpha and Juliett, sending you 2
2024-10-14 23:16:38.379941 India: Juliett, Charlie and Quebec, sending you 2
2024-10-14 23:16:38.380505 Charlie: Alpha and X-ray, sending you 4
2024-10-14 23:16:38.381049 Quebec: Juliett, sending you 6
2024-10-14 23:16:38.381604 Delta: Mike, sending you 12
2024-10-14 23:16:38.382696 Alpha: Charlie, sending you 5
2024-10-14 23:16:38.383681 X-ray: Charlie, sending you 5
2024-10-14 23:16:38.384577 Charlie: Juliett, sending you 3
2024-10-14 23:16:38.388657 Mike: Kilo, sending you 6
2024-10-14 23:16:38.390694 Kilo: Delta, sending you 7
2024-10-14 23:16:38.393680 Mike: Delta, sending you 7
2024-10-14 23:16:38.393986 Kilo: Mike, sending you 10
2024-10-14 23:16:38.397667 Juliett: India, Alpha, Zulu and X-ray, sending you 2
2024-10-14 23:16:38.402674 Juliett: Charlie, sending you 4
2024-10-14 23:16:38.406688 Juliett: Quebec, sending you 5
chatterbot Delta submitting transactions
chatterbot Juliett submitting transactions
chatterbot Zulu submitting transactions
chatterbot Mike submitting transactions
chatterbot Charlie submitting transactions
chatterbot India submitting transactions
chatterbot X-ray submitting transactions
chatterbot Quebec submitting transactions
chatterbot Alpha submitting transactions
chatterbot Kilo submitting transactions
ChatterBot India round 7
ChatterBot Alpha round 7
ChatterBot Zulu round 7
ChatterBot Kilo round 7
ChatterBot Delta round 7
ChatterBot Mike round 7
ChatterBot Juliett round 7
ChatterBot Charlie round 7
ChatterBot Quebec round 7
ChatterBot X-ray round 7
2024-10-14 23:16:39.401660 India: Alpha and X-ray, sending you 3
2024-10-14 23:16:39.403882 Juliett: We should drop India
2024-10-14 23:16:39.420924 Alpha: No
2024-10-14 23:16:39.421183 Zulu: No
2024-10-14 23:16:39.421391 Charlie: No
2024-10-14 23:16:39.421623 Quebec: No
2024-10-14 23:16:39.421867 X-ray: No
ChatterBot Juliett reevaluating
ChatterBot Juliett reevaluating
ChatterBot Juliett reevaluating
2024-10-14 23:16:39.479171 Zulu: India, Juliett and Charlie, sending you 2
2024-10-14 23:16:39.479860 India: Zulu, sending you 1
2024-10-14 23:16:39.481952 Mike: Kilo, sending you 6
2024-10-14 23:16:39.482662 India: Juliett, Charlie and Quebec, sending you 2
2024-10-14 23:16:39.483374 X-ray: India, Zulu and Quebec, sending you 3
2024-10-14 23:16:39.484244 Charlie: India, Zulu and Quebec, sending you 2
2024-10-14 23:16:39.484901 Zulu: Alpha, Quebec and X-ray, sending you 3
2024-10-14 23:16:39.485551 Quebec: India, Alpha and Charlie, sending you 2
2024-10-14 23:16:39.486183 Alpha: India and Zulu, sending you 3
2024-10-14 23:16:39.486795 Delta: Kilo, sending you 7
2024-10-14 23:16:39.487049 Kilo: Delta, sending you 7
2024-10-14 23:16:39.487633 Mike: Delta, sending you 7
2024-10-14 23:16:39.487941 X-ray: Alpha and Juliett, sending you 2
2024-10-14 23:16:39.488683 Charlie: Alpha and X-ray, sending you 4
2024-10-14 23:16:39.490675 Quebec: Zulu and X-ray, sending you 3
2024-10-14 23:16:39.491537 Kilo: Mike, sending you 10
2024-10-14 23:16:39.491895 X-ray: Charlie, sending you 5
2024-10-14 23:16:39.492916 Alpha: Juliett, Quebec and X-ray, sending you 2
2024-10-14 23:16:39.493561 Delta: Mike, sending you 11
2024-10-14 23:16:39.493818 Charlie: Juliett, sending you 3
2024-10-14 23:16:39.495702 Quebec: Juliett, sending you 6
2024-10-14 23:16:39.496684 Alpha: Charlie, sending you 5
2024-10-14 23:16:39.499675 Juliett: India, Alpha, Zulu and X-ray, sending you 2
2024-10-14 23:16:39.504658 Juliett: Charlie, sending you 4
2024-10-14 23:16:39.510692 Juliett: Quebec, sending you 5
chatterbot Kilo submitting transactions
chatterbot Zulu submitting transactions
chatterbot Quebec submitting transactions
chatterbot Delta submitting transactions
chatterbot Alpha submitting transactions
chatterbot India submitting transactions
chatterbot Mike submitting transactions
chatterbot X-ray submitting transactions
chatterbot Juliett submitting transactions
chatterbot Charlie submitting transactions
ChatterBot India round 8
ChatterBot Alpha round 8
ChatterBot Zulu round 8
ChatterBot Kilo round 8
ChatterBot Delta round 8
ChatterBot Mike round 8
ChatterBot Juliett round 8
ChatterBot Charlie round 8
ChatterBot Quebec round 8
ChatterBot X-ray round 8
2024-10-14 23:16:40.659948 Juliett: We should drop India
2024-10-14 23:16:40.675205 Alpha: No
2024-10-14 23:16:40.675367 Zulu: No
2024-10-14 23:16:40.675488 Charlie: No
2024-10-14 23:16:40.675601 Quebec: No
2024-10-14 23:16:40.675719 X-ray: No
ChatterBot Juliett reevaluating
ChatterBot Juliett reevaluating
ChatterBot Juliett reevaluating
ChatterBot Juliett reevaluating
2024-10-14 23:16:40.765667 Delta: Kilo, sending you 7
2024-10-14 23:16:40.766160 India: Alpha and X-ray, sending you 3
2024-10-14 23:16:40.768012 Zulu: India, Juliett and Charlie, sending you 2
2024-10-14 23:16:40.769531 Mike: Sending you each 7
2024-10-14 23:16:40.770018 Alpha: India and Zulu, sending you 3
2024-10-14 23:16:40.771971 Kilo: Delta, sending you 7
2024-10-14 23:16:40.773140 Delta: Mike, sending you 11
2024-10-14 23:16:40.773463 Zulu: Alpha, Quebec and X-ray, sending you 3
2024-10-14 23:16:40.774490 India: Zulu, sending you 1
2024-10-14 23:16:40.775888 Kilo: Mike, sending you 10
2024-10-14 23:16:40.776203 X-ray: India, Zulu and Quebec, sending you 3
2024-10-14 23:16:40.777798 Alpha: Juliett, Quebec and X-ray, sending you 2
2024-10-14 23:16:40.778945 India: Juliett, Charlie and Quebec, sending you 2
2024-10-14 23:16:40.780734 Quebec: India, Alpha and Charlie, sending you 2
2024-10-14 23:16:40.782469 X-ray: Alpha and Juliett, sending you 2
2024-10-14 23:16:40.783195 Alpha: Charlie, sending you 5
2024-10-14 23:16:40.784294 Charlie: India, Zulu and Quebec, sending you 2
2024-10-14 23:16:40.786158 Quebec: Zulu and X-ray, sending you 3
2024-10-14 23:16:40.787001 X-ray: Charlie, sending you 5
2024-10-14 23:16:40.788922 Charlie: Alpha and X-ray, sending you 4
2024-10-14 23:16:40.791662 Quebec: Juliett, sending you 6
2024-10-14 23:16:40.793676 Charlie: Juliett, sending you 3
2024-10-14 23:16:40.801686 Juliett: Alpha and Zulu, sending you 3
2024-10-14 23:16:40.806678 Juliett: Charlie, sending you 4
2024-10-14 23:16:40.810723 Juliett: Quebec, sending you 5
2024-10-14 23:16:40.815690 Juliett: X-ray, sending you 2
chatterbot Mike submitting transactions
chatterbot Kilo submitting transactions
chatterbot X-ray submitting transactions
chatterbot India submitting transactions
chatterbot Charlie submitting transactions
chatterbot Alpha submitting transactions
chatterbot Zulu submitting transactions
chatterbot Juliett submitting transactions
chatterbot Delta submitting transactions
chatterbot Quebec submitting transactions
ChatterBot India round 9
ChatterBot Alpha round 9
ChatterBot Zulu round 9
ChatterBot Kilo round 9
ChatterBot Delta round 9
ChatterBot Mike round 9
ChatterBot Juliett round 9
ChatterBot Charlie round 9
ChatterBot Quebec round 9
ChatterBot X-ray round 9
2024-10-14 23:16:41.910696 India: Alpha and X-ray, sending you 3
2024-10-14 23:16:41.915166 Charlie: India, Zulu and Quebec, sending you 2
2024-10-14 23:16:41.917244 Zulu: India, Juliett and Charlie, sending you 2
2024-10-14 23:16:41.919723 Alpha: India and Zulu, sending you 3
2024-10-14 23:16:41.920859 Delta: Kilo, sending you 7
2024-10-14 23:16:41.921790 India: Zulu, Charlie and Quebec, sending you 2
2024-10-14 23:16:41.923986 Charlie: Alpha and X-ray, sending you 4
2024-10-14 23:16:41.925971 Zulu: Alpha, Quebec and X-ray, sending you 3
2024-10-14 23:16:41.928088 Quebec: India, Alpha and Charlie, sending you 2
2024-10-14 23:16:41.929332 Alpha: Juliett, Quebec and X-ray, sending you 2
2024-10-14 23:16:41.931087 Mike: Same as last round
2024-10-14 23:16:41.931451 India: Juliett, sending you 1
2024-10-14 23:16:41.933059 Delta: Mike, sending you 11
2024-10-14 23:16:41.933437 X-ray: India, Zulu and Quebec, sending you 3
2024-10-14 23:16:41.935272 Juliett: Alpha and Zulu, sending you 3
2024-10-14 23:16:41.936760 Kilo: Delta, sending you 7
2024-10-14 23:16:41.937225 Charlie: Juliett, sending you 3
2024-10-14 23:16:41.939186 Quebec: Zulu and X-ray, sending you 3
2024-10-14 23:16:41.941052 Alpha: Charlie, sending you 5
2024-10-14 23:16:41.942087 X-ray: Alpha and Juliett, sending you 2
2024-10-14 23:16:41.943583 Juliett: Charlie, sending you 4
2024-10-14 23:16:41.944736 Kilo: Mike, sending you 10
2024-10-14 23:16:41.945699 Quebec: Juliett, sending you 6
2024-10-14 23:16:41.948036 X-ray: Charlie, sending you 5
2024-10-14 23:16:41.950530 Juliett: Quebec, sending you 5
2024-10-14 23:16:41.954668 Juliett: X-ray, sending you 2
chatterbot Zulu submitting transactions
chatterbot Quebec submitting transactions
chatterbot Delta submitting transactions
chatterbot Charlie submitting transactions
chatterbot Kilo submitting transactions
chatterbot Mike submitting transactions
chatterbot Alpha submitting transactions
chatterbot Juliett submitting transactions
chatterbot India submitting transactions
chatterbot X-ray submitting transactions
ChatterBot India round 10
ChatterBot Alpha round 10
ChatterBot Zulu round 10
ChatterBot Kilo round 10
ChatterBot Delta round 10
ChatterBot Mike round 10
ChatterBot Juliett round 10
ChatterBot Charlie round 10
ChatterBot Quebec round 10
ChatterBot X-ray round 10
2024-10-14 23:16:43.187692 Alpha: India, Zulu and Juliett, sending you 3
2024-10-14 23:16:43.190236 India: Alpha and X-ray, sending you 3
2024-10-14 23:16:43.191741 Delta: Kilo, sending you 8
2024-10-14 23:16:43.193696 Alpha: Charlie, sending you 4
2024-10-14 23:16:43.195775 Charlie: India, Zulu and Quebec, sending you 2
2024-10-14 23:16:43.198244 Mike: Same as last round
2024-10-14 23:16:43.198712 India: Zulu, Charlie and Quebec, sending you 2
2024-10-14 23:16:43.200550 Delta: Mike, sending you 10
2024-10-14 23:16:43.201519 Kilo: Delta, sending you 7
2024-10-14 23:16:43.201919 Juliett: Alpha and X-ray, sending you 3
2024-10-14 23:16:43.203006 Quebec: India, Alpha and Charlie, sending you 2
2024-10-14 23:16:43.204836 Zulu: India, Juliett and Charlie, sending you 2
2024-10-14 23:16:43.206799 Alpha: Quebec and X-ray, sending you 2
2024-10-14 23:16:43.208426 Charlie: Alpha and X-ray, sending you 4
2024-10-14 23:16:43.210623 India: Juliett, sending you 1
2024-10-14 23:16:43.212130 Kilo: Mike, sending you 10
2024-10-14 23:16:43.212632 Juliett: Zulu, sending you 2
2024-10-14 23:16:43.213364 Quebec: Zulu and X-ray, sending you 3
2024-10-14 23:16:43.215407 Zulu: Alpha, Quebec and X-ray, sending you 3
2024-10-14 23:16:43.216800 Charlie: Juliett, sending you 3
2024-10-14 23:16:43.218452 X-ray: India, Zulu and Quebec, sending you 3
2024-10-14 23:16:43.220170 Juliett: Charlie, sending you 4
2024-10-14 23:16:43.220847 Quebec: Juliett, sending you 6
2024-10-14 23:16:43.224666 X-ray: Alpha and Juliett, sending you 2
2024-10-14 23:16:43.226301 Juliett: Quebec, sending you 5
2024-10-14 23:16:43.228936 X-ray: Charlie, sending you 5
chatterbot Zulu submitting transactions
chatterbot Kilo submitting transactions
chatterbot Juliett submitting transactions
chatterbot Mike submitting transactions
chatterbot India submitting transactions
chatterbot Quebec submitting transactions
chatterbot Charlie submitting transactions
chatterbot Delta submitting transactions
chatterbot Alpha submitting transactions
chatterbot X-ray submitting transactions
ChatterBot India round 11
ChatterBot Alpha round 11
ChatterBot Zulu round 11
ChatterBot Kilo round 11
ChatterBot Delta round 11
ChatterBot Mike round 11
ChatterBot Juliett round 11
ChatterBot Charlie round 11
ChatterBot Quebec round 11
ChatterBot X-ray round 11
2024-10-14 23:16:44.212683 Quebec: India, Alpha and Charlie, sending you 2
2024-10-14 23:16:44.217707 India: Alpha and X-ray, sending you 3
2024-10-14 23:16:44.220182 Quebec: Zulu and X-ray, sending you 3
2024-10-14 23:16:44.222293 Charlie: India, Zulu and Quebec, sending you 2
2024-10-14 23:16:44.224716 Mike: Same as last round
2024-10-14 23:16:44.225642 Kilo: Delta, sending you 7
2024-10-14 23:16:44.226005 Alpha: India, Zulu and Juliett, sending you 3
2024-10-14 23:16:44.227416 Delta: Kilo, sending you 8
2024-10-14 23:16:44.228383 India: Zulu, Charlie and Quebec, sending you 2
2024-10-14 23:16:44.229667 Quebec: Juliett, sending you 6
2024-10-14 23:16:44.232017 Charlie: Alpha and X-ray, sending you 4
2024-10-14 23:16:44.233922 Kilo: Mike, sending you 10
2024-10-14 23:16:44.234329 Zulu: India, Juliett and Charlie, sending you 2
2024-10-14 23:16:44.235578 Alpha: Charlie, sending you 4
2024-10-14 23:16:44.237387 Delta: Mike, sending you 10
2024-10-14 23:16:44.237764 Juliett: Alpha and Zulu, sending you 3
2024-10-14 23:16:44.238403 India: Juliett, sending you 1
2024-10-14 23:16:44.240884 X-ray: India, Zulu, Juliett and Quebec, sending you 3
2024-10-14 23:16:44.242424 Charlie: Juliett, sending you 3
2024-10-14 23:16:44.243891 Zulu: Alpha, Quebec and X-ray, sending you 3
2024-10-14 23:16:44.245915 Alpha: Quebec and X-ray, sending you 2
2024-10-14 23:16:44.247715 Juliett: Charlie, sending you 4
2024-10-14 23:16:44.249773 X-ray: Alpha, sending you 2
2024-10-14 23:16:44.253682 Juliett: Quebec, sending you 5
2024-10-14 23:16:44.256660 X-ray: Charlie, sending you 4
2024-10-14 23:16:44.259640 Juliett: X-ray, sending you 2
chatterbot Charlie submitting transactions
chatterbot Mike submitting transactions
chatterbot Alpha submitting transactions
chatterbot Juliett submitting transactions
chatterbot India submitting transactions
chatterbot Quebec submitting transactions
chatterbot X-ray submitting transactions
chatterbot Kilo submitting transactions
chatterbot Delta submitting transactions
chatterbot Zulu submitting transactions
ChatterBot India round 12
ChatterBot Alpha round 12
ChatterBot Zulu round 12
ChatterBot Kilo round 12
ChatterBot Delta round 12
ChatterBot Mike round 12
ChatterBot Juliett round 12
ChatterBot Charlie round 12
ChatterBot Quebec round 12
ChatterBot X-ray round 12
2024-10-14 23:16:45.429795 Zulu: India, Juliett and Charlie, sending you 2
2024-10-14 23:16:45.431139 Alpha: India, Zulu and Juliett, sending you 3
2024-10-14 23:16:45.433406 Mike: Same as last round
2024-10-14 23:16:45.433915 Juliett: Alpha and X-ray, sending you 3
2024-10-14 23:16:45.434721 Charlie: India, Zulu and Quebec, sending you 2
2024-10-14 23:16:45.437129 Zulu: Alpha, Quebec and X-ray, sending you 3
2024-10-14 23:16:45.439544 Alpha: Charlie, sending you 4
2024-10-14 23:16:45.441041 India: Alpha and X-ray, sending you 3
2024-10-14 23:16:45.443134 Juliett: Zulu, sending you 2
2024-10-14 23:16:45.443937 Charlie: Alpha and X-ray, sending you 4
2024-10-14 23:16:45.446092 Kilo: Delta, sending you 8
2024-10-14 23:16:45.446585 Quebec: India, Alpha and Charlie, sending you 2
2024-10-14 23:16:45.448656 Alpha: Quebec and X-ray, sending you 2
2024-10-14 23:16:45.450242 India: Zulu, Charlie and Quebec, sending you 2
2024-10-14 23:16:45.452443 Juliett: Charlie, sending you 4
2024-10-14 23:16:45.453837 Delta: Kilo, sending you 8
2024-10-14 23:16:45.454426 Kilo: Mike, sending you 9
2024-10-14 23:16:45.454901 Charlie: Juliett, sending you 3
2024-10-14 23:16:45.456940 Quebec: Zulu and X-ray, sending you 3
2024-10-14 23:16:45.458373 X-ray: India, Zulu, Juliett and Quebec, sending you 3
2024-10-14 23:16:45.460235 India: Juliett, sending you 1
2024-10-14 23:16:45.462088 Delta: Mike, sending you 10
2024-10-14 23:16:45.462413 Juliett: Quebec, sending you 5
2024-10-14 23:16:45.462891 Quebec: Juliett, sending you 6
2024-10-14 23:16:45.463689 X-ray: Alpha, sending you 2
2024-10-14 23:16:45.473021 X-ray: Charlie, sending you 4
chatterbot Delta submitting transactions
chatterbot Zulu submitting transactions
chatterbot Quebec submitting transactions
chatterbot India submitting transactions
chatterbot Alpha submitting transactions
chatterbot Juliett submitting transactions
chatterbot Charlie submitting transactions
chatterbot Mike submitting transactions
chatterbot Kilo submitting transactions
chatterbot X-ray submitting transactions
ChatterBot India round 13
ChatterBot Alpha round 13
ChatterBot Zulu round 13
ChatterBot Kilo round 13
ChatterBot Delta round 13
ChatterBot Mike round 13
ChatterBot Juliett round 13
ChatterBot Charlie round 13
ChatterBot Quebec round 13
ChatterBot X-ray round 13
2024-10-14 23:16:46.850684 Charlie: India, Zulu and Quebec, sending you 2
2024-10-14 23:16:46.854947 Zulu: India, Juliett and Charlie, sending you 2
2024-10-14 23:16:46.858354 India: Alpha and X-ray, sending you 3
2024-10-14 23:16:46.861374 Charlie: Alpha and X-ray, sending you 4
2024-10-14 23:16:46.863702 Zulu: Alpha, Quebec and X-ray, sending you 3
2024-10-14 23:16:46.866282 India: Zulu, Charlie and Quebec, sending you 2
2024-10-14 23:16:46.867973 Delta: Kilo, sending you 8
2024-10-14 23:16:46.868540 Mike: Kilo, sending you 8
2024-10-14 23:16:46.868982 Kilo: Delta, sending you 8
2024-10-14 23:16:46.869818 Quebec: India, Alpha and Charlie, sending you 2
2024-10-14 23:16:46.871640 Juliett: Alpha, Zulu, Charlie and X-ray, sending you 3
2024-10-14 23:16:46.872930 Alpha: India, Zulu and Juliett, sending you 3
2024-10-14 23:16:46.875046 Charlie: Juliett, sending you 3
2024-10-14 23:16:46.876832 India: Juliett, sending you 1
2024-10-14 23:16:46.878776 Delta: Mike, sending you 10
2024-10-14 23:16:46.879724 X-ray: India, Zulu, Juliett and Quebec, sending you 3
2024-10-14 23:16:46.881778 Mike: Delta, sending you 7
2024-10-14 23:16:46.882247 Quebec: Zulu and X-ray, sending you 3
2024-10-14 23:16:46.884235 Kilo: Mike, sending you 9
2024-10-14 23:16:46.885200 Juliett: Quebec, sending you 5
2024-10-14 23:16:46.886397 Alpha: Charlie, sending you 4
2024-10-14 23:16:46.889444 X-ray: Alpha, sending you 2
2024-10-14 23:16:46.892579 Quebec: Juliett, sending you 6
2024-10-14 23:16:46.894855 Alpha: Quebec and X-ray, sending you 2
2024-10-14 23:16:46.897563 X-ray: Charlie, sending you 4
chatterbot Mike submitting transactions
chatterbot Zulu submitting transactions
chatterbot Delta submitting transactions
chatterbot India submitting transactions
chatterbot Alpha submitting transactions
chatterbot Juliett submitting transactions
chatterbot Quebec submitting transactions
chatterbot Charlie submitting transactions
chatterbot X-ray submitting transactions
chatterbot Kilo submitting transactions
ChatterBot India round 14
ChatterBot Alpha round 14
ChatterBot Zulu round 14
ChatterBot Kilo round 14
ChatterBot Delta round 14
ChatterBot Mike round 14
