ChatterBot November round 1
ChatterBot Bravo round 1
ChatterBot Papa round 1
ChatterBot Alpha round 1
ChatterBot Charlie round 1
ChatterBot Kilo round 1
ChatterBot Sierra round 1
ChatterBot Golf round 1
ChatterBot Lima round 1
ChatterBot Juliett round 1
randomSelections Bravo: {Bravo, Alpha, Sierra, November, Charlie, Juliett} 
2024-10-14 23:16:29.479875 Bravo: Can we be friends?
ChatterBot Alpha reevaluating
ChatterBot Sierra reevaluating
ChatterBot November reevaluating
ChatterBot Charlie reevaluating
ChatterBot Juliett reevaluating
2024-10-14 23:16:29.497827 Alpha: Yes
2024-10-14 23:16:29.498068 Sierra: Yes
2024-10-14 23:16:29.498219 November: Yes
2024-10-14 23:16:29.499013 Charlie: Yes
2024-10-14 23:16:29.499223 Juliett: Yes
ChatterBot Sierra reevaluating
ChatterBot November reevaluating
ChatterBot Charlie reevaluating
ChatterBot Juliett reevaluating
ChatterBot Alpha reevaluating
ChatterBot November reevaluating
ChatterBot Charlie reevaluating
ChatterBot Juliett reevaluating
ChatterBot Alpha reevaluating
ChatterBot Sierra reevaluating
ChatterBot Charlie reevaluating
ChatterBot Juliett reevaluating
ChatterBot Alpha reevaluating
ChatterBot Sierra reevaluating
ChatterBot November reevaluating
ChatterBot Juliett reevaluating
ChatterBot Alpha reevaluating
ChatterBot Sierra reevaluating
ChatterBot November reevaluating
ChatterBot Charlie reevaluating
randomSelections Lima: {Lima, Sierra, Papa, Kilo, Alpha, Bravo} 
2024-10-14 23:16:29.565353 Lima: We would work well together
ChatterBot Sierra reevaluating
ChatterBot Papa reevaluating
ChatterBot Kilo reevaluating
ChatterBot Alpha reevaluating
2024-10-14 23:16:29.580032 Sierra: No
2024-10-14 23:16:29.580304 Papa: Yes
2024-10-14 23:16:29.580478 Kilo: Yes
2024-10-14 23:16:29.581214 Alpha: No
2024-10-14 23:16:29.581403 Bravo: No
ChatterBot Papa reevaluating
ChatterBot Kilo reevaluating
ChatterBot Alpha reevaluating
ChatterBot Sierra reevaluating
ChatterBot Kilo reevaluating
ChatterBot Alpha reevaluating
ChatterBot Sierra reevaluating
ChatterBot Papa reevaluating
ChatterBot Alpha reevaluating
ChatterBot Sierra reevaluating
ChatterBot Papa reevaluating
ChatterBot Kilo reevaluating
ChatterBot Sierra reevaluating
ChatterBot Papa reevaluating
ChatterBot Kilo reevaluating
ChatterBot Alpha reevaluating
randomSelections Golf: {Golf, Alpha, Bravo, Juliett, Papa, Charlie, Lima} 
2024-10-14 23:16:29.749823 Golf: We should group up
ChatterBot Alpha reevaluating
ChatterBot Juliett reevaluating
ChatterBot Papa reevaluating
ChatterBot Charlie reevaluating
2024-10-14 23:16:29.764401 Alpha: No
2024-10-14 23:16:29.764923 Bravo: No
2024-10-14 23:16:29.766284 Juliett: No
2024-10-14 23:16:29.766548 Papa: No
2024-10-14 23:16:29.767095 Charlie: No
2024-10-14 23:16:29.768321 Lima: No
ChatterBot Juliett reevaluating
ChatterBot Papa reevaluating
ChatterBot Charlie reevaluating
ChatterBot Alpha reevaluating
ChatterBot Juliett reevaluating
ChatterBot Papa reevaluating
ChatterBot Charlie reevaluating
ChatterBot Alpha reevaluating
ChatterBot Papa reevaluating
ChatterBot Charlie reevaluating
ChatterBot Alpha reevaluating
ChatterBot Juliett reevaluating
ChatterBot Charlie reevaluating
ChatterBot Alpha reevaluating
ChatterBot Juliett reevaluating
ChatterBot Papa reevaluating
ChatterBot Alpha reevaluating
ChatterBot Juliett reevaluating
ChatterBot Papa reevaluating
ChatterBot Charlie reevaluating
2024-10-14 23:16:29.896674 Alpha: November, sending you 2
2024-10-14 23:16:29.897713 November: Bravo, Alpha, Sierra and Juliett, sending you 3
2024-10-14 23:16:29.899270 Golf: Bravo, Alpha and Juliett, sending you 1
2024-10-14 23:16:29.901189 Lima: Bravo, Kilo and Sierra, sending you 3
2024-10-14 23:16:29.902523 Alpha: Bravo and Juliett, sending you 4
2024-10-14 23:16:29.903896 November: Charlie, sending you 5
2024-10-14 23:16:29.904599 Golf: Papa, sending you 4
2024-10-14 23:16:29.905846 Charlie: November, sending you 4
2024-10-14 23:16:29.906603 Kilo: Papa, Alpha and Lima, sending you 1
2024-10-14 23:16:29.908092 Juliett: November, sending you 3
2024-10-14 23:16:29.909466 Papa: Bravo, sending you 5
2024-10-14 23:16:29.911327 Lima: Alpha, sending you 4
2024-10-14 23:16:29.912838 Alpha: Charlie, sending you 5
2024-10-14 23:16:29.913860 Golf: Charlie, sending you 3
2024-10-14 23:16:29.915068 Charlie: Bravo and Alpha, sending you 2
2024-10-14 23:16:29.915637 Juliett: Bravo, Alpha and Charlie, sending you 4
2024-10-14 23:16:29.916651 Papa: Alpha, sending you 3
2024-10-14 23:16:29.918092 Alpha: Sierra, sending you 1
2024-10-14 23:16:29.919414 Charlie: Sierra, sending you 1
2024-10-14 23:16:29.921040 Golf: Lima, sending you 2
2024-10-14 23:16:29.922417 Juliett: Sierra, sending you 2
2024-10-14 23:16:29.923792 Papa: Kilo, sending you 2
2024-10-14 23:16:29.925684 Charlie: Juliett, sending you 3
2024-10-14 23:16:29.927258 Papa: Sierra, sending you 4
2024-10-14 23:16:29.932990 Papa: Lima, sending you 1
chatterbot Lima submitting transactions
chatterbot Papa submitting transactions
chatterbot Bravo submitting transactions
chatterbot Golf submitting transactions
chatterbot Alpha submitting transactions
chatterbot Charlie submitting transactions
chatterbot November submitting transactions
chatterbot Sierra submitting transactions
chatterbot Juliett submitting transactions
chatterbot Kilo submitting transactions
ChatterBot November round 2
ChatterBot Bravo round 2
ChatterBot Papa round 2
ChatterBot Alpha round 2
ChatterBot Charlie round 2
ChatterBot Kilo round 2
ChatterBot Sierra round 2
ChatterBot Golf round 2
ChatterBot Lima round 2
ChatterBot Juliett round 2
2024-10-14 23:16:32.247852 Charlie: Let's form a team
ChatterBot November reevaluating
ChatterBot Alpha reevaluating
ChatterBot Juliett reevaluating
ChatterBot Golf reevaluating
2024-10-14 23:16:32.280763 November: No
2024-10-14 23:16:32.281549 Alpha: No
2024-10-14 23:16:32.281750 Juliett: Yes
2024-10-14 23:16:32.281941 Golf: Yes
ChatterBot Alpha reevaluating
ChatterBot Juliett reevaluating
ChatterBot Golf reevaluating
ChatterBot November reevaluating
ChatterBot Juliett reevaluating
ChatterBot Golf reevaluating
ChatterBot November reevaluating
ChatterBot Alpha reevaluating
ChatterBot Golf reevaluating
ChatterBot November reevaluating
ChatterBot Alpha reevaluating
ChatterBot Juliett reevaluating
2024-10-14 23:16:32.404333 Alpha: Can we be friends?
ChatterBot November reevaluating
ChatterBot Juliett reevaluating
ChatterBot Lima reevaluating
2024-10-14 23:16:32.438936 November: No
2024-10-14 23:16:32.439162 Charlie: No
2024-10-14 23:16:32.439721 Juliett: No
2024-10-14 23:16:32.439865 Lima: No
ChatterBot Alpha reevaluating
ChatterBot Juliett reevaluating
ChatterBot Lima reevaluating
ChatterBot Alpha reevaluating
ChatterBot November reevaluating
ChatterBot Juliett reevaluating
ChatterBot Lima reevaluating
ChatterBot Alpha reevaluating
ChatterBot November reevaluating
ChatterBot Lima reevaluating
ChatterBot Alpha reevaluating
ChatterBot November reevaluating
ChatterBot Juliett reevaluating
2024-10-14 23:16:32.577134 Papa: Let's form a team
ChatterBot Sierra reevaluating
ChatterBot Golf reevaluating
ChatterBot Kilo reevaluating
ChatterBot Lima reevaluating
2024-10-14 23:16:32.608484 Sierra: Yes
2024-10-14 23:16:32.608694 Golf: No
2024-10-14 23:16:32.608897 Kilo: No
2024-10-14 23:16:32.609637 Lima: Yes
ChatterBot Golf reevaluating
ChatterBot Kilo reevaluating
ChatterBot Lima reevaluating
ChatterBot Sierra reevaluating
ChatterBot Kilo reevaluating
ChatterBot Lima reevaluating
ChatterBot Sierra reevaluating
ChatterBot Golf reevaluating
ChatterBot Lima reevaluating
ChatterBot Sierra reevaluating
ChatterBot Golf reevaluating
ChatterBot Kilo reevaluating
2024-10-14 23:16:32.904491 Bravo: We should drop Sierra
ChatterBot November reevaluating
ChatterBot Alpha reevaluating
ChatterBot Juliett reevaluating
2024-10-14 23:16:32.936385 November: Yes
2024-10-14 23:16:32.937270 Alpha: Yes
2024-10-14 23:16:32.937561 Charlie: Yes
2024-10-14 23:16:32.938028 Juliett: Yes
ChatterBot Alpha reevaluating
ChatterBot Juliett reevaluating
ChatterBot November reevaluating
ChatterBot Juliett reevaluating
ChatterBot November reevaluating
ChatterBot Alpha reevaluating
ChatterBot Juliett reevaluating
ChatterBot November reevaluating
ChatterBot Alpha reevaluating
2024-10-14 23:16:33.428790 Kilo: Papa, sending you 7
2024-10-14 23:16:33.429200 Sierra: Papa, sending you 8
2024-10-14 23:16:33.429443 Golf: Papa, Kilo and Sierra, sending you 4
2024-10-14 23:16:33.430352 Papa: Kilo, sending you 4
2024-10-14 23:16:33.430733 Lima: Papa, Kilo and Sierra, sending you 4
2024-10-14 23:16:33.430992 Charlie: November, Alpha and Juliett, sending you 5
2024-10-14 23:16:33.431859 Bravo: November, sending you 2
chatterbot Charlie submitting transactions
chatterbot Papa submitting transactions
2024-10-14 23:16:33.432391 Kilo: Sierra, sending you 2
2024-10-14 23:16:33.432636 Sierra: Golf, sending you 3
2024-10-14 23:16:33.531789 Papa: Sierra, sending you 2
2024-10-14 23:16:33.532137 Lima: Golf, sending you 5
2024-10-14 23:16:33.532398 Golf: Lima, sending you 3
2024-10-14 23:16:33.533251 Bravo: Alpha and Juliett, sending you 3
2024-10-14 23:16:33.533666 Alpha: November and Papa, sending you 4
2024-10-14 23:16:33.533918 Charlie: Golf, sending you 4
2024-10-14 23:16:33.534593 Juliett: November and Charlie, sending you 5
2024-10-14 23:16:33.534891 November: Alpha, Golf and Juliett, sending you 4
2024-10-14 23:16:33.535222 Kilo: Golf, sending you 1
2024-10-14 23:16:33.535908 Sierra: Lima, sending you 7
2024-10-14 23:16:33.536153 Papa: Golf, sending you 8
chatterbot Golf submitting transactions
2024-10-14 23:16:33.787866 Bravo: Charlie, sending you 1
2024-10-14 23:16:33.789341 Alpha: Charlie, sending you 3
2024-10-14 23:16:33.791771 November: Charlie, sending you 5
2024-10-14 23:16:33.792648 Kilo: Lima, sending you 9
2024-10-14 23:16:33.793986 Juliett: Alpha, sending you 6
2024-10-14 23:16:33.795536 Papa: Lima, sending you 1
chatterbot Alpha submitting transactions
2024-10-14 23:16:33.797058 Alpha: Juliett, sending you 5
2024-10-14 23:16:33.891995 Juliett: Golf, sending you 1
chatterbot Sierra submitting transactions
chatterbot Bravo submitting transactions
chatterbot Juliett submitting transactions
chatterbot November submitting transactions
chatterbot Kilo submitting transactions
chatterbot Lima submitting transactions
ChatterBot November round 3
ChatterBot Bravo round 3
ChatterBot Papa round 3
ChatterBot Alpha round 3
ChatterBot Charlie round 3
2024-10-14 23:16:34.399113 November: We should replace Golf with Bravo
ChatterBot Alpha reevaluating
ChatterBot Charlie reevaluating
ChatterBot Juliett reevaluating
2024-10-14 23:16:34.418595 Alpha: Yes
2024-10-14 23:16:34.418786 Charlie: Yes
2024-10-14 23:16:34.418921 Juliett: Yes
ChatterBot Charlie reevaluating
ChatterBot Juliett reevaluating
ChatterBot Alpha reevaluating
ChatterBot Juliett reevaluating
ChatterBot Alpha reevaluating
ChatterBot Charlie reevaluating
ChatterBot Kilo round 3
ChatterBot Sierra round 3
ChatterBot Golf round 3
ChatterBot Lima round 3
ChatterBot Juliett round 3
2024-10-14 23:16:34.470079 November: Bravo we want you to join our group
2024-10-14 23:16:34.474140 Bravo: Yes
ChatterBot Alpha reevaluating
ChatterBot Charlie reevaluating
ChatterBot Juliett reevaluating
2024-10-14 23:16:34.513259 Juliett: We should replace Golf with Bravo
ChatterBot Alpha reevaluating
ChatterBot Charlie reevaluating
2024-10-14 23:16:34.600371 November: Yes
2024-10-14 23:16:34.604908 Alpha: Yes
2024-10-14 23:16:34.605212 Charlie: Yes
ChatterBot Alpha reevaluating
ChatterBot Charlie reevaluating
ChatterBot Juliett reevaluating
ChatterBot Charlie reevaluating
ChatterBot Juliett reevaluating
ChatterBot Alpha reevaluating
ChatterBot Juliett reevaluating
2024-10-14 23:16:34.653971 Alpha: We should replace Papa with Bravo
ChatterBot Charlie reevaluating
2024-10-14 23:16:34.663876 November: Yes
2024-10-14 23:16:34.664141 Charlie: Yes
2024-10-14 23:16:34.664786 Juliett: Yes
ChatterBot Alpha reevaluating
ChatterBot Charlie reevaluating
ChatterBot Alpha reevaluating
ChatterBot Alpha reevaluating
ChatterBot Charlie reevaluating
2024-10-14 23:16:34.708658 Sierra: We should add Kilo
ChatterBot Lima reevaluating
2024-10-14 23:16:34.718571 Papa: Yes
2024-10-14 23:16:34.719489 Golf: Yes
2024-10-14 23:16:34.719768 Lima: Yes
ChatterBot Lima reevaluating
ChatterBot Lima reevaluating
2024-10-14 23:16:34.752591 Charlie: Bravo we want you to join our group
2024-10-14 23:16:34.756166 Bravo: Yes
ChatterBot Alpha reevaluating
ChatterBot Charlie reevaluating
2024-10-14 23:16:34.770608 Sierra: Kilo we want you to join our group
2024-10-14 23:16:34.774293 Kilo: Yes
ChatterBot Lima reevaluating
2024-10-14 23:16:34.786869 Juliett: Bravo we want you to join our group
2024-10-14 23:16:34.790821 Bravo: Yes
ChatterBot Alpha reevaluating
2024-10-14 23:16:34.947695 Golf: Papa, Sierra and Lima, sending you 4
2024-10-14 23:16:34.948144 November: Bravo, Alpha and Juliett, sending you 4
2024-10-14 23:16:34.948520 Bravo: November and Charlie, sending you 3
2024-10-14 23:16:34.949489 Kilo: Papa, sending you 6
2024-10-14 23:16:34.949821 Papa: Kilo, sending you 5
2024-10-14 23:16:34.950167 Alpha: Bravo we want you to join our group
2024-10-14 23:16:34.954673 Bravo: Yes
2024-10-14 23:16:34.972840 Golf: Kilo, sending you 3
2024-10-14 23:16:34.973321 Bravo: Alpha, sending you 5
2024-10-14 23:16:34.974369 November: Charlie, sending you 5
2024-10-14 23:16:34.974747 Papa: Sierra, sending you 6
2024-10-14 23:16:34.975115 Kilo: Sierra, sending you 1
2024-10-14 23:16:35.055048 Sierra: Papa, sending you 5
2024-10-14 23:16:35.055624 Lima: Papa, sending you 3
2024-10-14 23:16:35.056497 Juliett: November, sending you 4
2024-10-14 23:16:35.056922 Bravo: Juliett, sending you 4
2024-10-14 23:16:35.057300 Kilo: Golf, sending you 5
2024-10-14 23:16:35.058253 Papa: Golf, sending you 4
chatterbot Juliett submitting transactions
2024-10-14 23:16:35.147659 Sierra: Kilo, sending you 3
2024-10-14 23:16:35.148657 Lima: Kilo and Sierra, sending you 5
2024-10-14 23:16:35.149009 Kilo: Lima, sending you 7
2024-10-14 23:16:35.149348 Juliett: Bravo, sending you 3
2024-10-14 23:16:35.149795 Papa: Lima, sending you 3
2024-10-14 23:16:35.150530 Charlie: November and Juliett, sending you 6
2024-10-14 23:16:35.150821 Alpha: November and Charlie, sending you 4
2024-10-14 23:16:35.218198 Sierra: Golf, sending you 4
2024-10-14 23:16:35.219006 Lima: Golf, sending you 4
2024-10-14 23:16:35.219346 Juliett: Alpha and Charlie, sending you 5
2024-10-14 23:16:35.220167 Charlie: Bravo, sending you 2
2024-10-14 23:16:35.220529 Alpha: Bravo, sending you 3
2024-10-14 23:16:35.261495 Sierra: Lima, sending you 6
2024-10-14 23:16:35.262188 Alpha: Juliett, sending you 5
2024-10-14 23:16:35.263204 Charlie: Alpha, sending you 5
chatterbot Golf submitting transactions
chatterbot Papa submitting transactions
chatterbot Charlie submitting transactions
chatterbot Lima submitting transactions
chatterbot Sierra submitting transactions
chatterbot November submitting transactions
chatterbot Bravo submitting transactions
chatterbot Kilo submitting transactions
chatterbot Alpha submitting transactions
ChatterBot November round 4
ChatterBot Bravo round 4
ChatterBot Papa round 4
ChatterBot Alpha round 4
ChatterBot Charlie round 4
ChatterBot Kilo round 4
ChatterBot Sierra round 4
ChatterBot Golf round 4
ChatterBot Lima round 4
ChatterBot Juliett round 4
2024-10-14 23:16:36.119512 November: Bravo, Alpha and Juliett, sending you 4
2024-10-14 23:16:36.120368 Bravo: November, Alpha and Juliett, sending you 5
2024-10-14 23:16:37.340475 Alpha: November and Charlie, sending you 4
2024-10-14 23:16:37.341735 November: Charlie, sending you 5
2024-10-14 23:16:37.342333 Bravo: Charlie, sending you 2
2024-10-14 23:16:37.345445 Alpha: Bravo, sending you 3
2024-10-14 23:16:37.679341 Sierra: Papa, sending you 6
2024-10-14 23:16:37.680731 Charlie: November, sending you 6
2024-10-14 23:16:37.682320 Kilo: Papa and Lima, sending you 6
2024-10-14 23:16:37.683294 Lima: Papa, Sierra and Golf, sending you 4
2024-10-14 23:16:37.684562 Golf: Papa, Sierra and Lima, sending you 4
2024-10-14 23:16:37.686042 Papa: Kilo, sending you 5
2024-10-14 23:16:37.687031 Alpha: Juliett, sending you 5
chatterbot Bravo submitting transactions
chatterbot Papa submitting transactions
chatterbot Juliett submitting transactions
2024-10-14 23:16:37.689298 Sierra: Kilo, sending you 3
2024-10-14 23:16:37.690648 Charlie: Bravo, sending you 3
2024-10-14 23:16:37.692367 Kilo: Sierra, sending you 3
2024-10-14 23:16:37.693232 Lima: Kilo, sending you 5
2024-10-14 23:16:37.694658 Golf: Kilo, sending you 3
2024-10-14 23:16:37.696426 Papa: Sierra, sending you 6
2024-10-14 23:16:37.698049 Juliett: November, sending you 4
2024-10-14 23:16:37.699626 Sierra: Golf, sending you 4
2024-10-14 23:16:37.701266 Kilo: Golf, sending you 4
2024-10-14 23:16:37.703096 Charlie: Alpha and Juliett, sending you 5
2024-10-14 23:16:37.704168 Juliett: Bravo, sending you 3
2024-10-14 23:16:37.705556 Papa: Golf, sending you 4
2024-10-14 23:16:37.707142 Sierra: Lima, sending you 5
2024-10-14 23:16:37.708388 Juliett: Alpha and Charlie, sending you 5
2024-10-14 23:16:37.727509 Papa: Lima, sending you 3
chatterbot Sierra submitting transactions
chatterbot Lima submitting transactions
chatterbot Charlie submitting transactions
chatterbot Alpha submitting transactions
chatterbot November submitting transactions
chatterbot Golf submitting transactions
chatterbot Kilo submitting transactions
ChatterBot November round 5
ChatterBot Bravo round 5
ChatterBot Papa round 5
ChatterBot Alpha round 5
ChatterBot Charlie round 5
ChatterBot Kilo round 5
ChatterBot Sierra round 5
ChatterBot Golf round 5
ChatterBot Lima round 5
ChatterBot Juliett round 5
2024-10-14 23:16:38.374664 Alpha: November, sending you 3
2024-10-14 23:16:38.377667 November: Bravo, Alpha and Juliett, sending you 4
2024-10-14 23:16:38.378086 Alpha: Bravo and Charlie, sending you 4
2024-10-14 23:16:38.381687 Bravo: November and Alpha, sending you 5
2024-10-14 23:16:38.382080 November: Charlie, sending you 5
2024-10-14 23:16:38.382834 Alpha: Juliett, sending you 5
2024-10-14 23:16:38.383662 Lima: Papa, Sierra and Golf, sending you 4
2024-10-14 23:16:38.385671 Charlie: November and Alpha, sending you 5
2024-10-14 23:16:38.386067 Bravo: Charlie, sending you 3
2024-10-14 23:16:38.387688 Lima: Kilo, sending you 5
2024-10-14 23:16:38.388680 Kilo: Papa and Lima, sending you 6
2024-10-14 23:16:38.389112 Charlie: Bravo, sending you 3
2024-10-14 23:16:38.390759 Bravo: Juliett, sending you 4
2024-10-14 23:16:38.391787 Sierra: Papa, sending you 6
2024-10-14 23:16:38.392686 Papa: Kilo and Sierra, sending you 5
2024-10-14 23:16:38.393118 Kilo: Sierra, sending you 3
2024-10-14 23:16:38.393505 Charlie: Juliett, sending you 6
2024-10-14 23:16:38.393975 Golf: Papa, Sierra and Lima, sending you 4
2024-10-14 23:16:38.394405 Juliett: November, sending you 3
2024-10-14 23:16:38.396677 Sierra: Kilo, sending you 3
2024-10-14 23:16:38.397673 Papa: Golf and Lima, sending you 4
2024-10-14 23:16:38.398064 Kilo: Golf, sending you 4
2024-10-14 23:16:38.398414 Golf: Kilo, sending you 3
2024-10-14 23:16:38.399195 Juliett: Bravo, sending you 4
2024-10-14 23:16:38.401661 Sierra: Golf, sending you 4
2024-10-14 23:16:38.403694 Juliett: Alpha and Charlie, sending you 5
2024-10-14 23:16:38.406658 Sierra: Lima, sending you 5
chatterbot Papa submitting transactions
chatterbot Charlie submitting transactions
chatterbot Golf submitting transactions
chatterbot Lima submitting transactions
chatterbot November submitting transactions
chatterbot Alpha submitting transactions
chatterbot Bravo submitting transactions
chatterbot Kilo submitting transactions
chatterbot Juliett submitting transactions
chatterbot Sierra submitting transactions
ChatterBot November round 6
ChatterBot Bravo round 6
ChatterBot Papa round 6
ChatterBot Alpha round 6
ChatterBot Charlie round 6
ChatterBot Kilo round 6
ChatterBot Sierra round 6
ChatterBot Golf round 6
ChatterBot Lima round 6
ChatterBot Juliett round 6
2024-10-14 23:16:39.650731 Golf: Papa, Sierra and Lima, sending you 4
2024-10-14 23:16:39.651684 Lima: Papa, Sierra and Golf, sending you 4
2024-10-14 23:16:39.653703 Charlie: November and Alpha, sending you 5
2024-10-14 23:16:39.654690 Golf: Kilo, sending you 3
2024-10-14 23:16:39.655264 Lima: Kilo, sending you 5
2024-10-14 23:16:39.656698 Kilo: Papa and Lima, sending you 6
2024-10-14 23:16:39.657316 Bravo: November and Alpha, sending you 5
2024-10-14 23:16:39.659325 Charlie: Bravo, sending you 3
2024-10-14 23:16:39.660686 Papa: Kilo and Sierra, sending you 5
2024-10-14 23:16:39.661114 Kilo: Sierra, sending you 3
2024-10-14 23:16:39.663010 Bravo: Charlie, sending you 3
2024-10-14 23:16:39.663667 Charlie: Juliett, sending you 6
2024-10-14 23:16:39.664092 Kilo: Golf, sending you 4
2024-10-14 23:16:39.665668 November: Bravo, Alpha and Juliett, sending you 4
2024-10-14 23:16:39.666056 Papa: Golf and Lima, sending you 4
2024-10-14 23:16:39.666494 Alpha: Sending you each 4
2024-10-14 23:16:39.666956 Juliett: November, sending you 4
2024-10-14 23:16:39.667399 Bravo: Juliett, sending you 4
2024-10-14 23:16:39.669659 Sierra: Papa, sending you 6
2024-10-14 23:16:39.670214 Juliett: Bravo, sending you 3
2024-10-14 23:16:39.670703 November: Charlie, sending you 5
2024-10-14 23:16:39.674037 Juliett: Alpha and Charlie, sending you 5
2024-10-14 23:16:39.674689 Sierra: Kilo, sending you 3
2024-10-14 23:16:39.678049 Sierra: Golf, sending you 4
2024-10-14 23:16:39.681660 Sierra: Lima, sending you 5
chatterbot Golf submitting transactions
chatterbot Charlie submitting transactions
chatterbot Alpha submitting transactions
chatterbot Papa submitting transactions
chatterbot Juliett submitting transactions
chatterbot Sierra submitting transactions
chatterbot Kilo submitting transactions
chatterbot Bravo submitting transactions
chatterbot Lima submitting transactions
chatterbot November submitting transactions
ChatterBot November round 7
ChatterBot Bravo round 7
ChatterBot Papa round 7
ChatterBot Alpha round 7
ChatterBot Charlie round 7
ChatterBot Kilo round 7
ChatterBot Sierra round 7
ChatterBot Golf round 7
ChatterBot Lima round 7
ChatterBot Juliett round 7
2024-10-14 23:16:40.801696 November: Bravo, Alpha and Juliett, sending you 4
2024-10-14 23:16:40.804677 Alpha: Same as last round
2024-10-14 23:16:40.805774 Charlie: November and Alpha, sending you 5
2024-10-14 23:16:40.806689 November: Charlie, sending you 5
2024-10-14 23:16:40.807935 Golf: Papa, Sierra and Lima, sending you 4
2024-10-14 23:16:40.808988 Kilo: Papa and Lima, sending you 6
2024-10-14 23:16:40.809659 Charlie: Bravo, sending you 3
2024-10-14 23:16:40.810732 Lima: Papa, Sierra and Golf, sending you 4
2024-10-14 23:16:40.811545 Papa: Kilo and Sierra, sending you 5
2024-10-14 23:16:40.812784 Golf: Kilo, sending you 3
2024-10-14 23:16:40.813516 Kilo: Sierra, sending you 3
2024-10-14 23:16:40.814842 Charlie: Juliett, sending you 6
2024-10-14 23:16:40.815694 Lima: Kilo, sending you 5
2024-10-14 23:16:40.816346 Papa: Golf and Lima, sending you 4
2024-10-14 23:16:40.817484 Bravo: November and Alpha, sending you 5
2024-10-14 23:16:40.818090 Sierra: Papa, sending you 6
2024-10-14 23:16:40.818679 Kilo: Golf, sending you 4
2024-10-14 23:16:40.820685 Juliett: November, sending you 4
2024-10-14 23:16:40.822267 Bravo: Charlie, sending you 3
2024-10-14 23:16:40.822928 Sierra: Kilo, sending you 3
2024-10-14 23:16:40.825667 Juliett: Bravo, sending you 3
2024-10-14 23:16:40.826148 Bravo: Juliett, sending you 4
2024-10-14 23:16:40.827682 Sierra: Golf, sending you 4
2024-10-14 23:16:40.828693 Juliett: Alpha and Charlie, sending you 5
2024-10-14 23:16:40.830660 Sierra: Lima, sending you 5
chatterbot Alpha submitting transactions
chatterbot Kilo submitting transactions
chatterbot Sierra submitting transactions
chatterbot November submitting transactions
chatterbot Juliett submitting transactions
chatterbot Bravo submitting transactions
chatterbot Papa submitting transactions
chatterbot Lima submitting transactions
chatterbot Charlie submitting transactions
chatterbot Golf submitting transactions
ChatterBot November round 8
ChatterBot Bravo round 8
ChatterBot Papa round 8
ChatterBot Alpha round 8
ChatterBot Charlie round 8
ChatterBot Kilo round 8
ChatterBot Sierra round 8
ChatterBot Golf round 8
ChatterBot Lima round 8
ChatterBot Juliett round 8
2024-10-14 23:16:42.070831 Alpha: Same as last round
2024-10-14 23:16:42.076688 Papa: Kilo and Sierra, sending you 5
2024-10-14 23:16:42.080673 Sierra: Papa, sending you 6
2024-10-14 23:16:42.081923 Papa: Golf and Lima, sending you 4
2024-10-14 23:16:42.084654 November: Bravo, Alpha and Juliett, sending you 4
2024-10-14 23:16:42.085336 Charlie: November and Alpha, sending you 5
2024-10-14 23:16:42.085921 Kilo: Papa and Lima, sending you 6
2024-10-14 23:16:42.086485 Sierra: Kilo, sending you 3
2024-10-14 23:16:42.088685 November: Charlie, sending you 5
2024-10-14 23:16:42.089222 Charlie: Bravo, sending you 3
2024-10-14 23:16:42.089699 Golf: Papa, Sierra and Lima, sending you 4
2024-10-14 23:16:42.090664 Kilo: Sierra, sending you 3
2024-10-14 23:16:42.091196 Bravo: November and Alpha, sending you 5
2024-10-14 23:16:42.091678 Lima: Papa, Sierra and Golf, sending you 4
2024-10-14 23:16:42.093282 Sierra: Golf, sending you 4
2024-10-14 23:16:42.093908 Juliett: November, sending you 4
2024-10-14 23:16:42.094360 Golf: Kilo, sending you 3
2024-10-14 23:16:42.094982 Charlie: Juliett, sending you 6
2024-10-14 23:16:42.096513 Kilo: Golf, sending you 4
2024-10-14 23:16:42.097192 Bravo: Charlie, sending you 3
2024-10-14 23:16:42.097728 Lima: Kilo, sending you 5
2024-10-14 23:16:42.098475 Sierra: Lima, sending you 5
2024-10-14 23:16:42.100132 Juliett: Bravo, sending you 3
2024-10-14 23:16:42.101699 Bravo: Juliett, sending you 4
2024-10-14 23:16:42.104706 Juliett: Alpha and Charlie, sending you 5
chatterbot Juliett submitting transactions
chatterbot Charlie submitting transactions
chatterbot Papa submitting transactions
chatterbot Golf submitting transactions
chatterbot Bravo submitting transactions
chatterbot Sierra submitting transactions
chatterbot Kilo submitting transactions
chatterbot Lima submitting transactions
chatterbot November submitting transactions
chatterbot Alpha submitting transactions
ChatterBot November round 9
ChatterBot Bravo round 9
ChatterBot Papa round 9
ChatterBot Alpha round 9
ChatterBot Charlie round 9
ChatterBot Kilo round 9
ChatterBot Sierra round 9
ChatterBot Golf round 9
ChatterBot Lima round 9
ChatterBot Juliett round 9
2024-10-14 23:16:43.291724 November: Bravo, Alpha and Juliett, sending you 4
2024-10-14 23:16:43.296685 Lima: Papa, Sierra and Golf, sending you 4
2024-10-14 23:16:43.298284 November: Charlie, sending you 5
2024-10-14 23:16:43.298944 Alpha: Same as last round
2024-10-14 23:16:43.302294 Lima: Kilo, sending you 5
2024-10-14 23:16:43.302860 Bravo: November and Alpha, sending you 5
2024-10-14 23:16:43.303395 Papa: Kilo and Sierra, sending you 5
2024-10-14 23:16:43.303937 Golf: Papa, Sierra and Lima, sending you 4
2024-10-14 23:16:43.304376 Charlie: November, Alpha and Juliett, sending you 5
2024-10-14 23:16:43.306681 Bravo: Charlie, sending you 3
2024-10-14 23:16:43.307322 Papa: Golf and Lima, sending you 4
2024-10-14 23:16:43.307951 Sierra: Papa and Lima, sending you 5
2024-10-14 23:16:43.308417 Golf: Kilo, sending you 3
2024-10-14 23:16:43.309388 Juliett: November, Bravo and Alpha, sending you 4
2024-10-14 23:16:43.309854 Kilo: Papa and Lima, sending you 6
2024-10-14 23:16:43.310322 Charlie: Bravo, sending you 4
2024-10-14 23:16:43.310775 Bravo: Juliett, sending you 4
2024-10-14 23:16:43.311231 Sierra: Kilo and Golf, sending you 4
2024-10-14 23:16:43.312681 Juliett: Charlie, sending you 5
2024-10-14 23:16:43.314703 Kilo: Sierra, sending you 3
2024-10-14 23:16:43.320653 Kilo: Golf, sending you 4
chatterbot Alpha submitting transactions
chatterbot Kilo submitting transactions
chatterbot Charlie submitting transactions
chatterbot Papa submitting transactions
chatterbot Bravo submitting transactions
chatterbot Golf submitting transactions
chatterbot November submitting transactions
chatterbot Juliett submitting transactions
chatterbot Sierra submitting transactions
chatterbot Lima submitting transactions
ChatterBot November round 10
ChatterBot Bravo round 10
ChatterBot Papa round 10
ChatterBot Alpha round 10
ChatterBot Charlie round 10
ChatterBot Kilo round 10
ChatterBot Sierra round 10
ChatterBot Golf round 10
ChatterBot Lima round 10
ChatterBot Juliett round 10
2024-10-14 23:16:44.459689 Papa: Kilo and Sierra, sending you 5
2024-10-14 23:16:44.464999 November: Bravo, Alpha and Juliett, sending you 4
2024-10-14 23:16:44.465853 Papa: Golf and Lima, sending you 4
2024-10-14 23:16:44.468663 Lima: Papa, Sierra and Golf, sending you 4
2024-10-14 23:16:44.469689 Charlie: November, Alpha and Juliett, sending you 5
2024-10-14 23:16:44.471118 November: Charlie, sending you 5
2024-10-14 23:16:44.471726 Sierra: Papa, Golf and Lima, sending you 1
2024-10-14 23:16:44.472386 Alpha: Same as last round
2024-10-14 23:16:44.473031 Kilo: Papa and Lima, sending you 6
2024-10-14 23:16:44.474292 Lima: Kilo, sending you 5
2024-10-14 23:16:44.474902 Charlie: Bravo, sending you 4
2024-10-14 23:16:44.477718 Kilo: Sierra, sending you 3
2024-10-14 23:16:44.479080 Bravo: November, Charlie and Juliett, sending you 4
2024-10-14 23:16:44.481685 Golf: Papa, Sierra and Lima, sending you 4
2024-10-14 23:16:44.483121 Kilo: Golf, sending you 4
2024-10-14 23:16:44.484032 Juliett: November, Bravo and Alpha, sending you 4
2024-10-14 23:16:44.485078 Bravo: Alpha, sending you 5
2024-10-14 23:16:44.485988 Golf: Kilo, sending you 3
2024-10-14 23:16:44.488679 Juliett: Charlie, sending you 5
chatterbot Bravo submitting transactions
chatterbot Charlie submitting transactions
chatterbot Kilo submitting transactions
chatterbot Papa submitting transactions
chatterbot November submitting transactions
chatterbot Golf submitting transactions
chatterbot Juliett submitting transactions
chatterbot Sierra submitting transactions
chatterbot Alpha submitting transactions
chatterbot Lima submitting transactions
ChatterBot November round 11
ChatterBot Bravo round 11
ChatterBot Papa round 11
ChatterBot Alpha round 11
ChatterBot Charlie round 11
ChatterBot Kilo round 11
ChatterBot Sierra round 11
ChatterBot Golf round 11
ChatterBot Lima round 11
2024-10-14 23:16:45.695208 Alpha: We should add Papa
ChatterBot Bravo reevaluating
2024-10-14 23:16:45.716307 Bravo: No
2024-10-14 23:16:45.716738 November: No
2024-10-14 23:16:45.717575 Charlie: No
2024-10-14 23:16:45.717942 Juliett: No
ChatterBot Alpha reevaluating
ChatterBot Bravo reevaluating
ChatterBot Alpha reevaluating
ChatterBot Bravo reevaluating
ChatterBot Alpha reevaluating
ChatterBot Bravo reevaluating
ChatterBot Alpha reevaluating
ChatterBot Juliett round 11
2024-10-14 23:16:45.829146 Bravo: We should add Kilo
ChatterBot Alpha reevaluating
2024-10-14 23:16:45.853868 November: No
2024-10-14 23:16:45.854514 Alpha: No
2024-10-14 23:16:45.855832 Charlie: No
2024-10-14 23:16:45.856386 Juliett: No
ChatterBot Bravo reevaluating
ChatterBot Alpha reevaluating
ChatterBot Bravo reevaluating
ChatterBot Bravo reevaluating
ChatterBot Alpha reevaluating
ChatterBot Bravo reevaluating
ChatterBot Alpha reevaluating
2024-10-14 23:16:45.926332 Golf: We should add Charlie
ChatterBot Kilo reevaluating
2024-10-14 23:16:45.939271 Papa: No
2024-10-14 23:16:45.939469 Sierra: No
2024-10-14 23:16:45.939601 Kilo: Yes
2024-10-14 23:16:45.939746 Lima: No
ChatterBot Golf reevaluating
ChatterBot Kilo reevaluating
ChatterBot Golf reevaluating
ChatterBot Kilo reevaluating
ChatterBot Golf reevaluating
ChatterBot Golf reevaluating
ChatterBot Kilo reevaluating
2024-10-14 23:16:46.020722 Alpha: We should add Lima
ChatterBot Bravo reevaluating
2024-10-14 23:16:46.040892 Bravo: No
2024-10-14 23:16:46.041111 November: No
2024-10-14 23:16:46.041304 Charlie: No
2024-10-14 23:16:46.041495 Juliett: No
ChatterBot Alpha reevaluating
ChatterBot Bravo reevaluating
ChatterBot Alpha reevaluating
ChatterBot Bravo reevaluating
ChatterBot Alpha reevaluating
ChatterBot Bravo reevaluating
ChatterBot Alpha reevaluating
2024-10-14 23:16:46.123952 Bravo: We should add Golf
ChatterBot Alpha reevaluating
2024-10-14 23:16:46.144204 November: No
2024-10-14 23:16:46.144449 Alpha: No
2024-10-14 23:16:46.144628 Charlie: No
2024-10-14 23:16:46.144792 Juliett: No
ChatterBot Bravo reevaluating
ChatterBot Alpha reevaluating
ChatterBot Bravo reevaluating
ChatterBot Bravo reevaluating
ChatterBot Alpha reevaluating
ChatterBot Bravo reevaluating
ChatterBot Alpha reevaluating
2024-10-14 23:16:46.231881 Bravo: Lima we want you to join our group
2024-10-14 23:16:46.238889 Lima: No
ChatterBot Bravo reevaluating
ChatterBot Alpha reevaluating
2024-10-14 23:16:46.266559 Papa: Kilo, sending you 6
2024-10-14 23:16:46.268429 Charlie: November and Juliett, sending you 4
2024-10-14 23:16:46.270951 Sierra: Papa and Lima, sending you 5
2024-10-14 23:16:46.272956 November: I was attacked by Sierra
ChatterBot Bravo reevaluating
ChatterBot Alpha reevaluating
ChatterBot Charlie reevaluating
ChatterBot Juliett reevaluating
2024-10-14 23:16:46.295847 November: I'm keeping this round to protect myself
2024-10-14 23:16:46.299405 November: Ow
2024-10-14 23:16:46.300892 Papa: Sierra, Golf and Lima, sending you 4
2024-10-14 23:16:46.302297 Sierra: Kilo and Golf, sending you 4
2024-10-14 23:16:46.303524 Kilo: Papa and Lima, sending you 6
2024-10-14 23:16:46.304619 Lima: Papa, Sierra and Golf, sending you 4
2024-10-14 23:16:46.307244 Alpha: Golf we want you to join our group
ChatterBot Golf reevaluating
2024-10-14 23:16:46.314819 Golf: No
ChatterBot Alpha reevaluating
ChatterBot Bravo reevaluating
ChatterBot Charlie reevaluating
ChatterBot Juliett reevaluating
2024-10-14 23:16:46.337945 Golf: We should add Juliett
2024-10-14 23:16:46.349666 Papa: No
2024-10-14 23:16:46.349832 Sierra: No
2024-10-14 23:16:46.349955 Kilo: No
2024-10-14 23:16:46.350090 Lima: No
ChatterBot Golf reevaluating
ChatterBot Golf reevaluating
ChatterBot Golf reevaluating
ChatterBot Golf reevaluating
2024-10-14 23:16:46.405046 Kilo: Sierra, sending you 3
2024-10-14 23:16:46.405844 Lima: Kilo, sending you 5
chatterbot Golf submitting transactions
2024-10-14 23:16:46.409281 Kilo: Golf, sending you 4
2024-10-14 23:16:46.423667 Juliett: November, Bravo and Alpha, sending you 4
2024-10-14 23:16:46.428014 Juliett: Charlie, sending you 5
2024-10-14 23:16:46.432683 Alpha: November, sending you 2
2024-10-14 23:16:46.435682 Alpha: Bravo, Charlie and Juliett, sending you 3
chatterbot Lima submitting transactions
chatterbot Sierra submitting transactions
chatterbot Alpha submitting transactions
chatterbot Charlie submitting transactions
chatterbot November submitting transactions
chatterbot Juliett submitting transactions
chatterbot Charlie submitting transactions
chatterbot Kilo submitting transactions
chatterbot Papa submitting transactions
chatterbot Golf submitting transactions
chatterbot Bravo submitting transactions
ChatterBot November round 12
ChatterBot Bravo round 12
ChatterBot Papa round 12
ChatterBot Alpha round 12
ChatterBot Charlie round 12
ChatterBot Kilo round 12
ChatterBot Sierra round 12
ChatterBot Golf round 12
2024-10-14 23:16:47.472560 Bravo: We should replace Lima with Kilo
ChatterBot Alpha reevaluating
ChatterBot Charlie reevaluating
2024-10-14 23:16:47.484209 November: No
2024-10-14 23:16:47.484387 Alpha: Yes
2024-10-14 23:16:47.484840 Charlie: No
2024-10-14 23:16:47.484976 Juliett: No
ChatterBot Bravo reevaluating
ChatterBot Alpha reevaluating
ChatterBot Charlie reevaluating
ChatterBot Bravo reevaluating
ChatterBot Charlie reevaluating
ChatterBot Bravo reevaluating
ChatterBot Alpha reevaluating
ChatterBot Bravo reevaluating
ChatterBot Alpha reevaluating
ChatterBot Charlie reevaluating
ChatterBot Lima round 12
ChatterBot Juliett round 12
2024-10-14 23:16:47.557401 Golf: We should replace Alpha with Charlie
2024-10-14 23:16:47.565324 Papa: No
2024-10-14 23:16:47.565475 Sierra: No
2024-10-14 23:16:47.565590 Kilo: No
2024-10-14 23:16:47.565725 Lima: No
ChatterBot Golf reevaluating
ChatterBot Golf reevaluating
ChatterBot Golf reevaluating
ChatterBot Golf reevaluating
2024-10-14 23:16:47.599321 Bravo: We should replace Lima with Papa
ChatterBot Alpha reevaluating
ChatterBot Charlie reevaluating
2024-10-14 23:16:47.608458 November: No
2024-10-14 23:16:47.608600 Alpha: No
2024-10-14 23:16:47.608725 Charlie: No
2024-10-14 23:16:47.608837 Juliett: No
ChatterBot Bravo reevaluating
ChatterBot Alpha reevaluating
ChatterBot Charlie reevaluating
ChatterBot Bravo reevaluating
ChatterBot Charlie reevaluating
ChatterBot Bravo reevaluating
ChatterBot Alpha reevaluating
ChatterBot Bravo reevaluating
ChatterBot Alpha reevaluating
ChatterBot Charlie reevaluating
2024-10-14 23:16:47.659075 Papa: Kilo and Sierra, sending you 5
2024-10-14 23:16:47.660821 Golf: We should drop Alpha
2024-10-14 23:16:47.676830 Papa: Yes
2024-10-14 23:16:47.677078 Sierra: Yes
2024-10-14 23:16:47.677292 Kilo: Yes
2024-10-14 23:16:47.677501 Lima: Yes
ChatterBot Golf reevaluating
ChatterBot Golf reevaluating
ChatterBot Golf reevaluating
ChatterBot Golf reevaluating
2024-10-14 23:16:47.737153 Bravo: Papa we want you to join our group
2024-10-14 23:16:47.742181 Papa: No
ChatterBot Bravo reevaluating
ChatterBot Alpha reevaluating
2024-10-14 23:16:47.761152 Alpha: We should replace Golf with Papa
ChatterBot Bravo reevaluating
2024-10-14 23:16:47.775816 Bravo: No
2024-10-14 23:16:47.776036 November: No
2024-10-14 23:16:47.776230 Charlie: No
2024-10-14 23:16:47.776427 Juliett: No
ChatterBot Alpha reevaluating
ChatterBot Bravo reevaluating
ChatterBot Alpha reevaluating
ChatterBot Bravo reevaluating
ChatterBot Alpha reevaluating
ChatterBot Bravo reevaluating
ChatterBot Alpha reevaluating
2024-10-14 23:16:47.843022 Papa: Golf and Lima, sending you 4
2024-10-14 23:16:47.843749 Sierra: I was attacked by Bravo and Alpha
ChatterBot Papa reevaluating
ChatterBot Golf reevaluating
ChatterBot Kilo reevaluating
ChatterBot Lima reevaluating
2024-10-14 23:16:47.854875 Sierra: I'm keeping this round to protect myself
2024-10-14 23:16:47.857023 Sierra: Ow
2024-10-14 23:16:47.858569 Alpha: We should replace Golf with Lima
ChatterBot Bravo reevaluating
2024-10-14 23:16:47.869210 Bravo: No
2024-10-14 23:16:47.869374 November: No
2024-10-14 23:16:47.869497 Charlie: No
2024-10-14 23:16:47.869621 Juliett: No
ChatterBot Alpha reevaluating
ChatterBot Bravo reevaluating
ChatterBot Alpha reevaluating
ChatterBot Bravo reevaluating
ChatterBot Alpha reevaluating
ChatterBot Bravo reevaluating
ChatterBot Alpha reevaluating
2024-10-14 23:16:47.918965 Juliett: November and Bravo, sending you 3
2024-10-14 23:16:47.919734 Golf: Charlie we want you to join our group
2024-10-14 23:16:47.922281 Charlie: No
ChatterBot Golf reevaluating
ChatterBot Papa reevaluating
ChatterBot Kilo reevaluating
ChatterBot Lima reevaluating
2024-10-14 23:16:47.934931 Juliett: Alpha, sending you 5
2024-10-14 23:16:47.936258 Bravo: We should drop Lima
ChatterBot Alpha reevaluating
2024-10-14 23:16:47.944710 November: Yes
2024-10-14 23:16:47.944863 Alpha: Yes
2024-10-14 23:16:47.944988 Charlie: Yes
2024-10-14 23:16:47.945097 Juliett: Yes
ChatterBot Bravo reevaluating
ChatterBot Alpha reevaluating
ChatterBot Bravo reevaluating
ChatterBot Bravo reevaluating
ChatterBot Alpha reevaluating
ChatterBot Bravo reevaluating
ChatterBot Alpha reevaluating
2024-10-14 23:16:47.981345 Juliett: Charlie, sending you 6
2024-10-14 23:16:47.987804 Bravo: We should replace Lima with Golf
ChatterBot Alpha reevaluating
2024-10-14 23:16:47.996248 November: No
2024-10-14 23:16:47.996400 Alpha: No
2024-10-14 23:16:47.996518 Charlie: No
2024-10-14 23:16:47.996982 Juliett: No
ChatterBot Bravo reevaluating
ChatterBot Alpha reevaluating
ChatterBot Bravo reevaluating
ChatterBot Bravo reevaluating
ChatterBot Alpha reevaluating
ChatterBot Bravo reevaluating
