ChatterBot Whiskey round 1
ChatterBot Charlie round 1
ChatterBot Echo round 1
ChatterBot Hotel round 1
ChatterBot Alpha round 1
ChatterBot Yankee round 1
ChatterBot November round 1
ChatterBot Foxtrot round 1
ChatterBot Romeo round 1
ChatterBot Victor round 1
randomSelections Hotel: {Hotel, Charlie, Echo, Alpha, Whiskey, Victor} 
2024-10-14 23:16:29.875222 Hotel: We should group up
ChatterBot Charlie reevaluating
ChatterBot Echo reevaluating
ChatterBot Alpha reevaluating
ChatterBot Whiskey reevaluating
ChatterBot Victor reevaluating
2024-10-14 23:16:29.884686 Charlie: Yes
2024-10-14 23:16:29.884910 Echo: Yes
2024-10-14 23:16:29.885672 Alpha: Yes
2024-10-14 23:16:29.885813 Whiskey: Yes
2024-10-14 23:16:29.885900 Victor: Yes
ChatterBot Echo reevaluating
ChatterBot Alpha reevaluating
ChatterBot Whiskey reevaluating
ChatterBot Victor reevaluating
ChatterBot Charlie reevaluating
ChatterBot Alpha reevaluating
ChatterBot Whiskey reevaluating
ChatterBot Victor reevaluating
ChatterBot Charlie reevaluating
ChatterBot Echo reevaluating
ChatterBot Whiskey reevaluating
ChatterBot Victor reevaluating
ChatterBot Charlie reevaluating
ChatterBot Echo reevaluating
ChatterBot Alpha reevaluating
ChatterBot Victor reevaluating
ChatterBot Charlie reevaluating
ChatterBot Echo reevaluating
ChatterBot Alpha reevaluating
ChatterBot Whiskey reevaluating
randomSelections Yankee: {Yankee, Hotel, Whiskey, Echo, Romeo, November} 
2024-10-14 23:16:29.936266 Yankee: We would work well together
ChatterBot Whiskey reevaluating
ChatterBot Echo reevaluating
ChatterBot Romeo reevaluating
ChatterBot November reevaluating
2024-10-14 23:16:29.944568 Hotel: No
2024-10-14 23:16:29.944749 Whiskey: No
2024-10-14 23:16:29.945020 Echo: No
2024-10-14 23:16:29.945419 Romeo: Yes
2024-10-14 23:16:29.946099 November: Yes
ChatterBot Whiskey reevaluating
ChatterBot Echo reevaluating
ChatterBot Romeo reevaluating
ChatterBot November reevaluating
ChatterBot Echo reevaluating
ChatterBot Romeo reevaluating
ChatterBot November reevaluating
ChatterBot Whiskey reevaluating
ChatterBot Romeo reevaluating
ChatterBot November reevaluating
ChatterBot Whiskey reevaluating
ChatterBot Echo reevaluating
ChatterBot November reevaluating
ChatterBot Whiskey reevaluating
ChatterBot Echo reevaluating
ChatterBot Romeo reevaluating
randomSelections Foxtrot: {Foxtrot, Victor, Whiskey, Charlie, Alpha, November} 
2024-10-14 23:16:29.990301 Foxtrot: Let's form a team
ChatterBot Victor reevaluating
ChatterBot Whiskey reevaluating
ChatterBot Charlie reevaluating
ChatterBot Alpha reevaluating
ChatterBot November reevaluating
2024-10-14 23:16:29.997191 Victor: No
2024-10-14 23:16:29.997318 Whiskey: No
2024-10-14 23:16:29.997422 Charlie: No
2024-10-14 23:16:29.997544 Alpha: No
2024-10-14 23:16:29.998095 November: No
ChatterBot Whiskey reevaluating
ChatterBot Charlie reevaluating
ChatterBot Alpha reevaluating
ChatterBot November reevaluating
ChatterBot Victor reevaluating
ChatterBot Charlie reevaluating
ChatterBot Alpha reevaluating
ChatterBot November reevaluating
ChatterBot Victor reevaluating
ChatterBot Whiskey reevaluating
ChatterBot Alpha reevaluating
ChatterBot November reevaluating
ChatterBot Victor reevaluating
ChatterBot Whiskey reevaluating
ChatterBot Charlie reevaluating
ChatterBot November reevaluating
ChatterBot Victor reevaluating
ChatterBot Whiskey reevaluating
ChatterBot Charlie reevaluating
ChatterBot Alpha reevaluating
2024-10-14 23:16:30.049662 Victor: Whiskey and Alpha, sending you 2
2024-10-14 23:16:30.050110 November: Whiskey, sending you 2
2024-10-14 23:16:30.052653 Victor: Charlie and Echo, sending you 3
2024-10-14 23:16:30.054114 Alpha: Whiskey and Echo, sending you 2
2024-10-14 23:16:30.054469 November: Echo, sending you 3
2024-10-14 23:16:30.054792 Whiskey: Charlie, Echo and Victor, sending you 3
2024-10-14 23:16:30.056691 Victor: Hotel, sending you 5
2024-10-14 23:16:30.058681 Alpha: Charlie and Hotel, sending you 4
2024-10-14 23:16:30.059155 November: Hotel, sending you 1
2024-10-14 23:16:30.059433 Whiskey: Hotel, sending you 5
2024-10-14 23:16:30.061646 Charlie: Whiskey and Victor, sending you 1
2024-10-14 23:16:30.061911 Romeo: Whiskey, sending you 1
2024-10-14 23:16:30.062705 Whiskey: Alpha, sending you 2
2024-10-14 23:16:30.063665 Alpha: Victor, sending you 3
2024-10-14 23:16:30.064676 Romeo: Echo, sending you 4
2024-10-14 23:16:30.066656 Charlie: Echo, sending you 3
2024-10-14 23:16:30.068668 Romeo: Hotel and November, sending you 5
2024-10-14 23:16:30.069673 Charlie: Hotel, sending you 4
2024-10-14 23:16:30.072659 Romeo: Yankee, sending you 2
2024-10-14 23:16:30.073695 Charlie: Alpha, sending you 5
chatterbot Echo submitting transactions
chatterbot Romeo submitting transactions
chatterbot Charlie submitting transactions
chatterbot November submitting transactions
chatterbot Whiskey submitting transactions
chatterbot Foxtrot submitting transactions
chatterbot Alpha submitting transactions
chatterbot Yankee submitting transactions
chatterbot Hotel submitting transactions
chatterbot Victor submitting transactions
ChatterBot Whiskey round 2
ChatterBot Charlie round 2
ChatterBot Echo round 2
ChatterBot Hotel round 2
ChatterBot Alpha round 2
ChatterBot Yankee round 2
ChatterBot November round 2
ChatterBot Foxtrot round 2
ChatterBot Romeo round 2
ChatterBot Victor round 2
2024-10-14 23:16:32.632127 Whiskey: We should replace Echo with Romeo
ChatterBot Charlie reevaluating
ChatterBot Alpha reevaluating
ChatterBot Victor reevaluating
2024-10-14 23:16:32.768083 Charlie: No
2024-10-14 23:16:32.768448 Hotel: No
2024-10-14 23:16:32.769067 Alpha: No
2024-10-14 23:16:32.769439 Victor: Yes
ChatterBot Whiskey reevaluating
ChatterBot Alpha reevaluating
ChatterBot Victor reevaluating
ChatterBot Whiskey reevaluating
ChatterBot Charlie reevaluating
ChatterBot Alpha reevaluating
ChatterBot Victor reevaluating
ChatterBot Whiskey reevaluating
ChatterBot Charlie reevaluating
ChatterBot Victor reevaluating
ChatterBot Whiskey reevaluating
ChatterBot Charlie reevaluating
ChatterBot Alpha reevaluating
2024-10-14 23:16:32.877399 Yankee: Group up?
2024-10-14 23:16:32.882449 Romeo: Yes
2024-10-14 23:16:32.893051 November: We would work well together
ChatterBot Foxtrot reevaluating
2024-10-14 23:16:32.907257 Echo: No
2024-10-14 23:16:32.907561 Romeo: No
2024-10-14 23:16:32.907792 Foxtrot: No
ChatterBot November reevaluating
ChatterBot Foxtrot reevaluating
ChatterBot November reevaluating
ChatterBot Foxtrot reevaluating
ChatterBot November reevaluating
2024-10-14 23:16:32.951762 Romeo: We should drop Hotel and Whiskey
ChatterBot November reevaluating
2024-10-14 23:16:32.965925 Echo: No
2024-10-14 23:16:32.966158 November: Yes
2024-10-14 23:16:32.966374 Yankee: Yes
ChatterBot November reevaluating
ChatterBot Romeo reevaluating
ChatterBot Romeo reevaluating
ChatterBot November reevaluating
2024-10-14 23:16:33.012461 Hotel: We should drop Echo
ChatterBot Whiskey reevaluating
ChatterBot Charlie reevaluating
ChatterBot Alpha reevaluating
ChatterBot Victor reevaluating
2024-10-14 23:16:33.034552 Whiskey: Yes
2024-10-14 23:16:33.034708 Charlie: Yes
2024-10-14 23:16:33.034853 Alpha: No
2024-10-14 23:16:33.035071 Victor: Yes
ChatterBot Charlie reevaluating
ChatterBot Alpha reevaluating
ChatterBot Victor reevaluating
ChatterBot Whiskey reevaluating
ChatterBot Alpha reevaluating
ChatterBot Victor reevaluating
ChatterBot Whiskey reevaluating
ChatterBot Charlie reevaluating
ChatterBot Victor reevaluating
ChatterBot Whiskey reevaluating
ChatterBot Charlie reevaluating
ChatterBot Alpha reevaluating
2024-10-14 23:16:33.391187 Whiskey: Romeo we want you to join our group
ChatterBot Romeo reevaluating
2024-10-14 23:16:33.396801 Romeo: No
ChatterBot Whiskey reevaluating
ChatterBot Charlie reevaluating
ChatterBot Alpha reevaluating
chatterbot Hotel submitting transactions
2024-10-14 23:16:33.504288 Hotel: Whiskey and Victor, sending you 5
2024-10-14 23:16:33.505182 Echo: Whiskey, Charlie and Victor, sending you 2
2024-10-14 23:16:33.505678 Yankee: Sending you 8
2024-10-14 23:16:33.506880 Whiskey: We should drop Hotel and Echo
ChatterBot Charlie reevaluating
ChatterBot Alpha reevaluating
ChatterBot Victor reevaluating
2024-10-14 23:16:33.534870 Charlie: Yes
2024-10-14 23:16:33.535101 Alpha: No
2024-10-14 23:16:33.535284 Victor: No
ChatterBot Whiskey reevaluating
ChatterBot Alpha reevaluating
ChatterBot Victor reevaluating
ChatterBot Whiskey reevaluating
ChatterBot Charlie reevaluating
ChatterBot Victor reevaluating
ChatterBot Whiskey reevaluating
ChatterBot Charlie reevaluating
ChatterBot Alpha reevaluating
chatterbot Yankee submitting transactions
2024-10-14 23:16:33.664345 Hotel: Charlie and Alpha, sending you 4
2024-10-14 23:16:33.664958 Echo: Alpha, sending you 1
2024-10-14 23:16:33.671651 November: Echo and Yankee, sending you 3
2024-10-14 23:16:33.819487 November: Romeo, sending you 8
chatterbot November submitting transactions
2024-10-14 23:16:33.914420 Victor: Whiskey and Alpha, sending you 5
2024-10-14 23:16:33.914932 Romeo: Echo and November, sending you 6
2024-10-14 23:16:33.915893 Charlie: Whiskey and Victor, sending you 5
2024-10-14 23:16:33.916251 Alpha: Whiskey and Victor, sending you 4
2024-10-14 23:16:34.048665 Romeo: Yankee, sending you 5
2024-10-14 23:16:34.049604 Victor: Charlie, sending you 3
2024-10-14 23:16:34.050099 Charlie: Alpha, sending you 6
2024-10-14 23:16:34.050896 Alpha: Charlie, sending you 8
2024-10-14 23:16:34.122464 Victor: Hotel, sending you 2
2024-10-14 23:16:34.122952 Alpha: Hotel, sending you 1
chatterbot Echo submitting transactions
chatterbot Foxtrot submitting transactions
chatterbot Victor submitting transactions
chatterbot Alpha submitting transactions
chatterbot Charlie submitting transactions
chatterbot Victor submitting transactions
chatterbot Romeo submitting transactions
chatterbot Whiskey submitting transactions
ChatterBot Whiskey round 3
ChatterBot Charlie round 3
ChatterBot Echo round 3
ChatterBot Hotel round 3
2024-10-14 23:16:34.923679 Charlie: We should add Hotel and Echo
ChatterBot Whiskey reevaluating
ChatterBot Alpha reevaluating
ChatterBot Victor reevaluating
2024-10-14 23:16:34.946354 Whiskey: Yes
2024-10-14 23:16:34.946538 Alpha: Yes
2024-10-14 23:16:34.946719 Victor: No
ChatterBot Alpha reevaluating
ChatterBot Victor reevaluating
ChatterBot Whiskey reevaluating
ChatterBot Victor reevaluating
ChatterBot Whiskey reevaluating
ChatterBot Alpha reevaluating
ChatterBot Alpha round 3
ChatterBot Yankee round 3
ChatterBot November round 3
ChatterBot Foxtrot round 3
ChatterBot Romeo round 3
ChatterBot Victor round 3
2024-10-14 23:16:35.034566 Charlie: Hotel and Echo we want you to join our group
2024-10-14 23:16:35.046688 Hotel: No
2024-10-14 23:16:35.046885 Echo: Yes
ChatterBot Alpha reevaluating
ChatterBot Whiskey reevaluating
ChatterBot Victor reevaluating
ChatterBot Alpha reevaluating
ChatterBot Whiskey reevaluating
ChatterBot Victor reevaluating
2024-10-14 23:16:35.109558 Victor: We should add Echo
ChatterBot Whiskey reevaluating
ChatterBot Alpha reevaluating
2024-10-14 23:16:35.126531 Whiskey: Yes
2024-10-14 23:16:35.126684 Charlie: Yes
2024-10-14 23:16:35.126785 Hotel: No
2024-10-14 23:16:35.126894 Alpha: Yes
ChatterBot Alpha reevaluating
ChatterBot Victor reevaluating
ChatterBot Whiskey reevaluating
ChatterBot Alpha reevaluating
ChatterBot Victor reevaluating
ChatterBot Whiskey reevaluating
ChatterBot Alpha reevaluating
ChatterBot Victor reevaluating
ChatterBot Whiskey reevaluating
ChatterBot Victor reevaluating
2024-10-14 23:16:35.200226 November: We should add Foxtrot
ChatterBot Yankee reevaluating
2024-10-14 23:16:35.211022 Romeo: No
2024-10-14 23:16:35.211683 Echo: No
2024-10-14 23:16:35.211812 Yankee: No
ChatterBot Yankee reevaluating
ChatterBot Yankee reevaluating
2024-10-14 23:16:35.254387 Yankee: We should add November
2024-10-14 23:16:35.258413 Romeo: Yes
ChatterBot Yankee reevaluating
2024-10-14 23:16:35.263378 Romeo: We should drop Echo
ChatterBot Yankee reevaluating
ChatterBot November reevaluating
2024-10-14 23:16:35.271811 Yankee: Yes
2024-10-14 23:16:35.271931 November: No
ChatterBot November reevaluating
ChatterBot Yankee reevaluating
2024-10-14 23:16:35.288228 Victor: Echo we want you to join our group
2024-10-14 23:16:35.292692 Echo: Yes
2024-10-14 23:16:35.309083 Hotel: Whiskey, Charlie and Alpha, sending you 4
2024-10-14 23:16:35.310029 November: Foxtrot we want you to join our group
2024-10-14 23:16:35.314077 Foxtrot: No
ChatterBot Yankee reevaluating
2024-10-14 23:16:35.328828 Charlie: Whiskey, Hotel and Victor, sending you 3
2024-10-14 23:16:35.329205 Whiskey: Charlie and Alpha, sending you 3
2024-10-14 23:16:35.330214 Echo: Whiskey and Victor, sending you 3
2024-10-14 23:16:35.330531 Hotel: Victor, sending you 6
2024-10-14 23:16:35.334317 Charlie: Echo, sending you 2
2024-10-14 23:16:35.334695 Alpha: Whiskey and Victor, sending you 4
2024-10-14 23:16:35.335590 Echo: Charlie, sending you 4
2024-10-14 23:16:35.336177 Whiskey: Echo, sending you 2
2024-10-14 23:16:35.336500 Romeo: Yankee, sending you 9
2024-10-14 23:16:35.340878 Yankee: November we want you to join our group
2024-10-14 23:16:35.344361 November: Yes
ChatterBot Yankee reevaluating
2024-10-14 23:16:35.352114 Charlie: Alpha, sending you 5
2024-10-14 23:16:35.352516 Alpha: Charlie, sending you 7
2024-10-14 23:16:35.353401 Echo: Hotel, sending you 1
2024-10-14 23:16:35.353715 Whiskey: Hotel and Victor, sending you 4
2024-10-14 23:16:35.354077 Romeo: November, sending you 8
2024-10-14 23:16:35.359609 Alpha: Echo, sending you 1
2024-10-14 23:16:35.360044 Echo: Alpha, sending you 2
2024-10-14 23:16:35.360372 Victor: Whiskey, sending you 4
2024-10-14 23:16:35.361250 November: Echo, Yankee and Foxtrot, sending you 2
2024-10-14 23:16:35.368078 Alpha: Hotel, sending you 3
2024-10-14 23:16:35.368971 Victor: Charlie, Hotel and Alpha, sending you 3
2024-10-14 23:16:35.369346 November: Romeo, sending you 9
2024-10-14 23:16:35.377419 Victor: Echo, sending you 2
2024-10-14 23:16:35.383931 Yankee: Echo and Foxtrot, sending you 2
2024-10-14 23:16:35.469017 Yankee: November, sending you 5
2024-10-14 23:16:35.528961 Yankee: Romeo, sending you 8
chatterbot Charlie submitting transactions
chatterbot Echo submitting transactions
chatterbot Victor submitting transactions
chatterbot Whiskey submitting transactions
chatterbot November submitting transactions
chatterbot Romeo submitting transactions
chatterbot Yankee submitting transactions
chatterbot Hotel submitting transactions
chatterbot Foxtrot submitting transactions
chatterbot Alpha submitting transactions
ChatterBot Whiskey round 4
ChatterBot Charlie round 4
ChatterBot Echo round 4
ChatterBot Hotel round 4
ChatterBot Alpha round 4
ChatterBot Yankee round 4
ChatterBot November round 4
ChatterBot Foxtrot round 4
ChatterBot Romeo round 4
ChatterBot Victor round 4
2024-10-14 23:16:36.662608 Foxtrot: Let's form a team
ChatterBot Yankee reevaluating
ChatterBot November reevaluating
ChatterBot Romeo reevaluating
2024-10-14 23:16:36.677664 Yankee: Yes
2024-10-14 23:16:36.678314 November: Yes
2024-10-14 23:16:36.679277 Romeo: Yes
ChatterBot November reevaluating
ChatterBot Romeo reevaluating
ChatterBot Yankee reevaluating
ChatterBot Romeo reevaluating
ChatterBot Yankee reevaluating
ChatterBot November reevaluating
2024-10-14 23:16:36.726953 Romeo: We should add Foxtrot
ChatterBot Yankee reevaluating
ChatterBot November reevaluating
2024-10-14 23:16:36.735945 Yankee: Yes
2024-10-14 23:16:36.736073 November: Yes
ChatterBot Romeo reevaluating
ChatterBot November reevaluating
ChatterBot Romeo reevaluating
ChatterBot Yankee reevaluating
2024-10-14 23:16:36.773929 Yankee: We should drop Echo
2024-10-14 23:16:36.785214 Foxtrot: Yes
2024-10-14 23:16:36.785374 November: Yes
2024-10-14 23:16:36.785506 Romeo: Yes
ChatterBot Yankee reevaluating
ChatterBot Yankee reevaluating
ChatterBot Yankee reevaluating
2024-10-14 23:16:36.818133 Romeo: Foxtrot we want you to join our group
2024-10-14 23:16:36.821662 Foxtrot: Yes
ChatterBot Yankee reevaluating
2024-10-14 23:16:36.837893 Charlie: Whiskey, Hotel and Victor, sending you 3
2024-10-14 23:16:36.839152 Alpha: Whiskey, Hotel and Victor, sending you 4
2024-10-14 23:16:36.840316 Foxtrot: Yankee, sending you 9
2024-10-14 23:16:36.840688 Hotel: Whiskey and Victor, sending you 5
2024-10-14 23:16:36.841734 Whiskey: Charlie, Hotel and Alpha, sending you 3
2024-10-14 23:16:36.843081 Echo: Whiskey, Charlie and Victor, sending you 4
2024-10-14 23:16:36.843732 Charlie: Echo, sending you 2
2024-10-14 23:16:36.844763 Alpha: Charlie, sending you 6
2024-10-14 23:16:36.845223 Foxtrot: November, sending you 7
2024-10-14 23:16:36.846079 Whiskey: Echo, sending you 2
2024-10-14 23:16:36.849189 Hotel: Charlie and Alpha, sending you 4
2024-10-14 23:16:36.850103 Victor: Whiskey, Charlie and Alpha, sending you 3
2024-10-14 23:16:36.850670 Alpha: Echo, sending you 1
2024-10-14 23:16:36.851720 Echo: Hotel, sending you 1
2024-10-14 23:16:36.852186 Charlie: Alpha, sending you 5
2024-10-14 23:16:36.853334 Foxtrot: Romeo, sending you 1
2024-10-14 23:16:36.853725 Romeo: Yankee and November, sending you 6
2024-10-14 23:16:36.854550 Whiskey: Victor, sending you 5
2024-10-14 23:16:36.890336 Victor: Echo, sending you 2
2024-10-14 23:16:36.890868 Echo: Alpha, sending you 3
2024-10-14 23:16:36.891325 Romeo: Foxtrot, sending you 5
2024-10-14 23:16:36.959178 Victor: Hotel, sending you 4
2024-10-14 23:16:36.959763 November: Yankee, sending you 5
2024-10-14 23:16:36.960472 Yankee: November, sending you 5
2024-10-14 23:16:36.994037 Yankee: Foxtrot, sending you 2
2024-10-14 23:16:36.994366 November: Foxtrot, sending you 3
2024-10-14 23:16:37.018703 Yankee: Romeo, sending you 10
2024-10-14 23:16:37.019773 November: Romeo, sending you 9
chatterbot Echo submitting transactions
chatterbot Romeo submitting transactions
chatterbot November submitting transactions
chatterbot Yankee submitting transactions
chatterbot Hotel submitting transactions
chatterbot Victor submitting transactions
chatterbot Whiskey submitting transactions
chatterbot Charlie submitting transactions
chatterbot Foxtrot submitting transactions
chatterbot Alpha submitting transactions
ChatterBot Whiskey round 5
ChatterBot Charlie round 5
ChatterBot Echo round 5
ChatterBot Hotel round 5
ChatterBot Alpha round 5
ChatterBot Yankee round 5
ChatterBot November round 5
ChatterBot Foxtrot round 5
2024-10-14 23:16:37.938081 November: We should add Echo
ChatterBot Foxtrot reevaluating
ChatterBot Yankee reevaluating
2024-10-14 23:16:37.948676 Foxtrot: No
2024-10-14 23:16:37.948855 Yankee: No
2024-10-14 23:16:37.949029 Romeo: No
ChatterBot Yankee reevaluating
ChatterBot Foxtrot reevaluating
ChatterBot Foxtrot reevaluating
ChatterBot Yankee reevaluating
ChatterBot Romeo round 5
ChatterBot Victor round 5
2024-10-14 23:16:37.983024 Hotel: We should add Echo
2024-10-14 23:16:37.992328 Whiskey: Yes
2024-10-14 23:16:37.992476 Charlie: Yes
2024-10-14 23:16:37.992601 Alpha: Yes
2024-10-14 23:16:37.993273 Victor: Yes
2024-10-14 23:16:38.030167 November: Echo we want you to join our group
2024-10-14 23:16:38.032629 Echo: No
ChatterBot Yankee reevaluating
ChatterBot Romeo reevaluating
ChatterBot Foxtrot reevaluating
2024-10-14 23:16:38.049114 Hotel: Echo we want you to join our group
2024-10-14 23:16:38.052068 Echo: Yes
2024-10-14 23:16:38.064774 Echo: Whiskey and Victor, sending you 4
2024-10-14 23:16:38.067655 Whiskey: Charlie, Echo, Alpha and Victor, sending you 3
2024-10-14 23:16:38.069664 Charlie: Whiskey, Echo, Hotel and Victor, sending you 3
2024-10-14 23:16:38.070061 Echo: Charlie, sending you 5
2024-10-14 23:16:38.071673 Alpha: Whiskey, Hotel and Victor, sending you 4
2024-10-14 23:16:38.073102 Whiskey: Hotel, sending you 4
2024-10-14 23:16:38.074094 Echo: Hotel, sending you 1
2024-10-14 23:16:38.075083 Charlie: Alpha, sending you 4
2024-10-14 23:16:38.077144 Alpha: Charlie, sending you 5
2024-10-14 23:16:38.078035 Victor: Sending you each 3
2024-10-14 23:16:38.079683 Echo: Alpha, sending you 3
2024-10-14 23:16:38.080511 Hotel: Whiskey, Charlie, Alpha and Victor, sending you 4
2024-10-14 23:16:38.081864 Romeo: Yankee and November, sending you 6
2024-10-14 23:16:38.082355 Alpha: Echo, sending you 2
2024-10-14 23:16:38.083681 Foxtrot: Yankee, sending you 5
2024-10-14 23:16:38.085674 Romeo: Foxtrot, sending you 5
2024-10-14 23:16:38.086662 Hotel: Echo, sending you 2
2024-10-14 23:16:38.087411 Foxtrot: November and Romeo, sending you 6
2024-10-14 23:16:38.088199 November: Yankee and Foxtrot, sending you 5
2024-10-14 23:16:38.088601 Yankee: November and Foxtrot, sending you 5
2024-10-14 23:16:38.091700 November: Romeo, sending you 7
2024-10-14 23:16:38.092233 Yankee: Romeo, sending you 7
chatterbot November submitting transactions
chatterbot Alpha submitting transactions
chatterbot Romeo submitting transactions
chatterbot Foxtrot submitting transactions
chatterbot Charlie submitting transactions
chatterbot Echo submitting transactions
chatterbot Whiskey submitting transactions
chatterbot Yankee submitting transactions
chatterbot Victor submitting transactions
chatterbot Hotel submitting transactions
ChatterBot Whiskey round 6
ChatterBot Charlie round 6
ChatterBot Echo round 6
ChatterBot Hotel round 6
ChatterBot Alpha round 6
ChatterBot Yankee round 6
ChatterBot November round 6
ChatterBot Foxtrot round 6
ChatterBot Romeo round 6
ChatterBot Victor round 6
2024-10-14 23:16:39.321670 November: We should drop Echo
2024-10-14 23:16:39.330442 Foxtrot: Yes
2024-10-14 23:16:39.330626 Yankee: Yes
2024-10-14 23:16:39.330758 Romeo: Yes
ChatterBot November reevaluating
ChatterBot November reevaluating
ChatterBot November reevaluating
2024-10-14 23:16:39.360040 Charlie: Whiskey, Echo, Hotel and Victor, sending you 3
2024-10-14 23:16:39.361171 Hotel: Whiskey, Charlie, Alpha and Victor, sending you 4
2024-10-14 23:16:39.361699 Yankee: November and Foxtrot, sending you 5
2024-10-14 23:16:39.362492 Echo: Whiskey, Charlie and Victor, sending you 4
2024-10-14 23:16:39.363037 Whiskey: Charlie, Echo, Alpha and Victor, sending you 3
2024-10-14 23:16:39.363695 Charlie: Alpha, sending you 4
2024-10-14 23:16:39.365689 Hotel: Echo, sending you 2
2024-10-14 23:16:39.366270 Yankee: Romeo, sending you 7
2024-10-14 23:16:39.367075 Whiskey: Hotel, sending you 4
2024-10-14 23:16:39.367676 Echo: Hotel, sending you 2
2024-10-14 23:16:39.368261 Alpha: Whiskey, Hotel and Victor, sending you 4
2024-10-14 23:16:39.369670 Romeo: Yankee and November, sending you 6
2024-10-14 23:16:39.370676 Foxtrot: Yankee, sending you 5
2024-10-14 23:16:39.372669 Echo: Alpha, sending you 3
2024-10-14 23:16:39.373235 Alpha: Charlie, sending you 5
2024-10-14 23:16:39.374281 Romeo: Foxtrot, sending you 5
2024-10-14 23:16:39.374593 Foxtrot: November and Romeo, sending you 6
2024-10-14 23:16:39.376663 Victor: Same as last round
2024-10-14 23:16:39.377698 Alpha: Echo, sending you 2
2024-10-14 23:16:39.388677 November: Yankee and Foxtrot, sending you 5
2024-10-14 23:16:39.392660 November: Romeo, sending you 7
chatterbot Whiskey submitting transactions
chatterbot Victor submitting transactions
chatterbot Foxtrot submitting transactions
chatterbot Charlie submitting transactions
chatterbot Romeo submitting transactions
chatterbot Hotel submitting transactions
chatterbot Echo submitting transactions
chatterbot Alpha submitting transactions
chatterbot November submitting transactions
chatterbot Yankee submitting transactions
ChatterBot Whiskey round 7
ChatterBot Charlie round 7
ChatterBot Echo round 7
ChatterBot Hotel round 7
ChatterBot Alpha round 7
ChatterBot Yankee round 7
ChatterBot November round 7
ChatterBot Foxtrot round 7
ChatterBot Romeo round 7
ChatterBot Victor round 7
2024-10-14 23:16:40.551841 November: We should drop Echo
2024-10-14 23:16:40.561644 Foxtrot: Yes
2024-10-14 23:16:40.561986 Yankee: Yes
2024-10-14 23:16:40.562176 Romeo: Yes
ChatterBot November reevaluating
ChatterBot November reevaluating
ChatterBot November reevaluating
2024-10-14 23:16:40.590674 Whiskey: Charlie, Echo, Alpha and Victor, sending you 3
2024-10-14 23:16:40.592196 Yankee: November and Foxtrot, sending you 5
2024-10-14 23:16:40.592578 Charlie: Whiskey, Echo, Hotel and Victor, sending you 3
2024-10-14 23:16:40.593746 Echo: Whiskey, Charlie and Victor, sending you 4
2024-10-14 23:16:40.594340 Foxtrot: Yankee, sending you 5
2024-10-14 23:16:40.594730 Alpha: Whiskey, Hotel and Victor, sending you 4
2024-10-14 23:16:40.595905 Hotel: Whiskey, Charlie, Alpha and Victor, sending you 4
2024-10-14 23:16:40.596439 Yankee: Romeo, sending you 7
2024-10-14 23:16:40.596773 Whiskey: Hotel, sending you 4
2024-10-14 23:16:40.598320 Echo: Hotel, sending you 2
2024-10-14 23:16:40.598946 Charlie: Alpha, sending you 4
2024-10-14 23:16:40.600231 Foxtrot: November and Romeo, sending you 6
2024-10-14 23:16:40.600756 Alpha: Charlie, sending you 5
2024-10-14 23:16:40.602275 Hotel: Echo, sending you 2
2024-10-14 23:16:40.603448 Echo: Alpha, sending you 3
2024-10-14 23:16:40.605683 Alpha: Echo, sending you 2
2024-10-14 23:16:40.607182 Romeo: Yankee and November, sending you 6
2024-10-14 23:16:40.607781 Victor: Same as last round
2024-10-14 23:16:40.609220 November: Yankee and Foxtrot, sending you 5
2024-10-14 23:16:40.611699 Romeo: Foxtrot, sending you 5
2024-10-14 23:16:40.613568 November: Romeo, sending you 7
chatterbot Charlie submitting transactions
chatterbot Yankee submitting transactions
chatterbot Hotel submitting transactions
chatterbot Romeo submitting transactions
chatterbot Foxtrot submitting transactions
chatterbot Victor submitting transactions
chatterbot Alpha submitting transactions
chatterbot Whiskey submitting transactions
chatterbot Echo submitting transactions
chatterbot November submitting transactions
ChatterBot Whiskey round 8
ChatterBot Charlie round 8
ChatterBot Echo round 8
ChatterBot Hotel round 8
ChatterBot Alpha round 8
ChatterBot Yankee round 8
ChatterBot November round 8
ChatterBot Foxtrot round 8
ChatterBot Romeo round 8
ChatterBot Victor round 8
2024-10-14 23:16:41.895204 November: We should drop Echo
2024-10-14 23:16:41.907594 Foxtrot: Yes
2024-10-14 23:16:41.908054 Yankee: Yes
2024-10-14 23:16:41.908405 Romeo: Yes
2024-10-14 23:16:41.946757 Whiskey: Charlie, Echo, Hotel and Victor, sending you 3
2024-10-14 23:16:41.947826 Romeo: Yankee and November, sending you 6
2024-10-14 23:16:41.948933 Echo: Whiskey, Charlie and Victor, sending you 4
2024-10-14 23:16:41.949835 Charlie: Whiskey, Echo, Hotel and Victor, sending you 3
2024-10-14 23:16:41.951430 Whiskey: Alpha, sending you 4
2024-10-14 23:16:41.953694 Romeo: Foxtrot, sending you 5
2024-10-14 23:16:41.954516 Echo: Hotel, sending you 2
2024-10-14 23:16:41.956312 Charlie: Alpha, sending you 4
2024-10-14 23:16:41.959665 Echo: Alpha, sending you 3
2024-10-14 23:16:41.960621 Yankee: November and Foxtrot, sending you 5
2024-10-14 23:16:41.962687 Alpha: Whiskey, Hotel and Victor, sending you 4
2024-10-14 23:16:41.964687 Yankee: Romeo, sending you 7
2024-10-14 23:16:41.967162 Alpha: Charlie, sending you 5
2024-10-14 23:16:41.968092 Victor: Same as last round
2024-10-14 23:16:41.969230 November: Yankee and Foxtrot, sending you 5
2024-10-14 23:16:41.970430 Hotel: Whiskey, Charlie, Alpha and Victor, sending you 4
2024-10-14 23:16:41.971628 Foxtrot: Yankee, sending you 5
2024-10-14 23:16:41.972850 Alpha: Echo, sending you 2
2024-10-14 23:16:41.974672 November: Romeo, sending you 7
2024-10-14 23:16:41.975563 Hotel: Echo, sending you 2
2024-10-14 23:16:41.977670 Foxtrot: November and Romeo, sending you 6
chatterbot Charlie submitting transactions
chatterbot Victor submitting transactions
chatterbot Foxtrot submitting transactions
chatterbot Yankee submitting transactions
chatterbot Alpha submitting transactions
chatterbot Hotel submitting transactions
chatterbot Whiskey submitting transactions
chatterbot November submitting transactions
chatterbot Echo submitting transactions
chatterbot Romeo submitting transactions
ChatterBot Whiskey round 9
ChatterBot Charlie round 9
ChatterBot Echo round 9
ChatterBot Hotel round 9
ChatterBot Alpha round 9
ChatterBot Yankee round 9
ChatterBot November round 9
ChatterBot Foxtrot round 9
ChatterBot Romeo round 9
ChatterBot Victor round 9
2024-10-14 23:16:43.044683 Echo: Whiskey, Charlie and Victor, sending you 4
2024-10-14 23:16:43.045683 Victor: Same as last round
2024-10-14 23:16:43.046361 Charlie: Whiskey, Echo, Hotel and Victor, sending you 3
2024-10-14 23:16:43.047649 Whiskey: Charlie, Echo, Hotel and Victor, sending you 3
2024-10-14 23:16:43.048748 Echo: Hotel, sending you 2
2024-10-14 23:16:43.049688 Foxtrot: Yankee, sending you 5
2024-10-14 23:16:43.050674 Charlie: Alpha, sending you 4
2024-10-14 23:16:43.051580 Alpha: Whiskey, Hotel and Victor, sending you 4
2024-10-14 23:16:43.052959 Echo: Alpha, sending you 3
2024-10-14 23:16:43.053994 Romeo: Yankee and November, sending you 6
2024-10-14 23:16:43.054540 Foxtrot: November and Romeo, sending you 6
2024-10-14 23:16:43.055071 Whiskey: Alpha, sending you 4
2024-10-14 23:16:43.055955 Yankee: November and Foxtrot, sending you 5
2024-10-14 23:16:43.057093 Alpha: Charlie, sending you 5
2024-10-14 23:16:43.057715 Hotel: Whiskey, Charlie, Alpha and Victor, sending you 4
2024-10-14 23:16:43.058312 Romeo: Foxtrot, sending you 5
2024-10-14 23:16:43.059667 November: Yankee and Foxtrot, sending you 5
2024-10-14 23:16:43.060693 Yankee: Romeo, sending you 7
2024-10-14 23:16:43.061831 Alpha: Echo, sending you 2
2024-10-14 23:16:43.063276 Hotel: Echo, sending you 2
2024-10-14 23:16:43.064304 November: Romeo, sending you 7
chatterbot Yankee submitting transactions
chatterbot Romeo submitting transactions
chatterbot Victor submitting transactions
chatterbot Alpha submitting transactions
chatterbot Hotel submitting transactions
chatterbot Whiskey submitting transactions
chatterbot November submitting transactions
chatterbot Foxtrot submitting transactions
chatterbot Charlie submitting transactions
chatterbot Echo submitting transactions
ChatterBot Whiskey round 10
ChatterBot Charlie round 10
ChatterBot Echo round 10
ChatterBot Hotel round 10
ChatterBot Alpha round 10
ChatterBot Yankee round 10
ChatterBot November round 10
ChatterBot Foxtrot round 10
ChatterBot Romeo round 10
ChatterBot Victor round 10
2024-10-14 23:16:44.311696 November: We should add Echo
2024-10-14 23:16:44.321669 Foxtrot: No
2024-10-14 23:16:44.321916 Yankee: No
2024-10-14 23:16:44.322620 Romeo: No
ChatterBot November reevaluating
ChatterBot November reevaluating
2024-10-14 23:16:44.363698 Whiskey: Charlie, Echo, Hotel and Victor, sending you 3
2024-10-14 23:16:44.369672 Whiskey: Alpha, sending you 4
2024-10-14 23:16:44.373656 Yankee: November and Foxtrot, sending you 5
2024-10-14 23:16:44.376686 Yankee: Romeo, sending you 7
2024-10-14 23:16:44.378167 Foxtrot: Yankee, sending you 5
2024-10-14 23:16:44.378632 Alpha: Whiskey, Hotel and Victor, sending you 4
2024-10-14 23:16:44.379354 Victor: Same as last round
2024-10-14 23:16:44.380003 November: Yankee and Foxtrot, sending you 5
2024-10-14 23:16:44.380965 Charlie: Whiskey, Echo, Hotel and Victor, sending you 3
2024-10-14 23:16:44.381653 Echo: Whiskey, Charlie and Victor, sending you 4
2024-10-14 23:16:44.382300 Foxtrot: November and Romeo, sending you 6
2024-10-14 23:16:44.383306 Romeo: Yankee and November, sending you 6
2024-10-14 23:16:44.384384 Alpha: Charlie, sending you 5
2024-10-14 23:16:44.386511 Hotel: Whiskey, Charlie, Alpha and Victor, sending you 4
2024-10-14 23:16:44.387951 Charlie: Alpha, sending you 4
2024-10-14 23:16:44.389992 November: Romeo, sending you 7
2024-10-14 23:16:44.391028 Echo: Hotel, sending you 2
2024-10-14 23:16:44.392409 Romeo: Foxtrot, sending you 5
2024-10-14 23:16:44.392924 Alpha: Echo, sending you 2
2024-10-14 23:16:44.393750 Hotel: Echo, sending you 2
2024-10-14 23:16:44.395335 Echo: Alpha, sending you 3
chatterbot Echo submitting transactions
chatterbot Romeo submitting transactions
chatterbot Victor submitting transactions
chatterbot Alpha submitting transactions
chatterbot Yankee submitting transactions
chatterbot November submitting transactions
chatterbot Charlie submitting transactions
chatterbot Whiskey submitting transactions
chatterbot Hotel submitting transactions
chatterbot Foxtrot submitting transactions
ChatterBot Whiskey round 11
ChatterBot Charlie round 11
ChatterBot Echo round 11
ChatterBot Hotel round 11
ChatterBot Alpha round 11
ChatterBot Yankee round 11
ChatterBot November round 11
ChatterBot Foxtrot round 11
ChatterBot Romeo round 11
ChatterBot Victor round 11
2024-10-14 23:16:45.644776 November: We should add Hotel
2024-10-14 23:16:45.651270 Foxtrot: No
2024-10-14 23:16:45.651996 Yankee: No
2024-10-14 23:16:45.652324 Romeo: No
ChatterBot November reevaluating
ChatterBot November reevaluating
ChatterBot November reevaluating
2024-10-14 23:16:45.701125 Charlie: Whiskey, Echo, Hotel and Victor, sending you 3
2024-10-14 23:16:45.705868 Whiskey: Charlie, Echo, Hotel and Victor, sending you 3
2024-10-14 23:16:45.708441 Charlie: Alpha, sending you 4
2024-10-14 23:16:45.709806 Victor: Same as last round
2024-10-14 23:16:45.712174 Alpha: Whiskey, Hotel and Victor, sending you 4
2024-10-14 23:16:45.714558 Hotel: Whiskey, Charlie, Alpha and Victor, sending you 4
2024-10-14 23:16:45.716732 Whiskey: Alpha, sending you 4
2024-10-14 23:16:45.718410 Foxtrot: Yankee, sending you 5
2024-10-14 23:16:45.719781 Yankee: November and Foxtrot, sending you 5
2024-10-14 23:16:45.720864 Echo: Whiskey, Charlie and Victor, sending you 4
2024-10-14 23:16:45.723380 Romeo: Yankee and November, sending you 6
2024-10-14 23:16:45.725423 Alpha: Charlie, sending you 5
2024-10-14 23:16:45.728433 Hotel: Echo, sending you 2
2024-10-14 23:16:45.730496 November: Yankee and Foxtrot, sending you 5
2024-10-14 23:16:45.732026 Foxtrot: November and Romeo, sending you 6
2024-10-14 23:16:45.733147 Yankee: Romeo, sending you 7
2024-10-14 23:16:45.734775 Echo: Hotel, sending you 2
2024-10-14 23:16:45.736819 Romeo: Foxtrot, sending you 5
2024-10-14 23:16:45.738404 Alpha: Echo, sending you 2
2024-10-14 23:16:45.740333 November: Romeo, sending you 7
2024-10-14 23:16:45.751242 Echo: Alpha, sending you 3
chatterbot Romeo submitting transactions
chatterbot Yankee submitting transactions
chatterbot Whiskey submitting transactions
chatterbot November submitting transactions
chatterbot Echo submitting transactions
chatterbot Hotel submitting transactions
chatterbot Foxtrot submitting transactions
chatterbot Charlie submitting transactions
chatterbot Alpha submitting transactions
chatterbot Victor submitting transactions
ChatterBot Whiskey round 12
ChatterBot Charlie round 12
ChatterBot Echo round 12
ChatterBot Hotel round 12
ChatterBot Alpha round 12
ChatterBot Yankee round 12
ChatterBot November round 12
ChatterBot Foxtrot round 12
ChatterBot Romeo round 12
ChatterBot Victor round 12
2024-10-14 23:16:46.987918 Echo: Whiskey, Charlie and Victor, sending you 4
2024-10-14 23:16:46.990639 Whiskey: Charlie, Echo, Hotel and Victor, sending you 3
2024-10-14 23:16:46.994063 Echo: Hotel, sending you 2
2024-10-14 23:16:46.996339 Alpha: Whiskey, Hotel and Victor, sending you 4
2024-10-14 23:16:46.998500 Hotel: Whiskey, Charlie, Alpha and Victor, sending you 4
2024-10-14 23:16:46.999810 Whiskey: Alpha, sending you 4
2024-10-14 23:16:47.002031 Echo: Alpha, sending you 3
2024-10-14 23:16:47.004695 Alpha: Charlie, sending you 5
2024-10-14 23:16:47.007047 Hotel: Echo, sending you 2
2024-10-14 23:16:47.009155 Romeo: Yankee and November, sending you 6
2024-10-14 23:16:47.010782 Foxtrot: Yankee, sending you 5
2024-10-14 23:16:47.012080 Yankee: November and Foxtrot, sending you 5
2024-10-14 23:16:47.013965 Charlie: Whiskey, Echo, Hotel and Victor, sending you 3
2024-10-14 23:16:47.016338 Alpha: Echo, sending you 2
2024-10-14 23:16:47.018950 Romeo: Foxtrot, sending you 5
2024-10-14 23:16:47.020511 November: Yankee, sending you 5
2024-10-14 23:16:47.021340 Victor: Same as last round
2024-10-14 23:16:47.023411 Foxtrot: November and Romeo, sending you 6
2024-10-14 23:16:47.024850 Yankee: Romeo, sending you 7
2024-10-14 23:16:47.025997 Charlie: Alpha, sending you 4
2024-10-14 23:16:47.028733 November: Foxtrot and Romeo, sending you 6
chatterbot November submitting transactions
chatterbot Yankee submitting transactions
chatterbot Alpha submitting transactions
chatterbot Whiskey submitting transactions
chatterbot Echo submitting transactions
chatterbot Charlie submitting transactions
chatterbot Victor submitting transactions
chatterbot Foxtrot submitting transactions
chatterbot Romeo submitting transactions
chatterbot Hotel submitting transactions
ChatterBot Whiskey round 13
ChatterBot Charlie round 13
ChatterBot Echo round 13
ChatterBot Hotel round 13
ChatterBot Alpha round 13
ChatterBot Yankee round 13
ChatterBot November round 13
ChatterBot Foxtrot round 13
ChatterBot Romeo round 13
ChatterBot Victor round 13
2024-10-14 23:16:48.074843 November: We should add Echo
2024-10-14 23:16:48.081671 Foxtrot: No
2024-10-14 23:16:48.081923 Yankee: No
2024-10-14 23:16:48.082539 Romeo: No
ChatterBot November reevaluating
ChatterBot November reevaluating
ChatterBot November reevaluating
2024-10-14 23:16:48.122358 Whiskey: Charlie, Echo, Hotel and Victor, sending you 3
2024-10-14 23:16:48.127683 Whiskey: Alpha, sending you 4
2024-10-14 23:16:48.129731 Yankee: November and Foxtrot, sending you 5
2024-10-14 23:16:48.130499 Foxtrot: Yankee, sending you 5
2024-10-14 23:16:48.131872 Echo: Whiskey, Charlie and Victor, sending you 4
2024-10-14 23:16:48.133338 Alpha: Whiskey, Hotel and Victor, sending you 4
2024-10-14 23:16:48.135232 Charlie: Whiskey, Echo, Hotel and Victor, sending you 3
2024-10-14 23:16:48.136490 Yankee: Romeo, sending you 7
2024-10-14 23:16:48.137591 Foxtrot: November and Romeo, sending you 6
2024-10-14 23:16:48.138307 Echo: Hotel, sending you 2
2024-10-14 23:16:48.139100 Alpha: Charlie, sending you 5
2024-10-14 23:16:48.140270 Romeo: Yankee and November, sending you 6
2024-10-14 23:16:48.140743 Charlie: Alpha, sending you 4
2024-10-14 23:16:48.141504 Hotel: Whiskey, Charlie, Alpha and Victor, sending you 4
2024-10-14 23:16:48.142867 Victor: Same as last round
2024-10-14 23:16:48.144044 Echo: Alpha, sending you 3
2024-10-14 23:16:48.145557 Alpha: Echo, sending you 2
2024-10-14 23:16:48.146748 Romeo: Foxtrot, sending you 5
2024-10-14 23:16:48.147233 November: Yankee, sending you 5
2024-10-14 23:16:48.148240 Hotel: Echo, sending you 2
2024-10-14 23:16:48.152666 November: Foxtrot and Romeo, sending you 6
chatterbot Echo submitting transactions
chatterbot Yankee submitting transactions
chatterbot Romeo submitting transactions
chatterbot Whiskey submitting transactions
chatterbot Charlie submitting transactions
chatterbot Foxtrot submitting transactions
chatterbot Alpha submitting transactions
chatterbot Hotel submitting transactions
chatterbot Victor submitting transactions
chatterbot November submitting transactions
ChatterBot Whiskey round 14
ChatterBot Charlie round 14
ChatterBot Echo round 14
ChatterBot Hotel round 14
ChatterBot Alpha round 14
ChatterBot Yankee round 14
ChatterBot November round 14
ChatterBot Foxtrot round 14
ChatterBot Romeo round 14
ChatterBot Victor round 14
2024-10-14 23:16:49.402668 Alpha: Whiskey, Hotel and Victor, sending you 4
2024-10-14 23:16:49.404676 Charlie: Whiskey, Echo, Hotel and Victor, sending you 3
2024-10-14 23:16:49.407678 Alpha: Charlie, sending you 5
2024-10-14 23:16:49.409577 Charlie: Alpha, sending you 4
2024-10-14 23:16:49.411132 Yankee: November and Foxtrot, sending you 5
2024-10-14 23:16:49.412429 November: Yankee, sending you 5
2024-10-14 23:16:49.413705 Alpha: Echo, sending you 2
2024-10-14 23:16:49.415910 Whiskey: Charlie, Echo, Hotel and Victor, sending you 3
2024-10-14 23:16:49.418457 Echo: Whiskey, Charlie and Victor, sending you 4
2024-10-14 23:16:49.421305 Yankee: Romeo, sending you 7
2024-10-14 23:16:49.422259 November: Foxtrot and Romeo, sending you 6
2024-10-14 23:16:49.423776 Hotel: Whiskey, Charlie, Alpha and Victor, sending you 4
