ChatterBot Sierra round 1
ChatterBot X-ray round 1
ChatterBot Zulu round 1
ChatterBot India round 1
ChatterBot Yankee round 1
ChatterBot Kilo round 1
ChatterBot Oscar round 1
ChatterBot Hotel round 1
ChatterBot November round 1
ChatterBot Tango round 1
randomSelections Sierra: {Sierra, Hotel, Yankee, November, Kilo} 
2024-10-14 17:30:29.490563 Sierra: Can we be friends?
ChatterBot Hotel reevaluating
ChatterBot Yankee reevaluating
ChatterBot November reevaluating
ChatterBot Kilo reevaluating
2024-10-14 17:30:29.500897 Hotel: Yes
2024-10-14 17:30:29.501152 Yankee: Yes
2024-10-14 17:30:29.502160 November: Yes
2024-10-14 17:30:29.502480 Kilo: Yes
ChatterBot Yankee reevaluating
ChatterBot November reevaluating
ChatterBot Kilo reevaluating
ChatterBot Hotel reevaluating
ChatterBot November reevaluating
ChatterBot Kilo reevaluating
ChatterBot Hotel reevaluating
ChatterBot Yankee reevaluating
ChatterBot Kilo reevaluating
ChatterBot Hotel reevaluating
ChatterBot Yankee reevaluating
ChatterBot November reevaluating
randomSelections X-ray: {X-ray, Hotel, November, Kilo, Sierra, Tango, Oscar} 
2024-10-14 17:30:29.549273 X-ray: Group up?
ChatterBot Hotel reevaluating
ChatterBot November reevaluating
ChatterBot Kilo reevaluating
ChatterBot Tango reevaluating
ChatterBot Oscar reevaluating
2024-10-14 17:30:29.566351 Hotel: No
2024-10-14 17:30:29.566623 November: No
2024-10-14 17:30:29.566858 Kilo: No
2024-10-14 17:30:29.567157 Sierra: No
2024-10-14 17:30:29.568248 Tango: Yes
2024-10-14 17:30:29.568429 Oscar: Yes
ChatterBot November reevaluating
ChatterBot Kilo reevaluating
ChatterBot Tango reevaluating
ChatterBot Oscar reevaluating
ChatterBot Hotel reevaluating
ChatterBot Kilo reevaluating
ChatterBot Tango reevaluating
ChatterBot Oscar reevaluating
ChatterBot Hotel reevaluating
ChatterBot November reevaluating
ChatterBot Tango reevaluating
ChatterBot Oscar reevaluating
ChatterBot Hotel reevaluating
ChatterBot November reevaluating
ChatterBot Kilo reevaluating
ChatterBot Tango reevaluating
ChatterBot Oscar reevaluating
ChatterBot Hotel reevaluating
ChatterBot November reevaluating
ChatterBot Kilo reevaluating
ChatterBot Oscar reevaluating
ChatterBot Hotel reevaluating
ChatterBot November reevaluating
ChatterBot Kilo reevaluating
ChatterBot Tango reevaluating
randomSelections India: {India, Yankee, Kilo, Hotel, Oscar} 
2024-10-14 17:30:29.628610 India: Group up?
ChatterBot Yankee reevaluating
ChatterBot Kilo reevaluating
ChatterBot Hotel reevaluating
ChatterBot Oscar reevaluating
2024-10-14 17:30:29.635762 Yankee: No
2024-10-14 17:30:29.635916 Kilo: No
2024-10-14 17:30:29.636058 Hotel: No
2024-10-14 17:30:29.636707 Oscar: No
ChatterBot Kilo reevaluating
ChatterBot Hotel reevaluating
ChatterBot Oscar reevaluating
ChatterBot Yankee reevaluating
ChatterBot Hotel reevaluating
ChatterBot Oscar reevaluating
ChatterBot Yankee reevaluating
ChatterBot Kilo reevaluating
ChatterBot Oscar reevaluating
ChatterBot Yankee reevaluating
ChatterBot Kilo reevaluating
ChatterBot Hotel reevaluating
randomSelections Zulu: {Zulu, Tango, Oscar, Sierra, X-ray, India, November} 
2024-10-14 17:30:29.676293 Zulu: We should group up
ChatterBot Tango reevaluating
ChatterBot Oscar reevaluating
ChatterBot November reevaluating
2024-10-14 17:30:29.690381 Tango: No
2024-10-14 17:30:29.690549 Oscar: No
2024-10-14 17:30:29.690728 Sierra: No
2024-10-14 17:30:29.690876 X-ray: No
2024-10-14 17:30:29.691648 India: No
2024-10-14 17:30:29.691812 November: No
ChatterBot Oscar reevaluating
ChatterBot November reevaluating
ChatterBot Tango reevaluating
ChatterBot November reevaluating
ChatterBot Tango reevaluating
ChatterBot Oscar reevaluating
ChatterBot November reevaluating
ChatterBot Tango reevaluating
ChatterBot Oscar reevaluating
ChatterBot November reevaluating
ChatterBot Tango reevaluating
ChatterBot Oscar reevaluating
ChatterBot November reevaluating
ChatterBot Tango reevaluating
ChatterBot Oscar reevaluating
2024-10-14 17:30:29.798029 Kilo: Sierra, sending you 4
2024-10-14 17:30:29.798384 India: Yankee, sending you 4
2024-10-14 17:30:29.798744 Zulu: Sierra, Oscar and November, sending you 3
2024-10-14 17:30:29.801991 Yankee: Sierra and November, sending you 1
2024-10-14 17:30:29.802712 Kilo: Yankee and Hotel, sending you 3
2024-10-14 17:30:29.803086 India: Kilo, sending you 3
2024-10-14 17:30:29.804085 Zulu: X-ray, sending you 4
2024-10-14 17:30:29.805019 Sierra: Yankee, sending you 3
2024-10-14 17:30:29.806183 X-ray: Sierra, sending you 3
2024-10-14 17:30:29.806491 Oscar: Sierra, X-ray and November, sending you 2
2024-10-14 17:30:29.806893 Kilo: November, sending you 1
2024-10-14 17:30:29.807172 India: Oscar and Hotel, sending you 2
2024-10-14 17:30:29.811019 Zulu: India and Tango, sending you 2
2024-10-14 17:30:29.811365 Sierra: Kilo, sending you 4
2024-10-14 17:30:29.812239 X-ray: Oscar, sending you 1
2024-10-14 17:30:29.812624 Hotel: Sierra and Kilo, sending you 6
2024-10-14 17:30:29.812965 Oscar: Kilo, sending you 4
2024-10-14 17:30:29.815020 Tango: Sierra, X-ray and Kilo, sending you 2
2024-10-14 17:30:29.816111 X-ray: Hotel, sending you 4
2024-10-14 17:30:29.816496 November: Kilo and Hotel, sending you 1
2024-10-14 17:30:29.816863 Sierra: Hotel and November, sending you 2
2024-10-14 17:30:29.817177 Hotel: Yankee, sending you 4
2024-10-14 17:30:29.817945 Oscar: Hotel, sending you 1
2024-10-14 17:30:29.821973 Tango: Oscar, sending you 3
2024-10-14 17:30:29.822926 X-ray: November and Tango, sending you 2
2024-10-14 17:30:29.823504 Hotel: November, sending you 1
2024-10-14 17:30:29.832300 Tango: Hotel, sending you 4
chatterbot X-ray submitting transactions
chatterbot Hotel submitting transactions
chatterbot November submitting transactions
chatterbot Oscar submitting transactions
chatterbot Sierra submitting transactions
chatterbot Kilo submitting transactions
chatterbot Tango submitting transactions
chatterbot Zulu submitting transactions
chatterbot India submitting transactions
chatterbot Yankee submitting transactions
ChatterBot Sierra round 2
ChatterBot X-ray round 2
ChatterBot Zulu round 2
ChatterBot India round 2
ChatterBot Yankee round 2
2024-10-14 17:30:30.896386 India: Friends?
ChatterBot X-ray reevaluating
ChatterBot Zulu reevaluating
ChatterBot Oscar reevaluating
ChatterBot Tango reevaluating
2024-10-14 17:30:30.952191 X-ray: Yes
2024-10-14 17:30:30.952415 Zulu: Yes
2024-10-14 17:30:30.953027 Oscar: No
2024-10-14 17:30:30.953203 Tango: No
ChatterBot Zulu reevaluating
ChatterBot Oscar reevaluating
ChatterBot Tango reevaluating
ChatterBot X-ray reevaluating
ChatterBot Oscar reevaluating
ChatterBot Tango reevaluating
ChatterBot X-ray reevaluating
ChatterBot Zulu reevaluating
ChatterBot Tango reevaluating
ChatterBot X-ray reevaluating
ChatterBot Zulu reevaluating
ChatterBot Oscar reevaluating
2024-10-14 17:30:31.109719 Yankee: We should replace November with India
ChatterBot Sierra reevaluating
ChatterBot Kilo reevaluating
ChatterBot Hotel reevaluating
2024-10-14 17:30:31.136671 Sierra: No
2024-10-14 17:30:31.136840 Kilo: Yes
2024-10-14 17:30:31.136971 Hotel: No
ChatterBot Kilo reevaluating
ChatterBot Hotel reevaluating
ChatterBot Sierra reevaluating
ChatterBot Hotel reevaluating
ChatterBot Sierra reevaluating
ChatterBot Kilo reevaluating
2024-10-14 17:30:31.203491 Kilo: Group up?
ChatterBot Oscar reevaluating
2024-10-14 17:30:31.221418 Oscar: No
ChatterBot Kilo reevaluating
ChatterBot Kilo round 2
ChatterBot Oscar round 2
ChatterBot Hotel round 2
ChatterBot November round 2
ChatterBot Tango round 2
2024-10-14 17:30:31.263013 Yankee: India we want you to join our group
2024-10-14 17:30:31.267545 India: No
ChatterBot Sierra reevaluating
ChatterBot Kilo reevaluating
ChatterBot Hotel reevaluating
2024-10-14 17:30:31.288912 Hotel: Friends?
2024-10-14 17:30:31.289800 Kilo: We should replace November with India
ChatterBot Sierra reevaluating
ChatterBot Kilo reevaluating
ChatterBot Oscar reevaluating
ChatterBot Tango reevaluating
ChatterBot Hotel reevaluating
2024-10-14 17:30:31.331315 Sierra: No
ChatterBot Sierra reevaluating
2024-10-14 17:30:31.337047 Kilo: No
2024-10-14 17:30:31.337241 X-ray: No
2024-10-14 17:30:31.337850 Zulu: No
2024-10-14 17:30:31.337995 Oscar: Yes
2024-10-14 17:30:31.338136 Tango: No
2024-10-14 17:30:31.338307 Yankee: Yes
2024-10-14 17:30:31.338432 Hotel: No
2024-10-14 17:30:31.338599 Sierra: No
ChatterBot Hotel reevaluating
ChatterBot Kilo reevaluating
ChatterBot Oscar reevaluating
ChatterBot Tango reevaluating
ChatterBot Hotel reevaluating
ChatterBot Sierra reevaluating
ChatterBot Oscar reevaluating
ChatterBot Tango reevaluating
ChatterBot Hotel reevaluating
ChatterBot Sierra reevaluating
ChatterBot Kilo reevaluating
ChatterBot Oscar reevaluating
ChatterBot Tango reevaluating
ChatterBot Hotel reevaluating
ChatterBot Sierra reevaluating
ChatterBot Kilo reevaluating
ChatterBot Oscar reevaluating
ChatterBot Tango reevaluating
ChatterBot Hotel reevaluating
ChatterBot Sierra reevaluating
ChatterBot Kilo reevaluating
ChatterBot Tango reevaluating
ChatterBot Hotel reevaluating
ChatterBot Sierra reevaluating
ChatterBot Kilo reevaluating
ChatterBot Oscar reevaluating
ChatterBot Hotel reevaluating
ChatterBot Sierra reevaluating
ChatterBot Kilo reevaluating
ChatterBot Sierra reevaluating
ChatterBot Kilo reevaluating
ChatterBot Hotel reevaluating
ChatterBot Kilo reevaluating
2024-10-14 17:30:31.700288 November: We should group up
ChatterBot X-ray reevaluating
ChatterBot Oscar reevaluating
ChatterBot Tango reevaluating
2024-10-14 17:30:31.732261 X-ray: Yes
2024-10-14 17:30:31.732510 Zulu: No
2024-10-14 17:30:31.733243 Oscar: No
2024-10-14 17:30:31.733471 Tango: No
ChatterBot Oscar reevaluating
ChatterBot Tango reevaluating
ChatterBot X-ray reevaluating
ChatterBot Oscar reevaluating
ChatterBot Tango reevaluating
ChatterBot X-ray reevaluating
ChatterBot Tango reevaluating
ChatterBot X-ray reevaluating
ChatterBot Oscar reevaluating
2024-10-14 17:30:31.850376 Oscar: We would work well together
ChatterBot X-ray reevaluating
ChatterBot Tango reevaluating
2024-10-14 17:30:31.881464 India: Yes
2024-10-14 17:30:31.881652 X-ray: Yes
2024-10-14 17:30:31.882156 Zulu: Yes
2024-10-14 17:30:31.882306 Tango: Yes
ChatterBot X-ray reevaluating
ChatterBot Oscar reevaluating
ChatterBot Tango reevaluating
ChatterBot Oscar reevaluating
ChatterBot Tango reevaluating
ChatterBot X-ray reevaluating
ChatterBot Oscar reevaluating
ChatterBot Tango reevaluating
ChatterBot X-ray reevaluating
ChatterBot Oscar reevaluating
2024-10-14 17:30:31.990833 Zulu: We should drop Sierra and November
ChatterBot X-ray reevaluating
ChatterBot Oscar reevaluating
ChatterBot Tango reevaluating
2024-10-14 17:30:32.010304 India: Yes
2024-10-14 17:30:32.010786 X-ray: Yes
2024-10-14 17:30:32.010923 Oscar: Yes
2024-10-14 17:30:32.011019 Tango: Yes
ChatterBot X-ray reevaluating
ChatterBot Oscar reevaluating
ChatterBot Tango reevaluating
ChatterBot Oscar reevaluating
ChatterBot Tango reevaluating
ChatterBot X-ray reevaluating
ChatterBot Tango reevaluating
ChatterBot X-ray reevaluating
ChatterBot Oscar reevaluating
2024-10-14 17:30:32.127525 Sierra: We should drop November
2024-10-14 17:30:32.149200 Yankee: Yes
2024-10-14 17:30:32.149805 Kilo: Yes
2024-10-14 17:30:32.149973 Hotel: Yes
chatterbot India submitting transactions
2024-10-14 17:30:32.199919 India: X-ray, Oscar and Tango, sending you 1
2024-10-14 17:30:32.200347 Kilo: India we want you to join our group
2024-10-14 17:30:32.205530 India: No
chatterbot Yankee submitting transactions
2024-10-14 17:30:32.238994 India: Zulu, sending you 5
2024-10-14 17:30:32.399553 Yankee: Sierra, India, Kilo and Hotel, sending you 2
2024-10-14 17:30:32.400868 Zulu: X-ray, sending you 5
2024-10-14 17:30:32.401630 Tango: X-ray and Zulu, sending you 8
2024-10-14 17:30:32.402837 Hotel: Sierra, sending you 2
2024-10-14 17:30:32.403549 X-ray: Zulu, sending you 5
2024-10-14 17:30:32.404811 November: Sending you each 2
chatterbot Sierra submitting transactions
chatterbot November submitting transactions
2024-10-14 17:30:32.406008 Zulu: India, Oscar and Tango, sending you 4
2024-10-14 17:30:32.407060 Tango: Oscar, sending you 1
2024-10-14 17:30:32.407597 Hotel: X-ray and Tango, sending you 5
2024-10-14 17:30:32.408852 X-ray: India, sending you 1
2024-10-14 17:30:32.409457 Sierra: Yankee, sending you 1
2024-10-14 17:30:32.409935 Oscar: X-ray, sending you 1
2024-10-14 17:30:32.411198 Kilo: Sierra and India, sending you 3
chatterbot Zulu submitting transactions
2024-10-14 17:30:32.452909 X-ray: Oscar and Tango, sending you 3
2024-10-14 17:30:32.453896 Hotel: Kilo, sending you 4
2024-10-14 17:30:32.454958 Sierra: Kilo and Hotel, sending you 4
2024-10-14 17:30:32.455605 Oscar: Zulu and Tango, sending you 4
2024-10-14 17:30:32.456975 Kilo: Hotel, sending you 4
2024-10-14 17:30:32.468813 Hotel: Oscar, sending you 1
2024-10-14 17:30:32.469363 Oscar: India, sending you 2
chatterbot Tango submitting transactions
chatterbot Hotel submitting transactions
chatterbot Kilo submitting transactions
chatterbot Oscar submitting transactions
chatterbot X-ray submitting transactions
ChatterBot Sierra round 3
ChatterBot X-ray round 3
ChatterBot Zulu round 3
ChatterBot India round 3
ChatterBot Yankee round 3
ChatterBot Kilo round 3
ChatterBot Oscar round 3
ChatterBot Hotel round 3
ChatterBot November round 3
2024-10-14 17:30:33.369293 X-ray: We should add Hotel
ChatterBot Oscar reevaluating
2024-10-14 17:30:33.390405 India: No
2024-10-14 17:30:33.390596 Zulu: No
2024-10-14 17:30:33.390784 Oscar: No
2024-10-14 17:30:33.390993 Tango: No
ChatterBot Oscar reevaluating
ChatterBot Oscar reevaluating
ChatterBot X-ray reevaluating
ChatterBot Oscar reevaluating
2024-10-14 17:30:33.469837 Oscar: We should add November
ChatterBot X-ray reevaluating
2024-10-14 17:30:33.557346 India: No
2024-10-14 17:30:33.557748 X-ray: Yes
2024-10-14 17:30:33.558656 Zulu: No
2024-10-14 17:30:33.558958 Tango: No
ChatterBot X-ray reevaluating
ChatterBot Oscar reevaluating
ChatterBot Zulu reevaluating
ChatterBot Oscar reevaluating
ChatterBot X-ray reevaluating
ChatterBot Oscar reevaluating
ChatterBot X-ray reevaluating
ChatterBot Zulu reevaluating
ChatterBot Oscar reevaluating
ChatterBot Tango round 3
2024-10-14 17:30:33.657376 Oscar: November we want you to join our group
ChatterBot November reevaluating
2024-10-14 17:30:33.661793 November: Yes
ChatterBot X-ray reevaluating
ChatterBot Zulu reevaluating
ChatterBot Tango reevaluating
2024-10-14 17:30:33.683384 November: We should add India
2024-10-14 17:30:33.684315 Tango: We should add November
ChatterBot X-ray reevaluating
ChatterBot Zulu reevaluating
ChatterBot Tango reevaluating
2024-10-14 17:30:33.707967 X-ray: Yes
ChatterBot X-ray reevaluating
2024-10-14 17:30:33.712663 Zulu: Yes
ChatterBot Zulu reevaluating
2024-10-14 17:30:33.717166 Oscar: Yes
2024-10-14 17:30:33.720634 Tango: Yes
2024-10-14 17:30:33.720801 India: No
2024-10-14 17:30:33.721599 X-ray: Yes
2024-10-14 17:30:33.721791 Zulu: Yes
2024-10-14 17:30:33.721949 Oscar: Yes
ChatterBot November reevaluating
ChatterBot Zulu reevaluating
ChatterBot Tango reevaluating
ChatterBot November reevaluating
ChatterBot X-ray reevaluating
ChatterBot Tango reevaluating
ChatterBot November reevaluating
ChatterBot X-ray reevaluating
ChatterBot Zulu reevaluating
ChatterBot Tango reevaluating
ChatterBot November reevaluating
ChatterBot X-ray reevaluating
ChatterBot Zulu reevaluating
ChatterBot X-ray reevaluating
ChatterBot Zulu reevaluating
ChatterBot Tango reevaluating
ChatterBot Zulu reevaluating
ChatterBot Tango reevaluating
ChatterBot X-ray reevaluating
ChatterBot Tango reevaluating
ChatterBot X-ray reevaluating
ChatterBot Zulu reevaluating
ChatterBot Tango reevaluating
chatterbot India submitting transactions
2024-10-14 17:30:33.869524 Sierra: Yankee, sending you 2
2024-10-14 17:30:33.870364 Yankee: Sierra, sending you 3
2024-10-14 17:30:33.870654 Hotel: Sierra, sending you 6
2024-10-14 17:30:33.870958 Kilo: Sierra and Hotel, sending you 4
2024-10-14 17:30:33.871767 India: X-ray, sending you 2
2024-10-14 17:30:33.872089 Zulu: November we want you to join our group
ChatterBot November reevaluating
2024-10-14 17:30:33.876243 November: Yes
ChatterBot Zulu reevaluating
ChatterBot Tango reevaluating
2024-10-14 17:30:33.895481 X-ray: November we want you to join our group
ChatterBot November reevaluating
2024-10-14 17:30:33.900267 November: Yes
ChatterBot Zulu reevaluating
ChatterBot Tango reevaluating
2024-10-14 17:30:33.919035 Sierra: Kilo and Hotel, sending you 4
2024-10-14 17:30:33.919409 Hotel: India, sending you 1
2024-10-14 17:30:33.920127 Yankee: India, Kilo and Hotel, sending you 2
2024-10-14 17:30:33.920507 Kilo: India and Yankee, sending you 1
2024-10-14 17:30:33.920917 India: Zulu, sending you 5
2024-10-14 17:30:33.926452 Oscar: X-ray, India, November and Tango, sending you 2
2024-10-14 17:30:33.927001 Hotel: Yankee, sending you 3
2024-10-14 17:30:33.927782 November: India we want you to join our group
2024-10-14 17:30:33.933759 India: No
ChatterBot November reevaluating
2024-10-14 17:30:33.963947 India: Oscar, sending you 3
2024-10-14 17:30:33.965036 Hotel: Kilo, sending you 7
2024-10-14 17:30:33.965482 Oscar: Zulu, sending you 3
chatterbot Yankee submitting transactions
2024-10-14 17:30:33.975528 India: Tango, sending you 1
2024-10-14 17:30:33.976491 X-ray: Zulu, sending you 3
2024-10-14 17:30:33.976948 Tango: X-ray, Zulu and Oscar, sending you 5
2024-10-14 17:30:33.985434 X-ray: India, sending you 1
2024-10-14 17:30:33.986628 Tango: India, sending you 2
2024-10-14 17:30:33.992511 Zulu: X-ray, India, Oscar and November, sending you 3
2024-10-14 17:30:33.993749 X-ray: Oscar and November, sending you 2
2024-10-14 17:30:34.003314 X-ray: Tango, sending you 4
2024-10-14 17:30:34.004195 Zulu: Tango, sending you 5
2024-10-14 17:30:34.004530 November: X-ray, Zulu and Oscar, sending you 2
2024-10-14 17:30:34.032375 November: India and Tango, sending you 1
chatterbot Kilo submitting transactions
chatterbot Hotel submitting transactions
chatterbot Tango submitting transactions
chatterbot Sierra submitting transactions
chatterbot Oscar submitting transactions
chatterbot X-ray submitting transactions
chatterbot Zulu submitting transactions
chatterbot November submitting transactions
ChatterBot Sierra round 4
ChatterBot X-ray round 4
ChatterBot Zulu round 4
ChatterBot India round 4
ChatterBot Yankee round 4
ChatterBot Kilo round 4
ChatterBot Oscar round 4
ChatterBot Hotel round 4
ChatterBot November round 4
ChatterBot Tango round 4
2024-10-14 17:30:35.133585 Tango: We should add November
2024-10-14 17:30:35.149738 India: No
2024-10-14 17:30:35.150112 X-ray: Yes
2024-10-14 17:30:35.150425 Zulu: Yes
2024-10-14 17:30:35.150745 Oscar: Yes
ChatterBot India reevaluating
ChatterBot India reevaluating
ChatterBot India reevaluating
2024-10-14 17:30:35.206661 Kilo: We should drop India
ChatterBot Yankee reevaluating
ChatterBot Hotel reevaluating
2024-10-14 17:30:35.217438 Yankee: Yes
2024-10-14 17:30:35.217603 Sierra: Yes
2024-10-14 17:30:35.217803 Hotel: Yes
ChatterBot Hotel reevaluating
ChatterBot Yankee reevaluating
ChatterBot Hotel reevaluating
ChatterBot Yankee reevaluating
2024-10-14 17:30:35.242904 Tango: November we want you to join our group
2024-10-14 17:30:35.245191 November: Yes
ChatterBot India reevaluating
2024-10-14 17:30:35.256728 Zulu: X-ray, Oscar and November, sending you 3
2024-10-14 17:30:35.257826 Sierra: Yankee, sending you 2
2024-10-14 17:30:35.260670 Zulu: India and Tango, sending you 4
2024-10-14 17:30:35.261680 X-ray: Zulu, sending you 3
2024-10-14 17:30:35.262329 Oscar: X-ray and India, sending you 2
2024-10-14 17:30:35.263277 November: X-ray, Zulu, India and Oscar, sending you 2
2024-10-14 17:30:35.263753 Sierra: Kilo and Hotel, sending you 4
2024-10-14 17:30:35.266660 X-ray: India, sending you 1
2024-10-14 17:30:35.267677 Oscar: Zulu and Tango, sending you 3
2024-10-14 17:30:35.271674 X-ray: Oscar and November, sending you 2
2024-10-14 17:30:35.272103 Kilo: Sierra and Hotel, sending you 4
2024-10-14 17:30:35.272719 Oscar: November, sending you 1
2024-10-14 17:30:35.276656 X-ray: Tango, sending you 4
2024-10-14 17:30:35.277137 Kilo: Yankee, sending you 2
2024-10-14 17:30:35.278956 India: X-ray and Tango, sending you 2
2024-10-14 17:30:35.280710 Tango: X-ray, sending you 5
2024-10-14 17:30:35.281703 India: Zulu, sending you 4
2024-10-14 17:30:35.284012 Tango: Zulu, sending you 6
2024-10-14 17:30:35.285699 India: Oscar, sending you 3
2024-10-14 17:30:35.287073 Tango: India, sending you 1
2024-10-14 17:30:35.290657 Tango: Oscar, sending you 3
2024-10-14 17:30:35.293654 Tango: November, sending you 2
chatterbot Tango submitting transactions
chatterbot Yankee submitting transactions
chatterbot X-ray submitting transactions
chatterbot Hotel submitting transactions
chatterbot Oscar submitting transactions
chatterbot Zulu submitting transactions
chatterbot November submitting transactions
chatterbot Kilo submitting transactions
chatterbot Sierra submitting transactions
chatterbot India submitting transactions
ChatterBot Sierra round 5
ChatterBot X-ray round 5
ChatterBot Zulu round 5
ChatterBot India round 5
ChatterBot Yankee round 5
ChatterBot Kilo round 5
ChatterBot Oscar round 5
ChatterBot Hotel round 5
ChatterBot November round 5
ChatterBot Tango round 5
2024-10-14 17:30:36.499681 India: We should replace X-ray with November
2024-10-14 17:30:36.504836 Zulu: No
2024-10-14 17:30:36.504977 Oscar: No
2024-10-14 17:30:36.505079 Tango: No
ChatterBot India reevaluating
ChatterBot India reevaluating
2024-10-14 17:30:36.535408 Hotel: We should drop India
ChatterBot Yankee reevaluating
2024-10-14 17:30:36.541129 Yankee: Yes
2024-10-14 17:30:36.541271 Sierra: Yes
2024-10-14 17:30:36.541377 Kilo: Yes
ChatterBot Yankee reevaluating
ChatterBot Yankee reevaluating
2024-10-14 17:30:36.567694 Sierra: Yankee, sending you 2
2024-10-14 17:30:36.568174 Oscar: X-ray and India, sending you 2
2024-10-14 17:30:36.569935 X-ray: Zulu, sending you 3
2024-10-14 17:30:36.570856 India: November we want you to join our group
2024-10-14 17:30:36.573989 November: Yes
ChatterBot India reevaluating
2024-10-14 17:30:36.586434 Sierra: Kilo and Hotel, sending you 4
2024-10-14 17:30:36.587511 Oscar: Zulu and Tango, sending you 3
2024-10-14 17:30:36.588153 X-ray: India, sending you 1
2024-10-14 17:30:36.590671 Oscar: November, sending you 1
2024-10-14 17:30:36.591666 Kilo: Sierra, sending you 4
2024-10-14 17:30:36.592068 Zulu: X-ray, Oscar and November, sending you 3
2024-10-14 17:30:36.592715 X-ray: Oscar and November, sending you 2
2024-10-14 17:30:36.593827 November: X-ray, Zulu, Oscar and Tango, sending you 2
2024-10-14 17:30:36.594419 Hotel: Sierra and Kilo, sending you 7
2024-10-14 17:30:36.594877 Tango: X-ray and Zulu, sending you 5
2024-10-14 17:30:36.595610 Kilo: Yankee, sending you 2
2024-10-14 17:30:36.596287 Zulu: India and Tango, sending you 4
2024-10-14 17:30:36.597734 X-ray: Tango, sending you 4
2024-10-14 17:30:36.598437 Tango: India, sending you 2
2024-10-14 17:30:36.599113 November: India, sending you 1
2024-10-14 17:30:36.600232 Hotel: Yankee, sending you 3
2024-10-14 17:30:36.600790 Kilo: Hotel, sending you 3
2024-10-14 17:30:36.603709 Tango: Oscar, sending you 4
2024-10-14 17:30:36.606710 Yankee: Sierra and Kilo, sending you 3
2024-10-14 17:30:36.608685 Tango: November, sending you 1
2024-10-14 17:30:36.609736 Yankee: Hotel, sending you 2
2024-10-14 17:30:36.618700 India: Zulu, sending you 4
2024-10-14 17:30:36.623680 India: Oscar, sending you 3
2024-10-14 17:30:36.628684 India: November and Tango, sending you 2
chatterbot Yankee submitting transactions
chatterbot Oscar submitting transactions
chatterbot Hotel submitting transactions
chatterbot Zulu submitting transactions
chatterbot Sierra submitting transactions
chatterbot Kilo submitting transactions
chatterbot Tango submitting transactions
chatterbot November submitting transactions
chatterbot India submitting transactions
chatterbot X-ray submitting transactions
ChatterBot Sierra round 6
ChatterBot X-ray round 6
ChatterBot Zulu round 6
ChatterBot India round 6
ChatterBot Yankee round 6
ChatterBot Kilo round 6
ChatterBot Oscar round 6
ChatterBot Hotel round 6
ChatterBot November round 6
ChatterBot Tango round 6
2024-10-14 17:30:37.761493 India: We should replace Oscar with X-ray
2024-10-14 17:30:37.768420 Zulu: No
2024-10-14 17:30:37.768606 November: No
2024-10-14 17:30:37.769230 Tango: No
ChatterBot India reevaluating
ChatterBot India reevaluating
ChatterBot India reevaluating
2024-10-14 17:30:37.826785 India: X-ray we want you to join our group
2024-10-14 17:30:37.830626 X-ray: Yes
ChatterBot India reevaluating
2024-10-14 17:30:37.842854 Zulu: X-ray, Oscar and November, sending you 3
2024-10-14 17:30:37.843634 Oscar: X-ray and India, sending you 2
2024-10-14 17:30:37.844292 Sierra: Yankee, sending you 2
2024-10-14 17:30:37.844765 Kilo: Sierra, sending you 4
2024-10-14 17:30:37.845232 Tango: X-ray and Zulu, sending you 5
2024-10-14 17:30:37.845868 Yankee: Sierra and Kilo, sending you 3
2024-10-14 17:30:37.846405 Zulu: India and Tango, sending you 4
2024-10-14 17:30:37.848379 November: X-ray, Zulu, Oscar and Tango, sending you 2
2024-10-14 17:30:37.849229 Oscar: Zulu and Tango, sending you 3
2024-10-14 17:30:37.849963 Sierra: Kilo, sending you 4
2024-10-14 17:30:37.850492 X-ray: Zulu, sending you 3
2024-10-14 17:30:37.851168 Kilo: Yankee, sending you 2
2024-10-14 17:30:37.851621 Yankee: Hotel, sending you 2
2024-10-14 17:30:37.852193 Hotel: Sierra and Kilo, sending you 7
2024-10-14 17:30:37.852746 Tango: India, sending you 2
2024-10-14 17:30:37.853540 November: India, sending you 1
2024-10-14 17:30:37.854248 X-ray: India, sending you 1
2024-10-14 17:30:37.854971 Oscar: November, sending you 1
2024-10-14 17:30:37.855660 Sierra: Hotel, sending you 3
2024-10-14 17:30:37.856175 Kilo: Hotel, sending you 3
2024-10-14 17:30:37.856695 Tango: Oscar, sending you 4
2024-10-14 17:30:37.858558 Hotel: Yankee, sending you 3
2024-10-14 17:30:37.859752 X-ray: Oscar and November, sending you 2
2024-10-14 17:30:37.861728 Tango: November, sending you 1
2024-10-14 17:30:37.862707 X-ray: Tango, sending you 4
2024-10-14 17:30:37.872704 India: X-ray, November and Tango, sending you 2
2024-10-14 17:30:37.876679 India: Zulu, sending you 5
chatterbot Sierra submitting transactions
chatterbot November submitting transactions
chatterbot X-ray submitting transactions
chatterbot Kilo submitting transactions
chatterbot Tango submitting transactions
chatterbot Zulu submitting transactions
chatterbot Hotel submitting transactions
chatterbot Yankee submitting transactions
chatterbot India submitting transactions
chatterbot Oscar submitting transactions
ChatterBot Sierra round 7
ChatterBot X-ray round 7
ChatterBot Zulu round 7
ChatterBot India round 7
ChatterBot Yankee round 7
ChatterBot Kilo round 7
ChatterBot Oscar round 7
ChatterBot Hotel round 7
ChatterBot November round 7
ChatterBot Tango round 7
2024-10-14 17:30:39.047689 X-ray: Zulu, sending you 3
2024-10-14 17:30:39.051654 X-ray: India, sending you 1
2024-10-14 17:30:39.052690 Yankee: Sierra and Kilo, sending you 3
2024-10-14 17:30:39.053968 Hotel: Sierra and Kilo, sending you 7
2024-10-14 17:30:39.056660 X-ray: Oscar and November, sending you 2
2024-10-14 17:30:39.057697 Yankee: Hotel, sending you 2
2024-10-14 17:30:39.059242 Hotel: Yankee, sending you 3
2024-10-14 17:30:39.059837 November: X-ray, Zulu, India and Oscar, sending you 2
2024-10-14 17:30:39.061339 X-ray: Tango, sending you 4
2024-10-14 17:30:39.062312 Oscar: X-ray and India, sending you 2
2024-10-14 17:30:39.063555 Zulu: X-ray, Oscar and November, sending you 3
2024-10-14 17:30:39.064853 Kilo: Sierra, sending you 4
2024-10-14 17:30:39.065347 Tango: X-ray and Zulu, sending you 5
2024-10-14 17:30:39.065949 November: Tango, sending you 1
2024-10-14 17:30:39.067070 Sierra: Yankee, sending you 2
2024-10-14 17:30:39.067644 India: X-ray, November and Tango, sending you 2
2024-10-14 17:30:39.068418 Oscar: Zulu and Tango, sending you 3
2024-10-14 17:30:39.069674 Zulu: India and Tango, sending you 4
2024-10-14 17:30:39.070409 Kilo: Yankee, sending you 2
2024-10-14 17:30:39.070812 Tango: India, sending you 2
2024-10-14 17:30:39.072219 Sierra: Kilo, sending you 4
2024-10-14 17:30:39.072839 India: Zulu, sending you 5
2024-10-14 17:30:39.073449 Oscar: November, sending you 1
2024-10-14 17:30:39.075692 Kilo: Hotel, sending you 3
2024-10-14 17:30:39.077070 Sierra: Hotel, sending you 3
2024-10-14 17:30:39.077990 Tango: Oscar, sending you 4
2024-10-14 17:30:39.082658 Tango: November, sending you 1
chatterbot X-ray submitting transactions
chatterbot Oscar submitting transactions
chatterbot November submitting transactions
chatterbot Yankee submitting transactions
chatterbot India submitting transactions
chatterbot Hotel submitting transactions
chatterbot Tango submitting transactions
chatterbot Sierra submitting transactions
chatterbot Kilo submitting transactions
chatterbot Zulu submitting transactions
ChatterBot Sierra round 8
ChatterBot X-ray round 8
ChatterBot Zulu round 8
ChatterBot India round 8
ChatterBot Yankee round 8
ChatterBot Kilo round 8
ChatterBot Oscar round 8
ChatterBot Hotel round 8
ChatterBot November round 8
ChatterBot Tango round 8
2024-10-14 17:30:40.144777 November: X-ray, Zulu, India and Oscar, sending you 2
2024-10-14 17:30:40.145518 Hotel: Sierra and Kilo, sending you 7
2024-10-14 17:30:40.145952 Zulu: X-ray, Oscar and November, sending you 3
2024-10-14 17:30:40.146662 Yankee: Sierra and Kilo, sending you 3
2024-10-14 17:30:40.147662 India: X-ray, November and Tango, sending you 2
2024-10-14 17:30:40.149681 November: Tango, sending you 1
2024-10-14 17:30:40.150611 Hotel: Yankee, sending you 3
2024-10-14 17:30:40.150991 Oscar: X-ray and November, sending you 2
2024-10-14 17:30:40.151487 Zulu: India and Tango, sending you 4
2024-10-14 17:30:40.151980 India: Zulu, sending you 5
2024-10-14 17:30:40.152310 Yankee: Hotel, sending you 2
2024-10-14 17:30:40.152676 Kilo: Sierra, sending you 4
2024-10-14 17:30:40.153672 Oscar: Zulu and Tango, sending you 3
2024-10-14 17:30:40.155270 Sierra: Yankee, sending you 2
2024-10-14 17:30:40.155790 Kilo: Yankee, sending you 2
2024-10-14 17:30:40.157673 X-ray: Zulu, sending you 3
2024-10-14 17:30:40.158233 Oscar: India, sending you 1
2024-10-14 17:30:40.159424 Kilo: Hotel, sending you 3
2024-10-14 17:30:40.159878 Sierra: Kilo, sending you 4
2024-10-14 17:30:40.160269 Tango: X-ray and Zulu, sending you 5
2024-10-14 17:30:40.161655 X-ray: India, sending you 1
2024-10-14 17:30:40.163662 Sierra: Hotel, sending you 3
2024-10-14 17:30:40.165653 Tango: India, sending you 2
2024-10-14 17:30:40.166567 X-ray: Oscar and November, sending you 2
2024-10-14 17:30:40.169057 Tango: Oscar, sending you 4
2024-10-14 17:30:40.170669 X-ray: Tango, sending you 4
2024-10-14 17:30:40.174660 Tango: November, sending you 1
chatterbot Yankee submitting transactions
chatterbot Hotel submitting transactions
chatterbot India submitting transactions
chatterbot X-ray submitting transactions
chatterbot November submitting transactions
chatterbot Kilo submitting transactions
chatterbot Tango submitting transactions
chatterbot Sierra submitting transactions
chatterbot Oscar submitting transactions
chatterbot Zulu submitting transactions
ChatterBot Sierra round 9
ChatterBot X-ray round 9
ChatterBot Zulu round 9
ChatterBot India round 9
ChatterBot Yankee round 9
ChatterBot Kilo round 9
ChatterBot Oscar round 9
ChatterBot Hotel round 9
ChatterBot November round 9
ChatterBot Tango round 9
2024-10-14 17:30:41.358731 India: We should replace November with Oscar
2024-10-14 17:30:41.365307 X-ray: No
2024-10-14 17:30:41.365473 Zulu: No
2024-10-14 17:30:41.365958 Tango: No
ChatterBot India reevaluating
ChatterBot India reevaluating
2024-10-14 17:30:41.404673 Sierra: Yankee and Hotel, sending you 3
2024-10-14 17:30:41.407687 India: Oscar we want you to join our group
2024-10-14 17:30:41.411458 Oscar: Yes
ChatterBot India reevaluating
2024-10-14 17:30:41.424689 Sierra: Kilo, sending you 4
2024-10-14 17:30:41.425781 Yankee: Sierra and Kilo, sending you 3
2024-10-14 17:30:41.428667 Zulu: X-ray, Oscar and November, sending you 3
2024-10-14 17:30:41.429638 Kilo: Sierra, sending you 4
2024-10-14 17:30:41.430120 Oscar: X-ray and November, sending you 2
2024-10-14 17:30:41.430868 November: X-ray, Zulu, India and Oscar, sending you 2
2024-10-14 17:30:41.431918 Tango: X-ray and Zulu, sending you 5
2024-10-14 17:30:41.432705 Yankee: Hotel, sending you 2
2024-10-14 17:30:41.433198 X-ray: Zulu, sending you 3
2024-10-14 17:30:41.433884 Hotel: Sierra and Kilo, sending you 7
2024-10-14 17:30:41.434383 Zulu: India and Tango, sending you 4
2024-10-14 17:30:41.435108 Kilo: Yankee, sending you 2
2024-10-14 17:30:41.435541 Oscar: Zulu and Tango, sending you 3
2024-10-14 17:30:41.436395 November: Tango, sending you 1
2024-10-14 17:30:41.437020 Hotel: Yankee, sending you 3
2024-10-14 17:30:41.437687 Tango: India, sending you 2
2024-10-14 17:30:41.438686 X-ray: India, sending you 1
2024-10-14 17:30:41.439526 Kilo: Hotel, sending you 3
2024-10-14 17:30:41.440698 Oscar: India, sending you 1
2024-10-14 17:30:41.442712 Tango: Oscar, sending you 4
2024-10-14 17:30:41.443723 X-ray: Oscar and November, sending you 2
2024-10-14 17:30:41.446674 Tango: November, sending you 1
2024-10-14 17:30:41.448653 X-ray: Tango, sending you 4
2024-10-14 17:30:41.460661 India: X-ray and Tango, sending you 2
2024-10-14 17:30:41.465658 India: Zulu, sending you 4
2024-10-14 17:30:41.470668 India: Oscar, sending you 3
chatterbot Yankee submitting transactions
chatterbot Kilo submitting transactions
chatterbot X-ray submitting transactions
chatterbot Hotel submitting transactions
chatterbot Zulu submitting transactions
chatterbot November submitting transactions
chatterbot Oscar submitting transactions
chatterbot Sierra submitting transactions
chatterbot Tango submitting transactions
chatterbot India submitting transactions
ChatterBot Sierra round 10
ChatterBot X-ray round 10
ChatterBot Zulu round 10
ChatterBot India round 10
ChatterBot Yankee round 10
ChatterBot Kilo round 10
ChatterBot Oscar round 10
ChatterBot Hotel round 10
ChatterBot November round 10
ChatterBot Tango round 10
2024-10-14 17:30:42.595440 India: We should replace X-ray with November
2024-10-14 17:30:42.607087 Zulu: No
2024-10-14 17:30:42.607307 Oscar: No
2024-10-14 17:30:42.607484 Tango: No
ChatterBot India reevaluating
ChatterBot India reevaluating
ChatterBot India reevaluating
2024-10-14 17:30:42.644705 X-ray: Zulu and Tango, sending you 3
2024-10-14 17:30:42.647703 Oscar: X-ray and November, sending you 2
2024-10-14 17:30:42.648718 X-ray: India, Oscar and November, sending you 2
2024-10-14 17:30:42.649365 Kilo: Sierra, sending you 4
2024-10-14 17:30:42.651658 Sierra: Yankee and Hotel, sending you 3
2024-10-14 17:30:42.652116 Zulu: X-ray, Oscar and November, sending you 3
2024-10-14 17:30:42.652808 Oscar: Zulu and Tango, sending you 3
2024-10-14 17:30:42.653459 Kilo: Yankee, sending you 2
2024-10-14 17:30:42.653877 Yankee: Sierra and Kilo, sending you 3
2024-10-14 17:30:42.654689 Sierra: Kilo, sending you 4
2024-10-14 17:30:42.655710 Oscar: India, sending you 1
2024-10-14 17:30:42.656683 Zulu: India and Tango, sending you 4
2024-10-14 17:30:42.657334 Yankee: Hotel, sending you 2
2024-10-14 17:30:42.658667 Kilo: Hotel, sending you 3
2024-10-14 17:30:42.659731 November: X-ray, Zulu, India and Oscar, sending you 2
2024-10-14 17:30:42.660666 Hotel: Sierra and Kilo, sending you 7
2024-10-14 17:30:42.661043 Tango: X-ray and Zulu, sending you 5
2024-10-14 17:30:42.663685 November: Tango, sending you 1
2024-10-14 17:30:42.664375 Hotel: Yankee, sending you 3
2024-10-14 17:30:42.664755 Tango: India, sending you 2
2024-10-14 17:30:42.669654 Tango: Oscar, sending you 4
2024-10-14 17:30:42.670206 India: X-ray, Oscar and Tango, sending you 2
2024-10-14 17:30:42.674685 Tango: November, sending you 1
2024-10-14 17:30:42.675932 India: Zulu, sending you 5
chatterbot India submitting transactions
chatterbot Kilo submitting transactions
chatterbot Tango submitting transactions
chatterbot Oscar submitting transactions
chatterbot Sierra submitting transactions
chatterbot X-ray submitting transactions
chatterbot Yankee submitting transactions
chatterbot November submitting transactions
chatterbot Zulu submitting transactions
chatterbot Hotel submitting transactions
ChatterBot Sierra round 11
ChatterBot X-ray round 11
ChatterBot Zulu round 11
ChatterBot India round 11
ChatterBot Yankee round 11
ChatterBot Kilo round 11
ChatterBot Oscar round 11
ChatterBot Hotel round 11
ChatterBot November round 11
ChatterBot Tango round 11
2024-10-14 17:30:43.761814 India: We should replace X-ray with November
2024-10-14 17:30:43.768031 Zulu: No
2024-10-14 17:30:43.768188 Oscar: No
2024-10-14 17:30:43.768312 Tango: No
ChatterBot India reevaluating
ChatterBot India reevaluating
ChatterBot India reevaluating
2024-10-14 17:30:43.794574 India: We should replace Oscar with November
2024-10-14 17:30:43.799542 X-ray: No
2024-10-14 17:30:43.799734 Zulu: No
2024-10-14 17:30:43.799933 Tango: No
ChatterBot India reevaluating
ChatterBot India reevaluating
ChatterBot India reevaluating
2024-10-14 17:30:43.820677 Zulu: X-ray, Oscar and November, sending you 3
2024-10-14 17:30:43.821467 Oscar: X-ray and November, sending you 2
2024-10-14 17:30:43.822183 Yankee: Sierra and Kilo, sending you 3
2024-10-14 17:30:43.822710 Sierra: Yankee and Hotel, sending you 3
2024-10-14 17:30:43.823138 X-ray: Zulu and Tango, sending you 3
2024-10-14 17:30:43.825661 Zulu: India and Tango, sending you 4
2024-10-14 17:30:43.826658 Oscar: Zulu and Tango, sending you 3
2024-10-14 17:30:43.827330 Yankee: Hotel, sending you 2
2024-10-14 17:30:43.827701 Sierra: Kilo, sending you 4
2024-10-14 17:30:43.828002 X-ray: India, Oscar and November, sending you 2
2024-10-14 17:30:43.828524 Kilo: Sierra, sending you 4
2024-10-14 17:30:43.828877 Hotel: Sierra and Kilo, sending you 7
2024-10-14 17:30:43.830671 Oscar: India, sending you 1
2024-10-14 17:30:43.831693 November: X-ray, Zulu, Oscar and Tango, sending you 2
2024-10-14 17:30:43.832684 Kilo: Yankee and Hotel, sending you 2
2024-10-14 17:30:43.833722 Hotel: Yankee, sending you 3
2024-10-14 17:30:43.835710 November: India, sending you 1
2024-10-14 17:30:43.838664 Tango: X-ray and Zulu, sending you 5
2024-10-14 17:30:43.842660 Tango: India, sending you 2
2024-10-14 17:30:43.843665 India: X-ray, Oscar and Tango, sending you 2
2024-10-14 17:30:43.845688 Tango: Oscar, sending you 4
2024-10-14 17:30:43.846660 India: Zulu, sending you 5
2024-10-14 17:30:43.849709 Tango: November, sending you 1
chatterbot Zulu submitting transactions
chatterbot Sierra submitting transactions
chatterbot Oscar submitting transactions
chatterbot November submitting transactions
chatterbot India submitting transactions
chatterbot X-ray submitting transactions
chatterbot Kilo submitting transactions
chatterbot Hotel submitting transactions
chatterbot Yankee submitting transactions
chatterbot Tango submitting transactions
ChatterBot Sierra round 12
ChatterBot X-ray round 12
ChatterBot Zulu round 12
ChatterBot India round 12
ChatterBot Yankee round 12
ChatterBot Kilo round 12
ChatterBot Oscar round 12
ChatterBot Hotel round 12
ChatterBot November round 12
ChatterBot Tango round 12
2024-10-14 17:30:45.081680 Sierra: Yankee, sending you 3
2024-10-14 17:30:45.083384 India: X-ray, Oscar and Tango, sending you 2
2024-10-14 17:30:45.085172 Yankee: Sierra and Kilo, sending you 3
2024-10-14 17:30:45.086997 Sierra: Kilo, sending you 4
2024-10-14 17:30:45.087949 India: Zulu, sending you 5
2024-10-14 17:30:45.090673 Kilo: Sierra, sending you 4
2024-10-14 17:30:45.091734 Yankee: Hotel, sending you 2
2024-10-14 17:30:45.093243 X-ray: Zulu and Tango, sending you 3
2024-10-14 17:30:45.095206 Sierra: Hotel, sending you 2
2024-10-14 17:30:45.095967 Oscar: X-ray and November, sending you 2
2024-10-14 17:30:45.097667 November: X-ray, Zulu, Oscar and Tango, sending you 2
