ChatterBot Bravo round 1
ChatterBot Whiskey round 1
ChatterBot Foxtrot round 1
ChatterBot Romeo round 1
ChatterBot India round 1
ChatterBot Papa round 1
ChatterBot Juliett round 1
ChatterBot Tango round 1
ChatterBot Lima round 1
ChatterBot Alpha round 1
randomSelections Juliett: {Juliett, Papa, Alpha, Tango} 
2024-10-14 17:30:29.758463 Juliett: Let's form a team
ChatterBot Papa reevaluating
ChatterBot Alpha reevaluating
ChatterBot Tango reevaluating
2024-10-14 17:30:29.769587 Papa: Yes
2024-10-14 17:30:29.769761 Alpha: Yes
2024-10-14 17:30:29.769907 Tango: Yes
ChatterBot Alpha reevaluating
ChatterBot Tango reevaluating
ChatterBot Papa reevaluating
ChatterBot Tango reevaluating
ChatterBot Papa reevaluating
ChatterBot Alpha reevaluating
randomSelections Bravo: {Bravo, India, Juliett, Alpha, Tango} 
2024-10-14 17:30:29.796250 Bravo: Can we be friends?
ChatterBot India reevaluating
ChatterBot Alpha reevaluating
ChatterBot Tango reevaluating
2024-10-14 17:30:29.807 India: Yes
2024-10-14 17:30:29.807195 Juliett: No
2024-10-14 17:30:29.808165 Alpha: No
2024-10-14 17:30:29.808375 Tango: No
ChatterBot Alpha reevaluating
ChatterBot Tango reevaluating
ChatterBot India reevaluating
ChatterBot Alpha reevaluating
ChatterBot Tango reevaluating
ChatterBot India reevaluating
ChatterBot Tango reevaluating
ChatterBot India reevaluating
ChatterBot Alpha reevaluating
randomSelections Whiskey: {Whiskey, Foxtrot, Papa, India, Tango} 
2024-10-14 17:30:29.853226 Whiskey: Let's form a team
ChatterBot Foxtrot reevaluating
ChatterBot Papa reevaluating
ChatterBot India reevaluating
ChatterBot Tango reevaluating
2024-10-14 17:30:29.864064 Foxtrot: Yes
2024-10-14 17:30:29.864236 Papa: No
2024-10-14 17:30:29.864412 India: No
2024-10-14 17:30:29.864601 Tango: No
ChatterBot Papa reevaluating
ChatterBot India reevaluating
ChatterBot Tango reevaluating
ChatterBot Foxtrot reevaluating
ChatterBot India reevaluating
ChatterBot Tango reevaluating
ChatterBot Foxtrot reevaluating
ChatterBot Papa reevaluating
ChatterBot Tango reevaluating
ChatterBot Foxtrot reevaluating
ChatterBot Papa reevaluating
ChatterBot India reevaluating
randomSelections Romeo: {Romeo, Bravo, Juliett, Foxtrot, Tango} 
2024-10-14 17:30:29.907117 Romeo: We should group up
ChatterBot Foxtrot reevaluating
ChatterBot Tango reevaluating
2024-10-14 17:30:29.915506 Bravo: No
2024-10-14 17:30:29.915778 Juliett: No
2024-10-14 17:30:29.915969 Foxtrot: No
2024-10-14 17:30:29.916137 Tango: No
ChatterBot Foxtrot reevaluating
ChatterBot Tango reevaluating
ChatterBot Foxtrot reevaluating
ChatterBot Tango reevaluating
ChatterBot Tango reevaluating
ChatterBot Foxtrot reevaluating
randomSelections Lima: {Lima, Alpha, Foxtrot, Romeo, Bravo} 
2024-10-14 17:30:29.954977 Lima: Let's form a team
ChatterBot Alpha reevaluating
ChatterBot Foxtrot reevaluating
2024-10-14 17:30:29.959258 Alpha: No
2024-10-14 17:30:29.959385 Foxtrot: No
2024-10-14 17:30:29.959999 Romeo: No
2024-10-14 17:30:29.960147 Bravo: No
ChatterBot Foxtrot reevaluating
ChatterBot Alpha reevaluating
ChatterBot Alpha reevaluating
ChatterBot Foxtrot reevaluating
ChatterBot Alpha reevaluating
ChatterBot Foxtrot reevaluating
2024-10-14 17:30:29.985668 Papa: Tango, sending you 2
2024-10-14 17:30:29.986670 Tango: Papa, sending you 5
2024-10-14 17:30:29.989189 Whiskey: India and Papa, sending you 4
2024-10-14 17:30:29.989670 Lima: Bravo, sending you 3
2024-10-14 17:30:29.990101 Tango: Juliett, sending you 6
2024-10-14 17:30:29.992685 India: Bravo and Juliett, sending you 5
2024-10-14 17:30:29.993034 Lima: Romeo, sending you 2
2024-10-14 17:30:29.993661 Whiskey: Tango, sending you 1
2024-10-14 17:30:29.993996 Tango: Alpha, sending you 3
2024-10-14 17:30:29.994738 Romeo: Bravo, sending you 3
2024-10-14 17:30:29.995673 Alpha: Papa and Tango, sending you 4
2024-10-14 17:30:29.996713 India: Tango, sending you 4
2024-10-14 17:30:29.997685 Juliett: Papa, sending you 2
2024-10-14 17:30:29.997947 Lima: Alpha, sending you 1
2024-10-14 17:30:29.998716 Bravo: India and Juliett, sending you 6
2024-10-14 17:30:29.999864 Romeo: Foxtrot, sending you 4
2024-10-14 17:30:30.000721 Alpha: Juliett, sending you 3
2024-10-14 17:30:30.000962 India: Alpha, sending you 1
2024-10-14 17:30:30.001670 Juliett: Tango and Alpha, sending you 1
2024-10-14 17:30:30.002660 Bravo: Tango, sending you 5
2024-10-14 17:30:30.003676 Romeo: Juliett, sending you 1
2024-10-14 17:30:30.005678 Foxtrot: Whiskey, sending you 2
2024-10-14 17:30:30.005991 Bravo: Alpha, sending you 3
2024-10-14 17:30:30.007672 Romeo: Tango, sending you 2
2024-10-14 17:30:30.009965 Foxtrot: Papa, sending you 5
2024-10-14 17:30:30.014654 Foxtrot: Tango, sending you 3
chatterbot Bravo submitting transactions
chatterbot Whiskey submitting transactions
chatterbot Papa submitting transactions
chatterbot India submitting transactions
chatterbot Lima submitting transactions
chatterbot Foxtrot submitting transactions
chatterbot Romeo submitting transactions
chatterbot Juliett submitting transactions
chatterbot Alpha submitting transactions
chatterbot Tango submitting transactions
ChatterBot Bravo round 2
ChatterBot Whiskey round 2
ChatterBot Foxtrot round 2
ChatterBot Romeo round 2
ChatterBot India round 2
ChatterBot Papa round 2
ChatterBot Juliett round 2
ChatterBot Tango round 2
ChatterBot Lima round 2
ChatterBot Alpha round 2
2024-10-14 17:30:31.527744 Bravo: We should group up
ChatterBot India reevaluating
ChatterBot Juliett reevaluating
ChatterBot Lima reevaluating
2024-10-14 17:30:31.548543 India: No
2024-10-14 17:30:31.548768 Juliett: No
2024-10-14 17:30:31.548902 Lima: No
ChatterBot Bravo reevaluating
ChatterBot Juliett reevaluating
ChatterBot Lima reevaluating
ChatterBot Bravo reevaluating
ChatterBot India reevaluating
ChatterBot Lima reevaluating
ChatterBot Bravo reevaluating
ChatterBot India reevaluating
ChatterBot Juliett reevaluating
2024-10-14 17:30:31.658722 Juliett: We should add Bravo and India
ChatterBot Papa reevaluating
ChatterBot Alpha reevaluating
ChatterBot Tango reevaluating
2024-10-14 17:30:31.710129 Papa: No
2024-10-14 17:30:31.710610 Alpha: Yes
2024-10-14 17:30:31.710858 Tango: Yes
ChatterBot Juliett reevaluating
ChatterBot Alpha reevaluating
ChatterBot Tango reevaluating
ChatterBot Juliett reevaluating
ChatterBot Papa reevaluating
ChatterBot Tango reevaluating
ChatterBot Juliett reevaluating
ChatterBot Papa reevaluating
ChatterBot Alpha reevaluating
2024-10-14 17:30:31.823829 Romeo: Let's form a team
ChatterBot Foxtrot reevaluating
ChatterBot Lima reevaluating
2024-10-14 17:30:31.837308 Foxtrot: Yes
2024-10-14 17:30:31.837581 Lima: No
ChatterBot Lima reevaluating
ChatterBot Foxtrot reevaluating
2024-10-14 17:30:31.861137 Lima: Let's form a team
2024-10-14 17:30:31.867991 Romeo: Yes
ChatterBot Lima reevaluating
2024-10-14 17:30:31.899781 Whiskey: Group up?
ChatterBot Foxtrot reevaluating
2024-10-14 17:30:31.906701 Foxtrot: No
2024-10-14 17:30:31.939310 Juliett: Bravo and India we want you to join our group
ChatterBot Bravo reevaluating
ChatterBot India reevaluating
2024-10-14 17:30:31.953001 Bravo: No
2024-10-14 17:30:31.953698 India: No
ChatterBot India reevaluating
ChatterBot Papa reevaluating
ChatterBot Bravo reevaluating
ChatterBot Papa reevaluating
2024-10-14 17:30:32.020501 Alpha: Bravo and India we want you to join our group
ChatterBot Bravo reevaluating
ChatterBot India reevaluating
2024-10-14 17:30:32.034679 Bravo: No
2024-10-14 17:30:32.034817 India: No
ChatterBot India reevaluating
ChatterBot Papa reevaluating
ChatterBot Bravo reevaluating
ChatterBot Papa reevaluating
2024-10-14 17:30:32.100275 Tango: Bravo and India we want you to join our group
ChatterBot Bravo reevaluating
ChatterBot India reevaluating
2024-10-14 17:30:32.113964 Bravo: No
2024-10-14 17:30:32.114109 India: No
ChatterBot India reevaluating
ChatterBot Papa reevaluating
ChatterBot Bravo reevaluating
ChatterBot Papa reevaluating
2024-10-14 17:30:32.176268 Lima: We should drop Alpha and Bravo
2024-10-14 17:30:32.187631 Romeo: Yes
2024-10-14 17:30:32.187820 Foxtrot: Yes
2024-10-14 17:30:32.209922 India: We should drop Alpha and Tango
ChatterBot Bravo reevaluating
2024-10-14 17:30:32.221693 Bravo: Yes
2024-10-14 17:30:32.221846 Juliett: No
ChatterBot Juliett reevaluating
ChatterBot Bravo reevaluating
2024-10-14 17:30:32.319851 Papa: Bravo and India we want you to join our group
ChatterBot Bravo reevaluating
2024-10-14 17:30:32.332554 Bravo: No
2024-10-14 17:30:32.332748 India: No
ChatterBot Juliett reevaluating
ChatterBot Juliett reevaluating
ChatterBot Bravo reevaluating
2024-10-14 17:30:32.393926 Romeo: Foxtrot, sending you 2
2024-10-14 17:30:32.394324 Whiskey: Sending you 6
chatterbot Romeo submitting transactions
chatterbot Bravo submitting transactions
2024-10-14 17:30:32.417774 Tango: Bravo, sending you 5
2024-10-14 17:30:32.419320 Romeo: Lima, sending you 8
2024-10-14 17:30:32.419735 Alpha: Bravo and Tango, sending you 4
2024-10-14 17:30:32.420123 Foxtrot: Romeo, sending you 4
2024-10-14 17:30:32.459971 Tango: India and Alpha, sending you 3
2024-10-14 17:30:32.460578 Alpha: India, sending you 2
2024-10-14 17:30:32.461631 Foxtrot: Lima, sending you 1
2024-10-14 17:30:32.461978 Papa: Juliett, sending you 2
2024-10-14 17:30:32.462408 Lima: Sending you each 3
2024-10-14 17:30:32.463371 India: Bravo, sending you 5
2024-10-14 17:30:32.463790 Tango: Papa, sending you 2
chatterbot India submitting transactions
2024-10-14 17:30:32.474179 Alpha: Juliett, sending you 1
2024-10-14 17:30:32.474688 Papa: Tango, sending you 5
2024-10-14 17:30:32.475581 Bravo: India, sending you 12
2024-10-14 17:30:32.475912 Tango: Juliett, sending you 1
2024-10-14 17:30:32.476267 India: Juliett, sending you 1
2024-10-14 17:30:32.480691 Papa: Alpha, sending you 4
2024-10-14 17:30:32.481199 Bravo: Juliett, sending you 1
2024-10-14 17:30:32.482039 Juliett: Bravo, India, Tango and Alpha, sending you 1
2024-10-14 17:30:32.538996 Bravo: Lima, sending you 7
chatterbot Juliett submitting transactions
chatterbot Juliett submitting transactions
chatterbot Whiskey submitting transactions
chatterbot Alpha submitting transactions
chatterbot Tango submitting transactions
chatterbot Lima submitting transactions
chatterbot Foxtrot submitting transactions
chatterbot Bravo submitting transactions
chatterbot Papa submitting transactions
ChatterBot Bravo round 3
ChatterBot Whiskey round 3
ChatterBot Foxtrot round 3
ChatterBot Romeo round 3
ChatterBot India round 3
ChatterBot Papa round 3
ChatterBot Juliett round 3
ChatterBot Tango round 3
ChatterBot Lima round 3
2024-10-14 17:30:33.434119 Foxtrot: We should add Whiskey
ChatterBot Romeo reevaluating
ChatterBot Lima reevaluating
2024-10-14 17:30:33.448662 Romeo: Yes
2024-10-14 17:30:33.448874 Lima: No
ChatterBot Lima reevaluating
ChatterBot Romeo reevaluating
ChatterBot Alpha round 3
2024-10-14 17:30:33.589857 Foxtrot: Whiskey we want you to join our group
2024-10-14 17:30:33.596527 Whiskey: No
ChatterBot Romeo reevaluating
ChatterBot Lima reevaluating
2024-10-14 17:30:33.626097 Romeo: Whiskey we want you to join our group
2024-10-14 17:30:33.633366 Whiskey: No
2024-10-14 17:30:33.653145 Bravo: India, sending you 8
2024-10-14 17:30:33.654731 Alpha: We should drop Papa
ChatterBot Bravo reevaluating
ChatterBot Juliett reevaluating
2024-10-14 17:30:33.681584 Bravo: Yes
2024-10-14 17:30:33.682575 India: No
2024-10-14 17:30:33.682964 Juliett: Yes
2024-10-14 17:30:33.684108 Tango: No
ChatterBot India reevaluating
ChatterBot Juliett reevaluating
ChatterBot Bravo reevaluating
ChatterBot Juliett reevaluating
ChatterBot Bravo reevaluating
ChatterBot India reevaluating
ChatterBot Bravo reevaluating
ChatterBot India reevaluating
ChatterBot Juliett reevaluating
2024-10-14 17:30:33.813533 Tango: Bravo and India, sending you 2
2024-10-14 17:30:33.813956 Foxtrot: Whiskey and Romeo, sending you 4
2024-10-14 17:30:33.814202 Papa: Juliett, sending you 2
2024-10-14 17:30:33.814914 India: Tango and Alpha we want you to join our group
2024-10-14 17:30:33.822358 Alpha: Yes
2024-10-14 17:30:33.822502 Tango: Yes
ChatterBot Bravo reevaluating
ChatterBot India reevaluating
ChatterBot Juliett reevaluating
ChatterBot Bravo reevaluating
ChatterBot India reevaluating
ChatterBot Juliett reevaluating
2024-10-14 17:30:33.856490 Lima: Foxtrot, sending you 2
2024-10-14 17:30:33.857013 Tango: Papa, sending you 5
2024-10-14 17:30:33.857451 Foxtrot: Lima, sending you 3
2024-10-14 17:30:33.858132 Papa: Tango, sending you 6
2024-10-14 17:30:33.907578 Alpha: Bravo and Juliett, sending you 2
2024-10-14 17:30:33.908043 Romeo: Whiskey, sending you 1
2024-10-14 17:30:33.908401 Lima: Romeo, sending you 4
2024-10-14 17:30:33.909157 Tango: Juliett, sending you 1
2024-10-14 17:30:33.909649 Papa: Alpha, sending you 3
2024-10-14 17:30:33.919995 Romeo: Foxtrot, sending you 4
2024-10-14 17:30:33.920455 Alpha: India, sending you 1
2024-10-14 17:30:33.921491 Tango: Alpha, sending you 4
2024-10-14 17:30:33.929034 Romeo: Lima, sending you 5
2024-10-14 17:30:33.929301 Alpha: Tango, sending you 6
2024-10-14 17:30:33.937545 Juliett: Bravo, India, Tango and Alpha, sending you 1
chatterbot Alpha submitting transactions
2024-10-14 17:30:33.973805 India: Bravo, sending you 4
2024-10-14 17:30:33.984764 India: Juliett, sending you 1
2024-10-14 17:30:33.990443 India: Tango, sending you 3
2024-10-14 17:30:34.002088 India: Alpha, sending you 2
chatterbot Romeo submitting transactions
chatterbot Whiskey submitting transactions
chatterbot Lima submitting transactions
chatterbot Bravo submitting transactions
chatterbot India submitting transactions
chatterbot Tango submitting transactions
chatterbot Foxtrot submitting transactions
chatterbot Papa submitting transactions
chatterbot Juliett submitting transactions
ChatterBot Bravo round 4
ChatterBot Whiskey round 4
ChatterBot Foxtrot round 4
ChatterBot Romeo round 4
ChatterBot India round 4
ChatterBot Papa round 4
ChatterBot Juliett round 4
ChatterBot Tango round 4
ChatterBot Lima round 4
ChatterBot Alpha round 4
2024-10-14 17:30:35.009014 Foxtrot: We should add Juliett
2024-10-14 17:30:35.037941 Romeo: No
2024-10-14 17:30:35.038135 Lima: No
2024-10-14 17:30:35.038310 Whiskey: No
ChatterBot Foxtrot reevaluating
ChatterBot Foxtrot reevaluating
ChatterBot Whiskey reevaluating
ChatterBot Foxtrot reevaluating
2024-10-14 17:30:35.097105 Romeo: We should drop Whiskey
ChatterBot Foxtrot reevaluating
2024-10-14 17:30:35.105956 Foxtrot: No
2024-10-14 17:30:35.106222 Lima: Yes
ChatterBot Romeo reevaluating
ChatterBot Romeo reevaluating
ChatterBot Foxtrot reevaluating
2024-10-14 17:30:35.130270 Juliett: We should drop Bravo and India
ChatterBot Alpha reevaluating
2024-10-14 17:30:35.145936 Papa: No
2024-10-14 17:30:35.146297 Alpha: No
2024-10-14 17:30:35.146707 Tango: No
ChatterBot Juliett reevaluating
ChatterBot Alpha reevaluating
ChatterBot Juliett reevaluating
ChatterBot Juliett reevaluating
ChatterBot Alpha reevaluating
2024-10-14 17:30:35.190991 Tango: We should drop Juliett
ChatterBot Bravo reevaluating
ChatterBot Alpha reevaluating
2024-10-14 17:30:35.207566 Bravo: No
2024-10-14 17:30:35.207719 India: No
2024-10-14 17:30:35.207903 Papa: No
2024-10-14 17:30:35.208064 Alpha: Yes
ChatterBot Papa reevaluating
ChatterBot Alpha reevaluating
ChatterBot Bravo reevaluating
ChatterBot Papa reevaluating
ChatterBot Alpha reevaluating
ChatterBot Bravo reevaluating
ChatterBot Alpha reevaluating
ChatterBot Bravo reevaluating
ChatterBot Papa reevaluating
2024-10-14 17:30:35.284071 Whiskey: Foxtrot, sending you 6
2024-10-14 17:30:35.284419 India: Bravo, sending you 4
2024-10-14 17:30:35.287111 Alpha: Papa we want you to join our group
2024-10-14 17:30:35.291864 Papa: Yes
ChatterBot Bravo reevaluating
ChatterBot India reevaluating
ChatterBot Alpha reevaluating
2024-10-14 17:30:35.312796 India: We should replace Juliett with Papa
ChatterBot Alpha reevaluating
ChatterBot Bravo reevaluating
2024-10-14 17:30:35.326454 Alpha: Yes
2024-10-14 17:30:35.326587 Bravo: Yes
2024-10-14 17:30:35.326712 Tango: Yes
ChatterBot Bravo reevaluating
ChatterBot India reevaluating
ChatterBot Alpha reevaluating
ChatterBot India reevaluating
ChatterBot Alpha reevaluating
ChatterBot Bravo reevaluating
ChatterBot India reevaluating
2024-10-14 17:30:35.363130 Whiskey: Romeo, sending you 3
2024-10-14 17:30:35.363581 Foxtrot: Whiskey and Lima, sending you 3
2024-10-14 17:30:35.366667 Foxtrot: Romeo, sending you 4
2024-10-14 17:30:35.367058 Tango: Bravo, sending you 3
2024-10-14 17:30:35.367543 Romeo: Whiskey, sending you 1
2024-10-14 17:30:35.367910 Papa: Juliett, sending you 1
2024-10-14 17:30:35.368439 Lima: Foxtrot, sending you 2
2024-10-14 17:30:35.369150 Juliett: Bravo, India, Tango and Alpha, sending you 1
2024-10-14 17:30:35.370714 Tango: India, sending you 2
2024-10-14 17:30:35.371892 Romeo: Foxtrot, sending you 4
2024-10-14 17:30:35.372656 Lima: Romeo, sending you 4
2024-10-14 17:30:35.372932 Papa: Tango, sending you 8
2024-10-14 17:30:35.373672 Tango: Papa, sending you 5
2024-10-14 17:30:35.375702 Papa: Alpha, sending you 2
2024-10-14 17:30:35.377697 Romeo: Lima, sending you 5
2024-10-14 17:30:35.378061 Tango: Alpha, sending you 4
2024-10-14 17:30:35.389683 Alpha: Bravo and Papa, sending you 3
2024-10-14 17:30:35.392670 Alpha: India, sending you 1
2024-10-14 17:30:35.396664 Alpha: Tango, sending you 4
chatterbot Tango submitting transactions
chatterbot Foxtrot submitting transactions
chatterbot Lima submitting transactions
chatterbot Whiskey submitting transactions
chatterbot India submitting transactions
chatterbot Bravo submitting transactions
chatterbot Romeo submitting transactions
chatterbot Papa submitting transactions
chatterbot Alpha submitting transactions
chatterbot Juliett submitting transactions
ChatterBot Bravo round 5
ChatterBot Whiskey round 5
ChatterBot Foxtrot round 5
ChatterBot Romeo round 5
ChatterBot India round 5
ChatterBot Papa round 5
ChatterBot Juliett round 5
ChatterBot Tango round 5
ChatterBot Lima round 5
ChatterBot Alpha round 5
2024-10-14 17:30:36.124160 Whiskey: We should add Lima
2024-10-14 17:30:36.130591 Foxtrot: Yes
2024-10-14 17:30:36.130884 Romeo: Yes
2024-10-14 17:30:36.170391 Bravo: We should drop Juliett
ChatterBot India reevaluating
ChatterBot Papa reevaluating
2024-10-14 17:30:36.194030 Tango: Yes
2024-10-14 17:30:36.194216 India: Yes
2024-10-14 17:30:36.194330 Papa: Yes
2024-10-14 17:30:36.194436 Alpha: Yes
ChatterBot India reevaluating
ChatterBot Papa reevaluating
ChatterBot Papa reevaluating
ChatterBot India reevaluating
ChatterBot India reevaluating
ChatterBot Papa reevaluating
2024-10-14 17:30:36.249438 Whiskey: Lima we want you to join our group
2024-10-14 17:30:36.252469 Lima: No
2024-10-14 17:30:36.263658 Romeo: Whiskey, sending you 2
2024-10-14 17:30:36.265837 Foxtrot: Whiskey and Romeo, sending you 4
2024-10-14 17:30:36.268667 Romeo: Foxtrot and Lima, sending you 4
2024-10-14 17:30:36.268975 Foxtrot: Lima, sending you 3
2024-10-14 17:30:36.272655 Juliett: Bravo, India, Papa and Tango, sending you 1
2024-10-14 17:30:36.273661 Whiskey: Foxtrot, sending you 5
2024-10-14 17:30:36.274671 Lima: Foxtrot, sending you 2
2024-10-14 17:30:36.276714 Whiskey: Romeo, sending you 3
2024-10-14 17:30:36.279672 Lima: Romeo, sending you 4
2024-10-14 17:30:36.280124 Tango: Bravo, sending you 3
2024-10-14 17:30:36.280472 Whiskey: Lima, sending you 1
2024-10-14 17:30:36.280803 Alpha: Bravo and Papa, sending you 3
2024-10-14 17:30:36.281112 Papa: India, sending you 1
2024-10-14 17:30:36.283072 Tango: India, sending you 2
2024-10-14 17:30:36.284650 Alpha: India, sending you 1
2024-10-14 17:30:36.284978 Papa: Tango, sending you 7
2024-10-14 17:30:36.285669 Tango: Papa, sending you 5
2024-10-14 17:30:36.287655 Papa: Alpha, sending you 3
2024-10-14 17:30:36.288826 Alpha: Tango, sending you 4
2024-10-14 17:30:36.289201 Tango: Alpha, sending you 4
chatterbot Alpha submitting transactions
chatterbot Foxtrot submitting transactions
chatterbot Juliett submitting transactions
chatterbot Whiskey submitting transactions
chatterbot Tango submitting transactions
chatterbot India submitting transactions
chatterbot Lima submitting transactions
chatterbot Bravo submitting transactions
chatterbot Romeo submitting transactions
chatterbot Papa submitting transactions
ChatterBot Bravo round 6
ChatterBot Whiskey round 6
ChatterBot Foxtrot round 6
ChatterBot Romeo round 6
ChatterBot India round 6
ChatterBot Papa round 6
ChatterBot Juliett round 6
ChatterBot Tango round 6
ChatterBot Lima round 6
ChatterBot Alpha round 6
2024-10-14 17:30:37.520010 Lima: We should add Whiskey
2024-10-14 17:30:37.525998 Romeo: Yes
2024-10-14 17:30:37.526222 Foxtrot: Yes
2024-10-14 17:30:37.547652 Bravo: We should drop Juliett
2024-10-14 17:30:37.563120 Tango: Yes
2024-10-14 17:30:37.563404 India: Yes
2024-10-14 17:30:37.563549 Papa: Yes
2024-10-14 17:30:37.563728 Alpha: Yes
2024-10-14 17:30:37.633723 Lima: Whiskey we want you to join our group
2024-10-14 17:30:37.637193 Whiskey: Yes
2024-10-14 17:30:37.652247 Romeo: Whiskey, sending you 2
2024-10-14 17:30:37.652890 Foxtrot: Whiskey and Romeo, sending you 4
2024-10-14 17:30:37.653314 Whiskey: Foxtrot, sending you 4
2024-10-14 17:30:37.653607 Papa: India, sending you 1
2024-10-14 17:30:37.656233 Foxtrot: Lima, sending you 3
2024-10-14 17:30:37.656867 Romeo: Foxtrot and Lima, sending you 4
2024-10-14 17:30:37.657333 Whiskey: Romeo, sending you 3
2024-10-14 17:30:37.657708 Papa: Tango, sending you 7
2024-10-14 17:30:37.659707 Lima: Whiskey, sending you 1
2024-10-14 17:30:37.661667 Papa: Alpha, sending you 3
2024-10-14 17:30:37.662116 Tango: Bravo, sending you 3
2024-10-14 17:30:37.662471 Alpha: Bravo, sending you 3
2024-10-14 17:30:37.662891 Whiskey: Lima, sending you 2
2024-10-14 17:30:37.664280 Lima: Foxtrot, sending you 2
2024-10-14 17:30:37.665670 Tango: India, sending you 2
2024-10-14 17:30:37.666251 Alpha: India and Papa, sending you 2
2024-10-14 17:30:37.667738 Lima: Romeo, sending you 3
2024-10-14 17:30:37.668688 Tango: Papa, sending you 5
2024-10-14 17:30:37.670692 Alpha: Tango, sending you 4
2024-10-14 17:30:37.671919 Juliett: Bravo, India, Papa and Tango, sending you 1
2024-10-14 17:30:37.672677 Tango: Alpha, sending you 4
chatterbot Juliett submitting transactions
chatterbot Papa submitting transactions
chatterbot Whiskey submitting transactions
chatterbot Bravo submitting transactions
chatterbot Alpha submitting transactions
chatterbot Foxtrot submitting transactions
chatterbot Tango submitting transactions
chatterbot India submitting transactions
chatterbot Romeo submitting transactions
chatterbot Lima submitting transactions
ChatterBot Bravo round 7
ChatterBot Whiskey round 7
ChatterBot Foxtrot round 7
ChatterBot Romeo round 7
ChatterBot India round 7
ChatterBot Papa round 7
ChatterBot Juliett round 7
ChatterBot Tango round 7
ChatterBot Lima round 7
ChatterBot Alpha round 7
2024-10-14 17:30:38.799626 Bravo: We should drop Juliett
2024-10-14 17:30:38.814267 Tango: Yes
2024-10-14 17:30:38.814423 India: Yes
2024-10-14 17:30:38.814547 Papa: Yes
2024-10-14 17:30:38.814691 Alpha: Yes
2024-10-14 17:30:38.882684 Whiskey: Foxtrot and Romeo, sending you 1
2024-10-14 17:30:38.883711 Romeo: Whiskey, sending you 2
2024-10-14 17:30:38.886677 Foxtrot: Whiskey and Romeo, sending you 4
2024-10-14 17:30:38.887661 Romeo: Foxtrot and Lima, sending you 4
2024-10-14 17:30:38.889667 Foxtrot: Lima, sending you 3
2024-10-14 17:30:38.892665 Juliett: Bravo, India, Papa and Tango, sending you 1
2024-10-14 17:30:38.895694 Papa: Bravo and India, sending you 1
2024-10-14 17:30:38.898712 Alpha: Bravo, sending you 3
2024-10-14 17:30:38.900676 Tango: Bravo, India and Alpha, sending you 3
2024-10-14 17:30:38.901276 Papa: Tango, sending you 6
2024-10-14 17:30:38.902258 Lima: Whiskey, sending you 1
2024-10-14 17:30:38.902643 Alpha: India and Papa, sending you 2
2024-10-14 17:30:38.904654 Tango: Papa, sending you 5
2024-10-14 17:30:38.905065 Papa: Alpha, sending you 3
2024-10-14 17:30:38.905663 Alpha: Tango, sending you 4
2024-10-14 17:30:38.907653 Lima: Foxtrot, sending you 2
2024-10-14 17:30:38.911684 Lima: Romeo, sending you 3
chatterbot Papa submitting transactions
chatterbot Tango submitting transactions
chatterbot India submitting transactions
chatterbot Bravo submitting transactions
chatterbot Foxtrot submitting transactions
chatterbot Whiskey submitting transactions
chatterbot Juliett submitting transactions
chatterbot Romeo submitting transactions
chatterbot Alpha submitting transactions
chatterbot Lima submitting transactions
ChatterBot Bravo round 8
ChatterBot Whiskey round 8
ChatterBot Foxtrot round 8
ChatterBot Romeo round 8
ChatterBot India round 8
ChatterBot Papa round 8
ChatterBot Juliett round 8
ChatterBot Tango round 8
ChatterBot Lima round 8
ChatterBot Alpha round 8
2024-10-14 17:30:40.035236 Papa: We should add Foxtrot
2024-10-14 17:30:40.048201 Tango: No
2024-10-14 17:30:40.048397 Bravo: No
2024-10-14 17:30:40.048553 India: No
2024-10-14 17:30:40.048708 Alpha: No
ChatterBot Papa reevaluating
ChatterBot Papa reevaluating
ChatterBot Papa reevaluating
ChatterBot Papa reevaluating
2024-10-14 17:30:40.109914 Bravo: We should drop Juliett
ChatterBot Papa reevaluating
2024-10-14 17:30:40.126259 Tango: Yes
2024-10-14 17:30:40.126430 India: Yes
2024-10-14 17:30:40.126568 Papa: Yes
2024-10-14 17:30:40.126715 Alpha: Yes
ChatterBot Papa reevaluating
ChatterBot Papa reevaluating
ChatterBot Papa reevaluating
2024-10-14 17:30:40.177093 Papa: We should add Lima
2024-10-14 17:30:40.188362 Tango: No
2024-10-14 17:30:40.188505 Bravo: No
2024-10-14 17:30:40.188610 India: No
2024-10-14 17:30:40.188723 Alpha: No
ChatterBot Papa reevaluating
ChatterBot Papa reevaluating
ChatterBot Papa reevaluating
ChatterBot Papa reevaluating
2024-10-14 17:30:40.232744 Papa: We should add Romeo
2024-10-14 17:30:40.243158 Tango: No
2024-10-14 17:30:40.243288 Bravo: No
2024-10-14 17:30:40.243384 India: No
2024-10-14 17:30:40.243471 Alpha: No
ChatterBot Papa reevaluating
ChatterBot Papa reevaluating
ChatterBot Papa reevaluating
ChatterBot Papa reevaluating
2024-10-14 17:30:40.285649 Romeo: Whiskey, sending you 2
2024-10-14 17:30:40.289680 Romeo: Foxtrot and Lima, sending you 4
2024-10-14 17:30:40.290301 Whiskey: Foxtrot, sending you 4
2024-10-14 17:30:40.290870 Foxtrot: Whiskey and Lima, sending you 3
2024-10-14 17:30:40.294665 Whiskey: Romeo, sending you 3
2024-10-14 17:30:40.295680 Foxtrot: Romeo, sending you 5
2024-10-14 17:30:40.296153 Juliett: Bravo, India, Papa and Tango, sending you 1
2024-10-14 17:30:40.297685 Tango: Bravo, India and Alpha, sending you 3
2024-10-14 17:30:40.298161 Whiskey: Lima, sending you 2
2024-10-14 17:30:40.302048 Lima: Whiskey, sending you 1
2024-10-14 17:30:40.302703 Tango: Papa, sending you 5
2024-10-14 17:30:40.303440 Alpha: Bravo, sending you 3
2024-10-14 17:30:40.306663 Lima: Foxtrot, sending you 2
2024-10-14 17:30:40.308829 Alpha: India and Papa, sending you 2
2024-10-14 17:30:40.309671 Papa: Bravo and India, sending you 1
2024-10-14 17:30:40.310690 Lima: Romeo, sending you 3
2024-10-14 17:30:40.312653 Papa: Tango, sending you 6
2024-10-14 17:30:40.314360 Alpha: Tango, sending you 4
2024-10-14 17:30:40.317663 Papa: Alpha, sending you 3
chatterbot Romeo submitting transactions
chatterbot Whiskey submitting transactions
chatterbot Foxtrot submitting transactions
chatterbot Papa submitting transactions
chatterbot Juliett submitting transactions
chatterbot India submitting transactions
chatterbot Bravo submitting transactions
chatterbot Tango submitting transactions
chatterbot Lima submitting transactions
chatterbot Alpha submitting transactions
ChatterBot Bravo round 9
ChatterBot Whiskey round 9
ChatterBot Foxtrot round 9
ChatterBot Romeo round 9
ChatterBot India round 9
ChatterBot Papa round 9
ChatterBot Juliett round 9
ChatterBot Tango round 9
ChatterBot Lima round 9
ChatterBot Alpha round 9
2024-10-14 17:30:41.337799 Bravo: We should drop Juliett
2024-10-14 17:30:41.351963 Tango: Yes
2024-10-14 17:30:41.352124 India: Yes
2024-10-14 17:30:41.352240 Papa: Yes
2024-10-14 17:30:41.352344 Alpha: Yes
2024-10-14 17:30:41.398721 Romeo: Whiskey, sending you 2
2024-10-14 17:30:41.400754 Foxtrot: Whiskey and Romeo, sending you 4
2024-10-14 17:30:41.401675 Romeo: Foxtrot and Lima, sending you 4
2024-10-14 17:30:41.403675 Foxtrot: Lima, sending you 3
2024-10-14 17:30:41.404679 Juliett: Bravo, India, Papa and Tango, sending you 1
2024-10-14 17:30:41.405682 Whiskey: Foxtrot, sending you 4
2024-10-14 17:30:41.406691 Alpha: Bravo and India, sending you 2
2024-10-14 17:30:41.409730 Whiskey: Romeo, sending you 3
2024-10-14 17:30:41.410895 Papa: Bravo and India, sending you 1
2024-10-14 17:30:41.412688 Alpha: Papa, sending you 3
2024-10-14 17:30:41.414122 Whiskey: Lima, sending you 2
2024-10-14 17:30:41.414654 Lima: Whiskey, sending you 1
2024-10-14 17:30:41.415683 Papa: Tango, sending you 6
2024-10-14 17:30:41.416436 Alpha: Tango, sending you 4
2024-10-14 17:30:41.417670 Tango: Bravo, sending you 2
2024-10-14 17:30:41.418174 Lima: Foxtrot, sending you 2
2024-10-14 17:30:41.419848 Papa: Alpha, sending you 3
2024-10-14 17:30:41.420661 Tango: India, sending you 3
2024-10-14 17:30:41.422783 Lima: Romeo, sending you 3
2024-10-14 17:30:41.424704 Tango: Papa, sending you 5
2024-10-14 17:30:41.428693 Tango: Alpha, sending you 4
chatterbot Foxtrot submitting transactions
chatterbot Bravo submitting transactions
chatterbot India submitting transactions
chatterbot Alpha submitting transactions
chatterbot Whiskey submitting transactions
chatterbot Papa submitting transactions
chatterbot Juliett submitting transactions
chatterbot Lima submitting transactions
chatterbot Tango submitting transactions
chatterbot Romeo submitting transactions
ChatterBot Bravo round 10
ChatterBot Whiskey round 10
ChatterBot Foxtrot round 10
ChatterBot Romeo round 10
ChatterBot India round 10
ChatterBot Papa round 10
ChatterBot Juliett round 10
ChatterBot Tango round 10
ChatterBot Lima round 10
ChatterBot Alpha round 10
2024-10-14 17:30:42.562048 Bravo: We should drop Juliett
2024-10-14 17:30:42.577335 Tango: Yes
2024-10-14 17:30:42.577534 India: Yes
2024-10-14 17:30:42.577705 Papa: Yes
2024-10-14 17:30:42.577861 Alpha: Yes
2024-10-14 17:30:42.656655 Whiskey: Foxtrot, sending you 4
2024-10-14 17:30:42.661684 Whiskey: Romeo, sending you 3
2024-10-14 17:30:42.663671 Papa: India, sending you 2
2024-10-14 17:30:42.664329 Romeo: Whiskey, sending you 2
2024-10-14 17:30:42.664794 Whiskey: Lima, sending you 2
2024-10-14 17:30:42.665801 Foxtrot: Whiskey and Romeo, sending you 4
2024-10-14 17:30:42.667656 Tango: Bravo, sending you 2
2024-10-14 17:30:42.668232 Papa: Tango, sending you 6
2024-10-14 17:30:42.669213 Romeo: Foxtrot and Lima, sending you 4
2024-10-14 17:30:42.669674 Foxtrot: Lima, sending you 3
2024-10-14 17:30:42.672653 Tango: India, sending you 3
2024-10-14 17:30:42.673105 Juliett: Bravo, India, Papa and Tango, sending you 1
2024-10-14 17:30:42.673519 Lima: Whiskey, sending you 1
2024-10-14 17:30:42.673894 Papa: Alpha, sending you 3
2024-10-14 17:30:42.676698 Tango: Papa, sending you 5
2024-10-14 17:30:42.677425 Lima: Foxtrot, sending you 2
2024-10-14 17:30:42.679676 Alpha: Bravo and India, sending you 2
2024-10-14 17:30:42.680239 Tango: Alpha, sending you 4
2024-10-14 17:30:42.682670 Lima: Romeo, sending you 3
2024-10-14 17:30:42.684696 Alpha: Papa, sending you 3
2024-10-14 17:30:42.689668 Alpha: Tango, sending you 4
chatterbot Bravo submitting transactions
chatterbot Romeo submitting transactions
chatterbot Whiskey submitting transactions
chatterbot Tango submitting transactions
chatterbot Foxtrot submitting transactions
chatterbot India submitting transactions
chatterbot Papa submitting transactions
chatterbot Lima submitting transactions
chatterbot Juliett submitting transactions
chatterbot Alpha submitting transactions
ChatterBot Bravo round 11
ChatterBot Whiskey round 11
ChatterBot Foxtrot round 11
ChatterBot Romeo round 11
ChatterBot India round 11
ChatterBot Papa round 11
ChatterBot Juliett round 11
ChatterBot Tango round 11
ChatterBot Lima round 11
ChatterBot Alpha round 11
2024-10-14 17:30:43.927080 Foxtrot: We should add Juliett
2024-10-14 17:30:43.938278 Romeo: No
2024-10-14 17:30:43.938448 Lima: No
2024-10-14 17:30:43.938596 Whiskey: No
ChatterBot Foxtrot reevaluating
ChatterBot Foxtrot reevaluating
ChatterBot Foxtrot reevaluating
2024-10-14 17:30:43.986384 Bravo: We should drop Juliett
2024-10-14 17:30:43.999728 Tango: Yes
2024-10-14 17:30:43.999902 India: Yes
2024-10-14 17:30:44.000017 Papa: Yes
2024-10-14 17:30:44.000154 Alpha: Yes
2024-10-14 17:30:44.084917 Papa: India, sending you 2
2024-10-14 17:30:44.085894 Romeo: Whiskey, sending you 2
2024-10-14 17:30:44.086394 Whiskey: Foxtrot, sending you 4
2024-10-14 17:30:44.086901 Alpha: Bravo and India, sending you 2
2024-10-14 17:30:44.088683 Romeo: Foxtrot and Lima, sending you 4
2024-10-14 17:30:44.089314 Juliett: Bravo, India, Papa and Tango, sending you 1
2024-10-14 17:30:44.090529 Papa: Tango, sending you 6
2024-10-14 17:30:44.091407 Whiskey: Romeo, sending you 3
2024-10-14 17:30:44.092490 Alpha: Papa, sending you 3
2024-10-14 17:30:44.093345 Lima: Whiskey, sending you 1
2024-10-14 17:30:44.094343 Tango: Bravo, sending you 2
2024-10-14 17:30:44.095275 Papa: Alpha, sending you 3
2024-10-14 17:30:44.096542 Whiskey: Lima, sending you 2
2024-10-14 17:30:44.097143 Alpha: Tango, sending you 4
2024-10-14 17:30:44.097987 Lima: Foxtrot, sending you 2
2024-10-14 17:30:44.098945 Tango: India, sending you 4
2024-10-14 17:30:44.099845 Foxtrot: Whiskey and Romeo, sending you 4
2024-10-14 17:30:44.101666 Lima: Romeo, sending you 3
2024-10-14 17:30:44.102675 Tango: Papa, sending you 5
2024-10-14 17:30:44.104686 Foxtrot: Lima, sending you 3
2024-10-14 17:30:44.109040 Tango: Alpha, sending you 3
chatterbot Bravo submitting transactions
chatterbot Romeo submitting transactions
chatterbot Whiskey submitting transactions
chatterbot Tango submitting transactions
chatterbot Foxtrot submitting transactions
chatterbot India submitting transactions
chatterbot Lima submitting transactions
chatterbot Juliett submitting transactions
chatterbot Papa submitting transactions
chatterbot Alpha submitting transactions
ChatterBot Bravo round 12
ChatterBot Whiskey round 12
ChatterBot Foxtrot round 12
ChatterBot Romeo round 12
ChatterBot India round 12
ChatterBot Papa round 12
ChatterBot Juliett round 12
ChatterBot Tango round 12
ChatterBot Lima round 12
ChatterBot Alpha round 12
2024-10-14 17:30:45.286096 Bravo: We should drop Juliett
2024-10-14 17:30:45.306071 Tango: Yes
2024-10-14 17:30:45.306969 India: Yes
2024-10-14 17:30:45.307180 Papa: Yes
2024-10-14 17:30:45.307351 Alpha: Yes
2024-10-14 17:30:45.382657 Whiskey: Foxtrot, sending you 4
2024-10-14 17:30:45.386682 Whiskey: Romeo, sending you 3
2024-10-14 17:30:45.389129 Foxtrot: Whiskey and Romeo, sending you 4
2024-10-14 17:30:45.392669 Whiskey: Lima, sending you 2
2024-10-14 17:30:45.393462 Foxtrot: Lima, sending you 3
2024-10-14 17:30:45.396682 Tango: Bravo, sending you 2
2024-10-14 17:30:45.398696 Juliett: Bravo, India, Papa and Tango, sending you 1
2024-10-14 17:30:45.399326 Alpha: Bravo and India, sending you 2
2024-10-14 17:30:45.400692 Papa: India, sending you 2
2024-10-14 17:30:45.401785 Lima: Whiskey, sending you 1
2024-10-14 17:30:45.402197 Tango: India, sending you 4
2024-10-14 17:30:45.402743 Romeo: Whiskey, sending you 2
2024-10-14 17:30:45.403100 Alpha: Papa, sending you 3
2024-10-14 17:30:45.407087 Papa: Tango, sending you 6
2024-10-14 17:30:45.407729 Lima: Foxtrot, sending you 2
2024-10-14 17:30:45.408159 Alpha: Tango, sending you 4
2024-10-14 17:30:45.409071 Tango: Papa, sending you 5
2024-10-14 17:30:45.410186 Romeo: Foxtrot and Lima, sending you 4
2024-10-14 17:30:45.412684 Papa: Alpha, sending you 3
2024-10-14 17:30:45.413516 Lima: Romeo, sending you 3
2024-10-14 17:30:45.414700 Tango: Alpha, sending you 3
chatterbot Whiskey submitting transactions
chatterbot India submitting transactions
chatterbot Alpha submitting transactions
chatterbot Lima submitting transactions
chatterbot Foxtrot submitting transactions
chatterbot Tango submitting transactions
chatterbot Papa submitting transactions
chatterbot Juliett submitting transactions
chatterbot Bravo submitting transactions
chatterbot Romeo submitting transactions
ChatterBot Bravo round 13
ChatterBot Whiskey round 13
ChatterBot Foxtrot round 13
ChatterBot Romeo round 13
ChatterBot India round 13
ChatterBot Papa round 13
ChatterBot Juliett round 13
ChatterBot Tango round 13
ChatterBot Lima round 13
ChatterBot Alpha round 13
2024-10-14 17:30:46.680801 Bravo: We should drop Juliett
2024-10-14 17:30:46.702245 Tango: Yes
2024-10-14 17:30:46.702468 India: Yes
2024-10-14 17:30:46.702678 Papa: Yes
2024-10-14 17:30:46.702838 Alpha: Yes
ChatterBot Alpha reevaluating
2024-10-14 17:30:46.763695 Juliett: Bravo, India, Papa and Tango, sending you 1
2024-10-14 17:30:46.765377 Papa: India, sending you 2
2024-10-14 17:30:46.766593 Whiskey: Foxtrot and Romeo, sending you 1
2024-10-14 17:30:46.767523 Foxtrot: Whiskey and Romeo, sending you 4
2024-10-14 17:30:46.768263 Tango: Bravo and Alpha, sending you 3
2024-10-14 17:30:46.769183 Romeo: Whiskey, sending you 2
2024-10-14 17:30:46.769557 Lima: Whiskey, sending you 1
2024-10-14 17:30:46.770675 Alpha: We should drop Bravo
ChatterBot India reevaluating
2024-10-14 17:30:46.779629 India: Yes
2024-10-14 17:30:46.779763 Papa: No
2024-10-14 17:30:46.779862 Tango: No
ChatterBot Alpha reevaluating
ChatterBot Alpha reevaluating
ChatterBot India reevaluating
ChatterBot Alpha reevaluating
ChatterBot India reevaluating
2024-10-14 17:30:46.807460 Papa: Tango, sending you 6
2024-10-14 17:30:46.808033 Foxtrot: Lima, sending you 3
2024-10-14 17:30:46.808495 Lima: Foxtrot, sending you 2
2024-10-14 17:30:46.808892 Tango: India and Papa, sending you 4
2024-10-14 17:30:46.810330 Romeo: Foxtrot and Lima, sending you 4
2024-10-14 17:30:46.810815 Papa: Alpha, sending you 3
2024-10-14 17:30:46.813662 Lima: Romeo, sending you 3
2024-10-14 17:30:46.825652 Alpha: Bravo and India, sending you 2
2024-10-14 17:30:46.830672 Alpha: Papa, sending you 3
2024-10-14 17:30:46.835680 Alpha: Tango, sending you 4
chatterbot Juliett submitting transactions
chatterbot Tango submitting transactions
chatterbot Whiskey submitting transactions
chatterbot Foxtrot submitting transactions
chatterbot Papa submitting transactions
chatterbot Bravo submitting transactions
chatterbot India submitting transactions
chatterbot Alpha submitting transactions
chatterbot Romeo submitting transactions
chatterbot Lima submitting transactions
ChatterBot Bravo round 14
ChatterBot Whiskey round 14
ChatterBot Foxtrot round 14
ChatterBot Romeo round 14
ChatterBot India round 14
ChatterBot Papa round 14
ChatterBot Juliett round 14
ChatterBot Tango round 14
ChatterBot Lima round 14
ChatterBot Alpha round 14
2024-10-14 17:30:47.663146 India: We should drop Alpha
2024-10-14 17:30:47.673815 Bravo: No
2024-10-14 17:30:47.673977 Papa: No
2024-10-14 17:30:47.674094 Tango: No
ChatterBot India reevaluating
ChatterBot India reevaluating
ChatterBot India reevaluating
2024-10-14 17:30:47.703275 Bravo: We should drop Juliett
ChatterBot India reevaluating
2024-10-14 17:30:47.715334 Tango: Yes
2024-10-14 17:30:47.715535 India: Yes
2024-10-14 17:30:47.715726 Papa: Yes
2024-10-14 17:30:47.715882 Alpha: Yes
ChatterBot India reevaluating
ChatterBot India reevaluating
ChatterBot India reevaluating
2024-10-14 17:30:47.890682 Alpha: We should drop India
ChatterBot Tango reevaluating
2024-10-14 17:30:47.911840 Bravo: No
2024-10-14 17:30:47.913363 Papa: No
2024-10-14 17:30:47.914077 Tango: Yes
ChatterBot Alpha reevaluating
ChatterBot Tango reevaluating
ChatterBot Alpha reevaluating
ChatterBot Tango reevaluating
ChatterBot Alpha reevaluating
ChatterBot Bravo reevaluating
2024-10-14 17:30:47.992338 Juliett: Bravo, Papa, Tango and Alpha, sending you 1
2024-10-14 17:30:47.994831 Papa: Bravo, sending you 1
2024-10-14 17:30:47.997259 Romeo: Whiskey, sending you 2
2024-10-14 17:30:47.998327 Whiskey: Foxtrot, sending you 4
