ChatterBot Echo round 1
ChatterBot Charlie round 1
ChatterBot Tango round 1
ChatterBot Delta round 1
ChatterBot Oscar round 1
ChatterBot Zulu round 1
ChatterBot Quebec round 1
ChatterBot Foxtrot round 1
ChatterBot Victor round 1
ChatterBot Yankee round 1
randomSelections Tango: {Tango, Victor, Quebec, Zulu, Yankee, Foxtrot, Delta, Charlie} 
2024-10-14 22:31:21.675627 Tango: Friends?
ChatterBot Victor reevaluating
ChatterBot Quebec reevaluating
ChatterBot Zulu reevaluating
ChatterBot Yankee reevaluating
ChatterBot Foxtrot reevaluating
ChatterBot Delta reevaluating
ChatterBot Charlie reevaluating
2024-10-14 22:31:21.699429 Victor: Yes
2024-10-14 22:31:21.699620 Quebec: Yes
2024-10-14 22:31:21.699763 Zulu: Yes
2024-10-14 22:31:21.699920 Yankee: Yes
2024-10-14 22:31:21.700948 Foxtrot: Yes
2024-10-14 22:31:21.701064 Delta: Yes
2024-10-14 22:31:21.701195 Charlie: Yes
ChatterBot Quebec reevaluating
ChatterBot Zulu reevaluating
ChatterBot Yankee reevaluating
ChatterBot Foxtrot reevaluating
ChatterBot Delta reevaluating
ChatterBot Charlie reevaluating
ChatterBot Victor reevaluating
ChatterBot Zulu reevaluating
ChatterBot Yankee reevaluating
ChatterBot Foxtrot reevaluating
ChatterBot Delta reevaluating
ChatterBot Charlie reevaluating
ChatterBot Victor reevaluating
ChatterBot Quebec reevaluating
ChatterBot Yankee reevaluating
ChatterBot Foxtrot reevaluating
ChatterBot Delta reevaluating
ChatterBot Charlie reevaluating
ChatterBot Victor reevaluating
ChatterBot Quebec reevaluating
ChatterBot Zulu reevaluating
ChatterBot Foxtrot reevaluating
ChatterBot Delta reevaluating
ChatterBot Charlie reevaluating
ChatterBot Victor reevaluating
ChatterBot Quebec reevaluating
ChatterBot Zulu reevaluating
ChatterBot Yankee reevaluating
ChatterBot Delta reevaluating
ChatterBot Charlie reevaluating
ChatterBot Victor reevaluating
ChatterBot Quebec reevaluating
ChatterBot Zulu reevaluating
ChatterBot Yankee reevaluating
ChatterBot Foxtrot reevaluating
ChatterBot Charlie reevaluating
ChatterBot Victor reevaluating
ChatterBot Quebec reevaluating
ChatterBot Zulu reevaluating
ChatterBot Yankee reevaluating
ChatterBot Foxtrot reevaluating
ChatterBot Delta reevaluating
randomSelections Oscar: {Oscar, Quebec, Zulu, Foxtrot, Delta, Yankee, Tango, Victor} 
2024-10-14 22:31:21.915288 Oscar: Let's form a team
ChatterBot Quebec reevaluating
ChatterBot Zulu reevaluating
ChatterBot Foxtrot reevaluating
ChatterBot Delta reevaluating
ChatterBot Yankee reevaluating
ChatterBot Victor reevaluating
2024-10-14 22:31:21.927537 Quebec: No
2024-10-14 22:31:21.927863 Zulu: No
2024-10-14 22:31:21.928055 Foxtrot: No
2024-10-14 22:31:21.928925 Delta: No
2024-10-14 22:31:21.929229 Yankee: No
2024-10-14 22:31:21.929444 Tango: No
2024-10-14 22:31:21.929706 Victor: No
ChatterBot Zulu reevaluating
ChatterBot Foxtrot reevaluating
ChatterBot Delta reevaluating
ChatterBot Yankee reevaluating
ChatterBot Victor reevaluating
ChatterBot Quebec reevaluating
ChatterBot Foxtrot reevaluating
ChatterBot Delta reevaluating
ChatterBot Yankee reevaluating
ChatterBot Victor reevaluating
ChatterBot Quebec reevaluating
ChatterBot Zulu reevaluating
ChatterBot Delta reevaluating
ChatterBot Yankee reevaluating
ChatterBot Victor reevaluating
ChatterBot Quebec reevaluating
ChatterBot Zulu reevaluating
ChatterBot Foxtrot reevaluating
ChatterBot Yankee reevaluating
ChatterBot Victor reevaluating
ChatterBot Quebec reevaluating
ChatterBot Zulu reevaluating
ChatterBot Foxtrot reevaluating
ChatterBot Delta reevaluating
ChatterBot Victor reevaluating
ChatterBot Quebec reevaluating
ChatterBot Zulu reevaluating
ChatterBot Foxtrot reevaluating
ChatterBot Delta reevaluating
ChatterBot Yankee reevaluating
ChatterBot Victor reevaluating
ChatterBot Quebec reevaluating
ChatterBot Zulu reevaluating
ChatterBot Foxtrot reevaluating
ChatterBot Delta reevaluating
ChatterBot Yankee reevaluating
randomSelections Echo: {Echo, Quebec, Delta, Tango, Yankee, Victor, Foxtrot, Zulu} 
2024-10-14 22:31:22.045065 Echo: Can we be friends?
ChatterBot Quebec reevaluating
ChatterBot Delta reevaluating
ChatterBot Yankee reevaluating
ChatterBot Victor reevaluating
ChatterBot Foxtrot reevaluating
ChatterBot Zulu reevaluating
2024-10-14 22:31:22.054953 Quebec: No
2024-10-14 22:31:22.055193 Delta: No
2024-10-14 22:31:22.055348 Tango: No
2024-10-14 22:31:22.056085 Yankee: No
2024-10-14 22:31:22.056281 Victor: No
2024-10-14 22:31:22.056492 Foxtrot: No
2024-10-14 22:31:22.056731 Zulu: No
ChatterBot Delta reevaluating
ChatterBot Yankee reevaluating
ChatterBot Victor reevaluating
ChatterBot Foxtrot reevaluating
ChatterBot Zulu reevaluating
ChatterBot Quebec reevaluating
ChatterBot Yankee reevaluating
ChatterBot Victor reevaluating
ChatterBot Foxtrot reevaluating
ChatterBot Zulu reevaluating
ChatterBot Quebec reevaluating
ChatterBot Delta reevaluating
ChatterBot Yankee reevaluating
ChatterBot Victor reevaluating
ChatterBot Foxtrot reevaluating
ChatterBot Zulu reevaluating
ChatterBot Quebec reevaluating
ChatterBot Delta reevaluating
ChatterBot Victor reevaluating
ChatterBot Foxtrot reevaluating
ChatterBot Zulu reevaluating
ChatterBot Quebec reevaluating
ChatterBot Delta reevaluating
ChatterBot Yankee reevaluating
ChatterBot Foxtrot reevaluating
ChatterBot Zulu reevaluating
ChatterBot Quebec reevaluating
ChatterBot Delta reevaluating
ChatterBot Yankee reevaluating
ChatterBot Victor reevaluating
ChatterBot Zulu reevaluating
ChatterBot Quebec reevaluating
ChatterBot Delta reevaluating
ChatterBot Yankee reevaluating
ChatterBot Victor reevaluating
ChatterBot Foxtrot reevaluating
2024-10-14 22:31:22.180120 Oscar: Tango, sending you 4
2024-10-14 22:31:22.198014 Delta: Charlie and Victor, sending you 1
2024-10-14 22:31:22.199121 Echo: Tango and Victor, sending you 4
2024-10-14 22:31:22.199653 Oscar: Delta, Zulu and Victor, sending you 1
2024-10-14 22:31:22.200674 Tango: Charlie and Zulu, sending you 1
2024-10-14 22:31:22.201090 Charlie: Tango, sending you 4
2024-10-14 22:31:22.207556 Delta: Tango, sending you 7
2024-10-14 22:31:22.208573 Echo: Delta, sending you 3
2024-10-14 22:31:22.208951 Yankee: Charlie and Foxtrot, sending you 4
2024-10-14 22:31:22.209794 Oscar: Quebec, sending you 7
2024-10-14 22:31:22.210104 Victor: Charlie and Delta, sending you 3
2024-10-14 22:31:22.210436 Foxtrot: Charlie, sending you 3
2024-10-14 22:31:22.211157 Zulu: Charlie, Delta, Quebec, Foxtrot and Yankee, sending you 2
2024-10-14 22:31:22.211524 Quebec: Tango, sending you 3
2024-10-14 22:31:22.211866 Tango: Delta, sending you 2
2024-10-14 22:31:22.212674 Charlie: Delta, sending you 5
2024-10-14 22:31:22.213084 Delta: Zulu and Foxtrot, sending you 2
2024-10-14 22:31:22.213890 Echo: Zulu, Foxtrot and Yankee, sending you 1
2024-10-14 22:31:22.214220 Yankee: Tango and Delta, sending you 1
2024-10-14 22:31:22.214523 Oscar: Foxtrot, sending you 2
2024-10-14 22:31:22.215440 Victor: Tango, Zulu, Foxtrot and Yankee, sending you 2
2024-10-14 22:31:22.215890 Quebec: Delta, sending you 1
2024-10-14 22:31:22.216226 Foxtrot: Tango, Quebec and Yankee, sending you 2
2024-10-14 22:31:22.217166 Zulu: Tango and Victor, sending you 1
2024-10-14 22:31:22.217597 Echo: Quebec, sending you 2
2024-10-14 22:31:22.217923 Charlie: Zulu, Foxtrot and Yankee, sending you 1
2024-10-14 22:31:22.218871 Yankee: Zulu, Quebec and Victor, sending you 2
2024-10-14 22:31:22.219244 Delta: Quebec and Yankee, sending you 3
2024-10-14 22:31:22.219575 Victor: Quebec, sending you 1
2024-10-14 22:31:22.220364 Quebec: Zulu, sending you 4
2024-10-14 22:31:22.220778 Foxtrot: Delta, sending you 4
2024-10-14 22:31:22.221807 Charlie: Quebec and Victor, sending you 2
2024-10-14 22:31:22.228919 Quebec: Foxtrot, Victor and Yankee, sending you 2
2024-10-14 22:31:22.229515 Foxtrot: Zulu and Victor, sending you 1
chatterbot Echo submitting transactions
chatterbot Foxtrot submitting transactions
chatterbot Yankee submitting transactions
chatterbot Victor submitting transactions
chatterbot Delta submitting transactions
chatterbot Oscar submitting transactions
chatterbot Quebec submitting transactions
chatterbot Charlie submitting transactions
chatterbot Tango submitting transactions
chatterbot Zulu submitting transactions
ChatterBot Echo round 2
ChatterBot Charlie round 2
ChatterBot Tango round 2
ChatterBot Delta round 2
2024-10-14 22:31:26.833348 Echo: Let's form a team
ChatterBot Charlie reevaluating
ChatterBot Delta reevaluating
ChatterBot Zulu reevaluating
ChatterBot Foxtrot reevaluating
ChatterBot Victor reevaluating
ChatterBot Yankee reevaluating
2024-10-14 22:31:26.920651 Charlie: Yes
2024-10-14 22:31:26.920846 Delta: Yes
2024-10-14 22:31:26.921 Zulu: No
2024-10-14 22:31:26.921526 Foxtrot: No
2024-10-14 22:31:26.921689 Victor: No
2024-10-14 22:31:26.921840 Yankee: No
ChatterBot Echo reevaluating
ChatterBot Delta reevaluating
ChatterBot Zulu reevaluating
ChatterBot Foxtrot reevaluating
ChatterBot Victor reevaluating
ChatterBot Yankee reevaluating
ChatterBot Echo reevaluating
ChatterBot Charlie reevaluating
ChatterBot Zulu reevaluating
ChatterBot Foxtrot reevaluating
ChatterBot Victor reevaluating
ChatterBot Yankee reevaluating
ChatterBot Echo reevaluating
ChatterBot Charlie reevaluating
ChatterBot Delta reevaluating
ChatterBot Foxtrot reevaluating
ChatterBot Victor reevaluating
ChatterBot Yankee reevaluating
ChatterBot Echo reevaluating
ChatterBot Charlie reevaluating
ChatterBot Delta reevaluating
ChatterBot Zulu reevaluating
ChatterBot Victor reevaluating
ChatterBot Yankee reevaluating
ChatterBot Echo reevaluating
ChatterBot Charlie reevaluating
ChatterBot Delta reevaluating
ChatterBot Zulu reevaluating
ChatterBot Foxtrot reevaluating
ChatterBot Yankee reevaluating
ChatterBot Echo reevaluating
ChatterBot Charlie reevaluating
ChatterBot Delta reevaluating
ChatterBot Zulu reevaluating
ChatterBot Foxtrot reevaluating
ChatterBot Victor reevaluating
ChatterBot Oscar round 2
ChatterBot Zulu round 2
ChatterBot Quebec round 2
ChatterBot Foxtrot round 2
ChatterBot Victor round 2
ChatterBot Yankee round 2
2024-10-14 22:31:27.442996 Tango: We should add Echo
ChatterBot Victor reevaluating
ChatterBot Quebec reevaluating
ChatterBot Zulu reevaluating
ChatterBot Yankee reevaluating
ChatterBot Foxtrot reevaluating
ChatterBot Delta reevaluating
ChatterBot Charlie reevaluating
2024-10-14 22:31:27.488122 Victor: Yes
2024-10-14 22:31:27.488332 Quebec: No
2024-10-14 22:31:27.488577 Zulu: Yes
2024-10-14 22:31:27.488898 Yankee: Yes
2024-10-14 22:31:27.489137 Foxtrot: Yes
2024-10-14 22:31:27.489977 Delta: Yes
2024-10-14 22:31:27.490276 Charlie: Yes
ChatterBot Quebec reevaluating
ChatterBot Zulu reevaluating
ChatterBot Yankee reevaluating
ChatterBot Foxtrot reevaluating
ChatterBot Delta reevaluating
ChatterBot Charlie reevaluating
ChatterBot Victor reevaluating
ChatterBot Zulu reevaluating
ChatterBot Yankee reevaluating
ChatterBot Foxtrot reevaluating
ChatterBot Delta reevaluating
ChatterBot Charlie reevaluating
ChatterBot Victor reevaluating
ChatterBot Quebec reevaluating
ChatterBot Yankee reevaluating
ChatterBot Foxtrot reevaluating
ChatterBot Delta reevaluating
ChatterBot Charlie reevaluating
ChatterBot Victor reevaluating
ChatterBot Quebec reevaluating
ChatterBot Zulu reevaluating
ChatterBot Foxtrot reevaluating
ChatterBot Delta reevaluating
ChatterBot Charlie reevaluating
ChatterBot Victor reevaluating
ChatterBot Quebec reevaluating
ChatterBot Zulu reevaluating
ChatterBot Yankee reevaluating
ChatterBot Delta reevaluating
ChatterBot Charlie reevaluating
ChatterBot Victor reevaluating
ChatterBot Quebec reevaluating
ChatterBot Zulu reevaluating
ChatterBot Yankee reevaluating
ChatterBot Foxtrot reevaluating
ChatterBot Charlie reevaluating
ChatterBot Victor reevaluating
ChatterBot Quebec reevaluating
ChatterBot Zulu reevaluating
ChatterBot Yankee reevaluating
ChatterBot Foxtrot reevaluating
ChatterBot Delta reevaluating
2024-10-14 22:31:27.717517 Zulu: We should add Echo and Oscar
2024-10-14 22:31:27.718334 Yankee: We should replace Tango with Echo
ChatterBot Victor reevaluating
ChatterBot Quebec reevaluating
ChatterBot Yankee reevaluating
ChatterBot Foxtrot reevaluating
ChatterBot Delta reevaluating
ChatterBot Charlie reevaluating
2024-10-14 22:31:27.763998 Tango: No
2024-10-14 22:31:27.764174 Victor: No
ChatterBot Victor reevaluating
2024-10-14 22:31:27.772104 Quebec: Yes
ChatterBot Quebec reevaluating
ChatterBot Zulu reevaluating
2024-10-14 22:31:27.780719 Yankee: No
2024-10-14 22:31:27.781459 Foxtrot: No
ChatterBot Foxtrot reevaluating
2024-10-14 22:31:27.785759 Delta: No
ChatterBot Delta reevaluating
2024-10-14 22:31:27.790478 Charlie: No
ChatterBot Charlie reevaluating
2024-10-14 22:31:27.794897 Victor: Yes
2024-10-14 22:31:27.795030 Quebec: Yes
2024-10-14 22:31:27.795143 Zulu: No
2024-10-14 22:31:27.795246 Foxtrot: Yes
2024-10-14 22:31:27.795846 Delta: Yes
2024-10-14 22:31:27.795942 Charlie: Yes
ChatterBot Victor reevaluating
ChatterBot Quebec reevaluating
ChatterBot Zulu reevaluating
ChatterBot Yankee reevaluating
ChatterBot Foxtrot reevaluating
ChatterBot Delta reevaluating
ChatterBot Charlie reevaluating
ChatterBot Quebec reevaluating
ChatterBot Zulu reevaluating
ChatterBot Yankee reevaluating
ChatterBot Foxtrot reevaluating
ChatterBot Delta reevaluating
ChatterBot Charlie reevaluating
ChatterBot Victor reevaluating
ChatterBot Zulu reevaluating
ChatterBot Yankee reevaluating
ChatterBot Foxtrot reevaluating
ChatterBot Delta reevaluating
ChatterBot Charlie reevaluating
ChatterBot Victor reevaluating
ChatterBot Quebec reevaluating
ChatterBot Zulu reevaluating
ChatterBot Foxtrot reevaluating
ChatterBot Delta reevaluating
ChatterBot Charlie reevaluating
ChatterBot Victor reevaluating
ChatterBot Quebec reevaluating
ChatterBot Zulu reevaluating
ChatterBot Yankee reevaluating
ChatterBot Delta reevaluating
ChatterBot Charlie reevaluating
ChatterBot Victor reevaluating
ChatterBot Quebec reevaluating
ChatterBot Zulu reevaluating
ChatterBot Yankee reevaluating
ChatterBot Foxtrot reevaluating
ChatterBot Charlie reevaluating
ChatterBot Victor reevaluating
ChatterBot Quebec reevaluating
ChatterBot Zulu reevaluating
ChatterBot Yankee reevaluating
ChatterBot Foxtrot reevaluating
ChatterBot Delta reevaluating
ChatterBot Quebec reevaluating
ChatterBot Zulu reevaluating
ChatterBot Yankee reevaluating
ChatterBot Foxtrot reevaluating
ChatterBot Delta reevaluating
ChatterBot Charlie reevaluating
ChatterBot Victor reevaluating
ChatterBot Zulu reevaluating
ChatterBot Yankee reevaluating
ChatterBot Foxtrot reevaluating
ChatterBot Delta reevaluating
ChatterBot Charlie reevaluating
ChatterBot Victor reevaluating
ChatterBot Quebec reevaluating
ChatterBot Yankee reevaluating
ChatterBot Foxtrot reevaluating
ChatterBot Delta reevaluating
ChatterBot Charlie reevaluating
ChatterBot Victor reevaluating
ChatterBot Quebec reevaluating
ChatterBot Zulu reevaluating
ChatterBot Yankee reevaluating
ChatterBot Delta reevaluating
ChatterBot Charlie reevaluating
ChatterBot Victor reevaluating
ChatterBot Quebec reevaluating
ChatterBot Zulu reevaluating
ChatterBot Yankee reevaluating
ChatterBot Foxtrot reevaluating
ChatterBot Charlie reevaluating
ChatterBot Victor reevaluating
ChatterBot Quebec reevaluating
ChatterBot Zulu reevaluating
ChatterBot Yankee reevaluating
ChatterBot Foxtrot reevaluating
ChatterBot Delta reevaluating
2024-10-14 22:31:28.457344 Quebec: We should add Oscar
ChatterBot Victor reevaluating
ChatterBot Zulu reevaluating
ChatterBot Yankee reevaluating
ChatterBot Foxtrot reevaluating
ChatterBot Delta reevaluating
ChatterBot Charlie reevaluating
2024-10-14 22:31:28.488841 Tango: No
2024-10-14 22:31:28.489480 Victor: No
2024-10-14 22:31:28.489592 Zulu: No
2024-10-14 22:31:28.489701 Yankee: No
2024-10-14 22:31:28.489867 Foxtrot: No
2024-10-14 22:31:28.489987 Delta: No
2024-10-14 22:31:28.490140 Charlie: No
ChatterBot Victor reevaluating
ChatterBot Quebec reevaluating
ChatterBot Zulu reevaluating
ChatterBot Yankee reevaluating
ChatterBot Foxtrot reevaluating
ChatterBot Delta reevaluating
ChatterBot Charlie reevaluating
ChatterBot Quebec reevaluating
ChatterBot Zulu reevaluating
ChatterBot Yankee reevaluating
ChatterBot Foxtrot reevaluating
ChatterBot Delta reevaluating
ChatterBot Charlie reevaluating
ChatterBot Victor reevaluating
ChatterBot Quebec reevaluating
ChatterBot Yankee reevaluating
ChatterBot Foxtrot reevaluating
ChatterBot Delta reevaluating
ChatterBot Charlie reevaluating
ChatterBot Victor reevaluating
ChatterBot Quebec reevaluating
ChatterBot Zulu reevaluating
ChatterBot Foxtrot reevaluating
ChatterBot Delta reevaluating
ChatterBot Charlie reevaluating
ChatterBot Victor reevaluating
ChatterBot Quebec reevaluating
ChatterBot Zulu reevaluating
ChatterBot Yankee reevaluating
ChatterBot Delta reevaluating
ChatterBot Charlie reevaluating
ChatterBot Victor reevaluating
ChatterBot Quebec reevaluating
ChatterBot Zulu reevaluating
ChatterBot Yankee reevaluating
ChatterBot Foxtrot reevaluating
ChatterBot Charlie reevaluating
ChatterBot Victor reevaluating
ChatterBot Quebec reevaluating
ChatterBot Zulu reevaluating
ChatterBot Yankee reevaluating
ChatterBot Foxtrot reevaluating
ChatterBot Delta reevaluating
2024-10-14 22:31:28.689244 Echo: We should replace Tango with Charlie
ChatterBot Delta reevaluating
ChatterBot Zulu reevaluating
ChatterBot Quebec reevaluating
ChatterBot Victor reevaluating
2024-10-14 22:31:28.710241 Delta: Yes
2024-10-14 22:31:28.710412 Zulu: Yes
2024-10-14 22:31:28.710534 Quebec: Yes
2024-10-14 22:31:28.710638 Foxtrot: Yes
2024-10-14 22:31:28.710771 Victor: Yes
2024-10-14 22:31:28.710906 Yankee: Yes
ChatterBot Echo reevaluating
ChatterBot Zulu reevaluating
ChatterBot Quebec reevaluating
ChatterBot Victor reevaluating
ChatterBot Echo reevaluating
ChatterBot Delta reevaluating
ChatterBot Quebec reevaluating
ChatterBot Victor reevaluating
ChatterBot Echo reevaluating
ChatterBot Delta reevaluating
ChatterBot Zulu reevaluating
ChatterBot Victor reevaluating
ChatterBot Echo reevaluating
ChatterBot Delta reevaluating
ChatterBot Zulu reevaluating
ChatterBot Quebec reevaluating
ChatterBot Victor reevaluating
ChatterBot Echo reevaluating
ChatterBot Delta reevaluating
ChatterBot Zulu reevaluating
ChatterBot Quebec reevaluating
ChatterBot Yankee reevaluating
ChatterBot Echo reevaluating
ChatterBot Delta reevaluating
ChatterBot Zulu reevaluating
ChatterBot Quebec reevaluating
ChatterBot Victor reevaluating
2024-10-14 22:31:28.869610 Oscar: We should add Charlie
ChatterBot Quebec reevaluating
ChatterBot Zulu reevaluating
ChatterBot Delta reevaluating
ChatterBot Yankee reevaluating
2024-10-14 22:31:28.899155 Quebec: Yes
2024-10-14 22:31:28.899367 Zulu: Yes
2024-10-14 22:31:28.899509 Foxtrot: Yes
2024-10-14 22:31:28.899670 Delta: Yes
2024-10-14 22:31:28.899818 Yankee: Yes
2024-10-14 22:31:28.899956 Tango: Yes
2024-10-14 22:31:28.900113 Victor: Yes
ChatterBot Oscar reevaluating
ChatterBot Zulu reevaluating
ChatterBot Delta reevaluating
ChatterBot Yankee reevaluating
ChatterBot Oscar reevaluating
ChatterBot Quebec reevaluating
ChatterBot Delta reevaluating
ChatterBot Yankee reevaluating
ChatterBot Oscar reevaluating
ChatterBot Quebec reevaluating
ChatterBot Zulu reevaluating
ChatterBot Delta reevaluating
ChatterBot Yankee reevaluating
ChatterBot Oscar reevaluating
ChatterBot Quebec reevaluating
ChatterBot Zulu reevaluating
ChatterBot Yankee reevaluating
ChatterBot Oscar reevaluating
ChatterBot Quebec reevaluating
ChatterBot Zulu reevaluating
ChatterBot Delta reevaluating
ChatterBot Oscar reevaluating
ChatterBot Quebec reevaluating
ChatterBot Zulu reevaluating
ChatterBot Delta reevaluating
ChatterBot Yankee reevaluating
ChatterBot Oscar reevaluating
ChatterBot Quebec reevaluating
ChatterBot Zulu reevaluating
ChatterBot Delta reevaluating
ChatterBot Yankee reevaluating
2024-10-14 22:31:29.324012 Tango: Echo we want you to join our group
ChatterBot Echo reevaluating
2024-10-14 22:31:29.331525 Echo: No
ChatterBot Charlie reevaluating
ChatterBot Delta reevaluating
ChatterBot Zulu reevaluating
ChatterBot Quebec reevaluating
ChatterBot Yankee reevaluating
2024-10-14 22:31:29.384884 Foxtrot: We should drop Tango
ChatterBot Charlie reevaluating
ChatterBot Zulu reevaluating
ChatterBot Yankee reevaluating
2024-10-14 22:31:29.412718 Charlie: Yes
2024-10-14 22:31:29.413077 Delta: Yes
2024-10-14 22:31:29.413506 Zulu: Yes
2024-10-14 22:31:29.413989 Quebec: Yes
2024-10-14 22:31:29.414738 Victor: Yes
2024-10-14 22:31:29.415923 Yankee: Yes
ChatterBot Zulu reevaluating
ChatterBot Yankee reevaluating
ChatterBot Charlie reevaluating
ChatterBot Zulu reevaluating
ChatterBot Yankee reevaluating
ChatterBot Charlie reevaluating
ChatterBot Yankee reevaluating
ChatterBot Charlie reevaluating
ChatterBot Zulu reevaluating
ChatterBot Yankee reevaluating
ChatterBot Charlie reevaluating
ChatterBot Zulu reevaluating
ChatterBot Yankee reevaluating
ChatterBot Charlie reevaluating
ChatterBot Zulu reevaluating
2024-10-14 22:31:29.601242 Victor: Echo we want you to join our group
ChatterBot Echo reevaluating
2024-10-14 22:31:29.607290 Echo: Yes
ChatterBot Charlie reevaluating
ChatterBot Zulu reevaluating
ChatterBot Yankee reevaluating
2024-10-14 22:31:29.642849 Delta: Echo we want you to join our group
ChatterBot Echo reevaluating
2024-10-14 22:31:29.649007 Echo: Yes
ChatterBot Charlie reevaluating
ChatterBot Foxtrot reevaluating
ChatterBot Yankee reevaluating
2024-10-14 22:31:29.683504 Zulu: Echo we want you to join our group
ChatterBot Echo reevaluating
2024-10-14 22:31:29.687350 Echo: Yes
ChatterBot Charlie reevaluating
2024-10-14 22:31:29.707215 Tango: Echo and Charlie, sending you 3
2024-10-14 22:31:29.707560 Foxtrot: Echo we want you to join our group
ChatterBot Echo reevaluating
2024-10-14 22:31:29.711408 Echo: Yes
2024-10-14 22:31:29.728935 Tango: Delta, sending you 4
2024-10-14 22:31:29.731668 Tango: Zulu, Foxtrot, Victor and Yankee, sending you 1
2024-10-14 22:31:29.732054 Delta: Echo, Charlie, Zulu, Foxtrot and Victor, sending you 3
2024-10-14 22:31:29.732708 Victor: Echo, sending you 3
2024-10-14 22:31:29.733329 Quebec: Charlie, Zulu, Foxtrot, Victor and Yankee, sending you 2
2024-10-14 22:31:29.733956 Oscar: Sending you each 2
2024-10-14 22:31:29.735673 Tango: Quebec, sending you 2
2024-10-14 22:31:29.736690 Delta: Quebec and Yankee, sending you 2
2024-10-14 22:31:29.737717 Echo: Charlie we want you to join our group
2024-10-14 22:31:29.743154 Charlie: No
ChatterBot Echo reevaluating
ChatterBot Zulu reevaluating
ChatterBot Foxtrot reevaluating
ChatterBot Yankee reevaluating
2024-10-14 22:31:29.777340 Victor: Charlie, Delta, Zulu, Quebec, Foxtrot and Yankee, sending you 2
2024-10-14 22:31:29.778341 Quebec: Delta, sending you 4
2024-10-14 22:31:29.781756 Charlie: Delta, sending you 2
2024-10-14 22:31:29.785146 Charlie: Zulu, Foxtrot and Victor, sending you 3
2024-10-14 22:31:29.785781 Yankee: Echo we want you to join our group
ChatterBot Echo reevaluating
2024-10-14 22:31:29.789825 Echo: Yes
ChatterBot Zulu reevaluating
ChatterBot Foxtrot reevaluating
ChatterBot Yankee reevaluating
2024-10-14 22:31:29.812923 Charlie: Quebec, sending you 1
2024-10-14 22:31:29.816694 Charlie: Yankee, sending you 4
2024-10-14 22:31:29.836669 Yankee: Delta, sending you 4
2024-10-14 22:31:29.839677 Yankee: Zulu, Quebec, Foxtrot and Victor, sending you 3
2024-10-14 22:31:29.844682 Zulu: Echo, Charlie, Delta, Quebec, Victor and Yankee, sending you 2
2024-10-14 22:31:29.848661 Echo: Charlie and Delta, sending you 3
2024-10-14 22:31:29.849677 Zulu: Foxtrot, sending you 1
2024-10-14 22:31:29.851676 Foxtrot: Echo, Charlie, Delta, Zulu, Quebec and Victor, sending you 2
2024-10-14 22:31:29.852157 Echo: Zulu, Quebec, Foxtrot, Victor and Yankee, sending you 2
2024-10-14 22:31:29.855678 Foxtrot: Yankee, sending you 3
chatterbot Oscar submitting transactions
chatterbot Tango submitting transactions
chatterbot Yankee submitting transactions
chatterbot Quebec submitting transactions
chatterbot Delta submitting transactions
chatterbot Victor submitting transactions
chatterbot Charlie submitting transactions
chatterbot Foxtrot submitting transactions
chatterbot Echo submitting transactions
chatterbot Zulu submitting transactions
ChatterBot Echo round 3
ChatterBot Charlie round 3
ChatterBot Tango round 3
ChatterBot Delta round 3
ChatterBot Oscar round 3
ChatterBot Zulu round 3
ChatterBot Quebec round 3
2024-10-14 22:31:30.686274 Delta: We should add Tango
ChatterBot Echo reevaluating
ChatterBot Charlie reevaluating
ChatterBot Zulu reevaluating
ChatterBot Quebec reevaluating
2024-10-14 22:31:30.708358 Victor: No
2024-10-14 22:31:30.708546 Echo: Yes
2024-10-14 22:31:30.708717 Charlie: Yes
2024-10-14 22:31:30.708869 Zulu: Yes
2024-10-14 22:31:30.709497 Quebec: Yes
2024-10-14 22:31:30.709631 Foxtrot: No
2024-10-14 22:31:30.709781 Yankee: No
ChatterBot Echo reevaluating
ChatterBot Charlie reevaluating
ChatterBot Zulu reevaluating
ChatterBot Quebec reevaluating
ChatterBot Yankee reevaluating
ChatterBot Charlie reevaluating
ChatterBot Zulu reevaluating
ChatterBot Quebec reevaluating
ChatterBot Yankee reevaluating
ChatterBot Echo reevaluating
ChatterBot Zulu reevaluating
ChatterBot Quebec reevaluating
ChatterBot Yankee reevaluating
ChatterBot Echo reevaluating
ChatterBot Charlie reevaluating
ChatterBot Quebec reevaluating
ChatterBot Yankee reevaluating
ChatterBot Victor reevaluating
ChatterBot Echo reevaluating
ChatterBot Charlie reevaluating
ChatterBot Zulu reevaluating
ChatterBot Yankee reevaluating
ChatterBot Victor reevaluating
ChatterBot Echo reevaluating
ChatterBot Charlie reevaluating
ChatterBot Zulu reevaluating
ChatterBot Quebec reevaluating
ChatterBot Yankee reevaluating
ChatterBot Victor reevaluating
ChatterBot Echo reevaluating
ChatterBot Charlie reevaluating
ChatterBot Zulu reevaluating
ChatterBot Quebec reevaluating
2024-10-14 22:31:30.994718 Charlie: We should add Echo and Tango
ChatterBot Zulu reevaluating
ChatterBot Quebec reevaluating
ChatterBot Victor reevaluating
ChatterBot Yankee reevaluating
2024-10-14 22:31:31.029571 Delta: Yes
2024-10-14 22:31:31.030488 Zulu: Yes
2024-10-14 22:31:31.030750 Quebec: Yes
2024-10-14 22:31:31.031006 Foxtrot: No
2024-10-14 22:31:31.031285 Victor: Yes
2024-10-14 22:31:31.031650 Yankee: No
ChatterBot Charlie reevaluating
ChatterBot Zulu reevaluating
ChatterBot Quebec reevaluating
ChatterBot Victor reevaluating
ChatterBot Yankee reevaluating
ChatterBot Charlie reevaluating
ChatterBot Quebec reevaluating
ChatterBot Victor reevaluating
ChatterBot Yankee reevaluating
ChatterBot Charlie reevaluating
ChatterBot Zulu reevaluating
ChatterBot Victor reevaluating
ChatterBot Yankee reevaluating
ChatterBot Charlie reevaluating
ChatterBot Zulu reevaluating
ChatterBot Quebec reevaluating
ChatterBot Victor reevaluating
ChatterBot Yankee reevaluating
ChatterBot Charlie reevaluating
ChatterBot Zulu reevaluating
ChatterBot Quebec reevaluating
ChatterBot Yankee reevaluating
ChatterBot Charlie reevaluating
ChatterBot Zulu reevaluating
ChatterBot Quebec reevaluating
ChatterBot Victor reevaluating
2024-10-14 22:31:31.180784 Oscar: We should replace Foxtrot with Tango
ChatterBot Echo reevaluating
ChatterBot Charlie reevaluating
ChatterBot Zulu reevaluating
ChatterBot Quebec reevaluating
ChatterBot Victor reevaluating
ChatterBot Yankee reevaluating
2024-10-14 22:31:31.211362 Echo: No
2024-10-14 22:31:31.211526 Charlie: No
2024-10-14 22:31:31.211682 Delta: No
2024-10-14 22:31:31.211848 Zulu: No
2024-10-14 22:31:31.212008 Quebec: No
2024-10-14 22:31:31.212145 Victor: No
2024-10-14 22:31:31.212285 Yankee: No
ChatterBot Oscar reevaluating
ChatterBot Charlie reevaluating
ChatterBot Zulu reevaluating
ChatterBot Quebec reevaluating
ChatterBot Victor reevaluating
ChatterBot Yankee reevaluating
ChatterBot Oscar reevaluating
ChatterBot Echo reevaluating
ChatterBot Zulu reevaluating
ChatterBot Quebec reevaluating
ChatterBot Victor reevaluating
ChatterBot Yankee reevaluating
ChatterBot Oscar reevaluating
ChatterBot Echo reevaluating
ChatterBot Charlie reevaluating
ChatterBot Zulu reevaluating
ChatterBot Quebec reevaluating
ChatterBot Victor reevaluating
ChatterBot Yankee reevaluating
ChatterBot Oscar reevaluating
ChatterBot Echo reevaluating
ChatterBot Charlie reevaluating
ChatterBot Quebec reevaluating
ChatterBot Victor reevaluating
ChatterBot Yankee reevaluating
ChatterBot Oscar reevaluating
ChatterBot Echo reevaluating
ChatterBot Charlie reevaluating
ChatterBot Zulu reevaluating
ChatterBot Victor reevaluating
ChatterBot Yankee reevaluating
ChatterBot Oscar reevaluating
ChatterBot Echo reevaluating
ChatterBot Charlie reevaluating
ChatterBot Zulu reevaluating
ChatterBot Quebec reevaluating
ChatterBot Yankee reevaluating
ChatterBot Oscar reevaluating
ChatterBot Echo reevaluating
ChatterBot Charlie reevaluating
ChatterBot Zulu reevaluating
ChatterBot Quebec reevaluating
ChatterBot Victor reevaluating
ChatterBot Foxtrot round 3
ChatterBot Victor round 3
ChatterBot Yankee round 3
2024-10-14 22:31:31.393534 Delta: Tango we want you to join our group
2024-10-14 22:31:31.396258 Tango: Yes
ChatterBot Echo reevaluating
ChatterBot Charlie reevaluating
ChatterBot Zulu reevaluating
ChatterBot Quebec reevaluating
ChatterBot Foxtrot reevaluating
ChatterBot Victor reevaluating
ChatterBot Yankee reevaluating
2024-10-14 22:31:31.413786 Foxtrot: We should add Tango
ChatterBot Victor reevaluating
ChatterBot Echo reevaluating
ChatterBot Charlie reevaluating
ChatterBot Zulu reevaluating
ChatterBot Quebec reevaluating
ChatterBot Yankee reevaluating
2024-10-14 22:31:31.429325 Victor: Yes
2024-10-14 22:31:31.429490 Echo: Yes
2024-10-14 22:31:31.429655 Charlie: Yes
2024-10-14 22:31:31.429807 Delta: Yes
2024-10-14 22:31:31.429940 Zulu: Yes
2024-10-14 22:31:31.430077 Quebec: Yes
2024-10-14 22:31:31.430211 Yankee: Yes
ChatterBot Echo reevaluating
ChatterBot Charlie reevaluating
ChatterBot Zulu reevaluating
ChatterBot Quebec reevaluating
ChatterBot Foxtrot reevaluating
ChatterBot Yankee reevaluating
ChatterBot Victor reevaluating
ChatterBot Charlie reevaluating
ChatterBot Zulu reevaluating
ChatterBot Quebec reevaluating
ChatterBot Foxtrot reevaluating
ChatterBot Yankee reevaluating
ChatterBot Victor reevaluating
ChatterBot Echo reevaluating
ChatterBot Zulu reevaluating
ChatterBot Quebec reevaluating
ChatterBot Foxtrot reevaluating
ChatterBot Yankee reevaluating
ChatterBot Victor reevaluating
ChatterBot Echo reevaluating
ChatterBot Charlie reevaluating
ChatterBot Zulu reevaluating
ChatterBot Quebec reevaluating
ChatterBot Foxtrot reevaluating
ChatterBot Yankee reevaluating
ChatterBot Victor reevaluating
ChatterBot Echo reevaluating
ChatterBot Charlie reevaluating
ChatterBot Quebec reevaluating
ChatterBot Foxtrot reevaluating
ChatterBot Yankee reevaluating
ChatterBot Victor reevaluating
ChatterBot Echo reevaluating
ChatterBot Charlie reevaluating
ChatterBot Zulu reevaluating
ChatterBot Foxtrot reevaluating
ChatterBot Yankee reevaluating
ChatterBot Victor reevaluating
ChatterBot Echo reevaluating
ChatterBot Charlie reevaluating
ChatterBot Zulu reevaluating
ChatterBot Quebec reevaluating
ChatterBot Foxtrot reevaluating
2024-10-14 22:31:31.548601 Yankee: We should add Echo and Tango
ChatterBot Foxtrot reevaluating
ChatterBot Victor reevaluating
2024-10-14 22:31:31.558890 Charlie: Yes
2024-10-14 22:31:31.558996 Delta: Yes
2024-10-14 22:31:31.559087 Zulu: Yes
2024-10-14 22:31:31.559174 Quebec: Yes
2024-10-14 22:31:31.559257 Foxtrot: Yes
2024-10-14 22:31:31.559336 Victor: Yes
ChatterBot Foxtrot reevaluating
ChatterBot Victor reevaluating
ChatterBot Yankee reevaluating
ChatterBot Foxtrot reevaluating
ChatterBot Victor reevaluating
ChatterBot Yankee reevaluating
ChatterBot Foxtrot reevaluating
ChatterBot Victor reevaluating
ChatterBot Yankee reevaluating
ChatterBot Foxtrot reevaluating
ChatterBot Victor reevaluating
ChatterBot Yankee reevaluating
ChatterBot Victor reevaluating
ChatterBot Yankee reevaluating
ChatterBot Foxtrot reevaluating
ChatterBot Yankee reevaluating
2024-10-14 22:31:31.637236 Quebec: Echo and Tango we want you to join our group
2024-10-14 22:31:31.640739 Tango: Yes
2024-10-14 22:31:31.640884 Echo: Yes
ChatterBot Foxtrot reevaluating
ChatterBot Yankee reevaluating
ChatterBot Foxtrot reevaluating
ChatterBot Yankee reevaluating
2024-10-14 22:31:31.667585 Zulu: Tango we want you to join our group
2024-10-14 22:31:31.670511 Tango: Yes
ChatterBot Foxtrot reevaluating
ChatterBot Yankee reevaluating
2024-10-14 22:31:31.695566 Echo: Tango we want you to join our group
2024-10-14 22:31:31.699223 Tango: Yes
ChatterBot Foxtrot reevaluating
ChatterBot Yankee reevaluating
2024-10-14 22:31:31.716025 Charlie: Echo and Tango we want you to join our group
2024-10-14 22:31:31.719910 Tango: Yes
2024-10-14 22:31:31.720027 Echo: Yes
ChatterBot Foxtrot reevaluating
ChatterBot Yankee reevaluating
ChatterBot Foxtrot reevaluating
ChatterBot Yankee reevaluating
2024-10-14 22:31:31.749869 Victor: Tango we want you to join our group
2024-10-14 22:31:31.752215 Tango: Yes
ChatterBot Foxtrot reevaluating
ChatterBot Yankee reevaluating
chatterbot Delta submitting transactions
chatterbot Tango submitting transactions
2024-10-14 22:31:31.769671 Tango: Echo and Quebec, sending you 2
2024-10-14 22:31:31.770688 Delta: Echo, Zulu, Quebec, Foxtrot, Victor and Yankee, sending you 2
2024-10-14 22:31:31.771692 Oscar: Echo, Charlie and Yankee, sending you 3
2024-10-14 22:31:31.772665 Tango: Charlie, sending you 3
2024-10-14 22:31:31.774668 Foxtrot: Tango we want you to join our group
2024-10-14 22:31:31.776790 Tango: Yes
2024-10-14 22:31:31.789926 Delta: Charlie, sending you 3
2024-10-14 22:31:31.790362 Oscar: Delta, Zulu and Victor, sending you 2
2024-10-14 22:31:31.790703 Yankee: Echo and Tango we want you to join our group
2024-10-14 22:31:31.794509 Tango: Yes
2024-10-14 22:31:31.794631 Echo: Yes
ChatterBot Yankee reevaluating
ChatterBot Yankee reevaluating
2024-10-14 22:31:31.822967 Yankee: We should add Echo and Oscar
2024-10-14 22:31:31.836693 Charlie: No
2024-10-14 22:31:31.836953 Delta: No
2024-10-14 22:31:31.837101 Zulu: No
2024-10-14 22:31:31.837264 Quebec: No
2024-10-14 22:31:31.837446 Foxtrot: No
2024-10-14 22:31:31.837595 Victor: No
ChatterBot Yankee reevaluating
ChatterBot Yankee reevaluating
ChatterBot Yankee reevaluating
ChatterBot Yankee reevaluating
ChatterBot Yankee reevaluating
ChatterBot Yankee reevaluating
2024-10-14 22:31:31.921920 Tango: Delta, sending you 5
2024-10-14 22:31:31.923158 Delta: Tango, sending you 4
2024-10-14 22:31:31.923695 Oscar: Foxtrot, sending you 1
2024-10-14 22:31:31.925879 Quebec: Echo, Tango, Delta, Zulu, Foxtrot, Victor and Yankee, sending you 2
2024-10-14 22:31:31.927329 Echo: Charlie and Yankee, sending you 1
2024-10-14 22:31:31.928141 Tango: Zulu, Foxtrot, Victor and Yankee, sending you 1
2024-10-14 22:31:31.929103 Victor: Echo, Charlie, Delta, Zulu, Quebec, Foxtrot and Yankee, sending you 2
2024-10-14 22:31:31.930733 Zulu: Echo and Tango, sending you 1
2024-10-14 22:31:31.931705 Charlie: Echo, Delta, Zulu, Foxtrot, Victor and Yankee, sending you 2
2024-10-14 22:31:31.932813 Echo: Tango, sending you 4
2024-10-14 22:31:31.935682 Victor: Tango, sending you 1
2024-10-14 22:31:31.936489 Charlie: Tango, sending you 3
chatterbot Charlie submitting transactions
2024-10-14 22:31:31.937300 Zulu: Charlie, Delta, Quebec, Foxtrot, Victor and Yankee, sending you 2
2024-10-14 22:31:31.937994 Echo: Delta and Victor, sending you 3
2024-10-14 22:31:31.938938 Foxtrot: Echo, Charlie, Delta, Zulu, Quebec and Victor, sending you 2
2024-10-14 22:31:31.940671 Charlie: Quebec, sending you 1
2024-10-14 22:31:31.943672 Echo: Zulu and Foxtrot, sending you 2
2024-10-14 22:31:31.944632 Foxtrot: Yankee, sending you 3
chatterbot Zulu submitting transactions
2024-10-14 22:31:31.947809 Yankee: Echo, sending you 1
2024-10-14 22:31:31.953667 Yankee: Charlie, Delta and Foxtrot, sending you 3
2024-10-14 22:31:31.958688 Yankee: Zulu, Quebec and Victor, sending you 2
chatterbot Quebec submitting transactions
chatterbot Yankee submitting transactions
chatterbot Echo submitting transactions
chatterbot Oscar submitting transactions
chatterbot Foxtrot submitting transactions
chatterbot Victor submitting transactions
ChatterBot Echo round 4
ChatterBot Charlie round 4
ChatterBot Tango round 4
ChatterBot Delta round 4
ChatterBot Oscar round 4
ChatterBot Zulu round 4
ChatterBot Quebec round 4
ChatterBot Foxtrot round 4
ChatterBot Victor round 4
ChatterBot Yankee round 4
2024-10-14 22:31:32.884414 Oscar: We should replace Quebec with Tango
2024-10-14 22:31:32.908636 Echo: No
2024-10-14 22:31:32.908881 Charlie: No
2024-10-14 22:31:32.909133 Delta: No
2024-10-14 22:31:32.909350 Zulu: No
2024-10-14 22:31:32.909499 Foxtrot: No
2024-10-14 22:31:32.909778 Victor: No
2024-10-14 22:31:32.909994 Yankee: No
ChatterBot Oscar reevaluating
ChatterBot Oscar reevaluating
ChatterBot Oscar reevaluating
ChatterBot Oscar reevaluating
ChatterBot Oscar reevaluating
ChatterBot Oscar reevaluating
ChatterBot Oscar reevaluating
2024-10-14 22:31:33.070472 Oscar: We should add Tango
2024-10-14 22:31:33.086597 Quebec: Yes
2024-10-14 22:31:33.086785 Echo: Yes
2024-10-14 22:31:33.086935 Charlie: Yes
2024-10-14 22:31:33.087043 Delta: Yes
2024-10-14 22:31:33.087161 Zulu: Yes
2024-10-14 22:31:33.087286 Foxtrot: Yes
2024-10-14 22:31:33.087459 Victor: Yes
2024-10-14 22:31:33.087568 Yankee: Yes
ChatterBot Oscar reevaluating
ChatterBot Oscar reevaluating
ChatterBot Oscar reevaluating
ChatterBot Oscar reevaluating
ChatterBot Oscar reevaluating
ChatterBot Oscar reevaluating
ChatterBot Oscar reevaluating
ChatterBot Oscar reevaluating
2024-10-14 22:31:33.215239 Oscar: We should replace Zulu with Tango
2024-10-14 22:31:33.228693 Echo: No
2024-10-14 22:31:33.228861 Charlie: No
2024-10-14 22:31:33.228969 Delta: No
2024-10-14 22:31:33.229060 Quebec: No
2024-10-14 22:31:33.229203 Foxtrot: No
2024-10-14 22:31:33.229313 Victor: No
2024-10-14 22:31:33.229401 Yankee: No
ChatterBot Oscar reevaluating
ChatterBot Oscar reevaluating
ChatterBot Oscar reevaluating
ChatterBot Oscar reevaluating
ChatterBot Oscar reevaluating
ChatterBot Oscar reevaluating
ChatterBot Oscar reevaluating
chatterbot Quebec submitting transactions
2024-10-14 22:31:33.327660 Tango: Echo and Charlie, sending you 3
2024-10-14 22:31:33.328451 Delta: Echo, Charlie, Zulu, Quebec, Foxtrot and Victor, sending you 2
2024-10-14 22:31:33.329083 Echo: Charlie, Zulu, Quebec, Foxtrot and Victor, sending you 2
2024-10-14 22:31:33.329707 Charlie: Echo and Quebec, sending you 1
2024-10-14 22:31:33.330304 Zulu: Echo, Charlie, Delta, Quebec, Foxtrot, Victor and Yankee, sending you 2
2024-10-14 22:31:33.331024 Oscar: Tango we want you to join our group
2024-10-14 22:31:33.334070 Tango: No
ChatterBot Oscar reevaluating
2024-10-14 22:31:33.353560 Foxtrot: Echo, Charlie, Delta, Zulu, Quebec, Victor and Yankee, sending you 2
2024-10-14 22:31:33.354426 Tango: Delta, sending you 4
2024-10-14 22:31:33.355151 Delta: Tango, sending you 4
2024-10-14 22:31:33.356320 Echo: Tango and Delta, sending you 3
2024-10-14 22:31:33.357063 Charlie: Tango, Zulu, Foxtrot, Victor and Yankee, sending you 2
2024-10-14 22:31:33.357901 Foxtrot: Tango, sending you 1
2024-10-14 22:31:33.358632 Yankee: Echo and Tango, sending you 1
2024-10-14 22:31:33.359322 Tango: Zulu, Foxtrot, Victor and Yankee, sending you 1
2024-10-14 22:31:33.360677 Delta: Yankee, sending you 3
2024-10-14 22:31:33.361970 Quebec: Charlie, Tango, Delta, Zulu, Foxtrot, Victor and Yankee, sending you 2
2024-10-14 22:31:33.363337 Charlie: Delta, sending you 4
2024-10-14 22:31:33.364560 Victor: Echo, Charlie, Delta, Zulu, Quebec, Foxtrot and Yankee, sending you 2
2024-10-14 22:31:33.365979 Yankee: Charlie, Delta, Zulu, Quebec and Victor, sending you 2
2024-10-14 22:31:33.367246 Tango: Quebec, sending you 2
2024-10-14 22:31:33.370682 Victor: Tango, sending you 1
2024-10-14 22:31:33.371725 Yankee: Foxtrot, sending you 4
chatterbot Tango submitting transactions
2024-10-14 22:31:33.391836 Oscar: Echo, sending you 5
2024-10-14 22:31:33.394685 Oscar: Charlie and Yankee, sending you 3
2024-10-14 22:31:33.399696 Oscar: Delta and Zulu, sending you 2
