ChatterBot Charlie round 1
ChatterBot Zulu round 1
ChatterBot Hotel round 1
ChatterBot Kilo round 1
ChatterBot Golf round 1
ChatterBot Victor round 1
ChatterBot Echo round 1
randomSelections Charlie: {Charlie, Golf, Delta, Yankee, Victor, Echo} 
2024-10-14 22:31:21.276546 Charlie: Friends?
ChatterBot Golf reevaluating
ChatterBot Victor reevaluating
ChatterBot Echo reevaluating
2024-10-14 22:31:21.350624 Golf: Yes
2024-10-14 22:31:21.350874 Victor: Yes
2024-10-14 22:31:21.351062 Echo: Yes
ChatterBot Victor reevaluating
ChatterBot Echo reevaluating
ChatterBot Golf reevaluating
ChatterBot Echo reevaluating
ChatterBot Golf reevaluating
ChatterBot Victor reevaluating
ChatterBot Delta round 1
ChatterBot Delta reevaluating
ChatterBot Delta reevaluating
ChatterBot Delta reevaluating
ChatterBot Delta reevaluating
2024-10-14 22:31:21.417283 Delta: Yes
ChatterBot Golf reevaluating
ChatterBot Victor reevaluating
ChatterBot Echo reevaluating
ChatterBot Yankee round 1
ChatterBot Yankee reevaluating
ChatterBot Yankee reevaluating
ChatterBot Yankee reevaluating
ChatterBot Yankee reevaluating
ChatterBot Yankee reevaluating
2024-10-14 22:31:21.440522 Yankee: Yes
ChatterBot Golf reevaluating
ChatterBot Delta reevaluating
ChatterBot Victor reevaluating
ChatterBot Echo reevaluating
ChatterBot Bravo round 1
randomSelections Hotel: {Hotel, Yankee, Victor, Bravo, Golf, Zulu, Echo} 
2024-10-14 22:31:21.456654 Hotel: Friends?
ChatterBot Yankee reevaluating
ChatterBot Victor reevaluating
ChatterBot Bravo reevaluating
ChatterBot Golf reevaluating
ChatterBot Zulu reevaluating
ChatterBot Echo reevaluating
2024-10-14 22:31:21.471498 Yankee: No
2024-10-14 22:31:21.471770 Victor: No
2024-10-14 22:31:21.471962 Bravo: Yes
2024-10-14 22:31:21.472135 Golf: No
2024-10-14 22:31:21.473004 Zulu: Yes
2024-10-14 22:31:21.473157 Echo: No
ChatterBot Victor reevaluating
ChatterBot Bravo reevaluating
ChatterBot Golf reevaluating
ChatterBot Zulu reevaluating
ChatterBot Echo reevaluating
ChatterBot Yankee reevaluating
ChatterBot Bravo reevaluating
ChatterBot Golf reevaluating
ChatterBot Zulu reevaluating
ChatterBot Echo reevaluating
ChatterBot Yankee reevaluating
ChatterBot Victor reevaluating
ChatterBot Golf reevaluating
ChatterBot Zulu reevaluating
ChatterBot Echo reevaluating
ChatterBot Yankee reevaluating
ChatterBot Victor reevaluating
ChatterBot Bravo reevaluating
ChatterBot Zulu reevaluating
ChatterBot Echo reevaluating
ChatterBot Yankee reevaluating
ChatterBot Victor reevaluating
ChatterBot Bravo reevaluating
ChatterBot Golf reevaluating
ChatterBot Echo reevaluating
ChatterBot Yankee reevaluating
ChatterBot Victor reevaluating
ChatterBot Bravo reevaluating
ChatterBot Golf reevaluating
ChatterBot Zulu reevaluating
randomSelections Kilo: {Kilo, Bravo, Yankee, Zulu, Echo, Delta} 
2024-10-14 22:31:21.560300 Kilo: Let's form a team
ChatterBot Bravo reevaluating
ChatterBot Yankee reevaluating
ChatterBot Zulu reevaluating
ChatterBot Echo reevaluating
ChatterBot Delta reevaluating
2024-10-14 22:31:21.568711 Bravo: No
2024-10-14 22:31:21.568923 Yankee: No
2024-10-14 22:31:21.569117 Zulu: No
2024-10-14 22:31:21.569318 Echo: No
2024-10-14 22:31:21.569523 Delta: No
ChatterBot Yankee reevaluating
ChatterBot Zulu reevaluating
ChatterBot Echo reevaluating
ChatterBot Delta reevaluating
ChatterBot Bravo reevaluating
ChatterBot Zulu reevaluating
ChatterBot Echo reevaluating
ChatterBot Delta reevaluating
ChatterBot Bravo reevaluating
ChatterBot Yankee reevaluating
ChatterBot Echo reevaluating
ChatterBot Delta reevaluating
ChatterBot Bravo reevaluating
ChatterBot Yankee reevaluating
ChatterBot Zulu reevaluating
ChatterBot Delta reevaluating
ChatterBot Bravo reevaluating
ChatterBot Yankee reevaluating
ChatterBot Zulu reevaluating
ChatterBot Echo reevaluating
2024-10-14 22:31:21.637117 Charlie: Golf, Victor and Yankee, sending you 1
2024-10-14 22:31:21.637962 Echo: Charlie, sending you 7
2024-10-14 22:31:21.641930 Echo: Golf, sending you 5
2024-10-14 22:31:21.643826 Charlie: Echo, sending you 2
2024-10-14 22:31:21.644736 Yankee: Charlie, sending you 5
2024-10-14 22:31:21.646866 Zulu: Hotel, Golf, Victor and Bravo, sending you 4
2024-10-14 22:31:21.648896 Hotel: Zulu, Golf and Yankee, sending you 2
2024-10-14 22:31:21.649732 Echo: Victor, sending you 2
2024-10-14 22:31:21.651719 Bravo: Hotel and Victor, sending you 1
2024-10-14 22:31:21.652543 Kilo: Zulu, sending you 1
2024-10-14 22:31:21.654640 Yankee: Golf, Echo and Delta, sending you 2
2024-10-14 22:31:21.656412 Golf: Charlie, sending you 3
2024-10-14 22:31:21.658361 Zulu: Yankee, sending you 2
2024-10-14 22:31:21.660325 Delta: Charlie, Golf and Echo, sending you 4
2024-10-14 22:31:21.662515 Hotel: Victor, sending you 1
2024-10-14 22:31:21.663539 Echo: Delta, sending you 3
2024-10-14 22:31:21.665748 Bravo: Golf and Echo, sending you 2
2024-10-14 22:31:21.668032 Kilo: Echo and Bravo, sending you 3
2024-10-14 22:31:21.668914 Yankee: Victor, sending you 4
2024-10-14 22:31:21.670635 Golf: Victor, Echo and Yankee, sending you 4
2024-10-14 22:31:21.672699 Delta: Victor, sending you 2
2024-10-14 22:31:21.673442 Hotel: Bravo, sending you 3
2024-10-14 22:31:21.674951 Echo: Yankee, sending you 1
2024-10-14 22:31:21.675660 Kilo: Delta, sending you 8
2024-10-14 22:31:21.677347 Delta: Yankee, sending you 5
2024-10-14 22:31:21.679987 Kilo: Yankee, sending you 4
chatterbot Delta submitting transactions
chatterbot Hotel submitting transactions
chatterbot Bravo submitting transactions
chatterbot Zulu submitting transactions
chatterbot Golf submitting transactions
chatterbot Kilo submitting transactions
chatterbot Yankee submitting transactions
chatterbot Echo submitting transactions
chatterbot Charlie submitting transactions
chatterbot Victor submitting transactions
ChatterBot Charlie round 2
ChatterBot Zulu round 2
ChatterBot Hotel round 2
ChatterBot Kilo round 2
2024-10-14 22:31:22.564569 Hotel: Friends?
ChatterBot Zulu reevaluating
ChatterBot Bravo reevaluating
2024-10-14 22:31:22.579902 Zulu: Yes
2024-10-14 22:31:22.580053 Bravo: No
ChatterBot Bravo reevaluating
ChatterBot Hotel reevaluating
ChatterBot Zulu reevaluating
ChatterBot Golf round 2
ChatterBot Victor round 2
2024-10-14 22:31:22.600971 Charlie: We should add Kilo
ChatterBot Golf reevaluating
ChatterBot Delta reevaluating
ChatterBot Yankee reevaluating
ChatterBot Victor reevaluating
ChatterBot Echo reevaluating
2024-10-14 22:31:22.627552 Golf: Yes
2024-10-14 22:31:22.627705 Delta: Yes
2024-10-14 22:31:22.627812 Yankee: No
2024-10-14 22:31:22.627913 Victor: Yes
2024-10-14 22:31:22.628010 Echo: No
ChatterBot Charlie reevaluating
ChatterBot Delta reevaluating
ChatterBot Yankee reevaluating
ChatterBot Victor reevaluating
ChatterBot Echo reevaluating
ChatterBot Charlie reevaluating
ChatterBot Golf reevaluating
ChatterBot Yankee reevaluating
ChatterBot Victor reevaluating
ChatterBot Echo reevaluating
ChatterBot Charlie reevaluating
ChatterBot Golf reevaluating
ChatterBot Delta reevaluating
ChatterBot Victor reevaluating
ChatterBot Echo reevaluating
ChatterBot Charlie reevaluating
ChatterBot Golf reevaluating
ChatterBot Delta reevaluating
ChatterBot Yankee reevaluating
ChatterBot Echo reevaluating
ChatterBot Charlie reevaluating
ChatterBot Golf reevaluating
ChatterBot Delta reevaluating
ChatterBot Yankee reevaluating
ChatterBot Victor reevaluating
2024-10-14 22:31:22.749647 Golf: We should replace Victor with Kilo
ChatterBot Charlie reevaluating
ChatterBot Echo reevaluating
ChatterBot Delta reevaluating
ChatterBot Yankee reevaluating
2024-10-14 22:31:22.783450 Charlie: No
2024-10-14 22:31:22.783608 Echo: Yes
2024-10-14 22:31:22.783754 Delta: No
2024-10-14 22:31:22.783883 Yankee: No
ChatterBot Golf reevaluating
ChatterBot Echo reevaluating
ChatterBot Delta reevaluating
ChatterBot Yankee reevaluating
ChatterBot Golf reevaluating
ChatterBot Charlie reevaluating
ChatterBot Delta reevaluating
ChatterBot Yankee reevaluating
ChatterBot Golf reevaluating
ChatterBot Charlie reevaluating
ChatterBot Echo reevaluating
ChatterBot Yankee reevaluating
ChatterBot Golf reevaluating
ChatterBot Charlie reevaluating
ChatterBot Echo reevaluating
ChatterBot Delta reevaluating
ChatterBot Echo round 2
ChatterBot Delta round 2
2024-10-14 22:31:22.954303 Kilo: We would work well together
ChatterBot Charlie reevaluating
ChatterBot Golf reevaluating
ChatterBot Echo reevaluating
ChatterBot Delta reevaluating
ChatterBot Yankee reevaluating
2024-10-14 22:31:22.985349 Charlie: Yes
2024-10-14 22:31:22.985578 Golf: Yes
2024-10-14 22:31:22.985742 Echo: Yes
2024-10-14 22:31:22.986423 Delta: Yes
2024-10-14 22:31:22.986576 Yankee: No
ChatterBot Golf reevaluating
ChatterBot Echo reevaluating
ChatterBot Delta reevaluating
ChatterBot Yankee reevaluating
ChatterBot Charlie reevaluating
ChatterBot Echo reevaluating
ChatterBot Delta reevaluating
ChatterBot Yankee reevaluating
ChatterBot Charlie reevaluating
ChatterBot Golf reevaluating
ChatterBot Delta reevaluating
ChatterBot Yankee reevaluating
ChatterBot Charlie reevaluating
ChatterBot Golf reevaluating
ChatterBot Echo reevaluating
ChatterBot Yankee reevaluating
ChatterBot Charlie reevaluating
ChatterBot Golf reevaluating
ChatterBot Echo reevaluating
ChatterBot Delta reevaluating
ChatterBot Yankee round 2
ChatterBot Bravo round 2
2024-10-14 22:31:23.147673 Bravo: Friends?
2024-10-14 22:31:23.151924 Kilo: No
ChatterBot Bravo reevaluating
2024-10-14 22:31:23.161053 Yankee: We should replace Victor with Kilo
ChatterBot Golf reevaluating
ChatterBot Charlie reevaluating
2024-10-14 22:31:23.177220 Golf: Yes
2024-10-14 22:31:23.177462 Charlie: Yes
2024-10-14 22:31:23.178005 Echo: Yes
2024-10-14 22:31:23.178159 Delta: Yes
ChatterBot Charlie reevaluating
ChatterBot Yankee reevaluating
ChatterBot Golf reevaluating
ChatterBot Yankee reevaluating
ChatterBot Golf reevaluating
ChatterBot Charlie reevaluating
ChatterBot Yankee reevaluating
ChatterBot Golf reevaluating
ChatterBot Charlie reevaluating
ChatterBot Yankee reevaluating
2024-10-14 22:31:23.255602 Victor: Kilo we want you to join our group
2024-10-14 22:31:23.259923 Kilo: No
ChatterBot Charlie reevaluating
ChatterBot Golf reevaluating
2024-10-14 22:31:23.287188 Echo: Kilo we want you to join our group
2024-10-14 22:31:23.291621 Kilo: Yes
ChatterBot Charlie reevaluating
ChatterBot Golf reevaluating
2024-10-14 22:31:23.314166 Hotel: Zulu, sending you 8
2024-10-14 22:31:23.315215 Delta: Kilo we want you to join our group
2024-10-14 22:31:23.319569 Kilo: Yes
ChatterBot Charlie reevaluating
ChatterBot Golf reevaluating
ChatterBot Yankee reevaluating
2024-10-14 22:31:23.342083 Kilo: Charlie, Golf, Echo and Delta, sending you 4
2024-10-14 22:31:23.342491 Zulu: Hotel, sending you 4
chatterbot Zulu submitting transactions
chatterbot Bravo submitting transactions
2024-10-14 22:31:23.343668 Hotel: Bravo, sending you 4
2024-10-14 22:31:24.008505 Golf: Kilo we want you to join our group
2024-10-14 22:31:24.012912 Kilo: Yes
ChatterBot Yankee reevaluating
2024-10-14 22:31:24.033179 Kilo: Yankee, sending you 3
2024-10-14 22:31:24.033639 Charlie: Kilo we want you to join our group
2024-10-14 22:31:24.038346 Kilo: Yes
ChatterBot Yankee reevaluating
2024-10-14 22:31:24.057268 Zulu: Kilo, sending you 3
2024-10-14 22:31:24.057661 Bravo: Zulu and Kilo, sending you 4
chatterbot Kilo submitting transactions
chatterbot Hotel submitting transactions
2024-10-14 22:31:24.503292 Bravo: Hotel, sending you 5
2024-10-14 22:31:24.503603 Victor: Charlie, sending you 2
2024-10-14 22:31:24.504320 Echo: Charlie and Yankee, sending you 3
2024-10-14 22:31:24.504691 Delta: Kilo, sending you 6
chatterbot Bravo submitting transactions
chatterbot Echo submitting transactions
chatterbot Charlie submitting transactions
2024-10-14 22:31:24.951015 Victor: Kilo, sending you 1
2024-10-14 22:31:24.953008 Echo: Kilo, Golf and Delta, sending you 4
2024-10-14 22:31:24.955866 Delta: Echo, sending you 4
2024-10-14 22:31:24.956712 Charlie: Sending you each 1
2024-10-14 22:31:24.957546 Golf: Charlie, sending you 2
chatterbot Golf submitting transactions
chatterbot Delta submitting transactions
chatterbot Victor submitting transactions
2024-10-14 22:31:24.958177 Victor: Golf and Yankee, sending you 5
2024-10-14 22:31:25.009872 Delta: Yankee, sending you 3
2024-10-14 22:31:25.010326 Golf: Echo, Delta and Yankee, sending you 3
2024-10-14 22:31:25.011210 Yankee: Kilo, Golf and Delta, sending you 4
2024-10-14 22:31:25.011548 Victor: Echo and Delta, sending you 3
chatterbot Yankee submitting transactions
2024-10-14 22:31:25.028611 Yankee: Echo, sending you 3
2024-10-14 22:31:25.028998 Delta: Kilo did not give me 8 like they said
ChatterBot Kilo reevaluating
ChatterBot Charlie reevaluating
ChatterBot Golf reevaluating
ChatterBot Echo reevaluating
ChatterBot Yankee reevaluating
2024-10-14 22:31:25.053039 Golf: We should add Victor
2024-10-14 22:31:25.053354 Echo: We should add Victor
ChatterBot Kilo reevaluating
ChatterBot Charlie reevaluating
ChatterBot Echo reevaluating
ChatterBot Yankee reevaluating
2024-10-14 22:31:25.076755 Kilo: No
ChatterBot Kilo reevaluating
2024-10-14 22:31:25.081934 Charlie: No
ChatterBot Charlie reevaluating
ChatterBot Golf reevaluating
2024-10-14 22:31:25.091225 Echo: Yes
2024-10-14 22:31:25.091487 Delta: No
2024-10-14 22:31:25.095887 Yankee: No
ChatterBot Yankee reevaluating
2024-10-14 22:31:25.100811 Kilo: No
2024-10-14 22:31:25.101017 Charlie: No
2024-10-14 22:31:25.101185 Golf: No
2024-10-14 22:31:25.101326 Delta: No
2024-10-14 22:31:25.101436 Yankee: No
ChatterBot Charlie reevaluating
ChatterBot Golf reevaluating
ChatterBot Echo reevaluating
ChatterBot Yankee reevaluating
ChatterBot Kilo reevaluating
ChatterBot Golf reevaluating
ChatterBot Echo reevaluating
ChatterBot Yankee reevaluating
ChatterBot Kilo reevaluating
ChatterBot Charlie reevaluating
ChatterBot Golf reevaluating
ChatterBot Yankee reevaluating
ChatterBot Kilo reevaluating
ChatterBot Charlie reevaluating
ChatterBot Golf reevaluating
ChatterBot Echo reevaluating
ChatterBot Yankee reevaluating
ChatterBot Kilo reevaluating
ChatterBot Charlie reevaluating
ChatterBot Golf reevaluating
ChatterBot Echo reevaluating
ChatterBot Charlie reevaluating
ChatterBot Golf reevaluating
ChatterBot Echo reevaluating
ChatterBot Yankee reevaluating
ChatterBot Kilo reevaluating
ChatterBot Golf reevaluating
ChatterBot Echo reevaluating
ChatterBot Yankee reevaluating
ChatterBot Kilo reevaluating
ChatterBot Charlie reevaluating
ChatterBot Echo reevaluating
ChatterBot Yankee reevaluating
ChatterBot Kilo reevaluating
ChatterBot Charlie reevaluating
ChatterBot Golf reevaluating
ChatterBot Echo reevaluating
ChatterBot Yankee reevaluating
ChatterBot Kilo reevaluating
ChatterBot Charlie reevaluating
ChatterBot Golf reevaluating
ChatterBot Echo reevaluating
2024-10-14 22:31:25.324737 Victor: Charlie did not give me 1 like they said
ChatterBot Charlie reevaluating
ChatterBot Kilo reevaluating
ChatterBot Golf reevaluating
ChatterBot Echo reevaluating
ChatterBot Delta reevaluating
ChatterBot Yankee reevaluating
2024-10-14 22:31:25.351552 Victor: Zulu did not give me 4 like they said
ChatterBot Charlie reevaluating
ChatterBot Kilo reevaluating
ChatterBot Golf reevaluating
ChatterBot Echo reevaluating
ChatterBot Delta reevaluating
ChatterBot Yankee reevaluating
2024-10-14 22:31:25.377434 Victor: Hotel did not give me 1 like they said
ChatterBot Charlie reevaluating
ChatterBot Kilo reevaluating
ChatterBot Golf reevaluating
ChatterBot Echo reevaluating
ChatterBot Delta reevaluating
ChatterBot Yankee reevaluating
2024-10-14 22:31:25.404647 Victor: Golf did not give me 4 like they said
ChatterBot Charlie reevaluating
ChatterBot Kilo reevaluating
ChatterBot Golf reevaluating
ChatterBot Echo reevaluating
ChatterBot Delta reevaluating
ChatterBot Yankee reevaluating
2024-10-14 22:31:25.435490 Victor: Echo did not give me 2 like they said
ChatterBot Charlie reevaluating
ChatterBot Kilo reevaluating
ChatterBot Golf reevaluating
ChatterBot Echo reevaluating
ChatterBot Delta reevaluating
ChatterBot Yankee reevaluating
2024-10-14 22:31:25.577339 Victor: Delta did not give me 2 like they said
ChatterBot Charlie reevaluating
ChatterBot Kilo reevaluating
ChatterBot Golf reevaluating
ChatterBot Echo reevaluating
ChatterBot Delta reevaluating
ChatterBot Yankee reevaluating
2024-10-14 22:31:25.623547 Victor: Yankee did not give me 4 like they said
ChatterBot Charlie reevaluating
ChatterBot Kilo reevaluating
ChatterBot Golf reevaluating
ChatterBot Echo reevaluating
ChatterBot Delta reevaluating
ChatterBot Yankee reevaluating
2024-10-14 22:31:25.667874 Victor: Bravo did not give me 1 like they said
ChatterBot Charlie reevaluating
ChatterBot Kilo reevaluating
ChatterBot Golf reevaluating
ChatterBot Echo reevaluating
ChatterBot Delta reevaluating
ChatterBot Yankee reevaluating
ChatterBot Charlie round 3
ChatterBot Zulu round 3
ChatterBot Hotel round 3
ChatterBot Kilo round 3
ChatterBot Golf round 3
ChatterBot Victor round 3
ChatterBot Echo round 3
ChatterBot Delta round 3
ChatterBot Yankee round 3
ChatterBot Bravo round 3
2024-10-14 22:31:25.722857 Yankee: We should add Charlie
ChatterBot Kilo reevaluating
ChatterBot Golf reevaluating
ChatterBot Echo reevaluating
ChatterBot Delta reevaluating
2024-10-14 22:31:25.748917 Kilo: Yes
2024-10-14 22:31:25.749524 Golf: Yes
2024-10-14 22:31:25.750349 Echo: Yes
2024-10-14 22:31:25.750633 Delta: Yes
ChatterBot Golf reevaluating
ChatterBot Echo reevaluating
ChatterBot Delta reevaluating
ChatterBot Kilo reevaluating
ChatterBot Echo reevaluating
ChatterBot Delta reevaluating
ChatterBot Kilo reevaluating
ChatterBot Golf reevaluating
ChatterBot Delta reevaluating
ChatterBot Kilo reevaluating
ChatterBot Golf reevaluating
ChatterBot Echo reevaluating
2024-10-14 22:31:25.857690 Echo: We should add Victor
2024-10-14 22:31:25.858108 Delta: We should add Victor
ChatterBot Kilo reevaluating
ChatterBot Charlie reevaluating
ChatterBot Golf reevaluating
ChatterBot Delta reevaluating
2024-10-14 22:31:25.889581 Kilo: No
ChatterBot Kilo reevaluating
2024-10-14 22:31:25.896318 Charlie: Yes
ChatterBot Charlie reevaluating
2024-10-14 22:31:25.902602 Golf: Yes
ChatterBot Golf reevaluating
ChatterBot Echo reevaluating
2024-10-14 22:31:25.915175 Delta: Yes
2024-10-14 22:31:25.915434 Yankee: No
ChatterBot Yankee reevaluating
2024-10-14 22:31:25.921588 Kilo: Yes
2024-10-14 22:31:25.921794 Charlie: Yes
2024-10-14 22:31:25.922378 Golf: Yes
2024-10-14 22:31:25.922524 Echo: Yes
2024-10-14 22:31:25.922689 Yankee: Yes
ChatterBot Charlie reevaluating
ChatterBot Golf reevaluating
ChatterBot Echo reevaluating
ChatterBot Delta reevaluating
ChatterBot Yankee reevaluating
ChatterBot Kilo reevaluating
ChatterBot Golf reevaluating
ChatterBot Echo reevaluating
ChatterBot Delta reevaluating
ChatterBot Yankee reevaluating
ChatterBot Kilo reevaluating
ChatterBot Charlie reevaluating
ChatterBot Echo reevaluating
ChatterBot Delta reevaluating
ChatterBot Yankee reevaluating
ChatterBot Kilo reevaluating
ChatterBot Charlie reevaluating
ChatterBot Golf reevaluating
ChatterBot Echo reevaluating
ChatterBot Yankee reevaluating
ChatterBot Kilo reevaluating
ChatterBot Charlie reevaluating
ChatterBot Golf reevaluating
ChatterBot Echo reevaluating
ChatterBot Delta reevaluating
ChatterBot Charlie reevaluating
ChatterBot Golf reevaluating
ChatterBot Echo reevaluating
ChatterBot Delta reevaluating
ChatterBot Yankee reevaluating
ChatterBot Kilo reevaluating
ChatterBot Golf reevaluating
ChatterBot Echo reevaluating
ChatterBot Delta reevaluating
ChatterBot Yankee reevaluating
ChatterBot Kilo reevaluating
ChatterBot Charlie reevaluating
ChatterBot Echo reevaluating
ChatterBot Delta reevaluating
ChatterBot Yankee reevaluating
ChatterBot Kilo reevaluating
ChatterBot Charlie reevaluating
ChatterBot Golf reevaluating
ChatterBot Delta reevaluating
ChatterBot Yankee reevaluating
ChatterBot Kilo reevaluating
ChatterBot Charlie reevaluating
ChatterBot Golf reevaluating
ChatterBot Echo reevaluating
ChatterBot Delta reevaluating
2024-10-14 22:31:26.284440 Zulu: We should drop Kilo
ChatterBot Bravo reevaluating
2024-10-14 22:31:26.291536 Hotel: Yes
2024-10-14 22:31:26.291687 Bravo: Yes
ChatterBot Bravo reevaluating
2024-10-14 22:31:26.325839 Golf: Victor we want you to join our group
2024-10-14 22:31:26.360096 Victor: Yes
ChatterBot Kilo reevaluating
2024-10-14 22:31:26.446173 Charlie: Victor we want you to join our group
2024-10-14 22:31:26.452922 Victor: Yes
ChatterBot Kilo reevaluating
2024-10-14 22:31:26.487323 Hotel: We should drop Victor
ChatterBot Bravo reevaluating
2024-10-14 22:31:26.499630 Zulu: Yes
2024-10-14 22:31:26.499877 Bravo: Yes
ChatterBot Bravo reevaluating
2024-10-14 22:31:26.523484 Yankee: Victor we want you to join our group
2024-10-14 22:31:26.529171 Victor: Yes
ChatterBot Kilo reevaluating
2024-10-14 22:31:26.557671 Delta: Victor we want you to join our group
2024-10-14 22:31:26.564734 Victor: Yes
ChatterBot Kilo reevaluating
2024-10-14 22:31:26.598572 Echo: Victor we want you to join our group
2024-10-14 22:31:26.605500 Victor: Yes
ChatterBot Kilo reevaluating
2024-10-14 22:31:26.707145 Victor: Charlie, sending you 2
2024-10-14 22:31:26.708765 Kilo: Victor we want you to join our group
2024-10-14 22:31:26.715186 Victor: Yes
chatterbot Hotel submitting transactions
chatterbot Victor submitting transactions
2024-10-14 22:31:26.747764 Victor: Kilo, sending you 1
chatterbot Yankee submitting transactions
2024-10-14 22:31:26.750029 Golf: Charlie, sending you 1
2024-10-14 22:31:26.751050 Charlie: Kilo, Golf, Echo, Delta and Yankee, sending you 1
2024-10-14 22:31:26.751475 Delta: Charlie, sending you 1
2024-10-14 22:31:26.751829 Zulu: Sending you each 4
2024-10-14 22:31:26.752974 Hotel: Sending you each 9
2024-10-14 22:31:26.753199 Yankee: Sending you each 3
2024-10-14 22:31:26.753479 Echo: Charlie, sending you 1
2024-10-14 22:31:26.753892 Victor: Golf and Yankee, sending you 5
2024-10-14 22:31:26.754274 Bravo: Sending you each 5
2024-10-14 22:31:26.755827 Golf: Kilo and Delta, sending you 2
2024-10-14 22:31:26.798592 Delta: Kilo, sending you 6
2024-10-14 22:31:26.800085 Echo: Kilo, Victor and Yankee, sending you 3
2024-10-14 22:31:26.800754 Victor: Echo and Delta, sending you 3
2024-10-14 22:31:26.801747 Golf: Victor, Echo and Yankee, sending you 3
2024-10-14 22:31:26.828458 Echo: Golf and Delta, sending you 4
2024-10-14 22:31:26.829625 Delta: Golf and Victor, sending you 2
2024-10-14 22:31:26.830235 Kilo: Charlie and Victor, sending you 3
2024-10-14 22:31:26.837056 Delta: Echo and Yankee, sending you 4
2024-10-14 22:31:26.837686 Kilo: Golf, sending you 1
2024-10-14 22:31:26.846055 Kilo: Echo, Delta and Yankee, sending you 4
chatterbot Bravo submitting transactions
chatterbot Delta submitting transactions
chatterbot Golf submitting transactions
chatterbot Charlie submitting transactions
chatterbot Kilo submitting transactions
chatterbot Echo submitting transactions
chatterbot Zulu submitting transactions
ChatterBot Charlie round 4
ChatterBot Zulu round 4
ChatterBot Hotel round 4
ChatterBot Kilo round 4
ChatterBot Golf round 4
ChatterBot Victor round 4
ChatterBot Echo round 4
ChatterBot Delta round 4
ChatterBot Yankee round 4
ChatterBot Bravo round 4
2024-10-14 22:31:28.002725 Delta: Charlie, sending you 1
2024-10-14 22:31:28.003682 Victor: Kilo, sending you 2
2024-10-14 22:31:28.016235 Kilo: Charlie, Golf, Victor, Echo and Yankee, sending you 3
2024-10-14 22:31:28.017351 Yankee: Same as last round
2024-10-14 22:31:28.017782 Delta: Kilo, sending you 5
2024-10-14 22:31:28.018603 Victor: Golf and Yankee, sending you 5
2024-10-14 22:31:28.019022 Charlie: Kilo, Golf, Victor, Echo and Delta, sending you 1
2024-10-14 22:31:28.019398 Zulu: Hotel, sending you 3
2024-10-14 22:31:28.020078 Hotel: Same as last round
2024-10-14 22:31:28.020292 Golf: Charlie, sending you 1
2024-10-14 22:31:28.020647 Bravo: Zulu, sending you 5
2024-10-14 22:31:28.020895 Echo: Charlie, sending you 2
2024-10-14 22:31:28.021801 Kilo: Delta, sending you 4
2024-10-14 22:31:28.023309 Delta: Golf, sending you 2
2024-10-14 22:31:28.023866 Victor: Echo, sending you 4
2024-10-14 22:31:28.024233 Zulu: Bravo, sending you 4
2024-10-14 22:31:28.024464 Bravo: Hotel, sending you 4
2024-10-14 22:31:28.041579 Golf: Kilo and Delta, sending you 2
2024-10-14 22:31:28.042356 Echo: Kilo, Golf, Victor and Yankee, sending you 3
2024-10-14 22:31:28.043339 Victor: Delta, sending you 3
2024-10-14 22:31:28.043985 Delta: Victor, sending you 3
2024-10-14 22:31:28.303641 Golf: Victor and Echo, sending you 3
2024-10-14 22:31:28.305702 Echo: Delta, sending you 4
2024-10-14 22:31:28.307483 Delta: Echo and Yankee, sending you 4
chatterbot Golf submitting transactions
chatterbot Echo submitting transactions
chatterbot Yankee submitting transactions
chatterbot Zulu submitting transactions
2024-10-14 22:31:28.310951 Golf: Yankee, sending you 4
chatterbot Charlie submitting transactions
chatterbot Hotel submitting transactions
chatterbot Kilo submitting transactions
chatterbot Delta submitting transactions
chatterbot Victor submitting transactions
chatterbot Bravo submitting transactions
ChatterBot Charlie round 5
ChatterBot Zulu round 5
ChatterBot Hotel round 5
ChatterBot Kilo round 5
ChatterBot Golf round 5
ChatterBot Victor round 5
ChatterBot Echo round 5
ChatterBot Delta round 5
ChatterBot Yankee round 5
ChatterBot Bravo round 5
2024-10-14 22:31:29.066088 Hotel: Same as last round
2024-10-14 22:31:29.066676 Golf: Charlie, sending you 1
2024-10-14 22:31:29.068224 Yankee: Same as last round
2024-10-14 22:31:29.068824 Zulu: Sending you each 3
2024-10-14 22:31:29.069637 Echo: Charlie, sending you 2
2024-10-14 22:31:29.071729 Golf: Kilo and Delta, sending you 2
2024-10-14 22:31:29.072901 Echo: Kilo, Golf, Victor and Yankee, sending you 3
2024-10-14 22:31:29.074364 Victor: Charlie, sending you 1
2024-10-14 22:31:29.075358 Bravo: Zulu, sending you 5
2024-10-14 22:31:29.076446 Charlie: Kilo, Golf, Victor, Echo and Delta, sending you 1
2024-10-14 22:31:29.077638 Golf: Victor and Echo, sending you 3
2024-10-14 22:31:29.079995 Kilo: Charlie, Golf, Victor, Echo and Yankee, sending you 3
2024-10-14 22:31:29.081425 Delta: Charlie, sending you 1
2024-10-14 22:31:29.082279 Echo: Delta, sending you 4
2024-10-14 22:31:29.083504 Bravo: Hotel, sending you 4
2024-10-14 22:31:29.083876 Victor: Kilo, Echo and Delta, sending you 3
2024-10-14 22:31:29.084543 Golf: Yankee, sending you 4
2024-10-14 22:31:29.085608 Kilo: Delta, sending you 4
2024-10-14 22:31:29.086733 Delta: Kilo, sending you 5
2024-10-14 22:31:29.088135 Victor: Golf, sending you 5
2024-10-14 22:31:29.093681 Delta: Golf, sending you 2
2024-10-14 22:31:29.095024 Victor: Yankee, sending you 4
2024-10-14 22:31:29.098718 Delta: Victor, sending you 3
2024-10-14 22:31:29.107320 Delta: Echo and Yankee, sending you 4
chatterbot Bravo submitting transactions
chatterbot Zulu submitting transactions
chatterbot Kilo submitting transactions
chatterbot Golf submitting transactions
chatterbot Echo submitting transactions
chatterbot Delta submitting transactions
chatterbot Victor submitting transactions
chatterbot Yankee submitting transactions
chatterbot Charlie submitting transactions
chatterbot Hotel submitting transactions
ChatterBot Charlie round 6
ChatterBot Zulu round 6
ChatterBot Hotel round 6
ChatterBot Kilo round 6
ChatterBot Golf round 6
ChatterBot Victor round 6
ChatterBot Echo round 6
ChatterBot Delta round 6
ChatterBot Yankee round 6
ChatterBot Bravo round 6
2024-10-14 22:31:30.261697 Zulu: Hotel, sending you 2
2024-10-14 22:31:30.264271 Victor: Charlie, sending you 1
2024-10-14 22:31:30.265124 Zulu: Bravo, sending you 3
2024-10-14 22:31:30.267696 Victor: Kilo, Echo and Delta, sending you 3
2024-10-14 22:31:30.269310 Delta: Charlie, sending you 1
2024-10-14 22:31:30.270675 Charlie: Kilo, Golf, Victor, Echo and Delta, sending you 1
2024-10-14 22:31:30.271702 Victor: Golf, sending you 4
2024-10-14 22:31:30.273681 Echo: Charlie, sending you 2
2024-10-14 22:31:30.274717 Delta: Kilo, sending you 5
2024-10-14 22:31:30.275601 Golf: Charlie, sending you 1
2024-10-14 22:31:30.276542 Hotel: Zulu, sending you 8
2024-10-14 22:31:30.276979 Victor: Yankee, sending you 5
2024-10-14 22:31:30.278674 Echo: Kilo, Golf, Victor and Yankee, sending you 3
2024-10-14 22:31:30.279453 Yankee: Same as last round
2024-10-14 22:31:30.280034 Kilo: Charlie, Golf, Victor, Echo and Yankee, sending you 3
2024-10-14 22:31:30.280814 Golf: Kilo and Delta, sending you 2
2024-10-14 22:31:30.281387 Delta: Golf, sending you 2
2024-10-14 22:31:30.281915 Hotel: Bravo, sending you 10
2024-10-14 22:31:30.283673 Echo: Delta, sending you 4
2024-10-14 22:31:30.285684 Kilo: Delta, sending you 4
2024-10-14 22:31:30.286489 Golf: Victor and Echo, sending you 3
2024-10-14 22:31:30.287246 Delta: Victor, sending you 3
2024-10-14 22:31:30.288361 Bravo: Zulu, sending you 5
2024-10-14 22:31:30.291667 Golf: Yankee, sending you 4
2024-10-14 22:31:30.292664 Bravo: Hotel, sending you 3
2024-10-14 22:31:30.293196 Delta: Echo and Yankee, sending you 4
chatterbot Kilo submitting transactions
chatterbot Golf submitting transactions
chatterbot Hotel submitting transactions
chatterbot Charlie submitting transactions
chatterbot Echo submitting transactions
chatterbot Yankee submitting transactions
chatterbot Delta submitting transactions
chatterbot Zulu submitting transactions
chatterbot Bravo submitting transactions
chatterbot Victor submitting transactions
ChatterBot Charlie round 7
ChatterBot Zulu round 7
ChatterBot Hotel round 7
ChatterBot Kilo round 7
ChatterBot Golf round 7
ChatterBot Victor round 7
ChatterBot Echo round 7
ChatterBot Delta round 7
ChatterBot Yankee round 7
ChatterBot Bravo round 7
2024-10-14 22:31:31.489669 Kilo: Charlie, Golf, Victor, Echo and Yankee, sending you 3
2024-10-14 22:31:31.495662 Kilo: Delta, sending you 4
2024-10-14 22:31:31.499674 Hotel: Zulu, sending you 8
2024-10-14 22:31:31.501718 Yankee: Same as last round
2024-10-14 22:31:31.502343 Zulu: Hotel, sending you 2
2024-10-14 22:31:31.503686 Hotel: Bravo, sending you 10
2024-10-14 22:31:31.504701 Victor: Charlie, sending you 2
2024-10-14 22:31:31.505580 Charlie: Kilo, Golf, Victor, Echo and Delta, sending you 1
2024-10-14 22:31:31.506835 Golf: Charlie, sending you 1
2024-10-14 22:31:31.507623 Zulu: Bravo, sending you 3
2024-10-14 22:31:31.507929 Echo: Charlie, sending you 2
2024-10-14 22:31:31.508511 Delta: Charlie, sending you 1
2024-10-14 22:31:31.509176 Victor: Kilo, Echo and Delta, sending you 3
2024-10-14 22:31:31.510282 Golf: Kilo, Victor and Echo, sending you 3
2024-10-14 22:31:31.512661 Echo: Kilo, Golf, Victor and Yankee, sending you 3
2024-10-14 22:31:31.513395 Delta: Kilo and Yankee, sending you 4
2024-10-14 22:31:31.514681 Victor: Golf and Yankee, sending you 4
2024-10-14 22:31:31.515700 Golf: Delta, sending you 2
2024-10-14 22:31:31.517687 Echo: Delta, sending you 4
2024-10-14 22:31:31.518516 Delta: Golf, sending you 2
2024-10-14 22:31:31.519165 Bravo: Zulu, sending you 6
2024-10-14 22:31:31.521731 Golf: Yankee, sending you 4
2024-10-14 22:31:31.522767 Delta: Victor, sending you 3
2024-10-14 22:31:31.523682 Bravo: Hotel, sending you 3
2024-10-14 22:31:31.526694 Delta: Echo, sending you 5
chatterbot Kilo submitting transactions
chatterbot Echo submitting transactions
chatterbot Victor submitting transactions
chatterbot Yankee submitting transactions
chatterbot Hotel submitting transactions
chatterbot Zulu submitting transactions
chatterbot Bravo submitting transactions
chatterbot Charlie submitting transactions
chatterbot Golf submitting transactions
chatterbot Delta submitting transactions
ChatterBot Charlie round 8
ChatterBot Zulu round 8
ChatterBot Hotel round 8
ChatterBot Kilo round 8
ChatterBot Golf round 8
ChatterBot Victor round 8
ChatterBot Echo round 8
ChatterBot Delta round 8
ChatterBot Yankee round 8
ChatterBot Bravo round 8
2024-10-14 22:31:32.512690 Charlie: Kilo, Golf, Victor, Echo and Delta, sending you 1
2024-10-14 22:31:32.514376 Zulu: Hotel, sending you 2
2024-10-14 22:31:32.518677 Zulu: Bravo, sending you 3
2024-10-14 22:31:32.520711 Delta: Charlie, sending you 1
2024-10-14 22:31:32.523485 Hotel: Zulu, sending you 8
2024-10-14 22:31:32.524054 Yankee: Same as last round
2024-10-14 22:31:32.526102 Echo: Charlie, sending you 2
2024-10-14 22:31:32.528537 Victor: Charlie, sending you 2
2024-10-14 22:31:32.529509 Delta: Kilo and Yankee, sending you 4
2024-10-14 22:31:32.530974 Hotel: Bravo, sending you 10
2024-10-14 22:31:32.531326 Kilo: Charlie, Golf, Victor, Echo and Yankee, sending you 3
2024-10-14 22:31:32.532210 Echo: Kilo, Golf, Victor and Yankee, sending you 3
2024-10-14 22:31:32.534351 Victor: Kilo, Echo and Delta, sending you 3
2024-10-14 22:31:32.536077 Bravo: Zulu, sending you 6
2024-10-14 22:31:32.536549 Golf: Charlie, sending you 1
2024-10-14 22:31:32.537954 Kilo: Delta, sending you 4
2024-10-14 22:31:32.538780 Delta: Golf, sending you 2
2024-10-14 22:31:32.540219 Echo: Delta, sending you 4
2024-10-14 22:31:32.541020 Bravo: Hotel, sending you 3
2024-10-14 22:31:32.541733 Victor: Golf and Yankee, sending you 4
2024-10-14 22:31:32.542462 Golf: Kilo, Victor and Echo, sending you 3
2024-10-14 22:31:32.543828 Delta: Victor, sending you 3
2024-10-14 22:31:32.546670 Golf: Delta, sending you 2
2024-10-14 22:31:32.548707 Delta: Echo, sending you 5
2024-10-14 22:31:32.551681 Golf: Yankee, sending you 4
chatterbot Charlie submitting transactions
chatterbot Zulu submitting transactions
chatterbot Kilo submitting transactions
chatterbot Echo submitting transactions
chatterbot Yankee submitting transactions
chatterbot Hotel submitting transactions
chatterbot Delta submitting transactions
chatterbot Golf submitting transactions
chatterbot Victor submitting transactions
chatterbot Bravo submitting transactions
ChatterBot Charlie round 9
ChatterBot Zulu round 9
ChatterBot Hotel round 9
ChatterBot Kilo round 9
ChatterBot Golf round 9
ChatterBot Victor round 9
ChatterBot Echo round 9
ChatterBot Delta round 9
ChatterBot Yankee round 9
ChatterBot Bravo round 9
2024-10-14 22:31:33.685674 Zulu: Hotel, sending you 2
2024-10-14 22:31:33.688710 Zulu: Bravo, sending you 3
2024-10-14 22:31:33.690670 Hotel: Zulu, sending you 8
2024-10-14 22:31:33.691748 Delta: Charlie, sending you 1
2024-10-14 22:31:33.694216 Kilo: Charlie, Golf, Victor, Echo and Yankee, sending you 3
2024-10-14 22:31:33.695385 Hotel: Bravo, sending you 10
2024-10-14 22:31:33.695884 Echo: Charlie, sending you 2
2024-10-14 22:31:33.697089 Charlie: Kilo, Golf, Victor, Echo and Delta, sending you 1
2024-10-14 22:31:33.698713 Delta: Kilo and Yankee, sending you 4
2024-10-14 22:31:33.699914 Kilo: Delta, sending you 4
2024-10-14 22:31:33.701072 Echo: Kilo, Golf, Victor and Yankee, sending you 3
2024-10-14 22:31:33.702834 Victor: Charlie, sending you 2
2024-10-14 22:31:33.703993 Bravo: Zulu, sending you 6
2024-10-14 22:31:33.704451 Delta: Golf, sending you 2
2024-10-14 22:31:33.705601 Golf: Charlie, sending you 1
2024-10-14 22:31:33.707681 Echo: Delta, sending you 4
2024-10-14 22:31:33.708899 Victor: Kilo, Echo and Delta, sending you 3
2024-10-14 22:31:33.710085 Bravo: Hotel, sending you 3
2024-10-14 22:31:33.710554 Yankee: Same as last round
2024-10-14 22:31:33.711234 Delta: Victor, sending you 3
2024-10-14 22:31:33.713105 Golf: Kilo, Victor and Echo, sending you 3
2024-10-14 22:31:33.714233 Victor: Golf and Yankee, sending you 4
2024-10-14 22:31:33.716714 Delta: Echo, sending you 5
2024-10-14 22:31:33.717787 Golf: Delta, sending you 2
2024-10-14 22:31:33.722165 Golf: Yankee, sending you 4
chatterbot Victor submitting transactions
chatterbot Kilo submitting transactions
chatterbot Charlie submitting transactions
chatterbot Golf submitting transactions
chatterbot Hotel submitting transactions
chatterbot Delta submitting transactions
chatterbot Yankee submitting transactions
chatterbot Zulu submitting transactions
chatterbot Echo submitting transactions
chatterbot Bravo submitting transactions
ChatterBot Charlie round 10
ChatterBot Zulu round 10
ChatterBot Hotel round 10
ChatterBot Kilo round 10
ChatterBot Golf round 10
ChatterBot Victor round 10
ChatterBot Echo round 10
ChatterBot Delta round 10
ChatterBot Yankee round 10
ChatterBot Bravo round 10
2024-10-14 22:31:34.967999 Zulu: Hotel, sending you 1
2024-10-14 22:31:34.971680 Zulu: Bravo, sending you 3
2024-10-14 22:31:34.974711 Bravo: Zulu, sending you 6
2024-10-14 22:31:34.977717 Delta: Charlie, sending you 1
2024-10-14 22:31:34.979886 Bravo: Hotel, sending you 2
2024-10-14 22:31:34.981705 Golf: Charlie, sending you 1
2024-10-14 22:31:34.982976 Echo: Charlie, sending you 2
2024-10-14 22:31:34.984946 Delta: Kilo and Yankee, sending you 4
2024-10-14 22:31:34.986224 Charlie: Kilo, Golf, Victor, Echo and Delta, sending you 1
2024-10-14 22:31:34.987438 Hotel: Zulu, sending you 8
2024-10-14 22:31:34.987891 Kilo: Charlie, Golf, Victor, Echo and Yankee, sending you 3
2024-10-14 22:31:34.989120 Victor: Charlie, sending you 2
2024-10-14 22:31:34.990950 Golf: Kilo and Victor, sending you 3
2024-10-14 22:31:34.992234 Echo: Kilo, Golf, Victor and Yankee, sending you 3
2024-10-14 22:31:34.993458 Delta: Golf, sending you 2
2024-10-14 22:31:34.994718 Hotel: Bravo, sending you 10
2024-10-14 22:31:34.995205 Kilo: Delta, sending you 4
2024-10-14 22:31:34.996930 Victor: Kilo, Echo and Delta, sending you 3
2024-10-14 22:31:34.998172 Golf: Echo and Yankee, sending you 4
2024-10-14 22:31:34.999512 Yankee: Same as last round
2024-10-14 22:31:35.000210 Echo: Delta, sending you 4
2024-10-14 22:31:35.001567 Delta: Victor, sending you 3
2024-10-14 22:31:35.003365 Victor: Golf and Yankee, sending you 4
2024-10-14 22:31:35.004769 Golf: Delta, sending you 2
2024-10-14 22:31:35.006080 Delta: Echo, sending you 5
chatterbot Victor submitting transactions
chatterbot Echo submitting transactions
chatterbot Bravo submitting transactions
chatterbot Kilo submitting transactions
chatterbot Golf submitting transactions
chatterbot Delta submitting transactions
chatterbot Hotel submitting transactions
chatterbot Charlie submitting transactions
chatterbot Zulu submitting transactions
chatterbot Yankee submitting transactions
ChatterBot Charlie round 11
ChatterBot Zulu round 11
ChatterBot Hotel round 11
ChatterBot Kilo round 11
ChatterBot Golf round 11
ChatterBot Victor round 11
ChatterBot Echo round 11
ChatterBot Delta round 11
ChatterBot Yankee round 11
ChatterBot Bravo round 11
2024-10-14 22:31:36.060688 Hotel: Zulu, sending you 8
2024-10-14 22:31:36.065680 Hotel: Bravo, sending you 10
2024-10-14 22:31:36.066664 Kilo: Charlie, Golf, Victor, Echo and Yankee, sending you 3
2024-10-14 22:31:36.070663 Kilo: Delta, sending you 4
2024-10-14 22:31:36.072094 Bravo: Zulu, sending you 7
2024-10-14 22:31:36.072555 Golf: Charlie, sending you 1
2024-10-14 22:31:36.074187 Zulu: Hotel, sending you 1
2024-10-14 22:31:36.074686 Victor: Charlie, sending you 2
2024-10-14 22:31:36.076018 Bravo: Hotel, sending you 2
2024-10-14 22:31:36.077679 Charlie: Kilo, Golf, Victor, Echo and Delta, sending you 1
2024-10-14 22:31:36.078683 Zulu: Bravo, sending you 3
2024-10-14 22:31:36.079 Yankee: Same as last round
2024-10-14 22:31:36.079454 Golf: Kilo and Victor, sending you 3
2024-10-14 22:31:36.080245 Echo: Charlie, sending you 2
2024-10-14 22:31:36.081321 Victor: Kilo, Echo and Delta, sending you 3
2024-10-14 22:31:36.082713 Golf: Echo and Yankee, sending you 4
2024-10-14 22:31:36.084519 Echo: Kilo, Golf, Victor and Yankee, sending you 3
2024-10-14 22:31:36.085520 Delta: Charlie, sending you 1
2024-10-14 22:31:36.086323 Victor: Golf and Yankee, sending you 4
2024-10-14 22:31:36.087194 Golf: Delta, sending you 2
2024-10-14 22:31:36.088665 Echo: Delta, sending you 4
2024-10-14 22:31:36.090688 Delta: Kilo and Yankee, sending you 4
2024-10-14 22:31:36.093695 Delta: Golf, sending you 2
2024-10-14 22:31:36.097665 Delta: Victor, sending you 3
2024-10-14 22:31:36.102016 Delta: Echo, sending you 5
chatterbot Kilo submitting transactions
chatterbot Zulu submitting transactions
chatterbot Echo submitting transactions
