ChatterBot Quebec round 1
ChatterBot Mike round 1
ChatterBot Lima round 1
ChatterBot Foxtrot round 1
ChatterBot Oscar round 1
ChatterBot Echo round 1
ChatterBot Golf round 1
ChatterBot India round 1
ChatterBot Uniform round 1
ChatterBot Whiskey round 1
randomSelections Echo: {Echo, Oscar, Mike, India, Foxtrot, Golf} 
2024-10-14 22:31:21.734132 Echo: Let's form a team
ChatterBot Oscar reevaluating
ChatterBot Mike reevaluating
ChatterBot India reevaluating
ChatterBot Foxtrot reevaluating
ChatterBot Golf reevaluating
2024-10-14 22:31:21.748194 Oscar: Yes
2024-10-14 22:31:21.748354 Mike: Yes
2024-10-14 22:31:21.748472 India: Yes
2024-10-14 22:31:21.748609 Foxtrot: Yes
2024-10-14 22:31:21.748751 Golf: Yes
ChatterBot Mike reevaluating
ChatterBot India reevaluating
ChatterBot Foxtrot reevaluating
ChatterBot Golf reevaluating
ChatterBot Oscar reevaluating
ChatterBot India reevaluating
ChatterBot Foxtrot reevaluating
ChatterBot Golf reevaluating
ChatterBot Oscar reevaluating
ChatterBot Mike reevaluating
ChatterBot Foxtrot reevaluating
ChatterBot Golf reevaluating
ChatterBot Oscar reevaluating
ChatterBot Mike reevaluating
ChatterBot India reevaluating
ChatterBot Golf reevaluating
ChatterBot Oscar reevaluating
ChatterBot Mike reevaluating
ChatterBot India reevaluating
ChatterBot Foxtrot reevaluating
randomSelections Quebec: {Quebec, Echo, Foxtrot, India, Oscar, Uniform, Lima} 
2024-10-14 22:31:21.880200 Quebec: Group up?
ChatterBot Foxtrot reevaluating
ChatterBot India reevaluating
ChatterBot Oscar reevaluating
ChatterBot Uniform reevaluating
ChatterBot Lima reevaluating
2024-10-14 22:31:21.893405 Echo: No
2024-10-14 22:31:21.894440 Foxtrot: No
2024-10-14 22:31:21.894758 India: No
2024-10-14 22:31:21.895168 Oscar: No
2024-10-14 22:31:21.896178 Uniform: Yes
2024-10-14 22:31:21.896386 Lima: Yes
ChatterBot Foxtrot reevaluating
ChatterBot India reevaluating
ChatterBot Oscar reevaluating
ChatterBot Uniform reevaluating
ChatterBot Lima reevaluating
ChatterBot India reevaluating
ChatterBot Oscar reevaluating
ChatterBot Uniform reevaluating
ChatterBot Lima reevaluating
ChatterBot Foxtrot reevaluating
ChatterBot Oscar reevaluating
ChatterBot Uniform reevaluating
ChatterBot Lima reevaluating
ChatterBot Foxtrot reevaluating
ChatterBot India reevaluating
ChatterBot Uniform reevaluating
ChatterBot Lima reevaluating
ChatterBot Foxtrot reevaluating
ChatterBot India reevaluating
ChatterBot Oscar reevaluating
ChatterBot Lima reevaluating
ChatterBot Foxtrot reevaluating
ChatterBot India reevaluating
ChatterBot Oscar reevaluating
ChatterBot Uniform reevaluating
randomSelections Whiskey: {Whiskey, Uniform, Echo, Mike, Oscar, Lima, Golf} 
2024-10-14 22:31:21.966289 Whiskey: We would work well together
ChatterBot Uniform reevaluating
ChatterBot Mike reevaluating
ChatterBot Oscar reevaluating
ChatterBot Lima reevaluating
ChatterBot Golf reevaluating
2024-10-14 22:31:21.975675 Uniform: No
2024-10-14 22:31:21.975921 Echo: No
2024-10-14 22:31:21.976074 Mike: No
2024-10-14 22:31:21.976632 Oscar: No
2024-10-14 22:31:21.976790 Lima: No
2024-10-14 22:31:21.976953 Golf: No
ChatterBot Mike reevaluating
ChatterBot Oscar reevaluating
ChatterBot Lima reevaluating
ChatterBot Golf reevaluating
ChatterBot Uniform reevaluating
ChatterBot Mike reevaluating
ChatterBot Oscar reevaluating
ChatterBot Lima reevaluating
ChatterBot Golf reevaluating
ChatterBot Uniform reevaluating
ChatterBot Oscar reevaluating
ChatterBot Lima reevaluating
ChatterBot Golf reevaluating
ChatterBot Uniform reevaluating
ChatterBot Mike reevaluating
ChatterBot Lima reevaluating
ChatterBot Golf reevaluating
ChatterBot Uniform reevaluating
ChatterBot Mike reevaluating
ChatterBot Oscar reevaluating
ChatterBot Golf reevaluating
ChatterBot Uniform reevaluating
ChatterBot Mike reevaluating
ChatterBot Oscar reevaluating
ChatterBot Lima reevaluating
2024-10-14 22:31:22.073046 Mike: Foxtrot, sending you 3
2024-10-14 22:31:22.075280 Quebec: Lima and Foxtrot, sending you 1
2024-10-14 22:31:22.077027 Whiskey: Mike, Echo and Uniform, sending you 1
2024-10-14 22:31:22.078506 Echo: Mike, sending you 5
2024-10-14 22:31:22.079288 Uniform: Quebec and Lima, sending you 3
2024-10-14 22:31:22.080874 Oscar: Mike and Foxtrot, sending you 3
2024-10-14 22:31:22.082121 Golf: Mike and Oscar, sending you 4
2024-10-14 22:31:22.082851 Lima: Quebec and Uniform, sending you 1
2024-10-14 22:31:22.084119 Mike: Oscar and Golf, sending you 2
2024-10-14 22:31:22.084788 Quebec: Oscar and Echo, sending you 2
2024-10-14 22:31:22.086313 Echo: Foxtrot, sending you 6
2024-10-14 22:31:22.087774 Whiskey: Lima, Oscar and Golf, sending you 3
2024-10-14 22:31:22.088388 Uniform: Foxtrot, Oscar and India, sending you 1
2024-10-14 22:31:22.089796 Oscar: Echo and India, sending you 2
2024-10-14 22:31:22.090333 Golf: Foxtrot, sending you 1
2024-10-14 22:31:22.090720 Lima: Foxtrot, sending you 3
2024-10-14 22:31:22.091174 India: Foxtrot, sending you 7
2024-10-14 22:31:22.092678 Mike: Echo, sending you 7
2024-10-14 22:31:22.093490 Quebec: India and Uniform, sending you 3
2024-10-14 22:31:22.095554 Echo: Oscar, sending you 3
2024-10-14 22:31:22.096371 Uniform: Echo, sending you 6
2024-10-14 22:31:22.098700 Oscar: Golf, sending you 5
2024-10-14 22:31:22.099265 Golf: Echo and India, sending you 3
2024-10-14 22:31:22.100870 Lima: Oscar and India, sending you 4
2024-10-14 22:31:22.101471 India: Oscar and Echo, sending you 4
2024-10-14 22:31:22.101929 Mike: India, sending you 1
2024-10-14 22:31:22.102391 Echo: Golf and India, sending you 2
2024-10-14 22:31:22.106761 India: Golf, sending you 2
chatterbot Lima submitting transactions
chatterbot India submitting transactions
chatterbot Uniform submitting transactions
chatterbot Golf submitting transactions
chatterbot Whiskey submitting transactions
chatterbot Echo submitting transactions
chatterbot Oscar submitting transactions
chatterbot Quebec submitting transactions
chatterbot Foxtrot submitting transactions
chatterbot Mike submitting transactions
ChatterBot Quebec round 2
ChatterBot Mike round 2
ChatterBot Lima round 2
ChatterBot Foxtrot round 2
ChatterBot Oscar round 2
2024-10-14 22:31:23.299913 Quebec: Let's form a team
ChatterBot Lima reevaluating
ChatterBot Uniform reevaluating
ChatterBot Whiskey reevaluating
2024-10-14 22:31:23.351299 Lima: Yes
2024-10-14 22:31:23.351938 Uniform: No
2024-10-14 22:31:23.352103 Whiskey: No
ChatterBot Uniform reevaluating
ChatterBot Whiskey reevaluating
ChatterBot Lima reevaluating
ChatterBot Whiskey reevaluating
ChatterBot Lima reevaluating
ChatterBot Uniform reevaluating
2024-10-14 22:31:23.581125 Uniform: We would work well together
ChatterBot Whiskey reevaluating
2024-10-14 22:31:23.604064 Whiskey: No
ChatterBot Uniform reevaluating
ChatterBot Echo round 2
2024-10-14 22:31:23.638731 Mike: We should replace Foxtrot with Whiskey
ChatterBot Echo reevaluating
ChatterBot Oscar reevaluating
ChatterBot Golf reevaluating
ChatterBot India reevaluating
2024-10-14 22:31:23.701592 Echo: No
2024-10-14 22:31:23.702393 Oscar: Yes
2024-10-14 22:31:23.702647 Golf: Yes
2024-10-14 22:31:23.702975 India: No
ChatterBot Oscar reevaluating
ChatterBot Golf reevaluating
ChatterBot India reevaluating
ChatterBot Echo reevaluating
ChatterBot Golf reevaluating
ChatterBot India reevaluating
ChatterBot Echo reevaluating
ChatterBot Oscar reevaluating
ChatterBot India reevaluating
ChatterBot Echo reevaluating
ChatterBot Oscar reevaluating
ChatterBot Golf reevaluating
2024-10-14 22:31:23.923741 Oscar: We would work well together
ChatterBot Echo reevaluating
ChatterBot Whiskey reevaluating
ChatterBot Lima reevaluating
ChatterBot Uniform reevaluating
ChatterBot Golf reevaluating
ChatterBot India reevaluating
2024-10-14 22:31:24.040786 Mike: No
2024-10-14 22:31:24.040998 Echo: No
2024-10-14 22:31:24.041158 Whiskey: No
2024-10-14 22:31:24.041307 Lima: No
2024-10-14 22:31:24.041451 Uniform: No
2024-10-14 22:31:24.042145 Golf: No
2024-10-14 22:31:24.042288 India: No
2024-10-14 22:31:24.042425 Quebec: No
ChatterBot Oscar reevaluating
ChatterBot Echo reevaluating
ChatterBot Golf reevaluating
ChatterBot India reevaluating
ChatterBot Whiskey reevaluating
ChatterBot Lima reevaluating
ChatterBot Uniform reevaluating
ChatterBot Oscar reevaluating
ChatterBot Golf reevaluating
ChatterBot India reevaluating
ChatterBot Whiskey reevaluating
ChatterBot Lima reevaluating
ChatterBot Uniform reevaluating
ChatterBot Oscar reevaluating
ChatterBot Echo reevaluating
ChatterBot Golf reevaluating
ChatterBot India reevaluating
ChatterBot Lima reevaluating
ChatterBot Uniform reevaluating
ChatterBot Oscar reevaluating
ChatterBot Echo reevaluating
ChatterBot Golf reevaluating
ChatterBot India reevaluating
ChatterBot Whiskey reevaluating
ChatterBot Uniform reevaluating
ChatterBot Oscar reevaluating
ChatterBot Echo reevaluating
ChatterBot Golf reevaluating
ChatterBot India reevaluating
ChatterBot Whiskey reevaluating
ChatterBot Lima reevaluating
ChatterBot Oscar reevaluating
ChatterBot Echo reevaluating
ChatterBot India reevaluating
ChatterBot Whiskey reevaluating
ChatterBot Lima reevaluating
ChatterBot Uniform reevaluating
ChatterBot Oscar reevaluating
ChatterBot Echo reevaluating
ChatterBot Golf reevaluating
ChatterBot Whiskey reevaluating
ChatterBot Lima reevaluating
ChatterBot Uniform reevaluating
ChatterBot Oscar reevaluating
ChatterBot Echo reevaluating
ChatterBot Golf reevaluating
ChatterBot India reevaluating
ChatterBot Whiskey reevaluating
ChatterBot Lima reevaluating
ChatterBot Uniform reevaluating
ChatterBot Golf round 2
ChatterBot India round 2
ChatterBot Uniform round 2
ChatterBot Whiskey round 2
2024-10-14 22:31:24.989035 Foxtrot: We should add Whiskey
ChatterBot Echo reevaluating
ChatterBot Oscar reevaluating
ChatterBot India reevaluating
ChatterBot Golf reevaluating
2024-10-14 22:31:25.016669 Echo: No
2024-10-14 22:31:25.016807 Oscar: Yes
2024-10-14 22:31:25.016924 Mike: Yes
2024-10-14 22:31:25.017494 India: Yes
2024-10-14 22:31:25.017630 Golf: Yes
ChatterBot Oscar reevaluating
ChatterBot India reevaluating
ChatterBot Golf reevaluating
ChatterBot Echo reevaluating
ChatterBot India reevaluating
ChatterBot Golf reevaluating
ChatterBot Echo reevaluating
ChatterBot Oscar reevaluating
ChatterBot India reevaluating
ChatterBot Golf reevaluating
ChatterBot Echo reevaluating
ChatterBot Oscar reevaluating
ChatterBot Golf reevaluating
ChatterBot Echo reevaluating
ChatterBot Oscar reevaluating
ChatterBot India reevaluating
2024-10-14 22:31:25.227351 Mike: Whiskey we want you to join our group
ChatterBot Whiskey reevaluating
2024-10-14 22:31:25.236848 Whiskey: Yes
ChatterBot Echo reevaluating
ChatterBot Oscar reevaluating
ChatterBot Golf reevaluating
ChatterBot India reevaluating
2024-10-14 22:31:25.298185 Foxtrot: Whiskey we want you to join our group
2024-10-14 22:31:25.302901 Whiskey: No
ChatterBot Echo reevaluating
2024-10-14 22:31:26.803854 Quebec: Lima, sending you 4
2024-10-14 22:31:26.804756 Lima: Quebec, sending you 3
2024-10-14 22:31:26.805046 Golf: Whiskey we want you to join our group
2024-10-14 22:31:26.811252 Whiskey: No
chatterbot Foxtrot submitting transactions
chatterbot Mike submitting transactions
chatterbot Lima submitting transactions
chatterbot Quebec submitting transactions
2024-10-14 22:31:26.843877 Quebec: Uniform, sending you 8
2024-10-14 22:31:26.844219 Lima: Uniform and Whiskey, sending you 4
2024-10-14 22:31:26.847436 Foxtrot: Mike and Oscar, sending you 2
2024-10-14 22:31:26.848067 Oscar: Mike, Echo and Whiskey, sending you 2
2024-10-14 22:31:26.848426 India: Quebec and Golf, sending you 3
2024-10-14 22:31:26.849320 Whiskey: Mike, sending you 4
2024-10-14 22:31:26.849605 Mike: Oscar, Echo, Golf, India and Whiskey, sending you 3
2024-10-14 22:31:26.849870 Quebec: Whiskey, sending you 1
2024-10-14 22:31:26.850113 Uniform: Quebec, sending you 7
2024-10-14 22:31:26.850320 Echo: Mike, sending you 7
2024-10-14 22:31:26.855444 Oscar: Lima, Golf and India, sending you 3
2024-10-14 22:31:26.856327 Foxtrot: Echo, sending you 4
2024-10-14 22:31:26.856726 Whiskey: Oscar, Echo, Golf and India, sending you 3
2024-10-14 22:31:26.857059 India: Mike and Uniform, sending you 1
2024-10-14 22:31:26.858055 Uniform: Lima and Whiskey, sending you 5
2024-10-14 22:31:26.858323 Echo: Oscar and Golf, sending you 3
chatterbot Oscar submitting transactions
2024-10-14 22:31:26.860711 Foxtrot: Golf and Whiskey, sending you 1
2024-10-14 22:31:26.861791 India: Lima, sending you 5
2024-10-14 22:31:26.862277 Echo: India, sending you 4
2024-10-14 22:31:26.864863 Foxtrot: India, sending you 6
2024-10-14 22:31:26.865686 Echo: Whiskey, sending you 2
2024-10-14 22:31:26.866641 Golf: Mike, Echo and Whiskey, sending you 3
2024-10-14 22:31:26.867203 India: Oscar and Echo, sending you 2
2024-10-14 22:31:26.870711 Golf: Oscar, sending you 4
2024-10-14 22:31:26.875714 Golf: India, sending you 2
chatterbot India submitting transactions
chatterbot Uniform submitting transactions
chatterbot Golf submitting transactions
chatterbot Echo submitting transactions
chatterbot Whiskey submitting transactions
ChatterBot Quebec round 3
ChatterBot Mike round 3
ChatterBot Lima round 3
ChatterBot Foxtrot round 3
ChatterBot Oscar round 3
2024-10-14 22:31:27.672014 Mike: We should add Foxtrot
ChatterBot Echo reevaluating
ChatterBot Oscar reevaluating
ChatterBot India reevaluating
ChatterBot Whiskey reevaluating
2024-10-14 22:31:27.711219 Echo: Yes
2024-10-14 22:31:27.711415 Oscar: Yes
2024-10-14 22:31:27.711574 Golf: Yes
2024-10-14 22:31:27.711767 India: Yes
2024-10-14 22:31:27.711933 Whiskey: No
ChatterBot Oscar reevaluating
ChatterBot India reevaluating
ChatterBot Whiskey reevaluating
ChatterBot Echo reevaluating
ChatterBot India reevaluating
ChatterBot Whiskey reevaluating
ChatterBot Echo reevaluating
ChatterBot Oscar reevaluating
ChatterBot India reevaluating
ChatterBot Whiskey reevaluating
ChatterBot Echo reevaluating
ChatterBot Oscar reevaluating
ChatterBot Whiskey reevaluating
ChatterBot Echo reevaluating
ChatterBot Oscar reevaluating
ChatterBot India reevaluating
2024-10-14 22:31:27.896311 Whiskey: We should add Lima
ChatterBot Echo reevaluating
ChatterBot Oscar reevaluating
ChatterBot India reevaluating
2024-10-14 22:31:27.932518 Mike: No
2024-10-14 22:31:27.932743 Echo: No
2024-10-14 22:31:27.933365 Oscar: No
2024-10-14 22:31:27.933538 Golf: No
2024-10-14 22:31:27.933698 India: No
ChatterBot Echo reevaluating
ChatterBot Oscar reevaluating
ChatterBot India reevaluating
ChatterBot Whiskey reevaluating
ChatterBot Oscar reevaluating
ChatterBot India reevaluating
ChatterBot Whiskey reevaluating
ChatterBot Echo reevaluating
ChatterBot India reevaluating
ChatterBot Whiskey reevaluating
ChatterBot Echo reevaluating
ChatterBot Oscar reevaluating
ChatterBot India reevaluating
ChatterBot Whiskey reevaluating
ChatterBot Echo reevaluating
ChatterBot Oscar reevaluating
ChatterBot Whiskey reevaluating
ChatterBot Echo round 3
ChatterBot Golf round 3
ChatterBot India round 3
2024-10-14 22:31:28.238379 Quebec: We should replace Whiskey with India
ChatterBot Lima reevaluating
ChatterBot Uniform reevaluating
2024-10-14 22:31:28.252573 Lima: No
2024-10-14 22:31:28.253052 Uniform: No
ChatterBot Uniform reevaluating
ChatterBot Lima reevaluating
2024-10-14 22:31:28.276071 Uniform: We should group up
2024-10-14 22:31:28.276495 Lima: We should replace Whiskey with Oscar
ChatterBot Oscar reevaluating
ChatterBot Echo reevaluating
ChatterBot Golf reevaluating
ChatterBot India reevaluating
ChatterBot Whiskey reevaluating
ChatterBot Lima reevaluating
2024-10-14 22:31:28.307549 Oscar: No
2024-10-14 22:31:28.307962 Mike: No
2024-10-14 22:31:28.308172 Echo: No
2024-10-14 22:31:28.308363 Golf: No
2024-10-14 22:31:28.309068 India: No
2024-10-14 22:31:28.309292 Whiskey: No
2024-10-14 22:31:28.309483 Quebec: No
2024-10-14 22:31:28.309667 Lima: No
ChatterBot Uniform reevaluating
2024-10-14 22:31:28.317746 Quebec: No
2024-10-14 22:31:28.318037 Uniform: No
ChatterBot Echo reevaluating
ChatterBot Golf reevaluating
ChatterBot India reevaluating
ChatterBot Whiskey reevaluating
ChatterBot Lima reevaluating
ChatterBot Uniform reevaluating
ChatterBot Oscar reevaluating
ChatterBot Echo reevaluating
ChatterBot Golf reevaluating
ChatterBot India reevaluating
ChatterBot Whiskey reevaluating
ChatterBot Lima reevaluating
ChatterBot Uniform reevaluating
ChatterBot Oscar reevaluating
ChatterBot Golf reevaluating
ChatterBot India reevaluating
ChatterBot Whiskey reevaluating
ChatterBot Lima reevaluating
ChatterBot Uniform reevaluating
ChatterBot Oscar reevaluating
ChatterBot Echo reevaluating
ChatterBot India reevaluating
ChatterBot Whiskey reevaluating
ChatterBot Lima reevaluating
ChatterBot Uniform reevaluating
ChatterBot Oscar reevaluating
ChatterBot Echo reevaluating
ChatterBot Golf reevaluating
ChatterBot Whiskey reevaluating
ChatterBot Lima reevaluating
ChatterBot Uniform reevaluating
ChatterBot Oscar reevaluating
ChatterBot Echo reevaluating
ChatterBot Golf reevaluating
ChatterBot India reevaluating
ChatterBot Lima reevaluating
ChatterBot Uniform reevaluating
ChatterBot Oscar reevaluating
ChatterBot Echo reevaluating
ChatterBot Golf reevaluating
ChatterBot India reevaluating
ChatterBot Whiskey reevaluating
ChatterBot Lima reevaluating
ChatterBot Uniform reevaluating
ChatterBot Oscar reevaluating
ChatterBot Echo reevaluating
ChatterBot Golf reevaluating
ChatterBot India reevaluating
ChatterBot Whiskey reevaluating
ChatterBot Uniform reevaluating
ChatterBot Lima reevaluating
ChatterBot Uniform reevaluating
ChatterBot Lima reevaluating
2024-10-14 22:31:28.621634 Echo: We should add Foxtrot
2024-10-14 22:31:28.622048 Whiskey: We should add Uniform
ChatterBot Oscar reevaluating
ChatterBot Golf reevaluating
ChatterBot India reevaluating
ChatterBot Whiskey reevaluating
2024-10-14 22:31:28.647253 Mike: Yes
ChatterBot Echo reevaluating
2024-10-14 22:31:28.655679 Oscar: Yes
ChatterBot Oscar reevaluating
2024-10-14 22:31:28.660129 Golf: Yes
ChatterBot Golf reevaluating
2024-10-14 22:31:28.662793 India: Yes
ChatterBot India reevaluating
2024-10-14 22:31:28.666130 Whiskey: No
2024-10-14 22:31:28.666299 Mike: No
2024-10-14 22:31:28.666408 Echo: No
2024-10-14 22:31:28.666510 Oscar: No
2024-10-14 22:31:28.666970 Golf: No
2024-10-14 22:31:28.667060 India: No
ChatterBot Echo reevaluating
ChatterBot Oscar reevaluating
ChatterBot Golf reevaluating
ChatterBot India reevaluating
ChatterBot Whiskey reevaluating
ChatterBot Echo reevaluating
ChatterBot Golf reevaluating
ChatterBot India reevaluating
ChatterBot Whiskey reevaluating
ChatterBot Echo reevaluating
ChatterBot Oscar reevaluating
ChatterBot India reevaluating
ChatterBot Whiskey reevaluating
ChatterBot Echo reevaluating
ChatterBot Oscar reevaluating
ChatterBot Golf reevaluating
ChatterBot Whiskey reevaluating
ChatterBot Echo reevaluating
ChatterBot Oscar reevaluating
ChatterBot Golf reevaluating
ChatterBot India reevaluating
ChatterBot Echo reevaluating
ChatterBot Oscar reevaluating
ChatterBot Golf reevaluating
ChatterBot India reevaluating
ChatterBot Whiskey reevaluating
ChatterBot Oscar reevaluating
ChatterBot Golf reevaluating
ChatterBot India reevaluating
ChatterBot Whiskey reevaluating
ChatterBot Echo reevaluating
ChatterBot Golf reevaluating
ChatterBot India reevaluating
ChatterBot Whiskey reevaluating
ChatterBot Echo reevaluating
ChatterBot Oscar reevaluating
ChatterBot India reevaluating
ChatterBot Whiskey reevaluating
ChatterBot Echo reevaluating
ChatterBot Oscar reevaluating
ChatterBot Golf reevaluating
ChatterBot Whiskey reevaluating
ChatterBot Uniform round 3
ChatterBot Whiskey round 3
2024-10-14 22:31:28.888439 Mike: Foxtrot we want you to join our group
2024-10-14 22:31:28.894069 Foxtrot: Yes
ChatterBot Echo reevaluating
ChatterBot Oscar reevaluating
ChatterBot Golf reevaluating
ChatterBot India reevaluating
ChatterBot Whiskey reevaluating
2024-10-14 22:31:28.927246 Whiskey: We should add Foxtrot
ChatterBot Echo reevaluating
ChatterBot Oscar reevaluating
ChatterBot Golf reevaluating
2024-10-14 22:31:28.953472 Mike: Yes
2024-10-14 22:31:28.953677 Echo: Yes
2024-10-14 22:31:28.953864 Oscar: Yes
2024-10-14 22:31:28.954049 Golf: Yes
2024-10-14 22:31:28.954230 India: Yes
ChatterBot Echo reevaluating
ChatterBot Oscar reevaluating
ChatterBot Golf reevaluating
ChatterBot Oscar reevaluating
ChatterBot Golf reevaluating
ChatterBot Echo reevaluating
ChatterBot Golf reevaluating
ChatterBot Echo reevaluating
ChatterBot Oscar reevaluating
ChatterBot Echo reevaluating
ChatterBot Oscar reevaluating
ChatterBot Golf reevaluating
2024-10-14 22:31:29.146760 Quebec: India we want you to join our group
2024-10-14 22:31:29.166975 India: No
ChatterBot Lima reevaluating
ChatterBot Uniform reevaluating
2024-10-14 22:31:29.265726 Echo: Foxtrot we want you to join our group
2024-10-14 22:31:29.272392 Foxtrot: Yes
2024-10-14 22:31:29.306998 Oscar: Foxtrot we want you to join our group
2024-10-14 22:31:29.313733 Foxtrot: Yes
2024-10-14 22:31:29.342834 Whiskey: Foxtrot we want you to join our group
2024-10-14 22:31:29.346963 Foxtrot: Yes
chatterbot Mike submitting transactions
2024-10-14 22:31:29.373671 Foxtrot: Mike, sending you 2
2024-10-14 22:31:29.375317 Quebec: Lima and India, sending you 4
2024-10-14 22:31:29.375773 Mike: Foxtrot, Oscar, India and Whiskey, sending you 2
2024-10-14 22:31:29.376503 Golf: Mike, Echo, India and Whiskey, sending you 3
2024-10-14 22:31:29.377974 India: Mike, sending you 2
2024-10-14 22:31:29.379052 Foxtrot: Oscar, sending you 3
2024-10-14 22:31:29.381031 Mike: Echo, sending you 4
2024-10-14 22:31:29.382178 Quebec: Uniform, sending you 7
2024-10-14 22:31:29.383592 Golf: Foxtrot, sending you 1
2024-10-14 22:31:29.384363 India: Foxtrot and Echo, sending you 4
2024-10-14 22:31:29.385412 Foxtrot: Echo and India, sending you 5
2024-10-14 22:31:29.387428 Whiskey: Mike and Golf, sending you 4
2024-10-14 22:31:29.388379 Mike: Golf, sending you 3
2024-10-14 22:31:29.390094 Golf: Oscar, sending you 4
2024-10-14 22:31:29.391120 India: Oscar and Golf, sending you 3
2024-10-14 22:31:29.392713 Oscar: Mike, Foxtrot and Whiskey, sending you 2
2024-10-14 22:31:29.393621 Whiskey: Foxtrot, sending you 2
2024-10-14 22:31:29.394336 Foxtrot: Golf, sending you 1
2024-10-14 22:31:29.395922 India: Whiskey, sending you 1
2024-10-14 22:31:29.396917 Lima: Quebec, India and Uniform, sending you 3
2024-10-14 22:31:29.398900 Echo: Mike, sending you 5
2024-10-14 22:31:29.400173 Oscar: Echo, Golf and India, sending you 3
2024-10-14 22:31:29.401883 Uniform: Quebec, sending you 7
2024-10-14 22:31:29.402886 Whiskey: Oscar and Echo, sending you 3
2024-10-14 22:31:29.405290 Lima: Oscar and Whiskey, sending you 2
2024-10-14 22:31:29.406564 Echo: Foxtrot, Oscar, Golf and India, sending you 3
2024-10-14 22:31:29.408783 Uniform: Lima, sending you 6
2024-10-14 22:31:29.412704 Echo: Whiskey, sending you 2
2024-10-14 22:31:29.414019 Uniform: Whiskey, sending you 4
chatterbot Foxtrot submitting transactions
chatterbot Quebec submitting transactions
chatterbot Golf submitting transactions
chatterbot Lima submitting transactions
chatterbot Echo submitting transactions
chatterbot India submitting transactions
chatterbot Oscar submitting transactions
chatterbot Whiskey submitting transactions
chatterbot Uniform submitting transactions
ChatterBot Quebec round 4
ChatterBot Mike round 4
ChatterBot Lima round 4
ChatterBot Foxtrot round 4
ChatterBot Oscar round 4
ChatterBot Echo round 4
ChatterBot Golf round 4
ChatterBot India round 4
ChatterBot Uniform round 4
ChatterBot Whiskey round 4
2024-10-14 22:31:30.489771 Uniform: We should drop Whiskey
2024-10-14 22:31:30.497366 Quebec: Yes
2024-10-14 22:31:30.497608 Lima: Yes
2024-10-14 22:31:30.515698 Mike: Foxtrot, Oscar and India, sending you 2
2024-10-14 22:31:30.516379 Quebec: Lima, sending you 5
2024-10-14 22:31:30.516713 Echo: Mike, sending you 5
2024-10-14 22:31:30.518119 Lima: Quebec, sending you 4
2024-10-14 22:31:30.519686 Quebec: India, sending you 3
2024-10-14 22:31:30.520723 Mike: Echo, Golf and Whiskey, sending you 3
2024-10-14 22:31:30.521961 Echo: Foxtrot, Oscar, Golf and India, sending you 3
2024-10-14 22:31:30.524863 Lima: Uniform, sending you 3
2024-10-14 22:31:30.525430 Quebec: Uniform, sending you 8
2024-10-14 22:31:30.527783 Echo: Whiskey, sending you 2
2024-10-14 22:31:30.529296 Foxtrot: Mike and Oscar, sending you 2
2024-10-14 22:31:30.531728 Golf: Mike, Echo, India and Whiskey, sending you 3
2024-10-14 22:31:30.532775 Oscar: Mike, Foxtrot and Whiskey, sending you 2
2024-10-14 22:31:30.534678 Whiskey: Mike, Oscar and Echo, sending you 3
2024-10-14 22:31:30.535826 India: Mike, sending you 2
2024-10-14 22:31:30.536878 Foxtrot: Echo, sending you 4
2024-10-14 22:31:30.538730 Uniform: Quebec, sending you 9
2024-10-14 22:31:30.539336 Golf: Foxtrot, sending you 1
2024-10-14 22:31:30.540649 Oscar: Echo, Golf and India, sending you 3
2024-10-14 22:31:30.542072 India: Foxtrot, sending you 5
2024-10-14 22:31:30.544139 Whiskey: Foxtrot and India, sending you 1
2024-10-14 22:31:30.545387 Foxtrot: Golf and Whiskey, sending you 1
2024-10-14 22:31:30.546707 Uniform: Lima, sending you 8
2024-10-14 22:31:30.547277 Golf: Oscar, sending you 4
2024-10-14 22:31:30.549794 India: Oscar, Echo and Golf, sending you 3
2024-10-14 22:31:30.551125 Whiskey: Golf, sending you 5
2024-10-14 22:31:30.553408 Foxtrot: India, sending you 6
2024-10-14 22:31:30.554760 India: Whiskey, sending you 1
chatterbot Oscar submitting transactions
chatterbot Uniform submitting transactions
chatterbot Echo submitting transactions
chatterbot Whiskey submitting transactions
chatterbot India submitting transactions
chatterbot Mike submitting transactions
chatterbot Lima submitting transactions
chatterbot Golf submitting transactions
chatterbot Quebec submitting transactions
chatterbot Foxtrot submitting transactions
ChatterBot Quebec round 5
ChatterBot Mike round 5
ChatterBot Lima round 5
ChatterBot Foxtrot round 5
ChatterBot Oscar round 5
ChatterBot Echo round 5
ChatterBot Golf round 5
ChatterBot India round 5
ChatterBot Uniform round 5
ChatterBot Whiskey round 5
2024-10-14 22:31:31.658671 Lima: Sending you each 3
2024-10-14 22:31:31.659663 Quebec: Lima, sending you 2
2024-10-14 22:31:31.660028 Oscar: Mike, Foxtrot and Whiskey, sending you 2
2024-10-14 22:31:31.662672 Golf: Mike, Echo, India and Whiskey, sending you 3
2024-10-14 22:31:31.663664 Quebec: India, sending you 1
2024-10-14 22:31:31.663979 Oscar: Echo, Golf and India, sending you 3
2024-10-14 22:31:31.664518 Foxtrot: Mike and Oscar, sending you 2
2024-10-14 22:31:31.665414 Echo: Mike and Foxtrot, sending you 4
2024-10-14 22:31:31.665994 Whiskey: Mike, Oscar and Echo, sending you 3
2024-10-14 22:31:31.666831 Mike: Foxtrot, Oscar, India and Whiskey, sending you 2
2024-10-14 22:31:31.667485 Golf: Foxtrot, sending you 1
2024-10-14 22:31:31.668037 Foxtrot: Echo, sending you 4
2024-10-14 22:31:31.668953 Quebec: Uniform, sending you 4
2024-10-14 22:31:31.669657 Echo: Oscar, Golf and India, sending you 3
2024-10-14 22:31:31.670223 Whiskey: Foxtrot, sending you 1
2024-10-14 22:31:31.670756 Mike: Echo, sending you 4
2024-10-14 22:31:31.671268 Golf: Oscar, sending you 4
2024-10-14 22:31:31.672679 Foxtrot: Golf and Whiskey, sending you 1
2024-10-14 22:31:31.674797 Echo: Whiskey, sending you 2
2024-10-14 22:31:31.675672 Whiskey: Golf, sending you 4
2024-10-14 22:31:31.676346 Mike: Golf, sending you 3
2024-10-14 22:31:31.676909 Uniform: Quebec, sending you 9
2024-10-14 22:31:31.677161 Foxtrot: India, sending you 6
2024-10-14 22:31:31.677729 India: Mike, sending you 2
2024-10-14 22:31:31.679672 Uniform: Lima, sending you 8
2024-10-14 22:31:31.680679 Whiskey: India, sending you 2
2024-10-14 22:31:31.682670 India: Foxtrot, sending you 5
2024-10-14 22:31:31.687661 India: Oscar, Echo and Golf, sending you 3
2024-10-14 22:31:31.693668 India: Whiskey, sending you 1
chatterbot Whiskey submitting transactions
chatterbot Lima submitting transactions
chatterbot Mike submitting transactions
chatterbot Uniform submitting transactions
chatterbot Oscar submitting transactions
chatterbot Foxtrot submitting transactions
chatterbot Echo submitting transactions
chatterbot Quebec submitting transactions
chatterbot Golf submitting transactions
chatterbot India submitting transactions
ChatterBot Quebec round 6
ChatterBot Mike round 6
ChatterBot Lima round 6
ChatterBot Foxtrot round 6
ChatterBot Oscar round 6
ChatterBot Echo round 6
ChatterBot Golf round 6
ChatterBot India round 6
ChatterBot Uniform round 6
ChatterBot Whiskey round 6
2024-10-14 22:31:32.556649 Lima: We should add Oscar
ChatterBot Quebec reevaluating
ChatterBot Uniform reevaluating
2024-10-14 22:31:32.563717 Quebec: No
2024-10-14 22:31:32.563870 Uniform: No
ChatterBot Lima reevaluating
ChatterBot Uniform reevaluating
ChatterBot Quebec reevaluating
ChatterBot Lima reevaluating
2024-10-14 22:31:32.583600 Quebec: We should replace India with Mike
ChatterBot Lima reevaluating
ChatterBot Uniform reevaluating
2024-10-14 22:31:32.614746 Lima: No
2024-10-14 22:31:32.614966 Uniform: No
ChatterBot Quebec reevaluating
ChatterBot Uniform reevaluating
ChatterBot Quebec reevaluating
ChatterBot Lima reevaluating
2024-10-14 22:31:32.724464 Uniform: We should add Foxtrot
ChatterBot Quebec reevaluating
ChatterBot Lima reevaluating
2024-10-14 22:31:32.738058 Quebec: No
2024-10-14 22:31:32.738353 Lima: No
ChatterBot Lima reevaluating
ChatterBot Uniform reevaluating
ChatterBot Quebec reevaluating
ChatterBot Uniform reevaluating
2024-10-14 22:31:32.771422 Whiskey: We should drop India
2024-10-14 22:31:32.785669 Mike: No
2024-10-14 22:31:32.786543 Foxtrot: No
2024-10-14 22:31:32.786804 Oscar: No
2024-10-14 22:31:32.787019 Echo: No
2024-10-14 22:31:32.787269 Golf: No
ChatterBot Whiskey reevaluating
ChatterBot Whiskey reevaluating
ChatterBot Whiskey reevaluating
ChatterBot Whiskey reevaluating
2024-10-14 22:31:32.853708 Oscar: Mike, Foxtrot and Whiskey, sending you 2
2024-10-14 22:31:32.855513 Golf: Mike, sending you 2
2024-10-14 22:31:32.857041 Mike: Foxtrot, sending you 1
2024-10-14 22:31:32.858218 Whiskey: We should drop Foxtrot
ChatterBot Mike reevaluating
2024-10-14 22:31:32.871556 Mike: No
2024-10-14 22:31:32.871848 Echo: No
2024-10-14 22:31:32.872030 Oscar: No
2024-10-14 22:31:32.872304 Golf: No
2024-10-14 22:31:32.872491 India: No
ChatterBot Whiskey reevaluating
ChatterBot Mike reevaluating
ChatterBot Whiskey reevaluating
ChatterBot Mike reevaluating
ChatterBot Whiskey reevaluating
ChatterBot Mike reevaluating
ChatterBot Whiskey reevaluating
ChatterBot Mike reevaluating
ChatterBot Whiskey reevaluating
2024-10-14 22:31:32.945139 Oscar: Echo, Golf and India, sending you 3
2024-10-14 22:31:32.946720 Echo: I was attacked by Quebec
ChatterBot Foxtrot reevaluating
ChatterBot Mike reevaluating
ChatterBot Oscar reevaluating
ChatterBot Golf reevaluating
ChatterBot India reevaluating
ChatterBot Whiskey reevaluating
2024-10-14 22:31:32.965145 Echo: I'm keeping this round to protect myself
2024-10-14 22:31:32.967059 Echo: Ow
2024-10-14 22:31:32.970100 Quebec: Lima, sending you 2
2024-10-14 22:31:32.970785 Lima: Quebec, sending you 4
2024-10-14 22:31:32.972120 Uniform: Quebec, sending you 9
2024-10-14 22:31:32.972921 Quebec: India, sending you 1
2024-10-14 22:31:32.973910 Mike: We should drop Whiskey
ChatterBot Oscar reevaluating
ChatterBot India reevaluating
ChatterBot Foxtrot reevaluating
ChatterBot Golf reevaluating
2024-10-14 22:31:32.996889 Echo: No
2024-10-14 22:31:32.997083 Oscar: No
2024-10-14 22:31:32.997255 India: No
2024-10-14 22:31:32.997400 Foxtrot: No
2024-10-14 22:31:32.997538 Golf: No
ChatterBot Oscar reevaluating
ChatterBot Mike reevaluating
ChatterBot India reevaluating
ChatterBot Foxtrot reevaluating
ChatterBot Golf reevaluating
ChatterBot Mike reevaluating
ChatterBot India reevaluating
ChatterBot Foxtrot reevaluating
ChatterBot Golf reevaluating
ChatterBot Oscar reevaluating
ChatterBot Mike reevaluating
ChatterBot Foxtrot reevaluating
ChatterBot Golf reevaluating
ChatterBot Oscar reevaluating
ChatterBot Mike reevaluating
ChatterBot India reevaluating
ChatterBot Golf reevaluating
ChatterBot Oscar reevaluating
ChatterBot Mike reevaluating
ChatterBot India reevaluating
ChatterBot Foxtrot reevaluating
2024-10-14 22:31:33.093864 Mike: We should add Whiskey
ChatterBot Oscar reevaluating
ChatterBot India reevaluating
ChatterBot Foxtrot reevaluating
ChatterBot Golf reevaluating
2024-10-14 22:31:33.107135 Echo: Yes
2024-10-14 22:31:33.107250 Oscar: Yes
2024-10-14 22:31:33.107343 India: Yes
2024-10-14 22:31:33.107431 Foxtrot: Yes
2024-10-14 22:31:33.108038 Golf: Yes
ChatterBot Oscar reevaluating
ChatterBot Mike reevaluating
ChatterBot India reevaluating
ChatterBot Foxtrot reevaluating
ChatterBot Golf reevaluating
ChatterBot Mike reevaluating
ChatterBot India reevaluating
ChatterBot Foxtrot reevaluating
ChatterBot Golf reevaluating
ChatterBot Oscar reevaluating
ChatterBot Mike reevaluating
ChatterBot Foxtrot reevaluating
ChatterBot Golf reevaluating
ChatterBot Oscar reevaluating
ChatterBot Mike reevaluating
ChatterBot India reevaluating
ChatterBot Golf reevaluating
ChatterBot Oscar reevaluating
ChatterBot Mike reevaluating
ChatterBot India reevaluating
ChatterBot Foxtrot reevaluating
2024-10-14 22:31:33.176578 Lima: Mike, sending you 1
2024-10-14 22:31:33.176982 Uniform: Lima, sending you 8
2024-10-14 22:31:33.177276 Quebec: Uniform, sending you 4
chatterbot Golf submitting transactions
2024-10-14 22:31:33.179669 Lima: Uniform, sending you 3
2024-10-14 22:31:33.182671 Mike: Whiskey we want you to join our group
ChatterBot Whiskey reevaluating
2024-10-14 22:31:33.186503 Whiskey: No
ChatterBot Mike reevaluating
2024-10-14 22:31:33.208814 Foxtrot: Mike and Oscar, sending you 2
2024-10-14 22:31:33.209689 Golf: Mike, Echo, India and Whiskey, sending you 3
2024-10-14 22:31:33.212663 Foxtrot: Echo, sending you 4
2024-10-14 22:31:33.214675 Golf: Foxtrot, sending you 1
2024-10-14 22:31:33.215364 India: Mike, Oscar, Echo and Golf, sending you 2
2024-10-14 22:31:33.216657 Foxtrot: Golf and Whiskey, sending you 1
2024-10-14 22:31:33.219673 Golf: Oscar, sending you 4
2024-10-14 22:31:33.220866 India: Foxtrot, sending you 4
2024-10-14 22:31:33.222685 Foxtrot: India, sending you 6
2024-10-14 22:31:33.224678 India: Whiskey, sending you 1
chatterbot Lima submitting transactions
2024-10-14 22:31:33.231686 Whiskey: Mike and Golf, sending you 2
2024-10-14 22:31:33.232653 Mike: Foxtrot, Oscar, India and Whiskey, sending you 2
2024-10-14 22:31:33.235711 Whiskey: Foxtrot, Oscar and Echo, sending you 1
2024-10-14 22:31:33.237661 Mike: Echo, sending you 4
2024-10-14 22:31:33.240655 Mike: Golf, sending you 3
chatterbot Uniform submitting transactions
chatterbot Mike submitting transactions
chatterbot Whiskey submitting transactions
chatterbot Oscar submitting transactions
chatterbot Golf submitting transactions
chatterbot Quebec submitting transactions
chatterbot India submitting transactions
chatterbot Oscar submitting transactions
chatterbot Foxtrot submitting transactions
chatterbot Echo submitting transactions
ChatterBot Quebec round 7
ChatterBot Mike round 7
ChatterBot Lima round 7
ChatterBot Foxtrot round 7
ChatterBot Oscar round 7
ChatterBot Echo round 7
ChatterBot Golf round 7
ChatterBot India round 7
ChatterBot Uniform round 7
ChatterBot Whiskey round 7
2024-10-14 22:31:33.856262 Quebec: We should replace India with Golf
ChatterBot Lima reevaluating
2024-10-14 22:31:33.861831 Lima: No
2024-10-14 22:31:33.862333 Uniform: No
ChatterBot Quebec reevaluating
ChatterBot Uniform reevaluating
ChatterBot Quebec reevaluating
ChatterBot Lima reevaluating
2024-10-14 22:31:33.883198 Whiskey: We should add India
ChatterBot Mike reevaluating
2024-10-14 22:31:33.895536 Mike: Yes
2024-10-14 22:31:33.895705 Foxtrot: Yes
2024-10-14 22:31:33.895842 Oscar: Yes
2024-10-14 22:31:33.895943 Echo: Yes
2024-10-14 22:31:33.896040 Golf: Yes
ChatterBot Mike reevaluating
ChatterBot Mike reevaluating
ChatterBot Mike reevaluating
ChatterBot Mike reevaluating
2024-10-14 22:31:33.975595 Whiskey: India we want you to join our group
2024-10-14 22:31:33.978576 India: Yes
ChatterBot Mike reevaluating
2024-10-14 22:31:33.997936 Quebec: Golf we want you to join our group
2024-10-14 22:31:34.002810 Golf: No
ChatterBot Quebec reevaluating
2024-10-14 22:31:34.017855 India: I was attacked by Whiskey
ChatterBot Foxtrot reevaluating
ChatterBot Mike reevaluating
ChatterBot Echo reevaluating
ChatterBot Oscar reevaluating
ChatterBot Golf reevaluating
ChatterBot Whiskey reevaluating
2024-10-14 22:31:34.048857 India: I'm keeping this round to protect myself
2024-10-14 22:31:34.051268 India: Ow
2024-10-14 22:31:34.051896 Uniform: Quebec, sending you 9
2024-10-14 22:31:34.052266 Lima: Quebec, sending you 4
2024-10-14 22:31:34.056726 Uniform: Lima, sending you 8
2024-10-14 22:31:34.057112 Lima: Uniform, sending you 3
2024-10-14 22:31:34.058855 Echo: We should drop Whiskey
ChatterBot Oscar reevaluating
ChatterBot Mike reevaluating
ChatterBot Foxtrot reevaluating
ChatterBot Golf reevaluating
2024-10-14 22:31:34.082044 Oscar: No
2024-10-14 22:31:34.082223 Mike: Yes
2024-10-14 22:31:34.082381 India: No
2024-10-14 22:31:34.082530 Foxtrot: No
2024-10-14 22:31:34.082690 Golf: No
ChatterBot Echo reevaluating
ChatterBot Mike reevaluating
ChatterBot Foxtrot reevaluating
ChatterBot Golf reevaluating
ChatterBot Echo reevaluating
ChatterBot Oscar reevaluating
ChatterBot Foxtrot reevaluating
ChatterBot Golf reevaluating
ChatterBot Echo reevaluating
ChatterBot Oscar reevaluating
ChatterBot Mike reevaluating
ChatterBot Foxtrot reevaluating
ChatterBot Golf reevaluating
ChatterBot Echo reevaluating
ChatterBot Oscar reevaluating
ChatterBot Mike reevaluating
ChatterBot Golf reevaluating
ChatterBot Echo reevaluating
ChatterBot Oscar reevaluating
ChatterBot Mike reevaluating
ChatterBot Foxtrot reevaluating
chatterbot India submitting transactions
chatterbot Mike submitting transactions
2024-10-14 22:31:34.202672 Foxtrot: Mike, Oscar and Echo, sending you 3
2024-10-14 22:31:34.204678 Oscar: Mike, Foxtrot, Echo and Whiskey, sending you 2
2024-10-14 22:31:34.206199 Foxtrot: Golf and Whiskey, sending you 1
2024-10-14 22:31:34.207370 Mike: Foxtrot, sending you 1
2024-10-14 22:31:34.209671 Oscar: Golf, sending you 4
2024-10-14 22:31:34.211209 Foxtrot: India, sending you 5
2024-10-14 22:31:34.211910 Mike: Oscar, Echo, Golf and India, sending you 3
2024-10-14 22:31:34.213693 Oscar: India, sending you 3
2024-10-14 22:31:34.218661 Echo: Mike and Foxtrot, sending you 4
2024-10-14 22:31:34.222646 Echo: Oscar, Golf and India, sending you 3
chatterbot Lima submitting transactions
chatterbot Quebec submitting transactions
chatterbot Foxtrot submitting transactions
chatterbot Echo submitting transactions
chatterbot Oscar submitting transactions
chatterbot Whiskey submitting transactions
chatterbot India submitting transactions
chatterbot Mike submitting transactions
chatterbot Golf submitting transactions
chatterbot Uniform submitting transactions
ChatterBot Quebec round 8
ChatterBot Mike round 8
ChatterBot Lima round 8
ChatterBot Foxtrot round 8
ChatterBot Oscar round 8
ChatterBot Echo round 8
ChatterBot Golf round 8
ChatterBot India round 8
ChatterBot Uniform round 8
ChatterBot Whiskey round 8
2024-10-14 22:31:35.297678 Mike: Sending you each 2
2024-10-14 22:31:35.305684 Lima: Quebec, sending you 4
2024-10-14 22:31:35.306680 Echo: Mike, Foxtrot, Oscar and Golf, sending you 3
2024-10-14 22:31:35.307789 Quebec: I was attacked by Mike, Echo and Golf
ChatterBot Lima reevaluating
ChatterBot Uniform reevaluating
ChatterBot Oscar reevaluating
2024-10-14 22:31:35.326592 Quebec: I'm keeping this round to protect myself
2024-10-14 22:31:35.328632 Quebec: Ow
2024-10-14 22:31:35.329527 Echo: India, sending you 2
2024-10-14 22:31:35.333686 Foxtrot: Mike and Golf, sending you 2
2024-10-14 22:31:35.337752 Foxtrot: Oscar, sending you 3
2024-10-14 22:31:35.342685 Foxtrot: Echo and India, sending you 4
2024-10-14 22:31:35.346684 Uniform: Quebec, sending you 9
2024-10-14 22:31:35.347700 Foxtrot: Whiskey, sending you 1
