ChatterBot Charlie round 1
ChatterBot Papa round 1
ChatterBot Tango round 1
ChatterBot Whiskey round 1
ChatterBot November round 1
ChatterBot Romeo round 1
ChatterBot Yankee round 1
ChatterBot Echo round 1
ChatterBot Delta round 1
ChatterBot Oscar round 1
randomSelections Tango: {Tango, Charlie, Romeo, Papa} 
2024-10-14 22:31:21.732178 Tango: We would work well together
ChatterBot Charlie reevaluating
ChatterBot Romeo reevaluating
ChatterBot Papa reevaluating
2024-10-14 22:31:21.743226 Charlie: Yes
2024-10-14 22:31:21.743361 Romeo: Yes
2024-10-14 22:31:21.743479 Papa: Yes
ChatterBot Romeo reevaluating
ChatterBot Papa reevaluating
ChatterBot Charlie reevaluating
ChatterBot Papa reevaluating
ChatterBot Charlie reevaluating
ChatterBot Romeo reevaluating
randomSelections Echo: {Echo, Charlie, November, Oscar, Whiskey, Romeo} 
2024-10-14 22:31:21.854405 Echo: We should group up
ChatterBot Charlie reevaluating
ChatterBot November reevaluating
ChatterBot Oscar reevaluating
ChatterBot Whiskey reevaluating
ChatterBot Romeo reevaluating
2024-10-14 22:31:21.871023 Charlie: No
2024-10-14 22:31:21.871272 November: Yes
2024-10-14 22:31:21.871497 Oscar: Yes
2024-10-14 22:31:21.871658 Whiskey: Yes
2024-10-14 22:31:21.872288 Romeo: No
ChatterBot November reevaluating
ChatterBot Oscar reevaluating
ChatterBot Whiskey reevaluating
ChatterBot Romeo reevaluating
ChatterBot Charlie reevaluating
ChatterBot Oscar reevaluating
ChatterBot Whiskey reevaluating
ChatterBot Romeo reevaluating
ChatterBot Charlie reevaluating
ChatterBot November reevaluating
ChatterBot Whiskey reevaluating
ChatterBot Romeo reevaluating
ChatterBot Charlie reevaluating
ChatterBot November reevaluating
ChatterBot Oscar reevaluating
ChatterBot Romeo reevaluating
ChatterBot Charlie reevaluating
ChatterBot November reevaluating
ChatterBot Oscar reevaluating
ChatterBot Whiskey reevaluating
randomSelections Yankee: {Yankee, Romeo, Oscar, Tango, Charlie, Delta, Papa, Echo} 
2024-10-14 22:31:21.924388 Yankee: Friends?
ChatterBot Romeo reevaluating
ChatterBot Oscar reevaluating
ChatterBot Charlie reevaluating
ChatterBot Delta reevaluating
ChatterBot Papa reevaluating
2024-10-14 22:31:21.942645 Romeo: No
2024-10-14 22:31:21.943036 Oscar: No
2024-10-14 22:31:21.943287 Tango: No
2024-10-14 22:31:21.944107 Charlie: No
2024-10-14 22:31:21.944586 Delta: Yes
2024-10-14 22:31:21.944800 Papa: No
2024-10-14 22:31:21.945745 Echo: No
ChatterBot Oscar reevaluating
ChatterBot Charlie reevaluating
ChatterBot Delta reevaluating
ChatterBot Papa reevaluating
ChatterBot Romeo reevaluating
ChatterBot Charlie reevaluating
ChatterBot Delta reevaluating
ChatterBot Papa reevaluating
ChatterBot Romeo reevaluating
ChatterBot Oscar reevaluating
ChatterBot Charlie reevaluating
ChatterBot Delta reevaluating
ChatterBot Papa reevaluating
ChatterBot Romeo reevaluating
ChatterBot Oscar reevaluating
ChatterBot Delta reevaluating
ChatterBot Papa reevaluating
ChatterBot Romeo reevaluating
ChatterBot Oscar reevaluating
ChatterBot Charlie reevaluating
ChatterBot Papa reevaluating
ChatterBot Romeo reevaluating
ChatterBot Oscar reevaluating
ChatterBot Charlie reevaluating
ChatterBot Delta reevaluating
ChatterBot Romeo reevaluating
ChatterBot Oscar reevaluating
ChatterBot Charlie reevaluating
ChatterBot Delta reevaluating
ChatterBot Papa reevaluating
2024-10-14 22:31:22.101702 Tango: Charlie and Romeo, sending you 6
2024-10-14 22:31:22.103503 Charlie: Papa, sending you 8
2024-10-14 22:31:22.104708 Romeo: Charlie, sending you 6
2024-10-14 22:31:22.106056 Echo: Charlie and Whiskey, sending you 2
2024-10-14 22:31:22.106390 Tango: Papa, sending you 5
2024-10-14 22:31:22.106880 Charlie: Tango, sending you 3
2024-10-14 22:31:22.107278 Whiskey: Charlie and November, sending you 4
2024-10-14 22:31:22.109148 Romeo: Papa and Tango, sending you 5
2024-10-14 22:31:22.109776 Yankee: Charlie, sending you 2
2024-10-14 22:31:22.110430 Delta: Charlie and Yankee, sending you 3
2024-10-14 22:31:22.112272 Echo: November, sending you 3
2024-10-14 22:31:22.112804 Charlie: Romeo, sending you 5
2024-10-14 22:31:22.113266 Papa: Charlie, sending you 7
2024-10-14 22:31:22.113755 Oscar: Charlie and Whiskey, sending you 3
2024-10-14 22:31:22.115808 Whiskey: Romeo, sending you 6
2024-10-14 22:31:22.116237 Yankee: Tango, sending you 3
2024-10-14 22:31:22.116787 Delta: Papa, sending you 1
2024-10-14 22:31:22.118455 Echo: Romeo, sending you 5
2024-10-14 22:31:22.118942 Papa: Tango, sending you 8
2024-10-14 22:31:22.119299 Oscar: November, sending you 2
2024-10-14 22:31:22.120738 Whiskey: Echo, sending you 1
2024-10-14 22:31:22.121122 Yankee: Oscar, sending you 1
2024-10-14 22:31:22.123580 Delta: Romeo, sending you 4
2024-10-14 22:31:22.124047 Echo: Oscar, sending you 6
2024-10-14 22:31:22.124465 Papa: Romeo, sending you 4
2024-10-14 22:31:22.124915 Oscar: Romeo and Echo, sending you 5
2024-10-14 22:31:22.131645 Delta: Echo and Oscar, sending you 2
chatterbot Tango submitting transactions
chatterbot Echo submitting transactions
chatterbot Oscar submitting transactions
chatterbot Romeo submitting transactions
chatterbot November submitting transactions
chatterbot Yankee submitting transactions
chatterbot Charlie submitting transactions
chatterbot Delta submitting transactions
chatterbot Whiskey submitting transactions
chatterbot Papa submitting transactions
ChatterBot Charlie round 2
ChatterBot Papa round 2
ChatterBot Tango round 2
ChatterBot Whiskey round 2
ChatterBot November round 2
ChatterBot Romeo round 2
ChatterBot Yankee round 2
ChatterBot Echo round 2
ChatterBot Delta round 2
2024-10-14 22:31:23.931276 Charlie: We should add Yankee and Delta
ChatterBot Tango reevaluating
ChatterBot Romeo reevaluating
ChatterBot Papa reevaluating
2024-10-14 22:31:23.943461 Tango: No
2024-10-14 22:31:23.944017 Romeo: Yes
2024-10-14 22:31:23.944139 Papa: Yes
ChatterBot Charlie reevaluating
ChatterBot Romeo reevaluating
ChatterBot Papa reevaluating
ChatterBot Tango reevaluating
ChatterBot Charlie reevaluating
ChatterBot Papa reevaluating
ChatterBot Tango reevaluating
ChatterBot Charlie reevaluating
ChatterBot Romeo reevaluating
ChatterBot Oscar round 2
2024-10-14 22:31:24.019190 Echo: Group up?
ChatterBot Whiskey reevaluating
ChatterBot November reevaluating
ChatterBot Oscar reevaluating
ChatterBot Delta reevaluating
2024-10-14 22:31:24.037681 Whiskey: Yes
2024-10-14 22:31:24.037883 November: Yes
2024-10-14 22:31:24.038002 Oscar: Yes
2024-10-14 22:31:24.038117 Delta: Yes
ChatterBot November reevaluating
ChatterBot Oscar reevaluating
ChatterBot Delta reevaluating
ChatterBot Whiskey reevaluating
ChatterBot Oscar reevaluating
ChatterBot Delta reevaluating
ChatterBot Whiskey reevaluating
ChatterBot November reevaluating
ChatterBot Delta reevaluating
ChatterBot Whiskey reevaluating
ChatterBot November reevaluating
ChatterBot Oscar reevaluating
2024-10-14 22:31:24.105950 November: Let's form a team
ChatterBot Whiskey reevaluating
ChatterBot Oscar reevaluating
ChatterBot Delta reevaluating
2024-10-14 22:31:24.126504 Echo: Yes
2024-10-14 22:31:24.126689 Whiskey: Yes
2024-10-14 22:31:24.126802 Oscar: Yes
2024-10-14 22:31:24.126905 Delta: Yes
ChatterBot Whiskey reevaluating
ChatterBot November reevaluating
ChatterBot Oscar reevaluating
ChatterBot Delta reevaluating
ChatterBot November reevaluating
ChatterBot Oscar reevaluating
ChatterBot Delta reevaluating
ChatterBot Whiskey reevaluating
ChatterBot November reevaluating
ChatterBot Delta reevaluating
ChatterBot Whiskey reevaluating
ChatterBot November reevaluating
ChatterBot Oscar reevaluating
2024-10-14 22:31:24.212361 Charlie: We should add Delta
ChatterBot Tango reevaluating
ChatterBot Romeo reevaluating
ChatterBot Papa reevaluating
2024-10-14 22:31:24.228796 Tango: No
2024-10-14 22:31:24.229008 Romeo: Yes
2024-10-14 22:31:24.229193 Papa: Yes
ChatterBot Charlie reevaluating
ChatterBot Romeo reevaluating
ChatterBot Papa reevaluating
ChatterBot Tango reevaluating
ChatterBot Charlie reevaluating
ChatterBot Papa reevaluating
ChatterBot Tango reevaluating
ChatterBot Charlie reevaluating
ChatterBot Romeo reevaluating
2024-10-14 22:31:24.278163 Tango: We should add Yankee
ChatterBot Charlie reevaluating
ChatterBot Romeo reevaluating
ChatterBot Papa reevaluating
2024-10-14 22:31:24.294164 Charlie: Yes
2024-10-14 22:31:24.294347 Romeo: Yes
2024-10-14 22:31:24.294500 Papa: Yes
ChatterBot Tango reevaluating
ChatterBot Romeo reevaluating
ChatterBot Papa reevaluating
ChatterBot Tango reevaluating
ChatterBot Charlie reevaluating
ChatterBot Papa reevaluating
ChatterBot Tango reevaluating
ChatterBot Charlie reevaluating
ChatterBot Romeo reevaluating
2024-10-14 22:31:24.347953 Yankee: We should drop Oscar and Echo
ChatterBot Delta reevaluating
ChatterBot Charlie reevaluating
ChatterBot Tango reevaluating
2024-10-14 22:31:24.373408 Delta: No
2024-10-14 22:31:24.373596 Charlie: Yes
2024-10-14 22:31:24.373749 Papa: Yes
2024-10-14 22:31:24.373885 Tango: Yes
2024-10-14 22:31:24.374022 Romeo: Yes
ChatterBot Charlie reevaluating
ChatterBot Tango reevaluating
ChatterBot Delta reevaluating
ChatterBot Tango reevaluating
ChatterBot Yankee reevaluating
ChatterBot Delta reevaluating
ChatterBot Charlie reevaluating
ChatterBot Tango reevaluating
ChatterBot Yankee reevaluating
ChatterBot Delta reevaluating
ChatterBot Charlie reevaluating
ChatterBot Yankee reevaluating
ChatterBot Delta reevaluating
ChatterBot Charlie reevaluating
ChatterBot Tango reevaluating
2024-10-14 22:31:24.491986 Papa: Yankee and Delta we want you to join our group
ChatterBot Yankee reevaluating
ChatterBot Delta reevaluating
2024-10-14 22:31:24.504131 Yankee: No
2024-10-14 22:31:24.504400 Delta: No
ChatterBot Delta reevaluating
ChatterBot Charlie reevaluating
ChatterBot Yankee reevaluating
ChatterBot Charlie reevaluating
ChatterBot Tango reevaluating
2024-10-14 22:31:24.619385 Romeo: Yankee and Delta we want you to join our group
ChatterBot Yankee reevaluating
ChatterBot Delta reevaluating
2024-10-14 22:31:24.678488 Yankee: No
2024-10-14 22:31:24.678987 Delta: No
ChatterBot Delta reevaluating
ChatterBot Charlie reevaluating
ChatterBot Tango reevaluating
ChatterBot Yankee reevaluating
ChatterBot Charlie reevaluating
ChatterBot Tango reevaluating
2024-10-14 22:31:24.982134 Oscar: Whiskey, sending you 4
2024-10-14 22:31:24.982490 Echo: Whiskey, sending you 3
2024-10-14 22:31:24.983390 Tango: Yankee and Delta we want you to join our group
ChatterBot Yankee reevaluating
2024-10-14 22:31:24.991743 Yankee: No
2024-10-14 22:31:24.991921 Delta: No
ChatterBot Charlie reevaluating
ChatterBot Tango reevaluating
ChatterBot Yankee reevaluating
ChatterBot Charlie reevaluating
ChatterBot Tango reevaluating
2024-10-14 22:31:25.035672 Oscar: November, sending you 3
2024-10-14 22:31:25.036462 Echo: November, sending you 1
chatterbot November submitting transactions
2024-10-14 22:31:25.124447 November: Whiskey and Echo, sending you 2
2024-10-14 22:31:25.125322 Whiskey: November and Delta, sending you 3
2024-10-14 22:31:25.125634 Romeo: Charlie, sending you 4
2024-10-14 22:31:25.125959 Papa: Charlie, sending you 5
2024-10-14 22:31:25.126897 Oscar: Echo, sending you 6
2024-10-14 22:31:25.127118 Echo: Delta, sending you 5
2024-10-14 22:31:25.127322 Delta: Whiskey, November and Echo, sending you 4
2024-10-14 22:31:25.127559 Charlie: Yankee and Delta we want you to join our group
ChatterBot Yankee reevaluating
2024-10-14 22:31:25.135954 Yankee: No
2024-10-14 22:31:25.136102 Delta: No
ChatterBot Charlie reevaluating
ChatterBot Tango reevaluating
ChatterBot Yankee reevaluating
ChatterBot Charlie reevaluating
ChatterBot Tango reevaluating
2024-10-14 22:31:25.175746 Whiskey: Echo, sending you 4
2024-10-14 22:31:25.176652 November: Oscar, sending you 1
2024-10-14 22:31:25.176903 Romeo: Papa and Delta, sending you 3
2024-10-14 22:31:25.177167 Papa: Tango and Romeo, sending you 4
2024-10-14 22:31:25.177408 Delta: Oscar, sending you 3
2024-10-14 22:31:25.177649 Echo: Oscar, sending you 9
2024-10-14 22:31:25.178408 Oscar: Delta, sending you 5
2024-10-14 22:31:25.198027 Tango: Yankee we want you to join our group
ChatterBot Yankee reevaluating
2024-10-14 22:31:25.202535 Yankee: No
ChatterBot Tango reevaluating
ChatterBot Charlie reevaluating
2024-10-14 22:31:25.218472 Whiskey: Oscar, sending you 5
2024-10-14 22:31:25.218881 Papa: Yankee and Delta, sending you 3
2024-10-14 22:31:25.219776 Romeo: Tango, sending you 5
2024-10-14 22:31:25.236667 Romeo: Yankee, sending you 1
chatterbot Papa submitting transactions
2024-10-14 22:31:25.275487 Yankee: Sending you 4
2024-10-14 22:31:25.282600 Tango: Charlie and Yankee, sending you 3
2024-10-14 22:31:25.283698 Charlie: Papa, Tango and Romeo, sending you 4
2024-10-14 22:31:25.289621 Charlie: Yankee, sending you 1
2024-10-14 22:31:25.290092 Tango: Papa, sending you 7
2024-10-14 22:31:25.315012 Tango: Romeo, sending you 4
2024-10-14 22:31:25.315853 Charlie: Delta, sending you 3
chatterbot Romeo submitting transactions
chatterbot Echo submitting transactions
chatterbot Delta submitting transactions
chatterbot Whiskey submitting transactions
chatterbot Oscar submitting transactions
chatterbot Yankee submitting transactions
chatterbot Charlie submitting transactions
chatterbot Tango submitting transactions
ChatterBot Charlie round 3
ChatterBot Papa round 3
ChatterBot Tango round 3
ChatterBot Whiskey round 3
ChatterBot November round 3
ChatterBot Romeo round 3
ChatterBot Yankee round 3
ChatterBot Echo round 3
ChatterBot Delta round 3
ChatterBot Oscar round 3
2024-10-14 22:31:26.656340 Charlie: We should drop Delta
2024-10-14 22:31:26.683069 Tango: Yes
2024-10-14 22:31:26.683394 Papa: Yes
2024-10-14 22:31:26.684393 Romeo: Yes
2024-10-14 22:31:26.684904 Yankee: No
2024-10-14 22:31:26.772919 Delta: Whiskey, sending you 3
2024-10-14 22:31:26.774069 Yankee: Sending you 5
2024-10-14 22:31:26.774471 Echo: Whiskey and Delta, sending you 4
2024-10-14 22:31:26.775592 Whiskey: November, sending you 3
2024-10-14 22:31:26.778329 Delta: November, sending you 1
2024-10-14 22:31:26.779433 Echo: November, sending you 3
2024-10-14 22:31:26.779912 Tango: Charlie, sending you 4
2024-10-14 22:31:26.781205 Charlie: Papa and Romeo, sending you 5
2024-10-14 22:31:26.781570 November: Whiskey and Oscar, sending you 2
2024-10-14 22:31:26.782015 Whiskey: Echo, Delta and Oscar, sending you 4
2024-10-14 22:31:26.782974 Delta: Echo and Oscar, sending you 5
2024-10-14 22:31:26.787961 Echo: Oscar, sending you 8
2024-10-14 22:31:26.788361 Charlie: Tango, sending you 4
2024-10-14 22:31:26.788791 Tango: Papa, sending you 5
2024-10-14 22:31:26.789803 November: Echo and Delta, sending you 1
2024-10-14 22:31:26.790109 Oscar: Whiskey, November and Delta, sending you 4
2024-10-14 22:31:26.792472 Papa: Charlie, Tango and Romeo, sending you 5
2024-10-14 22:31:26.793527 Romeo: Charlie, sending you 6
2024-10-14 22:31:26.794045 Charlie: Yankee, sending you 2
2024-10-14 22:31:26.794401 Tango: Romeo, sending you 6
2024-10-14 22:31:26.795316 Oscar: Echo, sending you 6
2024-10-14 22:31:26.798492 Papa: Yankee, sending you 4
2024-10-14 22:31:26.799019 Romeo: Papa, sending you 4
2024-10-14 22:31:26.799987 Tango: Yankee, sending you 2
2024-10-14 22:31:26.827265 Romeo: Tango, sending you 5
2024-10-14 22:31:26.835223 Romeo: Yankee, sending you 1
chatterbot Charlie submitting transactions
chatterbot November submitting transactions
chatterbot Whiskey submitting transactions
chatterbot Romeo submitting transactions
chatterbot Papa submitting transactions
chatterbot Yankee submitting transactions
chatterbot Tango submitting transactions
chatterbot Oscar submitting transactions
chatterbot Delta submitting transactions
chatterbot Echo submitting transactions
ChatterBot Charlie round 4
ChatterBot Papa round 4
ChatterBot Tango round 4
ChatterBot Whiskey round 4
ChatterBot November round 4
ChatterBot Romeo round 4
ChatterBot Yankee round 4
ChatterBot Echo round 4
ChatterBot Delta round 4
ChatterBot Oscar round 4
2024-10-14 22:31:27.815986 Yankee: Can we be friends?
2024-10-14 22:31:27.828978 Tango: Yes
2024-10-14 22:31:27.829715 Charlie: Yes
2024-10-14 22:31:27.829913 Papa: Yes
2024-10-14 22:31:27.830070 Romeo: Yes
2024-10-14 22:31:27.883392 Delta: We should add Yankee
2024-10-14 22:31:27.895707 Echo: No
2024-10-14 22:31:27.895854 Whiskey: No
2024-10-14 22:31:27.895961 November: No
2024-10-14 22:31:27.896067 Oscar: No
ChatterBot Delta reevaluating
ChatterBot Delta reevaluating
ChatterBot Delta reevaluating
ChatterBot Delta reevaluating
2024-10-14 22:31:27.967761 Papa: Charlie, Tango and Romeo, sending you 5
2024-10-14 22:31:27.972484 Romeo: Charlie, sending you 5
2024-10-14 22:31:27.973460 Echo: Whiskey, sending you 4
2024-10-14 22:31:27.973954 Papa: Yankee, sending you 4
2024-10-14 22:31:27.974435 Tango: Charlie, sending you 4
2024-10-14 22:31:27.975289 Whiskey: November, sending you 3
2024-10-14 22:31:27.975744 November: Whiskey, Echo and Oscar, sending you 2
2024-10-14 22:31:27.976139 Charlie: Papa and Romeo, sending you 5
2024-10-14 22:31:27.977077 Yankee: Sending you each 4
2024-10-14 22:31:27.977709 Romeo: Papa, sending you 4
2024-10-14 22:31:27.978107 Echo: November, sending you 2
2024-10-14 22:31:27.979054 Tango: Papa, sending you 5
2024-10-14 22:31:27.979599 Whiskey: Echo, Delta and Oscar, sending you 4
2024-10-14 22:31:27.980597 November: Delta, sending you 1
2024-10-14 22:31:27.981116 Charlie: Tango, sending you 4
2024-10-14 22:31:27.981716 Romeo: Tango, sending you 6
2024-10-14 22:31:27.982821 Delta: Whiskey, sending you 4
2024-10-14 22:31:27.983525 Echo: Delta, sending you 5
2024-10-14 22:31:27.984570 Oscar: Whiskey, November and Delta, sending you 4
2024-10-14 22:31:27.985624 Tango: Romeo, sending you 6
2024-10-14 22:31:27.986296 Charlie: Yankee, sending you 2
2024-10-14 22:31:27.987326 Romeo: Yankee, sending you 1
2024-10-14 22:31:27.987839 Delta: November, sending you 1
2024-10-14 22:31:27.988380 Echo: Oscar, sending you 8
2024-10-14 22:31:27.995861 Oscar: Echo, sending you 6
2024-10-14 22:31:27.996446 Tango: Yankee, sending you 2
2024-10-14 22:31:27.997628 Delta: Echo and Oscar, sending you 5
chatterbot Yankee submitting transactions
chatterbot Whiskey submitting transactions
chatterbot November submitting transactions
chatterbot Charlie submitting transactions
chatterbot Romeo submitting transactions
chatterbot Papa submitting transactions
chatterbot Oscar submitting transactions
chatterbot Tango submitting transactions
chatterbot Delta submitting transactions
chatterbot Echo submitting transactions
ChatterBot Charlie round 5
ChatterBot Papa round 5
ChatterBot Tango round 5
ChatterBot Whiskey round 5
ChatterBot November round 5
ChatterBot Romeo round 5
ChatterBot Yankee round 5
ChatterBot Echo round 5
ChatterBot Delta round 5
ChatterBot Oscar round 5
2024-10-14 22:31:29.287724 Tango: Charlie, sending you 4
2024-10-14 22:31:29.289953 Charlie: Papa and Romeo, sending you 5
2024-10-14 22:31:29.297772 Tango: Papa, sending you 5
2024-10-14 22:31:29.298670 Whiskey: November, sending you 3
2024-10-14 22:31:29.300096 Echo: Whiskey, sending you 4
2024-10-14 22:31:29.300676 Charlie: Tango, sending you 4
2024-10-14 22:31:29.302028 Delta: Whiskey, sending you 4
2024-10-14 22:31:29.302625 Tango: Romeo, sending you 6
2024-10-14 22:31:29.303209 Romeo: Charlie and Tango, sending you 5
2024-10-14 22:31:29.304423 Papa: Charlie, Tango and Romeo, sending you 5
2024-10-14 22:31:29.304929 Whiskey: Echo, Delta and Oscar, sending you 4
2024-10-14 22:31:29.306104 November: Whiskey and Echo, sending you 2
2024-10-14 22:31:29.306689 Echo: November, sending you 2
2024-10-14 22:31:29.307250 Delta: November, sending you 1
2024-10-14 22:31:29.308518 Oscar: Whiskey and November, sending you 4
2024-10-14 22:31:29.309061 Charlie: Yankee, sending you 2
2024-10-14 22:31:29.310273 Yankee: Same as last round
2024-10-14 22:31:29.310991 Tango: Yankee, sending you 2
2024-10-14 22:31:29.312049 Romeo: Papa, sending you 4
2024-10-14 22:31:29.312535 Papa: Yankee, sending you 4
2024-10-14 22:31:29.313203 Echo: Delta, sending you 6
2024-10-14 22:31:29.315050 Delta: Echo and Oscar, sending you 5
2024-10-14 22:31:29.315857 November: Delta, sending you 1
2024-10-14 22:31:29.317046 Oscar: Echo and Delta, sending you 5
2024-10-14 22:31:29.317683 Romeo: Yankee, sending you 2
2024-10-14 22:31:29.318953 Echo: Oscar, sending you 7
2024-10-14 22:31:29.323977 November: Oscar, sending you 3
chatterbot Whiskey submitting transactions
chatterbot Romeo submitting transactions
chatterbot Delta submitting transactions
chatterbot Charlie submitting transactions
chatterbot November submitting transactions
chatterbot Yankee submitting transactions
chatterbot Oscar submitting transactions
chatterbot Papa submitting transactions
chatterbot Tango submitting transactions
chatterbot Echo submitting transactions
ChatterBot Charlie round 6
ChatterBot Papa round 6
ChatterBot Tango round 6
ChatterBot Whiskey round 6
ChatterBot November round 6
ChatterBot Romeo round 6
ChatterBot Yankee round 6
ChatterBot Echo round 6
ChatterBot Delta round 6
ChatterBot Oscar round 6
2024-10-14 22:31:30.598672 Romeo: Charlie and Tango, sending you 5
2024-10-14 22:31:30.602652 Romeo: Papa, sending you 4
2024-10-14 22:31:30.603679 Charlie: Papa and Tango, sending you 4
2024-10-14 22:31:30.606664 Whiskey: November, sending you 3
2024-10-14 22:31:30.607374 Charlie: Romeo, sending you 5
2024-10-14 22:31:30.607822 Romeo: Yankee, sending you 2
2024-10-14 22:31:30.608266 Tango: Charlie, sending you 4
2024-10-14 22:31:30.608680 November: Whiskey and Oscar, sending you 3
2024-10-14 22:31:30.609087 Yankee: Same as last round
2024-10-14 22:31:30.609929 Whiskey: Echo, Delta and Oscar, sending you 4
2024-10-14 22:31:30.610680 Charlie: Yankee, sending you 3
2024-10-14 22:31:30.611662 November: Echo, sending you 2
2024-10-14 22:31:30.613654 Tango: Papa and Romeo, sending you 5
2024-10-14 22:31:30.614071 Papa: Charlie, Tango and Romeo, sending you 5
2024-10-14 22:31:30.615667 Delta: Whiskey, sending you 4
2024-10-14 22:31:30.616177 November: Delta, sending you 1
2024-10-14 22:31:30.616735 Echo: Whiskey, sending you 4
2024-10-14 22:31:30.617821 Tango: Yankee, sending you 3
2024-10-14 22:31:30.618681 Papa: Yankee, sending you 4
2024-10-14 22:31:30.619665 Delta: November, sending you 1
2024-10-14 22:31:30.620699 Oscar: Whiskey and November, sending you 4
2024-10-14 22:31:30.622029 Echo: November, sending you 3
2024-10-14 22:31:30.623671 Delta: Echo and Oscar, sending you 5
2024-10-14 22:31:30.624728 Oscar: Echo and Delta, sending you 5
2024-10-14 22:31:30.625715 Echo: Delta and Oscar, sending you 6
chatterbot Echo submitting transactions
chatterbot Yankee submitting transactions
chatterbot November submitting transactions
chatterbot Papa submitting transactions
chatterbot Whiskey submitting transactions
chatterbot Oscar submitting transactions
chatterbot Tango submitting transactions
chatterbot Romeo submitting transactions
chatterbot Charlie submitting transactions
chatterbot Delta submitting transactions
ChatterBot Charlie round 7
ChatterBot Papa round 7
ChatterBot Tango round 7
ChatterBot Whiskey round 7
ChatterBot November round 7
ChatterBot Romeo round 7
ChatterBot Yankee round 7
ChatterBot Echo round 7
ChatterBot Delta round 7
ChatterBot Oscar round 7
2024-10-14 22:31:31.886672 November: Whiskey and Echo, sending you 2
2024-10-14 22:31:31.887924 Papa: Charlie, Tango and Romeo, sending you 5
2024-10-14 22:31:31.891104 November: Delta, sending you 1
2024-10-14 22:31:31.891622 Tango: Charlie, sending you 4
2024-10-14 22:31:31.892166 Papa: Yankee, sending you 4
2024-10-14 22:31:31.892682 Romeo: Charlie and Tango, sending you 5
2024-10-14 22:31:31.893654 Whiskey: November, sending you 3
2024-10-14 22:31:31.895064 November: Oscar, sending you 4
2024-10-14 22:31:31.895843 Charlie: Papa and Tango, sending you 4
2024-10-14 22:31:31.896492 Tango: Papa and Romeo, sending you 5
2024-10-14 22:31:31.897035 Echo: Whiskey, sending you 4
2024-10-14 22:31:31.897622 Romeo: Papa, sending you 4
2024-10-14 22:31:31.898956 Yankee: Same as last round
2024-10-14 22:31:31.899682 Charlie: Romeo, sending you 5
2024-10-14 22:31:31.900259 Whiskey: Echo, Delta and Oscar, sending you 4
2024-10-14 22:31:31.900748 Tango: Yankee, sending you 3
2024-10-14 22:31:31.901967 Echo: November, sending you 3
2024-10-14 22:31:31.902463 Romeo: Yankee, sending you 2
2024-10-14 22:31:31.902886 Charlie: Yankee, sending you 3
2024-10-14 22:31:31.904705 Echo: Delta and Oscar, sending you 6
2024-10-14 22:31:31.906276 Oscar: Whiskey and November, sending you 4
2024-10-14 22:31:31.907688 Delta: Whiskey, sending you 4
2024-10-14 22:31:31.909691 Oscar: Echo and Delta, sending you 5
2024-10-14 22:31:31.911686 Delta: November, sending you 1
2024-10-14 22:31:31.914679 Delta: Echo and Oscar, sending you 5
chatterbot Oscar submitting transactions
chatterbot Charlie submitting transactions
chatterbot Romeo submitting transactions
chatterbot Whiskey submitting transactions
chatterbot Papa submitting transactions
chatterbot Yankee submitting transactions
chatterbot Echo submitting transactions
chatterbot Delta submitting transactions
chatterbot November submitting transactions
chatterbot Tango submitting transactions
ChatterBot Charlie round 8
ChatterBot Papa round 8
ChatterBot Tango round 8
ChatterBot Whiskey round 8
ChatterBot November round 8
ChatterBot Romeo round 8
ChatterBot Yankee round 8
ChatterBot Echo round 8
ChatterBot Delta round 8
ChatterBot Oscar round 8
2024-10-14 22:31:32.990699 Tango: Charlie, sending you 4
2024-10-14 22:31:32.992363 Papa: Charlie, Tango and Romeo, sending you 5
2024-10-14 22:31:32.994667 Charlie: Papa and Tango, sending you 4
2024-10-14 22:31:32.995722 Tango: Papa and Romeo, sending you 5
2024-10-14 22:31:32.997210 Papa: Yankee, sending you 4
2024-10-14 22:31:32.997956 November: Whiskey, sending you 3
2024-10-14 22:31:32.999106 Charlie: Romeo, sending you 5
2024-10-14 22:31:32.999889 Whiskey: November, sending you 3
2024-10-14 22:31:33.001682 Tango: Yankee, sending you 3
2024-10-14 22:31:33.002657 Echo: Whiskey, sending you 4
2024-10-14 22:31:33.003626 November: Echo, sending you 2
2024-10-14 22:31:33.004053 Whiskey: Echo, Delta and Oscar, sending you 4
2024-10-14 22:31:33.004698 Charlie: Yankee, sending you 3
2024-10-14 22:31:33.005169 Yankee: Same as last round
2024-10-14 22:31:33.005558 Delta: Whiskey, sending you 4
2024-10-14 22:31:33.006634 Echo: November, sending you 3
2024-10-14 22:31:33.009284 November: Delta, sending you 1
2024-10-14 22:31:33.010244 Delta: November, sending you 1
2024-10-14 22:31:33.011129 Romeo: Charlie and Papa, sending you 4
2024-10-14 22:31:33.012981 Echo: Delta and Oscar, sending you 6
2024-10-14 22:31:33.013971 November: Oscar, sending you 4
2024-10-14 22:31:33.015734 Delta: Echo and Oscar, sending you 5
2024-10-14 22:31:33.016696 Romeo: Tango, sending you 5
2024-10-14 22:31:33.018681 Oscar: Whiskey and November, sending you 4
2024-10-14 22:31:33.022687 Romeo: Yankee, sending you 3
2024-10-14 22:31:33.024654 Oscar: Echo and Delta, sending you 5
chatterbot Papa submitting transactions
chatterbot November submitting transactions
chatterbot Whiskey submitting transactions
chatterbot Tango submitting transactions
chatterbot Romeo submitting transactions
chatterbot Charlie submitting transactions
chatterbot Yankee submitting transactions
chatterbot Echo submitting transactions
chatterbot Oscar submitting transactions
chatterbot Delta submitting transactions
ChatterBot Charlie round 9
ChatterBot Papa round 9
ChatterBot Tango round 9
ChatterBot Whiskey round 9
ChatterBot November round 9
ChatterBot Romeo round 9
ChatterBot Yankee round 9
ChatterBot Echo round 9
ChatterBot Delta round 9
ChatterBot Oscar round 9
2024-10-14 22:31:34.199664 Charlie: Papa and Tango, sending you 4
2024-10-14 22:31:34.204666 Charlie: Romeo, sending you 5
2024-10-14 22:31:34.205311 Whiskey: November, sending you 3
2024-10-14 22:31:34.206329 Tango: Charlie, sending you 4
2024-10-14 22:31:34.206844 Romeo: Charlie, sending you 5
2024-10-14 22:31:34.208662 Oscar: Whiskey and November, sending you 4
2024-10-14 22:31:34.209261 Charlie: Yankee, sending you 3
2024-10-14 22:31:34.210693 Whiskey: Echo, Delta and Oscar, sending you 4
2024-10-14 22:31:34.211409 Romeo: Papa and Tango, sending you 4
2024-10-14 22:31:34.212032 Tango: Papa and Romeo, sending you 5
2024-10-14 22:31:34.212601 November: Whiskey and Echo, sending you 3
2024-10-14 22:31:34.213186 Oscar: Echo and Delta, sending you 5
2024-10-14 22:31:34.215683 Papa: Charlie, Tango and Romeo, sending you 5
2024-10-14 22:31:34.216514 November: Delta, sending you 1
2024-10-14 22:31:34.217217 Romeo: Yankee, sending you 3
2024-10-14 22:31:34.218531 Tango: Yankee, sending you 3
2024-10-14 22:31:34.219648 Echo: Whiskey, sending you 4
2024-10-14 22:31:34.220343 Yankee: Same as last round
2024-10-14 22:31:34.220794 Papa: Yankee, sending you 4
2024-10-14 22:31:34.221210 November: Oscar, sending you 4
2024-10-14 22:31:34.223675 Echo: November, sending you 3
2024-10-14 22:31:34.226699 Delta: Whiskey, sending you 4
2024-10-14 22:31:34.228203 Echo: Delta and Oscar, sending you 6
2024-10-14 22:31:34.231672 Delta: November, sending you 1
2024-10-14 22:31:34.234663 Delta: Echo and Oscar, sending you 5
chatterbot November submitting transactions
chatterbot Whiskey submitting transactions
chatterbot Tango submitting transactions
chatterbot Romeo submitting transactions
chatterbot Oscar submitting transactions
chatterbot Echo submitting transactions
chatterbot Papa submitting transactions
chatterbot Charlie submitting transactions
chatterbot Yankee submitting transactions
chatterbot Delta submitting transactions
ChatterBot Charlie round 10
ChatterBot Papa round 10
ChatterBot Tango round 10
ChatterBot Whiskey round 10
ChatterBot November round 10
ChatterBot Romeo round 10
ChatterBot Yankee round 10
ChatterBot Echo round 10
ChatterBot Delta round 10
ChatterBot Oscar round 10
2024-10-14 22:31:35.456814 Papa: Charlie, Tango and Romeo, sending you 5
2024-10-14 22:31:35.461706 November: Whiskey and Echo, sending you 3
2024-10-14 22:31:35.462691 Papa: Yankee, sending you 4
2024-10-14 22:31:35.464680 November: Delta, sending you 1
2024-10-14 22:31:35.465870 Whiskey: November, sending you 3
2024-10-14 22:31:35.466675 Delta: Whiskey, sending you 4
2024-10-14 22:31:35.469074 Tango: Charlie, sending you 4
2024-10-14 22:31:35.469775 Whiskey: Echo, Delta and Oscar, sending you 4
2024-10-14 22:31:35.470962 November: Oscar, sending you 4
2024-10-14 22:31:35.471637 Delta: November, sending you 1
2024-10-14 22:31:35.472421 Charlie: Papa and Tango, sending you 4
2024-10-14 22:31:35.473910 Yankee: Same as last round
2024-10-14 22:31:35.475336 Tango: Papa and Romeo, sending you 5
2024-10-14 22:31:35.475979 Romeo: Charlie, sending you 5
2024-10-14 22:31:35.477464 Delta: Echo and Oscar, sending you 5
2024-10-14 22:31:35.478270 Charlie: Romeo, sending you 5
2024-10-14 22:31:35.479668 Oscar: Whiskey and November, sending you 4
2024-10-14 22:31:35.480437 Tango: Yankee, sending you 3
2024-10-14 22:31:35.481154 Romeo: Papa and Tango, sending you 4
2024-10-14 22:31:35.482659 Charlie: Yankee, sending you 3
2024-10-14 22:31:35.483789 Echo: Whiskey, sending you 4
2024-10-14 22:31:35.484696 Oscar: Echo and Delta, sending you 5
2024-10-14 22:31:35.486177 Romeo: Yankee, sending you 3
2024-10-14 22:31:35.488659 Echo: November, sending you 3
2024-10-14 22:31:35.493671 Echo: Delta and Oscar, sending you 6
chatterbot Echo submitting transactions
chatterbot Whiskey submitting transactions
chatterbot Oscar submitting transactions
chatterbot Romeo submitting transactions
chatterbot November submitting transactions
chatterbot Papa submitting transactions
chatterbot Tango submitting transactions
chatterbot Delta submitting transactions
chatterbot Charlie submitting transactions
chatterbot Yankee submitting transactions
ChatterBot Charlie round 11
ChatterBot Papa round 11
ChatterBot Tango round 11
ChatterBot Whiskey round 11
ChatterBot November round 11
ChatterBot Romeo round 11
ChatterBot Yankee round 11
ChatterBot Echo round 11
ChatterBot Delta round 11
ChatterBot Oscar round 11
2024-10-14 22:31:36.680665 Whiskey: November, sending you 3
2024-10-14 22:31:36.686681 Whiskey: Echo, Delta and Oscar, sending you 4
2024-10-14 22:31:36.688621 Papa: Charlie, Tango and Romeo, sending you 5
2024-10-14 22:31:36.691297 Echo: Whiskey, sending you 4
2024-10-14 22:31:36.693516 Tango: Charlie, sending you 4
2024-10-14 22:31:36.694735 Charlie: Papa and Tango, sending you 4
2024-10-14 22:31:36.696632 Romeo: Charlie, sending you 5
2024-10-14 22:31:36.698768 Yankee: Same as last round
2024-10-14 22:31:36.700520 Delta: Whiskey, sending you 4
2024-10-14 22:31:36.701815 Papa: Yankee, sending you 4
2024-10-14 22:31:36.703815 Echo: November, sending you 3
2024-10-14 22:31:36.705460 Tango: Papa and Romeo, sending you 5
2024-10-14 22:31:36.707673 November: Whiskey and Echo, sending you 3
2024-10-14 22:31:36.708942 Charlie: Romeo, sending you 5
2024-10-14 22:31:36.710618 Romeo: Papa and Tango, sending you 4
2024-10-14 22:31:36.712715 Delta: November, sending you 1
2024-10-14 22:31:36.714128 Echo: Delta and Oscar, sending you 6
2024-10-14 22:31:36.716331 Tango: Yankee, sending you 3
2024-10-14 22:31:36.718251 November: Delta, sending you 1
2024-10-14 22:31:36.720390 Oscar: Whiskey and November, sending you 4
2024-10-14 22:31:36.722056 Charlie: Yankee, sending you 3
2024-10-14 22:31:36.724437 Romeo: Yankee, sending you 3
2024-10-14 22:31:36.726753 Delta: Echo and Oscar, sending you 5
2024-10-14 22:31:36.729063 November: Oscar, sending you 4
2024-10-14 22:31:36.730747 Oscar: Echo and Delta, sending you 5
chatterbot Yankee submitting transactions
chatterbot Charlie submitting transactions
chatterbot Papa submitting transactions
chatterbot November submitting transactions
chatterbot Romeo submitting transactions
chatterbot Echo submitting transactions
chatterbot Oscar submitting transactions
chatterbot Delta submitting transactions
chatterbot Tango submitting transactions
chatterbot Whiskey submitting transactions
ChatterBot Charlie round 12
ChatterBot Papa round 12
ChatterBot Tango round 12
ChatterBot Whiskey round 12
ChatterBot November round 12
ChatterBot Romeo round 12
ChatterBot Yankee round 12
ChatterBot Echo round 12
ChatterBot Delta round 12
ChatterBot Oscar round 12
2024-10-14 22:31:37.847677 Papa: Charlie, Tango and Romeo, sending you 5
2024-10-14 22:31:37.848527 Whiskey: November, sending you 3
2024-10-14 22:31:37.849438 November: Whiskey and Echo, sending you 3
2024-10-14 22:31:37.850669 Charlie: Papa and Tango, sending you 4
2024-10-14 22:31:37.852241 Papa: Yankee, sending you 4
2024-10-14 22:31:37.853012 Yankee: Same as last round
2024-10-14 22:31:37.853569 Whiskey: Echo, Delta and Oscar, sending you 4
2024-10-14 22:31:37.854119 November: Delta, sending you 2
2024-10-14 22:31:37.854642 Delta: Whiskey, sending you 4
2024-10-14 22:31:37.855126 Charlie: Romeo, sending you 5
2024-10-14 22:31:37.855601 Romeo: Charlie, sending you 5
2024-10-14 22:31:37.856270 Oscar: Whiskey and November, sending you 4
2024-10-14 22:31:37.857925 Tango: Charlie, sending you 4
2024-10-14 22:31:37.858523 November: Oscar, sending you 4
2024-10-14 22:31:37.859108 Echo: Whiskey, sending you 4
2024-10-14 22:31:37.859691 Charlie: Yankee, sending you 3
2024-10-14 22:31:37.860190 Romeo: Papa and Tango, sending you 4
2024-10-14 22:31:37.860703 Delta: November, sending you 1
2024-10-14 22:31:37.861855 Tango: Papa and Romeo, sending you 5
2024-10-14 22:31:37.862777 Oscar: Echo and Delta, sending you 5
2024-10-14 22:31:37.863428 Echo: November, sending you 3
2024-10-14 22:31:37.864689 Delta: Echo and Oscar, sending you 5
2024-10-14 22:31:37.865725 Romeo: Yankee, sending you 3
2024-10-14 22:31:37.866444 Tango: Yankee, sending you 3
2024-10-14 22:31:37.868699 Echo: Delta and Oscar, sending you 6
chatterbot Echo submitting transactions
chatterbot Romeo submitting transactions
chatterbot Tango submitting transactions
chatterbot Delta submitting transactions
chatterbot Papa submitting transactions
chatterbot November submitting transactions
chatterbot Oscar submitting transactions
chatterbot Charlie submitting transactions
chatterbot Yankee submitting transactions
chatterbot Whiskey submitting transactions
ChatterBot Charlie round 13
ChatterBot Papa round 13
ChatterBot Tango round 13
ChatterBot Whiskey round 13
ChatterBot November round 13
ChatterBot Romeo round 13
ChatterBot Yankee round 13
ChatterBot Echo round 13
ChatterBot Delta round 13
ChatterBot Oscar round 13
2024-10-14 22:31:39.061688 November: Whiskey and Echo, sending you 3
2024-10-14 22:31:39.066663 November: Delta, sending you 1
2024-10-14 22:31:39.068480 Whiskey: November, sending you 3
2024-10-14 22:31:39.069892 Romeo: Charlie, sending you 5
2024-10-14 22:31:39.072080 Yankee: Same as last round
2024-10-14 22:31:39.073591 November: Oscar, sending you 5
2024-10-14 22:31:39.075227 Whiskey: Echo, Delta and Oscar, sending you 4
2024-10-14 22:31:39.076561 Charlie: Papa and Tango, sending you 4
2024-10-14 22:31:39.078440 Romeo: Papa and Tango, sending you 4
2024-10-14 22:31:39.079608 Papa: Charlie, Tango and Romeo, sending you 5
2024-10-14 22:31:39.080938 Charlie: Romeo, sending you 5
2024-10-14 22:31:39.082258 Oscar: Whiskey and November, sending you 4
2024-10-14 22:31:39.083195 Delta: Whiskey, sending you 4
2024-10-14 22:31:39.084114 Tango: Charlie, sending you 4
2024-10-14 22:31:39.084887 Romeo: Yankee, sending you 3
2024-10-14 22:31:39.086365 Echo: Whiskey, sending you 4
2024-10-14 22:31:39.087184 Papa: Yankee, sending you 4
2024-10-14 22:31:39.087986 Charlie: Yankee, sending you 3
2024-10-14 22:31:39.088771 Oscar: Echo and Delta, sending you 5
2024-10-14 22:31:39.090054 Delta: November, sending you 1
2024-10-14 22:31:39.090820 Tango: Papa and Romeo, sending you 5
2024-10-14 22:31:39.091486 Echo: November, sending you 3
2024-10-14 22:31:39.093673 Delta: Echo and Oscar, sending you 5
2024-10-14 22:31:39.094685 Tango: Yankee, sending you 3
2024-10-14 22:31:39.095752 Echo: Delta and Oscar, sending you 6
chatterbot Delta submitting transactions
chatterbot Oscar submitting transactions
chatterbot November submitting transactions
chatterbot Tango submitting transactions
chatterbot Papa submitting transactions
chatterbot Echo submitting transactions
chatterbot Yankee submitting transactions
chatterbot Whiskey submitting transactions
chatterbot Charlie submitting transactions
chatterbot Romeo submitting transactions
ChatterBot Charlie round 14
ChatterBot Papa round 14
ChatterBot Tango round 14
ChatterBot Whiskey round 14
ChatterBot November round 14
ChatterBot Romeo round 14
ChatterBot Yankee round 14
ChatterBot Echo round 14
ChatterBot Delta round 14
ChatterBot Oscar round 14
2024-10-14 22:31:40.314673 Whiskey: November, sending you 3
2024-10-14 22:31:40.319694 Whiskey: Echo, Delta and Oscar, sending you 4
2024-10-14 22:31:40.323718 Romeo: Charlie, sending you 5
2024-10-14 22:31:40.325064 Delta: Whiskey, sending you 4
2024-10-14 22:31:40.326807 November: Whiskey and Echo, sending you 3
2024-10-14 22:31:40.328578 Papa: Charlie, Tango and Romeo, sending you 5
2024-10-14 22:31:40.329399 Charlie: Papa and Tango, sending you 4
2024-10-14 22:31:40.330623 Romeo: Papa and Tango, sending you 4
2024-10-14 22:31:40.331702 Delta: November, sending you 1
2024-10-14 22:31:40.332588 Yankee: Same as last round
2024-10-14 22:31:40.333791 November: Delta, sending you 2
2024-10-14 22:31:40.334531 Tango: Charlie, sending you 4
2024-10-14 22:31:40.335186 Papa: Yankee, sending you 4
2024-10-14 22:31:40.336709 Echo: Whiskey, sending you 4
2024-10-14 22:31:40.337607 Charlie: Romeo, sending you 5
2024-10-14 22:31:40.338205 Oscar: Whiskey and November, sending you 4
2024-10-14 22:31:40.339336 Romeo: Yankee, sending you 3
2024-10-14 22:31:40.340127 Delta: Echo and Oscar, sending you 5
2024-10-14 22:31:40.340986 November: Oscar, sending you 5
2024-10-14 22:31:40.342280 Tango: Papa and Romeo, sending you 5
2024-10-14 22:31:40.343 Echo: November, sending you 3
2024-10-14 22:31:40.343687 Charlie: Yankee, sending you 3
