ChatterBot Victor round 1
ChatterBot X-ray round 1
ChatterBot Romeo round 1
ChatterBot November round 1
ChatterBot Bravo round 1
ChatterBot Zulu round 1
ChatterBot Echo round 1
ChatterBot Juliett round 1
ChatterBot Charlie round 1
ChatterBot Mike round 1
randomSelections Bravo: {Bravo, Juliett, X-ray, Mike, Victor, Zulu} 
2024-10-14 22:31:21.713329 Bravo: Can we be friends?
ChatterBot Juliett reevaluating
ChatterBot X-ray reevaluating
ChatterBot Mike reevaluating
ChatterBot Victor reevaluating
ChatterBot Zulu reevaluating
2024-10-14 22:31:21.732312 Juliett: Yes
2024-10-14 22:31:21.733146 X-ray: Yes
2024-10-14 22:31:21.733315 Mike: Yes
2024-10-14 22:31:21.733508 Victor: Yes
2024-10-14 22:31:21.733714 Zulu: Yes
ChatterBot X-ray reevaluating
ChatterBot Mike reevaluating
ChatterBot Victor reevaluating
ChatterBot Zulu reevaluating
ChatterBot Juliett reevaluating
ChatterBot Mike reevaluating
ChatterBot Victor reevaluating
ChatterBot Zulu reevaluating
ChatterBot Juliett reevaluating
ChatterBot X-ray reevaluating
ChatterBot Victor reevaluating
ChatterBot Zulu reevaluating
ChatterBot Juliett reevaluating
ChatterBot X-ray reevaluating
ChatterBot Mike reevaluating
ChatterBot Zulu reevaluating
ChatterBot Juliett reevaluating
ChatterBot X-ray reevaluating
ChatterBot Mike reevaluating
ChatterBot Victor reevaluating
randomSelections Echo: {Echo, Victor, November, Bravo, X-ray, Charlie} 
2024-10-14 22:31:21.893353 Echo: Friends?
ChatterBot Victor reevaluating
ChatterBot November reevaluating
ChatterBot X-ray reevaluating
ChatterBot Charlie reevaluating
2024-10-14 22:31:21.907245 Victor: No
2024-10-14 22:31:21.908359 November: Yes
2024-10-14 22:31:21.908545 Bravo: No
2024-10-14 22:31:21.909232 X-ray: No
2024-10-14 22:31:21.910412 Charlie: Yes
ChatterBot November reevaluating
ChatterBot X-ray reevaluating
ChatterBot Charlie reevaluating
ChatterBot Victor reevaluating
ChatterBot X-ray reevaluating
ChatterBot Charlie reevaluating
ChatterBot Victor reevaluating
ChatterBot November reevaluating
ChatterBot X-ray reevaluating
ChatterBot Charlie reevaluating
ChatterBot Victor reevaluating
ChatterBot November reevaluating
ChatterBot Charlie reevaluating
ChatterBot Victor reevaluating
ChatterBot November reevaluating
ChatterBot X-ray reevaluating
randomSelections Romeo: {Romeo, Zulu, Bravo, Charlie, Juliett, November, Echo} 
2024-10-14 22:31:21.969960 Romeo: We should group up
ChatterBot Zulu reevaluating
ChatterBot Charlie reevaluating
ChatterBot Juliett reevaluating
ChatterBot November reevaluating
2024-10-14 22:31:21.981653 Zulu: No
2024-10-14 22:31:21.981946 Bravo: No
2024-10-14 22:31:21.982698 Charlie: No
2024-10-14 22:31:21.982965 Juliett: No
2024-10-14 22:31:21.983296 November: No
2024-10-14 22:31:21.983599 Echo: No
ChatterBot Charlie reevaluating
ChatterBot Juliett reevaluating
ChatterBot November reevaluating
ChatterBot Zulu reevaluating
ChatterBot Charlie reevaluating
ChatterBot Juliett reevaluating
ChatterBot November reevaluating
ChatterBot Zulu reevaluating
ChatterBot Juliett reevaluating
ChatterBot November reevaluating
ChatterBot Zulu reevaluating
ChatterBot Charlie reevaluating
ChatterBot November reevaluating
ChatterBot Zulu reevaluating
ChatterBot Charlie reevaluating
ChatterBot Juliett reevaluating
ChatterBot Zulu reevaluating
ChatterBot Charlie reevaluating
ChatterBot Juliett reevaluating
ChatterBot November reevaluating
2024-10-14 22:31:22.089607 Echo: Victor, sending you 5
2024-10-14 22:31:22.090183 Mike: Victor, sending you 3
2024-10-14 22:31:22.090462 Victor: X-ray, sending you 3
2024-10-14 22:31:22.090760 Bravo: Victor and Juliett, sending you 2
2024-10-14 22:31:22.091156 Romeo: November, sending you 2
2024-10-14 22:31:22.093673 Mike: X-ray, Zulu and Juliett, sending you 4
2024-10-14 22:31:22.095501 Victor: Bravo, sending you 4
2024-10-14 22:31:22.096207 Echo: X-ray, sending you 4
2024-10-14 22:31:22.098424 X-ray: Victor, sending you 5
2024-10-14 22:31:22.098765 November: Victor and X-ray, sending you 3
2024-10-14 22:31:22.099305 Bravo: X-ray and Mike, sending you 4
2024-10-14 22:31:22.100830 Charlie: Victor and November, sending you 3
2024-10-14 22:31:22.101300 Juliett: Victor, X-ray and Bravo, sending you 3
2024-10-14 22:31:22.101697 Romeo: Bravo, Echo and Charlie, sending you 3
2024-10-14 22:31:22.102082 Mike: Bravo, sending you 1
2024-10-14 22:31:22.103477 Victor: Juliett, sending you 6
2024-10-14 22:31:22.103907 Zulu: Victor and Juliett, sending you 2
2024-10-14 22:31:22.104277 Echo: November and Charlie, sending you 2
2024-10-14 22:31:22.104549 November: Bravo, sending you 1
2024-10-14 22:31:22.104849 X-ray: Bravo and Mike, sending you 2
2024-10-14 22:31:22.106209 Bravo: Zulu, sending you 7
2024-10-14 22:31:22.106496 Charlie: X-ray and Echo, sending you 2
2024-10-14 22:31:22.106835 Juliett: Zulu, sending you 5
2024-10-14 22:31:22.107294 Romeo: Juliett, sending you 5
2024-10-14 22:31:22.109276 Zulu: X-ray, sending you 7
2024-10-14 22:31:22.109741 Victor: Mike, sending you 2
2024-10-14 22:31:22.110160 Echo: Bravo, sending you 3
2024-10-14 22:31:22.110518 X-ray: Zulu, sending you 3
2024-10-14 22:31:22.110894 November: Echo, sending you 4
2024-10-14 22:31:22.112351 Charlie: Bravo, sending you 5
2024-10-14 22:31:22.112698 Juliett: Mike, sending you 2
2024-10-14 22:31:22.113107 Zulu: Bravo, sending you 4
2024-10-14 22:31:22.116562 X-ray: Juliett, sending you 4
2024-10-14 22:31:22.118172 November: Charlie, sending you 7
2024-10-14 22:31:22.118600 Zulu: Mike, sending you 1
chatterbot Mike submitting transactions
chatterbot X-ray submitting transactions
chatterbot Charlie submitting transactions
chatterbot Echo submitting transactions
chatterbot Juliett submitting transactions
chatterbot Victor submitting transactions
chatterbot November submitting transactions
chatterbot Romeo submitting transactions
chatterbot Bravo submitting transactions
chatterbot Zulu submitting transactions
ChatterBot Victor round 2
ChatterBot X-ray round 2
ChatterBot Romeo round 2
ChatterBot November round 2
ChatterBot Bravo round 2
ChatterBot Zulu round 2
ChatterBot Echo round 2
ChatterBot Juliett round 2
ChatterBot Charlie round 2
ChatterBot Mike round 2
2024-10-14 22:31:23.526864 Romeo: Friends?
ChatterBot Bravo reevaluating
ChatterBot Zulu reevaluating
ChatterBot Juliett reevaluating
ChatterBot Mike reevaluating
2024-10-14 22:31:23.547750 Victor: No
2024-10-14 22:31:23.548362 X-ray: No
2024-10-14 22:31:23.548637 Bravo: Yes
2024-10-14 22:31:23.548795 Zulu: No
2024-10-14 22:31:23.548960 Juliett: Yes
2024-10-14 22:31:23.549104 Mike: No
ChatterBot Romeo reevaluating
ChatterBot Bravo reevaluating
ChatterBot Zulu reevaluating
ChatterBot Juliett reevaluating
ChatterBot Mike reevaluating
ChatterBot Romeo reevaluating
ChatterBot Bravo reevaluating
ChatterBot Zulu reevaluating
ChatterBot Juliett reevaluating
ChatterBot Mike reevaluating
ChatterBot Romeo reevaluating
ChatterBot Zulu reevaluating
ChatterBot Juliett reevaluating
ChatterBot Mike reevaluating
ChatterBot Romeo reevaluating
ChatterBot Bravo reevaluating
ChatterBot Juliett reevaluating
ChatterBot Mike reevaluating
ChatterBot Romeo reevaluating
ChatterBot Victor reevaluating
ChatterBot Bravo reevaluating
ChatterBot Zulu reevaluating
ChatterBot Mike reevaluating
ChatterBot Romeo reevaluating
ChatterBot Victor reevaluating
ChatterBot Bravo reevaluating
ChatterBot Zulu reevaluating
ChatterBot Juliett reevaluating
2024-10-14 22:31:23.680804 Bravo: We should add Romeo
2024-10-14 22:31:23.681866 Juliett: We should add Romeo
ChatterBot Juliett reevaluating
ChatterBot Mike reevaluating
ChatterBot Victor reevaluating
ChatterBot Zulu reevaluating
ChatterBot Bravo reevaluating
2024-10-14 22:31:23.704463 Juliett: Yes
2024-10-14 22:31:23.704727 X-ray: No
2024-10-14 22:31:23.707778 Mike: No
ChatterBot Mike reevaluating
2024-10-14 22:31:23.711980 Victor: Yes
ChatterBot Victor reevaluating
2024-10-14 22:31:23.716237 Zulu: Yes
ChatterBot Zulu reevaluating
2024-10-14 22:31:23.720573 Bravo: Yes
2024-10-14 22:31:23.722179 X-ray: No
2024-10-14 22:31:23.723408 Mike: No
2024-10-14 22:31:23.723995 Victor: Yes
2024-10-14 22:31:23.725176 Zulu: Yes
ChatterBot Bravo reevaluating
ChatterBot Mike reevaluating
ChatterBot Victor reevaluating
ChatterBot Zulu reevaluating
ChatterBot Bravo reevaluating
ChatterBot Juliett reevaluating
ChatterBot Mike reevaluating
ChatterBot Victor reevaluating
ChatterBot Zulu reevaluating
ChatterBot Bravo reevaluating
ChatterBot Juliett reevaluating
ChatterBot Victor reevaluating
ChatterBot Zulu reevaluating
ChatterBot Bravo reevaluating
ChatterBot Juliett reevaluating
ChatterBot Mike reevaluating
ChatterBot Zulu reevaluating
ChatterBot Bravo reevaluating
ChatterBot Juliett reevaluating
ChatterBot Mike reevaluating
ChatterBot Victor reevaluating
ChatterBot Juliett reevaluating
ChatterBot Mike reevaluating
ChatterBot Victor reevaluating
ChatterBot Zulu reevaluating
ChatterBot Bravo reevaluating
ChatterBot Juliett reevaluating
ChatterBot Mike reevaluating
ChatterBot Victor reevaluating
ChatterBot Zulu reevaluating
ChatterBot Bravo reevaluating
ChatterBot Juliett reevaluating
ChatterBot Victor reevaluating
ChatterBot Zulu reevaluating
ChatterBot Bravo reevaluating
ChatterBot Juliett reevaluating
ChatterBot Mike reevaluating
ChatterBot Zulu reevaluating
ChatterBot Bravo reevaluating
ChatterBot Juliett reevaluating
ChatterBot Mike reevaluating
ChatterBot Victor reevaluating
2024-10-14 22:31:23.914061 November: We should group up
ChatterBot Romeo reevaluating
ChatterBot Echo reevaluating
ChatterBot Charlie reevaluating
2024-10-14 22:31:23.924647 Romeo: No
2024-10-14 22:31:23.925315 Echo: Yes
2024-10-14 22:31:23.925439 Charlie: Yes
ChatterBot Echo reevaluating
ChatterBot Charlie reevaluating
ChatterBot Romeo reevaluating
ChatterBot Charlie reevaluating
ChatterBot Romeo reevaluating
ChatterBot Echo reevaluating
2024-10-14 22:31:23.973312 Charlie: We would work well together
ChatterBot Romeo reevaluating
ChatterBot Echo reevaluating
ChatterBot Victor reevaluating
2024-10-14 22:31:23.987044 Romeo: No
2024-10-14 22:31:23.987265 November: No
2024-10-14 22:31:23.987372 Echo: No
2024-10-14 22:31:23.987481 Victor: No
ChatterBot Charlie reevaluating
ChatterBot Echo reevaluating
ChatterBot Victor reevaluating
ChatterBot Charlie reevaluating
ChatterBot Romeo reevaluating
ChatterBot Echo reevaluating
ChatterBot Victor reevaluating
ChatterBot Charlie reevaluating
ChatterBot Romeo reevaluating
ChatterBot Victor reevaluating
ChatterBot Charlie reevaluating
ChatterBot Romeo reevaluating
ChatterBot Echo reevaluating
2024-10-14 22:31:24.048572 Zulu: Romeo we want you to join our group
ChatterBot Romeo reevaluating
2024-10-14 22:31:24.052892 Romeo: No
2024-10-14 22:31:24.069920 Juliett: Romeo we want you to join our group
ChatterBot Romeo reevaluating
2024-10-14 22:31:24.073833 Romeo: No
ChatterBot Victor reevaluating
2024-10-14 22:31:24.092382 Bravo: Romeo we want you to join our group
ChatterBot Romeo reevaluating
2024-10-14 22:31:24.096711 Romeo: No
ChatterBot Victor reevaluating
2024-10-14 22:31:24.712104 X-ray: Victor, Bravo and Mike, sending you 3
2024-10-14 22:31:24.713434 November: Romeo and Echo, sending you 5
2024-10-14 22:31:24.716697 X-ray: Zulu, sending you 5
2024-10-14 22:31:24.717825 November: Charlie, sending you 8
2024-10-14 22:31:24.718254 Echo: Romeo and Charlie, sending you 5
2024-10-14 22:31:24.719170 Charlie: Victor, sending you 1
2024-10-14 22:31:24.719567 Zulu: Victor, sending you 1
2024-10-14 22:31:24.720540 Mike: Victor, X-ray and Juliett, sending you 3
2024-10-14 22:31:24.720961 Bravo: Victor, sending you 4
2024-10-14 22:31:24.721451 Juliett: Victor, X-ray, Romeo, Bravo, Zulu and Mike, sending you 3
2024-10-14 22:31:24.722643 X-ray: Juliett, sending you 2
2024-10-14 22:31:24.723106 Echo: November, sending you 6
2024-10-14 22:31:24.724123 Charlie: Romeo, sending you 4
2024-10-14 22:31:24.724526 Mike: Bravo, sending you 5
2024-10-14 22:31:24.725573 Zulu: X-ray and Mike, sending you 3
2024-10-14 22:31:24.726101 Bravo: X-ray, Romeo, Zulu, Juliett and Mike, sending you 3
2024-10-14 22:31:24.978988 Charlie: November, sending you 7
2024-10-14 22:31:24.979927 Mike: Zulu, sending you 2
2024-10-14 22:31:24.980357 Victor: Sending you each 3
2024-10-14 22:31:24.980828 Zulu: Bravo, sending you 5
chatterbot Echo submitting transactions
chatterbot Charlie submitting transactions
chatterbot Zulu submitting transactions
chatterbot Romeo submitting transactions
chatterbot Victor submitting transactions
2024-10-14 22:31:25.093177 Charlie: Echo, sending you 3
2024-10-14 22:31:25.094058 Zulu: Juliett, sending you 4
2024-10-14 22:31:25.094476 Romeo: November, sending you 7
chatterbot X-ray submitting transactions
chatterbot November submitting transactions
2024-10-14 22:31:25.134653 Romeo: Echo and Charlie, sending you 6
chatterbot Juliett submitting transactions
chatterbot Bravo submitting transactions
chatterbot Mike submitting transactions
ChatterBot Victor round 3
ChatterBot X-ray round 3
ChatterBot Romeo round 3
ChatterBot November round 3
ChatterBot Bravo round 3
ChatterBot Zulu round 3
ChatterBot Echo round 3
ChatterBot Juliett round 3
ChatterBot Charlie round 3
ChatterBot Mike round 3
2024-10-14 22:31:26.811423 Bravo: We should drop Romeo
2024-10-14 22:31:26.833223 Juliett: Yes
2024-10-14 22:31:26.833513 X-ray: Yes
2024-10-14 22:31:26.833769 Mike: Yes
2024-10-14 22:31:26.833962 Victor: Yes
2024-10-14 22:31:26.834158 Zulu: Yes
2024-10-14 22:31:26.932674 Victor: Same as last round
2024-10-14 22:31:26.933191 Romeo: November and Charlie, sending you 6
2024-10-14 22:31:26.933928 X-ray: Victor, Bravo, Juliett and Mike, sending you 3
2024-10-14 22:31:26.937674 X-ray: Zulu, sending you 4
2024-10-14 22:31:26.938725 Romeo: Echo, sending you 7
2024-10-14 22:31:26.939063 Bravo: Victor, Zulu, Juliett and Mike, sending you 4
2024-10-14 22:31:26.941698 Bravo: X-ray, sending you 3
2024-10-14 22:31:26.942732 Charlie: Romeo and Echo, sending you 4
2024-10-14 22:31:26.946677 Charlie: November, sending you 7
2024-10-14 22:31:26.948686 Echo: Romeo and Charlie, sending you 5
2024-10-14 22:31:26.949680 November: Romeo, sending you 6
2024-10-14 22:31:26.950098 Mike: Victor, X-ray, Zulu and Juliett, sending you 3
2024-10-14 22:31:26.951713 Zulu: Victor, sending you 2
2024-10-14 22:31:26.952487 Echo: November, sending you 6
2024-10-14 22:31:26.953315 November: Echo, sending you 5
2024-10-14 22:31:26.953695 Mike: Bravo, sending you 4
2024-10-14 22:31:26.955666 Juliett: Victor, X-ray, Zulu and Mike, sending you 4
2024-10-14 22:31:26.956687 Zulu: X-ray and Bravo, sending you 4
2024-10-14 22:31:26.957219 November: Charlie, sending you 7
2024-10-14 22:31:26.958666 Juliett: Bravo, sending you 2
2024-10-14 22:31:26.960686 Zulu: Juliett and Mike, sending you 3
chatterbot Zulu submitting transactions
chatterbot Romeo submitting transactions
chatterbot X-ray submitting transactions
chatterbot Juliett submitting transactions
chatterbot Mike submitting transactions
chatterbot Victor submitting transactions
chatterbot Echo submitting transactions
chatterbot November submitting transactions
chatterbot Charlie submitting transactions
chatterbot Bravo submitting transactions
ChatterBot Victor round 4
ChatterBot X-ray round 4
ChatterBot Romeo round 4
ChatterBot November round 4
ChatterBot Bravo round 4
ChatterBot Zulu round 4
ChatterBot Echo round 4
ChatterBot Juliett round 4
ChatterBot Charlie round 4
ChatterBot Mike round 4
2024-10-14 22:31:28.219131 Romeo: November, sending you 7
2024-10-14 22:31:28.219795 November: Romeo, sending you 6
2024-10-14 22:31:28.225865 Romeo: Echo and Charlie, sending you 6
2024-10-14 22:31:28.226322 November: Echo, sending you 5
2024-10-14 22:31:28.226827 Victor: Same as last round
2024-10-14 22:31:28.228411 X-ray: Victor, Bravo, Juliett and Mike, sending you 3
2024-10-14 22:31:28.229588 Echo: Romeo, sending you 6
2024-10-14 22:31:28.230020 Zulu: Victor, sending you 2
2024-10-14 22:31:28.230570 Juliett: Victor, X-ray, Bravo and Zulu, sending you 4
2024-10-14 22:31:28.231740 Bravo: Victor, X-ray, Zulu and Mike, sending you 4
2024-10-14 22:31:28.232714 Charlie: Romeo, sending you 5
2024-10-14 22:31:28.233145 November: Charlie, sending you 7
2024-10-14 22:31:28.241747 X-ray: Zulu, sending you 4
2024-10-14 22:31:28.243123 Echo: November and Charlie, sending you 5
2024-10-14 22:31:28.243569 Zulu: X-ray and Bravo, sending you 4
2024-10-14 22:31:28.244677 Juliett: Mike, sending you 2
2024-10-14 22:31:28.245279 Mike: Victor, X-ray, Zulu and Juliett, sending you 3
2024-10-14 22:31:28.246518 Bravo: Juliett, sending you 3
2024-10-14 22:31:28.247041 Charlie: November, sending you 6
2024-10-14 22:31:28.248043 Zulu: Juliett and Mike, sending you 3
2024-10-14 22:31:28.263260 Mike: Bravo, sending you 4
2024-10-14 22:31:28.263947 Charlie: Echo, sending you 4
chatterbot Echo submitting transactions
chatterbot Zulu submitting transactions
chatterbot November submitting transactions
chatterbot Romeo submitting transactions
chatterbot Juliett submitting transactions
chatterbot X-ray submitting transactions
chatterbot Bravo submitting transactions
chatterbot Mike submitting transactions
chatterbot Charlie submitting transactions
chatterbot Victor submitting transactions
ChatterBot Victor round 5
ChatterBot X-ray round 5
ChatterBot Romeo round 5
ChatterBot November round 5
ChatterBot Bravo round 5
ChatterBot Zulu round 5
ChatterBot Echo round 5
ChatterBot Juliett round 5
ChatterBot Charlie round 5
ChatterBot Mike round 5
2024-10-14 22:31:29.321688 November: Romeo, sending you 6
2024-10-14 22:31:29.322668 Bravo: Victor, X-ray, Zulu and Mike, sending you 4
2024-10-14 22:31:29.325160 Victor: Same as last round
2024-10-14 22:31:29.326751 X-ray: Victor, Bravo, Juliett and Mike, sending you 3
2024-10-14 22:31:29.328933 November: Echo, sending you 5
2024-10-14 22:31:29.329757 Bravo: Juliett, sending you 3
2024-10-14 22:31:29.331752 Juliett: Victor, X-ray, Bravo and Zulu, sending you 4
2024-10-14 22:31:29.333111 Echo: Romeo, sending you 6
2024-10-14 22:31:29.334983 X-ray: Zulu, sending you 4
2024-10-14 22:31:29.336284 Romeo: November, sending you 7
2024-10-14 22:31:29.338233 Zulu: Victor, sending you 2
2024-10-14 22:31:29.340288 November: Charlie, sending you 7
2024-10-14 22:31:29.340935 Juliett: Mike, sending you 2
2024-10-14 22:31:29.342682 Echo: November and Charlie, sending you 5
2024-10-14 22:31:29.343552 Romeo: Echo and Charlie, sending you 6
2024-10-14 22:31:29.344249 Zulu: X-ray and Bravo, sending you 4
2024-10-14 22:31:29.346186 Mike: Victor, X-ray, Zulu and Juliett, sending you 3
2024-10-14 22:31:29.353842 Zulu: Juliett and Mike, sending you 3
2024-10-14 22:31:29.354925 Mike: Bravo, sending you 4
2024-10-14 22:31:29.356668 Charlie: Romeo, sending you 5
2024-10-14 22:31:29.361689 Charlie: November, sending you 6
2024-10-14 22:31:29.365668 Charlie: Echo, sending you 4
chatterbot November submitting transactions
chatterbot Romeo submitting transactions
chatterbot X-ray submitting transactions
chatterbot Zulu submitting transactions
chatterbot Echo submitting transactions
chatterbot Mike submitting transactions
chatterbot Charlie submitting transactions
chatterbot Victor submitting transactions
chatterbot Juliett submitting transactions
chatterbot Bravo submitting transactions
ChatterBot Victor round 6
ChatterBot X-ray round 6
ChatterBot Romeo round 6
ChatterBot November round 6
ChatterBot Bravo round 6
ChatterBot Zulu round 6
ChatterBot Echo round 6
ChatterBot Juliett round 6
ChatterBot Charlie round 6
ChatterBot Mike round 6
2024-10-14 22:31:30.536451 Charlie: We should add Juliett
2024-10-14 22:31:30.547286 Romeo: No
2024-10-14 22:31:30.548726 November: No
2024-10-14 22:31:30.548902 Echo: No
ChatterBot Charlie reevaluating
ChatterBot Charlie reevaluating
ChatterBot Charlie reevaluating
2024-10-14 22:31:30.582668 X-ray: Victor, Bravo, Juliett and Mike, sending you 3
2024-10-14 22:31:30.583252 Romeo: November, sending you 7
2024-10-14 22:31:30.585668 X-ray: Zulu, sending you 4
2024-10-14 22:31:30.587823 November: Romeo, sending you 6
2024-10-14 22:31:30.588212 Romeo: Echo and Charlie, sending you 6
2024-10-14 22:31:30.590760 November: Echo, sending you 5
2024-10-14 22:31:30.593661 Echo: Romeo, sending you 6
2024-10-14 22:31:30.594669 Zulu: Victor and Juliett, sending you 3
2024-10-14 22:31:30.595684 November: Charlie, sending you 7
2024-10-14 22:31:30.596682 Echo: November and Charlie, sending you 5
2024-10-14 22:31:30.597647 Victor: Same as last round
2024-10-14 22:31:30.598698 Zulu: X-ray and Bravo, sending you 4
2024-10-14 22:31:30.599361 Bravo: Victor, Zulu, Juliett and Mike, sending you 4
2024-10-14 22:31:30.599906 Charlie: Romeo, sending you 5
2024-10-14 22:31:30.602169 Juliett: Victor, X-ray, Bravo and Zulu, sending you 4
2024-10-14 22:31:30.603115 Zulu: Mike, sending you 2
2024-10-14 22:31:30.603891 Charlie: November, sending you 6
2024-10-14 22:31:30.604695 Bravo: X-ray, sending you 3
2024-10-14 22:31:30.606674 Charlie: Echo, sending you 4
2024-10-14 22:31:30.607677 Juliett: Mike, sending you 2
2024-10-14 22:31:30.608307 Mike: Victor, X-ray, Zulu and Juliett, sending you 3
2024-10-14 22:31:30.612666 Mike: Bravo, sending you 4
chatterbot Romeo submitting transactions
chatterbot Zulu submitting transactions
chatterbot Victor submitting transactions
chatterbot X-ray submitting transactions
chatterbot Mike submitting transactions
chatterbot Juliett submitting transactions
chatterbot November submitting transactions
chatterbot Bravo submitting transactions
chatterbot Charlie submitting transactions
chatterbot Echo submitting transactions
ChatterBot Victor round 7
ChatterBot X-ray round 7
ChatterBot Romeo round 7
ChatterBot November round 7
ChatterBot Bravo round 7
ChatterBot Zulu round 7
ChatterBot Echo round 7
ChatterBot Juliett round 7
ChatterBot Charlie round 7
ChatterBot Mike round 7
2024-10-14 22:31:31.797662 X-ray: Victor, Bravo, Juliett and Mike, sending you 3
2024-10-14 22:31:31.798931 Bravo: Victor, Zulu, Juliett and Mike, sending you 4
2024-10-14 22:31:31.803022 X-ray: Zulu, sending you 4
2024-10-14 22:31:31.803581 Bravo: X-ray, sending you 3
2024-10-14 22:31:31.804098 Echo: Romeo, sending you 6
2024-10-14 22:31:31.807117 Zulu: Victor and Juliett, sending you 3
2024-10-14 22:31:31.807939 Romeo: November, sending you 7
2024-10-14 22:31:31.808475 Echo: November and Charlie, sending you 5
2024-10-14 22:31:31.808996 November: Romeo, sending you 6
2024-10-14 22:31:31.810678 Victor: Same as last round
2024-10-14 22:31:31.811445 Zulu: X-ray and Bravo, sending you 4
2024-10-14 22:31:31.812278 Romeo: Echo and Charlie, sending you 6
2024-10-14 22:31:31.812780 Juliett: Victor, X-ray, Bravo and Zulu, sending you 4
2024-10-14 22:31:31.814130 Charlie: Romeo, sending you 5
2024-10-14 22:31:31.814568 November: Echo, sending you 5
2024-10-14 22:31:31.816660 Zulu: Mike, sending you 2
2024-10-14 22:31:31.817176 Juliett: Mike, sending you 2
2024-10-14 22:31:31.817721 Charlie: November, sending you 6
2024-10-14 22:31:31.818679 November: Charlie, sending you 7
2024-10-14 22:31:31.819686 Mike: Victor, X-ray, Zulu and Juliett, sending you 3
2024-10-14 22:31:31.821674 Charlie: Echo, sending you 4
2024-10-14 22:31:31.822665 Mike: Bravo, sending you 4
chatterbot Echo submitting transactions
chatterbot Charlie submitting transactions
chatterbot Bravo submitting transactions
chatterbot X-ray submitting transactions
chatterbot Romeo submitting transactions
chatterbot Juliett submitting transactions
chatterbot Mike submitting transactions
chatterbot Victor submitting transactions
chatterbot November submitting transactions
chatterbot Zulu submitting transactions
ChatterBot Victor round 8
ChatterBot X-ray round 8
ChatterBot Romeo round 8
ChatterBot November round 8
ChatterBot Bravo round 8
ChatterBot Zulu round 8
ChatterBot Echo round 8
ChatterBot Juliett round 8
ChatterBot Charlie round 8
ChatterBot Mike round 8
2024-10-14 22:31:32.953668 Victor: Same as last round
2024-10-14 22:31:32.955653 November: Romeo, sending you 6
2024-10-14 22:31:32.960669 November: Echo, sending you 5
2024-10-14 22:31:32.962156 Echo: Romeo, sending you 6
2024-10-14 22:31:32.964030 November: Charlie, sending you 7
2024-10-14 22:31:32.964704 Romeo: November, sending you 7
2024-10-14 22:31:32.965148 X-ray: Victor, Bravo, Juliett and Mike, sending you 3
2024-10-14 22:31:32.966414 Echo: November and Charlie, sending you 5
2024-10-14 22:31:32.968674 Mike: Victor, X-ray, Zulu and Juliett, sending you 3
2024-10-14 22:31:32.970092 Romeo: Echo and Charlie, sending you 6
2024-10-14 22:31:32.970694 X-ray: Zulu, sending you 4
2024-10-14 22:31:32.971437 Zulu: Victor, Bravo, Juliett and Mike, sending you 3
2024-10-14 22:31:32.973065 Bravo: Victor, Zulu, Juliett and Mike, sending you 4
2024-10-14 22:31:32.974948 Mike: Bravo, sending you 4
2024-10-14 22:31:32.975906 Charlie: Romeo, sending you 5
2024-10-14 22:31:32.976483 Zulu: X-ray, sending you 4
2024-10-14 22:31:32.978055 Juliett: Victor, X-ray, Bravo and Zulu, sending you 4
2024-10-14 22:31:32.979199 Bravo: X-ray, sending you 3
2024-10-14 22:31:32.981099 Charlie: November, sending you 6
2024-10-14 22:31:32.981807 Juliett: Mike, sending you 2
2024-10-14 22:31:32.984689 Charlie: Echo, sending you 4
chatterbot Romeo submitting transactions
chatterbot Juliett submitting transactions
chatterbot Mike submitting transactions
chatterbot Bravo submitting transactions
chatterbot Victor submitting transactions
chatterbot Echo submitting transactions
chatterbot Zulu submitting transactions
chatterbot November submitting transactions
chatterbot X-ray submitting transactions
chatterbot Charlie submitting transactions
ChatterBot Victor round 9
ChatterBot X-ray round 9
ChatterBot Romeo round 9
ChatterBot November round 9
ChatterBot Bravo round 9
ChatterBot Zulu round 9
ChatterBot Echo round 9
ChatterBot Juliett round 9
ChatterBot Charlie round 9
ChatterBot Mike round 9
2024-10-14 22:31:34.195678 X-ray: Victor, Bravo, Juliett and Mike, sending you 3
2024-10-14 22:31:34.200650 X-ray: Zulu, sending you 4
2024-10-14 22:31:34.201464 Charlie: Romeo, sending you 5
2024-10-14 22:31:34.203671 November: Romeo, sending you 6
2024-10-14 22:31:34.204693 Charlie: November, sending you 6
2024-10-14 22:31:34.206107 Romeo: November, sending you 7
2024-10-14 22:31:34.206666 Mike: Victor, X-ray, Zulu and Juliett, sending you 3
2024-10-14 22:31:34.207470 Victor: Same as last round
2024-10-14 22:31:34.208217 November: Echo, sending you 5
2024-10-14 22:31:34.208576 Bravo: Victor, Zulu, Juliett and Mike, sending you 4
2024-10-14 22:31:34.209124 Echo: Romeo, sending you 6
2024-10-14 22:31:34.209462 Charlie: Echo, sending you 4
2024-10-14 22:31:34.210661 Mike: Bravo, sending you 4
2024-10-14 22:31:34.211245 Romeo: Echo and Charlie, sending you 6
2024-10-14 22:31:34.211593 November: Charlie, sending you 7
2024-10-14 22:31:34.213710 Bravo: X-ray, sending you 3
2024-10-14 22:31:34.215459 Echo: November and Charlie, sending you 5
2024-10-14 22:31:34.216687 Juliett: Victor, X-ray, Bravo and Zulu, sending you 4
2024-10-14 22:31:34.222102 Juliett: Mike, sending you 2
chatterbot Zulu submitting transactions
chatterbot Bravo submitting transactions
chatterbot Mike submitting transactions
chatterbot X-ray submitting transactions
chatterbot Romeo submitting transactions
chatterbot Juliett submitting transactions
chatterbot Victor submitting transactions
chatterbot Charlie submitting transactions
chatterbot Echo submitting transactions
chatterbot November submitting transactions
ChatterBot Victor round 10
ChatterBot X-ray round 10
ChatterBot Romeo round 10
ChatterBot November round 10
ChatterBot Bravo round 10
ChatterBot Zulu round 10
ChatterBot Echo round 10
ChatterBot Juliett round 10
ChatterBot Charlie round 10
ChatterBot Mike round 10
2024-10-14 22:31:35.448900 Echo: We should add Mike
ChatterBot Charlie reevaluating
2024-10-14 22:31:35.459120 Romeo: No
2024-10-14 22:31:35.459285 November: No
2024-10-14 22:31:35.459465 Charlie: Yes
ChatterBot Echo reevaluating
ChatterBot Charlie reevaluating
ChatterBot Echo reevaluating
ChatterBot Charlie reevaluating
ChatterBot November reevaluating
ChatterBot Echo reevaluating
2024-10-14 22:31:35.494894 Charlie: We should add Bravo
ChatterBot November reevaluating
ChatterBot Echo reevaluating
2024-10-14 22:31:35.504106 Romeo: No
2024-10-14 22:31:35.504244 November: Yes
2024-10-14 22:31:35.504347 Echo: Yes
ChatterBot November reevaluating
ChatterBot Echo reevaluating
ChatterBot Charlie reevaluating
ChatterBot Echo reevaluating
ChatterBot Charlie reevaluating
ChatterBot Romeo reevaluating
ChatterBot November reevaluating
ChatterBot Charlie reevaluating
2024-10-14 22:31:35.536810 Charlie: Bravo we want you to join our group
2024-10-14 22:31:35.540663 Bravo: No
ChatterBot Romeo reevaluating
ChatterBot Echo reevaluating
2024-10-14 22:31:35.554849 Echo: We should add Victor
ChatterBot Romeo reevaluating
ChatterBot November reevaluating
2024-10-14 22:31:35.564437 Romeo: No
2024-10-14 22:31:35.564628 November: No
2024-10-14 22:31:35.564785 Charlie: No
ChatterBot November reevaluating
ChatterBot Echo reevaluating
ChatterBot Romeo reevaluating
ChatterBot Echo reevaluating
ChatterBot Romeo reevaluating
ChatterBot November reevaluating
ChatterBot Echo reevaluating
2024-10-14 22:31:35.595258 Mike: Victor, X-ray, Zulu and Juliett, sending you 3
2024-10-14 22:31:35.596565 Zulu: Victor, Bravo, Juliett and Mike, sending you 3
2024-10-14 22:31:35.598707 Bravo: Victor, X-ray, Juliett and Mike, sending you 4
2024-10-14 22:31:35.599788 Juliett: Victor, X-ray, Bravo and Mike, sending you 4
2024-10-14 22:31:35.601194 Victor: Same as last round
2024-10-14 22:31:35.602231 Mike: Bravo, sending you 4
2024-10-14 22:31:35.603634 Zulu: X-ray, sending you 4
2024-10-14 22:31:35.604653 X-ray: Victor, Bravo, Zulu and Mike, sending you 3
2024-10-14 22:31:35.606155 Juliett: Zulu, sending you 2
2024-10-14 22:31:35.607163 Bravo: Zulu, sending you 3
2024-10-14 22:31:35.608729 X-ray: Juliett, sending you 4
2024-10-14 22:31:35.613683 Charlie: Romeo and Echo, sending you 2
2024-10-14 22:31:35.616714 Charlie: November, sending you 3
2024-10-14 22:31:35.619697 Charlie: Bravo, sending you 1
2024-10-14 22:31:35.623668 Echo: Romeo, sending you 6
2024-10-14 22:31:35.626679 Echo: November and Charlie, sending you 5
2024-10-14 22:31:35.628675 Romeo: November, sending you 7
2024-10-14 22:31:35.632847 Romeo: Echo and Charlie, sending you 6
chatterbot Juliett submitting transactions
chatterbot Victor submitting transactions
chatterbot Bravo submitting transactions
chatterbot X-ray submitting transactions
chatterbot Zulu submitting transactions
chatterbot November submitting transactions
chatterbot Mike submitting transactions
chatterbot Echo submitting transactions
chatterbot Romeo submitting transactions
chatterbot Charlie submitting transactions
ChatterBot Victor round 11
ChatterBot X-ray round 11
ChatterBot Romeo round 11
ChatterBot November round 11
ChatterBot Bravo round 11
ChatterBot Zulu round 11
ChatterBot Echo round 11
ChatterBot Juliett round 11
ChatterBot Charlie round 11
ChatterBot Mike round 11
2024-10-14 22:31:36.723665 Victor: X-ray, Zulu and Mike, sending you 2
2024-10-14 22:31:36.728943 Zulu: I was attacked by Charlie
ChatterBot Bravo reevaluating
ChatterBot Juliett reevaluating
ChatterBot X-ray reevaluating
ChatterBot Mike reevaluating
ChatterBot Victor reevaluating
2024-10-14 22:31:36.752384 Zulu: I'm keeping this round to protect myself
2024-10-14 22:31:36.755022 Zulu: Ow
2024-10-14 22:31:36.756006 Charlie: Romeo, sending you 2
2024-10-14 22:31:36.759703 Charlie: November and Echo, sending you 1
2024-10-14 22:31:36.761402 Echo: Romeo, sending you 6
2024-10-14 22:31:36.762589 Romeo: November and Charlie, sending you 5
2024-10-14 22:31:36.765692 Echo: November and Charlie, sending you 5
2024-10-14 22:31:36.767691 Romeo: Bravo, sending you 3
2024-10-14 22:31:36.772862 Romeo: Echo, sending you 6
2024-10-14 22:31:36.776701 Juliett: Victor, X-ray, Bravo and Zulu, sending you 4
2024-10-14 22:31:36.778697 Victor: Same as last round
2024-10-14 22:31:36.780896 Bravo: Victor, Zulu, Juliett and Mike, sending you 4
2024-10-14 22:31:36.782925 Mike: Victor, X-ray, Zulu and Juliett, sending you 3
2024-10-14 22:31:36.784224 Juliett: Mike, sending you 2
2024-10-14 22:31:36.786669 Mike: Bravo, sending you 4
2024-10-14 22:31:36.788777 Bravo: X-ray, sending you 3
chatterbot November submitting transactions
chatterbot Victor submitting transactions
chatterbot Romeo submitting transactions
chatterbot Mike submitting transactions
chatterbot Bravo submitting transactions
chatterbot Zulu submitting transactions
chatterbot Echo submitting transactions
chatterbot Charlie submitting transactions
chatterbot X-ray submitting transactions
chatterbot Juliett submitting transactions
ChatterBot Victor round 12
ChatterBot X-ray round 12
ChatterBot Romeo round 12
ChatterBot November round 12
ChatterBot Bravo round 12
ChatterBot Zulu round 12
ChatterBot Echo round 12
ChatterBot Juliett round 12
ChatterBot Charlie round 12
ChatterBot Mike round 12
2024-10-14 22:31:38.023188 Charlie: We should replace Bravo with X-ray
2024-10-14 22:31:38.031702 Romeo: No
2024-10-14 22:31:38.031903 November: No
2024-10-14 22:31:38.032035 Echo: No
ChatterBot Charlie reevaluating
ChatterBot November reevaluating
ChatterBot Charlie reevaluating
2024-10-14 22:31:38.071660 Victor: X-ray, Bravo, Juliett and Mike, sending you 3
2024-10-14 22:31:38.074670 Romeo: November and Charlie, sending you 6
2024-10-14 22:31:38.076726 Victor: Zulu, sending you 1
2024-10-14 22:31:38.078291 Romeo: Echo, sending you 7
2024-10-14 22:31:38.083705 Mike: Victor, X-ray, Zulu and Juliett, sending you 3
2024-10-14 22:31:38.085828 Juliett: Victor, X-ray, Bravo and Mike, sending you 4
2024-10-14 22:31:38.088667 Zulu: I was attacked by Charlie
ChatterBot Bravo reevaluating
ChatterBot Juliett reevaluating
ChatterBot X-ray reevaluating
ChatterBot Mike reevaluating
ChatterBot Victor reevaluating
2024-10-14 22:31:38.105060 Zulu: I'm keeping this round to protect myself
2024-10-14 22:31:38.106460 Zulu: Ow
2024-10-14 22:31:38.107430 Charlie: Romeo, November and Echo, sending you 5
2024-10-14 22:31:38.107856 Echo: Romeo, sending you 6
2024-10-14 22:31:38.110679 Echo: November and Charlie, sending you 5
2024-10-14 22:31:38.111781 November: X-ray, sending you 2
2024-10-14 22:31:38.116771 November: Romeo, sending you 6
2024-10-14 22:31:38.120476 November: Echo and Charlie, sending you 5
2024-10-14 22:31:38.128178 Victor: Sorry, I'm actually sending you 0
2024-10-14 22:31:38.129071 Victor: Sorry, I'm actually sending you 0
2024-10-14 22:31:38.129790 Victor: Sorry, I'm actually sending you 0
2024-10-14 22:31:38.132704 Victor: Bravo and Juliett, sending you 1
chatterbot Zulu submitting transactions
chatterbot Mike submitting transactions
chatterbot November submitting transactions
chatterbot Echo submitting transactions
chatterbot Victor submitting transactions
chatterbot Juliett submitting transactions
chatterbot Charlie submitting transactions
chatterbot X-ray submitting transactions
chatterbot Bravo submitting transactions
chatterbot Romeo submitting transactions
ChatterBot Victor round 13
ChatterBot X-ray round 13
ChatterBot Romeo round 13
ChatterBot November round 13
ChatterBot Bravo round 13
ChatterBot Zulu round 13
ChatterBot Echo round 13
ChatterBot Juliett round 13
ChatterBot Charlie round 13
ChatterBot Mike round 13
2024-10-14 22:31:39.304194 November: We should drop X-ray
ChatterBot Echo reevaluating
ChatterBot Charlie reevaluating
2024-10-14 22:31:39.313322 Romeo: Yes
2024-10-14 22:31:39.313496 Echo: Yes
2024-10-14 22:31:39.314082 Charlie: Yes
ChatterBot Echo reevaluating
ChatterBot Charlie reevaluating
ChatterBot Charlie reevaluating
ChatterBot Echo reevaluating
2024-10-14 22:31:39.342668 Romeo: November and Charlie, sending you 6
2024-10-14 22:31:39.348674 Romeo: Echo, sending you 7
2024-10-14 22:31:39.352508 Juliett: Victor, X-ray, Bravo and Mike, sending you 4
2024-10-14 22:31:39.354192 November: Sending you each 6
2024-10-14 22:31:39.355158 Victor: Sending you each 3
2024-10-14 22:31:39.357548 Mike: Victor, X-ray, Zulu and Juliett, sending you 3
2024-10-14 22:31:39.358714 Juliett: Zulu, sending you 2
2024-10-14 22:31:39.363683 Mike: Bravo, sending you 4
2024-10-14 22:31:39.368350 Echo: Romeo, sending you 6
2024-10-14 22:31:39.373699 Echo: November and Charlie, sending you 5
chatterbot Romeo submitting transactions
chatterbot Juliett submitting transactions
chatterbot Zulu submitting transactions
chatterbot Bravo submitting transactions
chatterbot Charlie submitting transactions
chatterbot November submitting transactions
chatterbot Echo submitting transactions
chatterbot X-ray submitting transactions
chatterbot Mike submitting transactions
chatterbot Victor submitting transactions
ChatterBot Victor round 14
ChatterBot X-ray round 14
ChatterBot Romeo round 14
ChatterBot November round 14
ChatterBot Bravo round 14
ChatterBot Zulu round 14
ChatterBot Echo round 14
ChatterBot Juliett round 14
ChatterBot Charlie round 14
ChatterBot Mike round 14
2024-10-14 22:31:40.486097 Mike: We should drop Zulu
ChatterBot X-ray reevaluating
ChatterBot Bravo reevaluating
2024-10-14 22:31:40.499830 Victor: No
2024-10-14 22:31:40.499985 X-ray: No
2024-10-14 22:31:40.500107 Bravo: No
2024-10-14 22:31:40.500224 Juliett: No
ChatterBot Mike reevaluating
ChatterBot X-ray reevaluating
ChatterBot Bravo reevaluating
ChatterBot Mike reevaluating
ChatterBot Bravo reevaluating
ChatterBot Mike reevaluating
ChatterBot X-ray reevaluating
ChatterBot Mike reevaluating
ChatterBot X-ray reevaluating
ChatterBot Bravo reevaluating
2024-10-14 22:31:40.548827 Victor: Same as last round
2024-10-14 22:31:40.553711 Romeo: November, sending you 6
2024-10-14 22:31:40.554973 November: Romeo, sending you 7
2024-10-14 22:31:40.556547 Juliett: Victor, X-ray, Bravo and Mike, sending you 4
2024-10-14 22:31:40.558693 Romeo: Echo, sending you 8
2024-10-14 22:31:40.560314 November: Echo, sending you 6
2024-10-14 22:31:40.561046 Juliett: Zulu, sending you 2
2024-10-14 22:31:40.562680 Zulu: Victor, X-ray and Bravo, sending you 1
2024-10-14 22:31:40.563973 Romeo: Charlie, sending you 5
2024-10-14 22:31:40.565441 November: Charlie, sending you 5
2024-10-14 22:31:40.568725 Echo: Romeo, sending you 6
2024-10-14 22:31:40.573678 Echo: November and Charlie, sending you 5
2024-10-14 22:31:40.576670 Mike: Victor, X-ray and Juliett, sending you 3
2024-10-14 22:31:40.580816 Mike: Bravo, sending you 5
2024-10-14 22:31:40.585665 Mike: Zulu, sending you 2
chatterbot Romeo submitting transactions
chatterbot November submitting transactions
chatterbot Echo submitting transactions
chatterbot Juliett submitting transactions
chatterbot Zulu submitting transactions
chatterbot X-ray submitting transactions
chatterbot Victor submitting transactions
chatterbot Bravo submitting transactions
chatterbot Charlie submitting transactions
chatterbot Mike submitting transactions
ChatterBot Victor round 15
ChatterBot X-ray round 15
ChatterBot Romeo round 15
ChatterBot November round 15
ChatterBot Bravo round 15
ChatterBot Zulu round 15
ChatterBot Echo round 15
ChatterBot Juliett round 15
ChatterBot Charlie round 15
ChatterBot Mike round 15
2024-10-14 22:31:41.658709 Romeo: November and Echo, sending you 7
2024-10-14 22:31:41.659669 Victor: Same as last round
2024-10-14 22:31:41.661660 Romeo: Charlie, sending you 5
2024-10-14 22:31:41.664656 Echo: Romeo, sending you 6
2024-10-14 22:31:41.668677 November: Romeo, sending you 7
2024-10-14 22:31:41.669710 Mike: Victor, X-ray and Juliett, sending you 3
2024-10-14 22:31:41.671221 Echo: November and Charlie, sending you 5
2024-10-14 22:31:41.671964 Charlie: Romeo, sending you 6
2024-10-14 22:31:41.672803 November: Echo, sending you 6
2024-10-14 22:31:41.673697 Juliett: Victor, X-ray, Bravo and Mike, sending you 4
2024-10-14 22:31:41.675163 Mike: Bravo, sending you 5
2024-10-14 22:31:41.676994 November: Charlie, sending you 5
2024-10-14 22:31:41.678185 Charlie: November and Echo, sending you 4
