ChatterBot Alpha round 1
ChatterBot November round 1
ChatterBot Golf round 1
ChatterBot Sierra round 1
ChatterBot Victor round 1
ChatterBot Whiskey round 1
ChatterBot Lima round 1
ChatterBot Bravo round 1
ChatterBot Charlie round 1
ChatterBot Juliett round 1
randomSelections Alpha: {Alpha, Bravo, Victor, Juliett, Lima, Charlie, Sierra} 
2024-10-14 22:31:21.212838 Alpha: We would work well together
ChatterBot Bravo reevaluating
ChatterBot Victor reevaluating
ChatterBot Juliett reevaluating
ChatterBot Lima reevaluating
ChatterBot Charlie reevaluating
ChatterBot Sierra reevaluating
2024-10-14 22:31:21.239670 Bravo: Yes
2024-10-14 22:31:21.239913 Victor: Yes
2024-10-14 22:31:21.240121 Juliett: Yes
2024-10-14 22:31:21.240275 Lima: Yes
2024-10-14 22:31:21.240423 Charlie: Yes
2024-10-14 22:31:21.240570 Sierra: Yes
ChatterBot Victor reevaluating
ChatterBot Juliett reevaluating
ChatterBot Lima reevaluating
ChatterBot Charlie reevaluating
ChatterBot Sierra reevaluating
ChatterBot Bravo reevaluating
ChatterBot Juliett reevaluating
ChatterBot Lima reevaluating
ChatterBot Charlie reevaluating
ChatterBot Sierra reevaluating
ChatterBot Bravo reevaluating
ChatterBot Victor reevaluating
ChatterBot Lima reevaluating
ChatterBot Charlie reevaluating
ChatterBot Sierra reevaluating
ChatterBot Bravo reevaluating
ChatterBot Victor reevaluating
ChatterBot Juliett reevaluating
ChatterBot Charlie reevaluating
ChatterBot Sierra reevaluating
ChatterBot Bravo reevaluating
ChatterBot Victor reevaluating
ChatterBot Juliett reevaluating
ChatterBot Lima reevaluating
ChatterBot Sierra reevaluating
ChatterBot Bravo reevaluating
ChatterBot Victor reevaluating
ChatterBot Juliett reevaluating
ChatterBot Lima reevaluating
ChatterBot Charlie reevaluating
randomSelections Golf: {Golf, Bravo, Juliett, Charlie, November, Alpha, Sierra, Lima} 
2024-10-14 22:31:21.437031 Golf: Group up?
ChatterBot Bravo reevaluating
ChatterBot Juliett reevaluating
ChatterBot Charlie reevaluating
ChatterBot November reevaluating
ChatterBot Sierra reevaluating
ChatterBot Lima reevaluating
2024-10-14 22:31:21.448198 Bravo: No
2024-10-14 22:31:21.448395 Juliett: No
2024-10-14 22:31:21.449077 Charlie: No
2024-10-14 22:31:21.449234 November: Yes
2024-10-14 22:31:21.449333 Alpha: No
2024-10-14 22:31:21.449525 Sierra: No
2024-10-14 22:31:21.449681 Lima: No
ChatterBot Juliett reevaluating
ChatterBot Charlie reevaluating
ChatterBot November reevaluating
ChatterBot Sierra reevaluating
ChatterBot Lima reevaluating
ChatterBot Bravo reevaluating
ChatterBot Charlie reevaluating
ChatterBot November reevaluating
ChatterBot Sierra reevaluating
ChatterBot Lima reevaluating
ChatterBot Bravo reevaluating
ChatterBot Juliett reevaluating
ChatterBot November reevaluating
ChatterBot Sierra reevaluating
ChatterBot Lima reevaluating
ChatterBot Bravo reevaluating
ChatterBot Juliett reevaluating
ChatterBot Charlie reevaluating
ChatterBot Sierra reevaluating
ChatterBot Lima reevaluating
ChatterBot Bravo reevaluating
ChatterBot Juliett reevaluating
ChatterBot Charlie reevaluating
ChatterBot November reevaluating
ChatterBot Sierra reevaluating
ChatterBot Lima reevaluating
ChatterBot Bravo reevaluating
ChatterBot Juliett reevaluating
ChatterBot Charlie reevaluating
ChatterBot November reevaluating
ChatterBot Lima reevaluating
ChatterBot Bravo reevaluating
ChatterBot Juliett reevaluating
ChatterBot Charlie reevaluating
ChatterBot November reevaluating
ChatterBot Sierra reevaluating
randomSelections Whiskey: {Whiskey, Lima, Sierra, November, Bravo, Victor} 
2024-10-14 22:31:21.531416 Whiskey: Group up?
ChatterBot Lima reevaluating
ChatterBot Sierra reevaluating
ChatterBot November reevaluating
ChatterBot Bravo reevaluating
ChatterBot Victor reevaluating
2024-10-14 22:31:21.539068 Lima: No
2024-10-14 22:31:21.539352 Sierra: No
2024-10-14 22:31:21.539500 November: No
2024-10-14 22:31:21.540229 Bravo: No
2024-10-14 22:31:21.540416 Victor: No
ChatterBot Sierra reevaluating
ChatterBot November reevaluating
ChatterBot Bravo reevaluating
ChatterBot Victor reevaluating
ChatterBot Lima reevaluating
ChatterBot November reevaluating
ChatterBot Bravo reevaluating
ChatterBot Victor reevaluating
ChatterBot Lima reevaluating
ChatterBot Sierra reevaluating
ChatterBot Bravo reevaluating
ChatterBot Victor reevaluating
ChatterBot Lima reevaluating
ChatterBot Sierra reevaluating
ChatterBot November reevaluating
ChatterBot Victor reevaluating
ChatterBot Lima reevaluating
ChatterBot Sierra reevaluating
ChatterBot November reevaluating
ChatterBot Bravo reevaluating
2024-10-14 22:31:21.603472 Alpha: Sierra, Bravo and Charlie, sending you 3
2024-10-14 22:31:21.604451 Bravo: Victor and Lima, sending you 1
2024-10-14 22:31:21.606223 Golf: Alpha, Sierra and Charlie, sending you 1
2024-10-14 22:31:21.607883 Lima: Alpha, sending you 4
2024-10-14 22:31:21.608507 Whiskey: November and Sierra, sending you 1
2024-10-14 22:31:21.609071 Victor: Alpha, sending you 4
2024-10-14 22:31:21.610389 Alpha: Victor, sending you 2
2024-10-14 22:31:21.610946 Bravo: Juliett, sending you 2
2024-10-14 22:31:21.614542 Sierra: Alpha, sending you 1
2024-10-14 22:31:21.614998 Golf: November, sending you 2
2024-10-14 22:31:21.616187 Lima: Victor, Bravo, Charlie and Juliett, sending you 3
2024-10-14 22:31:21.616670 Whiskey: Victor and Bravo, sending you 3
2024-10-14 22:31:21.617083 Victor: Sierra, Lima and Juliett, sending you 2
2024-10-14 22:31:21.618440 Charlie: Alpha, Lima and Juliett, sending you 1
2024-10-14 22:31:21.619300 Alpha: Lima and Juliett, sending you 1
2024-10-14 22:31:21.620825 November: Alpha, sending you 4
2024-10-14 22:31:21.621607 Sierra: Victor, sending you 3
2024-10-14 22:31:21.622764 Golf: Lima, sending you 3
2024-10-14 22:31:21.623270 Whiskey: Lima, sending you 7
2024-10-14 22:31:21.623673 Juliett: Alpha, sending you 3
2024-10-14 22:31:21.624761 Victor: Bravo, sending you 3
2024-10-14 22:31:21.625244 Charlie: Victor, sending you 2
2024-10-14 22:31:21.626860 November: Golf and Juliett, sending you 3
2024-10-14 22:31:21.627573 Golf: Bravo and Juliett, sending you 4
2024-10-14 22:31:21.628864 Sierra: Lima and Juliett, sending you 2
2024-10-14 22:31:21.629681 Juliett: Sierra, Victor and Lima, sending you 1
2024-10-14 22:31:21.631284 Victor: Charlie, sending you 1
2024-10-14 22:31:21.632818 November: Sierra, Lima and Charlie, sending you 2
2024-10-14 22:31:21.633449 Sierra: Charlie, sending you 4
2024-10-14 22:31:21.634887 Juliett: Bravo, sending you 2
2024-10-14 22:31:21.639349 Juliett: Charlie, sending you 4
chatterbot Whiskey submitting transactions
chatterbot Alpha submitting transactions
chatterbot Sierra submitting transactions
chatterbot Bravo submitting transactions
chatterbot Golf submitting transactions
chatterbot Lima submitting transactions
chatterbot Victor submitting transactions
chatterbot Juliett submitting transactions
chatterbot Charlie submitting transactions
chatterbot November submitting transactions
ChatterBot Alpha round 2
ChatterBot November round 2
ChatterBot Golf round 2
ChatterBot Sierra round 2
ChatterBot Victor round 2
ChatterBot Whiskey round 2
2024-10-14 22:31:22.773145 Whiskey: We would work well together
ChatterBot Bravo reevaluating
ChatterBot Charlie reevaluating
2024-10-14 22:31:22.802674 Bravo: No
2024-10-14 22:31:22.802864 Charlie: No
ChatterBot Whiskey reevaluating
ChatterBot Charlie reevaluating
ChatterBot Whiskey reevaluating
ChatterBot Bravo reevaluating
2024-10-14 22:31:22.839994 Charlie: We would work well together
ChatterBot Lima reevaluating
2024-10-14 22:31:22.858441 Lima: No
ChatterBot Charlie reevaluating
2024-10-14 22:31:22.879073 Lima: Can we be friends?
ChatterBot Victor reevaluating
2024-10-14 22:31:22.886359 Victor: Yes
ChatterBot Lima reevaluating
2024-10-14 22:31:22.909460 Victor: We should add Whiskey
ChatterBot Alpha reevaluating
ChatterBot Bravo reevaluating
ChatterBot Juliett reevaluating
ChatterBot Lima reevaluating
ChatterBot Charlie reevaluating
ChatterBot Sierra reevaluating
2024-10-14 22:31:23.009993 Alpha: No
2024-10-14 22:31:23.010707 Bravo: No
2024-10-14 22:31:23.010914 Juliett: No
2024-10-14 22:31:23.011133 Lima: No
2024-10-14 22:31:23.011308 Charlie: No
2024-10-14 22:31:23.011856 Sierra: No
ChatterBot Bravo reevaluating
ChatterBot Victor reevaluating
ChatterBot Juliett reevaluating
ChatterBot Lima reevaluating
ChatterBot Charlie reevaluating
ChatterBot Sierra reevaluating
ChatterBot Alpha reevaluating
ChatterBot Victor reevaluating
ChatterBot Juliett reevaluating
ChatterBot Lima reevaluating
ChatterBot Charlie reevaluating
ChatterBot Sierra reevaluating
ChatterBot Alpha reevaluating
ChatterBot Bravo reevaluating
ChatterBot Victor reevaluating
ChatterBot Lima reevaluating
ChatterBot Charlie reevaluating
ChatterBot Sierra reevaluating
ChatterBot Alpha reevaluating
ChatterBot Bravo reevaluating
ChatterBot Victor reevaluating
ChatterBot Juliett reevaluating
ChatterBot Charlie reevaluating
ChatterBot Sierra reevaluating
ChatterBot Alpha reevaluating
ChatterBot Bravo reevaluating
ChatterBot Victor reevaluating
ChatterBot Juliett reevaluating
ChatterBot Lima reevaluating
ChatterBot Sierra reevaluating
ChatterBot Alpha reevaluating
ChatterBot Bravo reevaluating
ChatterBot Victor reevaluating
ChatterBot Juliett reevaluating
ChatterBot Lima reevaluating
ChatterBot Charlie reevaluating
ChatterBot Lima round 2
ChatterBot Bravo round 2
2024-10-14 22:31:23.649874 November: Can we be friends?
ChatterBot Golf reevaluating
ChatterBot Whiskey reevaluating
ChatterBot Bravo reevaluating
2024-10-14 22:31:23.673158 Golf: Yes
2024-10-14 22:31:23.674135 Whiskey: Yes
2024-10-14 22:31:23.674410 Bravo: No
ChatterBot Whiskey reevaluating
ChatterBot Bravo reevaluating
ChatterBot November reevaluating
ChatterBot Golf reevaluating
ChatterBot Bravo reevaluating
ChatterBot November reevaluating
ChatterBot Golf reevaluating
ChatterBot Whiskey reevaluating
ChatterBot Charlie round 2
ChatterBot Juliett round 2
2024-10-14 22:31:23.773482 Lima: Can we be friends?
ChatterBot Alpha reevaluating
ChatterBot Victor reevaluating
ChatterBot Charlie reevaluating
ChatterBot Juliett reevaluating
ChatterBot November reevaluating
ChatterBot Golf reevaluating
2024-10-14 22:31:23.826255 Alpha: Yes
2024-10-14 22:31:23.826483 Sierra: Yes
2024-10-14 22:31:23.827303 Victor: No
2024-10-14 22:31:23.827478 Charlie: Yes
2024-10-14 22:31:23.827668 Juliett: Yes
2024-10-14 22:31:23.827848 November: No
2024-10-14 22:31:23.827995 Golf: No
ChatterBot Victor reevaluating
ChatterBot Charlie reevaluating
ChatterBot Juliett reevaluating
ChatterBot November reevaluating
ChatterBot Golf reevaluating
ChatterBot Alpha reevaluating
ChatterBot Victor reevaluating
ChatterBot Charlie reevaluating
ChatterBot Juliett reevaluating
ChatterBot November reevaluating
ChatterBot Golf reevaluating
ChatterBot Alpha reevaluating
ChatterBot Charlie reevaluating
ChatterBot Juliett reevaluating
ChatterBot November reevaluating
ChatterBot Golf reevaluating
ChatterBot Alpha reevaluating
ChatterBot Victor reevaluating
ChatterBot Juliett reevaluating
ChatterBot November reevaluating
ChatterBot Golf reevaluating
ChatterBot Alpha reevaluating
ChatterBot Victor reevaluating
ChatterBot Charlie reevaluating
ChatterBot November reevaluating
ChatterBot Golf reevaluating
ChatterBot Alpha reevaluating
ChatterBot Victor reevaluating
ChatterBot Charlie reevaluating
ChatterBot Juliett reevaluating
ChatterBot Golf reevaluating
ChatterBot Alpha reevaluating
ChatterBot Victor reevaluating
ChatterBot Charlie reevaluating
ChatterBot Juliett reevaluating
ChatterBot November reevaluating
2024-10-14 22:31:24.219824 Golf: We should replace Bravo with Victor
ChatterBot November reevaluating
ChatterBot Alpha reevaluating
2024-10-14 22:31:24.261745 November: Yes
2024-10-14 22:31:24.262040 Alpha: Yes
2024-10-14 22:31:24.262203 Sierra: Yes
2024-10-14 22:31:24.262899 Lima: Yes
2024-10-14 22:31:24.263084 Charlie: Yes
2024-10-14 22:31:24.263257 Juliett: Yes
ChatterBot Alpha reevaluating
ChatterBot November reevaluating
ChatterBot November reevaluating
ChatterBot Alpha reevaluating
ChatterBot November reevaluating
ChatterBot Alpha reevaluating
ChatterBot November reevaluating
ChatterBot Alpha reevaluating
ChatterBot November reevaluating
ChatterBot Alpha reevaluating
2024-10-14 22:31:24.467982 Golf: Victor we want you to join our group
2024-10-14 22:31:24.472646 Victor: No
ChatterBot November reevaluating
2024-10-14 22:31:24.501565 Whiskey: November, sending you 8
2024-10-14 22:31:24.501914 Sierra: Alpha, sending you 4
2024-10-14 22:31:24.502864 Lima: Alpha and Charlie, sending you 2
2024-10-14 22:31:24.938190 November: Victor we want you to join our group
2024-10-14 22:31:24.943958 Victor: No
2024-10-14 22:31:24.973757 Whiskey: Golf, sending you 7
2024-10-14 22:31:24.974192 Sierra: November and Victor, sending you 3
2024-10-14 22:31:24.975243 Lima: November, Golf, Sierra and Victor, sending you 3
2024-10-14 22:31:24.975778 Bravo: Golf and Whiskey, sending you 6
2024-10-14 22:31:24.976074 Juliett: Alpha and Charlie, sending you 1
2024-10-14 22:31:24.976944 Victor: Alpha, Sierra, Lima and Charlie, sending you 3
2024-10-14 22:31:24.977306 Charlie: Alpha, November, Sierra, Lima and Juliett, sending you 1
chatterbot Whiskey submitting transactions
chatterbot Juliett submitting transactions
chatterbot Bravo submitting transactions
2024-10-14 22:31:24.978498 Sierra: Golf, sending you 1
2024-10-14 22:31:25.043446 Victor: Bravo, sending you 1
2024-10-14 22:31:25.044524 Juliett: November, Sierra, Victor and Lima, sending you 2
2024-10-14 22:31:25.045497 Alpha: November, Victor and Lima, sending you 3
2024-10-14 22:31:25.045962 Sierra: Juliett, sending you 2
2024-10-14 22:31:25.046802 Golf: Alpha, Sierra, Victor, Lima, Charlie and Juliett, sending you 1
chatterbot Lima submitting transactions
chatterbot Golf submitting transactions
2024-10-14 22:31:25.129829 Victor: Juliett, sending you 2
2024-10-14 22:31:25.130606 Juliett: Golf, sending you 3
2024-10-14 22:31:25.131717 Alpha: Sierra and Charlie, sending you 1
2024-10-14 22:31:25.132320 Golf: November, sending you 5
2024-10-14 22:31:25.133366 November: Alpha, Sierra, Victor, Lima, Charlie and Juliett, sending you 1
chatterbot Alpha submitting transactions
2024-10-14 22:31:25.188324 Alpha: Juliett, sending you 2
2024-10-14 22:31:25.189328 November: Golf, sending you 10
chatterbot Sierra submitting transactions
chatterbot Victor submitting transactions
chatterbot Charlie submitting transactions
chatterbot November submitting transactions
ChatterBot Alpha round 3
ChatterBot November round 3
ChatterBot Golf round 3
ChatterBot Sierra round 3
ChatterBot Victor round 3
ChatterBot Whiskey round 3
ChatterBot Lima round 3
ChatterBot Bravo round 3
ChatterBot Charlie round 3
ChatterBot Juliett round 3
2024-10-14 22:31:25.829226 Whiskey: We should add Bravo and Juliett
2024-10-14 22:31:25.842536 November: No
2024-10-14 22:31:25.842788 Golf: No
ChatterBot Whiskey reevaluating
ChatterBot Whiskey reevaluating
2024-10-14 22:31:25.922581 Bravo: We should add Juliett
ChatterBot Whiskey reevaluating
2024-10-14 22:31:25.943111 November: Yes
2024-10-14 22:31:25.943296 Golf: Yes
2024-10-14 22:31:25.943450 Whiskey: No
ChatterBot Whiskey reevaluating
ChatterBot Whiskey reevaluating
ChatterBot Bravo reevaluating
ChatterBot Bravo reevaluating
2024-10-14 22:31:26.013337 Bravo: We should add Lima
ChatterBot Whiskey reevaluating
2024-10-14 22:31:26.033771 November: Yes
2024-10-14 22:31:26.033980 Golf: Yes
2024-10-14 22:31:26.034159 Whiskey: Yes
ChatterBot Whiskey reevaluating
ChatterBot Bravo reevaluating
ChatterBot Whiskey reevaluating
ChatterBot Bravo reevaluating
ChatterBot Bravo reevaluating
2024-10-14 22:31:26.131034 Golf: Alpha and Victor, sending you 1
2024-10-14 22:31:26.132056 November: Alpha and Lima, sending you 3
2024-10-14 22:31:26.132465 Lima: Alpha and Victor, sending you 3
2024-10-14 22:31:26.133381 Charlie: Alpha, Sierra, Victor, Lima and Juliett, sending you 1
2024-10-14 22:31:26.133756 Sierra: Alpha, November, Lima and Juliett, sending you 2
2024-10-14 22:31:26.134134 Alpha: November, Sierra, Lima and Juliett, sending you 2
2024-10-14 22:31:26.135066 Victor: Alpha, November, Golf, Sierra, Charlie and Juliett, sending you 2
2024-10-14 22:31:26.135523 Golf: November, sending you 5
2024-10-14 22:31:26.170831 Lima: November, Golf, Sierra, Charlie and Juliett, sending you 2
2024-10-14 22:31:26.171494 November: Golf, sending you 4
2024-10-14 22:31:26.172461 Sierra: Golf and Charlie, sending you 1
2024-10-14 22:31:26.173072 Golf: Sierra, sending you 2
2024-10-14 22:31:26.173890 Alpha: Golf and Charlie, sending you 1
2024-10-14 22:31:26.174554 Victor: Lima, sending you 3
2024-10-14 22:31:26.175524 Juliett: Alpha, November, Golf, Sierra, Victor and Lima, sending you 2
2024-10-14 22:31:26.176141 November: Sierra, Charlie and Juliett, sending you 2
2024-10-14 22:31:26.296019 Sierra: Victor, sending you 3
2024-10-14 22:31:26.297293 Alpha: Victor, sending you 3
2024-10-14 22:31:26.298433 Golf: Lima and Juliett, sending you 3
2024-10-14 22:31:26.299022 Whiskey: November, Golf and Lima, sending you 1
2024-10-14 22:31:26.299348 Juliett: Charlie, sending you 1
2024-10-14 22:31:26.533877 Whiskey: Bravo, sending you 12
chatterbot Alpha submitting transactions
chatterbot Lima submitting transactions
chatterbot Charlie submitting transactions
chatterbot November submitting transactions
chatterbot Victor submitting transactions
chatterbot Golf submitting transactions
chatterbot Sierra submitting transactions
chatterbot Whiskey submitting transactions
chatterbot Juliett submitting transactions
chatterbot Bravo submitting transactions
ChatterBot Alpha round 4
ChatterBot November round 4
ChatterBot Golf round 4
ChatterBot Sierra round 4
ChatterBot Victor round 4
ChatterBot Whiskey round 4
ChatterBot Lima round 4
ChatterBot Bravo round 4
ChatterBot Charlie round 4
ChatterBot Juliett round 4
2024-10-14 22:31:27.445714 Sierra: We should drop Charlie
ChatterBot Lima reevaluating
ChatterBot Juliett reevaluating
2024-10-14 22:31:27.472017 November: Yes
2024-10-14 22:31:27.472342 Golf: Yes
2024-10-14 22:31:27.473097 Alpha: Yes
2024-10-14 22:31:27.473304 Victor: No
2024-10-14 22:31:27.473503 Lima: No
2024-10-14 22:31:27.473722 Juliett: Yes
ChatterBot Lima reevaluating
ChatterBot Juliett reevaluating
ChatterBot Lima reevaluating
ChatterBot Juliett reevaluating
ChatterBot Lima reevaluating
ChatterBot Juliett reevaluating
ChatterBot Lima reevaluating
ChatterBot Juliett reevaluating
ChatterBot Juliett reevaluating
ChatterBot Victor reevaluating
ChatterBot Lima reevaluating
2024-10-14 22:31:27.665034 Whiskey: We should drop Lima
ChatterBot Bravo reevaluating
2024-10-14 22:31:27.685453 November: No
2024-10-14 22:31:27.685670 Golf: No
2024-10-14 22:31:27.685912 Bravo: Yes
ChatterBot Bravo reevaluating
ChatterBot Whiskey reevaluating
ChatterBot Bravo reevaluating
ChatterBot Whiskey reevaluating
2024-10-14 22:31:27.756412 Whiskey: We should drop Bravo and Lima
2024-10-14 22:31:27.765633 November: No
2024-10-14 22:31:27.765814 Golf: No
ChatterBot Whiskey reevaluating
ChatterBot Whiskey reevaluating
2024-10-14 22:31:27.784988 Golf: Alpha, sending you 1
2024-10-14 22:31:27.785497 Alpha: November, Sierra and Juliett, sending you 2
2024-10-14 22:31:27.801570 Golf: November, sending you 4
2024-10-14 22:31:27.802779 Alpha: Golf, sending you 1
2024-10-14 22:31:27.803128 Charlie: Alpha, November, Victor, Lima and Juliett, sending you 1
2024-10-14 22:31:27.804240 Sierra: Alpha, November, Golf, Lima and Juliett, sending you 2
2024-10-14 22:31:27.804592 November: Alpha and Lima, sending you 3
2024-10-14 22:31:27.804913 Victor: Alpha, Sierra and Lima, sending you 3
chatterbot Sierra submitting transactions
2024-10-14 22:31:27.808228 Golf: Sierra and Victor, sending you 2
2024-10-14 22:31:27.808521 Alpha: Victor and Lima, sending you 3
2024-10-14 22:31:27.809207 Juliett: Alpha, November, Sierra, Victor and Lima, sending you 2
2024-10-14 22:31:27.809533 Sierra: Victor, sending you 3
2024-10-14 22:31:27.813915 November: Golf, sending you 4
2024-10-14 22:31:27.814410 Victor: November, Golf and Juliett, sending you 2
2024-10-14 22:31:27.815185 Lima: Alpha, November, Golf and Victor, sending you 3
2024-10-14 22:31:27.815584 Golf: Lima and Juliett, sending you 3
2024-10-14 22:31:27.815919 Juliett: Golf, sending you 3
2024-10-14 22:31:27.827067 November: Sierra, Victor and Juliett, sending you 2
2024-10-14 22:31:27.828278 Lima: Sierra and Juliett, sending you 2
2024-10-14 22:31:27.846087 Whiskey: November and Golf, sending you 1
2024-10-14 22:31:27.869904 Whiskey: Bravo, sending you 13
chatterbot Lima submitting transactions
chatterbot Golf submitting transactions
chatterbot Bravo submitting transactions
chatterbot Victor submitting transactions
chatterbot Whiskey submitting transactions
chatterbot Juliett submitting transactions
chatterbot November submitting transactions
chatterbot Alpha submitting transactions
chatterbot Charlie submitting transactions
ChatterBot Alpha round 5
ChatterBot November round 5
ChatterBot Golf round 5
ChatterBot Sierra round 5
ChatterBot Victor round 5
ChatterBot Whiskey round 5
ChatterBot Lima round 5
ChatterBot Bravo round 5
ChatterBot Charlie round 5
ChatterBot Juliett round 5
2024-10-14 22:31:28.968346 Whiskey: We should drop November
2024-10-14 22:31:28.983086 Bravo: Yes
2024-10-14 22:31:28.983342 Golf: No
ChatterBot Whiskey reevaluating
ChatterBot Bravo reevaluating
2024-10-14 22:31:29.007495 Whiskey: We would work well together
ChatterBot Bravo reevaluating
2024-10-14 22:31:29.041467 Bravo: No
2024-10-14 22:31:29.042165 Alpha: No
2024-10-14 22:31:29.042364 November: No
2024-10-14 22:31:29.042534 Golf: No
2024-10-14 22:31:29.042689 Sierra: No
2024-10-14 22:31:29.042942 Victor: No
2024-10-14 22:31:29.043116 Lima: No
2024-10-14 22:31:29.043681 Juliett: No
ChatterBot Whiskey reevaluating
ChatterBot Whiskey reevaluating
ChatterBot Bravo reevaluating
ChatterBot Whiskey reevaluating
ChatterBot Bravo reevaluating
ChatterBot Whiskey reevaluating
ChatterBot Bravo reevaluating
ChatterBot Whiskey reevaluating
ChatterBot Bravo reevaluating
ChatterBot Whiskey reevaluating
ChatterBot Bravo reevaluating
ChatterBot Whiskey reevaluating
ChatterBot Bravo reevaluating
ChatterBot Whiskey reevaluating
ChatterBot Bravo reevaluating
2024-10-14 22:31:29.490431 Alpha: November, Sierra and Juliett, sending you 2
2024-10-14 22:31:29.496158 Golf: Alpha, sending you 1
2024-10-14 22:31:29.497552 Lima: Alpha, November, Golf and Victor, sending you 3
2024-10-14 22:31:29.499909 Victor: Alpha, Sierra and Lima, sending you 3
chatterbot November submitting transactions
2024-10-14 22:31:29.502722 Alpha: Golf, sending you 1
2024-10-14 22:31:29.505957 November: Alpha, Sierra, Victor and Juliett, sending you 2
2024-10-14 22:31:29.511199 Juliett: Alpha, November, Sierra, Victor and Lima, sending you 2
2024-10-14 22:31:29.513797 Sierra: Alpha, November, Golf, Lima and Juliett, sending you 2
2024-10-14 22:31:29.521462 Golf: November, sending you 4
2024-10-14 22:31:29.526597 Lima: Sierra and Juliett, sending you 2
2024-10-14 22:31:29.531226 Victor: November, Golf and Juliett, sending you 2
2024-10-14 22:31:29.536252 Alpha: Victor and Lima, sending you 3
2024-10-14 22:31:29.541676 November: Golf, sending you 5
2024-10-14 22:31:29.543107 Juliett: Golf, sending you 3
2024-10-14 22:31:29.545448 Sierra: Victor, sending you 3
chatterbot Sierra submitting transactions
2024-10-14 22:31:29.546932 Golf: Sierra and Victor, sending you 2
2024-10-14 22:31:29.549123 Charlie: Alpha, November, Victor, Lima and Juliett, sending you 1
2024-10-14 22:31:29.550370 November: Lima, sending you 3
2024-10-14 22:31:29.552809 Golf: Lima and Juliett, sending you 3
2024-10-14 22:31:29.554148 Bravo: Whiskey, sending you 6
2024-10-14 22:31:29.554690 Whiskey: Alpha and Golf, sending you 1
2024-10-14 22:31:29.559676 Whiskey: Bravo, sending you 13
chatterbot Charlie submitting transactions
chatterbot Lima submitting transactions
chatterbot Bravo submitting transactions
chatterbot Golf submitting transactions
chatterbot Alpha submitting transactions
chatterbot Juliett submitting transactions
chatterbot Victor submitting transactions
chatterbot Whiskey submitting transactions
ChatterBot Alpha round 6
ChatterBot November round 6
ChatterBot Golf round 6
ChatterBot Sierra round 6
ChatterBot Victor round 6
ChatterBot Whiskey round 6
ChatterBot Lima round 6
ChatterBot Bravo round 6
ChatterBot Charlie round 6
ChatterBot Juliett round 6
2024-10-14 22:31:30.467691 Victor: Alpha, Sierra and Lima, sending you 3
2024-10-14 22:31:30.469271 Golf: Alpha, Sierra and Victor, sending you 2
2024-10-14 22:31:30.470941 Lima: Alpha, November, Golf and Victor, sending you 3
2024-10-14 22:31:30.472312 Victor: November, Golf and Juliett, sending you 2
2024-10-14 22:31:30.473536 Charlie: Alpha, November, Victor, Lima and Juliett, sending you 1
2024-10-14 22:31:30.475030 Golf: November, sending you 4
2024-10-14 22:31:30.476227 Alpha: November, Sierra and Juliett, sending you 2
2024-10-14 22:31:30.478371 Sierra: Alpha, November, Golf, Lima and Juliett, sending you 2
2024-10-14 22:31:30.479631 Lima: Sierra and Juliett, sending you 2
2024-10-14 22:31:30.480591 November: Alpha, Sierra, Victor and Juliett, sending you 2
2024-10-14 22:31:30.481375 Golf: Lima and Juliett, sending you 3
2024-10-14 22:31:30.482105 Bravo: Whiskey, sending you 5
2024-10-14 22:31:30.483266 Juliett: Alpha, November, Sierra, Victor and Lima, sending you 2
2024-10-14 22:31:30.484152 Alpha: Golf, sending you 1
2024-10-14 22:31:30.484884 Whiskey: Alpha and Juliett, sending you 1
2024-10-14 22:31:30.485524 Sierra: Victor, sending you 3
2024-10-14 22:31:30.486306 November: Golf, sending you 5
2024-10-14 22:31:30.488555 Juliett: Golf, sending you 3
2024-10-14 22:31:30.489816 Alpha: Victor and Lima, sending you 3
2024-10-14 22:31:30.491083 Whiskey: Bravo, sending you 13
2024-10-14 22:31:30.492213 November: Lima, sending you 3
chatterbot November submitting transactions
chatterbot Charlie submitting transactions
chatterbot Lima submitting transactions
chatterbot Juliett submitting transactions
chatterbot Sierra submitting transactions
chatterbot Whiskey submitting transactions
chatterbot Victor submitting transactions
chatterbot Golf submitting transactions
chatterbot Bravo submitting transactions
chatterbot Alpha submitting transactions
ChatterBot Alpha round 7
ChatterBot November round 7
ChatterBot Golf round 7
ChatterBot Sierra round 7
ChatterBot Victor round 7
ChatterBot Whiskey round 7
ChatterBot Lima round 7
ChatterBot Bravo round 7
ChatterBot Charlie round 7
ChatterBot Juliett round 7
2024-10-14 22:31:31.718734 Lima: Alpha, November, Golf and Victor, sending you 3
2024-10-14 22:31:31.722717 Alpha: November, Sierra and Juliett, sending you 2
2024-10-14 22:31:31.723695 Lima: Sierra and Juliett, sending you 2
2024-10-14 22:31:31.724986 Sierra: Alpha, November, Golf, Lima and Juliett, sending you 2
2024-10-14 22:31:31.725715 Bravo: Whiskey, sending you 5
2024-10-14 22:31:31.726711 Victor: Alpha, Sierra and Lima, sending you 3
2024-10-14 22:31:31.728712 Alpha: Golf, sending you 1
2024-10-14 22:31:31.730682 Sierra: Victor, sending you 3
2024-10-14 22:31:31.731730 Victor: November, Golf and Juliett, sending you 2
2024-10-14 22:31:31.732908 November: Alpha, Sierra, Victor and Juliett, sending you 2
2024-10-14 22:31:31.733697 Whiskey: Bravo, sending you 15
2024-10-14 22:31:31.734096 Alpha: Victor and Lima, sending you 3
2024-10-14 22:31:31.734822 Charlie: Alpha, November, Victor, Lima and Juliett, sending you 1
2024-10-14 22:31:31.736161 Golf: Alpha, Sierra and Victor, sending you 2
2024-10-14 22:31:31.737722 November: Golf, sending you 5
2024-10-14 22:31:31.740661 Juliett: Alpha, November, Sierra, Victor and Lima, sending you 2
2024-10-14 22:31:31.741666 Golf: November, sending you 4
2024-10-14 22:31:31.742704 November: Lima, sending you 3
2024-10-14 22:31:31.743929 Juliett: Golf, sending you 3
2024-10-14 22:31:31.745659 Golf: Lima and Juliett, sending you 3
chatterbot Juliett submitting transactions
chatterbot Alpha submitting transactions
chatterbot Charlie submitting transactions
chatterbot Victor submitting transactions
chatterbot Golf submitting transactions
chatterbot Lima submitting transactions
chatterbot Bravo submitting transactions
chatterbot Sierra submitting transactions
chatterbot Whiskey submitting transactions
chatterbot November submitting transactions
ChatterBot Alpha round 8
ChatterBot November round 8
ChatterBot Golf round 8
ChatterBot Sierra round 8
ChatterBot Victor round 8
ChatterBot Whiskey round 8
ChatterBot Lima round 8
ChatterBot Bravo round 8
ChatterBot Charlie round 8
ChatterBot Juliett round 8
2024-10-14 22:31:32.937487 Whiskey: We should replace Lima with Sierra
2024-10-14 22:31:32.941834 Bravo: No
2024-10-14 22:31:32.985886 Whiskey: Sierra we want you to join our group
2024-10-14 22:31:32.989044 Sierra: No
ChatterBot Whiskey reevaluating
2024-10-14 22:31:33.007721 Golf: Alpha, Sierra and Victor, sending you 2
2024-10-14 22:31:33.009851 November: Alpha, Sierra, Victor and Juliett, sending you 2
2024-10-14 22:31:33.011069 Victor: Alpha, Sierra and Lima, sending you 3
2024-10-14 22:31:33.013670 Sierra: Alpha, November, Golf, Lima and Juliett, sending you 2
2024-10-14 22:31:33.015627 Golf: November, sending you 4
2024-10-14 22:31:33.016540 November: Golf, sending you 5
2024-10-14 22:31:33.018330 Juliett: Alpha, November, Sierra, Victor and Lima, sending you 2
2024-10-14 22:31:33.019693 Alpha: November, Sierra and Juliett, sending you 2
2024-10-14 22:31:33.021220 Victor: November, Golf and Juliett, sending you 2
2024-10-14 22:31:33.022232 Whiskey: Alpha, Sierra and Juliett, sending you 3
2024-10-14 22:31:33.023492 Sierra: Victor, sending you 3
2024-10-14 22:31:33.025022 Lima: Alpha, November, Golf and Victor, sending you 3
2024-10-14 22:31:33.025697 Golf: Lima and Juliett, sending you 3
2024-10-14 22:31:33.027457 November: Lima, sending you 3
2024-10-14 22:31:33.029121 Alpha: Golf, sending you 1
2024-10-14 22:31:33.029816 Juliett: Golf, sending you 3
2024-10-14 22:31:33.031476 Charlie: Alpha, November, Victor, Lima and Juliett, sending you 1
2024-10-14 22:31:33.032534 Bravo: Whiskey, sending you 4
2024-10-14 22:31:33.032908 Whiskey: November, Golf and Victor, sending you 2
2024-10-14 22:31:33.035286 Lima: Sierra and Juliett, sending you 2
2024-10-14 22:31:33.036959 Alpha: Victor and Lima, sending you 3
chatterbot Whiskey submitting transactions
chatterbot Bravo submitting transactions
chatterbot Golf submitting transactions
chatterbot Juliett submitting transactions
chatterbot Alpha submitting transactions
chatterbot November submitting transactions
chatterbot Victor submitting transactions
chatterbot Sierra submitting transactions
chatterbot Charlie submitting transactions
chatterbot Lima submitting transactions
ChatterBot Alpha round 9
ChatterBot November round 9
ChatterBot Golf round 9
ChatterBot Sierra round 9
ChatterBot Victor round 9
ChatterBot Whiskey round 9
ChatterBot Lima round 9
ChatterBot Bravo round 9
ChatterBot Charlie round 9
ChatterBot Juliett round 9
2024-10-14 22:31:34.267717 Whiskey: We should add Bravo
2024-10-14 22:31:34.284593 Alpha: No
2024-10-14 22:31:34.284802 November: No
2024-10-14 22:31:34.284947 Golf: No
2024-10-14 22:31:34.285087 Sierra: No
2024-10-14 22:31:34.285237 Victor: No
2024-10-14 22:31:34.285976 Lima: No
2024-10-14 22:31:34.286121 Juliett: No
ChatterBot Whiskey reevaluating
ChatterBot Whiskey reevaluating
ChatterBot Whiskey reevaluating
ChatterBot Whiskey reevaluating
ChatterBot Whiskey reevaluating
ChatterBot Whiskey reevaluating
ChatterBot Whiskey reevaluating
2024-10-14 22:31:34.446680 Victor: Alpha, Sierra and Lima, sending you 3
2024-10-14 22:31:34.447686 Sierra: Alpha, November, Golf, Lima and Juliett, sending you 2
2024-10-14 22:31:34.451659 Victor: November, Golf and Juliett, sending you 2
2024-10-14 22:31:34.452712 Sierra: Victor, sending you 3
2024-10-14 22:31:34.454358 Golf: Alpha, Sierra and Victor, sending you 2
2024-10-14 22:31:34.456679 Alpha: November, Sierra and Juliett, sending you 2
2024-10-14 22:31:34.458307 Charlie: Alpha, November, Victor, Lima and Juliett, sending you 1
2024-10-14 22:31:34.459357 Golf: November, sending you 4
2024-10-14 22:31:34.460697 Alpha: Golf, sending you 1
2024-10-14 22:31:34.462403 November: Alpha, Sierra, Victor and Juliett, sending you 2
2024-10-14 22:31:34.463732 Bravo: Whiskey, sending you 4
2024-10-14 22:31:34.464315 Lima: Alpha, November, Golf and Victor, sending you 3
2024-10-14 22:31:34.465939 Golf: Lima and Juliett, sending you 3
2024-10-14 22:31:34.466774 Juliett: Alpha, November, Sierra, Victor and Lima, sending you 2
2024-10-14 22:31:34.467515 Alpha: Victor and Lima, sending you 3
2024-10-14 22:31:34.468427 November: Golf, sending you 5
2024-10-14 22:31:34.469710 Lima: Sierra and Juliett, sending you 2
2024-10-14 22:31:34.471662 Juliett: Golf, sending you 3
2024-10-14 22:31:34.473331 November: Lima, sending you 3
2024-10-14 22:31:34.474671 Whiskey: Bravo, sending you 15
chatterbot November submitting transactions
chatterbot Golf submitting transactions
chatterbot Charlie submitting transactions
chatterbot Lima submitting transactions
chatterbot Victor submitting transactions
chatterbot Alpha submitting transactions
chatterbot Bravo submitting transactions
chatterbot Juliett submitting transactions
chatterbot Sierra submitting transactions
chatterbot Whiskey submitting transactions
ChatterBot Alpha round 10
ChatterBot November round 10
ChatterBot Golf round 10
ChatterBot Sierra round 10
ChatterBot Victor round 10
ChatterBot Whiskey round 10
ChatterBot Lima round 10
ChatterBot Bravo round 10
ChatterBot Charlie round 10
ChatterBot Juliett round 10
2024-10-14 22:31:35.695845 Whiskey: We should drop Bravo
2024-10-14 22:31:35.699457 Charlie: Yes
ChatterBot Whiskey reevaluating
2024-10-14 22:31:35.708933 Whiskey: We should drop Charlie
2024-10-14 22:31:35.712425 Bravo: No
ChatterBot Whiskey reevaluating
2024-10-14 22:31:35.717222 Lima: Alpha, November, Golf and Victor, sending you 3
2024-10-14 22:31:35.719674 November: Alpha, Sierra, Victor and Juliett, sending you 2
2024-10-14 22:31:35.721736 Juliett: Alpha, November, Sierra, Victor and Lima, sending you 2
2024-10-14 22:31:35.724366 Lima: Sierra and Juliett, sending you 2
2024-10-14 22:31:35.726580 Victor: Alpha, Sierra and Lima, sending you 3
2024-10-14 22:31:35.729150 Alpha: November, Sierra and Juliett, sending you 2
2024-10-14 22:31:35.732300 Charlie: Alpha, November, Victor, Lima and Juliett, sending you 1
2024-10-14 22:31:35.734652 Sierra: Alpha, November, Golf, Lima and Juliett, sending you 2
2024-10-14 22:31:35.736935 Golf: Alpha, Sierra and Victor, sending you 2
2024-10-14 22:31:35.738814 November: Golf, sending you 5
2024-10-14 22:31:35.741148 Bravo: Whiskey, sending you 4
2024-10-14 22:31:35.741682 Juliett: Golf, sending you 3
2024-10-14 22:31:35.743660 Victor: November, Golf and Juliett, sending you 2
2024-10-14 22:31:35.745429 Alpha: Golf, sending you 1
2024-10-14 22:31:35.747268 Sierra: Victor, sending you 3
2024-10-14 22:31:35.748171 Golf: November, sending you 4
2024-10-14 22:31:35.749682 November: Lima, sending you 3
2024-10-14 22:31:35.750667 Alpha: Victor and Lima, sending you 3
2024-10-14 22:31:35.753672 Golf: Lima and Juliett, sending you 3
2024-10-14 22:31:35.765663 Whiskey: Same as last round
chatterbot Lima submitting transactions
chatterbot Sierra submitting transactions
chatterbot Whiskey submitting transactions
chatterbot Juliett submitting transactions
chatterbot November submitting transactions
chatterbot Bravo submitting transactions
chatterbot Charlie submitting transactions
chatterbot Victor submitting transactions
chatterbot Alpha submitting transactions
chatterbot Golf submitting transactions
ChatterBot Alpha round 11
ChatterBot November round 11
ChatterBot Golf round 11
ChatterBot Sierra round 11
ChatterBot Victor round 11
ChatterBot Whiskey round 11
ChatterBot Lima round 11
ChatterBot Bravo round 11
ChatterBot Charlie round 11
ChatterBot Juliett round 11
2024-10-14 22:31:36.917662 Golf: Alpha, Sierra and Victor, sending you 2
2024-10-14 22:31:36.919998 Charlie: Alpha, November, Victor, Lima and Juliett, sending you 1
2024-10-14 22:31:36.923667 Golf: November, sending you 4
2024-10-14 22:31:36.925672 Whiskey: Alpha, sending you 4
2024-10-14 22:31:36.927910 November: Alpha, Sierra, Victor and Juliett, sending you 2
2024-10-14 22:31:36.929238 Juliett: Alpha, November, Sierra, Victor and Lima, sending you 2
2024-10-14 22:31:36.931883 Alpha: November, Sierra and Juliett, sending you 2
2024-10-14 22:31:36.933829 Lima: Alpha, November, Golf and Victor, sending you 3
2024-10-14 22:31:36.936678 Sierra: Alpha, November, Golf, Lima and Juliett, sending you 2
2024-10-14 22:31:36.938662 Golf: Lima and Juliett, sending you 3
2024-10-14 22:31:36.941060 Whiskey: November, Golf, Sierra and Victor, sending you 2
2024-10-14 22:31:36.942674 November: Golf, sending you 5
2024-10-14 22:31:36.944705 Victor: Alpha, Sierra and Lima, sending you 3
2024-10-14 22:31:36.946117 Juliett: Golf, sending you 3
2024-10-14 22:31:36.947529 Alpha: Golf, sending you 1
2024-10-14 22:31:36.949474 Lima: Sierra and Juliett, sending you 2
2024-10-14 22:31:36.950286 Sierra: Victor, sending you 3
2024-10-14 22:31:36.951141 Bravo: Whiskey, sending you 4
2024-10-14 22:31:36.952211 Whiskey: Juliett, sending you 3
2024-10-14 22:31:36.953459 November: Lima, sending you 3
2024-10-14 22:31:36.954576 Victor: November, Golf and Juliett, sending you 2
2024-10-14 22:31:36.956171 Alpha: Victor and Lima, sending you 3
chatterbot Juliett submitting transactions
chatterbot November submitting transactions
chatterbot Victor submitting transactions
chatterbot Charlie submitting transactions
chatterbot Lima submitting transactions
chatterbot Alpha submitting transactions
chatterbot Sierra submitting transactions
chatterbot Bravo submitting transactions
chatterbot Golf submitting transactions
chatterbot Whiskey submitting transactions
ChatterBot Alpha round 12
ChatterBot November round 12
ChatterBot Golf round 12
ChatterBot Sierra round 12
ChatterBot Victor round 12
ChatterBot Whiskey round 12
ChatterBot Lima round 12
ChatterBot Bravo round 12
ChatterBot Charlie round 12
ChatterBot Juliett round 12
2024-10-14 22:31:38.156702 Lima: Alpha, November, Golf and Victor, sending you 3
2024-10-14 22:31:38.158936 Whiskey: Sending you 15
2024-10-14 22:31:38.159414 Victor: Alpha, Sierra and Lima, sending you 3
2024-10-14 22:31:38.161286 Juliett: Alpha, November, Sierra, Victor and Lima, sending you 2
2024-10-14 22:31:38.164091 Lima: Sierra and Juliett, sending you 2
2024-10-14 22:31:38.166978 November: Alpha, Sierra, Victor and Juliett, sending you 2
2024-10-14 22:31:38.168523 Victor: November, Golf and Juliett, sending you 2
2024-10-14 22:31:38.170408 Sierra: Alpha, November, Golf, Lima and Juliett, sending you 2
2024-10-14 22:31:38.173160 Charlie: Alpha, November, Victor, Lima and Juliett, sending you 1
2024-10-14 22:31:38.174735 Juliett: Golf, sending you 3
2024-10-14 22:31:38.178053 Bravo: Whiskey, sending you 4
2024-10-14 22:31:38.178822 November: Golf, sending you 5
2024-10-14 22:31:38.180741 Sierra: Victor, sending you 3
2024-10-14 22:31:38.182386 Golf: Alpha, Sierra and Victor, sending you 2
2024-10-14 22:31:38.184835 Alpha: November, Sierra and Juliett, sending you 2
2024-10-14 22:31:38.186588 November: Lima, sending you 3
2024-10-14 22:31:38.188729 Golf: November, sending you 4
2024-10-14 22:31:38.190535 Alpha: Golf, sending you 1
2024-10-14 22:31:38.193697 Golf: Lima and Juliett, sending you 3
2024-10-14 22:31:38.197670 Alpha: Victor and Lima, sending you 3
chatterbot Bravo submitting transactions
chatterbot Juliett submitting transactions
chatterbot Sierra submitting transactions
chatterbot Alpha submitting transactions
chatterbot Golf submitting transactions
chatterbot Victor submitting transactions
chatterbot November submitting transactions
chatterbot Whiskey submitting transactions
