ChatterBot India round 1
ChatterBot Kilo round 1
ChatterBot Delta round 1
ChatterBot Zulu round 1
ChatterBot Lima round 1
ChatterBot Sierra round 1
ChatterBot Alpha round 1
ChatterBot Quebec round 1
ChatterBot Juliett round 1
ChatterBot Romeo round 1
randomSelections India: {India, Quebec, Lima, Alpha, Delta, Sierra, Romeo} 
2024-10-14 22:31:21.320527 India: We would work well together
ChatterBot Quebec reevaluating
ChatterBot Lima reevaluating
ChatterBot Alpha reevaluating
ChatterBot Delta reevaluating
ChatterBot Sierra reevaluating
ChatterBot Romeo reevaluating
2024-10-14 22:31:21.390773 Quebec: Yes
2024-10-14 22:31:21.391836 Lima: Yes
2024-10-14 22:31:21.392143 Alpha: Yes
2024-10-14 22:31:21.392516 Delta: Yes
2024-10-14 22:31:21.392630 Sierra: Yes
2024-10-14 22:31:21.393035 Romeo: Yes
ChatterBot Lima reevaluating
ChatterBot Alpha reevaluating
ChatterBot Delta reevaluating
ChatterBot Sierra reevaluating
ChatterBot Romeo reevaluating
ChatterBot Quebec reevaluating
ChatterBot Alpha reevaluating
ChatterBot Delta reevaluating
ChatterBot Sierra reevaluating
ChatterBot Romeo reevaluating
ChatterBot Quebec reevaluating
ChatterBot Lima reevaluating
ChatterBot Delta reevaluating
ChatterBot Sierra reevaluating
ChatterBot Romeo reevaluating
ChatterBot Quebec reevaluating
ChatterBot Lima reevaluating
ChatterBot Alpha reevaluating
ChatterBot Sierra reevaluating
ChatterBot Romeo reevaluating
ChatterBot Quebec reevaluating
ChatterBot Lima reevaluating
ChatterBot Alpha reevaluating
ChatterBot Delta reevaluating
ChatterBot Romeo reevaluating
ChatterBot Quebec reevaluating
ChatterBot Lima reevaluating
ChatterBot Alpha reevaluating
ChatterBot Delta reevaluating
ChatterBot Sierra reevaluating
randomSelections Kilo: {Kilo, Alpha, Sierra, Delta, Quebec, Lima, Juliett} 
2024-10-14 22:31:21.460501 Kilo: Let's form a team
ChatterBot Alpha reevaluating
ChatterBot Sierra reevaluating
ChatterBot Delta reevaluating
ChatterBot Quebec reevaluating
ChatterBot Lima reevaluating
ChatterBot Juliett reevaluating
2024-10-14 22:31:21.470188 Alpha: No
2024-10-14 22:31:21.470431 Sierra: No
2024-10-14 22:31:21.470667 Delta: No
2024-10-14 22:31:21.470806 Quebec: No
2024-10-14 22:31:21.471442 Lima: No
2024-10-14 22:31:21.471570 Juliett: Yes
ChatterBot Sierra reevaluating
ChatterBot Delta reevaluating
ChatterBot Quebec reevaluating
ChatterBot Lima reevaluating
ChatterBot Juliett reevaluating
ChatterBot Alpha reevaluating
ChatterBot Delta reevaluating
ChatterBot Quebec reevaluating
ChatterBot Lima reevaluating
ChatterBot Juliett reevaluating
ChatterBot Alpha reevaluating
ChatterBot Sierra reevaluating
ChatterBot Quebec reevaluating
ChatterBot Lima reevaluating
ChatterBot Juliett reevaluating
ChatterBot Alpha reevaluating
ChatterBot Sierra reevaluating
ChatterBot Delta reevaluating
ChatterBot Lima reevaluating
ChatterBot Juliett reevaluating
ChatterBot Alpha reevaluating
ChatterBot Sierra reevaluating
ChatterBot Delta reevaluating
ChatterBot Quebec reevaluating
ChatterBot Juliett reevaluating
ChatterBot Alpha reevaluating
ChatterBot Sierra reevaluating
ChatterBot Delta reevaluating
ChatterBot Quebec reevaluating
ChatterBot Lima reevaluating
randomSelections Zulu: {Zulu, India, Delta, Quebec, Alpha, Sierra} 
2024-10-14 22:31:21.565838 Zulu: Group up?
ChatterBot Delta reevaluating
ChatterBot Quebec reevaluating
ChatterBot Alpha reevaluating
ChatterBot Sierra reevaluating
2024-10-14 22:31:21.573306 India: No
2024-10-14 22:31:21.573687 Delta: No
2024-10-14 22:31:21.574571 Quebec: No
2024-10-14 22:31:21.574995 Alpha: No
2024-10-14 22:31:21.575214 Sierra: No
ChatterBot Delta reevaluating
ChatterBot Quebec reevaluating
ChatterBot Alpha reevaluating
ChatterBot Sierra reevaluating
ChatterBot Quebec reevaluating
ChatterBot Alpha reevaluating
ChatterBot Sierra reevaluating
ChatterBot Delta reevaluating
ChatterBot Alpha reevaluating
ChatterBot Sierra reevaluating
ChatterBot Delta reevaluating
ChatterBot Quebec reevaluating
ChatterBot Sierra reevaluating
ChatterBot Delta reevaluating
ChatterBot Quebec reevaluating
ChatterBot Alpha reevaluating
2024-10-14 22:31:21.635391 Romeo: India, Lima and Sierra, sending you 3
2024-10-14 22:31:21.637231 Delta: India, Lima, Quebec and Romeo, sending you 3
2024-10-14 22:31:21.639316 Juliett: Kilo, Delta, Lima and Quebec, sending you 2
2024-10-14 22:31:21.640282 Romeo: Delta and Alpha, sending you 4
2024-10-14 22:31:21.641763 India: Delta, sending you 6
2024-10-14 22:31:21.642537 Delta: Sierra, sending you 1
2024-10-14 22:31:21.644098 Juliett: Sierra, sending you 5
2024-10-14 22:31:21.646092 Zulu: India, Sierra and Alpha, sending you 3
2024-10-14 22:31:21.647121 India: Sierra, Alpha and Romeo, sending you 2
2024-10-14 22:31:21.649059 Sierra: India, Lima and Romeo, sending you 1
2024-10-14 22:31:21.651488 Romeo: Quebec, sending you 2
2024-10-14 22:31:21.652539 Kilo: Lima and Alpha, sending you 2
2024-10-14 22:31:21.654665 Alpha: India, sending you 2
2024-10-14 22:31:21.656432 Delta: Alpha, sending you 2
2024-10-14 22:31:21.658241 Quebec: India and Romeo, sending you 4
2024-10-14 22:31:21.660198 Lima: India, Delta and Romeo, sending you 2
2024-10-14 22:31:21.661436 Juliett: Alpha, sending you 3
2024-10-14 22:31:21.663073 Zulu: Delta, sending you 5
2024-10-14 22:31:21.664975 India: Quebec, sending you 4
2024-10-14 22:31:21.666172 Sierra: Delta, sending you 5
2024-10-14 22:31:21.668375 Alpha: Delta, Sierra and Romeo, sending you 1
2024-10-14 22:31:21.670185 Kilo: Sierra, sending you 4
2024-10-14 22:31:21.671157 Lima: Sierra, sending you 6
2024-10-14 22:31:21.673076 Quebec: Delta and Sierra, sending you 3
2024-10-14 22:31:21.674793 Zulu: Quebec, sending you 4
2024-10-14 22:31:21.675518 Sierra: Alpha and Quebec, sending you 4
2024-10-14 22:31:21.677556 Alpha: Lima, sending you 5
2024-10-14 22:31:21.678166 Kilo: Quebec and Juliett, sending you 1
2024-10-14 22:31:21.679382 Lima: Alpha, sending you 3
2024-10-14 22:31:21.680047 Quebec: Lima and Alpha, sending you 2
2024-10-14 22:31:21.681386 Alpha: Quebec, sending you 6
2024-10-14 22:31:21.684167 Lima: Quebec, sending you 1
chatterbot Romeo submitting transactions
chatterbot India submitting transactions
chatterbot Sierra submitting transactions
chatterbot Delta submitting transactions
chatterbot Quebec submitting transactions
chatterbot Lima submitting transactions
chatterbot Juliett submitting transactions
chatterbot Kilo submitting transactions
chatterbot Alpha submitting transactions
chatterbot Zulu submitting transactions
ChatterBot India round 2
ChatterBot Kilo round 2
ChatterBot Delta round 2
ChatterBot Zulu round 2
ChatterBot Lima round 2
ChatterBot Sierra round 2
2024-10-14 22:31:22.752473 India: We should add Zulu
ChatterBot Quebec reevaluating
ChatterBot Lima reevaluating
ChatterBot Alpha reevaluating
ChatterBot Delta reevaluating
ChatterBot Sierra reevaluating
ChatterBot Romeo reevaluating
2024-10-14 22:31:22.792016 Quebec: Yes
2024-10-14 22:31:22.792182 Lima: No
2024-10-14 22:31:22.792298 Alpha: Yes
2024-10-14 22:31:22.792401 Delta: Yes
2024-10-14 22:31:22.792515 Sierra: Yes
2024-10-14 22:31:22.792646 Romeo: No
ChatterBot Lima reevaluating
ChatterBot Alpha reevaluating
ChatterBot Delta reevaluating
ChatterBot Sierra reevaluating
ChatterBot Romeo reevaluating
ChatterBot Quebec reevaluating
ChatterBot Alpha reevaluating
ChatterBot Delta reevaluating
ChatterBot Sierra reevaluating
ChatterBot Romeo reevaluating
ChatterBot Quebec reevaluating
ChatterBot Lima reevaluating
ChatterBot Delta reevaluating
ChatterBot Sierra reevaluating
ChatterBot Romeo reevaluating
ChatterBot Quebec reevaluating
ChatterBot Lima reevaluating
ChatterBot Alpha reevaluating
ChatterBot Sierra reevaluating
ChatterBot Romeo reevaluating
ChatterBot Quebec reevaluating
ChatterBot Lima reevaluating
ChatterBot Alpha reevaluating
ChatterBot Delta reevaluating
ChatterBot Romeo reevaluating
ChatterBot Quebec reevaluating
ChatterBot Lima reevaluating
ChatterBot Alpha reevaluating
ChatterBot Delta reevaluating
ChatterBot Sierra reevaluating
ChatterBot Alpha round 2
2024-10-14 22:31:23.036650 Zulu: We should add Lima and Romeo
ChatterBot Delta reevaluating
ChatterBot Quebec reevaluating
ChatterBot Alpha reevaluating
ChatterBot Sierra reevaluating
2024-10-14 22:31:23.073257 India: Yes
2024-10-14 22:31:23.073494 Delta: Yes
2024-10-14 22:31:23.074215 Quebec: No
2024-10-14 22:31:23.074387 Alpha: Yes
2024-10-14 22:31:23.074537 Sierra: Yes
ChatterBot Zulu reevaluating
ChatterBot Delta reevaluating
ChatterBot Quebec reevaluating
ChatterBot Alpha reevaluating
ChatterBot Sierra reevaluating
ChatterBot Zulu reevaluating
ChatterBot Quebec reevaluating
ChatterBot Alpha reevaluating
ChatterBot Sierra reevaluating
ChatterBot Zulu reevaluating
ChatterBot Delta reevaluating
ChatterBot Alpha reevaluating
ChatterBot Sierra reevaluating
ChatterBot Zulu reevaluating
ChatterBot Delta reevaluating
ChatterBot Quebec reevaluating
ChatterBot Sierra reevaluating
ChatterBot Zulu reevaluating
ChatterBot Delta reevaluating
ChatterBot Quebec reevaluating
ChatterBot Alpha reevaluating
2024-10-14 22:31:23.254154 Alpha: We should add Zulu and Juliett
ChatterBot Quebec reevaluating
ChatterBot Lima reevaluating
ChatterBot Delta reevaluating
ChatterBot Sierra reevaluating
ChatterBot Romeo reevaluating
2024-10-14 22:31:23.293695 India: No
2024-10-14 22:31:23.293866 Quebec: No
2024-10-14 22:31:23.293972 Lima: No
2024-10-14 22:31:23.294107 Delta: No
2024-10-14 22:31:23.294212 Sierra: Yes
2024-10-14 22:31:23.294314 Romeo: No
ChatterBot Quebec reevaluating
ChatterBot Lima reevaluating
ChatterBot Alpha reevaluating
ChatterBot Delta reevaluating
ChatterBot Sierra reevaluating
ChatterBot Romeo reevaluating
ChatterBot Lima reevaluating
ChatterBot Alpha reevaluating
ChatterBot Delta reevaluating
ChatterBot Sierra reevaluating
ChatterBot Romeo reevaluating
ChatterBot Quebec reevaluating
ChatterBot Alpha reevaluating
ChatterBot Delta reevaluating
ChatterBot Sierra reevaluating
ChatterBot Romeo reevaluating
ChatterBot Quebec reevaluating
ChatterBot Lima reevaluating
ChatterBot Alpha reevaluating
ChatterBot Sierra reevaluating
ChatterBot Romeo reevaluating
ChatterBot Quebec reevaluating
ChatterBot Lima reevaluating
ChatterBot Alpha reevaluating
ChatterBot Delta reevaluating
ChatterBot Romeo reevaluating
ChatterBot Quebec reevaluating
ChatterBot Lima reevaluating
ChatterBot Alpha reevaluating
ChatterBot Delta reevaluating
ChatterBot Sierra reevaluating
ChatterBot Quebec round 2
ChatterBot Juliett round 2
ChatterBot Romeo round 2
2024-10-14 22:31:23.720115 Kilo: Group up?
ChatterBot Juliett reevaluating
2024-10-14 22:31:23.728290 Juliett: Yes
2024-10-14 22:31:23.735250 Juliett: We should group up
ChatterBot Sierra reevaluating
2024-10-14 22:31:23.746769 Kilo: No
2024-10-14 22:31:23.747103 Sierra: No
ChatterBot Juliett reevaluating
ChatterBot Sierra reevaluating
ChatterBot Juliett reevaluating
2024-10-14 22:31:23.780011 India: Zulu we want you to join our group
ChatterBot Zulu reevaluating
2024-10-14 22:31:23.784571 Zulu: Yes
ChatterBot Delta reevaluating
ChatterBot Lima reevaluating
ChatterBot Sierra reevaluating
ChatterBot Alpha reevaluating
ChatterBot Quebec reevaluating
ChatterBot Romeo reevaluating
2024-10-14 22:31:23.811789 Romeo: We should add Zulu
ChatterBot Quebec reevaluating
ChatterBot Lima reevaluating
ChatterBot Alpha reevaluating
ChatterBot Delta reevaluating
ChatterBot Sierra reevaluating
2024-10-14 22:31:23.834729 India: Yes
2024-10-14 22:31:23.834912 Quebec: Yes
2024-10-14 22:31:23.835111 Lima: No
2024-10-14 22:31:23.835233 Alpha: Yes
2024-10-14 22:31:23.835802 Delta: Yes
2024-10-14 22:31:23.835913 Sierra: Yes
ChatterBot Quebec reevaluating
ChatterBot Lima reevaluating
ChatterBot Alpha reevaluating
ChatterBot Delta reevaluating
ChatterBot Sierra reevaluating
ChatterBot Romeo reevaluating
ChatterBot Lima reevaluating
ChatterBot Alpha reevaluating
ChatterBot Delta reevaluating
ChatterBot Sierra reevaluating
ChatterBot Romeo reevaluating
ChatterBot Quebec reevaluating
ChatterBot Alpha reevaluating
ChatterBot Delta reevaluating
ChatterBot Sierra reevaluating
ChatterBot Romeo reevaluating
ChatterBot Quebec reevaluating
ChatterBot Lima reevaluating
ChatterBot Delta reevaluating
ChatterBot Sierra reevaluating
ChatterBot Romeo reevaluating
ChatterBot Quebec reevaluating
ChatterBot Lima reevaluating
ChatterBot Alpha reevaluating
ChatterBot Sierra reevaluating
ChatterBot Romeo reevaluating
ChatterBot Quebec reevaluating
ChatterBot Lima reevaluating
ChatterBot Alpha reevaluating
ChatterBot Delta reevaluating
ChatterBot Romeo reevaluating
2024-10-14 22:31:23.994482 Delta: Zulu we want you to join our group
ChatterBot Zulu reevaluating
2024-10-14 22:31:23.999169 Zulu: Yes
ChatterBot Quebec reevaluating
2024-10-14 22:31:24.023149 Sierra: Zulu we want you to join our group
ChatterBot Zulu reevaluating
2024-10-14 22:31:24.027802 Zulu: Yes
ChatterBot Quebec reevaluating
2024-10-14 22:31:24.051285 Alpha: Zulu and Juliett we want you to join our group
ChatterBot Zulu reevaluating
ChatterBot Juliett reevaluating
2024-10-14 22:31:24.059722 Zulu: Yes
2024-10-14 22:31:24.059877 Juliett: Yes
ChatterBot Quebec reevaluating
ChatterBot Juliett reevaluating
ChatterBot Delta reevaluating
ChatterBot Zulu reevaluating
ChatterBot Sierra reevaluating
ChatterBot Quebec reevaluating
2024-10-14 22:31:24.112858 Juliett: We would work well together
ChatterBot Delta reevaluating
ChatterBot Zulu reevaluating
ChatterBot Sierra reevaluating
ChatterBot Quebec reevaluating
ChatterBot Romeo reevaluating
2024-10-14 22:31:24.146108 Kilo: No
2024-10-14 22:31:24.146318 India: No
2024-10-14 22:31:24.146433 Delta: No
2024-10-14 22:31:24.146538 Zulu: No
2024-10-14 22:31:24.146667 Lima: No
2024-10-14 22:31:24.147294 Sierra: No
2024-10-14 22:31:24.147426 Alpha: No
2024-10-14 22:31:24.147557 Quebec: No
2024-10-14 22:31:24.147711 Romeo: No
ChatterBot Juliett reevaluating
ChatterBot Delta reevaluating
ChatterBot Zulu reevaluating
ChatterBot Sierra reevaluating
ChatterBot Quebec reevaluating
ChatterBot Romeo reevaluating
ChatterBot Juliett reevaluating
ChatterBot Delta reevaluating
ChatterBot Zulu reevaluating
ChatterBot Sierra reevaluating
ChatterBot Quebec reevaluating
ChatterBot Romeo reevaluating
ChatterBot Juliett reevaluating
ChatterBot Zulu reevaluating
ChatterBot Sierra reevaluating
ChatterBot Quebec reevaluating
ChatterBot Romeo reevaluating
ChatterBot Juliett reevaluating
ChatterBot Delta reevaluating
ChatterBot Sierra reevaluating
ChatterBot Quebec reevaluating
ChatterBot Romeo reevaluating
ChatterBot Juliett reevaluating
ChatterBot Delta reevaluating
ChatterBot Zulu reevaluating
ChatterBot Sierra reevaluating
ChatterBot Quebec reevaluating
ChatterBot Romeo reevaluating
ChatterBot Juliett reevaluating
ChatterBot Delta reevaluating
ChatterBot Zulu reevaluating
ChatterBot Quebec reevaluating
ChatterBot Romeo reevaluating
ChatterBot Juliett reevaluating
ChatterBot Delta reevaluating
ChatterBot Zulu reevaluating
ChatterBot Sierra reevaluating
ChatterBot Quebec reevaluating
ChatterBot Romeo reevaluating
ChatterBot Juliett reevaluating
ChatterBot Delta reevaluating
ChatterBot Zulu reevaluating
ChatterBot Sierra reevaluating
ChatterBot Romeo reevaluating
ChatterBot Juliett reevaluating
ChatterBot Delta reevaluating
ChatterBot Zulu reevaluating
ChatterBot Sierra reevaluating
ChatterBot Quebec reevaluating
2024-10-14 22:31:24.431440 Romeo: We should add Zulu and Juliett
ChatterBot Quebec reevaluating
ChatterBot Delta reevaluating
ChatterBot Sierra reevaluating
2024-10-14 22:31:24.451513 India: No
2024-10-14 22:31:24.451704 Quebec: No
2024-10-14 22:31:24.451853 Lima: No
2024-10-14 22:31:24.451959 Alpha: Yes
2024-10-14 22:31:24.452100 Delta: Yes
2024-10-14 22:31:24.452205 Sierra: Yes
ChatterBot Quebec reevaluating
ChatterBot Lima reevaluating
ChatterBot Delta reevaluating
ChatterBot Sierra reevaluating
ChatterBot Romeo reevaluating
ChatterBot Lima reevaluating
ChatterBot Delta reevaluating
ChatterBot Sierra reevaluating
ChatterBot Romeo reevaluating
ChatterBot Quebec reevaluating
ChatterBot Delta reevaluating
ChatterBot Sierra reevaluating
ChatterBot Romeo reevaluating
ChatterBot Quebec reevaluating
ChatterBot Lima reevaluating
ChatterBot Delta reevaluating
ChatterBot Sierra reevaluating
ChatterBot Romeo reevaluating
ChatterBot Quebec reevaluating
ChatterBot Lima reevaluating
ChatterBot Sierra reevaluating
ChatterBot Romeo reevaluating
ChatterBot Quebec reevaluating
ChatterBot Lima reevaluating
ChatterBot Delta reevaluating
ChatterBot Romeo reevaluating
chatterbot Kilo submitting transactions
chatterbot India submitting transactions
2024-10-14 22:31:24.966094 Quebec: Zulu and Juliett we want you to join our group
2024-10-14 22:31:24.972590 Zulu: Yes
2024-10-14 22:31:24.972776 Juliett: Yes
ChatterBot Delta reevaluating
ChatterBot Sierra reevaluating
ChatterBot Delta reevaluating
ChatterBot Lima reevaluating
ChatterBot Sierra reevaluating
2024-10-14 22:31:25.025838 Kilo: Sending you 9
2024-10-14 22:31:25.026804 India: Delta, Zulu, Quebec and Romeo, sending you 3
2024-10-14 22:31:25.027380 Romeo: Zulu and Juliett we want you to join our group
ChatterBot Zulu reevaluating
2024-10-14 22:31:25.034512 Zulu: No
2024-10-14 22:31:25.035075 Juliett: Yes
ChatterBot Delta reevaluating
ChatterBot Lima reevaluating
ChatterBot Sierra reevaluating
ChatterBot Quebec reevaluating
ChatterBot Delta reevaluating
ChatterBot Zulu reevaluating
ChatterBot Lima reevaluating
ChatterBot Sierra reevaluating
ChatterBot Quebec reevaluating
chatterbot Zulu submitting transactions
chatterbot Juliett submitting transactions
2024-10-14 22:31:25.092473 India: Lima and Alpha, sending you 2
2024-10-14 22:31:25.131531 Juliett: India, Delta, Zulu and Lima, sending you 1
2024-10-14 22:31:25.132122 Alpha: India, Delta, Zulu, Lima, Sierra, Quebec, Juliett and Romeo, sending you 2
2024-10-14 22:31:25.133014 Delta: Zulu and Juliett we want you to join our group
ChatterBot Zulu reevaluating
2024-10-14 22:31:25.139632 Zulu: Yes
2024-10-14 22:31:25.139803 Juliett: Yes
ChatterBot Lima reevaluating
ChatterBot Sierra reevaluating
ChatterBot Zulu reevaluating
ChatterBot Lima reevaluating
ChatterBot Sierra reevaluating
ChatterBot Quebec reevaluating
2024-10-14 22:31:25.191830 Juliett: Kilo, sending you 10
2024-10-14 22:31:25.218291 Sierra: Zulu and Juliett we want you to join our group
ChatterBot Zulu reevaluating
ChatterBot Juliett reevaluating
2024-10-14 22:31:25.226121 Zulu: Yes
2024-10-14 22:31:25.226313 Juliett: Yes
ChatterBot Lima reevaluating
ChatterBot Sierra reevaluating
ChatterBot Quebec reevaluating
ChatterBot Juliett reevaluating
ChatterBot Zulu reevaluating
ChatterBot Lima reevaluating
ChatterBot Sierra reevaluating
ChatterBot Quebec reevaluating
2024-10-14 22:31:25.280116 Romeo: India, Zulu, Lima, Sierra, Alpha and Juliett, sending you 2
2024-10-14 22:31:25.286037 Delta: India, sending you 4
2024-10-14 22:31:25.287560 Juliett: We should drop Kilo
ChatterBot Zulu reevaluating
ChatterBot Lima reevaluating
ChatterBot Sierra reevaluating
ChatterBot Quebec reevaluating
2024-10-14 22:31:25.329854 Alpha: Yes
2024-10-14 22:31:25.330454 India: Yes
2024-10-14 22:31:25.330665 Delta: Yes
2024-10-14 22:31:25.330838 Zulu: Yes
2024-10-14 22:31:25.331019 Lima: Yes
2024-10-14 22:31:25.331221 Sierra: Yes
2024-10-14 22:31:25.331877 Quebec: Yes
2024-10-14 22:31:25.332054 Romeo: Yes
ChatterBot Zulu reevaluating
ChatterBot Lima reevaluating
ChatterBot Sierra reevaluating
ChatterBot Quebec reevaluating
ChatterBot Juliett reevaluating
ChatterBot Zulu reevaluating
ChatterBot Lima reevaluating
ChatterBot Sierra reevaluating
ChatterBot Quebec reevaluating
ChatterBot Juliett reevaluating
ChatterBot Zulu reevaluating
ChatterBot Lima reevaluating
ChatterBot Sierra reevaluating
ChatterBot Quebec reevaluating
ChatterBot Juliett reevaluating
ChatterBot Lima reevaluating
ChatterBot Sierra reevaluating
ChatterBot Quebec reevaluating
ChatterBot Juliett reevaluating
ChatterBot Zulu reevaluating
ChatterBot Sierra reevaluating
ChatterBot Quebec reevaluating
ChatterBot Juliett reevaluating
ChatterBot Zulu reevaluating
ChatterBot Lima reevaluating
ChatterBot Quebec reevaluating
ChatterBot Juliett reevaluating
ChatterBot Zulu reevaluating
ChatterBot Lima reevaluating
ChatterBot Sierra reevaluating
ChatterBot Juliett reevaluating
ChatterBot Zulu reevaluating
ChatterBot Lima reevaluating
ChatterBot Sierra reevaluating
ChatterBot Quebec reevaluating
ChatterBot Juliett reevaluating
2024-10-14 22:31:25.715400 Romeo: Delta, sending you 3
2024-10-14 22:31:25.716281 Delta: Zulu, Sierra and Romeo, sending you 3
chatterbot Alpha submitting transactions
chatterbot Romeo submitting transactions
2024-10-14 22:31:25.746340 Romeo: Quebec, sending you 4
2024-10-14 22:31:25.748579 Delta: Lima, Quebec and Juliett, sending you 2
2024-10-14 22:31:25.750801 Lima: Zulu we want you to join our group
2024-10-14 22:31:25.757721 Zulu: Yes
ChatterBot Sierra reevaluating
2024-10-14 22:31:25.797965 Delta: Alpha, sending you 1
2024-10-14 22:31:25.878561 Zulu: India, Delta and Lima, sending you 3
2024-10-14 22:31:25.879660 Juliett: Sorry, I'm actually sending you 0
2024-10-14 22:31:26.084149 Juliett: Sending you each 2
2024-10-14 22:31:26.084713 Lima: India and Zulu, sending you 1
2024-10-14 22:31:26.085037 Quebec: India, Zulu, Sierra and Alpha, sending you 3
2024-10-14 22:31:26.085883 Zulu: Sierra, Alpha, Quebec, Juliett and Romeo, sending you 2
chatterbot Delta submitting transactions
2024-10-14 22:31:26.136360 Lima: Delta and Romeo, sending you 3
2024-10-14 22:31:26.136846 Quebec: Delta, Juliett and Romeo, sending you 2
2024-10-14 22:31:26.171042 Lima: Sierra and Quebec, sending you 2
2024-10-14 22:31:26.172386 Sierra: India, Quebec and Romeo, sending you 2
2024-10-14 22:31:26.294386 Lima: Alpha, sending you 4
2024-10-14 22:31:26.295403 Sierra: Delta and Alpha, sending you 1
2024-10-14 22:31:26.531371 Sierra: Zulu, sending you 3
2024-10-14 22:31:26.596810 Sierra: Lima, sending you 5
chatterbot Sierra submitting transactions
chatterbot Juliett submitting transactions
chatterbot Quebec submitting transactions
chatterbot Zulu submitting transactions
chatterbot Lima submitting transactions
ChatterBot India round 3
ChatterBot Kilo round 3
ChatterBot Delta round 3
ChatterBot Zulu round 3
ChatterBot Lima round 3
ChatterBot Sierra round 3
2024-10-14 22:31:27.047163 India: We should add Juliett
ChatterBot Delta reevaluating
ChatterBot Zulu reevaluating
ChatterBot Sierra reevaluating
2024-10-14 22:31:27.084824 Delta: Yes
2024-10-14 22:31:27.085088 Zulu: Yes
2024-10-14 22:31:27.085242 Lima: No
2024-10-14 22:31:27.085415 Sierra: Yes
2024-10-14 22:31:27.085558 Alpha: Yes
2024-10-14 22:31:27.085724 Quebec: Yes
2024-10-14 22:31:27.086389 Romeo: Yes
ChatterBot Zulu reevaluating
ChatterBot Lima reevaluating
ChatterBot Sierra reevaluating
ChatterBot Delta reevaluating
ChatterBot Lima reevaluating
ChatterBot Sierra reevaluating
ChatterBot Delta reevaluating
ChatterBot Zulu reevaluating
ChatterBot Sierra reevaluating
ChatterBot Delta reevaluating
ChatterBot Zulu reevaluating
ChatterBot Lima reevaluating
ChatterBot Delta reevaluating
ChatterBot Zulu reevaluating
ChatterBot Lima reevaluating
ChatterBot Sierra reevaluating
ChatterBot Delta reevaluating
ChatterBot Zulu reevaluating
ChatterBot Lima reevaluating
ChatterBot Sierra reevaluating
ChatterBot Delta reevaluating
ChatterBot Zulu reevaluating
ChatterBot Lima reevaluating
ChatterBot Sierra reevaluating
ChatterBot Alpha round 3
ChatterBot Quebec round 3
ChatterBot Juliett round 3
ChatterBot Romeo round 3
2024-10-14 22:31:27.414245 India: Juliett we want you to join our group
ChatterBot Juliett reevaluating
2024-10-14 22:31:27.423898 Juliett: Yes
ChatterBot Alpha reevaluating
ChatterBot Delta reevaluating
ChatterBot Zulu reevaluating
ChatterBot Lima reevaluating
ChatterBot Sierra reevaluating
ChatterBot Quebec reevaluating
ChatterBot Romeo reevaluating
2024-10-14 22:31:27.509265 Sierra: Juliett we want you to join our group
2024-10-14 22:31:27.517657 Juliett: Yes
2024-10-14 22:31:27.566698 Lima: Juliett we want you to join our group
2024-10-14 22:31:27.574043 Juliett: Yes
chatterbot India submitting transactions
2024-10-14 22:31:27.647909 Kilo: Sending you 11
2024-10-14 22:31:27.648947 Alpha: Same as last round
2024-10-14 22:31:27.649747 India: Delta and Quebec, sending you 3
2024-10-14 22:31:27.651258 Quebec: India and Alpha, sending you 3
2024-10-14 22:31:27.652857 Delta: India, sending you 4
2024-10-14 22:31:27.654316 Zulu: India, Delta, Sierra and Quebec, sending you 3
2024-10-14 22:31:27.655456 Romeo: India, Zulu, Lima, Sierra, Alpha and Juliett, sending you 2
2024-10-14 22:31:27.656311 India: Zulu, Sierra, Alpha and Romeo, sending you 2
2024-10-14 22:31:27.669022 Quebec: Delta, Zulu, Lima, Sierra, Juliett and Romeo, sending you 2
2024-10-14 22:31:27.670220 Delta: Zulu, Sierra and Romeo, sending you 3
2024-10-14 22:31:27.670744 Juliett: India, sending you 1
2024-10-14 22:31:27.672265 Zulu: Lima, sending you 1
2024-10-14 22:31:27.672883 Lima: India and Quebec, sending you 1
2024-10-14 22:31:27.674243 Sierra: Delta, Zulu, Alpha, Juliett and Romeo, sending you 2
2024-10-14 22:31:27.675420 Romeo: Delta, sending you 4
2024-10-14 22:31:27.676057 India: Lima and Juliett, sending you 1
2024-10-14 22:31:27.677261 Delta: Lima, Alpha and Quebec, sending you 2
2024-10-14 22:31:27.677892 Juliett: Delta, Zulu, Alpha, Quebec and Romeo, sending you 3
2024-10-14 22:31:27.679016 Zulu: Alpha, Juliett and Romeo, sending you 2
2024-10-14 22:31:27.680236 Sierra: Lima and Quebec, sending you 3
2024-10-14 22:31:27.680825 Lima: Delta, Zulu, Juliett and Romeo, sending you 2
2024-10-14 22:31:27.682016 Romeo: Quebec, sending you 3
2024-10-14 22:31:27.682814 Delta: Juliett, sending you 1
2024-10-14 22:31:27.694341 Lima: Sierra and Alpha, sending you 3
chatterbot Sierra submitting transactions
chatterbot Delta submitting transactions
chatterbot Romeo submitting transactions
chatterbot Juliett submitting transactions
chatterbot Zulu submitting transactions
chatterbot Lima submitting transactions
chatterbot Kilo submitting transactions
chatterbot Alpha submitting transactions
chatterbot Quebec submitting transactions
ChatterBot India round 4
ChatterBot Kilo round 4
ChatterBot Delta round 4
ChatterBot Zulu round 4
ChatterBot Lima round 4
ChatterBot Sierra round 4
ChatterBot Alpha round 4
ChatterBot Quebec round 4
ChatterBot Juliett round 4
ChatterBot Romeo round 4
2024-10-14 22:31:28.788844 Lima: India, Delta, Zulu, Quebec and Romeo, sending you 2
2024-10-14 22:31:28.789921 Delta: India, sending you 4
2024-10-14 22:31:28.791219 India: Delta, sending you 4
2024-10-14 22:31:28.794696 Lima: Sierra and Alpha, sending you 3
2024-10-14 22:31:28.796019 Delta: Zulu and Romeo, sending you 3
2024-10-14 22:31:28.797907 India: Zulu, Alpha and Romeo, sending you 2
2024-10-14 22:31:28.799675 Juliett: Delta, Zulu, Lima, Sierra and Romeo, sending you 2
2024-10-14 22:31:28.801896 Alpha: Same as last round
2024-10-14 22:31:28.803994 Delta: Lima, Sierra, Alpha, Quebec and Juliett, sending you 2
2024-10-14 22:31:28.806020 India: Lima, Sierra and Juliett, sending you 1
2024-10-14 22:31:28.807757 Juliett: Alpha and Quebec, sending you 3
2024-10-14 22:31:28.809404 Sierra: India, sending you 1
2024-10-14 22:31:28.810936 Quebec: India, Sierra and Alpha, sending you 3
2024-10-14 22:31:28.812728 India: Quebec, sending you 3
2024-10-14 22:31:28.814355 Sierra: Delta, Zulu, Alpha, Quebec, Juliett and Romeo, sending you 2
2024-10-14 22:31:28.816692 Zulu: India, Lima, Alpha, Juliett and Romeo, sending you 2
2024-10-14 22:31:28.818894 Quebec: Delta, Zulu, Juliett and Romeo, sending you 2
2024-10-14 22:31:28.820853 Romeo: India, Zulu, Lima, Sierra, Alpha and Juliett, sending you 2
2024-10-14 22:31:28.821843 Sierra: Lima, sending you 3
2024-10-14 22:31:28.823663 Zulu: Delta, Sierra and Quebec, sending you 3
2024-10-14 22:31:28.825664 Quebec: Lima, sending you 1
2024-10-14 22:31:28.827453 Romeo: Delta, sending you 4
2024-10-14 22:31:28.832705 Romeo: Quebec, sending you 3
chatterbot India submitting transactions
chatterbot Zulu submitting transactions
chatterbot Lima submitting transactions
chatterbot Juliett submitting transactions
chatterbot Sierra submitting transactions
chatterbot Delta submitting transactions
chatterbot Kilo submitting transactions
chatterbot Alpha submitting transactions
chatterbot Quebec submitting transactions
chatterbot Romeo submitting transactions
ChatterBot India round 5
ChatterBot Kilo round 5
ChatterBot Delta round 5
ChatterBot Zulu round 5
ChatterBot Lima round 5
ChatterBot Sierra round 5
ChatterBot Alpha round 5
ChatterBot Quebec round 5
ChatterBot Juliett round 5
ChatterBot Romeo round 5
2024-10-14 22:31:29.943683 Lima: India, sending you 1
2024-10-14 22:31:29.945336 India: Delta and Quebec, sending you 3
2024-10-14 22:31:29.947132 Zulu: India, Lima, Sierra, Alpha, Juliett and Romeo, sending you 2
2024-10-14 22:31:29.949681 Lima: Delta, Zulu, Alpha, Quebec, Juliett and Romeo, sending you 2
2024-10-14 22:31:29.951482 India: Zulu, Lima, Alpha and Romeo, sending you 2
2024-10-14 22:31:29.953038 Zulu: Delta, sending you 4
2024-10-14 22:31:29.955180 Lima: Sierra, sending you 3
2024-10-14 22:31:29.955960 India: Sierra and Juliett, sending you 1
2024-10-14 22:31:29.957703 Sierra: India, sending you 1
2024-10-14 22:31:29.958725 Delta: India, sending you 4
2024-10-14 22:31:29.960781 Zulu: Quebec, sending you 3
2024-10-14 22:31:29.962075 Romeo: India, Zulu, Lima, Sierra, Alpha and Juliett, sending you 2
2024-10-14 22:31:29.963105 Alpha: Same as last round
2024-10-14 22:31:29.964481 Juliett: India and Lima, sending you 1
2024-10-14 22:31:29.965746 Sierra: Delta, Zulu, Alpha, Quebec, Juliett and Romeo, sending you 2
2024-10-14 22:31:29.966771 Delta: Zulu and Romeo, sending you 3
2024-10-14 22:31:29.967842 Romeo: Delta, sending you 4
2024-10-14 22:31:29.969977 Quebec: India, sending you 4
2024-10-14 22:31:29.971292 Juliett: Delta, Zulu, Sierra and Romeo, sending you 2
2024-10-14 22:31:29.972292 Sierra: Lima, sending you 3
2024-10-14 22:31:29.973671 Delta: Lima, Sierra, Alpha, Quebec and Juliett, sending you 2
2024-10-14 22:31:29.974650 Romeo: Quebec, sending you 3
2024-10-14 22:31:29.976123 Quebec: Delta, Zulu, Lima, Sierra, Alpha, Juliett and Romeo, sending you 2
2024-10-14 22:31:29.977985 Juliett: Alpha and Quebec, sending you 3
chatterbot Quebec submitting transactions
chatterbot Romeo submitting transactions
chatterbot Delta submitting transactions
chatterbot India submitting transactions
chatterbot Zulu submitting transactions
chatterbot Sierra submitting transactions
chatterbot Alpha submitting transactions
chatterbot Kilo submitting transactions
chatterbot Juliett submitting transactions
chatterbot Lima submitting transactions
ChatterBot India round 6
ChatterBot Kilo round 6
ChatterBot Delta round 6
ChatterBot Zulu round 6
ChatterBot Lima round 6
ChatterBot Sierra round 6
ChatterBot Alpha round 6
ChatterBot Quebec round 6
ChatterBot Juliett round 6
ChatterBot Romeo round 6
2024-10-14 22:31:31.191809 Zulu: India, Lima, Sierra, Alpha, Juliett and Romeo, sending you 2
2024-10-14 22:31:31.195691 Zulu: Delta, sending you 4
2024-10-14 22:31:31.199683 Delta: India and Zulu, sending you 3
2024-10-14 22:31:31.200703 Zulu: Quebec, sending you 3
2024-10-14 22:31:31.202076 Lima: India, Delta, Zulu, Alpha, Quebec and Romeo, sending you 2
2024-10-14 22:31:31.202957 Romeo: India, Zulu, Lima, Sierra, Alpha and Juliett, sending you 2
2024-10-14 22:31:31.204082 Sierra: India, sending you 1
2024-10-14 22:31:31.205701 Delta: Lima, Sierra, Alpha, Quebec and Juliett, sending you 2
2024-10-14 22:31:31.207251 Lima: Sierra, sending you 3
2024-10-14 22:31:31.208496 Quebec: India, sending you 4
2024-10-14 22:31:31.209926 Romeo: Delta, sending you 4
2024-10-14 22:31:31.210859 Sierra: Delta, Zulu, Alpha, Quebec, Juliett and Romeo, sending you 2
2024-10-14 22:31:31.211749 India: Delta, sending you 4
2024-10-14 22:31:31.213060 Juliett: India and Lima, sending you 1
2024-10-14 22:31:31.213917 Lima: Juliett, sending you 1
2024-10-14 22:31:31.214637 Delta: Romeo, sending you 4
2024-10-14 22:31:31.216056 Alpha: Same as last round
2024-10-14 22:31:31.216908 Romeo: Quebec, sending you 3
2024-10-14 22:31:31.217691 Quebec: Delta, Zulu, Lima, Sierra, Alpha, Juliett and Romeo, sending you 2
2024-10-14 22:31:31.219102 Sierra: Lima, sending you 3
2024-10-14 22:31:31.220006 India: Zulu, Alpha and Romeo, sending you 2
2024-10-14 22:31:31.221628 Juliett: Delta, Zulu, Sierra and Romeo, sending you 2
2024-10-14 22:31:31.224696 Juliett: Alpha and Quebec, sending you 3
2024-10-14 22:31:31.226544 India: Lima, Sierra and Juliett, sending you 1
2024-10-14 22:31:31.232680 India: Quebec, sending you 3
chatterbot Delta submitting transactions
chatterbot Romeo submitting transactions
chatterbot India submitting transactions
chatterbot Lima submitting transactions
chatterbot Alpha submitting transactions
chatterbot Juliett submitting transactions
chatterbot Quebec submitting transactions
chatterbot Kilo submitting transactions
chatterbot Zulu submitting transactions
chatterbot Sierra submitting transactions
ChatterBot India round 7
ChatterBot Kilo round 7
ChatterBot Delta round 7
ChatterBot Zulu round 7
ChatterBot Lima round 7
ChatterBot Sierra round 7
ChatterBot Alpha round 7
ChatterBot Quebec round 7
ChatterBot Juliett round 7
ChatterBot Romeo round 7
2024-10-14 22:31:32.252680 Zulu: India, Lima, Sierra, Alpha, Juliett and Romeo, sending you 2
2024-10-14 22:31:32.255707 Quebec: India, sending you 4
2024-10-14 22:31:32.257438 Zulu: Delta, sending you 4
2024-10-14 22:31:32.258703 Alpha: Same as last round
2024-10-14 22:31:32.260415 Quebec: Delta, Zulu, Lima, Sierra, Alpha, Juliett and Romeo, sending you 2
2024-10-14 22:31:32.262004 Delta: India, sending you 4
2024-10-14 22:31:32.263594 Zulu: Quebec, sending you 3
2024-10-14 22:31:32.264792 Sierra: India, sending you 1
2024-10-14 22:31:32.267687 Delta: Zulu and Romeo, sending you 3
2024-10-14 22:31:32.269189 Romeo: India, Zulu, Lima, Sierra, Alpha and Juliett, sending you 2
2024-10-14 22:31:32.270219 Sierra: Delta, Zulu, Alpha, Quebec, Juliett and Romeo, sending you 2
2024-10-14 22:31:32.271182 Lima: India, Delta, Zulu, Alpha, Quebec and Romeo, sending you 2
2024-10-14 22:31:32.272572 India: Delta and Quebec, sending you 3
2024-10-14 22:31:32.273494 Delta: Lima, Sierra, Alpha, Quebec and Juliett, sending you 2
2024-10-14 22:31:32.274430 Romeo: Delta, sending you 4
2024-10-14 22:31:32.275738 Sierra: Lima, sending you 3
2024-10-14 22:31:32.277027 Juliett: India and Lima, sending you 1
2024-10-14 22:31:32.278280 Lima: Sierra, sending you 3
2024-10-14 22:31:32.279966 India: Zulu, Lima, Alpha and Romeo, sending you 2
2024-10-14 22:31:32.281253 Romeo: Quebec, sending you 3
2024-10-14 22:31:32.282696 Juliett: Delta, Zulu, Sierra and Romeo, sending you 2
2024-10-14 22:31:32.284686 Lima: Juliett, sending you 1
2024-10-14 22:31:32.286628 India: Sierra and Juliett, sending you 1
2024-10-14 22:31:32.287934 Juliett: Alpha and Quebec, sending you 3
chatterbot Lima submitting transactions
chatterbot Quebec submitting transactions
chatterbot Sierra submitting transactions
chatterbot Juliett submitting transactions
chatterbot India submitting transactions
chatterbot Kilo submitting transactions
chatterbot Zulu submitting transactions
chatterbot Alpha submitting transactions
chatterbot Delta submitting transactions
chatterbot Romeo submitting transactions
ChatterBot India round 8
ChatterBot Kilo round 8
ChatterBot Delta round 8
ChatterBot Zulu round 8
ChatterBot Lima round 8
ChatterBot Sierra round 8
ChatterBot Alpha round 8
ChatterBot Quebec round 8
ChatterBot Juliett round 8
ChatterBot Romeo round 8
2024-10-14 22:31:33.438022 Delta: India and Zulu, sending you 3
2024-10-14 22:31:33.442678 Quebec: India, sending you 4
2024-10-14 22:31:33.444124 Delta: Lima, Sierra, Alpha, Quebec and Juliett, sending you 2
2024-10-14 22:31:33.445103 Sierra: India, sending you 1
2024-10-14 22:31:33.446049 Juliett: India and Lima, sending you 1
2024-10-14 22:31:33.447702 Lima: India, Delta, Zulu, Alpha, Quebec and Romeo, sending you 2
2024-10-14 22:31:33.449293 Quebec: Delta, Zulu, Lima, Sierra, Alpha, Juliett and Romeo, sending you 2
2024-10-14 22:31:33.450823 Delta: Romeo, sending you 4
2024-10-14 22:31:33.451909 Sierra: Delta, Zulu, Alpha, Quebec, Juliett and Romeo, sending you 2
2024-10-14 22:31:33.453385 India: Delta and Quebec, sending you 3
2024-10-14 22:31:33.454584 Alpha: Same as last round
2024-10-14 22:31:33.455939 Juliett: Delta, Zulu, Sierra and Romeo, sending you 2
2024-10-14 22:31:33.457397 Zulu: India, Lima, Sierra, Alpha, Juliett and Romeo, sending you 2
2024-10-14 22:31:33.458743 Lima: Sierra, sending you 3
2024-10-14 22:31:33.459842 Sierra: Lima, sending you 3
2024-10-14 22:31:33.461104 India: Zulu, Lima, Alpha and Romeo, sending you 2
2024-10-14 22:31:33.463057 Juliett: Alpha and Quebec, sending you 3
2024-10-14 22:31:33.464164 Zulu: Delta, sending you 4
2024-10-14 22:31:33.465547 Lima: Juliett, sending you 1
2024-10-14 22:31:33.466712 Romeo: India, Zulu, Lima, Sierra, Alpha and Juliett, sending you 2
2024-10-14 22:31:33.467717 India: Sierra and Juliett, sending you 1
2024-10-14 22:31:33.469627 Zulu: Quebec, sending you 3
2024-10-14 22:31:33.471660 Romeo: Delta, sending you 4
2024-10-14 22:31:33.477653 Romeo: Quebec, sending you 3
chatterbot Lima submitting transactions
chatterbot Kilo submitting transactions
chatterbot Romeo submitting transactions
chatterbot Alpha submitting transactions
chatterbot Quebec submitting transactions
chatterbot Sierra submitting transactions
chatterbot Delta submitting transactions
chatterbot Juliett submitting transactions
chatterbot India submitting transactions
chatterbot Zulu submitting transactions
ChatterBot India round 9
ChatterBot Kilo round 9
ChatterBot Delta round 9
ChatterBot Zulu round 9
ChatterBot Lima round 9
ChatterBot Sierra round 9
ChatterBot Alpha round 9
ChatterBot Quebec round 9
ChatterBot Juliett round 9
ChatterBot Romeo round 9
2024-10-14 22:31:34.719675 Juliett: India and Lima, sending you 1
2024-10-14 22:31:34.721687 Lima: India, Delta, Zulu, Alpha, Quebec and Romeo, sending you 2
2024-10-14 22:31:34.723751 Delta: India and Zulu, sending you 3
2024-10-14 22:31:34.724924 Juliett: Delta, Zulu, Sierra and Romeo, sending you 2
2024-10-14 22:31:34.726121 Sierra: India, sending you 1
2024-10-14 22:31:34.728200 Lima: Sierra, sending you 3
2024-10-14 22:31:34.729466 Delta: Lima, Sierra, Alpha, Quebec and Juliett, sending you 2
2024-10-14 22:31:34.732020 Juliett: Alpha and Quebec, sending you 3
2024-10-14 22:31:34.734990 Alpha: Same as last round
2024-10-14 22:31:34.737328 Lima: Juliett, sending you 1
2024-10-14 22:31:34.740522 Zulu: India, Lima, Sierra, Alpha, Juliett and Romeo, sending you 2
2024-10-14 22:31:34.743125 Sierra: Delta, Zulu, Alpha, Quebec, Juliett and Romeo, sending you 2
2024-10-14 22:31:34.745661 Delta: Romeo, sending you 4
2024-10-14 22:31:34.747851 Quebec: India, sending you 4
2024-10-14 22:31:34.751062 India: Delta and Quebec, sending you 3
2024-10-14 22:31:34.753512 Zulu: Delta, sending you 4
2024-10-14 22:31:34.756129 Sierra: Lima, sending you 3
2024-10-14 22:31:34.758329 Quebec: Delta, Zulu, Lima, Sierra, Alpha, Juliett and Romeo, sending you 2
2024-10-14 22:31:34.761417 Romeo: India, Zulu, Lima, Sierra, Alpha and Juliett, sending you 2
2024-10-14 22:31:34.764327 India: Zulu, Lima, Alpha and Romeo, sending you 2
2024-10-14 22:31:34.765893 Zulu: Quebec, sending you 3
2024-10-14 22:31:34.768666 Romeo: Delta, sending you 4
2024-10-14 22:31:34.770174 India: Sierra and Juliett, sending you 1
2024-10-14 22:31:34.773204 Romeo: Quebec, sending you 3
chatterbot Quebec submitting transactions
chatterbot Juliett submitting transactions
chatterbot India submitting transactions
chatterbot Delta submitting transactions
chatterbot Romeo submitting transactions
chatterbot Sierra submitting transactions
chatterbot Zulu submitting transactions
chatterbot Alpha submitting transactions
