ChatterBot Zulu round 1
ChatterBot Hotel round 1
ChatterBot Delta round 1
ChatterBot Whiskey round 1
ChatterBot Papa round 1
ChatterBot Bravo round 1
ChatterBot Charlie round 1
ChatterBot Romeo round 1
ChatterBot Juliett round 1
ChatterBot Quebec round 1
randomSelections Bravo: {Bravo, Delta, Zulu, Charlie, Papa, Juliett, Whiskey, Quebec} 
2024-10-14 22:31:21.972299 Bravo: Group up?
ChatterBot Delta reevaluating
ChatterBot Zulu reevaluating
ChatterBot Charlie reevaluating
ChatterBot Papa reevaluating
ChatterBot Juliett reevaluating
ChatterBot Whiskey reevaluating
ChatterBot Quebec reevaluating
2024-10-14 22:31:21.988862 Delta: Yes
2024-10-14 22:31:21.989032 Zulu: Yes
2024-10-14 22:31:21.989198 Charlie: Yes
2024-10-14 22:31:21.989324 Papa: Yes
2024-10-14 22:31:21.989469 Juliett: Yes
2024-10-14 22:31:21.989578 Whiskey: Yes
2024-10-14 22:31:21.990200 Quebec: Yes
ChatterBot Zulu reevaluating
ChatterBot Charlie reevaluating
ChatterBot Papa reevaluating
ChatterBot Juliett reevaluating
ChatterBot Whiskey reevaluating
ChatterBot Quebec reevaluating
ChatterBot Delta reevaluating
ChatterBot Charlie reevaluating
ChatterBot Papa reevaluating
ChatterBot Juliett reevaluating
ChatterBot Whiskey reevaluating
ChatterBot Quebec reevaluating
ChatterBot Delta reevaluating
ChatterBot Zulu reevaluating
ChatterBot Papa reevaluating
ChatterBot Juliett reevaluating
ChatterBot Whiskey reevaluating
ChatterBot Quebec reevaluating
ChatterBot Delta reevaluating
ChatterBot Zulu reevaluating
ChatterBot Charlie reevaluating
ChatterBot Juliett reevaluating
ChatterBot Whiskey reevaluating
ChatterBot Quebec reevaluating
ChatterBot Delta reevaluating
ChatterBot Zulu reevaluating
ChatterBot Charlie reevaluating
ChatterBot Papa reevaluating
ChatterBot Whiskey reevaluating
ChatterBot Quebec reevaluating
ChatterBot Delta reevaluating
ChatterBot Zulu reevaluating
ChatterBot Charlie reevaluating
ChatterBot Papa reevaluating
ChatterBot Juliett reevaluating
ChatterBot Quebec reevaluating
ChatterBot Delta reevaluating
ChatterBot Zulu reevaluating
ChatterBot Charlie reevaluating
ChatterBot Papa reevaluating
ChatterBot Juliett reevaluating
ChatterBot Whiskey reevaluating
randomSelections Romeo: {Romeo, Charlie, Hotel, Juliett, Papa, Delta} 
2024-10-14 22:31:22.089630 Romeo: Let's form a team
ChatterBot Charlie reevaluating
ChatterBot Hotel reevaluating
ChatterBot Juliett reevaluating
ChatterBot Papa reevaluating
ChatterBot Delta reevaluating
2024-10-14 22:31:22.100757 Charlie: No
2024-10-14 22:31:22.100954 Hotel: Yes
2024-10-14 22:31:22.101119 Juliett: No
2024-10-14 22:31:22.101279 Papa: No
2024-10-14 22:31:22.101422 Delta: No
ChatterBot Hotel reevaluating
ChatterBot Juliett reevaluating
ChatterBot Papa reevaluating
ChatterBot Delta reevaluating
ChatterBot Charlie reevaluating
ChatterBot Juliett reevaluating
ChatterBot Papa reevaluating
ChatterBot Delta reevaluating
ChatterBot Charlie reevaluating
ChatterBot Hotel reevaluating
ChatterBot Papa reevaluating
ChatterBot Delta reevaluating
ChatterBot Charlie reevaluating
ChatterBot Hotel reevaluating
ChatterBot Juliett reevaluating
ChatterBot Delta reevaluating
ChatterBot Charlie reevaluating
ChatterBot Hotel reevaluating
ChatterBot Juliett reevaluating
ChatterBot Papa reevaluating
2024-10-14 22:31:22.169679 Zulu: Delta, sending you 1
2024-10-14 22:31:22.172932 Juliett: Zulu, Delta, Papa and Charlie, sending you 2
2024-10-14 22:31:22.173369 Bravo: Zulu, sending you 1
2024-10-14 22:31:22.173724 Romeo: Hotel, sending you 1
2024-10-14 22:31:22.174695 Zulu: Whiskey, sending you 7
2024-10-14 22:31:22.176224 Whiskey: Zulu and Delta, sending you 1
2024-10-14 22:31:22.176569 Juliett: Whiskey and Quebec, sending you 3
2024-10-14 22:31:22.180727 Delta: Zulu and Bravo, sending you 2
2024-10-14 22:31:22.181944 Zulu: Bravo and Charlie, sending you 2
2024-10-14 22:31:22.182450 Bravo: Delta and Charlie, sending you 2
2024-10-14 22:31:22.183421 Romeo: Delta and Juliett, sending you 2
2024-10-14 22:31:22.183830 Hotel: Delta, sending you 5
2024-10-14 22:31:22.184166 Juliett: Bravo, sending you 1
2024-10-14 22:31:22.185079 Papa: Zulu, sending you 2
2024-10-14 22:31:22.185468 Whiskey: Papa and Charlie, sending you 3
2024-10-14 22:31:22.185942 Delta: Whiskey, sending you 4
2024-10-14 22:31:22.186785 Zulu: Juliett, sending you 3
2024-10-14 22:31:22.187219 Charlie: Zulu, sending you 2
2024-10-14 22:31:22.188147 Bravo: Whiskey, sending you 3
2024-10-14 22:31:22.188514 Hotel: Papa, sending you 1
2024-10-14 22:31:22.188923 Romeo: Papa, sending you 8
2024-10-14 22:31:22.189702 Papa: Delta and Juliett, sending you 3
2024-10-14 22:31:22.190217 Whiskey: Bravo and Juliett, sending you 2
2024-10-14 22:31:22.191075 Delta: Papa and Charlie, sending you 1
2024-10-14 22:31:22.191430 Zulu: Quebec, sending you 4
2024-10-14 22:31:22.191870 Charlie: Bravo, Juliett and Quebec, sending you 1
2024-10-14 22:31:22.192872 Bravo: Papa, sending you 6
2024-10-14 22:31:22.193359 Hotel: Charlie, sending you 3
2024-10-14 22:31:22.193717 Romeo: Charlie, sending you 3
2024-10-14 22:31:22.194521 Papa: Whiskey and Quebec, sending you 1
2024-10-14 22:31:22.195053 Delta: Juliett and Quebec, sending you 3
2024-10-14 22:31:22.196175 Whiskey: Quebec, sending you 4
2024-10-14 22:31:22.196707 Bravo: Quebec, sending you 4
2024-10-14 22:31:22.202804 Hotel: Romeo, sending you 2
2024-10-14 22:31:22.203715 Papa: Charlie, sending you 4
2024-10-14 22:31:22.222374 Hotel: Juliett, sending you 4
chatterbot Bravo submitting transactions
chatterbot Delta submitting transactions
chatterbot Charlie submitting transactions
chatterbot Whiskey submitting transactions
chatterbot Juliett submitting transactions
chatterbot Papa submitting transactions
chatterbot Zulu submitting transactions
chatterbot Hotel submitting transactions
chatterbot Romeo submitting transactions
chatterbot Quebec submitting transactions
ChatterBot Zulu round 2
ChatterBot Hotel round 2
ChatterBot Delta round 2
ChatterBot Whiskey round 2
ChatterBot Papa round 2
ChatterBot Bravo round 2
ChatterBot Charlie round 2
ChatterBot Romeo round 2
ChatterBot Juliett round 2
ChatterBot Quebec round 2
2024-10-14 22:31:24.485060 Hotel: We should group up
ChatterBot Romeo reevaluating
ChatterBot Papa reevaluating
2024-10-14 22:31:24.503240 Romeo: No
2024-10-14 22:31:24.503421 Papa: Yes
ChatterBot Hotel reevaluating
ChatterBot Papa reevaluating
ChatterBot Hotel reevaluating
ChatterBot Romeo reevaluating
2024-10-14 22:31:24.526637 Papa: We should group up
ChatterBot Delta reevaluating
ChatterBot Bravo reevaluating
ChatterBot Juliett reevaluating
ChatterBot Romeo reevaluating
ChatterBot Hotel reevaluating
2024-10-14 22:31:24.670579 Zulu: No
2024-10-14 22:31:24.671655 Delta: Yes
2024-10-14 22:31:24.671800 Whiskey: No
2024-10-14 22:31:24.671953 Bravo: No
2024-10-14 22:31:24.672532 Juliett: Yes
2024-10-14 22:31:24.673292 Romeo: No
2024-10-14 22:31:24.673481 Hotel: Yes
ChatterBot Papa reevaluating
ChatterBot Delta reevaluating
ChatterBot Bravo reevaluating
ChatterBot Juliett reevaluating
ChatterBot Hotel reevaluating
ChatterBot Romeo reevaluating
ChatterBot Papa reevaluating
ChatterBot Bravo reevaluating
ChatterBot Juliett reevaluating
ChatterBot Hotel reevaluating
ChatterBot Romeo reevaluating
ChatterBot Papa reevaluating
ChatterBot Delta reevaluating
ChatterBot Bravo reevaluating
ChatterBot Juliett reevaluating
ChatterBot Hotel reevaluating
ChatterBot Romeo reevaluating
ChatterBot Papa reevaluating
ChatterBot Delta reevaluating
ChatterBot Juliett reevaluating
ChatterBot Hotel reevaluating
ChatterBot Romeo reevaluating
ChatterBot Papa reevaluating
ChatterBot Delta reevaluating
ChatterBot Bravo reevaluating
ChatterBot Hotel reevaluating
ChatterBot Romeo reevaluating
ChatterBot Papa reevaluating
ChatterBot Delta reevaluating
ChatterBot Bravo reevaluating
ChatterBot Juliett reevaluating
ChatterBot Hotel reevaluating
ChatterBot Papa reevaluating
ChatterBot Delta reevaluating
ChatterBot Bravo reevaluating
ChatterBot Juliett reevaluating
ChatterBot Romeo reevaluating
2024-10-14 22:31:24.956154 Charlie: Group up?
ChatterBot Romeo reevaluating
ChatterBot Delta reevaluating
ChatterBot Papa reevaluating
ChatterBot Bravo reevaluating
ChatterBot Juliett reevaluating
ChatterBot Hotel reevaluating
2024-10-14 22:31:24.993734 Romeo: Yes
2024-10-14 22:31:24.993985 Zulu: No
2024-10-14 22:31:24.994776 Delta: Yes
2024-10-14 22:31:24.994918 Whiskey: No
2024-10-14 22:31:24.995039 Papa: No
2024-10-14 22:31:24.995176 Bravo: No
2024-10-14 22:31:24.995302 Juliett: Yes
2024-10-14 22:31:24.995459 Hotel: Yes
ChatterBot Delta reevaluating
ChatterBot Whiskey reevaluating
ChatterBot Papa reevaluating
ChatterBot Bravo reevaluating
ChatterBot Juliett reevaluating
ChatterBot Hotel reevaluating
ChatterBot Romeo reevaluating
ChatterBot Delta reevaluating
ChatterBot Whiskey reevaluating
ChatterBot Papa reevaluating
ChatterBot Bravo reevaluating
ChatterBot Juliett reevaluating
ChatterBot Hotel reevaluating
ChatterBot Romeo reevaluating
ChatterBot Zulu reevaluating
ChatterBot Whiskey reevaluating
ChatterBot Papa reevaluating
ChatterBot Bravo reevaluating
ChatterBot Juliett reevaluating
ChatterBot Hotel reevaluating
ChatterBot Romeo reevaluating
ChatterBot Zulu reevaluating
ChatterBot Delta reevaluating
ChatterBot Papa reevaluating
ChatterBot Bravo reevaluating
ChatterBot Juliett reevaluating
ChatterBot Hotel reevaluating
ChatterBot Romeo reevaluating
ChatterBot Zulu reevaluating
ChatterBot Delta reevaluating
ChatterBot Whiskey reevaluating
ChatterBot Bravo reevaluating
ChatterBot Juliett reevaluating
ChatterBot Hotel reevaluating
ChatterBot Romeo reevaluating
ChatterBot Zulu reevaluating
ChatterBot Delta reevaluating
ChatterBot Whiskey reevaluating
ChatterBot Papa reevaluating
ChatterBot Juliett reevaluating
ChatterBot Hotel reevaluating
ChatterBot Romeo reevaluating
ChatterBot Zulu reevaluating
ChatterBot Delta reevaluating
ChatterBot Whiskey reevaluating
ChatterBot Papa reevaluating
ChatterBot Bravo reevaluating
ChatterBot Hotel reevaluating
ChatterBot Romeo reevaluating
ChatterBot Zulu reevaluating
ChatterBot Delta reevaluating
ChatterBot Whiskey reevaluating
ChatterBot Papa reevaluating
ChatterBot Bravo reevaluating
ChatterBot Juliett reevaluating
2024-10-14 22:31:25.674304 Zulu: We should drop Quebec
2024-10-14 22:31:25.714421 Delta: Yes
2024-10-14 22:31:25.715374 Whiskey: Yes
2024-10-14 22:31:25.715784 Papa: Yes
2024-10-14 22:31:25.716173 Bravo: Yes
2024-10-14 22:31:25.716966 Charlie: Yes
2024-10-14 22:31:25.717219 Juliett: Yes
ChatterBot Zulu reevaluating
ChatterBot Zulu reevaluating
ChatterBot Zulu reevaluating
ChatterBot Zulu reevaluating
ChatterBot Zulu reevaluating
ChatterBot Delta reevaluating
ChatterBot Zulu reevaluating
ChatterBot Delta reevaluating
chatterbot Charlie submitting transactions
2024-10-14 22:31:26.107940 Romeo: Zulu, Delta, Whiskey, Papa and Bravo, sending you 1
2024-10-14 22:31:26.108434 Charlie: Zulu, Hotel, Whiskey, Papa and Romeo, sending you 1
2024-10-14 22:31:26.109252 Whiskey: Zulu, sending you 5
2024-10-14 22:31:26.109802 Quebec: Zulu, Whiskey and Bravo, sending you 3
2024-10-14 22:31:26.110767 Hotel: Zulu, Delta, Whiskey and Papa, sending you 1
2024-10-14 22:31:26.111141 Juliett: Zulu, Delta, Whiskey, Papa and Romeo, sending you 2
2024-10-14 22:31:26.111490 Papa: Hotel and Delta, sending you 1
2024-10-14 22:31:26.112292 Bravo: Zulu and Delta, sending you 3
2024-10-14 22:31:26.112666 Romeo: Hotel, sending you 11
2024-10-14 22:31:26.113008 Whiskey: Hotel and Papa, sending you 1
2024-10-14 22:31:26.113877 Quebec: Delta and Juliett, sending you 2
2024-10-14 22:31:26.148602 Hotel: Romeo, sending you 5
2024-10-14 22:31:26.149587 Juliett: Hotel, sending you 3
2024-10-14 22:31:26.150102 Bravo: Hotel, Whiskey, Papa, Charlie, Romeo and Juliett, sending you 2
2024-10-14 22:31:26.151207 Papa: Whiskey and Juliett, sending you 2
2024-10-14 22:31:26.151667 Whiskey: Delta, Bravo and Juliett, sending you 3
2024-10-14 22:31:26.152782 Quebec: Papa and Charlie, sending you 1
2024-10-14 22:31:26.241743 Juliett: Charlie, sending you 1
2024-10-14 22:31:26.242315 Papa: Bravo and Romeo, sending you 3
2024-10-14 22:31:26.242667 Delta: Zulu, Hotel, Whiskey, Papa, Bravo, Charlie, Romeo and Juliett, sending you 2
2024-10-14 22:31:26.439325 Zulu: Delta, Papa, Charlie and Juliett, sending you 4
chatterbot Hotel submitting transactions
2024-10-14 22:31:26.570660 Zulu: Whiskey, sending you 2
chatterbot Romeo submitting transactions
chatterbot Quebec submitting transactions
2024-10-14 22:31:26.651342 Zulu: Bravo, sending you 1
chatterbot Whiskey submitting transactions
chatterbot Bravo submitting transactions
chatterbot Papa submitting transactions
chatterbot Juliett submitting transactions
chatterbot Delta submitting transactions
chatterbot Zulu submitting transactions
ChatterBot Zulu round 3
ChatterBot Hotel round 3
ChatterBot Delta round 3
ChatterBot Whiskey round 3
2024-10-14 22:31:27.192563 Hotel: We should add Quebec
ChatterBot Zulu reevaluating
ChatterBot Delta reevaluating
2024-10-14 22:31:27.302627 Romeo: No
2024-10-14 22:31:27.302972 Zulu: No
2024-10-14 22:31:27.303170 Delta: No
2024-10-14 22:31:27.303321 Whiskey: No
2024-10-14 22:31:27.303483 Papa: No
2024-10-14 22:31:27.303619 Bravo: No
2024-10-14 22:31:27.305452 Charlie: No
2024-10-14 22:31:27.305597 Juliett: No
ChatterBot Zulu reevaluating
ChatterBot Delta reevaluating
ChatterBot Delta reevaluating
ChatterBot Zulu reevaluating
ChatterBot Zulu reevaluating
ChatterBot Delta reevaluating
2024-10-14 22:31:27.488490 Zulu: Friends?
ChatterBot Zulu reevaluating
ChatterBot Delta reevaluating
ChatterBot Hotel reevaluating
ChatterBot Zulu reevaluating
ChatterBot Delta reevaluating
ChatterBot Hotel reevaluating
ChatterBot Zulu reevaluating
ChatterBot Delta reevaluating
ChatterBot Hotel reevaluating
ChatterBot Zulu reevaluating
ChatterBot Delta reevaluating
ChatterBot Hotel reevaluating
ChatterBot Delta reevaluating
ChatterBot Hotel reevaluating
2024-10-14 22:31:27.661754 Romeo: Yes
2024-10-14 22:31:27.662656 Delta: Yes
2024-10-14 22:31:27.662849 Whiskey: Yes
2024-10-14 22:31:27.662960 Papa: Yes
2024-10-14 22:31:27.663087 Bravo: Yes
2024-10-14 22:31:27.663194 Juliett: Yes
2024-10-14 22:31:27.663410 Hotel: Yes
ChatterBot Zulu reevaluating
ChatterBot Delta reevaluating
ChatterBot Hotel reevaluating
ChatterBot Zulu reevaluating
ChatterBot Hotel reevaluating
ChatterBot Zulu reevaluating
ChatterBot Delta reevaluating
ChatterBot Hotel reevaluating
ChatterBot Zulu reevaluating
ChatterBot Delta reevaluating
ChatterBot Hotel reevaluating
ChatterBot Zulu reevaluating
ChatterBot Delta reevaluating
ChatterBot Hotel reevaluating
ChatterBot Zulu reevaluating
ChatterBot Delta reevaluating
ChatterBot Hotel reevaluating
ChatterBot Zulu reevaluating
ChatterBot Delta reevaluating
ChatterBot Papa round 3
ChatterBot Bravo round 3
ChatterBot Charlie round 3
ChatterBot Romeo round 3
ChatterBot Juliett round 3
ChatterBot Quebec round 3
2024-10-14 22:31:27.891758 Bravo: We should replace Charlie with Quebec
ChatterBot Juliett reevaluating
ChatterBot Hotel reevaluating
ChatterBot Romeo reevaluating
2024-10-14 22:31:27.920413 Papa: No
2024-10-14 22:31:27.920571 Zulu: No
2024-10-14 22:31:27.921151 Delta: No
2024-10-14 22:31:27.921275 Whiskey: No
2024-10-14 22:31:27.921432 Juliett: No
2024-10-14 22:31:27.921563 Hotel: No
2024-10-14 22:31:27.921709 Romeo: No
ChatterBot Juliett reevaluating
ChatterBot Hotel reevaluating
ChatterBot Romeo reevaluating
ChatterBot Juliett reevaluating
ChatterBot Hotel reevaluating
ChatterBot Romeo reevaluating
ChatterBot Juliett reevaluating
ChatterBot Hotel reevaluating
ChatterBot Romeo reevaluating
ChatterBot Juliett reevaluating
ChatterBot Hotel reevaluating
ChatterBot Romeo reevaluating
ChatterBot Hotel reevaluating
ChatterBot Romeo reevaluating
ChatterBot Juliett reevaluating
ChatterBot Romeo reevaluating
ChatterBot Juliett reevaluating
ChatterBot Hotel reevaluating
2024-10-14 22:31:28.265703 Charlie: We should add Quebec
ChatterBot Romeo reevaluating
ChatterBot Juliett reevaluating
ChatterBot Hotel reevaluating
2024-10-14 22:31:28.299247 Romeo: No
2024-10-14 22:31:28.300195 Zulu: No
2024-10-14 22:31:28.300464 Delta: No
2024-10-14 22:31:28.300716 Whiskey: No
2024-10-14 22:31:28.300861 Papa: No
2024-10-14 22:31:28.301058 Bravo: Yes
2024-10-14 22:31:28.301756 Juliett: No
2024-10-14 22:31:28.302088 Hotel: No
ChatterBot Juliett reevaluating
ChatterBot Hotel reevaluating
ChatterBot Romeo reevaluating
ChatterBot Juliett reevaluating
ChatterBot Hotel reevaluating
ChatterBot Romeo reevaluating
ChatterBot Juliett reevaluating
ChatterBot Hotel reevaluating
ChatterBot Romeo reevaluating
ChatterBot Juliett reevaluating
ChatterBot Hotel reevaluating
ChatterBot Romeo reevaluating
ChatterBot Juliett reevaluating
ChatterBot Hotel reevaluating
ChatterBot Romeo reevaluating
ChatterBot Juliett reevaluating
ChatterBot Hotel reevaluating
ChatterBot Romeo reevaluating
ChatterBot Hotel reevaluating
ChatterBot Romeo reevaluating
ChatterBot Juliett reevaluating
2024-10-14 22:31:28.640139 Delta: We should drop Charlie
ChatterBot Juliett reevaluating
ChatterBot Hotel reevaluating
ChatterBot Romeo reevaluating
2024-10-14 22:31:28.662008 Papa: Yes
2024-10-14 22:31:28.662131 Zulu: Yes
2024-10-14 22:31:28.662241 Whiskey: Yes
2024-10-14 22:31:28.662377 Bravo: Yes
2024-10-14 22:31:28.662520 Juliett: Yes
2024-10-14 22:31:28.662656 Hotel: Yes
2024-10-14 22:31:28.662761 Romeo: Yes
ChatterBot Juliett reevaluating
ChatterBot Hotel reevaluating
ChatterBot Romeo reevaluating
ChatterBot Juliett reevaluating
ChatterBot Hotel reevaluating
ChatterBot Romeo reevaluating
ChatterBot Juliett reevaluating
ChatterBot Hotel reevaluating
ChatterBot Romeo reevaluating
ChatterBot Juliett reevaluating
ChatterBot Hotel reevaluating
ChatterBot Romeo reevaluating
ChatterBot Hotel reevaluating
ChatterBot Romeo reevaluating
ChatterBot Juliett reevaluating
ChatterBot Romeo reevaluating
ChatterBot Juliett reevaluating
ChatterBot Hotel reevaluating
2024-10-14 22:31:28.901657 Bravo: Quebec we want you to join our group
2024-10-14 22:31:28.908237 Quebec: No
ChatterBot Juliett reevaluating
ChatterBot Romeo reevaluating
2024-10-14 22:31:28.958873 Charlie: Quebec we want you to join our group
2024-10-14 22:31:28.965373 Quebec: No
2024-10-14 22:31:29.019770 Quebec: We should drop Charlie
2024-10-14 22:31:29.053794 Zulu: Yes
2024-10-14 22:31:29.054013 Delta: Yes
2024-10-14 22:31:29.054180 Whiskey: Yes
2024-10-14 22:31:29.054342 Papa: Yes
2024-10-14 22:31:29.054510 Bravo: Yes
2024-10-14 22:31:29.054698 Juliett: Yes
chatterbot Delta submitting transactions
chatterbot Bravo submitting transactions
chatterbot Papa submitting transactions
2024-10-14 22:31:29.387678 Whiskey: Zulu, sending you 4
2024-10-14 22:31:29.390086 Zulu: Hotel and Romeo, sending you 1
2024-10-14 22:31:29.391885 Papa: Zulu, Delta, Whiskey and Juliett, sending you 2
2024-10-14 22:31:29.393958 Delta: Zulu and Hotel, sending you 3
2024-10-14 22:31:29.396142 Whiskey: Hotel and Romeo, sending you 1
2024-10-14 22:31:29.397321 Zulu: Delta, Bravo and Juliett, sending you 3
2024-10-14 22:31:29.399349 Papa: Hotel, sending you 1
2024-10-14 22:31:29.400736 Delta: Whiskey, Papa, Bravo, Romeo and Juliett, sending you 2
2024-10-14 22:31:29.403468 Bravo: Zulu, Hotel, Delta, Papa, Romeo and Juliett, sending you 2
2024-10-14 22:31:29.405529 Whiskey: Delta and Juliett, sending you 3
2024-10-14 22:31:29.406742 Quebec: Zulu, Whiskey and Bravo, sending you 3
2024-10-14 22:31:29.408675 Zulu: Whiskey, sending you 6
2024-10-14 22:31:29.409528 Hotel: Zulu, Whiskey and Papa, sending you 1
2024-10-14 22:31:29.410343 Papa: Bravo and Romeo, sending you 3
2024-10-14 22:31:29.412277 Charlie: Zulu, Delta, Papa, Bravo and Juliett, sending you 1
2024-10-14 22:31:29.413241 Bravo: Whiskey and Quebec, sending you 3
2024-10-14 22:31:29.414085 Whiskey: Papa and Bravo, sending you 2
2024-10-14 22:31:29.416429 Zulu: Papa, sending you 2
2024-10-14 22:31:29.417529 Quebec: Delta, Papa and Juliett, sending you 2
2024-10-14 22:31:29.419495 Hotel: Delta, Bravo and Juliett, sending you 2
2024-10-14 22:31:29.420692 Juliett: Zulu, Whiskey and Papa, sending you 3
2024-10-14 22:31:29.422819 Romeo: Zulu and Whiskey, sending you 1
2024-10-14 22:31:29.424738 Hotel: Romeo, sending you 5
2024-10-14 22:31:29.427689 Juliett: Hotel and Delta, sending you 2
2024-10-14 22:31:29.429852 Romeo: Hotel, sending you 5
2024-10-14 22:31:29.432716 Juliett: Bravo and Romeo, sending you 1
2024-10-14 22:31:29.434440 Romeo: Delta, Bravo and Juliett, sending you 2
2024-10-14 22:31:29.440701 Romeo: Papa, sending you 3
chatterbot Charlie submitting transactions
chatterbot Quebec submitting transactions
chatterbot Whiskey submitting transactions
chatterbot Zulu submitting transactions
chatterbot Hotel submitting transactions
chatterbot Juliett submitting transactions
chatterbot Romeo submitting transactions
ChatterBot Zulu round 4
ChatterBot Hotel round 4
ChatterBot Delta round 4
ChatterBot Whiskey round 4
ChatterBot Papa round 4
ChatterBot Bravo round 4
ChatterBot Charlie round 4
ChatterBot Romeo round 4
ChatterBot Juliett round 4
ChatterBot Quebec round 4
2024-10-14 22:31:30.307669 Delta: Zulu and Whiskey, sending you 3
2024-10-14 22:31:30.311664 Delta: Hotel, Papa, Bravo, Romeo and Juliett, sending you 2
2024-10-14 22:31:30.312665 Zulu: Hotel and Romeo, sending you 1
2024-10-14 22:31:30.315662 Zulu: Delta, Bravo and Juliett, sending you 3
2024-10-14 22:31:30.318683 Zulu: Whiskey, sending you 6
2024-10-14 22:31:30.320685 Juliett: Zulu, sending you 4
2024-10-14 22:31:30.322686 Bravo: Zulu, Hotel, Delta, Romeo, Juliett and Quebec, sending you 2
2024-10-14 22:31:30.323131 Zulu: Papa, sending you 2
2024-10-14 22:31:30.323653 Papa: Zulu, Delta, Whiskey and Juliett, sending you 2
2024-10-14 22:31:30.325692 Juliett: Hotel, Delta and Papa, sending you 2
2024-10-14 22:31:30.326453 Romeo: Zulu and Whiskey, sending you 1
2024-10-14 22:31:30.327587 Whiskey: Zulu, sending you 5
2024-10-14 22:31:30.328301 Hotel: Zulu, Whiskey and Papa, sending you 1
2024-10-14 22:31:30.328980 Quebec: Zulu and Whiskey, sending you 3
2024-10-14 22:31:30.329413 Bravo: Whiskey and Papa, sending you 3
2024-10-14 22:31:30.329899 Papa: Hotel, sending you 1
2024-10-14 22:31:30.330583 Charlie: Zulu, Delta, Papa, Bravo and Juliett, sending you 1
2024-10-14 22:31:30.331195 Romeo: Hotel, sending you 5
2024-10-14 22:31:30.331882 Juliett: Whiskey, sending you 3
2024-10-14 22:31:30.332569 Hotel: Delta, Bravo and Juliett, sending you 2
2024-10-14 22:31:30.333307 Whiskey: Hotel and Romeo, sending you 1
2024-10-14 22:31:30.334026 Quebec: Delta and Juliett, sending you 2
2024-10-14 22:31:30.334470 Papa: Bravo and Romeo, sending you 3
2024-10-14 22:31:30.335198 Juliett: Bravo and Romeo, sending you 1
2024-10-14 22:31:30.336665 Romeo: Delta, Bravo and Juliett, sending you 2
2024-10-14 22:31:30.337586 Whiskey: Delta, Papa and Bravo, sending you 2
2024-10-14 22:31:30.338156 Hotel: Romeo, sending you 5
2024-10-14 22:31:30.338770 Quebec: Papa, sending you 1
2024-10-14 22:31:30.339653 Romeo: Papa, sending you 3
2024-10-14 22:31:30.342665 Whiskey: Juliett, sending you 3
2024-10-14 22:31:30.343248 Quebec: Bravo, sending you 4
chatterbot Whiskey submitting transactions
chatterbot Charlie submitting transactions
chatterbot Bravo submitting transactions
chatterbot Papa submitting transactions
chatterbot Delta submitting transactions
chatterbot Zulu submitting transactions
chatterbot Juliett submitting transactions
chatterbot Romeo submitting transactions
chatterbot Hotel submitting transactions
chatterbot Quebec submitting transactions
ChatterBot Zulu round 5
ChatterBot Hotel round 5
ChatterBot Delta round 5
ChatterBot Whiskey round 5
ChatterBot Papa round 5
ChatterBot Bravo round 5
ChatterBot Charlie round 5
ChatterBot Romeo round 5
ChatterBot Juliett round 5
ChatterBot Quebec round 5
2024-10-14 22:31:31.512857 Bravo: We should drop Quebec
2024-10-14 22:31:31.535104 Papa: Yes
2024-10-14 22:31:31.535273 Zulu: Yes
2024-10-14 22:31:31.535401 Delta: Yes
2024-10-14 22:31:31.535526 Whiskey: Yes
2024-10-14 22:31:31.535655 Juliett: Yes
2024-10-14 22:31:31.535784 Hotel: Yes
2024-10-14 22:31:31.535905 Romeo: Yes
ChatterBot Bravo reevaluating
ChatterBot Bravo reevaluating
ChatterBot Bravo reevaluating
ChatterBot Bravo reevaluating
ChatterBot Bravo reevaluating
ChatterBot Bravo reevaluating
ChatterBot Bravo reevaluating
2024-10-14 22:31:31.671696 Delta: Zulu and Whiskey, sending you 3
2024-10-14 22:31:31.672687 Zulu: Hotel and Romeo, sending you 1
2024-10-14 22:31:31.673788 Whiskey: Zulu, sending you 5
2024-10-14 22:31:31.675677 Delta: Hotel, Papa, Bravo, Romeo and Juliett, sending you 2
2024-10-14 22:31:31.678676 Zulu: Delta, sending you 3
2024-10-14 22:31:31.679316 Hotel: Zulu, Whiskey and Papa, sending you 1
2024-10-14 22:31:31.679922 Whiskey: Hotel and Romeo, sending you 1
2024-10-14 22:31:31.682091 Zulu: Whiskey, sending you 6
2024-10-14 22:31:31.683291 Hotel: Delta, Bravo and Juliett, sending you 2
2024-10-14 22:31:31.684430 Whiskey: Delta, Papa and Bravo, sending you 2
2024-10-14 22:31:31.685179 Quebec: Zulu, Delta, Whiskey, Papa and Juliett, sending you 2
2024-10-14 22:31:31.686656 Zulu: Papa and Bravo, sending you 2
2024-10-14 22:31:31.687670 Papa: Zulu, Delta, Whiskey and Juliett, sending you 2
2024-10-14 22:31:31.688828 Hotel: Romeo, sending you 5
2024-10-14 22:31:31.689491 Whiskey: Juliett, sending you 3
2024-10-14 22:31:31.690095 Quebec: Bravo, sending you 5
2024-10-14 22:31:31.690486 Juliett: Zulu and Whiskey, sending you 3
2024-10-14 22:31:31.691178 Bravo: Zulu, Hotel, Delta, Whiskey, Romeo and Juliett, sending you 2
2024-10-14 22:31:31.691701 Charlie: Zulu, Delta, Papa, Bravo and Juliett, sending you 1
2024-10-14 22:31:31.692247 Romeo: Zulu and Whiskey, sending you 1
2024-10-14 22:31:31.693666 Zulu: Juliett, sending you 4
2024-10-14 22:31:31.694596 Papa: Hotel, sending you 1
2024-10-14 22:31:31.695255 Juliett: Hotel, Delta, Papa and Bravo, sending you 2
2024-10-14 22:31:31.695905 Bravo: Papa and Quebec, sending you 3
2024-10-14 22:31:31.697830 Romeo: Hotel, sending you 5
2024-10-14 22:31:31.698816 Papa: Bravo and Romeo, sending you 3
2024-10-14 22:31:31.699686 Juliett: Romeo, sending you 1
2024-10-14 22:31:31.702919 Romeo: Delta, Bravo and Juliett, sending you 2
2024-10-14 22:31:31.706690 Romeo: Papa, sending you 3
chatterbot Hotel submitting transactions
chatterbot Quebec submitting transactions
chatterbot Romeo submitting transactions
chatterbot Charlie submitting transactions
chatterbot Whiskey submitting transactions
chatterbot Bravo submitting transactions
chatterbot Juliett submitting transactions
chatterbot Delta submitting transactions
chatterbot Papa submitting transactions
chatterbot Zulu submitting transactions
ChatterBot Zulu round 6
ChatterBot Hotel round 6
ChatterBot Delta round 6
ChatterBot Whiskey round 6
ChatterBot Papa round 6
ChatterBot Bravo round 6
ChatterBot Charlie round 6
ChatterBot Romeo round 6
ChatterBot Juliett round 6
ChatterBot Quebec round 6
2024-10-14 22:31:32.735688 Bravo: We should drop Quebec
2024-10-14 22:31:32.778404 Papa: Yes
2024-10-14 22:31:32.778716 Zulu: Yes
2024-10-14 22:31:32.779059 Delta: Yes
2024-10-14 22:31:32.779327 Whiskey: Yes
2024-10-14 22:31:32.780219 Juliett: Yes
2024-10-14 22:31:32.780495 Hotel: Yes
2024-10-14 22:31:32.780946 Romeo: Yes
ChatterBot Bravo reevaluating
ChatterBot Bravo reevaluating
ChatterBot Bravo reevaluating
ChatterBot Bravo reevaluating
ChatterBot Bravo reevaluating
2024-10-14 22:31:32.977816 Zulu: Hotel and Romeo, sending you 1
2024-10-14 22:31:32.979492 Hotel: Zulu, Whiskey and Papa, sending you 1
2024-10-14 22:31:32.983665 Zulu: Delta, sending you 3
2024-10-14 22:31:32.985682 Hotel: Delta, Bravo and Juliett, sending you 2
2024-10-14 22:31:32.987507 Juliett: Zulu and Whiskey, sending you 3
2024-10-14 22:31:32.988605 Romeo: Zulu and Whiskey, sending you 1
2024-10-14 22:31:32.990264 Zulu: Whiskey, sending you 6
2024-10-14 22:31:32.991384 Whiskey: Zulu, sending you 4
2024-10-14 22:31:32.993208 Hotel: Romeo, sending you 5
2024-10-14 22:31:32.994847 Juliett: Hotel, Delta, Papa and Bravo, sending you 2
2024-10-14 22:31:32.995922 Romeo: Hotel, sending you 5
2024-10-14 22:31:32.997649 Zulu: Papa and Bravo, sending you 2
2024-10-14 22:31:32.999108 Whiskey: Hotel and Romeo, sending you 1
2024-10-14 22:31:33.000296 Papa: Zulu, Delta, Whiskey and Juliett, sending you 2
2024-10-14 22:31:33.001704 Quebec: Zulu, Delta, Whiskey, Papa and Juliett, sending you 2
2024-10-14 22:31:33.002368 Delta: Zulu and Whiskey, sending you 3
2024-10-14 22:31:33.003778 Charlie: Zulu, Delta, Papa, Bravo and Juliett, sending you 1
2024-10-14 22:31:33.004445 Juliett: Romeo, sending you 1
2024-10-14 22:31:33.005216 Romeo: Delta, Bravo and Juliett, sending you 2
2024-10-14 22:31:33.006722 Zulu: Juliett, sending you 4
2024-10-14 22:31:33.007526 Whiskey: Delta and Juliett, sending you 3
2024-10-14 22:31:33.008532 Papa: Hotel, sending you 1
2024-10-14 22:31:33.011427 Quebec: Bravo, sending you 5
2024-10-14 22:31:33.013647 Delta: Hotel, Papa, Bravo, Romeo and Juliett, sending you 2
2024-10-14 22:31:33.016336 Bravo: Zulu, Hotel, Delta, Whiskey, Papa and Romeo, sending you 3
2024-10-14 22:31:33.018632 Romeo: Papa, sending you 3
2024-10-14 22:31:33.020422 Whiskey: Papa and Bravo, sending you 2
2024-10-14 22:31:33.022194 Papa: Bravo and Romeo, sending you 3
chatterbot Charlie submitting transactions
chatterbot Hotel submitting transactions
chatterbot Whiskey submitting transactions
chatterbot Zulu submitting transactions
chatterbot Papa submitting transactions
chatterbot Romeo submitting transactions
chatterbot Delta submitting transactions
chatterbot Quebec submitting transactions
chatterbot Juliett submitting transactions
chatterbot Bravo submitting transactions
ChatterBot Zulu round 7
ChatterBot Hotel round 7
ChatterBot Delta round 7
ChatterBot Whiskey round 7
ChatterBot Papa round 7
ChatterBot Bravo round 7
ChatterBot Charlie round 7
ChatterBot Romeo round 7
ChatterBot Juliett round 7
ChatterBot Quebec round 7
2024-10-14 22:31:33.864668 Whiskey: Zulu, sending you 5
2024-10-14 22:31:33.868662 Romeo: Zulu and Whiskey, sending you 1
2024-10-14 22:31:33.870337 Whiskey: Hotel and Romeo, sending you 1
2024-10-14 22:31:33.871161 Hotel: Zulu, Whiskey and Papa, sending you 1
2024-10-14 22:31:33.872092 Charlie: Zulu, Delta, Papa, Bravo and Juliett, sending you 1
2024-10-14 22:31:33.873061 Romeo: Hotel, sending you 5
2024-10-14 22:31:33.874107 Whiskey: Delta, Papa and Bravo, sending you 2
2024-10-14 22:31:33.875668 Hotel: Delta and Bravo, sending you 2
2024-10-14 22:31:33.876992 Quebec: Zulu, Delta, Whiskey, Papa and Juliett, sending you 2
2024-10-14 22:31:33.877464 Juliett: Zulu and Whiskey, sending you 3
2024-10-14 22:31:33.878264 Delta: Zulu and Whiskey, sending you 3
2024-10-14 22:31:33.879084 Romeo: Delta, Bravo and Juliett, sending you 2
2024-10-14 22:31:33.880357 Zulu: Hotel and Romeo, sending you 1
2024-10-14 22:31:33.881184 Whiskey: Juliett, sending you 3
2024-10-14 22:31:33.882032 Bravo: Zulu, Hotel, Delta, Whiskey, Papa and Juliett, sending you 3
2024-10-14 22:31:33.883233 Papa: Zulu, Delta, Whiskey and Juliett, sending you 2
2024-10-14 22:31:33.884093 Quebec: Bravo, sending you 5
2024-10-14 22:31:33.884513 Hotel: Romeo, sending you 5
2024-10-14 22:31:33.885747 Juliett: Hotel, Delta, Papa and Romeo, sending you 2
2024-10-14 22:31:33.886567 Delta: Hotel, Papa, Bravo, Romeo and Juliett, sending you 2
2024-10-14 22:31:33.887408 Romeo: Papa, sending you 3
2024-10-14 22:31:33.888573 Zulu: Delta and Bravo, sending you 3
2024-10-14 22:31:33.889416 Papa: Hotel, sending you 1
2024-10-14 22:31:33.890294 Juliett: Bravo, sending you 1
2024-10-14 22:31:33.891592 Hotel: Juliett, sending you 3
2024-10-14 22:31:33.892685 Zulu: Whiskey, sending you 5
2024-10-14 22:31:33.893706 Papa: Bravo and Romeo, sending you 3
2024-10-14 22:31:33.897656 Zulu: Papa, sending you 2
2024-10-14 22:31:33.901667 Zulu: Juliett, sending you 4
chatterbot Delta submitting transactions
chatterbot Zulu submitting transactions
chatterbot Whiskey submitting transactions
chatterbot Bravo submitting transactions
chatterbot Quebec submitting transactions
chatterbot Juliett submitting transactions
chatterbot Romeo submitting transactions
chatterbot Papa submitting transactions
chatterbot Charlie submitting transactions
chatterbot Hotel submitting transactions
ChatterBot Zulu round 8
ChatterBot Hotel round 8
ChatterBot Delta round 8
ChatterBot Whiskey round 8
ChatterBot Papa round 8
ChatterBot Bravo round 8
ChatterBot Charlie round 8
ChatterBot Romeo round 8
ChatterBot Juliett round 8
ChatterBot Quebec round 8
2024-10-14 22:31:35.141678 Hotel: Zulu, Whiskey and Papa, sending you 1
2024-10-14 22:31:35.147684 Hotel: Delta and Juliett, sending you 2
2024-10-14 22:31:35.148857 Delta: Zulu and Whiskey, sending you 3
2024-10-14 22:31:35.151539 Papa: Zulu, Delta, Whiskey and Juliett, sending you 2
2024-10-14 22:31:35.153667 Hotel: Bravo, sending you 3
2024-10-14 22:31:35.156593 Delta: Hotel, Papa, Bravo, Romeo and Juliett, sending you 2
2024-10-14 22:31:35.158798 Papa: Hotel, sending you 1
2024-10-14 22:31:35.161405 Bravo: Zulu, Hotel, Delta, Whiskey, Papa and Romeo, sending you 3
2024-10-14 22:31:35.163503 Charlie: Zulu, Delta, Papa, Bravo and Juliett, sending you 1
2024-10-14 22:31:35.164667 Hotel: Romeo, sending you 5
2024-10-14 22:31:35.167789 Whiskey: Zulu, sending you 4
2024-10-14 22:31:35.169714 Zulu: Hotel and Romeo, sending you 1
2024-10-14 22:31:35.172493 Romeo: Zulu and Whiskey, sending you 1
2024-10-14 22:31:35.175243 Papa: Bravo and Romeo, sending you 3
2024-10-14 22:31:35.176677 Quebec: Zulu, Delta, Whiskey, Papa and Juliett, sending you 2
2024-10-14 22:31:35.177336 Whiskey: Hotel and Romeo, sending you 1
2024-10-14 22:31:35.179162 Zulu: Delta, Bravo and Juliett, sending you 3
2024-10-14 22:31:35.180515 Juliett: Zulu and Whiskey, sending you 3
2024-10-14 22:31:35.182464 Romeo: Hotel, sending you 5
2024-10-14 22:31:35.185180 Quebec: Bravo, sending you 5
2024-10-14 22:31:35.186202 Whiskey: Delta and Juliett, sending you 3
2024-10-14 22:31:35.188719 Zulu: Whiskey, sending you 6
2024-10-14 22:31:35.190484 Juliett: Hotel, Delta, Papa and Bravo, sending you 2
2024-10-14 22:31:35.193130 Romeo: Delta, Bravo and Juliett, sending you 2
2024-10-14 22:31:35.194697 Whiskey: Papa and Bravo, sending you 2
2024-10-14 22:31:35.197234 Zulu: Papa, sending you 2
2024-10-14 22:31:35.199910 Juliett: Romeo, sending you 1
2024-10-14 22:31:35.201435 Romeo: Papa, sending you 3
chatterbot Quebec submitting transactions
chatterbot Whiskey submitting transactions
chatterbot Hotel submitting transactions
chatterbot Delta submitting transactions
chatterbot Bravo submitting transactions
chatterbot Charlie submitting transactions
chatterbot Zulu submitting transactions
chatterbot Papa submitting transactions
chatterbot Juliett submitting transactions
chatterbot Romeo submitting transactions
ChatterBot Zulu round 9
ChatterBot Hotel round 9
ChatterBot Delta round 9
ChatterBot Whiskey round 9
ChatterBot Papa round 9
ChatterBot Bravo round 9
ChatterBot Charlie round 9
ChatterBot Romeo round 9
ChatterBot Juliett round 9
ChatterBot Quebec round 9
2024-10-14 22:31:36.386489 Whiskey: We should drop Hotel and Romeo
2024-10-14 22:31:36.403030 Zulu: No
2024-10-14 22:31:36.403202 Delta: No
2024-10-14 22:31:36.404009 Papa: No
2024-10-14 22:31:36.404111 Bravo: No
2024-10-14 22:31:36.404210 Juliett: No
ChatterBot Whiskey reevaluating
ChatterBot Whiskey reevaluating
ChatterBot Whiskey reevaluating
ChatterBot Whiskey reevaluating
2024-10-14 22:31:36.494678 Delta: Zulu and Whiskey, sending you 3
2024-10-14 22:31:36.496985 Papa: Zulu, Delta, Whiskey and Juliett, sending you 2
2024-10-14 22:31:36.498960 Hotel: Zulu, Whiskey and Papa, sending you 1
2024-10-14 22:31:36.500123 Zulu: Hotel and Romeo, sending you 1
2024-10-14 22:31:36.501313 Bravo: Zulu, Hotel, Delta, Whiskey, Papa and Juliett, sending you 3
2024-10-14 22:31:36.503251 Delta: Hotel, Papa, Bravo, Romeo and Juliett, sending you 2
2024-10-14 22:31:36.504545 Papa: Hotel, sending you 1
2024-10-14 22:31:36.507005 Hotel: Delta and Juliett, sending you 2
2024-10-14 22:31:36.509898 Zulu: Delta, Bravo and Juliett, sending you 3
2024-10-14 22:31:36.512283 Charlie: Zulu, Delta, Papa, Bravo and Juliett, sending you 1
2024-10-14 22:31:36.516649 Quebec: Zulu, Delta, Whiskey, Papa and Juliett, sending you 2
2024-10-14 22:31:36.518879 Papa: Bravo and Romeo, sending you 3
2024-10-14 22:31:36.522646 Hotel: Bravo, sending you 3
2024-10-14 22:31:36.527740 Romeo: Zulu and Whiskey, sending you 1
2024-10-14 22:31:36.530415 Zulu: Whiskey, sending you 6
2024-10-14 22:31:36.532487 Quebec: Bravo, sending you 5
2024-10-14 22:31:36.533333 Juliett: Zulu and Whiskey, sending you 3
2024-10-14 22:31:36.539303 Hotel: Romeo, sending you 5
2024-10-14 22:31:36.540626 Whiskey: Zulu, sending you 4
2024-10-14 22:31:36.542843 Romeo: Hotel, sending you 5
2024-10-14 22:31:36.545099 Zulu: Papa, sending you 2
2024-10-14 22:31:36.549886 Juliett: Hotel, Delta, Papa and Romeo, sending you 2
2024-10-14 22:31:36.552343 Whiskey: Hotel and Romeo, sending you 1
2024-10-14 22:31:36.554474 Romeo: Delta, Bravo and Juliett, sending you 2
2024-10-14 22:31:36.560273 Juliett: Bravo, sending you 1
2024-10-14 22:31:36.562452 Whiskey: Delta and Juliett, sending you 3
2024-10-14 22:31:36.564673 Romeo: Papa, sending you 3
2024-10-14 22:31:36.567675 Whiskey: Papa and Bravo, sending you 2
chatterbot Bravo submitting transactions
chatterbot Hotel submitting transactions
chatterbot Papa submitting transactions
chatterbot Zulu submitting transactions
chatterbot Quebec submitting transactions
chatterbot Romeo submitting transactions
chatterbot Charlie submitting transactions
chatterbot Delta submitting transactions
chatterbot Juliett submitting transactions
chatterbot Whiskey submitting transactions
ChatterBot Zulu round 10
ChatterBot Hotel round 10
ChatterBot Delta round 10
ChatterBot Whiskey round 10
ChatterBot Papa round 10
ChatterBot Bravo round 10
ChatterBot Charlie round 10
ChatterBot Romeo round 10
ChatterBot Juliett round 10
ChatterBot Quebec round 10
2024-10-14 22:31:37.456677 Zulu: Hotel and Romeo, sending you 1
2024-10-14 22:31:37.459678 Quebec: Zulu, Delta, Whiskey, Papa and Juliett, sending you 2
2024-10-14 22:31:37.460663 Bravo: Zulu, Hotel, Delta, Whiskey, Papa and Romeo, sending you 3
2024-10-14 22:31:37.462652 Zulu: Delta, Bravo and Juliett, sending you 3
2024-10-14 22:31:37.463773 Whiskey: Zulu, sending you 4
2024-10-14 22:31:37.464916 Quebec: Bravo, sending you 5
2024-10-14 22:31:37.466680 Zulu: Whiskey, sending you 6
2024-10-14 22:31:37.468039 Delta: Zulu and Whiskey, sending you 3
2024-10-14 22:31:37.469317 Whiskey: Hotel and Romeo, sending you 1
2024-10-14 22:31:37.470678 Romeo: Zulu, sending you 1
2024-10-14 22:31:37.471785 Papa: Zulu, Delta, Whiskey and Juliett, sending you 2
2024-10-14 22:31:37.472954 Hotel: Zulu, Whiskey and Papa, sending you 1
2024-10-14 22:31:37.474103 Juliett: Zulu and Whiskey, sending you 3
2024-10-14 22:31:37.475672 Zulu: Papa, sending you 2
2024-10-14 22:31:37.476770 Delta: Hotel, Papa, Bravo, Romeo and Juliett, sending you 2
2024-10-14 22:31:37.477974 Whiskey: Delta and Juliett, sending you 3
2024-10-14 22:31:37.479727 Romeo: Hotel, sending you 4
2024-10-14 22:31:37.480857 Papa: Hotel, sending you 1
2024-10-14 22:31:37.481980 Charlie: Zulu, Delta, Papa, Bravo and Juliett, sending you 1
2024-10-14 22:31:37.483235 Hotel: Delta and Juliett, sending you 2
2024-10-14 22:31:37.484562 Juliett: Hotel, Delta, Papa and Romeo, sending you 2
2024-10-14 22:31:37.485889 Whiskey: Papa and Bravo, sending you 2
2024-10-14 22:31:37.487600 Romeo: Delta, Whiskey, Bravo and Juliett, sending you 2
2024-10-14 22:31:37.488801 Papa: Bravo and Romeo, sending you 3
2024-10-14 22:31:37.490087 Hotel: Bravo, sending you 3
2024-10-14 22:31:37.491450 Juliett: Bravo, sending you 1
2024-10-14 22:31:37.493655 Romeo: Papa, sending you 3
2024-10-14 22:31:37.495159 Hotel: Romeo, sending you 5
