ChatterBot November round 1
ChatterBot Lima round 1
ChatterBot Bravo round 1
randomSelections November: {November, Lima, Quebec, Bravo, India, Echo} 
2024-10-14 22:31:21.246755 November: Can we be friends?
ChatterBot Lima reevaluating
ChatterBot Bravo reevaluating
2024-10-14 22:31:21.263852 Lima: Yes
2024-10-14 22:31:21.264059 Bravo: Yes
ChatterBot Bravo reevaluating
ChatterBot Lima reevaluating
ChatterBot Golf round 1
ChatterBot Tango round 1
ChatterBot India round 1
ChatterBot India reevaluating
ChatterBot India reevaluating
ChatterBot India reevaluating
2024-10-14 22:31:21.389488 India: Yes
ChatterBot Lima reevaluating
ChatterBot Bravo reevaluating
ChatterBot Quebec round 1
ChatterBot Quebec reevaluating
ChatterBot Quebec reevaluating
ChatterBot Quebec reevaluating
ChatterBot Quebec reevaluating
2024-10-14 22:31:21.414516 Quebec: Yes
ChatterBot Lima reevaluating
ChatterBot Bravo reevaluating
ChatterBot India reevaluating
ChatterBot Echo round 1
ChatterBot Echo reevaluating
ChatterBot Echo reevaluating
ChatterBot Echo reevaluating
ChatterBot Echo reevaluating
ChatterBot Echo reevaluating
2024-10-14 22:31:21.432802 Echo: Yes
ChatterBot Lima reevaluating
ChatterBot Quebec reevaluating
ChatterBot Bravo reevaluating
ChatterBot India reevaluating
ChatterBot Whiskey round 1
ChatterBot Papa round 1
randomSelections Golf: {Golf, Bravo, November, Tango, Lima, Quebec} 
2024-10-14 22:31:21.448811 Golf: Can we be friends?
ChatterBot Bravo reevaluating
ChatterBot Tango reevaluating
ChatterBot Lima reevaluating
ChatterBot Quebec reevaluating
2024-10-14 22:31:21.456917 Bravo: No
2024-10-14 22:31:21.457145 November: No
2024-10-14 22:31:21.458054 Tango: Yes
2024-10-14 22:31:21.458184 Lima: No
2024-10-14 22:31:21.458456 Quebec: No
ChatterBot Tango reevaluating
ChatterBot Lima reevaluating
ChatterBot Quebec reevaluating
ChatterBot Bravo reevaluating
ChatterBot Tango reevaluating
ChatterBot Lima reevaluating
ChatterBot Quebec reevaluating
ChatterBot Bravo reevaluating
ChatterBot Lima reevaluating
ChatterBot Quebec reevaluating
ChatterBot Bravo reevaluating
ChatterBot Tango reevaluating
ChatterBot Quebec reevaluating
ChatterBot Bravo reevaluating
ChatterBot Tango reevaluating
ChatterBot Lima reevaluating
randomSelections Papa: {Papa, Tango, Lima, India} 
2024-10-14 22:31:21.507380 Papa: Can we be friends?
ChatterBot Tango reevaluating
ChatterBot Lima reevaluating
2024-10-14 22:31:21.512023 Tango: No
2024-10-14 22:31:21.512251 Lima: No
2024-10-14 22:31:21.512503 India: No
ChatterBot Lima reevaluating
ChatterBot Tango reevaluating
ChatterBot Tango reevaluating
ChatterBot Lima reevaluating
randomSelections Whiskey: {Whiskey, Golf, Echo, Tango, Bravo, Papa} 
2024-10-14 22:31:21.537880 Whiskey: Can we be friends?
ChatterBot Echo reevaluating
ChatterBot Tango reevaluating
2024-10-14 22:31:21.546414 Golf: No
2024-10-14 22:31:21.547058 Echo: No
2024-10-14 22:31:21.547371 Tango: No
2024-10-14 22:31:21.547648 Bravo: No
2024-10-14 22:31:21.547847 Papa: No
ChatterBot Echo reevaluating
ChatterBot Tango reevaluating
ChatterBot Tango reevaluating
ChatterBot Echo reevaluating
ChatterBot Echo reevaluating
ChatterBot Tango reevaluating
ChatterBot Echo reevaluating
ChatterBot Tango reevaluating
2024-10-14 22:31:21.587936 November: Lima, India and Quebec, sending you 3
2024-10-14 22:31:21.592726 November: Bravo, sending you 2
2024-10-14 22:31:21.595406 Papa: Lima and India, sending you 5
2024-10-14 22:31:21.599524 November: Echo, sending you 4
2024-10-14 22:31:21.600446 Papa: Tango, sending you 7
2024-10-14 22:31:21.601887 Tango: November, sending you 4
2024-10-14 22:31:21.603480 India: Lima, Quebec and Echo, sending you 1
2024-10-14 22:31:21.610492 Golf: November and Tango, sending you 4
2024-10-14 22:31:21.611032 Tango: Lima, sending you 1
2024-10-14 22:31:21.612142 Echo: November and Lima, sending you 4
2024-10-14 22:31:21.612657 Bravo: November and Quebec, sending you 1
2024-10-14 22:31:21.613132 Quebec: November and India, sending you 1
2024-10-14 22:31:21.614241 Whiskey: Bravo, sending you 2
2024-10-14 22:31:21.614826 Lima: November, sending you 1
2024-10-14 22:31:21.616062 Tango: Bravo, sending you 2
2024-10-14 22:31:21.616532 Golf: Lima, sending you 1
2024-10-14 22:31:21.617074 Echo: Bravo and India, sending you 3
2024-10-14 22:31:21.618539 Bravo: Lima, India and Echo, sending you 3
2024-10-14 22:31:21.619099 Quebec: Bravo and Echo, sending you 2
2024-10-14 22:31:21.620524 Whiskey: Golf, Echo and Papa, sending you 1
2024-10-14 22:31:21.621116 Lima: Bravo, sending you 3
2024-10-14 22:31:21.621638 Tango: Golf, sending you 3
2024-10-14 22:31:21.622903 Golf: Bravo, sending you 6
2024-10-14 22:31:21.623441 Echo: Quebec, sending you 2
2024-10-14 22:31:21.626859 Lima: India, sending you 2
2024-10-14 22:31:21.628964 Tango: Quebec, sending you 5
2024-10-14 22:31:21.629486 Golf: Quebec, sending you 3
2024-10-14 22:31:21.630858 Lima: Quebec, sending you 4
2024-10-14 22:31:21.633694 Lima: Echo, sending you 6
chatterbot Quebec submitting transactions
chatterbot Whiskey submitting transactions
chatterbot Papa submitting transactions
chatterbot November submitting transactions
chatterbot Lima submitting transactions
chatterbot Bravo submitting transactions
chatterbot Golf submitting transactions
chatterbot Tango submitting transactions
chatterbot India submitting transactions
chatterbot Echo submitting transactions
ChatterBot November round 2
ChatterBot Lima round 2
ChatterBot Bravo round 2
ChatterBot Golf round 2
ChatterBot Tango round 2
2024-10-14 22:31:22.881570 November: Can we be friends?
ChatterBot Lima reevaluating
ChatterBot Bravo reevaluating
ChatterBot Quebec reevaluating
ChatterBot Echo reevaluating
ChatterBot Golf reevaluating
ChatterBot Tango reevaluating
ChatterBot Papa reevaluating
2024-10-14 22:31:22.946674 Lima: Yes
2024-10-14 22:31:22.946876 Bravo: No
2024-10-14 22:31:22.947014 Quebec: No
2024-10-14 22:31:22.947129 Echo: No
2024-10-14 22:31:22.947734 Golf: No
2024-10-14 22:31:22.947852 Tango: Yes
2024-10-14 22:31:22.947972 Papa: No
ChatterBot Bravo reevaluating
ChatterBot Quebec reevaluating
ChatterBot Echo reevaluating
ChatterBot Golf reevaluating
ChatterBot Tango reevaluating
ChatterBot Papa reevaluating
ChatterBot Lima reevaluating
ChatterBot Quebec reevaluating
ChatterBot Echo reevaluating
ChatterBot Golf reevaluating
ChatterBot Tango reevaluating
ChatterBot Papa reevaluating
ChatterBot Lima reevaluating
ChatterBot Bravo reevaluating
ChatterBot Echo reevaluating
ChatterBot Golf reevaluating
ChatterBot Tango reevaluating
ChatterBot Papa reevaluating
ChatterBot Lima reevaluating
ChatterBot Bravo reevaluating
ChatterBot Quebec reevaluating
ChatterBot Golf reevaluating
ChatterBot Tango reevaluating
ChatterBot Papa reevaluating
ChatterBot Lima reevaluating
ChatterBot Bravo reevaluating
ChatterBot Quebec reevaluating
ChatterBot Echo reevaluating
ChatterBot Tango reevaluating
ChatterBot Papa reevaluating
ChatterBot Lima reevaluating
ChatterBot Bravo reevaluating
ChatterBot Quebec reevaluating
ChatterBot Echo reevaluating
ChatterBot Golf reevaluating
ChatterBot Papa reevaluating
ChatterBot Lima reevaluating
ChatterBot Bravo reevaluating
ChatterBot Quebec reevaluating
ChatterBot Echo reevaluating
ChatterBot Golf reevaluating
ChatterBot Tango reevaluating
2024-10-14 22:31:23.349453 Golf: We should add Papa and Echo
2024-10-14 22:31:23.349869 Tango: We should add Papa and Echo
ChatterBot Bravo reevaluating
ChatterBot Tango reevaluating
ChatterBot Lima reevaluating
ChatterBot Quebec reevaluating
ChatterBot Golf reevaluating
2024-10-14 22:31:23.491639 Bravo: No
ChatterBot Bravo reevaluating
2024-10-14 22:31:23.496356 November: Yes
2024-10-14 22:31:23.501164 Tango: Yes
2024-10-14 22:31:23.501379 Lima: Yes
ChatterBot Lima reevaluating
2024-10-14 22:31:23.506493 Quebec: No
ChatterBot Quebec reevaluating
2024-10-14 22:31:23.519205 Golf: Yes
2024-10-14 22:31:23.520143 Bravo: No
2024-10-14 22:31:23.520351 November: Yes
2024-10-14 22:31:23.520535 Lima: Yes
2024-10-14 22:31:23.520748 Quebec: No
ChatterBot Golf reevaluating
ChatterBot Tango reevaluating
ChatterBot Lima reevaluating
ChatterBot Quebec reevaluating
ChatterBot Golf reevaluating
ChatterBot Bravo reevaluating
ChatterBot Tango reevaluating
ChatterBot Lima reevaluating
ChatterBot Quebec reevaluating
ChatterBot Golf reevaluating
ChatterBot Bravo reevaluating
ChatterBot Lima reevaluating
ChatterBot Quebec reevaluating
ChatterBot Golf reevaluating
ChatterBot Bravo reevaluating
ChatterBot Tango reevaluating
ChatterBot Quebec reevaluating
ChatterBot Golf reevaluating
ChatterBot Bravo reevaluating
ChatterBot Tango reevaluating
ChatterBot Lima reevaluating
ChatterBot Bravo reevaluating
ChatterBot Tango reevaluating
ChatterBot Lima reevaluating
ChatterBot Quebec reevaluating
ChatterBot Golf reevaluating
ChatterBot Tango reevaluating
ChatterBot Lima reevaluating
ChatterBot Quebec reevaluating
ChatterBot Golf reevaluating
ChatterBot Bravo reevaluating
ChatterBot Tango reevaluating
ChatterBot Lima reevaluating
ChatterBot Quebec reevaluating
ChatterBot Golf reevaluating
ChatterBot Bravo reevaluating
ChatterBot Tango reevaluating
ChatterBot Quebec reevaluating
ChatterBot Golf reevaluating
ChatterBot Bravo reevaluating
ChatterBot Tango reevaluating
ChatterBot Lima reevaluating
ChatterBot India round 2
ChatterBot Quebec round 2
ChatterBot Echo round 2
ChatterBot Whiskey round 2
ChatterBot Papa round 2
2024-10-14 22:31:23.841687 Bravo: We should replace India with Golf
ChatterBot Lima reevaluating
ChatterBot Quebec reevaluating
ChatterBot Echo reevaluating
2024-10-14 22:31:23.859445 November: Yes
2024-10-14 22:31:23.859657 Lima: Yes
2024-10-14 22:31:23.859777 Quebec: Yes
2024-10-14 22:31:23.859894 Echo: No
ChatterBot Bravo reevaluating
ChatterBot Lima reevaluating
ChatterBot Quebec reevaluating
ChatterBot Echo reevaluating
ChatterBot Bravo reevaluating
ChatterBot Quebec reevaluating
ChatterBot Echo reevaluating
ChatterBot Bravo reevaluating
ChatterBot Lima reevaluating
ChatterBot Echo reevaluating
ChatterBot Bravo reevaluating
ChatterBot Lima reevaluating
ChatterBot Quebec reevaluating
2024-10-14 22:31:23.951759 Papa: Let's form a team
ChatterBot Tango reevaluating
ChatterBot Whiskey reevaluating
2024-10-14 22:31:23.964809 Golf: Yes
2024-10-14 22:31:23.965048 Tango: Yes
2024-10-14 22:31:23.965167 Whiskey: Yes
ChatterBot Tango reevaluating
ChatterBot Whiskey reevaluating
ChatterBot Golf reevaluating
ChatterBot Whiskey reevaluating
ChatterBot Golf reevaluating
ChatterBot Tango reevaluating
2024-10-14 22:31:24.370001 November: Lima, Bravo, Quebec and Papa, sending you 1
2024-10-14 22:31:24.371336 Whiskey: We should drop Echo and Bravo
2024-10-14 22:31:24.383650 Golf: Yes
2024-10-14 22:31:24.383839 Tango: Yes
2024-10-14 22:31:24.383964 Papa: Yes
chatterbot Papa submitting transactions
chatterbot November submitting transactions
2024-10-14 22:31:24.423840 November: Golf and Echo, sending you 4
2024-10-14 22:31:24.424641 Quebec: November, Lima, Bravo, Golf, Echo and Papa, sending you 2
2024-10-14 22:31:24.424986 Bravo: November, Lima, Quebec and Echo, sending you 3
2024-10-14 22:31:24.425285 Lima: November, Bravo and Echo, sending you 3
2024-10-14 22:31:24.426050 India: November, Bravo and Echo, sending you 4
2024-10-14 22:31:24.426341 Echo: November, sending you 4
2024-10-14 22:31:24.426623 Papa: Golf and Tango, sending you 1
2024-10-14 22:31:24.877834 Quebec: Tango, sending you 4
2024-10-14 22:31:24.878404 Bravo: India, sending you 2
2024-10-14 22:31:24.879377 Lima: Golf, Tango and Quebec, sending you 1
2024-10-14 22:31:24.879864 November: Tango, sending you 3
2024-10-14 22:31:24.881093 Echo: Lima, sending you 5
2024-10-14 22:31:24.881532 India: Lima, sending you 3
2024-10-14 22:31:24.881982 Papa: Whiskey, sending you 12
chatterbot Quebec submitting transactions
chatterbot Echo submitting transactions
chatterbot Tango submitting transactions
2024-10-14 22:31:24.999339 Lima: Papa, sending you 4
2024-10-14 22:31:25.000566 Echo: Bravo and Quebec, sending you 3
2024-10-14 22:31:25.001735 India: Quebec, sending you 1
2024-10-14 22:31:25.002207 Whiskey: Golf and Tango, sending you 2
chatterbot Whiskey submitting transactions
chatterbot Papa submitting transactions
2024-10-14 22:31:25.003590 Tango: Golf, sending you 5
2024-10-14 22:31:25.117589 Echo: India, sending you 1
2024-10-14 22:31:25.118090 Whiskey: Papa, sending you 1
2024-10-14 22:31:25.118880 Golf: Tango, sending you 11
2024-10-14 22:31:25.119161 Tango: Whiskey, sending you 1
chatterbot Lima submitting transactions
2024-10-14 22:31:25.180646 Golf: Whiskey, sending you 5
2024-10-14 22:31:25.181563 Tango: Papa, sending you 9
2024-10-14 22:31:25.205387 Golf: Papa, sending you 2
chatterbot Golf submitting transactions
chatterbot Bravo submitting transactions
chatterbot India submitting transactions
ChatterBot November round 3
ChatterBot Lima round 3
ChatterBot Bravo round 3
ChatterBot Golf round 3
ChatterBot Tango round 3
ChatterBot India round 3
ChatterBot Quebec round 3
ChatterBot Echo round 3
ChatterBot Whiskey round 3
ChatterBot Papa round 3
2024-10-14 22:31:25.446938 Tango: We should add November
ChatterBot Papa reevaluating
ChatterBot Whiskey reevaluating
2024-10-14 22:31:25.537801 Golf: No
2024-10-14 22:31:25.538099 Papa: No
2024-10-14 22:31:25.538382 Whiskey: No
ChatterBot Tango reevaluating
ChatterBot Papa reevaluating
ChatterBot Whiskey reevaluating
ChatterBot Tango reevaluating
ChatterBot Whiskey reevaluating
ChatterBot Tango reevaluating
ChatterBot Papa reevaluating
2024-10-14 22:31:25.614702 Tango: We should add Lima
ChatterBot Papa reevaluating
ChatterBot Whiskey reevaluating
2024-10-14 22:31:25.630495 Golf: No
2024-10-14 22:31:25.630954 Papa: No
2024-10-14 22:31:25.631213 Whiskey: No
ChatterBot Tango reevaluating
ChatterBot Papa reevaluating
ChatterBot Whiskey reevaluating
ChatterBot Golf reevaluating
ChatterBot Tango reevaluating
ChatterBot Whiskey reevaluating
ChatterBot Golf reevaluating
ChatterBot Tango reevaluating
ChatterBot Papa reevaluating
2024-10-14 22:31:26.756970 Bravo: Sending you each 3
2024-10-14 22:31:26.757855 November: Lima, Bravo, Golf and Quebec, sending you 2
2024-10-14 22:31:26.758836 Lima: November and India, sending you 3
chatterbot November submitting transactions
chatterbot Lima submitting transactions
2024-10-14 22:31:26.768329 Echo: November and Lima, sending you 4
2024-10-14 22:31:26.768976 November: India, sending you 3
2024-10-14 22:31:26.770075 Lima: Bravo, sending you 4
2024-10-14 22:31:26.770678 Quebec: November, Lima, Bravo and India, sending you 3
2024-10-14 22:31:26.772022 India: November, sending you 4
2024-10-14 22:31:26.774269 Echo: Bravo and India, sending you 3
2024-10-14 22:31:26.775434 November: Echo, sending you 4
2024-10-14 22:31:26.775979 Lima: Quebec, sending you 1
2024-10-14 22:31:26.776425 Quebec: Echo, sending you 4
2024-10-14 22:31:26.777605 Papa: Golf and Whiskey, sending you 3
2024-10-14 22:31:26.778003 India: Lima, sending you 3
2024-10-14 22:31:26.778350 Whiskey: Golf and Papa, sending you 2
2024-10-14 22:31:26.783394 Echo: Quebec, sending you 2
2024-10-14 22:31:26.784334 Lima: Echo, sending you 5
2024-10-14 22:31:26.785027 Golf: Tango, sending you 10
2024-10-14 22:31:26.785496 Papa: Tango, sending you 11
2024-10-14 22:31:26.786297 Whiskey: Tango, sending you 1
2024-10-14 22:31:26.786688 India: Bravo, sending you 6
2024-10-14 22:31:26.790583 Golf: Whiskey, sending you 5
2024-10-14 22:31:26.791747 India: Quebec, sending you 1
2024-10-14 22:31:26.795763 Golf: Papa, sending you 3
2024-10-14 22:31:26.825667 India: Echo, sending you 5
chatterbot Quebec submitting transactions
chatterbot Golf submitting transactions
chatterbot Whiskey submitting transactions
chatterbot Bravo submitting transactions
chatterbot India submitting transactions
chatterbot Echo submitting transactions
chatterbot Tango submitting transactions
chatterbot Papa submitting transactions
ChatterBot November round 4
ChatterBot Lima round 4
ChatterBot Bravo round 4
ChatterBot Golf round 4
ChatterBot Tango round 4
ChatterBot India round 4
ChatterBot Quebec round 4
ChatterBot Echo round 4
2024-10-14 22:31:27.727474 Tango: We should add Quebec
2024-10-14 22:31:27.742320 Golf: No
2024-10-14 22:31:27.742623 Papa: No
2024-10-14 22:31:27.742802 Whiskey: No
ChatterBot Tango reevaluating
ChatterBot Tango reevaluating
ChatterBot Tango reevaluating
ChatterBot Whiskey round 4
ChatterBot Papa round 4
2024-10-14 22:31:27.822542 Tango: We should add November
2024-10-14 22:31:27.836766 Golf: No
2024-10-14 22:31:27.836982 Papa: No
2024-10-14 22:31:27.837174 Whiskey: No
ChatterBot Tango reevaluating
ChatterBot Tango reevaluating
ChatterBot Tango reevaluating
2024-10-14 22:31:27.894404 November: We should drop Golf
2024-10-14 22:31:27.918339 Lima: Yes
2024-10-14 22:31:27.918640 Quebec: Yes
2024-10-14 22:31:27.918831 Bravo: Yes
2024-10-14 22:31:27.919 India: Yes
2024-10-14 22:31:27.919790 Echo: Yes
2024-10-14 22:31:28.310854 Lima: November, Bravo, India and Quebec, sending you 3
2024-10-14 22:31:28.312471 Bravo: Same as last round
2024-10-14 22:31:28.402863 Lima: Echo, sending you 4
2024-10-14 22:31:28.407016 India: November and Echo, sending you 4
2024-10-14 22:31:28.408855 Golf: Tango, sending you 10
2024-10-14 22:31:28.411289 Papa: Golf and Whiskey, sending you 4
2024-10-14 22:31:28.414569 November: Lima, Bravo and India, sending you 3
2024-10-14 22:31:28.418192 Quebec: November, Lima, India and Echo, sending you 3
2024-10-14 22:31:28.421679 Whiskey: Golf and Papa, sending you 2
2024-10-14 22:31:28.424774 Echo: November, Bravo, India and Quebec, sending you 3
2024-10-14 22:31:28.430176 India: Lima and Quebec, sending you 3
2024-10-14 22:31:28.432249 Golf: Whiskey and Papa, sending you 4
2024-10-14 22:31:28.433708 Papa: Tango, sending you 9
chatterbot Golf submitting transactions
2024-10-14 22:31:28.435581 November: Quebec, sending you 2
2024-10-14 22:31:28.437106 Quebec: Bravo, sending you 4
2024-10-14 22:31:28.438964 Whiskey: Tango, sending you 1
2024-10-14 22:31:28.440711 Echo: Lima, sending you 4
2024-10-14 22:31:28.441723 India: Bravo, sending you 5
2024-10-14 22:31:28.443509 November: Echo, sending you 4
chatterbot Quebec submitting transactions
chatterbot Lima submitting transactions
chatterbot Tango submitting transactions
chatterbot Bravo submitting transactions
chatterbot Whiskey submitting transactions
chatterbot Echo submitting transactions
chatterbot Papa submitting transactions
chatterbot India submitting transactions
chatterbot November submitting transactions
ChatterBot November round 5
ChatterBot Lima round 5
ChatterBot Bravo round 5
ChatterBot Golf round 5
ChatterBot Tango round 5
ChatterBot India round 5
ChatterBot Quebec round 5
ChatterBot Echo round 5
ChatterBot Whiskey round 5
ChatterBot Papa round 5
2024-10-14 22:31:29.385348 Tango: We should add India
2024-10-14 22:31:29.393592 Golf: No
2024-10-14 22:31:29.393902 Papa: No
2024-10-14 22:31:29.394114 Whiskey: No
ChatterBot Tango reevaluating
ChatterBot Tango reevaluating
ChatterBot Tango reevaluating
2024-10-14 22:31:29.445160 Tango: We should add November
2024-10-14 22:31:29.460686 Golf: No
2024-10-14 22:31:29.460992 Papa: No
2024-10-14 22:31:29.461330 Whiskey: No
ChatterBot Tango reevaluating
ChatterBot Tango reevaluating
ChatterBot Tango reevaluating
2024-10-14 22:31:29.508745 Bravo: November, Lima, Quebec and Echo, sending you 3
2024-10-14 22:31:29.512469 Lima: November, Bravo, India and Quebec, sending you 3
2024-10-14 22:31:29.520737 India: November and Echo, sending you 4
2024-10-14 22:31:29.525395 Echo: November, Bravo, India and Quebec, sending you 3
2024-10-14 22:31:29.530836 November: Lima, Bravo and India, sending you 3
2024-10-14 22:31:29.534639 Golf: Tango, sending you 9
2024-10-14 22:31:29.539681 Bravo: India, sending you 2
2024-10-14 22:31:29.541904 Lima: Echo, sending you 4
2024-10-14 22:31:29.543390 India: Lima and Quebec, sending you 3
2024-10-14 22:31:29.545524 Echo: Lima, sending you 4
2024-10-14 22:31:29.546727 November: Quebec, sending you 2
2024-10-14 22:31:29.548947 Golf: Whiskey, sending you 4
2024-10-14 22:31:29.549655 Quebec: November, Lima, India and Echo, sending you 3
2024-10-14 22:31:29.551194 Papa: Golf, sending you 5
2024-10-14 22:31:29.552997 Whiskey: Golf and Papa, sending you 2
2024-10-14 22:31:29.554074 India: Bravo, sending you 5
2024-10-14 22:31:29.555090 November: Echo, sending you 4
2024-10-14 22:31:29.556525 Golf: Papa, sending you 5
2024-10-14 22:31:29.557160 Quebec: Bravo, sending you 4
2024-10-14 22:31:29.557976 Papa: Tango, sending you 9
2024-10-14 22:31:29.558428 Whiskey: Tango, sending you 1
2024-10-14 22:31:29.562699 Papa: Whiskey, sending you 3
chatterbot Bravo submitting transactions
chatterbot Tango submitting transactions
chatterbot Whiskey submitting transactions
chatterbot Echo submitting transactions
chatterbot Papa submitting transactions
chatterbot Lima submitting transactions
chatterbot Quebec submitting transactions
chatterbot India submitting transactions
chatterbot November submitting transactions
chatterbot Golf submitting transactions
ChatterBot November round 6
ChatterBot Lima round 6
ChatterBot Bravo round 6
ChatterBot Golf round 6
ChatterBot Tango round 6
ChatterBot India round 6
ChatterBot Quebec round 6
2024-10-14 22:31:30.628948 Tango: We should add Lima
2024-10-14 22:31:30.636377 Golf: No
2024-10-14 22:31:30.636551 Papa: No
2024-10-14 22:31:30.636689 Whiskey: No
ChatterBot Tango reevaluating
ChatterBot Tango reevaluating
ChatterBot Tango reevaluating
ChatterBot Echo round 6
ChatterBot Whiskey round 6
ChatterBot Papa round 6
2024-10-14 22:31:30.700176 Tango: Lima we want you to join our group
2024-10-14 22:31:30.702660 Lima: No
ChatterBot Tango reevaluating
2024-10-14 22:31:30.710895 Tango: We should add November
2024-10-14 22:31:30.716547 Golf: No
2024-10-14 22:31:30.717204 Papa: No
2024-10-14 22:31:30.717425 Whiskey: No
ChatterBot Tango reevaluating
ChatterBot Tango reevaluating
ChatterBot Tango reevaluating
2024-10-14 22:31:30.743698 Bravo: November, Lima, Quebec and Echo, sending you 3
2024-10-14 22:31:30.744923 November: Sending you each 3
2024-10-14 22:31:30.745627 Lima: November, Bravo, India and Quebec, sending you 3
2024-10-14 22:31:30.746173 Golf: Tango, sending you 9
2024-10-14 22:31:30.746707 Quebec: November, Lima, India and Echo, sending you 3
2024-10-14 22:31:30.748004 India: November, Lima, Bravo and Echo, sending you 4
2024-10-14 22:31:30.748678 Lima: Echo, sending you 4
2024-10-14 22:31:30.749669 Bravo: India, sending you 2
2024-10-14 22:31:30.750631 Golf: Whiskey, sending you 4
2024-10-14 22:31:30.751122 Quebec: Bravo, sending you 4
2024-10-14 22:31:30.751726 India: Quebec, sending you 3
2024-10-14 22:31:30.753677 Whiskey: Golf and Papa, sending you 2
2024-10-14 22:31:30.754698 Golf: Papa, sending you 5
2024-10-14 22:31:30.755641 Papa: Golf, sending you 5
2024-10-14 22:31:30.758669 Whiskey: Tango, sending you 1
2024-10-14 22:31:30.759047 Echo: November, Bravo, India and Quebec, sending you 3
2024-10-14 22:31:30.760855 Papa: Tango, sending you 9
2024-10-14 22:31:30.763683 Echo: Lima, sending you 4
2024-10-14 22:31:30.764453 Papa: Whiskey, sending you 3
2024-10-14 22:31:30.769670 Tango: Golf, sending you 7
2024-10-14 22:31:30.772660 Tango: Whiskey, sending you 2
2024-10-14 22:31:30.777659 Tango: Papa, sending you 6
chatterbot Lima submitting transactions
chatterbot Bravo submitting transactions
chatterbot Papa submitting transactions
chatterbot Echo submitting transactions
chatterbot November submitting transactions
chatterbot India submitting transactions
chatterbot Whiskey submitting transactions
chatterbot Quebec submitting transactions
chatterbot Tango submitting transactions
chatterbot Golf submitting transactions
ChatterBot November round 7
ChatterBot Lima round 7
ChatterBot Bravo round 7
ChatterBot Golf round 7
ChatterBot Tango round 7
ChatterBot India round 7
ChatterBot Quebec round 7
ChatterBot Echo round 7
ChatterBot Whiskey round 7
ChatterBot Papa round 7
2024-10-14 22:31:31.950665 November: Same as last round
2024-10-14 22:31:31.956674 Lima: November, Bravo, India and Quebec, sending you 3
2024-10-14 22:31:31.957253 Echo: November, Bravo, India and Quebec, sending you 3
2024-10-14 22:31:31.957769 Golf: Tango, sending you 9
2024-10-14 22:31:31.959683 Quebec: November, Lima, India and Echo, sending you 3
2024-10-14 22:31:31.960324 Bravo: November, Lima, Quebec and Echo, sending you 3
2024-10-14 22:31:31.960908 Tango: Lima, sending you 1
2024-10-14 22:31:31.961294 Lima: Echo, sending you 4
2024-10-14 22:31:31.961900 Golf: Whiskey, sending you 4
2024-10-14 22:31:31.962678 Echo: Lima, sending you 4
2024-10-14 22:31:31.963298 Quebec: Bravo, sending you 4
2024-10-14 22:31:31.964014 Papa: Golf, sending you 5
2024-10-14 22:31:31.964491 Bravo: India, sending you 2
2024-10-14 22:31:31.965126 Tango: Golf and Papa, sending you 6
2024-10-14 22:31:31.966682 Golf: Papa, sending you 5
2024-10-14 22:31:31.967239 Whiskey: Golf and Papa, sending you 2
2024-10-14 22:31:31.967808 Papa: Tango, sending you 8
2024-10-14 22:31:31.968650 India: November, Lima, Bravo and Echo, sending you 4
2024-10-14 22:31:31.969273 Tango: Whiskey, sending you 2
2024-10-14 22:31:31.970675 Whiskey: Tango, sending you 1
2024-10-14 22:31:31.971039 Papa: Whiskey, sending you 4
2024-10-14 22:31:31.973680 India: Quebec, sending you 3
chatterbot Whiskey submitting transactions
chatterbot Lima submitting transactions
chatterbot Echo submitting transactions
chatterbot Golf submitting transactions
chatterbot India submitting transactions
chatterbot Tango submitting transactions
chatterbot November submitting transactions
chatterbot Papa submitting transactions
chatterbot Quebec submitting transactions
chatterbot Bravo submitting transactions
ChatterBot November round 8
ChatterBot Lima round 8
ChatterBot Bravo round 8
ChatterBot Golf round 8
ChatterBot Tango round 8
ChatterBot India round 8
ChatterBot Quebec round 8
ChatterBot Echo round 8
ChatterBot Whiskey round 8
ChatterBot Papa round 8
2024-10-14 22:31:32.994663 November: Same as last round
2024-10-14 22:31:32.995726 Tango: Golf, sending you 7
2024-10-14 22:31:32.997003 Quebec: November, Lima, India and Echo, sending you 3
2024-10-14 22:31:33.000686 Tango: Whiskey, sending you 2
2024-10-14 22:31:33.001573 Quebec: Bravo, sending you 4
2024-10-14 22:31:33.002265 Golf: Tango, sending you 9
2024-10-14 22:31:33.003690 Bravo: November, Lima, Quebec and Echo, sending you 3
2024-10-14 22:31:33.004669 Whiskey: Golf and Papa, sending you 2
2024-10-14 22:31:33.005387 Lima: November, Bravo, India and Quebec, sending you 3
2024-10-14 22:31:33.006935 Tango: Papa, sending you 6
2024-10-14 22:31:33.007299 Golf: Whiskey, sending you 4
2024-10-14 22:31:33.007731 Whiskey: Tango, sending you 1
2024-10-14 22:31:33.008286 Echo: November, Bravo, India and Quebec, sending you 3
2024-10-14 22:31:33.009938 India: November, Lima, Quebec and Echo, sending you 4
2024-10-14 22:31:33.011185 Bravo: India, sending you 2
2024-10-14 22:31:33.013138 Papa: Golf, sending you 5
2024-10-14 22:31:33.014030 Lima: Echo, sending you 4
2024-10-14 22:31:33.015745 Golf: Papa, sending you 5
2024-10-14 22:31:33.016467 India: Bravo, sending you 3
2024-10-14 22:31:33.017634 Echo: Lima, sending you 4
2024-10-14 22:31:33.019361 Papa: Tango, sending you 9
2024-10-14 22:31:33.024326 Papa: Whiskey, sending you 3
chatterbot Echo submitting transactions
chatterbot Lima submitting transactions
chatterbot India submitting transactions
chatterbot Quebec submitting transactions
chatterbot Golf submitting transactions
chatterbot November submitting transactions
chatterbot Bravo submitting transactions
chatterbot Tango submitting transactions
chatterbot Papa submitting transactions
chatterbot Whiskey submitting transactions
ChatterBot November round 9
ChatterBot Lima round 9
ChatterBot Bravo round 9
ChatterBot Golf round 9
ChatterBot Tango round 9
ChatterBot India round 9
ChatterBot Quebec round 9
ChatterBot Echo round 9
ChatterBot Whiskey round 9
ChatterBot Papa round 9
2024-10-14 22:31:34.218603 Tango: We should drop Lima
2024-10-14 22:31:34.225828 Golf: Yes
2024-10-14 22:31:34.226 Papa: Yes
2024-10-14 22:31:34.226138 Whiskey: Yes
ChatterBot Tango reevaluating
ChatterBot Tango reevaluating
ChatterBot Tango reevaluating
2024-10-14 22:31:34.268645 November: Same as last round
2024-10-14 22:31:34.270657 India: November, Lima, Quebec and Echo, sending you 4
2024-10-14 22:31:34.273643 Golf: Tango, sending you 9
2024-10-14 22:31:34.274661 Quebec: November, Lima, India and Echo, sending you 3
2024-10-14 22:31:34.275335 India: Bravo, sending you 3
2024-10-14 22:31:34.278650 Golf: Whiskey, sending you 4
2024-10-14 22:31:34.279137 Lima: November, Bravo, India and Quebec, sending you 3
2024-10-14 22:31:34.279755 Quebec: Bravo, sending you 4
2024-10-14 22:31:34.280313 Bravo: November, Lima, Quebec and Echo, sending you 3
2024-10-14 22:31:34.282657 Golf: Papa, sending you 5
2024-10-14 22:31:34.283656 Whiskey: Golf and Papa, sending you 2
2024-10-14 22:31:34.284093 Lima: Echo, sending you 4
2024-10-14 22:31:34.284636 Bravo: India, sending you 2
2024-10-14 22:31:34.285886 Papa: Golf, sending you 5
2024-10-14 22:31:34.286668 Echo: November, Bravo, India and Quebec, sending you 3
2024-10-14 22:31:34.287374 Whiskey: Tango, sending you 1
2024-10-14 22:31:34.290646 Papa: Tango, sending you 8
2024-10-14 22:31:34.291011 Echo: Lima, sending you 4
2024-10-14 22:31:34.294694 Papa: Whiskey, sending you 4
chatterbot Bravo submitting transactions
chatterbot Quebec submitting transactions
chatterbot Golf submitting transactions
chatterbot Papa submitting transactions
chatterbot Lima submitting transactions
chatterbot Echo submitting transactions
chatterbot November submitting transactions
chatterbot India submitting transactions
chatterbot Whiskey submitting transactions
chatterbot Tango submitting transactions
ChatterBot November round 10
ChatterBot Lima round 10
ChatterBot Bravo round 10
ChatterBot Golf round 10
ChatterBot Tango round 10
ChatterBot India round 10
2024-10-14 22:31:35.455281 Tango: We should replace Lima with November
2024-10-14 22:31:35.465872 Golf: No
2024-10-14 22:31:35.466064 Papa: No
2024-10-14 22:31:35.466185 Whiskey: No
ChatterBot Tango reevaluating
ChatterBot Tango reevaluating
ChatterBot Tango reevaluating
ChatterBot Quebec round 10
ChatterBot Echo round 10
ChatterBot Whiskey round 10
ChatterBot Papa round 10
2024-10-14 22:31:35.517507 Tango: November we want you to join our group
2024-10-14 22:31:35.519729 November: No
ChatterBot Tango reevaluating
2024-10-14 22:31:35.527524 November: Same as last round
2024-10-14 22:31:35.533690 Bravo: November, Lima, Quebec and Echo, sending you 3
2024-10-14 22:31:35.535659 Golf: Tango, sending you 9
2024-10-14 22:31:35.536697 Quebec: November, Lima, India and Echo, sending you 3
2024-10-14 22:31:35.538126 Bravo: India, sending you 2
2024-10-14 22:31:35.539342 Lima: November, Bravo, India and Quebec, sending you 3
2024-10-14 22:31:35.540528 India: November, Lima, Quebec and Echo, sending you 4
2024-10-14 22:31:35.541400 Golf: Whiskey, sending you 4
2024-10-14 22:31:35.542013 Quebec: Bravo, sending you 4
2024-10-14 22:31:35.543497 Lima: Echo, sending you 4
2024-10-14 22:31:35.544666 India: Bravo, sending you 3
2024-10-14 22:31:35.545898 Golf: Papa, sending you 5
2024-10-14 22:31:35.546667 Whiskey: Golf and Papa, sending you 2
2024-10-14 22:31:35.547706 Tango: Lima, sending you 1
2024-10-14 22:31:35.549670 Echo: November, Bravo, India and Quebec, sending you 3
2024-10-14 22:31:35.550587 Papa: Golf, sending you 5
2024-10-14 22:31:35.551060 Whiskey: Tango, sending you 1
2024-10-14 22:31:35.552659 Tango: Golf and Papa, sending you 6
2024-10-14 22:31:35.553694 Echo: Lima, sending you 4
2024-10-14 22:31:35.555671 Papa: Tango, sending you 9
2024-10-14 22:31:35.556415 Tango: Whiskey, sending you 2
2024-10-14 22:31:35.558674 Papa: Whiskey, sending you 3
chatterbot India submitting transactions
chatterbot Lima submitting transactions
chatterbot Tango submitting transactions
chatterbot Papa submitting transactions
chatterbot Echo submitting transactions
chatterbot November submitting transactions
chatterbot Quebec submitting transactions
chatterbot Whiskey submitting transactions
chatterbot Bravo submitting transactions
chatterbot Golf submitting transactions
ChatterBot November round 11
ChatterBot Lima round 11
ChatterBot Bravo round 11
ChatterBot Golf round 11
ChatterBot Tango round 11
ChatterBot India round 11
ChatterBot Quebec round 11
ChatterBot Echo round 11
ChatterBot Whiskey round 11
ChatterBot Papa round 11
2024-10-14 22:31:36.729799 Tango: We should drop Lima
2024-10-14 22:31:36.737380 Golf: Yes
2024-10-14 22:31:36.737632 Papa: Yes
2024-10-14 22:31:36.737885 Whiskey: Yes
ChatterBot Tango reevaluating
ChatterBot Tango reevaluating
ChatterBot Tango reevaluating
2024-10-14 22:31:36.767706 Whiskey: Golf and Papa, sending you 2
2024-10-14 22:31:36.769164 Lima: November, Bravo, India and Quebec, sending you 3
2024-10-14 22:31:36.771478 India: November, Lima, Quebec and Echo, sending you 4
2024-10-14 22:31:36.773569 Bravo: November, Lima, Quebec and Echo, sending you 3
2024-10-14 22:31:36.775942 Golf: Tango, sending you 8
2024-10-14 22:31:36.777681 November: Same as last round
2024-10-14 22:31:36.780197 Echo: November, Bravo, India and Quebec, sending you 3
2024-10-14 22:31:36.782095 Whiskey: Tango, sending you 1
2024-10-14 22:31:36.783551 Lima: Echo, sending you 4
2024-10-14 22:31:36.785323 India: Bravo, sending you 3
2024-10-14 22:31:36.786814 Bravo: India, sending you 2
2024-10-14 22:31:36.788975 Golf: Whiskey, sending you 4
2024-10-14 22:31:36.790171 Quebec: November, Lima, India and Echo, sending you 3
2024-10-14 22:31:36.792494 Echo: Lima, sending you 4
2024-10-14 22:31:36.794285 Papa: Golf, sending you 5
2024-10-14 22:31:36.795285 Golf: Papa, sending you 6
2024-10-14 22:31:36.796960 Quebec: Bravo, sending you 4
2024-10-14 22:31:36.799120 Papa: Tango, sending you 8
2024-10-14 22:31:36.804696 Papa: Whiskey, sending you 4
chatterbot Whiskey submitting transactions
chatterbot November submitting transactions
chatterbot Golf submitting transactions
chatterbot Bravo submitting transactions
chatterbot Echo submitting transactions
chatterbot Tango submitting transactions
chatterbot Lima submitting transactions
chatterbot India submitting transactions
chatterbot Papa submitting transactions
chatterbot Quebec submitting transactions
ChatterBot November round 12
ChatterBot Lima round 12
ChatterBot Bravo round 12
ChatterBot Golf round 12
ChatterBot Tango round 12
ChatterBot India round 12
ChatterBot Quebec round 12
ChatterBot Echo round 12
ChatterBot Whiskey round 12
ChatterBot Papa round 12
2024-10-14 22:31:37.882111 Tango: We should replace Lima with November
2024-10-14 22:31:37.895632 Golf: No
2024-10-14 22:31:37.895902 Papa: No
2024-10-14 22:31:37.896108 Whiskey: No
ChatterBot Tango reevaluating
ChatterBot Tango reevaluating
ChatterBot Tango reevaluating
2024-10-14 22:31:37.942096 Tango: We should replace Lima with India
2024-10-14 22:31:37.948368 Golf: No
2024-10-14 22:31:37.948573 Papa: No
2024-10-14 22:31:37.948733 Whiskey: No
ChatterBot Tango reevaluating
ChatterBot Tango reevaluating
ChatterBot Tango reevaluating
2024-10-14 22:31:37.971586 Lima: November, Bravo, India and Quebec, sending you 3
2024-10-14 22:31:37.975672 India: November, Lima, Quebec and Echo, sending you 4
2024-10-14 22:31:37.976797 November: Same as last round
2024-10-14 22:31:37.977929 Lima: Echo, sending you 4
2024-10-14 22:31:37.980286 Bravo: November, Lima, Quebec and Echo, sending you 3
2024-10-14 22:31:37.982229 Tango: We should drop Lima
2024-10-14 22:31:37.997908 Golf: Yes
2024-10-14 22:31:37.998149 Papa: Yes
2024-10-14 22:31:37.998364 Whiskey: Yes
ChatterBot Tango reevaluating
ChatterBot Tango reevaluating
ChatterBot Tango reevaluating
2024-10-14 22:31:38.023500 India: Bravo, sending you 3
2024-10-14 22:31:38.025415 Papa: Golf, sending you 6
2024-10-14 22:31:38.025892 Bravo: India, sending you 2
2024-10-14 22:31:38.029678 Papa: Tango, sending you 8
2024-10-14 22:31:38.031040 Quebec: November, Lima, India and Echo, sending you 3
2024-10-14 22:31:38.032352 Echo: November, Bravo, India and Quebec, sending you 3
2024-10-14 22:31:38.033479 Whiskey: Golf and Papa, sending you 2
2024-10-14 22:31:38.035240 Golf: Tango, sending you 8
2024-10-14 22:31:38.036393 Quebec: Bravo, sending you 4
2024-10-14 22:31:38.038410 Papa: Whiskey, sending you 3
2024-10-14 22:31:38.039751 Echo: Lima, sending you 4
2024-10-14 22:31:38.041102 Whiskey: Tango, sending you 1
2024-10-14 22:31:38.041634 Golf: Whiskey, sending you 4
2024-10-14 22:31:38.044721 Golf: Papa, sending you 6
chatterbot Lima submitting transactions
chatterbot Bravo submitting transactions
chatterbot Papa submitting transactions
chatterbot November submitting transactions
chatterbot Quebec submitting transactions
chatterbot India submitting transactions
chatterbot Tango submitting transactions
chatterbot Golf submitting transactions
chatterbot Echo submitting transactions
chatterbot Whiskey submitting transactions
ChatterBot November round 13
ChatterBot Lima round 13
ChatterBot Bravo round 13
ChatterBot Golf round 13
ChatterBot Tango round 13
ChatterBot India round 13
ChatterBot Quebec round 13
ChatterBot Echo round 13
ChatterBot Whiskey round 13
ChatterBot Papa round 13
2024-10-14 22:31:39.222294 Tango: We should replace Lima with November
2024-10-14 22:31:39.228468 Golf: No
2024-10-14 22:31:39.228672 Papa: No
2024-10-14 22:31:39.228871 Whiskey: No
ChatterBot Tango reevaluating
ChatterBot Tango reevaluating
ChatterBot Tango reevaluating
2024-10-14 22:31:39.256167 Tango: We should replace Lima with Quebec
2024-10-14 22:31:39.263151 Golf: No
2024-10-14 22:31:39.263313 Papa: No
2024-10-14 22:31:39.263427 Whiskey: No
ChatterBot Tango reevaluating
ChatterBot Tango reevaluating
ChatterBot Tango reevaluating
2024-10-14 22:31:39.284346 Bravo: November, Lima, Quebec and Echo, sending you 3
2024-10-14 22:31:39.285220 Tango: We should replace Lima with India
2024-10-14 22:31:39.291078 Golf: No
2024-10-14 22:31:39.291212 Papa: No
2024-10-14 22:31:39.291313 Whiskey: No
ChatterBot Tango reevaluating
ChatterBot Tango reevaluating
ChatterBot Tango reevaluating
2024-10-14 22:31:39.311216 India: November, Lima, Quebec and Echo, sending you 4
2024-10-14 22:31:39.312700 Bravo: India, sending you 2
2024-10-14 22:31:39.314081 Lima: November, Bravo, India and Quebec, sending you 3
2024-10-14 22:31:39.315436 Papa: Golf, sending you 6
2024-10-14 22:31:39.316464 Golf: Tango, sending you 8
2024-10-14 22:31:39.318113 November: Same as last round
2024-10-14 22:31:39.319652 India: Bravo, sending you 3
2024-10-14 22:31:39.321765 Quebec: November, Lima, India and Echo, sending you 3
2024-10-14 22:31:39.323106 Tango: November we want you to join our group
2024-10-14 22:31:39.326938 November: No
ChatterBot Tango reevaluating
2024-10-14 22:31:39.339483 Lima: Echo, sending you 4
2024-10-14 22:31:39.341920 Papa: Tango, sending you 8
2024-10-14 22:31:39.343241 Whiskey: Golf and Papa, sending you 2
2024-10-14 22:31:39.344229 Golf: Whiskey, sending you 4
2024-10-14 22:31:39.344938 Quebec: Bravo, sending you 4
2024-10-14 22:31:39.346861 Whiskey: Tango, sending you 1
2024-10-14 22:31:39.347703 Echo: November, Bravo, India and Quebec, sending you 3
2024-10-14 22:31:39.348628 Papa: Whiskey, sending you 3
2024-10-14 22:31:39.349341 Golf: Papa, sending you 6
2024-10-14 22:31:39.352524 Echo: Lima, sending you 4
2024-10-14 22:31:39.373092 Tango: November, sending you 1
2024-10-14 22:31:39.379672 Tango: Golf and Papa, sending you 6
2024-10-14 22:31:39.385716 Tango: Whiskey, sending you 2
chatterbot Bravo submitting transactions
chatterbot Echo submitting transactions
chatterbot Tango submitting transactions
chatterbot Papa submitting transactions
chatterbot November submitting transactions
chatterbot Quebec submitting transactions
chatterbot Whiskey submitting transactions
chatterbot India submitting transactions
chatterbot Lima submitting transactions
