ChatterBot Uniform round 1
ChatterBot Tango round 1
ChatterBot Golf round 1
ChatterBot Kilo round 1
ChatterBot Alpha round 1
ChatterBot Romeo round 1
ChatterBot Hotel round 1
ChatterBot Juliett round 1
ChatterBot Lima round 1
ChatterBot Foxtrot round 1
randomSelections Romeo: {Romeo, Tango, Alpha, Lima, Foxtrot, Kilo, Golf} 
2024-10-14 22:31:21.213652 Romeo: Friends?
ChatterBot Tango reevaluating
ChatterBot Alpha reevaluating
ChatterBot Lima reevaluating
ChatterBot Foxtrot reevaluating
ChatterBot Kilo reevaluating
ChatterBot Golf reevaluating
2024-10-14 22:31:21.261272 Tango: Yes
2024-10-14 22:31:21.261459 Alpha: Yes
2024-10-14 22:31:21.262952 Lima: Yes
2024-10-14 22:31:21.263138 Foxtrot: Yes
2024-10-14 22:31:21.263293 Kilo: Yes
2024-10-14 22:31:21.263420 Golf: Yes
ChatterBot Alpha reevaluating
ChatterBot Lima reevaluating
ChatterBot Foxtrot reevaluating
ChatterBot Kilo reevaluating
ChatterBot Golf reevaluating
ChatterBot Tango reevaluating
ChatterBot Lima reevaluating
ChatterBot Foxtrot reevaluating
ChatterBot Kilo reevaluating
ChatterBot Golf reevaluating
ChatterBot Tango reevaluating
ChatterBot Alpha reevaluating
ChatterBot Foxtrot reevaluating
ChatterBot Kilo reevaluating
ChatterBot Golf reevaluating
ChatterBot Tango reevaluating
ChatterBot Alpha reevaluating
ChatterBot Lima reevaluating
ChatterBot Kilo reevaluating
ChatterBot Golf reevaluating
ChatterBot Tango reevaluating
ChatterBot Alpha reevaluating
ChatterBot Lima reevaluating
ChatterBot Foxtrot reevaluating
ChatterBot Golf reevaluating
ChatterBot Tango reevaluating
ChatterBot Alpha reevaluating
ChatterBot Lima reevaluating
ChatterBot Foxtrot reevaluating
ChatterBot Kilo reevaluating
randomSelections Uniform: {Uniform, Lima, Juliett, Hotel, Kilo, Golf, Tango} 
2024-10-14 22:31:21.451260 Uniform: Can we be friends?
ChatterBot Lima reevaluating
ChatterBot Juliett reevaluating
ChatterBot Hotel reevaluating
ChatterBot Kilo reevaluating
ChatterBot Golf reevaluating
ChatterBot Tango reevaluating
2024-10-14 22:31:21.461290 Lima: No
2024-10-14 22:31:21.461477 Juliett: Yes
2024-10-14 22:31:21.462133 Hotel: Yes
2024-10-14 22:31:21.462266 Kilo: No
2024-10-14 22:31:21.462453 Golf: No
2024-10-14 22:31:21.462672 Tango: No
ChatterBot Juliett reevaluating
ChatterBot Hotel reevaluating
ChatterBot Kilo reevaluating
ChatterBot Golf reevaluating
ChatterBot Tango reevaluating
ChatterBot Lima reevaluating
ChatterBot Hotel reevaluating
ChatterBot Kilo reevaluating
ChatterBot Golf reevaluating
ChatterBot Tango reevaluating
ChatterBot Lima reevaluating
ChatterBot Juliett reevaluating
ChatterBot Kilo reevaluating
ChatterBot Golf reevaluating
ChatterBot Tango reevaluating
ChatterBot Lima reevaluating
ChatterBot Juliett reevaluating
ChatterBot Hotel reevaluating
ChatterBot Golf reevaluating
ChatterBot Tango reevaluating
ChatterBot Lima reevaluating
ChatterBot Juliett reevaluating
ChatterBot Hotel reevaluating
ChatterBot Kilo reevaluating
ChatterBot Tango reevaluating
ChatterBot Lima reevaluating
ChatterBot Juliett reevaluating
ChatterBot Hotel reevaluating
ChatterBot Kilo reevaluating
ChatterBot Golf reevaluating
2024-10-14 22:31:21.547022 Romeo: Tango and Foxtrot, sending you 5
2024-10-14 22:31:21.547951 Tango: Golf, sending you 2
2024-10-14 22:31:21.549142 Uniform: Tango, sending you 4
2024-10-14 22:31:21.550293 Juliett: Uniform and Hotel, sending you 5
2024-10-14 22:31:21.551400 Foxtrot: Tango and Romeo, sending you 3
2024-10-14 22:31:21.551987 Romeo: Golf, sending you 2
2024-10-14 22:31:21.553240 Tango: Kilo and Romeo, sending you 1
2024-10-14 22:31:21.554568 Uniform: Golf, sending you 2
2024-10-14 22:31:21.555136 Juliett: Tango and Golf, sending you 1
2024-10-14 22:31:21.556360 Lima: Tango, sending you 4
2024-10-14 22:31:21.556772 Foxtrot: Golf, sending you 1
2024-10-14 22:31:21.558010 Romeo: Kilo, Alpha and Lima, sending you 1
2024-10-14 22:31:21.559216 Uniform: Kilo, sending you 1
2024-10-14 22:31:21.560246 Tango: Alpha, sending you 4
2024-10-14 22:31:21.560902 Juliett: Kilo and Lima, sending you 2
2024-10-14 22:31:21.562133 Lima: Kilo, sending you 1
2024-10-14 22:31:21.563279 Golf: Tango, sending you 1
2024-10-14 22:31:21.564702 Alpha: Tango, sending you 1
2024-10-14 22:31:21.565876 Foxtrot: Kilo and Alpha, sending you 5
2024-10-14 22:31:21.567344 Uniform: Hotel and Juliett, sending you 3
2024-10-14 22:31:21.568068 Tango: Lima, sending you 3
2024-10-14 22:31:21.569170 Lima: Alpha, sending you 5
2024-10-14 22:31:21.570422 Golf: Lima, sending you 3
2024-10-14 22:31:21.571772 Hotel: Uniform and Tango, sending you 1
2024-10-14 22:31:21.572552 Alpha: Golf and Romeo, sending you 2
2024-10-14 22:31:21.573771 Foxtrot: Lima, sending you 2
2024-10-14 22:31:21.575357 Kilo: Tango, sending you 2
2024-10-14 22:31:21.576573 Uniform: Lima, sending you 6
2024-10-14 22:31:21.577694 Lima: Romeo, sending you 3
2024-10-14 22:31:21.578336 Tango: Foxtrot, sending you 7
2024-10-14 22:31:21.579589 Hotel: Golf and Kilo, sending you 3
2024-10-14 22:31:21.580093 Alpha: Kilo, sending you 4
2024-10-14 22:31:21.581232 Kilo: Golf, sending you 1
2024-10-14 22:31:21.581788 Lima: Foxtrot, sending you 2
2024-10-14 22:31:21.584852 Alpha: Lima and Foxtrot, sending you 3
2024-10-14 22:31:21.586116 Hotel: Lima, sending you 6
2024-10-14 22:31:21.587022 Kilo: Alpha, sending you 4
2024-10-14 22:31:21.590680 Kilo: Romeo and Foxtrot, sending you 3
chatterbot Kilo submitting transactions
chatterbot Golf submitting transactions
chatterbot Tango submitting transactions
chatterbot Juliett submitting transactions
chatterbot Romeo submitting transactions
chatterbot Alpha submitting transactions
chatterbot Lima submitting transactions
chatterbot Hotel submitting transactions
chatterbot Uniform submitting transactions
chatterbot Foxtrot submitting transactions
ChatterBot Uniform round 2
ChatterBot Tango round 2
ChatterBot Golf round 2
2024-10-14 22:31:22.767266 Uniform: Can we be friends?
ChatterBot Hotel reevaluating
ChatterBot Juliett reevaluating
ChatterBot Golf reevaluating
2024-10-14 22:31:22.789608 Hotel: No
2024-10-14 22:31:22.789751 Juliett: No
2024-10-14 22:31:22.789855 Golf: Yes
ChatterBot Uniform reevaluating
ChatterBot Juliett reevaluating
ChatterBot Golf reevaluating
ChatterBot Uniform reevaluating
ChatterBot Hotel reevaluating
ChatterBot Golf reevaluating
ChatterBot Uniform reevaluating
ChatterBot Hotel reevaluating
ChatterBot Juliett reevaluating
2024-10-14 22:31:22.838537 Juliett: Can we be friends?
ChatterBot Hotel reevaluating
2024-10-14 22:31:22.848699 Hotel: Yes
ChatterBot Juliett reevaluating
ChatterBot Kilo round 2
ChatterBot Alpha round 2
ChatterBot Romeo round 2
ChatterBot Hotel round 2
ChatterBot Juliett round 2
ChatterBot Lima round 2
ChatterBot Foxtrot round 2
2024-10-14 22:31:22.905424 Kilo: We should drop Golf
ChatterBot Tango reevaluating
2024-10-14 22:31:22.935282 Tango: Yes
2024-10-14 22:31:22.935944 Alpha: Yes
2024-10-14 22:31:22.936113 Romeo: Yes
2024-10-14 22:31:22.936272 Lima: No
2024-10-14 22:31:22.936429 Foxtrot: Yes
ChatterBot Tango reevaluating
ChatterBot Lima reevaluating
ChatterBot Tango reevaluating
ChatterBot Lima reevaluating
ChatterBot Tango reevaluating
ChatterBot Tango reevaluating
ChatterBot Lima reevaluating
2024-10-14 22:31:23.262780 Uniform: Golf, sending you 5
2024-10-14 22:31:23.263798 Golf: Uniform, sending you 5
2024-10-14 22:31:23.534414 Uniform: Hotel, sending you 6
2024-10-14 22:31:23.535969 Golf: Hotel, sending you 7
2024-10-14 22:31:23.536677 Hotel: Uniform and Juliett, sending you 5
2024-10-14 22:31:23.537733 Kilo: Tango and Romeo, sending you 2
2024-10-14 22:31:23.538150 Juliett: Uniform, sending you 7
chatterbot Alpha submitting transactions
chatterbot Kilo submitting transactions
chatterbot Golf submitting transactions
2024-10-14 22:31:24.142729 Uniform: Juliett, sending you 8
2024-10-14 22:31:24.143143 Golf: Juliett, sending you 3
2024-10-14 22:31:24.143396 Hotel: Golf, sending you 3
2024-10-14 22:31:24.143650 Kilo: Alpha and Foxtrot, sending you 4
2024-10-14 22:31:24.144449 Juliett: Golf, sending you 4
2024-10-14 22:31:24.144708 Foxtrot: Tango, sending you 7
2024-10-14 22:31:24.144978 Romeo: Kilo, Lima and Foxtrot, sending you 4
2024-10-14 22:31:24.145221 Alpha: Sending you each 3
chatterbot Uniform submitting transactions
chatterbot Hotel submitting transactions
chatterbot Foxtrot submitting transactions
chatterbot Juliett submitting transactions
chatterbot Romeo submitting transactions
chatterbot Tango submitting transactions
2024-10-14 22:31:24.147755 Foxtrot: Kilo and Alpha, sending you 3
2024-10-14 22:31:24.751859 Juliett: Hotel, sending you 5
2024-10-14 22:31:24.752327 Romeo: Alpha, sending you 3
2024-10-14 22:31:24.753246 Lima: Sending you each 3
2024-10-14 22:31:24.754349 Foxtrot: Romeo, sending you 4
chatterbot Lima submitting transactions
2024-10-14 22:31:24.770657 Foxtrot: Lima, sending you 2
2024-10-14 22:31:24.771388 Romeo: Kilo did not give me 3 like they said
ChatterBot Kilo reevaluating
ChatterBot Tango reevaluating
ChatterBot Alpha reevaluating
ChatterBot Lima reevaluating
ChatterBot Foxtrot reevaluating
ChatterBot Uniform round 3
ChatterBot Tango round 3
ChatterBot Golf round 3
ChatterBot Kilo round 3
ChatterBot Alpha round 3
ChatterBot Romeo round 3
ChatterBot Hotel round 3
ChatterBot Juliett round 3
ChatterBot Lima round 3
ChatterBot Foxtrot round 3
2024-10-14 22:31:24.821041 Tango: We should drop Golf
ChatterBot Kilo reevaluating
ChatterBot Alpha reevaluating
ChatterBot Lima reevaluating
ChatterBot Foxtrot reevaluating
2024-10-14 22:31:24.837662 Kilo: Yes
2024-10-14 22:31:24.837897 Alpha: Yes
2024-10-14 22:31:24.838093 Romeo: Yes
2024-10-14 22:31:24.838281 Lima: Yes
2024-10-14 22:31:24.838646 Foxtrot: Yes
ChatterBot Tango reevaluating
ChatterBot Alpha reevaluating
ChatterBot Lima reevaluating
ChatterBot Foxtrot reevaluating
ChatterBot Kilo reevaluating
ChatterBot Tango reevaluating
ChatterBot Lima reevaluating
ChatterBot Foxtrot reevaluating
ChatterBot Kilo reevaluating
ChatterBot Tango reevaluating
ChatterBot Alpha reevaluating
ChatterBot Lima reevaluating
ChatterBot Foxtrot reevaluating
ChatterBot Kilo reevaluating
ChatterBot Tango reevaluating
ChatterBot Alpha reevaluating
ChatterBot Foxtrot reevaluating
ChatterBot Kilo reevaluating
ChatterBot Tango reevaluating
ChatterBot Alpha reevaluating
ChatterBot Lima reevaluating
2024-10-14 22:31:25.161326 Hotel: Uniform, sending you 4
2024-10-14 22:31:25.162260 Golf: Uniform, sending you 6
2024-10-14 22:31:25.162580 Alpha: Same as last round
2024-10-14 22:31:25.163514 Uniform: Golf and Hotel, sending you 6
2024-10-14 22:31:25.163836 Kilo: Tango, sending you 1
2024-10-14 22:31:25.164277 Romeo: Tango, sending you 2
2024-10-14 22:31:25.165119 Juliett: Uniform, sending you 6
2024-10-14 22:31:25.193292 Hotel: Golf and Juliett, sending you 5
2024-10-14 22:31:25.194298 Golf: Hotel, sending you 5
2024-10-14 22:31:25.194525 Uniform: Juliett, sending you 7
2024-10-14 22:31:25.194771 Kilo: Alpha and Foxtrot, sending you 4
2024-10-14 22:31:25.195100 Romeo: Kilo, Alpha and Lima, sending you 3
2024-10-14 22:31:25.195833 Tango: Kilo, sending you 2
2024-10-14 22:31:25.196133 Lima: Sending you each 3
2024-10-14 22:31:25.196484 Foxtrot: Tango, sending you 5
2024-10-14 22:31:25.197163 Juliett: Golf and Hotel, sending you 5
chatterbot Juliett submitting transactions
2024-10-14 22:31:25.220182 Golf: Juliett, sending you 4
2024-10-14 22:31:25.220542 Tango: Alpha, Romeo, Lima and Foxtrot, sending you 4
2024-10-14 22:31:25.221434 Kilo: Romeo and Lima, sending you 3
2024-10-14 22:31:25.221784 Romeo: Foxtrot, sending you 4
2024-10-14 22:31:25.222090 Foxtrot: Kilo and Romeo, sending you 4
2024-10-14 22:31:25.237183 Foxtrot: Alpha and Lima, sending you 3
chatterbot Golf submitting transactions
chatterbot Hotel submitting transactions
chatterbot Alpha submitting transactions
chatterbot Tango submitting transactions
chatterbot Kilo submitting transactions
chatterbot Uniform submitting transactions
chatterbot Romeo submitting transactions
chatterbot Foxtrot submitting transactions
chatterbot Lima submitting transactions
ChatterBot Uniform round 4
ChatterBot Tango round 4
ChatterBot Golf round 4
ChatterBot Kilo round 4
ChatterBot Alpha round 4
ChatterBot Romeo round 4
ChatterBot Hotel round 4
ChatterBot Juliett round 4
ChatterBot Lima round 4
ChatterBot Foxtrot round 4
2024-10-14 22:31:26.722776 Alpha: Same as last round
2024-10-14 22:31:26.724042 Uniform: Golf and Hotel, sending you 6
2024-10-14 22:31:26.724573 Tango: Kilo, sending you 2
2024-10-14 22:31:26.725626 Romeo: Sending you each 3
2024-10-14 22:31:26.726194 Kilo: Tango, sending you 2
2024-10-14 22:31:26.727353 Uniform: Juliett, sending you 7
2024-10-14 22:31:26.735344 Tango: Alpha, Romeo, Lima and Foxtrot, sending you 4
2024-10-14 22:31:26.736458 Foxtrot: Tango, sending you 5
2024-10-14 22:31:26.736915 Golf: Uniform, sending you 6
2024-10-14 22:31:26.737276 Lima: Same as last round
2024-10-14 22:31:26.738327 Juliett: Uniform, sending you 6
2024-10-14 22:31:26.738634 Kilo: Alpha, Romeo and Lima, sending you 3
2024-10-14 22:31:26.738958 Hotel: Uniform and Golf, sending you 5
2024-10-14 22:31:26.745378 Foxtrot: Kilo and Romeo, sending you 4
2024-10-14 22:31:26.745789 Golf: Hotel, sending you 5
2024-10-14 22:31:26.746042 Hotel: Juliett, sending you 4
2024-10-14 22:31:26.746316 Juliett: Golf and Hotel, sending you 5
2024-10-14 22:31:26.747202 Kilo: Foxtrot, sending you 4
2024-10-14 22:31:26.796704 Foxtrot: Alpha and Lima, sending you 3
2024-10-14 22:31:26.797389 Golf: Juliett, sending you 4
chatterbot Romeo submitting transactions
chatterbot Hotel submitting transactions
chatterbot Golf submitting transactions
chatterbot Juliett submitting transactions
chatterbot Kilo submitting transactions
chatterbot Alpha submitting transactions
chatterbot Uniform submitting transactions
chatterbot Tango submitting transactions
chatterbot Foxtrot submitting transactions
chatterbot Lima submitting transactions
ChatterBot Uniform round 5
ChatterBot Tango round 5
ChatterBot Golf round 5
ChatterBot Kilo round 5
ChatterBot Alpha round 5
ChatterBot Romeo round 5
ChatterBot Hotel round 5
ChatterBot Juliett round 5
ChatterBot Lima round 5
ChatterBot Foxtrot round 5
2024-10-14 22:31:27.829635 Tango: Kilo, sending you 2
2024-10-14 22:31:27.830475 Uniform: Golf and Juliett, sending you 3
2024-10-14 22:31:27.831516 Golf: Uniform, sending you 6
2024-10-14 22:31:27.832008 Hotel: Uniform and Golf, sending you 5
2024-10-14 22:31:27.837354 Tango: Alpha, Romeo, Lima and Foxtrot, sending you 4
2024-10-14 22:31:27.838427 Golf: Hotel, sending you 5
2024-10-14 22:31:27.838896 Uniform: Hotel, sending you 2
2024-10-14 22:31:27.839289 Romeo: Same as last round
2024-10-14 22:31:27.840341 Kilo: Tango, sending you 2
2024-10-14 22:31:27.840826 Hotel: Juliett, sending you 4
2024-10-14 22:31:27.841855 Alpha: Same as last round
2024-10-14 22:31:27.850665 Foxtrot: Tango and Romeo, sending you 4
2024-10-14 22:31:27.851287 Golf: Juliett, sending you 4
2024-10-14 22:31:27.851720 Kilo: Alpha, Romeo and Lima, sending you 3
2024-10-14 22:31:27.852733 Juliett: Uniform, sending you 6
2024-10-14 22:31:27.875535 Foxtrot: Kilo, sending you 5
2024-10-14 22:31:27.876074 Juliett: Golf and Hotel, sending you 5
2024-10-14 22:31:27.876873 Lima: Same as last round
2024-10-14 22:31:27.877345 Kilo: Foxtrot, sending you 4
2024-10-14 22:31:27.894045 Foxtrot: Alpha and Lima, sending you 3
chatterbot Lima submitting transactions
chatterbot Tango submitting transactions
chatterbot Golf submitting transactions
chatterbot Hotel submitting transactions
chatterbot Romeo submitting transactions
chatterbot Uniform submitting transactions
chatterbot Alpha submitting transactions
chatterbot Kilo submitting transactions
chatterbot Foxtrot submitting transactions
chatterbot Juliett submitting transactions
ChatterBot Uniform round 6
ChatterBot Tango round 6
ChatterBot Golf round 6
ChatterBot Kilo round 6
ChatterBot Alpha round 6
ChatterBot Romeo round 6
2024-10-14 22:31:29.337477 Golf: We should add Tango
2024-10-14 22:31:29.352022 Uniform: No
2024-10-14 22:31:29.352476 Hotel: No
2024-10-14 22:31:29.353954 Juliett: No
ChatterBot Golf reevaluating
ChatterBot Golf reevaluating
ChatterBot Hotel round 6
ChatterBot Juliett round 6
ChatterBot Lima round 6
ChatterBot Foxtrot round 6
2024-10-14 22:31:29.402408 Golf: We should add Alpha
ChatterBot Juliett reevaluating
2024-10-14 22:31:29.413993 Uniform: No
2024-10-14 22:31:29.414809 Hotel: No
2024-10-14 22:31:29.416215 Juliett: No
ChatterBot Juliett reevaluating
ChatterBot Golf reevaluating
ChatterBot Juliett reevaluating
ChatterBot Golf reevaluating
ChatterBot Golf reevaluating
2024-10-14 22:31:29.463227 Juliett: We should add Lima
ChatterBot Golf reevaluating
2024-10-14 22:31:29.472368 Uniform: No
2024-10-14 22:31:29.472823 Hotel: No
2024-10-14 22:31:29.473055 Golf: No
ChatterBot Juliett reevaluating
ChatterBot Golf reevaluating
ChatterBot Juliett reevaluating
ChatterBot Golf reevaluating
ChatterBot Juliett reevaluating
2024-10-14 22:31:29.516708 Uniform: Golf and Hotel, sending you 6
2024-10-14 22:31:29.523552 Tango: Kilo, Alpha, Romeo and Lima, sending you 3
2024-10-14 22:31:29.529611 Uniform: Juliett, sending you 7
2024-10-14 22:31:29.533366 Romeo: I was attacked by Uniform
ChatterBot Kilo reevaluating
ChatterBot Tango reevaluating
ChatterBot Alpha reevaluating
ChatterBot Lima reevaluating
ChatterBot Foxtrot reevaluating
2024-10-14 22:31:29.554213 Romeo: I'm keeping this round to protect myself
2024-10-14 22:31:29.556581 Romeo: Ow
2024-10-14 22:31:29.557184 Hotel: Uniform, sending you 4
2024-10-14 22:31:29.560658 Juliett: Uniform, sending you 6
2024-10-14 22:31:29.562681 Hotel: Golf and Juliett, sending you 5
2024-10-14 22:31:29.566080 Juliett: Golf and Hotel, sending you 5
2024-10-14 22:31:29.581657 Tango: Kilo, Alpha, Romeo and Lima, sending you 1
2024-10-14 22:31:29.582695 Alpha: Same as last round
2024-10-14 22:31:29.584665 Tango: Foxtrot, sending you 2
2024-10-14 22:31:29.586681 Foxtrot: Tango and Romeo, sending you 4
2024-10-14 22:31:29.587700 Kilo: Tango, sending you 1
2024-10-14 22:31:29.589223 Lima: Same as last round
2024-10-14 22:31:29.589750 Foxtrot: Kilo, sending you 5
2024-10-14 22:31:29.590677 Kilo: Alpha, Romeo, Lima and Foxtrot, sending you 2
2024-10-14 22:31:29.594652 Foxtrot: Alpha and Lima, sending you 3
chatterbot Uniform submitting transactions
chatterbot Lima submitting transactions
chatterbot Hotel submitting transactions
chatterbot Golf submitting transactions
chatterbot Romeo submitting transactions
chatterbot Juliett submitting transactions
chatterbot Kilo submitting transactions
chatterbot Tango submitting transactions
chatterbot Alpha submitting transactions
chatterbot Foxtrot submitting transactions
ChatterBot Uniform round 7
ChatterBot Tango round 7
ChatterBot Golf round 7
ChatterBot Kilo round 7
ChatterBot Alpha round 7
ChatterBot Romeo round 7
ChatterBot Hotel round 7
ChatterBot Juliett round 7
ChatterBot Lima round 7
ChatterBot Foxtrot round 7
2024-10-14 22:31:30.752192 Golf: We should add Alpha
ChatterBot Juliett reevaluating
2024-10-14 22:31:30.761016 Uniform: No
2024-10-14 22:31:30.761222 Hotel: No
2024-10-14 22:31:30.761418 Juliett: No
ChatterBot Juliett reevaluating
ChatterBot Juliett reevaluating
ChatterBot Golf reevaluating
ChatterBot Golf reevaluating
2024-10-14 22:31:30.902706 Kilo: Tango and Romeo, sending you 2
2024-10-14 22:31:30.905095 Tango: Kilo, sending you 2
2024-10-14 22:31:30.907133 Uniform: I was attacked by Tango and Kilo
ChatterBot Hotel reevaluating
ChatterBot Juliett reevaluating
ChatterBot Golf reevaluating
2024-10-14 22:31:30.923196 Uniform: Ow
2024-10-14 22:31:30.924680 Golf: We should add Foxtrot
ChatterBot Hotel reevaluating
ChatterBot Juliett reevaluating
2024-10-14 22:31:30.933640 Uniform: No
2024-10-14 22:31:30.933967 Hotel: No
2024-10-14 22:31:30.934637 Juliett: Yes
ChatterBot Hotel reevaluating
ChatterBot Juliett reevaluating
ChatterBot Golf reevaluating
ChatterBot Juliett reevaluating
ChatterBot Golf reevaluating
ChatterBot Hotel reevaluating
ChatterBot Golf reevaluating
2024-10-14 22:31:30.969748 Kilo: Alpha, Lima and Foxtrot, sending you 3
2024-10-14 22:31:30.971347 Tango: Alpha, Romeo, Lima and Foxtrot, sending you 4
2024-10-14 22:31:30.973040 Alpha: Same as last round
2024-10-14 22:31:30.975268 Lima: Same as last round
2024-10-14 22:31:30.977242 Romeo: Foxtrot, sending you 1
2024-10-14 22:31:30.978767 Foxtrot: Tango, Kilo, Alpha and Lima, sending you 4
2024-10-14 22:31:30.981911 Golf: Foxtrot we want you to join our group
2024-10-14 22:31:30.986486 Foxtrot: No
ChatterBot Golf reevaluating
2024-10-14 22:31:31.007012 Foxtrot: Romeo, sending you 3
2024-10-14 22:31:31.012679 Hotel: Uniform and Juliett, sending you 4
2024-10-14 22:31:31.013625 Juliett: Uniform, sending you 6
2024-10-14 22:31:31.015965 Golf: Alpha we want you to join our group
2024-10-14 22:31:31.022047 Alpha: No
ChatterBot Golf reevaluating
2024-10-14 22:31:31.034048 Hotel: Golf, sending you 5
2024-10-14 22:31:31.035251 Juliett: Golf and Hotel, sending you 5
chatterbot Uniform submitting transactions
2024-10-14 22:31:31.063654 Golf: Uniform, Hotel and Juliett, sending you 5
chatterbot Kilo submitting transactions
chatterbot Juliett submitting transactions
chatterbot Golf submitting transactions
chatterbot Romeo submitting transactions
chatterbot Alpha submitting transactions
chatterbot Hotel submitting transactions
chatterbot Lima submitting transactions
chatterbot Foxtrot submitting transactions
chatterbot Tango submitting transactions
ChatterBot Uniform round 8
ChatterBot Tango round 8
ChatterBot Golf round 8
ChatterBot Kilo round 8
ChatterBot Alpha round 8
ChatterBot Romeo round 8
ChatterBot Hotel round 8
ChatterBot Juliett round 8
ChatterBot Lima round 8
ChatterBot Foxtrot round 8
2024-10-14 22:31:31.784853 Romeo: Tango, Kilo, Alpha and Lima, sending you 1
2024-10-14 22:31:31.785810 Alpha: Same as last round
2024-10-14 22:31:31.790696 Romeo: Foxtrot, sending you 3
2024-10-14 22:31:31.794692 Lima: Same as last round
2024-10-14 22:31:31.800687 Tango: Kilo, Alpha, Lima and Foxtrot, sending you 4
2024-10-14 22:31:31.801694 Hotel: Uniform, sending you 4
2024-10-14 22:31:31.803022 Kilo: Tango and Romeo, sending you 2
2024-10-14 22:31:31.803602 Golf: Uniform, sending you 4
2024-10-14 22:31:31.803925 Juliett: Uniform and Hotel, sending you 5
2024-10-14 22:31:31.804664 Tango: Romeo, sending you 2
2024-10-14 22:31:31.805129 Tango: I was attacked by Uniform
ChatterBot Kilo reevaluating
ChatterBot Alpha reevaluating
ChatterBot Romeo reevaluating
ChatterBot Lima reevaluating
ChatterBot Foxtrot reevaluating
2024-10-14 22:31:31.821915 Tango: Ow
2024-10-14 22:31:31.822727 Hotel: Golf and Juliett, sending you 5
2024-10-14 22:31:31.823218 Golf: Hotel, sending you 6
2024-10-14 22:31:31.823540 Juliett: Golf, sending you 6
2024-10-14 22:31:31.825685 Golf: Juliett, sending you 5
2024-10-14 22:31:31.838732 Romeo: Tango, Alpha, Lima and Foxtrot, sending you 2
2024-10-14 22:31:31.852664 Foxtrot: Tango, Kilo, Alpha and Lima, sending you 4
2024-10-14 22:31:31.855669 Foxtrot: Romeo, sending you 3
chatterbot Foxtrot submitting transactions
chatterbot Golf submitting transactions
chatterbot Hotel submitting transactions
chatterbot Kilo submitting transactions
chatterbot Juliett submitting transactions
chatterbot Uniform submitting transactions
chatterbot Tango submitting transactions
chatterbot Romeo submitting transactions
chatterbot Alpha submitting transactions
chatterbot Lima submitting transactions
ChatterBot Uniform round 9
ChatterBot Tango round 9
ChatterBot Golf round 9
ChatterBot Kilo round 9
ChatterBot Alpha round 9
ChatterBot Romeo round 9
2024-10-14 22:31:32.733337 Golf: We should replace Foxtrot with Alpha
2024-10-14 22:31:32.742543 Uniform: No
2024-10-14 22:31:32.743061 Hotel: No
2024-10-14 22:31:32.743466 Juliett: No
ChatterBot Golf reevaluating
ChatterBot Hotel round 9
ChatterBot Juliett round 9
ChatterBot Lima round 9
ChatterBot Foxtrot round 9
2024-10-14 22:31:32.801664 Kilo: Tango and Romeo, sending you 2
2024-10-14 22:31:32.803344 Tango: Kilo, Alpha, Lima and Foxtrot, sending you 4
2024-10-14 22:31:32.807171 Kilo: Alpha, Lima and Foxtrot, sending you 3
2024-10-14 22:31:32.808100 Tango: Romeo, sending you 2
2024-10-14 22:31:32.808987 Tango: I was attacked by Uniform
ChatterBot Kilo reevaluating
ChatterBot Alpha reevaluating
ChatterBot Romeo reevaluating
ChatterBot Lima reevaluating
ChatterBot Foxtrot reevaluating
2024-10-14 22:31:32.829829 Tango: Ow
2024-10-14 22:31:32.831197 Golf: Uniform, sending you 3
2024-10-14 22:31:32.832558 Hotel: Uniform, sending you 4
2024-10-14 22:31:32.833386 Juliett: Uniform and Golf, sending you 5
2024-10-14 22:31:32.834801 Golf: Hotel and Juliett, sending you 6
2024-10-14 22:31:32.836684 Hotel: Golf and Juliett, sending you 5
2024-10-14 22:31:32.837958 Juliett: Hotel, sending you 6
2024-10-14 22:31:32.844711 Foxtrot: Tango, Kilo, Alpha and Lima, sending you 4
2024-10-14 22:31:32.847691 Alpha: Tango, Kilo, Lima and Foxtrot, sending you 2
2024-10-14 22:31:32.849328 Romeo: Tango and Kilo, sending you 2
2024-10-14 22:31:32.850992 Foxtrot: Romeo, sending you 3
2024-10-14 22:31:32.852691 Alpha: Romeo, sending you 1
2024-10-14 22:31:32.854757 Romeo: Alpha, Lima and Foxtrot, sending you 3
2024-10-14 22:31:32.855910 Lima: Tango, Kilo, Alpha and Foxtrot, sending you 2
2024-10-14 22:31:32.857080 Kilo: Romeo, sending you 1
chatterbot Tango submitting transactions
chatterbot Uniform submitting transactions
chatterbot Hotel submitting transactions
chatterbot Foxtrot submitting transactions
chatterbot Kilo submitting transactions
chatterbot Lima submitting transactions
chatterbot Golf submitting transactions
chatterbot Juliett submitting transactions
chatterbot Alpha submitting transactions
chatterbot Romeo submitting transactions
ChatterBot Uniform round 10
ChatterBot Tango round 10
ChatterBot Golf round 10
ChatterBot Kilo round 10
ChatterBot Alpha round 10
2024-10-14 22:31:33.929379 Golf: We should replace Foxtrot with Alpha
2024-10-14 22:31:33.937220 Uniform: No
2024-10-14 22:31:33.937464 Hotel: No
2024-10-14 22:31:33.937965 Juliett: No
ChatterBot Romeo round 10
ChatterBot Hotel round 10
ChatterBot Juliett round 10
ChatterBot Lima round 10
ChatterBot Foxtrot round 10
2024-10-14 22:31:33.969825 Golf: Alpha we want you to join our group
2024-10-14 22:31:33.972514 Alpha: No
ChatterBot Golf reevaluating
2024-10-14 22:31:33.994449 Uniform: I was attacked by Kilo, Alpha and Lima
ChatterBot Hotel reevaluating
ChatterBot Juliett reevaluating
ChatterBot Golf reevaluating
2024-10-14 22:31:34.003575 Uniform: I'm keeping this round to protect myself
2024-10-14 22:31:34.004430 Uniform: Ow
2024-10-14 22:31:34.008777 Tango: Kilo, sending you 2
2024-10-14 22:31:34.009682 Alpha: Tango, Kilo, Romeo and Lima, sending you 2
2024-10-14 22:31:34.010442 Kilo: Tango, Alpha, Romeo and Lima, sending you 1
2024-10-14 22:31:34.013691 Tango: Alpha, Romeo, Lima and Foxtrot, sending you 4
2024-10-14 22:31:34.014684 Alpha: Foxtrot, sending you 3
2024-10-14 22:31:34.015897 Romeo: Tango, Alpha, Lima and Foxtrot, sending you 3
2024-10-14 22:31:34.016743 Kilo: Foxtrot, sending you 2
2024-10-14 22:31:34.019659 Romeo: Kilo, sending you 2
2024-10-14 22:31:34.020673 Lima: Tango, Kilo, Alpha and Romeo, sending you 2
2024-10-14 22:31:34.025698 Foxtrot: Tango, Kilo, Alpha and Romeo, sending you 4
2024-10-14 22:31:34.026653 Lima: Foxtrot, sending you 3
2024-10-14 22:31:34.029691 Hotel: Uniform, sending you 4
2024-10-14 22:31:34.030742 Foxtrot: Lima, sending you 3
2024-10-14 22:31:34.032975 Golf: Uniform, sending you 3
2024-10-14 22:31:34.033648 Juliett: Uniform and Hotel, sending you 5
2024-10-14 22:31:34.034672 Hotel: Golf and Juliett, sending you 5
2024-10-14 22:31:34.037912 Golf: Hotel and Juliett, sending you 6
2024-10-14 22:31:34.038706 Juliett: Golf, sending you 6
chatterbot Uniform submitting transactions
chatterbot Romeo submitting transactions
chatterbot Alpha submitting transactions
chatterbot Tango submitting transactions
chatterbot Hotel submitting transactions
chatterbot Foxtrot submitting transactions
chatterbot Lima submitting transactions
chatterbot Golf submitting transactions
chatterbot Kilo submitting transactions
chatterbot Juliett submitting transactions
ChatterBot Uniform round 11
ChatterBot Tango round 11
ChatterBot Golf round 11
ChatterBot Kilo round 11
ChatterBot Alpha round 11
ChatterBot Romeo round 11
ChatterBot Hotel round 11
ChatterBot Juliett round 11
ChatterBot Lima round 11
ChatterBot Foxtrot round 11
2024-10-14 22:31:35.247676 Uniform: I was attacked by Kilo, Alpha and Lima
ChatterBot Hotel reevaluating
ChatterBot Juliett reevaluating
ChatterBot Golf reevaluating
2024-10-14 22:31:35.261402 Uniform: Ow
2024-10-14 22:31:35.262996 Tango: Kilo, sending you 2
2024-10-14 22:31:35.263857 Kilo: Tango, Alpha, Lima and Foxtrot, sending you 3
2024-10-14 22:31:35.266722 Tango: Alpha, Romeo, Lima and Foxtrot, sending you 4
2024-10-14 22:31:35.268270 Alpha: Tango, Kilo and Foxtrot, sending you 1
2024-10-14 22:31:35.269315 Romeo: Tango, Alpha and Lima, sending you 3
2024-10-14 22:31:35.270504 Kilo: Romeo, sending you 2
2024-10-14 22:31:35.271080 Lima: Tango, Alpha, Romeo and Foxtrot, sending you 1
2024-10-14 22:31:35.273091 Romeo: Kilo, sending you 2
2024-10-14 22:31:35.277679 Romeo: Foxtrot, sending you 4
2024-10-14 22:31:35.280724 Hotel: Uniform, sending you 4
2024-10-14 22:31:35.285679 Foxtrot: Tango, Kilo, Alpha and Lima, sending you 4
2024-10-14 22:31:35.286654 Hotel: Golf and Juliett, sending you 5
2024-10-14 22:31:35.291193 Foxtrot: Romeo, sending you 3
2024-10-14 22:31:35.292270 Juliett: Uniform and Hotel, sending you 5
2024-10-14 22:31:35.295705 Juliett: Golf, sending you 6
chatterbot Lima submitting transactions
chatterbot Hotel submitting transactions
chatterbot Alpha submitting transactions
chatterbot Romeo submitting transactions
chatterbot Foxtrot submitting transactions
chatterbot Golf submitting transactions
chatterbot Uniform submitting transactions
chatterbot Kilo submitting transactions
chatterbot Juliett submitting transactions
chatterbot Tango submitting transactions
ChatterBot Uniform round 12
ChatterBot Tango round 12
ChatterBot Golf round 12
ChatterBot Kilo round 12
ChatterBot Alpha round 12
ChatterBot Romeo round 12
ChatterBot Hotel round 12
ChatterBot Juliett round 12
ChatterBot Lima round 12
2024-10-14 22:31:36.410310 Golf: We should replace Foxtrot with Romeo
ChatterBot Juliett reevaluating
2024-10-14 22:31:36.419420 Uniform: No
2024-10-14 22:31:36.420149 Hotel: No
2024-10-14 22:31:36.420312 Juliett: Yes
ChatterBot Juliett reevaluating
ChatterBot Golf reevaluating
ChatterBot Juliett reevaluating
ChatterBot Golf reevaluating
ChatterBot Golf reevaluating
2024-10-14 22:31:36.450377 Juliett: We should add Romeo
ChatterBot Uniform reevaluating
ChatterBot Golf reevaluating
2024-10-14 22:31:36.460318 Uniform: Yes
2024-10-14 22:31:36.460494 Hotel: No
2024-10-14 22:31:36.460662 Golf: Yes
ChatterBot Hotel reevaluating
ChatterBot Juliett reevaluating
ChatterBot Golf reevaluating
ChatterBot Uniform reevaluating
ChatterBot Juliett reevaluating
ChatterBot Golf reevaluating
ChatterBot Uniform reevaluating
ChatterBot Hotel reevaluating
ChatterBot Juliett reevaluating
ChatterBot Foxtrot round 12
2024-10-14 22:31:36.506833 Golf: Romeo we want you to join our group
2024-10-14 22:31:36.510465 Romeo: No
ChatterBot Golf reevaluating
2024-10-14 22:31:36.567562 Juliett: Romeo we want you to join our group
2024-10-14 22:31:36.586456 Romeo: No
ChatterBot Golf reevaluating
2024-10-14 22:31:36.654085 Hotel: Romeo we want you to join our group
2024-10-14 22:31:36.660369 Romeo: No
ChatterBot Golf reevaluating
2024-10-14 22:31:36.678315 Uniform: I was attacked by Alpha and Lima
ChatterBot Hotel reevaluating
ChatterBot Juliett reevaluating
ChatterBot Golf reevaluating
2024-10-14 22:31:36.687959 Uniform: Ow
2024-10-14 22:31:36.691036 Foxtrot: I was attacked by Uniform
ChatterBot Kilo reevaluating
ChatterBot Tango reevaluating
ChatterBot Alpha reevaluating
ChatterBot Romeo reevaluating
ChatterBot Lima reevaluating
2024-10-14 22:31:36.713718 Foxtrot: I'm keeping this round to protect myself
2024-10-14 22:31:36.717572 Foxtrot: Ow
2024-10-14 22:31:36.736701 Lima: Sending you each 3
2024-10-14 22:31:36.739702 Hotel: Uniform, sending you 3
2024-10-14 22:31:36.741701 Juliett: Uniform and Hotel, sending you 4
2024-10-14 22:31:36.745707 Hotel: Golf, sending you 5
2024-10-14 22:31:36.747687 Juliett: Golf, sending you 5
2024-10-14 22:31:36.749679 Hotel: Romeo, sending you 2
2024-10-14 22:31:36.752725 Juliett: Romeo, sending you 3
2024-10-14 22:31:36.755118 Hotel: Juliett, sending you 4
chatterbot Golf submitting transactions
chatterbot Juliett submitting transactions
chatterbot Hotel submitting transactions
chatterbot Foxtrot submitting transactions
chatterbot Uniform submitting transactions
chatterbot Lima submitting transactions
chatterbot Kilo submitting transactions
chatterbot Romeo submitting transactions
chatterbot Tango submitting transactions
chatterbot Alpha submitting transactions
ChatterBot Uniform round 13
ChatterBot Tango round 13
ChatterBot Golf round 13
ChatterBot Kilo round 13
ChatterBot Alpha round 13
ChatterBot Romeo round 13
2024-10-14 22:31:37.860529 Golf: We should replace Foxtrot with Romeo
2024-10-14 22:31:37.868232 Uniform: No
2024-10-14 22:31:37.868411 Hotel: Yes
2024-10-14 22:31:37.868553 Juliett: Yes
ChatterBot Hotel round 13
ChatterBot Juliett round 13
ChatterBot Lima round 13
ChatterBot Foxtrot round 13
2024-10-14 22:31:37.906236 Golf: Romeo we want you to join our group
ChatterBot Romeo reevaluating
2024-10-14 22:31:37.910030 Romeo: No
2024-10-14 22:31:37.938709 Hotel: Uniform, sending you 3
2024-10-14 22:31:37.944699 Hotel: Golf, sending you 5
2024-10-14 22:31:37.949671 Hotel: Romeo, sending you 2
2024-10-14 22:31:37.951881 Juliett: Uniform and Hotel, sending you 4
2024-10-14 22:31:37.953002 Alpha: Tango, sending you 2
2024-10-14 22:31:37.955684 Lima: Tango, sending you 2
2024-10-14 22:31:37.957077 Hotel: Juliett, sending you 4
2024-10-14 22:31:37.957868 Juliett: Golf, sending you 5
2024-10-14 22:31:37.959918 Alpha: Kilo, Romeo, Lima and Foxtrot, sending you 1
2024-10-14 22:31:37.961411 Lima: Kilo, Alpha, Romeo and Foxtrot, sending you 1
2024-10-14 22:31:37.963546 Juliett: Romeo, sending you 3
chatterbot Juliett submitting transactions
chatterbot Romeo submitting transactions
chatterbot Foxtrot submitting transactions
chatterbot Uniform submitting transactions
chatterbot Alpha submitting transactions
chatterbot Golf submitting transactions
chatterbot Hotel submitting transactions
chatterbot Kilo submitting transactions
chatterbot Tango submitting transactions
chatterbot Lima submitting transactions
ChatterBot Uniform round 14
ChatterBot Tango round 14
ChatterBot Golf round 14
ChatterBot Kilo round 14
ChatterBot Alpha round 14
ChatterBot Romeo round 14
ChatterBot Hotel round 14
ChatterBot Juliett round 14
ChatterBot Lima round 14
ChatterBot Foxtrot round 14
2024-10-14 22:31:39.035068 Golf: We should replace Foxtrot with Romeo
2024-10-14 22:31:39.043878 Uniform: No
2024-10-14 22:31:39.044079 Hotel: Yes
2024-10-14 22:31:39.044279 Juliett: Yes
2024-10-14 22:31:39.072877 Golf: Romeo we want you to join our group
ChatterBot Romeo reevaluating
2024-10-14 22:31:39.076257 Romeo: No
ChatterBot Hotel reevaluating
2024-10-14 22:31:39.089678 Uniform: I was attacked by Tango, Alpha and Lima
ChatterBot Hotel reevaluating
ChatterBot Juliett reevaluating
ChatterBot Golf reevaluating
2024-10-14 22:31:39.100936 Uniform: Ow
2024-10-14 22:31:39.102129 Alpha: Sending you each 3
2024-10-14 22:31:39.105860 Juliett: We should drop Romeo
ChatterBot Hotel reevaluating
ChatterBot Golf reevaluating
2024-10-14 22:31:39.115444 Uniform: Yes
2024-10-14 22:31:39.115603 Hotel: Yes
2024-10-14 22:31:39.116153 Golf: No
ChatterBot Hotel reevaluating
ChatterBot Juliett reevaluating
ChatterBot Golf reevaluating
ChatterBot Juliett reevaluating
ChatterBot Golf reevaluating
ChatterBot Hotel reevaluating
ChatterBot Juliett reevaluating
2024-10-14 22:31:39.148315 Lima: Tango and Romeo, sending you 2
2024-10-14 22:31:39.149572 Foxtrot: Tango, Alpha, Romeo and Lima, sending you 2
2024-10-14 22:31:39.151726 Lima: Kilo, Alpha and Foxtrot, sending you 1
2024-10-14 22:31:39.154664 Foxtrot: Kilo, sending you 1
2024-10-14 22:31:39.171851 Hotel: Uniform, sending you 3
2024-10-14 22:31:39.175658 Hotel: Golf and Juliett, sending you 5
chatterbot Uniform submitting transactions
chatterbot Romeo submitting transactions
chatterbot Hotel submitting transactions
chatterbot Juliett submitting transactions
chatterbot Alpha submitting transactions
chatterbot Golf submitting transactions
chatterbot Lima submitting transactions
chatterbot Tango submitting transactions
chatterbot Foxtrot submitting transactions
chatterbot Kilo submitting transactions
ChatterBot Uniform round 15
ChatterBot Tango round 15
ChatterBot Golf round 15
ChatterBot Kilo round 15
ChatterBot Alpha round 15
ChatterBot Romeo round 15
2024-10-14 22:31:40.193586 Golf: We should replace Foxtrot with Romeo
ChatterBot Juliett reevaluating
2024-10-14 22:31:40.207015 Uniform: No
2024-10-14 22:31:40.207318 Hotel: No
2024-10-14 22:31:40.207683 Juliett: No
ChatterBot Hotel reevaluating
ChatterBot Juliett reevaluating
ChatterBot Juliett reevaluating
ChatterBot Golf reevaluating
ChatterBot Hotel reevaluating
ChatterBot Golf reevaluating
ChatterBot Hotel round 15
ChatterBot Juliett round 15
ChatterBot Lima round 15
ChatterBot Foxtrot round 15
2024-10-14 22:31:40.267067 Juliett: We should replace Romeo with Kilo
ChatterBot Golf reevaluating
2024-10-14 22:31:40.274992 Uniform: No
2024-10-14 22:31:40.275150 Hotel: No
2024-10-14 22:31:40.275286 Golf: No
ChatterBot Juliett reevaluating
ChatterBot Golf reevaluating
ChatterBot Juliett reevaluating
ChatterBot Golf reevaluating
ChatterBot Juliett reevaluating
2024-10-14 22:31:40.311659 Golf: Romeo we want you to join our group
ChatterBot Romeo reevaluating
2024-10-14 22:31:40.315956 Romeo: No
ChatterBot Golf reevaluating
ChatterBot Juliett reevaluating
2024-10-14 22:31:40.326442 Uniform: I was attacked by Lima
ChatterBot Hotel reevaluating
ChatterBot Juliett reevaluating
ChatterBot Golf reevaluating
2024-10-14 22:31:40.334789 Uniform: Ow
2024-10-14 22:31:40.336401 Lima: Sending you each 3
2024-10-14 22:31:40.342897 Juliett: We should drop Romeo
ChatterBot Hotel reevaluating
ChatterBot Golf reevaluating
2024-10-14 22:31:40.353149 Uniform: Yes
2024-10-14 22:31:40.353340 Hotel: Yes
2024-10-14 22:31:40.353491 Golf: No
ChatterBot Hotel reevaluating
ChatterBot Juliett reevaluating
ChatterBot Golf reevaluating
ChatterBot Juliett reevaluating
ChatterBot Golf reevaluating
ChatterBot Hotel reevaluating
ChatterBot Juliett reevaluating
2024-10-14 22:31:40.382838 Foxtrot: Tango, Alpha, Romeo and Lima, sending you 3
2024-10-14 22:31:40.389142 Foxtrot: Kilo, sending you 2
2024-10-14 22:31:40.406663 Hotel: Uniform, sending you 3
2024-10-14 22:31:40.412659 Hotel: Golf and Juliett, sending you 5
chatterbot Foxtrot submitting transactions
chatterbot Hotel submitting transactions
chatterbot Romeo submitting transactions
chatterbot Golf submitting transactions
chatterbot Lima submitting transactions
chatterbot Kilo submitting transactions
chatterbot Uniform submitting transactions
chatterbot Tango submitting transactions
chatterbot Alpha submitting transactions
chatterbot Juliett submitting transactions
ChatterBot Uniform round 16
ChatterBot Tango round 16
ChatterBot Golf round 16
ChatterBot Kilo round 16
ChatterBot Alpha round 16
ChatterBot Romeo round 16
ChatterBot Hotel round 16
ChatterBot Juliett round 16
ChatterBot Lima round 16
ChatterBot Foxtrot round 16
2024-10-14 22:31:41.466916 Juliett: We should replace Romeo with Kilo
2024-10-14 22:31:41.479284 Uniform: No
2024-10-14 22:31:41.479529 Hotel: No
2024-10-14 22:31:41.479770 Golf: No
ChatterBot Hotel reevaluating
ChatterBot Juliett reevaluating
ChatterBot Juliett reevaluating
ChatterBot Golf reevaluating
