ChatterBot Foxtrot round 1
ChatterBot Zulu round 1
ChatterBot Yankee round 1
ChatterBot Bravo round 1
ChatterBot Quebec round 1
ChatterBot X-ray round 1
ChatterBot Romeo round 1
ChatterBot Alpha round 1
ChatterBot Hotel round 1
ChatterBot Sierra round 1
randomSelections Foxtrot: {Foxtrot, Yankee, X-ray, Quebec, Hotel, Alpha, Bravo, Romeo} 
2024-10-14 22:31:21.213956 Foxtrot: Friends?
ChatterBot Yankee reevaluating
ChatterBot X-ray reevaluating
ChatterBot Quebec reevaluating
ChatterBot Hotel reevaluating
ChatterBot Alpha reevaluating
ChatterBot Bravo reevaluating
ChatterBot Romeo reevaluating
2024-10-14 22:31:21.277997 Yankee: Yes
2024-10-14 22:31:21.285928 X-ray: Yes
2024-10-14 22:31:21.286196 Quebec: Yes
2024-10-14 22:31:21.286445 Hotel: Yes
2024-10-14 22:31:21.286681 Alpha: Yes
2024-10-14 22:31:21.286909 Bravo: Yes
2024-10-14 22:31:21.287112 Romeo: Yes
ChatterBot X-ray reevaluating
ChatterBot Quebec reevaluating
ChatterBot Hotel reevaluating
ChatterBot Alpha reevaluating
ChatterBot Bravo reevaluating
ChatterBot Romeo reevaluating
ChatterBot Yankee reevaluating
ChatterBot Quebec reevaluating
ChatterBot Hotel reevaluating
ChatterBot Alpha reevaluating
ChatterBot Bravo reevaluating
ChatterBot Romeo reevaluating
ChatterBot Yankee reevaluating
ChatterBot X-ray reevaluating
ChatterBot Hotel reevaluating
ChatterBot Alpha reevaluating
ChatterBot Bravo reevaluating
ChatterBot Romeo reevaluating
ChatterBot Yankee reevaluating
ChatterBot X-ray reevaluating
ChatterBot Quebec reevaluating
ChatterBot Alpha reevaluating
ChatterBot Bravo reevaluating
ChatterBot Romeo reevaluating
ChatterBot Yankee reevaluating
ChatterBot X-ray reevaluating
ChatterBot Quebec reevaluating
ChatterBot Hotel reevaluating
ChatterBot Bravo reevaluating
ChatterBot Romeo reevaluating
ChatterBot Yankee reevaluating
ChatterBot X-ray reevaluating
ChatterBot Quebec reevaluating
ChatterBot Hotel reevaluating
ChatterBot Alpha reevaluating
ChatterBot Romeo reevaluating
ChatterBot Yankee reevaluating
ChatterBot X-ray reevaluating
ChatterBot Quebec reevaluating
ChatterBot Hotel reevaluating
ChatterBot Alpha reevaluating
ChatterBot Bravo reevaluating
randomSelections Zulu: {Zulu, Hotel, Romeo, X-ray, Bravo, Quebec} 
2024-10-14 22:31:21.529932 Zulu: Let's form a team
ChatterBot Hotel reevaluating
ChatterBot Romeo reevaluating
ChatterBot X-ray reevaluating
ChatterBot Bravo reevaluating
ChatterBot Quebec reevaluating
2024-10-14 22:31:21.540342 Hotel: No
2024-10-14 22:31:21.540674 Romeo: No
2024-10-14 22:31:21.540875 X-ray: No
2024-10-14 22:31:21.541580 Bravo: No
2024-10-14 22:31:21.541775 Quebec: No
ChatterBot Romeo reevaluating
ChatterBot X-ray reevaluating
ChatterBot Bravo reevaluating
ChatterBot Quebec reevaluating
ChatterBot Hotel reevaluating
ChatterBot X-ray reevaluating
ChatterBot Bravo reevaluating
ChatterBot Quebec reevaluating
ChatterBot Hotel reevaluating
ChatterBot Romeo reevaluating
ChatterBot Bravo reevaluating
ChatterBot Quebec reevaluating
ChatterBot Hotel reevaluating
ChatterBot Romeo reevaluating
ChatterBot X-ray reevaluating
ChatterBot Quebec reevaluating
ChatterBot Hotel reevaluating
ChatterBot Romeo reevaluating
ChatterBot X-ray reevaluating
ChatterBot Bravo reevaluating
randomSelections Sierra: {Sierra, Alpha, Quebec, Romeo, Zulu, Foxtrot} 
2024-10-14 22:31:21.617168 Sierra: We should group up
ChatterBot Alpha reevaluating
ChatterBot Quebec reevaluating
ChatterBot Romeo reevaluating
2024-10-14 22:31:21.628963 Alpha: No
2024-10-14 22:31:21.629182 Quebec: No
2024-10-14 22:31:21.629327 Romeo: No
2024-10-14 22:31:21.629527 Zulu: No
2024-10-14 22:31:21.630624 Foxtrot: No
ChatterBot Quebec reevaluating
ChatterBot Romeo reevaluating
ChatterBot Alpha reevaluating
ChatterBot Romeo reevaluating
ChatterBot Alpha reevaluating
ChatterBot Quebec reevaluating
ChatterBot Alpha reevaluating
ChatterBot Quebec reevaluating
ChatterBot Romeo reevaluating
ChatterBot Alpha reevaluating
ChatterBot Quebec reevaluating
ChatterBot Romeo reevaluating
2024-10-14 22:31:21.694551 Yankee: Foxtrot, sending you 2
2024-10-14 22:31:21.696173 Sierra: Foxtrot, Zulu, Quebec, Romeo and Alpha, sending you 2
2024-10-14 22:31:21.696719 Foxtrot: Yankee, Bravo and Romeo, sending you 2
2024-10-14 22:31:21.697291 Zulu: Bravo and Romeo, sending you 5
2024-10-14 22:31:21.699723 Yankee: Bravo and Quebec, sending you 1
2024-10-14 22:31:21.701188 Hotel: Foxtrot, Yankee, Romeo and Alpha, sending you 2
2024-10-14 22:31:21.701805 Bravo: Quebec, sending you 3
2024-10-14 22:31:21.702413 Foxtrot: Quebec, X-ray and Alpha, sending you 3
2024-10-14 22:31:21.703831 X-ray: Foxtrot and Quebec, sending you 3
2024-10-14 22:31:21.704241 Zulu: Quebec, sending you 3
2024-10-14 22:31:21.704514 Romeo: Foxtrot, sending you 4
2024-10-14 22:31:21.705897 Quebec: Foxtrot and Romeo, sending you 4
2024-10-14 22:31:21.706301 Yankee: Romeo and Hotel, sending you 4
2024-10-14 22:31:21.706752 Bravo: X-ray and Alpha, sending you 4
2024-10-14 22:31:21.708157 Hotel: Bravo, sending you 1
2024-10-14 22:31:21.708669 Alpha: Foxtrot, Romeo and Hotel, sending you 3
2024-10-14 22:31:21.710272 X-ray: Yankee, sending you 4
2024-10-14 22:31:21.710592 Zulu: Hotel, sending you 2
2024-10-14 22:31:21.710959 Yankee: Alpha, sending you 5
2024-10-14 22:31:21.711303 Romeo: Yankee and Bravo, sending you 3
2024-10-14 22:31:21.712430 Quebec: Yankee and X-ray, sending you 1
2024-10-14 22:31:21.712851 Bravo: Romeo, sending you 2
2024-10-14 22:31:21.714314 Alpha: Yankee, Quebec and X-ray, sending you 1
2024-10-14 22:31:21.714728 X-ray: Bravo and Romeo, sending you 1
2024-10-14 22:31:21.716362 Quebec: Bravo, sending you 2
2024-10-14 22:31:21.717093 Romeo: Quebec and Hotel, sending you 2
2024-10-14 22:31:21.719123 X-ray: Alpha, sending you 2
2024-10-14 22:31:21.720631 Quebec: Alpha, sending you 3
2024-10-14 22:31:21.723314 Romeo: Alpha, sending you 1
chatterbot Foxtrot submitting transactions
chatterbot X-ray submitting transactions
chatterbot Bravo submitting transactions
chatterbot Alpha submitting transactions
chatterbot Romeo submitting transactions
chatterbot Quebec submitting transactions
chatterbot Hotel submitting transactions
chatterbot Yankee submitting transactions
chatterbot Zulu submitting transactions
chatterbot Sierra submitting transactions
ChatterBot Foxtrot round 2
ChatterBot Zulu round 2
ChatterBot Yankee round 2
ChatterBot Bravo round 2
ChatterBot Quebec round 2
ChatterBot X-ray round 2
ChatterBot Romeo round 2
ChatterBot Alpha round 2
ChatterBot Hotel round 2
ChatterBot Sierra round 2
2024-10-14 22:31:22.902677 Zulu: Let's form a team
ChatterBot Sierra reevaluating
2024-10-14 22:31:22.909722 Sierra: Yes
2024-10-14 22:31:22.915239 Sierra: We should group up
2024-10-14 22:31:22.919771 Zulu: Yes
ChatterBot Sierra reevaluating
2024-10-14 22:31:22.931043 Bravo: We should add Zulu
ChatterBot X-ray reevaluating
ChatterBot Hotel reevaluating
ChatterBot Alpha reevaluating
ChatterBot Romeo reevaluating
2024-10-14 22:31:22.961404 Foxtrot: No
2024-10-14 22:31:22.961557 Yankee: No
2024-10-14 22:31:22.962100 X-ray: No
2024-10-14 22:31:22.962222 Quebec: No
2024-10-14 22:31:22.962334 Hotel: No
2024-10-14 22:31:22.962443 Alpha: No
2024-10-14 22:31:22.962552 Romeo: Yes
ChatterBot X-ray reevaluating
ChatterBot Hotel reevaluating
ChatterBot Alpha reevaluating
ChatterBot Romeo reevaluating
ChatterBot X-ray reevaluating
ChatterBot Hotel reevaluating
ChatterBot Alpha reevaluating
ChatterBot Romeo reevaluating
ChatterBot Hotel reevaluating
ChatterBot Alpha reevaluating
ChatterBot Romeo reevaluating
ChatterBot X-ray reevaluating
ChatterBot Hotel reevaluating
ChatterBot Alpha reevaluating
ChatterBot Romeo reevaluating
ChatterBot X-ray reevaluating
ChatterBot Alpha reevaluating
ChatterBot Romeo reevaluating
ChatterBot X-ray reevaluating
ChatterBot Hotel reevaluating
ChatterBot Romeo reevaluating
ChatterBot X-ray reevaluating
ChatterBot Hotel reevaluating
ChatterBot Alpha reevaluating
2024-10-14 22:31:23.193116 Bravo: Zulu we want you to join our group
2024-10-14 22:31:23.197479 Zulu: No
ChatterBot Bravo reevaluating
ChatterBot X-ray reevaluating
ChatterBot Romeo reevaluating
ChatterBot Alpha reevaluating
ChatterBot Hotel reevaluating
2024-10-14 22:31:23.359106 Yankee: Foxtrot and Hotel, sending you 3
2024-10-14 22:31:23.359826 Romeo: Zulu we want you to join our group
2024-10-14 22:31:23.396335 Zulu: No
ChatterBot Bravo reevaluating
2024-10-14 22:31:23.506007 Zulu: Sending you 6
2024-10-14 22:31:23.506512 Foxtrot: Yankee, Bravo, X-ray, Romeo, Alpha and Hotel, sending you 2
2024-10-14 22:31:23.507971 Quebec: Foxtrot, sending you 3
chatterbot Yankee submitting transactions
2024-10-14 22:31:23.509730 Yankee: Quebec, sending you 2
chatterbot Foxtrot submitting transactions
chatterbot Zulu submitting transactions
2024-10-14 22:31:24.070369 Foxtrot: Quebec, sending you 3
2024-10-14 22:31:24.071300 Quebec: Yankee, Bravo, X-ray, Romeo, Alpha and Hotel, sending you 2
2024-10-14 22:31:24.071762 Sierra: Same as last round
2024-10-14 22:31:24.072008 Hotel: Foxtrot and Bravo, sending you 1
2024-10-14 22:31:24.073032 Yankee: X-ray, sending you 5
2024-10-14 22:31:24.073467 X-ray: Foxtrot, sending you 4
chatterbot X-ray submitting transactions
chatterbot Alpha submitting transactions
chatterbot Hotel submitting transactions
chatterbot Quebec submitting transactions
2024-10-14 22:31:24.522468 Hotel: Yankee, sending you 6
2024-10-14 22:31:24.523415 Yankee: Romeo, sending you 4
2024-10-14 22:31:24.523817 X-ray: Yankee and Romeo, sending you 1
2024-10-14 22:31:24.524744 Alpha: Foxtrot, Quebec, X-ray, Romeo and Hotel, sending you 2
2024-10-14 22:31:24.525115 Romeo: Foxtrot, Bravo and Hotel, sending you 2
chatterbot Romeo submitting transactions
chatterbot Sierra submitting transactions
2024-10-14 22:31:24.526048 Hotel: Romeo, sending you 3
2024-10-14 22:31:24.961242 Romeo: Zulu, sending you 4
2024-10-14 22:31:24.962122 Alpha: Yankee and Bravo, sending you 3
2024-10-14 22:31:24.962597 Hotel: Alpha, sending you 5
2024-10-14 22:31:24.963715 X-ray: Bravo, sending you 6
2024-10-14 22:31:24.964133 Bravo: Foxtrot, Quebec and Romeo, sending you 2
chatterbot Bravo submitting transactions
2024-10-14 22:31:24.978454 Romeo: Yankee, Quebec and Alpha, sending you 3
2024-10-14 22:31:24.978960 X-ray: Quebec and Alpha, sending you 2
2024-10-14 22:31:24.980018 Bravo: Zulu, sending you 3
ChatterBot Foxtrot round 3
ChatterBot Zulu round 3
ChatterBot Yankee round 3
ChatterBot Bravo round 3
2024-10-14 22:31:25.047848 Romeo: X-ray, sending you 1
ChatterBot Quebec round 3
ChatterBot X-ray round 3
ChatterBot Romeo round 3
2024-10-14 22:31:25.050068 Bravo: Yankee, X-ray, Alpha and Hotel, sending you 1
ChatterBot Alpha round 3
ChatterBot Hotel round 3
ChatterBot Sierra round 3
2024-10-14 22:31:25.149362 Bravo: We should drop Zulu
2024-10-14 22:31:25.200832 Foxtrot: Yes
2024-10-14 22:31:25.201098 Yankee: Yes
2024-10-14 22:31:25.201782 X-ray: Yes
2024-10-14 22:31:25.201987 Quebec: Yes
2024-10-14 22:31:25.202175 Hotel: Yes
2024-10-14 22:31:25.202371 Alpha: Yes
2024-10-14 22:31:25.202656 Romeo: Yes
2024-10-14 22:31:25.622704 Zulu: Sending you 5
2024-10-14 22:31:25.623509 Yankee: Foxtrot, Quebec, X-ray and Alpha, sending you 2
2024-10-14 22:31:25.624478 Foxtrot: Yankee, Bravo, X-ray, Romeo, Alpha and Hotel, sending you 2
2024-10-14 22:31:25.630716 Yankee: Bravo, sending you 1
2024-10-14 22:31:25.631608 X-ray: Foxtrot and Bravo, sending you 3
chatterbot Quebec submitting transactions
2024-10-14 22:31:25.633185 Foxtrot: Quebec, sending you 3
2024-10-14 22:31:25.636519 Yankee: Romeo, sending you 3
2024-10-14 22:31:25.640903 Romeo: Foxtrot, Quebec, Alpha and Hotel, sending you 3
2024-10-14 22:31:25.641731 X-ray: Yankee, sending you 4
2024-10-14 22:31:25.643136 Hotel: Foxtrot and Quebec, sending you 2
2024-10-14 22:31:25.644329 Alpha: Foxtrot, Yankee, Bravo, Quebec, X-ray and Romeo, sending you 2
2024-10-14 22:31:25.645023 Quebec: Foxtrot, sending you 3
2024-10-14 22:31:25.646228 Bravo: Foxtrot, Quebec, Alpha and Hotel, sending you 2
2024-10-14 22:31:25.647378 Sierra: Same as last round
2024-10-14 22:31:25.647764 Yankee: Hotel, sending you 5
2024-10-14 22:31:25.648932 Romeo: Yankee, sending you 5
2024-10-14 22:31:25.650185 X-ray: Quebec and Alpha, sending you 2
2024-10-14 22:31:25.650901 Alpha: Hotel, sending you 3
2024-10-14 22:31:25.652388 Hotel: Yankee, sending you 4
2024-10-14 22:31:25.653607 Quebec: Yankee, Bravo, X-ray, Romeo, Alpha and Hotel, sending you 2
2024-10-14 22:31:25.654486 Romeo: Bravo, sending you 2
2024-10-14 22:31:25.655712 X-ray: Romeo and Hotel, sending you 1
2024-10-14 22:31:25.656796 Hotel: Bravo and X-ray, sending you 1
2024-10-14 22:31:25.657553 Bravo: X-ray and Romeo, sending you 3
2024-10-14 22:31:25.658899 Romeo: X-ray, sending you 1
2024-10-14 22:31:25.662693 Hotel: Romeo and Alpha, sending you 3
chatterbot Zulu submitting transactions
chatterbot Hotel submitting transactions
chatterbot Foxtrot submitting transactions
chatterbot Alpha submitting transactions
chatterbot X-ray submitting transactions
chatterbot Romeo submitting transactions
chatterbot Yankee submitting transactions
chatterbot Bravo submitting transactions
chatterbot Sierra submitting transactions
ChatterBot Foxtrot round 4
ChatterBot Zulu round 4
ChatterBot Yankee round 4
ChatterBot Bravo round 4
ChatterBot Quebec round 4
ChatterBot X-ray round 4
ChatterBot Romeo round 4
ChatterBot Alpha round 4
ChatterBot Hotel round 4
ChatterBot Sierra round 4
2024-10-14 22:31:26.838820 Bravo: Foxtrot, Quebec, Romeo, Alpha and Hotel, sending you 2
2024-10-14 22:31:26.840487 Yankee: Foxtrot, Quebec and Alpha, sending you 2
2024-10-14 22:31:26.842070 Zulu: Sending you 6
2024-10-14 22:31:26.842384 Foxtrot: Yankee, Bravo, X-ray, Romeo, Alpha and Hotel, sending you 2
2024-10-14 22:31:26.844021 Bravo: Yankee, sending you 1
2024-10-14 22:31:26.848386 Yankee: X-ray, sending you 3
2024-10-14 22:31:26.849696 Hotel: Foxtrot, Bravo and Quebec, sending you 2
2024-10-14 22:31:26.850376 Foxtrot: Quebec, sending you 3
2024-10-14 22:31:26.851537 Alpha: Foxtrot, Yankee, Bravo, Quebec, X-ray and Romeo, sending you 2
2024-10-14 22:31:26.852749 Quebec: Foxtrot, sending you 3
2024-10-14 22:31:26.853493 Romeo: Foxtrot, Bravo, Quebec, Alpha and Hotel, sending you 3
2024-10-14 22:31:26.854825 Bravo: X-ray, sending you 3
2024-10-14 22:31:26.856170 Sierra: Same as last round
2024-10-14 22:31:26.856472 Yankee: Romeo and Hotel, sending you 4
2024-10-14 22:31:26.857142 Hotel: Yankee, sending you 4
2024-10-14 22:31:26.858363 X-ray: Foxtrot and Yankee, sending you 3
2024-10-14 22:31:26.859779 Alpha: Hotel, sending you 3
2024-10-14 22:31:26.860769 Quebec: Yankee, Bravo, X-ray, Romeo, Alpha and Hotel, sending you 2
2024-10-14 22:31:26.862139 Romeo: Yankee, sending you 4
2024-10-14 22:31:26.863332 Hotel: Romeo and Alpha, sending you 3
2024-10-14 22:31:26.863962 X-ray: Bravo, sending you 4
2024-10-14 22:31:26.865668 Romeo: X-ray, sending you 1
2024-10-14 22:31:26.867978 X-ray: Quebec and Alpha, sending you 2
2024-10-14 22:31:26.873691 X-ray: Romeo and Hotel, sending you 1
chatterbot Bravo submitting transactions
chatterbot Alpha submitting transactions
chatterbot Romeo submitting transactions
chatterbot Zulu submitting transactions
chatterbot Quebec submitting transactions
chatterbot X-ray submitting transactions
chatterbot Hotel submitting transactions
chatterbot Yankee submitting transactions
chatterbot Foxtrot submitting transactions
chatterbot Sierra submitting transactions
ChatterBot Foxtrot round 5
ChatterBot Zulu round 5
ChatterBot Yankee round 5
ChatterBot Bravo round 5
ChatterBot Quebec round 5
ChatterBot X-ray round 5
ChatterBot Romeo round 5
ChatterBot Alpha round 5
ChatterBot Hotel round 5
ChatterBot Sierra round 5
2024-10-14 22:31:28.330498 Romeo: Foxtrot, Bravo, Quebec, Alpha and Hotel, sending you 3
2024-10-14 22:31:28.332839 Quebec: Foxtrot, sending you 3
2024-10-14 22:31:28.335234 Yankee: Foxtrot, Quebec and Alpha, sending you 2
2024-10-14 22:31:28.337073 Alpha: Foxtrot, Yankee, Bravo, Quebec, X-ray and Romeo, sending you 2
2024-10-14 22:31:28.339311 Zulu: Same as last round
2024-10-14 22:31:28.340399 X-ray: Foxtrot and Yankee, sending you 3
2024-10-14 22:31:28.342490 Bravo: Foxtrot, Quebec, Romeo, Alpha and Hotel, sending you 2
2024-10-14 22:31:28.345180 Foxtrot: Yankee, Bravo, X-ray, Romeo, Alpha and Hotel, sending you 2
2024-10-14 22:31:28.347029 Hotel: Foxtrot, Bravo and Quebec, sending you 2
2024-10-14 22:31:28.348961 Romeo: Yankee, sending you 4
2024-10-14 22:31:28.350898 Quebec: Yankee, Bravo, X-ray, Romeo, Alpha and Hotel, sending you 2
2024-10-14 22:31:28.353795 Yankee: Bravo, sending you 1
2024-10-14 22:31:28.355777 Alpha: Hotel, sending you 3
2024-10-14 22:31:28.357889 X-ray: Bravo, sending you 4
2024-10-14 22:31:28.360319 Bravo: Yankee, sending you 1
2024-10-14 22:31:28.362501 Foxtrot: Quebec, sending you 3
2024-10-14 22:31:28.365052 Hotel: Yankee, sending you 4
2024-10-14 22:31:28.366851 Sierra: Same as last round
2024-10-14 22:31:28.367511 Romeo: X-ray, sending you 1
2024-10-14 22:31:28.369536 Yankee: X-ray and Romeo, sending you 3
2024-10-14 22:31:28.372401 X-ray: Quebec and Alpha, sending you 2
2024-10-14 22:31:28.374251 Bravo: X-ray, sending you 3
2024-10-14 22:31:28.376039 Hotel: Romeo and Alpha, sending you 3
2024-10-14 22:31:28.378344 Yankee: Hotel, sending you 4
2024-10-14 22:31:28.380378 X-ray: Romeo and Hotel, sending you 1
chatterbot Foxtrot submitting transactions
chatterbot Sierra submitting transactions
chatterbot Bravo submitting transactions
chatterbot Quebec submitting transactions
chatterbot Hotel submitting transactions
chatterbot Alpha submitting transactions
chatterbot Zulu submitting transactions
chatterbot Romeo submitting transactions
chatterbot X-ray submitting transactions
chatterbot Yankee submitting transactions
ChatterBot Foxtrot round 6
ChatterBot Zulu round 6
ChatterBot Yankee round 6
ChatterBot Bravo round 6
ChatterBot Quebec round 6
ChatterBot X-ray round 6
ChatterBot Romeo round 6
ChatterBot Alpha round 6
ChatterBot Hotel round 6
ChatterBot Sierra round 6
2024-10-14 22:31:29.529687 Yankee: Foxtrot, Quebec and Alpha, sending you 2
2024-10-14 22:31:29.536121 Quebec: Foxtrot, sending you 3
2024-10-14 22:31:29.542618 Yankee: Bravo, sending you 1
2024-10-14 22:31:29.545570 Quebec: Yankee, Bravo, X-ray, Romeo, Alpha and Hotel, sending you 2
2024-10-14 22:31:29.549259 Foxtrot: Yankee, Bravo, X-ray, Romeo, Alpha and Hotel, sending you 2
2024-10-14 22:31:29.552623 Bravo: Foxtrot, Quebec, Romeo, Alpha and Hotel, sending you 2
2024-10-14 22:31:29.555012 Zulu: Sending you 7
2024-10-14 22:31:29.555980 Alpha: Foxtrot, Yankee, Bravo, Quebec, X-ray and Romeo, sending you 2
2024-10-14 22:31:29.557807 Romeo: Foxtrot, Bravo, Quebec, Alpha and Hotel, sending you 3
2024-10-14 22:31:29.560008 Yankee: X-ray and Romeo, sending you 3
2024-10-14 22:31:29.561657 X-ray: Foxtrot and Yankee, sending you 3
2024-10-14 22:31:29.563692 Foxtrot: Quebec, sending you 3
2024-10-14 22:31:29.564844 Bravo: Yankee, sending you 1
2024-10-14 22:31:29.566820 Alpha: Hotel, sending you 3
2024-10-14 22:31:29.567941 Romeo: Yankee, sending you 4
2024-10-14 22:31:29.569490 Yankee: Hotel, sending you 4
2024-10-14 22:31:29.570272 Hotel: Foxtrot, Bravo and Quebec, sending you 2
2024-10-14 22:31:29.571048 X-ray: Bravo, sending you 4
2024-10-14 22:31:29.572490 Sierra: Same as last round
2024-10-14 22:31:29.572822 Bravo: X-ray, sending you 3
2024-10-14 22:31:29.573733 Romeo: X-ray, sending you 1
2024-10-14 22:31:29.575121 Hotel: Yankee, sending you 4
2024-10-14 22:31:29.576668 X-ray: Quebec and Alpha, sending you 2
2024-10-14 22:31:29.580822 Hotel: Romeo and Alpha, sending you 3
2024-10-14 22:31:29.581777 X-ray: Romeo and Hotel, sending you 1
chatterbot Zulu submitting transactions
chatterbot X-ray submitting transactions
chatterbot Bravo submitting transactions
chatterbot Quebec submitting transactions
chatterbot Foxtrot submitting transactions
chatterbot Alpha submitting transactions
chatterbot Sierra submitting transactions
chatterbot Hotel submitting transactions
chatterbot Yankee submitting transactions
chatterbot Romeo submitting transactions
ChatterBot Foxtrot round 7
ChatterBot Zulu round 7
ChatterBot Yankee round 7
ChatterBot Bravo round 7
ChatterBot Quebec round 7
ChatterBot X-ray round 7
ChatterBot Romeo round 7
ChatterBot Alpha round 7
ChatterBot Hotel round 7
ChatterBot Sierra round 7
2024-10-14 22:31:30.696982 Foxtrot: Yankee, Bravo, X-ray, Romeo, Alpha and Hotel, sending you 2
2024-10-14 22:31:30.701807 Romeo: Foxtrot, Bravo, Quebec and Alpha, sending you 3
2024-10-14 22:31:30.703341 Bravo: Foxtrot, Quebec, Romeo, Alpha and Hotel, sending you 2
2024-10-14 22:31:30.704732 Foxtrot: Quebec, sending you 3
2024-10-14 22:31:30.705509 X-ray: Foxtrot and Bravo, sending you 3
2024-10-14 22:31:30.706327 Quebec: Foxtrot, sending you 3
2024-10-14 22:31:30.707520 Romeo: Yankee and Hotel, sending you 4
2024-10-14 22:31:30.708708 Bravo: Yankee, sending you 1
2024-10-14 22:31:30.710179 Zulu: Sending you 8
2024-10-14 22:31:30.710451 X-ray: Yankee, sending you 4
2024-10-14 22:31:30.711417 Quebec: Yankee, Bravo, X-ray, Romeo, Alpha and Hotel, sending you 2
2024-10-14 22:31:30.712604 Yankee: Foxtrot, Quebec and Alpha, sending you 2
2024-10-14 22:31:30.713460 Hotel: Foxtrot, Bravo and Quebec, sending you 2
2024-10-14 22:31:30.714666 X-ray: Quebec and Alpha, sending you 2
2024-10-14 22:31:30.715677 Sierra: Sending you 1
2024-10-14 22:31:30.715933 Bravo: X-ray, sending you 3
2024-10-14 22:31:30.717170 Alpha: Foxtrot, Yankee, Bravo, Quebec, X-ray and Romeo, sending you 2
2024-10-14 22:31:30.718462 Yankee: Bravo, sending you 1
2024-10-14 22:31:30.720221 Hotel: Yankee, sending you 4
2024-10-14 22:31:30.722186 X-ray: Romeo and Hotel, sending you 1
2024-10-14 22:31:30.723361 Alpha: Hotel, sending you 3
2024-10-14 22:31:30.724956 Yankee: X-ray and Romeo, sending you 3
2024-10-14 22:31:30.726681 Hotel: Romeo and Alpha, sending you 3
2024-10-14 22:31:30.730661 Yankee: Hotel, sending you 4
chatterbot Zulu submitting transactions
chatterbot Romeo submitting transactions
chatterbot Bravo submitting transactions
chatterbot Yankee submitting transactions
chatterbot Foxtrot submitting transactions
chatterbot Sierra submitting transactions
chatterbot Hotel submitting transactions
chatterbot Alpha submitting transactions
chatterbot X-ray submitting transactions
chatterbot Quebec submitting transactions
ChatterBot Foxtrot round 8
ChatterBot Zulu round 8
ChatterBot Yankee round 8
ChatterBot Bravo round 8
ChatterBot Quebec round 8
ChatterBot X-ray round 8
ChatterBot Romeo round 8
ChatterBot Alpha round 8
ChatterBot Hotel round 8
ChatterBot Sierra round 8
2024-10-14 22:31:31.868658 Bravo: Foxtrot, Quebec, Romeo, Alpha and Hotel, sending you 2
2024-10-14 22:31:31.870874 Quebec: Foxtrot, sending you 3
2024-10-14 22:31:31.873772 Quebec: Yankee, Bravo, X-ray, Romeo, Alpha and Hotel, sending you 2
2024-10-14 22:31:31.874836 Bravo: Yankee, sending you 1
2024-10-14 22:31:31.876483 Hotel: Foxtrot, Bravo and Quebec, sending you 2
2024-10-14 22:31:31.879716 Hotel: Yankee, sending you 4
2024-10-14 22:31:31.881129 Bravo: X-ray, sending you 3
2024-10-14 22:31:31.882192 X-ray: Foxtrot and Bravo, sending you 3
2024-10-14 22:31:31.883163 Romeo: Foxtrot, Bravo, Quebec and Alpha, sending you 3
2024-10-14 22:31:31.884670 Yankee: Foxtrot, Quebec and Alpha, sending you 2
2024-10-14 22:31:31.886395 Hotel: Romeo and Alpha, sending you 3
2024-10-14 22:31:31.888271 Foxtrot: Yankee, Bravo, X-ray, Romeo, Alpha and Hotel, sending you 2
2024-10-14 22:31:31.889381 Alpha: Foxtrot, Yankee, Bravo, Quebec, X-ray and Romeo, sending you 2
2024-10-14 22:31:31.890382 X-ray: Yankee, sending you 4
2024-10-14 22:31:31.891923 Romeo: Yankee and Hotel, sending you 4
2024-10-14 22:31:31.893356 Yankee: Bravo, sending you 1
2024-10-14 22:31:31.895480 Foxtrot: Quebec, sending you 3
2024-10-14 22:31:31.896811 Alpha: Hotel, sending you 3
2024-10-14 22:31:31.898521 X-ray: Quebec and Alpha, sending you 2
2024-10-14 22:31:31.899827 Yankee: X-ray and Romeo, sending you 3
2024-10-14 22:31:31.900998 Sierra: Same as last round
2024-10-14 22:31:31.903659 X-ray: Romeo and Hotel, sending you 1
2024-10-14 22:31:31.906196 Yankee: Hotel, sending you 4
chatterbot Quebec submitting transactions
chatterbot X-ray submitting transactions
chatterbot Hotel submitting transactions
chatterbot Bravo submitting transactions
chatterbot Alpha submitting transactions
chatterbot Foxtrot submitting transactions
chatterbot Romeo submitting transactions
chatterbot Sierra submitting transactions
chatterbot Yankee submitting transactions
chatterbot Zulu submitting transactions
ChatterBot Foxtrot round 9
ChatterBot Zulu round 9
ChatterBot Yankee round 9
ChatterBot Bravo round 9
ChatterBot Quebec round 9
ChatterBot X-ray round 9
ChatterBot Romeo round 9
ChatterBot Alpha round 9
ChatterBot Hotel round 9
ChatterBot Sierra round 9
2024-10-14 22:31:33.080134 Bravo: Foxtrot, Quebec, Romeo, Alpha and Hotel, sending you 2
2024-10-14 22:31:33.084656 Bravo: Yankee, sending you 1
2024-10-14 22:31:33.087188 Zulu: Sending you 8
2024-10-14 22:31:33.087564 Foxtrot: Yankee, Bravo, X-ray, Romeo, Alpha and Hotel, sending you 2
2024-10-14 22:31:33.089629 Alpha: Foxtrot, Yankee, Bravo, Quebec, X-ray and Romeo, sending you 2
2024-10-14 22:31:33.090851 Bravo: X-ray, sending you 3
2024-10-14 22:31:33.092709 Foxtrot: Quebec, sending you 3
2024-10-14 22:31:33.094794 Yankee: Foxtrot, Quebec and Alpha, sending you 2
2024-10-14 22:31:33.097064 Alpha: Hotel, sending you 3
2024-10-14 22:31:33.098654 Quebec: Foxtrot, sending you 3
2024-10-14 22:31:33.099905 X-ray: Foxtrot and Bravo, sending you 3
2024-10-14 22:31:33.101755 Romeo: Foxtrot, Bravo, Quebec and Alpha, sending you 3
2024-10-14 22:31:33.103166 Yankee: Bravo, sending you 1
2024-10-14 22:31:33.105030 Hotel: Foxtrot, Bravo and Quebec, sending you 2
2024-10-14 22:31:33.106497 Quebec: Yankee, Bravo, X-ray, Romeo, Alpha and Hotel, sending you 2
2024-10-14 22:31:33.108275 Sierra: Same as last round
2024-10-14 22:31:33.108527 X-ray: Yankee, sending you 4
2024-10-14 22:31:33.110035 Romeo: Yankee and Hotel, sending you 4
2024-10-14 22:31:33.112269 Yankee: X-ray and Romeo, sending you 3
2024-10-14 22:31:33.113893 Hotel: Yankee, sending you 4
2024-10-14 22:31:33.115671 X-ray: Quebec and Alpha, sending you 2
2024-10-14 22:31:33.117707 Yankee: Hotel, sending you 4
2024-10-14 22:31:33.119670 Hotel: Romeo and Alpha, sending you 3
2024-10-14 22:31:33.121178 X-ray: Romeo and Hotel, sending you 1
chatterbot Sierra submitting transactions
chatterbot Quebec submitting transactions
chatterbot Bravo submitting transactions
chatterbot Foxtrot submitting transactions
chatterbot Romeo submitting transactions
chatterbot X-ray submitting transactions
chatterbot Zulu submitting transactions
chatterbot Alpha submitting transactions
chatterbot Hotel submitting transactions
chatterbot Yankee submitting transactions
ChatterBot Foxtrot round 10
ChatterBot Zulu round 10
ChatterBot Yankee round 10
ChatterBot Bravo round 10
ChatterBot Quebec round 10
ChatterBot X-ray round 10
ChatterBot Romeo round 10
ChatterBot Alpha round 10
ChatterBot Hotel round 10
ChatterBot Sierra round 10
2024-10-14 22:31:34.262664 Foxtrot: Yankee, Bravo, X-ray, Romeo, Alpha and Hotel, sending you 2
2024-10-14 22:31:34.268665 Foxtrot: Quebec, sending you 3
2024-10-14 22:31:34.271840 Quebec: Foxtrot, sending you 3
2024-10-14 22:31:34.273654 X-ray: Foxtrot and Bravo, sending you 3
2024-10-14 22:31:34.275676 Yankee: Foxtrot, Quebec and Alpha, sending you 2
2024-10-14 22:31:34.277600 Alpha: Foxtrot, Yankee, Bravo, Quebec, X-ray and Romeo, sending you 2
2024-10-14 22:31:34.278719 Bravo: Foxtrot, Yankee, Quebec, Romeo, Alpha and Hotel, sending you 2
2024-10-14 22:31:34.279724 Quebec: Yankee, Bravo, X-ray, Romeo, Alpha and Hotel, sending you 2
2024-10-14 22:31:34.281141 X-ray: Yankee, sending you 4
2024-10-14 22:31:34.282163 Yankee: Bravo, sending you 1
2024-10-14 22:31:34.283125 Alpha: Hotel, sending you 3
2024-10-14 22:31:34.284155 Sierra: Same as last round
2024-10-14 22:31:34.284428 Bravo: X-ray, sending you 3
2024-10-14 22:31:34.286410 Hotel: Foxtrot, Bravo and Quebec, sending you 2
2024-10-14 22:31:34.288062 X-ray: Quebec and Alpha, sending you 2
2024-10-14 22:31:34.289411 Romeo: Foxtrot, Bravo, Quebec and Alpha, sending you 3
2024-10-14 22:31:34.291264 Yankee: X-ray and Romeo, sending you 3
2024-10-14 22:31:34.292693 Hotel: Yankee, sending you 4
2024-10-14 22:31:34.294087 X-ray: Romeo and Hotel, sending you 1
2024-10-14 22:31:34.295964 Romeo: Yankee and Hotel, sending you 4
2024-10-14 22:31:34.297692 Yankee: Hotel, sending you 4
2024-10-14 22:31:34.298794 Hotel: Romeo and Alpha, sending you 3
chatterbot Foxtrot submitting transactions
chatterbot Yankee submitting transactions
chatterbot Hotel submitting transactions
chatterbot Alpha submitting transactions
chatterbot Sierra submitting transactions
chatterbot Romeo submitting transactions
chatterbot X-ray submitting transactions
chatterbot Zulu submitting transactions
chatterbot Bravo submitting transactions
chatterbot Quebec submitting transactions
ChatterBot Foxtrot round 11
ChatterBot Zulu round 11
ChatterBot Yankee round 11
ChatterBot Bravo round 11
ChatterBot Quebec round 11
ChatterBot X-ray round 11
ChatterBot Romeo round 11
ChatterBot Alpha round 11
ChatterBot Hotel round 11
ChatterBot Sierra round 11
2024-10-14 22:31:35.402959 Quebec: Foxtrot, sending you 3
2024-10-14 22:31:35.405861 Zulu: Sending you 9
2024-10-14 22:31:35.406240 Romeo: Foxtrot, Bravo, Quebec and Alpha, sending you 3
2024-10-14 22:31:35.408459 Bravo: Foxtrot, Yankee, Quebec, Romeo, Alpha and Hotel, sending you 2
2024-10-14 22:31:35.410635 Alpha: Foxtrot, Yankee, Bravo, Quebec, X-ray and Romeo, sending you 2
2024-10-14 22:31:35.412709 Quebec: Yankee, Bravo, X-ray, Romeo, Alpha and Hotel, sending you 2
2024-10-14 22:31:35.415350 Romeo: Yankee and Hotel, sending you 4
2024-10-14 22:31:35.417581 Foxtrot: Yankee, Bravo, X-ray, Romeo, Alpha and Hotel, sending you 2
2024-10-14 22:31:35.420517 Bravo: X-ray, sending you 3
2024-10-14 22:31:35.422247 X-ray: Foxtrot, Yankee, Bravo and Alpha, sending you 3
2024-10-14 22:31:35.426240 Alpha: Hotel, sending you 3
2024-10-14 22:31:35.428105 Sierra: Same as last round
2024-10-14 22:31:35.428377 Yankee: Foxtrot, Quebec and Alpha, sending you 2
2024-10-14 22:31:35.429858 Foxtrot: Quebec, sending you 3
2024-10-14 22:31:35.431322 X-ray: Quebec, sending you 2
2024-10-14 22:31:35.433414 Hotel: Foxtrot, Bravo and Quebec, sending you 2
2024-10-14 22:31:35.436030 Yankee: Bravo, sending you 1
2024-10-14 22:31:35.439219 X-ray: Romeo and Hotel, sending you 1
2024-10-14 22:31:35.441924 Hotel: Yankee, sending you 4
2024-10-14 22:31:35.443816 Yankee: X-ray and Romeo, sending you 3
2024-10-14 22:31:35.446562 Hotel: Romeo and Alpha, sending you 3
2024-10-14 22:31:35.450258 Yankee: Hotel, sending you 4
chatterbot Alpha submitting transactions
chatterbot Zulu submitting transactions
chatterbot Bravo submitting transactions
chatterbot X-ray submitting transactions
chatterbot Romeo submitting transactions
chatterbot Hotel submitting transactions
chatterbot Quebec submitting transactions
chatterbot Yankee submitting transactions
chatterbot Sierra submitting transactions
chatterbot Foxtrot submitting transactions
ChatterBot Foxtrot round 12
ChatterBot Zulu round 12
ChatterBot Yankee round 12
ChatterBot Bravo round 12
ChatterBot Quebec round 12
ChatterBot X-ray round 12
ChatterBot Romeo round 12
ChatterBot Alpha round 12
ChatterBot Hotel round 12
ChatterBot Sierra round 12
2024-10-14 22:31:36.488162 Bravo: Foxtrot, Yankee, Quebec, Romeo, Alpha and Hotel, sending you 2
2024-10-14 22:31:36.489651 Yankee: Foxtrot, Quebec and Alpha, sending you 2
2024-10-14 22:31:36.491663 Bravo: X-ray, sending you 3
2024-10-14 22:31:36.493585 Sierra: Same as last round
2024-10-14 22:31:36.494386 Romeo: Foxtrot, Bravo, Quebec and Alpha, sending you 3
2024-10-14 22:31:36.496509 Yankee: Bravo, sending you 1
2024-10-14 22:31:36.499027 Quebec: Foxtrot, sending you 3
2024-10-14 22:31:36.501100 X-ray: Foxtrot, Yankee, Bravo and Alpha, sending you 3
2024-10-14 22:31:36.503894 Hotel: Foxtrot, Bravo and Quebec, sending you 2
2024-10-14 22:31:36.506365 Romeo: Yankee and Hotel, sending you 4
2024-10-14 22:31:36.507730 Alpha: Foxtrot, Yankee, Bravo, Quebec, X-ray and Romeo, sending you 2
2024-10-14 22:31:36.511026 Yankee: X-ray and Romeo, sending you 3
2024-10-14 22:31:36.516135 Quebec: Yankee, Bravo, X-ray, Romeo, Alpha and Hotel, sending you 2
2024-10-14 22:31:36.519648 Foxtrot: Yankee, Bravo, X-ray, Romeo, Alpha and Hotel, sending you 2
2024-10-14 22:31:36.523027 X-ray: Quebec, sending you 2
2024-10-14 22:31:36.528915 Hotel: Yankee, sending you 4
2024-10-14 22:31:36.532294 Alpha: Hotel, sending you 3
2024-10-14 22:31:36.539093 Yankee: Hotel, sending you 4
2024-10-14 22:31:36.542825 Foxtrot: Quebec, sending you 3
2024-10-14 22:31:36.549336 X-ray: Romeo and Hotel, sending you 1
2024-10-14 22:31:36.552480 Hotel: Romeo and Alpha, sending you 3
chatterbot X-ray submitting transactions
chatterbot Bravo submitting transactions
chatterbot Hotel submitting transactions
chatterbot Foxtrot submitting transactions
chatterbot Yankee submitting transactions
chatterbot Quebec submitting transactions
chatterbot Sierra submitting transactions
chatterbot Zulu submitting transactions
chatterbot Romeo submitting transactions
chatterbot Alpha submitting transactions
ChatterBot Foxtrot round 13
ChatterBot Zulu round 13
ChatterBot Yankee round 13
ChatterBot Bravo round 13
ChatterBot Quebec round 13
ChatterBot X-ray round 13
ChatterBot Romeo round 13
ChatterBot Alpha round 13
ChatterBot Hotel round 13
ChatterBot Sierra round 13
2024-10-14 22:31:37.745683 Yankee: Foxtrot, Quebec and Alpha, sending you 2
2024-10-14 22:31:37.747678 X-ray: Foxtrot, Yankee, Bravo and Alpha, sending you 3
2024-10-14 22:31:37.749692 Yankee: Bravo, sending you 1
2024-10-14 22:31:37.752669 Foxtrot: Yankee, Bravo, X-ray, Romeo, Alpha and Hotel, sending you 2
2024-10-14 22:31:37.754410 X-ray: Quebec, sending you 2
2024-10-14 22:31:37.755757 Quebec: Foxtrot, sending you 3
2024-10-14 22:31:37.756981 Yankee: X-ray and Romeo, sending you 3
2024-10-14 22:31:37.758149 Hotel: Foxtrot, Bravo and Quebec, sending you 2
2024-10-14 22:31:37.759894 Foxtrot: Quebec, sending you 3
2024-10-14 22:31:37.761278 X-ray: Romeo and Hotel, sending you 1
2024-10-14 22:31:37.762516 Quebec: Yankee, Bravo, X-ray, Romeo, Alpha and Hotel, sending you 2
2024-10-14 22:31:37.764120 Yankee: Hotel, sending you 4
2024-10-14 22:31:37.765319 Hotel: Yankee, sending you 4
2024-10-14 22:31:37.766508 Romeo: Foxtrot, Bravo, Quebec and Alpha, sending you 3
2024-10-14 22:31:37.767737 Bravo: Foxtrot, Yankee, Quebec, Romeo, Alpha and Hotel, sending you 2
2024-10-14 22:31:37.769684 Sierra: Same as last round
2024-10-14 22:31:37.770658 Hotel: Romeo and Alpha, sending you 3
2024-10-14 22:31:37.772861 Romeo: Yankee and Hotel, sending you 4
2024-10-14 22:31:37.774272 Alpha: Foxtrot, Yankee, Bravo, Quebec, X-ray and Romeo, sending you 2
2024-10-14 22:31:37.775589 Bravo: X-ray, sending you 3
2024-10-14 22:31:37.778665 Alpha: Hotel, sending you 3
chatterbot Romeo submitting transactions
chatterbot X-ray submitting transactions
chatterbot Zulu submitting transactions
chatterbot Foxtrot submitting transactions
chatterbot Sierra submitting transactions
chatterbot Quebec submitting transactions
chatterbot Alpha submitting transactions
chatterbot Hotel submitting transactions
chatterbot Bravo submitting transactions
chatterbot Yankee submitting transactions
ChatterBot Foxtrot round 14
ChatterBot Zulu round 14
ChatterBot Yankee round 14
ChatterBot Bravo round 14
ChatterBot Quebec round 14
ChatterBot X-ray round 14
ChatterBot Romeo round 14
ChatterBot Alpha round 14
ChatterBot Hotel round 14
ChatterBot Sierra round 14
2024-10-14 22:31:38.984285 Foxtrot: Yankee, Bravo, X-ray, Romeo, Alpha and Hotel, sending you 2
2024-10-14 22:31:38.989624 Zulu: X-ray, sending you 2
2024-10-14 22:31:38.992666 Foxtrot: Quebec, sending you 3
2024-10-14 22:31:38.998087 Bravo: Foxtrot, Yankee, Quebec, X-ray, Alpha and Hotel, sending you 2
2024-10-14 22:31:39.003719 Quebec: Foxtrot, sending you 3
2024-10-14 22:31:39.007868 Romeo: Foxtrot, Bravo, Quebec and Alpha, sending you 3
2024-10-14 22:31:39.011700 Zulu: Sierra, sending you 10
2024-10-14 22:31:39.012409 Yankee: Foxtrot, Bravo, Quebec, X-ray and Alpha, sending you 2
2024-10-14 22:31:39.015329 Hotel: Foxtrot, Bravo and Quebec, sending you 2
2024-10-14 22:31:39.018283 X-ray: Foxtrot, Bravo, Quebec and Alpha, sending you 3
2024-10-14 22:31:39.021867 Bravo: Romeo, sending you 3
2024-10-14 22:31:39.024610 Quebec: Yankee, Bravo, X-ray, Romeo, Alpha and Hotel, sending you 2
2024-10-14 22:31:39.027174 Romeo: Yankee and Hotel, sending you 4
2024-10-14 22:31:39.029150 Yankee: Romeo, sending you 3
2024-10-14 22:31:39.031220 Hotel: Yankee, sending you 4
2024-10-14 22:31:39.033586 X-ray: Yankee, sending you 4
2024-10-14 22:31:39.035466 Sierra: Same as last round
2024-10-14 22:31:39.035812 Alpha: Foxtrot, Yankee, Bravo, Quebec, X-ray and Romeo, sending you 2
2024-10-14 22:31:39.038720 Yankee: Hotel, sending you 4
2024-10-14 22:31:39.041394 Hotel: Romeo and Alpha, sending you 3
2024-10-14 22:31:39.043876 Alpha: Hotel, sending you 3
chatterbot Alpha submitting transactions
chatterbot Zulu submitting transactions
chatterbot Romeo submitting transactions
chatterbot X-ray submitting transactions
chatterbot Foxtrot submitting transactions
chatterbot Sierra submitting transactions
chatterbot Yankee submitting transactions
chatterbot Quebec submitting transactions
chatterbot Bravo submitting transactions
chatterbot Hotel submitting transactions
ChatterBot Foxtrot round 15
ChatterBot Zulu round 15
ChatterBot Yankee round 15
ChatterBot Bravo round 15
ChatterBot Quebec round 15
ChatterBot X-ray round 15
ChatterBot Romeo round 15
ChatterBot Alpha round 15
ChatterBot Hotel round 15
ChatterBot Sierra round 15
2024-10-14 22:31:40.259876 Foxtrot: Yankee, Bravo, X-ray, Romeo, Alpha and Hotel, sending you 2
2024-10-14 22:31:40.261968 Hotel: Foxtrot, Bravo and Quebec, sending you 2
2024-10-14 22:31:40.265028 Quebec: Foxtrot, sending you 3
2024-10-14 22:31:40.267943 Yankee: Foxtrot, Quebec and Alpha, sending you 2
2024-10-14 22:31:40.270883 Bravo: Foxtrot, Yankee, Quebec, X-ray, Alpha and Hotel, sending you 2
2024-10-14 22:31:40.272824 Foxtrot: Quebec, sending you 3
2024-10-14 22:31:40.276225 Romeo: Foxtrot, Bravo, Quebec and Alpha, sending you 3
2024-10-14 22:31:40.280532 Hotel: Yankee, sending you 4
2024-10-14 22:31:40.282121 Sierra: Same as last round
2024-10-14 22:31:40.282397 Quebec: Yankee, Bravo, X-ray, Romeo, Alpha and Hotel, sending you 2
2024-10-14 22:31:40.285005 Alpha: Foxtrot, Yankee, Bravo, Quebec, X-ray and Romeo, sending you 2
2024-10-14 22:31:40.287739 Yankee: Bravo, sending you 1
2024-10-14 22:31:40.291859 X-ray: Foxtrot, Yankee, Bravo, Quebec and Alpha, sending you 3
2024-10-14 22:31:40.296571 Bravo: Romeo, sending you 3
2024-10-14 22:31:40.300156 Romeo: Yankee and Hotel, sending you 4
2024-10-14 22:31:40.303307 Hotel: Romeo and Alpha, sending you 3
2024-10-14 22:31:40.307282 Alpha: Hotel, sending you 3
2024-10-14 22:31:40.311680 Yankee: X-ray and Romeo, sending you 3
2024-10-14 22:31:40.314957 X-ray: Romeo, sending you 1
2024-10-14 22:31:40.318657 Yankee: Hotel, sending you 4
chatterbot Yankee submitting transactions
chatterbot Bravo submitting transactions
chatterbot Sierra submitting transactions
chatterbot Hotel submitting transactions
chatterbot X-ray submitting transactions
chatterbot Quebec submitting transactions
chatterbot Foxtrot submitting transactions
chatterbot Alpha submitting transactions
chatterbot Romeo submitting transactions
chatterbot Zulu submitting transactions
ChatterBot Foxtrot round 16
ChatterBot Zulu round 16
ChatterBot Yankee round 16
ChatterBot Bravo round 16
ChatterBot Quebec round 16
ChatterBot X-ray round 16
ChatterBot Romeo round 16
ChatterBot Alpha round 16
