ChatterBot Lima round 1
ChatterBot Whiskey round 1
ChatterBot India round 1
ChatterBot Romeo round 1
ChatterBot Tango round 1
ChatterBot Bravo round 1
ChatterBot Echo round 1
ChatterBot Kilo round 1
ChatterBot Charlie round 1
randomSelections Lima: {Lima, India, Uniform, Bravo, Romeo, Whiskey} 
2024-10-14 22:31:21.246333 Lima: We should group up
ChatterBot India reevaluating
ChatterBot Bravo reevaluating
ChatterBot Romeo reevaluating
ChatterBot Whiskey reevaluating
2024-10-14 22:31:21.304138 India: Yes
2024-10-14 22:31:21.304475 Bravo: Yes
2024-10-14 22:31:21.304750 Romeo: Yes
2024-10-14 22:31:21.304999 Whiskey: Yes
ChatterBot Bravo reevaluating
ChatterBot Romeo reevaluating
ChatterBot Whiskey reevaluating
ChatterBot India reevaluating
ChatterBot Romeo reevaluating
ChatterBot Whiskey reevaluating
ChatterBot India reevaluating
ChatterBot Bravo reevaluating
ChatterBot Whiskey reevaluating
ChatterBot India reevaluating
ChatterBot Bravo reevaluating
ChatterBot Romeo reevaluating
ChatterBot Uniform round 1
ChatterBot Uniform reevaluating
ChatterBot Uniform reevaluating
ChatterBot Uniform reevaluating
ChatterBot Uniform reevaluating
ChatterBot Uniform reevaluating
2024-10-14 22:31:21.437725 Uniform: Yes
ChatterBot India reevaluating
ChatterBot Bravo reevaluating
ChatterBot Romeo reevaluating
ChatterBot Whiskey reevaluating
randomSelections Kilo: {Kilo, Charlie, Uniform, Lima, Bravo, India, Romeo} 
2024-10-14 22:31:21.452292 Kilo: Friends?
ChatterBot Charlie reevaluating
ChatterBot Uniform reevaluating
ChatterBot Bravo reevaluating
ChatterBot India reevaluating
ChatterBot Romeo reevaluating
2024-10-14 22:31:21.466138 Charlie: Yes
2024-10-14 22:31:21.466369 Uniform: No
2024-10-14 22:31:21.466725 Lima: No
2024-10-14 22:31:21.467395 Bravo: No
2024-10-14 22:31:21.467596 India: No
2024-10-14 22:31:21.467885 Romeo: No
ChatterBot Uniform reevaluating
ChatterBot Bravo reevaluating
ChatterBot India reevaluating
ChatterBot Romeo reevaluating
ChatterBot Charlie reevaluating
ChatterBot Bravo reevaluating
ChatterBot India reevaluating
ChatterBot Romeo reevaluating
ChatterBot Charlie reevaluating
ChatterBot Uniform reevaluating
ChatterBot Bravo reevaluating
ChatterBot India reevaluating
ChatterBot Romeo reevaluating
ChatterBot Charlie reevaluating
ChatterBot Uniform reevaluating
ChatterBot India reevaluating
ChatterBot Romeo reevaluating
ChatterBot Charlie reevaluating
ChatterBot Uniform reevaluating
ChatterBot Bravo reevaluating
ChatterBot Romeo reevaluating
ChatterBot Charlie reevaluating
ChatterBot Uniform reevaluating
ChatterBot Bravo reevaluating
ChatterBot India reevaluating
randomSelections Echo: {Echo, Lima, Romeo, Charlie, Bravo, Tango, Uniform, Whiskey} 
2024-10-14 22:31:21.560382 Echo: Friends?
ChatterBot Romeo reevaluating
ChatterBot Charlie reevaluating
ChatterBot Bravo reevaluating
ChatterBot Tango reevaluating
ChatterBot Uniform reevaluating
ChatterBot Whiskey reevaluating
2024-10-14 22:31:21.576189 Lima: No
2024-10-14 22:31:21.576581 Romeo: No
2024-10-14 22:31:21.577347 Charlie: No
2024-10-14 22:31:21.577668 Bravo: No
2024-10-14 22:31:21.578072 Tango: Yes
2024-10-14 22:31:21.578258 Uniform: No
2024-10-14 22:31:21.579249 Whiskey: No
ChatterBot Romeo reevaluating
ChatterBot Charlie reevaluating
ChatterBot Bravo reevaluating
ChatterBot Tango reevaluating
ChatterBot Uniform reevaluating
ChatterBot Whiskey reevaluating
ChatterBot Charlie reevaluating
ChatterBot Bravo reevaluating
ChatterBot Tango reevaluating
ChatterBot Uniform reevaluating
ChatterBot Whiskey reevaluating
ChatterBot Romeo reevaluating
ChatterBot Bravo reevaluating
ChatterBot Tango reevaluating
ChatterBot Uniform reevaluating
ChatterBot Whiskey reevaluating
ChatterBot Romeo reevaluating
ChatterBot Charlie reevaluating
ChatterBot Tango reevaluating
ChatterBot Uniform reevaluating
ChatterBot Whiskey reevaluating
ChatterBot Romeo reevaluating
ChatterBot Charlie reevaluating
ChatterBot Bravo reevaluating
ChatterBot Uniform reevaluating
ChatterBot Whiskey reevaluating
ChatterBot Romeo reevaluating
ChatterBot Charlie reevaluating
ChatterBot Bravo reevaluating
ChatterBot Tango reevaluating
ChatterBot Whiskey reevaluating
ChatterBot Romeo reevaluating
ChatterBot Charlie reevaluating
ChatterBot Bravo reevaluating
ChatterBot Tango reevaluating
ChatterBot Uniform reevaluating
2024-10-14 22:31:21.712385 Lima: Whiskey, sending you 2
2024-10-14 22:31:21.712870 Charlie: Lima, sending you 2
2024-10-14 22:31:21.713304 Echo: Lima, Whiskey, Romeo and Uniform, sending you 1
2024-10-14 22:31:21.714569 India: Lima and Bravo, sending you 4
2024-10-14 22:31:21.716302 Charlie: Bravo and Kilo, sending you 1
2024-10-14 22:31:21.717039 Echo: Tango, sending you 2
2024-10-14 22:31:21.718236 Lima: India and Uniform, sending you 3
2024-10-14 22:31:21.718601 India: Whiskey, sending you 2
2024-10-14 22:31:21.721150 Kilo: Lima, Bravo, Charlie and Uniform, sending you 3
2024-10-14 22:31:21.722647 Romeo: Whiskey, sending you 1
2024-10-14 22:31:21.723055 Tango: Lima, sending you 6
2024-10-14 22:31:21.723471 Lima: Romeo, sending you 1
2024-10-14 22:31:21.724541 Bravo: Lima, sending you 7
2024-10-14 22:31:21.724855 Whiskey: Lima and Romeo, sending you 1
2024-10-14 22:31:21.725115 India: Romeo, sending you 1
2024-10-14 22:31:21.725381 Uniform: Lima, Whiskey and Romeo, sending you 3
2024-10-14 22:31:21.726443 Romeo: India, sending you 2
2024-10-14 22:31:21.726839 Lima: Bravo, sending you 8
2024-10-14 22:31:21.728166 Kilo: Romeo, sending you 2
2024-10-14 22:31:21.728642 Tango: Whiskey, Echo and Uniform, sending you 2
2024-10-14 22:31:21.729777 Whiskey: India, sending you 3
2024-10-14 22:31:21.730190 India: Uniform, sending you 3
2024-10-14 22:31:21.730651 Bravo: Whiskey and Uniform, sending you 3
2024-10-14 22:31:21.731635 Uniform: India, sending you 2
2024-10-14 22:31:21.732035 Romeo: Bravo, sending you 4
2024-10-14 22:31:21.735911 Whiskey: Bravo and Uniform, sending you 5
2024-10-14 22:31:21.736989 Bravo: India, sending you 2
2024-10-14 22:31:21.737518 Tango: Romeo and Charlie, sending you 1
2024-10-14 22:31:21.738418 Romeo: Uniform, sending you 3
2024-10-14 22:31:21.738845 Uniform: Bravo, sending you 6
chatterbot Lima submitting transactions
2024-10-14 22:31:21.874569 Bravo: Romeo, sending you 1
chatterbot Kilo submitting transactions
chatterbot India submitting transactions
chatterbot Charlie submitting transactions
chatterbot Tango submitting transactions
chatterbot Whiskey submitting transactions
chatterbot Bravo submitting transactions
chatterbot Echo submitting transactions
chatterbot Romeo submitting transactions
chatterbot Uniform submitting transactions
ChatterBot Lima round 2
ChatterBot Whiskey round 2
ChatterBot India round 2
ChatterBot Romeo round 2
ChatterBot Tango round 2
ChatterBot Bravo round 2
ChatterBot Echo round 2
ChatterBot Kilo round 2
ChatterBot Charlie round 2
ChatterBot Uniform round 2
2024-10-14 22:31:22.530325 Charlie: We would work well together
ChatterBot Kilo reevaluating
ChatterBot Tango reevaluating
ChatterBot Echo reevaluating
2024-10-14 22:31:22.545496 Kilo: Yes
2024-10-14 22:31:22.545746 Tango: Yes
2024-10-14 22:31:22.545936 Echo: Yes
ChatterBot Charlie reevaluating
ChatterBot Tango reevaluating
ChatterBot Echo reevaluating
ChatterBot Charlie reevaluating
ChatterBot Kilo reevaluating
ChatterBot Echo reevaluating
ChatterBot Charlie reevaluating
ChatterBot Kilo reevaluating
ChatterBot Tango reevaluating
2024-10-14 22:31:22.580047 Tango: Let's form a team
ChatterBot Charlie reevaluating
ChatterBot Kilo reevaluating
ChatterBot Echo reevaluating
2024-10-14 22:31:22.588045 Charlie: No
2024-10-14 22:31:22.588152 Kilo: Yes
2024-10-14 22:31:22.588592 Echo: Yes
ChatterBot Kilo reevaluating
ChatterBot Tango reevaluating
ChatterBot Echo reevaluating
ChatterBot Charlie reevaluating
ChatterBot Tango reevaluating
ChatterBot Echo reevaluating
ChatterBot Charlie reevaluating
ChatterBot Kilo reevaluating
ChatterBot Tango reevaluating
2024-10-14 22:31:22.621026 Bravo: We should add Kilo
ChatterBot Uniform reevaluating
2024-10-14 22:31:22.632498 Lima: No
2024-10-14 22:31:22.632646 India: No
2024-10-14 22:31:22.632756 Uniform: Yes
2024-10-14 22:31:22.632855 Romeo: No
2024-10-14 22:31:22.632952 Whiskey: No
ChatterBot Uniform reevaluating
ChatterBot Bravo reevaluating
ChatterBot Uniform reevaluating
ChatterBot Bravo reevaluating
ChatterBot Bravo reevaluating
ChatterBot Uniform reevaluating
ChatterBot Bravo reevaluating
ChatterBot Uniform reevaluating
ChatterBot Bravo reevaluating
2024-10-14 22:31:22.700676 Whiskey: Lima and India, sending you 3
2024-10-14 22:31:22.701672 India: Lima and Whiskey, sending you 4
2024-10-14 22:31:22.705657 Whiskey: Romeo, sending you 2
2024-10-14 22:31:22.705961 India: Romeo and Bravo, sending you 3
2024-10-14 22:31:22.709714 Whiskey: Bravo, sending you 6
2024-10-14 22:31:22.710669 Tango: Echo, sending you 12
2024-10-14 22:31:22.711019 India: Uniform, sending you 1
2024-10-14 22:31:22.712733 Kilo: Tango and Charlie, sending you 3
2024-10-14 22:31:22.713713 Whiskey: Uniform, sending you 5
2024-10-14 22:31:22.714163 Lima: Whiskey, sending you 2
2024-10-14 22:31:22.714517 Tango: Kilo, sending you 2
2024-10-14 22:31:22.714836 Echo: Sending you each 5
2024-10-14 22:31:22.716702 Uniform: Lima, India, Romeo and Bravo, sending you 3
2024-10-14 22:31:22.717672 Lima: India, sending you 4
2024-10-14 22:31:22.718141 Charlie: Tango, sending you 4
2024-10-14 22:31:22.718657 Romeo: Lima, Whiskey and India, sending you 3
2024-10-14 22:31:22.719690 Tango: Charlie, sending you 1
2024-10-14 22:31:22.720654 Uniform: Whiskey, sending you 5
2024-10-14 22:31:22.721046 Lima: Romeo, sending you 1
2024-10-14 22:31:22.721411 Charlie: Kilo, sending you 7
2024-10-14 22:31:22.721700 Romeo: Bravo, sending you 2
2024-10-14 22:31:22.724654 Romeo: Uniform, sending you 7
2024-10-14 22:31:22.725664 Lima: Bravo, sending you 7
2024-10-14 22:31:22.725998 Bravo: Lima, sending you 4
2024-10-14 22:31:22.729674 Lima: Uniform, sending you 3
2024-10-14 22:31:22.730448 Bravo: Whiskey, India, Romeo and Uniform, sending you 3
chatterbot Tango submitting transactions
chatterbot Kilo submitting transactions
chatterbot Charlie submitting transactions
chatterbot India submitting transactions
chatterbot Whiskey submitting transactions
chatterbot Romeo submitting transactions
chatterbot Lima submitting transactions
chatterbot Uniform submitting transactions
chatterbot Echo submitting transactions
chatterbot Bravo submitting transactions
ChatterBot Lima round 3
ChatterBot Whiskey round 3
ChatterBot India round 3
ChatterBot Romeo round 3
ChatterBot Tango round 3
ChatterBot Bravo round 3
ChatterBot Echo round 3
ChatterBot Kilo round 3
ChatterBot Charlie round 3
ChatterBot Uniform round 3
2024-10-14 22:31:26.633228 Kilo: We should add Echo
ChatterBot Charlie reevaluating
2024-10-14 22:31:26.642118 Charlie: Yes
2024-10-14 22:31:26.642523 Tango: Yes
ChatterBot Charlie reevaluating
2024-10-14 22:31:26.678323 Kilo: Echo we want you to join our group
2024-10-14 22:31:26.684362 Echo: Yes
ChatterBot Charlie reevaluating
2024-10-14 22:31:26.713554 India: Lima, sending you 4
2024-10-14 22:31:26.714019 Lima: Whiskey and Romeo, sending you 2
2024-10-14 22:31:26.715047 Romeo: Lima, sending you 2
2024-10-14 22:31:26.715489 Tango: Echo, sending you 7
2024-10-14 22:31:26.715773 Whiskey: Lima and Romeo, sending you 3
2024-10-14 22:31:26.716697 India: Whiskey, Bravo and Uniform, sending you 3
2024-10-14 22:31:26.729539 Lima: India, sending you 4
2024-10-14 22:31:26.729989 Romeo: Whiskey, sending you 3
2024-10-14 22:31:26.730982 Tango: Kilo, sending you 4
2024-10-14 22:31:26.731264 Whiskey: India and Bravo, sending you 4
2024-10-14 22:31:26.731748 Bravo: Lima, sending you 4
2024-10-14 22:31:26.732605 Kilo: Sending you each 3
2024-10-14 22:31:26.732949 India: Romeo, sending you 2
2024-10-14 22:31:26.733303 Uniform: Lima and Bravo, sending you 3
2024-10-14 22:31:26.734376 Echo: Same as last round
2024-10-14 22:31:26.734637 Lima: Bravo, sending you 6
2024-10-14 22:31:26.735071 Tango: Charlie, sending you 5
2024-10-14 22:31:26.742814 Romeo: India and Bravo, sending you 4
2024-10-14 22:31:26.743955 Whiskey: Uniform, sending you 5
2024-10-14 22:31:26.744399 Bravo: Whiskey, India, Romeo and Uniform, sending you 3
2024-10-14 22:31:26.745449 Charlie: Tango, sending you 2
2024-10-14 22:31:26.745784 Lima: Uniform, sending you 3
2024-10-14 22:31:26.746254 Uniform: Whiskey, sending you 4
2024-10-14 22:31:26.747397 Romeo: Uniform, sending you 5
2024-10-14 22:31:26.749822 Charlie: Echo, sending you 6
2024-10-14 22:31:26.750235 Uniform: India, sending you 2
2024-10-14 22:31:26.755124 Charlie: Kilo, sending you 7
2024-10-14 22:31:26.755603 Uniform: Romeo, sending you 5
chatterbot Kilo submitting transactions
chatterbot Uniform submitting transactions
chatterbot Tango submitting transactions
chatterbot Echo submitting transactions
chatterbot Lima submitting transactions
chatterbot Whiskey submitting transactions
chatterbot Charlie submitting transactions
chatterbot Romeo submitting transactions
chatterbot Bravo submitting transactions
chatterbot India submitting transactions
ChatterBot Lima round 4
ChatterBot Whiskey round 4
ChatterBot India round 4
ChatterBot Romeo round 4
ChatterBot Tango round 4
ChatterBot Bravo round 4
ChatterBot Echo round 4
ChatterBot Kilo round 4
ChatterBot Charlie round 4
ChatterBot Uniform round 4
2024-10-14 22:31:27.939415 Lima: Whiskey and Uniform, sending you 3
2024-10-14 22:31:27.940128 Whiskey: Lima and Romeo, sending you 3
2024-10-14 22:31:27.941073 India: Lima, sending you 4
2024-10-14 22:31:27.941516 Romeo: Lima, sending you 2
2024-10-14 22:31:27.942433 Tango: Echo, sending you 7
2024-10-14 22:31:27.951688 Whiskey: India and Bravo, sending you 4
2024-10-14 22:31:27.952171 India: Whiskey, Romeo and Bravo, sending you 3
2024-10-14 22:31:27.952539 Lima: India, sending you 4
2024-10-14 22:31:27.953365 Romeo: Whiskey and India, sending you 3
2024-10-14 22:31:27.953733 Tango: Kilo, sending you 5
2024-10-14 22:31:27.953977 Bravo: Lima, sending you 4
2024-10-14 22:31:27.954750 Kilo: Tango, sending you 2
2024-10-14 22:31:27.954987 Charlie: Tango, sending you 4
2024-10-14 22:31:27.955197 Uniform: Lima and Bravo, sending you 3
2024-10-14 22:31:27.956028 Whiskey: Uniform, sending you 5
2024-10-14 22:31:27.956453 India: Uniform, sending you 2
2024-10-14 22:31:27.956860 Lima: Romeo, sending you 2
2024-10-14 22:31:27.957658 Romeo: Bravo, sending you 4
2024-10-14 22:31:27.958024 Tango: Charlie, sending you 4
2024-10-14 22:31:27.958266 Bravo: Whiskey, India, Romeo and Uniform, sending you 3
2024-10-14 22:31:27.959120 Uniform: Whiskey, sending you 5
2024-10-14 22:31:27.959450 Echo: Tango, sending you 4
2024-10-14 22:31:27.968801 Kilo: Echo and Charlie, sending you 3
2024-10-14 22:31:27.969267 Charlie: Echo, sending you 6
2024-10-14 22:31:27.970090 Romeo: Uniform, sending you 6
2024-10-14 22:31:27.970759 Lima: Bravo, sending you 5
2024-10-14 22:31:27.971962 Uniform: India, sending you 2
2024-10-14 22:31:27.972706 Echo: Kilo and Charlie, sending you 5
2024-10-14 22:31:27.973766 Charlie: Kilo, sending you 5
2024-10-14 22:31:27.976398 Uniform: Romeo, sending you 4
chatterbot Whiskey submitting transactions
chatterbot Bravo submitting transactions
chatterbot India submitting transactions
chatterbot Lima submitting transactions
chatterbot Kilo submitting transactions
chatterbot Romeo submitting transactions
chatterbot Tango submitting transactions
chatterbot Uniform submitting transactions
chatterbot Charlie submitting transactions
chatterbot Echo submitting transactions
ChatterBot Lima round 5
ChatterBot Whiskey round 5
ChatterBot India round 5
ChatterBot Romeo round 5
ChatterBot Tango round 5
ChatterBot Bravo round 5
ChatterBot Echo round 5
ChatterBot Kilo round 5
ChatterBot Charlie round 5
ChatterBot Uniform round 5
2024-10-14 22:31:29.317037 Lima: Whiskey and Uniform, sending you 3
2024-10-14 22:31:29.318115 Tango: Echo, sending you 7
2024-10-14 22:31:29.319690 Bravo: Lima, sending you 4
2024-10-14 22:31:29.326308 Lima: India, sending you 4
2024-10-14 22:31:29.328730 Whiskey: Lima, sending you 3
2024-10-14 22:31:29.330209 India: Lima, sending you 4
2024-10-14 22:31:29.332229 Romeo: Lima, sending you 2
2024-10-14 22:31:29.334541 Tango: Kilo, sending you 4
2024-10-14 22:31:29.335396 Charlie: Tango, sending you 4
2024-10-14 22:31:29.336188 Bravo: Whiskey, India, Romeo and Uniform, sending you 3
2024-10-14 22:31:29.338536 Echo: Tango, sending you 4
2024-10-14 22:31:29.340317 Whiskey: India and Bravo, sending you 4
2024-10-14 22:31:29.341698 Lima: Romeo, sending you 2
2024-10-14 22:31:29.343768 India: Whiskey, Romeo and Bravo, sending you 3
2024-10-14 22:31:29.345916 Kilo: Tango, sending you 2
2024-10-14 22:31:29.346597 Romeo: Whiskey and India, sending you 3
2024-10-14 22:31:29.348773 Tango: Charlie, sending you 5
2024-10-14 22:31:29.350860 Charlie: Echo, sending you 6
2024-10-14 22:31:29.351496 Uniform: Lima and Bravo, sending you 3
2024-10-14 22:31:29.353619 Echo: Kilo and Charlie, sending you 5
2024-10-14 22:31:29.354475 Whiskey: Romeo, sending you 2
2024-10-14 22:31:29.355434 Lima: Bravo, sending you 5
2024-10-14 22:31:29.357335 India: Uniform, sending you 2
2024-10-14 22:31:29.359544 Kilo: Echo and Charlie, sending you 3
2024-10-14 22:31:29.360310 Romeo: Bravo, sending you 4
2024-10-14 22:31:29.361908 Charlie: Kilo, sending you 5
2024-10-14 22:31:29.362786 Uniform: Whiskey, sending you 4
2024-10-14 22:31:29.364476 Whiskey: Uniform, sending you 6
2024-10-14 22:31:29.365733 Romeo: Uniform, sending you 6
2024-10-14 22:31:29.367672 Uniform: India, sending you 2
2024-10-14 22:31:29.373691 Uniform: Romeo, sending you 5
chatterbot Bravo submitting transactions
chatterbot India submitting transactions
chatterbot Lima submitting transactions
chatterbot Echo submitting transactions
chatterbot Whiskey submitting transactions
chatterbot Tango submitting transactions
chatterbot Charlie submitting transactions
chatterbot Romeo submitting transactions
chatterbot Kilo submitting transactions
chatterbot Uniform submitting transactions
ChatterBot Lima round 6
ChatterBot Whiskey round 6
ChatterBot India round 6
ChatterBot Romeo round 6
ChatterBot Tango round 6
ChatterBot Bravo round 6
ChatterBot Echo round 6
ChatterBot Kilo round 6
ChatterBot Charlie round 6
ChatterBot Uniform round 6
2024-10-14 22:31:30.604675 Romeo: Lima, sending you 2
2024-10-14 22:31:30.608669 Echo: Tango, sending you 4
2024-10-14 22:31:30.609961 Romeo: Whiskey and India, sending you 3
2024-10-14 22:31:30.610857 Kilo: Tango and Charlie, sending you 2
2024-10-14 22:31:30.611300 India: Lima, sending you 4
2024-10-14 22:31:30.611900 Tango: Echo, sending you 7
2024-10-14 22:31:30.612371 Echo: Kilo and Charlie, sending you 5
2024-10-14 22:31:30.614663 Kilo: Echo, sending you 3
2024-10-14 22:31:30.615039 India: Whiskey, Romeo and Bravo, sending you 3
2024-10-14 22:31:30.615740 Romeo: Bravo, sending you 4
2024-10-14 22:31:30.616645 Tango: Kilo, sending you 4
2024-10-14 22:31:30.617625 Lima: Whiskey and Uniform, sending you 3
2024-10-14 22:31:30.618556 Bravo: Lima, sending you 4
2024-10-14 22:31:30.619683 Whiskey: Lima and Romeo, sending you 3
2024-10-14 22:31:30.620682 India: Uniform, sending you 2
2024-10-14 22:31:30.621918 Romeo: Uniform, sending you 6
2024-10-14 22:31:30.622422 Tango: Charlie, sending you 5
2024-10-14 22:31:30.622731 Lima: India, sending you 4
2024-10-14 22:31:30.623214 Uniform: Lima and Bravo, sending you 3
2024-10-14 22:31:30.623709 Bravo: Whiskey, India, Romeo and Uniform, sending you 3
2024-10-14 22:31:30.625218 Whiskey: India and Bravo, sending you 4
2024-10-14 22:31:30.626671 Uniform: Whiskey, sending you 4
2024-10-14 22:31:30.627218 Charlie: Tango, sending you 4
2024-10-14 22:31:30.628054 Lima: Romeo, sending you 2
2024-10-14 22:31:30.628736 Whiskey: Uniform, sending you 5
2024-10-14 22:31:30.629670 Uniform: India, sending you 2
2024-10-14 22:31:30.631663 Charlie: Echo, sending you 6
2024-10-14 22:31:30.632677 Lima: Bravo, sending you 5
2024-10-14 22:31:30.633377 Uniform: Romeo, sending you 5
2024-10-14 22:31:30.636659 Charlie: Kilo, sending you 5
chatterbot Uniform submitting transactions
chatterbot Bravo submitting transactions
chatterbot India submitting transactions
chatterbot Charlie submitting transactions
chatterbot Tango submitting transactions
chatterbot Lima submitting transactions
chatterbot Kilo submitting transactions
chatterbot Echo submitting transactions
chatterbot Whiskey submitting transactions
chatterbot Romeo submitting transactions
ChatterBot Lima round 7
ChatterBot Whiskey round 7
ChatterBot India round 7
ChatterBot Romeo round 7
ChatterBot Tango round 7
ChatterBot Bravo round 7
ChatterBot Echo round 7
ChatterBot Kilo round 7
ChatterBot Charlie round 7
ChatterBot Uniform round 7
2024-10-14 22:31:31.867663 Kilo: Tango and Charlie, sending you 2
2024-10-14 22:31:31.868705 Romeo: Lima, sending you 2
2024-10-14 22:31:31.870260 Tango: Echo, sending you 7
2024-10-14 22:31:31.871681 Kilo: Echo, sending you 3
2024-10-14 22:31:31.874660 Romeo: Whiskey and India, sending you 3
2024-10-14 22:31:31.876207 Tango: Kilo, sending you 4
2024-10-14 22:31:31.876543 Whiskey: Lima and Romeo, sending you 3
2024-10-14 22:31:31.877233 Charlie: Tango, sending you 5
2024-10-14 22:31:31.877555 India: Lima, sending you 4
2024-10-14 22:31:31.878571 Bravo: Lima, sending you 4
2024-10-14 22:31:31.879709 Lima: Whiskey and Uniform, sending you 3
2024-10-14 22:31:31.880492 Echo: Tango and Charlie, sending you 4
2024-10-14 22:31:31.881245 Tango: Charlie, sending you 5
2024-10-14 22:31:31.881630 Whiskey: India and Bravo, sending you 4
2024-10-14 22:31:31.882375 Uniform: Lima and Bravo, sending you 3
2024-10-14 22:31:31.883146 Romeo: Bravo, sending you 4
2024-10-14 22:31:31.883892 Charlie: Echo, sending you 6
2024-10-14 22:31:31.884712 India: Whiskey, Romeo and Bravo, sending you 3
2024-10-14 22:31:31.885585 Bravo: Whiskey, India, Romeo and Uniform, sending you 3
2024-10-14 22:31:31.886432 Lima: India, sending you 4
2024-10-14 22:31:31.887955 Echo: Kilo, sending you 5
2024-10-14 22:31:31.888390 Whiskey: Uniform, sending you 5
2024-10-14 22:31:31.889228 Uniform: Whiskey, sending you 4
2024-10-14 22:31:31.890 Romeo: Uniform, sending you 6
2024-10-14 22:31:31.891388 India: Uniform, sending you 2
2024-10-14 22:31:31.892326 Charlie: Kilo, sending you 4
2024-10-14 22:31:31.892845 Lima: Romeo, sending you 2
2024-10-14 22:31:31.894039 Uniform: India, sending you 2
2024-10-14 22:31:31.898689 Lima: Bravo, sending you 5
2024-10-14 22:31:31.899798 Uniform: Romeo, sending you 5
chatterbot Lima submitting transactions
chatterbot Echo submitting transactions
chatterbot Bravo submitting transactions
chatterbot Uniform submitting transactions
chatterbot Charlie submitting transactions
chatterbot India submitting transactions
chatterbot Romeo submitting transactions
chatterbot Kilo submitting transactions
chatterbot Whiskey submitting transactions
chatterbot Tango submitting transactions
ChatterBot Lima round 8
ChatterBot Whiskey round 8
ChatterBot India round 8
ChatterBot Romeo round 8
ChatterBot Tango round 8
ChatterBot Bravo round 8
ChatterBot Echo round 8
ChatterBot Kilo round 8
ChatterBot Charlie round 8
ChatterBot Uniform round 8
2024-10-14 22:31:33.097661 Lima: Whiskey and Uniform, sending you 3
2024-10-14 22:31:33.101662 Lima: India, sending you 4
2024-10-14 22:31:33.102955 Romeo: Lima, sending you 2
2024-10-14 22:31:33.104772 India: Lima, sending you 4
2024-10-14 22:31:33.105979 Whiskey: Lima and Romeo, sending you 3
2024-10-14 22:31:33.106897 Lima: Romeo, sending you 2
2024-10-14 22:31:33.108062 Charlie: Tango, sending you 5
2024-10-14 22:31:33.108505 Uniform: Lima and Bravo, sending you 3
2024-10-14 22:31:33.109725 Romeo: Whiskey and India, sending you 3
2024-10-14 22:31:33.110968 Kilo: Tango and Charlie, sending you 2
2024-10-14 22:31:33.112333 India: Whiskey, Romeo and Bravo, sending you 3
2024-10-14 22:31:33.113553 Whiskey: India and Bravo, sending you 4
2024-10-14 22:31:33.114481 Bravo: Lima, sending you 4
2024-10-14 22:31:33.115832 Lima: Bravo, sending you 5
2024-10-14 22:31:33.116505 Uniform: Whiskey, sending you 4
2024-10-14 22:31:33.117275 Charlie: Echo, sending you 6
2024-10-14 22:31:33.117890 Romeo: Bravo, sending you 4
2024-10-14 22:31:33.119378 Echo: Tango and Charlie, sending you 4
2024-10-14 22:31:33.119789 Kilo: Echo, sending you 3
2024-10-14 22:31:33.120288 India: Uniform, sending you 2
2024-10-14 22:31:33.121270 Whiskey: Uniform, sending you 5
2024-10-14 22:31:33.122768 Tango: Echo and Charlie, sending you 6
2024-10-14 22:31:33.123318 Bravo: Whiskey, India, Romeo and Uniform, sending you 3
2024-10-14 22:31:33.124446 Uniform: India, sending you 2
2024-10-14 22:31:33.126184 Charlie: Kilo, sending you 4
2024-10-14 22:31:33.126723 Romeo: Uniform, sending you 6
2024-10-14 22:31:33.127845 Echo: Kilo, sending you 5
2024-10-14 22:31:33.128343 Tango: Kilo, sending you 4
2024-10-14 22:31:33.129847 Uniform: Romeo, sending you 5
chatterbot Romeo submitting transactions
chatterbot Bravo submitting transactions
chatterbot Kilo submitting transactions
chatterbot Lima submitting transactions
chatterbot Tango submitting transactions
chatterbot Whiskey submitting transactions
chatterbot Charlie submitting transactions
chatterbot Echo submitting transactions
chatterbot India submitting transactions
chatterbot Uniform submitting transactions
ChatterBot Lima round 9
ChatterBot Whiskey round 9
ChatterBot India round 9
ChatterBot Romeo round 9
ChatterBot Tango round 9
ChatterBot Bravo round 9
ChatterBot Echo round 9
ChatterBot Kilo round 9
ChatterBot Charlie round 9
ChatterBot Uniform round 9
2024-10-14 22:31:34.264652 India: Lima, sending you 4
2024-10-14 22:31:34.266674 Lima: Whiskey and Uniform, sending you 3
2024-10-14 22:31:34.267668 Tango: Echo and Charlie, sending you 6
2024-10-14 22:31:34.268003 India: Whiskey, Romeo and Bravo, sending you 3
2024-10-14 22:31:34.269656 Lima: India, sending you 4
2024-10-14 22:31:34.270679 India: Uniform, sending you 2
2024-10-14 22:31:34.272667 Tango: Kilo, sending you 4
2024-10-14 22:31:34.273200 Lima: Romeo, sending you 2
2024-10-14 22:31:34.275674 Romeo: Lima, sending you 2
2024-10-14 22:31:34.277676 Lima: Bravo, sending you 5
2024-10-14 22:31:34.278367 Bravo: Lima, sending you 4
2024-10-14 22:31:34.279650 Whiskey: Lima and Romeo, sending you 3
2024-10-14 22:31:34.280225 Echo: Tango and Charlie, sending you 4
2024-10-14 22:31:34.280669 Romeo: Whiskey and India, sending you 3
2024-10-14 22:31:34.282676 Bravo: Whiskey, India, Romeo and Uniform, sending you 3
2024-10-14 22:31:34.283680 Charlie: Tango, sending you 5
2024-10-14 22:31:34.284691 Whiskey: India and Bravo, sending you 4
2024-10-14 22:31:34.286154 Echo: Kilo, sending you 5
2024-10-14 22:31:34.286575 Romeo: Bravo, sending you 4
2024-10-14 22:31:34.287607 Kilo: Sending you each 2
2024-10-14 22:31:34.288040 Charlie: Echo, sending you 6
2024-10-14 22:31:34.288676 Uniform: Lima and Bravo, sending you 3
2024-10-14 22:31:34.289460 Whiskey: Uniform, sending you 5
2024-10-14 22:31:34.290522 Romeo: Uniform, sending you 6
2024-10-14 22:31:34.291657 Charlie: Kilo, sending you 4
2024-10-14 22:31:34.293720 Uniform: Whiskey, sending you 4
2024-10-14 22:31:34.296666 Uniform: India, sending you 2
2024-10-14 22:31:34.300670 Uniform: Romeo, sending you 5
chatterbot Charlie submitting transactions
chatterbot Uniform submitting transactions
chatterbot Kilo submitting transactions
chatterbot Lima submitting transactions
chatterbot Tango submitting transactions
chatterbot Whiskey submitting transactions
chatterbot Bravo submitting transactions
chatterbot India submitting transactions
chatterbot Echo submitting transactions
chatterbot Romeo submitting transactions
ChatterBot Lima round 10
ChatterBot Whiskey round 10
ChatterBot India round 10
ChatterBot Romeo round 10
ChatterBot Tango round 10
ChatterBot Bravo round 10
ChatterBot Echo round 10
ChatterBot Kilo round 10
ChatterBot Charlie round 10
ChatterBot Uniform round 10
2024-10-14 22:31:35.324772 Lima: Whiskey and Uniform, sending you 3
2024-10-14 22:31:35.327700 Whiskey: Lima and Romeo, sending you 3
2024-10-14 22:31:35.329119 Bravo: Lima, sending you 4
2024-10-14 22:31:35.331223 Lima: India, sending you 4
2024-10-14 22:31:35.333123 Echo: Tango and Charlie, sending you 4
2024-10-14 22:31:35.333969 Charlie: Tango, sending you 5
2024-10-14 22:31:35.334821 Whiskey: India and Bravo, sending you 4
2024-10-14 22:31:35.336489 Romeo: Lima, sending you 2
2024-10-14 22:31:35.337714 Kilo: Same as last round
2024-10-14 22:31:35.338889 Bravo: Whiskey, India, Romeo and Uniform, sending you 3
2024-10-14 22:31:35.340191 Lima: Romeo, sending you 2
2024-10-14 22:31:35.342509 Echo: Kilo, sending you 5
2024-10-14 22:31:35.343021 Tango: Echo and Charlie, sending you 6
2024-10-14 22:31:35.344047 Charlie: Echo, sending you 6
2024-10-14 22:31:35.344644 India: Lima, sending you 4
2024-10-14 22:31:35.345851 Uniform: Lima and Bravo, sending you 3
2024-10-14 22:31:35.347190 Whiskey: Uniform, sending you 5
2024-10-14 22:31:35.348057 Romeo: Whiskey and India, sending you 3
2024-10-14 22:31:35.349841 Tango: Kilo, sending you 4
2024-10-14 22:31:35.350232 Lima: Bravo, sending you 5
2024-10-14 22:31:35.351227 Charlie: Kilo, sending you 4
2024-10-14 22:31:35.352759 India: Whiskey, Romeo and Bravo, sending you 3
2024-10-14 22:31:35.353542 Uniform: Whiskey, sending you 4
2024-10-14 22:31:35.354689 Romeo: Bravo, sending you 4
2024-10-14 22:31:35.357664 India: Uniform, sending you 2
2024-10-14 22:31:35.359173 Uniform: India, sending you 2
2024-10-14 22:31:35.360193 Romeo: Uniform, sending you 6
2024-10-14 22:31:35.362697 Uniform: Romeo, sending you 5
chatterbot Lima submitting transactions
chatterbot Charlie submitting transactions
chatterbot Echo submitting transactions
chatterbot Kilo submitting transactions
chatterbot India submitting transactions
chatterbot Tango submitting transactions
chatterbot Whiskey submitting transactions
chatterbot Bravo submitting transactions
chatterbot Romeo submitting transactions
chatterbot Uniform submitting transactions
ChatterBot Lima round 11
ChatterBot Whiskey round 11
ChatterBot India round 11
ChatterBot Romeo round 11
ChatterBot Tango round 11
ChatterBot Bravo round 11
ChatterBot Echo round 11
ChatterBot Kilo round 11
ChatterBot Charlie round 11
ChatterBot Uniform round 11
2024-10-14 22:31:36.677693 India: Lima, sending you 4
2024-10-14 22:31:36.680889 Lima: Whiskey and Uniform, sending you 3
2024-10-14 22:31:36.683672 India: Whiskey, Romeo and Bravo, sending you 3
2024-10-14 22:31:36.686068 Bravo: Lima, sending you 4
2024-10-14 22:31:36.688639 Romeo: Lima, sending you 2
2024-10-14 22:31:36.691923 Lima: India, sending you 4
2024-10-14 22:31:36.694568 Tango: Echo and Charlie, sending you 6
2024-10-14 22:31:36.696505 Charlie: Tango and Echo, sending you 6
2024-10-14 22:31:36.698214 India: Uniform, sending you 2
2024-10-14 22:31:36.700830 Bravo: Whiskey, India, Romeo and Uniform, sending you 3
2024-10-14 22:31:36.703396 Romeo: Whiskey and India, sending you 3
2024-10-14 22:31:36.706030 Lima: Romeo, sending you 2
2024-10-14 22:31:36.708703 Tango: Kilo, sending you 4
2024-10-14 22:31:36.710340 Charlie: Kilo, sending you 3
2024-10-14 22:31:36.711160 Whiskey: Lima and Romeo, sending you 3
2024-10-14 22:31:36.713480 Kilo: Same as last round
2024-10-14 22:31:36.714961 Uniform: Lima and Bravo, sending you 3
2024-10-14 22:31:36.717713 Echo: Tango and Charlie, sending you 4
2024-10-14 22:31:36.718685 Romeo: Bravo, sending you 4
2024-10-14 22:31:36.721517 Lima: Bravo, sending you 5
2024-10-14 22:31:36.724300 Whiskey: India and Bravo, sending you 4
2024-10-14 22:31:36.727228 Uniform: Whiskey, sending you 4
2024-10-14 22:31:36.729982 Echo: Kilo, sending you 5
2024-10-14 22:31:36.731759 Romeo: Uniform, sending you 6
2024-10-14 22:31:36.734340 Whiskey: Uniform, sending you 5
2024-10-14 22:31:36.736646 Uniform: India, sending you 2
2024-10-14 22:31:36.742678 Uniform: Romeo, sending you 5
chatterbot India submitting transactions
chatterbot Echo submitting transactions
chatterbot Tango submitting transactions
chatterbot Bravo submitting transactions
chatterbot Charlie submitting transactions
chatterbot Romeo submitting transactions
chatterbot Lima submitting transactions
chatterbot Uniform submitting transactions
chatterbot Whiskey submitting transactions
chatterbot Kilo submitting transactions
ChatterBot Lima round 12
ChatterBot Whiskey round 12
ChatterBot India round 12
ChatterBot Romeo round 12
ChatterBot Tango round 12
ChatterBot Bravo round 12
ChatterBot Echo round 12
ChatterBot Kilo round 12
ChatterBot Charlie round 12
ChatterBot Uniform round 12
2024-10-14 22:31:37.951652 Whiskey: Lima and Romeo, sending you 3
2024-10-14 22:31:37.957690 Whiskey: India and Bravo, sending you 4
2024-10-14 22:31:37.960440 Lima: Whiskey and Uniform, sending you 3
2024-10-14 22:31:37.962322 Charlie: Tango and Echo, sending you 6
2024-10-14 22:31:37.963941 India: Lima, sending you 4
2024-10-14 22:31:37.965204 Whiskey: Uniform, sending you 5
2024-10-14 22:31:37.966963 Romeo: Lima, sending you 2
2024-10-14 22:31:37.968642 Tango: Echo and Charlie, sending you 6
2024-10-14 22:31:37.969329 Echo: Tango and Charlie, sending you 4
2024-10-14 22:31:37.969947 Uniform: Lima and Bravo, sending you 3
2024-10-14 22:31:37.971963 Lima: India, sending you 4
2024-10-14 22:31:37.973600 Charlie: Kilo, sending you 3
2024-10-14 22:31:37.974168 Kilo: Same as last round
2024-10-14 22:31:37.975298 Bravo: Lima, sending you 4
2024-10-14 22:31:37.976408 India: Whiskey, Romeo and Bravo, sending you 3
2024-10-14 22:31:37.977930 Romeo: Whiskey and India, sending you 3
2024-10-14 22:31:37.979726 Tango: Kilo, sending you 4
2024-10-14 22:31:37.980240 Echo: Kilo, sending you 5
2024-10-14 22:31:37.980675 Lima: Romeo, sending you 2
2024-10-14 22:31:37.981928 Uniform: Whiskey, sending you 4
2024-10-14 22:31:37.983578 Bravo: Whiskey, India, Romeo and Uniform, sending you 3
2024-10-14 22:31:37.984987 India: Uniform, sending you 2
2024-10-14 22:31:37.986400 Romeo: Bravo, sending you 4
2024-10-14 22:31:37.988564 Lima: Bravo, sending you 5
2024-10-14 22:31:37.989919 Uniform: India, sending you 2
2024-10-14 22:31:37.991936 Romeo: Uniform, sending you 6
2024-10-14 22:31:37.994647 Uniform: Romeo, sending you 5
chatterbot Whiskey submitting transactions
chatterbot Bravo submitting transactions
chatterbot India submitting transactions
chatterbot Kilo submitting transactions
chatterbot Uniform submitting transactions
chatterbot Lima submitting transactions
chatterbot Romeo submitting transactions
chatterbot Charlie submitting transactions
chatterbot Echo submitting transactions
chatterbot Tango submitting transactions
ChatterBot Lima round 13
ChatterBot Whiskey round 13
ChatterBot India round 13
ChatterBot Romeo round 13
ChatterBot Tango round 13
ChatterBot Bravo round 13
ChatterBot Echo round 13
ChatterBot Kilo round 13
ChatterBot Charlie round 13
ChatterBot Uniform round 13
2024-10-14 22:31:38.964673 Lima: Whiskey and Uniform, sending you 3
2024-10-14 22:31:38.975697 Charlie: Tango and Echo, sending you 6
2024-10-14 22:31:38.978062 Echo: Tango and Charlie, sending you 4
2024-10-14 22:31:38.979601 Lima: India, sending you 4
2024-10-14 22:31:38.982759 Whiskey: Lima and Romeo, sending you 3
2024-10-14 22:31:38.985608 Tango: Echo and Charlie, sending you 6
2024-10-14 22:31:38.987718 India: Lima, sending you 4
2024-10-14 22:31:38.990049 Charlie: Kilo, sending you 3
2024-10-14 22:31:38.992048 Romeo: Lima, sending you 2
2024-10-14 22:31:38.995902 Echo: Kilo, sending you 5
2024-10-14 22:31:38.997269 Lima: Romeo, sending you 2
2024-10-14 22:31:39.000618 Whiskey: India and Bravo, sending you 4
2024-10-14 22:31:39.004659 Tango: Kilo, sending you 4
2024-10-14 22:31:39.007377 Kilo: Same as last round
2024-10-14 22:31:39.008781 Uniform: Lima and Bravo, sending you 3
2024-10-14 22:31:39.012630 Bravo: Lima, sending you 4
2024-10-14 22:31:39.015033 India: Whiskey, Romeo and Bravo, sending you 3
2024-10-14 22:31:39.017304 Romeo: Whiskey and India, sending you 3
2024-10-14 22:31:39.018854 Lima: Bravo, sending you 5
2024-10-14 22:31:39.021877 Whiskey: Uniform, sending you 5
2024-10-14 22:31:39.024442 Uniform: Whiskey, sending you 4
2024-10-14 22:31:39.026810 India: Uniform, sending you 2
2024-10-14 22:31:39.028450 Bravo: Whiskey, India, Romeo and Uniform, sending you 3
2024-10-14 22:31:39.030295 Romeo: Bravo, sending you 4
2024-10-14 22:31:39.031910 Uniform: India, sending you 2
2024-10-14 22:31:39.036687 Romeo: Uniform, sending you 6
2024-10-14 22:31:39.038896 Uniform: Romeo, sending you 5
chatterbot India submitting transactions
chatterbot Kilo submitting transactions
chatterbot Whiskey submitting transactions
chatterbot Lima submitting transactions
chatterbot Echo submitting transactions
chatterbot Bravo submitting transactions
chatterbot Romeo submitting transactions
chatterbot Charlie submitting transactions
chatterbot Tango submitting transactions
chatterbot Uniform submitting transactions
ChatterBot Lima round 14
ChatterBot Whiskey round 14
ChatterBot India round 14
ChatterBot Romeo round 14
ChatterBot Tango round 14
ChatterBot Bravo round 14
ChatterBot Echo round 14
ChatterBot Kilo round 14
ChatterBot Charlie round 14
ChatterBot Uniform round 14
2024-10-14 22:31:40.012655 Whiskey: Lima and Romeo, sending you 3
2024-10-14 22:31:40.013781 Tango: Echo and Charlie, sending you 6
2024-10-14 22:31:40.017658 Tango: Kilo, sending you 4
2024-10-14 22:31:40.018716 Whiskey: India and Bravo, sending you 4
2024-10-14 22:31:40.019948 Lima: Whiskey and Uniform, sending you 3
2024-10-14 22:31:40.022715 India: Lima, sending you 4
2024-10-14 22:31:40.023932 Echo: Tango and Charlie, sending you 4
2024-10-14 22:31:40.024413 Bravo: Lima, sending you 4
2024-10-14 22:31:40.025408 Whiskey: Uniform, sending you 5
2024-10-14 22:31:40.026516 Lima: India, sending you 4
2024-10-14 22:31:40.028415 Echo: Kilo, sending you 5
2024-10-14 22:31:40.029220 India: Whiskey, Romeo and Bravo, sending you 3
2024-10-14 22:31:40.030891 Bravo: Whiskey, India, Romeo and Uniform, sending you 3
2024-10-14 22:31:40.033291 Charlie: Tango and Echo, sending you 6
2024-10-14 22:31:40.034020 Lima: Romeo, sending you 2
2024-10-14 22:31:40.035962 Romeo: Lima, sending you 2
2024-10-14 22:31:40.038123 Kilo: Same as last round
2024-10-14 22:31:40.038900 Uniform: Lima and Bravo, sending you 3
2024-10-14 22:31:40.041334 India: Uniform, sending you 2
2024-10-14 22:31:40.043093 Charlie: Kilo, sending you 3
2024-10-14 22:31:40.043746 Lima: Bravo, sending you 5
2024-10-14 22:31:40.044685 Romeo: Whiskey and India, sending you 3
2024-10-14 22:31:40.046224 Uniform: Whiskey, sending you 4
2024-10-14 22:31:40.048680 Romeo: Bravo, sending you 4
2024-10-14 22:31:40.050665 Uniform: India, sending you 2
2024-10-14 22:31:40.051791 Romeo: Uniform, sending you 6
2024-10-14 22:31:40.054672 Uniform: Romeo, sending you 5
chatterbot Romeo submitting transactions
chatterbot India submitting transactions
chatterbot Whiskey submitting transactions
chatterbot Kilo submitting transactions
chatterbot Bravo submitting transactions
chatterbot Uniform submitting transactions
chatterbot Charlie submitting transactions
chatterbot Tango submitting transactions
chatterbot Lima submitting transactions
chatterbot Echo submitting transactions
ChatterBot Lima round 15
ChatterBot Whiskey round 15
ChatterBot India round 15
ChatterBot Romeo round 15
ChatterBot Tango round 15
ChatterBot Bravo round 15
ChatterBot Echo round 15
ChatterBot Kilo round 15
ChatterBot Charlie round 15
ChatterBot Uniform round 15
2024-10-14 22:31:41.241701 Lima: Whiskey and Uniform, sending you 3
2024-10-14 22:31:41.244944 Bravo: Lima, sending you 4
2024-10-14 22:31:41.247523 Romeo: Lima, sending you 2
2024-10-14 22:31:41.249226 Kilo: Same as last round
2024-10-14 22:31:41.251026 Whiskey: Lima and Romeo, sending you 3
2024-10-14 22:31:41.253013 Lima: India, sending you 4
2024-10-14 22:31:41.254461 Echo: Tango and Charlie, sending you 4
