ChatterBot Lima round 1
ChatterBot Romeo round 1
ChatterBot Golf round 1
ChatterBot Juliett round 1
ChatterBot Hotel round 1
ChatterBot Alpha round 1
ChatterBot Yankee round 1
ChatterBot Papa round 1
ChatterBot Delta round 1
ChatterBot Zulu round 1
randomSelections Yankee: {Yankee, Golf, Zulu, Papa, Lima, Juliett} 
2024-10-14 22:31:22.096190 Yankee: Friends?
ChatterBot Golf reevaluating
ChatterBot Zulu reevaluating
ChatterBot Papa reevaluating
ChatterBot Lima reevaluating
ChatterBot Juliett reevaluating
2024-10-14 22:31:22.120624 Golf: Yes
2024-10-14 22:31:22.120808 Zulu: Yes
2024-10-14 22:31:22.120990 Papa: Yes
2024-10-14 22:31:22.121143 Lima: Yes
2024-10-14 22:31:22.121324 Juliett: Yes
ChatterBot Zulu reevaluating
ChatterBot Papa reevaluating
ChatterBot Lima reevaluating
ChatterBot Juliett reevaluating
ChatterBot Golf reevaluating
ChatterBot Papa reevaluating
ChatterBot Lima reevaluating
ChatterBot Juliett reevaluating
ChatterBot Golf reevaluating
ChatterBot Zulu reevaluating
ChatterBot Lima reevaluating
ChatterBot Juliett reevaluating
ChatterBot Golf reevaluating
ChatterBot Zulu reevaluating
ChatterBot Papa reevaluating
ChatterBot Juliett reevaluating
ChatterBot Golf reevaluating
ChatterBot Zulu reevaluating
ChatterBot Papa reevaluating
ChatterBot Lima reevaluating
randomSelections Hotel: {Hotel, Lima, Golf, Yankee, Delta, Juliett} 
2024-10-14 22:31:22.185642 Hotel: Can we be friends?
ChatterBot Lima reevaluating
ChatterBot Golf reevaluating
ChatterBot Delta reevaluating
ChatterBot Juliett reevaluating
2024-10-14 22:31:22.192915 Lima: No
2024-10-14 22:31:22.193088 Golf: No
2024-10-14 22:31:22.193190 Yankee: No
2024-10-14 22:31:22.193323 Delta: Yes
2024-10-14 22:31:22.193428 Juliett: No
ChatterBot Golf reevaluating
ChatterBot Delta reevaluating
ChatterBot Juliett reevaluating
ChatterBot Lima reevaluating
ChatterBot Delta reevaluating
ChatterBot Juliett reevaluating
ChatterBot Lima reevaluating
ChatterBot Golf reevaluating
ChatterBot Delta reevaluating
ChatterBot Juliett reevaluating
ChatterBot Lima reevaluating
ChatterBot Golf reevaluating
ChatterBot Juliett reevaluating
ChatterBot Lima reevaluating
ChatterBot Golf reevaluating
ChatterBot Delta reevaluating
randomSelections Romeo: {Romeo, Alpha, Golf, Papa, Lima, Delta} 
2024-10-14 22:31:22.235576 Romeo: We should group up
ChatterBot Alpha reevaluating
ChatterBot Golf reevaluating
ChatterBot Papa reevaluating
ChatterBot Lima reevaluating
ChatterBot Delta reevaluating
2024-10-14 22:31:22.244896 Alpha: Yes
2024-10-14 22:31:22.245020 Golf: No
2024-10-14 22:31:22.245139 Papa: No
2024-10-14 22:31:22.245251 Lima: No
2024-10-14 22:31:22.245415 Delta: No
ChatterBot Golf reevaluating
ChatterBot Papa reevaluating
ChatterBot Lima reevaluating
ChatterBot Delta reevaluating
ChatterBot Alpha reevaluating
ChatterBot Papa reevaluating
ChatterBot Lima reevaluating
ChatterBot Delta reevaluating
ChatterBot Alpha reevaluating
ChatterBot Golf reevaluating
ChatterBot Lima reevaluating
ChatterBot Delta reevaluating
ChatterBot Alpha reevaluating
ChatterBot Golf reevaluating
ChatterBot Papa reevaluating
ChatterBot Delta reevaluating
ChatterBot Alpha reevaluating
ChatterBot Golf reevaluating
ChatterBot Papa reevaluating
ChatterBot Lima reevaluating
2024-10-14 22:31:22.303696 Romeo: Lima, sending you 2
2024-10-14 22:31:22.304843 Alpha: Lima, sending you 4
2024-10-14 22:31:22.306025 Delta: Lima, sending you 1
2024-10-14 22:31:22.307679 Juliett: Lima, sending you 7
2024-10-14 22:31:22.308030 Romeo: Alpha, sending you 4
2024-10-14 22:31:22.308321 Alpha: Romeo, Golf, Papa and Delta, sending you 3
2024-10-14 22:31:22.309667 Zulu: Golf, sending you 4
2024-10-14 22:31:22.310039 Golf: Lima, sending you 1
2024-10-14 22:31:22.310826 Delta: Golf, sending you 3
2024-10-14 22:31:22.311157 Romeo: Papa and Delta, sending you 5
2024-10-14 22:31:22.311686 Juliett: Golf, sending you 2
2024-10-14 22:31:22.312504 Yankee: Lima, Golf and Juliett, sending you 4
2024-10-14 22:31:22.312845 Papa: Lima, sending you 1
2024-10-14 22:31:22.313164 Zulu: Juliett, sending you 6
2024-10-14 22:31:22.313900 Golf: Juliett, sending you 4
2024-10-14 22:31:22.314685 Delta: Juliett, sending you 5
2024-10-14 22:31:22.316919 Juliett: Yankee, sending you 4
2024-10-14 22:31:22.317384 Yankee: Papa, sending you 2
2024-10-14 22:31:22.317792 Golf: Yankee, sending you 5
2024-10-14 22:31:22.318668 Papa: Juliett, sending you 2
2024-10-14 22:31:22.319039 Zulu: Yankee, sending you 2
2024-10-14 22:31:22.319382 Delta: Hotel and Yankee, sending you 4
2024-10-14 22:31:22.320187 Lima: Golf and Yankee, sending you 2
2024-10-14 22:31:22.320715 Yankee: Zulu, sending you 3
2024-10-14 22:31:22.321673 Juliett: Papa, sending you 3
2024-10-14 22:31:22.322715 Papa: Yankee, sending you 3
2024-10-14 22:31:22.323722 Golf: Papa, sending you 2
2024-10-14 22:31:22.324125 Zulu: Papa, sending you 3
2024-10-14 22:31:22.324895 Lima: Juliett and Papa, sending you 3
2024-10-14 22:31:22.328674 Golf: Zulu, sending you 3
2024-10-14 22:31:22.329854 Lima: Zulu, sending you 5
chatterbot Hotel submitting transactions
chatterbot Alpha submitting transactions
chatterbot Yankee submitting transactions
chatterbot Juliett submitting transactions
chatterbot Lima submitting transactions
chatterbot Delta submitting transactions
chatterbot Romeo submitting transactions
chatterbot Zulu submitting transactions
chatterbot Golf submitting transactions
chatterbot Papa submitting transactions
ChatterBot Lima round 2
ChatterBot Romeo round 2
ChatterBot Golf round 2
ChatterBot Juliett round 2
ChatterBot Hotel round 2
2024-10-14 22:31:25.706992 Lima: Group up?
ChatterBot Golf reevaluating
ChatterBot Juliett reevaluating
ChatterBot Yankee reevaluating
ChatterBot Papa reevaluating
ChatterBot Zulu reevaluating
ChatterBot Romeo reevaluating
ChatterBot Alpha reevaluating
ChatterBot Delta reevaluating
2024-10-14 22:31:25.793198 Golf: No
2024-10-14 22:31:25.794402 Juliett: No
2024-10-14 22:31:25.794642 Yankee: No
2024-10-14 22:31:25.794932 Papa: No
2024-10-14 22:31:25.795160 Zulu: No
2024-10-14 22:31:25.795471 Romeo: No
2024-10-14 22:31:25.796190 Alpha: No
2024-10-14 22:31:25.796472 Delta: No
ChatterBot Juliett reevaluating
ChatterBot Yankee reevaluating
ChatterBot Papa reevaluating
ChatterBot Zulu reevaluating
ChatterBot Romeo reevaluating
ChatterBot Alpha reevaluating
ChatterBot Delta reevaluating
ChatterBot Golf reevaluating
ChatterBot Yankee reevaluating
ChatterBot Papa reevaluating
ChatterBot Zulu reevaluating
ChatterBot Romeo reevaluating
ChatterBot Alpha reevaluating
ChatterBot Delta reevaluating
ChatterBot Golf reevaluating
ChatterBot Juliett reevaluating
ChatterBot Papa reevaluating
ChatterBot Zulu reevaluating
ChatterBot Romeo reevaluating
ChatterBot Alpha reevaluating
ChatterBot Delta reevaluating
ChatterBot Golf reevaluating
ChatterBot Juliett reevaluating
ChatterBot Yankee reevaluating
ChatterBot Zulu reevaluating
ChatterBot Romeo reevaluating
ChatterBot Alpha reevaluating
ChatterBot Delta reevaluating
ChatterBot Golf reevaluating
ChatterBot Juliett reevaluating
ChatterBot Yankee reevaluating
ChatterBot Papa reevaluating
ChatterBot Romeo reevaluating
ChatterBot Alpha reevaluating
ChatterBot Delta reevaluating
ChatterBot Golf reevaluating
ChatterBot Juliett reevaluating
ChatterBot Yankee reevaluating
ChatterBot Papa reevaluating
ChatterBot Zulu reevaluating
ChatterBot Alpha reevaluating
ChatterBot Delta reevaluating
ChatterBot Golf reevaluating
ChatterBot Juliett reevaluating
ChatterBot Yankee reevaluating
ChatterBot Papa reevaluating
ChatterBot Zulu reevaluating
ChatterBot Romeo reevaluating
ChatterBot Delta reevaluating
ChatterBot Golf reevaluating
ChatterBot Juliett reevaluating
ChatterBot Yankee reevaluating
ChatterBot Papa reevaluating
ChatterBot Zulu reevaluating
ChatterBot Romeo reevaluating
ChatterBot Alpha reevaluating
2024-10-14 22:31:26.601366 Juliett: We should add Delta
ChatterBot Yankee reevaluating
ChatterBot Golf reevaluating
ChatterBot Zulu reevaluating
ChatterBot Papa reevaluating
2024-10-14 22:31:26.645515 Yankee: No
2024-10-14 22:31:26.646112 Golf: No
2024-10-14 22:31:26.647331 Zulu: No
2024-10-14 22:31:26.648135 Papa: No
2024-10-14 22:31:26.649358 Lima: Yes
ChatterBot Golf reevaluating
ChatterBot Zulu reevaluating
ChatterBot Papa reevaluating
ChatterBot Juliett reevaluating
ChatterBot Yankee reevaluating
ChatterBot Zulu reevaluating
ChatterBot Papa reevaluating
ChatterBot Juliett reevaluating
ChatterBot Yankee reevaluating
ChatterBot Golf reevaluating
ChatterBot Papa reevaluating
ChatterBot Juliett reevaluating
ChatterBot Yankee reevaluating
ChatterBot Golf reevaluating
ChatterBot Zulu reevaluating
ChatterBot Juliett reevaluating
ChatterBot Yankee reevaluating
ChatterBot Golf reevaluating
ChatterBot Zulu reevaluating
ChatterBot Papa reevaluating
ChatterBot Juliett reevaluating
ChatterBot Alpha round 2
ChatterBot Yankee round 2
ChatterBot Papa round 2
ChatterBot Delta round 2
ChatterBot Zulu round 2
2024-10-14 22:31:26.894493 Hotel: Can we be friends?
ChatterBot Delta reevaluating
2024-10-14 22:31:26.901105 Delta: No
2024-10-14 22:31:26.932929 Yankee: We should add Delta
ChatterBot Zulu reevaluating
ChatterBot Papa reevaluating
ChatterBot Juliett reevaluating
2024-10-14 22:31:26.960840 Golf: No
2024-10-14 22:31:26.961044 Zulu: No
2024-10-14 22:31:26.961215 Papa: No
2024-10-14 22:31:26.961970 Lima: Yes
2024-10-14 22:31:26.962134 Juliett: Yes
ChatterBot Zulu reevaluating
ChatterBot Papa reevaluating
ChatterBot Juliett reevaluating
ChatterBot Papa reevaluating
ChatterBot Juliett reevaluating
ChatterBot Zulu reevaluating
ChatterBot Juliett reevaluating
ChatterBot Zulu reevaluating
ChatterBot Papa reevaluating
ChatterBot Juliett reevaluating
ChatterBot Zulu reevaluating
ChatterBot Papa reevaluating
2024-10-14 22:31:27.075991 Alpha: Group up?
ChatterBot Juliett reevaluating
ChatterBot Papa reevaluating
ChatterBot Zulu reevaluating
2024-10-14 22:31:27.106021 Lima: Yes
2024-10-14 22:31:27.106178 Golf: No
2024-10-14 22:31:27.106343 Juliett: No
2024-10-14 22:31:27.106457 Yankee: No
2024-10-14 22:31:27.106558 Papa: No
2024-10-14 22:31:27.106659 Zulu: No
2024-10-14 22:31:27.107165 Romeo: Yes
2024-10-14 22:31:27.107283 Delta: No
ChatterBot Juliett reevaluating
ChatterBot Papa reevaluating
ChatterBot Zulu reevaluating
ChatterBot Juliett reevaluating
ChatterBot Papa reevaluating
ChatterBot Zulu reevaluating
ChatterBot Papa reevaluating
ChatterBot Zulu reevaluating
ChatterBot Juliett reevaluating
ChatterBot Papa reevaluating
ChatterBot Zulu reevaluating
ChatterBot Juliett reevaluating
ChatterBot Zulu reevaluating
ChatterBot Juliett reevaluating
ChatterBot Papa reevaluating
ChatterBot Romeo reevaluating
ChatterBot Juliett reevaluating
ChatterBot Papa reevaluating
ChatterBot Zulu reevaluating
ChatterBot Juliett reevaluating
ChatterBot Papa reevaluating
ChatterBot Zulu reevaluating
ChatterBot Romeo reevaluating
2024-10-14 22:31:27.475474 Yankee: Delta we want you to join our group
2024-10-14 22:31:27.480204 Delta: No
ChatterBot Juliett reevaluating
ChatterBot Papa reevaluating
ChatterBot Zulu reevaluating
2024-10-14 22:31:27.507203 Lima: Romeo, Golf, Juliett, Alpha, Yankee, Papa and Delta, sending you 2
2024-10-14 22:31:27.538052 Juliett: We should drop Papa
ChatterBot Yankee reevaluating
2024-10-14 22:31:27.553677 Lima: No
2024-10-14 22:31:27.553937 Golf: No
2024-10-14 22:31:27.554153 Yankee: No
2024-10-14 22:31:27.554310 Zulu: Yes
ChatterBot Yankee reevaluating
ChatterBot Juliett reevaluating
ChatterBot Yankee reevaluating
ChatterBot Juliett reevaluating
ChatterBot Juliett reevaluating
ChatterBot Yankee reevaluating
2024-10-14 22:31:27.623916 Lima: Zulu, sending you 1
2024-10-14 22:31:27.624789 Golf: Lima and Juliett, sending you 3
2024-10-14 22:31:27.648705 Golf: Yankee and Zulu, sending you 4
2024-10-14 22:31:27.649245 Romeo: Lima, Golf, Juliett, Yankee, Papa, Delta and Zulu, sending you 2
2024-10-14 22:31:27.650510 Papa: Lima, Romeo, Golf, Juliett, Alpha, Yankee, Delta and Zulu, sending you 2
2024-10-14 22:31:27.651227 Alpha: Lima, Golf, Juliett, Yankee and Delta, sending you 1
2024-10-14 22:31:27.652466 Delta: Romeo, sending you 10
chatterbot Hotel submitting transactions
2024-10-14 22:31:27.653090 Golf: Papa, sending you 1
2024-10-14 22:31:27.654166 Romeo: Alpha, sending you 3
2024-10-14 22:31:27.666496 Alpha: Romeo, sending you 11
2024-10-14 22:31:27.667011 Delta: Alpha, sending you 7
chatterbot Alpha submitting transactions
2024-10-14 22:31:27.692297 Yankee: Lima and Zulu, sending you 2
2024-10-14 22:31:27.699514 Zulu: Sending you each 4
2024-10-14 22:31:27.699977 Yankee: Golf, sending you 4
2024-10-14 22:31:27.708872 Yankee: Juliett, Papa and Delta, sending you 3
chatterbot Delta submitting transactions
chatterbot Alpha submitting transactions
chatterbot Lima submitting transactions
chatterbot Romeo submitting transactions
chatterbot Papa submitting transactions
chatterbot Yankee submitting transactions
chatterbot Golf submitting transactions
chatterbot Zulu submitting transactions
chatterbot Juliett submitting transactions
ChatterBot Lima round 3
ChatterBot Romeo round 3
ChatterBot Golf round 3
chatterbot Yankee submitting transactions
ChatterBot Juliett round 3
ChatterBot Hotel round 3
ChatterBot Alpha round 3
ChatterBot Yankee round 3
ChatterBot Papa round 3
ChatterBot Delta round 3
ChatterBot Zulu round 3
2024-10-14 22:31:28.806365 Delta: Group up?
ChatterBot Juliett reevaluating
2024-10-14 22:31:28.846160 Lima: Yes
2024-10-14 22:31:28.846379 Golf: No
2024-10-14 22:31:28.846566 Juliett: Yes
2024-10-14 22:31:28.846750 Yankee: Yes
2024-10-14 22:31:28.846918 Papa: Yes
2024-10-14 22:31:28.847080 Zulu: No
2024-10-14 22:31:28.847765 Romeo: Yes
2024-10-14 22:31:28.847930 Alpha: Yes
ChatterBot Golf reevaluating
ChatterBot Juliett reevaluating
ChatterBot Juliett reevaluating
ChatterBot Zulu reevaluating
ChatterBot Golf reevaluating
ChatterBot Zulu reevaluating
ChatterBot Golf reevaluating
ChatterBot Juliett reevaluating
ChatterBot Zulu reevaluating
ChatterBot Golf reevaluating
ChatterBot Juliett reevaluating
ChatterBot Zulu reevaluating
ChatterBot Golf reevaluating
ChatterBot Juliett reevaluating
ChatterBot Golf reevaluating
ChatterBot Juliett reevaluating
ChatterBot Zulu reevaluating
ChatterBot Golf reevaluating
ChatterBot Juliett reevaluating
ChatterBot Zulu reevaluating
2024-10-14 22:31:29.334742 Zulu: Papa we want you to join our group
2024-10-14 22:31:29.340518 Papa: Yes
2024-10-14 22:31:29.363884 Romeo: Lima, Golf, Juliett, Yankee, Papa, Delta and Zulu, sending you 2
2024-10-14 22:31:29.366924 Yankee: Lima and Papa, sending you 2
2024-10-14 22:31:29.368382 Alpha: Lima and Papa, sending you 2
2024-10-14 22:31:29.370456 Romeo: Alpha, sending you 3
2024-10-14 22:31:29.372723 Juliett: Lima, Papa and Delta, sending you 2
2024-10-14 22:31:29.374016 Lima: Romeo, Golf, Juliett, Alpha, Yankee, Papa and Zulu, sending you 2
2024-10-14 22:31:29.375894 Golf: Lima, Juliett and Alpha, sending you 2
2024-10-14 22:31:29.378436 Papa: Lima, Romeo, Golf, Juliett, Alpha, Yankee, Delta and Zulu, sending you 2
2024-10-14 22:31:29.380682 Delta: Lima and Papa, sending you 2
2024-10-14 22:31:29.381844 Yankee: Romeo and Delta, sending you 1
2024-10-14 22:31:29.383924 Alpha: Romeo, sending you 4
2024-10-14 22:31:29.385387 Juliett: Romeo, sending you 1
2024-10-14 22:31:29.387446 Lima: Delta, sending you 1
2024-10-14 22:31:29.388564 Golf: Romeo, Papa and Delta, sending you 1
2024-10-14 22:31:29.390379 Delta: Romeo, sending you 6
2024-10-14 22:31:29.391898 Yankee: Golf and Juliett, sending you 4
2024-10-14 22:31:29.393638 Alpha: Juliett, Yankee and Zulu, sending you 1
2024-10-14 22:31:29.394479 Zulu: Lima, Juliett, Yankee and Papa, sending you 3
2024-10-14 22:31:29.396071 Juliett: Golf, Yankee and Zulu, sending you 3
2024-10-14 22:31:29.397700 Golf: Yankee and Zulu, sending you 3
2024-10-14 22:31:29.399556 Delta: Alpha, sending you 3
2024-10-14 22:31:29.400774 Yankee: Zulu, sending you 3
2024-10-14 22:31:29.402782 Alpha: Delta, sending you 5
2024-10-14 22:31:29.404315 Zulu: Golf, sending you 4
2024-10-14 22:31:29.405990 Delta: Yankee, sending you 4
chatterbot Romeo submitting transactions
chatterbot Alpha submitting transactions
chatterbot Papa submitting transactions
chatterbot Juliett submitting transactions
chatterbot Delta submitting transactions
chatterbot Golf submitting transactions
chatterbot Hotel submitting transactions
chatterbot Lima submitting transactions
chatterbot Yankee submitting transactions
chatterbot Zulu submitting transactions
ChatterBot Lima round 4
ChatterBot Romeo round 4
ChatterBot Golf round 4
ChatterBot Juliett round 4
ChatterBot Hotel round 4
ChatterBot Alpha round 4
ChatterBot Yankee round 4
ChatterBot Papa round 4
ChatterBot Delta round 4
ChatterBot Zulu round 4
2024-10-14 22:31:30.536685 Hotel: Sending you 1
2024-10-14 22:31:30.538403 Lima: Romeo, Golf, Juliett, Alpha, Yankee, Papa and Zulu, sending you 2
2024-10-14 22:31:30.539395 Golf: Lima and Juliett, sending you 2
2024-10-14 22:31:30.540434 Yankee: Lima, Papa and Delta, sending you 2
2024-10-14 22:31:30.541518 Papa: Lima, Romeo, Golf, Juliett, Alpha, Yankee, Delta and Zulu, sending you 2
2024-10-14 22:31:30.543746 Lima: Delta, sending you 1
2024-10-14 22:31:30.544693 Golf: Romeo, Alpha, Papa and Delta, sending you 1
2024-10-14 22:31:30.545487 Zulu: Lima, Juliett, Yankee and Papa, sending you 3
2024-10-14 22:31:30.546246 Yankee: Romeo and Alpha, sending you 1
2024-10-14 22:31:30.547021 Delta: Lima, Juliett, Yankee and Papa, sending you 2
2024-10-14 22:31:30.549147 Juliett: Lima, Golf and Papa, sending you 2
2024-10-14 22:31:30.550016 Romeo: Lima, Golf, Juliett, Yankee, Papa, Delta and Zulu, sending you 2
2024-10-14 22:31:30.550920 Golf: Yankee, sending you 4
2024-10-14 22:31:30.551644 Zulu: Golf, sending you 4
2024-10-14 22:31:30.553347 Yankee: Golf, Juliett and Zulu, sending you 3
2024-10-14 22:31:30.554433 Alpha: Lima, Golf and Papa, sending you 2
2024-10-14 22:31:30.555179 Delta: Romeo and Alpha, sending you 4
2024-10-14 22:31:30.556074 Juliett: Romeo, Alpha and Delta, sending you 1
2024-10-14 22:31:30.557617 Romeo: Alpha, sending you 3
2024-10-14 22:31:30.558365 Golf: Zulu, sending you 3
2024-10-14 22:31:30.559147 Delta: Golf, sending you 1
2024-10-14 22:31:30.560023 Alpha: Romeo and Delta, sending you 4
2024-10-14 22:31:30.560793 Juliett: Yankee, sending you 3
2024-10-14 22:31:30.565741 Alpha: Juliett and Zulu, sending you 1
2024-10-14 22:31:30.567355 Juliett: Zulu, sending you 4
chatterbot Juliett submitting transactions
chatterbot Golf submitting transactions
chatterbot Delta submitting transactions
chatterbot Papa submitting transactions
chatterbot Yankee submitting transactions
chatterbot Lima submitting transactions
chatterbot Zulu submitting transactions
chatterbot Alpha submitting transactions
chatterbot Hotel submitting transactions
chatterbot Romeo submitting transactions
ChatterBot Lima round 5
ChatterBot Romeo round 5
ChatterBot Golf round 5
ChatterBot Juliett round 5
ChatterBot Hotel round 5
ChatterBot Alpha round 5
ChatterBot Yankee round 5
ChatterBot Papa round 5
ChatterBot Delta round 5
ChatterBot Zulu round 5
2024-10-14 22:31:31.748686 Lima: Romeo, Golf, Juliett, Alpha, Yankee, Papa and Zulu, sending you 2
2024-10-14 22:31:31.753663 Lima: Delta, sending you 1
2024-10-14 22:31:31.762686 Romeo: Lima, Golf, Juliett, Yankee and Papa, sending you 2
2024-10-14 22:31:31.764710 Zulu: Lima, Golf, Yankee and Papa, sending you 3
2024-10-14 22:31:31.765973 Yankee: Lima, Papa and Delta, sending you 2
2024-10-14 22:31:31.766733 Romeo: Alpha, sending you 4
2024-10-14 22:31:31.767663 Golf: Lima, Juliett and Papa, sending you 2
2024-10-14 22:31:31.768870 Papa: Lima, Romeo, Golf, Juliett, Alpha, Yankee, Delta and Zulu, sending you 2
2024-10-14 22:31:31.769968 Alpha: Lima, Golf and Papa, sending you 2
2024-10-14 22:31:31.770956 Hotel: Same as last round
2024-10-14 22:31:31.771296 Juliett: Lima, Romeo, Golf and Papa, sending you 2
2024-10-14 22:31:31.772280 Romeo: Delta, sending you 3
2024-10-14 22:31:31.773957 Zulu: Juliett, sending you 4
2024-10-14 22:31:31.774596 Yankee: Romeo, sending you 1
2024-10-14 22:31:31.775600 Golf: Romeo, Alpha and Delta, sending you 1
2024-10-14 22:31:31.776599 Alpha: Romeo, sending you 3
2024-10-14 22:31:31.778113 Juliett: Alpha and Delta, sending you 1
2024-10-14 22:31:31.778998 Delta: Lima, Juliett, Yankee and Papa, sending you 2
2024-10-14 22:31:31.779896 Yankee: Golf, sending you 4
2024-10-14 22:31:31.780742 Golf: Yankee and Zulu, sending you 3
2024-10-14 22:31:31.781671 Alpha: Juliett, Yankee and Zulu, sending you 1
2024-10-14 22:31:31.782288 Juliett: Yankee and Zulu, sending you 3
2024-10-14 22:31:31.782824 Delta: Romeo, sending you 3
2024-10-14 22:31:31.783698 Yankee: Juliett and Zulu, sending you 3
2024-10-14 22:31:31.785023 Alpha: Delta, sending you 4
2024-10-14 22:31:31.787698 Delta: Golf, sending you 1
2024-10-14 22:31:31.791667 Delta: Alpha, sending you 5
chatterbot Alpha submitting transactions
chatterbot Lima submitting transactions
chatterbot Zulu submitting transactions
chatterbot Golf submitting transactions
chatterbot Hotel submitting transactions
chatterbot Juliett submitting transactions
chatterbot Romeo submitting transactions
chatterbot Yankee submitting transactions
chatterbot Delta submitting transactions
chatterbot Papa submitting transactions
ChatterBot Lima round 6
ChatterBot Romeo round 6
ChatterBot Golf round 6
ChatterBot Juliett round 6
ChatterBot Hotel round 6
ChatterBot Alpha round 6
ChatterBot Yankee round 6
ChatterBot Papa round 6
ChatterBot Delta round 6
ChatterBot Zulu round 6
2024-10-14 22:31:32.938516 Zulu: We should add Romeo and Alpha
2024-10-14 22:31:32.958118 Yankee: Yes
2024-10-14 22:31:32.958279 Golf: Yes
2024-10-14 22:31:32.958397 Papa: Yes
2024-10-14 22:31:32.958516 Lima: Yes
2024-10-14 22:31:32.958635 Juliett: Yes
2024-10-14 22:31:33.057292 Zulu: Romeo and Alpha we want you to join our group
2024-10-14 22:31:33.064220 Romeo: Yes
2024-10-14 22:31:33.064366 Alpha: Yes
2024-10-14 22:31:33.108677 Golf: Lima, Romeo, Juliett and Papa, sending you 2
2024-10-14 22:31:33.110140 Juliett: Lima, Romeo, Golf and Papa, sending you 2
2024-10-14 22:31:33.111321 Lima: Romeo, Golf, Juliett, Alpha, Yankee, Papa and Zulu, sending you 2
2024-10-14 22:31:33.112959 Papa: Lima, Romeo, Golf, Juliett, Alpha, Yankee, Delta and Zulu, sending you 2
2024-10-14 22:31:33.113949 Romeo: Lima, Juliett, Alpha, Papa and Delta, sending you 3
2024-10-14 22:31:33.114806 Alpha: Lima, Golf and Papa, sending you 2
2024-10-14 22:31:33.116218 Golf: Alpha, sending you 1
2024-10-14 22:31:33.116966 Juliett: Alpha and Delta, sending you 1
2024-10-14 22:31:33.118062 Lima: Delta, sending you 1
2024-10-14 22:31:33.119605 Romeo: Golf, sending you 2
2024-10-14 22:31:33.120590 Alpha: Romeo, sending you 3
2024-10-14 22:31:33.122112 Zulu: Lima, Romeo, Alpha, Yankee and Papa, sending you 2
2024-10-14 22:31:33.122775 Golf: Yankee and Zulu, sending you 3
2024-10-14 22:31:33.124020 Juliett: Yankee and Zulu, sending you 3
2024-10-14 22:31:33.126049 Delta: Lima, Juliett and Papa, sending you 2
2024-10-14 22:31:33.127323 Romeo: Yankee, sending you 1
2024-10-14 22:31:33.128540 Alpha: Juliett, Yankee and Zulu, sending you 1
2024-10-14 22:31:33.129993 Zulu: Golf and Juliett, sending you 3
2024-10-14 22:31:33.130517 Yankee: Lima, Papa and Delta, sending you 2
2024-10-14 22:31:33.131676 Delta: Romeo and Yankee, sending you 3
2024-10-14 22:31:33.134164 Alpha: Delta, sending you 4
2024-10-14 22:31:33.134974 Yankee: Romeo, sending you 1
2024-10-14 22:31:33.135715 Delta: Golf, sending you 1
2024-10-14 22:31:33.139686 Yankee: Golf, sending you 4
2024-10-14 22:31:33.140732 Delta: Alpha, sending you 4
2024-10-14 22:31:33.145678 Yankee: Juliett and Zulu, sending you 3
chatterbot Juliett submitting transactions
chatterbot Lima submitting transactions
chatterbot Hotel submitting transactions
chatterbot Romeo submitting transactions
chatterbot Golf submitting transactions
chatterbot Yankee submitting transactions
chatterbot Delta submitting transactions
chatterbot Alpha submitting transactions
chatterbot Papa submitting transactions
chatterbot Zulu submitting transactions
ChatterBot Lima round 7
ChatterBot Romeo round 7
ChatterBot Golf round 7
ChatterBot Juliett round 7
ChatterBot Hotel round 7
ChatterBot Alpha round 7
ChatterBot Yankee round 7
ChatterBot Papa round 7
ChatterBot Delta round 7
ChatterBot Zulu round 7
2024-10-14 22:31:34.216668 Romeo: Lima, Golf, Juliett, Yankee, Papa and Zulu, sending you 2
2024-10-14 22:31:34.219145 Golf: Lima, Romeo, Juliett and Papa, sending you 2
2024-10-14 22:31:34.222668 Romeo: Alpha and Delta, sending you 3
2024-10-14 22:31:34.223462 Golf: Alpha, sending you 1
2024-10-14 22:31:34.224727 Delta: Lima and Juliett, sending you 2
2024-10-14 22:31:34.226321 Yankee: Lima, Papa and Delta, sending you 2
2024-10-14 22:31:34.228186 Lima: Romeo, Golf, Juliett, Alpha, Yankee, Papa and Zulu, sending you 2
2024-10-14 22:31:34.229776 Golf: Yankee and Zulu, sending you 3
2024-10-14 22:31:34.231501 Juliett: Lima, Romeo, Golf and Papa, sending you 2
2024-10-14 22:31:34.232206 Delta: Romeo, Yankee and Papa, sending you 3
2024-10-14 22:31:34.232850 Yankee: Romeo, sending you 1
2024-10-14 22:31:34.234130 Lima: Delta, sending you 1
2024-10-14 22:31:34.234861 Juliett: Alpha and Delta, sending you 1
2024-10-14 22:31:34.235691 Alpha: Lima, Golf and Papa, sending you 2
2024-10-14 22:31:34.237175 Papa: Lima, Romeo, Golf, Juliett, Alpha, Yankee, Delta and Zulu, sending you 2
2024-10-14 22:31:34.238014 Delta: Alpha, sending you 4
2024-10-14 22:31:34.238805 Juliett: Yankee and Zulu, sending you 3
2024-10-14 22:31:34.240155 Yankee: Golf, sending you 4
2024-10-14 22:31:34.240972 Alpha: Romeo, sending you 3
2024-10-14 22:31:34.243687 Yankee: Juliett and Zulu, sending you 3
2024-10-14 22:31:34.245695 Alpha: Juliett, Yankee and Zulu, sending you 1
2024-10-14 22:31:34.246796 Zulu: Lima, Romeo, Alpha, Yankee and Papa, sending you 2
2024-10-14 22:31:34.249687 Alpha: Delta, sending you 4
2024-10-14 22:31:34.251526 Zulu: Golf and Juliett, sending you 3
chatterbot Papa submitting transactions
chatterbot Golf submitting transactions
chatterbot Alpha submitting transactions
chatterbot Lima submitting transactions
chatterbot Delta submitting transactions
chatterbot Juliett submitting transactions
chatterbot Hotel submitting transactions
chatterbot Yankee submitting transactions
chatterbot Zulu submitting transactions
chatterbot Romeo submitting transactions
ChatterBot Lima round 8
ChatterBot Romeo round 8
ChatterBot Golf round 8
ChatterBot Juliett round 8
ChatterBot Hotel round 8
ChatterBot Alpha round 8
ChatterBot Yankee round 8
ChatterBot Papa round 8
ChatterBot Delta round 8
ChatterBot Zulu round 8
2024-10-14 22:31:35.350685 Romeo: Lima, Golf, Juliett, Yankee, Papa and Zulu, sending you 2
2024-10-14 22:31:35.356689 Juliett: Lima, Romeo, Golf and Papa, sending you 2
2024-10-14 22:31:35.357778 Romeo: Alpha and Delta, sending you 3
2024-10-14 22:31:35.359281 Golf: Lima, Romeo, Juliett, Papa and Zulu, sending you 2
2024-10-14 22:31:35.361676 Juliett: Alpha and Delta, sending you 1
2024-10-14 22:31:35.362900 Lima: Romeo, Golf, Juliett, Alpha, Yankee, Papa and Zulu, sending you 2
2024-10-14 22:31:35.365962 Golf: Alpha and Delta, sending you 1
2024-10-14 22:31:35.367662 Juliett: Yankee and Zulu, sending you 3
2024-10-14 22:31:35.369696 Lima: Delta, sending you 1
2024-10-14 22:31:35.371374 Papa: Lima, Romeo, Golf, Juliett, Alpha, Yankee, Delta and Zulu, sending you 2
2024-10-14 22:31:35.373341 Yankee: Lima, Papa, Delta and Zulu, sending you 2
2024-10-14 22:31:35.374604 Golf: Yankee, sending you 3
2024-10-14 22:31:35.376190 Alpha: Lima, Golf and Papa, sending you 2
2024-10-14 22:31:35.377566 Yankee: Romeo and Alpha, sending you 1
2024-10-14 22:31:35.379228 Delta: Lima and Juliett, sending you 2
2024-10-14 22:31:35.380462 Zulu: Lima, Romeo, Alpha, Yankee and Papa, sending you 2
2024-10-14 22:31:35.381512 Alpha: Romeo, sending you 3
2024-10-14 22:31:35.383786 Yankee: Golf, sending you 4
2024-10-14 22:31:35.385118 Delta: Romeo, Yankee and Papa, sending you 3
2024-10-14 22:31:35.386486 Zulu: Golf and Juliett, sending you 3
2024-10-14 22:31:35.386931 Alpha: Juliett, Yankee and Zulu, sending you 1
2024-10-14 22:31:35.389696 Yankee: Juliett, sending you 3
2024-10-14 22:31:35.391844 Delta: Alpha, sending you 4
2024-10-14 22:31:35.394058 Alpha: Delta, sending you 4
chatterbot Lima submitting transactions
chatterbot Alpha submitting transactions
chatterbot Yankee submitting transactions
chatterbot Delta submitting transactions
chatterbot Juliett submitting transactions
chatterbot Papa submitting transactions
chatterbot Golf submitting transactions
chatterbot Zulu submitting transactions
chatterbot Hotel submitting transactions
chatterbot Romeo submitting transactions
ChatterBot Lima round 9
ChatterBot Romeo round 9
ChatterBot Golf round 9
ChatterBot Juliett round 9
ChatterBot Hotel round 9
ChatterBot Alpha round 9
ChatterBot Yankee round 9
ChatterBot Papa round 9
ChatterBot Delta round 9
ChatterBot Zulu round 9
2024-10-14 22:31:36.685210 Yankee: Lima, Romeo, Papa, Delta and Zulu, sending you 2
2024-10-14 22:31:36.688030 Papa: Same as last round
2024-10-14 22:31:36.691561 Lima: Romeo, Golf, Juliett, Alpha, Yankee, Papa and Zulu, sending you 2
2024-10-14 22:31:36.694265 Delta: Lima and Juliett, sending you 2
2024-10-14 22:31:36.696597 Romeo: Lima, Golf, Juliett, Yankee, Papa and Zulu, sending you 2
2024-10-14 22:31:36.698890 Golf: Lima, Romeo, Juliett, Alpha, Papa and Zulu, sending you 2
2024-10-14 22:31:36.701226 Yankee: Golf and Juliett, sending you 3
2024-10-14 22:31:36.703597 Zulu: Lima, Romeo, Alpha, Yankee and Papa, sending you 2
2024-10-14 22:31:36.705321 Lima: Delta, sending you 1
2024-10-14 22:31:36.707836 Delta: Romeo, Yankee and Papa, sending you 3
2024-10-14 22:31:36.710561 Romeo: Alpha and Delta, sending you 3
2024-10-14 22:31:36.712815 Juliett: Lima, Romeo, Golf, Papa and Delta, sending you 2
2024-10-14 22:31:36.715361 Golf: Yankee, sending you 3
2024-10-14 22:31:36.717883 Alpha: Lima, Golf, Papa and Zulu, sending you 2
2024-10-14 22:31:36.720400 Yankee: Alpha, sending you 1
2024-10-14 22:31:36.724045 Zulu: Golf and Juliett, sending you 3
2024-10-14 22:31:36.726876 Delta: Alpha, sending you 4
2024-10-14 22:31:36.730237 Juliett: Yankee and Zulu, sending you 3
2024-10-14 22:31:36.733634 Alpha: Romeo and Delta, sending you 3
2024-10-14 22:31:36.741199 Alpha: Juliett and Yankee, sending you 1
chatterbot Delta submitting transactions
chatterbot Golf submitting transactions
chatterbot Juliett submitting transactions
chatterbot Zulu submitting transactions
chatterbot Romeo submitting transactions
chatterbot Lima submitting transactions
chatterbot Alpha submitting transactions
chatterbot Papa submitting transactions
chatterbot Hotel submitting transactions
chatterbot Yankee submitting transactions
ChatterBot Lima round 10
ChatterBot Romeo round 10
ChatterBot Golf round 10
ChatterBot Juliett round 10
ChatterBot Hotel round 10
ChatterBot Alpha round 10
ChatterBot Yankee round 10
ChatterBot Papa round 10
ChatterBot Delta round 10
ChatterBot Zulu round 10
2024-10-14 22:31:37.904685 Romeo: Lima, Golf, Juliett, Yankee, Papa and Zulu, sending you 2
2024-10-14 22:31:37.906016 Golf: Lima, Romeo, Juliett, Alpha, Papa and Zulu, sending you 2
2024-10-14 22:31:37.909117 Romeo: Alpha and Delta, sending you 3
2024-10-14 22:31:37.912735 Zulu: Lima, Romeo, Alpha, Yankee and Papa, sending you 2
2024-10-14 22:31:37.913677 Golf: Yankee, sending you 3
2024-10-14 22:31:37.916493 Juliett: Lima, Romeo, Golf, Papa and Delta, sending you 2
2024-10-14 22:31:37.917795 Zulu: Golf and Juliett, sending you 3
2024-10-14 22:31:37.919003 Lima: Romeo, Golf, Juliett, Alpha, Yankee, Papa and Zulu, sending you 2
2024-10-14 22:31:37.920891 Papa: Same as last round
2024-10-14 22:31:37.922677 Juliett: Yankee and Zulu, sending you 3
2024-10-14 22:31:37.924787 Lima: Delta, sending you 1
2024-10-14 22:31:37.928939 Alpha: Lima, Golf, Papa and Zulu, sending you 2
2024-10-14 22:31:37.932332 Yankee: Lima, Romeo, Papa, Delta and Zulu, sending you 2
2024-10-14 22:31:37.935660 Alpha: Romeo and Delta, sending you 3
2024-10-14 22:31:37.938331 Yankee: Golf and Juliett, sending you 3
2024-10-14 22:31:37.941144 Delta: Lima and Juliett, sending you 2
2024-10-14 22:31:37.943482 Alpha: Juliett and Yankee, sending you 1
2024-10-14 22:31:37.946971 Yankee: Alpha, sending you 1
2024-10-14 22:31:37.949560 Delta: Romeo, Yankee and Papa, sending you 3
2024-10-14 22:31:37.957703 Delta: Alpha, sending you 4
chatterbot Zulu submitting transactions
chatterbot Golf submitting transactions
chatterbot Juliett submitting transactions
chatterbot Lima submitting transactions
chatterbot Delta submitting transactions
chatterbot Romeo submitting transactions
chatterbot Hotel submitting transactions
chatterbot Papa submitting transactions
chatterbot Alpha submitting transactions
chatterbot Yankee submitting transactions
ChatterBot Lima round 11
ChatterBot Romeo round 11
ChatterBot Golf round 11
ChatterBot Juliett round 11
ChatterBot Hotel round 11
ChatterBot Alpha round 11
ChatterBot Yankee round 11
ChatterBot Papa round 11
ChatterBot Delta round 11
ChatterBot Zulu round 11
2024-10-14 22:31:39.060695 Lima: Romeo, Golf, Juliett, Alpha, Yankee, Papa and Zulu, sending you 2
2024-10-14 22:31:39.064812 Delta: Lima and Juliett, sending you 2
2024-10-14 22:31:39.067924 Zulu: Lima, Romeo, Alpha, Yankee and Papa, sending you 2
2024-10-14 22:31:39.069808 Alpha: Lima, Golf, Papa and Zulu, sending you 2
2024-10-14 22:31:39.073314 Romeo: Lima, Golf, Juliett, Yankee, Papa and Zulu, sending you 2
2024-10-14 22:31:39.076567 Golf: Lima, Romeo, Juliett, Alpha, Papa and Zulu, sending you 2
2024-10-14 22:31:39.079543 Juliett: Lima, Romeo, Golf, Papa and Delta, sending you 2
2024-10-14 22:31:39.082700 Lima: Delta, sending you 1
2024-10-14 22:31:39.084633 Yankee: Lima, Romeo, Papa, Delta and Zulu, sending you 2
2024-10-14 22:31:39.087203 Delta: Romeo, Yankee and Papa, sending you 3
2024-10-14 22:31:39.089631 Papa: Same as last round
2024-10-14 22:31:39.091156 Zulu: Golf and Juliett, sending you 3
2024-10-14 22:31:39.092249 Alpha: Romeo and Delta, sending you 3
2024-10-14 22:31:39.095146 Romeo: Alpha and Delta, sending you 3
2024-10-14 22:31:39.096116 Golf: Yankee, sending you 3
2024-10-14 22:31:39.097732 Juliett: Yankee and Zulu, sending you 3
2024-10-14 22:31:39.099177 Yankee: Golf and Juliett, sending you 3
2024-10-14 22:31:39.101193 Delta: Alpha, sending you 4
2024-10-14 22:31:39.102857 Alpha: Juliett and Yankee, sending you 1
2024-10-14 22:31:39.104842 Yankee: Alpha, sending you 1
chatterbot Golf submitting transactions
chatterbot Romeo submitting transactions
chatterbot Hotel submitting transactions
chatterbot Delta submitting transactions
chatterbot Yankee submitting transactions
chatterbot Lima submitting transactions
chatterbot Zulu submitting transactions
chatterbot Juliett submitting transactions
chatterbot Papa submitting transactions
chatterbot Alpha submitting transactions
ChatterBot Lima round 12
ChatterBot Romeo round 12
ChatterBot Golf round 12
ChatterBot Juliett round 12
ChatterBot Hotel round 12
ChatterBot Alpha round 12
ChatterBot Yankee round 12
ChatterBot Papa round 12
ChatterBot Delta round 12
ChatterBot Zulu round 12
2024-10-14 22:31:40.351701 Yankee: Lima, Romeo, Papa, Delta and Zulu, sending you 2
2024-10-14 22:31:40.354790 Papa: Same as last round
2024-10-14 22:31:40.357330 Romeo: Lima, Golf, Juliett, Yankee, Papa and Zulu, sending you 2
2024-10-14 22:31:40.360098 Delta: Lima and Juliett, sending you 2
2024-10-14 22:31:40.362194 Yankee: Golf and Juliett, sending you 3
2024-10-14 22:31:40.364373 Zulu: Lima, Romeo, Alpha, Yankee and Papa, sending you 2
2024-10-14 22:31:40.366263 Golf: Lima, Romeo, Juliett, Alpha, Papa and Zulu, sending you 2
2024-10-14 22:31:40.369970 Lima: Romeo, Golf, Juliett, Alpha, Yankee, Papa and Zulu, sending you 2
2024-10-14 22:31:40.373483 Romeo: Alpha and Delta, sending you 3
2024-10-14 22:31:40.377077 Delta: Romeo, Yankee and Papa, sending you 3
2024-10-14 22:31:40.381505 Juliett: Lima, Romeo, Golf, Papa and Delta, sending you 2
2024-10-14 22:31:40.386260 Alpha: Lima, Golf, Papa and Zulu, sending you 2
2024-10-14 22:31:40.390619 Yankee: Alpha, sending you 1
2024-10-14 22:31:40.394418 Zulu: Golf and Juliett, sending you 3
2024-10-14 22:31:40.397516 Golf: Yankee, sending you 3
2024-10-14 22:31:40.401740 Lima: Delta, sending you 1
2024-10-14 22:31:40.405060 Delta: Alpha, sending you 4
2024-10-14 22:31:40.408805 Juliett: Yankee and Zulu, sending you 3
2024-10-14 22:31:40.412515 Alpha: Romeo and Delta, sending you 3
2024-10-14 22:31:40.418672 Alpha: Juliett and Yankee, sending you 1
chatterbot Papa submitting transactions
chatterbot Alpha submitting transactions
chatterbot Juliett submitting transactions
chatterbot Golf submitting transactions
chatterbot Zulu submitting transactions
chatterbot Lima submitting transactions
chatterbot Hotel submitting transactions
chatterbot Romeo submitting transactions
chatterbot Yankee submitting transactions
chatterbot Delta submitting transactions
ChatterBot Lima round 13
ChatterBot Romeo round 13
ChatterBot Golf round 13
ChatterBot Juliett round 13
ChatterBot Hotel round 13
ChatterBot Alpha round 13
ChatterBot Yankee round 13
ChatterBot Papa round 13
ChatterBot Delta round 13
ChatterBot Zulu round 13
2024-10-14 22:31:41.516706 Yankee: Lima, Romeo, Papa, Delta and Zulu, sending you 2
2024-10-14 22:31:41.521146 Papa: Same as last round
2024-10-14 22:31:41.525572 Yankee: Golf and Juliett, sending you 3
2024-10-14 22:31:41.528865 Alpha: Lima, Golf, Papa and Zulu, sending you 2
2024-10-14 22:31:41.531664 Zulu: Lima, Romeo, Alpha, Yankee and Papa, sending you 2
2024-10-14 22:31:41.533677 Juliett: Lima, Romeo, Golf, Papa and Delta, sending you 2
2024-10-14 22:31:41.535433 Yankee: Alpha, sending you 1
2024-10-14 22:31:41.537672 Romeo: Lima, Golf, Juliett, Yankee, Papa and Zulu, sending you 2
2024-10-14 22:31:41.540081 Lima: Romeo, Golf, Juliett, Alpha, Yankee, Papa and Zulu, sending you 2
2024-10-14 22:31:41.542224 Alpha: Romeo and Delta, sending you 3
2024-10-14 22:31:41.545682 Golf: Lima, Romeo, Juliett, Alpha, Papa and Zulu, sending you 2
2024-10-14 22:31:41.549852 Zulu: Golf and Juliett, sending you 3
2024-10-14 22:31:41.552251 Juliett: Yankee and Zulu, sending you 3
2024-10-14 22:31:41.557820 Romeo: Alpha and Delta, sending you 3
2024-10-14 22:31:41.562715 Lima: Delta, sending you 1
2024-10-14 22:31:41.566581 Alpha: Juliett and Yankee, sending you 1
2024-10-14 22:31:41.570936 Delta: Lima and Juliett, sending you 2
2024-10-14 22:31:41.574794 Golf: Yankee, sending you 3
2024-10-14 22:31:41.579703 Delta: Romeo, Alpha, Yankee and Papa, sending you 3
2024-10-14 22:31:41.588685 Delta: Golf, sending you 1
chatterbot Lima submitting transactions
chatterbot Delta submitting transactions
chatterbot Romeo submitting transactions
chatterbot Golf submitting transactions
chatterbot Juliett submitting transactions
chatterbot Alpha submitting transactions
chatterbot Yankee submitting transactions
chatterbot Papa submitting transactions
chatterbot Hotel submitting transactions
chatterbot Zulu submitting transactions
ChatterBot Lima round 14
ChatterBot Romeo round 14
ChatterBot Golf round 14
ChatterBot Juliett round 14
ChatterBot Hotel round 14
ChatterBot Alpha round 14
ChatterBot Yankee round 14
ChatterBot Papa round 14
ChatterBot Delta round 14
ChatterBot Zulu round 14
2024-10-14 22:31:42.740665 Golf: Lima, Romeo, Juliett, Alpha, Papa and Zulu, sending you 2
2024-10-14 22:31:42.745669 Golf: Yankee, sending you 3
2024-10-14 22:31:42.752658 Delta: Lima and Juliett, sending you 2
2024-10-14 22:31:42.755051 Lima: Romeo, Golf, Juliett, Alpha, Yankee, Papa and Zulu, sending you 2
2024-10-14 22:31:42.756804 Romeo: Lima, Golf, Juliett, Yankee, Papa and Zulu, sending you 2
2024-10-14 22:31:42.758802 Delta: Romeo, Alpha, Yankee and Papa, sending you 3
