ChatterBot Foxtrot round 1
ChatterBot Alpha round 1
ChatterBot Delta round 1
ChatterBot Quebec round 1
ChatterBot Hotel round 1
ChatterBot Romeo round 1
ChatterBot Golf round 1
randomSelections Quebec: {Quebec, Foxtrot, Hotel, Alpha, Juliett, Romeo} 
2024-10-14 21:31:18.160676 Quebec: Friends?
ChatterBot Foxtrot reevaluating
ChatterBot Hotel reevaluating
ChatterBot Alpha reevaluating
ChatterBot Romeo reevaluating
2024-10-14 21:31:18.169149 Foxtrot: Yes
2024-10-14 21:31:18.170123 Hotel: Yes
2024-10-14 21:31:18.170247 Alpha: Yes
2024-10-14 21:31:18.170361 Romeo: Yes
ChatterBot Hotel reevaluating
ChatterBot Alpha reevaluating
ChatterBot Romeo reevaluating
ChatterBot Foxtrot reevaluating
ChatterBot Alpha reevaluating
ChatterBot Romeo reevaluating
ChatterBot Foxtrot reevaluating
ChatterBot Hotel reevaluating
ChatterBot Romeo reevaluating
ChatterBot Foxtrot reevaluating
ChatterBot Hotel reevaluating
ChatterBot Alpha reevaluating
ChatterBot India round 1
ChatterBot Juliett round 1
ChatterBot Juliett reevaluating
ChatterBot Juliett reevaluating
ChatterBot Juliett reevaluating
ChatterBot Juliett reevaluating
ChatterBot Juliett reevaluating
2024-10-14 21:31:18.203977 Juliett: Yes
ChatterBot Foxtrot reevaluating
ChatterBot Hotel reevaluating
ChatterBot Alpha reevaluating
ChatterBot Romeo reevaluating
ChatterBot Zulu round 1
randomSelections Golf: {Golf, Romeo, Juliett, Zulu, India, Quebec} 
2024-10-14 21:31:18.264684 Golf: Let's form a team
ChatterBot Romeo reevaluating
ChatterBot Juliett reevaluating
ChatterBot Zulu reevaluating
ChatterBot India reevaluating
2024-10-14 21:31:18.303489 Romeo: No
2024-10-14 21:31:18.303908 Juliett: No
2024-10-14 21:31:18.304224 Zulu: Yes
2024-10-14 21:31:18.305139 India: Yes
2024-10-14 21:31:18.305267 Quebec: No
ChatterBot Juliett reevaluating
ChatterBot Zulu reevaluating
ChatterBot India reevaluating
ChatterBot Romeo reevaluating
ChatterBot Zulu reevaluating
ChatterBot India reevaluating
ChatterBot Romeo reevaluating
ChatterBot Juliett reevaluating
ChatterBot India reevaluating
ChatterBot Romeo reevaluating
ChatterBot Juliett reevaluating
ChatterBot Zulu reevaluating
ChatterBot Romeo reevaluating
ChatterBot Juliett reevaluating
ChatterBot Zulu reevaluating
ChatterBot India reevaluating
randomSelections Delta: {Delta, Juliett, Foxtrot, Alpha, Zulu, Quebec, India, Golf} 
2024-10-14 21:31:18.360498 Delta: Can we be friends?
ChatterBot Juliett reevaluating
ChatterBot Foxtrot reevaluating
ChatterBot Alpha reevaluating
ChatterBot Zulu reevaluating
ChatterBot India reevaluating
2024-10-14 21:31:18.371029 Juliett: No
2024-10-14 21:31:18.371263 Foxtrot: No
2024-10-14 21:31:18.371935 Alpha: No
2024-10-14 21:31:18.372193 Zulu: No
2024-10-14 21:31:18.372522 Quebec: No
2024-10-14 21:31:18.372725 India: No
2024-10-14 21:31:18.372922 Golf: No
ChatterBot Foxtrot reevaluating
ChatterBot Alpha reevaluating
ChatterBot Zulu reevaluating
ChatterBot India reevaluating
ChatterBot Juliett reevaluating
ChatterBot Alpha reevaluating
ChatterBot Zulu reevaluating
ChatterBot India reevaluating
ChatterBot Juliett reevaluating
ChatterBot Foxtrot reevaluating
ChatterBot Zulu reevaluating
ChatterBot India reevaluating
ChatterBot Juliett reevaluating
ChatterBot Foxtrot reevaluating
ChatterBot Alpha reevaluating
ChatterBot India reevaluating
ChatterBot Juliett reevaluating
ChatterBot Foxtrot reevaluating
ChatterBot Alpha reevaluating
ChatterBot Zulu reevaluating
ChatterBot India reevaluating
ChatterBot Juliett reevaluating
ChatterBot Foxtrot reevaluating
ChatterBot Alpha reevaluating
ChatterBot Zulu reevaluating
ChatterBot Juliett reevaluating
ChatterBot Foxtrot reevaluating
ChatterBot Alpha reevaluating
ChatterBot Zulu reevaluating
ChatterBot India reevaluating
2024-10-14 21:31:18.473071 Quebec: Foxtrot, sending you 5
2024-10-14 21:31:18.474295 Delta: Foxtrot, sending you 3
2024-10-14 21:31:18.479077 India: Quebec, sending you 4
2024-10-14 21:31:18.480731 Quebec: Alpha, sending you 3
2024-10-14 21:31:18.481584 Golf: Quebec, sending you 1
2024-10-14 21:31:18.483154 Delta: Alpha and Golf, sending you 4
2024-10-14 21:31:18.485083 Romeo: Foxtrot and Alpha, sending you 3
2024-10-14 21:31:18.485722 Hotel: Foxtrot, sending you 2
2024-10-14 21:31:18.487011 Alpha: Foxtrot, sending you 4
2024-10-14 21:31:18.487780 India: Romeo and Zulu, sending you 3
2024-10-14 21:31:18.488267 Quebec: Hotel, sending you 1
2024-10-14 21:31:18.489320 Golf: Romeo, sending you 3
2024-10-14 21:31:18.489780 Delta: Quebec, India and Juliett, sending you 2
2024-10-14 21:31:18.490321 Foxtrot: Alpha, Romeo and Juliett, sending you 3
2024-10-14 21:31:18.491634 Juliett: Foxtrot and Romeo, sending you 5
2024-10-14 21:31:18.492153 Hotel: Quebec, sending you 4
2024-10-14 21:31:18.493451 Romeo: Quebec and Hotel, sending you 1
2024-10-14 21:31:18.494025 Alpha: Quebec, sending you 6
2024-10-14 21:31:18.494587 India: Golf, sending you 1
2024-10-14 21:31:18.495562 Golf: India, sending you 6
2024-10-14 21:31:18.495852 Zulu: Romeo, sending you 1
2024-10-14 21:31:18.496182 Quebec: Romeo, sending you 2
2024-10-14 21:31:18.496491 Juliett: Alpha and Quebec, sending you 2
2024-10-14 21:31:18.496805 Foxtrot: Quebec and Hotel, sending you 2
2024-10-14 21:31:18.497806 Hotel: Romeo and Juliett, sending you 6
2024-10-14 21:31:18.498710 Romeo: Juliett, sending you 8
2024-10-14 21:31:18.498999 Alpha: Hotel, sending you 3
2024-10-14 21:31:18.500020 India: Juliett, sending you 5
2024-10-14 21:31:18.500323 Golf: Juliett, sending you 4
2024-10-14 21:31:18.500639 Zulu: India, sending you 2
2024-10-14 21:31:18.501704 Quebec: Juliett, sending you 6
2024-10-14 21:31:18.502033 Juliett: Hotel, sending you 3
2024-10-14 21:31:18.503799 Alpha: Romeo and Juliett, sending you 2
2024-10-14 21:31:18.504677 Golf: Zulu, sending you 2
chatterbot Quebec submitting transactions
chatterbot Hotel submitting transactions
chatterbot Zulu submitting transactions
chatterbot Alpha submitting transactions
chatterbot Golf submitting transactions
chatterbot Delta submitting transactions
chatterbot Juliett submitting transactions
chatterbot Romeo submitting transactions
chatterbot Foxtrot submitting transactions
chatterbot India submitting transactions
ChatterBot Foxtrot round 2
ChatterBot Alpha round 2
ChatterBot Delta round 2
ChatterBot Quebec round 2
ChatterBot Hotel round 2
ChatterBot Romeo round 2
2024-10-14 21:31:19.575869 Alpha: We should add Delta
ChatterBot Quebec reevaluating
ChatterBot Foxtrot reevaluating
ChatterBot Hotel reevaluating
ChatterBot Juliett reevaluating
ChatterBot Romeo reevaluating
2024-10-14 21:31:19.598899 Quebec: No
2024-10-14 21:31:19.599092 Foxtrot: Yes
2024-10-14 21:31:19.599224 Hotel: No
2024-10-14 21:31:19.599358 Juliett: Yes
2024-10-14 21:31:19.599916 Romeo: No
ChatterBot Foxtrot reevaluating
ChatterBot Hotel reevaluating
ChatterBot Juliett reevaluating
ChatterBot Romeo reevaluating
ChatterBot Quebec reevaluating
ChatterBot Hotel reevaluating
ChatterBot Juliett reevaluating
ChatterBot Romeo reevaluating
ChatterBot Quebec reevaluating
ChatterBot Foxtrot reevaluating
ChatterBot Juliett reevaluating
ChatterBot Romeo reevaluating
ChatterBot Quebec reevaluating
ChatterBot Foxtrot reevaluating
ChatterBot Hotel reevaluating
ChatterBot Romeo reevaluating
ChatterBot Quebec reevaluating
ChatterBot Foxtrot reevaluating
ChatterBot Hotel reevaluating
ChatterBot Juliett reevaluating
ChatterBot Golf round 2
ChatterBot India round 2
ChatterBot Juliett round 2
ChatterBot Zulu round 2
2024-10-14 21:31:19.701556 Delta: Let's form a team
ChatterBot Golf reevaluating
ChatterBot India reevaluating
ChatterBot Zulu reevaluating
2024-10-14 21:31:19.710277 Golf: Yes
2024-10-14 21:31:19.710430 India: Yes
2024-10-14 21:31:19.710542 Zulu: Yes
ChatterBot India reevaluating
ChatterBot Zulu reevaluating
ChatterBot Golf reevaluating
ChatterBot Zulu reevaluating
ChatterBot Golf reevaluating
ChatterBot India reevaluating
2024-10-14 21:31:19.748664 Alpha: Delta we want you to join our group
2024-10-14 21:31:19.751968 Delta: No
ChatterBot Foxtrot reevaluating
ChatterBot Quebec reevaluating
ChatterBot Hotel reevaluating
ChatterBot Romeo reevaluating
ChatterBot Juliett reevaluating
2024-10-14 21:31:19.787627 Foxtrot: Delta we want you to join our group
2024-10-14 21:31:19.791910 Delta: No
ChatterBot Foxtrot reevaluating
2024-10-14 21:31:19.815907 Alpha: Foxtrot, Delta, Quebec, Romeo and Juliett, sending you 3
2024-10-14 21:31:19.816861 Hotel: Foxtrot, Alpha and Juliett, sending you 4
2024-10-14 21:31:19.818173 Delta: Golf and India, sending you 6
2024-10-14 21:31:19.835676 Alpha: Hotel, sending you 2
2024-10-14 21:31:19.836751 Hotel: Quebec and Romeo, sending you 3
2024-10-14 21:31:19.837271 Delta: Zulu, sending you 5
chatterbot Alpha submitting transactions
2024-10-14 21:31:19.868037 Golf: Delta, sending you 13
2024-10-14 21:31:19.868449 Quebec: Foxtrot, Romeo and Juliett, sending you 3
2024-10-14 21:31:19.869435 Romeo: Foxtrot, Alpha, Quebec and Juliett, sending you 3
2024-10-14 21:31:19.869952 India: Delta and Zulu, sending you 5
2024-10-14 21:31:19.870771 Juliett: Foxtrot, sending you 3
2024-10-14 21:31:19.871184 Zulu: Delta, sending you 2
2024-10-14 21:31:19.872061 Golf: India, sending you 3
2024-10-14 21:31:19.872370 Quebec: Alpha and Hotel, sending you 4
2024-10-14 21:31:19.873876 Romeo: Hotel, sending you 4
2024-10-14 21:31:19.874958 India: Golf, sending you 8
2024-10-14 21:31:19.875385 Foxtrot: Alpha, Hotel, Romeo and Juliett, sending you 3
2024-10-14 21:31:19.877744 Juliett: Alpha, sending you 2
2024-10-14 21:31:19.878237 Zulu: Golf and India, sending you 3
2024-10-14 21:31:19.879003 Foxtrot: Quebec, sending you 4
2024-10-14 21:31:19.884207 Juliett: Quebec, Hotel and Romeo, sending you 4
chatterbot Foxtrot submitting transactions
chatterbot Zulu submitting transactions
chatterbot India submitting transactions
chatterbot Juliett submitting transactions
chatterbot Hotel submitting transactions
chatterbot Romeo submitting transactions
chatterbot Delta submitting transactions
chatterbot Quebec submitting transactions
chatterbot Golf submitting transactions
ChatterBot Foxtrot round 3
ChatterBot Alpha round 3
ChatterBot Delta round 3
ChatterBot Quebec round 3
ChatterBot Hotel round 3
ChatterBot Romeo round 3
ChatterBot Golf round 3
ChatterBot India round 3
ChatterBot Juliett round 3
ChatterBot Zulu round 3
2024-10-14 21:31:21.909021 Alpha: We should drop Delta
2024-10-14 21:31:21.930326 Quebec: Yes
2024-10-14 21:31:21.930642 Foxtrot: Yes
2024-10-14 21:31:21.930828 Hotel: Yes
2024-10-14 21:31:21.931375 Juliett: Yes
2024-10-14 21:31:21.931537 Romeo: Yes
2024-10-14 21:31:22.357660 Foxtrot: Alpha, Quebec, Hotel and Romeo, sending you 3
2024-10-14 21:31:22.359007 Hotel: Foxtrot and Alpha, sending you 3
2024-10-14 21:31:22.445823 Foxtrot: Juliett, sending you 4
2024-10-14 21:31:22.447289 Delta: Golf, sending you 7
2024-10-14 21:31:22.447880 Alpha: Foxtrot, Hotel, Romeo and Juliett, sending you 3
2024-10-14 21:31:22.449070 Romeo: Foxtrot, Alpha, Quebec and Hotel, sending you 3
2024-10-14 21:31:22.450288 Golf: Delta, sending you 6
2024-10-14 21:31:22.450948 India: Delta, sending you 6
2024-10-14 21:31:22.451943 Hotel: Quebec, Romeo and Juliett, sending you 4
2024-10-14 21:31:22.452740 Zulu: Delta, sending you 3
2024-10-14 21:31:22.453678 Quebec: Foxtrot, Hotel, Romeo and Juliett, sending you 3
2024-10-14 21:31:22.454505 Juliett: Foxtrot, Alpha, Quebec and Hotel, sending you 3
chatterbot Alpha submitting transactions
2024-10-14 21:31:22.456181 Delta: India and Zulu, sending you 5
2024-10-14 21:31:22.457073 Alpha: Quebec, sending you 5
2024-10-14 21:31:22.458755 Romeo: Juliett, sending you 4
2024-10-14 21:31:22.459496 Golf: India, sending you 7
2024-10-14 21:31:22.460390 India: Golf, sending you 7
2024-10-14 21:31:22.460917 Zulu: Golf, sending you 2
2024-10-14 21:31:22.462050 Quebec: Alpha, sending you 5
2024-10-14 21:31:22.462777 Juliett: Romeo, sending you 5
2024-10-14 21:31:22.464012 Golf: Zulu, sending you 3
2024-10-14 21:31:22.465105 India: Zulu, sending you 5
2024-10-14 21:31:22.516224 Zulu: India, sending you 4
chatterbot Hotel submitting transactions
chatterbot India submitting transactions
chatterbot Golf submitting transactions
chatterbot Zulu submitting transactions
chatterbot Foxtrot submitting transactions
chatterbot Romeo submitting transactions
chatterbot Delta submitting transactions
chatterbot Juliett submitting transactions
chatterbot Quebec submitting transactions
ChatterBot Foxtrot round 4
ChatterBot Alpha round 4
ChatterBot Delta round 4
ChatterBot Quebec round 4
ChatterBot Hotel round 4
ChatterBot Romeo round 4
ChatterBot Golf round 4
ChatterBot India round 4
ChatterBot Juliett round 4
ChatterBot Zulu round 4
2024-10-14 21:31:23.364585 Romeo: Foxtrot, Alpha, Quebec and Hotel, sending you 3
2024-10-14 21:31:23.366609 Golf: Delta and India, sending you 7
2024-10-14 21:31:23.367919 Delta: Golf and India, sending you 6
2024-10-14 21:31:23.368490 Foxtrot: Alpha, Quebec, Hotel and Romeo, sending you 3
2024-10-14 21:31:23.370390 Hotel: Foxtrot, Quebec, Romeo and Juliett, sending you 4
2024-10-14 21:31:23.372166 Alpha: Foxtrot, Hotel, Romeo and Juliett, sending you 3
2024-10-14 21:31:23.373802 Quebec: Foxtrot, Hotel, Romeo and Juliett, sending you 3
2024-10-14 21:31:23.374923 Juliett: Foxtrot, Alpha, Quebec and Hotel, sending you 3
2024-10-14 21:31:23.375457 Romeo: Juliett, sending you 4
2024-10-14 21:31:23.376659 Delta: Zulu, sending you 5
2024-10-14 21:31:23.377103 Golf: Zulu, sending you 2
2024-10-14 21:31:23.378026 Foxtrot: Juliett, sending you 4
2024-10-14 21:31:23.378606 Hotel: Alpha, sending you 2
2024-10-14 21:31:23.379736 Alpha: Quebec, sending you 5
2024-10-14 21:31:23.380195 Zulu: Delta and India, sending you 4
2024-10-14 21:31:23.381136 Quebec: Alpha, sending you 5
2024-10-14 21:31:23.381585 Juliett: Romeo, sending you 5
2024-10-14 21:31:23.382631 India: Delta, sending you 6
2024-10-14 21:31:23.395204 Zulu: Golf, sending you 3
2024-10-14 21:31:23.396042 India: Golf, sending you 7
2024-10-14 21:31:23.405898 India: Zulu, sending you 5
chatterbot Alpha submitting transactions
chatterbot Delta submitting transactions
chatterbot Juliett submitting transactions
chatterbot Quebec submitting transactions
chatterbot Hotel submitting transactions
chatterbot India submitting transactions
chatterbot Foxtrot submitting transactions
chatterbot Golf submitting transactions
chatterbot Romeo submitting transactions
chatterbot Zulu submitting transactions
ChatterBot Foxtrot round 5
ChatterBot Alpha round 5
ChatterBot Delta round 5
ChatterBot Quebec round 5
ChatterBot Hotel round 5
ChatterBot Romeo round 5
ChatterBot Golf round 5
ChatterBot India round 5
ChatterBot Juliett round 5
ChatterBot Zulu round 5
2024-10-14 21:31:24.506673 Foxtrot: Alpha, Quebec, Hotel and Romeo, sending you 3
2024-10-14 21:31:24.507360 Alpha: Foxtrot, Hotel, Romeo and Juliett, sending you 3
2024-10-14 21:31:24.508364 Romeo: Foxtrot, Alpha, Quebec and Hotel, sending you 3
2024-10-14 21:31:24.508984 Delta: Golf and India, sending you 6
2024-10-14 21:31:24.510371 Foxtrot: Juliett, sending you 4
2024-10-14 21:31:24.511457 Alpha: Quebec, sending you 5
2024-10-14 21:31:24.513066 Delta: Zulu, sending you 5
2024-10-14 21:31:24.513716 Romeo: Juliett, sending you 4
2024-10-14 21:31:24.514815 Hotel: Foxtrot, Quebec, Romeo and Juliett, sending you 4
2024-10-14 21:31:24.515297 Quebec: Foxtrot, Hotel, Romeo and Juliett, sending you 3
2024-10-14 21:31:24.517727 Hotel: Alpha, sending you 2
2024-10-14 21:31:24.520901 Quebec: Alpha, sending you 5
2024-10-14 21:31:24.521781 Zulu: Delta, sending you 4
2024-10-14 21:31:24.522736 Juliett: Foxtrot, Alpha, Quebec and Hotel, sending you 3
2024-10-14 21:31:24.523378 Golf: Delta, sending you 6
2024-10-14 21:31:24.526689 Juliett: Romeo, sending you 5
2024-10-14 21:31:24.527874 Zulu: Golf, sending you 3
2024-10-14 21:31:24.528212 India: Delta, sending you 6
2024-10-14 21:31:24.529 Golf: India, sending you 7
2024-10-14 21:31:24.530687 India: Golf, sending you 7
2024-10-14 21:31:24.532659 Zulu: India, sending you 5
2024-10-14 21:31:24.533039 Golf: Zulu, sending you 3
2024-10-14 21:31:24.534987 India: Zulu, sending you 5
chatterbot Quebec submitting transactions
chatterbot Hotel submitting transactions
chatterbot Alpha submitting transactions
chatterbot Romeo submitting transactions
chatterbot India submitting transactions
chatterbot Delta submitting transactions
chatterbot Juliett submitting transactions
chatterbot Zulu submitting transactions
chatterbot Foxtrot submitting transactions
chatterbot Golf submitting transactions
ChatterBot Foxtrot round 6
ChatterBot Alpha round 6
ChatterBot Delta round 6
ChatterBot Quebec round 6
ChatterBot Hotel round 6
ChatterBot Romeo round 6
ChatterBot Golf round 6
ChatterBot India round 6
ChatterBot Juliett round 6
ChatterBot Zulu round 6
2024-10-14 21:31:25.680184 Foxtrot: Alpha, Quebec, Hotel and Romeo, sending you 3
2024-10-14 21:31:25.683672 Romeo: Foxtrot, Alpha, Quebec and Hotel, sending you 3
2024-10-14 21:31:25.684261 Foxtrot: Juliett, sending you 4
2024-10-14 21:31:25.687686 Hotel: Foxtrot, Quebec, Romeo and Juliett, sending you 4
2024-10-14 21:31:25.689016 Romeo: Juliett, sending you 4
2024-10-14 21:31:25.691801 India: Sending you each 6
2024-10-14 21:31:25.692166 Hotel: Alpha, sending you 2
2024-10-14 21:31:25.692697 Zulu: Delta, sending you 4
2024-10-14 21:31:25.694657 Delta: Golf and India, sending you 6
2024-10-14 21:31:25.695673 Zulu: Golf, sending you 3
2024-10-14 21:31:25.696674 Juliett: Foxtrot, Alpha, Quebec and Hotel, sending you 3
2024-10-14 21:31:25.697833 Golf: Delta, sending you 6
2024-10-14 21:31:25.698233 Quebec: Foxtrot, Hotel, Romeo and Juliett, sending you 3
2024-10-14 21:31:25.698917 Alpha: Foxtrot, Hotel, Romeo and Juliett, sending you 3
2024-10-14 21:31:25.699553 Zulu: India, sending you 5
2024-10-14 21:31:25.699941 Delta: Zulu, sending you 5
2024-10-14 21:31:25.701662 Golf: India, sending you 7
2024-10-14 21:31:25.702663 Juliett: Romeo, sending you 5
2024-10-14 21:31:25.703723 Alpha: Quebec, sending you 5
2024-10-14 21:31:25.704201 Quebec: Alpha, sending you 5
2024-10-14 21:31:25.706163 Golf: Zulu, sending you 3
chatterbot Romeo submitting transactions
chatterbot Delta submitting transactions
chatterbot Golf submitting transactions
chatterbot Zulu submitting transactions
chatterbot Foxtrot submitting transactions
chatterbot Juliett submitting transactions
chatterbot Hotel submitting transactions
chatterbot India submitting transactions
chatterbot Alpha submitting transactions
chatterbot Quebec submitting transactions
ChatterBot Foxtrot round 7
ChatterBot Alpha round 7
ChatterBot Delta round 7
ChatterBot Quebec round 7
ChatterBot Hotel round 7
ChatterBot Romeo round 7
ChatterBot Golf round 7
ChatterBot India round 7
ChatterBot Juliett round 7
ChatterBot Zulu round 7
2024-10-14 21:31:26.929672 Delta: Golf and India, sending you 6
2024-10-14 21:31:26.932694 Delta: Zulu, sending you 5
2024-10-14 21:31:26.936662 Alpha: Foxtrot, Hotel, Romeo and Juliett, sending you 3
2024-10-14 21:31:26.937515 Romeo: Foxtrot, Alpha, Quebec and Hotel, sending you 3
2024-10-14 21:31:26.939703 India: Same as last round
2024-10-14 21:31:26.940106 Alpha: Quebec, sending you 5
2024-10-14 21:31:26.940737 Romeo: Juliett, sending you 4
2024-10-14 21:31:26.942672 Juliett: Foxtrot, Alpha, Quebec and Hotel, sending you 3
2024-10-14 21:31:26.943931 Golf: Delta, sending you 6
2024-10-14 21:31:26.944683 Quebec: Foxtrot, Hotel, Romeo and Juliett, sending you 3
2024-10-14 21:31:26.945700 Foxtrot: Alpha, Quebec, Hotel and Romeo, sending you 3
2024-10-14 21:31:26.946688 Golf: India, sending you 7
2024-10-14 21:31:26.948113 Juliett: Romeo, sending you 5
2024-10-14 21:31:26.949173 Hotel: Sending you each 2
2024-10-14 21:31:26.949913 Zulu: Delta and India, sending you 5
2024-10-14 21:31:26.950304 Quebec: Alpha, sending you 5
2024-10-14 21:31:26.950941 Foxtrot: Juliett, sending you 4
2024-10-14 21:31:26.951692 Golf: Zulu, sending you 3
2024-10-14 21:31:26.952727 Zulu: Golf, sending you 3
chatterbot Alpha submitting transactions
chatterbot Golf submitting transactions
chatterbot Juliett submitting transactions
chatterbot Quebec submitting transactions
chatterbot Romeo submitting transactions
chatterbot Hotel submitting transactions
chatterbot Zulu submitting transactions
chatterbot Delta submitting transactions
chatterbot Foxtrot submitting transactions
chatterbot India submitting transactions
ChatterBot Foxtrot round 8
ChatterBot Alpha round 8
ChatterBot Delta round 8
ChatterBot Quebec round 8
ChatterBot Hotel round 8
ChatterBot Romeo round 8
ChatterBot Golf round 8
ChatterBot India round 8
ChatterBot Juliett round 8
ChatterBot Zulu round 8
2024-10-14 21:31:28.129669 Delta: Golf and India, sending you 6
2024-10-14 21:31:28.130717 Romeo: Foxtrot, Alpha, Quebec and Hotel, sending you 3
2024-10-14 21:31:28.134297 Delta: Zulu, sending you 5
2024-10-14 21:31:28.135681 Romeo: Juliett, sending you 4
2024-10-14 21:31:28.137656 Golf: I was attacked by Hotel
ChatterBot Delta reevaluating
ChatterBot India reevaluating
ChatterBot Zulu reevaluating
2024-10-14 21:31:28.150156 Golf: I'm keeping this round to protect myself
2024-10-14 21:31:28.150872 Golf: Ow
2024-10-14 21:31:28.151370 Alpha: Foxtrot, Hotel, Romeo and Juliett, sending you 3
2024-10-14 21:31:28.152689 Foxtrot: Alpha, Quebec, Hotel and Romeo, sending you 3
2024-10-14 21:31:28.153386 Quebec: Foxtrot, Hotel, Romeo and Juliett, sending you 3
2024-10-14 21:31:28.155690 Foxtrot: Juliett, sending you 4
2024-10-14 21:31:28.156804 Alpha: Quebec, sending you 5
2024-10-14 21:31:28.158089 Hotel: Foxtrot, Quebec, Romeo and Juliett, sending you 4
2024-10-14 21:31:28.158899 Quebec: Alpha, sending you 5
2024-10-14 21:31:28.159687 Juliett: Foxtrot, Alpha, Quebec and Hotel, sending you 3
2024-10-14 21:31:28.163679 Hotel: Alpha, sending you 2
2024-10-14 21:31:28.164697 Juliett: Romeo, sending you 5
2024-10-14 21:31:28.168707 Zulu: Delta, sending you 5
2024-10-14 21:31:28.173700 Zulu: Golf, sending you 4
2024-10-14 21:31:28.178666 Zulu: India, sending you 6
chatterbot Foxtrot submitting transactions
chatterbot India submitting transactions
chatterbot Hotel submitting transactions
chatterbot Golf submitting transactions
chatterbot Delta submitting transactions
chatterbot Romeo submitting transactions
chatterbot Zulu submitting transactions
chatterbot Juliett submitting transactions
chatterbot Alpha submitting transactions
chatterbot Quebec submitting transactions
ChatterBot Foxtrot round 9
ChatterBot Alpha round 9
ChatterBot Delta round 9
ChatterBot Quebec round 9
ChatterBot Hotel round 9
ChatterBot Romeo round 9
ChatterBot Golf round 9
ChatterBot India round 9
ChatterBot Juliett round 9
ChatterBot Zulu round 9
2024-10-14 21:31:29.355690 Hotel: Sending you each 2
2024-10-14 21:31:29.357990 Delta: Golf and India, sending you 6
2024-10-14 21:31:29.360017 Alpha: Foxtrot, Hotel, Romeo and Juliett, sending you 3
2024-10-14 21:31:29.362206 India: Same as last round
2024-10-14 21:31:29.364070 Romeo: Foxtrot, Alpha, Quebec and Hotel, sending you 3
2024-10-14 21:31:29.366801 Delta: Zulu, sending you 5
2024-10-14 21:31:29.367936 Alpha: Quebec, sending you 5
2024-10-14 21:31:29.370375 Foxtrot: Alpha, Quebec, Hotel and Romeo, sending you 3
2024-10-14 21:31:29.371987 Romeo: Juliett, sending you 4
2024-10-14 21:31:29.374308 Quebec: Foxtrot, Hotel, Romeo and Juliett, sending you 3
2024-10-14 21:31:29.375793 Zulu: Delta, sending you 5
2024-10-14 21:31:29.377219 Foxtrot: Juliett, sending you 4
2024-10-14 21:31:29.378640 Juliett: Foxtrot, Alpha, Quebec and Hotel, sending you 3
2024-10-14 21:31:29.382254 Quebec: Alpha, sending you 5
2024-10-14 21:31:29.384882 Zulu: Golf, sending you 4
2024-10-14 21:31:29.386257 Juliett: Romeo, sending you 5
2024-10-14 21:31:29.389884 Zulu: India, sending you 6
chatterbot Romeo submitting transactions
chatterbot Zulu submitting transactions
chatterbot Delta submitting transactions
chatterbot Golf submitting transactions
chatterbot Hotel submitting transactions
chatterbot Alpha submitting transactions
chatterbot Foxtrot submitting transactions
chatterbot Quebec submitting transactions
chatterbot India submitting transactions
chatterbot Juliett submitting transactions
ChatterBot Foxtrot round 10
ChatterBot Alpha round 10
ChatterBot Delta round 10
ChatterBot Quebec round 10
ChatterBot Hotel round 10
ChatterBot Romeo round 10
ChatterBot Golf round 10
ChatterBot India round 10
ChatterBot Juliett round 10
ChatterBot Zulu round 10
2024-10-14 21:31:30.418668 Foxtrot: Alpha, Quebec, Hotel and Romeo, sending you 3
2024-10-14 21:31:30.423675 Foxtrot: Juliett, sending you 4
2024-10-14 21:31:30.424718 Quebec: Foxtrot, Hotel, Romeo and Juliett, sending you 3
2024-10-14 21:31:30.428670 Zulu: Delta, sending you 5
2024-10-14 21:31:30.429688 Alpha: Foxtrot, Hotel, Romeo and Juliett, sending you 3
2024-10-14 21:31:30.431661 Quebec: Alpha, sending you 5
2024-10-14 21:31:30.432651 Hotel: Foxtrot, Quebec, Romeo and Juliett, sending you 4
2024-10-14 21:31:30.433997 Zulu: Golf, sending you 4
2024-10-14 21:31:30.434696 Juliett: Foxtrot, Alpha, Quebec and Hotel, sending you 3
2024-10-14 21:31:30.436684 India: I was attacked by Hotel
ChatterBot Delta reevaluating
ChatterBot Golf reevaluating
ChatterBot Zulu reevaluating
2024-10-14 21:31:30.446726 India: I'm keeping this round to protect myself
2024-10-14 21:31:30.447517 India: Ow
2024-10-14 21:31:30.448555 Alpha: Quebec, sending you 5
2024-10-14 21:31:30.449743 Hotel: Alpha, sending you 2
2024-10-14 21:31:30.451282 Romeo: Foxtrot, Alpha, Quebec and Hotel, sending you 3
2024-10-14 21:31:30.452557 Juliett: Romeo, sending you 5
2024-10-14 21:31:30.454678 Romeo: Juliett, sending you 4
2024-10-14 21:31:30.472826 Golf: Delta and India, sending you 1
2024-10-14 21:31:30.477079 Zulu: Delta and India, sending you 6
chatterbot Quebec submitting transactions
chatterbot Foxtrot submitting transactions
chatterbot Romeo submitting transactions
chatterbot Zulu submitting transactions
chatterbot Hotel submitting transactions
chatterbot India submitting transactions
chatterbot Golf submitting transactions
chatterbot Alpha submitting transactions
chatterbot Juliett submitting transactions
chatterbot Delta submitting transactions
ChatterBot Foxtrot round 11
ChatterBot Alpha round 11
ChatterBot Delta round 11
ChatterBot Quebec round 11
ChatterBot Hotel round 11
ChatterBot Romeo round 11
ChatterBot Golf round 11
ChatterBot India round 11
ChatterBot Juliett round 11
ChatterBot Zulu round 11
2024-10-14 21:31:31.531686 Foxtrot: Alpha, Quebec, Romeo and Juliett, sending you 3
2024-10-14 21:31:31.535680 Alpha: Foxtrot, Hotel, Romeo and Juliett, sending you 3
2024-10-14 21:31:31.537502 Foxtrot: Hotel, sending you 4
2024-10-14 21:31:31.538709 Romeo: Foxtrot, Alpha, Quebec and Hotel, sending you 3
2024-10-14 21:31:31.541656 Alpha: Quebec, sending you 5
2024-10-14 21:31:31.543654 Romeo: Juliett, sending you 4
2024-10-14 21:31:31.544405 Hotel: Foxtrot, Quebec, Romeo and Juliett, sending you 4
2024-10-14 21:31:31.545108 Quebec: Foxtrot, Hotel, Romeo and Juliett, sending you 3
2024-10-14 21:31:31.546351 Juliett: Foxtrot, Alpha, Quebec and Hotel, sending you 3
2024-10-14 21:31:31.546995 Golf: Delta, sending you 3
2024-10-14 21:31:31.548773 Hotel: Alpha, sending you 2
2024-10-14 21:31:31.549847 Juliett: Romeo, sending you 5
2024-10-14 21:31:31.551076 Golf: India and Zulu, sending you 2
2024-10-14 21:31:31.551528 Quebec: Alpha, sending you 5
2024-10-14 21:31:31.555691 Zulu: Delta, sending you 6
2024-10-14 21:31:31.561716 Zulu: Golf, sending you 4
2024-10-14 21:31:31.566676 Zulu: India, sending you 5
chatterbot Foxtrot submitting transactions
chatterbot Romeo submitting transactions
chatterbot Hotel submitting transactions
chatterbot Golf submitting transactions
chatterbot Delta submitting transactions
chatterbot Quebec submitting transactions
chatterbot Alpha submitting transactions
chatterbot Juliett submitting transactions
chatterbot India submitting transactions
chatterbot Zulu submitting transactions
ChatterBot Foxtrot round 12
ChatterBot Alpha round 12
ChatterBot Delta round 12
ChatterBot Quebec round 12
ChatterBot Hotel round 12
ChatterBot Romeo round 12
ChatterBot Golf round 12
ChatterBot India round 12
ChatterBot Juliett round 12
ChatterBot Zulu round 12
2024-10-14 21:31:32.954671 Golf: Delta, sending you 4
2024-10-14 21:31:32.956635 Quebec: Foxtrot, Hotel, Romeo and Juliett, sending you 3
2024-10-14 21:31:32.959384 Juliett: Foxtrot, Alpha, Quebec and Hotel, sending you 3
2024-10-14 21:31:32.961909 Foxtrot: Alpha, Quebec, Romeo and Juliett, sending you 3
2024-10-14 21:31:32.963106 Hotel: Sending you each 2
2024-10-14 21:31:32.964620 Golf: India and Zulu, sending you 3
2024-10-14 21:31:32.965334 Quebec: Alpha, sending you 5
2024-10-14 21:31:32.966817 Juliett: Romeo, sending you 5
2024-10-14 21:31:32.967770 Foxtrot: Hotel, sending you 4
2024-10-14 21:31:32.969933 India: Delta and Zulu, sending you 1
2024-10-14 21:31:32.970652 Romeo: Foxtrot, Alpha, Quebec and Hotel, sending you 3
2024-10-14 21:31:32.972369 Alpha: Foxtrot, Hotel, Romeo and Juliett, sending you 3
2024-10-14 21:31:32.974400 Zulu: Delta, sending you 6
2024-10-14 21:31:32.976677 Romeo: Juliett, sending you 4
2024-10-14 21:31:32.983582 Alpha: Quebec, sending you 5
2024-10-14 21:31:32.986456 Zulu: Golf, sending you 4
2024-10-14 21:31:32.992676 Zulu: India, sending you 5
chatterbot Foxtrot submitting transactions
chatterbot Delta submitting transactions
chatterbot Zulu submitting transactions
chatterbot India submitting transactions
chatterbot Quebec submitting transactions
chatterbot Romeo submitting transactions
chatterbot Golf submitting transactions
chatterbot Juliett submitting transactions
chatterbot Hotel submitting transactions
chatterbot Alpha submitting transactions
ChatterBot Foxtrot round 13
ChatterBot Alpha round 13
ChatterBot Delta round 13
ChatterBot Quebec round 13
ChatterBot Hotel round 13
ChatterBot Romeo round 13
ChatterBot Golf round 13
ChatterBot India round 13
ChatterBot Juliett round 13
ChatterBot Zulu round 13
2024-10-14 21:31:34.091660 Quebec: Foxtrot, Hotel, Romeo and Juliett, sending you 3
2024-10-14 21:31:34.092695 Foxtrot: Alpha, Quebec, Hotel and Juliett, sending you 3
2024-10-14 21:31:34.095669 Quebec: Alpha, sending you 5
2024-10-14 21:31:34.096680 Foxtrot: Romeo, sending you 4
2024-10-14 21:31:34.103928 Romeo: Foxtrot, Alpha, Quebec and Hotel, sending you 3
2024-10-14 21:31:34.104978 Alpha: Foxtrot, Hotel, Romeo and Juliett, sending you 3
2024-10-14 21:31:34.106224 Golf: Delta, sending you 5
2024-10-14 21:31:34.107671 Hotel: Foxtrot, Quebec, Romeo and Juliett, sending you 4
2024-10-14 21:31:34.108432 Romeo: Juliett, sending you 4
2024-10-14 21:31:34.109184 Alpha: Quebec, sending you 5
2024-10-14 21:31:34.110420 Zulu: Delta, sending you 6
2024-10-14 21:31:34.111077 Juliett: Foxtrot, Alpha, Quebec and Hotel, sending you 3
2024-10-14 21:31:34.112044 Golf: India, sending you 3
2024-10-14 21:31:34.112673 Hotel: Alpha, sending you 2
2024-10-14 21:31:34.114386 India: Delta, sending you 5
2024-10-14 21:31:34.114952 Zulu: Golf and India, sending you 5
2024-10-14 21:31:34.116673 Juliett: Romeo, sending you 5
2024-10-14 21:31:34.118331 Golf: Zulu, sending you 4
2024-10-14 21:31:34.119680 India: Golf and Zulu, sending you 4
chatterbot Foxtrot submitting transactions
chatterbot Romeo submitting transactions
chatterbot Quebec submitting transactions
chatterbot Delta submitting transactions
chatterbot Hotel submitting transactions
chatterbot Juliett submitting transactions
chatterbot Golf submitting transactions
chatterbot India submitting transactions
chatterbot Zulu submitting transactions
chatterbot Alpha submitting transactions
ChatterBot Foxtrot round 14
ChatterBot Alpha round 14
ChatterBot Delta round 14
ChatterBot Quebec round 14
ChatterBot Hotel round 14
ChatterBot Romeo round 14
ChatterBot Golf round 14
ChatterBot India round 14
ChatterBot Juliett round 14
ChatterBot Zulu round 14
2024-10-14 21:31:35.340665 India: Delta and Golf, sending you 5
2024-10-14 21:31:35.341876 Juliett: Foxtrot, Alpha, Quebec and Hotel, sending you 3
2024-10-14 21:31:35.343333 Hotel: Sending you each 2
2024-10-14 21:31:35.345284 Quebec: Foxtrot, Hotel, Romeo and Juliett, sending you 3
2024-10-14 21:31:35.347362 India: Zulu, sending you 7
2024-10-14 21:31:35.347934 Juliett: Romeo, sending you 5
2024-10-14 21:31:35.350085 Zulu: Delta and Golf, sending you 5
2024-10-14 21:31:35.350965 Alpha: Foxtrot, Hotel, Romeo and Juliett, sending you 3
2024-10-14 21:31:35.353214 Quebec: Alpha, sending you 5
2024-10-14 21:31:35.355390 Romeo: Foxtrot, Alpha, Quebec and Hotel, sending you 3
2024-10-14 21:31:35.356923 Foxtrot: Alpha, Quebec, Romeo and Juliett, sending you 3
2024-10-14 21:31:35.358861 Zulu: India, sending you 6
2024-10-14 21:31:35.359428 Alpha: Quebec, sending you 5
2024-10-14 21:31:35.361542 Romeo: Juliett, sending you 4
2024-10-14 21:31:35.363434 Golf: Delta and Zulu, sending you 5
2024-10-14 21:31:35.364125 Foxtrot: Hotel, sending you 4
2024-10-14 21:31:35.368396 Golf: India, sending you 4
chatterbot Foxtrot submitting transactions
chatterbot Alpha submitting transactions
chatterbot Romeo submitting transactions
chatterbot Juliett submitting transactions
chatterbot Delta submitting transactions
chatterbot India submitting transactions
chatterbot Hotel submitting transactions
chatterbot Golf submitting transactions
chatterbot Zulu submitting transactions
chatterbot Quebec submitting transactions
ChatterBot Foxtrot round 15
ChatterBot Alpha round 15
ChatterBot Delta round 15
ChatterBot Quebec round 15
ChatterBot Hotel round 15
ChatterBot Romeo round 15
ChatterBot Golf round 15
ChatterBot India round 15
ChatterBot Juliett round 15
ChatterBot Zulu round 15
2024-10-14 21:31:36.498674 India: I was attacked by Hotel
ChatterBot Delta reevaluating
ChatterBot Golf reevaluating
ChatterBot Zulu reevaluating
2024-10-14 21:31:36.510356 India: I'm keeping this round to protect myself
2024-10-14 21:31:36.511970 India: Ow
2024-10-14 21:31:36.515050 Hotel: Foxtrot, Quebec, Romeo and Juliett, sending you 4
2024-10-14 21:31:36.516134 Juliett: Foxtrot, Alpha, Quebec and Hotel, sending you 3
2024-10-14 21:31:36.516935 Alpha: Foxtrot, Hotel, Romeo and Juliett, sending you 3
2024-10-14 21:31:36.518084 Romeo: Foxtrot, Alpha, Quebec and Hotel, sending you 3
2024-10-14 21:31:36.518849 Quebec: Foxtrot, Hotel, Romeo and Juliett, sending you 3
2024-10-14 21:31:36.519523 Foxtrot: Alpha, Quebec, Hotel and Juliett, sending you 3
2024-10-14 21:31:36.520854 Hotel: Alpha, sending you 2
2024-10-14 21:31:36.521638 Juliett: Romeo, sending you 5
2024-10-14 21:31:36.522270 Alpha: Quebec, sending you 5
2024-10-14 21:31:36.523669 Quebec: Alpha, sending you 5
2024-10-14 21:31:36.524466 Romeo: Juliett, sending you 4
2024-10-14 21:31:36.526093 Foxtrot: Romeo, sending you 4
2024-10-14 21:31:36.530128 Golf: Delta and Zulu, sending you 5
2024-10-14 21:31:36.534682 Golf: India, sending you 6
2024-10-14 21:31:36.535673 Zulu: Delta and Golf, sending you 5
2024-10-14 21:31:36.540277 Zulu: India, sending you 6
chatterbot Golf submitting transactions
chatterbot Delta submitting transactions
chatterbot Romeo submitting transactions
chatterbot Quebec submitting transactions
chatterbot Alpha submitting transactions
chatterbot Zulu submitting transactions
chatterbot Foxtrot submitting transactions
chatterbot India submitting transactions
chatterbot Hotel submitting transactions
chatterbot Juliett submitting transactions
ChatterBot Foxtrot round 16
ChatterBot Alpha round 16
ChatterBot Delta round 16
ChatterBot Quebec round 16
ChatterBot Hotel round 16
ChatterBot Romeo round 16
ChatterBot Golf round 16
ChatterBot India round 16
ChatterBot Juliett round 16
ChatterBot Zulu round 16
2024-10-14 21:31:37.781665 Foxtrot: Alpha, Quebec, Romeo and Juliett, sending you 3
2024-10-14 21:31:37.785735 Alpha: Foxtrot, Hotel, Romeo and Juliett, sending you 3
2024-10-14 21:31:37.786936 Quebec: Foxtrot, Hotel, Romeo and Juliett, sending you 3
2024-10-14 21:31:37.788334 Golf: Delta and Zulu, sending you 6
2024-10-14 21:31:37.789719 Foxtrot: Hotel, sending you 4
2024-10-14 21:31:37.791686 Alpha: Quebec, sending you 5
2024-10-14 21:31:37.793162 Quebec: Alpha, sending you 5
2024-10-14 21:31:37.795109 Golf: India, sending you 4
2024-10-14 21:31:37.795870 Hotel: Sending you each 2
2024-10-14 21:31:37.797087 Zulu: Delta and India, sending you 5
2024-10-14 21:31:37.800675 Romeo: Foxtrot, Alpha, Quebec and Hotel, sending you 3
2024-10-14 21:31:37.803367 Zulu: Golf, sending you 6
2024-10-14 21:31:37.804681 Juliett: Foxtrot, Alpha, Quebec and Hotel, sending you 3
2024-10-14 21:31:37.806719 Romeo: Juliett, sending you 4
2024-10-14 21:31:37.810685 Juliett: Romeo, sending you 5
chatterbot Romeo submitting transactions
chatterbot Hotel submitting transactions
chatterbot Golf submitting transactions
chatterbot Zulu submitting transactions
chatterbot Foxtrot submitting transactions
chatterbot India submitting transactions
chatterbot Juliett submitting transactions
chatterbot Delta submitting transactions
chatterbot Alpha submitting transactions
chatterbot Quebec submitting transactions
ChatterBot Foxtrot round 17
ChatterBot Alpha round 17
ChatterBot Delta round 17
ChatterBot Quebec round 17
ChatterBot Hotel round 17
ChatterBot Romeo round 17
ChatterBot Golf round 17
ChatterBot India round 17
ChatterBot Juliett round 17
ChatterBot Zulu round 17
2024-10-14 21:31:39.002706 Alpha: Foxtrot, Hotel, Romeo and Juliett, sending you 3
2024-10-14 21:31:39.008709 India: I was attacked by Hotel
ChatterBot Delta reevaluating
ChatterBot Golf reevaluating
ChatterBot Zulu reevaluating
2024-10-14 21:31:39.020074 India: I'm keeping this round to protect myself
2024-10-14 21:31:39.020934 India: Ow
2024-10-14 21:31:39.021215 Hotel: Foxtrot, Quebec, Romeo and Juliett, sending you 4
2024-10-14 21:31:39.022624 Alpha: Quebec, sending you 5
2024-10-14 21:31:39.023325 Romeo: Foxtrot, Alpha, Quebec and Hotel, sending you 3
2024-10-14 21:31:39.024495 Quebec: Foxtrot, Hotel, Romeo and Juliett, sending you 3
2024-10-14 21:31:39.025313 Foxtrot: Alpha, Quebec, Hotel and Juliett, sending you 3
2024-10-14 21:31:39.026622 Hotel: Alpha, sending you 2
2024-10-14 21:31:39.027707 Quebec: Alpha, sending you 5
2024-10-14 21:31:39.029666 Romeo: Juliett, sending you 4
2024-10-14 21:31:39.031233 Foxtrot: Romeo, sending you 4
2024-10-14 21:31:39.032696 Juliett: Foxtrot, Alpha, Quebec and Hotel, sending you 3
2024-10-14 21:31:39.035811 Juliett: Romeo, sending you 5
2024-10-14 21:31:39.041787 Golf: Delta and Zulu, sending you 6
2024-10-14 21:31:39.045651 Golf: India, sending you 4
2024-10-14 21:31:39.046854 Zulu: Delta and India, sending you 5
2024-10-14 21:31:39.050658 Zulu: Golf, sending you 6
chatterbot Hotel submitting transactions
chatterbot Romeo submitting transactions
chatterbot Foxtrot submitting transactions
chatterbot Alpha submitting transactions
chatterbot India submitting transactions
chatterbot Delta submitting transactions
chatterbot Quebec submitting transactions
chatterbot Golf submitting transactions
chatterbot Juliett submitting transactions
chatterbot Zulu submitting transactions
ChatterBot Foxtrot round 18
ChatterBot Alpha round 18
ChatterBot Delta round 18
ChatterBot Quebec round 18
ChatterBot Hotel round 18
ChatterBot Romeo round 18
ChatterBot Golf round 18
ChatterBot India round 18
ChatterBot Juliett round 18
ChatterBot Zulu round 18
2024-10-14 21:31:40.275542 Foxtrot: Alpha, Quebec, Romeo and Juliett, sending you 3
2024-10-14 21:31:40.280703 Foxtrot: Hotel, sending you 4
2024-10-14 21:31:40.281942 Zulu: Delta and Golf, sending you 6
2024-10-14 21:31:40.284683 Golf: Delta, sending you 7
2024-10-14 21:31:40.288248 Hotel: Sending you each 2
2024-10-14 21:31:40.290194 Zulu: India, sending you 4
2024-10-14 21:31:40.292688 Golf: India, sending you 3
2024-10-14 21:31:40.294699 Alpha: Foxtrot, Hotel, Romeo and Juliett, sending you 3
2024-10-14 21:31:40.299131 Romeo: Foxtrot, Alpha, Quebec and Hotel, sending you 3
