ChatterBot Juliett round 1
ChatterBot X-ray round 1
ChatterBot Lima round 1
ChatterBot Uniform round 1
ChatterBot Mike round 1
ChatterBot Foxtrot round 1
ChatterBot November round 1
ChatterBot Hotel round 1
ChatterBot Zulu round 1
ChatterBot Charlie round 1
randomSelections Juliett: {Juliett, Lima, Charlie, Zulu, November, Mike} 
2024-10-14 21:31:18.548455 Juliett: Group up?
ChatterBot Lima reevaluating
ChatterBot Charlie reevaluating
ChatterBot Zulu reevaluating
ChatterBot November reevaluating
ChatterBot Mike reevaluating
2024-10-14 21:31:18.564891 Lima: Yes
2024-10-14 21:31:18.565279 Charlie: Yes
2024-10-14 21:31:18.565603 Zulu: Yes
2024-10-14 21:31:18.565941 November: Yes
2024-10-14 21:31:18.566973 Mike: Yes
ChatterBot Charlie reevaluating
ChatterBot Zulu reevaluating
ChatterBot November reevaluating
ChatterBot Mike reevaluating
ChatterBot Lima reevaluating
ChatterBot Zulu reevaluating
ChatterBot November reevaluating
ChatterBot Mike reevaluating
ChatterBot Lima reevaluating
ChatterBot Charlie reevaluating
ChatterBot November reevaluating
ChatterBot Mike reevaluating
ChatterBot Lima reevaluating
ChatterBot Charlie reevaluating
ChatterBot Zulu reevaluating
ChatterBot Mike reevaluating
ChatterBot Lima reevaluating
ChatterBot Charlie reevaluating
ChatterBot Zulu reevaluating
ChatterBot November reevaluating
randomSelections Foxtrot: {Foxtrot, X-ray, Lima, Hotel, Charlie, November, Mike} 
2024-10-14 21:31:18.647313 Foxtrot: Friends?
ChatterBot X-ray reevaluating
ChatterBot Lima reevaluating
ChatterBot Hotel reevaluating
ChatterBot Charlie reevaluating
ChatterBot November reevaluating
ChatterBot Mike reevaluating
2024-10-14 21:31:18.742295 X-ray: Yes
2024-10-14 21:31:18.743236 Lima: No
2024-10-14 21:31:18.743580 Hotel: Yes
2024-10-14 21:31:18.744165 Charlie: No
2024-10-14 21:31:18.745143 November: No
2024-10-14 21:31:18.745490 Mike: No
ChatterBot Lima reevaluating
ChatterBot Hotel reevaluating
ChatterBot Charlie reevaluating
ChatterBot November reevaluating
ChatterBot Mike reevaluating
ChatterBot X-ray reevaluating
ChatterBot Hotel reevaluating
ChatterBot Charlie reevaluating
ChatterBot November reevaluating
ChatterBot Mike reevaluating
ChatterBot X-ray reevaluating
ChatterBot Lima reevaluating
ChatterBot Charlie reevaluating
ChatterBot November reevaluating
ChatterBot Mike reevaluating
ChatterBot X-ray reevaluating
ChatterBot Lima reevaluating
ChatterBot Hotel reevaluating
ChatterBot November reevaluating
ChatterBot Mike reevaluating
ChatterBot X-ray reevaluating
ChatterBot Lima reevaluating
ChatterBot Hotel reevaluating
ChatterBot Charlie reevaluating
ChatterBot Mike reevaluating
ChatterBot X-ray reevaluating
ChatterBot Lima reevaluating
ChatterBot Hotel reevaluating
ChatterBot Charlie reevaluating
ChatterBot November reevaluating
randomSelections Uniform: {Uniform, X-ray, Hotel, November, Charlie, Lima} 
2024-10-14 21:31:18.815228 Uniform: Group up?
ChatterBot X-ray reevaluating
ChatterBot Hotel reevaluating
ChatterBot November reevaluating
ChatterBot Charlie reevaluating
ChatterBot Lima reevaluating
2024-10-14 21:31:18.823319 X-ray: No
2024-10-14 21:31:18.823610 Hotel: No
2024-10-14 21:31:18.823861 November: No
2024-10-14 21:31:18.824103 Charlie: No
2024-10-14 21:31:18.825016 Lima: No
ChatterBot Hotel reevaluating
ChatterBot November reevaluating
ChatterBot Charlie reevaluating
ChatterBot Lima reevaluating
ChatterBot X-ray reevaluating
ChatterBot November reevaluating
ChatterBot Charlie reevaluating
ChatterBot Lima reevaluating
ChatterBot X-ray reevaluating
ChatterBot Hotel reevaluating
ChatterBot Charlie reevaluating
ChatterBot Lima reevaluating
ChatterBot X-ray reevaluating
ChatterBot Hotel reevaluating
ChatterBot November reevaluating
ChatterBot Lima reevaluating
ChatterBot X-ray reevaluating
ChatterBot Hotel reevaluating
ChatterBot November reevaluating
ChatterBot Charlie reevaluating
2024-10-14 21:31:18.921247 Juliett: Lima, sending you 5
2024-10-14 21:31:18.922942 Mike: Juliett, November and Charlie, sending you 4
2024-10-14 21:31:18.924720 Hotel: X-ray, sending you 6
2024-10-14 21:31:18.926251 X-ray: Lima, Mike and Charlie, sending you 4
2024-10-14 21:31:18.928035 Mike: Lima and Zulu, sending you 2
2024-10-14 21:31:18.929329 Lima: Juliett, sending you 6
2024-10-14 21:31:18.930152 Charlie: Juliett, sending you 4
2024-10-14 21:31:18.931816 Juliett: Mike and Charlie, sending you 3
2024-10-14 21:31:18.936535 Foxtrot: X-ray and Lima, sending you 5
2024-10-14 21:31:18.940448 Zulu: Juliett and Charlie, sending you 4
2024-10-14 21:31:18.942948 November: Juliett, sending you 7
2024-10-14 21:31:18.945050 Uniform: X-ray, Lima and November, sending you 2
2024-10-14 21:31:18.945850 Hotel: Lima, Mike, Foxtrot, November and Charlie, sending you 2
2024-10-14 21:31:18.947764 X-ray: Foxtrot, sending you 1
2024-10-14 21:31:18.950207 Lima: Mike and November, sending you 1
2024-10-14 21:31:18.951015 Charlie: Lima, sending you 3
2024-10-14 21:31:18.952372 Juliett: November and Zulu, sending you 1
2024-10-14 21:31:18.953057 Foxtrot: Mike and November, sending you 1
2024-10-14 21:31:18.953385 Zulu: Lima, sending you 5
2024-10-14 21:31:18.954769 November: Lima, sending you 1
2024-10-14 21:31:18.955309 Uniform: Hotel, sending you 4
2024-10-14 21:31:18.955953 X-ray: November and Hotel, sending you 3
2024-10-14 21:31:18.957629 Lima: Zulu, sending you 3
2024-10-14 21:31:18.959347 Charlie: Mike, sending you 2
2024-10-14 21:31:18.960112 Foxtrot: Hotel, sending you 3
2024-10-14 21:31:18.961696 Zulu: Mike and November, sending you 2
2024-10-14 21:31:18.962591 November: Mike, Zulu and Charlie, sending you 3
2024-10-14 21:31:18.964927 Uniform: Charlie, sending you 3
2024-10-14 21:31:18.965683 Lima: Charlie, sending you 5
2024-10-14 21:31:18.967880 Charlie: November, sending you 1
2024-10-14 21:31:18.968383 Foxtrot: Charlie, sending you 2
2024-10-14 21:31:18.971792 Charlie: Zulu, sending you 6
chatterbot Foxtrot submitting transactions
chatterbot X-ray submitting transactions
chatterbot Uniform submitting transactions
chatterbot Zulu submitting transactions
chatterbot November submitting transactions
chatterbot Hotel submitting transactions
chatterbot Juliett submitting transactions
chatterbot Charlie submitting transactions
chatterbot Mike submitting transactions
chatterbot Lima submitting transactions
ChatterBot Juliett round 2
ChatterBot X-ray round 2
ChatterBot Lima round 2
ChatterBot Uniform round 2
ChatterBot Mike round 2
ChatterBot Foxtrot round 2
ChatterBot November round 2
ChatterBot Hotel round 2
ChatterBot Zulu round 2
ChatterBot Charlie round 2
2024-10-14 21:31:20.591302 X-ray: Group up?
ChatterBot Uniform reevaluating
ChatterBot Foxtrot reevaluating
ChatterBot Hotel reevaluating
ChatterBot November reevaluating
2024-10-14 21:31:20.608099 Uniform: No
2024-10-14 21:31:20.608344 Foxtrot: No
2024-10-14 21:31:20.608508 Hotel: No
2024-10-14 21:31:20.608753 November: Yes
ChatterBot Foxtrot reevaluating
ChatterBot Hotel reevaluating
ChatterBot November reevaluating
ChatterBot Uniform reevaluating
ChatterBot Hotel reevaluating
ChatterBot November reevaluating
ChatterBot Uniform reevaluating
ChatterBot Foxtrot reevaluating
ChatterBot November reevaluating
ChatterBot Uniform reevaluating
ChatterBot Foxtrot reevaluating
ChatterBot Hotel reevaluating
2024-10-14 21:31:22.009016 Juliett: Lima and November, sending you 4
2024-10-14 21:31:22.009979 Foxtrot: X-ray, sending you 6
2024-10-14 21:31:22.010167 X-ray: Uniform and November, sending you 4
2024-10-14 21:31:22.010420 Hotel: X-ray and Foxtrot, sending you 5
2024-10-14 21:31:22.010619 Uniform: X-ray, Foxtrot, November and Hotel, sending you 4
2024-10-14 21:31:22.010823 Mike: Juliett, sending you 5
2024-10-14 21:31:22.011551 November: Juliett, Lima, Foxtrot and Charlie, sending you 1
2024-10-14 21:31:22.011871 Lima: Juliett and Zulu, sending you 5
2024-10-14 21:31:22.012150 Zulu: Juliett, sending you 1
chatterbot Uniform submitting transactions
chatterbot November submitting transactions
chatterbot Mike submitting transactions
chatterbot Zulu submitting transactions
chatterbot Foxtrot submitting transactions
2024-10-14 21:31:22.378244 Juliett: Mike, Zulu and Charlie, sending you 3
2024-10-14 21:31:22.379129 Foxtrot: Hotel, sending you 11
2024-10-14 21:31:22.379981 X-ray: Foxtrot, sending you 5
2024-10-14 21:31:22.380660 Mike: Lima, sending you 1
2024-10-14 21:31:22.381840 Hotel: Uniform, sending you 6
2024-10-14 21:31:22.383939 Lima: Mike, sending you 2
2024-10-14 21:31:22.385552 November: X-ray, sending you 4
2024-10-14 21:31:22.386871 Charlie: Juliett, Mike, November and Zulu, sending you 3
2024-10-14 21:31:22.387738 Zulu: Lima and November, sending you 3
chatterbot Charlie submitting transactions
chatterbot Lima submitting transactions
chatterbot X-ray submitting transactions
2024-10-14 21:31:22.389707 X-ray: Hotel, sending you 6
2024-10-14 21:31:22.390996 Mike: November, sending you 4
2024-10-14 21:31:22.392324 Lima: November, sending you 1
2024-10-14 21:31:22.393261 November: Uniform, Hotel and Zulu, sending you 2
2024-10-14 21:31:22.394546 Charlie: Lima, sending you 4
2024-10-14 21:31:22.395798 Zulu: Mike, sending you 2
2024-10-14 21:31:22.396639 Lima: Charlie, sending you 3
2024-10-14 21:31:22.399491 Mike: Zulu and Charlie, sending you 3
2024-10-14 21:31:22.400413 November: Mike, sending you 5
2024-10-14 21:31:22.402288 Zulu: Charlie, sending you 6
chatterbot Hotel submitting transactions
chatterbot Juliett submitting transactions
ChatterBot Juliett round 3
ChatterBot X-ray round 3
ChatterBot Lima round 3
ChatterBot Uniform round 3
ChatterBot Mike round 3
ChatterBot Foxtrot round 3
ChatterBot November round 3
ChatterBot Hotel round 3
ChatterBot Zulu round 3
ChatterBot Charlie round 3
2024-10-14 21:31:22.629162 Charlie: Juliett and Mike, sending you 3
2024-10-14 21:31:22.630333 Mike: Juliett, sending you 4
2024-10-14 21:31:22.630777 Zulu: Juliett, sending you 1
2024-10-14 21:31:23.194991 Charlie: Lima and Zulu, sending you 4
2024-10-14 21:31:23.196213 X-ray: Uniform and November, sending you 4
2024-10-14 21:31:23.197261 Hotel: X-ray, sending you 5
2024-10-14 21:31:23.198166 Zulu: Lima and Charlie, sending you 5
2024-10-14 21:31:23.199372 November: Juliett, Zulu and Charlie, sending you 4
2024-10-14 21:31:23.200655 Mike: Lima and Zulu, sending you 2
2024-10-14 21:31:23.201439 Foxtrot: X-ray and Hotel, sending you 6
2024-10-14 21:31:23.202520 Uniform: X-ray and November, sending you 4
2024-10-14 21:31:23.203196 Juliett: Lima, sending you 5
2024-10-14 21:31:23.204501 Lima: Juliett, sending you 5
2024-10-14 21:31:23.205930 Charlie: November, sending you 2
2024-10-14 21:31:23.206783 X-ray: Foxtrot, sending you 5
2024-10-14 21:31:23.207735 Hotel: Uniform, sending you 4
2024-10-14 21:31:23.208405 Zulu: Mike and November, sending you 3
2024-10-14 21:31:23.209878 Mike: November, sending you 5
2024-10-14 21:31:23.211241 November: Lima, sending you 2
2024-10-14 21:31:23.212009 Foxtrot: Uniform, sending you 4
2024-10-14 21:31:23.213048 Uniform: Foxtrot, sending you 3
2024-10-14 21:31:23.213645 Juliett: Mike, November, Zulu and Charlie, sending you 3
2024-10-14 21:31:23.215534 Lima: Mike, sending you 2
2024-10-14 21:31:23.217060 Hotel: Foxtrot, sending you 6
2024-10-14 21:31:23.218148 X-ray: Hotel, sending you 6
2024-10-14 21:31:23.219509 Mike: Charlie, sending you 3
2024-10-14 21:31:23.220286 November: Mike, sending you 5
2024-10-14 21:31:23.221624 Foxtrot: November, sending you 1
2024-10-14 21:31:23.222707 Uniform: Hotel, sending you 5
2024-10-14 21:31:23.223437 Lima: November, sending you 1
2024-10-14 21:31:23.224864 Hotel: November, sending you 1
2024-10-14 21:31:23.236042 Lima: Zulu and Charlie, sending you 4
chatterbot Charlie submitting transactions
chatterbot Hotel submitting transactions
chatterbot Foxtrot submitting transactions
chatterbot Zulu submitting transactions
chatterbot Uniform submitting transactions
chatterbot Mike submitting transactions
chatterbot November submitting transactions
chatterbot Juliett submitting transactions
chatterbot Lima submitting transactions
chatterbot X-ray submitting transactions
ChatterBot Juliett round 4
ChatterBot X-ray round 4
ChatterBot Lima round 4
ChatterBot Uniform round 4
ChatterBot Mike round 4
ChatterBot Foxtrot round 4
ChatterBot November round 4
ChatterBot Hotel round 4
ChatterBot Zulu round 4
ChatterBot Charlie round 4
2024-10-14 21:31:24.146950 X-ray: Uniform, Foxtrot and Hotel, sending you 5
2024-10-14 21:31:24.148517 Lima: Juliett, sending you 5
2024-10-14 21:31:24.169157 Juliett: Lima, sending you 5
2024-10-14 21:31:24.170386 X-ray: November, sending you 4
2024-10-14 21:31:24.171 Lima: Mike, sending you 2
2024-10-14 21:31:24.172321 Uniform: X-ray and Foxtrot, sending you 4
2024-10-14 21:31:24.172747 Juliett: Mike, November, Zulu and Charlie, sending you 3
2024-10-14 21:31:24.175188 Mike: Juliett, Zulu and Charlie, sending you 3
2024-10-14 21:31:24.178182 November: Juliett and Zulu, sending you 4
2024-10-14 21:31:24.178746 Lima: November, sending you 1
2024-10-14 21:31:24.179795 Uniform: November, sending you 3
2024-10-14 21:31:24.180149 Hotel: X-ray, sending you 5
2024-10-14 21:31:24.180434 Zulu: Juliett and November, sending you 3
2024-10-14 21:31:24.181338 Charlie: Juliett and Mike, sending you 3
2024-10-14 21:31:24.181719 Foxtrot: X-ray, sending you 6
2024-10-14 21:31:24.182146 Mike: Lima, sending you 2
2024-10-14 21:31:24.183129 November: Lima, sending you 2
2024-10-14 21:31:24.183702 Lima: Zulu and Charlie, sending you 4
2024-10-14 21:31:24.184691 Uniform: Hotel, sending you 5
2024-10-14 21:31:24.185089 Hotel: Uniform, sending you 4
2024-10-14 21:31:24.185968 Zulu: Lima, sending you 4
2024-10-14 21:31:24.186537 Foxtrot: Uniform, sending you 3
2024-10-14 21:31:24.186947 Charlie: Lima and Zulu, sending you 4
2024-10-14 21:31:24.188027 Mike: November, sending you 5
2024-10-14 21:31:24.196603 November: Mike, sending you 6
2024-10-14 21:31:24.198094 Hotel: Foxtrot, sending you 6
2024-10-14 21:31:24.198595 Zulu: Mike, sending you 2
2024-10-14 21:31:24.199746 Charlie: November, sending you 2
2024-10-14 21:31:24.200512 Foxtrot: November, sending you 1
2024-10-14 21:31:24.205394 Hotel: November, sending you 1
2024-10-14 21:31:24.206140 November: Charlie, sending you 3
2024-10-14 21:31:24.207535 Foxtrot: Hotel, sending you 7
2024-10-14 21:31:24.208154 Zulu: Charlie, sending you 5
chatterbot November submitting transactions
chatterbot Zulu submitting transactions
chatterbot Charlie submitting transactions
chatterbot Lima submitting transactions
chatterbot Mike submitting transactions
chatterbot Uniform submitting transactions
chatterbot Hotel submitting transactions
chatterbot X-ray submitting transactions
chatterbot Foxtrot submitting transactions
chatterbot Juliett submitting transactions
ChatterBot Juliett round 5
ChatterBot X-ray round 5
ChatterBot Lima round 5
ChatterBot Uniform round 5
ChatterBot Mike round 5
ChatterBot Foxtrot round 5
ChatterBot November round 5
ChatterBot Hotel round 5
ChatterBot Zulu round 5
ChatterBot Charlie round 5
2024-10-14 21:31:25.375947 Foxtrot: We should drop November
ChatterBot Uniform reevaluating
ChatterBot Hotel reevaluating
2024-10-14 21:31:25.385284 Uniform: Yes
2024-10-14 21:31:25.385500 X-ray: No
2024-10-14 21:31:25.385725 Hotel: Yes
ChatterBot Hotel reevaluating
ChatterBot Uniform reevaluating
ChatterBot Hotel reevaluating
ChatterBot Uniform reevaluating
2024-10-14 21:31:25.413676 Juliett: Lima, sending you 5
2024-10-14 21:31:25.414672 Charlie: Juliett and Mike, sending you 3
2024-10-14 21:31:25.415674 X-ray: Uniform, Foxtrot and Hotel, sending you 5
2024-10-14 21:31:25.417674 Juliett: Mike, November, Zulu and Charlie, sending you 3
2024-10-14 21:31:25.419687 Charlie: Lima and Zulu, sending you 4
2024-10-14 21:31:25.420181 X-ray: November, sending you 4
2024-10-14 21:31:25.421694 Lima: Juliett, sending you 5
2024-10-14 21:31:25.422413 Foxtrot: X-ray, sending you 6
2024-10-14 21:31:25.422800 Charlie: November, sending you 2
2024-10-14 21:31:25.423668 November: Juliett and Zulu, sending you 4
2024-10-14 21:31:25.424657 Lima: Mike, sending you 2
2024-10-14 21:31:25.426680 Foxtrot: Uniform, sending you 4
2024-10-14 21:31:25.427690 November: Lima, sending you 2
2024-10-14 21:31:25.428316 Lima: November, sending you 1
2024-10-14 21:31:25.430688 Zulu: Juliett and November, sending you 3
2024-10-14 21:31:25.431313 November: Mike, sending you 6
2024-10-14 21:31:25.431793 Foxtrot: Hotel, sending you 7
2024-10-14 21:31:25.432093 Lima: Zulu and Charlie, sending you 4
2024-10-14 21:31:25.433688 Mike: Juliett and Charlie, sending you 3
2024-10-14 21:31:25.434259 Zulu: Lima, sending you 4
2024-10-14 21:31:25.434885 November: Charlie, sending you 3
2024-10-14 21:31:25.437662 Mike: Lima and Zulu, sending you 2
2024-10-14 21:31:25.438229 Zulu: Mike, sending you 2
2024-10-14 21:31:25.442653 Mike: November, sending you 6
2024-10-14 21:31:25.443893 Zulu: Charlie, sending you 5
2024-10-14 21:31:25.444401 Uniform: X-ray and Foxtrot, sending you 4
2024-10-14 21:31:25.449655 Uniform: November, sending you 3
2024-10-14 21:31:25.453673 Uniform: Hotel, sending you 5
chatterbot November submitting transactions
chatterbot Lima submitting transactions
chatterbot X-ray submitting transactions
chatterbot Charlie submitting transactions
chatterbot Foxtrot submitting transactions
chatterbot Juliett submitting transactions
chatterbot Hotel submitting transactions
chatterbot Zulu submitting transactions
chatterbot Mike submitting transactions
chatterbot Uniform submitting transactions
ChatterBot Juliett round 6
ChatterBot X-ray round 6
ChatterBot Lima round 6
ChatterBot Uniform round 6
ChatterBot Mike round 6
ChatterBot Foxtrot round 6
ChatterBot November round 6
ChatterBot Hotel round 6
ChatterBot Zulu round 6
ChatterBot Charlie round 6
2024-10-14 21:31:26.650051 Uniform: We should drop November
ChatterBot X-ray reevaluating
2024-10-14 21:31:26.658435 X-ray: No
2024-10-14 21:31:26.658672 Foxtrot: Yes
2024-10-14 21:31:26.658874 Hotel: Yes
ChatterBot X-ray reevaluating
ChatterBot X-ray reevaluating
2024-10-14 21:31:26.690670 Juliett: Lima, sending you 5
2024-10-14 21:31:26.694683 Juliett: Mike, November, Zulu and Charlie, sending you 3
2024-10-14 21:31:26.700116 Charlie: Juliett and Mike, sending you 3
2024-10-14 21:31:26.701682 Foxtrot: X-ray, sending you 6
2024-10-14 21:31:26.702158 Mike: Juliett and Charlie, sending you 3
2024-10-14 21:31:26.704073 Uniform: X-ray and Foxtrot, sending you 5
2024-10-14 21:31:26.704530 Charlie: Lima and Zulu, sending you 4
2024-10-14 21:31:26.705301 Foxtrot: Uniform, sending you 3
2024-10-14 21:31:26.705699 Mike: Lima and Zulu, sending you 2
2024-10-14 21:31:26.708655 Uniform: Hotel, sending you 6
2024-10-14 21:31:26.709688 Charlie: November, sending you 2
2024-10-14 21:31:26.710285 Foxtrot: Hotel, sending you 8
2024-10-14 21:31:26.710546 Lima: Juliett, sending you 5
2024-10-14 21:31:26.711122 Mike: November, sending you 6
2024-10-14 21:31:26.712010 Zulu: Juliett, sending you 3
2024-10-14 21:31:26.712517 November: Juliett and Zulu, sending you 4
2024-10-14 21:31:26.715736 Lima: Mike, sending you 1
2024-10-14 21:31:26.716297 Zulu: Lima, November and Charlie, sending you 4
2024-10-14 21:31:26.716900 November: Lima, sending you 2
2024-10-14 21:31:26.717389 Hotel: X-ray, sending you 5
2024-10-14 21:31:26.719671 Lima: November, sending you 2
2024-10-14 21:31:26.720669 Zulu: Mike, sending you 2
2024-10-14 21:31:26.721294 November: Mike, sending you 6
2024-10-14 21:31:26.722394 Hotel: Uniform, sending you 4
2024-10-14 21:31:26.722748 X-ray: Uniform, sending you 5
2024-10-14 21:31:26.725096 Lima: Zulu and Charlie, sending you 4
2024-10-14 21:31:26.725809 November: Charlie, sending you 3
2024-10-14 21:31:26.726659 Hotel: Foxtrot, sending you 7
2024-10-14 21:31:26.727690 X-ray: Foxtrot and Hotel, sending you 7
chatterbot Uniform submitting transactions
chatterbot Hotel submitting transactions
chatterbot Foxtrot submitting transactions
chatterbot Charlie submitting transactions
chatterbot Zulu submitting transactions
chatterbot X-ray submitting transactions
chatterbot Juliett submitting transactions
chatterbot November submitting transactions
chatterbot Mike submitting transactions
chatterbot Lima submitting transactions
ChatterBot Juliett round 7
ChatterBot X-ray round 7
ChatterBot Lima round 7
ChatterBot Uniform round 7
ChatterBot Mike round 7
ChatterBot Foxtrot round 7
ChatterBot November round 7
ChatterBot Hotel round 7
ChatterBot Zulu round 7
ChatterBot Charlie round 7
2024-10-14 21:31:27.889078 X-ray: We should add November
2024-10-14 21:31:27.897026 Uniform: No
2024-10-14 21:31:27.897289 Foxtrot: No
2024-10-14 21:31:27.897857 Hotel: No
ChatterBot X-ray reevaluating
ChatterBot X-ray reevaluating
ChatterBot X-ray reevaluating
2024-10-14 21:31:27.944838 X-ray: We should add Mike
2024-10-14 21:31:27.952183 Uniform: No
2024-10-14 21:31:27.952381 Foxtrot: No
2024-10-14 21:31:27.952520 Hotel: No
ChatterBot X-ray reevaluating
ChatterBot Uniform reevaluating
ChatterBot X-ray reevaluating
ChatterBot Uniform reevaluating
ChatterBot X-ray reevaluating
2024-10-14 21:31:27.987685 Juliett: Lima, sending you 5
2024-10-14 21:31:27.989987 November: Juliett and Zulu, sending you 4
2024-10-14 21:31:27.990742 Juliett: Mike, November, Zulu and Charlie, sending you 3
2024-10-14 21:31:27.994683 November: Lima, sending you 2
2024-10-14 21:31:27.995685 Zulu: Juliett, sending you 3
2024-10-14 21:31:27.998661 Zulu: Lima, November and Charlie, sending you 4
2024-10-14 21:31:27.999709 November: Mike, sending you 6
2024-10-14 21:31:28.002659 Foxtrot: X-ray, sending you 6
2024-10-14 21:31:28.003221 Lima: Juliett, sending you 5
2024-10-14 21:31:28.003902 Zulu: Mike, sending you 2
2024-10-14 21:31:28.004468 November: Charlie, sending you 3
2024-10-14 21:31:28.005168 Mike: Juliett and Charlie, sending you 3
2024-10-14 21:31:28.006438 Uniform: Sending you each 4
2024-10-14 21:31:28.006942 Hotel: X-ray, sending you 5
2024-10-14 21:31:28.007274 Foxtrot: Uniform, sending you 4
2024-10-14 21:31:28.007557 Lima: Mike, sending you 1
2024-10-14 21:31:28.008662 Charlie: Juliett and November, sending you 3
2024-10-14 21:31:28.010170 Mike: Lima and Zulu, sending you 2
2024-10-14 21:31:28.010987 Foxtrot: Hotel, sending you 7
2024-10-14 21:31:28.011374 Hotel: Uniform, sending you 4
2024-10-14 21:31:28.011711 Lima: November, sending you 2
2024-10-14 21:31:28.014163 Charlie: Lima and Zulu, sending you 4
2024-10-14 21:31:28.014986 Mike: November, sending you 6
2024-10-14 21:31:28.015668 Hotel: Foxtrot, sending you 7
2024-10-14 21:31:28.018054 Lima: Zulu and Charlie, sending you 4
2024-10-14 21:31:28.018832 Charlie: Mike, sending you 2
chatterbot Juliett submitting transactions
chatterbot Zulu submitting transactions
chatterbot Charlie submitting transactions
chatterbot X-ray submitting transactions
chatterbot Mike submitting transactions
chatterbot Foxtrot submitting transactions
chatterbot Hotel submitting transactions
chatterbot Uniform submitting transactions
chatterbot Lima submitting transactions
chatterbot November submitting transactions
ChatterBot Juliett round 8
ChatterBot X-ray round 8
ChatterBot Lima round 8
ChatterBot Uniform round 8
ChatterBot Mike round 8
ChatterBot Foxtrot round 8
ChatterBot November round 8
ChatterBot Hotel round 8
ChatterBot Zulu round 8
ChatterBot Charlie round 8
2024-10-14 21:31:29.251889 X-ray: Uniform, sending you 5
2024-10-14 21:31:29.255675 Juliett: Lima, sending you 5
2024-10-14 21:31:29.257805 X-ray: Foxtrot and Hotel, sending you 7
2024-10-14 21:31:29.258391 Lima: Juliett, sending you 5
2024-10-14 21:31:29.261042 Juliett: Mike, November, Zulu and Charlie, sending you 3
2024-10-14 21:31:29.263041 November: I was attacked by Uniform
ChatterBot Juliett reevaluating
ChatterBot Lima reevaluating
ChatterBot Charlie reevaluating
ChatterBot Zulu reevaluating
ChatterBot Mike reevaluating
2024-10-14 21:31:29.293007 November: Ow
2024-10-14 21:31:29.295275 Hotel: X-ray, sending you 5
2024-10-14 21:31:29.296599 Foxtrot: X-ray, sending you 6
2024-10-14 21:31:29.298688 Hotel: Uniform, sending you 4
2024-10-14 21:31:29.300686 Foxtrot: Uniform, sending you 3
2024-10-14 21:31:29.302167 Uniform: Same as last round
2024-10-14 21:31:29.303375 Hotel: Foxtrot, sending you 7
2024-10-14 21:31:29.305043 Foxtrot: Hotel, sending you 8
2024-10-14 21:31:29.318130 Mike: Juliett and Charlie, sending you 3
2024-10-14 21:31:29.324976 Charlie: Juliett and November, sending you 3
2024-10-14 21:31:29.327734 Zulu: Juliett, sending you 3
2024-10-14 21:31:29.329810 Mike: Lima and Zulu, sending you 2
2024-10-14 21:31:29.332976 Charlie: Lima and Zulu, sending you 4
2024-10-14 21:31:29.335568 Zulu: Lima, November and Charlie, sending you 4
2024-10-14 21:31:29.337171 Mike: November, sending you 6
2024-10-14 21:31:29.339468 Charlie: Mike, sending you 2
2024-10-14 21:31:29.342190 Zulu: Mike, sending you 2
chatterbot Hotel submitting transactions
chatterbot November submitting transactions
chatterbot Lima submitting transactions
chatterbot Mike submitting transactions
chatterbot Uniform submitting transactions
chatterbot Charlie submitting transactions
chatterbot Foxtrot submitting transactions
chatterbot X-ray submitting transactions
chatterbot Zulu submitting transactions
chatterbot Juliett submitting transactions
ChatterBot Juliett round 9
ChatterBot X-ray round 9
ChatterBot Lima round 9
ChatterBot Uniform round 9
ChatterBot Mike round 9
ChatterBot Foxtrot round 9
ChatterBot November round 9
ChatterBot Hotel round 9
2024-10-14 21:31:30.399368 X-ray: We should add Juliett
2024-10-14 21:31:30.415993 Uniform: No
2024-10-14 21:31:30.416241 Foxtrot: No
2024-10-14 21:31:30.416446 Hotel: No
ChatterBot X-ray reevaluating
ChatterBot X-ray reevaluating
ChatterBot X-ray reevaluating
ChatterBot Zulu round 9
ChatterBot Charlie round 9
2024-10-14 21:31:30.490813 Uniform: We should add Zulu
ChatterBot X-ray reevaluating
2024-10-14 21:31:30.505081 X-ray: No
2024-10-14 21:31:30.505252 Foxtrot: No
2024-10-14 21:31:30.505384 Hotel: No
ChatterBot Uniform reevaluating
ChatterBot Uniform reevaluating
ChatterBot X-ray reevaluating
ChatterBot Uniform reevaluating
ChatterBot X-ray reevaluating
2024-10-14 21:31:30.558781 X-ray: We should add Charlie
ChatterBot Uniform reevaluating
2024-10-14 21:31:30.566421 Uniform: No
2024-10-14 21:31:30.566566 Foxtrot: No
2024-10-14 21:31:30.566692 Hotel: No
ChatterBot X-ray reevaluating
ChatterBot Uniform reevaluating
ChatterBot X-ray reevaluating
ChatterBot Uniform reevaluating
ChatterBot X-ray reevaluating
2024-10-14 21:31:30.599675 Juliett: Lima, sending you 5
2024-10-14 21:31:30.604898 Juliett: Mike, November, Zulu and Charlie, sending you 3
2024-10-14 21:31:30.609677 November: I was attacked by Uniform
ChatterBot Juliett reevaluating
ChatterBot Lima reevaluating
ChatterBot Charlie reevaluating
ChatterBot Zulu reevaluating
ChatterBot Mike reevaluating
2024-10-14 21:31:30.631144 November: I'm keeping this round to protect myself
2024-10-14 21:31:30.632439 November: Ow
2024-10-14 21:31:30.632785 Hotel: X-ray, sending you 5
2024-10-14 21:31:30.635699 Hotel: Uniform, sending you 4
2024-10-14 21:31:30.636244 Uniform: Same as last round
2024-10-14 21:31:30.636748 Foxtrot: X-ray, sending you 6
2024-10-14 21:31:30.638707 Hotel: Foxtrot, sending you 7
2024-10-14 21:31:30.642692 Foxtrot: Uniform, sending you 4
2024-10-14 21:31:30.646705 Foxtrot: Hotel, sending you 7
2024-10-14 21:31:30.659668 Charlie: Juliett and Mike, sending you 3
2024-10-14 21:31:30.661372 Zulu: Juliett and November, sending you 3
2024-10-14 21:31:30.665708 Charlie: Lima and Zulu, sending you 4
2024-10-14 21:31:30.666676 Zulu: Lima, sending you 4
2024-10-14 21:31:30.672172 Charlie: November, sending you 2
2024-10-14 21:31:30.673108 Zulu: Mike, sending you 2
2024-10-14 21:31:30.678654 Zulu: Charlie, sending you 5
chatterbot Juliett submitting transactions
chatterbot Foxtrot submitting transactions
chatterbot Hotel submitting transactions
chatterbot Charlie submitting transactions
chatterbot Mike submitting transactions
chatterbot November submitting transactions
chatterbot Zulu submitting transactions
chatterbot Uniform submitting transactions
chatterbot X-ray submitting transactions
chatterbot Lima submitting transactions
ChatterBot Juliett round 10
ChatterBot X-ray round 10
ChatterBot Lima round 10
ChatterBot Uniform round 10
ChatterBot Mike round 10
ChatterBot Foxtrot round 10
ChatterBot November round 10
ChatterBot Hotel round 10
ChatterBot Zulu round 10
2024-10-14 21:31:31.876342 X-ray: We should add Zulu
2024-10-14 21:31:31.885822 Uniform: No
2024-10-14 21:31:31.885993 Foxtrot: No
2024-10-14 21:31:31.886159 Hotel: No
ChatterBot X-ray reevaluating
ChatterBot X-ray reevaluating
ChatterBot X-ray reevaluating
ChatterBot Charlie round 10
2024-10-14 21:31:31.925712 X-ray: We should add Lima
2024-10-14 21:31:31.933071 Uniform: No
2024-10-14 21:31:31.933214 Foxtrot: No
2024-10-14 21:31:31.933340 Hotel: No
ChatterBot X-ray reevaluating
ChatterBot X-ray reevaluating
ChatterBot X-ray reevaluating
2024-10-14 21:31:31.961653 Juliett: Lima, sending you 5
2024-10-14 21:31:31.962455 Uniform: X-ray and Foxtrot, sending you 5
2024-10-14 21:31:31.965674 Juliett: Mike, November, Zulu and Charlie, sending you 3
2024-10-14 21:31:31.967706 Uniform: Hotel, sending you 6
2024-10-14 21:31:31.971660 Zulu: Juliett and November, sending you 3
2024-10-14 21:31:31.975644 Zulu: Lima, sending you 4
2024-10-14 21:31:31.976470 Foxtrot: X-ray and Uniform, sending you 4
2024-10-14 21:31:31.978687 November: Mike, sending you 1
2024-10-14 21:31:31.979672 November: I was attacked by Uniform
ChatterBot Juliett reevaluating
ChatterBot Lima reevaluating
ChatterBot Charlie reevaluating
ChatterBot Zulu reevaluating
ChatterBot Mike reevaluating
2024-10-14 21:31:31.996225 November: Ow
2024-10-14 21:31:31.997529 Foxtrot: Hotel, sending you 9
2024-10-14 21:31:31.998223 Hotel: X-ray and Uniform, sending you 4
2024-10-14 21:31:32.000890 Hotel: Foxtrot, sending you 7
2024-10-14 21:31:32.016672 Charlie: Juliett and Mike, sending you 3
2024-10-14 21:31:32.021651 Charlie: Lima and Zulu, sending you 4
2024-10-14 21:31:32.025657 Charlie: November, sending you 2
chatterbot Hotel submitting transactions
chatterbot Foxtrot submitting transactions
chatterbot X-ray submitting transactions
chatterbot Zulu submitting transactions
chatterbot November submitting transactions
chatterbot Mike submitting transactions
chatterbot Lima submitting transactions
chatterbot Uniform submitting transactions
chatterbot Juliett submitting transactions
chatterbot Charlie submitting transactions
ChatterBot Juliett round 11
ChatterBot X-ray round 11
ChatterBot Lima round 11
ChatterBot Uniform round 11
ChatterBot Mike round 11
ChatterBot Foxtrot round 11
2024-10-14 21:31:33.214692 X-ray: We should add Mike
2024-10-14 21:31:33.222007 Uniform: No
2024-10-14 21:31:33.222169 Foxtrot: No
2024-10-14 21:31:33.222293 Hotel: No
ChatterBot X-ray reevaluating
ChatterBot X-ray reevaluating
ChatterBot X-ray reevaluating
ChatterBot November round 11
ChatterBot Hotel round 11
ChatterBot Zulu round 11
ChatterBot Charlie round 11
2024-10-14 21:31:33.258451 X-ray: We should add Charlie
2024-10-14 21:31:33.265788 Uniform: No
2024-10-14 21:31:33.266008 Foxtrot: No
2024-10-14 21:31:33.266142 Hotel: No
ChatterBot X-ray reevaluating
ChatterBot X-ray reevaluating
ChatterBot X-ray reevaluating
2024-10-14 21:31:33.304685 Juliett: Lima, sending you 5
2024-10-14 21:31:33.306328 Foxtrot: X-ray, sending you 5
2024-10-14 21:31:33.310681 Juliett: Mike, November, Zulu and Charlie, sending you 3
2024-10-14 21:31:33.311656 Foxtrot: Uniform, sending you 4
2024-10-14 21:31:33.313685 Uniform: X-ray and Foxtrot, sending you 5
2024-10-14 21:31:33.314686 November: Juliett, Zulu and Charlie, sending you 2
2024-10-14 21:31:33.316670 Foxtrot: Hotel, sending you 8
2024-10-14 21:31:33.317144 Charlie: Juliett and Mike, sending you 3
2024-10-14 21:31:33.317940 November: Lima, sending you 1
2024-10-14 21:31:33.318921 Uniform: Hotel, sending you 6
2024-10-14 21:31:33.320073 Hotel: X-ray and Uniform, sending you 4
2024-10-14 21:31:33.320699 Charlie: Lima and Zulu, sending you 4
2024-10-14 21:31:33.323681 November: Mike, sending you 3
2024-10-14 21:31:33.324986 November: I was attacked by X-ray
ChatterBot Lima reevaluating
ChatterBot Zulu reevaluating
ChatterBot Mike reevaluating
2024-10-14 21:31:33.338819 November: Ow
2024-10-14 21:31:33.339518 Hotel: Foxtrot, sending you 7
2024-10-14 21:31:33.340124 Charlie: November, sending you 2
chatterbot Juliett submitting transactions
chatterbot Mike submitting transactions
chatterbot Uniform submitting transactions
chatterbot X-ray submitting transactions
chatterbot Charlie submitting transactions
chatterbot Lima submitting transactions
chatterbot November submitting transactions
chatterbot Foxtrot submitting transactions
chatterbot Hotel submitting transactions
chatterbot Zulu submitting transactions
ChatterBot Juliett round 12
ChatterBot X-ray round 12
ChatterBot Lima round 12
ChatterBot Uniform round 12
ChatterBot Mike round 12
ChatterBot Foxtrot round 12
ChatterBot November round 12
2024-10-14 21:31:34.383358 X-ray: We should add Juliett
2024-10-14 21:31:34.395532 Uniform: No
2024-10-14 21:31:34.395739 Foxtrot: No
2024-10-14 21:31:34.396408 Hotel: No
ChatterBot X-ray reevaluating
ChatterBot X-ray reevaluating
ChatterBot X-ray reevaluating
ChatterBot Hotel round 12
ChatterBot Zulu round 12
ChatterBot Charlie round 12
2024-10-14 21:31:34.439480 X-ray: We should add Zulu
2024-10-14 21:31:34.446596 Uniform: No
2024-10-14 21:31:34.446756 Foxtrot: No
2024-10-14 21:31:34.446872 Hotel: No
ChatterBot X-ray reevaluating
ChatterBot X-ray reevaluating
ChatterBot X-ray reevaluating
2024-10-14 21:31:34.483691 Uniform: X-ray and Foxtrot, sending you 5
2024-10-14 21:31:34.486929 Uniform: Hotel, sending you 6
2024-10-14 21:31:34.494722 November: Juliett, Mike and Zulu, sending you 2
2024-10-14 21:31:34.496672 Juliett: Lima, sending you 5
2024-10-14 21:31:34.498668 November: Lima and Charlie, sending you 1
2024-10-14 21:31:34.499935 November: I was attacked by X-ray
ChatterBot Lima reevaluating
ChatterBot Zulu reevaluating
ChatterBot Mike reevaluating
2024-10-14 21:31:34.511929 November: Ow
2024-10-14 21:31:34.512819 Juliett: Mike, November, Zulu and Charlie, sending you 3
2024-10-14 21:31:34.513950 Foxtrot: X-ray and Uniform, sending you 4
2024-10-14 21:31:34.516682 Charlie: Juliett and Mike, sending you 3
2024-10-14 21:31:34.517493 Hotel: X-ray and Uniform, sending you 4
2024-10-14 21:31:34.517989 Foxtrot: Hotel, sending you 9
2024-10-14 21:31:34.519672 Charlie: Lima and Zulu, sending you 4
2024-10-14 21:31:34.522662 Hotel: Foxtrot, sending you 7
2024-10-14 21:31:34.524670 Charlie: November, sending you 2
chatterbot Mike submitting transactions
chatterbot X-ray submitting transactions
chatterbot Hotel submitting transactions
chatterbot Lima submitting transactions
chatterbot Foxtrot submitting transactions
chatterbot Uniform submitting transactions
chatterbot Juliett submitting transactions
chatterbot Zulu submitting transactions
chatterbot November submitting transactions
chatterbot Charlie submitting transactions
ChatterBot Juliett round 13
ChatterBot X-ray round 13
ChatterBot Lima round 13
ChatterBot Uniform round 13
ChatterBot Mike round 13
ChatterBot Foxtrot round 13
ChatterBot November round 13
ChatterBot Hotel round 13
2024-10-14 21:31:35.700788 X-ray: We should add Lima
2024-10-14 21:31:35.709654 Uniform: No
2024-10-14 21:31:35.709903 Foxtrot: No
2024-10-14 21:31:35.710083 Hotel: No
ChatterBot X-ray reevaluating
ChatterBot X-ray reevaluating
ChatterBot X-ray reevaluating
ChatterBot Zulu round 13
ChatterBot Charlie round 13
2024-10-14 21:31:35.765494 X-ray: We should add Zulu
2024-10-14 21:31:35.774176 Uniform: No
2024-10-14 21:31:35.774333 Foxtrot: No
2024-10-14 21:31:35.774454 Hotel: No
ChatterBot X-ray reevaluating
ChatterBot X-ray reevaluating
ChatterBot X-ray reevaluating
2024-10-14 21:31:35.818680 Foxtrot: X-ray and Uniform, sending you 4
2024-10-14 21:31:35.823676 Foxtrot: Hotel, sending you 9
2024-10-14 21:31:35.826683 November: I was attacked by X-ray
ChatterBot Lima reevaluating
ChatterBot Zulu reevaluating
ChatterBot Mike reevaluating
2024-10-14 21:31:35.840808 November: Ow
2024-10-14 21:31:35.841350 Uniform: X-ray and Foxtrot, sending you 5
2024-10-14 21:31:35.841753 Hotel: X-ray and Uniform, sending you 4
2024-10-14 21:31:35.842117 Juliett: Lima, sending you 5
2024-10-14 21:31:35.845660 Uniform: Hotel, sending you 6
2024-10-14 21:31:35.846137 Hotel: Foxtrot, sending you 7
2024-10-14 21:31:35.846639 Charlie: Juliett and Mike, sending you 3
2024-10-14 21:31:35.847934 Juliett: Mike, November, Zulu and Charlie, sending you 3
2024-10-14 21:31:35.851667 Charlie: Lima and Zulu, sending you 4
2024-10-14 21:31:35.854658 Charlie: November, sending you 2
chatterbot Zulu submitting transactions
chatterbot Juliett submitting transactions
chatterbot Uniform submitting transactions
chatterbot Hotel submitting transactions
chatterbot Lima submitting transactions
chatterbot Charlie submitting transactions
chatterbot X-ray submitting transactions
chatterbot Foxtrot submitting transactions
chatterbot November submitting transactions
chatterbot Mike submitting transactions
ChatterBot Juliett round 14
ChatterBot X-ray round 14
ChatterBot Lima round 14
ChatterBot Uniform round 14
ChatterBot Mike round 14
ChatterBot Foxtrot round 14
ChatterBot November round 14
ChatterBot Hotel round 14
ChatterBot Zulu round 14
2024-10-14 21:31:37.004859 X-ray: We should add Charlie
2024-10-14 21:31:37.013679 Uniform: No
2024-10-14 21:31:37.013880 Foxtrot: No
2024-10-14 21:31:37.014031 Hotel: No
ChatterBot X-ray reevaluating
ChatterBot X-ray reevaluating
ChatterBot X-ray reevaluating
ChatterBot Charlie round 14
2024-10-14 21:31:37.056261 X-ray: We should add Juliett
2024-10-14 21:31:37.063111 Uniform: No
2024-10-14 21:31:37.063269 Foxtrot: No
2024-10-14 21:31:37.063384 Hotel: No
ChatterBot X-ray reevaluating
ChatterBot X-ray reevaluating
ChatterBot X-ray reevaluating
2024-10-14 21:31:37.102680 Juliett: Lima, sending you 5
2024-10-14 21:31:37.104014 Uniform: X-ray and Foxtrot, sending you 5
2024-10-14 21:31:37.108880 Juliett: Mike, November, Zulu and Charlie, sending you 3
2024-10-14 21:31:37.109884 Uniform: Hotel, sending you 6
2024-10-14 21:31:37.113061 Hotel: X-ray, sending you 3
2024-10-14 21:31:37.113993 November: Juliett and Zulu, sending you 4
2024-10-14 21:31:37.116647 Foxtrot: X-ray and Uniform, sending you 4
2024-10-14 21:31:37.117704 Hotel: Uniform, sending you 4
2024-10-14 21:31:37.118667 November: Lima, sending you 2
2024-10-14 21:31:37.120685 Hotel: Foxtrot, sending you 7
2024-10-14 21:31:37.121987 Foxtrot: Hotel, sending you 9
2024-10-14 21:31:37.122822 November: Mike, sending you 5
2024-10-14 21:31:37.129024 November: Charlie, sending you 3
2024-10-14 21:31:37.131661 Charlie: Juliett and Mike, sending you 3
2024-10-14 21:31:37.137662 Charlie: Lima, sending you 4
2024-10-14 21:31:37.140654 Charlie: November, sending you 1
2024-10-14 21:31:37.143678 Charlie: Zulu, sending you 5
chatterbot Lima submitting transactions
chatterbot Foxtrot submitting transactions
chatterbot Uniform submitting transactions
chatterbot Zulu submitting transactions
chatterbot X-ray submitting transactions
chatterbot Hotel submitting transactions
chatterbot Juliett submitting transactions
chatterbot November submitting transactions
chatterbot Mike submitting transactions
chatterbot Charlie submitting transactions
ChatterBot Juliett round 15
ChatterBot X-ray round 15
ChatterBot Lima round 15
ChatterBot Uniform round 15
ChatterBot Mike round 15
ChatterBot Foxtrot round 15
ChatterBot November round 15
ChatterBot Hotel round 15
ChatterBot Zulu round 15
ChatterBot Charlie round 15
2024-10-14 21:31:38.269876 X-ray: We should add Juliett
2024-10-14 21:31:38.281053 Uniform: No
2024-10-14 21:31:38.281211 Foxtrot: No
2024-10-14 21:31:38.281329 Hotel: No
ChatterBot X-ray reevaluating
ChatterBot X-ray reevaluating
