ChatterBot Kilo round 1
ChatterBot Sierra round 1
ChatterBot Hotel round 1
ChatterBot Oscar round 1
ChatterBot Uniform round 1
ChatterBot Romeo round 1
ChatterBot Whiskey round 1
ChatterBot Victor round 1
ChatterBot Juliett round 1
ChatterBot Golf round 1
randomSelections Oscar: {Oscar, Hotel, Sierra, Uniform, Whiskey, Kilo} 
2024-10-14 21:31:18.622721 Oscar: We should group up
ChatterBot Hotel reevaluating
ChatterBot Sierra reevaluating
ChatterBot Uniform reevaluating
ChatterBot Whiskey reevaluating
ChatterBot Kilo reevaluating
2024-10-14 21:31:18.640272 Hotel: Yes
2024-10-14 21:31:18.640437 Sierra: Yes
2024-10-14 21:31:18.640577 Uniform: Yes
2024-10-14 21:31:18.643160 Whiskey: Yes
2024-10-14 21:31:18.643341 Kilo: Yes
ChatterBot Sierra reevaluating
ChatterBot Uniform reevaluating
ChatterBot Whiskey reevaluating
ChatterBot Kilo reevaluating
ChatterBot Hotel reevaluating
ChatterBot Uniform reevaluating
ChatterBot Whiskey reevaluating
ChatterBot Kilo reevaluating
ChatterBot Hotel reevaluating
ChatterBot Sierra reevaluating
ChatterBot Whiskey reevaluating
ChatterBot Kilo reevaluating
ChatterBot Hotel reevaluating
ChatterBot Sierra reevaluating
ChatterBot Uniform reevaluating
ChatterBot Kilo reevaluating
ChatterBot Hotel reevaluating
ChatterBot Sierra reevaluating
ChatterBot Uniform reevaluating
ChatterBot Whiskey reevaluating
randomSelections Golf: {Golf, Sierra, Whiskey, Kilo, Juliett, Victor} 
2024-10-14 21:31:18.794301 Golf: We would work well together
ChatterBot Sierra reevaluating
ChatterBot Whiskey reevaluating
ChatterBot Kilo reevaluating
ChatterBot Juliett reevaluating
ChatterBot Victor reevaluating
2024-10-14 21:31:18.808107 Sierra: No
2024-10-14 21:31:18.808701 Whiskey: No
2024-10-14 21:31:18.809293 Kilo: No
2024-10-14 21:31:18.809828 Juliett: Yes
2024-10-14 21:31:18.809943 Victor: Yes
ChatterBot Whiskey reevaluating
ChatterBot Kilo reevaluating
ChatterBot Juliett reevaluating
ChatterBot Victor reevaluating
ChatterBot Sierra reevaluating
ChatterBot Kilo reevaluating
ChatterBot Juliett reevaluating
ChatterBot Victor reevaluating
ChatterBot Sierra reevaluating
ChatterBot Whiskey reevaluating
ChatterBot Juliett reevaluating
ChatterBot Victor reevaluating
ChatterBot Sierra reevaluating
ChatterBot Whiskey reevaluating
ChatterBot Kilo reevaluating
ChatterBot Victor reevaluating
ChatterBot Sierra reevaluating
ChatterBot Whiskey reevaluating
ChatterBot Kilo reevaluating
ChatterBot Juliett reevaluating
randomSelections Romeo: {Romeo, Oscar, Juliett, Kilo, Whiskey, Sierra, Hotel, Golf} 
2024-10-14 21:31:18.860472 Romeo: We should group up
ChatterBot Juliett reevaluating
ChatterBot Kilo reevaluating
ChatterBot Whiskey reevaluating
ChatterBot Sierra reevaluating
ChatterBot Hotel reevaluating
2024-10-14 21:31:18.871588 Oscar: No
2024-10-14 21:31:18.872043 Juliett: No
2024-10-14 21:31:18.872463 Kilo: No
2024-10-14 21:31:18.873626 Whiskey: No
2024-10-14 21:31:18.874109 Sierra: No
2024-10-14 21:31:18.874524 Hotel: No
2024-10-14 21:31:18.874814 Golf: No
ChatterBot Juliett reevaluating
ChatterBot Kilo reevaluating
ChatterBot Whiskey reevaluating
ChatterBot Sierra reevaluating
ChatterBot Hotel reevaluating
ChatterBot Kilo reevaluating
ChatterBot Whiskey reevaluating
ChatterBot Sierra reevaluating
ChatterBot Hotel reevaluating
ChatterBot Juliett reevaluating
ChatterBot Whiskey reevaluating
ChatterBot Sierra reevaluating
ChatterBot Hotel reevaluating
ChatterBot Juliett reevaluating
ChatterBot Kilo reevaluating
ChatterBot Sierra reevaluating
ChatterBot Hotel reevaluating
ChatterBot Juliett reevaluating
ChatterBot Kilo reevaluating
ChatterBot Whiskey reevaluating
ChatterBot Hotel reevaluating
ChatterBot Juliett reevaluating
ChatterBot Kilo reevaluating
ChatterBot Whiskey reevaluating
ChatterBot Sierra reevaluating
ChatterBot Juliett reevaluating
ChatterBot Kilo reevaluating
ChatterBot Whiskey reevaluating
ChatterBot Sierra reevaluating
ChatterBot Hotel reevaluating
2024-10-14 21:31:18.985291 Oscar: Kilo and Whiskey, sending you 3
2024-10-14 21:31:18.985748 Sierra: Kilo, Hotel and Whiskey, sending you 2
2024-10-14 21:31:18.990589 Oscar: Sierra, sending you 5
2024-10-14 21:31:18.991011 Sierra: Oscar, sending you 7
2024-10-14 21:31:18.991342 Kilo: Sierra, sending you 1
2024-10-14 21:31:18.993542 Victor: Kilo, sending you 4
2024-10-14 21:31:18.994010 Oscar: Hotel, sending you 4
2024-10-14 21:31:18.997145 Uniform: Kilo and Oscar, sending you 5
2024-10-14 21:31:18.997680 Sierra: Uniform, sending you 6
2024-10-14 21:31:18.998986 Golf: Kilo and Victor, sending you 2
2024-10-14 21:31:18.999403 Kilo: Hotel and Oscar, sending you 2
2024-10-14 21:31:18.999784 Romeo: Kilo, Juliett and Golf, sending you 2
2024-10-14 21:31:19.001097 Whiskey: Kilo, Oscar and Uniform, sending you 3
2024-10-14 21:31:19.001553 Oscar: Uniform, sending you 1
2024-10-14 21:31:19.001990 Victor: Sierra, sending you 5
2024-10-14 21:31:19.003142 Juliett: Kilo and Golf, sending you 1
2024-10-14 21:31:19.003562 Golf: Sierra, sending you 3
2024-10-14 21:31:19.003888 Uniform: Sierra, sending you 1
2024-10-14 21:31:19.004208 Kilo: Uniform, sending you 3
2024-10-14 21:31:19.005398 Hotel: Kilo, sending you 1
2024-10-14 21:31:19.005865 Romeo: Sierra and Hotel, sending you 3
2024-10-14 21:31:19.006223 Whiskey: Sierra, sending you 6
2024-10-14 21:31:19.007211 Victor: Whiskey, Juliett and Golf, sending you 3
2024-10-14 21:31:19.007580 Golf: Whiskey, sending you 5
2024-10-14 21:31:19.007938 Juliett: Sierra, Whiskey and Victor, sending you 2
2024-10-14 21:31:19.008306 Kilo: Whiskey, sending you 9
2024-10-14 21:31:19.009523 Uniform: Hotel, sending you 3
2024-10-14 21:31:19.009893 Romeo: Oscar, sending you 4
2024-10-14 21:31:19.010258 Whiskey: Hotel, sending you 2
2024-10-14 21:31:19.019787 Hotel: Sierra, sending you 6
2024-10-14 21:31:19.020447 Golf: Juliett, sending you 4
2024-10-14 21:31:19.021460 Uniform: Whiskey, sending you 2
2024-10-14 21:31:19.022095 Romeo: Whiskey, sending you 1
2024-10-14 21:31:19.025019 Hotel: Oscar and Uniform, sending you 3
2024-10-14 21:31:19.029743 Hotel: Whiskey, sending you 5
chatterbot Golf submitting transactions
chatterbot Oscar submitting transactions
chatterbot Kilo submitting transactions
chatterbot Romeo submitting transactions
chatterbot Victor submitting transactions
chatterbot Sierra submitting transactions
chatterbot Hotel submitting transactions
chatterbot Juliett submitting transactions
chatterbot Uniform submitting transactions
chatterbot Whiskey submitting transactions
ChatterBot Kilo round 2
ChatterBot Sierra round 2
ChatterBot Hotel round 2
ChatterBot Oscar round 2
ChatterBot Uniform round 2
ChatterBot Romeo round 2
ChatterBot Whiskey round 2
ChatterBot Victor round 2
ChatterBot Juliett round 2
ChatterBot Golf round 2
2024-10-14 21:31:20.562387 Kilo: We should add Romeo and Victor
ChatterBot Oscar reevaluating
ChatterBot Hotel reevaluating
ChatterBot Sierra reevaluating
ChatterBot Uniform reevaluating
ChatterBot Whiskey reevaluating
2024-10-14 21:31:20.592674 Oscar: No
2024-10-14 21:31:20.593029 Hotel: No
2024-10-14 21:31:20.593379 Sierra: No
2024-10-14 21:31:20.593565 Uniform: No
2024-10-14 21:31:20.594375 Whiskey: No
ChatterBot Hotel reevaluating
ChatterBot Sierra reevaluating
ChatterBot Uniform reevaluating
ChatterBot Whiskey reevaluating
ChatterBot Oscar reevaluating
ChatterBot Sierra reevaluating
ChatterBot Uniform reevaluating
ChatterBot Whiskey reevaluating
ChatterBot Oscar reevaluating
ChatterBot Hotel reevaluating
ChatterBot Uniform reevaluating
ChatterBot Whiskey reevaluating
ChatterBot Oscar reevaluating
ChatterBot Hotel reevaluating
ChatterBot Sierra reevaluating
ChatterBot Whiskey reevaluating
ChatterBot Kilo reevaluating
ChatterBot Oscar reevaluating
ChatterBot Hotel reevaluating
ChatterBot Sierra reevaluating
ChatterBot Uniform reevaluating
ChatterBot Kilo reevaluating
2024-10-14 21:31:20.726265 Hotel: We should add Romeo
2024-10-14 21:31:20.726575 Whiskey: We should add Romeo
ChatterBot Oscar reevaluating
ChatterBot Sierra reevaluating
ChatterBot Uniform reevaluating
ChatterBot Whiskey reevaluating
ChatterBot Kilo reevaluating
2024-10-14 21:31:20.745508 Oscar: Yes
ChatterBot Oscar reevaluating
ChatterBot Hotel reevaluating
2024-10-14 21:31:20.752280 Sierra: No
ChatterBot Sierra reevaluating
2024-10-14 21:31:20.756261 Uniform: No
ChatterBot Uniform reevaluating
2024-10-14 21:31:20.760469 Whiskey: Yes
2024-10-14 21:31:20.760657 Kilo: Yes
ChatterBot Kilo reevaluating
2024-10-14 21:31:20.764572 Oscar: Yes
2024-10-14 21:31:20.764708 Hotel: Yes
2024-10-14 21:31:20.764835 Sierra: No
2024-10-14 21:31:20.764939 Uniform: No
2024-10-14 21:31:20.765724 Kilo: Yes
ChatterBot Hotel reevaluating
ChatterBot Sierra reevaluating
ChatterBot Uniform reevaluating
ChatterBot Whiskey reevaluating
ChatterBot Kilo reevaluating
ChatterBot Oscar reevaluating
ChatterBot Hotel reevaluating
ChatterBot Uniform reevaluating
ChatterBot Whiskey reevaluating
ChatterBot Kilo reevaluating
ChatterBot Oscar reevaluating
ChatterBot Hotel reevaluating
ChatterBot Sierra reevaluating
ChatterBot Whiskey reevaluating
ChatterBot Kilo reevaluating
ChatterBot Oscar reevaluating
ChatterBot Hotel reevaluating
ChatterBot Sierra reevaluating
ChatterBot Uniform reevaluating
ChatterBot Kilo reevaluating
ChatterBot Oscar reevaluating
ChatterBot Hotel reevaluating
ChatterBot Sierra reevaluating
ChatterBot Uniform reevaluating
ChatterBot Whiskey reevaluating
ChatterBot Hotel reevaluating
ChatterBot Sierra reevaluating
ChatterBot Uniform reevaluating
ChatterBot Whiskey reevaluating
ChatterBot Kilo reevaluating
ChatterBot Oscar reevaluating
ChatterBot Sierra reevaluating
ChatterBot Uniform reevaluating
ChatterBot Whiskey reevaluating
ChatterBot Kilo reevaluating
ChatterBot Oscar reevaluating
ChatterBot Hotel reevaluating
ChatterBot Uniform reevaluating
ChatterBot Whiskey reevaluating
ChatterBot Kilo reevaluating
ChatterBot Oscar reevaluating
ChatterBot Hotel reevaluating
ChatterBot Sierra reevaluating
ChatterBot Whiskey reevaluating
ChatterBot Kilo reevaluating
ChatterBot Oscar reevaluating
ChatterBot Hotel reevaluating
ChatterBot Sierra reevaluating
ChatterBot Uniform reevaluating
ChatterBot Whiskey reevaluating
2024-10-14 21:31:21.044638 Golf: Friends?
ChatterBot Victor reevaluating
ChatterBot Juliett reevaluating
ChatterBot Romeo reevaluating
2024-10-14 21:31:21.063464 Victor: Yes
2024-10-14 21:31:21.064185 Juliett: Yes
2024-10-14 21:31:21.064366 Romeo: Yes
ChatterBot Juliett reevaluating
ChatterBot Romeo reevaluating
ChatterBot Victor reevaluating
ChatterBot Romeo reevaluating
ChatterBot Victor reevaluating
ChatterBot Juliett reevaluating
2024-10-14 21:31:21.118646 Juliett: Friends?
ChatterBot Victor reevaluating
ChatterBot Romeo reevaluating
2024-10-14 21:31:21.135498 Golf: Yes
2024-10-14 21:31:21.135660 Victor: Yes
2024-10-14 21:31:21.135796 Romeo: Yes
ChatterBot Victor reevaluating
ChatterBot Juliett reevaluating
ChatterBot Romeo reevaluating
ChatterBot Juliett reevaluating
ChatterBot Romeo reevaluating
ChatterBot Victor reevaluating
ChatterBot Juliett reevaluating
2024-10-14 21:31:21.192346 Hotel: Romeo we want you to join our group
ChatterBot Romeo reevaluating
2024-10-14 21:31:21.196772 Romeo: No
ChatterBot Kilo reevaluating
ChatterBot Oscar reevaluating
2024-10-14 21:31:21.215957 Sierra: Romeo we want you to join our group
2024-10-14 21:31:21.219212 Romeo: No
ChatterBot Kilo reevaluating
ChatterBot Oscar reevaluating
2024-10-14 21:31:21.238351 Whiskey: Romeo we want you to join our group
2024-10-14 21:31:21.241396 Romeo: No
ChatterBot Oscar reevaluating
2024-10-14 21:31:21.259910 Kilo: Romeo we want you to join our group
2024-10-14 21:31:21.263735 Romeo: No
2024-10-14 21:31:21.280573 Golf: Romeo, sending you 5
2024-10-14 21:31:21.280888 Uniform: Kilo, Hotel and Whiskey, sending you 4
2024-10-14 21:31:21.281790 Oscar: Romeo we want you to join our group
2024-10-14 21:31:21.284965 Romeo: No
2024-10-14 21:31:21.302626 Victor: Romeo, sending you 4
2024-10-14 21:31:21.302923 Golf: Victor, sending you 7
2024-10-14 21:31:21.303143 Uniform: Sierra, sending you 5
2024-10-14 21:31:21.303888 Hotel: Kilo, Sierra and Whiskey, sending you 2
2024-10-14 21:31:21.304185 Juliett: Romeo and Victor, sending you 6
2024-10-14 21:31:21.857024 Golf: Juliett, sending you 4
2024-10-14 21:31:21.857442 Sierra: Kilo and Uniform, sending you 1
2024-10-14 21:31:21.858291 Romeo: Victor and Juliett, sending you 6
2024-10-14 21:31:21.858598 Victor: Juliett and Golf, sending you 7
2024-10-14 21:31:21.858942 Uniform: Oscar, sending you 1
2024-10-14 21:31:21.859798 Whiskey: Kilo, sending you 4
2024-10-14 21:31:21.860249 Hotel: Oscar, sending you 5
2024-10-14 21:31:21.861113 Juliett: Golf, sending you 7
chatterbot Hotel submitting transactions
2024-10-14 21:31:21.861639 Romeo: Golf, sending you 5
2024-10-14 21:31:21.862406 Sierra: Hotel and Whiskey, sending you 5
2024-10-14 21:31:22.239483 Whiskey: Sierra, Hotel, Oscar and Uniform, sending you 3
2024-10-14 21:31:22.240018 Oscar: Kilo, sending you 1
2024-10-14 21:31:22.241188 Hotel: Uniform, sending you 4
2024-10-14 21:31:22.241606 Kilo: Sierra and Romeo, sending you 2
chatterbot Golf submitting transactions
2024-10-14 21:31:22.242117 Sierra: Oscar, sending you 4
chatterbot Uniform submitting transactions
2024-10-14 21:31:22.244374 Whiskey: Romeo, sending you 1
2024-10-14 21:31:22.428376 Oscar: Sierra, sending you 5
2024-10-14 21:31:22.429791 Hotel: Romeo, sending you 3
2024-10-14 21:31:22.430916 Kilo: Hotel, sending you 1
2024-10-14 21:31:22.431609 Sierra: Romeo, sending you 3
chatterbot Whiskey submitting transactions
2024-10-14 21:31:22.504302 Kilo: Oscar and Whiskey, sending you 3
2024-10-14 21:31:22.505570 Oscar: Hotel and Whiskey, sending you 2
chatterbot Oscar submitting transactions
chatterbot Juliett submitting transactions
2024-10-14 21:31:22.535685 Oscar: Uniform and Romeo, sending you 3
2024-10-14 21:31:22.536634 Kilo: Uniform, sending you 6
chatterbot Sierra submitting transactions
chatterbot Victor submitting transactions
chatterbot Romeo submitting transactions
chatterbot Kilo submitting transactions
ChatterBot Kilo round 3
ChatterBot Sierra round 3
ChatterBot Hotel round 3
ChatterBot Oscar round 3
ChatterBot Uniform round 3
ChatterBot Romeo round 3
ChatterBot Whiskey round 3
ChatterBot Victor round 3
ChatterBot Juliett round 3
ChatterBot Golf round 3
2024-10-14 21:31:22.980933 Victor: We should add Kilo
ChatterBot Golf reevaluating
ChatterBot Juliett reevaluating
ChatterBot Romeo reevaluating
2024-10-14 21:31:22.991882 Golf: No
2024-10-14 21:31:22.992107 Juliett: No
2024-10-14 21:31:22.992928 Romeo: No
ChatterBot Victor reevaluating
ChatterBot Juliett reevaluating
ChatterBot Romeo reevaluating
ChatterBot Golf reevaluating
ChatterBot Victor reevaluating
ChatterBot Romeo reevaluating
ChatterBot Golf reevaluating
ChatterBot Victor reevaluating
ChatterBot Juliett reevaluating
2024-10-14 21:31:23.149137 Sierra: We should drop Romeo
2024-10-14 21:31:23.165108 Oscar: Yes
2024-10-14 21:31:23.165331 Hotel: Yes
2024-10-14 21:31:23.165546 Uniform: Yes
2024-10-14 21:31:23.166188 Whiskey: Yes
2024-10-14 21:31:23.166413 Kilo: Yes
2024-10-14 21:31:23.280368 Victor: We should add Sierra
ChatterBot Golf reevaluating
ChatterBot Juliett reevaluating
ChatterBot Romeo reevaluating
2024-10-14 21:31:23.299174 Golf: No
2024-10-14 21:31:23.299676 Juliett: No
2024-10-14 21:31:23.300580 Romeo: No
ChatterBot Victor reevaluating
ChatterBot Juliett reevaluating
ChatterBot Romeo reevaluating
ChatterBot Golf reevaluating
ChatterBot Victor reevaluating
ChatterBot Romeo reevaluating
ChatterBot Golf reevaluating
ChatterBot Victor reevaluating
ChatterBot Juliett reevaluating
2024-10-14 21:31:23.360245 Whiskey: Kilo, sending you 5
2024-10-14 21:31:23.364363 Uniform: Kilo, Sierra, Hotel and Whiskey, sending you 4
2024-10-14 21:31:23.366339 Hotel: Kilo, sending you 2
2024-10-14 21:31:23.384585 Whiskey: Sierra, Hotel, Oscar and Uniform, sending you 3
2024-10-14 21:31:23.385201 Uniform: Oscar, sending you 2
2024-10-14 21:31:23.386293 Romeo: Victor, sending you 5
2024-10-14 21:31:23.386623 Sierra: Kilo, sending you 2
2024-10-14 21:31:23.387641 Golf: Romeo, sending you 4
2024-10-14 21:31:23.387936 Juliett: Romeo and Golf, sending you 6
2024-10-14 21:31:23.388238 Hotel: Sierra, sending you 5
2024-10-14 21:31:23.389309 Kilo: Sierra and Hotel, sending you 2
2024-10-14 21:31:23.389787 Romeo: Juliett and Golf, sending you 6
2024-10-14 21:31:23.390500 Oscar: Kilo and Uniform, sending you 2
2024-10-14 21:31:23.399891 Sierra: Hotel, sending you 4
2024-10-14 21:31:23.400975 Juliett: Victor, sending you 7
2024-10-14 21:31:23.401403 Golf: Victor and Juliett, sending you 6
2024-10-14 21:31:23.402440 Hotel: Oscar and Uniform, sending you 4
2024-10-14 21:31:23.402952 Kilo: Oscar, sending you 3
2024-10-14 21:31:23.403856 Oscar: Sierra, sending you 6
2024-10-14 21:31:23.406592 Sierra: Oscar and Whiskey, sending you 5
2024-10-14 21:31:23.407716 Hotel: Whiskey, sending you 3
2024-10-14 21:31:23.408874 Oscar: Hotel and Whiskey, sending you 3
2024-10-14 21:31:23.409469 Kilo: Uniform and Whiskey, sending you 5
2024-10-14 21:31:23.429298 Sierra: Uniform, sending you 3
chatterbot Hotel submitting transactions
chatterbot Victor submitting transactions
chatterbot Golf submitting transactions
chatterbot Oscar submitting transactions
chatterbot Uniform submitting transactions
chatterbot Romeo submitting transactions
chatterbot Sierra submitting transactions
chatterbot Kilo submitting transactions
chatterbot Juliett submitting transactions
chatterbot Whiskey submitting transactions
ChatterBot Kilo round 4
ChatterBot Sierra round 4
ChatterBot Hotel round 4
ChatterBot Oscar round 4
ChatterBot Uniform round 4
ChatterBot Romeo round 4
ChatterBot Whiskey round 4
ChatterBot Victor round 4
ChatterBot Juliett round 4
ChatterBot Golf round 4
2024-10-14 21:31:24.368802 Victor: We should add Hotel
2024-10-14 21:31:24.378510 Golf: No
2024-10-14 21:31:24.378704 Juliett: No
2024-10-14 21:31:24.378874 Romeo: No
ChatterBot Victor reevaluating
ChatterBot Victor reevaluating
ChatterBot Victor reevaluating
2024-10-14 21:31:24.417608 Victor: We should add Oscar
2024-10-14 21:31:24.425757 Golf: No
2024-10-14 21:31:24.426314 Juliett: No
2024-10-14 21:31:24.426431 Romeo: No
ChatterBot Victor reevaluating
ChatterBot Victor reevaluating
ChatterBot Victor reevaluating
2024-10-14 21:31:24.459009 Oscar: Kilo and Uniform, sending you 2
2024-10-14 21:31:24.460137 Sierra: Kilo, sending you 1
2024-10-14 21:31:24.460774 Uniform: Kilo, Sierra, Hotel and Whiskey, sending you 4
2024-10-14 21:31:24.461882 Kilo: Sierra, Hotel and Oscar, sending you 2
2024-10-14 21:31:24.462497 Romeo: Victor, sending you 5
2024-10-14 21:31:24.463325 Hotel: Kilo, sending you 1
2024-10-14 21:31:24.489441 Oscar: Sierra, sending you 6
2024-10-14 21:31:24.490291 Sierra: Hotel, Uniform and Whiskey, sending you 4
2024-10-14 21:31:24.491527 Kilo: Uniform, sending you 5
2024-10-14 21:31:24.492792 Romeo: Juliett and Golf, sending you 6
2024-10-14 21:31:24.493258 Uniform: Oscar, sending you 2
2024-10-14 21:31:24.494086 Golf: Romeo and Victor, sending you 5
2024-10-14 21:31:24.495068 Hotel: Sierra, sending you 5
2024-10-14 21:31:24.496276 Juliett: Romeo, sending you 7
2024-10-14 21:31:24.496654 Oscar: Hotel and Whiskey, sending you 3
2024-10-14 21:31:24.497177 Sierra: Oscar, sending you 6
2024-10-14 21:31:24.498203 Kilo: Whiskey, sending you 6
2024-10-14 21:31:24.498772 Golf: Juliett, sending you 6
2024-10-14 21:31:24.503048 Juliett: Victor and Golf, sending you 6
2024-10-14 21:31:24.503456 Hotel: Oscar, Uniform and Whiskey, sending you 4
2024-10-14 21:31:24.504107 Whiskey: Kilo and Sierra, sending you 4
2024-10-14 21:31:24.509791 Whiskey: Hotel, Oscar and Uniform, sending you 3
chatterbot Oscar submitting transactions
chatterbot Whiskey submitting transactions
chatterbot Juliett submitting transactions
chatterbot Golf submitting transactions
chatterbot Hotel submitting transactions
chatterbot Sierra submitting transactions
chatterbot Kilo submitting transactions
chatterbot Romeo submitting transactions
chatterbot Victor submitting transactions
chatterbot Uniform submitting transactions
ChatterBot Kilo round 5
ChatterBot Sierra round 5
ChatterBot Hotel round 5
ChatterBot Oscar round 5
ChatterBot Uniform round 5
ChatterBot Romeo round 5
ChatterBot Whiskey round 5
ChatterBot Victor round 5
ChatterBot Juliett round 5
ChatterBot Golf round 5
2024-10-14 21:31:25.580229 Victor: We should add Whiskey
2024-10-14 21:31:25.588426 Golf: No
2024-10-14 21:31:25.588627 Juliett: No
2024-10-14 21:31:25.588774 Romeo: No
ChatterBot Victor reevaluating
ChatterBot Victor reevaluating
ChatterBot Victor reevaluating
2024-10-14 21:31:25.615994 Victor: We should add Uniform
2024-10-14 21:31:25.622510 Golf: No
2024-10-14 21:31:25.622698 Juliett: No
2024-10-14 21:31:25.622841 Romeo: No
ChatterBot Victor reevaluating
ChatterBot Victor reevaluating
ChatterBot Victor reevaluating
2024-10-14 21:31:25.646689 Whiskey: Kilo and Sierra, sending you 4
2024-10-14 21:31:25.647835 Oscar: Kilo and Uniform, sending you 2
2024-10-14 21:31:25.648590 Uniform: Kilo, Sierra, Hotel and Whiskey, sending you 4
2024-10-14 21:31:25.650174 Kilo: Sierra, sending you 2
2024-10-14 21:31:25.650938 Hotel: Kilo, sending you 2
2024-10-14 21:31:25.651686 Romeo: Victor, sending you 5
2024-10-14 21:31:25.652170 Sierra: Kilo, sending you 2
2024-10-14 21:31:25.652920 Oscar: Sierra, sending you 6
2024-10-14 21:31:25.653674 Whiskey: Hotel, Oscar and Uniform, sending you 3
2024-10-14 21:31:25.655252 Uniform: Oscar, sending you 2
2024-10-14 21:31:25.655985 Romeo: Juliett and Golf, sending you 6
2024-10-14 21:31:25.656480 Kilo: Hotel, sending you 1
2024-10-14 21:31:25.657172 Hotel: Sierra, sending you 5
2024-10-14 21:31:25.657912 Oscar: Hotel and Whiskey, sending you 3
2024-10-14 21:31:25.659383 Sierra: Hotel and Whiskey, sending you 4
2024-10-14 21:31:25.660270 Golf: Romeo and Victor, sending you 5
2024-10-14 21:31:25.660854 Kilo: Oscar, sending you 3
2024-10-14 21:31:25.662672 Hotel: Oscar, sending you 3
2024-10-14 21:31:25.663327 Sierra: Oscar, sending you 6
2024-10-14 21:31:25.664682 Juliett: Romeo, sending you 7
2024-10-14 21:31:25.665455 Golf: Juliett, sending you 6
2024-10-14 21:31:25.665770 Kilo: Uniform, sending you 5
2024-10-14 21:31:25.666677 Hotel: Uniform and Whiskey, sending you 4
2024-10-14 21:31:25.667850 Sierra: Uniform, sending you 3
2024-10-14 21:31:25.668634 Juliett: Victor and Golf, sending you 6
2024-10-14 21:31:25.669122 Kilo: Whiskey, sending you 6
2024-10-14 21:31:25.673671 Victor: Romeo, sending you 4
2024-10-14 21:31:25.678708 Victor: Juliett and Golf, sending you 5
chatterbot Uniform submitting transactions
chatterbot Golf submitting transactions
chatterbot Kilo submitting transactions
chatterbot Victor submitting transactions
chatterbot Oscar submitting transactions
chatterbot Whiskey submitting transactions
chatterbot Juliett submitting transactions
chatterbot Romeo submitting transactions
chatterbot Hotel submitting transactions
chatterbot Sierra submitting transactions
ChatterBot Kilo round 6
ChatterBot Sierra round 6
ChatterBot Hotel round 6
ChatterBot Oscar round 6
ChatterBot Uniform round 6
ChatterBot Romeo round 6
ChatterBot Whiskey round 6
ChatterBot Victor round 6
ChatterBot Juliett round 6
ChatterBot Golf round 6
2024-10-14 21:31:26.868651 Hotel: Kilo, sending you 1
2024-10-14 21:31:26.873688 Hotel: Sierra, sending you 5
2024-10-14 21:31:26.874739 Whiskey: Kilo and Sierra, sending you 4
2024-10-14 21:31:26.876320 Kilo: Sierra, Hotel and Oscar, sending you 2
2024-10-14 21:31:26.877677 Uniform: Kilo, Sierra, Hotel and Whiskey, sending you 4
2024-10-14 21:31:26.878553 Hotel: Oscar, Uniform and Whiskey, sending you 4
2024-10-14 21:31:26.880052 Whiskey: Hotel, Oscar and Uniform, sending you 3
2024-10-14 21:31:26.880922 Oscar: Kilo and Uniform, sending you 2
2024-10-14 21:31:26.882462 Romeo: Victor, sending you 5
2024-10-14 21:31:26.883045 Kilo: Uniform, sending you 4
2024-10-14 21:31:26.884428 Uniform: Oscar, sending you 2
2024-10-14 21:31:26.885020 Juliett: Romeo and Victor, sending you 6
2024-10-14 21:31:26.886676 Oscar: Sierra, sending you 6
2024-10-14 21:31:26.887489 Sierra: Kilo, sending you 2
2024-10-14 21:31:26.888273 Romeo: Juliett and Golf, sending you 6
2024-10-14 21:31:26.889260 Victor: Sending you each 6
2024-10-14 21:31:26.889840 Kilo: Whiskey, sending you 6
2024-10-14 21:31:26.890558 Kilo: I was attacked by Victor
ChatterBot Oscar reevaluating
ChatterBot Hotel reevaluating
ChatterBot Sierra reevaluating
ChatterBot Uniform reevaluating
ChatterBot Whiskey reevaluating
2024-10-14 21:31:26.911510 Kilo: Ow
2024-10-14 21:31:26.913108 Golf: Romeo and Victor, sending you 5
2024-10-14 21:31:26.913606 Juliett: Golf, sending you 7
2024-10-14 21:31:26.915705 Golf: Juliett, sending you 6
chatterbot Golf submitting transactions
chatterbot Uniform submitting transactions
chatterbot Kilo submitting transactions
chatterbot Hotel submitting transactions
chatterbot Oscar submitting transactions
chatterbot Victor submitting transactions
chatterbot Juliett submitting transactions
chatterbot Romeo submitting transactions
chatterbot Whiskey submitting transactions
chatterbot Sierra submitting transactions
ChatterBot Kilo round 7
ChatterBot Sierra round 7
ChatterBot Hotel round 7
ChatterBot Oscar round 7
ChatterBot Uniform round 7
ChatterBot Romeo round 7
ChatterBot Whiskey round 7
ChatterBot Victor round 7
ChatterBot Juliett round 7
ChatterBot Golf round 7
2024-10-14 21:31:28.104666 Hotel: Kilo, sending you 2
2024-10-14 21:31:28.107702 Kilo: Sierra, sending you 2
2024-10-14 21:31:28.109683 Oscar: Kilo and Uniform, sending you 2
2024-10-14 21:31:28.110697 Hotel: Sierra, sending you 5
2024-10-14 21:31:28.111727 Golf: Romeo and Victor, sending you 5
2024-10-14 21:31:28.112853 Kilo: Hotel, sending you 1
2024-10-14 21:31:28.113593 Oscar: Sierra, sending you 6
2024-10-14 21:31:28.114250 Juliett: Romeo and Victor, sending you 6
2024-10-14 21:31:28.114671 Romeo: Victor, sending you 5
2024-10-14 21:31:28.116208 Hotel: Oscar, sending you 3
2024-10-14 21:31:28.116892 Uniform: Kilo, Sierra, Hotel and Whiskey, sending you 4
2024-10-14 21:31:28.117941 Victor: Romeo, sending you 4
2024-10-14 21:31:28.118458 Golf: Juliett, sending you 6
2024-10-14 21:31:28.118968 Oscar: Hotel and Whiskey, sending you 3
2024-10-14 21:31:28.120331 Kilo: Oscar, sending you 3
2024-10-14 21:31:28.121210 Romeo: Juliett and Golf, sending you 6
2024-10-14 21:31:28.121909 Whiskey: Kilo, sending you 5
2024-10-14 21:31:28.123204 Juliett: Golf, sending you 7
2024-10-14 21:31:28.123899 Victor: Juliett and Golf, sending you 5
2024-10-14 21:31:28.124572 Hotel: Uniform and Whiskey, sending you 4
2024-10-14 21:31:28.126479 Uniform: Oscar, sending you 2
2024-10-14 21:31:28.127863 Kilo: Uniform, sending you 5
2024-10-14 21:31:28.128833 Whiskey: Sierra, Hotel, Oscar and Uniform, sending you 3
2024-10-14 21:31:28.131703 Kilo: Whiskey, sending you 6
chatterbot Hotel submitting transactions
chatterbot Oscar submitting transactions
chatterbot Kilo submitting transactions
chatterbot Romeo submitting transactions
chatterbot Sierra submitting transactions
chatterbot Uniform submitting transactions
chatterbot Victor submitting transactions
chatterbot Golf submitting transactions
chatterbot Whiskey submitting transactions
chatterbot Juliett submitting transactions
ChatterBot Kilo round 8
ChatterBot Sierra round 8
ChatterBot Hotel round 8
ChatterBot Oscar round 8
ChatterBot Uniform round 8
ChatterBot Romeo round 8
ChatterBot Whiskey round 8
ChatterBot Victor round 8
ChatterBot Juliett round 8
ChatterBot Golf round 8
2024-10-14 21:31:29.314687 Kilo: Sierra and Hotel, sending you 2
2024-10-14 21:31:29.318982 Kilo: Oscar, sending you 3
2024-10-14 21:31:29.321726 Oscar: Kilo and Uniform, sending you 2
2024-10-14 21:31:29.324570 Romeo: Victor, sending you 5
2024-10-14 21:31:29.326670 Kilo: Uniform, sending you 4
2024-10-14 21:31:29.328397 Oscar: Sierra, sending you 6
2024-10-14 21:31:29.330285 Romeo: Juliett and Golf, sending you 6
2024-10-14 21:31:29.331048 Juliett: Romeo and Victor, sending you 6
2024-10-14 21:31:29.331788 Whiskey: Kilo, sending you 4
2024-10-14 21:31:29.334184 Kilo: Whiskey, sending you 6
2024-10-14 21:31:29.336773 Hotel: Kilo, sending you 2
2024-10-14 21:31:29.339423 Uniform: Kilo, Sierra, Hotel and Whiskey, sending you 4
2024-10-14 21:31:29.341486 Oscar: Hotel and Whiskey, sending you 3
2024-10-14 21:31:29.343420 Victor: Sending you each 6
2024-10-14 21:31:29.345037 Juliett: Golf, sending you 7
2024-10-14 21:31:29.346229 Whiskey: Sierra, Hotel, Oscar and Uniform, sending you 3
2024-10-14 21:31:29.348645 Hotel: Sierra, Uniform and Whiskey, sending you 4
2024-10-14 21:31:29.351012 Uniform: Oscar, sending you 2
2024-10-14 21:31:29.353409 Golf: Romeo and Victor, sending you 5
2024-10-14 21:31:29.354295 Hotel: Oscar, sending you 3
2024-10-14 21:31:29.359228 Golf: Juliett, sending you 6
chatterbot Uniform submitting transactions
chatterbot Juliett submitting transactions
chatterbot Golf submitting transactions
chatterbot Romeo submitting transactions
chatterbot Sierra submitting transactions
chatterbot Whiskey submitting transactions
chatterbot Victor submitting transactions
chatterbot Hotel submitting transactions
chatterbot Oscar submitting transactions
chatterbot Kilo submitting transactions
ChatterBot Kilo round 9
ChatterBot Sierra round 9
ChatterBot Hotel round 9
ChatterBot Oscar round 9
ChatterBot Uniform round 9
ChatterBot Romeo round 9
ChatterBot Whiskey round 9
ChatterBot Victor round 9
ChatterBot Juliett round 9
ChatterBot Golf round 9
2024-10-14 21:31:30.493689 Hotel: Kilo, sending you 1
2024-10-14 21:31:30.496650 Oscar: Kilo and Uniform, sending you 2
2024-10-14 21:31:30.498702 Hotel: Sierra, sending you 5
2024-10-14 21:31:30.500081 Uniform: Kilo, Sierra, Hotel and Whiskey, sending you 4
2024-10-14 21:31:30.501908 Victor: Same as last round
2024-10-14 21:31:30.502643 Victor: I was attacked by Hotel and Whiskey
ChatterBot Golf reevaluating
ChatterBot Juliett reevaluating
ChatterBot Romeo reevaluating
2024-10-14 21:31:30.516488 Victor: Ow
2024-10-14 21:31:30.518859 Oscar: Sierra, sending you 6
2024-10-14 21:31:30.521040 Hotel: Oscar, Uniform and Whiskey, sending you 4
2024-10-14 21:31:30.523034 Kilo: Sierra, sending you 2
2024-10-14 21:31:30.524505 Uniform: Oscar, sending you 2
2024-10-14 21:31:30.526608 Oscar: Hotel and Whiskey, sending you 3
2024-10-14 21:31:30.528875 Whiskey: Kilo, sending you 4
2024-10-14 21:31:30.531018 Kilo: Hotel, sending you 1
2024-10-14 21:31:30.533676 Whiskey: Sierra, Hotel, Oscar and Uniform, sending you 3
2024-10-14 21:31:30.536681 Kilo: Oscar, sending you 3
2024-10-14 21:31:30.543679 Kilo: Uniform, sending you 5
2024-10-14 21:31:30.546673 Juliett: Romeo and Golf, sending you 4
2024-10-14 21:31:30.548657 Kilo: Whiskey, sending you 6
2024-10-14 21:31:30.550744 Romeo: Victor, sending you 5
2024-10-14 21:31:30.551651 Golf: Romeo and Victor, sending you 5
2024-10-14 21:31:30.552333 Juliett: Victor, sending you 3
2024-10-14 21:31:30.554675 Romeo: Juliett and Golf, sending you 6
2024-10-14 21:31:30.555260 Golf: Juliett, sending you 6
chatterbot Kilo submitting transactions
chatterbot Whiskey submitting transactions
chatterbot Sierra submitting transactions
chatterbot Oscar submitting transactions
chatterbot Romeo submitting transactions
chatterbot Victor submitting transactions
chatterbot Hotel submitting transactions
chatterbot Uniform submitting transactions
chatterbot Juliett submitting transactions
chatterbot Golf submitting transactions
ChatterBot Kilo round 10
ChatterBot Sierra round 10
ChatterBot Hotel round 10
ChatterBot Oscar round 10
ChatterBot Uniform round 10
ChatterBot Romeo round 10
ChatterBot Whiskey round 10
ChatterBot Victor round 10
ChatterBot Juliett round 10
ChatterBot Golf round 10
2024-10-14 21:31:31.747687 Victor: Romeo, sending you 4
2024-10-14 21:31:31.750398 Whiskey: Sending you each 3
2024-10-14 21:31:31.751696 Victor: Juliett and Golf, sending you 5
2024-10-14 21:31:31.752297 Victor: I was attacked by Whiskey
ChatterBot Golf reevaluating
ChatterBot Juliett reevaluating
ChatterBot Romeo reevaluating
2024-10-14 21:31:31.764070 Victor: Ow
2024-10-14 21:31:31.765350 Kilo: Uniform, sending you 1
2024-10-14 21:31:31.769740 Oscar: Kilo, Hotel and Whiskey, sending you 1
2024-10-14 21:31:31.772274 Kilo: Whiskey, sending you 2
2024-10-14 21:31:31.774034 Hotel: Kilo, sending you 1
2024-10-14 21:31:31.775711 Uniform: Kilo and Sierra, sending you 4
2024-10-14 21:31:31.778237 Oscar: Sierra, sending you 2
2024-10-14 21:31:31.779937 Oscar: I was attacked by Juliett
ChatterBot Hotel reevaluating
ChatterBot Sierra reevaluating
ChatterBot Uniform reevaluating
ChatterBot Whiskey reevaluating
ChatterBot Kilo reevaluating
2024-10-14 21:31:31.808195 Oscar: Ow
2024-10-14 21:31:31.809712 Romeo: Victor, sending you 5
2024-10-14 21:31:31.813657 Romeo: Juliett and Golf, sending you 6
2024-10-14 21:31:31.815296 Golf: Romeo, sending you 6
2024-10-14 21:31:31.816025 Juliett: Romeo and Victor, sending you 6
2024-10-14 21:31:31.819701 Juliett: Golf, sending you 7
2024-10-14 21:31:31.821329 Golf: Victor and Juliett, sending you 5
2024-10-14 21:31:31.840701 Uniform: Kilo, Sierra, Hotel and Whiskey, sending you 4
2024-10-14 21:31:31.847696 Uniform: Oscar, sending you 2
chatterbot Victor submitting transactions
chatterbot Golf submitting transactions
chatterbot Kilo submitting transactions
chatterbot Juliett submitting transactions
chatterbot Whiskey submitting transactions
chatterbot Oscar submitting transactions
chatterbot Sierra submitting transactions
chatterbot Uniform submitting transactions
chatterbot Romeo submitting transactions
chatterbot Hotel submitting transactions
ChatterBot Kilo round 11
ChatterBot Sierra round 11
ChatterBot Hotel round 11
ChatterBot Oscar round 11
ChatterBot Uniform round 11
ChatterBot Romeo round 11
ChatterBot Whiskey round 11
ChatterBot Victor round 11
ChatterBot Juliett round 11
ChatterBot Golf round 11
2024-10-14 21:31:33.035194 Victor: We should add Oscar
2024-10-14 21:31:33.045693 Golf: No
2024-10-14 21:31:33.046544 Juliett: No
2024-10-14 21:31:33.046971 Romeo: No
ChatterBot Victor reevaluating
ChatterBot Victor reevaluating
ChatterBot Victor reevaluating
2024-10-14 21:31:33.085781 Victor: We should add Uniform
2024-10-14 21:31:33.103323 Golf: No
2024-10-14 21:31:33.103632 Juliett: No
2024-10-14 21:31:33.103865 Romeo: No
ChatterBot Victor reevaluating
ChatterBot Victor reevaluating
ChatterBot Victor reevaluating
2024-10-14 21:31:33.145989 Uniform: Kilo, Hotel and Whiskey, sending you 3
2024-10-14 21:31:33.149900 Uniform: Sierra, sending you 4
2024-10-14 21:31:33.150608 Whiskey: Kilo and Sierra, sending you 4
2024-10-14 21:31:33.151247 Romeo: Victor, sending you 5
2024-10-14 21:31:33.151740 Kilo: Sierra, Hotel and Oscar, sending you 2
2024-10-14 21:31:33.152887 Oscar: Kilo and Uniform, sending you 1
2024-10-14 21:31:33.155267 Uniform: Oscar, sending you 2
2024-10-14 21:31:33.156865 Romeo: Juliett and Golf, sending you 6
2024-10-14 21:31:33.157483 Whiskey: Hotel, Oscar and Uniform, sending you 3
2024-10-14 21:31:33.158371 Kilo: Uniform, sending you 4
2024-10-14 21:31:33.159147 Oscar: Sierra, sending you 3
2024-10-14 21:31:33.160002 Golf: I was attacked by Kilo
ChatterBot Victor reevaluating
ChatterBot Juliett reevaluating
ChatterBot Romeo reevaluating
2024-10-14 21:31:33.173438 Golf: I'm keeping this round to protect myself
2024-10-14 21:31:33.174751 Golf: Ow
2024-10-14 21:31:33.175191 Kilo: Whiskey, sending you 5
2024-10-14 21:31:33.175993 Oscar: Hotel and Whiskey, sending you 2
2024-10-14 21:31:33.189927 Victor: Sending you each 6
2024-10-14 21:31:33.195092 Juliett: Romeo and Golf, sending you 4
2024-10-14 21:31:33.200280 Juliett: Victor, sending you 3
chatterbot Uniform submitting transactions
chatterbot Juliett submitting transactions
chatterbot Sierra submitting transactions
chatterbot Whiskey submitting transactions
chatterbot Romeo submitting transactions
chatterbot Oscar submitting transactions
chatterbot Hotel submitting transactions
chatterbot Kilo submitting transactions
chatterbot Victor submitting transactions
chatterbot Golf submitting transactions
ChatterBot Kilo round 12
ChatterBot Sierra round 12
ChatterBot Hotel round 12
ChatterBot Oscar round 12
ChatterBot Uniform round 12
ChatterBot Romeo round 12
ChatterBot Whiskey round 12
ChatterBot Victor round 12
ChatterBot Juliett round 12
ChatterBot Golf round 12
2024-10-14 21:31:34.416674 Kilo: Sierra, sending you 2
2024-10-14 21:31:34.422687 Kilo: Hotel, sending you 1
2024-10-14 21:31:34.423971 Juliett: I was attacked by Kilo, Sierra and Uniform
ChatterBot Golf reevaluating
ChatterBot Victor reevaluating
ChatterBot Romeo reevaluating
2024-10-14 21:31:34.433363 Juliett: I'm keeping this round to protect myself
2024-10-14 21:31:34.434100 Juliett: Ow
2024-10-14 21:31:34.435216 Kilo: Oscar, sending you 3
2024-10-14 21:31:34.438693 Kilo: Uniform, sending you 5
2024-10-14 21:31:34.440322 Oscar: Sierra, sending you 2
2024-10-14 21:31:34.441279 Oscar: I was attacked by Juliett
ChatterBot Hotel reevaluating
ChatterBot Sierra reevaluating
ChatterBot Uniform reevaluating
ChatterBot Whiskey reevaluating
ChatterBot Kilo reevaluating
2024-10-14 21:31:34.462153 Oscar: Ow
2024-10-14 21:31:34.465690 Victor: Romeo and Juliett, sending you 5
2024-10-14 21:31:34.470676 Victor: Golf, sending you 4
chatterbot Hotel submitting transactions
chatterbot Victor submitting transactions
chatterbot Whiskey submitting transactions
chatterbot Oscar submitting transactions
chatterbot Uniform submitting transactions
chatterbot Golf submitting transactions
chatterbot Kilo submitting transactions
chatterbot Romeo submitting transactions
chatterbot Juliett submitting transactions
chatterbot Sierra submitting transactions
ChatterBot Kilo round 13
ChatterBot Sierra round 13
ChatterBot Hotel round 13
ChatterBot Oscar round 13
ChatterBot Uniform round 13
ChatterBot Romeo round 13
ChatterBot Whiskey round 13
ChatterBot Victor round 13
ChatterBot Juliett round 13
ChatterBot Golf round 13
2024-10-14 21:31:35.773042 Kilo: Uniform, sending you 1
2024-10-14 21:31:35.779670 Kilo: Whiskey, sending you 2
2024-10-14 21:31:35.787669 Oscar: Kilo and Hotel, sending you 1
2024-10-14 21:31:35.790670 Victor: Sending you each 4
2024-10-14 21:31:35.791298 Victor: I was attacked by Hotel
ChatterBot Golf reevaluating
ChatterBot Juliett reevaluating
ChatterBot Romeo reevaluating
2024-10-14 21:31:35.804577 Victor: Ow
2024-10-14 21:31:35.806121 Oscar: Sierra, sending you 3
2024-10-14 21:31:35.811705 Oscar: Whiskey, sending you 2
2024-10-14 21:31:35.830692 Golf: Romeo, sending you 2
2024-10-14 21:31:35.835657 Golf: Victor and Juliett, sending you 1
chatterbot Victor submitting transactions
chatterbot Golf submitting transactions
chatterbot Kilo submitting transactions
chatterbot Hotel submitting transactions
chatterbot Sierra submitting transactions
chatterbot Uniform submitting transactions
chatterbot Juliett submitting transactions
chatterbot Romeo submitting transactions
chatterbot Oscar submitting transactions
chatterbot Whiskey submitting transactions
ChatterBot Kilo round 14
ChatterBot Sierra round 14
ChatterBot Hotel round 14
ChatterBot Oscar round 14
ChatterBot Uniform round 14
ChatterBot Romeo round 14
ChatterBot Whiskey round 14
ChatterBot Victor round 14
2024-10-14 21:31:36.989942 Kilo: We should add Golf
ChatterBot Hotel reevaluating
ChatterBot Sierra reevaluating
ChatterBot Uniform reevaluating
ChatterBot Whiskey reevaluating
2024-10-14 21:31:37.008405 Oscar: No
2024-10-14 21:31:37.008577 Hotel: No
2024-10-14 21:31:37.008735 Sierra: Yes
2024-10-14 21:31:37.009290 Uniform: No
2024-10-14 21:31:37.009433 Whiskey: No
ChatterBot Hotel reevaluating
ChatterBot Sierra reevaluating
ChatterBot Uniform reevaluating
ChatterBot Whiskey reevaluating
ChatterBot Sierra reevaluating
ChatterBot Uniform reevaluating
ChatterBot Whiskey reevaluating
ChatterBot Hotel reevaluating
ChatterBot Uniform reevaluating
