ChatterBot Oscar round 1
ChatterBot Golf round 1
ChatterBot Bravo round 1
ChatterBot Hotel round 1
ChatterBot Zulu round 1
ChatterBot X-ray round 1
ChatterBot Charlie round 1
ChatterBot Echo round 1
ChatterBot Uniform round 1
ChatterBot Papa round 1
randomSelections Oscar: {Oscar, Echo, Hotel, Charlie, Golf, Uniform} 
2024-10-14 21:31:18.999549 Oscar: Let's form a team
ChatterBot Echo reevaluating
ChatterBot Hotel reevaluating
ChatterBot Charlie reevaluating
ChatterBot Golf reevaluating
ChatterBot Uniform reevaluating
2024-10-14 21:31:19.010182 Echo: Yes
2024-10-14 21:31:19.010293 Hotel: Yes
2024-10-14 21:31:19.010418 Charlie: Yes
2024-10-14 21:31:19.011321 Golf: Yes
2024-10-14 21:31:19.011409 Uniform: Yes
ChatterBot Hotel reevaluating
ChatterBot Charlie reevaluating
ChatterBot Golf reevaluating
ChatterBot Uniform reevaluating
ChatterBot Echo reevaluating
ChatterBot Charlie reevaluating
ChatterBot Golf reevaluating
ChatterBot Uniform reevaluating
ChatterBot Echo reevaluating
ChatterBot Hotel reevaluating
ChatterBot Golf reevaluating
ChatterBot Uniform reevaluating
ChatterBot Echo reevaluating
ChatterBot Hotel reevaluating
ChatterBot Charlie reevaluating
ChatterBot Uniform reevaluating
ChatterBot Echo reevaluating
ChatterBot Hotel reevaluating
ChatterBot Charlie reevaluating
ChatterBot Golf reevaluating
randomSelections Bravo: {Bravo, Charlie, Uniform, Zulu, Echo, X-ray} 
2024-10-14 21:31:19.057523 Bravo: Group up?
ChatterBot Charlie reevaluating
ChatterBot Uniform reevaluating
ChatterBot Zulu reevaluating
ChatterBot Echo reevaluating
ChatterBot X-ray reevaluating
2024-10-14 21:31:19.070521 Charlie: No
2024-10-14 21:31:19.070690 Uniform: No
2024-10-14 21:31:19.070881 Zulu: Yes
2024-10-14 21:31:19.071008 Echo: No
2024-10-14 21:31:19.071224 X-ray: Yes
ChatterBot Uniform reevaluating
ChatterBot Zulu reevaluating
ChatterBot Echo reevaluating
ChatterBot X-ray reevaluating
ChatterBot Charlie reevaluating
ChatterBot Zulu reevaluating
ChatterBot Echo reevaluating
ChatterBot X-ray reevaluating
ChatterBot Charlie reevaluating
ChatterBot Uniform reevaluating
ChatterBot Echo reevaluating
ChatterBot X-ray reevaluating
ChatterBot Charlie reevaluating
ChatterBot Uniform reevaluating
ChatterBot Zulu reevaluating
ChatterBot X-ray reevaluating
ChatterBot Charlie reevaluating
ChatterBot Uniform reevaluating
ChatterBot Zulu reevaluating
ChatterBot Echo reevaluating
randomSelections Papa: {Papa, Uniform, Charlie, Oscar, Zulu, X-ray} 
2024-10-14 21:31:19.119965 Papa: We would work well together
ChatterBot Uniform reevaluating
ChatterBot Charlie reevaluating
ChatterBot Zulu reevaluating
ChatterBot X-ray reevaluating
2024-10-14 21:31:19.126762 Uniform: No
2024-10-14 21:31:19.126897 Charlie: No
2024-10-14 21:31:19.126994 Oscar: No
2024-10-14 21:31:19.127104 Zulu: No
2024-10-14 21:31:19.127192 X-ray: No
ChatterBot Charlie reevaluating
ChatterBot Zulu reevaluating
ChatterBot X-ray reevaluating
ChatterBot Uniform reevaluating
ChatterBot Zulu reevaluating
ChatterBot X-ray reevaluating
ChatterBot Uniform reevaluating
ChatterBot Charlie reevaluating
ChatterBot Zulu reevaluating
ChatterBot X-ray reevaluating
ChatterBot Uniform reevaluating
ChatterBot Charlie reevaluating
ChatterBot X-ray reevaluating
ChatterBot Uniform reevaluating
ChatterBot Charlie reevaluating
ChatterBot Zulu reevaluating
2024-10-14 21:31:19.178662 Oscar: Golf, sending you 3
2024-10-14 21:31:19.181664 Oscar: Hotel, sending you 2
2024-10-14 21:31:19.184654 Charlie: Oscar and Hotel, sending you 4
2024-10-14 21:31:19.185656 Bravo: Zulu, sending you 7
2024-10-14 21:31:19.185910 Golf: Oscar, sending you 5
2024-10-14 21:31:19.186692 Oscar: Charlie, sending you 4
2024-10-14 21:31:19.188700 Hotel: Oscar and Charlie, sending you 5
2024-10-14 21:31:19.188993 Papa: Oscar, Zulu and Uniform, sending you 2
2024-10-14 21:31:19.189306 Charlie: Golf, sending you 5
2024-10-14 21:31:19.189693 Bravo: X-ray and Charlie, sending you 2
2024-10-14 21:31:19.189991 Oscar: Echo and Uniform, sending you 5
2024-10-14 21:31:19.190651 Golf: Hotel, sending you 3
2024-10-14 21:31:19.190919 Echo: Oscar, sending you 5
2024-10-14 21:31:19.191676 Zulu: Bravo, sending you 3
2024-10-14 21:31:19.192688 Uniform: Oscar and Golf, sending you 4
2024-10-14 21:31:19.192921 Papa: X-ray and Charlie, sending you 1
2024-10-14 21:31:19.193116 Charlie: Echo, sending you 1
2024-10-14 21:31:19.193299 Bravo: Uniform, sending you 5
2024-10-14 21:31:19.193682 X-ray: Bravo and Echo, sending you 4
2024-10-14 21:31:19.193984 Hotel: Golf and Echo, sending you 2
2024-10-14 21:31:19.194269 Echo: Golf and Uniform, sending you 3
2024-10-14 21:31:19.194736 Golf: Charlie and Echo, sending you 2
2024-10-14 21:31:19.195113 Zulu: X-ray and Charlie, sending you 2
2024-10-14 21:31:19.195970 Uniform: Hotel and Echo, sending you 3
2024-10-14 21:31:19.196683 Charlie: Uniform, sending you 2
2024-10-14 21:31:19.197698 Hotel: Uniform, sending you 3
2024-10-14 21:31:19.198007 Golf: Uniform, sending you 4
2024-10-14 21:31:19.198257 Zulu: Echo and Uniform, sending you 5
2024-10-14 21:31:19.198711 X-ray: Zulu and Uniform, sending you 3
2024-10-14 21:31:19.199022 Echo: Hotel, sending you 2
2024-10-14 21:31:19.199329 Uniform: Charlie, sending you 2
2024-10-14 21:31:19.201655 Echo: Charlie, sending you 4
2024-10-14 21:31:19.202697 X-ray: Charlie, sending you 2
chatterbot Zulu submitting transactions
chatterbot Uniform submitting transactions
chatterbot Bravo submitting transactions
chatterbot Echo submitting transactions
chatterbot Hotel submitting transactions
chatterbot Charlie submitting transactions
chatterbot Golf submitting transactions
chatterbot Oscar submitting transactions
chatterbot X-ray submitting transactions
chatterbot Papa submitting transactions
ChatterBot Oscar round 2
ChatterBot Golf round 2
ChatterBot Bravo round 2
ChatterBot Hotel round 2
ChatterBot Zulu round 2
ChatterBot X-ray round 2
ChatterBot Charlie round 2
ChatterBot Echo round 2
ChatterBot Uniform round 2
2024-10-14 21:31:21.547151 Bravo: Can we be friends?
ChatterBot Zulu reevaluating
ChatterBot X-ray reevaluating
2024-10-14 21:31:21.559308 Zulu: Yes
2024-10-14 21:31:21.560065 X-ray: Yes
ChatterBot Bravo reevaluating
ChatterBot X-ray reevaluating
ChatterBot Bravo reevaluating
ChatterBot Zulu reevaluating
2024-10-14 21:31:21.584509 X-ray: Friends?
ChatterBot Zulu reevaluating
ChatterBot Bravo reevaluating
ChatterBot Papa reevaluating
2024-10-14 21:31:21.618845 Zulu: Yes
2024-10-14 21:31:21.619201 Bravo: Yes
2024-10-14 21:31:21.619523 Papa: No
ChatterBot Bravo reevaluating
ChatterBot X-ray reevaluating
ChatterBot Papa reevaluating
ChatterBot Zulu reevaluating
ChatterBot X-ray reevaluating
ChatterBot Papa reevaluating
ChatterBot Zulu reevaluating
ChatterBot Bravo reevaluating
ChatterBot X-ray reevaluating
ChatterBot Papa round 2
2024-10-14 21:31:21.707339 Uniform: Can we be friends?
ChatterBot Charlie reevaluating
ChatterBot Echo reevaluating
ChatterBot Bravo reevaluating
ChatterBot Zulu reevaluating
ChatterBot X-ray reevaluating
2024-10-14 21:31:21.747426 Oscar: No
2024-10-14 21:31:21.747651 Golf: No
2024-10-14 21:31:21.747768 Hotel: No
2024-10-14 21:31:21.747877 Charlie: No
2024-10-14 21:31:21.747977 Echo: Yes
2024-10-14 21:31:21.748086 Bravo: No
2024-10-14 21:31:21.748196 Zulu: No
2024-10-14 21:31:21.748670 X-ray: No
ChatterBot Charlie reevaluating
ChatterBot Echo reevaluating
ChatterBot Bravo reevaluating
ChatterBot Zulu reevaluating
ChatterBot X-ray reevaluating
ChatterBot Charlie reevaluating
ChatterBot Echo reevaluating
ChatterBot Bravo reevaluating
ChatterBot Zulu reevaluating
ChatterBot X-ray reevaluating
ChatterBot Charlie reevaluating
ChatterBot Echo reevaluating
ChatterBot Bravo reevaluating
ChatterBot Zulu reevaluating
ChatterBot X-ray reevaluating
ChatterBot Echo reevaluating
ChatterBot Bravo reevaluating
ChatterBot Zulu reevaluating
ChatterBot X-ray reevaluating
ChatterBot Charlie reevaluating
ChatterBot Bravo reevaluating
ChatterBot Zulu reevaluating
ChatterBot X-ray reevaluating
ChatterBot Charlie reevaluating
ChatterBot Echo reevaluating
ChatterBot Zulu reevaluating
ChatterBot X-ray reevaluating
ChatterBot Charlie reevaluating
ChatterBot Echo reevaluating
ChatterBot Bravo reevaluating
ChatterBot X-ray reevaluating
ChatterBot Charlie reevaluating
ChatterBot Echo reevaluating
ChatterBot Bravo reevaluating
ChatterBot Zulu reevaluating
2024-10-14 21:31:21.981209 Bravo: We should drop Charlie and Uniform
ChatterBot Echo reevaluating
2024-10-14 21:31:21.991473 Zulu: Yes
2024-10-14 21:31:21.991670 X-ray: Yes
2024-10-14 21:31:21.991777 Echo: No
ChatterBot Echo reevaluating
ChatterBot Bravo reevaluating
ChatterBot Echo reevaluating
ChatterBot Bravo reevaluating
2024-10-14 21:31:22.379393 Golf: Oscar, Hotel, Echo and Uniform, sending you 3
2024-10-14 21:31:22.380509 Oscar: Golf, sending you 5
2024-10-14 21:31:22.381472 Zulu: Bravo, sending you 7
2024-10-14 21:31:22.381952 Charlie: Oscar, Golf, Echo and Uniform, sending you 3
2024-10-14 21:31:22.383765 Uniform: Oscar, Bravo and Zulu, sending you 3
2024-10-14 21:31:22.385431 Hotel: Oscar, sending you 3
2024-10-14 21:31:22.386034 X-ray: Bravo and Zulu, sending you 6
chatterbot Golf submitting transactions
2024-10-14 21:31:22.387496 Golf: Charlie, sending you 4
2024-10-14 21:31:22.388801 Oscar: Hotel and Echo, sending you 4
2024-10-14 21:31:22.389350 Zulu: X-ray and Papa, sending you 5
2024-10-14 21:31:22.389691 Charlie: Hotel, sending you 4
2024-10-14 21:31:22.390938 Uniform: Golf, Hotel, X-ray and Echo, sending you 2
2024-10-14 21:31:22.391441 Hotel: Golf and Uniform, sending you 4
2024-10-14 21:31:22.392675 Papa: Sending you each 6
2024-10-14 21:31:22.393133 X-ray: Papa, sending you 4
2024-10-14 21:31:22.394159 Oscar: Charlie and Uniform, sending you 3
2024-10-14 21:31:22.469074 Hotel: Charlie, sending you 5
chatterbot Zulu submitting transactions
chatterbot Charlie submitting transactions
2024-10-14 21:31:22.519123 Echo: Oscar, sending you 5
2024-10-14 21:31:22.522021 Hotel: Echo, sending you 1
2024-10-14 21:31:22.543444 Echo: Golf, Hotel, Charlie and Uniform, sending you 3
2024-10-14 21:31:22.545397 Bravo: Zulu, sending you 7
2024-10-14 21:31:22.569718 Bravo: X-ray, sending you 8
chatterbot Uniform submitting transactions
chatterbot Papa submitting transactions
chatterbot Hotel submitting transactions
chatterbot Oscar submitting transactions
chatterbot X-ray submitting transactions
chatterbot Bravo submitting transactions
chatterbot Echo submitting transactions
ChatterBot Oscar round 3
ChatterBot Golf round 3
ChatterBot Bravo round 3
ChatterBot Hotel round 3
ChatterBot Zulu round 3
ChatterBot X-ray round 3
ChatterBot Charlie round 3
ChatterBot Echo round 3
2024-10-14 21:31:23.315886 Zulu: We should add Uniform
ChatterBot Bravo reevaluating
2024-10-14 21:31:23.326590 Bravo: Yes
2024-10-14 21:31:23.326981 X-ray: No
2024-10-14 21:31:23.327461 Papa: No
ChatterBot Bravo reevaluating
ChatterBot Bravo reevaluating
ChatterBot Uniform round 3
ChatterBot Papa round 3
2024-10-14 21:31:23.380065 Zulu: Uniform we want you to join our group
ChatterBot Uniform reevaluating
2024-10-14 21:31:23.384491 Uniform: No
ChatterBot Bravo reevaluating
ChatterBot Papa reevaluating
2024-10-14 21:31:23.434633 Hotel: Oscar and Charlie, sending you 4
2024-10-14 21:31:23.440666 Bravo: Zulu, sending you 6
2024-10-14 21:31:23.440979 Golf: Oscar, sending you 4
2024-10-14 21:31:23.441333 Echo: Oscar, sending you 5
2024-10-14 21:31:23.441673 X-ray: Bravo, sending you 6
2024-10-14 21:31:23.442313 Oscar: Golf, Hotel and Uniform, sending you 4
2024-10-14 21:31:23.442632 Zulu: Bravo, sending you 5
2024-10-14 21:31:23.442904 Charlie: Oscar, Golf and Echo, sending you 3
2024-10-14 21:31:23.443682 Hotel: Golf, Echo and Uniform, sending you 3
2024-10-14 21:31:23.444101 Golf: Hotel, Charlie, Echo and Uniform, sending you 3
2024-10-14 21:31:23.444988 Echo: Golf, Hotel, Charlie and Uniform, sending you 3
2024-10-14 21:31:23.445357 Oscar: Charlie, sending you 2
2024-10-14 21:31:23.449941 Bravo: X-ray, sending you 5
2024-10-14 21:31:23.450239 X-ray: Zulu and Papa, sending you 5
2024-10-14 21:31:23.450507 Charlie: Hotel, sending you 5
2024-10-14 21:31:23.451338 Zulu: X-ray, Uniform and Papa, sending you 4
2024-10-14 21:31:23.451603 Uniform: Oscar, sending you 5
2024-10-14 21:31:23.452015 Oscar: Echo, sending you 5
2024-10-14 21:31:23.454240 Charlie: Uniform, sending you 2
2024-10-14 21:31:23.455798 Bravo: Uniform, sending you 2
2024-10-14 21:31:23.456146 Papa: Bravo, sending you 5
2024-10-14 21:31:23.457047 Uniform: Golf, Hotel, Charlie and Echo, sending you 3
2024-10-14 21:31:23.468987 Papa: Zulu and X-ray, sending you 7
2024-10-14 21:31:23.469471 Bravo: Papa, sending you 3
chatterbot Zulu submitting transactions
chatterbot Papa submitting transactions
chatterbot Hotel submitting transactions
chatterbot Bravo submitting transactions
chatterbot Echo submitting transactions
chatterbot Charlie submitting transactions
chatterbot Golf submitting transactions
chatterbot Oscar submitting transactions
chatterbot Uniform submitting transactions
chatterbot X-ray submitting transactions
ChatterBot Oscar round 4
ChatterBot Golf round 4
ChatterBot Bravo round 4
ChatterBot Hotel round 4
ChatterBot Zulu round 4
ChatterBot X-ray round 4
ChatterBot Charlie round 4
ChatterBot Echo round 4
ChatterBot Uniform round 4
ChatterBot Papa round 4
2024-10-14 21:31:24.529856 Zulu: We should drop Uniform
ChatterBot Bravo reevaluating
2024-10-14 21:31:24.537421 Bravo: Yes
2024-10-14 21:31:24.537584 X-ray: Yes
2024-10-14 21:31:24.537711 Papa: Yes
ChatterBot Bravo reevaluating
ChatterBot Bravo reevaluating
2024-10-14 21:31:24.570690 Oscar: Golf, Hotel, Echo and Uniform, sending you 4
2024-10-14 21:31:24.572674 X-ray: Bravo, sending you 6
2024-10-14 21:31:24.575726 Oscar: Charlie, sending you 3
2024-10-14 21:31:24.578123 X-ray: Zulu and Papa, sending you 5
2024-10-14 21:31:24.579856 Golf: Oscar, sending you 4
2024-10-14 21:31:24.580323 Echo: Oscar, sending you 5
2024-10-14 21:31:24.583670 Charlie: Oscar, Golf, Echo and Uniform, sending you 3
2024-10-14 21:31:24.584145 Zulu: Bravo and X-ray, sending you 6
2024-10-14 21:31:24.585084 Golf: Hotel, Charlie, Echo and Uniform, sending you 3
2024-10-14 21:31:24.585654 Echo: Golf, Hotel, Charlie and Uniform, sending you 3
2024-10-14 21:31:24.586275 Uniform: Oscar, sending you 5
2024-10-14 21:31:24.587309 Charlie: Hotel, sending you 4
2024-10-14 21:31:24.587959 Papa: Bravo, sending you 5
2024-10-14 21:31:24.588752 Hotel: Oscar, sending you 4
2024-10-14 21:31:24.589385 Zulu: Papa, sending you 5
2024-10-14 21:31:24.591671 Uniform: Golf, Hotel, Charlie and Echo, sending you 3
2024-10-14 21:31:24.593121 Papa: Zulu and X-ray, sending you 7
2024-10-14 21:31:24.593557 Hotel: Golf and Uniform, sending you 3
2024-10-14 21:31:24.601694 Hotel: Charlie, sending you 5
2024-10-14 21:31:24.607444 Hotel: Echo, sending you 2
chatterbot Hotel submitting transactions
chatterbot Papa submitting transactions
chatterbot Oscar submitting transactions
chatterbot Charlie submitting transactions
chatterbot Echo submitting transactions
chatterbot X-ray submitting transactions
chatterbot Golf submitting transactions
chatterbot Uniform submitting transactions
chatterbot Bravo submitting transactions
chatterbot Zulu submitting transactions
ChatterBot Oscar round 5
ChatterBot Golf round 5
ChatterBot Bravo round 5
ChatterBot Hotel round 5
ChatterBot Zulu round 5
ChatterBot X-ray round 5
ChatterBot Charlie round 5
ChatterBot Echo round 5
ChatterBot Uniform round 5
ChatterBot Papa round 5
2024-10-14 21:31:25.713352 Bravo: We should drop Uniform
2024-10-14 21:31:25.720204 Zulu: Yes
2024-10-14 21:31:25.720363 X-ray: Yes
2024-10-14 21:31:25.720484 Papa: Yes
ChatterBot Bravo reevaluating
ChatterBot Bravo reevaluating
ChatterBot Bravo reevaluating
2024-10-14 21:31:25.744660 Zulu: Bravo and Papa, sending you 6
2024-10-14 21:31:25.745102 Oscar: Golf, Hotel, Echo and Uniform, sending you 4
2024-10-14 21:31:25.747655 Zulu: X-ray, sending you 5
2024-10-14 21:31:25.750672 Oscar: Charlie, sending you 3
2024-10-14 21:31:25.751673 Charlie: Oscar, Golf, Echo and Uniform, sending you 3
2024-10-14 21:31:25.754667 X-ray: Bravo, sending you 6
2024-10-14 21:31:25.755891 Charlie: Hotel, sending you 4
2024-10-14 21:31:25.757695 Uniform: Oscar, sending you 5
2024-10-14 21:31:25.758980 Hotel: Oscar and Charlie, sending you 4
2024-10-14 21:31:25.759459 X-ray: Zulu and Papa, sending you 5
2024-10-14 21:31:25.760672 Papa: Bravo and X-ray, sending you 6
2024-10-14 21:31:25.760981 Uniform: Golf, Hotel, Charlie and Echo, sending you 3
2024-10-14 21:31:25.761987 Echo: Oscar, sending you 5
2024-10-14 21:31:25.762539 Hotel: Golf, Echo and Uniform, sending you 3
2024-10-14 21:31:25.763110 Golf: Oscar, sending you 4
2024-10-14 21:31:25.765655 Papa: Zulu, sending you 7
2024-10-14 21:31:25.766647 Echo: Golf, Hotel, Charlie and Uniform, sending you 3
2024-10-14 21:31:25.767125 Golf: Hotel, Charlie, Echo and Uniform, sending you 3
chatterbot Uniform submitting transactions
chatterbot Zulu submitting transactions
chatterbot Papa submitting transactions
chatterbot Echo submitting transactions
chatterbot Hotel submitting transactions
chatterbot Charlie submitting transactions
chatterbot Oscar submitting transactions
chatterbot Bravo submitting transactions
chatterbot Golf submitting transactions
chatterbot X-ray submitting transactions
ChatterBot Oscar round 6
ChatterBot Golf round 6
ChatterBot Bravo round 6
ChatterBot Hotel round 6
ChatterBot Zulu round 6
ChatterBot X-ray round 6
ChatterBot Charlie round 6
ChatterBot Echo round 6
ChatterBot Uniform round 6
ChatterBot Papa round 6
2024-10-14 21:31:26.887355 Bravo: We should drop Uniform
2024-10-14 21:31:26.896699 Zulu: Yes
2024-10-14 21:31:26.896898 X-ray: Yes
2024-10-14 21:31:26.897055 Papa: Yes
ChatterBot Bravo reevaluating
ChatterBot Bravo reevaluating
ChatterBot Bravo reevaluating
2024-10-14 21:31:26.929685 Zulu: Bravo and Papa, sending you 6
2024-10-14 21:31:26.930687 Oscar: Golf, Hotel, Echo and Uniform, sending you 4
2024-10-14 21:31:26.934690 Zulu: X-ray, sending you 5
2024-10-14 21:31:26.935663 Oscar: Charlie, sending you 3
2024-10-14 21:31:26.936696 X-ray: Bravo, sending you 6
2024-10-14 21:31:26.939663 Echo: Oscar, sending you 5
2024-10-14 21:31:26.940175 Golf: Oscar, sending you 4
2024-10-14 21:31:26.940631 X-ray: Zulu and Papa, sending you 5
2024-10-14 21:31:26.943785 Golf: Hotel, Charlie, Echo and Uniform, sending you 3
2024-10-14 21:31:26.944676 Echo: Golf, Hotel, Charlie and Uniform, sending you 3
2024-10-14 21:31:26.948091 Uniform: Oscar, sending you 5
2024-10-14 21:31:26.948741 Charlie: Oscar, Golf, Echo and Uniform, sending you 3
2024-10-14 21:31:26.949456 Hotel: Oscar and Charlie, sending you 4
2024-10-14 21:31:26.950665 Papa: Bravo and X-ray, sending you 6
2024-10-14 21:31:26.951684 Charlie: Hotel, sending you 4
2024-10-14 21:31:26.952909 Uniform: Golf, Hotel, Charlie and Echo, sending you 3
2024-10-14 21:31:26.953655 Hotel: Golf, Echo and Uniform, sending you 3
2024-10-14 21:31:26.954172 Papa: Zulu, sending you 7
chatterbot Golf submitting transactions
chatterbot Papa submitting transactions
chatterbot Uniform submitting transactions
chatterbot X-ray submitting transactions
chatterbot Charlie submitting transactions
chatterbot Echo submitting transactions
chatterbot Hotel submitting transactions
chatterbot Zulu submitting transactions
chatterbot Oscar submitting transactions
chatterbot Bravo submitting transactions
ChatterBot Oscar round 7
ChatterBot Golf round 7
ChatterBot Bravo round 7
ChatterBot Hotel round 7
ChatterBot Zulu round 7
ChatterBot X-ray round 7
ChatterBot Charlie round 7
ChatterBot Echo round 7
ChatterBot Uniform round 7
ChatterBot Papa round 7
2024-10-14 21:31:28.183538 Bravo: We should drop Uniform
2024-10-14 21:31:28.191792 Zulu: Yes
2024-10-14 21:31:28.192065 X-ray: Yes
2024-10-14 21:31:28.192336 Papa: Yes
ChatterBot Bravo reevaluating
ChatterBot Bravo reevaluating
ChatterBot Bravo reevaluating
2024-10-14 21:31:28.233671 Golf: Oscar, sending you 4
2024-10-14 21:31:28.237685 Golf: Hotel, Charlie, Echo and Uniform, sending you 3
2024-10-14 21:31:28.240016 X-ray: Bravo, sending you 6
2024-10-14 21:31:28.240374 Zulu: Bravo, sending you 5
2024-10-14 21:31:28.240731 Hotel: Oscar and Charlie, sending you 4
2024-10-14 21:31:28.241700 Papa: Bravo and X-ray, sending you 6
2024-10-14 21:31:28.242710 Oscar: Golf, Hotel, Echo and Uniform, sending you 4
2024-10-14 21:31:28.243473 Charlie: Oscar, Golf, Echo and Uniform, sending you 3
2024-10-14 21:31:28.244182 X-ray: Zulu and Papa, sending you 5
2024-10-14 21:31:28.244703 Zulu: X-ray and Papa, sending you 4
2024-10-14 21:31:28.245166 Hotel: Golf, Echo and Uniform, sending you 3
2024-10-14 21:31:28.246450 Uniform: Oscar, sending you 5
2024-10-14 21:31:28.247176 Papa: Zulu, sending you 7
2024-10-14 21:31:28.247688 Oscar: Charlie, sending you 3
2024-10-14 21:31:28.248380 Charlie: Hotel, sending you 4
2024-10-14 21:31:28.251663 Uniform: Golf, Hotel, Charlie and Echo, sending you 3
2024-10-14 21:31:28.254670 Echo: Oscar, sending you 5
2024-10-14 21:31:28.257707 Echo: Golf, Hotel, Charlie and Uniform, sending you 3
chatterbot X-ray submitting transactions
chatterbot Uniform submitting transactions
chatterbot Hotel submitting transactions
chatterbot Papa submitting transactions
chatterbot Zulu submitting transactions
chatterbot Golf submitting transactions
chatterbot Oscar submitting transactions
chatterbot Bravo submitting transactions
chatterbot Echo submitting transactions
chatterbot Charlie submitting transactions
ChatterBot Oscar round 8
ChatterBot Golf round 8
ChatterBot Bravo round 8
ChatterBot Hotel round 8
ChatterBot Zulu round 8
ChatterBot X-ray round 8
ChatterBot Charlie round 8
ChatterBot Echo round 8
ChatterBot Uniform round 8
ChatterBot Papa round 8
2024-10-14 21:31:29.416993 Bravo: We should replace Uniform with Echo
2024-10-14 21:31:29.425915 Zulu: No
2024-10-14 21:31:29.426237 X-ray: No
2024-10-14 21:31:29.426404 Papa: No
ChatterBot Bravo reevaluating
ChatterBot Bravo reevaluating
ChatterBot Bravo reevaluating
2024-10-14 21:31:29.459678 Golf: Sending you each 3
2024-10-14 21:31:29.461670 Oscar: Uniform, sending you 1
2024-10-14 21:31:29.462297 Oscar: I was attacked by Zulu
ChatterBot Echo reevaluating
ChatterBot Hotel reevaluating
ChatterBot Charlie reevaluating
ChatterBot Golf reevaluating
ChatterBot Uniform reevaluating
2024-10-14 21:31:29.476319 Oscar: Ow
2024-10-14 21:31:29.477493 Bravo: Echo we want you to join our group
ChatterBot Echo reevaluating
2024-10-14 21:31:29.481130 Echo: No
ChatterBot Bravo reevaluating
2024-10-14 21:31:29.494746 Zulu: Bravo and Papa, sending you 6
2024-10-14 21:31:29.495668 X-ray: Bravo, sending you 6
2024-10-14 21:31:29.496228 Papa: Bravo and X-ray, sending you 6
2024-10-14 21:31:29.499698 Zulu: X-ray, sending you 5
2024-10-14 21:31:29.500205 Papa: Zulu, sending you 7
2024-10-14 21:31:29.500775 X-ray: Zulu and Papa, sending you 5
2024-10-14 21:31:29.506688 Hotel: Oscar and Charlie, sending you 4
2024-10-14 21:31:29.508694 Uniform: Oscar, sending you 5
2024-10-14 21:31:29.509704 Hotel: Golf, Echo and Uniform, sending you 3
2024-10-14 21:31:29.511018 Charlie: Oscar, Golf, Echo and Uniform, sending you 3
2024-10-14 21:31:29.512690 Golf: Oscar, sending you 4
2024-10-14 21:31:29.513694 Uniform: Golf, Hotel, Charlie and Echo, sending you 3
2024-10-14 21:31:29.514668 Echo: Oscar, sending you 4
2024-10-14 21:31:29.515163 Charlie: Hotel, sending you 4
2024-10-14 21:31:29.518716 Echo: Golf, Hotel, Charlie and Uniform, sending you 3
2024-10-14 21:31:29.522656 Bravo: Zulu and X-ray, sending you 6
2024-10-14 21:31:29.525655 Bravo: Papa, sending you 4
chatterbot Bravo submitting transactions
chatterbot Papa submitting transactions
chatterbot Oscar submitting transactions
chatterbot Echo submitting transactions
chatterbot Charlie submitting transactions
chatterbot Uniform submitting transactions
chatterbot Zulu submitting transactions
chatterbot X-ray submitting transactions
chatterbot Golf submitting transactions
chatterbot Hotel submitting transactions
ChatterBot Oscar round 9
ChatterBot Golf round 9
ChatterBot Bravo round 9
ChatterBot Hotel round 9
ChatterBot Zulu round 9
ChatterBot X-ray round 9
ChatterBot Charlie round 9
ChatterBot Echo round 9
ChatterBot Uniform round 9
ChatterBot Papa round 9
2024-10-14 21:31:30.612680 Hotel: Oscar, Golf, Echo and Uniform, sending you 3
2024-10-14 21:31:30.614686 Golf: Sending you each 3
2024-10-14 21:31:30.616183 Oscar: Sending you each 2
2024-10-14 21:31:30.616996 Hotel: Charlie, sending you 5
2024-10-14 21:31:30.620683 Zulu: Bravo and Papa, sending you 6
2024-10-14 21:31:30.621701 Bravo: Zulu and X-ray, sending you 6
2024-10-14 21:31:30.622572 X-ray: Bravo, sending you 6
2024-10-14 21:31:30.623680 Papa: Bravo, sending you 3
2024-10-14 21:31:30.624107 Zulu: X-ray, sending you 5
2024-10-14 21:31:30.624450 Zulu: I was attacked by Oscar and Echo
ChatterBot Bravo reevaluating
ChatterBot X-ray reevaluating
ChatterBot Papa reevaluating
2024-10-14 21:31:30.632148 Zulu: Ow
2024-10-14 21:31:30.632885 Charlie: Sending you each 3
2024-10-14 21:31:30.636659 Uniform: Oscar, Golf, Hotel and Charlie, sending you 2
2024-10-14 21:31:30.639694 Echo: Oscar and Uniform, sending you 4
2024-10-14 21:31:30.643715 Echo: Golf, Hotel and Charlie, sending you 3
chatterbot Papa submitting transactions
chatterbot Charlie submitting transactions
chatterbot Bravo submitting transactions
chatterbot Hotel submitting transactions
chatterbot Zulu submitting transactions
chatterbot Golf submitting transactions
chatterbot Oscar submitting transactions
chatterbot Echo submitting transactions
chatterbot X-ray submitting transactions
chatterbot Uniform submitting transactions
ChatterBot Oscar round 10
ChatterBot Golf round 10
ChatterBot Bravo round 10
ChatterBot Hotel round 10
ChatterBot Zulu round 10
ChatterBot X-ray round 10
ChatterBot Charlie round 10
ChatterBot Echo round 10
ChatterBot Uniform round 10
ChatterBot Papa round 10
2024-10-14 21:31:31.847716 Golf: Oscar, sending you 4
2024-10-14 21:31:31.850203 Hotel: Oscar, Golf, Echo and Uniform, sending you 3
2024-10-14 21:31:31.852873 Golf: Hotel, Charlie, Echo and Uniform, sending you 3
2024-10-14 21:31:31.854076 X-ray: Bravo, sending you 6
2024-10-14 21:31:31.854994 Oscar: I was attacked by Papa
ChatterBot Echo reevaluating
ChatterBot Hotel reevaluating
ChatterBot Charlie reevaluating
ChatterBot Golf reevaluating
ChatterBot Uniform reevaluating
2024-10-14 21:31:31.874999 Oscar: I'm keeping this round to protect myself
2024-10-14 21:31:31.877316 Oscar: Ow
2024-10-14 21:31:31.877886 Zulu: Bravo, sending you 5
2024-10-14 21:31:31.878774 X-ray: Zulu and Papa, sending you 5
2024-10-14 21:31:31.879178 Papa: I was attacked by Uniform
ChatterBot Zulu reevaluating
ChatterBot Bravo reevaluating
ChatterBot X-ray reevaluating
2024-10-14 21:31:31.890846 Papa: I'm keeping this round to protect myself
2024-10-14 21:31:31.891737 Papa: Ow
2024-10-14 21:31:31.892445 Bravo: We should replace Echo with Hotel
ChatterBot Zulu reevaluating
ChatterBot X-ray reevaluating
ChatterBot Papa reevaluating
2024-10-14 21:31:31.902827 Zulu: No
2024-10-14 21:31:31.903001 X-ray: No
2024-10-14 21:31:31.903506 Papa: Yes
ChatterBot Bravo reevaluating
ChatterBot X-ray reevaluating
ChatterBot Papa reevaluating
ChatterBot Zulu reevaluating
ChatterBot Bravo reevaluating
ChatterBot Papa reevaluating
ChatterBot Zulu reevaluating
ChatterBot Bravo reevaluating
ChatterBot X-ray reevaluating
2024-10-14 21:31:31.963947 Echo: Oscar and Charlie, sending you 4
2024-10-14 21:31:31.965700 Charlie: Oscar, Golf, Echo and Uniform, sending you 3
2024-10-14 21:31:31.967674 Echo: Golf, Hotel and Uniform, sending you 3
2024-10-14 21:31:31.970640 Charlie: Hotel, sending you 4
chatterbot Charlie submitting transactions
chatterbot Uniform submitting transactions
chatterbot Zulu submitting transactions
chatterbot Golf submitting transactions
chatterbot Hotel submitting transactions
chatterbot Oscar submitting transactions
chatterbot Echo submitting transactions
chatterbot X-ray submitting transactions
chatterbot Bravo submitting transactions
chatterbot Papa submitting transactions
ChatterBot Oscar round 11
ChatterBot Golf round 11
ChatterBot Bravo round 11
ChatterBot Hotel round 11
ChatterBot Zulu round 11
ChatterBot X-ray round 11
ChatterBot Charlie round 11
ChatterBot Echo round 11
ChatterBot Uniform round 11
ChatterBot Papa round 11
2024-10-14 21:31:33.217579 X-ray: We should add Hotel
ChatterBot Bravo reevaluating
ChatterBot Papa reevaluating
2024-10-14 21:31:33.230784 Zulu: No
2024-10-14 21:31:33.231023 Bravo: Yes
2024-10-14 21:31:33.231227 Papa: Yes
ChatterBot Bravo reevaluating
ChatterBot X-ray reevaluating
ChatterBot Papa reevaluating
ChatterBot Zulu reevaluating
ChatterBot X-ray reevaluating
ChatterBot Papa reevaluating
ChatterBot Zulu reevaluating
ChatterBot Bravo reevaluating
ChatterBot X-ray reevaluating
2024-10-14 21:31:33.274816 Bravo: Hotel we want you to join our group
2024-10-14 21:31:33.277982 Hotel: No
ChatterBot Bravo reevaluating
ChatterBot Zulu reevaluating
ChatterBot X-ray reevaluating
2024-10-14 21:31:33.293690 Hotel: Oscar, Golf, Echo and Uniform, sending you 3
2024-10-14 21:31:33.294466 Echo: Oscar, Hotel and Uniform, sending you 3
2024-10-14 21:31:33.295173 Golf: Oscar, Hotel, Echo and Uniform, sending you 3
2024-10-14 21:31:33.296596 Zulu: Hotel we want you to join our group
2024-10-14 21:31:33.299527 Hotel: No
ChatterBot Zulu reevaluating
ChatterBot X-ray reevaluating
2024-10-14 21:31:33.311341 Charlie: Oscar, Golf, Echo and Uniform, sending you 3
2024-10-14 21:31:33.312523 Oscar: Golf, Hotel, Echo and Uniform, sending you 2
2024-10-14 21:31:33.313245 Hotel: Charlie, sending you 5
2024-10-14 21:31:33.313849 Echo: Golf and Charlie, sending you 4
2024-10-14 21:31:33.314514 Golf: Charlie, sending you 4
2024-10-14 21:31:33.315153 Charlie: Hotel, sending you 4
2024-10-14 21:31:33.316158 Oscar: Charlie, sending you 1
2024-10-14 21:31:33.318700 X-ray: Hotel we want you to join our group
2024-10-14 21:31:33.321379 Hotel: No
ChatterBot Zulu reevaluating
ChatterBot X-ray reevaluating
2024-10-14 21:31:33.352674 X-ray: Bravo, sending you 6
2024-10-14 21:31:33.355664 X-ray: Zulu and Papa, sending you 5
2024-10-14 21:31:33.362769 Zulu: Bravo, sending you 4
2024-10-14 21:31:33.367668 Zulu: Hotel, X-ray and Papa, sending you 3
chatterbot Echo submitting transactions
chatterbot Charlie submitting transactions
chatterbot Uniform submitting transactions
chatterbot Bravo submitting transactions
chatterbot Golf submitting transactions
chatterbot Zulu submitting transactions
chatterbot Hotel submitting transactions
chatterbot Papa submitting transactions
chatterbot Oscar submitting transactions
chatterbot X-ray submitting transactions
ChatterBot Oscar round 12
ChatterBot Golf round 12
ChatterBot Bravo round 12
ChatterBot Hotel round 12
ChatterBot Zulu round 12
ChatterBot X-ray round 12
ChatterBot Charlie round 12
ChatterBot Echo round 12
ChatterBot Uniform round 12
ChatterBot Papa round 12
2024-10-14 21:31:34.613177 Zulu: We should drop Hotel
ChatterBot Bravo reevaluating
2024-10-14 21:31:34.621858 Bravo: Yes
2024-10-14 21:31:34.622071 X-ray: Yes
2024-10-14 21:31:34.622223 Papa: Yes
ChatterBot Bravo reevaluating
ChatterBot Bravo reevaluating
2024-10-14 21:31:34.706688 Golf: Oscar, Hotel, Echo and Uniform, sending you 3
2024-10-14 21:31:34.707962 Oscar: Golf, Hotel, Echo and Uniform, sending you 3
2024-10-14 21:31:34.713880 Golf: Charlie, sending you 4
2024-10-14 21:31:34.716674 Oscar: Charlie, sending you 2
2024-10-14 21:31:34.717688 Echo: Oscar, Hotel and Uniform, sending you 3
2024-10-14 21:31:34.719649 X-ray: Bravo, sending you 7
2024-10-14 21:31:34.720286 Zulu: Bravo, sending you 5
2024-10-14 21:31:34.720833 Hotel: Oscar, Golf, Echo and Uniform, sending you 3
2024-10-14 21:31:34.722588 Papa: Bravo and Zulu, sending you 1
2024-10-14 21:31:34.723167 Echo: Golf and Charlie, sending you 4
2024-10-14 21:31:34.724874 X-ray: Zulu, sending you 5
2024-10-14 21:31:34.725428 Zulu: X-ray and Papa, sending you 4
2024-10-14 21:31:34.728525 Hotel: Charlie, sending you 5
2024-10-14 21:31:34.729387 Charlie: Oscar, Golf, Echo and Uniform, sending you 3
2024-10-14 21:31:34.731168 Papa: X-ray, sending you 2
2024-10-14 21:31:34.731708 X-ray: Papa, sending you 4
2024-10-14 21:31:34.735686 Charlie: Hotel, sending you 4
chatterbot Golf submitting transactions
chatterbot Uniform submitting transactions
chatterbot Papa submitting transactions
chatterbot Charlie submitting transactions
chatterbot Echo submitting transactions
chatterbot X-ray submitting transactions
chatterbot Bravo submitting transactions
chatterbot Oscar submitting transactions
chatterbot Zulu submitting transactions
chatterbot Hotel submitting transactions
ChatterBot Oscar round 13
ChatterBot Golf round 13
ChatterBot Bravo round 13
ChatterBot Hotel round 13
ChatterBot Zulu round 13
ChatterBot X-ray round 13
ChatterBot Charlie round 13
ChatterBot Echo round 13
ChatterBot Uniform round 13
ChatterBot Papa round 13
2024-10-14 21:31:35.650782 Bravo: We should drop Echo
2024-10-14 21:31:35.665222 Zulu: Yes
2024-10-14 21:31:35.665534 X-ray: Yes
2024-10-14 21:31:35.666426 Papa: Yes
ChatterBot Bravo reevaluating
ChatterBot Bravo reevaluating
ChatterBot Bravo reevaluating
ChatterBot X-ray reevaluating
2024-10-14 21:31:35.701106 X-ray: We should add Golf
ChatterBot Bravo reevaluating
2024-10-14 21:31:35.710437 Zulu: No
2024-10-14 21:31:35.711130 Bravo: Yes
2024-10-14 21:31:35.711311 Papa: No
ChatterBot Bravo reevaluating
ChatterBot X-ray reevaluating
ChatterBot X-ray reevaluating
ChatterBot Bravo reevaluating
ChatterBot X-ray reevaluating
2024-10-14 21:31:35.756683 Zulu: Bravo, sending you 5
2024-10-14 21:31:35.758671 Hotel: Oscar, sending you 4
2024-10-14 21:31:35.760877 Zulu: X-ray and Papa, sending you 4
2024-10-14 21:31:35.763667 Hotel: Golf and Echo, sending you 3
2024-10-14 21:31:35.765365 Golf: Oscar, sending you 4
2024-10-14 21:31:35.766514 Oscar: Golf, Hotel, Charlie and Uniform, sending you 3
2024-10-14 21:31:35.768973 Hotel: Charlie, sending you 5
2024-10-14 21:31:35.769903 Golf: Hotel, Charlie, Echo and Uniform, sending you 3
2024-10-14 21:31:35.771237 Charlie: Oscar, Golf, Echo and Uniform, sending you 3
2024-10-14 21:31:35.772231 Oscar: Echo, sending you 4
2024-10-14 21:31:35.773698 Echo: Oscar and Charlie, sending you 3
2024-10-14 21:31:35.775057 X-ray: Bravo, sending you 7
2024-10-14 21:31:35.775739 Hotel: Uniform, sending you 2
2024-10-14 21:31:35.777103 Charlie: Hotel, sending you 4
2024-10-14 21:31:35.778103 Echo: Golf, Hotel and Uniform, sending you 2
2024-10-14 21:31:35.779417 Echo: I was attacked by Zulu
ChatterBot Oscar reevaluating
ChatterBot Hotel reevaluating
ChatterBot Charlie reevaluating
ChatterBot Golf reevaluating
ChatterBot Uniform reevaluating
2024-10-14 21:31:35.801112 Echo: Ow
2024-10-14 21:31:35.802928 X-ray: Zulu, sending you 5
2024-10-14 21:31:35.803624 Papa: Bravo, sending you 3
2024-10-14 21:31:35.806662 X-ray: Papa, sending you 4
2024-10-14 21:31:35.808048 Papa: Zulu and X-ray, sending you 4
2024-10-14 21:31:35.834660 Oscar: Golf, Hotel and Echo, sending you 4
chatterbot X-ray submitting transactions
chatterbot Zulu submitting transactions
chatterbot Papa submitting transactions
chatterbot Echo submitting transactions
chatterbot Golf submitting transactions
chatterbot Uniform submitting transactions
chatterbot Bravo submitting transactions
chatterbot Oscar submitting transactions
chatterbot Hotel submitting transactions
chatterbot Charlie submitting transactions
ChatterBot Oscar round 14
ChatterBot Golf round 14
ChatterBot Bravo round 14
ChatterBot Hotel round 14
ChatterBot Zulu round 14
ChatterBot X-ray round 14
ChatterBot Charlie round 14
ChatterBot Echo round 14
ChatterBot Uniform round 14
ChatterBot Papa round 14
2024-10-14 21:31:36.986192 Bravo: We should drop Echo
ChatterBot Zulu reevaluating
ChatterBot Papa reevaluating
2024-10-14 21:31:36.997883 Zulu: Yes
2024-10-14 21:31:36.998815 X-ray: Yes
2024-10-14 21:31:36.998957 Papa: Yes
ChatterBot Papa reevaluating
ChatterBot Zulu reevaluating
ChatterBot Papa reevaluating
ChatterBot Zulu reevaluating
2024-10-14 21:31:37.028657 Golf: Oscar, sending you 4
2024-10-14 21:31:37.029706 Oscar: Golf, Hotel, Echo and Uniform, sending you 4
2024-10-14 21:31:37.033660 Oscar: Charlie, sending you 3
2024-10-14 21:31:37.034667 Golf: Hotel, Charlie, Echo and Uniform, sending you 3
2024-10-14 21:31:37.035674 X-ray: Bravo, sending you 6
2024-10-14 21:31:37.038670 X-ray: Zulu and Papa, sending you 5
2024-10-14 21:31:37.040669 Hotel: Oscar and Golf, sending you 2
2024-10-14 21:31:37.045690 Hotel: Charlie, sending you 3
2024-10-14 21:31:37.047667 Charlie: Oscar, Golf, Echo and Uniform, sending you 3
2024-10-14 21:31:37.048627 Papa: Bravo and Zulu, sending you 6
2024-10-14 21:31:37.049200 Echo: Sending you each 3
2024-10-14 21:31:37.049956 Hotel: Echo and Uniform, sending you 1
2024-10-14 21:31:37.051470 Hotel: I was attacked by Zulu
ChatterBot Oscar reevaluating
ChatterBot Echo reevaluating
ChatterBot Charlie reevaluating
ChatterBot Golf reevaluating
ChatterBot Uniform reevaluating
2024-10-14 21:31:37.073013 Hotel: Ow
2024-10-14 21:31:37.074473 Papa: X-ray, sending you 7
2024-10-14 21:31:37.095746 Echo: Oscar, sending you 4
chatterbot Bravo submitting transactions
chatterbot X-ray submitting transactions
chatterbot Charlie submitting transactions
chatterbot Hotel submitting transactions
chatterbot Uniform submitting transactions
chatterbot Oscar submitting transactions
chatterbot Echo submitting transactions
chatterbot Papa submitting transactions
chatterbot Golf submitting transactions
chatterbot Zulu submitting transactions
ChatterBot Oscar round 15
ChatterBot Golf round 15
ChatterBot Bravo round 15
ChatterBot Hotel round 15
ChatterBot Zulu round 15
ChatterBot X-ray round 15
ChatterBot Charlie round 15
ChatterBot Echo round 15
ChatterBot Uniform round 15
ChatterBot Papa round 15
2024-10-14 21:31:38.152374 Bravo: We should drop Echo
ChatterBot Zulu reevaluating
2024-10-14 21:31:38.160218 Zulu: Yes
2024-10-14 21:31:38.160390 X-ray: Yes
2024-10-14 21:31:38.160531 Papa: Yes
ChatterBot Zulu reevaluating
ChatterBot Zulu reevaluating
2024-10-14 21:31:38.185662 Golf: Oscar, sending you 4
2024-10-14 21:31:38.187700 Hotel: Sending you each 1
2024-10-14 21:31:38.188845 Hotel: I was attacked by Zulu
ChatterBot Oscar reevaluating
ChatterBot Echo reevaluating
ChatterBot Charlie reevaluating
ChatterBot Golf reevaluating
ChatterBot Uniform reevaluating
2024-10-14 21:31:38.202638 Hotel: Ow
2024-10-14 21:31:38.208248 Uniform: We should drop Hotel
ChatterBot Oscar reevaluating
ChatterBot Golf reevaluating
ChatterBot Charlie reevaluating
ChatterBot Echo reevaluating
2024-10-14 21:31:38.226768 Oscar: No
2024-10-14 21:31:38.226944 Golf: No
2024-10-14 21:31:38.227092 Charlie: No
2024-10-14 21:31:38.227234 Echo: No
ChatterBot Uniform reevaluating
ChatterBot Golf reevaluating
ChatterBot Charlie reevaluating
ChatterBot Echo reevaluating
ChatterBot Uniform reevaluating
ChatterBot Oscar reevaluating
ChatterBot Charlie reevaluating
ChatterBot Echo reevaluating
ChatterBot Uniform reevaluating
ChatterBot Oscar reevaluating
ChatterBot Golf reevaluating
ChatterBot Echo reevaluating
ChatterBot Uniform reevaluating
ChatterBot Oscar reevaluating
ChatterBot Golf reevaluating
ChatterBot Charlie reevaluating
2024-10-14 21:31:38.269214 Papa: Bravo, sending you 3
2024-10-14 21:31:38.269708 X-ray: Bravo, sending you 6
2024-10-14 21:31:38.272671 X-ray: Zulu and Papa, sending you 5
2024-10-14 21:31:38.273699 Zulu: Bravo, sending you 4
2024-10-14 21:31:38.274688 Papa: Zulu and X-ray, sending you 4
2024-10-14 21:31:38.276669 Zulu: X-ray and Papa, sending you 3
2024-10-14 21:31:38.289682 Charlie: Oscar, Golf, Echo and Uniform, sending you 3
2024-10-14 21:31:38.293673 Charlie: Hotel, sending you 4
2024-10-14 21:31:38.295482 Echo: Oscar, sending you 5
2024-10-14 21:31:38.298698 Echo: Golf, Hotel, Charlie and Uniform, sending you 3
