ChatterBot Zulu round 1
ChatterBot Charlie round 1
ChatterBot Tango round 1
ChatterBot Victor round 1
ChatterBot Quebec round 1
ChatterBot X-ray round 1
ChatterBot Whiskey round 1
ChatterBot Mike round 1
ChatterBot Delta round 1
ChatterBot Foxtrot round 1
randomSelections Tango: {Tango, X-ray, Foxtrot, Charlie, Victor, Zulu} 
2024-10-14 21:31:19.012093 Tango: Let's form a team
ChatterBot X-ray reevaluating
ChatterBot Foxtrot reevaluating
ChatterBot Charlie reevaluating
ChatterBot Victor reevaluating
ChatterBot Zulu reevaluating
2024-10-14 21:31:19.027869 X-ray: Yes
2024-10-14 21:31:19.028023 Foxtrot: Yes
2024-10-14 21:31:19.028166 Charlie: Yes
2024-10-14 21:31:19.028291 Victor: Yes
2024-10-14 21:31:19.028828 Zulu: Yes
ChatterBot Foxtrot reevaluating
ChatterBot Charlie reevaluating
ChatterBot Victor reevaluating
ChatterBot Zulu reevaluating
ChatterBot X-ray reevaluating
ChatterBot Charlie reevaluating
ChatterBot Victor reevaluating
ChatterBot Zulu reevaluating
ChatterBot X-ray reevaluating
ChatterBot Foxtrot reevaluating
ChatterBot Victor reevaluating
ChatterBot Zulu reevaluating
ChatterBot X-ray reevaluating
ChatterBot Foxtrot reevaluating
ChatterBot Charlie reevaluating
ChatterBot Zulu reevaluating
ChatterBot X-ray reevaluating
ChatterBot Foxtrot reevaluating
ChatterBot Charlie reevaluating
ChatterBot Victor reevaluating
randomSelections Quebec: {Quebec, Zulu, Tango, Delta, Charlie, Mike, Victor} 
2024-10-14 21:31:19.095504 Quebec: Let's form a team
ChatterBot Zulu reevaluating
ChatterBot Delta reevaluating
ChatterBot Charlie reevaluating
ChatterBot Mike reevaluating
ChatterBot Victor reevaluating
2024-10-14 21:31:19.109745 Zulu: No
2024-10-14 21:31:19.109920 Tango: No
2024-10-14 21:31:19.110055 Delta: Yes
2024-10-14 21:31:19.110202 Charlie: No
2024-10-14 21:31:19.110833 Mike: Yes
2024-10-14 21:31:19.110967 Victor: No
ChatterBot Delta reevaluating
ChatterBot Charlie reevaluating
ChatterBot Mike reevaluating
ChatterBot Victor reevaluating
ChatterBot Zulu reevaluating
ChatterBot Delta reevaluating
ChatterBot Charlie reevaluating
ChatterBot Mike reevaluating
ChatterBot Victor reevaluating
ChatterBot Zulu reevaluating
ChatterBot Charlie reevaluating
ChatterBot Mike reevaluating
ChatterBot Victor reevaluating
ChatterBot Zulu reevaluating
ChatterBot Delta reevaluating
ChatterBot Mike reevaluating
ChatterBot Victor reevaluating
ChatterBot Zulu reevaluating
ChatterBot Delta reevaluating
ChatterBot Charlie reevaluating
ChatterBot Victor reevaluating
ChatterBot Zulu reevaluating
ChatterBot Delta reevaluating
ChatterBot Charlie reevaluating
ChatterBot Mike reevaluating
randomSelections Whiskey: {Whiskey} 
2024-10-14 21:31:19.175693 Tango: Zulu, sending you 10
2024-10-14 21:31:19.175984 Delta: Zulu and Charlie, sending you 3
2024-10-14 21:31:19.178665 Foxtrot: Zulu, sending you 5
2024-10-14 21:31:19.178933 Tango: Charlie and X-ray, sending you 2
2024-10-14 21:31:19.179672 Delta: Tango, sending you 1
2024-10-14 21:31:19.180676 X-ray: Zulu, sending you 6
2024-10-14 21:31:19.181690 Victor: Zulu and Foxtrot, sending you 3
2024-10-14 21:31:19.182103 Foxtrot: Charlie, sending you 4
2024-10-14 21:31:19.182964 Zulu: Charlie and Foxtrot, sending you 2
2024-10-14 21:31:19.183690 Tango: Victor, sending you 4
2024-10-14 21:31:19.183953 Quebec: Zulu and Delta, sending you 4
2024-10-14 21:31:19.184197 Delta: Victor, sending you 4
2024-10-14 21:31:19.184691 X-ray: Charlie and Tango, sending you 4
2024-10-14 21:31:19.185053 Victor: Charlie, sending you 2
2024-10-14 21:31:19.186670 Mike: Zulu and Quebec, sending you 3
2024-10-14 21:31:19.187690 Foxtrot: Tango, sending you 6
2024-10-14 21:31:19.188073 Zulu: Tango and X-ray, sending you 3
2024-10-14 21:31:19.188879 Quebec: Charlie, sending you 6
2024-10-14 21:31:19.189266 Delta: Quebec, sending you 8
2024-10-14 21:31:19.189706 Tango: Foxtrot, sending you 1
2024-10-14 21:31:19.190157 Victor: Tango, sending you 5
2024-10-14 21:31:19.190504 X-ray: Foxtrot, sending you 2
2024-10-14 21:31:19.190869 Mike: Charlie and Tango, sending you 1
2024-10-14 21:31:19.191258 Foxtrot: Victor, sending you 3
2024-10-14 21:31:19.193679 Zulu: Victor, sending you 7
2024-10-14 21:31:19.193929 Quebec: Victor, sending you 3
2024-10-14 21:31:19.194135 Mike: Victor, sending you 4
2024-10-14 21:31:19.194725 Victor: X-ray, sending you 4
2024-10-14 21:31:19.195960 Foxtrot: X-ray, sending you 1
2024-10-14 21:31:19.196643 Mike: Delta, sending you 6
chatterbot Tango submitting transactions
chatterbot Zulu submitting transactions
chatterbot Whiskey submitting transactions
chatterbot Delta submitting transactions
chatterbot Foxtrot submitting transactions
chatterbot Quebec submitting transactions
chatterbot Charlie submitting transactions
chatterbot X-ray submitting transactions
chatterbot Victor submitting transactions
chatterbot Mike submitting transactions
ChatterBot Zulu round 2
ChatterBot Charlie round 2
ChatterBot Tango round 2
ChatterBot Victor round 2
ChatterBot Quebec round 2
ChatterBot X-ray round 2
ChatterBot Whiskey round 2
ChatterBot Mike round 2
ChatterBot Delta round 2
ChatterBot Foxtrot round 2
2024-10-14 21:31:21.331885 Delta: We should group up
ChatterBot Quebec reevaluating
ChatterBot Mike reevaluating
2024-10-14 21:31:21.340213 Quebec: Yes
2024-10-14 21:31:21.340386 Mike: Yes
ChatterBot Mike reevaluating
ChatterBot Quebec reevaluating
2024-10-14 21:31:21.357294 Mike: Group up?
ChatterBot Charlie reevaluating
ChatterBot Quebec reevaluating
2024-10-14 21:31:21.369712 Charlie: No
2024-10-14 21:31:21.370343 Quebec: No
2024-10-14 21:31:21.370442 Delta: No
ChatterBot Mike reevaluating
ChatterBot Quebec reevaluating
ChatterBot Mike reevaluating
ChatterBot Charlie reevaluating
ChatterBot Mike reevaluating
ChatterBot Charlie reevaluating
ChatterBot Quebec reevaluating
2024-10-14 21:31:21.539914 Victor: Can we be friends?
ChatterBot Zulu reevaluating
ChatterBot Tango reevaluating
ChatterBot X-ray reevaluating
ChatterBot Foxtrot reevaluating
ChatterBot Charlie reevaluating
ChatterBot Quebec reevaluating
ChatterBot Mike reevaluating
2024-10-14 21:31:21.592175 Zulu: Yes
2024-10-14 21:31:21.592562 Tango: No
2024-10-14 21:31:21.593469 X-ray: No
2024-10-14 21:31:21.593787 Foxtrot: No
2024-10-14 21:31:21.594076 Charlie: No
2024-10-14 21:31:21.594940 Quebec: No
2024-10-14 21:31:21.595164 Mike: No
2024-10-14 21:31:21.595334 Delta: No
ChatterBot Tango reevaluating
ChatterBot X-ray reevaluating
ChatterBot Foxtrot reevaluating
ChatterBot Charlie reevaluating
ChatterBot Quebec reevaluating
ChatterBot Mike reevaluating
ChatterBot Zulu reevaluating
ChatterBot X-ray reevaluating
ChatterBot Foxtrot reevaluating
ChatterBot Charlie reevaluating
ChatterBot Quebec reevaluating
ChatterBot Mike reevaluating
ChatterBot Zulu reevaluating
ChatterBot Tango reevaluating
ChatterBot Foxtrot reevaluating
ChatterBot Charlie reevaluating
ChatterBot Quebec reevaluating
ChatterBot Mike reevaluating
ChatterBot Zulu reevaluating
ChatterBot Tango reevaluating
ChatterBot X-ray reevaluating
ChatterBot Charlie reevaluating
ChatterBot Quebec reevaluating
ChatterBot Mike reevaluating
ChatterBot Zulu reevaluating
ChatterBot Tango reevaluating
ChatterBot X-ray reevaluating
ChatterBot Foxtrot reevaluating
ChatterBot Quebec reevaluating
ChatterBot Mike reevaluating
ChatterBot Zulu reevaluating
ChatterBot Tango reevaluating
ChatterBot X-ray reevaluating
ChatterBot Foxtrot reevaluating
ChatterBot Charlie reevaluating
ChatterBot Mike reevaluating
ChatterBot Zulu reevaluating
ChatterBot Tango reevaluating
ChatterBot X-ray reevaluating
ChatterBot Foxtrot reevaluating
ChatterBot Charlie reevaluating
ChatterBot Quebec reevaluating
ChatterBot Zulu reevaluating
ChatterBot Tango reevaluating
ChatterBot X-ray reevaluating
ChatterBot Foxtrot reevaluating
ChatterBot Charlie reevaluating
ChatterBot Quebec reevaluating
ChatterBot Mike reevaluating
2024-10-14 21:31:21.879990 Zulu: We should replace Charlie with Mike
ChatterBot Tango reevaluating
ChatterBot X-ray reevaluating
ChatterBot Foxtrot reevaluating
2024-10-14 21:31:21.895389 Tango: Yes
2024-10-14 21:31:21.895526 Victor: No
2024-10-14 21:31:21.895629 X-ray: No
2024-10-14 21:31:21.895728 Foxtrot: No
ChatterBot Zulu reevaluating
ChatterBot X-ray reevaluating
ChatterBot Foxtrot reevaluating
ChatterBot Zulu reevaluating
ChatterBot Tango reevaluating
ChatterBot X-ray reevaluating
ChatterBot Foxtrot reevaluating
ChatterBot Zulu reevaluating
ChatterBot Tango reevaluating
ChatterBot Foxtrot reevaluating
ChatterBot Zulu reevaluating
ChatterBot Tango reevaluating
ChatterBot X-ray reevaluating
2024-10-14 21:31:22.357861 X-ray: We should drop Charlie
ChatterBot Victor reevaluating
ChatterBot Foxtrot reevaluating
2024-10-14 21:31:22.373718 Zulu: No
2024-10-14 21:31:22.373998 Tango: Yes
2024-10-14 21:31:22.374271 Victor: Yes
2024-10-14 21:31:22.374956 Foxtrot: Yes
ChatterBot Victor reevaluating
ChatterBot Foxtrot reevaluating
ChatterBot Zulu reevaluating
ChatterBot Victor reevaluating
ChatterBot Foxtrot reevaluating
ChatterBot Zulu reevaluating
ChatterBot Foxtrot reevaluating
ChatterBot Zulu reevaluating
ChatterBot Victor reevaluating
chatterbot Delta submitting transactions
chatterbot Victor submitting transactions
2024-10-14 21:31:22.513581 Delta: Quebec, sending you 8
2024-10-14 21:31:22.514104 Mike: Charlie, sending you 7
2024-10-14 21:31:22.514977 Charlie: Zulu, Tango, X-ray and Foxtrot, sending you 2
2024-10-14 21:31:22.515728 Quebec: Mike, sending you 5
chatterbot Whiskey submitting transactions
2024-10-14 21:31:22.538205 Delta: Mike, sending you 11
2024-10-14 21:31:22.538742 Mike: Quebec and Delta, sending you 6
2024-10-14 21:31:22.539866 Charlie: Victor, sending you 1
2024-10-14 21:31:22.541384 Quebec: Delta, sending you 12
2024-10-14 21:31:22.542257 Tango: Zulu, Victor, X-ray and Foxtrot, sending you 4
2024-10-14 21:31:22.543776 X-ray: Zulu and Tango, sending you 4
chatterbot Quebec submitting transactions
2024-10-14 21:31:22.569255 Tango: Mike, sending you 3
2024-10-14 21:31:22.571076 X-ray: Victor, sending you 5
2024-10-14 21:31:22.572311 Foxtrot: Zulu and X-ray, sending you 4
2024-10-14 21:31:22.579939 X-ray: Foxtrot, sending you 3
2024-10-14 21:31:22.580336 Foxtrot: Tango and Mike, sending you 3
2024-10-14 21:31:22.604124 Foxtrot: Victor, sending you 5
chatterbot Tango submitting transactions
chatterbot X-ray submitting transactions
chatterbot Victor submitting transactions
chatterbot Foxtrot submitting transactions
chatterbot Zulu submitting transactions
chatterbot Mike submitting transactions
chatterbot Charlie submitting transactions
ChatterBot Zulu round 3
ChatterBot Charlie round 3
ChatterBot Tango round 3
ChatterBot Victor round 3
ChatterBot Quebec round 3
ChatterBot X-ray round 3
ChatterBot Whiskey round 3
ChatterBot Mike round 3
ChatterBot Delta round 3
ChatterBot Foxtrot round 3
2024-10-14 21:31:23.463310 Tango: We should replace Mike with Charlie
ChatterBot Zulu reevaluating
ChatterBot X-ray reevaluating
ChatterBot Foxtrot reevaluating
2024-10-14 21:31:23.482159 Zulu: No
2024-10-14 21:31:23.482811 Victor: No
2024-10-14 21:31:23.482956 X-ray: Yes
2024-10-14 21:31:23.483111 Foxtrot: Yes
ChatterBot Tango reevaluating
ChatterBot X-ray reevaluating
ChatterBot Foxtrot reevaluating
ChatterBot Zulu reevaluating
ChatterBot Tango reevaluating
ChatterBot X-ray reevaluating
ChatterBot Foxtrot reevaluating
ChatterBot Zulu reevaluating
ChatterBot Tango reevaluating
ChatterBot Foxtrot reevaluating
ChatterBot Zulu reevaluating
ChatterBot Tango reevaluating
ChatterBot X-ray reevaluating
2024-10-14 21:31:23.548937 X-ray: We should add Charlie
ChatterBot Zulu reevaluating
ChatterBot Tango reevaluating
ChatterBot Victor reevaluating
ChatterBot Foxtrot reevaluating
2024-10-14 21:31:23.564408 Zulu: No
2024-10-14 21:31:23.564537 Tango: Yes
2024-10-14 21:31:23.564639 Victor: Yes
2024-10-14 21:31:23.564739 Foxtrot: Yes
ChatterBot Tango reevaluating
ChatterBot Victor reevaluating
ChatterBot X-ray reevaluating
ChatterBot Foxtrot reevaluating
ChatterBot Zulu reevaluating
ChatterBot Victor reevaluating
ChatterBot X-ray reevaluating
ChatterBot Foxtrot reevaluating
ChatterBot Zulu reevaluating
ChatterBot Tango reevaluating
ChatterBot X-ray reevaluating
ChatterBot Foxtrot reevaluating
ChatterBot Zulu reevaluating
ChatterBot Tango reevaluating
ChatterBot Victor reevaluating
ChatterBot X-ray reevaluating
2024-10-14 21:31:23.688175 Foxtrot: Charlie we want you to join our group
2024-10-14 21:31:23.693609 Charlie: Yes
ChatterBot Tango reevaluating
ChatterBot Foxtrot reevaluating
ChatterBot Zulu reevaluating
2024-10-14 21:31:23.717364 X-ray: Charlie we want you to join our group
2024-10-14 21:31:23.722589 Charlie: Yes
ChatterBot Tango reevaluating
ChatterBot Foxtrot reevaluating
ChatterBot Zulu reevaluating
2024-10-14 21:31:23.744233 Victor: Charlie we want you to join our group
2024-10-14 21:31:23.748480 Charlie: Yes
ChatterBot Tango reevaluating
ChatterBot Foxtrot reevaluating
ChatterBot Zulu reevaluating
2024-10-14 21:31:23.768549 Charlie: Sending you each 2
2024-10-14 21:31:23.782635 Quebec: Mike, sending you 6
2024-10-14 21:31:23.783420 Tango: Charlie we want you to join our group
2024-10-14 21:31:23.792688 Charlie: Yes
ChatterBot Foxtrot reevaluating
ChatterBot Zulu reevaluating
2024-10-14 21:31:23.917848 Delta: Quebec, sending you 11
2024-10-14 21:31:23.919222 Mike: Zulu, Tango and Foxtrot, sending you 2
2024-10-14 21:31:23.920152 Quebec: Delta, sending you 11
2024-10-14 21:31:23.928394 Delta: Mike, sending you 8
2024-10-14 21:31:23.929311 X-ray: Zulu and Tango, sending you 4
2024-10-14 21:31:23.929932 Mike: Charlie and X-ray, sending you 1
2024-10-14 21:31:23.947199 X-ray: Charlie, sending you 2
2024-10-14 21:31:23.947721 Tango: Zulu, Victor, X-ray and Foxtrot, sending you 4
2024-10-14 21:31:23.948602 Mike: Victor and Quebec, sending you 3
2024-10-14 21:31:23.954928 X-ray: Victor and Foxtrot, sending you 3
2024-10-14 21:31:23.955789 Tango: Charlie, sending you 3
2024-10-14 21:31:23.956889 Mike: Delta, sending you 5
2024-10-14 21:31:23.958047 Zulu: Charlie, X-ray and Foxtrot, sending you 3
2024-10-14 21:31:23.974044 Zulu: Tango and Victor, sending you 4
2024-10-14 21:31:24.005760 Foxtrot: Zulu, Tango, Victor and X-ray, sending you 4
2024-10-14 21:31:24.020425 Foxtrot: Charlie, sending you 3
chatterbot Mike submitting transactions
chatterbot Victor submitting transactions
chatterbot Charlie submitting transactions
chatterbot Delta submitting transactions
chatterbot Zulu submitting transactions
chatterbot Foxtrot submitting transactions
chatterbot Tango submitting transactions
chatterbot Quebec submitting transactions
chatterbot Whiskey submitting transactions
chatterbot X-ray submitting transactions
ChatterBot Zulu round 4
ChatterBot Charlie round 4
ChatterBot Tango round 4
ChatterBot Victor round 4
ChatterBot Quebec round 4
ChatterBot X-ray round 4
ChatterBot Whiskey round 4
ChatterBot Mike round 4
ChatterBot Delta round 4
ChatterBot Foxtrot round 4
2024-10-14 21:31:24.898396 Victor: We should replace Mike with Charlie
2024-10-14 21:31:24.915943 Zulu: Yes
2024-10-14 21:31:24.916121 Tango: Yes
2024-10-14 21:31:24.916246 X-ray: Yes
2024-10-14 21:31:24.916362 Foxtrot: Yes
ChatterBot Foxtrot reevaluating
ChatterBot Foxtrot reevaluating
2024-10-14 21:31:24.962748 Foxtrot: We should add Whiskey
2024-10-14 21:31:24.977733 Tango: No
2024-10-14 21:31:24.977881 X-ray: No
2024-10-14 21:31:24.978511 Charlie: No
2024-10-14 21:31:24.978634 Victor: No
2024-10-14 21:31:24.978727 Zulu: No
ChatterBot Foxtrot reevaluating
ChatterBot Foxtrot reevaluating
ChatterBot Foxtrot reevaluating
ChatterBot Foxtrot reevaluating
ChatterBot Foxtrot reevaluating
2024-10-14 21:31:25.078474 Victor: Charlie we want you to join our group
2024-10-14 21:31:25.082565 Charlie: Yes
ChatterBot Foxtrot reevaluating
2024-10-14 21:31:25.104679 Charlie: Same as last round
2024-10-14 21:31:25.105918 Tango: Zulu, Victor, X-ray and Foxtrot, sending you 4
2024-10-14 21:31:25.106423 Zulu: Charlie, X-ray and Foxtrot, sending you 3
2024-10-14 21:31:25.109146 Tango: Charlie, sending you 3
2024-10-14 21:31:25.114474 Zulu: Tango and Victor, sending you 4
2024-10-14 21:31:25.118506 Quebec: Mike, sending you 5
2024-10-14 21:31:25.119299 X-ray: Zulu and Tango, sending you 4
2024-10-14 21:31:25.119905 Foxtrot: Zulu, Tango, Victor and X-ray, sending you 4
2024-10-14 21:31:25.121690 Delta: Quebec, sending you 11
2024-10-14 21:31:25.123049 X-ray: Charlie, sending you 2
2024-10-14 21:31:25.123673 Quebec: Delta, sending you 12
2024-10-14 21:31:25.124805 Foxtrot: Charlie, sending you 3
2024-10-14 21:31:25.125409 Mike: Quebec, sending you 8
2024-10-14 21:31:25.125678 Delta: Mike, sending you 8
2024-10-14 21:31:25.126648 X-ray: Victor and Foxtrot, sending you 3
2024-10-14 21:31:25.129693 Mike: Delta, sending you 11
chatterbot Charlie submitting transactions
chatterbot Quebec submitting transactions
chatterbot Victor submitting transactions
chatterbot Foxtrot submitting transactions
chatterbot Mike submitting transactions
chatterbot X-ray submitting transactions
chatterbot Zulu submitting transactions
chatterbot Delta submitting transactions
chatterbot Tango submitting transactions
chatterbot Whiskey submitting transactions
ChatterBot Zulu round 5
ChatterBot Charlie round 5
ChatterBot Tango round 5
ChatterBot Victor round 5
2024-10-14 21:31:26.213697 Victor: We should replace Mike with Charlie
2024-10-14 21:31:26.225766 Zulu: Yes
2024-10-14 21:31:26.225955 Tango: Yes
2024-10-14 21:31:26.226080 X-ray: Yes
2024-10-14 21:31:26.226197 Foxtrot: Yes
ChatterBot Quebec round 5
ChatterBot X-ray round 5
ChatterBot Whiskey round 5
ChatterBot Mike round 5
ChatterBot Delta round 5
ChatterBot Foxtrot round 5
2024-10-14 21:31:26.313810 Victor: Charlie we want you to join our group
2024-10-14 21:31:26.318648 Charlie: Yes
2024-10-14 21:31:26.357010 Mike: We should add Whiskey
2024-10-14 21:31:26.367291 Delta: No
2024-10-14 21:31:26.367490 Quebec: No
ChatterBot Mike reevaluating
ChatterBot Mike reevaluating
2024-10-14 21:31:26.395674 Tango: Zulu, Victor, X-ray and Foxtrot, sending you 4
2024-10-14 21:31:26.397738 Zulu: Charlie, X-ray and Foxtrot, sending you 3
2024-10-14 21:31:26.400687 Tango: Charlie, sending you 3
2024-10-14 21:31:26.402693 Zulu: Tango and Victor, sending you 4
2024-10-14 21:31:26.404146 Quebec: Mike, sending you 6
2024-10-14 21:31:26.407688 Foxtrot: Zulu, Tango, Victor and X-ray, sending you 4
2024-10-14 21:31:26.409407 Quebec: Delta, sending you 11
2024-10-14 21:31:26.409812 X-ray: Zulu, Charlie, Victor and Foxtrot, sending you 3
2024-10-14 21:31:26.410526 Charlie: Zulu, sending you 3
2024-10-14 21:31:26.412663 Foxtrot: Charlie, sending you 3
2024-10-14 21:31:26.413276 X-ray: Tango, sending you 4
2024-10-14 21:31:26.415649 Delta: Quebec, sending you 10
2024-10-14 21:31:26.416707 Charlie: Tango, Victor, X-ray and Foxtrot, sending you 2
2024-10-14 21:31:26.420792 Delta: Mike, sending you 9
2024-10-14 21:31:26.423678 Mike: Quebec, sending you 8
2024-10-14 21:31:26.428685 Mike: Delta, sending you 11
chatterbot Delta submitting transactions
chatterbot Tango submitting transactions
chatterbot Charlie submitting transactions
chatterbot X-ray submitting transactions
chatterbot Mike submitting transactions
chatterbot Zulu submitting transactions
chatterbot Foxtrot submitting transactions
chatterbot Whiskey submitting transactions
chatterbot Quebec submitting transactions
chatterbot Victor submitting transactions
ChatterBot Zulu round 6
ChatterBot Charlie round 6
ChatterBot Tango round 6
ChatterBot Victor round 6
ChatterBot Quebec round 6
ChatterBot X-ray round 6
ChatterBot Whiskey round 6
ChatterBot Mike round 6
2024-10-14 21:31:27.418994 Victor: We should replace Mike with Charlie
2024-10-14 21:31:27.429889 Zulu: Yes
2024-10-14 21:31:27.430033 Tango: Yes
2024-10-14 21:31:27.430148 X-ray: Yes
2024-10-14 21:31:27.430259 Foxtrot: Yes
ChatterBot Delta round 6
ChatterBot Foxtrot round 6
2024-10-14 21:31:27.478081 Victor: Charlie we want you to join our group
2024-10-14 21:31:27.480853 Charlie: Yes
2024-10-14 21:31:27.501739 Zulu: Charlie, X-ray and Foxtrot, sending you 3
2024-10-14 21:31:27.502681 Charlie: Zulu and Tango, sending you 3
2024-10-14 21:31:27.505665 Zulu: Tango and Victor, sending you 4
2024-10-14 21:31:27.506327 Charlie: Victor, X-ray and Foxtrot, sending you 2
2024-10-14 21:31:27.506995 Mike: Quebec, sending you 8
2024-10-14 21:31:27.508123 X-ray: Zulu, Charlie, Victor and Foxtrot, sending you 3
2024-10-14 21:31:27.513199 Mike: Delta, sending you 11
2024-10-14 21:31:27.513703 X-ray: Tango, sending you 4
2024-10-14 21:31:27.517697 Delta: Quebec, sending you 10
2024-10-14 21:31:27.519699 Quebec: Mike, sending you 6
2024-10-14 21:31:27.522138 Tango: Zulu, Victor, X-ray and Foxtrot, sending you 4
2024-10-14 21:31:27.522932 Delta: Mike, sending you 9
2024-10-14 21:31:27.524698 Quebec: Delta, sending you 11
2024-10-14 21:31:27.525717 Foxtrot: Zulu, Tango, Victor and X-ray, sending you 4
2024-10-14 21:31:27.526678 Tango: Charlie, sending you 3
2024-10-14 21:31:27.528694 Foxtrot: Charlie, sending you 3
chatterbot Whiskey submitting transactions
chatterbot Victor submitting transactions
chatterbot Tango submitting transactions
chatterbot Quebec submitting transactions
chatterbot X-ray submitting transactions
chatterbot Zulu submitting transactions
chatterbot Delta submitting transactions
chatterbot Mike submitting transactions
chatterbot Foxtrot submitting transactions
chatterbot Charlie submitting transactions
ChatterBot Zulu round 7
ChatterBot Charlie round 7
ChatterBot Tango round 7
ChatterBot Victor round 7
ChatterBot Quebec round 7
ChatterBot X-ray round 7
ChatterBot Whiskey round 7
ChatterBot Mike round 7
ChatterBot Delta round 7
ChatterBot Foxtrot round 7
2024-10-14 21:31:28.673767 Victor: We should replace Mike with Charlie
2024-10-14 21:31:28.684274 Zulu: Yes
2024-10-14 21:31:28.684945 Tango: Yes
2024-10-14 21:31:28.685077 X-ray: Yes
2024-10-14 21:31:28.685196 Foxtrot: Yes
2024-10-14 21:31:28.753457 Victor: Charlie we want you to join our group
2024-10-14 21:31:28.757393 Charlie: Yes
2024-10-14 21:31:28.775677 Tango: Zulu, Victor, X-ray and Foxtrot, sending you 4
2024-10-14 21:31:28.777085 Quebec: Mike, sending you 7
2024-10-14 21:31:28.778193 Zulu: Charlie, X-ray and Foxtrot, sending you 3
2024-10-14 21:31:28.778816 Charlie: Zulu, Tango, X-ray and Foxtrot, sending you 3
2024-10-14 21:31:28.779297 Mike: Quebec, sending you 8
2024-10-14 21:31:28.780665 Tango: Charlie, sending you 3
2024-10-14 21:31:28.781685 Quebec: Delta, sending you 10
2024-10-14 21:31:28.782664 Zulu: Tango and Victor, sending you 4
2024-10-14 21:31:28.783203 Charlie: Victor, sending you 1
2024-10-14 21:31:28.783855 Mike: Delta, sending you 11
2024-10-14 21:31:28.784655 Delta: Quebec, sending you 10
2024-10-14 21:31:28.786703 Foxtrot: Zulu, Tango, Victor and X-ray, sending you 4
2024-10-14 21:31:28.789690 Delta: Mike, sending you 9
2024-10-14 21:31:28.792875 Foxtrot: Charlie, sending you 3
2024-10-14 21:31:28.793588 X-ray: Zulu, Charlie, Victor and Foxtrot, sending you 3
2024-10-14 21:31:28.798706 X-ray: Tango, sending you 4
chatterbot Mike submitting transactions
chatterbot Charlie submitting transactions
chatterbot Delta submitting transactions
chatterbot Foxtrot submitting transactions
chatterbot Quebec submitting transactions
chatterbot Zulu submitting transactions
chatterbot X-ray submitting transactions
chatterbot Tango submitting transactions
chatterbot Whiskey submitting transactions
chatterbot Victor submitting transactions
ChatterBot Zulu round 8
ChatterBot Charlie round 8
ChatterBot Tango round 8
ChatterBot Victor round 8
ChatterBot Quebec round 8
ChatterBot X-ray round 8
ChatterBot Whiskey round 8
ChatterBot Mike round 8
ChatterBot Delta round 8
ChatterBot Foxtrot round 8
2024-10-14 21:31:29.949253 Victor: We should replace Mike with Charlie
2024-10-14 21:31:29.960417 Zulu: Yes
2024-10-14 21:31:29.960624 Tango: Yes
2024-10-14 21:31:29.960758 X-ray: Yes
2024-10-14 21:31:29.960878 Foxtrot: Yes
2024-10-14 21:31:30.015085 Victor: Charlie we want you to join our group
2024-10-14 21:31:30.019750 Charlie: Yes
2024-10-14 21:31:30.033650 X-ray: Zulu, Charlie, Victor and Foxtrot, sending you 3
2024-10-14 21:31:30.034706 Charlie: Zulu, Tango, X-ray and Foxtrot, sending you 3
2024-10-14 21:31:30.035416 Mike: Quebec, sending you 8
2024-10-14 21:31:30.035731 Quebec: Mike, sending you 7
2024-10-14 21:31:30.036020 Tango: Zulu, Victor, X-ray and Foxtrot, sending you 4
2024-10-14 21:31:30.036540 Zulu: Charlie, X-ray and Foxtrot, sending you 3
2024-10-14 21:31:30.037687 Charlie: Victor, sending you 1
2024-10-14 21:31:30.039068 X-ray: Tango, sending you 4
2024-10-14 21:31:30.039762 Foxtrot: Zulu, Tango, Victor and X-ray, sending you 4
2024-10-14 21:31:30.040680 Mike: Delta, sending you 11
2024-10-14 21:31:30.040931 Quebec: Delta, sending you 10
2024-10-14 21:31:30.041149 Tango: Charlie, sending you 3
2024-10-14 21:31:30.041606 Zulu: Tango and Victor, sending you 4
2024-10-14 21:31:30.044270 Foxtrot: Charlie, sending you 3
2024-10-14 21:31:30.046696 Delta: Quebec, sending you 10
2024-10-14 21:31:30.051677 Delta: Mike, sending you 9
chatterbot Quebec submitting transactions
chatterbot Zulu submitting transactions
chatterbot Whiskey submitting transactions
chatterbot X-ray submitting transactions
chatterbot Mike submitting transactions
chatterbot Tango submitting transactions
chatterbot Charlie submitting transactions
chatterbot Victor submitting transactions
chatterbot Foxtrot submitting transactions
chatterbot Delta submitting transactions
ChatterBot Zulu round 9
ChatterBot Charlie round 9
ChatterBot Tango round 9
ChatterBot Victor round 9
ChatterBot Quebec round 9
ChatterBot X-ray round 9
ChatterBot Whiskey round 9
ChatterBot Mike round 9
ChatterBot Delta round 9
ChatterBot Foxtrot round 9
2024-10-14 21:31:31.202343 Victor: We should replace Mike with Charlie
2024-10-14 21:31:31.220193 Zulu: Yes
2024-10-14 21:31:31.220458 Tango: Yes
2024-10-14 21:31:31.220754 X-ray: Yes
2024-10-14 21:31:31.220990 Foxtrot: Yes
2024-10-14 21:31:31.294457 Victor: Charlie we want you to join our group
2024-10-14 21:31:31.300358 Charlie: Yes
2024-10-14 21:31:31.320674 Tango: Zulu, Victor, X-ray and Foxtrot, sending you 4
2024-10-14 21:31:31.321936 Zulu: Charlie, X-ray and Foxtrot, sending you 3
2024-10-14 21:31:31.322683 Charlie: Sending you each 2
2024-10-14 21:31:31.323842 Quebec: Mike, sending you 7
2024-10-14 21:31:31.324670 Tango: Charlie, sending you 3
2024-10-14 21:31:31.325304 Zulu: Tango and Victor, sending you 4
2024-10-14 21:31:31.327674 Quebec: Delta, sending you 10
2024-10-14 21:31:31.333699 X-ray: Zulu, Charlie, Victor and Foxtrot, sending you 3
2024-10-14 21:31:31.334950 Mike: Quebec, sending you 8
2024-10-14 21:31:31.339131 Delta: Quebec, sending you 10
2024-10-14 21:31:31.339553 Mike: Delta, sending you 11
2024-10-14 21:31:31.339954 X-ray: Tango, sending you 4
2024-10-14 21:31:31.341474 Foxtrot: Zulu, Tango, Victor and X-ray, sending you 4
2024-10-14 21:31:31.342641 Delta: Mike, sending you 9
2024-10-14 21:31:31.344659 Foxtrot: Charlie, sending you 3
chatterbot Delta submitting transactions
chatterbot Tango submitting transactions
chatterbot Quebec submitting transactions
chatterbot Zulu submitting transactions
chatterbot Whiskey submitting transactions
chatterbot Charlie submitting transactions
chatterbot Mike submitting transactions
chatterbot Foxtrot submitting transactions
chatterbot Victor submitting transactions
chatterbot X-ray submitting transactions
ChatterBot Zulu round 10
ChatterBot Charlie round 10
ChatterBot Tango round 10
ChatterBot Victor round 10
ChatterBot Quebec round 10
ChatterBot X-ray round 10
ChatterBot Whiskey round 10
ChatterBot Mike round 10
ChatterBot Delta round 10
2024-10-14 21:31:32.336555 Victor: We should replace Mike with Charlie
2024-10-14 21:31:32.347253 Zulu: Yes
2024-10-14 21:31:32.347450 Tango: Yes
2024-10-14 21:31:32.347573 X-ray: Yes
2024-10-14 21:31:32.347702 Foxtrot: Yes
ChatterBot Foxtrot round 10
2024-10-14 21:31:32.400780 Victor: Charlie we want you to join our group
2024-10-14 21:31:32.403943 Charlie: Yes
ChatterBot Foxtrot reevaluating
2024-10-14 21:31:32.417451 Foxtrot: We should add Quebec
2024-10-14 21:31:32.429350 Tango: No
2024-10-14 21:31:32.430151 X-ray: No
2024-10-14 21:31:32.430302 Charlie: No
2024-10-14 21:31:32.430412 Victor: No
2024-10-14 21:31:32.430510 Zulu: No
ChatterBot Foxtrot reevaluating
ChatterBot Foxtrot reevaluating
ChatterBot Foxtrot reevaluating
ChatterBot Foxtrot reevaluating
ChatterBot Foxtrot reevaluating
2024-10-14 21:31:32.504670 Zulu: Charlie, X-ray and Foxtrot, sending you 3
2024-10-14 21:31:32.505973 Tango: Zulu, Victor, X-ray and Foxtrot, sending you 4
2024-10-14 21:31:32.506900 Charlie: Zulu, Tango, X-ray and Foxtrot, sending you 3
2024-10-14 21:31:32.508753 Zulu: Tango and Victor, sending you 4
2024-10-14 21:31:32.511853 Tango: Charlie, sending you 3
2024-10-14 21:31:32.513161 Charlie: Victor, sending you 2
2024-10-14 21:31:32.514688 X-ray: Zulu, Charlie, Victor and Foxtrot, sending you 3
2024-10-14 21:31:32.519661 X-ray: Tango, sending you 4
2024-10-14 21:31:32.522664 Quebec: Mike, sending you 7
2024-10-14 21:31:32.523714 Foxtrot: Zulu, Tango, Victor and X-ray, sending you 4
2024-10-14 21:31:32.524916 Delta: Quebec, sending you 10
2024-10-14 21:31:32.525670 Mike: Quebec, sending you 8
2024-10-14 21:31:32.526002 Quebec: Delta, sending you 10
2024-10-14 21:31:32.527696 Foxtrot: Charlie, sending you 3
2024-10-14 21:31:32.528849 Delta: Mike, sending you 9
2024-10-14 21:31:32.529176 Delta: I was attacked by Charlie
ChatterBot Quebec reevaluating
ChatterBot Mike reevaluating
2024-10-14 21:31:32.536620 Delta: Ow
chatterbot Zulu submitting transactions
chatterbot Charlie submitting transactions
chatterbot X-ray submitting transactions
chatterbot Tango submitting transactions
chatterbot Quebec submitting transactions
chatterbot Victor submitting transactions
chatterbot Mike submitting transactions
chatterbot Whiskey submitting transactions
chatterbot Foxtrot submitting transactions
chatterbot Delta submitting transactions
ChatterBot Zulu round 11
ChatterBot Charlie round 11
ChatterBot Tango round 11
ChatterBot Victor round 11
ChatterBot Quebec round 11
ChatterBot X-ray round 11
ChatterBot Whiskey round 11
ChatterBot Mike round 11
ChatterBot Delta round 11
ChatterBot Foxtrot round 11
2024-10-14 21:31:33.682062 Victor: We should replace Mike with Charlie
ChatterBot Foxtrot reevaluating
2024-10-14 21:31:33.698295 Zulu: Yes
2024-10-14 21:31:33.698517 Tango: Yes
2024-10-14 21:31:33.698681 X-ray: Yes
2024-10-14 21:31:33.699453 Foxtrot: No
ChatterBot Foxtrot reevaluating
ChatterBot Foxtrot reevaluating
ChatterBot Foxtrot reevaluating
2024-10-14 21:31:33.773479 Foxtrot: We should add Mike
2024-10-14 21:31:33.785269 Tango: No
2024-10-14 21:31:33.785428 X-ray: No
2024-10-14 21:31:33.785578 Charlie: No
2024-10-14 21:31:33.785721 Victor: No
2024-10-14 21:31:33.785835 Zulu: No
ChatterBot Foxtrot reevaluating
ChatterBot Foxtrot reevaluating
ChatterBot Foxtrot reevaluating
ChatterBot Foxtrot reevaluating
ChatterBot Foxtrot reevaluating
2024-10-14 21:31:33.849278 Victor: Charlie we want you to join our group
2024-10-14 21:31:33.851970 Charlie: Yes
ChatterBot Foxtrot reevaluating
2024-10-14 21:31:33.864601 Foxtrot: We should add Whiskey
2024-10-14 21:31:33.876590 Tango: No
2024-10-14 21:31:33.876757 X-ray: No
2024-10-14 21:31:33.876880 Charlie: No
2024-10-14 21:31:33.876989 Victor: No
2024-10-14 21:31:33.877094 Zulu: No
ChatterBot Foxtrot reevaluating
ChatterBot Foxtrot reevaluating
ChatterBot Foxtrot reevaluating
ChatterBot Foxtrot reevaluating
2024-10-14 21:31:33.943667 Charlie: Sending you each 3
2024-10-14 21:31:33.944885 Zulu: Charlie, X-ray and Foxtrot, sending you 3
2024-10-14 21:31:33.948247 Quebec: Mike, sending you 7
2024-10-14 21:31:33.948707 Tango: Zulu, Victor, X-ray and Foxtrot, sending you 4
2024-10-14 21:31:33.949535 Zulu: Tango and Victor, sending you 4
2024-10-14 21:31:33.950217 Mike: Quebec, sending you 9
2024-10-14 21:31:33.950952 Delta: Quebec, sending you 10
2024-10-14 21:31:33.951242 X-ray: Zulu, Charlie, Victor and Foxtrot, sending you 3
2024-10-14 21:31:33.952671 Tango: Charlie, sending you 3
2024-10-14 21:31:33.953844 Quebec: Delta, sending you 10
2024-10-14 21:31:33.954148 Mike: Delta, sending you 10
2024-10-14 21:31:33.955829 Delta: Mike, sending you 9
2024-10-14 21:31:33.956681 X-ray: Tango, sending you 4
2024-10-14 21:31:33.972667 Foxtrot: Zulu, Tango, Victor and X-ray, sending you 4
2024-10-14 21:31:33.977671 Foxtrot: Charlie, sending you 3
chatterbot Zulu submitting transactions
chatterbot Whiskey submitting transactions
chatterbot Delta submitting transactions
chatterbot Foxtrot submitting transactions
chatterbot Victor submitting transactions
chatterbot Mike submitting transactions
chatterbot Charlie submitting transactions
chatterbot Tango submitting transactions
chatterbot X-ray submitting transactions
chatterbot Quebec submitting transactions
ChatterBot Zulu round 12
ChatterBot Charlie round 12
ChatterBot Tango round 12
ChatterBot Victor round 12
ChatterBot Quebec round 12
ChatterBot X-ray round 12
2024-10-14 21:31:34.846179 Victor: We should replace Mike with Charlie
2024-10-14 21:31:34.861816 Zulu: Yes
2024-10-14 21:31:34.862041 Tango: Yes
2024-10-14 21:31:34.862272 X-ray: Yes
2024-10-14 21:31:34.862477 Foxtrot: Yes
ChatterBot Whiskey round 12
ChatterBot Mike round 12
ChatterBot Delta round 12
ChatterBot Foxtrot round 12
2024-10-14 21:31:34.936621 Victor: Charlie we want you to join our group
2024-10-14 21:31:34.940334 Charlie: Yes
2024-10-14 21:31:34.969023 Quebec: Mike, sending you 7
2024-10-14 21:31:34.971668 Quebec: Delta, sending you 10
2024-10-14 21:31:34.977676 Tango: Zulu, Victor, X-ray and Foxtrot, sending you 4
2024-10-14 21:31:34.980683 Zulu: Charlie, X-ray and Foxtrot, sending you 3
2024-10-14 21:31:34.982302 Delta: Quebec, sending you 10
2024-10-14 21:31:34.982808 X-ray: Zulu, Charlie, Victor and Foxtrot, sending you 3
2024-10-14 21:31:34.983886 Mike: Quebec, sending you 9
2024-10-14 21:31:34.984242 Tango: Charlie, sending you 3
2024-10-14 21:31:34.986667 Zulu: Tango and Victor, sending you 4
2024-10-14 21:31:34.987407 Charlie: Same as last round
2024-10-14 21:31:34.988125 Mike: Delta, sending you 10
2024-10-14 21:31:34.988519 Delta: Mike, sending you 9
2024-10-14 21:31:34.988882 X-ray: Tango, sending you 4
2024-10-14 21:31:34.989673 Foxtrot: Zulu, Tango, Victor and X-ray, sending you 4
2024-10-14 21:31:34.994684 Foxtrot: Charlie, sending you 3
chatterbot Delta submitting transactions
chatterbot Charlie submitting transactions
chatterbot Zulu submitting transactions
chatterbot Mike submitting transactions
chatterbot Tango submitting transactions
chatterbot Foxtrot submitting transactions
chatterbot X-ray submitting transactions
chatterbot Victor submitting transactions
chatterbot Quebec submitting transactions
chatterbot Whiskey submitting transactions
ChatterBot Zulu round 13
ChatterBot Charlie round 13
ChatterBot Tango round 13
ChatterBot Victor round 13
ChatterBot Quebec round 13
ChatterBot X-ray round 13
ChatterBot Whiskey round 13
ChatterBot Mike round 13
2024-10-14 21:31:36.185440 Victor: We should replace Mike with Charlie
2024-10-14 21:31:36.196784 Zulu: Yes
2024-10-14 21:31:36.197005 Tango: Yes
2024-10-14 21:31:36.197136 X-ray: Yes
2024-10-14 21:31:36.197259 Foxtrot: Yes
ChatterBot Delta round 13
ChatterBot Foxtrot round 13
2024-10-14 21:31:36.250640 Victor: Charlie we want you to join our group
2024-10-14 21:31:36.253404 Charlie: Yes
2024-10-14 21:31:36.273676 X-ray: Zulu, Charlie, Victor and Foxtrot, sending you 3
2024-10-14 21:31:36.277655 X-ray: Tango, sending you 4
2024-10-14 21:31:36.279685 Zulu: Charlie, X-ray and Foxtrot, sending you 3
2024-10-14 21:31:36.280662 Tango: Zulu, Victor, X-ray and Foxtrot, sending you 4
2024-10-14 21:31:36.283652 Tango: Charlie, sending you 3
2024-10-14 21:31:36.284675 Charlie: Same as last round
2024-10-14 21:31:36.285363 Delta: Quebec, sending you 10
2024-10-14 21:31:36.285696 Zulu: Tango and Victor, sending you 4
2024-10-14 21:31:36.286274 Mike: Quebec, sending you 9
2024-10-14 21:31:36.288662 Delta: Mike, sending you 9
2024-10-14 21:31:36.289658 Quebec: Mike, sending you 7
2024-10-14 21:31:36.290680 Mike: Delta, sending you 10
2024-10-14 21:31:36.291662 Foxtrot: Zulu, Tango, Victor and X-ray, sending you 4
2024-10-14 21:31:36.293692 Quebec: Delta, sending you 10
2024-10-14 21:31:36.295707 Foxtrot: Charlie, sending you 3
chatterbot Victor submitting transactions
chatterbot Foxtrot submitting transactions
chatterbot Zulu submitting transactions
chatterbot Quebec submitting transactions
chatterbot X-ray submitting transactions
chatterbot Mike submitting transactions
chatterbot Charlie submitting transactions
chatterbot Delta submitting transactions
chatterbot Tango submitting transactions
chatterbot Whiskey submitting transactions
ChatterBot Zulu round 14
ChatterBot Charlie round 14
ChatterBot Tango round 14
ChatterBot Victor round 14
ChatterBot Quebec round 14
ChatterBot X-ray round 14
ChatterBot Whiskey round 14
ChatterBot Mike round 14
2024-10-14 21:31:37.451177 Victor: We should replace Mike with Charlie
2024-10-14 21:31:37.464365 Zulu: Yes
2024-10-14 21:31:37.464538 Tango: Yes
2024-10-14 21:31:37.464677 X-ray: Yes
2024-10-14 21:31:37.464817 Foxtrot: Yes
ChatterBot Delta round 14
ChatterBot Foxtrot round 14
2024-10-14 21:31:37.525271 Victor: Charlie we want you to join our group
2024-10-14 21:31:37.530347 Charlie: Yes
2024-10-14 21:31:37.553121 Zulu: Charlie, X-ray and Foxtrot, sending you 3
2024-10-14 21:31:37.554267 Charlie: Zulu, sending you 3
2024-10-14 21:31:37.557657 Zulu: Tango and Victor, sending you 4
2024-10-14 21:31:37.559288 Charlie: Tango, Victor, X-ray and Foxtrot, sending you 2
2024-10-14 21:31:37.563648 Mike: Quebec, sending you 9
2024-10-14 21:31:37.564168 Delta: Quebec, sending you 10
2024-10-14 21:31:37.565656 X-ray: Zulu, Charlie, Victor and Foxtrot, sending you 3
2024-10-14 21:31:37.567707 Tango: Zulu, Victor, X-ray and Foxtrot, sending you 4
2024-10-14 21:31:37.568947 Mike: Delta, sending you 10
2024-10-14 21:31:37.569330 Delta: Mike, sending you 9
2024-10-14 21:31:37.571641 Tango: Charlie, sending you 3
2024-10-14 21:31:37.572739 X-ray: Tango, sending you 4
2024-10-14 21:31:37.573669 Foxtrot: Zulu, Tango, Victor and X-ray, sending you 4
2024-10-14 21:31:37.575335 Quebec: Mike, sending you 7
2024-10-14 21:31:37.578060 Foxtrot: Charlie, sending you 3
2024-10-14 21:31:37.579659 Quebec: Delta, sending you 10
chatterbot Quebec submitting transactions
chatterbot Victor submitting transactions
chatterbot Mike submitting transactions
chatterbot Tango submitting transactions
chatterbot Zulu submitting transactions
chatterbot Foxtrot submitting transactions
chatterbot Delta submitting transactions
chatterbot Whiskey submitting transactions
chatterbot Charlie submitting transactions
chatterbot X-ray submitting transactions
ChatterBot Zulu round 15
ChatterBot Charlie round 15
ChatterBot Tango round 15
ChatterBot Victor round 15
ChatterBot Quebec round 15
ChatterBot X-ray round 15
ChatterBot Whiskey round 15
ChatterBot Mike round 15
ChatterBot Delta round 15
ChatterBot Foxtrot round 15
2024-10-14 21:31:38.725844 Victor: We should replace Mike with Charlie
2024-10-14 21:31:38.746168 Zulu: Yes
2024-10-14 21:31:38.746446 Tango: Yes
2024-10-14 21:31:38.746774 X-ray: Yes
2024-10-14 21:31:38.747431 Foxtrot: Yes
2024-10-14 21:31:38.804798 Victor: Charlie we want you to join our group
2024-10-14 21:31:38.808693 Charlie: Yes
2024-10-14 21:31:38.822097 Mike: I was attacked by Charlie
ChatterBot Delta reevaluating
ChatterBot Quebec reevaluating
2024-10-14 21:31:38.828029 Mike: I'm keeping this round to protect myself
2024-10-14 21:31:38.829256 Mike: Ow
2024-10-14 21:31:38.829848 Zulu: Charlie, X-ray and Foxtrot, sending you 3
2024-10-14 21:31:38.831602 Charlie: Sending you each 3
2024-10-14 21:31:38.832757 Tango: Zulu, Victor, X-ray and Foxtrot, sending you 4
