ChatterBot Yankee round 1
ChatterBot Tango round 1
ChatterBot Bravo round 1
ChatterBot Romeo round 1
ChatterBot Foxtrot round 1
ChatterBot Papa round 1
ChatterBot Whiskey round 1
ChatterBot Echo round 1
ChatterBot Oscar round 1
ChatterBot Delta round 1
randomSelections Tango: {Tango, Oscar, Foxtrot, Romeo, Echo, Bravo} 
2024-10-14 21:31:18.672805 Tango: Group up?
ChatterBot Oscar reevaluating
ChatterBot Foxtrot reevaluating
ChatterBot Romeo reevaluating
ChatterBot Echo reevaluating
ChatterBot Bravo reevaluating
2024-10-14 21:31:18.745063 Oscar: Yes
2024-10-14 21:31:18.745238 Foxtrot: Yes
2024-10-14 21:31:18.745440 Romeo: Yes
2024-10-14 21:31:18.745601 Echo: Yes
2024-10-14 21:31:18.745975 Bravo: Yes
ChatterBot Foxtrot reevaluating
ChatterBot Romeo reevaluating
ChatterBot Echo reevaluating
ChatterBot Bravo reevaluating
ChatterBot Oscar reevaluating
ChatterBot Romeo reevaluating
ChatterBot Echo reevaluating
ChatterBot Bravo reevaluating
ChatterBot Oscar reevaluating
ChatterBot Foxtrot reevaluating
ChatterBot Echo reevaluating
ChatterBot Bravo reevaluating
ChatterBot Oscar reevaluating
ChatterBot Foxtrot reevaluating
ChatterBot Romeo reevaluating
ChatterBot Bravo reevaluating
ChatterBot Oscar reevaluating
ChatterBot Foxtrot reevaluating
ChatterBot Romeo reevaluating
ChatterBot Echo reevaluating
randomSelections Yankee: {Yankee, Papa, Tango, Delta, Echo, Oscar, Whiskey} 
2024-10-14 21:31:18.819694 Yankee: We would work well together
ChatterBot Papa reevaluating
ChatterBot Delta reevaluating
ChatterBot Echo reevaluating
ChatterBot Oscar reevaluating
ChatterBot Whiskey reevaluating
2024-10-14 21:31:18.836387 Papa: Yes
2024-10-14 21:31:18.836611 Tango: No
2024-10-14 21:31:18.837436 Delta: Yes
2024-10-14 21:31:18.837580 Echo: No
2024-10-14 21:31:18.837991 Oscar: No
2024-10-14 21:31:18.838921 Whiskey: Yes
ChatterBot Delta reevaluating
ChatterBot Echo reevaluating
ChatterBot Oscar reevaluating
ChatterBot Whiskey reevaluating
ChatterBot Papa reevaluating
ChatterBot Delta reevaluating
ChatterBot Echo reevaluating
ChatterBot Oscar reevaluating
ChatterBot Whiskey reevaluating
ChatterBot Papa reevaluating
ChatterBot Echo reevaluating
ChatterBot Oscar reevaluating
ChatterBot Whiskey reevaluating
ChatterBot Papa reevaluating
ChatterBot Delta reevaluating
ChatterBot Oscar reevaluating
ChatterBot Whiskey reevaluating
ChatterBot Papa reevaluating
ChatterBot Delta reevaluating
ChatterBot Echo reevaluating
ChatterBot Whiskey reevaluating
ChatterBot Papa reevaluating
ChatterBot Delta reevaluating
ChatterBot Echo reevaluating
ChatterBot Oscar reevaluating
2024-10-14 21:31:18.950702 Foxtrot: Tango, sending you 2
2024-10-14 21:31:18.952244 Whiskey: Yankee, sending you 2
2024-10-14 21:31:18.953361 Romeo: Tango and Bravo, sending you 5
2024-10-14 21:31:18.955287 Echo: Bravo, sending you 1
2024-10-14 21:31:18.957060 Yankee: Papa and Whiskey, sending you 5
2024-10-14 21:31:18.959023 Oscar: Tango and Bravo, sending you 5
2024-10-14 21:31:18.960089 Bravo: Tango and Oscar, sending you 3
2024-10-14 21:31:18.961960 Papa: Tango and Whiskey, sending you 1
2024-10-14 21:31:18.964710 Foxtrot: Bravo, sending you 1
2024-10-14 21:31:18.965538 Whiskey: Tango and Echo, sending you 4
2024-10-14 21:31:18.967975 Romeo: Foxtrot, sending you 3
2024-10-14 21:31:18.968527 Echo: Romeo, sending you 4
2024-10-14 21:31:18.969106 Yankee: Echo and Oscar, sending you 2
2024-10-14 21:31:18.971314 Oscar: Romeo, Foxtrot and Echo, sending you 2
2024-10-14 21:31:18.972044 Bravo: Romeo, sending you 2
2024-10-14 21:31:18.972550 Papa: Echo, sending you 5
2024-10-14 21:31:18.973896 Foxtrot: Romeo and Oscar, sending you 3
2024-10-14 21:31:18.974522 Romeo: Echo, sending you 4
2024-10-14 21:31:18.976441 Whiskey: Papa, sending you 3
2024-10-14 21:31:18.977304 Delta: Yankee, sending you 5
2024-10-14 21:31:18.979514 Echo: Foxtrot, sending you 3
2024-10-14 21:31:18.979943 Yankee: Delta, sending you 3
2024-10-14 21:31:18.980357 Bravo: Foxtrot and Echo, sending you 4
2024-10-14 21:31:18.980786 Papa: Oscar, sending you 3
2024-10-14 21:31:18.983046 Romeo: Oscar, sending you 2
2024-10-14 21:31:18.983493 Whiskey: Oscar, sending you 5
2024-10-14 21:31:18.984023 Delta: Tango, sending you 2
2024-10-14 21:31:18.987716 Papa: Delta, sending you 2
2024-10-14 21:31:18.991813 Delta: Papa, sending you 4
2024-10-14 21:31:19.001047 Delta: Whiskey and Oscar, sending you 3
2024-10-14 21:31:19.007309 Delta: Echo, sending you 1
chatterbot Tango submitting transactions
chatterbot Oscar submitting transactions
chatterbot Delta submitting transactions
chatterbot Papa submitting transactions
chatterbot Echo submitting transactions
chatterbot Yankee submitting transactions
chatterbot Romeo submitting transactions
chatterbot Whiskey submitting transactions
chatterbot Foxtrot submitting transactions
chatterbot Bravo submitting transactions
ChatterBot Yankee round 2
ChatterBot Tango round 2
ChatterBot Bravo round 2
ChatterBot Romeo round 2
ChatterBot Foxtrot round 2
ChatterBot Papa round 2
ChatterBot Whiskey round 2
ChatterBot Echo round 2
ChatterBot Oscar round 2
ChatterBot Delta round 2
2024-10-14 21:31:20.658662 Whiskey: We would work well together
ChatterBot Yankee reevaluating
ChatterBot Papa reevaluating
ChatterBot Delta reevaluating
2024-10-14 21:31:20.668935 Yankee: Yes
2024-10-14 21:31:20.669089 Papa: Yes
2024-10-14 21:31:20.669201 Delta: Yes
ChatterBot Papa reevaluating
ChatterBot Delta reevaluating
ChatterBot Yankee reevaluating
ChatterBot Delta reevaluating
ChatterBot Yankee reevaluating
ChatterBot Papa reevaluating
2024-10-14 21:31:20.719526 Papa: We should group up
ChatterBot Yankee reevaluating
ChatterBot Delta reevaluating
2024-10-14 21:31:20.742015 Whiskey: Yes
2024-10-14 21:31:20.742228 Yankee: Yes
2024-10-14 21:31:20.742398 Delta: Yes
ChatterBot Yankee reevaluating
ChatterBot Papa reevaluating
ChatterBot Delta reevaluating
ChatterBot Papa reevaluating
ChatterBot Delta reevaluating
ChatterBot Yankee reevaluating
ChatterBot Papa reevaluating
2024-10-14 21:31:20.809155 Oscar: We would work well together
ChatterBot Foxtrot reevaluating
ChatterBot Echo reevaluating
ChatterBot Yankee reevaluating
ChatterBot Papa reevaluating
ChatterBot Delta reevaluating
2024-10-14 21:31:20.859154 Bravo: No
2024-10-14 21:31:20.859567 Romeo: No
2024-10-14 21:31:20.859759 Foxtrot: No
2024-10-14 21:31:20.860470 Echo: Yes
2024-10-14 21:31:20.860644 Yankee: No
2024-10-14 21:31:20.860798 Papa: No
2024-10-14 21:31:20.860954 Whiskey: No
2024-10-14 21:31:20.861105 Delta: No
ChatterBot Foxtrot reevaluating
ChatterBot Echo reevaluating
ChatterBot Yankee reevaluating
ChatterBot Papa reevaluating
ChatterBot Delta reevaluating
ChatterBot Foxtrot reevaluating
ChatterBot Echo reevaluating
ChatterBot Yankee reevaluating
ChatterBot Papa reevaluating
ChatterBot Delta reevaluating
ChatterBot Echo reevaluating
ChatterBot Yankee reevaluating
ChatterBot Papa reevaluating
ChatterBot Delta reevaluating
ChatterBot Romeo reevaluating
ChatterBot Foxtrot reevaluating
ChatterBot Yankee reevaluating
ChatterBot Papa reevaluating
ChatterBot Delta reevaluating
ChatterBot Romeo reevaluating
ChatterBot Foxtrot reevaluating
ChatterBot Echo reevaluating
ChatterBot Papa reevaluating
ChatterBot Delta reevaluating
ChatterBot Romeo reevaluating
ChatterBot Foxtrot reevaluating
ChatterBot Echo reevaluating
ChatterBot Yankee reevaluating
ChatterBot Delta reevaluating
ChatterBot Romeo reevaluating
ChatterBot Foxtrot reevaluating
ChatterBot Echo reevaluating
ChatterBot Yankee reevaluating
ChatterBot Papa reevaluating
ChatterBot Delta reevaluating
ChatterBot Romeo reevaluating
ChatterBot Foxtrot reevaluating
ChatterBot Echo reevaluating
ChatterBot Yankee reevaluating
ChatterBot Papa reevaluating
2024-10-14 21:31:21.170209 Delta: We should drop Tango and Oscar
2024-10-14 21:31:21.182716 Yankee: Yes
2024-10-14 21:31:21.183347 Papa: Yes
2024-10-14 21:31:21.183480 Whiskey: Yes
2024-10-14 21:31:21.183593 Echo: No
ChatterBot Papa reevaluating
ChatterBot Papa reevaluating
ChatterBot Yankee reevaluating
ChatterBot Papa reevaluating
2024-10-14 21:31:21.237309 Foxtrot: We should drop Tango
ChatterBot Bravo reevaluating
ChatterBot Romeo reevaluating
2024-10-14 21:31:21.251487 Bravo: Yes
2024-10-14 21:31:21.251703 Romeo: Yes
2024-10-14 21:31:21.251848 Echo: Yes
2024-10-14 21:31:21.251958 Oscar: Yes
ChatterBot Romeo reevaluating
ChatterBot Bravo reevaluating
ChatterBot Bravo reevaluating
ChatterBot Romeo reevaluating
ChatterBot Bravo reevaluating
ChatterBot Romeo reevaluating
2024-10-14 21:31:21.862869 Tango: Bravo, Romeo and Oscar, sending you 1
2024-10-14 21:31:21.863349 Whiskey: Yankee, sending you 8
2024-10-14 21:31:21.864492 Oscar: Yankee, Bravo, Romeo, Foxtrot, Papa and Delta, sending you 2
chatterbot Whiskey submitting transactions
chatterbot Tango submitting transactions
chatterbot Oscar submitting transactions
2024-10-14 21:31:22.345844 Whiskey: Papa, sending you 4
2024-10-14 21:31:22.346356 Oscar: Whiskey, sending you 3
2024-10-14 21:31:22.347565 Foxtrot: Bravo, Romeo and Echo, sending you 4
2024-10-14 21:31:22.348085 Echo: Yankee, Oscar and Delta, sending you 2
2024-10-14 21:31:22.349118 Delta: Yankee, sending you 9
2024-10-14 21:31:22.349438 Yankee: Papa, sending you 4
chatterbot Bravo submitting transactions
chatterbot Yankee submitting transactions
chatterbot Romeo submitting transactions
chatterbot Bravo submitting transactions
2024-10-14 21:31:22.433189 Whiskey: Delta, sending you 6
2024-10-14 21:31:22.433706 Foxtrot: Oscar, sending you 3
2024-10-14 21:31:22.434694 Oscar: Echo, sending you 1
2024-10-14 21:31:22.435444 Echo: Bravo, Romeo, Papa and Whiskey, sending you 3
2024-10-14 21:31:22.436593 Delta: Papa, sending you 7
2024-10-14 21:31:22.437018 Yankee: Whiskey, sending you 5
2024-10-14 21:31:22.437480 Papa: Yankee, sending you 5
2024-10-14 21:31:22.507319 Echo: Foxtrot, sending you 1
2024-10-14 21:31:22.509122 Yankee: Delta, sending you 8
2024-10-14 21:31:22.509952 Delta: Whiskey, sending you 2
2024-10-14 21:31:22.511010 Papa: Whiskey and Delta, sending you 4
2024-10-14 21:31:22.511738 Romeo: Bravo and Oscar, sending you 4
2024-10-14 21:31:22.512902 Bravo: Romeo and Oscar, sending you 6
2024-10-14 21:31:22.536277 Delta: Echo, sending you 1
2024-10-14 21:31:22.537234 Papa: Echo, sending you 3
2024-10-14 21:31:22.538666 Romeo: Foxtrot, sending you 5
2024-10-14 21:31:22.540967 Bravo: Foxtrot and Echo, sending you 2
2024-10-14 21:31:22.568829 Romeo: Echo, sending you 6
chatterbot Delta submitting transactions
chatterbot Echo submitting transactions
chatterbot Papa submitting transactions
chatterbot Foxtrot submitting transactions
ChatterBot Yankee round 3
ChatterBot Tango round 3
ChatterBot Bravo round 3
ChatterBot Romeo round 3
ChatterBot Foxtrot round 3
ChatterBot Papa round 3
ChatterBot Whiskey round 3
2024-10-14 21:31:22.701489 Yankee: We should add Echo
ChatterBot Whiskey reevaluating
2024-10-14 21:31:22.710403 Whiskey: Yes
2024-10-14 21:31:22.710645 Papa: Yes
2024-10-14 21:31:22.711201 Delta: Yes
ChatterBot Whiskey reevaluating
ChatterBot Whiskey reevaluating
ChatterBot Echo round 3
ChatterBot Oscar round 3
ChatterBot Delta round 3
2024-10-14 21:31:22.759455 Yankee: Echo we want you to join our group
ChatterBot Echo reevaluating
2024-10-14 21:31:22.763278 Echo: No
ChatterBot Whiskey reevaluating
2024-10-14 21:31:22.781637 Oscar: We should add Tango
ChatterBot Echo reevaluating
ChatterBot Whiskey reevaluating
2024-10-14 21:31:22.803985 Bravo: No
2024-10-14 21:31:22.804682 Romeo: No
2024-10-14 21:31:22.804847 Foxtrot: No
2024-10-14 21:31:22.804978 Echo: No
2024-10-14 21:31:22.805081 Yankee: No
2024-10-14 21:31:22.805173 Papa: No
2024-10-14 21:31:22.805275 Whiskey: No
2024-10-14 21:31:22.805389 Delta: No
ChatterBot Echo reevaluating
ChatterBot Whiskey reevaluating
ChatterBot Echo reevaluating
ChatterBot Whiskey reevaluating
ChatterBot Echo reevaluating
ChatterBot Whiskey reevaluating
ChatterBot Whiskey reevaluating
ChatterBot Echo reevaluating
ChatterBot Whiskey reevaluating
ChatterBot Echo reevaluating
ChatterBot Whiskey reevaluating
ChatterBot Oscar reevaluating
ChatterBot Echo reevaluating
ChatterBot Oscar reevaluating
ChatterBot Echo reevaluating
ChatterBot Whiskey reevaluating
2024-10-14 21:31:23.031051 Whiskey: Echo we want you to join our group
2024-10-14 21:31:23.055577 Echo: No
ChatterBot Whiskey reevaluating
2024-10-14 21:31:23.125091 Bravo: Romeo, sending you 5
2024-10-14 21:31:23.126737 Tango: Bravo, Romeo and Oscar, sending you 1
2024-10-14 21:31:23.127525 Foxtrot: Bravo, sending you 4
2024-10-14 21:31:23.128934 Romeo: Bravo, Foxtrot and Echo, sending you 5
2024-10-14 21:31:23.130271 Papa: Yankee and Whiskey, sending you 4
2024-10-14 21:31:23.131002 Yankee: Papa, sending you 4
2024-10-14 21:31:23.132237 Bravo: Foxtrot and Oscar, sending you 4
chatterbot Bravo submitting transactions
2024-10-14 21:31:23.133041 Foxtrot: Romeo, sending you 5
2024-10-14 21:31:23.133920 Oscar: Bravo, sending you 5
2024-10-14 21:31:23.134777 Echo: Bravo, Romeo and Foxtrot, sending you 5
2024-10-14 21:31:23.136351 Romeo: Oscar, sending you 4
2024-10-14 21:31:23.136761 Papa: Echo, sending you 3
2024-10-14 21:31:23.137700 Yankee: Whiskey and Delta, sending you 5
2024-10-14 21:31:23.138833 Bravo: Echo, sending you 3
2024-10-14 21:31:23.139286 Foxtrot: Echo and Oscar, sending you 3
2024-10-14 21:31:23.139804 Oscar: Romeo and Foxtrot, sending you 4
2024-10-14 21:31:23.141076 Echo: Oscar, sending you 4
2024-10-14 21:31:23.142351 Yankee: Echo, sending you 3
2024-10-14 21:31:23.143113 Papa: Delta, sending you 5
2024-10-14 21:31:23.149095 Delta: Yankee, sending you 7
2024-10-14 21:31:23.150273 Oscar: Echo, sending you 3
2024-10-14 21:31:23.164888 Delta: Papa and Whiskey, sending you 5
2024-10-14 21:31:23.177341 Delta: Echo, sending you 2
2024-10-14 21:31:23.178113 Whiskey: Yankee, sending you 6
2024-10-14 21:31:23.191174 Whiskey: Papa, Echo and Delta, sending you 4
chatterbot Yankee submitting transactions
chatterbot Tango submitting transactions
chatterbot Oscar submitting transactions
chatterbot Romeo submitting transactions
chatterbot Echo submitting transactions
chatterbot Papa submitting transactions
chatterbot Foxtrot submitting transactions
chatterbot Delta submitting transactions
chatterbot Whiskey submitting transactions
ChatterBot Yankee round 4
ChatterBot Tango round 4
ChatterBot Bravo round 4
ChatterBot Romeo round 4
ChatterBot Foxtrot round 4
ChatterBot Papa round 4
ChatterBot Whiskey round 4
ChatterBot Echo round 4
ChatterBot Oscar round 4
ChatterBot Delta round 4
2024-10-14 21:31:24.403127 Papa: We should drop Echo
ChatterBot Delta reevaluating
2024-10-14 21:31:24.414850 Whiskey: Yes
2024-10-14 21:31:24.415034 Yankee: Yes
2024-10-14 21:31:24.415170 Delta: Yes
ChatterBot Delta reevaluating
ChatterBot Delta reevaluating
2024-10-14 21:31:24.486903 Foxtrot: Bravo and Echo, sending you 4
2024-10-14 21:31:24.487885 Bravo: Sending you each 4
2024-10-14 21:31:24.488269 Tango: Bravo, Romeo and Oscar, sending you 1
2024-10-14 21:31:24.499499 Foxtrot: Romeo, sending you 5
2024-10-14 21:31:24.499980 Romeo: Bravo, Foxtrot and Echo, sending you 5
2024-10-14 21:31:24.500448 Echo: Yankee, Bravo, Foxtrot, Whiskey, Oscar and Delta, sending you 2
2024-10-14 21:31:24.501773 Oscar: Yankee, Papa and Delta, sending you 1
2024-10-14 21:31:24.502990 Papa: Yankee and Whiskey, sending you 5
2024-10-14 21:31:24.503384 Romeo: Oscar, sending you 4
2024-10-14 21:31:24.504964 Foxtrot: Oscar, sending you 3
2024-10-14 21:31:24.505682 Whiskey: Yankee, sending you 7
2024-10-14 21:31:24.506958 Echo: Romeo, sending you 4
2024-10-14 21:31:24.507547 Papa: Delta, sending you 6
2024-10-14 21:31:24.508425 Oscar: Bravo, Romeo and Foxtrot, sending you 3
2024-10-14 21:31:24.511267 Whiskey: Papa, sending you 6
2024-10-14 21:31:24.511664 Echo: Papa, sending you 3
2024-10-14 21:31:24.512290 Yankee: Papa, sending you 5
2024-10-14 21:31:24.513154 Oscar: Whiskey and Echo, sending you 2
2024-10-14 21:31:24.514713 Whiskey: Delta, sending you 5
2024-10-14 21:31:24.515692 Yankee: Whiskey and Delta, sending you 6
chatterbot Foxtrot submitting transactions
chatterbot Yankee submitting transactions
chatterbot Papa submitting transactions
chatterbot Oscar submitting transactions
chatterbot Bravo submitting transactions
chatterbot Romeo submitting transactions
chatterbot Whiskey submitting transactions
chatterbot Echo submitting transactions
chatterbot Delta submitting transactions
chatterbot Tango submitting transactions
ChatterBot Yankee round 5
ChatterBot Tango round 5
ChatterBot Bravo round 5
ChatterBot Romeo round 5
ChatterBot Foxtrot round 5
ChatterBot Papa round 5
ChatterBot Whiskey round 5
2024-10-14 21:31:25.596026 Bravo: We should add Tango
ChatterBot Foxtrot reevaluating
ChatterBot Romeo reevaluating
2024-10-14 21:31:25.617129 Foxtrot: Yes
2024-10-14 21:31:25.617484 Romeo: Yes
2024-10-14 21:31:25.617733 Echo: No
2024-10-14 21:31:25.617946 Oscar: No
ChatterBot Romeo reevaluating
ChatterBot Echo reevaluating
ChatterBot Foxtrot reevaluating
ChatterBot Echo reevaluating
ChatterBot Oscar reevaluating
ChatterBot Foxtrot reevaluating
ChatterBot Romeo reevaluating
ChatterBot Oscar reevaluating
ChatterBot Foxtrot reevaluating
ChatterBot Romeo reevaluating
ChatterBot Echo reevaluating
ChatterBot Echo round 5
ChatterBot Oscar round 5
ChatterBot Delta round 5
2024-10-14 21:31:25.701196 Bravo: Tango we want you to join our group
2024-10-14 21:31:25.703962 Tango: Yes
ChatterBot Oscar reevaluating
ChatterBot Foxtrot reevaluating
ChatterBot Romeo reevaluating
ChatterBot Echo reevaluating
2024-10-14 21:31:25.727265 Romeo: Tango we want you to join our group
2024-10-14 21:31:25.729500 Tango: Yes
ChatterBot Oscar reevaluating
ChatterBot Foxtrot reevaluating
2024-10-14 21:31:25.743230 Tango: Bravo, Romeo and Oscar, sending you 1
2024-10-14 21:31:25.743921 Yankee: Papa, sending you 5
2024-10-14 21:31:25.744297 Delta: We should drop Echo
2024-10-14 21:31:25.751507 Whiskey: Yes
2024-10-14 21:31:25.751648 Yankee: Yes
2024-10-14 21:31:25.751754 Papa: Yes
2024-10-14 21:31:25.774037 Yankee: Whiskey and Delta, sending you 6
2024-10-14 21:31:25.774348 Bravo: Tango, sending you 2
2024-10-14 21:31:25.774644 Foxtrot: Tango we want you to join our group
2024-10-14 21:31:25.776837 Tango: Yes
2024-10-14 21:31:25.788807 Whiskey: Yankee, sending you 7
2024-10-14 21:31:25.789116 Papa: Yankee and Whiskey, sending you 5
2024-10-14 21:31:25.789366 Bravo: Romeo and Oscar, sending you 4
2024-10-14 21:31:25.791659 Echo: Tango, sending you 3
2024-10-14 21:31:25.792006 Papa: Delta, sending you 6
2024-10-14 21:31:25.793651 Whiskey: Papa, sending you 6
2024-10-14 21:31:25.794656 Bravo: Foxtrot and Echo, sending you 3
2024-10-14 21:31:25.795567 Oscar: Tango, sending you 2
2024-10-14 21:31:25.795978 Romeo: Tango, sending you 2
2024-10-14 21:31:25.796426 Echo: Bravo, Romeo, Foxtrot and Oscar, sending you 4
2024-10-14 21:31:25.796929 Whiskey: Delta, sending you 5
2024-10-14 21:31:25.799763 Oscar: Bravo and Romeo, sending you 4
2024-10-14 21:31:25.800148 Romeo: Bravo, sending you 4
2024-10-14 21:31:25.802660 Oscar: Foxtrot and Echo, sending you 3
2024-10-14 21:31:25.803971 Romeo: Foxtrot and Echo, sending you 5
2024-10-14 21:31:25.805662 Delta: Yankee, sending you 8
2024-10-14 21:31:25.808653 Romeo: Oscar, sending you 3
2024-10-14 21:31:25.809665 Delta: Papa, sending you 6
2024-10-14 21:31:25.811668 Foxtrot: Tango, sending you 1
2024-10-14 21:31:25.814644 Delta: Whiskey, sending you 5
2024-10-14 21:31:25.816644 Foxtrot: Bravo, sending you 4
2024-10-14 21:31:25.820652 Foxtrot: Romeo, sending you 5
2024-10-14 21:31:25.825644 Foxtrot: Echo and Oscar, sending you 3
chatterbot Tango submitting transactions
chatterbot Bravo submitting transactions
chatterbot Romeo submitting transactions
chatterbot Foxtrot submitting transactions
chatterbot Echo submitting transactions
chatterbot Yankee submitting transactions
chatterbot Whiskey submitting transactions
chatterbot Oscar submitting transactions
chatterbot Papa submitting transactions
chatterbot Delta submitting transactions
ChatterBot Yankee round 6
ChatterBot Tango round 6
ChatterBot Bravo round 6
ChatterBot Romeo round 6
ChatterBot Foxtrot round 6
ChatterBot Papa round 6
ChatterBot Whiskey round 6
ChatterBot Echo round 6
ChatterBot Oscar round 6
ChatterBot Delta round 6
2024-10-14 21:31:26.895654 Yankee: Papa, sending you 5
2024-10-14 21:31:26.896120 Tango: Sending you each 1
2024-10-14 21:31:26.898155 Foxtrot: Tango, sending you 1
2024-10-14 21:31:26.898823 Yankee: Whiskey and Delta, sending you 6
2024-10-14 21:31:26.900966 Papa: Yankee and Whiskey, sending you 5
2024-10-14 21:31:26.901683 Bravo: Tango, sending you 2
2024-10-14 21:31:26.902305 Foxtrot: Bravo, Echo and Oscar, sending you 2
2024-10-14 21:31:26.903809 Romeo: Tango, sending you 1
2024-10-14 21:31:26.905694 Papa: Delta, sending you 6
2024-10-14 21:31:26.906669 Bravo: Romeo and Oscar, sending you 4
2024-10-14 21:31:26.907231 Echo: Tango, sending you 3
2024-10-14 21:31:26.907760 Foxtrot: Romeo, sending you 4
2024-10-14 21:31:26.908276 Romeo: Bravo and Oscar, sending you 4
2024-10-14 21:31:26.909774 Whiskey: Yankee, sending you 7
2024-10-14 21:31:26.910682 Bravo: Foxtrot and Echo, sending you 3
2024-10-14 21:31:26.912805 Echo: Bravo, Romeo, Foxtrot and Oscar, sending you 4
2024-10-14 21:31:26.913262 Romeo: Foxtrot and Echo, sending you 5
2024-10-14 21:31:26.914668 Whiskey: Papa, sending you 6
2024-10-14 21:31:26.915078 Delta: Yankee, sending you 7
2024-10-14 21:31:26.915838 Oscar: Tango, sending you 2
2024-10-14 21:31:26.917675 Whiskey: Delta, sending you 5
2024-10-14 21:31:26.919706 Oscar: Bravo and Romeo, sending you 4
2024-10-14 21:31:26.920695 Delta: Papa and Whiskey, sending you 6
2024-10-14 21:31:26.924682 Oscar: Foxtrot and Echo, sending you 3
chatterbot Papa submitting transactions
chatterbot Foxtrot submitting transactions
chatterbot Whiskey submitting transactions
chatterbot Bravo submitting transactions
chatterbot Oscar submitting transactions
chatterbot Echo submitting transactions
chatterbot Tango submitting transactions
chatterbot Yankee submitting transactions
chatterbot Delta submitting transactions
chatterbot Romeo submitting transactions
ChatterBot Yankee round 7
ChatterBot Tango round 7
ChatterBot Bravo round 7
ChatterBot Romeo round 7
ChatterBot Foxtrot round 7
ChatterBot Papa round 7
ChatterBot Whiskey round 7
ChatterBot Echo round 7
ChatterBot Oscar round 7
ChatterBot Delta round 7
2024-10-14 21:31:28.125688 Papa: Yankee and Whiskey, sending you 5
2024-10-14 21:31:28.127657 Oscar: Tango, sending you 2
2024-10-14 21:31:28.128658 Echo: Tango, sending you 3
2024-10-14 21:31:28.129193 Whiskey: Yankee, sending you 4
2024-10-14 21:31:28.129709 Romeo: Tango, sending you 2
2024-10-14 21:31:28.130237 Tango: Bravo, Romeo, Foxtrot and Oscar, sending you 1
2024-10-14 21:31:28.130779 Papa: Delta, sending you 6
2024-10-14 21:31:28.131711 Oscar: Bravo and Romeo, sending you 4
2024-10-14 21:31:28.132379 Whiskey: Papa and Delta, sending you 3
2024-10-14 21:31:28.132850 Bravo: Tango, sending you 2
2024-10-14 21:31:28.134306 Echo: Bravo, Romeo, Foxtrot and Oscar, sending you 4
2024-10-14 21:31:28.134977 Tango: Echo, sending you 2
2024-10-14 21:31:28.135439 Romeo: Bravo, Echo and Oscar, sending you 4
2024-10-14 21:31:28.136006 Oscar: Foxtrot and Echo, sending you 3
2024-10-14 21:31:28.136488 Bravo: Romeo and Oscar, sending you 4
2024-10-14 21:31:28.137038 Yankee: Papa, sending you 5
2024-10-14 21:31:28.137498 Foxtrot: Tango, sending you 1
2024-10-14 21:31:28.139292 Delta: I was attacked by Foxtrot
ChatterBot Whiskey reevaluating
ChatterBot Yankee reevaluating
ChatterBot Papa reevaluating
2024-10-14 21:31:28.151341 Delta: I'm keeping this round to protect myself
2024-10-14 21:31:28.152171 Delta: Ow
2024-10-14 21:31:28.152530 Romeo: Foxtrot, sending you 5
2024-10-14 21:31:28.153320 Foxtrot: Bravo, Echo and Oscar, sending you 2
2024-10-14 21:31:28.153889 Bravo: Foxtrot and Echo, sending you 3
2024-10-14 21:31:28.158661 Foxtrot: Romeo, sending you 4
chatterbot Delta submitting transactions
chatterbot Bravo submitting transactions
chatterbot Tango submitting transactions
chatterbot Foxtrot submitting transactions
chatterbot Oscar submitting transactions
chatterbot Romeo submitting transactions
chatterbot Yankee submitting transactions
chatterbot Papa submitting transactions
chatterbot Echo submitting transactions
chatterbot Whiskey submitting transactions
ChatterBot Yankee round 8
ChatterBot Tango round 8
ChatterBot Bravo round 8
ChatterBot Romeo round 8
ChatterBot Foxtrot round 8
ChatterBot Papa round 8
ChatterBot Whiskey round 8
ChatterBot Echo round 8
ChatterBot Oscar round 8
ChatterBot Delta round 8
2024-10-14 21:31:29.346671 Yankee: Papa, sending you 5
2024-10-14 21:31:29.348714 Bravo: Tango, sending you 1
2024-10-14 21:31:29.350908 Delta: I was attacked by Foxtrot
ChatterBot Whiskey reevaluating
ChatterBot Yankee reevaluating
ChatterBot Papa reevaluating
2024-10-14 21:31:29.365356 Delta: I'm keeping this round to protect myself
2024-10-14 21:31:29.367939 Delta: Ow
2024-10-14 21:31:29.368695 Tango: Bravo, Romeo, Echo and Oscar, sending you 2
2024-10-14 21:31:29.371145 Bravo: Romeo, Echo and Oscar, sending you 4
2024-10-14 21:31:29.373654 Echo: Tango, sending you 3
2024-10-14 21:31:29.375037 Foxtrot: I was attacked by Whiskey
ChatterBot Tango reevaluating
ChatterBot Oscar reevaluating
ChatterBot Romeo reevaluating
ChatterBot Echo reevaluating
ChatterBot Bravo reevaluating
2024-10-14 21:31:29.397186 Foxtrot: I'm keeping this round to protect myself
2024-10-14 21:31:29.399601 Foxtrot: Ow
2024-10-14 21:31:29.415674 Whiskey: Yankee, sending you 7
2024-10-14 21:31:29.418659 Whiskey: Papa, sending you 6
2024-10-14 21:31:29.420662 Papa: Yankee, sending you 6
2024-10-14 21:31:29.422050 Whiskey: Delta, sending you 5
2024-10-14 21:31:29.422743 Oscar: Tango, sending you 1
2024-10-14 21:31:29.426674 Papa: Whiskey and Delta, sending you 5
2024-10-14 21:31:29.428696 Oscar: Bravo, Romeo and Echo, sending you 4
2024-10-14 21:31:29.433651 Oscar: Foxtrot, sending you 3
chatterbot Romeo submitting transactions
chatterbot Echo submitting transactions
chatterbot Foxtrot submitting transactions
chatterbot Tango submitting transactions
chatterbot Oscar submitting transactions
chatterbot Papa submitting transactions
chatterbot Whiskey submitting transactions
chatterbot Bravo submitting transactions
chatterbot Yankee submitting transactions
chatterbot Delta submitting transactions
ChatterBot Yankee round 9
ChatterBot Tango round 9
ChatterBot Bravo round 9
ChatterBot Romeo round 9
ChatterBot Foxtrot round 9
ChatterBot Papa round 9
ChatterBot Whiskey round 9
ChatterBot Echo round 9
ChatterBot Oscar round 9
ChatterBot Delta round 9
2024-10-14 21:31:30.560679 Tango: Bravo, Romeo, Echo and Oscar, sending you 2
2024-10-14 21:31:30.563021 Yankee: Papa and Whiskey, sending you 6
2024-10-14 21:31:30.563684 Tango: Foxtrot, sending you 1
2024-10-14 21:31:30.565721 Echo: Tango, Bravo, Foxtrot and Oscar, sending you 2
2024-10-14 21:31:30.566715 Yankee: Delta, sending you 5
2024-10-14 21:31:30.568752 Bravo: Tango, sending you 1
2024-10-14 21:31:30.571665 Echo: Romeo, sending you 3
2024-10-14 21:31:30.572737 Whiskey: Yankee, sending you 7
2024-10-14 21:31:30.573713 Bravo: Romeo, Echo and Oscar, sending you 4
2024-10-14 21:31:30.574855 Papa: Yankee and Whiskey, sending you 6
2024-10-14 21:31:30.575274 Oscar: Tango, sending you 1
2024-10-14 21:31:30.575862 Whiskey: Papa, sending you 6
2024-10-14 21:31:30.578680 Bravo: Foxtrot, sending you 3
2024-10-14 21:31:30.579274 Papa: Delta, sending you 4
2024-10-14 21:31:30.580697 Oscar: Bravo, Romeo and Echo, sending you 4
2024-10-14 21:31:30.581427 Whiskey: Delta, sending you 5
2024-10-14 21:31:30.585697 Oscar: Foxtrot, sending you 3
chatterbot Oscar submitting transactions
chatterbot Whiskey submitting transactions
chatterbot Foxtrot submitting transactions
chatterbot Bravo submitting transactions
chatterbot Yankee submitting transactions
chatterbot Romeo submitting transactions
chatterbot Echo submitting transactions
chatterbot Delta submitting transactions
chatterbot Tango submitting transactions
chatterbot Papa submitting transactions
ChatterBot Yankee round 10
ChatterBot Tango round 10
ChatterBot Bravo round 10
ChatterBot Romeo round 10
ChatterBot Foxtrot round 10
ChatterBot Papa round 10
ChatterBot Whiskey round 10
ChatterBot Echo round 10
ChatterBot Oscar round 10
ChatterBot Delta round 10
2024-10-14 21:31:31.764927 Papa: Yankee and Whiskey, sending you 6
2024-10-14 21:31:31.765665 Bravo: Tango and Foxtrot, sending you 2
2024-10-14 21:31:31.766480 Tango: Bravo, Romeo, Echo and Oscar, sending you 2
2024-10-14 21:31:31.769726 Yankee: I was attacked by Echo
ChatterBot Whiskey reevaluating
ChatterBot Papa reevaluating
ChatterBot Delta reevaluating
2024-10-14 21:31:31.794467 Yankee: I'm keeping this round to protect myself
2024-10-14 21:31:31.796071 Yankee: Ow
2024-10-14 21:31:31.796480 Tango: Foxtrot, sending you 1
2024-10-14 21:31:31.797350 Bravo: Romeo, sending you 5
2024-10-14 21:31:31.798635 Echo: Tango, Bravo, Foxtrot and Oscar, sending you 2
2024-10-14 21:31:31.799446 Foxtrot: Bravo, Romeo, Echo and Oscar, sending you 2
2024-10-14 21:31:31.801685 Bravo: Echo, sending you 3
2024-10-14 21:31:31.802662 Echo: Romeo, sending you 3
2024-10-14 21:31:31.804700 Oscar: Tango and Foxtrot, sending you 2
2024-10-14 21:31:31.805524 Bravo: Oscar, sending you 4
2024-10-14 21:31:31.809686 Oscar: Bravo, sending you 5
2024-10-14 21:31:31.811692 Whiskey: Yankee, sending you 3
2024-10-14 21:31:31.813685 Oscar: Romeo, sending you 4
2024-10-14 21:31:31.815785 Delta: Yankee, sending you 6
2024-10-14 21:31:31.816669 Whiskey: Papa and Delta, sending you 2
2024-10-14 21:31:31.818720 Delta: Papa and Whiskey, sending you 5
2024-10-14 21:31:31.819704 Oscar: Echo, sending you 3
chatterbot Foxtrot submitting transactions
chatterbot Romeo submitting transactions
chatterbot Yankee submitting transactions
chatterbot Bravo submitting transactions
chatterbot Delta submitting transactions
chatterbot Echo submitting transactions
chatterbot Tango submitting transactions
chatterbot Whiskey submitting transactions
chatterbot Papa submitting transactions
chatterbot Oscar submitting transactions
ChatterBot Yankee round 11
ChatterBot Tango round 11
ChatterBot Bravo round 11
ChatterBot Romeo round 11
ChatterBot Foxtrot round 11
ChatterBot Papa round 11
ChatterBot Whiskey round 11
ChatterBot Echo round 11
ChatterBot Oscar round 11
ChatterBot Delta round 11
2024-10-14 21:31:33.104689 Tango: Bravo, Romeo, Echo and Oscar, sending you 2
2024-10-14 21:31:33.108668 Tango: Foxtrot, sending you 1
2024-10-14 21:31:33.111215 Oscar: Tango, sending you 2
2024-10-14 21:31:33.115671 Papa: Yankee and Delta, sending you 5
2024-10-14 21:31:33.117489 Oscar: Bravo and Romeo, sending you 4
2024-10-14 21:31:33.119087 Bravo: Tango, sending you 2
2024-10-14 21:31:33.121030 Whiskey: I was attacked by Romeo
ChatterBot Yankee reevaluating
ChatterBot Papa reevaluating
ChatterBot Delta reevaluating
2024-10-14 21:31:33.135977 Whiskey: I'm keeping this round to protect myself
2024-10-14 21:31:33.137576 Whiskey: Ow
2024-10-14 21:31:33.137985 Echo: Tango, Bravo, Foxtrot and Oscar, sending you 2
2024-10-14 21:31:33.138809 Oscar: Foxtrot and Echo, sending you 3
2024-10-14 21:31:33.139525 Bravo: Romeo and Oscar, sending you 4
2024-10-14 21:31:33.141111 Foxtrot: Tango, sending you 1
2024-10-14 21:31:33.142694 Echo: Romeo, sending you 3
2024-10-14 21:31:33.143684 Bravo: Foxtrot and Echo, sending you 3
2024-10-14 21:31:33.145095 Foxtrot: Bravo, Romeo, Echo and Oscar, sending you 3
2024-10-14 21:31:33.166672 Yankee: Papa, sending you 2
2024-10-14 21:31:33.171690 Yankee: Whiskey and Delta, sending you 1
chatterbot Whiskey submitting transactions
chatterbot Foxtrot submitting transactions
chatterbot Yankee submitting transactions
chatterbot Bravo submitting transactions
chatterbot Oscar submitting transactions
chatterbot Delta submitting transactions
chatterbot Romeo submitting transactions
chatterbot Tango submitting transactions
chatterbot Papa submitting transactions
chatterbot Echo submitting transactions
ChatterBot Yankee round 12
ChatterBot Tango round 12
ChatterBot Bravo round 12
ChatterBot Romeo round 12
ChatterBot Foxtrot round 12
ChatterBot Papa round 12
ChatterBot Whiskey round 12
ChatterBot Echo round 12
ChatterBot Oscar round 12
ChatterBot Delta round 12
2024-10-14 21:31:34.217689 Tango: Sending you each 2
2024-10-14 21:31:34.225089 Echo: Tango, Bravo, Foxtrot and Oscar, sending you 2
2024-10-14 21:31:34.225902 Bravo: Tango, sending you 2
2024-10-14 21:31:34.227656 Yankee: Papa and Whiskey, sending you 2
2024-10-14 21:31:34.228657 Papa: Yankee, sending you 6
2024-10-14 21:31:34.229653 Foxtrot: Tango, sending you 2
2024-10-14 21:31:34.230674 Echo: Romeo, sending you 3
2024-10-14 21:31:34.232054 Bravo: Romeo and Oscar, sending you 4
2024-10-14 21:31:34.232746 Yankee: Delta, sending you 1
2024-10-14 21:31:34.233324 Oscar: Tango, sending you 2
2024-10-14 21:31:34.234641 Whiskey: Yankee and Delta, sending you 3
2024-10-14 21:31:34.235122 Papa: Whiskey and Delta, sending you 5
2024-10-14 21:31:34.235828 Foxtrot: Bravo, Echo and Oscar, sending you 3
2024-10-14 21:31:34.236786 Bravo: Foxtrot and Echo, sending you 3
2024-10-14 21:31:34.238321 Oscar: Bravo and Romeo, sending you 4
2024-10-14 21:31:34.238974 Whiskey: Papa, sending you 4
2024-10-14 21:31:34.239651 Delta: I was attacked by Echo
ChatterBot Whiskey reevaluating
ChatterBot Yankee reevaluating
ChatterBot Papa reevaluating
2024-10-14 21:31:34.250100 Delta: I'm keeping this round to protect myself
2024-10-14 21:31:34.251957 Delta: Ow
2024-10-14 21:31:34.252310 Foxtrot: Romeo, sending you 4
2024-10-14 21:31:34.253493 Oscar: Foxtrot and Echo, sending you 3
2024-10-14 21:31:34.270672 Yankee: Papa, sending you 3
2024-10-14 21:31:34.273733 Whiskey: Yankee, sending you 5
2024-10-14 21:31:34.275689 Yankee: Whiskey and Delta, sending you 2
2024-10-14 21:31:34.278698 Whiskey: Papa, sending you 6
2024-10-14 21:31:34.281696 Whiskey: Delta, sending you 4
chatterbot Echo submitting transactions
chatterbot Yankee submitting transactions
chatterbot Bravo submitting transactions
chatterbot Papa submitting transactions
chatterbot Whiskey submitting transactions
chatterbot Delta submitting transactions
chatterbot Oscar submitting transactions
chatterbot Foxtrot submitting transactions
chatterbot Tango submitting transactions
chatterbot Romeo submitting transactions
ChatterBot Yankee round 13
ChatterBot Tango round 13
ChatterBot Bravo round 13
ChatterBot Romeo round 13
ChatterBot Foxtrot round 13
ChatterBot Papa round 13
ChatterBot Whiskey round 13
ChatterBot Echo round 13
ChatterBot Oscar round 13
ChatterBot Delta round 13
2024-10-14 21:31:35.382842 Bravo: Tango, sending you 2
2024-10-14 21:31:35.385676 Whiskey: I was attacked by Romeo
ChatterBot Yankee reevaluating
ChatterBot Papa reevaluating
ChatterBot Delta reevaluating
2024-10-14 21:31:35.395192 Whiskey: I'm keeping this round to protect myself
2024-10-14 21:31:35.396269 Whiskey: Ow
2024-10-14 21:31:35.396579 Bravo: Romeo and Oscar, sending you 4
2024-10-14 21:31:35.401092 Bravo: Foxtrot and Echo, sending you 3
2024-10-14 21:31:35.402285 Foxtrot: Tango, sending you 2
2024-10-14 21:31:35.403823 Echo: Tango, sending you 3
2024-10-14 21:31:35.404765 Tango: Bravo, Romeo, Foxtrot and Oscar, sending you 2
2024-10-14 21:31:35.406182 Oscar: Tango, sending you 2
2024-10-14 21:31:35.407130 Foxtrot: Bravo and Romeo, sending you 4
2024-10-14 21:31:35.408688 Echo: Bravo, Romeo, Foxtrot and Oscar, sending you 4
2024-10-14 21:31:35.409732 Tango: Echo, sending you 3
2024-10-14 21:31:35.411676 Oscar: Bravo and Romeo, sending you 4
2024-10-14 21:31:35.412983 Foxtrot: Echo and Oscar, sending you 3
2024-10-14 21:31:35.416811 Oscar: Foxtrot and Echo, sending you 3
2024-10-14 21:31:35.421698 Yankee: Sending you each 3
chatterbot Papa submitting transactions
chatterbot Bravo submitting transactions
chatterbot Oscar submitting transactions
chatterbot Whiskey submitting transactions
chatterbot Romeo submitting transactions
chatterbot Tango submitting transactions
chatterbot Foxtrot submitting transactions
chatterbot Yankee submitting transactions
chatterbot Echo submitting transactions
chatterbot Delta submitting transactions
ChatterBot Yankee round 14
ChatterBot Tango round 14
ChatterBot Bravo round 14
ChatterBot Romeo round 14
ChatterBot Foxtrot round 14
ChatterBot Papa round 14
ChatterBot Whiskey round 14
ChatterBot Echo round 14
ChatterBot Oscar round 14
ChatterBot Delta round 14
2024-10-14 21:31:36.551689 Yankee: Same as last round
2024-10-14 21:31:36.553313 Tango: Bravo, Romeo, Foxtrot and Oscar, sending you 2
2024-10-14 21:31:36.557654 Bravo: Tango, sending you 2
2024-10-14 21:31:36.559652 Tango: Echo, sending you 3
2024-10-14 21:31:36.560780 Oscar: Tango, sending you 2
2024-10-14 21:31:36.561672 Bravo: Romeo and Oscar, sending you 4
2024-10-14 21:31:36.564700 Oscar: Bravo and Romeo, sending you 4
2024-10-14 21:31:36.565818 Bravo: Foxtrot and Echo, sending you 3
2024-10-14 21:31:36.567675 Whiskey: Yankee and Delta, sending you 3
2024-10-14 21:31:36.568956 Foxtrot: Tango, sending you 2
2024-10-14 21:31:36.570652 Oscar: Foxtrot and Echo, sending you 3
2024-10-14 21:31:36.572085 Whiskey: Papa, sending you 4
2024-10-14 21:31:36.572677 Echo: Tango, sending you 3
2024-10-14 21:31:36.574120 Foxtrot: Bravo, Echo and Oscar, sending you 3
2024-10-14 21:31:36.577682 Echo: Bravo, Romeo, Foxtrot and Oscar, sending you 4
2024-10-14 21:31:36.580655 Foxtrot: Romeo, sending you 4
chatterbot Tango submitting transactions
chatterbot Echo submitting transactions
chatterbot Yankee submitting transactions
chatterbot Foxtrot submitting transactions
chatterbot Romeo submitting transactions
chatterbot Papa submitting transactions
chatterbot Oscar submitting transactions
chatterbot Delta submitting transactions
chatterbot Bravo submitting transactions
chatterbot Whiskey submitting transactions
ChatterBot Yankee round 15
ChatterBot Tango round 15
ChatterBot Bravo round 15
ChatterBot Romeo round 15
ChatterBot Foxtrot round 15
ChatterBot Papa round 15
ChatterBot Whiskey round 15
ChatterBot Echo round 15
ChatterBot Oscar round 15
ChatterBot Delta round 15
2024-10-14 21:31:37.769667 Bravo: Tango, sending you 2
2024-10-14 21:31:37.771127 Echo: Tango, sending you 3
2024-10-14 21:31:37.773651 Bravo: Romeo and Oscar, sending you 4
2024-10-14 21:31:37.774680 Echo: Bravo, Romeo, Foxtrot and Oscar, sending you 4
2024-10-14 21:31:37.777135 Whiskey: I was attacked by Romeo
ChatterBot Yankee reevaluating
ChatterBot Papa reevaluating
ChatterBot Delta reevaluating
2024-10-14 21:31:37.791286 Whiskey: I'm keeping this round to protect myself
2024-10-14 21:31:37.792362 Whiskey: Ow
2024-10-14 21:31:37.792892 Tango: Bravo and Echo, sending you 3
2024-10-14 21:31:37.794420 Oscar: Tango, sending you 2
2024-10-14 21:31:37.795550 Bravo: Foxtrot and Echo, sending you 3
2024-10-14 21:31:37.796526 Foxtrot: Tango, sending you 2
2024-10-14 21:31:37.798273 Tango: Romeo, Foxtrot and Oscar, sending you 2
2024-10-14 21:31:37.799410 Oscar: Bravo, sending you 5
2024-10-14 21:31:37.800685 Foxtrot: Bravo, Echo and Oscar, sending you 3
2024-10-14 21:31:37.803047 Oscar: Romeo, Foxtrot and Echo, sending you 3
2024-10-14 21:31:37.806658 Foxtrot: Romeo, sending you 4
2024-10-14 21:31:37.822678 Delta: Yankee and Whiskey, sending you 4
2024-10-14 21:31:37.826697 Delta: Papa, sending you 5
chatterbot Tango submitting transactions
chatterbot Echo submitting transactions
chatterbot Delta submitting transactions
chatterbot Romeo submitting transactions
chatterbot Bravo submitting transactions
chatterbot Papa submitting transactions
chatterbot Foxtrot submitting transactions
chatterbot Oscar submitting transactions
chatterbot Yankee submitting transactions
chatterbot Whiskey submitting transactions
ChatterBot Yankee round 16
ChatterBot Tango round 16
ChatterBot Bravo round 16
ChatterBot Romeo round 16
ChatterBot Foxtrot round 16
