ChatterBot Bravo round 1
ChatterBot Whiskey round 1
ChatterBot Zulu round 1
ChatterBot Golf round 1
ChatterBot Papa round 1
ChatterBot Oscar round 1
ChatterBot Yankee round 1
ChatterBot Quebec round 1
ChatterBot Charlie round 1
ChatterBot Hotel round 1
randomSelections Papa: {Papa, Quebec, Whiskey, Oscar, Golf, Charlie} 
2024-10-14 21:31:18.895855 Papa: We would work well together
ChatterBot Quebec reevaluating
ChatterBot Whiskey reevaluating
ChatterBot Oscar reevaluating
ChatterBot Golf reevaluating
ChatterBot Charlie reevaluating
2024-10-14 21:31:18.910889 Quebec: Yes
2024-10-14 21:31:18.911075 Whiskey: Yes
2024-10-14 21:31:18.911769 Oscar: Yes
2024-10-14 21:31:18.912028 Golf: Yes
2024-10-14 21:31:18.912180 Charlie: Yes
ChatterBot Whiskey reevaluating
ChatterBot Oscar reevaluating
ChatterBot Golf reevaluating
ChatterBot Charlie reevaluating
ChatterBot Quebec reevaluating
ChatterBot Oscar reevaluating
ChatterBot Golf reevaluating
ChatterBot Charlie reevaluating
ChatterBot Quebec reevaluating
ChatterBot Whiskey reevaluating
ChatterBot Golf reevaluating
ChatterBot Charlie reevaluating
ChatterBot Quebec reevaluating
ChatterBot Whiskey reevaluating
ChatterBot Oscar reevaluating
ChatterBot Charlie reevaluating
ChatterBot Quebec reevaluating
ChatterBot Whiskey reevaluating
ChatterBot Oscar reevaluating
ChatterBot Golf reevaluating
randomSelections Bravo: {Bravo, Papa, Hotel, Oscar, Yankee, Golf} 
2024-10-14 21:31:18.968095 Bravo: We should group up
ChatterBot Hotel reevaluating
ChatterBot Oscar reevaluating
ChatterBot Yankee reevaluating
ChatterBot Golf reevaluating
2024-10-14 21:31:18.977883 Papa: No
2024-10-14 21:31:18.978124 Hotel: Yes
2024-10-14 21:31:18.979531 Oscar: No
2024-10-14 21:31:18.979707 Yankee: Yes
2024-10-14 21:31:18.979813 Golf: No
ChatterBot Hotel reevaluating
ChatterBot Oscar reevaluating
ChatterBot Yankee reevaluating
ChatterBot Golf reevaluating
ChatterBot Oscar reevaluating
ChatterBot Yankee reevaluating
ChatterBot Golf reevaluating
ChatterBot Hotel reevaluating
ChatterBot Yankee reevaluating
ChatterBot Golf reevaluating
ChatterBot Hotel reevaluating
ChatterBot Oscar reevaluating
ChatterBot Golf reevaluating
ChatterBot Hotel reevaluating
ChatterBot Oscar reevaluating
ChatterBot Yankee reevaluating
randomSelections Zulu: {Zulu, Charlie, Bravo, Oscar, Quebec, Yankee} 
2024-10-14 21:31:19.047144 Zulu: Group up?
ChatterBot Charlie reevaluating
ChatterBot Oscar reevaluating
ChatterBot Quebec reevaluating
ChatterBot Yankee reevaluating
2024-10-14 21:31:19.059094 Charlie: No
2024-10-14 21:31:19.059299 Bravo: No
2024-10-14 21:31:19.059964 Oscar: No
2024-10-14 21:31:19.060133 Quebec: No
2024-10-14 21:31:19.060309 Yankee: No
ChatterBot Oscar reevaluating
ChatterBot Quebec reevaluating
ChatterBot Yankee reevaluating
ChatterBot Charlie reevaluating
ChatterBot Oscar reevaluating
ChatterBot Quebec reevaluating
ChatterBot Yankee reevaluating
ChatterBot Charlie reevaluating
ChatterBot Quebec reevaluating
ChatterBot Yankee reevaluating
ChatterBot Charlie reevaluating
ChatterBot Oscar reevaluating
ChatterBot Yankee reevaluating
ChatterBot Charlie reevaluating
ChatterBot Oscar reevaluating
ChatterBot Quebec reevaluating
2024-10-14 21:31:19.137676 Yankee: Bravo, sending you 2
2024-10-14 21:31:19.138681 Bravo: Golf, sending you 1
2024-10-14 21:31:19.139149 Quebec: Whiskey, sending you 6
2024-10-14 21:31:19.141803 Hotel: Bravo, Golf and Oscar, sending you 3
2024-10-14 21:31:19.142713 Yankee: Golf, sending you 6
2024-10-14 21:31:19.143037 Bravo: Papa and Hotel, sending you 5
2024-10-14 21:31:19.143799 Papa: Whiskey and Oscar, sending you 2
2024-10-14 21:31:19.144133 Golf: Whiskey and Quebec, sending you 3
2024-10-14 21:31:19.144354 Quebec: Golf, sending you 2
2024-10-14 21:31:19.145680 Hotel: Papa, sending you 2
2024-10-14 21:31:19.146053 Yankee: Papa and Hotel, sending you 4
2024-10-14 21:31:19.147171 Quebec: Papa, sending you 5
2024-10-14 21:31:19.147692 Charlie: Whiskey and Oscar, sending you 4
2024-10-14 21:31:19.148068 Bravo: Oscar, sending you 2
2024-10-14 21:31:19.148301 Papa: Quebec, sending you 1
2024-10-14 21:31:19.148905 Golf: Papa, sending you 4
2024-10-14 21:31:19.149649 Yankee: Oscar, sending you 1
2024-10-14 21:31:19.150778 Hotel: Yankee, sending you 5
2024-10-14 21:31:19.151178 Zulu: Bravo, Oscar and Quebec, sending you 3
2024-10-14 21:31:19.151509 Quebec: Oscar and Charlie, sending you 3
2024-10-14 21:31:19.151873 Charlie: Golf and Quebec, sending you 3
2024-10-14 21:31:19.152627 Bravo: Yankee, sending you 4
2024-10-14 21:31:19.152979 Papa: Charlie, sending you 3
2024-10-14 21:31:19.153296 Golf: Oscar, sending you 2
2024-10-14 21:31:19.153652 Whiskey: Golf and Oscar, sending you 2
2024-10-14 21:31:19.154687 Zulu: Yankee, sending you 6
2024-10-14 21:31:19.155005 Charlie: Papa, sending you 2
2024-10-14 21:31:19.155677 Oscar: Whiskey and Quebec, sending you 3
2024-10-14 21:31:19.156685 Golf: Charlie, sending you 6
2024-10-14 21:31:19.158668 Whiskey: Papa and Quebec, sending you 3
2024-10-14 21:31:19.159083 Zulu: Charlie, sending you 1
2024-10-14 21:31:19.160710 Oscar: Golf and Papa, sending you 1
2024-10-14 21:31:19.163957 Whiskey: Charlie, sending you 5
2024-10-14 21:31:19.164505 Oscar: Charlie, sending you 8
chatterbot Bravo submitting transactions
chatterbot Quebec submitting transactions
chatterbot Papa submitting transactions
chatterbot Whiskey submitting transactions
chatterbot Hotel submitting transactions
chatterbot Golf submitting transactions
chatterbot Oscar submitting transactions
chatterbot Zulu submitting transactions
chatterbot Charlie submitting transactions
chatterbot Yankee submitting transactions
ChatterBot Bravo round 2
ChatterBot Whiskey round 2
ChatterBot Zulu round 2
ChatterBot Golf round 2
ChatterBot Papa round 2
ChatterBot Oscar round 2
2024-10-14 21:31:22.650818 Bravo: We should group up
ChatterBot Zulu reevaluating
ChatterBot Yankee reevaluating
ChatterBot Hotel reevaluating
2024-10-14 21:31:22.682223 Zulu: Yes
2024-10-14 21:31:22.682921 Yankee: No
2024-10-14 21:31:22.683056 Hotel: No
ChatterBot Yankee reevaluating
ChatterBot Hotel reevaluating
ChatterBot Zulu reevaluating
ChatterBot Hotel reevaluating
ChatterBot Bravo reevaluating
ChatterBot Zulu reevaluating
ChatterBot Yankee reevaluating
2024-10-14 21:31:22.752555 Yankee: Can we be friends?
ChatterBot Zulu reevaluating
2024-10-14 21:31:22.757158 Zulu: Yes
ChatterBot Yankee reevaluating
ChatterBot Yankee round 2
ChatterBot Quebec round 2
ChatterBot Charlie round 2
ChatterBot Hotel round 2
2024-10-14 21:31:22.774478 Oscar: We should add Zulu
ChatterBot Papa reevaluating
ChatterBot Quebec reevaluating
ChatterBot Whiskey reevaluating
ChatterBot Golf reevaluating
ChatterBot Charlie reevaluating
2024-10-14 21:31:22.791547 Papa: No
2024-10-14 21:31:22.791795 Quebec: Yes
2024-10-14 21:31:22.792 Whiskey: No
2024-10-14 21:31:22.792162 Golf: No
2024-10-14 21:31:22.792770 Charlie: Yes
ChatterBot Quebec reevaluating
ChatterBot Whiskey reevaluating
ChatterBot Golf reevaluating
ChatterBot Charlie reevaluating
ChatterBot Papa reevaluating
ChatterBot Whiskey reevaluating
ChatterBot Golf reevaluating
ChatterBot Charlie reevaluating
ChatterBot Papa reevaluating
ChatterBot Quebec reevaluating
ChatterBot Oscar reevaluating
ChatterBot Golf reevaluating
ChatterBot Charlie reevaluating
ChatterBot Papa reevaluating
ChatterBot Quebec reevaluating
ChatterBot Whiskey reevaluating
ChatterBot Oscar reevaluating
ChatterBot Charlie reevaluating
ChatterBot Papa reevaluating
ChatterBot Quebec reevaluating
ChatterBot Whiskey reevaluating
ChatterBot Oscar reevaluating
ChatterBot Golf reevaluating
2024-10-14 21:31:22.977340 Bravo: Zulu and Hotel, sending you 5
2024-10-14 21:31:22.977715 Charlie: Zulu we want you to join our group
ChatterBot Zulu reevaluating
2024-10-14 21:31:22.981520 Zulu: Yes
ChatterBot Golf reevaluating
ChatterBot Oscar reevaluating
2024-10-14 21:31:22.999262 Quebec: Zulu we want you to join our group
ChatterBot Zulu reevaluating
2024-10-14 21:31:23.003272 Zulu: Yes
ChatterBot Whiskey reevaluating
ChatterBot Golf reevaluating
ChatterBot Oscar reevaluating
2024-10-14 21:31:23.120970 Bravo: Papa, sending you 3
2024-10-14 21:31:23.121807 Hotel: Bravo and Yankee, sending you 6
2024-10-14 21:31:23.143048 Papa: Whiskey, Oscar and Charlie, sending you 3
2024-10-14 21:31:23.144692 Yankee: Bravo, sending you 5
2024-10-14 21:31:23.145429 Bravo: Yankee, sending you 4
2024-10-14 21:31:23.146765 Hotel: Zulu, sending you 4
2024-10-14 21:31:23.148340 Oscar: Zulu we want you to join our group
ChatterBot Zulu reevaluating
2024-10-14 21:31:23.155624 Zulu: No
ChatterBot Whiskey reevaluating
ChatterBot Golf reevaluating
ChatterBot Oscar reevaluating
2024-10-14 21:31:23.189674 Yankee: Zulu and Hotel, sending you 6
2024-10-14 21:31:23.191048 Papa: Golf and Quebec, sending you 4
2024-10-14 21:31:23.192756 Quebec: Whiskey, sending you 4
2024-10-14 21:31:23.194363 Charlie: Whiskey and Golf, sending you 3
2024-10-14 21:31:23.242362 Quebec: Zulu, Golf, Papa, Oscar and Charlie, sending you 3
2024-10-14 21:31:23.243635 Charlie: Zulu, sending you 1
2024-10-14 21:31:23.244082 Golf: Zulu we want you to join our group
ChatterBot Zulu reevaluating
2024-10-14 21:31:23.248089 Zulu: No
ChatterBot Whiskey reevaluating
ChatterBot Golf reevaluating
ChatterBot Oscar reevaluating
2024-10-14 21:31:23.271998 Charlie: Papa and Quebec, sending you 2
2024-10-14 21:31:23.294462 Charlie: Oscar, sending you 5
2024-10-14 21:31:23.337359 Zulu: Bravo, sending you 6
2024-10-14 21:31:23.338897 Whiskey: Golf and Oscar, sending you 3
2024-10-14 21:31:23.348844 Zulu: Yankee and Hotel, sending you 5
2024-10-14 21:31:23.350372 Whiskey: Papa, sending you 2
2024-10-14 21:31:23.353021 Golf: Whiskey, Quebec and Charlie, sending you 4
2024-10-14 21:31:23.355964 Oscar: Whiskey, Golf and Papa, sending you 2
2024-10-14 21:31:23.358257 Whiskey: Quebec, sending you 7
2024-10-14 21:31:23.368321 Golf: Zulu, sending you 1
2024-10-14 21:31:23.369 Oscar: Zulu and Quebec, sending you 3
2024-10-14 21:31:23.370718 Whiskey: Charlie, sending you 4
2024-10-14 21:31:23.391234 Golf: Papa, sending you 2
2024-10-14 21:31:23.392145 Oscar: Charlie, sending you 4
2024-10-14 21:31:23.404567 Golf: Oscar, sending you 3
chatterbot Zulu submitting transactions
chatterbot Golf submitting transactions
chatterbot Quebec submitting transactions
chatterbot Whiskey submitting transactions
chatterbot Yankee submitting transactions
chatterbot Charlie submitting transactions
chatterbot Bravo submitting transactions
chatterbot Hotel submitting transactions
chatterbot Papa submitting transactions
chatterbot Oscar submitting transactions
ChatterBot Bravo round 3
ChatterBot Whiskey round 3
ChatterBot Zulu round 3
ChatterBot Golf round 3
ChatterBot Papa round 3
ChatterBot Oscar round 3
ChatterBot Yankee round 3
ChatterBot Quebec round 3
ChatterBot Charlie round 3
ChatterBot Hotel round 3
2024-10-14 21:31:24.501418 Golf: We should drop Zulu
2024-10-14 21:31:24.517857 Papa: Yes
2024-10-14 21:31:24.518016 Quebec: Yes
2024-10-14 21:31:24.518138 Whiskey: Yes
2024-10-14 21:31:24.518246 Oscar: Yes
2024-10-14 21:31:24.518349 Charlie: Yes
2024-10-14 21:31:24.575571 Bravo: We should drop Papa
2024-10-14 21:31:24.582488 Zulu: Yes
2024-10-14 21:31:24.582646 Yankee: Yes
2024-10-14 21:31:24.583231 Hotel: Yes
2024-10-14 21:31:24.664477 Whiskey: Golf and Charlie, sending you 4
2024-10-14 21:31:24.669687 Whiskey: Papa and Oscar, sending you 3
2024-10-14 21:31:24.670691 Golf: Whiskey, Papa, Quebec and Charlie, sending you 4
2024-10-14 21:31:24.671410 Zulu: Bravo, sending you 5
2024-10-14 21:31:24.676630 Golf: Oscar, sending you 2
2024-10-14 21:31:24.677213 Whiskey: Quebec, sending you 5
2024-10-14 21:31:24.677874 Yankee: Bravo, sending you 5
2024-10-14 21:31:24.679916 Zulu: Yankee, sending you 7
2024-10-14 21:31:24.680427 Bravo: Zulu and Hotel, sending you 6
2024-10-14 21:31:24.680829 Papa: Whiskey, Golf, Oscar and Charlie, sending you 3
2024-10-14 21:31:24.681395 Yankee: Zulu and Hotel, sending you 6
2024-10-14 21:31:24.683240 Charlie: Whiskey, Golf and Papa, sending you 3
2024-10-14 21:31:24.683936 Hotel: Bravo and Yankee, sending you 6
2024-10-14 21:31:24.684362 Papa: Quebec, sending you 5
2024-10-14 21:31:24.689127 Zulu: Hotel, sending you 4
2024-10-14 21:31:24.689633 Bravo: Yankee, sending you 5
2024-10-14 21:31:24.690048 Quebec: Whiskey, Golf, Papa and Oscar, sending you 4
2024-10-14 21:31:24.691569 Charlie: Oscar, sending you 5
2024-10-14 21:31:24.692205 Hotel: Zulu, sending you 4
2024-10-14 21:31:24.694692 Charlie: Quebec, sending you 2
2024-10-14 21:31:24.695695 Quebec: Charlie, sending you 3
2024-10-14 21:31:24.696392 Oscar: Whiskey, Papa and Quebec, sending you 3
2024-10-14 21:31:24.711843 Oscar: Golf, sending you 2
2024-10-14 21:31:24.715700 Oscar: Charlie, sending you 5
chatterbot Charlie submitting transactions
chatterbot Bravo submitting transactions
chatterbot Zulu submitting transactions
chatterbot Papa submitting transactions
chatterbot Hotel submitting transactions
chatterbot Golf submitting transactions
chatterbot Oscar submitting transactions
chatterbot Quebec submitting transactions
chatterbot Yankee submitting transactions
chatterbot Whiskey submitting transactions
ChatterBot Bravo round 4
ChatterBot Whiskey round 4
ChatterBot Zulu round 4
ChatterBot Golf round 4
ChatterBot Papa round 4
ChatterBot Oscar round 4
ChatterBot Yankee round 4
ChatterBot Quebec round 4
ChatterBot Charlie round 4
ChatterBot Hotel round 4
2024-10-14 21:31:25.685742 Zulu: Bravo and Yankee, sending you 6
2024-10-14 21:31:25.689004 Bravo: Zulu and Hotel, sending you 6
2024-10-14 21:31:25.689654 Zulu: Hotel, sending you 4
2024-10-14 21:31:25.690070 Oscar: Whiskey, Papa and Quebec, sending you 3
2024-10-14 21:31:25.690673 Papa: Whiskey, Golf, Oscar and Charlie, sending you 3
2024-10-14 21:31:25.691196 Quebec: Whiskey, Golf, Papa and Oscar, sending you 4
2024-10-14 21:31:25.692050 Whiskey: Golf and Charlie, sending you 4
2024-10-14 21:31:25.692668 Yankee: Bravo, sending you 5
2024-10-14 21:31:25.693654 Bravo: Yankee, sending you 5
2024-10-14 21:31:25.694659 Papa: Quebec, sending you 5
2024-10-14 21:31:25.695092 Whiskey: Papa and Oscar, sending you 3
2024-10-14 21:31:25.695680 Oscar: Golf, sending you 2
2024-10-14 21:31:25.696130 Quebec: Charlie, sending you 3
2024-10-14 21:31:25.696697 Yankee: Zulu and Hotel, sending you 6
2024-10-14 21:31:25.698646 Whiskey: Quebec, sending you 5
2024-10-14 21:31:25.700680 Oscar: Charlie, sending you 5
2024-10-14 21:31:25.701693 Golf: Whiskey, Papa, Quebec and Charlie, sending you 4
2024-10-14 21:31:25.706186 Hotel: Bravo and Zulu, sending you 5
2024-10-14 21:31:25.706761 Charlie: Whiskey, Golf, Papa and Quebec, sending you 3
2024-10-14 21:31:25.707519 Golf: Oscar, sending you 2
2024-10-14 21:31:25.709664 Hotel: Yankee, sending you 6
2024-10-14 21:31:25.710023 Charlie: Oscar, sending you 4
chatterbot Whiskey submitting transactions
chatterbot Papa submitting transactions
chatterbot Charlie submitting transactions
chatterbot Yankee submitting transactions
chatterbot Zulu submitting transactions
chatterbot Bravo submitting transactions
chatterbot Hotel submitting transactions
chatterbot Quebec submitting transactions
chatterbot Oscar submitting transactions
chatterbot Golf submitting transactions
ChatterBot Bravo round 5
ChatterBot Whiskey round 5
ChatterBot Zulu round 5
ChatterBot Golf round 5
ChatterBot Papa round 5
ChatterBot Oscar round 5
ChatterBot Yankee round 5
ChatterBot Quebec round 5
ChatterBot Charlie round 5
ChatterBot Hotel round 5
2024-10-14 21:31:26.915706 Oscar: Whiskey, Papa and Quebec, sending you 3
2024-10-14 21:31:26.918669 Oscar: Golf, sending you 2
2024-10-14 21:31:26.920679 Zulu: Bravo and Hotel, sending you 5
2024-10-14 21:31:26.921113 Whiskey: Golf and Charlie, sending you 4
2024-10-14 21:31:26.922114 Papa: Whiskey, Golf, Oscar and Charlie, sending you 3
2024-10-14 21:31:26.922695 Bravo: Zulu and Hotel, sending you 6
2024-10-14 21:31:26.923055 Oscar: Charlie, sending you 5
2024-10-14 21:31:26.923696 Golf: Whiskey, Papa, Quebec and Charlie, sending you 4
2024-10-14 21:31:26.924675 Whiskey: Papa and Oscar, sending you 3
2024-10-14 21:31:26.925307 Quebec: Whiskey, Golf, Papa and Oscar, sending you 4
2024-10-14 21:31:26.925819 Zulu: Yankee, sending you 6
2024-10-14 21:31:26.926126 Bravo: Yankee, sending you 5
2024-10-14 21:31:26.926691 Yankee: Bravo, sending you 5
2024-10-14 21:31:26.927732 Papa: Quebec, sending you 5
2024-10-14 21:31:26.928687 Golf: Oscar, sending you 2
2024-10-14 21:31:26.929691 Whiskey: Quebec, sending you 5
2024-10-14 21:31:26.930464 Charlie: Whiskey, Golf, Papa and Quebec, sending you 3
2024-10-14 21:31:26.931434 Quebec: Charlie, sending you 3
2024-10-14 21:31:26.931879 Yankee: Zulu and Hotel, sending you 6
2024-10-14 21:31:26.933654 Charlie: Oscar, sending you 4
2024-10-14 21:31:26.934710 Hotel: Bravo and Yankee, sending you 4
2024-10-14 21:31:26.938687 Hotel: Zulu, sending you 3
chatterbot Whiskey submitting transactions
chatterbot Zulu submitting transactions
chatterbot Papa submitting transactions
chatterbot Golf submitting transactions
chatterbot Charlie submitting transactions
chatterbot Yankee submitting transactions
chatterbot Quebec submitting transactions
chatterbot Bravo submitting transactions
chatterbot Hotel submitting transactions
chatterbot Oscar submitting transactions
ChatterBot Bravo round 6
ChatterBot Whiskey round 6
ChatterBot Zulu round 6
ChatterBot Golf round 6
ChatterBot Papa round 6
ChatterBot Oscar round 6
ChatterBot Yankee round 6
ChatterBot Quebec round 6
ChatterBot Charlie round 6
ChatterBot Hotel round 6
2024-10-14 21:31:28.024705 Bravo: We should add Quebec
2024-10-14 21:31:28.033669 Zulu: No
2024-10-14 21:31:28.033840 Yankee: No
2024-10-14 21:31:28.033972 Hotel: No
ChatterBot Bravo reevaluating
ChatterBot Bravo reevaluating
ChatterBot Bravo reevaluating
2024-10-14 21:31:28.083516 Bravo: We should add Oscar
2024-10-14 21:31:28.090739 Zulu: No
2024-10-14 21:31:28.090878 Yankee: No
2024-10-14 21:31:28.090990 Hotel: No
ChatterBot Bravo reevaluating
ChatterBot Bravo reevaluating
ChatterBot Bravo reevaluating
2024-10-14 21:31:28.113112 Golf: I was attacked by Hotel
ChatterBot Papa reevaluating
ChatterBot Quebec reevaluating
ChatterBot Whiskey reevaluating
ChatterBot Oscar reevaluating
ChatterBot Charlie reevaluating
2024-10-14 21:31:28.125804 Golf: I'm keeping this round to protect myself
2024-10-14 21:31:28.126881 Golf: Ow
2024-10-14 21:31:28.127167 Zulu: Bravo and Yankee, sending you 6
2024-10-14 21:31:28.132672 Zulu: Hotel, sending you 4
2024-10-14 21:31:28.134278 Yankee: Bravo, sending you 5
2024-10-14 21:31:28.136666 Hotel: Bravo and Zulu, sending you 5
2024-10-14 21:31:28.139663 Yankee: Zulu and Hotel, sending you 6
2024-10-14 21:31:28.140006 Hotel: Yankee, sending you 6
2024-10-14 21:31:28.146164 Quebec: Whiskey, Golf, Papa and Oscar, sending you 4
2024-10-14 21:31:28.147665 Oscar: Whiskey and Papa, sending you 3
2024-10-14 21:31:28.148685 Papa: Whiskey, Golf, Oscar and Charlie, sending you 3
2024-10-14 21:31:28.150205 Quebec: Charlie, sending you 3
2024-10-14 21:31:28.151236 Charlie: Whiskey, Golf, Papa and Quebec, sending you 3
2024-10-14 21:31:28.151982 Oscar: Golf, sending you 1
2024-10-14 21:31:28.152556 Papa: Quebec, sending you 5
2024-10-14 21:31:28.156670 Charlie: Oscar, sending you 4
2024-10-14 21:31:28.158152 Oscar: Quebec, sending you 4
2024-10-14 21:31:28.161686 Oscar: Charlie, sending you 5
chatterbot Yankee submitting transactions
chatterbot Golf submitting transactions
chatterbot Zulu submitting transactions
chatterbot Charlie submitting transactions
chatterbot Bravo submitting transactions
chatterbot Whiskey submitting transactions
chatterbot Quebec submitting transactions
chatterbot Papa submitting transactions
chatterbot Oscar submitting transactions
chatterbot Hotel submitting transactions
ChatterBot Bravo round 7
ChatterBot Whiskey round 7
ChatterBot Zulu round 7
ChatterBot Golf round 7
ChatterBot Papa round 7
ChatterBot Oscar round 7
ChatterBot Yankee round 7
2024-10-14 21:31:29.238852 Bravo: We should add Charlie
ChatterBot Zulu reevaluating
2024-10-14 21:31:29.251937 Zulu: Yes
2024-10-14 21:31:29.252301 Yankee: No
2024-10-14 21:31:29.252511 Hotel: No
ChatterBot Bravo reevaluating
ChatterBot Bravo reevaluating
ChatterBot Zulu reevaluating
ChatterBot Bravo reevaluating
ChatterBot Zulu reevaluating
ChatterBot Quebec round 7
ChatterBot Charlie round 7
ChatterBot Hotel round 7
2024-10-14 21:31:29.321459 Bravo: Charlie we want you to join our group
2024-10-14 21:31:29.327363 Charlie: No
ChatterBot Bravo reevaluating
2024-10-14 21:31:29.344846 Bravo: We should add Quebec
2024-10-14 21:31:29.357056 Zulu: No
2024-10-14 21:31:29.357339 Yankee: No
2024-10-14 21:31:29.357544 Hotel: No
ChatterBot Bravo reevaluating
ChatterBot Bravo reevaluating
ChatterBot Bravo reevaluating
2024-10-14 21:31:29.390292 Bravo: We should add Oscar
2024-10-14 21:31:29.399091 Zulu: No
2024-10-14 21:31:29.399362 Yankee: No
2024-10-14 21:31:29.399772 Hotel: No
ChatterBot Bravo reevaluating
ChatterBot Bravo reevaluating
ChatterBot Bravo reevaluating
2024-10-14 21:31:29.432402 Zulu: Bravo and Hotel, sending you 5
2024-10-14 21:31:29.433268 Yankee: Bravo, sending you 5
2024-10-14 21:31:29.433699 Papa: Whiskey, Golf, Oscar and Charlie, sending you 3
2024-10-14 21:31:29.437662 Zulu: Yankee, sending you 6
2024-10-14 21:31:29.438118 Yankee: Zulu and Hotel, sending you 6
2024-10-14 21:31:29.439034 Oscar: Whiskey and Papa, sending you 3
2024-10-14 21:31:29.439607 Papa: Quebec, sending you 5
2024-10-14 21:31:29.440119 Quebec: Whiskey, Papa, Oscar and Charlie, sending you 4
2024-10-14 21:31:29.440638 Charlie: Whiskey, Golf, Papa and Quebec, sending you 3
2024-10-14 21:31:29.441381 Hotel: Bravo and Zulu, sending you 5
2024-10-14 21:31:29.443653 Oscar: Golf, sending you 1
2024-10-14 21:31:29.444683 Quebec: Golf, sending you 3
2024-10-14 21:31:29.445823 Charlie: Oscar, sending you 4
2024-10-14 21:31:29.446384 Hotel: Yankee, sending you 6
2024-10-14 21:31:29.447675 Oscar: Quebec, sending you 4
2024-10-14 21:31:29.451648 Oscar: Charlie, sending you 5
chatterbot Zulu submitting transactions
chatterbot Whiskey submitting transactions
chatterbot Oscar submitting transactions
chatterbot Hotel submitting transactions
chatterbot Quebec submitting transactions
chatterbot Golf submitting transactions
chatterbot Bravo submitting transactions
chatterbot Papa submitting transactions
chatterbot Yankee submitting transactions
chatterbot Charlie submitting transactions
ChatterBot Bravo round 8
ChatterBot Whiskey round 8
ChatterBot Zulu round 8
ChatterBot Golf round 8
ChatterBot Papa round 8
ChatterBot Oscar round 8
ChatterBot Yankee round 8
2024-10-14 21:31:30.399429 Bravo: We should add Whiskey
2024-10-14 21:31:30.415771 Zulu: No
2024-10-14 21:31:30.416069 Yankee: No
2024-10-14 21:31:30.416271 Hotel: No
ChatterBot Bravo reevaluating
ChatterBot Bravo reevaluating
ChatterBot Bravo reevaluating
ChatterBot Quebec round 8
ChatterBot Charlie round 8
ChatterBot Hotel round 8
2024-10-14 21:31:30.489183 Bravo: We should add Charlie
2024-10-14 21:31:30.503112 Zulu: No
2024-10-14 21:31:30.503809 Yankee: No
2024-10-14 21:31:30.503977 Hotel: No
ChatterBot Bravo reevaluating
ChatterBot Bravo reevaluating
ChatterBot Bravo reevaluating
2024-10-14 21:31:30.563011 Zulu: Bravo and Hotel, sending you 5
2024-10-14 21:31:30.567677 Zulu: Yankee, sending you 6
2024-10-14 21:31:30.568766 Yankee: Bravo, sending you 5
2024-10-14 21:31:30.570657 Oscar: Whiskey and Papa, sending you 3
2024-10-14 21:31:30.571907 Golf: Whiskey, Papa, Oscar and Charlie, sending you 1
2024-10-14 21:31:30.572652 Yankee: Zulu and Hotel, sending you 6
2024-10-14 21:31:30.574679 Oscar: Golf, sending you 1
2024-10-14 21:31:30.575673 Golf: Quebec, sending you 2
2024-10-14 21:31:30.577671 Hotel: Bravo and Zulu, sending you 5
2024-10-14 21:31:30.578160 Papa: Whiskey, Golf, Oscar and Charlie, sending you 3
2024-10-14 21:31:30.578951 Charlie: Whiskey, Papa and Quebec, sending you 3
2024-10-14 21:31:30.580163 Quebec: Whiskey, Papa, Oscar and Charlie, sending you 4
2024-10-14 21:31:30.580856 Oscar: Quebec, sending you 4
2024-10-14 21:31:30.581671 Hotel: Yankee, sending you 6
2024-10-14 21:31:30.582652 Papa: Quebec, sending you 5
2024-10-14 21:31:30.583670 Charlie: Golf, sending you 2
2024-10-14 21:31:30.584493 Quebec: Golf, sending you 3
2024-10-14 21:31:30.585659 Oscar: Charlie, sending you 5
2024-10-14 21:31:30.586689 Charlie: Oscar, sending you 5
chatterbot Bravo submitting transactions
chatterbot Quebec submitting transactions
chatterbot Papa submitting transactions
chatterbot Oscar submitting transactions
chatterbot Yankee submitting transactions
chatterbot Zulu submitting transactions
chatterbot Whiskey submitting transactions
chatterbot Charlie submitting transactions
chatterbot Golf submitting transactions
chatterbot Hotel submitting transactions
ChatterBot Bravo round 9
ChatterBot Whiskey round 9
ChatterBot Zulu round 9
ChatterBot Golf round 9
ChatterBot Papa round 9
ChatterBot Oscar round 9
2024-10-14 21:31:31.812887 Bravo: We should add Quebec
2024-10-14 21:31:31.823810 Zulu: No
2024-10-14 21:31:31.824019 Yankee: No
2024-10-14 21:31:31.824181 Hotel: No
ChatterBot Bravo reevaluating
ChatterBot Bravo reevaluating
ChatterBot Bravo reevaluating
ChatterBot Yankee round 9
ChatterBot Quebec round 9
ChatterBot Charlie round 9
ChatterBot Hotel round 9
2024-10-14 21:31:31.875343 Bravo: We should add Whiskey
2024-10-14 21:31:31.885959 Zulu: No
2024-10-14 21:31:31.886247 Yankee: No
2024-10-14 21:31:31.886468 Hotel: No
ChatterBot Bravo reevaluating
ChatterBot Bravo reevaluating
ChatterBot Bravo reevaluating
2024-10-14 21:31:31.938692 Golf: Whiskey, Papa, Quebec and Charlie, sending you 3
2024-10-14 21:31:31.942678 Golf: Oscar, sending you 2
2024-10-14 21:31:31.943686 Charlie: Whiskey, Papa and Quebec, sending you 3
2024-10-14 21:31:31.944864 Oscar: Whiskey and Papa, sending you 3
2024-10-14 21:31:31.946661 Quebec: Whiskey, Papa, Oscar and Charlie, sending you 4
2024-10-14 21:31:31.948667 Zulu: Bravo and Hotel, sending you 5
2024-10-14 21:31:31.949688 Charlie: Golf, sending you 2
2024-10-14 21:31:31.951214 Oscar: Golf, sending you 1
2024-10-14 21:31:31.951800 Quebec: Golf, sending you 3
2024-10-14 21:31:31.952380 Papa: Whiskey, Golf, Oscar and Charlie, sending you 3
2024-10-14 21:31:31.953319 Zulu: Yankee, sending you 6
2024-10-14 21:31:31.953754 Hotel: Bravo and Zulu, sending you 5
2024-10-14 21:31:31.954672 Charlie: Oscar, sending you 5
2024-10-14 21:31:31.955139 Oscar: Quebec, sending you 4
2024-10-14 21:31:31.956017 Yankee: Bravo, sending you 5
2024-10-14 21:31:31.956350 Papa: Quebec, sending you 5
2024-10-14 21:31:31.956878 Hotel: Yankee, sending you 6
2024-10-14 21:31:31.959658 Oscar: Charlie, sending you 5
2024-10-14 21:31:31.960660 Yankee: Zulu and Hotel, sending you 6
chatterbot Whiskey submitting transactions
chatterbot Yankee submitting transactions
chatterbot Charlie submitting transactions
chatterbot Papa submitting transactions
chatterbot Hotel submitting transactions
chatterbot Quebec submitting transactions
chatterbot Bravo submitting transactions
chatterbot Oscar submitting transactions
chatterbot Golf submitting transactions
chatterbot Zulu submitting transactions
ChatterBot Bravo round 10
ChatterBot Whiskey round 10
ChatterBot Zulu round 10
ChatterBot Golf round 10
ChatterBot Papa round 10
ChatterBot Oscar round 10
ChatterBot Yankee round 10
ChatterBot Quebec round 10
ChatterBot Charlie round 10
ChatterBot Hotel round 10
2024-10-14 21:31:33.053069 Bravo: We should add Whiskey
2024-10-14 21:31:33.070744 Zulu: No
2024-10-14 21:31:33.071074 Yankee: No
2024-10-14 21:31:33.073448 Hotel: No
ChatterBot Bravo reevaluating
ChatterBot Bravo reevaluating
ChatterBot Bravo reevaluating
2024-10-14 21:31:33.145845 Bravo: We should add Oscar
2024-10-14 21:31:33.152611 Zulu: No
2024-10-14 21:31:33.152775 Yankee: No
2024-10-14 21:31:33.152911 Hotel: No
ChatterBot Bravo reevaluating
ChatterBot Bravo reevaluating
ChatterBot Bravo reevaluating
2024-10-14 21:31:33.184699 Golf: Whiskey, sending you 3
2024-10-14 21:31:33.185513 Zulu: Bravo and Hotel, sending you 5
2024-10-14 21:31:33.186687 Papa: Whiskey, Golf, Oscar and Charlie, sending you 3
2024-10-14 21:31:33.189913 Golf: Papa, Quebec and Charlie, sending you 4
2024-10-14 21:31:33.191146 Zulu: Yankee, sending you 6
2024-10-14 21:31:33.191807 Papa: Quebec, sending you 5
2024-10-14 21:31:33.195081 Golf: Oscar, sending you 2
2024-10-14 21:31:33.200293 Oscar: Whiskey and Papa, sending you 3
2024-10-14 21:31:33.201383 Quebec: Whiskey, Papa, Oscar and Charlie, sending you 4
2024-10-14 21:31:33.202690 Hotel: Bravo and Yankee, sending you 4
2024-10-14 21:31:33.204674 Charlie: Whiskey, Papa and Quebec, sending you 3
2024-10-14 21:31:33.205264 Oscar: Golf, sending you 1
2024-10-14 21:31:33.206061 Quebec: Golf, sending you 3
2024-10-14 21:31:33.207057 Yankee: Bravo, sending you 5
2024-10-14 21:31:33.208843 Hotel: Zulu, sending you 3
2024-10-14 21:31:33.209636 Charlie: Golf, sending you 2
2024-10-14 21:31:33.210884 Oscar: Quebec, sending you 4
2024-10-14 21:31:33.213236 Yankee: Zulu and Hotel, sending you 6
2024-10-14 21:31:33.215707 Charlie: Oscar, sending you 5
2024-10-14 21:31:33.217649 Oscar: Charlie, sending you 5
chatterbot Yankee submitting transactions
chatterbot Quebec submitting transactions
chatterbot Papa submitting transactions
chatterbot Zulu submitting transactions
chatterbot Hotel submitting transactions
chatterbot Whiskey submitting transactions
chatterbot Charlie submitting transactions
chatterbot Bravo submitting transactions
chatterbot Golf submitting transactions
chatterbot Oscar submitting transactions
ChatterBot Bravo round 11
ChatterBot Whiskey round 11
ChatterBot Zulu round 11
ChatterBot Golf round 11
ChatterBot Papa round 11
ChatterBot Oscar round 11
ChatterBot Yankee round 11
ChatterBot Quebec round 11
ChatterBot Charlie round 11
ChatterBot Hotel round 11
2024-10-14 21:31:34.457708 Papa: Whiskey, Golf, Oscar and Charlie, sending you 3
2024-10-14 21:31:34.459684 Bravo: Zulu and Yankee, sending you 6
2024-10-14 21:31:34.461669 Papa: Quebec, sending you 5
2024-10-14 21:31:34.463709 Bravo: Hotel, sending you 5
2024-10-14 21:31:34.467186 Oscar: Whiskey and Papa, sending you 3
2024-10-14 21:31:34.468291 Golf: Sending you each 2
2024-10-14 21:31:34.470678 Charlie: Whiskey and Quebec, sending you 3
2024-10-14 21:31:34.471530 Zulu: Bravo and Hotel, sending you 5
2024-10-14 21:31:34.472687 Oscar: Golf, sending you 1
2024-10-14 21:31:34.474501 Yankee: Bravo, sending you 5
2024-10-14 21:31:34.475285 Zulu: Yankee, sending you 6
2024-10-14 21:31:34.475931 Charlie: Golf and Papa, sending you 2
2024-10-14 21:31:34.477669 Oscar: Quebec, sending you 4
2024-10-14 21:31:34.478699 Yankee: Zulu and Hotel, sending you 6
2024-10-14 21:31:34.479278 Hotel: Bravo and Zulu, sending you 5
2024-10-14 21:31:34.480685 Charlie: Oscar, sending you 4
2024-10-14 21:31:34.481399 Oscar: Charlie, sending you 5
2024-10-14 21:31:34.484667 Hotel: Yankee, sending you 6
2024-10-14 21:31:34.485693 Quebec: Whiskey, Papa, Oscar and Charlie, sending you 4
2024-10-14 21:31:34.490669 Quebec: Golf, sending you 3
2024-10-14 21:31:34.491445 Quebec: I was attacked by Hotel
ChatterBot Papa reevaluating
ChatterBot Whiskey reevaluating
ChatterBot Oscar reevaluating
ChatterBot Golf reevaluating
ChatterBot Charlie reevaluating
2024-10-14 21:31:34.507494 Quebec: Ow
2024-10-14 21:31:34.538672 Charlie: Whiskey, Golf, Papa and Quebec, sending you 3
chatterbot Yankee submitting transactions
chatterbot Hotel submitting transactions
chatterbot Golf submitting transactions
chatterbot Oscar submitting transactions
chatterbot Bravo submitting transactions
chatterbot Whiskey submitting transactions
chatterbot Zulu submitting transactions
chatterbot Charlie submitting transactions
chatterbot Papa submitting transactions
chatterbot Quebec submitting transactions
ChatterBot Bravo round 12
ChatterBot Whiskey round 12
ChatterBot Zulu round 12
ChatterBot Golf round 12
ChatterBot Papa round 12
ChatterBot Oscar round 12
ChatterBot Yankee round 12
ChatterBot Quebec round 12
ChatterBot Charlie round 12
ChatterBot Hotel round 12
2024-10-14 21:31:35.719690 Whiskey: We should add Yankee
2024-10-14 21:31:35.747166 Papa: No
2024-10-14 21:31:35.747485 Quebec: No
2024-10-14 21:31:35.747768 Oscar: No
2024-10-14 21:31:35.747996 Golf: No
2024-10-14 21:31:35.748596 Charlie: No
ChatterBot Whiskey reevaluating
ChatterBot Whiskey reevaluating
ChatterBot Whiskey reevaluating
ChatterBot Whiskey reevaluating
ChatterBot Whiskey reevaluating
2024-10-14 21:31:35.816252 Bravo: We should add Charlie
2024-10-14 21:31:35.823155 Zulu: No
2024-10-14 21:31:35.823302 Yankee: No
2024-10-14 21:31:35.823422 Hotel: No
ChatterBot Bravo reevaluating
ChatterBot Bravo reevaluating
ChatterBot Bravo reevaluating
2024-10-14 21:31:35.854699 Bravo: We should add Oscar
2024-10-14 21:31:35.860591 Zulu: No
2024-10-14 21:31:35.861128 Yankee: No
2024-10-14 21:31:35.861251 Hotel: No
ChatterBot Bravo reevaluating
ChatterBot Bravo reevaluating
ChatterBot Bravo reevaluating
2024-10-14 21:31:35.882671 Papa: Whiskey, Golf, Oscar and Charlie, sending you 3
2024-10-14 21:31:35.883569 Zulu: Bravo and Hotel, sending you 5
2024-10-14 21:31:35.884513 Yankee: Bravo, sending you 5
2024-10-14 21:31:35.885154 Oscar: Whiskey and Papa, sending you 3
2024-10-14 21:31:35.887671 Papa: Quebec, sending you 5
2024-10-14 21:31:35.888492 Zulu: Yankee, sending you 6
2024-10-14 21:31:35.889015 Yankee: Zulu and Hotel, sending you 6
2024-10-14 21:31:35.890660 Oscar: Golf, sending you 1
2024-10-14 21:31:35.891643 Hotel: Bravo, sending you 3
2024-10-14 21:31:35.894654 Oscar: Quebec, sending you 4
2024-10-14 21:31:35.895701 Hotel: Zulu and Yankee, sending you 4
2024-10-14 21:31:35.896306 Hotel: I was attacked by Golf
ChatterBot Bravo reevaluating
ChatterBot Zulu reevaluating
ChatterBot Yankee reevaluating
2024-10-14 21:31:35.903512 Hotel: Ow
2024-10-14 21:31:35.904536 Bravo: We should add Papa
ChatterBot Zulu reevaluating
ChatterBot Yankee reevaluating
2024-10-14 21:31:35.911223 Zulu: No
2024-10-14 21:31:35.911377 Yankee: No
2024-10-14 21:31:35.911490 Hotel: No
ChatterBot Bravo reevaluating
ChatterBot Yankee reevaluating
ChatterBot Bravo reevaluating
ChatterBot Zulu reevaluating
ChatterBot Bravo reevaluating
ChatterBot Zulu reevaluating
ChatterBot Yankee reevaluating
2024-10-14 21:31:35.936369 Golf: Whiskey, Papa, Quebec and Charlie, sending you 4
2024-10-14 21:31:35.937251 Oscar: Charlie, sending you 5
2024-10-14 21:31:35.941654 Golf: Oscar, sending you 2
2024-10-14 21:31:35.942998 Quebec: Whiskey, Papa, Oscar and Charlie, sending you 4
2024-10-14 21:31:35.943747 Charlie: Whiskey, Papa and Quebec, sending you 3
2024-10-14 21:31:35.944546 Bravo: Oscar we want you to join our group
2024-10-14 21:31:35.947736 Oscar: No
ChatterBot Zulu reevaluating
ChatterBot Bravo reevaluating
ChatterBot Yankee reevaluating
2024-10-14 21:31:35.965900 Quebec: Golf, sending you 3
2024-10-14 21:31:35.966902 Charlie: Golf, sending you 2
2024-10-14 21:31:35.969650 Charlie: Oscar, sending you 5
2024-10-14 21:31:35.988693 Bravo: Zulu, Yankee and Hotel, sending you 5
2024-10-14 21:31:35.993654 Bravo: Oscar, sending you 2
chatterbot Zulu submitting transactions
chatterbot Golf submitting transactions
chatterbot Whiskey submitting transactions
chatterbot Papa submitting transactions
chatterbot Hotel submitting transactions
chatterbot Quebec submitting transactions
chatterbot Bravo submitting transactions
chatterbot Oscar submitting transactions
chatterbot Charlie submitting transactions
chatterbot Yankee submitting transactions
ChatterBot Bravo round 13
ChatterBot Whiskey round 13
ChatterBot Zulu round 13
ChatterBot Golf round 13
ChatterBot Papa round 13
ChatterBot Oscar round 13
2024-10-14 21:31:37.162875 Bravo: We should replace Oscar with Charlie
2024-10-14 21:31:37.173509 Zulu: No
2024-10-14 21:31:37.173703 Yankee: No
2024-10-14 21:31:37.173866 Hotel: No
ChatterBot Bravo reevaluating
ChatterBot Bravo reevaluating
ChatterBot Bravo reevaluating
ChatterBot Yankee round 13
ChatterBot Quebec round 13
ChatterBot Charlie round 13
ChatterBot Hotel round 13
2024-10-14 21:31:37.229075 Bravo: We should drop Oscar
2024-10-14 21:31:37.236439 Zulu: Yes
2024-10-14 21:31:37.236588 Yankee: Yes
2024-10-14 21:31:37.236720 Hotel: Yes
ChatterBot Bravo reevaluating
ChatterBot Bravo reevaluating
ChatterBot Bravo reevaluating
ChatterBot Zulu reevaluating
2024-10-14 21:31:37.261650 Papa: Whiskey, Golf, Oscar and Charlie, sending you 3
2024-10-14 21:31:37.265184 Zulu: We should drop Hotel
ChatterBot Bravo reevaluating
2024-10-14 21:31:37.271680 Bravo: No
2024-10-14 21:31:37.271933 Yankee: No
ChatterBot Zulu reevaluating
ChatterBot Zulu reevaluating
ChatterBot Bravo reevaluating
2024-10-14 21:31:37.287637 Bravo: We should replace Oscar with Papa
ChatterBot Zulu reevaluating
2024-10-14 21:31:37.297728 Zulu: No
2024-10-14 21:31:37.297912 Yankee: No
2024-10-14 21:31:37.298095 Hotel: No
ChatterBot Bravo reevaluating
ChatterBot Bravo reevaluating
ChatterBot Zulu reevaluating
ChatterBot Bravo reevaluating
ChatterBot Zulu reevaluating
2024-10-14 21:31:37.325195 Papa: Quebec, sending you 5
2024-10-14 21:31:37.328688 Yankee: Bravo, sending you 5
2024-10-14 21:31:37.329551 Oscar: Whiskey and Papa, sending you 3
2024-10-14 21:31:37.330591 Charlie: Whiskey and Quebec, sending you 3
2024-10-14 21:31:37.332064 Quebec: Sending you each 1
2024-10-14 21:31:37.333310 Quebec: I was attacked by Hotel
ChatterBot Papa reevaluating
ChatterBot Whiskey reevaluating
ChatterBot Oscar reevaluating
ChatterBot Golf reevaluating
ChatterBot Charlie reevaluating
2024-10-14 21:31:37.358499 Quebec: Ow
2024-10-14 21:31:37.359901 Hotel: Bravo and Zulu, sending you 5
2024-10-14 21:31:37.360845 Bravo: Papa we want you to join our group
ChatterBot Papa reevaluating
2024-10-14 21:31:37.365711 Papa: No
ChatterBot Bravo reevaluating
ChatterBot Zulu reevaluating
2024-10-14 21:31:37.378041 Yankee: Zulu and Hotel, sending you 6
2024-10-14 21:31:37.379306 Hotel: Yankee, sending you 6
2024-10-14 21:31:37.400663 Zulu: Bravo and Hotel, sending you 5
2024-10-14 21:31:37.404676 Zulu: Yankee, sending you 6
2024-10-14 21:31:37.406656 Bravo: Zulu and Yankee, sending you 5
2024-10-14 21:31:37.410885 Bravo: Oscar, sending you 3
2024-10-14 21:31:37.416670 Bravo: Hotel, sending you 4
chatterbot Yankee submitting transactions
chatterbot Hotel submitting transactions
chatterbot Quebec submitting transactions
chatterbot Golf submitting transactions
chatterbot Charlie submitting transactions
chatterbot Papa submitting transactions
chatterbot Whiskey submitting transactions
chatterbot Bravo submitting transactions
chatterbot Zulu submitting transactions
chatterbot Oscar submitting transactions
ChatterBot Bravo round 14
ChatterBot Whiskey round 14
ChatterBot Zulu round 14
ChatterBot Golf round 14
2024-10-14 21:31:38.418569 Golf: Can we be friends?
ChatterBot Bravo reevaluating
ChatterBot Zulu reevaluating
2024-10-14 21:31:38.432223 Bravo: No
2024-10-14 21:31:38.432441 Zulu: Yes
2024-10-14 21:31:38.432579 Yankee: No
2024-10-14 21:31:38.432717 Hotel: No
ChatterBot Golf reevaluating
ChatterBot Zulu reevaluating
ChatterBot Golf reevaluating
ChatterBot Bravo reevaluating
ChatterBot Golf reevaluating
ChatterBot Bravo reevaluating
ChatterBot Zulu reevaluating
ChatterBot Golf reevaluating
ChatterBot Bravo reevaluating
ChatterBot Zulu reevaluating
ChatterBot Papa round 14
ChatterBot Oscar round 14
ChatterBot Yankee round 14
ChatterBot Quebec round 14
ChatterBot Charlie round 14
ChatterBot Hotel round 14
2024-10-14 21:31:38.495 Bravo: We should replace Oscar with Golf
ChatterBot Zulu reevaluating
2024-10-14 21:31:38.507632 Zulu: Yes
2024-10-14 21:31:38.507903 Yankee: No
2024-10-14 21:31:38.508113 Hotel: No
ChatterBot Bravo reevaluating
ChatterBot Hotel reevaluating
ChatterBot Bravo reevaluating
ChatterBot Zulu reevaluating
ChatterBot Hotel reevaluating
ChatterBot Bravo reevaluating
