ChatterBot Uniform round 1
ChatterBot Hotel round 1
ChatterBot Juliett round 1
ChatterBot Alpha round 1
ChatterBot Yankee round 1
ChatterBot Zulu round 1
ChatterBot Tango round 1
ChatterBot Echo round 1
ChatterBot Foxtrot round 1
ChatterBot Delta round 1
randomSelections Zulu: {Zulu, Alpha, Echo, Juliett, Hotel, Uniform} 
2024-10-14 21:31:18.611875 Zulu: Can we be friends?
ChatterBot Alpha reevaluating
ChatterBot Echo reevaluating
ChatterBot Juliett reevaluating
ChatterBot Hotel reevaluating
ChatterBot Uniform reevaluating
2024-10-14 21:31:18.626329 Alpha: Yes
2024-10-14 21:31:18.626463 Echo: Yes
2024-10-14 21:31:18.626579 Juliett: Yes
2024-10-14 21:31:18.626728 Hotel: Yes
2024-10-14 21:31:18.626844 Uniform: Yes
ChatterBot Echo reevaluating
ChatterBot Juliett reevaluating
ChatterBot Hotel reevaluating
ChatterBot Uniform reevaluating
ChatterBot Alpha reevaluating
ChatterBot Juliett reevaluating
ChatterBot Hotel reevaluating
ChatterBot Uniform reevaluating
ChatterBot Alpha reevaluating
ChatterBot Echo reevaluating
ChatterBot Hotel reevaluating
ChatterBot Uniform reevaluating
ChatterBot Alpha reevaluating
ChatterBot Echo reevaluating
ChatterBot Juliett reevaluating
ChatterBot Uniform reevaluating
ChatterBot Alpha reevaluating
ChatterBot Echo reevaluating
ChatterBot Juliett reevaluating
ChatterBot Hotel reevaluating
randomSelections Foxtrot: {Foxtrot, Delta, Tango, Alpha, Echo, Zulu, Uniform} 
2024-10-14 21:31:18.769201 Foxtrot: We would work well together
ChatterBot Delta reevaluating
ChatterBot Tango reevaluating
ChatterBot Alpha reevaluating
ChatterBot Echo reevaluating
ChatterBot Uniform reevaluating
2024-10-14 21:31:18.784683 Delta: Yes
2024-10-14 21:31:18.784944 Tango: Yes
2024-10-14 21:31:18.785104 Alpha: No
2024-10-14 21:31:18.785362 Echo: No
2024-10-14 21:31:18.786165 Zulu: No
2024-10-14 21:31:18.786397 Uniform: No
ChatterBot Tango reevaluating
ChatterBot Alpha reevaluating
ChatterBot Echo reevaluating
ChatterBot Uniform reevaluating
ChatterBot Delta reevaluating
ChatterBot Alpha reevaluating
ChatterBot Echo reevaluating
ChatterBot Uniform reevaluating
ChatterBot Delta reevaluating
ChatterBot Tango reevaluating
ChatterBot Echo reevaluating
ChatterBot Uniform reevaluating
ChatterBot Delta reevaluating
ChatterBot Tango reevaluating
ChatterBot Alpha reevaluating
ChatterBot Uniform reevaluating
ChatterBot Delta reevaluating
ChatterBot Tango reevaluating
ChatterBot Alpha reevaluating
ChatterBot Echo reevaluating
ChatterBot Uniform reevaluating
ChatterBot Delta reevaluating
ChatterBot Tango reevaluating
ChatterBot Alpha reevaluating
ChatterBot Echo reevaluating
randomSelections Yankee: {Yankee, Hotel, Zulu, Echo, Juliett, Uniform} 
2024-10-14 21:31:18.868051 Yankee: Let's form a team
ChatterBot Hotel reevaluating
ChatterBot Echo reevaluating
ChatterBot Juliett reevaluating
ChatterBot Uniform reevaluating
2024-10-14 21:31:18.874937 Hotel: No
2024-10-14 21:31:18.876277 Zulu: No
2024-10-14 21:31:18.876632 Echo: No
2024-10-14 21:31:18.876902 Juliett: No
2024-10-14 21:31:18.877150 Uniform: No
ChatterBot Echo reevaluating
ChatterBot Juliett reevaluating
ChatterBot Uniform reevaluating
ChatterBot Hotel reevaluating
ChatterBot Echo reevaluating
ChatterBot Juliett reevaluating
ChatterBot Uniform reevaluating
ChatterBot Hotel reevaluating
ChatterBot Juliett reevaluating
ChatterBot Uniform reevaluating
ChatterBot Hotel reevaluating
ChatterBot Echo reevaluating
ChatterBot Uniform reevaluating
ChatterBot Hotel reevaluating
ChatterBot Echo reevaluating
ChatterBot Juliett reevaluating
2024-10-14 21:31:18.939689 Alpha: Uniform and Juliett, sending you 6
2024-10-14 21:31:18.942687 Uniform: Hotel and Juliett, sending you 2
2024-10-14 21:31:18.947896 Hotel: Uniform, sending you 2
2024-10-14 21:31:18.950242 Foxtrot: Uniform and Alpha, sending you 4
2024-10-14 21:31:18.951197 Tango: Alpha, sending you 4
2024-10-14 21:31:18.952464 Yankee: Uniform, sending you 2
2024-10-14 21:31:18.953303 Alpha: Hotel and Zulu, sending you 2
2024-10-14 21:31:18.954818 Uniform: Alpha, sending you 4
2024-10-14 21:31:18.955316 Zulu: Uniform and Hotel, sending you 3
2024-10-14 21:31:18.957117 Hotel: Zulu, sending you 1
2024-10-14 21:31:18.959046 Delta: Uniform and Tango, sending you 3
2024-10-14 21:31:18.960190 Tango: Zulu, Echo and Foxtrot, sending you 2
2024-10-14 21:31:18.962271 Foxtrot: Zulu and Echo, sending you 2
2024-10-14 21:31:18.964694 Juliett: Uniform, sending you 2
2024-10-14 21:31:18.965449 Yankee: Hotel and Zulu, sending you 3
2024-10-14 21:31:18.967698 Echo: Uniform and Alpha, sending you 3
2024-10-14 21:31:18.968228 Alpha: Echo, sending you 1
2024-10-14 21:31:18.968634 Uniform: Zulu, sending you 5
2024-10-14 21:31:18.970647 Zulu: Juliett, sending you 5
2024-10-14 21:31:18.971214 Hotel: Echo, sending you 4
2024-10-14 21:31:18.971958 Delta: Alpha and Zulu, sending you 1
2024-10-14 21:31:18.972463 Tango: Delta, sending you 3
2024-10-14 21:31:18.973902 Foxtrot: Delta, sending you 5
2024-10-14 21:31:18.974538 Juliett: Hotel, sending you 3
2024-10-14 21:31:18.975313 Yankee: Echo, sending you 8
2024-10-14 21:31:18.977275 Echo: Hotel, sending you 5
2024-10-14 21:31:18.978020 Uniform: Echo, sending you 3
2024-10-14 21:31:18.979731 Zulu: Alpha, sending you 6
2024-10-14 21:31:18.980116 Delta: Echo, sending you 4
2024-10-14 21:31:18.980518 Juliett: Zulu, sending you 7
2024-10-14 21:31:18.982836 Echo: Juliett, sending you 4
2024-10-14 21:31:18.983673 Zulu: Echo, sending you 2
2024-10-14 21:31:18.985055 Delta: Foxtrot, sending you 5
2024-10-14 21:31:18.985701 Juliett: Echo, sending you 4
chatterbot Zulu submitting transactions
chatterbot Alpha submitting transactions
chatterbot Tango submitting transactions
chatterbot Foxtrot submitting transactions
chatterbot Delta submitting transactions
chatterbot Juliett submitting transactions
chatterbot Echo submitting transactions
chatterbot Uniform submitting transactions
chatterbot Hotel submitting transactions
chatterbot Yankee submitting transactions
ChatterBot Uniform round 2
ChatterBot Hotel round 2
ChatterBot Juliett round 2
ChatterBot Alpha round 2
ChatterBot Yankee round 2
ChatterBot Zulu round 2
ChatterBot Tango round 2
ChatterBot Echo round 2
ChatterBot Foxtrot round 2
ChatterBot Delta round 2
2024-10-14 21:31:20.460670 Hotel: We should add Yankee
ChatterBot Zulu reevaluating
ChatterBot Alpha reevaluating
ChatterBot Echo reevaluating
ChatterBot Juliett reevaluating
ChatterBot Uniform reevaluating
2024-10-14 21:31:20.490085 Zulu: Yes
2024-10-14 21:31:20.490433 Alpha: Yes
2024-10-14 21:31:20.490670 Echo: Yes
2024-10-14 21:31:20.491282 Juliett: No
2024-10-14 21:31:20.491482 Uniform: Yes
ChatterBot Alpha reevaluating
ChatterBot Echo reevaluating
ChatterBot Juliett reevaluating
ChatterBot Uniform reevaluating
ChatterBot Zulu reevaluating
ChatterBot Echo reevaluating
ChatterBot Juliett reevaluating
ChatterBot Uniform reevaluating
ChatterBot Zulu reevaluating
ChatterBot Alpha reevaluating
ChatterBot Juliett reevaluating
ChatterBot Uniform reevaluating
ChatterBot Zulu reevaluating
ChatterBot Alpha reevaluating
ChatterBot Echo reevaluating
ChatterBot Uniform reevaluating
ChatterBot Zulu reevaluating
ChatterBot Alpha reevaluating
ChatterBot Echo reevaluating
ChatterBot Juliett reevaluating
2024-10-14 21:31:20.731926 Uniform: We should add Yankee and Foxtrot
ChatterBot Zulu reevaluating
ChatterBot Alpha reevaluating
ChatterBot Echo reevaluating
ChatterBot Juliett reevaluating
2024-10-14 21:31:20.783352 Zulu: Yes
2024-10-14 21:31:20.783571 Alpha: Yes
2024-10-14 21:31:20.783752 Echo: No
2024-10-14 21:31:20.784367 Juliett: No
2024-10-14 21:31:20.784512 Hotel: No
ChatterBot Alpha reevaluating
ChatterBot Echo reevaluating
ChatterBot Juliett reevaluating
ChatterBot Uniform reevaluating
ChatterBot Zulu reevaluating
ChatterBot Echo reevaluating
ChatterBot Juliett reevaluating
ChatterBot Uniform reevaluating
ChatterBot Zulu reevaluating
ChatterBot Alpha reevaluating
ChatterBot Juliett reevaluating
ChatterBot Uniform reevaluating
ChatterBot Zulu reevaluating
ChatterBot Alpha reevaluating
ChatterBot Echo reevaluating
ChatterBot Uniform reevaluating
ChatterBot Zulu reevaluating
ChatterBot Alpha reevaluating
ChatterBot Echo reevaluating
ChatterBot Juliett reevaluating
ChatterBot Uniform reevaluating
2024-10-14 21:31:21.033624 Yankee: Let's form a team
ChatterBot Echo reevaluating
2024-10-14 21:31:21.041490 Echo: Yes
ChatterBot Yankee reevaluating
2024-10-14 21:31:21.049859 Yankee: Can we be friends?
ChatterBot Tango reevaluating
ChatterBot Foxtrot reevaluating
ChatterBot Delta reevaluating
2024-10-14 21:31:21.066144 Tango: Yes
2024-10-14 21:31:21.066448 Foxtrot: Yes
2024-10-14 21:31:21.066671 Delta: Yes
ChatterBot Yankee reevaluating
ChatterBot Foxtrot reevaluating
ChatterBot Delta reevaluating
ChatterBot Yankee reevaluating
ChatterBot Tango reevaluating
ChatterBot Delta reevaluating
ChatterBot Yankee reevaluating
ChatterBot Tango reevaluating
ChatterBot Foxtrot reevaluating
2024-10-14 21:31:21.123148 Foxtrot: Friends?
ChatterBot Yankee reevaluating
ChatterBot Tango reevaluating
ChatterBot Delta reevaluating
2024-10-14 21:31:21.139954 Yankee: Yes
2024-10-14 21:31:21.140136 Tango: Yes
2024-10-14 21:31:21.140283 Delta: Yes
ChatterBot Tango reevaluating
ChatterBot Foxtrot reevaluating
ChatterBot Delta reevaluating
ChatterBot Yankee reevaluating
ChatterBot Foxtrot reevaluating
ChatterBot Delta reevaluating
ChatterBot Yankee reevaluating
ChatterBot Tango reevaluating
ChatterBot Foxtrot reevaluating
2024-10-14 21:31:21.214897 Hotel: Yankee we want you to join our group
ChatterBot Yankee reevaluating
2024-10-14 21:31:21.222125 Yankee: No
ChatterBot Uniform reevaluating
ChatterBot Alpha reevaluating
ChatterBot Juliett reevaluating
ChatterBot Zulu reevaluating
ChatterBot Echo reevaluating
2024-10-14 21:31:21.259856 Zulu: We should add Yankee and Tango
ChatterBot Juliett reevaluating
ChatterBot Uniform reevaluating
2024-10-14 21:31:21.290148 Alpha: Yes
2024-10-14 21:31:21.290420 Echo: No
2024-10-14 21:31:21.291003 Juliett: No
2024-10-14 21:31:21.291134 Hotel: No
2024-10-14 21:31:21.291248 Uniform: No
ChatterBot Zulu reevaluating
ChatterBot Juliett reevaluating
ChatterBot Uniform reevaluating
ChatterBot Zulu reevaluating
ChatterBot Juliett reevaluating
ChatterBot Uniform reevaluating
ChatterBot Zulu reevaluating
ChatterBot Uniform reevaluating
ChatterBot Zulu reevaluating
ChatterBot Juliett reevaluating
ChatterBot Uniform reevaluating
ChatterBot Zulu reevaluating
ChatterBot Juliett reevaluating
2024-10-14 21:31:22.013331 Zulu: Yankee we want you to join our group
ChatterBot Yankee reevaluating
2024-10-14 21:31:22.019949 Yankee: No
ChatterBot Zulu reevaluating
2024-10-14 21:31:22.052537 Uniform: Yankee and Foxtrot we want you to join our group
ChatterBot Yankee reevaluating
2024-10-14 21:31:22.062405 Yankee: No
2024-10-14 21:31:22.062566 Foxtrot: No
ChatterBot Zulu reevaluating
ChatterBot Zulu reevaluating
ChatterBot Yankee reevaluating
2024-10-14 21:31:22.133499 Echo: Yankee we want you to join our group
ChatterBot Yankee reevaluating
2024-10-14 21:31:22.140053 Yankee: No
ChatterBot Zulu reevaluating
chatterbot Delta submitting transactions
chatterbot Alpha submitting transactions
chatterbot Hotel submitting transactions
chatterbot Echo submitting transactions
2024-10-14 21:31:22.172216 Delta: Yankee, sending you 4
2024-10-14 21:31:22.172540 Tango: Yankee and Foxtrot, sending you 4
chatterbot Tango submitting transactions
2024-10-14 21:31:22.426114 Alpha: Uniform, Tango and Foxtrot, sending you 3
2024-10-14 21:31:22.427693 Foxtrot: Yankee, sending you 2
2024-10-14 21:31:22.429172 Hotel: Uniform, sending you 2
2024-10-14 21:31:22.429967 Delta: Tango, sending you 6
2024-10-14 21:31:22.430996 Tango: Delta, sending you 8
2024-10-14 21:31:22.431494 Juliett: Uniform, sending you 1
chatterbot Foxtrot submitting transactions
chatterbot Yankee submitting transactions
chatterbot Uniform submitting transactions
2024-10-14 21:31:22.433567 Alpha: Zulu, sending you 5
2024-10-14 21:31:22.434692 Foxtrot: Tango, sending you 5
2024-10-14 21:31:22.435172 Delta: Foxtrot, sending you 7
2024-10-14 21:31:22.435572 Hotel: Juliett, Yankee, Zulu and Echo, sending you 3
2024-10-14 21:31:22.436747 Echo: Uniform, Hotel and Juliett, sending you 3
2024-10-14 21:31:22.437452 Juliett: Alpha, sending you 6
2024-10-14 21:31:22.438580 Uniform: Hotel, Juliett and Yankee, sending you 2
2024-10-14 21:31:22.439146 Alpha: Echo, sending you 2
2024-10-14 21:31:22.440368 Foxtrot: Delta, sending you 10
2024-10-14 21:31:22.511334 Hotel: Alpha, sending you 1
2024-10-14 21:31:22.513242 Echo: Alpha, sending you 1
2024-10-14 21:31:22.514288 Juliett: Zulu, sending you 5
2024-10-14 21:31:22.515546 Uniform: Alpha, Zulu, Echo and Foxtrot, sending you 3
2024-10-14 21:31:22.517233 Alpha: Delta, sending you 1
2024-10-14 21:31:22.519041 Yankee: Tango, sending you 6
2024-10-14 21:31:22.521688 Echo: Yankee, sending you 7
2024-10-14 21:31:22.525797 Juliett: Echo, sending you 4
2024-10-14 21:31:22.529299 Zulu: Uniform and Juliett, sending you 4
2024-10-14 21:31:22.530132 Yankee: Foxtrot and Delta, sending you 5
2024-10-14 21:31:22.531691 Echo: Zulu, sending you 2
2024-10-14 21:31:22.553023 Zulu: Hotel, Alpha and Yankee, sending you 3
chatterbot Yankee submitting transactions
2024-10-14 21:31:22.576412 Zulu: Echo, sending you 2
chatterbot Juliett submitting transactions
chatterbot Zulu submitting transactions
ChatterBot Uniform round 3
ChatterBot Hotel round 3
ChatterBot Juliett round 3
ChatterBot Alpha round 3
ChatterBot Yankee round 3
ChatterBot Zulu round 3
ChatterBot Tango round 3
ChatterBot Echo round 3
ChatterBot Foxtrot round 3
ChatterBot Delta round 3
2024-10-14 21:31:23.475690 Uniform: We should drop Foxtrot
ChatterBot Echo reevaluating
2024-10-14 21:31:23.496395 Hotel: Yes
2024-10-14 21:31:23.496634 Alpha: Yes
2024-10-14 21:31:23.496889 Juliett: Yes
2024-10-14 21:31:23.497114 Zulu: Yes
2024-10-14 21:31:23.497733 Yankee: No
2024-10-14 21:31:23.497906 Echo: Yes
ChatterBot Echo reevaluating
ChatterBot Echo reevaluating
ChatterBot Echo reevaluating
ChatterBot Echo reevaluating
ChatterBot Hotel reevaluating
ChatterBot Echo reevaluating
ChatterBot Hotel reevaluating
2024-10-14 21:31:23.724129 Hotel: We should drop Yankee
2024-10-14 21:31:23.751597 Zulu: No
2024-10-14 21:31:23.751815 Alpha: Yes
2024-10-14 21:31:23.751982 Echo: Yes
2024-10-14 21:31:23.752192 Juliett: Yes
2024-10-14 21:31:23.752785 Uniform: No
ChatterBot Echo reevaluating
ChatterBot Hotel reevaluating
ChatterBot Echo reevaluating
ChatterBot Hotel reevaluating
ChatterBot Hotel reevaluating
ChatterBot Echo reevaluating
ChatterBot Hotel reevaluating
ChatterBot Echo reevaluating
ChatterBot Hotel reevaluating
2024-10-14 21:31:23.972560 Yankee: Tango and Foxtrot, sending you 5
2024-10-14 21:31:24.002928 Alpha: Uniform and Juliett, sending you 4
2024-10-14 21:31:24.004547 Juliett: Uniform and Hotel, sending you 2
2024-10-14 21:31:24.005786 Uniform: Hotel, Juliett, Zulu and Echo, sending you 3
2024-10-14 21:31:24.006902 Yankee: Delta, sending you 6
2024-10-14 21:31:24.007375 Zulu: Uniform, Hotel, Alpha, Yankee and Echo, sending you 3
2024-10-14 21:31:24.008453 Tango: Yankee and Foxtrot, sending you 5
2024-10-14 21:31:24.008876 Foxtrot: Yankee, sending you 4
2024-10-14 21:31:24.009301 Delta: Yankee, sending you 5
chatterbot Zulu submitting transactions
2024-10-14 21:31:24.010931 Alpha: Hotel, sending you 1
2024-10-14 21:31:24.011947 Juliett: Alpha, sending you 3
2024-10-14 21:31:24.012585 Zulu: Juliett, sending you 4
2024-10-14 21:31:24.013531 Uniform: Alpha, sending you 4
2024-10-14 21:31:24.014022 Foxtrot: Tango, sending you 5
2024-10-14 21:31:24.014320 Tango: Delta, sending you 6
2024-10-14 21:31:24.015169 Delta: Tango and Foxtrot, sending you 6
2024-10-14 21:31:24.031580 Juliett: Zulu, sending you 5
2024-10-14 21:31:24.032999 Alpha: Zulu, sending you 5
2024-10-14 21:31:24.034575 Uniform: Yankee, sending you 2
2024-10-14 21:31:24.035850 Foxtrot: Delta, sending you 8
chatterbot Alpha submitting transactions
2024-10-14 21:31:24.037695 Juliett: Echo, sending you 4
2024-10-14 21:31:24.064091 Alpha: Echo, sending you 3
2024-10-14 21:31:24.085077 Echo: Uniform, sending you 4
2024-10-14 21:31:24.086484 Hotel: Uniform, Juliett and Zulu, sending you 3
2024-10-14 21:31:24.115967 Echo: Hotel and Juliett, sending you 5
2024-10-14 21:31:24.118119 Hotel: Alpha, sending you 2
2024-10-14 21:31:24.137270 Echo: Alpha, sending you 2
2024-10-14 21:31:24.140925 Hotel: Echo, sending you 4
chatterbot Foxtrot submitting transactions
2024-10-14 21:31:24.149821 Echo: Zulu, sending you 3
chatterbot Yankee submitting transactions
chatterbot Hotel submitting transactions
chatterbot Uniform submitting transactions
chatterbot Juliett submitting transactions
chatterbot Delta submitting transactions
chatterbot Tango submitting transactions
chatterbot Echo submitting transactions
ChatterBot Uniform round 4
ChatterBot Hotel round 4
ChatterBot Juliett round 4
ChatterBot Alpha round 4
ChatterBot Yankee round 4
ChatterBot Zulu round 4
ChatterBot Tango round 4
ChatterBot Echo round 4
ChatterBot Foxtrot round 4
ChatterBot Delta round 4
2024-10-14 21:31:25.150671 Juliett: Uniform and Hotel, sending you 2
2024-10-14 21:31:25.155037 Juliett: Alpha, sending you 3
2024-10-14 21:31:25.157701 Juliett: Zulu, sending you 4
2024-10-14 21:31:25.158888 Hotel: Uniform, Juliett and Zulu, sending you 3
2024-10-14 21:31:25.160358 Zulu: Uniform, Hotel, Alpha, Yankee and Echo, sending you 3
2024-10-14 21:31:25.161149 Tango: Yankee and Foxtrot, sending you 5
2024-10-14 21:31:25.162277 Yankee: Tango and Foxtrot, sending you 5
2024-10-14 21:31:25.162786 Uniform: Hotel, Juliett, Zulu and Echo, sending you 3
2024-10-14 21:31:25.164332 Juliett: Echo, sending you 5
2024-10-14 21:31:25.165131 Hotel: Alpha, sending you 2
2024-10-14 21:31:25.165832 Zulu: Juliett, sending you 4
2024-10-14 21:31:25.167040 Tango: Delta, sending you 6
2024-10-14 21:31:25.167438 Foxtrot: Yankee and Tango, sending you 5
2024-10-14 21:31:25.168401 Yankee: Delta, sending you 6
2024-10-14 21:31:25.168777 Delta: Yankee, sending you 5
2024-10-14 21:31:25.169217 Uniform: Alpha, sending you 4
2024-10-14 21:31:25.170590 Hotel: Echo, sending you 4
2024-10-14 21:31:25.171352 Foxtrot: Delta, sending you 7
2024-10-14 21:31:25.171824 Alpha: Uniform and Juliett, sending you 4
2024-10-14 21:31:25.173313 Uniform: Yankee, sending you 2
2024-10-14 21:31:25.173849 Delta: Tango and Foxtrot, sending you 6
2024-10-14 21:31:25.177679 Alpha: Hotel, sending you 1
2024-10-14 21:31:25.179167 Echo: Uniform, sending you 4
2024-10-14 21:31:25.183684 Alpha: Zulu, sending you 5
2024-10-14 21:31:25.185247 Echo: Hotel and Juliett, sending you 5
2024-10-14 21:31:25.187676 Alpha: Echo, sending you 3
2024-10-14 21:31:25.189226 Echo: Alpha, sending you 2
2024-10-14 21:31:25.192706 Echo: Zulu, sending you 3
chatterbot Alpha submitting transactions
chatterbot Tango submitting transactions
chatterbot Foxtrot submitting transactions
chatterbot Hotel submitting transactions
chatterbot Juliett submitting transactions
chatterbot Uniform submitting transactions
chatterbot Yankee submitting transactions
chatterbot Delta submitting transactions
chatterbot Echo submitting transactions
chatterbot Zulu submitting transactions
ChatterBot Uniform round 5
ChatterBot Hotel round 5
ChatterBot Juliett round 5
ChatterBot Alpha round 5
ChatterBot Yankee round 5
ChatterBot Zulu round 5
ChatterBot Tango round 5
ChatterBot Echo round 5
ChatterBot Foxtrot round 5
ChatterBot Delta round 5
2024-10-14 21:31:26.423136 Zulu: We should drop Yankee
ChatterBot Uniform reevaluating
2024-10-14 21:31:26.441014 Alpha: Yes
2024-10-14 21:31:26.441202 Echo: Yes
2024-10-14 21:31:26.441374 Juliett: Yes
2024-10-14 21:31:26.441998 Hotel: Yes
2024-10-14 21:31:26.442204 Uniform: Yes
ChatterBot Uniform reevaluating
ChatterBot Uniform reevaluating
ChatterBot Uniform reevaluating
ChatterBot Uniform reevaluating
2024-10-14 21:31:26.515631 Uniform: We should replace Yankee with Tango
2024-10-14 21:31:26.525421 Zulu: No
2024-10-14 21:31:26.525564 Alpha: No
2024-10-14 21:31:26.525681 Echo: No
2024-10-14 21:31:26.525894 Juliett: No
2024-10-14 21:31:26.526007 Hotel: No
ChatterBot Uniform reevaluating
ChatterBot Uniform reevaluating
ChatterBot Uniform reevaluating
ChatterBot Uniform reevaluating
ChatterBot Uniform reevaluating
2024-10-14 21:31:26.575007 Juliett: Uniform and Hotel, sending you 2
2024-10-14 21:31:26.577677 Juliett: Alpha, sending you 3
2024-10-14 21:31:26.578415 Yankee: Tango and Foxtrot, sending you 5
2024-10-14 21:31:26.578785 Zulu: Uniform, Hotel, Juliett and Alpha, sending you 4
2024-10-14 21:31:26.579311 Hotel: Uniform, Juliett and Zulu, sending you 3
2024-10-14 21:31:26.579832 Tango: Yankee and Foxtrot, sending you 5
2024-10-14 21:31:26.580173 Alpha: Uniform, sending you 5
2024-10-14 21:31:26.581709 Juliett: Zulu, sending you 4
2024-10-14 21:31:26.582790 Uniform: Tango we want you to join our group
2024-10-14 21:31:26.586718 Tango: No
2024-10-14 21:31:26.605653 Yankee: Delta, sending you 6
2024-10-14 21:31:26.606071 Zulu: Echo, sending you 3
2024-10-14 21:31:26.607693 Hotel: Alpha, sending you 2
2024-10-14 21:31:26.608698 Echo: Uniform and Hotel, sending you 4
2024-10-14 21:31:26.609849 Tango: Delta, sending you 6
2024-10-14 21:31:26.610296 Alpha: Hotel, sending you 1
2024-10-14 21:31:26.611793 Delta: Yankee, sending you 5
2024-10-14 21:31:26.612156 Juliett: Echo, sending you 5
2024-10-14 21:31:26.613004 Echo: Juliett, sending you 5
2024-10-14 21:31:26.614687 Hotel: Echo, sending you 4
2024-10-14 21:31:26.615678 Delta: Tango and Foxtrot, sending you 6
2024-10-14 21:31:26.616069 Foxtrot: Yankee and Tango, sending you 5
2024-10-14 21:31:26.616677 Alpha: Juliett and Zulu, sending you 4
2024-10-14 21:31:26.617947 Echo: Alpha and Zulu, sending you 3
2024-10-14 21:31:26.619682 Foxtrot: Delta, sending you 7
2024-10-14 21:31:26.622677 Alpha: Echo, sending you 3
2024-10-14 21:31:26.632691 Uniform: Hotel, Juliett, Zulu and Echo, sending you 3
2024-10-14 21:31:26.635687 Uniform: Alpha, sending you 4
2024-10-14 21:31:26.638683 Uniform: Tango, sending you 2
chatterbot Tango submitting transactions
chatterbot Hotel submitting transactions
chatterbot Yankee submitting transactions
chatterbot Zulu submitting transactions
chatterbot Foxtrot submitting transactions
chatterbot Delta submitting transactions
chatterbot Echo submitting transactions
chatterbot Alpha submitting transactions
chatterbot Uniform submitting transactions
chatterbot Juliett submitting transactions
ChatterBot Uniform round 6
ChatterBot Hotel round 6
ChatterBot Juliett round 6
ChatterBot Alpha round 6
ChatterBot Yankee round 6
ChatterBot Zulu round 6
ChatterBot Tango round 6
ChatterBot Echo round 6
ChatterBot Foxtrot round 6
ChatterBot Delta round 6
2024-10-14 21:31:27.672686 Juliett: Uniform and Hotel, sending you 2
2024-10-14 21:31:27.679323 Juliett: Alpha, sending you 3
2024-10-14 21:31:27.681521 Tango: Yankee and Foxtrot, sending you 5
2024-10-14 21:31:27.683122 Zulu: Uniform, Hotel, Juliett and Alpha, sending you 4
2024-10-14 21:31:27.685442 Echo: Uniform, Alpha and Zulu, sending you 3
2024-10-14 21:31:27.686797 Yankee: Tango and Foxtrot, sending you 5
2024-10-14 21:31:27.688184 Alpha: Uniform, Juliett and Zulu, sending you 4
2024-10-14 21:31:27.689897 Foxtrot: Yankee and Tango, sending you 5
2024-10-14 21:31:27.690677 Juliett: Zulu, sending you 4
2024-10-14 21:31:27.692336 Tango: Delta, sending you 6
2024-10-14 21:31:27.693017 Hotel: Sending you each 3
2024-10-14 21:31:27.694485 Zulu: Echo, sending you 3
2024-10-14 21:31:27.695560 Echo: Hotel, sending you 4
2024-10-14 21:31:27.697298 Yankee: Delta, sending you 6
2024-10-14 21:31:27.697794 Alpha: Hotel, sending you 2
2024-10-14 21:31:27.699370 Foxtrot: Delta, sending you 7
2024-10-14 21:31:27.699922 Juliett: Echo, sending you 5
2024-10-14 21:31:27.701680 Uniform: Hotel, Juliett, Zulu and Echo, sending you 3
2024-10-14 21:31:27.702318 Delta: Yankee, sending you 5
2024-10-14 21:31:27.703501 Echo: Juliett, sending you 6
2024-10-14 21:31:27.704598 Alpha: Echo, sending you 3
2024-10-14 21:31:27.706035 Uniform: Alpha, sending you 4
2024-10-14 21:31:27.707704 Delta: Tango and Foxtrot, sending you 6
2024-10-14 21:31:27.710706 Uniform: Tango, sending you 2
chatterbot Juliett submitting transactions
chatterbot Zulu submitting transactions
chatterbot Hotel submitting transactions
chatterbot Tango submitting transactions
chatterbot Echo submitting transactions
chatterbot Yankee submitting transactions
chatterbot Foxtrot submitting transactions
chatterbot Delta submitting transactions
chatterbot Alpha submitting transactions
chatterbot Uniform submitting transactions
ChatterBot Uniform round 7
ChatterBot Hotel round 7
ChatterBot Juliett round 7
ChatterBot Alpha round 7
ChatterBot Yankee round 7
ChatterBot Zulu round 7
ChatterBot Tango round 7
ChatterBot Echo round 7
ChatterBot Foxtrot round 7
ChatterBot Delta round 7
2024-10-14 21:31:28.796701 Juliett: Uniform and Hotel, sending you 2
2024-10-14 21:31:28.801706 Uniform: Hotel, Juliett, Zulu and Echo, sending you 3
2024-10-14 21:31:28.803257 Juliett: Alpha, sending you 3
2024-10-14 21:31:28.805699 Alpha: Uniform, Juliett and Zulu, sending you 4
2024-10-14 21:31:28.807157 Juliett: Zulu, sending you 4
2024-10-14 21:31:28.809116 Uniform: Alpha, sending you 4
2024-10-14 21:31:28.809815 Tango: Yankee and Foxtrot, sending you 5
2024-10-14 21:31:28.811200 Zulu: Uniform, Hotel, Juliett and Alpha, sending you 4
2024-10-14 21:31:28.812262 Hotel: Same as last round
2024-10-14 21:31:28.813643 Foxtrot: Yankee and Tango, sending you 5
2024-10-14 21:31:28.814184 Alpha: Hotel, sending you 2
2024-10-14 21:31:28.815424 Juliett: Echo, sending you 5
2024-10-14 21:31:28.816940 Uniform: Tango, sending you 2
2024-10-14 21:31:28.817512 Tango: Delta, sending you 6
2024-10-14 21:31:28.818014 Zulu: Echo, sending you 3
2024-10-14 21:31:28.819703 Yankee: Tango and Foxtrot, sending you 5
2024-10-14 21:31:28.820215 Foxtrot: Delta, sending you 7
2024-10-14 21:31:28.821341 Alpha: Echo, sending you 3
2024-10-14 21:31:28.822253 Echo: Uniform, Alpha and Zulu, sending you 3
2024-10-14 21:31:28.823690 Delta: Yankee, sending you 5
2024-10-14 21:31:28.824246 Yankee: Delta, sending you 6
2024-10-14 21:31:28.826819 Echo: Hotel, sending you 4
2024-10-14 21:31:28.828037 Delta: Tango and Foxtrot, sending you 6
2024-10-14 21:31:28.830668 Echo: Juliett, sending you 6
chatterbot Uniform submitting transactions
chatterbot Alpha submitting transactions
chatterbot Yankee submitting transactions
chatterbot Echo submitting transactions
chatterbot Hotel submitting transactions
chatterbot Delta submitting transactions
chatterbot Tango submitting transactions
chatterbot Zulu submitting transactions
chatterbot Foxtrot submitting transactions
chatterbot Juliett submitting transactions
ChatterBot Uniform round 8
ChatterBot Hotel round 8
ChatterBot Juliett round 8
ChatterBot Alpha round 8
ChatterBot Yankee round 8
ChatterBot Zulu round 8
ChatterBot Tango round 8
ChatterBot Echo round 8
ChatterBot Foxtrot round 8
ChatterBot Delta round 8
2024-10-14 21:31:30.034662 Tango: Yankee and Foxtrot, sending you 5
2024-10-14 21:31:30.038670 Hotel: Same as last round
2024-10-14 21:31:30.039691 Tango: Delta, sending you 6
2024-10-14 21:31:30.040053 Juliett: Uniform and Hotel, sending you 2
2024-10-14 21:31:30.040824 Yankee: Tango and Foxtrot, sending you 5
2024-10-14 21:31:30.041224 Echo: Uniform, Alpha and Zulu, sending you 3
2024-10-14 21:31:30.044274 Zulu: Uniform, Juliett, Alpha and Echo, sending you 4
2024-10-14 21:31:30.045685 Uniform: Hotel, Juliett, Zulu and Echo, sending you 3
2024-10-14 21:31:30.046198 Yankee: Delta, sending you 6
2024-10-14 21:31:30.046525 Alpha: Uniform, Juliett and Zulu, sending you 4
2024-10-14 21:31:30.047195 Juliett: Alpha and Zulu, sending you 3
2024-10-14 21:31:30.047761 Echo: Hotel, sending you 4
2024-10-14 21:31:30.048307 Delta: Yankee, sending you 5
2024-10-14 21:31:30.048651 Foxtrot: Yankee and Tango, sending you 5
2024-10-14 21:31:30.049863 Zulu: Hotel, sending you 3
2024-10-14 21:31:30.050667 Alpha: Hotel, sending you 2
2024-10-14 21:31:30.051326 Uniform: Alpha, sending you 4
2024-10-14 21:31:30.051812 Foxtrot: Delta, sending you 7
2024-10-14 21:31:30.052704 Juliett: Echo, sending you 6
2024-10-14 21:31:30.053488 Echo: Juliett, sending you 6
2024-10-14 21:31:30.054241 Delta: Tango and Foxtrot, sending you 6
2024-10-14 21:31:30.055398 Alpha: Echo, sending you 3
2024-10-14 21:31:30.056272 Uniform: Tango, sending you 2
chatterbot Uniform submitting transactions
chatterbot Hotel submitting transactions
chatterbot Tango submitting transactions
chatterbot Zulu submitting transactions
chatterbot Echo submitting transactions
chatterbot Delta submitting transactions
chatterbot Foxtrot submitting transactions
chatterbot Juliett submitting transactions
chatterbot Yankee submitting transactions
chatterbot Alpha submitting transactions
ChatterBot Uniform round 9
ChatterBot Hotel round 9
ChatterBot Juliett round 9
ChatterBot Alpha round 9
ChatterBot Yankee round 9
ChatterBot Zulu round 9
2024-10-14 21:31:31.276531 Uniform: We should replace Tango with Delta
2024-10-14 21:31:31.292250 Zulu: No
2024-10-14 21:31:31.292718 Alpha: No
2024-10-14 21:31:31.293763 Echo: No
2024-10-14 21:31:31.294221 Juliett: No
2024-10-14 21:31:31.294682 Hotel: No
ChatterBot Uniform reevaluating
ChatterBot Uniform reevaluating
ChatterBot Uniform reevaluating
ChatterBot Tango round 9
ChatterBot Echo round 9
ChatterBot Foxtrot round 9
ChatterBot Delta round 9
2024-10-14 21:31:31.383080 Uniform: Delta we want you to join our group
2024-10-14 21:31:31.385658 Delta: No
ChatterBot Uniform reevaluating
2024-10-14 21:31:31.401734 Yankee: Sending you each 4
2024-10-14 21:31:31.402430 Alpha: Uniform and Zulu, sending you 4
2024-10-14 21:31:31.403450 Hotel: Same as last round
2024-10-14 21:31:31.405290 Juliett: Uniform and Hotel, sending you 2
2024-10-14 21:31:31.406056 Zulu: Uniform, Juliett, Alpha and Echo, sending you 4
2024-10-14 21:31:31.407643 Alpha: Hotel, Juliett and Echo, sending you 3
2024-10-14 21:31:31.408718 Juliett: Alpha and Zulu, sending you 3
2024-10-14 21:31:31.410663 Zulu: Hotel, sending you 3
2024-10-14 21:31:31.411710 Tango: Yankee and Foxtrot, sending you 5
2024-10-14 21:31:31.412820 Echo: Uniform, Hotel, Alpha and Zulu, sending you 3
2024-10-14 21:31:31.413989 Juliett: Echo, sending you 6
2024-10-14 21:31:31.415745 Tango: Delta, sending you 6
2024-10-14 21:31:31.416700 Foxtrot: Yankee and Tango, sending you 5
2024-10-14 21:31:31.417885 Delta: Yankee, sending you 5
2024-10-14 21:31:31.418540 Echo: Juliett, sending you 7
2024-10-14 21:31:31.421664 Delta: Tango and Foxtrot, sending you 6
2024-10-14 21:31:31.423088 Foxtrot: Delta, sending you 7
2024-10-14 21:31:31.428708 Uniform: Hotel, Juliett, Zulu and Echo, sending you 3
2024-10-14 21:31:31.432664 Uniform: Alpha, sending you 4
2024-10-14 21:31:31.437666 Uniform: Delta, sending you 2
chatterbot Delta submitting transactions
chatterbot Yankee submitting transactions
chatterbot Alpha submitting transactions
chatterbot Tango submitting transactions
chatterbot Echo submitting transactions
chatterbot Juliett submitting transactions
chatterbot Zulu submitting transactions
chatterbot Uniform submitting transactions
chatterbot Hotel submitting transactions
chatterbot Foxtrot submitting transactions
ChatterBot Uniform round 10
ChatterBot Hotel round 10
ChatterBot Juliett round 10
ChatterBot Alpha round 10
ChatterBot Yankee round 10
ChatterBot Zulu round 10
2024-10-14 21:31:32.593794 Zulu: We should add Delta
2024-10-14 21:31:32.606876 Alpha: No
2024-10-14 21:31:32.607108 Echo: No
2024-10-14 21:31:32.607267 Juliett: No
2024-10-14 21:31:32.607411 Hotel: No
2024-10-14 21:31:32.607567 Uniform: Yes
ChatterBot Zulu reevaluating
ChatterBot Uniform reevaluating
ChatterBot Zulu reevaluating
ChatterBot Uniform reevaluating
ChatterBot Zulu reevaluating
2024-10-14 21:31:32.669740 Uniform: We should replace Delta with Tango
ChatterBot Zulu reevaluating
2024-10-14 21:31:32.681084 Zulu: Yes
2024-10-14 21:31:32.681230 Alpha: No
2024-10-14 21:31:32.681345 Echo: No
2024-10-14 21:31:32.681452 Juliett: No
2024-10-14 21:31:32.681551 Hotel: No
ChatterBot Uniform reevaluating
ChatterBot Zulu reevaluating
ChatterBot Uniform reevaluating
ChatterBot Zulu reevaluating
ChatterBot Uniform reevaluating
ChatterBot Zulu reevaluating
ChatterBot Uniform reevaluating
ChatterBot Zulu reevaluating
ChatterBot Uniform reevaluating
ChatterBot Tango round 10
ChatterBot Echo round 10
ChatterBot Foxtrot round 10
ChatterBot Delta round 10
2024-10-14 21:31:32.753303 Zulu: We should add Tango
ChatterBot Uniform reevaluating
2024-10-14 21:31:32.765257 Alpha: No
2024-10-14 21:31:32.765974 Echo: No
2024-10-14 21:31:32.766112 Juliett: No
2024-10-14 21:31:32.768711 Hotel: No
2024-10-14 21:31:32.768917 Uniform: Yes
ChatterBot Zulu reevaluating
ChatterBot Uniform reevaluating
ChatterBot Zulu reevaluating
ChatterBot Uniform reevaluating
ChatterBot Zulu reevaluating
ChatterBot Uniform reevaluating
ChatterBot Zulu reevaluating
ChatterBot Uniform reevaluating
ChatterBot Zulu reevaluating
2024-10-14 21:31:32.959781 Zulu: We should add Foxtrot
ChatterBot Uniform reevaluating
2024-10-14 21:31:32.976811 Alpha: No
2024-10-14 21:31:32.977196 Echo: No
2024-10-14 21:31:32.977534 Juliett: No
2024-10-14 21:31:32.978414 Hotel: No
2024-10-14 21:31:32.978915 Uniform: Yes
ChatterBot Zulu reevaluating
ChatterBot Uniform reevaluating
ChatterBot Zulu reevaluating
ChatterBot Uniform reevaluating
ChatterBot Zulu reevaluating
ChatterBot Uniform reevaluating
ChatterBot Zulu reevaluating
ChatterBot Uniform reevaluating
ChatterBot Zulu reevaluating
2024-10-14 21:31:33.099090 Foxtrot: We should add Uniform
ChatterBot Tango reevaluating
ChatterBot Delta reevaluating
2024-10-14 21:31:33.112955 Yankee: No
2024-10-14 21:31:33.113222 Tango: Yes
2024-10-14 21:31:33.113406 Delta: Yes
ChatterBot Tango reevaluating
ChatterBot Foxtrot reevaluating
ChatterBot Delta reevaluating
ChatterBot Foxtrot reevaluating
ChatterBot Delta reevaluating
ChatterBot Tango reevaluating
ChatterBot Foxtrot reevaluating
2024-10-14 21:31:33.153355 Delta: We should add Zulu
ChatterBot Tango reevaluating
ChatterBot Foxtrot reevaluating
2024-10-14 21:31:33.159863 Yankee: No
2024-10-14 21:31:33.160013 Tango: No
2024-10-14 21:31:33.160160 Foxtrot: Yes
ChatterBot Tango reevaluating
ChatterBot Foxtrot reevaluating
ChatterBot Delta reevaluating
ChatterBot Foxtrot reevaluating
ChatterBot Delta reevaluating
ChatterBot Tango reevaluating
ChatterBot Delta reevaluating
2024-10-14 21:31:33.183412 Zulu: Tango we want you to join our group
ChatterBot Tango reevaluating
2024-10-14 21:31:33.186839 Tango: No
ChatterBot Uniform reevaluating
ChatterBot Zulu reevaluating
2024-10-14 21:31:33.205473 Hotel: Same as last round
2024-10-14 21:31:33.208795 Alpha: Uniform and Zulu, sending you 1
2024-10-14 21:31:33.209861 Alpha: I was attacked by Yankee
ChatterBot Zulu reevaluating
ChatterBot Echo reevaluating
ChatterBot Juliett reevaluating
ChatterBot Hotel reevaluating
ChatterBot Uniform reevaluating
2024-10-14 21:31:33.230131 Alpha: Ow
2024-10-14 21:31:33.231779 Yankee: Tango and Foxtrot, sending you 5
2024-10-14 21:31:33.232710 Foxtrot: Uniform we want you to join our group
ChatterBot Uniform reevaluating
2024-10-14 21:31:33.237412 Uniform: No
ChatterBot Delta reevaluating
chatterbot Hotel submitting transactions
2024-10-14 21:31:33.254490 Yankee: Delta, sending you 6
2024-10-14 21:31:33.255172 Zulu: Foxtrot we want you to join our group
2024-10-14 21:31:33.259694 Foxtrot: No
ChatterBot Zulu reevaluating
ChatterBot Uniform reevaluating
ChatterBot Hotel reevaluating
ChatterBot Juliett reevaluating
ChatterBot Echo reevaluating
2024-10-14 21:31:33.282199 Uniform: We should replace Delta with Foxtrot
ChatterBot Zulu reevaluating
ChatterBot Echo reevaluating
ChatterBot Juliett reevaluating
ChatterBot Hotel reevaluating
2024-10-14 21:31:33.293466 Zulu: Yes
2024-10-14 21:31:33.293579 Alpha: No
2024-10-14 21:31:33.293701 Echo: No
2024-10-14 21:31:33.293841 Juliett: No
2024-10-14 21:31:33.293967 Hotel: No
ChatterBot Echo reevaluating
ChatterBot Juliett reevaluating
ChatterBot Hotel reevaluating
ChatterBot Uniform reevaluating
ChatterBot Zulu reevaluating
ChatterBot Echo reevaluating
ChatterBot Juliett reevaluating
ChatterBot Hotel reevaluating
ChatterBot Uniform reevaluating
ChatterBot Zulu reevaluating
ChatterBot Juliett reevaluating
ChatterBot Hotel reevaluating
ChatterBot Uniform reevaluating
ChatterBot Zulu reevaluating
ChatterBot Echo reevaluating
ChatterBot Hotel reevaluating
ChatterBot Uniform reevaluating
ChatterBot Zulu reevaluating
ChatterBot Echo reevaluating
ChatterBot Juliett reevaluating
ChatterBot Uniform reevaluating
chatterbot Yankee submitting transactions
2024-10-14 21:31:33.356680 Tango: Uniform, sending you 3
2024-10-14 21:31:33.361674 Uniform: Foxtrot we want you to join our group
ChatterBot Foxtrot reevaluating
2024-10-14 21:31:33.366081 Foxtrot: No
ChatterBot Zulu reevaluating
ChatterBot Uniform reevaluating
2024-10-14 21:31:33.383392 Foxtrot: We should add Hotel
ChatterBot Delta reevaluating
2024-10-14 21:31:33.391714 Yankee: No
2024-10-14 21:31:33.391904 Tango: No
2024-10-14 21:31:33.392078 Delta: No
ChatterBot Foxtrot reevaluating
ChatterBot Delta reevaluating
ChatterBot Foxtrot reevaluating
ChatterBot Delta reevaluating
ChatterBot Foxtrot reevaluating
2024-10-14 21:31:33.416283 Tango: Yankee and Foxtrot, sending you 4
2024-10-14 21:31:33.417163 Uniform: We should drop Delta
ChatterBot Zulu reevaluating
2024-10-14 21:31:33.428096 Zulu: Yes
2024-10-14 21:31:33.428285 Alpha: Yes
2024-10-14 21:31:33.428461 Echo: Yes
2024-10-14 21:31:33.428640 Juliett: Yes
2024-10-14 21:31:33.428878 Hotel: Yes
ChatterBot Uniform reevaluating
ChatterBot Zulu reevaluating
ChatterBot Uniform reevaluating
ChatterBot Zulu reevaluating
ChatterBot Uniform reevaluating
ChatterBot Zulu reevaluating
ChatterBot Uniform reevaluating
ChatterBot Zulu reevaluating
ChatterBot Uniform reevaluating
2024-10-14 21:31:33.483326 Tango: Delta, sending you 5
2024-10-14 21:31:33.483680 Echo: Uniform, Hotel, Alpha and Zulu, sending you 3
2024-10-14 21:31:33.486674 Echo: Juliett, sending you 7
2024-10-14 21:31:33.501680 Delta: Uniform, sending you 3
2024-10-14 21:31:33.507277 Delta: Yankee, sending you 4
2024-10-14 21:31:33.507909 Zulu: Uniform, Hotel, Alpha and Echo, sending you 3
2024-10-14 21:31:33.511657 Delta: Tango and Foxtrot, sending you 5
2024-10-14 21:31:33.513209 Zulu: Juliett, sending you 5
2024-10-14 21:31:33.517692 Zulu: Foxtrot, sending you 2
2024-10-14 21:31:33.521698 Uniform: Hotel, Juliett, Zulu and Echo, sending you 3
2024-10-14 21:31:33.524666 Uniform: Alpha, sending you 4
2024-10-14 21:31:33.529672 Uniform: Foxtrot, sending you 2
chatterbot Delta submitting transactions
chatterbot Juliett submitting transactions
chatterbot Zulu submitting transactions
chatterbot Echo submitting transactions
chatterbot Alpha submitting transactions
chatterbot Hotel submitting transactions
chatterbot Foxtrot submitting transactions
chatterbot Juliett submitting transactions
chatterbot Tango submitting transactions
chatterbot Uniform submitting transactions
ChatterBot Uniform round 11
ChatterBot Hotel round 11
ChatterBot Juliett round 11
ChatterBot Alpha round 11
ChatterBot Yankee round 11
ChatterBot Zulu round 11
ChatterBot Tango round 11
ChatterBot Echo round 11
ChatterBot Foxtrot round 11
ChatterBot Delta round 11
2024-10-14 21:31:34.508711 Uniform: We should drop Foxtrot
ChatterBot Zulu reevaluating
2024-10-14 21:31:34.520881 Zulu: Yes
2024-10-14 21:31:34.521093 Alpha: Yes
2024-10-14 21:31:34.521249 Echo: Yes
2024-10-14 21:31:34.521370 Juliett: Yes
2024-10-14 21:31:34.521484 Hotel: Yes
ChatterBot Uniform reevaluating
ChatterBot Zulu reevaluating
ChatterBot Uniform reevaluating
ChatterBot Zulu reevaluating
ChatterBot Uniform reevaluating
ChatterBot Zulu reevaluating
ChatterBot Uniform reevaluating
ChatterBot Zulu reevaluating
