ChatterBot Juliett round 1
ChatterBot Quebec round 1
ChatterBot Yankee round 1
ChatterBot Mike round 1
ChatterBot India round 1
ChatterBot Papa round 1
ChatterBot Hotel round 1
ChatterBot November round 1
ChatterBot Tango round 1
ChatterBot Kilo round 1
randomSelections Quebec: {Quebec, India, Yankee, Hotel, Mike, Kilo} 
2024-10-14 21:31:18.971603 Quebec: Friends?
ChatterBot India reevaluating
ChatterBot Yankee reevaluating
ChatterBot Hotel reevaluating
ChatterBot Mike reevaluating
ChatterBot Kilo reevaluating
2024-10-14 21:31:18.987957 India: Yes
2024-10-14 21:31:18.988153 Yankee: Yes
2024-10-14 21:31:18.988334 Hotel: Yes
2024-10-14 21:31:18.988557 Mike: Yes
2024-10-14 21:31:18.988759 Kilo: Yes
ChatterBot Yankee reevaluating
ChatterBot Hotel reevaluating
ChatterBot Mike reevaluating
ChatterBot Kilo reevaluating
ChatterBot India reevaluating
ChatterBot Hotel reevaluating
ChatterBot Mike reevaluating
ChatterBot Kilo reevaluating
ChatterBot India reevaluating
ChatterBot Yankee reevaluating
ChatterBot Mike reevaluating
ChatterBot Kilo reevaluating
ChatterBot India reevaluating
ChatterBot Yankee reevaluating
ChatterBot Hotel reevaluating
ChatterBot Kilo reevaluating
ChatterBot India reevaluating
ChatterBot Yankee reevaluating
ChatterBot Hotel reevaluating
ChatterBot Mike reevaluating
randomSelections November: {November, Kilo, Mike, Juliett, Yankee, Quebec, Tango, India} 
2024-10-14 21:31:19.051591 November: Let's form a team
ChatterBot Kilo reevaluating
ChatterBot Mike reevaluating
ChatterBot Juliett reevaluating
ChatterBot Yankee reevaluating
ChatterBot Tango reevaluating
ChatterBot India reevaluating
2024-10-14 21:31:19.062510 Kilo: No
2024-10-14 21:31:19.063067 Mike: No
2024-10-14 21:31:19.063177 Juliett: Yes
2024-10-14 21:31:19.063293 Yankee: No
2024-10-14 21:31:19.063427 Quebec: No
2024-10-14 21:31:19.063591 Tango: Yes
2024-10-14 21:31:19.063733 India: No
ChatterBot Mike reevaluating
ChatterBot Juliett reevaluating
ChatterBot Yankee reevaluating
ChatterBot Tango reevaluating
ChatterBot India reevaluating
ChatterBot Kilo reevaluating
ChatterBot Juliett reevaluating
ChatterBot Yankee reevaluating
ChatterBot Tango reevaluating
ChatterBot India reevaluating
ChatterBot Kilo reevaluating
ChatterBot Mike reevaluating
ChatterBot Yankee reevaluating
ChatterBot Tango reevaluating
ChatterBot India reevaluating
ChatterBot Kilo reevaluating
ChatterBot Mike reevaluating
ChatterBot Juliett reevaluating
ChatterBot Tango reevaluating
ChatterBot India reevaluating
ChatterBot Kilo reevaluating
ChatterBot Mike reevaluating
ChatterBot Juliett reevaluating
ChatterBot Yankee reevaluating
ChatterBot Tango reevaluating
ChatterBot India reevaluating
ChatterBot Kilo reevaluating
ChatterBot Mike reevaluating
ChatterBot Juliett reevaluating
ChatterBot Yankee reevaluating
ChatterBot India reevaluating
ChatterBot Kilo reevaluating
ChatterBot Mike reevaluating
ChatterBot Juliett reevaluating
ChatterBot Yankee reevaluating
ChatterBot Tango reevaluating
randomSelections Papa: {Papa, Mike, India, Tango, Hotel, November, Yankee} 
2024-10-14 21:31:19.142800 Papa: Can we be friends?
ChatterBot Mike reevaluating
ChatterBot India reevaluating
ChatterBot Tango reevaluating
ChatterBot Hotel reevaluating
ChatterBot Yankee reevaluating
2024-10-14 21:31:19.150254 Mike: No
2024-10-14 21:31:19.150841 India: No
2024-10-14 21:31:19.150983 Tango: No
2024-10-14 21:31:19.151076 Hotel: No
2024-10-14 21:31:19.151182 November: No
2024-10-14 21:31:19.151296 Yankee: No
ChatterBot India reevaluating
ChatterBot Tango reevaluating
ChatterBot Hotel reevaluating
ChatterBot Yankee reevaluating
ChatterBot Mike reevaluating
ChatterBot Tango reevaluating
ChatterBot Hotel reevaluating
ChatterBot Yankee reevaluating
ChatterBot Mike reevaluating
ChatterBot India reevaluating
ChatterBot Hotel reevaluating
ChatterBot Yankee reevaluating
ChatterBot Mike reevaluating
ChatterBot India reevaluating
ChatterBot Tango reevaluating
ChatterBot Yankee reevaluating
ChatterBot Mike reevaluating
ChatterBot India reevaluating
ChatterBot Tango reevaluating
ChatterBot Hotel reevaluating
ChatterBot Yankee reevaluating
ChatterBot Mike reevaluating
ChatterBot India reevaluating
ChatterBot Tango reevaluating
ChatterBot Hotel reevaluating
2024-10-14 21:31:19.207723 Quebec: Yankee and India, sending you 1
2024-10-14 21:31:19.210646 November: Juliett, Mike, Tango and Kilo, sending you 2
2024-10-14 21:31:19.211698 Quebec: Hotel, sending you 2
2024-10-14 21:31:19.214011 Papa: Yankee and Hotel, sending you 2
2024-10-14 21:31:19.214370 Yankee: Quebec, India and Kilo, sending you 3
2024-10-14 21:31:19.215654 November: Quebec, sending you 3
2024-10-14 21:31:19.216160 Quebec: Kilo, sending you 4
2024-10-14 21:31:19.217670 Yankee: Mike, sending you 6
2024-10-14 21:31:19.218704 Papa: Mike and November, sending you 1
2024-10-14 21:31:19.218984 Kilo: Quebec, sending you 6
2024-10-14 21:31:19.219235 November: Yankee, sending you 4
2024-10-14 21:31:19.220655 Juliett: Quebec and Tango, sending you 3
2024-10-14 21:31:19.221095 Tango: Juliett, sending you 3
2024-10-14 21:31:19.221387 Yankee: Hotel, sending you 2
2024-10-14 21:31:19.222689 Hotel: Quebec, Yankee and Kilo, sending you 4
2024-10-14 21:31:19.223026 India: Quebec and Hotel, sending you 1
2024-10-14 21:31:19.223688 Papa: India, sending you 7
2024-10-14 21:31:19.224140 Kilo: Yankee, sending you 2
2024-10-14 21:31:19.224512 Juliett: Yankee, India and November, sending you 2
2024-10-14 21:31:19.224932 Tango: Quebec and Yankee, sending you 1
2024-10-14 21:31:19.225683 Mike: Quebec, sending you 6
2024-10-14 21:31:19.226710 Kilo: Mike and India, sending you 3
2024-10-14 21:31:19.227659 Hotel: Mike, sending you 1
2024-10-14 21:31:19.228652 Papa: Tango, sending you 3
2024-10-14 21:31:19.229691 Juliett: Mike, sending you 1
2024-10-14 21:31:19.230073 Tango: India and Kilo, sending you 5
2024-10-14 21:31:19.230377 Mike: Yankee, sending you 2
2024-10-14 21:31:19.230752 Kilo: Hotel, sending you 4
2024-10-14 21:31:19.231654 Hotel: India, sending you 2
2024-10-14 21:31:19.232654 Juliett: Kilo, sending you 4
2024-10-14 21:31:19.235649 Mike: India, sending you 3
2024-10-14 21:31:19.238656 Mike: Hotel, sending you 1
2024-10-14 21:31:19.241664 Mike: Kilo, sending you 5
chatterbot Juliett submitting transactions
chatterbot Quebec submitting transactions
chatterbot Tango submitting transactions
chatterbot Kilo submitting transactions
chatterbot Yankee submitting transactions
chatterbot Hotel submitting transactions
chatterbot India submitting transactions
chatterbot Papa submitting transactions
chatterbot November submitting transactions
chatterbot Mike submitting transactions
ChatterBot Juliett round 2
ChatterBot Quebec round 2
ChatterBot Yankee round 2
ChatterBot Mike round 2
ChatterBot India round 2
ChatterBot Papa round 2
ChatterBot Hotel round 2
2024-10-14 21:31:21.634330 Mike: We should group up
ChatterBot Quebec reevaluating
ChatterBot Yankee reevaluating
ChatterBot Hotel reevaluating
ChatterBot Kilo reevaluating
ChatterBot Juliett reevaluating
ChatterBot November reevaluating
ChatterBot Tango reevaluating
2024-10-14 21:31:21.711155 Quebec: Yes
2024-10-14 21:31:21.711643 Yankee: Yes
2024-10-14 21:31:21.711996 Hotel: No
2024-10-14 21:31:21.712643 Kilo: No
2024-10-14 21:31:21.712903 Juliett: No
2024-10-14 21:31:21.713151 November: No
2024-10-14 21:31:21.714199 Tango: No
ChatterBot Yankee reevaluating
ChatterBot Hotel reevaluating
ChatterBot Kilo reevaluating
ChatterBot Juliett reevaluating
ChatterBot November reevaluating
ChatterBot Tango reevaluating
ChatterBot Quebec reevaluating
ChatterBot Hotel reevaluating
ChatterBot Kilo reevaluating
ChatterBot Juliett reevaluating
ChatterBot November reevaluating
ChatterBot Tango reevaluating
ChatterBot Quebec reevaluating
ChatterBot Yankee reevaluating
ChatterBot Kilo reevaluating
ChatterBot Juliett reevaluating
ChatterBot November reevaluating
ChatterBot Tango reevaluating
ChatterBot Quebec reevaluating
ChatterBot Yankee reevaluating
ChatterBot Hotel reevaluating
ChatterBot Juliett reevaluating
ChatterBot November reevaluating
ChatterBot Tango reevaluating
ChatterBot Quebec reevaluating
2024-10-14 21:31:21.991742 Yankee: We should group up
ChatterBot Yankee reevaluating
ChatterBot Hotel reevaluating
ChatterBot Kilo reevaluating
ChatterBot November reevaluating
ChatterBot Tango reevaluating
ChatterBot Quebec reevaluating
ChatterBot Yankee reevaluating
ChatterBot Hotel reevaluating
ChatterBot Kilo reevaluating
ChatterBot Juliett reevaluating
ChatterBot Tango reevaluating
ChatterBot Quebec reevaluating
ChatterBot Yankee reevaluating
ChatterBot Hotel reevaluating
ChatterBot Kilo reevaluating
ChatterBot Juliett reevaluating
ChatterBot November reevaluating
ChatterBot Quebec reevaluating
ChatterBot Hotel reevaluating
2024-10-14 21:31:22.203143 Mike: Yes
2024-10-14 21:31:22.203373 Quebec: Yes
2024-10-14 21:31:22.206090 Hotel: No
ChatterBot Kilo reevaluating
ChatterBot November reevaluating
ChatterBot Tango reevaluating
2024-10-14 21:31:22.349306 Kilo: No
ChatterBot Juliett reevaluating
2024-10-14 21:31:22.354289 November: No
2024-10-14 21:31:22.354547 Tango: No
ChatterBot Quebec reevaluating
ChatterBot Yankee reevaluating
ChatterBot Hotel reevaluating
ChatterBot Kilo reevaluating
ChatterBot November reevaluating
ChatterBot Tango reevaluating
2024-10-14 21:31:22.407728 Juliett: Yes
ChatterBot Juliett reevaluating
ChatterBot Yankee reevaluating
ChatterBot Hotel reevaluating
ChatterBot Kilo reevaluating
ChatterBot November reevaluating
ChatterBot Tango reevaluating
ChatterBot Juliett reevaluating
ChatterBot Quebec reevaluating
ChatterBot Yankee reevaluating
ChatterBot Kilo reevaluating
ChatterBot November reevaluating
ChatterBot Tango reevaluating
ChatterBot Juliett reevaluating
ChatterBot Quebec reevaluating
ChatterBot Yankee reevaluating
ChatterBot Hotel reevaluating
ChatterBot November reevaluating
ChatterBot Tango reevaluating
ChatterBot Juliett reevaluating
ChatterBot Quebec reevaluating
ChatterBot Yankee reevaluating
ChatterBot Hotel reevaluating
ChatterBot Kilo reevaluating
ChatterBot Tango reevaluating
ChatterBot Juliett reevaluating
ChatterBot Quebec reevaluating
ChatterBot Yankee reevaluating
ChatterBot Hotel reevaluating
ChatterBot Kilo reevaluating
ChatterBot November reevaluating
ChatterBot Juliett reevaluating
ChatterBot Quebec reevaluating
ChatterBot Yankee reevaluating
ChatterBot Hotel reevaluating
ChatterBot Kilo reevaluating
ChatterBot November reevaluating
ChatterBot Tango reevaluating
ChatterBot November round 2
ChatterBot Tango round 2
ChatterBot Kilo round 2
2024-10-14 21:31:22.813999 Papa: We should group up
ChatterBot Quebec reevaluating
ChatterBot Yankee reevaluating
ChatterBot Hotel reevaluating
ChatterBot Kilo reevaluating
2024-10-14 21:31:22.834153 Quebec: No
2024-10-14 21:31:22.834340 Yankee: No
2024-10-14 21:31:22.834447 Mike: No
2024-10-14 21:31:22.834550 Hotel: Yes
2024-10-14 21:31:22.834670 Kilo: No
ChatterBot Yankee reevaluating
ChatterBot Hotel reevaluating
ChatterBot Kilo reevaluating
ChatterBot Quebec reevaluating
ChatterBot Hotel reevaluating
ChatterBot Kilo reevaluating
ChatterBot Quebec reevaluating
ChatterBot Yankee reevaluating
ChatterBot Hotel reevaluating
ChatterBot Kilo reevaluating
ChatterBot Quebec reevaluating
ChatterBot Yankee reevaluating
ChatterBot Kilo reevaluating
ChatterBot Quebec reevaluating
ChatterBot Yankee reevaluating
ChatterBot Hotel reevaluating
2024-10-14 21:31:22.955336 India: We should group up
ChatterBot Juliett reevaluating
ChatterBot November reevaluating
ChatterBot Tango reevaluating
2024-10-14 21:31:22.981723 Papa: No
2024-10-14 21:31:22.981991 Juliett: No
2024-10-14 21:31:22.982207 November: Yes
2024-10-14 21:31:22.982390 Tango: No
ChatterBot Juliett reevaluating
ChatterBot November reevaluating
ChatterBot Tango reevaluating
ChatterBot Papa reevaluating
ChatterBot November reevaluating
ChatterBot Tango reevaluating
ChatterBot Papa reevaluating
ChatterBot Juliett reevaluating
ChatterBot Tango reevaluating
ChatterBot Papa reevaluating
ChatterBot Juliett reevaluating
ChatterBot November reevaluating
2024-10-14 21:31:23.176269 Juliett: We should replace India with Hotel
ChatterBot November reevaluating
ChatterBot Tango reevaluating
ChatterBot Quebec reevaluating
ChatterBot Yankee reevaluating
ChatterBot Kilo reevaluating
2024-10-14 21:31:23.215742 November: No
2024-10-14 21:31:23.216079 Tango: No
2024-10-14 21:31:23.216337 Quebec: Yes
2024-10-14 21:31:23.217367 Yankee: Yes
2024-10-14 21:31:23.217962 Mike: Yes
2024-10-14 21:31:23.218254 Kilo: Yes
ChatterBot Juliett reevaluating
ChatterBot Tango reevaluating
ChatterBot Quebec reevaluating
ChatterBot Yankee reevaluating
ChatterBot Kilo reevaluating
ChatterBot Juliett reevaluating
ChatterBot November reevaluating
ChatterBot Quebec reevaluating
ChatterBot Yankee reevaluating
ChatterBot Kilo reevaluating
ChatterBot Juliett reevaluating
ChatterBot November reevaluating
ChatterBot Tango reevaluating
ChatterBot Yankee reevaluating
ChatterBot Kilo reevaluating
ChatterBot Juliett reevaluating
ChatterBot November reevaluating
ChatterBot Tango reevaluating
ChatterBot Quebec reevaluating
ChatterBot Kilo reevaluating
ChatterBot Juliett reevaluating
ChatterBot November reevaluating
ChatterBot Tango reevaluating
ChatterBot Quebec reevaluating
ChatterBot Yankee reevaluating
ChatterBot Kilo reevaluating
ChatterBot Juliett reevaluating
ChatterBot November reevaluating
ChatterBot Tango reevaluating
ChatterBot Quebec reevaluating
ChatterBot Yankee reevaluating
2024-10-14 21:31:23.405884 Hotel: Papa we want you to join our group
ChatterBot Papa reevaluating
2024-10-14 21:31:23.414557 Papa: No
2024-10-14 21:31:23.452578 Juliett: Hotel we want you to join our group
ChatterBot Hotel reevaluating
2024-10-14 21:31:23.460541 Hotel: No
2024-10-14 21:31:23.503610 Hotel: We should replace India with Papa
2024-10-14 21:31:23.526140 Quebec: No
2024-10-14 21:31:23.526435 Yankee: No
2024-10-14 21:31:23.526674 Mike: No
2024-10-14 21:31:23.526848 Kilo: No
ChatterBot Hotel reevaluating
ChatterBot Hotel reevaluating
ChatterBot Hotel reevaluating
ChatterBot Hotel reevaluating
2024-10-14 21:31:23.590322 Mike: Juliett and Hotel, sending you 2
chatterbot India submitting transactions
2024-10-14 21:31:23.637131 Tango: Juliett and Papa, sending you 7
2024-10-14 21:31:23.637477 Mike: Quebec, sending you 1
2024-10-14 21:31:23.638426 Yankee: Juliett, Quebec, Mike, Tango and Kilo, sending you 2
2024-10-14 21:31:23.638842 November: Juliett and Papa, sending you 4
2024-10-14 21:31:23.639091 India: Papa and Tango, sending you 1
2024-10-14 21:31:23.639748 Quebec: Juliett, Yankee, Mike, Hotel, November and Kilo, sending you 3
2024-10-14 21:31:23.649386 Tango: November, sending you 5
2024-10-14 21:31:23.649746 Mike: Yankee, sending you 6
2024-10-14 21:31:23.650265 Yankee: Hotel, sending you 4
2024-10-14 21:31:23.651230 November: India and Tango, sending you 3
2024-10-14 21:31:23.651565 Juliett: Quebec, Yankee, Mike, Hotel and Kilo, sending you 2
2024-10-14 21:31:23.652529 Papa: Juliett, India, November and Tango, sending you 4
2024-10-14 21:31:23.652971 Kilo: Juliett, Quebec, Mike, Hotel and Tango, sending you 3
2024-10-14 21:31:23.654013 Quebec: Tango, sending you 1
2024-10-14 21:31:23.657199 Mike: November and Kilo, sending you 3
2024-10-14 21:31:23.657828 Yankee: November, sending you 3
2024-10-14 21:31:23.658970 Juliett: November, sending you 3
2024-10-14 21:31:23.659644 Kilo: Yankee, sending you 2
2024-10-14 21:31:23.668435 Juliett: Tango, sending you 4
2024-10-14 21:31:23.669185 Kilo: November, sending you 1
2024-10-14 21:31:23.677982 Hotel: Quebec, Yankee and Papa, sending you 3
2024-10-14 21:31:23.683359 Hotel: Mike and India, sending you 2
2024-10-14 21:31:23.687558 Hotel: Kilo, sending you 6
chatterbot Tango submitting transactions
chatterbot November submitting transactions
chatterbot Mike submitting transactions
chatterbot Papa submitting transactions
chatterbot Yankee submitting transactions
chatterbot Kilo submitting transactions
chatterbot Hotel submitting transactions
chatterbot Quebec submitting transactions
chatterbot Juliett submitting transactions
ChatterBot Juliett round 3
ChatterBot Quebec round 3
ChatterBot Yankee round 3
ChatterBot Mike round 3
ChatterBot India round 3
ChatterBot Papa round 3
ChatterBot Hotel round 3
ChatterBot November round 3
ChatterBot Tango round 3
ChatterBot Kilo round 3
2024-10-14 21:31:24.421219 Juliett: We should add Papa
ChatterBot Mike reevaluating
ChatterBot Yankee reevaluating
ChatterBot Hotel reevaluating
ChatterBot Kilo reevaluating
ChatterBot November reevaluating
ChatterBot Tango reevaluating
2024-10-14 21:31:24.460657 Mike: Yes
2024-10-14 21:31:24.460871 Quebec: No
2024-10-14 21:31:24.461526 Yankee: Yes
2024-10-14 21:31:24.461712 Hotel: Yes
2024-10-14 21:31:24.461896 Kilo: Yes
2024-10-14 21:31:24.462123 November: Yes
2024-10-14 21:31:24.462300 Tango: Yes
ChatterBot Quebec reevaluating
ChatterBot Yankee reevaluating
ChatterBot Hotel reevaluating
ChatterBot Kilo reevaluating
ChatterBot November reevaluating
ChatterBot Tango reevaluating
ChatterBot Mike reevaluating
ChatterBot Yankee reevaluating
ChatterBot Hotel reevaluating
ChatterBot Kilo reevaluating
ChatterBot November reevaluating
ChatterBot Tango reevaluating
ChatterBot Mike reevaluating
ChatterBot Quebec reevaluating
ChatterBot Hotel reevaluating
ChatterBot Kilo reevaluating
ChatterBot November reevaluating
ChatterBot Tango reevaluating
ChatterBot Mike reevaluating
ChatterBot Quebec reevaluating
ChatterBot Yankee reevaluating
ChatterBot Kilo reevaluating
ChatterBot November reevaluating
ChatterBot Tango reevaluating
ChatterBot Mike reevaluating
ChatterBot Quebec reevaluating
ChatterBot Yankee reevaluating
ChatterBot Hotel reevaluating
ChatterBot November reevaluating
ChatterBot Tango reevaluating
ChatterBot Mike reevaluating
ChatterBot Quebec reevaluating
ChatterBot Yankee reevaluating
ChatterBot Hotel reevaluating
ChatterBot Kilo reevaluating
ChatterBot Tango reevaluating
ChatterBot Mike reevaluating
ChatterBot Quebec reevaluating
ChatterBot Yankee reevaluating
ChatterBot Hotel reevaluating
ChatterBot Kilo reevaluating
ChatterBot November reevaluating
2024-10-14 21:31:24.816574 Juliett: Papa we want you to join our group
2024-10-14 21:31:24.821393 Papa: No
ChatterBot Hotel reevaluating
ChatterBot November reevaluating
ChatterBot Tango reevaluating
ChatterBot Quebec reevaluating
ChatterBot Yankee reevaluating
ChatterBot Mike reevaluating
ChatterBot Kilo reevaluating
chatterbot Hotel submitting transactions
2024-10-14 21:31:24.859705 Kilo: Papa we want you to join our group
2024-10-14 21:31:24.869642 Papa: No
ChatterBot Mike reevaluating
2024-10-14 21:31:24.922390 Quebec: Papa we want you to join our group
2024-10-14 21:31:24.929265 Papa: No
ChatterBot Mike reevaluating
2024-10-14 21:31:24.968191 Yankee: Papa we want you to join our group
2024-10-14 21:31:24.972533 Papa: No
ChatterBot Mike reevaluating
2024-10-14 21:31:25.006693 Tango: Juliett and Papa, sending you 5
2024-10-14 21:31:25.007683 Papa: Juliett, sending you 2
2024-10-14 21:31:25.008557 India: Papa, sending you 2
2024-10-14 21:31:25.009001 November: Juliett, Quebec, Yankee, Mike, Papa, Tango and Kilo, sending you 2
2024-10-14 21:31:25.009419 Juliett: Quebec, Yankee, Mike, Papa, Hotel, November and Kilo, sending you 2
2024-10-14 21:31:25.011673 Mike: Papa we want you to join our group
2024-10-14 21:31:25.016981 Papa: No
2024-10-14 21:31:25.049513 Tango: Quebec, sending you 1
2024-10-14 21:31:25.050026 November: Hotel, sending you 1
2024-10-14 21:31:25.050965 Papa: India, sending you 3
2024-10-14 21:31:25.051424 Juliett: Tango, sending you 3
2024-10-14 21:31:25.052096 Yankee: Juliett, Quebec, Papa, Hotel, November, Tango and Kilo, sending you 2
2024-10-14 21:31:25.053680 Tango: Yankee, sending you 2
2024-10-14 21:31:25.054662 Papa: November, sending you 4
2024-10-14 21:31:25.055695 Kilo: Juliett, Yankee, November and Tango, sending you 2
2024-10-14 21:31:25.057719 Yankee: Mike, sending you 3
2024-10-14 21:31:25.058962 Hotel: Juliett and Papa, sending you 1
2024-10-14 21:31:25.059514 Quebec: Juliett, Yankee, Papa, November and Tango, sending you 2
2024-10-14 21:31:25.060788 Tango: November and Kilo, sending you 3
2024-10-14 21:31:25.061426 Papa: Tango, sending you 7
2024-10-14 21:31:25.062353 Kilo: Quebec, Mike and Hotel, sending you 3
2024-10-14 21:31:25.064051 Hotel: Quebec, sending you 4
2024-10-14 21:31:25.064782 Quebec: Mike, Hotel and Kilo, sending you 3
2024-10-14 21:31:25.065922 Kilo: Papa, sending you 1
2024-10-14 21:31:25.068704 Mike: Juliett, Quebec and Hotel, sending you 2
2024-10-14 21:31:25.070004 Hotel: Yankee, sending you 5
2024-10-14 21:31:25.074556 Mike: Yankee, sending you 5
2024-10-14 21:31:25.076203 Hotel: Mike, sending you 2
2024-10-14 21:31:25.078031 Mike: Papa, November and Tango, sending you 1
2024-10-14 21:31:25.081857 Hotel: Kilo, sending you 6
2024-10-14 21:31:25.083681 Mike: Kilo, sending you 3
chatterbot November submitting transactions
chatterbot Quebec submitting transactions
chatterbot Kilo submitting transactions
chatterbot Juliett submitting transactions
chatterbot Papa submitting transactions
chatterbot Yankee submitting transactions
chatterbot Hotel submitting transactions
chatterbot India submitting transactions
chatterbot Mike submitting transactions
chatterbot Tango submitting transactions
ChatterBot Juliett round 4
ChatterBot Quebec round 4
ChatterBot Yankee round 4
ChatterBot Mike round 4
ChatterBot India round 4
ChatterBot Papa round 4
ChatterBot Hotel round 4
ChatterBot November round 4
ChatterBot Tango round 4
ChatterBot Kilo round 4
2024-10-14 21:31:25.922598 India: Papa, sending you 2
2024-10-14 21:31:25.923227 Juliett: Quebec, Yankee, Mike, Papa, Hotel, November and Kilo, sending you 2
2024-10-14 21:31:25.924092 Mike: Juliett, Hotel and November, sending you 2
2024-10-14 21:31:25.926723 Juliett: Tango, sending you 3
2024-10-14 21:31:25.927691 November: Juliett, Quebec, Yankee, Mike, Papa, Tango and Kilo, sending you 2
2024-10-14 21:31:25.928716 Mike: Quebec, Yankee and Kilo, sending you 3
2024-10-14 21:31:25.929445 Tango: Juliett, sending you 4
2024-10-14 21:31:25.931058 Papa: Juliett, sending you 2
2024-10-14 21:31:25.931524 Quebec: Juliett, Yankee, Mike, Papa, November and Tango, sending you 2
2024-10-14 21:31:25.933199 November: Hotel, sending you 1
2024-10-14 21:31:25.937308 Mike: Papa and Tango, sending you 1
2024-10-14 21:31:25.938169 Yankee: Juliett, Quebec, November, Tango and Kilo, sending you 2
2024-10-14 21:31:25.940005 Tango: Quebec and Yankee, sending you 2
2024-10-14 21:31:25.940702 Papa: India and November, sending you 4
2024-10-14 21:31:25.942118 Quebec: Hotel, sending you 3
2024-10-14 21:31:25.942807 Kilo: Juliett, Yankee, November and Tango, sending you 2
2024-10-14 21:31:25.944777 Yankee: Mike and Hotel, sending you 3
2024-10-14 21:31:25.945570 Tango: Papa, sending you 5
2024-10-14 21:31:25.947574 Hotel: Juliett and Mike, sending you 2
2024-10-14 21:31:25.951154 Quebec: Kilo, sending you 4
2024-10-14 21:31:25.952780 Papa: Tango, sending you 6
2024-10-14 21:31:25.953195 Yankee: Papa, sending you 1
2024-10-14 21:31:25.953865 Kilo: Quebec, Mike and Hotel, sending you 3
2024-10-14 21:31:25.955777 Tango: November and Kilo, sending you 3
2024-10-14 21:31:25.957622 Hotel: Quebec and Yankee, sending you 4
2024-10-14 21:31:25.958688 Kilo: Papa, sending you 1
2024-10-14 21:31:25.965120 Hotel: Papa and November, sending you 1
2024-10-14 21:31:25.970666 Hotel: Kilo, sending you 5
chatterbot Quebec submitting transactions
chatterbot Yankee submitting transactions
chatterbot Papa submitting transactions
chatterbot November submitting transactions
chatterbot India submitting transactions
chatterbot Kilo submitting transactions
chatterbot Mike submitting transactions
chatterbot Juliett submitting transactions
chatterbot Tango submitting transactions
chatterbot Hotel submitting transactions
ChatterBot Juliett round 5
ChatterBot Quebec round 5
ChatterBot Yankee round 5
ChatterBot Mike round 5
ChatterBot India round 5
ChatterBot Papa round 5
ChatterBot Hotel round 5
ChatterBot November round 5
ChatterBot Tango round 5
ChatterBot Kilo round 5
2024-10-14 21:31:27.145217 India: Can we be friends?
2024-10-14 21:31:27.171545 Juliett: No
2024-10-14 21:31:27.171726 Papa: No
2024-10-14 21:31:27.171849 November: No
2024-10-14 21:31:27.171952 Tango: No
2024-10-14 21:31:27.172064 Quebec: No
2024-10-14 21:31:27.172164 Yankee: No
2024-10-14 21:31:27.172262 Mike: No
2024-10-14 21:31:27.172373 Hotel: No
2024-10-14 21:31:27.172473 Kilo: No
ChatterBot India reevaluating
ChatterBot India reevaluating
ChatterBot India reevaluating
ChatterBot Papa reevaluating
ChatterBot India reevaluating
ChatterBot Papa reevaluating
ChatterBot India reevaluating
ChatterBot Papa reevaluating
ChatterBot India reevaluating
ChatterBot Papa reevaluating
ChatterBot India reevaluating
ChatterBot Papa reevaluating
ChatterBot India reevaluating
ChatterBot Papa reevaluating
ChatterBot India reevaluating
ChatterBot Papa reevaluating
2024-10-14 21:31:27.426679 Hotel: Juliett and Mike, sending you 2
2024-10-14 21:31:27.429682 Quebec: Juliett, Yankee, Mike, Papa, November and Tango, sending you 2
2024-10-14 21:31:27.431666 Hotel: Quebec and Yankee, sending you 4
2024-10-14 21:31:27.433223 Quebec: Hotel, sending you 3
2024-10-14 21:31:27.435002 Papa: Juliett, sending you 3
2024-10-14 21:31:27.435698 Hotel: Papa and November, sending you 1
2024-10-14 21:31:27.436668 November: Papa, sending you 1
2024-10-14 21:31:27.437823 Papa: India and November, sending you 4
2024-10-14 21:31:27.438681 Quebec: Kilo, sending you 4
2024-10-14 21:31:27.439434 Juliett: Quebec, Yankee, Mike, Papa, Hotel, November and Kilo, sending you 2
2024-10-14 21:31:27.440455 India: Papa, sending you 2
2024-10-14 21:31:27.440815 Hotel: Kilo, sending you 5
2024-10-14 21:31:27.441506 Mike: Juliett, Hotel and November, sending you 2
2024-10-14 21:31:27.442484 Papa: Tango, sending you 5
2024-10-14 21:31:27.442888 Juliett: Tango, sending you 3
2024-10-14 21:31:27.444693 Yankee: Juliett, Quebec, Papa, Hotel, November, Tango and Kilo, sending you 2
2024-10-14 21:31:27.446707 Mike: Quebec, Yankee and Kilo, sending you 3
2024-10-14 21:31:27.448116 Kilo: Juliett, Quebec, Yankee, Mike, Papa, November and Tango, sending you 1
2024-10-14 21:31:27.448882 Tango: Juliett, sending you 4
2024-10-14 21:31:27.449472 Yankee: Mike, sending you 3
2024-10-14 21:31:27.451682 Tango: Quebec, Yankee and Kilo, sending you 2
2024-10-14 21:31:27.453213 Mike: Papa and Tango, sending you 1
2024-10-14 21:31:27.454162 Kilo: Hotel, sending you 3
2024-10-14 21:31:27.455729 Tango: Mike, sending you 1
2024-10-14 21:31:27.461655 Tango: Papa, sending you 5
2024-10-14 21:31:27.465692 Tango: November, sending you 3
chatterbot Quebec submitting transactions
chatterbot Mike submitting transactions
chatterbot Yankee submitting transactions
chatterbot Juliett submitting transactions
chatterbot India submitting transactions
chatterbot Hotel submitting transactions
chatterbot Tango submitting transactions
chatterbot Kilo submitting transactions
chatterbot Papa submitting transactions
chatterbot November submitting transactions
ChatterBot Juliett round 6
ChatterBot Quebec round 6
ChatterBot Yankee round 6
ChatterBot Mike round 6
ChatterBot India round 6
ChatterBot Papa round 6
2024-10-14 21:31:28.580032 India: Can we be friends?
ChatterBot Papa reevaluating
2024-10-14 21:31:28.586466 Papa: No
ChatterBot Hotel round 6
ChatterBot November round 6
ChatterBot Tango round 6
ChatterBot Kilo round 6
2024-10-14 21:31:28.644967 Juliett: We should drop Hotel
2024-10-14 21:31:28.676820 Quebec: No
2024-10-14 21:31:28.677033 Yankee: No
2024-10-14 21:31:28.677208 Mike: No
2024-10-14 21:31:28.677759 Papa: No
2024-10-14 21:31:28.677926 November: No
2024-10-14 21:31:28.678086 Tango: Yes
2024-10-14 21:31:28.678244 Kilo: No
ChatterBot Juliett reevaluating
ChatterBot Juliett reevaluating
ChatterBot Juliett reevaluating
ChatterBot Juliett reevaluating
2024-10-14 21:31:28.888070 India: I was attacked by November and Kilo
ChatterBot Papa reevaluating
2024-10-14 21:31:28.893979 India: Ow
2024-10-14 21:31:28.895181 Hotel: We should drop Tango
ChatterBot Juliett reevaluating
ChatterBot Papa reevaluating
2024-10-14 21:31:28.919546 Juliett: No
2024-10-14 21:31:28.919774 Quebec: No
2024-10-14 21:31:28.919977 Yankee: No
2024-10-14 21:31:28.920684 Mike: No
2024-10-14 21:31:28.920797 Papa: No
2024-10-14 21:31:28.920902 November: No
2024-10-14 21:31:28.921016 Kilo: No
ChatterBot Papa reevaluating
ChatterBot Juliett reevaluating
ChatterBot Papa reevaluating
ChatterBot Juliett reevaluating
ChatterBot Papa reevaluating
ChatterBot Hotel reevaluating
ChatterBot Juliett reevaluating
ChatterBot Papa reevaluating
ChatterBot Hotel reevaluating
ChatterBot Juliett reevaluating
ChatterBot Hotel reevaluating
ChatterBot Juliett reevaluating
ChatterBot Papa reevaluating
ChatterBot Hotel reevaluating
ChatterBot Juliett reevaluating
ChatterBot Papa reevaluating
2024-10-14 21:31:29.211690 Mike: Juliett, Hotel and November, sending you 2
2024-10-14 21:31:29.213362 Yankee: Juliett, Quebec, Mike, Papa, November, Tango and Kilo, sending you 2
2024-10-14 21:31:29.223002 Kilo: Juliett, Yankee, Mike, Papa, November and Tango, sending you 1
2024-10-14 21:31:29.225751 Quebec: Juliett, Yankee, Papa, November and Tango, sending you 2
2024-10-14 21:31:29.231493 Hotel: We should drop November
ChatterBot Juliett reevaluating
2024-10-14 21:31:29.265059 Juliett: No
2024-10-14 21:31:29.265318 Quebec: No
2024-10-14 21:31:29.265478 Yankee: No
2024-10-14 21:31:29.265663 Mike: No
2024-10-14 21:31:29.265847 Papa: No
2024-10-14 21:31:29.266569 Tango: No
2024-10-14 21:31:29.266862 Kilo: No
ChatterBot Hotel reevaluating
ChatterBot Hotel reevaluating
ChatterBot Juliett reevaluating
ChatterBot Hotel reevaluating
ChatterBot Juliett reevaluating
ChatterBot Hotel reevaluating
ChatterBot Juliett reevaluating
ChatterBot Hotel reevaluating
ChatterBot Juliett reevaluating
ChatterBot Hotel reevaluating
ChatterBot Juliett reevaluating
ChatterBot Hotel reevaluating
ChatterBot Juliett reevaluating
2024-10-14 21:31:29.461415 Mike: Quebec, Yankee and Kilo, sending you 3
2024-10-14 21:31:29.462323 Yankee: Hotel, sending you 3
2024-10-14 21:31:29.463058 Kilo: Quebec and Hotel, sending you 2
2024-10-14 21:31:29.463695 Quebec: Mike, Hotel and Kilo, sending you 3
chatterbot Tango submitting transactions
2024-10-14 21:31:29.466672 Mike: Papa and Tango, sending you 1
2024-10-14 21:31:29.467489 November: Papa, sending you 1
2024-10-14 21:31:29.468353 Papa: Juliett, Quebec, Yankee, Hotel, November and Kilo, sending you 2
2024-10-14 21:31:29.469708 Tango: Juliett, sending you 4
2024-10-14 21:31:29.472654 Papa: Mike, sending you 1
2024-10-14 21:31:29.474218 Tango: Quebec, Yankee, November and Kilo, sending you 2
2024-10-14 21:31:29.476682 Papa: Tango, sending you 3
2024-10-14 21:31:29.478687 Tango: Mike, sending you 1
chatterbot Yankee submitting transactions
2024-10-14 21:31:29.484676 Tango: Papa, sending you 6
2024-10-14 21:31:29.489088 Hotel: Juliett and Mike, sending you 3
2024-10-14 21:31:29.490671 Juliett: Quebec, Yankee, Mike, November and Kilo, sending you 2
2024-10-14 21:31:29.494713 Hotel: Quebec and Yankee, sending you 4
2024-10-14 21:31:29.496161 Juliett: Papa, sending you 3
2024-10-14 21:31:29.499696 Hotel: Kilo, sending you 5
2024-10-14 21:31:29.500764 Juliett: Tango, sending you 4
chatterbot India submitting transactions
chatterbot Kilo submitting transactions
chatterbot Hotel submitting transactions
chatterbot Papa submitting transactions
chatterbot November submitting transactions
chatterbot Quebec submitting transactions
chatterbot Mike submitting transactions
chatterbot Juliett submitting transactions
ChatterBot Juliett round 7
ChatterBot Quebec round 7
ChatterBot Yankee round 7
ChatterBot Mike round 7
ChatterBot India round 7
ChatterBot Papa round 7
ChatterBot Hotel round 7
ChatterBot November round 7
ChatterBot Tango round 7
ChatterBot Kilo round 7
2024-10-14 21:31:30.670129 India: We should replace Papa with Tango
2024-10-14 21:31:30.699197 India: Tango we want you to join our group
2024-10-14 21:31:30.702619 Tango: No
ChatterBot India reevaluating
2024-10-14 21:31:30.705776 India: We should replace Papa with Hotel
2024-10-14 21:31:30.706143 Hotel: We should drop Papa
2024-10-14 21:31:30.728140 Mike: No
2024-10-14 21:31:30.728305 Quebec: No
2024-10-14 21:31:30.728429 Yankee: No
2024-10-14 21:31:30.728540 Kilo: No
2024-10-14 21:31:30.728663 Juliett: No
2024-10-14 21:31:30.728822 November: No
2024-10-14 21:31:30.728947 Tango: No
ChatterBot Hotel reevaluating
ChatterBot Hotel reevaluating
ChatterBot Hotel reevaluating
ChatterBot Hotel reevaluating
ChatterBot Hotel reevaluating
ChatterBot Hotel reevaluating
ChatterBot Hotel reevaluating
2024-10-14 21:31:30.881415 India: Hotel we want you to join our group
ChatterBot Hotel reevaluating
2024-10-14 21:31:30.885875 Hotel: No
ChatterBot India reevaluating
2024-10-14 21:31:30.889155 Tango: Juliett, sending you 5
2024-10-14 21:31:30.889611 Juliett: Quebec, Yankee, Mike, November and Kilo, sending you 2
2024-10-14 21:31:30.890213 Quebec: Juliett, Yankee, Papa, November and Tango, sending you 2
2024-10-14 21:31:30.890886 Mike: Juliett and Hotel, sending you 2
2024-10-14 21:31:30.891681 Tango: Quebec, Yankee and Kilo, sending you 2
2024-10-14 21:31:30.892679 Papa: Juliett, Quebec, Yankee, Hotel, November and Kilo, sending you 2
2024-10-14 21:31:30.894242 Juliett: Papa, sending you 3
2024-10-14 21:31:30.895061 Yankee: Juliett, Quebec, Mike, Papa, November, Tango and Kilo, sending you 2
2024-10-14 21:31:30.896146 Quebec: Mike, Hotel and Kilo, sending you 3
2024-10-14 21:31:30.897108 Hotel: We should drop Tango
2024-10-14 21:31:30.923504 Juliett: No
2024-10-14 21:31:30.923686 Quebec: No
2024-10-14 21:31:30.923815 Yankee: No
2024-10-14 21:31:30.923941 Mike: No
2024-10-14 21:31:30.924067 Papa: No
2024-10-14 21:31:30.924187 November: No
2024-10-14 21:31:30.924315 Kilo: No
ChatterBot Hotel reevaluating
ChatterBot Hotel reevaluating
ChatterBot Hotel reevaluating
ChatterBot Hotel reevaluating
ChatterBot Hotel reevaluating
ChatterBot Hotel reevaluating
ChatterBot Hotel reevaluating
ChatterBot Papa reevaluating
2024-10-14 21:31:31.207375 Mike: Quebec and Kilo, sending you 3
2024-10-14 21:31:31.209257 Kilo: Juliett, Yankee, Mike, Papa, November and Tango, sending you 2
2024-10-14 21:31:31.211030 Tango: Mike and November, sending you 1
2024-10-14 21:31:31.211899 Juliett: Tango, sending you 4
2024-10-14 21:31:31.213491 Yankee: Hotel, sending you 3
2024-10-14 21:31:31.214935 Papa: We should drop November
ChatterBot Hotel reevaluating
2024-10-14 21:31:31.262019 Hotel: Yes
2024-10-14 21:31:31.262762 Juliett: No
2024-10-14 21:31:31.263057 Quebec: No
2024-10-14 21:31:31.263289 Yankee: No
2024-10-14 21:31:31.263691 Mike: No
2024-10-14 21:31:31.264063 Tango: No
2024-10-14 21:31:31.264789 Kilo: No
ChatterBot Papa reevaluating
ChatterBot Hotel reevaluating
ChatterBot Papa reevaluating
ChatterBot Hotel reevaluating
ChatterBot Papa reevaluating
ChatterBot Hotel reevaluating
ChatterBot Papa reevaluating
ChatterBot Hotel reevaluating
ChatterBot Papa reevaluating
ChatterBot Hotel reevaluating
ChatterBot Papa reevaluating
ChatterBot Hotel reevaluating
ChatterBot Papa reevaluating
2024-10-14 21:31:31.479728 Mike: Yankee, sending you 4
2024-10-14 21:31:31.480929 Kilo: Quebec and Hotel, sending you 3
2024-10-14 21:31:31.481881 November: Juliett, Quebec, Yankee, Mike, Papa, Tango and Kilo, sending you 1
2024-10-14 21:31:31.483019 November: I was attacked by India
ChatterBot Hotel reevaluating
ChatterBot Juliett reevaluating
ChatterBot Papa reevaluating
ChatterBot Tango reevaluating
ChatterBot Quebec reevaluating
ChatterBot Yankee reevaluating
ChatterBot Mike reevaluating
ChatterBot Kilo reevaluating
2024-10-14 21:31:31.527086 November: Ow
chatterbot Tango submitting transactions
chatterbot November submitting transactions
chatterbot Kilo submitting transactions
2024-10-14 21:31:31.537169 Papa: November we want you to join our group
2024-10-14 21:31:31.542561 November: Yes
ChatterBot Hotel reevaluating
ChatterBot Juliett reevaluating
ChatterBot Papa reevaluating
ChatterBot Tango reevaluating
ChatterBot Quebec reevaluating
ChatterBot Yankee reevaluating
ChatterBot Mike reevaluating
ChatterBot Kilo reevaluating
2024-10-14 21:31:31.629683 Hotel: Juliett, sending you 2
2024-10-14 21:31:31.633670 Hotel: Quebec, Yankee and Kilo, sending you 4
2024-10-14 21:31:31.637717 Hotel: Mike, sending you 3
2024-10-14 21:31:31.642674 Hotel: Papa and November, sending you 1
chatterbot Yankee submitting transactions
chatterbot Mike submitting transactions
chatterbot India submitting transactions
chatterbot Tango submitting transactions
chatterbot Quebec submitting transactions
chatterbot Juliett submitting transactions
chatterbot Juliett submitting transactions
chatterbot Quebec submitting transactions
chatterbot Hotel submitting transactions
chatterbot Papa submitting transactions
ChatterBot Juliett round 8
ChatterBot Quebec round 8
ChatterBot Yankee round 8
ChatterBot Mike round 8
ChatterBot India round 8
ChatterBot Papa round 8
ChatterBot Hotel round 8
chatterbot Yankee submitting transactions
ChatterBot November round 8
ChatterBot Tango round 8
ChatterBot Kilo round 8
2024-10-14 21:31:32.394803 Papa: We should add November
2024-10-14 21:31:32.421365 Hotel: Yes
2024-10-14 21:31:32.421580 Juliett: Yes
2024-10-14 21:31:32.421706 Quebec: Yes
2024-10-14 21:31:32.421823 Yankee: Yes
2024-10-14 21:31:32.421935 Mike: Yes
2024-10-14 21:31:32.422047 Tango: Yes
2024-10-14 21:31:32.422149 Kilo: Yes
ChatterBot Papa reevaluating
ChatterBot Papa reevaluating
ChatterBot Papa reevaluating
ChatterBot Papa reevaluating
ChatterBot Papa reevaluating
ChatterBot Papa reevaluating
ChatterBot Papa reevaluating
chatterbot Mike submitting transactions
2024-10-14 21:31:32.617678 Juliett: Quebec, Yankee, Mike, November and Kilo, sending you 2
2024-10-14 21:31:32.619676 Papa: November we want you to join our group
2024-10-14 21:31:32.624417 November: Yes
ChatterBot Papa reevaluating
chatterbot Kilo submitting transactions
2024-10-14 21:31:32.663973 Juliett: Papa, sending you 3
2024-10-14 21:31:32.667688 Juliett: Tango, sending you 4
2024-10-14 21:31:32.669629 Tango: Juliett, sending you 5
2024-10-14 21:31:32.670560 Quebec: Juliett, Yankee, Mike, Papa, November and Tango, sending you 2
2024-10-14 21:31:32.672146 Yankee: Juliett, Quebec, Mike, Papa, November, Tango and Kilo, sending you 2
2024-10-14 21:31:32.673895 Hotel: Juliett, sending you 1
2024-10-14 21:31:32.675090 Mike: Juliett and Hotel, sending you 2
2024-10-14 21:31:32.676780 Kilo: Juliett, Yankee, Mike, Papa, November and Tango, sending you 2
2024-10-14 21:31:32.678662 Tango: Quebec, Yankee and Kilo, sending you 2
2024-10-14 21:31:32.679855 Quebec: Hotel, sending you 4
2024-10-14 21:31:32.681897 Yankee: Hotel, sending you 3
2024-10-14 21:31:32.683771 Hotel: Quebec and Yankee, sending you 4
2024-10-14 21:31:32.684478 Mike: Quebec and Kilo, sending you 3
2024-10-14 21:31:32.686603 Kilo: Quebec and Hotel, sending you 3
2024-10-14 21:31:32.688682 Tango: Mike and November, sending you 1
2024-10-14 21:31:32.689537 Quebec: Kilo, sending you 3
2024-10-14 21:31:32.691205 Hotel: Mike, sending you 3
2024-10-14 21:31:32.692093 Mike: Yankee, sending you 4
2024-10-14 21:31:32.693740 November: Juliett, Quebec, Yankee, Papa, Tango and Kilo, sending you 2
2024-10-14 21:31:32.695301 Tango: Papa, sending you 6
2024-10-14 21:31:32.696811 Hotel: Papa, sending you 2
2024-10-14 21:31:32.697546 Mike: Papa, November and Tango, sending you 1
2024-10-14 21:31:32.699386 November: Mike, sending you 1
2024-10-14 21:31:32.701698 Hotel: Kilo, sending you 5
chatterbot India submitting transactions
chatterbot Yankee submitting transactions
chatterbot Juliett submitting transactions
chatterbot Kilo submitting transactions
chatterbot Quebec submitting transactions
