ChatterBot Mike round 1
ChatterBot November round 1
ChatterBot Kilo round 1
ChatterBot Sierra round 1
ChatterBot Victor round 1
ChatterBot Hotel round 1
ChatterBot Yankee round 1
ChatterBot Golf round 1
ChatterBot Whiskey round 1
ChatterBot Foxtrot round 1
randomSelections Whiskey: {Whiskey, Yankee, Foxtrot, Sierra, Hotel, November} 
2024-10-14 21:31:18.968958 Whiskey: Group up?
ChatterBot Yankee reevaluating
ChatterBot Foxtrot reevaluating
ChatterBot Sierra reevaluating
ChatterBot Hotel reevaluating
ChatterBot November reevaluating
2024-10-14 21:31:18.985770 Yankee: Yes
2024-10-14 21:31:18.985958 Foxtrot: Yes
2024-10-14 21:31:18.986112 Sierra: Yes
2024-10-14 21:31:18.986266 Hotel: Yes
2024-10-14 21:31:18.986421 November: Yes
ChatterBot Foxtrot reevaluating
ChatterBot Sierra reevaluating
ChatterBot Hotel reevaluating
ChatterBot November reevaluating
ChatterBot Yankee reevaluating
ChatterBot Sierra reevaluating
ChatterBot Hotel reevaluating
ChatterBot November reevaluating
ChatterBot Yankee reevaluating
ChatterBot Foxtrot reevaluating
ChatterBot Hotel reevaluating
ChatterBot November reevaluating
ChatterBot Yankee reevaluating
ChatterBot Foxtrot reevaluating
ChatterBot Sierra reevaluating
ChatterBot November reevaluating
ChatterBot Yankee reevaluating
ChatterBot Foxtrot reevaluating
ChatterBot Sierra reevaluating
ChatterBot Hotel reevaluating
randomSelections Victor: {Victor, Yankee, November, Foxtrot, Whiskey, Golf} 
2024-10-14 21:31:19.039378 Victor: Can we be friends?
ChatterBot Yankee reevaluating
ChatterBot November reevaluating
ChatterBot Foxtrot reevaluating
ChatterBot Golf reevaluating
2024-10-14 21:31:19.047535 Yankee: No
2024-10-14 21:31:19.047689 November: No
2024-10-14 21:31:19.047816 Foxtrot: No
2024-10-14 21:31:19.047929 Whiskey: No
2024-10-14 21:31:19.048466 Golf: Yes
ChatterBot November reevaluating
ChatterBot Foxtrot reevaluating
ChatterBot Golf reevaluating
ChatterBot Yankee reevaluating
ChatterBot Foxtrot reevaluating
ChatterBot Golf reevaluating
ChatterBot Yankee reevaluating
ChatterBot November reevaluating
ChatterBot Golf reevaluating
ChatterBot Yankee reevaluating
ChatterBot November reevaluating
ChatterBot Foxtrot reevaluating
ChatterBot Golf reevaluating
ChatterBot Yankee reevaluating
ChatterBot November reevaluating
ChatterBot Foxtrot reevaluating
randomSelections Mike: {Mike, Sierra, Golf, November, Whiskey, Foxtrot, Victor} 
2024-10-14 21:31:19.094517 Mike: Group up?
ChatterBot Sierra reevaluating
ChatterBot Golf reevaluating
ChatterBot November reevaluating
ChatterBot Foxtrot reevaluating
2024-10-14 21:31:19.102724 Sierra: No
2024-10-14 21:31:19.102873 Golf: No
2024-10-14 21:31:19.102990 November: No
2024-10-14 21:31:19.103096 Whiskey: No
2024-10-14 21:31:19.103595 Foxtrot: No
2024-10-14 21:31:19.103722 Victor: No
ChatterBot Golf reevaluating
ChatterBot November reevaluating
ChatterBot Foxtrot reevaluating
ChatterBot Sierra reevaluating
ChatterBot November reevaluating
ChatterBot Foxtrot reevaluating
ChatterBot Sierra reevaluating
ChatterBot Golf reevaluating
ChatterBot Foxtrot reevaluating
ChatterBot Sierra reevaluating
ChatterBot Golf reevaluating
ChatterBot November reevaluating
ChatterBot Foxtrot reevaluating
ChatterBot Sierra reevaluating
ChatterBot Golf reevaluating
ChatterBot November reevaluating
ChatterBot Sierra reevaluating
ChatterBot Golf reevaluating
ChatterBot November reevaluating
ChatterBot Foxtrot reevaluating
randomSelections Kilo: {Kilo, Whiskey, Mike, Golf, November, Victor} 
2024-10-14 21:31:19.152172 Kilo: We should group up
ChatterBot Golf reevaluating
ChatterBot November reevaluating
2024-10-14 21:31:19.158145 Whiskey: No
2024-10-14 21:31:19.158368 Mike: No
2024-10-14 21:31:19.158476 Golf: No
2024-10-14 21:31:19.158617 November: No
2024-10-14 21:31:19.158734 Victor: No
ChatterBot Golf reevaluating
ChatterBot November reevaluating
ChatterBot Golf reevaluating
ChatterBot November reevaluating
ChatterBot November reevaluating
ChatterBot Golf reevaluating
ChatterBot Golf reevaluating
ChatterBot November reevaluating
2024-10-14 21:31:19.194721 Hotel: November, sending you 6
2024-10-14 21:31:19.195943 Yankee: November, sending you 3
2024-10-14 21:31:19.196332 Mike: November and Victor, sending you 3
2024-10-14 21:31:19.196691 Whiskey: November, Hotel and Yankee, sending you 4
2024-10-14 21:31:19.197672 Victor: November and Yankee, sending you 6
2024-10-14 21:31:19.198689 Yankee: Sierra, sending you 4
2024-10-14 21:31:19.198934 Mike: Sierra, sending you 1
2024-10-14 21:31:19.199687 Kilo: Mike, sending you 4
2024-10-14 21:31:19.200494 Hotel: Sierra and Whiskey, sending you 2
2024-10-14 21:31:19.200856 Sierra: November, sending you 2
2024-10-14 21:31:19.201183 Whiskey: Sierra and Foxtrot, sending you 2
2024-10-14 21:31:19.201688 Yankee: Hotel, sending you 5
2024-10-14 21:31:19.202676 Victor: Whiskey, sending you 1
2024-10-14 21:31:19.203719 November: Sierra, sending you 6
2024-10-14 21:31:19.204110 Mike: Golf and Whiskey, sending you 5
2024-10-14 21:31:19.204402 Hotel: Yankee, sending you 1
2024-10-14 21:31:19.204724 Kilo: November, sending you 2
2024-10-14 21:31:19.205147 Sierra: Hotel, sending you 1
2024-10-14 21:31:19.205874 Foxtrot: November and Yankee, sending you 4
2024-10-14 21:31:19.206198 Golf: November and Yankee, sending you 2
2024-10-14 21:31:19.206425 Yankee: Whiskey, sending you 2
2024-10-14 21:31:19.206669 Victor: Foxtrot, sending you 3
2024-10-14 21:31:19.206896 November: Hotel, Yankee and Foxtrot, sending you 3
2024-10-14 21:31:19.208661 Hotel: Foxtrot, sending you 4
2024-10-14 21:31:19.208988 Kilo: Victor, sending you 6
2024-10-14 21:31:19.209236 Sierra: Yankee, sending you 3
2024-10-14 21:31:19.209481 Golf: Victor, sending you 6
2024-10-14 21:31:19.209831 Foxtrot: Sierra, sending you 2
2024-10-14 21:31:19.210219 November: Whiskey, sending you 2
2024-10-14 21:31:19.211668 Yankee: Foxtrot, sending you 1
2024-10-14 21:31:19.212072 Kilo: Golf, sending you 3
2024-10-14 21:31:19.212316 Sierra: Whiskey, sending you 5
2024-10-14 21:31:19.214647 Golf: Whiskey, sending you 1
2024-10-14 21:31:19.215057 Foxtrot: Hotel, sending you 6
2024-10-14 21:31:19.215372 Kilo: Whiskey, sending you 1
2024-10-14 21:31:19.215689 Sierra: Foxtrot, sending you 4
2024-10-14 21:31:19.219669 Golf: Foxtrot, sending you 3
chatterbot Victor submitting transactions
chatterbot Sierra submitting transactions
chatterbot Whiskey submitting transactions
chatterbot Mike submitting transactions
chatterbot Kilo submitting transactions
chatterbot Foxtrot submitting transactions
chatterbot Hotel submitting transactions
chatterbot Yankee submitting transactions
chatterbot Golf submitting transactions
chatterbot November submitting transactions
ChatterBot Mike round 2
ChatterBot November round 2
ChatterBot Kilo round 2
ChatterBot Sierra round 2
2024-10-14 21:31:23.306548 Mike: Friends?
ChatterBot Kilo reevaluating
ChatterBot Victor reevaluating
ChatterBot Golf reevaluating
ChatterBot Whiskey reevaluating
2024-10-14 21:31:23.351112 Kilo: No
2024-10-14 21:31:23.352524 Victor: No
2024-10-14 21:31:23.353233 Golf: No
2024-10-14 21:31:23.354499 Whiskey: No
ChatterBot Victor reevaluating
ChatterBot Golf reevaluating
ChatterBot Whiskey reevaluating
ChatterBot Mike reevaluating
ChatterBot Kilo reevaluating
ChatterBot Golf reevaluating
ChatterBot Whiskey reevaluating
ChatterBot Mike reevaluating
ChatterBot Kilo reevaluating
ChatterBot Victor reevaluating
ChatterBot Whiskey reevaluating
ChatterBot Mike reevaluating
ChatterBot Kilo reevaluating
ChatterBot Victor reevaluating
ChatterBot Golf reevaluating
2024-10-14 21:31:23.511255 Victor: Let's form a team
ChatterBot Golf reevaluating
2024-10-14 21:31:23.532890 Golf: No
ChatterBot Victor reevaluating
ChatterBot Victor round 2
ChatterBot Hotel round 2
ChatterBot Yankee round 2
ChatterBot Golf round 2
ChatterBot Whiskey round 2
ChatterBot Foxtrot round 2
2024-10-14 21:31:23.590933 Whiskey: We should add Mike
ChatterBot Yankee reevaluating
ChatterBot Foxtrot reevaluating
ChatterBot Sierra reevaluating
2024-10-14 21:31:23.618157 Yankee: No
2024-10-14 21:31:23.618410 Foxtrot: No
2024-10-14 21:31:23.618624 Sierra: Yes
2024-10-14 21:31:23.618813 Hotel: No
2024-10-14 21:31:23.619541 November: No
ChatterBot Whiskey reevaluating
ChatterBot Foxtrot reevaluating
ChatterBot Sierra reevaluating
ChatterBot Whiskey reevaluating
ChatterBot Yankee reevaluating
ChatterBot Sierra reevaluating
ChatterBot Whiskey reevaluating
ChatterBot Yankee reevaluating
ChatterBot Foxtrot reevaluating
ChatterBot Whiskey reevaluating
ChatterBot Yankee reevaluating
ChatterBot Foxtrot reevaluating
ChatterBot Sierra reevaluating
ChatterBot Whiskey reevaluating
ChatterBot Yankee reevaluating
ChatterBot Foxtrot reevaluating
ChatterBot Sierra reevaluating
2024-10-14 21:31:23.733941 Foxtrot: We should add Victor
ChatterBot Whiskey reevaluating
ChatterBot Yankee reevaluating
ChatterBot Sierra reevaluating
2024-10-14 21:31:23.749197 Whiskey: No
2024-10-14 21:31:23.749875 Yankee: Yes
2024-10-14 21:31:23.749995 Sierra: No
2024-10-14 21:31:23.750094 Hotel: No
2024-10-14 21:31:23.750204 November: No
ChatterBot Yankee reevaluating
ChatterBot Foxtrot reevaluating
ChatterBot Sierra reevaluating
ChatterBot Whiskey reevaluating
ChatterBot Foxtrot reevaluating
ChatterBot Sierra reevaluating
ChatterBot Whiskey reevaluating
ChatterBot Yankee reevaluating
ChatterBot Foxtrot reevaluating
ChatterBot Whiskey reevaluating
ChatterBot Yankee reevaluating
ChatterBot Foxtrot reevaluating
ChatterBot Sierra reevaluating
ChatterBot Whiskey reevaluating
ChatterBot Yankee reevaluating
ChatterBot Foxtrot reevaluating
ChatterBot Sierra reevaluating
2024-10-14 21:31:23.942917 Foxtrot: We should add Golf
ChatterBot Whiskey reevaluating
ChatterBot Yankee reevaluating
ChatterBot Sierra reevaluating
2024-10-14 21:31:23.959860 Whiskey: No
2024-10-14 21:31:23.960115 Yankee: No
2024-10-14 21:31:23.960295 Sierra: No
2024-10-14 21:31:23.960544 Hotel: No
2024-10-14 21:31:23.960797 November: No
ChatterBot Yankee reevaluating
ChatterBot Foxtrot reevaluating
ChatterBot Sierra reevaluating
ChatterBot Whiskey reevaluating
ChatterBot Foxtrot reevaluating
ChatterBot Sierra reevaluating
ChatterBot Whiskey reevaluating
ChatterBot Yankee reevaluating
ChatterBot Foxtrot reevaluating
ChatterBot Whiskey reevaluating
ChatterBot Yankee reevaluating
ChatterBot Foxtrot reevaluating
ChatterBot Sierra reevaluating
ChatterBot Whiskey reevaluating
ChatterBot Yankee reevaluating
ChatterBot Foxtrot reevaluating
ChatterBot Sierra reevaluating
2024-10-14 21:31:24.081232 Kilo: We should drop Whiskey and November
ChatterBot Mike reevaluating
2024-10-14 21:31:24.094967 Mike: Yes
2024-10-14 21:31:24.095292 Victor: Yes
2024-10-14 21:31:24.095533 Golf: Yes
ChatterBot Kilo reevaluating
ChatterBot Kilo reevaluating
ChatterBot Mike reevaluating
ChatterBot Kilo reevaluating
ChatterBot Mike reevaluating
2024-10-14 21:31:24.137342 Foxtrot: Victor we want you to join our group
2024-10-14 21:31:24.143398 Victor: No
2024-10-14 21:31:24.174862 Sierra: November, sending you 4
2024-10-14 21:31:24.176103 November: Sierra, Yankee, Whiskey and Foxtrot, sending you 3
2024-10-14 21:31:24.176698 Hotel: November and Whiskey, sending you 3
2024-10-14 21:31:24.177105 Victor: Mike, sending you 4
2024-10-14 21:31:24.181809 Hotel: Sierra, sending you 1
2024-10-14 21:31:24.182766 Sierra: Hotel, Yankee and Whiskey, sending you 3
2024-10-14 21:31:24.183228 November: Hotel, sending you 5
2024-10-14 21:31:24.183718 Whiskey: November, Hotel and Yankee, sending you 3
2024-10-14 21:31:24.184743 Victor: Kilo and Golf, sending you 6
2024-10-14 21:31:24.185060 Yankee: November and Sierra, sending you 4
chatterbot Victor submitting transactions
2024-10-14 21:31:24.186274 Hotel: Yankee and Foxtrot, sending you 4
2024-10-14 21:31:24.187863 Sierra: Foxtrot, sending you 2
2024-10-14 21:31:24.199664 Whiskey: Sierra, sending you 7
2024-10-14 21:31:24.200211 Foxtrot: November, Sierra, Victor, Hotel, Yankee and Whiskey, sending you 3
2024-10-14 21:31:24.200645 Golf: Mike, sending you 7
2024-10-14 21:31:24.201532 Yankee: Hotel, sending you 1
2024-10-14 21:31:24.202097 Mike: Kilo, sending you 8
2024-10-14 21:31:24.206938 Golf: Kilo, sending you 5
2024-10-14 21:31:24.207279 Mike: Victor and Golf, sending you 4
2024-10-14 21:31:24.207579 Yankee: Whiskey and Foxtrot, sending you 5
chatterbot Sierra submitting transactions
chatterbot Golf submitting transactions
chatterbot Whiskey submitting transactions
chatterbot Yankee submitting transactions
chatterbot Hotel submitting transactions
chatterbot November submitting transactions
chatterbot Foxtrot submitting transactions
chatterbot Kilo submitting transactions
chatterbot Mike submitting transactions
ChatterBot Mike round 3
ChatterBot November round 3
ChatterBot Kilo round 3
ChatterBot Sierra round 3
ChatterBot Victor round 3
ChatterBot Hotel round 3
ChatterBot Yankee round 3
ChatterBot Golf round 3
ChatterBot Whiskey round 3
2024-10-14 21:31:25.266200 Kilo: We should drop Whiskey and November
2024-10-14 21:31:25.274974 Mike: Yes
2024-10-14 21:31:25.275163 Victor: Yes
2024-10-14 21:31:25.275339 Golf: Yes
ChatterBot Foxtrot round 3
2024-10-14 21:31:25.314578 Foxtrot: We should replace Victor with Mike
2024-10-14 21:31:25.326069 Whiskey: No
2024-10-14 21:31:25.326251 Yankee: No
2024-10-14 21:31:25.326387 Sierra: No
2024-10-14 21:31:25.326501 Hotel: No
2024-10-14 21:31:25.326610 November: No
ChatterBot Foxtrot reevaluating
ChatterBot Foxtrot reevaluating
ChatterBot Foxtrot reevaluating
ChatterBot Foxtrot reevaluating
ChatterBot Foxtrot reevaluating
2024-10-14 21:31:25.391669 Mike: Kilo and Golf, sending you 6
2024-10-14 21:31:25.392698 Sierra: Sending you each 3
2024-10-14 21:31:25.393574 November: Sierra, Yankee, Whiskey and Foxtrot, sending you 3
2024-10-14 21:31:25.394043 Kilo: Mike, sending you 6
2024-10-14 21:31:25.394689 Mike: Victor, sending you 5
2024-10-14 21:31:25.397667 November: Hotel, sending you 5
2024-10-14 21:31:25.398653 Kilo: Victor and Golf, sending you 5
2024-10-14 21:31:25.401010 Whiskey: November and Hotel, sending you 3
2024-10-14 21:31:25.401764 Hotel: November, sending you 4
2024-10-14 21:31:25.405050 Whiskey: Sierra and Yankee, sending you 4
2024-10-14 21:31:25.405764 Yankee: November, Sierra, Whiskey and Foxtrot, sending you 4
2024-10-14 21:31:25.406696 Golf: Mike and Kilo, sending you 5
2024-10-14 21:31:25.407225 Hotel: Sierra, sending you 2
2024-10-14 21:31:25.407867 Victor: Mike and Golf, sending you 5
2024-10-14 21:31:25.408659 Whiskey: Foxtrot, sending you 2
2024-10-14 21:31:25.410662 Yankee: Hotel, sending you 3
2024-10-14 21:31:25.411264 Hotel: Yankee, Whiskey and Foxtrot, sending you 3
2024-10-14 21:31:25.411816 Golf: Victor, sending you 4
2024-10-14 21:31:25.412694 Victor: Kilo, sending you 6
2024-10-14 21:31:25.417033 Foxtrot: November, Sierra, Victor, Hotel, Yankee and Whiskey, sending you 3
chatterbot Golf submitting transactions
chatterbot Kilo submitting transactions
chatterbot Mike submitting transactions
chatterbot Sierra submitting transactions
chatterbot Hotel submitting transactions
chatterbot November submitting transactions
chatterbot Yankee submitting transactions
chatterbot Foxtrot submitting transactions
chatterbot Victor submitting transactions
chatterbot Whiskey submitting transactions
ChatterBot Mike round 4
ChatterBot November round 4
ChatterBot Kilo round 4
ChatterBot Sierra round 4
ChatterBot Victor round 4
ChatterBot Hotel round 4
ChatterBot Yankee round 4
ChatterBot Golf round 4
ChatterBot Whiskey round 4
ChatterBot Foxtrot round 4
2024-10-14 21:31:26.168148 Foxtrot: We should replace Victor with Golf
2024-10-14 21:31:26.183861 Whiskey: No
2024-10-14 21:31:26.184075 Yankee: No
2024-10-14 21:31:26.184248 Sierra: No
2024-10-14 21:31:26.184745 Hotel: No
2024-10-14 21:31:26.184911 November: No
ChatterBot Foxtrot reevaluating
ChatterBot Foxtrot reevaluating
ChatterBot Foxtrot reevaluating
ChatterBot Foxtrot reevaluating
ChatterBot Foxtrot reevaluating
2024-10-14 21:31:26.238665 November: Sierra, Yankee, Whiskey and Foxtrot, sending you 3
2024-10-14 21:31:26.240941 Kilo: Mike, sending you 6
2024-10-14 21:31:26.241297 Hotel: November, sending you 4
2024-10-14 21:31:26.243663 November: Hotel, sending you 5
2024-10-14 21:31:26.245674 Kilo: Victor and Golf, sending you 5
2024-10-14 21:31:26.247129 Hotel: Sierra, sending you 2
2024-10-14 21:31:26.250064 Whiskey: November and Hotel, sending you 3
2024-10-14 21:31:26.250691 Sierra: Same as last round
2024-10-14 21:31:26.251147 Hotel: Yankee, Whiskey and Foxtrot, sending you 3
2024-10-14 21:31:26.251650 Victor: Mike and Golf, sending you 5
2024-10-14 21:31:26.252945 Yankee: November, Sierra, Whiskey and Foxtrot, sending you 4
2024-10-14 21:31:26.254652 Whiskey: Sierra and Yankee, sending you 4
2024-10-14 21:31:26.255678 Victor: Kilo, sending you 6
2024-10-14 21:31:26.255989 Yankee: Hotel, sending you 3
2024-10-14 21:31:26.257662 Mike: Kilo and Golf, sending you 6
2024-10-14 21:31:26.258671 Whiskey: Foxtrot, sending you 2
2024-10-14 21:31:26.259655 Golf: Mike, sending you 6
2024-10-14 21:31:26.261684 Foxtrot: November, Sierra, Hotel and Whiskey, sending you 3
2024-10-14 21:31:26.262217 Mike: Victor, sending you 5
2024-10-14 21:31:26.263683 Golf: Kilo and Victor, sending you 4
2024-10-14 21:31:26.265651 Foxtrot: Victor, sending you 2
2024-10-14 21:31:26.269668 Foxtrot: Yankee, sending you 4
chatterbot Mike submitting transactions
chatterbot Whiskey submitting transactions
chatterbot Foxtrot submitting transactions
chatterbot November submitting transactions
chatterbot Golf submitting transactions
chatterbot Yankee submitting transactions
chatterbot Kilo submitting transactions
chatterbot Hotel submitting transactions
chatterbot Victor submitting transactions
chatterbot Sierra submitting transactions
ChatterBot Mike round 5
ChatterBot November round 5
ChatterBot Kilo round 5
ChatterBot Sierra round 5
ChatterBot Victor round 5
ChatterBot Hotel round 5
ChatterBot Yankee round 5
ChatterBot Golf round 5
ChatterBot Whiskey round 5
ChatterBot Foxtrot round 5
2024-10-14 21:31:27.446689 Mike: Kilo and Golf, sending you 6
2024-10-14 21:31:27.451657 Mike: Victor, sending you 5
2024-10-14 21:31:27.456659 Yankee: November, Sierra, Whiskey and Foxtrot, sending you 4
2024-10-14 21:31:27.457344 Sierra: Same as last round
2024-10-14 21:31:27.457868 Whiskey: November, Sierra, Hotel and Foxtrot, sending you 3
2024-10-14 21:31:27.458250 Victor: Mike and Golf, sending you 5
2024-10-14 21:31:27.458680 Golf: Mike, sending you 6
2024-10-14 21:31:27.460678 November: Sierra, Yankee, Whiskey and Foxtrot, sending you 3
2024-10-14 21:31:27.461667 Yankee: Hotel, sending you 3
2024-10-14 21:31:27.462380 Whiskey: Yankee, sending you 4
2024-10-14 21:31:27.463412 Victor: Kilo, sending you 6
2024-10-14 21:31:27.463873 Foxtrot: November, Sierra, Hotel and Whiskey, sending you 3
2024-10-14 21:31:27.464350 Kilo: Mike and Victor, sending you 6
2024-10-14 21:31:27.464693 Golf: Kilo and Victor, sending you 4
2024-10-14 21:31:27.465690 November: Hotel, sending you 5
2024-10-14 21:31:27.466705 Hotel: November, sending you 4
2024-10-14 21:31:27.467183 Foxtrot: Victor, sending you 2
2024-10-14 21:31:27.470262 Kilo: Golf, sending you 4
2024-10-14 21:31:27.470846 Foxtrot: Yankee, sending you 4
2024-10-14 21:31:27.471677 Hotel: Sierra, sending you 2
2024-10-14 21:31:27.474734 Hotel: Yankee, Whiskey and Foxtrot, sending you 3
chatterbot November submitting transactions
chatterbot Foxtrot submitting transactions
chatterbot Hotel submitting transactions
chatterbot Golf submitting transactions
chatterbot Mike submitting transactions
chatterbot Whiskey submitting transactions
chatterbot Sierra submitting transactions
chatterbot Yankee submitting transactions
chatterbot Kilo submitting transactions
chatterbot Victor submitting transactions
ChatterBot Mike round 6
ChatterBot November round 6
ChatterBot Kilo round 6
ChatterBot Sierra round 6
ChatterBot Victor round 6
ChatterBot Hotel round 6
ChatterBot Yankee round 6
ChatterBot Golf round 6
ChatterBot Whiskey round 6
ChatterBot Foxtrot round 6
2024-10-14 21:31:28.749889 Foxtrot: We should drop Victor
2024-10-14 21:31:28.765123 Whiskey: Yes
2024-10-14 21:31:28.765341 Yankee: Yes
2024-10-14 21:31:28.765509 Sierra: Yes
2024-10-14 21:31:28.766052 Hotel: Yes
2024-10-14 21:31:28.766232 November: Yes
ChatterBot Foxtrot reevaluating
ChatterBot Foxtrot reevaluating
ChatterBot Foxtrot reevaluating
ChatterBot Foxtrot reevaluating
ChatterBot Foxtrot reevaluating
2024-10-14 21:31:28.844072 Foxtrot: We should replace Victor with Golf
2024-10-14 21:31:28.862764 Whiskey: No
2024-10-14 21:31:28.863044 Yankee: No
2024-10-14 21:31:28.863221 Sierra: No
2024-10-14 21:31:28.863372 Hotel: No
2024-10-14 21:31:28.863538 November: No
ChatterBot Foxtrot reevaluating
ChatterBot Foxtrot reevaluating
ChatterBot Foxtrot reevaluating
ChatterBot Foxtrot reevaluating
ChatterBot Foxtrot reevaluating
2024-10-14 21:31:28.957306 Mike: Kilo and Golf, sending you 6
2024-10-14 21:31:28.958041 Foxtrot: We should replace Victor with Mike
2024-10-14 21:31:28.973553 Whiskey: No
2024-10-14 21:31:28.973762 Yankee: No
2024-10-14 21:31:28.973921 Sierra: No
2024-10-14 21:31:28.974073 Hotel: No
2024-10-14 21:31:28.974215 November: No
ChatterBot Foxtrot reevaluating
ChatterBot Foxtrot reevaluating
ChatterBot Foxtrot reevaluating
ChatterBot Foxtrot reevaluating
ChatterBot Foxtrot reevaluating
2024-10-14 21:31:29.059515 November: Sierra, Yankee, Whiskey and Foxtrot, sending you 3
2024-10-14 21:31:29.060690 Victor: Mike and Golf, sending you 5
2024-10-14 21:31:29.061114 Kilo: Mike and Victor, sending you 6
2024-10-14 21:31:29.061401 Golf: Mike and Victor, sending you 5
2024-10-14 21:31:29.061686 Sierra: Same as last round
2024-10-14 21:31:29.062223 Mike: Victor, sending you 5
2024-10-14 21:31:29.063292 Yankee: November, Sierra, Whiskey and Foxtrot, sending you 4
2024-10-14 21:31:29.063815 Hotel: November, sending you 4
2024-10-14 21:31:29.064368 Whiskey: November, Sierra, Hotel and Foxtrot, sending you 3
2024-10-14 21:31:29.065074 Foxtrot: Mike we want you to join our group
2024-10-14 21:31:29.067725 Mike: No
ChatterBot Foxtrot reevaluating
2024-10-14 21:31:29.082968 November: Hotel, sending you 5
2024-10-14 21:31:29.083939 Victor: Kilo, sending you 6
2024-10-14 21:31:29.084786 Kilo: Golf, sending you 4
2024-10-14 21:31:29.085126 Golf: Kilo, sending you 4
2024-10-14 21:31:29.085413 Yankee: Hotel, sending you 3
2024-10-14 21:31:29.085972 Hotel: Sierra, sending you 2
2024-10-14 21:31:29.086487 Whiskey: Yankee, sending you 4
2024-10-14 21:31:29.088692 Hotel: Yankee, Whiskey and Foxtrot, sending you 3
2024-10-14 21:31:29.115717 Foxtrot: Mike, sending you 2
2024-10-14 21:31:29.120800 Foxtrot: November, Sierra, Hotel and Whiskey, sending you 3
2024-10-14 21:31:29.124668 Foxtrot: Yankee, sending you 4
chatterbot Sierra submitting transactions
chatterbot Kilo submitting transactions
chatterbot Golf submitting transactions
chatterbot Mike submitting transactions
chatterbot Foxtrot submitting transactions
chatterbot Whiskey submitting transactions
chatterbot Yankee submitting transactions
chatterbot November submitting transactions
chatterbot Hotel submitting transactions
chatterbot Victor submitting transactions
ChatterBot Mike round 7
ChatterBot November round 7
ChatterBot Kilo round 7
ChatterBot Sierra round 7
ChatterBot Victor round 7
ChatterBot Hotel round 7
ChatterBot Yankee round 7
ChatterBot Golf round 7
ChatterBot Whiskey round 7
ChatterBot Foxtrot round 7
2024-10-14 21:31:30.058668 Mike: Kilo and Golf, sending you 6
2024-10-14 21:31:30.060752 Sierra: Same as last round
2024-10-14 21:31:30.063676 Mike: Victor, sending you 5
2024-10-14 21:31:30.065677 Kilo: Mike and Victor, sending you 6
2024-10-14 21:31:30.070390 November: Sierra, Yankee, Whiskey and Foxtrot, sending you 3
2024-10-14 21:31:30.071233 Kilo: Golf, sending you 4
2024-10-14 21:31:30.071555 Hotel: November, sending you 4
2024-10-14 21:31:30.072105 Whiskey: November, Sierra, Hotel and Foxtrot, sending you 3
2024-10-14 21:31:30.073675 Yankee: November, Hotel, Whiskey and Foxtrot, sending you 4
2024-10-14 21:31:30.075677 November: Hotel, sending you 5
2024-10-14 21:31:30.077233 Victor: Mike and Golf, sending you 5
2024-10-14 21:31:30.077631 Whiskey: Yankee, sending you 4
2024-10-14 21:31:30.078693 Hotel: Sierra, Whiskey and Foxtrot, sending you 3
2024-10-14 21:31:30.079781 Golf: Mike and Victor, sending you 5
2024-10-14 21:31:30.080259 Yankee: Sierra, sending you 3
2024-10-14 21:31:30.081688 Victor: Kilo, sending you 6
2024-10-14 21:31:30.082682 Hotel: Yankee, sending you 2
2024-10-14 21:31:30.083676 Foxtrot: Mike, sending you 2
2024-10-14 21:31:30.085154 Golf: Kilo, sending you 4
2024-10-14 21:31:30.086676 Foxtrot: November, Sierra, Hotel and Whiskey, sending you 3
2024-10-14 21:31:30.089685 Foxtrot: Yankee, sending you 4
chatterbot Kilo submitting transactions
chatterbot Golf submitting transactions
chatterbot November submitting transactions
chatterbot Whiskey submitting transactions
chatterbot Mike submitting transactions
chatterbot Victor submitting transactions
chatterbot Foxtrot submitting transactions
chatterbot Sierra submitting transactions
chatterbot Yankee submitting transactions
chatterbot Hotel submitting transactions
ChatterBot Mike round 8
ChatterBot November round 8
ChatterBot Kilo round 8
ChatterBot Sierra round 8
ChatterBot Victor round 8
ChatterBot Hotel round 8
ChatterBot Yankee round 8
2024-10-14 21:31:31.312710 Mike: We should add Foxtrot
2024-10-14 21:31:31.322862 Kilo: No
2024-10-14 21:31:31.323068 Victor: No
2024-10-14 21:31:31.323228 Golf: No
ChatterBot Mike reevaluating
ChatterBot Mike reevaluating
ChatterBot Mike reevaluating
ChatterBot Golf round 8
ChatterBot Whiskey round 8
ChatterBot Foxtrot round 8
2024-10-14 21:31:31.396744 Foxtrot: We should replace Mike with Kilo
2024-10-14 21:31:31.412019 Whiskey: No
2024-10-14 21:31:31.412706 Yankee: No
2024-10-14 21:31:31.412844 Sierra: No
2024-10-14 21:31:31.412977 Hotel: No
2024-10-14 21:31:31.413095 November: No
ChatterBot Foxtrot reevaluating
ChatterBot Foxtrot reevaluating
ChatterBot Foxtrot reevaluating
ChatterBot Foxtrot reevaluating
ChatterBot Foxtrot reevaluating
2024-10-14 21:31:31.478811 Foxtrot: Kilo we want you to join our group
2024-10-14 21:31:31.481758 Kilo: No
ChatterBot Foxtrot reevaluating
2024-10-14 21:31:31.504811 Kilo: Mike and Victor, sending you 6
2024-10-14 21:31:31.505305 Hotel: November, sending you 4
2024-10-14 21:31:31.506102 Golf: Mike and Victor, sending you 5
2024-10-14 21:31:31.506429 Mike: Kilo and Golf, sending you 6
2024-10-14 21:31:31.506743 Yankee: November, Sierra, Whiskey and Foxtrot, sending you 4
2024-10-14 21:31:31.507299 Whiskey: November, Sierra, Hotel and Foxtrot, sending you 3
2024-10-14 21:31:31.508567 November: Sierra, Yankee, Whiskey and Foxtrot, sending you 3
2024-10-14 21:31:31.509178 Sierra: Same as last round
2024-10-14 21:31:31.509762 Victor: Mike and Golf, sending you 5
2024-10-14 21:31:31.510068 Golf: Kilo, sending you 4
2024-10-14 21:31:31.510344 Kilo: Golf, sending you 4
2024-10-14 21:31:31.510717 Hotel: Sierra, sending you 2
2024-10-14 21:31:31.511877 Whiskey: Yankee, sending you 4
2024-10-14 21:31:31.512827 Mike: Victor, sending you 5
2024-10-14 21:31:31.513203 Yankee: Hotel, sending you 3
2024-10-14 21:31:31.514423 November: Hotel, sending you 5
2024-10-14 21:31:31.515659 Victor: Kilo, sending you 6
2024-10-14 21:31:31.516203 Hotel: Yankee, Whiskey and Foxtrot, sending you 3
2024-10-14 21:31:31.529655 Foxtrot: Mike, sending you 2
2024-10-14 21:31:31.534649 Foxtrot: November, Sierra, Hotel and Whiskey, sending you 3
2024-10-14 21:31:31.538666 Foxtrot: Yankee, sending you 4
chatterbot Foxtrot submitting transactions
chatterbot Golf submitting transactions
chatterbot Yankee submitting transactions
chatterbot Kilo submitting transactions
chatterbot Hotel submitting transactions
chatterbot November submitting transactions
chatterbot Whiskey submitting transactions
chatterbot Sierra submitting transactions
chatterbot Mike submitting transactions
chatterbot Victor submitting transactions
ChatterBot Mike round 9
ChatterBot November round 9
ChatterBot Kilo round 9
ChatterBot Sierra round 9
ChatterBot Victor round 9
ChatterBot Hotel round 9
ChatterBot Yankee round 9
ChatterBot Golf round 9
ChatterBot Whiskey round 9
ChatterBot Foxtrot round 9
2024-10-14 21:31:32.660701 Foxtrot: We should drop Mike
2024-10-14 21:31:32.672929 Whiskey: Yes
2024-10-14 21:31:32.673126 Yankee: Yes
2024-10-14 21:31:32.673687 Sierra: Yes
2024-10-14 21:31:32.673843 Hotel: Yes
2024-10-14 21:31:32.673997 November: Yes
ChatterBot Foxtrot reevaluating
ChatterBot Foxtrot reevaluating
ChatterBot Foxtrot reevaluating
ChatterBot Foxtrot reevaluating
2024-10-14 21:31:32.728921 Mike: Kilo and Golf, sending you 6
2024-10-14 21:31:32.732681 November: Sierra, Yankee, Whiskey and Foxtrot, sending you 3
2024-10-14 21:31:32.733863 Mike: Victor, sending you 5
2024-10-14 21:31:32.734484 Kilo: Mike and Victor, sending you 6
2024-10-14 21:31:32.735264 Sierra: Same as last round
2024-10-14 21:31:32.736142 Victor: Mike and Golf, sending you 5
2024-10-14 21:31:32.736651 November: Hotel, sending you 5
2024-10-14 21:31:32.738676 Victor: Kilo, sending you 6
2024-10-14 21:31:32.740063 Kilo: Golf, sending you 4
2024-10-14 21:31:32.741692 Whiskey: November, Sierra, Hotel and Foxtrot, sending you 3
2024-10-14 21:31:32.742918 Golf: Mike and Victor, sending you 5
2024-10-14 21:31:32.743304 Yankee: November and Foxtrot, sending you 4
2024-10-14 21:31:32.743983 Hotel: November, sending you 4
2024-10-14 21:31:32.745696 Whiskey: Yankee, sending you 4
2024-10-14 21:31:32.746684 Golf: Kilo, sending you 4
2024-10-14 21:31:32.747203 Yankee: Sierra and Hotel, sending you 3
2024-10-14 21:31:32.747983 Hotel: Sierra, Yankee and Whiskey, sending you 3
2024-10-14 21:31:32.750680 Yankee: Whiskey, sending you 5
2024-10-14 21:31:32.753658 Hotel: Foxtrot, sending you 2
2024-10-14 21:31:32.759991 Foxtrot: November, Sierra, Hotel and Yankee, sending you 4
2024-10-14 21:31:32.763675 Foxtrot: Whiskey, sending you 2
chatterbot Sierra submitting transactions
chatterbot Golf submitting transactions
chatterbot Kilo submitting transactions
chatterbot Foxtrot submitting transactions
chatterbot Yankee submitting transactions
chatterbot Mike submitting transactions
chatterbot Whiskey submitting transactions
chatterbot Hotel submitting transactions
chatterbot November submitting transactions
chatterbot Victor submitting transactions
ChatterBot Mike round 10
ChatterBot November round 10
ChatterBot Kilo round 10
ChatterBot Sierra round 10
ChatterBot Victor round 10
ChatterBot Hotel round 10
ChatterBot Yankee round 10
ChatterBot Golf round 10
ChatterBot Whiskey round 10
ChatterBot Foxtrot round 10
2024-10-14 21:31:33.944351 Foxtrot: We should add Golf
2024-10-14 21:31:33.959775 Whiskey: No
2024-10-14 21:31:33.960042 Yankee: No
2024-10-14 21:31:33.960302 Sierra: No
2024-10-14 21:31:33.960563 Hotel: No
2024-10-14 21:31:33.961240 November: No
ChatterBot Foxtrot reevaluating
ChatterBot Foxtrot reevaluating
ChatterBot Foxtrot reevaluating
ChatterBot Foxtrot reevaluating
ChatterBot Foxtrot reevaluating
2024-10-14 21:31:34.023653 November: Sierra, Yankee, Whiskey and Foxtrot, sending you 3
2024-10-14 21:31:34.024552 Mike: Kilo and Golf, sending you 6
2024-10-14 21:31:34.028662 November: Hotel, sending you 5
2024-10-14 21:31:34.030005 Victor: Mike and Golf, sending you 5
2024-10-14 21:31:34.030499 Mike: Victor, sending you 5
2024-10-14 21:31:34.030896 Kilo: Mike and Victor, sending you 6
2024-10-14 21:31:34.033655 Victor: Kilo, sending you 6
2024-10-14 21:31:34.034112 Whiskey: November, Sierra, Hotel and Foxtrot, sending you 3
2024-10-14 21:31:34.035121 Yankee: November and Foxtrot, sending you 4
2024-10-14 21:31:34.035861 Golf: Mike, sending you 6
2024-10-14 21:31:34.036671 Kilo: Golf, sending you 4
2024-10-14 21:31:34.037660 Sierra: Same as last round
2024-10-14 21:31:34.038667 Whiskey: Yankee, sending you 4
2024-10-14 21:31:34.039890 Yankee: Sierra and Hotel, sending you 3
2024-10-14 21:31:34.041669 Golf: Kilo, sending you 3
2024-10-14 21:31:34.042149 Hotel: November, sending you 4
2024-10-14 21:31:34.044664 Yankee: Whiskey, sending you 5
2024-10-14 21:31:34.046685 Golf: Victor, sending you 5
2024-10-14 21:31:34.047203 Hotel: Sierra, sending you 2
2024-10-14 21:31:34.048170 Foxtrot: November, Sierra, Hotel and Yankee, sending you 4
2024-10-14 21:31:34.051687 Foxtrot: Whiskey, sending you 2
2024-10-14 21:31:34.052757 Hotel: Yankee, Whiskey and Foxtrot, sending you 3
chatterbot November submitting transactions
chatterbot Golf submitting transactions
chatterbot Hotel submitting transactions
chatterbot Victor submitting transactions
chatterbot Sierra submitting transactions
chatterbot Yankee submitting transactions
chatterbot Mike submitting transactions
chatterbot Whiskey submitting transactions
chatterbot Foxtrot submitting transactions
chatterbot Kilo submitting transactions
ChatterBot Mike round 11
ChatterBot November round 11
ChatterBot Kilo round 11
ChatterBot Sierra round 11
ChatterBot Victor round 11
ChatterBot Hotel round 11
ChatterBot Yankee round 11
ChatterBot Golf round 11
ChatterBot Whiskey round 11
ChatterBot Foxtrot round 11
2024-10-14 21:31:35.205748 Foxtrot: We should add Kilo
2024-10-14 21:31:35.220522 Whiskey: No
2024-10-14 21:31:35.220722 Yankee: No
2024-10-14 21:31:35.220854 Sierra: No
2024-10-14 21:31:35.220979 Hotel: No
2024-10-14 21:31:35.221097 November: No
ChatterBot Foxtrot reevaluating
ChatterBot Foxtrot reevaluating
ChatterBot Foxtrot reevaluating
ChatterBot Foxtrot reevaluating
ChatterBot Foxtrot reevaluating
2024-10-14 21:31:35.306875 Foxtrot: We should add Victor
2024-10-14 21:31:35.323594 Whiskey: No
2024-10-14 21:31:35.323789 Yankee: No
2024-10-14 21:31:35.323932 Sierra: No
2024-10-14 21:31:35.324068 Hotel: No
2024-10-14 21:31:35.324195 November: No
ChatterBot Foxtrot reevaluating
ChatterBot Foxtrot reevaluating
ChatterBot Foxtrot reevaluating
ChatterBot Foxtrot reevaluating
ChatterBot Foxtrot reevaluating
2024-10-14 21:31:35.429685 Mike: Kilo and Golf, sending you 6
2024-10-14 21:31:35.430650 Yankee: November, Hotel, Whiskey and Foxtrot, sending you 4
2024-10-14 21:31:35.432094 Kilo: Mike and Victor, sending you 6
2024-10-14 21:31:35.434689 Mike: Victor, sending you 5
2024-10-14 21:31:35.435170 Whiskey: November, Sierra and Hotel, sending you 3
2024-10-14 21:31:35.436681 Yankee: Sierra, sending you 3
2024-10-14 21:31:35.437477 Kilo: Golf, sending you 4
2024-10-14 21:31:35.437889 Golf: Mike, sending you 6
2024-10-14 21:31:35.438915 November: Sierra, Yankee, Whiskey and Foxtrot, sending you 3
2024-10-14 21:31:35.440743 Whiskey: Yankee, sending you 5
2024-10-14 21:31:35.443023 Golf: Kilo, sending you 3
2024-10-14 21:31:35.443485 Sierra: Same as last round
2024-10-14 21:31:35.444424 Foxtrot: November, Sierra, Hotel and Yankee, sending you 4
2024-10-14 21:31:35.445880 November: Hotel, sending you 5
2024-10-14 21:31:35.446552 Victor: Mike and Golf, sending you 5
2024-10-14 21:31:35.447397 Whiskey: Foxtrot, sending you 2
2024-10-14 21:31:35.448147 Hotel: November, sending you 4
2024-10-14 21:31:35.448853 Golf: Victor, sending you 5
2024-10-14 21:31:35.449690 Foxtrot: Whiskey, sending you 2
2024-10-14 21:31:35.452181 Victor: Kilo, sending you 6
2024-10-14 21:31:35.452641 Hotel: Sierra, Whiskey and Foxtrot, sending you 3
2024-10-14 21:31:35.457686 Hotel: Yankee, sending you 2
chatterbot Mike submitting transactions
chatterbot Foxtrot submitting transactions
chatterbot Whiskey submitting transactions
chatterbot Golf submitting transactions
chatterbot November submitting transactions
chatterbot Yankee submitting transactions
chatterbot Kilo submitting transactions
chatterbot Sierra submitting transactions
chatterbot Hotel submitting transactions
chatterbot Victor submitting transactions
ChatterBot Mike round 12
ChatterBot November round 12
ChatterBot Kilo round 12
ChatterBot Sierra round 12
ChatterBot Victor round 12
ChatterBot Hotel round 12
ChatterBot Yankee round 12
ChatterBot Golf round 12
ChatterBot Whiskey round 12
ChatterBot Foxtrot round 12
2024-10-14 21:31:36.576645 November: Sierra, Yankee, Whiskey and Foxtrot, sending you 3
2024-10-14 21:31:36.578413 Kilo: Mike and Victor, sending you 6
2024-10-14 21:31:36.579172 Hotel: November, sending you 4
2024-10-14 21:31:36.583566 Whiskey: November, Sierra and Hotel, sending you 3
2024-10-14 21:31:36.585397 November: Hotel, sending you 5
2024-10-14 21:31:36.588470 Mike: Kilo, sending you 5
2024-10-14 21:31:36.589307 Kilo: Golf, sending you 4
2024-10-14 21:31:36.591181 Hotel: Sierra, sending you 2
2024-10-14 21:31:36.593569 Yankee: November and Foxtrot, sending you 4
2024-10-14 21:31:36.600703 Golf: Mike, sending you 6
2024-10-14 21:31:36.601477 Victor: Mike and Golf, sending you 5
2024-10-14 21:31:36.603527 Whiskey: Yankee, sending you 5
2024-10-14 21:31:36.605127 Mike: Victor and Golf, sending you 4
2024-10-14 21:31:36.606732 Hotel: Yankee, Whiskey and Foxtrot, sending you 3
2024-10-14 21:31:36.613642 Golf: Kilo, sending you 3
2024-10-14 21:31:36.614323 Sierra: Same as last round
2024-10-14 21:31:36.617006 Yankee: Sierra and Hotel, sending you 3
2024-10-14 21:31:36.618257 Victor: Kilo, sending you 6
2024-10-14 21:31:36.619986 Whiskey: Foxtrot, sending you 2
2024-10-14 21:31:36.621280 Foxtrot: November, Sierra, Hotel and Yankee, sending you 4
2024-10-14 21:31:36.627390 Golf: Victor, sending you 5
2024-10-14 21:31:36.627968 Yankee: Whiskey, sending you 5
2024-10-14 21:31:36.631658 Foxtrot: Whiskey, sending you 2
chatterbot Kilo submitting transactions
chatterbot Golf submitting transactions
chatterbot Victor submitting transactions
chatterbot Hotel submitting transactions
chatterbot Yankee submitting transactions
chatterbot November submitting transactions
chatterbot Mike submitting transactions
chatterbot Sierra submitting transactions
chatterbot Whiskey submitting transactions
chatterbot Foxtrot submitting transactions
ChatterBot Mike round 13
ChatterBot November round 13
ChatterBot Kilo round 13
ChatterBot Sierra round 13
ChatterBot Victor round 13
ChatterBot Hotel round 13
ChatterBot Yankee round 13
ChatterBot Golf round 13
ChatterBot Whiskey round 13
ChatterBot Foxtrot round 13
2024-10-14 21:31:37.791718 Golf: We should add Hotel
ChatterBot Victor reevaluating
2024-10-14 21:31:37.804197 Kilo: No
2024-10-14 21:31:37.804353 Mike: No
2024-10-14 21:31:37.804484 Victor: Yes
ChatterBot Victor reevaluating
ChatterBot Golf reevaluating
ChatterBot Victor reevaluating
ChatterBot Golf reevaluating
ChatterBot Golf reevaluating
2024-10-14 21:31:37.831683 Sierra: Same as last round
2024-10-14 21:31:37.834454 Mike: Kilo and Golf, sending you 6
2024-10-14 21:31:37.839409 Yankee: I was attacked by Mike
ChatterBot Whiskey reevaluating
ChatterBot Foxtrot reevaluating
ChatterBot Sierra reevaluating
ChatterBot Hotel reevaluating
ChatterBot November reevaluating
2024-10-14 21:31:37.855247 Yankee: I'm keeping this round to protect myself
2024-10-14 21:31:37.857158 Yankee: Ow
2024-10-14 21:31:37.857439 Mike: Victor, sending you 5
2024-10-14 21:31:37.860695 Victor: Mike and Golf, sending you 5
2024-10-14 21:31:37.861683 Golf: Mike and Victor, sending you 5
2024-10-14 21:31:37.862710 Kilo: Mike and Victor, sending you 6
2024-10-14 21:31:37.864778 Victor: Kilo, sending you 6
2024-10-14 21:31:37.866680 Golf: Kilo, sending you 4
2024-10-14 21:31:37.868675 Kilo: Golf, sending you 4
2024-10-14 21:31:37.873682 Whiskey: November, Sierra and Hotel, sending you 3
2024-10-14 21:31:37.874727 November: Sierra, Yankee, Whiskey and Foxtrot, sending you 3
2024-10-14 21:31:37.878666 November: Hotel, sending you 5
2024-10-14 21:31:37.880676 Whiskey: Yankee, sending you 5
2024-10-14 21:31:37.884673 Foxtrot: November, Sierra, Hotel and Yankee, sending you 3
2024-10-14 21:31:37.886669 Whiskey: Foxtrot, sending you 2
2024-10-14 21:31:37.889585 Foxtrot: Whiskey, sending you 2
chatterbot Kilo submitting transactions
