ChatterBot Alpha round 1
ChatterBot Papa round 1
ChatterBot Uniform round 1
ChatterBot Zulu round 1
ChatterBot Echo round 1
ChatterBot Charlie round 1
ChatterBot Bravo round 1
ChatterBot Victor round 1
ChatterBot Quebec round 1
ChatterBot Golf round 1
randomSelections Papa: {Papa, Zulu, Echo, Alpha, Golf, Quebec} 
2024-10-14 21:31:18.464526 Papa: Let's form a team
ChatterBot Zulu reevaluating
ChatterBot Echo reevaluating
ChatterBot Alpha reevaluating
ChatterBot Golf reevaluating
ChatterBot Quebec reevaluating
2024-10-14 21:31:18.480983 Zulu: Yes
2024-10-14 21:31:18.481236 Echo: Yes
2024-10-14 21:31:18.481427 Alpha: Yes
2024-10-14 21:31:18.481807 Golf: Yes
2024-10-14 21:31:18.482695 Quebec: Yes
ChatterBot Echo reevaluating
ChatterBot Alpha reevaluating
ChatterBot Golf reevaluating
ChatterBot Quebec reevaluating
ChatterBot Zulu reevaluating
ChatterBot Alpha reevaluating
ChatterBot Golf reevaluating
ChatterBot Quebec reevaluating
ChatterBot Zulu reevaluating
ChatterBot Echo reevaluating
ChatterBot Golf reevaluating
ChatterBot Quebec reevaluating
ChatterBot Zulu reevaluating
ChatterBot Echo reevaluating
ChatterBot Alpha reevaluating
ChatterBot Quebec reevaluating
ChatterBot Zulu reevaluating
ChatterBot Echo reevaluating
ChatterBot Alpha reevaluating
ChatterBot Golf reevaluating
randomSelections Charlie: {Charlie, Zulu, Victor, Echo, Papa, Uniform, Golf, Alpha} 
2024-10-14 21:31:18.565652 Charlie: We should group up
ChatterBot Zulu reevaluating
ChatterBot Victor reevaluating
ChatterBot Echo reevaluating
ChatterBot Uniform reevaluating
ChatterBot Golf reevaluating
ChatterBot Alpha reevaluating
2024-10-14 21:31:18.586852 Zulu: No
2024-10-14 21:31:18.587805 Victor: Yes
2024-10-14 21:31:18.588040 Echo: No
2024-10-14 21:31:18.588468 Papa: No
2024-10-14 21:31:18.588945 Uniform: Yes
2024-10-14 21:31:18.590057 Golf: No
2024-10-14 21:31:18.590478 Alpha: No
ChatterBot Victor reevaluating
ChatterBot Echo reevaluating
ChatterBot Uniform reevaluating
ChatterBot Golf reevaluating
ChatterBot Alpha reevaluating
ChatterBot Zulu reevaluating
ChatterBot Echo reevaluating
ChatterBot Uniform reevaluating
ChatterBot Golf reevaluating
ChatterBot Alpha reevaluating
ChatterBot Zulu reevaluating
ChatterBot Victor reevaluating
ChatterBot Uniform reevaluating
ChatterBot Golf reevaluating
ChatterBot Alpha reevaluating
ChatterBot Zulu reevaluating
ChatterBot Victor reevaluating
ChatterBot Echo reevaluating
ChatterBot Uniform reevaluating
ChatterBot Golf reevaluating
ChatterBot Alpha reevaluating
ChatterBot Zulu reevaluating
ChatterBot Victor reevaluating
ChatterBot Echo reevaluating
ChatterBot Golf reevaluating
ChatterBot Alpha reevaluating
ChatterBot Zulu reevaluating
ChatterBot Victor reevaluating
ChatterBot Echo reevaluating
ChatterBot Uniform reevaluating
ChatterBot Alpha reevaluating
ChatterBot Zulu reevaluating
ChatterBot Victor reevaluating
ChatterBot Echo reevaluating
ChatterBot Uniform reevaluating
ChatterBot Golf reevaluating
randomSelections Bravo: {Bravo, Alpha, Victor, Quebec, Charlie, Papa} 
2024-10-14 21:31:18.786551 Bravo: Group up?
ChatterBot Alpha reevaluating
ChatterBot Victor reevaluating
ChatterBot Quebec reevaluating
2024-10-14 21:31:18.798888 Alpha: No
2024-10-14 21:31:18.799224 Victor: No
2024-10-14 21:31:18.799918 Quebec: No
2024-10-14 21:31:18.800161 Charlie: No
2024-10-14 21:31:18.800397 Papa: No
ChatterBot Victor reevaluating
ChatterBot Quebec reevaluating
ChatterBot Alpha reevaluating
ChatterBot Quebec reevaluating
ChatterBot Alpha reevaluating
ChatterBot Victor reevaluating
ChatterBot Alpha reevaluating
ChatterBot Victor reevaluating
ChatterBot Quebec reevaluating
ChatterBot Alpha reevaluating
ChatterBot Victor reevaluating
ChatterBot Quebec reevaluating
2024-10-14 21:31:18.883060 Quebec: Alpha, Zulu and Golf, sending you 3
2024-10-14 21:31:18.884701 Zulu: Alpha, sending you 3
2024-10-14 21:31:18.885757 Bravo: Alpha, sending you 5
2024-10-14 21:31:18.887125 Alpha: Papa, sending you 2
2024-10-14 21:31:18.888642 Echo: Alpha and Quebec, sending you 4
2024-10-14 21:31:18.889607 Charlie: Alpha and Zulu, sending you 2
2024-10-14 21:31:18.891235 Quebec: Papa, sending you 2
2024-10-14 21:31:18.892022 Zulu: Papa, sending you 4
2024-10-14 21:31:18.893703 Bravo: Papa and Quebec, sending you 1
2024-10-14 21:31:18.895381 Alpha: Zulu, Quebec and Golf, sending you 4
2024-10-14 21:31:18.895965 Echo: Papa, Zulu and Golf, sending you 3
2024-10-14 21:31:18.897779 Charlie: Papa and Uniform, sending you 3
2024-10-14 21:31:18.898548 Golf: Alpha, sending you 7
2024-10-14 21:31:18.899931 Papa: Alpha, sending you 3
2024-10-14 21:31:18.900632 Quebec: Echo, sending you 4
2024-10-14 21:31:18.902034 Zulu: Echo, sending you 1
2024-10-14 21:31:18.902693 Bravo: Charlie, sending you 6
2024-10-14 21:31:18.903952 Uniform: Alpha, sending you 3
2024-10-14 21:31:18.904901 Alpha: Echo, sending you 3
2024-10-14 21:31:18.906484 Charlie: Echo and Golf, sending you 1
2024-10-14 21:31:18.908111 Victor: Alpha, sending you 6
2024-10-14 21:31:18.909017 Papa: Zulu, sending you 1
2024-10-14 21:31:18.910266 Golf: Zulu and Echo, sending you 4
2024-10-14 21:31:18.911118 Zulu: Quebec, sending you 6
2024-10-14 21:31:18.912543 Bravo: Victor, sending you 4
2024-10-14 21:31:18.914184 Uniform: Papa, sending you 4
2024-10-14 21:31:18.915963 Charlie: Victor, sending you 4
2024-10-14 21:31:18.916988 Victor: Papa and Uniform, sending you 2
2024-10-14 21:31:18.919435 Papa: Echo and Golf, sending you 2
2024-10-14 21:31:18.921027 Golf: Quebec, sending you 3
2024-10-14 21:31:18.922549 Zulu: Golf, sending you 2
2024-10-14 21:31:18.923959 Uniform: Zulu and Charlie, sending you 2
2024-10-14 21:31:18.924693 Victor: Echo, sending you 1
2024-10-14 21:31:18.928672 Victor: Charlie and Golf, sending you 3
2024-10-14 21:31:18.932182 Uniform: Victor, sending you 5
2024-10-14 21:31:18.945276 Uniform: Golf, sending you 1
chatterbot Bravo submitting transactions
chatterbot Zulu submitting transactions
chatterbot Echo submitting transactions
chatterbot Papa submitting transactions
chatterbot Charlie submitting transactions
chatterbot Victor submitting transactions
chatterbot Quebec submitting transactions
chatterbot Golf submitting transactions
chatterbot Alpha submitting transactions
chatterbot Uniform submitting transactions
ChatterBot Alpha round 2
ChatterBot Papa round 2
ChatterBot Uniform round 2
ChatterBot Zulu round 2
ChatterBot Echo round 2
ChatterBot Charlie round 2
ChatterBot Bravo round 2
ChatterBot Victor round 2
ChatterBot Quebec round 2
ChatterBot Golf round 2
2024-10-14 21:31:21.071078 Alpha: We would work well together
ChatterBot Papa reevaluating
ChatterBot Zulu reevaluating
ChatterBot Echo reevaluating
ChatterBot Quebec reevaluating
ChatterBot Golf reevaluating
ChatterBot Uniform reevaluating
ChatterBot Charlie reevaluating
ChatterBot Bravo reevaluating
ChatterBot Victor reevaluating
2024-10-14 21:31:21.120577 Papa: No
2024-10-14 21:31:21.120745 Zulu: No
2024-10-14 21:31:21.120910 Echo: No
2024-10-14 21:31:21.121574 Quebec: No
2024-10-14 21:31:21.121730 Golf: No
2024-10-14 21:31:21.121848 Uniform: No
2024-10-14 21:31:21.122014 Charlie: No
2024-10-14 21:31:21.122182 Bravo: No
2024-10-14 21:31:21.122323 Victor: No
ChatterBot Zulu reevaluating
ChatterBot Echo reevaluating
ChatterBot Quebec reevaluating
ChatterBot Golf reevaluating
ChatterBot Uniform reevaluating
ChatterBot Charlie reevaluating
ChatterBot Bravo reevaluating
ChatterBot Victor reevaluating
ChatterBot Papa reevaluating
ChatterBot Echo reevaluating
ChatterBot Quebec reevaluating
ChatterBot Golf reevaluating
ChatterBot Uniform reevaluating
ChatterBot Charlie reevaluating
ChatterBot Bravo reevaluating
ChatterBot Victor reevaluating
ChatterBot Papa reevaluating
ChatterBot Zulu reevaluating
ChatterBot Quebec reevaluating
ChatterBot Golf reevaluating
ChatterBot Uniform reevaluating
ChatterBot Charlie reevaluating
ChatterBot Bravo reevaluating
ChatterBot Victor reevaluating
ChatterBot Papa reevaluating
ChatterBot Zulu reevaluating
ChatterBot Echo reevaluating
ChatterBot Golf reevaluating
ChatterBot Uniform reevaluating
ChatterBot Charlie reevaluating
ChatterBot Bravo reevaluating
ChatterBot Victor reevaluating
ChatterBot Papa reevaluating
ChatterBot Zulu reevaluating
ChatterBot Echo reevaluating
ChatterBot Quebec reevaluating
ChatterBot Uniform reevaluating
ChatterBot Charlie reevaluating
ChatterBot Bravo reevaluating
ChatterBot Victor reevaluating
ChatterBot Papa reevaluating
ChatterBot Zulu reevaluating
ChatterBot Echo reevaluating
ChatterBot Quebec reevaluating
ChatterBot Golf reevaluating
ChatterBot Charlie reevaluating
ChatterBot Bravo reevaluating
ChatterBot Victor reevaluating
ChatterBot Alpha reevaluating
ChatterBot Papa reevaluating
ChatterBot Zulu reevaluating
ChatterBot Echo reevaluating
ChatterBot Quebec reevaluating
ChatterBot Golf reevaluating
ChatterBot Uniform reevaluating
ChatterBot Bravo reevaluating
ChatterBot Victor reevaluating
ChatterBot Alpha reevaluating
ChatterBot Papa reevaluating
ChatterBot Zulu reevaluating
ChatterBot Echo reevaluating
ChatterBot Quebec reevaluating
ChatterBot Golf reevaluating
ChatterBot Uniform reevaluating
ChatterBot Charlie reevaluating
ChatterBot Victor reevaluating
ChatterBot Alpha reevaluating
ChatterBot Papa reevaluating
ChatterBot Zulu reevaluating
ChatterBot Echo reevaluating
ChatterBot Quebec reevaluating
ChatterBot Golf reevaluating
ChatterBot Uniform reevaluating
ChatterBot Charlie reevaluating
ChatterBot Bravo reevaluating
2024-10-14 21:31:22.403601 Bravo: Alpha, Papa, Zulu, Echo and Quebec, sending you 3
2024-10-14 21:31:22.404439 Golf: Alpha, Echo and Quebec, sending you 4
2024-10-14 21:31:22.405634 Zulu: Alpha, sending you 4
2024-10-14 21:31:22.406111 Alpha: Papa, Uniform, Zulu, Echo, Bravo, Victor, Quebec and Golf, sending you 2
2024-10-14 21:31:22.407499 Charlie: Uniform, sending you 3
2024-10-14 21:31:22.407994 Victor: Uniform, sending you 7
2024-10-14 21:31:22.408295 Echo: Alpha, Quebec and Golf, sending you 4
2024-10-14 21:31:22.409553 Quebec: Alpha, Echo and Golf, sending you 3
chatterbot Victor submitting transactions
chatterbot Bravo submitting transactions
chatterbot Uniform submitting transactions
chatterbot Alpha submitting transactions
chatterbot Papa submitting transactions
2024-10-14 21:31:22.411805 Golf: Papa and Zulu, sending you 3
2024-10-14 21:31:22.413005 Bravo: Golf, sending you 2
2024-10-14 21:31:22.413830 Zulu: Papa, Echo, Quebec and Golf, sending you 3
2024-10-14 21:31:22.415207 Alpha: Charlie, sending you 1
2024-10-14 21:31:22.416022 Charlie: Bravo, sending you 8
2024-10-14 21:31:22.417026 Victor: Charlie and Bravo, sending you 5
2024-10-14 21:31:22.417499 Echo: Papa, sending you 3
2024-10-14 21:31:22.419043 Uniform: Charlie, sending you 9
2024-10-14 21:31:22.419437 Papa: Alpha, Quebec and Golf, sending you 3
2024-10-14 21:31:22.420764 Quebec: Papa, sending you 2
2024-10-14 21:31:22.421466 Charlie: Victor, sending you 5
2024-10-14 21:31:22.421899 Echo: Zulu, sending you 2
2024-10-14 21:31:22.471979 Uniform: Victor, sending you 8
2024-10-14 21:31:22.472351 Quebec: Zulu, sending you 4
2024-10-14 21:31:22.473799 Papa: Zulu and Echo, sending you 4
chatterbot Golf submitting transactions
chatterbot Echo submitting transactions
chatterbot Quebec submitting transactions
chatterbot Zulu submitting transactions
chatterbot Charlie submitting transactions
ChatterBot Alpha round 3
ChatterBot Papa round 3
ChatterBot Uniform round 3
ChatterBot Zulu round 3
ChatterBot Echo round 3
ChatterBot Charlie round 3
ChatterBot Bravo round 3
ChatterBot Victor round 3
ChatterBot Quebec round 3
ChatterBot Golf round 3
2024-10-14 21:31:23.169800 Uniform: We should add Bravo and Alpha
2024-10-14 21:31:23.178115 Charlie: No
2024-10-14 21:31:23.179099 Victor: No
ChatterBot Uniform reevaluating
ChatterBot Uniform reevaluating
2024-10-14 21:31:23.204264 Bravo: Can we be friends?
ChatterBot Uniform reevaluating
2024-10-14 21:31:23.216297 Uniform: No
2024-10-14 21:31:23.217347 Charlie: No
2024-10-14 21:31:23.217733 Victor: No
2024-10-14 21:31:23.217963 Alpha: No
ChatterBot Bravo reevaluating
ChatterBot Bravo reevaluating
ChatterBot Uniform reevaluating
ChatterBot Bravo reevaluating
ChatterBot Uniform reevaluating
ChatterBot Bravo reevaluating
ChatterBot Uniform reevaluating
2024-10-14 21:31:23.295810 Papa: Alpha, Quebec and Golf, sending you 3
2024-10-14 21:31:23.300901 Bravo: Alpha, sending you 7
2024-10-14 21:31:23.301489 Alpha: Papa, Zulu, Echo and Quebec, sending you 3
2024-10-14 21:31:23.303279 Papa: Zulu and Echo, sending you 4
2024-10-14 21:31:23.304539 Echo: Alpha, sending you 3
2024-10-14 21:31:23.305228 Zulu: Alpha, Papa, Echo and Golf, sending you 3
2024-10-14 21:31:23.306454 Charlie: Uniform, sending you 7
2024-10-14 21:31:23.307068 Bravo: Papa, Zulu, Echo, Quebec and Golf, sending you 2
2024-10-14 21:31:23.308341 Alpha: Golf, sending you 5
2024-10-14 21:31:23.309522 Echo: Papa, Quebec and Golf, sending you 4
2024-10-14 21:31:23.310402 Zulu: Quebec, sending you 4
2024-10-14 21:31:23.322378 Charlie: Bravo, sending you 4
2024-10-14 21:31:23.323008 Golf: Alpha, Echo and Quebec, sending you 4
2024-10-14 21:31:23.324299 Echo: Zulu, sending you 2
2024-10-14 21:31:23.325652 Quebec: Sending you each 3
2024-10-14 21:31:23.327014 Victor: Uniform, sending you 8
2024-10-14 21:31:23.328374 Charlie: Victor, sending you 5
2024-10-14 21:31:23.329637 Golf: Papa and Zulu, sending you 3
2024-10-14 21:31:23.331165 Uniform: Charlie, sending you 8
2024-10-14 21:31:23.331815 Victor: Charlie, sending you 6
2024-10-14 21:31:23.345767 Uniform: Victor, sending you 9
2024-10-14 21:31:23.347142 Victor: Bravo, sending you 3
chatterbot Zulu submitting transactions
chatterbot Alpha submitting transactions
chatterbot Papa submitting transactions
chatterbot Bravo submitting transactions
chatterbot Charlie submitting transactions
chatterbot Golf submitting transactions
chatterbot Uniform submitting transactions
chatterbot Echo submitting transactions
chatterbot Victor submitting transactions
chatterbot Quebec submitting transactions
ChatterBot Alpha round 4
ChatterBot Papa round 4
ChatterBot Uniform round 4
ChatterBot Zulu round 4
2024-10-14 21:31:24.465930 Alpha: We should add Bravo
2024-10-14 21:31:24.485861 Papa: No
2024-10-14 21:31:24.486088 Zulu: No
2024-10-14 21:31:24.486260 Echo: No
2024-10-14 21:31:24.486421 Golf: No
2024-10-14 21:31:24.486581 Quebec: No
ChatterBot Alpha reevaluating
ChatterBot Alpha reevaluating
ChatterBot Alpha reevaluating
ChatterBot Alpha reevaluating
ChatterBot Alpha reevaluating
ChatterBot Echo round 4
ChatterBot Charlie round 4
ChatterBot Bravo round 4
ChatterBot Victor round 4
ChatterBot Quebec round 4
ChatterBot Golf round 4
2024-10-14 21:31:24.586861 Papa: Alpha, Zulu, Quebec and Golf, sending you 3
2024-10-14 21:31:24.590726 Victor: Uniform, sending you 9
2024-10-14 21:31:24.592688 Papa: Echo, sending you 5
2024-10-14 21:31:24.596134 Zulu: Alpha, Echo, Quebec and Golf, sending you 3
2024-10-14 21:31:24.597008 Alpha: Papa, Zulu, Echo and Quebec, sending you 3
2024-10-14 21:31:24.597810 Victor: Charlie, sending you 6
2024-10-14 21:31:24.599388 Uniform: Sending you each 8
2024-10-14 21:31:24.599731 Charlie: Uniform, sending you 7
2024-10-14 21:31:24.600104 Quebec: Same as last round
2024-10-14 21:31:24.600738 Bravo: Alpha, sending you 7
2024-10-14 21:31:24.602140 Zulu: Papa, sending you 4
2024-10-14 21:31:24.602796 Alpha: Golf, sending you 5
2024-10-14 21:31:24.608083 Victor: Bravo, sending you 2
2024-10-14 21:31:24.608478 Golf: Alpha, sending you 5
2024-10-14 21:31:24.609101 Charlie: Bravo, sending you 3
2024-10-14 21:31:24.610493 Echo: Alpha, Zulu and Quebec, sending you 3
2024-10-14 21:31:24.611021 Bravo: Papa, Zulu, Echo, Quebec and Golf, sending you 2
2024-10-14 21:31:24.612879 Golf: Papa, Zulu and Quebec, sending you 3
2024-10-14 21:31:24.613709 Charlie: Victor, sending you 6
2024-10-14 21:31:24.614680 Echo: Papa and Golf, sending you 4
2024-10-14 21:31:24.619560 Golf: Echo, sending you 4
chatterbot Papa submitting transactions
chatterbot Victor submitting transactions
chatterbot Quebec submitting transactions
chatterbot Uniform submitting transactions
chatterbot Zulu submitting transactions
chatterbot Echo submitting transactions
chatterbot Bravo submitting transactions
chatterbot Charlie submitting transactions
chatterbot Alpha submitting transactions
chatterbot Golf submitting transactions
ChatterBot Alpha round 5
ChatterBot Papa round 5
ChatterBot Uniform round 5
ChatterBot Zulu round 5
ChatterBot Echo round 5
ChatterBot Charlie round 5
ChatterBot Bravo round 5
ChatterBot Victor round 5
ChatterBot Quebec round 5
ChatterBot Golf round 5
2024-10-14 21:31:25.875672 Charlie: We should drop Bravo
2024-10-14 21:31:25.882968 Uniform: Yes
2024-10-14 21:31:25.883170 Victor: No
ChatterBot Charlie reevaluating
2024-10-14 21:31:25.900251 Papa: Alpha, Quebec and Golf, sending you 3
2024-10-14 21:31:25.903703 Alpha: Papa, Zulu, Echo and Quebec, sending you 3
2024-10-14 21:31:25.904405 Uniform: Same as last round
2024-10-14 21:31:25.904676 Zulu: Alpha, sending you 4
2024-10-14 21:31:25.905809 Echo: Alpha, Zulu and Quebec, sending you 3
2024-10-14 21:31:25.906228 Papa: Zulu and Echo, sending you 4
2024-10-14 21:31:25.909547 Bravo: Alpha, sending you 7
2024-10-14 21:31:25.909861 Victor: Uniform, sending you 9
2024-10-14 21:31:25.910625 Alpha: Golf, sending you 5
2024-10-14 21:31:25.911084 Zulu: Papa, Echo, Quebec and Golf, sending you 3
2024-10-14 21:31:25.911476 Echo: Papa and Golf, sending you 4
2024-10-14 21:31:25.912698 Victor: Charlie, sending you 7
2024-10-14 21:31:25.913704 Bravo: Papa, Zulu, Echo, Quebec and Golf, sending you 2
2024-10-14 21:31:25.915665 Quebec: Same as last round
2024-10-14 21:31:25.916678 Victor: Bravo, sending you 1
2024-10-14 21:31:25.922748 Charlie: Uniform, sending you 8
2024-10-14 21:31:25.923339 Golf: Alpha, sending you 5
2024-10-14 21:31:25.926681 Charlie: Bravo, sending you 2
2024-10-14 21:31:25.927663 Golf: Papa, Zulu and Quebec, sending you 3
2024-10-14 21:31:25.930666 Charlie: Victor, sending you 6
2024-10-14 21:31:25.931001 Golf: Echo, sending you 4
chatterbot Quebec submitting transactions
chatterbot Papa submitting transactions
chatterbot Golf submitting transactions
chatterbot Alpha submitting transactions
chatterbot Zulu submitting transactions
chatterbot Bravo submitting transactions
chatterbot Uniform submitting transactions
chatterbot Victor submitting transactions
chatterbot Echo submitting transactions
chatterbot Charlie submitting transactions
ChatterBot Alpha round 6
ChatterBot Papa round 6
ChatterBot Uniform round 6
ChatterBot Zulu round 6
ChatterBot Echo round 6
ChatterBot Charlie round 6
ChatterBot Bravo round 6
ChatterBot Victor round 6
ChatterBot Quebec round 6
ChatterBot Golf round 6
2024-10-14 21:31:27.096801 Charlie: We should drop Bravo
2024-10-14 21:31:27.101428 Uniform: Yes
2024-10-14 21:31:27.101629 Victor: Yes
ChatterBot Charlie reevaluating
ChatterBot Victor reevaluating
ChatterBot Charlie reevaluating
2024-10-14 21:31:27.113318 Alpha: Papa, Zulu, Echo and Quebec, sending you 3
2024-10-14 21:31:27.116688 Alpha: Golf, sending you 5
2024-10-14 21:31:27.118481 Bravo: Alpha, sending you 8
2024-10-14 21:31:27.119484 Uniform: Same as last round
2024-10-14 21:31:27.120019 Papa: Alpha, Zulu, Quebec and Golf, sending you 3
2024-10-14 21:31:27.121397 Echo: Alpha, Zulu and Quebec, sending you 3
2024-10-14 21:31:27.122115 Zulu: Alpha, Echo, Quebec and Golf, sending you 3
2024-10-14 21:31:27.122840 Bravo: Zulu, Echo and Golf, sending you 3
2024-10-14 21:31:27.124697 Papa: Echo, sending you 5
2024-10-14 21:31:27.126703 Echo: Papa and Golf, sending you 4
2024-10-14 21:31:27.127651 Zulu: Papa, sending you 4
2024-10-14 21:31:27.134671 Victor: Uniform, sending you 9
2024-10-14 21:31:27.136658 Golf: Alpha, sending you 5
2024-10-14 21:31:27.137739 Quebec: Same as last round
2024-10-14 21:31:27.138886 Victor: Charlie, sending you 7
2024-10-14 21:31:27.139660 Charlie: Uniform, sending you 8
2024-10-14 21:31:27.142677 Golf: Papa, Zulu and Quebec, sending you 3
2024-10-14 21:31:27.143416 Victor: Bravo, sending you 1
2024-10-14 21:31:27.143860 Charlie: Bravo, sending you 2
2024-10-14 21:31:27.147673 Golf: Echo, sending you 4
2024-10-14 21:31:27.148772 Charlie: Victor, sending you 6
chatterbot Victor submitting transactions
chatterbot Golf submitting transactions
chatterbot Uniform submitting transactions
chatterbot Echo submitting transactions
chatterbot Charlie submitting transactions
chatterbot Alpha submitting transactions
chatterbot Quebec submitting transactions
chatterbot Papa submitting transactions
chatterbot Zulu submitting transactions
chatterbot Bravo submitting transactions
ChatterBot Alpha round 7
ChatterBot Papa round 7
ChatterBot Uniform round 7
ChatterBot Zulu round 7
ChatterBot Echo round 7
ChatterBot Charlie round 7
ChatterBot Bravo round 7
ChatterBot Victor round 7
ChatterBot Quebec round 7
ChatterBot Golf round 7
2024-10-14 21:31:28.357678 Alpha: Papa, Zulu, Echo and Quebec, sending you 3
2024-10-14 21:31:28.358959 Uniform: Charlie, sending you 8
2024-10-14 21:31:28.359661 Charlie: Uniform, sending you 8
2024-10-14 21:31:28.360676 Zulu: Alpha, sending you 4
2024-10-14 21:31:28.361297 Papa: Alpha, Zulu, Quebec and Golf, sending you 3
2024-10-14 21:31:28.361926 Bravo: Alpha, sending you 17
2024-10-14 21:31:28.362380 Alpha: Golf, sending you 5
2024-10-14 21:31:28.363358 Uniform: Victor, sending you 7
2024-10-14 21:31:28.363671 Charlie: Bravo, sending you 1
2024-10-14 21:31:28.364678 Zulu: Papa, Echo, Quebec and Golf, sending you 3
2024-10-14 21:31:28.365656 Victor: Uniform, sending you 9
2024-10-14 21:31:28.366737 Papa: Echo, sending you 5
2024-10-14 21:31:28.367437 Charlie: Victor, sending you 7
2024-10-14 21:31:28.367836 Echo: Alpha, Zulu and Quebec, sending you 3
2024-10-14 21:31:28.368688 Quebec: Same as last round
2024-10-14 21:31:28.370658 Victor: Charlie, sending you 7
2024-10-14 21:31:28.371065 Echo: Papa and Golf, sending you 4
2024-10-14 21:31:28.372671 Golf: Alpha, sending you 5
2024-10-14 21:31:28.374645 Victor: Bravo, sending you 1
2024-10-14 21:31:28.375688 Golf: Papa, Zulu and Quebec, sending you 3
2024-10-14 21:31:28.380662 Golf: Echo, sending you 4
chatterbot Echo submitting transactions
chatterbot Bravo submitting transactions
chatterbot Zulu submitting transactions
chatterbot Charlie submitting transactions
chatterbot Alpha submitting transactions
chatterbot Quebec submitting transactions
chatterbot Papa submitting transactions
chatterbot Golf submitting transactions
chatterbot Uniform submitting transactions
chatterbot Victor submitting transactions
ChatterBot Alpha round 8
ChatterBot Papa round 8
ChatterBot Uniform round 8
ChatterBot Zulu round 8
ChatterBot Echo round 8
ChatterBot Charlie round 8
ChatterBot Bravo round 8
ChatterBot Victor round 8
ChatterBot Quebec round 8
ChatterBot Golf round 8
2024-10-14 21:31:29.458142 Echo: Alpha, Zulu and Quebec, sending you 3
2024-10-14 21:31:29.458916 Uniform: Sending you each 7
2024-10-14 21:31:29.460644 Charlie: Uniform, sending you 8
2024-10-14 21:31:29.461690 Echo: Papa and Golf, sending you 4
2024-10-14 21:31:29.462369 Alpha: Papa, Zulu, Echo and Quebec, sending you 3
2024-10-14 21:31:29.465682 Charlie: Bravo, sending you 1
2024-10-14 21:31:29.466672 Alpha: Golf, sending you 5
2024-10-14 21:31:29.467279 Golf: Alpha, sending you 5
2024-10-14 21:31:29.468670 Charlie: Victor, sending you 7
2024-10-14 21:31:29.470670 Bravo: Alpha, sending you 17
2024-10-14 21:31:29.471068 Golf: Papa, Zulu and Quebec, sending you 3
2024-10-14 21:31:29.471626 Zulu: Alpha, sending you 4
2024-10-14 21:31:29.474177 Victor: Uniform, sending you 9
2024-10-14 21:31:29.474702 Quebec: Same as last round
2024-10-14 21:31:29.475496 Papa: Alpha, Zulu, Quebec and Golf, sending you 3
2024-10-14 21:31:29.476202 Golf: Echo, sending you 4
2024-10-14 21:31:29.476786 Zulu: Papa, Echo, Quebec and Golf, sending you 3
2024-10-14 21:31:29.477671 Victor: Charlie, sending you 7
2024-10-14 21:31:29.480683 Papa: Echo, sending you 5
2024-10-14 21:31:29.482677 Victor: Bravo, sending you 1
chatterbot Victor submitting transactions
chatterbot Echo submitting transactions
chatterbot Bravo submitting transactions
chatterbot Zulu submitting transactions
chatterbot Charlie submitting transactions
chatterbot Uniform submitting transactions
chatterbot Alpha submitting transactions
chatterbot Golf submitting transactions
chatterbot Papa submitting transactions
chatterbot Quebec submitting transactions
ChatterBot Alpha round 9
ChatterBot Papa round 9
ChatterBot Uniform round 9
2024-10-14 21:31:30.615838 Alpha: We should add Bravo
ChatterBot Zulu reevaluating
2024-10-14 21:31:30.630544 Papa: No
2024-10-14 21:31:30.630738 Zulu: Yes
2024-10-14 21:31:30.631232 Echo: No
2024-10-14 21:31:30.631367 Golf: No
2024-10-14 21:31:30.631520 Quebec: No
ChatterBot Zulu reevaluating
ChatterBot Alpha reevaluating
ChatterBot Papa reevaluating
ChatterBot Alpha reevaluating
ChatterBot Papa reevaluating
ChatterBot Zulu reevaluating
ChatterBot Alpha reevaluating
ChatterBot Papa reevaluating
ChatterBot Zulu reevaluating
ChatterBot Alpha reevaluating
ChatterBot Papa reevaluating
ChatterBot Zulu reevaluating
ChatterBot Alpha reevaluating
ChatterBot Zulu round 9
ChatterBot Echo round 9
ChatterBot Charlie round 9
ChatterBot Bravo round 9
ChatterBot Victor round 9
ChatterBot Quebec round 9
ChatterBot Golf round 9
2024-10-14 21:31:30.711225 Bravo: We should add Charlie
ChatterBot Alpha reevaluating
2024-10-14 21:31:30.720819 Alpha: No
2024-10-14 21:31:30.720962 Papa: No
2024-10-14 21:31:30.721352 Zulu: No
2024-10-14 21:31:30.721465 Echo: No
2024-10-14 21:31:30.721560 Quebec: No
2024-10-14 21:31:30.721667 Golf: No
ChatterBot Bravo reevaluating
ChatterBot Bravo reevaluating
ChatterBot Alpha reevaluating
ChatterBot Golf reevaluating
ChatterBot Bravo reevaluating
ChatterBot Alpha reevaluating
ChatterBot Golf reevaluating
ChatterBot Bravo reevaluating
ChatterBot Alpha reevaluating
ChatterBot Golf reevaluating
ChatterBot Bravo reevaluating
ChatterBot Alpha reevaluating
ChatterBot Golf reevaluating
ChatterBot Bravo reevaluating
ChatterBot Alpha reevaluating
2024-10-14 21:31:30.797797 Charlie: We should drop Bravo
2024-10-14 21:31:30.802513 Uniform: Yes
2024-10-14 21:31:30.802688 Victor: Yes
2024-10-14 21:31:30.813665 Quebec: Same as last round
2024-10-14 21:31:30.814684 Echo: Alpha, Zulu and Quebec, sending you 3
2024-10-14 21:31:30.815514 Uniform: Same as last round
2024-10-14 21:31:30.815865 Golf: Alpha, sending you 5
2024-10-14 21:31:30.817188 Papa: Alpha, Zulu, Quebec and Golf, sending you 3
2024-10-14 21:31:30.817950 Victor: Uniform, sending you 9
2024-10-14 21:31:30.818688 Echo: Papa and Golf, sending you 4
2024-10-14 21:31:30.819671 Zulu: Alpha, sending you 4
2024-10-14 21:31:30.820692 Golf: Papa, Zulu and Quebec, sending you 3
2024-10-14 21:31:30.821275 Victor: Charlie, sending you 8
2024-10-14 21:31:30.822665 Papa: Echo, sending you 5
2024-10-14 21:31:30.823308 Bravo: Alpha, sending you 17
2024-10-14 21:31:30.824166 Charlie: Uniform, sending you 9
2024-10-14 21:31:30.824468 Golf: Echo, sending you 4
2024-10-14 21:31:30.825194 Zulu: Papa, Echo, Quebec and Golf, sending you 3
2024-10-14 21:31:30.826684 Charlie: Victor, sending you 7
2024-10-14 21:31:30.835656 Alpha: Papa, Zulu, Echo and Quebec, sending you 3
2024-10-14 21:31:30.840671 Alpha: Golf, sending you 5
chatterbot Alpha submitting transactions
chatterbot Papa submitting transactions
chatterbot Charlie submitting transactions
chatterbot Victor submitting transactions
chatterbot Zulu submitting transactions
chatterbot Uniform submitting transactions
chatterbot Quebec submitting transactions
chatterbot Golf submitting transactions
chatterbot Echo submitting transactions
chatterbot Bravo submitting transactions
ChatterBot Alpha round 10
ChatterBot Papa round 10
ChatterBot Uniform round 10
ChatterBot Zulu round 10
ChatterBot Echo round 10
ChatterBot Charlie round 10
ChatterBot Bravo round 10
ChatterBot Victor round 10
ChatterBot Quebec round 10
ChatterBot Golf round 10
2024-10-14 21:31:31.925650 Victor: Uniform, sending you 9
2024-10-14 21:31:31.926052 Bravo: Alpha, sending you 17
2024-10-14 21:31:31.926689 Papa: Alpha, Zulu, Quebec and Golf, sending you 3
2024-10-14 21:31:31.929670 Victor: Charlie, sending you 8
2024-10-14 21:31:31.930680 Echo: Alpha, Zulu and Quebec, sending you 3
2024-10-14 21:31:31.931913 Papa: Echo, sending you 5
2024-10-14 21:31:31.932879 Charlie: Sending you each 8
2024-10-14 21:31:31.933267 Uniform: Same as last round
2024-10-14 21:31:31.934667 Quebec: Same as last round
2024-10-14 21:31:31.936002 Echo: Papa and Golf, sending you 4
2024-10-14 21:31:31.937697 Alpha: Papa, Zulu, Echo and Quebec, sending you 3
2024-10-14 21:31:31.938888 Zulu: Alpha, sending you 4
2024-10-14 21:31:31.940669 Golf: Alpha, sending you 5
2024-10-14 21:31:31.941682 Alpha: Golf, sending you 5
2024-10-14 21:31:31.943659 Golf: Papa, Zulu and Quebec, sending you 3
2024-10-14 21:31:31.944810 Zulu: Papa, Echo, Quebec and Golf, sending you 3
2024-10-14 21:31:31.949655 Golf: Echo, sending you 4
chatterbot Alpha submitting transactions
chatterbot Echo submitting transactions
chatterbot Charlie submitting transactions
chatterbot Uniform submitting transactions
chatterbot Victor submitting transactions
chatterbot Zulu submitting transactions
chatterbot Golf submitting transactions
chatterbot Bravo submitting transactions
chatterbot Quebec submitting transactions
chatterbot Papa submitting transactions
ChatterBot Alpha round 11
ChatterBot Papa round 11
ChatterBot Uniform round 11
ChatterBot Zulu round 11
ChatterBot Echo round 11
ChatterBot Charlie round 11
ChatterBot Bravo round 11
ChatterBot Victor round 11
2024-10-14 21:31:32.735975 Alpha: We should add Bravo
2024-10-14 21:31:32.747305 Papa: No
2024-10-14 21:31:32.747501 Zulu: No
2024-10-14 21:31:32.747665 Echo: No
2024-10-14 21:31:32.747815 Golf: No
2024-10-14 21:31:32.747969 Quebec: No
ChatterBot Zulu reevaluating
ChatterBot Quebec reevaluating
ChatterBot Alpha reevaluating
ChatterBot Quebec reevaluating
ChatterBot Zulu reevaluating
ChatterBot Alpha reevaluating
ChatterBot Quebec reevaluating
ChatterBot Zulu reevaluating
ChatterBot Alpha reevaluating
ChatterBot Quebec reevaluating
ChatterBot Zulu reevaluating
ChatterBot Alpha reevaluating
ChatterBot Quebec round 11
ChatterBot Golf round 11
2024-10-14 21:31:32.943392 Bravo: We should add Victor
ChatterBot Alpha reevaluating
ChatterBot Zulu reevaluating
ChatterBot Quebec reevaluating
2024-10-14 21:31:32.959409 Alpha: No
2024-10-14 21:31:32.959733 Papa: No
2024-10-14 21:31:32.960172 Zulu: No
2024-10-14 21:31:32.960411 Echo: No
2024-10-14 21:31:32.960683 Quebec: No
2024-10-14 21:31:32.960908 Golf: No
ChatterBot Bravo reevaluating
ChatterBot Zulu reevaluating
ChatterBot Quebec reevaluating
ChatterBot Bravo reevaluating
ChatterBot Alpha reevaluating
ChatterBot Zulu reevaluating
ChatterBot Quebec reevaluating
ChatterBot Bravo reevaluating
ChatterBot Alpha reevaluating
ChatterBot Quebec reevaluating
ChatterBot Bravo reevaluating
ChatterBot Alpha reevaluating
ChatterBot Zulu reevaluating
ChatterBot Quebec reevaluating
ChatterBot Bravo reevaluating
ChatterBot Alpha reevaluating
ChatterBot Zulu reevaluating
ChatterBot Bravo reevaluating
ChatterBot Alpha reevaluating
ChatterBot Zulu reevaluating
ChatterBot Quebec reevaluating
2024-10-14 21:31:33.089025 Charlie: Same as last round
2024-10-14 21:31:33.092858 Uniform: Same as last round
2024-10-14 21:31:33.094211 Alpha: Papa, Zulu, Echo and Quebec, sending you 3
2024-10-14 21:31:33.097522 Papa: Alpha, Zulu, Quebec and Golf, sending you 3
2024-10-14 21:31:33.101597 Alpha: Golf, sending you 5
2024-10-14 21:31:33.103197 Victor: Uniform, sending you 9
2024-10-14 21:31:33.104697 Zulu: Alpha, sending you 4
2024-10-14 21:31:33.106670 Papa: Echo, sending you 5
2024-10-14 21:31:33.109830 Echo: Alpha, Zulu and Quebec, sending you 3
2024-10-14 21:31:33.112710 Golf: Alpha, sending you 5
2024-10-14 21:31:33.115464 Quebec: Same as last round
2024-10-14 21:31:33.117847 Victor: Charlie, sending you 8
2024-10-14 21:31:33.118816 Bravo: Alpha, sending you 17
2024-10-14 21:31:33.120672 Zulu: Papa, Echo, Quebec and Golf, sending you 3
2024-10-14 21:31:33.122685 Echo: Papa and Golf, sending you 4
2024-10-14 21:31:33.125148 Golf: Papa, Zulu and Quebec, sending you 3
2024-10-14 21:31:33.128662 Golf: Echo, sending you 4
chatterbot Charlie submitting transactions
chatterbot Bravo submitting transactions
chatterbot Alpha submitting transactions
chatterbot Quebec submitting transactions
chatterbot Golf submitting transactions
chatterbot Zulu submitting transactions
chatterbot Uniform submitting transactions
chatterbot Echo submitting transactions
chatterbot Papa submitting transactions
chatterbot Victor submitting transactions
ChatterBot Alpha round 12
ChatterBot Papa round 12
ChatterBot Uniform round 12
ChatterBot Zulu round 12
ChatterBot Echo round 12
ChatterBot Charlie round 12
ChatterBot Bravo round 12
ChatterBot Victor round 12
ChatterBot Quebec round 12
ChatterBot Golf round 12
2024-10-14 21:31:34.148660 Papa: Alpha, Zulu, Quebec and Golf, sending you 3
2024-10-14 21:31:34.153667 Alpha: Papa, Zulu, Echo and Quebec, sending you 3
2024-10-14 21:31:34.154848 Papa: Echo, sending you 5
2024-10-14 21:31:34.155595 Charlie: Same as last round
2024-10-14 21:31:34.158290 Bravo: Alpha, sending you 17
2024-10-14 21:31:34.158921 Alpha: Golf, sending you 5
2024-10-14 21:31:34.159652 Zulu: Alpha, sending you 4
2024-10-14 21:31:34.160669 Victor: Uniform, sending you 9
2024-10-14 21:31:34.161199 Golf: Sending you each 2
2024-10-14 21:31:34.163043 Uniform: Same as last round
2024-10-14 21:31:34.164665 Zulu: Papa, Echo, Quebec and Golf, sending you 3
2024-10-14 21:31:34.165556 Victor: Charlie, sending you 8
2024-10-14 21:31:34.166697 Quebec: Same as last round
2024-10-14 21:31:34.170654 Echo: Alpha, Zulu and Quebec, sending you 3
2024-10-14 21:31:34.174665 Echo: Papa and Golf, sending you 4
chatterbot Uniform submitting transactions
chatterbot Victor submitting transactions
chatterbot Bravo submitting transactions
chatterbot Quebec submitting transactions
chatterbot Golf submitting transactions
chatterbot Papa submitting transactions
chatterbot Alpha submitting transactions
chatterbot Charlie submitting transactions
chatterbot Echo submitting transactions
chatterbot Zulu submitting transactions
ChatterBot Alpha round 13
ChatterBot Papa round 13
ChatterBot Uniform round 13
ChatterBot Zulu round 13
ChatterBot Echo round 13
ChatterBot Charlie round 13
ChatterBot Bravo round 13
ChatterBot Victor round 13
ChatterBot Quebec round 13
ChatterBot Golf round 13
2024-10-14 21:31:35.418549 Bravo: We should drop Echo
2024-10-14 21:31:35.436712 Alpha: No
2024-10-14 21:31:35.436878 Papa: No
2024-10-14 21:31:35.436991 Zulu: No
2024-10-14 21:31:35.437101 Quebec: No
2024-10-14 21:31:35.437201 Golf: No
ChatterBot Bravo reevaluating
ChatterBot Bravo reevaluating
ChatterBot Bravo reevaluating
ChatterBot Bravo reevaluating
ChatterBot Bravo reevaluating
2024-10-14 21:31:35.511729 Zulu: Alpha, sending you 4
2024-10-14 21:31:35.512841 Uniform: Charlie, sending you 6
2024-10-14 21:31:35.513371 Alpha: Papa, Zulu, Echo and Quebec, sending you 3
2024-10-14 21:31:35.514960 Echo: Alpha, Zulu, Quebec and Golf, sending you 3
2024-10-14 21:31:35.516501 Bravo: We should drop Golf
2024-10-14 21:31:35.533755 Alpha: No
2024-10-14 21:31:35.533936 Papa: No
2024-10-14 21:31:35.534087 Zulu: No
2024-10-14 21:31:35.534223 Echo: No
2024-10-14 21:31:35.534347 Quebec: No
ChatterBot Bravo reevaluating
ChatterBot Bravo reevaluating
ChatterBot Bravo reevaluating
ChatterBot Bravo reevaluating
ChatterBot Bravo reevaluating
2024-10-14 21:31:35.605299 Uniform: Victor, sending you 7
2024-10-14 21:31:35.605651 Uniform: I was attacked by Golf
ChatterBot Charlie reevaluating
ChatterBot Victor reevaluating
2024-10-14 21:31:35.612776 Uniform: Ow
2024-10-14 21:31:35.613592 Zulu: Papa, Echo, Quebec and Golf, sending you 3
2024-10-14 21:31:35.615070 Alpha: Golf, sending you 5
2024-10-14 21:31:35.615718 Echo: Papa, sending you 5
2024-10-14 21:31:35.618703 Golf: Alpha, sending you 5
2024-10-14 21:31:35.620733 Quebec: Same as last round
2024-10-14 21:31:35.622749 Papa: Alpha, Zulu, Quebec and Golf, sending you 3
2024-10-14 21:31:35.624658 Golf: Papa, Zulu and Quebec, sending you 3
2024-10-14 21:31:35.629170 Papa: Echo, sending you 5
2024-10-14 21:31:35.630789 Victor: Uniform, sending you 9
2024-10-14 21:31:35.632075 Golf: Echo, sending you 4
2024-10-14 21:31:35.634365 Bravo: Alpha, sending you 17
2024-10-14 21:31:35.635712 Charlie: Same as last round
2024-10-14 21:31:35.636955 Victor: Charlie, sending you 8
chatterbot Uniform submitting transactions
chatterbot Echo submitting transactions
chatterbot Golf submitting transactions
chatterbot Charlie submitting transactions
chatterbot Papa submitting transactions
chatterbot Quebec submitting transactions
chatterbot Alpha submitting transactions
chatterbot Bravo submitting transactions
chatterbot Zulu submitting transactions
chatterbot Victor submitting transactions
ChatterBot Alpha round 14
ChatterBot Papa round 14
ChatterBot Uniform round 14
ChatterBot Zulu round 14
ChatterBot Echo round 14
ChatterBot Charlie round 14
ChatterBot Bravo round 14
ChatterBot Victor round 14
ChatterBot Quebec round 14
ChatterBot Golf round 14
2024-10-14 21:31:36.848683 Victor: Uniform, sending you 9
2024-10-14 21:31:36.851675 Zulu: Alpha, sending you 4
2024-10-14 21:31:36.855672 Victor: Charlie, sending you 8
2024-10-14 21:31:36.857974 Zulu: Papa, Echo, Quebec and Golf, sending you 3
2024-10-14 21:31:36.860279 Echo: Alpha, Zulu and Quebec, sending you 3
2024-10-14 21:31:36.862458 Golf: Alpha, sending you 5
2024-10-14 21:31:36.865216 Bravo: Alpha, sending you 17
2024-10-14 21:31:36.867375 Uniform: Sending you each 7
2024-10-14 21:31:36.868842 Papa: Alpha, Zulu, Quebec and Golf, sending you 3
2024-10-14 21:31:36.871708 Alpha: Papa, Zulu, Echo and Quebec, sending you 3
2024-10-14 21:31:36.877087 Echo: Papa and Golf, sending you 4
2024-10-14 21:31:36.884325 Quebec: Same as last round
2024-10-14 21:31:36.888153 Golf: Papa, Zulu and Quebec, sending you 3
2024-10-14 21:31:36.892322 Charlie: Same as last round
2024-10-14 21:31:36.893441 Papa: Echo, sending you 5
2024-10-14 21:31:36.896853 Alpha: Golf, sending you 5
2024-10-14 21:31:36.899395 Golf: Echo, sending you 4
chatterbot Quebec submitting transactions
chatterbot Zulu submitting transactions
chatterbot Alpha submitting transactions
chatterbot Bravo submitting transactions
chatterbot Uniform submitting transactions
chatterbot Charlie submitting transactions
chatterbot Golf submitting transactions
chatterbot Victor submitting transactions
chatterbot Echo submitting transactions
chatterbot Papa submitting transactions
ChatterBot Alpha round 15
ChatterBot Papa round 15
ChatterBot Uniform round 15
ChatterBot Zulu round 15
ChatterBot Echo round 15
ChatterBot Charlie round 15
ChatterBot Bravo round 15
ChatterBot Victor round 15
ChatterBot Quebec round 15
ChatterBot Golf round 15
2024-10-14 21:31:38.036677 Echo: Alpha, Zulu and Quebec, sending you 3
2024-10-14 21:31:38.038504 Alpha: Papa, Zulu, Echo and Quebec, sending you 3
2024-10-14 21:31:38.041690 Echo: Papa and Golf, sending you 4
2024-10-14 21:31:38.043875 Papa: Alpha, Zulu, Quebec and Golf, sending you 3
2024-10-14 21:31:38.045903 Alpha: Golf, sending you 5
2024-10-14 21:31:38.047896 Uniform: Same as last round
2024-10-14 21:31:38.048593 Quebec: Same as last round
2024-10-14 21:31:38.050543 Victor: Uniform, sending you 9
2024-10-14 21:31:38.051076 Papa: Echo, sending you 5
2024-10-14 21:31:38.053083 Zulu: Alpha, sending you 4
2024-10-14 21:31:38.055536 Charlie: Same as last round
2024-10-14 21:31:38.056052 Victor: Charlie, sending you 8
2024-10-14 21:31:38.059689 Zulu: Papa, Echo, Quebec and Golf, sending you 3
2024-10-14 21:31:38.061646 Golf: Alpha, sending you 5
2024-10-14 21:31:38.065674 Golf: Papa, Zulu and Quebec, sending you 3
