ChatterBot X-ray round 1
ChatterBot Uniform round 1
ChatterBot Whiskey round 1
randomSelections X-ray: {X-ray, Uniform, Victor} 
2024-10-14 21:31:19.056095 X-ray: Can we be friends?
ChatterBot Uniform reevaluating
2024-10-14 21:31:19.059398 Uniform: Yes
ChatterBot November round 1
ChatterBot Victor round 1
ChatterBot Victor reevaluating
ChatterBot Victor reevaluating
2024-10-14 21:31:19.067697 Victor: Yes
ChatterBot Uniform reevaluating
ChatterBot Yankee round 1
ChatterBot Juliett round 1
randomSelections Whiskey: {Whiskey, November, Juliett, Victor, Uniform, Yankee, Foxtrot, Sierra} 
2024-10-14 21:31:19.075542 Whiskey: Let's form a team
ChatterBot November reevaluating
ChatterBot Juliett reevaluating
ChatterBot Victor reevaluating
ChatterBot Uniform reevaluating
ChatterBot Yankee reevaluating
2024-10-14 21:31:19.088298 November: Yes
2024-10-14 21:31:19.088416 Juliett: Yes
2024-10-14 21:31:19.088510 Victor: No
2024-10-14 21:31:19.088700 Uniform: No
2024-10-14 21:31:19.088834 Yankee: Yes
ChatterBot Juliett reevaluating
ChatterBot Victor reevaluating
ChatterBot Uniform reevaluating
ChatterBot Yankee reevaluating
ChatterBot November reevaluating
ChatterBot Victor reevaluating
ChatterBot Uniform reevaluating
ChatterBot Yankee reevaluating
ChatterBot November reevaluating
ChatterBot Juliett reevaluating
ChatterBot Uniform reevaluating
ChatterBot Yankee reevaluating
ChatterBot November reevaluating
ChatterBot Juliett reevaluating
ChatterBot Victor reevaluating
ChatterBot Yankee reevaluating
ChatterBot November reevaluating
ChatterBot Juliett reevaluating
ChatterBot Victor reevaluating
ChatterBot Uniform reevaluating
ChatterBot Foxtrot round 1
ChatterBot Foxtrot reevaluating
ChatterBot Foxtrot reevaluating
ChatterBot Foxtrot reevaluating
ChatterBot Foxtrot reevaluating
ChatterBot Foxtrot reevaluating
ChatterBot Foxtrot reevaluating
2024-10-14 21:31:19.133396 Foxtrot: Yes
ChatterBot November reevaluating
ChatterBot Juliett reevaluating
ChatterBot Victor reevaluating
ChatterBot Uniform reevaluating
ChatterBot Yankee reevaluating
ChatterBot Quebec round 1
ChatterBot Sierra round 1
ChatterBot Sierra reevaluating
ChatterBot Sierra reevaluating
ChatterBot Sierra reevaluating
ChatterBot Sierra reevaluating
ChatterBot Sierra reevaluating
ChatterBot Sierra reevaluating
ChatterBot Sierra reevaluating
2024-10-14 21:31:19.159091 Sierra: Yes
ChatterBot November reevaluating
ChatterBot Juliett reevaluating
ChatterBot Victor reevaluating
ChatterBot Uniform reevaluating
ChatterBot Yankee reevaluating
ChatterBot Foxtrot reevaluating
randomSelections Quebec: {Quebec, X-ray, Foxtrot, Victor, Juliett, Whiskey} 
2024-10-14 21:31:19.180388 Quebec: Let's form a team
2024-10-14 21:31:19.184638 X-ray: No
2024-10-14 21:31:19.184855 Foxtrot: No
2024-10-14 21:31:19.185015 Victor: No
2024-10-14 21:31:19.185531 Juliett: No
2024-10-14 21:31:19.185687 Whiskey: No
2024-10-14 21:31:19.208682 X-ray: Uniform, sending you 8
2024-10-14 21:31:19.208941 Whiskey: Uniform, sending you 3
2024-10-14 21:31:19.211661 Whiskey: Victor and Sierra, sending you 2
2024-10-14 21:31:19.214021 X-ray: Victor, sending you 9
2024-10-14 21:31:19.215685 Whiskey: Yankee and Juliett, sending you 1
2024-10-14 21:31:19.218669 November: Uniform and Foxtrot, sending you 3
2024-10-14 21:31:19.218970 Sierra: Uniform, Juliett and Foxtrot, sending you 3
2024-10-14 21:31:19.219690 Foxtrot: Uniform, sending you 4
2024-10-14 21:31:19.223660 November: Whiskey, Juliett and Sierra, sending you 1
2024-10-14 21:31:19.224158 Sierra: November, sending you 2
2024-10-14 21:31:19.224533 Foxtrot: Victor, sending you 5
2024-10-14 21:31:19.225656 Yankee: Whiskey, Victor and Foxtrot, sending you 3
2024-10-14 21:31:19.226696 Uniform: X-ray, sending you 8
2024-10-14 21:31:19.226990 November: Victor and Yankee, sending you 4
2024-10-14 21:31:19.227683 Sierra: Victor, sending you 5
2024-10-14 21:31:19.228033 Juliett: Uniform and Foxtrot, sending you 2
2024-10-14 21:31:19.229669 Foxtrot: Juliett, sending you 2
2024-10-14 21:31:19.230121 Victor: Sending you each 4
2024-10-14 21:31:19.230356 Quebec: Whiskey and Juliett, sending you 3
2024-10-14 21:31:19.230676 Yankee: November and Sierra, sending you 1
2024-10-14 21:31:19.231107 Uniform: Victor, sending you 4
2024-10-14 21:31:19.231671 Juliett: Whiskey, sending you 1
2024-10-14 21:31:19.232677 Sierra: Yankee, sending you 1
2024-10-14 21:31:19.233677 Foxtrot: Sierra, sending you 3
2024-10-14 21:31:19.234665 Quebec: Victor, sending you 5
2024-10-14 21:31:19.234973 Yankee: Juliett, sending you 4
2024-10-14 21:31:19.235205 Juliett: November, sending you 4
2024-10-14 21:31:19.237658 Juliett: Yankee, sending you 3
2024-10-14 21:31:19.238680 Quebec: Foxtrot, sending you 4
2024-10-14 21:31:19.242648 Juliett: Sierra, sending you 5
chatterbot X-ray submitting transactions
chatterbot Uniform submitting transactions
chatterbot Victor submitting transactions
chatterbot Foxtrot submitting transactions
chatterbot Sierra submitting transactions
chatterbot Juliett submitting transactions
chatterbot November submitting transactions
chatterbot Whiskey submitting transactions
chatterbot Yankee submitting transactions
chatterbot Quebec submitting transactions
ChatterBot X-ray round 2
ChatterBot Uniform round 2
ChatterBot Whiskey round 2
ChatterBot November round 2
ChatterBot Victor round 2
ChatterBot Yankee round 2
ChatterBot Juliett round 2
ChatterBot Foxtrot round 2
ChatterBot Quebec round 2
ChatterBot Sierra round 2
2024-10-14 21:31:21.728431 Juliett: Let's form a team
ChatterBot Whiskey reevaluating
ChatterBot November reevaluating
ChatterBot Yankee reevaluating
ChatterBot Foxtrot reevaluating
ChatterBot Quebec reevaluating
ChatterBot Sierra reevaluating
2024-10-14 21:31:21.751898 Whiskey: Yes
2024-10-14 21:31:21.752105 November: No
2024-10-14 21:31:21.752252 Yankee: No
2024-10-14 21:31:21.752375 Foxtrot: Yes
2024-10-14 21:31:21.752895 Quebec: No
2024-10-14 21:31:21.753005 Sierra: No
ChatterBot November reevaluating
ChatterBot Yankee reevaluating
ChatterBot Foxtrot reevaluating
ChatterBot Quebec reevaluating
ChatterBot Sierra reevaluating
ChatterBot Whiskey reevaluating
ChatterBot Yankee reevaluating
ChatterBot Foxtrot reevaluating
ChatterBot Quebec reevaluating
ChatterBot Sierra reevaluating
ChatterBot Whiskey reevaluating
ChatterBot November reevaluating
ChatterBot Foxtrot reevaluating
ChatterBot Quebec reevaluating
ChatterBot Sierra reevaluating
ChatterBot Whiskey reevaluating
ChatterBot November reevaluating
ChatterBot Yankee reevaluating
ChatterBot Quebec reevaluating
ChatterBot Sierra reevaluating
ChatterBot Whiskey reevaluating
ChatterBot November reevaluating
ChatterBot Yankee reevaluating
ChatterBot Foxtrot reevaluating
ChatterBot Sierra reevaluating
ChatterBot Whiskey reevaluating
ChatterBot November reevaluating
ChatterBot Yankee reevaluating
ChatterBot Foxtrot reevaluating
ChatterBot Quebec reevaluating
2024-10-14 21:31:21.907653 Uniform: We should group up
ChatterBot Victor reevaluating
ChatterBot Whiskey reevaluating
ChatterBot November reevaluating
ChatterBot Yankee reevaluating
ChatterBot Foxtrot reevaluating
ChatterBot Quebec reevaluating
ChatterBot Sierra reevaluating
2024-10-14 21:31:21.938566 X-ray: No
2024-10-14 21:31:21.938772 Victor: No
2024-10-14 21:31:21.938891 Whiskey: No
2024-10-14 21:31:21.938986 November: No
2024-10-14 21:31:21.939091 Yankee: No
2024-10-14 21:31:21.939183 Juliett: No
2024-10-14 21:31:21.939305 Foxtrot: No
2024-10-14 21:31:21.939391 Quebec: No
2024-10-14 21:31:21.939475 Sierra: No
ChatterBot Victor reevaluating
ChatterBot Whiskey reevaluating
ChatterBot November reevaluating
ChatterBot Yankee reevaluating
ChatterBot Foxtrot reevaluating
ChatterBot Quebec reevaluating
ChatterBot Sierra reevaluating
ChatterBot X-ray reevaluating
ChatterBot Whiskey reevaluating
ChatterBot November reevaluating
ChatterBot Yankee reevaluating
ChatterBot Foxtrot reevaluating
ChatterBot Quebec reevaluating
ChatterBot Sierra reevaluating
ChatterBot X-ray reevaluating
ChatterBot Victor reevaluating
ChatterBot November reevaluating
ChatterBot Yankee reevaluating
ChatterBot Foxtrot reevaluating
ChatterBot Quebec reevaluating
ChatterBot Sierra reevaluating
ChatterBot X-ray reevaluating
ChatterBot Victor reevaluating
ChatterBot Whiskey reevaluating
ChatterBot Yankee reevaluating
ChatterBot Foxtrot reevaluating
ChatterBot Quebec reevaluating
ChatterBot Sierra reevaluating
ChatterBot X-ray reevaluating
ChatterBot Victor reevaluating
ChatterBot Whiskey reevaluating
ChatterBot November reevaluating
ChatterBot Foxtrot reevaluating
ChatterBot Quebec reevaluating
ChatterBot Sierra reevaluating
ChatterBot X-ray reevaluating
ChatterBot Victor reevaluating
ChatterBot Whiskey reevaluating
ChatterBot November reevaluating
ChatterBot Yankee reevaluating
ChatterBot Foxtrot reevaluating
ChatterBot Quebec reevaluating
ChatterBot Sierra reevaluating
ChatterBot X-ray reevaluating
ChatterBot Victor reevaluating
ChatterBot Whiskey reevaluating
ChatterBot November reevaluating
ChatterBot Yankee reevaluating
ChatterBot Quebec reevaluating
ChatterBot Sierra reevaluating
ChatterBot X-ray reevaluating
ChatterBot Victor reevaluating
ChatterBot Whiskey reevaluating
ChatterBot November reevaluating
ChatterBot Yankee reevaluating
ChatterBot Foxtrot reevaluating
ChatterBot Sierra reevaluating
ChatterBot X-ray reevaluating
ChatterBot Victor reevaluating
ChatterBot Whiskey reevaluating
ChatterBot November reevaluating
ChatterBot Yankee reevaluating
ChatterBot Foxtrot reevaluating
ChatterBot Quebec reevaluating
2024-10-14 21:31:22.336137 Victor: We should add Quebec
ChatterBot X-ray reevaluating
2024-10-14 21:31:22.343485 X-ray: Yes
2024-10-14 21:31:22.344109 Uniform: Yes
ChatterBot Victor reevaluating
ChatterBot X-ray reevaluating
ChatterBot Victor reevaluating
2024-10-14 21:31:22.371862 Victor: Quebec we want you to join our group
2024-10-14 21:31:22.375314 Quebec: No
ChatterBot X-ray reevaluating
2024-10-14 21:31:22.386148 Yankee: We should drop Victor and Uniform
2024-10-14 21:31:22.403376 Whiskey: Yes
2024-10-14 21:31:22.403651 November: Yes
2024-10-14 21:31:22.403996 Juliett: Yes
2024-10-14 21:31:22.404190 Foxtrot: Yes
2024-10-14 21:31:22.404410 Sierra: Yes
2024-10-14 21:31:22.479720 Juliett: Whiskey, Yankee, Foxtrot, Quebec and Sierra, sending you 3
2024-10-14 21:31:22.527539 Whiskey: November and Juliett, sending you 2
2024-10-14 21:31:22.528824 Quebec: Whiskey, November, Yankee, Juliett and Foxtrot, sending you 3
2024-10-14 21:31:22.529469 Juliett: November, sending you 2
2024-10-14 21:31:22.530208 Uniform: X-ray, Whiskey, November, Victor, Foxtrot and Sierra, sending you 2
2024-10-14 21:31:22.532118 Foxtrot: Whiskey, sending you 2
2024-10-14 21:31:22.534190 Whiskey: Yankee, sending you 5
2024-10-14 21:31:22.559985 Uniform: Yankee and Juliett, sending you 1
2024-10-14 21:31:22.561346 Yankee: Whiskey and Sierra, sending you 2
2024-10-14 21:31:22.562928 Foxtrot: November, Yankee, Juliett and Sierra, sending you 3
2024-10-14 21:31:22.564727 Victor: X-ray and Quebec, sending you 3
2024-10-14 21:31:22.565363 X-ray: Uniform, sending you 7
2024-10-14 21:31:22.566841 Whiskey: Foxtrot and Sierra, sending you 1
2024-10-14 21:31:22.578349 Yankee: November and Juliett, sending you 6
2024-10-14 21:31:22.579466 Foxtrot: Quebec, sending you 5
2024-10-14 21:31:22.579939 Victor: Uniform, sending you 4
2024-10-14 21:31:22.580371 X-ray: Victor, sending you 6
2024-10-14 21:31:22.581329 Whiskey: Quebec, sending you 4
2024-10-14 21:31:22.581838 Sierra: Whiskey, sending you 3
2024-10-14 21:31:22.582376 November: Yankee, sending you 3
2024-10-14 21:31:22.600266 X-ray: Quebec, sending you 4
2024-10-14 21:31:22.600599 November: Juliett, sending you 9
2024-10-14 21:31:22.600924 Sierra: November and Yankee, sending you 2
2024-10-14 21:31:22.603843 November: Sierra, sending you 5
2024-10-14 21:31:22.627842 Sierra: Juliett, sending you 6
2024-10-14 21:31:22.660380 Sierra: Foxtrot, sending you 4
chatterbot Yankee submitting transactions
chatterbot Whiskey submitting transactions
chatterbot Juliett submitting transactions
chatterbot Sierra submitting transactions
chatterbot Victor submitting transactions
chatterbot Foxtrot submitting transactions
chatterbot Quebec submitting transactions
chatterbot November submitting transactions
chatterbot Uniform submitting transactions
chatterbot X-ray submitting transactions
ChatterBot X-ray round 3
ChatterBot Uniform round 3
ChatterBot Whiskey round 3
ChatterBot November round 3
ChatterBot Victor round 3
ChatterBot Yankee round 3
ChatterBot Juliett round 3
ChatterBot Foxtrot round 3
ChatterBot Quebec round 3
ChatterBot Sierra round 3
2024-10-14 21:31:23.635099 Yankee: We should add Quebec
ChatterBot November reevaluating
ChatterBot Sierra reevaluating
2024-10-14 21:31:23.652476 Whiskey: Yes
2024-10-14 21:31:23.652686 November: Yes
2024-10-14 21:31:23.652836 Juliett: Yes
2024-10-14 21:31:23.653 Foxtrot: Yes
2024-10-14 21:31:23.653234 Sierra: Yes
ChatterBot November reevaluating
ChatterBot Sierra reevaluating
ChatterBot Sierra reevaluating
ChatterBot November reevaluating
ChatterBot Sierra reevaluating
ChatterBot November reevaluating
ChatterBot Sierra reevaluating
ChatterBot November reevaluating
2024-10-14 21:31:23.761965 X-ray: We should drop Quebec
2024-10-14 21:31:23.767940 Uniform: No
2024-10-14 21:31:23.768444 Victor: Yes
2024-10-14 21:31:23.780967 Uniform: We should drop X-ray and Victor
ChatterBot November reevaluating
ChatterBot Sierra reevaluating
2024-10-14 21:31:23.909073 Whiskey: Yes
2024-10-14 21:31:23.909346 November: Yes
2024-10-14 21:31:23.910243 Yankee: Yes
2024-10-14 21:31:23.910685 Juliett: Yes
2024-10-14 21:31:23.910980 Foxtrot: Yes
2024-10-14 21:31:23.911469 Quebec: Yes
2024-10-14 21:31:23.911679 Sierra: Yes
ChatterBot November reevaluating
ChatterBot Sierra reevaluating
ChatterBot Sierra reevaluating
ChatterBot November reevaluating
ChatterBot Sierra reevaluating
ChatterBot November reevaluating
ChatterBot Sierra reevaluating
ChatterBot November reevaluating
ChatterBot Sierra reevaluating
ChatterBot November reevaluating
ChatterBot Sierra reevaluating
ChatterBot November reevaluating
2024-10-14 21:31:24.078457 Yankee: Quebec we want you to join our group
2024-10-14 21:31:24.082713 Quebec: Yes
ChatterBot November reevaluating
ChatterBot Sierra reevaluating
2024-10-14 21:31:24.123454 November: Quebec we want you to join our group
2024-10-14 21:31:24.129900 Quebec: Yes
2024-10-14 21:31:24.164928 Sierra: Quebec we want you to join our group
2024-10-14 21:31:24.170603 Quebec: Yes
2024-10-14 21:31:24.201493 Victor: X-ray, sending you 3
2024-10-14 21:31:24.205970 X-ray: Uniform, sending you 9
2024-10-14 21:31:24.207038 Juliett: Whiskey, sending you 2
2024-10-14 21:31:24.207782 Foxtrot: Whiskey, sending you 1
2024-10-14 21:31:24.209121 Yankee: Whiskey, sending you 5
2024-10-14 21:31:24.209702 Whiskey: November, sending you 1
2024-10-14 21:31:24.210172 Quebec: Whiskey, sending you 5
2024-10-14 21:31:24.211468 Uniform: Whiskey, sending you 3
2024-10-14 21:31:24.211943 Victor: Uniform, sending you 4
2024-10-14 21:31:24.212314 X-ray: Victor, sending you 8
2024-10-14 21:31:24.213860 Juliett: November, Yankee, Foxtrot, Quebec and Sierra, sending you 3
2024-10-14 21:31:24.214571 Foxtrot: November and Yankee, sending you 3
2024-10-14 21:31:24.215875 Yankee: November and Juliett, sending you 4
2024-10-14 21:31:24.216509 Whiskey: Yankee, Juliett and Sierra, sending you 3
2024-10-14 21:31:24.217759 Quebec: Juliett, sending you 4
2024-10-14 21:31:24.218258 Uniform: November, Juliett and Sierra, sending you 2
2024-10-14 21:31:24.219338 Sierra: Whiskey and Yankee, sending you 2
2024-10-14 21:31:24.219898 Foxtrot: Juliett, Quebec and Sierra, sending you 4
2024-10-14 21:31:24.220895 Yankee: Foxtrot, Quebec and Sierra, sending you 2
2024-10-14 21:31:24.226884 Whiskey: Foxtrot, sending you 2
2024-10-14 21:31:24.227563 Quebec: Foxtrot, sending you 6
2024-10-14 21:31:24.228629 Sierra: November, Juliett and Foxtrot, sending you 4
2024-10-14 21:31:24.229420 Uniform: Yankee and Quebec, sending you 1
2024-10-14 21:31:24.230576 November: Whiskey, sending you 1
2024-10-14 21:31:24.234605 Whiskey: Quebec, sending you 4
2024-10-14 21:31:24.235498 Sierra: Quebec, sending you 1
2024-10-14 21:31:24.236079 Uniform: Foxtrot, sending you 4
2024-10-14 21:31:24.237202 November: Yankee, sending you 5
2024-10-14 21:31:24.242684 November: Juliett, sending you 4
2024-10-14 21:31:24.247150 November: Foxtrot and Quebec, sending you 2
2024-10-14 21:31:24.252153 November: Sierra, sending you 3
chatterbot Sierra submitting transactions
chatterbot Juliett submitting transactions
chatterbot Whiskey submitting transactions
chatterbot November submitting transactions
chatterbot Yankee submitting transactions
chatterbot Victor submitting transactions
chatterbot Foxtrot submitting transactions
chatterbot X-ray submitting transactions
chatterbot Uniform submitting transactions
chatterbot Quebec submitting transactions
ChatterBot X-ray round 4
ChatterBot Uniform round 4
ChatterBot Whiskey round 4
ChatterBot November round 4
ChatterBot Victor round 4
ChatterBot Yankee round 4
ChatterBot Juliett round 4
ChatterBot Foxtrot round 4
ChatterBot Quebec round 4
ChatterBot Sierra round 4
2024-10-14 21:31:25.145728 X-ray: Uniform, sending you 8
2024-10-14 21:31:25.147929 Juliett: Whiskey, sending you 2
2024-10-14 21:31:25.148595 Whiskey: November, sending you 1
2024-10-14 21:31:25.150693 X-ray: Victor, sending you 9
2024-10-14 21:31:25.151070 Juliett: November, Yankee, Foxtrot, Quebec and Sierra, sending you 3
2024-10-14 21:31:25.151717 Foxtrot: Whiskey, sending you 2
2024-10-14 21:31:25.152722 Uniform: Whiskey, sending you 3
2024-10-14 21:31:25.153234 Whiskey: Yankee and Quebec, sending you 4
2024-10-14 21:31:25.155687 Uniform: November, Juliett and Sierra, sending you 2
2024-10-14 21:31:25.157141 Foxtrot: November, Yankee and Juliett, sending you 3
2024-10-14 21:31:25.157801 Victor: X-ray, sending you 3
2024-10-14 21:31:25.158387 Whiskey: Juliett, sending you 3
2024-10-14 21:31:25.159694 Uniform: Yankee and Quebec, sending you 1
2024-10-14 21:31:25.160572 November: Whiskey and Quebec, sending you 1
2024-10-14 21:31:25.161199 Quebec: Whiskey, sending you 4
2024-10-14 21:31:25.162361 Victor: Uniform, sending you 4
2024-10-14 21:31:25.162682 Foxtrot: Quebec and Sierra, sending you 4
2024-10-14 21:31:25.163534 Yankee: Whiskey and Juliett, sending you 4
2024-10-14 21:31:25.164597 Whiskey: Foxtrot and Sierra, sending you 2
2024-10-14 21:31:25.165263 November: Yankee, sending you 5
2024-10-14 21:31:25.165718 Uniform: Foxtrot, sending you 4
2024-10-14 21:31:25.166902 Sierra: Whiskey and November, sending you 3
2024-10-14 21:31:25.167722 Quebec: November, Yankee and Sierra, sending you 1
2024-10-14 21:31:25.169265 Yankee: November, sending you 5
2024-10-14 21:31:25.170662 November: Juliett, sending you 4
2024-10-14 21:31:25.171479 Sierra: Yankee, sending you 2
2024-10-14 21:31:25.172180 Quebec: Juliett, sending you 3
2024-10-14 21:31:25.175084 Yankee: Foxtrot, sending you 3
2024-10-14 21:31:25.175863 November: Foxtrot and Sierra, sending you 3
2024-10-14 21:31:25.176458 Quebec: Foxtrot, sending you 5
2024-10-14 21:31:25.177543 Sierra: Juliett and Foxtrot, sending you 4
2024-10-14 21:31:25.181161 Yankee: Quebec, sending you 1
2024-10-14 21:31:25.182219 Sierra: Quebec, sending you 1
2024-10-14 21:31:25.186713 Yankee: Sierra, sending you 2
chatterbot Uniform submitting transactions
chatterbot Quebec submitting transactions
chatterbot Foxtrot submitting transactions
chatterbot November submitting transactions
chatterbot X-ray submitting transactions
chatterbot Juliett submitting transactions
chatterbot Victor submitting transactions
chatterbot Yankee submitting transactions
chatterbot Sierra submitting transactions
chatterbot Whiskey submitting transactions
ChatterBot X-ray round 5
ChatterBot Uniform round 5
ChatterBot Whiskey round 5
ChatterBot November round 5
ChatterBot Victor round 5
ChatterBot Yankee round 5
ChatterBot Juliett round 5
ChatterBot Foxtrot round 5
ChatterBot Quebec round 5
ChatterBot Sierra round 5
2024-10-14 21:31:26.405691 Whiskey: Yankee and Quebec, sending you 4
2024-10-14 21:31:26.407320 X-ray: Uniform, sending you 8
2024-10-14 21:31:26.411221 Whiskey: Juliett and Sierra, sending you 3
2024-10-14 21:31:26.412519 X-ray: Victor, sending you 9
2024-10-14 21:31:26.412912 Quebec: Whiskey, sending you 4
2024-10-14 21:31:26.414713 Whiskey: Foxtrot, sending you 2
2024-10-14 21:31:26.416703 November: Whiskey and Quebec, sending you 1
2024-10-14 21:31:26.417696 Juliett: Whiskey, sending you 2
2024-10-14 21:31:26.418778 Quebec: November, Yankee and Sierra, sending you 1
2024-10-14 21:31:26.419689 Uniform: Whiskey, sending you 3
2024-10-14 21:31:26.420764 Victor: X-ray, sending you 2
2024-10-14 21:31:26.421066 Foxtrot: Whiskey, sending you 2
2024-10-14 21:31:26.421772 Yankee: Whiskey and Juliett, sending you 4
2024-10-14 21:31:26.422310 November: Yankee, sending you 5
2024-10-14 21:31:26.423249 Sierra: Whiskey and November, sending you 3
2024-10-14 21:31:26.423838 Quebec: Juliett, sending you 3
2024-10-14 21:31:26.424366 Juliett: November, Yankee, Foxtrot, Quebec and Sierra, sending you 3
2024-10-14 21:31:26.424914 Uniform: November, Juliett and Sierra, sending you 2
2024-10-14 21:31:26.425376 Victor: Uniform, sending you 4
2024-10-14 21:31:26.426064 Foxtrot: November, Yankee and Juliett, sending you 3
2024-10-14 21:31:26.426738 Yankee: November, sending you 5
2024-10-14 21:31:26.427269 November: Juliett, sending you 4
2024-10-14 21:31:26.427810 Quebec: Foxtrot, sending you 5
2024-10-14 21:31:26.428974 Sierra: Yankee, sending you 2
2024-10-14 21:31:26.429688 Uniform: Yankee and Quebec, sending you 1
2024-10-14 21:31:26.430146 Yankee: Foxtrot, sending you 3
2024-10-14 21:31:26.430688 Foxtrot: Quebec and Sierra, sending you 4
2024-10-14 21:31:26.432144 November: Foxtrot and Sierra, sending you 3
2024-10-14 21:31:26.433901 Sierra: Juliett and Foxtrot, sending you 4
2024-10-14 21:31:26.434562 Uniform: Foxtrot, sending you 4
2024-10-14 21:31:26.435109 Yankee: Quebec, sending you 1
2024-10-14 21:31:26.438981 Sierra: Quebec, sending you 1
2024-10-14 21:31:26.440676 Yankee: Sierra, sending you 2
chatterbot Whiskey submitting transactions
chatterbot Juliett submitting transactions
chatterbot Victor submitting transactions
chatterbot X-ray submitting transactions
chatterbot Uniform submitting transactions
chatterbot Foxtrot submitting transactions
chatterbot Sierra submitting transactions
chatterbot November submitting transactions
chatterbot Quebec submitting transactions
chatterbot Yankee submitting transactions
ChatterBot X-ray round 6
ChatterBot Uniform round 6
ChatterBot Whiskey round 6
ChatterBot November round 6
ChatterBot Victor round 6
ChatterBot Yankee round 6
ChatterBot Juliett round 6
ChatterBot Foxtrot round 6
ChatterBot Quebec round 6
ChatterBot Sierra round 6
2024-10-14 21:31:27.715698 Whiskey: Yankee and Quebec, sending you 4
2024-10-14 21:31:27.718152 X-ray: Uniform, sending you 8
2024-10-14 21:31:27.719439 Uniform: Whiskey, sending you 3
2024-10-14 21:31:27.722675 Whiskey: Juliett and Sierra, sending you 3
2024-10-14 21:31:27.724359 X-ray: Victor, sending you 9
2024-10-14 21:31:27.724888 Yankee: Whiskey and Juliett, sending you 4
2024-10-14 21:31:27.725676 November: Whiskey and Quebec, sending you 1
2024-10-14 21:31:27.726943 Uniform: November, Juliett and Sierra, sending you 2
2024-10-14 21:31:27.727651 Quebec: Whiskey, sending you 4
2024-10-14 21:31:27.729341 Juliett: Whiskey, sending you 2
2024-10-14 21:31:27.730138 Whiskey: Foxtrot, sending you 2
2024-10-14 21:31:27.731524 Yankee: November, sending you 5
2024-10-14 21:31:27.732330 Foxtrot: Whiskey, November, Yankee, Juliett and Sierra, sending you 3
2024-10-14 21:31:27.733523 Victor: X-ray, sending you 2
2024-10-14 21:31:27.733992 November: Yankee, sending you 5
2024-10-14 21:31:27.734828 Quebec: November, Yankee and Sierra, sending you 1
2024-10-14 21:31:27.736264 Uniform: Yankee and Quebec, sending you 1
2024-10-14 21:31:27.737176 Juliett: November, Yankee, Foxtrot, Quebec and Sierra, sending you 3
2024-10-14 21:31:27.738301 Sierra: Whiskey and November, sending you 3
2024-10-14 21:31:27.739522 Yankee: Foxtrot, sending you 3
2024-10-14 21:31:27.740466 Foxtrot: Quebec, sending you 4
2024-10-14 21:31:27.741339 Victor: Uniform, sending you 4
2024-10-14 21:31:27.741722 November: Juliett, sending you 4
2024-10-14 21:31:27.743205 Quebec: Juliett, sending you 3
2024-10-14 21:31:27.744072 Uniform: Foxtrot, sending you 4
2024-10-14 21:31:27.744706 Sierra: Yankee, sending you 2
2024-10-14 21:31:27.746020 Yankee: Quebec, sending you 1
2024-10-14 21:31:27.747495 November: Foxtrot and Sierra, sending you 3
2024-10-14 21:31:27.749135 Quebec: Foxtrot, sending you 5
2024-10-14 21:31:27.750629 Sierra: Juliett and Foxtrot, sending you 4
2024-10-14 21:31:27.752549 Yankee: Sierra, sending you 2
2024-10-14 21:31:27.755671 Sierra: Quebec, sending you 1
chatterbot November submitting transactions
chatterbot Quebec submitting transactions
chatterbot Whiskey submitting transactions
chatterbot Foxtrot submitting transactions
chatterbot Juliett submitting transactions
chatterbot Uniform submitting transactions
chatterbot Victor submitting transactions
chatterbot X-ray submitting transactions
chatterbot Yankee submitting transactions
chatterbot Sierra submitting transactions
ChatterBot X-ray round 7
ChatterBot Uniform round 7
ChatterBot Whiskey round 7
ChatterBot November round 7
ChatterBot Victor round 7
ChatterBot Yankee round 7
ChatterBot Juliett round 7
ChatterBot Foxtrot round 7
ChatterBot Quebec round 7
ChatterBot Sierra round 7
2024-10-14 21:31:28.766726 X-ray: Uniform, sending you 8
2024-10-14 21:31:28.768140 Whiskey: November and Foxtrot, sending you 2
2024-10-14 21:31:28.769279 November: Whiskey and Quebec, sending you 1
2024-10-14 21:31:28.770996 X-ray: Victor, sending you 9
2024-10-14 21:31:28.771667 Yankee: Whiskey and Juliett, sending you 4
2024-10-14 21:31:28.773686 Whiskey: Yankee, Juliett, Quebec and Sierra, sending you 3
2024-10-14 21:31:28.775692 November: Yankee, sending you 5
2024-10-14 21:31:28.777061 Yankee: November, sending you 5
2024-10-14 21:31:28.778858 Foxtrot: Whiskey, November, Yankee, Juliett and Sierra, sending you 3
2024-10-14 21:31:28.779824 Victor: X-ray, sending you 2
2024-10-14 21:31:28.780578 Uniform: Whiskey, sending you 3
2024-10-14 21:31:28.781602 November: Juliett, sending you 4
2024-10-14 21:31:28.782923 Quebec: Whiskey, sending you 4
2024-10-14 21:31:28.783924 Yankee: Foxtrot, sending you 3
2024-10-14 21:31:28.785586 Foxtrot: Quebec, sending you 4
2024-10-14 21:31:28.786701 Victor: Uniform, sending you 4
2024-10-14 21:31:28.787222 Juliett: Whiskey, sending you 2
2024-10-14 21:31:28.788906 Uniform: November, Juliett and Sierra, sending you 2
2024-10-14 21:31:28.790344 Quebec: November, Yankee and Sierra, sending you 1
2024-10-14 21:31:28.791718 November: Foxtrot and Sierra, sending you 3
2024-10-14 21:31:28.793170 Sierra: Whiskey and November, sending you 3
2024-10-14 21:31:28.794127 Yankee: Quebec, sending you 1
2024-10-14 21:31:28.795481 Juliett: November, Yankee, Foxtrot, Quebec and Sierra, sending you 3
2024-10-14 21:31:28.796728 Uniform: Yankee and Quebec, sending you 1
2024-10-14 21:31:28.798462 Quebec: Juliett, sending you 3
2024-10-14 21:31:28.799598 Sierra: Yankee, sending you 2
2024-10-14 21:31:28.801314 Yankee: Sierra, sending you 2
2024-10-14 21:31:28.803067 Uniform: Foxtrot, sending you 4
2024-10-14 21:31:28.803929 Quebec: Foxtrot, sending you 5
2024-10-14 21:31:28.805819 Sierra: Juliett and Foxtrot, sending you 4
2024-10-14 21:31:28.809690 Sierra: Quebec, sending you 1
chatterbot X-ray submitting transactions
chatterbot Foxtrot submitting transactions
chatterbot Quebec submitting transactions
chatterbot November submitting transactions
chatterbot Sierra submitting transactions
chatterbot Uniform submitting transactions
chatterbot Yankee submitting transactions
chatterbot Whiskey submitting transactions
chatterbot Victor submitting transactions
chatterbot Juliett submitting transactions
ChatterBot X-ray round 8
ChatterBot Uniform round 8
ChatterBot Whiskey round 8
ChatterBot November round 8
ChatterBot Victor round 8
ChatterBot Yankee round 8
ChatterBot Juliett round 8
ChatterBot Foxtrot round 8
ChatterBot Quebec round 8
ChatterBot Sierra round 8
2024-10-14 21:31:29.991401 Uniform: Whiskey, sending you 3
2024-10-14 21:31:29.995681 X-ray: Uniform, sending you 8
2024-10-14 21:31:29.996481 Uniform: November, Juliett and Sierra, sending you 2
2024-10-14 21:31:29.997078 Whiskey: November, sending you 1
2024-10-14 21:31:29.998030 Victor: X-ray, sending you 2
2024-10-14 21:31:29.999706 Uniform: Yankee and Quebec, sending you 1
2024-10-14 21:31:30.000675 X-ray: Victor, sending you 9
2024-10-14 21:31:30.001674 Victor: Uniform, sending you 3
2024-10-14 21:31:30.002977 Whiskey: Yankee, Juliett, Foxtrot, Quebec and Sierra, sending you 3
2024-10-14 21:31:30.004149 Yankee: Whiskey and Juliett, sending you 4
2024-10-14 21:31:30.004936 November: Whiskey and Quebec, sending you 1
2024-10-14 21:31:30.006449 Uniform: Foxtrot, sending you 4
2024-10-14 21:31:30.007254 Foxtrot: Whiskey, November, Yankee, Juliett and Sierra, sending you 3
2024-10-14 21:31:30.009820 Yankee: November, sending you 5
2024-10-14 21:31:30.010511 Quebec: Whiskey, Juliett and Foxtrot, sending you 4
2024-10-14 21:31:30.011165 November: Yankee, sending you 5
2024-10-14 21:31:30.011748 Foxtrot: Quebec, sending you 4
2024-10-14 21:31:30.012933 Juliett: Whiskey, November, Yankee, Foxtrot and Sierra, sending you 3
2024-10-14 21:31:30.013526 Sierra: Whiskey and November, sending you 3
2024-10-14 21:31:30.014328 Yankee: Foxtrot, sending you 3
2024-10-14 21:31:30.015783 Quebec: November, Yankee and Sierra, sending you 1
2024-10-14 21:31:30.017014 November: Juliett, sending you 4
2024-10-14 21:31:30.017783 Juliett: Quebec, sending you 2
2024-10-14 21:31:30.018749 Sierra: Yankee, sending you 2
2024-10-14 21:31:30.019878 Yankee: Quebec, sending you 1
2024-10-14 21:31:30.021682 November: Foxtrot and Sierra, sending you 3
2024-10-14 21:31:30.024918 Sierra: Juliett and Foxtrot, sending you 4
2024-10-14 21:31:30.025808 Yankee: Sierra, sending you 2
2024-10-14 21:31:30.030679 Sierra: Quebec, sending you 1
chatterbot Whiskey submitting transactions
chatterbot Victor submitting transactions
chatterbot Foxtrot submitting transactions
chatterbot Yankee submitting transactions
chatterbot Uniform submitting transactions
chatterbot Quebec submitting transactions
chatterbot Juliett submitting transactions
chatterbot November submitting transactions
chatterbot Sierra submitting transactions
chatterbot X-ray submitting transactions
ChatterBot X-ray round 9
ChatterBot Uniform round 9
ChatterBot Whiskey round 9
ChatterBot November round 9
ChatterBot Victor round 9
ChatterBot Yankee round 9
ChatterBot Juliett round 9
ChatterBot Foxtrot round 9
ChatterBot Quebec round 9
ChatterBot Sierra round 9
2024-10-14 21:31:31.207686 Victor: X-ray, sending you 2
2024-10-14 21:31:31.209678 November: Whiskey and Quebec, sending you 1
2024-10-14 21:31:31.211630 Yankee: Whiskey and Juliett, sending you 4
2024-10-14 21:31:31.213377 X-ray: Uniform, sending you 7
2024-10-14 21:31:31.214080 Victor: Uniform, sending you 3
2024-10-14 21:31:31.214693 November: Yankee, sending you 5
2024-10-14 21:31:31.217683 Yankee: November, sending you 5
2024-10-14 21:31:31.218825 X-ray: Victor, sending you 10
2024-10-14 21:31:31.219667 Juliett: Whiskey, sending you 2
2024-10-14 21:31:31.221797 November: Juliett, sending you 4
2024-10-14 21:31:31.222701 Quebec: Whiskey, Juliett and Foxtrot, sending you 2
2024-10-14 21:31:31.224092 Yankee: Foxtrot, sending you 3
2024-10-14 21:31:31.224963 Juliett: November, Yankee, Foxtrot, Quebec and Sierra, sending you 3
2024-10-14 21:31:31.226636 Uniform: Whiskey, sending you 3
2024-10-14 21:31:31.228170 Whiskey: November, sending you 1
2024-10-14 21:31:31.229167 November: Foxtrot and Sierra, sending you 3
2024-10-14 21:31:31.230497 Quebec: Yankee, sending you 1
2024-10-14 21:31:31.231305 Sierra: Whiskey, November and Foxtrot, sending you 3
2024-10-14 21:31:31.233047 Foxtrot: Whiskey, November, Yankee, Juliett and Sierra, sending you 3
2024-10-14 21:31:31.234929 Yankee: Quebec, sending you 1
2024-10-14 21:31:31.236209 Uniform: November, Juliett and Sierra, sending you 2
2024-10-14 21:31:31.237375 Whiskey: Yankee, Juliett, Foxtrot, Quebec and Sierra, sending you 3
2024-10-14 21:31:31.238558 Sierra: Yankee and Quebec, sending you 2
2024-10-14 21:31:31.240090 Foxtrot: Quebec, sending you 4
2024-10-14 21:31:31.241208 Yankee: Sierra, sending you 2
2024-10-14 21:31:31.242617 Uniform: Yankee and Quebec, sending you 1
2024-10-14 21:31:31.243254 Sierra: Juliett, sending you 4
2024-10-14 21:31:31.247674 Uniform: Foxtrot, sending you 4
chatterbot Juliett submitting transactions
chatterbot Quebec submitting transactions
chatterbot Victor submitting transactions
chatterbot Sierra submitting transactions
chatterbot Uniform submitting transactions
chatterbot X-ray submitting transactions
chatterbot November submitting transactions
chatterbot Yankee submitting transactions
chatterbot Foxtrot submitting transactions
chatterbot Whiskey submitting transactions
ChatterBot X-ray round 10
ChatterBot Uniform round 10
ChatterBot Whiskey round 10
ChatterBot November round 10
ChatterBot Victor round 10
ChatterBot Yankee round 10
ChatterBot Juliett round 10
ChatterBot Foxtrot round 10
ChatterBot Quebec round 10
ChatterBot Sierra round 10
2024-10-14 21:31:32.473140 Juliett: Whiskey, November, Yankee, Foxtrot and Sierra, sending you 3
2024-10-14 21:31:32.477699 Yankee: Whiskey and Juliett, sending you 4
2024-10-14 21:31:32.479777 Whiskey: November, sending you 1
2024-10-14 21:31:32.481343 November: Whiskey and Quebec, sending you 1
2024-10-14 21:31:32.482859 X-ray: I was attacked by Quebec
ChatterBot Uniform reevaluating
ChatterBot Victor reevaluating
2024-10-14 21:31:32.489903 X-ray: I'm keeping this round to protect myself
2024-10-14 21:31:32.491255 X-ray: Ow
2024-10-14 21:31:32.491787 Juliett: Quebec, sending you 2
2024-10-14 21:31:32.493779 Yankee: November, sending you 5
2024-10-14 21:31:32.495152 Whiskey: Yankee, Juliett, Foxtrot, Quebec and Sierra, sending you 3
2024-10-14 21:31:32.496798 Quebec: Whiskey, sending you 4
2024-10-14 21:31:32.498184 November: Yankee, sending you 5
2024-10-14 21:31:32.499849 Foxtrot: Whiskey, November, Yankee, Juliett and Sierra, sending you 3
2024-10-14 21:31:32.501263 Yankee: Foxtrot, sending you 3
2024-10-14 21:31:32.503324 Sierra: Whiskey, November and Foxtrot, sending you 3
2024-10-14 21:31:32.505123 Quebec: November, Yankee and Sierra, sending you 1
2024-10-14 21:31:32.506401 November: Juliett, sending you 4
2024-10-14 21:31:32.507624 Foxtrot: Quebec, sending you 4
2024-10-14 21:31:32.509086 Yankee: Quebec, sending you 1
2024-10-14 21:31:32.509968 Sierra: Yankee, sending you 2
2024-10-14 21:31:32.510863 Quebec: Juliett, sending you 3
2024-10-14 21:31:32.512624 November: Foxtrot and Sierra, sending you 3
2024-10-14 21:31:32.513963 Yankee: Sierra, sending you 2
2024-10-14 21:31:32.515773 Quebec: Foxtrot, sending you 5
2024-10-14 21:31:32.517252 Sierra: Juliett, sending you 5
2024-10-14 21:31:32.521653 Uniform: Whiskey, November, Foxtrot and Sierra, sending you 3
2024-10-14 21:31:32.522422 Sierra: Quebec, sending you 1
2024-10-14 21:31:32.523583 Victor: X-ray, sending you 1
2024-10-14 21:31:32.525676 Uniform: Juliett and Quebec, sending you 2
2024-10-14 21:31:32.527690 Victor: Uniform, sending you 3
chatterbot X-ray submitting transactions
chatterbot Sierra submitting transactions
chatterbot Victor submitting transactions
chatterbot November submitting transactions
chatterbot Uniform submitting transactions
chatterbot Whiskey submitting transactions
chatterbot Yankee submitting transactions
chatterbot Quebec submitting transactions
chatterbot Juliett submitting transactions
chatterbot Foxtrot submitting transactions
ChatterBot X-ray round 11
ChatterBot Uniform round 11
ChatterBot Whiskey round 11
ChatterBot November round 11
ChatterBot Victor round 11
ChatterBot Yankee round 11
ChatterBot Juliett round 11
ChatterBot Foxtrot round 11
ChatterBot Quebec round 11
ChatterBot Sierra round 11
2024-10-14 21:31:33.774876 November: Whiskey and Quebec, sending you 1
2024-10-14 21:31:33.776141 Uniform: Whiskey, November, Foxtrot and Sierra, sending you 3
2024-10-14 21:31:33.779172 November: Yankee, sending you 5
2024-10-14 21:31:33.781680 Uniform: Juliett, sending you 2
2024-10-14 21:31:33.782871 Juliett: Whiskey, November, Yankee, Foxtrot and Sierra, sending you 3
2024-10-14 21:31:33.784326 November: Juliett, sending you 4
2024-10-14 21:31:33.785424 Victor: X-ray, sending you 1
2024-10-14 21:31:33.785810 Foxtrot: Whiskey, November, Yankee, Juliett and Sierra, sending you 3
2024-10-14 21:31:33.787681 Uniform: Quebec, sending you 1
2024-10-14 21:31:33.788833 Juliett: Quebec, sending you 2
2024-10-14 21:31:33.789752 November: Foxtrot and Sierra, sending you 3
2024-10-14 21:31:33.790611 Victor: Uniform, sending you 3
2024-10-14 21:31:33.790927 Foxtrot: Quebec, sending you 4
2024-10-14 21:31:33.792249 Yankee: Whiskey and Juliett, sending you 4
2024-10-14 21:31:33.794668 Whiskey: November, sending you 1
2024-10-14 21:31:33.796160 Yankee: November, sending you 5
2024-10-14 21:31:33.797932 Quebec: Whiskey, sending you 4
2024-10-14 21:31:33.798925 Whiskey: Yankee, Juliett, Foxtrot, Quebec and Sierra, sending you 3
2024-10-14 21:31:33.801653 Yankee: Foxtrot, sending you 3
2024-10-14 21:31:33.802693 Sierra: Whiskey, November and Foxtrot, sending you 3
2024-10-14 21:31:33.803605 Quebec: November, Yankee and Sierra, sending you 1
2024-10-14 21:31:33.806655 Yankee: Quebec, sending you 1
2024-10-14 21:31:33.807762 Sierra: Yankee and Quebec, sending you 2
2024-10-14 21:31:33.808981 Quebec: Juliett, sending you 3
2024-10-14 21:31:33.810665 Yankee: Sierra, sending you 2
2024-10-14 21:31:33.812302 Sierra: Juliett, sending you 4
2024-10-14 21:31:33.814665 Quebec: Foxtrot, sending you 5
chatterbot Whiskey submitting transactions
chatterbot November submitting transactions
chatterbot Quebec submitting transactions
chatterbot Victor submitting transactions
chatterbot Yankee submitting transactions
chatterbot X-ray submitting transactions
chatterbot Juliett submitting transactions
chatterbot Uniform submitting transactions
chatterbot Foxtrot submitting transactions
chatterbot Sierra submitting transactions
ChatterBot X-ray round 12
ChatterBot Uniform round 12
ChatterBot Whiskey round 12
ChatterBot November round 12
ChatterBot Victor round 12
ChatterBot Yankee round 12
ChatterBot Juliett round 12
ChatterBot Foxtrot round 12
ChatterBot Quebec round 12
ChatterBot Sierra round 12
2024-10-14 21:31:35.041963 Quebec: We should add Uniform
2024-10-14 21:31:35.056969 Juliett: No
2024-10-14 21:31:35.057160 Whiskey: No
2024-10-14 21:31:35.057294 November: No
2024-10-14 21:31:35.057417 Yankee: No
2024-10-14 21:31:35.057542 Foxtrot: No
2024-10-14 21:31:35.057686 Sierra: No
ChatterBot Quebec reevaluating
ChatterBot Quebec reevaluating
ChatterBot Quebec reevaluating
ChatterBot Quebec reevaluating
ChatterBot Quebec reevaluating
ChatterBot Quebec reevaluating
2024-10-14 21:31:35.151739 Victor: We should drop Uniform
ChatterBot X-ray reevaluating
2024-10-14 21:31:35.154473 X-ray: Yes
2024-10-14 21:31:35.158959 November: Whiskey and Quebec, sending you 1
2024-10-14 21:31:35.161085 Yankee: Whiskey and Juliett, sending you 4
2024-10-14 21:31:35.165666 November: Yankee, sending you 5
2024-10-14 21:31:35.167031 Yankee: November, sending you 5
2024-10-14 21:31:35.169783 Foxtrot: Whiskey, November, Yankee, Juliett and Sierra, sending you 3
2024-10-14 21:31:35.170979 November: Juliett, sending you 4
2024-10-14 21:31:35.172832 Juliett: Whiskey, November, Yankee, Foxtrot and Sierra, sending you 3
