ChatterBot Tango round 1
ChatterBot Bravo round 1
ChatterBot Kilo round 1
ChatterBot Alpha round 1
ChatterBot Whiskey round 1
ChatterBot Foxtrot round 1
ChatterBot November round 1
ChatterBot Yankee round 1
ChatterBot Echo round 1
ChatterBot Oscar round 1
randomSelections Alpha: {Alpha, Bravo, Whiskey, November, Foxtrot, Kilo, Tango} 
2024-10-14 18:53:04.165608 Alpha: Let's form a team
ChatterBot Bravo reevaluating
ChatterBot Whiskey reevaluating
ChatterBot November reevaluating
ChatterBot Foxtrot reevaluating
ChatterBot Kilo reevaluating
ChatterBot Tango reevaluating
2024-10-14 18:53:04.194894 Bravo: Yes
2024-10-14 18:53:04.195264 Whiskey: Yes
2024-10-14 18:53:04.197137 November: Yes
2024-10-14 18:53:04.197322 Foxtrot: Yes
2024-10-14 18:53:04.197492 Kilo: Yes
2024-10-14 18:53:04.197691 Tango: Yes
ChatterBot Whiskey reevaluating
ChatterBot November reevaluating
ChatterBot Foxtrot reevaluating
ChatterBot Kilo reevaluating
ChatterBot Tango reevaluating
ChatterBot Bravo reevaluating
ChatterBot November reevaluating
ChatterBot Foxtrot reevaluating
ChatterBot Kilo reevaluating
ChatterBot Tango reevaluating
ChatterBot Bravo reevaluating
ChatterBot Whiskey reevaluating
ChatterBot Foxtrot reevaluating
ChatterBot Kilo reevaluating
ChatterBot Tango reevaluating
ChatterBot Bravo reevaluating
ChatterBot Whiskey reevaluating
ChatterBot November reevaluating
ChatterBot Kilo reevaluating
ChatterBot Tango reevaluating
ChatterBot Bravo reevaluating
ChatterBot Whiskey reevaluating
ChatterBot November reevaluating
ChatterBot Foxtrot reevaluating
ChatterBot Tango reevaluating
ChatterBot Bravo reevaluating
ChatterBot Whiskey reevaluating
ChatterBot November reevaluating
ChatterBot Foxtrot reevaluating
ChatterBot Kilo reevaluating
randomSelections Yankee: {Yankee, Kilo, Echo, Alpha, Whiskey, Oscar} 
2024-10-14 18:53:04.311739 Yankee: Let's form a team
ChatterBot Kilo reevaluating
ChatterBot Echo reevaluating
ChatterBot Whiskey reevaluating
ChatterBot Oscar reevaluating
2024-10-14 18:53:04.326008 Kilo: No
2024-10-14 18:53:04.326268 Echo: Yes
2024-10-14 18:53:04.326455 Alpha: No
2024-10-14 18:53:04.326709 Whiskey: No
2024-10-14 18:53:04.326924 Oscar: Yes
ChatterBot Echo reevaluating
ChatterBot Whiskey reevaluating
ChatterBot Oscar reevaluating
ChatterBot Kilo reevaluating
ChatterBot Whiskey reevaluating
ChatterBot Oscar reevaluating
ChatterBot Kilo reevaluating
ChatterBot Echo reevaluating
ChatterBot Whiskey reevaluating
ChatterBot Oscar reevaluating
ChatterBot Kilo reevaluating
ChatterBot Echo reevaluating
ChatterBot Oscar reevaluating
ChatterBot Kilo reevaluating
ChatterBot Echo reevaluating
ChatterBot Whiskey reevaluating
2024-10-14 18:53:04.458738 Bravo: Kilo and November, sending you 1
2024-10-14 18:53:04.461142 Tango: Bravo, Kilo and Whiskey, sending you 1
2024-10-14 18:53:04.461716 Yankee: Kilo, sending you 1
2024-10-14 18:53:04.462335 Oscar: Kilo and Yankee, sending you 5
2024-10-14 18:53:04.463708 Bravo: Alpha and Whiskey, sending you 5
2024-10-14 18:53:04.465265 Tango: Alpha, sending you 5
2024-10-14 18:53:04.466298 Alpha: Tango and Whiskey, sending you 4
2024-10-14 18:53:04.468001 Foxtrot: Tango, Bravo, Kilo, Alpha, Whiskey and November, sending you 1
2024-10-14 18:53:04.470115 Echo: Kilo and Oscar, sending you 4
2024-10-14 18:53:04.471586 Yankee: Alpha, sending you 2
2024-10-14 18:53:04.472532 Oscar: Alpha, Whiskey and Echo, sending you 2
2024-10-14 18:53:04.474374 Kilo: Tango, sending you 4
2024-10-14 18:53:04.475987 Bravo: Foxtrot, sending you 3
2024-10-14 18:53:04.477459 Tango: Foxtrot, sending you 6
2024-10-14 18:53:04.478005 Alpha: Bravo and Foxtrot, sending you 2
2024-10-14 18:53:04.479922 Echo: Alpha, sending you 6
2024-10-14 18:53:04.480438 Yankee: Whiskey and Echo, sending you 3
2024-10-14 18:53:04.480983 Kilo: Alpha and Whiskey, sending you 2
2024-10-14 18:53:04.482641 Whiskey: Bravo and Alpha, sending you 3
2024-10-14 18:53:04.483355 Tango: November, sending you 2
2024-10-14 18:53:04.484711 Echo: Whiskey and Yankee, sending you 1
2024-10-14 18:53:04.485298 Alpha: Kilo, sending you 3
2024-10-14 18:53:04.486460 November: Tango, Bravo and Kilo, sending you 2
2024-10-14 18:53:04.487970 Kilo: Foxtrot, sending you 1
2024-10-14 18:53:04.488697 Whiskey: Kilo, sending you 1
2024-10-14 18:53:04.511259 November: Alpha and Foxtrot, sending you 3
2024-10-14 18:53:04.512794 Kilo: November, sending you 5
2024-10-14 18:53:04.514188 Whiskey: Foxtrot, sending you 5
2024-10-14 18:53:04.516037 November: Whiskey, sending you 4
2024-10-14 18:53:04.520277 Whiskey: November, sending you 2
chatterbot Echo submitting transactions
chatterbot Kilo submitting transactions
chatterbot Whiskey submitting transactions
chatterbot Bravo submitting transactions
chatterbot Alpha submitting transactions
chatterbot Yankee submitting transactions
chatterbot Tango submitting transactions
chatterbot November submitting transactions
chatterbot Foxtrot submitting transactions
chatterbot Oscar submitting transactions
ChatterBot Tango round 2
ChatterBot Bravo round 2
ChatterBot Kilo round 2
ChatterBot Alpha round 2
ChatterBot Whiskey round 2
ChatterBot Foxtrot round 2
ChatterBot November round 2
ChatterBot Yankee round 2
2024-10-14 18:53:05.577902 Kilo: Let's form a team
ChatterBot Alpha reevaluating
ChatterBot Whiskey reevaluating
ChatterBot Foxtrot reevaluating
ChatterBot November reevaluating
ChatterBot Yankee reevaluating
ChatterBot Echo reevaluating
ChatterBot Oscar reevaluating
2024-10-14 18:53:05.619772 Tango: No
2024-10-14 18:53:05.619974 Bravo: No
2024-10-14 18:53:05.620091 Alpha: No
2024-10-14 18:53:05.620199 Whiskey: No
2024-10-14 18:53:05.620298 Foxtrot: No
2024-10-14 18:53:05.620409 November: No
2024-10-14 18:53:05.620516 Yankee: No
2024-10-14 18:53:05.620623 Echo: No
2024-10-14 18:53:05.620752 Oscar: No
ChatterBot Alpha reevaluating
ChatterBot Whiskey reevaluating
ChatterBot Foxtrot reevaluating
ChatterBot November reevaluating
ChatterBot Yankee reevaluating
ChatterBot Echo reevaluating
ChatterBot Oscar reevaluating
ChatterBot Kilo reevaluating
ChatterBot Alpha reevaluating
ChatterBot Whiskey reevaluating
ChatterBot Foxtrot reevaluating
ChatterBot November reevaluating
ChatterBot Yankee reevaluating
ChatterBot Echo reevaluating
ChatterBot Oscar reevaluating
ChatterBot Kilo reevaluating
ChatterBot Whiskey reevaluating
ChatterBot Foxtrot reevaluating
ChatterBot November reevaluating
ChatterBot Yankee reevaluating
ChatterBot Echo reevaluating
ChatterBot Oscar reevaluating
ChatterBot Kilo reevaluating
ChatterBot Alpha reevaluating
ChatterBot Foxtrot reevaluating
ChatterBot November reevaluating
ChatterBot Yankee reevaluating
ChatterBot Echo reevaluating
ChatterBot Oscar reevaluating
ChatterBot Kilo reevaluating
ChatterBot Alpha reevaluating
ChatterBot Whiskey reevaluating
ChatterBot November reevaluating
ChatterBot Yankee reevaluating
ChatterBot Echo reevaluating
ChatterBot Oscar reevaluating
ChatterBot Kilo reevaluating
ChatterBot Alpha reevaluating
ChatterBot Whiskey reevaluating
ChatterBot Foxtrot reevaluating
ChatterBot Yankee reevaluating
ChatterBot Echo reevaluating
ChatterBot Oscar reevaluating
ChatterBot Kilo reevaluating
ChatterBot Alpha reevaluating
ChatterBot Whiskey reevaluating
ChatterBot Foxtrot reevaluating
ChatterBot November reevaluating
ChatterBot Echo reevaluating
ChatterBot Oscar reevaluating
ChatterBot Kilo reevaluating
ChatterBot Alpha reevaluating
ChatterBot Whiskey reevaluating
ChatterBot Foxtrot reevaluating
ChatterBot November reevaluating
ChatterBot Yankee reevaluating
ChatterBot Oscar reevaluating
ChatterBot Kilo reevaluating
ChatterBot Alpha reevaluating
ChatterBot Whiskey reevaluating
ChatterBot Foxtrot reevaluating
ChatterBot November reevaluating
ChatterBot Yankee reevaluating
ChatterBot Echo reevaluating
ChatterBot Echo round 2
ChatterBot Oscar round 2
2024-10-14 18:53:06.200495 Yankee: We should drop Alpha and Whiskey
ChatterBot Kilo reevaluating
2024-10-14 18:53:06.215160 Echo: Yes
2024-10-14 18:53:06.215593 Oscar: Yes
2024-10-14 18:53:06.215871 Kilo: No
ChatterBot Kilo reevaluating
ChatterBot Kilo reevaluating
2024-10-14 18:53:06.276742 Tango: Bravo, sending you 1
2024-10-14 18:53:06.695067 Bravo: Tango and Foxtrot, sending you 2
2024-10-14 18:53:06.696004 Tango: Kilo and Alpha, sending you 5
2024-10-14 18:53:06.696369 Alpha: Tango, sending you 4
2024-10-14 18:53:06.696718 Whiskey: Tango and Foxtrot, sending you 1
2024-10-14 18:53:06.697471 Foxtrot: Same as last round
chatterbot Tango submitting transactions
2024-10-14 18:53:06.698760 Bravo: Kilo, sending you 1
2024-10-14 18:53:07.340301 Tango: Foxtrot, sending you 2
2024-10-14 18:53:07.340761 Alpha: Bravo, sending you 3
2024-10-14 18:53:07.341060 Whiskey: Bravo, sending you 4
2024-10-14 18:53:07.341868 November: Tango and Whiskey, sending you 3
2024-10-14 18:53:07.342171 Yankee: Kilo, sending you 2
2024-10-14 18:53:07.342421 Bravo: Alpha and November, sending you 3
chatterbot November submitting transactions
chatterbot Bravo submitting transactions
chatterbot Foxtrot submitting transactions
chatterbot Alpha submitting transactions
chatterbot Yankee submitting transactions
chatterbot Echo submitting transactions
chatterbot Oscar submitting transactions
2024-10-14 18:53:07.567279 Tango: November, sending you 3
2024-10-14 18:53:07.567821 Whiskey: Kilo, sending you 2
2024-10-14 18:53:07.568728 Alpha: Kilo, Whiskey, Foxtrot and November, sending you 2
2024-10-14 18:53:07.569108 November: Bravo, Alpha and Foxtrot, sending you 2
2024-10-14 18:53:07.569459 Yankee: Echo, sending you 3
2024-10-14 18:53:07.570126 Bravo: Whiskey, sending you 4
2024-10-14 18:53:07.570534 Kilo: Yankee, sending you 3
2024-10-14 18:53:07.570801 Oscar: Kilo and Yankee, sending you 3
2024-10-14 18:53:07.571074 Echo: Kilo, sending you 3
chatterbot Whiskey submitting transactions
2024-10-14 18:53:07.572035 Whiskey: Alpha and November, sending you 3
2024-10-14 18:53:07.602504 November: Kilo, sending you 4
2024-10-14 18:53:07.603185 Yankee: Oscar, sending you 4
2024-10-14 18:53:07.604 Oscar: Echo, sending you 9
2024-10-14 18:53:07.604453 Kilo: Echo and Oscar, sending you 7
2024-10-14 18:53:07.604897 Echo: Yankee, sending you 7
2024-10-14 18:53:07.630039 Echo: Oscar, sending you 6
chatterbot Kilo submitting transactions
ChatterBot Tango round 3
ChatterBot Bravo round 3
ChatterBot Kilo round 3
ChatterBot Alpha round 3
ChatterBot Whiskey round 3
ChatterBot Foxtrot round 3
ChatterBot November round 3
ChatterBot Yankee round 3
ChatterBot Echo round 3
ChatterBot Oscar round 3
2024-10-14 18:53:07.832098 Bravo: We should drop Kilo
ChatterBot Alpha reevaluating
2024-10-14 18:53:07.848372 Tango: No
2024-10-14 18:53:07.848692 Alpha: Yes
2024-10-14 18:53:07.848937 Whiskey: Yes
2024-10-14 18:53:07.849499 Foxtrot: Yes
2024-10-14 18:53:07.849686 November: Yes
ChatterBot Alpha reevaluating
ChatterBot Tango reevaluating
ChatterBot Tango reevaluating
ChatterBot Alpha reevaluating
ChatterBot Tango reevaluating
ChatterBot Alpha reevaluating
ChatterBot Tango reevaluating
ChatterBot Alpha reevaluating
2024-10-14 18:53:07.974991 Echo: Kilo and Yankee, sending you 5
2024-10-14 18:53:07.975464 Kilo: Tango, Alpha and November, sending you 4
2024-10-14 18:53:07.976837 Bravo: Tango and Foxtrot, sending you 2
2024-10-14 18:53:07.977833 Oscar: Kilo and Echo, sending you 6
2024-10-14 18:53:07.978203 Yankee: Sending you each 3
2024-10-14 18:53:07.978642 Echo: Oscar, sending you 6
2024-10-14 18:53:07.988307 Kilo: Bravo and Foxtrot, sending you 2
2024-10-14 18:53:07.989293 Bravo: Alpha and Whiskey, sending you 4
2024-10-14 18:53:07.989628 Oscar: Yankee, sending you 4
2024-10-14 18:53:07.989970 Foxtrot: Same as last round
2024-10-14 18:53:07.990768 Whiskey: Bravo, sending you 5
2024-10-14 18:53:07.991054 November: Tango, Bravo, Alpha and Foxtrot, sending you 3
2024-10-14 18:53:08.016844 Kilo: Whiskey, sending you 3
2024-10-14 18:53:08.017472 Bravo: November, sending you 3
2024-10-14 18:53:08.018311 November: Whiskey, sending you 4
2024-10-14 18:53:08.018660 Alpha: Tango, sending you 4
2024-10-14 18:53:08.018987 Whiskey: Alpha and November, sending you 4
2024-10-14 18:53:08.020747 Tango: Bravo, Whiskey and Foxtrot, sending you 2
2024-10-14 18:53:08.041125 Whiskey: Foxtrot, sending you 1
2024-10-14 18:53:08.041708 Alpha: Bravo, Whiskey and November, sending you 3
2024-10-14 18:53:08.042682 Tango: Alpha, sending you 6
2024-10-14 18:53:08.046982 Alpha: Foxtrot, sending you 2
2024-10-14 18:53:08.047701 Tango: November, sending you 4
chatterbot Bravo submitting transactions
chatterbot Foxtrot submitting transactions
chatterbot Whiskey submitting transactions
chatterbot Yankee submitting transactions
chatterbot Tango submitting transactions
chatterbot Alpha submitting transactions
chatterbot Oscar submitting transactions
chatterbot November submitting transactions
chatterbot Echo submitting transactions
chatterbot Kilo submitting transactions
ChatterBot Tango round 4
ChatterBot Bravo round 4
ChatterBot Kilo round 4
ChatterBot Alpha round 4
ChatterBot Whiskey round 4
ChatterBot Foxtrot round 4
ChatterBot November round 4
ChatterBot Yankee round 4
ChatterBot Echo round 4
ChatterBot Oscar round 4
2024-10-14 18:53:08.859495 Tango: We should add Kilo
ChatterBot Alpha reevaluating
ChatterBot November reevaluating
2024-10-14 18:53:08.883553 Bravo: No
2024-10-14 18:53:08.884195 Alpha: Yes
2024-10-14 18:53:08.884413 Whiskey: No
2024-10-14 18:53:08.884609 Foxtrot: No
2024-10-14 18:53:08.884843 November: Yes
ChatterBot Alpha reevaluating
ChatterBot November reevaluating
ChatterBot November reevaluating
ChatterBot Alpha reevaluating
ChatterBot November reevaluating
ChatterBot Alpha reevaluating
ChatterBot November reevaluating
ChatterBot Alpha reevaluating
ChatterBot Foxtrot reevaluating
2024-10-14 18:53:09.111560 Yankee: We should add Foxtrot
2024-10-14 18:53:09.124908 Echo: No
2024-10-14 18:53:09.125400 Oscar: No
2024-10-14 18:53:09.125767 Kilo: No
ChatterBot Yankee reevaluating
ChatterBot Yankee reevaluating
ChatterBot Yankee reevaluating
2024-10-14 18:53:09.175545 Tango: Kilo we want you to join our group
2024-10-14 18:53:09.179993 Kilo: No
ChatterBot Alpha reevaluating
ChatterBot November reevaluating
ChatterBot Foxtrot reevaluating
2024-10-14 18:53:09.204685 November: Kilo we want you to join our group
2024-10-14 18:53:09.209309 Kilo: No
ChatterBot Alpha reevaluating
ChatterBot Foxtrot reevaluating
2024-10-14 18:53:09.229592 Bravo: Tango and Foxtrot, sending you 2
2024-10-14 18:53:09.232704 Whiskey: Tango and Foxtrot, sending you 1
2024-10-14 18:53:09.233682 Tango: Bravo and Foxtrot, sending you 2
2024-10-14 18:53:09.234269 Echo: Kilo, sending you 4
2024-10-14 18:53:09.234591 Kilo: Yankee, sending you 4
2024-10-14 18:53:09.234903 Bravo: Alpha and November, sending you 3
2024-10-14 18:53:09.235761 Oscar: Kilo and Yankee, sending you 5
2024-10-14 18:53:09.236674 Whiskey: Bravo, Alpha and November, sending you 4
2024-10-14 18:53:09.237036 Tango: Kilo and November, sending you 3
2024-10-14 18:53:09.237420 Echo: Yankee, sending you 5
2024-10-14 18:53:09.238345 Alpha: Kilo we want you to join our group
2024-10-14 18:53:09.241435 Kilo: No
ChatterBot Alpha reevaluating
2024-10-14 18:53:09.259118 Kilo: Echo and Oscar, sending you 7
2024-10-14 18:53:09.259463 Bravo: Whiskey, sending you 5
2024-10-14 18:53:09.260398 Oscar: Echo, sending you 6
2024-10-14 18:53:09.260729 Tango: Alpha, sending you 5
2024-10-14 18:53:09.261163 Echo: Oscar, sending you 7
2024-10-14 18:53:09.263658 Yankee: Kilo, sending you 2
2024-10-14 18:53:09.263983 November: Tango, Bravo, Kilo, Alpha and Whiskey, sending you 3
2024-10-14 18:53:09.265225 Foxtrot: Same as last round
2024-10-14 18:53:09.265671 Tango: Whiskey, sending you 1
2024-10-14 18:53:09.268999 Yankee: Echo, sending you 4
2024-10-14 18:53:09.269375 November: Foxtrot, sending you 1
2024-10-14 18:53:09.272949 Yankee: Oscar, sending you 3
2024-10-14 18:53:09.290843 Alpha: Tango, sending you 4
2024-10-14 18:53:09.295124 Alpha: Bravo, Whiskey and November, sending you 3
2024-10-14 18:53:09.298668 Alpha: Foxtrot, sending you 2
chatterbot Oscar submitting transactions
chatterbot Whiskey submitting transactions
chatterbot Yankee submitting transactions
chatterbot November submitting transactions
chatterbot Foxtrot submitting transactions
chatterbot Echo submitting transactions
chatterbot Bravo submitting transactions
chatterbot Tango submitting transactions
chatterbot Alpha submitting transactions
chatterbot Kilo submitting transactions
ChatterBot Tango round 5
ChatterBot Bravo round 5
ChatterBot Kilo round 5
ChatterBot Alpha round 5
ChatterBot Whiskey round 5
ChatterBot Foxtrot round 5
ChatterBot November round 5
ChatterBot Yankee round 5
ChatterBot Echo round 5
ChatterBot Oscar round 5
2024-10-14 18:53:10.292923 Tango: We should drop Kilo
ChatterBot November reevaluating
2024-10-14 18:53:10.304046 Bravo: Yes
2024-10-14 18:53:10.304268 Alpha: Yes
2024-10-14 18:53:10.304456 Whiskey: Yes
2024-10-14 18:53:10.304620 Foxtrot: Yes
2024-10-14 18:53:10.304792 November: Yes
ChatterBot November reevaluating
ChatterBot November reevaluating
ChatterBot November reevaluating
ChatterBot November reevaluating
2024-10-14 18:53:10.380681 Kilo: Yankee, sending you 4
2024-10-14 18:53:10.385944 Kilo: Echo and Oscar, sending you 7
2024-10-14 18:53:10.386680 Echo: Kilo and Yankee, sending you 5
2024-10-14 18:53:10.387174 Foxtrot: Same as last round
2024-10-14 18:53:10.389796 Whiskey: Tango and Foxtrot, sending you 1
2024-10-14 18:53:10.390452 Echo: Oscar, sending you 6
2024-10-14 18:53:10.391686 Yankee: Sending you each 3
2024-10-14 18:53:10.392025 Tango: Bravo, sending you 3
2024-10-14 18:53:10.394125 Whiskey: Bravo, Alpha and November, sending you 4
2024-10-14 18:53:10.394949 Oscar: Kilo and Yankee, sending you 5
2024-10-14 18:53:10.395598 Tango: Alpha, sending you 6
2024-10-14 18:53:10.396675 Bravo: Tango and Foxtrot, sending you 2
2024-10-14 18:53:10.398690 Alpha: Tango, sending you 4
2024-10-14 18:53:10.399795 Oscar: Echo, sending you 6
2024-10-14 18:53:10.400156 November: Tango, Bravo, Alpha and Foxtrot, sending you 3
2024-10-14 18:53:10.400656 Tango: Whiskey, sending you 1
2024-10-14 18:53:10.401205 Bravo: Alpha and November, sending you 3
2024-10-14 18:53:10.403661 November: Whiskey, sending you 4
2024-10-14 18:53:10.405101 Alpha: Bravo, Whiskey and November, sending you 3
2024-10-14 18:53:10.405696 Tango: Foxtrot, sending you 2
2024-10-14 18:53:10.406288 Bravo: Whiskey, sending you 5
2024-10-14 18:53:10.408684 Alpha: Foxtrot, sending you 2
2024-10-14 18:53:10.409664 Tango: November, sending you 4
chatterbot Yankee submitting transactions
chatterbot Tango submitting transactions
chatterbot Kilo submitting transactions
chatterbot Echo submitting transactions
chatterbot Whiskey submitting transactions
chatterbot Foxtrot submitting transactions
chatterbot November submitting transactions
chatterbot Bravo submitting transactions
chatterbot Alpha submitting transactions
chatterbot Oscar submitting transactions
ChatterBot Tango round 6
ChatterBot Bravo round 6
ChatterBot Kilo round 6
ChatterBot Alpha round 6
ChatterBot Whiskey round 6
ChatterBot Foxtrot round 6
ChatterBot November round 6
ChatterBot Yankee round 6
ChatterBot Echo round 6
ChatterBot Oscar round 6
2024-10-14 18:53:11.542673 Kilo: Yankee, sending you 4
2024-10-14 18:53:11.546666 Kilo: Echo, sending you 7
2024-10-14 18:53:11.547659 Bravo: Tango, Alpha and November, sending you 3
2024-10-14 18:53:11.548682 Alpha: Tango, sending you 4
2024-10-14 18:53:11.550685 Bravo: Whiskey, sending you 4
2024-10-14 18:53:11.551668 Kilo: Oscar, sending you 8
2024-10-14 18:53:11.553690 Alpha: Bravo, Whiskey and November, sending you 3
2024-10-14 18:53:11.554273 November: Tango, Bravo, Alpha and Foxtrot, sending you 3
2024-10-14 18:53:11.555301 Bravo: Foxtrot, sending you 2
2024-10-14 18:53:11.555876 Foxtrot: Same as last round
2024-10-14 18:53:11.556654 Oscar: Kilo and Echo, sending you 6
2024-10-14 18:53:11.557043 Alpha: Foxtrot, sending you 2
2024-10-14 18:53:11.558115 November: Whiskey, sending you 4
2024-10-14 18:53:11.561210 Tango: Bravo, sending you 3
2024-10-14 18:53:11.561970 Oscar: Yankee, sending you 4
2024-10-14 18:53:11.564680 Whiskey: Tango and Foxtrot, sending you 1
2024-10-14 18:53:11.565723 Tango: Alpha, sending you 6
2024-10-14 18:53:11.567845 Yankee: Same as last round
2024-10-14 18:53:11.568484 Whiskey: Bravo, Alpha and November, sending you 4
2024-10-14 18:53:11.569676 Echo: Kilo and Oscar, sending you 6
2024-10-14 18:53:11.571078 Tango: Whiskey, sending you 1
2024-10-14 18:53:11.574044 Echo: Yankee, sending you 4
2024-10-14 18:53:11.576736 Tango: Foxtrot, sending you 2
2024-10-14 18:53:11.580668 Tango: November, sending you 4
chatterbot Yankee submitting transactions
chatterbot Alpha submitting transactions
chatterbot November submitting transactions
chatterbot Kilo submitting transactions
chatterbot Echo submitting transactions
chatterbot Bravo submitting transactions
chatterbot Tango submitting transactions
chatterbot Whiskey submitting transactions
chatterbot Foxtrot submitting transactions
chatterbot Oscar submitting transactions
ChatterBot Tango round 7
ChatterBot Bravo round 7
ChatterBot Kilo round 7
ChatterBot Alpha round 7
ChatterBot Whiskey round 7
ChatterBot Foxtrot round 7
ChatterBot November round 7
ChatterBot Yankee round 7
ChatterBot Echo round 7
ChatterBot Oscar round 7
2024-10-14 18:53:12.767674 Kilo: Yankee, sending you 5
2024-10-14 18:53:12.768217 Bravo: Tango, Alpha and November, sending you 3
2024-10-14 18:53:12.770684 Tango: Bravo, sending you 3
2024-10-14 18:53:12.771692 Kilo: Echo and Oscar, sending you 7
2024-10-14 18:53:12.772371 Bravo: Whiskey, sending you 4
2024-10-14 18:53:12.775664 Tango: Alpha, sending you 5
2024-10-14 18:53:12.777090 Bravo: Foxtrot, sending you 2
2024-10-14 18:53:12.777932 Whiskey: Tango and Foxtrot, sending you 1
2024-10-14 18:53:12.778502 November: Tango, Bravo, Alpha and Foxtrot, sending you 3
2024-10-14 18:53:12.780674 Foxtrot: Same as last round
2024-10-14 18:53:12.781149 Tango: Whiskey and Foxtrot, sending you 2
2024-10-14 18:53:12.781664 Yankee: Same as last round
2024-10-14 18:53:12.782697 Whiskey: Bravo, Alpha and November, sending you 4
2024-10-14 18:53:12.783277 November: Whiskey, sending you 4
2024-10-14 18:53:12.784177 Alpha: Tango, sending you 4
2024-10-14 18:53:12.784660 Tango: November, sending you 4
2024-10-14 18:53:12.788707 Alpha: Bravo, Whiskey and November, sending you 3
2024-10-14 18:53:12.789663 Oscar: Kilo and Echo, sending you 6
2024-10-14 18:53:12.793235 Alpha: Foxtrot, sending you 2
2024-10-14 18:53:12.793719 Oscar: Yankee, sending you 4
2024-10-14 18:53:12.794053 Echo: Kilo and Oscar, sending you 6
2024-10-14 18:53:12.798682 Echo: Yankee, sending you 4
chatterbot Tango submitting transactions
chatterbot Alpha submitting transactions
chatterbot Kilo submitting transactions
chatterbot Yankee submitting transactions
chatterbot Foxtrot submitting transactions
chatterbot Oscar submitting transactions
chatterbot November submitting transactions
chatterbot Echo submitting transactions
chatterbot Bravo submitting transactions
chatterbot Whiskey submitting transactions
ChatterBot Tango round 8
ChatterBot Bravo round 8
ChatterBot Kilo round 8
ChatterBot Alpha round 8
ChatterBot Whiskey round 8
ChatterBot Foxtrot round 8
ChatterBot November round 8
ChatterBot Yankee round 8
ChatterBot Echo round 8
ChatterBot Oscar round 8
2024-10-14 18:53:13.832631 Echo: We should add Foxtrot
ChatterBot Yankee reevaluating
2024-10-14 18:53:13.841753 Yankee: Yes
2024-10-14 18:53:13.842015 Oscar: No
2024-10-14 18:53:13.842269 Kilo: No
ChatterBot Echo reevaluating
ChatterBot Yankee reevaluating
ChatterBot Echo reevaluating
ChatterBot Yankee reevaluating
ChatterBot Echo reevaluating
2024-10-14 18:53:13.864676 Kilo: Yankee, sending you 4
2024-10-14 18:53:13.869663 Kilo: Echo, sending you 7
2024-10-14 18:53:13.873651 November: Tango, Bravo, Alpha and Foxtrot, sending you 3
2024-10-14 18:53:13.874651 Bravo: Tango, Alpha and November, sending you 3
2024-10-14 18:53:13.875192 Kilo: Oscar, sending you 8
2024-10-14 18:53:13.875503 Whiskey: Tango and Foxtrot, sending you 1
2024-10-14 18:53:13.878673 Bravo: Whiskey, sending you 4
2024-10-14 18:53:13.879779 November: Whiskey, sending you 4
2024-10-14 18:53:13.880688 Whiskey: Bravo, sending you 5
2024-10-14 18:53:13.882672 Oscar: Kilo and Echo, sending you 6
2024-10-14 18:53:13.883083 Bravo: Foxtrot, sending you 2
2024-10-14 18:53:13.884667 Whiskey: Alpha, sending you 3
2024-10-14 18:53:13.885648 Tango: Bravo, sending you 3
2024-10-14 18:53:13.886145 Alpha: Tango, sending you 4
2024-10-14 18:53:13.886680 Echo: Kilo and Oscar, sending you 6
2024-10-14 18:53:13.887077 Foxtrot: Same as last round
2024-10-14 18:53:13.887664 Oscar: Yankee, sending you 4
2024-10-14 18:53:13.888013 Whiskey: November, sending you 4
2024-10-14 18:53:13.888672 Yankee: Same as last round
2024-10-14 18:53:13.889953 Tango: Alpha, sending you 5
2024-10-14 18:53:13.890652 Alpha: Bravo, Whiskey and November, sending you 3
2024-10-14 18:53:13.891668 Echo: Yankee, sending you 4
2024-10-14 18:53:13.892662 Tango: Whiskey and Foxtrot, sending you 2
2024-10-14 18:53:13.893666 Alpha: Foxtrot, sending you 2
2024-10-14 18:53:13.897222 Tango: November, sending you 4
chatterbot Kilo submitting transactions
chatterbot Alpha submitting transactions
chatterbot Foxtrot submitting transactions
chatterbot Echo submitting transactions
chatterbot November submitting transactions
chatterbot Bravo submitting transactions
chatterbot Yankee submitting transactions
chatterbot Tango submitting transactions
chatterbot Whiskey submitting transactions
chatterbot Oscar submitting transactions
ChatterBot Tango round 9
ChatterBot Bravo round 9
ChatterBot Kilo round 9
ChatterBot Alpha round 9
ChatterBot Whiskey round 9
ChatterBot Foxtrot round 9
ChatterBot November round 9
ChatterBot Yankee round 9
ChatterBot Echo round 9
ChatterBot Oscar round 9
2024-10-14 18:53:15.055573 Yankee: We should add Tango
2024-10-14 18:53:15.061456 Echo: No
2024-10-14 18:53:15.061637 Oscar: No
2024-10-14 18:53:15.061814 Kilo: No
ChatterBot Yankee reevaluating
ChatterBot Yankee reevaluating
ChatterBot Yankee reevaluating
2024-10-14 18:53:15.084262 Yankee: We should add November
2024-10-14 18:53:15.089774 Echo: No
2024-10-14 18:53:15.089911 Oscar: No
2024-10-14 18:53:15.090020 Kilo: No
ChatterBot Yankee reevaluating
ChatterBot Yankee reevaluating
ChatterBot Yankee reevaluating
2024-10-14 18:53:15.106909 Bravo: Tango, Alpha and November, sending you 3
2024-10-14 18:53:15.109660 Whiskey: Tango and Foxtrot, sending you 1
2024-10-14 18:53:15.111124 Foxtrot: Same as last round
2024-10-14 18:53:15.111780 Bravo: Whiskey, sending you 4
2024-10-14 18:53:15.112333 Tango: Bravo, sending you 3
2024-10-14 18:53:15.113020 Kilo: Yankee, sending you 4
2024-10-14 18:53:15.113474 Alpha: Tango, sending you 4
2024-10-14 18:53:15.114598 November: Tango, Bravo, Alpha and Foxtrot, sending you 3
2024-10-14 18:53:15.115257 Oscar: Kilo and Echo, sending you 6
2024-10-14 18:53:15.115708 Whiskey: Bravo, sending you 5
2024-10-14 18:53:15.116672 Bravo: Foxtrot, sending you 2
2024-10-14 18:53:15.117724 Tango: Alpha, sending you 5
2024-10-14 18:53:15.119475 Kilo: Echo, sending you 7
2024-10-14 18:53:15.120175 Alpha: Bravo, Whiskey and November, sending you 3
2024-10-14 18:53:15.121271 November: Whiskey, sending you 4
2024-10-14 18:53:15.122344 Oscar: Yankee, sending you 4
2024-10-14 18:53:15.123012 Whiskey: Alpha, sending you 3
2024-10-14 18:53:15.124639 Tango: Whiskey and Foxtrot, sending you 2
2024-10-14 18:53:15.125709 Kilo: Oscar, sending you 8
2024-10-14 18:53:15.126359 Alpha: Foxtrot, sending you 2
2024-10-14 18:53:15.127536 Echo: Kilo and Oscar, sending you 6
2024-10-14 18:53:15.128777 Whiskey: November, sending you 4
2024-10-14 18:53:15.129851 Tango: November, sending you 4
2024-10-14 18:53:15.132766 Echo: Yankee, sending you 4
2024-10-14 18:53:15.133717 Yankee: Same as last round
chatterbot Bravo submitting transactions
chatterbot November submitting transactions
chatterbot Oscar submitting transactions
chatterbot Yankee submitting transactions
chatterbot Kilo submitting transactions
chatterbot Tango submitting transactions
chatterbot Whiskey submitting transactions
chatterbot Echo submitting transactions
chatterbot Alpha submitting transactions
chatterbot Foxtrot submitting transactions
ChatterBot Tango round 10
ChatterBot Bravo round 10
ChatterBot Kilo round 10
ChatterBot Alpha round 10
ChatterBot Whiskey round 10
ChatterBot Foxtrot round 10
ChatterBot November round 10
ChatterBot Yankee round 10
ChatterBot Echo round 10
ChatterBot Oscar round 10
2024-10-14 18:53:16.358547 Tango: Bravo, sending you 3
2024-10-14 18:53:16.361665 Kilo: Yankee, sending you 4
2024-10-14 18:53:16.362195 Tango: Alpha, sending you 5
2024-10-14 18:53:16.365674 Alpha: Tango, sending you 4
2024-10-14 18:53:16.366696 Kilo: Echo, sending you 7
2024-10-14 18:53:16.368185 Tango: Whiskey and Foxtrot, sending you 2
2024-10-14 18:53:16.368968 Bravo: Tango, Alpha and November, sending you 3
2024-10-14 18:53:16.369654 Alpha: Bravo, Whiskey and November, sending you 3
2024-10-14 18:53:16.371666 November: Tango, Bravo, Alpha and Foxtrot, sending you 3
2024-10-14 18:53:16.372364 Kilo: Oscar, sending you 8
2024-10-14 18:53:16.372860 Tango: November, sending you 4
2024-10-14 18:53:16.374677 Bravo: Whiskey, sending you 4
2024-10-14 18:53:16.375255 Yankee: Same as last round
2024-10-14 18:53:16.375741 Alpha: Foxtrot, sending you 2
2024-10-14 18:53:16.376708 Whiskey: Tango and Foxtrot, sending you 1
2024-10-14 18:53:16.377301 November: Whiskey, sending you 4
2024-10-14 18:53:16.377864 Oscar: Kilo and Echo, sending you 6
2024-10-14 18:53:16.378814 Bravo: Foxtrot, sending you 2
2024-10-14 18:53:16.379854 Foxtrot: Same as last round
2024-10-14 18:53:16.381740 Whiskey: Bravo, sending you 5
2024-10-14 18:53:16.382371 Echo: Kilo and Oscar, sending you 6
2024-10-14 18:53:16.382811 Oscar: Yankee, sending you 4
2024-10-14 18:53:16.385666 Echo: Yankee, sending you 4
2024-10-14 18:53:16.386690 Whiskey: Alpha, sending you 3
2024-10-14 18:53:16.390660 Whiskey: November, sending you 4
chatterbot Tango submitting transactions
chatterbot Alpha submitting transactions
chatterbot Echo submitting transactions
chatterbot Whiskey submitting transactions
chatterbot November submitting transactions
chatterbot Kilo submitting transactions
chatterbot Bravo submitting transactions
chatterbot Oscar submitting transactions
chatterbot Yankee submitting transactions
chatterbot Foxtrot submitting transactions
ChatterBot Tango round 11
ChatterBot Bravo round 11
ChatterBot Kilo round 11
ChatterBot Alpha round 11
ChatterBot Whiskey round 11
ChatterBot Foxtrot round 11
ChatterBot November round 11
ChatterBot Yankee round 11
ChatterBot Echo round 11
ChatterBot Oscar round 11
2024-10-14 18:53:17.651654 Tango: Bravo, sending you 3
2024-10-14 18:53:17.652696 Yankee: Same as last round
2024-10-14 18:53:17.654671 Tango: Alpha, sending you 5
2024-10-14 18:53:17.655679 Bravo: Tango, Alpha and November, sending you 3
2024-10-14 18:53:17.656349 Whiskey: Tango, sending you 2
2024-10-14 18:53:17.658656 Oscar: Kilo and Echo, sending you 6
2024-10-14 18:53:17.659660 Tango: Whiskey and Foxtrot, sending you 2
2024-10-14 18:53:17.660791 Bravo: Whiskey, sending you 4
2024-10-14 18:53:17.661364 Whiskey: Bravo and November, sending you 4
2024-10-14 18:53:17.661916 Echo: Kilo and Oscar, sending you 6
2024-10-14 18:53:17.662267 Alpha: Tango, sending you 4
2024-10-14 18:53:17.662752 Kilo: Yankee, sending you 4
2024-10-14 18:53:17.663092 Oscar: Yankee, sending you 4
2024-10-14 18:53:17.663727 Bravo: Foxtrot, sending you 2
2024-10-14 18:53:17.664737 Whiskey: Alpha, sending you 3
2024-10-14 18:53:17.665583 Echo: Yankee, sending you 4
2024-10-14 18:53:17.667091 Tango: November, sending you 4
2024-10-14 18:53:17.668040 Kilo: Echo, sending you 7
2024-10-14 18:53:17.668585 Alpha: Bravo, Whiskey and November, sending you 3
2024-10-14 18:53:17.669425 Foxtrot: Same as last round
2024-10-14 18:53:17.670439 November: Tango, Bravo, Alpha and Foxtrot, sending you 3
2024-10-14 18:53:17.671308 Whiskey: Foxtrot, sending you 1
2024-10-14 18:53:17.672048 Kilo: Oscar, sending you 8
2024-10-14 18:53:17.672674 Alpha: Foxtrot, sending you 2
2024-10-14 18:53:17.673968 November: Whiskey, sending you 4
chatterbot November submitting transactions
chatterbot Echo submitting transactions
chatterbot Yankee submitting transactions
chatterbot Whiskey submitting transactions
chatterbot Alpha submitting transactions
chatterbot Oscar submitting transactions
chatterbot Foxtrot submitting transactions
chatterbot Tango submitting transactions
chatterbot Bravo submitting transactions
chatterbot Kilo submitting transactions
ChatterBot Tango round 12
ChatterBot Bravo round 12
ChatterBot Kilo round 12
ChatterBot Alpha round 12
ChatterBot Whiskey round 12
ChatterBot Foxtrot round 12
ChatterBot November round 12
ChatterBot Yankee round 12
ChatterBot Echo round 12
ChatterBot Oscar round 12
2024-10-14 18:53:18.727298 Yankee: We should add Bravo
2024-10-14 18:53:18.737071 Echo: No
2024-10-14 18:53:18.737322 Oscar: No
2024-10-14 18:53:18.737530 Kilo: No
ChatterBot Yankee reevaluating
ChatterBot Yankee reevaluating
ChatterBot Yankee reevaluating
ChatterBot Echo reevaluating
2024-10-14 18:53:18.765619 Echo: We should add Foxtrot
ChatterBot Yankee reevaluating
2024-10-14 18:53:18.771681 Yankee: No
2024-10-14 18:53:18.771830 Oscar: No
2024-10-14 18:53:18.771944 Kilo: No
ChatterBot Echo reevaluating
ChatterBot Yankee reevaluating
ChatterBot Echo reevaluating
ChatterBot Yankee reevaluating
ChatterBot Echo reevaluating
2024-10-14 18:53:18.800005 Kilo: Yankee, sending you 4
2024-10-14 18:53:18.800529 Tango: Bravo, sending you 3
2024-10-14 18:53:18.802688 Bravo: Tango, Alpha and November, sending you 3
2024-10-14 18:53:18.803697 Kilo: Echo, sending you 7
2024-10-14 18:53:18.804874 Tango: Alpha, sending you 5
2024-10-14 18:53:18.806141 Alpha: Tango, sending you 4
2024-10-14 18:53:18.806969 Bravo: Whiskey, sending you 4
2024-10-14 18:53:18.807773 November: Tango, Bravo, Alpha and Foxtrot, sending you 3
2024-10-14 18:53:18.808796 Kilo: Oscar, sending you 8
2024-10-14 18:53:18.809385 Tango: Whiskey and Foxtrot, sending you 2
2024-10-14 18:53:18.810765 Alpha: Bravo, Whiskey and November, sending you 3
2024-10-14 18:53:18.811713 November: Whiskey, sending you 4
2024-10-14 18:53:18.812659 Bravo: Foxtrot, sending you 2
2024-10-14 18:53:18.815022 Tango: November, sending you 4
2024-10-14 18:53:18.816098 Alpha: Foxtrot, sending you 2
2024-10-14 18:53:18.817682 Whiskey: Tango, sending you 2
2024-10-14 18:53:18.818697 Echo: Kilo and Oscar, sending you 6
2024-10-14 18:53:18.819801 Yankee: Same as last round
2024-10-14 18:53:18.821678 Whiskey: Bravo and November, sending you 4
2024-10-14 18:53:18.822675 Oscar: Kilo and Echo, sending you 6
2024-10-14 18:53:18.823687 Echo: Yankee, sending you 4
2024-10-14 18:53:18.825661 Whiskey: Alpha, sending you 3
2024-10-14 18:53:18.826351 Oscar: Yankee, sending you 4
2024-10-14 18:53:18.830684 Whiskey: Foxtrot, sending you 1
chatterbot Kilo submitting transactions
chatterbot Bravo submitting transactions
chatterbot Tango submitting transactions
chatterbot Foxtrot submitting transactions
chatterbot Alpha submitting transactions
chatterbot Echo submitting transactions
chatterbot Yankee submitting transactions
chatterbot Oscar submitting transactions
chatterbot November submitting transactions
chatterbot Whiskey submitting transactions
ChatterBot Tango round 13
ChatterBot Bravo round 13
ChatterBot Kilo round 13
ChatterBot Alpha round 13
ChatterBot Whiskey round 13
ChatterBot Foxtrot round 13
ChatterBot November round 13
ChatterBot Yankee round 13
ChatterBot Echo round 13
ChatterBot Oscar round 13
2024-10-14 18:53:19.934829 Alpha: We should add Echo
ChatterBot November reevaluating
2024-10-14 18:53:19.956857 Bravo: No
2024-10-14 18:53:19.957154 Tango: No
2024-10-14 18:53:19.957440 Whiskey: No
2024-10-14 18:53:19.958340 Foxtrot: No
2024-10-14 18:53:19.958560 November: No
ChatterBot Alpha reevaluating
ChatterBot November reevaluating
ChatterBot Alpha reevaluating
ChatterBot November reevaluating
ChatterBot Alpha reevaluating
ChatterBot Foxtrot reevaluating
ChatterBot November reevaluating
ChatterBot Alpha reevaluating
ChatterBot November reevaluating
ChatterBot Alpha reevaluating
ChatterBot Foxtrot reevaluating
2024-10-14 18:53:20.071122 Echo: We should add Alpha
ChatterBot Yankee reevaluating
2024-10-14 18:53:20.081335 Yankee: Yes
2024-10-14 18:53:20.081511 Oscar: No
2024-10-14 18:53:20.081722 Kilo: No
ChatterBot Oscar reevaluating
ChatterBot Yankee reevaluating
ChatterBot Echo reevaluating
ChatterBot Yankee reevaluating
ChatterBot Echo reevaluating
ChatterBot Oscar reevaluating
2024-10-14 18:53:20.114003 Yankee: We should add Whiskey
ChatterBot Echo reevaluating
ChatterBot Oscar reevaluating
2024-10-14 18:53:20.122677 Echo: Yes
2024-10-14 18:53:20.122820 Oscar: No
2024-10-14 18:53:20.122946 Kilo: No
ChatterBot Yankee reevaluating
ChatterBot Oscar reevaluating
ChatterBot Yankee reevaluating
ChatterBot Echo reevaluating
ChatterBot Yankee reevaluating
ChatterBot Echo reevaluating
ChatterBot Oscar reevaluating
2024-10-14 18:53:20.151780 Bravo: We should drop Foxtrot
ChatterBot Alpha reevaluating
ChatterBot November reevaluating
2024-10-14 18:53:20.162548 Tango: No
2024-10-14 18:53:20.163161 Alpha: Yes
2024-10-14 18:53:20.163288 Whiskey: Yes
2024-10-14 18:53:20.163420 November: Yes
ChatterBot Alpha reevaluating
ChatterBot November reevaluating
ChatterBot Tango reevaluating
ChatterBot November reevaluating
ChatterBot Tango reevaluating
ChatterBot Alpha reevaluating
ChatterBot November reevaluating
ChatterBot Tango reevaluating
ChatterBot Alpha reevaluating
2024-10-14 18:53:20.213468 Echo: We should add Bravo
ChatterBot Yankee reevaluating
ChatterBot Oscar reevaluating
2024-10-14 18:53:20.221719 Yankee: No
2024-10-14 18:53:20.221917 Oscar: No
2024-10-14 18:53:20.222064 Kilo: No
ChatterBot Echo reevaluating
ChatterBot Oscar reevaluating
ChatterBot Yankee reevaluating
ChatterBot Echo reevaluating
ChatterBot Yankee reevaluating
ChatterBot Echo reevaluating
ChatterBot Oscar reevaluating
2024-10-14 18:53:20.247630 Kilo: I was attacked by Foxtrot
ChatterBot Yankee reevaluating
ChatterBot Echo reevaluating
ChatterBot Oscar reevaluating
2024-10-14 18:53:20.256520 Kilo: I'm keeping this round to protect myself
2024-10-14 18:53:20.257347 Kilo: Ow
2024-10-14 18:53:20.257788 Echo: We should add November
ChatterBot Yankee reevaluating
ChatterBot Oscar reevaluating
2024-10-14 18:53:20.265586 Yankee: Yes
2024-10-14 18:53:20.265752 Oscar: No
2024-10-14 18:53:20.265865 Kilo: No
ChatterBot Echo reevaluating
ChatterBot Oscar reevaluating
ChatterBot Yankee reevaluating
ChatterBot Echo reevaluating
ChatterBot Yankee reevaluating
ChatterBot Echo reevaluating
ChatterBot Oscar reevaluating
2024-10-14 18:53:20.299458 Echo: We should add Tango
ChatterBot Yankee reevaluating
ChatterBot Oscar reevaluating
2024-10-14 18:53:20.314552 Yankee: No
2024-10-14 18:53:20.314816 Oscar: No
2024-10-14 18:53:20.315025 Kilo: No
ChatterBot Echo reevaluating
ChatterBot Oscar reevaluating
ChatterBot Yankee reevaluating
ChatterBot Echo reevaluating
ChatterBot Yankee reevaluating
ChatterBot Echo reevaluating
ChatterBot Oscar reevaluating
2024-10-14 18:53:20.364694 Bravo: Tango, sending you 3
2024-10-14 18:53:20.366312 Foxtrot: Sending you each 1
2024-10-14 18:53:20.367672 Oscar: November we want you to join our group
2024-10-14 18:53:20.372057 November: No
ChatterBot Yankee reevaluating
ChatterBot Echo reevaluating
2024-10-14 18:53:20.385290 Bravo: Alpha, Whiskey and November, sending you 4
2024-10-14 18:53:20.388697 Alpha: Tango, Bravo and Whiskey, sending you 4
2024-10-14 18:53:20.390848 November: Tango, sending you 3
2024-10-14 18:53:20.392684 Echo: November we want you to join our group
2024-10-14 18:53:20.397010 November: No
ChatterBot Oscar reevaluating
ChatterBot Yankee reevaluating
