ChatterBot Papa round 1
ChatterBot Hotel round 1
ChatterBot Echo round 1
ChatterBot India round 1
ChatterBot Yankee round 1
ChatterBot Juliett round 1
ChatterBot Oscar round 1
ChatterBot Mike round 1
ChatterBot November round 1
ChatterBot Alpha round 1
randomSelections Yankee: {Yankee, Echo, Papa, November, Hotel} 
2024-10-14 18:53:04.553736 Yankee: We would work well together
ChatterBot Echo reevaluating
ChatterBot Papa reevaluating
ChatterBot November reevaluating
ChatterBot Hotel reevaluating
2024-10-14 18:53:04.562239 Echo: Yes
2024-10-14 18:53:04.562374 Papa: Yes
2024-10-14 18:53:04.562523 November: Yes
2024-10-14 18:53:04.562691 Hotel: Yes
ChatterBot Papa reevaluating
ChatterBot November reevaluating
ChatterBot Hotel reevaluating
ChatterBot Echo reevaluating
ChatterBot November reevaluating
ChatterBot Hotel reevaluating
ChatterBot Echo reevaluating
ChatterBot Papa reevaluating
ChatterBot Hotel reevaluating
ChatterBot Echo reevaluating
ChatterBot Papa reevaluating
ChatterBot November reevaluating
randomSelections Juliett: {Juliett, Alpha, November} 
2024-10-14 18:53:04.590607 Juliett: Friends?
ChatterBot Alpha reevaluating
ChatterBot November reevaluating
2024-10-14 18:53:04.594079 Alpha: Yes
2024-10-14 18:53:04.594183 November: No
ChatterBot November reevaluating
ChatterBot Alpha reevaluating
randomSelections Oscar: {Oscar, Alpha, November, Yankee, Papa, Mike} 
2024-10-14 18:53:04.603102 Oscar: We would work well together
ChatterBot Alpha reevaluating
ChatterBot November reevaluating
ChatterBot Papa reevaluating
ChatterBot Mike reevaluating
2024-10-14 18:53:04.611971 Alpha: No
2024-10-14 18:53:04.612088 November: No
2024-10-14 18:53:04.612186 Yankee: No
2024-10-14 18:53:04.612344 Papa: No
2024-10-14 18:53:04.612494 Mike: Yes
ChatterBot November reevaluating
ChatterBot Papa reevaluating
ChatterBot Mike reevaluating
ChatterBot Alpha reevaluating
ChatterBot Papa reevaluating
ChatterBot Mike reevaluating
ChatterBot Alpha reevaluating
ChatterBot November reevaluating
ChatterBot Papa reevaluating
ChatterBot Mike reevaluating
ChatterBot Alpha reevaluating
ChatterBot November reevaluating
ChatterBot Mike reevaluating
ChatterBot Alpha reevaluating
ChatterBot November reevaluating
ChatterBot Papa reevaluating
randomSelections India: {India, Juliett, Hotel, Mike, Yankee, Oscar, Papa, Alpha} 
2024-10-14 18:53:04.677529 India: We would work well together
ChatterBot Hotel reevaluating
ChatterBot Mike reevaluating
ChatterBot Papa reevaluating
ChatterBot Alpha reevaluating
2024-10-14 18:53:04.692502 Juliett: No
2024-10-14 18:53:04.692677 Hotel: No
2024-10-14 18:53:04.692817 Mike: No
2024-10-14 18:53:04.692967 Yankee: No
2024-10-14 18:53:04.693105 Oscar: No
2024-10-14 18:53:04.693247 Papa: No
2024-10-14 18:53:04.693377 Alpha: No
ChatterBot Hotel reevaluating
ChatterBot Mike reevaluating
ChatterBot Papa reevaluating
ChatterBot Alpha reevaluating
ChatterBot Mike reevaluating
ChatterBot Papa reevaluating
ChatterBot Alpha reevaluating
ChatterBot Hotel reevaluating
ChatterBot Papa reevaluating
ChatterBot Alpha reevaluating
ChatterBot Hotel reevaluating
ChatterBot Mike reevaluating
ChatterBot Papa reevaluating
ChatterBot Alpha reevaluating
ChatterBot Hotel reevaluating
ChatterBot Mike reevaluating
ChatterBot Papa reevaluating
ChatterBot Alpha reevaluating
ChatterBot Hotel reevaluating
ChatterBot Mike reevaluating
ChatterBot Alpha reevaluating
ChatterBot Hotel reevaluating
ChatterBot Mike reevaluating
ChatterBot Papa reevaluating
2024-10-14 18:53:04.895452 Papa: Hotel, sending you 4
2024-10-14 18:53:04.896158 Mike: Papa, sending you 3
2024-10-14 18:53:04.897091 Yankee: Papa, sending you 2
2024-10-14 18:53:04.897498 India: Papa, sending you 4
2024-10-14 18:53:04.898473 Alpha: Sending you each 8
2024-10-14 18:53:04.898854 Oscar: Papa, sending you 2
2024-10-14 18:53:04.900764 Papa: Echo, sending you 5
2024-10-14 18:53:04.901168 India: Hotel and Juliett, sending you 1
2024-10-14 18:53:04.902610 Mike: Yankee, Oscar and Alpha, sending you 2
2024-10-14 18:53:04.903143 Juliett: November, sending you 4
2024-10-14 18:53:04.904273 Yankee: Hotel and November, sending you 1
2024-10-14 18:53:04.904834 Oscar: Yankee, sending you 1
2024-10-14 18:53:04.906105 November: Papa, sending you 4
2024-10-14 18:53:04.906567 Papa: Yankee, sending you 3
2024-10-14 18:53:04.907207 India: Yankee and Oscar, sending you 3
2024-10-14 18:53:04.908423 Mike: November, sending you 1
2024-10-14 18:53:04.908900 Juliett: Alpha, sending you 6
2024-10-14 18:53:04.909294 Oscar: Mike, sending you 6
2024-10-14 18:53:04.910461 Yankee: Echo, sending you 3
2024-10-14 18:53:04.911041 November: Hotel, sending you 6
2024-10-14 18:53:04.911663 Papa: November, sending you 7
2024-10-14 18:53:04.913251 India: Mike and Alpha, sending you 2
2024-10-14 18:53:04.917294 Oscar: November, sending you 3
2024-10-14 18:53:04.919175 Hotel: Papa, sending you 4
2024-10-14 18:53:04.920065 November: Echo, sending you 3
2024-10-14 18:53:04.922696 Oscar: Alpha, sending you 4
2024-10-14 18:53:04.924736 Hotel: Echo and November, sending you 2
2024-10-14 18:53:04.927964 November: Yankee, sending you 2
2024-10-14 18:53:04.930895 Hotel: Yankee, sending you 6
chatterbot Yankee submitting transactions
chatterbot Juliett submitting transactions
chatterbot Alpha submitting transactions
chatterbot November submitting transactions
chatterbot Echo submitting transactions
chatterbot India submitting transactions
chatterbot Papa submitting transactions
chatterbot Mike submitting transactions
chatterbot Oscar submitting transactions
chatterbot Hotel submitting transactions
ChatterBot Papa round 2
ChatterBot Hotel round 2
ChatterBot Echo round 2
ChatterBot India round 2
ChatterBot Yankee round 2
ChatterBot Juliett round 2
ChatterBot Oscar round 2
2024-10-14 18:53:05.925251 Yankee: Can we be friends?
ChatterBot Papa reevaluating
ChatterBot Hotel reevaluating
ChatterBot November reevaluating
ChatterBot India reevaluating
ChatterBot Oscar reevaluating
ChatterBot Mike reevaluating
2024-10-14 18:53:05.977018 Papa: Yes
2024-10-14 18:53:05.977192 Hotel: No
2024-10-14 18:53:05.977336 November: No
2024-10-14 18:53:05.977807 India: No
2024-10-14 18:53:05.977927 Oscar: Yes
2024-10-14 18:53:05.978041 Mike: No
ChatterBot Yankee reevaluating
ChatterBot Hotel reevaluating
ChatterBot November reevaluating
ChatterBot India reevaluating
ChatterBot Oscar reevaluating
ChatterBot Mike reevaluating
ChatterBot Yankee reevaluating
ChatterBot Papa reevaluating
ChatterBot November reevaluating
ChatterBot India reevaluating
ChatterBot Oscar reevaluating
ChatterBot Mike reevaluating
ChatterBot Yankee reevaluating
ChatterBot Papa reevaluating
ChatterBot Hotel reevaluating
ChatterBot India reevaluating
ChatterBot Oscar reevaluating
ChatterBot Mike reevaluating
ChatterBot Yankee reevaluating
ChatterBot Papa reevaluating
ChatterBot Hotel reevaluating
ChatterBot November reevaluating
ChatterBot Oscar reevaluating
ChatterBot Mike reevaluating
ChatterBot Yankee reevaluating
ChatterBot Papa reevaluating
ChatterBot Hotel reevaluating
ChatterBot November reevaluating
ChatterBot India reevaluating
ChatterBot Mike reevaluating
ChatterBot Yankee reevaluating
ChatterBot Papa reevaluating
ChatterBot Hotel reevaluating
ChatterBot November reevaluating
ChatterBot India reevaluating
ChatterBot Oscar reevaluating
ChatterBot Mike round 2
2024-10-14 18:53:06.316460 Juliett: We should replace November with India
ChatterBot Alpha reevaluating
2024-10-14 18:53:06.329087 Alpha: Yes
ChatterBot Juliett reevaluating
2024-10-14 18:53:06.334489 Alpha: We would work well together
ChatterBot India reevaluating
2024-10-14 18:53:06.340205 India: No
ChatterBot Alpha reevaluating
ChatterBot November round 2
ChatterBot Alpha round 2
2024-10-14 18:53:06.377838 Mike: We should group up
ChatterBot Yankee reevaluating
ChatterBot Hotel reevaluating
ChatterBot November reevaluating
2024-10-14 18:53:06.406483 Yankee: Yes
2024-10-14 18:53:06.406696 Papa: Yes
2024-10-14 18:53:06.406877 Hotel: Yes
2024-10-14 18:53:06.407054 November: No
2024-10-14 18:53:06.407239 India: Yes
2024-10-14 18:53:06.407733 Oscar: Yes
ChatterBot Hotel reevaluating
ChatterBot November reevaluating
ChatterBot Yankee reevaluating
ChatterBot Hotel reevaluating
ChatterBot November reevaluating
ChatterBot Yankee reevaluating
ChatterBot November reevaluating
ChatterBot Yankee reevaluating
ChatterBot Hotel reevaluating
ChatterBot Yankee reevaluating
ChatterBot Hotel reevaluating
ChatterBot November reevaluating
ChatterBot Yankee reevaluating
ChatterBot Hotel reevaluating
ChatterBot November reevaluating
2024-10-14 18:53:06.585107 Alpha: We should drop November
ChatterBot Juliett reevaluating
2024-10-14 18:53:06.590571 Juliett: Yes
ChatterBot Alpha reevaluating
2024-10-14 18:53:06.596711 Alpha: Let's form a team
ChatterBot Juliett reevaluating
ChatterBot India reevaluating
2024-10-14 18:53:06.616685 Juliett: No
2024-10-14 18:53:06.616852 India: No
2024-10-14 18:53:06.616941 Oscar: No
2024-10-14 18:53:06.617034 Mike: No
ChatterBot Alpha reevaluating
ChatterBot India reevaluating
ChatterBot Alpha reevaluating
ChatterBot Juliett reevaluating
ChatterBot Alpha reevaluating
ChatterBot Juliett reevaluating
ChatterBot India reevaluating
ChatterBot Alpha reevaluating
ChatterBot Juliett reevaluating
ChatterBot India reevaluating
2024-10-14 18:53:06.704708 November: Let's form a team
ChatterBot Yankee reevaluating
ChatterBot Hotel reevaluating
ChatterBot India reevaluating
2024-10-14 18:53:06.734236 Yankee: Yes
2024-10-14 18:53:06.734423 Papa: Yes
2024-10-14 18:53:06.734537 Hotel: Yes
2024-10-14 18:53:06.735053 India: Yes
2024-10-14 18:53:06.735171 Oscar: Yes
2024-10-14 18:53:06.735275 Mike: Yes
ChatterBot Hotel reevaluating
ChatterBot November reevaluating
ChatterBot India reevaluating
ChatterBot Yankee reevaluating
ChatterBot Hotel reevaluating
ChatterBot November reevaluating
ChatterBot India reevaluating
ChatterBot Yankee reevaluating
ChatterBot November reevaluating
ChatterBot India reevaluating
ChatterBot Yankee reevaluating
ChatterBot Hotel reevaluating
ChatterBot November reevaluating
ChatterBot Yankee reevaluating
ChatterBot Hotel reevaluating
ChatterBot November reevaluating
ChatterBot India reevaluating
ChatterBot Yankee reevaluating
ChatterBot Hotel reevaluating
ChatterBot November reevaluating
ChatterBot India reevaluating
2024-10-14 18:53:07.434025 Echo: Papa, sending you 5
2024-10-14 18:53:07.435115 Juliett: India we want you to join our group
ChatterBot India reevaluating
2024-10-14 18:53:07.440622 India: No
ChatterBot Juliett reevaluating
chatterbot Mike submitting transactions
chatterbot Echo submitting transactions
2024-10-14 18:53:07.451416 Papa: Hotel, sending you 4
2024-10-14 18:53:07.451832 Echo: Hotel, sending you 2
2024-10-14 18:53:07.575803 November: Papa and Alpha, sending you 4
2024-10-14 18:53:07.576683 Hotel: Papa, sending you 4
2024-10-14 18:53:07.577052 Mike: India, sending you 4
2024-10-14 18:53:07.577826 Yankee: Papa and India, sending you 3
2024-10-14 18:53:07.578160 Oscar: India, sending you 9
2024-10-14 18:53:07.578458 Echo: Yankee and November, sending you 4
2024-10-14 18:53:07.578800 Papa: India, Yankee, Oscar, Mike and November, sending you 3
2024-10-14 18:53:07.579600 Alpha: India and Mike, sending you 3
chatterbot Oscar submitting transactions
2024-10-14 18:53:07.580060 November: Hotel and Yankee, sending you 2
2024-10-14 18:53:07.580457 Mike: Oscar, sending you 9
2024-10-14 18:53:07.608717 Hotel: India and Yankee, sending you 2
2024-10-14 18:53:07.609338 Yankee: Hotel, sending you 4
2024-10-14 18:53:07.609699 Oscar: Mike, sending you 6
2024-10-14 18:53:07.610696 Alpha: Juliett, sending you 6
2024-10-14 18:53:07.611 November: Juliett, sending you 3
2024-10-14 18:53:07.631634 Hotel: Oscar and Mike, sending you 1
2024-10-14 18:53:07.632192 India: Papa, Hotel, Yankee, Oscar and Mike, sending you 3
2024-10-14 18:53:07.633193 Yankee: Oscar, Mike and November, sending you 2
2024-10-14 18:53:07.633672 Alpha: Oscar, sending you 4
2024-10-14 18:53:07.669345 Hotel: November, sending you 5
2024-10-14 18:53:07.669970 India: November, sending you 1
2024-10-14 18:53:07.670436 Juliett: India, sending you 2
2024-10-14 18:53:07.689831 Juliett: Alpha, sending you 14
chatterbot Papa submitting transactions
chatterbot November submitting transactions
chatterbot Yankee submitting transactions
chatterbot Hotel submitting transactions
chatterbot Juliett submitting transactions
chatterbot Alpha submitting transactions
chatterbot India submitting transactions
ChatterBot Papa round 3
ChatterBot Hotel round 3
ChatterBot Echo round 3
ChatterBot India round 3
ChatterBot Yankee round 3
ChatterBot Juliett round 3
ChatterBot Oscar round 3
ChatterBot Mike round 3
2024-10-14 18:53:08.642205 India: We should add Echo
ChatterBot Yankee reevaluating
ChatterBot Papa reevaluating
ChatterBot Hotel reevaluating
ChatterBot November reevaluating
ChatterBot Oscar reevaluating
ChatterBot Mike reevaluating
2024-10-14 18:53:08.675509 Yankee: Yes
2024-10-14 18:53:08.675722 Papa: Yes
2024-10-14 18:53:08.676472 Hotel: Yes
2024-10-14 18:53:08.676689 November: No
2024-10-14 18:53:08.676957 Oscar: Yes
2024-10-14 18:53:08.677244 Mike: Yes
ChatterBot Papa reevaluating
ChatterBot Hotel reevaluating
ChatterBot November reevaluating
ChatterBot Oscar reevaluating
ChatterBot Mike reevaluating
ChatterBot Yankee reevaluating
ChatterBot Hotel reevaluating
ChatterBot November reevaluating
ChatterBot Oscar reevaluating
ChatterBot Mike reevaluating
ChatterBot Yankee reevaluating
ChatterBot Papa reevaluating
ChatterBot November reevaluating
ChatterBot Oscar reevaluating
ChatterBot Mike reevaluating
ChatterBot Yankee reevaluating
ChatterBot Papa reevaluating
ChatterBot Hotel reevaluating
ChatterBot Oscar reevaluating
ChatterBot Mike reevaluating
ChatterBot Yankee reevaluating
ChatterBot Papa reevaluating
ChatterBot Hotel reevaluating
ChatterBot November reevaluating
ChatterBot Mike reevaluating
ChatterBot Yankee reevaluating
ChatterBot Papa reevaluating
ChatterBot Hotel reevaluating
ChatterBot November reevaluating
ChatterBot Oscar reevaluating
ChatterBot November round 3
ChatterBot Alpha round 3
2024-10-14 18:53:08.898551 India: Echo we want you to join our group
2024-10-14 18:53:08.904746 Echo: No
ChatterBot Oscar reevaluating
ChatterBot Mike reevaluating
ChatterBot Papa reevaluating
ChatterBot Hotel reevaluating
ChatterBot Yankee reevaluating
ChatterBot November reevaluating
2024-10-14 18:53:09.036667 Papa: Echo we want you to join our group
2024-10-14 18:53:09.040914 Echo: No
ChatterBot Yankee reevaluating
2024-10-14 18:53:09.068513 Hotel: Echo we want you to join our group
2024-10-14 18:53:09.073218 Echo: No
2024-10-14 18:53:09.098972 Oscar: Echo we want you to join our group
2024-10-14 18:53:09.104107 Echo: No
2024-10-14 18:53:09.127472 Mike: Echo we want you to join our group
2024-10-14 18:53:09.131564 Echo: No
2024-10-14 18:53:09.155906 Echo: Papa, sending you 5
2024-10-14 18:53:09.157122 Yankee: Echo we want you to join our group
2024-10-14 18:53:09.160499 Echo: No
chatterbot Echo submitting transactions
2024-10-14 18:53:09.181924 Echo: Hotel, sending you 2
2024-10-14 18:53:09.182241 Juliett: Sending you 15
2024-10-14 18:53:09.182468 India: Papa and Hotel, sending you 2
2024-10-14 18:53:09.184659 Echo: Yankee and November, sending you 4
2024-10-14 18:53:09.185694 November: Papa, sending you 5
2024-10-14 18:53:09.186680 India: Yankee and Mike, sending you 3
2024-10-14 18:53:09.187065 Papa: Hotel, Echo, India, Yankee, Mike and November, sending you 3
2024-10-14 18:53:09.187999 Alpha: India, Oscar and Mike, sending you 3
2024-10-14 18:53:09.189657 Papa: Oscar, sending you 1
2024-10-14 18:53:09.190697 November: Hotel, sending you 4
2024-10-14 18:53:09.191157 Alpha: Juliett, sending you 7
2024-10-14 18:53:09.191688 India: Oscar, sending you 6
2024-10-14 18:53:09.195659 November: Echo and Yankee, sending you 3
2024-10-14 18:53:09.203742 Hotel: Papa, Yankee and November, sending you 3
2024-10-14 18:53:09.204411 Yankee: Papa, sending you 3
2024-10-14 18:53:09.205001 Mike: Papa and Yankee, sending you 2
2024-10-14 18:53:09.206060 Oscar: Papa and Yankee, sending you 2
2024-10-14 18:53:09.206702 Hotel: Echo and India, sending you 2
2024-10-14 18:53:09.208674 Mike: Hotel, sending you 1
2024-10-14 18:53:09.209662 Yankee: Hotel, sending you 4
2024-10-14 18:53:09.210139 Oscar: Hotel, sending you 1
2024-10-14 18:53:09.211652 Hotel: Oscar and Mike, sending you 1
2024-10-14 18:53:09.212033 Mike: India, sending you 3
2024-10-14 18:53:09.215158 Yankee: Echo, India, Mike and November, sending you 2
2024-10-14 18:53:09.215779 Oscar: India, sending you 3
2024-10-14 18:53:09.216694 Mike: Oscar, sending you 7
2024-10-14 18:53:09.220674 Yankee: Oscar, sending you 1
2024-10-14 18:53:09.221113 Oscar: Mike, sending you 8
chatterbot November submitting transactions
chatterbot Papa submitting transactions
chatterbot Yankee submitting transactions
chatterbot Mike submitting transactions
chatterbot Oscar submitting transactions
chatterbot Alpha submitting transactions
chatterbot India submitting transactions
chatterbot Hotel submitting transactions
chatterbot Juliett submitting transactions
ChatterBot Papa round 4
ChatterBot Hotel round 4
ChatterBot Echo round 4
ChatterBot India round 4
ChatterBot Yankee round 4
ChatterBot Juliett round 4
ChatterBot Oscar round 4
ChatterBot Mike round 4
ChatterBot November round 4
ChatterBot Alpha round 4
2024-10-14 18:53:10.188667 Juliett: India, sending you 1
2024-10-14 18:53:10.191658 Juliett: Alpha, sending you 15
2024-10-14 18:53:10.192860 India: Papa, Yankee and Mike, sending you 3
2024-10-14 18:53:10.193387 Oscar: Papa, sending you 2
2024-10-14 18:53:10.195659 Alpha: India, sending you 2
2024-10-14 18:53:10.195985 November: Papa, Hotel and Echo, sending you 4
2024-10-14 18:53:10.196342 India: Hotel, sending you 2
2024-10-14 18:53:10.198681 Oscar: Hotel and Yankee, sending you 1
2024-10-14 18:53:10.199471 Papa: Hotel, Echo, India, Yankee, Mike and November, sending you 3
2024-10-14 18:53:10.199970 Echo: Papa, sending you 5
2024-10-14 18:53:10.200294 Alpha: Juliett, sending you 8
2024-10-14 18:53:10.200987 Hotel: Papa, Yankee and November, sending you 3
2024-10-14 18:53:10.201406 November: Yankee, sending you 3
2024-10-14 18:53:10.201710 Mike: Papa and India, sending you 3
2024-10-14 18:53:10.202126 India: Oscar, sending you 5
2024-10-14 18:53:10.202517 Yankee: Papa and Hotel, sending you 3
2024-10-14 18:53:10.203375 Oscar: India, sending you 4
2024-10-14 18:53:10.203825 Papa: Oscar, sending you 1
2024-10-14 18:53:10.204285 Hotel: Echo and India, sending you 2
2024-10-14 18:53:10.204766 Echo: Hotel and Yankee, sending you 3
2024-10-14 18:53:10.205688 Alpha: Oscar and Mike, sending you 3
2024-10-14 18:53:10.206252 Mike: Yankee, sending you 2
2024-10-14 18:53:10.207030 Yankee: Echo, India, Oscar, Mike and November, sending you 2
2024-10-14 18:53:10.207680 Hotel: Oscar and Mike, sending you 1
2024-10-14 18:53:10.208687 Oscar: Mike, sending you 8
2024-10-14 18:53:10.209241 Echo: November, sending you 4
2024-10-14 18:53:10.210663 Mike: Oscar, sending you 7
chatterbot Papa submitting transactions
chatterbot Mike submitting transactions
chatterbot Alpha submitting transactions
chatterbot Echo submitting transactions
chatterbot November submitting transactions
chatterbot India submitting transactions
chatterbot Oscar submitting transactions
chatterbot Hotel submitting transactions
chatterbot Juliett submitting transactions
chatterbot Yankee submitting transactions
ChatterBot Papa round 5
ChatterBot Hotel round 5
ChatterBot Echo round 5
ChatterBot India round 5
ChatterBot Yankee round 5
ChatterBot Juliett round 5
ChatterBot Oscar round 5
ChatterBot Mike round 5
ChatterBot November round 5
ChatterBot Alpha round 5
2024-10-14 18:53:11.310822 Echo: Papa, sending you 4
2024-10-14 18:53:11.311696 Mike: Papa and India, sending you 3
2024-10-14 18:53:11.312726 Oscar: Papa and Yankee, sending you 2
2024-10-14 18:53:11.314227 Echo: Hotel and Yankee, sending you 3
2024-10-14 18:53:11.315190 India: Papa and Mike, sending you 3
2024-10-14 18:53:11.316677 Mike: Yankee, sending you 2
2024-10-14 18:53:11.317898 November: Papa, Hotel and Echo, sending you 4
2024-10-14 18:53:11.319021 Oscar: Hotel, sending you 1
2024-10-14 18:53:11.320065 Echo: November, sending you 5
2024-10-14 18:53:11.321004 Papa: Hotel, Echo, India, Yankee, Mike and November, sending you 3
2024-10-14 18:53:11.322142 India: Hotel and Yankee, sending you 2
2024-10-14 18:53:11.323518 Juliett: Sending you 16
2024-10-14 18:53:11.323964 Mike: Oscar, sending you 7
2024-10-14 18:53:11.324906 November: Yankee, sending you 3
2024-10-14 18:53:11.325447 Oscar: India, sending you 4
2024-10-14 18:53:11.326287 Papa: Oscar, sending you 1
2024-10-14 18:53:11.328383 Yankee: Papa and Hotel, sending you 3
2024-10-14 18:53:11.330084 Hotel: Papa, Yankee and November, sending you 3
2024-10-14 18:53:11.332007 India: Oscar, sending you 6
2024-10-14 18:53:11.333888 Oscar: Mike, sending you 7
2024-10-14 18:53:11.335603 Yankee: Echo, India, Oscar, Mike and November, sending you 2
2024-10-14 18:53:11.336511 Hotel: Echo and India, sending you 2
2024-10-14 18:53:11.339132 Alpha: India, sending you 2
2024-10-14 18:53:11.340692 Hotel: Oscar and Mike, sending you 1
2024-10-14 18:53:11.344684 Alpha: Juliett, sending you 7
2024-10-14 18:53:11.348670 Alpha: Oscar and Mike, sending you 3
chatterbot Yankee submitting transactions
chatterbot Papa submitting transactions
chatterbot Hotel submitting transactions
chatterbot Juliett submitting transactions
chatterbot Oscar submitting transactions
chatterbot Mike submitting transactions
chatterbot Echo submitting transactions
chatterbot Alpha submitting transactions
chatterbot November submitting transactions
chatterbot India submitting transactions
ChatterBot Papa round 6
ChatterBot Hotel round 6
ChatterBot Echo round 6
ChatterBot India round 6
ChatterBot Yankee round 6
ChatterBot Juliett round 6
ChatterBot Oscar round 6
ChatterBot Mike round 6
ChatterBot November round 6
ChatterBot Alpha round 6
2024-10-14 18:53:12.567655 Echo: Papa, sending you 4
2024-10-14 18:53:12.568667 Juliett: Sending you 17
2024-10-14 18:53:12.571667 Echo: Hotel and Yankee, sending you 3
2024-10-14 18:53:12.574941 Echo: November, sending you 5
2024-10-14 18:53:12.575671 Papa: Hotel, Echo, India, Yankee, Mike and November, sending you 3
2024-10-14 18:53:12.577663 Hotel: Papa, Yankee and November, sending you 3
2024-10-14 18:53:12.578703 India: Papa, sending you 3
2024-10-14 18:53:12.579307 Papa: Oscar, sending you 1
2024-10-14 18:53:12.580699 Yankee: Papa and Hotel, sending you 3
2024-10-14 18:53:12.581684 Alpha: India and Mike, sending you 2
2024-10-14 18:53:12.582039 India: Hotel and Yankee, sending you 2
2024-10-14 18:53:12.582621 Mike: Papa and India, sending you 3
2024-10-14 18:53:12.583674 Hotel: Echo, India and Oscar, sending you 2
2024-10-14 18:53:12.584555 Oscar: Papa and Hotel, sending you 1
2024-10-14 18:53:12.585678 Yankee: Echo, India, Oscar, Mike and November, sending you 2
2024-10-14 18:53:12.586346 Alpha: Juliett, sending you 7
2024-10-14 18:53:12.586665 Mike: Yankee, sending you 2
2024-10-14 18:53:12.587278 India: Oscar, sending you 5
2024-10-14 18:53:12.588370 Oscar: India, sending you 5
2024-10-14 18:53:12.589675 Mike: Oscar, sending you 7
2024-10-14 18:53:12.592459 India: Mike, sending you 4
2024-10-14 18:53:12.593348 Alpha: Oscar, sending you 3
2024-10-14 18:53:12.594587 November: Papa, sending you 4
2024-10-14 18:53:12.595517 Oscar: Yankee, sending you 2
2024-10-14 18:53:12.597692 November: Hotel and Echo, sending you 3
2024-10-14 18:53:12.600695 Oscar: Mike, sending you 7
2024-10-14 18:53:12.601668 November: India, Oscar and Mike, sending you 1
2024-10-14 18:53:12.608716 November: Yankee, sending you 2
chatterbot Echo submitting transactions
chatterbot Yankee submitting transactions
chatterbot India submitting transactions
chatterbot November submitting transactions
chatterbot Mike submitting transactions
chatterbot Alpha submitting transactions
chatterbot Oscar submitting transactions
chatterbot Hotel submitting transactions
chatterbot Papa submitting transactions
chatterbot Juliett submitting transactions
ChatterBot Papa round 7
ChatterBot Hotel round 7
ChatterBot Echo round 7
ChatterBot India round 7
ChatterBot Yankee round 7
ChatterBot Juliett round 7
ChatterBot Oscar round 7
ChatterBot Mike round 7
ChatterBot November round 7
ChatterBot Alpha round 7
2024-10-14 18:53:13.694911 India: We should drop Echo
2024-10-14 18:53:13.717813 Yankee: No
2024-10-14 18:53:13.718030 Papa: No
2024-10-14 18:53:13.718204 Hotel: No
2024-10-14 18:53:13.718391 November: No
2024-10-14 18:53:13.718554 Oscar: No
2024-10-14 18:53:13.718728 Mike: No
ChatterBot November reevaluating
ChatterBot India reevaluating
ChatterBot November reevaluating
ChatterBot India reevaluating
ChatterBot India reevaluating
ChatterBot November reevaluating
ChatterBot India reevaluating
ChatterBot November reevaluating
ChatterBot India reevaluating
2024-10-14 18:53:13.854678 Hotel: Papa, Yankee and November, sending you 3
2024-10-14 18:53:13.859663 Hotel: Echo, India and Oscar, sending you 2
2024-10-14 18:53:13.860710 Papa: Hotel, Echo, India, Yankee, Mike and November, sending you 3
2024-10-14 18:53:13.865663 Papa: Oscar, sending you 1
2024-10-14 18:53:13.866417 Oscar: Papa and Hotel, sending you 1
2024-10-14 18:53:13.867151 Mike: Papa and India, sending you 3
2024-10-14 18:53:13.867869 Echo: Papa, sending you 5
2024-10-14 18:53:13.868297 Alpha: India and Mike, sending you 2
2024-10-14 18:53:13.868707 Juliett: Same as last round
2024-10-14 18:53:13.870650 Mike: Yankee, sending you 2
2024-10-14 18:53:13.871250 Echo: Hotel and Yankee, sending you 3
2024-10-14 18:53:13.871685 Oscar: India, sending you 4
2024-10-14 18:53:13.872470 Alpha: Juliett, sending you 6
2024-10-14 18:53:13.872795 India: Papa and Mike, sending you 3
2024-10-14 18:53:13.873457 November: Papa, sending you 4
2024-10-14 18:53:13.874123 Echo: November, sending you 4
2024-10-14 18:53:13.874940 Mike: Oscar, sending you 7
2024-10-14 18:53:13.875575 Oscar: Yankee, sending you 2
2024-10-14 18:53:13.876655 Alpha: Oscar, sending you 3
2024-10-14 18:53:13.876979 India: Hotel and Yankee, sending you 2
2024-10-14 18:53:13.878681 November: Hotel and Echo, sending you 3
2024-10-14 18:53:13.880067 Oscar: Mike, sending you 8
2024-10-14 18:53:13.881662 India: Oscar, sending you 6
2024-10-14 18:53:13.882712 Yankee: Papa and Hotel, sending you 3
2024-10-14 18:53:13.883459 November: India, Oscar and Mike, sending you 1
2024-10-14 18:53:13.886664 Yankee: Echo, India, Oscar, Mike and November, sending you 2
2024-10-14 18:53:13.888656 November: Yankee, sending you 2
chatterbot Echo submitting transactions
chatterbot Hotel submitting transactions
chatterbot Alpha submitting transactions
chatterbot November submitting transactions
chatterbot Papa submitting transactions
chatterbot Juliett submitting transactions
chatterbot India submitting transactions
chatterbot Oscar submitting transactions
chatterbot Mike submitting transactions
chatterbot Yankee submitting transactions
ChatterBot Papa round 8
ChatterBot Hotel round 8
ChatterBot Echo round 8
ChatterBot India round 8
ChatterBot Yankee round 8
ChatterBot Juliett round 8
ChatterBot Oscar round 8
ChatterBot Mike round 8
ChatterBot November round 8
ChatterBot Alpha round 8
2024-10-14 18:53:15.146666 Echo: Papa, sending you 5
2024-10-14 18:53:15.148303 Hotel: Papa, Yankee and November, sending you 3
2024-10-14 18:53:15.150660 Echo: Hotel and Yankee, sending you 3
2024-10-14 18:53:15.151707 Hotel: Echo, India and Oscar, sending you 2
2024-10-14 18:53:15.155664 Echo: November, sending you 4
2024-10-14 18:53:15.156689 Juliett: Same as last round
2024-10-14 18:53:15.156955 November: Papa, sending you 4
2024-10-14 18:53:15.158644 India: Papa and Mike, sending you 3
2024-10-14 18:53:15.161698 India: Hotel and Yankee, sending you 2
2024-10-14 18:53:15.162867 November: Hotel and Echo, sending you 3
2024-10-14 18:53:15.164692 Mike: Papa and India, sending you 3
2024-10-14 18:53:15.165506 Oscar: Papa, Hotel and November, sending you 1
2024-10-14 18:53:15.166818 November: India, Oscar and Mike, sending you 1
2024-10-14 18:53:15.167515 Papa: Hotel, Echo, India, Yankee, Mike and November, sending you 3
2024-10-14 18:53:15.168248 India: Oscar, sending you 5
2024-10-14 18:53:15.168956 Yankee: Papa and Hotel, sending you 3
2024-10-14 18:53:15.170047 Mike: Yankee, sending you 2
2024-10-14 18:53:15.170885 Oscar: India, sending you 4
2024-10-14 18:53:15.172322 Alpha: India and Mike, sending you 2
2024-10-14 18:53:15.172687 Papa: Oscar, sending you 1
2024-10-14 18:53:15.173499 November: Yankee, sending you 2
2024-10-14 18:53:15.174265 India: November, sending you 1
2024-10-14 18:53:15.175160 Yankee: Echo, India, Oscar, Mike and November, sending you 2
2024-10-14 18:53:15.175997 Mike: Oscar, sending you 7
2024-10-14 18:53:15.176682 Oscar: Yankee, sending you 2
2024-10-14 18:53:15.177581 Alpha: Juliett, sending you 6
2024-10-14 18:53:15.181657 Oscar: Mike, sending you 7
2024-10-14 18:53:15.182508 Alpha: Oscar, sending you 3
chatterbot India submitting transactions
chatterbot Hotel submitting transactions
chatterbot Alpha submitting transactions
chatterbot Papa submitting transactions
chatterbot Yankee submitting transactions
chatterbot Echo submitting transactions
chatterbot Oscar submitting transactions
chatterbot Mike submitting transactions
chatterbot November submitting transactions
chatterbot Juliett submitting transactions
ChatterBot Papa round 9
ChatterBot Hotel round 9
ChatterBot Echo round 9
ChatterBot India round 9
ChatterBot Yankee round 9
ChatterBot Juliett round 9
ChatterBot Oscar round 9
ChatterBot Mike round 9
ChatterBot November round 9
ChatterBot Alpha round 9
2024-10-14 18:53:16.355960 India: We should drop Echo
2024-10-14 18:53:16.379306 Yankee: No
2024-10-14 18:53:16.379495 Papa: No
2024-10-14 18:53:16.379645 Hotel: No
2024-10-14 18:53:16.379792 November: No
2024-10-14 18:53:16.379918 Oscar: No
2024-10-14 18:53:16.380075 Mike: No
ChatterBot November reevaluating
ChatterBot November reevaluating
ChatterBot India reevaluating
ChatterBot November reevaluating
ChatterBot India reevaluating
ChatterBot India reevaluating
ChatterBot November reevaluating
ChatterBot India reevaluating
ChatterBot November reevaluating
ChatterBot India reevaluating
2024-10-14 18:53:16.507671 Juliett: Same as last round
2024-10-14 18:53:16.508009 Mike: Papa and India, sending you 3
2024-10-14 18:53:16.509054 Alpha: India, Oscar and Mike, sending you 2
2024-10-14 18:53:16.509434 Oscar: Papa, Hotel and November, sending you 1
2024-10-14 18:53:16.510342 Papa: Hotel, Echo, India, Yankee, Mike and November, sending you 3
2024-10-14 18:53:16.511143 Echo: Papa, sending you 5
2024-10-14 18:53:16.511544 Hotel: Papa, Yankee and November, sending you 3
2024-10-14 18:53:16.513671 Mike: Yankee, sending you 2
2024-10-14 18:53:16.514486 Alpha: Juliett, sending you 6
2024-10-14 18:53:16.514863 Echo: Hotel and Yankee, sending you 3
2024-10-14 18:53:16.515298 Oscar: India, sending you 4
2024-10-14 18:53:16.516005 Papa: Oscar, sending you 1
2024-10-14 18:53:16.517094 Hotel: Echo, India and Oscar, sending you 2
2024-10-14 18:53:16.517842 Mike: Oscar, sending you 7
2024-10-14 18:53:16.519653 Echo: November, sending you 4
2024-10-14 18:53:16.520160 Oscar: Yankee, sending you 2
2024-10-14 18:53:16.522684 Yankee: Papa and Hotel, sending you 3
2024-10-14 18:53:16.524678 Oscar: Mike, sending you 7
2024-10-14 18:53:16.527667 Yankee: Echo, India, Oscar, Mike and November, sending you 2
2024-10-14 18:53:16.528476 November: Papa, sending you 4
2024-10-14 18:53:16.533718 November: Hotel and Echo, sending you 3
2024-10-14 18:53:16.536678 November: India, Oscar and Mike, sending you 1
2024-10-14 18:53:16.538659 India: Papa and Mike, sending you 3
2024-10-14 18:53:16.540685 November: Yankee, sending you 2
2024-10-14 18:53:16.543655 India: Hotel and Yankee, sending you 2
2024-10-14 18:53:16.549083 India: Oscar, sending you 5
2024-10-14 18:53:16.552678 India: November, sending you 1
chatterbot Oscar submitting transactions
chatterbot Mike submitting transactions
chatterbot Papa submitting transactions
chatterbot Echo submitting transactions
chatterbot India submitting transactions
chatterbot Alpha submitting transactions
chatterbot Hotel submitting transactions
chatterbot Yankee submitting transactions
chatterbot Juliett submitting transactions
chatterbot November submitting transactions
ChatterBot Papa round 10
ChatterBot Hotel round 10
ChatterBot Echo round 10
ChatterBot India round 10
ChatterBot Yankee round 10
ChatterBot Juliett round 10
ChatterBot Oscar round 10
ChatterBot Mike round 10
ChatterBot November round 10
ChatterBot Alpha round 10
2024-10-14 18:53:17.656677 Hotel: Papa and Yankee, sending you 3
2024-10-14 18:53:17.660670 Papa: Hotel, Echo, India, Yankee, Mike and November, sending you 3
2024-10-14 18:53:17.661695 Hotel: Echo, India, Oscar and November, sending you 2
2024-10-14 18:53:17.665673 Echo: Papa, sending you 5
2024-10-14 18:53:17.667325 Papa: Oscar, sending you 1
2024-10-14 18:53:17.669113 Hotel: Mike, sending you 1
2024-10-14 18:53:17.670921 Yankee: Papa, sending you 4
2024-10-14 18:53:17.672183 Echo: Hotel and Yankee, sending you 3
2024-10-14 18:53:17.672708 India: Papa and Mike, sending you 3
2024-10-14 18:53:17.674687 Oscar: Papa, Hotel and November, sending you 1
2024-10-14 18:53:17.675670 Yankee: Hotel, Echo, India, Oscar, Mike and November, sending you 2
2024-10-14 18:53:17.676565 Echo: November, sending you 4
2024-10-14 18:53:17.677058 November: Papa, sending you 4
2024-10-14 18:53:17.677904 India: Hotel and Yankee, sending you 2
2024-10-14 18:53:17.679684 Mike: Papa and India, sending you 3
2024-10-14 18:53:17.680656 Oscar: India, sending you 4
2024-10-14 18:53:17.682682 November: Hotel and Echo, sending you 3
2024-10-14 18:53:17.683680 India: Oscar, sending you 5
2024-10-14 18:53:17.684936 Alpha: India, Oscar and Mike, sending you 2
2024-10-14 18:53:17.685660 Mike: Yankee, sending you 2
2024-10-14 18:53:17.686524 Oscar: Yankee, sending you 2
2024-10-14 18:53:17.687394 November: India, Oscar and Mike, sending you 1
2024-10-14 18:53:17.688224 Alpha: Juliett, sending you 5
2024-10-14 18:53:17.689688 India: November, sending you 1
2024-10-14 18:53:17.690575 Mike: Oscar, sending you 7
2024-10-14 18:53:17.691462 Oscar: Mike, sending you 7
2024-10-14 18:53:17.692306 November: Yankee, sending you 2
chatterbot Mike submitting transactions
chatterbot Alpha submitting transactions
chatterbot Echo submitting transactions
chatterbot India submitting transactions
chatterbot November submitting transactions
chatterbot Yankee submitting transactions
chatterbot Hotel submitting transactions
chatterbot Oscar submitting transactions
chatterbot Juliett submitting transactions
chatterbot Papa submitting transactions
ChatterBot Papa round 11
ChatterBot Hotel round 11
ChatterBot Echo round 11
ChatterBot India round 11
ChatterBot Yankee round 11
ChatterBot Juliett round 11
ChatterBot Oscar round 11
ChatterBot Mike round 11
ChatterBot November round 11
ChatterBot Alpha round 11
2024-10-14 18:53:18.940921 India: We should drop Echo
ChatterBot November reevaluating
ChatterBot Oscar reevaluating
2024-10-14 18:53:18.964600 Yankee: No
2024-10-14 18:53:18.964784 Papa: No
2024-10-14 18:53:18.965246 Hotel: No
2024-10-14 18:53:18.965358 November: No
2024-10-14 18:53:18.965460 Oscar: No
2024-10-14 18:53:18.965557 Mike: No
ChatterBot Hotel reevaluating
ChatterBot November reevaluating
ChatterBot Oscar reevaluating
ChatterBot Mike reevaluating
ChatterBot Hotel reevaluating
ChatterBot November reevaluating
ChatterBot Oscar reevaluating
ChatterBot Mike reevaluating
ChatterBot November reevaluating
ChatterBot Oscar reevaluating
ChatterBot Mike reevaluating
ChatterBot Hotel reevaluating
ChatterBot Oscar reevaluating
ChatterBot Mike reevaluating
ChatterBot Hotel reevaluating
ChatterBot November reevaluating
ChatterBot Mike reevaluating
ChatterBot Hotel reevaluating
ChatterBot November reevaluating
ChatterBot Oscar reevaluating
2024-10-14 18:53:19.135703 India: Papa and Mike, sending you 3
2024-10-14 18:53:19.138026 Alpha: India, Oscar and Mike, sending you 2
2024-10-14 18:53:19.139557 Papa: I was attacked by Juliett
ChatterBot India reevaluating
ChatterBot Oscar reevaluating
ChatterBot Mike reevaluating
ChatterBot Hotel reevaluating
ChatterBot Echo reevaluating
ChatterBot Yankee reevaluating
ChatterBot November reevaluating
2024-10-14 18:53:19.170457 Papa: Ow
2024-10-14 18:53:19.172098 Alpha: Juliett, sending you 7
2024-10-14 18:53:19.179365 India: We should drop November
ChatterBot Hotel reevaluating
ChatterBot Echo reevaluating
ChatterBot Yankee reevaluating
ChatterBot Oscar reevaluating
ChatterBot Mike reevaluating
2024-10-14 18:53:19.204561 Papa: No
2024-10-14 18:53:19.204711 Hotel: No
2024-10-14 18:53:19.205097 Echo: No
2024-10-14 18:53:19.205234 Yankee: No
2024-10-14 18:53:19.205379 Oscar: No
2024-10-14 18:53:19.205519 Mike: No
ChatterBot India reevaluating
ChatterBot Hotel reevaluating
ChatterBot Echo reevaluating
ChatterBot Yankee reevaluating
ChatterBot Oscar reevaluating
ChatterBot Mike reevaluating
ChatterBot India reevaluating
ChatterBot Echo reevaluating
ChatterBot Yankee reevaluating
ChatterBot Oscar reevaluating
ChatterBot Mike reevaluating
ChatterBot India reevaluating
ChatterBot Hotel reevaluating
ChatterBot Yankee reevaluating
ChatterBot Oscar reevaluating
ChatterBot Mike reevaluating
ChatterBot India reevaluating
ChatterBot Hotel reevaluating
ChatterBot Echo reevaluating
ChatterBot Oscar reevaluating
ChatterBot Mike reevaluating
ChatterBot India reevaluating
ChatterBot Hotel reevaluating
ChatterBot Echo reevaluating
ChatterBot Yankee reevaluating
ChatterBot Mike reevaluating
ChatterBot India reevaluating
ChatterBot Hotel reevaluating
ChatterBot Echo reevaluating
ChatterBot Yankee reevaluating
ChatterBot Oscar reevaluating
2024-10-14 18:53:19.343139 India: We should replace Echo with November
ChatterBot Hotel reevaluating
ChatterBot Oscar reevaluating
2024-10-14 18:53:19.360060 Papa: No
2024-10-14 18:53:19.360186 Hotel: No
2024-10-14 18:53:19.360284 Yankee: No
2024-10-14 18:53:19.360375 Oscar: No
2024-10-14 18:53:19.360470 Mike: No
ChatterBot India reevaluating
ChatterBot Hotel reevaluating
ChatterBot Oscar reevaluating
ChatterBot India reevaluating
ChatterBot Oscar reevaluating
ChatterBot India reevaluating
ChatterBot Hotel reevaluating
ChatterBot Oscar reevaluating
ChatterBot India reevaluating
ChatterBot Hotel reevaluating
ChatterBot India reevaluating
ChatterBot Hotel reevaluating
ChatterBot Oscar reevaluating
chatterbot Papa submitting transactions
2024-10-14 18:53:19.481862 November: Papa, Hotel and Echo, sending you 3
2024-10-14 18:53:19.484074 India: We should replace Hotel with November
ChatterBot Oscar reevaluating
2024-10-14 18:53:19.513392 Papa: No
2024-10-14 18:53:19.513577 Echo: No
2024-10-14 18:53:19.513758 Yankee: No
2024-10-14 18:53:19.513896 Oscar: No
2024-10-14 18:53:19.514018 Mike: No
ChatterBot India reevaluating
ChatterBot Oscar reevaluating
ChatterBot India reevaluating
ChatterBot Oscar reevaluating
ChatterBot India reevaluating
ChatterBot Oscar reevaluating
ChatterBot India reevaluating
ChatterBot India reevaluating
ChatterBot Oscar reevaluating
2024-10-14 18:53:19.610291 November: India and Mike, sending you 1
chatterbot Juliett submitting transactions
2024-10-14 18:53:19.613671 India: November we want you to join our group
ChatterBot November reevaluating
2024-10-14 18:53:19.622232 November: No
ChatterBot India reevaluating
ChatterBot Oscar reevaluating
2024-10-14 18:53:19.652692 Hotel: Papa, sending you 2
2024-10-14 18:53:19.654772 Mike: Papa and India, sending you 3
2024-10-14 18:53:19.658730 Mike: Yankee, sending you 2
2024-10-14 18:53:19.660630 Hotel: Echo, India, Yankee, Oscar, Mike and November, sending you 1
2024-10-14 18:53:19.664932 Mike: Oscar, sending you 7
