ChatterBot Sierra round 1
ChatterBot Echo round 1
ChatterBot Mike round 1
ChatterBot Alpha round 1
ChatterBot X-ray round 1
ChatterBot Lima round 1
ChatterBot Kilo round 1
ChatterBot Victor round 1
ChatterBot Golf round 1
ChatterBot Romeo round 1
randomSelections Alpha: {Alpha, Kilo, X-ray, Sierra, Romeo, Victor} 
2024-10-14 18:53:04.165658 Alpha: Let's form a team
ChatterBot Kilo reevaluating
ChatterBot X-ray reevaluating
ChatterBot Sierra reevaluating
ChatterBot Romeo reevaluating
ChatterBot Victor reevaluating
2024-10-14 18:53:04.197081 Kilo: Yes
2024-10-14 18:53:04.197362 X-ray: Yes
2024-10-14 18:53:04.197597 Sierra: Yes
2024-10-14 18:53:04.197844 Romeo: Yes
2024-10-14 18:53:04.198061 Victor: Yes
ChatterBot X-ray reevaluating
ChatterBot Sierra reevaluating
ChatterBot Romeo reevaluating
ChatterBot Victor reevaluating
ChatterBot Kilo reevaluating
ChatterBot Sierra reevaluating
ChatterBot Romeo reevaluating
ChatterBot Victor reevaluating
ChatterBot Kilo reevaluating
ChatterBot X-ray reevaluating
ChatterBot Romeo reevaluating
ChatterBot Victor reevaluating
ChatterBot Kilo reevaluating
ChatterBot X-ray reevaluating
ChatterBot Sierra reevaluating
ChatterBot Victor reevaluating
ChatterBot Kilo reevaluating
ChatterBot X-ray reevaluating
ChatterBot Sierra reevaluating
ChatterBot Romeo reevaluating
randomSelections Echo: {Echo, Sierra, Romeo, Kilo, X-ray, Mike, Alpha, Lima} 
2024-10-14 18:53:04.298365 Echo: Friends?
ChatterBot Sierra reevaluating
ChatterBot Romeo reevaluating
ChatterBot Kilo reevaluating
ChatterBot X-ray reevaluating
ChatterBot Mike reevaluating
ChatterBot Lima reevaluating
2024-10-14 18:53:04.322928 Sierra: No
2024-10-14 18:53:04.323199 Romeo: No
2024-10-14 18:53:04.323380 Kilo: No
2024-10-14 18:53:04.324176 X-ray: No
2024-10-14 18:53:04.324359 Mike: Yes
2024-10-14 18:53:04.324524 Alpha: No
2024-10-14 18:53:04.324723 Lima: Yes
ChatterBot Romeo reevaluating
ChatterBot Kilo reevaluating
ChatterBot X-ray reevaluating
ChatterBot Mike reevaluating
ChatterBot Lima reevaluating
ChatterBot Sierra reevaluating
ChatterBot Kilo reevaluating
ChatterBot X-ray reevaluating
ChatterBot Mike reevaluating
ChatterBot Lima reevaluating
ChatterBot Sierra reevaluating
ChatterBot Romeo reevaluating
ChatterBot X-ray reevaluating
ChatterBot Mike reevaluating
ChatterBot Lima reevaluating
ChatterBot Sierra reevaluating
ChatterBot Romeo reevaluating
ChatterBot Kilo reevaluating
ChatterBot Mike reevaluating
ChatterBot Lima reevaluating
ChatterBot Sierra reevaluating
ChatterBot Romeo reevaluating
ChatterBot Kilo reevaluating
ChatterBot X-ray reevaluating
ChatterBot Lima reevaluating
ChatterBot Sierra reevaluating
ChatterBot Romeo reevaluating
ChatterBot Kilo reevaluating
ChatterBot X-ray reevaluating
ChatterBot Mike reevaluating
ChatterBot Lima reevaluating
ChatterBot Sierra reevaluating
ChatterBot Romeo reevaluating
ChatterBot Kilo reevaluating
ChatterBot X-ray reevaluating
ChatterBot Mike reevaluating
randomSelections Golf: {Golf, Sierra, Echo, Romeo, Kilo, Victor} 
2024-10-14 18:53:04.520876 Golf: Friends?
ChatterBot Sierra reevaluating
ChatterBot Romeo reevaluating
ChatterBot Kilo reevaluating
ChatterBot Victor reevaluating
2024-10-14 18:53:04.535869 Sierra: No
2024-10-14 18:53:04.536319 Echo: No
2024-10-14 18:53:04.536699 Romeo: No
2024-10-14 18:53:04.538023 Kilo: No
2024-10-14 18:53:04.538435 Victor: No
ChatterBot Romeo reevaluating
ChatterBot Kilo reevaluating
ChatterBot Victor reevaluating
ChatterBot Sierra reevaluating
ChatterBot Romeo reevaluating
ChatterBot Kilo reevaluating
ChatterBot Victor reevaluating
ChatterBot Sierra reevaluating
ChatterBot Kilo reevaluating
ChatterBot Victor reevaluating
ChatterBot Sierra reevaluating
ChatterBot Romeo reevaluating
ChatterBot Victor reevaluating
ChatterBot Sierra reevaluating
ChatterBot Romeo reevaluating
ChatterBot Kilo reevaluating
2024-10-14 18:53:04.607624 Kilo: Sierra, Alpha and Victor, sending you 2
2024-10-14 18:53:04.609691 Alpha: Sierra, sending you 4
2024-10-14 18:53:04.610165 Mike: Sierra, sending you 5
2024-10-14 18:53:04.611460 Echo: Sierra, sending you 1
2024-10-14 18:53:04.612051 Lima: Sierra, sending you 1
2024-10-14 18:53:04.612423 Kilo: X-ray, sending you 4
2024-10-14 18:53:04.613691 Victor: Sierra and Romeo, sending you 3
2024-10-14 18:53:04.614138 Mike: Alpha, sending you 3
2024-10-14 18:53:04.614699 Alpha: X-ray and Kilo, sending you 1
2024-10-14 18:53:04.616139 Lima: Echo and Kilo, sending you 3
2024-10-14 18:53:04.616651 Echo: Mike, sending you 5
2024-10-14 18:53:04.617098 Kilo: Romeo, sending you 3
2024-10-14 18:53:04.618454 Victor: Alpha and Kilo, sending you 2
2024-10-14 18:53:04.618740 Sierra: Alpha, X-ray and Kilo, sending you 3
2024-10-14 18:53:04.618977 Mike: X-ray, sending you 1
2024-10-14 18:53:04.619218 Golf: Sierra and Romeo, sending you 2
2024-10-14 18:53:04.620476 Alpha: Victor, sending you 5
2024-10-14 18:53:04.620860 Lima: Alpha and X-ray, sending you 4
2024-10-14 18:53:04.621282 Romeo: Sierra, sending you 1
2024-10-14 18:53:04.622485 Echo: Alpha, sending you 4
2024-10-14 18:53:04.622807 Victor: X-ray, sending you 1
2024-10-14 18:53:04.623081 Mike: Kilo and Romeo, sending you 2
2024-10-14 18:53:04.624046 Sierra: Victor, sending you 2
2024-10-14 18:53:04.624332 Golf: Echo, sending you 1
2024-10-14 18:53:04.624594 X-ray: Sierra, Alpha and Victor, sending you 2
2024-10-14 18:53:04.628127 Romeo: Alpha and X-ray, sending you 4
2024-10-14 18:53:04.628454 Echo: Lima and Kilo, sending you 2
2024-10-14 18:53:04.628771 Sierra: Romeo, sending you 4
2024-10-14 18:53:04.629046 X-ray: Kilo and Romeo, sending you 5
2024-10-14 18:53:04.629844 Golf: Kilo, sending you 3
2024-10-14 18:53:04.644225 Romeo: Kilo and Victor, sending you 3
2024-10-14 18:53:04.645404 Golf: Victor, sending you 5
chatterbot Victor submitting transactions
chatterbot Lima submitting transactions
chatterbot Mike submitting transactions
chatterbot Alpha submitting transactions
chatterbot X-ray submitting transactions
chatterbot Echo submitting transactions
chatterbot Romeo submitting transactions
chatterbot Sierra submitting transactions
chatterbot Kilo submitting transactions
chatterbot Golf submitting transactions
ChatterBot Sierra round 2
ChatterBot Echo round 2
ChatterBot Mike round 2
2024-10-14 18:53:05.751631 Mike: Group up?
ChatterBot Echo reevaluating
ChatterBot Lima reevaluating
2024-10-14 18:53:05.767188 Echo: Yes
2024-10-14 18:53:05.767343 Lima: No
ChatterBot Lima reevaluating
ChatterBot Echo reevaluating
ChatterBot Alpha round 2
ChatterBot X-ray round 2
ChatterBot Lima round 2
ChatterBot Kilo round 2
ChatterBot Victor round 2
2024-10-14 18:53:05.793481 Sierra: We should add Golf and Mike
ChatterBot Alpha reevaluating
ChatterBot Kilo reevaluating
ChatterBot X-ray reevaluating
ChatterBot Romeo reevaluating
ChatterBot Victor reevaluating
2024-10-14 18:53:05.816111 Alpha: No
2024-10-14 18:53:05.816262 Kilo: No
2024-10-14 18:53:05.816375 X-ray: No
2024-10-14 18:53:05.816481 Romeo: No
2024-10-14 18:53:05.816912 Victor: No
ChatterBot Kilo reevaluating
ChatterBot X-ray reevaluating
ChatterBot Romeo reevaluating
ChatterBot Victor reevaluating
ChatterBot Alpha reevaluating
ChatterBot X-ray reevaluating
ChatterBot Sierra reevaluating
ChatterBot Romeo reevaluating
ChatterBot Victor reevaluating
ChatterBot Alpha reevaluating
ChatterBot Kilo reevaluating
ChatterBot Sierra reevaluating
ChatterBot Romeo reevaluating
ChatterBot Victor reevaluating
ChatterBot Alpha reevaluating
ChatterBot Kilo reevaluating
ChatterBot X-ray reevaluating
ChatterBot Sierra reevaluating
ChatterBot Victor reevaluating
ChatterBot Alpha reevaluating
ChatterBot Kilo reevaluating
ChatterBot X-ray reevaluating
ChatterBot Sierra reevaluating
ChatterBot Romeo reevaluating
2024-10-14 18:53:05.949563 Kilo: We should add Golf
ChatterBot Alpha reevaluating
ChatterBot X-ray reevaluating
ChatterBot Sierra reevaluating
ChatterBot Romeo reevaluating
ChatterBot Victor reevaluating
2024-10-14 18:53:05.994134 Alpha: No
2024-10-14 18:53:05.994362 X-ray: No
2024-10-14 18:53:05.994523 Sierra: No
2024-10-14 18:53:05.994698 Romeo: No
2024-10-14 18:53:05.994870 Victor: Yes
ChatterBot Kilo reevaluating
ChatterBot X-ray reevaluating
ChatterBot Sierra reevaluating
ChatterBot Romeo reevaluating
ChatterBot Victor reevaluating
ChatterBot Alpha reevaluating
ChatterBot Kilo reevaluating
ChatterBot Sierra reevaluating
ChatterBot Romeo reevaluating
ChatterBot Victor reevaluating
ChatterBot Alpha reevaluating
ChatterBot Kilo reevaluating
ChatterBot X-ray reevaluating
ChatterBot Romeo reevaluating
ChatterBot Victor reevaluating
ChatterBot Alpha reevaluating
ChatterBot Kilo reevaluating
ChatterBot X-ray reevaluating
ChatterBot Sierra reevaluating
ChatterBot Victor reevaluating
ChatterBot Alpha reevaluating
ChatterBot Kilo reevaluating
ChatterBot X-ray reevaluating
ChatterBot Sierra reevaluating
ChatterBot Romeo reevaluating
ChatterBot Golf round 2
ChatterBot Romeo round 2
2024-10-14 18:53:06.328515 Golf: Can we be friends?
ChatterBot Sierra reevaluating
ChatterBot Victor reevaluating
ChatterBot Romeo reevaluating
2024-10-14 18:53:06.360267 Sierra: No
2024-10-14 18:53:06.360909 Alpha: No
2024-10-14 18:53:06.361091 X-ray: No
2024-10-14 18:53:06.361283 Kilo: Yes
2024-10-14 18:53:06.361440 Victor: Yes
2024-10-14 18:53:06.361605 Romeo: No
ChatterBot Golf reevaluating
ChatterBot X-ray reevaluating
ChatterBot Victor reevaluating
ChatterBot Romeo reevaluating
ChatterBot Golf reevaluating
ChatterBot Sierra reevaluating
ChatterBot X-ray reevaluating
ChatterBot Victor reevaluating
ChatterBot Romeo reevaluating
ChatterBot Golf reevaluating
ChatterBot Sierra reevaluating
ChatterBot Victor reevaluating
ChatterBot Romeo reevaluating
ChatterBot Golf reevaluating
ChatterBot Sierra reevaluating
ChatterBot X-ray reevaluating
ChatterBot Victor reevaluating
ChatterBot Romeo reevaluating
ChatterBot Golf reevaluating
ChatterBot Sierra reevaluating
ChatterBot X-ray reevaluating
ChatterBot Romeo reevaluating
ChatterBot Golf reevaluating
ChatterBot Sierra reevaluating
ChatterBot X-ray reevaluating
ChatterBot Victor reevaluating
2024-10-14 18:53:06.578988 Kilo: Golf we want you to join our group
ChatterBot Golf reevaluating
2024-10-14 18:53:06.584952 Golf: Yes
ChatterBot Sierra reevaluating
ChatterBot X-ray reevaluating
ChatterBot Kilo reevaluating
ChatterBot Victor reevaluating
ChatterBot Romeo reevaluating
2024-10-14 18:53:06.622161 Mike: Echo, sending you 10
2024-10-14 18:53:07.218625 Echo: Mike, sending you 4
2024-10-14 18:53:07.219005 Lima: Sending you each 4
2024-10-14 18:53:07.219312 Alpha: Sierra, X-ray, Kilo and Victor, sending you 3
2024-10-14 18:53:07.220398 Mike: Lima, sending you 4
2024-10-14 18:53:07.220710 Sierra: Golf we want you to join our group
ChatterBot Golf reevaluating
2024-10-14 18:53:07.227397 Golf: Yes
ChatterBot Sierra reevaluating
ChatterBot Kilo reevaluating
2024-10-14 18:53:07.259914 Victor: Golf we want you to join our group
ChatterBot Golf reevaluating
2024-10-14 18:53:07.266477 Golf: Yes
ChatterBot Sierra reevaluating
ChatterBot Kilo reevaluating
ChatterBot Romeo reevaluating
2024-10-14 18:53:07.300175 Romeo: We should replace Alpha with Golf
ChatterBot Sierra reevaluating
ChatterBot X-ray reevaluating
ChatterBot Kilo reevaluating
2024-10-14 18:53:07.323249 Sierra: No
2024-10-14 18:53:07.323563 X-ray: No
2024-10-14 18:53:07.323831 Kilo: No
2024-10-14 18:53:07.324544 Victor: No
ChatterBot Romeo reevaluating
ChatterBot X-ray reevaluating
ChatterBot Kilo reevaluating
ChatterBot Romeo reevaluating
ChatterBot Sierra reevaluating
ChatterBot Kilo reevaluating
ChatterBot Romeo reevaluating
ChatterBot Sierra reevaluating
ChatterBot X-ray reevaluating
ChatterBot Romeo reevaluating
ChatterBot Sierra reevaluating
ChatterBot X-ray reevaluating
ChatterBot Kilo reevaluating
chatterbot Alpha submitting transactions
chatterbot Mike submitting transactions
2024-10-14 18:53:07.422328 Echo: Lima, sending you 6
2024-10-14 18:53:07.423205 Alpha: Romeo, sending you 4
chatterbot Echo submitting transactions
chatterbot Lima submitting transactions
2024-10-14 18:53:07.424749 Kilo: We should add Golf and Lima
ChatterBot X-ray reevaluating
ChatterBot Sierra reevaluating
ChatterBot Romeo reevaluating
2024-10-14 18:53:07.451785 Alpha: No
2024-10-14 18:53:07.452352 X-ray: Yes
2024-10-14 18:53:07.452527 Sierra: No
2024-10-14 18:53:07.452715 Romeo: No
2024-10-14 18:53:07.452872 Victor: No
ChatterBot Kilo reevaluating
ChatterBot X-ray reevaluating
ChatterBot Sierra reevaluating
ChatterBot Romeo reevaluating
ChatterBot Kilo reevaluating
ChatterBot Sierra reevaluating
ChatterBot Romeo reevaluating
ChatterBot Kilo reevaluating
ChatterBot X-ray reevaluating
ChatterBot Romeo reevaluating
ChatterBot Kilo reevaluating
ChatterBot X-ray reevaluating
ChatterBot Sierra reevaluating
ChatterBot Kilo reevaluating
ChatterBot X-ray reevaluating
ChatterBot Sierra reevaluating
ChatterBot Romeo reevaluating
2024-10-14 18:53:07.598599 Echo: Golf, sending you 5
2024-10-14 18:53:07.650477 Golf: Sierra, sending you 4
2024-10-14 18:53:07.651129 Victor: Sierra, X-ray, Kilo and Romeo, sending you 2
2024-10-14 18:53:07.680584 Golf: Alpha, X-ray, Kilo, Victor and Romeo, sending you 3
2024-10-14 18:53:07.681359 X-ray: Sierra, sending you 3
2024-10-14 18:53:07.683267 Romeo: Sierra and X-ray, sending you 4
2024-10-14 18:53:07.683988 Victor: Alpha, sending you 4
2024-10-14 18:53:07.687725 Romeo: Alpha, sending you 2
2024-10-14 18:53:07.688458 X-ray: Alpha and Victor, sending you 2
2024-10-14 18:53:07.700151 Victor: Golf, sending you 3
2024-10-14 18:53:07.700862 Romeo: Kilo and Victor, sending you 3
2024-10-14 18:53:07.702765 X-ray: Kilo, sending you 5
2024-10-14 18:53:07.703408 Kilo: Sierra, Golf and Romeo, sending you 3
2024-10-14 18:53:07.704191 Sierra: Alpha, sending you 5
2024-10-14 18:53:07.706333 X-ray: Romeo, sending you 4
2024-10-14 18:53:07.713791 Kilo: Alpha, sending you 1
2024-10-14 18:53:07.714783 Sierra: X-ray, Kilo and Golf, sending you 2
2024-10-14 18:53:07.733047 Kilo: X-ray, sending you 4
2024-10-14 18:53:07.735407 Sierra: Victor, sending you 3
2024-10-14 18:53:07.742235 Kilo: Victor, sending you 2
2024-10-14 18:53:07.744014 Sierra: Romeo, sending you 1
chatterbot Golf submitting transactions
chatterbot Kilo submitting transactions
chatterbot X-ray submitting transactions
chatterbot Victor submitting transactions
chatterbot Romeo submitting transactions
chatterbot Sierra submitting transactions
ChatterBot Sierra round 3
ChatterBot Echo round 3
ChatterBot Mike round 3
ChatterBot Alpha round 3
ChatterBot X-ray round 3
ChatterBot Lima round 3
ChatterBot Kilo round 3
ChatterBot Victor round 3
ChatterBot Golf round 3
ChatterBot Romeo round 3
2024-10-14 18:53:08.712108 X-ray: We should add Golf
ChatterBot Alpha reevaluating
ChatterBot Romeo reevaluating
2024-10-14 18:53:08.738590 Alpha: Yes
2024-10-14 18:53:08.738908 Kilo: Yes
2024-10-14 18:53:08.739142 Sierra: Yes
2024-10-14 18:53:08.739316 Romeo: No
2024-10-14 18:53:08.739894 Victor: Yes
ChatterBot Romeo reevaluating
ChatterBot Alpha reevaluating
ChatterBot Romeo reevaluating
ChatterBot Alpha reevaluating
ChatterBot Kilo reevaluating
ChatterBot Romeo reevaluating
ChatterBot Alpha reevaluating
ChatterBot Kilo reevaluating
ChatterBot Alpha reevaluating
ChatterBot Kilo reevaluating
ChatterBot Romeo reevaluating
2024-10-14 18:53:08.862518 Echo: We should drop Golf
2024-10-14 18:53:08.869132 Mike: Yes
2024-10-14 18:53:08.869297 Lima: Yes
2024-10-14 18:53:08.892180 X-ray: Golf we want you to join our group
2024-10-14 18:53:08.897012 Golf: Yes
ChatterBot Alpha reevaluating
ChatterBot Kilo reevaluating
ChatterBot Romeo reevaluating
2024-10-14 18:53:08.926484 Romeo: We should replace Alpha with Golf
ChatterBot Kilo reevaluating
2024-10-14 18:53:09.026786 Sierra: No
2024-10-14 18:53:09.027756 X-ray: No
2024-10-14 18:53:09.028137 Kilo: No
2024-10-14 18:53:09.028401 Victor: No
ChatterBot Romeo reevaluating
ChatterBot Kilo reevaluating
ChatterBot Romeo reevaluating
ChatterBot Kilo reevaluating
ChatterBot Romeo reevaluating
ChatterBot Romeo reevaluating
ChatterBot Kilo reevaluating
chatterbot Echo submitting transactions
2024-10-14 18:53:09.145668 Mike: Echo, sending you 9
2024-10-14 18:53:09.146861 Lima: Echo, sending you 4
2024-10-14 18:53:09.148937 Victor: Sierra, X-ray and Kilo, sending you 2
2024-10-14 18:53:09.150696 Sierra: Alpha, sending you 4
2024-10-14 18:53:09.152524 Romeo: Golf we want you to join our group
2024-10-14 18:53:09.159464 Golf: Yes
ChatterBot Alpha reevaluating
ChatterBot Kilo reevaluating
2024-10-14 18:53:09.193998 Mike: Lima, sending you 7
2024-10-14 18:53:09.194414 Lima: Mike, sending you 3
2024-10-14 18:53:09.195192 Victor: Alpha, Golf and Romeo, sending you 3
2024-10-14 18:53:09.195761 Sierra: X-ray, Victor, Golf and Romeo, sending you 2
2024-10-14 18:53:09.197059 X-ray: Sierra and Romeo, sending you 3
2024-10-14 18:53:09.199068 Echo: Sending you each 7
2024-10-14 18:53:09.199678 Golf: Sierra, Alpha and X-ray, sending you 3
2024-10-14 18:53:09.200369 X-ray: Alpha, Victor and Golf, sending you 2
2024-10-14 18:53:09.201350 Sierra: Kilo, sending you 3
2024-10-14 18:53:09.201970 Alpha: Golf we want you to join our group
2024-10-14 18:53:09.207868 Golf: Yes
ChatterBot Kilo reevaluating
2024-10-14 18:53:09.242196 Golf: Kilo and Victor, sending you 4
2024-10-14 18:53:09.242743 X-ray: Kilo, sending you 4
2024-10-14 18:53:09.246694 Romeo: Sierra, Alpha, Kilo and Victor, sending you 3
2024-10-14 18:53:09.247282 Golf: Romeo, sending you 2
2024-10-14 18:53:09.251674 Romeo: X-ray, sending you 4
2024-10-14 18:53:09.253144 Alpha: Sierra, sending you 4
2024-10-14 18:53:09.256665 Romeo: Golf, sending you 1
2024-10-14 18:53:09.257701 Alpha: X-ray, Kilo and Golf, sending you 2
2024-10-14 18:53:09.261694 Alpha: Victor and Romeo, sending you 3
2024-10-14 18:53:09.269661 Kilo: Sierra, Alpha, Victor and Golf, sending you 2
2024-10-14 18:53:09.273668 Kilo: X-ray, sending you 5
2024-10-14 18:53:09.277657 Kilo: Romeo, sending you 3
chatterbot Sierra submitting transactions
chatterbot X-ray submitting transactions
chatterbot Romeo submitting transactions
chatterbot Kilo submitting transactions
chatterbot Golf submitting transactions
chatterbot Victor submitting transactions
chatterbot Mike submitting transactions
chatterbot Lima submitting transactions
chatterbot Alpha submitting transactions
ChatterBot Sierra round 4
ChatterBot Echo round 4
ChatterBot Mike round 4
ChatterBot Alpha round 4
ChatterBot X-ray round 4
ChatterBot Lima round 4
ChatterBot Kilo round 4
ChatterBot Victor round 4
ChatterBot Golf round 4
ChatterBot Romeo round 4
2024-10-14 18:53:10.209656 Echo: Same as last round
2024-10-14 18:53:10.212669 Sierra: Alpha, sending you 4
2024-10-14 18:53:10.215662 Mike: Echo, sending you 9
2024-10-14 18:53:10.218066 Sierra: X-ray, Kilo, Victor and Golf, sending you 2
2024-10-14 18:53:10.220934 Mike: Lima, sending you 7
2024-10-14 18:53:10.222677 Sierra: Romeo, sending you 3
2024-10-14 18:53:10.224660 Alpha: Sierra, sending you 4
2024-10-14 18:53:10.225108 Lima: Sending you each 3
2024-10-14 18:53:10.225669 Kilo: Sierra, X-ray, Golf and Romeo, sending you 3
2024-10-14 18:53:10.226990 X-ray: Sierra, Alpha, Victor and Golf, sending you 2
2024-10-14 18:53:10.227668 Alpha: X-ray, Kilo and Golf, sending you 2
2024-10-14 18:53:10.228663 Golf: Sierra, Alpha, X-ray, Kilo and Romeo, sending you 3
2024-10-14 18:53:10.229191 Kilo: Alpha and Victor, sending you 2
2024-10-14 18:53:10.230667 X-ray: Kilo, sending you 5
2024-10-14 18:53:10.231684 Alpha: Victor and Romeo, sending you 3
2024-10-14 18:53:10.232394 Golf: Victor, sending you 4
2024-10-14 18:53:10.233370 Victor: Sierra, X-ray and Kilo, sending you 2
2024-10-14 18:53:10.234682 X-ray: Romeo, sending you 3
2024-10-14 18:53:10.235222 Romeo: Sierra, Alpha, X-ray, Kilo and Victor, sending you 3
2024-10-14 18:53:10.236677 Victor: Alpha, Golf and Romeo, sending you 3
2024-10-14 18:53:10.240661 Romeo: Golf, sending you 2
chatterbot X-ray submitting transactions
chatterbot Alpha submitting transactions
chatterbot Victor submitting transactions
chatterbot Sierra submitting transactions
chatterbot Echo submitting transactions
chatterbot Romeo submitting transactions
chatterbot Lima submitting transactions
chatterbot Golf submitting transactions
chatterbot Mike submitting transactions
chatterbot Kilo submitting transactions
ChatterBot Sierra round 5
ChatterBot Echo round 5
ChatterBot Mike round 5
ChatterBot Alpha round 5
ChatterBot X-ray round 5
ChatterBot Lima round 5
ChatterBot Kilo round 5
ChatterBot Victor round 5
ChatterBot Golf round 5
ChatterBot Romeo round 5
2024-10-14 18:53:11.209694 Alpha: Sierra, sending you 4
2024-10-14 18:53:11.210667 Mike: Echo, sending you 6
2024-10-14 18:53:11.213890 Sierra: Alpha, sending you 4
2024-10-14 18:53:11.214893 Alpha: X-ray, Kilo and Golf, sending you 2
2024-10-14 18:53:11.218675 Mike: Lima, sending you 4
2024-10-14 18:53:11.219696 Sierra: X-ray, Kilo, Victor and Golf, sending you 2
2024-10-14 18:53:11.220506 Alpha: Victor and Romeo, sending you 3
2024-10-14 18:53:11.221718 Lima: Same as last round
2024-10-14 18:53:11.223683 Sierra: Romeo, sending you 3
2024-10-14 18:53:11.224488 Golf: Sierra, Alpha, X-ray, Kilo and Romeo, sending you 3
2024-10-14 18:53:11.228363 Kilo: Sierra, Golf and Romeo, sending you 3
2024-10-14 18:53:11.232307 X-ray: Sierra, Alpha, Victor and Golf, sending you 2
2024-10-14 18:53:11.233127 Victor: Sierra, X-ray and Kilo, sending you 2
2024-10-14 18:53:11.234885 Romeo: Sierra, Alpha, X-ray, Kilo and Victor, sending you 3
2024-10-14 18:53:11.235685 Echo: Same as last round
2024-10-14 18:53:11.236291 Golf: Victor, sending you 4
2024-10-14 18:53:11.237705 Kilo: Alpha, sending you 2
2024-10-14 18:53:11.238641 X-ray: Kilo and Romeo, sending you 4
2024-10-14 18:53:11.240744 Victor: Alpha, Golf and Romeo, sending you 3
2024-10-14 18:53:11.241568 Romeo: Golf, sending you 2
2024-10-14 18:53:11.243370 Kilo: X-ray, sending you 4
2024-10-14 18:53:11.248690 Kilo: Victor, sending you 1
chatterbot X-ray submitting transactions
chatterbot Romeo submitting transactions
chatterbot Alpha submitting transactions
chatterbot Mike submitting transactions
chatterbot Echo submitting transactions
chatterbot Sierra submitting transactions
chatterbot Golf submitting transactions
chatterbot Kilo submitting transactions
chatterbot Victor submitting transactions
chatterbot Lima submitting transactions
ChatterBot Sierra round 6
ChatterBot Echo round 6
ChatterBot Mike round 6
ChatterBot Alpha round 6
ChatterBot X-ray round 6
ChatterBot Lima round 6
ChatterBot Kilo round 6
ChatterBot Victor round 6
2024-10-14 18:53:12.353997 Echo: We should add Sierra
2024-10-14 18:53:12.359632 Mike: No
2024-10-14 18:53:12.359830 Lima: No
ChatterBot Echo reevaluating
ChatterBot Echo reevaluating
ChatterBot Golf round 6
ChatterBot Romeo round 6
2024-10-14 18:53:12.389244 Echo: We should add Alpha
2024-10-14 18:53:12.393759 Mike: No
2024-10-14 18:53:12.393901 Lima: No
ChatterBot Echo reevaluating
ChatterBot Echo reevaluating
2024-10-14 18:53:12.402986 Echo: We should add Kilo
2024-10-14 18:53:12.407104 Mike: No
2024-10-14 18:53:12.407217 Lima: No
ChatterBot Echo reevaluating
ChatterBot Echo reevaluating
2024-10-14 18:53:12.416167 Echo: We should add Romeo
2024-10-14 18:53:12.420099 Mike: No
2024-10-14 18:53:12.420216 Lima: No
ChatterBot Echo reevaluating
ChatterBot Echo reevaluating
2024-10-14 18:53:12.428979 Echo: We should add X-ray
2024-10-14 18:53:12.432996 Mike: Yes
2024-10-14 18:53:12.433128 Lima: Yes
ChatterBot Echo reevaluating
ChatterBot Echo reevaluating
2024-10-14 18:53:12.447522 Echo: X-ray we want you to join our group
2024-10-14 18:53:12.449621 X-ray: No
ChatterBot Echo reevaluating
2024-10-14 18:53:12.456338 X-ray: Sierra, Alpha, Victor and Golf, sending you 2
2024-10-14 18:53:12.459702 X-ray: Kilo, sending you 4
2024-10-14 18:53:12.461676 Kilo: Sierra, Alpha and Victor, sending you 2
2024-10-14 18:53:12.463674 Sierra: Alpha, sending you 4
2024-10-14 18:53:12.464762 X-ray: Romeo, sending you 3
2024-10-14 18:53:12.466678 Kilo: X-ray, sending you 4
2024-10-14 18:53:12.467683 Sierra: X-ray, Kilo, Victor, Golf and Romeo, sending you 2
2024-10-14 18:53:12.468275 Lima: Same as last round
2024-10-14 18:53:12.468552 Victor: Sierra, X-ray and Kilo, sending you 2
2024-10-14 18:53:12.469674 Alpha: Sierra, sending you 4
2024-10-14 18:53:12.470561 Mike: Echo, sending you 9
2024-10-14 18:53:12.470825 Kilo: Golf and Romeo, sending you 3
2024-10-14 18:53:12.471375 Romeo: Sierra, Alpha, X-ray, Kilo and Victor, sending you 3
2024-10-14 18:53:12.473660 Victor: Alpha, Golf and Romeo, sending you 3
2024-10-14 18:53:12.474673 Alpha: X-ray, Kilo and Golf, sending you 2
2024-10-14 18:53:12.475301 Mike: Lima, sending you 7
2024-10-14 18:53:12.475609 Golf: I was attacked by Mike
ChatterBot Sierra reevaluating
ChatterBot Alpha reevaluating
ChatterBot X-ray reevaluating
ChatterBot Kilo reevaluating
ChatterBot Victor reevaluating
ChatterBot Romeo reevaluating
2024-10-14 18:53:12.493941 Golf: I'm keeping this round to protect myself
2024-10-14 18:53:12.495643 Golf: Ow
2024-10-14 18:53:12.498753 Echo: Mike, sending you 6
2024-10-14 18:53:12.503689 Echo: X-ray, sending you 4
2024-10-14 18:53:12.508696 Echo: Lima, sending you 5
2024-10-14 18:53:12.512686 Victor: Sending you each 2
2024-10-14 18:53:12.514677 Sierra: Alpha, sending you 2
2024-10-14 18:53:12.515693 Romeo: Sierra, Victor and Golf, sending you 2
2024-10-14 18:53:12.517074 Kilo: Sierra, Alpha, Golf and Romeo, sending you 2
2024-10-14 18:53:12.518098 X-ray: Sierra, Alpha, Victor and Golf, sending you 1
2024-10-14 18:53:12.519099 Sierra: X-ray, Kilo, Victor, Golf and Romeo, sending you 1
2024-10-14 18:53:12.521688 Kilo: X-ray, sending you 3
2024-10-14 18:53:12.522341 X-ray: Kilo and Romeo, sending you 2
2024-10-14 18:53:12.526657 Kilo: Victor, sending you 1
chatterbot X-ray submitting transactions
chatterbot Mike submitting transactions
chatterbot Golf submitting transactions
chatterbot Alpha submitting transactions
chatterbot Echo submitting transactions
chatterbot Lima submitting transactions
chatterbot Victor submitting transactions
chatterbot Kilo submitting transactions
chatterbot Sierra submitting transactions
chatterbot Romeo submitting transactions
ChatterBot Sierra round 7
ChatterBot Echo round 7
ChatterBot Mike round 7
ChatterBot Alpha round 7
ChatterBot X-ray round 7
ChatterBot Lima round 7
ChatterBot Kilo round 7
ChatterBot Victor round 7
ChatterBot Golf round 7
ChatterBot Romeo round 7
2024-10-14 18:53:13.793112 Echo: We should drop X-ray
2024-10-14 18:53:13.798445 Mike: Yes
2024-10-14 18:53:13.798603 Lima: Yes
2024-10-14 18:53:13.807383 Mike: I was attacked by Sierra, X-ray, Kilo, Victor and Romeo
ChatterBot Echo reevaluating
ChatterBot Lima reevaluating
2024-10-14 18:53:13.812182 Mike: I'm keeping this round to protect myself
2024-10-14 18:53:13.812628 Mike: Ow
2024-10-14 18:53:13.813045 Alpha: Sierra, sending you 4
2024-10-14 18:53:13.815669 Sierra: Alpha, sending you 4
2024-10-14 18:53:13.816673 Alpha: X-ray, Kilo and Golf, sending you 2
2024-10-14 18:53:13.817679 Golf: Sierra, Alpha, Kilo, Victor and Romeo, sending you 3
2024-10-14 18:53:13.818504 X-ray: Sierra, Victor and Golf, sending you 2
2024-10-14 18:53:13.819790 Sierra: X-ray and Victor, sending you 2
2024-10-14 18:53:13.821660 Alpha: Victor and Romeo, sending you 3
2024-10-14 18:53:13.822256 Golf: X-ray, sending you 1
2024-10-14 18:53:13.823679 X-ray: Alpha and Romeo, sending you 3
2024-10-14 18:53:13.824304 Victor: Sierra, X-ray, Kilo and Golf, sending you 2
2024-10-14 18:53:13.824884 Sierra: Kilo and Romeo, sending you 3
2024-10-14 18:53:13.826682 Kilo: Sierra, Alpha, Victor and Golf, sending you 2
2024-10-14 18:53:13.828934 X-ray: Kilo, sending you 4
2024-10-14 18:53:13.829609 Victor: Alpha, sending you 4
2024-10-14 18:53:13.830326 Sierra: Golf, sending you 1
2024-10-14 18:53:13.830934 Kilo: X-ray and Romeo, sending you 4
2024-10-14 18:53:13.831663 Romeo: Sierra, Alpha, X-ray, Kilo and Victor, sending you 3
2024-10-14 18:53:13.834672 Victor: Romeo, sending you 3
2024-10-14 18:53:13.836655 Romeo: Golf, sending you 2
2024-10-14 18:53:13.837263 Lima: Echo, sending you 3
2024-10-14 18:53:13.840662 Lima: Mike, sending you 1
2024-10-14 18:53:13.846682 Echo: Mike, sending you 3
2024-10-14 18:53:13.850650 Echo: Lima, sending you 7
chatterbot Mike submitting transactions
chatterbot Lima submitting transactions
chatterbot Victor submitting transactions
chatterbot Kilo submitting transactions
chatterbot Golf submitting transactions
chatterbot X-ray submitting transactions
chatterbot Romeo submitting transactions
chatterbot Echo submitting transactions
chatterbot Sierra submitting transactions
chatterbot Alpha submitting transactions
ChatterBot Sierra round 8
ChatterBot Echo round 8
ChatterBot Mike round 8
ChatterBot Alpha round 8
ChatterBot X-ray round 8
ChatterBot Lima round 8
ChatterBot Kilo round 8
ChatterBot Victor round 8
ChatterBot Golf round 8
ChatterBot Romeo round 8
2024-10-14 18:53:14.836669 Echo: Mike, sending you 3
2024-10-14 18:53:14.840673 Echo: Lima, sending you 8
2024-10-14 18:53:14.845679 X-ray: Sierra, Alpha, Victor and Golf, sending you 2
2024-10-14 18:53:14.846751 Kilo: Sierra and Romeo, sending you 3
2024-10-14 18:53:14.849670 Sierra: Alpha, sending you 4
2024-10-14 18:53:14.850359 X-ray: Kilo, sending you 5
2024-10-14 18:53:14.851064 Romeo: Sierra, Alpha, X-ray, Kilo and Victor, sending you 3
2024-10-14 18:53:14.851758 Kilo: Alpha, Victor and Golf, sending you 2
2024-10-14 18:53:14.852933 Lima: Echo, sending you 2
2024-10-14 18:53:14.853671 Golf: Sierra, Alpha, X-ray, Victor and Romeo, sending you 3
2024-10-14 18:53:14.854670 Alpha: Sierra, sending you 4
2024-10-14 18:53:14.855402 Sierra: X-ray, Kilo, Victor and Golf, sending you 2
2024-10-14 18:53:14.856177 X-ray: Romeo, sending you 3
2024-10-14 18:53:14.856887 Romeo: Golf, sending you 2
2024-10-14 18:53:14.857564 Kilo: X-ray, sending you 4
2024-10-14 18:53:14.858511 Lima: Mike, sending you 1
2024-10-14 18:53:14.858846 Golf: Kilo, sending you 4
2024-10-14 18:53:14.859637 Victor: Sierra, X-ray, Kilo and Golf, sending you 2
2024-10-14 18:53:14.860403 Alpha: X-ray, Kilo and Golf, sending you 2
2024-10-14 18:53:14.861157 Sierra: Romeo, sending you 3
2024-10-14 18:53:14.863707 Victor: Alpha, sending you 4
2024-10-14 18:53:14.864490 Alpha: Victor and Romeo, sending you 3
2024-10-14 18:53:14.867718 Victor: Romeo, sending you 3
chatterbot Golf submitting transactions
chatterbot Sierra submitting transactions
chatterbot Kilo submitting transactions
chatterbot Victor submitting transactions
chatterbot X-ray submitting transactions
chatterbot Alpha submitting transactions
chatterbot Lima submitting transactions
chatterbot Mike submitting transactions
chatterbot Romeo submitting transactions
chatterbot Echo submitting transactions
ChatterBot Sierra round 9
ChatterBot Echo round 9
ChatterBot Mike round 9
ChatterBot Alpha round 9
ChatterBot X-ray round 9
ChatterBot Lima round 9
ChatterBot Kilo round 9
ChatterBot Victor round 9
ChatterBot Golf round 9
ChatterBot Romeo round 9
2024-10-14 18:53:16.035661 Echo: Mike, sending you 4
2024-10-14 18:53:16.040663 Echo: Lima, sending you 8
2024-10-14 18:53:16.043674 Mike: Echo, sending you 8
2024-10-14 18:53:16.044679 Sierra: Alpha, sending you 4
2024-10-14 18:53:16.046470 Lima: Echo, sending you 2
2024-10-14 18:53:16.048708 Mike: Lima, sending you 7
2024-10-14 18:53:16.049669 Sierra: X-ray and Golf, sending you 2
2024-10-14 18:53:16.050698 Kilo: Sierra and Romeo, sending you 3
2024-10-14 18:53:16.052458 Lima: Mike, sending you 1
2024-10-14 18:53:16.053 Romeo: Sierra, Alpha, X-ray, Kilo and Victor, sending you 3
2024-10-14 18:53:16.054213 Sierra: Kilo and Romeo, sending you 3
2024-10-14 18:53:16.055885 Victor: Sierra, X-ray, Kilo and Golf, sending you 2
2024-10-14 18:53:16.057061 X-ray: Sierra, Alpha, Victor and Golf, sending you 2
2024-10-14 18:53:16.058609 Alpha: Sierra, sending you 4
2024-10-14 18:53:16.059567 Kilo: Alpha, Victor and Golf, sending you 2
2024-10-14 18:53:16.060296 Romeo: Golf, sending you 2
2024-10-14 18:53:16.061023 Golf: Sierra, Alpha, X-ray, Victor and Romeo, sending you 3
2024-10-14 18:53:16.063831 Victor: Alpha, sending you 4
2024-10-14 18:53:16.065230 Sierra: Victor, sending you 1
2024-10-14 18:53:16.066078 X-ray: Kilo and Romeo, sending you 4
2024-10-14 18:53:16.067495 Alpha: X-ray, Kilo and Golf, sending you 2
2024-10-14 18:53:16.068830 Kilo: X-ray, sending you 4
2024-10-14 18:53:16.069804 Golf: Kilo, sending you 4
2024-10-14 18:53:16.073884 Victor: Romeo, sending you 3
2024-10-14 18:53:16.075156 Alpha: Victor and Romeo, sending you 3
chatterbot Mike submitting transactions
chatterbot Golf submitting transactions
chatterbot Victor submitting transactions
chatterbot Kilo submitting transactions
chatterbot Alpha submitting transactions
chatterbot Lima submitting transactions
chatterbot Sierra submitting transactions
chatterbot X-ray submitting transactions
chatterbot Echo submitting transactions
chatterbot Romeo submitting transactions
ChatterBot Sierra round 10
ChatterBot Echo round 10
ChatterBot Mike round 10
ChatterBot Alpha round 10
ChatterBot X-ray round 10
ChatterBot Lima round 10
ChatterBot Kilo round 10
ChatterBot Victor round 10
ChatterBot Golf round 10
ChatterBot Romeo round 10
2024-10-14 18:53:17.198668 X-ray: Sierra, Alpha, Victor and Golf, sending you 2
2024-10-14 18:53:17.203684 X-ray: Kilo and Romeo, sending you 4
2024-10-14 18:53:17.205702 Lima: Echo, sending you 2
2024-10-14 18:53:17.206773 Mike: Echo, sending you 9
2024-10-14 18:53:17.207657 Alpha: Sierra, sending you 4
2024-10-14 18:53:17.209734 Lima: Mike, sending you 1
2024-10-14 18:53:17.210244 Mike: Lima, sending you 7
2024-10-14 18:53:17.210750 Alpha: X-ray, Kilo and Golf, sending you 2
2024-10-14 18:53:17.212779 Sierra: Alpha, sending you 4
2024-10-14 18:53:17.214802 Victor: Sierra, X-ray, Kilo and Golf, sending you 2
2024-10-14 18:53:17.218476 Golf: Sierra, Alpha, X-ray, Victor and Romeo, sending you 3
2024-10-14 18:53:17.220691 Romeo: Sierra, Alpha, X-ray, Kilo and Victor, sending you 3
2024-10-14 18:53:17.222766 Alpha: Victor and Romeo, sending you 3
2024-10-14 18:53:17.225851 Echo: Mike, sending you 4
2024-10-14 18:53:17.226579 Sierra: X-ray and Golf, sending you 2
2024-10-14 18:53:17.228647 Kilo: Sierra, X-ray, Golf and Romeo, sending you 3
2024-10-14 18:53:17.230803 Victor: Alpha, sending you 4
2024-10-14 18:53:17.233723 Golf: Kilo, sending you 4
2024-10-14 18:53:17.235847 Romeo: Golf, sending you 2
2024-10-14 18:53:17.238859 Echo: Lima, sending you 8
2024-10-14 18:53:17.239555 Sierra: Kilo and Romeo, sending you 3
2024-10-14 18:53:17.241332 Kilo: Alpha and Victor, sending you 2
2024-10-14 18:53:17.243207 Victor: Romeo, sending you 3
2024-10-14 18:53:17.246232 Sierra: Victor, sending you 1
chatterbot Victor submitting transactions
chatterbot Lima submitting transactions
chatterbot Mike submitting transactions
chatterbot Kilo submitting transactions
chatterbot Alpha submitting transactions
chatterbot Sierra submitting transactions
chatterbot Romeo submitting transactions
chatterbot X-ray submitting transactions
chatterbot Echo submitting transactions
chatterbot Golf submitting transactions
ChatterBot Sierra round 11
ChatterBot Echo round 11
ChatterBot Mike round 11
ChatterBot Alpha round 11
ChatterBot X-ray round 11
ChatterBot Lima round 11
ChatterBot Kilo round 11
ChatterBot Victor round 11
ChatterBot Golf round 11
ChatterBot Romeo round 11
2024-10-14 18:53:18.321701 Echo: Mike, sending you 4
2024-10-14 18:53:18.322710 Sierra: Alpha, sending you 4
2024-10-14 18:53:18.326710 Echo: Lima, sending you 8
2024-10-14 18:53:18.327223 Sierra: X-ray and Golf, sending you 2
2024-10-14 18:53:18.330698 Alpha: Sierra, sending you 4
2024-10-14 18:53:18.331808 Sierra: Kilo and Romeo, sending you 3
2024-10-14 18:53:18.332925 Romeo: Sierra, Alpha, X-ray, Kilo and Victor, sending you 3
2024-10-14 18:53:18.334627 Victor: Sierra, X-ray, Kilo and Golf, sending you 2
2024-10-14 18:53:18.335718 Lima: Echo, sending you 2
2024-10-14 18:53:18.336157 Alpha: X-ray, Kilo and Golf, sending you 2
2024-10-14 18:53:18.337286 Romeo: Golf, sending you 2
2024-10-14 18:53:18.339241 Mike: Echo, sending you 9
2024-10-14 18:53:18.339665 Sierra: Victor, sending you 1
2024-10-14 18:53:18.340751 X-ray: Sierra, Alpha, Victor and Golf, sending you 2
2024-10-14 18:53:18.341871 Lima: Mike, sending you 1
2024-10-14 18:53:18.342605 Kilo: Sierra, X-ray, Golf and Romeo, sending you 3
2024-10-14 18:53:18.343730 Victor: Alpha, sending you 4
2024-10-14 18:53:18.344873 Alpha: Victor and Romeo, sending you 3
2024-10-14 18:53:18.346450 Mike: Lima, sending you 7
2024-10-14 18:53:18.346887 X-ray: Kilo and Romeo, sending you 4
2024-10-14 18:53:18.347959 Golf: Sierra, Alpha, X-ray, Victor and Romeo, sending you 3
2024-10-14 18:53:18.349076 Kilo: Alpha and Victor, sending you 2
2024-10-14 18:53:18.350669 Victor: Romeo, sending you 3
2024-10-14 18:53:18.354109 Golf: Kilo, sending you 4
chatterbot Alpha submitting transactions
chatterbot Romeo submitting transactions
chatterbot Victor submitting transactions
chatterbot Kilo submitting transactions
chatterbot X-ray submitting transactions
chatterbot Sierra submitting transactions
chatterbot Echo submitting transactions
chatterbot Golf submitting transactions
chatterbot Lima submitting transactions
chatterbot Mike submitting transactions
ChatterBot Sierra round 12
ChatterBot Echo round 12
ChatterBot Mike round 12
ChatterBot Alpha round 12
ChatterBot X-ray round 12
ChatterBot Lima round 12
ChatterBot Kilo round 12
ChatterBot Victor round 12
ChatterBot Golf round 12
ChatterBot Romeo round 12
2024-10-14 18:53:19.551679 Echo: Mike, sending you 4
2024-10-14 18:53:19.552152 Mike: Echo, sending you 9
2024-10-14 18:53:19.553690 Sierra: Alpha, sending you 4
2024-10-14 18:53:19.554886 Echo: Lima, sending you 8
2024-10-14 18:53:19.555689 X-ray: Sierra, Alpha, Victor and Golf, sending you 2
2024-10-14 18:53:19.557310 Mike: Lima, sending you 7
2024-10-14 18:53:19.557748 Sierra: X-ray and Golf, sending you 2
2024-10-14 18:53:19.559193 Golf: Sierra, Alpha, X-ray, Victor and Romeo, sending you 3
2024-10-14 18:53:19.560763 X-ray: Kilo and Romeo, sending you 4
2024-10-14 18:53:19.561893 Alpha: Sierra, sending you 4
2024-10-14 18:53:19.562679 Lima: Echo, sending you 2
2024-10-14 18:53:19.562992 Sierra: Kilo and Romeo, sending you 3
2024-10-14 18:53:19.564273 Golf: Kilo, sending you 4
2024-10-14 18:53:19.566694 Alpha: X-ray, Kilo and Golf, sending you 2
2024-10-14 18:53:19.568449 Lima: Mike, sending you 1
2024-10-14 18:53:19.568874 Sierra: Victor, sending you 1
2024-10-14 18:53:19.570125 Kilo: Sierra, X-ray, Golf and Romeo, sending you 3
2024-10-14 18:53:19.571864 Alpha: Victor and Romeo, sending you 3
2024-10-14 18:53:19.573196 Victor: Alpha, sending you 1
2024-10-14 18:53:19.574490 Kilo: Alpha and Victor, sending you 2
2024-10-14 18:53:19.576094 Romeo: Sierra, Alpha, X-ray, Kilo and Victor, sending you 3
2024-10-14 18:53:19.579679 Romeo: Golf, sending you 2
chatterbot Alpha submitting transactions
chatterbot Victor submitting transactions
chatterbot Romeo submitting transactions
chatterbot Echo submitting transactions
chatterbot X-ray submitting transactions
chatterbot Mike submitting transactions
chatterbot Sierra submitting transactions
chatterbot Golf submitting transactions
chatterbot Kilo submitting transactions
chatterbot Lima submitting transactions
ChatterBot Sierra round 13
ChatterBot Echo round 13
ChatterBot Mike round 13
ChatterBot Alpha round 13
ChatterBot X-ray round 13
ChatterBot Lima round 13
2024-10-14 18:53:20.542622 Echo: We should replace Mike with Golf
ChatterBot Lima reevaluating
2024-10-14 18:53:20.547623 Lima: No
ChatterBot Kilo round 13
ChatterBot Victor round 13
ChatterBot Golf round 13
ChatterBot Romeo round 13
2024-10-14 18:53:20.568129 Echo: Golf we want you to join our group
2024-10-14 18:53:20.571199 Golf: No
ChatterBot Echo reevaluating
ChatterBot Lima reevaluating
