ChatterBot Yankee round 1
ChatterBot Delta round 1
ChatterBot Kilo round 1
randomSelections Kilo: {Kilo, India, Quebec} 
2024-10-14 18:53:04.205933 Kilo: Group up?
ChatterBot Foxtrot round 1
ChatterBot Juliett round 1
ChatterBot India round 1
ChatterBot India reevaluating
2024-10-14 18:53:04.212273 India: Yes
ChatterBot Bravo round 1
ChatterBot Hotel round 1
ChatterBot Quebec round 1
ChatterBot Quebec reevaluating
ChatterBot Quebec reevaluating
2024-10-14 18:53:04.222662 Quebec: Yes
ChatterBot India reevaluating
ChatterBot Lima round 1
randomSelections Yankee: {Yankee, Bravo, Kilo, Lima, Juliett, Delta, India, Quebec} 
2024-10-14 18:53:04.230511 Yankee: We should group up
ChatterBot Bravo reevaluating
ChatterBot Lima reevaluating
ChatterBot Juliett reevaluating
ChatterBot Delta reevaluating
ChatterBot India reevaluating
ChatterBot Quebec reevaluating
2024-10-14 18:53:04.242832 Bravo: Yes
2024-10-14 18:53:04.242971 Kilo: No
2024-10-14 18:53:04.243097 Lima: Yes
2024-10-14 18:53:04.243213 Juliett: Yes
2024-10-14 18:53:04.243307 Delta: Yes
2024-10-14 18:53:04.243424 India: No
2024-10-14 18:53:04.243547 Quebec: No
ChatterBot Lima reevaluating
ChatterBot Juliett reevaluating
ChatterBot Delta reevaluating
ChatterBot India reevaluating
ChatterBot Quebec reevaluating
ChatterBot Bravo reevaluating
ChatterBot Lima reevaluating
ChatterBot Juliett reevaluating
ChatterBot Delta reevaluating
ChatterBot India reevaluating
ChatterBot Quebec reevaluating
ChatterBot Bravo reevaluating
ChatterBot Juliett reevaluating
ChatterBot Delta reevaluating
ChatterBot India reevaluating
ChatterBot Quebec reevaluating
ChatterBot Bravo reevaluating
ChatterBot Lima reevaluating
ChatterBot Delta reevaluating
ChatterBot India reevaluating
ChatterBot Quebec reevaluating
ChatterBot Bravo reevaluating
ChatterBot Lima reevaluating
ChatterBot Juliett reevaluating
ChatterBot India reevaluating
ChatterBot Quebec reevaluating
ChatterBot Bravo reevaluating
ChatterBot Lima reevaluating
ChatterBot Juliett reevaluating
ChatterBot Delta reevaluating
ChatterBot Quebec reevaluating
ChatterBot Bravo reevaluating
ChatterBot Lima reevaluating
ChatterBot Juliett reevaluating
ChatterBot Delta reevaluating
ChatterBot India reevaluating
randomSelections Foxtrot: {Foxtrot, India, Delta, Hotel, Bravo, Yankee, Lima} 
2024-10-14 18:53:04.322635 Foxtrot: Friends?
ChatterBot India reevaluating
ChatterBot Delta reevaluating
ChatterBot Hotel reevaluating
ChatterBot Bravo reevaluating
ChatterBot Lima reevaluating
2024-10-14 18:53:04.332358 India: No
2024-10-14 18:53:04.333042 Delta: No
2024-10-14 18:53:04.333142 Hotel: Yes
2024-10-14 18:53:04.333235 Bravo: No
2024-10-14 18:53:04.333371 Yankee: No
2024-10-14 18:53:04.333473 Lima: No
ChatterBot Delta reevaluating
ChatterBot Hotel reevaluating
ChatterBot Bravo reevaluating
ChatterBot Lima reevaluating
ChatterBot India reevaluating
ChatterBot Hotel reevaluating
ChatterBot Bravo reevaluating
ChatterBot Lima reevaluating
ChatterBot India reevaluating
ChatterBot Delta reevaluating
ChatterBot Bravo reevaluating
ChatterBot Lima reevaluating
ChatterBot India reevaluating
ChatterBot Delta reevaluating
ChatterBot Hotel reevaluating
ChatterBot Lima reevaluating
ChatterBot India reevaluating
ChatterBot Delta reevaluating
ChatterBot Hotel reevaluating
ChatterBot Bravo reevaluating
ChatterBot Lima reevaluating
ChatterBot India reevaluating
ChatterBot Delta reevaluating
ChatterBot Hotel reevaluating
ChatterBot Bravo reevaluating
2024-10-14 18:53:04.472165 Kilo: Sending you each 4
2024-10-14 18:53:04.473954 Yankee: Delta and Quebec, sending you 4
2024-10-14 18:53:04.479911 Foxtrot: Yankee and Delta, sending you 4
2024-10-14 18:53:04.480650 Bravo: Yankee and Delta, sending you 2
2024-10-14 18:53:04.482509 Delta: Yankee and Lima, sending you 2
2024-10-14 18:53:04.483367 Yankee: Kilo and Juliett, sending you 1
2024-10-14 18:53:04.484857 India: Kilo, sending you 2
2024-10-14 18:53:04.485581 Juliett: Yankee, sending you 3
2024-10-14 18:53:04.486992 Hotel: Yankee and Lima, sending you 1
2024-10-14 18:53:04.488387 Foxtrot: Hotel, sending you 1
2024-10-14 18:53:04.490029 Delta: Kilo and Quebec, sending you 4
2024-10-14 18:53:04.491574 Bravo: Juliett and India, sending you 1
2024-10-14 18:53:04.492467 Quebec: Kilo, sending you 6
2024-10-14 18:53:04.493689 Yankee: India, sending you 3
2024-10-14 18:53:04.495164 India: Quebec, sending you 5
2024-10-14 18:53:04.496322 Juliett: Kilo and Quebec, sending you 2
2024-10-14 18:53:04.497846 Hotel: Delta, sending you 5
2024-10-14 18:53:04.499579 Foxtrot: Lima, sending you 7
2024-10-14 18:53:04.500347 Delta: Juliett, sending you 1
2024-10-14 18:53:04.501683 Bravo: Quebec, sending you 4
2024-10-14 18:53:04.503215 Lima: Yankee and Delta, sending you 4
2024-10-14 18:53:04.505087 Quebec: India, sending you 10
2024-10-14 18:53:04.505821 Yankee: Bravo and Lima, sending you 2
2024-10-14 18:53:04.507263 Juliett: Lima, sending you 1
2024-10-14 18:53:04.508599 Hotel: Foxtrot, sending you 3
2024-10-14 18:53:04.509374 Delta: India, sending you 3
2024-10-14 18:53:04.511139 Bravo: Lima, sending you 6
2024-10-14 18:53:04.513227 Lima: Kilo and Quebec, sending you 2
2024-10-14 18:53:04.514784 Hotel: India, sending you 2
2024-10-14 18:53:04.518930 Lima: Bravo, sending you 3
2024-10-14 18:53:04.520226 Hotel: Bravo, sending you 4
chatterbot Yankee submitting transactions
chatterbot India submitting transactions
chatterbot Quebec submitting transactions
chatterbot Lima submitting transactions
chatterbot Juliett submitting transactions
chatterbot Bravo submitting transactions
chatterbot Delta submitting transactions
chatterbot Foxtrot submitting transactions
chatterbot Kilo submitting transactions
chatterbot Hotel submitting transactions
ChatterBot Yankee round 2
ChatterBot Delta round 2
ChatterBot Kilo round 2
ChatterBot Foxtrot round 2
ChatterBot Juliett round 2
ChatterBot India round 2
2024-10-14 18:53:05.663460 India: We should add Juliett
ChatterBot Kilo reevaluating
ChatterBot Quebec reevaluating
2024-10-14 18:53:05.677483 Kilo: Yes
2024-10-14 18:53:05.677639 Quebec: No
ChatterBot Quebec reevaluating
ChatterBot Kilo reevaluating
2024-10-14 18:53:05.697605 Quebec: We should group up
ChatterBot Juliett reevaluating
2024-10-14 18:53:05.701139 Juliett: No
ChatterBot Quebec reevaluating
2024-10-14 18:53:05.709837 Juliett: Can we be friends?
ChatterBot Yankee reevaluating
ChatterBot Delta reevaluating
ChatterBot Foxtrot reevaluating
ChatterBot Bravo reevaluating
ChatterBot Hotel reevaluating
ChatterBot Lima reevaluating
2024-10-14 18:53:05.764595 Yankee: Yes
2024-10-14 18:53:05.764874 Delta: No
2024-10-14 18:53:05.765068 Foxtrot: No
2024-10-14 18:53:05.765599 Bravo: No
2024-10-14 18:53:05.765787 Hotel: No
2024-10-14 18:53:05.765932 Lima: No
ChatterBot Juliett reevaluating
ChatterBot Delta reevaluating
ChatterBot Foxtrot reevaluating
ChatterBot Bravo reevaluating
ChatterBot Hotel reevaluating
ChatterBot Lima reevaluating
ChatterBot Juliett reevaluating
ChatterBot Yankee reevaluating
ChatterBot Foxtrot reevaluating
ChatterBot Bravo reevaluating
ChatterBot Hotel reevaluating
ChatterBot Lima reevaluating
ChatterBot Juliett reevaluating
ChatterBot Yankee reevaluating
ChatterBot Delta reevaluating
ChatterBot Bravo reevaluating
ChatterBot Hotel reevaluating
ChatterBot Lima reevaluating
ChatterBot Juliett reevaluating
ChatterBot Yankee reevaluating
ChatterBot Delta reevaluating
ChatterBot Foxtrot reevaluating
ChatterBot Hotel reevaluating
ChatterBot Lima reevaluating
ChatterBot Juliett reevaluating
ChatterBot Yankee reevaluating
ChatterBot Delta reevaluating
ChatterBot Foxtrot reevaluating
ChatterBot Bravo reevaluating
ChatterBot Lima reevaluating
ChatterBot Juliett reevaluating
ChatterBot Yankee reevaluating
ChatterBot Delta reevaluating
ChatterBot Foxtrot reevaluating
ChatterBot Bravo reevaluating
ChatterBot Hotel reevaluating
2024-10-14 18:53:06.276652 Foxtrot: We should replace India with Juliett
ChatterBot Delta reevaluating
ChatterBot Yankee reevaluating
ChatterBot Bravo reevaluating
ChatterBot Hotel reevaluating
ChatterBot Lima reevaluating
2024-10-14 18:53:06.353442 Delta: Yes
2024-10-14 18:53:06.354147 Yankee: Yes
2024-10-14 18:53:06.354301 Bravo: No
2024-10-14 18:53:06.354456 Hotel: Yes
2024-10-14 18:53:06.354622 Lima: No
ChatterBot Yankee reevaluating
ChatterBot Foxtrot reevaluating
ChatterBot Bravo reevaluating
ChatterBot Hotel reevaluating
ChatterBot Lima reevaluating
ChatterBot Delta reevaluating
ChatterBot Foxtrot reevaluating
ChatterBot Bravo reevaluating
ChatterBot Hotel reevaluating
ChatterBot Lima reevaluating
ChatterBot Delta reevaluating
ChatterBot Yankee reevaluating
ChatterBot Foxtrot reevaluating
ChatterBot Hotel reevaluating
ChatterBot Lima reevaluating
ChatterBot Delta reevaluating
ChatterBot Yankee reevaluating
ChatterBot Foxtrot reevaluating
ChatterBot Bravo reevaluating
ChatterBot Lima reevaluating
ChatterBot Delta reevaluating
ChatterBot Yankee reevaluating
ChatterBot Foxtrot reevaluating
ChatterBot Bravo reevaluating
ChatterBot Hotel reevaluating
ChatterBot Bravo round 2
ChatterBot Hotel round 2
ChatterBot Quebec round 2
ChatterBot Lima round 2
2024-10-14 18:53:06.592947 India: Juliett we want you to join our group
ChatterBot Juliett reevaluating
2024-10-14 18:53:06.597124 Juliett: No
ChatterBot India reevaluating
ChatterBot Kilo reevaluating
ChatterBot Quebec reevaluating
2024-10-14 18:53:06.609928 India: Group up?
ChatterBot Kilo reevaluating
ChatterBot Quebec reevaluating
ChatterBot Yankee reevaluating
ChatterBot Delta reevaluating
ChatterBot Foxtrot reevaluating
ChatterBot Bravo reevaluating
ChatterBot Hotel reevaluating
ChatterBot Lima reevaluating
2024-10-14 18:53:06.641978 Kilo: No
2024-10-14 18:53:06.642138 Quebec: Yes
2024-10-14 18:53:06.642255 Yankee: No
2024-10-14 18:53:06.642357 Delta: No
2024-10-14 18:53:06.642465 Foxtrot: No
2024-10-14 18:53:06.642572 Bravo: No
2024-10-14 18:53:06.642683 Hotel: No
2024-10-14 18:53:06.642796 Lima: No
ChatterBot India reevaluating
ChatterBot Quebec reevaluating
ChatterBot Yankee reevaluating
ChatterBot Delta reevaluating
ChatterBot Foxtrot reevaluating
ChatterBot Bravo reevaluating
ChatterBot Hotel reevaluating
ChatterBot Lima reevaluating
ChatterBot India reevaluating
ChatterBot Kilo reevaluating
ChatterBot Yankee reevaluating
ChatterBot Delta reevaluating
ChatterBot Foxtrot reevaluating
ChatterBot Bravo reevaluating
ChatterBot Hotel reevaluating
ChatterBot Lima reevaluating
ChatterBot India reevaluating
ChatterBot Kilo reevaluating
ChatterBot Quebec reevaluating
ChatterBot Delta reevaluating
ChatterBot Foxtrot reevaluating
ChatterBot Bravo reevaluating
ChatterBot Hotel reevaluating
ChatterBot Lima reevaluating
ChatterBot India reevaluating
ChatterBot Kilo reevaluating
ChatterBot Quebec reevaluating
ChatterBot Yankee reevaluating
ChatterBot Foxtrot reevaluating
ChatterBot Bravo reevaluating
ChatterBot Hotel reevaluating
ChatterBot Lima reevaluating
2024-10-14 18:53:06.786103 Quebec: Let's form a team
ChatterBot India reevaluating
ChatterBot Kilo reevaluating
ChatterBot Quebec reevaluating
ChatterBot Yankee reevaluating
ChatterBot Delta reevaluating
ChatterBot Bravo reevaluating
ChatterBot Hotel reevaluating
ChatterBot Lima reevaluating
ChatterBot India reevaluating
ChatterBot Kilo reevaluating
ChatterBot Quebec reevaluating
ChatterBot Yankee reevaluating
ChatterBot Delta reevaluating
ChatterBot Foxtrot reevaluating
ChatterBot Hotel reevaluating
ChatterBot Lima reevaluating
ChatterBot India reevaluating
ChatterBot Kilo reevaluating
ChatterBot Quebec reevaluating
ChatterBot Yankee reevaluating
ChatterBot Delta reevaluating
ChatterBot Foxtrot reevaluating
ChatterBot Bravo reevaluating
ChatterBot Lima reevaluating
ChatterBot India reevaluating
ChatterBot Kilo reevaluating
ChatterBot Quebec reevaluating
ChatterBot Yankee reevaluating
ChatterBot Delta reevaluating
ChatterBot Foxtrot reevaluating
ChatterBot Bravo reevaluating
ChatterBot Hotel reevaluating
ChatterBot India reevaluating
ChatterBot Kilo reevaluating
ChatterBot Yankee reevaluating
ChatterBot Delta reevaluating
ChatterBot Foxtrot reevaluating
ChatterBot Bravo reevaluating
ChatterBot Hotel reevaluating
ChatterBot Lima reevaluating
2024-10-14 18:53:07.126683 India: Yes
2024-10-14 18:53:07.127112 Kilo: Yes
2024-10-14 18:53:07.127642 Yankee: No
2024-10-14 18:53:07.128621 Delta: No
2024-10-14 18:53:07.129687 Foxtrot: No
2024-10-14 18:53:07.130248 Bravo: No
2024-10-14 18:53:07.130532 Hotel: No
2024-10-14 18:53:07.131346 Lima: No
ChatterBot Kilo reevaluating
ChatterBot Quebec reevaluating
ChatterBot Yankee reevaluating
ChatterBot Delta reevaluating
ChatterBot Foxtrot reevaluating
ChatterBot Bravo reevaluating
ChatterBot Hotel reevaluating
ChatterBot Lima reevaluating
ChatterBot India reevaluating
ChatterBot Quebec reevaluating
ChatterBot Yankee reevaluating
ChatterBot Delta reevaluating
ChatterBot Foxtrot reevaluating
ChatterBot Bravo reevaluating
ChatterBot Hotel reevaluating
ChatterBot Lima reevaluating
ChatterBot India reevaluating
ChatterBot Kilo reevaluating
ChatterBot Quebec reevaluating
ChatterBot Delta reevaluating
ChatterBot Foxtrot reevaluating
ChatterBot Bravo reevaluating
ChatterBot Hotel reevaluating
ChatterBot Lima reevaluating
ChatterBot India reevaluating
ChatterBot Kilo reevaluating
ChatterBot Quebec reevaluating
ChatterBot Yankee reevaluating
ChatterBot Foxtrot reevaluating
ChatterBot Bravo reevaluating
ChatterBot Hotel reevaluating
ChatterBot Lima reevaluating
ChatterBot India reevaluating
ChatterBot Kilo reevaluating
ChatterBot Quebec reevaluating
ChatterBot Yankee reevaluating
ChatterBot Delta reevaluating
ChatterBot Bravo reevaluating
ChatterBot Hotel reevaluating
ChatterBot Lima reevaluating
ChatterBot India reevaluating
ChatterBot Kilo reevaluating
ChatterBot Quebec reevaluating
ChatterBot Yankee reevaluating
ChatterBot Delta reevaluating
ChatterBot Foxtrot reevaluating
ChatterBot Hotel reevaluating
ChatterBot Lima reevaluating
ChatterBot India reevaluating
ChatterBot Kilo reevaluating
ChatterBot Quebec reevaluating
ChatterBot Yankee reevaluating
ChatterBot Delta reevaluating
ChatterBot Foxtrot reevaluating
ChatterBot Bravo reevaluating
ChatterBot Lima reevaluating
ChatterBot India reevaluating
ChatterBot Kilo reevaluating
ChatterBot Quebec reevaluating
ChatterBot Yankee reevaluating
ChatterBot Delta reevaluating
ChatterBot Foxtrot reevaluating
ChatterBot Bravo reevaluating
ChatterBot Hotel reevaluating
2024-10-14 18:53:07.558290 Hotel: We should replace India with Juliett
ChatterBot Delta reevaluating
2024-10-14 18:53:07.575630 Delta: No
2024-10-14 18:53:07.575803 Yankee: Yes
2024-10-14 18:53:07.576417 Foxtrot: Yes
2024-10-14 18:53:07.576530 Bravo: Yes
2024-10-14 18:53:07.576669 Lima: Yes
ChatterBot Delta reevaluating
ChatterBot Delta reevaluating
ChatterBot Delta reevaluating
ChatterBot Foxtrot reevaluating
ChatterBot Delta reevaluating
ChatterBot Foxtrot reevaluating
2024-10-14 18:53:07.762899 Hotel: Juliett we want you to join our group
2024-10-14 18:53:07.769796 Juliett: Yes
ChatterBot Delta reevaluating
ChatterBot Foxtrot reevaluating
2024-10-14 18:53:07.808443 Juliett: Yankee, Delta and Bravo, sending you 2
2024-10-14 18:53:07.821461 Kilo: Juliett and Quebec, sending you 4
2024-10-14 18:53:07.822421 Foxtrot: Juliett we want you to join our group
2024-10-14 18:53:07.827139 Juliett: Yes
ChatterBot Delta reevaluating
2024-10-14 18:53:07.853200 Quebec: Yankee, Delta, Bravo and Lima, sending you 2
2024-10-14 18:53:07.854359 India: Yankee, Delta, Kilo, Bravo and Hotel, sending you 1
2024-10-14 18:53:07.855394 Lima: Yankee and Delta, sending you 2
2024-10-14 18:53:07.856411 Juliett: Foxtrot, Hotel and Lima, sending you 1
2024-10-14 18:53:07.856844 Bravo: Yankee and Lima, sending you 3
2024-10-14 18:53:07.857963 Yankee: Delta, Foxtrot, Juliett, Bravo, Hotel and Lima, sending you 3
2024-10-14 18:53:07.858683 Kilo: India, sending you 5
2024-10-14 18:53:07.859655 Quebec: Kilo and India, sending you 3
2024-10-14 18:53:07.860606 Lima: Foxtrot, sending you 5
2024-10-14 18:53:07.861088 India: Quebec, sending you 2
2024-10-14 18:53:07.901867 Bravo: Delta, Foxtrot and Juliett, sending you 2
2024-10-14 18:53:07.902626 Hotel: Yankee, Delta, Juliett, Bravo and Lima, sending you 2
2024-10-14 18:53:07.903761 Quebec: Foxtrot and Hotel, sending you 1
2024-10-14 18:53:07.904945 Lima: Juliett and Hotel, sending you 1
2024-10-14 18:53:07.910666 Bravo: Hotel, sending you 4
2024-10-14 18:53:07.910988 Hotel: Foxtrot, sending you 6
2024-10-14 18:53:07.911729 Delta: Yankee and Lima, sending you 4
2024-10-14 18:53:07.912077 Lima: Bravo, sending you 4
2024-10-14 18:53:07.912353 Foxtrot: Hotel, sending you 14
2024-10-14 18:53:07.915216 Delta: Foxtrot and Hotel, sending you 3
2024-10-14 18:53:07.959363 Delta: Bravo, sending you 1
chatterbot Yankee submitting transactions
chatterbot Bravo submitting transactions
chatterbot Kilo submitting transactions
chatterbot Foxtrot submitting transactions
chatterbot Delta submitting transactions
chatterbot Juliett submitting transactions
chatterbot India submitting transactions
chatterbot Lima submitting transactions
chatterbot Hotel submitting transactions
chatterbot Quebec submitting transactions
ChatterBot Yankee round 3
ChatterBot Delta round 3
ChatterBot Kilo round 3
ChatterBot Foxtrot round 3
ChatterBot Juliett round 3
ChatterBot India round 3
ChatterBot Bravo round 3
ChatterBot Hotel round 3
ChatterBot Quebec round 3
ChatterBot Lima round 3
2024-10-14 18:53:08.665604 India: Friends?
ChatterBot Bravo reevaluating
ChatterBot Lima reevaluating
ChatterBot Quebec reevaluating
2024-10-14 18:53:08.715449 Yankee: No
2024-10-14 18:53:08.715700 Bravo: No
2024-10-14 18:53:08.715881 Kilo: Yes
2024-10-14 18:53:08.716515 Lima: No
2024-10-14 18:53:08.716690 Juliett: No
2024-10-14 18:53:08.716858 Delta: No
2024-10-14 18:53:08.717033 Quebec: Yes
ChatterBot Bravo reevaluating
ChatterBot Lima reevaluating
ChatterBot India reevaluating
ChatterBot Quebec reevaluating
ChatterBot Kilo reevaluating
ChatterBot Lima reevaluating
ChatterBot India reevaluating
ChatterBot Quebec reevaluating
ChatterBot Bravo reevaluating
ChatterBot Lima reevaluating
ChatterBot India reevaluating
ChatterBot Quebec reevaluating
ChatterBot Bravo reevaluating
ChatterBot Kilo reevaluating
ChatterBot India reevaluating
ChatterBot Quebec reevaluating
ChatterBot Bravo reevaluating
ChatterBot Kilo reevaluating
ChatterBot Lima reevaluating
ChatterBot India reevaluating
ChatterBot Quebec reevaluating
ChatterBot Bravo reevaluating
ChatterBot Kilo reevaluating
ChatterBot Lima reevaluating
ChatterBot India reevaluating
ChatterBot Quebec reevaluating
ChatterBot Bravo reevaluating
ChatterBot Kilo reevaluating
ChatterBot Lima reevaluating
ChatterBot India reevaluating
2024-10-14 18:53:09.049972 Yankee: Delta, sending you 4
2024-10-14 18:53:09.053739 Yankee: Foxtrot, Juliett, Bravo, Hotel and Lima, sending you 3
2024-10-14 18:53:09.060014 Kilo: Juliett and Quebec, sending you 4
2024-10-14 18:53:09.061221 Hotel: Yankee, Delta and Bravo, sending you 3
2024-10-14 18:53:09.062605 Delta: Yankee, Hotel and Lima, sending you 4
2024-10-14 18:53:09.064675 Kilo: India, sending you 5
2024-10-14 18:53:09.065181 Hotel: Foxtrot, sending you 4
2024-10-14 18:53:09.066381 India: Kilo and Quebec, sending you 3
2024-10-14 18:53:09.067003 Foxtrot: Yankee and Delta, sending you 2
2024-10-14 18:53:09.068218 Delta: Foxtrot and Bravo, sending you 2
2024-10-14 18:53:09.068983 Juliett: Yankee, Bravo and Hotel, sending you 2
2024-10-14 18:53:09.070304 Quebec: Yankee, Delta, Juliett, Bravo and Lima, sending you 2
2024-10-14 18:53:09.071256 Lima: Yankee, Delta and Foxtrot, sending you 3
2024-10-14 18:53:09.072627 Hotel: Juliett, sending you 1
2024-10-14 18:53:09.074100 India: Juliett, sending you 1
2024-10-14 18:53:09.074811 Foxtrot: Juliett and Bravo, sending you 1
2024-10-14 18:53:09.076578 Bravo: Yankee and Hotel, sending you 3
2024-10-14 18:53:09.077320 Delta: Juliett, sending you 1
2024-10-14 18:53:09.078704 Juliett: Delta, Foxtrot and Lima, sending you 1
2024-10-14 18:53:09.080227 Quebec: Kilo and India, sending you 3
2024-10-14 18:53:09.081021 Lima: Bravo, sending you 4
2024-10-14 18:53:09.082575 Hotel: Lima, sending you 2
2024-10-14 18:53:09.083358 Foxtrot: Hotel, sending you 6
2024-10-14 18:53:09.084872 Bravo: Delta, Foxtrot and Juliett, sending you 2
2024-10-14 18:53:09.086204 Lima: Hotel, sending you 2
2024-10-14 18:53:09.089672 Foxtrot: Lima, sending you 4
2024-10-14 18:53:09.091069 Bravo: Lima, sending you 4
chatterbot Yankee submitting transactions
chatterbot Kilo submitting transactions
chatterbot Lima submitting transactions
chatterbot Hotel submitting transactions
chatterbot Juliett submitting transactions
chatterbot Delta submitting transactions
chatterbot Foxtrot submitting transactions
chatterbot India submitting transactions
chatterbot Quebec submitting transactions
chatterbot Bravo submitting transactions
ChatterBot Yankee round 4
ChatterBot Delta round 4
ChatterBot Kilo round 4
ChatterBot Foxtrot round 4
ChatterBot Juliett round 4
ChatterBot India round 4
ChatterBot Bravo round 4
ChatterBot Hotel round 4
ChatterBot Quebec round 4
ChatterBot Lima round 4
2024-10-14 18:53:10.017673 Delta: Yankee, Hotel and Lima, sending you 4
2024-10-14 18:53:10.019213 Kilo: Juliett and Quebec, sending you 4
2024-10-14 18:53:10.022111 Juliett: Yankee, sending you 3
2024-10-14 18:53:10.023674 Delta: Foxtrot and Bravo, sending you 2
2024-10-14 18:53:10.024994 Kilo: India, sending you 5
2024-10-14 18:53:10.025685 Hotel: Yankee, Delta, Foxtrot and Bravo, sending you 3
2024-10-14 18:53:10.027098 Foxtrot: Yankee, sending you 3
2024-10-14 18:53:10.027862 Juliett: Delta, Foxtrot, Hotel and Lima, sending you 1
2024-10-14 18:53:10.029214 Delta: Juliett, sending you 1
2024-10-14 18:53:10.029902 Hotel: Juliett and Lima, sending you 2
2024-10-14 18:53:10.031202 Quebec: Kilo and India, sending you 6
2024-10-14 18:53:10.031737 Foxtrot: Delta and Bravo, sending you 2
2024-10-14 18:53:10.032515 Bravo: Yankee and Hotel, sending you 3
2024-10-14 18:53:10.033636 Lima: Yankee, Delta, Foxtrot and Bravo, sending you 3
2024-10-14 18:53:10.034487 Juliett: Bravo, sending you 2
2024-10-14 18:53:10.035636 Yankee: Delta, sending you 4
2024-10-14 18:53:10.036355 Quebec: Juliett, sending you 4
2024-10-14 18:53:10.036861 Foxtrot: Hotel, sending you 5
2024-10-14 18:53:10.037921 Bravo: Delta, Foxtrot and Juliett, sending you 2
2024-10-14 18:53:10.038609 India: Kilo and Quebec, sending you 3
2024-10-14 18:53:10.039190 Lima: Juliett, sending you 1
2024-10-14 18:53:10.040517 Yankee: Foxtrot, Juliett, Bravo, Hotel and Lima, sending you 3
2024-10-14 18:53:10.041641 Foxtrot: Lima, sending you 4
2024-10-14 18:53:10.043066 India: Juliett, sending you 1
2024-10-14 18:53:10.043564 Bravo: Lima, sending you 4
2024-10-14 18:53:10.044343 Lima: Hotel, sending you 2
chatterbot Delta submitting transactions
chatterbot Kilo submitting transactions
chatterbot India submitting transactions
chatterbot Foxtrot submitting transactions
chatterbot Lima submitting transactions
chatterbot Quebec submitting transactions
chatterbot Yankee submitting transactions
chatterbot Bravo submitting transactions
chatterbot Hotel submitting transactions
chatterbot Juliett submitting transactions
ChatterBot Yankee round 5
ChatterBot Delta round 5
ChatterBot Kilo round 5
ChatterBot Foxtrot round 5
ChatterBot Juliett round 5
ChatterBot India round 5
ChatterBot Bravo round 5
ChatterBot Hotel round 5
ChatterBot Quebec round 5
ChatterBot Lima round 5
2024-10-14 18:53:11.293202 Kilo: We should drop Juliett
2024-10-14 18:53:11.300708 India: No
2024-10-14 18:53:11.301652 Quebec: No
2024-10-14 18:53:11.314676 Yankee: Delta, sending you 4
2024-10-14 18:53:11.316088 Delta: Yankee, Hotel and Lima, sending you 4
2024-10-14 18:53:11.316902 Foxtrot: Yankee, sending you 3
2024-10-14 18:53:11.317966 India: Kilo and Quebec, sending you 3
2024-10-14 18:53:11.319015 Juliett: Yankee, Bravo and Hotel, sending you 2
2024-10-14 18:53:11.320431 Bravo: Yankee and Hotel, sending you 3
2024-10-14 18:53:11.321355 Yankee: Foxtrot, Juliett, Bravo, Hotel and Lima, sending you 3
2024-10-14 18:53:11.322968 Delta: Foxtrot and Bravo, sending you 2
2024-10-14 18:53:11.323876 Foxtrot: Delta and Bravo, sending you 2
2024-10-14 18:53:11.324785 India: Juliett, sending you 1
2024-10-14 18:53:11.325239 Juliett: Delta, Foxtrot and Lima, sending you 1
2024-10-14 18:53:11.326028 Lima: Yankee, Delta, Foxtrot and Bravo, sending you 3
2024-10-14 18:53:11.327361 Bravo: Delta, Foxtrot and Juliett, sending you 2
2024-10-14 18:53:11.328813 Quebec: Kilo and India, sending you 6
2024-10-14 18:53:11.329818 Delta: Juliett, sending you 1
2024-10-14 18:53:11.331766 Foxtrot: Juliett, sending you 1
2024-10-14 18:53:11.333540 Lima: Juliett, sending you 1
2024-10-14 18:53:11.335267 Bravo: Lima, sending you 4
2024-10-14 18:53:11.336244 Quebec: Juliett, sending you 4
2024-10-14 18:53:11.336789 Kilo: India, sending you 6
2024-10-14 18:53:11.337684 Foxtrot: Hotel and Lima, sending you 4
2024-10-14 18:53:11.339432 Hotel: Yankee, Delta, Foxtrot and Bravo, sending you 3
2024-10-14 18:53:11.340452 Lima: Hotel, sending you 2
2024-10-14 18:53:11.341697 Kilo: Quebec, sending you 4
2024-10-14 18:53:11.342716 Hotel: Juliett and Lima, sending you 2
chatterbot Kilo submitting transactions
chatterbot Hotel submitting transactions
chatterbot Yankee submitting transactions
chatterbot Lima submitting transactions
chatterbot Juliett submitting transactions
chatterbot Quebec submitting transactions
chatterbot Bravo submitting transactions
chatterbot India submitting transactions
chatterbot Delta submitting transactions
chatterbot Foxtrot submitting transactions
ChatterBot Yankee round 6
ChatterBot Delta round 6
ChatterBot Kilo round 6
ChatterBot Foxtrot round 6
ChatterBot Juliett round 6
ChatterBot India round 6
ChatterBot Bravo round 6
ChatterBot Hotel round 6
ChatterBot Quebec round 6
ChatterBot Lima round 6
2024-10-14 18:53:12.380657 Kilo: India, sending you 6
2024-10-14 18:53:12.382667 Yankee: Delta, sending you 4
2024-10-14 18:53:12.383671 Delta: Yankee, Hotel and Lima, sending you 4
2024-10-14 18:53:12.384811 Kilo: Quebec, sending you 4
2024-10-14 18:53:12.387680 Yankee: Foxtrot, Juliett, Bravo, Hotel and Lima, sending you 3
2024-10-14 18:53:12.388659 Delta: Foxtrot and Bravo, sending you 2
2024-10-14 18:53:12.392903 Quebec: Kilo and India, sending you 6
2024-10-14 18:53:12.393653 Delta: Juliett, sending you 1
2024-10-14 18:53:12.395848 Foxtrot: Yankee, sending you 3
2024-10-14 18:53:12.396661 Bravo: Yankee, Juliett, Hotel and Lima, sending you 3
2024-10-14 18:53:12.397332 Hotel: Yankee, Delta, Foxtrot and Bravo, sending you 3
2024-10-14 18:53:12.397879 India: Kilo and Quebec, sending you 3
2024-10-14 18:53:12.398416 Quebec: Juliett, sending you 4
2024-10-14 18:53:12.398731 Juliett: Yankee, Bravo and Hotel, sending you 2
2024-10-14 18:53:12.399655 Foxtrot: Delta and Bravo, sending you 2
2024-10-14 18:53:12.401664 Bravo: Delta and Foxtrot, sending you 2
2024-10-14 18:53:12.402296 India: Juliett, sending you 1
2024-10-14 18:53:12.402655 Hotel: Juliett and Lima, sending you 2
2024-10-14 18:53:12.403119 Foxtrot: Juliett, sending you 1
2024-10-14 18:53:12.403662 Juliett: Delta, Foxtrot and Lima, sending you 1
2024-10-14 18:53:12.406676 Lima: Yankee, Delta, Foxtrot and Bravo, sending you 3
2024-10-14 18:53:12.407953 Foxtrot: Hotel and Lima, sending you 4
2024-10-14 18:53:12.410692 Lima: Juliett, sending you 1
2024-10-14 18:53:12.416655 Lima: Hotel, sending you 2
chatterbot Delta submitting transactions
chatterbot Quebec submitting transactions
chatterbot Lima submitting transactions
chatterbot Hotel submitting transactions
chatterbot Kilo submitting transactions
chatterbot Bravo submitting transactions
chatterbot Yankee submitting transactions
chatterbot India submitting transactions
chatterbot Juliett submitting transactions
chatterbot Foxtrot submitting transactions
ChatterBot Yankee round 7
ChatterBot Delta round 7
ChatterBot Kilo round 7
ChatterBot Foxtrot round 7
ChatterBot Juliett round 7
ChatterBot India round 7
ChatterBot Bravo round 7
ChatterBot Hotel round 7
ChatterBot Quebec round 7
ChatterBot Lima round 7
2024-10-14 18:53:13.651684 Delta: Yankee, Hotel and Lima, sending you 4
2024-10-14 18:53:13.656692 Delta: Foxtrot and Bravo, sending you 2
2024-10-14 18:53:13.657631 Yankee: Delta, sending you 4
2024-10-14 18:53:13.659260 Juliett: Yankee, Bravo and Hotel, sending you 2
2024-10-14 18:53:13.660805 Delta: Juliett, sending you 1
2024-10-14 18:53:13.662297 Bravo: Yankee, Juliett, Hotel and Lima, sending you 3
2024-10-14 18:53:13.664332 Foxtrot: Yankee, sending you 3
2024-10-14 18:53:13.665461 Yankee: Foxtrot, Juliett, Bravo, Hotel and Lima, sending you 3
2024-10-14 18:53:13.666708 Juliett: Delta, Foxtrot and Lima, sending you 1
2024-10-14 18:53:13.667944 Quebec: Kilo and India, sending you 6
2024-10-14 18:53:13.668487 Kilo: India, sending you 6
2024-10-14 18:53:13.669454 Bravo: Delta and Foxtrot, sending you 2
2024-10-14 18:53:13.670443 Foxtrot: Delta and Bravo, sending you 2
2024-10-14 18:53:13.671674 Quebec: Juliett, sending you 4
2024-10-14 18:53:13.671980 Hotel: Yankee, Delta, Foxtrot and Bravo, sending you 3
2024-10-14 18:53:13.672662 Kilo: Quebec, sending you 4
2024-10-14 18:53:13.672913 India: Kilo and Quebec, sending you 3
2024-10-14 18:53:13.673859 Lima: Yankee, Delta, Foxtrot and Bravo, sending you 3
2024-10-14 18:53:13.674689 Foxtrot: Juliett, sending you 1
2024-10-14 18:53:13.677647 Hotel: Juliett and Lima, sending you 2
2024-10-14 18:53:13.678315 India: Juliett, sending you 1
2024-10-14 18:53:13.678606 Lima: Juliett, sending you 1
2024-10-14 18:53:13.679262 Foxtrot: Hotel and Lima, sending you 4
2024-10-14 18:53:13.682666 Lima: Hotel, sending you 2
chatterbot Kilo submitting transactions
chatterbot Foxtrot submitting transactions
chatterbot Bravo submitting transactions
chatterbot Quebec submitting transactions
chatterbot Yankee submitting transactions
chatterbot Delta submitting transactions
chatterbot Lima submitting transactions
chatterbot Hotel submitting transactions
chatterbot Juliett submitting transactions
chatterbot India submitting transactions
ChatterBot Yankee round 8
ChatterBot Delta round 8
ChatterBot Kilo round 8
ChatterBot Foxtrot round 8
ChatterBot Juliett round 8
ChatterBot India round 8
ChatterBot Bravo round 8
ChatterBot Hotel round 8
ChatterBot Quebec round 8
ChatterBot Lima round 8
2024-10-14 18:53:14.913661 Yankee: Delta, sending you 4
2024-10-14 18:53:14.916654 India: Kilo and Quebec, sending you 3
2024-10-14 18:53:14.917 Kilo: India, sending you 6
2024-10-14 18:53:14.918654 Hotel: Yankee, Delta, Foxtrot and Bravo, sending you 3
2024-10-14 18:53:14.919682 Yankee: Foxtrot, Juliett, Bravo, Hotel and Lima, sending you 3
2024-10-14 18:53:14.921091 Juliett: Yankee, Bravo and Hotel, sending you 2
2024-10-14 18:53:14.921951 India: Juliett, sending you 1
2024-10-14 18:53:14.922327 Kilo: Quebec, sending you 3
2024-10-14 18:53:14.922660 Hotel: Juliett and Lima, sending you 2
2024-10-14 18:53:14.926663 Juliett: Delta, Foxtrot and Lima, sending you 1
2024-10-14 18:53:14.927668 Foxtrot: Yankee, sending you 3
2024-10-14 18:53:14.928351 Lima: Yankee, Delta, Foxtrot and Bravo, sending you 3
2024-10-14 18:53:14.929112 Quebec: Kilo and India, sending you 6
2024-10-14 18:53:14.929675 Delta: Yankee, Hotel and Lima, sending you 4
2024-10-14 18:53:14.930691 Bravo: Yankee, Juliett, Hotel and Lima, sending you 3
2024-10-14 18:53:14.931671 Foxtrot: Delta and Bravo, sending you 2
2024-10-14 18:53:14.932653 Lima: Juliett, sending you 1
2024-10-14 18:53:14.933470 Quebec: Juliett, sending you 4
2024-10-14 18:53:14.934894 Delta: Foxtrot and Bravo, sending you 2
2024-10-14 18:53:14.935676 Bravo: Delta and Foxtrot, sending you 2
2024-10-14 18:53:14.936801 Foxtrot: Juliett, sending you 1
2024-10-14 18:53:14.937876 Lima: Hotel, sending you 2
2024-10-14 18:53:14.939022 Delta: Juliett, sending you 1
2024-10-14 18:53:14.942648 Foxtrot: Hotel and Lima, sending you 4
chatterbot Bravo submitting transactions
chatterbot Kilo submitting transactions
chatterbot Delta submitting transactions
chatterbot Yankee submitting transactions
chatterbot Lima submitting transactions
chatterbot Juliett submitting transactions
chatterbot Foxtrot submitting transactions
chatterbot Hotel submitting transactions
chatterbot Quebec submitting transactions
chatterbot India submitting transactions
ChatterBot Yankee round 9
ChatterBot Delta round 9
ChatterBot Kilo round 9
ChatterBot Foxtrot round 9
ChatterBot Juliett round 9
ChatterBot India round 9
ChatterBot Bravo round 9
ChatterBot Hotel round 9
ChatterBot Quebec round 9
ChatterBot Lima round 9
2024-10-14 18:53:16.150670 Yankee: Delta, sending you 4
2024-10-14 18:53:16.156061 Juliett: Yankee, Bravo and Hotel, sending you 2
2024-10-14 18:53:16.157424 Yankee: Foxtrot, Juliett, Bravo, Hotel and Lima, sending you 3
2024-10-14 18:53:16.159805 Foxtrot: Yankee, sending you 3
2024-10-14 18:53:16.161943 Hotel: Yankee, Delta, Foxtrot and Bravo, sending you 3
2024-10-14 18:53:16.162938 Juliett: Delta, Foxtrot and Lima, sending you 1
2024-10-14 18:53:16.163991 India: Kilo and Quebec, sending you 3
2024-10-14 18:53:16.165004 Bravo: Yankee, Juliett, Hotel and Lima, sending you 3
2024-10-14 18:53:16.165985 Foxtrot: Delta and Bravo, sending you 2
2024-10-14 18:53:16.167127 Hotel: Juliett and Lima, sending you 2
2024-10-14 18:53:16.168418 Kilo: India, sending you 6
2024-10-14 18:53:16.169690 India: Juliett, sending you 1
2024-10-14 18:53:16.170609 Delta: Yankee, Hotel and Lima, sending you 4
2024-10-14 18:53:16.172285 Bravo: Delta and Foxtrot, sending you 2
2024-10-14 18:53:16.173417 Foxtrot: Juliett, sending you 1
2024-10-14 18:53:16.174956 Lima: Yankee, Delta, Foxtrot and Bravo, sending you 3
2024-10-14 18:53:16.176246 Quebec: Kilo and India, sending you 6
2024-10-14 18:53:16.176927 Kilo: Quebec, sending you 3
2024-10-14 18:53:16.177431 Delta: Foxtrot and Bravo, sending you 2
2024-10-14 18:53:16.179328 Foxtrot: Hotel and Lima, sending you 4
2024-10-14 18:53:16.180649 Lima: Juliett, sending you 1
2024-10-14 18:53:16.182520 Quebec: Juliett, sending you 4
2024-10-14 18:53:16.183678 Delta: Juliett, sending you 1
2024-10-14 18:53:16.185175 Lima: Hotel, sending you 2
chatterbot Kilo submitting transactions
chatterbot Yankee submitting transactions
chatterbot Lima submitting transactions
chatterbot India submitting transactions
chatterbot Delta submitting transactions
chatterbot Juliett submitting transactions
chatterbot Foxtrot submitting transactions
chatterbot Quebec submitting transactions
chatterbot Hotel submitting transactions
chatterbot Bravo submitting transactions
ChatterBot Yankee round 10
ChatterBot Delta round 10
ChatterBot Kilo round 10
ChatterBot Foxtrot round 10
ChatterBot Juliett round 10
ChatterBot India round 10
ChatterBot Bravo round 10
ChatterBot Hotel round 10
ChatterBot Quebec round 10
ChatterBot Lima round 10
2024-10-14 18:53:17.362695 Yankee: Delta, sending you 4
2024-10-14 18:53:17.364684 Kilo: India, sending you 6
2024-10-14 18:53:17.365679 Juliett: Yankee, Bravo and Hotel, sending you 2
2024-10-14 18:53:17.367724 Kilo: Quebec, sending you 3
2024-10-14 18:53:17.368689 Yankee: Foxtrot, Juliett, Bravo, Hotel and Lima, sending you 3
2024-10-14 18:53:17.370730 Hotel: Yankee, Delta, Foxtrot, Juliett and Bravo, sending you 3
2024-10-14 18:53:17.371941 Juliett: Delta, Foxtrot and Lima, sending you 1
2024-10-14 18:53:17.373230 Delta: Yankee, Hotel and Lima, sending you 4
2024-10-14 18:53:17.374692 Foxtrot: Yankee, sending you 3
2024-10-14 18:53:17.376142 Lima: Yankee, Delta, Foxtrot and Bravo, sending you 3
2024-10-14 18:53:17.377131 Hotel: Lima, sending you 1
2024-10-14 18:53:17.378047 India: Kilo, sending you 4
2024-10-14 18:53:17.378436 Quebec: Sending you each 8
2024-10-14 18:53:17.378808 Delta: Foxtrot and Bravo, sending you 2
2024-10-14 18:53:17.379777 Foxtrot: Delta and Bravo, sending you 2
2024-10-14 18:53:17.381222 Lima: Juliett, sending you 1
2024-10-14 18:53:17.382234 India: Quebec, sending you 3
2024-10-14 18:53:17.382759 Bravo: Yankee, Juliett, Hotel and Lima, sending you 3
2024-10-14 18:53:17.384247 Delta: Juliett, sending you 1
2024-10-14 18:53:17.385812 Foxtrot: Juliett, sending you 1
2024-10-14 18:53:17.387933 Lima: Hotel, sending you 2
2024-10-14 18:53:17.389143 Bravo: Delta and Foxtrot, sending you 2
2024-10-14 18:53:17.393298 Foxtrot: Hotel and Lima, sending you 4
chatterbot Delta submitting transactions
chatterbot Quebec submitting transactions
chatterbot Foxtrot submitting transactions
chatterbot Juliett submitting transactions
chatterbot Kilo submitting transactions
chatterbot India submitting transactions
chatterbot Hotel submitting transactions
chatterbot Bravo submitting transactions
chatterbot Lima submitting transactions
chatterbot Yankee submitting transactions
ChatterBot Yankee round 11
ChatterBot Delta round 11
ChatterBot Kilo round 11
ChatterBot Foxtrot round 11
ChatterBot Juliett round 11
ChatterBot India round 11
ChatterBot Bravo round 11
ChatterBot Hotel round 11
ChatterBot Quebec round 11
ChatterBot Lima round 11
2024-10-14 18:53:18.576673 Bravo: Yankee, Juliett, Hotel and Lima, sending you 3
2024-10-14 18:53:18.578700 Juliett: Yankee, Bravo and Hotel, sending you 2
2024-10-14 18:53:18.580109 Kilo: India, sending you 6
2024-10-14 18:53:18.580528 Yankee: Delta, sending you 4
2024-10-14 18:53:18.581828 Hotel: Yankee, Delta, Foxtrot, Juliett and Bravo, sending you 3
2024-10-14 18:53:18.583679 Lima: Yankee, Delta, Foxtrot and Bravo, sending you 3
2024-10-14 18:53:18.586096 Juliett: Delta, Foxtrot and Lima, sending you 1
2024-10-14 18:53:18.587424 Bravo: Delta and Foxtrot, sending you 2
2024-10-14 18:53:18.588757 Kilo: Quebec, sending you 3
2024-10-14 18:53:18.589203 Yankee: Foxtrot, Juliett, Bravo, Hotel and Lima, sending you 3
2024-10-14 18:53:18.591071 Hotel: Lima, sending you 1
2024-10-14 18:53:18.592445 Lima: Juliett, sending you 1
2024-10-14 18:53:18.593796 Quebec: Kilo and India, sending you 6
2024-10-14 18:53:18.594334 Delta: Yankee, Hotel and Lima, sending you 4
2024-10-14 18:53:18.596119 Foxtrot: Yankee, sending you 3
2024-10-14 18:53:18.597541 India: Kilo, sending you 4
2024-10-14 18:53:18.598677 Lima: Hotel, sending you 2
2024-10-14 18:53:18.600111 Quebec: Juliett, sending you 4
2024-10-14 18:53:18.600670 Delta: Foxtrot and Bravo, sending you 2
2024-10-14 18:53:18.601952 Foxtrot: Delta and Bravo, sending you 2
2024-10-14 18:53:18.602971 India: Quebec, sending you 3
2024-10-14 18:53:18.604683 Delta: Juliett, sending you 1
2024-10-14 18:53:18.606693 Foxtrot: Juliett, sending you 1
2024-10-14 18:53:18.611684 Foxtrot: Hotel and Lima, sending you 4
chatterbot Lima submitting transactions
chatterbot Juliett submitting transactions
chatterbot Quebec submitting transactions
chatterbot Yankee submitting transactions
chatterbot Hotel submitting transactions
chatterbot Foxtrot submitting transactions
chatterbot Delta submitting transactions
chatterbot Bravo submitting transactions
chatterbot India submitting transactions
chatterbot Kilo submitting transactions
ChatterBot Yankee round 12
ChatterBot Delta round 12
ChatterBot Kilo round 12
ChatterBot Foxtrot round 12
ChatterBot Juliett round 12
ChatterBot India round 12
ChatterBot Bravo round 12
ChatterBot Hotel round 12
ChatterBot Quebec round 12
ChatterBot Lima round 12
2024-10-14 18:53:19.778365 India: We should add Juliett
2024-10-14 18:53:19.783285 Kilo: No
2024-10-14 18:53:19.783449 Quebec: Yes
ChatterBot India reevaluating
ChatterBot Quebec reevaluating
ChatterBot India reevaluating
2024-10-14 18:53:19.887492 India: We should add Bravo
ChatterBot Quebec reevaluating
2024-10-14 18:53:19.893093 Kilo: No
2024-10-14 18:53:19.893292 Quebec: No
ChatterBot India reevaluating
ChatterBot Quebec reevaluating
ChatterBot India reevaluating
2024-10-14 18:53:19.908663 Bravo: Yankee, Juliett, Hotel and Lima, sending you 3
2024-10-14 18:53:19.910484 Delta: Yankee, Hotel and Lima, sending you 4
