ChatterBot Foxtrot round 1
ChatterBot Bravo round 1
ChatterBot Lima round 1
ChatterBot Yankee round 1
ChatterBot Hotel round 1
ChatterBot Echo round 1
ChatterBot Romeo round 1
ChatterBot Alpha round 1
ChatterBot Charlie round 1
ChatterBot Kilo round 1
randomSelections Yankee: {Yankee, Kilo, Lima} 
2024-10-14 18:53:04.158360 Yankee: Group up?
ChatterBot Kilo reevaluating
ChatterBot Lima reevaluating
2024-10-14 18:53:04.175548 Kilo: Yes
2024-10-14 18:53:04.175848 Lima: Yes
ChatterBot Lima reevaluating
ChatterBot Kilo reevaluating
randomSelections Bravo: {Bravo, Yankee, Foxtrot, Lima, Echo, Romeo} 
2024-10-14 18:53:04.194467 Bravo: Can we be friends?
ChatterBot Foxtrot reevaluating
ChatterBot Lima reevaluating
ChatterBot Echo reevaluating
ChatterBot Romeo reevaluating
2024-10-14 18:53:04.212773 Yankee: No
2024-10-14 18:53:04.214522 Foxtrot: Yes
2024-10-14 18:53:04.214713 Lima: No
2024-10-14 18:53:04.214889 Echo: Yes
2024-10-14 18:53:04.215033 Romeo: Yes
ChatterBot Foxtrot reevaluating
ChatterBot Lima reevaluating
ChatterBot Echo reevaluating
ChatterBot Romeo reevaluating
ChatterBot Lima reevaluating
ChatterBot Echo reevaluating
ChatterBot Romeo reevaluating
ChatterBot Foxtrot reevaluating
ChatterBot Echo reevaluating
ChatterBot Romeo reevaluating
ChatterBot Foxtrot reevaluating
ChatterBot Lima reevaluating
ChatterBot Romeo reevaluating
ChatterBot Foxtrot reevaluating
ChatterBot Lima reevaluating
ChatterBot Echo reevaluating
randomSelections Hotel: {Hotel, Lima, Kilo, Foxtrot, Romeo, Echo} 
2024-10-14 18:53:04.291758 Hotel: Can we be friends?
ChatterBot Lima reevaluating
ChatterBot Kilo reevaluating
ChatterBot Foxtrot reevaluating
ChatterBot Romeo reevaluating
ChatterBot Echo reevaluating
2024-10-14 18:53:04.304949 Lima: No
2024-10-14 18:53:04.305161 Kilo: No
2024-10-14 18:53:04.305335 Foxtrot: No
2024-10-14 18:53:04.305520 Romeo: No
2024-10-14 18:53:04.306260 Echo: No
ChatterBot Kilo reevaluating
ChatterBot Foxtrot reevaluating
ChatterBot Romeo reevaluating
ChatterBot Echo reevaluating
ChatterBot Lima reevaluating
ChatterBot Foxtrot reevaluating
ChatterBot Romeo reevaluating
ChatterBot Echo reevaluating
ChatterBot Lima reevaluating
ChatterBot Kilo reevaluating
ChatterBot Romeo reevaluating
ChatterBot Echo reevaluating
ChatterBot Lima reevaluating
ChatterBot Kilo reevaluating
ChatterBot Foxtrot reevaluating
ChatterBot Echo reevaluating
ChatterBot Lima reevaluating
ChatterBot Kilo reevaluating
ChatterBot Foxtrot reevaluating
ChatterBot Romeo reevaluating
randomSelections Charlie: {Charlie, Echo, Foxtrot, Alpha, Yankee, Kilo, Bravo} 
2024-10-14 18:53:04.432593 Charlie: Friends?
ChatterBot Echo reevaluating
ChatterBot Foxtrot reevaluating
ChatterBot Alpha reevaluating
ChatterBot Kilo reevaluating
2024-10-14 18:53:04.447492 Echo: No
2024-10-14 18:53:04.448187 Foxtrot: No
2024-10-14 18:53:04.448433 Alpha: Yes
2024-10-14 18:53:04.448558 Yankee: No
2024-10-14 18:53:04.448748 Kilo: No
2024-10-14 18:53:04.448969 Bravo: No
ChatterBot Foxtrot reevaluating
ChatterBot Alpha reevaluating
ChatterBot Kilo reevaluating
ChatterBot Echo reevaluating
ChatterBot Alpha reevaluating
ChatterBot Kilo reevaluating
ChatterBot Echo reevaluating
ChatterBot Foxtrot reevaluating
ChatterBot Kilo reevaluating
ChatterBot Echo reevaluating
ChatterBot Foxtrot reevaluating
ChatterBot Alpha reevaluating
ChatterBot Kilo reevaluating
ChatterBot Echo reevaluating
ChatterBot Foxtrot reevaluating
ChatterBot Alpha reevaluating
ChatterBot Echo reevaluating
ChatterBot Foxtrot reevaluating
ChatterBot Alpha reevaluating
ChatterBot Kilo reevaluating
2024-10-14 18:53:04.526271 Charlie: Foxtrot, Echo and Alpha, sending you 4
2024-10-14 18:53:04.527688 Hotel: Foxtrot, sending you 7
2024-10-14 18:53:04.529596 Lima: Sending you each 4
2024-10-14 18:53:04.531385 Yankee: Lima and Kilo, sending you 5
2024-10-14 18:53:04.533062 Foxtrot: Bravo, Lima and Yankee, sending you 3
2024-10-14 18:53:04.533969 Echo: Foxtrot, sending you 3
2024-10-14 18:53:04.535793 Charlie: Yankee, sending you 1
2024-10-14 18:53:04.537958 Hotel: Lima, sending you 2
2024-10-14 18:53:04.539068 Alpha: Bravo and Echo, sending you 2
2024-10-14 18:53:04.541286 Foxtrot: Echo, sending you 6
2024-10-14 18:53:04.543923 Echo: Bravo, sending you 1
2024-10-14 18:53:04.546126 Bravo: Foxtrot and Lima, sending you 4
2024-10-14 18:53:04.548262 Charlie: Kilo, sending you 2
2024-10-14 18:53:04.549100 Hotel: Echo, sending you 1
2024-10-14 18:53:04.551044 Kilo: Lima, sending you 9
2024-10-14 18:53:04.551662 Romeo: Foxtrot, Bravo and Echo, sending you 3
2024-10-14 18:53:04.553126 Alpha: Yankee, sending you 3
2024-10-14 18:53:04.553820 Foxtrot: Romeo, sending you 2
2024-10-14 18:53:04.555191 Echo: Lima, Yankee and Romeo, sending you 4
2024-10-14 18:53:04.555839 Bravo: Yankee, sending you 5
2024-10-14 18:53:04.557020 Kilo: Yankee, sending you 7
2024-10-14 18:53:04.557511 Hotel: Romeo and Kilo, sending you 3
2024-10-14 18:53:04.558713 Romeo: Lima, sending you 4
2024-10-14 18:53:04.559390 Alpha: Charlie, sending you 1
2024-10-14 18:53:04.560792 Bravo: Echo, sending you 3
2024-10-14 18:53:04.571112 Romeo: Yankee, sending you 2
2024-10-14 18:53:04.572004 Bravo: Romeo, sending you 1
2024-10-14 18:53:04.573577 Alpha: Kilo, sending you 4
chatterbot Yankee submitting transactions
chatterbot Hotel submitting transactions
chatterbot Romeo submitting transactions
chatterbot Alpha submitting transactions
chatterbot Bravo submitting transactions
chatterbot Kilo submitting transactions
chatterbot Foxtrot submitting transactions
chatterbot Charlie submitting transactions
chatterbot Echo submitting transactions
chatterbot Lima submitting transactions
ChatterBot Foxtrot round 2
ChatterBot Bravo round 2
ChatterBot Lima round 2
ChatterBot Yankee round 2
ChatterBot Hotel round 2
ChatterBot Echo round 2
ChatterBot Romeo round 2
2024-10-14 18:53:05.597130 Bravo: Can we be friends?
ChatterBot Foxtrot reevaluating
ChatterBot Hotel reevaluating
ChatterBot Echo reevaluating
ChatterBot Romeo reevaluating
ChatterBot Alpha reevaluating
ChatterBot Charlie reevaluating
2024-10-14 18:53:05.629379 Foxtrot: Yes
2024-10-14 18:53:05.629581 Hotel: Yes
2024-10-14 18:53:05.629728 Echo: Yes
2024-10-14 18:53:05.629860 Romeo: No
2024-10-14 18:53:05.630218 Alpha: No
2024-10-14 18:53:05.630339 Charlie: No
ChatterBot Hotel reevaluating
ChatterBot Echo reevaluating
ChatterBot Romeo reevaluating
ChatterBot Alpha reevaluating
ChatterBot Charlie reevaluating
ChatterBot Foxtrot reevaluating
ChatterBot Echo reevaluating
ChatterBot Romeo reevaluating
ChatterBot Alpha reevaluating
ChatterBot Charlie reevaluating
ChatterBot Foxtrot reevaluating
ChatterBot Hotel reevaluating
ChatterBot Romeo reevaluating
ChatterBot Alpha reevaluating
ChatterBot Charlie reevaluating
ChatterBot Foxtrot reevaluating
ChatterBot Hotel reevaluating
ChatterBot Echo reevaluating
ChatterBot Alpha reevaluating
ChatterBot Charlie reevaluating
ChatterBot Foxtrot reevaluating
2024-10-14 18:53:05.754637 Hotel: We would work well together
ChatterBot Hotel reevaluating
ChatterBot Echo reevaluating
ChatterBot Romeo reevaluating
ChatterBot Charlie reevaluating
ChatterBot Foxtrot reevaluating
ChatterBot Hotel reevaluating
ChatterBot Echo reevaluating
ChatterBot Romeo reevaluating
ChatterBot Alpha reevaluating
ChatterBot Echo reevaluating
ChatterBot Romeo reevaluating
ChatterBot Alpha reevaluating
2024-10-14 18:53:05.822624 Bravo: Yes
ChatterBot Foxtrot reevaluating
2024-10-14 18:53:05.825967 Echo: Yes
2024-10-14 18:53:05.826216 Romeo: No
2024-10-14 18:53:05.826452 Alpha: No
ChatterBot Charlie reevaluating
2024-10-14 18:53:05.838028 Foxtrot: Yes
2024-10-14 18:53:05.838626 Charlie: No
ChatterBot Foxtrot reevaluating
ChatterBot Hotel reevaluating
ChatterBot Echo reevaluating
ChatterBot Romeo reevaluating
ChatterBot Alpha reevaluating
ChatterBot Charlie reevaluating
ChatterBot Foxtrot reevaluating
ChatterBot Hotel reevaluating
ChatterBot Romeo reevaluating
ChatterBot Alpha reevaluating
ChatterBot Charlie reevaluating
ChatterBot Foxtrot reevaluating
ChatterBot Hotel reevaluating
ChatterBot Echo reevaluating
ChatterBot Alpha reevaluating
ChatterBot Charlie reevaluating
ChatterBot Foxtrot reevaluating
ChatterBot Hotel reevaluating
ChatterBot Echo reevaluating
ChatterBot Romeo reevaluating
ChatterBot Charlie reevaluating
ChatterBot Hotel reevaluating
ChatterBot Echo reevaluating
ChatterBot Romeo reevaluating
ChatterBot Alpha reevaluating
ChatterBot Charlie reevaluating
ChatterBot Foxtrot reevaluating
ChatterBot Hotel reevaluating
ChatterBot Echo reevaluating
ChatterBot Romeo reevaluating
ChatterBot Alpha reevaluating
2024-10-14 18:53:06.183492 Yankee: We should add Alpha and Charlie
ChatterBot Kilo reevaluating
ChatterBot Lima reevaluating
2024-10-14 18:53:06.210936 Kilo: No
2024-10-14 18:53:06.211202 Lima: No
ChatterBot Yankee reevaluating
ChatterBot Lima reevaluating
ChatterBot Yankee reevaluating
ChatterBot Kilo reevaluating
2024-10-14 18:53:06.252959 Lima: We would work well together
ChatterBot Yankee reevaluating
ChatterBot Kilo reevaluating
ChatterBot Foxtrot reevaluating
ChatterBot Hotel reevaluating
ChatterBot Echo reevaluating
ChatterBot Romeo reevaluating
2024-10-14 18:53:06.287900 Yankee: Yes
2024-10-14 18:53:06.288620 Kilo: No
2024-10-14 18:53:06.288805 Foxtrot: No
2024-10-14 18:53:06.288916 Bravo: No
2024-10-14 18:53:06.289042 Hotel: No
2024-10-14 18:53:06.289156 Echo: No
2024-10-14 18:53:06.289309 Romeo: No
ChatterBot Lima reevaluating
ChatterBot Kilo reevaluating
ChatterBot Foxtrot reevaluating
ChatterBot Hotel reevaluating
ChatterBot Echo reevaluating
ChatterBot Romeo reevaluating
ChatterBot Yankee reevaluating
ChatterBot Lima reevaluating
ChatterBot Foxtrot reevaluating
ChatterBot Hotel reevaluating
ChatterBot Echo reevaluating
ChatterBot Romeo reevaluating
ChatterBot Yankee reevaluating
ChatterBot Lima reevaluating
ChatterBot Kilo reevaluating
ChatterBot Hotel reevaluating
ChatterBot Echo reevaluating
ChatterBot Romeo reevaluating
ChatterBot Yankee reevaluating
ChatterBot Lima reevaluating
ChatterBot Kilo reevaluating
ChatterBot Foxtrot reevaluating
ChatterBot Hotel reevaluating
ChatterBot Echo reevaluating
ChatterBot Romeo reevaluating
ChatterBot Yankee reevaluating
ChatterBot Lima reevaluating
ChatterBot Kilo reevaluating
ChatterBot Foxtrot reevaluating
ChatterBot Echo reevaluating
ChatterBot Romeo reevaluating
ChatterBot Yankee reevaluating
ChatterBot Lima reevaluating
ChatterBot Kilo reevaluating
ChatterBot Foxtrot reevaluating
ChatterBot Hotel reevaluating
ChatterBot Romeo reevaluating
ChatterBot Yankee reevaluating
ChatterBot Lima reevaluating
ChatterBot Kilo reevaluating
ChatterBot Foxtrot reevaluating
ChatterBot Hotel reevaluating
ChatterBot Echo reevaluating
ChatterBot Alpha round 2
ChatterBot Charlie round 2
ChatterBot Kilo round 2
2024-10-14 18:53:06.547056 Alpha: Can we be friends?
ChatterBot Romeo reevaluating
ChatterBot Charlie reevaluating
2024-10-14 18:53:06.568805 Bravo: Yes
2024-10-14 18:53:06.569033 Foxtrot: Yes
2024-10-14 18:53:06.569163 Hotel: Yes
2024-10-14 18:53:06.569283 Echo: Yes
2024-10-14 18:53:06.569421 Romeo: Yes
2024-10-14 18:53:06.569537 Charlie: Yes
ChatterBot Romeo reevaluating
ChatterBot Charlie reevaluating
ChatterBot Romeo reevaluating
ChatterBot Charlie reevaluating
ChatterBot Romeo reevaluating
ChatterBot Charlie reevaluating
ChatterBot Romeo reevaluating
ChatterBot Charlie reevaluating
ChatterBot Charlie reevaluating
ChatterBot Romeo reevaluating
2024-10-14 18:53:06.727705 Kilo: We should add Alpha and Charlie
ChatterBot Yankee reevaluating
2024-10-14 18:53:06.739152 Yankee: No
2024-10-14 18:53:06.739400 Lima: No
ChatterBot Kilo reevaluating
ChatterBot Yankee reevaluating
ChatterBot Kilo reevaluating
2024-10-14 18:53:06.765116 Kilo: We should add Hotel
ChatterBot Yankee reevaluating
2024-10-14 18:53:06.776218 Yankee: Yes
2024-10-14 18:53:06.776431 Lima: Yes
ChatterBot Yankee reevaluating
2024-10-14 18:53:06.799782 Hotel: Foxtrot, Bravo, Echo, Romeo and Alpha, sending you 3
2024-10-14 18:53:06.800410 Bravo: Foxtrot and Romeo, sending you 4
2024-10-14 18:53:06.801545 Kilo: Hotel we want you to join our group
2024-10-14 18:53:06.807129 Hotel: No
ChatterBot Yankee reevaluating
2024-10-14 18:53:06.823450 Hotel: Charlie, sending you 1
2024-10-14 18:53:06.824403 Bravo: Hotel, Echo and Charlie, sending you 2
2024-10-14 18:53:06.824825 Echo: Foxtrot, sending you 4
2024-10-14 18:53:06.825783 Foxtrot: Bravo and Charlie, sending you 4
2024-10-14 18:53:06.826229 Romeo: Foxtrot, Hotel and Echo, sending you 3
2024-10-14 18:53:06.827014 Lima: Foxtrot, Bravo, Yankee, Hotel, Echo and Romeo, sending you 2
2024-10-14 18:53:06.827494 Charlie: Foxtrot, Bravo, Hotel and Echo, sending you 2
chatterbot Charlie submitting transactions
2024-10-14 18:53:06.828665 Alpha: Foxtrot, sending you 3
2024-10-14 18:53:06.829157 Bravo: Alpha, sending you 3
2024-10-14 18:53:06.830025 Foxtrot: Hotel, sending you 5
2024-10-14 18:53:06.830507 Lima: Kilo, sending you 3
2024-10-14 18:53:07.377205 Echo: Bravo, Romeo and Charlie, sending you 3
2024-10-14 18:53:07.378252 Romeo: Bravo, Alpha and Charlie, sending you 2
2024-10-14 18:53:07.378818 Charlie: Alpha, sending you 7
2024-10-14 18:53:07.379864 Alpha: Bravo, Hotel, Echo and Romeo, sending you 2
2024-10-14 18:53:07.380385 Foxtrot: Echo and Romeo, sending you 3
chatterbot Alpha submitting transactions
chatterbot Foxtrot submitting transactions
chatterbot Alpha submitting transactions
chatterbot Lima submitting transactions
chatterbot Hotel submitting transactions
chatterbot Bravo submitting transactions
2024-10-14 18:53:07.382414 Echo: Hotel, sending you 1
2024-10-14 18:53:07.572425 Alpha: Charlie, sending you 4
2024-10-14 18:53:07.573450 Kilo: Lima and Hotel, sending you 5
2024-10-14 18:53:07.573784 Foxtrot: Alpha, sending you 1
2024-10-14 18:53:07.574261 Yankee: Foxtrot, Bravo, Lima, Hotel, Echo and Romeo, sending you 2
2024-10-14 18:53:07.575160 Echo: Alpha, sending you 2
2024-10-14 18:53:07.604164 Kilo: Yankee, sending you 6
2024-10-14 18:53:07.604707 Yankee: Kilo, sending you 3
chatterbot Echo submitting transactions
chatterbot Charlie submitting transactions
chatterbot Kilo submitting transactions
chatterbot Romeo submitting transactions
chatterbot Yankee submitting transactions
ChatterBot Foxtrot round 3
ChatterBot Bravo round 3
ChatterBot Lima round 3
ChatterBot Yankee round 3
ChatterBot Hotel round 3
ChatterBot Echo round 3
ChatterBot Romeo round 3
ChatterBot Alpha round 3
ChatterBot Charlie round 3
ChatterBot Kilo round 3
2024-10-14 18:53:08.037901 Yankee: We should add Alpha and Charlie
ChatterBot Lima reevaluating
ChatterBot Kilo reevaluating
2024-10-14 18:53:08.066028 Lima: Yes
2024-10-14 18:53:08.066353 Kilo: Yes
2024-10-14 18:53:08.066544 Foxtrot: Yes
2024-10-14 18:53:08.067191 Bravo: Yes
2024-10-14 18:53:08.067380 Hotel: Yes
2024-10-14 18:53:08.067621 Echo: Yes
2024-10-14 18:53:08.067803 Romeo: Yes
ChatterBot Kilo reevaluating
ChatterBot Lima reevaluating
ChatterBot Lima reevaluating
ChatterBot Kilo reevaluating
ChatterBot Lima reevaluating
ChatterBot Kilo reevaluating
ChatterBot Lima reevaluating
ChatterBot Kilo reevaluating
ChatterBot Lima reevaluating
ChatterBot Kilo reevaluating
ChatterBot Lima reevaluating
ChatterBot Kilo reevaluating
2024-10-14 18:53:08.257233 Yankee: Alpha and Charlie we want you to join our group
2024-10-14 18:53:08.263336 Alpha: No
2024-10-14 18:53:08.263601 Charlie: No
ChatterBot Kilo reevaluating
ChatterBot Lima reevaluating
ChatterBot Kilo reevaluating
ChatterBot Lima reevaluating
2024-10-14 18:53:08.313101 Hotel: Foxtrot, sending you 5
2024-10-14 18:53:08.314663 Bravo: Foxtrot, sending you 4
2024-10-14 18:53:08.317670 Hotel: Bravo, Echo, Alpha and Charlie, sending you 2
2024-10-14 18:53:08.318292 Bravo: Hotel and Charlie, sending you 2
2024-10-14 18:53:08.318737 Lima: Alpha and Charlie we want you to join our group
2024-10-14 18:53:08.334840 Alpha: No
2024-10-14 18:53:08.335134 Charlie: No
2024-10-14 18:53:08.473031 Hotel: Romeo, sending you 3
2024-10-14 18:53:08.474582 Bravo: Echo, Romeo and Alpha, sending you 3
chatterbot Hotel submitting transactions
2024-10-14 18:53:08.476601 Echo: Foxtrot, sending you 4
2024-10-14 18:53:08.478130 Yankee: Foxtrot, Bravo, Lima, Echo, Romeo, Alpha and Kilo, sending you 2
2024-10-14 18:53:08.479658 Charlie: Foxtrot, Echo and Alpha, sending you 3
2024-10-14 18:53:08.480492 Alpha: Foxtrot, Hotel, Echo and Romeo, sending you 2
2024-10-14 18:53:08.481769 Romeo: Foxtrot, Bravo, Hotel and Echo, sending you 3
2024-10-14 18:53:08.483405 Foxtrot: Bravo, Hotel and Echo, sending you 4
2024-10-14 18:53:08.485026 Echo: Bravo, Hotel and Alpha, sending you 2
2024-10-14 18:53:08.485967 Charlie: Bravo, Hotel and Romeo, sending you 2
2024-10-14 18:53:08.487478 Yankee: Charlie, sending you 1
2024-10-14 18:53:08.489279 Romeo: Alpha, sending you 2
2024-10-14 18:53:08.490414 Alpha: Bravo, sending you 3
2024-10-14 18:53:08.491374 Kilo: Foxtrot, Bravo, Echo and Charlie, sending you 1
2024-10-14 18:53:08.492861 Echo: Romeo and Charlie, sending you 3
2024-10-14 18:53:08.494095 Foxtrot: Romeo and Charlie, sending you 3
2024-10-14 18:53:08.495553 Romeo: Charlie, sending you 1
2024-10-14 18:53:08.497166 Alpha: Charlie, sending you 4
2024-10-14 18:53:08.498309 Kilo: Lima and Yankee, sending you 4
2024-10-14 18:53:08.501103 Lima: Foxtrot, Hotel, Alpha and Charlie, sending you 1
2024-10-14 18:53:08.501926 Foxtrot: Alpha, sending you 2
2024-10-14 18:53:08.504708 Lima: Bravo, Yankee, Echo and Romeo, sending you 2
2024-10-14 18:53:08.505952 Kilo: Hotel and Alpha, sending you 2
2024-10-14 18:53:08.508964 Lima: Kilo, sending you 3
chatterbot Kilo submitting transactions
chatterbot Yankee submitting transactions
chatterbot Charlie submitting transactions
chatterbot Foxtrot submitting transactions
chatterbot Romeo submitting transactions
chatterbot Bravo submitting transactions
chatterbot Lima submitting transactions
chatterbot Alpha submitting transactions
chatterbot Echo submitting transactions
ChatterBot Foxtrot round 4
ChatterBot Bravo round 4
ChatterBot Lima round 4
ChatterBot Yankee round 4
ChatterBot Hotel round 4
ChatterBot Echo round 4
ChatterBot Romeo round 4
ChatterBot Alpha round 4
ChatterBot Charlie round 4
ChatterBot Kilo round 4
2024-10-14 18:53:09.490681 Bravo: Foxtrot, sending you 4
2024-10-14 18:53:09.494680 Bravo: Hotel and Charlie, sending you 2
2024-10-14 18:53:09.495675 Romeo: Foxtrot, Bravo, Hotel and Echo, sending you 3
2024-10-14 18:53:09.496956 Hotel: Foxtrot, sending you 5
2024-10-14 18:53:09.497689 Foxtrot: Bravo, Hotel and Echo, sending you 4
2024-10-14 18:53:09.499671 Bravo: Echo, Romeo and Alpha, sending you 3
2024-10-14 18:53:09.500900 Romeo: Alpha, sending you 2
2024-10-14 18:53:09.501335 Echo: Foxtrot, sending you 4
2024-10-14 18:53:09.501797 Hotel: Bravo, Echo, Alpha and Charlie, sending you 2
2024-10-14 18:53:09.502229 Charlie: Foxtrot, Echo and Alpha, sending you 3
2024-10-14 18:53:09.503071 Foxtrot: Romeo and Charlie, sending you 3
2024-10-14 18:53:09.503698 Yankee: Foxtrot, Bravo, Lima, Echo, Romeo, Alpha and Kilo, sending you 2
2024-10-14 18:53:09.505037 Romeo: Charlie, sending you 1
2024-10-14 18:53:09.505672 Kilo: Foxtrot, Bravo, Echo and Charlie, sending you 1
2024-10-14 18:53:09.507166 Echo: Bravo, Romeo and Charlie, sending you 3
2024-10-14 18:53:09.508008 Hotel: Romeo, sending you 3
2024-10-14 18:53:09.508487 Charlie: Bravo, Hotel and Romeo, sending you 2
2024-10-14 18:53:09.509424 Foxtrot: Alpha, sending you 2
2024-10-14 18:53:09.509896 Yankee: Charlie, sending you 1
2024-10-14 18:53:09.510695 Lima: Yankee and Romeo, sending you 4
2024-10-14 18:53:09.511497 Kilo: Lima and Yankee, sending you 4
2024-10-14 18:53:09.512723 Echo: Hotel, sending you 2
2024-10-14 18:53:09.513936 Alpha: Foxtrot, Hotel, Echo and Romeo, sending you 2
2024-10-14 18:53:09.514666 Lima: Kilo, sending you 3
2024-10-14 18:53:09.516679 Kilo: Hotel and Alpha, sending you 2
2024-10-14 18:53:09.517637 Echo: Alpha, sending you 1
2024-10-14 18:53:09.518423 Alpha: Bravo, sending you 3
2024-10-14 18:53:09.522680 Alpha: Charlie, sending you 4
chatterbot Echo submitting transactions
chatterbot Foxtrot submitting transactions
chatterbot Bravo submitting transactions
chatterbot Romeo submitting transactions
chatterbot Charlie submitting transactions
chatterbot Lima submitting transactions
chatterbot Hotel submitting transactions
chatterbot Yankee submitting transactions
chatterbot Kilo submitting transactions
chatterbot Alpha submitting transactions
ChatterBot Foxtrot round 5
ChatterBot Bravo round 5
ChatterBot Lima round 5
ChatterBot Yankee round 5
ChatterBot Hotel round 5
ChatterBot Echo round 5
ChatterBot Romeo round 5
ChatterBot Alpha round 5
ChatterBot Charlie round 5
ChatterBot Kilo round 5
2024-10-14 18:53:10.766274 Lima: We should drop Romeo
2024-10-14 18:53:10.770107 Yankee: No
2024-10-14 18:53:10.770264 Kilo: No
ChatterBot Lima reevaluating
ChatterBot Lima reevaluating
2024-10-14 18:53:10.779080 Lima: We should replace Romeo with Bravo
2024-10-14 18:53:10.782918 Yankee: No
2024-10-14 18:53:10.783056 Kilo: No
ChatterBot Lima reevaluating
ChatterBot Lima reevaluating
2024-10-14 18:53:10.791655 Lima: We should replace Romeo with Hotel
2024-10-14 18:53:10.795300 Yankee: No
2024-10-14 18:53:10.795431 Kilo: No
ChatterBot Lima reevaluating
ChatterBot Lima reevaluating
2024-10-14 18:53:10.802916 Bravo: Foxtrot, sending you 4
2024-10-14 18:53:10.803442 Foxtrot: Bravo, Hotel and Echo, sending you 4
2024-10-14 18:53:10.803874 Charlie: Foxtrot, Echo and Alpha, sending you 3
2024-10-14 18:53:10.806687 Foxtrot: Romeo and Charlie, sending you 3
2024-10-14 18:53:10.807412 Yankee: Foxtrot, Bravo, Lima, Echo, Romeo, Alpha and Kilo, sending you 2
2024-10-14 18:53:10.808056 Bravo: Hotel and Charlie, sending you 2
2024-10-14 18:53:10.808643 Charlie: Bravo, Hotel and Romeo, sending you 2
2024-10-14 18:53:10.809223 Echo: Foxtrot, sending you 4
2024-10-14 18:53:10.809747 Hotel: Foxtrot, sending you 5
2024-10-14 18:53:10.810271 Kilo: Foxtrot, Bravo, Hotel, Echo, Romeo and Charlie, sending you 1
2024-10-14 18:53:10.811115 Foxtrot: Alpha, sending you 2
2024-10-14 18:53:10.811713 Lima: Bravo we want you to join our group
2024-10-14 18:53:10.813793 Bravo: No
ChatterBot Lima reevaluating
2024-10-14 18:53:10.820376 Romeo: Foxtrot, Bravo, Hotel and Echo, sending you 3
2024-10-14 18:53:10.820970 Yankee: Charlie, sending you 1
2024-10-14 18:53:10.821421 Alpha: Foxtrot, Hotel, Echo and Romeo, sending you 2
2024-10-14 18:53:10.821957 Bravo: Echo, Romeo and Alpha, sending you 3
2024-10-14 18:53:10.822448 Echo: Bravo, Romeo and Charlie, sending you 3
2024-10-14 18:53:10.822945 Hotel: Bravo, Echo, Alpha and Charlie, sending you 2
2024-10-14 18:53:10.823470 Kilo: Lima and Yankee, sending you 4
2024-10-14 18:53:10.824023 Romeo: Alpha, sending you 2
2024-10-14 18:53:10.825685 Hotel: Romeo, sending you 3
2024-10-14 18:53:10.826650 Alpha: Bravo, sending you 3
2024-10-14 18:53:10.827684 Echo: Hotel, sending you 2
2024-10-14 18:53:10.828304 Romeo: Charlie, sending you 1
2024-10-14 18:53:10.828890 Kilo: Alpha, sending you 2
2024-10-14 18:53:10.829949 Alpha: Charlie, sending you 4
2024-10-14 18:53:10.832689 Echo: Alpha, sending you 1
2024-10-14 18:53:10.840682 Lima: Yankee, sending you 4
2024-10-14 18:53:10.843651 Lima: Kilo, sending you 3
chatterbot Yankee submitting transactions
chatterbot Alpha submitting transactions
chatterbot Charlie submitting transactions
chatterbot Bravo submitting transactions
chatterbot Romeo submitting transactions
chatterbot Lima submitting transactions
chatterbot Foxtrot submitting transactions
chatterbot Kilo submitting transactions
chatterbot Echo submitting transactions
chatterbot Hotel submitting transactions
ChatterBot Foxtrot round 6
ChatterBot Bravo round 6
ChatterBot Lima round 6
ChatterBot Yankee round 6
ChatterBot Hotel round 6
ChatterBot Echo round 6
ChatterBot Romeo round 6
ChatterBot Alpha round 6
ChatterBot Charlie round 6
ChatterBot Kilo round 6
2024-10-14 18:53:11.798687 Yankee: Foxtrot, Bravo, Lima, Echo, Romeo, Alpha and Kilo, sending you 2
2024-10-14 18:53:11.800075 Foxtrot: Bravo, Hotel and Echo, sending you 4
2024-10-14 18:53:11.803951 Yankee: Charlie, sending you 1
2024-10-14 18:53:11.804631 Foxtrot: Romeo and Charlie, sending you 3
2024-10-14 18:53:11.805686 Hotel: Foxtrot, sending you 5
2024-10-14 18:53:11.806872 Kilo: Foxtrot, Bravo, Hotel, Echo, Romeo, Alpha and Charlie, sending you 1
2024-10-14 18:53:11.807547 Alpha: Foxtrot, Hotel, Echo and Romeo, sending you 2
2024-10-14 18:53:11.808202 Foxtrot: Alpha, sending you 2
2024-10-14 18:53:11.808812 Bravo: Foxtrot, sending you 4
2024-10-14 18:53:11.809963 Lima: Yankee, sending you 4
2024-10-14 18:53:11.810356 Kilo: Lima, sending you 5
2024-10-14 18:53:11.810924 Hotel: Bravo, Echo, Alpha and Charlie, sending you 2
2024-10-14 18:53:11.811753 Alpha: Bravo, sending you 3
2024-10-14 18:53:11.812902 Lima: Kilo, sending you 3
2024-10-14 18:53:11.814662 Bravo: Hotel and Charlie, sending you 2
2024-10-14 18:53:11.815877 Kilo: Yankee, sending you 4
2024-10-14 18:53:11.816525 Alpha: Charlie, sending you 4
2024-10-14 18:53:11.817326 Romeo: Foxtrot, Bravo, Hotel and Echo, sending you 3
2024-10-14 18:53:11.818510 Hotel: Romeo, sending you 3
2024-10-14 18:53:11.819389 Echo: Foxtrot, sending you 4
2024-10-14 18:53:11.820409 Bravo: Echo, Romeo and Alpha, sending you 3
2024-10-14 18:53:11.821758 Charlie: Foxtrot, Echo and Alpha, sending you 3
2024-10-14 18:53:11.822501 Romeo: Alpha, sending you 2
2024-10-14 18:53:11.824659 Echo: Bravo, Romeo and Charlie, sending you 3
2024-10-14 18:53:11.825707 Charlie: Bravo, Hotel and Romeo, sending you 2
2024-10-14 18:53:11.827661 Romeo: Charlie, sending you 1
2024-10-14 18:53:11.828440 Echo: Hotel, sending you 2
2024-10-14 18:53:11.833690 Echo: Alpha, sending you 1
chatterbot Charlie submitting transactions
chatterbot Kilo submitting transactions
chatterbot Yankee submitting transactions
chatterbot Lima submitting transactions
chatterbot Foxtrot submitting transactions
chatterbot Romeo submitting transactions
chatterbot Alpha submitting transactions
chatterbot Bravo submitting transactions
chatterbot Echo submitting transactions
chatterbot Hotel submitting transactions
ChatterBot Foxtrot round 7
ChatterBot Bravo round 7
ChatterBot Lima round 7
ChatterBot Yankee round 7
ChatterBot Hotel round 7
ChatterBot Echo round 7
ChatterBot Romeo round 7
ChatterBot Alpha round 7
ChatterBot Charlie round 7
ChatterBot Kilo round 7
2024-10-14 18:53:12.980674 Foxtrot: Bravo, Hotel and Echo, sending you 4
2024-10-14 18:53:12.981902 Bravo: Foxtrot, sending you 4
2024-10-14 18:53:12.982611 Hotel: Foxtrot, sending you 5
2024-10-14 18:53:12.984690 Foxtrot: Romeo and Charlie, sending you 3
2024-10-14 18:53:12.985675 Hotel: Bravo, Echo, Alpha and Charlie, sending you 2
2024-10-14 18:53:12.986685 Bravo: Hotel and Charlie, sending you 2
2024-10-14 18:53:12.987908 Foxtrot: Alpha, sending you 2
2024-10-14 18:53:12.989667 Hotel: Romeo, sending you 3
2024-10-14 18:53:12.991164 Yankee: Lima, sending you 1
2024-10-14 18:53:12.991680 Lima: Yankee, sending you 4
2024-10-14 18:53:12.992690 Bravo: Echo, Romeo and Alpha, sending you 3
2024-10-14 18:53:12.994669 Echo: Foxtrot, sending you 4
2024-10-14 18:53:12.995593 Romeo: Foxtrot, Bravo, Hotel and Echo, sending you 3
2024-10-14 18:53:12.996890 Lima: Kilo, sending you 3
2024-10-14 18:53:12.997253 Charlie: Foxtrot, Echo and Alpha, sending you 3
2024-10-14 18:53:12.998137 Alpha: Foxtrot, Hotel, Echo and Romeo, sending you 2
2024-10-14 18:53:12.999467 Echo: Bravo, Romeo and Charlie, sending you 3
2024-10-14 18:53:13.000422 Kilo: Foxtrot, Bravo, Hotel, Echo, Romeo, Alpha and Charlie, sending you 1
2024-10-14 18:53:13.001173 Romeo: Alpha, sending you 2
2024-10-14 18:53:13.002013 Charlie: Bravo, Hotel and Romeo, sending you 2
2024-10-14 18:53:13.003290 Alpha: Bravo, sending you 3
2024-10-14 18:53:13.004219 Echo: Hotel, sending you 1
2024-10-14 18:53:13.005109 Romeo: Charlie, sending you 1
2024-10-14 18:53:13.006203 Kilo: Lima, sending you 5
2024-10-14 18:53:13.008672 Alpha: Charlie, sending you 4
2024-10-14 18:53:13.010348 Echo: Alpha, sending you 2
2024-10-14 18:53:13.011439 Kilo: Yankee, sending you 4
chatterbot Yankee submitting transactions
chatterbot Echo submitting transactions
chatterbot Bravo submitting transactions
chatterbot Kilo submitting transactions
chatterbot Romeo submitting transactions
chatterbot Alpha submitting transactions
chatterbot Foxtrot submitting transactions
chatterbot Hotel submitting transactions
chatterbot Lima submitting transactions
chatterbot Charlie submitting transactions
ChatterBot Foxtrot round 8
ChatterBot Bravo round 8
ChatterBot Lima round 8
ChatterBot Yankee round 8
ChatterBot Hotel round 8
ChatterBot Echo round 8
ChatterBot Romeo round 8
ChatterBot Alpha round 8
ChatterBot Charlie round 8
ChatterBot Kilo round 8
2024-10-14 18:53:14.241129 Yankee: We should add Alpha
ChatterBot Kilo reevaluating
ChatterBot Lima reevaluating
2024-10-14 18:53:14.247194 Kilo: Yes
2024-10-14 18:53:14.247335 Lima: No
ChatterBot Yankee reevaluating
ChatterBot Lima reevaluating
ChatterBot Yankee reevaluating
ChatterBot Kilo reevaluating
2024-10-14 18:53:14.268511 Kilo: We should drop Lima and Yankee
ChatterBot Foxtrot reevaluating
2024-10-14 18:53:14.281331 Foxtrot: Yes
2024-10-14 18:53:14.281477 Bravo: Yes
2024-10-14 18:53:14.281584 Hotel: Yes
2024-10-14 18:53:14.281692 Echo: Yes
2024-10-14 18:53:14.281794 Romeo: Yes
2024-10-14 18:53:14.281896 Alpha: Yes
2024-10-14 18:53:14.281994 Charlie: Yes
ChatterBot Kilo reevaluating
ChatterBot Charlie reevaluating
ChatterBot Kilo reevaluating
ChatterBot Foxtrot reevaluating
ChatterBot Charlie reevaluating
ChatterBot Kilo reevaluating
ChatterBot Foxtrot reevaluating
ChatterBot Charlie reevaluating
ChatterBot Kilo reevaluating
ChatterBot Foxtrot reevaluating
ChatterBot Charlie reevaluating
ChatterBot Kilo reevaluating
ChatterBot Foxtrot reevaluating
ChatterBot Charlie reevaluating
ChatterBot Kilo reevaluating
ChatterBot Foxtrot reevaluating
ChatterBot Charlie reevaluating
ChatterBot Kilo reevaluating
ChatterBot Foxtrot reevaluating
2024-10-14 18:53:14.472697 Hotel: Foxtrot, sending you 4
2024-10-14 18:53:14.475014 Bravo: Foxtrot, sending you 4
2024-10-14 18:53:14.479477 Charlie: We should drop Hotel
ChatterBot Foxtrot reevaluating
2024-10-14 18:53:14.494432 Foxtrot: No
2024-10-14 18:53:14.494622 Bravo: No
2024-10-14 18:53:14.494744 Echo: No
2024-10-14 18:53:14.494853 Romeo: No
2024-10-14 18:53:14.494961 Alpha: No
ChatterBot Charlie reevaluating
ChatterBot Foxtrot reevaluating
ChatterBot Charlie reevaluating
ChatterBot Foxtrot reevaluating
ChatterBot Charlie reevaluating
ChatterBot Foxtrot reevaluating
ChatterBot Charlie reevaluating
ChatterBot Foxtrot reevaluating
2024-10-14 18:53:14.548791 Hotel: Bravo, Alpha and Charlie, sending you 2
2024-10-14 18:53:14.549657 Echo: Foxtrot, sending you 4
2024-10-14 18:53:14.550495 Bravo: Hotel and Charlie, sending you 2
2024-10-14 18:53:14.551155 Yankee: Lima, sending you 1
2024-10-14 18:53:14.552046 Hotel: Echo, sending you 1
2024-10-14 18:53:14.552673 Alpha: Foxtrot, Bravo, Hotel, Echo and Romeo, sending you 2
2024-10-14 18:53:14.554061 Foxtrot: We should drop Charlie
2024-10-14 18:53:14.567471 Bravo: No
2024-10-14 18:53:14.567726 Hotel: No
2024-10-14 18:53:14.567933 Echo: No
2024-10-14 18:53:14.568155 Romeo: No
2024-10-14 18:53:14.568326 Alpha: No
ChatterBot Foxtrot reevaluating
ChatterBot Foxtrot reevaluating
ChatterBot Foxtrot reevaluating
ChatterBot Foxtrot reevaluating
ChatterBot Foxtrot reevaluating
2024-10-14 18:53:14.626526 Echo: Bravo, Romeo and Charlie, sending you 3
2024-10-14 18:53:14.627374 Bravo: Echo, Romeo and Alpha, sending you 3
2024-10-14 18:53:14.628132 Romeo: Foxtrot and Echo, sending you 3
2024-10-14 18:53:14.628788 Alpha: Charlie, sending you 3
2024-10-14 18:53:14.629406 Lima: Yankee, sending you 4
2024-10-14 18:53:14.629781 Hotel: Romeo, sending you 3
2024-10-14 18:53:14.630663 Echo: Hotel, sending you 1
2024-10-14 18:53:14.631672 Romeo: Bravo, Hotel, Alpha and Charlie, sending you 2
2024-10-14 18:53:14.632925 Lima: Kilo, sending you 3
2024-10-14 18:53:14.633675 Kilo: Foxtrot, Bravo, Echo and Romeo, sending you 1
2024-10-14 18:53:14.634657 Echo: Alpha, sending you 2
2024-10-14 18:53:14.636665 Kilo: Hotel, sending you 4
2024-10-14 18:53:14.637681 Charlie: Foxtrot, Echo and Alpha, sending you 3
2024-10-14 18:53:14.639667 Kilo: Alpha, sending you 5
2024-10-14 18:53:14.640670 Charlie: Bravo, Hotel and Romeo, sending you 2
2024-10-14 18:53:14.644686 Kilo: Charlie, sending you 3
chatterbot Echo submitting transactions
chatterbot Bravo submitting transactions
chatterbot Romeo submitting transactions
chatterbot Alpha submitting transactions
chatterbot Lima submitting transactions
chatterbot Kilo submitting transactions
chatterbot Charlie submitting transactions
chatterbot Yankee submitting transactions
chatterbot Hotel submitting transactions
chatterbot Foxtrot submitting transactions
ChatterBot Foxtrot round 9
ChatterBot Bravo round 9
ChatterBot Lima round 9
ChatterBot Yankee round 9
ChatterBot Hotel round 9
ChatterBot Echo round 9
ChatterBot Romeo round 9
ChatterBot Alpha round 9
ChatterBot Charlie round 9
ChatterBot Kilo round 9
2024-10-14 18:53:15.767245 Lima: We should drop Yankee
2024-10-14 18:53:15.770184 Kilo: Yes
2024-10-14 18:53:15.774941 Bravo: Foxtrot, Romeo and Alpha, sending you 3
2024-10-14 18:53:15.779661 Bravo: Hotel and Charlie, sending you 2
2024-10-14 18:53:15.781671 Yankee: I was attacked by Hotel, Romeo and Alpha
ChatterBot Kilo reevaluating
ChatterBot Lima reevaluating
2024-10-14 18:53:15.789730 Yankee: I'm keeping this round to protect myself
2024-10-14 18:53:15.790874 Yankee: Ow
2024-10-14 18:53:15.791400 Foxtrot: Hotel, sending you 1
2024-10-14 18:53:15.792550 Romeo: Sending you each 2
2024-10-14 18:53:15.793196 Bravo: Echo, sending you 4
2024-10-14 18:53:15.793808 Echo: I was attacked by Yankee
ChatterBot Bravo reevaluating
ChatterBot Foxtrot reevaluating
ChatterBot Hotel reevaluating
ChatterBot Romeo reevaluating
ChatterBot Alpha reevaluating
ChatterBot Charlie reevaluating
2024-10-14 18:53:15.808425 Echo: I'm keeping this round to protect myself
2024-10-14 18:53:15.809686 Echo: Ow
2024-10-14 18:53:15.817064 Foxtrot: We should drop Alpha
ChatterBot Bravo reevaluating
ChatterBot Hotel reevaluating
ChatterBot Romeo reevaluating
ChatterBot Charlie reevaluating
2024-10-14 18:53:15.835924 Bravo: No
2024-10-14 18:53:15.836066 Hotel: No
2024-10-14 18:53:15.836195 Echo: No
2024-10-14 18:53:15.836309 Romeo: No
2024-10-14 18:53:15.836423 Charlie: No
ChatterBot Foxtrot reevaluating
ChatterBot Hotel reevaluating
ChatterBot Romeo reevaluating
ChatterBot Charlie reevaluating
ChatterBot Foxtrot reevaluating
ChatterBot Bravo reevaluating
ChatterBot Romeo reevaluating
ChatterBot Charlie reevaluating
ChatterBot Foxtrot reevaluating
ChatterBot Bravo reevaluating
ChatterBot Hotel reevaluating
ChatterBot Romeo reevaluating
ChatterBot Charlie reevaluating
ChatterBot Foxtrot reevaluating
ChatterBot Bravo reevaluating
ChatterBot Hotel reevaluating
ChatterBot Charlie reevaluating
ChatterBot Foxtrot reevaluating
ChatterBot Bravo reevaluating
ChatterBot Hotel reevaluating
ChatterBot Romeo reevaluating
2024-10-14 18:53:15.892109 Alpha: Sorry, I'm actually sending you 0
2024-10-14 18:53:15.892427 Alpha: Sorry, I'm actually sending you 0
2024-10-14 18:53:15.892675 Alpha: Sorry, I'm actually sending you 0
2024-10-14 18:53:15.892906 Alpha: Sorry, I'm actually sending you 0
2024-10-14 18:53:15.893131 Alpha: Sorry, I'm actually sending you 0
2024-10-14 18:53:15.893335 Alpha: Sorry, I'm actually sending you 0
2024-10-14 18:53:15.895709 Kilo: Foxtrot, Bravo, Echo and Romeo, sending you 1
2024-10-14 18:53:15.900694 Kilo: Hotel, sending you 4
2024-10-14 18:53:15.905688 Kilo: Alpha, sending you 5
2024-10-14 18:53:15.910674 Kilo: Charlie, sending you 3
2024-10-14 18:53:15.911459 Lima: Same as last round
2024-10-14 18:53:15.912679 Romeo: Bravo, Hotel and Echo, sending you 3
2024-10-14 18:53:15.915705 Foxtrot: Bravo, Hotel and Echo, sending you 4
2024-10-14 18:53:15.916994 Bravo: Foxtrot, Echo, Romeo and Alpha, sending you 3
2024-10-14 18:53:15.919668 Foxtrot: Romeo and Charlie, sending you 3
2024-10-14 18:53:15.920663 Hotel: Foxtrot, sending you 4
2024-10-14 18:53:15.922956 Foxtrot: Alpha, sending you 2
2024-10-14 18:53:15.924647 Hotel: Bravo and Romeo, sending you 3
2024-10-14 18:53:15.927647 Hotel: Echo, Alpha and Charlie, sending you 2
chatterbot Yankee submitting transactions
chatterbot Kilo submitting transactions
chatterbot Romeo submitting transactions
chatterbot Bravo submitting transactions
chatterbot Foxtrot submitting transactions
chatterbot Charlie submitting transactions
chatterbot Alpha submitting transactions
chatterbot Hotel submitting transactions
chatterbot Lima submitting transactions
chatterbot Echo submitting transactions
ChatterBot Foxtrot round 10
ChatterBot Bravo round 10
ChatterBot Lima round 10
ChatterBot Yankee round 10
ChatterBot Hotel round 10
ChatterBot Echo round 10
ChatterBot Romeo round 10
ChatterBot Alpha round 10
ChatterBot Charlie round 10
ChatterBot Kilo round 10
2024-10-14 18:53:17.041686 Foxtrot: Bravo, sending you 4
2024-10-14 18:53:17.044678 Yankee: I was attacked by Bravo and Alpha
ChatterBot Kilo reevaluating
ChatterBot Lima reevaluating
2024-10-14 18:53:17.053846 Yankee: I'm keeping this round to protect myself
2024-10-14 18:53:17.054783 Yankee: Ow
2024-10-14 18:53:17.055648 Foxtrot: Hotel, sending you 5
2024-10-14 18:53:17.059677 Echo: Foxtrot and Romeo, sending you 3
2024-10-14 18:53:17.061149 Bravo: Foxtrot, sending you 4
2024-10-14 18:53:17.063566 Foxtrot: Echo, Romeo and Charlie, sending you 3
2024-10-14 18:53:17.065878 Hotel: Foxtrot and Romeo, sending you 3
2024-10-14 18:53:17.067350 Alpha: Foxtrot, Hotel, Echo and Romeo, sending you 2
2024-10-14 18:53:17.069655 Romeo: Foxtrot and Bravo, sending you 3
2024-10-14 18:53:17.071024 Echo: Bravo, Hotel, Alpha and Charlie, sending you 2
2024-10-14 18:53:17.072366 Bravo: Hotel, Echo, Romeo and Alpha, sending you 3
2024-10-14 18:53:17.073721 Foxtrot: Alpha, sending you 2
2024-10-14 18:53:17.075057 Hotel: Bravo, Echo, Alpha and Charlie, sending you 2
2024-10-14 18:53:17.076414 Alpha: Bravo, sending you 3
2024-10-14 18:53:17.077742 Romeo: Hotel, Echo, Alpha and Charlie, sending you 2
2024-10-14 18:53:17.080505 Bravo: Charlie, sending you 1
2024-10-14 18:53:17.082717 Alpha: Charlie, sending you 4
2024-10-14 18:53:17.089710 Kilo: Hotel, sending you 5
2024-10-14 18:53:17.094703 Kilo: Romeo, sending you 1
2024-10-14 18:53:17.097714 Kilo: Alpha, sending you 6
2024-10-14 18:53:17.102705 Kilo: Charlie, sending you 4
chatterbot Romeo submitting transactions
chatterbot Foxtrot submitting transactions
chatterbot Kilo submitting transactions
chatterbot Lima submitting transactions
chatterbot Echo submitting transactions
chatterbot Charlie submitting transactions
chatterbot Alpha submitting transactions
chatterbot Yankee submitting transactions
chatterbot Bravo submitting transactions
chatterbot Hotel submitting transactions
ChatterBot Foxtrot round 11
ChatterBot Bravo round 11
ChatterBot Lima round 11
ChatterBot Yankee round 11
ChatterBot Hotel round 11
ChatterBot Echo round 11
ChatterBot Romeo round 11
ChatterBot Alpha round 11
ChatterBot Charlie round 11
ChatterBot Kilo round 11
2024-10-14 18:53:18.169493 Foxtrot: We should drop Alpha
ChatterBot Charlie reevaluating
2024-10-14 18:53:18.187097 Bravo: No
2024-10-14 18:53:18.187322 Hotel: No
2024-10-14 18:53:18.188061 Echo: No
2024-10-14 18:53:18.188289 Romeo: No
2024-10-14 18:53:18.188487 Charlie: No
ChatterBot Foxtrot reevaluating
ChatterBot Charlie reevaluating
ChatterBot Foxtrot reevaluating
ChatterBot Charlie reevaluating
ChatterBot Foxtrot reevaluating
ChatterBot Charlie reevaluating
ChatterBot Foxtrot reevaluating
ChatterBot Charlie reevaluating
ChatterBot Foxtrot reevaluating
2024-10-14 18:53:18.262807 Yankee: I was attacked by Hotel and Romeo
ChatterBot Kilo reevaluating
