ChatterBot Oscar round 1
ChatterBot Quebec round 1
ChatterBot Delta round 1
ChatterBot Mike round 1
ChatterBot Hotel round 1
ChatterBot X-ray round 1
ChatterBot India round 1
ChatterBot Alpha round 1
ChatterBot Yankee round 1
ChatterBot Bravo round 1
randomSelections Oscar: {Oscar, Hotel, Yankee, Quebec, Mike, India} 
2024-10-14 18:53:04.622873 Oscar: We should group up
ChatterBot Hotel reevaluating
ChatterBot Yankee reevaluating
ChatterBot Quebec reevaluating
ChatterBot Mike reevaluating
ChatterBot India reevaluating
2024-10-14 18:53:04.637250 Hotel: Yes
2024-10-14 18:53:04.637385 Yankee: Yes
2024-10-14 18:53:04.637497 Quebec: Yes
2024-10-14 18:53:04.637664 Mike: Yes
2024-10-14 18:53:04.637799 India: Yes
ChatterBot Yankee reevaluating
ChatterBot Quebec reevaluating
ChatterBot Mike reevaluating
ChatterBot India reevaluating
ChatterBot Hotel reevaluating
ChatterBot Quebec reevaluating
ChatterBot Mike reevaluating
ChatterBot India reevaluating
ChatterBot Hotel reevaluating
ChatterBot Yankee reevaluating
ChatterBot Mike reevaluating
ChatterBot India reevaluating
ChatterBot Hotel reevaluating
ChatterBot Yankee reevaluating
ChatterBot Quebec reevaluating
ChatterBot India reevaluating
ChatterBot Hotel reevaluating
ChatterBot Yankee reevaluating
ChatterBot Quebec reevaluating
ChatterBot Mike reevaluating
randomSelections Alpha: {Alpha, Mike, X-ray, Bravo, Yankee, Oscar, Quebec} 
2024-10-14 18:53:04.751970 Alpha: Friends?
ChatterBot Mike reevaluating
ChatterBot X-ray reevaluating
ChatterBot Bravo reevaluating
ChatterBot Yankee reevaluating
ChatterBot Quebec reevaluating
2024-10-14 18:53:04.783250 Mike: No
2024-10-14 18:53:04.783592 X-ray: Yes
2024-10-14 18:53:04.783741 Bravo: Yes
2024-10-14 18:53:04.784606 Yankee: No
2024-10-14 18:53:04.784968 Oscar: No
2024-10-14 18:53:04.785202 Quebec: No
ChatterBot X-ray reevaluating
ChatterBot Bravo reevaluating
ChatterBot Yankee reevaluating
ChatterBot Quebec reevaluating
ChatterBot Mike reevaluating
ChatterBot Bravo reevaluating
ChatterBot Yankee reevaluating
ChatterBot Quebec reevaluating
ChatterBot Mike reevaluating
ChatterBot X-ray reevaluating
ChatterBot Yankee reevaluating
ChatterBot Quebec reevaluating
ChatterBot Mike reevaluating
ChatterBot X-ray reevaluating
ChatterBot Bravo reevaluating
ChatterBot Quebec reevaluating
ChatterBot Mike reevaluating
ChatterBot X-ray reevaluating
ChatterBot Bravo reevaluating
ChatterBot Yankee reevaluating
ChatterBot Quebec reevaluating
ChatterBot Mike reevaluating
ChatterBot X-ray reevaluating
ChatterBot Bravo reevaluating
ChatterBot Yankee reevaluating
randomSelections Delta: {Delta, Bravo, Quebec, Oscar, X-ray, Yankee} 
2024-10-14 18:53:04.875045 Delta: Friends?
ChatterBot Bravo reevaluating
ChatterBot Quebec reevaluating
ChatterBot X-ray reevaluating
ChatterBot Yankee reevaluating
2024-10-14 18:53:04.884641 Bravo: No
2024-10-14 18:53:04.884865 Quebec: No
2024-10-14 18:53:04.885066 Oscar: No
2024-10-14 18:53:04.885252 X-ray: No
2024-10-14 18:53:04.885602 Yankee: No
ChatterBot Quebec reevaluating
ChatterBot X-ray reevaluating
ChatterBot Yankee reevaluating
ChatterBot Bravo reevaluating
ChatterBot X-ray reevaluating
ChatterBot Yankee reevaluating
ChatterBot Bravo reevaluating
ChatterBot Quebec reevaluating
ChatterBot X-ray reevaluating
ChatterBot Yankee reevaluating
ChatterBot Bravo reevaluating
ChatterBot Quebec reevaluating
ChatterBot Yankee reevaluating
ChatterBot Bravo reevaluating
ChatterBot Quebec reevaluating
ChatterBot X-ray reevaluating
2024-10-14 18:53:04.954219 Oscar: Quebec and Yankee, sending you 2
2024-10-14 18:53:04.957725 India: Oscar and Yankee, sending you 2
2024-10-14 18:53:04.959652 Oscar: Mike and India, sending you 3
2024-10-14 18:53:04.960131 Delta: Oscar, sending you 2
2024-10-14 18:53:04.960596 Bravo: Oscar and X-ray, sending you 3
2024-10-14 18:53:04.961743 Mike: Oscar and Quebec, sending you 2
2024-10-14 18:53:04.962205 India: Quebec, sending you 1
2024-10-14 18:53:04.963975 Alpha: Oscar, sending you 2
2024-10-14 18:53:04.964433 Quebec: Oscar, Mike and India, sending you 1
2024-10-14 18:53:04.964880 Hotel: Oscar, Quebec and Mike, sending you 2
2024-10-14 18:53:04.966175 Oscar: Hotel, sending you 4
2024-10-14 18:53:04.966526 Delta: Quebec, sending you 4
2024-10-14 18:53:04.966938 X-ray: Oscar, sending you 4
2024-10-14 18:53:04.967393 Mike: Hotel, sending you 3
2024-10-14 18:53:04.968554 Bravo: Quebec, Alpha and Yankee, sending you 2
2024-10-14 18:53:04.968964 India: Mike, sending you 5
2024-10-14 18:53:04.970176 Alpha: Quebec, sending you 6
2024-10-14 18:53:04.970653 Quebec: Hotel and Yankee, sending you 2
2024-10-14 18:53:04.972129 Yankee: Oscar, sending you 1
2024-10-14 18:53:04.972545 Hotel: India, sending you 4
2024-10-14 18:53:04.972948 Delta: Yankee, sending you 3
2024-10-14 18:53:04.973264 X-ray: Quebec, sending you 5
2024-10-14 18:53:04.974301 Bravo: Mike, sending you 4
2024-10-14 18:53:04.974780 Mike: India, sending you 4
2024-10-14 18:53:04.975681 Alpha: Mike and Yankee, sending you 3
2024-10-14 18:53:04.976045 India: Hotel, sending you 3
2024-10-14 18:53:04.976387 Yankee: Quebec, sending you 6
2024-10-14 18:53:04.976741 Delta: Bravo, sending you 5
2024-10-14 18:53:04.977663 Hotel: Yankee, sending you 6
2024-10-14 18:53:04.978093 X-ray: Mike and Yankee, sending you 3
2024-10-14 18:53:04.980569 Mike: Yankee, sending you 1
2024-10-14 18:53:04.981095 Alpha: X-ray and Bravo, sending you 1
2024-10-14 18:53:04.982027 Yankee: Mike, sending you 3
2024-10-14 18:53:04.985287 X-ray: Bravo, sending you 1
2024-10-14 18:53:04.986760 Yankee: Hotel, sending you 4
2024-10-14 18:53:04.990907 Yankee: India, sending you 2
chatterbot Alpha submitting transactions
chatterbot Oscar submitting transactions
chatterbot Mike submitting transactions
chatterbot Quebec submitting transactions
chatterbot Bravo submitting transactions
chatterbot Hotel submitting transactions
chatterbot X-ray submitting transactions
chatterbot Yankee submitting transactions
chatterbot Delta submitting transactions
chatterbot India submitting transactions
ChatterBot Oscar round 2
ChatterBot Quebec round 2
ChatterBot Delta round 2
ChatterBot Mike round 2
ChatterBot Hotel round 2
ChatterBot X-ray round 2
ChatterBot India round 2
ChatterBot Alpha round 2
ChatterBot Yankee round 2
ChatterBot Bravo round 2
2024-10-14 18:53:05.999077 Alpha: We should group up
ChatterBot Quebec reevaluating
ChatterBot X-ray reevaluating
ChatterBot Bravo reevaluating
2024-10-14 18:53:06.012053 Quebec: Yes
2024-10-14 18:53:06.012207 X-ray: No
2024-10-14 18:53:06.012321 Bravo: Yes
ChatterBot X-ray reevaluating
ChatterBot Bravo reevaluating
ChatterBot Quebec reevaluating
ChatterBot Bravo reevaluating
ChatterBot Quebec reevaluating
ChatterBot X-ray reevaluating
2024-10-14 18:53:06.050872 Delta: We would work well together
ChatterBot Quebec reevaluating
ChatterBot Alpha reevaluating
ChatterBot Bravo reevaluating
2024-10-14 18:53:06.063387 Quebec: Yes
2024-10-14 18:53:06.063522 Alpha: Yes
2024-10-14 18:53:06.063621 Bravo: Yes
ChatterBot Delta reevaluating
ChatterBot Alpha reevaluating
ChatterBot Bravo reevaluating
ChatterBot Delta reevaluating
ChatterBot Quebec reevaluating
ChatterBot Bravo reevaluating
ChatterBot Delta reevaluating
ChatterBot Quebec reevaluating
ChatterBot Alpha reevaluating
2024-10-14 18:53:06.200653 Oscar: We should group up
ChatterBot Quebec reevaluating
ChatterBot Delta reevaluating
ChatterBot X-ray reevaluating
ChatterBot Alpha reevaluating
ChatterBot Bravo reevaluating
ChatterBot Mike reevaluating
ChatterBot India reevaluating
ChatterBot Yankee reevaluating
2024-10-14 18:53:06.257359 Quebec: Yes
2024-10-14 18:53:06.257567 Delta: No
2024-10-14 18:53:06.257807 X-ray: No
2024-10-14 18:53:06.258433 Alpha: No
2024-10-14 18:53:06.258576 Bravo: No
2024-10-14 18:53:06.258716 Mike: Yes
2024-10-14 18:53:06.258933 Hotel: No
2024-10-14 18:53:06.259100 India: No
2024-10-14 18:53:06.259297 Yankee: No
ChatterBot Delta reevaluating
ChatterBot X-ray reevaluating
ChatterBot Alpha reevaluating
ChatterBot Bravo reevaluating
ChatterBot Mike reevaluating
ChatterBot India reevaluating
ChatterBot Yankee reevaluating
ChatterBot Quebec reevaluating
ChatterBot X-ray reevaluating
ChatterBot Alpha reevaluating
ChatterBot Bravo reevaluating
ChatterBot Mike reevaluating
ChatterBot India reevaluating
ChatterBot Yankee reevaluating
ChatterBot Quebec reevaluating
ChatterBot Delta reevaluating
ChatterBot Alpha reevaluating
ChatterBot Bravo reevaluating
ChatterBot Mike reevaluating
ChatterBot India reevaluating
ChatterBot Yankee reevaluating
ChatterBot Quebec reevaluating
ChatterBot Delta reevaluating
ChatterBot X-ray reevaluating
ChatterBot Bravo reevaluating
ChatterBot Mike reevaluating
ChatterBot India reevaluating
ChatterBot Yankee reevaluating
ChatterBot Quebec reevaluating
ChatterBot Delta reevaluating
ChatterBot X-ray reevaluating
ChatterBot Alpha reevaluating
ChatterBot Mike reevaluating
ChatterBot India reevaluating
ChatterBot Yankee reevaluating
ChatterBot Quebec reevaluating
ChatterBot Delta reevaluating
ChatterBot X-ray reevaluating
ChatterBot Alpha reevaluating
ChatterBot Bravo reevaluating
ChatterBot India reevaluating
ChatterBot Yankee reevaluating
ChatterBot Quebec reevaluating
ChatterBot Delta reevaluating
ChatterBot X-ray reevaluating
ChatterBot Alpha reevaluating
ChatterBot Bravo reevaluating
ChatterBot Mike reevaluating
ChatterBot India reevaluating
ChatterBot Yankee reevaluating
ChatterBot Quebec reevaluating
ChatterBot Delta reevaluating
ChatterBot X-ray reevaluating
ChatterBot Alpha reevaluating
ChatterBot Bravo reevaluating
ChatterBot Mike reevaluating
ChatterBot Yankee reevaluating
ChatterBot Quebec reevaluating
ChatterBot Delta reevaluating
ChatterBot X-ray reevaluating
ChatterBot Alpha reevaluating
ChatterBot Bravo reevaluating
ChatterBot Mike reevaluating
ChatterBot India reevaluating
2024-10-14 18:53:07.210540 Hotel: Oscar, sending you 4
chatterbot Hotel submitting transactions
chatterbot Oscar submitting transactions
2024-10-14 18:53:07.539433 Hotel: Quebec, Mike, India and Yankee, sending you 3
2024-10-14 18:53:07.540080 Delta: Quebec, X-ray and Alpha, sending you 5
2024-10-14 18:53:07.540910 India: Oscar, Mike, Hotel and Yankee, sending you 4
2024-10-14 18:53:07.541426 X-ray: Oscar, Quebec, Delta, Mike, Hotel, India and Yankee, sending you 1
2024-10-14 18:53:07.542339 Mike: Oscar, Hotel, X-ray, India, Alpha, Yankee and Bravo, sending you 2
2024-10-14 18:53:07.542875 Alpha: Oscar, Quebec, Delta, Mike, Hotel, X-ray, India and Yankee, sending you 1
2024-10-14 18:53:07.543778 Quebec: Oscar, Mike, Hotel, India and Bravo, sending you 1
2024-10-14 18:53:07.544263 Oscar: Quebec, Delta, Mike, Hotel, India, Alpha, Yankee and Bravo, sending you 2
chatterbot X-ray submitting transactions
chatterbot Yankee submitting transactions
2024-10-14 18:53:07.545572 Delta: Bravo, sending you 4
2024-10-14 18:53:07.546332 India: Quebec, sending you 3
2024-10-14 18:53:07.546759 X-ray: Alpha, sending you 3
2024-10-14 18:53:07.547201 Mike: Quebec, sending you 1
2024-10-14 18:53:07.586877 Quebec: Delta, sending you 2
2024-10-14 18:53:07.587378 Oscar: X-ray, sending you 3
2024-10-14 18:53:07.588268 Alpha: Bravo, sending you 8
2024-10-14 18:53:07.588744 Yankee: Oscar, Quebec and India, sending you 3
2024-10-14 18:53:07.589440 Bravo: Delta, sending you 8
2024-10-14 18:53:07.589814 X-ray: Bravo, sending you 6
2024-10-14 18:53:07.620199 Quebec: X-ray, Alpha and Yankee, sending you 3
2024-10-14 18:53:07.621250 Yankee: Mike, sending you 1
2024-10-14 18:53:07.621741 Bravo: X-ray, sending you 3
2024-10-14 18:53:07.913455 Yankee: Hotel, sending you 6
2024-10-14 18:53:07.914409 Bravo: Alpha, sending you 2
chatterbot Alpha submitting transactions
chatterbot Delta submitting transactions
chatterbot Quebec submitting transactions
chatterbot Mike submitting transactions
chatterbot India submitting transactions
chatterbot Bravo submitting transactions
ChatterBot Oscar round 3
ChatterBot Quebec round 3
ChatterBot Delta round 3
ChatterBot Mike round 3
ChatterBot Hotel round 3
ChatterBot X-ray round 3
ChatterBot India round 3
ChatterBot Alpha round 3
ChatterBot Yankee round 3
ChatterBot Bravo round 3
2024-10-14 18:53:08.207207 Delta: We should add Oscar
ChatterBot X-ray reevaluating
2024-10-14 18:53:08.221291 X-ray: Yes
2024-10-14 18:53:08.221479 Quebec: Yes
2024-10-14 18:53:08.221645 Alpha: Yes
2024-10-14 18:53:08.221776 Bravo: Yes
ChatterBot X-ray reevaluating
ChatterBot X-ray reevaluating
ChatterBot X-ray reevaluating
2024-10-14 18:53:08.290831 Delta: Oscar we want you to join our group
2024-10-14 18:53:08.293972 Oscar: Yes
ChatterBot X-ray reevaluating
2024-10-14 18:53:08.311088 Oscar: Quebec, Delta, Mike, Hotel, X-ray, Alpha, Yankee and Bravo, sending you 2
2024-10-14 18:53:08.311837 Quebec: Oscar, Delta, Hotel, X-ray, India, Alpha and Yankee, sending you 2
2024-10-14 18:53:08.315649 Oscar: India, sending you 3
2024-10-14 18:53:08.316679 Quebec: Mike and Bravo, sending you 1
2024-10-14 18:53:08.317631 Yankee: Oscar, Quebec and India, sending you 3
2024-10-14 18:53:08.318671 Mike: Oscar, Hotel, X-ray, India, Alpha, Yankee and Bravo, sending you 2
2024-10-14 18:53:08.320045 Hotel: Oscar, Quebec, Mike and India, sending you 3
2024-10-14 18:53:08.322657 Yankee: Mike, sending you 2
2024-10-14 18:53:08.324820 India: Oscar, Mike, Hotel and Yankee, sending you 4
2024-10-14 18:53:08.325292 Hotel: Yankee, sending you 4
2024-10-14 18:53:08.326452 Delta: Oscar, sending you 3
2024-10-14 18:53:08.326864 Mike: Quebec, sending you 1
2024-10-14 18:53:08.327436 Alpha: Oscar, Mike, X-ray and Bravo, sending you 2
2024-10-14 18:53:08.329146 Bravo: Oscar, Quebec and Mike, sending you 1
2024-10-14 18:53:08.329757 Yankee: Hotel, sending you 5
2024-10-14 18:53:08.331187 India: Quebec, sending you 3
2024-10-14 18:53:08.331624 Delta: Quebec, sending you 4
2024-10-14 18:53:08.334585 Bravo: Delta and Alpha, sending you 5
2024-10-14 18:53:08.335129 Alpha: Quebec and Delta, sending you 3
2024-10-14 18:53:08.337708 Delta: X-ray, sending you 2
2024-10-14 18:53:08.338680 X-ray: Oscar, Quebec, Delta and Alpha, sending you 3
2024-10-14 18:53:08.339685 Bravo: X-ray, sending you 3
2024-10-14 18:53:08.341683 Alpha: Hotel and India, sending you 1
2024-10-14 18:53:08.345218 Delta: Alpha, sending you 1
2024-10-14 18:53:08.345838 X-ray: Bravo, sending you 4
2024-10-14 18:53:08.350701 Delta: Bravo, sending you 9
chatterbot Delta submitting transactions
chatterbot Yankee submitting transactions
chatterbot Alpha submitting transactions
chatterbot India submitting transactions
chatterbot X-ray submitting transactions
chatterbot Bravo submitting transactions
chatterbot Mike submitting transactions
chatterbot Oscar submitting transactions
chatterbot Quebec submitting transactions
chatterbot Hotel submitting transactions
ChatterBot Oscar round 4
ChatterBot Quebec round 4
ChatterBot Delta round 4
ChatterBot Mike round 4
ChatterBot Hotel round 4
ChatterBot X-ray round 4
ChatterBot India round 4
ChatterBot Alpha round 4
ChatterBot Yankee round 4
ChatterBot Bravo round 4
2024-10-14 18:53:09.393280 Delta: We should drop Oscar
2024-10-14 18:53:09.407324 X-ray: No
2024-10-14 18:53:09.407489 Quebec: No
2024-10-14 18:53:09.408006 Alpha: No
2024-10-14 18:53:09.408149 Bravo: No
ChatterBot Delta reevaluating
ChatterBot Delta reevaluating
ChatterBot Delta reevaluating
ChatterBot Delta reevaluating
2024-10-14 18:53:09.465487 Oscar: Quebec, Delta, Mike, Hotel, X-ray, Alpha, Yankee and Bravo, sending you 2
2024-10-14 18:53:09.466287 Hotel: Oscar, Quebec, Mike and India, sending you 3
2024-10-14 18:53:09.469666 Oscar: India, sending you 3
2024-10-14 18:53:09.470196 India: Oscar, Mike, Hotel and Yankee, sending you 4
2024-10-14 18:53:09.470576 Bravo: Oscar and Mike, sending you 2
2024-10-14 18:53:09.471659 Hotel: Yankee, sending you 4
2024-10-14 18:53:09.472016 Quebec: Oscar, Delta, Hotel, X-ray, India, Alpha and Yankee, sending you 2
2024-10-14 18:53:09.472503 X-ray: Oscar, Quebec, Delta, Mike and Alpha, sending you 2
2024-10-14 18:53:09.473653 India: Quebec, sending you 3
2024-10-14 18:53:09.475698 Bravo: Quebec, sending you 1
2024-10-14 18:53:09.476860 Mike: Oscar, Quebec, Hotel, India, Alpha, Yankee and Bravo, sending you 2
2024-10-14 18:53:09.477712 Quebec: Mike and Bravo, sending you 1
2024-10-14 18:53:09.478880 X-ray: Hotel, India and Yankee, sending you 1
2024-10-14 18:53:09.479507 Yankee: Oscar and Quebec, sending you 3
2024-10-14 18:53:09.480676 Bravo: Delta, sending you 5
2024-10-14 18:53:09.482673 Mike: X-ray, sending you 1
2024-10-14 18:53:09.483662 X-ray: Bravo, sending you 3
2024-10-14 18:53:09.484598 Yankee: Mike, sending you 2
2024-10-14 18:53:09.485325 Bravo: X-ray and Alpha, sending you 3
2024-10-14 18:53:09.486379 Alpha: Oscar, Quebec, Delta, Mike and X-ray, sending you 2
2024-10-14 18:53:09.489679 Yankee: Hotel and India, sending you 4
2024-10-14 18:53:09.490537 Alpha: Hotel and India, sending you 1
2024-10-14 18:53:09.493680 Alpha: Bravo, sending you 4
2024-10-14 18:53:09.494723 Delta: Oscar, sending you 3
2024-10-14 18:53:09.497654 Delta: Quebec, sending you 4
2024-10-14 18:53:09.503663 Delta: X-ray and Alpha, sending you 2
2024-10-14 18:53:09.507656 Delta: Bravo, sending you 8
chatterbot Bravo submitting transactions
chatterbot Mike submitting transactions
chatterbot Yankee submitting transactions
chatterbot X-ray submitting transactions
chatterbot Delta submitting transactions
chatterbot Hotel submitting transactions
chatterbot Oscar submitting transactions
chatterbot Alpha submitting transactions
chatterbot India submitting transactions
chatterbot Quebec submitting transactions
ChatterBot Oscar round 5
ChatterBot Quebec round 5
ChatterBot Delta round 5
ChatterBot Mike round 5
ChatterBot Hotel round 5
ChatterBot X-ray round 5
ChatterBot India round 5
ChatterBot Alpha round 5
ChatterBot Yankee round 5
ChatterBot Bravo round 5
2024-10-14 18:53:10.666978 Quebec: We should drop India
ChatterBot Alpha reevaluating
ChatterBot Bravo reevaluating
2024-10-14 18:53:10.692076 Oscar: No
2024-10-14 18:53:10.692220 Mike: No
2024-10-14 18:53:10.692341 Hotel: No
2024-10-14 18:53:10.692457 Yankee: No
2024-10-14 18:53:10.692594 Delta: No
2024-10-14 18:53:10.692717 X-ray: Yes
2024-10-14 18:53:10.692883 Alpha: No
2024-10-14 18:53:10.692999 Bravo: No
ChatterBot Quebec reevaluating
ChatterBot Alpha reevaluating
ChatterBot Bravo reevaluating
ChatterBot Quebec reevaluating
ChatterBot Alpha reevaluating
ChatterBot Bravo reevaluating
ChatterBot Quebec reevaluating
ChatterBot Alpha reevaluating
ChatterBot Bravo reevaluating
ChatterBot Quebec reevaluating
ChatterBot Alpha reevaluating
ChatterBot Bravo reevaluating
ChatterBot Quebec reevaluating
ChatterBot X-ray reevaluating
ChatterBot Alpha reevaluating
ChatterBot Bravo reevaluating
ChatterBot Quebec reevaluating
ChatterBot Alpha reevaluating
ChatterBot Bravo reevaluating
ChatterBot Quebec reevaluating
ChatterBot X-ray reevaluating
ChatterBot Bravo reevaluating
ChatterBot Quebec reevaluating
ChatterBot Delta reevaluating
ChatterBot X-ray reevaluating
ChatterBot Alpha reevaluating
2024-10-14 18:53:10.851349 Quebec: We should drop X-ray
ChatterBot Delta reevaluating
2024-10-14 18:53:10.866188 Oscar: Yes
2024-10-14 18:53:10.866318 Mike: Yes
2024-10-14 18:53:10.866418 Hotel: Yes
2024-10-14 18:53:10.866524 India: Yes
2024-10-14 18:53:10.866627 Yankee: Yes
2024-10-14 18:53:10.866732 Delta: Yes
2024-10-14 18:53:10.866827 Alpha: Yes
2024-10-14 18:53:10.866917 Bravo: Yes
ChatterBot Quebec reevaluating
ChatterBot Delta reevaluating
ChatterBot Quebec reevaluating
ChatterBot Delta reevaluating
ChatterBot Quebec reevaluating
ChatterBot Delta reevaluating
ChatterBot Quebec reevaluating
ChatterBot Delta reevaluating
ChatterBot Alpha reevaluating
ChatterBot Quebec reevaluating
ChatterBot Delta reevaluating
ChatterBot Alpha reevaluating
ChatterBot Quebec reevaluating
ChatterBot Alpha reevaluating
ChatterBot Quebec reevaluating
ChatterBot Delta reevaluating
ChatterBot Quebec reevaluating
ChatterBot Mike reevaluating
ChatterBot Delta reevaluating
ChatterBot Alpha reevaluating
2024-10-14 18:53:11.032245 X-ray: We should drop Hotel
ChatterBot Oscar reevaluating
ChatterBot Quebec reevaluating
ChatterBot Mike reevaluating
ChatterBot Delta reevaluating
2024-10-14 18:53:11.049836 Oscar: No
2024-10-14 18:53:11.049959 Quebec: No
2024-10-14 18:53:11.050083 Mike: No
2024-10-14 18:53:11.050174 India: No
2024-10-14 18:53:11.050275 Yankee: No
2024-10-14 18:53:11.050357 Delta: No
2024-10-14 18:53:11.050438 Alpha: No
2024-10-14 18:53:11.050932 Bravo: No
ChatterBot X-ray reevaluating
ChatterBot Quebec reevaluating
ChatterBot Mike reevaluating
ChatterBot Delta reevaluating
ChatterBot X-ray reevaluating
ChatterBot Oscar reevaluating
ChatterBot Mike reevaluating
ChatterBot Delta reevaluating
ChatterBot X-ray reevaluating
ChatterBot Oscar reevaluating
ChatterBot Quebec reevaluating
ChatterBot Delta reevaluating
ChatterBot X-ray reevaluating
ChatterBot Oscar reevaluating
ChatterBot Quebec reevaluating
ChatterBot Mike reevaluating
ChatterBot Delta reevaluating
ChatterBot X-ray reevaluating
ChatterBot Oscar reevaluating
ChatterBot Quebec reevaluating
ChatterBot Mike reevaluating
ChatterBot Delta reevaluating
ChatterBot X-ray reevaluating
ChatterBot Oscar reevaluating
ChatterBot Quebec reevaluating
ChatterBot Mike reevaluating
ChatterBot X-ray reevaluating
ChatterBot Oscar reevaluating
ChatterBot Quebec reevaluating
ChatterBot Mike reevaluating
ChatterBot Yankee reevaluating
ChatterBot Delta reevaluating
ChatterBot X-ray reevaluating
ChatterBot Oscar reevaluating
ChatterBot Quebec reevaluating
ChatterBot Mike reevaluating
ChatterBot Yankee reevaluating
ChatterBot Delta reevaluating
2024-10-14 18:53:11.287233 Hotel: Oscar, Quebec, Mike and India, sending you 3
2024-10-14 18:53:11.290672 Hotel: Yankee, sending you 4
2024-10-14 18:53:11.291456 Bravo: Oscar and Mike, sending you 2
2024-10-14 18:53:11.293469 India: Oscar, Mike, Hotel and Yankee, sending you 4
2024-10-14 18:53:11.296679 Bravo: Quebec, sending you 1
2024-10-14 18:53:11.298684 India: Quebec, sending you 3
2024-10-14 18:53:11.299677 Yankee: Oscar and Quebec, sending you 3
2024-10-14 18:53:11.302685 Bravo: Delta, sending you 5
2024-10-14 18:53:11.303662 Yankee: Mike, sending you 2
2024-10-14 18:53:11.307731 Bravo: X-ray and Alpha, sending you 3
2024-10-14 18:53:11.308764 Yankee: Hotel and India, sending you 4
2024-10-14 18:53:11.311673 Oscar: Quebec, Delta, Mike, Hotel, X-ray, Alpha, Yankee and Bravo, sending you 2
2024-10-14 18:53:11.313047 Quebec: Oscar, Delta, Mike, Hotel, India and Alpha, sending you 2
2024-10-14 18:53:11.314703 Alpha: Oscar, Delta and Mike, sending you 2
2024-10-14 18:53:11.316668 Oscar: India, sending you 3
2024-10-14 18:53:11.318560 Delta: Oscar, sending you 3
2024-10-14 18:53:11.319947 Quebec: Yankee, sending you 3
2024-10-14 18:53:11.320971 Alpha: Quebec and Bravo, sending you 4
2024-10-14 18:53:11.322004 X-ray: Oscar, Quebec, Delta, Mike and Alpha, sending you 2
2024-10-14 18:53:11.323675 Delta: Quebec, sending you 4
2024-10-14 18:53:11.325687 Quebec: Bravo, sending you 1
2024-10-14 18:53:11.327018 X-ray: Hotel and Yankee, sending you 1
2024-10-14 18:53:11.328227 Alpha: Hotel and India, sending you 1
2024-10-14 18:53:11.329800 Delta: X-ray and Alpha, sending you 2
2024-10-14 18:53:11.332694 X-ray: Bravo, sending you 4
2024-10-14 18:53:11.336650 Delta: Bravo, sending you 8
chatterbot Mike submitting transactions
chatterbot Alpha submitting transactions
chatterbot Oscar submitting transactions
chatterbot Delta submitting transactions
chatterbot X-ray submitting transactions
chatterbot Quebec submitting transactions
chatterbot India submitting transactions
chatterbot Bravo submitting transactions
chatterbot Hotel submitting transactions
chatterbot Yankee submitting transactions
ChatterBot Oscar round 6
ChatterBot Quebec round 6
ChatterBot Delta round 6
ChatterBot Mike round 6
ChatterBot Hotel round 6
ChatterBot X-ray round 6
ChatterBot India round 6
ChatterBot Alpha round 6
ChatterBot Yankee round 6
2024-10-14 18:53:12.351395 Alpha: We should add X-ray
ChatterBot Oscar reevaluating
ChatterBot Delta reevaluating
2024-10-14 18:53:12.371783 Quebec: Yes
2024-10-14 18:53:12.371969 Oscar: Yes
2024-10-14 18:53:12.372126 Mike: Yes
2024-10-14 18:53:12.372277 Hotel: Yes
2024-10-14 18:53:12.372424 India: Yes
2024-10-14 18:53:12.372573 Yankee: Yes
2024-10-14 18:53:12.372733 Delta: Yes
2024-10-14 18:53:12.372888 Bravo: Yes
ChatterBot Oscar reevaluating
ChatterBot Delta reevaluating
ChatterBot Mike reevaluating
ChatterBot Delta reevaluating
ChatterBot Oscar reevaluating
ChatterBot Delta reevaluating
ChatterBot Oscar reevaluating
ChatterBot Mike reevaluating
ChatterBot Delta reevaluating
ChatterBot Oscar reevaluating
ChatterBot Mike reevaluating
ChatterBot Delta reevaluating
ChatterBot Quebec reevaluating
ChatterBot Oscar reevaluating
ChatterBot Mike reevaluating
ChatterBot Delta reevaluating
ChatterBot Quebec reevaluating
ChatterBot Oscar reevaluating
ChatterBot Mike reevaluating
ChatterBot Quebec reevaluating
ChatterBot Oscar reevaluating
ChatterBot Mike reevaluating
ChatterBot Delta reevaluating
ChatterBot Bravo round 6
2024-10-14 18:53:12.553786 X-ray: We should add India
ChatterBot Quebec reevaluating
ChatterBot Oscar reevaluating
ChatterBot Mike reevaluating
ChatterBot Hotel reevaluating
ChatterBot Delta reevaluating
ChatterBot Bravo reevaluating
2024-10-14 18:53:12.569443 Quebec: Yes
2024-10-14 18:53:12.569578 Oscar: Yes
2024-10-14 18:53:12.569682 Mike: Yes
2024-10-14 18:53:12.569775 Hotel: Yes
2024-10-14 18:53:12.569862 Yankee: Yes
2024-10-14 18:53:12.569957 Delta: Yes
2024-10-14 18:53:12.570051 Alpha: Yes
2024-10-14 18:53:12.570641 Bravo: Yes
ChatterBot Oscar reevaluating
ChatterBot Mike reevaluating
ChatterBot Hotel reevaluating
ChatterBot Delta reevaluating
ChatterBot Bravo reevaluating
ChatterBot Quebec reevaluating
ChatterBot Mike reevaluating
ChatterBot Hotel reevaluating
ChatterBot Delta reevaluating
ChatterBot Bravo reevaluating
ChatterBot Quebec reevaluating
ChatterBot Oscar reevaluating
ChatterBot Hotel reevaluating
ChatterBot Delta reevaluating
ChatterBot Bravo reevaluating
ChatterBot Quebec reevaluating
ChatterBot Oscar reevaluating
ChatterBot Mike reevaluating
ChatterBot Delta reevaluating
ChatterBot Bravo reevaluating
ChatterBot Quebec reevaluating
ChatterBot Oscar reevaluating
ChatterBot Mike reevaluating
ChatterBot Hotel reevaluating
ChatterBot Delta reevaluating
ChatterBot Bravo reevaluating
ChatterBot Quebec reevaluating
ChatterBot Oscar reevaluating
ChatterBot Mike reevaluating
ChatterBot Hotel reevaluating
ChatterBot Bravo reevaluating
ChatterBot Quebec reevaluating
ChatterBot Oscar reevaluating
ChatterBot Mike reevaluating
ChatterBot Hotel reevaluating
ChatterBot Delta reevaluating
ChatterBot Bravo reevaluating
ChatterBot Quebec reevaluating
ChatterBot Oscar reevaluating
ChatterBot Mike reevaluating
ChatterBot Hotel reevaluating
ChatterBot Delta reevaluating
2024-10-14 18:53:12.785554 Alpha: X-ray we want you to join our group
2024-10-14 18:53:12.787738 X-ray: Yes
ChatterBot Quebec reevaluating
ChatterBot Delta reevaluating
ChatterBot Bravo reevaluating
ChatterBot Oscar reevaluating
ChatterBot Mike reevaluating
ChatterBot Hotel reevaluating
ChatterBot India reevaluating
ChatterBot Yankee reevaluating
2024-10-14 18:53:12.811133 X-ray: India we want you to join our group
ChatterBot India reevaluating
2024-10-14 18:53:12.813522 India: No
ChatterBot Quebec reevaluating
ChatterBot Bravo reevaluating
ChatterBot Hotel reevaluating
ChatterBot Yankee reevaluating
2024-10-14 18:53:12.832361 Yankee: Friends?
ChatterBot Quebec reevaluating
ChatterBot Bravo reevaluating
ChatterBot Hotel reevaluating
ChatterBot India reevaluating
2024-10-14 18:53:12.849665 Quebec: Yes
2024-10-14 18:53:12.849885 Delta: Yes
2024-10-14 18:53:12.850001 X-ray: Yes
2024-10-14 18:53:12.850134 Alpha: Yes
2024-10-14 18:53:12.850241 Bravo: Yes
2024-10-14 18:53:12.850340 Oscar: Yes
2024-10-14 18:53:12.850437 Mike: Yes
2024-10-14 18:53:12.850539 Hotel: No
2024-10-14 18:53:12.850646 India: No
ChatterBot Bravo reevaluating
ChatterBot Hotel reevaluating
ChatterBot India reevaluating
ChatterBot Yankee reevaluating
ChatterBot Quebec reevaluating
ChatterBot Bravo reevaluating
ChatterBot Hotel reevaluating
ChatterBot India reevaluating
ChatterBot Yankee reevaluating
ChatterBot Quebec reevaluating
ChatterBot Bravo reevaluating
ChatterBot Hotel reevaluating
ChatterBot India reevaluating
ChatterBot Yankee reevaluating
ChatterBot Quebec reevaluating
ChatterBot Bravo reevaluating
ChatterBot Hotel reevaluating
ChatterBot India reevaluating
ChatterBot Yankee reevaluating
ChatterBot Quebec reevaluating
ChatterBot Hotel reevaluating
ChatterBot India reevaluating
ChatterBot Yankee reevaluating
ChatterBot Quebec reevaluating
ChatterBot Bravo reevaluating
ChatterBot Hotel reevaluating
ChatterBot India reevaluating
ChatterBot Yankee reevaluating
ChatterBot Quebec reevaluating
ChatterBot Bravo reevaluating
ChatterBot Hotel reevaluating
ChatterBot India reevaluating
ChatterBot Yankee reevaluating
ChatterBot Quebec reevaluating
ChatterBot Bravo reevaluating
ChatterBot India reevaluating
ChatterBot Yankee reevaluating
ChatterBot Quebec reevaluating
ChatterBot Bravo reevaluating
ChatterBot Hotel reevaluating
ChatterBot Yankee reevaluating
2024-10-14 18:53:13.013749 Quebec: X-ray we want you to join our group
2024-10-14 18:53:13.018010 X-ray: Yes
ChatterBot Quebec reevaluating
ChatterBot Yankee reevaluating
2024-10-14 18:53:13.052674 Hotel: Oscar, Quebec, Mike, X-ray, India, Alpha and Yankee, sending you 2
2024-10-14 18:53:13.054183 X-ray: Oscar, Quebec, Delta, Mike and Alpha, sending you 2
2024-10-14 18:53:13.054806 Alpha: Oscar, Quebec, X-ray and Bravo, sending you 3
2024-10-14 18:53:13.055737 Oscar: Quebec, Delta, Mike, Hotel, X-ray, Alpha, Yankee and Bravo, sending you 2
2024-10-14 18:53:13.056346 Delta: Oscar, sending you 3
2024-10-14 18:53:13.058192 X-ray: Hotel, India and Yankee, sending you 1
2024-10-14 18:53:13.059276 Hotel: Delta and Bravo, sending you 1
2024-10-14 18:53:13.060138 Alpha: Delta and Mike, sending you 2
2024-10-14 18:53:13.061893 Oscar: India, sending you 3
2024-10-14 18:53:13.063085 Delta: Quebec, sending you 4
2024-10-14 18:53:13.064593 Bravo: Oscar, sending you 2
2024-10-14 18:53:13.065675 X-ray: Bravo, sending you 3
2024-10-14 18:53:13.066892 India: Oscar, Quebec, Delta, Mike, Hotel, X-ray, Alpha and Bravo, sending you 2
2024-10-14 18:53:13.067717 Delta: X-ray and Alpha, sending you 2
2024-10-14 18:53:13.069032 Bravo: Quebec and Mike, sending you 1
2024-10-14 18:53:13.071718 Yankee: Oscar and Mike, sending you 2
2024-10-14 18:53:13.073018 India: Yankee, sending you 3
2024-10-14 18:53:13.074318 Delta: Bravo, sending you 8
2024-10-14 18:53:13.075085 Bravo: Delta, sending you 6
2024-10-14 18:53:13.078167 Yankee: Quebec, Hotel and India, sending you 3
2024-10-14 18:53:13.079167 Bravo: X-ray and Alpha, sending you 3
2024-10-14 18:53:13.081853 Quebec: Oscar, Delta, Mike, Hotel, X-ray, India, Alpha and Yankee, sending you 2
2024-10-14 18:53:13.083025 Yankee: Delta, X-ray and Alpha, sending you 1
chatterbot Oscar submitting transactions
chatterbot X-ray submitting transactions
chatterbot Mike submitting transactions
chatterbot India submitting transactions
chatterbot Bravo submitting transactions
chatterbot Alpha submitting transactions
chatterbot Quebec submitting transactions
chatterbot Hotel submitting transactions
chatterbot Delta submitting transactions
chatterbot Yankee submitting transactions
ChatterBot Oscar round 7
ChatterBot Quebec round 7
ChatterBot Delta round 7
ChatterBot Mike round 7
ChatterBot Hotel round 7
ChatterBot X-ray round 7
ChatterBot India round 7
ChatterBot Alpha round 7
ChatterBot Yankee round 7
ChatterBot Bravo round 7
2024-10-14 18:53:14.233683 Delta: Oscar and Quebec, sending you 3
2024-10-14 18:53:14.235704 Oscar: Quebec, Delta, Mike, Hotel, X-ray, Alpha, Yankee and Bravo, sending you 2
2024-10-14 18:53:14.237406 India: Oscar, Quebec, Delta, Mike, Hotel, X-ray, Alpha and Bravo, sending you 2
2024-10-14 18:53:14.239009 X-ray: Oscar, Quebec, Delta, Mike and Alpha, sending you 2
2024-10-14 18:53:14.239795 Yankee: Oscar and Mike, sending you 2
2024-10-14 18:53:14.240584 Delta: Hotel, India and Yankee, sending you 1
2024-10-14 18:53:14.241395 Oscar: India, sending you 3
2024-10-14 18:53:14.243142 India: Yankee, sending you 3
2024-10-14 18:53:14.243941 Alpha: Oscar, Quebec, Delta, Mike and X-ray, sending you 2
2024-10-14 18:53:14.244803 Yankee: Quebec, Hotel and India, sending you 3
2024-10-14 18:53:14.246070 Quebec: Oscar, Delta, Mike, Hotel, X-ray, India, Alpha and Yankee, sending you 2
2024-10-14 18:53:14.246965 X-ray: Hotel, India and Yankee, sending you 1
2024-10-14 18:53:14.247968 Hotel: Oscar, Quebec, Mike, X-ray, India, Alpha and Yankee, sending you 2
2024-10-14 18:53:14.248800 Delta: X-ray and Alpha, sending you 2
2024-10-14 18:53:14.250084 Bravo: Oscar, sending you 2
2024-10-14 18:53:14.250934 Yankee: Delta, X-ray and Alpha, sending you 1
2024-10-14 18:53:14.251819 Alpha: Hotel, India and Yankee, sending you 1
2024-10-14 18:53:14.253199 X-ray: Bravo, sending you 3
2024-10-14 18:53:14.254119 Hotel: Delta and Bravo, sending you 1
2024-10-14 18:53:14.254958 Bravo: Quebec, Mike and India, sending you 1
2024-10-14 18:53:14.255808 Delta: Bravo, sending you 6
2024-10-14 18:53:14.257266 Alpha: Bravo, sending you 3
2024-10-14 18:53:14.260681 Bravo: Delta, sending you 5
2024-10-14 18:53:14.264684 Bravo: X-ray and Alpha, sending you 3
chatterbot Yankee submitting transactions
chatterbot Hotel submitting transactions
chatterbot Oscar submitting transactions
chatterbot Alpha submitting transactions
chatterbot X-ray submitting transactions
chatterbot Mike submitting transactions
chatterbot Delta submitting transactions
chatterbot Bravo submitting transactions
chatterbot Quebec submitting transactions
chatterbot India submitting transactions
ChatterBot Oscar round 8
ChatterBot Quebec round 8
ChatterBot Delta round 8
ChatterBot Mike round 8
ChatterBot Hotel round 8
ChatterBot X-ray round 8
ChatterBot India round 8
ChatterBot Alpha round 8
ChatterBot Yankee round 8
ChatterBot Bravo round 8
2024-10-14 18:53:15.480833 Quebec: We should drop Bravo
2024-10-14 18:53:15.501421 Oscar: No
2024-10-14 18:53:15.501623 Mike: No
2024-10-14 18:53:15.501787 Hotel: No
2024-10-14 18:53:15.501945 India: No
2024-10-14 18:53:15.502084 Yankee: No
2024-10-14 18:53:15.502219 Delta: No
2024-10-14 18:53:15.502348 X-ray: No
2024-10-14 18:53:15.502457 Alpha: No
ChatterBot Quebec reevaluating
ChatterBot Quebec reevaluating
ChatterBot Quebec reevaluating
ChatterBot Quebec reevaluating
ChatterBot Quebec reevaluating
ChatterBot Quebec reevaluating
ChatterBot Quebec reevaluating
2024-10-14 18:53:15.632679 Oscar: Quebec, Delta, Mike, Hotel, X-ray, Alpha, Yankee and Bravo, sending you 2
2024-10-14 18:53:15.633777 Delta: Oscar and Quebec, sending you 3
2024-10-14 18:53:15.637861 Quebec: We should drop Hotel
2024-10-14 18:53:15.658078 X-ray: No
2024-10-14 18:53:15.658795 Oscar: No
2024-10-14 18:53:15.658963 Mike: No
2024-10-14 18:53:15.659111 India: No
2024-10-14 18:53:15.659260 Yankee: No
2024-10-14 18:53:15.659395 Delta: No
2024-10-14 18:53:15.659516 Alpha: No
2024-10-14 18:53:15.659642 Bravo: No
ChatterBot Quebec reevaluating
ChatterBot Quebec reevaluating
ChatterBot Quebec reevaluating
ChatterBot Quebec reevaluating
ChatterBot Quebec reevaluating
ChatterBot Quebec reevaluating
ChatterBot Quebec reevaluating
ChatterBot Quebec reevaluating
2024-10-14 18:53:15.819439 Oscar: India, sending you 3
2024-10-14 18:53:15.820261 India: Oscar, Quebec, Delta, Mike, Hotel, X-ray, Alpha and Bravo, sending you 2
2024-10-14 18:53:15.821046 Hotel: Oscar, Quebec, Mike, X-ray, India, Alpha and Yankee, sending you 2
2024-10-14 18:53:15.821807 Delta: Hotel, India and Yankee, sending you 1
2024-10-14 18:53:15.823657 India: Yankee, sending you 3
2024-10-14 18:53:15.824797 Hotel: Delta and Bravo, sending you 1
2024-10-14 18:53:15.825812 Delta: X-ray and Alpha, sending you 2
2024-10-14 18:53:15.826718 Bravo: Oscar and Mike, sending you 2
2024-10-14 18:53:15.827927 Alpha: Oscar, Quebec, Delta, Mike and X-ray, sending you 2
2024-10-14 18:53:15.828827 Yankee: Oscar and Mike, sending you 2
2024-10-14 18:53:15.829731 X-ray: Oscar, Quebec, Delta, Mike, Hotel, India, Alpha and Bravo, sending you 2
2024-10-14 18:53:15.831493 Quebec: We should drop Alpha
2024-10-14 18:53:15.847609 Oscar: No
2024-10-14 18:53:15.847771 Mike: No
2024-10-14 18:53:15.847893 Hotel: No
2024-10-14 18:53:15.848006 India: No
2024-10-14 18:53:15.848119 Yankee: No
2024-10-14 18:53:15.848218 Delta: No
2024-10-14 18:53:15.848311 X-ray: No
2024-10-14 18:53:15.848404 Bravo: No
ChatterBot Quebec reevaluating
ChatterBot Quebec reevaluating
ChatterBot Quebec reevaluating
ChatterBot Quebec reevaluating
ChatterBot Quebec reevaluating
ChatterBot Quebec reevaluating
ChatterBot Quebec reevaluating
ChatterBot Quebec reevaluating
2024-10-14 18:53:15.989105 Delta: Bravo, sending you 6
2024-10-14 18:53:15.990215 Bravo: Delta, sending you 5
2024-10-14 18:53:15.991370 Alpha: Hotel, India and Yankee, sending you 1
2024-10-14 18:53:15.992353 Yankee: Quebec, Hotel and India, sending you 3
chatterbot Oscar submitting transactions
chatterbot Mike submitting transactions
2024-10-14 18:53:15.995682 Bravo: X-ray and Alpha, sending you 3
2024-10-14 18:53:15.997831 Alpha: Bravo, sending you 3
2024-10-14 18:53:15.999659 Yankee: Delta, X-ray and Alpha, sending you 1
2024-10-14 18:53:16.001724 Bravo: India, sending you 1
2024-10-14 18:53:16.011663 Quebec: Oscar, Delta, Mike, Hotel, X-ray, India, Alpha and Yankee, sending you 2
chatterbot Alpha submitting transactions
chatterbot Delta submitting transactions
chatterbot Hotel submitting transactions
chatterbot Bravo submitting transactions
chatterbot Yankee submitting transactions
chatterbot India submitting transactions
chatterbot X-ray submitting transactions
chatterbot Quebec submitting transactions
ChatterBot Oscar round 9
ChatterBot Quebec round 9
ChatterBot Delta round 9
ChatterBot Mike round 9
ChatterBot Hotel round 9
ChatterBot X-ray round 9
ChatterBot India round 9
ChatterBot Alpha round 9
ChatterBot Yankee round 9
ChatterBot Bravo round 9
2024-10-14 18:53:16.811669 Quebec: Oscar, Delta, Mike, Hotel, X-ray, India, Alpha and Yankee, sending you 2
2024-10-14 18:53:16.819679 Bravo: Oscar and X-ray, sending you 2
2024-10-14 18:53:16.821965 Alpha: Oscar, Quebec, Delta, Mike, Hotel, X-ray, India and Bravo, sending you 2
2024-10-14 18:53:16.825086 Delta: Oscar, X-ray and Alpha, sending you 2
2024-10-14 18:53:16.826896 Oscar: Quebec, Delta, Mike, Hotel, X-ray, Alpha, Yankee and Bravo, sending you 2
2024-10-14 18:53:16.829330 Bravo: Quebec, Mike, Hotel and India, sending you 1
2024-10-14 18:53:16.831198 India: Oscar, sending you 3
2024-10-14 18:53:16.832873 Yankee: Oscar and Mike, sending you 2
2024-10-14 18:53:16.834664 Delta: Quebec, sending you 3
2024-10-14 18:53:16.836843 X-ray: Oscar, Quebec, Delta, Mike, Hotel, India, Alpha and Bravo, sending you 2
2024-10-14 18:53:16.838752 Oscar: India, sending you 3
2024-10-14 18:53:16.840402 Hotel: Oscar, Quebec, Mike, X-ray, India, Alpha and Yankee, sending you 2
2024-10-14 18:53:16.842414 Bravo: Delta, sending you 5
2024-10-14 18:53:16.843787 India: Quebec, Delta, Mike, Hotel, X-ray, Alpha, Yankee and Bravo, sending you 2
2024-10-14 18:53:16.845165 Yankee: Quebec, Hotel and India, sending you 3
2024-10-14 18:53:16.846528 Delta: Hotel, India and Yankee, sending you 1
2024-10-14 18:53:16.848385 Hotel: Delta and Bravo, sending you 1
2024-10-14 18:53:16.849714 Bravo: Alpha, sending you 3
2024-10-14 18:53:16.851119 Yankee: Delta, X-ray and Alpha, sending you 1
2024-10-14 18:53:16.852706 Delta: Bravo, sending you 7
chatterbot Bravo submitting transactions
chatterbot Hotel submitting transactions
chatterbot Alpha submitting transactions
chatterbot X-ray submitting transactions
chatterbot India submitting transactions
