ChatterBot Oscar round 1
ChatterBot Foxtrot round 1
ChatterBot Papa round 1
ChatterBot Charlie round 1
ChatterBot Lima round 1
ChatterBot Alpha round 1
ChatterBot Sierra round 1
ChatterBot Yankee round 1
ChatterBot Echo round 1
ChatterBot Uniform round 1
randomSelections Foxtrot: {Foxtrot, Papa, Yankee, Uniform, Alpha, Charlie} 
2024-10-15 00:36:29.974159 Foxtrot: We should group up
ChatterBot Papa reevaluating
ChatterBot Yankee reevaluating
ChatterBot Uniform reevaluating
ChatterBot Alpha reevaluating
ChatterBot Charlie reevaluating
2024-10-15 00:36:29.985475 Papa: Yes
2024-10-15 00:36:29.985668 Yankee: Yes
2024-10-15 00:36:29.985830 Uniform: Yes
2024-10-15 00:36:29.985937 Alpha: Yes
2024-10-15 00:36:29.986037 Charlie: Yes
ChatterBot Yankee reevaluating
ChatterBot Uniform reevaluating
ChatterBot Alpha reevaluating
ChatterBot Charlie reevaluating
ChatterBot Papa reevaluating
ChatterBot Uniform reevaluating
ChatterBot Alpha reevaluating
ChatterBot Charlie reevaluating
ChatterBot Papa reevaluating
ChatterBot Yankee reevaluating
ChatterBot Alpha reevaluating
ChatterBot Charlie reevaluating
ChatterBot Papa reevaluating
ChatterBot Yankee reevaluating
ChatterBot Uniform reevaluating
ChatterBot Charlie reevaluating
ChatterBot Papa reevaluating
ChatterBot Yankee reevaluating
ChatterBot Uniform reevaluating
ChatterBot Alpha reevaluating
randomSelections Sierra: {Sierra, Echo, Oscar, Alpha, Charlie, Yankee} 
2024-10-15 00:36:30.047632 Sierra: Let's form a team
ChatterBot Echo reevaluating
ChatterBot Oscar reevaluating
ChatterBot Alpha reevaluating
ChatterBot Charlie reevaluating
ChatterBot Yankee reevaluating
2024-10-15 00:36:30.062539 Echo: Yes
2024-10-15 00:36:30.062788 Oscar: Yes
2024-10-15 00:36:30.063048 Alpha: No
2024-10-15 00:36:30.063328 Charlie: No
2024-10-15 00:36:30.063676 Yankee: No
ChatterBot Oscar reevaluating
ChatterBot Alpha reevaluating
ChatterBot Charlie reevaluating
ChatterBot Yankee reevaluating
ChatterBot Echo reevaluating
ChatterBot Alpha reevaluating
ChatterBot Charlie reevaluating
ChatterBot Yankee reevaluating
ChatterBot Echo reevaluating
ChatterBot Oscar reevaluating
ChatterBot Charlie reevaluating
ChatterBot Yankee reevaluating
ChatterBot Echo reevaluating
ChatterBot Oscar reevaluating
ChatterBot Alpha reevaluating
ChatterBot Yankee reevaluating
ChatterBot Echo reevaluating
ChatterBot Oscar reevaluating
ChatterBot Alpha reevaluating
ChatterBot Charlie reevaluating
randomSelections Lima: {Lima, Foxtrot, Sierra, Alpha, Oscar, Yankee} 
2024-10-15 00:36:30.145736 Lima: We should group up
ChatterBot Alpha reevaluating
ChatterBot Oscar reevaluating
ChatterBot Yankee reevaluating
2024-10-15 00:36:30.152235 Foxtrot: No
2024-10-15 00:36:30.153326 Sierra: No
2024-10-15 00:36:30.153861 Alpha: No
2024-10-15 00:36:30.154395 Oscar: No
2024-10-15 00:36:30.155322 Yankee: No
ChatterBot Alpha reevaluating
ChatterBot Oscar reevaluating
ChatterBot Yankee reevaluating
ChatterBot Alpha reevaluating
ChatterBot Oscar reevaluating
ChatterBot Yankee reevaluating
ChatterBot Oscar reevaluating
ChatterBot Yankee reevaluating
ChatterBot Alpha reevaluating
ChatterBot Yankee reevaluating
ChatterBot Alpha reevaluating
ChatterBot Oscar reevaluating
2024-10-15 00:36:30.216719 Echo: Charlie, sending you 1
2024-10-15 00:36:30.217080 Sierra: Oscar and Echo, sending you 2
2024-10-15 00:36:30.218434 Oscar: Charlie, sending you 3
2024-10-15 00:36:30.218938 Uniform: Foxtrot, sending you 1
2024-10-15 00:36:30.219313 Yankee: Foxtrot and Charlie, sending you 1
2024-10-15 00:36:30.229098 Echo: Alpha, sending you 4
2024-10-15 00:36:30.232366 Charlie: Foxtrot and Yankee, sending you 3
2024-10-15 00:36:30.233273 Oscar: Alpha and Echo, sending you 2
2024-10-15 00:36:30.234608 Sierra: Charlie and Yankee, sending you 3
2024-10-15 00:36:30.235030 Uniform: Papa, sending you 2
2024-10-15 00:36:30.235479 Papa: Foxtrot, sending you 1
2024-10-15 00:36:30.236538 Yankee: Papa and Uniform, sending you 2
2024-10-15 00:36:30.236933 Foxtrot: Papa and Charlie, sending you 1
2024-10-15 00:36:30.238205 Lima: Oscar, sending you 2
2024-10-15 00:36:30.238669 Echo: Sierra, sending you 2
2024-10-15 00:36:30.239129 Charlie: Papa, sending you 1
2024-10-15 00:36:30.240555 Oscar: Sierra, sending you 1
2024-10-15 00:36:30.240962 Sierra: Alpha, sending you 1
2024-10-15 00:36:30.241377 Uniform: Charlie and Alpha, sending you 3
2024-10-15 00:36:30.242926 Papa: Charlie and Alpha, sending you 2
2024-10-15 00:36:30.243400 Alpha: Foxtrot and Uniform, sending you 3
2024-10-15 00:36:30.245323 Yankee: Alpha, sending you 3
2024-10-15 00:36:30.245774 Foxtrot: Alpha, sending you 2
2024-10-15 00:36:30.246295 Lima: Foxtrot and Alpha, sending you 1
2024-10-15 00:36:30.247326 Charlie: Alpha, sending you 2
2024-10-15 00:36:30.247759 Papa: Uniform, sending you 5
2024-10-15 00:36:30.248219 Alpha: Papa and Charlie, sending you 2
2024-10-15 00:36:30.254238 Lima: Sierra, sending you 4
2024-10-15 00:36:30.255162 Alpha: Yankee, sending you 1
chatterbot Foxtrot submitting transactions
chatterbot Sierra submitting transactions
chatterbot Uniform submitting transactions
chatterbot Yankee submitting transactions
chatterbot Charlie submitting transactions
chatterbot Alpha submitting transactions
chatterbot Lima submitting transactions
chatterbot Oscar submitting transactions
chatterbot Echo submitting transactions
chatterbot Papa submitting transactions
ChatterBot Oscar round 2
ChatterBot Foxtrot round 2
ChatterBot Papa round 2
ChatterBot Charlie round 2
ChatterBot Lima round 2
2024-10-15 00:36:32.570762 Lima: We would work well together
ChatterBot Oscar reevaluating
ChatterBot Sierra reevaluating
ChatterBot Echo reevaluating
2024-10-15 00:36:32.598510 Oscar: Yes
2024-10-15 00:36:32.598723 Sierra: No
2024-10-15 00:36:32.598839 Echo: No
ChatterBot Sierra reevaluating
ChatterBot Echo reevaluating
ChatterBot Oscar reevaluating
ChatterBot Echo reevaluating
ChatterBot Oscar reevaluating
ChatterBot Sierra reevaluating
ChatterBot Alpha round 2
ChatterBot Sierra round 2
ChatterBot Yankee round 2
ChatterBot Echo round 2
2024-10-15 00:36:32.680602 Foxtrot: We should add Lima
ChatterBot Yankee reevaluating
ChatterBot Uniform reevaluating
ChatterBot Alpha reevaluating
2024-10-15 00:36:32.707928 Papa: No
2024-10-15 00:36:32.708133 Yankee: No
2024-10-15 00:36:32.708259 Uniform: No
2024-10-15 00:36:32.708362 Alpha: No
2024-10-15 00:36:32.708475 Charlie: No
ChatterBot Foxtrot reevaluating
ChatterBot Yankee reevaluating
ChatterBot Uniform reevaluating
ChatterBot Alpha reevaluating
ChatterBot Foxtrot reevaluating
ChatterBot Uniform reevaluating
ChatterBot Alpha reevaluating
ChatterBot Foxtrot reevaluating
ChatterBot Yankee reevaluating
ChatterBot Alpha reevaluating
ChatterBot Foxtrot reevaluating
ChatterBot Yankee reevaluating
ChatterBot Uniform reevaluating
ChatterBot Foxtrot reevaluating
ChatterBot Yankee reevaluating
ChatterBot Uniform reevaluating
ChatterBot Alpha reevaluating
2024-10-15 00:36:32.836861 Yankee: We should add Sierra
ChatterBot Foxtrot reevaluating
ChatterBot Uniform reevaluating
ChatterBot Alpha reevaluating
2024-10-15 00:36:32.863176 Foxtrot: No
2024-10-15 00:36:32.863319 Papa: No
2024-10-15 00:36:32.863434 Uniform: No
2024-10-15 00:36:32.863541 Alpha: No
2024-10-15 00:36:32.864139 Charlie: No
ChatterBot Yankee reevaluating
ChatterBot Uniform reevaluating
ChatterBot Alpha reevaluating
ChatterBot Foxtrot reevaluating
ChatterBot Yankee reevaluating
ChatterBot Uniform reevaluating
ChatterBot Alpha reevaluating
ChatterBot Foxtrot reevaluating
ChatterBot Yankee reevaluating
ChatterBot Alpha reevaluating
ChatterBot Foxtrot reevaluating
ChatterBot Yankee reevaluating
ChatterBot Uniform reevaluating
ChatterBot Foxtrot reevaluating
ChatterBot Yankee reevaluating
ChatterBot Uniform reevaluating
ChatterBot Alpha reevaluating
ChatterBot Uniform round 2
2024-10-15 00:36:33.130656 Sierra: Let's form a team
ChatterBot Oscar reevaluating
ChatterBot Echo reevaluating
ChatterBot Yankee reevaluating
2024-10-15 00:36:33.146905 Oscar: No
2024-10-15 00:36:33.147229 Lima: No
2024-10-15 00:36:33.147948 Echo: No
2024-10-15 00:36:33.148129 Yankee: No
ChatterBot Sierra reevaluating
ChatterBot Echo reevaluating
ChatterBot Yankee reevaluating
ChatterBot Sierra reevaluating
ChatterBot Oscar reevaluating
ChatterBot Echo reevaluating
ChatterBot Yankee reevaluating
ChatterBot Sierra reevaluating
ChatterBot Oscar reevaluating
ChatterBot Yankee reevaluating
ChatterBot Sierra reevaluating
ChatterBot Oscar reevaluating
ChatterBot Echo reevaluating
2024-10-15 00:36:33.354258 Lima: Oscar and Sierra, sending you 3
2024-10-15 00:36:33.354969 Papa: Sending you each 2
chatterbot Papa submitting transactions
2024-10-15 00:36:33.397843 Echo: Oscar and Sierra, sending you 6
2024-10-15 00:36:33.398644 Charlie: Foxtrot and Yankee, sending you 2
2024-10-15 00:36:33.399032 Lima: Echo, sending you 2
2024-10-15 00:36:33.399255 Alpha: Foxtrot and Papa, sending you 2
2024-10-15 00:36:33.400088 Oscar: Lima and Sierra, sending you 4
2024-10-15 00:36:33.400316 Sierra: Oscar, sending you 2
chatterbot Charlie submitting transactions
chatterbot Lima submitting transactions
2024-10-15 00:36:33.478790 Charlie: Papa and Alpha, sending you 4
2024-10-15 00:36:33.479761 Echo: Lima, sending you 3
2024-10-15 00:36:33.480024 Yankee: Foxtrot and Papa, sending you 1
2024-10-15 00:36:33.480765 Uniform: Foxtrot, Papa, Alpha and Yankee, sending you 2
2024-10-15 00:36:33.481097 Alpha: Charlie, sending you 1
2024-10-15 00:36:33.481374 Sierra: Lima and Echo, sending you 3
2024-10-15 00:36:33.481635 Foxtrot: Papa, Charlie, Alpha and Yankee, sending you 1
2024-10-15 00:36:33.530419 Charlie: Uniform, sending you 5
2024-10-15 00:36:33.530950 Yankee: Charlie, sending you 6
2024-10-15 00:36:33.531366 Uniform: Charlie, sending you 1
2024-10-15 00:36:33.532350 Alpha: Yankee and Uniform, sending you 3
2024-10-15 00:36:33.532861 Sierra: Yankee, sending you 1
2024-10-15 00:36:33.533753 Yankee: Alpha, sending you 2
chatterbot Echo submitting transactions
chatterbot Sierra submitting transactions
chatterbot Uniform submitting transactions
chatterbot Foxtrot submitting transactions
chatterbot Alpha submitting transactions
chatterbot Yankee submitting transactions
chatterbot Oscar submitting transactions
ChatterBot Oscar round 3
ChatterBot Foxtrot round 3
ChatterBot Papa round 3
ChatterBot Charlie round 3
ChatterBot Lima round 3
ChatterBot Alpha round 3
ChatterBot Sierra round 3
ChatterBot Yankee round 3
ChatterBot Echo round 3
ChatterBot Uniform round 3
2024-10-15 00:36:34.282194 Sierra: We should drop Yankee
2024-10-15 00:36:34.289604 Lima: Yes
2024-10-15 00:36:34.290207 Oscar: Yes
2024-10-15 00:36:34.290384 Echo: Yes
2024-10-15 00:36:34.314684 Foxtrot: Papa, Charlie, Alpha and Uniform, sending you 1
2024-10-15 00:36:34.316100 Charlie: Foxtrot, sending you 2
2024-10-15 00:36:34.316918 Lima: Oscar and Sierra, sending you 3
2024-10-15 00:36:34.317989 Alpha: Foxtrot, Papa, Yankee and Uniform, sending you 2
2024-10-15 00:36:34.318842 Oscar: Lima and Echo, sending you 3
2024-10-15 00:36:34.319403 Papa: Foxtrot, sending you 1
2024-10-15 00:36:34.320623 Echo: Oscar, sending you 4
2024-10-15 00:36:34.321210 Charlie: Papa, Alpha and Uniform, sending you 3
2024-10-15 00:36:34.322022 Alpha: Charlie, sending you 3
2024-10-15 00:36:34.323363 Lima: Echo, sending you 2
2024-10-15 00:36:34.323849 Oscar: Sierra, sending you 2
2024-10-15 00:36:34.324258 Papa: Charlie, sending you 3
2024-10-15 00:36:34.325444 Echo: Lima, sending you 5
2024-10-15 00:36:34.325985 Charlie: Yankee, sending you 6
2024-10-15 00:36:34.326721 Uniform: Foxtrot, sending you 1
2024-10-15 00:36:34.327871 Yankee: Papa and Uniform, sending you 2
2024-10-15 00:36:34.328447 Sierra: Oscar and Lima, sending you 3
2024-10-15 00:36:34.328986 Papa: Alpha, Yankee and Uniform, sending you 2
2024-10-15 00:36:34.330694 Echo: Sierra, sending you 6
2024-10-15 00:36:34.331701 Uniform: Papa, Charlie, Alpha and Yankee, sending you 2
2024-10-15 00:36:34.333208 Yankee: Charlie and Alpha, sending you 3
2024-10-15 00:36:34.333969 Sierra: Echo, sending you 2
chatterbot Papa submitting transactions
chatterbot Uniform submitting transactions
chatterbot Yankee submitting transactions
chatterbot Alpha submitting transactions
chatterbot Lima submitting transactions
chatterbot Oscar submitting transactions
chatterbot Charlie submitting transactions
chatterbot Sierra submitting transactions
chatterbot Echo submitting transactions
chatterbot Foxtrot submitting transactions
ChatterBot Oscar round 4
ChatterBot Foxtrot round 4
ChatterBot Papa round 4
ChatterBot Charlie round 4
ChatterBot Lima round 4
ChatterBot Alpha round 4
ChatterBot Sierra round 4
ChatterBot Yankee round 4
ChatterBot Echo round 4
ChatterBot Uniform round 4
2024-10-15 00:36:35.494498 Sierra: We should add Foxtrot
2024-10-15 00:36:35.500001 Lima: No
2024-10-15 00:36:35.500139 Oscar: No
2024-10-15 00:36:35.500254 Echo: No
ChatterBot Sierra reevaluating
ChatterBot Sierra reevaluating
ChatterBot Sierra reevaluating
2024-10-15 00:36:35.535686 Foxtrot: Papa, Charlie, Alpha and Uniform, sending you 1
2024-10-15 00:36:35.538665 Papa: Foxtrot, sending you 1
2024-10-15 00:36:35.540668 Lima: Oscar and Echo, sending you 3
2024-10-15 00:36:35.541918 Charlie: Foxtrot, sending you 2
2024-10-15 00:36:35.542662 Papa: Charlie, sending you 3
2024-10-15 00:36:35.544685 Alpha: Foxtrot, sending you 1
2024-10-15 00:36:35.545152 Yankee: Papa, Alpha and Uniform, sending you 2
2024-10-15 00:36:35.545537 Charlie: Papa, sending you 4
2024-10-15 00:36:35.545942 Lima: Sierra, sending you 2
2024-10-15 00:36:35.546234 Papa: Alpha, Yankee and Uniform, sending you 2
2024-10-15 00:36:35.547658 Alpha: Papa and Uniform, sending you 2
2024-10-15 00:36:35.548511 Yankee: Charlie, sending you 4
2024-10-15 00:36:35.549666 Oscar: Lima and Echo, sending you 3
2024-10-15 00:36:35.550656 Charlie: Alpha and Uniform, sending you 3
2024-10-15 00:36:35.551071 Echo: Sending you each 5
2024-10-15 00:36:35.551686 Alpha: Charlie and Yankee, sending you 3
2024-10-15 00:36:35.552670 Sierra: Oscar and Lima, sending you 3
2024-10-15 00:36:35.553333 Oscar: Sierra, sending you 2
2024-10-15 00:36:35.555654 Charlie: Yankee, sending you 5
2024-10-15 00:36:35.556092 Uniform: Foxtrot, sending you 1
2024-10-15 00:36:35.557664 Sierra: Echo, sending you 2
2024-10-15 00:36:35.560734 Uniform: Papa, Charlie, Alpha and Yankee, sending you 2
chatterbot Charlie submitting transactions
chatterbot Foxtrot submitting transactions
chatterbot Oscar submitting transactions
chatterbot Uniform submitting transactions
chatterbot Echo submitting transactions
chatterbot Lima submitting transactions
chatterbot Alpha submitting transactions
chatterbot Yankee submitting transactions
chatterbot Sierra submitting transactions
chatterbot Papa submitting transactions
ChatterBot Oscar round 5
ChatterBot Foxtrot round 5
ChatterBot Papa round 5
ChatterBot Charlie round 5
ChatterBot Lima round 5
ChatterBot Alpha round 5
ChatterBot Sierra round 5
ChatterBot Yankee round 5
ChatterBot Echo round 5
ChatterBot Uniform round 5
2024-10-15 00:36:36.784674 Oscar: Lima and Echo, sending you 3
2024-10-15 00:36:36.787658 Oscar: Sierra, sending you 2
2024-10-15 00:36:36.788684 Charlie: Foxtrot, sending you 1
2024-10-15 00:36:36.789673 Echo: Same as last round
2024-10-15 00:36:36.790675 Sierra: Oscar and Lima, sending you 3
2024-10-15 00:36:36.791096 Uniform: Foxtrot, sending you 1
2024-10-15 00:36:36.792105 Alpha: Foxtrot, sending you 1
2024-10-15 00:36:36.792659 Charlie: Papa and Alpha, sending you 4
2024-10-15 00:36:36.793678 Foxtrot: Papa, Charlie, Alpha and Uniform, sending you 1
2024-10-15 00:36:36.794681 Lima: Oscar and Echo, sending you 3
2024-10-15 00:36:36.795091 Sierra: Echo, sending you 2
2024-10-15 00:36:36.795694 Uniform: Papa, Charlie, Alpha and Yankee, sending you 2
2024-10-15 00:36:36.796385 Papa: Foxtrot, sending you 1
2024-10-15 00:36:36.797681 Alpha: Papa, Yankee and Uniform, sending you 2
2024-10-15 00:36:36.798303 Charlie: Yankee, sending you 5
2024-10-15 00:36:36.798928 Yankee: Papa, Alpha and Uniform, sending you 2
2024-10-15 00:36:36.799709 Lima: Sierra, sending you 2
2024-10-15 00:36:36.800707 Alpha: Charlie, sending you 4
2024-10-15 00:36:36.802328 Papa: Charlie, sending you 3
2024-10-15 00:36:36.803017 Yankee: Charlie, sending you 4
2024-10-15 00:36:36.803697 Charlie: Uniform, sending you 3
2024-10-15 00:36:36.805676 Papa: Alpha, Yankee and Uniform, sending you 2
chatterbot Papa submitting transactions
chatterbot Uniform submitting transactions
chatterbot Echo submitting transactions
chatterbot Charlie submitting transactions
chatterbot Lima submitting transactions
chatterbot Alpha submitting transactions
chatterbot Foxtrot submitting transactions
chatterbot Sierra submitting transactions
chatterbot Oscar submitting transactions
chatterbot Yankee submitting transactions
ChatterBot Oscar round 6
ChatterBot Foxtrot round 6
ChatterBot Papa round 6
ChatterBot Charlie round 6
ChatterBot Lima round 6
ChatterBot Alpha round 6
ChatterBot Sierra round 6
ChatterBot Yankee round 6
ChatterBot Echo round 6
ChatterBot Uniform round 6
2024-10-15 00:36:37.959675 Oscar: Lima and Echo, sending you 3
2024-10-15 00:36:37.960673 Papa: Foxtrot, sending you 1
2024-10-15 00:36:37.962661 Foxtrot: Papa, Charlie, Alpha and Uniform, sending you 1
2024-10-15 00:36:37.964693 Oscar: Sierra, sending you 2
2024-10-15 00:36:37.965061 Papa: Charlie, sending you 3
2024-10-15 00:36:37.968662 Charlie: Foxtrot, sending you 1
2024-10-15 00:36:37.969628 Papa: Alpha, Yankee and Uniform, sending you 2
2024-10-15 00:36:37.970712 Uniform: Foxtrot, sending you 1
2024-10-15 00:36:37.972654 Charlie: Papa and Alpha, sending you 4
2024-10-15 00:36:37.975711 Uniform: Papa, Charlie, Alpha and Yankee, sending you 2
2024-10-15 00:36:37.976670 Lima: Oscar and Echo, sending you 3
2024-10-15 00:36:37.977003 Alpha: Foxtrot, sending you 1
2024-10-15 00:36:37.977553 Sierra: Oscar and Lima, sending you 3
2024-10-15 00:36:37.978300 Yankee: Papa, Alpha and Uniform, sending you 2
2024-10-15 00:36:37.978783 Charlie: Yankee, sending you 5
2024-10-15 00:36:37.981696 Lima: Sierra, sending you 2
2024-10-15 00:36:37.982113 Alpha: Papa, Yankee and Uniform, sending you 2
2024-10-15 00:36:37.982744 Sierra: Echo, sending you 2
2024-10-15 00:36:37.983539 Yankee: Charlie, sending you 4
2024-10-15 00:36:37.984024 Charlie: Uniform, sending you 3
2024-10-15 00:36:37.987658 Alpha: Charlie, sending you 4
2024-10-15 00:36:37.989695 Echo: Same as last round
chatterbot Echo submitting transactions
chatterbot Sierra submitting transactions
chatterbot Alpha submitting transactions
chatterbot Foxtrot submitting transactions
chatterbot Uniform submitting transactions
chatterbot Oscar submitting transactions
chatterbot Papa submitting transactions
chatterbot Charlie submitting transactions
chatterbot Lima submitting transactions
chatterbot Yankee submitting transactions
ChatterBot Oscar round 7
ChatterBot Foxtrot round 7
ChatterBot Papa round 7
ChatterBot Charlie round 7
ChatterBot Lima round 7
ChatterBot Alpha round 7
ChatterBot Sierra round 7
ChatterBot Yankee round 7
ChatterBot Echo round 7
ChatterBot Uniform round 7
2024-10-15 00:36:39.202672 Oscar: Lima and Echo, sending you 3
2024-10-15 00:36:39.203154 Alpha: Foxtrot, sending you 1
2024-10-15 00:36:39.203936 Foxtrot: Papa, Charlie, Alpha and Uniform, sending you 1
2024-10-15 00:36:39.205212 Charlie: Foxtrot, sending you 1
2024-10-15 00:36:39.206686 Papa: Foxtrot, sending you 1
2024-10-15 00:36:39.207937 Oscar: Sierra, sending you 2
2024-10-15 00:36:39.208283 Alpha: Papa, Yankee and Uniform, sending you 2
2024-10-15 00:36:39.208850 Yankee: Papa, Alpha and Uniform, sending you 2
2024-10-15 00:36:39.209796 Charlie: Papa and Alpha, sending you 4
2024-10-15 00:36:39.210685 Sierra: Oscar and Lima, sending you 3
2024-10-15 00:36:39.211042 Papa: Charlie, sending you 3
2024-10-15 00:36:39.212046 Alpha: Charlie, sending you 4
2024-10-15 00:36:39.214020 Lima: Oscar and Echo, sending you 3
2024-10-15 00:36:39.214492 Yankee: Charlie, sending you 4
2024-10-15 00:36:39.215210 Charlie: Yankee, sending you 5
2024-10-15 00:36:39.215925 Echo: Same as last round
2024-10-15 00:36:39.216820 Sierra: Echo, sending you 2
2024-10-15 00:36:39.217267 Papa: Alpha, Yankee and Uniform, sending you 2
2024-10-15 00:36:39.218861 Lima: Sierra, sending you 2
2024-10-15 00:36:39.219317 Charlie: Uniform, sending you 3
2024-10-15 00:36:39.221669 Uniform: Foxtrot, sending you 1
2024-10-15 00:36:39.224691 Uniform: Papa, Charlie, Alpha and Yankee, sending you 2
chatterbot Oscar submitting transactions
chatterbot Charlie submitting transactions
chatterbot Yankee submitting transactions
chatterbot Papa submitting transactions
chatterbot Alpha submitting transactions
chatterbot Echo submitting transactions
chatterbot Uniform submitting transactions
chatterbot Sierra submitting transactions
chatterbot Lima submitting transactions
chatterbot Foxtrot submitting transactions
ChatterBot Oscar round 8
ChatterBot Foxtrot round 8
ChatterBot Papa round 8
ChatterBot Charlie round 8
ChatterBot Lima round 8
ChatterBot Alpha round 8
ChatterBot Sierra round 8
ChatterBot Yankee round 8
ChatterBot Echo round 8
ChatterBot Uniform round 8
2024-10-15 00:36:40.436674 Foxtrot: Papa, Charlie, Alpha and Uniform, sending you 1
2024-10-15 00:36:40.442673 Charlie: Foxtrot, sending you 1
2024-10-15 00:36:40.444686 Oscar: Lima and Echo, sending you 3
2024-10-15 00:36:40.445969 Charlie: Papa and Alpha, sending you 4
2024-10-15 00:36:40.448660 Charlie: Yankee, sending you 5
2024-10-15 00:36:40.449906 Oscar: Sierra, sending you 2
2024-10-15 00:36:40.451694 Alpha: Foxtrot, sending you 1
2024-10-15 00:36:40.453674 Charlie: Uniform, sending you 3
2024-10-15 00:36:40.454571 Echo: Same as last round
2024-10-15 00:36:40.455030 Lima: Oscar and Echo, sending you 3
2024-10-15 00:36:40.455378 Papa: Foxtrot, sending you 1
2024-10-15 00:36:40.456669 Sierra: Oscar and Lima, sending you 3
2024-10-15 00:36:40.457146 Alpha: Papa, Yankee and Uniform, sending you 2
2024-10-15 00:36:40.457763 Yankee: Papa, Alpha and Uniform, sending you 2
2024-10-15 00:36:40.458311 Uniform: Foxtrot, sending you 1
2024-10-15 00:36:40.459700 Lima: Sierra, sending you 2
2024-10-15 00:36:40.461302 Papa: Charlie, sending you 3
2024-10-15 00:36:40.461898 Sierra: Echo, sending you 2
2024-10-15 00:36:40.462201 Yankee: Charlie, sending you 4
2024-10-15 00:36:40.462727 Alpha: Charlie, sending you 4
2024-10-15 00:36:40.463686 Uniform: Papa, Charlie, Alpha and Yankee, sending you 2
2024-10-15 00:36:40.464692 Papa: Alpha, Yankee and Uniform, sending you 2
chatterbot Charlie submitting transactions
chatterbot Oscar submitting transactions
chatterbot Foxtrot submitting transactions
chatterbot Uniform submitting transactions
chatterbot Echo submitting transactions
chatterbot Alpha submitting transactions
chatterbot Papa submitting transactions
chatterbot Yankee submitting transactions
chatterbot Lima submitting transactions
chatterbot Sierra submitting transactions
ChatterBot Oscar round 9
ChatterBot Foxtrot round 9
ChatterBot Papa round 9
ChatterBot Charlie round 9
ChatterBot Lima round 9
ChatterBot Alpha round 9
ChatterBot Sierra round 9
ChatterBot Yankee round 9
ChatterBot Echo round 9
ChatterBot Uniform round 9
2024-10-15 00:36:41.682416 Charlie: We should drop Foxtrot
2024-10-15 00:36:41.697341 Papa: No
2024-10-15 00:36:41.697510 Alpha: No
2024-10-15 00:36:41.697644 Yankee: No
2024-10-15 00:36:41.697795 Uniform: No
ChatterBot Charlie reevaluating
ChatterBot Charlie reevaluating
ChatterBot Papa reevaluating
ChatterBot Charlie reevaluating
ChatterBot Papa reevaluating
ChatterBot Charlie reevaluating
ChatterBot Papa reevaluating
2024-10-15 00:36:41.745414 Foxtrot: Papa, Charlie, Alpha and Uniform, sending you 1
2024-10-15 00:36:41.748710 Lima: Oscar and Echo, sending you 3
2024-10-15 00:36:41.749406 Alpha: Foxtrot, sending you 1
2024-10-15 00:36:41.751181 Echo: Same as last round
2024-10-15 00:36:41.751801 Oscar: Lima and Echo, sending you 3
2024-10-15 00:36:41.752347 Yankee: Papa, Alpha and Uniform, sending you 2
2024-10-15 00:36:41.753817 Lima: Sierra, sending you 2
2024-10-15 00:36:41.754692 Oscar: Sierra, sending you 2
2024-10-15 00:36:41.755755 Alpha: Papa, Yankee and Uniform, sending you 2
2024-10-15 00:36:41.756700 Yankee: Charlie, sending you 4
2024-10-15 00:36:41.759661 Alpha: Charlie, sending you 4
2024-10-15 00:36:41.764690 Sierra: Oscar and Lima, sending you 3
2024-10-15 00:36:41.766678 Uniform: Foxtrot, sending you 1
2024-10-15 00:36:41.768658 Charlie: Foxtrot, sending you 1
2024-10-15 00:36:41.769339 Papa: Foxtrot, sending you 1
2024-10-15 00:36:41.770043 Sierra: Echo, sending you 2
2024-10-15 00:36:41.770894 Uniform: Papa, Charlie, Alpha and Yankee, sending you 2
2024-10-15 00:36:41.773300 Charlie: Papa and Alpha, sending you 4
2024-10-15 00:36:41.774465 Papa: Charlie, sending you 3
2024-10-15 00:36:41.778678 Charlie: Yankee, sending you 5
2024-10-15 00:36:41.779815 Papa: Alpha, Yankee and Uniform, sending you 2
2024-10-15 00:36:41.784659 Charlie: Uniform, sending you 3
chatterbot Sierra submitting transactions
chatterbot Alpha submitting transactions
chatterbot Lima submitting transactions
chatterbot Yankee submitting transactions
chatterbot Papa submitting transactions
chatterbot Foxtrot submitting transactions
chatterbot Charlie submitting transactions
chatterbot Oscar submitting transactions
chatterbot Echo submitting transactions
chatterbot Uniform submitting transactions
ChatterBot Oscar round 10
ChatterBot Foxtrot round 10
ChatterBot Papa round 10
ChatterBot Charlie round 10
ChatterBot Lima round 10
ChatterBot Alpha round 10
ChatterBot Sierra round 10
ChatterBot Yankee round 10
ChatterBot Echo round 10
ChatterBot Uniform round 10
2024-10-15 00:36:42.954001 Oscar: Lima and Echo, sending you 3
2024-10-15 00:36:42.959675 Oscar: Sierra, sending you 2
2024-10-15 00:36:42.960686 Charlie: Foxtrot, sending you 1
2024-10-15 00:36:42.963681 Alpha: Foxtrot, sending you 1
2024-10-15 00:36:42.964723 Echo: Same as last round
2024-10-15 00:36:42.965715 Papa: Foxtrot, sending you 1
2024-10-15 00:36:42.968399 Charlie: Papa and Alpha, sending you 4
2024-10-15 00:36:42.969536 Foxtrot: Papa, Charlie, Alpha and Uniform, sending you 1
2024-10-15 00:36:42.970435 Sierra: Oscar and Lima, sending you 3
2024-10-15 00:36:42.971714 Alpha: Papa, Yankee and Uniform, sending you 2
2024-10-15 00:36:42.972604 Papa: Charlie, sending you 3
2024-10-15 00:36:42.973314 Charlie: Yankee, sending you 5
2024-10-15 00:36:42.974291 Yankee: Papa, Alpha and Uniform, sending you 2
2024-10-15 00:36:42.975646 Lima: Oscar and Echo, sending you 3
2024-10-15 00:36:42.976100 Sierra: Echo, sending you 2
2024-10-15 00:36:42.976692 Alpha: Charlie, sending you 4
2024-10-15 00:36:42.977708 Papa: Alpha, Yankee and Uniform, sending you 2
2024-10-15 00:36:42.979074 Charlie: Uniform, sending you 3
2024-10-15 00:36:42.979839 Yankee: Charlie, sending you 4
2024-10-15 00:36:42.980540 Uniform: Foxtrot, sending you 1
2024-10-15 00:36:42.981197 Lima: Sierra, sending you 2
2024-10-15 00:36:42.984689 Uniform: Papa, Charlie, Alpha and Yankee, sending you 2
chatterbot Sierra submitting transactions
chatterbot Lima submitting transactions
chatterbot Charlie submitting transactions
chatterbot Oscar submitting transactions
chatterbot Alpha submitting transactions
chatterbot Foxtrot submitting transactions
chatterbot Yankee submitting transactions
chatterbot Uniform submitting transactions
chatterbot Echo submitting transactions
chatterbot Papa submitting transactions
ChatterBot Oscar round 11
ChatterBot Foxtrot round 11
ChatterBot Papa round 11
ChatterBot Charlie round 11
ChatterBot Lima round 11
ChatterBot Alpha round 11
ChatterBot Sierra round 11
ChatterBot Yankee round 11
ChatterBot Echo round 11
ChatterBot Uniform round 11
2024-10-15 00:36:44.217688 Charlie: Foxtrot, sending you 1
2024-10-15 00:36:44.223698 Charlie: Papa and Alpha, sending you 4
2024-10-15 00:36:44.225400 Yankee: Papa, Alpha and Uniform, sending you 2
2024-10-15 00:36:44.227199 Alpha: Foxtrot, sending you 1
2024-10-15 00:36:44.228279 Oscar: Lima and Echo, sending you 3
2024-10-15 00:36:44.229019 Sierra: Oscar and Lima, sending you 3
2024-10-15 00:36:44.230300 Charlie: Yankee, sending you 5
2024-10-15 00:36:44.231565 Yankee: Charlie, sending you 4
2024-10-15 00:36:44.232654 Alpha: Papa, Yankee and Uniform, sending you 2
2024-10-15 00:36:44.233741 Foxtrot: Papa, Charlie, Alpha and Uniform, sending you 1
2024-10-15 00:36:44.234792 Lima: Oscar and Echo, sending you 3
2024-10-15 00:36:44.235372 Oscar: Sierra, sending you 2
2024-10-15 00:36:44.235931 Charlie: Uniform, sending you 3
2024-10-15 00:36:44.236997 Sierra: Echo, sending you 2
2024-10-15 00:36:44.237625 Alpha: Charlie, sending you 4
2024-10-15 00:36:44.239148 Papa: Foxtrot, sending you 1
2024-10-15 00:36:44.240245 Lima: Sierra, sending you 2
2024-10-15 00:36:44.240913 Uniform: Foxtrot, sending you 1
2024-10-15 00:36:44.241990 Echo: Same as last round
2024-10-15 00:36:44.243704 Papa: Charlie, sending you 3
2024-10-15 00:36:44.245700 Uniform: Papa, Charlie, Alpha and Yankee, sending you 2
2024-10-15 00:36:44.249727 Papa: Alpha, Yankee and Uniform, sending you 2
chatterbot Lima submitting transactions
chatterbot Charlie submitting transactions
chatterbot Uniform submitting transactions
chatterbot Papa submitting transactions
chatterbot Alpha submitting transactions
chatterbot Yankee submitting transactions
chatterbot Foxtrot submitting transactions
chatterbot Oscar submitting transactions
chatterbot Echo submitting transactions
chatterbot Sierra submitting transactions
ChatterBot Oscar round 12
ChatterBot Foxtrot round 12
ChatterBot Papa round 12
ChatterBot Charlie round 12
ChatterBot Lima round 12
ChatterBot Alpha round 12
ChatterBot Sierra round 12
ChatterBot Yankee round 12
ChatterBot Echo round 12
ChatterBot Uniform round 12
2024-10-15 00:36:45.386665 Oscar: Lima and Echo, sending you 3
2024-10-15 00:36:45.388711 Foxtrot: Papa, Charlie, Alpha and Uniform, sending you 1
2024-10-15 00:36:45.390689 Oscar: Sierra, sending you 2
2024-10-15 00:36:45.391672 Papa: Foxtrot, sending you 1
2024-10-15 00:36:45.393675 Lima: Oscar and Echo, sending you 3
2024-10-15 00:36:45.394685 Charlie: Foxtrot, sending you 1
2024-10-15 00:36:45.395973 Papa: Charlie, sending you 3
2024-10-15 00:36:45.398696 Lima: Sierra, sending you 2
2024-10-15 00:36:45.399115 Sierra: Oscar and Lima, sending you 3
2024-10-15 00:36:45.399680 Papa: Alpha, Yankee and Uniform, sending you 2
2024-10-15 00:36:45.400675 Charlie: Papa and Alpha, sending you 4
2024-10-15 00:36:45.402095 Alpha: Foxtrot, sending you 1
2024-10-15 00:36:45.402829 Echo: Same as last round
2024-10-15 00:36:45.403344 Sierra: Echo, sending you 2
2024-10-15 00:36:45.406665 Charlie: Yankee, sending you 5
2024-10-15 00:36:45.407412 Alpha: Papa, Yankee and Uniform, sending you 2
2024-10-15 00:36:45.408077 Yankee: Papa, Alpha and Uniform, sending you 2
2024-10-15 00:36:45.411672 Charlie: Uniform, sending you 3
2024-10-15 00:36:45.412432 Yankee: Charlie, sending you 4
2024-10-15 00:36:45.413195 Alpha: Charlie, sending you 4
2024-10-15 00:36:45.415643 Uniform: Foxtrot, sending you 1
2024-10-15 00:36:45.421079 Uniform: Papa, Charlie, Alpha and Yankee, sending you 2
chatterbot Oscar submitting transactions
chatterbot Foxtrot submitting transactions
chatterbot Papa submitting transactions
chatterbot Sierra submitting transactions
chatterbot Echo submitting transactions
chatterbot Lima submitting transactions
chatterbot Yankee submitting transactions
chatterbot Alpha submitting transactions
chatterbot Uniform submitting transactions
chatterbot Charlie submitting transactions
ChatterBot Oscar round 13
ChatterBot Foxtrot round 13
ChatterBot Papa round 13
ChatterBot Charlie round 13
ChatterBot Lima round 13
ChatterBot Alpha round 13
ChatterBot Sierra round 13
ChatterBot Yankee round 13
ChatterBot Echo round 13
ChatterBot Uniform round 13
2024-10-15 00:36:46.491678 Oscar: Lima and Echo, sending you 3
2024-10-15 00:36:46.494725 Oscar: Sierra, sending you 2
2024-10-15 00:36:46.498097 Charlie: Foxtrot, sending you 1
2024-10-15 00:36:46.499051 Foxtrot: Papa, Charlie, Alpha and Uniform, sending you 1
2024-10-15 00:36:46.499856 Sierra: Oscar and Lima, sending you 3
2024-10-15 00:36:46.501751 Lima: Oscar and Echo, sending you 3
2024-10-15 00:36:46.502183 Charlie: Papa and Alpha, sending you 4
2024-10-15 00:36:46.502915 Uniform: Foxtrot, sending you 1
2024-10-15 00:36:46.503573 Sierra: Echo, sending you 2
2024-10-15 00:36:46.503984 Yankee: Papa, Alpha and Uniform, sending you 2
2024-10-15 00:36:46.505587 Lima: Sierra, sending you 2
2024-10-15 00:36:46.506298 Papa: Foxtrot, sending you 1
2024-10-15 00:36:46.507727 Uniform: Papa, Charlie, Alpha and Yankee, sending you 2
2024-10-15 00:36:46.509769 Charlie: Yankee, sending you 5
2024-10-15 00:36:46.511428 Alpha: Foxtrot, sending you 1
2024-10-15 00:36:46.513599 Yankee: Charlie, sending you 4
2024-10-15 00:36:46.515017 Papa: Charlie, sending you 3
2024-10-15 00:36:46.516569 Echo: Same as last round
2024-10-15 00:36:46.517100 Charlie: Uniform, sending you 3
2024-10-15 00:36:46.518647 Alpha: Papa, Yankee and Uniform, sending you 2
2024-10-15 00:36:46.519642 Papa: Alpha, Yankee and Uniform, sending you 2
2024-10-15 00:36:46.522648 Alpha: Charlie, sending you 4
chatterbot Papa submitting transactions
chatterbot Alpha submitting transactions
chatterbot Lima submitting transactions
chatterbot Foxtrot submitting transactions
chatterbot Sierra submitting transactions
chatterbot Oscar submitting transactions
chatterbot Charlie submitting transactions
chatterbot Yankee submitting transactions
chatterbot Echo submitting transactions
chatterbot Uniform submitting transactions
ChatterBot Oscar round 14
ChatterBot Foxtrot round 14
ChatterBot Papa round 14
ChatterBot Charlie round 14
ChatterBot Lima round 14
ChatterBot Alpha round 14
ChatterBot Sierra round 14
ChatterBot Yankee round 14
ChatterBot Echo round 14
ChatterBot Uniform round 14
2024-10-15 00:36:47.663193 Papa: We should drop Foxtrot
ChatterBot Yankee reevaluating
2024-10-15 00:36:47.678553 Charlie: No
2024-10-15 00:36:47.678766 Alpha: No
2024-10-15 00:36:47.678957 Yankee: Yes
2024-10-15 00:36:47.679117 Uniform: No
ChatterBot Papa reevaluating
ChatterBot Yankee reevaluating
ChatterBot Papa reevaluating
ChatterBot Yankee reevaluating
ChatterBot Papa reevaluating
ChatterBot Papa reevaluating
ChatterBot Yankee reevaluating
2024-10-15 00:36:47.739711 Lima: Oscar and Echo, sending you 3
2024-10-15 00:36:47.740422 Foxtrot: Papa, Charlie, Alpha and Uniform, sending you 1
2024-10-15 00:36:47.741813 Charlie: Foxtrot, sending you 1
2024-10-15 00:36:47.746559 Oscar: Lima and Echo, sending you 3
2024-10-15 00:36:47.747346 Lima: Sierra, sending you 2
2024-10-15 00:36:47.750666 Charlie: Papa and Alpha, sending you 4
2024-10-15 00:36:47.752301 Oscar: Sierra, sending you 2
2024-10-15 00:36:47.752864 Echo: Same as last round
2024-10-15 00:36:47.755667 Sierra: Oscar and Lima, sending you 3
2024-10-15 00:36:47.756281 Charlie: Yankee, sending you 5
2024-10-15 00:36:47.758678 Uniform: Foxtrot, sending you 1
2024-10-15 00:36:47.759957 Alpha: Foxtrot, sending you 1
2024-10-15 00:36:47.766231 Sierra: Echo, sending you 2
2024-10-15 00:36:47.767003 Charlie: Uniform, sending you 3
2024-10-15 00:36:47.769420 Uniform: Papa, Charlie, Alpha and Yankee, sending you 2
2024-10-15 00:36:47.771830 Alpha: Papa, Yankee and Uniform, sending you 2
2024-10-15 00:36:47.773195 Yankee: Papa, Alpha and Uniform, sending you 2
2024-10-15 00:36:47.775488 Papa: Foxtrot, sending you 1
2024-10-15 00:36:47.783854 Alpha: Charlie, sending you 4
2024-10-15 00:36:47.785120 Yankee: Charlie, sending you 4
2024-10-15 00:36:47.787685 Papa: Charlie, sending you 3
2024-10-15 00:36:47.792700 Papa: Alpha, Yankee and Uniform, sending you 2
chatterbot Foxtrot submitting transactions
chatterbot Echo submitting transactions
chatterbot Alpha submitting transactions
chatterbot Sierra submitting transactions
chatterbot Uniform submitting transactions
chatterbot Charlie submitting transactions
chatterbot Lima submitting transactions
chatterbot Papa submitting transactions
chatterbot Oscar submitting transactions
chatterbot Yankee submitting transactions
ChatterBot Oscar round 15
ChatterBot Foxtrot round 15
ChatterBot Papa round 15
ChatterBot Charlie round 15
ChatterBot Lima round 15
ChatterBot Alpha round 15
ChatterBot Sierra round 15
ChatterBot Yankee round 15
ChatterBot Echo round 15
ChatterBot Uniform round 15
2024-10-15 00:36:49.021552 Echo: We should add Charlie
2024-10-15 00:36:49.029011 Lima: No
2024-10-15 00:36:49.029200 Oscar: No
2024-10-15 00:36:49.029367 Sierra: No
ChatterBot Echo reevaluating
ChatterBot Sierra reevaluating
ChatterBot Echo reevaluating
ChatterBot Echo reevaluating
2024-10-15 00:36:49.053209 Sierra: We should add Foxtrot
ChatterBot Echo reevaluating
2024-10-15 00:36:49.060621 Lima: No
2024-10-15 00:36:49.060730 Oscar: No
2024-10-15 00:36:49.060847 Echo: No
ChatterBot Sierra reevaluating
ChatterBot Echo reevaluating
ChatterBot Sierra reevaluating
ChatterBot Echo reevaluating
ChatterBot Sierra reevaluating
2024-10-15 00:36:49.087663 Oscar: Lima and Echo, sending you 3
2024-10-15 00:36:49.088115 Foxtrot: Papa, Charlie, Alpha and Uniform, sending you 1
2024-10-15 00:36:49.089025 Papa: Foxtrot, sending you 1
2024-10-15 00:36:49.090682 Oscar: Sierra, sending you 2
2024-10-15 00:36:49.094670 Papa: Charlie, sending you 3
2024-10-15 00:36:49.095721 Lima: Oscar and Echo, sending you 3
2024-10-15 00:36:49.096109 Yankee: Papa, Alpha and Uniform, sending you 2
2024-10-15 00:36:49.096880 Alpha: Foxtrot, sending you 1
2024-10-15 00:36:49.099696 Papa: Alpha, Yankee and Uniform, sending you 2
2024-10-15 00:36:49.100666 Lima: Sierra, sending you 2
2024-10-15 00:36:49.101203 Yankee: Charlie, sending you 4
2024-10-15 00:36:49.102201 Alpha: Papa, Yankee and Uniform, sending you 2
2024-10-15 00:36:49.104205 Charlie: Foxtrot, sending you 1
2024-10-15 00:36:49.105366 Sierra: Oscar and Lima, sending you 3
2024-10-15 00:36:49.105975 Alpha: Charlie, sending you 4
2024-10-15 00:36:49.107675 Uniform: Foxtrot, sending you 1
2024-10-15 00:36:49.108582 Echo: Same as last round
2024-10-15 00:36:49.109855 Charlie: Papa and Alpha, sending you 4
2024-10-15 00:36:49.110975 Sierra: Echo, sending you 2
2024-10-15 00:36:49.111494 Uniform: Papa, Charlie, Alpha and Yankee, sending you 2
2024-10-15 00:36:49.114744 Charlie: Yankee, sending you 5
2024-10-15 00:36:49.120655 Charlie: Uniform, sending you 3
chatterbot Oscar submitting transactions
chatterbot Charlie submitting transactions
chatterbot Alpha submitting transactions
chatterbot Lima submitting transactions
chatterbot Echo submitting transactions
chatterbot Papa submitting transactions
chatterbot Uniform submitting transactions
chatterbot Yankee submitting transactions
chatterbot Foxtrot submitting transactions
chatterbot Sierra submitting transactions
ChatterBot Oscar round 16
ChatterBot Foxtrot round 16
ChatterBot Papa round 16
ChatterBot Charlie round 16
ChatterBot Lima round 16
ChatterBot Alpha round 16
ChatterBot Sierra round 16
ChatterBot Yankee round 16
ChatterBot Echo round 16
ChatterBot Uniform round 16
2024-10-15 00:36:50.388662 Papa: Foxtrot, sending you 1
2024-10-15 00:36:50.390996 Oscar: Lima and Echo, sending you 3
2024-10-15 00:36:50.393678 Papa: Charlie, sending you 3
2024-10-15 00:36:50.395762 Oscar: Sierra, sending you 2
2024-10-15 00:36:50.397668 Lima: Oscar and Echo, sending you 3
2024-10-15 00:36:50.398683 Papa: Alpha, Yankee and Uniform, sending you 2
2024-10-15 00:36:50.401799 Yankee: Papa, Alpha and Uniform, sending you 2
2024-10-15 00:36:50.404109 Foxtrot: Papa, Charlie, Alpha and Uniform, sending you 1
2024-10-15 00:36:50.406803 Sierra: Oscar and Lima, sending you 3
2024-10-15 00:36:50.408622 Lima: Sierra, sending you 2
2024-10-15 00:36:50.409654 Alpha: Foxtrot, sending you 1
2024-10-15 00:36:50.411796 Yankee: Charlie, sending you 4
