ChatterBot Papa round 1
ChatterBot Oscar round 1
ChatterBot Foxtrot round 1
ChatterBot Yankee round 1
ChatterBot Sierra round 1
ChatterBot Bravo round 1
ChatterBot India round 1
ChatterBot Charlie round 1
ChatterBot Uniform round 1
ChatterBot Quebec round 1
randomSelections Papa: {Papa, Yankee, Quebec} 
2024-10-15 01:29:43.098020 Papa: Let's form a team
ChatterBot Yankee reevaluating
ChatterBot Quebec reevaluating
2024-10-15 01:29:43.117700 Yankee: Yes
2024-10-15 01:29:43.117988 Quebec: Yes
ChatterBot Quebec reevaluating
ChatterBot Yankee reevaluating
randomSelections Oscar: {Oscar, India, Yankee, Quebec, Charlie, Bravo} 
2024-10-15 01:29:43.135652 Oscar: Group up?
ChatterBot India reevaluating
ChatterBot Yankee reevaluating
ChatterBot Quebec reevaluating
ChatterBot Charlie reevaluating
ChatterBot Bravo reevaluating
2024-10-15 01:29:43.153435 India: Yes
2024-10-15 01:29:43.153725 Yankee: No
2024-10-15 01:29:43.154017 Quebec: No
2024-10-15 01:29:43.154369 Charlie: Yes
2024-10-15 01:29:43.155273 Bravo: Yes
ChatterBot Yankee reevaluating
ChatterBot Quebec reevaluating
ChatterBot Charlie reevaluating
ChatterBot Bravo reevaluating
ChatterBot India reevaluating
ChatterBot Quebec reevaluating
ChatterBot Charlie reevaluating
ChatterBot Bravo reevaluating
ChatterBot India reevaluating
ChatterBot Yankee reevaluating
ChatterBot Charlie reevaluating
ChatterBot Bravo reevaluating
ChatterBot India reevaluating
ChatterBot Yankee reevaluating
ChatterBot Quebec reevaluating
ChatterBot Bravo reevaluating
ChatterBot India reevaluating
ChatterBot Yankee reevaluating
ChatterBot Quebec reevaluating
ChatterBot Charlie reevaluating
randomSelections Foxtrot: {Foxtrot, Yankee, Quebec, Uniform, Papa, Charlie} 
2024-10-15 01:29:43.229127 Foxtrot: Friends?
ChatterBot Yankee reevaluating
ChatterBot Quebec reevaluating
ChatterBot Uniform reevaluating
ChatterBot Charlie reevaluating
2024-10-15 01:29:43.242943 Yankee: No
2024-10-15 01:29:43.243921 Quebec: No
2024-10-15 01:29:43.244232 Uniform: Yes
2024-10-15 01:29:43.244369 Papa: No
2024-10-15 01:29:43.244549 Charlie: No
ChatterBot Quebec reevaluating
ChatterBot Uniform reevaluating
ChatterBot Charlie reevaluating
ChatterBot Yankee reevaluating
ChatterBot Uniform reevaluating
ChatterBot Charlie reevaluating
ChatterBot Yankee reevaluating
ChatterBot Quebec reevaluating
ChatterBot Charlie reevaluating
ChatterBot Yankee reevaluating
ChatterBot Quebec reevaluating
ChatterBot Uniform reevaluating
ChatterBot Charlie reevaluating
ChatterBot Yankee reevaluating
ChatterBot Quebec reevaluating
ChatterBot Uniform reevaluating
randomSelections Sierra: {Sierra, Charlie, Papa, Uniform, Yankee, Foxtrot} 
2024-10-15 01:29:43.321294 Sierra: We should group up
ChatterBot Charlie reevaluating
ChatterBot Uniform reevaluating
ChatterBot Yankee reevaluating
2024-10-15 01:29:43.332278 Charlie: No
2024-10-15 01:29:43.332567 Papa: No
2024-10-15 01:29:43.333055 Uniform: No
2024-10-15 01:29:43.333993 Yankee: No
2024-10-15 01:29:43.334288 Foxtrot: No
ChatterBot Uniform reevaluating
ChatterBot Yankee reevaluating
ChatterBot Charlie reevaluating
ChatterBot Uniform reevaluating
ChatterBot Yankee reevaluating
ChatterBot Charlie reevaluating
ChatterBot Yankee reevaluating
ChatterBot Charlie reevaluating
ChatterBot Uniform reevaluating
ChatterBot Charlie reevaluating
ChatterBot Uniform reevaluating
ChatterBot Yankee reevaluating
2024-10-15 01:29:43.408669 India: Oscar and Quebec, sending you 2
2024-10-15 01:29:43.409709 Papa: Sending you each 7
2024-10-15 01:29:43.411688 Uniform: Papa, Charlie and Quebec, sending you 2
2024-10-15 01:29:43.414048 India: Bravo, sending you 4
2024-10-15 01:29:43.414654 Foxtrot: Papa, sending you 1
2024-10-15 01:29:43.415440 Sierra: Papa and Uniform, sending you 4
2024-10-15 01:29:43.417001 Charlie: Yankee and Bravo, sending you 1
2024-10-15 01:29:43.418068 Oscar: Yankee and Bravo, sending you 3
2024-10-15 01:29:43.418722 Bravo: Oscar and Yankee, sending you 2
2024-10-15 01:29:43.419878 Quebec: Papa, sending you 3
2024-10-15 01:29:43.420430 Uniform: Foxtrot, sending you 1
2024-10-15 01:29:43.420942 Foxtrot: Yankee, sending you 3
2024-10-15 01:29:43.421417 Sierra: Foxtrot, sending you 2
2024-10-15 01:29:43.422624 Yankee: Papa, sending you 6
2024-10-15 01:29:43.423163 Charlie: India, sending you 2
2024-10-15 01:29:43.423866 Bravo: Charlie, sending you 1
2024-10-15 01:29:43.424538 Quebec: Yankee, sending you 5
2024-10-15 01:29:43.425678 Oscar: India, sending you 1
2024-10-15 01:29:43.425983 Uniform: Yankee, sending you 5
2024-10-15 01:29:43.426329 Foxtrot: Charlie and Uniform, sending you 2
2024-10-15 01:29:43.426701 Yankee: Quebec, sending you 7
2024-10-15 01:29:43.426961 Sierra: Yankee and Charlie, sending you 1
2024-10-15 01:29:43.427229 Bravo: Quebec, sending you 3
2024-10-15 01:29:43.428716 Charlie: Quebec, sending you 4
2024-10-15 01:29:43.429097 Oscar: Quebec, sending you 5
chatterbot Oscar submitting transactions
chatterbot Bravo submitting transactions
chatterbot India submitting transactions
chatterbot Charlie submitting transactions
chatterbot Yankee submitting transactions
chatterbot Uniform submitting transactions
chatterbot Foxtrot submitting transactions
chatterbot Sierra submitting transactions
chatterbot Papa submitting transactions
chatterbot Quebec submitting transactions
ChatterBot Papa round 2
ChatterBot Oscar round 2
ChatterBot Foxtrot round 2
ChatterBot Yankee round 2
ChatterBot Sierra round 2
ChatterBot Bravo round 2
ChatterBot India round 2
ChatterBot Charlie round 2
ChatterBot Uniform round 2
ChatterBot Quebec round 2
2024-10-15 01:29:45.498813 Papa: We would work well together
ChatterBot Yankee reevaluating
ChatterBot Quebec reevaluating
ChatterBot Foxtrot reevaluating
ChatterBot Sierra reevaluating
ChatterBot Uniform reevaluating
2024-10-15 01:29:45.521214 Yankee: Yes
2024-10-15 01:29:45.522008 Quebec: No
2024-10-15 01:29:45.522144 Foxtrot: No
2024-10-15 01:29:45.522275 Sierra: No
2024-10-15 01:29:45.522387 Uniform: Yes
ChatterBot Quebec reevaluating
ChatterBot Foxtrot reevaluating
ChatterBot Sierra reevaluating
ChatterBot Uniform reevaluating
ChatterBot Yankee reevaluating
ChatterBot Foxtrot reevaluating
ChatterBot Sierra reevaluating
ChatterBot Uniform reevaluating
ChatterBot Yankee reevaluating
ChatterBot Quebec reevaluating
ChatterBot Sierra reevaluating
ChatterBot Uniform reevaluating
ChatterBot Yankee reevaluating
ChatterBot Quebec reevaluating
ChatterBot Foxtrot reevaluating
ChatterBot Uniform reevaluating
ChatterBot Yankee reevaluating
ChatterBot Quebec reevaluating
ChatterBot Foxtrot reevaluating
ChatterBot Sierra reevaluating
2024-10-15 01:29:45.676729 Charlie: Group up?
ChatterBot Foxtrot reevaluating
ChatterBot Sierra reevaluating
ChatterBot Uniform reevaluating
2024-10-15 01:29:45.691914 Foxtrot: No
2024-10-15 01:29:45.692051 Sierra: No
2024-10-15 01:29:45.692656 Uniform: No
ChatterBot Sierra reevaluating
ChatterBot Uniform reevaluating
ChatterBot Foxtrot reevaluating
ChatterBot Uniform reevaluating
ChatterBot Foxtrot reevaluating
ChatterBot Sierra reevaluating
2024-10-15 01:29:45.732562 Uniform: We should replace Charlie with Sierra
ChatterBot Foxtrot reevaluating
ChatterBot Yankee reevaluating
ChatterBot Quebec reevaluating
2024-10-15 01:29:45.750421 Foxtrot: Yes
2024-10-15 01:29:45.750583 Papa: Yes
2024-10-15 01:29:45.751230 Yankee: Yes
2024-10-15 01:29:45.751348 Quebec: No
ChatterBot Uniform reevaluating
ChatterBot Yankee reevaluating
ChatterBot Quebec reevaluating
ChatterBot Uniform reevaluating
ChatterBot Foxtrot reevaluating
ChatterBot Yankee reevaluating
ChatterBot Quebec reevaluating
ChatterBot Uniform reevaluating
ChatterBot Foxtrot reevaluating
ChatterBot Quebec reevaluating
ChatterBot Uniform reevaluating
ChatterBot Foxtrot reevaluating
ChatterBot Yankee reevaluating
2024-10-15 01:29:45.826933 Oscar: We should drop Yankee and Quebec
2024-10-15 01:29:45.838838 Bravo: Yes
2024-10-15 01:29:45.839420 India: Yes
2024-10-15 01:29:45.839581 Charlie: Yes
2024-10-15 01:29:45.873545 Foxtrot: Sierra we want you to join our group
ChatterBot Sierra reevaluating
2024-10-15 01:29:45.878573 Sierra: Yes
ChatterBot Yankee reevaluating
ChatterBot Foxtrot reevaluating
ChatterBot Uniform reevaluating
2024-10-15 01:29:45.907991 Papa: Foxtrot, sending you 1
2024-10-15 01:29:45.911648 Charlie: Foxtrot and Uniform, sending you 3
2024-10-15 01:29:45.912024 Quebec: Papa and Yankee, sending you 3
2024-10-15 01:29:45.913 Papa: Yankee, sending you 5
2024-10-15 01:29:45.915011 Uniform: Sierra we want you to join our group
ChatterBot Sierra reevaluating
2024-10-15 01:29:45.920308 Sierra: No
ChatterBot Foxtrot reevaluating
2024-10-15 01:29:45.942241 Charlie: Sierra, sending you 2
2024-10-15 01:29:45.942543 Papa: Sierra and Quebec, sending you 3
2024-10-15 01:29:45.943399 Quebec: Foxtrot and Uniform, sending you 1
2024-10-15 01:29:45.963875 India: Oscar, sending you 3
2024-10-15 01:29:45.964171 Papa: Uniform, sending you 2
2024-10-15 01:29:45.964451 Bravo: Oscar and India, sending you 3
2024-10-15 01:29:45.965128 Oscar: Bravo and India, sending you 5
2024-10-15 01:29:45.965327 Yankee: Papa, sending you 5
2024-10-15 01:29:45.991995 India: Bravo, sending you 1
2024-10-15 01:29:45.992703 Bravo: Charlie, sending you 2
2024-10-15 01:29:45.992898 Uniform: Foxtrot, sending you 4
2024-10-15 01:29:45.993168 Oscar: Charlie, sending you 2
2024-10-15 01:29:45.993756 Yankee: Foxtrot, sending you 2
2024-10-15 01:29:46.047284 Uniform: Sierra, sending you 5
2024-10-15 01:29:46.047611 India: Charlie, sending you 4
2024-10-15 01:29:46.048292 Yankee: Sierra, sending you 1
chatterbot Papa submitting transactions
2024-10-15 01:29:46.098 Yankee: Uniform and Quebec, sending you 3
2024-10-15 01:29:46.098809 Foxtrot: Papa and Yankee, sending you 1
2024-10-15 01:29:46.125843 Foxtrot: Sierra, sending you 4
2024-10-15 01:29:46.135598 Foxtrot: Uniform, sending you 2
2024-10-15 01:29:46.137405 Sierra: We would work well together
2024-10-15 01:29:46.150719 Papa: Yes
2024-10-15 01:29:46.150885 Yankee: Yes
2024-10-15 01:29:46.151046 Quebec: Yes
ChatterBot Sierra reevaluating
ChatterBot Sierra reevaluating
ChatterBot Sierra reevaluating
chatterbot Charlie submitting transactions
chatterbot Oscar submitting transactions
chatterbot Quebec submitting transactions
chatterbot Bravo submitting transactions
chatterbot India submitting transactions
chatterbot Sierra submitting transactions
chatterbot Foxtrot submitting transactions
chatterbot Uniform submitting transactions
chatterbot Yankee submitting transactions
ChatterBot Papa round 3
ChatterBot Oscar round 3
ChatterBot Foxtrot round 3
ChatterBot Yankee round 3
ChatterBot Sierra round 3
ChatterBot Bravo round 3
ChatterBot India round 3
ChatterBot Charlie round 3
ChatterBot Uniform round 3
2024-10-15 01:29:46.804789 Papa: We should add Charlie
ChatterBot Yankee reevaluating
ChatterBot Foxtrot reevaluating
ChatterBot Sierra reevaluating
ChatterBot Uniform reevaluating
2024-10-15 01:29:46.826644 Yankee: Yes
2024-10-15 01:29:46.826807 Quebec: No
2024-10-15 01:29:46.826940 Foxtrot: Yes
2024-10-15 01:29:46.827087 Sierra: Yes
2024-10-15 01:29:46.827192 Uniform: Yes
ChatterBot Foxtrot reevaluating
ChatterBot Sierra reevaluating
ChatterBot Uniform reevaluating
ChatterBot Yankee reevaluating
ChatterBot Foxtrot reevaluating
ChatterBot Sierra reevaluating
ChatterBot Uniform reevaluating
ChatterBot Yankee reevaluating
ChatterBot Sierra reevaluating
ChatterBot Uniform reevaluating
ChatterBot Yankee reevaluating
ChatterBot Foxtrot reevaluating
ChatterBot Uniform reevaluating
ChatterBot Yankee reevaluating
ChatterBot Foxtrot reevaluating
ChatterBot Sierra reevaluating
2024-10-15 01:29:46.942264 Sierra: We should add Quebec
ChatterBot Charlie reevaluating
ChatterBot Uniform reevaluating
ChatterBot Yankee reevaluating
ChatterBot Foxtrot reevaluating
2024-10-15 01:29:46.965113 Charlie: No
2024-10-15 01:29:46.965387 Papa: Yes
2024-10-15 01:29:46.965540 Uniform: Yes
2024-10-15 01:29:46.965698 Yankee: Yes
2024-10-15 01:29:46.965846 Foxtrot: Yes
ChatterBot Sierra reevaluating
ChatterBot Uniform reevaluating
ChatterBot Yankee reevaluating
ChatterBot Foxtrot reevaluating
ChatterBot Sierra reevaluating
ChatterBot Charlie reevaluating
ChatterBot Uniform reevaluating
ChatterBot Yankee reevaluating
ChatterBot Foxtrot reevaluating
ChatterBot Sierra reevaluating
ChatterBot Charlie reevaluating
ChatterBot Yankee reevaluating
ChatterBot Foxtrot reevaluating
ChatterBot Sierra reevaluating
ChatterBot Charlie reevaluating
ChatterBot Uniform reevaluating
ChatterBot Foxtrot reevaluating
ChatterBot Sierra reevaluating
ChatterBot Charlie reevaluating
ChatterBot Uniform reevaluating
ChatterBot Yankee reevaluating
ChatterBot Quebec round 3
2024-10-15 01:29:47.113441 Papa: Charlie we want you to join our group
ChatterBot Charlie reevaluating
2024-10-15 01:29:47.118332 Charlie: No
ChatterBot Yankee reevaluating
ChatterBot Quebec reevaluating
ChatterBot Foxtrot reevaluating
ChatterBot Sierra reevaluating
ChatterBot Uniform reevaluating
2024-10-15 01:29:47.145318 Quebec: We should add Charlie
ChatterBot Yankee reevaluating
ChatterBot Foxtrot reevaluating
ChatterBot Sierra reevaluating
ChatterBot Uniform reevaluating
2024-10-15 01:29:47.166131 Papa: Yes
2024-10-15 01:29:47.166280 Yankee: Yes
2024-10-15 01:29:47.166427 Foxtrot: Yes
2024-10-15 01:29:47.166550 Sierra: Yes
2024-10-15 01:29:47.166685 Uniform: Yes
ChatterBot Yankee reevaluating
ChatterBot Quebec reevaluating
ChatterBot Foxtrot reevaluating
ChatterBot Sierra reevaluating
ChatterBot Uniform reevaluating
ChatterBot Quebec reevaluating
ChatterBot Foxtrot reevaluating
ChatterBot Sierra reevaluating
ChatterBot Uniform reevaluating
ChatterBot Yankee reevaluating
ChatterBot Quebec reevaluating
ChatterBot Sierra reevaluating
ChatterBot Uniform reevaluating
ChatterBot Yankee reevaluating
ChatterBot Quebec reevaluating
ChatterBot Foxtrot reevaluating
ChatterBot Uniform reevaluating
ChatterBot Yankee reevaluating
ChatterBot Quebec reevaluating
ChatterBot Foxtrot reevaluating
ChatterBot Sierra reevaluating
2024-10-15 01:29:47.394960 Bravo: We should drop Charlie
2024-10-15 01:29:47.422005 Oscar: No
2024-10-15 01:29:47.422991 India: No
ChatterBot Bravo reevaluating
2024-10-15 01:29:47.453334 Uniform: Charlie we want you to join our group
2024-10-15 01:29:47.461070 Charlie: No
ChatterBot Quebec reevaluating
2024-10-15 01:29:47.501775 Yankee: Charlie we want you to join our group
2024-10-15 01:29:47.509211 Charlie: No
ChatterBot Quebec reevaluating
2024-10-15 01:29:47.539495 Foxtrot: Charlie we want you to join our group
2024-10-15 01:29:47.544101 Charlie: No
ChatterBot Quebec reevaluating
2024-10-15 01:29:47.568227 Sierra: Quebec we want you to join our group
ChatterBot Quebec reevaluating
2024-10-15 01:29:47.573096 Quebec: Yes
2024-10-15 01:29:47.717856 Papa: Foxtrot and Uniform, sending you 1
2024-10-15 01:29:47.719059 Oscar: Bravo and India, sending you 5
2024-10-15 01:29:47.719379 Charlie: Oscar, sending you 1
2024-10-15 01:29:47.720365 India: Oscar, sending you 4
chatterbot Papa submitting transactions
2024-10-15 01:29:47.827908 Papa: Yankee, sending you 6
2024-10-15 01:29:47.828352 Charlie: Bravo, sending you 3
2024-10-15 01:29:47.828599 Oscar: Charlie, sending you 2
2024-10-15 01:29:47.829383 Foxtrot: Papa, Yankee, Charlie and Quebec, sending you 1
2024-10-15 01:29:47.829756 Bravo: Oscar, sending you 4
2024-10-15 01:29:47.829993 Yankee: Papa, sending you 5
2024-10-15 01:29:47.830258 India: Bravo, sending you 3
2024-10-15 01:29:47.830953 Uniform: Papa and Quebec, sending you 1
2024-10-15 01:29:47.831301 Sierra: Papa, Foxtrot and Uniform, sending you 3
chatterbot Uniform submitting transactions
2024-10-15 01:29:47.831838 Papa: Sierra and Quebec, sending you 3
2024-10-15 01:29:47.895631 Charlie: India, sending you 4
2024-10-15 01:29:47.896034 Foxtrot: Sierra and Uniform, sending you 2
2024-10-15 01:29:47.896593 Bravo: India, sending you 3
2024-10-15 01:29:47.897468 Yankee: Foxtrot, sending you 1
2024-10-15 01:29:47.898097 India: Charlie, sending you 1
2024-10-15 01:29:47.898452 Uniform: Foxtrot, Yankee and Charlie, sending you 2
2024-10-15 01:29:47.899394 Sierra: Yankee and Charlie, sending you 2
2024-10-15 01:29:47.899900 Quebec: Papa and Yankee, sending you 2
chatterbot Quebec submitting transactions
2024-10-15 01:29:47.901162 Bravo: Charlie, sending you 1
2024-10-15 01:29:47.962397 Yankee: Sierra and Uniform, sending you 2
2024-10-15 01:29:47.963014 Uniform: Sierra, sending you 4
2024-10-15 01:29:47.964056 Sierra: Quebec, sending you 1
2024-10-15 01:29:47.964544 Quebec: Foxtrot, Sierra, Charlie and Uniform, sending you 1
chatterbot Oscar submitting transactions
2024-10-15 01:29:48.022905 Yankee: Quebec, sending you 4
chatterbot India submitting transactions
chatterbot Yankee submitting transactions
chatterbot Foxtrot submitting transactions
chatterbot Charlie submitting transactions
chatterbot Sierra submitting transactions
chatterbot Bravo submitting transactions
ChatterBot Papa round 4
ChatterBot Oscar round 4
ChatterBot Foxtrot round 4
ChatterBot Yankee round 4
ChatterBot Sierra round 4
ChatterBot Bravo round 4
ChatterBot India round 4
ChatterBot Charlie round 4
ChatterBot Uniform round 4
ChatterBot Quebec round 4
2024-10-15 01:29:48.745899 India: We should add Uniform
2024-10-15 01:29:48.759228 Oscar: No
2024-10-15 01:29:48.760194 Bravo: No
2024-10-15 01:29:48.760393 Charlie: No
ChatterBot India reevaluating
ChatterBot India reevaluating
2024-10-15 01:29:48.815268 Yankee: We should drop Foxtrot and Charlie
2024-10-15 01:29:48.834574 Papa: Yes
2024-10-15 01:29:48.835790 Quebec: No
2024-10-15 01:29:48.836077 Sierra: No
2024-10-15 01:29:48.836323 Uniform: No
2024-10-15 01:29:48.908559 India: We should add Foxtrot
ChatterBot Oscar reevaluating
2024-10-15 01:29:48.920558 Oscar: Yes
2024-10-15 01:29:48.920709 Bravo: No
2024-10-15 01:29:48.920849 Charlie: No
ChatterBot India reevaluating
ChatterBot Oscar reevaluating
ChatterBot India reevaluating
ChatterBot Oscar reevaluating
ChatterBot India reevaluating
2024-10-15 01:29:48.959699 Sierra: Papa and Foxtrot, sending you 3
2024-10-15 01:29:48.963312 Foxtrot: Papa, Yankee and Quebec, sending you 1
2024-10-15 01:29:48.963974 Sierra: Yankee and Charlie, sending you 2
2024-10-15 01:29:48.965026 Bravo: Oscar and India, sending you 3
2024-10-15 01:29:48.967676 Sierra: Uniform, sending you 4
2024-10-15 01:29:48.968275 Bravo: Charlie, sending you 2
2024-10-15 01:29:48.969243 Foxtrot: Sierra, sending you 3
2024-10-15 01:29:48.971676 Quebec: Papa and Yankee, sending you 2
2024-10-15 01:29:48.973541 Foxtrot: Uniform, sending you 2
2024-10-15 01:29:48.974077 Papa: Yankee, sending you 7
2024-10-15 01:29:48.980102 Quebec: Foxtrot, Sierra, Charlie and Uniform, sending you 1
2024-10-15 01:29:48.981385 Papa: Sierra and Quebec, sending you 3
2024-10-15 01:29:48.983676 Charlie: Oscar and Bravo, sending you 2
2024-10-15 01:29:48.984100 Oscar: Bravo and India, sending you 6
2024-10-15 01:29:49.006877 Uniform: Papa, Charlie and Quebec, sending you 1
2024-10-15 01:29:49.008117 Yankee: Papa, sending you 6
2024-10-15 01:29:49.008551 Papa: Uniform, sending you 1
2024-10-15 01:29:49.009511 Charlie: India, sending you 4
2024-10-15 01:29:49.010001 Oscar: Charlie, sending you 2
2024-10-15 01:29:49.011668 Uniform: Foxtrot, sending you 2
2024-10-15 01:29:49.012901 Yankee: Sierra and Uniform, sending you 2
2024-10-15 01:29:49.048816 Uniform: Yankee, sending you 3
2024-10-15 01:29:49.050128 Yankee: Quebec, sending you 4
2024-10-15 01:29:49.053230 Uniform: Sierra, sending you 4
chatterbot Bravo submitting transactions
chatterbot Foxtrot submitting transactions
chatterbot Papa submitting transactions
chatterbot Quebec submitting transactions
chatterbot Uniform submitting transactions
chatterbot Yankee submitting transactions
chatterbot Charlie submitting transactions
chatterbot Oscar submitting transactions
chatterbot Sierra submitting transactions
chatterbot India submitting transactions
ChatterBot Papa round 5
ChatterBot Oscar round 5
ChatterBot Foxtrot round 5
ChatterBot Yankee round 5
ChatterBot Sierra round 5
ChatterBot Bravo round 5
ChatterBot India round 5
ChatterBot Charlie round 5
ChatterBot Uniform round 5
ChatterBot Quebec round 5
2024-10-15 01:29:49.846763 India: We should add Sierra
ChatterBot Charlie reevaluating
2024-10-15 01:29:49.857750 Oscar: No
2024-10-15 01:29:49.858139 Bravo: No
2024-10-15 01:29:49.858829 Charlie: Yes
ChatterBot India reevaluating
ChatterBot Charlie reevaluating
ChatterBot India reevaluating
ChatterBot Charlie reevaluating
ChatterBot India reevaluating
2024-10-15 01:29:49.899880 India: We should add Foxtrot
ChatterBot Charlie reevaluating
2024-10-15 01:29:49.910098 Oscar: No
2024-10-15 01:29:49.910370 Bravo: No
2024-10-15 01:29:49.910550 Charlie: Yes
ChatterBot India reevaluating
ChatterBot Charlie reevaluating
ChatterBot India reevaluating
ChatterBot Charlie reevaluating
ChatterBot India reevaluating
2024-10-15 01:29:49.939324 Quebec: We should drop Charlie
ChatterBot Yankee reevaluating
2024-10-15 01:29:49.953200 Papa: Yes
2024-10-15 01:29:49.953359 Yankee: Yes
2024-10-15 01:29:49.953469 Foxtrot: Yes
2024-10-15 01:29:49.953572 Sierra: No
2024-10-15 01:29:49.953687 Uniform: No
ChatterBot Yankee reevaluating
ChatterBot Quebec reevaluating
ChatterBot Sierra reevaluating
ChatterBot Quebec reevaluating
ChatterBot Sierra reevaluating
ChatterBot Yankee reevaluating
ChatterBot Quebec reevaluating
ChatterBot Sierra reevaluating
ChatterBot Yankee reevaluating
ChatterBot Quebec reevaluating
ChatterBot Yankee reevaluating
ChatterBot Quebec reevaluating
ChatterBot Sierra reevaluating
2024-10-15 01:29:50.046302 Foxtrot: Papa, Yankee and Quebec, sending you 1
2024-10-15 01:29:50.046974 Bravo: Oscar, sending you 4
2024-10-15 01:29:50.049731 Oscar: Bravo, sending you 6
2024-10-15 01:29:50.050686 Papa: Yankee, sending you 7
2024-10-15 01:29:50.052005 Uniform: Papa, Charlie and Quebec, sending you 1
2024-10-15 01:29:50.053694 Foxtrot: Sierra, sending you 3
2024-10-15 01:29:50.054295 Bravo: India and Charlie, sending you 2
2024-10-15 01:29:50.054808 Oscar: India, sending you 5
2024-10-15 01:29:50.055867 Uniform: Foxtrot, sending you 2
2024-10-15 01:29:50.056703 Papa: Sierra and Quebec, sending you 3
2024-10-15 01:29:50.057544 Foxtrot: Uniform, sending you 2
2024-10-15 01:29:50.058666 Uniform: Yankee, sending you 3
2024-10-15 01:29:50.059812 Oscar: Charlie, sending you 3
2024-10-15 01:29:50.060677 Papa: Uniform, sending you 1
2024-10-15 01:29:50.061574 Charlie: Foxtrot, sending you 1
2024-10-15 01:29:50.062706 Yankee: Papa, sending you 7
2024-10-15 01:29:50.063755 Uniform: Sierra, sending you 4
2024-10-15 01:29:50.067114 Charlie: Sierra, sending you 3
2024-10-15 01:29:50.067775 Yankee: Sierra and Uniform, sending you 2
2024-10-15 01:29:50.072747 Charlie: Uniform and Quebec, sending you 2
2024-10-15 01:29:50.073501 Yankee: Quebec, sending you 3
2024-10-15 01:29:50.077665 Quebec: Papa, sending you 2
2024-10-15 01:29:50.082701 Quebec: Foxtrot, Sierra and Uniform, sending you 1
2024-10-15 01:29:50.085939 Quebec: Yankee, sending you 3
chatterbot Oscar submitting transactions
chatterbot Charlie submitting transactions
chatterbot Quebec submitting transactions
chatterbot Bravo submitting transactions
chatterbot Yankee submitting transactions
chatterbot Papa submitting transactions
chatterbot Foxtrot submitting transactions
chatterbot India submitting transactions
chatterbot Uniform submitting transactions
chatterbot Sierra submitting transactions
ChatterBot Papa round 6
ChatterBot Oscar round 6
ChatterBot Foxtrot round 6
ChatterBot Yankee round 6
ChatterBot Sierra round 6
ChatterBot Bravo round 6
ChatterBot India round 6
ChatterBot Charlie round 6
ChatterBot Uniform round 6
ChatterBot Quebec round 6
2024-10-15 01:29:51.279287 Sierra: We should replace India with Charlie
ChatterBot Uniform reevaluating
2024-10-15 01:29:51.300057 Papa: No
2024-10-15 01:29:51.300240 Yankee: No
2024-10-15 01:29:51.300418 Quebec: No
2024-10-15 01:29:51.300576 Foxtrot: No
2024-10-15 01:29:51.300746 Uniform: No
ChatterBot Uniform reevaluating
ChatterBot Uniform reevaluating
ChatterBot Uniform reevaluating
ChatterBot Uniform reevaluating
ChatterBot Quebec reevaluating
2024-10-15 01:29:51.361452 Quebec: We should add Charlie
ChatterBot Uniform reevaluating
2024-10-15 01:29:51.373060 Papa: No
2024-10-15 01:29:51.373173 Yankee: No
2024-10-15 01:29:51.373266 Foxtrot: No
2024-10-15 01:29:51.373356 Sierra: Yes
2024-10-15 01:29:51.373444 Uniform: Yes
ChatterBot Quebec reevaluating
ChatterBot Uniform reevaluating
ChatterBot Quebec reevaluating
ChatterBot Uniform reevaluating
ChatterBot Quebec reevaluating
ChatterBot Uniform reevaluating
ChatterBot Quebec reevaluating
ChatterBot Uniform reevaluating
ChatterBot Quebec reevaluating
2024-10-15 01:29:51.443869 India: We should add Foxtrot
ChatterBot Charlie reevaluating
2024-10-15 01:29:51.453365 Oscar: No
2024-10-15 01:29:51.453503 Bravo: No
2024-10-15 01:29:51.453609 Charlie: No
ChatterBot India reevaluating
ChatterBot Charlie reevaluating
ChatterBot India reevaluating
ChatterBot Charlie reevaluating
ChatterBot India reevaluating
2024-10-15 01:29:51.499124 Sierra: Charlie we want you to join our group
ChatterBot Charlie reevaluating
2024-10-15 01:29:51.504209 Charlie: No
ChatterBot Quebec reevaluating
ChatterBot Uniform reevaluating
2024-10-15 01:29:51.522168 India: We should add Quebec
ChatterBot Charlie reevaluating
2024-10-15 01:29:51.530579 Oscar: No
2024-10-15 01:29:51.530747 Bravo: No
2024-10-15 01:29:51.530870 Charlie: No
ChatterBot India reevaluating
ChatterBot Charlie reevaluating
ChatterBot India reevaluating
ChatterBot Charlie reevaluating
ChatterBot India reevaluating
2024-10-15 01:29:51.560105 Bravo: Oscar, sending you 4
2024-10-15 01:29:51.560693 Papa: Yankee, sending you 7
2024-10-15 01:29:51.561233 Foxtrot: Papa, Yankee and Quebec, sending you 1
2024-10-15 01:29:51.564060 Papa: Sierra and Quebec, sending you 3
2024-10-15 01:29:51.564664 Bravo: India and Charlie, sending you 2
2024-10-15 01:29:51.566663 Foxtrot: Sierra, sending you 3
2024-10-15 01:29:51.567291 Papa: Uniform, sending you 1
2024-10-15 01:29:51.569836 Foxtrot: Uniform, sending you 2
2024-10-15 01:29:51.571713 Oscar: Bravo, sending you 6
2024-10-15 01:29:51.577076 Uniform: Papa, Charlie and Quebec, sending you 1
2024-10-15 01:29:51.577920 Oscar: India, sending you 5
2024-10-15 01:29:51.578404 Quebec: Papa, sending you 2
2024-10-15 01:29:51.579687 Yankee: Papa, sending you 6
2024-10-15 01:29:51.583032 Uniform: Foxtrot, sending you 2
2024-10-15 01:29:51.583909 Oscar: Charlie, sending you 3
2024-10-15 01:29:51.584469 Quebec: Foxtrot, Sierra and Uniform, sending you 1
2024-10-15 01:29:51.585697 Yankee: Sierra, sending you 2
2024-10-15 01:29:51.586983 Charlie: Oscar and India, sending you 3
2024-10-15 01:29:51.587685 Uniform: Yankee, sending you 3
2024-10-15 01:29:51.588930 Yankee: Uniform and Quebec, sending you 3
2024-10-15 01:29:51.591048 Quebec: Yankee, sending you 3
2024-10-15 01:29:51.591552 Charlie: Bravo, sending you 2
2024-10-15 01:29:51.591924 Uniform: Sierra, sending you 4
chatterbot Uniform submitting transactions
chatterbot Sierra submitting transactions
chatterbot Papa submitting transactions
chatterbot Yankee submitting transactions
chatterbot Oscar submitting transactions
chatterbot Charlie submitting transactions
chatterbot Foxtrot submitting transactions
chatterbot Bravo submitting transactions
chatterbot India submitting transactions
chatterbot Quebec submitting transactions
ChatterBot Papa round 7
ChatterBot Oscar round 7
ChatterBot Foxtrot round 7
ChatterBot Yankee round 7
ChatterBot Sierra round 7
ChatterBot Bravo round 7
ChatterBot India round 7
ChatterBot Charlie round 7
2024-10-15 01:29:52.667474 India: We should add Sierra
2024-10-15 01:29:52.678184 Oscar: No
2024-10-15 01:29:52.678773 Bravo: No
2024-10-15 01:29:52.678952 Charlie: No
ChatterBot India reevaluating
ChatterBot India reevaluating
ChatterBot India reevaluating
ChatterBot Uniform round 7
2024-10-15 01:29:52.718081 Sierra: We should replace India with Charlie
2024-10-15 01:29:52.737272 Papa: No
2024-10-15 01:29:52.737480 Yankee: No
2024-10-15 01:29:52.737670 Quebec: No
2024-10-15 01:29:52.737833 Foxtrot: No
2024-10-15 01:29:52.737994 Uniform: Yes
ChatterBot Papa reevaluating
ChatterBot Papa reevaluating
ChatterBot Papa reevaluating
ChatterBot Papa reevaluating
ChatterBot Quebec round 7
2024-10-15 01:29:52.825104 India: We should add Papa
2024-10-15 01:29:52.833595 Oscar: No
2024-10-15 01:29:52.833757 Bravo: No
2024-10-15 01:29:52.833870 Charlie: No
ChatterBot India reevaluating
ChatterBot India reevaluating
ChatterBot India reevaluating
2024-10-15 01:29:52.860944 Sierra: Charlie we want you to join our group
2024-10-15 01:29:52.865874 Charlie: No
ChatterBot Papa reevaluating
2024-10-15 01:29:52.898985 Oscar: Bravo, sending you 6
2024-10-15 01:29:52.901747 Oscar: India, sending you 5
2024-10-15 01:29:52.907121 Oscar: Charlie, sending you 3
2024-10-15 01:29:52.907580 Foxtrot: Papa, Yankee and Quebec, sending you 1
2024-10-15 01:29:52.908211 Uniform: Papa, Charlie and Quebec, sending you 1
2024-10-15 01:29:52.908812 Yankee: Papa, sending you 6
2024-10-15 01:29:52.910651 Quebec: Papa, sending you 2
2024-10-15 01:29:52.911673 Uniform: Foxtrot, sending you 2
2024-10-15 01:29:52.912246 Bravo: Oscar, sending you 4
2024-10-15 01:29:52.913287 Foxtrot: Sierra, sending you 3
2024-10-15 01:29:52.913857 Charlie: Oscar and India, sending you 3
2024-10-15 01:29:52.914227 Yankee: Sierra, sending you 2
2024-10-15 01:29:52.914685 Quebec: Foxtrot, Sierra and Uniform, sending you 1
2024-10-15 01:29:52.915873 Uniform: Yankee, sending you 3
2024-10-15 01:29:52.916685 Bravo: India and Charlie, sending you 2
2024-10-15 01:29:52.917153 Papa: Yankee, sending you 7
2024-10-15 01:29:52.917669 Charlie: Bravo, sending you 2
2024-10-15 01:29:52.918688 Foxtrot: Uniform, sending you 2
2024-10-15 01:29:52.919289 Yankee: Uniform and Quebec, sending you 3
2024-10-15 01:29:52.919606 Uniform: Sierra, sending you 4
2024-10-15 01:29:52.920058 Quebec: Yankee, sending you 3
2024-10-15 01:29:52.921657 Papa: Sierra and Quebec, sending you 3
2024-10-15 01:29:52.925683 Papa: Uniform, sending you 1
chatterbot Yankee submitting transactions
chatterbot Papa submitting transactions
chatterbot Bravo submitting transactions
chatterbot India submitting transactions
chatterbot Charlie submitting transactions
chatterbot Sierra submitting transactions
chatterbot Oscar submitting transactions
chatterbot Quebec submitting transactions
chatterbot Foxtrot submitting transactions
chatterbot Uniform submitting transactions
ChatterBot Papa round 8
ChatterBot Oscar round 8
ChatterBot Foxtrot round 8
ChatterBot Yankee round 8
ChatterBot Sierra round 8
ChatterBot Bravo round 8
ChatterBot India round 8
ChatterBot Charlie round 8
ChatterBot Uniform round 8
ChatterBot Quebec round 8
2024-10-15 01:29:54.057062 India: We should add Foxtrot
2024-10-15 01:29:54.065074 Oscar: No
2024-10-15 01:29:54.065318 Bravo: No
2024-10-15 01:29:54.065560 Charlie: No
ChatterBot India reevaluating
ChatterBot India reevaluating
ChatterBot India reevaluating
2024-10-15 01:29:54.109610 Sierra: We should replace India with Charlie
2024-10-15 01:29:54.130353 Papa: No
2024-10-15 01:29:54.131446 Yankee: No
2024-10-15 01:29:54.131786 Quebec: No
2024-10-15 01:29:54.132078 Foxtrot: No
2024-10-15 01:29:54.132327 Uniform: Yes
ChatterBot Papa reevaluating
ChatterBot Papa reevaluating
ChatterBot Sierra reevaluating
ChatterBot Papa reevaluating
ChatterBot Sierra reevaluating
ChatterBot Papa reevaluating
ChatterBot Sierra reevaluating
2024-10-15 01:29:54.270696 Oscar: Bravo and India, sending you 5
2024-10-15 01:29:54.272671 Sierra: Charlie we want you to join our group
2024-10-15 01:29:54.277195 Charlie: No
ChatterBot Papa reevaluating
ChatterBot Sierra reevaluating
2024-10-15 01:29:54.299082 Foxtrot: Papa, Yankee and Quebec, sending you 1
2024-10-15 01:29:54.300406 Oscar: Charlie, sending you 4
2024-10-15 01:29:54.300858 Yankee: Papa, sending you 6
2024-10-15 01:29:54.302673 Foxtrot: Sierra, sending you 3
2024-10-15 01:29:54.303459 Uniform: Papa, Charlie and Quebec, sending you 1
2024-10-15 01:29:54.304709 Charlie: Oscar and India, sending you 3
2024-10-15 01:29:54.305249 Quebec: Papa, sending you 2
2024-10-15 01:29:54.306600 India: Oscar, sending you 4
2024-10-15 01:29:54.307137 Yankee: Sierra, sending you 2
2024-10-15 01:29:54.307577 Bravo: Oscar, sending you 4
2024-10-15 01:29:54.308123 Foxtrot: Uniform, sending you 2
2024-10-15 01:29:54.309335 Uniform: Foxtrot, sending you 2
2024-10-15 01:29:54.310125 Charlie: Bravo, sending you 2
2024-10-15 01:29:54.311199 Quebec: Foxtrot, Sierra and Uniform, sending you 1
2024-10-15 01:29:54.311781 India: Bravo and Charlie, sending you 2
2024-10-15 01:29:54.312181 Yankee: Uniform and Quebec, sending you 3
2024-10-15 01:29:54.313106 Bravo: India and Charlie, sending you 2
2024-10-15 01:29:54.313439 Uniform: Yankee, sending you 3
2024-10-15 01:29:54.314801 Quebec: Yankee, sending you 3
2024-10-15 01:29:54.317705 Uniform: Sierra, sending you 4
2024-10-15 01:29:54.324671 Papa: Yankee, sending you 7
2024-10-15 01:29:54.329095 Papa: Sierra and Quebec, sending you 3
2024-10-15 01:29:54.334702 Papa: Uniform, sending you 1
chatterbot Yankee submitting transactions
chatterbot Foxtrot submitting transactions
chatterbot Papa submitting transactions
chatterbot Uniform submitting transactions
chatterbot Quebec submitting transactions
chatterbot Sierra submitting transactions
chatterbot Oscar submitting transactions
chatterbot Bravo submitting transactions
chatterbot India submitting transactions
chatterbot Charlie submitting transactions
ChatterBot Papa round 9
ChatterBot Oscar round 9
ChatterBot Foxtrot round 9
ChatterBot Yankee round 9
ChatterBot Sierra round 9
ChatterBot Bravo round 9
ChatterBot India round 9
ChatterBot Charlie round 9
ChatterBot Uniform round 9
ChatterBot Quebec round 9
2024-10-15 01:29:55.327902 India: We should add Yankee
2024-10-15 01:29:55.342593 Oscar: No
2024-10-15 01:29:55.343044 Bravo: No
2024-10-15 01:29:55.343362 Charlie: No
ChatterBot India reevaluating
ChatterBot India reevaluating
ChatterBot India reevaluating
2024-10-15 01:29:55.405099 India: We should add Uniform
2024-10-15 01:29:55.419444 Oscar: No
2024-10-15 01:29:55.420391 Bravo: No
2024-10-15 01:29:55.420685 Charlie: No
ChatterBot India reevaluating
ChatterBot India reevaluating
ChatterBot India reevaluating
2024-10-15 01:29:55.464424 Uniform: We should drop Charlie
ChatterBot Sierra reevaluating
2024-10-15 01:29:55.487657 Papa: Yes
2024-10-15 01:29:55.488602 Yankee: Yes
2024-10-15 01:29:55.489073 Quebec: Yes
2024-10-15 01:29:55.489389 Foxtrot: Yes
2024-10-15 01:29:55.489643 Sierra: Yes
ChatterBot Sierra reevaluating
ChatterBot Sierra reevaluating
ChatterBot Uniform reevaluating
ChatterBot Sierra reevaluating
ChatterBot Uniform reevaluating
ChatterBot Sierra reevaluating
ChatterBot Uniform reevaluating
ChatterBot Uniform reevaluating
2024-10-15 01:29:55.619033 Papa: Yankee, sending you 7
2024-10-15 01:29:55.622703 Foxtrot: Yankee, sending you 1
2024-10-15 01:29:55.624730 Yankee: Papa, sending you 6
2024-10-15 01:29:55.625548 Charlie: Oscar and India, sending you 3
2024-10-15 01:29:55.626924 Bravo: Oscar, sending you 4
2024-10-15 01:29:55.628083 Oscar: Bravo and India, sending you 5
2024-10-15 01:29:55.628793 Papa: Sierra and Quebec, sending you 3
2024-10-15 01:29:55.630192 Foxtrot: Sierra, sending you 3
2024-10-15 01:29:55.631215 Yankee: Sierra, sending you 2
2024-10-15 01:29:55.632804 Charlie: Bravo, sending you 2
2024-10-15 01:29:55.634066 Bravo: India and Charlie, sending you 2
2024-10-15 01:29:55.634895 Oscar: Charlie, sending you 4
2024-10-15 01:29:55.636121 Papa: Uniform, sending you 1
2024-10-15 01:29:55.637041 Quebec: Papa, sending you 2
2024-10-15 01:29:55.638684 Foxtrot: Uniform and Quebec, sending you 2
2024-10-15 01:29:55.640203 Yankee: Uniform and Quebec, sending you 3
2024-10-15 01:29:55.643688 Quebec: Foxtrot, Sierra and Uniform, sending you 1
2024-10-15 01:29:55.647656 Quebec: Yankee, sending you 3
2024-10-15 01:29:55.663667 Uniform: Papa and Quebec, sending you 1
2024-10-15 01:29:55.667658 Uniform: Foxtrot, sending you 2
2024-10-15 01:29:55.671670 Uniform: Yankee and Sierra, sending you 4
chatterbot Foxtrot submitting transactions
chatterbot Papa submitting transactions
chatterbot Charlie submitting transactions
chatterbot Oscar submitting transactions
chatterbot Bravo submitting transactions
chatterbot Quebec submitting transactions
chatterbot India submitting transactions
chatterbot Yankee submitting transactions
chatterbot Sierra submitting transactions
chatterbot Uniform submitting transactions
ChatterBot Papa round 10
ChatterBot Oscar round 10
ChatterBot Foxtrot round 10
ChatterBot Yankee round 10
ChatterBot Sierra round 10
ChatterBot Bravo round 10
ChatterBot India round 10
ChatterBot Charlie round 10
ChatterBot Uniform round 10
ChatterBot Quebec round 10
2024-10-15 01:29:56.632550 Uniform: We should add Bravo
ChatterBot Papa reevaluating
ChatterBot Sierra reevaluating
2024-10-15 01:29:56.649916 Papa: No
2024-10-15 01:29:56.650119 Yankee: No
2024-10-15 01:29:56.650313 Quebec: No
2024-10-15 01:29:56.650511 Foxtrot: No
2024-10-15 01:29:56.650695 Sierra: No
ChatterBot Sierra reevaluating
ChatterBot Uniform reevaluating
ChatterBot Papa reevaluating
ChatterBot Sierra reevaluating
ChatterBot Uniform reevaluating
ChatterBot Papa reevaluating
ChatterBot Sierra reevaluating
ChatterBot Uniform reevaluating
ChatterBot Papa reevaluating
ChatterBot Sierra reevaluating
ChatterBot Uniform reevaluating
ChatterBot Papa reevaluating
ChatterBot Uniform reevaluating
2024-10-15 01:29:56.727529 India: We should add Sierra
2024-10-15 01:29:56.733385 Oscar: No
2024-10-15 01:29:56.733525 Bravo: No
2024-10-15 01:29:56.733639 Charlie: No
ChatterBot India reevaluating
ChatterBot India reevaluating
ChatterBot India reevaluating
2024-10-15 01:29:56.754782 Uniform: We should add Charlie
ChatterBot Papa reevaluating
ChatterBot Sierra reevaluating
2024-10-15 01:29:56.766515 Papa: No
2024-10-15 01:29:56.766673 Yankee: No
2024-10-15 01:29:56.766832 Quebec: No
2024-10-15 01:29:56.766947 Foxtrot: No
2024-10-15 01:29:56.767059 Sierra: No
ChatterBot Sierra reevaluating
ChatterBot Uniform reevaluating
ChatterBot Papa reevaluating
ChatterBot Sierra reevaluating
ChatterBot Uniform reevaluating
ChatterBot Papa reevaluating
ChatterBot Sierra reevaluating
ChatterBot Uniform reevaluating
ChatterBot Papa reevaluating
ChatterBot Sierra reevaluating
ChatterBot Uniform reevaluating
ChatterBot Papa reevaluating
ChatterBot Uniform reevaluating
2024-10-15 01:29:56.868685 India: We should add Foxtrot
2024-10-15 01:29:56.922167 Oscar: No
2024-10-15 01:29:56.922405 Bravo: No
2024-10-15 01:29:56.922569 Charlie: No
ChatterBot India reevaluating
ChatterBot India reevaluating
ChatterBot India reevaluating
2024-10-15 01:29:57.025482 Yankee: Papa, sending you 6
2024-10-15 01:29:57.026540 Foxtrot: Yankee, sending you 1
2024-10-15 01:29:57.028892 Uniform: Charlie we want you to join our group
2024-10-15 01:29:57.034488 Charlie: No
ChatterBot Papa reevaluating
ChatterBot Sierra reevaluating
ChatterBot Uniform reevaluating
2024-10-15 01:29:57.066134 Sierra: We should replace India with Bravo
ChatterBot Papa reevaluating
ChatterBot Uniform reevaluating
2024-10-15 01:29:57.088877 Papa: No
2024-10-15 01:29:57.089091 Yankee: No
2024-10-15 01:29:57.089397 Quebec: No
2024-10-15 01:29:57.089584 Foxtrot: No
2024-10-15 01:29:57.090400 Uniform: Yes
ChatterBot Sierra reevaluating
ChatterBot Uniform reevaluating
ChatterBot Papa reevaluating
ChatterBot Sierra reevaluating
ChatterBot Uniform reevaluating
ChatterBot Papa reevaluating
ChatterBot Sierra reevaluating
ChatterBot Uniform reevaluating
ChatterBot Papa reevaluating
ChatterBot Sierra reevaluating
ChatterBot Uniform reevaluating
ChatterBot Papa reevaluating
ChatterBot Sierra reevaluating
2024-10-15 01:29:57.180007 Yankee: Sierra, sending you 2
