ChatterBot Mike round 1
ChatterBot Bravo round 1
ChatterBot Romeo round 1
ChatterBot Victor round 1
ChatterBot X-ray round 1
ChatterBot Delta round 1
ChatterBot Golf round 1
ChatterBot India round 1
ChatterBot Whiskey round 1
ChatterBot Yankee round 1
randomSelections Mike: {Mike, Romeo, Bravo, Yankee, Delta} 
2024-10-14 17:40:18.774733 Mike: Let's form a team
ChatterBot Romeo reevaluating
ChatterBot Bravo reevaluating
ChatterBot Yankee reevaluating
ChatterBot Delta reevaluating
2024-10-14 17:40:18.783681 Romeo: Yes
2024-10-14 17:40:18.783790 Bravo: Yes
2024-10-14 17:40:18.783915 Yankee: Yes
2024-10-14 17:40:18.783999 Delta: Yes
ChatterBot Bravo reevaluating
ChatterBot Yankee reevaluating
ChatterBot Delta reevaluating
ChatterBot Romeo reevaluating
ChatterBot Yankee reevaluating
ChatterBot Delta reevaluating
ChatterBot Romeo reevaluating
ChatterBot Bravo reevaluating
ChatterBot Delta reevaluating
ChatterBot Romeo reevaluating
ChatterBot Bravo reevaluating
ChatterBot Yankee reevaluating
randomSelections Whiskey: {Whiskey, India, Delta, Bravo, Romeo, X-ray, Yankee} 
2024-10-14 17:40:18.823175 Whiskey: We should group up
ChatterBot India reevaluating
ChatterBot Delta reevaluating
ChatterBot Bravo reevaluating
ChatterBot Romeo reevaluating
ChatterBot X-ray reevaluating
ChatterBot Yankee reevaluating
2024-10-14 17:40:18.834586 India: Yes
2024-10-14 17:40:18.835328 Delta: No
2024-10-14 17:40:18.835549 Bravo: No
2024-10-14 17:40:18.835746 Romeo: No
2024-10-14 17:40:18.835919 X-ray: Yes
2024-10-14 17:40:18.836032 Yankee: No
ChatterBot Delta reevaluating
ChatterBot Bravo reevaluating
ChatterBot Romeo reevaluating
ChatterBot X-ray reevaluating
ChatterBot Yankee reevaluating
ChatterBot India reevaluating
ChatterBot Bravo reevaluating
ChatterBot Romeo reevaluating
ChatterBot X-ray reevaluating
ChatterBot Yankee reevaluating
ChatterBot India reevaluating
ChatterBot Delta reevaluating
ChatterBot Romeo reevaluating
ChatterBot X-ray reevaluating
ChatterBot Yankee reevaluating
ChatterBot India reevaluating
ChatterBot Delta reevaluating
ChatterBot Bravo reevaluating
ChatterBot X-ray reevaluating
ChatterBot Yankee reevaluating
ChatterBot India reevaluating
ChatterBot Delta reevaluating
ChatterBot Bravo reevaluating
ChatterBot Romeo reevaluating
ChatterBot Yankee reevaluating
ChatterBot India reevaluating
ChatterBot Delta reevaluating
ChatterBot Bravo reevaluating
ChatterBot Romeo reevaluating
ChatterBot X-ray reevaluating
randomSelections Golf: {Golf, X-ray, Delta, Victor, Mike} 
2024-10-14 17:40:18.927296 Golf: Friends?
ChatterBot X-ray reevaluating
ChatterBot Delta reevaluating
ChatterBot Victor reevaluating
2024-10-14 17:40:18.935947 X-ray: No
2024-10-14 17:40:18.936106 Delta: No
2024-10-14 17:40:18.936244 Victor: Yes
2024-10-14 17:40:18.936381 Mike: No
ChatterBot Delta reevaluating
ChatterBot Victor reevaluating
ChatterBot X-ray reevaluating
ChatterBot Victor reevaluating
ChatterBot X-ray reevaluating
ChatterBot Delta reevaluating
ChatterBot X-ray reevaluating
ChatterBot Delta reevaluating
ChatterBot Victor reevaluating
2024-10-14 17:40:18.968673 Yankee: Mike, sending you 3
2024-10-14 17:40:18.969076 Mike: Bravo, sending you 4
2024-10-14 17:40:18.971650 Mike: Romeo, sending you 2
2024-10-14 17:40:18.972681 Delta: Mike, sending you 6
2024-10-14 17:40:18.973077 Victor: Mike, sending you 4
2024-10-14 17:40:18.973409 Yankee: Bravo, sending you 4
2024-10-14 17:40:18.974673 Romeo: Mike, sending you 2
2024-10-14 17:40:18.975678 Mike: Delta, sending you 6
2024-10-14 17:40:18.976023 X-ray: Bravo, Delta and Yankee, sending you 2
2024-10-14 17:40:18.976302 Victor: X-ray, sending you 1
2024-10-14 17:40:18.976910 Yankee: Romeo, sending you 5
2024-10-14 17:40:18.977678 Delta: Bravo and Romeo, sending you 5
2024-10-14 17:40:18.977989 Whiskey: Bravo and X-ray, sending you 1
2024-10-14 17:40:18.978996 Romeo: Bravo, sending you 4
2024-10-14 17:40:18.979682 Golf: Mike and Victor, sending you 5
2024-10-14 17:40:18.979971 Yankee: Delta, sending you 7
2024-10-14 17:40:18.980657 Mike: Yankee, sending you 1
2024-10-14 17:40:18.981412 X-ray: Romeo and Whiskey, sending you 4
2024-10-14 17:40:18.981743 Victor: Delta, sending you 2
2024-10-14 17:40:18.982027 Delta: Yankee, sending you 2
2024-10-14 17:40:18.982291 Whiskey: Romeo and Delta, sending you 4
2024-10-14 17:40:18.982542 Bravo: Mike, sending you 6
2024-10-14 17:40:18.982772 India: Bravo, Romeo and Whiskey, sending you 2
2024-10-14 17:40:18.983326 Romeo: Delta, sending you 5
2024-10-14 17:40:18.983544 Golf: X-ray, sending you 2
2024-10-14 17:40:18.985846 Whiskey: India and Yankee, sending you 3
2024-10-14 17:40:18.986201 Bravo: Romeo and Delta, sending you 5
2024-10-14 17:40:18.986687 X-ray: India, sending you 3
2024-10-14 17:40:18.987122 Victor: Golf, sending you 3
2024-10-14 17:40:18.987358 India: X-ray, sending you 3
2024-10-14 17:40:18.987726 Romeo: Yankee, sending you 1
2024-10-14 17:40:18.988870 Golf: Delta, sending you 4
2024-10-14 17:40:18.990669 Bravo: Yankee, sending you 4
2024-10-14 17:40:18.991053 India: Delta, sending you 7
2024-10-14 17:40:18.996706 India: Yankee, sending you 1
chatterbot Yankee submitting transactions
chatterbot Whiskey submitting transactions
chatterbot Victor submitting transactions
chatterbot X-ray submitting transactions
chatterbot Delta submitting transactions
chatterbot Golf submitting transactions
chatterbot Romeo submitting transactions
chatterbot Mike submitting transactions
chatterbot Bravo submitting transactions
chatterbot India submitting transactions
ChatterBot Mike round 2
ChatterBot Bravo round 2
ChatterBot Romeo round 2
ChatterBot Victor round 2
ChatterBot X-ray round 2
ChatterBot Delta round 2
ChatterBot Golf round 2
ChatterBot India round 2
ChatterBot Whiskey round 2
ChatterBot Yankee round 2
2024-10-14 17:40:20.563807 India: Group up?
ChatterBot X-ray reevaluating
ChatterBot Whiskey reevaluating
2024-10-14 17:40:20.571516 X-ray: Yes
2024-10-14 17:40:20.571678 Whiskey: Yes
ChatterBot India reevaluating
ChatterBot Whiskey reevaluating
ChatterBot India reevaluating
ChatterBot X-ray reevaluating
2024-10-14 17:40:20.659478 Whiskey: We should group up
ChatterBot X-ray reevaluating
ChatterBot India reevaluating
ChatterBot Victor reevaluating
ChatterBot Golf reevaluating
2024-10-14 17:40:20.675938 X-ray: Yes
2024-10-14 17:40:20.676116 India: No
2024-10-14 17:40:20.676278 Victor: Yes
2024-10-14 17:40:20.677113 Golf: Yes
ChatterBot India reevaluating
ChatterBot Whiskey reevaluating
ChatterBot Victor reevaluating
ChatterBot Golf reevaluating
ChatterBot X-ray reevaluating
ChatterBot Whiskey reevaluating
ChatterBot Victor reevaluating
ChatterBot Golf reevaluating
ChatterBot X-ray reevaluating
ChatterBot India reevaluating
ChatterBot Whiskey reevaluating
ChatterBot Golf reevaluating
ChatterBot X-ray reevaluating
ChatterBot India reevaluating
ChatterBot Whiskey reevaluating
ChatterBot Victor reevaluating
2024-10-14 17:40:20.756242 Romeo: Group up?
ChatterBot Bravo reevaluating
ChatterBot Delta reevaluating
ChatterBot Yankee reevaluating
ChatterBot X-ray reevaluating
ChatterBot India reevaluating
ChatterBot Whiskey reevaluating
2024-10-14 17:40:20.784089 Mike: No
2024-10-14 17:40:20.784529 Bravo: Yes
2024-10-14 17:40:20.785324 Delta: No
2024-10-14 17:40:20.785695 Yankee: No
2024-10-14 17:40:20.786026 X-ray: No
2024-10-14 17:40:20.786148 India: No
2024-10-14 17:40:20.787046 Whiskey: No
ChatterBot Bravo reevaluating
ChatterBot Delta reevaluating
ChatterBot Yankee reevaluating
ChatterBot X-ray reevaluating
ChatterBot India reevaluating
ChatterBot Whiskey reevaluating
ChatterBot Delta reevaluating
ChatterBot Yankee reevaluating
ChatterBot X-ray reevaluating
ChatterBot India reevaluating
ChatterBot Whiskey reevaluating
ChatterBot Romeo reevaluating
ChatterBot Bravo reevaluating
ChatterBot Yankee reevaluating
ChatterBot X-ray reevaluating
ChatterBot India reevaluating
ChatterBot Whiskey reevaluating
ChatterBot Romeo reevaluating
ChatterBot Bravo reevaluating
ChatterBot Delta reevaluating
ChatterBot X-ray reevaluating
ChatterBot India reevaluating
ChatterBot Whiskey reevaluating
ChatterBot Romeo reevaluating
2024-10-14 17:40:20.901303 Bravo: We should group up
ChatterBot Bravo reevaluating
ChatterBot Delta reevaluating
ChatterBot Yankee reevaluating
ChatterBot India reevaluating
ChatterBot Whiskey reevaluating
ChatterBot Romeo reevaluating
ChatterBot Bravo reevaluating
ChatterBot Delta reevaluating
ChatterBot Yankee reevaluating
ChatterBot X-ray reevaluating
ChatterBot Whiskey reevaluating
ChatterBot Romeo reevaluating
ChatterBot Bravo reevaluating
ChatterBot Delta reevaluating
ChatterBot Yankee reevaluating
ChatterBot X-ray reevaluating
ChatterBot India reevaluating
ChatterBot Romeo reevaluating
ChatterBot Delta reevaluating
2024-10-14 17:40:20.984430 Romeo: Yes
2024-10-14 17:40:20.984622 Mike: No
2024-10-14 17:40:20.984884 Delta: No
ChatterBot Yankee reevaluating
ChatterBot X-ray reevaluating
ChatterBot India reevaluating
ChatterBot Whiskey reevaluating
2024-10-14 17:40:21.001210 Yankee: No
2024-10-14 17:40:21.001922 X-ray: No
2024-10-14 17:40:21.002150 India: No
2024-10-14 17:40:21.002252 Whiskey: No
ChatterBot Bravo reevaluating
ChatterBot Delta reevaluating
ChatterBot Yankee reevaluating
ChatterBot X-ray reevaluating
ChatterBot India reevaluating
ChatterBot Whiskey reevaluating
2024-10-14 17:40:21.028023 Delta: We should add India
ChatterBot Romeo reevaluating
ChatterBot Bravo reevaluating
ChatterBot Delta reevaluating
ChatterBot Yankee reevaluating
ChatterBot X-ray reevaluating
ChatterBot India reevaluating
ChatterBot Whiskey reevaluating
ChatterBot Romeo reevaluating
ChatterBot Bravo reevaluating
ChatterBot Yankee reevaluating
ChatterBot X-ray reevaluating
ChatterBot India reevaluating
ChatterBot Whiskey reevaluating
ChatterBot Romeo reevaluating
ChatterBot Bravo reevaluating
ChatterBot Delta reevaluating
ChatterBot X-ray reevaluating
ChatterBot India reevaluating
ChatterBot Whiskey reevaluating
ChatterBot Romeo reevaluating
ChatterBot Bravo reevaluating
ChatterBot Delta reevaluating
ChatterBot Yankee reevaluating
ChatterBot India reevaluating
ChatterBot Whiskey reevaluating
ChatterBot Romeo reevaluating
ChatterBot Bravo reevaluating
ChatterBot Delta reevaluating
ChatterBot Yankee reevaluating
ChatterBot X-ray reevaluating
ChatterBot Whiskey reevaluating
ChatterBot Romeo reevaluating
ChatterBot Bravo reevaluating
ChatterBot Delta reevaluating
ChatterBot Yankee reevaluating
ChatterBot X-ray reevaluating
ChatterBot India reevaluating
ChatterBot Romeo reevaluating
ChatterBot Bravo reevaluating
ChatterBot Yankee reevaluating
2024-10-14 17:40:21.272097 Romeo: Yes
2024-10-14 17:40:21.272912 Mike: No
2024-10-14 17:40:21.273304 Bravo: Yes
2024-10-14 17:40:21.274457 Yankee: Yes
ChatterBot Bravo reevaluating
ChatterBot Yankee reevaluating
ChatterBot Delta reevaluating
2024-10-14 17:40:21.290281 Delta: We should add Whiskey
ChatterBot Romeo reevaluating
ChatterBot Bravo reevaluating
ChatterBot Yankee reevaluating
ChatterBot Delta reevaluating
ChatterBot Romeo reevaluating
ChatterBot Yankee reevaluating
ChatterBot Delta reevaluating
ChatterBot Romeo reevaluating
ChatterBot Bravo reevaluating
ChatterBot Delta reevaluating
ChatterBot Romeo reevaluating
ChatterBot Bravo reevaluating
ChatterBot Yankee reevaluating
2024-10-14 17:40:21.352282 Mike: No
2024-10-14 17:40:21.352609 Romeo: Yes
2024-10-14 17:40:21.352836 Bravo: Yes
2024-10-14 17:40:21.353220 Yankee: Yes
ChatterBot Romeo reevaluating
ChatterBot Bravo reevaluating
ChatterBot Yankee reevaluating
ChatterBot Delta reevaluating
ChatterBot Bravo reevaluating
ChatterBot Yankee reevaluating
ChatterBot Delta reevaluating
ChatterBot Romeo reevaluating
ChatterBot Yankee reevaluating
ChatterBot Delta reevaluating
ChatterBot Romeo reevaluating
ChatterBot Bravo reevaluating
ChatterBot Delta reevaluating
2024-10-14 17:40:21.459975 Romeo: We should drop Mike
ChatterBot Delta reevaluating
2024-10-14 17:40:21.470701 Bravo: No
2024-10-14 17:40:21.470890 Delta: No
2024-10-14 17:40:21.471074 Yankee: Yes
ChatterBot Romeo reevaluating
ChatterBot Delta reevaluating
ChatterBot Romeo reevaluating
ChatterBot Romeo reevaluating
ChatterBot Delta reevaluating
2024-10-14 17:40:21.503316 Delta: We would work well together
ChatterBot Romeo reevaluating
ChatterBot India reevaluating
2024-10-14 17:40:21.528186 Romeo: Yes
2024-10-14 17:40:21.528380 Mike: No
2024-10-14 17:40:21.528932 Bravo: Yes
2024-10-14 17:40:21.529043 Yankee: No
2024-10-14 17:40:21.529144 X-ray: No
2024-10-14 17:40:21.529251 India: No
2024-10-14 17:40:21.529350 Whiskey: No
ChatterBot Delta reevaluating
ChatterBot India reevaluating
ChatterBot Romeo reevaluating
ChatterBot Delta reevaluating
ChatterBot India reevaluating
ChatterBot Romeo reevaluating
ChatterBot Delta reevaluating
ChatterBot India reevaluating
ChatterBot Romeo reevaluating
ChatterBot Delta reevaluating
ChatterBot India reevaluating
ChatterBot Romeo reevaluating
ChatterBot Delta reevaluating
ChatterBot India reevaluating
ChatterBot Romeo reevaluating
ChatterBot Delta reevaluating
ChatterBot Romeo reevaluating
ChatterBot Delta reevaluating
ChatterBot India reevaluating
2024-10-14 17:40:21.799329 Whiskey: Victor and Golf, sending you 3
2024-10-14 17:40:21.800811 Victor: X-ray, India and Whiskey, sending you 2
2024-10-14 17:40:21.802065 X-ray: Victor, Golf and Whiskey, sending you 4
2024-10-14 17:40:21.802780 Bravo: Mike, Romeo, X-ray, Delta, India and Yankee, sending you 3
2024-10-14 17:40:21.804390 Golf: Victor, sending you 7
2024-10-14 17:40:21.805413 Yankee: X-ray, sending you 6
2024-10-14 17:40:21.806145 Mike: Bravo and Delta, sending you 5
2024-10-14 17:40:21.807545 Delta: India we want you to join our group
ChatterBot India reevaluating
2024-10-14 17:40:21.815645 India: No
2024-10-14 17:40:21.843822 Whiskey: X-ray, sending you 6
2024-10-14 17:40:21.845127 X-ray: India, sending you 5
2024-10-14 17:40:21.845781 Victor: Golf, sending you 4
2024-10-14 17:40:21.847670 Bravo: Whiskey, sending you 2
2024-10-14 17:40:21.849344 Golf: X-ray, India and Whiskey, sending you 3
2024-10-14 17:40:21.850110 Yankee: India, sending you 4
2024-10-14 17:40:21.851595 Mike: Romeo, sending you 1
2024-10-14 17:40:21.853723 Whiskey: India, sending you 4
chatterbot Mike submitting transactions
2024-10-14 17:40:21.855802 Yankee: Whiskey, sending you 9
2024-10-14 17:40:21.889263 Mike: Yankee, sending you 2
2024-10-14 17:40:21.890243 Romeo: Mike and India, sending you 1
2024-10-14 17:40:21.913026 Romeo: Bravo, X-ray, Delta, Whiskey and Yankee, sending you 2
2024-10-14 17:40:21.913534 Delta: Mike, India and Yankee, sending you 4
2024-10-14 17:40:21.925125 Delta: Bravo and Romeo, sending you 3
chatterbot Bravo submitting transactions
chatterbot Delta submitting transactions
chatterbot X-ray submitting transactions
chatterbot Victor submitting transactions
chatterbot Yankee submitting transactions
chatterbot Whiskey submitting transactions
chatterbot Romeo submitting transactions
chatterbot Golf submitting transactions
chatterbot India submitting transactions
ChatterBot Mike round 3
ChatterBot Bravo round 3
ChatterBot Romeo round 3
ChatterBot Victor round 3
ChatterBot X-ray round 3
ChatterBot Delta round 3
ChatterBot Golf round 3
2024-10-14 17:40:22.738251 Victor: We should add Yankee
ChatterBot X-ray reevaluating
ChatterBot India reevaluating
ChatterBot Whiskey reevaluating
2024-10-14 17:40:22.760121 X-ray: No
2024-10-14 17:40:22.760323 India: Yes
2024-10-14 17:40:22.760519 Whiskey: Yes
2024-10-14 17:40:22.760707 Golf: No
ChatterBot India reevaluating
ChatterBot Whiskey reevaluating
ChatterBot X-ray reevaluating
ChatterBot Whiskey reevaluating
ChatterBot X-ray reevaluating
ChatterBot India reevaluating
ChatterBot X-ray reevaluating
ChatterBot India reevaluating
ChatterBot Whiskey reevaluating
ChatterBot India round 3
ChatterBot Whiskey round 3
2024-10-14 17:40:22.918872 Delta: We should add X-ray and Whiskey
ChatterBot Romeo reevaluating
ChatterBot Yankee reevaluating
ChatterBot India reevaluating
2024-10-14 17:40:22.947836 Mike: No
2024-10-14 17:40:22.948202 Bravo: Yes
2024-10-14 17:40:22.949305 Romeo: No
2024-10-14 17:40:22.949802 Yankee: Yes
2024-10-14 17:40:22.950116 India: Yes
ChatterBot Romeo reevaluating
ChatterBot Yankee reevaluating
ChatterBot India reevaluating
ChatterBot Romeo reevaluating
ChatterBot Yankee reevaluating
ChatterBot India reevaluating
ChatterBot Yankee reevaluating
ChatterBot India reevaluating
ChatterBot Romeo reevaluating
ChatterBot India reevaluating
ChatterBot Romeo reevaluating
ChatterBot Yankee reevaluating
2024-10-14 17:40:23.041045 India: We should add Victor
ChatterBot X-ray reevaluating
ChatterBot Whiskey reevaluating
2024-10-14 17:40:23.050805 X-ray: Yes
2024-10-14 17:40:23.050939 Whiskey: Yes
2024-10-14 17:40:23.051031 Golf: Yes
ChatterBot India reevaluating
ChatterBot Whiskey reevaluating
ChatterBot India reevaluating
ChatterBot X-ray reevaluating
ChatterBot India reevaluating
ChatterBot X-ray reevaluating
ChatterBot Whiskey reevaluating
ChatterBot Yankee round 3
2024-10-14 17:40:23.090716 Victor: Yankee we want you to join our group
ChatterBot Yankee reevaluating
2024-10-14 17:40:23.093562 Yankee: No
ChatterBot X-ray reevaluating
ChatterBot India reevaluating
ChatterBot Whiskey reevaluating
2024-10-14 17:40:23.117829 Delta: X-ray and Whiskey we want you to join our group
2024-10-14 17:40:23.124040 X-ray: No
2024-10-14 17:40:23.124205 Whiskey: No
ChatterBot Romeo reevaluating
ChatterBot Yankee reevaluating
ChatterBot Romeo reevaluating
ChatterBot Yankee reevaluating
2024-10-14 17:40:23.169691 Whiskey: Yankee we want you to join our group
ChatterBot Yankee reevaluating
2024-10-14 17:40:23.175798 Yankee: No
2024-10-14 17:40:23.201160 Bravo: Mike, Romeo, X-ray, Delta, India and Yankee, sending you 3
2024-10-14 17:40:23.201875 India: Victor we want you to join our group
2024-10-14 17:40:23.207041 Victor: Yes
2024-10-14 17:40:23.227139 Bravo: Whiskey, sending you 2
2024-10-14 17:40:23.229662 Victor: X-ray, India and Whiskey, sending you 2
2024-10-14 17:40:23.230689 Mike: Bravo, sending you 4
2024-10-14 17:40:23.231545 Delta: Mike, sending you 5
2024-10-14 17:40:23.232131 X-ray: Victor, Golf and Whiskey, sending you 4
2024-10-14 17:40:23.232673 Golf: Victor, sending you 5
2024-10-14 17:40:23.233619 Romeo: Mike, sending you 3
2024-10-14 17:40:23.234673 Victor: Golf, sending you 3
2024-10-14 17:40:23.235010 Mike: Romeo, sending you 2
2024-10-14 17:40:23.235780 Delta: Bravo and Romeo, sending you 3
2024-10-14 17:40:23.236320 Golf: X-ray and Whiskey, sending you 4
2024-10-14 17:40:23.237870 X-ray: India, sending you 5
2024-10-14 17:40:23.238687 Romeo: Bravo, sending you 4
2024-10-14 17:40:23.238993 Victor: Yankee, sending you 1
2024-10-14 17:40:23.239376 Mike: Delta, sending you 6
2024-10-14 17:40:23.240163 Golf: India, sending you 3
2024-10-14 17:40:23.240663 Delta: X-ray, sending you 1
2024-10-14 17:40:23.241864 Romeo: Delta, sending you 5
2024-10-14 17:40:23.244076 Delta: India, Whiskey and Yankee, sending you 2
2024-10-14 17:40:23.244826 Mike: Yankee, sending you 1
2024-10-14 17:40:23.248078 Whiskey: Victor, sending you 2
2024-10-14 17:40:23.250671 Whiskey: X-ray and Golf, sending you 3
2024-10-14 17:40:23.251893 Yankee: Mike and Romeo, sending you 3
2024-10-14 17:40:23.254697 Whiskey: India and Yankee, sending you 4
2024-10-14 17:40:23.255676 Yankee: Bravo and Delta, sending you 4
2024-10-14 17:40:23.259730 Yankee: X-ray and Whiskey, sending you 2
2024-10-14 17:40:23.265655 Yankee: India, sending you 1
chatterbot Bravo submitting transactions
chatterbot Victor submitting transactions
chatterbot Golf submitting transactions
chatterbot X-ray submitting transactions
chatterbot Whiskey submitting transactions
chatterbot Yankee submitting transactions
chatterbot India submitting transactions
chatterbot Delta submitting transactions
chatterbot Mike submitting transactions
chatterbot Romeo submitting transactions
ChatterBot Mike round 4
ChatterBot Bravo round 4
ChatterBot Romeo round 4
ChatterBot Victor round 4
ChatterBot X-ray round 4
ChatterBot Delta round 4
ChatterBot Golf round 4
ChatterBot India round 4
ChatterBot Whiskey round 4
ChatterBot Yankee round 4
2024-10-14 17:40:24.474490 India: We should add Victor
ChatterBot X-ray reevaluating
ChatterBot Whiskey reevaluating
ChatterBot Golf reevaluating
2024-10-14 17:40:24.487524 X-ray: Yes
2024-10-14 17:40:24.487815 Whiskey: Yes
2024-10-14 17:40:24.488113 Golf: Yes
ChatterBot Whiskey reevaluating
ChatterBot Golf reevaluating
ChatterBot X-ray reevaluating
ChatterBot Golf reevaluating
ChatterBot X-ray reevaluating
ChatterBot Whiskey reevaluating
2024-10-14 17:40:24.539399 Romeo: We should add Yankee
2024-10-14 17:40:24.549845 Mike: Yes
2024-10-14 17:40:24.550027 Bravo: Yes
2024-10-14 17:40:24.550168 Delta: Yes
ChatterBot Romeo reevaluating
ChatterBot Romeo reevaluating
ChatterBot Romeo reevaluating
2024-10-14 17:40:24.590341 Victor: We should drop Yankee
ChatterBot X-ray reevaluating
ChatterBot Whiskey reevaluating
ChatterBot Golf reevaluating
2024-10-14 17:40:24.604973 X-ray: Yes
2024-10-14 17:40:24.605127 India: Yes
2024-10-14 17:40:24.605272 Whiskey: No
2024-10-14 17:40:24.605424 Golf: Yes
ChatterBot Whiskey reevaluating
ChatterBot Victor reevaluating
ChatterBot Golf reevaluating
ChatterBot X-ray reevaluating
ChatterBot Whiskey reevaluating
ChatterBot Victor reevaluating
ChatterBot Golf reevaluating
ChatterBot X-ray reevaluating
ChatterBot Victor reevaluating
ChatterBot Golf reevaluating
ChatterBot X-ray reevaluating
ChatterBot Whiskey reevaluating
ChatterBot Victor reevaluating
2024-10-14 17:40:24.648599 Delta: We should drop X-ray and India
ChatterBot Romeo reevaluating
ChatterBot Whiskey reevaluating
2024-10-14 17:40:24.660645 Mike: Yes
2024-10-14 17:40:24.660805 Bravo: Yes
2024-10-14 17:40:24.660900 Romeo: Yes
2024-10-14 17:40:24.660988 Yankee: Yes
2024-10-14 17:40:24.661088 Whiskey: No
ChatterBot Romeo reevaluating
ChatterBot Whiskey reevaluating
ChatterBot Romeo reevaluating
ChatterBot Whiskey reevaluating
ChatterBot Delta reevaluating
ChatterBot Whiskey reevaluating
ChatterBot Delta reevaluating
ChatterBot Romeo reevaluating
ChatterBot Whiskey reevaluating
ChatterBot Delta reevaluating
ChatterBot Romeo reevaluating
2024-10-14 17:40:24.721084 India: Victor we want you to join our group
ChatterBot Victor reevaluating
2024-10-14 17:40:24.725245 Victor: Yes
ChatterBot X-ray reevaluating
ChatterBot Whiskey reevaluating
ChatterBot Golf reevaluating
2024-10-14 17:40:24.737661 Mike: Bravo, sending you 4
2024-10-14 17:40:24.738657 Romeo: Yankee we want you to join our group
2024-10-14 17:40:24.742127 Yankee: Yes
ChatterBot Romeo reevaluating
ChatterBot Delta reevaluating
2024-10-14 17:40:24.752282 Mike: Romeo and Yankee, sending you 2
2024-10-14 17:40:24.755843 Bravo: Sending you each 5
2024-10-14 17:40:24.756281 Mike: Delta, sending you 5
2024-10-14 17:40:24.756675 Yankee: Mike, sending you 4
2024-10-14 17:40:24.760654 Yankee: Bravo and Delta, sending you 6
2024-10-14 17:40:24.763676 Yankee: Romeo, sending you 3
2024-10-14 17:40:24.767671 Victor: X-ray, India and Whiskey, sending you 2
2024-10-14 17:40:24.769650 X-ray: Victor, Golf and Whiskey, sending you 4
2024-10-14 17:40:24.770670 Delta: Mike, sending you 6
2024-10-14 17:40:24.772017 Whiskey: Victor, sending you 3
2024-10-14 17:40:24.772674 Victor: Golf, sending you 3
2024-10-14 17:40:24.773677 X-ray: India, sending you 5
2024-10-14 17:40:24.774101 Delta: Bravo, sending you 4
2024-10-14 17:40:24.775677 Golf: Sending you each 4
2024-10-14 17:40:24.776045 Victor: Yankee, sending you 1
2024-10-14 17:40:24.776669 Whiskey: X-ray and Golf, sending you 4
2024-10-14 17:40:24.778678 Delta: Romeo, sending you 5
2024-10-14 17:40:24.779664 Whiskey: India, sending you 5
2024-10-14 17:40:24.783671 Delta: Yankee, sending you 3
2024-10-14 17:40:24.790690 Romeo: Sending you each 3
chatterbot India submitting transactions
chatterbot Yankee submitting transactions
chatterbot Bravo submitting transactions
chatterbot Mike submitting transactions
chatterbot Romeo submitting transactions
chatterbot Victor submitting transactions
chatterbot X-ray submitting transactions
chatterbot Delta submitting transactions
chatterbot Golf submitting transactions
chatterbot Whiskey submitting transactions
ChatterBot Mike round 5
ChatterBot Bravo round 5
ChatterBot Romeo round 5
ChatterBot Victor round 5
ChatterBot X-ray round 5
ChatterBot Delta round 5
ChatterBot Golf round 5
ChatterBot India round 5
ChatterBot Whiskey round 5
ChatterBot Yankee round 5
2024-10-14 17:40:26.026371 India: We should add Victor
2024-10-14 17:40:26.033764 X-ray: Yes
2024-10-14 17:40:26.033954 Whiskey: Yes
2024-10-14 17:40:26.034072 Golf: Yes
2024-10-14 17:40:26.056089 Victor: We should drop Yankee
2024-10-14 17:40:26.064352 X-ray: Yes
2024-10-14 17:40:26.064509 India: Yes
2024-10-14 17:40:26.064653 Whiskey: Yes
2024-10-14 17:40:26.064787 Golf: Yes
2024-10-14 17:40:26.100400 India: Victor we want you to join our group
2024-10-14 17:40:26.102721 Victor: Yes
2024-10-14 17:40:26.110454 Mike: Bravo, sending you 3
2024-10-14 17:40:26.113679 Mike: Romeo and Yankee, sending you 2
2024-10-14 17:40:26.114936 Romeo: Same as last round
2024-10-14 17:40:26.115677 Golf: Same as last round
2024-10-14 17:40:26.116064 Bravo: Same as last round
2024-10-14 17:40:26.116647 Mike: Delta, sending you 6
2024-10-14 17:40:26.117664 Delta: Mike, sending you 6
2024-10-14 17:40:26.118844 X-ray: Victor, Golf and Whiskey, sending you 4
2024-10-14 17:40:26.119302 Yankee: Mike and Romeo, sending you 4
2024-10-14 17:40:26.120667 Delta: Bravo, Romeo and Yankee, sending you 4
2024-10-14 17:40:26.123047 Whiskey: Victor, sending you 3
2024-10-14 17:40:26.123475 X-ray: India, sending you 5
2024-10-14 17:40:26.124664 Yankee: Bravo, sending you 6
2024-10-14 17:40:26.127671 Whiskey: X-ray and Golf, sending you 4
2024-10-14 17:40:26.128044 Yankee: Delta, sending you 5
2024-10-14 17:40:26.130664 Whiskey: India, sending you 5
2024-10-14 17:40:26.132655 Victor: X-ray and Golf, sending you 3
2024-10-14 17:40:26.136654 Victor: India and Whiskey, sending you 2
chatterbot Bravo submitting transactions
chatterbot Whiskey submitting transactions
chatterbot Yankee submitting transactions
chatterbot Mike submitting transactions
chatterbot India submitting transactions
chatterbot Delta submitting transactions
chatterbot X-ray submitting transactions
chatterbot Golf submitting transactions
chatterbot Victor submitting transactions
chatterbot Romeo submitting transactions
ChatterBot Mike round 6
ChatterBot Bravo round 6
ChatterBot Romeo round 6
ChatterBot Victor round 6
ChatterBot X-ray round 6
ChatterBot Delta round 6
ChatterBot Golf round 6
ChatterBot India round 6
ChatterBot Whiskey round 6
ChatterBot Yankee round 6
2024-10-14 17:40:27.213368 India: We should add Victor
2024-10-14 17:40:27.222589 X-ray: Yes
2024-10-14 17:40:27.222796 Whiskey: Yes
2024-10-14 17:40:27.222948 Golf: Yes
2024-10-14 17:40:27.247362 India: Victor we want you to join our group
2024-10-14 17:40:27.249537 Victor: Yes
2024-10-14 17:40:27.258687 Mike: Bravo, sending you 3
2024-10-14 17:40:27.259676 Romeo: Same as last round
2024-10-14 17:40:27.260190 Victor: X-ray and Golf, sending you 3
2024-10-14 17:40:27.263688 X-ray: Victor, Golf and Whiskey, sending you 4
2024-10-14 17:40:27.264227 Mike: Romeo and Yankee, sending you 2
2024-10-14 17:40:27.265146 Delta: Mike, sending you 6
2024-10-14 17:40:27.265691 Victor: India and Whiskey, sending you 2
2024-10-14 17:40:27.266682 Bravo: Same as last round
2024-10-14 17:40:27.267676 Golf: Same as last round
2024-10-14 17:40:27.268564 Delta: Bravo, Romeo and Yankee, sending you 4
2024-10-14 17:40:27.268936 X-ray: India, sending you 5
2024-10-14 17:40:27.269658 Mike: Delta, sending you 6
2024-10-14 17:40:27.270682 Yankee: Mike and Romeo, sending you 4
2024-10-14 17:40:27.272669 Whiskey: Victor, sending you 3
2024-10-14 17:40:27.274693 Yankee: Bravo, sending you 6
2024-10-14 17:40:27.275954 Whiskey: X-ray and Golf, sending you 4
2024-10-14 17:40:27.279680 Yankee: Delta, sending you 5
2024-10-14 17:40:27.280671 Whiskey: India, sending you 5
chatterbot Golf submitting transactions
chatterbot Bravo submitting transactions
chatterbot Delta submitting transactions
chatterbot Victor submitting transactions
chatterbot Mike submitting transactions
chatterbot Yankee submitting transactions
chatterbot Whiskey submitting transactions
chatterbot Romeo submitting transactions
chatterbot X-ray submitting transactions
chatterbot India submitting transactions
ChatterBot Mike round 7
ChatterBot Bravo round 7
ChatterBot Romeo round 7
ChatterBot Victor round 7
ChatterBot X-ray round 7
ChatterBot Delta round 7
ChatterBot Golf round 7
ChatterBot India round 7
ChatterBot Whiskey round 7
ChatterBot Yankee round 7
2024-10-14 17:40:28.465757 India: We should add Victor
2024-10-14 17:40:28.472033 X-ray: Yes
2024-10-14 17:40:28.472191 Whiskey: Yes
2024-10-14 17:40:28.472313 Golf: Yes
2024-10-14 17:40:28.496124 India: Victor we want you to join our group
2024-10-14 17:40:28.498241 Victor: Yes
2024-10-14 17:40:28.505173 Bravo: Same as last round
2024-10-14 17:40:28.508674 Golf: Same as last round
2024-10-14 17:40:28.509713 Mike: Bravo, sending you 3
2024-10-14 17:40:28.512992 Mike: Romeo and Yankee, sending you 2
2024-10-14 17:40:28.513797 Romeo: Same as last round
2024-10-14 17:40:28.515679 Whiskey: Victor, sending you 3
2024-10-14 17:40:28.517672 Victor: X-ray and Golf, sending you 3
2024-10-14 17:40:28.518083 Mike: Delta, sending you 6
2024-10-14 17:40:28.518495 X-ray: Victor, Golf and Whiskey, sending you 4
2024-10-14 17:40:28.519665 Whiskey: X-ray and Golf, sending you 4
2024-10-14 17:40:28.521662 Yankee: Mike and Romeo, sending you 4
2024-10-14 17:40:28.522104 X-ray: India, sending you 5
2024-10-14 17:40:28.522679 Victor: India and Whiskey, sending you 2
2024-10-14 17:40:28.523066 Whiskey: India, sending you 5
2024-10-14 17:40:28.524665 Yankee: Bravo, sending you 6
2024-10-14 17:40:28.526100 Delta: Mike, sending you 6
2024-10-14 17:40:28.529672 Yankee: Delta, sending you 5
2024-10-14 17:40:28.530325 Delta: Bravo, Romeo and Yankee, sending you 4
chatterbot Romeo submitting transactions
chatterbot Delta submitting transactions
chatterbot Yankee submitting transactions
chatterbot Bravo submitting transactions
chatterbot Victor submitting transactions
chatterbot India submitting transactions
chatterbot Golf submitting transactions
chatterbot X-ray submitting transactions
chatterbot Whiskey submitting transactions
chatterbot Mike submitting transactions
ChatterBot Mike round 8
ChatterBot Bravo round 8
ChatterBot Romeo round 8
ChatterBot Victor round 8
ChatterBot X-ray round 8
ChatterBot Delta round 8
ChatterBot Golf round 8
ChatterBot India round 8
ChatterBot Whiskey round 8
2024-10-14 17:40:29.687027 Victor: We should add Romeo
ChatterBot Whiskey reevaluating
2024-10-14 17:40:29.705144 X-ray: No
2024-10-14 17:40:29.705680 India: No
2024-10-14 17:40:29.706097 Whiskey: No
2024-10-14 17:40:29.707205 Golf: No
ChatterBot Whiskey reevaluating
ChatterBot Victor reevaluating
ChatterBot Whiskey reevaluating
ChatterBot Victor reevaluating
ChatterBot India reevaluating
ChatterBot Victor reevaluating
ChatterBot India reevaluating
ChatterBot Whiskey reevaluating
ChatterBot Victor reevaluating
2024-10-14 17:40:29.758330 India: We should replace Golf with Victor
ChatterBot X-ray reevaluating
ChatterBot Whiskey reevaluating
2024-10-14 17:40:29.763505 X-ray: Yes
2024-10-14 17:40:29.763708 Whiskey: No
ChatterBot India reevaluating
ChatterBot Whiskey reevaluating
ChatterBot India reevaluating
ChatterBot X-ray reevaluating
2024-10-14 17:40:29.774909 Whiskey: We should add Bravo
ChatterBot X-ray reevaluating
ChatterBot India reevaluating
ChatterBot Victor reevaluating
2024-10-14 17:40:29.785047 X-ray: No
2024-10-14 17:40:29.785308 India: No
2024-10-14 17:40:29.785565 Victor: Yes
2024-10-14 17:40:29.785697 Golf: No
ChatterBot India reevaluating
ChatterBot Whiskey reevaluating
ChatterBot Victor reevaluating
ChatterBot X-ray reevaluating
ChatterBot Whiskey reevaluating
ChatterBot Victor reevaluating
ChatterBot X-ray reevaluating
ChatterBot India reevaluating
ChatterBot Whiskey reevaluating
ChatterBot X-ray reevaluating
ChatterBot India reevaluating
ChatterBot Whiskey reevaluating
ChatterBot Victor reevaluating
2024-10-14 17:40:29.829359 Delta: We should add Victor
2024-10-14 17:40:29.838585 Mike: No
2024-10-14 17:40:29.838737 Romeo: No
2024-10-14 17:40:29.838860 Bravo: No
2024-10-14 17:40:29.839022 Yankee: No
ChatterBot Delta reevaluating
ChatterBot Delta reevaluating
ChatterBot Delta reevaluating
ChatterBot Delta reevaluating
ChatterBot Yankee round 8
2024-10-14 17:40:29.881761 Romeo: We should drop Mike
ChatterBot Delta reevaluating
ChatterBot Yankee reevaluating
2024-10-14 17:40:29.887787 Bravo: No
2024-10-14 17:40:29.887893 Delta: No
2024-10-14 17:40:29.888005 Yankee: Yes
ChatterBot Delta reevaluating
ChatterBot Yankee reevaluating
ChatterBot Yankee reevaluating
ChatterBot Delta reevaluating
2024-10-14 17:40:29.906437 Victor: We should add Yankee
ChatterBot X-ray reevaluating
ChatterBot India reevaluating
ChatterBot Whiskey reevaluating
2024-10-14 17:40:29.914181 X-ray: No
2024-10-14 17:40:29.914327 India: No
2024-10-14 17:40:29.914431 Whiskey: No
2024-10-14 17:40:29.914531 Golf: No
ChatterBot India reevaluating
ChatterBot Whiskey reevaluating
ChatterBot Victor reevaluating
ChatterBot X-ray reevaluating
ChatterBot Whiskey reevaluating
ChatterBot Victor reevaluating
ChatterBot X-ray reevaluating
ChatterBot India reevaluating
ChatterBot Victor reevaluating
ChatterBot X-ray reevaluating
ChatterBot India reevaluating
ChatterBot Whiskey reevaluating
ChatterBot Victor reevaluating
2024-10-14 17:40:29.946144 India: We should add Victor
ChatterBot X-ray reevaluating
ChatterBot Whiskey reevaluating
2024-10-14 17:40:29.951973 X-ray: Yes
2024-10-14 17:40:29.952086 Whiskey: Yes
2024-10-14 17:40:29.952175 Golf: Yes
ChatterBot India reevaluating
ChatterBot Whiskey reevaluating
ChatterBot India reevaluating
ChatterBot X-ray reevaluating
ChatterBot India reevaluating
ChatterBot X-ray reevaluating
ChatterBot Whiskey reevaluating
2024-10-14 17:40:29.970753 Delta: We should add Whiskey
ChatterBot Yankee reevaluating
2024-10-14 17:40:29.979158 Mike: No
2024-10-14 17:40:29.979283 Romeo: No
2024-10-14 17:40:29.979381 Bravo: No
2024-10-14 17:40:29.979476 Yankee: No
ChatterBot Yankee reevaluating
ChatterBot Delta reevaluating
ChatterBot Yankee reevaluating
ChatterBot Delta reevaluating
ChatterBot Yankee reevaluating
ChatterBot Delta reevaluating
ChatterBot Delta reevaluating
2024-10-14 17:40:30.011445 Delta: We should add Golf
ChatterBot Yankee reevaluating
2024-10-14 17:40:30.018874 Mike: No
2024-10-14 17:40:30.018967 Romeo: No
2024-10-14 17:40:30.019050 Bravo: No
2024-10-14 17:40:30.019130 Yankee: No
ChatterBot Yankee reevaluating
ChatterBot Delta reevaluating
ChatterBot Yankee reevaluating
ChatterBot Delta reevaluating
ChatterBot Yankee reevaluating
ChatterBot Delta reevaluating
ChatterBot Delta reevaluating
2024-10-14 17:40:30.051289 Mike: I was attacked by India
ChatterBot Romeo reevaluating
ChatterBot Bravo reevaluating
ChatterBot Yankee reevaluating
ChatterBot Delta reevaluating
2024-10-14 17:40:30.059727 Mike: I'm keeping this round to protect myself
2024-10-14 17:40:30.060491 Mike: Ow
2024-10-14 17:40:30.061422 X-ray: We should drop Golf
ChatterBot India reevaluating
2024-10-14 17:40:30.067815 Victor: No
2024-10-14 17:40:30.067943 India: No
2024-10-14 17:40:30.068039 Whiskey: No
ChatterBot X-ray reevaluating
ChatterBot India reevaluating
ChatterBot Whiskey reevaluating
ChatterBot X-ray reevaluating
ChatterBot Victor reevaluating
ChatterBot Whiskey reevaluating
ChatterBot X-ray reevaluating
ChatterBot Victor reevaluating
ChatterBot India reevaluating
2024-10-14 17:40:30.091604 Delta: We should add X-ray
ChatterBot Romeo reevaluating
ChatterBot Bravo reevaluating
ChatterBot Yankee reevaluating
2024-10-14 17:40:30.100336 Mike: Yes
2024-10-14 17:40:30.100467 Romeo: Yes
2024-10-14 17:40:30.100585 Bravo: Yes
2024-10-14 17:40:30.100692 Yankee: Yes
ChatterBot Romeo reevaluating
ChatterBot Bravo reevaluating
ChatterBot Yankee reevaluating
ChatterBot Bravo reevaluating
ChatterBot Yankee reevaluating
ChatterBot Romeo reevaluating
ChatterBot Yankee reevaluating
ChatterBot Romeo reevaluating
ChatterBot Bravo reevaluating
2024-10-14 17:40:30.133934 India: Victor we want you to join our group
ChatterBot Victor reevaluating
2024-10-14 17:40:30.136478 Victor: Yes
ChatterBot India reevaluating
ChatterBot Whiskey reevaluating
2024-10-14 17:40:30.143551 Delta: X-ray we want you to join our group
2024-10-14 17:40:30.145857 X-ray: No
ChatterBot Bravo reevaluating
ChatterBot Romeo reevaluating
2024-10-14 17:40:30.157095 Yankee: We should drop Romeo
ChatterBot Bravo reevaluating
2024-10-14 17:40:30.162990 Mike: No
2024-10-14 17:40:30.163122 Bravo: No
2024-10-14 17:40:30.163237 Delta: No
ChatterBot Bravo reevaluating
ChatterBot Bravo reevaluating
2024-10-14 17:40:30.181323 Golf: Same as last round
2024-10-14 17:40:30.182537 Whiskey: Delta we want you to join our group
2024-10-14 17:40:30.184593 Delta: No
ChatterBot Whiskey reevaluating
ChatterBot Victor reevaluating
2024-10-14 17:40:30.196093 X-ray: Victor, Golf and India, sending you 4
2024-10-14 17:40:30.198655 X-ray: Whiskey, sending you 5
2024-10-14 17:40:30.205028 Delta: Mike, sending you 6
2024-10-14 17:40:30.207662 Delta: Bravo and Yankee, sending you 4
2024-10-14 17:40:30.211667 Delta: Romeo, sending you 3
2024-10-14 17:40:30.212219 Bravo: Mike, Romeo, X-ray, Delta and Yankee, sending you 4
2024-10-14 17:40:30.214667 Yankee: Mike, sending you 5
2024-10-14 17:40:30.215688 Delta: X-ray, sending you 1
2024-10-14 17:40:30.217666 Yankee: Bravo and Delta, sending you 7
2024-10-14 17:40:30.219651 Victor: X-ray and Golf, sending you 3
2024-10-14 17:40:30.223949 Whiskey: Victor, sending you 3
2024-10-14 17:40:30.224582 Victor: India and Whiskey, sending you 2
2024-10-14 17:40:30.225179 Romeo: Sending you each 4
2024-10-14 17:40:30.227650 Whiskey: X-ray, sending you 5
2024-10-14 17:40:30.231657 Whiskey: Golf and India, sending you 4
chatterbot Golf submitting transactions
chatterbot Romeo submitting transactions
chatterbot Victor submitting transactions
chatterbot Whiskey submitting transactions
chatterbot India submitting transactions
chatterbot Mike submitting transactions
chatterbot Delta submitting transactions
chatterbot Yankee submitting transactions
chatterbot X-ray submitting transactions
chatterbot Bravo submitting transactions
ChatterBot Mike round 9
ChatterBot Bravo round 9
ChatterBot Romeo round 9
ChatterBot Victor round 9
ChatterBot X-ray round 9
ChatterBot Delta round 9
ChatterBot Golf round 9
ChatterBot India round 9
ChatterBot Whiskey round 9
ChatterBot Yankee round 9
2024-10-14 17:40:31.275176 Yankee: We should replace Mike with Romeo
2024-10-14 17:40:31.280002 Bravo: No
2024-10-14 17:40:31.280161 Delta: No
2024-10-14 17:40:31.294313 Yankee: Romeo we want you to join our group
2024-10-14 17:40:31.297203 Romeo: Yes
ChatterBot Bravo reevaluating
2024-10-14 17:40:31.304593 Romeo: Bravo, sending you 4
2024-10-14 17:40:31.308576 Romeo: Delta, sending you 5
2024-10-14 17:40:31.309689 X-ray: Victor, Golf and Whiskey, sending you 4
2024-10-14 17:40:31.310820 Bravo: We should drop X-ray
2024-10-14 17:40:31.318898 Mike: Yes
2024-10-14 17:40:31.319039 Romeo: Yes
2024-10-14 17:40:31.319142 Yankee: Yes
2024-10-14 17:40:31.319249 Delta: Yes
ChatterBot Bravo reevaluating
ChatterBot Bravo reevaluating
ChatterBot Bravo reevaluating
ChatterBot Delta reevaluating
ChatterBot Bravo reevaluating
2024-10-14 17:40:31.350892 Delta: We should replace X-ray with Victor
ChatterBot Bravo reevaluating
2024-10-14 17:40:31.358328 Mike: No
2024-10-14 17:40:31.358457 Romeo: No
2024-10-14 17:40:31.358562 Bravo: No
2024-10-14 17:40:31.358670 Yankee: No
ChatterBot Bravo reevaluating
ChatterBot Delta reevaluating
ChatterBot Bravo reevaluating
ChatterBot Delta reevaluating
