ChatterBot Mike round 1
ChatterBot Uniform round 1
ChatterBot Sierra round 1
randomSelections Mike: {Mike, Uniform, Zulu, Victor, Romeo, Foxtrot, Sierra} 
2024-10-14 17:40:18.117745 Mike: Can we be friends?
ChatterBot Uniform reevaluating
ChatterBot Sierra reevaluating
2024-10-14 17:40:18.144031 Uniform: Yes
2024-10-14 17:40:18.144301 Sierra: Yes
ChatterBot Sierra reevaluating
ChatterBot Uniform reevaluating
ChatterBot Zulu round 1
ChatterBot Zulu reevaluating
ChatterBot Zulu reevaluating
ChatterBot Zulu reevaluating
2024-10-14 17:40:18.220317 Zulu: Yes
ChatterBot Uniform reevaluating
ChatterBot Sierra reevaluating
ChatterBot Hotel round 1
ChatterBot Romeo round 1
ChatterBot Romeo reevaluating
ChatterBot Romeo reevaluating
ChatterBot Romeo reevaluating
ChatterBot Romeo reevaluating
2024-10-14 17:40:18.236606 Romeo: Yes
ChatterBot Uniform reevaluating
ChatterBot Zulu reevaluating
ChatterBot Sierra reevaluating
ChatterBot Victor round 1
ChatterBot Victor reevaluating
ChatterBot Victor reevaluating
ChatterBot Victor reevaluating
ChatterBot Victor reevaluating
ChatterBot Victor reevaluating
2024-10-14 17:40:18.257995 Victor: Yes
ChatterBot Uniform reevaluating
ChatterBot Zulu reevaluating
ChatterBot Romeo reevaluating
ChatterBot Sierra reevaluating
ChatterBot Yankee round 1
ChatterBot Foxtrot round 1
ChatterBot Foxtrot reevaluating
ChatterBot Foxtrot reevaluating
ChatterBot Foxtrot reevaluating
ChatterBot Foxtrot reevaluating
ChatterBot Foxtrot reevaluating
ChatterBot Foxtrot reevaluating
2024-10-14 17:40:18.287215 Foxtrot: Yes
ChatterBot Uniform reevaluating
ChatterBot Zulu reevaluating
ChatterBot Victor reevaluating
ChatterBot Romeo reevaluating
ChatterBot Sierra reevaluating
ChatterBot Charlie round 1
randomSelections Hotel: {Hotel, Zulu, Yankee, Victor, Uniform, Romeo} 
2024-10-14 17:40:18.316243 Hotel: Let's form a team
ChatterBot Yankee reevaluating
ChatterBot Victor reevaluating
ChatterBot Uniform reevaluating
ChatterBot Romeo reevaluating
2024-10-14 17:40:18.329377 Zulu: No
2024-10-14 17:40:18.329761 Yankee: Yes
2024-10-14 17:40:18.329906 Victor: No
2024-10-14 17:40:18.330819 Uniform: No
2024-10-14 17:40:18.331077 Romeo: No
ChatterBot Yankee reevaluating
ChatterBot Victor reevaluating
ChatterBot Uniform reevaluating
ChatterBot Romeo reevaluating
ChatterBot Victor reevaluating
ChatterBot Uniform reevaluating
ChatterBot Romeo reevaluating
ChatterBot Yankee reevaluating
ChatterBot Uniform reevaluating
ChatterBot Romeo reevaluating
ChatterBot Yankee reevaluating
ChatterBot Victor reevaluating
ChatterBot Romeo reevaluating
ChatterBot Yankee reevaluating
ChatterBot Victor reevaluating
ChatterBot Uniform reevaluating
randomSelections Charlie: {Charlie, Sierra, Victor, Romeo, Zulu, Uniform} 
2024-10-14 17:40:18.400975 Charlie: Can we be friends?
ChatterBot Uniform reevaluating
2024-10-14 17:40:18.410953 Sierra: No
2024-10-14 17:40:18.411142 Victor: No
2024-10-14 17:40:18.411310 Romeo: No
2024-10-14 17:40:18.411464 Zulu: No
2024-10-14 17:40:18.411592 Uniform: No
ChatterBot Uniform reevaluating
ChatterBot Uniform reevaluating
ChatterBot Uniform reevaluating
ChatterBot Uniform reevaluating
2024-10-14 17:40:18.510633 Mike: Uniform, Zulu and Victor, sending you 1
2024-10-14 17:40:18.511542 Sierra: Mike, sending you 4
2024-10-14 17:40:18.515704 Mike: Sierra, sending you 3
2024-10-14 17:40:18.518970 Hotel: Uniform and Yankee, sending you 5
2024-10-14 17:40:18.520282 Sierra: Uniform and Foxtrot, sending you 2
2024-10-14 17:40:18.522051 Mike: Foxtrot, sending you 4
2024-10-14 17:40:18.526006 Victor: Mike, sending you 1
2024-10-14 17:40:18.527334 Hotel: Zulu, sending you 3
2024-10-14 17:40:18.527729 Sierra: Zulu and Victor, sending you 1
2024-10-14 17:40:18.528983 Yankee: Uniform and Hotel, sending you 2
2024-10-14 17:40:18.529916 Romeo: Mike, Sierra and Zulu, sending you 2
2024-10-14 17:40:18.531098 Victor: Sierra, sending you 2
2024-10-14 17:40:18.531964 Charlie: Uniform, sending you 2
2024-10-14 17:40:18.533528 Foxtrot: Mike, sending you 7
2024-10-14 17:40:18.534294 Hotel: Romeo, sending you 1
2024-10-14 17:40:18.535466 Zulu: Mike and Romeo, sending you 2
2024-10-14 17:40:18.536217 Yankee: Zulu, sending you 4
2024-10-14 17:40:18.537169 Romeo: Uniform, Victor and Foxtrot, sending you 1
2024-10-14 17:40:18.538025 Victor: Zulu and Foxtrot, sending you 3
2024-10-14 17:40:18.539641 Uniform: Mike, Victor and Foxtrot, sending you 2
2024-10-14 17:40:18.540712 Charlie: Sierra, sending you 1
2024-10-14 17:40:18.542099 Foxtrot: Sierra and Victor, sending you 2
2024-10-14 17:40:18.542803 Zulu: Uniform and Foxtrot, sending you 3
2024-10-14 17:40:18.543305 Hotel: Victor, sending you 2
2024-10-14 17:40:18.544519 Yankee: Romeo, sending you 6
2024-10-14 17:40:18.545256 Charlie: Zulu, sending you 7
2024-10-14 17:40:18.545861 Uniform: Sierra and Romeo, sending you 3
2024-10-14 17:40:18.547589 Foxtrot: Zulu, sending you 5
2024-10-14 17:40:18.549320 Zulu: Sierra, sending you 5
2024-10-14 17:40:18.550345 Yankee: Victor, sending you 1
2024-10-14 17:40:18.551730 Charlie: Romeo, sending you 5
2024-10-14 17:40:18.553900 Uniform: Zulu, sending you 1
2024-10-14 17:40:18.556444 Foxtrot: Romeo, sending you 4
2024-10-14 17:40:18.558914 Zulu: Victor, sending you 1
2024-10-14 17:40:18.560875 Charlie: Victor, sending you 4
chatterbot Foxtrot submitting transactions
chatterbot Uniform submitting transactions
chatterbot Zulu submitting transactions
chatterbot Sierra submitting transactions
chatterbot Charlie submitting transactions
chatterbot Romeo submitting transactions
chatterbot Mike submitting transactions
chatterbot Yankee submitting transactions
chatterbot Victor submitting transactions
chatterbot Hotel submitting transactions
ChatterBot Mike round 2
ChatterBot Uniform round 2
ChatterBot Sierra round 2
ChatterBot Zulu round 2
ChatterBot Hotel round 2
ChatterBot Romeo round 2
2024-10-14 17:40:19.599424 Uniform: We should replace Romeo with Charlie
ChatterBot Sierra reevaluating
ChatterBot Zulu reevaluating
ChatterBot Victor reevaluating
ChatterBot Foxtrot reevaluating
2024-10-14 17:40:19.652275 Mike: No
2024-10-14 17:40:19.652455 Sierra: No
2024-10-14 17:40:19.652631 Zulu: Yes
2024-10-14 17:40:19.652826 Victor: No
2024-10-14 17:40:19.653041 Foxtrot: No
ChatterBot Uniform reevaluating
ChatterBot Sierra reevaluating
ChatterBot Zulu reevaluating
ChatterBot Victor reevaluating
ChatterBot Foxtrot reevaluating
ChatterBot Uniform reevaluating
ChatterBot Zulu reevaluating
ChatterBot Victor reevaluating
ChatterBot Foxtrot reevaluating
ChatterBot Uniform reevaluating
ChatterBot Sierra reevaluating
ChatterBot Victor reevaluating
ChatterBot Foxtrot reevaluating
ChatterBot Uniform reevaluating
ChatterBot Sierra reevaluating
ChatterBot Zulu reevaluating
ChatterBot Foxtrot reevaluating
ChatterBot Uniform reevaluating
ChatterBot Sierra reevaluating
ChatterBot Zulu reevaluating
ChatterBot Victor reevaluating
ChatterBot Victor round 2
ChatterBot Yankee round 2
2024-10-14 17:40:19.899510 Sierra: We should add Charlie
ChatterBot Uniform reevaluating
ChatterBot Zulu reevaluating
ChatterBot Victor reevaluating
ChatterBot Romeo reevaluating
ChatterBot Foxtrot reevaluating
2024-10-14 17:40:19.930247 Mike: No
2024-10-14 17:40:19.930487 Uniform: Yes
2024-10-14 17:40:19.930661 Zulu: Yes
2024-10-14 17:40:19.930818 Victor: Yes
2024-10-14 17:40:19.930994 Romeo: Yes
2024-10-14 17:40:19.931555 Foxtrot: No
ChatterBot Uniform reevaluating
ChatterBot Zulu reevaluating
ChatterBot Victor reevaluating
ChatterBot Romeo reevaluating
ChatterBot Foxtrot reevaluating
ChatterBot Sierra reevaluating
ChatterBot Zulu reevaluating
ChatterBot Victor reevaluating
ChatterBot Romeo reevaluating
ChatterBot Foxtrot reevaluating
ChatterBot Sierra reevaluating
ChatterBot Uniform reevaluating
ChatterBot Victor reevaluating
ChatterBot Romeo reevaluating
ChatterBot Foxtrot reevaluating
ChatterBot Sierra reevaluating
ChatterBot Uniform reevaluating
ChatterBot Zulu reevaluating
ChatterBot Romeo reevaluating
ChatterBot Foxtrot reevaluating
ChatterBot Sierra reevaluating
ChatterBot Mike reevaluating
ChatterBot Uniform reevaluating
ChatterBot Zulu reevaluating
ChatterBot Victor reevaluating
ChatterBot Foxtrot reevaluating
ChatterBot Sierra reevaluating
ChatterBot Mike reevaluating
ChatterBot Uniform reevaluating
ChatterBot Zulu reevaluating
ChatterBot Victor reevaluating
ChatterBot Romeo reevaluating
ChatterBot Sierra reevaluating
ChatterBot Foxtrot round 2
ChatterBot Charlie round 2
2024-10-14 17:40:20.120562 Hotel: Friends?
ChatterBot Yankee reevaluating
ChatterBot Uniform reevaluating
2024-10-14 17:40:20.128339 Yankee: No
2024-10-14 17:40:20.128509 Uniform: No
ChatterBot Hotel reevaluating
ChatterBot Uniform reevaluating
ChatterBot Hotel reevaluating
ChatterBot Yankee reevaluating
2024-10-14 17:40:20.159602 Zulu: We should replace Uniform with Charlie
ChatterBot Mike reevaluating
ChatterBot Romeo reevaluating
ChatterBot Victor reevaluating
ChatterBot Foxtrot reevaluating
2024-10-14 17:40:20.188724 Mike: No
2024-10-14 17:40:20.189503 Sierra: No
2024-10-14 17:40:20.189703 Romeo: No
2024-10-14 17:40:20.189853 Victor: No
2024-10-14 17:40:20.190037 Foxtrot: No
ChatterBot Zulu reevaluating
ChatterBot Romeo reevaluating
ChatterBot Victor reevaluating
ChatterBot Foxtrot reevaluating
ChatterBot Zulu reevaluating
ChatterBot Mike reevaluating
ChatterBot Romeo reevaluating
ChatterBot Victor reevaluating
ChatterBot Foxtrot reevaluating
ChatterBot Zulu reevaluating
ChatterBot Mike reevaluating
ChatterBot Victor reevaluating
ChatterBot Foxtrot reevaluating
ChatterBot Zulu reevaluating
ChatterBot Mike reevaluating
ChatterBot Romeo reevaluating
ChatterBot Foxtrot reevaluating
ChatterBot Zulu reevaluating
ChatterBot Mike reevaluating
ChatterBot Romeo reevaluating
ChatterBot Victor reevaluating
2024-10-14 17:40:20.340558 Foxtrot: We should add Charlie
ChatterBot Mike reevaluating
ChatterBot Uniform reevaluating
ChatterBot Zulu reevaluating
ChatterBot Victor reevaluating
ChatterBot Romeo reevaluating
2024-10-14 17:40:20.374325 Mike: Yes
2024-10-14 17:40:20.375029 Uniform: Yes
2024-10-14 17:40:20.375223 Zulu: Yes
2024-10-14 17:40:20.375364 Victor: Yes
2024-10-14 17:40:20.375520 Romeo: Yes
2024-10-14 17:40:20.375696 Sierra: Yes
ChatterBot Uniform reevaluating
ChatterBot Zulu reevaluating
ChatterBot Victor reevaluating
ChatterBot Romeo reevaluating
ChatterBot Foxtrot reevaluating
ChatterBot Mike reevaluating
ChatterBot Zulu reevaluating
ChatterBot Victor reevaluating
ChatterBot Romeo reevaluating
ChatterBot Foxtrot reevaluating
ChatterBot Mike reevaluating
ChatterBot Uniform reevaluating
ChatterBot Victor reevaluating
ChatterBot Romeo reevaluating
ChatterBot Foxtrot reevaluating
ChatterBot Mike reevaluating
ChatterBot Uniform reevaluating
ChatterBot Zulu reevaluating
ChatterBot Romeo reevaluating
ChatterBot Foxtrot reevaluating
ChatterBot Mike reevaluating
ChatterBot Uniform reevaluating
ChatterBot Zulu reevaluating
ChatterBot Victor reevaluating
ChatterBot Foxtrot reevaluating
ChatterBot Mike reevaluating
ChatterBot Uniform reevaluating
ChatterBot Zulu reevaluating
ChatterBot Victor reevaluating
ChatterBot Romeo reevaluating
ChatterBot Foxtrot reevaluating
2024-10-14 17:40:20.570347 Victor: We should replace Romeo with Charlie
ChatterBot Uniform reevaluating
ChatterBot Mike reevaluating
ChatterBot Zulu reevaluating
2024-10-14 17:40:20.667846 Uniform: Yes
2024-10-14 17:40:20.668056 Mike: Yes
2024-10-14 17:40:20.668278 Sierra: No
2024-10-14 17:40:20.668976 Zulu: Yes
2024-10-14 17:40:20.669192 Foxtrot: No
ChatterBot Mike reevaluating
ChatterBot Zulu reevaluating
ChatterBot Uniform reevaluating
ChatterBot Zulu reevaluating
ChatterBot Uniform reevaluating
ChatterBot Mike reevaluating
ChatterBot Zulu reevaluating
ChatterBot Uniform reevaluating
ChatterBot Mike reevaluating
ChatterBot Uniform reevaluating
ChatterBot Mike reevaluating
ChatterBot Zulu reevaluating
2024-10-14 17:40:20.806236 Charlie: We should add Mike and Foxtrot
ChatterBot Romeo reevaluating
ChatterBot Zulu reevaluating
ChatterBot Uniform reevaluating
2024-10-14 17:40:20.822844 Sierra: Yes
2024-10-14 17:40:20.822987 Victor: Yes
2024-10-14 17:40:20.823093 Romeo: Yes
2024-10-14 17:40:20.823238 Zulu: Yes
2024-10-14 17:40:20.823690 Uniform: Yes
ChatterBot Charlie reevaluating
ChatterBot Romeo reevaluating
ChatterBot Zulu reevaluating
ChatterBot Uniform reevaluating
ChatterBot Charlie reevaluating
ChatterBot Romeo reevaluating
ChatterBot Zulu reevaluating
ChatterBot Uniform reevaluating
ChatterBot Charlie reevaluating
ChatterBot Zulu reevaluating
ChatterBot Uniform reevaluating
ChatterBot Charlie reevaluating
ChatterBot Romeo reevaluating
ChatterBot Uniform reevaluating
ChatterBot Charlie reevaluating
ChatterBot Romeo reevaluating
ChatterBot Zulu reevaluating
2024-10-14 17:40:20.916330 Sierra: Charlie we want you to join our group
ChatterBot Charlie reevaluating
2024-10-14 17:40:20.920526 Charlie: Yes
ChatterBot Mike reevaluating
ChatterBot Uniform reevaluating
ChatterBot Zulu reevaluating
ChatterBot Romeo reevaluating
2024-10-14 17:40:20.944650 Uniform: We should replace Victor with Charlie
ChatterBot Mike reevaluating
ChatterBot Zulu reevaluating
ChatterBot Romeo reevaluating
2024-10-14 17:40:20.961508 Mike: No
2024-10-14 17:40:20.961701 Sierra: No
2024-10-14 17:40:20.961807 Zulu: No
2024-10-14 17:40:20.961927 Romeo: No
2024-10-14 17:40:20.962029 Foxtrot: No
ChatterBot Uniform reevaluating
ChatterBot Zulu reevaluating
ChatterBot Romeo reevaluating
ChatterBot Uniform reevaluating
ChatterBot Mike reevaluating
ChatterBot Zulu reevaluating
ChatterBot Romeo reevaluating
ChatterBot Uniform reevaluating
ChatterBot Mike reevaluating
ChatterBot Romeo reevaluating
ChatterBot Uniform reevaluating
ChatterBot Mike reevaluating
ChatterBot Zulu reevaluating
ChatterBot Uniform reevaluating
ChatterBot Mike reevaluating
ChatterBot Zulu reevaluating
ChatterBot Romeo reevaluating
2024-10-14 17:40:21.073881 Victor: Charlie we want you to join our group
ChatterBot Charlie reevaluating
2024-10-14 17:40:21.080185 Charlie: Yes
ChatterBot Mike reevaluating
ChatterBot Uniform reevaluating
ChatterBot Zulu reevaluating
2024-10-14 17:40:21.115529 Foxtrot: Charlie we want you to join our group
ChatterBot Charlie reevaluating
2024-10-14 17:40:21.121807 Charlie: Yes
ChatterBot Mike reevaluating
ChatterBot Uniform reevaluating
ChatterBot Zulu reevaluating
2024-10-14 17:40:21.193801 Yankee: Sending you 16
chatterbot Victor submitting transactions
2024-10-14 17:40:21.194214 Romeo: Charlie we want you to join our group
ChatterBot Charlie reevaluating
2024-10-14 17:40:21.227925 Charlie: Yes
ChatterBot Mike reevaluating
ChatterBot Uniform reevaluating
chatterbot Sierra submitting transactions
2024-10-14 17:40:21.258023 Hotel: Romeo, sending you 1
2024-10-14 17:40:21.258940 Zulu: Charlie we want you to join our group
ChatterBot Charlie reevaluating
2024-10-14 17:40:21.263841 Charlie: Yes
ChatterBot Mike reevaluating
2024-10-14 17:40:21.295820 Sierra: Mike and Uniform, sending you 2
2024-10-14 17:40:21.296711 Hotel: Yankee, sending you 8
2024-10-14 17:40:21.298095 Uniform: Charlie we want you to join our group
ChatterBot Charlie reevaluating
2024-10-14 17:40:21.305027 Charlie: Yes
ChatterBot Mike reevaluating
2024-10-14 17:40:21.336792 Victor: Mike and Sierra, sending you 1
2024-10-14 17:40:21.338226 Sierra: Zulu, sending you 3
2024-10-14 17:40:21.350807 Foxtrot: Mike, Uniform, Sierra, Zulu, Romeo and Victor, sending you 3
2024-10-14 17:40:21.352862 Victor: Uniform and Foxtrot, sending you 2
2024-10-14 17:40:21.354648 Mike: Charlie we want you to join our group
ChatterBot Charlie reevaluating
2024-10-14 17:40:21.361350 Charlie: Yes
ChatterBot Mike reevaluating
ChatterBot Uniform reevaluating
ChatterBot Zulu reevaluating
2024-10-14 17:40:21.384748 Sierra: Romeo, Victor and Foxtrot, sending you 1
2024-10-14 17:40:21.385257 Romeo: Uniform, sending you 2
2024-10-14 17:40:21.386065 Foxtrot: Charlie, sending you 2
2024-10-14 17:40:21.386376 Victor: Charlie, sending you 3
chatterbot Hotel submitting transactions
2024-10-14 17:40:21.400584 Romeo: Zulu, sending you 1
2024-10-14 17:40:21.405685 Romeo: Foxtrot and Charlie, sending you 3
2024-10-14 17:40:21.416602 Charlie: Mike and Foxtrot we want you to join our group
ChatterBot Mike reevaluating
2024-10-14 17:40:21.428835 Mike: No
2024-10-14 17:40:21.429061 Foxtrot: Yes
ChatterBot Uniform reevaluating
ChatterBot Zulu reevaluating
ChatterBot Charlie reevaluating
ChatterBot Mike reevaluating
ChatterBot Uniform reevaluating
ChatterBot Zulu reevaluating
ChatterBot Charlie reevaluating
2024-10-14 17:40:21.932640 Uniform: Mike and Romeo, sending you 2
2024-10-14 17:40:21.933672 Mike: Uniform, Sierra, Zulu, Victor and Foxtrot, sending you 2
2024-10-14 17:40:21.934991 Zulu: Mike, Uniform and Sierra, sending you 2
chatterbot Yankee submitting transactions
chatterbot Foxtrot submitting transactions
2024-10-14 17:40:21.940370 Uniform: Sierra, Zulu and Charlie, sending you 3
2024-10-14 17:40:21.940865 Charlie: Mike, Uniform, Sierra, Zulu, Romeo and Victor, sending you 3
2024-10-14 17:40:21.941772 Zulu: Victor and Foxtrot, sending you 3
2024-10-14 17:40:21.944873 Charlie: Foxtrot, sending you 1
2024-10-14 17:40:21.945221 Zulu: Charlie, sending you 4
chatterbot Charlie submitting transactions
chatterbot Zulu submitting transactions
chatterbot Romeo submitting transactions
chatterbot Mike submitting transactions
chatterbot Uniform submitting transactions
ChatterBot Mike round 3
ChatterBot Uniform round 3
ChatterBot Sierra round 3
ChatterBot Zulu round 3
ChatterBot Hotel round 3
ChatterBot Romeo round 3
ChatterBot Victor round 3
ChatterBot Yankee round 3
ChatterBot Foxtrot round 3
2024-10-14 17:40:22.866040 Mike: We should add Romeo
ChatterBot Uniform reevaluating
2024-10-14 17:40:22.900585 Charlie: Yes
2024-10-14 17:40:22.900830 Uniform: No
2024-10-14 17:40:22.901117 Sierra: Yes
2024-10-14 17:40:22.901809 Zulu: No
2024-10-14 17:40:22.901990 Victor: No
2024-10-14 17:40:22.902164 Foxtrot: Yes
ChatterBot Uniform reevaluating
ChatterBot Zulu reevaluating
ChatterBot Zulu reevaluating
ChatterBot Uniform reevaluating
ChatterBot Zulu reevaluating
ChatterBot Mike reevaluating
ChatterBot Uniform reevaluating
ChatterBot Mike reevaluating
ChatterBot Uniform reevaluating
ChatterBot Zulu reevaluating
ChatterBot Mike reevaluating
ChatterBot Uniform reevaluating
ChatterBot Zulu reevaluating
2024-10-14 17:40:23.033909 Zulu: We should replace Victor with Romeo
ChatterBot Uniform reevaluating
ChatterBot Mike reevaluating
2024-10-14 17:40:23.047777 Uniform: Yes
2024-10-14 17:40:23.047929 Mike: No
2024-10-14 17:40:23.048371 Sierra: No
2024-10-14 17:40:23.048477 Foxtrot: No
2024-10-14 17:40:23.048574 Charlie: No
ChatterBot Mike reevaluating
ChatterBot Zulu reevaluating
ChatterBot Uniform reevaluating
ChatterBot Zulu reevaluating
ChatterBot Uniform reevaluating
ChatterBot Mike reevaluating
ChatterBot Zulu reevaluating
ChatterBot Uniform reevaluating
ChatterBot Mike reevaluating
ChatterBot Zulu reevaluating
ChatterBot Uniform reevaluating
ChatterBot Mike reevaluating
ChatterBot Zulu reevaluating
ChatterBot Charlie round 3
2024-10-14 17:40:23.143024 Uniform: We should replace Romeo with Victor
ChatterBot Mike reevaluating
2024-10-14 17:40:23.157335 Mike: No
2024-10-14 17:40:23.157530 Sierra: No
2024-10-14 17:40:23.157662 Zulu: Yes
2024-10-14 17:40:23.157784 Foxtrot: No
2024-10-14 17:40:23.157889 Charlie: No
ChatterBot Uniform reevaluating
ChatterBot Uniform reevaluating
ChatterBot Mike reevaluating
ChatterBot Uniform reevaluating
ChatterBot Mike reevaluating
ChatterBot Uniform reevaluating
ChatterBot Mike reevaluating
ChatterBot Uniform reevaluating
ChatterBot Mike reevaluating
2024-10-14 17:40:23.235761 Mike: Romeo we want you to join our group
2024-10-14 17:40:23.239323 Romeo: Yes
2024-10-14 17:40:23.260689 Sierra: Mike, Uniform, Zulu and Foxtrot, sending you 2
2024-10-14 17:40:23.264692 Sierra: Victor and Charlie, sending you 1
2024-10-14 17:40:23.265302 Hotel: Romeo, sending you 1
2024-10-14 17:40:23.265679 Yankee: Sending you 17
2024-10-14 17:40:23.266666 Romeo: Uniform, sending you 2
2024-10-14 17:40:23.267212 Victor: Mike, Uniform and Sierra, sending you 1
2024-10-14 17:40:23.267682 Foxtrot: Mike, Uniform, Sierra, Zulu, Romeo and Victor, sending you 3
2024-10-14 17:40:23.269666 Hotel: Yankee, sending you 7
2024-10-14 17:40:23.270678 Romeo: Zulu, sending you 1
2024-10-14 17:40:23.271685 Foxtrot: Charlie, sending you 2
2024-10-14 17:40:23.272682 Victor: Zulu, Foxtrot and Charlie, sending you 2
2024-10-14 17:40:23.274709 Romeo: Foxtrot and Charlie, sending you 3
2024-10-14 17:40:23.275769 Zulu: Mike and Victor, sending you 2
2024-10-14 17:40:23.276686 Mike: Uniform, Zulu, Romeo, Victor and Charlie, sending you 1
2024-10-14 17:40:23.278668 Charlie: Mike, Uniform, Romeo, Victor and Foxtrot, sending you 3
2024-10-14 17:40:23.279273 Zulu: Uniform, Sierra, Foxtrot and Charlie, sending you 3
2024-10-14 17:40:23.279761 Uniform: Mike, Sierra, Romeo, Foxtrot and Charlie, sending you 2
2024-10-14 17:40:23.280586 Mike: Sierra, sending you 2
2024-10-14 17:40:23.283677 Charlie: Zulu, sending you 4
2024-10-14 17:40:23.284159 Mike: Foxtrot, sending you 3
2024-10-14 17:40:23.284671 Uniform: Zulu, sending you 3
chatterbot Romeo submitting transactions
chatterbot Victor submitting transactions
chatterbot Foxtrot submitting transactions
chatterbot Hotel submitting transactions
chatterbot Mike submitting transactions
chatterbot Sierra submitting transactions
chatterbot Charlie submitting transactions
chatterbot Yankee submitting transactions
chatterbot Uniform submitting transactions
chatterbot Zulu submitting transactions
ChatterBot Mike round 4
ChatterBot Uniform round 4
ChatterBot Sierra round 4
ChatterBot Zulu round 4
ChatterBot Hotel round 4
ChatterBot Romeo round 4
ChatterBot Victor round 4
ChatterBot Yankee round 4
ChatterBot Foxtrot round 4
ChatterBot Charlie round 4
2024-10-14 17:40:24.462779 Hotel: We should replace Romeo with Mike
2024-10-14 17:40:24.465703 Yankee: No
ChatterBot Hotel reevaluating
2024-10-14 17:40:24.485675 Uniform: Mike, Sierra, Romeo, Foxtrot and Charlie, sending you 2
2024-10-14 17:40:24.486393 Mike: Uniform, Romeo, Victor and Charlie, sending you 1
2024-10-14 17:40:24.490051 Uniform: Zulu, sending you 3
2024-10-14 17:40:24.490733 Mike: Sierra, Zulu and Foxtrot, sending you 2
2024-10-14 17:40:24.491801 Foxtrot: Mike, Uniform, Sierra, Zulu, Romeo and Victor, sending you 3
2024-10-14 17:40:24.496751 Charlie: Mike, sending you 1
2024-10-14 17:40:24.497861 Sierra: Mike, Uniform, Zulu and Foxtrot, sending you 2
2024-10-14 17:40:24.498727 Foxtrot: Charlie, sending you 2
2024-10-14 17:40:24.500202 Zulu: Mike and Victor, sending you 2
2024-10-14 17:40:24.501701 Yankee: Same as last round
2024-10-14 17:40:24.502136 Charlie: Uniform, Sierra, Zulu, Romeo, Victor and Foxtrot, sending you 3
2024-10-14 17:40:24.504166 Sierra: Victor and Charlie, sending you 1
2024-10-14 17:40:24.505578 Romeo: Uniform, sending you 2
2024-10-14 17:40:24.506568 Zulu: Uniform, Sierra, Foxtrot and Charlie, sending you 3
2024-10-14 17:40:24.508425 Victor: Mike, Uniform and Sierra, sending you 1
2024-10-14 17:40:24.509824 Romeo: Foxtrot and Charlie, sending you 3
2024-10-14 17:40:24.511055 Hotel: Romeo, sending you 1
2024-10-14 17:40:24.514663 Victor: Zulu, Foxtrot and Charlie, sending you 2
2024-10-14 17:40:24.516826 Hotel: Yankee, sending you 6
chatterbot Uniform submitting transactions
chatterbot Charlie submitting transactions
chatterbot Victor submitting transactions
chatterbot Romeo submitting transactions
chatterbot Foxtrot submitting transactions
chatterbot Sierra submitting transactions
chatterbot Yankee submitting transactions
chatterbot Mike submitting transactions
chatterbot Zulu submitting transactions
chatterbot Hotel submitting transactions
ChatterBot Mike round 5
ChatterBot Uniform round 5
ChatterBot Sierra round 5
ChatterBot Zulu round 5
ChatterBot Hotel round 5
ChatterBot Romeo round 5
ChatterBot Victor round 5
2024-10-14 17:40:25.550273 Hotel: We should replace Romeo with Mike
2024-10-14 17:40:25.555399 Yankee: No
ChatterBot Hotel reevaluating
ChatterBot Yankee round 5
ChatterBot Foxtrot round 5
ChatterBot Charlie round 5
2024-10-14 17:40:25.584916 Hotel: We should replace Romeo with Victor
2024-10-14 17:40:25.588561 Yankee: No
ChatterBot Hotel reevaluating
2024-10-14 17:40:25.606819 Victor: Mike, Uniform and Sierra, sending you 1
2024-10-14 17:40:25.613189 Victor: Zulu, Foxtrot and Charlie, sending you 2
2024-10-14 17:40:25.614369 Mike: Uniform, Romeo, Victor and Charlie, sending you 1
2024-10-14 17:40:25.616688 Foxtrot: Mike, Sierra, Zulu, Romeo, Victor and Charlie, sending you 3
2024-10-14 17:40:25.619168 Uniform: Mike, Sierra, Romeo, Foxtrot and Charlie, sending you 2
2024-10-14 17:40:25.620416 Zulu: Mike and Victor, sending you 2
2024-10-14 17:40:25.621622 Mike: Sierra, Zulu and Foxtrot, sending you 2
2024-10-14 17:40:25.623292 Foxtrot: Uniform, sending you 2
2024-10-14 17:40:25.624460 Sierra: Mike, Uniform, Zulu and Foxtrot, sending you 2
2024-10-14 17:40:25.626879 Yankee: Same as last round
2024-10-14 17:40:25.627512 Uniform: Zulu, sending you 3
2024-10-14 17:40:25.628368 Zulu: Uniform, Sierra, Foxtrot and Charlie, sending you 3
2024-10-14 17:40:25.629498 Romeo: Mike, sending you 1
2024-10-14 17:40:25.631687 Sierra: Victor and Charlie, sending you 1
2024-10-14 17:40:25.633366 Hotel: Romeo, sending you 1
2024-10-14 17:40:25.634445 Romeo: Uniform, sending you 2
2024-10-14 17:40:25.635599 Charlie: Mike, sending you 1
2024-10-14 17:40:25.637030 Hotel: Yankee, sending you 5
2024-10-14 17:40:25.637711 Romeo: Foxtrot and Charlie, sending you 3
2024-10-14 17:40:25.641661 Charlie: Uniform, Sierra, Zulu, Romeo, Victor and Foxtrot, sending you 3
chatterbot Mike submitting transactions
chatterbot Yankee submitting transactions
chatterbot Charlie submitting transactions
chatterbot Uniform submitting transactions
chatterbot Victor submitting transactions
chatterbot Romeo submitting transactions
chatterbot Sierra submitting transactions
chatterbot Zulu submitting transactions
chatterbot Foxtrot submitting transactions
chatterbot Hotel submitting transactions
ChatterBot Mike round 6
ChatterBot Uniform round 6
ChatterBot Sierra round 6
ChatterBot Zulu round 6
ChatterBot Hotel round 6
ChatterBot Romeo round 6
ChatterBot Victor round 6
ChatterBot Yankee round 6
ChatterBot Foxtrot round 6
ChatterBot Charlie round 6
2024-10-14 17:40:26.942877 Hotel: Romeo, sending you 1
2024-10-14 17:40:26.946658 Yankee: Same as last round
2024-10-14 17:40:26.947472 Hotel: Yankee, sending you 4
2024-10-14 17:40:26.948252 Zulu: Mike and Victor, sending you 2
2024-10-14 17:40:26.951683 Romeo: Mike, sending you 1
2024-10-14 17:40:26.953604 Zulu: Uniform, Sierra, Foxtrot and Charlie, sending you 3
2024-10-14 17:40:26.955080 Victor: Mike and Sierra, sending you 1
2024-10-14 17:40:26.956880 Sierra: Mike, Uniform, Zulu and Foxtrot, sending you 2
2024-10-14 17:40:26.959532 Mike: Uniform, Sierra and Foxtrot, sending you 2
2024-10-14 17:40:26.961384 Uniform: Mike, Sierra, Romeo, Foxtrot and Charlie, sending you 2
2024-10-14 17:40:26.963500 Foxtrot: Mike, Sierra, Zulu, Romeo, Victor and Charlie, sending you 3
2024-10-14 17:40:26.965908 Charlie: Mike, sending you 1
2024-10-14 17:40:26.967481 Romeo: Uniform, sending you 2
2024-10-14 17:40:26.968361 Victor: Zulu and Charlie, sending you 2
2024-10-14 17:40:26.969492 Sierra: Victor and Charlie, sending you 1
2024-10-14 17:40:26.970227 Mike: Zulu, Romeo, Victor and Charlie, sending you 1
2024-10-14 17:40:26.970980 Uniform: Zulu, sending you 3
2024-10-14 17:40:26.971864 Foxtrot: Uniform, sending you 2
2024-10-14 17:40:26.972591 Charlie: Uniform, Sierra, Zulu, Romeo, Victor and Foxtrot, sending you 3
2024-10-14 17:40:26.973348 Victor: Foxtrot, sending you 3
2024-10-14 17:40:26.973920 Romeo: Foxtrot and Charlie, sending you 3
chatterbot Victor submitting transactions
chatterbot Mike submitting transactions
chatterbot Foxtrot submitting transactions
chatterbot Yankee submitting transactions
chatterbot Romeo submitting transactions
chatterbot Charlie submitting transactions
chatterbot Hotel submitting transactions
chatterbot Zulu submitting transactions
chatterbot Sierra submitting transactions
chatterbot Uniform submitting transactions
ChatterBot Mike round 7
ChatterBot Uniform round 7
ChatterBot Sierra round 7
ChatterBot Zulu round 7
ChatterBot Hotel round 7
ChatterBot Romeo round 7
ChatterBot Victor round 7
ChatterBot Yankee round 7
ChatterBot Foxtrot round 7
ChatterBot Charlie round 7
2024-10-14 17:40:28.275722 Sierra: Mike, Uniform, Zulu and Foxtrot, sending you 2
2024-10-14 17:40:28.277665 Victor: Mike and Sierra, sending you 1
2024-10-14 17:40:28.279648 Uniform: Mike, Sierra, Romeo, Foxtrot and Charlie, sending you 2
2024-10-14 17:40:28.281679 Zulu: Mike and Victor, sending you 2
2024-10-14 17:40:28.283427 Sierra: Victor and Charlie, sending you 1
2024-10-14 17:40:28.285287 Victor: Zulu and Charlie, sending you 2
2024-10-14 17:40:28.287697 Hotel: Romeo, sending you 1
2024-10-14 17:40:28.288408 Uniform: Zulu, sending you 3
2024-10-14 17:40:28.290608 Zulu: Uniform, Sierra, Foxtrot and Charlie, sending you 3
2024-10-14 17:40:28.293772 Foxtrot: Mike, Sierra, Zulu, Romeo, Victor and Charlie, sending you 3
2024-10-14 17:40:28.297428 Romeo: Mike, sending you 1
2024-10-14 17:40:28.300660 Mike: Uniform, Sierra and Foxtrot, sending you 2
2024-10-14 17:40:28.302772 Yankee: Same as last round
2024-10-14 17:40:28.303253 Hotel: Yankee, sending you 4
2024-10-14 17:40:28.304323 Victor: Foxtrot, sending you 3
2024-10-14 17:40:28.306842 Foxtrot: Uniform, sending you 2
2024-10-14 17:40:28.309305 Romeo: Uniform, sending you 2
2024-10-14 17:40:28.311812 Mike: Zulu, Romeo, Victor and Charlie, sending you 1
2024-10-14 17:40:28.313896 Charlie: Mike, sending you 1
2024-10-14 17:40:28.316675 Romeo: Foxtrot and Charlie, sending you 3
2024-10-14 17:40:28.318893 Charlie: Uniform, Sierra, Zulu, Romeo, Victor and Foxtrot, sending you 3
chatterbot Zulu submitting transactions
chatterbot Charlie submitting transactions
chatterbot Romeo submitting transactions
chatterbot Uniform submitting transactions
chatterbot Hotel submitting transactions
chatterbot Sierra submitting transactions
chatterbot Foxtrot submitting transactions
chatterbot Yankee submitting transactions
chatterbot Mike submitting transactions
chatterbot Victor submitting transactions
ChatterBot Mike round 8
ChatterBot Uniform round 8
ChatterBot Sierra round 8
ChatterBot Zulu round 8
ChatterBot Hotel round 8
ChatterBot Romeo round 8
ChatterBot Victor round 8
ChatterBot Yankee round 8
ChatterBot Foxtrot round 8
ChatterBot Charlie round 8
2024-10-14 17:40:29.387513 Hotel: We should replace Romeo with Victor
2024-10-14 17:40:29.389754 Yankee: No
2024-10-14 17:40:29.409025 Hotel: Victor we want you to join our group
2024-10-14 17:40:29.412260 Victor: No
ChatterBot Hotel reevaluating
2024-10-14 17:40:29.418150 Hotel: We should replace Romeo with Mike
2024-10-14 17:40:29.420733 Yankee: No
ChatterBot Hotel reevaluating
2024-10-14 17:40:29.427163 Mike: Uniform, Sierra and Foxtrot, sending you 2
2024-10-14 17:40:29.428033 Zulu: Mike and Victor, sending you 2
2024-10-14 17:40:29.428688 Uniform: Mike, Sierra, Romeo, Foxtrot and Charlie, sending you 2
2024-10-14 17:40:29.430251 Hotel: Mike we want you to join our group
ChatterBot Mike reevaluating
2024-10-14 17:40:29.434292 Mike: No
ChatterBot Hotel reevaluating
2024-10-14 17:40:29.441075 Sierra: Mike, Uniform, Zulu, Foxtrot and Charlie, sending you 2
2024-10-14 17:40:29.442088 Zulu: Uniform, Sierra, Foxtrot and Charlie, sending you 3
2024-10-14 17:40:29.442637 Uniform: Zulu, sending you 3
2024-10-14 17:40:29.443671 Foxtrot: Mike, Sierra, Zulu, Romeo, Victor and Charlie, sending you 3
2024-10-14 17:40:29.444868 Victor: Mike and Sierra, sending you 1
2024-10-14 17:40:29.447835 Mike: We should drop Victor
2024-10-14 17:40:29.462572 Uniform: Yes
2024-10-14 17:40:29.462748 Sierra: No
2024-10-14 17:40:29.462890 Zulu: No
2024-10-14 17:40:29.463009 Romeo: No
2024-10-14 17:40:29.463134 Foxtrot: No
2024-10-14 17:40:29.463254 Charlie: No
ChatterBot Mike reevaluating
ChatterBot Mike reevaluating
ChatterBot Mike reevaluating
ChatterBot Mike reevaluating
ChatterBot Mike reevaluating
ChatterBot Mike reevaluating
2024-10-14 17:40:29.541435 Charlie: Mike, sending you 1
2024-10-14 17:40:29.542178 Yankee: Sending you 18
2024-10-14 17:40:29.542430 Romeo: Mike, sending you 1
2024-10-14 17:40:29.543025 Foxtrot: Uniform, sending you 2
2024-10-14 17:40:29.543687 Victor: Zulu and Charlie, sending you 2
2024-10-14 17:40:29.544698 Mike: Victor we want you to join our group
2024-10-14 17:40:29.549259 Victor: No
ChatterBot Mike reevaluating
2024-10-14 17:40:29.575162 Charlie: Uniform, Sierra, Zulu, Romeo, Victor and Foxtrot, sending you 3
2024-10-14 17:40:29.576136 Romeo: Uniform, sending you 2
2024-10-14 17:40:29.582472 Victor: Foxtrot, sending you 3
2024-10-14 17:40:29.584107 Hotel: Romeo, sending you 1
2024-10-14 17:40:29.585691 Romeo: Foxtrot and Charlie, sending you 3
2024-10-14 17:40:29.588682 Hotel: Yankee, sending you 4
chatterbot Uniform submitting transactions
chatterbot Victor submitting transactions
chatterbot Hotel submitting transactions
chatterbot Yankee submitting transactions
chatterbot Romeo submitting transactions
chatterbot Charlie submitting transactions
chatterbot Foxtrot submitting transactions
chatterbot Sierra submitting transactions
chatterbot Mike submitting transactions
chatterbot Zulu submitting transactions
ChatterBot Mike round 9
ChatterBot Uniform round 9
ChatterBot Sierra round 9
ChatterBot Zulu round 9
ChatterBot Hotel round 9
ChatterBot Romeo round 9
ChatterBot Victor round 9
ChatterBot Yankee round 9
ChatterBot Foxtrot round 9
ChatterBot Charlie round 9
2024-10-14 17:40:30.608692 Uniform: Mike, Sierra, Romeo, Foxtrot and Charlie, sending you 2
2024-10-14 17:40:30.613688 Zulu: Mike and Victor, sending you 2
2024-10-14 17:40:30.614666 Uniform: Zulu, sending you 3
2024-10-14 17:40:30.616695 Hotel: Romeo, sending you 1
2024-10-14 17:40:30.617008 Victor: Mike and Sierra, sending you 1
2024-10-14 17:40:30.617595 Zulu: Uniform, Sierra, Foxtrot and Charlie, sending you 3
2024-10-14 17:40:30.619736 Romeo: Mike, sending you 1
2024-10-14 17:40:30.620898 Victor: Zulu and Charlie, sending you 2
2024-10-14 17:40:30.621772 Hotel: Yankee, sending you 3
2024-10-14 17:40:30.622342 Mike: Uniform, Sierra and Foxtrot, sending you 2
2024-10-14 17:40:30.623705 Sierra: Mike, Uniform, Zulu, Foxtrot and Charlie, sending you 2
2024-10-14 17:40:30.624690 Romeo: Uniform, sending you 2
2024-10-14 17:40:30.625655 Yankee: Same as last round
2024-10-14 17:40:30.626231 Charlie: Mike, sending you 1
2024-10-14 17:40:30.627121 Victor: Foxtrot, sending you 3
2024-10-14 17:40:30.627833 Mike: Zulu, Romeo, Victor and Charlie, sending you 1
2024-10-14 17:40:30.629658 Romeo: Foxtrot and Charlie, sending you 3
2024-10-14 17:40:30.630471 Foxtrot: Mike, Sierra, Zulu, Romeo, Victor and Charlie, sending you 3
2024-10-14 17:40:30.631688 Charlie: Uniform, Sierra, Zulu, Romeo, Victor and Foxtrot, sending you 3
2024-10-14 17:40:30.633652 Foxtrot: Uniform, sending you 2
chatterbot Charlie submitting transactions
chatterbot Foxtrot submitting transactions
chatterbot Romeo submitting transactions
chatterbot Victor submitting transactions
chatterbot Hotel submitting transactions
chatterbot Mike submitting transactions
chatterbot Sierra submitting transactions
chatterbot Uniform submitting transactions
chatterbot Zulu submitting transactions
chatterbot Yankee submitting transactions
ChatterBot Mike round 10
ChatterBot Uniform round 10
ChatterBot Sierra round 10
ChatterBot Zulu round 10
ChatterBot Hotel round 10
ChatterBot Romeo round 10
ChatterBot Victor round 10
ChatterBot Yankee round 10
ChatterBot Foxtrot round 10
ChatterBot Charlie round 10
2024-10-14 17:40:31.864635 Hotel: We should replace Romeo with Sierra
2024-10-14 17:40:31.867496 Yankee: No
ChatterBot Hotel reevaluating
2024-10-14 17:40:31.890916 Hotel: We should replace Romeo with Victor
2024-10-14 17:40:31.894460 Yankee: No
ChatterBot Hotel reevaluating
2024-10-14 17:40:31.902659 Sierra: Mike, Uniform, Zulu, Foxtrot and Charlie, sending you 2
2024-10-14 17:40:31.904068 Uniform: Mike, Sierra, Romeo, Foxtrot and Charlie, sending you 2
2024-10-14 17:40:31.907657 Uniform: Zulu, sending you 3
2024-10-14 17:40:31.908679 Victor: Mike and Sierra, sending you 1
2024-10-14 17:40:31.910657 Hotel: Victor we want you to join our group
2024-10-14 17:40:31.912976 Victor: No
ChatterBot Hotel reevaluating
2024-10-14 17:40:31.918229 Charlie: Mike, sending you 1
2024-10-14 17:40:31.918889 Foxtrot: Mike, Sierra, Zulu, Romeo, Victor and Charlie, sending you 3
2024-10-14 17:40:31.920082 Victor: Zulu and Charlie, sending you 2
2024-10-14 17:40:31.921661 Charlie: Uniform, Sierra, Zulu, Romeo, Victor and Foxtrot, sending you 3
2024-10-14 17:40:31.922543 Yankee: Same as last round
2024-10-14 17:40:31.922802 Foxtrot: Uniform, sending you 2
2024-10-14 17:40:31.923936 Mike: Uniform, Sierra and Foxtrot, sending you 2
2024-10-14 17:40:31.924652 Victor: Foxtrot, sending you 3
2024-10-14 17:40:31.925210 Zulu: Mike and Victor, sending you 2
2024-10-14 17:40:31.925813 Romeo: Mike, sending you 1
2024-10-14 17:40:31.927729 Hotel: Sierra we want you to join our group
2024-10-14 17:40:31.931087 Sierra: No
ChatterBot Hotel reevaluating
2024-10-14 17:40:31.937278 Mike: Zulu, Romeo, Victor and Charlie, sending you 1
2024-10-14 17:40:31.938515 Zulu: Uniform, Sierra, Foxtrot and Charlie, sending you 3
2024-10-14 17:40:31.939242 Romeo: Uniform, sending you 2
2024-10-14 17:40:31.944704 Romeo: Foxtrot and Charlie, sending you 3
2024-10-14 17:40:31.969661 Hotel: Victor, sending you 1
2024-10-14 17:40:31.973414 Hotel: Yankee, sending you 3
chatterbot Sierra submitting transactions
chatterbot Yankee submitting transactions
chatterbot Mike submitting transactions
chatterbot Foxtrot submitting transactions
chatterbot Uniform submitting transactions
chatterbot Charlie submitting transactions
chatterbot Romeo submitting transactions
chatterbot Victor submitting transactions
chatterbot Hotel submitting transactions
chatterbot Zulu submitting transactions
ChatterBot Mike round 11
ChatterBot Uniform round 11
ChatterBot Sierra round 11
ChatterBot Zulu round 11
ChatterBot Hotel round 11
ChatterBot Romeo round 11
ChatterBot Victor round 11
ChatterBot Yankee round 11
ChatterBot Foxtrot round 11
2024-10-14 17:40:33.037773 Hotel: We should replace Victor with Romeo
2024-10-14 17:40:33.042437 Yankee: No
ChatterBot Hotel reevaluating
ChatterBot Charlie round 11
2024-10-14 17:40:33.077928 Hotel: We should replace Victor with Sierra
2024-10-14 17:40:33.081838 Yankee: No
ChatterBot Hotel reevaluating
2024-10-14 17:40:33.090853 Hotel: We should replace Victor with Mike
2024-10-14 17:40:33.094361 Yankee: No
ChatterBot Hotel reevaluating
2024-10-14 17:40:33.098960 Romeo: Mike, sending you 1
2024-10-14 17:40:33.102682 Zulu: Mike and Victor, sending you 2
2024-10-14 17:40:33.103489 Yankee: Same as last round
2024-10-14 17:40:33.104015 Sierra: Mike, Uniform, Zulu, Foxtrot and Charlie, sending you 2
2024-10-14 17:40:33.105479 Uniform: Mike, Sierra, Romeo, Foxtrot and Charlie, sending you 2
2024-10-14 17:40:33.106234 Victor: Mike and Sierra, sending you 1
2024-10-14 17:40:33.107031 Foxtrot: Mike, Sierra, Zulu, Romeo, Victor and Charlie, sending you 3
2024-10-14 17:40:33.108089 Romeo: Uniform, sending you 2
2024-10-14 17:40:33.109434 Mike: Uniform, Sierra and Foxtrot, sending you 2
2024-10-14 17:40:33.110517 Zulu: Uniform, Sierra, Foxtrot and Charlie, sending you 3
2024-10-14 17:40:33.111541 Hotel: Romeo we want you to join our group
2024-10-14 17:40:33.115118 Romeo: No
ChatterBot Hotel reevaluating
2024-10-14 17:40:33.123119 Victor: Zulu and Charlie, sending you 2
2024-10-14 17:40:33.124148 Uniform: Zulu, sending you 3
2024-10-14 17:40:33.124990 Foxtrot: Uniform, sending you 2
