ChatterBot Zulu round 1
ChatterBot Delta round 1
ChatterBot Hotel round 1
ChatterBot Oscar round 1
ChatterBot Tango round 1
ChatterBot Bravo round 1
ChatterBot Lima round 1
ChatterBot Juliett round 1
ChatterBot Victor round 1
ChatterBot Charlie round 1
randomSelections Juliett: {Juliett, Delta, Victor, Charlie, Oscar, Zulu, Lima} 
2024-10-14 17:40:18.122646 Juliett: We would work well together
ChatterBot Delta reevaluating
ChatterBot Victor reevaluating
ChatterBot Charlie reevaluating
ChatterBot Oscar reevaluating
ChatterBot Zulu reevaluating
ChatterBot Lima reevaluating
2024-10-14 17:40:18.219890 Delta: Yes
2024-10-14 17:40:18.220228 Victor: Yes
2024-10-14 17:40:18.220520 Charlie: Yes
2024-10-14 17:40:18.220733 Oscar: Yes
2024-10-14 17:40:18.221821 Zulu: Yes
2024-10-14 17:40:18.222099 Lima: Yes
ChatterBot Victor reevaluating
ChatterBot Charlie reevaluating
ChatterBot Oscar reevaluating
ChatterBot Zulu reevaluating
ChatterBot Lima reevaluating
ChatterBot Delta reevaluating
ChatterBot Charlie reevaluating
ChatterBot Oscar reevaluating
ChatterBot Zulu reevaluating
ChatterBot Lima reevaluating
ChatterBot Delta reevaluating
ChatterBot Victor reevaluating
ChatterBot Oscar reevaluating
ChatterBot Zulu reevaluating
ChatterBot Lima reevaluating
ChatterBot Delta reevaluating
ChatterBot Victor reevaluating
ChatterBot Charlie reevaluating
ChatterBot Zulu reevaluating
ChatterBot Lima reevaluating
ChatterBot Delta reevaluating
ChatterBot Victor reevaluating
ChatterBot Charlie reevaluating
ChatterBot Oscar reevaluating
ChatterBot Lima reevaluating
ChatterBot Delta reevaluating
ChatterBot Victor reevaluating
ChatterBot Charlie reevaluating
ChatterBot Oscar reevaluating
ChatterBot Zulu reevaluating
randomSelections Tango: {Tango, Delta, Juliett, Bravo, Zulu, Hotel} 
2024-10-14 17:40:18.303827 Tango: Can we be friends?
ChatterBot Delta reevaluating
ChatterBot Bravo reevaluating
ChatterBot Zulu reevaluating
ChatterBot Hotel reevaluating
2024-10-14 17:40:18.312043 Delta: No
2024-10-14 17:40:18.312209 Juliett: No
2024-10-14 17:40:18.312373 Bravo: Yes
2024-10-14 17:40:18.312470 Zulu: No
2024-10-14 17:40:18.312598 Hotel: Yes
ChatterBot Bravo reevaluating
ChatterBot Zulu reevaluating
ChatterBot Hotel reevaluating
ChatterBot Delta reevaluating
ChatterBot Bravo reevaluating
ChatterBot Zulu reevaluating
ChatterBot Hotel reevaluating
ChatterBot Delta reevaluating
ChatterBot Zulu reevaluating
ChatterBot Hotel reevaluating
ChatterBot Delta reevaluating
ChatterBot Bravo reevaluating
ChatterBot Hotel reevaluating
ChatterBot Delta reevaluating
ChatterBot Bravo reevaluating
ChatterBot Zulu reevaluating
2024-10-14 17:40:18.397686 Juliett: Zulu and Oscar, sending you 2
2024-10-14 17:40:18.398895 Lima: Delta, sending you 2
2024-10-14 17:40:18.400833 Tango: Zulu, sending you 1
2024-10-14 17:40:18.401805 Victor: Zulu, sending you 4
2024-10-14 17:40:18.403168 Juliett: Delta and Lima, sending you 3
2024-10-14 17:40:18.403799 Oscar: Zulu and Juliett, sending you 2
2024-10-14 17:40:18.405121 Lima: Oscar and Charlie, sending you 3
2024-10-14 17:40:18.405602 Delta: Zulu, sending you 3
2024-10-14 17:40:18.406906 Charlie: Zulu, Lima and Victor, sending you 1
2024-10-14 17:40:18.407300 Tango: Delta and Hotel, sending you 2
2024-10-14 17:40:18.407668 Victor: Delta, sending you 5
2024-10-14 17:40:18.408007 Juliett: Victor and Charlie, sending you 5
2024-10-14 17:40:18.409104 Oscar: Delta, sending you 1
2024-10-14 17:40:18.409427 Lima: Juliett, sending you 1
2024-10-14 17:40:18.409796 Charlie: Delta, sending you 2
2024-10-14 17:40:18.410841 Delta: Oscar and Charlie, sending you 1
2024-10-14 17:40:18.411253 Tango: Bravo, sending you 3
2024-10-14 17:40:18.411635 Victor: Oscar and Juliett, sending you 2
2024-10-14 17:40:18.412791 Hotel: Zulu, sending you 4
2024-10-14 17:40:18.413163 Oscar: Lima, sending you 3
2024-10-14 17:40:18.413636 Bravo: Zulu, sending you 2
2024-10-14 17:40:18.414776 Zulu: Delta, sending you 2
2024-10-14 17:40:18.415087 Charlie: Juliett, sending you 5
2024-10-14 17:40:18.415456 Delta: Lima and Victor, sending you 2
2024-10-14 17:40:18.416445 Hotel: Delta, Bravo and Juliett, sending you 2
2024-10-14 17:40:18.418433 Victor: Lima, sending you 6
2024-10-14 17:40:18.418862 Oscar: Victor, sending you 6
2024-10-14 17:40:18.419688 Zulu: Oscar, sending you 3
2024-10-14 17:40:18.419993 Bravo: Delta, sending you 3
2024-10-14 17:40:18.430401 Hotel: Tango, sending you 3
2024-10-14 17:40:18.430879 Zulu: Lima, Juliett and Charlie, sending you 4
2024-10-14 17:40:18.431462 Bravo: Hotel and Juliett, sending you 5
2024-10-14 17:40:18.440074 Zulu: Victor, sending you 1
2024-10-14 17:40:18.441535 Bravo: Tango, sending you 4
chatterbot Charlie submitting transactions
chatterbot Hotel submitting transactions
chatterbot Victor submitting transactions
chatterbot Juliett submitting transactions
chatterbot Delta submitting transactions
chatterbot Tango submitting transactions
chatterbot Lima submitting transactions
chatterbot Oscar submitting transactions
chatterbot Bravo submitting transactions
chatterbot Zulu submitting transactions
ChatterBot Zulu round 2
ChatterBot Delta round 2
ChatterBot Hotel round 2
ChatterBot Oscar round 2
ChatterBot Tango round 2
ChatterBot Bravo round 2
ChatterBot Lima round 2
ChatterBot Juliett round 2
ChatterBot Victor round 2
ChatterBot Charlie round 2
2024-10-14 17:40:19.738100 Tango: Friends?
ChatterBot Hotel reevaluating
2024-10-14 17:40:19.748958 Hotel: Yes
2024-10-14 17:40:19.749165 Bravo: Yes
ChatterBot Hotel reevaluating
2024-10-14 17:40:19.833440 Bravo: We should drop Juliett and Zulu
ChatterBot Hotel reevaluating
2024-10-14 17:40:19.851016 Hotel: Yes
2024-10-14 17:40:19.851304 Tango: Yes
2024-10-14 17:40:19.851625 Delta: No
ChatterBot Hotel reevaluating
ChatterBot Hotel reevaluating
2024-10-14 17:40:19.951006 Juliett: Zulu, sending you 4
2024-10-14 17:40:19.952305 Oscar: Zulu, Lima, Juliett and Victor, sending you 3
2024-10-14 17:40:19.953422 Delta: Zulu, Oscar, Lima and Charlie, sending you 1
2024-10-14 17:40:19.954512 Lima: Zulu, sending you 2
2024-10-14 17:40:19.955161 Zulu: Delta, sending you 4
2024-10-14 17:40:20.101449 Juliett: Delta, sending you 2
2024-10-14 17:40:20.102368 Oscar: Delta, sending you 2
2024-10-14 17:40:20.102774 Delta: Juliett, sending you 2
2024-10-14 17:40:20.103471 Lima: Delta, Oscar, Juliett and Charlie, sending you 1
2024-10-14 17:40:20.103813 Zulu: Oscar and Juliett, sending you 3
2024-10-14 17:40:20.104125 Victor: Zulu, Lima and Charlie, sending you 2
2024-10-14 17:40:20.104822 Charlie: Zulu, Delta, Oscar, Lima and Juliett, sending you 2
2024-10-14 17:40:20.105133 Bravo: Delta, sending you 4
2024-10-14 17:40:20.105348 Tango: Sending you each 4
2024-10-14 17:40:20.105586 Juliett: Oscar, Lima and Victor, sending you 3
2024-10-14 17:40:20.106356 Delta: Victor, sending you 3
2024-10-14 17:40:20.106752 Oscar: Charlie, sending you 1
2024-10-14 17:40:20.536369 Lima: Victor, sending you 3
2024-10-14 17:40:20.537173 Zulu: Lima, sending you 1
2024-10-14 17:40:20.537610 Victor: Delta, sending you 3
2024-10-14 17:40:20.538481 Bravo: Hotel, sending you 7
2024-10-14 17:40:20.538794 Juliett: Charlie, sending you 5
chatterbot Bravo submitting transactions
chatterbot Zulu submitting transactions
2024-10-14 17:40:20.539803 Zulu: Victor, sending you 5
2024-10-14 17:40:20.758464 Victor: Oscar, sending you 6
2024-10-14 17:40:20.759803 Bravo: Tango, sending you 8
2024-10-14 17:40:20.760337 Zulu: Charlie, sending you 2
chatterbot Lima submitting transactions
2024-10-14 17:40:20.764052 Victor: Juliett, sending you 4
chatterbot Oscar submitting transactions
chatterbot Juliett submitting transactions
chatterbot Hotel submitting transactions
chatterbot Tango submitting transactions
chatterbot Delta submitting transactions
chatterbot Victor submitting transactions
chatterbot Charlie submitting transactions
ChatterBot Zulu round 3
ChatterBot Delta round 3
ChatterBot Hotel round 3
ChatterBot Oscar round 3
ChatterBot Tango round 3
ChatterBot Bravo round 3
ChatterBot Lima round 3
ChatterBot Juliett round 3
ChatterBot Victor round 3
ChatterBot Charlie round 3
2024-10-14 17:40:21.141423 Tango: We should add Delta
ChatterBot Hotel reevaluating
2024-10-14 17:40:21.147456 Hotel: Yes
2024-10-14 17:40:21.149301 Bravo: Yes
ChatterBot Tango reevaluating
ChatterBot Tango reevaluating
ChatterBot Hotel reevaluating
2024-10-14 17:40:21.294153 Zulu: Delta, Oscar and Victor, sending you 3
2024-10-14 17:40:21.295098 Oscar: Zulu, Lima, Juliett, Victor and Charlie, sending you 3
2024-10-14 17:40:21.296274 Victor: Zulu, Delta and Lima, sending you 3
2024-10-14 17:40:21.297397 Delta: Zulu, Juliett and Victor, sending you 2
2024-10-14 17:40:21.298660 Hotel: Tango, sending you 6
2024-10-14 17:40:21.299033 Bravo: Delta, sending you 4
2024-10-14 17:40:21.299454 Charlie: Zulu, Delta, Lima, Juliett and Victor, sending you 2
2024-10-14 17:40:21.300684 Oscar: Delta, sending you 2
2024-10-14 17:40:21.301778 Zulu: Lima and Charlie, sending you 2
2024-10-14 17:40:21.302767 Victor: Oscar and Juliett, sending you 4
2024-10-14 17:40:21.303644 Delta: Oscar, Lima and Charlie, sending you 1
2024-10-14 17:40:21.304840 Bravo: Hotel, sending you 8
2024-10-14 17:40:21.305488 Juliett: Zulu, Victor and Charlie, sending you 4
2024-10-14 17:40:21.306675 Lima: Zulu, Delta and Charlie, sending you 1
2024-10-14 17:40:21.308223 Hotel: Bravo, sending you 7
2024-10-14 17:40:21.309155 Tango: Same as last round
2024-10-14 17:40:21.309603 Zulu: Juliett, sending you 5
2024-10-14 17:40:21.310663 Victor: Charlie, sending you 2
2024-10-14 17:40:21.311716 Bravo: Tango, sending you 7
2024-10-14 17:40:21.312335 Lima: Oscar, Juliett and Victor, sending you 2
2024-10-14 17:40:21.313551 Juliett: Delta and Oscar, sending you 3
2024-10-14 17:40:21.349493 Juliett: Lima, sending you 2
chatterbot Oscar submitting transactions
chatterbot Delta submitting transactions
chatterbot Charlie submitting transactions
chatterbot Juliett submitting transactions
chatterbot Lima submitting transactions
chatterbot Hotel submitting transactions
chatterbot Zulu submitting transactions
chatterbot Victor submitting transactions
chatterbot Tango submitting transactions
chatterbot Bravo submitting transactions
ChatterBot Zulu round 4
ChatterBot Delta round 4
ChatterBot Hotel round 4
ChatterBot Oscar round 4
ChatterBot Tango round 4
ChatterBot Bravo round 4
ChatterBot Lima round 4
ChatterBot Juliett round 4
ChatterBot Victor round 4
ChatterBot Charlie round 4
2024-10-14 17:40:22.396908 Hotel: We should add Delta
2024-10-14 17:40:22.402951 Tango: No
2024-10-14 17:40:22.403917 Bravo: Yes
ChatterBot Hotel reevaluating
ChatterBot Hotel reevaluating
2024-10-14 17:40:22.420234 Juliett: We should drop Lima
2024-10-14 17:40:22.434049 Zulu: No
2024-10-14 17:40:22.434223 Delta: No
2024-10-14 17:40:22.434557 Oscar: No
2024-10-14 17:40:22.434698 Victor: No
2024-10-14 17:40:22.434927 Charlie: No
ChatterBot Juliett reevaluating
ChatterBot Juliett reevaluating
ChatterBot Juliett reevaluating
ChatterBot Juliett reevaluating
ChatterBot Juliett reevaluating
2024-10-14 17:40:22.519040 Hotel: We should add Charlie
ChatterBot Bravo reevaluating
2024-10-14 17:40:22.525968 Tango: No
2024-10-14 17:40:22.526112 Bravo: Yes
ChatterBot Hotel reevaluating
ChatterBot Bravo reevaluating
ChatterBot Tango reevaluating
ChatterBot Hotel reevaluating
2024-10-14 17:40:22.543318 Lima: Zulu, Delta and Charlie, sending you 1
2024-10-14 17:40:22.543887 Oscar: Zulu, Delta, Lima, Juliett and Victor, sending you 3
2024-10-14 17:40:22.544932 Victor: Zulu, Delta and Lima, sending you 3
2024-10-14 17:40:22.545388 Charlie: Zulu, Oscar, Lima, Juliett and Victor, sending you 2
2024-10-14 17:40:22.546360 Zulu: Delta, Oscar, Victor and Charlie, sending you 3
2024-10-14 17:40:22.546929 Delta: Zulu, Juliett and Victor, sending you 2
2024-10-14 17:40:22.548433 Lima: Oscar, Juliett and Victor, sending you 2
2024-10-14 17:40:22.549489 Oscar: Charlie, sending you 2
2024-10-14 17:40:22.550107 Tango: Charlie we want you to join our group
2024-10-14 17:40:22.553744 Charlie: No
ChatterBot Tango reevaluating
ChatterBot Hotel reevaluating
2024-10-14 17:40:22.568997 Victor: Oscar and Juliett, sending you 4
2024-10-14 17:40:22.570320 Zulu: Lima, sending you 2
2024-10-14 17:40:22.571598 Delta: Oscar, Lima and Charlie, sending you 1
2024-10-14 17:40:22.574044 Victor: Charlie, sending you 2
2024-10-14 17:40:22.574942 Bravo: Delta, sending you 4
2024-10-14 17:40:22.576787 Hotel: Charlie we want you to join our group
2024-10-14 17:40:22.579896 Charlie: No
ChatterBot Tango reevaluating
ChatterBot Hotel reevaluating
2024-10-14 17:40:22.590597 Zulu: Juliett, sending you 4
2024-10-14 17:40:22.591250 Bravo: Hotel, sending you 8
2024-10-14 17:40:22.597123 Juliett: Zulu, sending you 5
2024-10-14 17:40:22.597567 Bravo: Tango, sending you 7
2024-10-14 17:40:22.687693 Juliett: Delta, sending you 3
2024-10-14 17:40:22.718993 Juliett: Oscar, Victor and Charlie, sending you 4
2024-10-14 17:40:22.728973 Hotel: Tango, sending you 5
2024-10-14 17:40:22.738241 Hotel: Bravo, sending you 6
2024-10-14 17:40:22.742650 Tango: Hotel and Bravo, sending you 3
2024-10-14 17:40:22.743472 Hotel: Charlie, sending you 2
2024-10-14 17:40:22.748173 Tango: Charlie, sending you 2
chatterbot Delta submitting transactions
chatterbot Charlie submitting transactions
chatterbot Lima submitting transactions
chatterbot Hotel submitting transactions
chatterbot Juliett submitting transactions
chatterbot Bravo submitting transactions
chatterbot Zulu submitting transactions
chatterbot Victor submitting transactions
chatterbot Tango submitting transactions
chatterbot Oscar submitting transactions
ChatterBot Zulu round 5
ChatterBot Delta round 5
ChatterBot Hotel round 5
ChatterBot Oscar round 5
ChatterBot Tango round 5
ChatterBot Bravo round 5
ChatterBot Lima round 5
ChatterBot Juliett round 5
ChatterBot Victor round 5
ChatterBot Charlie round 5
2024-10-14 17:40:23.771715 Juliett: We should add Lima
2024-10-14 17:40:23.786593 Zulu: Yes
2024-10-14 17:40:23.787474 Delta: Yes
2024-10-14 17:40:23.787810 Oscar: Yes
2024-10-14 17:40:23.788043 Victor: Yes
2024-10-14 17:40:23.788336 Charlie: Yes
ChatterBot Juliett reevaluating
ChatterBot Juliett reevaluating
ChatterBot Juliett reevaluating
2024-10-14 17:40:23.897922 Tango: We should drop Charlie
ChatterBot Hotel reevaluating
2024-10-14 17:40:23.904877 Hotel: Yes
2024-10-14 17:40:23.905092 Bravo: Yes
ChatterBot Bravo reevaluating
ChatterBot Hotel reevaluating
2024-10-14 17:40:23.918453 Bravo: We should replace Delta with Lima
2024-10-14 17:40:23.918692 Hotel: We should replace Charlie with Lima
ChatterBot Hotel reevaluating
2024-10-14 17:40:23.924966 Tango: No
2024-10-14 17:40:23.927269 Hotel: Yes
ChatterBot Bravo reevaluating
2024-10-14 17:40:23.930534 Tango: No
2024-10-14 17:40:23.930671 Bravo: Yes
ChatterBot Hotel reevaluating
ChatterBot Bravo reevaluating
ChatterBot Bravo reevaluating
ChatterBot Hotel reevaluating
ChatterBot Bravo reevaluating
ChatterBot Tango reevaluating
ChatterBot Hotel reevaluating
2024-10-14 17:40:23.969847 Zulu: Delta, Oscar, Victor and Charlie, sending you 3
2024-10-14 17:40:23.971118 Delta: Zulu, Juliett and Victor, sending you 2
2024-10-14 17:40:23.972209 Juliett: Lima we want you to join our group
2024-10-14 17:40:23.975568 Lima: Yes
ChatterBot Juliett reevaluating
2024-10-14 17:40:23.993678 Juliett: We should replace Charlie with Lima
2024-10-14 17:40:24.004154 Zulu: No
2024-10-14 17:40:24.004324 Delta: No
2024-10-14 17:40:24.004448 Oscar: No
2024-10-14 17:40:24.004583 Victor: No
ChatterBot Juliett reevaluating
ChatterBot Juliett reevaluating
ChatterBot Juliett reevaluating
ChatterBot Juliett reevaluating
2024-10-14 17:40:24.049726 Tango: Lima we want you to join our group
2024-10-14 17:40:24.052066 Lima: No
ChatterBot Tango reevaluating
ChatterBot Hotel reevaluating
2024-10-14 17:40:24.060549 Bravo: Lima we want you to join our group
2024-10-14 17:40:24.062943 Lima: No
ChatterBot Tango reevaluating
ChatterBot Hotel reevaluating
2024-10-14 17:40:24.071152 Zulu: Lima, sending you 2
2024-10-14 17:40:24.072112 Delta: Oscar, Lima and Charlie, sending you 1
2024-10-14 17:40:24.072979 Lima: Zulu, Delta, Juliett and Charlie, sending you 1
2024-10-14 17:40:24.074002 Victor: Zulu, Delta, Oscar, Lima and Charlie, sending you 3
2024-10-14 17:40:24.074697 Oscar: Sending you each 3
2024-10-14 17:40:24.076058 Zulu: Juliett, sending you 4
2024-10-14 17:40:24.076948 Lima: Oscar, sending you 2
2024-10-14 17:40:24.077669 Hotel: Lima we want you to join our group
2024-10-14 17:40:24.081359 Lima: No
ChatterBot Tango reevaluating
ChatterBot Hotel reevaluating
2024-10-14 17:40:24.090450 Charlie: Zulu, Oscar, Lima, Juliett and Victor, sending you 2
2024-10-14 17:40:24.091092 Victor: Juliett, sending you 4
2024-10-14 17:40:24.092170 Lima: Victor, sending you 3
2024-10-14 17:40:24.097239 Bravo: Hotel, sending you 8
2024-10-14 17:40:24.100653 Bravo: Tango, sending you 7
2024-10-14 17:40:24.104707 Bravo: Lima, sending you 4
2024-10-14 17:40:24.110761 Juliett: Zulu and Victor, sending you 4
2024-10-14 17:40:24.116675 Juliett: Delta, Oscar, Lima and Charlie, sending you 3
2024-10-14 17:40:24.119740 Hotel: Tango, sending you 5
2024-10-14 17:40:24.121697 Tango: Sending you each 4
2024-10-14 17:40:24.123693 Hotel: Bravo, sending you 6
2024-10-14 17:40:24.127681 Hotel: Lima, sending you 2
chatterbot Lima submitting transactions
chatterbot Hotel submitting transactions
chatterbot Zulu submitting transactions
chatterbot Victor submitting transactions
chatterbot Juliett submitting transactions
chatterbot Delta submitting transactions
chatterbot Bravo submitting transactions
chatterbot Tango submitting transactions
chatterbot Charlie submitting transactions
chatterbot Oscar submitting transactions
ChatterBot Zulu round 6
ChatterBot Delta round 6
ChatterBot Hotel round 6
ChatterBot Oscar round 6
ChatterBot Tango round 6
ChatterBot Bravo round 6
ChatterBot Lima round 6
ChatterBot Juliett round 6
ChatterBot Victor round 6
ChatterBot Charlie round 6
2024-10-14 17:40:25.086210 Juliett: We should drop Delta
2024-10-14 17:40:25.098151 Zulu: No
2024-10-14 17:40:25.098355 Oscar: No
2024-10-14 17:40:25.098510 Lima: No
2024-10-14 17:40:25.098639 Victor: No
2024-10-14 17:40:25.098763 Charlie: No
ChatterBot Juliett reevaluating
ChatterBot Juliett reevaluating
ChatterBot Juliett reevaluating
ChatterBot Juliett reevaluating
2024-10-14 17:40:25.148864 Delta: Zulu, Oscar, Juliett and Victor, sending you 2
2024-10-14 17:40:25.149446 Zulu: Delta, Oscar, Victor and Charlie, sending you 3
2024-10-14 17:40:25.152679 Delta: Lima, sending you 1
2024-10-14 17:40:25.153805 Tango: Same as last round
2024-10-14 17:40:25.154147 Oscar: Zulu, Delta, Lima, Juliett and Charlie, sending you 3
2024-10-14 17:40:25.154885 Bravo: Hotel, sending you 8
2024-10-14 17:40:25.155228 Hotel: Tango, sending you 5
2024-10-14 17:40:25.155553 Zulu: Lima, sending you 2
2024-10-14 17:40:25.156228 Charlie: Zulu, Oscar, Lima, Juliett and Victor, sending you 2
2024-10-14 17:40:25.157690 Bravo: Tango, sending you 7
2024-10-14 17:40:25.158686 Hotel: Bravo, sending you 6
2024-10-14 17:40:25.159665 Oscar: Victor, sending you 4
2024-10-14 17:40:25.160329 Zulu: Juliett, sending you 4
2024-10-14 17:40:25.161668 Bravo: Lima, sending you 4
2024-10-14 17:40:25.161910 Hotel: Lima, sending you 2
2024-10-14 17:40:25.171675 Victor: Zulu, Delta, Oscar, Lima and Charlie, sending you 3
2024-10-14 17:40:25.173674 Lima: Zulu, Delta, Juliett and Charlie, sending you 1
2024-10-14 17:40:25.174661 Victor: Juliett, sending you 4
2024-10-14 17:40:25.176666 Juliett: Zulu and Victor, sending you 4
2024-10-14 17:40:25.178667 Lima: Oscar, sending you 2
2024-10-14 17:40:25.179669 Juliett: Delta, Oscar, Lima and Charlie, sending you 3
2024-10-14 17:40:25.182652 Lima: Victor, sending you 3
chatterbot Delta submitting transactions
chatterbot Lima submitting transactions
chatterbot Zulu submitting transactions
chatterbot Tango submitting transactions
chatterbot Charlie submitting transactions
chatterbot Oscar submitting transactions
chatterbot Victor submitting transactions
chatterbot Hotel submitting transactions
chatterbot Juliett submitting transactions
chatterbot Bravo submitting transactions
ChatterBot Zulu round 7
ChatterBot Delta round 7
ChatterBot Hotel round 7
ChatterBot Oscar round 7
ChatterBot Tango round 7
ChatterBot Bravo round 7
ChatterBot Lima round 7
ChatterBot Juliett round 7
ChatterBot Victor round 7
ChatterBot Charlie round 7
2024-10-14 17:40:26.120419 Hotel: We should replace Lima with Oscar
2024-10-14 17:40:26.125516 Tango: No
2024-10-14 17:40:26.125770 Bravo: No
ChatterBot Hotel reevaluating
ChatterBot Bravo reevaluating
ChatterBot Hotel reevaluating
2024-10-14 17:40:26.147779 Bravo: Oscar we want you to join our group
2024-10-14 17:40:26.150434 Oscar: No
ChatterBot Bravo reevaluating
ChatterBot Hotel reevaluating
2024-10-14 17:40:26.157377 Zulu: Delta, Oscar, Victor and Charlie, sending you 3
2024-10-14 17:40:26.161669 Tango: Same as last round
2024-10-14 17:40:26.162020 Oscar: Zulu, Delta, Lima, Juliett and Charlie, sending you 3
2024-10-14 17:40:26.163050 Lima: Zulu, Delta, Juliett and Charlie, sending you 1
2024-10-14 17:40:26.163828 Zulu: Lima, sending you 2
2024-10-14 17:40:26.164543 Delta: Zulu, Oscar, Juliett and Victor, sending you 2
2024-10-14 17:40:26.165310 Juliett: Zulu and Victor, sending you 4
2024-10-14 17:40:26.166646 Oscar: Victor, sending you 4
2024-10-14 17:40:26.167649 Lima: Oscar, sending you 2
2024-10-14 17:40:26.168471 Zulu: Juliett, sending you 4
2024-10-14 17:40:26.169645 Delta: Lima, sending you 1
2024-10-14 17:40:26.170240 Juliett: Delta, Oscar, Lima and Charlie, sending you 3
2024-10-14 17:40:26.171663 Lima: Victor, sending you 3
2024-10-14 17:40:26.173660 Charlie: Zulu, Oscar, Lima, Juliett and Victor, sending you 2
2024-10-14 17:40:26.176662 Bravo: Hotel, sending you 8
2024-10-14 17:40:26.178682 Victor: Zulu, Delta, Oscar, Lima and Charlie, sending you 3
2024-10-14 17:40:26.179654 Bravo: Tango, sending you 7
2024-10-14 17:40:26.181690 Victor: Juliett, sending you 4
2024-10-14 17:40:26.182668 Hotel: Tango and Bravo, sending you 5
2024-10-14 17:40:26.184656 Bravo: Lima, sending you 4
2024-10-14 17:40:26.185671 Hotel: Lima, sending you 3
chatterbot Delta submitting transactions
chatterbot Bravo submitting transactions
chatterbot Juliett submitting transactions
chatterbot Lima submitting transactions
chatterbot Hotel submitting transactions
chatterbot Tango submitting transactions
chatterbot Zulu submitting transactions
chatterbot Victor submitting transactions
chatterbot Oscar submitting transactions
chatterbot Charlie submitting transactions
ChatterBot Zulu round 8
ChatterBot Delta round 8
ChatterBot Hotel round 8
ChatterBot Oscar round 8
ChatterBot Tango round 8
ChatterBot Bravo round 8
ChatterBot Lima round 8
ChatterBot Juliett round 8
ChatterBot Victor round 8
2024-10-14 17:40:27.420482 Bravo: We should replace Lima with Oscar
ChatterBot Hotel reevaluating
2024-10-14 17:40:27.424860 Tango: No
2024-10-14 17:40:27.425006 Hotel: Yes
ChatterBot Hotel reevaluating
ChatterBot Bravo reevaluating
ChatterBot Bravo reevaluating
ChatterBot Charlie round 8
2024-10-14 17:40:27.456885 Bravo: Oscar we want you to join our group
2024-10-14 17:40:27.459144 Oscar: No
ChatterBot Bravo reevaluating
ChatterBot Hotel reevaluating
2024-10-14 17:40:27.467046 Bravo: We should replace Lima with Delta
ChatterBot Hotel reevaluating
2024-10-14 17:40:27.471780 Tango: No
2024-10-14 17:40:27.471930 Hotel: No
ChatterBot Hotel reevaluating
ChatterBot Bravo reevaluating
ChatterBot Bravo reevaluating
2024-10-14 17:40:27.481152 Juliett: We should drop Charlie
2024-10-14 17:40:27.489441 Zulu: No
2024-10-14 17:40:27.489609 Delta: No
2024-10-14 17:40:27.489740 Oscar: No
2024-10-14 17:40:27.489856 Lima: No
2024-10-14 17:40:27.489976 Victor: No
ChatterBot Juliett reevaluating
ChatterBot Juliett reevaluating
ChatterBot Juliett reevaluating
ChatterBot Juliett reevaluating
ChatterBot Juliett reevaluating
2024-10-14 17:40:27.533035 Hotel: Oscar we want you to join our group
2024-10-14 17:40:27.535138 Oscar: No
ChatterBot Bravo reevaluating
2024-10-14 17:40:27.540730 Tango: Same as last round
2024-10-14 17:40:27.541047 Delta: Zulu, Oscar, Juliett and Victor, sending you 2
2024-10-14 17:40:27.541686 Oscar: Zulu, Delta, Lima, Juliett and Charlie, sending you 3
2024-10-14 17:40:27.542231 Zulu: Delta, Oscar, Victor and Charlie, sending you 3
2024-10-14 17:40:27.542940 Juliett: We should drop Lima
2024-10-14 17:40:27.550906 Zulu: No
2024-10-14 17:40:27.551075 Delta: No
2024-10-14 17:40:27.551193 Oscar: No
2024-10-14 17:40:27.551317 Victor: No
2024-10-14 17:40:27.551420 Charlie: No
ChatterBot Juliett reevaluating
ChatterBot Juliett reevaluating
ChatterBot Juliett reevaluating
ChatterBot Juliett reevaluating
ChatterBot Juliett reevaluating
2024-10-14 17:40:27.595212 Lima: Zulu, Delta and Charlie, sending you 1
2024-10-14 17:40:27.595931 Delta: Lima, sending you 1
2024-10-14 17:40:27.596485 Oscar: Victor, sending you 4
2024-10-14 17:40:27.597038 Victor: Zulu, Delta, Oscar, Lima and Charlie, sending you 3
2024-10-14 17:40:27.598267 Zulu: Lima, sending you 2
2024-10-14 17:40:27.600687 Lima: Oscar, Juliett and Victor, sending you 2
2024-10-14 17:40:27.602424 Victor: Juliett, sending you 4
2024-10-14 17:40:27.603504 Zulu: Juliett, sending you 4
2024-10-14 17:40:27.604568 Charlie: Zulu, Oscar, Lima, Juliett and Victor, sending you 2
2024-10-14 17:40:27.605720 Hotel: Oscar, sending you 3
2024-10-14 17:40:27.608691 Hotel: Tango and Bravo, sending you 5
2024-10-14 17:40:27.614671 Juliett: Zulu and Victor, sending you 4
2024-10-14 17:40:27.617672 Juliett: Delta, Oscar, Lima and Charlie, sending you 3
2024-10-14 17:40:27.624697 Bravo: Hotel, sending you 8
2024-10-14 17:40:27.629697 Bravo: Oscar, sending you 4
2024-10-14 17:40:27.634185 Bravo: Tango, sending you 7
chatterbot Juliett submitting transactions
chatterbot Hotel submitting transactions
chatterbot Charlie submitting transactions
chatterbot Bravo submitting transactions
chatterbot Delta submitting transactions
chatterbot Victor submitting transactions
chatterbot Tango submitting transactions
chatterbot Oscar submitting transactions
chatterbot Zulu submitting transactions
chatterbot Lima submitting transactions
ChatterBot Zulu round 9
ChatterBot Delta round 9
ChatterBot Hotel round 9
ChatterBot Oscar round 9
ChatterBot Tango round 9
ChatterBot Bravo round 9
ChatterBot Lima round 9
ChatterBot Juliett round 9
ChatterBot Victor round 9
ChatterBot Charlie round 9
2024-10-14 17:40:28.703986 Bravo: We should replace Oscar with Charlie
ChatterBot Hotel reevaluating
2024-10-14 17:40:28.710010 Tango: No
2024-10-14 17:40:28.710178 Hotel: Yes
ChatterBot Hotel reevaluating
ChatterBot Bravo reevaluating
2024-10-14 17:40:28.721300 Hotel: We should replace Oscar with Delta
ChatterBot Bravo reevaluating
2024-10-14 17:40:28.724710 Tango: No
2024-10-14 17:40:28.724813 Bravo: Yes
ChatterBot Hotel reevaluating
ChatterBot Bravo reevaluating
ChatterBot Hotel reevaluating
2024-10-14 17:40:28.735776 Juliett: We should drop Delta
2024-10-14 17:40:28.747863 Zulu: No
2024-10-14 17:40:28.748033 Oscar: No
2024-10-14 17:40:28.748180 Lima: No
2024-10-14 17:40:28.748316 Victor: No
2024-10-14 17:40:28.748450 Charlie: No
ChatterBot Juliett reevaluating
ChatterBot Juliett reevaluating
ChatterBot Juliett reevaluating
ChatterBot Juliett reevaluating
2024-10-14 17:40:28.790718 Hotel: Charlie we want you to join our group
2024-10-14 17:40:28.795 Charlie: No
ChatterBot Hotel reevaluating
ChatterBot Bravo reevaluating
2024-10-14 17:40:28.809214 Lima: Zulu, Delta and Charlie, sending you 1
2024-10-14 17:40:28.810325 Tango: Same as last round
2024-10-14 17:40:28.810680 Oscar: Zulu, Delta, Lima, Juliett and Charlie, sending you 3
2024-10-14 17:40:28.811577 Delta: Zulu, Oscar, Juliett and Victor, sending you 2
2024-10-14 17:40:28.812462 Zulu: Delta, Oscar, Victor and Charlie, sending you 3
2024-10-14 17:40:28.813509 Juliett: We should drop Charlie
2024-10-14 17:40:28.827245 Zulu: No
2024-10-14 17:40:28.827400 Delta: No
2024-10-14 17:40:28.827530 Oscar: No
2024-10-14 17:40:28.827664 Lima: No
2024-10-14 17:40:28.827796 Victor: No
ChatterBot Juliett reevaluating
ChatterBot Juliett reevaluating
ChatterBot Juliett reevaluating
ChatterBot Juliett reevaluating
ChatterBot Juliett reevaluating
2024-10-14 17:40:28.876242 Lima: Oscar, Juliett and Victor, sending you 2
2024-10-14 17:40:28.876912 Oscar: Victor, sending you 4
2024-10-14 17:40:28.877471 Delta: Lima, sending you 1
2024-10-14 17:40:28.878678 Zulu: Lima, sending you 2
2024-10-14 17:40:28.879215 Hotel: Delta we want you to join our group
2024-10-14 17:40:28.880947 Delta: No
ChatterBot Bravo reevaluating
ChatterBot Hotel reevaluating
2024-10-14 17:40:28.886877 Charlie: Zulu, Oscar, Lima, Juliett and Victor, sending you 2
2024-10-14 17:40:28.888014 Victor: Zulu, Delta, Oscar, Lima and Charlie, sending you 3
2024-10-14 17:40:28.888678 Zulu: Juliett, sending you 4
2024-10-14 17:40:28.893660 Victor: Juliett, sending you 4
2024-10-14 17:40:28.895644 Bravo: Charlie we want you to join our group
2024-10-14 17:40:28.897686 Charlie: No
ChatterBot Hotel reevaluating
ChatterBot Bravo reevaluating
2024-10-14 17:40:28.908666 Bravo: Delta we want you to join our group
2024-10-14 17:40:28.912501 Delta: No
ChatterBot Bravo reevaluating
ChatterBot Hotel reevaluating
2024-10-14 17:40:28.925673 Juliett: Zulu, Oscar and Charlie, sending you 4
2024-10-14 17:40:28.928848 Juliett: Lima, sending you 3
2024-10-14 17:40:28.932655 Juliett: Victor, sending you 5
chatterbot Lima submitting transactions
2024-10-14 17:40:28.955645 Bravo: Hotel, sending you 10
2024-10-14 17:40:28.956019 Hotel: Tango and Bravo, sending you 5
2024-10-14 17:40:28.958657 Bravo: Tango, sending you 9
2024-10-14 17:40:28.959159 Hotel: Charlie, sending you 3
chatterbot Zulu submitting transactions
chatterbot Oscar submitting transactions
chatterbot Victor submitting transactions
chatterbot Delta submitting transactions
chatterbot Tango submitting transactions
chatterbot Hotel submitting transactions
chatterbot Charlie submitting transactions
chatterbot Juliett submitting transactions
chatterbot Bravo submitting transactions
ChatterBot Zulu round 10
ChatterBot Delta round 10
ChatterBot Hotel round 10
ChatterBot Oscar round 10
ChatterBot Tango round 10
ChatterBot Bravo round 10
ChatterBot Lima round 10
ChatterBot Juliett round 10
2024-10-14 17:40:30.084343 Hotel: We should replace Charlie with Delta
ChatterBot Tango reevaluating
2024-10-14 17:40:30.089648 Tango: Yes
2024-10-14 17:40:30.089818 Bravo: Yes
ChatterBot Hotel reevaluating
ChatterBot Tango reevaluating
ChatterBot Hotel reevaluating
ChatterBot Victor round 10
ChatterBot Charlie round 10
2024-10-14 17:40:30.107495 Bravo: We should replace Delta with Lima
ChatterBot Tango reevaluating
ChatterBot Hotel reevaluating
2024-10-14 17:40:30.113104 Tango: No
2024-10-14 17:40:30.113251 Hotel: Yes
ChatterBot Hotel reevaluating
ChatterBot Bravo reevaluating
ChatterBot Tango reevaluating
ChatterBot Bravo reevaluating
2024-10-14 17:40:30.131460 Hotel: We should replace Charlie with Lima
ChatterBot Tango reevaluating
ChatterBot Bravo reevaluating
2024-10-14 17:40:30.135997 Tango: No
2024-10-14 17:40:30.136131 Bravo: Yes
ChatterBot Hotel reevaluating
ChatterBot Bravo reevaluating
ChatterBot Tango reevaluating
ChatterBot Hotel reevaluating
2024-10-14 17:40:30.155665 Zulu: Delta, Oscar, Victor and Charlie, sending you 3
2024-10-14 17:40:30.157673 Hotel: Lima we want you to join our group
2024-10-14 17:40:30.160847 Lima: No
ChatterBot Hotel reevaluating
2024-10-14 17:40:30.171044 Zulu: Lima, sending you 2
2024-10-14 17:40:30.174680 Delta: Zulu, Oscar, Juliett and Victor, sending you 2
2024-10-14 17:40:30.176386 Tango: Same as last round
2024-10-14 17:40:30.176753 Oscar: Zulu, Delta, Lima, Juliett and Charlie, sending you 3
2024-10-14 17:40:30.177496 Lima: Zulu, Delta and Charlie, sending you 1
2024-10-14 17:40:30.178214 Charlie: Zulu, Oscar, Lima, Juliett and Victor, sending you 2
2024-10-14 17:40:30.179408 Juliett: Sending you each 4
2024-10-14 17:40:30.179828 Zulu: Juliett, sending you 4
2024-10-14 17:40:30.180702 Delta: Lima, sending you 1
2024-10-14 17:40:30.182033 Oscar: Victor, sending you 4
2024-10-14 17:40:30.183653 Lima: Oscar, Juliett and Victor, sending you 2
2024-10-14 17:40:30.185089 Bravo: Hotel, sending you 10
2024-10-14 17:40:30.189671 Bravo: Tango, sending you 9
2024-10-14 17:40:30.190028 Victor: Zulu, Delta, Oscar, Lima and Charlie, sending you 3
2024-10-14 17:40:30.195671 Victor: Juliett, sending you 4
2024-10-14 17:40:30.201653 Hotel: Tango and Bravo, sending you 5
2024-10-14 17:40:30.206657 Hotel: Lima, sending you 3
chatterbot Bravo submitting transactions
chatterbot Charlie submitting transactions
chatterbot Oscar submitting transactions
chatterbot Tango submitting transactions
chatterbot Victor submitting transactions
chatterbot Delta submitting transactions
chatterbot Lima submitting transactions
chatterbot Zulu submitting transactions
chatterbot Juliett submitting transactions
chatterbot Hotel submitting transactions
ChatterBot Zulu round 11
ChatterBot Delta round 11
ChatterBot Hotel round 11
ChatterBot Oscar round 11
ChatterBot Tango round 11
ChatterBot Bravo round 11
ChatterBot Lima round 11
ChatterBot Juliett round 11
2024-10-14 17:40:31.437904 Tango: We should add Lima
ChatterBot Bravo reevaluating
2024-10-14 17:40:31.447021 Hotel: Yes
2024-10-14 17:40:31.447228 Bravo: Yes
ChatterBot Tango reevaluating
ChatterBot Bravo reevaluating
ChatterBot Tango reevaluating
2024-10-14 17:40:31.466581 Bravo: We should replace Delta with Lima
ChatterBot Tango reevaluating
2024-10-14 17:40:31.472882 Tango: No
2024-10-14 17:40:31.473051 Hotel: Yes
ChatterBot Bravo reevaluating
ChatterBot Tango reevaluating
ChatterBot Bravo reevaluating
ChatterBot Victor round 11
ChatterBot Charlie round 11
2024-10-14 17:40:31.502084 Juliett: We should replace Lima with Delta
2024-10-14 17:40:31.510090 Zulu: No
2024-10-14 17:40:31.510237 Oscar: No
2024-10-14 17:40:31.510360 Victor: No
2024-10-14 17:40:31.510463 Charlie: No
ChatterBot Juliett reevaluating
ChatterBot Juliett reevaluating
ChatterBot Juliett reevaluating
ChatterBot Juliett reevaluating
2024-10-14 17:40:31.550677 Bravo: Lima we want you to join our group
2024-10-14 17:40:31.553901 Lima: No
ChatterBot Tango reevaluating
2024-10-14 17:40:31.566312 Juliett: Delta we want you to join our group
2024-10-14 17:40:31.569348 Delta: Yes
ChatterBot Juliett reevaluating
2024-10-14 17:40:31.581396 Juliett: We should replace Charlie with Delta
2024-10-14 17:40:31.590740 Zulu: No
2024-10-14 17:40:31.590890 Oscar: No
2024-10-14 17:40:31.591001 Lima: No
2024-10-14 17:40:31.591098 Victor: No
ChatterBot Juliett reevaluating
ChatterBot Juliett reevaluating
ChatterBot Victor reevaluating
ChatterBot Juliett reevaluating
ChatterBot Victor reevaluating
ChatterBot Juliett reevaluating
2024-10-14 17:40:31.635752 Oscar: Zulu, Delta, Lima, Victor and Charlie, sending you 3
2024-10-14 17:40:31.636631 Lima: Zulu, Delta and Charlie, sending you 1
2024-10-14 17:40:31.638656 Oscar: Juliett, sending you 4
2024-10-14 17:40:31.640216 Hotel: Tango and Bravo, sending you 5
2024-10-14 17:40:31.641045 Zulu: Delta, Oscar, Victor and Charlie, sending you 3
2024-10-14 17:40:31.642163 Delta: Zulu, Oscar and Victor, sending you 2
2024-10-14 17:40:31.642938 Lima: Oscar, Juliett and Victor, sending you 2
2024-10-14 17:40:31.644180 Charlie: Zulu, Oscar, Lima, Juliett and Victor, sending you 2
2024-10-14 17:40:31.645160 Hotel: Lima, sending you 3
2024-10-14 17:40:31.645572 Zulu: Lima, sending you 2
2024-10-14 17:40:31.647745 Delta: Lima, Juliett and Charlie, sending you 1
2024-10-14 17:40:31.649679 Bravo: Hotel, sending you 10
2024-10-14 17:40:31.650704 Zulu: Juliett, sending you 4
2024-10-14 17:40:31.654350 Bravo: Tango, sending you 9
2024-10-14 17:40:31.654823 Tango: Same as last round
2024-10-14 17:40:31.655669 Victor: Zulu, Delta, Oscar, Lima and Charlie, sending you 3
2024-10-14 17:40:31.661660 Victor: Juliett, sending you 4
2024-10-14 17:40:31.663933 Juliett: Sending you each 4
chatterbot Zulu submitting transactions
chatterbot Charlie submitting transactions
chatterbot Bravo submitting transactions
chatterbot Hotel submitting transactions
chatterbot Delta submitting transactions
chatterbot Tango submitting transactions
chatterbot Victor submitting transactions
chatterbot Juliett submitting transactions
chatterbot Oscar submitting transactions
chatterbot Lima submitting transactions
ChatterBot Zulu round 12
ChatterBot Delta round 12
ChatterBot Hotel round 12
ChatterBot Oscar round 12
ChatterBot Tango round 12
ChatterBot Bravo round 12
ChatterBot Lima round 12
ChatterBot Juliett round 12
ChatterBot Victor round 12
ChatterBot Charlie round 12
2024-10-14 17:40:32.614680 Oscar: Zulu, Delta, Lima, Victor and Charlie, sending you 3
2024-10-14 17:40:32.618668 Oscar: Juliett, sending you 4
2024-10-14 17:40:32.620692 Hotel: Tango and Bravo, sending you 5
2024-10-14 17:40:32.622698 Bravo: Hotel, sending you 10
2024-10-14 17:40:32.625724 Victor: Zulu, Delta, Oscar, Lima and Charlie, sending you 3
2024-10-14 17:40:32.627820 Hotel: Lima, sending you 3
2024-10-14 17:40:32.629027 Delta: Zulu, Oscar, Juliett and Victor, sending you 2
2024-10-14 17:40:32.631485 Bravo: Tango, sending you 9
2024-10-14 17:40:32.632077 Tango: Same as last round
2024-10-14 17:40:32.632604 Zulu: Delta, Oscar, Victor and Charlie, sending you 3
2024-10-14 17:40:32.634276 Victor: Juliett, sending you 4
2024-10-14 17:40:32.635587 Lima: Zulu, Delta and Juliett, sending you 1
2024-10-14 17:40:32.636400 Juliett: Same as last round
2024-10-14 17:40:32.637415 Delta: Lima, sending you 1
2024-10-14 17:40:32.638727 Zulu: Lima, sending you 2
2024-10-14 17:40:32.644039 Lima: Oscar, Victor and Charlie, sending you 2
2024-10-14 17:40:32.645350 Charlie: Zulu, Oscar, Lima, Juliett and Victor, sending you 2
2024-10-14 17:40:32.647471 Zulu: Juliett, sending you 4
chatterbot Zulu submitting transactions
chatterbot Hotel submitting transactions
chatterbot Tango submitting transactions
chatterbot Victor submitting transactions
chatterbot Lima submitting transactions
chatterbot Charlie submitting transactions
chatterbot Juliett submitting transactions
chatterbot Delta submitting transactions
chatterbot Oscar submitting transactions
chatterbot Bravo submitting transactions
ChatterBot Zulu round 13
ChatterBot Delta round 13
ChatterBot Hotel round 13
ChatterBot Oscar round 13
ChatterBot Tango round 13
ChatterBot Bravo round 13
ChatterBot Lima round 13
ChatterBot Juliett round 13
ChatterBot Victor round 13
ChatterBot Charlie round 13
2024-10-14 17:40:33.408815 Victor: We should drop Lima
ChatterBot Zulu reevaluating
2024-10-14 17:40:33.420512 Juliett: Yes
2024-10-14 17:40:33.420687 Zulu: Yes
2024-10-14 17:40:33.420818 Delta: No
2024-10-14 17:40:33.421 Oscar: No
2024-10-14 17:40:33.421167 Charlie: No
ChatterBot Zulu reevaluating
ChatterBot Victor reevaluating
ChatterBot Victor reevaluating
ChatterBot Zulu reevaluating
ChatterBot Victor reevaluating
ChatterBot Zulu reevaluating
ChatterBot Victor reevaluating
ChatterBot Zulu reevaluating
ChatterBot Victor reevaluating
2024-10-14 17:40:33.499518 Delta: Zulu, Oscar, Juliett and Victor, sending you 2
2024-10-14 17:40:33.503663 Charlie: Zulu, Oscar, Lima, Juliett and Victor, sending you 2
2024-10-14 17:40:33.504787 Juliett: Same as last round
2024-10-14 17:40:33.505678 Delta: Lima, sending you 1
2024-10-14 17:40:33.506636 Oscar: Zulu, Delta, Lima, Victor and Charlie, sending you 3
2024-10-14 17:40:33.507654 Hotel: Tango and Bravo, sending you 5
2024-10-14 17:40:33.508642 Bravo: Hotel, sending you 10
2024-10-14 17:40:33.509077 Tango: Same as last round
2024-10-14 17:40:33.510768 Hotel: Lima, sending you 3
2024-10-14 17:40:33.511752 Bravo: Tango, sending you 9
2024-10-14 17:40:33.512696 Oscar: Juliett, sending you 4
