ChatterBot Whiskey round 1
ChatterBot Yankee round 1
ChatterBot Zulu round 1
ChatterBot Tango round 1
ChatterBot Oscar round 1
ChatterBot Golf round 1
ChatterBot Foxtrot round 1
ChatterBot Mike round 1
ChatterBot Alpha round 1
ChatterBot Papa round 1
randomSelections Zulu: {Zulu, Alpha, Yankee, Oscar} 
2024-10-14 17:40:18.199313 Zulu: Let's form a team
ChatterBot Alpha reevaluating
ChatterBot Yankee reevaluating
ChatterBot Oscar reevaluating
2024-10-14 17:40:18.228081 Alpha: Yes
2024-10-14 17:40:18.228411 Yankee: Yes
2024-10-14 17:40:18.228661 Oscar: Yes
ChatterBot Yankee reevaluating
ChatterBot Oscar reevaluating
ChatterBot Alpha reevaluating
ChatterBot Oscar reevaluating
ChatterBot Alpha reevaluating
ChatterBot Yankee reevaluating
randomSelections Whiskey: {Whiskey, Tango, Alpha, Foxtrot, Papa} 
2024-10-14 17:40:18.262603 Whiskey: Can we be friends?
ChatterBot Tango reevaluating
ChatterBot Alpha reevaluating
ChatterBot Foxtrot reevaluating
ChatterBot Papa reevaluating
2024-10-14 17:40:18.272697 Tango: Yes
2024-10-14 17:40:18.273079 Alpha: No
2024-10-14 17:40:18.273424 Foxtrot: Yes
2024-10-14 17:40:18.274126 Papa: Yes
ChatterBot Alpha reevaluating
ChatterBot Foxtrot reevaluating
ChatterBot Papa reevaluating
ChatterBot Tango reevaluating
ChatterBot Foxtrot reevaluating
ChatterBot Papa reevaluating
ChatterBot Tango reevaluating
ChatterBot Alpha reevaluating
ChatterBot Papa reevaluating
ChatterBot Tango reevaluating
ChatterBot Alpha reevaluating
ChatterBot Foxtrot reevaluating
randomSelections Golf: {Golf, Foxtrot, Alpha, Yankee} 
2024-10-14 17:40:18.313411 Golf: Can we be friends?
ChatterBot Foxtrot reevaluating
ChatterBot Alpha reevaluating
ChatterBot Yankee reevaluating
2024-10-14 17:40:18.320291 Foxtrot: No
2024-10-14 17:40:18.321030 Alpha: No
2024-10-14 17:40:18.321203 Yankee: No
ChatterBot Alpha reevaluating
ChatterBot Yankee reevaluating
ChatterBot Foxtrot reevaluating
ChatterBot Yankee reevaluating
ChatterBot Foxtrot reevaluating
ChatterBot Alpha reevaluating
randomSelections Mike: {Mike, Golf, Papa, Oscar} 
2024-10-14 17:40:18.349313 Mike: Let's form a team
ChatterBot Papa reevaluating
ChatterBot Oscar reevaluating
2024-10-14 17:40:18.356399 Golf: No
2024-10-14 17:40:18.356740 Papa: No
2024-10-14 17:40:18.357785 Oscar: No
ChatterBot Papa reevaluating
ChatterBot Oscar reevaluating
ChatterBot Oscar reevaluating
ChatterBot Papa reevaluating
2024-10-14 17:40:18.387093 Whiskey: Tango, sending you 3
2024-10-14 17:40:18.391128 Whiskey: Foxtrot, sending you 5
2024-10-14 17:40:18.393330 Papa: Whiskey, sending you 3
2024-10-14 17:40:18.394975 Zulu: Yankee, sending you 4
2024-10-14 17:40:18.395364 Whiskey: Alpha and Papa, sending you 4
2024-10-14 17:40:18.396980 Mike: Oscar, sending you 2
2024-10-14 17:40:18.397726 Papa: Tango and Alpha, sending you 4
2024-10-14 17:40:18.399003 Foxtrot: Whiskey and Alpha, sending you 1
2024-10-14 17:40:18.399733 Golf: Yankee, sending you 7
2024-10-14 17:40:18.400090 Zulu: Oscar, sending you 7
2024-10-14 17:40:18.400999 Mike: Golf, sending you 7
2024-10-14 17:40:18.401405 Oscar: Yankee, sending you 8
2024-10-14 17:40:18.403060 Tango: Whiskey, sending you 2
2024-10-14 17:40:18.403452 Papa: Foxtrot, sending you 7
2024-10-14 17:40:18.403835 Foxtrot: Papa, sending you 2
2024-10-14 17:40:18.404967 Golf: Foxtrot and Alpha, sending you 6
2024-10-14 17:40:18.405335 Alpha: Yankee, sending you 5
2024-10-14 17:40:18.405745 Zulu: Alpha, sending you 5
2024-10-14 17:40:18.406998 Oscar: Zulu, sending you 4
2024-10-14 17:40:18.407446 Mike: Papa, sending you 4
2024-10-14 17:40:18.407842 Tango: Alpha, sending you 7
2024-10-14 17:40:18.409661 Alpha: Zulu, sending you 2
2024-10-14 17:40:18.410 Oscar: Alpha, sending you 5
2024-10-14 17:40:18.414633 Tango: Papa, sending you 5
2024-10-14 17:40:18.415042 Alpha: Oscar, sending you 3
chatterbot Zulu submitting transactions
chatterbot Oscar submitting transactions
chatterbot Tango submitting transactions
chatterbot Whiskey submitting transactions
chatterbot Mike submitting transactions
chatterbot Golf submitting transactions
chatterbot Alpha submitting transactions
chatterbot Yankee submitting transactions
chatterbot Foxtrot submitting transactions
chatterbot Papa submitting transactions
ChatterBot Whiskey round 2
ChatterBot Yankee round 2
ChatterBot Zulu round 2
ChatterBot Tango round 2
ChatterBot Oscar round 2
ChatterBot Golf round 2
2024-10-14 17:40:19.447794 Yankee: We should add Golf
ChatterBot Zulu reevaluating
ChatterBot Alpha reevaluating
ChatterBot Oscar reevaluating
2024-10-14 17:40:19.475274 Zulu: Yes
2024-10-14 17:40:19.475604 Alpha: Yes
2024-10-14 17:40:19.475816 Oscar: Yes
ChatterBot Alpha reevaluating
ChatterBot Oscar reevaluating
ChatterBot Zulu reevaluating
ChatterBot Oscar reevaluating
ChatterBot Zulu reevaluating
ChatterBot Alpha reevaluating
2024-10-14 17:40:19.527515 Alpha: Group up?
ChatterBot Whiskey reevaluating
2024-10-14 17:40:19.531354 Oscar: We should add Golf and Mike
2024-10-14 17:40:19.531492 Whiskey: Yes
ChatterBot Zulu reevaluating
ChatterBot Alpha reevaluating
2024-10-14 17:40:19.546479 Zulu: No
2024-10-14 17:40:19.546723 Alpha: No
ChatterBot Alpha reevaluating
2024-10-14 17:40:19.557372 Yankee: No
ChatterBot Alpha reevaluating
ChatterBot Oscar reevaluating
ChatterBot Zulu reevaluating
ChatterBot Oscar reevaluating
ChatterBot Zulu reevaluating
ChatterBot Alpha reevaluating
ChatterBot Oscar reevaluating
ChatterBot Foxtrot round 2
ChatterBot Mike round 2
ChatterBot Alpha round 2
ChatterBot Papa round 2
2024-10-14 17:40:19.611406 Golf: Group up?
ChatterBot Zulu reevaluating
ChatterBot Oscar reevaluating
ChatterBot Mike reevaluating
ChatterBot Alpha reevaluating
2024-10-14 17:40:19.623905 Zulu: No
2024-10-14 17:40:19.624061 Oscar: Yes
2024-10-14 17:40:19.624170 Mike: Yes
2024-10-14 17:40:19.624653 Alpha: No
ChatterBot Oscar reevaluating
ChatterBot Mike reevaluating
ChatterBot Alpha reevaluating
ChatterBot Zulu reevaluating
ChatterBot Mike reevaluating
ChatterBot Alpha reevaluating
ChatterBot Zulu reevaluating
ChatterBot Oscar reevaluating
ChatterBot Alpha reevaluating
ChatterBot Zulu reevaluating
ChatterBot Oscar reevaluating
ChatterBot Mike reevaluating
2024-10-14 17:40:19.676269 Alpha: Friends?
ChatterBot Zulu reevaluating
ChatterBot Oscar reevaluating
ChatterBot Mike reevaluating
2024-10-14 17:40:19.690645 Golf: Yes
2024-10-14 17:40:19.690868 Zulu: Yes
2024-10-14 17:40:19.691029 Oscar: Yes
2024-10-14 17:40:19.691167 Mike: Yes
ChatterBot Zulu reevaluating
ChatterBot Oscar reevaluating
ChatterBot Mike reevaluating
ChatterBot Alpha reevaluating
ChatterBot Oscar reevaluating
ChatterBot Mike reevaluating
ChatterBot Alpha reevaluating
ChatterBot Zulu reevaluating
ChatterBot Mike reevaluating
ChatterBot Alpha reevaluating
ChatterBot Zulu reevaluating
ChatterBot Oscar reevaluating
ChatterBot Alpha reevaluating
2024-10-14 17:40:19.758105 Yankee: Golf we want you to join our group
2024-10-14 17:40:19.761990 Golf: No
ChatterBot Zulu reevaluating
ChatterBot Oscar reevaluating
ChatterBot Alpha reevaluating
2024-10-14 17:40:19.847647 Papa: We should replace Alpha with Mike
ChatterBot Whiskey reevaluating
2024-10-14 17:40:19.859972 Whiskey: Yes
2024-10-14 17:40:19.860171 Tango: No
2024-10-14 17:40:19.860351 Foxtrot: No
ChatterBot Whiskey reevaluating
ChatterBot Whiskey reevaluating
2024-10-14 17:40:19.901017 Tango: We should drop Alpha
ChatterBot Whiskey reevaluating
2024-10-14 17:40:19.911755 Papa: Yes
2024-10-14 17:40:19.912013 Whiskey: Yes
2024-10-14 17:40:19.912231 Foxtrot: Yes
ChatterBot Whiskey reevaluating
ChatterBot Whiskey reevaluating
2024-10-14 17:40:19.943934 Oscar: Golf and Mike we want you to join our group
2024-10-14 17:40:19.951548 Golf: No
2024-10-14 17:40:19.951844 Mike: No
ChatterBot Oscar reevaluating
ChatterBot Oscar reevaluating
2024-10-14 17:40:19.988265 Papa: Mike we want you to join our group
2024-10-14 17:40:19.991693 Mike: No
ChatterBot Papa reevaluating
ChatterBot Whiskey reevaluating
2024-10-14 17:40:20.282079 Golf: Zulu, Oscar and Alpha, sending you 2
2024-10-14 17:40:20.282448 Zulu: Oscar, sending you 9
2024-10-14 17:40:20.283221 Yankee: Zulu, sending you 2
2024-10-14 17:40:20.283661 Whiskey: Mike we want you to join our group
2024-10-14 17:40:20.287290 Mike: No
ChatterBot Papa reevaluating
ChatterBot Whiskey reevaluating
chatterbot Yankee submitting transactions
2024-10-14 17:40:20.300499 Alpha: Zulu, Oscar and Golf, sending you 3
2024-10-14 17:40:20.301224 Golf: Mike, sending you 13
2024-10-14 17:40:20.301499 Yankee: Oscar, sending you 4
2024-10-14 17:40:20.301724 Foxtrot: Whiskey, sending you 3
2024-10-14 17:40:20.301978 Zulu: Golf and Mike, sending you 1
2024-10-14 17:40:20.302743 Oscar: Yankee and Golf, sending you 2
2024-10-14 17:40:20.570433 Mike: Zulu, sending you 4
2024-10-14 17:40:20.570811 Alpha: Mike, sending you 1
2024-10-14 17:40:20.571465 Tango: Whiskey, sending you 5
2024-10-14 17:40:20.571726 Zulu: Alpha, sending you 6
2024-10-14 17:40:20.571985 Yankee: Golf and Alpha, sending you 3
2024-10-14 17:40:20.572378 Foxtrot: Tango, sending you 1
2024-10-14 17:40:20.574582 Oscar: Zulu, sending you 6
chatterbot Golf submitting transactions
chatterbot Alpha submitting transactions
chatterbot Tango submitting transactions
2024-10-14 17:40:20.575338 Tango: Foxtrot, sending you 2
2024-10-14 17:40:20.866691 Mike: Oscar, Golf and Alpha, sending you 3
2024-10-14 17:40:20.867628 Foxtrot: Papa, sending you 4
2024-10-14 17:40:20.867979 Oscar: Foxtrot, sending you 1
2024-10-14 17:40:20.868966 Tango: Papa, sending you 7
chatterbot Zulu submitting transactions
2024-10-14 17:40:21.083820 Oscar: Mike and Alpha, sending you 3
chatterbot Papa submitting transactions
chatterbot Mike submitting transactions
chatterbot Oscar submitting transactions
2024-10-14 17:40:21.124471 Whiskey: Tango, sending you 5
2024-10-14 17:40:21.124858 Papa: Whiskey, sending you 6
2024-10-14 17:40:21.137104 Whiskey: Foxtrot, sending you 4
2024-10-14 17:40:21.137915 Papa: Tango, sending you 7
2024-10-14 17:40:21.161436 Whiskey: Mike, sending you 2
2024-10-14 17:40:21.161855 Papa: Foxtrot, sending you 4
2024-10-14 17:40:21.252675 Whiskey: Papa, sending you 7
chatterbot Foxtrot submitting transactions
chatterbot Whiskey submitting transactions
ChatterBot Whiskey round 3
ChatterBot Yankee round 3
ChatterBot Zulu round 3
ChatterBot Tango round 3
ChatterBot Oscar round 3
ChatterBot Golf round 3
ChatterBot Foxtrot round 3
ChatterBot Mike round 3
ChatterBot Alpha round 3
ChatterBot Papa round 3
2024-10-14 17:40:21.567442 Yankee: We should drop Golf
ChatterBot Alpha reevaluating
2024-10-14 17:40:21.579310 Zulu: No
2024-10-14 17:40:21.579544 Alpha: No
2024-10-14 17:40:21.579669 Oscar: No
ChatterBot Alpha reevaluating
ChatterBot Oscar reevaluating
ChatterBot Yankee reevaluating
ChatterBot Oscar reevaluating
ChatterBot Alpha reevaluating
ChatterBot Yankee reevaluating
2024-10-14 17:40:21.645230 Tango: Whiskey, sending you 5
2024-10-14 17:40:21.758971 Golf: Zulu and Oscar, sending you 3
2024-10-14 17:40:21.759592 Zulu: Oscar, sending you 8
2024-10-14 17:40:21.760479 Tango: Foxtrot, sending you 2
2024-10-14 17:40:21.760971 Mike: Zulu and Alpha, sending you 2
2024-10-14 17:40:21.761300 Foxtrot: Whiskey, sending you 3
2024-10-14 17:40:21.762249 Whiskey: Tango, sending you 5
2024-10-14 17:40:21.762736 Papa: Whiskey, sending you 6
2024-10-14 17:40:21.763719 Zulu: Golf, sending you 2
2024-10-14 17:40:21.764276 Golf: Mike, sending you 8
2024-10-14 17:40:21.792071 Tango: Papa, sending you 7
2024-10-14 17:40:21.792660 Mike: Oscar, sending you 3
2024-10-14 17:40:21.793123 Foxtrot: Tango, sending you 1
2024-10-14 17:40:21.793947 Papa: Tango, sending you 7
2024-10-14 17:40:21.794333 Yankee: Zulu, sending you 2
2024-10-14 17:40:21.795309 Zulu: Mike, sending you 4
2024-10-14 17:40:21.795873 Whiskey: Foxtrot, sending you 4
2024-10-14 17:40:21.796358 Oscar: Yankee, Mike and Alpha, sending you 3
2024-10-14 17:40:21.797594 Alpha: Zulu, Oscar and Golf, sending you 3
2024-10-14 17:40:21.798855 Golf: Alpha, sending you 5
2024-10-14 17:40:21.799598 Mike: Golf, sending you 6
2024-10-14 17:40:21.800452 Papa: Foxtrot, sending you 5
2024-10-14 17:40:21.800908 Foxtrot: Papa, sending you 4
2024-10-14 17:40:21.801490 Zulu: Alpha, sending you 5
2024-10-14 17:40:21.802494 Yankee: Oscar, sending you 4
2024-10-14 17:40:21.802931 Whiskey: Mike, sending you 2
2024-10-14 17:40:21.804001 Oscar: Zulu, sending you 5
2024-10-14 17:40:21.804675 Alpha: Mike, sending you 1
2024-10-14 17:40:21.860498 Yankee: Golf and Alpha, sending you 3
2024-10-14 17:40:21.862176 Whiskey: Papa, sending you 7
2024-10-14 17:40:21.863795 Oscar: Golf, sending you 2
2024-10-14 17:40:21.899554 Oscar: Foxtrot, sending you 1
chatterbot Zulu submitting transactions
chatterbot Tango submitting transactions
chatterbot Oscar submitting transactions
chatterbot Mike submitting transactions
chatterbot Alpha submitting transactions
chatterbot Foxtrot submitting transactions
chatterbot Golf submitting transactions
chatterbot Whiskey submitting transactions
chatterbot Papa submitting transactions
chatterbot Yankee submitting transactions
ChatterBot Whiskey round 4
ChatterBot Yankee round 4
ChatterBot Zulu round 4
ChatterBot Tango round 4
ChatterBot Oscar round 4
ChatterBot Golf round 4
ChatterBot Foxtrot round 4
ChatterBot Mike round 4
ChatterBot Alpha round 4
ChatterBot Papa round 4
2024-10-14 17:40:22.965178 Alpha: We should add Yankee
2024-10-14 17:40:22.980940 Golf: No
2024-10-14 17:40:22.981390 Zulu: No
2024-10-14 17:40:22.981704 Oscar: Yes
2024-10-14 17:40:22.983174 Mike: No
ChatterBot Alpha reevaluating
ChatterBot Oscar reevaluating
ChatterBot Alpha reevaluating
ChatterBot Alpha reevaluating
ChatterBot Oscar reevaluating
ChatterBot Alpha reevaluating
2024-10-14 17:40:23.031180 Whiskey: We should drop Mike
2024-10-14 17:40:23.039219 Papa: Yes
2024-10-14 17:40:23.039383 Tango: Yes
2024-10-14 17:40:23.039510 Foxtrot: Yes
2024-10-14 17:40:23.071661 Foxtrot: Whiskey, sending you 3
2024-10-14 17:40:23.072043 Golf: Zulu, sending you 3
2024-10-14 17:40:23.074678 Papa: Whiskey, sending you 6
2024-10-14 17:40:23.075638 Foxtrot: Tango, sending you 1
2024-10-14 17:40:23.076678 Golf: Oscar, sending you 4
2024-10-14 17:40:23.077655 Whiskey: Tango, sending you 6
2024-10-14 17:40:23.078669 Alpha: Zulu, Oscar and Golf, sending you 3
2024-10-14 17:40:23.079079 Mike: Zulu and Oscar, sending you 3
2024-10-14 17:40:23.079958 Foxtrot: Papa, sending you 4
2024-10-14 17:40:23.080666 Papa: Tango, sending you 7
2024-10-14 17:40:23.081022 Yankee: Zulu and Alpha, sending you 2
2024-10-14 17:40:23.081823 Zulu: Oscar, sending you 8
2024-10-14 17:40:23.082212 Whiskey: Foxtrot, sending you 5
2024-10-14 17:40:23.082563 Alpha: Mike, sending you 1
2024-10-14 17:40:23.082933 Golf: Mike, sending you 7
2024-10-14 17:40:23.083930 Tango: Whiskey, sending you 5
2024-10-14 17:40:23.084657 Mike: Golf, sending you 5
2024-10-14 17:40:23.085083 Papa: Foxtrot, sending you 5
2024-10-14 17:40:23.086679 Yankee: Oscar, sending you 5
2024-10-14 17:40:23.087171 Zulu: Golf and Mike, sending you 3
2024-10-14 17:40:23.087955 Whiskey: Papa, sending you 7
2024-10-14 17:40:23.088332 Golf: Alpha, sending you 5
2024-10-14 17:40:23.088720 Oscar: Yankee, Mike and Alpha, sending you 3
2024-10-14 17:40:23.089154 Tango: Foxtrot, sending you 2
2024-10-14 17:40:23.089816 Mike: Alpha, sending you 2
2024-10-14 17:40:23.090174 Yankee: Golf, sending you 3
2024-10-14 17:40:23.091824 Zulu: Alpha, sending you 5
2024-10-14 17:40:23.092685 Oscar: Zulu, sending you 4
2024-10-14 17:40:23.094684 Tango: Papa, sending you 7
2024-10-14 17:40:23.095670 Oscar: Golf and Foxtrot, sending you 2
chatterbot Tango submitting transactions
chatterbot Golf submitting transactions
chatterbot Whiskey submitting transactions
chatterbot Mike submitting transactions
chatterbot Alpha submitting transactions
chatterbot Yankee submitting transactions
chatterbot Foxtrot submitting transactions
chatterbot Zulu submitting transactions
chatterbot Oscar submitting transactions
chatterbot Papa submitting transactions
ChatterBot Whiskey round 5
ChatterBot Yankee round 5
ChatterBot Zulu round 5
ChatterBot Tango round 5
ChatterBot Oscar round 5
ChatterBot Golf round 5
ChatterBot Foxtrot round 5
ChatterBot Mike round 5
ChatterBot Alpha round 5
ChatterBot Papa round 5
2024-10-14 17:40:24.159686 Oscar: Yankee, Mike and Alpha, sending you 3
2024-10-14 17:40:24.163674 Zulu: Oscar, sending you 7
2024-10-14 17:40:24.164138 Oscar: Zulu, sending you 4
2024-10-14 17:40:24.166675 Yankee: Zulu, Golf and Alpha, sending you 2
2024-10-14 17:40:24.168016 Zulu: Golf, sending you 3
2024-10-14 17:40:24.168747 Oscar: Golf and Foxtrot, sending you 2
2024-10-14 17:40:24.169424 Golf: Zulu, sending you 3
2024-10-14 17:40:24.170530 Mike: Zulu, Oscar and Alpha, sending you 3
2024-10-14 17:40:24.171120 Yankee: Oscar, sending you 6
2024-10-14 17:40:24.171739 Alpha: Zulu and Golf, sending you 3
2024-10-14 17:40:24.172864 Zulu: Mike, sending you 4
2024-10-14 17:40:24.173692 Golf: Oscar, sending you 4
2024-10-14 17:40:24.175277 Whiskey: Tango, sending you 6
2024-10-14 17:40:24.175926 Tango: Whiskey, sending you 5
2024-10-14 17:40:24.176488 Foxtrot: Whiskey and Papa, sending you 3
2024-10-14 17:40:24.176948 Mike: Golf, sending you 4
2024-10-14 17:40:24.178186 Alpha: Oscar and Mike, sending you 2
2024-10-14 17:40:24.178956 Zulu: Alpha, sending you 5
2024-10-14 17:40:24.179593 Papa: Whiskey, sending you 6
2024-10-14 17:40:24.180517 Golf: Mike, sending you 7
2024-10-14 17:40:24.181098 Tango: Foxtrot, sending you 3
2024-10-14 17:40:24.181556 Whiskey: Foxtrot, sending you 5
2024-10-14 17:40:24.182456 Foxtrot: Tango, sending you 2
2024-10-14 17:40:24.182996 Papa: Tango, sending you 7
2024-10-14 17:40:24.183669 Tango: Papa, sending you 6
2024-10-14 17:40:24.184670 Whiskey: Papa, sending you 7
2024-10-14 17:40:24.185670 Golf: Alpha, sending you 5
2024-10-14 17:40:24.186501 Papa: Foxtrot, sending you 5
chatterbot Mike submitting transactions
chatterbot Zulu submitting transactions
chatterbot Yankee submitting transactions
chatterbot Whiskey submitting transactions
chatterbot Papa submitting transactions
chatterbot Alpha submitting transactions
chatterbot Tango submitting transactions
chatterbot Foxtrot submitting transactions
chatterbot Golf submitting transactions
chatterbot Oscar submitting transactions
ChatterBot Whiskey round 6
ChatterBot Yankee round 6
ChatterBot Zulu round 6
ChatterBot Tango round 6
ChatterBot Oscar round 6
ChatterBot Golf round 6
ChatterBot Foxtrot round 6
ChatterBot Mike round 6
ChatterBot Alpha round 6
ChatterBot Papa round 6
2024-10-14 17:40:25.416674 Yankee: Zulu, Golf and Alpha, sending you 2
2024-10-14 17:40:25.419671 Yankee: Oscar, sending you 6
2024-10-14 17:40:25.426706 Foxtrot: Whiskey and Papa, sending you 3
2024-10-14 17:40:25.427698 Oscar: Yankee, Golf, Mike and Alpha, sending you 3
2024-10-14 17:40:25.428915 Whiskey: Tango, sending you 6
2024-10-14 17:40:25.429669 Mike: Zulu, Oscar and Alpha, sending you 3
2024-10-14 17:40:25.430581 Foxtrot: Tango, sending you 2
2024-10-14 17:40:25.430932 Golf: Zulu and Oscar, sending you 4
2024-10-14 17:40:25.431681 Alpha: Zulu and Golf, sending you 3
2024-10-14 17:40:25.432668 Whiskey: Foxtrot, sending you 5
2024-10-14 17:40:25.433314 Tango: Whiskey, sending you 5
2024-10-14 17:40:25.434754 Oscar: Zulu, sending you 4
2024-10-14 17:40:25.435232 Mike: Golf, sending you 4
2024-10-14 17:40:25.435728 Golf: Mike, sending you 6
2024-10-14 17:40:25.436214 Papa: Whiskey, sending you 6
2024-10-14 17:40:25.437314 Zulu: Oscar, sending you 7
2024-10-14 17:40:25.438002 Alpha: Oscar and Mike, sending you 2
2024-10-14 17:40:25.439099 Whiskey: Papa, sending you 7
2024-10-14 17:40:25.439645 Oscar: Foxtrot, sending you 1
2024-10-14 17:40:25.440128 Tango: Foxtrot, sending you 3
2024-10-14 17:40:25.440858 Golf: Alpha, sending you 5
2024-10-14 17:40:25.441501 Papa: Tango, sending you 7
2024-10-14 17:40:25.442105 Zulu: Golf, sending you 3
2024-10-14 17:40:25.443694 Tango: Papa, sending you 6
2024-10-14 17:40:25.445674 Papa: Foxtrot, sending you 5
2024-10-14 17:40:25.446667 Zulu: Mike, sending you 4
2024-10-14 17:40:25.451677 Zulu: Alpha, sending you 5
chatterbot Yankee submitting transactions
chatterbot Papa submitting transactions
chatterbot Alpha submitting transactions
chatterbot Zulu submitting transactions
chatterbot Oscar submitting transactions
chatterbot Whiskey submitting transactions
chatterbot Mike submitting transactions
chatterbot Foxtrot submitting transactions
chatterbot Tango submitting transactions
chatterbot Golf submitting transactions
ChatterBot Whiskey round 7
ChatterBot Yankee round 7
ChatterBot Zulu round 7
ChatterBot Tango round 7
ChatterBot Oscar round 7
ChatterBot Golf round 7
ChatterBot Foxtrot round 7
ChatterBot Mike round 7
ChatterBot Alpha round 7
ChatterBot Papa round 7
2024-10-14 17:40:26.528625 Golf: We should replace Alpha with Yankee
2024-10-14 17:40:26.540427 Zulu: No
2024-10-14 17:40:26.540703 Oscar: No
2024-10-14 17:40:26.540908 Mike: No
ChatterBot Golf reevaluating
ChatterBot Mike reevaluating
ChatterBot Golf reevaluating
2024-10-14 17:40:26.582308 Oscar: We should drop Foxtrot
ChatterBot Golf reevaluating
ChatterBot Mike reevaluating
2024-10-14 17:40:26.597036 Yankee: Yes
2024-10-14 17:40:26.597169 Zulu: Yes
2024-10-14 17:40:26.597263 Golf: Yes
2024-10-14 17:40:26.597348 Mike: Yes
2024-10-14 17:40:26.597430 Alpha: Yes
ChatterBot Golf reevaluating
ChatterBot Mike reevaluating
ChatterBot Golf reevaluating
ChatterBot Mike reevaluating
ChatterBot Mike reevaluating
ChatterBot Golf reevaluating
ChatterBot Golf reevaluating
ChatterBot Mike reevaluating
2024-10-14 17:40:26.672669 Zulu: Oscar, sending you 6
2024-10-14 17:40:26.674115 Mike: Yankee we want you to join our group
2024-10-14 17:40:26.677471 Yankee: No
ChatterBot Mike reevaluating
ChatterBot Oscar reevaluating
ChatterBot Golf reevaluating
2024-10-14 17:40:26.691044 Oscar: We should replace Foxtrot with Tango
ChatterBot Golf reevaluating
ChatterBot Mike reevaluating
2024-10-14 17:40:26.704814 Yankee: No
2024-10-14 17:40:26.704978 Zulu: No
2024-10-14 17:40:26.705116 Golf: No
2024-10-14 17:40:26.705240 Mike: No
2024-10-14 17:40:26.705348 Alpha: No
ChatterBot Oscar reevaluating
ChatterBot Golf reevaluating
ChatterBot Mike reevaluating
ChatterBot Oscar reevaluating
ChatterBot Golf reevaluating
ChatterBot Mike reevaluating
ChatterBot Oscar reevaluating
ChatterBot Mike reevaluating
ChatterBot Oscar reevaluating
ChatterBot Golf reevaluating
ChatterBot Oscar reevaluating
ChatterBot Golf reevaluating
ChatterBot Mike reevaluating
2024-10-14 17:40:26.785576 Whiskey: Tango, sending you 6
2024-10-14 17:40:26.786154 Yankee: Zulu, sending you 1
2024-10-14 17:40:26.786714 Zulu: Golf and Mike, sending you 4
2024-10-14 17:40:26.788688 Whiskey: Foxtrot, sending you 5
2024-10-14 17:40:26.791170 Foxtrot: Whiskey and Papa, sending you 3
2024-10-14 17:40:26.791674 Alpha: Zulu and Golf, sending you 3
2024-10-14 17:40:26.792357 Yankee: Oscar, sending you 7
2024-10-14 17:40:26.793220 Zulu: Alpha, sending you 5
2024-10-14 17:40:26.793964 Golf: Yankee we want you to join our group
2024-10-14 17:40:26.798705 Yankee: No
ChatterBot Oscar reevaluating
ChatterBot Golf reevaluating
2024-10-14 17:40:26.877160 Tango: Whiskey, sending you 5
2024-10-14 17:40:26.878652 Whiskey: Papa, sending you 7
2024-10-14 17:40:26.879491 Foxtrot: Tango, sending you 2
2024-10-14 17:40:26.880796 Alpha: Oscar and Mike, sending you 2
2024-10-14 17:40:26.881973 Yankee: Golf and Alpha, sending you 2
2024-10-14 17:40:26.883189 Tango: Foxtrot, sending you 3
2024-10-14 17:40:26.884976 Papa: Whiskey, sending you 6
2024-10-14 17:40:26.887116 Tango: Papa, sending you 6
2024-10-14 17:40:26.891679 Papa: Tango, sending you 7
2024-10-14 17:40:26.895688 Golf: Zulu and Oscar, sending you 4
2024-10-14 17:40:26.897078 Papa: Foxtrot, sending you 5
2024-10-14 17:40:26.901666 Golf: Mike, sending you 6
2024-10-14 17:40:26.905677 Mike: Yankee, sending you 2
2024-10-14 17:40:26.907897 Golf: Alpha, sending you 5
2024-10-14 17:40:26.910674 Oscar: Yankee, Golf, Mike and Alpha, sending you 3
2024-10-14 17:40:26.911672 Mike: Zulu and Oscar, sending you 3
2024-10-14 17:40:26.913678 Oscar: Zulu, sending you 5
2024-10-14 17:40:26.915725 Mike: Golf, sending you 5
chatterbot Zulu submitting transactions
chatterbot Tango submitting transactions
chatterbot Foxtrot submitting transactions
chatterbot Alpha submitting transactions
chatterbot Golf submitting transactions
chatterbot Whiskey submitting transactions
chatterbot Papa submitting transactions
chatterbot Yankee submitting transactions
chatterbot Oscar submitting transactions
chatterbot Mike submitting transactions
ChatterBot Whiskey round 8
ChatterBot Yankee round 8
ChatterBot Zulu round 8
ChatterBot Tango round 8
ChatterBot Oscar round 8
ChatterBot Golf round 8
ChatterBot Foxtrot round 8
ChatterBot Mike round 8
ChatterBot Alpha round 8
ChatterBot Papa round 8
2024-10-14 17:40:27.995753 Golf: We should replace Alpha with Yankee
2024-10-14 17:40:28.002806 Zulu: No
2024-10-14 17:40:28.002967 Oscar: No
2024-10-14 17:40:28.003087 Mike: Yes
2024-10-14 17:40:28.031957 Golf: Yankee we want you to join our group
2024-10-14 17:40:28.034173 Yankee: No
ChatterBot Mike reevaluating
2024-10-14 17:40:28.042054 Mike: We should replace Yankee with Alpha
2024-10-14 17:40:28.047644 Golf: No
2024-10-14 17:40:28.047774 Zulu: Yes
2024-10-14 17:40:28.047886 Oscar: No
ChatterBot Mike reevaluating
ChatterBot Golf reevaluating
ChatterBot Oscar reevaluating
ChatterBot Mike reevaluating
ChatterBot Golf reevaluating
ChatterBot Mike reevaluating
2024-10-14 17:40:28.066574 Oscar: We should add Tango
ChatterBot Golf reevaluating
ChatterBot Mike reevaluating
2024-10-14 17:40:28.076947 Yankee: No
2024-10-14 17:40:28.077070 Zulu: No
2024-10-14 17:40:28.077172 Golf: No
2024-10-14 17:40:28.077262 Mike: No
2024-10-14 17:40:28.077346 Alpha: No
ChatterBot Oscar reevaluating
ChatterBot Golf reevaluating
ChatterBot Mike reevaluating
ChatterBot Oscar reevaluating
ChatterBot Golf reevaluating
ChatterBot Mike reevaluating
ChatterBot Oscar reevaluating
ChatterBot Mike reevaluating
ChatterBot Oscar reevaluating
ChatterBot Golf reevaluating
ChatterBot Alpha reevaluating
ChatterBot Oscar reevaluating
ChatterBot Golf reevaluating
ChatterBot Mike reevaluating
2024-10-14 17:40:28.128335 Alpha: We should add Yankee
ChatterBot Golf reevaluating
ChatterBot Oscar reevaluating
ChatterBot Mike reevaluating
2024-10-14 17:40:28.162877 Golf: No
2024-10-14 17:40:28.163058 Zulu: No
2024-10-14 17:40:28.163197 Oscar: Yes
2024-10-14 17:40:28.163312 Mike: Yes
ChatterBot Oscar reevaluating
ChatterBot Mike reevaluating
ChatterBot Alpha reevaluating
ChatterBot Golf reevaluating
ChatterBot Oscar reevaluating
ChatterBot Mike reevaluating
ChatterBot Alpha reevaluating
ChatterBot Golf reevaluating
ChatterBot Mike reevaluating
ChatterBot Alpha reevaluating
ChatterBot Golf reevaluating
ChatterBot Oscar reevaluating
ChatterBot Alpha reevaluating
2024-10-14 17:40:28.264689 Zulu: Oscar, sending you 6
2024-10-14 17:40:28.266204 Tango: Whiskey, sending you 5
2024-10-14 17:40:28.267035 Whiskey: Tango, sending you 6
2024-10-14 17:40:28.268230 Yankee: Zulu, sending you 1
2024-10-14 17:40:28.268970 Mike: Alpha we want you to join our group
ChatterBot Alpha reevaluating
2024-10-14 17:40:28.273514 Alpha: Yes
ChatterBot Golf reevaluating
ChatterBot Oscar reevaluating
ChatterBot Mike reevaluating
2024-10-14 17:40:28.294190 Zulu: Golf and Mike, sending you 4
2024-10-14 17:40:28.297420 Tango: Foxtrot, sending you 3
2024-10-14 17:40:28.300057 Yankee: Oscar, sending you 7
2024-10-14 17:40:28.301656 Whiskey: Foxtrot, sending you 5
2024-10-14 17:40:28.303359 Zulu: Alpha, sending you 5
2024-10-14 17:40:28.305611 Tango: Papa, sending you 6
2024-10-14 17:40:28.306752 Yankee: Golf and Alpha, sending you 2
2024-10-14 17:40:28.308215 Papa: Whiskey, sending you 6
2024-10-14 17:40:28.308982 Foxtrot: Whiskey and Papa, sending you 3
2024-10-14 17:40:28.310462 Whiskey: Papa, sending you 7
2024-10-14 17:40:28.312975 Papa: Tango, sending you 7
2024-10-14 17:40:28.314684 Foxtrot: Tango, sending you 2
2024-10-14 17:40:28.317684 Papa: Foxtrot, sending you 5
2024-10-14 17:40:28.321683 Oscar: Yankee, Golf, Mike and Alpha, sending you 3
2024-10-14 17:40:28.324669 Oscar: Zulu, sending you 5
2024-10-14 17:40:28.326654 Alpha: Zulu and Golf, sending you 3
2024-10-14 17:40:28.329665 Mike: Zulu, Oscar and Alpha, sending you 3
2024-10-14 17:40:28.330691 Golf: Yankee and Zulu, sending you 4
2024-10-14 17:40:28.331673 Alpha: Oscar and Mike, sending you 2
2024-10-14 17:40:28.333655 Mike: Golf, sending you 4
2024-10-14 17:40:28.335723 Golf: Oscar, sending you 5
2024-10-14 17:40:28.338662 Golf: Mike, sending you 6
chatterbot Papa submitting transactions
chatterbot Tango submitting transactions
chatterbot Whiskey submitting transactions
chatterbot Zulu submitting transactions
chatterbot Yankee submitting transactions
chatterbot Oscar submitting transactions
chatterbot Alpha submitting transactions
chatterbot Foxtrot submitting transactions
chatterbot Golf submitting transactions
chatterbot Mike submitting transactions
ChatterBot Whiskey round 9
ChatterBot Yankee round 9
ChatterBot Zulu round 9
ChatterBot Tango round 9
ChatterBot Oscar round 9
ChatterBot Golf round 9
ChatterBot Foxtrot round 9
ChatterBot Mike round 9
ChatterBot Alpha round 9
ChatterBot Papa round 9
2024-10-14 17:40:29.444935 Golf: We should replace Yankee with Alpha
2024-10-14 17:40:29.451513 Zulu: Yes
2024-10-14 17:40:29.451662 Oscar: No
2024-10-14 17:40:29.451791 Mike: Yes
ChatterBot Golf reevaluating
ChatterBot Golf reevaluating
ChatterBot Golf reevaluating
2024-10-14 17:40:29.478945 Golf: We should replace Zulu with Alpha
2024-10-14 17:40:29.483899 Yankee: No
2024-10-14 17:40:29.484273 Oscar: No
2024-10-14 17:40:29.484378 Mike: No
ChatterBot Golf reevaluating
ChatterBot Golf reevaluating
ChatterBot Golf reevaluating
2024-10-14 17:40:29.503748 Yankee: Zulu, sending you 1
2024-10-14 17:40:29.504917 Oscar: Yankee, Golf, Mike and Alpha, sending you 3
2024-10-14 17:40:29.505713 Whiskey: Tango, sending you 6
2024-10-14 17:40:29.506209 Zulu: Oscar, sending you 6
2024-10-14 17:40:29.508145 Yankee: Oscar, sending you 6
2024-10-14 17:40:29.508711 Oscar: Zulu, sending you 5
2024-10-14 17:40:29.509592 Whiskey: Foxtrot, sending you 5
2024-10-14 17:40:29.510381 Golf: Alpha we want you to join our group
2024-10-14 17:40:29.514418 Alpha: Yes
ChatterBot Golf reevaluating
2024-10-14 17:40:29.528840 Zulu: Golf and Mike, sending you 4
2024-10-14 17:40:29.530306 Foxtrot: Whiskey and Papa, sending you 3
2024-10-14 17:40:29.530850 Whiskey: Papa, sending you 7
2024-10-14 17:40:29.531481 Yankee: Golf, sending you 3
2024-10-14 17:40:29.532088 Alpha: Zulu and Oscar, sending you 3
2024-10-14 17:40:29.533698 Zulu: Alpha, sending you 5
2024-10-14 17:40:29.535342 Tango: Whiskey, sending you 5
2024-10-14 17:40:29.536003 Foxtrot: Tango, sending you 2
2024-10-14 17:40:29.536681 Mike: Zulu, Oscar and Alpha, sending you 3
2024-10-14 17:40:29.537413 Yankee: Alpha, sending you 2
2024-10-14 17:40:29.537805 Papa: Whiskey, sending you 6
2024-10-14 17:40:29.538188 Alpha: Golf and Mike, sending you 2
2024-10-14 17:40:29.538696 Tango: Foxtrot, sending you 3
2024-10-14 17:40:29.539662 Mike: Golf, sending you 4
2024-10-14 17:40:29.541698 Papa: Tango, sending you 7
2024-10-14 17:40:29.542669 Tango: Papa, sending you 6
2024-10-14 17:40:29.544697 Papa: Foxtrot, sending you 5
2024-10-14 17:40:29.564744 Golf: Zulu and Oscar, sending you 4
2024-10-14 17:40:29.568692 Golf: Mike, sending you 6
2024-10-14 17:40:29.573678 Golf: Alpha, sending you 5
chatterbot Yankee submitting transactions
chatterbot Whiskey submitting transactions
chatterbot Zulu submitting transactions
chatterbot Alpha submitting transactions
chatterbot Mike submitting transactions
chatterbot Foxtrot submitting transactions
chatterbot Golf submitting transactions
chatterbot Papa submitting transactions
chatterbot Oscar submitting transactions
chatterbot Tango submitting transactions
ChatterBot Whiskey round 10
ChatterBot Yankee round 10
ChatterBot Zulu round 10
ChatterBot Tango round 10
ChatterBot Oscar round 10
ChatterBot Golf round 10
ChatterBot Foxtrot round 10
ChatterBot Mike round 10
ChatterBot Alpha round 10
ChatterBot Papa round 10
2024-10-14 17:40:30.678929 Golf: We should replace Alpha with Yankee
ChatterBot Mike reevaluating
2024-10-14 17:40:30.686076 Zulu: No
2024-10-14 17:40:30.686226 Oscar: No
2024-10-14 17:40:30.686343 Mike: No
ChatterBot Mike reevaluating
ChatterBot Golf reevaluating
ChatterBot Mike reevaluating
ChatterBot Golf reevaluating
2024-10-14 17:40:30.711898 Alpha: We should add Yankee
ChatterBot Golf reevaluating
ChatterBot Mike reevaluating
2024-10-14 17:40:30.720206 Golf: Yes
2024-10-14 17:40:30.720347 Zulu: No
2024-10-14 17:40:30.720480 Oscar: Yes
2024-10-14 17:40:30.720587 Mike: No
ChatterBot Mike reevaluating
ChatterBot Golf reevaluating
ChatterBot Mike reevaluating
ChatterBot Golf reevaluating
ChatterBot Mike reevaluating
ChatterBot Golf reevaluating
ChatterBot Alpha reevaluating
2024-10-14 17:40:30.765815 Mike: We should replace Zulu with Yankee
ChatterBot Golf reevaluating
ChatterBot Alpha reevaluating
2024-10-14 17:40:30.775040 Oscar: No
2024-10-14 17:40:30.775201 Golf: Yes
2024-10-14 17:40:30.775329 Alpha: No
ChatterBot Mike reevaluating
ChatterBot Golf reevaluating
ChatterBot Alpha reevaluating
ChatterBot Mike reevaluating
ChatterBot Alpha reevaluating
ChatterBot Mike reevaluating
ChatterBot Golf reevaluating
2024-10-14 17:40:30.803665 Zulu: Oscar, sending you 6
2024-10-14 17:40:30.804952 Tango: Whiskey, sending you 5
2024-10-14 17:40:30.805770 Mike: Yankee we want you to join our group
2024-10-14 17:40:30.808730 Yankee: No
ChatterBot Mike reevaluating
ChatterBot Golf reevaluating
ChatterBot Alpha reevaluating
2024-10-14 17:40:30.818663 Zulu: Golf and Mike, sending you 4
2024-10-14 17:40:30.819222 Tango: Foxtrot, sending you 3
2024-10-14 17:40:30.821654 Zulu: Alpha, sending you 5
2024-10-14 17:40:30.822656 Tango: Papa, sending you 6
2024-10-14 17:40:30.823687 Oscar: Yankee, Golf, Mike and Alpha, sending you 3
2024-10-14 17:40:30.824168 Whiskey: Tango, sending you 6
2024-10-14 17:40:30.824565 Foxtrot: Whiskey and Papa, sending you 3
2024-10-14 17:40:30.824978 Yankee: Zulu and Alpha, sending you 1
2024-10-14 17:40:30.826659 Oscar: Zulu, sending you 5
2024-10-14 17:40:30.827681 Alpha: Yankee we want you to join our group
2024-10-14 17:40:30.830307 Yankee: No
ChatterBot Golf reevaluating
ChatterBot Mike reevaluating
2024-10-14 17:40:30.841590 Whiskey: Foxtrot, sending you 5
2024-10-14 17:40:30.842140 Foxtrot: Tango, sending you 2
2024-10-14 17:40:30.842606 Yankee: Oscar, sending you 7
2024-10-14 17:40:30.845666 Golf: Yankee we want you to join our group
2024-10-14 17:40:30.848231 Yankee: No
ChatterBot Mike reevaluating
ChatterBot Golf reevaluating
2024-10-14 17:40:30.858100 Yankee: Golf, sending you 3
2024-10-14 17:40:30.858535 Papa: Whiskey, sending you 6
2024-10-14 17:40:30.858945 Whiskey: Papa, sending you 7
2024-10-14 17:40:30.861697 Alpha: Sending you each 2
2024-10-14 17:40:30.862650 Papa: Tango, sending you 7
2024-10-14 17:40:30.865673 Papa: Foxtrot, sending you 5
2024-10-14 17:40:30.881664 Golf: Yankee, sending you 3
2024-10-14 17:40:30.884665 Golf: Oscar and Alpha, sending you 5
2024-10-14 17:40:30.889083 Golf: Mike, sending you 6
2024-10-14 17:40:30.896678 Mike: Yankee, sending you 2
2024-10-14 17:40:30.899671 Mike: Oscar and Alpha, sending you 3
2024-10-14 17:40:30.903677 Mike: Golf, sending you 5
chatterbot Zulu submitting transactions
chatterbot Yankee submitting transactions
chatterbot Papa submitting transactions
chatterbot Whiskey submitting transactions
chatterbot Alpha submitting transactions
chatterbot Oscar submitting transactions
chatterbot Foxtrot submitting transactions
chatterbot Mike submitting transactions
chatterbot Tango submitting transactions
chatterbot Golf submitting transactions
ChatterBot Whiskey round 11
ChatterBot Yankee round 11
ChatterBot Zulu round 11
ChatterBot Tango round 11
ChatterBot Oscar round 11
ChatterBot Golf round 11
ChatterBot Foxtrot round 11
ChatterBot Mike round 11
ChatterBot Alpha round 11
ChatterBot Papa round 11
2024-10-14 17:40:31.894733 Golf: We should replace Alpha with Zulu
ChatterBot Mike reevaluating
2024-10-14 17:40:31.901546 Yankee: No
2024-10-14 17:40:31.901734 Oscar: No
2024-10-14 17:40:31.901943 Mike: No
ChatterBot Golf reevaluating
ChatterBot Mike reevaluating
ChatterBot Golf reevaluating
ChatterBot Mike reevaluating
ChatterBot Golf reevaluating
ChatterBot Yankee reevaluating
2024-10-14 17:40:31.925052 Yankee: We should replace Alpha with Mike
ChatterBot Golf reevaluating
2024-10-14 17:40:31.930951 Zulu: No
2024-10-14 17:40:31.931086 Oscar: No
2024-10-14 17:40:31.931196 Golf: Yes
ChatterBot Yankee reevaluating
ChatterBot Golf reevaluating
ChatterBot Yankee reevaluating
ChatterBot Golf reevaluating
ChatterBot Yankee reevaluating
2024-10-14 17:40:31.961154 Mike: We should replace Yankee with Zulu
ChatterBot Golf reevaluating
2024-10-14 17:40:31.967090 Oscar: No
2024-10-14 17:40:31.967580 Golf: No
2024-10-14 17:40:31.967700 Alpha: No
ChatterBot Mike reevaluating
ChatterBot Golf reevaluating
ChatterBot Mike reevaluating
ChatterBot Mike reevaluating
ChatterBot Golf reevaluating
2024-10-14 17:40:31.988664 Whiskey: Tango, sending you 6
2024-10-14 17:40:31.990678 Foxtrot: Whiskey and Papa, sending you 3
2024-10-14 17:40:31.991932 Oscar: Yankee, Golf, Mike and Alpha, sending you 3
2024-10-14 17:40:31.992687 Whiskey: Foxtrot, sending you 5
2024-10-14 17:40:31.994681 Golf: Zulu we want you to join our group
2024-10-14 17:40:31.998293 Zulu: Yes
ChatterBot Alpha reevaluating
2024-10-14 17:40:32.009109 Mike: Zulu we want you to join our group
2024-10-14 17:40:32.012138 Zulu: Yes
ChatterBot Alpha reevaluating
2024-10-14 17:40:32.023307 Foxtrot: Tango, sending you 2
2024-10-14 17:40:32.023889 Oscar: Zulu, sending you 5
2024-10-14 17:40:32.024560 Whiskey: Papa, sending you 7
2024-10-14 17:40:32.025092 Papa: Whiskey, sending you 6
2024-10-14 17:40:32.026658 Zulu: Oscar, sending you 7
2024-10-14 17:40:32.027971 Tango: Whiskey, sending you 5
2024-10-14 17:40:32.029701 Yankee: Zulu, sending you 1
2024-10-14 17:40:32.030721 Papa: Tango, sending you 7
2024-10-14 17:40:32.031659 Zulu: Golf, sending you 4
2024-10-14 17:40:32.032592 Tango: Foxtrot, sending you 3
2024-10-14 17:40:32.033691 Papa: Foxtrot, sending you 5
2024-10-14 17:40:32.035936 Alpha: We should drop Yankee
2024-10-14 17:40:32.046270 Golf: Yes
2024-10-14 17:40:32.046451 Zulu: Yes
2024-10-14 17:40:32.046591 Oscar: No
2024-10-14 17:40:32.046745 Mike: Yes
ChatterBot Oscar reevaluating
ChatterBot Alpha reevaluating
ChatterBot Oscar reevaluating
ChatterBot Alpha reevaluating
ChatterBot Alpha reevaluating
ChatterBot Golf reevaluating
ChatterBot Oscar reevaluating
ChatterBot Alpha reevaluating
2024-10-14 17:40:32.084136 Yankee: Oscar, sending you 6
2024-10-14 17:40:32.084536 Zulu: Mike, sending you 3
2024-10-14 17:40:32.085025 Tango: Papa, sending you 6
2024-10-14 17:40:32.085812 Mike: Zulu, Oscar and Alpha, sending you 3
2024-10-14 17:40:32.087684 Zulu: Alpha, sending you 5
2024-10-14 17:40:32.088981 Yankee: Golf, sending you 3
2024-10-14 17:40:32.089808 Mike: Golf, sending you 4
2024-10-14 17:40:32.092800 Yankee: Alpha, sending you 2
2024-10-14 17:40:32.111756 Oscar: Sorry, I'm actually sending you 0
2024-10-14 17:40:32.116676 Alpha: Zulu and Golf, sending you 3
2024-10-14 17:40:32.119658 Oscar: Golf, Mike and Alpha, sending you 4
2024-10-14 17:40:32.121663 Alpha: Oscar and Mike, sending you 2
chatterbot Foxtrot submitting transactions
chatterbot Mike submitting transactions
chatterbot Yankee submitting transactions
chatterbot Tango submitting transactions
chatterbot Papa submitting transactions
chatterbot Whiskey submitting transactions
chatterbot Zulu submitting transactions
chatterbot Alpha submitting transactions
chatterbot Golf submitting transactions
