ChatterBot Bravo round 1
ChatterBot Kilo round 1
ChatterBot Lima round 1
ChatterBot Charlie round 1
ChatterBot Uniform round 1
ChatterBot Echo round 1
ChatterBot Hotel round 1
ChatterBot Alpha round 1
randomSelections Bravo: {Bravo, November, Kilo, Hotel} 
2024-10-14 17:40:18.194239 Bravo: Group up?
ChatterBot Kilo reevaluating
ChatterBot Hotel reevaluating
2024-10-14 17:40:18.218532 Kilo: Yes
2024-10-14 17:40:18.219577 Hotel: Yes
ChatterBot Hotel reevaluating
ChatterBot Kilo reevaluating
randomSelections Charlie: {Charlie, Uniform, Kilo, Bravo, Lima, Hotel} 
2024-10-14 17:40:18.238309 Charlie: Can we be friends?
ChatterBot Uniform reevaluating
ChatterBot Kilo reevaluating
ChatterBot Lima reevaluating
ChatterBot Hotel reevaluating
2024-10-14 17:40:18.252893 Uniform: Yes
2024-10-14 17:40:18.253133 Kilo: No
2024-10-14 17:40:18.253930 Bravo: No
2024-10-14 17:40:18.254247 Lima: Yes
2024-10-14 17:40:18.254458 Hotel: No
ChatterBot Kilo reevaluating
ChatterBot Lima reevaluating
ChatterBot Hotel reevaluating
ChatterBot Uniform reevaluating
ChatterBot Lima reevaluating
ChatterBot Hotel reevaluating
ChatterBot Uniform reevaluating
ChatterBot Kilo reevaluating
ChatterBot Lima reevaluating
ChatterBot Hotel reevaluating
ChatterBot Uniform reevaluating
ChatterBot Kilo reevaluating
ChatterBot Hotel reevaluating
ChatterBot Uniform reevaluating
ChatterBot Kilo reevaluating
ChatterBot Lima reevaluating
ChatterBot November round 1
ChatterBot November reevaluating
ChatterBot November reevaluating
ChatterBot November reevaluating
2024-10-14 17:40:18.325963 November: Yes
ChatterBot Kilo reevaluating
ChatterBot Hotel reevaluating
ChatterBot Victor round 1
randomSelections Echo: {Echo, November, Victor, Bravo, Kilo, Charlie, Lima} 
2024-10-14 17:40:18.338262 Echo: Can we be friends?
ChatterBot November reevaluating
ChatterBot Victor reevaluating
ChatterBot Kilo reevaluating
ChatterBot Lima reevaluating
2024-10-14 17:40:18.350750 November: No
2024-10-14 17:40:18.351047 Victor: Yes
2024-10-14 17:40:18.351222 Bravo: No
2024-10-14 17:40:18.351399 Kilo: No
2024-10-14 17:40:18.352365 Charlie: No
2024-10-14 17:40:18.352638 Lima: No
ChatterBot Victor reevaluating
ChatterBot Kilo reevaluating
ChatterBot Lima reevaluating
ChatterBot November reevaluating
ChatterBot Kilo reevaluating
ChatterBot Lima reevaluating
ChatterBot November reevaluating
ChatterBot Victor reevaluating
ChatterBot Kilo reevaluating
ChatterBot Lima reevaluating
ChatterBot November reevaluating
ChatterBot Victor reevaluating
ChatterBot Lima reevaluating
ChatterBot November reevaluating
ChatterBot Victor reevaluating
ChatterBot Kilo reevaluating
ChatterBot Lima reevaluating
ChatterBot November reevaluating
ChatterBot Victor reevaluating
ChatterBot Kilo reevaluating
randomSelections Alpha: {Alpha, Hotel, November, Echo} 
2024-10-14 17:40:18.414742 Alpha: Group up?
ChatterBot Hotel reevaluating
ChatterBot November reevaluating
2024-10-14 17:40:18.418911 Hotel: No
2024-10-14 17:40:18.419559 November: No
2024-10-14 17:40:18.419759 Echo: No
ChatterBot November reevaluating
ChatterBot Hotel reevaluating
ChatterBot Hotel reevaluating
ChatterBot November reevaluating
2024-10-14 17:40:18.506435 Charlie: Bravo, sending you 5
2024-10-14 17:40:18.508289 Echo: Bravo, sending you 4
2024-10-14 17:40:18.509001 Uniform: Bravo, sending you 4
2024-10-14 17:40:18.510767 Bravo: Kilo, sending you 6
2024-10-14 17:40:18.511703 Kilo: Bravo, Hotel and November, sending you 2
2024-10-14 17:40:18.513922 Charlie: Kilo, sending you 2
2024-10-14 17:40:18.515641 Echo: Kilo and Charlie, sending you 1
2024-10-14 17:40:18.516954 Hotel: Bravo, sending you 8
2024-10-14 17:40:18.518372 Uniform: Kilo and Hotel, sending you 2
2024-10-14 17:40:18.518944 Lima: Bravo and Kilo, sending you 1
2024-10-14 17:40:18.520340 November: Bravo, sending you 6
2024-10-14 17:40:18.521992 Alpha: Echo, sending you 5
2024-10-14 17:40:18.522776 Victor: Bravo, sending you 4
2024-10-14 17:40:18.523419 Bravo: Hotel, sending you 4
2024-10-14 17:40:18.525539 Charlie: Lima, sending you 1
2024-10-14 17:40:18.526928 Echo: Lima, sending you 2
2024-10-14 17:40:18.527583 Uniform: Charlie, sending you 1
2024-10-14 17:40:18.528231 Hotel: Kilo, sending you 6
2024-10-14 17:40:18.529464 Lima: Charlie, sending you 2
2024-10-14 17:40:18.531122 November: Kilo, sending you 8
2024-10-14 17:40:18.531857 Alpha: Hotel, sending you 4
2024-10-14 17:40:18.533597 Victor: Kilo and Charlie, sending you 1
2024-10-14 17:40:18.535125 Bravo: November, sending you 9
2024-10-14 17:40:18.535801 Charlie: Uniform and Hotel, sending you 4
2024-10-14 17:40:18.536394 Echo: November and Victor, sending you 3
2024-10-14 17:40:18.537921 Hotel: November, sending you 2
2024-10-14 17:40:18.539568 Lima: Uniform, sending you 4
2024-10-14 17:40:18.540328 November: Hotel, sending you 4
2024-10-14 17:40:18.542159 Victor: Lima, sending you 2
2024-10-14 17:40:18.543066 Alpha: November, sending you 2
2024-10-14 17:40:18.546698 Victor: Echo, sending you 3
chatterbot Bravo submitting transactions
chatterbot November submitting transactions
chatterbot Victor submitting transactions
chatterbot Hotel submitting transactions
chatterbot Charlie submitting transactions
chatterbot Alpha submitting transactions
chatterbot Lima submitting transactions
chatterbot Echo submitting transactions
chatterbot Uniform submitting transactions
chatterbot Kilo submitting transactions
ChatterBot Bravo round 2
ChatterBot Kilo round 2
ChatterBot Lima round 2
ChatterBot Charlie round 2
ChatterBot Uniform round 2
ChatterBot Echo round 2
ChatterBot Hotel round 2
ChatterBot Alpha round 2
2024-10-14 17:40:19.458859 Lima: Let's form a team
ChatterBot Charlie reevaluating
ChatterBot Uniform reevaluating
ChatterBot Echo reevaluating
ChatterBot Alpha reevaluating
ChatterBot Victor reevaluating
2024-10-14 17:40:19.480586 Charlie: Yes
2024-10-14 17:40:19.480755 Uniform: No
2024-10-14 17:40:19.480874 Echo: Yes
2024-10-14 17:40:19.480982 Alpha: No
2024-10-14 17:40:19.481086 Victor: No
ChatterBot Uniform reevaluating
ChatterBot Echo reevaluating
ChatterBot Alpha reevaluating
ChatterBot Victor reevaluating
ChatterBot Charlie reevaluating
ChatterBot Echo reevaluating
ChatterBot Alpha reevaluating
ChatterBot Victor reevaluating
ChatterBot Charlie reevaluating
ChatterBot Uniform reevaluating
ChatterBot Alpha reevaluating
ChatterBot Victor reevaluating
ChatterBot Charlie reevaluating
ChatterBot Uniform reevaluating
ChatterBot Echo reevaluating
ChatterBot Victor reevaluating
ChatterBot Charlie reevaluating
ChatterBot Uniform reevaluating
ChatterBot Echo reevaluating
ChatterBot Alpha reevaluating
2024-10-14 17:40:19.590334 Hotel: We should add Charlie
ChatterBot Bravo reevaluating
ChatterBot November reevaluating
ChatterBot Kilo reevaluating
2024-10-14 17:40:19.605546 Bravo: No
2024-10-14 17:40:19.605690 November: No
2024-10-14 17:40:19.605804 Kilo: Yes
ChatterBot November reevaluating
ChatterBot Kilo reevaluating
ChatterBot Hotel reevaluating
ChatterBot Bravo reevaluating
ChatterBot Kilo reevaluating
ChatterBot Hotel reevaluating
ChatterBot Bravo reevaluating
ChatterBot November reevaluating
ChatterBot Hotel reevaluating
2024-10-14 17:40:19.646798 November: Friends?
ChatterBot Alpha reevaluating
2024-10-14 17:40:19.650798 Alpha: No
ChatterBot November reevaluating
ChatterBot November round 2
ChatterBot Victor round 2
2024-10-14 17:40:19.693425 November: We should drop Bravo and Hotel
2024-10-14 17:40:19.699369 Kilo: No
ChatterBot November reevaluating
2024-10-14 17:40:19.705710 November: Group up?
ChatterBot Bravo reevaluating
ChatterBot Hotel reevaluating
ChatterBot Victor reevaluating
2024-10-14 17:40:19.740582 Bravo: No
2024-10-14 17:40:19.740761 Kilo: No
2024-10-14 17:40:19.740907 Hotel: No
2024-10-14 17:40:19.741054 Echo: No
2024-10-14 17:40:19.741589 Alpha: No
2024-10-14 17:40:19.741750 Victor: No
ChatterBot November reevaluating
ChatterBot Hotel reevaluating
ChatterBot Victor reevaluating
ChatterBot November reevaluating
ChatterBot Bravo reevaluating
ChatterBot Hotel reevaluating
ChatterBot Victor reevaluating
ChatterBot November reevaluating
ChatterBot Bravo reevaluating
ChatterBot Victor reevaluating
ChatterBot November reevaluating
ChatterBot Bravo reevaluating
ChatterBot Kilo reevaluating
ChatterBot Hotel reevaluating
ChatterBot Alpha reevaluating
ChatterBot Victor reevaluating
ChatterBot November reevaluating
ChatterBot Bravo reevaluating
ChatterBot Kilo reevaluating
ChatterBot Hotel reevaluating
ChatterBot Victor reevaluating
ChatterBot November reevaluating
ChatterBot Bravo reevaluating
ChatterBot Kilo reevaluating
ChatterBot Hotel reevaluating
ChatterBot Alpha reevaluating
2024-10-14 17:40:20.037580 Hotel: We should add Alpha
ChatterBot Bravo reevaluating
ChatterBot November reevaluating
ChatterBot Kilo reevaluating
2024-10-14 17:40:20.052213 Bravo: No
2024-10-14 17:40:20.052401 November: Yes
2024-10-14 17:40:20.052538 Kilo: No
ChatterBot November reevaluating
ChatterBot Kilo reevaluating
ChatterBot Hotel reevaluating
ChatterBot Bravo reevaluating
ChatterBot Kilo reevaluating
ChatterBot Hotel reevaluating
ChatterBot Bravo reevaluating
ChatterBot November reevaluating
ChatterBot Hotel reevaluating
2024-10-14 17:40:20.512452 Lima: Charlie, Echo and Victor, sending you 2
2024-10-14 17:40:20.513470 Bravo: We should drop Kilo
2024-10-14 17:40:20.520420 Hotel: No
2024-10-14 17:40:20.520573 November: No
2024-10-14 17:40:20.535739 Lima: Uniform and Alpha, sending you 1
2024-10-14 17:40:20.536087 Uniform: Lima, sending you 5
2024-10-14 17:40:20.733289 Alpha: Lima, Charlie, Uniform and Victor, sending you 2
chatterbot Bravo submitting transactions
2024-10-14 17:40:20.734590 November: Bravo, sending you 8
2024-10-14 17:40:20.735100 Charlie: Lima, sending you 5
2024-10-14 17:40:20.736073 Echo: Lima, Charlie and Uniform, sending you 1
2024-10-14 17:40:20.736561 Kilo: Bravo, Lima, Uniform, Hotel and November, sending you 2
2024-10-14 17:40:20.737668 Victor: Lima, Charlie, Uniform and Alpha, sending you 1
2024-10-14 17:40:20.738076 Uniform: Charlie, sending you 4
chatterbot Echo submitting transactions
chatterbot Lima submitting transactions
2024-10-14 17:40:20.739366 Alpha: Echo, sending you 3
2024-10-14 17:40:20.739856 Charlie: Uniform, Echo and Victor, sending you 3
2024-10-14 17:40:20.740333 November: Kilo, Hotel and Alpha, sending you 2
2024-10-14 17:40:20.741283 Echo: Alpha, sending you 6
2024-10-14 17:40:20.741724 Victor: Echo, sending you 7
2024-10-14 17:40:20.742567 Bravo: Hotel, sending you 10
2024-10-14 17:40:20.742946 Kilo: Charlie, sending you 1
2024-10-14 17:40:20.983965 November: Echo, sending you 3
2024-10-14 17:40:20.984608 Charlie: Alpha, sending you 2
2024-10-14 17:40:20.985054 Echo: Victor, sending you 4
2024-10-14 17:40:20.985876 Bravo: November, sending you 9
chatterbot November submitting transactions
2024-10-14 17:40:21.100853 November: Victor, sending you 1
chatterbot Charlie submitting transactions
chatterbot Uniform submitting transactions
chatterbot Victor submitting transactions
chatterbot Alpha submitting transactions
chatterbot Kilo submitting transactions
chatterbot Hotel submitting transactions
ChatterBot Bravo round 3
ChatterBot Kilo round 3
ChatterBot Lima round 3
ChatterBot Charlie round 3
ChatterBot Uniform round 3
ChatterBot Echo round 3
ChatterBot Hotel round 3
ChatterBot Alpha round 3
ChatterBot November round 3
ChatterBot Victor round 3
2024-10-14 17:40:21.585468 Hotel: We should add Uniform
ChatterBot Kilo reevaluating
2024-10-14 17:40:21.595358 Bravo: No
2024-10-14 17:40:21.595896 November: No
2024-10-14 17:40:21.596008 Kilo: Yes
ChatterBot Kilo reevaluating
ChatterBot Hotel reevaluating
ChatterBot Kilo reevaluating
ChatterBot Hotel reevaluating
ChatterBot Hotel reevaluating
2024-10-14 17:40:21.668372 Hotel: We should add Lima
ChatterBot Kilo reevaluating
2024-10-14 17:40:21.736978 Bravo: No
2024-10-14 17:40:21.737372 November: No
2024-10-14 17:40:21.737696 Kilo: No
ChatterBot Kilo reevaluating
ChatterBot Hotel reevaluating
ChatterBot Kilo reevaluating
ChatterBot Hotel reevaluating
ChatterBot Hotel reevaluating
2024-10-14 17:40:21.794288 Alpha: We should drop Uniform
2024-10-14 17:40:21.820446 Lima: No
2024-10-14 17:40:21.821301 Charlie: No
2024-10-14 17:40:21.821591 Echo: No
2024-10-14 17:40:21.821932 Victor: Yes
ChatterBot Charlie reevaluating
ChatterBot Charlie reevaluating
ChatterBot Charlie reevaluating
2024-10-14 17:40:21.938505 Bravo: Hotel, sending you 9
2024-10-14 17:40:21.938936 Lima: Charlie, sending you 3
2024-10-14 17:40:21.942322 Bravo: November, sending you 10
2024-10-14 17:40:21.943095 Lima: Uniform, sending you 2
2024-10-14 17:40:21.945986 Echo: Lima and Charlie, sending you 2
2024-10-14 17:40:21.946439 Kilo: Same as last round
2024-10-14 17:40:21.946875 Uniform: Lima and Alpha, sending you 2
2024-10-14 17:40:21.947717 Lima: Echo, Alpha and Victor, sending you 1
2024-10-14 17:40:21.967636 Echo: Uniform, sending you 1
2024-10-14 17:40:21.968239 Uniform: Charlie, sending you 3
2024-10-14 17:40:21.971447 Alpha: Lima, Charlie and Victor, sending you 2
2024-10-14 17:40:21.972233 November: Bravo, sending you 7
2024-10-14 17:40:21.972719 Echo: Alpha, sending you 4
2024-10-14 17:40:21.973095 Uniform: Echo and Victor, sending you 1
2024-10-14 17:40:21.973970 Charlie: Lima and Uniform, sending you 4
2024-10-14 17:40:21.974383 Victor: Lima and Alpha, sending you 2
2024-10-14 17:40:21.987789 Alpha: Echo, sending you 5
2024-10-14 17:40:21.988644 Echo: Victor, sending you 5
2024-10-14 17:40:21.989046 Charlie: Echo and Alpha, sending you 3
2024-10-14 17:40:21.989451 November: Kilo and Hotel, sending you 3
2024-10-14 17:40:21.990294 Victor: Charlie, sending you 3
2024-10-14 17:40:21.996273 Charlie: Victor, sending you 2
2024-10-14 17:40:21.997367 November: Echo and Alpha, sending you 2
2024-10-14 17:40:21.997836 Victor: Echo, sending you 4
2024-10-14 17:40:22.002643 November: Victor, sending you 1
chatterbot November submitting transactions
chatterbot Lima submitting transactions
chatterbot Echo submitting transactions
chatterbot Alpha submitting transactions
chatterbot Bravo submitting transactions
chatterbot Kilo submitting transactions
chatterbot Uniform submitting transactions
chatterbot Victor submitting transactions
chatterbot Hotel submitting transactions
chatterbot Charlie submitting transactions
ChatterBot Bravo round 4
ChatterBot Kilo round 4
ChatterBot Lima round 4
ChatterBot Charlie round 4
ChatterBot Uniform round 4
ChatterBot Echo round 4
ChatterBot Hotel round 4
ChatterBot Alpha round 4
ChatterBot November round 4
ChatterBot Victor round 4
2024-10-14 17:40:23.200043 Hotel: We should add Uniform
ChatterBot November reevaluating
2024-10-14 17:40:23.210940 Bravo: No
2024-10-14 17:40:23.211105 November: Yes
2024-10-14 17:40:23.211237 Kilo: No
ChatterBot November reevaluating
ChatterBot Hotel reevaluating
ChatterBot Hotel reevaluating
ChatterBot November reevaluating
ChatterBot Hotel reevaluating
2024-10-14 17:40:23.254611 Hotel: We should add Charlie
ChatterBot November reevaluating
2024-10-14 17:40:23.263311 Bravo: No
2024-10-14 17:40:23.263482 November: No
2024-10-14 17:40:23.263594 Kilo: No
ChatterBot November reevaluating
ChatterBot Hotel reevaluating
ChatterBot Hotel reevaluating
ChatterBot November reevaluating
ChatterBot Hotel reevaluating
2024-10-14 17:40:23.293675 Lima: Charlie, sending you 3
2024-10-14 17:40:23.294994 Bravo: Hotel, sending you 9
2024-10-14 17:40:23.296001 November: We should drop Echo and Victor
ChatterBot Hotel reevaluating
2024-10-14 17:40:23.312163 Bravo: Yes
2024-10-14 17:40:23.312326 Kilo: Yes
2024-10-14 17:40:23.312464 Hotel: Yes
2024-10-14 17:40:23.312588 Alpha: No
ChatterBot November reevaluating
ChatterBot Hotel reevaluating
ChatterBot Alpha reevaluating
ChatterBot November reevaluating
ChatterBot Hotel reevaluating
ChatterBot Alpha reevaluating
ChatterBot November reevaluating
ChatterBot Alpha reevaluating
ChatterBot November reevaluating
ChatterBot Hotel reevaluating
2024-10-14 17:40:23.368501 Kilo: Same as last round
2024-10-14 17:40:23.368825 Charlie: Lima and Uniform, sending you 4
2024-10-14 17:40:23.369318 Uniform: Lima, sending you 2
2024-10-14 17:40:23.369641 Lima: Uniform, sending you 2
2024-10-14 17:40:23.369944 Bravo: November, sending you 10
2024-10-14 17:40:23.371673 Charlie: Echo and Victor, sending you 3
2024-10-14 17:40:23.372195 Uniform: Charlie, sending you 4
2024-10-14 17:40:23.373102 Lima: Echo, Alpha and Victor, sending you 1
2024-10-14 17:40:23.373768 Hotel: Uniform we want you to join our group
2024-10-14 17:40:23.378604 Uniform: No
ChatterBot Hotel reevaluating
2024-10-14 17:40:23.392535 Victor: Lima, Charlie and Alpha, sending you 2
2024-10-14 17:40:23.393423 Echo: Lima, sending you 2
2024-10-14 17:40:23.393835 Charlie: Alpha, sending you 2
2024-10-14 17:40:23.394360 Uniform: Echo, Alpha and Victor, sending you 1
2024-10-14 17:40:23.396688 Victor: Uniform, sending you 1
2024-10-14 17:40:23.398666 Echo: Charlie, sending you 3
2024-10-14 17:40:23.400662 Victor: Echo, sending you 4
2024-10-14 17:40:23.404680 Echo: Uniform, sending you 1
2024-10-14 17:40:23.407660 Echo: Alpha and Victor, sending you 4
2024-10-14 17:40:23.415747 Alpha: Lima and Victor, sending you 2
2024-10-14 17:40:23.416666 November: Bravo, sending you 9
2024-10-14 17:40:23.418999 Alpha: Charlie, sending you 3
2024-10-14 17:40:23.419681 November: Kilo, sending you 3
2024-10-14 17:40:23.420682 Hotel: Bravo, sending you 8
2024-10-14 17:40:23.421672 Alpha: Echo, sending you 4
2024-10-14 17:40:23.423654 Hotel: Kilo and November, sending you 5
2024-10-14 17:40:23.424690 November: Hotel, sending you 4
2024-10-14 17:40:23.427669 November: Alpha, sending you 2
chatterbot Lima submitting transactions
chatterbot Echo submitting transactions
chatterbot Charlie submitting transactions
chatterbot Kilo submitting transactions
chatterbot November submitting transactions
chatterbot Hotel submitting transactions
chatterbot Bravo submitting transactions
chatterbot Alpha submitting transactions
chatterbot Uniform submitting transactions
chatterbot Victor submitting transactions
ChatterBot Bravo round 5
ChatterBot Kilo round 5
ChatterBot Lima round 5
ChatterBot Charlie round 5
ChatterBot Uniform round 5
ChatterBot Echo round 5
ChatterBot Hotel round 5
ChatterBot Alpha round 5
ChatterBot November round 5
ChatterBot Victor round 5
2024-10-14 17:40:24.521721 November: We should replace Alpha with Uniform
2024-10-14 17:40:24.533109 Bravo: No
2024-10-14 17:40:24.533350 Kilo: No
2024-10-14 17:40:24.533599 Hotel: No
ChatterBot Hotel reevaluating
ChatterBot Hotel reevaluating
ChatterBot November reevaluating
2024-10-14 17:40:24.571679 Bravo: Hotel, sending you 9
2024-10-14 17:40:24.572446 Kilo: Same as last round
2024-10-14 17:40:24.572964 Charlie: Lima and Uniform, sending you 4
2024-10-14 17:40:24.575459 Victor: We should drop Uniform
ChatterBot Alpha reevaluating
2024-10-14 17:40:24.595921 Alpha: Yes
2024-10-14 17:40:24.596181 Lima: No
2024-10-14 17:40:24.596345 Charlie: No
2024-10-14 17:40:24.596505 Echo: No
ChatterBot Victor reevaluating
ChatterBot Alpha reevaluating
ChatterBot Victor reevaluating
ChatterBot Alpha reevaluating
ChatterBot Victor reevaluating
ChatterBot Alpha reevaluating
ChatterBot Victor reevaluating
2024-10-14 17:40:24.657283 Bravo: November, sending you 10
2024-10-14 17:40:24.657767 Charlie: Echo and Alpha, sending you 3
2024-10-14 17:40:24.660659 Echo: Lima, sending you 2
2024-10-14 17:40:24.661690 Charlie: Victor, sending you 2
2024-10-14 17:40:24.662235 Lima: Charlie, sending you 3
2024-10-14 17:40:24.662666 Uniform: Lima, sending you 2
2024-10-14 17:40:24.664652 Lima: Uniform, sending you 2
2024-10-14 17:40:24.665673 Echo: Charlie, sending you 3
2024-10-14 17:40:24.666715 Uniform: Charlie, sending you 4
2024-10-14 17:40:24.668667 Lima: Echo, Alpha and Victor, sending you 1
2024-10-14 17:40:24.669662 Echo: Uniform, sending you 1
2024-10-14 17:40:24.670686 November: Bravo, sending you 9
2024-10-14 17:40:24.672400 Uniform: Echo, Alpha and Victor, sending you 1
2024-10-14 17:40:24.673677 Echo: Alpha and Victor, sending you 4
2024-10-14 17:40:24.674670 November: Kilo, sending you 3
2024-10-14 17:40:24.678683 November: Hotel, sending you 4
2024-10-14 17:40:24.679016 Alpha: Lima, Charlie, Uniform and Victor, sending you 2
2024-10-14 17:40:24.679911 Victor: Lima, Charlie, Uniform and Alpha, sending you 2
2024-10-14 17:40:24.683676 November: Alpha, sending you 2
2024-10-14 17:40:24.684651 Alpha: Echo, sending you 3
2024-10-14 17:40:24.685090 Victor: Echo, sending you 3
chatterbot Bravo submitting transactions
chatterbot Uniform submitting transactions
chatterbot Echo submitting transactions
chatterbot November submitting transactions
chatterbot Kilo submitting transactions
chatterbot Alpha submitting transactions
chatterbot Hotel submitting transactions
chatterbot Charlie submitting transactions
chatterbot Lima submitting transactions
chatterbot Victor submitting transactions
ChatterBot Bravo round 6
ChatterBot Kilo round 6
ChatterBot Lima round 6
ChatterBot Charlie round 6
ChatterBot Uniform round 6
ChatterBot Echo round 6
ChatterBot Hotel round 6
ChatterBot Alpha round 6
ChatterBot November round 6
ChatterBot Victor round 6
2024-10-14 17:40:25.760008 Lima: We should add Kilo
2024-10-14 17:40:25.787386 Charlie: No
2024-10-14 17:40:25.787586 Uniform: No
2024-10-14 17:40:25.787759 Echo: No
2024-10-14 17:40:25.787923 Alpha: No
2024-10-14 17:40:25.788082 Victor: No
ChatterBot Lima reevaluating
ChatterBot Lima reevaluating
ChatterBot Lima reevaluating
ChatterBot Lima reevaluating
ChatterBot Lima reevaluating
ChatterBot Alpha reevaluating
2024-10-14 17:40:25.900678 Kilo: Same as last round
2024-10-14 17:40:25.909678 Victor: Lima, Charlie, Uniform and Alpha, sending you 2
2024-10-14 17:40:25.912666 Echo: Lima, sending you 2
2024-10-14 17:40:25.913662 Victor: Echo, sending you 3
2024-10-14 17:40:25.915851 Echo: Charlie, sending you 3
2024-10-14 17:40:25.916692 Hotel: Bravo, sending you 9
2024-10-14 17:40:25.918683 Bravo: Hotel, sending you 9
2024-10-14 17:40:25.919306 Charlie: Lima and Uniform, sending you 4
2024-10-14 17:40:25.920661 Lima: Charlie, sending you 3
2024-10-14 17:40:25.921453 Echo: Uniform, sending you 1
2024-10-14 17:40:25.922288 Hotel: Kilo, sending you 4
2024-10-14 17:40:25.922881 Uniform: Lima, sending you 2
2024-10-14 17:40:25.923605 Bravo: November, sending you 10
2024-10-14 17:40:25.924539 Charlie: Echo and Alpha, sending you 3
2024-10-14 17:40:25.925314 Lima: Uniform, sending you 2
2024-10-14 17:40:25.926185 Echo: Alpha and Victor, sending you 4
2024-10-14 17:40:25.927328 Alpha: Lima, Charlie, Uniform and Victor, sending you 2
2024-10-14 17:40:25.928182 Uniform: Charlie, sending you 4
2024-10-14 17:40:25.929536 Hotel: November, sending you 5
2024-10-14 17:40:25.930209 Charlie: Victor, sending you 2
2024-10-14 17:40:25.931057 Lima: Echo, Alpha and Victor, sending you 1
2024-10-14 17:40:25.931907 November: Bravo, sending you 9
2024-10-14 17:40:25.932537 Alpha: Echo, sending you 3
2024-10-14 17:40:25.933831 Uniform: Echo, Alpha and Victor, sending you 1
2024-10-14 17:40:25.936675 November: Kilo, sending you 3
2024-10-14 17:40:25.940677 November: Hotel, sending you 4
2024-10-14 17:40:25.943664 November: Alpha, sending you 2
chatterbot Echo submitting transactions
chatterbot Uniform submitting transactions
chatterbot Kilo submitting transactions
chatterbot Charlie submitting transactions
chatterbot Bravo submitting transactions
chatterbot November submitting transactions
chatterbot Lima submitting transactions
chatterbot Victor submitting transactions
chatterbot Alpha submitting transactions
chatterbot Hotel submitting transactions
ChatterBot Bravo round 7
ChatterBot Kilo round 7
ChatterBot Lima round 7
ChatterBot Charlie round 7
ChatterBot Uniform round 7
ChatterBot Echo round 7
ChatterBot Hotel round 7
ChatterBot Alpha round 7
ChatterBot November round 7
ChatterBot Victor round 7
2024-10-14 17:40:27.156968 Bravo: Hotel, sending you 9
2024-10-14 17:40:27.160691 Bravo: November, sending you 10
2024-10-14 17:40:27.162058 Kilo: Same as last round
2024-10-14 17:40:27.163686 Lima: Charlie, sending you 3
2024-10-14 17:40:27.164970 Charlie: Lima and Uniform, sending you 4
2024-10-14 17:40:27.165683 Uniform: Lima, Alpha and Victor, sending you 2
2024-10-14 17:40:27.166841 November: Bravo, sending you 9
2024-10-14 17:40:27.167367 Echo: Lima, sending you 2
2024-10-14 17:40:27.168621 Alpha: Lima, Charlie, Uniform and Victor, sending you 2
2024-10-14 17:40:27.169622 Lima: Uniform, sending you 2
2024-10-14 17:40:27.170335 Charlie: Echo and Alpha, sending you 3
2024-10-14 17:40:27.171469 Hotel: Bravo, sending you 9
2024-10-14 17:40:27.172121 November: Kilo, sending you 3
2024-10-14 17:40:27.172728 Uniform: Charlie, sending you 3
2024-10-14 17:40:27.173753 Alpha: Echo, sending you 3
2024-10-14 17:40:27.174484 Echo: Charlie, sending you 3
2024-10-14 17:40:27.175091 Lima: Echo, Alpha and Victor, sending you 1
2024-10-14 17:40:27.176312 Charlie: Victor, sending you 2
2024-10-14 17:40:27.177272 Hotel: Kilo, sending you 4
2024-10-14 17:40:27.178400 November: Hotel, sending you 5
2024-10-14 17:40:27.179703 Echo: Uniform, sending you 1
2024-10-14 17:40:27.180773 Victor: Lima, Charlie, Uniform and Alpha, sending you 2
2024-10-14 17:40:27.181691 November: Alpha, sending you 1
2024-10-14 17:40:27.183019 Hotel: November, sending you 5
2024-10-14 17:40:27.184677 Echo: Alpha and Victor, sending you 4
2024-10-14 17:40:27.185694 Victor: Echo, sending you 3
chatterbot Kilo submitting transactions
chatterbot Charlie submitting transactions
chatterbot Hotel submitting transactions
chatterbot Bravo submitting transactions
chatterbot Victor submitting transactions
chatterbot Alpha submitting transactions
chatterbot Lima submitting transactions
chatterbot Echo submitting transactions
chatterbot November submitting transactions
chatterbot Uniform submitting transactions
ChatterBot Bravo round 8
ChatterBot Kilo round 8
ChatterBot Lima round 8
ChatterBot Charlie round 8
ChatterBot Uniform round 8
ChatterBot Echo round 8
ChatterBot Hotel round 8
ChatterBot Alpha round 8
ChatterBot November round 8
ChatterBot Victor round 8
2024-10-14 17:40:28.218339 Hotel: We should add Uniform
ChatterBot November reevaluating
2024-10-14 17:40:28.230118 Bravo: No
2024-10-14 17:40:28.230514 November: No
2024-10-14 17:40:28.230867 Kilo: No
ChatterBot November reevaluating
ChatterBot Hotel reevaluating
ChatterBot Hotel reevaluating
ChatterBot November reevaluating
ChatterBot Hotel reevaluating
2024-10-14 17:40:28.280321 November: We should replace Alpha with Lima
ChatterBot Hotel reevaluating
2024-10-14 17:40:28.290215 Bravo: No
2024-10-14 17:40:28.290567 Kilo: No
2024-10-14 17:40:28.290933 Hotel: Yes
ChatterBot November reevaluating
ChatterBot Hotel reevaluating
ChatterBot November reevaluating
ChatterBot Hotel reevaluating
ChatterBot November reevaluating
2024-10-14 17:40:28.326421 Hotel: We should add Lima
ChatterBot November reevaluating
2024-10-14 17:40:28.335301 Bravo: No
2024-10-14 17:40:28.335450 November: Yes
2024-10-14 17:40:28.335568 Kilo: No
ChatterBot November reevaluating
ChatterBot Hotel reevaluating
ChatterBot Hotel reevaluating
ChatterBot November reevaluating
ChatterBot Hotel reevaluating
2024-10-14 17:40:28.366284 Uniform: Lima, Alpha and Victor, sending you 2
2024-10-14 17:40:28.369680 Uniform: Charlie, sending you 3
2024-10-14 17:40:28.370557 Bravo: Hotel, sending you 9
2024-10-14 17:40:28.371013 Echo: Lima, sending you 2
2024-10-14 17:40:28.372605 Kilo: Same as last round
2024-10-14 17:40:28.373163 Charlie: Lima and Uniform, sending you 4
2024-10-14 17:40:28.373857 Lima: Charlie, sending you 3
2024-10-14 17:40:28.374581 Bravo: November, sending you 10
2024-10-14 17:40:28.374934 Echo: Charlie, sending you 3
2024-10-14 17:40:28.376682 Alpha: Lima, Charlie, Uniform and Victor, sending you 2
2024-10-14 17:40:28.377494 Charlie: Echo and Alpha, sending you 3
2024-10-14 17:40:28.378183 Lima: Uniform, sending you 2
2024-10-14 17:40:28.380688 Echo: Uniform, sending you 1
2024-10-14 17:40:28.382020 Alpha: Echo, sending you 3
2024-10-14 17:40:28.382715 Charlie: Victor, sending you 2
2024-10-14 17:40:28.383345 Lima: Echo, Alpha and Victor, sending you 1
2024-10-14 17:40:28.385662 Echo: Alpha and Victor, sending you 4
2024-10-14 17:40:28.388666 Victor: Lima, Charlie, Uniform and Alpha, sending you 2
2024-10-14 17:40:28.391673 Hotel: Bravo, sending you 9
2024-10-14 17:40:28.394657 Victor: Echo, sending you 3
2024-10-14 17:40:28.395282 Hotel: Kilo, sending you 4
2024-10-14 17:40:28.395718 November: Bravo, sending you 9
2024-10-14 17:40:28.398661 Hotel: November, sending you 5
2024-10-14 17:40:28.399505 November: Kilo, sending you 3
2024-10-14 17:40:28.404691 November: Hotel, sending you 5
2024-10-14 17:40:28.407678 November: Alpha, sending you 1
chatterbot Kilo submitting transactions
chatterbot Bravo submitting transactions
chatterbot Charlie submitting transactions
chatterbot Uniform submitting transactions
chatterbot Lima submitting transactions
chatterbot Victor submitting transactions
chatterbot November submitting transactions
chatterbot Hotel submitting transactions
chatterbot Echo submitting transactions
chatterbot Alpha submitting transactions
ChatterBot Bravo round 9
ChatterBot Kilo round 9
ChatterBot Lima round 9
ChatterBot Charlie round 9
ChatterBot Uniform round 9
ChatterBot Echo round 9
ChatterBot Hotel round 9
ChatterBot Alpha round 9
ChatterBot November round 9
ChatterBot Victor round 9
2024-10-14 17:40:29.368876 November: We should replace Alpha with Lima
2024-10-14 17:40:29.378642 Bravo: No
2024-10-14 17:40:29.378839 Kilo: No
2024-10-14 17:40:29.378994 Hotel: No
ChatterBot November reevaluating
ChatterBot November reevaluating
2024-10-14 17:40:29.451650 Kilo: Same as last round
2024-10-14 17:40:29.458679 Bravo: Hotel, sending you 9
2024-10-14 17:40:29.459258 Charlie: Lima and Uniform, sending you 4
2024-10-14 17:40:29.461665 Uniform: Lima, Charlie, Alpha and Victor, sending you 2
2024-10-14 17:40:29.462666 Bravo: November, sending you 10
2024-10-14 17:40:29.463192 Charlie: Echo and Alpha, sending you 3
2024-10-14 17:40:29.464584 Lima: Charlie, sending you 3
2024-10-14 17:40:29.465651 Echo: Lima, sending you 2
2024-10-14 17:40:29.466689 Uniform: Echo, sending you 1
2024-10-14 17:40:29.467714 Lima: Uniform, sending you 2
2024-10-14 17:40:29.468700 Charlie: Victor, sending you 2
2024-10-14 17:40:29.469691 Echo: Charlie, sending you 3
2024-10-14 17:40:29.470743 Hotel: Bravo, sending you 8
2024-10-14 17:40:29.471499 Alpha: Lima, Charlie, Uniform and Victor, sending you 2
2024-10-14 17:40:29.473664 Lima: Echo, Alpha and Victor, sending you 1
2024-10-14 17:40:29.474637 Echo: Uniform, sending you 1
2024-10-14 17:40:29.475278 November: Bravo, sending you 9
2024-10-14 17:40:29.475661 Hotel: Kilo, sending you 4
2024-10-14 17:40:29.476032 Alpha: Echo, sending you 3
2024-10-14 17:40:29.478660 Echo: Alpha and Victor, sending you 4
2024-10-14 17:40:29.479294 Victor: Lima, Charlie, Uniform and Alpha, sending you 2
2024-10-14 17:40:29.479969 Hotel: November, sending you 6
2024-10-14 17:40:29.481034 November: Kilo, sending you 3
2024-10-14 17:40:29.483664 Victor: Echo, sending you 3
2024-10-14 17:40:29.484552 November: Hotel, sending you 5
2024-10-14 17:40:29.489669 November: Alpha, sending you 1
chatterbot Uniform submitting transactions
chatterbot Victor submitting transactions
chatterbot Bravo submitting transactions
chatterbot November submitting transactions
chatterbot Hotel submitting transactions
chatterbot Lima submitting transactions
chatterbot Kilo submitting transactions
chatterbot Charlie submitting transactions
chatterbot Alpha submitting transactions
chatterbot Echo submitting transactions
ChatterBot Bravo round 10
ChatterBot Kilo round 10
ChatterBot Lima round 10
ChatterBot Charlie round 10
ChatterBot Uniform round 10
ChatterBot Echo round 10
ChatterBot Hotel round 10
ChatterBot Alpha round 10
ChatterBot November round 10
ChatterBot Victor round 10
2024-10-14 17:40:30.701558 Alpha: We should drop Victor
ChatterBot Charlie reevaluating
2024-10-14 17:40:30.721453 Lima: No
2024-10-14 17:40:30.721593 Charlie: No
2024-10-14 17:40:30.721705 Uniform: No
2024-10-14 17:40:30.721839 Echo: No
ChatterBot Alpha reevaluating
ChatterBot Charlie reevaluating
ChatterBot Alpha reevaluating
ChatterBot Alpha reevaluating
ChatterBot Charlie reevaluating
ChatterBot Alpha reevaluating
ChatterBot Charlie reevaluating
2024-10-14 17:40:30.775343 Charlie: We should drop Alpha
ChatterBot Uniform reevaluating
2024-10-14 17:40:30.786703 Lima: No
2024-10-14 17:40:30.786837 Uniform: Yes
2024-10-14 17:40:30.786945 Echo: No
2024-10-14 17:40:30.787042 Victor: No
ChatterBot Charlie reevaluating
ChatterBot Uniform reevaluating
ChatterBot Charlie reevaluating
ChatterBot Victor reevaluating
ChatterBot Charlie reevaluating
ChatterBot Uniform reevaluating
ChatterBot Victor reevaluating
ChatterBot Charlie reevaluating
ChatterBot Uniform reevaluating
2024-10-14 17:40:30.838009 Bravo: Hotel, sending you 9
2024-10-14 17:40:30.838470 Hotel: Bravo, sending you 8
2024-10-14 17:40:30.838978 Kilo: Same as last round
2024-10-14 17:40:30.839659 Echo: Lima and Uniform, sending you 2
2024-10-14 17:40:30.840451 Lima: Charlie, Uniform and Alpha, sending you 2
2024-10-14 17:40:30.841248 Alpha: Lima, Charlie, Uniform and Victor, sending you 2
2024-10-14 17:40:30.842049 Bravo: November, sending you 10
2024-10-14 17:40:30.842453 Hotel: Kilo, sending you 4
2024-10-14 17:40:30.843351 Echo: Charlie and Victor, sending you 3
2024-10-14 17:40:30.844668 Alpha: Echo, sending you 3
2024-10-14 17:40:30.845675 Lima: Echo and Victor, sending you 1
2024-10-14 17:40:30.846589 Hotel: November, sending you 6
2024-10-14 17:40:30.848670 Echo: Alpha, sending you 4
2024-10-14 17:40:30.849892 November: Bravo, sending you 8
2024-10-14 17:40:30.853914 November: Kilo, sending you 3
2024-10-14 17:40:30.856713 November: Hotel, sending you 5
2024-10-14 17:40:30.860673 Victor: Lima, Charlie, Uniform and Alpha, sending you 2
2024-10-14 17:40:30.861737 November: Alpha, sending you 2
2024-10-14 17:40:30.864646 Victor: Echo, sending you 3
2024-10-14 17:40:30.865699 Charlie: Lima and Uniform, sending you 4
2024-10-14 17:40:30.870679 Charlie: Echo and Alpha, sending you 3
2024-10-14 17:40:30.876683 Charlie: Victor, sending you 2
chatterbot Echo submitting transactions
chatterbot November submitting transactions
chatterbot Victor submitting transactions
chatterbot Lima submitting transactions
chatterbot Charlie submitting transactions
chatterbot Bravo submitting transactions
chatterbot Kilo submitting transactions
chatterbot Hotel submitting transactions
chatterbot Alpha submitting transactions
chatterbot Uniform submitting transactions
ChatterBot Bravo round 11
ChatterBot Kilo round 11
ChatterBot Lima round 11
ChatterBot Charlie round 11
ChatterBot Uniform round 11
ChatterBot Echo round 11
ChatterBot Hotel round 11
ChatterBot Alpha round 11
ChatterBot November round 11
ChatterBot Victor round 11
2024-10-14 17:40:32.034230 November: We should replace Alpha with Uniform
2024-10-14 17:40:32.042183 Bravo: No
2024-10-14 17:40:32.042380 Kilo: No
2024-10-14 17:40:32.042862 Hotel: No
ChatterBot November reevaluating
ChatterBot November reevaluating
ChatterBot Kilo reevaluating
2024-10-14 17:40:32.062579 Kilo: We should add Uniform
ChatterBot November reevaluating
ChatterBot Hotel reevaluating
2024-10-14 17:40:32.069187 Bravo: No
2024-10-14 17:40:32.069294 November: Yes
2024-10-14 17:40:32.069386 Hotel: Yes
ChatterBot November reevaluating
ChatterBot Kilo reevaluating
ChatterBot Hotel reevaluating
ChatterBot Kilo reevaluating
ChatterBot Hotel reevaluating
ChatterBot November reevaluating
ChatterBot Kilo reevaluating
2024-10-14 17:40:32.095814 Bravo: Hotel, sending you 9
2024-10-14 17:40:32.097668 Echo: Lima and Uniform, sending you 2
2024-10-14 17:40:32.098452 Kilo: Uniform we want you to join our group
2024-10-14 17:40:32.101173 Uniform: No
ChatterBot Hotel reevaluating
ChatterBot Kilo reevaluating
ChatterBot November reevaluating
2024-10-14 17:40:32.113240 Bravo: November, sending you 10
2024-10-14 17:40:32.114194 Echo: Charlie and Victor, sending you 3
2024-10-14 17:40:32.116682 Hotel: Uniform we want you to join our group
2024-10-14 17:40:32.120562 Uniform: No
ChatterBot Kilo reevaluating
2024-10-14 17:40:32.135510 Lima: Charlie, Uniform and Alpha, sending you 2
2024-10-14 17:40:32.137393 Victor: Lima, Charlie, Uniform and Alpha, sending you 2
2024-10-14 17:40:32.138664 Echo: Alpha, sending you 4
2024-10-14 17:40:32.139632 Charlie: Lima, sending you 4
2024-10-14 17:40:32.140506 November: Uniform we want you to join our group
2024-10-14 17:40:32.144162 Uniform: No
ChatterBot Kilo reevaluating
ChatterBot November reevaluating
2024-10-14 17:40:32.158707 November: We should replace Alpha with Lima
ChatterBot Kilo reevaluating
2024-10-14 17:40:32.169353 Bravo: No
2024-10-14 17:40:32.169554 Kilo: No
2024-10-14 17:40:32.169726 Hotel: No
ChatterBot November reevaluating
ChatterBot Kilo reevaluating
ChatterBot November reevaluating
ChatterBot November reevaluating
ChatterBot Kilo reevaluating
2024-10-14 17:40:32.202989 Lima: Echo and Victor, sending you 1
2024-10-14 17:40:32.204731 Victor: Echo, sending you 3
2024-10-14 17:40:32.205588 Charlie: Uniform, Echo, Alpha and Victor, sending you 3
2024-10-14 17:40:32.206644 Alpha: Lima, Charlie, Uniform and Victor, sending you 2
2024-10-14 17:40:32.209679 Alpha: Echo, sending you 3
2024-10-14 17:40:32.218665 Hotel: Bravo, sending you 8
2024-10-14 17:40:32.222651 Kilo: Same as last round
2024-10-14 17:40:32.224863 Hotel: Kilo, sending you 3
2024-10-14 17:40:32.228670 Hotel: Uniform, sending you 2
2024-10-14 17:40:32.232651 Hotel: November, sending you 5
2024-10-14 17:40:32.235679 November: Bravo, sending you 8
2024-10-14 17:40:32.239660 November: Kilo, sending you 3
2024-10-14 17:40:32.244687 November: Hotel, sending you 5
2024-10-14 17:40:32.248671 November: Alpha, sending you 2
chatterbot Alpha submitting transactions
chatterbot Uniform submitting transactions
chatterbot Echo submitting transactions
chatterbot Victor submitting transactions
chatterbot November submitting transactions
chatterbot Hotel submitting transactions
chatterbot Charlie submitting transactions
chatterbot Lima submitting transactions
chatterbot Bravo submitting transactions
chatterbot Kilo submitting transactions
ChatterBot Bravo round 12
ChatterBot Kilo round 12
ChatterBot Lima round 12
ChatterBot Charlie round 12
ChatterBot Uniform round 12
ChatterBot Echo round 12
ChatterBot Hotel round 12
ChatterBot Alpha round 12
ChatterBot November round 12
ChatterBot Victor round 12
2024-10-14 17:40:33.402484 November: We should replace Alpha with Uniform
2024-10-14 17:40:33.408178 Bravo: No
2024-10-14 17:40:33.408323 Kilo: No
2024-10-14 17:40:33.408441 Hotel: Yes
ChatterBot November reevaluating
ChatterBot November reevaluating
ChatterBot November reevaluating
2024-10-14 17:40:33.430676 Lima: Charlie, Uniform and Alpha, sending you 2
2024-10-14 17:40:33.431834 Bravo: Hotel, sending you 9
2024-10-14 17:40:33.435696 November: Uniform we want you to join our group
2024-10-14 17:40:33.439796 Uniform: No
ChatterBot Kilo reevaluating
ChatterBot November reevaluating
2024-10-14 17:40:33.456166 Kilo: We should add Uniform
ChatterBot November reevaluating
2024-10-14 17:40:33.468142 Bravo: No
2024-10-14 17:40:33.468351 November: Yes
2024-10-14 17:40:33.468531 Hotel: Yes
ChatterBot November reevaluating
ChatterBot Kilo reevaluating
ChatterBot Kilo reevaluating
ChatterBot November reevaluating
ChatterBot Kilo reevaluating
2024-10-14 17:40:33.502738 Lima: Echo and Victor, sending you 1
2024-10-14 17:40:33.503894 Bravo: November, sending you 10
2024-10-14 17:40:33.504215 Charlie: Lima, sending you 4
2024-10-14 17:40:33.507842 Charlie: Uniform, Echo, Alpha and Victor, sending you 3
2024-10-14 17:40:33.509589 Alpha: Lima, Charlie, Uniform and Victor, sending you 2
