ChatterBot November round 1
ChatterBot India round 1
ChatterBot Zulu round 1
ChatterBot Alpha round 1
randomSelections India: {India, Echo, Alpha, Whiskey, Hotel, Bravo, Juliett} 
2024-10-14 17:40:18.122597 India: We would work well together
ChatterBot Alpha reevaluating
2024-10-14 17:40:18.145260 Alpha: Yes
randomSelections November: {November, Juliett, India, Whiskey, Echo, Zulu} 
2024-10-14 17:40:18.186736 November: Let's form a team
ChatterBot Zulu reevaluating
2024-10-14 17:40:18.215045 India: No
2024-10-14 17:40:18.215282 Zulu: Yes
ChatterBot Zulu reevaluating
ChatterBot Juliett round 1
ChatterBot Juliett reevaluating
ChatterBot Juliett reevaluating
ChatterBot Juliett reevaluating
ChatterBot Juliett reevaluating
ChatterBot Juliett reevaluating
2024-10-14 17:40:18.233155 Juliett: Yes
2024-10-14 17:40:18.233956 Juliett: No
ChatterBot Alpha reevaluating
ChatterBot Zulu reevaluating
ChatterBot Bravo round 1
ChatterBot Bravo reevaluating
ChatterBot Bravo reevaluating
ChatterBot Bravo reevaluating
2024-10-14 17:40:18.246349 Bravo: Yes
ChatterBot Alpha reevaluating
ChatterBot Juliett reevaluating
ChatterBot Hotel round 1
ChatterBot Hotel reevaluating
ChatterBot Hotel reevaluating
ChatterBot Hotel reevaluating
ChatterBot Hotel reevaluating
2024-10-14 17:40:18.257118 Hotel: Yes
ChatterBot Alpha reevaluating
ChatterBot Bravo reevaluating
ChatterBot Juliett reevaluating
ChatterBot Mike round 1
ChatterBot Whiskey round 1
ChatterBot Whiskey reevaluating
ChatterBot Whiskey reevaluating
ChatterBot Whiskey reevaluating
ChatterBot Whiskey reevaluating
ChatterBot Whiskey reevaluating
ChatterBot Whiskey reevaluating
ChatterBot Whiskey reevaluating
ChatterBot Whiskey reevaluating
ChatterBot Whiskey reevaluating
2024-10-14 17:40:18.276956 Whiskey: Yes
2024-10-14 17:40:18.277118 Whiskey: No
ChatterBot Alpha reevaluating
ChatterBot Hotel reevaluating
ChatterBot Bravo reevaluating
ChatterBot Juliett reevaluating
ChatterBot Zulu reevaluating
ChatterBot Juliett reevaluating
ChatterBot Echo round 1
ChatterBot Echo reevaluating
ChatterBot Echo reevaluating
ChatterBot Echo reevaluating
ChatterBot Echo reevaluating
ChatterBot Echo reevaluating
ChatterBot Echo reevaluating
ChatterBot Echo reevaluating
ChatterBot Echo reevaluating
ChatterBot Echo reevaluating
ChatterBot Echo reevaluating
ChatterBot Echo reevaluating
2024-10-14 17:40:18.308490 Echo: Yes
2024-10-14 17:40:18.308652 Echo: No
ChatterBot Alpha reevaluating
ChatterBot Whiskey reevaluating
ChatterBot Hotel reevaluating
ChatterBot Bravo reevaluating
ChatterBot Juliett reevaluating
ChatterBot Zulu reevaluating
ChatterBot Whiskey reevaluating
ChatterBot Juliett reevaluating
randomSelections Mike: {Mike, Echo, Juliett, November, India, Zulu, Bravo} 
2024-10-14 17:40:18.336543 Mike: Group up?
ChatterBot Echo reevaluating
2024-10-14 17:40:18.344210 Echo: No
2024-10-14 17:40:18.344438 Juliett: No
2024-10-14 17:40:18.344693 November: No
2024-10-14 17:40:18.344892 India: No
2024-10-14 17:40:18.345102 Zulu: No
2024-10-14 17:40:18.345891 Bravo: No
ChatterBot Echo reevaluating
ChatterBot Echo reevaluating
ChatterBot Echo reevaluating
ChatterBot Echo reevaluating
ChatterBot Echo reevaluating
2024-10-14 17:40:18.401696 India: Alpha and Echo, sending you 2
2024-10-14 17:40:18.405228 November: India and Juliett, sending you 2
2024-10-14 17:40:18.405708 India: Juliett, sending you 5
2024-10-14 17:40:18.409714 Bravo: India and Juliett, sending you 3
2024-10-14 17:40:18.410957 November: Zulu, sending you 4
2024-10-14 17:40:18.412724 India: Bravo, sending you 1
2024-10-14 17:40:18.413223 Hotel: India and Whiskey, sending you 3
2024-10-14 17:40:18.415646 Bravo: Alpha, sending you 6
2024-10-14 17:40:18.416593 November: Whiskey, sending you 5
2024-10-14 17:40:18.417047 Juliett: India, sending you 1
2024-10-14 17:40:18.417952 Whiskey: India and Echo, sending you 3
2024-10-14 17:40:18.418357 India: Hotel, sending you 6
2024-10-14 17:40:18.418743 Hotel: Alpha and Bravo, sending you 1
2024-10-14 17:40:18.419651 Alpha: India, sending you 2
2024-10-14 17:40:18.420042 Bravo: Hotel, sending you 2
2024-10-14 17:40:18.423829 Juliett: Alpha, sending you 4
2024-10-14 17:40:18.424988 Whiskey: Alpha and Bravo, sending you 1
2024-10-14 17:40:18.425373 November: Echo, sending you 3
2024-10-14 17:40:18.427922 Hotel: Echo, sending you 6
2024-10-14 17:40:18.428471 India: Whiskey, sending you 3
2024-10-14 17:40:18.428993 Zulu: November and Echo, sending you 2
2024-10-14 17:40:18.429367 Alpha: Juliett, sending you 1
2024-10-14 17:40:18.431435 Mike: November, Juliett and Bravo, sending you 3
2024-10-14 17:40:18.431986 Bravo: Whiskey and Echo, sending you 1
2024-10-14 17:40:18.432578 Juliett: Bravo and Hotel, sending you 2
2024-10-14 17:40:18.437854 Whiskey: Juliett, sending you 6
2024-10-14 17:40:18.438449 Zulu: India and Juliett, sending you 1
2024-10-14 17:40:18.438852 Echo: Alpha, sending you 2
2024-10-14 17:40:18.440754 Alpha: Bravo and Whiskey, sending you 3
2024-10-14 17:40:18.441221 Mike: India and Zulu, sending you 2
2024-10-14 17:40:18.441708 Juliett: Whiskey, sending you 3
2024-10-14 17:40:18.444003 Whiskey: Hotel, sending you 5
2024-10-14 17:40:18.447637 Zulu: Whiskey, sending you 4
2024-10-14 17:40:18.448145 Echo: Juliett and Hotel, sending you 3
2024-10-14 17:40:18.448719 Alpha: Hotel, sending you 5
2024-10-14 17:40:18.450717 Juliett: Echo, sending you 5
2024-10-14 17:40:18.454820 Echo: Bravo, sending you 5
2024-10-14 17:40:18.458504 Alpha: Echo, sending you 4
2024-10-14 17:40:18.491347 Echo: Whiskey, sending you 4
chatterbot India submitting transactions
chatterbot Echo submitting transactions
chatterbot Mike submitting transactions
chatterbot Whiskey submitting transactions
chatterbot Alpha submitting transactions
chatterbot Zulu submitting transactions
chatterbot Juliett submitting transactions
chatterbot November submitting transactions
chatterbot Bravo submitting transactions
chatterbot Hotel submitting transactions
ChatterBot November round 2
ChatterBot India round 2
ChatterBot Zulu round 2
ChatterBot Alpha round 2
ChatterBot Juliett round 2
ChatterBot Bravo round 2
ChatterBot Hotel round 2
2024-10-14 17:40:19.495462 November: We would work well together
ChatterBot Zulu reevaluating
ChatterBot Mike reevaluating
ChatterBot Echo reevaluating
2024-10-14 17:40:19.524693 Zulu: No
2024-10-14 17:40:19.524906 Mike: No
2024-10-14 17:40:19.525047 Echo: No
ChatterBot November reevaluating
ChatterBot Mike reevaluating
ChatterBot Echo reevaluating
ChatterBot November reevaluating
ChatterBot Zulu reevaluating
ChatterBot Echo reevaluating
ChatterBot November reevaluating
ChatterBot Zulu reevaluating
ChatterBot Mike reevaluating
ChatterBot Mike round 2
ChatterBot Whiskey round 2
ChatterBot Echo round 2
2024-10-14 17:40:19.592383 Bravo: We should add Mike
ChatterBot Echo reevaluating
ChatterBot Alpha reevaluating
ChatterBot Whiskey reevaluating
ChatterBot Hotel reevaluating
2024-10-14 17:40:19.611410 India: No
2024-10-14 17:40:19.611618 Echo: No
2024-10-14 17:40:19.611781 Alpha: No
2024-10-14 17:40:19.611961 Whiskey: No
2024-10-14 17:40:19.612117 Hotel: No
2024-10-14 17:40:19.612548 Juliett: No
ChatterBot Echo reevaluating
ChatterBot Alpha reevaluating
ChatterBot Whiskey reevaluating
ChatterBot Hotel reevaluating
ChatterBot Alpha reevaluating
ChatterBot Whiskey reevaluating
ChatterBot Hotel reevaluating
ChatterBot Juliett reevaluating
ChatterBot Echo reevaluating
ChatterBot Whiskey reevaluating
ChatterBot Hotel reevaluating
ChatterBot Juliett reevaluating
ChatterBot Echo reevaluating
ChatterBot Alpha reevaluating
ChatterBot Hotel reevaluating
ChatterBot Juliett reevaluating
ChatterBot Echo reevaluating
ChatterBot Alpha reevaluating
ChatterBot Whiskey reevaluating
ChatterBot Juliett reevaluating
ChatterBot Echo reevaluating
ChatterBot Alpha reevaluating
ChatterBot Whiskey reevaluating
ChatterBot Hotel reevaluating
2024-10-14 17:40:19.741108 Bravo: Mike we want you to join our group
ChatterBot Mike reevaluating
2024-10-14 17:40:19.745377 Mike: No
ChatterBot Alpha reevaluating
ChatterBot Juliett reevaluating
ChatterBot Hotel reevaluating
ChatterBot Whiskey reevaluating
2024-10-14 17:40:19.774350 Echo: We should drop Bravo
ChatterBot Alpha reevaluating
ChatterBot Juliett reevaluating
2024-10-14 17:40:19.851741 India: No
2024-10-14 17:40:19.852688 Alpha: No
2024-10-14 17:40:19.852936 Juliett: Yes
2024-10-14 17:40:19.853260 Hotel: No
2024-10-14 17:40:19.854222 Whiskey: No
ChatterBot Alpha reevaluating
ChatterBot Juliett reevaluating
ChatterBot Juliett reevaluating
ChatterBot Alpha reevaluating
ChatterBot Alpha reevaluating
ChatterBot Juliett reevaluating
ChatterBot Alpha reevaluating
ChatterBot Juliett reevaluating
2024-10-14 17:40:19.937794 November: Zulu, sending you 7
2024-10-14 17:40:19.938817 India: Alpha and Juliett, sending you 3
2024-10-14 17:40:20.028951 Zulu: November, sending you 6
2024-10-14 17:40:20.029517 November: Juliett, sending you 1
2024-10-14 17:40:20.030261 India: Bravo, Hotel and Whiskey, sending you 4
2024-10-14 17:40:20.352669 Zulu: Mike, sending you 4
2024-10-14 17:40:20.353017 November: Mike, sending you 8
2024-10-14 17:40:20.353295 India: Echo, sending you 1
2024-10-14 17:40:20.354162 Whiskey: India, Alpha, Juliett, Bravo and Hotel, sending you 3
2024-10-14 17:40:20.354598 Bravo: India, Hotel and Whiskey, sending you 2
2024-10-14 17:40:20.355374 Mike: November, sending you 5
2024-10-14 17:40:20.355585 Hotel: India, Alpha, Juliett, Whiskey and Echo, sending you 3
2024-10-14 17:40:20.355976 Echo: India, Alpha and Whiskey, sending you 3
chatterbot India submitting transactions
2024-10-14 17:40:20.357010 Whiskey: Echo, sending you 4
2024-10-14 17:40:20.580056 Bravo: Alpha, Juliett and Mike, sending you 3
2024-10-14 17:40:20.580490 Mike: Zulu and Bravo, sending you 4
2024-10-14 17:40:20.584102 Echo: Juliett and Hotel, sending you 4
2024-10-14 17:40:20.584462 Hotel: Bravo, sending you 2
chatterbot Bravo submitting transactions
chatterbot Zulu submitting transactions
chatterbot Mike submitting transactions
2024-10-14 17:40:20.585807 Bravo: Echo, sending you 4
2024-10-14 17:40:20.869425 Juliett: India and Whiskey, sending you 4
2024-10-14 17:40:20.870486 Alpha: India, Juliett, Hotel and Echo, sending you 4
chatterbot Hotel submitting transactions
chatterbot Echo submitting transactions
chatterbot Alpha submitting transactions
2024-10-14 17:40:21.084876 Juliett: Alpha, Hotel and Echo, sending you 3
2024-10-14 17:40:21.085320 Alpha: Whiskey, sending you 2
chatterbot November submitting transactions
chatterbot Whiskey submitting transactions
chatterbot Juliett submitting transactions
ChatterBot November round 3
ChatterBot India round 3
ChatterBot Zulu round 3
ChatterBot Alpha round 3
ChatterBot Juliett round 3
ChatterBot Bravo round 3
ChatterBot Hotel round 3
ChatterBot Mike round 3
ChatterBot Whiskey round 3
ChatterBot Echo round 3
2024-10-14 17:40:21.380110 Bravo: We should drop Mike
2024-10-14 17:40:21.397108 India: Yes
2024-10-14 17:40:21.397320 Echo: Yes
2024-10-14 17:40:21.397450 Alpha: Yes
2024-10-14 17:40:21.397569 Whiskey: Yes
2024-10-14 17:40:21.397696 Hotel: Yes
2024-10-14 17:40:21.397842 Juliett: Yes
2024-10-14 17:40:21.506519 India: Alpha, Juliett, Bravo, Whiskey and Echo, sending you 3
2024-10-14 17:40:21.507019 Zulu: November, sending you 6
2024-10-14 17:40:21.515781 November: Zulu, sending you 9
2024-10-14 17:40:21.516056 Hotel: India, Alpha, Juliett, Whiskey and Echo, sending you 3
2024-10-14 17:40:21.516915 Bravo: India, Whiskey and Echo, sending you 4
2024-10-14 17:40:21.517287 India: Hotel, sending you 4
2024-10-14 17:40:21.517731 Whiskey: India, Alpha, Bravo, Hotel and Echo, sending you 3
2024-10-14 17:40:21.518641 Echo: India, Alpha, Juliett and Whiskey, sending you 3
2024-10-14 17:40:21.518920 Zulu: Mike, sending you 4
2024-10-14 17:40:21.519131 Alpha: India, Juliett, Hotel and Echo, sending you 4
2024-10-14 17:40:21.519886 November: Mike, sending you 8
2024-10-14 17:40:21.531276 Bravo: Alpha and Hotel, sending you 3
2024-10-14 17:40:21.532185 Hotel: Bravo, sending you 2
2024-10-14 17:40:21.532631 Mike: November, sending you 6
2024-10-14 17:40:21.533250 Juliett: India, Alpha, Hotel and Echo, sending you 3
2024-10-14 17:40:21.533522 Echo: Hotel, sending you 5
2024-10-14 17:40:21.533794 Whiskey: Juliett, sending you 4
2024-10-14 17:40:21.534581 Alpha: Whiskey, sending you 2
2024-10-14 17:40:21.534894 Bravo: Juliett, sending you 1
2024-10-14 17:40:21.548490 Mike: Zulu, sending you 4
2024-10-14 17:40:21.548810 Juliett: Whiskey, sending you 5
2024-10-14 17:40:21.574260 Mike: Bravo, sending you 3
chatterbot India submitting transactions
chatterbot Hotel submitting transactions
chatterbot Juliett submitting transactions
chatterbot Zulu submitting transactions
chatterbot Mike submitting transactions
chatterbot Echo submitting transactions
chatterbot Alpha submitting transactions
chatterbot Bravo submitting transactions
chatterbot Whiskey submitting transactions
chatterbot November submitting transactions
ChatterBot November round 4
ChatterBot India round 4
ChatterBot Zulu round 4
ChatterBot Alpha round 4
ChatterBot Juliett round 4
ChatterBot Bravo round 4
ChatterBot Hotel round 4
ChatterBot Mike round 4
ChatterBot Whiskey round 4
2024-10-14 17:40:22.642679 November: We should replace Juliett with India
2024-10-14 17:40:22.647798 Zulu: No
2024-10-14 17:40:22.648314 Mike: No
ChatterBot November reevaluating
ChatterBot November reevaluating
ChatterBot Echo round 4
2024-10-14 17:40:22.684086 November: We should replace Juliett with Bravo
2024-10-14 17:40:22.688999 Zulu: No
2024-10-14 17:40:22.689159 Mike: Yes
ChatterBot November reevaluating
ChatterBot November reevaluating
2024-10-14 17:40:22.703696 November: We should replace Juliett with Echo
2024-10-14 17:40:22.709304 Zulu: No
2024-10-14 17:40:22.709490 Mike: No
ChatterBot November reevaluating
ChatterBot November reevaluating
2024-10-14 17:40:22.729514 Juliett: India, Alpha, Hotel and Echo, sending you 3
2024-10-14 17:40:22.730634 Hotel: India, Alpha, Juliett, Whiskey and Echo, sending you 3
2024-10-14 17:40:22.731133 India: Alpha, sending you 4
2024-10-14 17:40:22.732010 Alpha: India, Juliett, Hotel and Echo, sending you 4
2024-10-14 17:40:22.732302 Zulu: November, sending you 6
2024-10-14 17:40:22.732560 Bravo: India, sending you 5
2024-10-14 17:40:22.733438 Mike: November, sending you 6
2024-10-14 17:40:22.733716 Whiskey: India, Alpha, Bravo, Hotel and Echo, sending you 3
2024-10-14 17:40:22.734248 November: Bravo we want you to join our group
2024-10-14 17:40:22.737110 Bravo: No
ChatterBot November reevaluating
2024-10-14 17:40:22.745412 Juliett: Whiskey, sending you 5
2024-10-14 17:40:22.745816 India: Juliett, Bravo, Hotel, Whiskey and Echo, sending you 3
2024-10-14 17:40:22.746421 Zulu: Mike, sending you 4
2024-10-14 17:40:22.747012 Hotel: Bravo, sending you 2
2024-10-14 17:40:22.747635 Bravo: Alpha and Juliett, sending you 2
2024-10-14 17:40:22.748168 Alpha: Whiskey, sending you 2
2024-10-14 17:40:22.748930 Mike: Zulu, sending you 4
2024-10-14 17:40:22.749194 Whiskey: Juliett, sending you 4
2024-10-14 17:40:22.750697 Bravo: Hotel and Echo, sending you 3
2024-10-14 17:40:22.751677 Mike: Bravo, sending you 3
2024-10-14 17:40:22.752677 November: Echo we want you to join our group
2024-10-14 17:40:22.757045 Echo: No
ChatterBot November reevaluating
2024-10-14 17:40:22.769375 Echo: India, Juliett and Whiskey, sending you 3
2024-10-14 17:40:22.770374 Bravo: Whiskey, sending you 4
2024-10-14 17:40:22.773685 Echo: Alpha and Hotel, sending you 4
2024-10-14 17:40:22.790675 November: Zulu and Mike, sending you 9
2024-10-14 17:40:22.795673 November: Juliett, sending you 1
chatterbot Echo submitting transactions
chatterbot Mike submitting transactions
chatterbot Whiskey submitting transactions
chatterbot Hotel submitting transactions
chatterbot Alpha submitting transactions
chatterbot India submitting transactions
chatterbot November submitting transactions
chatterbot Juliett submitting transactions
chatterbot Bravo submitting transactions
chatterbot Zulu submitting transactions
ChatterBot November round 5
ChatterBot India round 5
ChatterBot Zulu round 5
ChatterBot Alpha round 5
ChatterBot Juliett round 5
ChatterBot Bravo round 5
ChatterBot Hotel round 5
ChatterBot Mike round 5
ChatterBot Whiskey round 5
ChatterBot Echo round 5
2024-10-14 17:40:24.024706 Echo: India, Juliett and Whiskey, sending you 3
2024-10-14 17:40:24.026023 India: Alpha, sending you 4
2024-10-14 17:40:24.027913 Alpha: India, Juliett, Hotel and Echo, sending you 4
2024-10-14 17:40:24.028602 Bravo: India, sending you 5
2024-10-14 17:40:24.030147 Whiskey: India, Alpha, Bravo, Hotel and Echo, sending you 3
2024-10-14 17:40:24.031224 Echo: Alpha and Hotel, sending you 4
2024-10-14 17:40:24.032221 Juliett: India, Alpha, Hotel and Echo, sending you 3
2024-10-14 17:40:24.032739 Hotel: India, Alpha, Juliett, Whiskey and Echo, sending you 3
2024-10-14 17:40:24.034081 India: Juliett, Bravo, Hotel, Whiskey and Echo, sending you 3
2024-10-14 17:40:24.034943 Alpha: Whiskey, sending you 2
2024-10-14 17:40:24.036089 Bravo: Alpha, Juliett and Echo, sending you 2
2024-10-14 17:40:24.036929 Whiskey: Juliett, sending you 4
2024-10-14 17:40:24.038221 Juliett: Whiskey, sending you 5
2024-10-14 17:40:24.038861 November: Zulu and Mike, sending you 9
2024-10-14 17:40:24.039725 Hotel: Bravo, sending you 2
2024-10-14 17:40:24.040691 Zulu: November, sending you 6
2024-10-14 17:40:24.041750 Mike: November, sending you 7
2024-10-14 17:40:24.042211 Bravo: Hotel and Whiskey, sending you 4
2024-10-14 17:40:24.043693 November: Juliett, sending you 1
2024-10-14 17:40:24.045677 Mike: Zulu, sending you 4
2024-10-14 17:40:24.046830 Zulu: Mike, sending you 4
2024-10-14 17:40:24.048670 Mike: Bravo, sending you 2
chatterbot Hotel submitting transactions
chatterbot Alpha submitting transactions
chatterbot Bravo submitting transactions
chatterbot Mike submitting transactions
chatterbot Zulu submitting transactions
chatterbot India submitting transactions
chatterbot Juliett submitting transactions
chatterbot Whiskey submitting transactions
chatterbot Echo submitting transactions
chatterbot November submitting transactions
ChatterBot November round 6
ChatterBot India round 6
ChatterBot Zulu round 6
ChatterBot Alpha round 6
2024-10-14 17:40:25.233759 November: We should replace Juliett with Echo
2024-10-14 17:40:25.241370 Zulu: No
2024-10-14 17:40:25.241585 Mike: No
ChatterBot November reevaluating
ChatterBot Juliett round 6
ChatterBot Bravo round 6
ChatterBot Hotel round 6
ChatterBot Mike round 6
ChatterBot Whiskey round 6
ChatterBot Echo round 6
2024-10-14 17:40:25.306712 Zulu: November, sending you 6
2024-10-14 17:40:25.308786 Alpha: India, Juliett, Hotel and Echo, sending you 4
2024-10-14 17:40:25.309692 Zulu: Mike, sending you 4
2024-10-14 17:40:25.311664 Juliett: India, Alpha, Hotel and Echo, sending you 3
2024-10-14 17:40:25.313157 Whiskey: India, Alpha, Bravo, Hotel and Echo, sending you 3
2024-10-14 17:40:25.314235 Alpha: Whiskey, sending you 2
2024-10-14 17:40:25.315160 November: Zulu and Mike, sending you 9
2024-10-14 17:40:25.316660 Juliett: Whiskey, sending you 5
2024-10-14 17:40:25.318691 Whiskey: Juliett, sending you 4
2024-10-14 17:40:25.319807 Mike: November, sending you 6
2024-10-14 17:40:25.320263 India: Alpha, sending you 4
2024-10-14 17:40:25.320817 November: Juliett, sending you 1
2024-10-14 17:40:25.322069 Hotel: India, Alpha, Juliett, Whiskey and Echo, sending you 3
2024-10-14 17:40:25.322710 Bravo: India and Whiskey, sending you 5
2024-10-14 17:40:25.324665 Mike: Zulu, sending you 4
2024-10-14 17:40:25.325083 India: Juliett, Bravo, Hotel, Whiskey and Echo, sending you 3
2024-10-14 17:40:25.325995 Echo: India, Juliett and Whiskey, sending you 3
2024-10-14 17:40:25.327060 Bravo: Alpha and Echo, sending you 2
2024-10-14 17:40:25.327903 Hotel: Bravo, sending you 2
2024-10-14 17:40:25.329182 Mike: Bravo, sending you 2
2024-10-14 17:40:25.329692 Echo: Alpha and Hotel, sending you 4
2024-10-14 17:40:25.332731 Bravo: Juliett, sending you 1
2024-10-14 17:40:25.338924 Bravo: Hotel, sending you 4
chatterbot Juliett submitting transactions
chatterbot India submitting transactions
chatterbot Bravo submitting transactions
chatterbot Hotel submitting transactions
chatterbot Alpha submitting transactions
chatterbot Mike submitting transactions
chatterbot Whiskey submitting transactions
chatterbot November submitting transactions
chatterbot Zulu submitting transactions
chatterbot Echo submitting transactions
ChatterBot November round 7
ChatterBot India round 7
ChatterBot Zulu round 7
ChatterBot Alpha round 7
ChatterBot Juliett round 7
ChatterBot Bravo round 7
ChatterBot Hotel round 7
ChatterBot Mike round 7
ChatterBot Whiskey round 7
ChatterBot Echo round 7
2024-10-14 17:40:26.343706 India: Alpha, sending you 4
2024-10-14 17:40:26.345692 Bravo: India and Whiskey, sending you 5
2024-10-14 17:40:26.349731 India: Juliett, Bravo, Hotel, Whiskey and Echo, sending you 3
2024-10-14 17:40:26.350660 November: Zulu and Mike, sending you 9
2024-10-14 17:40:26.351120 Bravo: Alpha and Echo, sending you 2
2024-10-14 17:40:26.351968 Zulu: November, sending you 6
2024-10-14 17:40:26.352670 Hotel: India, Alpha, Juliett, Whiskey and Echo, sending you 3
2024-10-14 17:40:26.353720 November: Juliett, sending you 1
2024-10-14 17:40:26.354718 Zulu: Mike, sending you 4
2024-10-14 17:40:26.355129 Juliett: India, Hotel and Echo, sending you 3
2024-10-14 17:40:26.355783 Bravo: Juliett, sending you 1
2024-10-14 17:40:26.356610 Hotel: Bravo, sending you 2
2024-10-14 17:40:26.357702 Mike: November, sending you 6
2024-10-14 17:40:26.359683 Bravo: Hotel, sending you 4
2024-10-14 17:40:26.360713 Juliett: Alpha and Whiskey, sending you 4
2024-10-14 17:40:26.361276 Whiskey: India, Alpha, Bravo, Hotel and Echo, sending you 3
2024-10-14 17:40:26.362 Mike: Zulu, sending you 4
2024-10-14 17:40:26.362697 Alpha: India, Juliett, Hotel and Echo, sending you 4
2024-10-14 17:40:26.364671 Mike: Bravo, sending you 2
2024-10-14 17:40:26.366014 Echo: India, Juliett and Whiskey, sending you 3
2024-10-14 17:40:26.366996 Whiskey: Juliett, sending you 4
2024-10-14 17:40:26.368392 Alpha: Whiskey, sending you 2
2024-10-14 17:40:26.371706 Echo: Alpha and Hotel, sending you 4
chatterbot Hotel submitting transactions
chatterbot India submitting transactions
chatterbot Mike submitting transactions
chatterbot Whiskey submitting transactions
chatterbot Zulu submitting transactions
chatterbot Alpha submitting transactions
chatterbot November submitting transactions
chatterbot Juliett submitting transactions
chatterbot Echo submitting transactions
chatterbot Bravo submitting transactions
ChatterBot November round 8
ChatterBot India round 8
ChatterBot Zulu round 8
ChatterBot Alpha round 8
ChatterBot Juliett round 8
ChatterBot Bravo round 8
ChatterBot Hotel round 8
ChatterBot Mike round 8
ChatterBot Whiskey round 8
ChatterBot Echo round 8
2024-10-14 17:40:27.338513 November: We should replace Juliett with Echo
2024-10-14 17:40:27.342328 Zulu: No
2024-10-14 17:40:27.342470 Mike: No
ChatterBot November reevaluating
ChatterBot November reevaluating
2024-10-14 17:40:27.367699 Zulu: November, sending you 6
2024-10-14 17:40:27.368190 India: Alpha, sending you 4
2024-10-14 17:40:27.370710 Juliett: India, Hotel and Echo, sending you 3
2024-10-14 17:40:27.371224 Bravo: India and Whiskey, sending you 5
2024-10-14 17:40:27.372356 Zulu: Mike, sending you 4
2024-10-14 17:40:27.373694 India: Juliett, Bravo, Hotel, Whiskey and Echo, sending you 3
2024-10-14 17:40:27.375659 Juliett: Alpha and Whiskey, sending you 4
2024-10-14 17:40:27.376094 Bravo: Alpha and Echo, sending you 2
2024-10-14 17:40:27.376661 Echo: India, Juliett and Whiskey, sending you 3
2024-10-14 17:40:27.378688 Alpha: India, Juliett, Hotel and Echo, sending you 4
2024-10-14 17:40:27.380997 Echo: Alpha and Hotel, sending you 4
2024-10-14 17:40:27.381728 Bravo: Juliett, sending you 1
2024-10-14 17:40:27.382525 Alpha: Whiskey, sending you 2
2024-10-14 17:40:27.383680 Whiskey: India, Alpha, Bravo, Hotel and Echo, sending you 3
2024-10-14 17:40:27.384959 Bravo: Hotel, sending you 4
2024-10-14 17:40:27.387683 Whiskey: Juliett, sending you 4
2024-10-14 17:40:27.388691 November: Zulu and Mike, sending you 9
2024-10-14 17:40:27.389705 Hotel: India, Alpha, Juliett, Whiskey and Echo, sending you 3
2024-10-14 17:40:27.390425 Mike: November, sending you 6
2024-10-14 17:40:27.391702 November: Juliett, sending you 1
2024-10-14 17:40:27.392684 Hotel: Bravo, sending you 2
2024-10-14 17:40:27.395697 Mike: Zulu, sending you 5
2024-10-14 17:40:27.400663 Mike: Bravo, sending you 2
chatterbot Zulu submitting transactions
chatterbot Echo submitting transactions
chatterbot Hotel submitting transactions
chatterbot Juliett submitting transactions
chatterbot Bravo submitting transactions
chatterbot November submitting transactions
chatterbot Mike submitting transactions
chatterbot Alpha submitting transactions
chatterbot India submitting transactions
chatterbot Whiskey submitting transactions
ChatterBot November round 9
ChatterBot India round 9
ChatterBot Zulu round 9
ChatterBot Alpha round 9
ChatterBot Juliett round 9
ChatterBot Bravo round 9
ChatterBot Hotel round 9
ChatterBot Mike round 9
ChatterBot Whiskey round 9
ChatterBot Echo round 9
2024-10-14 17:40:28.630008 November: We should replace Juliett with India
2024-10-14 17:40:28.634472 Zulu: No
2024-10-14 17:40:28.634648 Mike: No
ChatterBot November reevaluating
ChatterBot November reevaluating
2024-10-14 17:40:28.656820 November: We should replace Juliett with Alpha
2024-10-14 17:40:28.660749 Zulu: No
2024-10-14 17:40:28.660913 Mike: No
ChatterBot November reevaluating
ChatterBot November reevaluating
2024-10-14 17:40:28.672665 Zulu: Sending you each 5
2024-10-14 17:40:28.673015 Hotel: India, Alpha, Juliett, Whiskey and Echo, sending you 3
2024-10-14 17:40:28.674674 India: Alpha, sending you 4
2024-10-14 17:40:28.675482 November: Alpha we want you to join our group
2024-10-14 17:40:28.677467 Alpha: No
ChatterBot November reevaluating
2024-10-14 17:40:28.683558 November: We should replace Juliett with Bravo
2024-10-14 17:40:28.688627 Zulu: No
2024-10-14 17:40:28.688823 Mike: Yes
ChatterBot November reevaluating
ChatterBot November reevaluating
2024-10-14 17:40:28.700167 Bravo: India and Whiskey, sending you 5
2024-10-14 17:40:28.701017 Hotel: Bravo, sending you 2
2024-10-14 17:40:28.701848 India: Juliett, Bravo, Hotel, Whiskey and Echo, sending you 3
2024-10-14 17:40:28.704647 Bravo: Alpha and Echo, sending you 2
2024-10-14 17:40:28.705289 Juliett: India, Hotel and Echo, sending you 3
2024-10-14 17:40:28.705965 Echo: India, Juliett, Hotel and Whiskey, sending you 3
2024-10-14 17:40:28.706335 Alpha: India, Juliett, Hotel and Echo, sending you 4
2024-10-14 17:40:28.706671 Whiskey: India, Alpha, Bravo, Hotel and Echo, sending you 3
2024-10-14 17:40:28.707215 Mike: November, sending you 6
2024-10-14 17:40:28.709687 November: Bravo we want you to join our group
2024-10-14 17:40:28.712165 Bravo: No
ChatterBot November reevaluating
2024-10-14 17:40:28.719516 Bravo: Juliett, sending you 1
2024-10-14 17:40:28.720138 Echo: Alpha, sending you 5
2024-10-14 17:40:28.720577 Juliett: Alpha and Whiskey, sending you 4
2024-10-14 17:40:28.721001 Alpha: Whiskey, sending you 2
2024-10-14 17:40:28.721397 Whiskey: Juliett, sending you 4
2024-10-14 17:40:28.722245 Mike: Zulu, sending you 5
2024-10-14 17:40:28.724661 Bravo: Hotel, sending you 4
2024-10-14 17:40:28.725660 Mike: Bravo, sending you 2
2024-10-14 17:40:28.751659 November: Zulu and Mike, sending you 9
2024-10-14 17:40:28.756649 November: Juliett, sending you 1
chatterbot Zulu submitting transactions
chatterbot Echo submitting transactions
chatterbot Alpha submitting transactions
chatterbot Bravo submitting transactions
chatterbot Juliett submitting transactions
chatterbot India submitting transactions
chatterbot Hotel submitting transactions
chatterbot November submitting transactions
chatterbot Whiskey submitting transactions
chatterbot Mike submitting transactions
ChatterBot November round 10
ChatterBot India round 10
ChatterBot Zulu round 10
ChatterBot Alpha round 10
ChatterBot Juliett round 10
ChatterBot Bravo round 10
ChatterBot Hotel round 10
ChatterBot Mike round 10
ChatterBot Whiskey round 10
ChatterBot Echo round 10
2024-10-14 17:40:29.809795 November: We should replace Juliett with Bravo
2024-10-14 17:40:29.815597 Zulu: No
2024-10-14 17:40:29.816364 Mike: Yes
ChatterBot November reevaluating
ChatterBot November reevaluating
2024-10-14 17:40:29.852339 November: We should replace Juliett with Hotel
2024-10-14 17:40:29.856919 Zulu: No
2024-10-14 17:40:29.857096 Mike: No
ChatterBot November reevaluating
ChatterBot November reevaluating
2024-10-14 17:40:29.867798 November: We should replace Juliett with Echo
2024-10-14 17:40:29.872068 Zulu: No
2024-10-14 17:40:29.872221 Mike: No
ChatterBot November reevaluating
ChatterBot November reevaluating
2024-10-14 17:40:29.881248 India: Alpha, sending you 4
2024-10-14 17:40:29.883664 Zulu: Same as last round
2024-10-14 17:40:29.884694 Echo: India, Juliett, Hotel and Whiskey, sending you 3
2024-10-14 17:40:29.886005 Hotel: India, Alpha, Juliett, Whiskey and Echo, sending you 3
2024-10-14 17:40:29.887183 Bravo: India and Whiskey, sending you 5
2024-10-14 17:40:29.888288 India: Juliett, Bravo, Hotel, Whiskey and Echo, sending you 3
2024-10-14 17:40:29.889401 Mike: November, sending you 6
2024-10-14 17:40:29.889982 Juliett: India, Hotel and Echo, sending you 3
2024-10-14 17:40:29.891190 Alpha: India, Juliett, Hotel and Echo, sending you 4
2024-10-14 17:40:29.891983 Echo: Alpha, sending you 5
2024-10-14 17:40:29.892730 Hotel: Bravo, sending you 2
2024-10-14 17:40:29.893823 Bravo: Alpha and Echo, sending you 2
2024-10-14 17:40:29.894596 Mike: Zulu, sending you 5
2024-10-14 17:40:29.894960 Whiskey: India, Alpha, Bravo, Hotel and Echo, sending you 3
2024-10-14 17:40:29.896217 Juliett: Alpha and Whiskey, sending you 4
2024-10-14 17:40:29.896784 Alpha: Whiskey, sending you 2
2024-10-14 17:40:29.897664 Mike: Bravo, sending you 2
2024-10-14 17:40:29.898693 Bravo: Juliett, sending you 1
2024-10-14 17:40:29.900709 Whiskey: Juliett, sending you 4
2024-10-14 17:40:29.901676 Bravo: Hotel, sending you 4
2024-10-14 17:40:29.908670 November: Zulu and Mike, sending you 9
2024-10-14 17:40:29.912865 November: Juliett, sending you 1
chatterbot Bravo submitting transactions
chatterbot Hotel submitting transactions
chatterbot Whiskey submitting transactions
chatterbot Echo submitting transactions
chatterbot Zulu submitting transactions
chatterbot Alpha submitting transactions
chatterbot November submitting transactions
chatterbot Juliett submitting transactions
chatterbot Mike submitting transactions
chatterbot India submitting transactions
ChatterBot November round 11
ChatterBot India round 11
ChatterBot Zulu round 11
ChatterBot Alpha round 11
ChatterBot Juliett round 11
ChatterBot Bravo round 11
ChatterBot Hotel round 11
ChatterBot Mike round 11
ChatterBot Whiskey round 11
ChatterBot Echo round 11
2024-10-14 17:40:30.921047 November: We should replace Juliett with Bravo
2024-10-14 17:40:30.930401 Zulu: No
2024-10-14 17:40:30.930676 Mike: Yes
ChatterBot November reevaluating
ChatterBot November reevaluating
2024-10-14 17:40:30.989732 Alpha: India, Juliett, Hotel and Echo, sending you 4
2024-10-14 17:40:30.991442 India: Alpha, sending you 4
2024-10-14 17:40:30.994690 Alpha: Whiskey, sending you 2
2024-10-14 17:40:30.996692 India: Juliett, Bravo, Hotel, Whiskey and Echo, sending you 3
2024-10-14 17:40:30.997994 Mike: November, sending you 6
2024-10-14 17:40:30.998678 Echo: India, Juliett, Hotel and Whiskey, sending you 3
2024-10-14 17:40:31.000030 Bravo: India and Whiskey, sending you 5
2024-10-14 17:40:31.001681 Mike: Zulu, sending you 5
2024-10-14 17:40:31.002662 Echo: Alpha, sending you 5
2024-10-14 17:40:31.004669 Bravo: Alpha and Echo, sending you 2
2024-10-14 17:40:31.006790 Zulu: Same as last round
2024-10-14 17:40:31.007420 Mike: Bravo, sending you 2
2024-10-14 17:40:31.007953 Hotel: India, Alpha, Juliett, Whiskey and Echo, sending you 3
2024-10-14 17:40:31.009535 November: Zulu and Mike, sending you 9
2024-10-14 17:40:31.010081 Juliett: India, Hotel and Echo, sending you 3
2024-10-14 17:40:31.010970 Bravo: Juliett, sending you 1
2024-10-14 17:40:31.012551 Whiskey: India, Alpha, Bravo, Hotel and Echo, sending you 3
2024-10-14 17:40:31.013629 Hotel: Bravo, sending you 2
2024-10-14 17:40:31.014610 November: Juliett, sending you 1
2024-10-14 17:40:31.015690 Juliett: Alpha and Whiskey, sending you 4
2024-10-14 17:40:31.016275 Whiskey: Juliett, sending you 4
2024-10-14 17:40:31.017122 Bravo: Hotel, sending you 4
chatterbot India submitting transactions
chatterbot Zulu submitting transactions
chatterbot Alpha submitting transactions
chatterbot Bravo submitting transactions
chatterbot Whiskey submitting transactions
chatterbot November submitting transactions
chatterbot Juliett submitting transactions
chatterbot Echo submitting transactions
chatterbot Hotel submitting transactions
chatterbot Mike submitting transactions
ChatterBot November round 12
ChatterBot India round 12
ChatterBot Zulu round 12
ChatterBot Alpha round 12
ChatterBot Juliett round 12
ChatterBot Bravo round 12
ChatterBot Hotel round 12
ChatterBot Mike round 12
ChatterBot Whiskey round 12
ChatterBot Echo round 12
2024-10-14 17:40:32.035676 November: We should replace Juliett with Hotel
2024-10-14 17:40:32.040855 Zulu: No
2024-10-14 17:40:32.041006 Mike: No
ChatterBot November reevaluating
ChatterBot November reevaluating
2024-10-14 17:40:32.067642 November: We should replace Juliett with Bravo
2024-10-14 17:40:32.071980 Zulu: No
2024-10-14 17:40:32.072138 Mike: Yes
ChatterBot November reevaluating
ChatterBot November reevaluating
2024-10-14 17:40:32.081585 November: We should replace Juliett with Echo
2024-10-14 17:40:32.085858 Zulu: No
2024-10-14 17:40:32.086006 Mike: No
ChatterBot November reevaluating
ChatterBot Mike reevaluating
ChatterBot November reevaluating
2024-10-14 17:40:32.095471 Mike: We should replace Bravo with Hotel
ChatterBot November reevaluating
2024-10-14 17:40:32.099986 Zulu: No
2024-10-14 17:40:32.100095 November: No
ChatterBot November reevaluating
ChatterBot Mike reevaluating
ChatterBot Mike reevaluating
2024-10-14 17:40:32.109941 Alpha: India, Juliett, Hotel and Echo, sending you 4
2024-10-14 17:40:32.111038 Zulu: Same as last round
2024-10-14 17:40:32.114209 Alpha: Whiskey, sending you 2
2024-10-14 17:40:32.115093 India: Alpha, sending you 4
2024-10-14 17:40:32.115907 Whiskey: India, Alpha, Bravo, Hotel and Echo, sending you 3
2024-10-14 17:40:32.116655 Hotel: India, Alpha, Juliett, Whiskey and Echo, sending you 3
2024-10-14 17:40:32.117760 Juliett: India, Hotel and Echo, sending you 3
2024-10-14 17:40:32.118652 Echo: India, Juliett, Hotel and Whiskey, sending you 3
2024-10-14 17:40:32.119720 Bravo: India and Whiskey, sending you 5
2024-10-14 17:40:32.121008 November: Hotel we want you to join our group
2024-10-14 17:40:32.124240 Hotel: No
ChatterBot November reevaluating
ChatterBot Mike reevaluating
2024-10-14 17:40:32.134110 India: Juliett, Bravo, Hotel, Whiskey and Echo, sending you 3
2024-10-14 17:40:32.135208 Whiskey: Juliett, sending you 4
2024-10-14 17:40:32.136397 Hotel: Bravo, sending you 2
2024-10-14 17:40:32.137780 Juliett: Alpha and Whiskey, sending you 4
2024-10-14 17:40:32.138490 Echo: Alpha, sending you 5
2024-10-14 17:40:32.139017 Bravo: Alpha and Echo, sending you 2
2024-10-14 17:40:32.143709 Bravo: Juliett, sending you 1
2024-10-14 17:40:32.150662 Bravo: Hotel, sending you 4
2024-10-14 17:40:32.156665 November: Zulu and Mike, sending you 9
2024-10-14 17:40:32.157672 Mike: November, sending you 6
2024-10-14 17:40:32.160652 Mike: Zulu, sending you 5
2024-10-14 17:40:32.161683 November: Hotel, sending you 1
2024-10-14 17:40:32.164677 Mike: Bravo, sending you 2
chatterbot Echo submitting transactions
chatterbot November submitting transactions
chatterbot Hotel submitting transactions
chatterbot Bravo submitting transactions
chatterbot Alpha submitting transactions
chatterbot Whiskey submitting transactions
chatterbot Juliett submitting transactions
chatterbot Zulu submitting transactions
chatterbot Mike submitting transactions
chatterbot India submitting transactions
ChatterBot November round 13
ChatterBot India round 13
ChatterBot Zulu round 13
ChatterBot Alpha round 13
ChatterBot Juliett round 13
ChatterBot Bravo round 13
2024-10-14 17:40:33.324015 November: We should replace Hotel with Juliett
2024-10-14 17:40:33.329046 Zulu: No
2024-10-14 17:40:33.329226 Mike: No
ChatterBot November reevaluating
ChatterBot November reevaluating
ChatterBot Hotel round 13
ChatterBot Mike round 13
ChatterBot Whiskey round 13
ChatterBot Echo round 13
2024-10-14 17:40:33.350311 November: We should replace Hotel with Echo
2024-10-14 17:40:33.354243 Zulu: No
2024-10-14 17:40:33.354388 Mike: No
ChatterBot November reevaluating
ChatterBot November reevaluating
2024-10-14 17:40:33.363417 India: We should drop Bravo
2024-10-14 17:40:33.373453 Echo: Yes
2024-10-14 17:40:33.373632 Alpha: Yes
2024-10-14 17:40:33.373781 Juliett: Yes
2024-10-14 17:40:33.373890 Hotel: No
2024-10-14 17:40:33.373995 Whiskey: No
ChatterBot India reevaluating
ChatterBot India reevaluating
ChatterBot India reevaluating
ChatterBot India reevaluating
ChatterBot India reevaluating
2024-10-14 17:40:33.436799 November: Juliett we want you to join our group
2024-10-14 17:40:33.439331 Juliett: No
ChatterBot November reevaluating
2024-10-14 17:40:33.446813 Bravo: India and Whiskey, sending you 5
2024-10-14 17:40:33.449685 Alpha: India, Juliett, Hotel and Echo, sending you 4
2024-10-14 17:40:33.451553 Bravo: Alpha and Echo, sending you 2
2024-10-14 17:40:33.452562 Juliett: India, Hotel, Whiskey and Echo, sending you 3
2024-10-14 17:40:33.453197 Zulu: Same as last round
2024-10-14 17:40:33.454913 Bravo: Juliett, sending you 1
2024-10-14 17:40:33.455801 Alpha: Whiskey, sending you 2
2024-10-14 17:40:33.456692 Juliett: Alpha, sending you 5
2024-10-14 17:40:33.458823 Bravo: Hotel, sending you 4
2024-10-14 17:40:33.462016 India: Alpha, Juliett, Hotel and Echo, sending you 4
2024-10-14 17:40:33.462903 Mike: November and Zulu, sending you 5
2024-10-14 17:40:33.465677 India: Whiskey, sending you 3
2024-10-14 17:40:33.466668 Echo: India, Juliett, Hotel and Whiskey, sending you 3
2024-10-14 17:40:33.467955 Mike: Bravo, sending you 2
2024-10-14 17:40:33.468684 Hotel: India, Alpha, Juliett, Whiskey and Echo, sending you 3
2024-10-14 17:40:33.469952 Whiskey: India, Alpha, Bravo, Hotel and Echo, sending you 3
2024-10-14 17:40:33.471722 Echo: Alpha, sending you 5
2024-10-14 17:40:33.473663 Hotel: Bravo, sending you 2
2024-10-14 17:40:33.474828 November: Zulu and Mike, sending you 9
2024-10-14 17:40:33.475294 Whiskey: Juliett, sending you 4
2024-10-14 17:40:33.478709 November: Juliett, sending you 1
chatterbot November submitting transactions
chatterbot Alpha submitting transactions
chatterbot Bravo submitting transactions
chatterbot Whiskey submitting transactions
chatterbot Zulu submitting transactions
chatterbot Juliett submitting transactions
chatterbot Mike submitting transactions
chatterbot India submitting transactions
chatterbot Hotel submitting transactions
chatterbot Echo submitting transactions
ChatterBot November round 14
ChatterBot India round 14
ChatterBot Zulu round 14
ChatterBot Alpha round 14
ChatterBot Juliett round 14
ChatterBot Bravo round 14
ChatterBot Hotel round 14
ChatterBot Mike round 14
ChatterBot Whiskey round 14
ChatterBot Echo round 14
2024-10-14 17:40:34.634657 November: Zulu and Mike, sending you 9
2024-10-14 17:40:34.638740 November: Juliett, sending you 1
2024-10-14 17:40:34.640665 India: Alpha, Juliett, Hotel and Echo, sending you 4
2024-10-14 17:40:34.643667 India: Whiskey, sending you 3
2024-10-14 17:40:34.644690 Zulu: Same as last round
