ChatterBot Lima round 1
ChatterBot Victor round 1
ChatterBot Juliett round 1
ChatterBot Zulu round 1
ChatterBot Alpha round 1
ChatterBot Yankee round 1
ChatterBot Uniform round 1
ChatterBot India round 1
ChatterBot Delta round 1
ChatterBot November round 1
randomSelections Yankee: {Yankee, Alpha, Zulu, India, Lima, Uniform} 
2024-10-14 17:40:18.117499 Yankee: Group up?
ChatterBot Alpha reevaluating
ChatterBot Zulu reevaluating
ChatterBot India reevaluating
ChatterBot Lima reevaluating
ChatterBot Uniform reevaluating
2024-10-14 17:40:18.215150 Alpha: Yes
2024-10-14 17:40:18.215379 Zulu: Yes
2024-10-14 17:40:18.215923 India: Yes
2024-10-14 17:40:18.216290 Lima: Yes
2024-10-14 17:40:18.217755 Uniform: Yes
ChatterBot Zulu reevaluating
ChatterBot India reevaluating
ChatterBot Lima reevaluating
ChatterBot Uniform reevaluating
ChatterBot Alpha reevaluating
ChatterBot India reevaluating
ChatterBot Lima reevaluating
ChatterBot Uniform reevaluating
ChatterBot Alpha reevaluating
ChatterBot Zulu reevaluating
ChatterBot Lima reevaluating
ChatterBot Uniform reevaluating
ChatterBot Alpha reevaluating
ChatterBot Zulu reevaluating
ChatterBot India reevaluating
ChatterBot Uniform reevaluating
ChatterBot Alpha reevaluating
ChatterBot Zulu reevaluating
ChatterBot India reevaluating
ChatterBot Lima reevaluating
randomSelections Juliett: {Juliett, Delta, Yankee, November, Victor, Lima} 
2024-10-14 17:40:18.291165 Juliett: Can we be friends?
ChatterBot Delta reevaluating
ChatterBot November reevaluating
ChatterBot Victor reevaluating
ChatterBot Lima reevaluating
2024-10-14 17:40:18.305835 Delta: Yes
2024-10-14 17:40:18.306540 Yankee: No
2024-10-14 17:40:18.306748 November: Yes
2024-10-14 17:40:18.306917 Victor: Yes
2024-10-14 17:40:18.307081 Lima: No
ChatterBot November reevaluating
ChatterBot Victor reevaluating
ChatterBot Lima reevaluating
ChatterBot Delta reevaluating
ChatterBot November reevaluating
ChatterBot Victor reevaluating
ChatterBot Lima reevaluating
ChatterBot Delta reevaluating
ChatterBot Victor reevaluating
ChatterBot Lima reevaluating
ChatterBot Delta reevaluating
ChatterBot November reevaluating
ChatterBot Lima reevaluating
ChatterBot Delta reevaluating
ChatterBot November reevaluating
ChatterBot Victor reevaluating
2024-10-14 17:40:18.399696 Lima: Zulu, sending you 4
2024-10-14 17:40:18.400916 Victor: Lima and Delta, sending you 3
2024-10-14 17:40:18.403065 Zulu: Lima and Alpha, sending you 3
2024-10-14 17:40:18.403504 India: Lima, sending you 2
2024-10-14 17:40:18.404653 Lima: Alpha, sending you 1
2024-10-14 17:40:18.406986 Victor: Yankee, sending you 1
2024-10-14 17:40:18.407445 Zulu: Uniform, sending you 2
2024-10-14 17:40:18.407804 India: Zulu and Uniform, sending you 1
2024-10-14 17:40:18.409007 Juliett: Lima, sending you 5
2024-10-14 17:40:18.410837 Lima: Yankee and India, sending you 2
2024-10-14 17:40:18.412620 Victor: November, sending you 2
2024-10-14 17:40:18.413020 India: Alpha and Yankee, sending you 6
2024-10-14 17:40:18.413431 Juliett: Victor and Delta, sending you 3
2024-10-14 17:40:18.414571 Zulu: India, sending you 6
2024-10-14 17:40:18.414996 Uniform: Lima, sending you 3
2024-10-14 17:40:18.415426 Lima: Uniform, sending you 3
2024-10-14 17:40:18.416439 Yankee: Lima and India, sending you 4
2024-10-14 17:40:18.416928 Alpha: Lima, sending you 2
2024-10-14 17:40:18.417883 Juliett: Yankee and November, sending you 2
2024-10-14 17:40:18.420358 Uniform: Zulu and India, sending you 5
2024-10-14 17:40:18.421577 November: Lima, sending you 3
2024-10-14 17:40:18.422065 Yankee: Zulu, sending you 1
2024-10-14 17:40:18.423109 Alpha: Zulu, sending you 5
2024-10-14 17:40:18.433084 November: Victor, Juliett and Delta, sending you 4
2024-10-14 17:40:18.433516 Uniform: Alpha, sending you 4
2024-10-14 17:40:18.437465 Delta: Lima and November, sending you 3
2024-10-14 17:40:18.437950 Yankee: Alpha, sending you 5
2024-10-14 17:40:18.439073 Alpha: Yankee and Uniform, sending you 3
2024-10-14 17:40:18.439489 November: Yankee, sending you 2
2024-10-14 17:40:18.451489 Uniform: Yankee, sending you 2
2024-10-14 17:40:18.451975 Delta: Victor and Yankee, sending you 1
2024-10-14 17:40:18.452475 Yankee: Uniform, sending you 2
2024-10-14 17:40:18.454011 Alpha: India, sending you 4
2024-10-14 17:40:18.459239 Delta: Juliett, sending you 4
chatterbot Delta submitting transactions
chatterbot Yankee submitting transactions
chatterbot Zulu submitting transactions
chatterbot Uniform submitting transactions
chatterbot Victor submitting transactions
chatterbot India submitting transactions
chatterbot November submitting transactions
chatterbot Juliett submitting transactions
chatterbot Lima submitting transactions
chatterbot Alpha submitting transactions
ChatterBot Lima round 2
ChatterBot Victor round 2
ChatterBot Juliett round 2
ChatterBot Zulu round 2
ChatterBot Alpha round 2
ChatterBot Yankee round 2
ChatterBot Uniform round 2
2024-10-14 17:40:19.598710 Lima: Can we be friends?
ChatterBot Victor reevaluating
ChatterBot Delta reevaluating
ChatterBot November reevaluating
2024-10-14 17:40:19.646156 Victor: No
2024-10-14 17:40:19.646705 Juliett: No
2024-10-14 17:40:19.646881 Delta: No
2024-10-14 17:40:19.647044 November: No
ChatterBot Delta reevaluating
ChatterBot November reevaluating
ChatterBot Victor reevaluating
ChatterBot Delta reevaluating
ChatterBot November reevaluating
ChatterBot Victor reevaluating
ChatterBot November reevaluating
ChatterBot Victor reevaluating
ChatterBot Delta reevaluating
ChatterBot India round 2
ChatterBot Delta round 2
2024-10-14 17:40:19.879979 Juliett: We should drop Yankee and Lima
ChatterBot Victor reevaluating
ChatterBot Delta reevaluating
ChatterBot November reevaluating
2024-10-14 17:40:19.906485 Victor: Yes
2024-10-14 17:40:19.906702 Delta: Yes
2024-10-14 17:40:19.906854 November: Yes
ChatterBot Delta reevaluating
ChatterBot November reevaluating
ChatterBot Victor reevaluating
ChatterBot November reevaluating
ChatterBot Victor reevaluating
ChatterBot Delta reevaluating
ChatterBot November round 2
2024-10-14 17:40:19.993532 Alpha: We should drop Lima
ChatterBot Zulu reevaluating
2024-10-14 17:40:20.015952 Zulu: Yes
2024-10-14 17:40:20.016178 Yankee: No
2024-10-14 17:40:20.016394 Uniform: No
2024-10-14 17:40:20.016627 India: No
ChatterBot Zulu reevaluating
ChatterBot Zulu reevaluating
ChatterBot Zulu reevaluating
chatterbot Lima submitting transactions
2024-10-14 17:40:20.536579 Yankee: Lima, Alpha and Uniform, sending you 3
2024-10-14 17:40:20.537547 November: We should drop Yankee and Lima
2024-10-14 17:40:20.547717 Juliett: Yes
2024-10-14 17:40:20.547866 Victor: Yes
2024-10-14 17:40:20.547983 Delta: Yes
2024-10-14 17:40:20.585635 Juliett: Victor, sending you 2
2024-10-14 17:40:20.585922 Lima: Sending you each 3
chatterbot Yankee submitting transactions
2024-10-14 17:40:20.586393 Yankee: Zulu, sending you 2
2024-10-14 17:40:20.871295 Juliett: Delta and November, sending you 6
2024-10-14 17:40:20.872107 India: Lima, sending you 2
2024-10-14 17:40:20.872535 Alpha: Zulu and Uniform, sending you 4
2024-10-14 17:40:20.872835 Uniform: Lima, Zulu, Alpha and Yankee, sending you 4
2024-10-14 17:40:20.873729 Yankee: India, sending you 5
chatterbot Alpha submitting transactions
chatterbot Juliett submitting transactions
chatterbot Delta submitting transactions
2024-10-14 17:40:21.091287 India: Zulu, sending you 5
2024-10-14 17:40:21.092031 Alpha: Yankee and India, sending you 5
2024-10-14 17:40:21.092282 Uniform: India, sending you 3
2024-10-14 17:40:21.092570 Zulu: Alpha and Uniform, sending you 6
2024-10-14 17:40:21.092818 Victor: Juliett, sending you 3
2024-10-14 17:40:21.093584 Delta: Sending you each 4
2024-10-14 17:40:21.093884 November: Victor and Juliett, sending you 5
chatterbot Uniform submitting transactions
chatterbot India submitting transactions
chatterbot Victor submitting transactions
2024-10-14 17:40:21.125944 India: Alpha and Yankee, sending you 3
2024-10-14 17:40:21.126789 Zulu: Yankee and India, sending you 1
2024-10-14 17:40:21.127016 Victor: Delta, sending you 2
2024-10-14 17:40:21.127269 November: Delta, sending you 7
2024-10-14 17:40:21.141253 India: Uniform, sending you 4
2024-10-14 17:40:21.141724 Victor: November, sending you 4
chatterbot November submitting transactions
chatterbot Zulu submitting transactions
ChatterBot Lima round 3
ChatterBot Victor round 3
ChatterBot Juliett round 3
ChatterBot Zulu round 3
ChatterBot Alpha round 3
ChatterBot Yankee round 3
ChatterBot Uniform round 3
ChatterBot India round 3
ChatterBot Delta round 3
ChatterBot November round 3
2024-10-14 17:40:21.404429 Yankee: We should drop Lima
ChatterBot Alpha reevaluating
2024-10-14 17:40:21.416989 Alpha: Yes
2024-10-14 17:40:21.417185 Zulu: Yes
2024-10-14 17:40:21.417833 Uniform: No
2024-10-14 17:40:21.417957 India: Yes
ChatterBot Alpha reevaluating
ChatterBot Alpha reevaluating
ChatterBot Alpha reevaluating
2024-10-14 17:40:21.484245 Victor: Lima, Juliett and Delta, sending you 2
2024-10-14 17:40:21.499427 November: Victor, sending you 5
2024-10-14 17:40:21.499792 Zulu: Alpha, sending you 5
2024-10-14 17:40:21.500570 Juliett: Lima and Victor, sending you 3
2024-10-14 17:40:21.500875 Victor: November, sending you 3
2024-10-14 17:40:21.501127 Delta: Victor, sending you 3
2024-10-14 17:40:21.501333 Yankee: Zulu, sending you 2
2024-10-14 17:40:21.501959 Uniform: Lima, sending you 2
2024-10-14 17:40:21.502234 Lima: Zulu, Alpha and India, sending you 2
2024-10-14 17:40:21.510561 Zulu: Yankee, sending you 1
2024-10-14 17:40:21.511058 November: Juliett and Delta, sending you 6
2024-10-14 17:40:21.511431 Juliett: Delta and November, sending you 5
2024-10-14 17:40:21.512188 Delta: Juliett, sending you 4
2024-10-14 17:40:21.512491 Yankee: Alpha and India, sending you 5
2024-10-14 17:40:21.512891 Uniform: Zulu, sending you 5
2024-10-14 17:40:21.514070 Lima: Yankee and Uniform, sending you 3
2024-10-14 17:40:21.514532 India: Zulu, sending you 3
2024-10-14 17:40:21.515433 Alpha: Zulu, Yankee and India, sending you 5
2024-10-14 17:40:21.515811 Zulu: Uniform and India, sending you 4
2024-10-14 17:40:21.520136 Delta: November, sending you 5
2024-10-14 17:40:21.520419 Yankee: Uniform, sending you 4
2024-10-14 17:40:21.520712 India: Alpha and Yankee, sending you 5
2024-10-14 17:40:21.521639 Uniform: Alpha, Yankee and India, sending you 4
2024-10-14 17:40:21.521923 Alpha: Uniform, sending you 4
2024-10-14 17:40:21.535289 India: Uniform, sending you 4
chatterbot Yankee submitting transactions
chatterbot Lima submitting transactions
chatterbot Delta submitting transactions
chatterbot Juliett submitting transactions
chatterbot November submitting transactions
chatterbot Zulu submitting transactions
chatterbot Alpha submitting transactions
chatterbot Victor submitting transactions
chatterbot India submitting transactions
chatterbot Uniform submitting transactions
ChatterBot Lima round 4
ChatterBot Victor round 4
ChatterBot Juliett round 4
ChatterBot Zulu round 4
ChatterBot Alpha round 4
ChatterBot Yankee round 4
ChatterBot Uniform round 4
ChatterBot India round 4
ChatterBot Delta round 4
ChatterBot November round 4
2024-10-14 17:40:22.696094 India: We should add Lima
ChatterBot Yankee reevaluating
2024-10-14 17:40:22.715935 Alpha: No
2024-10-14 17:40:22.716150 Zulu: No
2024-10-14 17:40:22.716322 Yankee: Yes
2024-10-14 17:40:22.716496 Uniform: Yes
ChatterBot Yankee reevaluating
ChatterBot Yankee reevaluating
ChatterBot Yankee reevaluating
2024-10-14 17:40:22.775863 Victor: We should drop Lima
2024-10-14 17:40:22.784690 Juliett: Yes
2024-10-14 17:40:22.785338 Delta: Yes
2024-10-14 17:40:22.785478 November: Yes
2024-10-14 17:40:22.878846 India: Lima we want you to join our group
ChatterBot Lima reevaluating
2024-10-14 17:40:22.884345 Lima: No
ChatterBot Yankee reevaluating
2024-10-14 17:40:22.915155 Uniform: Lima, sending you 3
2024-10-14 17:40:22.915859 Zulu: Alpha, sending you 5
2024-10-14 17:40:22.917230 November: Victor, sending you 5
2024-10-14 17:40:22.917874 Yankee: Lima we want you to join our group
ChatterBot Lima reevaluating
2024-10-14 17:40:22.925065 Lima: No
2024-10-14 17:40:22.949508 Uniform: Zulu, Alpha, Yankee and India, sending you 4
2024-10-14 17:40:22.950605 Zulu: Yankee, sending you 2
2024-10-14 17:40:22.952240 November: Juliett and Delta, sending you 6
2024-10-14 17:40:22.953035 Delta: Victor, sending you 3
2024-10-14 17:40:22.954553 Juliett: Victor, sending you 4
2024-10-14 17:40:22.955241 Victor: Juliett, sending you 2
2024-10-14 17:40:22.958470 Zulu: Uniform, sending you 4
2024-10-14 17:40:22.959219 Alpha: Zulu, Yankee and India, sending you 5
2024-10-14 17:40:22.960782 India: Lima, sending you 2
2024-10-14 17:40:22.961705 Delta: Juliett, sending you 4
2024-10-14 17:40:22.963305 Juliett: Delta and November, sending you 6
2024-10-14 17:40:22.964809 Victor: Delta, sending you 3
2024-10-14 17:40:22.966062 Zulu: India, sending you 3
2024-10-14 17:40:22.967885 Alpha: Uniform, sending you 4
chatterbot India submitting transactions
2024-10-14 17:40:22.969677 India: Zulu and Uniform, sending you 3
2024-10-14 17:40:22.970650 Delta: November, sending you 5
2024-10-14 17:40:22.972337 Victor: November, sending you 4
2024-10-14 17:40:22.974030 Yankee: Lima and Uniform, sending you 3
2024-10-14 17:40:22.975973 India: Alpha, sending you 5
2024-10-14 17:40:22.978933 Yankee: Zulu, sending you 2
2024-10-14 17:40:22.981688 India: Yankee, sending you 4
2024-10-14 17:40:22.986654 Yankee: Alpha and India, sending you 4
2024-10-14 17:40:22.988690 Lima: Victor and Delta, sending you 3
2024-10-14 17:40:22.994670 Lima: Juliett, sending you 4
2024-10-14 17:40:22.998683 Lima: November, sending you 2
chatterbot November submitting transactions
chatterbot Juliett submitting transactions
chatterbot Yankee submitting transactions
chatterbot Delta submitting transactions
chatterbot Victor submitting transactions
chatterbot Uniform submitting transactions
chatterbot Zulu submitting transactions
chatterbot Alpha submitting transactions
chatterbot Lima submitting transactions
ChatterBot Lima round 5
ChatterBot Victor round 5
ChatterBot Juliett round 5
ChatterBot Zulu round 5
ChatterBot Alpha round 5
ChatterBot Yankee round 5
ChatterBot Uniform round 5
ChatterBot India round 5
ChatterBot Delta round 5
ChatterBot November round 5
2024-10-14 17:40:24.173783 Zulu: We should drop Yankee
ChatterBot Alpha reevaluating
2024-10-14 17:40:24.186717 Alpha: No
2024-10-14 17:40:24.186936 Uniform: No
2024-10-14 17:40:24.187092 India: No
ChatterBot Zulu reevaluating
ChatterBot India reevaluating
ChatterBot Zulu reevaluating
ChatterBot Alpha reevaluating
ChatterBot India reevaluating
ChatterBot Zulu reevaluating
ChatterBot Alpha reevaluating
2024-10-14 17:40:24.217933 Victor: Sending you each 3
2024-10-14 17:40:24.218701 Lima: Zulu, Alpha and India, sending you 2
2024-10-14 17:40:24.219337 Juliett: Lima, sending you 4
2024-10-14 17:40:24.219738 Delta: Victor, sending you 3
2024-10-14 17:40:24.220849 Alpha: We should drop Zulu
2024-10-14 17:40:24.228586 Yankee: No
2024-10-14 17:40:24.228873 Uniform: No
2024-10-14 17:40:24.229386 India: No
ChatterBot Alpha reevaluating
ChatterBot India reevaluating
ChatterBot Alpha reevaluating
ChatterBot India reevaluating
ChatterBot Alpha reevaluating
2024-10-14 17:40:24.259361 Delta: Juliett, sending you 4
2024-10-14 17:40:24.259738 Lima: Yankee and Uniform, sending you 3
2024-10-14 17:40:24.260591 Juliett: Victor, sending you 3
2024-10-14 17:40:24.263668 Uniform: Lima, sending you 3
2024-10-14 17:40:24.264681 November: Victor, sending you 5
2024-10-14 17:40:24.265041 Delta: November, sending you 5
2024-10-14 17:40:24.265382 Yankee: Lima and Zulu, sending you 2
2024-10-14 17:40:24.265817 Juliett: Delta, sending you 5
2024-10-14 17:40:24.267677 Uniform: Zulu, Alpha, Yankee and India, sending you 4
2024-10-14 17:40:24.269083 Yankee: Alpha, sending you 5
2024-10-14 17:40:24.269675 Juliett: November, sending you 6
2024-10-14 17:40:24.270158 November: Juliett and Delta, sending you 6
2024-10-14 17:40:24.273683 Yankee: Uniform, sending you 3
2024-10-14 17:40:24.274668 Zulu: Alpha, sending you 5
2024-10-14 17:40:24.276672 Yankee: India, sending you 4
2024-10-14 17:40:24.277667 Zulu: Yankee, sending you 2
2024-10-14 17:40:24.281679 Zulu: Uniform, sending you 4
2024-10-14 17:40:24.286671 Zulu: India, sending you 3
chatterbot Delta submitting transactions
chatterbot Zulu submitting transactions
chatterbot India submitting transactions
chatterbot Uniform submitting transactions
chatterbot Yankee submitting transactions
chatterbot Alpha submitting transactions
chatterbot Victor submitting transactions
chatterbot Lima submitting transactions
chatterbot November submitting transactions
chatterbot Juliett submitting transactions
ChatterBot Lima round 6
ChatterBot Victor round 6
ChatterBot Juliett round 6
ChatterBot Zulu round 6
ChatterBot Alpha round 6
ChatterBot Yankee round 6
ChatterBot Uniform round 6
ChatterBot India round 6
ChatterBot Delta round 6
ChatterBot November round 6
2024-10-14 17:40:25.411730 Lima: We should drop Zulu
ChatterBot Alpha reevaluating
ChatterBot Yankee reevaluating
ChatterBot Uniform reevaluating
ChatterBot India reevaluating
2024-10-14 17:40:25.427668 Alpha: No
2024-10-14 17:40:25.427861 Yankee: No
2024-10-14 17:40:25.428511 Uniform: No
2024-10-14 17:40:25.428674 India: No
ChatterBot Yankee reevaluating
ChatterBot Uniform reevaluating
ChatterBot India reevaluating
ChatterBot Alpha reevaluating
ChatterBot Uniform reevaluating
ChatterBot India reevaluating
ChatterBot Alpha reevaluating
ChatterBot Yankee reevaluating
ChatterBot India reevaluating
ChatterBot Alpha reevaluating
ChatterBot Yankee reevaluating
ChatterBot Uniform reevaluating
2024-10-14 17:40:25.568423 Juliett: We should drop Lima
2024-10-14 17:40:25.575398 Victor: Yes
2024-10-14 17:40:25.575636 Delta: Yes
2024-10-14 17:40:25.575900 November: Yes
2024-10-14 17:40:25.601653 Zulu: Alpha, Uniform and India, sending you 4
2024-10-14 17:40:25.602688 Victor: Juliett, sending you 2
2024-10-14 17:40:25.604703 Zulu: Yankee, sending you 2
2024-10-14 17:40:25.608671 Victor: Delta, sending you 3
2024-10-14 17:40:25.611703 Uniform: Lima, sending you 3
2024-10-14 17:40:25.613215 Delta: Victor, sending you 3
2024-10-14 17:40:25.614001 Victor: November, sending you 4
2024-10-14 17:40:25.614814 Yankee: Lima and Zulu, sending you 2
2024-10-14 17:40:25.615605 Alpha: Zulu, Yankee and India, sending you 5
2024-10-14 17:40:25.616655 Uniform: Zulu, Alpha, Yankee and India, sending you 4
2024-10-14 17:40:25.617745 India: Lima, sending you 2
2024-10-14 17:40:25.619217 Delta: Juliett, sending you 4
2024-10-14 17:40:25.620125 Lima: Alpha, sending you 2
2024-10-14 17:40:25.620703 Yankee: Alpha, sending you 5
2024-10-14 17:40:25.621623 Juliett: Victor, sending you 5
2024-10-14 17:40:25.622898 Alpha: Uniform, sending you 4
2024-10-14 17:40:25.623657 India: Zulu and Uniform, sending you 3
2024-10-14 17:40:25.624809 Delta: November, sending you 5
2024-10-14 17:40:25.626501 Lima: Yankee and India, sending you 3
2024-10-14 17:40:25.627121 November: Victor, sending you 5
2024-10-14 17:40:25.627684 Yankee: Uniform, sending you 3
2024-10-14 17:40:25.628775 Juliett: Delta and November, sending you 6
2024-10-14 17:40:25.629346 India: Alpha, sending you 5
2024-10-14 17:40:25.631029 Lima: Uniform, sending you 4
2024-10-14 17:40:25.631775 November: Juliett and Delta, sending you 6
2024-10-14 17:40:25.634263 Yankee: India, sending you 4
2024-10-14 17:40:25.635672 India: Yankee, sending you 4
chatterbot Victor submitting transactions
chatterbot India submitting transactions
chatterbot Zulu submitting transactions
chatterbot Alpha submitting transactions
chatterbot Lima submitting transactions
chatterbot Delta submitting transactions
chatterbot Yankee submitting transactions
chatterbot November submitting transactions
chatterbot Juliett submitting transactions
chatterbot Uniform submitting transactions
ChatterBot Lima round 7
ChatterBot Victor round 7
ChatterBot Juliett round 7
ChatterBot Zulu round 7
ChatterBot Alpha round 7
ChatterBot Yankee round 7
ChatterBot Uniform round 7
ChatterBot India round 7
ChatterBot Delta round 7
ChatterBot November round 7
2024-10-14 17:40:26.862475 Zulu: Alpha, Uniform and India, sending you 4
2024-10-14 17:40:26.863275 Victor: Sending you each 3
2024-10-14 17:40:26.863777 Juliett: Victor, sending you 5
2024-10-14 17:40:26.864255 Lima: Alpha, sending you 2
2024-10-14 17:40:26.866665 Juliett: Delta and November, sending you 6
2024-10-14 17:40:26.874344 Zulu: Yankee, sending you 2
2024-10-14 17:40:26.875976 Lima: Yankee and India, sending you 3
2024-10-14 17:40:26.876962 Uniform: Lima, sending you 3
2024-10-14 17:40:26.878561 India: Lima, sending you 2
2024-10-14 17:40:26.879570 Alpha: Zulu, Yankee and India, sending you 5
2024-10-14 17:40:26.881049 Lima: Uniform, sending you 4
2024-10-14 17:40:26.881774 Yankee: Lima and Uniform, sending you 3
2024-10-14 17:40:26.883474 Uniform: Zulu, Alpha, Yankee and India, sending you 4
2024-10-14 17:40:26.884769 Delta: Victor, sending you 3
2024-10-14 17:40:26.886548 India: Zulu and Uniform, sending you 3
2024-10-14 17:40:26.887907 Alpha: Uniform, sending you 4
2024-10-14 17:40:26.889834 Yankee: Zulu, sending you 2
2024-10-14 17:40:26.890894 Delta: Juliett, sending you 4
2024-10-14 17:40:26.892754 India: Alpha, sending you 5
2024-10-14 17:40:26.895680 Yankee: Alpha and India, sending you 4
2024-10-14 17:40:26.896670 Delta: November, sending you 5
2024-10-14 17:40:26.897353 India: Yankee, sending you 4
2024-10-14 17:40:26.899419 November: Victor, sending you 5
2024-10-14 17:40:26.903123 November: Juliett and Delta, sending you 6
chatterbot Alpha submitting transactions
chatterbot Juliett submitting transactions
chatterbot Zulu submitting transactions
chatterbot November submitting transactions
chatterbot Uniform submitting transactions
chatterbot Delta submitting transactions
chatterbot India submitting transactions
chatterbot Victor submitting transactions
chatterbot Yankee submitting transactions
chatterbot Lima submitting transactions
ChatterBot Lima round 8
ChatterBot Victor round 8
ChatterBot Juliett round 8
ChatterBot Zulu round 8
ChatterBot Alpha round 8
ChatterBot Yankee round 8
ChatterBot Uniform round 8
ChatterBot India round 8
ChatterBot Delta round 8
ChatterBot November round 8
2024-10-14 17:40:27.979650 Alpha: Zulu, Yankee and India, sending you 5
2024-10-14 17:40:27.980673 Lima: Alpha, sending you 2
2024-10-14 17:40:27.981041 Uniform: Lima, sending you 3
2024-10-14 17:40:27.982675 Zulu: Alpha, sending you 5
2024-10-14 17:40:27.983085 India: Lima, sending you 2
2024-10-14 17:40:27.983712 Yankee: Lima and Uniform, sending you 3
2024-10-14 17:40:27.984803 Alpha: Uniform, sending you 4
2024-10-14 17:40:27.985264 Uniform: Zulu, Alpha, Yankee and India, sending you 4
2024-10-14 17:40:27.985919 Lima: Yankee and India, sending you 3
2024-10-14 17:40:27.986298 Zulu: Yankee, sending you 2
2024-10-14 17:40:27.986753 India: Zulu and Uniform, sending you 3
2024-10-14 17:40:27.987659 November: Victor, sending you 5
2024-10-14 17:40:27.988124 Yankee: Zulu, sending you 2
2024-10-14 17:40:27.989664 Victor: Same as last round
2024-10-14 17:40:27.990429 Zulu: Uniform, sending you 4
2024-10-14 17:40:27.990791 Lima: Uniform, sending you 4
2024-10-14 17:40:27.991048 India: Alpha, sending you 5
2024-10-14 17:40:27.991454 November: Juliett and Delta, sending you 6
2024-10-14 17:40:27.991771 Yankee: Alpha and India, sending you 4
2024-10-14 17:40:27.992801 Juliett: Victor, sending you 5
2024-10-14 17:40:27.994654 Delta: Victor, sending you 3
2024-10-14 17:40:27.995670 Zulu: India, sending you 3
2024-10-14 17:40:27.996252 India: Yankee, sending you 4
2024-10-14 17:40:27.997658 Juliett: Delta and November, sending you 6
2024-10-14 17:40:27.998669 Delta: Juliett, sending you 4
2024-10-14 17:40:28.001669 Delta: November, sending you 5
chatterbot India submitting transactions
chatterbot Victor submitting transactions
chatterbot Yankee submitting transactions
chatterbot Delta submitting transactions
chatterbot Zulu submitting transactions
chatterbot Alpha submitting transactions
chatterbot Uniform submitting transactions
chatterbot Juliett submitting transactions
chatterbot Lima submitting transactions
chatterbot November submitting transactions
ChatterBot Lima round 9
ChatterBot Victor round 9
ChatterBot Juliett round 9
ChatterBot Zulu round 9
ChatterBot Alpha round 9
ChatterBot Yankee round 9
ChatterBot Uniform round 9
ChatterBot India round 9
ChatterBot Delta round 9
ChatterBot November round 9
2024-10-14 17:40:29.098662 Juliett: Victor, sending you 5
2024-10-14 17:40:29.099679 Zulu: Alpha, sending you 5
2024-10-14 17:40:29.101700 Victor: Same as last round
2024-10-14 17:40:29.102656 Juliett: Delta and November, sending you 6
2024-10-14 17:40:29.103662 Alpha: Zulu, Yankee and India, sending you 5
2024-10-14 17:40:29.104734 Zulu: Yankee, sending you 2
2024-10-14 17:40:29.108675 Alpha: Uniform, sending you 4
2024-10-14 17:40:29.110181 Zulu: Uniform, sending you 4
2024-10-14 17:40:29.110697 India: Lima, sending you 2
2024-10-14 17:40:29.112673 Yankee: Lima and Uniform, sending you 3
2024-10-14 17:40:29.113668 Zulu: India, sending you 3
2024-10-14 17:40:29.114689 Lima: Alpha, sending you 2
2024-10-14 17:40:29.115704 India: Zulu and Uniform, sending you 3
2024-10-14 17:40:29.116335 Yankee: Zulu, sending you 2
2024-10-14 17:40:29.116949 November: Victor, sending you 5
2024-10-14 17:40:29.117980 Uniform: Lima, sending you 3
2024-10-14 17:40:29.118696 Lima: Yankee and India, sending you 3
2024-10-14 17:40:29.119716 India: Alpha, sending you 5
2024-10-14 17:40:29.120317 Yankee: Alpha and India, sending you 4
2024-10-14 17:40:29.121332 November: Juliett and Delta, sending you 6
2024-10-14 17:40:29.122674 Uniform: Zulu, Alpha, Yankee and India, sending you 4
2024-10-14 17:40:29.123266 Delta: Victor, sending you 3
2024-10-14 17:40:29.123704 India: Yankee, sending you 4
2024-10-14 17:40:29.124939 Lima: Uniform, sending you 4
2024-10-14 17:40:29.126655 Delta: Juliett, sending you 4
2024-10-14 17:40:29.130776 Delta: November, sending you 5
chatterbot Alpha submitting transactions
chatterbot Juliett submitting transactions
chatterbot November submitting transactions
chatterbot Victor submitting transactions
chatterbot Uniform submitting transactions
chatterbot Delta submitting transactions
chatterbot Zulu submitting transactions
chatterbot Yankee submitting transactions
chatterbot Lima submitting transactions
chatterbot India submitting transactions
ChatterBot Lima round 10
ChatterBot Victor round 10
ChatterBot Juliett round 10
ChatterBot Zulu round 10
ChatterBot Alpha round 10
ChatterBot Yankee round 10
ChatterBot Uniform round 10
ChatterBot India round 10
ChatterBot Delta round 10
ChatterBot November round 10
2024-10-14 17:40:30.364673 India: Lima, sending you 2
2024-10-14 17:40:30.367091 Zulu: Alpha, sending you 5
2024-10-14 17:40:30.367801 Juliett: Victor, sending you 5
2024-10-14 17:40:30.368495 India: Zulu and Uniform, sending you 3
2024-10-14 17:40:30.370667 Victor: Same as last round
2024-10-14 17:40:30.371221 Juliett: Delta and November, sending you 6
2024-10-14 17:40:30.371712 Alpha: Zulu, Yankee and India, sending you 5
2024-10-14 17:40:30.372650 Zulu: Yankee, sending you 2
2024-10-14 17:40:30.373819 India: Alpha, sending you 5
2024-10-14 17:40:30.374439 Yankee: Lima and Uniform, sending you 3
2024-10-14 17:40:30.375022 Lima: Alpha, sending you 1
2024-10-14 17:40:30.375661 Alpha: Uniform, sending you 4
2024-10-14 17:40:30.376705 India: Yankee, sending you 4
2024-10-14 17:40:30.377808 Delta: Victor, sending you 3
2024-10-14 17:40:30.378444 Zulu: Uniform, sending you 4
2024-10-14 17:40:30.379476 November: Victor, sending you 5
2024-10-14 17:40:30.379979 Yankee: Zulu, sending you 2
2024-10-14 17:40:30.380540 Lima: Yankee and Uniform, sending you 4
2024-10-14 17:40:30.380892 Delta: Juliett, sending you 4
2024-10-14 17:40:30.382003 Zulu: India, sending you 3
2024-10-14 17:40:30.382667 Yankee: Alpha and India, sending you 4
2024-10-14 17:40:30.383700 November: Juliett and Delta, sending you 6
2024-10-14 17:40:30.384537 Delta: November, sending you 5
2024-10-14 17:40:30.385054 Lima: India, sending you 3
2024-10-14 17:40:30.385536 Uniform: Lima, sending you 3
2024-10-14 17:40:30.389700 Uniform: Zulu, Alpha, Yankee and India, sending you 4
chatterbot Delta submitting transactions
chatterbot November submitting transactions
chatterbot Yankee submitting transactions
chatterbot Zulu submitting transactions
chatterbot Lima submitting transactions
chatterbot Alpha submitting transactions
chatterbot India submitting transactions
chatterbot Uniform submitting transactions
chatterbot Victor submitting transactions
chatterbot Juliett submitting transactions
ChatterBot Lima round 11
ChatterBot Victor round 11
ChatterBot Juliett round 11
ChatterBot Zulu round 11
ChatterBot Alpha round 11
ChatterBot Yankee round 11
ChatterBot Uniform round 11
ChatterBot India round 11
ChatterBot Delta round 11
ChatterBot November round 11
2024-10-14 17:40:31.632695 Yankee: Lima and Uniform, sending you 3
2024-10-14 17:40:31.635684 Zulu: Alpha, sending you 5
2024-10-14 17:40:31.636670 Juliett: Victor, sending you 5
2024-10-14 17:40:31.637247 Yankee: Zulu, sending you 2
2024-10-14 17:40:31.638682 Zulu: Yankee, sending you 2
2024-10-14 17:40:31.639964 Victor: Same as last round
2024-10-14 17:40:31.641 Alpha: Zulu, Yankee and India, sending you 5
2024-10-14 17:40:31.641711 Yankee: Alpha and India, sending you 4
2024-10-14 17:40:31.642706 Juliett: Delta and November, sending you 6
2024-10-14 17:40:31.643145 Lima: Alpha, sending you 2
2024-10-14 17:40:31.644141 Zulu: Uniform, sending you 4
2024-10-14 17:40:31.646679 Alpha: Uniform, sending you 4
2024-10-14 17:40:31.647423 Uniform: Lima, sending you 3
2024-10-14 17:40:31.648816 Lima: Yankee, sending you 4
2024-10-14 17:40:31.649514 Zulu: India, sending you 3
2024-10-14 17:40:31.650015 India: Lima, sending you 2
2024-10-14 17:40:31.651694 Uniform: Zulu, Alpha, Yankee and India, sending you 4
2024-10-14 17:40:31.652700 November: Victor, sending you 5
2024-10-14 17:40:31.654397 Lima: Uniform and India, sending you 3
2024-10-14 17:40:31.655125 India: Zulu and Uniform, sending you 3
2024-10-14 17:40:31.655989 November: Juliett and Delta, sending you 6
2024-10-14 17:40:31.656754 Delta: Victor, sending you 3
2024-10-14 17:40:31.660688 India: Alpha, sending you 5
2024-10-14 17:40:31.661602 Delta: Juliett, sending you 4
2024-10-14 17:40:31.664671 India: Yankee, sending you 4
2024-10-14 17:40:31.665350 Delta: November, sending you 5
chatterbot India submitting transactions
chatterbot Yankee submitting transactions
chatterbot November submitting transactions
chatterbot Juliett submitting transactions
chatterbot Victor submitting transactions
chatterbot Zulu submitting transactions
chatterbot Uniform submitting transactions
chatterbot Alpha submitting transactions
chatterbot Lima submitting transactions
chatterbot Delta submitting transactions
ChatterBot Lima round 12
ChatterBot Victor round 12
ChatterBot Juliett round 12
ChatterBot Zulu round 12
ChatterBot Alpha round 12
ChatterBot Yankee round 12
ChatterBot Uniform round 12
ChatterBot India round 12
ChatterBot Delta round 12
ChatterBot November round 12
2024-10-14 17:40:32.734665 Alpha: Zulu, Yankee and India, sending you 5
2024-10-14 17:40:32.738410 Victor: Same as last round
2024-10-14 17:40:32.741663 Alpha: Uniform, sending you 4
2024-10-14 17:40:32.747679 Zulu: Alpha, sending you 5
2024-10-14 17:40:32.749666 Delta: Sending you each 4
2024-10-14 17:40:32.750972 Yankee: Lima and Uniform, sending you 3
2024-10-14 17:40:32.752980 Lima: Alpha, sending you 2
2024-10-14 17:40:32.753933 India: Lima, sending you 2
2024-10-14 17:40:32.755343 Juliett: Victor, sending you 5
2024-10-14 17:40:32.756129 Uniform: Lima, sending you 3
2024-10-14 17:40:32.757546 Zulu: Yankee, sending you 2
2024-10-14 17:40:32.758278 Yankee: Zulu, sending you 2
2024-10-14 17:40:32.759214 Lima: Yankee, sending you 4
2024-10-14 17:40:32.760405 India: Zulu and Uniform, sending you 3
2024-10-14 17:40:32.761386 Juliett: Delta and November, sending you 6
2024-10-14 17:40:32.761986 Uniform: Zulu, Alpha, Yankee and India, sending you 4
2024-10-14 17:40:32.763553 Zulu: Uniform, sending you 4
2024-10-14 17:40:32.764212 November: Victor, sending you 5
2024-10-14 17:40:32.764927 Yankee: Alpha and India, sending you 4
2024-10-14 17:40:32.766866 Lima: Uniform and India, sending you 3
2024-10-14 17:40:32.767752 India: Alpha, sending you 5
2024-10-14 17:40:32.769516 Zulu: India, sending you 3
2024-10-14 17:40:32.770553 November: Juliett and Delta, sending you 6
2024-10-14 17:40:32.772022 India: Yankee, sending you 4
chatterbot Lima submitting transactions
chatterbot Yankee submitting transactions
chatterbot Zulu submitting transactions
chatterbot Victor submitting transactions
chatterbot November submitting transactions
chatterbot Alpha submitting transactions
chatterbot Juliett submitting transactions
chatterbot Uniform submitting transactions
chatterbot Delta submitting transactions
chatterbot India submitting transactions
ChatterBot Lima round 13
ChatterBot Victor round 13
ChatterBot Juliett round 13
ChatterBot Zulu round 13
ChatterBot Alpha round 13
ChatterBot Yankee round 13
ChatterBot Uniform round 13
ChatterBot India round 13
ChatterBot Delta round 13
ChatterBot November round 13
2024-10-14 17:40:33.734117 Lima: Alpha, sending you 2
2024-10-14 17:40:33.739683 Lima: Yankee, sending you 4
2024-10-14 17:40:33.740354 Zulu: Alpha, sending you 5
2024-10-14 17:40:33.741674 Juliett: Victor, sending you 5
2024-10-14 17:40:33.742684 Victor: Same as last round
2024-10-14 17:40:33.743256 Lima: Uniform and India, sending you 3
2024-10-14 17:40:33.743912 Delta: Same as last round
2024-10-14 17:40:33.744811 Zulu: Yankee, sending you 2
2024-10-14 17:40:33.746653 Juliett: Delta and November, sending you 6
2024-10-14 17:40:33.748674 Zulu: Uniform, sending you 4
2024-10-14 17:40:33.749193 Alpha: Zulu, Yankee and India, sending you 5
2024-10-14 17:40:33.749684 Yankee: Lima and Uniform, sending you 3
2024-10-14 17:40:33.750337 Uniform: Lima, sending you 3
2024-10-14 17:40:33.750955 India: Lima, sending you 2
2024-10-14 17:40:33.751978 Zulu: India, sending you 3
2024-10-14 17:40:33.754665 Alpha: Uniform, sending you 4
2024-10-14 17:40:33.755611 Yankee: Zulu, sending you 2
2024-10-14 17:40:33.756252 India: Zulu and Uniform, sending you 3
2024-10-14 17:40:33.756862 Uniform: Zulu, Alpha, Yankee and India, sending you 4
2024-10-14 17:40:33.757456 November: Victor, sending you 5
2024-10-14 17:40:33.760655 Yankee: Alpha and India, sending you 4
2024-10-14 17:40:33.761306 November: Juliett and Delta, sending you 6
2024-10-14 17:40:33.761820 India: Alpha, sending you 5
2024-10-14 17:40:33.765665 India: Yankee, sending you 4
chatterbot Victor submitting transactions
chatterbot Uniform submitting transactions
chatterbot Lima submitting transactions
chatterbot November submitting transactions
chatterbot Yankee submitting transactions
chatterbot India submitting transactions
chatterbot Zulu submitting transactions
chatterbot Alpha submitting transactions
chatterbot Juliett submitting transactions
chatterbot Delta submitting transactions
ChatterBot Lima round 14
ChatterBot Victor round 14
ChatterBot Juliett round 14
ChatterBot Zulu round 14
ChatterBot Alpha round 14
ChatterBot Yankee round 14
ChatterBot Uniform round 14
ChatterBot India round 14
ChatterBot Delta round 14
ChatterBot November round 14
2024-10-14 17:40:34.810664 Victor: Same as last round
2024-10-14 17:40:34.815663 Yankee: Lima and Uniform, sending you 3
2024-10-14 17:40:34.818670 Lima: Alpha, sending you 2
2024-10-14 17:40:34.819665 Yankee: Zulu, sending you 2
2024-10-14 17:40:34.820682 Alpha: Zulu, Yankee and India, sending you 5
2024-10-14 17:40:34.821688 Lima: Yankee, sending you 4
2024-10-14 17:40:34.823680 Zulu: Alpha, sending you 5
2024-10-14 17:40:34.824572 Yankee: Alpha and India, sending you 4
2024-10-14 17:40:34.825793 Uniform: Lima, sending you 3
2024-10-14 17:40:34.827252 Alpha: Uniform, sending you 4
2024-10-14 17:40:34.828119 Lima: Uniform and India, sending you 3
2024-10-14 17:40:34.828669 Delta: Same as last round
2024-10-14 17:40:34.829169 Juliett: Victor, sending you 5
2024-10-14 17:40:34.829961 Zulu: Yankee, sending you 2
2024-10-14 17:40:34.830445 Uniform: Zulu, Alpha, Yankee and India, sending you 4
2024-10-14 17:40:34.832693 Zulu: Uniform, sending you 4
2024-10-14 17:40:34.833665 Juliett: Delta and November, sending you 6
2024-10-14 17:40:34.834670 India: Lima, sending you 2
2024-10-14 17:40:34.835321 November: Victor, sending you 5
2024-10-14 17:40:34.837683 Zulu: India, sending you 3
2024-10-14 17:40:34.838479 India: Zulu and Uniform, sending you 3
2024-10-14 17:40:34.840664 November: Juliett and Delta, sending you 6
2024-10-14 17:40:34.843673 India: Alpha, sending you 5
2024-10-14 17:40:34.848683 India: Yankee, sending you 4
chatterbot Alpha submitting transactions
chatterbot Juliett submitting transactions
chatterbot Zulu submitting transactions
chatterbot November submitting transactions
chatterbot Delta submitting transactions
chatterbot Uniform submitting transactions
chatterbot Victor submitting transactions
chatterbot India submitting transactions
chatterbot Lima submitting transactions
chatterbot Yankee submitting transactions
ChatterBot Lima round 15
ChatterBot Victor round 15
ChatterBot Juliett round 15
ChatterBot Zulu round 15
ChatterBot Alpha round 15
ChatterBot Yankee round 15
ChatterBot Uniform round 15
ChatterBot India round 15
ChatterBot Delta round 15
ChatterBot November round 15
2024-10-14 17:40:36.092655 Uniform: Lima, sending you 3
2024-10-14 17:40:36.094781 Delta: Same as last round
2024-10-14 17:40:36.095677 Yankee: Lima and Uniform, sending you 3
2024-10-14 17:40:36.098696 Uniform: Zulu, Alpha, Yankee and India, sending you 4
2024-10-14 17:40:36.100068 Victor: Same as last round
2024-10-14 17:40:36.100704 Juliett: Victor, sending you 5
2024-10-14 17:40:36.101634 Yankee: Zulu, sending you 2
2024-10-14 17:40:36.103899 November: Victor, sending you 5
2024-10-14 17:40:36.105238 Zulu: Alpha, sending you 5
2024-10-14 17:40:36.106545 Lima: Alpha, sending you 2
2024-10-14 17:40:36.108202 Juliett: Delta and November, sending you 6
2024-10-14 17:40:36.109077 Yankee: Alpha and India, sending you 4
2024-10-14 17:40:36.111065 November: Juliett and Delta, sending you 6
2024-10-14 17:40:36.111979 Zulu: Yankee, sending you 2
2024-10-14 17:40:36.113525 Lima: Yankee, sending you 4
2024-10-14 17:40:36.114428 India: Lima, sending you 2
2024-10-14 17:40:36.116231 Alpha: Zulu, Yankee and India, sending you 5
2024-10-14 17:40:36.117672 Zulu: Uniform, sending you 4
2024-10-14 17:40:36.118776 Lima: Uniform and India, sending you 3
2024-10-14 17:40:36.120190 India: Zulu and Uniform, sending you 3
2024-10-14 17:40:36.121295 Alpha: Uniform, sending you 4
2024-10-14 17:40:36.122701 Zulu: India, sending you 3
2024-10-14 17:40:36.125650 India: Alpha, sending you 5
2024-10-14 17:40:36.131689 India: Yankee, sending you 4
chatterbot Alpha submitting transactions
chatterbot Delta submitting transactions
chatterbot Lima submitting transactions
chatterbot November submitting transactions
chatterbot Juliett submitting transactions
chatterbot Victor submitting transactions
chatterbot Uniform submitting transactions
chatterbot Zulu submitting transactions
chatterbot Yankee submitting transactions
chatterbot India submitting transactions
ChatterBot Lima round 16
ChatterBot Victor round 16
ChatterBot Juliett round 16
ChatterBot Zulu round 16
ChatterBot Alpha round 16
ChatterBot Yankee round 16
ChatterBot Uniform round 16
ChatterBot India round 16
ChatterBot Delta round 16
ChatterBot November round 16
2024-10-14 17:40:37.338680 Lima: Alpha, sending you 2
2024-10-14 17:40:37.341999 Alpha: Zulu, Yankee and India, sending you 5
2024-10-14 17:40:37.344683 Lima: Yankee, sending you 4
