ChatterBot Mike round 1
ChatterBot Juliett round 1
ChatterBot Whiskey round 1
ChatterBot Lima round 1
ChatterBot Alpha round 1
ChatterBot Echo round 1
ChatterBot Golf round 1
ChatterBot Oscar round 1
ChatterBot Zulu round 1
ChatterBot Kilo round 1
randomSelections Mike: {Mike, Juliett, Alpha, Kilo, Zulu, Lima, Golf} 
2024-10-14 17:40:18.847931 Mike: Can we be friends?
ChatterBot Juliett reevaluating
ChatterBot Alpha reevaluating
ChatterBot Kilo reevaluating
ChatterBot Zulu reevaluating
ChatterBot Lima reevaluating
ChatterBot Golf reevaluating
2024-10-14 17:40:18.867999 Juliett: Yes
2024-10-14 17:40:18.868156 Alpha: Yes
2024-10-14 17:40:18.868912 Kilo: Yes
2024-10-14 17:40:18.869028 Zulu: Yes
2024-10-14 17:40:18.869144 Lima: Yes
2024-10-14 17:40:18.869258 Golf: Yes
ChatterBot Alpha reevaluating
ChatterBot Kilo reevaluating
ChatterBot Zulu reevaluating
ChatterBot Lima reevaluating
ChatterBot Golf reevaluating
ChatterBot Juliett reevaluating
ChatterBot Kilo reevaluating
ChatterBot Zulu reevaluating
ChatterBot Lima reevaluating
ChatterBot Golf reevaluating
ChatterBot Juliett reevaluating
ChatterBot Alpha reevaluating
ChatterBot Zulu reevaluating
ChatterBot Lima reevaluating
ChatterBot Golf reevaluating
ChatterBot Juliett reevaluating
ChatterBot Alpha reevaluating
ChatterBot Kilo reevaluating
ChatterBot Lima reevaluating
ChatterBot Golf reevaluating
ChatterBot Juliett reevaluating
ChatterBot Alpha reevaluating
ChatterBot Kilo reevaluating
ChatterBot Zulu reevaluating
ChatterBot Golf reevaluating
ChatterBot Juliett reevaluating
ChatterBot Alpha reevaluating
ChatterBot Kilo reevaluating
ChatterBot Zulu reevaluating
ChatterBot Lima reevaluating
randomSelections Whiskey: {Whiskey, Lima, Juliett, Oscar, Zulu, Kilo} 
2024-10-14 17:40:18.922225 Whiskey: Friends?
ChatterBot Lima reevaluating
ChatterBot Juliett reevaluating
ChatterBot Oscar reevaluating
ChatterBot Zulu reevaluating
ChatterBot Kilo reevaluating
2024-10-14 17:40:18.928518 Lima: No
2024-10-14 17:40:18.928660 Juliett: No
2024-10-14 17:40:18.928760 Oscar: Yes
2024-10-14 17:40:18.928859 Zulu: No
2024-10-14 17:40:18.928945 Kilo: No
ChatterBot Juliett reevaluating
ChatterBot Oscar reevaluating
ChatterBot Zulu reevaluating
ChatterBot Kilo reevaluating
ChatterBot Lima reevaluating
ChatterBot Oscar reevaluating
ChatterBot Zulu reevaluating
ChatterBot Kilo reevaluating
ChatterBot Lima reevaluating
ChatterBot Juliett reevaluating
ChatterBot Zulu reevaluating
ChatterBot Kilo reevaluating
ChatterBot Lima reevaluating
ChatterBot Juliett reevaluating
ChatterBot Oscar reevaluating
ChatterBot Kilo reevaluating
ChatterBot Lima reevaluating
ChatterBot Juliett reevaluating
ChatterBot Oscar reevaluating
ChatterBot Zulu reevaluating
randomSelections Echo: {Echo, Zulu, Juliett, Golf, Kilo, Whiskey, Oscar} 
2024-10-14 17:40:18.963675 Echo: Friends?
ChatterBot Zulu reevaluating
ChatterBot Juliett reevaluating
ChatterBot Golf reevaluating
ChatterBot Kilo reevaluating
ChatterBot Oscar reevaluating
2024-10-14 17:40:18.969305 Zulu: No
2024-10-14 17:40:18.969407 Juliett: No
2024-10-14 17:40:18.969487 Golf: No
2024-10-14 17:40:18.969577 Kilo: No
2024-10-14 17:40:18.970009 Whiskey: No
2024-10-14 17:40:18.970133 Oscar: No
ChatterBot Juliett reevaluating
ChatterBot Golf reevaluating
ChatterBot Kilo reevaluating
ChatterBot Oscar reevaluating
ChatterBot Zulu reevaluating
ChatterBot Golf reevaluating
ChatterBot Kilo reevaluating
ChatterBot Oscar reevaluating
ChatterBot Zulu reevaluating
ChatterBot Juliett reevaluating
ChatterBot Kilo reevaluating
ChatterBot Oscar reevaluating
ChatterBot Zulu reevaluating
ChatterBot Juliett reevaluating
ChatterBot Golf reevaluating
ChatterBot Oscar reevaluating
ChatterBot Zulu reevaluating
ChatterBot Juliett reevaluating
ChatterBot Golf reevaluating
ChatterBot Kilo reevaluating
ChatterBot Oscar reevaluating
ChatterBot Zulu reevaluating
ChatterBot Juliett reevaluating
ChatterBot Golf reevaluating
ChatterBot Kilo reevaluating
2024-10-14 17:40:19.018668 Mike: Juliett and Golf, sending you 2
2024-10-14 17:40:19.019715 Whiskey: Juliett, sending you 3
2024-10-14 17:40:19.020705 Echo: Juliett, Whiskey, Oscar and Kilo, sending you 2
2024-10-14 17:40:19.021690 Oscar: Juliett, sending you 7
2024-10-14 17:40:19.023676 Mike: Lima, sending you 1
2024-10-14 17:40:19.023947 Whiskey: Lima, sending you 5
2024-10-14 17:40:19.024121 Echo: Golf, sending you 3
2024-10-14 17:40:19.025656 Oscar: Whiskey, sending you 1
2024-10-14 17:40:19.025880 Lima: Mike, sending you 1
2024-10-14 17:40:19.026708 Mike: Alpha and Kilo, sending you 4
2024-10-14 17:40:19.027697 Kilo: Mike, sending you 4
2024-10-14 17:40:19.028036 Echo: Zulu, sending you 5
2024-10-14 17:40:19.028670 Whiskey: Oscar and Zulu, sending you 2
2024-10-14 17:40:19.028976 Juliett: Mike and Kilo, sending you 3
2024-10-14 17:40:19.029250 Oscar: Lima, sending you 2
2024-10-14 17:40:19.029466 Lima: Juliett and Kilo, sending you 4
2024-10-14 17:40:19.029747 Alpha: Juliett, sending you 4
2024-10-14 17:40:19.030083 Mike: Zulu, sending you 3
2024-10-14 17:40:19.031671 Zulu: Mike and Golf, sending you 2
2024-10-14 17:40:19.032019 Kilo: Juliett, sending you 2
2024-10-14 17:40:19.033658 Whiskey: Kilo, sending you 6
2024-10-14 17:40:19.033918 Juliett: Alpha, sending you 1
2024-10-14 17:40:19.034150 Oscar: Zulu, sending you 4
2024-10-14 17:40:19.034367 Lima: Alpha, sending you 5
2024-10-14 17:40:19.034597 Alpha: Lima and Golf, sending you 3
2024-10-14 17:40:19.034866 Golf: Mike, Lima and Zulu, sending you 3
2024-10-14 17:40:19.035084 Kilo: Lima, sending you 1
2024-10-14 17:40:19.036671 Zulu: Juliett, sending you 6
2024-10-14 17:40:19.036952 Lima: Golf, sending you 3
2024-10-14 17:40:19.037706 Juliett: Golf, sending you 4
2024-10-14 17:40:19.038667 Oscar: Kilo, sending you 5
2024-10-14 17:40:19.038917 Golf: Juliett and Kilo, sending you 2
2024-10-14 17:40:19.039175 Kilo: Golf, sending you 3
2024-10-14 17:40:19.039718 Alpha: Zulu, sending you 5
2024-10-14 17:40:19.040014 Zulu: Lima, sending you 4
2024-10-14 17:40:19.040279 Lima: Zulu, sending you 2
2024-10-14 17:40:19.042676 Juliett: Zulu, sending you 2
2024-10-14 17:40:19.043038 Golf: Alpha, sending you 4
2024-10-14 17:40:19.043402 Alpha: Kilo, sending you 2
2024-10-14 17:40:19.043786 Zulu: Kilo, sending you 3
chatterbot Mike submitting transactions
chatterbot Lima submitting transactions
chatterbot Kilo submitting transactions
chatterbot Oscar submitting transactions
chatterbot Juliett submitting transactions
chatterbot Whiskey submitting transactions
chatterbot Alpha submitting transactions
chatterbot Echo submitting transactions
chatterbot Zulu submitting transactions
chatterbot Golf submitting transactions
ChatterBot Mike round 2
ChatterBot Juliett round 2
ChatterBot Whiskey round 2
ChatterBot Lima round 2
ChatterBot Alpha round 2
ChatterBot Echo round 2
ChatterBot Golf round 2
ChatterBot Oscar round 2
ChatterBot Zulu round 2
ChatterBot Kilo round 2
2024-10-14 17:40:20.804783 Golf: We should add Echo and Oscar
ChatterBot Mike reevaluating
ChatterBot Juliett reevaluating
ChatterBot Alpha reevaluating
ChatterBot Kilo reevaluating
ChatterBot Zulu reevaluating
ChatterBot Lima reevaluating
2024-10-14 17:40:20.827267 Mike: No
2024-10-14 17:40:20.827436 Juliett: No
2024-10-14 17:40:20.827937 Alpha: Yes
2024-10-14 17:40:20.828062 Kilo: No
2024-10-14 17:40:20.828165 Zulu: Yes
2024-10-14 17:40:20.828267 Lima: No
ChatterBot Juliett reevaluating
ChatterBot Alpha reevaluating
ChatterBot Kilo reevaluating
ChatterBot Zulu reevaluating
ChatterBot Lima reevaluating
ChatterBot Golf reevaluating
ChatterBot Mike reevaluating
ChatterBot Alpha reevaluating
ChatterBot Kilo reevaluating
ChatterBot Zulu reevaluating
ChatterBot Lima reevaluating
ChatterBot Golf reevaluating
ChatterBot Mike reevaluating
ChatterBot Juliett reevaluating
ChatterBot Kilo reevaluating
ChatterBot Zulu reevaluating
ChatterBot Lima reevaluating
ChatterBot Golf reevaluating
ChatterBot Mike reevaluating
ChatterBot Juliett reevaluating
ChatterBot Alpha reevaluating
ChatterBot Zulu reevaluating
ChatterBot Lima reevaluating
ChatterBot Golf reevaluating
ChatterBot Mike reevaluating
ChatterBot Juliett reevaluating
ChatterBot Alpha reevaluating
ChatterBot Kilo reevaluating
ChatterBot Lima reevaluating
ChatterBot Golf reevaluating
ChatterBot Mike reevaluating
ChatterBot Juliett reevaluating
ChatterBot Alpha reevaluating
ChatterBot Kilo reevaluating
ChatterBot Zulu reevaluating
ChatterBot Golf reevaluating
2024-10-14 17:40:20.969142 Juliett: We should add Whiskey and Oscar
2024-10-14 17:40:20.969418 Alpha: We should add Whiskey and Oscar
2024-10-14 17:40:20.969767 Lima: We should add Whiskey and Oscar
ChatterBot Mike reevaluating
ChatterBot Alpha reevaluating
ChatterBot Kilo reevaluating
ChatterBot Zulu reevaluating
ChatterBot Lima reevaluating
ChatterBot Golf reevaluating
2024-10-14 17:40:20.992895 Mike: Yes
ChatterBot Mike reevaluating
ChatterBot Juliett reevaluating
2024-10-14 17:40:20.999866 Alpha: Yes
2024-10-14 17:40:21.000440 Kilo: Yes
ChatterBot Kilo reevaluating
2024-10-14 17:40:21.003997 Zulu: Yes
ChatterBot Zulu reevaluating
2024-10-14 17:40:21.007843 Lima: Yes
ChatterBot Lima reevaluating
2024-10-14 17:40:21.011699 Golf: No
ChatterBot Golf reevaluating
2024-10-14 17:40:21.015736 Mike: Yes
ChatterBot Mike reevaluating
2024-10-14 17:40:21.019172 Juliett: Yes
ChatterBot Juliett reevaluating
ChatterBot Alpha reevaluating
2024-10-14 17:40:21.026908 Kilo: Yes
ChatterBot Kilo reevaluating
2024-10-14 17:40:21.030877 Zulu: Yes
ChatterBot Zulu reevaluating
2024-10-14 17:40:21.034701 Lima: Yes
2024-10-14 17:40:21.034877 Golf: No
ChatterBot Golf reevaluating
2024-10-14 17:40:21.038720 Mike: Yes
2024-10-14 17:40:21.038853 Juliett: Yes
ChatterBot Juliett reevaluating
2024-10-14 17:40:21.042573 Alpha: Yes
ChatterBot Alpha reevaluating
2024-10-14 17:40:21.046254 Kilo: Yes
ChatterBot Kilo reevaluating
2024-10-14 17:40:21.049940 Zulu: Yes
ChatterBot Zulu reevaluating
ChatterBot Lima reevaluating
2024-10-14 17:40:21.057284 Golf: Yes
ChatterBot Golf reevaluating
ChatterBot Mike reevaluating
ChatterBot Juliett reevaluating
ChatterBot Kilo reevaluating
ChatterBot Zulu reevaluating
ChatterBot Lima reevaluating
ChatterBot Golf reevaluating
ChatterBot Mike reevaluating
ChatterBot Juliett reevaluating
ChatterBot Alpha reevaluating
ChatterBot Zulu reevaluating
ChatterBot Lima reevaluating
ChatterBot Golf reevaluating
ChatterBot Mike reevaluating
ChatterBot Juliett reevaluating
ChatterBot Alpha reevaluating
ChatterBot Kilo reevaluating
ChatterBot Lima reevaluating
ChatterBot Golf reevaluating
ChatterBot Mike reevaluating
ChatterBot Juliett reevaluating
ChatterBot Alpha reevaluating
ChatterBot Kilo reevaluating
ChatterBot Zulu reevaluating
ChatterBot Golf reevaluating
ChatterBot Mike reevaluating
ChatterBot Juliett reevaluating
ChatterBot Alpha reevaluating
ChatterBot Kilo reevaluating
ChatterBot Zulu reevaluating
ChatterBot Lima reevaluating
ChatterBot Juliett reevaluating
ChatterBot Alpha reevaluating
ChatterBot Kilo reevaluating
ChatterBot Zulu reevaluating
ChatterBot Lima reevaluating
ChatterBot Golf reevaluating
ChatterBot Mike reevaluating
ChatterBot Alpha reevaluating
ChatterBot Kilo reevaluating
ChatterBot Zulu reevaluating
ChatterBot Lima reevaluating
ChatterBot Golf reevaluating
ChatterBot Mike reevaluating
ChatterBot Juliett reevaluating
ChatterBot Alpha reevaluating
ChatterBot Zulu reevaluating
ChatterBot Lima reevaluating
ChatterBot Golf reevaluating
ChatterBot Mike reevaluating
ChatterBot Juliett reevaluating
ChatterBot Alpha reevaluating
ChatterBot Kilo reevaluating
ChatterBot Lima reevaluating
ChatterBot Golf reevaluating
ChatterBot Mike reevaluating
ChatterBot Juliett reevaluating
ChatterBot Alpha reevaluating
ChatterBot Kilo reevaluating
ChatterBot Zulu reevaluating
ChatterBot Golf reevaluating
ChatterBot Mike reevaluating
ChatterBot Juliett reevaluating
ChatterBot Alpha reevaluating
ChatterBot Kilo reevaluating
ChatterBot Zulu reevaluating
ChatterBot Lima reevaluating
ChatterBot Juliett reevaluating
ChatterBot Alpha reevaluating
ChatterBot Kilo reevaluating
ChatterBot Zulu reevaluating
ChatterBot Lima reevaluating
ChatterBot Golf reevaluating
ChatterBot Mike reevaluating
ChatterBot Alpha reevaluating
ChatterBot Kilo reevaluating
ChatterBot Zulu reevaluating
ChatterBot Lima reevaluating
ChatterBot Golf reevaluating
ChatterBot Mike reevaluating
ChatterBot Juliett reevaluating
ChatterBot Kilo reevaluating
ChatterBot Zulu reevaluating
ChatterBot Lima reevaluating
ChatterBot Golf reevaluating
ChatterBot Mike reevaluating
ChatterBot Juliett reevaluating
ChatterBot Alpha reevaluating
ChatterBot Zulu reevaluating
ChatterBot Lima reevaluating
ChatterBot Golf reevaluating
ChatterBot Mike reevaluating
ChatterBot Juliett reevaluating
ChatterBot Alpha reevaluating
ChatterBot Kilo reevaluating
ChatterBot Lima reevaluating
ChatterBot Golf reevaluating
ChatterBot Mike reevaluating
ChatterBot Juliett reevaluating
ChatterBot Alpha reevaluating
ChatterBot Kilo reevaluating
ChatterBot Zulu reevaluating
ChatterBot Lima reevaluating
2024-10-14 17:40:21.600435 Oscar: Can we be friends?
ChatterBot Mike reevaluating
ChatterBot Juliett reevaluating
ChatterBot Lima reevaluating
ChatterBot Alpha reevaluating
ChatterBot Echo reevaluating
ChatterBot Golf reevaluating
ChatterBot Zulu reevaluating
ChatterBot Kilo reevaluating
2024-10-14 17:40:21.629999 Mike: No
2024-10-14 17:40:21.630208 Juliett: No
2024-10-14 17:40:21.630797 Lima: No
2024-10-14 17:40:21.630937 Alpha: No
2024-10-14 17:40:21.631038 Echo: No
2024-10-14 17:40:21.631187 Golf: No
2024-10-14 17:40:21.631302 Zulu: Yes
2024-10-14 17:40:21.631396 Kilo: No
ChatterBot Oscar reevaluating
ChatterBot Juliett reevaluating
ChatterBot Lima reevaluating
ChatterBot Alpha reevaluating
ChatterBot Echo reevaluating
ChatterBot Golf reevaluating
ChatterBot Zulu reevaluating
ChatterBot Kilo reevaluating
ChatterBot Oscar reevaluating
ChatterBot Mike reevaluating
ChatterBot Lima reevaluating
ChatterBot Alpha reevaluating
ChatterBot Echo reevaluating
ChatterBot Golf reevaluating
ChatterBot Zulu reevaluating
ChatterBot Kilo reevaluating
ChatterBot Oscar reevaluating
ChatterBot Mike reevaluating
ChatterBot Juliett reevaluating
ChatterBot Alpha reevaluating
ChatterBot Echo reevaluating
ChatterBot Golf reevaluating
ChatterBot Zulu reevaluating
ChatterBot Kilo reevaluating
ChatterBot Oscar reevaluating
ChatterBot Mike reevaluating
ChatterBot Juliett reevaluating
ChatterBot Lima reevaluating
ChatterBot Echo reevaluating
ChatterBot Golf reevaluating
ChatterBot Zulu reevaluating
ChatterBot Kilo reevaluating
ChatterBot Oscar reevaluating
ChatterBot Mike reevaluating
ChatterBot Juliett reevaluating
ChatterBot Lima reevaluating
ChatterBot Alpha reevaluating
ChatterBot Golf reevaluating
ChatterBot Zulu reevaluating
ChatterBot Kilo reevaluating
ChatterBot Oscar reevaluating
ChatterBot Mike reevaluating
ChatterBot Juliett reevaluating
ChatterBot Lima reevaluating
ChatterBot Alpha reevaluating
ChatterBot Echo reevaluating
ChatterBot Zulu reevaluating
ChatterBot Kilo reevaluating
ChatterBot Oscar reevaluating
ChatterBot Mike reevaluating
ChatterBot Juliett reevaluating
ChatterBot Lima reevaluating
ChatterBot Alpha reevaluating
ChatterBot Echo reevaluating
ChatterBot Golf reevaluating
ChatterBot Kilo reevaluating
ChatterBot Oscar reevaluating
ChatterBot Mike reevaluating
ChatterBot Juliett reevaluating
ChatterBot Lima reevaluating
ChatterBot Alpha reevaluating
ChatterBot Echo reevaluating
ChatterBot Golf reevaluating
ChatterBot Zulu reevaluating
2024-10-14 17:40:21.990636 Whiskey: Let's form a team
ChatterBot Zulu reevaluating
ChatterBot Mike reevaluating
ChatterBot Juliett reevaluating
ChatterBot Lima reevaluating
ChatterBot Alpha reevaluating
ChatterBot Echo reevaluating
ChatterBot Golf reevaluating
ChatterBot Oscar reevaluating
ChatterBot Kilo reevaluating
2024-10-14 17:40:22.021868 Zulu: Yes
2024-10-14 17:40:22.022016 Mike: No
2024-10-14 17:40:22.022107 Juliett: No
2024-10-14 17:40:22.022200 Lima: No
2024-10-14 17:40:22.022306 Alpha: No
2024-10-14 17:40:22.022403 Echo: No
2024-10-14 17:40:22.022892 Golf: No
2024-10-14 17:40:22.023005 Oscar: No
2024-10-14 17:40:22.023100 Kilo: No
ChatterBot Mike reevaluating
ChatterBot Juliett reevaluating
ChatterBot Lima reevaluating
ChatterBot Alpha reevaluating
ChatterBot Echo reevaluating
ChatterBot Golf reevaluating
ChatterBot Oscar reevaluating
ChatterBot Kilo reevaluating
ChatterBot Zulu reevaluating
ChatterBot Juliett reevaluating
ChatterBot Lima reevaluating
ChatterBot Alpha reevaluating
ChatterBot Echo reevaluating
ChatterBot Golf reevaluating
ChatterBot Oscar reevaluating
ChatterBot Kilo reevaluating
ChatterBot Zulu reevaluating
ChatterBot Mike reevaluating
ChatterBot Lima reevaluating
ChatterBot Alpha reevaluating
ChatterBot Echo reevaluating
ChatterBot Golf reevaluating
ChatterBot Oscar reevaluating
ChatterBot Kilo reevaluating
ChatterBot Zulu reevaluating
ChatterBot Mike reevaluating
ChatterBot Juliett reevaluating
ChatterBot Alpha reevaluating
ChatterBot Echo reevaluating
ChatterBot Golf reevaluating
ChatterBot Oscar reevaluating
ChatterBot Kilo reevaluating
ChatterBot Zulu reevaluating
ChatterBot Mike reevaluating
ChatterBot Juliett reevaluating
ChatterBot Lima reevaluating
ChatterBot Echo reevaluating
ChatterBot Golf reevaluating
ChatterBot Oscar reevaluating
ChatterBot Kilo reevaluating
ChatterBot Zulu reevaluating
ChatterBot Mike reevaluating
ChatterBot Juliett reevaluating
ChatterBot Lima reevaluating
ChatterBot Alpha reevaluating
ChatterBot Golf reevaluating
ChatterBot Oscar reevaluating
ChatterBot Kilo reevaluating
ChatterBot Zulu reevaluating
ChatterBot Mike reevaluating
ChatterBot Juliett reevaluating
ChatterBot Lima reevaluating
ChatterBot Alpha reevaluating
ChatterBot Echo reevaluating
ChatterBot Oscar reevaluating
ChatterBot Kilo reevaluating
ChatterBot Zulu reevaluating
ChatterBot Mike reevaluating
ChatterBot Juliett reevaluating
ChatterBot Lima reevaluating
ChatterBot Alpha reevaluating
ChatterBot Echo reevaluating
ChatterBot Golf reevaluating
ChatterBot Kilo reevaluating
ChatterBot Zulu reevaluating
ChatterBot Mike reevaluating
ChatterBot Juliett reevaluating
ChatterBot Lima reevaluating
ChatterBot Alpha reevaluating
ChatterBot Echo reevaluating
ChatterBot Golf reevaluating
ChatterBot Oscar reevaluating
2024-10-14 17:40:22.432674 Mike: Whiskey and Oscar we want you to join our group
ChatterBot Oscar reevaluating
2024-10-14 17:40:22.440386 Whiskey: Yes
2024-10-14 17:40:22.440587 Oscar: Yes
ChatterBot Mike reevaluating
ChatterBot Oscar reevaluating
ChatterBot Mike reevaluating
2024-10-14 17:40:22.508690 Kilo: Whiskey and Oscar we want you to join our group
ChatterBot Oscar reevaluating
2024-10-14 17:40:22.519569 Whiskey: Yes
2024-10-14 17:40:22.520210 Oscar: Yes
ChatterBot Oscar reevaluating
2024-10-14 17:40:22.595782 Lima: Whiskey and Oscar we want you to join our group
ChatterBot Oscar reevaluating
2024-10-14 17:40:22.606942 Whiskey: Yes
2024-10-14 17:40:22.607137 Oscar: Yes
ChatterBot Oscar reevaluating
2024-10-14 17:40:22.657562 Golf: Whiskey and Oscar we want you to join our group
ChatterBot Oscar reevaluating
2024-10-14 17:40:22.664452 Whiskey: Yes
2024-10-14 17:40:22.664602 Oscar: Yes
ChatterBot Oscar reevaluating
2024-10-14 17:40:22.709394 Juliett: Whiskey and Oscar we want you to join our group
ChatterBot Oscar reevaluating
2024-10-14 17:40:22.715875 Whiskey: Yes
2024-10-14 17:40:22.716007 Oscar: Yes
ChatterBot Oscar reevaluating
2024-10-14 17:40:22.759465 Alpha: Whiskey and Oscar we want you to join our group
ChatterBot Oscar reevaluating
2024-10-14 17:40:22.765428 Whiskey: Yes
2024-10-14 17:40:22.765540 Oscar: Yes
ChatterBot Oscar reevaluating
2024-10-14 17:40:22.878289 Whiskey: Mike, Juliett, Lima, Alpha, Golf and Zulu, sending you 1
2024-10-14 17:40:22.880577 Zulu: Mike, Juliett, Whiskey, Lima, Alpha, Echo, Golf and Oscar, sending you 2
2024-10-14 17:40:22.882447 Echo: Sending you each 2
2024-10-14 17:40:22.884705 Whiskey: Echo, sending you 8
2024-10-14 17:40:22.886322 Zulu: Kilo, sending you 1
2024-10-14 17:40:22.888497 Kilo: Mike, Juliett, Lima, Alpha, Golf and Zulu, sending you 1
2024-10-14 17:40:22.889418 Alpha: Mike, Juliett, Whiskey, Golf, Oscar, Zulu and Kilo, sending you 2
2024-10-14 17:40:22.891143 Lima: Mike, Oscar and Kilo, sending you 2
2024-10-14 17:40:22.892798 Juliett: Mike, Whiskey, Golf and Kilo, sending you 1
2024-10-14 17:40:22.893779 Whiskey: Oscar, sending you 4
2024-10-14 17:40:22.895111 Kilo: Whiskey and Oscar, sending you 2
2024-10-14 17:40:22.896836 Alpha: Lima, sending you 3
2024-10-14 17:40:22.898332 Lima: Whiskey, sending you 4
2024-10-14 17:40:22.899027 Golf: Mike and Zulu, sending you 2
2024-10-14 17:40:22.900278 Juliett: Lima, Alpha and Zulu, sending you 2
2024-10-14 17:40:22.900909 Mike: Juliett, Golf and Kilo, sending you 3
2024-10-14 17:40:22.902313 Lima: Alpha, Golf and Zulu, sending you 3
2024-10-14 17:40:22.907147 Golf: Juliett, Lima, Alpha and Kilo, sending you 3
2024-10-14 17:40:22.908029 Juliett: Oscar, sending you 3
2024-10-14 17:40:22.909475 Mike: Whiskey, Alpha and Oscar, sending you 1
2024-10-14 17:40:22.915533 Oscar: Mike, Juliett, Lima, Alpha, Golf and Zulu, sending you 2
2024-10-14 17:40:22.916950 Golf: Whiskey, sending you 1
2024-10-14 17:40:22.917793 Mike: Lima and Zulu, sending you 2
2024-10-14 17:40:22.925296 Oscar: Whiskey, sending you 4
2024-10-14 17:40:22.932843 Oscar: Echo, sending you 3
chatterbot Lima submitting transactions
chatterbot Echo submitting transactions
chatterbot Alpha submitting transactions
chatterbot Whiskey submitting transactions
chatterbot Juliett submitting transactions
chatterbot Zulu submitting transactions
chatterbot Kilo submitting transactions
chatterbot Mike submitting transactions
chatterbot Golf submitting transactions
chatterbot Oscar submitting transactions
ChatterBot Mike round 3
ChatterBot Juliett round 3
ChatterBot Whiskey round 3
ChatterBot Lima round 3
ChatterBot Alpha round 3
ChatterBot Echo round 3
ChatterBot Golf round 3
ChatterBot Oscar round 3
ChatterBot Zulu round 3
ChatterBot Kilo round 3
2024-10-14 17:40:24.019800 Alpha: We should add Echo
ChatterBot Kilo reevaluating
2024-10-14 17:40:24.048830 Mike: No
2024-10-14 17:40:24.049043 Juliett: No
2024-10-14 17:40:24.049184 Whiskey: Yes
2024-10-14 17:40:24.049316 Lima: No
2024-10-14 17:40:24.049451 Golf: No
2024-10-14 17:40:24.049582 Oscar: Yes
2024-10-14 17:40:24.049719 Zulu: Yes
2024-10-14 17:40:24.049862 Kilo: Yes
ChatterBot Kilo reevaluating
ChatterBot Oscar reevaluating
ChatterBot Kilo reevaluating
ChatterBot Oscar reevaluating
ChatterBot Kilo reevaluating
ChatterBot Oscar reevaluating
ChatterBot Kilo reevaluating
ChatterBot Oscar reevaluating
ChatterBot Kilo reevaluating
ChatterBot Kilo reevaluating
ChatterBot Oscar reevaluating
ChatterBot Kilo reevaluating
ChatterBot Oscar reevaluating
2024-10-14 17:40:24.178197 Echo: We should replace Kilo with Whiskey
ChatterBot Oscar reevaluating
2024-10-14 17:40:24.190722 Mike: No
2024-10-14 17:40:24.190864 Juliett: No
2024-10-14 17:40:24.190953 Lima: No
2024-10-14 17:40:24.191038 Alpha: No
2024-10-14 17:40:24.191122 Golf: No
2024-10-14 17:40:24.191202 Oscar: Yes
2024-10-14 17:40:24.191286 Zulu: No
ChatterBot Oscar reevaluating
ChatterBot Oscar reevaluating
ChatterBot Oscar reevaluating
ChatterBot Echo reevaluating
ChatterBot Oscar reevaluating
ChatterBot Echo reevaluating
ChatterBot Oscar reevaluating
ChatterBot Echo reevaluating
ChatterBot Echo reevaluating
ChatterBot Oscar reevaluating
2024-10-14 17:40:24.278554 Alpha: Echo we want you to join our group
ChatterBot Echo reevaluating
2024-10-14 17:40:24.280805 Echo: No
ChatterBot Oscar reevaluating
ChatterBot Kilo reevaluating
2024-10-14 17:40:24.301672 Juliett: Mike, Alpha, Golf, Oscar and Zulu, sending you 2
2024-10-14 17:40:24.302709 Whiskey: Mike, Juliett and Golf, sending you 1
2024-10-14 17:40:24.303506 Golf: Mike, Alpha, Zulu and Kilo, sending you 2
2024-10-14 17:40:24.304021 Echo: Whiskey we want you to join our group
2024-10-14 17:40:24.305874 Whiskey: Yes
ChatterBot Echo reevaluating
2024-10-14 17:40:24.319218 Lima: Mike, Juliett and Oscar, sending you 2
2024-10-14 17:40:24.320033 Juliett: Whiskey, Lima and Kilo, sending you 1
2024-10-14 17:40:24.320499 Whiskey: Lima, sending you 4
2024-10-14 17:40:24.320882 Kilo: Echo we want you to join our group
ChatterBot Echo reevaluating
2024-10-14 17:40:24.323446 Echo: No
2024-10-14 17:40:24.337493 Golf: Juliett, sending you 3
2024-10-14 17:40:24.337995 Lima: Whiskey, Alpha, Golf and Zulu, sending you 3
2024-10-14 17:40:24.338471 Whiskey: Alpha, Echo, Zulu and Kilo, sending you 2
2024-10-14 17:40:24.340671 Alpha: Mike, Juliett, Lima, Echo, Golf, Oscar, Zulu and Kilo, sending you 2
2024-10-14 17:40:24.341185 Golf: Whiskey and Oscar, sending you 1
2024-10-14 17:40:24.341667 Zulu: Mike, Juliett, Whiskey, Lima, Alpha, Echo, Golf and Oscar, sending you 2
2024-10-14 17:40:24.342304 Mike: Juliett, Lima, Alpha, Golf, Oscar and Zulu, sending you 2
2024-10-14 17:40:24.342842 Lima: Kilo, sending you 1
2024-10-14 17:40:24.343666 Whiskey: Oscar, sending you 3
2024-10-14 17:40:24.344654 Alpha: Whiskey, sending you 1
2024-10-14 17:40:24.345690 Golf: Lima, sending you 4
2024-10-14 17:40:24.346345 Mike: Whiskey, sending you 1
2024-10-14 17:40:24.346879 Zulu: Kilo, sending you 1
2024-10-14 17:40:24.350689 Mike: Kilo, sending you 3
2024-10-14 17:40:24.351739 Oscar: Mike, Lima, Alpha, Golf, Zulu and Kilo, sending you 2
2024-10-14 17:40:24.354644 Oscar: Juliett, sending you 3
2024-10-14 17:40:24.358105 Oscar: Whiskey, sending you 4
2024-10-14 17:40:24.359677 Kilo: Mike, sending you 2
2024-10-14 17:40:24.362669 Kilo: Juliett, Whiskey, Lima, Alpha, Echo, Golf, Oscar and Zulu, sending you 1
2024-10-14 17:40:24.365660 Echo: Mike, Juliett, Lima, Alpha and Golf, sending you 1
2024-10-14 17:40:24.370672 Echo: Whiskey, sending you 6
2024-10-14 17:40:24.375681 Echo: Oscar, sending you 3
2024-10-14 17:40:24.378664 Echo: Zulu, sending you 2
chatterbot Alpha submitting transactions
chatterbot Lima submitting transactions
chatterbot Whiskey submitting transactions
chatterbot Kilo submitting transactions
chatterbot Golf submitting transactions
chatterbot Echo submitting transactions
chatterbot Zulu submitting transactions
chatterbot Juliett submitting transactions
chatterbot Mike submitting transactions
chatterbot Oscar submitting transactions
ChatterBot Mike round 4
ChatterBot Juliett round 4
ChatterBot Whiskey round 4
ChatterBot Lima round 4
ChatterBot Alpha round 4
ChatterBot Echo round 4
ChatterBot Golf round 4
ChatterBot Oscar round 4
ChatterBot Zulu round 4
ChatterBot Kilo round 4
2024-10-14 17:40:25.542689 Whiskey: Mike and Golf, sending you 1
2024-10-14 17:40:25.549214 Oscar: Mike, Lima, Alpha, Golf, Zulu and Kilo, sending you 2
2024-10-14 17:40:25.550508 Whiskey: Juliett, Alpha, Zulu and Kilo, sending you 2
2024-10-14 17:40:25.553222 Juliett: Mike, Alpha, Golf, Oscar and Zulu, sending you 2
2024-10-14 17:40:25.555312 Oscar: Juliett, sending you 3
2024-10-14 17:40:25.557114 Alpha: Mike, Juliett, Whiskey, Lima, Golf, Oscar, Zulu and Kilo, sending you 2
2024-10-14 17:40:25.559048 Echo: Mike, Juliett and Lima, sending you 1
2024-10-14 17:40:25.559914 Whiskey: Lima, Echo and Oscar, sending you 3
2024-10-14 17:40:25.561417 Lima: Mike, Juliett and Oscar, sending you 2
2024-10-14 17:40:25.562991 Kilo: Mike, sending you 2
2024-10-14 17:40:25.564596 Juliett: Whiskey, Lima and Kilo, sending you 1
2024-10-14 17:40:25.566192 Oscar: Whiskey, sending you 4
2024-10-14 17:40:25.567758 Zulu: Mike, Juliett, Whiskey, Lima, Alpha, Echo, Golf and Oscar, sending you 2
2024-10-14 17:40:25.568817 Alpha: Echo, sending you 1
2024-10-14 17:40:25.570305 Echo: Whiskey, sending you 5
2024-10-14 17:40:25.571562 Kilo: Juliett, Whiskey, Lima, Alpha, Echo, Golf, Oscar and Zulu, sending you 1
2024-10-14 17:40:25.572948 Lima: Whiskey, Alpha, Golf and Zulu, sending you 3
2024-10-14 17:40:25.574177 Mike: Sending you each 2
2024-10-14 17:40:25.575835 Golf: Mike, Juliett, Alpha, Oscar, Zulu and Kilo, sending you 2
2024-10-14 17:40:25.577486 Zulu: Kilo, sending you 1
2024-10-14 17:40:25.579287 Echo: Alpha and Oscar, sending you 2
2024-10-14 17:40:25.580281 Lima: Kilo, sending you 1
2024-10-14 17:40:25.582223 Golf: Whiskey, sending you 1
2024-10-14 17:40:25.584060 Echo: Zulu, sending you 4
2024-10-14 17:40:25.588675 Golf: Lima, sending you 4
chatterbot Lima submitting transactions
chatterbot Mike submitting transactions
chatterbot Echo submitting transactions
chatterbot Juliett submitting transactions
chatterbot Zulu submitting transactions
chatterbot Kilo submitting transactions
chatterbot Alpha submitting transactions
chatterbot Whiskey submitting transactions
chatterbot Golf submitting transactions
chatterbot Oscar submitting transactions
ChatterBot Mike round 5
ChatterBot Juliett round 5
ChatterBot Whiskey round 5
ChatterBot Lima round 5
ChatterBot Alpha round 5
ChatterBot Echo round 5
ChatterBot Golf round 5
ChatterBot Oscar round 5
ChatterBot Zulu round 5
ChatterBot Kilo round 5
2024-10-14 17:40:26.879705 Lima: Mike, Juliett, Alpha, Oscar and Kilo, sending you 2
2024-10-14 17:40:26.882237 Mike: Same as last round
2024-10-14 17:40:26.885304 Lima: Whiskey, Golf and Zulu, sending you 3
2024-10-14 17:40:26.888344 Kilo: Mike, sending you 2
2024-10-14 17:40:26.890631 Juliett: Mike, Lima, Alpha, Golf, Oscar and Zulu, sending you 2
2024-10-14 17:40:26.892794 Kilo: Juliett, Whiskey, Lima, Alpha, Echo, Golf, Oscar and Zulu, sending you 1
2024-10-14 17:40:26.894766 Juliett: Whiskey, sending you 1
2024-10-14 17:40:26.897342 Echo: Mike, Lima and Oscar, sending you 2
2024-10-14 17:40:26.899452 Zulu: Mike, Juliett, Whiskey, Lima, Alpha, Echo, Golf and Oscar, sending you 2
2024-10-14 17:40:26.901185 Golf: Mike, Juliett, Alpha, Oscar, Zulu and Kilo, sending you 2
2024-10-14 17:40:26.902242 Alpha: Mike, Juliett, Whiskey, Lima, Golf, Oscar, Zulu and Kilo, sending you 2
2024-10-14 17:40:26.903948 Whiskey: Mike, Juliett, Alpha, Zulu and Kilo, sending you 2
2024-10-14 17:40:26.904933 Echo: Whiskey, sending you 4
2024-10-14 17:40:26.906455 Zulu: Kilo, sending you 1
2024-10-14 17:40:26.907875 Golf: Whiskey, sending you 1
2024-10-14 17:40:26.909083 Whiskey: Lima, Echo and Oscar, sending you 3
2024-10-14 17:40:26.910361 Alpha: Echo, sending you 1
2024-10-14 17:40:26.911523 Oscar: Mike, Lima, Alpha, Golf, Zulu and Kilo, sending you 2
2024-10-14 17:40:26.913162 Echo: Alpha and Zulu, sending you 3
2024-10-14 17:40:26.914272 Golf: Lima, sending you 4
2024-10-14 17:40:26.917821 Oscar: Juliett, sending you 3
2024-10-14 17:40:26.923037 Oscar: Whiskey, sending you 4
chatterbot Whiskey submitting transactions
chatterbot Golf submitting transactions
chatterbot Alpha submitting transactions
chatterbot Lima submitting transactions
chatterbot Echo submitting transactions
chatterbot Juliett submitting transactions
chatterbot Kilo submitting transactions
chatterbot Mike submitting transactions
chatterbot Oscar submitting transactions
chatterbot Zulu submitting transactions
ChatterBot Mike round 6
ChatterBot Juliett round 6
ChatterBot Whiskey round 6
ChatterBot Lima round 6
ChatterBot Alpha round 6
ChatterBot Echo round 6
ChatterBot Golf round 6
ChatterBot Oscar round 6
ChatterBot Zulu round 6
ChatterBot Kilo round 6
2024-10-14 17:40:28.024926 Echo: We should replace Juliett with Kilo
ChatterBot Golf reevaluating
2024-10-14 17:40:28.036629 Mike: No
2024-10-14 17:40:28.036820 Whiskey: No
2024-10-14 17:40:28.036962 Lima: No
2024-10-14 17:40:28.037077 Alpha: No
2024-10-14 17:40:28.037189 Golf: No
2024-10-14 17:40:28.037299 Oscar: No
2024-10-14 17:40:28.037410 Zulu: No
ChatterBot Echo reevaluating
ChatterBot Golf reevaluating
ChatterBot Echo reevaluating
ChatterBot Golf reevaluating
ChatterBot Echo reevaluating
ChatterBot Golf reevaluating
ChatterBot Oscar reevaluating
ChatterBot Echo reevaluating
ChatterBot Golf reevaluating
ChatterBot Oscar reevaluating
ChatterBot Echo reevaluating
ChatterBot Oscar reevaluating
ChatterBot Echo reevaluating
ChatterBot Golf reevaluating
ChatterBot Echo reevaluating
ChatterBot Golf reevaluating
ChatterBot Oscar reevaluating
2024-10-14 17:40:28.117478 Juliett: We should replace Kilo with Echo
ChatterBot Lima reevaluating
ChatterBot Golf reevaluating
ChatterBot Oscar reevaluating
2024-10-14 17:40:28.128865 Mike: No
2024-10-14 17:40:28.128987 Whiskey: No
2024-10-14 17:40:28.129081 Lima: Yes
2024-10-14 17:40:28.129168 Alpha: No
2024-10-14 17:40:28.129251 Golf: Yes
2024-10-14 17:40:28.129339 Oscar: Yes
2024-10-14 17:40:28.129422 Zulu: No
ChatterBot Juliett reevaluating
ChatterBot Lima reevaluating
ChatterBot Golf reevaluating
ChatterBot Oscar reevaluating
ChatterBot Juliett reevaluating
ChatterBot Lima reevaluating
ChatterBot Golf reevaluating
ChatterBot Oscar reevaluating
ChatterBot Juliett reevaluating
ChatterBot Golf reevaluating
ChatterBot Oscar reevaluating
ChatterBot Juliett reevaluating
ChatterBot Lima reevaluating
ChatterBot Golf reevaluating
ChatterBot Oscar reevaluating
ChatterBot Juliett reevaluating
ChatterBot Lima reevaluating
ChatterBot Oscar reevaluating
ChatterBot Juliett reevaluating
ChatterBot Lima reevaluating
ChatterBot Golf reevaluating
ChatterBot Juliett reevaluating
ChatterBot Lima reevaluating
ChatterBot Golf reevaluating
ChatterBot Oscar reevaluating
2024-10-14 17:40:28.329699 Golf: Echo we want you to join our group
ChatterBot Echo reevaluating
2024-10-14 17:40:28.333337 Echo: No
ChatterBot Oscar reevaluating
ChatterBot Juliett reevaluating
2024-10-14 17:40:28.348234 Mike: Same as last round
2024-10-14 17:40:28.351676 Kilo: Mike, sending you 2
2024-10-14 17:40:28.353666 Alpha: Mike, Juliett, Whiskey, Lima, Echo, Golf, Oscar and Zulu, sending you 2
2024-10-14 17:40:28.354460 Whiskey: Mike, Juliett, Alpha, Zulu and Kilo, sending you 2
2024-10-14 17:40:28.355701 Kilo: Juliett, Whiskey, Lima, Alpha, Echo, Golf, Oscar and Zulu, sending you 1
2024-10-14 17:40:28.357162 Echo: Kilo we want you to join our group
2024-10-14 17:40:28.360398 Kilo: Yes
ChatterBot Echo reevaluating
ChatterBot Golf reevaluating
ChatterBot Oscar reevaluating
2024-10-14 17:40:28.379714 Alpha: Kilo, sending you 1
2024-10-14 17:40:28.380335 Whiskey: Lima, Echo and Oscar, sending you 3
2024-10-14 17:40:28.383668 Juliett: Mike, Lima, Alpha, Golf, Oscar and Zulu, sending you 2
2024-10-14 17:40:28.385698 Lima: Mike, Juliett, Alpha, Oscar, Zulu and Kilo, sending you 2
2024-10-14 17:40:28.386813 Zulu: Mike, Juliett, Whiskey, Lima, Alpha, Echo, Golf and Oscar, sending you 2
2024-10-14 17:40:28.387681 Juliett: Whiskey, sending you 1
2024-10-14 17:40:28.389208 Oscar: Echo we want you to join our group
ChatterBot Echo reevaluating
2024-10-14 17:40:28.393358 Echo: No
ChatterBot Oscar reevaluating
2024-10-14 17:40:28.409414 Lima: Whiskey, sending you 3
2024-10-14 17:40:28.410727 Zulu: Kilo, sending you 1
2024-10-14 17:40:28.413672 Lima: Golf, sending you 4
2024-10-14 17:40:28.414688 Golf: Mike, Juliett, Alpha, Oscar, Zulu and Kilo, sending you 2
2024-10-14 17:40:28.420682 Golf: Whiskey, sending you 1
2024-10-14 17:40:28.426666 Golf: Lima, sending you 4
2024-10-14 17:40:28.430680 Oscar: Mike, Lima, Alpha, Golf and Kilo, sending you 2
2024-10-14 17:40:28.434773 Echo: Mike and Lima, sending you 1
2024-10-14 17:40:28.435585 Oscar: Juliett, Whiskey and Zulu, sending you 3
2024-10-14 17:40:28.439649 Echo: Whiskey, sending you 5
2024-10-14 17:40:28.442666 Echo: Alpha, Oscar and Kilo, sending you 2
2024-10-14 17:40:28.448671 Echo: Zulu, sending you 3
chatterbot Whiskey submitting transactions
chatterbot Zulu submitting transactions
chatterbot Alpha submitting transactions
chatterbot Mike submitting transactions
chatterbot Echo submitting transactions
chatterbot Juliett submitting transactions
chatterbot Golf submitting transactions
chatterbot Kilo submitting transactions
chatterbot Lima submitting transactions
chatterbot Oscar submitting transactions
ChatterBot Mike round 7
ChatterBot Juliett round 7
ChatterBot Whiskey round 7
ChatterBot Lima round 7
ChatterBot Alpha round 7
ChatterBot Echo round 7
ChatterBot Golf round 7
ChatterBot Oscar round 7
ChatterBot Zulu round 7
2024-10-14 17:40:29.679078 Juliett: We should replace Kilo with Echo
2024-10-14 17:40:29.696052 Mike: No
2024-10-14 17:40:29.696495 Whiskey: No
2024-10-14 17:40:29.696884 Lima: No
2024-10-14 17:40:29.697283 Alpha: No
2024-10-14 17:40:29.697713 Golf: No
2024-10-14 17:40:29.698203 Oscar: No
2024-10-14 17:40:29.698633 Zulu: No
ChatterBot Juliett reevaluating
ChatterBot Lima reevaluating
ChatterBot Juliett reevaluating
ChatterBot Lima reevaluating
ChatterBot Oscar reevaluating
ChatterBot Juliett reevaluating
ChatterBot Golf reevaluating
ChatterBot Oscar reevaluating
ChatterBot Juliett reevaluating
ChatterBot Lima reevaluating
ChatterBot Golf reevaluating
ChatterBot Oscar reevaluating
ChatterBot Juliett reevaluating
ChatterBot Lima reevaluating
ChatterBot Oscar reevaluating
ChatterBot Juliett reevaluating
ChatterBot Lima reevaluating
ChatterBot Golf reevaluating
ChatterBot Juliett reevaluating
ChatterBot Lima reevaluating
ChatterBot Golf reevaluating
ChatterBot Oscar reevaluating
ChatterBot Kilo round 7
2024-10-14 17:40:29.848120 Alpha: Mike, Juliett, Whiskey, Lima, Echo, Golf, Oscar and Zulu, sending you 2
2024-10-14 17:40:29.849275 Golf: Mike, Juliett, Alpha, Oscar, Zulu and Kilo, sending you 2
2024-10-14 17:40:29.851540 Juliett: Mike, Lima, Alpha, Golf, Oscar and Zulu, sending you 2
2024-10-14 17:40:29.852501 Whiskey: Mike, Juliett, Alpha, Zulu and Kilo, sending you 2
2024-10-14 17:40:29.853330 Oscar: Mike, Lima, Alpha, Golf and Kilo, sending you 2
2024-10-14 17:40:29.854817 Alpha: Kilo, sending you 1
2024-10-14 17:40:29.855916 Mike: Same as last round
2024-10-14 17:40:29.857011 Golf: Whiskey, sending you 1
2024-10-14 17:40:29.858415 Whiskey: Lima, Echo and Oscar, sending you 3
2024-10-14 17:40:29.859441 Juliett: Whiskey, sending you 1
2024-10-14 17:40:29.860461 Kilo: Mike, sending you 2
2024-10-14 17:40:29.861781 Oscar: Juliett, Whiskey and Zulu, sending you 3
2024-10-14 17:40:29.862569 Echo: Whiskey and Zulu, sending you 4
2024-10-14 17:40:29.863108 Golf: Lima, sending you 4
2024-10-14 17:40:29.864320 Zulu: Mike, Juliett, Whiskey, Lima, Alpha, Echo, Golf and Oscar, sending you 2
2024-10-14 17:40:29.865685 Kilo: Juliett, Whiskey, Lima, Alpha, Echo, Golf, Oscar and Zulu, sending you 1
2024-10-14 17:40:29.866704 Lima: Mike, Juliett, Alpha, Oscar, Zulu and Kilo, sending you 2
2024-10-14 17:40:29.868023 Echo: Alpha and Kilo, sending you 3
2024-10-14 17:40:29.869667 Zulu: Kilo, sending you 1
2024-10-14 17:40:29.871522 Echo: Oscar, sending you 2
2024-10-14 17:40:29.872138 Lima: Whiskey, sending you 3
2024-10-14 17:40:29.877706 Lima: Golf, sending you 4
chatterbot Kilo submitting transactions
chatterbot Zulu submitting transactions
chatterbot Oscar submitting transactions
chatterbot Echo submitting transactions
chatterbot Mike submitting transactions
chatterbot Golf submitting transactions
chatterbot Lima submitting transactions
chatterbot Juliett submitting transactions
chatterbot Whiskey submitting transactions
chatterbot Alpha submitting transactions
ChatterBot Mike round 8
ChatterBot Juliett round 8
ChatterBot Whiskey round 8
ChatterBot Lima round 8
ChatterBot Alpha round 8
ChatterBot Echo round 8
ChatterBot Golf round 8
ChatterBot Oscar round 8
ChatterBot Zulu round 8
ChatterBot Kilo round 8
2024-10-14 17:40:31.132479 Lima: We should replace Kilo with Echo
ChatterBot Juliett reevaluating
ChatterBot Golf reevaluating
2024-10-14 17:40:31.156273 Juliett: Yes
2024-10-14 17:40:31.156846 Mike: No
2024-10-14 17:40:31.157118 Whiskey: No
2024-10-14 17:40:31.157316 Alpha: No
2024-10-14 17:40:31.157571 Golf: Yes
2024-10-14 17:40:31.157747 Oscar: No
2024-10-14 17:40:31.157917 Zulu: No
ChatterBot Lima reevaluating
ChatterBot Golf reevaluating
ChatterBot Oscar reevaluating
ChatterBot Juliett reevaluating
ChatterBot Lima reevaluating
ChatterBot Golf reevaluating
ChatterBot Oscar reevaluating
ChatterBot Juliett reevaluating
ChatterBot Lima reevaluating
