ChatterBot Foxtrot round 1
ChatterBot Lima round 1
ChatterBot Charlie round 1
ChatterBot Uniform round 1
ChatterBot Papa round 1
ChatterBot Echo round 1
ChatterBot November round 1
ChatterBot Tango round 1
ChatterBot X-ray round 1
ChatterBot Bravo round 1
randomSelections Charlie: {Charlie, Lima, X-ray, Bravo, Tango, Uniform, Foxtrot, Papa} 
2024-10-14 17:40:18.103164 Charlie: Group up?
ChatterBot Lima reevaluating
ChatterBot X-ray reevaluating
ChatterBot Bravo reevaluating
ChatterBot Tango reevaluating
ChatterBot Uniform reevaluating
ChatterBot Foxtrot reevaluating
ChatterBot Papa reevaluating
2024-10-14 17:40:18.215004 Lima: Yes
2024-10-14 17:40:18.215288 X-ray: Yes
2024-10-14 17:40:18.215896 Bravo: Yes
2024-10-14 17:40:18.216245 Tango: Yes
2024-10-14 17:40:18.216410 Uniform: Yes
2024-10-14 17:40:18.217549 Foxtrot: Yes
2024-10-14 17:40:18.217784 Papa: Yes
ChatterBot X-ray reevaluating
ChatterBot Bravo reevaluating
ChatterBot Tango reevaluating
ChatterBot Uniform reevaluating
ChatterBot Foxtrot reevaluating
ChatterBot Papa reevaluating
ChatterBot Lima reevaluating
ChatterBot Bravo reevaluating
ChatterBot Tango reevaluating
ChatterBot Uniform reevaluating
ChatterBot Foxtrot reevaluating
ChatterBot Papa reevaluating
ChatterBot Lima reevaluating
ChatterBot X-ray reevaluating
ChatterBot Tango reevaluating
ChatterBot Uniform reevaluating
ChatterBot Foxtrot reevaluating
ChatterBot Papa reevaluating
ChatterBot Lima reevaluating
ChatterBot X-ray reevaluating
ChatterBot Bravo reevaluating
ChatterBot Uniform reevaluating
ChatterBot Foxtrot reevaluating
ChatterBot Papa reevaluating
ChatterBot Lima reevaluating
ChatterBot X-ray reevaluating
ChatterBot Bravo reevaluating
ChatterBot Tango reevaluating
ChatterBot Foxtrot reevaluating
ChatterBot Papa reevaluating
ChatterBot Lima reevaluating
ChatterBot X-ray reevaluating
ChatterBot Bravo reevaluating
ChatterBot Tango reevaluating
ChatterBot Uniform reevaluating
ChatterBot Papa reevaluating
ChatterBot Lima reevaluating
ChatterBot X-ray reevaluating
ChatterBot Bravo reevaluating
ChatterBot Tango reevaluating
ChatterBot Uniform reevaluating
ChatterBot Foxtrot reevaluating
randomSelections Echo: {Echo, X-ray, Charlie, Uniform, Lima, Tango} 
2024-10-14 17:40:18.341625 Echo: Group up?
ChatterBot X-ray reevaluating
ChatterBot Uniform reevaluating
ChatterBot Lima reevaluating
ChatterBot Tango reevaluating
2024-10-14 17:40:18.349921 X-ray: No
2024-10-14 17:40:18.350888 Charlie: No
2024-10-14 17:40:18.351298 Uniform: No
2024-10-14 17:40:18.351643 Lima: No
2024-10-14 17:40:18.352717 Tango: No
ChatterBot Uniform reevaluating
ChatterBot Lima reevaluating
ChatterBot Tango reevaluating
ChatterBot X-ray reevaluating
ChatterBot Uniform reevaluating
ChatterBot Lima reevaluating
ChatterBot Tango reevaluating
ChatterBot X-ray reevaluating
ChatterBot Lima reevaluating
ChatterBot Tango reevaluating
ChatterBot X-ray reevaluating
ChatterBot Uniform reevaluating
ChatterBot Tango reevaluating
ChatterBot X-ray reevaluating
ChatterBot Uniform reevaluating
ChatterBot Lima reevaluating
randomSelections November: {November, Charlie, Uniform, Tango, Foxtrot, Echo} 
2024-10-14 17:40:18.397598 November: Let's form a team
ChatterBot Uniform reevaluating
ChatterBot Tango reevaluating
ChatterBot Foxtrot reevaluating
2024-10-14 17:40:18.405559 Charlie: No
2024-10-14 17:40:18.405751 Uniform: No
2024-10-14 17:40:18.405943 Tango: No
2024-10-14 17:40:18.406961 Foxtrot: No
2024-10-14 17:40:18.407148 Echo: No
ChatterBot Uniform reevaluating
ChatterBot Tango reevaluating
ChatterBot Foxtrot reevaluating
ChatterBot Tango reevaluating
ChatterBot Foxtrot reevaluating
ChatterBot Uniform reevaluating
ChatterBot Foxtrot reevaluating
ChatterBot Uniform reevaluating
ChatterBot Tango reevaluating
ChatterBot Uniform reevaluating
ChatterBot Tango reevaluating
ChatterBot Foxtrot reevaluating
2024-10-14 17:40:18.516495 Echo: Lima and Charlie, sending you 3
2024-10-14 17:40:18.522926 Papa: Foxtrot and X-ray, sending you 2
2024-10-14 17:40:18.525357 Echo: Uniform, Tango and X-ray, sending you 4
2024-10-14 17:40:18.533758 Tango: Lima and Bravo, sending you 4
2024-10-14 17:40:18.535502 Charlie: Foxtrot, sending you 3
2024-10-14 17:40:18.536372 Papa: Lima and Uniform, sending you 1
2024-10-14 17:40:18.537924 November: Foxtrot, sending you 2
2024-10-14 17:40:18.539664 Foxtrot: Lima, Charlie, Uniform and X-ray, sending you 1
2024-10-14 17:40:18.540776 X-ray: Lima, sending you 1
2024-10-14 17:40:18.542255 Lima: Foxtrot, sending you 1
2024-10-14 17:40:18.543164 Uniform: Foxtrot, sending you 3
2024-10-14 17:40:18.544823 Tango: Charlie and Uniform, sending you 3
2024-10-14 17:40:18.546592 Charlie: Lima, sending you 1
2024-10-14 17:40:18.547572 Papa: Tango, sending you 3
2024-10-14 17:40:18.549286 November: Uniform and Echo, sending you 1
2024-10-14 17:40:18.550204 X-ray: Uniform, sending you 7
2024-10-14 17:40:18.551965 Lima: Charlie, sending you 2
2024-10-14 17:40:18.554034 Uniform: Lima, Tango and Bravo, sending you 1
2024-10-14 17:40:18.555984 Bravo: Foxtrot, Lima and X-ray, sending you 3
2024-10-14 17:40:18.558209 Tango: X-ray, sending you 5
2024-10-14 17:40:18.559204 Charlie: Uniform, sending you 5
2024-10-14 17:40:18.561187 X-ray: Papa and Bravo, sending you 2
2024-10-14 17:40:18.562907 Lima: Uniform and Bravo, sending you 4
2024-10-14 17:40:18.564504 Uniform: Charlie, sending you 2
2024-10-14 17:40:18.566276 Bravo: Charlie and Uniform, sending you 1
2024-10-14 17:40:18.567246 Charlie: Papa, Tango, X-ray and Bravo, sending you 2
2024-10-14 17:40:18.568789 X-ray: Tango, sending you 3
2024-10-14 17:40:18.570575 Lima: Tango and X-ray, sending you 3
2024-10-14 17:40:18.571520 Uniform: Papa and X-ray, sending you 4
2024-10-14 17:40:18.573136 Bravo: Papa and Tango, sending you 4
chatterbot X-ray submitting transactions
chatterbot Lima submitting transactions
chatterbot Charlie submitting transactions
chatterbot Uniform submitting transactions
chatterbot Echo submitting transactions
chatterbot November submitting transactions
chatterbot Papa submitting transactions
chatterbot Bravo submitting transactions
chatterbot Foxtrot submitting transactions
chatterbot Tango submitting transactions
ChatterBot Foxtrot round 2
ChatterBot Lima round 2
ChatterBot Charlie round 2
ChatterBot Uniform round 2
ChatterBot Papa round 2
ChatterBot Echo round 2
2024-10-14 17:40:19.680054 Uniform: We should add Echo
ChatterBot Charlie reevaluating
ChatterBot Lima reevaluating
ChatterBot X-ray reevaluating
ChatterBot Bravo reevaluating
ChatterBot Tango reevaluating
ChatterBot Foxtrot reevaluating
ChatterBot Papa reevaluating
2024-10-14 17:40:19.761412 Charlie: Yes
2024-10-14 17:40:19.762059 Lima: Yes
2024-10-14 17:40:19.762247 X-ray: No
2024-10-14 17:40:19.762379 Bravo: No
2024-10-14 17:40:19.762513 Tango: No
2024-10-14 17:40:19.762644 Foxtrot: Yes
2024-10-14 17:40:19.762786 Papa: No
ChatterBot Lima reevaluating
ChatterBot X-ray reevaluating
ChatterBot Bravo reevaluating
ChatterBot Tango reevaluating
ChatterBot Foxtrot reevaluating
ChatterBot Papa reevaluating
ChatterBot Charlie reevaluating
ChatterBot X-ray reevaluating
ChatterBot Bravo reevaluating
ChatterBot Tango reevaluating
ChatterBot Foxtrot reevaluating
ChatterBot Papa reevaluating
ChatterBot Charlie reevaluating
ChatterBot Lima reevaluating
ChatterBot Bravo reevaluating
ChatterBot Tango reevaluating
ChatterBot Foxtrot reevaluating
ChatterBot Papa reevaluating
ChatterBot Charlie reevaluating
ChatterBot Lima reevaluating
ChatterBot X-ray reevaluating
ChatterBot Tango reevaluating
ChatterBot Foxtrot reevaluating
ChatterBot Papa reevaluating
ChatterBot Charlie reevaluating
ChatterBot Lima reevaluating
ChatterBot X-ray reevaluating
ChatterBot Bravo reevaluating
ChatterBot Foxtrot reevaluating
ChatterBot Papa reevaluating
ChatterBot Charlie reevaluating
ChatterBot Lima reevaluating
ChatterBot X-ray reevaluating
ChatterBot Bravo reevaluating
ChatterBot Tango reevaluating
ChatterBot Papa reevaluating
ChatterBot Charlie reevaluating
ChatterBot Lima reevaluating
ChatterBot X-ray reevaluating
ChatterBot Bravo reevaluating
ChatterBot Tango reevaluating
ChatterBot Foxtrot reevaluating
ChatterBot November round 2
ChatterBot Tango round 2
ChatterBot X-ray round 2
ChatterBot Bravo round 2
2024-10-14 17:40:20.475027 Echo: Can we be friends?
ChatterBot November reevaluating
2024-10-14 17:40:20.480133 November: No
2024-10-14 17:40:20.491535 Uniform: Echo we want you to join our group
2024-10-14 17:40:20.498125 Echo: No
ChatterBot Papa reevaluating
ChatterBot X-ray reevaluating
ChatterBot Lima reevaluating
ChatterBot Charlie reevaluating
ChatterBot Tango reevaluating
ChatterBot Bravo reevaluating
ChatterBot Foxtrot reevaluating
2024-10-14 17:40:20.547019 X-ray: Let's form a team
2024-10-14 17:40:20.547602 Tango: We should group up
ChatterBot Lima reevaluating
ChatterBot Charlie reevaluating
ChatterBot Tango reevaluating
ChatterBot Bravo reevaluating
ChatterBot X-ray reevaluating
2024-10-14 17:40:20.664476 Uniform: Yes
2024-10-14 17:40:20.669849 Lima: Yes
ChatterBot Lima reevaluating
2024-10-14 17:40:20.676326 Charlie: Yes
ChatterBot Charlie reevaluating
2024-10-14 17:40:20.683045 Echo: No
2024-10-14 17:40:20.688280 Tango: Yes
2024-10-14 17:40:20.688521 Bravo: Yes
ChatterBot Bravo reevaluating
2024-10-14 17:40:20.695026 X-ray: Yes
2024-10-14 17:40:20.695303 Uniform: Yes
2024-10-14 17:40:20.695493 Lima: Yes
2024-10-14 17:40:20.695659 Charlie: Yes
2024-10-14 17:40:20.695803 Echo: No
2024-10-14 17:40:20.695966 Bravo: Yes
ChatterBot X-ray reevaluating
ChatterBot Lima reevaluating
ChatterBot Charlie reevaluating
ChatterBot Echo reevaluating
ChatterBot Tango reevaluating
ChatterBot Bravo reevaluating
ChatterBot X-ray reevaluating
ChatterBot Charlie reevaluating
ChatterBot Echo reevaluating
ChatterBot Tango reevaluating
ChatterBot Bravo reevaluating
ChatterBot X-ray reevaluating
ChatterBot Lima reevaluating
ChatterBot Echo reevaluating
ChatterBot Tango reevaluating
ChatterBot Bravo reevaluating
ChatterBot X-ray reevaluating
ChatterBot Lima reevaluating
ChatterBot Charlie reevaluating
ChatterBot Tango reevaluating
ChatterBot Bravo reevaluating
ChatterBot X-ray reevaluating
ChatterBot Lima reevaluating
ChatterBot Charlie reevaluating
ChatterBot Echo reevaluating
ChatterBot Bravo reevaluating
ChatterBot X-ray reevaluating
ChatterBot Lima reevaluating
ChatterBot Charlie reevaluating
ChatterBot Echo reevaluating
ChatterBot Tango reevaluating
ChatterBot Lima reevaluating
ChatterBot Charlie reevaluating
ChatterBot Echo reevaluating
ChatterBot Tango reevaluating
ChatterBot Bravo reevaluating
ChatterBot X-ray reevaluating
ChatterBot Lima reevaluating
ChatterBot Charlie reevaluating
ChatterBot Echo reevaluating
ChatterBot Tango reevaluating
ChatterBot Bravo reevaluating
ChatterBot X-ray reevaluating
ChatterBot Charlie reevaluating
ChatterBot Echo reevaluating
ChatterBot Tango reevaluating
ChatterBot Bravo reevaluating
ChatterBot X-ray reevaluating
ChatterBot Lima reevaluating
ChatterBot Echo reevaluating
ChatterBot Tango reevaluating
ChatterBot Bravo reevaluating
ChatterBot X-ray reevaluating
ChatterBot Lima reevaluating
ChatterBot Charlie reevaluating
ChatterBot Tango reevaluating
ChatterBot Bravo reevaluating
ChatterBot X-ray reevaluating
ChatterBot Lima reevaluating
ChatterBot Charlie reevaluating
ChatterBot Echo reevaluating
ChatterBot Tango reevaluating
2024-10-14 17:40:21.133680 Lima: We should replace Foxtrot with Echo
ChatterBot Charlie reevaluating
ChatterBot Papa reevaluating
ChatterBot X-ray reevaluating
ChatterBot Tango reevaluating
ChatterBot Bravo reevaluating
2024-10-14 17:40:21.241002 Charlie: Yes
2024-10-14 17:40:21.241858 Uniform: No
2024-10-14 17:40:21.242080 Papa: No
2024-10-14 17:40:21.242419 X-ray: Yes
2024-10-14 17:40:21.242585 Tango: Yes
2024-10-14 17:40:21.242822 Bravo: Yes
ChatterBot Papa reevaluating
ChatterBot X-ray reevaluating
ChatterBot Lima reevaluating
ChatterBot Tango reevaluating
ChatterBot Bravo reevaluating
ChatterBot Charlie reevaluating
ChatterBot Papa reevaluating
ChatterBot X-ray reevaluating
ChatterBot Lima reevaluating
ChatterBot Tango reevaluating
ChatterBot Bravo reevaluating
ChatterBot Charlie reevaluating
ChatterBot X-ray reevaluating
ChatterBot Lima reevaluating
ChatterBot Tango reevaluating
ChatterBot Bravo reevaluating
ChatterBot Charlie reevaluating
ChatterBot Papa reevaluating
ChatterBot Lima reevaluating
ChatterBot Tango reevaluating
ChatterBot Bravo reevaluating
ChatterBot Charlie reevaluating
ChatterBot Papa reevaluating
ChatterBot X-ray reevaluating
ChatterBot Lima reevaluating
ChatterBot Bravo reevaluating
ChatterBot Charlie reevaluating
ChatterBot Papa reevaluating
ChatterBot X-ray reevaluating
ChatterBot Lima reevaluating
ChatterBot Tango reevaluating
2024-10-14 17:40:21.551617 Echo: Papa and Bravo we want you to join our group
2024-10-14 17:40:21.563150 Papa: No
2024-10-14 17:40:21.563355 Bravo: Yes
ChatterBot Echo reevaluating
ChatterBot Charlie reevaluating
ChatterBot Echo reevaluating
ChatterBot Lima reevaluating
ChatterBot Charlie reevaluating
ChatterBot Tango reevaluating
chatterbot Uniform submitting transactions
2024-10-14 17:40:21.644642 Papa: We should drop Foxtrot
ChatterBot Charlie reevaluating
ChatterBot Lima reevaluating
ChatterBot Tango reevaluating
2024-10-14 17:40:21.749502 Charlie: Yes
2024-10-14 17:40:21.749792 Uniform: No
2024-10-14 17:40:21.749933 X-ray: Yes
2024-10-14 17:40:21.750176 Lima: No
2024-10-14 17:40:21.750903 Tango: Yes
2024-10-14 17:40:21.751199 Bravo: Yes
ChatterBot Lima reevaluating
ChatterBot Tango reevaluating
ChatterBot Charlie reevaluating
ChatterBot Lima reevaluating
ChatterBot Tango reevaluating
ChatterBot Charlie reevaluating
ChatterBot Lima reevaluating
ChatterBot Tango reevaluating
ChatterBot Charlie reevaluating
ChatterBot Tango reevaluating
ChatterBot Charlie reevaluating
ChatterBot Lima reevaluating
ChatterBot Charlie reevaluating
ChatterBot Lima reevaluating
ChatterBot Tango reevaluating
2024-10-14 17:40:21.976918 Foxtrot: Echo we want you to join our group
ChatterBot Echo reevaluating
2024-10-14 17:40:21.985183 Echo: No
ChatterBot Lima reevaluating
ChatterBot Charlie reevaluating
ChatterBot Tango reevaluating
2024-10-14 17:40:22.048766 Bravo: Echo we want you to join our group
ChatterBot Echo reevaluating
2024-10-14 17:40:22.055403 Echo: No
ChatterBot Lima reevaluating
ChatterBot Charlie reevaluating
chatterbot Foxtrot submitting transactions
2024-10-14 17:40:22.095133 Echo: We should add Bravo
ChatterBot Charlie reevaluating
ChatterBot Tango reevaluating
2024-10-14 17:40:22.122905 X-ray: Yes
2024-10-14 17:40:22.123038 Charlie: Yes
2024-10-14 17:40:22.123146 Uniform: Yes
2024-10-14 17:40:22.123264 Lima: Yes
2024-10-14 17:40:22.123368 Tango: Yes
ChatterBot Echo reevaluating
ChatterBot Charlie reevaluating
ChatterBot Tango reevaluating
ChatterBot Echo reevaluating
ChatterBot Tango reevaluating
ChatterBot Echo reevaluating
ChatterBot Charlie reevaluating
ChatterBot Tango reevaluating
ChatterBot Echo reevaluating
ChatterBot Charlie reevaluating
ChatterBot Tango reevaluating
ChatterBot Echo reevaluating
ChatterBot Charlie reevaluating
2024-10-14 17:40:22.346023 Uniform: Lima, Charlie and Echo, sending you 3
2024-10-14 17:40:22.347508 Lima: Echo we want you to join our group
ChatterBot Echo reevaluating
2024-10-14 17:40:22.354496 Echo: Yes
ChatterBot Charlie reevaluating
ChatterBot Tango reevaluating
2024-10-14 17:40:22.395547 X-ray: Lima, Charlie and Bravo, sending you 2
2024-10-14 17:40:22.398850 Uniform: Papa, Tango and Bravo, sending you 2
chatterbot X-ray submitting transactions
2024-10-14 17:40:22.401977 Charlie: Echo we want you to join our group
ChatterBot Echo reevaluating
2024-10-14 17:40:22.414817 Echo: No
2024-10-14 17:40:22.470770 X-ray: Uniform and Echo, sending you 3
2024-10-14 17:40:22.471974 Uniform: X-ray, sending you 4
2024-10-14 17:40:22.473092 Foxtrot: Lima and Papa, sending you 1
2024-10-14 17:40:22.473538 Papa: Charlie, sending you 1
2024-10-14 17:40:22.473962 Bravo: Lima and Tango, sending you 4
2024-10-14 17:40:22.492981 Echo: Bravo we want you to join our group
2024-10-14 17:40:22.498917 Bravo: Yes
ChatterBot Echo reevaluating
2024-10-14 17:40:22.531932 X-ray: Tango, sending you 4
2024-10-14 17:40:22.532323 Papa: Uniform and Bravo, sending you 3
2024-10-14 17:40:22.532667 Foxtrot: Charlie, Uniform and Bravo, sending you 2
2024-10-14 17:40:22.533480 Lima: Charlie, Uniform, Papa, X-ray and Bravo, sending you 2
2024-10-14 17:40:22.533810 Bravo: Charlie and X-ray, sending you 3
2024-10-14 17:40:22.534081 Tango: Lima, Charlie, Uniform, X-ray and Bravo, sending you 3
2024-10-14 17:40:22.541321 Papa: X-ray, sending you 2
2024-10-14 17:40:22.541743 Lima: Echo, sending you 3
2024-10-14 17:40:22.542037 Tango: Echo, sending you 4
2024-10-14 17:40:22.542361 Bravo: Uniform and Papa, sending you 2
2024-10-14 17:40:22.543242 Charlie: Lima and Uniform, sending you 3
2024-10-14 17:40:22.562068 Lima: Tango, sending you 4
2024-10-14 17:40:22.563205 Charlie: Papa, X-ray and Bravo, sending you 2
2024-10-14 17:40:22.563692 Bravo: Echo, sending you 1
2024-10-14 17:40:22.568218 Charlie: Echo and Tango, sending you 4
2024-10-14 17:40:22.575195 Echo: Lima, Charlie, Uniform, Papa, Tango and X-ray, sending you 3
2024-10-14 17:40:22.581722 Echo: Bravo, sending you 2
chatterbot Bravo submitting transactions
chatterbot Lima submitting transactions
chatterbot Charlie submitting transactions
chatterbot Papa submitting transactions
chatterbot November submitting transactions
chatterbot Tango submitting transactions
chatterbot Echo submitting transactions
ChatterBot Foxtrot round 3
ChatterBot Lima round 3
ChatterBot Charlie round 3
ChatterBot Uniform round 3
ChatterBot Papa round 3
ChatterBot Echo round 3
ChatterBot November round 3
ChatterBot Tango round 3
ChatterBot X-ray round 3
ChatterBot Bravo round 3
2024-10-14 17:40:23.774601 Papa: We should add Echo
ChatterBot X-ray reevaluating
ChatterBot Tango reevaluating
ChatterBot Bravo reevaluating
2024-10-14 17:40:23.798768 Charlie: Yes
2024-10-14 17:40:23.799197 Uniform: Yes
2024-10-14 17:40:23.799531 X-ray: Yes
2024-10-14 17:40:23.799779 Lima: Yes
2024-10-14 17:40:23.800592 Tango: Yes
2024-10-14 17:40:23.800783 Bravo: Yes
ChatterBot X-ray reevaluating
ChatterBot Tango reevaluating
ChatterBot Bravo reevaluating
ChatterBot X-ray reevaluating
ChatterBot Tango reevaluating
ChatterBot Bravo reevaluating
ChatterBot Tango reevaluating
ChatterBot Bravo reevaluating
ChatterBot X-ray reevaluating
ChatterBot Tango reevaluating
ChatterBot Bravo reevaluating
ChatterBot Charlie reevaluating
ChatterBot X-ray reevaluating
ChatterBot Bravo reevaluating
ChatterBot Charlie reevaluating
ChatterBot X-ray reevaluating
ChatterBot Tango reevaluating
2024-10-14 17:40:24.066947 Papa: Echo we want you to join our group
2024-10-14 17:40:24.070508 Echo: Yes
ChatterBot X-ray reevaluating
ChatterBot Charlie reevaluating
ChatterBot Tango reevaluating
ChatterBot Bravo reevaluating
2024-10-14 17:40:24.094751 Foxtrot: Lima and Papa, sending you 1
2024-10-14 17:40:24.095694 Lima: Charlie, Uniform, Papa and X-ray, sending you 2
2024-10-14 17:40:24.096470 Uniform: Foxtrot, Lima, Papa, Echo, Tango and Bravo, sending you 2
2024-10-14 17:40:24.098685 Foxtrot: Charlie, Uniform and Bravo, sending you 2
2024-10-14 17:40:24.099810 Uniform: Charlie, sending you 3
2024-10-14 17:40:24.100692 Lima: Echo, Tango and Bravo, sending you 3
2024-10-14 17:40:24.103688 Uniform: X-ray, sending you 4
2024-10-14 17:40:24.107691 Papa: Lima, Charlie, Echo and X-ray, sending you 1
2024-10-14 17:40:24.108943 Echo: Lima, Uniform and X-ray, sending you 3
2024-10-14 17:40:24.110780 Tango: Lima, Charlie, Uniform, Echo and Bravo, sending you 3
2024-10-14 17:40:24.111686 Papa: Uniform, sending you 3
2024-10-14 17:40:24.113697 Echo: Charlie and Tango, sending you 4
2024-10-14 17:40:24.114675 X-ray: Lima, sending you 2
2024-10-14 17:40:24.115888 Papa: Bravo, sending you 2
2024-10-14 17:40:24.116305 Tango: X-ray, sending you 4
2024-10-14 17:40:24.116772 Bravo: Lima, Charlie, Uniform, Papa, Tango and X-ray, sending you 3
2024-10-14 17:40:24.117609 Charlie: Lima, Uniform, Echo and Bravo, sending you 3
2024-10-14 17:40:24.117984 Echo: Papa, sending you 1
2024-10-14 17:40:24.118673 X-ray: Charlie, sending you 1
2024-10-14 17:40:24.119742 Bravo: Echo, sending you 1
2024-10-14 17:40:24.121666 Echo: Bravo, sending you 2
2024-10-14 17:40:24.122684 Charlie: Papa and X-ray, sending you 2
2024-10-14 17:40:24.123161 X-ray: Uniform, sending you 4
2024-10-14 17:40:24.126703 X-ray: Echo, Tango and Bravo, sending you 3
2024-10-14 17:40:24.127732 Charlie: Tango, sending you 4
chatterbot X-ray submitting transactions
chatterbot Papa submitting transactions
chatterbot Uniform submitting transactions
chatterbot Tango submitting transactions
chatterbot November submitting transactions
chatterbot Lima submitting transactions
chatterbot Foxtrot submitting transactions
chatterbot Bravo submitting transactions
chatterbot Charlie submitting transactions
chatterbot Echo submitting transactions
ChatterBot Foxtrot round 4
ChatterBot Lima round 4
ChatterBot Charlie round 4
ChatterBot Uniform round 4
ChatterBot Papa round 4
ChatterBot Echo round 4
ChatterBot November round 4
ChatterBot Tango round 4
ChatterBot X-ray round 4
ChatterBot Bravo round 4
2024-10-14 17:40:25.289734 Foxtrot: Lima, Charlie, Papa and Bravo, sending you 1
2024-10-14 17:40:25.290842 Uniform: Foxtrot, Lima, Papa, Echo, Tango and Bravo, sending you 2
2024-10-14 17:40:25.295686 Foxtrot: Uniform, sending you 4
2024-10-14 17:40:25.296670 Uniform: Charlie, sending you 3
2024-10-14 17:40:25.297698 Papa: Lima, Echo and X-ray, sending you 1
2024-10-14 17:40:25.298819 X-ray: Lima, Charlie and Echo, sending you 2
2024-10-14 17:40:25.300716 Lima: Charlie, Uniform, Papa and X-ray, sending you 2
2024-10-14 17:40:25.301884 Uniform: X-ray, sending you 4
2024-10-14 17:40:25.302456 Echo: Lima, Charlie, Uniform and X-ray, sending you 3
2024-10-14 17:40:25.303130 Papa: Charlie, Uniform and Bravo, sending you 2
2024-10-14 17:40:25.303768 X-ray: Uniform, sending you 4
2024-10-14 17:40:25.304802 Lima: Echo, Tango and Bravo, sending you 3
2024-10-14 17:40:25.305480 Charlie: Lima, Uniform, Echo and Bravo, sending you 3
2024-10-14 17:40:25.307695 Echo: Papa, sending you 1
2024-10-14 17:40:25.308977 X-ray: Tango and Bravo, sending you 3
2024-10-14 17:40:25.309560 Bravo: Lima, Charlie, Uniform, Tango and X-ray, sending you 3
2024-10-14 17:40:25.310359 Charlie: Papa and X-ray, sending you 2
2024-10-14 17:40:25.311502 Tango: Lima, Charlie, Uniform, Echo and Bravo, sending you 3
2024-10-14 17:40:25.313675 Echo: Tango, sending you 5
2024-10-14 17:40:25.314702 Bravo: Papa and Echo, sending you 2
2024-10-14 17:40:25.315751 Charlie: Tango, sending you 4
2024-10-14 17:40:25.316565 Tango: X-ray, sending you 4
2024-10-14 17:40:25.318725 Echo: Bravo, sending you 2
chatterbot Bravo submitting transactions
chatterbot November submitting transactions
chatterbot X-ray submitting transactions
chatterbot Lima submitting transactions
chatterbot Uniform submitting transactions
chatterbot Tango submitting transactions
chatterbot Foxtrot submitting transactions
chatterbot Charlie submitting transactions
chatterbot Papa submitting transactions
chatterbot Echo submitting transactions
ChatterBot Foxtrot round 5
ChatterBot Lima round 5
2024-10-14 17:40:26.499226 Foxtrot: Friends?
2024-10-14 17:40:26.503033 November: No
ChatterBot Charlie round 5
ChatterBot Uniform round 5
ChatterBot Papa round 5
ChatterBot Echo round 5
ChatterBot November round 5
ChatterBot Tango round 5
ChatterBot X-ray round 5
ChatterBot Bravo round 5
2024-10-14 17:40:26.561708 Foxtrot: Sending you 8
2024-10-14 17:40:26.565735 Lima: Charlie, Tango and Bravo, sending you 3
2024-10-14 17:40:26.570716 Lima: Uniform, Papa, Echo and X-ray, sending you 2
2024-10-14 17:40:26.571547 X-ray: Lima, Charlie and Echo, sending you 2
2024-10-14 17:40:26.572268 Papa: Lima and Echo, sending you 1
2024-10-14 17:40:26.573167 Echo: Lima, Charlie, Uniform and X-ray, sending you 3
2024-10-14 17:40:26.575734 Charlie: Lima, Echo, Tango and Bravo, sending you 3
2024-10-14 17:40:26.577184 X-ray: Uniform, sending you 4
2024-10-14 17:40:26.578230 Papa: Charlie and Bravo, sending you 2
2024-10-14 17:40:26.580149 Echo: Papa and Bravo, sending you 2
2024-10-14 17:40:26.581465 Bravo: Lima, Charlie, Uniform, Tango and X-ray, sending you 3
2024-10-14 17:40:26.582779 Uniform: Foxtrot, Lima, Papa, Echo, Tango and Bravo, sending you 2
2024-10-14 17:40:26.583903 Tango: Lima, Charlie, Uniform, Echo and Bravo, sending you 3
2024-10-14 17:40:26.585776 Charlie: Uniform, sending you 4
2024-10-14 17:40:26.587091 X-ray: Tango and Bravo, sending you 3
2024-10-14 17:40:26.587889 Papa: Uniform, sending you 3
2024-10-14 17:40:26.588675 Echo: Tango, sending you 4
2024-10-14 17:40:26.590591 Bravo: Papa and Echo, sending you 2
2024-10-14 17:40:26.591947 Uniform: Charlie, sending you 3
2024-10-14 17:40:26.593052 Tango: X-ray, sending you 4
2024-10-14 17:40:26.594095 Charlie: Papa and X-ray, sending you 2
2024-10-14 17:40:26.597665 Uniform: X-ray, sending you 4
chatterbot Uniform submitting transactions
chatterbot Tango submitting transactions
chatterbot November submitting transactions
chatterbot X-ray submitting transactions
chatterbot Echo submitting transactions
chatterbot Papa submitting transactions
chatterbot Lima submitting transactions
chatterbot Bravo submitting transactions
chatterbot Charlie submitting transactions
chatterbot Foxtrot submitting transactions
ChatterBot Foxtrot round 6
ChatterBot Lima round 6
ChatterBot Charlie round 6
ChatterBot Uniform round 6
ChatterBot Papa round 6
ChatterBot Echo round 6
ChatterBot November round 6
ChatterBot Tango round 6
ChatterBot X-ray round 6
ChatterBot Bravo round 6
2024-10-14 17:40:27.693852 Uniform: We should drop Foxtrot
2024-10-14 17:40:27.707373 Echo: Yes
2024-10-14 17:40:27.707564 Papa: Yes
2024-10-14 17:40:27.707730 X-ray: Yes
2024-10-14 17:40:27.707860 Lima: Yes
2024-10-14 17:40:27.707977 Charlie: Yes
2024-10-14 17:40:27.708086 Tango: Yes
2024-10-14 17:40:27.708193 Bravo: Yes
ChatterBot Uniform reevaluating
ChatterBot Uniform reevaluating
ChatterBot Uniform reevaluating
ChatterBot Uniform reevaluating
ChatterBot Uniform reevaluating
ChatterBot Uniform reevaluating
ChatterBot Uniform reevaluating
ChatterBot Charlie reevaluating
2024-10-14 17:40:27.799007 November: Sending you 4
2024-10-14 17:40:27.799663 Lima: Charlie, Tango and Bravo, sending you 3
2024-10-14 17:40:27.804912 Charlie: We should drop Papa
ChatterBot Uniform reevaluating
2024-10-14 17:40:27.817567 X-ray: Yes
2024-10-14 17:40:27.817774 Uniform: No
2024-10-14 17:40:27.817949 Lima: No
2024-10-14 17:40:27.818110 Echo: No
2024-10-14 17:40:27.818271 Tango: Yes
2024-10-14 17:40:27.818428 Bravo: No
ChatterBot Uniform reevaluating
ChatterBot Charlie reevaluating
ChatterBot Charlie reevaluating
ChatterBot Uniform reevaluating
ChatterBot Charlie reevaluating
ChatterBot Uniform reevaluating
ChatterBot Charlie reevaluating
ChatterBot Uniform reevaluating
ChatterBot Charlie reevaluating
ChatterBot Uniform reevaluating
ChatterBot Charlie reevaluating
2024-10-14 17:40:27.908376 Lima: Uniform, Papa, Echo and X-ray, sending you 2
2024-10-14 17:40:27.909718 Bravo: Lima, Charlie, Uniform, Tango and X-ray, sending you 3
2024-10-14 17:40:27.913013 Papa: Lima, Charlie, Uniform and Bravo, sending you 2
2024-10-14 17:40:27.913918 Bravo: Papa and Echo, sending you 2
2024-10-14 17:40:27.914558 Echo: Lima, Charlie, Uniform and X-ray, sending you 3
2024-10-14 17:40:27.915686 Tango: Lima, Charlie, Uniform, Echo and Bravo, sending you 3
2024-10-14 17:40:27.916854 X-ray: Lima, Charlie and Echo, sending you 2
2024-10-14 17:40:27.917628 Papa: Echo, sending you 1
2024-10-14 17:40:27.918663 Echo: Papa and Bravo, sending you 2
2024-10-14 17:40:27.920693 X-ray: Uniform, sending you 4
2024-10-14 17:40:27.921663 Tango: X-ray, sending you 4
2024-10-14 17:40:27.923066 Echo: Tango, sending you 4
2024-10-14 17:40:27.924672 X-ray: Tango and Bravo, sending you 3
2024-10-14 17:40:27.931651 Uniform: Lima, sending you 1
2024-10-14 17:40:27.935671 Uniform: Charlie, Papa, Echo, Tango, X-ray and Bravo, sending you 3
2024-10-14 17:40:27.947709 Charlie: Lima, Echo, X-ray and Bravo, sending you 3
2024-10-14 17:40:27.951655 Charlie: Uniform and Tango, sending you 4
chatterbot Echo submitting transactions
chatterbot Lima submitting transactions
chatterbot Charlie submitting transactions
chatterbot Bravo submitting transactions
chatterbot Papa submitting transactions
chatterbot Uniform submitting transactions
chatterbot Tango submitting transactions
chatterbot November submitting transactions
chatterbot Foxtrot submitting transactions
chatterbot X-ray submitting transactions
ChatterBot Foxtrot round 7
ChatterBot Lima round 7
ChatterBot Charlie round 7
ChatterBot Uniform round 7
ChatterBot Papa round 7
ChatterBot Echo round 7
ChatterBot November round 7
ChatterBot Tango round 7
ChatterBot X-ray round 7
ChatterBot Bravo round 7
2024-10-14 17:40:28.964399 Charlie: We should add Papa
2024-10-14 17:40:28.980371 X-ray: No
2024-10-14 17:40:28.980594 Uniform: Yes
2024-10-14 17:40:28.980802 Lima: Yes
2024-10-14 17:40:28.980987 Echo: Yes
2024-10-14 17:40:28.981158 Tango: No
2024-10-14 17:40:28.981795 Bravo: Yes
2024-10-14 17:40:29.070203 Charlie: Papa we want you to join our group
2024-10-14 17:40:29.073021 Papa: Yes
2024-10-14 17:40:29.090663 Echo: Lima, Charlie, Uniform and X-ray, sending you 3
2024-10-14 17:40:29.091577 Uniform: Lima and Papa, sending you 2
2024-10-14 17:40:29.092941 November: Same as last round
2024-10-14 17:40:29.094669 Echo: Papa and Bravo, sending you 2
2024-10-14 17:40:29.096721 Uniform: Charlie, Echo, Tango, X-ray and Bravo, sending you 3
2024-10-14 17:40:29.098715 X-ray: Lima, Charlie and Echo, sending you 2
2024-10-14 17:40:29.099720 Lima: Charlie, Tango and Bravo, sending you 3
2024-10-14 17:40:29.102208 Echo: Tango, sending you 4
2024-10-14 17:40:29.103553 Papa: Lima and Bravo, sending you 2
2024-10-14 17:40:29.104534 Charlie: Lima, Uniform, Echo, Tango, X-ray and Bravo, sending you 3
2024-10-14 17:40:29.106218 X-ray: Uniform, sending you 4
2024-10-14 17:40:29.107168 Lima: Uniform, Papa, Echo and X-ray, sending you 2
2024-10-14 17:40:29.108230 Papa: Charlie and Echo, sending you 1
2024-10-14 17:40:29.110656 Charlie: Papa, sending you 2
2024-10-14 17:40:29.111731 X-ray: Tango and Bravo, sending you 3
2024-10-14 17:40:29.112452 Bravo: Lima, Charlie, Uniform, Tango and X-ray, sending you 3
2024-10-14 17:40:29.113026 Tango: Lima, Uniform, Echo, X-ray and Bravo, sending you 3
2024-10-14 17:40:29.114343 Papa: Uniform, sending you 3
2024-10-14 17:40:29.115670 Bravo: Papa and Echo, sending you 2
2024-10-14 17:40:29.117971 Tango: Charlie, sending you 4
chatterbot Charlie submitting transactions
chatterbot Tango submitting transactions
chatterbot Uniform submitting transactions
chatterbot November submitting transactions
chatterbot X-ray submitting transactions
chatterbot Lima submitting transactions
chatterbot Echo submitting transactions
chatterbot Foxtrot submitting transactions
chatterbot Bravo submitting transactions
chatterbot Papa submitting transactions
ChatterBot Foxtrot round 8
ChatterBot Lima round 8
ChatterBot Charlie round 8
ChatterBot Uniform round 8
ChatterBot Papa round 8
ChatterBot Echo round 8
ChatterBot November round 8
ChatterBot Tango round 8
ChatterBot X-ray round 8
ChatterBot Bravo round 8
2024-10-14 17:40:30.384679 Charlie: Lima, Uniform, Echo, Tango, X-ray and Bravo, sending you 3
2024-10-14 17:40:30.385806 Echo: Lima, Charlie, Uniform and X-ray, sending you 3
2024-10-14 17:40:30.387515 Foxtrot: Sending you 8
2024-10-14 17:40:30.388971 Charlie: Papa, sending you 2
2024-10-14 17:40:30.390702 Echo: Papa and Bravo, sending you 2
2024-10-14 17:40:30.392709 November: Same as last round
2024-10-14 17:40:30.393704 Tango: Lima, Charlie, Uniform, Echo and Bravo, sending you 3
2024-10-14 17:40:30.395036 Lima: Charlie, Tango and Bravo, sending you 3
2024-10-14 17:40:30.396106 Uniform: Lima and Papa, sending you 2
2024-10-14 17:40:30.396778 Bravo: Lima, Charlie, Uniform, Tango and X-ray, sending you 3
2024-10-14 17:40:30.398197 Echo: Tango, sending you 4
2024-10-14 17:40:30.399803 Papa: Lima and Bravo, sending you 2
2024-10-14 17:40:30.401061 Tango: X-ray, sending you 4
2024-10-14 17:40:30.402480 X-ray: Lima, Charlie and Echo, sending you 2
2024-10-14 17:40:30.403465 Lima: Uniform, Papa, Echo and X-ray, sending you 2
2024-10-14 17:40:30.405291 Uniform: Charlie, Echo, Tango, X-ray and Bravo, sending you 3
2024-10-14 17:40:30.406551 Bravo: Papa and Echo, sending you 2
2024-10-14 17:40:30.408640 Papa: Charlie and Echo, sending you 1
2024-10-14 17:40:30.410280 X-ray: Uniform, sending you 4
2024-10-14 17:40:30.413692 Papa: Uniform, sending you 3
2024-10-14 17:40:30.414814 X-ray: Tango and Bravo, sending you 3
chatterbot Echo submitting transactions
chatterbot Tango submitting transactions
chatterbot X-ray submitting transactions
chatterbot November submitting transactions
chatterbot Lima submitting transactions
chatterbot Foxtrot submitting transactions
chatterbot Charlie submitting transactions
chatterbot Bravo submitting transactions
chatterbot Papa submitting transactions
chatterbot Uniform submitting transactions
ChatterBot Foxtrot round 9
ChatterBot Lima round 9
ChatterBot Charlie round 9
ChatterBot Uniform round 9
ChatterBot Papa round 9
ChatterBot Echo round 9
ChatterBot November round 9
ChatterBot Tango round 9
ChatterBot X-ray round 9
ChatterBot Bravo round 9
2024-10-14 17:40:31.581659 Lima: Charlie, Tango and Bravo, sending you 3
2024-10-14 17:40:31.583557 Echo: Lima, Charlie, Uniform and X-ray, sending you 3
2024-10-14 17:40:31.586683 Lima: Uniform, Papa, Echo and X-ray, sending you 2
2024-10-14 17:40:31.589686 Echo: Papa and Bravo, sending you 2
2024-10-14 17:40:31.591454 Tango: Lima, Charlie, Uniform, X-ray and Bravo, sending you 3
2024-10-14 17:40:31.593191 Charlie: Lima, Uniform, Echo, Tango, X-ray and Bravo, sending you 3
2024-10-14 17:40:31.594589 Foxtrot: Same as last round
2024-10-14 17:40:31.595787 November: Same as last round
2024-10-14 17:40:31.596122 Papa: Lima and Bravo, sending you 2
2024-10-14 17:40:31.597479 Echo: Tango, sending you 4
2024-10-14 17:40:31.599250 Tango: Echo, sending you 4
2024-10-14 17:40:31.600849 Charlie: Papa, sending you 2
2024-10-14 17:40:31.602389 X-ray: Lima, Charlie and Echo, sending you 2
2024-10-14 17:40:31.604156 Bravo: Lima, Charlie, Uniform, Tango and X-ray, sending you 3
2024-10-14 17:40:31.606088 Papa: Charlie and Echo, sending you 1
2024-10-14 17:40:31.607577 Uniform: Lima, sending you 1
2024-10-14 17:40:31.609313 X-ray: Uniform and Bravo, sending you 3
2024-10-14 17:40:31.610798 Bravo: Papa and Echo, sending you 2
2024-10-14 17:40:31.612114 Papa: Uniform, sending you 3
2024-10-14 17:40:31.614069 Uniform: Charlie, Papa, Echo, Tango, X-ray and Bravo, sending you 3
2024-10-14 17:40:31.615047 X-ray: Tango, sending you 4
chatterbot Bravo submitting transactions
chatterbot Papa submitting transactions
chatterbot X-ray submitting transactions
chatterbot Tango submitting transactions
chatterbot Foxtrot submitting transactions
chatterbot Echo submitting transactions
chatterbot November submitting transactions
chatterbot Lima submitting transactions
chatterbot Uniform submitting transactions
chatterbot Charlie submitting transactions
ChatterBot Foxtrot round 10
ChatterBot Lima round 10
ChatterBot Charlie round 10
ChatterBot Uniform round 10
ChatterBot Papa round 10
ChatterBot Echo round 10
ChatterBot November round 10
ChatterBot Tango round 10
ChatterBot X-ray round 10
ChatterBot Bravo round 10
2024-10-14 17:40:32.787669 Uniform: Lima, sending you 1
2024-10-14 17:40:32.788957 X-ray: Lima, Charlie and Echo, sending you 2
2024-10-14 17:40:32.789813 November: Same as last round
2024-10-14 17:40:32.791694 Bravo: Lima, Charlie, Uniform, Tango and X-ray, sending you 3
2024-10-14 17:40:32.794072 Uniform: Charlie, Papa, Echo, Tango, X-ray and Bravo, sending you 3
2024-10-14 17:40:32.795546 Tango: Lima, Charlie, Uniform, Echo and Bravo, sending you 3
2024-10-14 17:40:32.796408 X-ray: Uniform, sending you 4
2024-10-14 17:40:32.797644 Lima: Charlie, Tango and Bravo, sending you 3
2024-10-14 17:40:32.798752 Echo: Lima, Charlie, Uniform and X-ray, sending you 3
2024-10-14 17:40:32.800674 Charlie: Lima, Uniform, Echo, Tango, X-ray and Bravo, sending you 3
2024-10-14 17:40:32.801876 Bravo: Papa and Echo, sending you 2
2024-10-14 17:40:32.803453 Papa: Lima and Bravo, sending you 2
2024-10-14 17:40:32.804562 Tango: X-ray, sending you 4
2024-10-14 17:40:32.805208 X-ray: Tango and Bravo, sending you 3
2024-10-14 17:40:32.806222 Lima: Uniform, Papa, Echo and X-ray, sending you 2
2024-10-14 17:40:32.807072 Echo: Papa and Bravo, sending you 2
2024-10-14 17:40:32.807854 Charlie: Papa, sending you 2
2024-10-14 17:40:32.809128 Papa: Charlie and Echo, sending you 1
2024-10-14 17:40:32.810674 Echo: Tango, sending you 4
2024-10-14 17:40:32.813734 Papa: Uniform, sending you 3
chatterbot Foxtrot submitting transactions
chatterbot November submitting transactions
chatterbot Tango submitting transactions
chatterbot Uniform submitting transactions
chatterbot Papa submitting transactions
chatterbot Lima submitting transactions
chatterbot Bravo submitting transactions
chatterbot Echo submitting transactions
chatterbot X-ray submitting transactions
chatterbot Charlie submitting transactions
ChatterBot Foxtrot round 11
ChatterBot Lima round 11
ChatterBot Charlie round 11
ChatterBot Uniform round 11
ChatterBot Papa round 11
ChatterBot Echo round 11
ChatterBot November round 11
ChatterBot Tango round 11
ChatterBot X-ray round 11
ChatterBot Bravo round 11
2024-10-14 17:40:33.981665 Foxtrot: Sending you 8
2024-10-14 17:40:33.989651 Echo: Lima, Charlie, Uniform, X-ray and Bravo, sending you 3
2024-10-14 17:40:33.990757 Charlie: Lima, Uniform, Echo, Tango, X-ray and Bravo, sending you 3
2024-10-14 17:40:33.991917 November: Same as last round
2024-10-14 17:40:33.992284 Papa: Lima and Bravo, sending you 2
2024-10-14 17:40:33.994677 Echo: Papa, sending you 1
2024-10-14 17:40:33.996133 Lima: Charlie, Tango and Bravo, sending you 3
2024-10-14 17:40:33.997523 Uniform: Lima, sending you 1
2024-10-14 17:40:33.999217 Charlie: Papa, sending you 2
2024-10-14 17:40:34.000334 Papa: Charlie and Echo, sending you 1
2024-10-14 17:40:34.001288 Tango: Lima, Charlie, Uniform, Echo and Bravo, sending you 3
2024-10-14 17:40:34.001951 Lima: Uniform, Papa, Echo and X-ray, sending you 2
2024-10-14 17:40:34.003221 Echo: Tango, sending you 4
2024-10-14 17:40:34.004021 Uniform: Charlie, Papa, Echo, Tango, X-ray and Bravo, sending you 3
2024-10-14 17:40:34.005666 Papa: Uniform, sending you 3
2024-10-14 17:40:34.006369 Tango: X-ray, sending you 4
2024-10-14 17:40:34.006903 X-ray: Lima, Charlie and Echo, sending you 2
2024-10-14 17:40:34.008072 Bravo: Lima, Charlie, Uniform, Tango and X-ray, sending you 3
2024-10-14 17:40:34.010686 X-ray: Uniform and Bravo, sending you 3
2024-10-14 17:40:34.012691 Bravo: Papa and Echo, sending you 2
2024-10-14 17:40:34.014658 X-ray: Tango, sending you 4
chatterbot Uniform submitting transactions
chatterbot Bravo submitting transactions
chatterbot November submitting transactions
chatterbot Lima submitting transactions
chatterbot Tango submitting transactions
chatterbot Echo submitting transactions
chatterbot Papa submitting transactions
chatterbot Foxtrot submitting transactions
chatterbot X-ray submitting transactions
chatterbot Charlie submitting transactions
ChatterBot Foxtrot round 12
ChatterBot Lima round 12
ChatterBot Charlie round 12
ChatterBot Uniform round 12
ChatterBot Papa round 12
ChatterBot Echo round 12
ChatterBot November round 12
ChatterBot Tango round 12
ChatterBot X-ray round 12
ChatterBot Bravo round 12
2024-10-14 17:40:35.143676 Charlie: Lima, Uniform, Echo, Tango, X-ray and Bravo, sending you 3
2024-10-14 17:40:35.147658 Charlie: Papa, sending you 2
