ChatterBot Tango round 1
ChatterBot November round 1
ChatterBot Zulu round 1
ChatterBot Uniform round 1
ChatterBot Sierra round 1
ChatterBot Romeo round 1
ChatterBot Kilo round 1
ChatterBot Whiskey round 1
ChatterBot Hotel round 1
ChatterBot Foxtrot round 1
randomSelections Tango: {Tango, Uniform, Kilo, Zulu, Foxtrot, Romeo} 
2024-10-14 17:40:18.116818 Tango: Let's form a team
ChatterBot Uniform reevaluating
ChatterBot Kilo reevaluating
ChatterBot Zulu reevaluating
ChatterBot Foxtrot reevaluating
ChatterBot Romeo reevaluating
2024-10-14 17:40:18.200335 Uniform: Yes
2024-10-14 17:40:18.211327 Kilo: Yes
2024-10-14 17:40:18.211591 Zulu: Yes
2024-10-14 17:40:18.211853 Foxtrot: Yes
2024-10-14 17:40:18.212039 Romeo: Yes
ChatterBot Kilo reevaluating
ChatterBot Zulu reevaluating
ChatterBot Foxtrot reevaluating
ChatterBot Romeo reevaluating
ChatterBot Uniform reevaluating
ChatterBot Zulu reevaluating
ChatterBot Foxtrot reevaluating
ChatterBot Romeo reevaluating
ChatterBot Uniform reevaluating
ChatterBot Kilo reevaluating
ChatterBot Foxtrot reevaluating
ChatterBot Romeo reevaluating
ChatterBot Uniform reevaluating
ChatterBot Kilo reevaluating
ChatterBot Zulu reevaluating
ChatterBot Romeo reevaluating
ChatterBot Uniform reevaluating
ChatterBot Kilo reevaluating
ChatterBot Zulu reevaluating
ChatterBot Foxtrot reevaluating
randomSelections November: {November, Kilo, Foxtrot, Tango, Whiskey, Hotel, Uniform, Zulu} 
2024-10-14 17:40:18.261465 November: We would work well together
ChatterBot Kilo reevaluating
ChatterBot Foxtrot reevaluating
ChatterBot Whiskey reevaluating
ChatterBot Hotel reevaluating
ChatterBot Uniform reevaluating
ChatterBot Zulu reevaluating
2024-10-14 17:40:18.271569 Kilo: No
2024-10-14 17:40:18.271872 Foxtrot: No
2024-10-14 17:40:18.272073 Tango: No
2024-10-14 17:40:18.272689 Whiskey: Yes
2024-10-14 17:40:18.272918 Hotel: Yes
2024-10-14 17:40:18.273068 Uniform: No
2024-10-14 17:40:18.273370 Zulu: No
ChatterBot Foxtrot reevaluating
ChatterBot Whiskey reevaluating
ChatterBot Hotel reevaluating
ChatterBot Uniform reevaluating
ChatterBot Zulu reevaluating
ChatterBot Kilo reevaluating
ChatterBot Whiskey reevaluating
ChatterBot Hotel reevaluating
ChatterBot Uniform reevaluating
ChatterBot Zulu reevaluating
ChatterBot Kilo reevaluating
ChatterBot Foxtrot reevaluating
ChatterBot Whiskey reevaluating
ChatterBot Hotel reevaluating
ChatterBot Uniform reevaluating
ChatterBot Zulu reevaluating
ChatterBot Kilo reevaluating
ChatterBot Foxtrot reevaluating
ChatterBot Hotel reevaluating
ChatterBot Uniform reevaluating
ChatterBot Zulu reevaluating
ChatterBot Kilo reevaluating
ChatterBot Foxtrot reevaluating
ChatterBot Whiskey reevaluating
ChatterBot Uniform reevaluating
ChatterBot Zulu reevaluating
ChatterBot Kilo reevaluating
ChatterBot Foxtrot reevaluating
ChatterBot Whiskey reevaluating
ChatterBot Hotel reevaluating
ChatterBot Zulu reevaluating
ChatterBot Kilo reevaluating
ChatterBot Foxtrot reevaluating
ChatterBot Whiskey reevaluating
ChatterBot Hotel reevaluating
ChatterBot Uniform reevaluating
randomSelections Sierra: {Sierra, Hotel, Uniform, Tango, Zulu, Foxtrot, Romeo} 
2024-10-14 17:40:18.351176 Sierra: We should group up
ChatterBot Hotel reevaluating
ChatterBot Uniform reevaluating
ChatterBot Zulu reevaluating
ChatterBot Foxtrot reevaluating
ChatterBot Romeo reevaluating
2024-10-14 17:40:18.360069 Hotel: No
2024-10-14 17:40:18.360810 Uniform: No
2024-10-14 17:40:18.361004 Tango: No
2024-10-14 17:40:18.361135 Zulu: No
2024-10-14 17:40:18.361232 Foxtrot: No
2024-10-14 17:40:18.361365 Romeo: No
ChatterBot Uniform reevaluating
ChatterBot Zulu reevaluating
ChatterBot Foxtrot reevaluating
ChatterBot Romeo reevaluating
ChatterBot Hotel reevaluating
ChatterBot Zulu reevaluating
ChatterBot Foxtrot reevaluating
ChatterBot Romeo reevaluating
ChatterBot Hotel reevaluating
ChatterBot Uniform reevaluating
ChatterBot Zulu reevaluating
ChatterBot Foxtrot reevaluating
ChatterBot Romeo reevaluating
ChatterBot Hotel reevaluating
ChatterBot Uniform reevaluating
ChatterBot Foxtrot reevaluating
ChatterBot Romeo reevaluating
ChatterBot Hotel reevaluating
ChatterBot Uniform reevaluating
ChatterBot Zulu reevaluating
ChatterBot Romeo reevaluating
ChatterBot Hotel reevaluating
ChatterBot Uniform reevaluating
ChatterBot Zulu reevaluating
ChatterBot Foxtrot reevaluating
2024-10-14 17:40:18.500816 Kilo: Tango, Uniform and Foxtrot, sending you 3
2024-10-14 17:40:18.502928 Hotel: Tango, Zulu and Kilo, sending you 2
2024-10-14 17:40:18.504661 November: Tango and Uniform, sending you 3
2024-10-14 17:40:18.506049 Uniform: Tango, sending you 5
2024-10-14 17:40:18.507995 Tango: Zulu and Uniform, sending you 2
2024-10-14 17:40:18.508594 Zulu: Tango, sending you 4
2024-10-14 17:40:18.509247 Hotel: November and Foxtrot, sending you 1
2024-10-14 17:40:18.511254 Kilo: Zulu, sending you 6
2024-10-14 17:40:18.511877 November: Zulu and Hotel, sending you 2
2024-10-14 17:40:18.514077 Uniform: Zulu and Kilo, sending you 2
2024-10-14 17:40:18.515780 Tango: Romeo and Foxtrot, sending you 1
2024-10-14 17:40:18.517918 Zulu: Uniform and Romeo, sending you 3
2024-10-14 17:40:18.518894 Foxtrot: Romeo, sending you 1
2024-10-14 17:40:18.520488 Hotel: Uniform and Whiskey, sending you 3
2024-10-14 17:40:18.522234 Kilo: Romeo, sending you 4
2024-10-14 17:40:18.523102 Sierra: Tango, sending you 5
2024-10-14 17:40:18.525639 Whiskey: Tango and Hotel, sending you 1
2024-10-14 17:40:18.527267 November: Kilo and Foxtrot, sending you 1
2024-10-14 17:40:18.527949 Romeo: Tango, Zulu, Uniform, Kilo and Foxtrot, sending you 2
2024-10-14 17:40:18.529377 Uniform: Foxtrot, sending you 1
2024-10-14 17:40:18.530338 Tango: Kilo, sending you 3
2024-10-14 17:40:18.531708 Zulu: Kilo, sending you 2
2024-10-14 17:40:18.533771 Foxtrot: Kilo, sending you 3
2024-10-14 17:40:18.535452 Sierra: Zulu, Uniform and Hotel, sending you 1
2024-10-14 17:40:18.536413 Whiskey: November and Foxtrot, sending you 2
2024-10-14 17:40:18.538228 November: Whiskey, sending you 5
2024-10-14 17:40:18.540175 Zulu: Foxtrot, sending you 5
2024-10-14 17:40:18.542158 Sierra: Romeo and Foxtrot, sending you 4
2024-10-14 17:40:18.543202 Whiskey: Zulu and Kilo, sending you 3
2024-10-14 17:40:18.547837 Whiskey: Uniform, sending you 5
chatterbot Sierra submitting transactions
chatterbot Whiskey submitting transactions
chatterbot Uniform submitting transactions
chatterbot Romeo submitting transactions
chatterbot Foxtrot submitting transactions
chatterbot Hotel submitting transactions
chatterbot Tango submitting transactions
chatterbot Kilo submitting transactions
chatterbot Zulu submitting transactions
chatterbot November submitting transactions
ChatterBot Tango round 2
ChatterBot November round 2
ChatterBot Zulu round 2
ChatterBot Uniform round 2
ChatterBot Sierra round 2
ChatterBot Romeo round 2
ChatterBot Kilo round 2
ChatterBot Whiskey round 2
ChatterBot Hotel round 2
2024-10-14 17:40:19.515068 Tango: We should add Sierra
ChatterBot Uniform reevaluating
ChatterBot Kilo reevaluating
ChatterBot Zulu reevaluating
ChatterBot Foxtrot reevaluating
ChatterBot Romeo reevaluating
2024-10-14 17:40:19.540444 Uniform: Yes
2024-10-14 17:40:19.540587 Kilo: Yes
2024-10-14 17:40:19.540705 Zulu: Yes
2024-10-14 17:40:19.540815 Foxtrot: Yes
2024-10-14 17:40:19.540918 Romeo: Yes
ChatterBot Kilo reevaluating
ChatterBot Zulu reevaluating
ChatterBot Foxtrot reevaluating
ChatterBot Romeo reevaluating
ChatterBot Uniform reevaluating
ChatterBot Zulu reevaluating
ChatterBot Foxtrot reevaluating
ChatterBot Romeo reevaluating
ChatterBot Uniform reevaluating
ChatterBot Kilo reevaluating
ChatterBot Foxtrot reevaluating
ChatterBot Romeo reevaluating
ChatterBot Uniform reevaluating
ChatterBot Kilo reevaluating
ChatterBot Zulu reevaluating
ChatterBot Romeo reevaluating
ChatterBot Uniform reevaluating
ChatterBot Kilo reevaluating
ChatterBot Zulu reevaluating
ChatterBot Foxtrot reevaluating
2024-10-14 17:40:19.635306 Hotel: Friends?
ChatterBot November reevaluating
ChatterBot Whiskey reevaluating
ChatterBot Sierra reevaluating
2024-10-14 17:40:19.643758 November: Yes
2024-10-14 17:40:19.643915 Whiskey: No
2024-10-14 17:40:19.644041 Sierra: Yes
ChatterBot Whiskey reevaluating
ChatterBot Sierra reevaluating
ChatterBot November reevaluating
ChatterBot Sierra reevaluating
ChatterBot November reevaluating
ChatterBot Whiskey reevaluating
2024-10-14 17:40:19.668964 Whiskey: Let's form a team
ChatterBot November reevaluating
ChatterBot Sierra reevaluating
2024-10-14 17:40:19.679124 Hotel: Yes
2024-10-14 17:40:19.679254 November: Yes
2024-10-14 17:40:19.679349 Sierra: Yes
ChatterBot November reevaluating
ChatterBot Whiskey reevaluating
ChatterBot Sierra reevaluating
ChatterBot Whiskey reevaluating
ChatterBot Sierra reevaluating
ChatterBot November reevaluating
ChatterBot Whiskey reevaluating
ChatterBot Foxtrot round 2
2024-10-14 17:40:19.755369 Tango: Sierra we want you to join our group
ChatterBot Sierra reevaluating
2024-10-14 17:40:19.761440 Sierra: No
ChatterBot Zulu reevaluating
ChatterBot Uniform reevaluating
ChatterBot Romeo reevaluating
ChatterBot Kilo reevaluating
ChatterBot Foxtrot reevaluating
2024-10-14 17:40:19.859062 Foxtrot: We should add Sierra
ChatterBot Uniform reevaluating
ChatterBot Kilo reevaluating
ChatterBot Zulu reevaluating
ChatterBot Romeo reevaluating
2024-10-14 17:40:19.878230 Tango: Yes
2024-10-14 17:40:19.878476 Uniform: Yes
2024-10-14 17:40:19.878687 Kilo: Yes
2024-10-14 17:40:19.878842 Zulu: Yes
2024-10-14 17:40:19.879596 Romeo: Yes
ChatterBot Uniform reevaluating
ChatterBot Kilo reevaluating
ChatterBot Zulu reevaluating
ChatterBot Foxtrot reevaluating
ChatterBot Romeo reevaluating
ChatterBot Kilo reevaluating
ChatterBot Zulu reevaluating
ChatterBot Foxtrot reevaluating
ChatterBot Romeo reevaluating
ChatterBot Uniform reevaluating
ChatterBot Zulu reevaluating
ChatterBot Foxtrot reevaluating
ChatterBot Romeo reevaluating
ChatterBot Uniform reevaluating
ChatterBot Kilo reevaluating
ChatterBot Foxtrot reevaluating
ChatterBot Romeo reevaluating
ChatterBot Uniform reevaluating
ChatterBot Kilo reevaluating
ChatterBot Zulu reevaluating
ChatterBot Foxtrot reevaluating
2024-10-14 17:40:20.012171 Zulu: We should replace Foxtrot with Sierra
ChatterBot Uniform reevaluating
ChatterBot Romeo reevaluating
ChatterBot Kilo reevaluating
2024-10-14 17:40:20.026267 Tango: No
2024-10-14 17:40:20.026422 Uniform: No
2024-10-14 17:40:20.026528 Romeo: No
2024-10-14 17:40:20.026647 Kilo: No
ChatterBot Zulu reevaluating
ChatterBot Uniform reevaluating
ChatterBot Romeo reevaluating
ChatterBot Kilo reevaluating
ChatterBot Zulu reevaluating
ChatterBot Romeo reevaluating
ChatterBot Kilo reevaluating
ChatterBot Zulu reevaluating
ChatterBot Uniform reevaluating
ChatterBot Kilo reevaluating
ChatterBot Zulu reevaluating
ChatterBot Uniform reevaluating
ChatterBot Romeo reevaluating
2024-10-14 17:40:20.401045 Uniform: Sierra we want you to join our group
2024-10-14 17:40:20.407003 Sierra: No
2024-10-14 17:40:20.438030 Foxtrot: Sierra we want you to join our group
2024-10-14 17:40:20.443541 Sierra: No
2024-10-14 17:40:20.472611 Zulu: Sierra we want you to join our group
2024-10-14 17:40:20.477973 Sierra: No
2024-10-14 17:40:20.502870 Romeo: Sierra we want you to join our group
2024-10-14 17:40:20.508258 Sierra: No
chatterbot November submitting transactions
chatterbot Sierra submitting transactions
2024-10-14 17:40:20.747563 Sierra: November, sending you 6
2024-10-14 17:40:20.748095 Whiskey: November and Hotel, sending you 6
2024-10-14 17:40:20.749123 Hotel: November, Sierra and Whiskey, sending you 5
2024-10-14 17:40:20.749918 November: Sierra, sending you 3
2024-10-14 17:40:20.751113 Kilo: Tango, sending you 3
2024-10-14 17:40:20.752704 Tango: Zulu, Uniform and Sierra, sending you 2
chatterbot Tango submitting transactions
2024-10-14 17:40:20.754237 Sierra: Whiskey and Hotel, sending you 5
2024-10-14 17:40:20.754826 Whiskey: Sierra, sending you 5
2024-10-14 17:40:20.755957 November: Whiskey, sending you 8
2024-10-14 17:40:20.756841 Kilo: November, Zulu, Uniform, Sierra, Romeo, Whiskey, Hotel and Foxtrot, sending you 2
2024-10-14 17:40:21.007459 Tango: Romeo, Kilo and Foxtrot, sending you 1
2024-10-14 17:40:21.007986 Zulu: Tango, Uniform, Sierra and Romeo, sending you 3
2024-10-14 17:40:21.008354 Foxtrot: Tango and Uniform, sending you 1
2024-10-14 17:40:21.009141 Uniform: Tango and Romeo, sending you 2
2024-10-14 17:40:21.009510 Romeo: Tango and Foxtrot, sending you 1
2024-10-14 17:40:21.010291 November: Hotel, sending you 7
chatterbot Zulu submitting transactions
chatterbot Romeo submitting transactions
chatterbot Whiskey submitting transactions
2024-10-14 17:40:21.105918 Zulu: Kilo, sending you 5
2024-10-14 17:40:21.106279 Foxtrot: Zulu, sending you 4
2024-10-14 17:40:21.106971 Romeo: Zulu, sending you 2
2024-10-14 17:40:21.107268 Uniform: Zulu and Kilo, sending you 3
chatterbot Hotel submitting transactions
2024-10-14 17:40:21.132505 Romeo: Sierra and Kilo, sending you 3
2024-10-14 17:40:21.133570 Foxtrot: Sierra, Romeo and Kilo, sending you 2
chatterbot Foxtrot submitting transactions
chatterbot Kilo submitting transactions
chatterbot Uniform submitting transactions
ChatterBot Tango round 3
ChatterBot November round 3
ChatterBot Zulu round 3
ChatterBot Uniform round 3
ChatterBot Sierra round 3
ChatterBot Romeo round 3
ChatterBot Kilo round 3
ChatterBot Whiskey round 3
2024-10-14 17:40:21.384673 Zulu: We should replace Sierra with Foxtrot
ChatterBot Tango reevaluating
ChatterBot Uniform reevaluating
ChatterBot Romeo reevaluating
ChatterBot Kilo reevaluating
2024-10-14 17:40:21.404330 Tango: Yes
2024-10-14 17:40:21.405030 Uniform: Yes
2024-10-14 17:40:21.405287 Romeo: Yes
2024-10-14 17:40:21.405444 Kilo: Yes
ChatterBot Uniform reevaluating
ChatterBot Romeo reevaluating
ChatterBot Kilo reevaluating
ChatterBot Tango reevaluating
ChatterBot Romeo reevaluating
ChatterBot Kilo reevaluating
ChatterBot Tango reevaluating
ChatterBot Uniform reevaluating
ChatterBot Kilo reevaluating
ChatterBot Tango reevaluating
ChatterBot Uniform reevaluating
ChatterBot Romeo reevaluating
ChatterBot Hotel round 3
ChatterBot Foxtrot round 3
2024-10-14 17:40:21.489220 November: We should add Foxtrot
ChatterBot Hotel reevaluating
ChatterBot Whiskey reevaluating
ChatterBot Sierra reevaluating
2024-10-14 17:40:21.502760 Hotel: No
2024-10-14 17:40:21.503275 Whiskey: No
2024-10-14 17:40:21.503434 Sierra: No
ChatterBot November reevaluating
ChatterBot Whiskey reevaluating
ChatterBot Sierra reevaluating
ChatterBot Hotel reevaluating
ChatterBot November reevaluating
ChatterBot Sierra reevaluating
ChatterBot Hotel reevaluating
ChatterBot November reevaluating
ChatterBot Whiskey reevaluating
2024-10-14 17:40:21.569436 Zulu: Foxtrot we want you to join our group
ChatterBot Foxtrot reevaluating
2024-10-14 17:40:21.574396 Foxtrot: Yes
ChatterBot Tango reevaluating
ChatterBot Uniform reevaluating
ChatterBot Kilo reevaluating
ChatterBot Romeo reevaluating
2024-10-14 17:40:21.640923 Uniform: We should drop Sierra
ChatterBot Tango reevaluating
ChatterBot Foxtrot reevaluating
2024-10-14 17:40:21.706136 Tango: Yes
2024-10-14 17:40:21.707491 Kilo: Yes
2024-10-14 17:40:21.707719 Zulu: Yes
2024-10-14 17:40:21.707908 Foxtrot: Yes
2024-10-14 17:40:21.708115 Romeo: Yes
ChatterBot Foxtrot reevaluating
ChatterBot Tango reevaluating
ChatterBot Foxtrot reevaluating
ChatterBot Tango reevaluating
ChatterBot Foxtrot reevaluating
ChatterBot Tango reevaluating
ChatterBot Tango reevaluating
ChatterBot Foxtrot reevaluating
2024-10-14 17:40:21.896180 Zulu: Tango, Uniform, Romeo and Foxtrot, sending you 3
2024-10-14 17:40:21.897952 Kilo: Tango, sending you 3
2024-10-14 17:40:21.898310 Whiskey: November and Hotel, sending you 6
2024-10-14 17:40:21.898581 Sierra: November, sending you 4
chatterbot Whiskey submitting transactions
2024-10-14 17:40:21.917262 Zulu: Kilo, sending you 5
2024-10-14 17:40:21.917852 Kilo: Zulu, Uniform, Romeo and Foxtrot, sending you 4
2024-10-14 17:40:21.918703 Whiskey: Sierra, sending you 5
2024-10-14 17:40:21.919060 November: Sierra and Hotel, sending you 6
2024-10-14 17:40:21.919733 Uniform: Tango, sending you 2
2024-10-14 17:40:21.920100 Sierra: Whiskey and Hotel, sending you 6
2024-10-14 17:40:21.920373 Hotel: Sending you each 6
2024-10-14 17:40:21.927898 Uniform: Zulu and Kilo, sending you 3
2024-10-14 17:40:21.928844 November: Whiskey, sending you 8
2024-10-14 17:40:21.929183 Romeo: Tango and Uniform, sending you 1
2024-10-14 17:40:21.935886 Uniform: Romeo and Foxtrot, sending you 1
2024-10-14 17:40:21.937341 Romeo: Zulu and Kilo, sending you 3
2024-10-14 17:40:21.943419 Tango: Zulu and Kilo, sending you 2
2024-10-14 17:40:21.944035 Romeo: Foxtrot, sending you 2
2024-10-14 17:40:21.945014 Foxtrot: Tango and Uniform, sending you 2
2024-10-14 17:40:22.454463 Foxtrot: Zulu and Romeo, sending you 3
2024-10-14 17:40:22.455673 Tango: Uniform, sending you 3
chatterbot Sierra submitting transactions
chatterbot November submitting transactions
chatterbot Uniform submitting transactions
chatterbot Kilo submitting transactions
2024-10-14 17:40:22.470639 Foxtrot: Kilo, sending you 4
2024-10-14 17:40:22.471859 Tango: Romeo and Foxtrot, sending you 1
chatterbot Foxtrot submitting transactions
chatterbot Zulu submitting transactions
chatterbot Hotel submitting transactions
chatterbot Romeo submitting transactions
chatterbot Tango submitting transactions
ChatterBot Tango round 4
ChatterBot November round 4
ChatterBot Zulu round 4
ChatterBot Uniform round 4
ChatterBot Sierra round 4
ChatterBot Romeo round 4
ChatterBot Kilo round 4
ChatterBot Whiskey round 4
ChatterBot Hotel round 4
ChatterBot Foxtrot round 4
2024-10-14 17:40:22.938697 Romeo: Tango and Uniform, sending you 1
2024-10-14 17:40:22.942036 Sierra: November and Whiskey, sending you 5
2024-10-14 17:40:22.945113 Romeo: Zulu and Kilo, sending you 3
2024-10-14 17:40:22.947491 Foxtrot: Tango and Uniform, sending you 2
2024-10-14 17:40:22.949376 Sierra: Hotel, sending you 6
2024-10-14 17:40:22.950715 Zulu: Tango, Uniform, Romeo and Foxtrot, sending you 3
2024-10-14 17:40:22.952751 Whiskey: November and Hotel, sending you 6
2024-10-14 17:40:22.953407 Hotel: November, sending you 7
2024-10-14 17:40:22.954687 Romeo: Foxtrot, sending you 2
2024-10-14 17:40:22.956061 Tango: Zulu, sending you 3
2024-10-14 17:40:22.957465 Foxtrot: Zulu and Romeo, sending you 3
2024-10-14 17:40:22.959618 November: Sierra, sending you 6
2024-10-14 17:40:22.961165 Uniform: Tango, Zulu and Kilo, sending you 3
2024-10-14 17:40:22.962924 Whiskey: Sierra, sending you 5
2024-10-14 17:40:22.963886 Zulu: Kilo, sending you 5
2024-10-14 17:40:22.965790 Hotel: Sierra and Whiskey, sending you 6
2024-10-14 17:40:22.967574 Kilo: Tango, sending you 3
2024-10-14 17:40:22.969542 Tango: Uniform and Kilo, sending you 2
2024-10-14 17:40:22.970661 Foxtrot: Kilo, sending you 4
2024-10-14 17:40:22.972555 November: Whiskey and Hotel, sending you 7
2024-10-14 17:40:22.974268 Uniform: Foxtrot, sending you 1
2024-10-14 17:40:22.976383 Kilo: Zulu, Uniform, Romeo and Foxtrot, sending you 4
2024-10-14 17:40:22.979146 Tango: Romeo and Foxtrot, sending you 1
chatterbot Romeo submitting transactions
chatterbot Zulu submitting transactions
chatterbot Kilo submitting transactions
chatterbot Uniform submitting transactions
chatterbot Tango submitting transactions
chatterbot Hotel submitting transactions
chatterbot November submitting transactions
chatterbot Sierra submitting transactions
chatterbot Whiskey submitting transactions
chatterbot Foxtrot submitting transactions
ChatterBot Tango round 5
ChatterBot November round 5
ChatterBot Zulu round 5
ChatterBot Uniform round 5
ChatterBot Sierra round 5
ChatterBot Romeo round 5
ChatterBot Kilo round 5
ChatterBot Whiskey round 5
ChatterBot Hotel round 5
ChatterBot Foxtrot round 5
2024-10-14 17:40:24.150760 November: We should add Uniform
2024-10-14 17:40:24.160025 Hotel: No
2024-10-14 17:40:24.160274 Whiskey: No
2024-10-14 17:40:24.160489 Sierra: No
ChatterBot November reevaluating
ChatterBot November reevaluating
ChatterBot November reevaluating
2024-10-14 17:40:24.221684 Romeo: Tango and Uniform, sending you 1
2024-10-14 17:40:24.225693 Tango: Zulu, sending you 3
2024-10-14 17:40:24.226401 Sierra: November and Whiskey, sending you 5
2024-10-14 17:40:24.227188 Romeo: Zulu and Kilo, sending you 3
2024-10-14 17:40:24.227688 Zulu: Tango, Uniform, Romeo and Foxtrot, sending you 3
2024-10-14 17:40:24.228664 Uniform: Tango, sending you 2
2024-10-14 17:40:24.229755 Tango: Uniform and Kilo, sending you 2
2024-10-14 17:40:24.230733 Romeo: Foxtrot, sending you 2
2024-10-14 17:40:24.232117 Hotel: November, sending you 7
2024-10-14 17:40:24.232434 Sierra: Hotel, sending you 6
2024-10-14 17:40:24.232715 Foxtrot: Tango and Uniform, sending you 2
2024-10-14 17:40:24.233203 Zulu: Kilo, sending you 5
2024-10-14 17:40:24.233572 Uniform: Zulu and Kilo, sending you 3
2024-10-14 17:40:24.234532 Tango: Romeo and Foxtrot, sending you 1
2024-10-14 17:40:24.234985 Whiskey: November and Hotel, sending you 6
2024-10-14 17:40:24.235246 Kilo: Tango, sending you 3
2024-10-14 17:40:24.235608 Hotel: Sierra and Whiskey, sending you 6
2024-10-14 17:40:24.236704 November: Sierra, sending you 6
2024-10-14 17:40:24.237669 Foxtrot: Zulu and Romeo, sending you 3
2024-10-14 17:40:24.238122 Uniform: Romeo and Foxtrot, sending you 1
2024-10-14 17:40:24.238525 Kilo: Zulu, Uniform, Romeo and Foxtrot, sending you 4
2024-10-14 17:40:24.239699 Whiskey: Sierra, sending you 5
2024-10-14 17:40:24.240683 November: Whiskey and Hotel, sending you 7
2024-10-14 17:40:24.240955 Foxtrot: Kilo, sending you 4
chatterbot Sierra submitting transactions
chatterbot Uniform submitting transactions
chatterbot Romeo submitting transactions
chatterbot November submitting transactions
chatterbot Zulu submitting transactions
chatterbot Tango submitting transactions
chatterbot Foxtrot submitting transactions
chatterbot Kilo submitting transactions
chatterbot Hotel submitting transactions
chatterbot Whiskey submitting transactions
ChatterBot Tango round 6
ChatterBot November round 6
ChatterBot Zulu round 6
ChatterBot Uniform round 6
ChatterBot Sierra round 6
ChatterBot Romeo round 6
ChatterBot Kilo round 6
ChatterBot Whiskey round 6
ChatterBot Hotel round 6
ChatterBot Foxtrot round 6
2024-10-14 17:40:25.361711 Zulu: Tango, Uniform, Romeo and Foxtrot, sending you 3
2024-10-14 17:40:25.365682 Zulu: Kilo, sending you 5
2024-10-14 17:40:25.367165 Sierra: November and Whiskey, sending you 5
2024-10-14 17:40:25.368680 Tango: Zulu, sending you 3
2024-10-14 17:40:25.369879 Hotel: November, sending you 7
2024-10-14 17:40:25.370258 November: Sierra, sending you 6
2024-10-14 17:40:25.371711 Sierra: Hotel, sending you 6
2024-10-14 17:40:25.372696 Tango: Uniform and Kilo, sending you 2
2024-10-14 17:40:25.373717 Hotel: Sierra and Whiskey, sending you 6
2024-10-14 17:40:25.374169 Whiskey: November and Hotel, sending you 6
2024-10-14 17:40:25.374989 November: Whiskey and Hotel, sending you 7
2024-10-14 17:40:25.377081 Kilo: Tango, Uniform and Romeo, sending you 2
2024-10-14 17:40:25.379034 Tango: Romeo and Foxtrot, sending you 1
2024-10-14 17:40:25.379772 Whiskey: Sierra, sending you 5
2024-10-14 17:40:25.380205 Uniform: Tango, sending you 2
2024-10-14 17:40:25.381164 Foxtrot: Tango and Uniform, sending you 2
2024-10-14 17:40:25.381881 Romeo: Tango and Uniform, sending you 1
2024-10-14 17:40:25.382953 Kilo: Zulu and Foxtrot, sending you 3
2024-10-14 17:40:25.384664 Uniform: Zulu and Kilo, sending you 3
2024-10-14 17:40:25.385329 Foxtrot: Zulu and Romeo, sending you 3
2024-10-14 17:40:25.387689 Romeo: Zulu and Kilo, sending you 3
2024-10-14 17:40:25.388852 Uniform: Romeo and Foxtrot, sending you 1
2024-10-14 17:40:25.391184 Foxtrot: Kilo, sending you 4
2024-10-14 17:40:25.392060 Romeo: Foxtrot, sending you 2
chatterbot Romeo submitting transactions
chatterbot Foxtrot submitting transactions
chatterbot Zulu submitting transactions
chatterbot November submitting transactions
chatterbot Whiskey submitting transactions
chatterbot Uniform submitting transactions
chatterbot Sierra submitting transactions
chatterbot Tango submitting transactions
chatterbot Kilo submitting transactions
chatterbot Hotel submitting transactions
ChatterBot Tango round 7
ChatterBot November round 7
ChatterBot Zulu round 7
ChatterBot Uniform round 7
ChatterBot Sierra round 7
2024-10-14 17:40:26.597785 November: We should add Romeo
2024-10-14 17:40:26.609303 Hotel: No
2024-10-14 17:40:26.609545 Whiskey: No
2024-10-14 17:40:26.609763 Sierra: No
ChatterBot November reevaluating
ChatterBot November reevaluating
ChatterBot November reevaluating
ChatterBot Romeo round 7
ChatterBot Kilo round 7
ChatterBot Whiskey round 7
ChatterBot Hotel round 7
ChatterBot Foxtrot round 7
2024-10-14 17:40:26.655781 November: We should add Tango
ChatterBot Whiskey reevaluating
2024-10-14 17:40:26.668349 Hotel: No
2024-10-14 17:40:26.668550 Whiskey: Yes
2024-10-14 17:40:26.668739 Sierra: No
ChatterBot November reevaluating
ChatterBot Whiskey reevaluating
ChatterBot November reevaluating
ChatterBot November reevaluating
ChatterBot Whiskey reevaluating
2024-10-14 17:40:26.709657 Zulu: Tango, Uniform, Romeo and Foxtrot, sending you 3
2024-10-14 17:40:26.712684 Sierra: November and Whiskey, sending you 5
2024-10-14 17:40:26.714672 Zulu: Kilo, sending you 5
2024-10-14 17:40:26.715338 Uniform: Tango, sending you 2
2024-10-14 17:40:26.716939 Sierra: Hotel, sending you 6
2024-10-14 17:40:26.719835 Hotel: November, sending you 7
2024-10-14 17:40:26.720686 Whiskey: I was attacked by Kilo
ChatterBot Hotel reevaluating
ChatterBot November reevaluating
ChatterBot Sierra reevaluating
2024-10-14 17:40:26.733500 Whiskey: I'm keeping this round to protect myself
2024-10-14 17:40:26.734829 Whiskey: Ow
2024-10-14 17:40:26.735244 November: We should add Foxtrot
ChatterBot Hotel reevaluating
ChatterBot Sierra reevaluating
2024-10-14 17:40:26.747807 Hotel: No
2024-10-14 17:40:26.748016 Whiskey: No
2024-10-14 17:40:26.748158 Sierra: No
ChatterBot November reevaluating
ChatterBot Sierra reevaluating
ChatterBot Hotel reevaluating
ChatterBot November reevaluating
ChatterBot Sierra reevaluating
ChatterBot Hotel reevaluating
ChatterBot November reevaluating
2024-10-14 17:40:26.791784 Uniform: Zulu and Kilo, sending you 3
2024-10-14 17:40:26.793183 Kilo: Tango, sending you 3
2024-10-14 17:40:26.794198 Romeo: Tango and Uniform, sending you 1
2024-10-14 17:40:26.795242 Tango: Zulu, Uniform, Kilo and Foxtrot, sending you 2
2024-10-14 17:40:26.796666 Uniform: Romeo and Foxtrot, sending you 1
2024-10-14 17:40:26.798958 Kilo: Zulu, Uniform, Romeo and Foxtrot, sending you 4
2024-10-14 17:40:26.800658 Romeo: Zulu and Kilo, sending you 3
2024-10-14 17:40:26.801256 Tango: Romeo, sending you 1
2024-10-14 17:40:26.801852 Foxtrot: Tango and Uniform, sending you 2
2024-10-14 17:40:26.803475 November: Foxtrot we want you to join our group
2024-10-14 17:40:26.820263 Foxtrot: No
ChatterBot November reevaluating
ChatterBot Hotel reevaluating
2024-10-14 17:40:26.884059 November: We should add Zulu
ChatterBot Hotel reevaluating
ChatterBot Whiskey reevaluating
2024-10-14 17:40:26.899244 Hotel: No
2024-10-14 17:40:26.899792 Whiskey: Yes
2024-10-14 17:40:26.900290 Sierra: No
ChatterBot November reevaluating
ChatterBot Whiskey reevaluating
ChatterBot Hotel reevaluating
ChatterBot November reevaluating
ChatterBot Hotel reevaluating
ChatterBot November reevaluating
ChatterBot Whiskey reevaluating
2024-10-14 17:40:26.941875 Romeo: Foxtrot, sending you 2
2024-10-14 17:40:26.943909 Foxtrot: Zulu and Kilo, sending you 4
2024-10-14 17:40:26.947671 Foxtrot: Romeo, sending you 3
2024-10-14 17:40:26.980665 November: Sierra, sending you 5
2024-10-14 17:40:26.983684 November: Whiskey and Hotel, sending you 6
2024-10-14 17:40:26.988658 November: Foxtrot, sending you 3
chatterbot Kilo submitting transactions
chatterbot Sierra submitting transactions
chatterbot Uniform submitting transactions
chatterbot Romeo submitting transactions
chatterbot Hotel submitting transactions
chatterbot Tango submitting transactions
chatterbot Foxtrot submitting transactions
chatterbot Zulu submitting transactions
chatterbot Whiskey submitting transactions
chatterbot November submitting transactions
ChatterBot Tango round 8
ChatterBot November round 8
ChatterBot Zulu round 8
ChatterBot Uniform round 8
ChatterBot Sierra round 8
ChatterBot Romeo round 8
ChatterBot Kilo round 8
ChatterBot Whiskey round 8
2024-10-14 17:40:28.068841 November: We should replace Foxtrot with Tango
2024-10-14 17:40:28.074870 Hotel: No
2024-10-14 17:40:28.075018 Whiskey: No
2024-10-14 17:40:28.075133 Sierra: No
ChatterBot November reevaluating
ChatterBot Hotel round 8
ChatterBot Foxtrot round 8
2024-10-14 17:40:28.100602 Uniform: We should add November
2024-10-14 17:40:28.110218 Tango: No
2024-10-14 17:40:28.110393 Kilo: No
2024-10-14 17:40:28.110514 Zulu: No
2024-10-14 17:40:28.110634 Foxtrot: No
2024-10-14 17:40:28.110749 Romeo: No
ChatterBot Uniform reevaluating
ChatterBot Uniform reevaluating
ChatterBot Uniform reevaluating
ChatterBot Uniform reevaluating
ChatterBot Uniform reevaluating
2024-10-14 17:40:28.252597 November: We should replace Foxtrot with Zulu
ChatterBot Sierra reevaluating
2024-10-14 17:40:28.261044 Hotel: No
2024-10-14 17:40:28.261782 Whiskey: No
2024-10-14 17:40:28.262010 Sierra: No
ChatterBot November reevaluating
ChatterBot Sierra reevaluating
ChatterBot November reevaluating
ChatterBot Sierra reevaluating
ChatterBot November reevaluating
2024-10-14 17:40:28.299187 Tango: Zulu, Uniform, Kilo and Foxtrot, sending you 2
2024-10-14 17:40:28.303870 November: Tango we want you to join our group
2024-10-14 17:40:28.309439 Tango: No
ChatterBot November reevaluating
ChatterBot Sierra reevaluating
2024-10-14 17:40:28.322518 Sierra: We should add Tango
ChatterBot November reevaluating
ChatterBot Whiskey reevaluating
2024-10-14 17:40:28.332253 Hotel: No
2024-10-14 17:40:28.332384 November: Yes
2024-10-14 17:40:28.332485 Whiskey: Yes
ChatterBot November reevaluating
ChatterBot Whiskey reevaluating
ChatterBot Sierra reevaluating
ChatterBot Whiskey reevaluating
ChatterBot Sierra reevaluating
ChatterBot November reevaluating
ChatterBot Sierra reevaluating
2024-10-14 17:40:28.357214 Tango: Romeo, sending you 1
2024-10-14 17:40:28.357852 Hotel: November, sending you 7
2024-10-14 17:40:28.360657 Zulu: Tango, Uniform, Romeo and Foxtrot, sending you 3
2024-10-14 17:40:28.361698 Romeo: Tango and Uniform, sending you 1
2024-10-14 17:40:28.362328 Hotel: Sierra and Whiskey, sending you 6
2024-10-14 17:40:28.363863 Uniform: Tango, sending you 2
2024-10-14 17:40:28.364971 Kilo: Tango, sending you 3
2024-10-14 17:40:28.365540 Foxtrot: Tango and Uniform, sending you 2
2024-10-14 17:40:28.366198 Zulu: Kilo, sending you 5
2024-10-14 17:40:28.366771 Romeo: Zulu and Kilo, sending you 3
2024-10-14 17:40:28.368770 Uniform: Zulu and Kilo, sending you 3
2024-10-14 17:40:28.369809 Kilo: Zulu, Uniform, Romeo and Foxtrot, sending you 4
2024-10-14 17:40:28.370891 Foxtrot: Zulu and Romeo, sending you 3
2024-10-14 17:40:28.372828 Romeo: Foxtrot, sending you 2
2024-10-14 17:40:28.374677 Uniform: Romeo and Foxtrot, sending you 1
2024-10-14 17:40:28.376660 Foxtrot: Kilo, sending you 5
2024-10-14 17:40:28.384680 November: Tango, sending you 2
2024-10-14 17:40:28.387655 Sierra: November and Whiskey, sending you 5
2024-10-14 17:40:28.388343 November: Sierra, sending you 6
2024-10-14 17:40:28.391659 November: Whiskey, sending you 5
2024-10-14 17:40:28.393199 Sierra: Hotel, sending you 6
2024-10-14 17:40:28.395691 November: Hotel, sending you 7
chatterbot Tango submitting transactions
chatterbot Foxtrot submitting transactions
chatterbot Whiskey submitting transactions
chatterbot Zulu submitting transactions
chatterbot Romeo submitting transactions
chatterbot Sierra submitting transactions
chatterbot Uniform submitting transactions
chatterbot Kilo submitting transactions
chatterbot November submitting transactions
chatterbot Hotel submitting transactions
ChatterBot Tango round 9
ChatterBot November round 9
ChatterBot Zulu round 9
ChatterBot Uniform round 9
ChatterBot Sierra round 9
ChatterBot Romeo round 9
ChatterBot Kilo round 9
ChatterBot Whiskey round 9
ChatterBot Hotel round 9
ChatterBot Foxtrot round 9
2024-10-14 17:40:29.539271 Uniform: We should add Hotel
2024-10-14 17:40:29.558373 Tango: No
2024-10-14 17:40:29.558711 Kilo: No
2024-10-14 17:40:29.559394 Zulu: No
2024-10-14 17:40:29.559654 Foxtrot: No
2024-10-14 17:40:29.559900 Romeo: No
ChatterBot Uniform reevaluating
ChatterBot Uniform reevaluating
ChatterBot Zulu reevaluating
ChatterBot Uniform reevaluating
ChatterBot Uniform reevaluating
ChatterBot Zulu reevaluating
ChatterBot Uniform reevaluating
ChatterBot Zulu reevaluating
2024-10-14 17:40:29.758595 Hotel: We should add Tango
ChatterBot Whiskey reevaluating
ChatterBot Sierra reevaluating
2024-10-14 17:40:29.766360 November: Yes
2024-10-14 17:40:29.766555 Whiskey: Yes
2024-10-14 17:40:29.767953 Sierra: Yes
ChatterBot Whiskey reevaluating
ChatterBot Sierra reevaluating
ChatterBot Hotel reevaluating
ChatterBot Sierra reevaluating
ChatterBot Hotel reevaluating
ChatterBot Whiskey reevaluating
2024-10-14 17:40:29.795681 Whiskey: Tango we want you to join our group
2024-10-14 17:40:29.800829 Tango: No
ChatterBot Sierra reevaluating
ChatterBot Whiskey reevaluating
ChatterBot Hotel reevaluating
2024-10-14 17:40:29.815688 Tango: Zulu, Uniform, Kilo and Foxtrot, sending you 2
2024-10-14 17:40:29.819713 Kilo: Tango, sending you 3
2024-10-14 17:40:29.820530 Foxtrot: Tango, Zulu and Romeo, sending you 3
2024-10-14 17:40:29.821382 Zulu: Tango, Uniform, Romeo and Foxtrot, sending you 3
2024-10-14 17:40:29.822603 Tango: Romeo, sending you 1
2024-10-14 17:40:29.823655 Romeo: Tango and Uniform, sending you 1
2024-10-14 17:40:29.824940 November: Tango, sending you 3
2024-10-14 17:40:29.825509 Sierra: Tango we want you to join our group
2024-10-14 17:40:29.829347 Tango: No
ChatterBot Hotel reevaluating
2024-10-14 17:40:29.845998 Kilo: Zulu, Uniform, Romeo and Foxtrot, sending you 4
2024-10-14 17:40:29.847243 Foxtrot: Uniform, sending you 2
2024-10-14 17:40:29.848686 Zulu: Kilo, sending you 5
2024-10-14 17:40:29.849919 November: Sierra and Whiskey, sending you 5
2024-10-14 17:40:29.850557 Romeo: Zulu and Kilo, sending you 3
2024-10-14 17:40:29.852304 Uniform: Tango, sending you 2
2024-10-14 17:40:29.853425 November: Hotel, sending you 7
2024-10-14 17:40:29.854008 Foxtrot: Kilo, sending you 4
2024-10-14 17:40:29.856688 Romeo: Foxtrot, sending you 2
2024-10-14 17:40:29.858324 Uniform: Zulu and Kilo, sending you 3
2024-10-14 17:40:29.860857 Sierra: Tango, sending you 2
2024-10-14 17:40:29.863983 Uniform: Romeo and Foxtrot, sending you 1
2024-10-14 17:40:29.864991 Sierra: November and Hotel, sending you 5
2024-10-14 17:40:29.865541 Hotel: November, sending you 7
2024-10-14 17:40:29.868705 Hotel: Sierra and Whiskey, sending you 6
2024-10-14 17:40:29.869684 Sierra: Whiskey, sending you 4
2024-10-14 17:40:29.870337 Whiskey: Tango, Sierra and Hotel, sending you 4
2024-10-14 17:40:29.873662 Whiskey: November, sending you 5
chatterbot Uniform submitting transactions
chatterbot Tango submitting transactions
chatterbot Zulu submitting transactions
chatterbot November submitting transactions
chatterbot Foxtrot submitting transactions
chatterbot Romeo submitting transactions
chatterbot Sierra submitting transactions
chatterbot Whiskey submitting transactions
chatterbot Hotel submitting transactions
chatterbot Kilo submitting transactions
ChatterBot Tango round 10
ChatterBot November round 10
ChatterBot Zulu round 10
ChatterBot Uniform round 10
ChatterBot Sierra round 10
ChatterBot Romeo round 10
ChatterBot Kilo round 10
ChatterBot Whiskey round 10
ChatterBot Hotel round 10
ChatterBot Foxtrot round 10
2024-10-14 17:40:30.976811 Hotel: We should add Tango
ChatterBot November reevaluating
2024-10-14 17:40:30.995960 November: No
2024-10-14 17:40:30.996255 Whiskey: Yes
2024-10-14 17:40:30.996509 Sierra: Yes
ChatterBot Hotel reevaluating
ChatterBot Whiskey reevaluating
ChatterBot Sierra reevaluating
ChatterBot Hotel reevaluating
ChatterBot November reevaluating
ChatterBot Sierra reevaluating
ChatterBot Hotel reevaluating
ChatterBot November reevaluating
ChatterBot Whiskey reevaluating
2024-10-14 17:40:31.040660 Zulu: Tango, Uniform, Romeo and Foxtrot, sending you 3
2024-10-14 17:40:31.045662 Zulu: Kilo, sending you 5
2024-10-14 17:40:31.046422 Uniform: Tango, sending you 2
2024-10-14 17:40:31.047719 November: Tango, sending you 3
2024-10-14 17:40:31.048649 Romeo: Tango and Uniform, sending you 1
2024-10-14 17:40:31.049870 Kilo: Tango, sending you 3
2024-10-14 17:40:31.051668 Uniform: Zulu and Kilo, sending you 3
2024-10-14 17:40:31.053110 November: Sierra and Whiskey, sending you 5
2024-10-14 17:40:31.053801 Romeo: Zulu and Foxtrot, sending you 2
2024-10-14 17:40:31.055063 Tango: Zulu, Uniform, Kilo and Foxtrot, sending you 2
2024-10-14 17:40:31.055933 Kilo: Zulu, Uniform, Romeo and Foxtrot, sending you 4
2024-10-14 17:40:31.056978 Uniform: Romeo and Foxtrot, sending you 1
2024-10-14 17:40:31.057899 November: Hotel, sending you 7
2024-10-14 17:40:31.059003 Tango: Romeo, sending you 1
2024-10-14 17:40:31.059831 Romeo: Kilo, sending you 4
2024-10-14 17:40:31.060676 Whiskey: Tango, November and Sierra, sending you 4
2024-10-14 17:40:31.061256 Foxtrot: Tango and Romeo, sending you 3
2024-10-14 17:40:31.064295 Hotel: November, sending you 7
2024-10-14 17:40:31.065656 Whiskey: Hotel, sending you 5
2024-10-14 17:40:31.066080 Foxtrot: Zulu and Kilo, sending you 4
2024-10-14 17:40:31.069681 Hotel: Sierra and Whiskey, sending you 6
2024-10-14 17:40:31.070152 Foxtrot: Uniform, sending you 2
chatterbot Sierra submitting transactions
chatterbot Foxtrot submitting transactions
chatterbot November submitting transactions
chatterbot Kilo submitting transactions
chatterbot Tango submitting transactions
chatterbot Uniform submitting transactions
chatterbot Zulu submitting transactions
chatterbot Whiskey submitting transactions
chatterbot Hotel submitting transactions
chatterbot Romeo submitting transactions
ChatterBot Tango round 11
ChatterBot November round 11
ChatterBot Zulu round 11
ChatterBot Uniform round 11
ChatterBot Sierra round 11
ChatterBot Romeo round 11
ChatterBot Kilo round 11
ChatterBot Whiskey round 11
ChatterBot Hotel round 11
ChatterBot Foxtrot round 11
2024-10-14 17:40:32.286661 Tango: Zulu, Uniform, Kilo and Foxtrot, sending you 2
2024-10-14 17:40:32.289646 Tango: Romeo, sending you 1
2024-10-14 17:40:32.295681 November: Sierra and Whiskey, sending you 6
2024-10-14 17:40:32.297681 Sierra: Tango, sending you 2
2024-10-14 17:40:32.298680 Hotel: November, sending you 7
2024-10-14 17:40:32.299706 Zulu: Tango, Uniform, Romeo and Foxtrot, sending you 3
2024-10-14 17:40:32.300647 November: Hotel, sending you 8
2024-10-14 17:40:32.301359 Whiskey: Tango, November and Sierra, sending you 4
2024-10-14 17:40:32.301882 Sierra: November and Hotel, sending you 5
2024-10-14 17:40:32.302689 Foxtrot: Tango and Romeo, sending you 3
2024-10-14 17:40:32.304009 Hotel: Sierra and Whiskey, sending you 6
2024-10-14 17:40:32.304446 Romeo: Tango and Uniform, sending you 1
2024-10-14 17:40:32.305303 Uniform: Tango and Zulu, sending you 2
2024-10-14 17:40:32.306167 Zulu: Kilo, sending you 5
2024-10-14 17:40:32.306884 Sierra: Whiskey, sending you 4
2024-10-14 17:40:32.307236 Whiskey: Hotel, sending you 5
2024-10-14 17:40:32.307687 Kilo: Tango, sending you 3
2024-10-14 17:40:32.308581 Foxtrot: Zulu and Kilo, sending you 4
2024-10-14 17:40:32.309344 Uniform: Romeo and Foxtrot, sending you 1
2024-10-14 17:40:32.310286 Romeo: Zulu and Foxtrot, sending you 2
2024-10-14 17:40:32.312665 Kilo: Zulu, Uniform, Romeo and Foxtrot, sending you 4
2024-10-14 17:40:32.313390 Uniform: Kilo, sending you 4
2024-10-14 17:40:32.314013 Foxtrot: Uniform, sending you 2
2024-10-14 17:40:32.315208 Romeo: Kilo, sending you 4
