ChatterBot X-ray round 1
ChatterBot Lima round 1
ChatterBot November round 1
ChatterBot Juliett round 1
ChatterBot Whiskey round 1
ChatterBot Foxtrot round 1
ChatterBot Papa round 1
ChatterBot Bravo round 1
ChatterBot Sierra round 1
ChatterBot Echo round 1
randomSelections Whiskey: {Whiskey, Echo, Juliett, Lima, Foxtrot, November} 
2024-10-14 21:07:42.728806 Whiskey: Can we be friends?
ChatterBot Echo reevaluating
ChatterBot Juliett reevaluating
ChatterBot Lima reevaluating
ChatterBot Foxtrot reevaluating
ChatterBot November reevaluating
2024-10-14 21:07:42.738954 Echo: Yes
2024-10-14 21:07:42.739093 Juliett: Yes
2024-10-14 21:07:42.739929 Lima: Yes
2024-10-14 21:07:42.740046 Foxtrot: Yes
2024-10-14 21:07:42.740142 November: Yes
ChatterBot Juliett reevaluating
ChatterBot Lima reevaluating
ChatterBot Foxtrot reevaluating
ChatterBot November reevaluating
ChatterBot Echo reevaluating
ChatterBot Lima reevaluating
ChatterBot Foxtrot reevaluating
ChatterBot November reevaluating
ChatterBot Echo reevaluating
ChatterBot Juliett reevaluating
ChatterBot Foxtrot reevaluating
ChatterBot November reevaluating
ChatterBot Echo reevaluating
ChatterBot Juliett reevaluating
ChatterBot Lima reevaluating
ChatterBot November reevaluating
ChatterBot Echo reevaluating
ChatterBot Juliett reevaluating
ChatterBot Lima reevaluating
ChatterBot Foxtrot reevaluating
randomSelections Bravo: {Bravo, Foxtrot, November, Echo, Sierra, Juliett, Papa, X-ray} 
2024-10-14 21:07:42.786394 Bravo: Let's form a team
ChatterBot Foxtrot reevaluating
ChatterBot November reevaluating
ChatterBot Echo reevaluating
ChatterBot Sierra reevaluating
ChatterBot Juliett reevaluating
ChatterBot Papa reevaluating
ChatterBot X-ray reevaluating
2024-10-14 21:07:42.796866 Foxtrot: No
2024-10-14 21:07:42.797035 November: No
2024-10-14 21:07:42.797247 Echo: No
2024-10-14 21:07:42.797374 Sierra: Yes
2024-10-14 21:07:42.797468 Juliett: No
2024-10-14 21:07:42.797610 Papa: Yes
2024-10-14 21:07:42.798175 X-ray: Yes
ChatterBot November reevaluating
ChatterBot Echo reevaluating
ChatterBot Sierra reevaluating
ChatterBot Juliett reevaluating
ChatterBot Papa reevaluating
ChatterBot X-ray reevaluating
ChatterBot Foxtrot reevaluating
ChatterBot Echo reevaluating
ChatterBot Sierra reevaluating
ChatterBot Juliett reevaluating
ChatterBot Papa reevaluating
ChatterBot X-ray reevaluating
ChatterBot Foxtrot reevaluating
ChatterBot November reevaluating
ChatterBot Sierra reevaluating
ChatterBot Juliett reevaluating
ChatterBot Papa reevaluating
ChatterBot X-ray reevaluating
ChatterBot Foxtrot reevaluating
ChatterBot November reevaluating
ChatterBot Echo reevaluating
ChatterBot Juliett reevaluating
ChatterBot Papa reevaluating
ChatterBot X-ray reevaluating
ChatterBot Foxtrot reevaluating
ChatterBot November reevaluating
ChatterBot Echo reevaluating
ChatterBot Sierra reevaluating
ChatterBot Papa reevaluating
ChatterBot X-ray reevaluating
ChatterBot Foxtrot reevaluating
ChatterBot November reevaluating
ChatterBot Echo reevaluating
ChatterBot Sierra reevaluating
ChatterBot Juliett reevaluating
ChatterBot X-ray reevaluating
ChatterBot Foxtrot reevaluating
ChatterBot November reevaluating
ChatterBot Echo reevaluating
ChatterBot Sierra reevaluating
ChatterBot Juliett reevaluating
ChatterBot Papa reevaluating
2024-10-14 21:07:42.878758 Whiskey: Lima, sending you 5
2024-10-14 21:07:42.882674 Foxtrot: Lima and Juliett, sending you 3
2024-10-14 21:07:42.883449 Whiskey: November, sending you 3
2024-10-14 21:07:42.885983 Papa: X-ray, Juliett, Bravo and Echo, sending you 3
2024-10-14 21:07:42.886479 Foxtrot: November and Whiskey, sending you 2
2024-10-14 21:07:42.886811 Whiskey: Juliett and Foxtrot, sending you 1
2024-10-14 21:07:42.887195 Juliett: Lima and November, sending you 3
2024-10-14 21:07:42.888701 Papa: November and Sierra, sending you 2
2024-10-14 21:07:42.891020 Foxtrot: Echo, sending you 4
2024-10-14 21:07:42.891318 Juliett: Whiskey and Foxtrot, sending you 2
2024-10-14 21:07:42.891718 Bravo: X-ray and Echo, sending you 1
2024-10-14 21:07:42.892201 Papa: Foxtrot, sending you 1
2024-10-14 21:07:42.892676 Lima: Echo, sending you 1
2024-10-14 21:07:42.893698 Sierra: X-ray and Bravo, sending you 2
2024-10-14 21:07:42.894667 November: Lima, sending you 3
2024-10-14 21:07:42.896125 Juliett: Echo, sending you 1
2024-10-14 21:07:42.896492 Echo: Lima, Juliett and Foxtrot, sending you 1
2024-10-14 21:07:42.896787 Bravo: November, sending you 3
2024-10-14 21:07:42.897062 Sierra: November and Foxtrot, sending you 1
2024-10-14 21:07:42.898691 November: Juliett and Echo, sending you 1
2024-10-14 21:07:42.899108 X-ray: November, sending you 1
2024-10-14 21:07:42.900700 Bravo: Juliett and Sierra, sending you 2
2024-10-14 21:07:42.901745 Echo: November, sending you 2
2024-10-14 21:07:42.902666 X-ray: Juliett and Papa, sending you 4
2024-10-14 21:07:42.903729 November: Whiskey, sending you 5
2024-10-14 21:07:42.905684 Echo: Whiskey, sending you 4
2024-10-14 21:07:42.906090 X-ray: Foxtrot, Sierra and Echo, sending you 2
2024-10-14 21:07:42.906693 Bravo: Foxtrot and Papa, sending you 4
2024-10-14 21:07:42.907697 November: Foxtrot, sending you 4
2024-10-14 21:07:42.908717 X-ray: Bravo, sending you 3
chatterbot Bravo submitting transactions
chatterbot November submitting transactions
chatterbot Foxtrot submitting transactions
chatterbot Papa submitting transactions
chatterbot Juliett submitting transactions
chatterbot Echo submitting transactions
chatterbot Lima submitting transactions
chatterbot Whiskey submitting transactions
chatterbot X-ray submitting transactions
chatterbot Sierra submitting transactions
ChatterBot X-ray round 2
ChatterBot Lima round 2
ChatterBot November round 2
ChatterBot Juliett round 2
ChatterBot Whiskey round 2
2024-10-14 21:07:47.235256 November: Can we be friends?
ChatterBot Lima reevaluating
ChatterBot Juliett reevaluating
ChatterBot Whiskey reevaluating
ChatterBot Foxtrot reevaluating
ChatterBot Echo reevaluating
ChatterBot X-ray reevaluating
ChatterBot Papa reevaluating
ChatterBot Bravo reevaluating
ChatterBot Sierra reevaluating
2024-10-14 21:07:47.340598 Lima: No
2024-10-14 21:07:47.341511 Juliett: No
2024-10-14 21:07:47.341741 Whiskey: No
2024-10-14 21:07:47.341951 Foxtrot: No
2024-10-14 21:07:47.342166 Echo: No
2024-10-14 21:07:47.342389 X-ray: No
2024-10-14 21:07:47.342579 Papa: No
2024-10-14 21:07:47.343305 Bravo: No
2024-10-14 21:07:47.343530 Sierra: No
ChatterBot Juliett reevaluating
ChatterBot Whiskey reevaluating
ChatterBot Foxtrot reevaluating
ChatterBot Echo reevaluating
ChatterBot X-ray reevaluating
ChatterBot Papa reevaluating
ChatterBot Bravo reevaluating
ChatterBot Sierra reevaluating
ChatterBot Lima reevaluating
ChatterBot Whiskey reevaluating
ChatterBot Foxtrot reevaluating
ChatterBot Echo reevaluating
ChatterBot X-ray reevaluating
ChatterBot Papa reevaluating
ChatterBot Bravo reevaluating
ChatterBot Sierra reevaluating
ChatterBot Lima reevaluating
ChatterBot Juliett reevaluating
ChatterBot Foxtrot reevaluating
ChatterBot Echo reevaluating
ChatterBot X-ray reevaluating
ChatterBot Papa reevaluating
ChatterBot Bravo reevaluating
ChatterBot Sierra reevaluating
ChatterBot Lima reevaluating
ChatterBot Juliett reevaluating
ChatterBot Whiskey reevaluating
ChatterBot Echo reevaluating
ChatterBot X-ray reevaluating
ChatterBot Papa reevaluating
ChatterBot Bravo reevaluating
ChatterBot Sierra reevaluating
ChatterBot Lima reevaluating
ChatterBot Juliett reevaluating
ChatterBot Whiskey reevaluating
ChatterBot Foxtrot reevaluating
ChatterBot X-ray reevaluating
ChatterBot Papa reevaluating
ChatterBot Bravo reevaluating
ChatterBot Sierra reevaluating
ChatterBot Lima reevaluating
ChatterBot Juliett reevaluating
ChatterBot Whiskey reevaluating
ChatterBot Foxtrot reevaluating
ChatterBot Echo reevaluating
ChatterBot Papa reevaluating
ChatterBot Bravo reevaluating
ChatterBot Sierra reevaluating
ChatterBot Lima reevaluating
ChatterBot Juliett reevaluating
ChatterBot Whiskey reevaluating
ChatterBot Foxtrot reevaluating
ChatterBot Echo reevaluating
ChatterBot X-ray reevaluating
ChatterBot Bravo reevaluating
ChatterBot Sierra reevaluating
ChatterBot Lima reevaluating
ChatterBot Juliett reevaluating
ChatterBot Whiskey reevaluating
ChatterBot Foxtrot reevaluating
ChatterBot Echo reevaluating
ChatterBot X-ray reevaluating
ChatterBot Papa reevaluating
ChatterBot Sierra reevaluating
ChatterBot Lima reevaluating
ChatterBot Juliett reevaluating
ChatterBot Whiskey reevaluating
ChatterBot Foxtrot reevaluating
ChatterBot Echo reevaluating
ChatterBot X-ray reevaluating
ChatterBot Papa reevaluating
ChatterBot Bravo reevaluating
ChatterBot Foxtrot round 2
ChatterBot Papa round 2
ChatterBot Bravo round 2
ChatterBot Sierra round 2
ChatterBot Echo round 2
2024-10-14 21:07:48.193894 Sierra: Friends?
ChatterBot Bravo reevaluating
2024-10-14 21:07:48.207008 X-ray: No
2024-10-14 21:07:48.207812 Papa: No
2024-10-14 21:07:48.207967 Bravo: Yes
2024-10-14 21:07:48.208104 November: Yes
ChatterBot Bravo reevaluating
ChatterBot Bravo reevaluating
ChatterBot Bravo reevaluating
2024-10-14 21:07:48.274914 Whiskey: We should drop Lima
2024-10-14 21:07:48.286699 November: No
2024-10-14 21:07:48.286902 Juliett: No
2024-10-14 21:07:48.287097 Foxtrot: No
2024-10-14 21:07:48.287231 Echo: No
ChatterBot Whiskey reevaluating
ChatterBot Whiskey reevaluating
ChatterBot Whiskey reevaluating
2024-10-14 21:07:48.450162 Lima: Whiskey, sending you 1
2024-10-14 21:07:48.451016 November: X-ray and Sierra, sending you 1
2024-10-14 21:07:48.452346 Juliett: November, Whiskey and Echo, sending you 2
2024-10-14 21:07:48.452842 X-ray: Papa and Bravo, sending you 4
2024-10-14 21:07:48.455675 November: Juliett, Whiskey, Foxtrot, Papa, Bravo and Echo, sending you 2
2024-10-14 21:07:48.456689 Juliett: Foxtrot, sending you 5
2024-10-14 21:07:48.457880 X-ray: Sierra, sending you 5
2024-10-14 21:07:48.458685 Papa: X-ray and Bravo, sending you 6
2024-10-14 21:07:48.459831 Echo: Lima, November and Juliett, sending you 3
2024-10-14 21:07:48.461698 Sierra: X-ray, Papa and Bravo, sending you 2
2024-10-14 21:07:48.462673 Papa: Sierra, sending you 5
2024-10-14 21:07:48.463779 Echo: Whiskey, sending you 2
2024-10-14 21:07:48.465232 Foxtrot: Lima, sending you 2
2024-10-14 21:07:48.468678 Bravo: X-ray and Papa, sending you 5
2024-10-14 21:07:48.469711 Echo: Foxtrot, sending you 6
2024-10-14 21:07:48.470919 Foxtrot: November, sending you 6
2024-10-14 21:07:48.473708 Bravo: November, sending you 3
2024-10-14 21:07:48.474866 Foxtrot: Juliett, sending you 4
2024-10-14 21:07:48.476078 Whiskey: Lima, sending you 2
2024-10-14 21:07:48.478026 Bravo: Sierra, sending you 4
2024-10-14 21:07:48.479938 Foxtrot: Whiskey and Echo, sending you 3
2024-10-14 21:07:48.480678 Whiskey: November, sending you 5
2024-10-14 21:07:48.486682 Whiskey: Juliett and Foxtrot, sending you 3
2024-10-14 21:07:48.490928 Whiskey: Echo, sending you 4
chatterbot Foxtrot submitting transactions
chatterbot Juliett submitting transactions
chatterbot Whiskey submitting transactions
chatterbot Papa submitting transactions
chatterbot November submitting transactions
chatterbot Bravo submitting transactions
chatterbot Echo submitting transactions
chatterbot X-ray submitting transactions
chatterbot Sierra submitting transactions
chatterbot Lima submitting transactions
ChatterBot X-ray round 3
ChatterBot Lima round 3
ChatterBot November round 3
ChatterBot Juliett round 3
ChatterBot Whiskey round 3
ChatterBot Foxtrot round 3
ChatterBot Papa round 3
ChatterBot Bravo round 3
ChatterBot Sierra round 3
ChatterBot Echo round 3
2024-10-14 21:07:49.573965 November: We should drop Lima
ChatterBot Echo reevaluating
2024-10-14 21:07:49.623053 Juliett: Yes
2024-10-14 21:07:49.623526 Whiskey: No
2024-10-14 21:07:49.624696 Foxtrot: No
2024-10-14 21:07:49.624974 Echo: Yes
2024-10-14 21:07:49.625393 X-ray: Yes
2024-10-14 21:07:49.626528 Papa: Yes
2024-10-14 21:07:49.627016 Bravo: Yes
2024-10-14 21:07:49.628047 Sierra: Yes
ChatterBot Foxtrot reevaluating
ChatterBot Echo reevaluating
ChatterBot Foxtrot reevaluating
ChatterBot Echo reevaluating
ChatterBot Echo reevaluating
ChatterBot Foxtrot reevaluating
ChatterBot Foxtrot reevaluating
ChatterBot Echo reevaluating
ChatterBot Foxtrot reevaluating
ChatterBot Echo reevaluating
ChatterBot Foxtrot reevaluating
ChatterBot Echo reevaluating
ChatterBot Foxtrot reevaluating
ChatterBot Echo reevaluating
2024-10-14 21:07:49.921673 Lima: Whiskey, sending you 1
2024-10-14 21:07:49.925693 X-ray: Papa and Bravo, sending you 4
2024-10-14 21:07:49.931058 November: X-ray, Papa and Sierra, sending you 1
2024-10-14 21:07:49.931552 X-ray: Sierra, sending you 5
2024-10-14 21:07:49.932692 Papa: X-ray and Bravo, sending you 6
2024-10-14 21:07:49.935882 November: Juliett, Whiskey, Bravo and Echo, sending you 2
2024-10-14 21:07:49.936715 Bravo: X-ray, November and Sierra, sending you 4
2024-10-14 21:07:49.937209 Papa: Sierra, sending you 5
2024-10-14 21:07:49.938675 Sierra: X-ray, Papa and Bravo, sending you 2
2024-10-14 21:07:49.939706 November: Foxtrot, sending you 3
2024-10-14 21:07:49.940264 Juliett: November, sending you 1
2024-10-14 21:07:49.940996 Bravo: Papa, sending you 5
2024-10-14 21:07:49.941251 Whiskey: Lima, sending you 2
2024-10-14 21:07:49.942676 Echo: November, Juliett and Whiskey, sending you 4
2024-10-14 21:07:49.943673 Juliett: Whiskey and Echo, sending you 3
2024-10-14 21:07:49.944018 Whiskey: November, Foxtrot and Echo, sending you 4
2024-10-14 21:07:49.944739 Foxtrot: November and Whiskey, sending you 4
2024-10-14 21:07:49.946702 Echo: Foxtrot, sending you 5
2024-10-14 21:07:49.947012 Whiskey: Juliett, sending you 3
2024-10-14 21:07:49.947684 Foxtrot: Juliett and Echo, sending you 5
2024-10-14 21:07:49.948684 Juliett: Foxtrot, sending you 4
chatterbot Lima submitting transactions
chatterbot Whiskey submitting transactions
chatterbot November submitting transactions
chatterbot Foxtrot submitting transactions
chatterbot Papa submitting transactions
chatterbot Juliett submitting transactions
chatterbot Echo submitting transactions
chatterbot Bravo submitting transactions
chatterbot X-ray submitting transactions
chatterbot Sierra submitting transactions
ChatterBot X-ray round 4
ChatterBot Lima round 4
ChatterBot November round 4
ChatterBot Juliett round 4
ChatterBot Whiskey round 4
ChatterBot Foxtrot round 4
ChatterBot Papa round 4
ChatterBot Bravo round 4
ChatterBot Sierra round 4
ChatterBot Echo round 4
2024-10-14 21:07:50.951680 November: X-ray, Papa and Sierra, sending you 1
2024-10-14 21:07:50.952319 Whiskey: Lima, sending you 2
2024-10-14 21:07:50.952854 X-ray: Papa and Bravo, sending you 4
2024-10-14 21:07:50.955661 X-ray: Sierra, sending you 5
2024-10-14 21:07:50.956663 November: Juliett, Whiskey, Bravo and Echo, sending you 2
2024-10-14 21:07:50.957443 Whiskey: November, Foxtrot and Echo, sending you 4
2024-10-14 21:07:50.957950 Lima: Whiskey, sending you 1
2024-10-14 21:07:50.960080 November: Foxtrot, sending you 3
2024-10-14 21:07:50.960872 Whiskey: Juliett, sending you 3
2024-10-14 21:07:50.964665 Juliett: November and Whiskey, sending you 2
2024-10-14 21:07:50.965532 Papa: X-ray and Bravo, sending you 6
2024-10-14 21:07:50.967894 Foxtrot: November and Whiskey, sending you 4
2024-10-14 21:07:50.968674 Juliett: Foxtrot, sending you 4
2024-10-14 21:07:50.970662 Papa: Sierra, sending you 5
2024-10-14 21:07:50.971044 Foxtrot: Juliett and Echo, sending you 5
2024-10-14 21:07:50.971674 Sierra: X-ray, Papa and Bravo, sending you 2
2024-10-14 21:07:50.972003 Juliett: Echo, sending you 3
2024-10-14 21:07:50.972870 Bravo: X-ray, November and Sierra, sending you 4
2024-10-14 21:07:50.974687 Echo: November, Juliett and Whiskey, sending you 4
2024-10-14 21:07:50.977351 Bravo: Papa, sending you 5
2024-10-14 21:07:50.980678 Echo: Foxtrot, sending you 5
chatterbot Whiskey submitting transactions
chatterbot Echo submitting transactions
chatterbot Bravo submitting transactions
chatterbot Juliett submitting transactions
chatterbot November submitting transactions
chatterbot Sierra submitting transactions
chatterbot Papa submitting transactions
chatterbot X-ray submitting transactions
chatterbot Foxtrot submitting transactions
chatterbot Lima submitting transactions
ChatterBot X-ray round 5
ChatterBot Lima round 5
ChatterBot November round 5
ChatterBot Juliett round 5
ChatterBot Whiskey round 5
ChatterBot Foxtrot round 5
ChatterBot Papa round 5
ChatterBot Bravo round 5
ChatterBot Sierra round 5
ChatterBot Echo round 5
2024-10-14 21:07:52.244653 Lima: Whiskey, sending you 1
2024-10-14 21:07:52.247672 X-ray: Papa and Bravo, sending you 4
2024-10-14 21:07:52.248146 November: X-ray, Papa and Sierra, sending you 1
2024-10-14 21:07:52.248839 Bravo: X-ray, November and Sierra, sending you 4
2024-10-14 21:07:52.250688 Papa: X-ray and Bravo, sending you 6
2024-10-14 21:07:52.251142 X-ray: Sierra, sending you 5
2024-10-14 21:07:52.251677 Echo: November, Juliett and Whiskey, sending you 4
2024-10-14 21:07:52.253688 November: Juliett, Whiskey, Bravo and Echo, sending you 2
2024-10-14 21:07:52.254180 Bravo: Papa, sending you 5
2024-10-14 21:07:52.255678 Whiskey: Lima, November and Juliett, sending you 3
2024-10-14 21:07:52.256341 Papa: Sierra, sending you 5
2024-10-14 21:07:52.256703 Echo: Foxtrot, sending you 5
2024-10-14 21:07:52.257303 Juliett: November and Whiskey, sending you 2
2024-10-14 21:07:52.257813 Foxtrot: November and Whiskey, sending you 4
2024-10-14 21:07:52.258645 Sierra: X-ray, Papa and Bravo, sending you 2
2024-10-14 21:07:52.258978 November: Foxtrot, sending you 3
2024-10-14 21:07:52.260683 Whiskey: Foxtrot and Echo, sending you 4
2024-10-14 21:07:52.262678 Juliett: Foxtrot, sending you 4
2024-10-14 21:07:52.263088 Foxtrot: Juliett and Echo, sending you 5
2024-10-14 21:07:52.266677 Juliett: Echo, sending you 3
chatterbot X-ray submitting transactions
chatterbot Juliett submitting transactions
chatterbot Whiskey submitting transactions
chatterbot Lima submitting transactions
chatterbot Bravo submitting transactions
chatterbot Sierra submitting transactions
chatterbot November submitting transactions
chatterbot Echo submitting transactions
chatterbot Papa submitting transactions
chatterbot Foxtrot submitting transactions
ChatterBot X-ray round 6
ChatterBot Lima round 6
ChatterBot November round 6
ChatterBot Juliett round 6
ChatterBot Whiskey round 6
ChatterBot Foxtrot round 6
ChatterBot Papa round 6
ChatterBot Bravo round 6
ChatterBot Sierra round 6
ChatterBot Echo round 6
2024-10-14 21:07:53.509677 Lima: Whiskey, sending you 1
2024-10-14 21:07:53.516695 Juliett: November and Whiskey, sending you 2
2024-10-14 21:07:53.517685 X-ray: Papa and Bravo, sending you 4
2024-10-14 21:07:53.518578 Foxtrot: November and Whiskey, sending you 4
2024-10-14 21:07:53.519688 Whiskey: Lima, November and Juliett, sending you 3
2024-10-14 21:07:53.520154 Sierra: X-ray, Papa and Bravo, sending you 2
2024-10-14 21:07:53.520488 Juliett: Foxtrot, sending you 4
2024-10-14 21:07:53.521586 Bravo: X-ray, November and Sierra, sending you 4
2024-10-14 21:07:53.521935 Foxtrot: Juliett and Echo, sending you 5
2024-10-14 21:07:53.522673 X-ray: Sierra, sending you 5
2024-10-14 21:07:53.523004 Whiskey: Foxtrot and Echo, sending you 4
2024-10-14 21:07:53.524678 Papa: X-ray and Bravo, sending you 6
2024-10-14 21:07:53.525705 Juliett: Echo, sending you 3
2024-10-14 21:07:53.526578 Echo: November, Juliett and Whiskey, sending you 4
2024-10-14 21:07:53.527110 Bravo: Papa, sending you 5
2024-10-14 21:07:53.528967 November: X-ray, Papa and Sierra, sending you 1
2024-10-14 21:07:53.529576 Papa: Sierra, sending you 5
2024-10-14 21:07:53.529998 Echo: Foxtrot, sending you 5
2024-10-14 21:07:53.532707 November: Juliett, Whiskey, Bravo and Echo, sending you 2
2024-10-14 21:07:53.536654 November: Foxtrot, sending you 3
chatterbot Bravo submitting transactions
chatterbot X-ray submitting transactions
chatterbot Papa submitting transactions
chatterbot Sierra submitting transactions
chatterbot Juliett submitting transactions
chatterbot Foxtrot submitting transactions
chatterbot November submitting transactions
chatterbot Whiskey submitting transactions
chatterbot Lima submitting transactions
chatterbot Echo submitting transactions
ChatterBot X-ray round 7
ChatterBot Lima round 7
ChatterBot November round 7
ChatterBot Juliett round 7
ChatterBot Whiskey round 7
ChatterBot Foxtrot round 7
ChatterBot Papa round 7
ChatterBot Bravo round 7
ChatterBot Sierra round 7
ChatterBot Echo round 7
2024-10-14 21:07:54.698888 X-ray: Papa, sending you 3
2024-10-14 21:07:54.699655 Juliett: November and Whiskey, sending you 2
2024-10-14 21:07:54.703703 X-ray: Bravo, sending you 4
2024-10-14 21:07:54.704094 Juliett: Foxtrot, sending you 4
2024-10-14 21:07:54.704683 Foxtrot: November and Whiskey, sending you 4
2024-10-14 21:07:54.706725 November: X-ray, Papa and Sierra, sending you 1
2024-10-14 21:07:54.708146 X-ray: Sierra, sending you 5
2024-10-14 21:07:54.708562 Foxtrot: Juliett and Echo, sending you 5
2024-10-14 21:07:54.709011 Juliett: Echo, sending you 3
2024-10-14 21:07:54.709687 Papa: X-ray and Bravo, sending you 6
2024-10-14 21:07:54.710673 Echo: November, Juliett and Whiskey, sending you 4
2024-10-14 21:07:54.712676 November: Juliett, Whiskey, Bravo and Echo, sending you 2
2024-10-14 21:07:54.713665 Whiskey: Foxtrot and Echo, sending you 1
2024-10-14 21:07:54.714143 Bravo: X-ray, November and Sierra, sending you 4
2024-10-14 21:07:54.714484 Papa: Sierra, sending you 5
2024-10-14 21:07:54.715909 Echo: Foxtrot, sending you 5
2024-10-14 21:07:54.716356 Lima: Whiskey, sending you 1
2024-10-14 21:07:54.716858 November: Foxtrot, sending you 3
2024-10-14 21:07:54.718694 Bravo: Papa, sending you 5
2024-10-14 21:07:54.719079 Sierra: X-ray, Papa and Bravo, sending you 2
chatterbot November submitting transactions
chatterbot Whiskey submitting transactions
chatterbot Foxtrot submitting transactions
chatterbot Papa submitting transactions
chatterbot X-ray submitting transactions
chatterbot Sierra submitting transactions
chatterbot Bravo submitting transactions
chatterbot Lima submitting transactions
chatterbot Echo submitting transactions
chatterbot Juliett submitting transactions
ChatterBot X-ray round 8
ChatterBot Lima round 8
ChatterBot November round 8
ChatterBot Juliett round 8
ChatterBot Whiskey round 8
ChatterBot Foxtrot round 8
ChatterBot Papa round 8
2024-10-14 21:07:55.941522 Juliett: We should add Lima
ChatterBot Foxtrot reevaluating
2024-10-14 21:07:55.955310 Whiskey: Yes
2024-10-14 21:07:55.955473 November: No
2024-10-14 21:07:55.955599 Foxtrot: No
2024-10-14 21:07:55.955728 Echo: No
ChatterBot Foxtrot reevaluating
ChatterBot Foxtrot reevaluating
ChatterBot Juliett reevaluating
ChatterBot Whiskey reevaluating
ChatterBot Juliett reevaluating
ChatterBot Foxtrot reevaluating
2024-10-14 21:07:56.125994 Foxtrot: We should add Bravo
2024-10-14 21:07:56.126503 Whiskey: We should replace Lima with Bravo
ChatterBot Whiskey reevaluating
ChatterBot Juliett reevaluating
2024-10-14 21:07:56.145776 Whiskey: No
2024-10-14 21:07:56.146176 November: Yes
2024-10-14 21:07:56.149504 Juliett: Yes
ChatterBot Juliett reevaluating
ChatterBot Foxtrot reevaluating
2024-10-14 21:07:56.159109 Echo: No
2024-10-14 21:07:56.162935 November: Yes
2024-10-14 21:07:56.163217 Juliett: Yes
2024-10-14 21:07:56.163405 Foxtrot: Yes
2024-10-14 21:07:56.163609 Echo: No
ChatterBot Juliett reevaluating
ChatterBot Foxtrot reevaluating
ChatterBot Whiskey reevaluating
ChatterBot Juliett reevaluating
ChatterBot Foxtrot reevaluating
ChatterBot Whiskey reevaluating
ChatterBot Foxtrot reevaluating
ChatterBot Whiskey reevaluating
ChatterBot Juliett reevaluating
ChatterBot Foxtrot reevaluating
ChatterBot Whiskey reevaluating
ChatterBot Juliett reevaluating
ChatterBot Foxtrot reevaluating
ChatterBot Whiskey reevaluating
ChatterBot Foxtrot reevaluating
ChatterBot Whiskey reevaluating
ChatterBot Juliett reevaluating
ChatterBot Whiskey reevaluating
ChatterBot Juliett reevaluating
ChatterBot Foxtrot reevaluating
2024-10-14 21:07:56.292729 Papa: We should add November
2024-10-14 21:07:56.302050 X-ray: No
2024-10-14 21:07:56.302194 Bravo: Yes
2024-10-14 21:07:56.302296 Sierra: Yes
ChatterBot Bravo round 8
ChatterBot Sierra round 8
ChatterBot Echo round 8
2024-10-14 21:07:56.348555 Juliett: We should add Papa
ChatterBot Whiskey reevaluating
ChatterBot Foxtrot reevaluating
2024-10-14 21:07:56.359935 Whiskey: No
2024-10-14 21:07:56.360080 November: Yes
2024-10-14 21:07:56.360191 Foxtrot: Yes
2024-10-14 21:07:56.360294 Echo: No
ChatterBot Juliett reevaluating
ChatterBot Foxtrot reevaluating
ChatterBot Whiskey reevaluating
ChatterBot Juliett reevaluating
ChatterBot Foxtrot reevaluating
ChatterBot Whiskey reevaluating
ChatterBot Juliett reevaluating
ChatterBot Whiskey reevaluating
ChatterBot Juliett reevaluating
ChatterBot Foxtrot reevaluating
2024-10-14 21:07:56.407060 Papa: November we want you to join our group
2024-10-14 21:07:56.409996 November: Yes
2024-10-14 21:07:56.442835 Foxtrot: Bravo we want you to join our group
2024-10-14 21:07:56.446978 Bravo: No
ChatterBot Juliett reevaluating
ChatterBot Whiskey reevaluating
2024-10-14 21:07:56.462648 X-ray: I was attacked by Whiskey
ChatterBot Papa reevaluating
ChatterBot Bravo reevaluating
ChatterBot Sierra reevaluating
2024-10-14 21:07:56.472611 X-ray: I'm keeping this round to protect myself
2024-10-14 21:07:56.473757 X-ray: Ow
2024-10-14 21:07:56.474281 Whiskey: Bravo we want you to join our group
ChatterBot Bravo reevaluating
2024-10-14 21:07:56.478124 Bravo: No
ChatterBot Foxtrot reevaluating
ChatterBot Juliett reevaluating
ChatterBot Whiskey reevaluating
2024-10-14 21:07:56.495234 Lima: Whiskey, sending you 1
2024-10-14 21:07:56.495925 November: X-ray, Papa and Sierra, sending you 1
2024-10-14 21:07:56.499681 November: Juliett, Whiskey, Bravo and Echo, sending you 2
2024-10-14 21:07:56.500814 Echo: November, Juliett and Whiskey, sending you 4
2024-10-14 21:07:56.501584 Juliett: Bravo we want you to join our group
ChatterBot Bravo reevaluating
2024-10-14 21:07:56.508070 Bravo: No
ChatterBot Foxtrot reevaluating
ChatterBot Juliett reevaluating
ChatterBot Whiskey reevaluating
2024-10-14 21:07:56.537366 Whiskey: We should replace Lima with Papa
ChatterBot Juliett reevaluating
ChatterBot Foxtrot reevaluating
2024-10-14 21:07:56.557146 November: Yes
2024-10-14 21:07:56.557303 Juliett: Yes
2024-10-14 21:07:56.557419 Foxtrot: Yes
2024-10-14 21:07:56.557529 Echo: No
ChatterBot Whiskey reevaluating
ChatterBot Juliett reevaluating
ChatterBot Foxtrot reevaluating
ChatterBot Whiskey reevaluating
ChatterBot Foxtrot reevaluating
ChatterBot Whiskey reevaluating
ChatterBot Juliett reevaluating
ChatterBot Whiskey reevaluating
ChatterBot Juliett reevaluating
ChatterBot Foxtrot reevaluating
2024-10-14 21:07:56.625450 November: Foxtrot, sending you 3
2024-10-14 21:07:56.626461 Echo: Foxtrot, sending you 5
2024-10-14 21:07:56.630067 Juliett: Papa we want you to join our group
ChatterBot Papa reevaluating
2024-10-14 21:07:56.635152 Papa: No
ChatterBot Juliett reevaluating
ChatterBot Whiskey reevaluating
ChatterBot Foxtrot reevaluating
2024-10-14 21:07:56.656643 Sierra: X-ray, Papa and Bravo, sending you 2
2024-10-14 21:07:56.660666 Foxtrot: Papa we want you to join our group
ChatterBot Papa reevaluating
2024-10-14 21:07:56.665342 Papa: No
ChatterBot Juliett reevaluating
ChatterBot Whiskey reevaluating
ChatterBot Foxtrot reevaluating
2024-10-14 21:07:56.685957 Bravo: X-ray, November and Sierra, sending you 4
chatterbot X-ray submitting transactions
2024-10-14 21:07:56.689690 Bravo: Papa, sending you 5
2024-10-14 21:07:56.709677 Whiskey: November and Juliett, sending you 3
2024-10-14 21:07:56.712679 Papa: X-ray, November and Sierra, sending you 4
2024-10-14 21:07:56.714014 Whiskey: Foxtrot, sending you 5
2024-10-14 21:07:56.715707 Papa: Bravo, sending you 5
2024-10-14 21:07:56.718683 Foxtrot: November and Juliett, sending you 4
2024-10-14 21:07:56.719579 Whiskey: Bravo, sending you 2
2024-10-14 21:07:56.720012 Juliett: November and Whiskey, sending you 2
2024-10-14 21:07:56.722680 Foxtrot: Whiskey, sending you 3
2024-10-14 21:07:56.723702 Whiskey: Echo, sending you 4
2024-10-14 21:07:56.724834 Juliett: Foxtrot, sending you 4
2024-10-14 21:07:56.726752 Foxtrot: Papa, sending you 2
2024-10-14 21:07:56.729101 Juliett: Echo, sending you 3
2024-10-14 21:07:56.730675 Foxtrot: Echo, sending you 5
chatterbot November submitting transactions
chatterbot Whiskey submitting transactions
chatterbot Foxtrot submitting transactions
chatterbot Bravo submitting transactions
chatterbot Juliett submitting transactions
chatterbot Lima submitting transactions
chatterbot Papa submitting transactions
chatterbot Sierra submitting transactions
chatterbot Echo submitting transactions
ChatterBot X-ray round 9
ChatterBot Lima round 9
ChatterBot November round 9
ChatterBot Juliett round 9
ChatterBot Whiskey round 9
ChatterBot Foxtrot round 9
ChatterBot Papa round 9
ChatterBot Bravo round 9
ChatterBot Sierra round 9
ChatterBot Echo round 9
2024-10-14 21:07:57.553664 Lima: Whiskey, sending you 1
2024-10-14 21:07:57.555707 Juliett: November and Whiskey, sending you 2
2024-10-14 21:07:57.558711 Foxtrot: November, Juliett, Whiskey and Echo, sending you 4
2024-10-14 21:07:57.561034 Juliett: Foxtrot, sending you 4
2024-10-14 21:07:57.561824 Whiskey: November and Juliett, sending you 3
2024-10-14 21:07:57.562386 Papa: X-ray, November and Sierra, sending you 4
2024-10-14 21:07:57.563011 Foxtrot: Papa, sending you 2
2024-10-14 21:07:57.564658 Whiskey: Foxtrot, sending you 4
2024-10-14 21:07:57.565682 Juliett: Echo, sending you 3
2024-10-14 21:07:57.566695 Sierra: X-ray, Papa and Bravo, sending you 2
2024-10-14 21:07:57.567769 Papa: Bravo, sending you 5
2024-10-14 21:07:57.568267 November: X-ray, Papa and Sierra, sending you 1
2024-10-14 21:07:57.568977 Bravo: X-ray, November and Sierra, sending you 4
2024-10-14 21:07:57.569697 Whiskey: Bravo, sending you 2
2024-10-14 21:07:57.571713 November: Juliett, Whiskey, Bravo and Echo, sending you 2
2024-10-14 21:07:57.572351 Bravo: Papa, sending you 5
2024-10-14 21:07:57.573756 Whiskey: Echo, sending you 5
2024-10-14 21:07:57.576915 November: Foxtrot, sending you 3
2024-10-14 21:07:57.577579 Echo: November, Juliett and Whiskey, sending you 4
2024-10-14 21:07:57.582691 Echo: Foxtrot, sending you 5
chatterbot November submitting transactions
chatterbot Lima submitting transactions
chatterbot Foxtrot submitting transactions
chatterbot Echo submitting transactions
chatterbot Bravo submitting transactions
chatterbot Papa submitting transactions
chatterbot Juliett submitting transactions
chatterbot Sierra submitting transactions
chatterbot X-ray submitting transactions
chatterbot Whiskey submitting transactions
ChatterBot X-ray round 10
ChatterBot Lima round 10
ChatterBot November round 10
ChatterBot Juliett round 10
ChatterBot Whiskey round 10
ChatterBot Foxtrot round 10
ChatterBot Papa round 10
ChatterBot Bravo round 10
ChatterBot Sierra round 10
ChatterBot Echo round 10
2024-10-14 21:07:58.606551 Whiskey: We should replace Bravo with Papa
ChatterBot Juliett reevaluating
2024-10-14 21:07:58.618704 November: No
2024-10-14 21:07:58.618918 Juliett: No
2024-10-14 21:07:58.619056 Foxtrot: Yes
2024-10-14 21:07:58.619178 Echo: No
ChatterBot Whiskey reevaluating
ChatterBot Juliett reevaluating
ChatterBot Whiskey reevaluating
ChatterBot Whiskey reevaluating
ChatterBot Juliett reevaluating
ChatterBot Whiskey reevaluating
ChatterBot Juliett reevaluating
2024-10-14 21:07:58.674717 Whiskey: Papa we want you to join our group
2024-10-14 21:07:58.677797 Papa: No
ChatterBot Juliett reevaluating
ChatterBot Whiskey reevaluating
2024-10-14 21:07:58.693680 Lima: Whiskey, sending you 1
2024-10-14 21:07:58.694413 Bravo: X-ray, November and Sierra, sending you 4
2024-10-14 21:07:58.695429 November: X-ray and Sierra, sending you 1
2024-10-14 21:07:58.696115 Papa: X-ray, November and Sierra, sending you 4
2024-10-14 21:07:58.696632 Foxtrot: November, Juliett, Whiskey and Echo, sending you 4
2024-10-14 21:07:58.697174 Sierra: X-ray and November, sending you 1
2024-10-14 21:07:58.697634 Echo: November, Juliett and Whiskey, sending you 4
2024-10-14 21:07:58.698237 Bravo: Papa, sending you 5
2024-10-14 21:07:58.699879 Juliett: We should drop Papa
ChatterBot Whiskey reevaluating
ChatterBot Foxtrot reevaluating
2024-10-14 21:07:58.714221 Whiskey: Yes
2024-10-14 21:07:58.714418 November: No
2024-10-14 21:07:58.714555 Foxtrot: Yes
2024-10-14 21:07:58.714725 Echo: Yes
ChatterBot Juliett reevaluating
ChatterBot Foxtrot reevaluating
ChatterBot Whiskey reevaluating
ChatterBot Juliett reevaluating
ChatterBot Foxtrot reevaluating
ChatterBot Whiskey reevaluating
ChatterBot Juliett reevaluating
ChatterBot Whiskey reevaluating
ChatterBot Juliett reevaluating
ChatterBot Foxtrot reevaluating
2024-10-14 21:07:58.769132 November: Juliett, Whiskey, Foxtrot, Papa, Bravo and Echo, sending you 2
2024-10-14 21:07:58.769963 Papa: Bravo, sending you 5
2024-10-14 21:07:58.770429 Echo: Foxtrot, sending you 5
2024-10-14 21:07:58.771476 Sierra: Papa and Bravo, sending you 2
2024-10-14 21:07:58.774887 Juliett: We should replace Papa with Bravo
ChatterBot Whiskey reevaluating
ChatterBot Foxtrot reevaluating
2024-10-14 21:07:58.799888 Whiskey: Yes
2024-10-14 21:07:58.800160 November: No
2024-10-14 21:07:58.800383 Foxtrot: Yes
2024-10-14 21:07:58.800611 Echo: No
ChatterBot Juliett reevaluating
ChatterBot Foxtrot reevaluating
ChatterBot Whiskey reevaluating
ChatterBot Juliett reevaluating
ChatterBot Foxtrot reevaluating
ChatterBot Whiskey reevaluating
ChatterBot Juliett reevaluating
ChatterBot Whiskey reevaluating
ChatterBot November reevaluating
ChatterBot Juliett reevaluating
ChatterBot Foxtrot reevaluating
2024-10-14 21:07:58.885111 Whiskey: Foxtrot and Echo, sending you 1
2024-10-14 21:07:58.888756 November: Sorry, I'm actually sending you 0
2024-10-14 21:07:58.889170 November: Sorry, I'm actually sending you 0
2024-10-14 21:07:58.889476 November: Sorry, I'm actually sending you 0
2024-10-14 21:07:58.892078 Foxtrot: Sorry, I'm actually sending you 0
2024-10-14 21:07:58.897690 November: Whiskey, Foxtrot, Bravo and Echo, sending you 3
2024-10-14 21:07:58.899656 Juliett: November and Whiskey, sending you 2
2024-10-14 21:07:58.900690 Foxtrot: Bravo, sending you 2
2024-10-14 21:07:58.903683 Juliett: Foxtrot, sending you 4
2024-10-14 21:07:58.909667 Juliett: Echo, sending you 3
chatterbot Papa submitting transactions
chatterbot Sierra submitting transactions
chatterbot Echo submitting transactions
chatterbot Foxtrot submitting transactions
chatterbot Lima submitting transactions
chatterbot X-ray submitting transactions
chatterbot November submitting transactions
chatterbot Bravo submitting transactions
chatterbot Whiskey submitting transactions
chatterbot Juliett submitting transactions
ChatterBot X-ray round 11
ChatterBot Lima round 11
ChatterBot November round 11
ChatterBot Juliett round 11
ChatterBot Whiskey round 11
ChatterBot Foxtrot round 11
ChatterBot Papa round 11
ChatterBot Bravo round 11
ChatterBot Sierra round 11
ChatterBot Echo round 11
2024-10-14 21:08:00.177679 Lima: Whiskey, sending you 1
2024-10-14 21:08:00.178730 November: X-ray and Sierra, sending you 1
2024-10-14 21:08:00.179621 Whiskey: November, Juliett and Echo, sending you 4
2024-10-14 21:08:00.183684 November: Juliett, Whiskey, Foxtrot, Papa, Bravo and Echo, sending you 2
2024-10-14 21:08:00.184745 Whiskey: Foxtrot, sending you 5
2024-10-14 21:08:00.186714 X-ray: I was attacked by Whiskey
ChatterBot Papa reevaluating
ChatterBot Bravo reevaluating
ChatterBot Sierra reevaluating
2024-10-14 21:08:00.201679 X-ray: I'm keeping this round to protect myself
2024-10-14 21:08:00.202825 X-ray: Ow
2024-10-14 21:08:00.203392 Foxtrot: November and Juliett, sending you 4
2024-10-14 21:08:00.204195 Echo: November, Juliett and Whiskey, sending you 4
2024-10-14 21:08:00.206683 Juliett: November and Whiskey, sending you 2
2024-10-14 21:08:00.207290 Foxtrot: Whiskey, sending you 3
2024-10-14 21:08:00.209676 Echo: Foxtrot, sending you 5
2024-10-14 21:08:00.210690 Juliett: Foxtrot, sending you 4
2024-10-14 21:08:00.212317 Foxtrot: Bravo, sending you 2
2024-10-14 21:08:00.216673 Juliett: Echo, sending you 3
2024-10-14 21:08:00.217695 Foxtrot: Echo, sending you 5
2024-10-14 21:08:00.223697 Bravo: X-ray, November and Sierra, sending you 4
2024-10-14 21:08:00.227692 Bravo: Papa, sending you 5
2024-10-14 21:08:00.228447 Papa: X-ray, November and Sierra, sending you 4
2024-10-14 21:08:00.231714 Papa: Bravo, sending you 5
2024-10-14 21:08:00.235964 Sierra: X-ray and November, sending you 1
2024-10-14 21:08:00.239666 Sierra: Papa and Bravo, sending you 2
chatterbot Lima submitting transactions
chatterbot Sierra submitting transactions
chatterbot Juliett submitting transactions
chatterbot Foxtrot submitting transactions
chatterbot Echo submitting transactions
chatterbot X-ray submitting transactions
chatterbot Whiskey submitting transactions
chatterbot November submitting transactions
chatterbot Bravo submitting transactions
chatterbot Papa submitting transactions
ChatterBot X-ray round 12
ChatterBot Lima round 12
ChatterBot November round 12
ChatterBot Juliett round 12
ChatterBot Whiskey round 12
ChatterBot Foxtrot round 12
ChatterBot Papa round 12
ChatterBot Bravo round 12
ChatterBot Sierra round 12
ChatterBot Echo round 12
2024-10-14 21:08:01.310758 Foxtrot: We should replace Bravo with Lima
ChatterBot Whiskey reevaluating
ChatterBot Juliett reevaluating
2024-10-14 21:08:01.343342 Whiskey: Yes
2024-10-14 21:08:01.343591 November: No
2024-10-14 21:08:01.343799 Juliett: Yes
2024-10-14 21:08:01.343976 Echo: No
ChatterBot Juliett reevaluating
ChatterBot Foxtrot reevaluating
ChatterBot Whiskey reevaluating
ChatterBot Juliett reevaluating
ChatterBot Foxtrot reevaluating
ChatterBot Echo reevaluating
ChatterBot Whiskey reevaluating
ChatterBot Foxtrot reevaluating
ChatterBot Echo reevaluating
ChatterBot Whiskey reevaluating
ChatterBot Juliett reevaluating
ChatterBot Foxtrot reevaluating
2024-10-14 21:08:01.465707 November: X-ray and Sierra, sending you 1
2024-10-14 21:08:01.471310 Whiskey: Lima we want you to join our group
2024-10-14 21:08:01.477568 Lima: Yes
ChatterBot Whiskey reevaluating
ChatterBot Echo reevaluating
ChatterBot Juliett reevaluating
ChatterBot Foxtrot reevaluating
ChatterBot November reevaluating
2024-10-14 21:08:01.503788 Echo: We should add Lima
2024-10-14 21:08:01.504134 Juliett: We should add Lima
ChatterBot Whiskey reevaluating
ChatterBot November reevaluating
ChatterBot Juliett reevaluating
ChatterBot Foxtrot reevaluating
2024-10-14 21:08:01.522405 Whiskey: Yes
ChatterBot Whiskey reevaluating
2024-10-14 21:08:01.526242 November: Yes
ChatterBot November reevaluating
2024-10-14 21:08:01.530010 Juliett: Yes
2024-10-14 21:08:01.530160 Foxtrot: Yes
ChatterBot Foxtrot reevaluating
ChatterBot Echo reevaluating
2024-10-14 21:08:01.537184 Whiskey: Yes
2024-10-14 21:08:01.537332 November: Yes
2024-10-14 21:08:01.537443 Foxtrot: Yes
2024-10-14 21:08:01.537533 Echo: Yes
ChatterBot November reevaluating
ChatterBot Juliett reevaluating
ChatterBot Foxtrot reevaluating
ChatterBot Echo reevaluating
ChatterBot Whiskey reevaluating
ChatterBot Juliett reevaluating
ChatterBot Foxtrot reevaluating
ChatterBot Echo reevaluating
ChatterBot Whiskey reevaluating
ChatterBot November reevaluating
ChatterBot Foxtrot reevaluating
ChatterBot Echo reevaluating
ChatterBot Whiskey reevaluating
ChatterBot November reevaluating
ChatterBot Juliett reevaluating
ChatterBot Echo reevaluating
ChatterBot November reevaluating
ChatterBot Juliett reevaluating
ChatterBot Foxtrot reevaluating
ChatterBot Echo reevaluating
ChatterBot Whiskey reevaluating
ChatterBot Juliett reevaluating
ChatterBot Foxtrot reevaluating
ChatterBot Echo reevaluating
ChatterBot Whiskey reevaluating
ChatterBot November reevaluating
ChatterBot Juliett reevaluating
ChatterBot Echo reevaluating
ChatterBot Whiskey reevaluating
ChatterBot November reevaluating
