ChatterBot Echo round 1
ChatterBot India round 1
ChatterBot November round 1
ChatterBot Hotel round 1
ChatterBot Romeo round 1
ChatterBot Uniform round 1
ChatterBot Lima round 1
ChatterBot Whiskey round 1
ChatterBot Quebec round 1
ChatterBot Delta round 1
randomSelections November: {November, Uniform, Hotel, Echo, Quebec} 
2024-10-14 21:07:42.579370 November: Can we be friends?
ChatterBot Uniform reevaluating
ChatterBot Hotel reevaluating
ChatterBot Echo reevaluating
ChatterBot Quebec reevaluating
2024-10-14 21:07:42.587698 Uniform: Yes
2024-10-14 21:07:42.587914 Hotel: Yes
2024-10-14 21:07:42.588072 Echo: Yes
2024-10-14 21:07:42.588185 Quebec: Yes
ChatterBot Hotel reevaluating
ChatterBot Echo reevaluating
ChatterBot Quebec reevaluating
ChatterBot Uniform reevaluating
ChatterBot Echo reevaluating
ChatterBot Quebec reevaluating
ChatterBot Uniform reevaluating
ChatterBot Hotel reevaluating
ChatterBot Quebec reevaluating
ChatterBot Uniform reevaluating
ChatterBot Hotel reevaluating
ChatterBot Echo reevaluating
randomSelections India: {India, Quebec, Echo, Whiskey, Romeo, Delta, November} 
2024-10-14 21:07:42.624562 India: Let's form a team
ChatterBot Quebec reevaluating
ChatterBot Echo reevaluating
ChatterBot Whiskey reevaluating
ChatterBot Romeo reevaluating
ChatterBot Delta reevaluating
2024-10-14 21:07:42.635363 Quebec: No
2024-10-14 21:07:42.636497 Echo: No
2024-10-14 21:07:42.637113 Whiskey: Yes
2024-10-14 21:07:42.637302 Romeo: Yes
2024-10-14 21:07:42.637412 Delta: Yes
2024-10-14 21:07:42.637742 November: No
ChatterBot Echo reevaluating
ChatterBot Whiskey reevaluating
ChatterBot Romeo reevaluating
ChatterBot Delta reevaluating
ChatterBot Quebec reevaluating
ChatterBot Whiskey reevaluating
ChatterBot Romeo reevaluating
ChatterBot Delta reevaluating
ChatterBot Quebec reevaluating
ChatterBot Echo reevaluating
ChatterBot Romeo reevaluating
ChatterBot Delta reevaluating
ChatterBot Quebec reevaluating
ChatterBot Echo reevaluating
ChatterBot Whiskey reevaluating
ChatterBot Delta reevaluating
ChatterBot Quebec reevaluating
ChatterBot Echo reevaluating
ChatterBot Whiskey reevaluating
ChatterBot Romeo reevaluating
ChatterBot Quebec reevaluating
ChatterBot Echo reevaluating
ChatterBot Whiskey reevaluating
ChatterBot Romeo reevaluating
ChatterBot Delta reevaluating
randomSelections Lima: {Lima} 
2024-10-14 21:07:42.731678 Echo: November, sending you 3
2024-10-14 21:07:42.732753 Quebec: Echo and Uniform, sending you 4
2024-10-14 21:07:42.734427 November: Echo, sending you 1
2024-10-14 21:07:42.735007 Uniform: Echo and Hotel, sending you 1
2024-10-14 21:07:42.736168 Quebec: November, sending you 7
2024-10-14 21:07:42.737290 Hotel: Echo and Quebec, sending you 4
2024-10-14 21:07:42.738225 Echo: Hotel, sending you 7
2024-10-14 21:07:42.738580 Uniform: November, sending you 8
2024-10-14 21:07:42.738998 November: Hotel, sending you 7
2024-10-14 21:07:42.740203 Quebec: Hotel, sending you 2
2024-10-14 21:07:42.741914 Uniform: Quebec, sending you 3
2024-10-14 21:07:42.742732 Hotel: November, sending you 1
2024-10-14 21:07:42.743731 Echo: Uniform and Quebec, sending you 1
2024-10-14 21:07:42.744075 Romeo: India, Quebec and Delta, sending you 3
2024-10-14 21:07:42.745022 India: Echo and Delta, sending you 3
2024-10-14 21:07:42.745285 November: Uniform, sending you 3
2024-10-14 21:07:42.745892 Delta: Echo, sending you 4
2024-10-14 21:07:42.748907 Hotel: Uniform, sending you 7
2024-10-14 21:07:42.749373 Romeo: November and Whiskey, sending you 4
2024-10-14 21:07:42.749798 November: Quebec, sending you 4
2024-10-14 21:07:42.750960 India: Romeo, sending you 6
2024-10-14 21:07:42.751414 Delta: November, sending you 7
2024-10-14 21:07:42.754176 Whiskey: Echo and India, sending you 4
2024-10-14 21:07:42.756326 India: Whiskey, sending you 1
2024-10-14 21:07:42.756737 Delta: Romeo, Whiskey and Quebec, sending you 1
2024-10-14 21:07:42.758473 Whiskey: November and Romeo, sending you 1
2024-10-14 21:07:42.760322 India: Quebec, sending you 2
2024-10-14 21:07:42.763655 Whiskey: Quebec, sending you 3
2024-10-14 21:07:42.767670 Whiskey: Delta, sending you 5
chatterbot November submitting transactions
chatterbot Echo submitting transactions
chatterbot India submitting transactions
chatterbot Whiskey submitting transactions
chatterbot Quebec submitting transactions
chatterbot Uniform submitting transactions
chatterbot Lima submitting transactions
chatterbot Romeo submitting transactions
chatterbot Delta submitting transactions
chatterbot Hotel submitting transactions
ChatterBot Echo round 2
ChatterBot India round 2
ChatterBot November round 2
ChatterBot Hotel round 2
ChatterBot Romeo round 2
ChatterBot Uniform round 2
ChatterBot Lima round 2
ChatterBot Whiskey round 2
ChatterBot Quebec round 2
2024-10-14 21:07:45.986523 Echo: Can we be friends?
ChatterBot Uniform reevaluating
ChatterBot Quebec reevaluating
ChatterBot Romeo reevaluating
ChatterBot Whiskey reevaluating
ChatterBot Delta reevaluating
2024-10-14 21:07:46.049298 November: No
2024-10-14 21:07:46.049770 Hotel: No
2024-10-14 21:07:46.050003 Uniform: No
2024-10-14 21:07:46.050229 Quebec: No
2024-10-14 21:07:46.050490 India: No
2024-10-14 21:07:46.051279 Romeo: No
2024-10-14 21:07:46.051530 Whiskey: No
2024-10-14 21:07:46.051815 Delta: No
ChatterBot Uniform reevaluating
ChatterBot Quebec reevaluating
ChatterBot Romeo reevaluating
ChatterBot Whiskey reevaluating
ChatterBot Delta reevaluating
ChatterBot Uniform reevaluating
ChatterBot Quebec reevaluating
ChatterBot Romeo reevaluating
ChatterBot Whiskey reevaluating
ChatterBot Delta reevaluating
ChatterBot Quebec reevaluating
ChatterBot Romeo reevaluating
ChatterBot Whiskey reevaluating
ChatterBot Delta reevaluating
ChatterBot Uniform reevaluating
ChatterBot Romeo reevaluating
ChatterBot Whiskey reevaluating
ChatterBot Delta reevaluating
ChatterBot Uniform reevaluating
ChatterBot Quebec reevaluating
ChatterBot Romeo reevaluating
ChatterBot Whiskey reevaluating
ChatterBot Delta reevaluating
ChatterBot Uniform reevaluating
ChatterBot Quebec reevaluating
ChatterBot Whiskey reevaluating
ChatterBot Delta reevaluating
ChatterBot Uniform reevaluating
ChatterBot Quebec reevaluating
ChatterBot Romeo reevaluating
ChatterBot Delta reevaluating
ChatterBot Uniform reevaluating
ChatterBot Quebec reevaluating
ChatterBot Romeo reevaluating
ChatterBot Whiskey reevaluating
ChatterBot Delta round 2
2024-10-14 21:07:46.423676 India: We should drop Quebec and November
ChatterBot Romeo reevaluating
ChatterBot Whiskey reevaluating
ChatterBot Delta reevaluating
2024-10-14 21:07:46.442359 Romeo: Yes
2024-10-14 21:07:46.442526 Whiskey: Yes
2024-10-14 21:07:46.442638 Delta: Yes
2024-10-14 21:07:46.442757 Echo: No
ChatterBot Whiskey reevaluating
ChatterBot Delta reevaluating
ChatterBot Romeo reevaluating
ChatterBot Delta reevaluating
ChatterBot Echo reevaluating
ChatterBot Romeo reevaluating
ChatterBot Whiskey reevaluating
ChatterBot Echo reevaluating
ChatterBot Romeo reevaluating
ChatterBot Whiskey reevaluating
ChatterBot Delta reevaluating
2024-10-14 21:07:46.632124 Hotel: Echo, sending you 6
2024-10-14 21:07:46.766528 Hotel: November, sending you 5
2024-10-14 21:07:46.767270 Echo: November and Uniform, sending you 3
2024-10-14 21:07:46.768098 Uniform: Echo, November and Quebec, sending you 3
2024-10-14 21:07:46.768636 November: Echo and Quebec, sending you 4
2024-10-14 21:07:46.769638 India: Echo and Delta, sending you 2
2024-10-14 21:07:46.770066 Romeo: India, sending you 8
2024-10-14 21:07:46.770434 Whiskey: India and Delta, sending you 5
chatterbot November submitting transactions
2024-10-14 21:07:46.772009 Hotel: Uniform, sending you 3
2024-10-14 21:07:46.773231 Uniform: Hotel, sending you 4
2024-10-14 21:07:46.773647 Echo: Hotel and Quebec, sending you 4
2024-10-14 21:07:46.774471 Romeo: Whiskey, sending you 5
2024-10-14 21:07:46.775083 November: Hotel, sending you 3
2024-10-14 21:07:46.775420 India: Romeo, sending you 5
2024-10-14 21:07:46.776448 Delta: India, sending you 5
2024-10-14 21:07:46.776898 Quebec: Echo, sending you 3
2024-10-14 21:07:46.778160 Whiskey: Romeo, sending you 8
2024-10-14 21:07:46.778506 Hotel: Quebec, sending you 4
2024-10-14 21:07:46.779391 November: Uniform, sending you 5
2024-10-14 21:07:46.779892 Romeo: Delta, sending you 4
2024-10-14 21:07:46.780740 India: Whiskey, sending you 6
2024-10-14 21:07:46.781172 Delta: Romeo, sending you 4
2024-10-14 21:07:46.781525 Quebec: November, Hotel and Uniform, sending you 5
2024-10-14 21:07:46.862044 Delta: Whiskey, sending you 6
chatterbot Hotel submitting transactions
chatterbot Lima submitting transactions
chatterbot Echo submitting transactions
chatterbot Uniform submitting transactions
chatterbot India submitting transactions
chatterbot Romeo submitting transactions
chatterbot Whiskey submitting transactions
chatterbot Delta submitting transactions
chatterbot Quebec submitting transactions
ChatterBot Echo round 3
ChatterBot India round 3
ChatterBot November round 3
ChatterBot Hotel round 3
ChatterBot Romeo round 3
ChatterBot Uniform round 3
ChatterBot Lima round 3
ChatterBot Whiskey round 3
ChatterBot Quebec round 3
ChatterBot Delta round 3
2024-10-14 21:07:47.855956 Echo: November, Hotel and Quebec, sending you 4
2024-10-14 21:07:47.863139 India: Echo, sending you 2
2024-10-14 21:07:47.863622 Hotel: Echo, November and Quebec, sending you 5
2024-10-14 21:07:47.864656 Echo: Uniform, sending you 3
2024-10-14 21:07:47.865065 Whiskey: Sending you each 6
2024-10-14 21:07:47.865525 November: Echo, Hotel and Uniform, sending you 4
2024-10-14 21:07:47.866414 Romeo: India and Whiskey, sending you 6
2024-10-14 21:07:47.866759 India: Romeo, sending you 5
2024-10-14 21:07:47.868912 November: Quebec, sending you 5
2024-10-14 21:07:47.897032 Hotel: Uniform, sending you 4
2024-10-14 21:07:47.898086 Romeo: Delta, sending you 5
2024-10-14 21:07:47.898450 Uniform: Echo, Hotel and Quebec, sending you 3
2024-10-14 21:07:47.898895 Quebec: Echo and Uniform, sending you 4
2024-10-14 21:07:47.899242 India: Whiskey and Delta, sending you 4
2024-10-14 21:07:47.901671 Uniform: November, sending you 4
2024-10-14 21:07:47.902278 Quebec: November and Hotel, sending you 5
2024-10-14 21:07:47.903343 Delta: India, sending you 4
2024-10-14 21:07:47.906677 Delta: Romeo, sending you 5
2024-10-14 21:07:47.910408 Delta: Whiskey, sending you 6
chatterbot Lima submitting transactions
chatterbot Delta submitting transactions
chatterbot Quebec submitting transactions
chatterbot Echo submitting transactions
chatterbot November submitting transactions
chatterbot Romeo submitting transactions
chatterbot India submitting transactions
chatterbot Whiskey submitting transactions
chatterbot Hotel submitting transactions
chatterbot Uniform submitting transactions
ChatterBot Echo round 4
ChatterBot India round 4
ChatterBot November round 4
ChatterBot Hotel round 4
ChatterBot Romeo round 4
ChatterBot Uniform round 4
ChatterBot Lima round 4
ChatterBot Whiskey round 4
ChatterBot Quebec round 4
ChatterBot Delta round 4
2024-10-14 21:07:48.802671 Echo: Sending you each 4
2024-10-14 21:07:48.804664 India: Echo, sending you 2
2024-10-14 21:07:48.807980 India: Romeo, sending you 5
2024-10-14 21:07:48.810799 November: Echo, Hotel and Uniform, sending you 4
2024-10-14 21:07:48.811706 India: Whiskey and Delta, sending you 4
2024-10-14 21:07:48.812087 Romeo: India and Whiskey, sending you 6
2024-10-14 21:07:48.812677 Hotel: Echo, November and Quebec, sending you 5
2024-10-14 21:07:48.813681 Whiskey: Same as last round
2024-10-14 21:07:48.813977 November: Quebec, sending you 5
2024-10-14 21:07:48.815863 Quebec: Echo and Uniform, sending you 4
2024-10-14 21:07:48.816351 Romeo: Delta, sending you 5
2024-10-14 21:07:48.816736 Hotel: Uniform, sending you 4
2024-10-14 21:07:48.817694 Uniform: Echo, Hotel and Quebec, sending you 3
2024-10-14 21:07:48.819687 Delta: India, sending you 4
2024-10-14 21:07:48.820720 Quebec: November and Hotel, sending you 5
2024-10-14 21:07:48.821672 Uniform: November, sending you 4
2024-10-14 21:07:48.822675 Delta: Romeo, sending you 5
2024-10-14 21:07:48.826668 Delta: Whiskey, sending you 6
chatterbot Hotel submitting transactions
chatterbot Lima submitting transactions
chatterbot Whiskey submitting transactions
chatterbot Echo submitting transactions
chatterbot India submitting transactions
chatterbot Uniform submitting transactions
chatterbot Delta submitting transactions
chatterbot Quebec submitting transactions
chatterbot Romeo submitting transactions
chatterbot November submitting transactions
ChatterBot Echo round 5
ChatterBot India round 5
ChatterBot November round 5
ChatterBot Hotel round 5
ChatterBot Romeo round 5
ChatterBot Uniform round 5
ChatterBot Lima round 5
ChatterBot Whiskey round 5
ChatterBot Quebec round 5
ChatterBot Delta round 5
2024-10-14 21:07:49.856932 India: Echo, sending you 1
2024-10-14 21:07:49.857691 Echo: Same as last round
2024-10-14 21:07:49.859690 India: Romeo, sending you 4
2024-10-14 21:07:49.862683 India: Whiskey, sending you 3
2024-10-14 21:07:49.866686 November: Echo, Hotel and Uniform, sending you 4
2024-10-14 21:07:49.867662 Hotel: Echo, sending you 6
2024-10-14 21:07:49.868578 Uniform: Echo, Hotel and Quebec, sending you 3
2024-10-14 21:07:49.869022 India: Delta, sending you 2
2024-10-14 21:07:49.870821 November: Quebec, sending you 5
2024-10-14 21:07:49.871551 Hotel: November and Quebec, sending you 5
2024-10-14 21:07:49.872294 Delta: Sending you each 5
2024-10-14 21:07:49.873676 Uniform: November, sending you 4
2024-10-14 21:07:49.874157 Quebec: Echo, November and Hotel, sending you 5
2024-10-14 21:07:49.874681 Romeo: India and Whiskey, sending you 6
2024-10-14 21:07:49.876676 Hotel: Uniform, sending you 4
2024-10-14 21:07:49.877122 Quebec: Uniform, sending you 4
2024-10-14 21:07:49.878116 Whiskey: Same as last round
2024-10-14 21:07:49.878692 Romeo: Delta, sending you 5
chatterbot India submitting transactions
chatterbot November submitting transactions
chatterbot Hotel submitting transactions
chatterbot Whiskey submitting transactions
chatterbot Delta submitting transactions
chatterbot Romeo submitting transactions
chatterbot Uniform submitting transactions
chatterbot Lima submitting transactions
chatterbot Echo submitting transactions
chatterbot Quebec submitting transactions
ChatterBot Echo round 6
ChatterBot India round 6
ChatterBot November round 6
ChatterBot Hotel round 6
ChatterBot Romeo round 6
ChatterBot Uniform round 6
ChatterBot Lima round 6
ChatterBot Whiskey round 6
ChatterBot Quebec round 6
ChatterBot Delta round 6
2024-10-14 21:07:51.081219 Uniform: We should add Lima
2024-10-14 21:07:51.095440 November: No
2024-10-14 21:07:51.095702 Hotel: No
2024-10-14 21:07:51.095912 Echo: No
2024-10-14 21:07:51.096106 Quebec: No
ChatterBot Uniform reevaluating
ChatterBot Uniform reevaluating
ChatterBot Uniform reevaluating
ChatterBot Uniform reevaluating
2024-10-14 21:07:51.181235 Echo: Same as last round
2024-10-14 21:07:51.183867 Hotel: I was attacked by India
ChatterBot November reevaluating
ChatterBot Uniform reevaluating
ChatterBot Echo reevaluating
ChatterBot Quebec reevaluating
2024-10-14 21:07:51.204384 Hotel: I'm keeping this round to protect myself
2024-10-14 21:07:51.207417 Hotel: Ow
2024-10-14 21:07:51.209082 Romeo: India and Whiskey, sending you 6
2024-10-14 21:07:51.212679 Delta: India, sending you 4
2024-10-14 21:07:51.216077 India: Romeo, Whiskey and Delta, sending you 5
2024-10-14 21:07:51.218599 Whiskey: Same as last round
2024-10-14 21:07:51.222036 Romeo: Delta, sending you 5
2024-10-14 21:07:51.225765 Delta: Romeo, sending you 5
2024-10-14 21:07:51.230668 Delta: Whiskey, sending you 6
2024-10-14 21:07:51.237581 Echo: Hotel, sending you 5
2024-10-14 21:07:51.239710 November: Echo, Hotel and Uniform, sending you 4
2024-10-14 21:07:51.241515 Uniform: Echo, Hotel and Quebec, sending you 3
2024-10-14 21:07:51.243679 November: Quebec, sending you 5
2024-10-14 21:07:51.245141 Uniform: November, sending you 4
2024-10-14 21:07:51.247179 Quebec: Echo and Uniform, sending you 1
2024-10-14 21:07:51.250699 Quebec: November and Hotel, sending you 2
chatterbot Hotel submitting transactions
chatterbot Romeo submitting transactions
chatterbot India submitting transactions
chatterbot Quebec submitting transactions
chatterbot Lima submitting transactions
chatterbot Delta submitting transactions
chatterbot Echo submitting transactions
chatterbot Whiskey submitting transactions
chatterbot Uniform submitting transactions
chatterbot November submitting transactions
ChatterBot Echo round 7
ChatterBot India round 7
ChatterBot November round 7
ChatterBot Hotel round 7
ChatterBot Romeo round 7
ChatterBot Uniform round 7
ChatterBot Lima round 7
ChatterBot Whiskey round 7
ChatterBot Quebec round 7
ChatterBot Delta round 7
2024-10-14 21:07:52.558039 Echo: Sending you each 4
2024-10-14 21:07:52.559649 Whiskey: Same as last round
2024-10-14 21:07:52.562681 Uniform: Echo, Hotel and Quebec, sending you 3
2024-10-14 21:07:52.566317 Quebec: Echo, sending you 5
2024-10-14 21:07:52.567489 Uniform: November, sending you 4
2024-10-14 21:07:52.568673 Delta: I was attacked by Quebec
ChatterBot Romeo reevaluating
ChatterBot India reevaluating
ChatterBot Whiskey reevaluating
2024-10-14 21:07:52.581981 Delta: I'm keeping this round to protect myself
2024-10-14 21:07:52.583692 Delta: Ow
2024-10-14 21:07:52.584166 Quebec: November, sending you 6
2024-10-14 21:07:52.584747 November: Echo, Hotel and Quebec, sending you 4
2024-10-14 21:07:52.589048 Quebec: Hotel and Uniform, sending you 4
2024-10-14 21:07:52.589689 November: Uniform, sending you 5
2024-10-14 21:07:52.605673 Romeo: India and Whiskey, sending you 6
2024-10-14 21:07:52.609696 Romeo: Delta, sending you 5
chatterbot November submitting transactions
chatterbot Echo submitting transactions
chatterbot Uniform submitting transactions
chatterbot Romeo submitting transactions
chatterbot Hotel submitting transactions
chatterbot Lima submitting transactions
chatterbot Delta submitting transactions
chatterbot Whiskey submitting transactions
chatterbot Quebec submitting transactions
chatterbot India submitting transactions
ChatterBot Echo round 8
ChatterBot India round 8
ChatterBot November round 8
ChatterBot Hotel round 8
ChatterBot Romeo round 8
ChatterBot Uniform round 8
ChatterBot Lima round 8
ChatterBot Whiskey round 8
ChatterBot Quebec round 8
ChatterBot Delta round 8
2024-10-14 21:07:53.847661 Uniform: We should add Whiskey
2024-10-14 21:07:53.864279 November: No
2024-10-14 21:07:53.864550 Hotel: No
2024-10-14 21:07:53.864780 Echo: No
2024-10-14 21:07:53.864996 Quebec: No
ChatterBot Uniform reevaluating
ChatterBot Uniform reevaluating
ChatterBot Uniform reevaluating
ChatterBot Uniform reevaluating
2024-10-14 21:07:53.941685 November: Echo, Hotel and Uniform, sending you 4
2024-10-14 21:07:53.942692 India: Romeo, sending you 6
2024-10-14 21:07:53.943294 Hotel: Sending you each 2
2024-10-14 21:07:53.945673 India: Whiskey, sending you 5
2024-10-14 21:07:53.946684 November: Quebec, sending you 5
2024-10-14 21:07:53.950663 India: Delta, sending you 4
2024-10-14 21:07:53.951658 Echo: November, sending you 5
2024-10-14 21:07:53.954665 Echo: Hotel, Uniform and Quebec, sending you 4
2024-10-14 21:07:53.955662 Uniform: Echo, Hotel and Quebec, sending you 3
2024-10-14 21:07:53.956663 Whiskey: Same as last round
2024-10-14 21:07:53.958679 Uniform: November, sending you 4
2024-10-14 21:07:53.959674 Quebec: Echo, November and Uniform, sending you 5
2024-10-14 21:07:53.960674 Romeo: India and Whiskey, sending you 6
2024-10-14 21:07:53.963655 Quebec: Hotel, sending you 4
2024-10-14 21:07:53.965665 Romeo: Delta, sending you 5
chatterbot Quebec submitting transactions
chatterbot Lima submitting transactions
chatterbot Uniform submitting transactions
chatterbot India submitting transactions
chatterbot Echo submitting transactions
chatterbot Whiskey submitting transactions
chatterbot Romeo submitting transactions
chatterbot November submitting transactions
chatterbot Hotel submitting transactions
chatterbot Delta submitting transactions
ChatterBot Echo round 9
ChatterBot India round 9
ChatterBot November round 9
ChatterBot Hotel round 9
ChatterBot Romeo round 9
ChatterBot Uniform round 9
ChatterBot Lima round 9
ChatterBot Whiskey round 9
ChatterBot Quebec round 9
ChatterBot Delta round 9
2024-10-14 21:07:55.115448 Whiskey: We should add Lima
ChatterBot India reevaluating
2024-10-14 21:07:55.125264 Romeo: No
2024-10-14 21:07:55.125455 India: Yes
2024-10-14 21:07:55.125585 Delta: No
ChatterBot India reevaluating
ChatterBot Whiskey reevaluating
ChatterBot Romeo reevaluating
ChatterBot Whiskey reevaluating
ChatterBot Romeo reevaluating
ChatterBot India reevaluating
ChatterBot Whiskey reevaluating
2024-10-14 21:07:55.172027 Delta: Lima we want you to join our group
2024-10-14 21:07:55.174606 Lima: No
ChatterBot Delta reevaluating
ChatterBot Romeo reevaluating
ChatterBot Whiskey reevaluating
2024-10-14 21:07:55.188673 Uniform: Echo, Hotel and Quebec, sending you 3
2024-10-14 21:07:55.189241 India: Romeo, sending you 6
2024-10-14 21:07:55.189692 November: Echo, Hotel and Uniform, sending you 4
2024-10-14 21:07:55.190623 Echo: November, Hotel and Uniform, sending you 4
2024-10-14 21:07:55.191330 Quebec: Echo and November, sending you 2
2024-10-14 21:07:55.192423 Hotel: Echo, November and Quebec, sending you 4
2024-10-14 21:07:55.193154 India: Whiskey, sending you 5
2024-10-14 21:07:55.193716 Uniform: November, sending you 4
2024-10-14 21:07:55.194677 November: Quebec, sending you 5
2024-10-14 21:07:55.195542 Echo: Quebec, sending you 5
2024-10-14 21:07:55.196007 Quebec: Hotel and Uniform, sending you 1
2024-10-14 21:07:55.196385 Hotel: Uniform, sending you 2
2024-10-14 21:07:55.198671 India: Delta, sending you 4
2024-10-14 21:07:55.201649 Delta: Sending you each 5
2024-10-14 21:07:55.207671 Whiskey: India, sending you 6
2024-10-14 21:07:55.208061 Romeo: Echo, sending you 3
2024-10-14 21:07:55.212061 Whiskey: Romeo, sending you 7
2024-10-14 21:07:55.212660 Romeo: India and Whiskey, sending you 5
2024-10-14 21:07:55.215662 Whiskey: Delta, sending you 5
2024-10-14 21:07:55.216153 Romeo: Delta, sending you 4
chatterbot Echo submitting transactions
chatterbot Quebec submitting transactions
chatterbot Whiskey submitting transactions
chatterbot Uniform submitting transactions
chatterbot India submitting transactions
chatterbot November submitting transactions
chatterbot Lima submitting transactions
chatterbot Romeo submitting transactions
chatterbot Delta submitting transactions
chatterbot Hotel submitting transactions
ChatterBot Echo round 10
ChatterBot India round 10
ChatterBot November round 10
ChatterBot Hotel round 10
ChatterBot Romeo round 10
ChatterBot Uniform round 10
ChatterBot Lima round 10
ChatterBot Whiskey round 10
ChatterBot Quebec round 10
ChatterBot Delta round 10
2024-10-14 21:07:56.394091 Romeo: We should replace Echo with Lima
ChatterBot India reevaluating
ChatterBot Whiskey reevaluating
ChatterBot Delta reevaluating
2024-10-14 21:07:56.403289 India: Yes
2024-10-14 21:07:56.403429 Whiskey: Yes
2024-10-14 21:07:56.403545 Delta: Yes
ChatterBot Whiskey reevaluating
ChatterBot Delta reevaluating
ChatterBot India reevaluating
ChatterBot Delta reevaluating
ChatterBot Romeo reevaluating
ChatterBot India reevaluating
ChatterBot Whiskey reevaluating
2024-10-14 21:07:56.449767 Delta: We should add Lima
ChatterBot Romeo reevaluating
ChatterBot India reevaluating
ChatterBot Whiskey reevaluating
2024-10-14 21:07:56.458683 Romeo: Yes
2024-10-14 21:07:56.458799 India: Yes
2024-10-14 21:07:56.458905 Whiskey: Yes
ChatterBot India reevaluating
ChatterBot Whiskey reevaluating
ChatterBot Delta reevaluating
ChatterBot Romeo reevaluating
ChatterBot Whiskey reevaluating
ChatterBot Delta reevaluating
ChatterBot Romeo reevaluating
ChatterBot India reevaluating
ChatterBot Delta reevaluating
2024-10-14 21:07:56.495701 Echo: November, sending you 5
2024-10-14 21:07:56.496907 Whiskey: Lima we want you to join our group
2024-10-14 21:07:56.501284 Lima: No
ChatterBot India reevaluating
ChatterBot Romeo reevaluating
2024-10-14 21:07:56.516681 Lima: I was attacked by Quebec
2024-10-14 21:07:56.516843 Lima: I'm keeping this round to protect myself
2024-10-14 21:07:56.517014 Lima: Ow
2024-10-14 21:07:56.517265 Delta: Lima we want you to join our group
2024-10-14 21:07:56.521134 Lima: No
ChatterBot India reevaluating
ChatterBot Romeo reevaluating
2024-10-14 21:07:56.536549 Echo: Hotel, Uniform and Quebec, sending you 4
2024-10-14 21:07:56.539696 Hotel: Sending you each 4
2024-10-14 21:07:56.540886 November: Echo, Hotel and Quebec, sending you 4
2024-10-14 21:07:56.542391 India: Lima we want you to join our group
2024-10-14 21:07:56.548798 Lima: No
ChatterBot Romeo reevaluating
2024-10-14 21:07:56.572044 Quebec: Echo, November and Hotel, sending you 5
2024-10-14 21:07:56.573814 Uniform: Echo, Hotel and Quebec, sending you 3
2024-10-14 21:07:56.574863 November: Uniform, sending you 5
2024-10-14 21:07:56.578680 Romeo: Lima we want you to join our group
2024-10-14 21:07:56.585967 Lima: No
ChatterBot Romeo reevaluating
2024-10-14 21:07:56.610340 Quebec: Uniform, sending you 4
2024-10-14 21:07:56.611119 Uniform: November, sending you 4
2024-10-14 21:07:56.612158 Whiskey: India, Romeo and Delta, sending you 5
2024-10-14 21:07:56.612672 Delta: India and Romeo, sending you 4
2024-10-14 21:07:56.615817 Delta: Lima, sending you 2
2024-10-14 21:07:56.616699 India: Romeo, sending you 4
2024-10-14 21:07:56.617863 Whiskey: Lima, sending you 3
2024-10-14 21:07:56.620686 Delta: Whiskey, sending you 5
2024-10-14 21:07:56.621328 India: Lima, sending you 1
2024-10-14 21:07:56.625688 India: Whiskey, sending you 3
2024-10-14 21:07:56.629919 India: Delta, sending you 2
2024-10-14 21:07:56.640762 Romeo: India and Whiskey, sending you 5
2024-10-14 21:07:56.645663 Romeo: Lima, sending you 3
2024-10-14 21:07:56.648693 Romeo: Delta, sending you 4
chatterbot Quebec submitting transactions
chatterbot India submitting transactions
chatterbot Hotel submitting transactions
chatterbot Whiskey submitting transactions
chatterbot Romeo submitting transactions
chatterbot Lima submitting transactions
chatterbot Echo submitting transactions
chatterbot Delta submitting transactions
chatterbot November submitting transactions
chatterbot Uniform submitting transactions
ChatterBot Echo round 11
ChatterBot India round 11
ChatterBot November round 11
ChatterBot Hotel round 11
ChatterBot Romeo round 11
ChatterBot Uniform round 11
ChatterBot Lima round 11
ChatterBot Whiskey round 11
ChatterBot Quebec round 11
ChatterBot Delta round 11
2024-10-14 21:07:57.756861 Whiskey: We should drop Lima
ChatterBot Delta reevaluating
2024-10-14 21:07:57.774585 Romeo: No
2024-10-14 21:07:57.774926 India: No
2024-10-14 21:07:57.775216 Delta: Yes
ChatterBot Whiskey reevaluating
ChatterBot Delta reevaluating
ChatterBot Romeo reevaluating
ChatterBot Whiskey reevaluating
ChatterBot Delta reevaluating
ChatterBot Romeo reevaluating
ChatterBot India reevaluating
ChatterBot Whiskey reevaluating
2024-10-14 21:07:57.821394 November: Echo, sending you 5
2024-10-14 21:07:57.825681 November: Hotel, Uniform and Quebec, sending you 4
2024-10-14 21:07:57.827 Echo: November, sending you 5
2024-10-14 21:07:57.827645 Quebec: Echo, November and Hotel, sending you 1
2024-10-14 21:07:57.828288 Quebec: I was attacked by India
ChatterBot November reevaluating
ChatterBot Uniform reevaluating
ChatterBot Hotel reevaluating
ChatterBot Echo reevaluating
2024-10-14 21:07:57.840725 Quebec: Ow
2024-10-14 21:07:57.846700 Whiskey: India, Romeo and Delta, sending you 5
2024-10-14 21:07:57.851682 Whiskey: Lima, sending you 3
2024-10-14 21:07:57.856668 Echo: November, Hotel and Quebec, sending you 5
2024-10-14 21:07:57.861673 Echo: Uniform, sending you 3
2024-10-14 21:07:57.866682 Uniform: November, sending you 4
chatterbot Quebec submitting transactions
chatterbot Romeo submitting transactions
chatterbot Hotel submitting transactions
chatterbot Delta submitting transactions
chatterbot November submitting transactions
chatterbot Echo submitting transactions
chatterbot India submitting transactions
chatterbot Uniform submitting transactions
chatterbot Whiskey submitting transactions
chatterbot Lima submitting transactions
ChatterBot Echo round 12
ChatterBot India round 12
ChatterBot November round 12
ChatterBot Hotel round 12
ChatterBot Romeo round 12
ChatterBot Uniform round 12
ChatterBot Lima round 12
ChatterBot Whiskey round 12
ChatterBot Quebec round 12
ChatterBot Delta round 12
2024-10-14 21:07:59.034969 Whiskey: We should drop Lima
ChatterBot Romeo reevaluating
ChatterBot India reevaluating
2024-10-14 21:07:59.052605 Romeo: Yes
2024-10-14 21:07:59.052907 India: Yes
2024-10-14 21:07:59.053145 Delta: Yes
ChatterBot India reevaluating
ChatterBot Romeo reevaluating
ChatterBot Romeo reevaluating
ChatterBot India reevaluating
2024-10-14 21:07:59.086289 November: Echo, sending you 5
2024-10-14 21:07:59.089734 Uniform: Echo, Hotel and Quebec, sending you 3
2024-10-14 21:07:59.090884 Echo: November and Hotel, sending you 5
2024-10-14 21:07:59.091609 November: Hotel, Uniform and Quebec, sending you 4
2024-10-14 21:07:59.092854 Quebec: Echo, Hotel and Uniform, sending you 4
2024-10-14 21:07:59.094688 Echo: Uniform and Quebec, sending you 4
2024-10-14 21:07:59.095681 Uniform: November, sending you 4
2024-10-14 21:07:59.097066 Quebec: November, sending you 5
2024-10-14 21:07:59.103657 Delta: Same as last round
2024-10-14 21:07:59.109660 Whiskey: Sending you each 6
chatterbot Quebec submitting transactions
chatterbot Echo submitting transactions
chatterbot India submitting transactions
chatterbot Romeo submitting transactions
chatterbot Uniform submitting transactions
chatterbot Hotel submitting transactions
chatterbot November submitting transactions
chatterbot Lima submitting transactions
chatterbot Delta submitting transactions
chatterbot Whiskey submitting transactions
ChatterBot Echo round 13
ChatterBot India round 13
ChatterBot November round 13
ChatterBot Hotel round 13
ChatterBot Romeo round 13
ChatterBot Uniform round 13
ChatterBot Lima round 13
ChatterBot Whiskey round 13
ChatterBot Quebec round 13
ChatterBot Delta round 13
2024-10-14 21:08:00.287698 November: Echo, sending you 4
2024-10-14 21:08:00.288849 Whiskey: Same as last round
2024-10-14 21:08:00.290478 Uniform: Sending you each 3
2024-10-14 21:08:00.293968 November: Hotel, Uniform and Quebec, sending you 3
2024-10-14 21:08:00.294819 November: I was attacked by India
ChatterBot Uniform reevaluating
ChatterBot Hotel reevaluating
ChatterBot Echo reevaluating
ChatterBot Quebec reevaluating
2024-10-14 21:08:00.313234 November: Ow
2024-10-14 21:08:00.318695 Delta: Same as last round
2024-10-14 21:08:00.331674 Quebec: Echo, Hotel and Uniform, sending you 4
2024-10-14 21:08:00.335695 Echo: November and Hotel, sending you 5
2024-10-14 21:08:00.337684 Quebec: November, sending you 5
2024-10-14 21:08:00.340769 Echo: Uniform and Quebec, sending you 4
2024-10-14 21:08:00.345696 Uniform: November, sending you 4
chatterbot Lima submitting transactions
chatterbot Hotel submitting transactions
chatterbot Uniform submitting transactions
chatterbot Quebec submitting transactions
chatterbot India submitting transactions
chatterbot Romeo submitting transactions
chatterbot November submitting transactions
chatterbot Whiskey submitting transactions
chatterbot Delta submitting transactions
chatterbot Echo submitting transactions
ChatterBot Echo round 14
ChatterBot India round 14
ChatterBot November round 14
ChatterBot Hotel round 14
ChatterBot Romeo round 14
ChatterBot Uniform round 14
ChatterBot Lima round 14
ChatterBot Whiskey round 14
ChatterBot Quebec round 14
ChatterBot Delta round 14
2024-10-14 21:08:01.605662 Echo: November and Hotel, sending you 5
2024-10-14 21:08:01.611698 Echo: Uniform and Quebec, sending you 4
2024-10-14 21:08:01.614700 Uniform: Echo, Hotel and Quebec, sending you 3
2024-10-14 21:08:01.617696 November: Echo, sending you 5
2024-10-14 21:08:01.620663 Uniform: November, sending you 4
2024-10-14 21:08:01.622281 Quebec: Echo and Hotel, sending you 1
2024-10-14 21:08:01.623352 Quebec: I was attacked by India
ChatterBot November reevaluating
ChatterBot Uniform reevaluating
ChatterBot Hotel reevaluating
ChatterBot Echo reevaluating
2024-10-14 21:08:01.641307 Quebec: Ow
2024-10-14 21:08:01.642303 Whiskey: Same as last round
2024-10-14 21:08:01.644686 Delta: Same as last round
2024-10-14 21:08:01.662712 November: Echo, Hotel and Quebec, sending you 4
chatterbot India submitting transactions
chatterbot Hotel submitting transactions
chatterbot Delta submitting transactions
chatterbot Whiskey submitting transactions
chatterbot Romeo submitting transactions
chatterbot Echo submitting transactions
chatterbot November submitting transactions
chatterbot Quebec submitting transactions
chatterbot Uniform submitting transactions
chatterbot Lima submitting transactions
ChatterBot Echo round 15
ChatterBot India round 15
ChatterBot November round 15
ChatterBot Hotel round 15
ChatterBot Romeo round 15
ChatterBot Uniform round 15
ChatterBot Lima round 15
ChatterBot Whiskey round 15
ChatterBot Quebec round 15
ChatterBot Delta round 15
2024-10-14 21:08:02.829108 Lima: Friends?
ChatterBot Delta reevaluating
ChatterBot India reevaluating
ChatterBot Romeo reevaluating
2024-10-14 21:08:02.843404 Delta: Yes
2024-10-14 21:08:02.843597 India: Yes
2024-10-14 21:08:02.844306 Romeo: Yes
2024-10-14 21:08:02.844464 Whiskey: No
ChatterBot India reevaluating
ChatterBot Romeo reevaluating
ChatterBot Delta reevaluating
ChatterBot Romeo reevaluating
ChatterBot Whiskey reevaluating
ChatterBot Delta reevaluating
ChatterBot India reevaluating
ChatterBot Whiskey reevaluating
ChatterBot Lima reevaluating
ChatterBot Delta reevaluating
ChatterBot India reevaluating
ChatterBot Romeo reevaluating
ChatterBot Lima reevaluating
2024-10-14 21:08:02.903299 Whiskey: We should add Lima
2024-10-14 21:08:02.903664 Romeo: We should add Lima
ChatterBot Romeo reevaluating
ChatterBot India reevaluating
ChatterBot Delta reevaluating
2024-10-14 21:08:02.912873 Romeo: Yes
2024-10-14 21:08:02.913088 India: Yes
ChatterBot India reevaluating
ChatterBot Whiskey reevaluating
2024-10-14 21:08:02.918691 Delta: Yes
ChatterBot Delta reevaluating
2024-10-14 21:08:02.921349 India: Yes
2024-10-14 21:08:02.921476 Whiskey: Yes
2024-10-14 21:08:02.921631 Delta: Yes
ChatterBot India reevaluating
ChatterBot Whiskey reevaluating
ChatterBot Delta reevaluating
ChatterBot Romeo reevaluating
ChatterBot Whiskey reevaluating
ChatterBot Delta reevaluating
ChatterBot Romeo reevaluating
ChatterBot India reevaluating
ChatterBot Whiskey reevaluating
ChatterBot Romeo reevaluating
ChatterBot Whiskey reevaluating
ChatterBot Delta reevaluating
ChatterBot Romeo reevaluating
ChatterBot India reevaluating
ChatterBot Delta reevaluating
ChatterBot Romeo reevaluating
ChatterBot India reevaluating
ChatterBot Whiskey reevaluating
2024-10-14 21:08:02.989021 India: Lima we want you to join our group
ChatterBot Lima reevaluating
2024-10-14 21:08:02.992420 Lima: Yes
ChatterBot Delta reevaluating
ChatterBot Whiskey reevaluating
2024-10-14 21:08:03.004764 Romeo: Lima we want you to join our group
ChatterBot Lima reevaluating
2024-10-14 21:08:03.008495 Lima: Yes
ChatterBot Whiskey reevaluating
2024-10-14 21:08:03.019099 Delta: Lima we want you to join our group
ChatterBot Lima reevaluating
2024-10-14 21:08:03.022370 Lima: Yes
ChatterBot Whiskey reevaluating
2024-10-14 21:08:03.036140 November: Echo, Hotel and Uniform, sending you 4
2024-10-14 21:08:03.037709 Echo: November and Hotel, sending you 5
2024-10-14 21:08:03.039271 Quebec: Echo, Hotel and Uniform, sending you 3
2024-10-14 21:08:03.041915 Echo: Uniform and Quebec, sending you 4
2024-10-14 21:08:03.042796 Uniform: Echo, November and Quebec, sending you 3
2024-10-14 21:08:03.043643 November: Quebec, sending you 3
2024-10-14 21:08:03.044973 Quebec: November, sending you 4
2024-10-14 21:08:03.045666 Quebec: I was attacked by India
ChatterBot November reevaluating
ChatterBot Uniform reevaluating
ChatterBot Hotel reevaluating
ChatterBot Echo reevaluating
2024-10-14 21:08:03.058566 Quebec: Ow
2024-10-14 21:08:03.061678 Whiskey: Same as last round
2024-10-14 21:08:03.062191 Delta: India, Romeo and Whiskey, sending you 5
2024-10-14 21:08:03.085703 Echo: November, Hotel and Uniform, sending you 5
chatterbot India submitting transactions
chatterbot November submitting transactions
chatterbot Lima submitting transactions
chatterbot Quebec submitting transactions
chatterbot Delta submitting transactions
chatterbot Whiskey submitting transactions
chatterbot Romeo submitting transactions
chatterbot Uniform submitting transactions
chatterbot Echo submitting transactions
chatterbot Hotel submitting transactions
ChatterBot Echo round 16
ChatterBot India round 16
ChatterBot November round 16
ChatterBot Hotel round 16
ChatterBot Romeo round 16
ChatterBot Uniform round 16
ChatterBot Lima round 16
ChatterBot Whiskey round 16
ChatterBot Quebec round 16
ChatterBot Delta round 16
2024-10-14 21:08:04.279688 Romeo: We should add Lima
ChatterBot Whiskey reevaluating
2024-10-14 21:08:04.295218 India: Yes
2024-10-14 21:08:04.295472 Whiskey: Yes
2024-10-14 21:08:04.295653 Delta: Yes
ChatterBot Whiskey reevaluating
ChatterBot Whiskey reevaluating
2024-10-14 21:08:04.351466 Romeo: Lima we want you to join our group
2024-10-14 21:08:04.356047 Lima: No
ChatterBot Whiskey reevaluating
2024-10-14 21:08:04.368371 India: Lima we want you to join our group
2024-10-14 21:08:04.373503 Lima: No
2024-10-14 21:08:04.384726 Whiskey: Lima we want you to join our group
2024-10-14 21:08:04.389641 Lima: No
2024-10-14 21:08:04.409857 November: Sending you each 4
2024-10-14 21:08:04.412188 Uniform: Sending you each 3
2024-10-14 21:08:04.414346 Echo: November, Hotel and Uniform, sending you 3
2024-10-14 21:08:04.416120 Delta: India, Romeo and Whiskey, sending you 5
2024-10-14 21:08:04.418082 Quebec: Echo, November and Hotel, sending you 4
2024-10-14 21:08:04.423278 Echo: Quebec, sending you 2
2024-10-14 21:08:04.425156 Echo: I was attacked by India
ChatterBot November reevaluating
ChatterBot Uniform reevaluating
ChatterBot Hotel reevaluating
ChatterBot Quebec reevaluating
2024-10-14 21:08:04.443545 Echo: Ow
2024-10-14 21:08:04.445393 Whiskey: India, Romeo and Delta, sending you 6
2024-10-14 21:08:04.464879 Uniform: Hotel, sending you 4
chatterbot November submitting transactions
chatterbot Whiskey submitting transactions
chatterbot Lima submitting transactions
chatterbot Romeo submitting transactions
chatterbot Echo submitting transactions
chatterbot Uniform submitting transactions
chatterbot India submitting transactions
chatterbot Quebec submitting transactions
chatterbot Delta submitting transactions
chatterbot Hotel submitting transactions
ChatterBot Echo round 17
ChatterBot India round 17
ChatterBot November round 17
ChatterBot Hotel round 17
ChatterBot Romeo round 17
ChatterBot Uniform round 17
ChatterBot Lima round 17
ChatterBot Whiskey round 17
ChatterBot Quebec round 17
ChatterBot Delta round 17
2024-10-14 21:08:05.587863 India: We should add Lima
2024-10-14 21:08:05.603074 Romeo: Yes
2024-10-14 21:08:05.603398 Whiskey: Yes
2024-10-14 21:08:05.603593 Delta: Yes
2024-10-14 21:08:05.694067 India: Lima we want you to join our group
2024-10-14 21:08:05.700478 Lima: Yes
2024-10-14 21:08:05.718152 Romeo: Lima we want you to join our group
2024-10-14 21:08:05.724294 Lima: Yes
2024-10-14 21:08:05.774470 Echo: November, Uniform and Quebec, sending you 3
2024-10-14 21:08:05.776816 Uniform: Sending you each 3
2024-10-14 21:08:05.778982 November: Echo, Uniform and Quebec, sending you 4
2024-10-14 21:08:05.779976 Whiskey: India, Romeo and Delta, sending you 6
2024-10-14 21:08:05.782279 Echo: Hotel, sending you 4
2024-10-14 21:08:05.792422 November: Hotel, sending you 5
2024-10-14 21:08:05.795251 Quebec: November and Hotel, sending you 1
