ChatterBot Zulu round 1
ChatterBot Alpha round 1
ChatterBot India round 1
ChatterBot Uniform round 1
ChatterBot X-ray round 1
ChatterBot Golf round 1
ChatterBot November round 1
ChatterBot Sierra round 1
ChatterBot Whiskey round 1
ChatterBot Romeo round 1
randomSelections Zulu: {Zulu, Alpha, Sierra, Golf, November, X-ray, India} 
2024-10-14 21:07:42.568136 Zulu: Can we be friends?
ChatterBot Alpha reevaluating
ChatterBot Sierra reevaluating
ChatterBot Golf reevaluating
ChatterBot November reevaluating
ChatterBot X-ray reevaluating
ChatterBot India reevaluating
2024-10-14 21:07:42.583576 Alpha: Yes
2024-10-14 21:07:42.583759 Sierra: Yes
2024-10-14 21:07:42.583910 Golf: Yes
2024-10-14 21:07:42.584038 November: Yes
2024-10-14 21:07:42.584919 X-ray: Yes
2024-10-14 21:07:42.585117 India: Yes
ChatterBot Sierra reevaluating
ChatterBot Golf reevaluating
ChatterBot November reevaluating
ChatterBot X-ray reevaluating
ChatterBot India reevaluating
ChatterBot Alpha reevaluating
ChatterBot Golf reevaluating
ChatterBot November reevaluating
ChatterBot X-ray reevaluating
ChatterBot India reevaluating
ChatterBot Alpha reevaluating
ChatterBot Sierra reevaluating
ChatterBot November reevaluating
ChatterBot X-ray reevaluating
ChatterBot India reevaluating
ChatterBot Alpha reevaluating
ChatterBot Sierra reevaluating
ChatterBot Golf reevaluating
ChatterBot X-ray reevaluating
ChatterBot India reevaluating
ChatterBot Alpha reevaluating
ChatterBot Sierra reevaluating
ChatterBot Golf reevaluating
ChatterBot November reevaluating
ChatterBot India reevaluating
ChatterBot Alpha reevaluating
ChatterBot Sierra reevaluating
ChatterBot Golf reevaluating
ChatterBot November reevaluating
ChatterBot X-ray reevaluating
randomSelections Uniform: {Uniform, X-ray, Golf, Zulu, India, November} 
2024-10-14 21:07:42.668555 Uniform: We should group up
ChatterBot X-ray reevaluating
ChatterBot Golf reevaluating
ChatterBot India reevaluating
ChatterBot November reevaluating
2024-10-14 21:07:42.678282 X-ray: No
2024-10-14 21:07:42.678627 Golf: No
2024-10-14 21:07:42.678939 Zulu: No
2024-10-14 21:07:42.679814 India: No
2024-10-14 21:07:42.680248 November: No
ChatterBot Golf reevaluating
ChatterBot India reevaluating
ChatterBot November reevaluating
ChatterBot X-ray reevaluating
ChatterBot India reevaluating
ChatterBot November reevaluating
ChatterBot X-ray reevaluating
ChatterBot Golf reevaluating
ChatterBot India reevaluating
ChatterBot November reevaluating
ChatterBot X-ray reevaluating
ChatterBot Golf reevaluating
ChatterBot November reevaluating
ChatterBot X-ray reevaluating
ChatterBot Golf reevaluating
ChatterBot India reevaluating
randomSelections Whiskey: {Whiskey, India, Romeo, Golf, Zulu, Uniform, Sierra} 
2024-10-14 21:07:42.740486 Whiskey: We should group up
ChatterBot India reevaluating
ChatterBot Romeo reevaluating
ChatterBot Golf reevaluating
ChatterBot Sierra reevaluating
2024-10-14 21:07:42.749567 India: No
2024-10-14 21:07:42.749731 Romeo: Yes
2024-10-14 21:07:42.749861 Golf: No
2024-10-14 21:07:42.750773 Zulu: No
2024-10-14 21:07:42.750936 Uniform: No
2024-10-14 21:07:42.751146 Sierra: No
ChatterBot Romeo reevaluating
ChatterBot Golf reevaluating
ChatterBot Sierra reevaluating
ChatterBot India reevaluating
ChatterBot Golf reevaluating
ChatterBot Sierra reevaluating
ChatterBot India reevaluating
ChatterBot Romeo reevaluating
ChatterBot Sierra reevaluating
ChatterBot India reevaluating
ChatterBot Romeo reevaluating
ChatterBot Golf reevaluating
ChatterBot Sierra reevaluating
ChatterBot India reevaluating
ChatterBot Romeo reevaluating
ChatterBot Golf reevaluating
ChatterBot Sierra reevaluating
ChatterBot India reevaluating
ChatterBot Romeo reevaluating
ChatterBot Golf reevaluating
2024-10-14 21:07:42.815693 X-ray: Zulu, Alpha, India and November, sending you 1
2024-10-14 21:07:42.816704 Zulu: Alpha, sending you 2
2024-10-14 21:07:42.820210 November: Zulu and Alpha, sending you 1
2024-10-14 21:07:42.820672 Whiskey: Zulu and India, sending you 2
2024-10-14 21:07:42.821794 Zulu: India, sending you 3
2024-10-14 21:07:42.822271 Uniform: Zulu, sending you 5
2024-10-14 21:07:42.822580 Alpha: India and November, sending you 2
2024-10-14 21:07:42.823409 Golf: Zulu, X-ray, November and Sierra, sending you 2
2024-10-14 21:07:42.823856 Whiskey: Uniform, Golf and Sierra, sending you 4
2024-10-14 21:07:42.824970 November: X-ray, sending you 4
2024-10-14 21:07:42.825712 Sierra: Zulu, Alpha and India, sending you 3
2024-10-14 21:07:42.826137 Uniform: India, sending you 7
2024-10-14 21:07:42.826997 Alpha: X-ray, sending you 4
2024-10-14 21:07:42.827696 Golf: Alpha, sending you 1
2024-10-14 21:07:42.828692 Whiskey: Romeo, sending you 1
2024-10-14 21:07:42.829139 November: Golf, sending you 2
2024-10-14 21:07:42.830153 Romeo: Zulu, Sierra and Whiskey, sending you 2
2024-10-14 21:07:42.830712 Sierra: X-ray, sending you 2
2024-10-14 21:07:42.831180 Uniform: X-ray, sending you 2
2024-10-14 21:07:42.831989 Alpha: Golf, sending you 3
2024-10-14 21:07:42.832351 India: Zulu, X-ray, November and Sierra, sending you 1
2024-10-14 21:07:42.832727 Golf: India, sending you 5
2024-10-14 21:07:42.833666 November: Sierra, sending you 5
2024-10-14 21:07:42.834037 Romeo: India, sending you 1
2024-10-14 21:07:42.834671 Sierra: Golf, sending you 1
2024-10-14 21:07:42.835701 Uniform: Golf, sending you 3
2024-10-14 21:07:42.836053 India: Alpha, sending you 2
2024-10-14 21:07:42.836851 Romeo: Uniform, sending you 6
2024-10-14 21:07:42.838143 Sierra: November, sending you 5
2024-10-14 21:07:42.840683 Uniform: November, sending you 1
2024-10-14 21:07:42.841448 India: Golf, sending you 3
2024-10-14 21:07:42.841870 Romeo: Golf, sending you 4
chatterbot Sierra submitting transactions
chatterbot Alpha submitting transactions
chatterbot Whiskey submitting transactions
chatterbot November submitting transactions
chatterbot Zulu submitting transactions
chatterbot X-ray submitting transactions
chatterbot Romeo submitting transactions
chatterbot Uniform submitting transactions
chatterbot Golf submitting transactions
chatterbot India submitting transactions
ChatterBot Zulu round 2
ChatterBot Alpha round 2
ChatterBot India round 2
ChatterBot Uniform round 2
ChatterBot X-ray round 2
ChatterBot Golf round 2
ChatterBot November round 2
ChatterBot Sierra round 2
2024-10-14 21:07:46.005533 Zulu: We would work well together
ChatterBot India reevaluating
ChatterBot Uniform reevaluating
ChatterBot Golf reevaluating
ChatterBot Whiskey reevaluating
ChatterBot Romeo reevaluating
ChatterBot November reevaluating
ChatterBot Sierra reevaluating
2024-10-14 21:07:46.068498 India: No
2024-10-14 21:07:46.068810 Uniform: No
2024-10-14 21:07:46.069005 Golf: Yes
2024-10-14 21:07:46.069229 Whiskey: No
2024-10-14 21:07:46.069952 Romeo: No
2024-10-14 21:07:46.070175 November: Yes
2024-10-14 21:07:46.070539 Sierra: Yes
ChatterBot Uniform reevaluating
ChatterBot Golf reevaluating
ChatterBot Whiskey reevaluating
ChatterBot Romeo reevaluating
ChatterBot November reevaluating
ChatterBot Sierra reevaluating
ChatterBot India reevaluating
ChatterBot Golf reevaluating
ChatterBot Whiskey reevaluating
ChatterBot Romeo reevaluating
ChatterBot November reevaluating
ChatterBot Sierra reevaluating
ChatterBot India reevaluating
ChatterBot Uniform reevaluating
ChatterBot Whiskey reevaluating
ChatterBot Romeo reevaluating
ChatterBot November reevaluating
ChatterBot Sierra reevaluating
ChatterBot India reevaluating
ChatterBot Uniform reevaluating
ChatterBot Golf reevaluating
ChatterBot Romeo reevaluating
ChatterBot November reevaluating
ChatterBot Sierra reevaluating
ChatterBot India reevaluating
ChatterBot Uniform reevaluating
ChatterBot Golf reevaluating
ChatterBot Whiskey reevaluating
ChatterBot November reevaluating
ChatterBot Sierra reevaluating
ChatterBot India reevaluating
ChatterBot Uniform reevaluating
ChatterBot Golf reevaluating
ChatterBot Whiskey reevaluating
ChatterBot Romeo reevaluating
ChatterBot Sierra reevaluating
ChatterBot India reevaluating
ChatterBot Uniform reevaluating
ChatterBot Golf reevaluating
ChatterBot Whiskey reevaluating
ChatterBot Romeo reevaluating
ChatterBot November reevaluating
ChatterBot Whiskey round 2
ChatterBot Romeo round 2
2024-10-14 21:07:46.527376 November: Friends?
ChatterBot India reevaluating
ChatterBot Uniform reevaluating
ChatterBot Golf reevaluating
ChatterBot Whiskey reevaluating
ChatterBot Romeo reevaluating
ChatterBot Sierra reevaluating
2024-10-14 21:07:46.572583 Zulu: Yes
2024-10-14 21:07:46.572784 India: Yes
2024-10-14 21:07:46.572944 Uniform: No
2024-10-14 21:07:46.573461 Golf: Yes
2024-10-14 21:07:46.573583 Whiskey: Yes
2024-10-14 21:07:46.573736 Romeo: Yes
2024-10-14 21:07:46.573865 Sierra: Yes
ChatterBot India reevaluating
ChatterBot Uniform reevaluating
ChatterBot Golf reevaluating
ChatterBot Whiskey reevaluating
ChatterBot Romeo reevaluating
ChatterBot November reevaluating
ChatterBot Sierra reevaluating
ChatterBot Uniform reevaluating
ChatterBot Golf reevaluating
ChatterBot Whiskey reevaluating
ChatterBot Romeo reevaluating
ChatterBot November reevaluating
ChatterBot Sierra reevaluating
ChatterBot India reevaluating
ChatterBot Golf reevaluating
ChatterBot Whiskey reevaluating
ChatterBot Romeo reevaluating
ChatterBot November reevaluating
ChatterBot Sierra reevaluating
ChatterBot India reevaluating
ChatterBot Uniform reevaluating
ChatterBot Whiskey reevaluating
ChatterBot Romeo reevaluating
ChatterBot November reevaluating
ChatterBot Sierra reevaluating
ChatterBot India reevaluating
ChatterBot Uniform reevaluating
ChatterBot Golf reevaluating
ChatterBot Romeo reevaluating
ChatterBot November reevaluating
ChatterBot Sierra reevaluating
ChatterBot India reevaluating
ChatterBot Uniform reevaluating
ChatterBot Golf reevaluating
ChatterBot Whiskey reevaluating
ChatterBot November reevaluating
ChatterBot Sierra reevaluating
ChatterBot India reevaluating
ChatterBot Uniform reevaluating
ChatterBot Golf reevaluating
ChatterBot Whiskey reevaluating
ChatterBot Romeo reevaluating
ChatterBot November reevaluating
2024-10-14 21:07:46.942847 Alpha: We should drop Zulu and Golf
ChatterBot X-ray reevaluating
ChatterBot November reevaluating
ChatterBot Sierra reevaluating
ChatterBot India reevaluating
2024-10-14 21:07:46.966910 X-ray: No
2024-10-14 21:07:46.967559 November: No
2024-10-14 21:07:46.967714 Sierra: No
2024-10-14 21:07:46.967862 India: No
ChatterBot November reevaluating
ChatterBot Sierra reevaluating
ChatterBot India reevaluating
ChatterBot Alpha reevaluating
ChatterBot X-ray reevaluating
ChatterBot Sierra reevaluating
ChatterBot India reevaluating
ChatterBot Alpha reevaluating
ChatterBot X-ray reevaluating
ChatterBot November reevaluating
ChatterBot India reevaluating
ChatterBot Alpha reevaluating
ChatterBot X-ray reevaluating
ChatterBot November reevaluating
ChatterBot Sierra reevaluating
2024-10-14 21:07:47.156087 Zulu: India, sending you 2
2024-10-14 21:07:47.175956 Uniform: Zulu, India, Golf, November and Sierra, sending you 1
2024-10-14 21:07:47.177085 Romeo: Zulu, India, Uniform, Golf and November, sending you 2
2024-10-14 21:07:47.177600 Sierra: Zulu, India, Uniform, Golf and Romeo, sending you 2
2024-10-14 21:07:47.178699 Zulu: Uniform, Golf, Sierra, Whiskey and Romeo, sending you 3
2024-10-14 21:07:47.179155 November: Zulu, Whiskey and Romeo, sending you 2
2024-10-14 21:07:47.179514 Golf: Zulu, sending you 1
2024-10-14 21:07:47.180812 India: Zulu, Golf, November, Sierra, Whiskey and Romeo, sending you 1
2024-10-14 21:07:47.181261 Uniform: Whiskey, sending you 5
2024-10-14 21:07:47.181714 Romeo: Sierra, sending you 1
2024-10-14 21:07:47.182034 Sierra: November, sending you 4
2024-10-14 21:07:47.182934 Zulu: November, sending you 1
2024-10-14 21:07:47.183293 November: India, Uniform and Golf, sending you 3
2024-10-14 21:07:47.189531 Whiskey: Zulu, India, Uniform, Golf and November, sending you 2
2024-10-14 21:07:47.191253 Golf: India, Uniform and Romeo, sending you 3
2024-10-14 21:07:47.191757 India: Uniform, sending you 3
2024-10-14 21:07:47.192822 X-ray: Alpha, India, Uniform, Golf, November and Sierra, sending you 1
2024-10-14 21:07:47.193387 Uniform: Romeo, sending you 7
2024-10-14 21:07:47.194006 Romeo: Whiskey, sending you 7
2024-10-14 21:07:47.194990 Sierra: Whiskey, sending you 3
2024-10-14 21:07:47.195672 November: Sierra, sending you 5
2024-10-14 21:07:47.196957 Whiskey: Sierra, sending you 1
2024-10-14 21:07:47.197477 Golf: November and Sierra, sending you 2
2024-10-14 21:07:47.202196 Whiskey: Romeo, sending you 7
2024-10-14 21:07:47.206118 Golf: Whiskey, sending you 4
chatterbot Zulu submitting transactions
chatterbot Alpha submitting transactions
chatterbot Romeo submitting transactions
chatterbot Golf submitting transactions
chatterbot Whiskey submitting transactions
chatterbot India submitting transactions
chatterbot Sierra submitting transactions
chatterbot Uniform submitting transactions
chatterbot November submitting transactions
chatterbot X-ray submitting transactions
ChatterBot Zulu round 3
ChatterBot Alpha round 3
ChatterBot India round 3
ChatterBot Uniform round 3
ChatterBot X-ray round 3
ChatterBot Golf round 3
ChatterBot November round 3
ChatterBot Sierra round 3
ChatterBot Whiskey round 3
2024-10-14 21:07:48.435548 Alpha: Group up?
ChatterBot November reevaluating
ChatterBot Sierra reevaluating
2024-10-14 21:07:48.452896 X-ray: Yes
2024-10-14 21:07:48.453316 November: No
2024-10-14 21:07:48.454085 Sierra: No
ChatterBot Alpha reevaluating
ChatterBot November reevaluating
ChatterBot Sierra reevaluating
ChatterBot Alpha reevaluating
ChatterBot Sierra reevaluating
ChatterBot Alpha reevaluating
ChatterBot November reevaluating
ChatterBot Romeo round 3
2024-10-14 21:07:48.535748 Sierra: We should drop Uniform
ChatterBot November reevaluating
2024-10-14 21:07:48.558487 November: Yes
2024-10-14 21:07:48.558899 Zulu: No
2024-10-14 21:07:48.559161 India: No
2024-10-14 21:07:48.559422 Golf: No
2024-10-14 21:07:48.560098 Whiskey: No
2024-10-14 21:07:48.560376 Romeo: No
ChatterBot India reevaluating
ChatterBot November reevaluating
ChatterBot India reevaluating
ChatterBot Sierra reevaluating
ChatterBot November reevaluating
ChatterBot Sierra reevaluating
ChatterBot November reevaluating
ChatterBot India reevaluating
ChatterBot Sierra reevaluating
ChatterBot November reevaluating
ChatterBot India reevaluating
ChatterBot Sierra reevaluating
ChatterBot November reevaluating
ChatterBot India reevaluating
2024-10-14 21:07:48.708641 India: We should add Alpha
ChatterBot November reevaluating
ChatterBot Sierra reevaluating
2024-10-14 21:07:48.736714 Zulu: No
2024-10-14 21:07:48.737428 Uniform: No
2024-10-14 21:07:48.737552 Golf: No
2024-10-14 21:07:48.737663 Whiskey: No
2024-10-14 21:07:48.737756 Romeo: No
2024-10-14 21:07:48.737841 November: No
2024-10-14 21:07:48.737928 Sierra: No
ChatterBot India reevaluating
ChatterBot November reevaluating
ChatterBot Sierra reevaluating
ChatterBot India reevaluating
ChatterBot November reevaluating
ChatterBot Sierra reevaluating
ChatterBot India reevaluating
ChatterBot November reevaluating
ChatterBot Sierra reevaluating
ChatterBot India reevaluating
ChatterBot November reevaluating
ChatterBot Sierra reevaluating
ChatterBot India reevaluating
ChatterBot November reevaluating
ChatterBot Sierra reevaluating
ChatterBot India reevaluating
ChatterBot Sierra reevaluating
ChatterBot India reevaluating
ChatterBot November reevaluating
2024-10-14 21:07:48.920677 Zulu: India, Golf and November, sending you 2
2024-10-14 21:07:48.921720 X-ray: Alpha, India, Uniform, Golf, November and Sierra, sending you 1
chatterbot Golf submitting transactions
2024-10-14 21:07:48.922957 Alpha: Zulu, India, Uniform, Golf, November, Whiskey and Romeo, sending you 1
2024-10-14 21:07:48.923538 Uniform: Zulu, Golf, November and Sierra, sending you 2
2024-10-14 21:07:48.924282 Zulu: Uniform, Sierra, Whiskey and Romeo, sending you 3
2024-10-14 21:07:48.927019 Alpha: X-ray and Sierra, sending you 2
2024-10-14 21:07:48.927499 Uniform: India and Whiskey, sending you 3
2024-10-14 21:07:48.929698 Romeo: Zulu, Uniform and Golf, sending you 3
2024-10-14 21:07:48.932679 Uniform: Romeo, sending you 4
2024-10-14 21:07:48.933209 Golf: Zulu, Uniform and Sierra, sending you 2
2024-10-14 21:07:48.933718 Romeo: India, November and Sierra, sending you 2
2024-10-14 21:07:48.937667 Golf: India, November, Whiskey and Romeo, sending you 3
2024-10-14 21:07:48.938328 Romeo: Whiskey, sending you 4
2024-10-14 21:07:48.938978 Whiskey: Zulu, Uniform, Golf, Sierra and Romeo, sending you 3
2024-10-14 21:07:48.939624 Sierra: Zulu, India, Uniform, Whiskey and Romeo, sending you 2
2024-10-14 21:07:48.943945 Whiskey: India and November, sending you 2
2024-10-14 21:07:48.945661 Sierra: Golf, sending you 3
2024-10-14 21:07:48.946109 India: Zulu, November, Sierra, Whiskey and Romeo, sending you 1
2024-10-14 21:07:48.948677 November: Zulu, India, Golf, Whiskey and Romeo, sending you 3
2024-10-14 21:07:48.949821 Sierra: November, sending you 4
2024-10-14 21:07:48.950585 India: Uniform and Golf, sending you 2
2024-10-14 21:07:48.951698 November: Sierra, sending you 5
chatterbot Romeo submitting transactions
chatterbot Alpha submitting transactions
chatterbot India submitting transactions
chatterbot Whiskey submitting transactions
chatterbot X-ray submitting transactions
chatterbot Sierra submitting transactions
chatterbot Uniform submitting transactions
chatterbot November submitting transactions
chatterbot Zulu submitting transactions
ChatterBot Zulu round 4
ChatterBot Alpha round 4
ChatterBot India round 4
ChatterBot Uniform round 4
ChatterBot X-ray round 4
ChatterBot Golf round 4
ChatterBot November round 4
ChatterBot Sierra round 4
ChatterBot Whiskey round 4
ChatterBot Romeo round 4
2024-10-14 21:07:49.891426 November: We should replace India with Uniform
ChatterBot Sierra reevaluating
ChatterBot Whiskey reevaluating
ChatterBot Romeo reevaluating
2024-10-14 21:07:49.918245 Zulu: No
2024-10-14 21:07:49.918456 Golf: No
2024-10-14 21:07:49.918653 Sierra: Yes
2024-10-14 21:07:49.918861 Whiskey: No
2024-10-14 21:07:49.919062 Romeo: No
ChatterBot Sierra reevaluating
ChatterBot Whiskey reevaluating
ChatterBot Romeo reevaluating
ChatterBot Sierra reevaluating
ChatterBot Whiskey reevaluating
ChatterBot Romeo reevaluating
ChatterBot Whiskey reevaluating
ChatterBot Romeo reevaluating
ChatterBot Sierra reevaluating
ChatterBot Romeo reevaluating
ChatterBot Sierra reevaluating
ChatterBot Whiskey reevaluating
2024-10-14 21:07:50.029372 November: Uniform we want you to join our group
2024-10-14 21:07:50.032431 Uniform: Yes
ChatterBot Sierra reevaluating
ChatterBot Whiskey reevaluating
ChatterBot Romeo reevaluating
2024-10-14 21:07:50.048277 Zulu: India, sending you 1
2024-10-14 21:07:50.051931 Uniform: Zulu, India, Whiskey and Romeo, sending you 3
2024-10-14 21:07:50.052584 Golf: Zulu, Uniform and Sierra, sending you 2
2024-10-14 21:07:50.053194 India: Zulu, November, Sierra, Whiskey and Romeo, sending you 1
2024-10-14 21:07:50.053773 X-ray: Alpha, India, Uniform, Golf, November and Sierra, sending you 1
2024-10-14 21:07:50.054760 Zulu: Uniform, November, Sierra, Whiskey and Romeo, sending you 3
2024-10-14 21:07:50.055309 Uniform: Golf, November and Sierra, sending you 2
2024-10-14 21:07:50.056887 Sierra: We should drop India
2024-10-14 21:07:50.073653 November: Yes
2024-10-14 21:07:50.073884 Zulu: No
2024-10-14 21:07:50.074059 Uniform: No
2024-10-14 21:07:50.074222 Golf: No
2024-10-14 21:07:50.074387 Whiskey: No
2024-10-14 21:07:50.074543 Romeo: No
2024-10-14 21:07:50.156839 Golf: India, November, Whiskey and Romeo, sending you 3
2024-10-14 21:07:50.157397 India: Uniform and Golf, sending you 2
2024-10-14 21:07:50.158199 Zulu: Golf, sending you 2
2024-10-14 21:07:50.162671 Romeo: Zulu, Uniform, Golf, November and Whiskey, sending you 3
2024-10-14 21:07:50.163312 Whiskey: Zulu, Uniform, Golf, November, Sierra and Romeo, sending you 3
2024-10-14 21:07:50.163895 November: Zulu, Uniform, Golf, Whiskey and Romeo, sending you 3
2024-10-14 21:07:50.165684 Romeo: India and Sierra, sending you 2
2024-10-14 21:07:50.167735 Whiskey: India, sending you 1
2024-10-14 21:07:50.168670 November: Sierra, sending you 5
2024-10-14 21:07:50.170669 Sierra: Zulu, Golf, Whiskey and Romeo, sending you 3
2024-10-14 21:07:50.173986 Sierra: Uniform, sending you 1
2024-10-14 21:07:50.178037 Sierra: November, sending you 4
chatterbot Alpha submitting transactions
chatterbot X-ray submitting transactions
chatterbot Uniform submitting transactions
chatterbot Zulu submitting transactions
chatterbot November submitting transactions
chatterbot India submitting transactions
chatterbot Romeo submitting transactions
chatterbot Whiskey submitting transactions
chatterbot Sierra submitting transactions
chatterbot Golf submitting transactions
ChatterBot Zulu round 5
ChatterBot Alpha round 5
ChatterBot India round 5
ChatterBot Uniform round 5
ChatterBot X-ray round 5
ChatterBot Golf round 5
ChatterBot November round 5
ChatterBot Sierra round 5
ChatterBot Whiskey round 5
ChatterBot Romeo round 5
2024-10-14 21:07:51.160 Zulu: India, sending you 1
2024-10-14 21:07:51.165818 Zulu: Uniform, November, Sierra, Whiskey and Romeo, sending you 3
2024-10-14 21:07:51.167208 Uniform: Zulu, India, Whiskey and Romeo, sending you 3
2024-10-14 21:07:51.168578 November: Zulu, Uniform, Golf, Whiskey and Romeo, sending you 3
2024-10-14 21:07:51.169285 India: Zulu, November, Sierra, Whiskey and Romeo, sending you 1
2024-10-14 21:07:51.170704 Uniform: Golf, November and Sierra, sending you 2
2024-10-14 21:07:51.172608 Zulu: Golf, sending you 2
2024-10-14 21:07:51.174540 November: Sierra, sending you 5
2024-10-14 21:07:51.175408 Golf: Zulu, sending you 2
2024-10-14 21:07:51.177097 India: Uniform and Golf, sending you 2
2024-10-14 21:07:51.181711 Golf: India, November, Sierra, Whiskey and Romeo, sending you 3
2024-10-14 21:07:51.182645 X-ray: Alpha, India, Uniform, Golf, November and Sierra, sending you 1
2024-10-14 21:07:51.184125 Whiskey: Zulu, Uniform, Golf, November, Sierra and Romeo, sending you 3
2024-10-14 21:07:51.185307 Sierra: Zulu, Golf, November, Whiskey and Romeo, sending you 3
2024-10-14 21:07:51.186903 Romeo: Zulu, Uniform, Golf, November, Sierra and Whiskey, sending you 3
2024-10-14 21:07:51.187825 Golf: Uniform, sending you 1
2024-10-14 21:07:51.189690 Whiskey: India, sending you 1
2024-10-14 21:07:51.191701 Sierra: Uniform, sending you 2
2024-10-14 21:07:51.193141 Romeo: India, sending you 1
chatterbot November submitting transactions
chatterbot Whiskey submitting transactions
chatterbot X-ray submitting transactions
chatterbot Romeo submitting transactions
chatterbot Sierra submitting transactions
chatterbot Alpha submitting transactions
chatterbot Golf submitting transactions
chatterbot Zulu submitting transactions
chatterbot Uniform submitting transactions
chatterbot India submitting transactions
ChatterBot Zulu round 6
ChatterBot Alpha round 6
ChatterBot India round 6
ChatterBot Uniform round 6
ChatterBot X-ray round 6
ChatterBot Golf round 6
ChatterBot November round 6
ChatterBot Sierra round 6
ChatterBot Whiskey round 6
ChatterBot Romeo round 6
2024-10-14 21:07:52.362063 Sierra: We should add India
2024-10-14 21:07:52.375243 November: No
2024-10-14 21:07:52.375439 Zulu: Yes
2024-10-14 21:07:52.375644 Uniform: Yes
2024-10-14 21:07:52.375825 Golf: Yes
2024-10-14 21:07:52.375994 Whiskey: Yes
2024-10-14 21:07:52.376159 Romeo: Yes
ChatterBot Sierra reevaluating
ChatterBot Sierra reevaluating
ChatterBot Sierra reevaluating
ChatterBot Sierra reevaluating
ChatterBot Sierra reevaluating
2024-10-14 21:07:52.536132 Sierra: India we want you to join our group
2024-10-14 21:07:52.540777 India: Yes
ChatterBot Sierra reevaluating
2024-10-14 21:07:52.562677 November: Zulu, Uniform, Golf, Whiskey and Romeo, sending you 3
2024-10-14 21:07:52.564043 Uniform: Zulu, India, Whiskey and Romeo, sending you 3
2024-10-14 21:07:52.566359 Whiskey: Zulu, Uniform, Golf, November, Sierra and Romeo, sending you 3
2024-10-14 21:07:52.567847 X-ray: Alpha, India, Uniform, Golf, November and Sierra, sending you 1
2024-10-14 21:07:52.568518 Zulu: India, sending you 1
2024-10-14 21:07:52.569884 India: Zulu, November, Sierra, Whiskey and Romeo, sending you 1
2024-10-14 21:07:52.570858 Golf: Zulu, sending you 2
2024-10-14 21:07:52.572266 Romeo: Zulu, Uniform, Golf, November, Sierra and Whiskey, sending you 3
2024-10-14 21:07:52.573125 November: Sierra, sending you 5
2024-10-14 21:07:52.573738 Uniform: Golf, November and Sierra, sending you 2
2024-10-14 21:07:52.575157 Whiskey: India, sending you 1
2024-10-14 21:07:52.575849 Zulu: Uniform, November, Sierra, Whiskey and Romeo, sending you 3
2024-10-14 21:07:52.576574 India: Uniform and Golf, sending you 2
2024-10-14 21:07:52.577960 Golf: India, November, Sierra, Whiskey and Romeo, sending you 3
2024-10-14 21:07:52.578681 Romeo: India, sending you 1
2024-10-14 21:07:52.579430 Zulu: Golf, sending you 2
2024-10-14 21:07:52.583242 Golf: Uniform, sending you 1
2024-10-14 21:07:52.593676 Sierra: Zulu, India, Uniform, Golf and Romeo, sending you 2
2024-10-14 21:07:52.598212 Sierra: November, sending you 4
2024-10-14 21:07:52.601828 Sierra: Whiskey, sending you 3
chatterbot Romeo submitting transactions
chatterbot Alpha submitting transactions
chatterbot Uniform submitting transactions
chatterbot Zulu submitting transactions
chatterbot November submitting transactions
chatterbot India submitting transactions
chatterbot X-ray submitting transactions
chatterbot Golf submitting transactions
chatterbot Whiskey submitting transactions
chatterbot Sierra submitting transactions
ChatterBot Zulu round 7
ChatterBot Alpha round 7
ChatterBot India round 7
ChatterBot Uniform round 7
ChatterBot X-ray round 7
ChatterBot Golf round 7
ChatterBot November round 7
ChatterBot Sierra round 7
ChatterBot Whiskey round 7
ChatterBot Romeo round 7
2024-10-14 21:07:53.792716 X-ray: We should drop Alpha
2024-10-14 21:07:53.814841 Zulu: Yes
2024-10-14 21:07:53.815006 India: Yes
2024-10-14 21:07:53.815114 Uniform: Yes
2024-10-14 21:07:53.815218 Golf: Yes
2024-10-14 21:07:53.815320 November: Yes
2024-10-14 21:07:53.815423 Sierra: Yes
2024-10-14 21:07:53.815525 Whiskey: Yes
2024-10-14 21:07:53.815628 Romeo: Yes
ChatterBot X-ray reevaluating
ChatterBot X-ray reevaluating
ChatterBot X-ray reevaluating
ChatterBot X-ray reevaluating
ChatterBot X-ray reevaluating
ChatterBot X-ray reevaluating
ChatterBot X-ray reevaluating
ChatterBot X-ray reevaluating
2024-10-14 21:07:53.975686 India: Zulu, November, Sierra, Whiskey and Romeo, sending you 1
2024-10-14 21:07:53.976685 Zulu: India, sending you 1
2024-10-14 21:07:53.979661 India: Uniform and Golf, sending you 2
2024-10-14 21:07:53.981680 Zulu: Uniform, November, Sierra, Whiskey and Romeo, sending you 3
2024-10-14 21:07:53.983657 Uniform: Zulu, India, November, Whiskey and Romeo, sending you 3
2024-10-14 21:07:53.985695 Zulu: Golf, sending you 2
2024-10-14 21:07:53.987724 Uniform: Golf, sending you 1
2024-10-14 21:07:53.988861 Golf: Zulu, sending you 2
2024-10-14 21:07:53.991074 Sierra: Zulu, India, Uniform, Golf and Romeo, sending you 2
2024-10-14 21:07:53.991992 Uniform: Sierra, sending you 2
2024-10-14 21:07:53.993680 Golf: India, November, Sierra, Whiskey and Romeo, sending you 3
2024-10-14 21:07:53.995166 Romeo: Zulu, Uniform, Golf, November, Sierra and Whiskey, sending you 3
2024-10-14 21:07:53.996033 Sierra: November, sending you 4
2024-10-14 21:07:53.997783 Whiskey: Zulu, Uniform, Golf, November, Sierra and Romeo, sending you 3
2024-10-14 21:07:53.998554 November: Zulu, Uniform, Golf, Whiskey and Romeo, sending you 3
2024-10-14 21:07:53.999015 Golf: Uniform, sending you 1
2024-10-14 21:07:53.999747 Romeo: India, sending you 1
2024-10-14 21:07:54.001656 Sierra: Whiskey, sending you 3
2024-10-14 21:07:54.002671 Whiskey: India, sending you 1
2024-10-14 21:07:54.004733 November: Sierra, sending you 5
2024-10-14 21:07:54.005698 X-ray: India, Uniform, Golf, November, Sierra and Whiskey, sending you 1
chatterbot Golf submitting transactions
chatterbot Uniform submitting transactions
chatterbot Alpha submitting transactions
chatterbot Whiskey submitting transactions
chatterbot Zulu submitting transactions
chatterbot Sierra submitting transactions
chatterbot Romeo submitting transactions
chatterbot November submitting transactions
chatterbot India submitting transactions
chatterbot X-ray submitting transactions
ChatterBot Zulu round 8
ChatterBot Alpha round 8
ChatterBot India round 8
ChatterBot Uniform round 8
ChatterBot X-ray round 8
ChatterBot Golf round 8
ChatterBot November round 8
ChatterBot Sierra round 8
ChatterBot Whiskey round 8
ChatterBot Romeo round 8
2024-10-14 21:07:55.253671 Zulu: India, sending you 1
2024-10-14 21:07:55.258933 Uniform: Zulu, India, November, Whiskey and Romeo, sending you 3
2024-10-14 21:07:55.259952 Zulu: Uniform, November, Sierra, Whiskey and Romeo, sending you 3
2024-10-14 21:07:55.262150 Golf: Zulu, sending you 2
2024-10-14 21:07:55.263721 November: Zulu, Uniform, Golf, Whiskey and Romeo, sending you 3
2024-10-14 21:07:55.264286 Sierra: Zulu, India, Uniform, Golf and Romeo, sending you 2
2024-10-14 21:07:55.265208 Uniform: Golf, sending you 1
2024-10-14 21:07:55.266520 Zulu: Golf, sending you 2
2024-10-14 21:07:55.267286 Romeo: Zulu, Uniform, Golf, November, Sierra and Whiskey, sending you 1
2024-10-14 21:07:55.268093 Golf: India, November, Sierra, Whiskey and Romeo, sending you 3
2024-10-14 21:07:55.268859 November: Sierra, sending you 5
2024-10-14 21:07:55.270286 India: Zulu, November, Sierra, Whiskey and Romeo, sending you 1
2024-10-14 21:07:55.271185 Uniform: Sierra, sending you 2
2024-10-14 21:07:55.271906 Sierra: November, sending you 4
2024-10-14 21:07:55.273066 X-ray: India, Uniform, Golf, November, Sierra and Whiskey, sending you 1
2024-10-14 21:07:55.273569 Golf: Uniform, sending you 1
2024-10-14 21:07:55.274664 India: Uniform and Golf, sending you 2
2024-10-14 21:07:55.276042 Sierra: Whiskey, sending you 3
2024-10-14 21:07:55.277021 Whiskey: Zulu, Uniform, Golf, November, Sierra and Romeo, sending you 3
2024-10-14 21:07:55.281666 Whiskey: India, sending you 1
chatterbot November submitting transactions
chatterbot Alpha submitting transactions
chatterbot Uniform submitting transactions
chatterbot X-ray submitting transactions
chatterbot Romeo submitting transactions
chatterbot Golf submitting transactions
chatterbot Whiskey submitting transactions
chatterbot India submitting transactions
chatterbot Zulu submitting transactions
chatterbot Sierra submitting transactions
ChatterBot Zulu round 9
ChatterBot Alpha round 9
ChatterBot India round 9
ChatterBot Uniform round 9
ChatterBot X-ray round 9
ChatterBot Golf round 9
ChatterBot November round 9
ChatterBot Sierra round 9
ChatterBot Whiskey round 9
ChatterBot Romeo round 9
2024-10-14 21:07:56.453376 November: We should replace Romeo with India
ChatterBot Golf reevaluating
2024-10-14 21:07:56.467154 Zulu: No
2024-10-14 21:07:56.467341 Uniform: No
2024-10-14 21:07:56.467478 Golf: Yes
2024-10-14 21:07:56.467599 Sierra: No
2024-10-14 21:07:56.467738 Whiskey: No
ChatterBot November reevaluating
ChatterBot Golf reevaluating
ChatterBot November reevaluating
ChatterBot Golf reevaluating
ChatterBot November reevaluating
ChatterBot November reevaluating
ChatterBot Golf reevaluating
ChatterBot November reevaluating
ChatterBot Golf reevaluating
2024-10-14 21:07:56.547291 November: We should replace Sierra with India
ChatterBot Golf reevaluating
2024-10-14 21:07:56.561920 Zulu: No
2024-10-14 21:07:56.562111 Uniform: No
2024-10-14 21:07:56.562242 Golf: Yes
2024-10-14 21:07:56.562362 Whiskey: No
2024-10-14 21:07:56.562487 Romeo: No
ChatterBot November reevaluating
ChatterBot Golf reevaluating
ChatterBot November reevaluating
ChatterBot Golf reevaluating
ChatterBot November reevaluating
ChatterBot November reevaluating
ChatterBot Golf reevaluating
ChatterBot November reevaluating
ChatterBot Golf reevaluating
2024-10-14 21:07:56.632836 Zulu: India, sending you 1
2024-10-14 21:07:56.634423 Alpha: Sending you 11
2024-10-14 21:07:56.634672 Uniform: Zulu, India, November, Whiskey and Romeo, sending you 3
2024-10-14 21:07:56.636248 Golf: We should drop Sierra
ChatterBot November reevaluating
2024-10-14 21:07:56.650560 Zulu: No
2024-10-14 21:07:56.650724 India: No
2024-10-14 21:07:56.650882 Uniform: No
2024-10-14 21:07:56.650983 November: No
2024-10-14 21:07:56.651098 Whiskey: No
2024-10-14 21:07:56.651198 Romeo: No
ChatterBot Golf reevaluating
ChatterBot November reevaluating
ChatterBot Golf reevaluating
ChatterBot November reevaluating
ChatterBot Golf reevaluating
ChatterBot November reevaluating
ChatterBot Golf reevaluating
ChatterBot Golf reevaluating
ChatterBot November reevaluating
ChatterBot Golf reevaluating
ChatterBot November reevaluating
2024-10-14 21:07:56.744201 Zulu: Uniform, November, Sierra, Whiskey and Romeo, sending you 3
2024-10-14 21:07:56.746037 Uniform: Golf, sending you 1
2024-10-14 21:07:56.747235 X-ray: I was attacked by Romeo
2024-10-14 21:07:56.747957 X-ray: I'm keeping this round to protect myself
2024-10-14 21:07:56.748170 X-ray: Ow
2024-10-14 21:07:56.748769 Romeo: Zulu, Uniform, Golf, November, Sierra and Whiskey, sending you 3
2024-10-14 21:07:56.750784 India: Zulu, November, Sierra, Whiskey and Romeo, sending you 1
2024-10-14 21:07:56.751946 Golf: We should drop Romeo
ChatterBot November reevaluating
2024-10-14 21:07:56.766107 Zulu: No
2024-10-14 21:07:56.766291 India: No
2024-10-14 21:07:56.766398 Uniform: No
2024-10-14 21:07:56.766508 November: Yes
2024-10-14 21:07:56.766619 Sierra: No
2024-10-14 21:07:56.766726 Whiskey: No
ChatterBot November reevaluating
ChatterBot Golf reevaluating
ChatterBot November reevaluating
ChatterBot Golf reevaluating
ChatterBot November reevaluating
ChatterBot Golf reevaluating
ChatterBot Golf reevaluating
ChatterBot November reevaluating
ChatterBot Golf reevaluating
ChatterBot Uniform reevaluating
ChatterBot November reevaluating
2024-10-14 21:07:56.850720 Whiskey: Zulu, Uniform, Golf, November, Sierra and Romeo, sending you 3
2024-10-14 21:07:56.851731 Zulu: Golf, sending you 2
2024-10-14 21:07:56.853054 Sierra: Zulu, India, Uniform, Golf and Romeo, sending you 2
2024-10-14 21:07:56.853789 India: Uniform and Golf, sending you 2
2024-10-14 21:07:56.855494 Romeo: India, sending you 1
chatterbot Uniform submitting transactions
2024-10-14 21:07:56.857179 Uniform: We should drop Golf
ChatterBot November reevaluating
2024-10-14 21:07:56.872746 Zulu: No
2024-10-14 21:07:56.872948 India: No
2024-10-14 21:07:56.873106 November: No
2024-10-14 21:07:56.873260 Sierra: No
2024-10-14 21:07:56.873408 Whiskey: No
2024-10-14 21:07:56.873549 Romeo: No
ChatterBot Uniform reevaluating
ChatterBot November reevaluating
ChatterBot Uniform reevaluating
ChatterBot November reevaluating
ChatterBot Uniform reevaluating
ChatterBot Uniform reevaluating
ChatterBot November reevaluating
ChatterBot Uniform reevaluating
ChatterBot November reevaluating
ChatterBot Uniform reevaluating
ChatterBot November reevaluating
2024-10-14 21:07:56.985123 Whiskey: India, sending you 1
2024-10-14 21:07:56.987262 Sierra: November, sending you 4
2024-10-14 21:07:56.989626 Golf: We should drop India
ChatterBot November reevaluating
ChatterBot Uniform reevaluating
2024-10-14 21:07:57.007673 November: Yes
2024-10-14 21:07:57.007838 Zulu: No
2024-10-14 21:07:57.007950 Uniform: No
2024-10-14 21:07:57.008090 Sierra: No
2024-10-14 21:07:57.008198 Whiskey: No
2024-10-14 21:07:57.008284 Romeo: No
ChatterBot Uniform reevaluating
ChatterBot Golf reevaluating
ChatterBot November reevaluating
ChatterBot Uniform reevaluating
ChatterBot Golf reevaluating
ChatterBot November reevaluating
ChatterBot Golf reevaluating
ChatterBot November reevaluating
ChatterBot Uniform reevaluating
ChatterBot Golf reevaluating
ChatterBot November reevaluating
ChatterBot Uniform reevaluating
ChatterBot Golf reevaluating
ChatterBot November reevaluating
ChatterBot Uniform reevaluating
ChatterBot Golf reevaluating
chatterbot Sierra submitting transactions
2024-10-14 21:07:57.101180 Sierra: Whiskey, sending you 3
chatterbot Whiskey submitting transactions
2024-10-14 21:07:57.104673 Uniform: Golf we want you to join our group
ChatterBot Golf reevaluating
2024-10-14 21:07:57.109859 Golf: No
ChatterBot Uniform reevaluating
ChatterBot November reevaluating
2024-10-14 21:07:57.132313 November: We should replace Golf with India
ChatterBot Uniform reevaluating
2024-10-14 21:07:57.146904 Zulu: No
2024-10-14 21:07:57.147120 Uniform: No
2024-10-14 21:07:57.147251 Sierra: No
2024-10-14 21:07:57.147387 Whiskey: No
2024-10-14 21:07:57.147511 Romeo: No
ChatterBot November reevaluating
ChatterBot Uniform reevaluating
ChatterBot November reevaluating
ChatterBot November reevaluating
ChatterBot Uniform reevaluating
ChatterBot November reevaluating
ChatterBot Uniform reevaluating
ChatterBot November reevaluating
ChatterBot Uniform reevaluating
2024-10-14 21:07:57.213826 Golf: We should drop November
ChatterBot Zulu reevaluating
ChatterBot Uniform reevaluating
2024-10-14 21:07:57.230161 Whiskey: No
2024-10-14 21:07:57.230331 India: No
2024-10-14 21:07:57.230468 Romeo: No
2024-10-14 21:07:57.230593 Zulu: No
2024-10-14 21:07:57.230719 Uniform: No
2024-10-14 21:07:57.230889 Sierra: No
ChatterBot Golf reevaluating
ChatterBot Zulu reevaluating
ChatterBot Uniform reevaluating
ChatterBot Golf reevaluating
ChatterBot Zulu reevaluating
ChatterBot Uniform reevaluating
ChatterBot Golf reevaluating
ChatterBot Zulu reevaluating
ChatterBot Uniform reevaluating
ChatterBot Golf reevaluating
ChatterBot Uniform reevaluating
ChatterBot Golf reevaluating
ChatterBot Zulu reevaluating
ChatterBot Golf reevaluating
ChatterBot Zulu reevaluating
ChatterBot Uniform reevaluating
2024-10-14 21:07:57.317680 November: Zulu, Uniform, Golf, Whiskey and Romeo, sending you 3
2024-10-14 21:07:57.321680 November: Sierra, sending you 5
2024-10-14 21:07:57.337803 Zulu: Sorry, I'm actually sending you 0
2024-10-14 21:07:57.340668 Golf: Sending you each 3
2024-10-14 21:07:57.342706 Zulu: Sending you each 3
chatterbot Romeo submitting transactions
chatterbot November submitting transactions
chatterbot X-ray submitting transactions
chatterbot Golf submitting transactions
chatterbot Alpha submitting transactions
chatterbot Zulu submitting transactions
chatterbot India submitting transactions
ChatterBot Zulu round 10
ChatterBot Alpha round 10
ChatterBot India round 10
ChatterBot Uniform round 10
ChatterBot X-ray round 10
ChatterBot Golf round 10
ChatterBot November round 10
ChatterBot Sierra round 10
ChatterBot Whiskey round 10
ChatterBot Romeo round 10
2024-10-14 21:07:57.774185 Zulu: We should add Golf
2024-10-14 21:07:57.792676 Uniform: Yes
2024-10-14 21:07:57.792978 India: Yes
2024-10-14 21:07:57.793311 November: Yes
2024-10-14 21:07:57.793500 Sierra: Yes
2024-10-14 21:07:57.793709 Whiskey: Yes
2024-10-14 21:07:57.794528 Romeo: Yes
ChatterBot November reevaluating
ChatterBot Uniform reevaluating
ChatterBot November reevaluating
ChatterBot Uniform reevaluating
ChatterBot Uniform reevaluating
ChatterBot November reevaluating
ChatterBot Uniform reevaluating
ChatterBot November reevaluating
ChatterBot Uniform reevaluating
ChatterBot November reevaluating
2024-10-14 21:07:57.907976 Golf: We should replace Uniform with November
2024-10-14 21:07:57.919675 Zulu: No
2024-10-14 21:07:57.919905 India: No
2024-10-14 21:07:57.920026 Sierra: No
2024-10-14 21:07:57.920138 Whiskey: No
2024-10-14 21:07:57.920246 Romeo: No
ChatterBot Golf reevaluating
ChatterBot Golf reevaluating
ChatterBot Golf reevaluating
ChatterBot Golf reevaluating
2024-10-14 21:07:58.004582 Zulu: Golf we want you to join our group
ChatterBot Golf reevaluating
2024-10-14 21:07:58.008406 Golf: No
ChatterBot Uniform reevaluating
ChatterBot November reevaluating
2024-10-14 21:07:58.027358 Golf: We should replace India with November
2024-10-14 21:07:58.040176 Zulu: No
2024-10-14 21:07:58.040351 Uniform: No
