ChatterBot Juliett round 1
ChatterBot India round 1
ChatterBot Victor round 1
ChatterBot Romeo round 1
ChatterBot Hotel round 1
ChatterBot Foxtrot round 1
randomSelections India: {India, Hotel, Kilo, X-ray, Juliett, Romeo} 
2024-10-14 21:07:42.293531 India: Friends?
ChatterBot Hotel reevaluating
ChatterBot Juliett reevaluating
ChatterBot Romeo reevaluating
2024-10-14 21:07:42.303430 Hotel: Yes
2024-10-14 21:07:42.303638 Juliett: Yes
2024-10-14 21:07:42.303806 Romeo: Yes
ChatterBot Juliett reevaluating
ChatterBot Romeo reevaluating
ChatterBot Hotel reevaluating
ChatterBot Romeo reevaluating
ChatterBot Hotel reevaluating
ChatterBot Juliett reevaluating
ChatterBot X-ray round 1
ChatterBot X-ray reevaluating
ChatterBot X-ray reevaluating
ChatterBot X-ray reevaluating
ChatterBot X-ray reevaluating
2024-10-14 21:07:42.331593 X-ray: Yes
ChatterBot Hotel reevaluating
ChatterBot Juliett reevaluating
ChatterBot Romeo reevaluating
ChatterBot Kilo round 1
ChatterBot Kilo reevaluating
ChatterBot Kilo reevaluating
ChatterBot Kilo reevaluating
ChatterBot Kilo reevaluating
ChatterBot Kilo reevaluating
2024-10-14 21:07:42.348899 Kilo: Yes
ChatterBot Hotel reevaluating
ChatterBot X-ray reevaluating
ChatterBot Juliett reevaluating
ChatterBot Romeo reevaluating
ChatterBot Oscar round 1
ChatterBot Alpha round 1
randomSelections Foxtrot: {Foxtrot, India, Alpha, Romeo, Juliett, Kilo} 
2024-10-14 21:07:42.362090 Foxtrot: We would work well together
ChatterBot Alpha reevaluating
ChatterBot Romeo reevaluating
ChatterBot Juliett reevaluating
ChatterBot Kilo reevaluating
2024-10-14 21:07:42.370069 India: No
2024-10-14 21:07:42.370212 Alpha: Yes
2024-10-14 21:07:42.370325 Romeo: No
2024-10-14 21:07:42.370430 Juliett: No
2024-10-14 21:07:42.370554 Kilo: No
ChatterBot Alpha reevaluating
ChatterBot Romeo reevaluating
ChatterBot Juliett reevaluating
ChatterBot Kilo reevaluating
ChatterBot Romeo reevaluating
ChatterBot Juliett reevaluating
ChatterBot Kilo reevaluating
ChatterBot Alpha reevaluating
ChatterBot Juliett reevaluating
ChatterBot Kilo reevaluating
ChatterBot Alpha reevaluating
ChatterBot Romeo reevaluating
ChatterBot Kilo reevaluating
ChatterBot Alpha reevaluating
ChatterBot Romeo reevaluating
ChatterBot Juliett reevaluating
randomSelections Victor: {Victor, Alpha, X-ray, India, Foxtrot, Kilo, Oscar} 
2024-10-14 21:07:42.506244 Victor: We should group up
ChatterBot Alpha reevaluating
ChatterBot X-ray reevaluating
ChatterBot Kilo reevaluating
ChatterBot Oscar reevaluating
2024-10-14 21:07:42.515469 Alpha: No
2024-10-14 21:07:42.516324 X-ray: No
2024-10-14 21:07:42.516570 India: No
2024-10-14 21:07:42.516739 Foxtrot: No
2024-10-14 21:07:42.516934 Kilo: No
2024-10-14 21:07:42.517547 Oscar: Yes
ChatterBot X-ray reevaluating
ChatterBot Kilo reevaluating
ChatterBot Oscar reevaluating
ChatterBot Alpha reevaluating
ChatterBot Kilo reevaluating
ChatterBot Oscar reevaluating
ChatterBot Alpha reevaluating
ChatterBot X-ray reevaluating
ChatterBot Kilo reevaluating
ChatterBot Oscar reevaluating
ChatterBot Alpha reevaluating
ChatterBot X-ray reevaluating
ChatterBot Kilo reevaluating
ChatterBot Oscar reevaluating
ChatterBot Alpha reevaluating
ChatterBot X-ray reevaluating
ChatterBot Oscar reevaluating
ChatterBot Alpha reevaluating
ChatterBot X-ray reevaluating
ChatterBot Kilo reevaluating
2024-10-14 21:07:42.585797 Romeo: Juliett, India and Kilo, sending you 2
2024-10-14 21:07:42.588144 Victor: India, X-ray and Alpha, sending you 2
2024-10-14 21:07:42.590635 India: Juliett, sending you 4
2024-10-14 21:07:42.592856 Romeo: Hotel and X-ray, sending you 1
2024-10-14 21:07:42.595102 Kilo: Juliett and India, sending you 2
2024-10-14 21:07:42.597785 India: Romeo and Kilo, sending you 3
2024-10-14 21:07:42.598621 Victor: Foxtrot and Kilo, sending you 3
2024-10-14 21:07:42.600165 Hotel: Juliett, sending you 1
2024-10-14 21:07:42.600907 X-ray: Juliett and Hotel, sending you 3
2024-10-14 21:07:42.604399 Foxtrot: Juliett, sending you 1
2024-10-14 21:07:42.606695 India: Hotel, sending you 2
2024-10-14 21:07:42.607878 Juliett: India, sending you 1
2024-10-14 21:07:42.609619 Kilo: Romeo, sending you 1
2024-10-14 21:07:42.610535 Victor: Oscar, sending you 5
2024-10-14 21:07:42.612136 Hotel: India and Kilo, sending you 2
2024-10-14 21:07:42.614598 X-ray: India, sending you 1
2024-10-14 21:07:42.615802 Oscar: India and X-ray, sending you 1
2024-10-14 21:07:42.617985 Alpha: Juliett, sending you 7
2024-10-14 21:07:42.619713 Foxtrot: India, Romeo and Alpha, sending you 2
2024-10-14 21:07:42.620962 India: X-ray, sending you 6
2024-10-14 21:07:42.622872 Juliett: Romeo, Hotel and X-ray, sending you 2
2024-10-14 21:07:42.624532 Kilo: Hotel and X-ray, sending you 5
2024-10-14 21:07:42.625812 Hotel: X-ray, sending you 5
2024-10-14 21:07:42.627804 X-ray: Romeo, sending you 2
2024-10-14 21:07:42.629465 Oscar: Victor, sending you 2
2024-10-14 21:07:42.630648 Foxtrot: Kilo, sending you 4
2024-10-14 21:07:42.632294 Alpha: India, sending you 2
2024-10-14 21:07:42.632979 Juliett: Kilo, sending you 3
chatterbot Foxtrot submitting transactions
2024-10-14 21:07:42.635099 Oscar: Foxtrot and Kilo, sending you 3
2024-10-14 21:07:42.636710 X-ray: Kilo, sending you 6
2024-10-14 21:07:42.637909 Alpha: Romeo, sending you 1
2024-10-14 21:07:42.643689 Alpha: Kilo, sending you 3
chatterbot India submitting transactions
chatterbot Kilo submitting transactions
chatterbot X-ray submitting transactions
chatterbot Juliett submitting transactions
chatterbot Hotel submitting transactions
chatterbot Romeo submitting transactions
chatterbot Victor submitting transactions
chatterbot Oscar submitting transactions
chatterbot Alpha submitting transactions
ChatterBot Juliett round 2
ChatterBot India round 2
ChatterBot Victor round 2
ChatterBot Romeo round 2
ChatterBot Hotel round 2
ChatterBot Foxtrot round 2
ChatterBot X-ray round 2
ChatterBot Kilo round 2
ChatterBot Oscar round 2
ChatterBot Alpha round 2
2024-10-14 21:07:45.153016 Juliett: We should add Alpha
ChatterBot India reevaluating
ChatterBot Hotel reevaluating
ChatterBot Kilo reevaluating
ChatterBot X-ray reevaluating
ChatterBot Romeo reevaluating
2024-10-14 21:07:45.172088 India: Yes
2024-10-14 21:07:45.172333 Hotel: No
2024-10-14 21:07:45.172531 Kilo: Yes
2024-10-14 21:07:45.172694 X-ray: No
2024-10-14 21:07:45.172911 Romeo: No
ChatterBot Hotel reevaluating
ChatterBot Kilo reevaluating
ChatterBot X-ray reevaluating
ChatterBot Romeo reevaluating
ChatterBot India reevaluating
ChatterBot Kilo reevaluating
ChatterBot X-ray reevaluating
ChatterBot Romeo reevaluating
ChatterBot India reevaluating
ChatterBot Hotel reevaluating
ChatterBot X-ray reevaluating
ChatterBot Romeo reevaluating
ChatterBot India reevaluating
ChatterBot Hotel reevaluating
ChatterBot Kilo reevaluating
ChatterBot Romeo reevaluating
ChatterBot India reevaluating
ChatterBot Hotel reevaluating
ChatterBot Kilo reevaluating
ChatterBot X-ray reevaluating
2024-10-14 21:07:45.280702 Foxtrot: We should group up
ChatterBot Victor reevaluating
ChatterBot Oscar reevaluating
ChatterBot Alpha reevaluating
2024-10-14 21:07:45.292949 Victor: No
2024-10-14 21:07:45.293091 Oscar: Yes
2024-10-14 21:07:45.293219 Alpha: Yes
ChatterBot Oscar reevaluating
ChatterBot Alpha reevaluating
ChatterBot Victor reevaluating
ChatterBot Alpha reevaluating
ChatterBot Victor reevaluating
ChatterBot Oscar reevaluating
2024-10-14 21:07:45.345755 Juliett: Alpha we want you to join our group
ChatterBot Alpha reevaluating
2024-10-14 21:07:45.349771 Alpha: No
ChatterBot India reevaluating
ChatterBot Romeo reevaluating
ChatterBot Hotel reevaluating
ChatterBot X-ray reevaluating
ChatterBot Kilo reevaluating
2024-10-14 21:07:45.371670 Romeo: We should add Foxtrot
ChatterBot India reevaluating
ChatterBot Kilo reevaluating
2024-10-14 21:07:45.387688 India: No
2024-10-14 21:07:45.387857 Hotel: No
2024-10-14 21:07:45.387965 Kilo: Yes
2024-10-14 21:07:45.388078 X-ray: No
2024-10-14 21:07:45.388535 Juliett: No
ChatterBot Kilo reevaluating
ChatterBot India reevaluating
ChatterBot Kilo reevaluating
ChatterBot Romeo reevaluating
ChatterBot India reevaluating
ChatterBot Romeo reevaluating
ChatterBot India reevaluating
ChatterBot Kilo reevaluating
ChatterBot Romeo reevaluating
ChatterBot India reevaluating
ChatterBot Kilo reevaluating
ChatterBot Romeo reevaluating
2024-10-14 21:07:45.622676 Romeo: Alpha we want you to join our group
2024-10-14 21:07:45.628345 Alpha: No
chatterbot Juliett submitting transactions
2024-10-14 21:07:45.714472 Juliett: India, sending you 3
2024-10-14 21:07:45.714796 X-ray: Juliett, sending you 3
2024-10-14 21:07:45.715095 Alpha: Victor, sending you 7
2024-10-14 21:07:45.715311 Kilo: Juliett, India, Romeo and Hotel, sending you 3
2024-10-14 21:07:45.715964 Foxtrot: Victor and Oscar, sending you 4
2024-10-14 21:07:45.716223 Oscar: Juliett, sending you 2
2024-10-14 21:07:45.716440 Victor: Foxtrot and Alpha, sending you 3
2024-10-14 21:07:45.716649 Hotel: Juliett, India and Romeo, sending you 2
2024-10-14 21:07:45.717334 India: Juliett and X-ray, sending you 3
2024-10-14 21:07:45.757301 Juliett: Romeo, X-ray and Kilo, sending you 2
2024-10-14 21:07:45.758054 Alpha: Foxtrot, sending you 6
2024-10-14 21:07:45.758290 X-ray: India, sending you 5
2024-10-14 21:07:45.758630 Kilo: X-ray, sending you 4
2024-10-14 21:07:45.759033 Foxtrot: Alpha, sending you 3
2024-10-14 21:07:45.759708 Oscar: Victor, sending you 5
2024-10-14 21:07:45.759965 Victor: Oscar, sending you 11
2024-10-14 21:07:45.760227 Hotel: X-ray, sending you 3
2024-10-14 21:07:45.761095 India: Romeo, Hotel and Kilo, sending you 4
2024-10-14 21:07:45.761451 Romeo: Sending you each 3
2024-10-14 21:07:45.761937 Juliett: Alpha, sending you 4
2024-10-14 21:07:45.762180 X-ray: Romeo, sending you 2
2024-10-14 21:07:45.776345 Hotel: Kilo, sending you 4
2024-10-14 21:07:45.777540 Oscar: Foxtrot and Alpha, sending you 3
2024-10-14 21:07:45.778014 X-ray: Hotel and Kilo, sending you 4
chatterbot X-ray submitting transactions
chatterbot Romeo submitting transactions
chatterbot Victor submitting transactions
chatterbot Foxtrot submitting transactions
chatterbot Alpha submitting transactions
chatterbot Kilo submitting transactions
chatterbot India submitting transactions
chatterbot Hotel submitting transactions
chatterbot Oscar submitting transactions
ChatterBot Juliett round 3
ChatterBot India round 3
ChatterBot Victor round 3
ChatterBot Romeo round 3
ChatterBot Hotel round 3
ChatterBot Foxtrot round 3
ChatterBot X-ray round 3
ChatterBot Kilo round 3
ChatterBot Oscar round 3
ChatterBot Alpha round 3
2024-10-14 21:07:46.954857 Juliett: We should drop Alpha
2024-10-14 21:07:46.969623 India: Yes
2024-10-14 21:07:46.969806 Hotel: Yes
2024-10-14 21:07:46.970392 Kilo: Yes
2024-10-14 21:07:46.970515 X-ray: Yes
2024-10-14 21:07:46.970638 Romeo: No
ChatterBot Romeo reevaluating
ChatterBot Romeo reevaluating
ChatterBot Romeo reevaluating
ChatterBot Romeo reevaluating
2024-10-14 21:07:47.166082 Kilo: Juliett, India, Romeo and Hotel, sending you 3
2024-10-14 21:07:47.166805 Foxtrot: Sending you each 4
2024-10-14 21:07:47.168077 India: Juliett, Romeo, X-ray and Kilo, sending you 4
2024-10-14 21:07:47.168754 X-ray: Juliett and Romeo, sending you 3
2024-10-14 21:07:47.169812 Alpha: Victor and Foxtrot, sending you 5
2024-10-14 21:07:47.170249 Oscar: Juliett and Alpha, sending you 3
2024-10-14 21:07:47.170744 Victor: Foxtrot, sending you 5
2024-10-14 21:07:47.171107 Hotel: Juliett, sending you 1
2024-10-14 21:07:47.172415 Juliett: India, Romeo, X-ray and Kilo, sending you 3
2024-10-14 21:07:47.173050 Kilo: X-ray, sending you 4
2024-10-14 21:07:47.173611 India: Hotel, sending you 2
2024-10-14 21:07:47.175006 X-ray: India, Hotel and Kilo, sending you 4
2024-10-14 21:07:47.175748 Alpha: Oscar, sending you 3
2024-10-14 21:07:47.176648 Oscar: Victor, sending you 5
2024-10-14 21:07:47.177120 Victor: Oscar and Alpha, sending you 6
2024-10-14 21:07:47.177588 Hotel: India and X-ray, sending you 3
2024-10-14 21:07:47.178837 Juliett: Hotel, sending you 1
2024-10-14 21:07:47.187670 Oscar: Foxtrot, sending you 4
2024-10-14 21:07:47.188574 Hotel: Romeo, sending you 2
2024-10-14 21:07:47.197158 Hotel: Kilo, sending you 4
2024-10-14 21:07:47.197970 Romeo: Juliett, India, X-ray and Kilo, sending you 4
2024-10-14 21:07:47.204422 Romeo: Hotel, sending you 2
chatterbot Foxtrot submitting transactions
chatterbot X-ray submitting transactions
chatterbot Alpha submitting transactions
chatterbot India submitting transactions
chatterbot Oscar submitting transactions
chatterbot Hotel submitting transactions
chatterbot Kilo submitting transactions
chatterbot Victor submitting transactions
chatterbot Juliett submitting transactions
chatterbot Romeo submitting transactions
ChatterBot Juliett round 4
ChatterBot India round 4
ChatterBot Victor round 4
ChatterBot Romeo round 4
ChatterBot Hotel round 4
ChatterBot Foxtrot round 4
ChatterBot X-ray round 4
ChatterBot Kilo round 4
ChatterBot Oscar round 4
ChatterBot Alpha round 4
2024-10-14 21:07:48.414773 Oscar: We should drop Juliett
2024-10-14 21:07:48.426728 Foxtrot: Yes
2024-10-14 21:07:48.427101 Victor: Yes
2024-10-14 21:07:48.427304 Alpha: Yes
2024-10-14 21:07:48.458558 Juliett: India, Romeo, X-ray and Kilo, sending you 3
2024-10-14 21:07:48.459883 India: Juliett, Romeo, X-ray and Kilo, sending you 4
2024-10-14 21:07:48.463683 Juliett: Hotel, sending you 1
2024-10-14 21:07:48.465295 Victor: Foxtrot, sending you 5
2024-10-14 21:07:48.465821 Foxtrot: Victor and Oscar, sending you 4
2024-10-14 21:07:48.466238 Alpha: Victor and Foxtrot, sending you 5
2024-10-14 21:07:48.467144 X-ray: Juliett and Romeo, sending you 3
2024-10-14 21:07:48.467738 India: Hotel, sending you 2
2024-10-14 21:07:48.468695 Hotel: Juliett and Romeo, sending you 2
2024-10-14 21:07:48.469501 Romeo: Juliett, India, X-ray and Kilo, sending you 4
2024-10-14 21:07:48.470514 Kilo: Juliett, India, Romeo and Hotel, sending you 3
2024-10-14 21:07:48.471156 Victor: Oscar and Alpha, sending you 6
2024-10-14 21:07:48.471604 Foxtrot: Alpha, sending you 5
2024-10-14 21:07:48.472457 Alpha: Oscar, sending you 3
2024-10-14 21:07:48.472761 X-ray: India, Hotel and Kilo, sending you 4
2024-10-14 21:07:48.473638 Hotel: India, X-ray and Kilo, sending you 3
2024-10-14 21:07:48.475022 Romeo: Hotel, sending you 2
2024-10-14 21:07:48.476382 Kilo: X-ray, sending you 4
2024-10-14 21:07:48.483817 Oscar: Victor and Foxtrot, sending you 5
2024-10-14 21:07:48.487663 Oscar: Alpha, sending you 4
chatterbot Oscar submitting transactions
chatterbot X-ray submitting transactions
chatterbot Juliett submitting transactions
chatterbot Hotel submitting transactions
chatterbot India submitting transactions
chatterbot Victor submitting transactions
chatterbot Kilo submitting transactions
chatterbot Foxtrot submitting transactions
chatterbot Romeo submitting transactions
chatterbot Alpha submitting transactions
ChatterBot Juliett round 5
ChatterBot India round 5
ChatterBot Victor round 5
ChatterBot Romeo round 5
ChatterBot Hotel round 5
ChatterBot Foxtrot round 5
ChatterBot X-ray round 5
ChatterBot Kilo round 5
ChatterBot Oscar round 5
ChatterBot Alpha round 5
2024-10-14 21:07:49.662735 India: Juliett, Romeo, X-ray and Kilo, sending you 4
2024-10-14 21:07:49.669335 India: Hotel, sending you 2
2024-10-14 21:07:49.671743 Romeo: Juliett, India, X-ray and Kilo, sending you 4
2024-10-14 21:07:49.673498 Hotel: Juliett, India and Romeo, sending you 2
2024-10-14 21:07:49.674447 Kilo: Juliett, India, Romeo and Hotel, sending you 3
2024-10-14 21:07:49.677845 Alpha: Victor and Foxtrot, sending you 5
2024-10-14 21:07:49.678675 Foxtrot: Victor, sending you 4
2024-10-14 21:07:49.679659 Romeo: Hotel, sending you 2
2024-10-14 21:07:49.680636 Hotel: X-ray, sending you 4
2024-10-14 21:07:49.682340 Kilo: X-ray, sending you 4
2024-10-14 21:07:49.684893 X-ray: Juliett, Romeo and Hotel, sending you 3
2024-10-14 21:07:49.686468 Juliett: India, Romeo, X-ray and Kilo, sending you 3
2024-10-14 21:07:49.687750 Alpha: Oscar, sending you 3
2024-10-14 21:07:49.688905 Victor: Foxtrot, sending you 5
2024-10-14 21:07:49.689476 Foxtrot: Oscar and Alpha, sending you 5
2024-10-14 21:07:49.690672 Hotel: Kilo, sending you 3
2024-10-14 21:07:49.691635 X-ray: India, sending you 4
2024-10-14 21:07:49.693315 Oscar: Sending you each 5
2024-10-14 21:07:49.693930 Victor: Oscar and Alpha, sending you 6
2024-10-14 21:07:49.694480 Juliett: Hotel, sending you 1
2024-10-14 21:07:49.695917 X-ray: Kilo, sending you 5
chatterbot Alpha submitting transactions
chatterbot India submitting transactions
chatterbot Victor submitting transactions
chatterbot Hotel submitting transactions
chatterbot Foxtrot submitting transactions
chatterbot Romeo submitting transactions
chatterbot X-ray submitting transactions
chatterbot Kilo submitting transactions
chatterbot Juliett submitting transactions
chatterbot Oscar submitting transactions
ChatterBot Juliett round 6
ChatterBot India round 6
ChatterBot Victor round 6
ChatterBot Romeo round 6
ChatterBot Hotel round 6
ChatterBot Foxtrot round 6
ChatterBot X-ray round 6
ChatterBot Kilo round 6
ChatterBot Oscar round 6
ChatterBot Alpha round 6
2024-10-14 21:07:50.947664 Romeo: Juliett, India, X-ray and Kilo, sending you 4
2024-10-14 21:07:50.950648 India: Juliett, Romeo, X-ray and Kilo, sending you 4
2024-10-14 21:07:50.952651 Romeo: Hotel, sending you 2
2024-10-14 21:07:50.953416 Victor: Foxtrot, sending you 5
2024-10-14 21:07:50.953828 Juliett: India, Romeo, X-ray and Kilo, sending you 3
2024-10-14 21:07:50.955017 India: Hotel, sending you 2
2024-10-14 21:07:50.957687 Juliett: Hotel, sending you 1
2024-10-14 21:07:50.958666 Victor: Oscar and Alpha, sending you 6
2024-10-14 21:07:50.959100 Foxtrot: Victor, sending you 4
2024-10-14 21:07:50.960059 Hotel: Juliett, India and Romeo, sending you 2
2024-10-14 21:07:50.963688 Foxtrot: Oscar and Alpha, sending you 5
2024-10-14 21:07:50.964696 Alpha: Victor and Foxtrot, sending you 5
2024-10-14 21:07:50.965675 Hotel: X-ray, sending you 4
2024-10-14 21:07:50.966675 X-ray: Juliett and Romeo, sending you 3
2024-10-14 21:07:50.968670 Oscar: Victor, sending you 5
2024-10-14 21:07:50.969077 Alpha: Oscar, sending you 3
2024-10-14 21:07:50.969696 Hotel: Kilo, sending you 3
2024-10-14 21:07:50.970706 X-ray: India, Hotel and Kilo, sending you 4
2024-10-14 21:07:50.971689 Kilo: Juliett, India, Romeo and Hotel, sending you 3
2024-10-14 21:07:50.972356 Oscar: Foxtrot, sending you 6
2024-10-14 21:07:50.974688 Kilo: X-ray, sending you 4
2024-10-14 21:07:50.977678 Oscar: Alpha, sending you 4
chatterbot Hotel submitting transactions
chatterbot Foxtrot submitting transactions
chatterbot Romeo submitting transactions
chatterbot Victor submitting transactions
chatterbot Juliett submitting transactions
chatterbot Kilo submitting transactions
chatterbot Oscar submitting transactions
chatterbot X-ray submitting transactions
chatterbot India submitting transactions
chatterbot Alpha submitting transactions
ChatterBot Juliett round 7
ChatterBot India round 7
ChatterBot Victor round 7
ChatterBot Romeo round 7
ChatterBot Hotel round 7
ChatterBot Foxtrot round 7
ChatterBot X-ray round 7
ChatterBot Kilo round 7
ChatterBot Oscar round 7
ChatterBot Alpha round 7
2024-10-14 21:07:52.068662 India: Juliett, Romeo, X-ray and Kilo, sending you 4
2024-10-14 21:07:52.070663 Victor: Foxtrot, sending you 5
2024-10-14 21:07:52.073652 India: Hotel, sending you 2
2024-10-14 21:07:52.074210 Victor: Oscar and Alpha, sending you 6
2024-10-14 21:07:52.074670 Juliett: India, Romeo, X-ray and Kilo, sending you 3
2024-10-14 21:07:52.076665 X-ray: Juliett and Romeo, sending you 3
2024-10-14 21:07:52.077649 Juliett: Hotel, sending you 1
2024-10-14 21:07:52.078652 Foxtrot: Sending you each 5
2024-10-14 21:07:52.080647 Oscar: Victor and Alpha, sending you 5
2024-10-14 21:07:52.081690 X-ray: India, Hotel and Kilo, sending you 4
2024-10-14 21:07:52.085647 Oscar: Foxtrot, sending you 6
2024-10-14 21:07:52.086443 Romeo: Juliett, India, X-ray and Kilo, sending you 4
2024-10-14 21:07:52.087670 Hotel: Juliett, India and Romeo, sending you 2
2024-10-14 21:07:52.088256 Alpha: Victor and Foxtrot, sending you 5
2024-10-14 21:07:52.088721 Kilo: Juliett, India, Romeo and Hotel, sending you 3
2024-10-14 21:07:52.091669 Romeo: Hotel, sending you 2
2024-10-14 21:07:52.092907 Alpha: Oscar, sending you 3
2024-10-14 21:07:52.093233 Hotel: X-ray, sending you 4
2024-10-14 21:07:52.094660 Kilo: X-ray, sending you 4
2024-10-14 21:07:52.098668 Hotel: Kilo, sending you 3
chatterbot Juliett submitting transactions
chatterbot Alpha submitting transactions
chatterbot Kilo submitting transactions
chatterbot Victor submitting transactions
chatterbot Foxtrot submitting transactions
chatterbot Oscar submitting transactions
chatterbot Hotel submitting transactions
chatterbot India submitting transactions
chatterbot X-ray submitting transactions
chatterbot Romeo submitting transactions
ChatterBot Juliett round 8
ChatterBot India round 8
ChatterBot Victor round 8
ChatterBot Romeo round 8
ChatterBot Hotel round 8
ChatterBot Foxtrot round 8
ChatterBot X-ray round 8
ChatterBot Kilo round 8
ChatterBot Oscar round 8
ChatterBot Alpha round 8
2024-10-14 21:07:53.270655 Hotel: Juliett, India and Romeo, sending you 2
2024-10-14 21:07:53.271677 India: Juliett, Romeo, X-ray and Kilo, sending you 4
2024-10-14 21:07:53.272694 Romeo: Juliett, India, X-ray and Kilo, sending you 4
2024-10-14 21:07:53.274697 India: Hotel, sending you 2
2024-10-14 21:07:53.276149 Hotel: X-ray, sending you 4
2024-10-14 21:07:53.276821 Oscar: Victor and Alpha, sending you 5
2024-10-14 21:07:53.277163 Romeo: Hotel, sending you 2
2024-10-14 21:07:53.277727 Alpha: Victor and Foxtrot, sending you 5
2024-10-14 21:07:53.278665 X-ray: Juliett and Romeo, sending you 3
2024-10-14 21:07:53.280693 Foxtrot: Same as last round
2024-10-14 21:07:53.281059 Juliett: India, Romeo, X-ray and Kilo, sending you 3
2024-10-14 21:07:53.281686 Hotel: Kilo, sending you 3
2024-10-14 21:07:53.282321 Oscar: Foxtrot, sending you 6
2024-10-14 21:07:53.282673 Alpha: Oscar, sending you 3
2024-10-14 21:07:53.283021 X-ray: India, Hotel and Kilo, sending you 4
2024-10-14 21:07:53.285658 Victor: Foxtrot, sending you 5
2024-10-14 21:07:53.286017 Juliett: Hotel, sending you 1
2024-10-14 21:07:53.287662 Kilo: Juliett, India, Romeo and Hotel, sending you 3
2024-10-14 21:07:53.289661 Victor: Oscar and Alpha, sending you 6
2024-10-14 21:07:53.292649 Kilo: X-ray, sending you 4
chatterbot Juliett submitting transactions
chatterbot X-ray submitting transactions
chatterbot Kilo submitting transactions
chatterbot Alpha submitting transactions
chatterbot Hotel submitting transactions
chatterbot Victor submitting transactions
chatterbot Oscar submitting transactions
chatterbot India submitting transactions
chatterbot Foxtrot submitting transactions
chatterbot Romeo submitting transactions
ChatterBot Juliett round 9
ChatterBot India round 9
ChatterBot Victor round 9
ChatterBot Romeo round 9
ChatterBot Hotel round 9
ChatterBot Foxtrot round 9
ChatterBot X-ray round 9
ChatterBot Kilo round 9
ChatterBot Oscar round 9
ChatterBot Alpha round 9
2024-10-14 21:07:54.401709 India: Juliett, Romeo, X-ray and Kilo, sending you 4
2024-10-14 21:07:54.406708 Juliett: India, Romeo, X-ray and Kilo, sending you 3
2024-10-14 21:07:54.409589 Oscar: Victor and Alpha, sending you 5
2024-10-14 21:07:54.411669 India: Hotel, sending you 2
2024-10-14 21:07:54.413602 Kilo: Juliett, India, Romeo and Hotel, sending you 3
2024-10-14 21:07:54.414665 Hotel: Juliett, India and Romeo, sending you 2
2024-10-14 21:07:54.416885 Juliett: Hotel, sending you 1
2024-10-14 21:07:54.419143 Alpha: Victor and Foxtrot, sending you 5
2024-10-14 21:07:54.420107 Oscar: Foxtrot, sending you 6
2024-10-14 21:07:54.422133 Kilo: X-ray, sending you 4
2024-10-14 21:07:54.424801 Hotel: X-ray, sending you 4
2024-10-14 21:07:54.426487 Romeo: Juliett, India, X-ray and Kilo, sending you 4
2024-10-14 21:07:54.428828 Foxtrot: Victor and Oscar, sending you 5
2024-10-14 21:07:54.429784 X-ray: Juliett and Romeo, sending you 3
2024-10-14 21:07:54.432480 Alpha: Oscar, sending you 3
2024-10-14 21:07:54.434310 Victor: Foxtrot, sending you 5
2024-10-14 21:07:54.435015 Hotel: Kilo, sending you 3
2024-10-14 21:07:54.436902 Romeo: Hotel, sending you 2
2024-10-14 21:07:54.437881 Foxtrot: Alpha, sending you 6
2024-10-14 21:07:54.439361 X-ray: India, Hotel and Kilo, sending you 4
2024-10-14 21:07:54.440559 Victor: Oscar and Alpha, sending you 6
chatterbot Alpha submitting transactions
chatterbot Juliett submitting transactions
chatterbot Hotel submitting transactions
chatterbot Foxtrot submitting transactions
chatterbot Romeo submitting transactions
chatterbot Kilo submitting transactions
chatterbot X-ray submitting transactions
chatterbot India submitting transactions
chatterbot Victor submitting transactions
chatterbot Oscar submitting transactions
ChatterBot Juliett round 10
ChatterBot India round 10
ChatterBot Victor round 10
ChatterBot Romeo round 10
ChatterBot Hotel round 10
ChatterBot Foxtrot round 10
ChatterBot X-ray round 10
ChatterBot Kilo round 10
ChatterBot Oscar round 10
ChatterBot Alpha round 10
2024-10-14 21:07:55.589170 Oscar: We should add Hotel
2024-10-14 21:07:55.597157 Foxtrot: No
2024-10-14 21:07:55.597336 Victor: No
2024-10-14 21:07:55.597468 Alpha: No
ChatterBot Oscar reevaluating
ChatterBot Oscar reevaluating
ChatterBot Oscar reevaluating
2024-10-14 21:07:55.629718 Juliett: India, Romeo, X-ray and Kilo, sending you 3
2024-10-14 21:07:55.631281 India: Juliett, Romeo, X-ray and Kilo, sending you 4
2024-10-14 21:07:55.633697 Juliett: Hotel, sending you 1
2024-10-14 21:07:55.635203 Oscar: Hotel we want you to join our group
2024-10-14 21:07:55.639602 Hotel: No
ChatterBot Oscar reevaluating
2024-10-14 21:07:55.649484 Foxtrot: Victor and Oscar, sending you 5
2024-10-14 21:07:55.650212 India: Hotel, sending you 2
2024-10-14 21:07:55.650951 Romeo: Sending you each 1
2024-10-14 21:07:55.653677 Foxtrot: Alpha, sending you 6
2024-10-14 21:07:55.654682 Hotel: Juliett, India and Romeo, sending you 2
2024-10-14 21:07:55.656232 Kilo: Juliett, India, Romeo and Hotel, sending you 3
2024-10-14 21:07:55.656929 X-ray: Juliett and Romeo, sending you 3
2024-10-14 21:07:55.658192 Victor: Foxtrot and Alpha, sending you 6
2024-10-14 21:07:55.658644 Alpha: Victor and Foxtrot, sending you 5
2024-10-14 21:07:55.659686 Kilo: X-ray, sending you 4
2024-10-14 21:07:55.660914 Hotel: X-ray, sending you 4
2024-10-14 21:07:55.662230 Victor: Oscar, sending you 5
2024-10-14 21:07:55.662636 X-ray: India, Hotel and Kilo, sending you 4
2024-10-14 21:07:55.663483 Alpha: Oscar, sending you 3
2024-10-14 21:07:55.666726 Hotel: Kilo, sending you 3
2024-10-14 21:07:55.671670 Oscar: Victor and Alpha, sending you 5
2024-10-14 21:07:55.676689 Oscar: Foxtrot, sending you 6
chatterbot Foxtrot submitting transactions
chatterbot Alpha submitting transactions
chatterbot India submitting transactions
chatterbot Kilo submitting transactions
chatterbot Oscar submitting transactions
chatterbot Romeo submitting transactions
chatterbot Hotel submitting transactions
chatterbot X-ray submitting transactions
chatterbot Juliett submitting transactions
chatterbot Victor submitting transactions
ChatterBot Juliett round 11
ChatterBot India round 11
ChatterBot Victor round 11
ChatterBot Romeo round 11
ChatterBot Hotel round 11
ChatterBot Foxtrot round 11
2024-10-14 21:07:56.568431 Juliett: We should add Foxtrot
ChatterBot Hotel reevaluating
2024-10-14 21:07:56.590412 India: No
2024-10-14 21:07:56.590677 Hotel: Yes
2024-10-14 21:07:56.590917 Kilo: No
2024-10-14 21:07:56.591138 X-ray: No
2024-10-14 21:07:56.591350 Romeo: No
ChatterBot Hotel reevaluating
ChatterBot Juliett reevaluating
ChatterBot Romeo reevaluating
ChatterBot Juliett reevaluating
ChatterBot Romeo reevaluating
ChatterBot Hotel reevaluating
ChatterBot Juliett reevaluating
ChatterBot Romeo reevaluating
ChatterBot Hotel reevaluating
ChatterBot Juliett reevaluating
ChatterBot Romeo reevaluating
ChatterBot Hotel reevaluating
ChatterBot Juliett reevaluating
ChatterBot X-ray round 11
ChatterBot Kilo round 11
ChatterBot Oscar round 11
ChatterBot Alpha round 11
2024-10-14 21:07:56.688247 Oscar: We should add X-ray
2024-10-14 21:07:56.694997 Foxtrot: Yes
2024-10-14 21:07:56.695178 Victor: Yes
2024-10-14 21:07:56.695303 Alpha: Yes
ChatterBot Oscar reevaluating
ChatterBot Oscar reevaluating
2024-10-14 21:07:56.736786 Oscar: X-ray we want you to join our group
2024-10-14 21:07:56.741041 X-ray: No
ChatterBot Oscar reevaluating
2024-10-14 21:07:56.756685 Juliett: India, Romeo, X-ray and Kilo, sending you 3
2024-10-14 21:07:56.758311 X-ray: Juliett and Romeo, sending you 3
2024-10-14 21:07:56.759152 Romeo: Juliett, India, X-ray and Kilo, sending you 4
2024-10-14 21:07:56.760281 Victor: Foxtrot and Alpha, sending you 6
2024-10-14 21:07:56.760749 India: Juliett, Romeo, X-ray and Kilo, sending you 4
2024-10-14 21:07:56.761446 Hotel: Juliett, India and Romeo, sending you 2
2024-10-14 21:07:56.762699 Foxtrot: Victor, sending you 5
2024-10-14 21:07:56.763219 Kilo: Juliett, Romeo and Hotel, sending you 3
2024-10-14 21:07:56.764094 Juliett: Hotel, sending you 1
2024-10-14 21:07:56.765400 Romeo: Hotel, sending you 2
2024-10-14 21:07:56.766076 X-ray: India, Hotel and Kilo, sending you 4
2024-10-14 21:07:56.767491 Victor: Oscar, sending you 5
2024-10-14 21:07:56.768131 India: Hotel, sending you 2
2024-10-14 21:07:56.769311 Hotel: X-ray, sending you 4
2024-10-14 21:07:56.770637 Foxtrot: Oscar and Alpha, sending you 6
2024-10-14 21:07:56.771051 Kilo: India and X-ray, sending you 4
2024-10-14 21:07:56.773679 Hotel: Kilo, sending you 3
2024-10-14 21:07:56.774697 Alpha: Victor and Foxtrot, sending you 3
2024-10-14 21:07:56.778702 Alpha: Oscar, sending you 2
2024-10-14 21:07:56.779312 Alpha: I was attacked by Romeo
ChatterBot Foxtrot reevaluating
ChatterBot Victor reevaluating
ChatterBot Oscar reevaluating
2024-10-14 21:07:56.790648 Alpha: Ow
2024-10-14 21:07:56.825672 Oscar: Victor and Foxtrot, sending you 5
2024-10-14 21:07:56.829672 Oscar: X-ray, sending you 3
2024-10-14 21:07:56.832668 Oscar: Alpha, sending you 4
chatterbot Hotel submitting transactions
chatterbot X-ray submitting transactions
chatterbot Juliett submitting transactions
chatterbot Romeo submitting transactions
chatterbot Oscar submitting transactions
chatterbot India submitting transactions
chatterbot Alpha submitting transactions
chatterbot Victor submitting transactions
chatterbot Kilo submitting transactions
chatterbot Foxtrot submitting transactions
ChatterBot Juliett round 12
ChatterBot India round 12
ChatterBot Victor round 12
ChatterBot Romeo round 12
ChatterBot Hotel round 12
ChatterBot Foxtrot round 12
ChatterBot X-ray round 12
ChatterBot Kilo round 12
ChatterBot Oscar round 12
ChatterBot Alpha round 12
2024-10-14 21:07:57.993226 Hotel: We should add Oscar
ChatterBot Juliett reevaluating
ChatterBot Romeo reevaluating
2024-10-14 21:07:58.016917 India: No
2024-10-14 21:07:58.017138 Kilo: No
2024-10-14 21:07:58.017337 X-ray: No
2024-10-14 21:07:58.017510 Juliett: Yes
2024-10-14 21:07:58.017689 Romeo: Yes
ChatterBot Hotel reevaluating
ChatterBot Juliett reevaluating
ChatterBot Romeo reevaluating
ChatterBot Hotel reevaluating
ChatterBot Juliett reevaluating
ChatterBot Romeo reevaluating
ChatterBot Hotel reevaluating
ChatterBot Juliett reevaluating
ChatterBot Romeo reevaluating
ChatterBot Hotel reevaluating
ChatterBot Romeo reevaluating
ChatterBot Hotel reevaluating
ChatterBot Juliett reevaluating
2024-10-14 21:07:58.115068 Oscar: We should replace X-ray with Hotel
2024-10-14 21:07:58.122235 Foxtrot: No
2024-10-14 21:07:58.122422 Victor: No
2024-10-14 21:07:58.122542 Alpha: No
ChatterBot Oscar reevaluating
ChatterBot Oscar reevaluating
2024-10-14 21:07:58.152296 Kilo: Oscar we want you to join our group
ChatterBot Oscar reevaluating
2024-10-14 21:07:58.157394 Oscar: No
ChatterBot Kilo reevaluating
ChatterBot Hotel reevaluating
2024-10-14 21:07:58.177694 Victor: Foxtrot and Alpha, sending you 6
2024-10-14 21:07:58.179004 India: Juliett, Romeo, X-ray and Kilo, sending you 4
2024-10-14 21:07:58.182263 Oscar: Hotel we want you to join our group
ChatterBot Hotel reevaluating
2024-10-14 21:07:58.193585 Hotel: No
ChatterBot Oscar reevaluating
2024-10-14 21:07:58.223815 Romeo: Juliett, India, X-ray and Kilo, sending you 4
2024-10-14 21:07:58.226683 Juliett: India, Romeo, X-ray and Kilo, sending you 3
2024-10-14 21:07:58.227859 Victor: Oscar, sending you 5
2024-10-14 21:07:58.229186 India: Hotel, sending you 2
2024-10-14 21:07:58.230702 Romeo: Hotel, sending you 2
2024-10-14 21:07:58.232561 Juliett: Hotel, sending you 1
2024-10-14 21:07:58.234349 Alpha: Victor and Foxtrot, sending you 4
2024-10-14 21:07:58.234995 Foxtrot: Victor and Oscar, sending you 6
2024-10-14 21:07:58.235590 X-ray: Juliett and Romeo, sending you 3
2024-10-14 21:07:58.239689 Alpha: Oscar, sending you 2
2024-10-14 21:07:58.240365 Foxtrot: Alpha, sending you 5
2024-10-14 21:07:58.241713 X-ray: India, Hotel and Kilo, sending you 4
2024-10-14 21:07:58.243048 Kilo: Juliett, Romeo and Hotel, sending you 3
2024-10-14 21:07:58.248709 Kilo: India and X-ray, sending you 4
2024-10-14 21:07:58.249684 Oscar: Victor and Foxtrot, sending you 5
2024-10-14 21:07:58.250250 Hotel: Juliett, India and Romeo, sending you 2
2024-10-14 21:07:58.254689 Oscar: Hotel, sending you 3
2024-10-14 21:07:58.255385 Hotel: X-ray, sending you 4
2024-10-14 21:07:58.258657 Oscar: Alpha, sending you 4
2024-10-14 21:07:58.260665 Hotel: Kilo, sending you 3
chatterbot Foxtrot submitting transactions
chatterbot Alpha submitting transactions
chatterbot Oscar submitting transactions
chatterbot Kilo submitting transactions
chatterbot Juliett submitting transactions
chatterbot X-ray submitting transactions
chatterbot India submitting transactions
chatterbot Hotel submitting transactions
chatterbot Victor submitting transactions
chatterbot Romeo submitting transactions
ChatterBot Juliett round 13
ChatterBot India round 13
ChatterBot Victor round 13
ChatterBot Romeo round 13
ChatterBot Hotel round 13
ChatterBot Foxtrot round 13
ChatterBot X-ray round 13
ChatterBot Kilo round 13
ChatterBot Oscar round 13
ChatterBot Alpha round 13
2024-10-14 21:07:59.295960 Oscar: We should replace Hotel with India
2024-10-14 21:07:59.335606 Foxtrot: No
2024-10-14 21:07:59.335872 Victor: No
2024-10-14 21:07:59.336018 Alpha: No
ChatterBot Oscar reevaluating
ChatterBot Oscar reevaluating
ChatterBot Oscar reevaluating
2024-10-14 21:07:59.458406 Hotel: We should add Oscar
ChatterBot Kilo reevaluating
2024-10-14 21:07:59.488604 India: No
2024-10-14 21:07:59.489927 Kilo: Yes
2024-10-14 21:07:59.490328 X-ray: No
2024-10-14 21:07:59.490722 Juliett: No
2024-10-14 21:07:59.491079 Romeo: No
ChatterBot Hotel reevaluating
ChatterBot Kilo reevaluating
ChatterBot X-ray reevaluating
ChatterBot Hotel reevaluating
ChatterBot X-ray reevaluating
ChatterBot Romeo reevaluating
ChatterBot Hotel reevaluating
ChatterBot Kilo reevaluating
ChatterBot Romeo reevaluating
ChatterBot Hotel reevaluating
ChatterBot Kilo reevaluating
ChatterBot X-ray reevaluating
ChatterBot Romeo reevaluating
ChatterBot Hotel reevaluating
ChatterBot Kilo reevaluating
ChatterBot X-ray reevaluating
2024-10-14 21:07:59.616474 Oscar: We should replace Hotel with X-ray
2024-10-14 21:07:59.628154 Foxtrot: No
2024-10-14 21:07:59.629296 Victor: No
2024-10-14 21:07:59.629459 Alpha: No
ChatterBot Oscar reevaluating
ChatterBot Oscar reevaluating
ChatterBot Oscar reevaluating
2024-10-14 21:07:59.669562 Hotel: We should add Victor
ChatterBot Kilo reevaluating
ChatterBot X-ray reevaluating
ChatterBot Romeo reevaluating
2024-10-14 21:07:59.691394 India: No
2024-10-14 21:07:59.691598 Kilo: No
2024-10-14 21:07:59.691746 X-ray: No
2024-10-14 21:07:59.691868 Juliett: No
2024-10-14 21:07:59.691990 Romeo: No
ChatterBot Hotel reevaluating
ChatterBot Kilo reevaluating
ChatterBot X-ray reevaluating
ChatterBot Romeo reevaluating
ChatterBot Hotel reevaluating
ChatterBot X-ray reevaluating
ChatterBot Romeo reevaluating
ChatterBot Hotel reevaluating
ChatterBot Kilo reevaluating
ChatterBot Romeo reevaluating
ChatterBot Hotel reevaluating
ChatterBot Kilo reevaluating
ChatterBot X-ray reevaluating
ChatterBot Romeo reevaluating
ChatterBot Hotel reevaluating
ChatterBot Kilo reevaluating
ChatterBot X-ray reevaluating
2024-10-14 21:07:59.830153 Oscar: We should replace Hotel with Kilo
2024-10-14 21:07:59.842318 Foxtrot: No
2024-10-14 21:07:59.842542 Victor: No
2024-10-14 21:07:59.842733 Alpha: No
ChatterBot Oscar reevaluating
ChatterBot Alpha reevaluating
ChatterBot Oscar reevaluating
ChatterBot Alpha reevaluating
ChatterBot Oscar reevaluating
2024-10-14 21:07:59.882344 India: Juliett, Romeo, X-ray and Kilo, sending you 4
2024-10-14 21:07:59.884677 Juliett: India, Romeo, X-ray and Kilo, sending you 3
2024-10-14 21:07:59.885805 Victor: Foxtrot and Alpha, sending you 6
2024-10-14 21:07:59.886670 Foxtrot: Victor and Oscar, sending you 6
2024-10-14 21:07:59.888656 India: Hotel, sending you 2
2024-10-14 21:07:59.889912 Juliett: Hotel, sending you 1
2024-10-14 21:07:59.890929 Victor: Oscar, sending you 5
2024-10-14 21:07:59.892006 Oscar: India we want you to join our group
2024-10-14 21:07:59.896676 India: No
ChatterBot Oscar reevaluating
ChatterBot Alpha reevaluating
2024-10-14 21:07:59.907998 Foxtrot: Alpha, sending you 5
2024-10-14 21:07:59.910668 Kilo: Juliett, India, Romeo and Hotel, sending you 3
2024-10-14 21:07:59.912115 Hotel: Juliett, India and Romeo, sending you 2
2024-10-14 21:07:59.912949 X-ray: Juliett and Romeo, sending you 3
2024-10-14 21:07:59.913943 Romeo: Juliett, India, X-ray and Kilo, sending you 4
2024-10-14 21:07:59.916705 Kilo: X-ray, sending you 5
2024-10-14 21:07:59.917675 Hotel: X-ray, sending you 4
2024-10-14 21:07:59.918842 X-ray: India, Hotel and Kilo, sending you 4
2024-10-14 21:07:59.919598 Romeo: Hotel, sending you 2
2024-10-14 21:07:59.922650 Oscar: Victor and Foxtrot, sending you 5
2024-10-14 21:07:59.923980 Hotel: Kilo, sending you 3
2024-10-14 21:07:59.926673 Oscar: Hotel, sending you 3
chatterbot Juliett submitting transactions
2024-10-14 21:07:59.929787 Oscar: Alpha, sending you 4
2024-10-14 21:07:59.935005 Alpha: Victor, sending you 4
2024-10-14 21:07:59.938655 Alpha: Foxtrot, sending you 5
2024-10-14 21:07:59.943660 Alpha: Oscar, sending you 3
chatterbot India submitting transactions
chatterbot Victor submitting transactions
chatterbot X-ray submitting transactions
chatterbot Foxtrot submitting transactions
chatterbot Kilo submitting transactions
chatterbot Hotel submitting transactions
chatterbot Oscar submitting transactions
chatterbot Alpha submitting transactions
chatterbot Romeo submitting transactions
ChatterBot Juliett round 14
ChatterBot India round 14
ChatterBot Victor round 14
ChatterBot Romeo round 14
ChatterBot Hotel round 14
ChatterBot Foxtrot round 14
ChatterBot X-ray round 14
ChatterBot Kilo round 14
ChatterBot Oscar round 14
ChatterBot Alpha round 14
2024-10-14 21:08:01.111465 Romeo: We should add Foxtrot
ChatterBot Kilo reevaluating
2024-10-14 21:08:01.136936 India: No
2024-10-14 21:08:01.137452 Hotel: No
2024-10-14 21:08:01.137864 Kilo: Yes
2024-10-14 21:08:01.138655 X-ray: No
2024-10-14 21:08:01.139027 Juliett: No
ChatterBot Kilo reevaluating
ChatterBot Romeo reevaluating
ChatterBot Kilo reevaluating
ChatterBot Romeo reevaluating
ChatterBot Hotel reevaluating
ChatterBot Romeo reevaluating
ChatterBot Hotel reevaluating
ChatterBot Kilo reevaluating
ChatterBot Romeo reevaluating
ChatterBot Hotel reevaluating
ChatterBot Kilo reevaluating
ChatterBot Romeo reevaluating
2024-10-14 21:08:01.281928 Oscar: We should replace Hotel with X-ray
2024-10-14 21:08:01.295745 Foxtrot: No
2024-10-14 21:08:01.296069 Victor: No
2024-10-14 21:08:01.297240 Alpha: No
ChatterBot Oscar reevaluating
ChatterBot Oscar reevaluating
ChatterBot Oscar reevaluating
2024-10-14 21:08:01.355610 Oscar: We should replace Hotel with India
2024-10-14 21:08:01.367071 Foxtrot: No
