ChatterBot Mike round 1
ChatterBot Sierra round 1
ChatterBot Whiskey round 1
ChatterBot Charlie round 1
ChatterBot Oscar round 1
ChatterBot Kilo round 1
ChatterBot Zulu round 1
ChatterBot Golf round 1
ChatterBot X-ray round 1
ChatterBot Hotel round 1
randomSelections Mike: {Mike, Golf, Zulu, Kilo, Hotel, Whiskey, X-ray} 
2024-10-15 04:54:14.773930 Mike: Friends?
ChatterBot Golf reevaluating
ChatterBot Zulu reevaluating
ChatterBot Kilo reevaluating
ChatterBot Hotel reevaluating
ChatterBot Whiskey reevaluating
ChatterBot X-ray reevaluating
2024-10-15 04:54:14.790085 Golf: Yes
2024-10-15 04:54:14.790259 Zulu: Yes
2024-10-15 04:54:14.790417 Kilo: Yes
2024-10-15 04:54:14.790644 Hotel: Yes
2024-10-15 04:54:14.790881 Whiskey: Yes
2024-10-15 04:54:14.792067 X-ray: Yes
ChatterBot Zulu reevaluating
ChatterBot Kilo reevaluating
ChatterBot Hotel reevaluating
ChatterBot Whiskey reevaluating
ChatterBot X-ray reevaluating
ChatterBot Golf reevaluating
ChatterBot Kilo reevaluating
ChatterBot Hotel reevaluating
ChatterBot Whiskey reevaluating
ChatterBot X-ray reevaluating
ChatterBot Golf reevaluating
ChatterBot Zulu reevaluating
ChatterBot Hotel reevaluating
ChatterBot Whiskey reevaluating
ChatterBot X-ray reevaluating
ChatterBot Golf reevaluating
ChatterBot Zulu reevaluating
ChatterBot Kilo reevaluating
ChatterBot Whiskey reevaluating
ChatterBot X-ray reevaluating
ChatterBot Golf reevaluating
ChatterBot Zulu reevaluating
ChatterBot Kilo reevaluating
ChatterBot Hotel reevaluating
ChatterBot X-ray reevaluating
ChatterBot Golf reevaluating
ChatterBot Zulu reevaluating
ChatterBot Kilo reevaluating
ChatterBot Hotel reevaluating
ChatterBot Whiskey reevaluating
randomSelections Sierra: {Sierra, Kilo, Mike, Charlie, X-ray, Hotel, Zulu, Whiskey} 
2024-10-15 04:54:14.872355 Sierra: Group up?
ChatterBot Kilo reevaluating
ChatterBot Charlie reevaluating
ChatterBot X-ray reevaluating
ChatterBot Hotel reevaluating
ChatterBot Zulu reevaluating
ChatterBot Whiskey reevaluating
2024-10-15 04:54:14.886665 Kilo: No
2024-10-15 04:54:14.888047 Mike: No
2024-10-15 04:54:14.888246 Charlie: Yes
2024-10-15 04:54:14.888390 X-ray: No
2024-10-15 04:54:14.888553 Hotel: No
2024-10-15 04:54:14.888709 Zulu: No
2024-10-15 04:54:14.888853 Whiskey: No
ChatterBot Charlie reevaluating
ChatterBot X-ray reevaluating
ChatterBot Hotel reevaluating
ChatterBot Zulu reevaluating
ChatterBot Whiskey reevaluating
ChatterBot Kilo reevaluating
ChatterBot Charlie reevaluating
ChatterBot X-ray reevaluating
ChatterBot Hotel reevaluating
ChatterBot Zulu reevaluating
ChatterBot Whiskey reevaluating
ChatterBot Kilo reevaluating
ChatterBot X-ray reevaluating
ChatterBot Hotel reevaluating
ChatterBot Zulu reevaluating
ChatterBot Whiskey reevaluating
ChatterBot Kilo reevaluating
ChatterBot Charlie reevaluating
ChatterBot Hotel reevaluating
ChatterBot Zulu reevaluating
ChatterBot Whiskey reevaluating
ChatterBot Kilo reevaluating
ChatterBot Charlie reevaluating
ChatterBot X-ray reevaluating
ChatterBot Zulu reevaluating
ChatterBot Whiskey reevaluating
ChatterBot Kilo reevaluating
ChatterBot Charlie reevaluating
ChatterBot X-ray reevaluating
ChatterBot Hotel reevaluating
ChatterBot Whiskey reevaluating
ChatterBot Kilo reevaluating
ChatterBot Charlie reevaluating
ChatterBot X-ray reevaluating
ChatterBot Hotel reevaluating
ChatterBot Zulu reevaluating
randomSelections Oscar: {Oscar, Whiskey, Mike, Sierra, Charlie, Hotel} 
2024-10-15 04:54:15.116452 Oscar: Can we be friends?
ChatterBot Whiskey reevaluating
ChatterBot Charlie reevaluating
ChatterBot Hotel reevaluating
2024-10-15 04:54:15.123523 Whiskey: No
2024-10-15 04:54:15.124041 Mike: No
2024-10-15 04:54:15.124339 Sierra: No
2024-10-15 04:54:15.125188 Charlie: No
2024-10-15 04:54:15.125375 Hotel: No
ChatterBot Charlie reevaluating
ChatterBot Hotel reevaluating
ChatterBot Whiskey reevaluating
ChatterBot Charlie reevaluating
ChatterBot Hotel reevaluating
ChatterBot Whiskey reevaluating
ChatterBot Charlie reevaluating
ChatterBot Hotel reevaluating
ChatterBot Whiskey reevaluating
ChatterBot Hotel reevaluating
ChatterBot Whiskey reevaluating
ChatterBot Charlie reevaluating
2024-10-15 04:54:15.170948 Sierra: Mike, X-ray and Hotel, sending you 2
2024-10-15 04:54:15.172676 X-ray: Mike, sending you 2
2024-10-15 04:54:15.173692 Mike: Whiskey, Kilo, Zulu, Golf and X-ray, sending you 3
2024-10-15 04:54:15.175185 Zulu: Mike and Hotel, sending you 1
2024-10-15 04:54:15.176119 Sierra: Whiskey, sending you 3
2024-10-15 04:54:15.177093 Oscar: Mike, sending you 1
2024-10-15 04:54:15.178918 X-ray: Whiskey, sending you 5
2024-10-15 04:54:15.180045 Mike: Hotel, sending you 4
2024-10-15 04:54:15.180757 Zulu: Whiskey, sending you 2
2024-10-15 04:54:15.181671 Sierra: Charlie, sending you 4
2024-10-15 04:54:15.182331 Charlie: Mike, Sierra and Whiskey, sending you 3
2024-10-15 04:54:15.183317 Oscar: Sierra, sending you 4
2024-10-15 04:54:15.184684 Whiskey: Mike, sending you 2
2024-10-15 04:54:15.185191 Hotel: Mike, sending you 1
2024-10-15 04:54:15.185797 X-ray: Kilo, Zulu and Golf, sending you 3
2024-10-15 04:54:15.186681 Zulu: X-ray, sending you 4
2024-10-15 04:54:15.187478 Sierra: Kilo, sending you 5
2024-10-15 04:54:15.188199 Charlie: Kilo, sending you 2
2024-10-15 04:54:15.189491 Oscar: Charlie, sending you 2
2024-10-15 04:54:15.190114 Golf: Mike, sending you 3
2024-10-15 04:54:15.190731 Whiskey: Kilo and Hotel, sending you 1
2024-10-15 04:54:15.191480 X-ray: Hotel, sending you 4
2024-10-15 04:54:15.192045 Kilo: Mike and Golf, sending you 5
2024-10-15 04:54:15.192568 Hotel: Whiskey, Kilo, Golf and X-ray, sending you 3
2024-10-15 04:54:15.193156 Charlie: Zulu, X-ray and Hotel, sending you 1
2024-10-15 04:54:15.194127 Oscar: Hotel, sending you 3
2024-10-15 04:54:15.195657 Whiskey: Zulu, sending you 5
2024-10-15 04:54:15.196449 Kilo: Whiskey and Hotel, sending you 3
2024-10-15 04:54:15.197282 Golf: Whiskey, sending you 1
2024-10-15 04:54:15.197698 Hotel: Zulu, sending you 2
2024-10-15 04:54:15.200358 Kilo: Zulu and X-ray, sending you 1
2024-10-15 04:54:15.201642 Whiskey: Golf and X-ray, sending you 4
2024-10-15 04:54:15.202465 Golf: Kilo, X-ray and Hotel, sending you 4
2024-10-15 04:54:15.206027 Golf: Zulu, sending you 2
chatterbot Sierra submitting transactions
chatterbot Zulu submitting transactions
chatterbot Mike submitting transactions
chatterbot X-ray submitting transactions
chatterbot Charlie submitting transactions
chatterbot Oscar submitting transactions
chatterbot Kilo submitting transactions
chatterbot Hotel submitting transactions
chatterbot Whiskey submitting transactions
chatterbot Golf submitting transactions
ChatterBot Mike round 2
ChatterBot Sierra round 2
ChatterBot Whiskey round 2
ChatterBot Charlie round 2
ChatterBot Oscar round 2
2024-10-15 04:54:16.749981 Whiskey: We should add Sierra
ChatterBot Mike reevaluating
ChatterBot Golf reevaluating
ChatterBot Zulu reevaluating
ChatterBot Kilo reevaluating
ChatterBot Hotel reevaluating
ChatterBot X-ray reevaluating
2024-10-15 04:54:16.986602 Mike: No
2024-10-15 04:54:16.986897 Golf: Yes
2024-10-15 04:54:16.987082 Zulu: Yes
2024-10-15 04:54:16.987306 Kilo: No
2024-10-15 04:54:16.987500 Hotel: No
2024-10-15 04:54:16.988327 X-ray: No
ChatterBot Golf reevaluating
ChatterBot Zulu reevaluating
ChatterBot Kilo reevaluating
ChatterBot Hotel reevaluating
ChatterBot X-ray reevaluating
ChatterBot Mike reevaluating
ChatterBot Zulu reevaluating
ChatterBot Kilo reevaluating
ChatterBot Hotel reevaluating
ChatterBot X-ray reevaluating
ChatterBot Mike reevaluating
ChatterBot Golf reevaluating
ChatterBot Kilo reevaluating
ChatterBot Hotel reevaluating
ChatterBot X-ray reevaluating
ChatterBot Mike reevaluating
ChatterBot Golf reevaluating
ChatterBot Zulu reevaluating
ChatterBot Hotel reevaluating
ChatterBot X-ray reevaluating
ChatterBot Mike reevaluating
ChatterBot Golf reevaluating
ChatterBot Zulu reevaluating
ChatterBot Kilo reevaluating
ChatterBot Whiskey reevaluating
ChatterBot X-ray reevaluating
ChatterBot Mike reevaluating
ChatterBot Golf reevaluating
ChatterBot Zulu reevaluating
ChatterBot Kilo reevaluating
ChatterBot Hotel reevaluating
ChatterBot Whiskey reevaluating
ChatterBot Kilo round 2
ChatterBot Zulu round 2
ChatterBot Golf round 2
2024-10-15 04:54:17.383570 Sierra: We should add Oscar and Golf
ChatterBot Kilo reevaluating
ChatterBot Mike reevaluating
ChatterBot Charlie reevaluating
ChatterBot X-ray reevaluating
ChatterBot Hotel reevaluating
ChatterBot Zulu reevaluating
ChatterBot Whiskey reevaluating
2024-10-15 04:54:17.432533 Kilo: No
2024-10-15 04:54:17.432722 Mike: No
2024-10-15 04:54:17.432877 Charlie: No
2024-10-15 04:54:17.433578 X-ray: No
2024-10-15 04:54:17.433703 Hotel: No
2024-10-15 04:54:17.433819 Zulu: No
2024-10-15 04:54:17.433953 Whiskey: No
ChatterBot Sierra reevaluating
ChatterBot Mike reevaluating
ChatterBot Charlie reevaluating
ChatterBot X-ray reevaluating
ChatterBot Hotel reevaluating
ChatterBot Zulu reevaluating
ChatterBot Whiskey reevaluating
ChatterBot Sierra reevaluating
ChatterBot Kilo reevaluating
ChatterBot Charlie reevaluating
ChatterBot X-ray reevaluating
ChatterBot Hotel reevaluating
ChatterBot Zulu reevaluating
ChatterBot Whiskey reevaluating
ChatterBot Sierra reevaluating
ChatterBot Kilo reevaluating
ChatterBot Mike reevaluating
ChatterBot X-ray reevaluating
ChatterBot Hotel reevaluating
ChatterBot Zulu reevaluating
ChatterBot Whiskey reevaluating
ChatterBot Sierra reevaluating
ChatterBot Kilo reevaluating
ChatterBot Mike reevaluating
ChatterBot Charlie reevaluating
ChatterBot Hotel reevaluating
ChatterBot Zulu reevaluating
ChatterBot Whiskey reevaluating
ChatterBot Sierra reevaluating
ChatterBot Kilo reevaluating
ChatterBot Mike reevaluating
ChatterBot Charlie reevaluating
ChatterBot X-ray reevaluating
ChatterBot Zulu reevaluating
ChatterBot Whiskey reevaluating
ChatterBot Sierra reevaluating
ChatterBot Kilo reevaluating
ChatterBot Mike reevaluating
ChatterBot Charlie reevaluating
ChatterBot X-ray reevaluating
ChatterBot Hotel reevaluating
ChatterBot Whiskey reevaluating
ChatterBot Sierra reevaluating
ChatterBot Kilo reevaluating
ChatterBot Mike reevaluating
ChatterBot Charlie reevaluating
ChatterBot X-ray reevaluating
ChatterBot Hotel reevaluating
ChatterBot Zulu reevaluating
ChatterBot X-ray round 2
ChatterBot Hotel round 2
2024-10-15 04:54:17.759966 Oscar: Can we be friends?
ChatterBot Mike reevaluating
ChatterBot Whiskey reevaluating
ChatterBot Kilo reevaluating
ChatterBot Zulu reevaluating
ChatterBot Golf reevaluating
ChatterBot X-ray reevaluating
ChatterBot Hotel reevaluating
2024-10-15 04:54:17.790180 Mike: No
2024-10-15 04:54:17.790311 Whiskey: No
2024-10-15 04:54:17.790914 Kilo: No
2024-10-15 04:54:17.791016 Zulu: No
2024-10-15 04:54:17.791105 Golf: No
2024-10-15 04:54:17.791192 X-ray: No
2024-10-15 04:54:17.791284 Hotel: Yes
ChatterBot Oscar reevaluating
ChatterBot Whiskey reevaluating
ChatterBot Kilo reevaluating
ChatterBot Zulu reevaluating
ChatterBot Golf reevaluating
ChatterBot X-ray reevaluating
ChatterBot Hotel reevaluating
ChatterBot Oscar reevaluating
ChatterBot Mike reevaluating
ChatterBot Kilo reevaluating
ChatterBot Zulu reevaluating
ChatterBot Golf reevaluating
ChatterBot X-ray reevaluating
ChatterBot Hotel reevaluating
ChatterBot Oscar reevaluating
ChatterBot Mike reevaluating
ChatterBot Whiskey reevaluating
ChatterBot Zulu reevaluating
ChatterBot Golf reevaluating
ChatterBot X-ray reevaluating
ChatterBot Hotel reevaluating
ChatterBot Oscar reevaluating
ChatterBot Mike reevaluating
ChatterBot Whiskey reevaluating
ChatterBot Kilo reevaluating
ChatterBot Golf reevaluating
ChatterBot X-ray reevaluating
ChatterBot Hotel reevaluating
ChatterBot Oscar reevaluating
ChatterBot Mike reevaluating
ChatterBot Whiskey reevaluating
ChatterBot Kilo reevaluating
ChatterBot Zulu reevaluating
ChatterBot X-ray reevaluating
ChatterBot Hotel reevaluating
ChatterBot Oscar reevaluating
ChatterBot Mike reevaluating
ChatterBot Whiskey reevaluating
ChatterBot Kilo reevaluating
ChatterBot Zulu reevaluating
ChatterBot Golf reevaluating
ChatterBot Hotel reevaluating
ChatterBot Oscar reevaluating
ChatterBot Mike reevaluating
ChatterBot Whiskey reevaluating
ChatterBot Kilo reevaluating
ChatterBot Zulu reevaluating
ChatterBot Golf reevaluating
ChatterBot X-ray reevaluating
2024-10-15 04:54:18.025521 Hotel: We should add Oscar
ChatterBot Whiskey reevaluating
2024-10-15 04:54:18.047527 Mike: No
2024-10-15 04:54:18.047741 Golf: No
2024-10-15 04:54:18.047870 Zulu: No
2024-10-15 04:54:18.048007 Kilo: No
2024-10-15 04:54:18.048914 Whiskey: Yes
2024-10-15 04:54:18.049034 X-ray: No
ChatterBot Whiskey reevaluating
ChatterBot Hotel reevaluating
ChatterBot Whiskey reevaluating
ChatterBot Hotel reevaluating
ChatterBot Whiskey reevaluating
ChatterBot Hotel reevaluating
ChatterBot Whiskey reevaluating
ChatterBot Hotel reevaluating
ChatterBot Hotel reevaluating
ChatterBot Whiskey reevaluating
2024-10-15 04:54:18.354990 Golf: We should drop Zulu
2024-10-15 04:54:18.372318 Mike: No
2024-10-15 04:54:18.372611 Whiskey: No
2024-10-15 04:54:18.372780 Kilo: No
2024-10-15 04:54:18.373016 X-ray: No
2024-10-15 04:54:18.373198 Hotel: No
ChatterBot Hotel reevaluating
ChatterBot Hotel reevaluating
ChatterBot Hotel reevaluating
ChatterBot Hotel reevaluating
2024-10-15 04:54:18.465311 Whiskey: Sierra we want you to join our group
ChatterBot Sierra reevaluating
2024-10-15 04:54:18.469557 Sierra: No
ChatterBot Hotel reevaluating
2024-10-15 04:54:18.787052 Mike: Whiskey and X-ray, sending you 3
2024-10-15 04:54:18.787871 Oscar: Mike, Whiskey, Kilo, Zulu, Golf and X-ray, sending you 3
2024-10-15 04:54:18.789263 Zulu: Mike, Kilo, Golf, X-ray and Hotel, sending you 1
2024-10-15 04:54:18.790380 Charlie: Sending you each 3
2024-10-15 04:54:18.790748 Kilo: Mike, sending you 4
chatterbot Golf submitting transactions
chatterbot Charlie submitting transactions
2024-10-15 04:54:18.794082 Mike: Kilo, sending you 5
2024-10-15 04:54:18.794687 Zulu: Whiskey, sending you 3
2024-10-15 04:54:18.795911 Whiskey: Mike, sending you 3
2024-10-15 04:54:18.797041 Kilo: Whiskey, sending you 2
2024-10-15 04:54:18.797585 X-ray: Mike and Hotel, sending you 3
2024-10-15 04:54:18.798213 Golf: Mike, X-ray and Hotel, sending you 3
2024-10-15 04:54:18.799520 Mike: Zulu and Hotel, sending you 2
2024-10-15 04:54:18.800167 Whiskey: Sierra, Kilo, Zulu, Golf and Hotel, sending you 2
2024-10-15 04:54:18.801220 Kilo: Zulu, sending you 1
2024-10-15 04:54:18.801818 X-ray: Whiskey, Zulu and Golf, sending you 4
2024-10-15 04:54:18.814845 Golf: Whiskey, sending you 4
2024-10-15 04:54:18.815188 Hotel: Mike, Golf and X-ray, sending you 3
2024-10-15 04:54:18.815515 Whiskey: X-ray, sending you 4
2024-10-15 04:54:18.815815 Mike: Golf, sending you 4
2024-10-15 04:54:18.816861 Kilo: Golf, sending you 5
2024-10-15 04:54:18.817228 X-ray: Kilo, sending you 2
2024-10-15 04:54:18.877016 Golf: Kilo, sending you 5
2024-10-15 04:54:18.877534 Hotel: Sierra, Oscar and Kilo, sending you 2
2024-10-15 04:54:18.878685 Kilo: X-ray and Hotel, sending you 3
2024-10-15 04:54:18.879938 Sierra: Mike, sending you 3
2024-10-15 04:54:18.908792 Hotel: Whiskey, Charlie and Zulu, sending you 1
2024-10-15 04:54:18.910229 Sierra: Charlie, sending you 7
chatterbot Kilo submitting transactions
2024-10-15 04:54:18.943906 Sierra: Oscar, sending you 8
chatterbot X-ray submitting transactions
chatterbot Oscar submitting transactions
chatterbot Sierra submitting transactions
chatterbot Zulu submitting transactions
chatterbot Hotel submitting transactions
chatterbot Sierra submitting transactions
chatterbot Mike submitting transactions
chatterbot Whiskey submitting transactions
ChatterBot Mike round 3
ChatterBot Sierra round 3
ChatterBot Whiskey round 3
ChatterBot Charlie round 3
ChatterBot Oscar round 3
ChatterBot Kilo round 3
ChatterBot Zulu round 3
ChatterBot Golf round 3
ChatterBot X-ray round 3
2024-10-15 04:54:19.852147 Sierra: We should replace Mike with Whiskey
2024-10-15 04:54:19.864318 Charlie: No
2024-10-15 04:54:19.865166 Oscar: No
ChatterBot Oscar reevaluating
ChatterBot Sierra reevaluating
2024-10-15 04:54:19.890686 Oscar: We should add Sierra and Charlie
ChatterBot Hotel reevaluating
2024-10-15 04:54:19.931708 Mike: No
2024-10-15 04:54:19.932805 Whiskey: No
2024-10-15 04:54:19.933344 Kilo: No
2024-10-15 04:54:19.933755 Zulu: No
2024-10-15 04:54:19.934046 Golf: No
2024-10-15 04:54:19.935059 X-ray: No
2024-10-15 04:54:19.935365 Hotel: No
ChatterBot Oscar reevaluating
ChatterBot Hotel reevaluating
ChatterBot Oscar reevaluating
ChatterBot Hotel reevaluating
ChatterBot Oscar reevaluating
ChatterBot Hotel reevaluating
ChatterBot Oscar reevaluating
ChatterBot Hotel reevaluating
ChatterBot Oscar reevaluating
ChatterBot Hotel reevaluating
ChatterBot Oscar reevaluating
ChatterBot Hotel reevaluating
ChatterBot Oscar reevaluating
ChatterBot Hotel round 3
2024-10-15 04:54:20.160510 Whiskey: We should drop Sierra
ChatterBot Hotel reevaluating
2024-10-15 04:54:20.184163 Mike: Yes
2024-10-15 04:54:20.184371 Golf: Yes
2024-10-15 04:54:20.184499 Zulu: Yes
2024-10-15 04:54:20.185083 Kilo: Yes
2024-10-15 04:54:20.185212 Hotel: Yes
2024-10-15 04:54:20.185332 X-ray: Yes
ChatterBot Hotel reevaluating
ChatterBot Hotel reevaluating
ChatterBot Hotel reevaluating
ChatterBot Hotel reevaluating
ChatterBot Hotel reevaluating
2024-10-15 04:54:20.352046 Sierra: We should replace Mike with Hotel
ChatterBot Oscar reevaluating
2024-10-15 04:54:20.359484 Charlie: No
2024-10-15 04:54:20.359698 Oscar: No
ChatterBot Sierra reevaluating
ChatterBot Oscar reevaluating
ChatterBot Sierra reevaluating
2024-10-15 04:54:20.383310 Mike: Whiskey, Golf, X-ray and Hotel, sending you 3
chatterbot Whiskey submitting transactions
2024-10-15 04:54:20.387642 Sierra: We should drop Oscar and Mike
2024-10-15 04:54:20.393823 Charlie: No
ChatterBot Sierra reevaluating
2024-10-15 04:54:20.399323 Mike: Kilo, sending you 5
2024-10-15 04:54:20.400353 Zulu: Mike, Kilo, Golf and Hotel, sending you 1
2024-10-15 04:54:20.402695 Kilo: Mike and Golf, sending you 4
2024-10-15 04:54:20.403575 Mike: Zulu, sending you 2
2024-10-15 04:54:20.404750 Charlie: Same as last round
2024-10-15 04:54:20.405211 Hotel: Mike, Kilo, Golf and X-ray, sending you 3
2024-10-15 04:54:20.406349 Whiskey: Mike, Kilo, Zulu and Golf, sending you 3
2024-10-15 04:54:20.407099 Oscar: Mike, Whiskey, Kilo, Zulu, Golf and X-ray, sending you 1
2024-10-15 04:54:20.408347 Golf: Mike, Whiskey and Hotel, sending you 3
2024-10-15 04:54:20.409014 Zulu: Whiskey and X-ray, sending you 2
2024-10-15 04:54:20.410412 X-ray: Mike, Kilo, Zulu and Hotel, sending you 3
2024-10-15 04:54:20.411098 Kilo: Whiskey and Zulu, sending you 2
2024-10-15 04:54:20.412519 Sierra: We should drop Mike
2024-10-15 04:54:20.422818 Charlie: Yes
2024-10-15 04:54:20.423498 Oscar: No
ChatterBot Sierra reevaluating
ChatterBot Sierra reevaluating
2024-10-15 04:54:20.444299 Hotel: Whiskey and Zulu, sending you 2
2024-10-15 04:54:20.445731 Whiskey: X-ray, sending you 4
2024-10-15 04:54:20.446468 Oscar: Hotel, sending you 12
2024-10-15 04:54:20.446928 Golf: Kilo, sending you 5
2024-10-15 04:54:20.447720 X-ray: Whiskey and Golf, sending you 4
2024-10-15 04:54:20.448335 Kilo: X-ray and Hotel, sending you 3
2024-10-15 04:54:20.449480 Whiskey: Hotel, sending you 1
2024-10-15 04:54:20.452678 Golf: X-ray, sending you 4
2024-10-15 04:54:20.454075 Sierra: Hotel we want you to join our group
2024-10-15 04:54:20.458047 Hotel: No
ChatterBot Sierra reevaluating
2024-10-15 04:54:20.515687 Sierra: Charlie, sending you 10
2024-10-15 04:54:20.518683 Sierra: Oscar, sending you 8
chatterbot X-ray submitting transactions
chatterbot Kilo submitting transactions
chatterbot Mike submitting transactions
chatterbot Sierra submitting transactions
chatterbot Oscar submitting transactions
chatterbot Hotel submitting transactions
chatterbot Charlie submitting transactions
chatterbot Golf submitting transactions
chatterbot Zulu submitting transactions
ChatterBot Mike round 4
ChatterBot Sierra round 4
ChatterBot Whiskey round 4
ChatterBot Charlie round 4
ChatterBot Oscar round 4
ChatterBot Kilo round 4
ChatterBot Zulu round 4
ChatterBot Golf round 4
ChatterBot X-ray round 4
ChatterBot Hotel round 4
2024-10-15 04:54:21.518261 Hotel: We should add Oscar
2024-10-15 04:54:21.535565 Mike: No
2024-10-15 04:54:21.535994 Golf: No
2024-10-15 04:54:21.536242 Zulu: No
2024-10-15 04:54:21.536453 Kilo: No
2024-10-15 04:54:21.536746 Whiskey: No
2024-10-15 04:54:21.537427 X-ray: No
2024-10-15 04:54:21.630318 Hotel: Oscar we want you to join our group
2024-10-15 04:54:21.632907 Oscar: Yes
ChatterBot Whiskey reevaluating
2024-10-15 04:54:21.650019 Sierra: Charlie, sending you 11
2024-10-15 04:54:21.650297 Oscar: Mike, Whiskey, Kilo, Zulu, Golf and X-ray, sending you 1
2024-10-15 04:54:21.650677 Mike: Whiskey, Golf, X-ray and Hotel, sending you 3
2024-10-15 04:54:21.651357 Charlie: Sierra, sending you 2
2024-10-15 04:54:21.653674 Mike: Kilo, sending you 5
2024-10-15 04:54:21.654413 Golf: Mike, Whiskey and Hotel, sending you 3
2024-10-15 04:54:21.654953 Sierra: Oscar, sending you 7
2024-10-15 04:54:21.655236 Oscar: Hotel, sending you 12
2024-10-15 04:54:21.655870 X-ray: Mike, Kilo, Zulu and Hotel, sending you 3
2024-10-15 04:54:21.656911 Kilo: Mike and Golf, sending you 4
2024-10-15 04:54:21.657441 Zulu: Mike, Kilo, Golf and Hotel, sending you 1
2024-10-15 04:54:21.657966 Charlie: Oscar, sending you 3
2024-10-15 04:54:21.658324 Mike: Zulu, sending you 2
2024-10-15 04:54:21.659018 Whiskey: Oscar we want you to join our group
2024-10-15 04:54:21.662020 Oscar: Yes
ChatterBot Whiskey reevaluating
2024-10-15 04:54:21.681683 Golf: Kilo, sending you 5
2024-10-15 04:54:21.682268 Kilo: Whiskey, X-ray and Hotel, sending you 3
2024-10-15 04:54:21.682935 X-ray: Whiskey and Golf, sending you 4
2024-10-15 04:54:21.684216 Zulu: Whiskey and X-ray, sending you 2
2024-10-15 04:54:21.684856 Golf: X-ray, sending you 4
2024-10-15 04:54:21.685336 Hotel: Mike, Kilo, Golf and X-ray, sending you 3
2024-10-15 04:54:21.686699 Kilo: Zulu, sending you 1
2024-10-15 04:54:21.690988 Hotel: Whiskey and Oscar, sending you 2
2024-10-15 04:54:21.715688 Whiskey: Mike, Golf and X-ray, sending you 3
2024-10-15 04:54:21.718685 Whiskey: Oscar, Kilo, Zulu and Hotel, sending you 2
chatterbot Zulu submitting transactions
chatterbot Charlie submitting transactions
chatterbot X-ray submitting transactions
chatterbot Oscar submitting transactions
chatterbot Mike submitting transactions
chatterbot Kilo submitting transactions
chatterbot Sierra submitting transactions
chatterbot Hotel submitting transactions
chatterbot Golf submitting transactions
chatterbot Whiskey submitting transactions
ChatterBot Mike round 5
ChatterBot Sierra round 5
ChatterBot Whiskey round 5
ChatterBot Charlie round 5
ChatterBot Oscar round 5
ChatterBot Kilo round 5
ChatterBot Zulu round 5
ChatterBot Golf round 5
ChatterBot X-ray round 5
ChatterBot Hotel round 5
2024-10-15 04:54:22.830473 Sierra: We should add Zulu
2024-10-15 04:54:22.835844 Charlie: No
2024-10-15 04:54:22.835996 Oscar: Yes
ChatterBot Sierra reevaluating
ChatterBot Sierra reevaluating
ChatterBot Charlie reevaluating
2024-10-15 04:54:22.865692 Kilo: Mike and Golf, sending you 4
2024-10-15 04:54:22.866704 X-ray: Mike, Kilo, Zulu and Hotel, sending you 3
2024-10-15 04:54:22.868054 Mike: Whiskey, Golf, X-ray and Hotel, sending you 3
2024-10-15 04:54:22.870193 Hotel: Mike, Kilo, Golf and X-ray, sending you 3
2024-10-15 04:54:22.870917 Kilo: Whiskey, X-ray and Hotel, sending you 3
2024-10-15 04:54:22.871844 Charlie: Sierra, sending you 2
2024-10-15 04:54:22.872283 Mike: Kilo, sending you 5
2024-10-15 04:54:22.873548 X-ray: Whiskey and Golf, sending you 4
2024-10-15 04:54:22.874659 Kilo: Zulu, sending you 1
2024-10-15 04:54:22.875846 Hotel: Whiskey and Oscar, sending you 2
2024-10-15 04:54:22.876640 Charlie: Oscar and Zulu, sending you 3
2024-10-15 04:54:22.876930 Mike: Zulu, sending you 2
2024-10-15 04:54:22.878008 Whiskey: Mike, Golf and X-ray, sending you 3
2024-10-15 04:54:22.878780 Zulu: Mike, Kilo, Golf and Hotel, sending you 1
2024-10-15 04:54:22.879371 Oscar: Mike, Kilo, Zulu, Golf and X-ray, sending you 1
2024-10-15 04:54:22.879853 Golf: Mike, Whiskey and Hotel, sending you 3
2024-10-15 04:54:22.881677 Whiskey: Oscar, Kilo, Zulu and Hotel, sending you 2
2024-10-15 04:54:22.884132 Zulu: Whiskey and X-ray, sending you 2
2024-10-15 04:54:22.885068 Oscar: Whiskey, sending you 5
2024-10-15 04:54:22.885741 Sierra: Charlie, sending you 12
2024-10-15 04:54:22.886109 Golf: Kilo, sending you 5
2024-10-15 04:54:22.889662 Oscar: Hotel, sending you 8
2024-10-15 04:54:22.890691 Sierra: Oscar, sending you 6
2024-10-15 04:54:22.891682 Golf: X-ray, sending you 4
chatterbot Sierra submitting transactions
chatterbot Golf submitting transactions
chatterbot Charlie submitting transactions
chatterbot Mike submitting transactions
chatterbot Hotel submitting transactions
chatterbot Zulu submitting transactions
chatterbot Oscar submitting transactions
chatterbot Kilo submitting transactions
chatterbot X-ray submitting transactions
chatterbot Whiskey submitting transactions
ChatterBot Mike round 6
ChatterBot Sierra round 6
ChatterBot Whiskey round 6
ChatterBot Charlie round 6
ChatterBot Oscar round 6
ChatterBot Kilo round 6
ChatterBot Zulu round 6
ChatterBot Golf round 6
ChatterBot X-ray round 6
ChatterBot Hotel round 6
2024-10-15 04:54:24.051007 Mike: We should add Oscar
ChatterBot Golf reevaluating
ChatterBot Zulu reevaluating
ChatterBot Kilo reevaluating
ChatterBot Hotel reevaluating
ChatterBot Whiskey reevaluating
ChatterBot X-ray reevaluating
2024-10-15 04:54:24.071005 Golf: Yes
2024-10-15 04:54:24.071252 Zulu: Yes
2024-10-15 04:54:24.071404 Kilo: Yes
2024-10-15 04:54:24.071521 Hotel: Yes
2024-10-15 04:54:24.071654 Whiskey: Yes
2024-10-15 04:54:24.072382 X-ray: Yes
ChatterBot Zulu reevaluating
ChatterBot Kilo reevaluating
ChatterBot Hotel reevaluating
ChatterBot Whiskey reevaluating
ChatterBot X-ray reevaluating
ChatterBot Golf reevaluating
ChatterBot Kilo reevaluating
ChatterBot Hotel reevaluating
ChatterBot Whiskey reevaluating
ChatterBot X-ray reevaluating
ChatterBot Golf reevaluating
ChatterBot Zulu reevaluating
ChatterBot Hotel reevaluating
ChatterBot Whiskey reevaluating
ChatterBot X-ray reevaluating
ChatterBot Golf reevaluating
ChatterBot Zulu reevaluating
ChatterBot Kilo reevaluating
ChatterBot Whiskey reevaluating
ChatterBot X-ray reevaluating
ChatterBot Golf reevaluating
ChatterBot Zulu reevaluating
ChatterBot Kilo reevaluating
ChatterBot Hotel reevaluating
ChatterBot X-ray reevaluating
ChatterBot Golf reevaluating
ChatterBot Zulu reevaluating
ChatterBot Kilo reevaluating
ChatterBot Hotel reevaluating
ChatterBot Whiskey reevaluating
2024-10-15 04:54:24.190950 Mike: Oscar we want you to join our group
2024-10-15 04:54:24.194717 Oscar: Yes
ChatterBot Whiskey reevaluating
ChatterBot Kilo reevaluating
ChatterBot Zulu reevaluating
ChatterBot Golf reevaluating
ChatterBot X-ray reevaluating
ChatterBot Hotel reevaluating
2024-10-15 04:54:24.217521 Golf: We should add Zulu
2024-10-15 04:54:24.230592 Mike: Yes
2024-10-15 04:54:24.230804 Whiskey: Yes
2024-10-15 04:54:24.230960 Kilo: Yes
2024-10-15 04:54:24.231073 X-ray: Yes
2024-10-15 04:54:24.231179 Hotel: Yes
ChatterBot Golf reevaluating
ChatterBot Golf reevaluating
ChatterBot Golf reevaluating
ChatterBot Golf reevaluating
ChatterBot Golf reevaluating
2024-10-15 04:54:24.296121 Zulu: Oscar we want you to join our group
2024-10-15 04:54:24.299049 Oscar: Yes
ChatterBot Golf reevaluating
2024-10-15 04:54:24.316441 Sierra: Charlie, sending you 12
2024-10-15 04:54:24.316876 Kilo: Oscar we want you to join our group
2024-10-15 04:54:24.319884 Oscar: Yes
2024-10-15 04:54:24.335271 X-ray: Oscar we want you to join our group
2024-10-15 04:54:24.338465 Oscar: Yes
2024-10-15 04:54:24.355712 Sierra: Oscar, sending you 6
2024-10-15 04:54:24.356023 Oscar: Mike, Kilo, Zulu, Golf and X-ray, sending you 1
2024-10-15 04:54:24.356554 Golf: Oscar we want you to join our group
2024-10-15 04:54:24.359233 Oscar: Yes
2024-10-15 04:54:24.373031 Mike: Whiskey, Golf, X-ray and Hotel, sending you 3
2024-10-15 04:54:24.373853 Oscar: Whiskey, sending you 6
2024-10-15 04:54:24.374768 Charlie: Sierra, sending you 2
2024-10-15 04:54:24.376917 Mike: Oscar, sending you 1
2024-10-15 04:54:24.377768 Whiskey: Mike, Golf and X-ray, sending you 3
2024-10-15 04:54:24.378859 Zulu: Mike, Oscar, Kilo and Hotel, sending you 1
2024-10-15 04:54:24.379590 Hotel: Mike, Kilo, Golf and X-ray, sending you 3
2024-10-15 04:54:24.380641 Oscar: Hotel, sending you 7
2024-10-15 04:54:24.381696 Charlie: Oscar, sending you 3
2024-10-15 04:54:24.382045 Whiskey: Oscar, Kilo, Zulu and Hotel, sending you 2
2024-10-15 04:54:24.382639 Mike: Kilo, sending you 4
2024-10-15 04:54:24.383881 Zulu: Whiskey and X-ray, sending you 2
2024-10-15 04:54:24.384578 Hotel: Whiskey and Oscar, sending you 2
2024-10-15 04:54:24.385377 X-ray: Mike, Whiskey, Kilo and Hotel, sending you 3
chatterbot Sierra submitting transactions
2024-10-15 04:54:24.387713 Mike: Zulu, sending you 2
2024-10-15 04:54:24.391195 X-ray: Oscar and Zulu, sending you 2
2024-10-15 04:54:24.395728 X-ray: Golf, sending you 4
2024-10-15 04:54:24.398271 Kilo: Mike and Golf, sending you 4
2024-10-15 04:54:24.399563 Golf: Mike, Whiskey and Hotel, sending you 3
2024-10-15 04:54:24.403677 Kilo: Whiskey and Zulu, sending you 2
2024-10-15 04:54:24.404961 Golf: Oscar, sending you 1
2024-10-15 04:54:24.408674 Kilo: X-ray and Hotel, sending you 3
2024-10-15 04:54:24.410057 Golf: Kilo and X-ray, sending you 4
chatterbot X-ray submitting transactions
chatterbot Whiskey submitting transactions
chatterbot Hotel submitting transactions
chatterbot Charlie submitting transactions
chatterbot Golf submitting transactions
chatterbot Mike submitting transactions
chatterbot Zulu submitting transactions
chatterbot Kilo submitting transactions
chatterbot Oscar submitting transactions
ChatterBot Mike round 7
ChatterBot Sierra round 7
ChatterBot Whiskey round 7
ChatterBot Charlie round 7
ChatterBot Oscar round 7
ChatterBot Kilo round 7
ChatterBot Zulu round 7
ChatterBot Golf round 7
ChatterBot X-ray round 7
ChatterBot Hotel round 7
2024-10-15 04:54:25.437694 Oscar: Mike, Zulu, Golf and X-ray, sending you 2
2024-10-15 04:54:25.439672 Charlie: Sierra, sending you 1
2024-10-15 04:54:25.440685 Oscar: Whiskey, sending you 4
2024-10-15 04:54:25.442677 Kilo: Mike, X-ray and Hotel, sending you 3
2024-10-15 04:54:25.444020 Sierra: Charlie, sending you 13
2024-10-15 04:54:25.444697 Whiskey: Mike, Golf and X-ray, sending you 3
2024-10-15 04:54:25.445484 Charlie: Oscar, sending you 3
2024-10-15 04:54:25.445814 Oscar: Kilo, sending you 1
2024-10-15 04:54:25.447130 Kilo: Whiskey and Zulu, sending you 2
2024-10-15 04:54:25.447829 Hotel: Mike, Kilo, Golf and X-ray, sending you 3
2024-10-15 04:54:25.448426 Sierra: Oscar, sending you 5
2024-10-15 04:54:25.448673 Zulu: Mike, Oscar, Kilo and Hotel, sending you 1
2024-10-15 04:54:25.449299 Golf: Mike, Whiskey and Hotel, sending you 3
2024-10-15 04:54:25.450490 Whiskey: Oscar, Kilo, Zulu and Hotel, sending you 2
2024-10-15 04:54:25.451221 Oscar: Hotel, sending you 5
2024-10-15 04:54:25.451781 Mike: Whiskey, Golf, X-ray and Hotel, sending you 3
2024-10-15 04:54:25.452497 Kilo: Oscar, sending you 1
2024-10-15 04:54:25.453741 Hotel: Whiskey and Oscar, sending you 2
2024-10-15 04:54:25.454567 Golf: Oscar, sending you 1
2024-10-15 04:54:25.454988 Zulu: Whiskey and X-ray, sending you 2
2024-10-15 04:54:25.456062 X-ray: Mike, Whiskey, Kilo and Hotel, sending you 3
2024-10-15 04:54:25.456823 Mike: Oscar, sending you 1
2024-10-15 04:54:25.457692 Golf: Kilo and X-ray, sending you 4
2024-10-15 04:54:25.459043 Kilo: Golf, sending you 4
2024-10-15 04:54:25.459913 X-ray: Oscar and Zulu, sending you 2
2024-10-15 04:54:25.461693 Mike: Kilo, sending you 4
2024-10-15 04:54:25.464686 X-ray: Golf, sending you 4
2024-10-15 04:54:25.465803 Mike: Zulu, sending you 2
chatterbot Oscar submitting transactions
chatterbot Kilo submitting transactions
chatterbot Charlie submitting transactions
chatterbot Sierra submitting transactions
chatterbot X-ray submitting transactions
chatterbot Hotel submitting transactions
chatterbot Golf submitting transactions
chatterbot Whiskey submitting transactions
chatterbot Mike submitting transactions
chatterbot Zulu submitting transactions
ChatterBot Mike round 8
ChatterBot Sierra round 8
ChatterBot Whiskey round 8
ChatterBot Charlie round 8
ChatterBot Oscar round 8
ChatterBot Kilo round 8
ChatterBot Zulu round 8
ChatterBot Golf round 8
ChatterBot X-ray round 8
ChatterBot Hotel round 8
2024-10-15 04:54:26.657668 Charlie: Same as last round
2024-10-15 04:54:26.658674 Kilo: Mike, X-ray and Hotel, sending you 3
2024-10-15 04:54:26.663978 Kilo: Whiskey and Zulu, sending you 2
2024-10-15 04:54:26.664860 Sierra: Charlie, sending you 13
2024-10-15 04:54:26.667094 Mike: Whiskey, Kilo, Golf, X-ray and Hotel, sending you 3
2024-10-15 04:54:26.668693 Whiskey: Mike, Golf and X-ray, sending you 3
2024-10-15 04:54:26.669586 Kilo: Oscar, sending you 1
2024-10-15 04:54:26.670939 Oscar: Mike, Zulu and Golf, sending you 2
2024-10-15 04:54:26.673262 Sierra: Oscar, sending you 5
2024-10-15 04:54:26.673822 Mike: Oscar and Zulu, sending you 2
2024-10-15 04:54:26.675077 Zulu: Mike, Oscar, Kilo and Hotel, sending you 1
2024-10-15 04:54:26.676677 Whiskey: Oscar, Kilo, Zulu and Hotel, sending you 2
2024-10-15 04:54:26.677480 Golf: Mike, Whiskey and Hotel, sending you 3
2024-10-15 04:54:26.678121 Kilo: Golf, sending you 4
2024-10-15 04:54:26.679722 Oscar: Whiskey and Hotel, sending you 4
2024-10-15 04:54:26.680764 Hotel: Mike, Kilo, Golf and X-ray, sending you 3
2024-10-15 04:54:26.681462 X-ray: Mike, Whiskey, Kilo and Hotel, sending you 3
2024-10-15 04:54:26.683111 Zulu: Whiskey and X-ray, sending you 2
2024-10-15 04:54:26.683860 Golf: Oscar, sending you 1
2024-10-15 04:54:26.685565 Hotel: Whiskey and Oscar, sending you 2
2024-10-15 04:54:26.686307 Oscar: Kilo, sending you 1
2024-10-15 04:54:26.687071 X-ray: Oscar and Zulu, sending you 2
2024-10-15 04:54:26.688804 Golf: Kilo and X-ray, sending you 4
2024-10-15 04:54:26.689394 Hotel: Zulu, sending you 1
2024-10-15 04:54:26.691814 Oscar: X-ray, sending you 3
2024-10-15 04:54:26.693838 X-ray: Golf, sending you 4
chatterbot X-ray submitting transactions
chatterbot Zulu submitting transactions
chatterbot Charlie submitting transactions
chatterbot Oscar submitting transactions
chatterbot Sierra submitting transactions
chatterbot Hotel submitting transactions
chatterbot Golf submitting transactions
chatterbot Kilo submitting transactions
chatterbot Whiskey submitting transactions
chatterbot Mike submitting transactions
ChatterBot Mike round 9
ChatterBot Sierra round 9
ChatterBot Whiskey round 9
ChatterBot Charlie round 9
ChatterBot Oscar round 9
ChatterBot Kilo round 9
ChatterBot Zulu round 9
ChatterBot Golf round 9
ChatterBot X-ray round 9
ChatterBot Hotel round 9
2024-10-15 04:54:27.799002 Sierra: We should drop Oscar
2024-10-15 04:54:27.801906 Charlie: Yes
2024-10-15 04:54:27.814738 Whiskey: Mike, Golf and X-ray, sending you 3
2024-10-15 04:54:27.816050 Mike: Whiskey, Kilo, Golf, X-ray and Hotel, sending you 3
2024-10-15 04:54:27.816955 Hotel: Mike, Kilo, Golf and X-ray, sending you 3
2024-10-15 04:54:27.819070 Charlie: Same as last round
2024-10-15 04:54:27.819396 Whiskey: Oscar, Kilo, Zulu and Hotel, sending you 2
2024-10-15 04:54:27.820691 Golf: Mike, Whiskey and Hotel, sending you 3
2024-10-15 04:54:27.821242 Hotel: Whiskey and Oscar, sending you 2
2024-10-15 04:54:27.822180 Mike: Oscar and Zulu, sending you 2
2024-10-15 04:54:27.823201 Sierra: Sending you 18
2024-10-15 04:54:27.824920 X-ray: Mike, Whiskey, Kilo and Hotel, sending you 3
2024-10-15 04:54:27.825668 Golf: Oscar, sending you 1
2024-10-15 04:54:27.826690 Hotel: Zulu, sending you 1
2024-10-15 04:54:27.828129 Kilo: Mike, X-ray and Hotel, sending you 3
2024-10-15 04:54:27.829474 Zulu: Mike, Oscar, Kilo and Hotel, sending you 1
2024-10-15 04:54:27.830886 Oscar: Mike, Zulu and Golf, sending you 2
2024-10-15 04:54:27.831701 X-ray: Oscar and Zulu, sending you 2
2024-10-15 04:54:27.832541 Golf: Kilo and X-ray, sending you 4
2024-10-15 04:54:27.833160 Kilo: Whiskey and Zulu, sending you 2
2024-10-15 04:54:27.834039 Zulu: Whiskey and X-ray, sending you 2
2024-10-15 04:54:27.835666 Oscar: Whiskey and Hotel, sending you 4
2024-10-15 04:54:27.836893 X-ray: Golf, sending you 4
2024-10-15 04:54:27.838102 Kilo: Oscar, sending you 1
2024-10-15 04:54:27.839741 Oscar: Kilo, sending you 1
2024-10-15 04:54:27.841703 Kilo: Golf, sending you 4
2024-10-15 04:54:27.843677 Oscar: X-ray, sending you 3
chatterbot Sierra submitting transactions
chatterbot Mike submitting transactions
chatterbot Zulu submitting transactions
chatterbot Kilo submitting transactions
chatterbot Golf submitting transactions
chatterbot X-ray submitting transactions
chatterbot Whiskey submitting transactions
chatterbot Charlie submitting transactions
chatterbot Hotel submitting transactions
chatterbot Oscar submitting transactions
ChatterBot Mike round 10
ChatterBot Sierra round 10
ChatterBot Whiskey round 10
ChatterBot Charlie round 10
ChatterBot Oscar round 10
ChatterBot Kilo round 10
ChatterBot Zulu round 10
ChatterBot Golf round 10
ChatterBot X-ray round 10
ChatterBot Hotel round 10
2024-10-15 04:54:29.139714 Mike: Whiskey, Kilo, Golf, X-ray and Hotel, sending you 3
2024-10-15 04:54:29.141881 Oscar: Mike, Kilo, Zulu and Golf, sending you 2
2024-10-15 04:54:29.143981 Kilo: Mike, X-ray and Hotel, sending you 3
2024-10-15 04:54:29.145955 Hotel: Mike, Kilo, Golf and X-ray, sending you 3
2024-10-15 04:54:29.148512 Mike: Oscar and Zulu, sending you 2
2024-10-15 04:54:29.150663 Whiskey: Mike, Golf and X-ray, sending you 3
2024-10-15 04:54:29.152814 Oscar: Whiskey and X-ray, sending you 3
2024-10-15 04:54:29.154592 Golf: Mike, Whiskey and Hotel, sending you 3
2024-10-15 04:54:29.155371 Kilo: Whiskey and Zulu, sending you 2
2024-10-15 04:54:29.157215 Charlie: Same as last round
2024-10-15 04:54:29.157673 Zulu: Mike, Whiskey, Oscar, Kilo, Golf and Hotel, sending you 1
2024-10-15 04:54:29.159346 Hotel: Whiskey and Oscar, sending you 2
2024-10-15 04:54:29.160993 Oscar: Hotel, sending you 4
2024-10-15 04:54:29.163646 Whiskey: Oscar, Kilo, Zulu and Hotel, sending you 2
2024-10-15 04:54:29.165506 Golf: Oscar, sending you 1
2024-10-15 04:54:29.167181 X-ray: Mike, Whiskey, Kilo and Hotel, sending you 3
2024-10-15 04:54:29.168697 Kilo: Oscar, sending you 1
2024-10-15 04:54:29.171040 Zulu: X-ray, sending you 2
2024-10-15 04:54:29.173491 Hotel: Zulu, sending you 1
2024-10-15 04:54:29.175755 Golf: Kilo and X-ray, sending you 4
2024-10-15 04:54:29.177015 X-ray: Oscar and Zulu, sending you 2
2024-10-15 04:54:29.179065 Kilo: Golf, sending you 4
2024-10-15 04:54:29.183684 X-ray: Golf, sending you 4
chatterbot Whiskey submitting transactions
chatterbot Golf submitting transactions
chatterbot Mike submitting transactions
chatterbot Hotel submitting transactions
chatterbot Sierra submitting transactions
chatterbot Charlie submitting transactions
chatterbot Kilo submitting transactions
chatterbot Oscar submitting transactions
chatterbot Zulu submitting transactions
chatterbot X-ray submitting transactions
ChatterBot Mike round 11
ChatterBot Sierra round 11
ChatterBot Whiskey round 11
ChatterBot Charlie round 11
ChatterBot Oscar round 11
ChatterBot Kilo round 11
ChatterBot Zulu round 11
ChatterBot Golf round 11
ChatterBot X-ray round 11
ChatterBot Hotel round 11
2024-10-15 04:54:30.334681 X-ray: Mike, Whiskey, Kilo and Hotel, sending you 3
2024-10-15 04:54:30.337690 Mike: Whiskey, Kilo, Golf, X-ray and Hotel, sending you 3
2024-10-15 04:54:30.339590 X-ray: Oscar and Zulu, sending you 2
2024-10-15 04:54:30.341325 Hotel: Mike, Kilo, Golf and X-ray, sending you 3
2024-10-15 04:54:30.343381 Kilo: Mike, X-ray and Hotel, sending you 3
2024-10-15 04:54:30.344787 Sierra: Sending you 18
2024-10-15 04:54:30.345851 Mike: Oscar and Zulu, sending you 2
