ChatterBot Quebec round 1
ChatterBot India round 1
ChatterBot Kilo round 1
ChatterBot Whiskey round 1
ChatterBot Alpha round 1
ChatterBot Sierra round 1
ChatterBot Juliett round 1
ChatterBot Victor round 1
ChatterBot Lima round 1
randomSelections Whiskey: {Whiskey, Victor, Hotel, Juliett, Lima, India, Kilo} 
2024-10-15 04:54:14.890395 Whiskey: Can we be friends?
ChatterBot Victor reevaluating
ChatterBot Juliett reevaluating
ChatterBot Lima reevaluating
ChatterBot India reevaluating
ChatterBot Kilo reevaluating
2024-10-15 04:54:14.908954 Victor: Yes
2024-10-15 04:54:14.909148 Juliett: Yes
2024-10-15 04:54:14.909303 Lima: Yes
2024-10-15 04:54:14.909427 India: Yes
2024-10-15 04:54:14.909548 Kilo: Yes
ChatterBot Juliett reevaluating
ChatterBot Lima reevaluating
ChatterBot India reevaluating
ChatterBot Kilo reevaluating
ChatterBot Victor reevaluating
ChatterBot Lima reevaluating
ChatterBot India reevaluating
ChatterBot Kilo reevaluating
ChatterBot Victor reevaluating
ChatterBot Juliett reevaluating
ChatterBot India reevaluating
ChatterBot Kilo reevaluating
ChatterBot Victor reevaluating
ChatterBot Juliett reevaluating
ChatterBot Lima reevaluating
ChatterBot Kilo reevaluating
ChatterBot Victor reevaluating
ChatterBot Juliett reevaluating
ChatterBot Lima reevaluating
ChatterBot India reevaluating
ChatterBot Hotel round 1
ChatterBot Hotel reevaluating
ChatterBot Hotel reevaluating
ChatterBot Hotel reevaluating
ChatterBot Hotel reevaluating
ChatterBot Hotel reevaluating
ChatterBot Hotel reevaluating
2024-10-15 04:54:15.114545 Hotel: Yes
ChatterBot Victor reevaluating
ChatterBot Juliett reevaluating
ChatterBot Lima reevaluating
ChatterBot India reevaluating
ChatterBot Kilo reevaluating
randomSelections Sierra: {Sierra, Victor, India, Juliett, Hotel, Kilo} 
2024-10-15 04:54:15.134962 Sierra: Let's form a team
ChatterBot Victor reevaluating
ChatterBot India reevaluating
ChatterBot Juliett reevaluating
ChatterBot Hotel reevaluating
ChatterBot Kilo reevaluating
2024-10-15 04:54:15.146627 Victor: No
2024-10-15 04:54:15.147078 India: No
2024-10-15 04:54:15.147438 Juliett: No
2024-10-15 04:54:15.147707 Hotel: No
2024-10-15 04:54:15.147903 Kilo: No
ChatterBot India reevaluating
ChatterBot Juliett reevaluating
ChatterBot Hotel reevaluating
ChatterBot Kilo reevaluating
ChatterBot Victor reevaluating
ChatterBot Juliett reevaluating
ChatterBot Hotel reevaluating
ChatterBot Kilo reevaluating
ChatterBot Victor reevaluating
ChatterBot India reevaluating
ChatterBot Hotel reevaluating
ChatterBot Kilo reevaluating
ChatterBot Victor reevaluating
ChatterBot India reevaluating
ChatterBot Juliett reevaluating
ChatterBot Kilo reevaluating
ChatterBot Victor reevaluating
ChatterBot India reevaluating
ChatterBot Juliett reevaluating
ChatterBot Hotel reevaluating
randomSelections Alpha: {Alpha, Juliett, Quebec, Sierra, Whiskey, Victor} 
2024-10-15 04:54:15.198177 Alpha: We should group up
ChatterBot Juliett reevaluating
ChatterBot Quebec reevaluating
ChatterBot Victor reevaluating
2024-10-15 04:54:15.206430 Juliett: No
2024-10-15 04:54:15.207062 Quebec: Yes
2024-10-15 04:54:15.207218 Sierra: No
2024-10-15 04:54:15.207432 Whiskey: No
2024-10-15 04:54:15.207670 Victor: No
ChatterBot Quebec reevaluating
ChatterBot Victor reevaluating
ChatterBot Juliett reevaluating
ChatterBot Victor reevaluating
ChatterBot Juliett reevaluating
ChatterBot Quebec reevaluating
ChatterBot Victor reevaluating
ChatterBot Juliett reevaluating
ChatterBot Quebec reevaluating
ChatterBot Victor reevaluating
ChatterBot Juliett reevaluating
ChatterBot Quebec reevaluating
2024-10-15 04:54:15.241659 Whiskey: India and Victor, sending you 3
2024-10-15 04:54:15.244667 Kilo: Whiskey, Juliett and Lima, sending you 2
2024-10-15 04:54:15.246676 Whiskey: Kilo and Hotel, sending you 4
2024-10-15 04:54:15.247655 Juliett: India and Hotel, sending you 3
2024-10-15 04:54:15.249651 Kilo: Victor, sending you 7
2024-10-15 04:54:15.250674 Juliett: Kilo, sending you 4
2024-10-15 04:54:15.251675 Sierra: India, sending you 3
2024-10-15 04:54:15.252192 Whiskey: Juliett and Lima, sending you 2
2024-10-15 04:54:15.253646 Kilo: Hotel, sending you 5
2024-10-15 04:54:15.254106 India: Kilo, Whiskey and Victor, sending you 3
2024-10-15 04:54:15.254669 Sierra: Kilo, Juliett and Victor, sending you 1
2024-10-15 04:54:15.255668 Lima: Kilo and Hotel, sending you 2
2024-10-15 04:54:15.256359 Juliett: Whiskey and Victor, sending you 1
2024-10-15 04:54:15.256917 Victor: India, sending you 1
2024-10-15 04:54:15.257662 Alpha: Quebec, sending you 3
2024-10-15 04:54:15.258191 India: Juliett and Hotel, sending you 1
2024-10-15 04:54:15.259657 Sierra: Hotel, sending you 2
2024-10-15 04:54:15.260126 Juliett: Lima, sending you 6
2024-10-15 04:54:15.260673 Quebec: Whiskey, sending you 2
2024-10-15 04:54:15.261133 Lima: Whiskey, sending you 4
2024-10-15 04:54:15.261655 Victor: Kilo and Juliett, sending you 4
2024-10-15 04:54:15.262645 Alpha: Whiskey, sending you 5
2024-10-15 04:54:15.263676 India: Lima, sending you 7
2024-10-15 04:54:15.264232 Hotel: India, Juliett and Victor, sending you 2
2024-10-15 04:54:15.264676 Quebec: Alpha, sending you 1
2024-10-15 04:54:15.265025 Lima: Juliett and Victor, sending you 3
2024-10-15 04:54:15.266672 Victor: Lima, sending you 2
2024-10-15 04:54:15.267669 Alpha: Sierra and Victor, sending you 1
2024-10-15 04:54:15.268129 Quebec: Sierra, sending you 5
2024-10-15 04:54:15.269660 Hotel: Kilo, sending you 1
2024-10-15 04:54:15.271661 Victor: Hotel, sending you 3
2024-10-15 04:54:15.272250 Alpha: Juliett, sending you 2
2024-10-15 04:54:15.272678 Quebec: Juliett, sending you 8
2024-10-15 04:54:15.274654 Hotel: Whiskey and Lima, sending you 3
2024-10-15 04:54:15.277672 Quebec: Victor, sending you 3
chatterbot Whiskey submitting transactions
chatterbot Quebec submitting transactions
chatterbot India submitting transactions
chatterbot Sierra submitting transactions
chatterbot Juliett submitting transactions
chatterbot Victor submitting transactions
chatterbot Kilo submitting transactions
chatterbot Hotel submitting transactions
chatterbot Lima submitting transactions
chatterbot Alpha submitting transactions
ChatterBot Quebec round 2
ChatterBot India round 2
ChatterBot Kilo round 2
ChatterBot Whiskey round 2
ChatterBot Alpha round 2
ChatterBot Sierra round 2
ChatterBot Juliett round 2
ChatterBot Victor round 2
2024-10-15 04:54:16.671940 Quebec: We would work well together
ChatterBot Alpha reevaluating
2024-10-15 04:54:16.680783 Alpha: Yes
2024-10-15 04:54:16.688957 Alpha: We would work well together
ChatterBot Sierra reevaluating
2024-10-15 04:54:16.704729 Quebec: No
2024-10-15 04:54:16.704949 Sierra: Yes
ChatterBot Alpha reevaluating
ChatterBot Sierra reevaluating
ChatterBot Alpha reevaluating
2024-10-15 04:54:16.738200 Sierra: Can we be friends?
ChatterBot Alpha reevaluating
ChatterBot Quebec reevaluating
2024-10-15 04:54:16.754230 Alpha: Yes
2024-10-15 04:54:16.754466 Quebec: Yes
ChatterBot Quebec reevaluating
ChatterBot Sierra reevaluating
ChatterBot Alpha reevaluating
ChatterBot Sierra reevaluating
ChatterBot Lima round 2
ChatterBot Hotel round 2
2024-10-15 04:54:16.984326 Juliett: We should add Quebec
ChatterBot Victor reevaluating
ChatterBot Hotel reevaluating
ChatterBot Lima reevaluating
2024-10-15 04:54:17.032328 Whiskey: No
2024-10-15 04:54:17.032897 Victor: No
2024-10-15 04:54:17.033578 Hotel: No
2024-10-15 04:54:17.033832 Lima: No
2024-10-15 04:54:17.034284 India: No
2024-10-15 04:54:17.035024 Kilo: No
ChatterBot Victor reevaluating
ChatterBot Hotel reevaluating
ChatterBot Lima reevaluating
ChatterBot Hotel reevaluating
ChatterBot Lima reevaluating
ChatterBot Victor reevaluating
ChatterBot Lima reevaluating
ChatterBot Victor reevaluating
ChatterBot Hotel reevaluating
ChatterBot Victor reevaluating
ChatterBot Hotel reevaluating
ChatterBot Lima reevaluating
ChatterBot Victor reevaluating
ChatterBot Hotel reevaluating
ChatterBot Juliett reevaluating
ChatterBot Lima reevaluating
2024-10-15 04:54:17.547262 Kilo: India, sending you 3
2024-10-15 04:54:17.547889 Quebec: Sending you 11
chatterbot Whiskey submitting transactions
chatterbot India submitting transactions
chatterbot Kilo submitting transactions
2024-10-15 04:54:17.758922 Whiskey: India, Kilo, Juliett and Hotel, sending you 3
2024-10-15 04:54:17.760239 Alpha: Quebec, sending you 5
2024-10-15 04:54:17.760571 Kilo: Whiskey, Juliett and Victor, sending you 4
2024-10-15 04:54:17.761676 Victor: India, Whiskey and Lima, sending you 3
2024-10-15 04:54:17.762179 Sierra: Quebec, sending you 5
2024-10-15 04:54:17.762932 Lima: India, sending you 6
2024-10-15 04:54:17.763350 India: Kilo and Lima, sending you 1
chatterbot Alpha submitting transactions
chatterbot Juliett submitting transactions
chatterbot Lima submitting transactions
2024-10-15 04:54:17.764776 Alpha: Sierra, sending you 4
2024-10-15 04:54:17.765096 Whiskey: Victor, sending you 2
2024-10-15 04:54:17.766164 Kilo: Lima, sending you 2
2024-10-15 04:54:17.865342 Victor: Kilo, sending you 6
2024-10-15 04:54:17.866046 Sierra: Alpha, sending you 3
2024-10-15 04:54:17.866879 Lima: Kilo, Whiskey and Victor, sending you 1
2024-10-15 04:54:17.867413 Hotel: India, sending you 1
2024-10-15 04:54:17.868439 India: Whiskey and Juliett, sending you 5
2024-10-15 04:54:17.868975 Juliett: India, sending you 2
2024-10-15 04:54:17.869951 Whiskey: Lima, sending you 4
2024-10-15 04:54:17.870406 Kilo: Hotel, sending you 1
2024-10-15 04:54:17.871608 Victor: Hotel, sending you 1
2024-10-15 04:54:17.872266 Hotel: Kilo and Whiskey, sending you 3
2024-10-15 04:54:17.873599 Lima: Juliett, sending you 5
2024-10-15 04:54:17.874302 India: Victor, sending you 2
2024-10-15 04:54:17.875464 Juliett: Kilo, Whiskey, Lima and Hotel, sending you 3
2024-10-15 04:54:17.876797 Hotel: Juliett, Victor and Lima, sending you 2
2024-10-15 04:54:17.931151 Lima: Hotel, sending you 2
2024-10-15 04:54:17.932471 India: Hotel, sending you 4
2024-10-15 04:54:17.933717 Juliett: Victor, sending you 4
chatterbot Quebec submitting transactions
chatterbot Sierra submitting transactions
chatterbot Victor submitting transactions
chatterbot Hotel submitting transactions
ChatterBot Quebec round 3
ChatterBot India round 3
ChatterBot Kilo round 3
ChatterBot Whiskey round 3
ChatterBot Alpha round 3
ChatterBot Sierra round 3
2024-10-15 04:54:18.590804 Quebec: We should add Sierra
2024-10-15 04:54:18.595731 Alpha: Yes
ChatterBot Juliett round 3
ChatterBot Victor round 3
ChatterBot Lima round 3
ChatterBot Hotel round 3
2024-10-15 04:54:18.628880 Quebec: Sierra we want you to join our group
2024-10-15 04:54:18.634438 Sierra: Yes
2024-10-15 04:54:18.682892 India: Kilo, Whiskey, Juliett and Victor, sending you 3
2024-10-15 04:54:18.724353 Kilo: India, Lima and Hotel, sending you 2
2024-10-15 04:54:18.726357 Juliett: India, Kilo, Whiskey and Hotel, sending you 3
2024-10-15 04:54:18.728641 India: Lima, sending you 4
2024-10-15 04:54:18.731563 Quebec: Alpha, sending you 10
2024-10-15 04:54:18.732738 Lima: India and Whiskey, sending you 3
2024-10-15 04:54:18.735827 Sierra: Sending you each 4
2024-10-15 04:54:18.736569 Whiskey: Sending you each 3
2024-10-15 04:54:18.738537 Kilo: Whiskey and Juliett, sending you 3
2024-10-15 04:54:18.741379 Juliett: Victor, sending you 2
2024-10-15 04:54:18.742105 Alpha: Quebec, sending you 4
2024-10-15 04:54:18.743130 India: Hotel, sending you 2
2024-10-15 04:54:18.743854 Quebec: Sierra, sending you 9
2024-10-15 04:54:18.744749 Hotel: India, Kilo and Lima, sending you 2
2024-10-15 04:54:18.745404 Lima: Kilo, Victor and Hotel, sending you 2
2024-10-15 04:54:18.746655 Victor: India, Whiskey, Lima and Hotel, sending you 2
2024-10-15 04:54:18.747392 Juliett: Lima, sending you 4
2024-10-15 04:54:18.748663 Kilo: Victor, sending you 6
2024-10-15 04:54:18.749727 Alpha: Sierra, sending you 5
2024-10-15 04:54:18.750099 Hotel: Whiskey and Juliett, sending you 3
2024-10-15 04:54:18.761211 Victor: Kilo, sending you 5
2024-10-15 04:54:18.761914 Lima: Juliett, sending you 4
2024-10-15 04:54:18.763129 Hotel: Victor, sending you 1
2024-10-15 04:54:18.772159 Victor: Juliett, sending you 3
chatterbot Hotel submitting transactions
chatterbot Victor submitting transactions
chatterbot Juliett submitting transactions
chatterbot Alpha submitting transactions
chatterbot Whiskey submitting transactions
chatterbot Lima submitting transactions
chatterbot Quebec submitting transactions
chatterbot Kilo submitting transactions
chatterbot Sierra submitting transactions
chatterbot India submitting transactions
ChatterBot Quebec round 4
ChatterBot India round 4
ChatterBot Kilo round 4
ChatterBot Whiskey round 4
ChatterBot Alpha round 4
ChatterBot Sierra round 4
ChatterBot Juliett round 4
ChatterBot Victor round 4
ChatterBot Lima round 4
ChatterBot Hotel round 4
2024-10-15 04:54:20.030391 Quebec: Alpha, sending you 10
2024-10-15 04:54:20.040336 Quebec: Sierra, sending you 9
2024-10-15 04:54:20.041117 Alpha: Quebec, sending you 4
2024-10-15 04:54:20.041408 India: Kilo, Whiskey, Juliett and Victor, sending you 3
2024-10-15 04:54:20.042476 Juliett: India, Kilo, Whiskey and Hotel, sending you 3
2024-10-15 04:54:20.043003 Lima: India and Whiskey, sending you 3
2024-10-15 04:54:20.044226 Kilo: India, Lima and Hotel, sending you 2
2024-10-15 04:54:20.044663 Victor: India, Juliett, Lima and Hotel, sending you 2
2024-10-15 04:54:20.045161 Whiskey: Same as last round
2024-10-15 04:54:20.046225 Alpha: Sierra, sending you 5
2024-10-15 04:54:20.046543 India: Lima, sending you 4
2024-10-15 04:54:20.047047 Juliett: Victor, sending you 2
2024-10-15 04:54:20.048168 Sierra: Same as last round
2024-10-15 04:54:20.050293 Lima: Kilo, Victor and Hotel, sending you 2
2024-10-15 04:54:20.051659 Hotel: India, Kilo and Lima, sending you 2
2024-10-15 04:54:20.052383 Kilo: Whiskey and Juliett, sending you 3
2024-10-15 04:54:20.053520 Victor: Kilo, sending you 5
2024-10-15 04:54:20.054935 Juliett: Lima, sending you 4
2024-10-15 04:54:20.055662 India: Hotel, sending you 2
2024-10-15 04:54:20.057022 Lima: Juliett, sending you 4
2024-10-15 04:54:20.057793 Kilo: Victor, sending you 6
2024-10-15 04:54:20.059188 Hotel: Whiskey and Juliett, sending you 3
2024-10-15 04:54:20.059968 Victor: Whiskey, sending you 3
2024-10-15 04:54:20.067347 Hotel: Victor, sending you 1
chatterbot Juliett submitting transactions
chatterbot Lima submitting transactions
chatterbot India submitting transactions
chatterbot Sierra submitting transactions
chatterbot Victor submitting transactions
chatterbot Alpha submitting transactions
chatterbot Hotel submitting transactions
chatterbot Quebec submitting transactions
chatterbot Whiskey submitting transactions
chatterbot Kilo submitting transactions
ChatterBot Quebec round 5
ChatterBot India round 5
ChatterBot Kilo round 5
ChatterBot Whiskey round 5
ChatterBot Alpha round 5
ChatterBot Sierra round 5
ChatterBot Juliett round 5
ChatterBot Victor round 5
ChatterBot Lima round 5
ChatterBot Hotel round 5
2024-10-15 04:54:21.261695 Quebec: Alpha, sending you 10
2024-10-15 04:54:21.267756 Quebec: Sierra, sending you 9
2024-10-15 04:54:21.269760 Alpha: Quebec, sending you 3
2024-10-15 04:54:21.270734 Lima: India and Whiskey, sending you 3
2024-10-15 04:54:21.273022 India: Sending you each 3
2024-10-15 04:54:21.274881 Juliett: India, Kilo, Whiskey and Hotel, sending you 3
2024-10-15 04:54:21.276660 Alpha: Sierra, sending you 5
2024-10-15 04:54:21.277352 Lima: Kilo, Victor and Hotel, sending you 2
2024-10-15 04:54:21.279244 Kilo: India, Whiskey and Juliett, sending you 3
2024-10-15 04:54:21.280468 Sierra: Same as last round
2024-10-15 04:54:21.282186 Juliett: Victor, sending you 2
2024-10-15 04:54:21.283523 Hotel: India, Kilo and Lima, sending you 2
2024-10-15 04:54:21.285314 Lima: Juliett, sending you 4
2024-10-15 04:54:21.286608 Victor: India, Juliett and Lima, sending you 2
2024-10-15 04:54:21.288932 Kilo: Victor, sending you 5
2024-10-15 04:54:21.291451 Whiskey: Same as last round
2024-10-15 04:54:21.292733 Juliett: Lima, sending you 4
2024-10-15 04:54:21.295269 Hotel: Whiskey and Juliett, sending you 3
2024-10-15 04:54:21.297475 Victor: Kilo, sending you 6
2024-10-15 04:54:21.298811 Kilo: Lima and Hotel, sending you 2
2024-10-15 04:54:21.300890 Hotel: Victor, sending you 1
2024-10-15 04:54:21.303739 Victor: Whiskey, sending you 3
2024-10-15 04:54:21.312282 Victor: Hotel, sending you 1
chatterbot Hotel submitting transactions
chatterbot Alpha submitting transactions
chatterbot Lima submitting transactions
chatterbot Kilo submitting transactions
chatterbot Whiskey submitting transactions
chatterbot Juliett submitting transactions
chatterbot Sierra submitting transactions
chatterbot India submitting transactions
chatterbot Quebec submitting transactions
chatterbot Victor submitting transactions
ChatterBot Quebec round 6
ChatterBot India round 6
ChatterBot Kilo round 6
ChatterBot Whiskey round 6
ChatterBot Alpha round 6
ChatterBot Sierra round 6
ChatterBot Juliett round 6
ChatterBot Victor round 6
ChatterBot Lima round 6
ChatterBot Hotel round 6
2024-10-15 04:54:22.447671 Quebec: Alpha, sending you 9
2024-10-15 04:54:22.451696 India: Same as last round
2024-10-15 04:54:22.452418 Quebec: Sierra, sending you 10
2024-10-15 04:54:22.454658 Juliett: India, Kilo, Whiskey and Hotel, sending you 3
2024-10-15 04:54:22.456709 Kilo: India, Whiskey and Juliett, sending you 3
2024-10-15 04:54:22.458684 Juliett: Victor, sending you 2
2024-10-15 04:54:22.461667 Juliett: Lima, sending you 4
2024-10-15 04:54:22.462698 Kilo: Victor, sending you 5
2024-10-15 04:54:22.464475 Sierra: Same as last round
2024-10-15 04:54:22.464917 Alpha: Quebec, sending you 3
2024-10-15 04:54:22.465705 Whiskey: Same as last round
2024-10-15 04:54:22.466710 Victor: India and Whiskey, sending you 3
2024-10-15 04:54:22.467667 Kilo: Lima and Hotel, sending you 2
2024-10-15 04:54:22.468397 Alpha: Sierra, sending you 5
2024-10-15 04:54:22.468722 Hotel: India, Kilo and Lima, sending you 2
2024-10-15 04:54:22.469503 Lima: India and Whiskey, sending you 3
2024-10-15 04:54:22.471572 Victor: Kilo, sending you 5
2024-10-15 04:54:22.472696 Lima: Kilo, Victor and Hotel, sending you 2
2024-10-15 04:54:22.473863 Hotel: Whiskey and Juliett, sending you 3
2024-10-15 04:54:22.477573 Victor: Juliett and Lima, sending you 2
2024-10-15 04:54:22.478286 Lima: Juliett, sending you 4
2024-10-15 04:54:22.479700 Hotel: Victor, sending you 1
2024-10-15 04:54:22.481419 Victor: Hotel, sending you 1
chatterbot Alpha submitting transactions
chatterbot India submitting transactions
chatterbot Victor submitting transactions
chatterbot Juliett submitting transactions
chatterbot Whiskey submitting transactions
chatterbot Lima submitting transactions
chatterbot Kilo submitting transactions
chatterbot Sierra submitting transactions
chatterbot Hotel submitting transactions
chatterbot Quebec submitting transactions
ChatterBot Quebec round 7
ChatterBot India round 7
ChatterBot Kilo round 7
ChatterBot Whiskey round 7
ChatterBot Alpha round 7
ChatterBot Sierra round 7
ChatterBot Juliett round 7
ChatterBot Victor round 7
ChatterBot Lima round 7
ChatterBot Hotel round 7
2024-10-15 04:54:23.639741 India: Same as last round
2024-10-15 04:54:23.642688 Kilo: India, Whiskey and Juliett, sending you 3
2024-10-15 04:54:23.648679 Kilo: Victor, sending you 5
2024-10-15 04:54:23.651225 Quebec: Alpha, sending you 9
2024-10-15 04:54:23.651915 Juliett: India, Kilo, Whiskey and Hotel, sending you 3
2024-10-15 04:54:23.653853 Lima: India and Whiskey, sending you 3
2024-10-15 04:54:23.654935 Sierra: Same as last round
2024-10-15 04:54:23.655488 Kilo: Lima and Hotel, sending you 2
2024-10-15 04:54:23.658166 Quebec: Sierra, sending you 10
2024-10-15 04:54:23.658753 Lima: Kilo, Victor and Hotel, sending you 2
2024-10-15 04:54:23.660694 Alpha: Quebec, sending you 3
2024-10-15 04:54:23.661238 Whiskey: Same as last round
2024-10-15 04:54:23.663274 Juliett: Victor, sending you 2
2024-10-15 04:54:23.664705 Lima: Juliett, sending you 4
2024-10-15 04:54:23.666863 Alpha: Sierra, sending you 5
2024-10-15 04:54:23.667659 Victor: India and Whiskey, sending you 3
2024-10-15 04:54:23.669443 Juliett: Lima, sending you 4
2024-10-15 04:54:23.671465 Hotel: India, Kilo and Lima, sending you 2
2024-10-15 04:54:23.673840 Victor: Kilo, sending you 5
2024-10-15 04:54:23.675687 Hotel: Whiskey and Juliett, sending you 3
2024-10-15 04:54:23.679285 Victor: Juliett and Lima, sending you 2
2024-10-15 04:54:23.682469 Hotel: Victor, sending you 1
2024-10-15 04:54:23.684251 Victor: Hotel, sending you 1
chatterbot Victor submitting transactions
chatterbot Juliett submitting transactions
chatterbot Lima submitting transactions
chatterbot Hotel submitting transactions
chatterbot Sierra submitting transactions
chatterbot Kilo submitting transactions
chatterbot Quebec submitting transactions
chatterbot India submitting transactions
chatterbot Alpha submitting transactions
chatterbot Whiskey submitting transactions
ChatterBot Quebec round 8
ChatterBot India round 8
ChatterBot Kilo round 8
ChatterBot Whiskey round 8
ChatterBot Alpha round 8
ChatterBot Sierra round 8
ChatterBot Juliett round 8
ChatterBot Victor round 8
ChatterBot Lima round 8
ChatterBot Hotel round 8
2024-10-15 04:54:24.742661 Kilo: India, Whiskey and Juliett, sending you 3
2024-10-15 04:54:24.743711 Juliett: India, Kilo, Whiskey and Hotel, sending you 3
2024-10-15 04:54:24.745436 Sierra: Same as last round
2024-10-15 04:54:24.746680 Quebec: Alpha, sending you 9
2024-10-15 04:54:24.747041 Kilo: Victor, sending you 5
2024-10-15 04:54:24.748664 India: Same as last round
2024-10-15 04:54:24.749716 Juliett: Victor, sending you 2
2024-10-15 04:54:24.750846 Alpha: Quebec, sending you 3
2024-10-15 04:54:24.751275 Quebec: Sierra, sending you 10
2024-10-15 04:54:24.752417 Whiskey: Same as last round
2024-10-15 04:54:24.753798 Kilo: Lima and Hotel, sending you 2
2024-10-15 04:54:24.755735 Victor: India and Whiskey, sending you 3
2024-10-15 04:54:24.756982 Lima: India and Whiskey, sending you 3
2024-10-15 04:54:24.757815 Juliett: Lima, sending you 4
2024-10-15 04:54:24.759478 Alpha: Sierra, sending you 5
2024-10-15 04:54:24.759862 Hotel: India, Kilo and Lima, sending you 2
2024-10-15 04:54:24.761803 Victor: Kilo, sending you 5
2024-10-15 04:54:24.763009 Lima: Kilo, Victor and Hotel, sending you 2
2024-10-15 04:54:24.765201 Hotel: Whiskey and Juliett, sending you 3
2024-10-15 04:54:24.766688 Victor: Juliett and Lima, sending you 2
2024-10-15 04:54:24.768872 Lima: Juliett, sending you 4
2024-10-15 04:54:24.770840 Hotel: Victor, sending you 1
2024-10-15 04:54:24.772942 Victor: Hotel, sending you 1
chatterbot Sierra submitting transactions
chatterbot Kilo submitting transactions
chatterbot Whiskey submitting transactions
chatterbot Victor submitting transactions
chatterbot Alpha submitting transactions
chatterbot Hotel submitting transactions
chatterbot Lima submitting transactions
chatterbot India submitting transactions
chatterbot Juliett submitting transactions
chatterbot Quebec submitting transactions
ChatterBot Quebec round 9
ChatterBot India round 9
ChatterBot Kilo round 9
ChatterBot Whiskey round 9
ChatterBot Alpha round 9
ChatterBot Sierra round 9
ChatterBot Juliett round 9
ChatterBot Victor round 9
ChatterBot Lima round 9
ChatterBot Hotel round 9
2024-10-15 04:54:26.120216 Quebec: Alpha, sending you 9
2024-10-15 04:54:26.120947 Kilo: India, Whiskey and Juliett, sending you 3
2024-10-15 04:54:26.123702 India: Same as last round
2024-10-15 04:54:26.126429 Whiskey: Same as last round
2024-10-15 04:54:26.128982 Quebec: Sierra, sending you 10
2024-10-15 04:54:26.130522 Kilo: Victor, sending you 5
2024-10-15 04:54:26.132998 Sierra: Same as last round
2024-10-15 04:54:26.133584 Lima: India and Whiskey, sending you 3
2024-10-15 04:54:26.135721 Hotel: India, Kilo and Lima, sending you 2
2024-10-15 04:54:26.137828 Juliett: India, Kilo, Whiskey and Hotel, sending you 3
2024-10-15 04:54:26.140288 Alpha: Quebec, sending you 3
2024-10-15 04:54:26.141592 Kilo: Lima and Hotel, sending you 2
2024-10-15 04:54:26.143803 Lima: Kilo, Victor and Hotel, sending you 2
2024-10-15 04:54:26.146051 Hotel: Whiskey and Juliett, sending you 3
2024-10-15 04:54:26.148090 Juliett: Victor, sending you 2
2024-10-15 04:54:26.149240 Alpha: Sierra, sending you 5
2024-10-15 04:54:26.150664 Lima: Juliett, sending you 4
2024-10-15 04:54:26.152550 Victor: India and Whiskey, sending you 3
2024-10-15 04:54:26.154366 Hotel: Victor, sending you 1
2024-10-15 04:54:26.156829 Juliett: Lima, sending you 4
2024-10-15 04:54:26.159102 Victor: Kilo, sending you 5
2024-10-15 04:54:26.164678 Victor: Juliett and Lima, sending you 2
2024-10-15 04:54:26.171698 Victor: Hotel, sending you 1
chatterbot Quebec submitting transactions
chatterbot Sierra submitting transactions
chatterbot Hotel submitting transactions
chatterbot India submitting transactions
chatterbot Alpha submitting transactions
chatterbot Whiskey submitting transactions
chatterbot Kilo submitting transactions
chatterbot Victor submitting transactions
chatterbot Juliett submitting transactions
chatterbot Lima submitting transactions
ChatterBot Quebec round 10
ChatterBot India round 10
ChatterBot Kilo round 10
ChatterBot Whiskey round 10
ChatterBot Alpha round 10
ChatterBot Sierra round 10
ChatterBot Juliett round 10
ChatterBot Victor round 10
ChatterBot Lima round 10
ChatterBot Hotel round 10
2024-10-15 04:54:27.302015 Quebec: Alpha, sending you 9
2024-10-15 04:54:27.304675 Alpha: Quebec, sending you 2
2024-10-15 04:54:27.305670 Whiskey: Same as last round
2024-10-15 04:54:27.306609 Juliett: India, Kilo, Whiskey and Hotel, sending you 3
2024-10-15 04:54:27.308031 Quebec: Sierra, sending you 10
2024-10-15 04:54:27.308299 India: Same as last round
2024-10-15 04:54:27.309069 Kilo: India, Whiskey and Juliett, sending you 3
2024-10-15 04:54:27.310682 Victor: India and Whiskey, sending you 3
2024-10-15 04:54:27.312096 Alpha: Sierra, sending you 5
2024-10-15 04:54:27.313022 Juliett: Victor, sending you 2
2024-10-15 04:54:27.314480 Kilo: Victor, sending you 5
2024-10-15 04:54:27.316043 Victor: Kilo, sending you 5
2024-10-15 04:54:27.316977 Sierra: Same as last round
2024-10-15 04:54:27.317686 Hotel: India, Kilo and Lima, sending you 2
2024-10-15 04:54:27.318711 Juliett: Lima, sending you 4
2024-10-15 04:54:27.319986 Kilo: Lima and Hotel, sending you 2
2024-10-15 04:54:27.321102 Victor: Juliett and Lima, sending you 2
2024-10-15 04:54:27.323664 Hotel: Whiskey and Juliett, sending you 3
2024-10-15 04:54:27.325683 Lima: India and Whiskey, sending you 3
2024-10-15 04:54:27.327312 Victor: Hotel, sending you 1
2024-10-15 04:54:27.329672 Hotel: Victor, sending you 1
2024-10-15 04:54:27.331420 Lima: Kilo, Victor and Hotel, sending you 2
2024-10-15 04:54:27.335690 Lima: Juliett, sending you 4
chatterbot Kilo submitting transactions
chatterbot Whiskey submitting transactions
chatterbot Juliett submitting transactions
chatterbot Quebec submitting transactions
chatterbot India submitting transactions
chatterbot Lima submitting transactions
chatterbot Victor submitting transactions
chatterbot Hotel submitting transactions
chatterbot Sierra submitting transactions
chatterbot Alpha submitting transactions
ChatterBot Quebec round 11
ChatterBot India round 11
ChatterBot Kilo round 11
ChatterBot Whiskey round 11
ChatterBot Alpha round 11
ChatterBot Sierra round 11
ChatterBot Juliett round 11
ChatterBot Victor round 11
ChatterBot Lima round 11
ChatterBot Hotel round 11
2024-10-15 04:54:28.558680 Alpha: Quebec, sending you 2
2024-10-15 04:54:28.560908 Quebec: Alpha, sending you 8
2024-10-15 04:54:28.561668 Alpha: Sierra, sending you 5
2024-10-15 04:54:28.565750 Quebec: Sierra, sending you 11
2024-10-15 04:54:28.568687 India: Same as last round
2024-10-15 04:54:28.570484 Whiskey: Same as last round
2024-10-15 04:54:28.572556 Kilo: India, Whiskey and Juliett, sending you 3
2024-10-15 04:54:28.574312 Lima: India and Whiskey, sending you 3
2024-10-15 04:54:28.575347 Victor: India and Whiskey, sending you 3
2024-10-15 04:54:28.576305 Juliett: India, Kilo, Whiskey and Hotel, sending you 3
2024-10-15 04:54:28.577661 Kilo: Victor, sending you 5
2024-10-15 04:54:28.578541 Sierra: Same as last round
2024-10-15 04:54:28.579655 Lima: Kilo, Victor and Hotel, sending you 2
2024-10-15 04:54:28.580503 Victor: Kilo, sending you 5
2024-10-15 04:54:28.581493 Juliett: Victor, sending you 2
2024-10-15 04:54:28.583155 Kilo: Lima and Hotel, sending you 2
2024-10-15 04:54:28.584869 Lima: Juliett, sending you 4
2024-10-15 04:54:28.586165 Victor: Juliett and Lima, sending you 2
2024-10-15 04:54:28.587974 Juliett: Lima, sending you 4
2024-10-15 04:54:28.588945 Hotel: India, Kilo and Lima, sending you 2
2024-10-15 04:54:28.592193 Victor: Hotel, sending you 1
2024-10-15 04:54:28.593667 Hotel: Whiskey and Juliett, sending you 3
2024-10-15 04:54:28.600669 Hotel: Victor, sending you 1
chatterbot India submitting transactions
chatterbot Hotel submitting transactions
chatterbot Lima submitting transactions
chatterbot Kilo submitting transactions
chatterbot Sierra submitting transactions
chatterbot Victor submitting transactions
chatterbot Whiskey submitting transactions
chatterbot Quebec submitting transactions
chatterbot Alpha submitting transactions
chatterbot Juliett submitting transactions
ChatterBot Quebec round 12
ChatterBot India round 12
ChatterBot Kilo round 12
ChatterBot Whiskey round 12
ChatterBot Alpha round 12
ChatterBot Sierra round 12
ChatterBot Juliett round 12
ChatterBot Victor round 12
ChatterBot Lima round 12
ChatterBot Hotel round 12
2024-10-15 04:54:29.815702 Quebec: Alpha, sending you 8
2024-10-15 04:54:29.817060 Kilo: India, Whiskey and Juliett, sending you 3
2024-10-15 04:54:29.819651 Alpha: Quebec, sending you 2
2024-10-15 04:54:29.820231 Victor: India and Whiskey, sending you 3
2024-10-15 04:54:29.822826 Whiskey: Same as last round
2024-10-15 04:54:29.826299 Lima: India and Whiskey, sending you 3
2024-10-15 04:54:29.830855 Quebec: Sierra, sending you 11
2024-10-15 04:54:29.831606 Kilo: Victor, sending you 5
2024-10-15 04:54:29.834628 Alpha: Sierra, sending you 5
2024-10-15 04:54:29.835226 Victor: Kilo, sending you 5
2024-10-15 04:54:29.838316 Sierra: Same as last round
2024-10-15 04:54:29.839524 India: Same as last round
2024-10-15 04:54:29.841136 Lima: Kilo, Victor and Hotel, sending you 2
2024-10-15 04:54:29.843348 Kilo: Lima and Hotel, sending you 2
2024-10-15 04:54:29.845716 Hotel: India, Whiskey and Juliett, sending you 3
2024-10-15 04:54:29.848598 Juliett: India, Kilo, Whiskey and Hotel, sending you 3
2024-10-15 04:54:29.852079 Victor: Juliett and Lima, sending you 2
2024-10-15 04:54:29.855505 Lima: Juliett, sending you 4
2024-10-15 04:54:29.858375 Hotel: Kilo and Lima, sending you 2
2024-10-15 04:54:29.860800 Juliett: Victor, sending you 2
2024-10-15 04:54:29.863411 Victor: Hotel, sending you 1
2024-10-15 04:54:29.866014 Juliett: Lima, sending you 4
chatterbot Kilo submitting transactions
chatterbot Sierra submitting transactions
chatterbot Hotel submitting transactions
chatterbot India submitting transactions
chatterbot Lima submitting transactions
chatterbot Juliett submitting transactions
chatterbot Victor submitting transactions
chatterbot Alpha submitting transactions
chatterbot Quebec submitting transactions
chatterbot Whiskey submitting transactions
ChatterBot Quebec round 13
ChatterBot India round 13
ChatterBot Kilo round 13
ChatterBot Whiskey round 13
ChatterBot Alpha round 13
ChatterBot Sierra round 13
ChatterBot Juliett round 13
ChatterBot Victor round 13
ChatterBot Lima round 13
ChatterBot Hotel round 13
2024-10-15 04:54:31.022673 Kilo: India, Whiskey and Juliett, sending you 3
2024-10-15 04:54:31.023890 Whiskey: Same as last round
2024-10-15 04:54:31.026693 Kilo: Victor, sending you 5
2024-10-15 04:54:31.029685 Alpha: Quebec, sending you 2
2024-10-15 04:54:31.030667 India: Same as last round
2024-10-15 04:54:31.032916 Alpha: Sierra, sending you 5
2024-10-15 04:54:31.033695 Kilo: Lima and Hotel, sending you 2
2024-10-15 04:54:31.034834 Quebec: Alpha, sending you 8
2024-10-15 04:54:31.036681 Lima: India and Whiskey, sending you 3
2024-10-15 04:54:31.038566 Victor: India and Whiskey, sending you 3
2024-10-15 04:54:31.039995 Quebec: Sierra, sending you 11
2024-10-15 04:54:31.040681 Lima: Kilo, Victor and Hotel, sending you 2
2024-10-15 04:54:31.042912 Sierra: Same as last round
2024-10-15 04:54:31.043433 Juliett: India, Kilo, Whiskey and Hotel, sending you 3
2024-10-15 04:54:31.044685 Victor: Kilo, sending you 5
2024-10-15 04:54:31.046679 Juliett: Victor, sending you 2
2024-10-15 04:54:31.049053 Lima: Juliett, sending you 4
2024-10-15 04:54:31.050656 Victor: Juliett and Lima, sending you 2
2024-10-15 04:54:31.052659 Juliett: Lima, sending you 4
2024-10-15 04:54:31.054944 Hotel: India, Whiskey and Juliett, sending you 3
2024-10-15 04:54:31.057610 Victor: Hotel, sending you 1
2024-10-15 04:54:31.062283 Hotel: Kilo and Lima, sending you 2
chatterbot Quebec submitting transactions
chatterbot Sierra submitting transactions
chatterbot Kilo submitting transactions
chatterbot Hotel submitting transactions
chatterbot India submitting transactions
chatterbot Lima submitting transactions
chatterbot Whiskey submitting transactions
chatterbot Alpha submitting transactions
chatterbot Juliett submitting transactions
chatterbot Victor submitting transactions
ChatterBot Quebec round 14
ChatterBot India round 14
ChatterBot Kilo round 14
ChatterBot Whiskey round 14
ChatterBot Alpha round 14
ChatterBot Sierra round 14
ChatterBot Juliett round 14
ChatterBot Victor round 14
ChatterBot Lima round 14
ChatterBot Hotel round 14
2024-10-15 04:54:32.244663 Alpha: Quebec, sending you 2
2024-10-15 04:54:32.245116 India: Same as last round
2024-10-15 04:54:32.247068 Kilo: India, Whiskey and Juliett, sending you 3
2024-10-15 04:54:32.248302 Sierra: Same as last round
2024-10-15 04:54:32.248678 Alpha: Sierra, sending you 5
2024-10-15 04:54:32.249667 Quebec: Alpha, sending you 8
2024-10-15 04:54:32.251671 Victor: India and Whiskey, sending you 3
2024-10-15 04:54:32.252979 Kilo: Victor, sending you 5
2024-10-15 04:54:32.254678 Quebec: Sierra, sending you 11
2024-10-15 04:54:32.255626 Juliett: India, Kilo, Whiskey and Hotel, sending you 3
2024-10-15 04:54:32.257126 Victor: Kilo, sending you 5
2024-10-15 04:54:32.258978 Whiskey: Same as last round
2024-10-15 04:54:32.261023 Kilo: Lima and Hotel, sending you 2
2024-10-15 04:54:32.262576 Juliett: Victor, sending you 2
2024-10-15 04:54:32.264261 Victor: Juliett and Lima, sending you 2
2024-10-15 04:54:32.266230 Lima: India and Whiskey, sending you 3
2024-10-15 04:54:32.268056 Hotel: India, Whiskey and Juliett, sending you 3
2024-10-15 04:54:32.269513 Juliett: Lima, sending you 4
2024-10-15 04:54:32.271765 Victor: Hotel, sending you 1
2024-10-15 04:54:32.273201 Lima: Kilo, Victor and Hotel, sending you 2
2024-10-15 04:54:32.274651 Hotel: Kilo and Lima, sending you 2
2024-10-15 04:54:32.278674 Lima: Juliett, sending you 4
chatterbot Juliett submitting transactions
chatterbot Hotel submitting transactions
chatterbot Lima submitting transactions
chatterbot Quebec submitting transactions
chatterbot Whiskey submitting transactions
chatterbot India submitting transactions
chatterbot Kilo submitting transactions
chatterbot Alpha submitting transactions
chatterbot Sierra submitting transactions
chatterbot Victor submitting transactions
ChatterBot Quebec round 15
ChatterBot India round 15
ChatterBot Kilo round 15
ChatterBot Whiskey round 15
ChatterBot Alpha round 15
ChatterBot Sierra round 15
ChatterBot Juliett round 15
ChatterBot Victor round 15
ChatterBot Lima round 15
ChatterBot Hotel round 15
2024-10-15 04:54:33.537010 Quebec: Alpha, sending you 8
2024-10-15 04:54:33.537416 India: Same as last round
2024-10-15 04:54:33.538662 Juliett: India, Kilo, Whiskey and Hotel, sending you 3
2024-10-15 04:54:33.539571 Whiskey: Same as last round
2024-10-15 04:54:33.540416 Victor: India and Whiskey, sending you 3
2024-10-15 04:54:33.541832 Kilo: India, Whiskey and Juliett, sending you 3
2024-10-15 04:54:33.542726 Quebec: Sierra, sending you 11
2024-10-15 04:54:33.543673 Juliett: Victor, sending you 2
2024-10-15 04:54:33.545679 Alpha: Quebec, sending you 2
2024-10-15 04:54:33.546683 Victor: Kilo, sending you 5
2024-10-15 04:54:33.548514 Lima: India and Whiskey, sending you 3
2024-10-15 04:54:33.549696 Kilo: Victor, sending you 5
2024-10-15 04:54:33.551302 Juliett: Lima, sending you 4
2024-10-15 04:54:33.552390 Sierra: Same as last round
2024-10-15 04:54:33.552774 Hotel: India, Whiskey and Juliett, sending you 3
2024-10-15 04:54:33.554376 Alpha: Sierra, sending you 5
2024-10-15 04:54:33.554795 Victor: Juliett and Lima, sending you 2
2024-10-15 04:54:33.555900 Kilo: Lima and Hotel, sending you 2
2024-10-15 04:54:33.557554 Lima: Kilo, Victor and Hotel, sending you 2
2024-10-15 04:54:33.558929 Hotel: Kilo and Lima, sending you 2
2024-10-15 04:54:33.561168 Victor: Hotel, sending you 1
2024-10-15 04:54:33.562801 Lima: Juliett, sending you 4
chatterbot India submitting transactions
chatterbot Whiskey submitting transactions
chatterbot Sierra submitting transactions
chatterbot Quebec submitting transactions
chatterbot Juliett submitting transactions
chatterbot Lima submitting transactions
chatterbot Alpha submitting transactions
chatterbot Hotel submitting transactions
chatterbot Kilo submitting transactions
chatterbot Victor submitting transactions
ChatterBot Quebec round 16
ChatterBot India round 16
ChatterBot Kilo round 16
ChatterBot Whiskey round 16
ChatterBot Alpha round 16
ChatterBot Sierra round 16
ChatterBot Juliett round 16
ChatterBot Victor round 16
ChatterBot Lima round 16
ChatterBot Hotel round 16
2024-10-15 04:54:34.870014 India: Same as last round
2024-10-15 04:54:34.872708 Alpha: Quebec, sending you 2
2024-10-15 04:54:34.873340 Whiskey: Same as last round
2024-10-15 04:54:34.877708 Alpha: Sierra, sending you 5
2024-10-15 04:54:34.879770 Lima: India and Whiskey, sending you 3
2024-10-15 04:54:34.882353 Quebec: Alpha, sending you 7
2024-10-15 04:54:34.882838 Victor: India and Whiskey, sending you 3
2024-10-15 04:54:34.885380 Sierra: Same as last round
2024-10-15 04:54:34.885877 Lima: Kilo, Victor and Hotel, sending you 2
2024-10-15 04:54:34.888454 Quebec: Sierra, sending you 12
2024-10-15 04:54:34.888940 Juliett: India, Kilo, Whiskey and Hotel, sending you 3
2024-10-15 04:54:34.891286 Kilo: India, Whiskey and Juliett, sending you 3
2024-10-15 04:54:34.892929 Victor: Kilo, sending you 6
2024-10-15 04:54:34.895676 Hotel: India, Whiskey and Juliett, sending you 3
2024-10-15 04:54:34.898901 Lima: Juliett, sending you 4
2024-10-15 04:54:34.901366 Juliett: Victor, sending you 2
2024-10-15 04:54:34.902743 Kilo: Victor, sending you 5
2024-10-15 04:54:34.906503 Victor: Juliett and Lima, sending you 2
2024-10-15 04:54:34.908165 Hotel: Kilo and Lima, sending you 2
2024-10-15 04:54:34.910383 Juliett: Lima, sending you 4
2024-10-15 04:54:34.913049 Kilo: Lima and Hotel, sending you 2
chatterbot Alpha submitting transactions
chatterbot Juliett submitting transactions
chatterbot Quebec submitting transactions
chatterbot Whiskey submitting transactions
chatterbot Hotel submitting transactions
chatterbot India submitting transactions
chatterbot Sierra submitting transactions
chatterbot Kilo submitting transactions
chatterbot Lima submitting transactions
chatterbot Victor submitting transactions
ChatterBot Quebec round 17
ChatterBot India round 17
ChatterBot Kilo round 17
ChatterBot Whiskey round 17
ChatterBot Alpha round 17
ChatterBot Sierra round 17
ChatterBot Juliett round 17
ChatterBot Victor round 17
ChatterBot Lima round 17
ChatterBot Hotel round 17
2024-10-15 04:54:35.991926 Quebec: Alpha, sending you 7
2024-10-15 04:54:35.994672 India: Same as last round
2024-10-15 04:54:35.997118 Quebec: Sierra, sending you 12
2024-10-15 04:54:36.002677 Lima: India and Whiskey, sending you 3
2024-10-15 04:54:36.005805 Sierra: Same as last round
2024-10-15 04:54:36.006675 Alpha: Quebec, sending you 2
