ChatterBot Echo round 1
ChatterBot Sierra round 1
ChatterBot Charlie round 1
ChatterBot Delta round 1
ChatterBot India round 1
ChatterBot Zulu round 1
ChatterBot X-ray round 1
ChatterBot Papa round 1
ChatterBot Victor round 1
ChatterBot Juliett round 1
randomSelections Sierra: {Sierra, India, Papa, Delta, Zulu} 
2024-10-15 04:54:14.012898 Sierra: We should group up
ChatterBot India reevaluating
ChatterBot Papa reevaluating
ChatterBot Delta reevaluating
ChatterBot Zulu reevaluating
2024-10-15 04:54:14.032571 India: Yes
2024-10-15 04:54:14.032812 Papa: Yes
2024-10-15 04:54:14.033007 Delta: Yes
2024-10-15 04:54:14.033159 Zulu: Yes
ChatterBot Papa reevaluating
ChatterBot Delta reevaluating
ChatterBot Zulu reevaluating
ChatterBot India reevaluating
ChatterBot Delta reevaluating
ChatterBot Zulu reevaluating
ChatterBot India reevaluating
ChatterBot Papa reevaluating
ChatterBot Zulu reevaluating
ChatterBot India reevaluating
ChatterBot Papa reevaluating
ChatterBot Delta reevaluating
randomSelections Echo: {Echo, X-ray, Papa, Sierra, Victor, Zulu, Delta} 
2024-10-15 04:54:14.083703 Echo: Can we be friends?
ChatterBot X-ray reevaluating
ChatterBot Papa reevaluating
ChatterBot Victor reevaluating
ChatterBot Zulu reevaluating
ChatterBot Delta reevaluating
2024-10-15 04:54:14.094377 X-ray: Yes
2024-10-15 04:54:14.094496 Papa: No
2024-10-15 04:54:14.095339 Sierra: No
2024-10-15 04:54:14.095439 Victor: Yes
2024-10-15 04:54:14.095531 Zulu: No
2024-10-15 04:54:14.095647 Delta: No
ChatterBot Papa reevaluating
ChatterBot Victor reevaluating
ChatterBot Zulu reevaluating
ChatterBot Delta reevaluating
ChatterBot X-ray reevaluating
ChatterBot Victor reevaluating
ChatterBot Zulu reevaluating
ChatterBot Delta reevaluating
ChatterBot X-ray reevaluating
ChatterBot Papa reevaluating
ChatterBot Victor reevaluating
ChatterBot Zulu reevaluating
ChatterBot Delta reevaluating
ChatterBot X-ray reevaluating
ChatterBot Papa reevaluating
ChatterBot Zulu reevaluating
ChatterBot Delta reevaluating
ChatterBot X-ray reevaluating
ChatterBot Papa reevaluating
ChatterBot Victor reevaluating
ChatterBot Delta reevaluating
ChatterBot X-ray reevaluating
ChatterBot Papa reevaluating
ChatterBot Victor reevaluating
ChatterBot Zulu reevaluating
randomSelections Charlie: {Charlie, Delta, Victor, Zulu, X-ray, Echo, Sierra} 
2024-10-15 04:54:14.157894 Charlie: Friends?
ChatterBot Delta reevaluating
ChatterBot Victor reevaluating
ChatterBot Zulu reevaluating
ChatterBot X-ray reevaluating
2024-10-15 04:54:14.166664 Delta: No
2024-10-15 04:54:14.166803 Victor: No
2024-10-15 04:54:14.166955 Zulu: No
2024-10-15 04:54:14.167686 X-ray: No
2024-10-15 04:54:14.167797 Echo: No
2024-10-15 04:54:14.167898 Sierra: No
ChatterBot Victor reevaluating
ChatterBot Zulu reevaluating
ChatterBot X-ray reevaluating
ChatterBot Delta reevaluating
ChatterBot Zulu reevaluating
ChatterBot X-ray reevaluating
ChatterBot Delta reevaluating
ChatterBot Victor reevaluating
ChatterBot X-ray reevaluating
ChatterBot Delta reevaluating
ChatterBot Victor reevaluating
ChatterBot Zulu reevaluating
ChatterBot Delta reevaluating
ChatterBot Victor reevaluating
ChatterBot Zulu reevaluating
ChatterBot X-ray reevaluating
ChatterBot Delta reevaluating
ChatterBot Victor reevaluating
ChatterBot Zulu reevaluating
ChatterBot X-ray reevaluating
randomSelections Juliett: {Juliett, Echo, India, Papa, Zulu} 
2024-10-15 04:54:14.372292 Juliett: Friends?
ChatterBot India reevaluating
ChatterBot Papa reevaluating
ChatterBot Zulu reevaluating
2024-10-15 04:54:14.380513 Echo: No
2024-10-15 04:54:14.381060 India: No
2024-10-15 04:54:14.382646 Papa: No
2024-10-15 04:54:14.383070 Zulu: No
ChatterBot India reevaluating
ChatterBot Papa reevaluating
ChatterBot Zulu reevaluating
ChatterBot Papa reevaluating
ChatterBot Zulu reevaluating
ChatterBot India reevaluating
ChatterBot Zulu reevaluating
ChatterBot India reevaluating
ChatterBot Papa reevaluating
2024-10-15 04:54:14.432098 Zulu: Sierra and Delta, sending you 6
2024-10-15 04:54:14.433744 Papa: Sierra, sending you 1
2024-10-15 04:54:14.437761 Zulu: India and Papa, sending you 3
2024-10-15 04:54:14.438561 X-ray: Echo, sending you 6
2024-10-15 04:54:14.440346 Charlie: Echo, sending you 3
2024-10-15 04:54:14.442140 Sierra: Delta and India, sending you 5
2024-10-15 04:54:14.443168 Juliett: Echo and Zulu, sending you 4
2024-10-15 04:54:14.444657 Delta: Sierra, sending you 5
2024-10-15 04:54:14.445624 Echo: Sierra and Zulu, sending you 2
2024-10-15 04:54:14.447194 X-ray: Sierra and Delta, sending you 2
2024-10-15 04:54:14.448570 Charlie: Sierra and Zulu, sending you 6
2024-10-15 04:54:14.449224 Sierra: Zulu, sending you 6
2024-10-15 04:54:14.449763 Delta: India, sending you 7
2024-10-15 04:54:14.451350 Juliett: India, sending you 2
2024-10-15 04:54:14.451947 India: Sierra, sending you 4
2024-10-15 04:54:14.453938 Echo: Delta, sending you 1
2024-10-15 04:54:14.454823 Victor: Echo, sending you 1
2024-10-15 04:54:14.456543 X-ray: Zulu and Victor, sending you 1
2024-10-15 04:54:14.458580 Charlie: Delta and X-ray, sending you 1
2024-10-15 04:54:14.459457 Sierra: Papa, sending you 2
2024-10-15 04:54:14.461090 Delta: Zulu, sending you 3
2024-10-15 04:54:14.461832 Juliett: Papa, sending you 3
2024-10-15 04:54:14.463444 India: Delta, sending you 2
2024-10-15 04:54:14.464218 Echo: X-ray, sending you 3
2024-10-15 04:54:14.466033 Victor: Sierra and X-ray, sending you 3
2024-10-15 04:54:14.467449 X-ray: Papa, sending you 5
2024-10-15 04:54:14.468610 Charlie: Victor, sending you 2
2024-10-15 04:54:14.469696 Delta: Papa, sending you 2
2024-10-15 04:54:14.471607 India: Zulu, sending you 6
2024-10-15 04:54:14.472586 Echo: Papa, sending you 5
2024-10-15 04:54:14.474370 Victor: Delta, Zulu and Papa, sending you 4
2024-10-15 04:54:14.476540 India: Papa, sending you 5
2024-10-15 04:54:14.477515 Echo: Victor, sending you 4
chatterbot Charlie submitting transactions
chatterbot Echo submitting transactions
chatterbot Zulu submitting transactions
chatterbot Juliett submitting transactions
chatterbot Sierra submitting transactions
chatterbot Papa submitting transactions
chatterbot Delta submitting transactions
chatterbot X-ray submitting transactions
chatterbot Victor submitting transactions
chatterbot India submitting transactions
ChatterBot Echo round 2
ChatterBot Sierra round 2
ChatterBot Charlie round 2
ChatterBot Delta round 2
ChatterBot India round 2
ChatterBot Zulu round 2
ChatterBot X-ray round 2
2024-10-15 04:54:15.343429 Delta: Group up?
ChatterBot Sierra reevaluating
ChatterBot Charlie reevaluating
ChatterBot India reevaluating
ChatterBot Zulu reevaluating
ChatterBot Victor reevaluating
2024-10-15 04:54:15.381560 Sierra: Yes
2024-10-15 04:54:15.381804 Charlie: Yes
2024-10-15 04:54:15.381992 India: No
2024-10-15 04:54:15.382178 Zulu: No
2024-10-15 04:54:15.382369 Victor: No
ChatterBot Charlie reevaluating
ChatterBot India reevaluating
ChatterBot Zulu reevaluating
ChatterBot Victor reevaluating
ChatterBot Sierra reevaluating
ChatterBot India reevaluating
ChatterBot Zulu reevaluating
ChatterBot Victor reevaluating
ChatterBot Sierra reevaluating
ChatterBot Charlie reevaluating
ChatterBot Zulu reevaluating
ChatterBot Victor reevaluating
ChatterBot Sierra reevaluating
ChatterBot Charlie reevaluating
ChatterBot India reevaluating
ChatterBot Victor reevaluating
ChatterBot Sierra reevaluating
2024-10-15 04:54:15.538732 Charlie: Friends?
ChatterBot Charlie reevaluating
ChatterBot India reevaluating
ChatterBot Zulu reevaluating
ChatterBot Sierra reevaluating
ChatterBot India reevaluating
ChatterBot Zulu reevaluating
ChatterBot Victor reevaluating
2024-10-15 04:54:15.596677 Sierra: Yes
2024-10-15 04:54:15.597494 Delta: Yes
2024-10-15 04:54:15.597670 India: No
2024-10-15 04:54:15.598150 Zulu: No
2024-10-15 04:54:15.598838 Victor: No
ChatterBot Charlie reevaluating
ChatterBot India reevaluating
ChatterBot Zulu reevaluating
ChatterBot Victor reevaluating
ChatterBot Sierra reevaluating
ChatterBot Charlie reevaluating
ChatterBot India reevaluating
ChatterBot Zulu reevaluating
ChatterBot Victor reevaluating
ChatterBot Sierra reevaluating
ChatterBot Charlie reevaluating
ChatterBot Zulu reevaluating
ChatterBot Victor reevaluating
ChatterBot Sierra reevaluating
ChatterBot Charlie reevaluating
ChatterBot India reevaluating
ChatterBot Victor reevaluating
ChatterBot Sierra reevaluating
ChatterBot Charlie reevaluating
ChatterBot India reevaluating
ChatterBot Zulu reevaluating
ChatterBot Papa round 2
ChatterBot Victor round 2
ChatterBot Juliett round 2
2024-10-15 04:54:15.844646 Echo: Can we be friends?
ChatterBot X-ray reevaluating
ChatterBot Papa reevaluating
ChatterBot Victor reevaluating
ChatterBot Juliett reevaluating
ChatterBot Charlie reevaluating
2024-10-15 04:54:15.875382 X-ray: Yes
2024-10-15 04:54:15.875727 Papa: Yes
2024-10-15 04:54:15.876400 Victor: Yes
2024-10-15 04:54:15.876538 Juliett: No
2024-10-15 04:54:15.876708 Charlie: No
ChatterBot Papa reevaluating
ChatterBot Victor reevaluating
ChatterBot Juliett reevaluating
ChatterBot Charlie reevaluating
ChatterBot X-ray reevaluating
ChatterBot Victor reevaluating
ChatterBot Juliett reevaluating
ChatterBot Charlie reevaluating
ChatterBot X-ray reevaluating
ChatterBot Papa reevaluating
ChatterBot Juliett reevaluating
ChatterBot Charlie reevaluating
ChatterBot X-ray reevaluating
ChatterBot Papa reevaluating
ChatterBot Victor reevaluating
ChatterBot Charlie reevaluating
ChatterBot X-ray reevaluating
ChatterBot Papa reevaluating
ChatterBot Victor reevaluating
ChatterBot Juliett reevaluating
2024-10-15 04:54:16.037632 Sierra: We should replace Papa with Charlie
ChatterBot India reevaluating
ChatterBot Zulu reevaluating
2024-10-15 04:54:16.054247 Delta: Yes
2024-10-15 04:54:16.054958 India: Yes
2024-10-15 04:54:16.055115 Zulu: Yes
ChatterBot Sierra reevaluating
ChatterBot India reevaluating
ChatterBot Zulu reevaluating
ChatterBot Sierra reevaluating
ChatterBot Zulu reevaluating
ChatterBot Sierra reevaluating
ChatterBot India reevaluating
2024-10-15 04:54:16.140557 Zulu: Charlie we want you to join our group
2024-10-15 04:54:16.145854 Charlie: No
ChatterBot Sierra reevaluating
2024-10-15 04:54:16.499652 X-ray: Echo and Victor, sending you 6
2024-10-15 04:54:16.500523 Charlie: Echo, X-ray, Papa and Victor, sending you 4
2024-10-15 04:54:16.500909 Sierra: Charlie we want you to join our group
2024-10-15 04:54:16.505067 Charlie: No
ChatterBot Sierra reevaluating
2024-10-15 04:54:16.517810 Delta: Sierra and Victor, sending you 4
2024-10-15 04:54:16.518762 India: Sierra, sending you 4
2024-10-15 04:54:16.519092 Echo: Charlie, sending you 4
chatterbot Echo submitting transactions
2024-10-15 04:54:16.519987 Charlie: Juliett, sending you 3
2024-10-15 04:54:16.520249 X-ray: Charlie, sending you 3
2024-10-15 04:54:16.753162 Echo: X-ray, sending you 8
2024-10-15 04:54:16.753541 Juliett: Echo and Papa, sending you 5
2024-10-15 04:54:16.754284 Papa: Echo, India, Zulu, X-ray, Victor and Juliett, sending you 2
2024-10-15 04:54:16.754699 Delta: Charlie, sending you 1
2024-10-15 04:54:16.754947 Zulu: Sierra, Charlie and India, sending you 5
2024-10-15 04:54:16.755713 India: Charlie, sending you 1
2024-10-15 04:54:16.755977 Victor: Echo, sending you 8
2024-10-15 04:54:16.756213 X-ray: Papa, sending you 2
chatterbot Charlie submitting transactions
2024-10-15 04:54:17.346010 Echo: Victor, sending you 1
2024-10-15 04:54:17.347879 Juliett: X-ray, sending you 4
2024-10-15 04:54:17.349462 Papa: Sierra, Charlie and Delta, sending you 1
2024-10-15 04:54:17.351443 Delta: India, sending you 3
2024-10-15 04:54:17.353579 India: Delta, sending you 7
2024-10-15 04:54:17.355112 Zulu: Delta, sending you 3
2024-10-15 04:54:17.356864 Victor: Charlie, sending you 5
chatterbot Juliett submitting transactions
chatterbot India submitting transactions
chatterbot Papa submitting transactions
chatterbot Delta submitting transactions
chatterbot Victor submitting transactions
2024-10-15 04:54:17.360426 Echo: Juliett, sending you 5
2024-10-15 04:54:17.361473 Juliett: Victor, sending you 3
2024-10-15 04:54:17.363482 Delta: Zulu, sending you 5
2024-10-15 04:54:17.365245 India: Zulu, sending you 3
chatterbot Sierra submitting transactions
2024-10-15 04:54:17.366848 Victor: X-ray, sending you 3
2024-10-15 04:54:17.562956 Sierra: Charlie and Zulu, sending you 5
2024-10-15 04:54:17.563310 India: Juliett, sending you 2
2024-10-15 04:54:17.563582 Victor: Papa, sending you 2
chatterbot Zulu submitting transactions
chatterbot X-ray submitting transactions
2024-10-15 04:54:17.579187 Sierra: Delta and India, sending you 4
2024-10-15 04:54:17.579493 Victor: Juliett, sending you 1
ChatterBot Echo round 3
ChatterBot Sierra round 3
ChatterBot Charlie round 3
ChatterBot Delta round 3
ChatterBot India round 3
ChatterBot Zulu round 3
ChatterBot X-ray round 3
ChatterBot Papa round 3
2024-10-15 04:54:17.591550 Victor: Echo did not give me 4 like they said
ChatterBot Echo reevaluating
ChatterBot X-ray reevaluating
ChatterBot Papa reevaluating
ChatterBot Juliett reevaluating
ChatterBot Charlie reevaluating
2024-10-15 04:54:17.610969 Papa: Let's form a team
ChatterBot Echo reevaluating
ChatterBot X-ray reevaluating
ChatterBot Victor reevaluating
ChatterBot Juliett reevaluating
ChatterBot Charlie reevaluating
2024-10-15 04:54:17.628834 Echo: Yes
2024-10-15 04:54:17.628984 X-ray: Yes
2024-10-15 04:54:17.629097 Victor: Yes
2024-10-15 04:54:17.629188 Juliett: No
2024-10-15 04:54:17.629788 Charlie: Yes
ChatterBot X-ray reevaluating
ChatterBot Papa reevaluating
ChatterBot Victor reevaluating
ChatterBot Juliett reevaluating
ChatterBot Charlie reevaluating
ChatterBot Echo reevaluating
ChatterBot Papa reevaluating
ChatterBot Victor reevaluating
ChatterBot Juliett reevaluating
ChatterBot Charlie reevaluating
ChatterBot Echo reevaluating
ChatterBot X-ray reevaluating
ChatterBot Papa reevaluating
ChatterBot Juliett reevaluating
ChatterBot Charlie reevaluating
ChatterBot Echo reevaluating
ChatterBot X-ray reevaluating
ChatterBot Papa reevaluating
ChatterBot Victor reevaluating
ChatterBot Charlie reevaluating
ChatterBot Echo reevaluating
ChatterBot X-ray reevaluating
ChatterBot Papa reevaluating
ChatterBot Victor reevaluating
ChatterBot Juliett reevaluating
ChatterBot Victor round 3
ChatterBot Juliett round 3
2024-10-15 04:54:17.749224 Juliett: We should add Charlie
ChatterBot Echo reevaluating
ChatterBot Papa reevaluating
ChatterBot Victor reevaluating
2024-10-15 04:54:17.763387 Echo: Yes
2024-10-15 04:54:17.763603 X-ray: Yes
2024-10-15 04:54:17.763732 Papa: Yes
2024-10-15 04:54:17.763839 Victor: Yes
ChatterBot Papa reevaluating
ChatterBot Victor reevaluating
ChatterBot Echo reevaluating
ChatterBot Papa reevaluating
ChatterBot Victor reevaluating
ChatterBot Echo reevaluating
ChatterBot Victor reevaluating
ChatterBot Echo reevaluating
ChatterBot Papa reevaluating
2024-10-15 04:54:17.821754 Zulu: We should drop Charlie
2024-10-15 04:54:17.831072 Sierra: No
2024-10-15 04:54:17.831240 Delta: No
2024-10-15 04:54:17.831356 India: No
2024-10-15 04:54:17.857889 Juliett: Charlie we want you to join our group
2024-10-15 04:54:17.861358 Charlie: Yes
ChatterBot Echo reevaluating
ChatterBot Victor reevaluating
2024-10-15 04:54:17.935774 Sierra: Charlie and India, sending you 4
2024-10-15 04:54:17.936820 X-ray: Echo, sending you 5
2024-10-15 04:54:17.937315 Delta: Sierra, India and Zulu, sending you 5
2024-10-15 04:54:17.938284 Charlie: Echo, sending you 6
2024-10-15 04:54:17.938886 India: Sierra, sending you 6
2024-10-15 04:54:17.976350 Sierra: Delta and Zulu, sending you 5
2024-10-15 04:54:17.976964 X-ray: Charlie, Papa, Victor and Juliett, sending you 3
2024-10-15 04:54:17.977480 Delta: Charlie, sending you 2
2024-10-15 04:54:17.978480 Charlie: X-ray, sending you 4
2024-10-15 04:54:17.979058 India: Charlie, sending you 1
2024-10-15 04:54:17.979567 Papa: Echo, Charlie and Victor, sending you 3
2024-10-15 04:54:17.980588 Juliett: Echo, sending you 5
2024-10-15 04:54:17.980963 Zulu: Sierra, sending you 7
2024-10-15 04:54:17.982024 India: Delta and Zulu, sending you 5
2024-10-15 04:54:17.998513 Charlie: Papa, sending you 2
2024-10-15 04:54:17.999216 Papa: X-ray and Juliett, sending you 4
2024-10-15 04:54:18.000329 Victor: Echo and Charlie, sending you 4
2024-10-15 04:54:18.000935 Echo: Charlie, sending you 3
2024-10-15 04:54:18.001965 Juliett: Charlie and Papa, sending you 4
2024-10-15 04:54:18.002570 Zulu: Delta, sending you 6
2024-10-15 04:54:18.003737 Charlie: Victor, sending you 7
2024-10-15 04:54:18.004268 Victor: X-ray, sending you 5
2024-10-15 04:54:18.005322 Echo: X-ray, sending you 5
2024-10-15 04:54:18.013813 Juliett: X-ray and Victor, sending you 2
2024-10-15 04:54:18.015043 Zulu: India, sending you 5
2024-10-15 04:54:18.015570 Victor: Papa and Juliett, sending you 3
2024-10-15 04:54:18.016695 Echo: Papa, sending you 2
2024-10-15 04:54:18.020133 Echo: Victor and Juliett, sending you 4
chatterbot Charlie submitting transactions
chatterbot X-ray submitting transactions
chatterbot Zulu submitting transactions
chatterbot Papa submitting transactions
chatterbot Victor submitting transactions
chatterbot Delta submitting transactions
chatterbot Echo submitting transactions
chatterbot Juliett submitting transactions
chatterbot Sierra submitting transactions
chatterbot India submitting transactions
ChatterBot Echo round 4
ChatterBot Sierra round 4
ChatterBot Charlie round 4
ChatterBot Delta round 4
ChatterBot India round 4
ChatterBot Zulu round 4
ChatterBot X-ray round 4
ChatterBot Papa round 4
ChatterBot Victor round 4
ChatterBot Juliett round 4
2024-10-15 04:54:19.073375 Papa: Echo, Charlie and Victor, sending you 3
2024-10-15 04:54:19.074573 Delta: Sierra and Zulu, sending you 6
2024-10-15 04:54:19.075013 Juliett: Echo and Papa, sending you 5
2024-10-15 04:54:19.076070 Sierra: Charlie, sending you 3
2024-10-15 04:54:19.076477 Charlie: Echo and X-ray, sending you 4
2024-10-15 04:54:19.076962 India: Sierra, sending you 5
2024-10-15 04:54:19.077886 Echo: Charlie, Victor and Juliett, sending you 4
2024-10-15 04:54:19.078453 Papa: X-ray and Juliett, sending you 4
2024-10-15 04:54:19.079448 Delta: India, sending you 5
2024-10-15 04:54:19.079809 Juliett: Charlie, sending you 2
2024-10-15 04:54:19.080305 Sierra: Delta, India and Zulu, sending you 5
2024-10-15 04:54:19.088093 Charlie: Papa, sending you 3
2024-10-15 04:54:19.088665 Echo: X-ray, sending you 5
2024-10-15 04:54:19.089622 Zulu: Sending you each 6
2024-10-15 04:54:19.089999 Victor: Echo and X-ray, sending you 4
2024-10-15 04:54:19.091081 X-ray: Echo, sending you 5
2024-10-15 04:54:19.091625 India: Delta and Zulu, sending you 6
2024-10-15 04:54:19.092079 Juliett: X-ray and Victor, sending you 3
2024-10-15 04:54:19.093180 Echo: Papa, sending you 1
2024-10-15 04:54:19.094198 Charlie: Victor, sending you 6
2024-10-15 04:54:19.117068 Victor: Charlie, sending you 5
2024-10-15 04:54:19.118191 X-ray: Charlie, Papa, Victor and Juliett, sending you 3
2024-10-15 04:54:19.119208 Charlie: Juliett, sending you 2
2024-10-15 04:54:19.126343 Victor: Papa and Juliett, sending you 3
chatterbot Victor submitting transactions
chatterbot Echo submitting transactions
chatterbot X-ray submitting transactions
chatterbot India submitting transactions
chatterbot Papa submitting transactions
chatterbot Charlie submitting transactions
chatterbot Zulu submitting transactions
chatterbot Delta submitting transactions
chatterbot Sierra submitting transactions
chatterbot Juliett submitting transactions
ChatterBot Echo round 5
ChatterBot Sierra round 5
ChatterBot Charlie round 5
ChatterBot Delta round 5
ChatterBot India round 5
ChatterBot Zulu round 5
ChatterBot X-ray round 5
ChatterBot Papa round 5
ChatterBot Victor round 5
ChatterBot Juliett round 5
2024-10-15 04:54:20.269723 Delta: Sierra, sending you 5
2024-10-15 04:54:20.270765 India: Sierra, sending you 5
2024-10-15 04:54:20.272758 Charlie: Echo and Victor, sending you 5
2024-10-15 04:54:20.274918 India: Delta and Zulu, sending you 6
2024-10-15 04:54:20.275739 Zulu: Same as last round
2024-10-15 04:54:20.277016 Delta: India and Zulu, sending you 6
2024-10-15 04:54:20.277537 Echo: Charlie, Victor and Juliett, sending you 4
2024-10-15 04:54:20.279152 Sierra: Sending you each 6
2024-10-15 04:54:20.279595 X-ray: Echo, sending you 5
2024-10-15 04:54:20.281199 Victor: Echo and X-ray, sending you 4
2024-10-15 04:54:20.282263 Charlie: X-ray, sending you 4
2024-10-15 04:54:20.283822 Echo: X-ray, sending you 5
2024-10-15 04:54:20.285169 X-ray: Charlie, Papa, Victor and Juliett, sending you 3
2024-10-15 04:54:20.285844 Victor: Charlie, sending you 5
2024-10-15 04:54:20.287075 Papa: Echo, Charlie and Victor, sending you 3
2024-10-15 04:54:20.287868 Juliett: Echo, sending you 5
2024-10-15 04:54:20.289073 Echo: Papa, sending you 1
2024-10-15 04:54:20.289931 Charlie: Papa, sending you 3
2024-10-15 04:54:20.291318 Victor: Papa and Juliett, sending you 3
2024-10-15 04:54:20.292632 Papa: X-ray and Juliett, sending you 4
2024-10-15 04:54:20.293688 Juliett: Charlie, X-ray and Victor, sending you 3
2024-10-15 04:54:20.295717 Charlie: Juliett, sending you 2
2024-10-15 04:54:20.299667 Juliett: Papa, sending you 4
chatterbot Sierra submitting transactions
chatterbot Delta submitting transactions
chatterbot Echo submitting transactions
chatterbot Victor submitting transactions
chatterbot Zulu submitting transactions
chatterbot India submitting transactions
chatterbot Papa submitting transactions
chatterbot Charlie submitting transactions
chatterbot X-ray submitting transactions
chatterbot Juliett submitting transactions
ChatterBot Echo round 6
ChatterBot Sierra round 6
ChatterBot Charlie round 6
ChatterBot Delta round 6
ChatterBot India round 6
ChatterBot Zulu round 6
ChatterBot X-ray round 6
ChatterBot Papa round 6
ChatterBot Victor round 6
ChatterBot Juliett round 6
2024-10-15 04:54:21.378687 Sierra: Same as last round
2024-10-15 04:54:21.384674 X-ray: Echo, sending you 5
2024-10-15 04:54:21.386080 India: Sierra, sending you 5
2024-10-15 04:54:21.390678 X-ray: Charlie, Papa, Victor and Juliett, sending you 3
2024-10-15 04:54:21.392779 India: Delta and Zulu, sending you 6
2024-10-15 04:54:21.393334 Delta: Sierra and Zulu, sending you 6
2024-10-15 04:54:21.394450 Charlie: Echo, sending you 5
2024-10-15 04:54:21.395727 Zulu: Same as last round
2024-10-15 04:54:21.397689 Victor: Echo and X-ray, sending you 4
2024-10-15 04:54:21.399445 Delta: India, sending you 5
2024-10-15 04:54:21.400326 Echo: Charlie and Juliett, sending you 4
2024-10-15 04:54:21.401837 Papa: Echo, Charlie, X-ray and Victor, sending you 1
2024-10-15 04:54:21.402552 Charlie: X-ray and Papa, sending you 3
2024-10-15 04:54:21.403341 Juliett: Echo, sending you 5
2024-10-15 04:54:21.404736 Victor: Charlie, sending you 5
2024-10-15 04:54:21.406278 Echo: X-ray, sending you 5
2024-10-15 04:54:21.407185 Papa: Juliett, sending you 2
2024-10-15 04:54:21.408130 Charlie: Victor, sending you 6
2024-10-15 04:54:21.409651 Juliett: Charlie, X-ray and Victor, sending you 3
2024-10-15 04:54:21.411312 Victor: Papa and Juliett, sending you 3
2024-10-15 04:54:21.412451 Echo: Papa, sending you 2
2024-10-15 04:54:21.414087 Charlie: Juliett, sending you 2
2024-10-15 04:54:21.416065 Juliett: Papa, sending you 4
2024-10-15 04:54:21.418684 Echo: Victor, sending you 3
chatterbot Delta submitting transactions
chatterbot X-ray submitting transactions
chatterbot Echo submitting transactions
chatterbot Sierra submitting transactions
chatterbot India submitting transactions
chatterbot Victor submitting transactions
chatterbot Zulu submitting transactions
chatterbot Charlie submitting transactions
chatterbot Papa submitting transactions
chatterbot Juliett submitting transactions
ChatterBot Echo round 7
ChatterBot Sierra round 7
ChatterBot Charlie round 7
ChatterBot Delta round 7
ChatterBot India round 7
ChatterBot Zulu round 7
ChatterBot X-ray round 7
ChatterBot Papa round 7
ChatterBot Victor round 7
ChatterBot Juliett round 7
2024-10-15 04:54:22.602034 X-ray: We should add Zulu
ChatterBot Papa reevaluating
2024-10-15 04:54:22.614624 Echo: No
2024-10-15 04:54:22.614908 Papa: No
2024-10-15 04:54:22.615057 Victor: No
2024-10-15 04:54:22.615194 Juliett: No
2024-10-15 04:54:22.615353 Charlie: No
ChatterBot X-ray reevaluating
ChatterBot Papa reevaluating
ChatterBot X-ray reevaluating
ChatterBot X-ray reevaluating
ChatterBot Papa reevaluating
ChatterBot X-ray reevaluating
ChatterBot Papa reevaluating
ChatterBot X-ray reevaluating
ChatterBot Papa reevaluating
2024-10-15 04:54:22.672776 Papa: We should add Delta
ChatterBot X-ray reevaluating
2024-10-15 04:54:22.683948 Echo: No
2024-10-15 04:54:22.684112 X-ray: Yes
2024-10-15 04:54:22.684241 Victor: No
2024-10-15 04:54:22.684345 Juliett: No
2024-10-15 04:54:22.684438 Charlie: No
ChatterBot X-ray reevaluating
ChatterBot Papa reevaluating
ChatterBot Papa reevaluating
ChatterBot X-ray reevaluating
ChatterBot Papa reevaluating
ChatterBot X-ray reevaluating
ChatterBot Papa reevaluating
ChatterBot X-ray reevaluating
ChatterBot Papa reevaluating
2024-10-15 04:54:22.777923 X-ray: We should add Sierra
ChatterBot Papa reevaluating
2024-10-15 04:54:22.789309 Echo: No
2024-10-15 04:54:22.789535 Papa: Yes
2024-10-15 04:54:22.790223 Victor: No
2024-10-15 04:54:22.790371 Juliett: No
2024-10-15 04:54:22.790491 Charlie: No
ChatterBot X-ray reevaluating
ChatterBot Papa reevaluating
ChatterBot X-ray reevaluating
ChatterBot X-ray reevaluating
ChatterBot Papa reevaluating
ChatterBot X-ray reevaluating
ChatterBot Papa reevaluating
ChatterBot X-ray reevaluating
ChatterBot Papa reevaluating
2024-10-15 04:54:22.883592 Charlie: Echo and Victor, sending you 5
2024-10-15 04:54:22.885098 India: I was attacked by Papa
ChatterBot Zulu reevaluating
ChatterBot Sierra reevaluating
ChatterBot Charlie reevaluating
ChatterBot Delta reevaluating
2024-10-15 04:54:22.901173 India: Ow
2024-10-15 04:54:22.902383 Delta: We should add Victor
ChatterBot Sierra reevaluating
ChatterBot India reevaluating
ChatterBot Zulu reevaluating
2024-10-15 04:54:22.910821 Sierra: No
2024-10-15 04:54:22.910967 India: No
2024-10-15 04:54:22.911070 Zulu: No
ChatterBot Delta reevaluating
ChatterBot India reevaluating
ChatterBot Zulu reevaluating
ChatterBot Sierra reevaluating
ChatterBot Delta reevaluating
ChatterBot Zulu reevaluating
ChatterBot Sierra reevaluating
ChatterBot Delta reevaluating
ChatterBot India reevaluating
2024-10-15 04:54:22.943878 Papa: Zulu we want you to join our group
ChatterBot Zulu reevaluating
2024-10-15 04:54:22.946902 Zulu: No
ChatterBot Papa reevaluating
ChatterBot Charlie reevaluating
ChatterBot X-ray reevaluating
2024-10-15 04:54:22.962110 Echo: Charlie and Juliett, sending you 4
2024-10-15 04:54:22.966703 Juliett: Echo, sending you 5
2024-10-15 04:54:22.968475 Victor: Echo and X-ray, sending you 4
2024-10-15 04:54:22.969551 Papa: Delta we want you to join our group
ChatterBot Delta reevaluating
2024-10-15 04:54:22.974154 Delta: No
ChatterBot Charlie reevaluating
ChatterBot X-ray reevaluating
2024-10-15 04:54:22.995030 Echo: X-ray, sending you 5
2024-10-15 04:54:22.996424 Juliett: Charlie, X-ray and Victor, sending you 3
2024-10-15 04:54:22.997167 Victor: Charlie, sending you 5
2024-10-15 04:54:22.998682 Echo: Papa, sending you 2
2024-10-15 04:54:22.999898 Sierra: Same as last round
2024-10-15 04:54:23.000670 Juliett: Papa, sending you 4
2024-10-15 04:54:23.003288 X-ray: Zulu we want you to join our group
2024-10-15 04:54:23.005559 Zulu: No
ChatterBot Papa reevaluating
ChatterBot Charlie reevaluating
ChatterBot X-ray reevaluating
2024-10-15 04:54:23.019541 Victor: Papa and Juliett, sending you 3
2024-10-15 04:54:23.020155 Echo: Victor, sending you 3
2024-10-15 04:54:23.043701 Papa: Echo, sending you 2
2024-10-15 04:54:23.047680 Papa: Charlie, X-ray and Victor, sending you 3
2024-10-15 04:54:23.052669 Papa: Zulu, sending you 1
2024-10-15 04:54:23.053122 X-ray: Echo, sending you 5
2024-10-15 04:54:23.055696 Papa: Juliett, sending you 5
2024-10-15 04:54:23.057673 X-ray: Charlie, Papa and Victor, sending you 3
2024-10-15 04:54:23.061684 X-ray: Zulu, sending you 1
2024-10-15 04:54:23.064674 X-ray: Juliett, sending you 2
chatterbot Juliett submitting transactions
chatterbot Sierra submitting transactions
chatterbot Papa submitting transactions
chatterbot Charlie submitting transactions
chatterbot Victor submitting transactions
chatterbot Echo submitting transactions
chatterbot India submitting transactions
chatterbot X-ray submitting transactions
chatterbot Zulu submitting transactions
chatterbot Delta submitting transactions
ChatterBot Echo round 8
ChatterBot Sierra round 8
ChatterBot Charlie round 8
ChatterBot Delta round 8
ChatterBot India round 8
ChatterBot Zulu round 8
ChatterBot X-ray round 8
ChatterBot Papa round 8
ChatterBot Victor round 8
ChatterBot Juliett round 8
2024-10-15 04:54:24.258076 India: We should replace Charlie with Juliett
ChatterBot Sierra reevaluating
ChatterBot Delta reevaluating
2024-10-15 04:54:24.268513 Sierra: No
2024-10-15 04:54:24.268713 Delta: No
2024-10-15 04:54:24.268852 Zulu: No
ChatterBot Delta reevaluating
ChatterBot India reevaluating
ChatterBot Sierra reevaluating
ChatterBot India reevaluating
ChatterBot Sierra reevaluating
ChatterBot Delta reevaluating
ChatterBot India reevaluating
2024-10-15 04:54:24.316804 India: Juliett we want you to join our group
2024-10-15 04:54:24.320764 Juliett: No
ChatterBot India reevaluating
ChatterBot Sierra reevaluating
2024-10-15 04:54:24.336528 Papa: I was attacked by India
ChatterBot Echo reevaluating
ChatterBot Charlie reevaluating
ChatterBot X-ray reevaluating
ChatterBot Victor reevaluating
ChatterBot Juliett reevaluating
ChatterBot Zulu reevaluating
2024-10-15 04:54:24.354054 Papa: I'm keeping this round to protect myself
2024-10-15 04:54:24.356385 Papa: Ow
2024-10-15 04:54:24.356764 X-ray: We should replace Zulu with Sierra
ChatterBot Echo reevaluating
ChatterBot Papa reevaluating
ChatterBot Victor reevaluating
ChatterBot Juliett reevaluating
ChatterBot Charlie reevaluating
2024-10-15 04:54:24.372796 Echo: No
2024-10-15 04:54:24.372950 Papa: Yes
2024-10-15 04:54:24.373054 Victor: No
2024-10-15 04:54:24.373219 Juliett: No
2024-10-15 04:54:24.373317 Charlie: No
ChatterBot X-ray reevaluating
ChatterBot Papa reevaluating
ChatterBot Victor reevaluating
ChatterBot Juliett reevaluating
ChatterBot Charlie reevaluating
ChatterBot Echo reevaluating
ChatterBot X-ray reevaluating
ChatterBot Victor reevaluating
ChatterBot Juliett reevaluating
ChatterBot Charlie reevaluating
ChatterBot Echo reevaluating
ChatterBot X-ray reevaluating
ChatterBot Papa reevaluating
ChatterBot Juliett reevaluating
ChatterBot Charlie reevaluating
ChatterBot Echo reevaluating
ChatterBot X-ray reevaluating
ChatterBot Papa reevaluating
ChatterBot Victor reevaluating
ChatterBot Charlie reevaluating
ChatterBot Echo reevaluating
ChatterBot X-ray reevaluating
ChatterBot Papa reevaluating
ChatterBot Victor reevaluating
ChatterBot Juliett reevaluating
2024-10-15 04:54:24.448860 X-ray: Sierra we want you to join our group
ChatterBot Sierra reevaluating
2024-10-15 04:54:24.454374 Sierra: No
ChatterBot X-ray reevaluating
ChatterBot Echo reevaluating
ChatterBot Papa reevaluating
2024-10-15 04:54:24.475705 Zulu: Sierra, sending you 6
2024-10-15 04:54:24.479678 Papa: Sierra we want you to join our group
ChatterBot Sierra reevaluating
2024-10-15 04:54:24.484181 Sierra: No
ChatterBot X-ray reevaluating
ChatterBot Echo reevaluating
ChatterBot Papa reevaluating
2024-10-15 04:54:24.503662 X-ray: We should replace Zulu with Delta
2024-10-15 04:54:24.504047 Papa: We should replace Zulu with Delta
ChatterBot Echo reevaluating
ChatterBot Papa reevaluating
2024-10-15 04:54:24.517972 Echo: No
ChatterBot Echo reevaluating
ChatterBot X-ray reevaluating
2024-10-15 04:54:24.523402 Papa: No
2024-10-15 04:54:24.523568 Victor: No
2024-10-15 04:54:24.525966 Juliett: No
2024-10-15 04:54:24.527952 Charlie: No
2024-10-15 04:54:24.530658 Echo: No
2024-10-15 04:54:24.530787 X-ray: No
2024-10-15 04:54:24.530891 Victor: No
2024-10-15 04:54:24.531007 Juliett: No
2024-10-15 04:54:24.531101 Charlie: No
ChatterBot X-ray reevaluating
ChatterBot Papa reevaluating
ChatterBot Echo reevaluating
ChatterBot X-ray reevaluating
ChatterBot Echo reevaluating
ChatterBot X-ray reevaluating
ChatterBot Papa reevaluating
ChatterBot Echo reevaluating
ChatterBot X-ray reevaluating
ChatterBot Papa reevaluating
ChatterBot Echo reevaluating
ChatterBot X-ray reevaluating
ChatterBot Papa reevaluating
ChatterBot X-ray reevaluating
ChatterBot Papa reevaluating
ChatterBot Echo reevaluating
ChatterBot Papa reevaluating
ChatterBot Echo reevaluating
ChatterBot X-ray reevaluating
ChatterBot Papa reevaluating
ChatterBot Echo reevaluating
ChatterBot X-ray reevaluating
ChatterBot Papa reevaluating
ChatterBot Echo reevaluating
ChatterBot X-ray reevaluating
ChatterBot Papa reevaluating
2024-10-15 04:54:24.651633 Zulu: Delta, sending you 7
2024-10-15 04:54:24.654674 Juliett: Echo, sending you 5
2024-10-15 04:54:24.656464 Victor: Echo and X-ray, sending you 4
2024-10-15 04:54:24.657292 Zulu: India, sending you 5
2024-10-15 04:54:24.659814 Juliett: Charlie, X-ray and Victor, sending you 3
2024-10-15 04:54:24.661675 Victor: Charlie, sending you 5
2024-10-15 04:54:24.664690 Juliett: Papa, sending you 4
2024-10-15 04:54:24.665739 Sierra: Delta and Zulu, sending you 6
2024-10-15 04:54:24.666152 Victor: Papa and Juliett, sending you 3
2024-10-15 04:54:24.669673 Sierra: India, sending you 5
2024-10-15 04:54:24.688687 X-ray: Echo, sending you 5
2024-10-15 04:54:24.692704 X-ray: Charlie, Papa, Victor and Juliett, sending you 3
chatterbot Sierra submitting transactions
chatterbot India submitting transactions
chatterbot Zulu submitting transactions
chatterbot X-ray submitting transactions
chatterbot Charlie submitting transactions
chatterbot Victor submitting transactions
chatterbot Papa submitting transactions
chatterbot Juliett submitting transactions
chatterbot Echo submitting transactions
chatterbot Delta submitting transactions
ChatterBot Echo round 9
ChatterBot Sierra round 9
ChatterBot Charlie round 9
ChatterBot Delta round 9
ChatterBot India round 9
ChatterBot Zulu round 9
ChatterBot X-ray round 9
2024-10-15 04:54:25.674128 India: We should replace Charlie with Juliett
ChatterBot Delta reevaluating
2024-10-15 04:54:25.682429 Sierra: No
2024-10-15 04:54:25.682575 Delta: Yes
2024-10-15 04:54:25.682708 Zulu: No
ChatterBot Delta reevaluating
ChatterBot Delta reevaluating
ChatterBot Papa round 9
ChatterBot Victor round 9
ChatterBot Juliett round 9
2024-10-15 04:54:25.708847 India: Juliett we want you to join our group
2024-10-15 04:54:25.711105 Juliett: No
ChatterBot Delta reevaluating
2024-10-15 04:54:25.720795 Papa: We should replace Sierra with Delta
ChatterBot X-ray reevaluating
2024-10-15 04:54:25.729909 Echo: No
2024-10-15 04:54:25.730050 X-ray: No
2024-10-15 04:54:25.730166 Victor: No
2024-10-15 04:54:25.730275 Juliett: No
2024-10-15 04:54:25.730365 Charlie: No
ChatterBot X-ray reevaluating
ChatterBot X-ray reevaluating
ChatterBot X-ray reevaluating
ChatterBot X-ray reevaluating
2024-10-15 04:54:25.780894 Papa: Delta we want you to join our group
ChatterBot Delta reevaluating
2024-10-15 04:54:25.783734 Delta: No
ChatterBot Papa reevaluating
ChatterBot X-ray reevaluating
2024-10-15 04:54:25.795537 Delta: We should replace X-ray with Victor
2024-10-15 04:54:25.795766 Papa: We should replace Sierra with Zulu
ChatterBot India reevaluating
ChatterBot X-ray reevaluating
2024-10-15 04:54:25.812012 Sierra: No
2024-10-15 04:54:25.812150 India: No
2024-10-15 04:54:25.812259 Zulu: No
2024-10-15 04:54:25.812957 Echo: No
2024-10-15 04:54:25.813124 X-ray: Yes
2024-10-15 04:54:25.813287 Victor: No
2024-10-15 04:54:25.813433 Juliett: No
2024-10-15 04:54:25.813544 Charlie: No
ChatterBot Delta reevaluating
ChatterBot India reevaluating
ChatterBot X-ray reevaluating
ChatterBot Papa reevaluating
ChatterBot Delta reevaluating
ChatterBot Papa reevaluating
ChatterBot Delta reevaluating
ChatterBot India reevaluating
ChatterBot X-ray reevaluating
ChatterBot Papa reevaluating
ChatterBot X-ray reevaluating
ChatterBot Papa reevaluating
ChatterBot X-ray reevaluating
ChatterBot Papa reevaluating
2024-10-15 04:54:25.894757 Sierra: Delta, sending you 6
2024-10-15 04:54:25.898674 Zulu: Sierra and Delta, sending you 7
2024-10-15 04:54:25.899678 Sierra: India, sending you 5
2024-10-15 04:54:25.902660 X-ray: Zulu we want you to join our group
2024-10-15 04:54:25.905979 Zulu: No
ChatterBot Papa reevaluating
2024-10-15 04:54:25.922119 Zulu: India, sending you 4
2024-10-15 04:54:25.923400 Sierra: Zulu, sending you 7
2024-10-15 04:54:25.926698 Victor: Echo and X-ray, sending you 4
2024-10-15 04:54:25.928715 Juliett: Echo, sending you 5
2024-10-15 04:54:25.929461 India: Sierra, Delta and Zulu, sending you 4
2024-10-15 04:54:25.933545 Victor: Charlie, sending you 5
2024-10-15 04:54:25.934990 Juliett: Charlie, X-ray, Papa and Victor, sending you 3
2024-10-15 04:54:25.937720 Victor: Papa and Juliett, sending you 3
2024-10-15 04:54:25.940687 X-ray: Echo, sending you 5
2024-10-15 04:54:25.946111 X-ray: Charlie and Juliett, sending you 3
2024-10-15 04:54:25.949686 X-ray: Papa, sending you 2
2024-10-15 04:54:25.952714 X-ray: Victor, sending you 4
chatterbot Victor submitting transactions
chatterbot Echo submitting transactions
chatterbot Juliett submitting transactions
chatterbot Charlie submitting transactions
chatterbot Sierra submitting transactions
chatterbot Zulu submitting transactions
chatterbot X-ray submitting transactions
chatterbot Papa submitting transactions
chatterbot Delta submitting transactions
chatterbot India submitting transactions
ChatterBot Echo round 10
ChatterBot Sierra round 10
ChatterBot Charlie round 10
ChatterBot Delta round 10
ChatterBot India round 10
ChatterBot Zulu round 10
ChatterBot X-ray round 10
ChatterBot Papa round 10
ChatterBot Victor round 10
ChatterBot Juliett round 10
2024-10-15 04:54:27.135589 X-ray: We should replace Zulu with Delta
2024-10-15 04:54:27.155630 Echo: No
2024-10-15 04:54:27.155938 Papa: Yes
2024-10-15 04:54:27.156178 Victor: No
2024-10-15 04:54:27.156396 Juliett: No
2024-10-15 04:54:27.156607 Charlie: No
ChatterBot X-ray reevaluating
ChatterBot X-ray reevaluating
ChatterBot X-ray reevaluating
2024-10-15 04:54:27.241568 India: We should replace Charlie with Juliett
ChatterBot Delta reevaluating
2024-10-15 04:54:27.248263 Sierra: No
2024-10-15 04:54:27.248410 Delta: No
2024-10-15 04:54:27.248582 Zulu: No
ChatterBot Delta reevaluating
ChatterBot India reevaluating
ChatterBot Delta reevaluating
ChatterBot India reevaluating
2024-10-15 04:54:27.282059 X-ray: We should replace Zulu with Sierra
ChatterBot Papa reevaluating
2024-10-15 04:54:27.294118 Echo: No
2024-10-15 04:54:27.294274 Papa: Yes
2024-10-15 04:54:27.294410 Victor: No
2024-10-15 04:54:27.294530 Juliett: No
2024-10-15 04:54:27.294656 Charlie: No
ChatterBot X-ray reevaluating
ChatterBot Papa reevaluating
ChatterBot X-ray reevaluating
ChatterBot Juliett reevaluating
ChatterBot X-ray reevaluating
ChatterBot Papa reevaluating
ChatterBot Juliett reevaluating
ChatterBot X-ray reevaluating
ChatterBot Papa reevaluating
ChatterBot X-ray reevaluating
ChatterBot Papa reevaluating
ChatterBot Juliett reevaluating
2024-10-15 04:54:27.361719 Sierra: Sending you each 6
2024-10-15 04:54:27.363240 India: Juliett we want you to join our group
ChatterBot Juliett reevaluating
2024-10-15 04:54:27.367336 Juliett: No
ChatterBot India reevaluating
2024-10-15 04:54:27.381671 X-ray: Delta we want you to join our group
ChatterBot Delta reevaluating
2024-10-15 04:54:27.387567 Delta: No
ChatterBot X-ray reevaluating
ChatterBot Juliett reevaluating
2024-10-15 04:54:27.420315 Zulu: Sierra and Delta, sending you 4
2024-10-15 04:54:27.421702 Victor: Echo and X-ray, sending you 4
2024-10-15 04:54:27.424607 Zulu: India, sending you 2
2024-10-15 04:54:27.428969 Victor: Charlie, sending you 5
2024-10-15 04:54:27.432679 Victor: Papa and Juliett, sending you 3
