ChatterBot Alpha round 1
ChatterBot Juliett round 1
ChatterBot Foxtrot round 1
ChatterBot Quebec round 1
ChatterBot Golf round 1
ChatterBot Tango round 1
randomSelections Juliett: {Juliett, Foxtrot, Golf, Tango, Echo, Quebec} 
2024-10-15 04:54:14.029860 Juliett: We should group up
ChatterBot Foxtrot reevaluating
ChatterBot Golf reevaluating
ChatterBot Tango reevaluating
ChatterBot Quebec reevaluating
2024-10-15 04:54:14.049605 Foxtrot: Yes
2024-10-15 04:54:14.049816 Golf: Yes
2024-10-15 04:54:14.049952 Tango: Yes
2024-10-15 04:54:14.051910 Quebec: Yes
ChatterBot Golf reevaluating
ChatterBot Tango reevaluating
ChatterBot Quebec reevaluating
ChatterBot Foxtrot reevaluating
ChatterBot Tango reevaluating
ChatterBot Quebec reevaluating
ChatterBot Foxtrot reevaluating
ChatterBot Golf reevaluating
ChatterBot Quebec reevaluating
ChatterBot Foxtrot reevaluating
ChatterBot Golf reevaluating
ChatterBot Tango reevaluating
ChatterBot Hotel round 1
ChatterBot Echo round 1
ChatterBot Echo reevaluating
ChatterBot Echo reevaluating
ChatterBot Echo reevaluating
ChatterBot Echo reevaluating
ChatterBot Echo reevaluating
2024-10-15 04:54:14.096923 Echo: Yes
ChatterBot Foxtrot reevaluating
ChatterBot Golf reevaluating
ChatterBot Tango reevaluating
ChatterBot Quebec reevaluating
ChatterBot Bravo round 1
ChatterBot Victor round 1
randomSelections Alpha: {Alpha} 
randomSelections Hotel: {Hotel, Tango, Bravo, Juliett, Quebec} 
2024-10-15 04:54:14.121060 Hotel: We would work well together
ChatterBot Bravo reevaluating
ChatterBot Quebec reevaluating
2024-10-15 04:54:14.127917 Tango: No
2024-10-15 04:54:14.128587 Bravo: Yes
2024-10-15 04:54:14.128700 Juliett: No
2024-10-15 04:54:14.128835 Quebec: No
ChatterBot Bravo reevaluating
ChatterBot Quebec reevaluating
ChatterBot Quebec reevaluating
ChatterBot Bravo reevaluating
ChatterBot Quebec reevaluating
ChatterBot Bravo reevaluating
randomSelections Victor: {Victor, Juliett, Bravo, Tango} 
2024-10-15 04:54:14.156446 Victor: We would work well together
ChatterBot Bravo reevaluating
2024-10-15 04:54:14.160577 Juliett: No
2024-10-15 04:54:14.161188 Bravo: No
2024-10-15 04:54:14.161326 Tango: No
ChatterBot Bravo reevaluating
ChatterBot Bravo reevaluating
2024-10-15 04:54:14.192104 Juliett: Foxtrot, sending you 5
2024-10-15 04:54:14.263301 Foxtrot: Juliett, sending you 5
2024-10-15 04:54:14.263968 Quebec: Juliett and Golf, sending you 2
2024-10-15 04:54:14.264331 Juliett: Quebec, sending you 2
2024-10-15 04:54:14.264720 Echo: Juliett, sending you 3
2024-10-15 04:54:14.266577 Victor: Juliett, Tango and Bravo, sending you 6
2024-10-15 04:54:14.266915 Tango: Juliett, sending you 3
2024-10-15 04:54:14.267330 Golf: Juliett, sending you 5
2024-10-15 04:54:14.269593 Hotel: Juliett and Quebec, sending you 1
2024-10-15 04:54:14.269974 Foxtrot: Quebec and Echo, sending you 4
2024-10-15 04:54:14.270431 Quebec: Foxtrot, sending you 4
2024-10-15 04:54:14.270809 Juliett: Golf and Echo, sending you 3
2024-10-15 04:54:14.274856 Echo: Foxtrot, sending you 2
2024-10-15 04:54:14.275413 Tango: Foxtrot, sending you 4
2024-10-15 04:54:14.275820 Bravo: Juliett and Quebec, sending you 4
2024-10-15 04:54:14.276198 Golf: Foxtrot and Echo, sending you 3
2024-10-15 04:54:14.278550 Hotel: Tango, sending you 2
2024-10-15 04:54:14.278907 Foxtrot: Golf and Tango, sending you 2
2024-10-15 04:54:14.279391 Quebec: Tango, sending you 1
2024-10-15 04:54:14.281844 Echo: Quebec and Tango, sending you 5
2024-10-15 04:54:14.282294 Bravo: Tango, sending you 3
2024-10-15 04:54:14.286249 Juliett: Tango, sending you 6
2024-10-15 04:54:14.286792 Tango: Golf and Echo, sending you 2
2024-10-15 04:54:14.287246 Golf: Quebec and Tango, sending you 4
2024-10-15 04:54:14.287717 Quebec: Echo, sending you 8
2024-10-15 04:54:14.290177 Echo: Golf, sending you 4
2024-10-15 04:54:14.290656 Bravo: Hotel, sending you 5
chatterbot Bravo submitting transactions
chatterbot Victor submitting transactions
chatterbot Tango submitting transactions
chatterbot Foxtrot submitting transactions
chatterbot Echo submitting transactions
chatterbot Alpha submitting transactions
chatterbot Juliett submitting transactions
chatterbot Quebec submitting transactions
chatterbot Hotel submitting transactions
chatterbot Golf submitting transactions
ChatterBot Alpha round 2
ChatterBot Juliett round 2
ChatterBot Foxtrot round 2
ChatterBot Quebec round 2
ChatterBot Golf round 2
ChatterBot Tango round 2
2024-10-15 04:54:15.322290 Juliett: We should add Victor
ChatterBot Foxtrot reevaluating
ChatterBot Golf reevaluating
ChatterBot Tango reevaluating
ChatterBot Echo reevaluating
ChatterBot Quebec reevaluating
2024-10-15 04:54:15.356159 Foxtrot: No
2024-10-15 04:54:15.356344 Golf: No
2024-10-15 04:54:15.356507 Tango: Yes
2024-10-15 04:54:15.356670 Echo: No
2024-10-15 04:54:15.358625 Quebec: No
ChatterBot Golf reevaluating
ChatterBot Tango reevaluating
ChatterBot Echo reevaluating
ChatterBot Quebec reevaluating
ChatterBot Foxtrot reevaluating
ChatterBot Tango reevaluating
ChatterBot Echo reevaluating
ChatterBot Quebec reevaluating
ChatterBot Foxtrot reevaluating
ChatterBot Golf reevaluating
ChatterBot Echo reevaluating
ChatterBot Quebec reevaluating
ChatterBot Foxtrot reevaluating
ChatterBot Golf reevaluating
ChatterBot Tango reevaluating
ChatterBot Quebec reevaluating
ChatterBot Juliett reevaluating
ChatterBot Foxtrot reevaluating
ChatterBot Golf reevaluating
ChatterBot Tango reevaluating
ChatterBot Echo reevaluating
2024-10-15 04:54:15.500494 Quebec: We should add Bravo
ChatterBot Juliett reevaluating
ChatterBot Foxtrot reevaluating
ChatterBot Golf reevaluating
ChatterBot Tango reevaluating
ChatterBot Echo reevaluating
2024-10-15 04:54:15.527410 Juliett: No
2024-10-15 04:54:15.527526 Foxtrot: No
2024-10-15 04:54:15.527625 Golf: No
2024-10-15 04:54:15.527720 Tango: No
2024-10-15 04:54:15.527807 Echo: No
ChatterBot Foxtrot reevaluating
ChatterBot Golf reevaluating
ChatterBot Tango reevaluating
ChatterBot Echo reevaluating
ChatterBot Quebec reevaluating
ChatterBot Juliett reevaluating
ChatterBot Golf reevaluating
ChatterBot Tango reevaluating
ChatterBot Echo reevaluating
ChatterBot Quebec reevaluating
ChatterBot Juliett reevaluating
ChatterBot Foxtrot reevaluating
ChatterBot Tango reevaluating
ChatterBot Echo reevaluating
ChatterBot Quebec reevaluating
ChatterBot Juliett reevaluating
ChatterBot Foxtrot reevaluating
ChatterBot Golf reevaluating
ChatterBot Echo reevaluating
ChatterBot Quebec reevaluating
ChatterBot Juliett reevaluating
ChatterBot Foxtrot reevaluating
ChatterBot Golf reevaluating
ChatterBot Tango reevaluating
ChatterBot Quebec reevaluating
ChatterBot Hotel round 2
ChatterBot Echo round 2
ChatterBot Bravo round 2
ChatterBot Victor round 2
2024-10-15 04:54:15.727055 Hotel: Let's form a team
ChatterBot Bravo reevaluating
ChatterBot Victor reevaluating
ChatterBot Echo reevaluating
2024-10-15 04:54:15.743404 Bravo: No
2024-10-15 04:54:15.743574 Victor: No
2024-10-15 04:54:15.743695 Echo: No
ChatterBot Hotel reevaluating
ChatterBot Victor reevaluating
ChatterBot Echo reevaluating
ChatterBot Hotel reevaluating
ChatterBot Bravo reevaluating
ChatterBot Echo reevaluating
ChatterBot Hotel reevaluating
ChatterBot Bravo reevaluating
ChatterBot Victor reevaluating
2024-10-15 04:54:15.792572 Victor: Group up?
ChatterBot Bravo reevaluating
ChatterBot Hotel reevaluating
2024-10-15 04:54:15.804740 Bravo: Yes
2024-10-15 04:54:15.804889 Hotel: Yes
ChatterBot Hotel reevaluating
ChatterBot Victor reevaluating
ChatterBot Bravo reevaluating
ChatterBot Victor reevaluating
2024-10-15 04:54:15.837064 Juliett: Victor we want you to join our group
ChatterBot Victor reevaluating
2024-10-15 04:54:15.843127 Victor: No
ChatterBot Juliett reevaluating
ChatterBot Echo reevaluating
2024-10-15 04:54:15.980125 Golf: Juliett, sending you 4
2024-10-15 04:54:15.981116 Alpha: Sending you 16
2024-10-15 04:54:15.981303 Tango: Juliett, sending you 5
2024-10-15 04:54:15.981633 Foxtrot: Juliett, sending you 5
2024-10-15 04:54:15.982753 Echo: We should drop Tango
ChatterBot Juliett reevaluating
2024-10-15 04:54:16.000940 Juliett: No
2024-10-15 04:54:16.001085 Foxtrot: No
2024-10-15 04:54:16.001178 Quebec: No
2024-10-15 04:54:16.001297 Golf: No
ChatterBot Echo reevaluating
ChatterBot Echo reevaluating
ChatterBot Juliett reevaluating
ChatterBot Echo reevaluating
ChatterBot Juliett reevaluating
ChatterBot Echo reevaluating
ChatterBot Juliett reevaluating
2024-10-15 04:54:16.080301 Golf: Foxtrot, Quebec and Tango, sending you 3
2024-10-15 04:54:16.081276 Tango: Foxtrot and Quebec, sending you 2
2024-10-15 04:54:16.081562 Foxtrot: Quebec, Golf, Tango and Echo, sending you 3
2024-10-15 04:54:16.082726 Hotel: Golf, sending you 1
2024-10-15 04:54:16.082954 Quebec: Juliett, sending you 3
2024-10-15 04:54:16.303739 Bravo: Alpha and Hotel, sending you 2
2024-10-15 04:54:16.304075 Tango: Golf, sending you 3
2024-10-15 04:54:16.305253 Victor: Sending you each 9
2024-10-15 04:54:16.305486 Golf: Echo, sending you 6
2024-10-15 04:54:16.305809 Hotel: Bravo, sending you 4
2024-10-15 04:54:16.306023 Quebec: Foxtrot and Golf, sending you 4
chatterbot Quebec submitting transactions
chatterbot Tango submitting transactions
2024-10-15 04:54:16.647830 Bravo: Victor, sending you 14
2024-10-15 04:54:16.648224 Tango: Echo, sending you 4
2024-10-15 04:54:16.648611 Hotel: Victor, sending you 2
2024-10-15 04:54:16.649332 Quebec: Tango, sending you 1
chatterbot Alpha submitting transactions
chatterbot Foxtrot submitting transactions
chatterbot Bravo submitting transactions
2024-10-15 04:54:17.190591 Quebec: Echo, sending you 5
chatterbot Echo submitting transactions
chatterbot Golf submitting transactions
chatterbot Hotel submitting transactions
chatterbot Victor submitting transactions
2024-10-15 04:54:17.524022 Echo: Juliett, Foxtrot and Golf, sending you 4
2024-10-15 04:54:17.524961 Juliett: Foxtrot, Golf and Victor, sending you 4
chatterbot Juliett submitting transactions
2024-10-15 04:54:17.538629 Juliett: Quebec, sending you 1
2024-10-15 04:54:17.538888 Echo: Quebec, sending you 7
ChatterBot Alpha round 3
ChatterBot Juliett round 3
ChatterBot Foxtrot round 3
ChatterBot Quebec round 3
2024-10-15 04:54:17.682008 Juliett: Tango and Echo, sending you 3
2024-10-15 04:54:17.690839 Alpha: We should add Bravo
ChatterBot Victor reevaluating
2024-10-15 04:54:17.700166 Victor: Yes
ChatterBot Alpha reevaluating
2024-10-15 04:54:17.708014 Victor: We should add Alpha
ChatterBot Hotel reevaluating
2024-10-15 04:54:17.724165 Bravo: Yes
2024-10-15 04:54:17.724362 Hotel: Yes
ChatterBot Hotel reevaluating
ChatterBot Victor reevaluating
ChatterBot Victor reevaluating
2024-10-15 04:54:17.758945 Hotel: We should replace Golf with Alpha
ChatterBot Victor reevaluating
2024-10-15 04:54:17.775873 Bravo: Yes
2024-10-15 04:54:17.776047 Victor: Yes
ChatterBot Hotel reevaluating
ChatterBot Victor reevaluating
ChatterBot Hotel reevaluating
ChatterBot Golf round 3
ChatterBot Tango round 3
ChatterBot Hotel round 3
ChatterBot Echo round 3
ChatterBot Bravo round 3
ChatterBot Victor round 3
2024-10-15 04:54:17.834520 Alpha: We should add Hotel and Bravo
ChatterBot Victor reevaluating
2024-10-15 04:54:17.841915 Victor: Yes
ChatterBot Alpha reevaluating
2024-10-15 04:54:17.849989 Victor: We should add Alpha
ChatterBot Bravo reevaluating
ChatterBot Hotel reevaluating
2024-10-15 04:54:17.863585 Bravo: Yes
2024-10-15 04:54:17.863788 Hotel: Yes
ChatterBot Hotel reevaluating
ChatterBot Victor reevaluating
ChatterBot Bravo reevaluating
ChatterBot Victor reevaluating
2024-10-15 04:54:17.891295 Hotel: Group up?
ChatterBot Alpha reevaluating
ChatterBot Bravo reevaluating
ChatterBot Victor reevaluating
2024-10-15 04:54:17.917459 Alpha: No
2024-10-15 04:54:17.917644 Bravo: No
2024-10-15 04:54:17.917807 Victor: No
2024-10-15 04:54:17.917944 Foxtrot: No
ChatterBot Hotel reevaluating
ChatterBot Bravo reevaluating
ChatterBot Victor reevaluating
ChatterBot Hotel reevaluating
ChatterBot Alpha reevaluating
ChatterBot Victor reevaluating
ChatterBot Hotel reevaluating
ChatterBot Alpha reevaluating
ChatterBot Bravo reevaluating
ChatterBot Hotel reevaluating
ChatterBot Alpha reevaluating
ChatterBot Bravo reevaluating
ChatterBot Victor reevaluating
2024-10-15 04:54:18.024989 Hotel: We should replace Golf with Alpha
ChatterBot Bravo reevaluating
ChatterBot Victor reevaluating
2024-10-15 04:54:18.038296 Bravo: Yes
2024-10-15 04:54:18.038469 Victor: Yes
ChatterBot Hotel reevaluating
ChatterBot Victor reevaluating
ChatterBot Bravo reevaluating
ChatterBot Hotel reevaluating
2024-10-15 04:54:18.082285 Echo: We should add Tango
2024-10-15 04:54:18.105663 Juliett: Yes
2024-10-15 04:54:18.105887 Foxtrot: Yes
2024-10-15 04:54:18.106042 Quebec: Yes
2024-10-15 04:54:18.106205 Golf: Yes
2024-10-15 04:54:18.379670 Juliett: We should drop Victor
2024-10-15 04:54:18.408525 Foxtrot: Yes
2024-10-15 04:54:18.408843 Golf: Yes
2024-10-15 04:54:18.409084 Tango: Yes
2024-10-15 04:54:18.410212 Echo: Yes
2024-10-15 04:54:18.410431 Quebec: Yes
2024-10-15 04:54:18.554726 Echo: Tango we want you to join our group
2024-10-15 04:54:18.561992 Tango: Yes
2024-10-15 04:54:18.580847 Hotel: Alpha we want you to join our group
ChatterBot Alpha reevaluating
2024-10-15 04:54:18.585397 Alpha: No
2024-10-15 04:54:18.595931 Victor: Alpha we want you to join our group
ChatterBot Alpha reevaluating
2024-10-15 04:54:18.601408 Alpha: No
ChatterBot Hotel reevaluating
2024-10-15 04:54:18.613756 Quebec: Juliett and Tango, sending you 2
2024-10-15 04:54:18.615054 Foxtrot: Juliett, sending you 5
2024-10-15 04:54:18.645622 Golf: Juliett, Quebec, Tango and Echo, sending you 4
2024-10-15 04:54:18.647263 Juliett: Foxtrot, Golf, Tango and Echo, sending you 4
2024-10-15 04:54:18.648859 Tango: Juliett and Golf, sending you 4
2024-10-15 04:54:18.650153 Quebec: Foxtrot, sending you 4
2024-10-15 04:54:18.651284 Alpha: Bravo we want you to join our group
2024-10-15 04:54:18.659122 Bravo: Yes
ChatterBot Alpha reevaluating
2024-10-15 04:54:18.671217 Foxtrot: Quebec, Golf, Tango and Echo, sending you 3
2024-10-15 04:54:18.672168 Bravo: Alpha, sending you 2
2024-10-15 04:54:18.673667 Golf: Foxtrot, sending you 3
2024-10-15 04:54:18.674862 Juliett: Quebec, sending you 3
2024-10-15 04:54:18.675463 Tango: Foxtrot and Echo, sending you 3
2024-10-15 04:54:18.675947 Quebec: Golf, sending you 3
2024-10-15 04:54:18.677253 Echo: Juliett and Foxtrot, sending you 3
2024-10-15 04:54:18.684074 Bravo: Hotel, sending you 5
2024-10-15 04:54:18.686810 Victor: Alpha, sending you 6
2024-10-15 04:54:18.688995 Quebec: Echo, sending you 6
2024-10-15 04:54:18.691474 Tango: Quebec, sending you 2
2024-10-15 04:54:18.698218 Echo: Quebec, sending you 5
2024-10-15 04:54:18.706617 Bravo: Victor, sending you 11
2024-10-15 04:54:18.708986 Victor: Hotel, sending you 3
2024-10-15 04:54:18.712687 Hotel: Alpha and Echo, sending you 1
2024-10-15 04:54:18.715645 Echo: Golf and Tango, sending you 4
2024-10-15 04:54:18.718686 Victor: Bravo, sending you 7
2024-10-15 04:54:18.720241 Hotel: Bravo, sending you 4
2024-10-15 04:54:18.752123 Hotel: Victor, sending you 5
2024-10-15 04:54:18.764543 Alpha: Bravo, sending you 13
2024-10-15 04:54:18.770362 Alpha: Victor, sending you 4
chatterbot Foxtrot submitting transactions
chatterbot Victor submitting transactions
chatterbot Golf submitting transactions
chatterbot Hotel submitting transactions
chatterbot Tango submitting transactions
chatterbot Quebec submitting transactions
chatterbot Alpha submitting transactions
chatterbot Alpha submitting transactions
chatterbot Echo submitting transactions
chatterbot Juliett submitting transactions
chatterbot Bravo submitting transactions
ChatterBot Alpha round 4
ChatterBot Juliett round 4
ChatterBot Foxtrot round 4
ChatterBot Quebec round 4
ChatterBot Golf round 4
ChatterBot Tango round 4
ChatterBot Hotel round 4
ChatterBot Echo round 4
ChatterBot Bravo round 4
ChatterBot Victor round 4
2024-10-15 04:54:19.674418 Hotel: We should replace Echo with Foxtrot
ChatterBot Alpha reevaluating
2024-10-15 04:54:19.686191 Bravo: No
2024-10-15 04:54:19.686493 Victor: No
2024-10-15 04:54:19.686754 Alpha: No
ChatterBot Alpha reevaluating
ChatterBot Hotel reevaluating
ChatterBot Alpha reevaluating
ChatterBot Hotel reevaluating
2024-10-15 04:54:19.724484 Alpha: We should add Hotel
2024-10-15 04:54:19.731475 Bravo: Yes
2024-10-15 04:54:19.731719 Victor: Yes
ChatterBot Alpha reevaluating
ChatterBot Alpha reevaluating
2024-10-15 04:54:19.826032 Hotel: We should drop Echo
2024-10-15 04:54:19.836512 Bravo: Yes
2024-10-15 04:54:19.836949 Victor: Yes
2024-10-15 04:54:19.837229 Alpha: Yes
ChatterBot Hotel reevaluating
ChatterBot Hotel reevaluating
ChatterBot Hotel reevaluating
2024-10-15 04:54:19.870887 Alpha: Hotel we want you to join our group
ChatterBot Hotel reevaluating
2024-10-15 04:54:19.875526 Hotel: Yes
2024-10-15 04:54:19.886329 Echo: Juliett and Golf, sending you 4
2024-10-15 04:54:19.901415 Victor: Alpha, sending you 6
2024-10-15 04:54:19.902699 Bravo: Alpha, sending you 6
2024-10-15 04:54:19.903295 Golf: Juliett, Quebec, Tango and Echo, sending you 4
2024-10-15 04:54:19.905023 Quebec: Juliett and Foxtrot, sending you 3
2024-10-15 04:54:19.905892 Foxtrot: Juliett, sending you 5
2024-10-15 04:54:19.907375 Juliett: Foxtrot, Golf, Tango and Echo, sending you 4
2024-10-15 04:54:19.909102 Tango: Juliett, sending you 5
2024-10-15 04:54:19.909871 Echo: Foxtrot and Tango, sending you 3
2024-10-15 04:54:19.911250 Bravo: Hotel, sending you 4
2024-10-15 04:54:19.911961 Victor: Hotel, sending you 4
2024-10-15 04:54:19.912847 Quebec: Golf, sending you 4
2024-10-15 04:54:19.914267 Golf: Foxtrot, sending you 3
2024-10-15 04:54:19.914957 Foxtrot: Quebec, Golf, Tango and Echo, sending you 3
2024-10-15 04:54:19.915514 Juliett: Quebec, sending you 3
2024-10-15 04:54:19.917206 Tango: Foxtrot, Golf and Echo, sending you 3
2024-10-15 04:54:19.918754 Alpha: Hotel, sending you 4
2024-10-15 04:54:19.919252 Echo: Quebec, sending you 5
2024-10-15 04:54:19.920750 Bravo: Victor, sending you 8
2024-10-15 04:54:19.921357 Victor: Bravo, sending you 8
2024-10-15 04:54:19.922374 Quebec: Tango, sending you 2
2024-10-15 04:54:19.923311 Tango: Quebec, sending you 2
2024-10-15 04:54:19.926773 Alpha: Bravo, sending you 5
2024-10-15 04:54:19.927341 Quebec: Echo, sending you 5
2024-10-15 04:54:19.931064 Alpha: Victor, sending you 8
2024-10-15 04:54:20.026397 Hotel: Alpha, sending you 2
2024-10-15 04:54:20.036148 Hotel: Bravo, sending you 4
2024-10-15 04:54:20.189118 Hotel: Victor, sending you 5
chatterbot Echo submitting transactions
chatterbot Alpha submitting transactions
chatterbot Foxtrot submitting transactions
chatterbot Tango submitting transactions
chatterbot Victor submitting transactions
chatterbot Golf submitting transactions
chatterbot Juliett submitting transactions
chatterbot Hotel submitting transactions
chatterbot Quebec submitting transactions
chatterbot Bravo submitting transactions
ChatterBot Alpha round 5
ChatterBot Juliett round 5
ChatterBot Foxtrot round 5
ChatterBot Quebec round 5
ChatterBot Golf round 5
ChatterBot Tango round 5
ChatterBot Hotel round 5
ChatterBot Echo round 5
ChatterBot Bravo round 5
ChatterBot Victor round 5
2024-10-15 04:54:20.993163 Hotel: We should add Foxtrot
2024-10-15 04:54:21.038308 Bravo: No
2024-10-15 04:54:21.038513 Victor: No
2024-10-15 04:54:21.038678 Alpha: No
ChatterBot Hotel reevaluating
ChatterBot Hotel reevaluating
ChatterBot Hotel reevaluating
2024-10-15 04:54:21.190694 Alpha: Hotel, sending you 4
2024-10-15 04:54:21.193694 Tango: Juliett, sending you 5
2024-10-15 04:54:21.195547 Foxtrot: Juliett, sending you 5
2024-10-15 04:54:21.197056 Alpha: Bravo, sending you 6
2024-10-15 04:54:21.197978 Juliett: Foxtrot, Golf, Tango and Echo, sending you 4
2024-10-15 04:54:21.199915 Golf: Juliett, Quebec, Tango and Echo, sending you 4
2024-10-15 04:54:21.202091 Quebec: Juliett and Foxtrot, sending you 3
2024-10-15 04:54:21.203318 Tango: Foxtrot, Golf and Echo, sending you 3
2024-10-15 04:54:21.205462 Foxtrot: Quebec, Golf, Tango and Echo, sending you 3
2024-10-15 04:54:21.206464 Alpha: Victor, sending you 7
2024-10-15 04:54:21.207772 Juliett: Quebec, sending you 3
2024-10-15 04:54:21.208541 Golf: Foxtrot, sending you 3
2024-10-15 04:54:21.209750 Quebec: Golf, sending you 4
2024-10-15 04:54:21.210557 Echo: Juliett and Golf, sending you 4
2024-10-15 04:54:21.211223 Tango: Quebec, sending you 2
2024-10-15 04:54:21.212987 Hotel: Alpha, sending you 3
2024-10-15 04:54:21.213683 Bravo: Alpha and Hotel, sending you 5
2024-10-15 04:54:21.216031 Quebec: Tango, sending you 2
2024-10-15 04:54:21.217959 Echo: Foxtrot and Tango, sending you 3
2024-10-15 04:54:21.219202 Victor: Alpha, sending you 6
2024-10-15 04:54:21.220912 Hotel: Bravo, sending you 4
2024-10-15 04:54:21.221568 Bravo: Victor, sending you 8
2024-10-15 04:54:21.223012 Quebec: Echo, sending you 5
2024-10-15 04:54:21.224519 Echo: Quebec, sending you 5
2024-10-15 04:54:21.226760 Hotel: Victor, sending you 5
2024-10-15 04:54:21.228095 Victor: Hotel, sending you 4
2024-10-15 04:54:21.234407 Victor: Bravo, sending you 8
chatterbot Alpha submitting transactions
chatterbot Bravo submitting transactions
chatterbot Tango submitting transactions
chatterbot Foxtrot submitting transactions
chatterbot Victor submitting transactions
chatterbot Juliett submitting transactions
chatterbot Quebec submitting transactions
chatterbot Golf submitting transactions
chatterbot Echo submitting transactions
chatterbot Hotel submitting transactions
ChatterBot Alpha round 6
ChatterBot Juliett round 6
ChatterBot Foxtrot round 6
ChatterBot Quebec round 6
ChatterBot Golf round 6
ChatterBot Tango round 6
ChatterBot Hotel round 6
ChatterBot Echo round 6
ChatterBot Bravo round 6
ChatterBot Victor round 6
2024-10-15 04:54:22.456686 Tango: Juliett, sending you 5
2024-10-15 04:54:22.459662 Echo: Juliett and Golf, sending you 4
2024-10-15 04:54:22.461660 Tango: Foxtrot, Golf and Echo, sending you 3
2024-10-15 04:54:22.462134 Alpha: Hotel, sending you 4
2024-10-15 04:54:22.462447 Foxtrot: Juliett, sending you 5
2024-10-15 04:54:22.463035 Echo: Foxtrot and Tango, sending you 3
2024-10-15 04:54:22.464680 Alpha: Bravo, sending you 6
2024-10-15 04:54:22.465682 Foxtrot: Quebec, Golf, Tango and Echo, sending you 3
2024-10-15 04:54:22.466226 Echo: Quebec, sending you 5
2024-10-15 04:54:22.466781 Hotel: Alpha, sending you 3
2024-10-15 04:54:22.467156 Tango: Quebec, sending you 2
2024-10-15 04:54:22.468671 Golf: Juliett, Quebec, Tango and Echo, sending you 4
2024-10-15 04:54:22.469213 Alpha: Victor, sending you 7
2024-10-15 04:54:22.469667 Juliett: Foxtrot, Golf, Tango and Echo, sending you 4
2024-10-15 04:54:22.471588 Quebec: Juliett and Foxtrot, sending you 3
2024-10-15 04:54:22.472241 Hotel: Bravo, sending you 4
2024-10-15 04:54:22.473719 Golf: Foxtrot, sending you 3
2024-10-15 04:54:22.474497 Juliett: Quebec, sending you 3
2024-10-15 04:54:22.475273 Bravo: Alpha and Hotel, sending you 5
2024-10-15 04:54:22.475763 Victor: Alpha, sending you 6
2024-10-15 04:54:22.476150 Hotel: Victor, sending you 5
2024-10-15 04:54:22.477596 Quebec: Golf, sending you 4
2024-10-15 04:54:22.479657 Bravo: Victor, sending you 8
2024-10-15 04:54:22.480682 Victor: Hotel, sending you 5
2024-10-15 04:54:22.482652 Quebec: Tango, sending you 2
2024-10-15 04:54:22.485676 Victor: Bravo, sending you 7
2024-10-15 04:54:22.487672 Quebec: Echo, sending you 5
chatterbot Tango submitting transactions
chatterbot Quebec submitting transactions
chatterbot Bravo submitting transactions
chatterbot Juliett submitting transactions
chatterbot Hotel submitting transactions
chatterbot Victor submitting transactions
chatterbot Echo submitting transactions
chatterbot Alpha submitting transactions
chatterbot Foxtrot submitting transactions
chatterbot Golf submitting transactions
ChatterBot Alpha round 7
ChatterBot Juliett round 7
ChatterBot Foxtrot round 7
ChatterBot Quebec round 7
ChatterBot Golf round 7
ChatterBot Tango round 7
ChatterBot Hotel round 7
ChatterBot Echo round 7
ChatterBot Bravo round 7
ChatterBot Victor round 7
2024-10-15 04:54:23.659954 Quebec: Juliett, Foxtrot and Tango, sending you 3
2024-10-15 04:54:23.661685 Golf: Juliett, Quebec, Tango and Echo, sending you 4
2024-10-15 04:54:23.663643 Alpha: Hotel, sending you 4
2024-10-15 04:54:23.665751 Quebec: Golf and Echo, sending you 4
2024-10-15 04:54:23.666804 Golf: Foxtrot, sending you 3
2024-10-15 04:54:23.668819 Alpha: Bravo, sending you 6
2024-10-15 04:54:23.669681 Tango: Juliett and Golf, sending you 4
2024-10-15 04:54:23.672698 Alpha: Victor, sending you 7
2024-10-15 04:54:23.673935 Foxtrot: Juliett, sending you 5
2024-10-15 04:54:23.675104 Tango: Foxtrot and Echo, sending you 3
2024-10-15 04:54:23.676761 Bravo: Alpha and Hotel, sending you 5
2024-10-15 04:54:23.677660 Juliett: Foxtrot, Golf, Tango and Echo, sending you 4
2024-10-15 04:54:23.679294 Foxtrot: Quebec, Golf, Tango and Echo, sending you 3
2024-10-15 04:54:23.680270 Echo: Juliett and Golf, sending you 4
2024-10-15 04:54:23.681338 Hotel: Alpha, sending you 3
2024-10-15 04:54:23.683056 Juliett: Quebec, sending you 3
2024-10-15 04:54:23.684213 Tango: Quebec, sending you 2
2024-10-15 04:54:23.686059 Bravo: Victor, sending you 8
2024-10-15 04:54:23.686542 Victor: Alpha, sending you 6
2024-10-15 04:54:23.687385 Echo: Foxtrot and Tango, sending you 3
2024-10-15 04:54:23.688904 Hotel: Bravo, sending you 4
2024-10-15 04:54:23.691696 Victor: Hotel, sending you 5
2024-10-15 04:54:23.692555 Echo: Quebec, sending you 5
2024-10-15 04:54:23.694336 Hotel: Victor, sending you 5
2024-10-15 04:54:23.695137 Victor: Bravo, sending you 7
chatterbot Victor submitting transactions
chatterbot Quebec submitting transactions
chatterbot Hotel submitting transactions
chatterbot Alpha submitting transactions
chatterbot Golf submitting transactions
chatterbot Echo submitting transactions
chatterbot Bravo submitting transactions
chatterbot Tango submitting transactions
chatterbot Foxtrot submitting transactions
chatterbot Juliett submitting transactions
ChatterBot Alpha round 8
ChatterBot Juliett round 8
ChatterBot Foxtrot round 8
ChatterBot Quebec round 8
ChatterBot Golf round 8
ChatterBot Tango round 8
ChatterBot Hotel round 8
ChatterBot Echo round 8
ChatterBot Bravo round 8
ChatterBot Victor round 8
2024-10-15 04:54:24.807257 Hotel: We should add Quebec
2024-10-15 04:54:24.814517 Bravo: No
2024-10-15 04:54:24.814702 Victor: No
2024-10-15 04:54:24.814886 Alpha: No
ChatterBot Hotel reevaluating
ChatterBot Hotel reevaluating
ChatterBot Hotel reevaluating
2024-10-15 04:54:24.855653 Victor: Alpha, sending you 6
2024-10-15 04:54:24.856095 Echo: Juliett and Golf, sending you 4
2024-10-15 04:54:24.857698 Hotel: Alpha, sending you 3
2024-10-15 04:54:24.858679 Foxtrot: Juliett, sending you 5
2024-10-15 04:54:24.859510 Victor: Hotel, sending you 5
2024-10-15 04:54:24.861049 Echo: Foxtrot and Tango, sending you 3
2024-10-15 04:54:24.861837 Tango: Juliett, sending you 4
2024-10-15 04:54:24.862421 Alpha: Hotel, sending you 4
2024-10-15 04:54:24.862807 Bravo: Alpha and Hotel, sending you 5
2024-10-15 04:54:24.863165 Golf: Juliett, Quebec, Tango and Echo, sending you 4
2024-10-15 04:54:24.863730 Hotel: Bravo, sending you 4
2024-10-15 04:54:24.864088 Juliett: Foxtrot, Golf, Tango and Echo, sending you 4
2024-10-15 04:54:24.864701 Foxtrot: Quebec, Golf, Tango and Echo, sending you 3
2024-10-15 04:54:24.865291 Victor: Bravo, sending you 7
2024-10-15 04:54:24.865651 Quebec: Juliett, Foxtrot and Tango, sending you 3
2024-10-15 04:54:24.866662 Echo: Quebec, sending you 5
2024-10-15 04:54:24.867205 Tango: Foxtrot, Quebec, Golf and Echo, sending you 3
2024-10-15 04:54:24.867790 Alpha: Bravo, sending you 6
2024-10-15 04:54:24.868147 Bravo: Victor, sending you 8
2024-10-15 04:54:24.868536 Golf: Foxtrot, sending you 3
2024-10-15 04:54:24.869088 Hotel: Victor, sending you 5
2024-10-15 04:54:24.869453 Juliett: Quebec, sending you 3
2024-10-15 04:54:24.870678 Quebec: Golf and Echo, sending you 4
2024-10-15 04:54:24.871574 Alpha: Victor, sending you 7
chatterbot Tango submitting transactions
chatterbot Victor submitting transactions
chatterbot Echo submitting transactions
chatterbot Alpha submitting transactions
chatterbot Hotel submitting transactions
chatterbot Quebec submitting transactions
chatterbot Golf submitting transactions
chatterbot Bravo submitting transactions
chatterbot Juliett submitting transactions
chatterbot Foxtrot submitting transactions
ChatterBot Alpha round 9
ChatterBot Juliett round 9
ChatterBot Foxtrot round 9
ChatterBot Quebec round 9
ChatterBot Golf round 9
ChatterBot Tango round 9
ChatterBot Hotel round 9
ChatterBot Echo round 9
ChatterBot Bravo round 9
ChatterBot Victor round 9
2024-10-15 04:54:25.933503 Golf: Juliett, Quebec, Tango and Echo, sending you 4
2024-10-15 04:54:25.937681 Golf: Foxtrot, sending you 3
2024-10-15 04:54:25.938735 Foxtrot: Juliett, sending you 5
2024-10-15 04:54:25.946084 Echo: Juliett and Golf, sending you 4
2024-10-15 04:54:25.947414 Quebec: Juliett, Foxtrot and Tango, sending you 3
2024-10-15 04:54:25.949215 Foxtrot: Quebec, Golf, Tango and Echo, sending you 3
2024-10-15 04:54:25.950185 Bravo: Alpha and Hotel, sending you 5
2024-10-15 04:54:25.951830 Tango: Juliett, sending you 4
2024-10-15 04:54:25.952944 Alpha: Hotel, sending you 4
2024-10-15 04:54:25.954911 Echo: Foxtrot and Tango, sending you 3
2024-10-15 04:54:25.961253 Hotel: Alpha, sending you 3
2024-10-15 04:54:25.961820 Quebec: Golf and Echo, sending you 4
2024-10-15 04:54:25.964086 Victor: Alpha, sending you 6
2024-10-15 04:54:25.964656 Bravo: Victor, sending you 8
2024-10-15 04:54:25.966221 Juliett: Foxtrot, Golf, Tango and Echo, sending you 4
2024-10-15 04:54:25.967180 Tango: Foxtrot, Quebec, Golf and Echo, sending you 3
2024-10-15 04:54:25.969498 Alpha: Bravo, sending you 6
2024-10-15 04:54:25.975483 Echo: Quebec, sending you 5
2024-10-15 04:54:25.976486 Hotel: Bravo, sending you 4
2024-10-15 04:54:25.978801 Victor: Hotel, sending you 5
2024-10-15 04:54:25.979381 Juliett: Quebec, sending you 3
2024-10-15 04:54:25.981408 Alpha: Victor, sending you 7
2024-10-15 04:54:25.982125 Hotel: Victor, sending you 5
2024-10-15 04:54:25.987777 Victor: Bravo, sending you 7
chatterbot Hotel submitting transactions
chatterbot Bravo submitting transactions
chatterbot Tango submitting transactions
chatterbot Juliett submitting transactions
chatterbot Foxtrot submitting transactions
chatterbot Quebec submitting transactions
chatterbot Golf submitting transactions
chatterbot Alpha submitting transactions
chatterbot Echo submitting transactions
chatterbot Victor submitting transactions
ChatterBot Alpha round 10
ChatterBot Juliett round 10
ChatterBot Foxtrot round 10
ChatterBot Quebec round 10
ChatterBot Golf round 10
ChatterBot Tango round 10
ChatterBot Hotel round 10
ChatterBot Echo round 10
ChatterBot Bravo round 10
ChatterBot Victor round 10
2024-10-15 04:54:27.217406 Hotel: We should add Foxtrot
2024-10-15 04:54:27.226716 Bravo: No
2024-10-15 04:54:27.226885 Victor: No
2024-10-15 04:54:27.227014 Alpha: No
ChatterBot Hotel reevaluating
ChatterBot Hotel reevaluating
ChatterBot Hotel reevaluating
2024-10-15 04:54:27.256667 Alpha: Hotel, sending you 4
2024-10-15 04:54:27.257188 Quebec: Juliett, Foxtrot and Tango, sending you 3
2024-10-15 04:54:27.258784 Hotel: Foxtrot we want you to join our group
2024-10-15 04:54:27.263533 Foxtrot: No
ChatterBot Hotel reevaluating
2024-10-15 04:54:27.278274 Hotel: We should add Golf
2024-10-15 04:54:27.288807 Bravo: No
2024-10-15 04:54:27.289029 Victor: No
2024-10-15 04:54:27.289203 Alpha: No
ChatterBot Hotel reevaluating
ChatterBot Hotel reevaluating
ChatterBot Hotel reevaluating
2024-10-15 04:54:27.320832 Alpha: Bravo, sending you 6
2024-10-15 04:54:27.321562 Juliett: Foxtrot, Golf, Tango and Echo, sending you 4
2024-10-15 04:54:27.322619 Quebec: Golf and Echo, sending you 4
2024-10-15 04:54:27.324126 Alpha: Victor, sending you 7
2024-10-15 04:54:27.324858 Golf: Juliett, Quebec, Tango and Echo, sending you 4
2024-10-15 04:54:27.325926 Tango: Juliett, sending you 4
2024-10-15 04:54:27.327428 Bravo: Alpha, sending you 6
2024-10-15 04:54:27.328027 Juliett: Quebec, sending you 3
2024-10-15 04:54:27.328919 Foxtrot: Juliett, sending you 5
2024-10-15 04:54:27.329756 Echo: Juliett and Golf, sending you 4
2024-10-15 04:54:27.331168 Victor: Alpha, sending you 6
2024-10-15 04:54:27.331872 Golf: Foxtrot, sending you 3
2024-10-15 04:54:27.333198 Tango: Foxtrot, Quebec, Golf and Echo, sending you 3
2024-10-15 04:54:27.334514 Bravo: Hotel, sending you 4
2024-10-15 04:54:27.335139 Foxtrot: Quebec, Golf, Tango and Echo, sending you 3
2024-10-15 04:54:27.335998 Echo: Foxtrot and Tango, sending you 3
2024-10-15 04:54:27.337828 Victor: Hotel, sending you 5
2024-10-15 04:54:27.339687 Bravo: Victor, sending you 8
2024-10-15 04:54:27.341683 Victor: Bravo, sending you 7
2024-10-15 04:54:27.342705 Echo: Quebec, sending you 5
2024-10-15 04:54:27.353354 Hotel: Alpha, sending you 3
2024-10-15 04:54:27.357998 Hotel: Bravo and Victor, sending you 4
chatterbot Tango submitting transactions
chatterbot Juliett submitting transactions
chatterbot Golf submitting transactions
chatterbot Alpha submitting transactions
chatterbot Bravo submitting transactions
chatterbot Foxtrot submitting transactions
chatterbot Victor submitting transactions
chatterbot Hotel submitting transactions
chatterbot Echo submitting transactions
chatterbot Quebec submitting transactions
ChatterBot Alpha round 11
ChatterBot Juliett round 11
ChatterBot Foxtrot round 11
ChatterBot Quebec round 11
ChatterBot Golf round 11
ChatterBot Tango round 11
ChatterBot Hotel round 11
ChatterBot Echo round 11
ChatterBot Bravo round 11
ChatterBot Victor round 11
2024-10-15 04:54:28.457195 Hotel: We should add Tango
2024-10-15 04:54:28.464112 Bravo: No
2024-10-15 04:54:28.464313 Victor: No
2024-10-15 04:54:28.464452 Alpha: No
ChatterBot Hotel reevaluating
ChatterBot Hotel reevaluating
ChatterBot Hotel reevaluating
2024-10-15 04:54:28.494666 Alpha: Hotel, sending you 4
2024-10-15 04:54:28.495442 Juliett: Foxtrot, Golf, Tango and Echo, sending you 4
2024-10-15 04:54:28.496484 Tango: Juliett, sending you 4
2024-10-15 04:54:28.499660 Alpha: Bravo, sending you 6
2024-10-15 04:54:28.501014 Juliett: Quebec, sending you 3
2024-10-15 04:54:28.501640 Tango: Foxtrot, Quebec, Golf and Echo, sending you 3
2024-10-15 04:54:28.503661 Foxtrot: Juliett, sending you 5
2024-10-15 04:54:28.505078 Alpha: Victor, sending you 7
2024-10-15 04:54:28.505871 Golf: Juliett, Quebec, Tango and Echo, sending you 4
2024-10-15 04:54:28.507663 Bravo: Alpha, sending you 6
2024-10-15 04:54:28.508854 Echo: Juliett and Golf, sending you 4
2024-10-15 04:54:28.509723 Foxtrot: Quebec, Golf, Tango and Echo, sending you 3
2024-10-15 04:54:28.510415 Golf: Foxtrot, sending you 3
2024-10-15 04:54:28.513678 Bravo: Hotel, sending you 4
2024-10-15 04:54:28.514445 Quebec: Juliett, Foxtrot and Tango, sending you 3
2024-10-15 04:54:28.516210 Echo: Foxtrot and Tango, sending you 3
2024-10-15 04:54:28.517046 Victor: Alpha, sending you 6
2024-10-15 04:54:28.517763 Hotel: Sending you each 4
2024-10-15 04:54:28.518980 Bravo: Victor, sending you 8
2024-10-15 04:54:28.519506 Quebec: Golf and Echo, sending you 4
2024-10-15 04:54:28.520722 Echo: Quebec, sending you 5
2024-10-15 04:54:28.522178 Victor: Hotel, sending you 5
2024-10-15 04:54:28.526683 Victor: Bravo, sending you 7
chatterbot Victor submitting transactions
chatterbot Golf submitting transactions
chatterbot Hotel submitting transactions
chatterbot Echo submitting transactions
chatterbot Foxtrot submitting transactions
chatterbot Alpha submitting transactions
chatterbot Quebec submitting transactions
chatterbot Juliett submitting transactions
chatterbot Bravo submitting transactions
chatterbot Tango submitting transactions
ChatterBot Alpha round 12
ChatterBot Juliett round 12
ChatterBot Foxtrot round 12
ChatterBot Quebec round 12
ChatterBot Golf round 12
ChatterBot Tango round 12
ChatterBot Hotel round 12
ChatterBot Echo round 12
ChatterBot Bravo round 12
ChatterBot Victor round 12
2024-10-15 04:54:29.721684 Quebec: Juliett, Foxtrot and Tango, sending you 3
2024-10-15 04:54:29.727658 Hotel: Same as last round
2024-10-15 04:54:29.728710 Juliett: Foxtrot, Golf, Tango and Echo, sending you 4
2024-10-15 04:54:29.730965 Quebec: Golf and Echo, sending you 4
2024-10-15 04:54:29.735680 Juliett: Quebec, sending you 3
2024-10-15 04:54:29.736496 Tango: Juliett, sending you 4
2024-10-15 04:54:29.738320 Foxtrot: Juliett, sending you 5
2024-10-15 04:54:29.739170 Bravo: Alpha, sending you 6
2024-10-15 04:54:29.739746 Echo: Juliett and Golf, sending you 4
2024-10-15 04:54:29.741337 Alpha: Hotel, sending you 5
2024-10-15 04:54:29.741899 Golf: Juliett, Quebec, Tango and Echo, sending you 4
2024-10-15 04:54:29.743624 Tango: Foxtrot, Quebec, Golf and Echo, sending you 3
2024-10-15 04:54:29.744414 Foxtrot: Quebec, Golf, Tango and Echo, sending you 3
2024-10-15 04:54:29.745205 Bravo: Hotel, sending you 5
2024-10-15 04:54:29.746578 Echo: Foxtrot and Tango, sending you 3
2024-10-15 04:54:29.747598 Alpha: Bravo and Victor, sending you 6
2024-10-15 04:54:29.748416 Golf: Foxtrot, sending you 3
2024-10-15 04:54:29.750537 Victor: Alpha, sending you 6
2024-10-15 04:54:29.751245 Bravo: Victor, sending you 7
2024-10-15 04:54:29.751779 Echo: Quebec, sending you 5
2024-10-15 04:54:29.753722 Victor: Hotel, sending you 5
2024-10-15 04:54:29.759250 Victor: Bravo, sending you 7
chatterbot Victor submitting transactions
chatterbot Bravo submitting transactions
chatterbot Quebec submitting transactions
chatterbot Golf submitting transactions
chatterbot Foxtrot submitting transactions
chatterbot Tango submitting transactions
chatterbot Alpha submitting transactions
chatterbot Hotel submitting transactions
chatterbot Echo submitting transactions
chatterbot Juliett submitting transactions
ChatterBot Alpha round 13
ChatterBot Juliett round 13
ChatterBot Foxtrot round 13
ChatterBot Quebec round 13
ChatterBot Golf round 13
ChatterBot Tango round 13
ChatterBot Hotel round 13
ChatterBot Echo round 13
ChatterBot Bravo round 13
ChatterBot Victor round 13
2024-10-15 04:54:30.789673 Juliett: Foxtrot, Golf, Tango and Echo, sending you 4
2024-10-15 04:54:30.793671 Alpha: Hotel, sending you 5
2024-10-15 04:54:30.794900 Foxtrot: Juliett, sending you 5
2024-10-15 04:54:30.795745 Echo: Juliett and Golf, sending you 4
2024-10-15 04:54:30.796524 Juliett: Quebec, sending you 3
2024-10-15 04:54:30.797857 Alpha: Bravo and Victor, sending you 6
2024-10-15 04:54:30.798671 Tango: Juliett, sending you 4
2024-10-15 04:54:30.799437 Echo: Foxtrot and Tango, sending you 3
2024-10-15 04:54:30.801004 Foxtrot: Quebec, Golf, Tango and Echo, sending you 3
2024-10-15 04:54:30.801749 Golf: Juliett, sending you 5
2024-10-15 04:54:30.802460 Victor: Alpha, sending you 6
2024-10-15 04:54:30.803503 Tango: Foxtrot, Quebec, Golf and Echo, sending you 3
2024-10-15 04:54:30.804318 Bravo: Alpha, sending you 6
2024-10-15 04:54:30.805679 Echo: Quebec, sending you 5
2024-10-15 04:54:30.807305 Quebec: Juliett, Foxtrot and Tango, sending you 3
2024-10-15 04:54:30.808232 Golf: Foxtrot and Tango, sending you 3
2024-10-15 04:54:30.809095 Hotel: Same as last round
2024-10-15 04:54:30.810199 Victor: Hotel, sending you 5
2024-10-15 04:54:30.811024 Bravo: Hotel, sending you 5
2024-10-15 04:54:30.813233 Quebec: Golf and Echo, sending you 4
2024-10-15 04:54:30.814770 Golf: Quebec and Echo, sending you 4
2024-10-15 04:54:30.815845 Victor: Bravo, sending you 7
2024-10-15 04:54:30.817224 Bravo: Victor, sending you 7
chatterbot Golf submitting transactions
chatterbot Hotel submitting transactions
chatterbot Echo submitting transactions
chatterbot Tango submitting transactions
chatterbot Juliett submitting transactions
chatterbot Alpha submitting transactions
chatterbot Victor submitting transactions
chatterbot Bravo submitting transactions
chatterbot Foxtrot submitting transactions
chatterbot Quebec submitting transactions
ChatterBot Alpha round 14
