ChatterBot Uniform round 1
ChatterBot Kilo round 1
ChatterBot Golf round 1
ChatterBot Yankee round 1
ChatterBot Mike round 1
ChatterBot Oscar round 1
ChatterBot Zulu round 1
ChatterBot Juliett round 1
randomSelections Uniform: {Uniform, Foxtrot, Oscar, Bravo, Golf, Zulu} 
2024-10-15 04:54:14.904458 Uniform: Group up?
ChatterBot Oscar reevaluating
ChatterBot Golf reevaluating
ChatterBot Zulu reevaluating
2024-10-15 04:54:14.925937 Oscar: Yes
2024-10-15 04:54:14.926124 Golf: Yes
2024-10-15 04:54:14.926252 Zulu: Yes
ChatterBot Golf reevaluating
ChatterBot Zulu reevaluating
ChatterBot Oscar reevaluating
ChatterBot Zulu reevaluating
ChatterBot Oscar reevaluating
ChatterBot Golf reevaluating
ChatterBot Bravo round 1
ChatterBot Bravo reevaluating
ChatterBot Bravo reevaluating
ChatterBot Bravo reevaluating
ChatterBot Bravo reevaluating
2024-10-15 04:54:15.075249 Bravo: Yes
ChatterBot Oscar reevaluating
ChatterBot Golf reevaluating
ChatterBot Zulu reevaluating
ChatterBot Foxtrot round 1
ChatterBot Foxtrot reevaluating
ChatterBot Foxtrot reevaluating
ChatterBot Foxtrot reevaluating
ChatterBot Foxtrot reevaluating
ChatterBot Foxtrot reevaluating
2024-10-15 04:54:15.091065 Foxtrot: Yes
ChatterBot Oscar reevaluating
ChatterBot Bravo reevaluating
ChatterBot Golf reevaluating
ChatterBot Zulu reevaluating
randomSelections Yankee: {Yankee, Kilo, Zulu, Uniform, Mike, Oscar, Juliett} 
2024-10-15 04:54:15.101416 Yankee: Group up?
ChatterBot Kilo reevaluating
ChatterBot Zulu reevaluating
ChatterBot Mike reevaluating
ChatterBot Oscar reevaluating
ChatterBot Juliett reevaluating
2024-10-15 04:54:15.110665 Kilo: Yes
2024-10-15 04:54:15.110895 Zulu: No
2024-10-15 04:54:15.111940 Uniform: No
2024-10-15 04:54:15.112220 Mike: Yes
2024-10-15 04:54:15.112387 Oscar: No
2024-10-15 04:54:15.112662 Juliett: Yes
ChatterBot Zulu reevaluating
ChatterBot Mike reevaluating
ChatterBot Oscar reevaluating
ChatterBot Juliett reevaluating
ChatterBot Kilo reevaluating
ChatterBot Mike reevaluating
ChatterBot Oscar reevaluating
ChatterBot Juliett reevaluating
ChatterBot Kilo reevaluating
ChatterBot Zulu reevaluating
ChatterBot Mike reevaluating
ChatterBot Oscar reevaluating
ChatterBot Juliett reevaluating
ChatterBot Kilo reevaluating
ChatterBot Zulu reevaluating
ChatterBot Oscar reevaluating
ChatterBot Juliett reevaluating
ChatterBot Kilo reevaluating
ChatterBot Zulu reevaluating
ChatterBot Mike reevaluating
ChatterBot Juliett reevaluating
ChatterBot Kilo reevaluating
ChatterBot Zulu reevaluating
ChatterBot Mike reevaluating
ChatterBot Oscar reevaluating
2024-10-15 04:54:15.176666 Kilo: Uniform, Oscar and Juliett, sending you 3
2024-10-15 04:54:15.180663 Oscar: Golf, sending you 5
2024-10-15 04:54:15.182069 Mike: Uniform, sending you 6
2024-10-15 04:54:15.182961 Kilo: Yankee and Zulu, sending you 4
2024-10-15 04:54:15.186664 Oscar: Zulu, sending you 7
2024-10-15 04:54:15.187709 Mike: Kilo, sending you 2
2024-10-15 04:54:15.188575 Kilo: Mike, sending you 2
2024-10-15 04:54:15.189713 Golf: Uniform, sending you 8
2024-10-15 04:54:15.190683 Uniform: Golf, sending you 2
2024-10-15 04:54:15.191353 Yankee: Uniform and Juliett, sending you 3
2024-10-15 04:54:15.191781 Zulu: Uniform, sending you 6
2024-10-15 04:54:15.192458 Foxtrot: Uniform and Zulu, sending you 1
2024-10-15 04:54:15.193009 Oscar: Bravo, sending you 4
2024-10-15 04:54:15.193710 Juliett: Uniform, sending you 2
2024-10-15 04:54:15.195538 Mike: Yankee, sending you 5
2024-10-15 04:54:15.196413 Golf: Oscar, sending you 2
2024-10-15 04:54:15.197395 Uniform: Oscar and Zulu, sending you 3
2024-10-15 04:54:15.198005 Yankee: Kilo and Oscar, sending you 4
2024-10-15 04:54:15.198625 Zulu: Golf, sending you 2
2024-10-15 04:54:15.199251 Foxtrot: Golf, sending you 10
2024-10-15 04:54:15.200459 Juliett: Kilo, Yankee, Mike and Oscar, sending you 3
2024-10-15 04:54:15.201223 Oscar: Foxtrot, sending you 3
2024-10-15 04:54:15.201972 Bravo: Uniform and Zulu, sending you 5
2024-10-15 04:54:15.202655 Mike: Oscar, sending you 4
2024-10-15 04:54:15.203447 Golf: Zulu and Bravo, sending you 3
2024-10-15 04:54:15.204078 Uniform: Bravo, sending you 1
2024-10-15 04:54:15.204711 Yankee: Zulu, sending you 5
2024-10-15 04:54:15.206213 Zulu: Oscar, sending you 1
2024-10-15 04:54:15.207257 Foxtrot: Oscar and Bravo, sending you 3
2024-10-15 04:54:15.207932 Juliett: Zulu, sending you 1
2024-10-15 04:54:15.208553 Mike: Zulu and Juliett, sending you 1
2024-10-15 04:54:15.209134 Bravo: Golf, Oscar and Foxtrot, sending you 3
2024-10-15 04:54:15.209811 Golf: Foxtrot, sending you 1
2024-10-15 04:54:15.211659 Zulu: Bravo, sending you 4
2024-10-15 04:54:15.217078 Zulu: Foxtrot, sending you 5
chatterbot Mike submitting transactions
chatterbot Kilo submitting transactions
chatterbot Juliett submitting transactions
chatterbot Foxtrot submitting transactions
chatterbot Oscar submitting transactions
chatterbot Bravo submitting transactions
chatterbot Yankee submitting transactions
chatterbot Golf submitting transactions
chatterbot Zulu submitting transactions
chatterbot Uniform submitting transactions
ChatterBot Uniform round 2
ChatterBot Kilo round 2
ChatterBot Golf round 2
ChatterBot Yankee round 2
ChatterBot Mike round 2
ChatterBot Oscar round 2
ChatterBot Zulu round 2
2024-10-15 04:54:16.537454 Yankee: Friends?
ChatterBot Kilo reevaluating
ChatterBot Mike reevaluating
ChatterBot Juliett reevaluating
2024-10-15 04:54:16.557480 Kilo: Yes
2024-10-15 04:54:16.557733 Mike: Yes
2024-10-15 04:54:16.557900 Juliett: No
ChatterBot Mike reevaluating
ChatterBot Juliett reevaluating
ChatterBot Kilo reevaluating
ChatterBot Juliett reevaluating
ChatterBot Kilo reevaluating
ChatterBot Mike reevaluating
2024-10-15 04:54:16.606482 Mike: Group up?
ChatterBot Juliett reevaluating
ChatterBot Kilo reevaluating
2024-10-15 04:54:16.625985 Yankee: Yes
2024-10-15 04:54:16.626121 Juliett: No
2024-10-15 04:54:16.626209 Kilo: Yes
ChatterBot Kilo reevaluating
ChatterBot Mike reevaluating
ChatterBot Juliett reevaluating
ChatterBot Kilo reevaluating
ChatterBot Mike reevaluating
ChatterBot Mike reevaluating
ChatterBot Juliett reevaluating
ChatterBot Juliett round 2
ChatterBot Bravo round 2
ChatterBot Foxtrot round 2
2024-10-15 04:54:16.696906 Oscar: Friends?
ChatterBot Bravo reevaluating
ChatterBot Foxtrot reevaluating
ChatterBot Kilo reevaluating
ChatterBot Mike reevaluating
ChatterBot Juliett reevaluating
2024-10-15 04:54:16.724943 Uniform: No
2024-10-15 04:54:16.725085 Golf: No
2024-10-15 04:54:16.725186 Zulu: No
2024-10-15 04:54:16.725336 Bravo: No
2024-10-15 04:54:16.725451 Foxtrot: No
2024-10-15 04:54:16.726071 Kilo: No
2024-10-15 04:54:16.726164 Yankee: No
2024-10-15 04:54:16.726290 Mike: No
2024-10-15 04:54:16.726391 Juliett: No
ChatterBot Bravo reevaluating
ChatterBot Foxtrot reevaluating
ChatterBot Kilo reevaluating
ChatterBot Mike reevaluating
ChatterBot Juliett reevaluating
ChatterBot Bravo reevaluating
ChatterBot Foxtrot reevaluating
ChatterBot Kilo reevaluating
ChatterBot Mike reevaluating
ChatterBot Juliett reevaluating
ChatterBot Bravo reevaluating
ChatterBot Foxtrot reevaluating
ChatterBot Kilo reevaluating
ChatterBot Mike reevaluating
ChatterBot Juliett reevaluating
ChatterBot Foxtrot reevaluating
ChatterBot Kilo reevaluating
ChatterBot Mike reevaluating
ChatterBot Juliett reevaluating
ChatterBot Bravo reevaluating
ChatterBot Kilo reevaluating
ChatterBot Mike reevaluating
ChatterBot Juliett reevaluating
ChatterBot Bravo reevaluating
ChatterBot Foxtrot reevaluating
ChatterBot Mike reevaluating
ChatterBot Juliett reevaluating
ChatterBot Bravo reevaluating
ChatterBot Foxtrot reevaluating
ChatterBot Kilo reevaluating
ChatterBot Mike reevaluating
ChatterBot Juliett reevaluating
ChatterBot Bravo reevaluating
ChatterBot Foxtrot reevaluating
ChatterBot Kilo reevaluating
ChatterBot Juliett reevaluating
ChatterBot Bravo reevaluating
ChatterBot Foxtrot reevaluating
ChatterBot Kilo reevaluating
ChatterBot Mike reevaluating
2024-10-15 04:54:17.197032 Mike: We should drop Zulu and Uniform
2024-10-15 04:54:17.208541 Kilo: Yes
2024-10-15 04:54:17.208837 Yankee: Yes
2024-10-15 04:54:17.209690 Juliett: Yes
2024-10-15 04:54:17.209929 Oscar: No
2024-10-15 04:54:17.542294 Kilo: Yankee, sending you 7
2024-10-15 04:54:17.543053 Uniform: Golf, sending you 3
2024-10-15 04:54:17.543401 Zulu: Uniform and Golf, sending you 3
2024-10-15 04:54:17.543678 Golf: Uniform and Zulu, sending you 2
2024-10-15 04:54:17.544492 Yankee: Kilo and Juliett, sending you 6
2024-10-15 04:54:17.544705 Oscar: Uniform, Kilo, Golf, Mike, Zulu, Juliett, Bravo and Foxtrot, sending you 2
chatterbot Yankee submitting transactions
chatterbot Golf submitting transactions
2024-10-15 04:54:17.742982 Uniform: Oscar and Foxtrot, sending you 1
2024-10-15 04:54:17.743373 Golf: Oscar, sending you 4
2024-10-15 04:54:17.744191 Kilo: Mike and Juliett, sending you 6
2024-10-15 04:54:17.744475 Zulu: Oscar, sending you 6
2024-10-15 04:54:17.744825 Yankee: Mike, sending you 7
2024-10-15 04:54:17.745632 Juliett: Kilo and Yankee, sending you 7
2024-10-15 04:54:17.745892 Mike: Kilo, sending you 6
2024-10-15 04:54:17.746101 Foxtrot: Golf, sending you 2
2024-10-15 04:54:17.746384 Bravo: Uniform, sending you 1
2024-10-15 04:54:17.747290 Oscar: Yankee, sending you 3
chatterbot Uniform submitting transactions
chatterbot Bravo submitting transactions
2024-10-15 04:54:17.747875 Uniform: Zulu and Bravo, sending you 2
2024-10-15 04:54:17.748236 Golf: Bravo, sending you 3
2024-10-15 04:54:17.748960 Zulu: Bravo, sending you 4
2024-10-15 04:54:17.749234 Foxtrot: Oscar and Bravo, sending you 4
chatterbot Oscar submitting transactions
2024-10-15 04:54:17.860574 Juliett: Mike, sending you 3
2024-10-15 04:54:17.861002 Mike: Yankee and Oscar, sending you 2
2024-10-15 04:54:17.861373 Bravo: Golf and Foxtrot, sending you 4
2024-10-15 04:54:17.862478 Golf: Foxtrot, sending you 6
2024-10-15 04:54:17.862948 Zulu: Foxtrot, sending you 2
2024-10-15 04:54:17.864041 Foxtrot: Zulu, sending you 8
chatterbot Zulu submitting transactions
2024-10-15 04:54:17.926323 Mike: Juliett, sending you 9
2024-10-15 04:54:17.927434 Bravo: Oscar and Zulu, sending you 5
chatterbot Kilo submitting transactions
chatterbot Foxtrot submitting transactions
chatterbot Juliett submitting transactions
chatterbot Mike submitting transactions
ChatterBot Uniform round 3
ChatterBot Kilo round 3
ChatterBot Golf round 3
ChatterBot Yankee round 3
ChatterBot Mike round 3
ChatterBot Oscar round 3
ChatterBot Zulu round 3
ChatterBot Juliett round 3
ChatterBot Bravo round 3
ChatterBot Foxtrot round 3
2024-10-15 04:54:18.480811 Uniform: Golf, sending you 3
2024-10-15 04:54:18.496914 Uniform: Oscar and Foxtrot, sending you 1
2024-10-15 04:54:18.498357 Yankee: Kilo, sending you 7
2024-10-15 04:54:18.498925 Golf: Uniform, Oscar, Zulu and Bravo, sending you 3
2024-10-15 04:54:18.499946 Mike: Kilo and Yankee, sending you 6
2024-10-15 04:54:18.500308 Kilo: Yankee, sending you 7
2024-10-15 04:54:18.500708 Oscar: Uniform, sending you 3
2024-10-15 04:54:18.502104 Zulu: Uniform and Golf, sending you 3
2024-10-15 04:54:18.502559 Bravo: Uniform, sending you 2
2024-10-15 04:54:18.504168 Uniform: Zulu and Bravo, sending you 2
2024-10-15 04:54:18.504904 Yankee: Mike and Juliett, sending you 6
2024-10-15 04:54:18.506013 Mike: Oscar, sending you 2
2024-10-15 04:54:18.506519 Golf: Foxtrot, sending you 5
2024-10-15 04:54:18.507711 Foxtrot: Uniform, sending you 1
2024-10-15 04:54:18.508354 Juliett: Kilo, sending you 5
2024-10-15 04:54:18.508761 Zulu: Oscar, Bravo and Foxtrot, sending you 4
2024-10-15 04:54:18.509897 Kilo: Mike and Juliett, sending you 6
2024-10-15 04:54:18.510251 Oscar: Golf, Zulu, Bravo and Foxtrot, sending you 4
2024-10-15 04:54:18.511489 Bravo: Golf, Oscar and Foxtrot, sending you 4
2024-10-15 04:54:18.512114 Mike: Juliett, sending you 5
2024-10-15 04:54:18.513389 Foxtrot: Golf, sending you 6
2024-10-15 04:54:18.513908 Juliett: Yankee and Mike, sending you 6
2024-10-15 04:54:18.514912 Bravo: Zulu, sending you 5
2024-10-15 04:54:18.517695 Foxtrot: Oscar, sending you 3
2024-10-15 04:54:18.527374 Foxtrot: Zulu and Bravo, sending you 4
chatterbot Foxtrot submitting transactions
chatterbot Bravo submitting transactions
chatterbot Yankee submitting transactions
chatterbot Kilo submitting transactions
chatterbot Oscar submitting transactions
chatterbot Uniform submitting transactions
chatterbot Golf submitting transactions
chatterbot Mike submitting transactions
chatterbot Zulu submitting transactions
chatterbot Juliett submitting transactions
ChatterBot Uniform round 4
ChatterBot Kilo round 4
ChatterBot Golf round 4
ChatterBot Yankee round 4
ChatterBot Mike round 4
ChatterBot Oscar round 4
ChatterBot Zulu round 4
ChatterBot Juliett round 4
ChatterBot Bravo round 4
ChatterBot Foxtrot round 4
2024-10-15 04:54:19.785673 Mike: We should drop Oscar
2024-10-15 04:54:19.795178 Yankee: Yes
2024-10-15 04:54:19.795984 Kilo: Yes
2024-10-15 04:54:19.796215 Juliett: Yes
2024-10-15 04:54:19.847497 Kilo: Yankee, sending you 7
2024-10-15 04:54:19.848621 Uniform: Golf, Oscar, Zulu and Bravo, sending you 2
2024-10-15 04:54:19.849395 Zulu: Uniform and Golf, sending you 3
2024-10-15 04:54:19.850619 Golf: Uniform, Oscar, Zulu and Bravo, sending you 3
2024-10-15 04:54:19.851757 Uniform: Foxtrot, sending you 1
2024-10-15 04:54:19.858672 Kilo: Mike and Juliett, sending you 6
2024-10-15 04:54:19.859876 Zulu: Oscar, Bravo and Foxtrot, sending you 4
2024-10-15 04:54:19.861342 Oscar: Uniform, sending you 3
2024-10-15 04:54:19.862020 Foxtrot: Uniform, sending you 1
2024-10-15 04:54:19.862446 Bravo: Uniform, sending you 2
2024-10-15 04:54:19.863838 Juliett: Kilo and Yankee, sending you 6
2024-10-15 04:54:19.864306 Golf: Foxtrot, sending you 5
2024-10-15 04:54:19.865490 Mike: Kilo, sending you 7
2024-10-15 04:54:19.865977 Yankee: Kilo, sending you 7
2024-10-15 04:54:19.867227 Foxtrot: Golf, sending you 5
2024-10-15 04:54:19.867980 Oscar: Golf, Zulu, Bravo and Foxtrot, sending you 4
2024-10-15 04:54:19.869560 Juliett: Mike, sending you 5
2024-10-15 04:54:19.870080 Bravo: Golf, Oscar and Foxtrot, sending you 4
2024-10-15 04:54:19.871523 Mike: Yankee and Juliett, sending you 6
2024-10-15 04:54:19.872028 Yankee: Mike and Juliett, sending you 6
2024-10-15 04:54:19.873278 Foxtrot: Oscar, Zulu and Bravo, sending you 4
2024-10-15 04:54:19.897598 Bravo: Zulu, sending you 5
chatterbot Kilo submitting transactions
chatterbot Yankee submitting transactions
chatterbot Golf submitting transactions
chatterbot Uniform submitting transactions
chatterbot Oscar submitting transactions
chatterbot Bravo submitting transactions
chatterbot Mike submitting transactions
chatterbot Zulu submitting transactions
chatterbot Juliett submitting transactions
chatterbot Foxtrot submitting transactions
ChatterBot Uniform round 5
ChatterBot Kilo round 5
ChatterBot Golf round 5
ChatterBot Yankee round 5
ChatterBot Mike round 5
ChatterBot Oscar round 5
ChatterBot Zulu round 5
ChatterBot Juliett round 5
ChatterBot Bravo round 5
ChatterBot Foxtrot round 5
2024-10-15 04:54:20.854312 Kilo: Yankee, sending you 7
2024-10-15 04:54:20.854776 Uniform: Golf, Oscar, Zulu and Bravo, sending you 2
2024-10-15 04:54:20.856667 Mike: Kilo, sending you 7
2024-10-15 04:54:20.857761 Kilo: Mike and Juliett, sending you 6
2024-10-15 04:54:20.858671 Yankee: Kilo, sending you 7
2024-10-15 04:54:20.859684 Uniform: Foxtrot, sending you 1
2024-10-15 04:54:20.860818 Mike: Yankee and Juliett, sending you 6
2024-10-15 04:54:20.862667 Yankee: Mike and Juliett, sending you 6
2024-10-15 04:54:20.863780 Golf: Uniform, Oscar, Zulu and Bravo, sending you 3
2024-10-15 04:54:20.864696 Oscar: Uniform, sending you 3
2024-10-15 04:54:20.865668 Juliett: Kilo and Yankee, sending you 6
2024-10-15 04:54:20.866050 Foxtrot: Uniform, sending you 1
2024-10-15 04:54:20.867675 Oscar: Golf, Zulu, Bravo and Foxtrot, sending you 4
2024-10-15 04:54:20.868670 Juliett: Mike, sending you 5
2024-10-15 04:54:20.869983 Golf: Foxtrot, sending you 5
2024-10-15 04:54:20.870413 Zulu: Uniform and Golf, sending you 3
2024-10-15 04:54:20.870866 Foxtrot: Golf, sending you 5
2024-10-15 04:54:20.872659 Bravo: Uniform, sending you 3
2024-10-15 04:54:20.874032 Zulu: Oscar, Bravo and Foxtrot, sending you 4
2024-10-15 04:54:20.874835 Foxtrot: Oscar, Zulu and Bravo, sending you 4
2024-10-15 04:54:20.877669 Bravo: Golf, Oscar, Zulu and Foxtrot, sending you 4
chatterbot Kilo submitting transactions
chatterbot Oscar submitting transactions
chatterbot Yankee submitting transactions
chatterbot Zulu submitting transactions
chatterbot Mike submitting transactions
chatterbot Bravo submitting transactions
chatterbot Foxtrot submitting transactions
chatterbot Juliett submitting transactions
chatterbot Uniform submitting transactions
chatterbot Golf submitting transactions
ChatterBot Uniform round 6
ChatterBot Kilo round 6
ChatterBot Golf round 6
ChatterBot Yankee round 6
ChatterBot Mike round 6
ChatterBot Oscar round 6
ChatterBot Zulu round 6
ChatterBot Juliett round 6
ChatterBot Bravo round 6
ChatterBot Foxtrot round 6
2024-10-15 04:54:22.025679 Uniform: Golf, Oscar, Zulu and Bravo, sending you 2
2024-10-15 04:54:22.028688 Juliett: Kilo and Yankee, sending you 6
2024-10-15 04:54:22.031051 Uniform: Foxtrot, sending you 1
2024-10-15 04:54:22.031673 Mike: Kilo, sending you 7
2024-10-15 04:54:22.032664 Juliett: Mike, sending you 5
2024-10-15 04:54:22.033903 Zulu: Uniform and Golf, sending you 3
2024-10-15 04:54:22.035673 Mike: Yankee and Juliett, sending you 6
2024-10-15 04:54:22.036950 Zulu: Oscar, Bravo and Foxtrot, sending you 4
2024-10-15 04:54:22.039892 Kilo: Yankee, sending you 7
2024-10-15 04:54:22.040670 Foxtrot: Uniform, sending you 1
2024-10-15 04:54:22.042919 Yankee: Kilo, sending you 7
2024-10-15 04:54:22.043266 Golf: Uniform, Zulu and Bravo, sending you 3
2024-10-15 04:54:22.043773 Oscar: Uniform, sending you 3
2024-10-15 04:54:22.044257 Kilo: Mike and Juliett, sending you 6
2024-10-15 04:54:22.044665 Foxtrot: Golf, sending you 5
2024-10-15 04:54:22.045684 Yankee: Mike and Juliett, sending you 6
2024-10-15 04:54:22.047658 Golf: Oscar and Foxtrot, sending you 4
2024-10-15 04:54:22.048378 Oscar: Golf, Zulu, Bravo and Foxtrot, sending you 4
2024-10-15 04:54:22.048852 Foxtrot: Oscar, Zulu and Bravo, sending you 4
2024-10-15 04:54:22.049912 Bravo: Uniform, sending you 3
2024-10-15 04:54:22.052805 Bravo: Golf, Oscar, Zulu and Foxtrot, sending you 4
chatterbot Juliett submitting transactions
chatterbot Zulu submitting transactions
chatterbot Mike submitting transactions
chatterbot Golf submitting transactions
chatterbot Foxtrot submitting transactions
chatterbot Yankee submitting transactions
chatterbot Bravo submitting transactions
chatterbot Kilo submitting transactions
chatterbot Uniform submitting transactions
chatterbot Oscar submitting transactions
ChatterBot Uniform round 7
ChatterBot Kilo round 7
ChatterBot Golf round 7
ChatterBot Yankee round 7
ChatterBot Mike round 7
ChatterBot Oscar round 7
ChatterBot Zulu round 7
ChatterBot Juliett round 7
ChatterBot Bravo round 7
ChatterBot Foxtrot round 7
2024-10-15 04:54:23.153121 Uniform: Golf, Oscar, Zulu and Bravo, sending you 2
2024-10-15 04:54:23.156671 Mike: Kilo, sending you 7
2024-10-15 04:54:23.157676 Uniform: Foxtrot, sending you 1
2024-10-15 04:54:23.159679 Golf: Uniform, Zulu and Bravo, sending you 3
2024-10-15 04:54:23.161702 Mike: Yankee and Juliett, sending you 6
2024-10-15 04:54:23.162254 Oscar: Uniform, sending you 3
2024-10-15 04:54:23.163072 Golf: Oscar and Foxtrot, sending you 4
2024-10-15 04:54:23.165676 Zulu: Uniform and Golf, sending you 3
2024-10-15 04:54:23.166779 Oscar: Golf, Zulu, Bravo and Foxtrot, sending you 4
2024-10-15 04:54:23.168917 Kilo: Yankee, sending you 7
2024-10-15 04:54:23.170667 Bravo: Uniform, sending you 3
2024-10-15 04:54:23.171853 Zulu: Oscar, Bravo and Foxtrot, sending you 4
2024-10-15 04:54:23.172771 Yankee: Kilo, sending you 7
2024-10-15 04:54:23.173314 Juliett: Kilo and Yankee, sending you 6
2024-10-15 04:54:23.173789 Kilo: Mike and Juliett, sending you 6
2024-10-15 04:54:23.175655 Bravo: Golf, Oscar, Zulu and Foxtrot, sending you 4
2024-10-15 04:54:23.176682 Yankee: Mike and Juliett, sending you 6
2024-10-15 04:54:23.177051 Juliett: Mike, sending you 5
2024-10-15 04:54:23.177953 Foxtrot: Uniform, sending you 1
2024-10-15 04:54:23.182693 Foxtrot: Golf, sending you 5
2024-10-15 04:54:23.188115 Foxtrot: Oscar, Zulu and Bravo, sending you 4
chatterbot Yankee submitting transactions
chatterbot Juliett submitting transactions
chatterbot Oscar submitting transactions
chatterbot Bravo submitting transactions
chatterbot Foxtrot submitting transactions
chatterbot Zulu submitting transactions
chatterbot Mike submitting transactions
chatterbot Golf submitting transactions
chatterbot Uniform submitting transactions
chatterbot Kilo submitting transactions
ChatterBot Uniform round 8
ChatterBot Kilo round 8
ChatterBot Golf round 8
ChatterBot Yankee round 8
ChatterBot Mike round 8
ChatterBot Oscar round 8
ChatterBot Zulu round 8
ChatterBot Juliett round 8
ChatterBot Bravo round 8
ChatterBot Foxtrot round 8
2024-10-15 04:54:24.389673 Mike: Kilo, sending you 7
2024-10-15 04:54:24.391169 Kilo: Yankee, sending you 7
2024-10-15 04:54:24.392680 Yankee: Kilo, sending you 7
2024-10-15 04:54:24.393689 Mike: Yankee and Juliett, sending you 6
2024-10-15 04:54:24.394712 Kilo: Mike and Juliett, sending you 6
2024-10-15 04:54:24.398267 Yankee: Mike and Juliett, sending you 6
2024-10-15 04:54:24.398894 Zulu: Uniform and Golf, sending you 3
2024-10-15 04:54:24.403680 Zulu: Oscar, Bravo and Foxtrot, sending you 4
2024-10-15 04:54:24.404717 Golf: Uniform, Zulu and Bravo, sending you 3
2024-10-15 04:54:24.406333 Uniform: Golf, Oscar, Zulu and Bravo, sending you 2
2024-10-15 04:54:24.407710 Juliett: Kilo and Yankee, sending you 6
2024-10-15 04:54:24.408763 Bravo: Uniform, sending you 3
2024-10-15 04:54:24.410716 Golf: Oscar and Foxtrot, sending you 4
2024-10-15 04:54:24.411626 Uniform: Foxtrot, sending you 1
2024-10-15 04:54:24.413123 Oscar: Uniform, sending you 3
2024-10-15 04:54:24.413976 Juliett: Mike, sending you 5
2024-10-15 04:54:24.414630 Bravo: Golf, Oscar, Zulu and Foxtrot, sending you 4
2024-10-15 04:54:24.416154 Foxtrot: Uniform, sending you 1
2024-10-15 04:54:24.417768 Oscar: Golf, Zulu, Bravo and Foxtrot, sending you 4
2024-10-15 04:54:24.420024 Foxtrot: Golf, sending you 5
2024-10-15 04:54:24.423692 Foxtrot: Oscar, Zulu and Bravo, sending you 4
chatterbot Zulu submitting transactions
chatterbot Foxtrot submitting transactions
chatterbot Mike submitting transactions
chatterbot Uniform submitting transactions
chatterbot Juliett submitting transactions
chatterbot Bravo submitting transactions
chatterbot Golf submitting transactions
chatterbot Kilo submitting transactions
chatterbot Yankee submitting transactions
chatterbot Oscar submitting transactions
ChatterBot Uniform round 9
ChatterBot Kilo round 9
ChatterBot Golf round 9
ChatterBot Yankee round 9
ChatterBot Mike round 9
ChatterBot Oscar round 9
ChatterBot Zulu round 9
ChatterBot Juliett round 9
ChatterBot Bravo round 9
ChatterBot Foxtrot round 9
2024-10-15 04:54:25.638692 Uniform: Golf, Oscar, Zulu and Bravo, sending you 2
2024-10-15 04:54:25.641671 Uniform: Foxtrot, sending you 1
2024-10-15 04:54:25.644693 Yankee: Kilo, sending you 7
2024-10-15 04:54:25.645687 Bravo: Uniform, sending you 3
2024-10-15 04:54:25.646714 Kilo: Yankee, sending you 7
2024-10-15 04:54:25.647330 Zulu: Uniform and Golf, sending you 3
2024-10-15 04:54:25.648326 Yankee: Mike and Juliett, sending you 6
2024-10-15 04:54:25.650652 Oscar: Uniform, sending you 3
2024-10-15 04:54:25.651173 Kilo: Mike and Juliett, sending you 6
2024-10-15 04:54:25.651694 Bravo: Golf, Oscar, Zulu and Foxtrot, sending you 4
2024-10-15 04:54:25.652832 Zulu: Oscar, Bravo and Foxtrot, sending you 4
2024-10-15 04:54:25.654683 Oscar: Golf, Zulu, Bravo and Foxtrot, sending you 4
2024-10-15 04:54:25.656268 Juliett: Kilo and Yankee, sending you 6
2024-10-15 04:54:25.657680 Mike: Kilo, sending you 7
2024-10-15 04:54:25.659681 Juliett: Mike, sending you 5
2024-10-15 04:54:25.660048 Golf: Uniform, Zulu and Bravo, sending you 3
2024-10-15 04:54:25.661240 Foxtrot: Uniform, sending you 1
2024-10-15 04:54:25.661687 Mike: Yankee and Juliett, sending you 6
2024-10-15 04:54:25.663676 Golf: Oscar and Foxtrot, sending you 4
2024-10-15 04:54:25.666654 Foxtrot: Golf, sending you 5
2024-10-15 04:54:25.669672 Foxtrot: Oscar, Zulu and Bravo, sending you 4
chatterbot Yankee submitting transactions
chatterbot Juliett submitting transactions
chatterbot Golf submitting transactions
chatterbot Mike submitting transactions
chatterbot Foxtrot submitting transactions
chatterbot Kilo submitting transactions
chatterbot Zulu submitting transactions
chatterbot Uniform submitting transactions
chatterbot Oscar submitting transactions
chatterbot Bravo submitting transactions
ChatterBot Uniform round 10
ChatterBot Kilo round 10
ChatterBot Golf round 10
ChatterBot Yankee round 10
ChatterBot Mike round 10
ChatterBot Oscar round 10
ChatterBot Zulu round 10
ChatterBot Juliett round 10
ChatterBot Bravo round 10
ChatterBot Foxtrot round 10
2024-10-15 04:54:26.877671 Uniform: Golf, Oscar, Zulu and Bravo, sending you 2
2024-10-15 04:54:26.879666 Kilo: Yankee, sending you 7
2024-10-15 04:54:26.881685 Uniform: Foxtrot, sending you 1
2024-10-15 04:54:26.883662 Kilo: Mike and Juliett, sending you 6
2024-10-15 04:54:26.884666 Yankee: Kilo, sending you 7
2024-10-15 04:54:26.886679 Bravo: Uniform, sending you 3
2024-10-15 04:54:26.887654 Juliett: Kilo and Yankee, sending you 6
2024-10-15 04:54:26.888014 Mike: Kilo, sending you 7
2024-10-15 04:54:26.888337 Oscar: Uniform, sending you 3
2024-10-15 04:54:26.889681 Yankee: Mike and Juliett, sending you 6
2024-10-15 04:54:26.890098 Foxtrot: Uniform, sending you 1
2024-10-15 04:54:26.890667 Golf: Uniform, Zulu and Bravo, sending you 3
2024-10-15 04:54:26.892072 Bravo: Golf, Oscar, Zulu and Foxtrot, sending you 4
2024-10-15 04:54:26.892970 Mike: Yankee and Juliett, sending you 6
2024-10-15 04:54:26.893451 Juliett: Mike, sending you 5
2024-10-15 04:54:26.893799 Oscar: Golf, Zulu, Bravo and Foxtrot, sending you 4
2024-10-15 04:54:26.894414 Foxtrot: Golf, sending you 5
2024-10-15 04:54:26.895024 Golf: Oscar and Foxtrot, sending you 4
2024-10-15 04:54:26.897683 Zulu: Uniform and Golf, sending you 3
2024-10-15 04:54:26.898675 Foxtrot: Oscar, Zulu and Bravo, sending you 4
2024-10-15 04:54:26.901919 Zulu: Oscar, Bravo and Foxtrot, sending you 4
chatterbot Zulu submitting transactions
chatterbot Juliett submitting transactions
chatterbot Foxtrot submitting transactions
chatterbot Oscar submitting transactions
chatterbot Mike submitting transactions
chatterbot Bravo submitting transactions
chatterbot Kilo submitting transactions
chatterbot Golf submitting transactions
chatterbot Uniform submitting transactions
chatterbot Yankee submitting transactions
ChatterBot Uniform round 11
ChatterBot Kilo round 11
ChatterBot Golf round 11
ChatterBot Yankee round 11
ChatterBot Mike round 11
ChatterBot Oscar round 11
ChatterBot Zulu round 11
ChatterBot Juliett round 11
ChatterBot Bravo round 11
ChatterBot Foxtrot round 11
2024-10-15 04:54:28.103657 Mike: Kilo, sending you 7
2024-10-15 04:54:28.104663 Juliett: Kilo and Yankee, sending you 6
2024-10-15 04:54:28.105654 Zulu: Uniform and Golf, sending you 3
2024-10-15 04:54:28.106942 Mike: Yankee and Juliett, sending you 6
2024-10-15 04:54:28.107648 Yankee: Kilo, sending you 7
2024-10-15 04:54:28.108004 Juliett: Mike, sending you 5
2024-10-15 04:54:28.108658 Kilo: Yankee, sending you 7
2024-10-15 04:54:28.109657 Zulu: Oscar, Bravo and Foxtrot, sending you 4
2024-10-15 04:54:28.110694 Yankee: Mike and Juliett, sending you 6
2024-10-15 04:54:28.112656 Kilo: Mike and Juliett, sending you 6
2024-10-15 04:54:28.113686 Uniform: Golf, Oscar, Zulu and Bravo, sending you 2
2024-10-15 04:54:28.115680 Oscar: Uniform, sending you 3
2024-10-15 04:54:28.117327 Uniform: Foxtrot, sending you 1
2024-10-15 04:54:28.118654 Golf: Uniform, Zulu and Bravo, sending you 3
2024-10-15 04:54:28.120680 Oscar: Golf, Zulu, Bravo and Foxtrot, sending you 4
2024-10-15 04:54:28.123680 Golf: Oscar and Foxtrot, sending you 4
2024-10-15 04:54:28.124274 Foxtrot: Uniform, sending you 1
2024-10-15 04:54:28.125653 Bravo: Uniform, sending you 3
2024-10-15 04:54:28.129651 Foxtrot: Golf, sending you 5
2024-10-15 04:54:28.130242 Bravo: Golf, Oscar, Zulu and Foxtrot, sending you 4
2024-10-15 04:54:28.133655 Foxtrot: Oscar, Zulu and Bravo, sending you 4
chatterbot Mike submitting transactions
chatterbot Oscar submitting transactions
chatterbot Golf submitting transactions
chatterbot Foxtrot submitting transactions
chatterbot Uniform submitting transactions
chatterbot Yankee submitting transactions
chatterbot Juliett submitting transactions
chatterbot Bravo submitting transactions
chatterbot Zulu submitting transactions
chatterbot Kilo submitting transactions
ChatterBot Uniform round 12
ChatterBot Kilo round 12
ChatterBot Golf round 12
ChatterBot Yankee round 12
ChatterBot Mike round 12
ChatterBot Oscar round 12
ChatterBot Zulu round 12
ChatterBot Juliett round 12
ChatterBot Bravo round 12
ChatterBot Foxtrot round 12
2024-10-15 04:54:29.301669 Kilo: Yankee, sending you 7
2024-10-15 04:54:29.303650 Mike: Kilo, sending you 7
2024-10-15 04:54:29.304409 Zulu: Uniform and Golf, sending you 3
2024-10-15 04:54:29.306859 Uniform: Golf, Oscar, Zulu and Bravo, sending you 2
2024-10-15 04:54:29.308267 Juliett: Kilo and Yankee, sending you 6
2024-10-15 04:54:29.309840 Kilo: Mike and Juliett, sending you 6
2024-10-15 04:54:29.310181 Mike: Yankee and Juliett, sending you 6
2024-10-15 04:54:29.310660 Oscar: Uniform, sending you 3
2024-10-15 04:54:29.312650 Zulu: Oscar, Bravo and Foxtrot, sending you 4
2024-10-15 04:54:29.313448 Uniform: Foxtrot, sending you 1
2024-10-15 04:54:29.315065 Bravo: Uniform, sending you 3
2024-10-15 04:54:29.316115 Juliett: Mike, sending you 5
2024-10-15 04:54:29.317483 Yankee: Kilo, sending you 7
2024-10-15 04:54:29.318037 Oscar: Golf, Zulu, Bravo and Foxtrot, sending you 4
2024-10-15 04:54:29.319022 Bravo: Golf, Oscar, Zulu and Foxtrot, sending you 4
2024-10-15 04:54:29.320850 Golf: Uniform, Zulu and Bravo, sending you 3
2024-10-15 04:54:29.322341 Yankee: Mike and Juliett, sending you 6
2024-10-15 04:54:29.322909 Foxtrot: Uniform, sending you 1
2024-10-15 04:54:29.325689 Golf: Oscar and Foxtrot, sending you 4
2024-10-15 04:54:29.328079 Foxtrot: Golf, sending you 5
2024-10-15 04:54:29.333668 Foxtrot: Oscar, Zulu and Bravo, sending you 4
chatterbot Golf submitting transactions
chatterbot Juliett submitting transactions
chatterbot Oscar submitting transactions
chatterbot Uniform submitting transactions
chatterbot Bravo submitting transactions
chatterbot Mike submitting transactions
chatterbot Foxtrot submitting transactions
chatterbot Zulu submitting transactions
chatterbot Yankee submitting transactions
chatterbot Kilo submitting transactions
ChatterBot Uniform round 13
ChatterBot Kilo round 13
ChatterBot Golf round 13
ChatterBot Yankee round 13
ChatterBot Mike round 13
ChatterBot Oscar round 13
ChatterBot Zulu round 13
ChatterBot Juliett round 13
ChatterBot Bravo round 13
ChatterBot Foxtrot round 13
2024-10-15 04:54:30.558662 Kilo: Yankee, sending you 7
2024-10-15 04:54:30.563661 Kilo: Mike and Juliett, sending you 6
2024-10-15 04:54:30.564708 Oscar: Uniform, sending you 3
2024-10-15 04:54:30.566751 Bravo: Uniform, sending you 3
2024-10-15 04:54:30.567787 Mike: Kilo, sending you 7
2024-10-15 04:54:30.568433 Juliett: Kilo and Yankee, sending you 6
2024-10-15 04:54:30.569094 Yankee: Kilo, sending you 7
2024-10-15 04:54:30.570687 Oscar: Golf, Zulu, Bravo and Foxtrot, sending you 4
2024-10-15 04:54:30.571922 Golf: Uniform, Zulu and Bravo, sending you 3
2024-10-15 04:54:30.573523 Mike: Yankee and Juliett, sending you 6
2024-10-15 04:54:30.574050 Bravo: Golf, Oscar, Zulu and Foxtrot, sending you 4
2024-10-15 04:54:30.574882 Uniform: Golf, Oscar, Zulu and Bravo, sending you 2
2024-10-15 04:54:30.576507 Juliett: Mike, sending you 5
2024-10-15 04:54:30.577139 Yankee: Mike and Juliett, sending you 6
2024-10-15 04:54:30.577899 Golf: Oscar and Foxtrot, sending you 4
2024-10-15 04:54:30.579234 Zulu: Uniform and Golf, sending you 3
2024-10-15 04:54:30.580059 Foxtrot: Uniform, sending you 1
2024-10-15 04:54:30.581407 Uniform: Foxtrot, sending you 1
2024-10-15 04:54:30.582693 Zulu: Oscar, Bravo and Foxtrot, sending you 4
2024-10-15 04:54:30.584579 Foxtrot: Golf, sending you 5
2024-10-15 04:54:30.588686 Foxtrot: Oscar, Zulu and Bravo, sending you 4
chatterbot Yankee submitting transactions
chatterbot Zulu submitting transactions
chatterbot Foxtrot submitting transactions
chatterbot Kilo submitting transactions
chatterbot Juliett submitting transactions
chatterbot Oscar submitting transactions
chatterbot Golf submitting transactions
chatterbot Mike submitting transactions
chatterbot Bravo submitting transactions
chatterbot Uniform submitting transactions
ChatterBot Uniform round 14
ChatterBot Kilo round 14
ChatterBot Golf round 14
ChatterBot Yankee round 14
ChatterBot Mike round 14
ChatterBot Oscar round 14
ChatterBot Zulu round 14
ChatterBot Juliett round 14
ChatterBot Bravo round 14
ChatterBot Foxtrot round 14
2024-10-15 04:54:31.697374 Zulu: Uniform and Golf, sending you 3
2024-10-15 04:54:31.700852 Bravo: Uniform, sending you 3
2024-10-15 04:54:31.703306 Mike: Kilo, sending you 7
2024-10-15 04:54:31.705093 Golf: Uniform, Zulu and Bravo, sending you 3
2024-10-15 04:54:31.707487 Uniform: Golf, Oscar, Zulu and Bravo, sending you 2
2024-10-15 04:54:31.710261 Yankee: Kilo, sending you 7
2024-10-15 04:54:31.711220 Zulu: Oscar, Bravo and Foxtrot, sending you 4
2024-10-15 04:54:31.713235 Bravo: Golf, Oscar, Zulu and Foxtrot, sending you 4
2024-10-15 04:54:31.716448 Mike: Yankee and Juliett, sending you 6
2024-10-15 04:54:31.718260 Golf: Oscar and Foxtrot, sending you 4
2024-10-15 04:54:31.720698 Uniform: Foxtrot, sending you 1
2024-10-15 04:54:31.722662 Kilo: Yankee, sending you 7
2024-10-15 04:54:31.724259 Juliett: Kilo and Yankee, sending you 6
2024-10-15 04:54:31.725239 Yankee: Mike and Juliett, sending you 6
2024-10-15 04:54:31.726958 Oscar: Uniform, sending you 3
2024-10-15 04:54:31.729837 Foxtrot: Uniform, sending you 1
2024-10-15 04:54:31.733281 Kilo: Mike and Juliett, sending you 6
2024-10-15 04:54:31.734484 Juliett: Mike, sending you 5
2024-10-15 04:54:31.736502 Oscar: Golf, Zulu, Bravo and Foxtrot, sending you 4
2024-10-15 04:54:31.739031 Foxtrot: Golf, sending you 5
2024-10-15 04:54:31.757269 Foxtrot: Oscar, Zulu and Bravo, sending you 4
chatterbot Uniform submitting transactions
chatterbot Mike submitting transactions
chatterbot Oscar submitting transactions
chatterbot Yankee submitting transactions
chatterbot Bravo submitting transactions
chatterbot Golf submitting transactions
chatterbot Foxtrot submitting transactions
chatterbot Zulu submitting transactions
chatterbot Kilo submitting transactions
chatterbot Juliett submitting transactions
ChatterBot Uniform round 15
ChatterBot Kilo round 15
ChatterBot Golf round 15
ChatterBot Yankee round 15
ChatterBot Mike round 15
ChatterBot Oscar round 15
ChatterBot Zulu round 15
ChatterBot Juliett round 15
ChatterBot Bravo round 15
ChatterBot Foxtrot round 15
2024-10-15 04:54:32.886673 Oscar: Uniform, sending you 3
2024-10-15 04:54:32.888674 Bravo: Uniform, sending you 3
2024-10-15 04:54:32.890631 Yankee: Kilo, sending you 7
2024-10-15 04:54:32.891287 Mike: Kilo, sending you 7
2024-10-15 04:54:32.891949 Zulu: Uniform and Golf, sending you 3
2024-10-15 04:54:32.894191 Uniform: Golf, Oscar, Zulu and Bravo, sending you 2
2024-10-15 04:54:32.895679 Oscar: Golf, Zulu, Bravo and Foxtrot, sending you 4
2024-10-15 04:54:32.897525 Bravo: Golf, Oscar, Zulu and Foxtrot, sending you 4
2024-10-15 04:54:32.898727 Kilo: Yankee, sending you 7
2024-10-15 04:54:32.900023 Yankee: Mike and Juliett, sending you 6
2024-10-15 04:54:32.900942 Mike: Yankee and Juliett, sending you 6
2024-10-15 04:54:32.901654 Golf: Uniform, Zulu and Bravo, sending you 3
2024-10-15 04:54:32.903543 Zulu: Oscar, Bravo and Foxtrot, sending you 4
2024-10-15 04:54:32.904675 Juliett: Kilo and Yankee, sending you 6
2024-10-15 04:54:32.905251 Uniform: Foxtrot, sending you 1
2024-10-15 04:54:32.906868 Kilo: Mike and Juliett, sending you 6
2024-10-15 04:54:32.907277 Golf: Oscar and Foxtrot, sending you 4
2024-10-15 04:54:32.907898 Foxtrot: Uniform, sending you 1
2024-10-15 04:54:32.909248 Juliett: Mike, sending you 5
2024-10-15 04:54:32.912687 Foxtrot: Golf, sending you 5
2024-10-15 04:54:32.917926 Foxtrot: Oscar, Zulu and Bravo, sending you 4
chatterbot Mike submitting transactions
chatterbot Yankee submitting transactions
chatterbot Kilo submitting transactions
chatterbot Uniform submitting transactions
chatterbot Juliett submitting transactions
chatterbot Oscar submitting transactions
chatterbot Golf submitting transactions
chatterbot Zulu submitting transactions
chatterbot Foxtrot submitting transactions
chatterbot Bravo submitting transactions
ChatterBot Uniform round 16
ChatterBot Kilo round 16
ChatterBot Golf round 16
ChatterBot Yankee round 16
ChatterBot Mike round 16
ChatterBot Oscar round 16
ChatterBot Zulu round 16
ChatterBot Juliett round 16
ChatterBot Bravo round 16
ChatterBot Foxtrot round 16
2024-10-15 04:54:34.346635 Yankee: Kilo, sending you 7
2024-10-15 04:54:34.370431 Oscar: Uniform, sending you 3
2024-10-15 04:54:34.371731 Golf: Uniform, Zulu and Bravo, sending you 3
2024-10-15 04:54:34.373962 Zulu: Uniform and Golf, sending you 3
2024-10-15 04:54:34.376281 Kilo: Yankee, sending you 7
2024-10-15 04:54:34.378272 Foxtrot: Uniform, sending you 1
2024-10-15 04:54:34.380793 Yankee: Mike and Juliett, sending you 6
2024-10-15 04:54:34.382496 Uniform: Golf, Oscar, Zulu and Bravo, sending you 2
2024-10-15 04:54:34.385095 Mike: Kilo, sending you 7
2024-10-15 04:54:34.386967 Juliett: Kilo and Yankee, sending you 6
2024-10-15 04:54:34.387872 Bravo: Uniform, sending you 3
2024-10-15 04:54:34.391417 Oscar: Golf, Zulu, Bravo and Foxtrot, sending you 4
2024-10-15 04:54:34.393982 Golf: Oscar and Foxtrot, sending you 4
2024-10-15 04:54:34.396038 Zulu: Oscar, Bravo and Foxtrot, sending you 4
2024-10-15 04:54:34.398070 Kilo: Mike and Juliett, sending you 6
2024-10-15 04:54:34.398766 Foxtrot: Golf, sending you 5
2024-10-15 04:54:34.400431 Uniform: Foxtrot, sending you 1
2024-10-15 04:54:34.402386 Mike: Yankee and Juliett, sending you 6
2024-10-15 04:54:34.403094 Juliett: Mike, sending you 5
2024-10-15 04:54:34.404471 Bravo: Golf, Oscar, Zulu and Foxtrot, sending you 4
2024-10-15 04:54:34.406728 Foxtrot: Oscar, Zulu and Bravo, sending you 4
chatterbot Bravo submitting transactions
chatterbot Oscar submitting transactions
chatterbot Juliett submitting transactions
chatterbot Foxtrot submitting transactions
chatterbot Mike submitting transactions
chatterbot Kilo submitting transactions
chatterbot Uniform submitting transactions
chatterbot Zulu submitting transactions
chatterbot Golf submitting transactions
chatterbot Yankee submitting transactions
ChatterBot Uniform round 17
ChatterBot Kilo round 17
ChatterBot Golf round 17
ChatterBot Yankee round 17
ChatterBot Mike round 17
ChatterBot Oscar round 17
ChatterBot Zulu round 17
ChatterBot Juliett round 17
ChatterBot Bravo round 17
ChatterBot Foxtrot round 17
2024-10-15 04:54:35.611670 Golf: Uniform, Zulu and Bravo, sending you 3
2024-10-15 04:54:35.613009 Yankee: Kilo, sending you 7
2024-10-15 04:54:35.614665 Mike: Kilo, sending you 7
2024-10-15 04:54:35.616683 Oscar: Uniform, sending you 3
2024-10-15 04:54:35.619334 Golf: Oscar and Foxtrot, sending you 4
2024-10-15 04:54:35.620820 Yankee: Mike and Juliett, sending you 6
2024-10-15 04:54:35.621644 Mike: Yankee and Juliett, sending you 6
2024-10-15 04:54:35.622990 Juliett: Kilo and Yankee, sending you 6
2024-10-15 04:54:35.623598 Oscar: Golf, Zulu, Bravo and Foxtrot, sending you 4
2024-10-15 04:54:35.626806 Juliett: Mike, sending you 5
