ChatterBot Charlie round 1
ChatterBot Echo round 1
ChatterBot Golf round 1
ChatterBot Uniform round 1
ChatterBot Oscar round 1
ChatterBot Kilo round 1
ChatterBot Juliett round 1
randomSelections Charlie: {Charlie, Kilo, Golf, Echo, Yankee, Uniform, Tango} 
2024-10-15 04:54:14.052489 Charlie: Group up?
ChatterBot Kilo reevaluating
ChatterBot Golf reevaluating
ChatterBot Echo reevaluating
ChatterBot Uniform reevaluating
2024-10-15 04:54:14.068888 Kilo: Yes
2024-10-15 04:54:14.069102 Golf: Yes
2024-10-15 04:54:14.069265 Echo: Yes
2024-10-15 04:54:14.069410 Uniform: Yes
ChatterBot Golf reevaluating
ChatterBot Echo reevaluating
ChatterBot Uniform reevaluating
ChatterBot Kilo reevaluating
ChatterBot Echo reevaluating
ChatterBot Uniform reevaluating
ChatterBot Kilo reevaluating
ChatterBot Golf reevaluating
ChatterBot Uniform reevaluating
ChatterBot Kilo reevaluating
ChatterBot Golf reevaluating
ChatterBot Echo reevaluating
ChatterBot Yankee round 1
ChatterBot Yankee reevaluating
ChatterBot Yankee reevaluating
ChatterBot Yankee reevaluating
ChatterBot Yankee reevaluating
ChatterBot Yankee reevaluating
2024-10-15 04:54:14.135734 Yankee: Yes
ChatterBot Kilo reevaluating
ChatterBot Golf reevaluating
ChatterBot Echo reevaluating
ChatterBot Uniform reevaluating
ChatterBot Foxtrot round 1
ChatterBot Tango round 1
ChatterBot Tango reevaluating
ChatterBot Tango reevaluating
ChatterBot Tango reevaluating
ChatterBot Tango reevaluating
ChatterBot Tango reevaluating
ChatterBot Tango reevaluating
2024-10-15 04:54:14.169298 Tango: Yes
ChatterBot Kilo reevaluating
ChatterBot Golf reevaluating
ChatterBot Echo reevaluating
ChatterBot Yankee reevaluating
ChatterBot Uniform reevaluating
randomSelections Oscar: {Oscar, Kilo, Echo, Foxtrot, Juliett, Golf} 
2024-10-15 04:54:14.230331 Oscar: Let's form a team
ChatterBot Kilo reevaluating
ChatterBot Echo reevaluating
ChatterBot Foxtrot reevaluating
ChatterBot Juliett reevaluating
ChatterBot Golf reevaluating
2024-10-15 04:54:14.304701 Kilo: No
2024-10-15 04:54:14.309462 Echo: No
2024-10-15 04:54:14.309627 Foxtrot: Yes
2024-10-15 04:54:14.309770 Juliett: Yes
2024-10-15 04:54:14.309889 Golf: No
ChatterBot Echo reevaluating
ChatterBot Foxtrot reevaluating
ChatterBot Juliett reevaluating
ChatterBot Golf reevaluating
ChatterBot Kilo reevaluating
ChatterBot Foxtrot reevaluating
ChatterBot Juliett reevaluating
ChatterBot Golf reevaluating
ChatterBot Kilo reevaluating
ChatterBot Echo reevaluating
ChatterBot Juliett reevaluating
ChatterBot Golf reevaluating
ChatterBot Kilo reevaluating
ChatterBot Echo reevaluating
ChatterBot Foxtrot reevaluating
ChatterBot Golf reevaluating
ChatterBot Kilo reevaluating
ChatterBot Echo reevaluating
ChatterBot Foxtrot reevaluating
ChatterBot Juliett reevaluating
2024-10-15 04:54:14.424885 Charlie: Echo, Uniform and Tango, sending you 2
2024-10-15 04:54:14.426596 Juliett: Echo, sending you 1
2024-10-15 04:54:14.427385 Uniform: Charlie, Echo and Tango, sending you 2
2024-10-15 04:54:14.430740 Kilo: Charlie, sending you 6
2024-10-15 04:54:14.431486 Juliett: Golf, sending you 5
2024-10-15 04:54:14.433161 Charlie: Golf, Kilo and Yankee, sending you 3
2024-10-15 04:54:14.434231 Uniform: Golf, sending you 3
2024-10-15 04:54:14.435918 Echo: Charlie and Uniform, sending you 4
2024-10-15 04:54:14.436667 Oscar: Echo, Kilo and Juliett, sending you 4
2024-10-15 04:54:14.438021 Kilo: Echo, Golf and Yankee, sending you 2
2024-10-15 04:54:14.438575 Golf: Echo, sending you 4
2024-10-15 04:54:14.439103 Juliett: Kilo and Foxtrot, sending you 2
2024-10-15 04:54:14.440389 Yankee: Charlie, sending you 3
2024-10-15 04:54:14.442089 Uniform: Kilo and Yankee, sending you 4
2024-10-15 04:54:14.443311 Echo: Kilo, sending you 5
2024-10-15 04:54:14.444778 Kilo: Uniform, sending you 4
2024-10-15 04:54:14.446570 Oscar: Golf, sending you 3
2024-10-15 04:54:14.447209 Golf: Uniform and Kilo, sending you 2
2024-10-15 04:54:14.448580 Foxtrot: Echo and Juliett, sending you 3
2024-10-15 04:54:14.449346 Yankee: Echo and Uniform, sending you 2
2024-10-15 04:54:14.451441 Tango: Charlie, sending you 3
2024-10-15 04:54:14.453697 Echo: Yankee and Tango, sending you 2
2024-10-15 04:54:14.454820 Kilo: Tango, sending you 1
2024-10-15 04:54:14.457048 Oscar: Foxtrot, sending you 2
2024-10-15 04:54:14.458666 Foxtrot: Golf and Oscar, sending you 1
2024-10-15 04:54:14.459445 Golf: Yankee, sending you 1
2024-10-15 04:54:14.461344 Yankee: Golf, sending you 1
2024-10-15 04:54:14.462368 Tango: Golf, Uniform and Yankee, sending you 4
2024-10-15 04:54:14.464107 Foxtrot: Kilo, sending you 2
2024-10-15 04:54:14.465953 Golf: Tango, sending you 3
2024-10-15 04:54:14.467685 Yankee: Kilo, sending you 4
2024-10-15 04:54:14.474056 Yankee: Tango, sending you 5
chatterbot Echo submitting transactions
chatterbot Foxtrot submitting transactions
chatterbot Golf submitting transactions
chatterbot Oscar submitting transactions
chatterbot Juliett submitting transactions
chatterbot Kilo submitting transactions
chatterbot Uniform submitting transactions
chatterbot Charlie submitting transactions
chatterbot Tango submitting transactions
chatterbot Yankee submitting transactions
ChatterBot Charlie round 2
ChatterBot Echo round 2
ChatterBot Golf round 2
ChatterBot Uniform round 2
ChatterBot Oscar round 2
ChatterBot Kilo round 2
ChatterBot Juliett round 2
2024-10-15 04:54:15.621908 Oscar: Group up?
ChatterBot Charlie reevaluating
ChatterBot Golf reevaluating
ChatterBot Uniform reevaluating
ChatterBot Kilo reevaluating
ChatterBot Yankee reevaluating
ChatterBot Tango reevaluating
2024-10-15 04:54:15.686776 Charlie: No
2024-10-15 04:54:15.687051 Echo: No
2024-10-15 04:54:15.687209 Golf: Yes
2024-10-15 04:54:15.687371 Uniform: Yes
2024-10-15 04:54:15.688021 Kilo: Yes
2024-10-15 04:54:15.688203 Yankee: No
2024-10-15 04:54:15.688411 Tango: No
ChatterBot Echo reevaluating
ChatterBot Golf reevaluating
ChatterBot Uniform reevaluating
ChatterBot Kilo reevaluating
ChatterBot Yankee reevaluating
ChatterBot Tango reevaluating
ChatterBot Charlie reevaluating
ChatterBot Golf reevaluating
ChatterBot Uniform reevaluating
ChatterBot Kilo reevaluating
ChatterBot Yankee reevaluating
ChatterBot Tango reevaluating
ChatterBot Charlie reevaluating
ChatterBot Echo reevaluating
ChatterBot Uniform reevaluating
ChatterBot Kilo reevaluating
ChatterBot Yankee reevaluating
ChatterBot Tango reevaluating
ChatterBot Charlie reevaluating
ChatterBot Echo reevaluating
ChatterBot Golf reevaluating
ChatterBot Kilo reevaluating
ChatterBot Yankee reevaluating
ChatterBot Tango reevaluating
ChatterBot Charlie reevaluating
ChatterBot Echo reevaluating
ChatterBot Golf reevaluating
ChatterBot Uniform reevaluating
ChatterBot Yankee reevaluating
ChatterBot Tango reevaluating
ChatterBot Charlie reevaluating
ChatterBot Echo reevaluating
ChatterBot Golf reevaluating
ChatterBot Uniform reevaluating
ChatterBot Kilo reevaluating
ChatterBot Tango reevaluating
ChatterBot Charlie reevaluating
ChatterBot Echo reevaluating
ChatterBot Golf reevaluating
ChatterBot Uniform reevaluating
ChatterBot Kilo reevaluating
ChatterBot Yankee reevaluating
2024-10-15 04:54:16.005749 Echo: We should add Oscar
ChatterBot Charlie reevaluating
ChatterBot Kilo reevaluating
ChatterBot Golf reevaluating
ChatterBot Yankee reevaluating
ChatterBot Uniform reevaluating
ChatterBot Tango reevaluating
2024-10-15 04:54:16.048076 Charlie: No
2024-10-15 04:54:16.048812 Kilo: Yes
2024-10-15 04:54:16.048920 Golf: Yes
2024-10-15 04:54:16.049016 Yankee: No
2024-10-15 04:54:16.049110 Uniform: Yes
2024-10-15 04:54:16.049270 Tango: Yes
ChatterBot Kilo reevaluating
ChatterBot Golf reevaluating
ChatterBot Echo reevaluating
ChatterBot Yankee reevaluating
ChatterBot Uniform reevaluating
ChatterBot Tango reevaluating
ChatterBot Charlie reevaluating
ChatterBot Golf reevaluating
ChatterBot Echo reevaluating
ChatterBot Yankee reevaluating
ChatterBot Uniform reevaluating
ChatterBot Tango reevaluating
ChatterBot Charlie reevaluating
ChatterBot Kilo reevaluating
ChatterBot Echo reevaluating
ChatterBot Yankee reevaluating
ChatterBot Uniform reevaluating
ChatterBot Tango reevaluating
ChatterBot Charlie reevaluating
ChatterBot Kilo reevaluating
ChatterBot Golf reevaluating
ChatterBot Echo reevaluating
ChatterBot Uniform reevaluating
ChatterBot Tango reevaluating
ChatterBot Charlie reevaluating
ChatterBot Kilo reevaluating
ChatterBot Golf reevaluating
ChatterBot Echo reevaluating
ChatterBot Yankee reevaluating
ChatterBot Tango reevaluating
ChatterBot Charlie reevaluating
ChatterBot Kilo reevaluating
ChatterBot Golf reevaluating
ChatterBot Echo reevaluating
ChatterBot Yankee reevaluating
ChatterBot Uniform reevaluating
ChatterBot Yankee round 2
ChatterBot Foxtrot round 2
ChatterBot Tango round 2
2024-10-15 04:54:16.307143 Juliett: We should group up
ChatterBot Foxtrot reevaluating
2024-10-15 04:54:16.314480 Oscar: No
2024-10-15 04:54:16.314643 Foxtrot: Yes
ChatterBot Foxtrot reevaluating
2024-10-15 04:54:16.328475 Foxtrot: Let's form a team
2024-10-15 04:54:16.335704 Juliett: Yes
2024-10-15 04:54:16.335926 Oscar: No
ChatterBot Foxtrot reevaluating
ChatterBot Foxtrot reevaluating
2024-10-15 04:54:16.364715 Tango: We should add Oscar
ChatterBot Echo reevaluating
2024-10-15 04:54:16.384532 Charlie: No
2024-10-15 04:54:16.384732 Kilo: Yes
2024-10-15 04:54:16.384868 Golf: Yes
2024-10-15 04:54:16.384982 Echo: Yes
2024-10-15 04:54:16.385091 Yankee: No
2024-10-15 04:54:16.385195 Uniform: Yes
ChatterBot Echo reevaluating
ChatterBot Echo reevaluating
ChatterBot Echo reevaluating
ChatterBot Echo reevaluating
ChatterBot Echo reevaluating
2024-10-15 04:54:16.506576 Uniform: Oscar we want you to join our group
2024-10-15 04:54:16.510025 Oscar: Yes
ChatterBot Echo reevaluating
2024-10-15 04:54:16.533346 Kilo: Oscar we want you to join our group
2024-10-15 04:54:16.537031 Oscar: Yes
ChatterBot Echo reevaluating
2024-10-15 04:54:16.560407 Golf: Oscar we want you to join our group
2024-10-15 04:54:16.564036 Oscar: Yes
ChatterBot Echo reevaluating
2024-10-15 04:54:16.588701 Tango: Oscar we want you to join our group
2024-10-15 04:54:16.593020 Oscar: Yes
ChatterBot Echo reevaluating
2024-10-15 04:54:16.617116 Oscar: Charlie, Echo and Golf, sending you 3
2024-10-15 04:54:16.618084 Charlie: Echo, Kilo, Yankee and Tango, sending you 3
2024-10-15 04:54:16.775353 Juliett: Oscar, sending you 6
2024-10-15 04:54:16.775863 Oscar: Uniform, Kilo, Yankee and Tango, sending you 2
2024-10-15 04:54:16.776340 Charlie: Golf, sending you 1
2024-10-15 04:54:16.776820 Foxtrot: Oscar, sending you 8
2024-10-15 04:54:16.781075 Yankee: Charlie, sending you 3
2024-10-15 04:54:16.781783 Juliett: Foxtrot, sending you 5
2024-10-15 04:54:16.782711 Charlie: Uniform, sending you 2
2024-10-15 04:54:16.783213 Uniform: Charlie, Golf and Yankee, sending you 2
2024-10-15 04:54:16.783704 Foxtrot: Juliett, sending you 7
2024-10-15 04:54:17.450908 Yankee: Echo, Golf and Kilo, sending you 2
2024-10-15 04:54:17.452145 Tango: Charlie, Echo, Uniform and Kilo, sending you 2
2024-10-15 04:54:17.452687 Kilo: Charlie and Golf, sending you 2
2024-10-15 04:54:17.453773 Golf: Charlie, Uniform and Oscar, sending you 3
2024-10-15 04:54:17.454314 Uniform: Echo, sending you 4
chatterbot Yankee submitting transactions
chatterbot Juliett submitting transactions
chatterbot Foxtrot submitting transactions
chatterbot Kilo submitting transactions
chatterbot Uniform submitting transactions
chatterbot Charlie submitting transactions
chatterbot Oscar submitting transactions
chatterbot Golf submitting transactions
chatterbot Tango submitting transactions
2024-10-15 04:54:17.456996 Yankee: Uniform and Tango, sending you 4
2024-10-15 04:54:17.458148 Tango: Golf, sending you 3
2024-10-15 04:54:17.602508 Kilo: Echo, Uniform, Oscar and Yankee, sending you 3
2024-10-15 04:54:17.603491 Golf: Echo, sending you 1
2024-10-15 04:54:17.603825 Uniform: Oscar, sending you 1
2024-10-15 04:54:17.604167 Echo: Charlie, Uniform, Kilo and Yankee, sending you 2
2024-10-15 04:54:17.604963 Tango: Yankee, sending you 4
2024-10-15 04:54:17.797774 Kilo: Tango, sending you 1
2024-10-15 04:54:17.799 Golf: Kilo and Yankee, sending you 2
2024-10-15 04:54:17.799362 Uniform: Kilo and Tango, sending you 3
2024-10-15 04:54:17.800242 Echo: Golf, Oscar and Foxtrot, sending you 3
chatterbot Echo submitting transactions
2024-10-15 04:54:17.815204 Golf: Tango, sending you 4
2024-10-15 04:54:17.815669 Kilo: Echo did not give me 5 like they said
ChatterBot Oscar reevaluating
ChatterBot Charlie reevaluating
ChatterBot Echo reevaluating
ChatterBot Golf reevaluating
ChatterBot Uniform reevaluating
ChatterBot Yankee reevaluating
ChatterBot Tango reevaluating
2024-10-15 04:54:17.840780 Kilo: Uniform did not give me 4 like they said
ChatterBot Oscar reevaluating
ChatterBot Charlie reevaluating
ChatterBot Echo reevaluating
ChatterBot Golf reevaluating
ChatterBot Uniform reevaluating
ChatterBot Yankee reevaluating
ChatterBot Tango reevaluating
2024-10-15 04:54:17.875682 Kilo: Oscar did not give me 4 like they said
ChatterBot Oscar reevaluating
ChatterBot Charlie reevaluating
ChatterBot Echo reevaluating
ChatterBot Golf reevaluating
ChatterBot Uniform reevaluating
ChatterBot Yankee reevaluating
ChatterBot Tango reevaluating
2024-10-15 04:54:17.917764 Kilo: Juliett did not give me 2 like they said
ChatterBot Oscar reevaluating
ChatterBot Charlie reevaluating
ChatterBot Echo reevaluating
ChatterBot Golf reevaluating
ChatterBot Uniform reevaluating
ChatterBot Yankee reevaluating
ChatterBot Tango reevaluating
2024-10-15 04:54:17.961543 Kilo: Yankee did not give me 4 like they said
ChatterBot Oscar reevaluating
ChatterBot Charlie reevaluating
ChatterBot Echo reevaluating
ChatterBot Golf reevaluating
ChatterBot Uniform reevaluating
ChatterBot Yankee reevaluating
ChatterBot Tango reevaluating
2024-10-15 04:54:18.002082 Kilo: Foxtrot did not give me 2 like they said
ChatterBot Oscar reevaluating
ChatterBot Charlie reevaluating
ChatterBot Echo reevaluating
ChatterBot Golf reevaluating
ChatterBot Uniform reevaluating
ChatterBot Yankee reevaluating
ChatterBot Tango reevaluating
2024-10-15 04:54:18.049168 Uniform: Echo did not give me 4 like they said
ChatterBot Oscar reevaluating
ChatterBot Charlie reevaluating
ChatterBot Echo reevaluating
ChatterBot Golf reevaluating
ChatterBot Kilo reevaluating
ChatterBot Yankee reevaluating
ChatterBot Tango reevaluating
2024-10-15 04:54:18.091546 Uniform: Kilo did not give me 4 like they said
ChatterBot Oscar reevaluating
ChatterBot Charlie reevaluating
ChatterBot Echo reevaluating
ChatterBot Golf reevaluating
ChatterBot Kilo reevaluating
ChatterBot Yankee reevaluating
ChatterBot Tango reevaluating
2024-10-15 04:54:18.133888 Uniform: Tango did not give me 4 like they said
ChatterBot Oscar reevaluating
ChatterBot Charlie reevaluating
ChatterBot Echo reevaluating
ChatterBot Golf reevaluating
ChatterBot Kilo reevaluating
ChatterBot Yankee reevaluating
ChatterBot Tango reevaluating
ChatterBot Charlie round 3
ChatterBot Echo round 3
ChatterBot Golf round 3
ChatterBot Uniform round 3
ChatterBot Oscar round 3
ChatterBot Kilo round 3
ChatterBot Juliett round 3
ChatterBot Yankee round 3
ChatterBot Foxtrot round 3
ChatterBot Tango round 3
2024-10-15 04:54:18.322214 Oscar: We should add Juliett and Foxtrot
ChatterBot Charlie reevaluating
ChatterBot Echo reevaluating
ChatterBot Golf reevaluating
ChatterBot Uniform reevaluating
ChatterBot Kilo reevaluating
ChatterBot Yankee reevaluating
ChatterBot Tango reevaluating
2024-10-15 04:54:18.379152 Charlie: No
2024-10-15 04:54:18.379536 Echo: No
2024-10-15 04:54:18.379778 Golf: No
2024-10-15 04:54:18.380908 Uniform: No
2024-10-15 04:54:18.381315 Kilo: No
2024-10-15 04:54:18.381947 Yankee: No
2024-10-15 04:54:18.382842 Tango: No
ChatterBot Oscar reevaluating
ChatterBot Echo reevaluating
ChatterBot Golf reevaluating
ChatterBot Uniform reevaluating
ChatterBot Kilo reevaluating
ChatterBot Yankee reevaluating
ChatterBot Tango reevaluating
ChatterBot Oscar reevaluating
ChatterBot Charlie reevaluating
ChatterBot Golf reevaluating
ChatterBot Uniform reevaluating
ChatterBot Kilo reevaluating
ChatterBot Yankee reevaluating
ChatterBot Tango reevaluating
ChatterBot Oscar reevaluating
ChatterBot Charlie reevaluating
ChatterBot Echo reevaluating
ChatterBot Uniform reevaluating
ChatterBot Kilo reevaluating
ChatterBot Yankee reevaluating
ChatterBot Tango reevaluating
ChatterBot Oscar reevaluating
ChatterBot Charlie reevaluating
ChatterBot Echo reevaluating
ChatterBot Golf reevaluating
ChatterBot Kilo reevaluating
ChatterBot Yankee reevaluating
ChatterBot Tango reevaluating
ChatterBot Oscar reevaluating
ChatterBot Charlie reevaluating
ChatterBot Echo reevaluating
ChatterBot Golf reevaluating
ChatterBot Uniform reevaluating
ChatterBot Yankee reevaluating
ChatterBot Tango reevaluating
ChatterBot Oscar reevaluating
ChatterBot Charlie reevaluating
ChatterBot Echo reevaluating
ChatterBot Golf reevaluating
ChatterBot Uniform reevaluating
ChatterBot Kilo reevaluating
ChatterBot Tango reevaluating
ChatterBot Oscar reevaluating
ChatterBot Charlie reevaluating
ChatterBot Echo reevaluating
ChatterBot Golf reevaluating
ChatterBot Uniform reevaluating
ChatterBot Kilo reevaluating
ChatterBot Yankee reevaluating
2024-10-15 04:54:18.675452 Charlie: Oscar we want you to join our group
2024-10-15 04:54:18.681038 Oscar: Yes
ChatterBot Charlie reevaluating
ChatterBot Echo reevaluating
ChatterBot Yankee reevaluating
2024-10-15 04:54:18.709987 Yankee: We should add Oscar
ChatterBot Charlie reevaluating
ChatterBot Echo reevaluating
2024-10-15 04:54:18.731568 Charlie: Yes
2024-10-15 04:54:18.732024 Kilo: Yes
2024-10-15 04:54:18.732338 Golf: Yes
2024-10-15 04:54:18.732735 Echo: Yes
2024-10-15 04:54:18.733752 Uniform: Yes
2024-10-15 04:54:18.734037 Tango: Yes
ChatterBot Echo reevaluating
ChatterBot Yankee reevaluating
ChatterBot Charlie reevaluating
ChatterBot Echo reevaluating
ChatterBot Yankee reevaluating
ChatterBot Charlie reevaluating
ChatterBot Echo reevaluating
ChatterBot Yankee reevaluating
ChatterBot Charlie reevaluating
ChatterBot Yankee reevaluating
ChatterBot Charlie reevaluating
ChatterBot Echo reevaluating
ChatterBot Yankee reevaluating
ChatterBot Charlie reevaluating
ChatterBot Echo reevaluating
ChatterBot Yankee reevaluating
2024-10-15 04:54:18.889214 Yankee: Oscar we want you to join our group
2024-10-15 04:54:18.893405 Oscar: Yes
ChatterBot Echo reevaluating
ChatterBot Yankee reevaluating
2024-10-15 04:54:18.944303 Golf: Charlie, Echo and Yankee, sending you 2
2024-10-15 04:54:18.945429 Kilo: Charlie, Golf, Oscar, Yankee and Tango, sending you 2
2024-10-15 04:54:18.946621 Juliett: Oscar, sending you 3
2024-10-15 04:54:18.946839 Tango: Charlie, Uniform and Kilo, sending you 2
2024-10-15 04:54:18.947297 Uniform: Charlie, sending you 2
2024-10-15 04:54:18.948368 Oscar: Charlie, Uniform, Yankee and Tango, sending you 2
2024-10-15 04:54:18.948899 Foxtrot: Oscar, sending you 5
2024-10-15 04:54:18.949958 Echo: We should drop Juliett and Foxtrot
ChatterBot Yankee reevaluating
2024-10-15 04:54:18.970760 Oscar: Yes
2024-10-15 04:54:18.970944 Charlie: Yes
2024-10-15 04:54:18.971641 Golf: Yes
2024-10-15 04:54:18.971760 Uniform: Yes
2024-10-15 04:54:18.971861 Kilo: Yes
2024-10-15 04:54:18.971965 Yankee: Yes
2024-10-15 04:54:18.972086 Tango: Yes
ChatterBot Echo reevaluating
ChatterBot Yankee reevaluating
ChatterBot Echo reevaluating
ChatterBot Yankee reevaluating
ChatterBot Echo reevaluating
ChatterBot Yankee reevaluating
ChatterBot Echo reevaluating
ChatterBot Yankee reevaluating
ChatterBot Echo reevaluating
ChatterBot Yankee reevaluating
ChatterBot Echo reevaluating
ChatterBot Echo reevaluating
ChatterBot Yankee reevaluating
2024-10-15 04:54:19.120331 Golf: Uniform, Oscar, Kilo and Tango, sending you 3
2024-10-15 04:54:19.121415 Kilo: Echo, sending you 3
2024-10-15 04:54:19.122447 Juliett: Foxtrot, sending you 9
2024-10-15 04:54:19.122771 Uniform: Echo, Golf, Kilo, Yankee and Tango, sending you 3
2024-10-15 04:54:19.123442 Tango: Echo and Oscar, sending you 1
2024-10-15 04:54:19.124466 Oscar: Echo, Golf and Kilo, sending you 3
2024-10-15 04:54:19.125289 Foxtrot: Juliett, sending you 10
2024-10-15 04:54:19.128263 Kilo: Uniform, sending you 4
2024-10-15 04:54:19.130423 Tango: Golf, sending you 3
2024-10-15 04:54:19.131127 Charlie: Echo, Kilo, Yankee and Tango, sending you 3
2024-10-15 04:54:19.134441 Tango: Yankee, sending you 4
2024-10-15 04:54:19.136863 Charlie: Golf and Uniform, sending you 2
2024-10-15 04:54:19.142962 Charlie: Oscar, sending you 1
2024-10-15 04:54:19.150066 Echo: Charlie, Uniform, Oscar and Kilo, sending you 3
2024-10-15 04:54:19.157946 Echo: Golf and Yankee, sending you 2
2024-10-15 04:54:19.164205 Echo: Tango, sending you 1
2024-10-15 04:54:19.188622 Yankee: Charlie, Uniform, Kilo and Tango, sending you 3
2024-10-15 04:54:19.196180 Yankee: Echo and Golf, sending you 2
2024-10-15 04:54:19.201340 Yankee: Oscar, sending you 1
chatterbot Golf submitting transactions
chatterbot Uniform submitting transactions
chatterbot Foxtrot submitting transactions
chatterbot Echo submitting transactions
chatterbot Tango submitting transactions
chatterbot Juliett submitting transactions
chatterbot Charlie submitting transactions
chatterbot Kilo submitting transactions
chatterbot Yankee submitting transactions
chatterbot Oscar submitting transactions
ChatterBot Charlie round 4
ChatterBot Echo round 4
ChatterBot Golf round 4
ChatterBot Uniform round 4
ChatterBot Oscar round 4
ChatterBot Kilo round 4
ChatterBot Juliett round 4
ChatterBot Yankee round 4
ChatterBot Foxtrot round 4
ChatterBot Tango round 4
2024-10-15 04:54:20.044432 Kilo: Charlie, Echo and Uniform, sending you 3
2024-10-15 04:54:20.045537 Oscar: Charlie, Uniform, Yankee and Tango, sending you 2
2024-10-15 04:54:20.047321 Foxtrot: Oscar, sending you 4
2024-10-15 04:54:20.048242 Charlie: Echo, Kilo and Yankee, sending you 3
2024-10-15 04:54:20.049716 Juliett: Oscar, sending you 2
2024-10-15 04:54:20.050017 Uniform: Charlie and Tango, sending you 2
2024-10-15 04:54:20.051574 Yankee: Charlie, Uniform and Tango, sending you 3
2024-10-15 04:54:20.052549 Golf: Charlie, Echo, Kilo and Yankee, sending you 2
2024-10-15 04:54:20.054227 Kilo: Golf, Oscar, Yankee and Tango, sending you 2
2024-10-15 04:54:20.055874 Oscar: Echo, Golf and Kilo, sending you 3
2024-10-15 04:54:20.057488 Foxtrot: Juliett, sending you 11
2024-10-15 04:54:20.057847 Charlie: Golf, Uniform, Oscar and Tango, sending you 2
2024-10-15 04:54:20.059426 Juliett: Foxtrot, sending you 11
2024-10-15 04:54:20.059795 Yankee: Echo, Golf, Oscar and Kilo, sending you 2
2024-10-15 04:54:20.061423 Uniform: Echo, Golf, Kilo and Yankee, sending you 3
2024-10-15 04:54:20.063004 Golf: Uniform and Oscar, sending you 3
2024-10-15 04:54:20.064584 Tango: Charlie, Uniform, Oscar and Kilo, sending you 2
2024-10-15 04:54:20.068219 Uniform: Oscar, sending you 1
2024-10-15 04:54:20.069865 Echo: Charlie, Uniform, Oscar and Kilo, sending you 3
2024-10-15 04:54:20.071583 Golf: Tango, sending you 4
2024-10-15 04:54:20.073100 Tango: Echo, sending you 1
2024-10-15 04:54:20.074446 Echo: Golf and Yankee, sending you 2
2024-10-15 04:54:20.091694 Tango: Golf and Yankee, sending you 3
2024-10-15 04:54:20.093425 Echo: Tango, sending you 1
chatterbot Tango submitting transactions
chatterbot Foxtrot submitting transactions
chatterbot Juliett submitting transactions
chatterbot Echo submitting transactions
chatterbot Oscar submitting transactions
chatterbot Charlie submitting transactions
chatterbot Golf submitting transactions
chatterbot Uniform submitting transactions
chatterbot Kilo submitting transactions
chatterbot Yankee submitting transactions
ChatterBot Charlie round 5
ChatterBot Echo round 5
ChatterBot Golf round 5
ChatterBot Uniform round 5
ChatterBot Oscar round 5
ChatterBot Kilo round 5
ChatterBot Juliett round 5
ChatterBot Yankee round 5
ChatterBot Foxtrot round 5
ChatterBot Tango round 5
2024-10-15 04:54:21.207131 Yankee: Charlie, Uniform and Tango, sending you 3
2024-10-15 04:54:21.209688 Golf: Charlie, Echo, Kilo and Yankee, sending you 2
2024-10-15 04:54:21.211153 Charlie: Echo, Kilo and Yankee, sending you 3
2024-10-15 04:54:21.213173 Echo: Charlie, Uniform, Oscar and Kilo, sending you 3
2024-10-15 04:54:21.215984 Kilo: Charlie, Echo and Uniform, sending you 3
2024-10-15 04:54:21.218087 Yankee: Echo, Golf, Oscar and Kilo, sending you 2
2024-10-15 04:54:21.219585 Juliett: Oscar, sending you 1
2024-10-15 04:54:21.220990 Golf: Uniform and Oscar, sending you 3
2024-10-15 04:54:21.223117 Charlie: Golf, Uniform, Oscar and Tango, sending you 2
2024-10-15 04:54:21.224410 Echo: Golf and Yankee, sending you 2
2024-10-15 04:54:21.226907 Tango: Charlie, Uniform, Oscar and Kilo, sending you 2
2024-10-15 04:54:21.228835 Uniform: Charlie and Tango, sending you 2
2024-10-15 04:54:21.230013 Kilo: Golf, Oscar, Yankee and Tango, sending you 2
2024-10-15 04:54:21.232461 Oscar: Charlie, Uniform, Yankee and Tango, sending you 2
2024-10-15 04:54:21.233625 Juliett: Foxtrot, sending you 12
2024-10-15 04:54:21.234958 Foxtrot: Oscar, sending you 3
2024-10-15 04:54:21.235531 Golf: Tango, sending you 4
2024-10-15 04:54:21.237969 Echo: Tango, sending you 1
2024-10-15 04:54:21.240867 Uniform: Echo, Golf, Kilo and Yankee, sending you 3
2024-10-15 04:54:21.243362 Tango: Echo, sending you 1
2024-10-15 04:54:21.244872 Oscar: Echo, Golf and Kilo, sending you 3
2024-10-15 04:54:21.246925 Foxtrot: Juliett, sending you 12
2024-10-15 04:54:21.247647 Uniform: Oscar, sending you 1
2024-10-15 04:54:21.249861 Tango: Golf and Yankee, sending you 3
chatterbot Charlie submitting transactions
chatterbot Uniform submitting transactions
chatterbot Tango submitting transactions
chatterbot Echo submitting transactions
chatterbot Oscar submitting transactions
chatterbot Yankee submitting transactions
chatterbot Juliett submitting transactions
chatterbot Foxtrot submitting transactions
chatterbot Golf submitting transactions
chatterbot Kilo submitting transactions
ChatterBot Charlie round 6
ChatterBot Echo round 6
ChatterBot Golf round 6
ChatterBot Uniform round 6
ChatterBot Oscar round 6
ChatterBot Kilo round 6
ChatterBot Juliett round 6
ChatterBot Yankee round 6
ChatterBot Foxtrot round 6
ChatterBot Tango round 6
2024-10-15 04:54:22.319948 Juliett: We should drop Oscar
ChatterBot Foxtrot reevaluating
2024-10-15 04:54:22.321938 Foxtrot: Yes
2024-10-15 04:54:22.329683 Echo: Charlie, Uniform, Oscar and Kilo, sending you 3
2024-10-15 04:54:22.334693 Oscar: Charlie, Uniform, Yankee and Tango, sending you 2
2024-10-15 04:54:22.335973 Echo: Golf and Yankee, sending you 2
2024-10-15 04:54:22.337677 Golf: Charlie, Echo, Kilo and Yankee, sending you 2
2024-10-15 04:54:22.338988 Charlie: Echo, Kilo and Yankee, sending you 3
2024-10-15 04:54:22.339901 Kilo: Charlie, Echo and Uniform, sending you 3
2024-10-15 04:54:22.340802 Oscar: Echo, Golf and Kilo, sending you 3
2024-10-15 04:54:22.341605 Echo: Tango, sending you 1
2024-10-15 04:54:22.342446 Tango: Charlie, Uniform, Oscar and Kilo, sending you 2
2024-10-15 04:54:22.343365 Golf: Uniform and Oscar, sending you 3
2024-10-15 04:54:22.345264 Charlie: Golf, Uniform, Oscar and Tango, sending you 2
2024-10-15 04:54:22.346131 Kilo: Golf, Oscar, Yankee and Tango, sending you 2
2024-10-15 04:54:22.346915 Uniform: Charlie and Tango, sending you 2
2024-10-15 04:54:22.347647 Golf: Tango, sending you 4
2024-10-15 04:54:22.348379 Tango: Echo, sending you 1
2024-10-15 04:54:22.348944 Juliett: Sending you 14
2024-10-15 04:54:22.349686 Yankee: Charlie, Uniform and Tango, sending you 3
2024-10-15 04:54:22.351679 Uniform: Echo, Golf, Kilo and Yankee, sending you 3
2024-10-15 04:54:22.352673 Foxtrot: Sending you 15
2024-10-15 04:54:22.354154 Tango: Golf and Yankee, sending you 3
2024-10-15 04:54:22.355029 Yankee: Echo, Golf, Oscar and Kilo, sending you 2
2024-10-15 04:54:22.355844 Uniform: Oscar, sending you 1
chatterbot Oscar submitting transactions
chatterbot Yankee submitting transactions
chatterbot Tango submitting transactions
chatterbot Uniform submitting transactions
chatterbot Juliett submitting transactions
chatterbot Foxtrot submitting transactions
chatterbot Echo submitting transactions
chatterbot Charlie submitting transactions
chatterbot Golf submitting transactions
chatterbot Kilo submitting transactions
ChatterBot Charlie round 7
ChatterBot Echo round 7
ChatterBot Golf round 7
ChatterBot Uniform round 7
ChatterBot Oscar round 7
ChatterBot Kilo round 7
ChatterBot Juliett round 7
ChatterBot Yankee round 7
ChatterBot Foxtrot round 7
ChatterBot Tango round 7
2024-10-15 04:54:23.627710 Echo: Charlie, Uniform, Oscar and Kilo, sending you 3
2024-10-15 04:54:23.629812 Uniform: Charlie and Tango, sending you 2
2024-10-15 04:54:23.631490 Golf: Charlie, Echo, Kilo and Yankee, sending you 2
2024-10-15 04:54:23.633562 Echo: Golf and Yankee, sending you 2
2024-10-15 04:54:23.635858 Uniform: Echo, Golf, Kilo and Yankee, sending you 3
2024-10-15 04:54:23.637427 Golf: Uniform and Oscar, sending you 3
2024-10-15 04:54:23.639715 Foxtrot: Same as last round
2024-10-15 04:54:23.641636 Juliett: Same as last round
2024-10-15 04:54:23.642222 Echo: Tango, sending you 1
2024-10-15 04:54:23.644330 Charlie: Echo, Kilo and Yankee, sending you 3
2024-10-15 04:54:23.645921 Uniform: Oscar, sending you 1
2024-10-15 04:54:23.648453 Golf: Tango, sending you 4
2024-10-15 04:54:23.650814 Kilo: Charlie, Echo and Uniform, sending you 3
2024-10-15 04:54:23.652443 Oscar: Charlie, Uniform, Yankee and Tango, sending you 2
2024-10-15 04:54:23.654941 Charlie: Golf, Uniform, Oscar and Tango, sending you 2
2024-10-15 04:54:23.657581 Yankee: Charlie, Uniform and Tango, sending you 3
2024-10-15 04:54:23.659112 Kilo: Golf, Oscar, Yankee and Tango, sending you 2
2024-10-15 04:54:23.661551 Tango: Charlie, Uniform, Oscar and Kilo, sending you 2
2024-10-15 04:54:23.664016 Oscar: Echo, Golf and Kilo, sending you 3
2024-10-15 04:54:23.666123 Yankee: Echo, Golf, Oscar and Kilo, sending you 2
2024-10-15 04:54:23.667794 Tango: Echo, sending you 1
2024-10-15 04:54:23.673839 Tango: Golf and Yankee, sending you 3
chatterbot Juliett submitting transactions
chatterbot Tango submitting transactions
chatterbot Foxtrot submitting transactions
chatterbot Oscar submitting transactions
chatterbot Kilo submitting transactions
chatterbot Echo submitting transactions
chatterbot Yankee submitting transactions
chatterbot Uniform submitting transactions
chatterbot Golf submitting transactions
chatterbot Charlie submitting transactions
ChatterBot Charlie round 8
ChatterBot Echo round 8
ChatterBot Golf round 8
ChatterBot Uniform round 8
ChatterBot Oscar round 8
ChatterBot Kilo round 8
ChatterBot Juliett round 8
ChatterBot Yankee round 8
ChatterBot Foxtrot round 8
ChatterBot Tango round 8
2024-10-15 04:54:24.773696 Charlie: Echo, Kilo and Yankee, sending you 3
2024-10-15 04:54:24.775920 Kilo: Charlie, Golf, Oscar, Yankee and Tango, sending you 2
2024-10-15 04:54:24.777537 Echo: Charlie, Uniform, Oscar and Kilo, sending you 3
2024-10-15 04:54:24.779902 Oscar: Charlie, Uniform, Yankee and Tango, sending you 2
2024-10-15 04:54:24.781042 Charlie: Golf, Uniform, Oscar and Tango, sending you 2
2024-10-15 04:54:24.783168 Kilo: Echo, sending you 3
2024-10-15 04:54:24.784309 Echo: Golf and Yankee, sending you 2
2024-10-15 04:54:24.786771 Oscar: Echo, Golf and Kilo, sending you 3
2024-10-15 04:54:24.787996 Golf: Charlie, Echo, Kilo and Yankee, sending you 2
2024-10-15 04:54:24.789916 Foxtrot: Same as last round
2024-10-15 04:54:24.790240 Kilo: Uniform, sending you 4
2024-10-15 04:54:24.791780 Echo: Tango, sending you 1
2024-10-15 04:54:24.793324 Juliett: Same as last round
2024-10-15 04:54:24.793556 Golf: Uniform and Oscar, sending you 3
2024-10-15 04:54:24.794923 Uniform: Charlie and Tango, sending you 2
2024-10-15 04:54:24.797018 Yankee: Charlie, Uniform and Tango, sending you 3
2024-10-15 04:54:24.798745 Tango: Charlie, Uniform, Oscar and Kilo, sending you 2
2024-10-15 04:54:24.800789 Golf: Tango, sending you 4
2024-10-15 04:54:24.802040 Uniform: Echo, Golf, Kilo and Yankee, sending you 3
2024-10-15 04:54:24.803790 Yankee: Echo, Golf, Oscar and Kilo, sending you 2
2024-10-15 04:54:24.805690 Tango: Echo, sending you 1
2024-10-15 04:54:24.808660 Uniform: Oscar, sending you 1
2024-10-15 04:54:24.811387 Tango: Golf and Yankee, sending you 3
chatterbot Tango submitting transactions
chatterbot Echo submitting transactions
chatterbot Kilo submitting transactions
chatterbot Uniform submitting transactions
chatterbot Juliett submitting transactions
chatterbot Charlie submitting transactions
chatterbot Yankee submitting transactions
chatterbot Foxtrot submitting transactions
chatterbot Oscar submitting transactions
chatterbot Golf submitting transactions
ChatterBot Charlie round 9
ChatterBot Echo round 9
ChatterBot Golf round 9
ChatterBot Uniform round 9
ChatterBot Oscar round 9
ChatterBot Kilo round 9
ChatterBot Juliett round 9
ChatterBot Yankee round 9
ChatterBot Foxtrot round 9
ChatterBot Tango round 9
2024-10-15 04:54:25.834689 Uniform: Charlie and Tango, sending you 2
2024-10-15 04:54:25.836878 Yankee: Charlie, Uniform and Tango, sending you 3
2024-10-15 04:54:25.839713 Uniform: Echo, Golf, Kilo and Yankee, sending you 3
2024-10-15 04:54:25.840907 Kilo: Charlie, Golf, Oscar, Yankee and Tango, sending you 2
2024-10-15 04:54:25.843093 Yankee: Echo, Golf, Oscar and Kilo, sending you 2
2024-10-15 04:54:25.844078 Juliett: Same as last round
2024-10-15 04:54:25.844323 Charlie: Echo, Kilo and Yankee, sending you 3
2024-10-15 04:54:25.845200 Golf: Charlie, Echo, Kilo and Yankee, sending you 2
2024-10-15 04:54:25.846737 Foxtrot: Same as last round
2024-10-15 04:54:25.846966 Tango: Charlie, Uniform, Oscar and Kilo, sending you 2
2024-10-15 04:54:25.847858 Oscar: Charlie, Uniform, Yankee and Tango, sending you 2
2024-10-15 04:54:25.849522 Uniform: Oscar, sending you 1
2024-10-15 04:54:25.850459 Kilo: Echo, sending you 3
2024-10-15 04:54:25.851544 Echo: Charlie, Uniform, Oscar and Kilo, sending you 3
2024-10-15 04:54:25.853172 Charlie: Golf, Uniform, Oscar and Tango, sending you 2
2024-10-15 04:54:25.854185 Golf: Uniform and Oscar, sending you 3
2024-10-15 04:54:25.855666 Tango: Echo, sending you 1
2024-10-15 04:54:25.857108 Oscar: Echo, Golf and Kilo, sending you 3
2024-10-15 04:54:25.858602 Kilo: Uniform, sending you 4
2024-10-15 04:54:25.859954 Echo: Golf and Yankee, sending you 2
2024-10-15 04:54:25.861870 Golf: Tango, sending you 4
2024-10-15 04:54:25.863655 Tango: Golf and Yankee, sending you 3
2024-10-15 04:54:25.866669 Echo: Tango, sending you 1
chatterbot Kilo submitting transactions
chatterbot Echo submitting transactions
chatterbot Foxtrot submitting transactions
chatterbot Golf submitting transactions
chatterbot Oscar submitting transactions
chatterbot Charlie submitting transactions
chatterbot Tango submitting transactions
chatterbot Uniform submitting transactions
chatterbot Yankee submitting transactions
chatterbot Juliett submitting transactions
ChatterBot Charlie round 10
ChatterBot Echo round 10
ChatterBot Golf round 10
ChatterBot Uniform round 10
ChatterBot Oscar round 10
ChatterBot Kilo round 10
ChatterBot Juliett round 10
ChatterBot Yankee round 10
ChatterBot Foxtrot round 10
ChatterBot Tango round 10
2024-10-15 04:54:26.912708 Charlie: Echo, Kilo and Yankee, sending you 3
2024-10-15 04:54:26.913972 Echo: Charlie, Uniform, Oscar and Kilo, sending you 3
2024-10-15 04:54:26.914981 Kilo: Charlie, Golf, Oscar, Yankee and Tango, sending you 2
2024-10-15 04:54:26.915964 Uniform: Charlie and Tango, sending you 2
2024-10-15 04:54:26.917961 Golf: Charlie, Echo, Kilo and Yankee, sending you 2
2024-10-15 04:54:26.918956 Charlie: Golf, Uniform, Oscar and Tango, sending you 2
2024-10-15 04:54:26.919744 Echo: Golf and Yankee, sending you 2
2024-10-15 04:54:26.920588 Kilo: Echo, sending you 3
2024-10-15 04:54:26.922130 Oscar: Charlie, Uniform, Yankee and Tango, sending you 2
2024-10-15 04:54:26.923072 Uniform: Echo, Golf, Kilo and Yankee, sending you 3
2024-10-15 04:54:26.923883 Juliett: Same as last round
2024-10-15 04:54:26.924078 Foxtrot: Same as last round
2024-10-15 04:54:26.924268 Golf: Uniform, sending you 4
2024-10-15 04:54:26.925134 Echo: Tango, sending you 1
2024-10-15 04:54:26.926668 Kilo: Uniform, sending you 4
2024-10-15 04:54:26.928182 Oscar: Echo, Golf and Kilo, sending you 3
2024-10-15 04:54:26.929977 Uniform: Oscar, sending you 1
2024-10-15 04:54:26.931356 Golf: Oscar and Tango, sending you 3
2024-10-15 04:54:26.932678 Yankee: Charlie, Uniform and Tango, sending you 3
2024-10-15 04:54:26.937692 Yankee: Echo, Golf, Oscar and Kilo, sending you 2
2024-10-15 04:54:26.939663 Tango: Charlie, Uniform, Oscar and Kilo, sending you 2
2024-10-15 04:54:26.943692 Tango: Echo, sending you 1
2024-10-15 04:54:26.949687 Tango: Golf and Yankee, sending you 3
chatterbot Juliett submitting transactions
chatterbot Uniform submitting transactions
chatterbot Oscar submitting transactions
chatterbot Tango submitting transactions
chatterbot Charlie submitting transactions
chatterbot Kilo submitting transactions
chatterbot Foxtrot submitting transactions
chatterbot Echo submitting transactions
chatterbot Yankee submitting transactions
chatterbot Golf submitting transactions
ChatterBot Charlie round 11
ChatterBot Echo round 11
ChatterBot Golf round 11
ChatterBot Uniform round 11
ChatterBot Oscar round 11
ChatterBot Kilo round 11
ChatterBot Juliett round 11
ChatterBot Yankee round 11
ChatterBot Foxtrot round 11
ChatterBot Tango round 11
2024-10-15 04:54:28.081679 Golf: Charlie, Echo, Kilo and Yankee, sending you 2
2024-10-15 04:54:28.083764 Charlie: Echo, Kilo and Yankee, sending you 3
2024-10-15 04:54:28.085878 Uniform: Charlie and Tango, sending you 2
2024-10-15 04:54:28.087682 Golf: Uniform, sending you 4
2024-10-15 04:54:28.090698 Charlie: Golf, Uniform, Oscar and Tango, sending you 2
2024-10-15 04:54:28.092205 Uniform: Echo, Golf, Kilo and Yankee, sending you 3
2024-10-15 04:54:28.094089 Echo: Charlie, Uniform, Oscar and Kilo, sending you 3
2024-10-15 04:54:28.095508 Oscar: Charlie, Uniform, Yankee and Tango, sending you 2
2024-10-15 04:54:28.096964 Golf: Oscar and Tango, sending you 3
2024-10-15 04:54:28.098450 Uniform: Oscar, sending you 1
2024-10-15 04:54:28.100334 Echo: Golf and Yankee, sending you 2
2024-10-15 04:54:28.101777 Oscar: Echo, Golf and Kilo, sending you 3
2024-10-15 04:54:28.102932 Juliett: Same as last round
2024-10-15 04:54:28.103234 Foxtrot: Same as last round
2024-10-15 04:54:28.103513 Yankee: Charlie, Uniform and Tango, sending you 3
2024-10-15 04:54:28.105295 Kilo: Charlie, Golf, Oscar, Yankee and Tango, sending you 2
2024-10-15 04:54:28.107494 Echo: Tango, sending you 1
2024-10-15 04:54:28.108985 Yankee: Echo, Golf, Oscar and Kilo, sending you 2
2024-10-15 04:54:28.110430 Tango: Charlie, Uniform, Oscar and Kilo, sending you 2
2024-10-15 04:54:28.111941 Kilo: Echo, sending you 3
2024-10-15 04:54:28.114673 Tango: Echo, sending you 1
2024-10-15 04:54:28.117319 Kilo: Uniform, sending you 4
2024-10-15 04:54:28.118997 Tango: Golf and Yankee, sending you 3
chatterbot Charlie submitting transactions
chatterbot Oscar submitting transactions
chatterbot Tango submitting transactions
chatterbot Yankee submitting transactions
chatterbot Uniform submitting transactions
chatterbot Kilo submitting transactions
chatterbot Foxtrot submitting transactions
chatterbot Echo submitting transactions
chatterbot Juliett submitting transactions
chatterbot Golf submitting transactions
ChatterBot Charlie round 12
ChatterBot Echo round 12
ChatterBot Golf round 12
ChatterBot Uniform round 12
ChatterBot Oscar round 12
ChatterBot Kilo round 12
ChatterBot Juliett round 12
ChatterBot Yankee round 12
ChatterBot Foxtrot round 12
ChatterBot Tango round 12
2024-10-15 04:54:29.271710 Golf: Charlie, Echo, Kilo and Yankee, sending you 2
2024-10-15 04:54:29.279821 Charlie: Echo, Kilo and Yankee, sending you 3
2024-10-15 04:54:29.283596 Kilo: Charlie, Golf, Oscar, Yankee and Tango, sending you 2
