ChatterBot Golf round 1
ChatterBot Alpha round 1
ChatterBot Foxtrot round 1
ChatterBot Sierra round 1
ChatterBot Tango round 1
ChatterBot X-ray round 1
ChatterBot Whiskey round 1
ChatterBot Bravo round 1
ChatterBot Kilo round 1
ChatterBot Hotel round 1
randomSelections Tango: {Tango, Golf, Foxtrot, Bravo, Kilo, Alpha} 
2024-10-15 04:54:14.019817 Tango: We would work well together
ChatterBot Golf reevaluating
ChatterBot Foxtrot reevaluating
ChatterBot Bravo reevaluating
ChatterBot Kilo reevaluating
ChatterBot Alpha reevaluating
2024-10-15 04:54:14.057312 Golf: Yes
2024-10-15 04:54:14.057574 Foxtrot: Yes
2024-10-15 04:54:14.057848 Bravo: Yes
2024-10-15 04:54:14.058079 Kilo: Yes
2024-10-15 04:54:14.058301 Alpha: Yes
ChatterBot Foxtrot reevaluating
ChatterBot Bravo reevaluating
ChatterBot Kilo reevaluating
ChatterBot Alpha reevaluating
ChatterBot Golf reevaluating
ChatterBot Bravo reevaluating
ChatterBot Kilo reevaluating
ChatterBot Alpha reevaluating
ChatterBot Golf reevaluating
ChatterBot Foxtrot reevaluating
ChatterBot Kilo reevaluating
ChatterBot Alpha reevaluating
ChatterBot Golf reevaluating
ChatterBot Foxtrot reevaluating
ChatterBot Bravo reevaluating
ChatterBot Alpha reevaluating
ChatterBot Golf reevaluating
ChatterBot Foxtrot reevaluating
ChatterBot Bravo reevaluating
ChatterBot Kilo reevaluating
randomSelections Sierra: {Sierra, Bravo, Hotel, Golf, Kilo, X-ray} 
2024-10-15 04:54:14.138916 Sierra: We would work well together
ChatterBot Bravo reevaluating
ChatterBot Hotel reevaluating
ChatterBot Golf reevaluating
ChatterBot Kilo reevaluating
ChatterBot X-ray reevaluating
2024-10-15 04:54:14.148579 Bravo: No
2024-10-15 04:54:14.149216 Hotel: Yes
2024-10-15 04:54:14.149325 Golf: No
2024-10-15 04:54:14.149428 Kilo: No
2024-10-15 04:54:14.149539 X-ray: Yes
ChatterBot Hotel reevaluating
ChatterBot Golf reevaluating
ChatterBot Kilo reevaluating
ChatterBot X-ray reevaluating
ChatterBot Bravo reevaluating
ChatterBot Golf reevaluating
ChatterBot Kilo reevaluating
ChatterBot X-ray reevaluating
ChatterBot Bravo reevaluating
ChatterBot Hotel reevaluating
ChatterBot Kilo reevaluating
ChatterBot X-ray reevaluating
ChatterBot Bravo reevaluating
ChatterBot Hotel reevaluating
ChatterBot Golf reevaluating
ChatterBot X-ray reevaluating
ChatterBot Bravo reevaluating
ChatterBot Hotel reevaluating
ChatterBot Golf reevaluating
ChatterBot Kilo reevaluating
randomSelections Whiskey: {Whiskey} 
2024-10-15 04:54:14.310309 Bravo: Golf, sending you 6
2024-10-15 04:54:14.310900 X-ray: Golf, sending you 1
2024-10-15 04:54:14.311336 Hotel: Golf, sending you 2
2024-10-15 04:54:14.313566 Foxtrot: Golf and Tango, sending you 3
2024-10-15 04:54:14.314126 Sierra: Golf and Hotel, sending you 2
2024-10-15 04:54:14.314519 Alpha: Golf, sending you 3
2024-10-15 04:54:14.314930 Golf: Alpha, sending you 4
2024-10-15 04:54:14.317571 Tango: Golf, sending you 4
2024-10-15 04:54:14.321772 Bravo: Alpha, sending you 2
2024-10-15 04:54:14.323026 X-ray: Sierra and Hotel, sending you 4
2024-10-15 04:54:14.323459 Hotel: Sierra, sending you 6
2024-10-15 04:54:14.323844 Sierra: X-ray, sending you 3
2024-10-15 04:54:14.324243 Foxtrot: Alpha, sending you 6
2024-10-15 04:54:14.326785 Alpha: Foxtrot, sending you 7
2024-10-15 04:54:14.327273 Golf: Foxtrot, sending you 5
2024-10-15 04:54:14.327797 Kilo: Golf and Alpha, sending you 2
2024-10-15 04:54:14.328145 Tango: Alpha and Foxtrot, sending you 6
2024-10-15 04:54:14.341137 Bravo: Foxtrot, sending you 3
2024-10-15 04:54:14.341969 X-ray: Bravo, sending you 5
2024-10-15 04:54:14.343857 Sierra: Bravo, sending you 4
2024-10-15 04:54:14.344982 Hotel: X-ray, sending you 3
2024-10-15 04:54:14.346669 Foxtrot: Bravo and Kilo, sending you 4
2024-10-15 04:54:14.347474 Alpha: Tango, sending you 2
2024-10-15 04:54:14.349435 Golf: Tango, sending you 6
2024-10-15 04:54:14.351288 Kilo: Foxtrot, sending you 7
2024-10-15 04:54:14.353567 Tango: Bravo, sending you 1
2024-10-15 04:54:14.354348 Bravo: Tango, sending you 1
2024-10-15 04:54:14.356464 X-ray: Kilo, sending you 3
2024-10-15 04:54:14.358049 Sierra: Kilo, sending you 6
2024-10-15 04:54:14.358723 Hotel: Bravo, sending you 5
2024-10-15 04:54:14.360345 Alpha: Bravo, sending you 1
2024-10-15 04:54:14.362341 Golf: Kilo, sending you 1
2024-10-15 04:54:14.363055 Kilo: Tango and Bravo, sending you 4
2024-10-15 04:54:14.364784 Tango: Kilo, sending you 2
2024-10-15 04:54:14.366386 Bravo: Kilo, sending you 4
2024-10-15 04:54:14.367891 Hotel: Kilo, sending you 1
2024-10-15 04:54:14.368650 Alpha: Kilo, sending you 4
chatterbot Tango submitting transactions
chatterbot Hotel submitting transactions
chatterbot Bravo submitting transactions
chatterbot Whiskey submitting transactions
chatterbot Kilo submitting transactions
chatterbot Foxtrot submitting transactions
chatterbot Alpha submitting transactions
chatterbot X-ray submitting transactions
chatterbot Sierra submitting transactions
chatterbot Golf submitting transactions
ChatterBot Golf round 2
ChatterBot Alpha round 2
ChatterBot Foxtrot round 2
2024-10-15 04:54:15.354490 Alpha: We should add Whiskey
ChatterBot Tango reevaluating
ChatterBot Golf reevaluating
ChatterBot Foxtrot reevaluating
ChatterBot Bravo reevaluating
ChatterBot Kilo reevaluating
2024-10-15 04:54:15.426168 Tango: No
2024-10-15 04:54:15.426319 Golf: No
2024-10-15 04:54:15.426451 Foxtrot: No
2024-10-15 04:54:15.426565 Bravo: No
2024-10-15 04:54:15.426681 Kilo: No
ChatterBot Golf reevaluating
ChatterBot Foxtrot reevaluating
ChatterBot Bravo reevaluating
ChatterBot Kilo reevaluating
ChatterBot Tango reevaluating
ChatterBot Foxtrot reevaluating
ChatterBot Bravo reevaluating
ChatterBot Kilo reevaluating
ChatterBot Alpha reevaluating
ChatterBot Tango reevaluating
ChatterBot Golf reevaluating
ChatterBot Bravo reevaluating
ChatterBot Kilo reevaluating
ChatterBot Alpha reevaluating
ChatterBot Tango reevaluating
ChatterBot Golf reevaluating
ChatterBot Foxtrot reevaluating
ChatterBot Kilo reevaluating
ChatterBot Alpha reevaluating
ChatterBot Tango reevaluating
ChatterBot Golf reevaluating
ChatterBot Foxtrot reevaluating
ChatterBot Bravo reevaluating
ChatterBot Alpha reevaluating
ChatterBot Sierra round 2
ChatterBot Tango round 2
ChatterBot X-ray round 2
ChatterBot Whiskey round 2
ChatterBot Bravo round 2
ChatterBot Kilo round 2
ChatterBot Hotel round 2
2024-10-15 04:54:15.640655 Sierra: We would work well together
ChatterBot X-ray reevaluating
ChatterBot Hotel reevaluating
ChatterBot Whiskey reevaluating
2024-10-15 04:54:15.661291 X-ray: Yes
2024-10-15 04:54:15.661446 Hotel: Yes
2024-10-15 04:54:15.661595 Whiskey: Yes
ChatterBot Hotel reevaluating
ChatterBot Whiskey reevaluating
ChatterBot X-ray reevaluating
ChatterBot Whiskey reevaluating
ChatterBot X-ray reevaluating
ChatterBot Hotel reevaluating
2024-10-15 04:54:15.761212 Bravo: We should group up
ChatterBot Alpha reevaluating
ChatterBot Tango reevaluating
ChatterBot Kilo reevaluating
ChatterBot X-ray reevaluating
ChatterBot Hotel reevaluating
2024-10-15 04:54:15.816062 Golf: Yes
2024-10-15 04:54:15.816267 Alpha: No
2024-10-15 04:54:15.816387 Foxtrot: No
2024-10-15 04:54:15.816502 Tango: No
2024-10-15 04:54:15.816622 Kilo: Yes
2024-10-15 04:54:15.816748 Sierra: No
2024-10-15 04:54:15.817335 X-ray: No
2024-10-15 04:54:15.817438 Hotel: No
ChatterBot Alpha reevaluating
ChatterBot Tango reevaluating
ChatterBot Kilo reevaluating
ChatterBot X-ray reevaluating
ChatterBot Hotel reevaluating
ChatterBot Tango reevaluating
ChatterBot Kilo reevaluating
ChatterBot X-ray reevaluating
ChatterBot Hotel reevaluating
ChatterBot Alpha reevaluating
ChatterBot Tango reevaluating
ChatterBot Kilo reevaluating
ChatterBot X-ray reevaluating
ChatterBot Hotel reevaluating
ChatterBot Alpha reevaluating
ChatterBot Kilo reevaluating
ChatterBot X-ray reevaluating
ChatterBot Hotel reevaluating
ChatterBot Alpha reevaluating
ChatterBot Tango reevaluating
ChatterBot X-ray reevaluating
ChatterBot Hotel reevaluating
ChatterBot Alpha reevaluating
ChatterBot Tango reevaluating
ChatterBot Kilo reevaluating
ChatterBot X-ray reevaluating
ChatterBot Hotel reevaluating
ChatterBot Alpha reevaluating
ChatterBot Tango reevaluating
ChatterBot Kilo reevaluating
ChatterBot Hotel reevaluating
ChatterBot Alpha reevaluating
ChatterBot Tango reevaluating
ChatterBot Kilo reevaluating
ChatterBot X-ray reevaluating
2024-10-15 04:54:16.120145 Foxtrot: Golf and Tango, sending you 4
2024-10-15 04:54:16.307326 Golf: Alpha, Foxtrot, Sierra, Kilo and Hotel, sending you 2
2024-10-15 04:54:16.308366 Foxtrot: Alpha and Kilo, sending you 5
2024-10-15 04:54:16.648502 Whiskey: Sierra and X-ray, sending you 6
2024-10-15 04:54:16.649262 Golf: Tango and Bravo, sending you 3
2024-10-15 04:54:16.649629 Hotel: Golf, Alpha, Foxtrot, Tango and Bravo, sending you 2
2024-10-15 04:54:16.649940 Foxtrot: Bravo, sending you 2
2024-10-15 04:54:16.650824 Alpha: Golf, sending you 3
2024-10-15 04:54:16.651274 X-ray: Sierra and Hotel, sending you 6
2024-10-15 04:54:16.651508 Bravo: Golf, Alpha and Tango, sending you 1
2024-10-15 04:54:16.651775 Sierra: X-ray, sending you 6
chatterbot Golf submitting transactions
chatterbot Foxtrot submitting transactions
2024-10-15 04:54:16.652719 Whiskey: Hotel, sending you 5
2024-10-15 04:54:17.193972 Golf: X-ray, sending you 1
2024-10-15 04:54:17.195642 Hotel: Sierra and X-ray, sending you 3
2024-10-15 04:54:17.197045 Alpha: Foxtrot and Tango, sending you 4
2024-10-15 04:54:17.198418 Kilo: Golf and Hotel, sending you 1
2024-10-15 04:54:17.199886 X-ray: Whiskey, sending you 5
2024-10-15 04:54:17.200826 Bravo: Foxtrot, Sierra and Kilo, sending you 2
2024-10-15 04:54:17.202149 Sierra: Whiskey, sending you 2
2024-10-15 04:54:17.202713 Tango: Golf, sending you 6
chatterbot Sierra submitting transactions
chatterbot X-ray submitting transactions
chatterbot Bravo submitting transactions
chatterbot Kilo submitting transactions
chatterbot Whiskey submitting transactions
2024-10-15 04:54:17.205357 Alpha: Sierra and X-ray, sending you 1
2024-10-15 04:54:17.206621 Hotel: Kilo, sending you 1
2024-10-15 04:54:17.207169 Kilo: Alpha, Foxtrot and Bravo, sending you 3
2024-10-15 04:54:17.208216 Bravo: X-ray, sending you 4
2024-10-15 04:54:17.208795 Sierra: Hotel, sending you 9
2024-10-15 04:54:17.209897 Tango: Alpha, sending you 3
2024-10-15 04:54:17.532409 Alpha: Bravo and Kilo, sending you 2
2024-10-15 04:54:17.532999 Kilo: Sierra, sending you 4
2024-10-15 04:54:17.534098 Tango: Foxtrot and Kilo, sending you 4
2024-10-15 04:54:17.534546 Bravo: Hotel, sending you 3
chatterbot Tango submitting transactions
2024-10-15 04:54:17.678502 Kilo: Tango and X-ray, sending you 2
2024-10-15 04:54:17.679955 Tango: Bravo, sending you 2
chatterbot Alpha submitting transactions
chatterbot Hotel submitting transactions
2024-10-15 04:54:17.705533 Kilo: Alpha did not give me 4 like they said
ChatterBot Golf reevaluating
ChatterBot Alpha reevaluating
ChatterBot Foxtrot reevaluating
ChatterBot Tango reevaluating
ChatterBot Bravo reevaluating
ChatterBot Sierra reevaluating
ChatterBot X-ray reevaluating
ChatterBot Hotel reevaluating
2024-10-15 04:54:17.769985 Kilo: Sierra did not give me 6 like they said
ChatterBot Golf reevaluating
ChatterBot Alpha reevaluating
ChatterBot Foxtrot reevaluating
ChatterBot Tango reevaluating
ChatterBot Bravo reevaluating
ChatterBot Sierra reevaluating
ChatterBot X-ray reevaluating
ChatterBot Hotel reevaluating
2024-10-15 04:54:17.833065 Kilo: X-ray did not give me 3 like they said
ChatterBot Golf reevaluating
ChatterBot Alpha reevaluating
ChatterBot Foxtrot reevaluating
ChatterBot Tango reevaluating
ChatterBot Bravo reevaluating
ChatterBot Sierra reevaluating
ChatterBot X-ray reevaluating
ChatterBot Hotel reevaluating
2024-10-15 04:54:17.899034 Kilo: Bravo did not give me 4 like they said
ChatterBot Golf reevaluating
ChatterBot Alpha reevaluating
ChatterBot Foxtrot reevaluating
ChatterBot Tango reevaluating
ChatterBot Bravo reevaluating
ChatterBot Sierra reevaluating
ChatterBot X-ray reevaluating
ChatterBot Hotel reevaluating
ChatterBot Golf round 3
ChatterBot Alpha round 3
ChatterBot Foxtrot round 3
ChatterBot Sierra round 3
ChatterBot Tango round 3
ChatterBot X-ray round 3
ChatterBot Whiskey round 3
ChatterBot Bravo round 3
ChatterBot Kilo round 3
ChatterBot Hotel round 3
2024-10-15 04:54:17.963718 Sierra: We should add Bravo
ChatterBot X-ray reevaluating
ChatterBot Hotel reevaluating
ChatterBot Whiskey reevaluating
2024-10-15 04:54:17.974606 X-ray: Yes
2024-10-15 04:54:17.974750 Hotel: Yes
2024-10-15 04:54:17.974881 Whiskey: No
ChatterBot Sierra reevaluating
ChatterBot Hotel reevaluating
ChatterBot Whiskey reevaluating
ChatterBot Sierra reevaluating
ChatterBot X-ray reevaluating
ChatterBot Whiskey reevaluating
ChatterBot Sierra reevaluating
ChatterBot X-ray reevaluating
ChatterBot Hotel reevaluating
2024-10-15 04:54:18.038126 Alpha: We should drop Sierra and X-ray
ChatterBot Golf reevaluating
ChatterBot Tango reevaluating
ChatterBot Bravo reevaluating
ChatterBot Hotel reevaluating
2024-10-15 04:54:18.070680 Golf: Yes
2024-10-15 04:54:18.071482 Foxtrot: Yes
2024-10-15 04:54:18.071675 Tango: Yes
2024-10-15 04:54:18.071852 Bravo: Yes
2024-10-15 04:54:18.072039 Kilo: Yes
2024-10-15 04:54:18.072219 Hotel: No
ChatterBot Tango reevaluating
ChatterBot Bravo reevaluating
ChatterBot Hotel reevaluating
ChatterBot Golf reevaluating
ChatterBot Tango reevaluating
ChatterBot Bravo reevaluating
ChatterBot Hotel reevaluating
ChatterBot Alpha reevaluating
ChatterBot Golf reevaluating
ChatterBot Bravo reevaluating
ChatterBot Hotel reevaluating
ChatterBot Alpha reevaluating
ChatterBot Golf reevaluating
ChatterBot Tango reevaluating
ChatterBot Hotel reevaluating
ChatterBot Alpha reevaluating
ChatterBot Golf reevaluating
ChatterBot Tango reevaluating
ChatterBot Bravo reevaluating
ChatterBot Hotel reevaluating
ChatterBot Alpha reevaluating
ChatterBot Golf reevaluating
ChatterBot Tango reevaluating
ChatterBot Bravo reevaluating
2024-10-15 04:54:18.384940 X-ray: Bravo we want you to join our group
2024-10-15 04:54:18.387882 Bravo: No
ChatterBot X-ray reevaluating
2024-10-15 04:54:18.400790 Sierra: Bravo we want you to join our group
2024-10-15 04:54:18.404225 Bravo: No
ChatterBot X-ray reevaluating
2024-10-15 04:54:18.416402 Kilo: Golf, sending you 2
2024-10-15 04:54:18.438437 Kilo: Alpha, Tango and Bravo, sending you 4
2024-10-15 04:54:18.439864 Hotel: Sierra and X-ray, sending you 6
2024-10-15 04:54:18.440505 Bravo: Golf and Alpha, sending you 3
2024-10-15 04:54:18.441660 Tango: Golf, sending you 5
2024-10-15 04:54:18.442323 Foxtrot: Golf, Tango and Kilo, sending you 4
2024-10-15 04:54:18.443396 Whiskey: Sierra, sending you 5
2024-10-15 04:54:18.444007 Kilo: Foxtrot, sending you 5
2024-10-15 04:54:18.445098 Hotel: Whiskey, sending you 5
2024-10-15 04:54:18.445508 Bravo: Foxtrot and Kilo, sending you 4
2024-10-15 04:54:18.453514 Foxtrot: Alpha, sending you 5
2024-10-15 04:54:18.454093 Tango: Alpha, Foxtrot and Kilo, sending you 4
2024-10-15 04:54:18.455182 Whiskey: X-ray, sending you 10
2024-10-15 04:54:18.455707 Alpha: Golf, Tango and Kilo, sending you 3
2024-10-15 04:54:18.456916 Sierra: X-ray and Hotel, sending you 5
2024-10-15 04:54:18.457276 Golf: Alpha, Foxtrot and Bravo, sending you 3
2024-10-15 04:54:18.458262 Bravo: Tango, sending you 2
2024-10-15 04:54:18.458952 Foxtrot: Bravo, sending you 3
2024-10-15 04:54:18.460071 Tango: Bravo, sending you 2
2024-10-15 04:54:18.460770 Whiskey: Hotel, sending you 2
2024-10-15 04:54:18.461735 Sierra: Whiskey, sending you 4
2024-10-15 04:54:18.462125 Alpha: Foxtrot, sending you 4
2024-10-15 04:54:18.469556 Golf: Tango, sending you 4
2024-10-15 04:54:18.470798 Alpha: Bravo and Hotel, sending you 2
2024-10-15 04:54:18.472081 Sierra: Bravo, sending you 3
2024-10-15 04:54:18.478470 Golf: Kilo and Hotel, sending you 2
2024-10-15 04:54:18.485402 X-ray: Sierra, sending you 5
2024-10-15 04:54:18.496308 X-ray: Whiskey, Bravo and Hotel, sending you 4
chatterbot Hotel submitting transactions
chatterbot Kilo submitting transactions
chatterbot Whiskey submitting transactions
chatterbot Alpha submitting transactions
chatterbot Golf submitting transactions
chatterbot Sierra submitting transactions
chatterbot Foxtrot submitting transactions
chatterbot Bravo submitting transactions
chatterbot Tango submitting transactions
chatterbot X-ray submitting transactions
ChatterBot Golf round 4
ChatterBot Alpha round 4
ChatterBot Foxtrot round 4
ChatterBot Sierra round 4
ChatterBot Tango round 4
ChatterBot X-ray round 4
ChatterBot Whiskey round 4
ChatterBot Bravo round 4
ChatterBot Kilo round 4
ChatterBot Hotel round 4
2024-10-15 04:54:19.631249 Alpha: We should drop Hotel
2024-10-15 04:54:19.646695 Tango: Yes
2024-10-15 04:54:19.646888 Golf: Yes
2024-10-15 04:54:19.647077 Foxtrot: Yes
2024-10-15 04:54:19.647354 Bravo: Yes
2024-10-15 04:54:19.648282 Kilo: Yes
2024-10-15 04:54:19.765640 Sierra: We should drop Bravo
2024-10-15 04:54:19.780101 X-ray: No
2024-10-15 04:54:19.780816 Hotel: Yes
2024-10-15 04:54:19.781256 Whiskey: Yes
2024-10-15 04:54:19.850464 Foxtrot: Golf, Alpha and Tango, sending you 4
2024-10-15 04:54:19.851732 X-ray: Sierra, Bravo and Hotel, sending you 4
2024-10-15 04:54:19.867858 X-ray: Whiskey, sending you 5
2024-10-15 04:54:19.869396 Sierra: X-ray and Hotel, sending you 6
2024-10-15 04:54:19.869991 Kilo: Golf, sending you 2
2024-10-15 04:54:19.871351 Bravo: Golf and Alpha, sending you 3
2024-10-15 04:54:19.872782 Foxtrot: Bravo, sending you 3
2024-10-15 04:54:19.873647 Whiskey: Sierra and Hotel, sending you 5
2024-10-15 04:54:19.874868 Alpha: Golf, Bravo and Kilo, sending you 3
2024-10-15 04:54:19.875645 Golf: Alpha, Bravo and Kilo, sending you 3
2024-10-15 04:54:19.876820 Hotel: Sierra and X-ray, sending you 6
2024-10-15 04:54:19.877380 Tango: Golf, Alpha, Foxtrot and Kilo, sending you 4
2024-10-15 04:54:19.878828 Sierra: Whiskey, sending you 5
2024-10-15 04:54:19.879649 Kilo: Alpha, Tango and Bravo, sending you 4
2024-10-15 04:54:19.881351 Bravo: Foxtrot and Kilo, sending you 4
2024-10-15 04:54:19.882800 Foxtrot: Kilo, sending you 5
2024-10-15 04:54:19.884146 Whiskey: X-ray, sending you 7
2024-10-15 04:54:19.884773 Alpha: Foxtrot and Tango, sending you 4
2024-10-15 04:54:19.886550 Golf: Foxtrot and Tango, sending you 4
2024-10-15 04:54:19.887408 Hotel: Whiskey, sending you 5
2024-10-15 04:54:19.888868 Tango: Bravo, sending you 3
2024-10-15 04:54:19.889528 Kilo: Foxtrot, sending you 5
2024-10-15 04:54:19.890998 Bravo: Tango, sending you 2
chatterbot Whiskey submitting transactions
chatterbot Alpha submitting transactions
chatterbot Kilo submitting transactions
chatterbot X-ray submitting transactions
chatterbot Bravo submitting transactions
chatterbot Sierra submitting transactions
chatterbot Tango submitting transactions
chatterbot Foxtrot submitting transactions
chatterbot Golf submitting transactions
chatterbot Hotel submitting transactions
ChatterBot Golf round 5
ChatterBot Alpha round 5
ChatterBot Foxtrot round 5
ChatterBot Sierra round 5
ChatterBot Tango round 5
ChatterBot X-ray round 5
ChatterBot Whiskey round 5
ChatterBot Bravo round 5
ChatterBot Kilo round 5
ChatterBot Hotel round 5
2024-10-15 04:54:21.181705 Sierra: X-ray and Hotel, sending you 6
2024-10-15 04:54:21.183367 Alpha: Golf, Bravo and Kilo, sending you 3
2024-10-15 04:54:21.185234 Whiskey: Sierra and X-ray, sending you 6
2024-10-15 04:54:21.187291 Bravo: Golf, Alpha, Foxtrot and Tango, sending you 3
2024-10-15 04:54:21.188327 Kilo: Golf and Alpha, sending you 3
2024-10-15 04:54:21.189701 Sierra: Whiskey, sending you 5
2024-10-15 04:54:21.190341 Alpha: Foxtrot and Tango, sending you 4
2024-10-15 04:54:21.192282 Whiskey: Hotel, sending you 5
2024-10-15 04:54:21.192930 X-ray: Sierra, Bravo and Hotel, sending you 4
2024-10-15 04:54:21.193564 Bravo: Kilo, sending you 4
2024-10-15 04:54:21.195130 Golf: Alpha, Bravo and Kilo, sending you 3
2024-10-15 04:54:21.196101 Kilo: Foxtrot, sending you 5
2024-10-15 04:54:21.197778 Tango: Golf, Alpha, Foxtrot and Kilo, sending you 4
2024-10-15 04:54:21.199845 X-ray: Whiskey, sending you 5
2024-10-15 04:54:21.200672 Foxtrot: Sending you each 4
2024-10-15 04:54:21.202558 Golf: Foxtrot and Tango, sending you 4
2024-10-15 04:54:21.203461 Kilo: Tango and Bravo, sending you 4
2024-10-15 04:54:21.205468 Tango: Bravo, sending you 3
2024-10-15 04:54:21.206414 Hotel: Sierra and X-ray, sending you 6
2024-10-15 04:54:21.209703 Hotel: Whiskey, sending you 5
chatterbot Tango submitting transactions
chatterbot Alpha submitting transactions
chatterbot Whiskey submitting transactions
chatterbot Golf submitting transactions
chatterbot Kilo submitting transactions
chatterbot Hotel submitting transactions
chatterbot Bravo submitting transactions
chatterbot Foxtrot submitting transactions
chatterbot Sierra submitting transactions
chatterbot X-ray submitting transactions
ChatterBot Golf round 6
ChatterBot Alpha round 6
ChatterBot Foxtrot round 6
ChatterBot Sierra round 6
ChatterBot Tango round 6
ChatterBot X-ray round 6
ChatterBot Whiskey round 6
ChatterBot Bravo round 6
ChatterBot Kilo round 6
ChatterBot Hotel round 6
2024-10-15 04:54:22.225672 Alpha: Golf, Bravo and Kilo, sending you 3
2024-10-15 04:54:22.228688 Alpha: Foxtrot and Tango, sending you 4
2024-10-15 04:54:22.230692 X-ray: Sierra, sending you 5
2024-10-15 04:54:22.231681 Whiskey: Sierra and X-ray, sending you 6
2024-10-15 04:54:22.233688 X-ray: Whiskey, Bravo and Hotel, sending you 4
2024-10-15 04:54:22.234700 Tango: Golf, Alpha, Foxtrot and Kilo, sending you 4
2024-10-15 04:54:22.235709 Golf: Alpha, Bravo and Kilo, sending you 3
2024-10-15 04:54:22.236281 Whiskey: Hotel, sending you 5
2024-10-15 04:54:22.236696 Foxtrot: Same as last round
2024-10-15 04:54:22.238699 Golf: Foxtrot and Tango, sending you 4
2024-10-15 04:54:22.239686 Sierra: X-ray and Hotel, sending you 6
2024-10-15 04:54:22.240021 Tango: Bravo, sending you 3
2024-10-15 04:54:22.241671 Bravo: Golf, Alpha, Foxtrot and Tango, sending you 3
2024-10-15 04:54:22.243697 Kilo: Golf and Alpha, sending you 3
2024-10-15 04:54:22.244230 Sierra: Whiskey, sending you 5
2024-10-15 04:54:22.245687 Bravo: Kilo, sending you 4
2024-10-15 04:54:22.247655 Hotel: Sierra and X-ray, sending you 6
2024-10-15 04:54:22.248693 Kilo: Foxtrot, sending you 5
2024-10-15 04:54:22.252236 Hotel: Whiskey, sending you 5
2024-10-15 04:54:22.252607 Kilo: Tango and Bravo, sending you 4
chatterbot Foxtrot submitting transactions
chatterbot Bravo submitting transactions
chatterbot Kilo submitting transactions
chatterbot Sierra submitting transactions
chatterbot X-ray submitting transactions
chatterbot Alpha submitting transactions
chatterbot Tango submitting transactions
chatterbot Hotel submitting transactions
chatterbot Golf submitting transactions
chatterbot Whiskey submitting transactions
ChatterBot Golf round 7
ChatterBot Alpha round 7
ChatterBot Foxtrot round 7
ChatterBot Sierra round 7
ChatterBot Tango round 7
ChatterBot X-ray round 7
ChatterBot Whiskey round 7
ChatterBot Bravo round 7
ChatterBot Kilo round 7
ChatterBot Hotel round 7
2024-10-15 04:54:23.526314 X-ray: We should drop Bravo
2024-10-15 04:54:23.536016 Sierra: Yes
2024-10-15 04:54:23.536231 Hotel: Yes
2024-10-15 04:54:23.536418 Whiskey: Yes
ChatterBot X-ray reevaluating
ChatterBot X-ray reevaluating
ChatterBot X-ray reevaluating
2024-10-15 04:54:23.573674 Foxtrot: Same as last round
2024-10-15 04:54:23.576194 Tango: Golf, Alpha, Foxtrot and Kilo, sending you 4
2024-10-15 04:54:23.578129 Golf: Alpha, Bravo and Kilo, sending you 3
2024-10-15 04:54:23.580684 Tango: Bravo, sending you 3
2024-10-15 04:54:23.581913 Golf: Foxtrot and Tango, sending you 4
2024-10-15 04:54:23.584325 Hotel: Sierra and X-ray, sending you 6
2024-10-15 04:54:23.586221 Sierra: X-ray and Hotel, sending you 6
2024-10-15 04:54:23.587334 Bravo: Golf and Alpha, sending you 3
2024-10-15 04:54:23.590760 Hotel: Whiskey, sending you 5
2024-10-15 04:54:23.591712 Sierra: Whiskey, sending you 5
2024-10-15 04:54:23.593428 Alpha: Golf, Bravo and Kilo, sending you 3
2024-10-15 04:54:23.594687 Bravo: Foxtrot and Kilo, sending you 4
2024-10-15 04:54:23.596662 Kilo: Golf and Alpha, sending you 3
2024-10-15 04:54:23.599401 Whiskey: Sierra and X-ray, sending you 6
2024-10-15 04:54:23.600413 Alpha: Foxtrot and Tango, sending you 4
2024-10-15 04:54:23.602328 Bravo: Tango, sending you 2
2024-10-15 04:54:23.603232 Kilo: Foxtrot, sending you 5
2024-10-15 04:54:23.605046 Whiskey: Hotel, sending you 5
2024-10-15 04:54:23.607664 Kilo: Tango and Bravo, sending you 4
chatterbot Bravo submitting transactions
chatterbot Sierra submitting transactions
chatterbot X-ray submitting transactions
chatterbot Hotel submitting transactions
chatterbot Kilo submitting transactions
chatterbot Foxtrot submitting transactions
chatterbot Golf submitting transactions
chatterbot Tango submitting transactions
chatterbot Alpha submitting transactions
chatterbot Whiskey submitting transactions
ChatterBot Golf round 8
ChatterBot Alpha round 8
ChatterBot Foxtrot round 8
ChatterBot Sierra round 8
ChatterBot Tango round 8
ChatterBot X-ray round 8
ChatterBot Whiskey round 8
ChatterBot Bravo round 8
ChatterBot Kilo round 8
ChatterBot Hotel round 8
2024-10-15 04:54:24.808452 X-ray: We should drop Bravo
2024-10-15 04:54:24.816294 Sierra: Yes
2024-10-15 04:54:24.816490 Hotel: Yes
2024-10-15 04:54:24.816638 Whiskey: Yes
ChatterBot X-ray reevaluating
ChatterBot X-ray reevaluating
ChatterBot X-ray reevaluating
2024-10-15 04:54:24.843658 Alpha: Golf, Bravo and Kilo, sending you 3
2024-10-15 04:54:24.844337 Golf: Alpha, Bravo and Kilo, sending you 3
2024-10-15 04:54:24.845174 Whiskey: Sierra and X-ray, sending you 6
2024-10-15 04:54:24.845582 Foxtrot: Same as last round
2024-10-15 04:54:24.846161 Tango: Golf, Alpha, Foxtrot and Kilo, sending you 4
2024-10-15 04:54:24.847667 Whiskey: Hotel, sending you 5
2024-10-15 04:54:24.849261 Alpha: Foxtrot and Tango, sending you 4
2024-10-15 04:54:24.849888 Golf: Foxtrot and Tango, sending you 4
2024-10-15 04:54:24.850546 Tango: Bravo, sending you 3
2024-10-15 04:54:24.851175 Bravo: Golf and Alpha, sending you 3
2024-10-15 04:54:24.851796 Hotel: Sierra and X-ray, sending you 6
2024-10-15 04:54:24.854669 Bravo: Foxtrot and Kilo, sending you 4
2024-10-15 04:54:24.855789 Hotel: Whiskey, sending you 5
2024-10-15 04:54:24.859668 Bravo: Tango, sending you 2
2024-10-15 04:54:24.860411 Kilo: Golf and Alpha, sending you 3
2024-10-15 04:54:24.861658 Sierra: X-ray and Hotel, sending you 6
2024-10-15 04:54:24.863669 Kilo: Foxtrot, sending you 5
2024-10-15 04:54:24.866657 Sierra: Whiskey, sending you 5
2024-10-15 04:54:24.867692 Kilo: Tango and Bravo, sending you 4
chatterbot Foxtrot submitting transactions
chatterbot Sierra submitting transactions
chatterbot Alpha submitting transactions
chatterbot Hotel submitting transactions
chatterbot Whiskey submitting transactions
chatterbot Kilo submitting transactions
chatterbot X-ray submitting transactions
chatterbot Golf submitting transactions
chatterbot Tango submitting transactions
chatterbot Bravo submitting transactions
ChatterBot Golf round 9
ChatterBot Alpha round 9
ChatterBot Foxtrot round 9
ChatterBot Sierra round 9
ChatterBot Tango round 9
ChatterBot X-ray round 9
ChatterBot Whiskey round 9
ChatterBot Bravo round 9
ChatterBot Kilo round 9
ChatterBot Hotel round 9
2024-10-15 04:54:26.164293 X-ray: We should drop Bravo
2024-10-15 04:54:26.172290 Sierra: Yes
2024-10-15 04:54:26.172911 Hotel: Yes
2024-10-15 04:54:26.173332 Whiskey: Yes
ChatterBot X-ray reevaluating
ChatterBot X-ray reevaluating
ChatterBot X-ray reevaluating
2024-10-15 04:54:26.201679 Alpha: Golf, Bravo and Kilo, sending you 3
2024-10-15 04:54:26.203840 Sierra: X-ray and Hotel, sending you 6
2024-10-15 04:54:26.204730 Foxtrot: Same as last round
2024-10-15 04:54:26.205487 Tango: Golf, Alpha, Foxtrot and Kilo, sending you 4
2024-10-15 04:54:26.207088 Golf: Alpha, Bravo and Kilo, sending you 3
2024-10-15 04:54:26.207864 Alpha: Foxtrot and Tango, sending you 4
2024-10-15 04:54:26.208680 Sierra: Whiskey, sending you 5
2024-10-15 04:54:26.210693 Tango: Bravo, sending you 3
2024-10-15 04:54:26.212151 Golf: Foxtrot and Tango, sending you 4
2024-10-15 04:54:26.212938 Whiskey: Sierra and X-ray, sending you 6
2024-10-15 04:54:26.214657 Bravo: Golf and Alpha, sending you 3
2024-10-15 04:54:26.215959 Kilo: Golf and Alpha, sending you 3
2024-10-15 04:54:26.218202 Hotel: Sierra and X-ray, sending you 6
2024-10-15 04:54:26.219063 Whiskey: Hotel, sending you 5
2024-10-15 04:54:26.220673 Bravo: Foxtrot and Kilo, sending you 4
2024-10-15 04:54:26.222689 Kilo: Foxtrot and Tango, sending you 4
2024-10-15 04:54:26.223859 Hotel: Whiskey, sending you 5
2024-10-15 04:54:26.226845 Bravo: Tango, sending you 2
2024-10-15 04:54:26.228385 Kilo: Bravo, sending you 5
chatterbot Whiskey submitting transactions
chatterbot Hotel submitting transactions
chatterbot Tango submitting transactions
chatterbot Kilo submitting transactions
chatterbot X-ray submitting transactions
chatterbot Golf submitting transactions
chatterbot Bravo submitting transactions
chatterbot Sierra submitting transactions
chatterbot Foxtrot submitting transactions
chatterbot Alpha submitting transactions
ChatterBot Golf round 10
ChatterBot Alpha round 10
ChatterBot Foxtrot round 10
ChatterBot Sierra round 10
ChatterBot Tango round 10
ChatterBot X-ray round 10
ChatterBot Whiskey round 10
ChatterBot Bravo round 10
ChatterBot Kilo round 10
ChatterBot Hotel round 10
2024-10-15 04:54:27.278694 X-ray: We should drop Bravo
2024-10-15 04:54:27.286452 Sierra: Yes
2024-10-15 04:54:27.286676 Hotel: Yes
2024-10-15 04:54:27.286920 Whiskey: Yes
ChatterBot X-ray reevaluating
ChatterBot X-ray reevaluating
ChatterBot X-ray reevaluating
2024-10-15 04:54:27.317662 Foxtrot: Same as last round
2024-10-15 04:54:27.318649 Tango: Golf, Alpha, Foxtrot and Kilo, sending you 4
2024-10-15 04:54:27.319819 Sierra: X-ray and Hotel, sending you 6
2024-10-15 04:54:27.323667 Tango: Bravo, sending you 3
2024-10-15 04:54:27.324743 Sierra: Whiskey, sending you 5
2024-10-15 04:54:27.327665 Alpha: Golf, Bravo and Kilo, sending you 3
2024-10-15 04:54:27.328584 Whiskey: Sierra and X-ray, sending you 6
2024-10-15 04:54:27.330958 Golf: Alpha, Bravo and Kilo, sending you 3
2024-10-15 04:54:27.331928 Bravo: Golf and Alpha, sending you 3
2024-10-15 04:54:27.333149 Alpha: Foxtrot and Tango, sending you 4
2024-10-15 04:54:27.334578 Whiskey: Hotel, sending you 5
2024-10-15 04:54:27.335687 Golf: Foxtrot and Tango, sending you 4
2024-10-15 04:54:27.337924 Bravo: Foxtrot and Kilo, sending you 4
2024-10-15 04:54:27.338860 Hotel: Sierra and X-ray, sending you 6
2024-10-15 04:54:27.339584 Kilo: Golf and Alpha, sending you 3
2024-10-15 04:54:27.342680 Bravo: Tango, sending you 2
2024-10-15 04:54:27.344409 Hotel: Whiskey, sending you 5
2024-10-15 04:54:27.345173 Kilo: Foxtrot and Tango, sending you 4
2024-10-15 04:54:27.348660 Kilo: Bravo, sending you 5
chatterbot Hotel submitting transactions
chatterbot Sierra submitting transactions
chatterbot X-ray submitting transactions
chatterbot Whiskey submitting transactions
chatterbot Golf submitting transactions
chatterbot Foxtrot submitting transactions
chatterbot Tango submitting transactions
chatterbot Bravo submitting transactions
chatterbot Alpha submitting transactions
chatterbot Kilo submitting transactions
ChatterBot Golf round 11
ChatterBot Alpha round 11
ChatterBot Foxtrot round 11
ChatterBot Sierra round 11
ChatterBot Tango round 11
ChatterBot X-ray round 11
ChatterBot Whiskey round 11
ChatterBot Bravo round 11
ChatterBot Kilo round 11
ChatterBot Hotel round 11
2024-10-15 04:54:28.371652 X-ray: We should drop Bravo
2024-10-15 04:54:28.377707 Sierra: Yes
2024-10-15 04:54:28.377882 Hotel: Yes
2024-10-15 04:54:28.378014 Whiskey: Yes
ChatterBot X-ray reevaluating
ChatterBot X-ray reevaluating
ChatterBot X-ray reevaluating
2024-10-15 04:54:28.407685 Tango: Golf, Alpha, Foxtrot and Kilo, sending you 4
2024-10-15 04:54:28.408698 Golf: Alpha, Bravo and Kilo, sending you 3
2024-10-15 04:54:28.409663 Foxtrot: Same as last round
2024-10-15 04:54:28.411780 Tango: Bravo, sending you 3
2024-10-15 04:54:28.412702 Golf: Foxtrot and Tango, sending you 4
2024-10-15 04:54:28.416661 Alpha: Golf, Bravo and Kilo, sending you 3
2024-10-15 04:54:28.419715 Alpha: Foxtrot and Tango, sending you 4
2024-10-15 04:54:28.422676 Whiskey: Sierra and X-ray, sending you 6
2024-10-15 04:54:28.425690 Bravo: Golf and Alpha, sending you 3
2024-10-15 04:54:28.427230 Sierra: X-ray and Hotel, sending you 6
2024-10-15 04:54:28.427748 Whiskey: Hotel, sending you 5
2024-10-15 04:54:28.428201 Kilo: Golf and Alpha, sending you 3
2024-10-15 04:54:28.431695 Bravo: Foxtrot and Kilo, sending you 4
2024-10-15 04:54:28.432657 Sierra: Whiskey, sending you 5
2024-10-15 04:54:28.433138 Hotel: Sierra and X-ray, sending you 6
2024-10-15 04:54:28.433676 Kilo: Foxtrot and Tango, sending you 4
2024-10-15 04:54:28.435011 Bravo: Tango, sending you 2
2024-10-15 04:54:28.437649 Hotel: Whiskey, sending you 5
2024-10-15 04:54:28.438059 Kilo: Bravo, sending you 5
chatterbot Whiskey submitting transactions
chatterbot Golf submitting transactions
chatterbot Sierra submitting transactions
chatterbot Bravo submitting transactions
chatterbot Foxtrot submitting transactions
chatterbot X-ray submitting transactions
chatterbot Alpha submitting transactions
chatterbot Kilo submitting transactions
chatterbot Tango submitting transactions
chatterbot Hotel submitting transactions
ChatterBot Golf round 12
ChatterBot Alpha round 12
ChatterBot Foxtrot round 12
ChatterBot Sierra round 12
ChatterBot Tango round 12
ChatterBot X-ray round 12
ChatterBot Whiskey round 12
ChatterBot Bravo round 12
ChatterBot Kilo round 12
ChatterBot Hotel round 12
2024-10-15 04:54:29.621684 Tango: Golf, Alpha, Foxtrot and Kilo, sending you 4
2024-10-15 04:54:29.625672 Tango: Bravo, sending you 3
2024-10-15 04:54:29.627674 Alpha: Golf, Bravo and Kilo, sending you 3
2024-10-15 04:54:29.631673 Alpha: Foxtrot and Tango, sending you 4
2024-10-15 04:54:29.632656 Whiskey: Sierra and X-ray, sending you 6
2024-10-15 04:54:29.633710 Bravo: Golf and Alpha, sending you 3
2024-10-15 04:54:29.638452 Whiskey: Hotel, sending you 5
2024-10-15 04:54:29.639022 Foxtrot: Same as last round
2024-10-15 04:54:29.639875 Bravo: Foxtrot and Kilo, sending you 4
2024-10-15 04:54:29.640672 Sierra: X-ray and Hotel, sending you 6
2024-10-15 04:54:29.641652 X-ray: Sierra, sending you 5
2024-10-15 04:54:29.642685 Golf: Alpha, Bravo and Kilo, sending you 3
2024-10-15 04:54:29.643374 Bravo: Tango, sending you 2
2024-10-15 04:54:29.645680 Hotel: Sierra and X-ray, sending you 6
2024-10-15 04:54:29.646153 Sierra: Whiskey, sending you 5
2024-10-15 04:54:29.646590 Kilo: Golf and Alpha, sending you 3
2024-10-15 04:54:29.647403 Golf: Foxtrot and Tango, sending you 4
2024-10-15 04:54:29.648162 X-ray: Whiskey, Bravo and Hotel, sending you 4
2024-10-15 04:54:29.649961 Hotel: Whiskey, sending you 5
2024-10-15 04:54:29.650662 Kilo: Foxtrot and Tango, sending you 4
2024-10-15 04:54:29.654922 Kilo: Bravo, sending you 5
chatterbot Bravo submitting transactions
chatterbot Hotel submitting transactions
chatterbot Kilo submitting transactions
chatterbot Tango submitting transactions
chatterbot Golf submitting transactions
chatterbot Whiskey submitting transactions
chatterbot Sierra submitting transactions
chatterbot Alpha submitting transactions
chatterbot X-ray submitting transactions
chatterbot Foxtrot submitting transactions
ChatterBot Golf round 13
ChatterBot Alpha round 13
ChatterBot Foxtrot round 13
ChatterBot Sierra round 13
ChatterBot Tango round 13
ChatterBot X-ray round 13
ChatterBot Whiskey round 13
ChatterBot Bravo round 13
ChatterBot Kilo round 13
ChatterBot Hotel round 13
2024-10-15 04:54:30.748775 X-ray: We should drop Bravo
2024-10-15 04:54:30.755029 Sierra: Yes
2024-10-15 04:54:30.755211 Hotel: Yes
2024-10-15 04:54:30.755352 Whiskey: Yes
ChatterBot X-ray reevaluating
ChatterBot X-ray reevaluating
ChatterBot X-ray reevaluating
2024-10-15 04:54:30.774594 Alpha: Golf, Bravo and Kilo, sending you 3
2024-10-15 04:54:30.779109 Alpha: Foxtrot and Tango, sending you 4
2024-10-15 04:54:30.780006 Foxtrot: Same as last round
2024-10-15 04:54:30.780839 Sierra: X-ray and Hotel, sending you 6
2024-10-15 04:54:30.781287 Tango: Golf, Alpha, Foxtrot and Kilo, sending you 4
2024-10-15 04:54:30.782542 Kilo: Golf and Alpha, sending you 3
2024-10-15 04:54:30.783244 Bravo: Golf and Alpha, sending you 3
2024-10-15 04:54:30.784022 Golf: Alpha, Bravo and Kilo, sending you 3
2024-10-15 04:54:30.785326 Sierra: Whiskey, sending you 5
2024-10-15 04:54:30.786663 Tango: Bravo, sending you 3
2024-10-15 04:54:30.788064 Kilo: Foxtrot and Tango, sending you 4
2024-10-15 04:54:30.789281 Bravo: Foxtrot and Kilo, sending you 4
2024-10-15 04:54:30.790501 Golf: Foxtrot and Tango, sending you 4
2024-10-15 04:54:30.793678 Kilo: Bravo, sending you 5
2024-10-15 04:54:30.795098 Bravo: Tango, sending you 2
2024-10-15 04:54:30.795979 Whiskey: Sierra and X-ray, sending you 6
2024-10-15 04:54:30.798667 Hotel: Sierra and X-ray, sending you 6
2024-10-15 04:54:30.800677 Whiskey: Hotel, sending you 5
2024-10-15 04:54:30.803703 Hotel: Whiskey, sending you 5
chatterbot Sierra submitting transactions
chatterbot Tango submitting transactions
chatterbot Alpha submitting transactions
chatterbot Kilo submitting transactions
chatterbot Whiskey submitting transactions
chatterbot X-ray submitting transactions
chatterbot Golf submitting transactions
chatterbot Bravo submitting transactions
chatterbot Hotel submitting transactions
chatterbot Foxtrot submitting transactions
ChatterBot Golf round 14
ChatterBot Alpha round 14
ChatterBot Foxtrot round 14
ChatterBot Sierra round 14
ChatterBot Tango round 14
ChatterBot X-ray round 14
ChatterBot Whiskey round 14
ChatterBot Bravo round 14
ChatterBot Kilo round 14
ChatterBot Hotel round 14
2024-10-15 04:54:31.986141 X-ray: We should drop Bravo
2024-10-15 04:54:31.997431 Sierra: Yes
2024-10-15 04:54:31.997670 Hotel: Yes
2024-10-15 04:54:31.997979 Whiskey: Yes
ChatterBot X-ray reevaluating
ChatterBot X-ray reevaluating
ChatterBot X-ray reevaluating
2024-10-15 04:54:32.042681 Foxtrot: Same as last round
2024-10-15 04:54:32.045785 Alpha: Golf, Bravo and Kilo, sending you 3
2024-10-15 04:54:32.048449 Bravo: Golf and Alpha, sending you 3
2024-10-15 04:54:32.050531 Tango: Golf, Alpha, Foxtrot and Kilo, sending you 4
2024-10-15 04:54:32.053942 Sierra: X-ray and Hotel, sending you 6
2024-10-15 04:54:32.055252 Golf: Alpha, Bravo and Kilo, sending you 3
2024-10-15 04:54:32.057244 Alpha: Foxtrot and Tango, sending you 4
2024-10-15 04:54:32.060599 Bravo: Foxtrot and Kilo, sending you 4
2024-10-15 04:54:32.062729 Tango: Bravo, sending you 3
2024-10-15 04:54:32.065740 Sierra: Whiskey, sending you 5
2024-10-15 04:54:32.066961 Golf: Foxtrot and Tango, sending you 4
2024-10-15 04:54:32.069262 Whiskey: Sierra and X-ray, sending you 6
2024-10-15 04:54:32.071201 Hotel: Sierra and X-ray, sending you 6
2024-10-15 04:54:32.072523 Bravo: Tango, sending you 2
2024-10-15 04:54:32.074575 Kilo: Golf and Alpha, sending you 3
2024-10-15 04:54:32.076582 Whiskey: Hotel, sending you 5
2024-10-15 04:54:32.078298 Hotel: Whiskey, sending you 5
2024-10-15 04:54:32.080685 Kilo: Foxtrot and Tango, sending you 4
2024-10-15 04:54:32.085652 Kilo: Bravo, sending you 5
chatterbot Bravo submitting transactions
chatterbot Golf submitting transactions
chatterbot Alpha submitting transactions
chatterbot Foxtrot submitting transactions
chatterbot Kilo submitting transactions
chatterbot Hotel submitting transactions
chatterbot X-ray submitting transactions
chatterbot Sierra submitting transactions
chatterbot Tango submitting transactions
chatterbot Whiskey submitting transactions
ChatterBot Golf round 15
ChatterBot Alpha round 15
ChatterBot Foxtrot round 15
ChatterBot Sierra round 15
ChatterBot Tango round 15
ChatterBot X-ray round 15
ChatterBot Whiskey round 15
ChatterBot Bravo round 15
ChatterBot Kilo round 15
ChatterBot Hotel round 15
