ChatterBot Yankee round 1
ChatterBot Lima round 1
ChatterBot Delta round 1
ChatterBot Foxtrot round 1
ChatterBot India round 1
ChatterBot Echo round 1
ChatterBot Victor round 1
ChatterBot Tango round 1
ChatterBot Mike round 1
ChatterBot Quebec round 1
randomSelections India: {India, Mike, Delta, Tango, Foxtrot, Yankee} 
2024-10-15 04:54:14.787962 India: Let's form a team
ChatterBot Mike reevaluating
ChatterBot Delta reevaluating
ChatterBot Tango reevaluating
ChatterBot Foxtrot reevaluating
ChatterBot Yankee reevaluating
2024-10-15 04:54:14.802159 Mike: Yes
2024-10-15 04:54:14.802313 Delta: Yes
2024-10-15 04:54:14.802449 Tango: Yes
2024-10-15 04:54:14.802660 Foxtrot: Yes
2024-10-15 04:54:14.802773 Yankee: Yes
ChatterBot Delta reevaluating
ChatterBot Tango reevaluating
ChatterBot Foxtrot reevaluating
ChatterBot Yankee reevaluating
ChatterBot Mike reevaluating
ChatterBot Tango reevaluating
ChatterBot Foxtrot reevaluating
ChatterBot Yankee reevaluating
ChatterBot Mike reevaluating
ChatterBot Delta reevaluating
ChatterBot Foxtrot reevaluating
ChatterBot Yankee reevaluating
ChatterBot Mike reevaluating
ChatterBot Delta reevaluating
ChatterBot Tango reevaluating
ChatterBot Yankee reevaluating
ChatterBot Mike reevaluating
ChatterBot Delta reevaluating
ChatterBot Tango reevaluating
ChatterBot Foxtrot reevaluating
randomSelections Echo: {Echo} 
randomSelections Lima: {Lima, Delta, India, Echo, Victor, Foxtrot} 
2024-10-15 04:54:14.859966 Lima: Let's form a team
ChatterBot Delta reevaluating
ChatterBot Victor reevaluating
ChatterBot Foxtrot reevaluating
2024-10-15 04:54:14.868702 Delta: No
2024-10-15 04:54:14.868844 India: No
2024-10-15 04:54:14.868947 Echo: No
2024-10-15 04:54:14.869957 Victor: Yes
2024-10-15 04:54:14.870052 Foxtrot: No
ChatterBot Victor reevaluating
ChatterBot Foxtrot reevaluating
ChatterBot Delta reevaluating
ChatterBot Victor reevaluating
ChatterBot Foxtrot reevaluating
ChatterBot Delta reevaluating
ChatterBot Victor reevaluating
ChatterBot Foxtrot reevaluating
ChatterBot Delta reevaluating
ChatterBot Foxtrot reevaluating
ChatterBot Delta reevaluating
ChatterBot Victor reevaluating
randomSelections Quebec: {Quebec, Lima, Delta, Foxtrot, India, Tango, Mike, Victor} 
2024-10-15 04:54:14.919569 Quebec: We would work well together
ChatterBot Delta reevaluating
ChatterBot Foxtrot reevaluating
ChatterBot Tango reevaluating
ChatterBot Mike reevaluating
ChatterBot Victor reevaluating
2024-10-15 04:54:15.015095 Lima: No
2024-10-15 04:54:15.015330 Delta: No
2024-10-15 04:54:15.015487 Foxtrot: No
2024-10-15 04:54:15.015653 India: No
2024-10-15 04:54:15.015868 Tango: No
2024-10-15 04:54:15.019887 Mike: No
2024-10-15 04:54:15.020089 Victor: No
ChatterBot Delta reevaluating
ChatterBot Foxtrot reevaluating
ChatterBot Tango reevaluating
ChatterBot Mike reevaluating
ChatterBot Victor reevaluating
ChatterBot Foxtrot reevaluating
ChatterBot Tango reevaluating
ChatterBot Mike reevaluating
ChatterBot Victor reevaluating
ChatterBot Delta reevaluating
ChatterBot Tango reevaluating
ChatterBot Mike reevaluating
ChatterBot Victor reevaluating
ChatterBot Delta reevaluating
ChatterBot Foxtrot reevaluating
ChatterBot Tango reevaluating
ChatterBot Mike reevaluating
ChatterBot Victor reevaluating
ChatterBot Delta reevaluating
ChatterBot Foxtrot reevaluating
ChatterBot Mike reevaluating
ChatterBot Victor reevaluating
ChatterBot Delta reevaluating
ChatterBot Foxtrot reevaluating
ChatterBot Tango reevaluating
ChatterBot Victor reevaluating
ChatterBot Delta reevaluating
ChatterBot Foxtrot reevaluating
ChatterBot Tango reevaluating
ChatterBot Mike reevaluating
2024-10-15 04:54:15.157686 Yankee: Delta and Mike, sending you 5
2024-10-15 04:54:15.162679 Tango: Yankee and India, sending you 4
2024-10-15 04:54:15.163433 Yankee: Foxtrot and India, sending you 4
chatterbot Lima submitting transactions
2024-10-15 04:54:15.164994 Quebec: Delta and Victor, sending you 3
2024-10-15 04:54:15.165676 India: Yankee, sending you 5
2024-10-15 04:54:15.166388 Victor: Lima and Delta, sending you 4
2024-10-15 04:54:15.167688 Tango: Delta, sending you 3
2024-10-15 04:54:15.168681 Mike: Yankee, sending you 5
2024-10-15 04:54:15.169359 India: Delta, sending you 2
2024-10-15 04:54:15.170931 Delta: Yankee, sending you 5
2024-10-15 04:54:15.171674 Quebec: Foxtrot, sending you 1
2024-10-15 04:54:15.172419 Victor: India, sending you 1
2024-10-15 04:54:15.173284 Tango: Foxtrot, sending you 1
2024-10-15 04:54:15.174010 Mike: Delta and India, sending you 2
2024-10-15 04:54:15.175385 India: Foxtrot and Tango, sending you 4
2024-10-15 04:54:15.176310 Foxtrot: Yankee and Mike, sending you 3
2024-10-15 04:54:15.176919 Delta: Foxtrot, sending you 1
2024-10-15 04:54:15.177667 Quebec: India, sending you 2
2024-10-15 04:54:15.179259 Victor: Echo, sending you 9
2024-10-15 04:54:15.180156 Tango: Mike, sending you 6
2024-10-15 04:54:15.181185 Mike: Foxtrot and Tango, sending you 4
2024-10-15 04:54:15.182127 India: Mike, sending you 3
2024-10-15 04:54:15.183089 Foxtrot: Delta and India, sending you 4
2024-10-15 04:54:15.184461 Delta: India, sending you 4
2024-10-15 04:54:15.185138 Quebec: Tango, sending you 4
2024-10-15 04:54:15.186677 Foxtrot: Tango, sending you 6
2024-10-15 04:54:15.187777 Delta: Tango, sending you 6
2024-10-15 04:54:15.190696 Quebec: Mike, sending you 5
2024-10-15 04:54:15.193673 Delta: Mike, sending you 2
chatterbot Echo submitting transactions
chatterbot Quebec submitting transactions
chatterbot Delta submitting transactions
chatterbot India submitting transactions
chatterbot Yankee submitting transactions
chatterbot Mike submitting transactions
chatterbot Foxtrot submitting transactions
chatterbot Tango submitting transactions
chatterbot Victor submitting transactions
ChatterBot Yankee round 2
ChatterBot Lima round 2
ChatterBot Delta round 2
ChatterBot Foxtrot round 2
ChatterBot India round 2
ChatterBot Echo round 2
ChatterBot Victor round 2
ChatterBot Tango round 2
ChatterBot Mike round 2
ChatterBot Quebec round 2
2024-10-15 04:54:16.866920 Delta: We should add Quebec and Victor
ChatterBot India reevaluating
ChatterBot Mike reevaluating
ChatterBot Tango reevaluating
ChatterBot Foxtrot reevaluating
ChatterBot Yankee reevaluating
2024-10-15 04:54:16.959601 India: No
2024-10-15 04:54:16.960810 Mike: No
2024-10-15 04:54:16.961058 Tango: No
2024-10-15 04:54:16.961355 Foxtrot: No
2024-10-15 04:54:16.962235 Yankee: No
ChatterBot Mike reevaluating
ChatterBot Tango reevaluating
ChatterBot Foxtrot reevaluating
ChatterBot Yankee reevaluating
ChatterBot India reevaluating
ChatterBot Tango reevaluating
ChatterBot Foxtrot reevaluating
ChatterBot Yankee reevaluating
ChatterBot India reevaluating
ChatterBot Mike reevaluating
ChatterBot Foxtrot reevaluating
ChatterBot Yankee reevaluating
ChatterBot India reevaluating
ChatterBot Mike reevaluating
ChatterBot Tango reevaluating
ChatterBot Yankee reevaluating
ChatterBot India reevaluating
ChatterBot Mike reevaluating
ChatterBot Tango reevaluating
ChatterBot Foxtrot reevaluating
2024-10-15 04:54:17.054544 Mike: We should add Quebec
2024-10-15 04:54:17.055405 Tango: We should add Quebec
ChatterBot India reevaluating
ChatterBot Tango reevaluating
ChatterBot Foxtrot reevaluating
ChatterBot Yankee reevaluating
2024-10-15 04:54:17.072759 India: Yes
ChatterBot India reevaluating
ChatterBot Mike reevaluating
2024-10-15 04:54:17.081008 Delta: Yes
2024-10-15 04:54:17.084111 Tango: Yes
2024-10-15 04:54:17.084289 Foxtrot: Yes
ChatterBot Foxtrot reevaluating
2024-10-15 04:54:17.088223 Yankee: No
ChatterBot Yankee reevaluating
2024-10-15 04:54:17.092552 India: Yes
2024-10-15 04:54:17.092764 Mike: Yes
2024-10-15 04:54:17.092929 Delta: Yes
2024-10-15 04:54:17.093074 Foxtrot: Yes
2024-10-15 04:54:17.093192 Yankee: No
ChatterBot Mike reevaluating
ChatterBot Tango reevaluating
ChatterBot Foxtrot reevaluating
ChatterBot Yankee reevaluating
ChatterBot India reevaluating
ChatterBot Mike reevaluating
ChatterBot Tango reevaluating
ChatterBot Foxtrot reevaluating
ChatterBot Yankee reevaluating
ChatterBot India reevaluating
ChatterBot Mike reevaluating
ChatterBot Foxtrot reevaluating
ChatterBot Yankee reevaluating
ChatterBot India reevaluating
ChatterBot Mike reevaluating
ChatterBot Tango reevaluating
ChatterBot Yankee reevaluating
ChatterBot India reevaluating
ChatterBot Mike reevaluating
ChatterBot Tango reevaluating
ChatterBot Foxtrot reevaluating
ChatterBot Mike reevaluating
ChatterBot Tango reevaluating
ChatterBot Foxtrot reevaluating
ChatterBot Yankee reevaluating
ChatterBot India reevaluating
ChatterBot Tango reevaluating
ChatterBot Foxtrot reevaluating
ChatterBot Yankee reevaluating
ChatterBot India reevaluating
ChatterBot Mike reevaluating
ChatterBot Tango reevaluating
ChatterBot Foxtrot reevaluating
ChatterBot Yankee reevaluating
ChatterBot India reevaluating
ChatterBot Mike reevaluating
ChatterBot Tango reevaluating
ChatterBot Yankee reevaluating
ChatterBot India reevaluating
ChatterBot Mike reevaluating
ChatterBot Tango reevaluating
ChatterBot Foxtrot reevaluating
2024-10-15 04:54:17.285191 Lima: We should group up
ChatterBot Echo reevaluating
ChatterBot Victor reevaluating
ChatterBot Quebec reevaluating
2024-10-15 04:54:17.296339 Echo: No
2024-10-15 04:54:17.296724 Victor: Yes
2024-10-15 04:54:17.297509 Quebec: Yes
ChatterBot Victor reevaluating
ChatterBot Quebec reevaluating
ChatterBot Echo reevaluating
ChatterBot Quebec reevaluating
ChatterBot Echo reevaluating
ChatterBot Victor reevaluating
2024-10-15 04:54:17.353313 Delta: Quebec and Victor we want you to join our group
ChatterBot Quebec reevaluating
ChatterBot Victor reevaluating
2024-10-15 04:54:17.361445 Quebec: No
2024-10-15 04:54:17.362787 Victor: No
ChatterBot Yankee reevaluating
ChatterBot Foxtrot reevaluating
ChatterBot India reevaluating
ChatterBot Tango reevaluating
ChatterBot Mike reevaluating
ChatterBot Victor reevaluating
ChatterBot Yankee reevaluating
ChatterBot Foxtrot reevaluating
ChatterBot India reevaluating
ChatterBot Tango reevaluating
ChatterBot Mike reevaluating
ChatterBot Quebec reevaluating
2024-10-15 04:54:17.413610 Quebec: We should replace Lima with Yankee
ChatterBot Foxtrot reevaluating
ChatterBot India reevaluating
ChatterBot Tango reevaluating
ChatterBot Mike reevaluating
ChatterBot Victor reevaluating
2024-10-15 04:54:17.433871 Delta: Yes
2024-10-15 04:54:17.434082 Foxtrot: Yes
2024-10-15 04:54:17.434243 India: Yes
2024-10-15 04:54:17.434358 Tango: Yes
2024-10-15 04:54:17.434517 Mike: Yes
2024-10-15 04:54:17.434647 Victor: Yes
ChatterBot Quebec reevaluating
ChatterBot Foxtrot reevaluating
ChatterBot India reevaluating
ChatterBot Tango reevaluating
ChatterBot Mike reevaluating
ChatterBot Victor reevaluating
ChatterBot Quebec reevaluating
ChatterBot India reevaluating
ChatterBot Tango reevaluating
ChatterBot Mike reevaluating
ChatterBot Victor reevaluating
ChatterBot Quebec reevaluating
ChatterBot Foxtrot reevaluating
ChatterBot Tango reevaluating
ChatterBot Mike reevaluating
ChatterBot Victor reevaluating
ChatterBot Quebec reevaluating
ChatterBot Foxtrot reevaluating
ChatterBot India reevaluating
ChatterBot Mike reevaluating
ChatterBot Victor reevaluating
ChatterBot Quebec reevaluating
ChatterBot Foxtrot reevaluating
ChatterBot India reevaluating
ChatterBot Tango reevaluating
ChatterBot Victor reevaluating
ChatterBot Quebec reevaluating
ChatterBot Foxtrot reevaluating
ChatterBot India reevaluating
ChatterBot Tango reevaluating
ChatterBot Mike reevaluating
2024-10-15 04:54:17.766395 Tango: Quebec we want you to join our group
2024-10-15 04:54:17.769882 Quebec: No
ChatterBot India reevaluating
2024-10-15 04:54:17.789452 Foxtrot: Quebec we want you to join our group
ChatterBot Quebec reevaluating
2024-10-15 04:54:17.793345 Quebec: Yes
ChatterBot Yankee reevaluating
2024-10-15 04:54:17.812188 Mike: Quebec we want you to join our group
ChatterBot Quebec reevaluating
2024-10-15 04:54:17.816788 Quebec: No
ChatterBot Yankee reevaluating
chatterbot Lima submitting transactions
2024-10-15 04:54:17.835687 India: Quebec we want you to join our group
ChatterBot Quebec reevaluating
2024-10-15 04:54:17.840424 Quebec: No
2024-10-15 04:54:17.857787 Victor: Yankee, Delta, Foxtrot, India, Tango and Mike, sending you 2
2024-10-15 04:54:17.859086 Delta: Yankee, sending you 4
2024-10-15 04:54:17.859590 Echo: Sending you 15
chatterbot Delta submitting transactions
2024-10-15 04:54:17.911262 Victor: Quebec, sending you 6
2024-10-15 04:54:17.912272 Delta: Foxtrot and Victor, sending you 3
2024-10-15 04:54:17.912692 Yankee: Quebec we want you to join our group
ChatterBot Quebec reevaluating
2024-10-15 04:54:17.919013 Quebec: Yes
2024-10-15 04:54:17.948032 Tango: Yankee, sending you 1
2024-10-15 04:54:17.948734 Delta: India, Tango, Mike and Quebec, sending you 2
chatterbot Victor submitting transactions
2024-10-15 04:54:17.979490 Quebec: Yankee we want you to join our group
2024-10-15 04:54:17.984819 Yankee: No
ChatterBot Quebec reevaluating
2024-10-15 04:54:18.018610 Tango: Delta and Foxtrot, sending you 4
2024-10-15 04:54:18.019885 India: Yankee, Delta, Foxtrot and Tango, sending you 4
2024-10-15 04:54:18.020473 Mike: Yankee, Foxtrot, India and Quebec, sending you 3
2024-10-15 04:54:18.021793 Foxtrot: Yankee, India and Mike, sending you 5
2024-10-15 04:54:18.040930 India: Mike, sending you 2
2024-10-15 04:54:18.041403 Tango: India, Mike and Quebec, sending you 3
2024-10-15 04:54:18.041798 Foxtrot: Delta and Tango, sending you 2
2024-10-15 04:54:18.042752 Yankee: Delta, sending you 4
2024-10-15 04:54:18.043087 Mike: Delta, sending you 2
2024-10-15 04:54:18.059637 Foxtrot: Quebec, sending you 1
2024-10-15 04:54:18.060591 Yankee: Foxtrot, India, Tango and Mike, sending you 3
2024-10-15 04:54:18.060962 Mike: Tango, sending you 4
2024-10-15 04:54:18.065813 Yankee: Quebec, sending you 2
2024-10-15 04:54:18.066827 Quebec: Sending you each 6
chatterbot Mike submitting transactions
chatterbot Echo submitting transactions
chatterbot Foxtrot submitting transactions
chatterbot Tango submitting transactions
chatterbot Yankee submitting transactions
chatterbot India submitting transactions
chatterbot Quebec submitting transactions
ChatterBot Yankee round 3
ChatterBot Lima round 3
ChatterBot Delta round 3
ChatterBot Foxtrot round 3
ChatterBot India round 3
ChatterBot Echo round 3
ChatterBot Victor round 3
ChatterBot Tango round 3
ChatterBot Mike round 3
ChatterBot Quebec round 3
2024-10-15 04:54:19.231928 Delta: We should add Echo
ChatterBot Quebec reevaluating
ChatterBot Victor reevaluating
2024-10-15 04:54:19.267941 Yankee: No
2024-10-15 04:54:19.268123 Foxtrot: No
2024-10-15 04:54:19.268809 India: No
2024-10-15 04:54:19.269054 Tango: No
2024-10-15 04:54:19.269272 Mike: No
2024-10-15 04:54:19.269469 Quebec: Yes
2024-10-15 04:54:19.269634 Victor: Yes
ChatterBot Delta reevaluating
ChatterBot Quebec reevaluating
ChatterBot Victor reevaluating
ChatterBot Delta reevaluating
ChatterBot Quebec reevaluating
ChatterBot Victor reevaluating
ChatterBot Delta reevaluating
ChatterBot Quebec reevaluating
ChatterBot Victor reevaluating
ChatterBot Delta reevaluating
ChatterBot Quebec reevaluating
ChatterBot Victor reevaluating
ChatterBot Delta reevaluating
ChatterBot Quebec reevaluating
ChatterBot Victor reevaluating
ChatterBot Delta reevaluating
ChatterBot Victor reevaluating
ChatterBot Delta reevaluating
ChatterBot Quebec reevaluating
2024-10-15 04:54:19.637128 Echo: We should add Quebec
ChatterBot Victor reevaluating
2024-10-15 04:54:19.644642 Victor: Yes
2024-10-15 04:54:19.671048 Echo: Quebec we want you to join our group
2024-10-15 04:54:19.675356 Quebec: Yes
2024-10-15 04:54:19.682368 Foxtrot: Yankee and Mike, sending you 4
2024-10-15 04:54:19.682957 Delta: Echo we want you to join our group
2024-10-15 04:54:19.686894 Echo: No
ChatterBot Delta reevaluating
2024-10-15 04:54:19.715110 Lima: Quebec, sending you 1
2024-10-15 04:54:19.715587 Foxtrot: Delta and Tango, sending you 3
2024-10-15 04:54:19.729731 India: Yankee, Foxtrot and Tango, sending you 4
2024-10-15 04:54:19.730812 Tango: Yankee and Quebec, sending you 2
2024-10-15 04:54:19.731376 Yankee: Delta, sending you 4
2024-10-15 04:54:19.731999 Quebec: Lima and Echo, sending you 2
2024-10-15 04:54:19.732913 Foxtrot: India, sending you 5
2024-10-15 04:54:19.733373 Mike: Yankee, Foxtrot and India, sending you 3
2024-10-15 04:54:19.734358 Victor: Echo, sending you 10
2024-10-15 04:54:19.734975 Delta: We should drop Victor
2024-10-15 04:54:19.754861 Tango: Yes
2024-10-15 04:54:19.755805 Yankee: Yes
2024-10-15 04:54:19.755978 Foxtrot: Yes
2024-10-15 04:54:19.756210 India: Yes
2024-10-15 04:54:19.756414 Mike: Yes
2024-10-15 04:54:19.756589 Quebec: No
ChatterBot Delta reevaluating
ChatterBot Delta reevaluating
ChatterBot Delta reevaluating
ChatterBot Delta reevaluating
ChatterBot Quebec reevaluating
ChatterBot Delta reevaluating
ChatterBot Quebec reevaluating
ChatterBot Delta reevaluating
2024-10-15 04:54:19.882395 India: Delta and Mike, sending you 3
2024-10-15 04:54:19.883137 Tango: Delta, Foxtrot and India, sending you 3
2024-10-15 04:54:19.884526 Yankee: Foxtrot, India, Tango and Mike, sending you 3
2024-10-15 04:54:19.886266 Mike: Delta and Quebec, sending you 2
2024-10-15 04:54:19.888218 Foxtrot: Quebec, sending you 1
2024-10-15 04:54:19.889354 Victor: Quebec, sending you 8
2024-10-15 04:54:19.890637 Echo: Victor, sending you 9
2024-10-15 04:54:19.892341 Tango: Mike, sending you 5
2024-10-15 04:54:19.893275 Yankee: Quebec, sending you 2
2024-10-15 04:54:19.894561 Mike: Tango, sending you 5
2024-10-15 04:54:19.902707 Echo: Quebec, sending you 8
chatterbot India submitting transactions
2024-10-15 04:54:19.925189 Delta: Yankee and Tango, sending you 4
2024-10-15 04:54:19.954695 Delta: Foxtrot and India, sending you 3
2024-10-15 04:54:19.960747 Delta: Mike and Quebec, sending you 2
chatterbot Victor submitting transactions
chatterbot Mike submitting transactions
chatterbot Lima submitting transactions
chatterbot Yankee submitting transactions
chatterbot Tango submitting transactions
chatterbot Delta submitting transactions
chatterbot Foxtrot submitting transactions
chatterbot Quebec submitting transactions
chatterbot Echo submitting transactions
ChatterBot Yankee round 4
ChatterBot Lima round 4
ChatterBot Delta round 4
ChatterBot Foxtrot round 4
ChatterBot India round 4
ChatterBot Echo round 4
ChatterBot Victor round 4
ChatterBot Tango round 4
ChatterBot Mike round 4
ChatterBot Quebec round 4
2024-10-15 04:54:20.793129 Yankee: We should drop Quebec
2024-10-15 04:54:20.810826 India: Yes
2024-10-15 04:54:20.811023 Mike: Yes
2024-10-15 04:54:20.811140 Delta: No
2024-10-15 04:54:20.811243 Tango: Yes
2024-10-15 04:54:20.811345 Foxtrot: Yes
ChatterBot Delta reevaluating
ChatterBot Delta reevaluating
2024-10-15 04:54:20.878888 Delta: We should replace Quebec with Lima
2024-10-15 04:54:20.890677 India: No
2024-10-15 04:54:20.890810 Mike: No
2024-10-15 04:54:20.890906 Tango: No
2024-10-15 04:54:20.890999 Foxtrot: No
2024-10-15 04:54:20.891087 Yankee: No
ChatterBot Delta reevaluating
ChatterBot Delta reevaluating
ChatterBot Delta reevaluating
ChatterBot Delta reevaluating
ChatterBot Delta reevaluating
2024-10-15 04:54:20.973907 Quebec: We should drop Lima
2024-10-15 04:54:20.983363 Victor: Yes
2024-10-15 04:54:20.984162 Echo: Yes
2024-10-15 04:54:21.003518 Lima: Victor, sending you 1
2024-10-15 04:54:21.007690 Lima: Quebec, sending you 2
2024-10-15 04:54:21.008085 Tango: Yankee and Foxtrot, sending you 3
2024-10-15 04:54:21.013781 Yankee: Delta, Foxtrot, India and Mike, sending you 4
2024-10-15 04:54:21.014423 Echo: Victor, sending you 10
2024-10-15 04:54:21.014771 Victor: Sending you each 9
2024-10-15 04:54:21.016690 Yankee: Tango, sending you 2
2024-10-15 04:54:21.018683 Tango: Delta, India and Mike, sending you 4
2024-10-15 04:54:21.019670 Echo: Quebec, sending you 7
2024-10-15 04:54:21.020033 Quebec: Echo, sending you 8
2024-10-15 04:54:21.020412 Delta: Yankee, sending you 5
2024-10-15 04:54:21.027233 India: Yankee and Tango, sending you 4
2024-10-15 04:54:21.027924 Foxtrot: Yankee, Tango and Mike, sending you 4
2024-10-15 04:54:21.029451 Mike: Yankee, Foxtrot and Tango, sending you 4
2024-10-15 04:54:21.030114 Quebec: Victor, sending you 10
2024-10-15 04:54:21.031626 Delta: Foxtrot, India, Tango and Mike, sending you 3
2024-10-15 04:54:21.032228 Foxtrot: Delta, sending you 3
2024-10-15 04:54:21.032911 India: Delta, sending you 3
2024-10-15 04:54:21.034603 Mike: Delta and India, sending you 3
2024-10-15 04:54:21.038607 Delta: Quebec, sending you 1
2024-10-15 04:54:21.040067 Foxtrot: India, sending you 5
2024-10-15 04:54:21.040657 India: Foxtrot, sending you 5
2024-10-15 04:54:21.045692 India: Mike, sending you 2
chatterbot Tango submitting transactions
chatterbot India submitting transactions
chatterbot Echo submitting transactions
chatterbot Lima submitting transactions
chatterbot Yankee submitting transactions
chatterbot Mike submitting transactions
chatterbot Victor submitting transactions
chatterbot Delta submitting transactions
chatterbot Quebec submitting transactions
chatterbot Foxtrot submitting transactions
ChatterBot Yankee round 5
ChatterBot Lima round 5
ChatterBot Delta round 5
ChatterBot Foxtrot round 5
ChatterBot India round 5
ChatterBot Echo round 5
ChatterBot Victor round 5
ChatterBot Tango round 5
ChatterBot Mike round 5
2024-10-15 04:54:21.940070 Delta: We should replace Quebec with Lima
2024-10-15 04:54:21.959757 India: No
2024-10-15 04:54:21.959950 Mike: No
2024-10-15 04:54:21.960113 Tango: No
2024-10-15 04:54:21.960751 Foxtrot: No
2024-10-15 04:54:21.960920 Yankee: No
ChatterBot Delta reevaluating
ChatterBot Delta reevaluating
ChatterBot Delta reevaluating
ChatterBot Delta reevaluating
ChatterBot Delta reevaluating
ChatterBot Quebec round 5
2024-10-15 04:54:22.078235 Delta: Lima we want you to join our group
2024-10-15 04:54:22.080362 Lima: No
ChatterBot Delta reevaluating
2024-10-15 04:54:22.095495 Yankee: Delta, Foxtrot, India and Mike, sending you 4
2024-10-15 04:54:22.098702 Foxtrot: Yankee, Tango and Mike, sending you 4
2024-10-15 04:54:22.100372 Victor: Same as last round
2024-10-15 04:54:22.100725 India: Yankee and Tango, sending you 4
2024-10-15 04:54:22.101267 Lima: Victor, sending you 1
2024-10-15 04:54:22.101589 Yankee: Tango, sending you 2
2024-10-15 04:54:22.102131 Mike: Yankee, Foxtrot and Tango, sending you 4
2024-10-15 04:54:22.102593 Echo: Victor, sending you 10
2024-10-15 04:54:22.103379 Foxtrot: Delta, sending you 3
2024-10-15 04:54:22.104120 India: Delta, sending you 3
2024-10-15 04:54:22.104696 Mike: Delta and India, sending you 3
2024-10-15 04:54:22.106017 Lima: Quebec, sending you 4
2024-10-15 04:54:22.107673 Echo: Quebec, sending you 7
2024-10-15 04:54:22.108022 Foxtrot: India, sending you 5
2024-10-15 04:54:22.108732 India: Foxtrot, sending you 5
2024-10-15 04:54:22.111659 Tango: Yankee, sending you 2
2024-10-15 04:54:22.113669 India: Mike, sending you 2
2024-10-15 04:54:22.115666 Quebec: Echo, sending you 8
2024-10-15 04:54:22.116679 Tango: Delta, Foxtrot, India and Mike, sending you 4
2024-10-15 04:54:22.118668 Quebec: Victor, sending you 10
2024-10-15 04:54:22.124065 Delta: Yankee and Tango, sending you 4
2024-10-15 04:54:22.127663 Delta: Lima, sending you 1
2024-10-15 04:54:22.131681 Delta: Foxtrot, India and Mike, sending you 3
chatterbot Lima submitting transactions
chatterbot Victor submitting transactions
chatterbot Delta submitting transactions
chatterbot Tango submitting transactions
chatterbot Yankee submitting transactions
chatterbot Mike submitting transactions
chatterbot Quebec submitting transactions
chatterbot Echo submitting transactions
chatterbot Foxtrot submitting transactions
chatterbot India submitting transactions
ChatterBot Yankee round 6
ChatterBot Lima round 6
ChatterBot Delta round 6
ChatterBot Foxtrot round 6
ChatterBot India round 6
ChatterBot Echo round 6
ChatterBot Victor round 6
ChatterBot Tango round 6
ChatterBot Mike round 6
ChatterBot Quebec round 6
2024-10-15 04:54:23.189704 Yankee: Delta, Foxtrot, India and Mike, sending you 4
2024-10-15 04:54:23.191652 Foxtrot: Yankee, Tango and Mike, sending you 4
2024-10-15 04:54:23.192853 Yankee: Tango, sending you 2
2024-10-15 04:54:23.195694 Foxtrot: Delta, sending you 3
2024-10-15 04:54:23.200719 Mike: Yankee, Foxtrot and Tango, sending you 4
2024-10-15 04:54:23.202303 Foxtrot: India, sending you 5
2024-10-15 04:54:23.202896 Lima: Victor, sending you 2
2024-10-15 04:54:23.204716 Delta: Yankee and Tango, sending you 4
2024-10-15 04:54:23.205550 Mike: Delta and India, sending you 3
2024-10-15 04:54:23.206643 India: Yankee and Tango, sending you 4
2024-10-15 04:54:23.207399 Lima: Quebec, sending you 3
2024-10-15 04:54:23.207808 Echo: Victor, sending you 9
2024-10-15 04:54:23.208693 Delta: Lima, sending you 1
2024-10-15 04:54:23.209664 Tango: Yankee, sending you 2
2024-10-15 04:54:23.211020 Victor: Same as last round
2024-10-15 04:54:23.211289 India: Delta, sending you 3
2024-10-15 04:54:23.211960 Echo: Quebec, sending you 8
2024-10-15 04:54:23.212703 Delta: Foxtrot, India and Mike, sending you 3
2024-10-15 04:54:23.215681 Tango: Delta, Foxtrot, India and Mike, sending you 4
2024-10-15 04:54:23.216331 India: Foxtrot, sending you 5
2024-10-15 04:54:23.219734 Quebec: Echo, sending you 8
2024-10-15 04:54:23.222173 India: Mike, sending you 2
2024-10-15 04:54:23.223677 Quebec: Victor, sending you 10
chatterbot Foxtrot submitting transactions
chatterbot Quebec submitting transactions
chatterbot Mike submitting transactions
chatterbot Delta submitting transactions
chatterbot Lima submitting transactions
chatterbot India submitting transactions
chatterbot Echo submitting transactions
chatterbot Victor submitting transactions
chatterbot Yankee submitting transactions
chatterbot Tango submitting transactions
ChatterBot Yankee round 7
ChatterBot Lima round 7
ChatterBot Delta round 7
ChatterBot Foxtrot round 7
ChatterBot India round 7
ChatterBot Echo round 7
ChatterBot Victor round 7
ChatterBot Tango round 7
ChatterBot Mike round 7
ChatterBot Quebec round 7
2024-10-15 04:54:24.433692 Echo: Victor, sending you 9
2024-10-15 04:54:24.434819 Foxtrot: Yankee, Tango and Mike, sending you 4
2024-10-15 04:54:24.435685 Delta: Yankee and Tango, sending you 4
2024-10-15 04:54:24.436677 India: Yankee and Tango, sending you 4
2024-10-15 04:54:24.437783 Echo: Quebec, sending you 8
2024-10-15 04:54:24.438092 Foxtrot: Delta, sending you 3
2024-10-15 04:54:24.439703 Delta: Lima, sending you 1
2024-10-15 04:54:24.440691 India: Delta, sending you 3
2024-10-15 04:54:24.442008 Foxtrot: India, sending you 5
2024-10-15 04:54:24.442764 Tango: Yankee, sending you 2
2024-10-15 04:54:24.443709 Yankee: Delta, Foxtrot, India and Mike, sending you 4
2024-10-15 04:54:24.444494 Delta: Foxtrot, India and Mike, sending you 3
2024-10-15 04:54:24.445345 India: Foxtrot, sending you 5
2024-10-15 04:54:24.445937 Quebec: Echo, sending you 8
2024-10-15 04:54:24.446696 Tango: Delta, Foxtrot, India and Mike, sending you 4
2024-10-15 04:54:24.448688 Yankee: Tango, sending you 2
2024-10-15 04:54:24.449481 Quebec: Victor, sending you 10
2024-10-15 04:54:24.449882 Victor: Same as last round
2024-10-15 04:54:24.450930 India: Mike, sending you 2
2024-10-15 04:54:24.451817 Lima: Victor, sending you 2
2024-10-15 04:54:24.452265 Mike: Yankee, Foxtrot and Tango, sending you 4
2024-10-15 04:54:24.455959 Lima: Quebec, sending you 4
2024-10-15 04:54:24.456689 Mike: Delta and India, sending you 3
chatterbot Yankee submitting transactions
chatterbot Foxtrot submitting transactions
chatterbot Lima submitting transactions
chatterbot India submitting transactions
chatterbot Echo submitting transactions
chatterbot Delta submitting transactions
chatterbot Mike submitting transactions
chatterbot Victor submitting transactions
chatterbot Quebec submitting transactions
chatterbot Tango submitting transactions
ChatterBot Yankee round 8
ChatterBot Lima round 8
ChatterBot Delta round 8
ChatterBot Foxtrot round 8
ChatterBot India round 8
ChatterBot Echo round 8
ChatterBot Victor round 8
ChatterBot Tango round 8
ChatterBot Mike round 8
ChatterBot Quebec round 8
2024-10-15 04:54:25.594834 Quebec: We should add Lima
ChatterBot Victor reevaluating
2024-10-15 04:54:25.600663 Victor: Yes
2024-10-15 04:54:25.600867 Echo: No
ChatterBot Victor reevaluating
2024-10-15 04:54:25.612128 Quebec: Lima we want you to join our group
2024-10-15 04:54:25.614488 Lima: Yes
ChatterBot Victor reevaluating
2024-10-15 04:54:25.622303 Lima: Echo, sending you 1
2024-10-15 04:54:25.626149 Lima: Victor, sending you 2
2024-10-15 04:54:25.626486 Foxtrot: Yankee, Tango and Mike, sending you 4
2024-10-15 04:54:25.627194 Victor: Lima we want you to join our group
2024-10-15 04:54:25.629074 Lima: Yes
ChatterBot Victor reevaluating
2024-10-15 04:54:25.635904 Delta: Yankee and Tango, sending you 4
2024-10-15 04:54:25.636331 Mike: Yankee, Foxtrot and Tango, sending you 4
2024-10-15 04:54:25.636833 Echo: Victor, sending you 9
2024-10-15 04:54:25.637086 Lima: Quebec, sending you 4
2024-10-15 04:54:25.637319 Foxtrot: Delta, sending you 3
2024-10-15 04:54:25.640247 Delta: Lima, sending you 1
2024-10-15 04:54:25.640775 Mike: Delta and India, sending you 3
2024-10-15 04:54:25.641503 Yankee: Delta, Foxtrot, India and Mike, sending you 4
2024-10-15 04:54:25.642353 India: Yankee and Tango, sending you 4
2024-10-15 04:54:25.643144 Echo: Quebec, sending you 8
2024-10-15 04:54:25.643478 Tango: Yankee, sending you 2
2024-10-15 04:54:25.643993 Quebec: Lima, sending you 4
2024-10-15 04:54:25.644887 Foxtrot: India, sending you 5
2024-10-15 04:54:25.645501 Delta: Foxtrot, India and Mike, sending you 3
2024-10-15 04:54:25.646671 Yankee: Tango, sending you 2
2024-10-15 04:54:25.647488 India: Delta, sending you 3
2024-10-15 04:54:25.648237 Tango: Delta, Foxtrot, India and Mike, sending you 4
2024-10-15 04:54:25.649752 Quebec: Echo, sending you 6
2024-10-15 04:54:25.651673 India: Foxtrot, sending you 5
2024-10-15 04:54:25.653039 Quebec: Victor, sending you 8
2024-10-15 04:54:25.656668 India: Mike, sending you 2
2024-10-15 04:54:25.670669 Victor: Lima, sending you 5
2024-10-15 04:54:25.674661 Victor: Echo, sending you 6
2024-10-15 04:54:25.679665 Victor: Quebec, sending you 7
chatterbot Foxtrot submitting transactions
chatterbot India submitting transactions
chatterbot Lima submitting transactions
chatterbot Mike submitting transactions
chatterbot Yankee submitting transactions
chatterbot Delta submitting transactions
chatterbot Echo submitting transactions
chatterbot Tango submitting transactions
chatterbot Quebec submitting transactions
chatterbot Victor submitting transactions
ChatterBot Yankee round 9
ChatterBot Lima round 9
ChatterBot Delta round 9
ChatterBot Foxtrot round 9
ChatterBot India round 9
ChatterBot Echo round 9
ChatterBot Victor round 9
ChatterBot Tango round 9
ChatterBot Mike round 9
ChatterBot Quebec round 9
2024-10-15 04:54:26.776677 Echo: Lima, sending you 3
2024-10-15 04:54:26.777686 Delta: Yankee and Tango, sending you 4
2024-10-15 04:54:26.778664 Victor: Lima, sending you 5
2024-10-15 04:54:26.781041 Delta: Lima, sending you 1
2024-10-15 04:54:26.781917 Echo: Victor and Quebec, sending you 7
2024-10-15 04:54:26.782658 Yankee: Delta, Foxtrot, India and Mike, sending you 4
2024-10-15 04:54:26.783417 Victor: Echo, sending you 6
2024-10-15 04:54:26.784673 India: Yankee and Tango, sending you 4
2024-10-15 04:54:26.785516 Quebec: Lima, sending you 3
2024-10-15 04:54:26.786690 Delta: Foxtrot, India and Mike, sending you 3
2024-10-15 04:54:26.787140 Yankee: Tango, sending you 2
2024-10-15 04:54:26.788250 Victor: Quebec, sending you 7
2024-10-15 04:54:26.788582 Foxtrot: Yankee, Tango and Mike, sending you 4
2024-10-15 04:54:26.789222 Lima: Echo, sending you 1
2024-10-15 04:54:26.789680 India: Delta, sending you 3
2024-10-15 04:54:26.790681 Quebec: Echo, sending you 7
2024-10-15 04:54:26.791735 Foxtrot: Delta, sending you 3
2024-10-15 04:54:26.792471 Mike: Yankee, Foxtrot and Tango, sending you 4
2024-10-15 04:54:26.793135 Tango: Yankee, sending you 2
2024-10-15 04:54:26.793784 India: Foxtrot, sending you 5
2024-10-15 04:54:26.794400 Lima: Victor and Quebec, sending you 4
2024-10-15 04:54:26.795222 Quebec: Victor, sending you 8
2024-10-15 04:54:26.796695 Foxtrot: India, sending you 5
2024-10-15 04:54:26.797515 Mike: Delta and India, sending you 3
2024-10-15 04:54:26.798818 Tango: Delta, Foxtrot, India and Mike, sending you 4
2024-10-15 04:54:26.799726 India: Mike, sending you 2
chatterbot Delta submitting transactions
chatterbot Mike submitting transactions
chatterbot Tango submitting transactions
chatterbot Echo submitting transactions
chatterbot Yankee submitting transactions
chatterbot Foxtrot submitting transactions
chatterbot Quebec submitting transactions
chatterbot India submitting transactions
chatterbot Victor submitting transactions
chatterbot Lima submitting transactions
ChatterBot Yankee round 10
ChatterBot Lima round 10
ChatterBot Delta round 10
ChatterBot Foxtrot round 10
ChatterBot India round 10
ChatterBot Echo round 10
ChatterBot Victor round 10
ChatterBot Tango round 10
ChatterBot Mike round 10
ChatterBot Quebec round 10
2024-10-15 04:54:28.013827 Echo: We should drop Lima
2024-10-15 04:54:28.018595 Victor: No
2024-10-15 04:54:28.018765 Quebec: No
ChatterBot Echo reevaluating
2024-10-15 04:54:28.029010 Delta: Yankee and Tango, sending you 4
2024-10-15 04:54:28.032665 Victor: Lima, sending you 5
2024-10-15 04:54:28.033663 Quebec: Lima, sending you 3
2024-10-15 04:54:28.034011 India: Yankee and Tango, sending you 4
2024-10-15 04:54:28.034724 Delta: Lima, sending you 1
2024-10-15 04:54:28.035196 Yankee: Delta, Foxtrot, India and Mike, sending you 4
2024-10-15 04:54:28.036395 Lima: Echo, sending you 2
2024-10-15 04:54:28.036766 Foxtrot: Yankee, Tango and Mike, sending you 4
2024-10-15 04:54:28.037370 Victor: Echo, sending you 6
2024-10-15 04:54:28.038667 Quebec: Echo, sending you 7
2024-10-15 04:54:28.039680 India: Delta, sending you 2
2024-10-15 04:54:28.040325 Delta: Foxtrot, India and Mike, sending you 3
2024-10-15 04:54:28.040798 Yankee: Tango, sending you 2
2024-10-15 04:54:28.041675 Lima: Victor, sending you 6
2024-10-15 04:54:28.042534 Foxtrot: Delta, sending you 3
2024-10-15 04:54:28.043248 Victor: Quebec, sending you 7
2024-10-15 04:54:28.043557 Mike: Yankee, Foxtrot and Tango, sending you 4
2024-10-15 04:54:28.044187 Quebec: Victor, sending you 8
2024-10-15 04:54:28.044492 India: Foxtrot, sending you 5
2024-10-15 04:54:28.045690 Tango: Yankee, sending you 2
2024-10-15 04:54:28.047569 Lima: Quebec, sending you 4
2024-10-15 04:54:28.048077 Mike: Delta and India, sending you 3
2024-10-15 04:54:28.049146 Foxtrot: India, sending you 5
2024-10-15 04:54:28.050257 India: Mike, sending you 3
2024-10-15 04:54:28.051823 Tango: Delta, Foxtrot, India and Mike, sending you 4
2024-10-15 04:54:28.061670 Echo: Lima, sending you 3
2024-10-15 04:54:28.067236 Echo: Victor and Quebec, sending you 7
chatterbot India submitting transactions
chatterbot Victor submitting transactions
chatterbot Tango submitting transactions
chatterbot Quebec submitting transactions
chatterbot Lima submitting transactions
chatterbot Foxtrot submitting transactions
chatterbot Mike submitting transactions
chatterbot Yankee submitting transactions
chatterbot Echo submitting transactions
chatterbot Delta submitting transactions
ChatterBot Yankee round 11
ChatterBot Lima round 11
ChatterBot Delta round 11
ChatterBot Foxtrot round 11
ChatterBot India round 11
ChatterBot Echo round 11
ChatterBot Victor round 11
ChatterBot Tango round 11
ChatterBot Mike round 11
ChatterBot Quebec round 11
2024-10-15 04:54:29.285687 India: Yankee and Tango, sending you 4
2024-10-15 04:54:29.288956 Foxtrot: Yankee, Tango and Mike, sending you 4
2024-10-15 04:54:29.292056 India: Delta, sending you 2
2024-10-15 04:54:29.294883 Lima: Echo, sending you 3
2024-10-15 04:54:29.295828 Foxtrot: Delta, sending you 3
2024-10-15 04:54:29.297930 Quebec: Lima, sending you 4
2024-10-15 04:54:29.298646 India: Foxtrot, sending you 5
2024-10-15 04:54:29.301147 Echo: Lima, sending you 3
2024-10-15 04:54:29.303153 Delta: Yankee and Tango, sending you 4
2024-10-15 04:54:29.304810 Victor: Lima, sending you 5
2024-10-15 04:54:29.306831 Lima: Victor, sending you 6
2024-10-15 04:54:29.307923 Foxtrot: India, sending you 5
2024-10-15 04:54:29.310382 Quebec: Echo and Victor, sending you 7
2024-10-15 04:54:29.310995 India: Mike, sending you 3
2024-10-15 04:54:29.313688 Echo: Victor and Quebec, sending you 7
2024-10-15 04:54:29.315067 Delta: Lima, sending you 1
2024-10-15 04:54:29.316287 Yankee: Delta, Foxtrot, India and Mike, sending you 4
2024-10-15 04:54:29.318505 Victor: Echo, sending you 6
2024-10-15 04:54:29.319114 Lima: Quebec, sending you 4
2024-10-15 04:54:29.320676 Tango: Yankee, sending you 2
2024-10-15 04:54:29.322685 Mike: Yankee, Foxtrot and Tango, sending you 4
2024-10-15 04:54:29.325129 Delta: Foxtrot, India and Mike, sending you 3
2024-10-15 04:54:29.327349 Yankee: Tango, sending you 2
2024-10-15 04:54:29.330273 Victor: Quebec, sending you 7
2024-10-15 04:54:29.331318 Tango: Delta, Foxtrot, India and Mike, sending you 4
2024-10-15 04:54:29.334025 Mike: Delta and India, sending you 3
chatterbot India submitting transactions
chatterbot Delta submitting transactions
chatterbot Quebec submitting transactions
chatterbot Foxtrot submitting transactions
chatterbot Victor submitting transactions
chatterbot Lima submitting transactions
chatterbot Yankee submitting transactions
chatterbot Tango submitting transactions
chatterbot Echo submitting transactions
chatterbot Mike submitting transactions
ChatterBot Yankee round 12
ChatterBot Lima round 12
ChatterBot Delta round 12
ChatterBot Foxtrot round 12
ChatterBot India round 12
ChatterBot Echo round 12
ChatterBot Victor round 12
ChatterBot Tango round 12
ChatterBot Mike round 12
ChatterBot Quebec round 12
2024-10-15 04:54:30.559784 Delta: We should replace Lima with Quebec
2024-10-15 04:54:30.573013 India: No
2024-10-15 04:54:30.573210 Mike: No
2024-10-15 04:54:30.573376 Tango: No
2024-10-15 04:54:30.573540 Foxtrot: No
2024-10-15 04:54:30.573712 Yankee: No
ChatterBot Delta reevaluating
ChatterBot Delta reevaluating
ChatterBot Delta reevaluating
ChatterBot Delta reevaluating
ChatterBot Delta reevaluating
2024-10-15 04:54:30.641659 Yankee: Delta, Foxtrot, India and Mike, sending you 4
2024-10-15 04:54:30.645670 Yankee: Tango, sending you 2
2024-10-15 04:54:30.647280 Lima: Echo, sending you 4
2024-10-15 04:54:30.647788 Foxtrot: Yankee, Tango and Mike, sending you 4
2024-10-15 04:54:30.651681 Foxtrot: Delta, sending you 3
2024-10-15 04:54:30.653151 Lima: Victor, sending you 6
2024-10-15 04:54:30.653596 India: Yankee and Tango, sending you 4
2024-10-15 04:54:30.655688 Echo: Lima, sending you 3
2024-10-15 04:54:30.656094 Tango: Yankee, sending you 2
2024-10-15 04:54:30.656937 Foxtrot: India, sending you 5
2024-10-15 04:54:30.657734 Lima: Quebec, sending you 5
2024-10-15 04:54:30.659680 Echo: Victor and Quebec, sending you 7
2024-10-15 04:54:30.660383 Mike: Yankee, Foxtrot and Tango, sending you 4
2024-10-15 04:54:30.662260 India: Delta, sending you 2
2024-10-15 04:54:30.663728 Victor: Lima, sending you 5
2024-10-15 04:54:30.664869 Tango: Delta, Foxtrot, India and Mike, sending you 4
2024-10-15 04:54:30.666424 Mike: Delta and India, sending you 3
2024-10-15 04:54:30.668146 Delta: Yankee and Tango, sending you 4
2024-10-15 04:54:30.669058 India: Foxtrot, sending you 5
2024-10-15 04:54:30.671022 Quebec: Lima, sending you 4
2024-10-15 04:54:30.671645 Victor: Echo, sending you 6
2024-10-15 04:54:30.672670 Delta: Lima, sending you 1
2024-10-15 04:54:30.675664 India: Mike, sending you 3
2024-10-15 04:54:30.677219 Quebec: Echo, sending you 6
2024-10-15 04:54:30.677721 Victor: Quebec, sending you 7
2024-10-15 04:54:30.678164 Delta: Foxtrot, India and Mike, sending you 3
2024-10-15 04:54:30.681655 Quebec: Victor, sending you 8
chatterbot Lima submitting transactions
chatterbot India submitting transactions
