ChatterBot Alpha round 1
ChatterBot Foxtrot round 1
ChatterBot November round 1
ChatterBot Hotel round 1
ChatterBot Charlie round 1
ChatterBot Sierra round 1
ChatterBot Romeo round 1
ChatterBot Mike round 1
randomSelections Alpha: {Alpha, Charlie, Juliett, Hotel, Mike, Foxtrot, Romeo, Papa} 
2024-10-15 04:54:14.024864 Alpha: We should group up
ChatterBot Charlie reevaluating
ChatterBot Hotel reevaluating
ChatterBot Mike reevaluating
ChatterBot Foxtrot reevaluating
ChatterBot Romeo reevaluating
2024-10-15 04:54:14.046405 Charlie: Yes
2024-10-15 04:54:14.048227 Hotel: Yes
2024-10-15 04:54:14.048402 Mike: Yes
2024-10-15 04:54:14.048566 Foxtrot: Yes
2024-10-15 04:54:14.048742 Romeo: Yes
ChatterBot Hotel reevaluating
ChatterBot Mike reevaluating
ChatterBot Foxtrot reevaluating
ChatterBot Romeo reevaluating
ChatterBot Charlie reevaluating
ChatterBot Mike reevaluating
ChatterBot Foxtrot reevaluating
ChatterBot Romeo reevaluating
ChatterBot Charlie reevaluating
ChatterBot Hotel reevaluating
ChatterBot Foxtrot reevaluating
ChatterBot Romeo reevaluating
ChatterBot Charlie reevaluating
ChatterBot Hotel reevaluating
ChatterBot Mike reevaluating
ChatterBot Romeo reevaluating
ChatterBot Charlie reevaluating
ChatterBot Hotel reevaluating
ChatterBot Mike reevaluating
ChatterBot Foxtrot reevaluating
randomSelections Sierra: {Sierra, Charlie, Alpha, Papa, Hotel, Romeo} 
2024-10-15 04:54:14.102861 Sierra: Group up?
ChatterBot Charlie reevaluating
ChatterBot Hotel reevaluating
ChatterBot Romeo reevaluating
2024-10-15 04:54:14.109532 Charlie: No
2024-10-15 04:54:14.110241 Alpha: No
2024-10-15 04:54:14.110381 Hotel: No
2024-10-15 04:54:14.110505 Romeo: No
ChatterBot Hotel reevaluating
ChatterBot Romeo reevaluating
ChatterBot Charlie reevaluating
ChatterBot Hotel reevaluating
ChatterBot Romeo reevaluating
ChatterBot Charlie reevaluating
ChatterBot Romeo reevaluating
ChatterBot Charlie reevaluating
ChatterBot Hotel reevaluating
ChatterBot Papa round 1
ChatterBot Papa reevaluating
ChatterBot Papa reevaluating
ChatterBot Papa reevaluating
ChatterBot Papa reevaluating
ChatterBot Papa reevaluating
ChatterBot Papa reevaluating
ChatterBot Papa reevaluating
ChatterBot Papa reevaluating
ChatterBot Papa reevaluating
ChatterBot Papa reevaluating
ChatterBot Papa reevaluating
2024-10-15 04:54:14.154443 Papa: Yes
2024-10-15 04:54:14.154722 Papa: No
ChatterBot Charlie reevaluating
ChatterBot Hotel reevaluating
ChatterBot Mike reevaluating
ChatterBot Foxtrot reevaluating
ChatterBot Romeo reevaluating
ChatterBot Charlie reevaluating
ChatterBot Hotel reevaluating
ChatterBot Romeo reevaluating
ChatterBot Juliett round 1
ChatterBot Juliett reevaluating
ChatterBot Juliett reevaluating
ChatterBot Juliett reevaluating
ChatterBot Juliett reevaluating
ChatterBot Juliett reevaluating
ChatterBot Juliett reevaluating
ChatterBot Juliett reevaluating
2024-10-15 04:54:14.187670 Juliett: Yes
ChatterBot Charlie reevaluating
ChatterBot Hotel reevaluating
ChatterBot Mike reevaluating
ChatterBot Foxtrot reevaluating
ChatterBot Romeo reevaluating
ChatterBot Papa reevaluating
randomSelections November: {November, Foxtrot, Sierra} 
2024-10-15 04:54:14.293198 November: Friends?
ChatterBot Foxtrot reevaluating
2024-10-15 04:54:14.323334 Foxtrot: No
2024-10-15 04:54:14.323522 Sierra: No
ChatterBot Foxtrot reevaluating
2024-10-15 04:54:14.368015 Alpha: Foxtrot, sending you 7
2024-10-15 04:54:14.369742 Sierra: Alpha, Hotel, Romeo and Papa, sending you 4
2024-10-15 04:54:14.371663 Romeo: Alpha, Hotel and Juliett, sending you 1
2024-10-15 04:54:14.372824 Mike: Alpha, Foxtrot and Papa, sending you 2
2024-10-15 04:54:14.374396 Sierra: Charlie, sending you 2
2024-10-15 04:54:14.376232 Alpha: Hotel, sending you 3
2024-10-15 04:54:14.377154 Charlie: Alpha and Hotel, sending you 2
2024-10-15 04:54:14.378640 Romeo: Foxtrot and Mike, sending you 4
2024-10-15 04:54:14.379076 Mike: Hotel, Charlie and Juliett, sending you 1
2024-10-15 04:54:14.380533 Papa: Foxtrot and Charlie, sending you 1
2024-10-15 04:54:14.381400 Alpha: Charlie and Papa, sending you 2
2024-10-15 04:54:14.383544 Juliett: Alpha, sending you 3
2024-10-15 04:54:14.385671 Foxtrot: Alpha and Juliett, sending you 3
2024-10-15 04:54:14.387258 November: Foxtrot, sending you 9
2024-10-15 04:54:14.387819 Charlie: Foxtrot, sending you 5
2024-10-15 04:54:14.389517 Romeo: Charlie and Papa, sending you 2
2024-10-15 04:54:14.391026 Mike: Romeo, sending you 3
2024-10-15 04:54:14.392039 Hotel: Alpha, Foxtrot and Papa, sending you 2
2024-10-15 04:54:14.393835 Papa: Juliett, sending you 2
2024-10-15 04:54:14.395842 Alpha: Romeo, sending you 1
2024-10-15 04:54:14.396849 Juliett: Foxtrot and Romeo, sending you 4
2024-10-15 04:54:14.398771 Foxtrot: Hotel and Papa, sending you 1
2024-10-15 04:54:14.400667 November: Sierra, sending you 10
2024-10-15 04:54:14.401101 Charlie: Romeo and Juliett, sending you 3
2024-10-15 04:54:14.402963 Hotel: Charlie and Romeo, sending you 4
2024-10-15 04:54:14.404498 Alpha: Juliett, sending you 4
2024-10-15 04:54:14.405160 Juliett: Hotel and Charlie, sending you 1
2024-10-15 04:54:14.406871 Foxtrot: Charlie and Romeo, sending you 2
2024-10-15 04:54:14.408284 Charlie: Mike and Papa, sending you 1
2024-10-15 04:54:14.409264 Hotel: Mike, sending you 1
2024-10-15 04:54:14.410650 Juliett: Mike and Papa, sending you 2
2024-10-15 04:54:14.415121 Foxtrot: Mike, sending you 7
2024-10-15 04:54:14.416605 Hotel: Juliett, sending you 3
chatterbot Alpha submitting transactions
chatterbot Mike submitting transactions
chatterbot Romeo submitting transactions
chatterbot Sierra submitting transactions
chatterbot Charlie submitting transactions
chatterbot November submitting transactions
chatterbot Foxtrot submitting transactions
chatterbot Papa submitting transactions
chatterbot Hotel submitting transactions
chatterbot Juliett submitting transactions
ChatterBot Alpha round 2
ChatterBot Foxtrot round 2
ChatterBot November round 2
ChatterBot Hotel round 2
ChatterBot Charlie round 2
ChatterBot Sierra round 2
ChatterBot Romeo round 2
ChatterBot Mike round 2
ChatterBot Papa round 2
2024-10-15 04:54:15.565202 November: Friends?
ChatterBot Sierra reevaluating
ChatterBot Papa reevaluating
ChatterBot Romeo reevaluating
2024-10-15 04:54:15.577815 Sierra: No
2024-10-15 04:54:15.578587 Papa: Yes
2024-10-15 04:54:15.578757 Romeo: No
ChatterBot November reevaluating
ChatterBot Papa reevaluating
ChatterBot Romeo reevaluating
ChatterBot November reevaluating
ChatterBot Sierra reevaluating
ChatterBot Romeo reevaluating
ChatterBot November reevaluating
ChatterBot Sierra reevaluating
ChatterBot Papa reevaluating
ChatterBot Juliett round 2
2024-10-15 04:54:15.629866 Charlie: We should add November and Sierra
ChatterBot Juliett reevaluating
ChatterBot Mike reevaluating
ChatterBot Foxtrot reevaluating
ChatterBot Romeo reevaluating
ChatterBot Papa reevaluating
2024-10-15 04:54:15.655681 Alpha: No
2024-10-15 04:54:15.655889 Juliett: No
2024-10-15 04:54:15.656015 Hotel: No
2024-10-15 04:54:15.656129 Mike: No
2024-10-15 04:54:15.656239 Foxtrot: No
2024-10-15 04:54:15.656348 Romeo: No
2024-10-15 04:54:15.656446 Papa: Yes
ChatterBot Charlie reevaluating
ChatterBot Juliett reevaluating
ChatterBot Mike reevaluating
ChatterBot Foxtrot reevaluating
ChatterBot Romeo reevaluating
ChatterBot Papa reevaluating
ChatterBot Charlie reevaluating
ChatterBot Mike reevaluating
ChatterBot Foxtrot reevaluating
ChatterBot Romeo reevaluating
ChatterBot Papa reevaluating
ChatterBot Charlie reevaluating
ChatterBot Juliett reevaluating
ChatterBot Mike reevaluating
ChatterBot Foxtrot reevaluating
ChatterBot Romeo reevaluating
ChatterBot Papa reevaluating
ChatterBot Charlie reevaluating
ChatterBot Juliett reevaluating
ChatterBot Foxtrot reevaluating
ChatterBot Romeo reevaluating
ChatterBot Papa reevaluating
ChatterBot Charlie reevaluating
ChatterBot Juliett reevaluating
ChatterBot Mike reevaluating
ChatterBot Romeo reevaluating
ChatterBot Papa reevaluating
ChatterBot Charlie reevaluating
ChatterBot Juliett reevaluating
ChatterBot Mike reevaluating
ChatterBot Foxtrot reevaluating
ChatterBot Papa reevaluating
ChatterBot Charlie reevaluating
ChatterBot Juliett reevaluating
ChatterBot Hotel reevaluating
ChatterBot Mike reevaluating
ChatterBot Foxtrot reevaluating
ChatterBot Romeo reevaluating
2024-10-15 04:54:15.896731 Alpha: We should drop Papa
ChatterBot Foxtrot reevaluating
ChatterBot Hotel reevaluating
ChatterBot Charlie reevaluating
ChatterBot Romeo reevaluating
ChatterBot Mike reevaluating
ChatterBot Juliett reevaluating
2024-10-15 04:54:15.937445 Foxtrot: Yes
2024-10-15 04:54:15.937662 Hotel: Yes
2024-10-15 04:54:15.937805 Charlie: Yes
2024-10-15 04:54:15.937962 Romeo: Yes
2024-10-15 04:54:15.938147 Mike: Yes
2024-10-15 04:54:15.938914 Juliett: Yes
ChatterBot Hotel reevaluating
ChatterBot Charlie reevaluating
ChatterBot Romeo reevaluating
ChatterBot Mike reevaluating
ChatterBot Juliett reevaluating
ChatterBot Foxtrot reevaluating
ChatterBot Charlie reevaluating
ChatterBot Romeo reevaluating
ChatterBot Mike reevaluating
ChatterBot Juliett reevaluating
ChatterBot Foxtrot reevaluating
ChatterBot Hotel reevaluating
ChatterBot Romeo reevaluating
ChatterBot Mike reevaluating
ChatterBot Juliett reevaluating
ChatterBot Foxtrot reevaluating
ChatterBot Hotel reevaluating
ChatterBot Charlie reevaluating
ChatterBot Mike reevaluating
ChatterBot Juliett reevaluating
ChatterBot Foxtrot reevaluating
ChatterBot Hotel reevaluating
ChatterBot Charlie reevaluating
ChatterBot Romeo reevaluating
ChatterBot Juliett reevaluating
ChatterBot Foxtrot reevaluating
ChatterBot Hotel reevaluating
ChatterBot Charlie reevaluating
ChatterBot Romeo reevaluating
ChatterBot Mike reevaluating
2024-10-15 04:54:16.153795 Foxtrot: We should drop Mike and Papa
ChatterBot Hotel reevaluating
ChatterBot Charlie reevaluating
2024-10-15 04:54:16.182373 Alpha: No
2024-10-15 04:54:16.182588 Hotel: No
2024-10-15 04:54:16.183318 Charlie: No
2024-10-15 04:54:16.183514 Romeo: No
2024-10-15 04:54:16.183707 Juliett: No
ChatterBot Foxtrot reevaluating
ChatterBot Hotel reevaluating
ChatterBot Charlie reevaluating
ChatterBot Foxtrot reevaluating
ChatterBot Charlie reevaluating
ChatterBot Foxtrot reevaluating
ChatterBot Hotel reevaluating
ChatterBot Foxtrot reevaluating
ChatterBot Hotel reevaluating
ChatterBot Charlie reevaluating
ChatterBot Foxtrot reevaluating
ChatterBot Hotel reevaluating
ChatterBot Charlie reevaluating
chatterbot November submitting transactions
2024-10-15 04:54:16.644651 Sierra: November, sending you 12
2024-10-15 04:54:16.644994 November: Sending you 19
2024-10-15 04:54:16.645233 Papa: November, sending you 2
2024-10-15 04:54:16.645500 Alpha: Foxtrot and Juliett, sending you 4
chatterbot Sierra submitting transactions
2024-10-15 04:54:17.126399 Papa: Charlie, sending you 4
2024-10-15 04:54:17.127460 Sierra: Papa, sending you 3
2024-10-15 04:54:17.127864 Mike: Alpha, sending you 1
2024-10-15 04:54:17.129064 Alpha: Hotel, Charlie and Mike, sending you 3
2024-10-15 04:54:17.129606 Romeo: Alpha, sending you 1
2024-10-15 04:54:17.130989 Juliett: Alpha, sending you 4
chatterbot Alpha submitting transactions
chatterbot Romeo submitting transactions
chatterbot Papa submitting transactions
chatterbot Hotel submitting transactions
chatterbot Mike submitting transactions
2024-10-15 04:54:17.132911 Papa: Sierra, sending you 3
2024-10-15 04:54:17.133881 Alpha: Romeo, sending you 2
2024-10-15 04:54:17.134353 Mike: Foxtrot, sending you 6
2024-10-15 04:54:17.135443 Juliett: Foxtrot, Hotel and Charlie, sending you 3
2024-10-15 04:54:17.136696 Hotel: Alpha and Charlie, sending you 4
2024-10-15 04:54:17.137130 Charlie: Alpha, Foxtrot and Romeo, sending you 3
2024-10-15 04:54:17.138256 Romeo: Foxtrot, sending you 2
2024-10-15 04:54:17.138828 Foxtrot: Alpha, sending you 5
2024-10-15 04:54:17.140028 Mike: Hotel and Charlie, sending you 2
2024-10-15 04:54:17.513162 Juliett: Romeo and Mike, sending you 2
2024-10-15 04:54:17.514148 Hotel: Foxtrot, Romeo, Mike and Juliett, sending you 2
2024-10-15 04:54:17.514519 Charlie: Hotel, sending you 5
2024-10-15 04:54:17.515289 Romeo: Hotel, Charlie, Mike and Juliett, sending you 3
2024-10-15 04:54:17.515599 Foxtrot: Hotel and Mike, sending you 2
2024-10-15 04:54:17.515936 Mike: Romeo, sending you 4
chatterbot Foxtrot submitting transactions
2024-10-15 04:54:17.634644 Mike: Juliett, sending you 3
2024-10-15 04:54:17.635116 Charlie: Mike, sending you 2
2024-10-15 04:54:17.635944 Foxtrot: Charlie, sending you 4
chatterbot Juliett submitting transactions
chatterbot Charlie submitting transactions
2024-10-15 04:54:17.651741 Charlie: Juliett, sending you 1
2024-10-15 04:54:17.652109 Foxtrot: Romeo and Juliett, sending you 3
ChatterBot Alpha round 3
ChatterBot Foxtrot round 3
ChatterBot November round 3
ChatterBot Hotel round 3
ChatterBot Charlie round 3
ChatterBot Sierra round 3
ChatterBot Romeo round 3
ChatterBot Mike round 3
ChatterBot Papa round 3
ChatterBot Juliett round 3
2024-10-15 04:54:17.676916 November: We should add Sierra
ChatterBot Papa reevaluating
2024-10-15 04:54:17.681180 Papa: Yes
2024-10-15 04:54:17.684733 Papa: We should replace Charlie with Juliett
2024-10-15 04:54:17.690705 Sierra: No
2024-10-15 04:54:17.690861 November: No
ChatterBot Papa reevaluating
ChatterBot Papa reevaluating
2024-10-15 04:54:17.711079 Foxtrot: We should drop Hotel
2024-10-15 04:54:17.724391 Alpha: No
2024-10-15 04:54:17.724597 Charlie: No
2024-10-15 04:54:17.724730 Romeo: No
2024-10-15 04:54:17.724874 Mike: No
2024-10-15 04:54:17.725464 Juliett: No
ChatterBot Foxtrot reevaluating
ChatterBot Foxtrot reevaluating
ChatterBot Foxtrot reevaluating
ChatterBot Foxtrot reevaluating
ChatterBot Foxtrot reevaluating
2024-10-15 04:54:17.802768 November: Sierra we want you to join our group
2024-10-15 04:54:17.806429 Sierra: Yes
ChatterBot Papa reevaluating
2024-10-15 04:54:17.813172 Papa: We should replace Charlie with Alpha
2024-10-15 04:54:17.818837 Sierra: No
2024-10-15 04:54:17.819009 November: No
ChatterBot Papa reevaluating
ChatterBot Papa reevaluating
2024-10-15 04:54:17.887752 Charlie: Alpha, Foxtrot and Romeo, sending you 3
2024-10-15 04:54:17.888766 Hotel: Alpha, Foxtrot, Romeo and Juliett, sending you 3
2024-10-15 04:54:17.889109 Alpha: Foxtrot, sending you 5
2024-10-15 04:54:17.889445 Sierra: November, sending you 11
2024-10-15 04:54:17.890161 Papa: Juliett we want you to join our group
2024-10-15 04:54:17.894415 Juliett: No
2024-10-15 04:54:17.908593 Charlie: Hotel, sending you 4
2024-10-15 04:54:17.909130 Hotel: Charlie, sending you 4
2024-10-15 04:54:17.909631 Alpha: Hotel and Charlie, sending you 3
2024-10-15 04:54:17.910569 Sierra: Papa, sending you 7
2024-10-15 04:54:17.910922 November: Sierra, sending you 13
2024-10-15 04:54:17.972848 Romeo: Alpha, sending you 1
2024-10-15 04:54:17.973916 Foxtrot: Alpha and Mike, sending you 4
2024-10-15 04:54:17.975444 Juliett: Alpha, Foxtrot, Hotel, Romeo and Mike, sending you 3
2024-10-15 04:54:17.976727 Mike: Alpha, Hotel and Charlie, sending you 2
2024-10-15 04:54:17.977513 Hotel: Mike, sending you 2
2024-10-15 04:54:17.979001 Charlie: Mike and Juliett, sending you 2
2024-10-15 04:54:17.980326 Alpha: Romeo and Mike, sending you 2
2024-10-15 04:54:17.980888 November: Papa, sending you 6
2024-10-15 04:54:17.982048 Romeo: Foxtrot, Charlie, Mike and Juliett, sending you 3
2024-10-15 04:54:17.982791 Foxtrot: Hotel, sending you 2
2024-10-15 04:54:17.984145 Mike: Foxtrot, sending you 5
2024-10-15 04:54:17.985638 Juliett: Charlie, sending you 2
2024-10-15 04:54:17.986658 Alpha: Juliett, sending you 4
2024-10-15 04:54:17.987963 Papa: November and Sierra, sending you 3
2024-10-15 04:54:17.988423 Romeo: Hotel, sending you 2
2024-10-15 04:54:17.989851 Foxtrot: Charlie, Romeo and Juliett, sending you 3
2024-10-15 04:54:17.991203 Mike: Romeo, sending you 4
2024-10-15 04:54:18.007552 Papa: Juliett, sending you 2
2024-10-15 04:54:18.008097 Mike: Juliett, sending you 3
chatterbot Sierra submitting transactions
chatterbot Hotel submitting transactions
chatterbot Romeo submitting transactions
chatterbot Alpha submitting transactions
chatterbot Papa submitting transactions
chatterbot Charlie submitting transactions
chatterbot November submitting transactions
chatterbot Juliett submitting transactions
chatterbot Mike submitting transactions
chatterbot Foxtrot submitting transactions
ChatterBot Alpha round 4
ChatterBot Foxtrot round 4
ChatterBot November round 4
ChatterBot Hotel round 4
ChatterBot Charlie round 4
ChatterBot Sierra round 4
ChatterBot Romeo round 4
ChatterBot Mike round 4
ChatterBot Papa round 4
ChatterBot Juliett round 4
2024-10-15 04:54:19.111828 Papa: We should replace Juliett with Mike
2024-10-15 04:54:19.116977 Sierra: No
2024-10-15 04:54:19.117121 November: No
ChatterBot Papa reevaluating
ChatterBot Papa reevaluating
2024-10-15 04:54:19.144120 November: Sierra, sending you 12
2024-10-15 04:54:19.150726 Sierra: November, sending you 12
2024-10-15 04:54:19.151028 Juliett: Alpha, Foxtrot, Hotel, Romeo and Mike, sending you 3
2024-10-15 04:54:19.152110 November: Papa, sending you 7
2024-10-15 04:54:19.152398 Mike: Alpha and Hotel, sending you 2
2024-10-15 04:54:19.158675 Alpha: Foxtrot, sending you 5
2024-10-15 04:54:19.159807 Sierra: Papa, sending you 6
2024-10-15 04:54:19.160075 Charlie: Alpha, Foxtrot and Romeo, sending you 3
2024-10-15 04:54:19.161368 Romeo: Alpha, Hotel and Juliett, sending you 2
2024-10-15 04:54:19.162113 Hotel: Alpha, Foxtrot, Romeo and Juliett, sending you 3
2024-10-15 04:54:19.162591 Juliett: Charlie, sending you 2
2024-10-15 04:54:19.163667 Mike: Foxtrot, sending you 5
2024-10-15 04:54:19.164190 Papa: November and Sierra, sending you 3
2024-10-15 04:54:19.164553 Foxtrot: Alpha and Mike, sending you 4
2024-10-15 04:54:19.166122 Alpha: Hotel and Charlie, sending you 3
2024-10-15 04:54:19.166843 Charlie: Hotel, sending you 4
2024-10-15 04:54:19.168206 Romeo: Foxtrot, Charlie and Mike, sending you 3
2024-10-15 04:54:19.168704 Hotel: Charlie, sending you 4
2024-10-15 04:54:19.169576 Papa: Romeo, sending you 2
2024-10-15 04:54:19.169873 Mike: Charlie, Romeo and Juliett, sending you 3
2024-10-15 04:54:19.171502 Foxtrot: Hotel, sending you 2
2024-10-15 04:54:19.172086 Alpha: Romeo and Mike, sending you 2
2024-10-15 04:54:19.172679 Charlie: Mike and Juliett, sending you 2
2024-10-15 04:54:19.174383 Hotel: Mike, sending you 2
2024-10-15 04:54:19.177184 Foxtrot: Charlie, Romeo and Juliett, sending you 3
2024-10-15 04:54:19.177811 Alpha: Juliett, sending you 4
chatterbot Foxtrot submitting transactions
chatterbot Romeo submitting transactions
chatterbot Alpha submitting transactions
chatterbot November submitting transactions
chatterbot Charlie submitting transactions
chatterbot Hotel submitting transactions
chatterbot Sierra submitting transactions
chatterbot Mike submitting transactions
chatterbot Papa submitting transactions
chatterbot Juliett submitting transactions
ChatterBot Alpha round 5
ChatterBot Foxtrot round 5
ChatterBot November round 5
ChatterBot Hotel round 5
ChatterBot Charlie round 5
ChatterBot Sierra round 5
ChatterBot Romeo round 5
ChatterBot Mike round 5
ChatterBot Papa round 5
ChatterBot Juliett round 5
2024-10-15 04:54:20.354698 Sierra: November, sending you 12
2024-10-15 04:54:20.355999 November: Sierra, sending you 12
2024-10-15 04:54:20.356707 Alpha: Foxtrot, sending you 5
2024-10-15 04:54:20.358166 Sierra: Papa, sending you 6
2024-10-15 04:54:20.358692 November: Papa, sending you 7
2024-10-15 04:54:20.359661 Foxtrot: Alpha and Mike, sending you 4
2024-10-15 04:54:20.360863 Alpha: Hotel, Charlie, Mike and Juliett, sending you 3
2024-10-15 04:54:20.364146 Charlie: Alpha, Foxtrot and Romeo, sending you 3
2024-10-15 04:54:20.364875 Foxtrot: Hotel, sending you 2
2024-10-15 04:54:20.365907 Alpha: Romeo, sending you 2
2024-10-15 04:54:20.367661 Hotel: Alpha, Foxtrot, Romeo and Juliett, sending you 3
2024-10-15 04:54:20.369565 Foxtrot: Charlie, Romeo and Juliett, sending you 3
2024-10-15 04:54:20.370522 Charlie: Hotel, sending you 4
2024-10-15 04:54:20.371770 Romeo: Alpha, sending you 1
2024-10-15 04:54:20.373306 Papa: November and Sierra, sending you 3
2024-10-15 04:54:20.373722 Hotel: Charlie, sending you 4
2024-10-15 04:54:20.375028 Charlie: Mike and Juliett, sending you 2
2024-10-15 04:54:20.375750 Mike: Alpha and Hotel, sending you 2
2024-10-15 04:54:20.378108 Romeo: Foxtrot, Charlie, Mike and Juliett, sending you 3
2024-10-15 04:54:20.378992 Juliett: Alpha, Foxtrot, Hotel, Romeo and Mike, sending you 3
2024-10-15 04:54:20.380492 Papa: Romeo, sending you 2
2024-10-15 04:54:20.381401 Hotel: Mike, sending you 2
2024-10-15 04:54:20.382140 Mike: Foxtrot, sending you 5
2024-10-15 04:54:20.383392 Romeo: Hotel, sending you 2
2024-10-15 04:54:20.385125 Juliett: Charlie, sending you 2
2024-10-15 04:54:20.387696 Mike: Charlie, Romeo and Juliett, sending you 3
chatterbot November submitting transactions
chatterbot Alpha submitting transactions
chatterbot Charlie submitting transactions
chatterbot Hotel submitting transactions
chatterbot Mike submitting transactions
chatterbot Foxtrot submitting transactions
chatterbot Sierra submitting transactions
chatterbot Romeo submitting transactions
chatterbot Papa submitting transactions
chatterbot Juliett submitting transactions
ChatterBot Alpha round 6
ChatterBot Foxtrot round 6
ChatterBot November round 6
ChatterBot Hotel round 6
ChatterBot Charlie round 6
ChatterBot Sierra round 6
ChatterBot Romeo round 6
ChatterBot Mike round 6
ChatterBot Papa round 6
ChatterBot Juliett round 6
2024-10-15 04:54:21.584718 Papa: We should replace Romeo with Hotel
2024-10-15 04:54:21.591555 Sierra: No
2024-10-15 04:54:21.591988 November: No
ChatterBot Papa reevaluating
ChatterBot Papa reevaluating
2024-10-15 04:54:21.609044 Papa: We should replace Romeo with Mike
2024-10-15 04:54:21.614472 Sierra: No
2024-10-15 04:54:21.614742 November: No
ChatterBot Papa reevaluating
ChatterBot Papa reevaluating
2024-10-15 04:54:21.625179 Hotel: Alpha, Foxtrot, Romeo and Juliett, sending you 3
2024-10-15 04:54:21.625811 Sierra: November, sending you 12
2024-10-15 04:54:21.626067 Alpha: Foxtrot, sending you 5
2024-10-15 04:54:21.626585 Foxtrot: Alpha and Mike, sending you 4
2024-10-15 04:54:21.628697 Hotel: Charlie, sending you 4
2024-10-15 04:54:21.629753 Alpha: Hotel, Charlie, Mike and Juliett, sending you 3
2024-10-15 04:54:21.630673 Sierra: Papa, sending you 6
2024-10-15 04:54:21.630999 November: Sierra, sending you 12
2024-10-15 04:54:21.631309 Charlie: Alpha, Foxtrot and Romeo, sending you 3
2024-10-15 04:54:21.632448 Romeo: Alpha, sending you 1
2024-10-15 04:54:21.633086 Foxtrot: Hotel, sending you 2
2024-10-15 04:54:21.633680 Juliett: Alpha, Foxtrot, Hotel, Romeo and Mike, sending you 3
2024-10-15 04:54:21.634256 Hotel: Mike, sending you 2
2024-10-15 04:54:21.635728 Papa: Mike we want you to join our group
2024-10-15 04:54:21.638666 Mike: No
ChatterBot Papa reevaluating
2024-10-15 04:54:21.647485 Alpha: Romeo, sending you 2
2024-10-15 04:54:21.648276 November: Papa, sending you 7
2024-10-15 04:54:21.648634 Charlie: Hotel, sending you 4
2024-10-15 04:54:21.649363 Romeo: Foxtrot, Charlie, Mike and Juliett, sending you 3
2024-10-15 04:54:21.650399 Foxtrot: Charlie, Romeo and Juliett, sending you 3
2024-10-15 04:54:21.650998 Juliett: Charlie, sending you 2
2024-10-15 04:54:21.653029 Charlie: Mike and Juliett, sending you 2
2024-10-15 04:54:21.654021 Romeo: Hotel, sending you 2
2024-10-15 04:54:21.655070 Mike: Alpha, Charlie, Romeo and Juliett, sending you 3
2024-10-15 04:54:21.658698 Mike: Foxtrot, sending you 4
2024-10-15 04:54:21.664669 Mike: Hotel, sending you 2
2024-10-15 04:54:21.675682 Papa: November and Sierra, sending you 3
2024-10-15 04:54:21.679669 Papa: Mike, sending you 2
chatterbot Foxtrot submitting transactions
chatterbot November submitting transactions
chatterbot Hotel submitting transactions
chatterbot Mike submitting transactions
chatterbot Sierra submitting transactions
chatterbot Romeo submitting transactions
chatterbot Alpha submitting transactions
chatterbot Charlie submitting transactions
chatterbot Juliett submitting transactions
chatterbot Papa submitting transactions
ChatterBot Alpha round 7
ChatterBot Foxtrot round 7
ChatterBot November round 7
ChatterBot Hotel round 7
ChatterBot Charlie round 7
ChatterBot Sierra round 7
ChatterBot Romeo round 7
ChatterBot Mike round 7
ChatterBot Papa round 7
ChatterBot Juliett round 7
2024-10-15 04:54:22.857221 Papa: We should replace Mike with Charlie
2024-10-15 04:54:22.860991 Sierra: No
2024-10-15 04:54:22.861163 November: No
ChatterBot Papa reevaluating
2024-10-15 04:54:22.872173 Foxtrot: We should drop Romeo
2024-10-15 04:54:22.882939 Alpha: No
2024-10-15 04:54:22.883089 Hotel: No
2024-10-15 04:54:22.883202 Charlie: No
2024-10-15 04:54:22.883306 Mike: No
2024-10-15 04:54:22.883404 Juliett: No
ChatterBot Foxtrot reevaluating
ChatterBot Foxtrot reevaluating
ChatterBot Foxtrot reevaluating
ChatterBot Foxtrot reevaluating
2024-10-15 04:54:22.932872 Papa: We should replace Mike with Hotel
2024-10-15 04:54:22.936780 Sierra: No
2024-10-15 04:54:22.936941 November: No
ChatterBot Papa reevaluating
ChatterBot Papa reevaluating
2024-10-15 04:54:22.947039 Alpha: Foxtrot, sending you 5
2024-10-15 04:54:22.949734 Mike: Alpha, Charlie, Romeo and Juliett, sending you 3
2024-10-15 04:54:22.950704 November: Sierra, sending you 12
2024-10-15 04:54:22.951118 Alpha: Hotel, Charlie, Mike and Juliett, sending you 3
2024-10-15 04:54:22.952482 Sierra: November, sending you 12
2024-10-15 04:54:22.952869 Romeo: Alpha, sending you 1
2024-10-15 04:54:22.953565 Charlie: Alpha, Foxtrot, Hotel, Romeo and Mike, sending you 3
2024-10-15 04:54:22.954586 Hotel: Alpha, Foxtrot, Romeo and Juliett, sending you 3
2024-10-15 04:54:22.955967 Papa: Charlie we want you to join our group
2024-10-15 04:54:22.958824 Charlie: No
ChatterBot Papa reevaluating
2024-10-15 04:54:22.966189 Mike: Foxtrot, sending you 4
2024-10-15 04:54:22.966910 November: Papa, sending you 7
2024-10-15 04:54:22.967913 Alpha: Romeo, sending you 2
2024-10-15 04:54:22.969043 Romeo: Foxtrot, Charlie, Mike and Juliett, sending you 3
2024-10-15 04:54:22.969986 Charlie: Juliett, sending you 2
2024-10-15 04:54:22.970799 Sierra: Papa, sending you 6
2024-10-15 04:54:22.971770 Juliett: Alpha, Foxtrot, Hotel, Romeo and Mike, sending you 3
2024-10-15 04:54:22.972533 Foxtrot: Alpha and Mike, sending you 4
2024-10-15 04:54:22.973520 Hotel: Charlie, sending you 4
2024-10-15 04:54:22.974323 Mike: Hotel, sending you 2
2024-10-15 04:54:22.975583 Romeo: Hotel, sending you 2
2024-10-15 04:54:22.976549 Juliett: Charlie, sending you 2
2024-10-15 04:54:22.977539 Foxtrot: Hotel, sending you 2
2024-10-15 04:54:22.978958 Hotel: Mike, sending you 2
2024-10-15 04:54:22.983675 Foxtrot: Charlie, Romeo and Juliett, sending you 3
2024-10-15 04:54:22.991659 Papa: November and Sierra, sending you 3
2024-10-15 04:54:22.995968 Papa: Mike, sending you 2
chatterbot Mike submitting transactions
chatterbot Alpha submitting transactions
chatterbot Hotel submitting transactions
chatterbot Sierra submitting transactions
chatterbot Romeo submitting transactions
chatterbot Charlie submitting transactions
chatterbot Foxtrot submitting transactions
chatterbot Juliett submitting transactions
chatterbot November submitting transactions
chatterbot Papa submitting transactions
ChatterBot Alpha round 8
ChatterBot Foxtrot round 8
ChatterBot November round 8
ChatterBot Hotel round 8
ChatterBot Charlie round 8
ChatterBot Sierra round 8
ChatterBot Romeo round 8
ChatterBot Mike round 8
ChatterBot Papa round 8
ChatterBot Juliett round 8
2024-10-15 04:54:24.192137 Foxtrot: We should drop Hotel
2024-10-15 04:54:24.206739 Alpha: No
2024-10-15 04:54:24.207019 Charlie: No
2024-10-15 04:54:24.207186 Romeo: No
2024-10-15 04:54:24.207830 Mike: No
2024-10-15 04:54:24.207960 Juliett: No
ChatterBot Foxtrot reevaluating
ChatterBot Foxtrot reevaluating
ChatterBot Foxtrot reevaluating
ChatterBot Foxtrot reevaluating
ChatterBot Foxtrot reevaluating
2024-10-15 04:54:24.288684 November: Sierra, sending you 12
2024-10-15 04:54:24.290716 Charlie: Alpha, Foxtrot, Hotel, Romeo and Mike, sending you 3
2024-10-15 04:54:24.293120 November: Papa, sending you 7
2024-10-15 04:54:24.293557 Alpha: Foxtrot, sending you 5
2024-10-15 04:54:24.295701 Charlie: Juliett, sending you 2
2024-10-15 04:54:24.296781 Romeo: Alpha, sending you 1
2024-10-15 04:54:24.298322 Alpha: Hotel, Charlie, Mike and Juliett, sending you 3
2024-10-15 04:54:24.299339 Hotel: Alpha, Foxtrot, Romeo and Juliett, sending you 3
2024-10-15 04:54:24.301669 Alpha: Romeo, sending you 2
2024-10-15 04:54:24.303032 Romeo: Foxtrot, Charlie, Mike and Juliett, sending you 3
2024-10-15 04:54:24.304875 Papa: November and Sierra, sending you 3
2024-10-15 04:54:24.305701 Hotel: Charlie, sending you 4
2024-10-15 04:54:24.307221 Sierra: November, sending you 12
2024-10-15 04:54:24.307719 Romeo: Hotel, sending you 2
2024-10-15 04:54:24.309339 Papa: Mike, sending you 2
2024-10-15 04:54:24.310534 Foxtrot: Alpha, Charlie, Romeo and Mike, sending you 4
2024-10-15 04:54:24.311683 Mike: Alpha, Charlie, Romeo and Juliett, sending you 3
2024-10-15 04:54:24.312811 Juliett: Alpha, Foxtrot, Hotel, Romeo and Mike, sending you 3
2024-10-15 04:54:24.314277 Hotel: Mike, sending you 2
2024-10-15 04:54:24.315298 Sierra: Papa, sending you 6
2024-10-15 04:54:24.316575 Foxtrot: Juliett, sending you 3
2024-10-15 04:54:24.317680 Mike: Foxtrot, sending you 4
2024-10-15 04:54:24.319466 Juliett: Charlie, sending you 2
2024-10-15 04:54:24.323674 Mike: Hotel, sending you 2
chatterbot Alpha submitting transactions
chatterbot Romeo submitting transactions
chatterbot Mike submitting transactions
chatterbot Papa submitting transactions
chatterbot Juliett submitting transactions
chatterbot Hotel submitting transactions
chatterbot Foxtrot submitting transactions
chatterbot Charlie submitting transactions
chatterbot Sierra submitting transactions
chatterbot November submitting transactions
ChatterBot Alpha round 9
ChatterBot Foxtrot round 9
ChatterBot November round 9
ChatterBot Hotel round 9
ChatterBot Charlie round 9
ChatterBot Sierra round 9
ChatterBot Romeo round 9
ChatterBot Mike round 9
ChatterBot Papa round 9
ChatterBot Juliett round 9
2024-10-15 04:54:25.456303 Papa: We should replace Mike with Alpha
2024-10-15 04:54:25.460162 Sierra: No
2024-10-15 04:54:25.460306 November: No
ChatterBot Papa reevaluating
2024-10-15 04:54:25.473629 Papa: We should replace Mike with Hotel
2024-10-15 04:54:25.477363 Sierra: No
2024-10-15 04:54:25.477965 November: No
ChatterBot Papa reevaluating
ChatterBot Papa reevaluating
2024-10-15 04:54:25.486516 Foxtrot: Alpha and Mike, sending you 4
2024-10-15 04:54:25.489192 Alpha: Foxtrot, sending you 5
2024-10-15 04:54:25.490164 Foxtrot: Hotel, sending you 2
2024-10-15 04:54:25.491335 Charlie: Alpha, Foxtrot, Hotel, Romeo and Mike, sending you 3
2024-10-15 04:54:25.492297 Romeo: Alpha, sending you 1
2024-10-15 04:54:25.493742 Sierra: November, sending you 12
2024-10-15 04:54:25.494127 Hotel: Alpha, Romeo, Mike and Juliett, sending you 3
2024-10-15 04:54:25.495068 Alpha: Hotel, Charlie, Mike and Juliett, sending you 3
2024-10-15 04:54:25.496001 November: Sierra, sending you 12
2024-10-15 04:54:25.496393 Foxtrot: Charlie, Romeo and Juliett, sending you 3
2024-10-15 04:54:25.497848 Charlie: Juliett, sending you 2
2024-10-15 04:54:25.498813 Romeo: Foxtrot, Charlie, Mike and Juliett, sending you 3
2024-10-15 04:54:25.499794 Sierra: Papa, sending you 6
2024-10-15 04:54:25.500132 Hotel: Foxtrot, sending you 2
2024-10-15 04:54:25.500803 Alpha: Romeo, sending you 2
2024-10-15 04:54:25.502288 November: Papa, sending you 7
2024-10-15 04:54:25.503671 Romeo: Hotel, sending you 2
2024-10-15 04:54:25.505664 Hotel: Charlie, sending you 4
2024-10-15 04:54:25.506668 Juliett: Alpha, Foxtrot, Hotel, Romeo and Mike, sending you 3
2024-10-15 04:54:25.509677 Papa: November and Sierra, sending you 3
2024-10-15 04:54:25.510165 Mike: Alpha, Charlie, Romeo and Juliett, sending you 3
2024-10-15 04:54:25.511204 Juliett: Charlie, sending you 2
2024-10-15 04:54:25.514671 Papa: Romeo, sending you 2
2024-10-15 04:54:25.515690 Mike: Foxtrot, sending you 4
2024-10-15 04:54:25.520666 Mike: Hotel, sending you 2
chatterbot Foxtrot submitting transactions
chatterbot Mike submitting transactions
chatterbot Papa submitting transactions
chatterbot Sierra submitting transactions
chatterbot Hotel submitting transactions
chatterbot November submitting transactions
chatterbot Romeo submitting transactions
chatterbot Juliett submitting transactions
chatterbot Charlie submitting transactions
chatterbot Alpha submitting transactions
ChatterBot Alpha round 10
ChatterBot Foxtrot round 10
ChatterBot November round 10
ChatterBot Hotel round 10
ChatterBot Charlie round 10
ChatterBot Sierra round 10
ChatterBot Romeo round 10
ChatterBot Mike round 10
ChatterBot Papa round 10
ChatterBot Juliett round 10
2024-10-15 04:54:26.557367 Foxtrot: We should drop Juliett
2024-10-15 04:54:26.569737 Alpha: No
2024-10-15 04:54:26.569910 Hotel: No
2024-10-15 04:54:26.570033 Charlie: No
2024-10-15 04:54:26.570146 Romeo: No
2024-10-15 04:54:26.570262 Mike: No
ChatterBot Foxtrot reevaluating
ChatterBot Foxtrot reevaluating
ChatterBot Foxtrot reevaluating
ChatterBot Foxtrot reevaluating
ChatterBot Foxtrot reevaluating
2024-10-15 04:54:26.634174 Papa: We should replace Romeo with Hotel
2024-10-15 04:54:26.639170 Sierra: No
2024-10-15 04:54:26.639358 November: No
ChatterBot Papa reevaluating
ChatterBot Papa reevaluating
2024-10-15 04:54:26.653829 November: Sierra, sending you 12
2024-10-15 04:54:26.656683 November: Papa, sending you 7
2024-10-15 04:54:26.658782 Papa: Hotel we want you to join our group
2024-10-15 04:54:26.662552 Hotel: No
ChatterBot Papa reevaluating
2024-10-15 04:54:26.673566 Papa: We should replace Romeo with Charlie
2024-10-15 04:54:26.680326 Sierra: No
2024-10-15 04:54:26.680527 November: No
ChatterBot Papa reevaluating
ChatterBot Papa reevaluating
2024-10-15 04:54:26.696092 Mike: Alpha, Charlie, Romeo and Juliett, sending you 3
2024-10-15 04:54:26.698530 Charlie: Alpha, Foxtrot, Hotel, Romeo and Mike, sending you 3
2024-10-15 04:54:26.700779 Foxtrot: Alpha and Mike, sending you 4
2024-10-15 04:54:26.703332 Papa: We should replace Romeo with Alpha
2024-10-15 04:54:26.709909 Sierra: No
2024-10-15 04:54:26.710083 November: No
ChatterBot Papa reevaluating
ChatterBot Papa reevaluating
2024-10-15 04:54:26.723984 Mike: Foxtrot, sending you 4
2024-10-15 04:54:26.725293 Hotel: Alpha, Romeo, Mike and Juliett, sending you 3
2024-10-15 04:54:26.726867 Sierra: November, sending you 12
2024-10-15 04:54:26.727235 Charlie: Juliett, sending you 2
2024-10-15 04:54:26.728122 Romeo: Alpha, sending you 1
2024-10-15 04:54:26.729564 Juliett: Alpha, Foxtrot, Hotel, Romeo and Mike, sending you 3
2024-10-15 04:54:26.730531 Alpha: Foxtrot, sending you 5
2024-10-15 04:54:26.731481 Foxtrot: Hotel, sending you 2
2024-10-15 04:54:26.733150 Mike: Hotel, sending you 2
2024-10-15 04:54:26.735695 Hotel: Foxtrot, sending you 2
2024-10-15 04:54:26.737518 Sierra: Papa, sending you 6
2024-10-15 04:54:26.738623 Romeo: Foxtrot, Charlie, Mike and Juliett, sending you 3
2024-10-15 04:54:26.739671 Juliett: Charlie, sending you 2
2024-10-15 04:54:26.741657 Alpha: Hotel, Charlie, Mike and Juliett, sending you 3
2024-10-15 04:54:26.742625 Foxtrot: Charlie, Romeo and Juliett, sending you 3
2024-10-15 04:54:26.744250 Hotel: Charlie, sending you 4
2024-10-15 04:54:26.745359 Romeo: Hotel, sending you 2
2024-10-15 04:54:26.746406 Alpha: Romeo, sending you 2
2024-10-15 04:54:26.765688 Papa: November and Sierra, sending you 3
2024-10-15 04:54:26.770706 Papa: Hotel, sending you 2
chatterbot Hotel submitting transactions
chatterbot Charlie submitting transactions
chatterbot Mike submitting transactions
chatterbot Sierra submitting transactions
chatterbot Romeo submitting transactions
chatterbot Papa submitting transactions
chatterbot Alpha submitting transactions
chatterbot Foxtrot submitting transactions
chatterbot Juliett submitting transactions
chatterbot November submitting transactions
ChatterBot Alpha round 11
ChatterBot Foxtrot round 11
ChatterBot November round 11
ChatterBot Hotel round 11
ChatterBot Charlie round 11
ChatterBot Sierra round 11
ChatterBot Romeo round 11
ChatterBot Mike round 11
ChatterBot Papa round 11
ChatterBot Juliett round 11
2024-10-15 04:54:27.704896 Papa: We should replace Hotel with Charlie
2024-10-15 04:54:27.709931 Sierra: No
2024-10-15 04:54:27.710107 November: No
ChatterBot Papa reevaluating
ChatterBot Papa reevaluating
2024-10-15 04:54:27.729291 Foxtrot: We should drop Romeo
2024-10-15 04:54:27.742750 Alpha: No
2024-10-15 04:54:27.742983 Hotel: No
2024-10-15 04:54:27.743809 Charlie: No
2024-10-15 04:54:27.744 Mike: No
2024-10-15 04:54:27.744174 Juliett: No
2024-10-15 04:54:27.810111 November: Sierra, sending you 12
2024-10-15 04:54:27.811641 Hotel: Alpha, Romeo, Mike and Juliett, sending you 3
2024-10-15 04:54:27.814832 November: Papa, sending you 7
2024-10-15 04:54:27.819083 Hotel: Foxtrot, sending you 2
2024-10-15 04:54:27.821705 Foxtrot: Alpha, sending you 5
2024-10-15 04:54:27.822879 Juliett: Alpha, Foxtrot, Hotel, Romeo and Mike, sending you 3
2024-10-15 04:54:27.823971 Charlie: Alpha, Foxtrot, Hotel, Romeo and Mike, sending you 3
2024-10-15 04:54:27.825415 Romeo: Alpha, sending you 1
2024-10-15 04:54:27.826283 Hotel: Charlie, sending you 4
2024-10-15 04:54:27.827060 Mike: Alpha, Charlie, Romeo and Juliett, sending you 3
2024-10-15 04:54:27.827895 Foxtrot: Hotel, sending you 2
2024-10-15 04:54:27.828340 Sierra: November, sending you 12
2024-10-15 04:54:27.828746 Alpha: Foxtrot, sending you 5
2024-10-15 04:54:27.829508 Juliett: Charlie, sending you 2
2024-10-15 04:54:27.830810 Romeo: Foxtrot, Charlie, Mike and Juliett, sending you 3
2024-10-15 04:54:27.831603 Charlie: Juliett, sending you 2
2024-10-15 04:54:27.832510 Papa: November and Sierra, sending you 3
2024-10-15 04:54:27.832898 Foxtrot: Charlie, Mike and Juliett, sending you 4
2024-10-15 04:54:27.833279 Sierra: Papa, sending you 6
2024-10-15 04:54:27.833610 Alpha: Hotel, Charlie, Mike and Juliett, sending you 3
2024-10-15 04:54:27.834410 Mike: Foxtrot, sending you 4
2024-10-15 04:54:27.835761 Romeo: Hotel, sending you 2
2024-10-15 04:54:27.836604 Papa: Hotel, sending you 2
2024-10-15 04:54:27.836949 Alpha: Romeo, sending you 2
2024-10-15 04:54:27.841068 Mike: Hotel, sending you 2
chatterbot Alpha submitting transactions
chatterbot Charlie submitting transactions
chatterbot Romeo submitting transactions
chatterbot Sierra submitting transactions
chatterbot Hotel submitting transactions
chatterbot Papa submitting transactions
chatterbot Mike submitting transactions
chatterbot Foxtrot submitting transactions
chatterbot November submitting transactions
chatterbot Juliett submitting transactions
ChatterBot Alpha round 12
ChatterBot Foxtrot round 12
ChatterBot November round 12
ChatterBot Hotel round 12
ChatterBot Charlie round 12
ChatterBot Sierra round 12
ChatterBot Romeo round 12
ChatterBot Mike round 12
ChatterBot Papa round 12
ChatterBot Juliett round 12
2024-10-15 04:54:28.990360 Papa: We should replace Hotel with Juliett
2024-10-15 04:54:28.998697 Sierra: No
2024-10-15 04:54:28.999078 November: No
ChatterBot Papa reevaluating
ChatterBot Papa reevaluating
2024-10-15 04:54:29.016699 Papa: We should replace Hotel with Alpha
2024-10-15 04:54:29.024444 Sierra: No
2024-10-15 04:54:29.025522 November: No
ChatterBot Papa reevaluating
ChatterBot Papa reevaluating
2024-10-15 04:54:29.046494 Juliett: Alpha, Foxtrot, Hotel, Romeo and Mike, sending you 3
2024-10-15 04:54:29.050077 Hotel: Alpha, Romeo, Mike and Juliett, sending you 3
2024-10-15 04:54:29.054042 Charlie: Alpha, Foxtrot, Hotel, Romeo and Mike, sending you 3
2024-10-15 04:54:29.057305 Foxtrot: Alpha, sending you 5
2024-10-15 04:54:29.059841 Alpha: Foxtrot, sending you 5
2024-10-15 04:54:29.063712 Papa: Alpha we want you to join our group
