ChatterBot Kilo round 1
randomSelections Kilo: {Kilo, Delta, Tango, Foxtrot} 
2024-10-15 00:57:13.150651 Kilo: Group up?
ChatterBot Bravo round 1
ChatterBot Sierra round 1
ChatterBot India round 1
ChatterBot Juliett round 1
ChatterBot Zulu round 1
ChatterBot Echo round 1
ChatterBot Delta round 1
ChatterBot Delta reevaluating
2024-10-15 00:57:13.154971 Delta: Yes
ChatterBot Tango round 1
ChatterBot Tango reevaluating
ChatterBot Tango reevaluating
2024-10-15 00:57:13.160487 Tango: Yes
ChatterBot Delta reevaluating
ChatterBot Foxtrot round 1
ChatterBot Foxtrot reevaluating
ChatterBot Foxtrot reevaluating
ChatterBot Foxtrot reevaluating
2024-10-15 00:57:13.174863 Foxtrot: Yes
ChatterBot Delta reevaluating
ChatterBot Tango reevaluating
randomSelections India: {India, Delta} 
2024-10-15 00:57:13.185123 India: We would work well together
ChatterBot Delta reevaluating
2024-10-15 00:57:13.188314 Delta: No
randomSelections Sierra: {Sierra, Foxtrot, Echo, Bravo, India, Juliett, Delta, Zulu} 
2024-10-15 00:57:13.193337 Sierra: We would work well together
ChatterBot Foxtrot reevaluating
ChatterBot Echo reevaluating
ChatterBot Bravo reevaluating
ChatterBot Juliett reevaluating
ChatterBot Delta reevaluating
ChatterBot Zulu reevaluating
2024-10-15 00:57:13.283380 Foxtrot: No
2024-10-15 00:57:13.285699 Echo: Yes
2024-10-15 00:57:13.285925 Bravo: Yes
2024-10-15 00:57:13.286102 India: No
2024-10-15 00:57:13.286273 Juliett: Yes
2024-10-15 00:57:13.286415 Delta: No
2024-10-15 00:57:13.286594 Zulu: Yes
ChatterBot Echo reevaluating
ChatterBot Bravo reevaluating
ChatterBot Juliett reevaluating
ChatterBot Delta reevaluating
ChatterBot Zulu reevaluating
ChatterBot Foxtrot reevaluating
ChatterBot Bravo reevaluating
ChatterBot Juliett reevaluating
ChatterBot Delta reevaluating
ChatterBot Zulu reevaluating
ChatterBot Foxtrot reevaluating
ChatterBot Echo reevaluating
ChatterBot Juliett reevaluating
ChatterBot Delta reevaluating
ChatterBot Zulu reevaluating
ChatterBot Foxtrot reevaluating
ChatterBot Echo reevaluating
ChatterBot Bravo reevaluating
ChatterBot Juliett reevaluating
ChatterBot Delta reevaluating
ChatterBot Zulu reevaluating
ChatterBot Foxtrot reevaluating
ChatterBot Echo reevaluating
ChatterBot Bravo reevaluating
ChatterBot Delta reevaluating
ChatterBot Zulu reevaluating
ChatterBot Foxtrot reevaluating
ChatterBot Echo reevaluating
ChatterBot Bravo reevaluating
ChatterBot Juliett reevaluating
ChatterBot Zulu reevaluating
ChatterBot Foxtrot reevaluating
ChatterBot Echo reevaluating
ChatterBot Bravo reevaluating
ChatterBot Juliett reevaluating
ChatterBot Delta reevaluating
2024-10-15 00:57:13.473956 Kilo: Foxtrot, sending you 2
2024-10-15 00:57:13.475366 Delta: Kilo and Tango, sending you 3
2024-10-15 00:57:13.476891 Sierra: Bravo, sending you 1
2024-10-15 00:57:13.479046 Echo: India and Juliett, sending you 1
2024-10-15 00:57:13.479959 Zulu: Bravo, Sierra and Delta, sending you 2
2024-10-15 00:57:13.481271 India: Sending you 9
2024-10-15 00:57:13.481738 Delta: Foxtrot, sending you 1
2024-10-15 00:57:13.483253 Bravo: Sierra, Delta and Foxtrot, sending you 2
2024-10-15 00:57:13.484820 Sierra: India, Echo and Foxtrot, sending you 2
2024-10-15 00:57:13.485709 Tango: Kilo and Foxtrot, sending you 3
2024-10-15 00:57:13.486874 Echo: Foxtrot, sending you 2
2024-10-15 00:57:13.488794 Zulu: India and Foxtrot, sending you 1
2024-10-15 00:57:13.491174 Juliett: Bravo, sending you 3
2024-10-15 00:57:13.491950 Bravo: Juliett, Zulu and Echo, sending you 1
2024-10-15 00:57:13.493288 Tango: Delta, sending you 4
2024-10-15 00:57:13.494477 Foxtrot: Kilo and Delta, sending you 2
2024-10-15 00:57:13.511895 Juliett: Sierra, Delta and Foxtrot, sending you 1
2024-10-15 00:57:13.513474 Foxtrot: Tango, sending you 3
chatterbot Tango submitting transactions
chatterbot Echo submitting transactions
chatterbot Sierra submitting transactions
chatterbot Delta submitting transactions
chatterbot Kilo submitting transactions
chatterbot Zulu submitting transactions
chatterbot Juliett submitting transactions
chatterbot India submitting transactions
chatterbot Bravo submitting transactions
chatterbot Foxtrot submitting transactions
ChatterBot Kilo round 2
ChatterBot Bravo round 2
ChatterBot Sierra round 2
ChatterBot India round 2
ChatterBot Juliett round 2
ChatterBot Zulu round 2
ChatterBot Echo round 2
ChatterBot Delta round 2
2024-10-15 00:57:14.714611 Bravo: Let's form a team
ChatterBot Sierra reevaluating
ChatterBot Juliett reevaluating
ChatterBot Zulu reevaluating
ChatterBot Echo reevaluating
2024-10-15 00:57:14.740785 Sierra: No
2024-10-15 00:57:14.741048 Juliett: Yes
2024-10-15 00:57:14.741723 Zulu: No
2024-10-15 00:57:14.741924 Echo: No
ChatterBot Bravo reevaluating
ChatterBot Juliett reevaluating
ChatterBot Zulu reevaluating
ChatterBot Echo reevaluating
ChatterBot Bravo reevaluating
ChatterBot Sierra reevaluating
ChatterBot Zulu reevaluating
ChatterBot Echo reevaluating
ChatterBot Bravo reevaluating
ChatterBot Sierra reevaluating
ChatterBot Juliett reevaluating
ChatterBot Echo reevaluating
ChatterBot Bravo reevaluating
ChatterBot Sierra reevaluating
ChatterBot Juliett reevaluating
ChatterBot Zulu reevaluating
ChatterBot Tango round 2
ChatterBot Foxtrot round 2
2024-10-15 00:57:14.985927 India: Group up?
ChatterBot Bravo reevaluating
ChatterBot Sierra reevaluating
ChatterBot Juliett reevaluating
ChatterBot Zulu reevaluating
2024-10-15 00:57:15.007589 Bravo: Yes
2024-10-15 00:57:15.007850 Sierra: Yes
2024-10-15 00:57:15.008107 Juliett: Yes
2024-10-15 00:57:15.008500 Zulu: No
ChatterBot Sierra reevaluating
ChatterBot Juliett reevaluating
ChatterBot Zulu reevaluating
ChatterBot Bravo reevaluating
ChatterBot Juliett reevaluating
ChatterBot Zulu reevaluating
ChatterBot Bravo reevaluating
ChatterBot Sierra reevaluating
ChatterBot Zulu reevaluating
ChatterBot Bravo reevaluating
ChatterBot Sierra reevaluating
ChatterBot Juliett reevaluating
2024-10-15 00:57:15.562513 Kilo: Delta and Tango, sending you 1
2024-10-15 00:57:15.563361 Juliett: Bravo and Echo, sending you 2
2024-10-15 00:57:15.563660 Sierra: Bravo, India, Juliett and Zulu, sending you 2
2024-10-15 00:57:15.563928 Bravo: Sierra, India, Juliett and Zulu, sending you 2
2024-10-15 00:57:15.564788 Echo: Sending you 9
2024-10-15 00:57:15.564981 Delta: Sending you 2
2024-10-15 00:57:15.565188 India: Bravo, Juliett and Zulu, sending you 2
2024-10-15 00:57:15.565410 Zulu: Sending you each 3
2024-10-15 00:57:15.715555 Juliett: Sierra and Zulu, sending you 1
2024-10-15 00:57:15.715942 India: Sierra, sending you 3
2024-10-15 00:57:15.716705 Foxtrot: Kilo and Delta, sending you 2
2024-10-15 00:57:15.717018 Tango: Kilo, sending you 2
chatterbot Tango submitting transactions
chatterbot Sierra submitting transactions
2024-10-15 00:57:15.739030 Tango: Delta and Foxtrot, sending you 4
2024-10-15 00:57:15.739915 Foxtrot: Tango, sending you 3
chatterbot Bravo submitting transactions
chatterbot Kilo submitting transactions
chatterbot Echo submitting transactions
chatterbot Zulu submitting transactions
chatterbot Juliett submitting transactions
chatterbot India submitting transactions
chatterbot Foxtrot submitting transactions
chatterbot Delta submitting transactions
ChatterBot Kilo round 3
ChatterBot Bravo round 3
ChatterBot Sierra round 3
ChatterBot India round 3
ChatterBot Juliett round 3
ChatterBot Zulu round 3
ChatterBot Echo round 3
ChatterBot Delta round 3
2024-10-15 00:57:16.626466 Bravo: We should add Echo
ChatterBot India reevaluating
ChatterBot Sierra reevaluating
ChatterBot Juliett reevaluating
ChatterBot Zulu reevaluating
2024-10-15 00:57:16.654955 India: Yes
2024-10-15 00:57:16.655359 Sierra: Yes
2024-10-15 00:57:16.655660 Juliett: Yes
2024-10-15 00:57:16.656579 Zulu: Yes
ChatterBot Sierra reevaluating
ChatterBot Juliett reevaluating
ChatterBot Zulu reevaluating
ChatterBot India reevaluating
ChatterBot Juliett reevaluating
ChatterBot Zulu reevaluating
ChatterBot India reevaluating
ChatterBot Sierra reevaluating
ChatterBot Zulu reevaluating
ChatterBot India reevaluating
ChatterBot Sierra reevaluating
ChatterBot Juliett reevaluating
2024-10-15 00:57:16.737410 Juliett: We should add India
2024-10-15 00:57:16.741479 Zulu: We should add Sierra
ChatterBot Sierra reevaluating
ChatterBot Zulu reevaluating
ChatterBot Echo reevaluating
2024-10-15 00:57:16.765746 Bravo: Yes
2024-10-15 00:57:16.769505 Sierra: Yes
ChatterBot Juliett reevaluating
2024-10-15 00:57:16.773571 Zulu: No
2024-10-15 00:57:16.774263 Echo: No
2024-10-15 00:57:16.774735 Bravo: Yes
2024-10-15 00:57:16.775207 Juliett: Yes
ChatterBot Sierra reevaluating
ChatterBot Juliett reevaluating
ChatterBot Zulu reevaluating
ChatterBot Echo reevaluating
ChatterBot Juliett reevaluating
ChatterBot Zulu reevaluating
ChatterBot Echo reevaluating
ChatterBot Sierra reevaluating
ChatterBot Juliett reevaluating
ChatterBot Echo reevaluating
ChatterBot Sierra reevaluating
ChatterBot Juliett reevaluating
ChatterBot Zulu reevaluating
ChatterBot Juliett reevaluating
ChatterBot Zulu reevaluating
ChatterBot Zulu reevaluating
2024-10-15 00:57:16.863213 Echo: We should add Bravo and Juliett
ChatterBot Sierra reevaluating
2024-10-15 00:57:16.868030 Sierra: Yes
ChatterBot Echo reevaluating
ChatterBot Tango round 3
ChatterBot Foxtrot round 3
2024-10-15 00:57:16.901799 Bravo: Echo we want you to join our group
ChatterBot Echo reevaluating
2024-10-15 00:57:16.906109 Echo: No
ChatterBot Sierra reevaluating
ChatterBot Juliett reevaluating
ChatterBot Zulu reevaluating
ChatterBot India reevaluating
chatterbot Bravo submitting transactions
2024-10-15 00:57:16.935718 India: Echo we want you to join our group
2024-10-15 00:57:16.939412 Echo: No
ChatterBot Sierra reevaluating
ChatterBot Zulu reevaluating
ChatterBot India reevaluating
2024-10-15 00:57:16.960234 Juliett: India we want you to join our group
ChatterBot India reevaluating
2024-10-15 00:57:16.964914 India: Yes
ChatterBot Sierra reevaluating
ChatterBot Zulu reevaluating
2024-10-15 00:57:16.984805 Echo: Bravo and Juliett we want you to join our group
2024-10-15 00:57:16.992277 Bravo: Yes
2024-10-15 00:57:16.992430 Juliett: Yes
ChatterBot Sierra reevaluating
ChatterBot Sierra reevaluating
2024-10-15 00:57:17.015371 Foxtrot: We should drop Delta
2024-10-15 00:57:17.022503 Kilo: No
2024-10-15 00:57:17.022667 Tango: No
ChatterBot Foxtrot reevaluating
ChatterBot Foxtrot reevaluating
2024-10-15 00:57:17.042457 Kilo: Tango and Foxtrot, sending you 1
2024-10-15 00:57:17.054177 Bravo: Sierra, India, Juliett and Zulu, sending you 2
2024-10-15 00:57:17.055342 Foxtrot: We should drop Kilo and Delta
2024-10-15 00:57:17.060744 Tango: No
ChatterBot Foxtrot reevaluating
2024-10-15 00:57:17.068975 Tango: Kilo and Delta, sending you 3
2024-10-15 00:57:17.069427 Zulu: Sierra we want you to join our group
ChatterBot Sierra reevaluating
2024-10-15 00:57:17.076646 Sierra: Yes
ChatterBot Zulu reevaluating
2024-10-15 00:57:17.095202 Bravo: Echo, sending you 1
2024-10-15 00:57:17.095676 Tango: Foxtrot, sending you 4
2024-10-15 00:57:17.100534 Echo: Sending you each 3
2024-10-15 00:57:17.100961 Juliett: Bravo, Sierra, India and Echo, sending you 1
2024-10-15 00:57:17.102055 India: Bravo, Sierra, Zulu and Echo, sending you 2
2024-10-15 00:57:17.105922 India: Juliett, sending you 1
2024-10-15 00:57:17.106876 Juliett: Zulu, sending you 2
2024-10-15 00:57:17.131113 Zulu: Sending you each 2
2024-10-15 00:57:17.131545 Sierra: Bravo, India, Juliett and Echo, sending you 2
2024-10-15 00:57:17.132369 Foxtrot: Kilo, sending you 3
2024-10-15 00:57:17.137508 Sierra: Zulu, sending you 1
2024-10-15 00:57:17.137919 Foxtrot: Tango, sending you 4
chatterbot Juliett submitting transactions
chatterbot Kilo submitting transactions
chatterbot Zulu submitting transactions
chatterbot India submitting transactions
chatterbot Delta submitting transactions
chatterbot Foxtrot submitting transactions
chatterbot Echo submitting transactions
chatterbot Tango submitting transactions
chatterbot Sierra submitting transactions
ChatterBot Kilo round 4
ChatterBot Bravo round 4
ChatterBot Sierra round 4
ChatterBot India round 4
ChatterBot Juliett round 4
ChatterBot Zulu round 4
ChatterBot Echo round 4
ChatterBot Delta round 4
ChatterBot Tango round 4
ChatterBot Foxtrot round 4
2024-10-15 00:57:18.325584 Echo: We should add India
ChatterBot Juliett reevaluating
2024-10-15 00:57:18.338161 Bravo: Yes
2024-10-15 00:57:18.338308 Sierra: Yes
2024-10-15 00:57:18.338444 Juliett: Yes
ChatterBot Juliett reevaluating
ChatterBot Juliett reevaluating
ChatterBot Echo reevaluating
2024-10-15 00:57:18.389639 Zulu: We should add India
ChatterBot Juliett reevaluating
ChatterBot Echo reevaluating
2024-10-15 00:57:18.411470 Bravo: Yes
2024-10-15 00:57:18.411640 Sierra: Yes
2024-10-15 00:57:18.411802 Juliett: Yes
2024-10-15 00:57:18.411951 Echo: Yes
ChatterBot Juliett reevaluating
ChatterBot Echo reevaluating
ChatterBot Juliett reevaluating
ChatterBot Echo reevaluating
ChatterBot Zulu reevaluating
ChatterBot Echo reevaluating
ChatterBot Juliett reevaluating
ChatterBot Zulu reevaluating
2024-10-15 00:57:18.635899 India: We should drop Echo
ChatterBot Juliett reevaluating
ChatterBot Zulu reevaluating
2024-10-15 00:57:18.659919 Bravo: No
2024-10-15 00:57:18.660173 Sierra: No
2024-10-15 00:57:18.660417 Juliett: No
2024-10-15 00:57:18.661299 Zulu: No
ChatterBot India reevaluating
ChatterBot Juliett reevaluating
ChatterBot Zulu reevaluating
ChatterBot India reevaluating
ChatterBot Juliett reevaluating
ChatterBot Zulu reevaluating
ChatterBot India reevaluating
ChatterBot Zulu reevaluating
ChatterBot India reevaluating
ChatterBot Juliett reevaluating
2024-10-15 00:57:18.729753 Zulu: We should replace Echo with India
2024-10-15 00:57:18.739555 Sierra: No
2024-10-15 00:57:18.739827 Bravo: No
2024-10-15 00:57:18.740516 Juliett: No
ChatterBot Zulu reevaluating
ChatterBot Zulu reevaluating
ChatterBot Zulu reevaluating
2024-10-15 00:57:18.769356 Foxtrot: We should drop Kilo
2024-10-15 00:57:18.772404 Tango: No
ChatterBot Foxtrot reevaluating
2024-10-15 00:57:18.776866 Echo: India we want you to join our group
ChatterBot India reevaluating
2024-10-15 00:57:18.780586 India: No
ChatterBot Echo reevaluating
2024-10-15 00:57:18.793078 Sierra: Bravo, India, Zulu and Echo, sending you 2
2024-10-15 00:57:18.793649 Bravo: Sierra, India, Juliett and Zulu, sending you 2
2024-10-15 00:57:18.794118 Kilo: Tango and Foxtrot, sending you 1
2024-10-15 00:57:18.795692 Sierra: Juliett, sending you 1
2024-10-15 00:57:18.797689 Delta: Sending you each 2
2024-10-15 00:57:18.798699 Bravo: Echo, sending you 1
2024-10-15 00:57:18.799670 Tango: Kilo and Delta, sending you 3
2024-10-15 00:57:18.800700 Juliett: Bravo, sending you 2
2024-10-15 00:57:18.802197 India: We should drop Juliett
ChatterBot Zulu reevaluating
ChatterBot Echo reevaluating
2024-10-15 00:57:18.822919 Bravo: No
2024-10-15 00:57:18.823183 Sierra: No
2024-10-15 00:57:18.823504 Zulu: No
2024-10-15 00:57:18.823787 Echo: Yes
ChatterBot India reevaluating
ChatterBot Zulu reevaluating
ChatterBot Echo reevaluating
ChatterBot India reevaluating
ChatterBot Zulu reevaluating
ChatterBot Echo reevaluating
ChatterBot India reevaluating
ChatterBot Echo reevaluating
ChatterBot India reevaluating
ChatterBot Zulu reevaluating
2024-10-15 00:57:18.898726 Tango: Foxtrot, sending you 4
2024-10-15 00:57:18.899050 Juliett: Sierra, India, Zulu and Echo, sending you 1
2024-10-15 00:57:18.903687 Zulu: India we want you to join our group
ChatterBot India reevaluating
2024-10-15 00:57:18.908851 India: No
ChatterBot Echo reevaluating
2024-10-15 00:57:18.927199 Foxtrot: Kilo, sending you 3
2024-10-15 00:57:18.933047 Foxtrot: Tango, sending you 4
2024-10-15 00:57:18.952714 Zulu: Bravo, Sierra, India and Juliett, sending you 2
2024-10-15 00:57:18.955684 Echo: Bravo, India and Juliett, sending you 2
2024-10-15 00:57:18.959843 Echo: Sierra, sending you 3
2024-10-15 00:57:18.962675 India: Bravo, Zulu and Echo, sending you 2
2024-10-15 00:57:18.966995 India: Sierra, sending you 3
chatterbot Echo submitting transactions
chatterbot Sierra submitting transactions
chatterbot Bravo submitting transactions
chatterbot Echo submitting transactions
chatterbot Delta submitting transactions
chatterbot Kilo submitting transactions
chatterbot Zulu submitting transactions
chatterbot India submitting transactions
chatterbot Tango submitting transactions
chatterbot Foxtrot submitting transactions
chatterbot Juliett submitting transactions
ChatterBot Kilo round 5
ChatterBot Bravo round 5
ChatterBot Sierra round 5
ChatterBot India round 5
ChatterBot Juliett round 5
ChatterBot Zulu round 5
ChatterBot Echo round 5
ChatterBot Delta round 5
ChatterBot Tango round 5
ChatterBot Foxtrot round 5
2024-10-15 00:57:20.025267 Foxtrot: We should replace Kilo with Delta
2024-10-15 00:57:20.028746 Tango: No
2024-10-15 00:57:20.032627 Delta: We should drop Kilo
ChatterBot Tango reevaluating
ChatterBot Foxtrot reevaluating
2024-10-15 00:57:20.041282 Tango: Yes
2024-10-15 00:57:20.041513 Foxtrot: No
ChatterBot Foxtrot reevaluating
ChatterBot Tango reevaluating
2024-10-15 00:57:20.057681 Kilo: Tango and Foxtrot, sending you 1
2024-10-15 00:57:20.058792 Juliett: Bravo, sending you 2
2024-10-15 00:57:20.059270 India: Bravo, Zulu and Echo, sending you 2
2024-10-15 00:57:20.060206 Bravo: Sierra, India, Juliett and Zulu, sending you 2
2024-10-15 00:57:20.060930 Sierra: Bravo, India, Zulu and Echo, sending you 2
2024-10-15 00:57:20.061797 Zulu: Bravo, Sierra, India and Juliett, sending you 2
2024-10-15 00:57:20.062798 Echo: Bravo, India and Juliett, sending you 2
2024-10-15 00:57:20.063411 Juliett: Sierra, India, Zulu and Echo, sending you 1
2024-10-15 00:57:20.064685 India: Sierra, sending you 3
2024-10-15 00:57:20.065677 Bravo: Echo, sending you 1
2024-10-15 00:57:20.066949 Sierra: Juliett, sending you 1
2024-10-15 00:57:20.067512 Echo: Sierra, sending you 3
2024-10-15 00:57:20.074145 Delta: Tango, sending you 2
2024-10-15 00:57:20.074725 Tango: Kilo and Delta, sending you 3
2024-10-15 00:57:20.077692 Tango: Foxtrot, sending you 4
2024-10-15 00:57:20.079661 Delta: Foxtrot, sending you 3
2024-10-15 00:57:20.081648 Foxtrot: Delta, sending you 3
2024-10-15 00:57:20.086656 Foxtrot: Tango, sending you 4
chatterbot Zulu submitting transactions
chatterbot Kilo submitting transactions
chatterbot Delta submitting transactions
chatterbot Echo submitting transactions
chatterbot Bravo submitting transactions
chatterbot Juliett submitting transactions
chatterbot Sierra submitting transactions
chatterbot India submitting transactions
chatterbot Foxtrot submitting transactions
chatterbot Tango submitting transactions
ChatterBot Kilo round 6
ChatterBot Bravo round 6
ChatterBot Sierra round 6
ChatterBot India round 6
ChatterBot Juliett round 6
ChatterBot Zulu round 6
ChatterBot Echo round 6
ChatterBot Delta round 6
ChatterBot Tango round 6
ChatterBot Foxtrot round 6
2024-10-15 00:57:21.459476 Kilo: Tango and Foxtrot, sending you 1
2024-10-15 00:57:21.460644 Sierra: Bravo, India, Zulu and Echo, sending you 2
2024-10-15 00:57:21.461483 Zulu: Bravo, Sierra, India and Juliett, sending you 2
2024-10-15 00:57:21.462929 Bravo: Sierra, India, Juliett and Zulu, sending you 2
2024-10-15 00:57:21.464201 Delta: Tango, sending you 2
2024-10-15 00:57:21.464839 Tango: Kilo and Delta, sending you 3
2024-10-15 00:57:21.465994 Juliett: Bravo, sending you 2
2024-10-15 00:57:21.467339 Foxtrot: Delta, sending you 3
2024-10-15 00:57:21.468055 Sierra: Juliett, sending you 1
2024-10-15 00:57:21.469506 Bravo: Echo, sending you 1
2024-10-15 00:57:21.470651 Delta: Foxtrot, sending you 3
2024-10-15 00:57:21.471052 Tango: Foxtrot, sending you 4
2024-10-15 00:57:21.471638 Juliett: Sierra, India, Zulu and Echo, sending you 1
2024-10-15 00:57:21.472918 Foxtrot: Tango, sending you 4
2024-10-15 00:57:21.473380 India: Bravo, Zulu and Echo, sending you 2
2024-10-15 00:57:21.476510 Echo: Bravo, India and Juliett, sending you 2
2024-10-15 00:57:21.478679 India: Sierra, sending you 3
2024-10-15 00:57:21.483665 Echo: Sierra, sending you 3
chatterbot Bravo submitting transactions
chatterbot Foxtrot submitting transactions
chatterbot Kilo submitting transactions
chatterbot Juliett submitting transactions
chatterbot Zulu submitting transactions
chatterbot Tango submitting transactions
chatterbot Delta submitting transactions
chatterbot India submitting transactions
chatterbot Echo submitting transactions
chatterbot Sierra submitting transactions
ChatterBot Kilo round 7
ChatterBot Bravo round 7
ChatterBot Sierra round 7
ChatterBot India round 7
ChatterBot Juliett round 7
ChatterBot Zulu round 7
ChatterBot Echo round 7
ChatterBot Delta round 7
2024-10-15 00:57:22.686158 Echo: We should replace Juliett with Zulu
2024-10-15 00:57:22.696723 Bravo: No
2024-10-15 00:57:22.696997 Sierra: No
2024-10-15 00:57:22.697220 India: Yes
ChatterBot Echo reevaluating
ChatterBot Echo reevaluating
ChatterBot Echo reevaluating
ChatterBot Bravo reevaluating
ChatterBot Tango round 7
ChatterBot Foxtrot round 7
2024-10-15 00:57:22.734618 Bravo: We should drop Echo
ChatterBot Zulu reevaluating
2024-10-15 00:57:22.745256 India: No
2024-10-15 00:57:22.745942 Sierra: No
2024-10-15 00:57:22.746053 Juliett: No
2024-10-15 00:57:22.746158 Zulu: No
ChatterBot Bravo reevaluating
ChatterBot Zulu reevaluating
ChatterBot India reevaluating
ChatterBot Bravo reevaluating
ChatterBot Zulu reevaluating
ChatterBot India reevaluating
ChatterBot Bravo reevaluating
ChatterBot Zulu reevaluating
ChatterBot India reevaluating
ChatterBot Bravo reevaluating
2024-10-15 00:57:22.798839 Echo: Zulu we want you to join our group
ChatterBot Zulu reevaluating
2024-10-15 00:57:22.802244 Zulu: Yes
ChatterBot India reevaluating
ChatterBot Bravo reevaluating
ChatterBot Echo reevaluating
2024-10-15 00:57:22.813432 Kilo: Tango and Foxtrot, sending you 1
2024-10-15 00:57:22.816676 Sierra: Bravo, India and Zulu, sending you 2
2024-10-15 00:57:22.817776 Delta: Tango, sending you 2
2024-10-15 00:57:22.818199 Juliett: Bravo, sending you 2
2024-10-15 00:57:22.820731 Sierra: Juliett and Echo, sending you 1
2024-10-15 00:57:22.821693 Delta: Foxtrot, sending you 3
2024-10-15 00:57:22.823705 Juliett: Sierra, India, Zulu and Echo, sending you 1
2024-10-15 00:57:22.827675 Foxtrot: Delta, sending you 3
2024-10-15 00:57:22.828906 Tango: Kilo and Delta, sending you 3
2024-10-15 00:57:22.832666 Foxtrot: Tango, sending you 4
2024-10-15 00:57:22.833031 India: Bravo, Zulu and Echo, sending you 2
2024-10-15 00:57:22.833942 Tango: Foxtrot, sending you 4
2024-10-15 00:57:22.834656 Bravo: Sierra, India, Juliett and Zulu, sending you 2
2024-10-15 00:57:22.836719 India: Sierra, sending you 3
2024-10-15 00:57:22.837681 Zulu: Bravo, Sierra, India and Juliett, sending you 2
2024-10-15 00:57:22.839657 Bravo: Echo, sending you 1
2024-10-15 00:57:22.847655 Echo: Bravo, India and Zulu, sending you 2
2024-10-15 00:57:22.852670 Echo: Sierra, sending you 3
chatterbot Sierra submitting transactions
chatterbot Tango submitting transactions
chatterbot Delta submitting transactions
chatterbot India submitting transactions
chatterbot Zulu submitting transactions
chatterbot Foxtrot submitting transactions
chatterbot Bravo submitting transactions
chatterbot Juliett submitting transactions
chatterbot Echo submitting transactions
chatterbot Kilo submitting transactions
ChatterBot Kilo round 8
ChatterBot Bravo round 8
ChatterBot Sierra round 8
ChatterBot India round 8
ChatterBot Juliett round 8
ChatterBot Zulu round 8
ChatterBot Echo round 8
ChatterBot Delta round 8
ChatterBot Tango round 8
ChatterBot Foxtrot round 8
2024-10-15 00:57:23.930677 Sierra: Bravo, India and Zulu, sending you 2
2024-10-15 00:57:23.931855 India: Bravo, Zulu and Echo, sending you 2
2024-10-15 00:57:23.935676 India: Sierra, sending you 3
2024-10-15 00:57:23.936192 Juliett: Bravo, sending you 2
2024-10-15 00:57:23.937189 Sierra: Juliett and Echo, sending you 1
2024-10-15 00:57:23.937739 Kilo: Tango and Foxtrot, sending you 1
2024-10-15 00:57:23.940678 Juliett: Sierra, India, Zulu and Echo, sending you 1
2024-10-15 00:57:23.944674 Bravo: Sierra, India, Juliett and Zulu, sending you 2
2024-10-15 00:57:23.945672 Foxtrot: Delta, sending you 3
2024-10-15 00:57:23.946795 Echo: Bravo, India and Zulu, sending you 2
2024-10-15 00:57:23.948661 Zulu: Bravo, Sierra, India and Juliett, sending you 2
2024-10-15 00:57:23.949160 Bravo: Echo, sending you 1
2024-10-15 00:57:23.949676 Delta: Tango, sending you 2
2024-10-15 00:57:23.949983 Echo: Sierra, sending you 3
2024-10-15 00:57:23.950991 Foxtrot: Tango, sending you 4
2024-10-15 00:57:23.953650 Delta: Foxtrot, sending you 3
2024-10-15 00:57:23.954678 Tango: Kilo and Delta, sending you 3
2024-10-15 00:57:23.958730 Tango: Foxtrot, sending you 4
chatterbot Juliett submitting transactions
chatterbot India submitting transactions
chatterbot Bravo submitting transactions
chatterbot Tango submitting transactions
chatterbot Zulu submitting transactions
chatterbot Delta submitting transactions
chatterbot Foxtrot submitting transactions
chatterbot Sierra submitting transactions
chatterbot Echo submitting transactions
chatterbot Kilo submitting transactions
ChatterBot Kilo round 9
ChatterBot Bravo round 9
ChatterBot Sierra round 9
ChatterBot India round 9
ChatterBot Juliett round 9
ChatterBot Zulu round 9
ChatterBot Echo round 9
ChatterBot Delta round 9
ChatterBot Tango round 9
ChatterBot Foxtrot round 9
2024-10-15 00:57:25.213975 India: We should replace Echo with Juliett
2024-10-15 00:57:25.230403 Bravo: No
2024-10-15 00:57:25.230610 Sierra: No
2024-10-15 00:57:25.230798 Zulu: No
ChatterBot India reevaluating
ChatterBot India reevaluating
ChatterBot India reevaluating
2024-10-15 00:57:25.297919 Bravo: Sierra, India, Juliett and Zulu, sending you 2
2024-10-15 00:57:25.299704 Kilo: Tango, sending you 2
2024-10-15 00:57:25.300702 Sierra: Bravo, India and Zulu, sending you 2
2024-10-15 00:57:25.302681 Echo: Bravo, sending you 2
2024-10-15 00:57:25.303688 Bravo: Echo, sending you 1
2024-10-15 00:57:25.305685 Juliett: Bravo, sending you 2
2024-10-15 00:57:25.306669 Sierra: Juliett and Echo, sending you 1
2024-10-15 00:57:25.307168 Zulu: Bravo, Sierra and India, sending you 2
2024-10-15 00:57:25.307719 Echo: Sierra and India, sending you 3
2024-10-15 00:57:25.309331 Delta: Sending you 3
2024-10-15 00:57:25.310666 Juliett: Sierra, India, Zulu and Echo, sending you 1
2024-10-15 00:57:25.311207 Echo: Zulu, sending you 1
2024-10-15 00:57:25.312673 Zulu: Juliett and Echo, sending you 1
2024-10-15 00:57:25.314035 Tango: Kilo and Delta, sending you 3
2024-10-15 00:57:25.314390 India: Bravo, Zulu and Echo, sending you 2
2024-10-15 00:57:25.317707 Tango: Foxtrot, sending you 4
2024-10-15 00:57:25.318692 India: Sierra, sending you 3
2024-10-15 00:57:25.326682 Foxtrot: Delta, sending you 3
2024-10-15 00:57:25.331659 Foxtrot: Tango, sending you 4
chatterbot Bravo submitting transactions
chatterbot Tango submitting transactions
chatterbot Zulu submitting transactions
chatterbot Sierra submitting transactions
chatterbot Juliett submitting transactions
chatterbot Kilo submitting transactions
chatterbot Echo submitting transactions
chatterbot Foxtrot submitting transactions
chatterbot Delta submitting transactions
chatterbot India submitting transactions
ChatterBot Kilo round 10
ChatterBot Bravo round 10
ChatterBot Sierra round 10
ChatterBot India round 10
ChatterBot Juliett round 10
ChatterBot Zulu round 10
ChatterBot Echo round 10
ChatterBot Delta round 10
ChatterBot Tango round 10
ChatterBot Foxtrot round 10
2024-10-15 00:57:26.478943 India: We should replace Bravo with Juliett
2024-10-15 00:57:26.488561 Sierra: No
2024-10-15 00:57:26.488758 Zulu: No
2024-10-15 00:57:26.488915 Echo: No
ChatterBot India reevaluating
ChatterBot Echo reevaluating
ChatterBot India reevaluating
2024-10-15 00:57:26.534199 India: We should replace Echo with Juliett
2024-10-15 00:57:26.541184 Bravo: No
2024-10-15 00:57:26.541333 Sierra: No
2024-10-15 00:57:26.541449 Zulu: No
ChatterBot India reevaluating
ChatterBot India reevaluating
ChatterBot India reevaluating
2024-10-15 00:57:26.565670 Kilo: Delta and Tango, sending you 1
2024-10-15 00:57:26.566694 Bravo: Sierra, India, Juliett and Zulu, sending you 2
2024-10-15 00:57:26.567678 Sierra: Bravo, India and Zulu, sending you 2
2024-10-15 00:57:26.569661 Bravo: Echo, sending you 1
2024-10-15 00:57:26.571692 Sierra: Juliett and Echo, sending you 1
2024-10-15 00:57:26.572435 Delta: Tango, sending you 2
2024-10-15 00:57:26.576677 Delta: Foxtrot, sending you 3
2024-10-15 00:57:26.578651 Tango: Kilo and Delta, sending you 3
2024-10-15 00:57:26.580971 Juliett: Bravo, sending you 2
2024-10-15 00:57:26.581696 Tango: Foxtrot, sending you 4
2024-10-15 00:57:26.584706 Zulu: Bravo, Sierra and India, sending you 2
2024-10-15 00:57:26.585683 Juliett: Sierra, India, Zulu and Echo, sending you 1
2024-10-15 00:57:26.586989 India: Bravo, Zulu and Echo, sending you 2
2024-10-15 00:57:26.587570 Foxtrot: Delta, sending you 3
2024-10-15 00:57:26.588700 Zulu: Juliett and Echo, sending you 1
2024-10-15 00:57:26.590154 Echo: Bravo, Juliett and Zulu, sending you 2
2024-10-15 00:57:26.591671 India: Sierra, sending you 3
2024-10-15 00:57:26.592803 Foxtrot: Tango, sending you 4
2024-10-15 00:57:26.594671 Echo: Sierra, sending you 3
chatterbot Foxtrot submitting transactions
chatterbot Kilo submitting transactions
chatterbot India submitting transactions
chatterbot Sierra submitting transactions
chatterbot Echo submitting transactions
chatterbot Tango submitting transactions
chatterbot Zulu submitting transactions
chatterbot Juliett submitting transactions
chatterbot Bravo submitting transactions
chatterbot Delta submitting transactions
ChatterBot Kilo round 11
ChatterBot Bravo round 11
ChatterBot Sierra round 11
ChatterBot India round 11
ChatterBot Juliett round 11
ChatterBot Zulu round 11
ChatterBot Echo round 11
ChatterBot Delta round 11
ChatterBot Tango round 11
ChatterBot Foxtrot round 11
2024-10-15 00:57:27.810560 India: We should replace Bravo with Juliett
ChatterBot Echo reevaluating
2024-10-15 00:57:27.824319 Sierra: No
2024-10-15 00:57:27.824516 Zulu: No
2024-10-15 00:57:27.824691 Echo: No
ChatterBot India reevaluating
ChatterBot Echo reevaluating
ChatterBot India reevaluating
ChatterBot Echo reevaluating
ChatterBot India reevaluating
2024-10-15 00:57:27.919566 Echo: We should replace Juliett with India
2024-10-15 00:57:27.933452 Bravo: No
2024-10-15 00:57:27.933726 Sierra: No
2024-10-15 00:57:27.933901 Zulu: No
ChatterBot Echo reevaluating
ChatterBot Echo reevaluating
ChatterBot Echo reevaluating
2024-10-15 00:57:27.976790 India: Juliett we want you to join our group
2024-10-15 00:57:27.982259 Juliett: Yes
ChatterBot India reevaluating
ChatterBot Echo reevaluating
2024-10-15 00:57:28.002418 Bravo: Sierra, India, Juliett and Zulu, sending you 2
2024-10-15 00:57:28.006693 Sierra: Bravo, India and Zulu, sending you 2
2024-10-15 00:57:28.008661 Delta: Tango, sending you 2
2024-10-15 00:57:28.009293 Echo: India we want you to join our group
ChatterBot India reevaluating
2024-10-15 00:57:28.014193 India: No
ChatterBot Echo reevaluating
2024-10-15 00:57:28.031866 Echo: We should replace Sierra with India
2024-10-15 00:57:28.044071 Bravo: No
2024-10-15 00:57:28.044349 Juliett: No
2024-10-15 00:57:28.044546 Zulu: No
ChatterBot Echo reevaluating
ChatterBot Echo reevaluating
ChatterBot Echo reevaluating
ChatterBot Bravo reevaluating
2024-10-15 00:57:28.081791 Zulu: Bravo, Sierra and India, sending you 2
2024-10-15 00:57:28.083147 Tango: Kilo and Delta, sending you 3
2024-10-15 00:57:28.083712 Juliett: Bravo, sending you 2
2024-10-15 00:57:28.084436 Kilo: Delta and Tango, sending you 1
2024-10-15 00:57:28.084944 Foxtrot: Delta, sending you 3
2024-10-15 00:57:28.085897 Delta: Foxtrot, sending you 3
2024-10-15 00:57:28.086265 Sierra: Juliett and Echo, sending you 1
2024-10-15 00:57:28.087252 Tango: Foxtrot, sending you 4
2024-10-15 00:57:28.087739 Zulu: Juliett and Echo, sending you 1
2024-10-15 00:57:28.089258 Juliett: Sierra, India, Zulu and Echo, sending you 1
2024-10-15 00:57:28.089990 Foxtrot: Tango, sending you 4
2024-10-15 00:57:28.091868 Bravo: We should drop Echo
ChatterBot India reevaluating
2024-10-15 00:57:28.103747 India: No
2024-10-15 00:57:28.104363 Sierra: No
2024-10-15 00:57:28.104572 Juliett: No
2024-10-15 00:57:28.104728 Zulu: No
ChatterBot Bravo reevaluating
ChatterBot India reevaluating
ChatterBot Bravo reevaluating
ChatterBot India reevaluating
ChatterBot Bravo reevaluating
ChatterBot India reevaluating
ChatterBot Bravo reevaluating
2024-10-15 00:57:28.153218 Bravo: We should add Echo
ChatterBot India reevaluating
2024-10-15 00:57:28.164754 India: Yes
2024-10-15 00:57:28.164959 Sierra: Yes
2024-10-15 00:57:28.165102 Juliett: Yes
2024-10-15 00:57:28.165219 Zulu: Yes
ChatterBot Bravo reevaluating
ChatterBot India reevaluating
ChatterBot Bravo reevaluating
ChatterBot India reevaluating
ChatterBot Bravo reevaluating
ChatterBot India reevaluating
ChatterBot Bravo reevaluating
2024-10-15 00:57:28.262703 Bravo: Echo we want you to join our group
ChatterBot Echo reevaluating
2024-10-15 00:57:28.269382 Echo: No
ChatterBot Bravo reevaluating
ChatterBot India reevaluating
2024-10-15 00:57:28.296148 Echo: We should replace Zulu with India
ChatterBot Bravo reevaluating
2024-10-15 00:57:28.307430 Bravo: No
2024-10-15 00:57:28.307667 Sierra: No
2024-10-15 00:57:28.307845 Juliett: No
ChatterBot Echo reevaluating
ChatterBot Echo reevaluating
ChatterBot Bravo reevaluating
ChatterBot Echo reevaluating
ChatterBot Bravo reevaluating
chatterbot Delta submitting transactions
2024-10-15 00:57:28.412093 India: Sierra, sending you 3
2024-10-15 00:57:28.417706 India: Juliett, Zulu and Echo, sending you 2
2024-10-15 00:57:28.424038 Echo: Bravo, Sierra and Zulu, sending you 2
2024-10-15 00:57:28.427687 Echo: India, sending you 3
chatterbot Tango submitting transactions
chatterbot Sierra submitting transactions
chatterbot India submitting transactions
chatterbot Juliett submitting transactions
chatterbot Foxtrot submitting transactions
chatterbot Echo submitting transactions
chatterbot Zulu submitting transactions
chatterbot Kilo submitting transactions
chatterbot Bravo submitting transactions
ChatterBot Kilo round 12
ChatterBot Bravo round 12
ChatterBot Sierra round 12
ChatterBot India round 12
ChatterBot Juliett round 12
ChatterBot Zulu round 12
ChatterBot Echo round 12
ChatterBot Delta round 12
2024-10-15 00:57:29.358520 India: We should replace Sierra with Bravo
2024-10-15 00:57:29.371422 Juliett: No
2024-10-15 00:57:29.371679 Zulu: No
2024-10-15 00:57:29.371875 Echo: No
ChatterBot India reevaluating
ChatterBot India reevaluating
ChatterBot India reevaluating
ChatterBot Tango round 12
ChatterBot Foxtrot round 12
2024-10-15 00:57:29.431623 India: Bravo we want you to join our group
2024-10-15 00:57:29.436112 Bravo: Yes
ChatterBot India reevaluating
2024-10-15 00:57:29.448764 Delta: We should drop Foxtrot
2024-10-15 00:57:29.451746 Tango: No
ChatterBot Delta reevaluating
2024-10-15 00:57:29.455400 Zulu: Bravo, Sierra and India, sending you 2
2024-10-15 00:57:29.457670 Sierra: Bravo, India and Zulu, sending you 2
2024-10-15 00:57:29.458311 Juliett: Bravo, sending you 2
2024-10-15 00:57:29.458886 Zulu: Juliett and Echo, sending you 1
2024-10-15 00:57:29.459777 Kilo: Tango, sending you 2
2024-10-15 00:57:29.460917 Bravo: Sierra, Juliett and Zulu, sending you 2
2024-10-15 00:57:29.461684 Juliett: Sierra, India, Zulu and Echo, sending you 1
2024-10-15 00:57:29.462693 Sierra: Juliett and Echo, sending you 1
2024-10-15 00:57:29.463908 Bravo: India and Echo, sending you 1
2024-10-15 00:57:29.465084 Delta: We should drop Tango
2024-10-15 00:57:29.469425 Foxtrot: No
ChatterBot Delta reevaluating
2024-10-15 00:57:29.474904 Tango: Kilo and Delta, sending you 3
2024-10-15 00:57:29.475343 Foxtrot: Delta, sending you 3
2024-10-15 00:57:29.478665 Tango: Foxtrot, sending you 4
2024-10-15 00:57:29.479032 Foxtrot: Tango, sending you 4
2024-10-15 00:57:29.479709 Echo: Bravo, Sierra and Zulu, sending you 2
2024-10-15 00:57:29.480478 India: Bravo, sending you 3
2024-10-15 00:57:29.483666 Echo: India, sending you 3
2024-10-15 00:57:29.485674 India: Juliett, Zulu and Echo, sending you 2
2024-10-15 00:57:29.506671 Delta: Same as last round
chatterbot Bravo submitting transactions
chatterbot Sierra submitting transactions
chatterbot Kilo submitting transactions
chatterbot Juliett submitting transactions
chatterbot India submitting transactions
chatterbot Echo submitting transactions
chatterbot Zulu submitting transactions
chatterbot Delta submitting transactions
chatterbot Tango submitting transactions
chatterbot Foxtrot submitting transactions
ChatterBot Kilo round 13
ChatterBot Bravo round 13
ChatterBot Sierra round 13
ChatterBot India round 13
ChatterBot Juliett round 13
ChatterBot Zulu round 13
ChatterBot Echo round 13
ChatterBot Delta round 13
ChatterBot Tango round 13
ChatterBot Foxtrot round 13
2024-10-15 00:57:30.761712 Zulu: Bravo, Sierra and India, sending you 2
2024-10-15 00:57:30.763735 Echo: Bravo, Juliett and Zulu, sending you 2
2024-10-15 00:57:30.764446 India: Bravo, Juliett and Echo, sending you 2
2024-10-15 00:57:30.765064 Kilo: Tango, sending you 2
2024-10-15 00:57:30.766596 Bravo: Sierra, India, Juliett and Zulu, sending you 2
2024-10-15 00:57:30.767683 Echo: Sierra, sending you 3
2024-10-15 00:57:30.769545 Zulu: Juliett and Echo, sending you 1
2024-10-15 00:57:30.771271 India: Zulu, sending you 3
2024-10-15 00:57:30.772051 Sierra: Bravo, India and Zulu, sending you 2
2024-10-15 00:57:30.774396 Juliett: Bravo, sending you 2
2024-10-15 00:57:30.775420 Bravo: Echo, sending you 1
2024-10-15 00:57:30.777080 Tango: Kilo and Delta, sending you 3
2024-10-15 00:57:30.777932 Sierra: Juliett and Echo, sending you 1
2024-10-15 00:57:30.779697 Delta: Same as last round
2024-10-15 00:57:30.780119 Juliett: Sierra, India, Zulu and Echo, sending you 1
2024-10-15 00:57:30.781934 Tango: Foxtrot, sending you 4
2024-10-15 00:57:30.783160 Foxtrot: Delta, sending you 3
2024-10-15 00:57:30.788697 Foxtrot: Tango, sending you 4
chatterbot India submitting transactions
chatterbot Tango submitting transactions
chatterbot Foxtrot submitting transactions
chatterbot Sierra submitting transactions
chatterbot Kilo submitting transactions
chatterbot Juliett submitting transactions
chatterbot Delta submitting transactions
chatterbot Zulu submitting transactions
chatterbot Bravo submitting transactions
chatterbot Echo submitting transactions
ChatterBot Kilo round 14
ChatterBot Bravo round 14
ChatterBot Sierra round 14
ChatterBot India round 14
ChatterBot Juliett round 14
ChatterBot Zulu round 14
ChatterBot Echo round 14
ChatterBot Delta round 14
ChatterBot Tango round 14
ChatterBot Foxtrot round 14
2024-10-15 00:57:31.978635 Echo: We should replace Sierra with India
2024-10-15 00:57:31.989556 Bravo: No
2024-10-15 00:57:31.989746 Juliett: No
2024-10-15 00:57:31.989897 Zulu: No
ChatterBot Echo reevaluating
ChatterBot Echo reevaluating
ChatterBot Echo reevaluating
2024-10-15 00:57:32.050340 Echo: We should replace Juliett with India
ChatterBot Bravo reevaluating
2024-10-15 00:57:32.057702 Bravo: No
2024-10-15 00:57:32.057921 Sierra: No
2024-10-15 00:57:32.058032 Zulu: No
ChatterBot Echo reevaluating
ChatterBot Echo reevaluating
ChatterBot Bravo reevaluating
ChatterBot Echo reevaluating
ChatterBot Bravo reevaluating
2024-10-15 00:57:32.217687 Echo: India we want you to join our group
2024-10-15 00:57:32.235888 India: No
ChatterBot Bravo reevaluating
ChatterBot Echo reevaluating
2024-10-15 00:57:32.263639 Foxtrot: Delta, sending you 3
2024-10-15 00:57:32.265002 India: Bravo, sending you 3
2024-10-15 00:57:32.267688 Foxtrot: Tango, sending you 4
2024-10-15 00:57:32.269667 Kilo: Tango, sending you 2
2024-10-15 00:57:32.270267 Tango: Kilo and Delta, sending you 3
2024-10-15 00:57:32.271034 India: Juliett, Zulu and Echo, sending you 2
2024-10-15 00:57:32.272779 Zulu: Bravo, Sierra and India, sending you 2
