ChatterBot Mike round 1
ChatterBot Oscar round 1
ChatterBot Uniform round 1
ChatterBot Juliett round 1
ChatterBot Papa round 1
ChatterBot Charlie round 1
ChatterBot India round 1
ChatterBot Hotel round 1
ChatterBot X-ray round 1
ChatterBot Romeo round 1
randomSelections Mike: {Mike, Papa, Romeo, India} 
2024-10-15 00:57:13.383803 Mike: Group up?
ChatterBot Papa reevaluating
ChatterBot Romeo reevaluating
ChatterBot India reevaluating
2024-10-15 00:57:13.393478 Papa: Yes
2024-10-15 00:57:13.394442 Romeo: Yes
2024-10-15 00:57:13.394688 India: Yes
ChatterBot Romeo reevaluating
ChatterBot India reevaluating
ChatterBot Papa reevaluating
ChatterBot India reevaluating
ChatterBot Papa reevaluating
ChatterBot Romeo reevaluating
randomSelections Oscar: {Oscar} 
randomSelections Charlie: {Charlie, Romeo, X-ray, Hotel, India, Juliett, Oscar, Mike} 
2024-10-15 00:57:13.417114 Charlie: We would work well together
ChatterBot Romeo reevaluating
ChatterBot X-ray reevaluating
ChatterBot Hotel reevaluating
ChatterBot India reevaluating
ChatterBot Juliett reevaluating
2024-10-15 00:57:13.434235 Romeo: No
2024-10-15 00:57:13.434657 X-ray: Yes
2024-10-15 00:57:13.434929 Hotel: Yes
2024-10-15 00:57:13.435213 India: No
2024-10-15 00:57:13.435570 Juliett: Yes
2024-10-15 00:57:13.436456 Oscar: No
2024-10-15 00:57:13.436654 Mike: No
ChatterBot X-ray reevaluating
ChatterBot Hotel reevaluating
ChatterBot India reevaluating
ChatterBot Juliett reevaluating
ChatterBot Romeo reevaluating
ChatterBot Hotel reevaluating
ChatterBot India reevaluating
ChatterBot Juliett reevaluating
ChatterBot Romeo reevaluating
ChatterBot X-ray reevaluating
ChatterBot India reevaluating
ChatterBot Juliett reevaluating
ChatterBot Romeo reevaluating
ChatterBot X-ray reevaluating
ChatterBot Hotel reevaluating
ChatterBot Juliett reevaluating
ChatterBot Romeo reevaluating
ChatterBot X-ray reevaluating
ChatterBot Hotel reevaluating
ChatterBot India reevaluating
ChatterBot Romeo reevaluating
ChatterBot X-ray reevaluating
ChatterBot Hotel reevaluating
ChatterBot India reevaluating
ChatterBot Juliett reevaluating
ChatterBot Romeo reevaluating
ChatterBot X-ray reevaluating
ChatterBot Hotel reevaluating
ChatterBot India reevaluating
ChatterBot Juliett reevaluating
randomSelections Uniform: {Uniform, Romeo, X-ray, Papa, Mike, Juliett} 
2024-10-15 00:57:13.530258 Uniform: We would work well together
ChatterBot Romeo reevaluating
ChatterBot X-ray reevaluating
ChatterBot Papa reevaluating
ChatterBot Juliett reevaluating
2024-10-15 00:57:13.538990 Romeo: No
2024-10-15 00:57:13.539220 X-ray: No
2024-10-15 00:57:13.539386 Papa: No
2024-10-15 00:57:13.539539 Mike: No
2024-10-15 00:57:13.539717 Juliett: No
ChatterBot X-ray reevaluating
ChatterBot Papa reevaluating
ChatterBot Juliett reevaluating
ChatterBot Romeo reevaluating
ChatterBot Papa reevaluating
ChatterBot Juliett reevaluating
ChatterBot Romeo reevaluating
ChatterBot X-ray reevaluating
ChatterBot Juliett reevaluating
ChatterBot Romeo reevaluating
ChatterBot X-ray reevaluating
ChatterBot Papa reevaluating
ChatterBot Juliett reevaluating
ChatterBot Romeo reevaluating
ChatterBot X-ray reevaluating
ChatterBot Papa reevaluating
2024-10-15 00:57:13.618160 India: Mike and Romeo, sending you 3
2024-10-15 00:57:13.619262 Mike: India, sending you 1
2024-10-15 00:57:13.620516 Uniform: Juliett, Papa, X-ray and Romeo, sending you 2
2024-10-15 00:57:13.626255 X-ray: Oscar and India, sending you 2
2024-10-15 00:57:13.632405 India: Papa, sending you 1
2024-10-15 00:57:13.634216 Hotel: Mike, Juliett, India and X-ray, sending you 2
2024-10-15 00:57:13.640701 X-ray: Juliett, Charlie and Hotel, sending you 1
2024-10-15 00:57:13.641152 Charlie: Mike and Juliett, sending you 1
2024-10-15 00:57:13.642704 Romeo: Mike, sending you 1
2024-10-15 00:57:13.643122 Papa: Mike and Romeo, sending you 4
2024-10-15 00:57:13.643448 Hotel: Oscar, sending you 4
2024-10-15 00:57:13.645390 Juliett: Oscar and X-ray, sending you 1
2024-10-15 00:57:13.646314 X-ray: Romeo, sending you 4
2024-10-15 00:57:13.648232 Charlie: Oscar, Hotel and Romeo, sending you 2
2024-10-15 00:57:13.648962 Romeo: Papa and India, sending you 3
2024-10-15 00:57:13.650125 Papa: India, sending you 1
2024-10-15 00:57:13.650655 Hotel: Romeo, sending you 1
2024-10-15 00:57:13.651242 Juliett: Charlie and Hotel, sending you 2
chatterbot Charlie submitting transactions
chatterbot Uniform submitting transactions
chatterbot X-ray submitting transactions
chatterbot Romeo submitting transactions
chatterbot Hotel submitting transactions
chatterbot Oscar submitting transactions
chatterbot Mike submitting transactions
chatterbot Juliett submitting transactions
chatterbot India submitting transactions
chatterbot Papa submitting transactions
ChatterBot Mike round 2
ChatterBot Oscar round 2
ChatterBot Uniform round 2
ChatterBot Juliett round 2
ChatterBot Papa round 2
ChatterBot Charlie round 2
ChatterBot India round 2
ChatterBot Hotel round 2
ChatterBot X-ray round 2
ChatterBot Romeo round 2
2024-10-15 00:57:15.619730 Juliett: Can we be friends?
ChatterBot Charlie reevaluating
ChatterBot Hotel reevaluating
ChatterBot X-ray reevaluating
ChatterBot Uniform reevaluating
2024-10-15 00:57:15.654587 Charlie: Yes
2024-10-15 00:57:15.654819 Hotel: No
2024-10-15 00:57:15.654998 X-ray: Yes
2024-10-15 00:57:15.655198 Uniform: Yes
ChatterBot Hotel reevaluating
ChatterBot X-ray reevaluating
ChatterBot Uniform reevaluating
ChatterBot Charlie reevaluating
ChatterBot X-ray reevaluating
ChatterBot Uniform reevaluating
ChatterBot Charlie reevaluating
ChatterBot Hotel reevaluating
ChatterBot Uniform reevaluating
ChatterBot Charlie reevaluating
ChatterBot Hotel reevaluating
ChatterBot X-ray reevaluating
2024-10-15 00:57:15.778431 Hotel: We should group up
2024-10-15 00:57:15.779801 Uniform: Friends?
ChatterBot Charlie reevaluating
ChatterBot Papa reevaluating
ChatterBot India reevaluating
ChatterBot Romeo reevaluating
2024-10-15 00:57:15.805591 Juliett: Yes
2024-10-15 00:57:15.805797 Charlie: Yes
2024-10-15 00:57:15.806022 Papa: Yes
2024-10-15 00:57:15.806763 India: Yes
2024-10-15 00:57:15.806951 Romeo: Yes
ChatterBot Hotel reevaluating
ChatterBot Charlie reevaluating
ChatterBot Uniform reevaluating
ChatterBot India reevaluating
ChatterBot Romeo reevaluating
ChatterBot Hotel reevaluating
ChatterBot Uniform reevaluating
ChatterBot Papa reevaluating
ChatterBot Romeo reevaluating
ChatterBot Uniform reevaluating
ChatterBot Papa reevaluating
ChatterBot India reevaluating
2024-10-15 00:57:15.940184 Oscar: Friends?
ChatterBot Charlie reevaluating
ChatterBot Juliett reevaluating
ChatterBot Hotel reevaluating
ChatterBot X-ray reevaluating
2024-10-15 00:57:15.973342 Charlie: Yes
2024-10-15 00:57:15.973536 Juliett: Yes
2024-10-15 00:57:15.973693 Hotel: No
2024-10-15 00:57:15.973834 X-ray: No
ChatterBot Juliett reevaluating
ChatterBot Hotel reevaluating
ChatterBot X-ray reevaluating
ChatterBot Charlie reevaluating
ChatterBot Hotel reevaluating
ChatterBot X-ray reevaluating
ChatterBot Charlie reevaluating
ChatterBot Juliett reevaluating
ChatterBot X-ray reevaluating
ChatterBot Charlie reevaluating
ChatterBot Juliett reevaluating
ChatterBot Hotel reevaluating
2024-10-15 00:57:16.077960 Romeo: We should replace Mike with Uniform
ChatterBot Papa reevaluating
ChatterBot India reevaluating
2024-10-15 00:57:16.089056 Papa: Yes
2024-10-15 00:57:16.089769 India: No
ChatterBot India reevaluating
ChatterBot Romeo reevaluating
ChatterBot Papa reevaluating
ChatterBot Romeo reevaluating
2024-10-15 00:57:16.111550 India: We should replace Mike with X-ray
ChatterBot Papa reevaluating
ChatterBot Romeo reevaluating
2024-10-15 00:57:16.122403 Papa: No
2024-10-15 00:57:16.122595 Romeo: No
ChatterBot India reevaluating
ChatterBot Romeo reevaluating
ChatterBot Papa reevaluating
ChatterBot India reevaluating
2024-10-15 00:57:16.162904 Mike: Papa, sending you 3
2024-10-15 00:57:16.163814 Romeo: Uniform we want you to join our group
ChatterBot Uniform reevaluating
2024-10-15 00:57:16.169336 Uniform: No
ChatterBot Papa reevaluating
ChatterBot India reevaluating
2024-10-15 00:57:16.184473 India: We should replace Mike with Hotel
ChatterBot Papa reevaluating
2024-10-15 00:57:16.194998 Papa: No
2024-10-15 00:57:16.195211 Romeo: No
ChatterBot India reevaluating
ChatterBot Papa reevaluating
ChatterBot India reevaluating
2024-10-15 00:57:16.216198 Mike: India, sending you 2
2024-10-15 00:57:16.234870 Mike: Romeo, sending you 1
2024-10-15 00:57:16.235166 Hotel: Sending you each 5
2024-10-15 00:57:16.235384 X-ray: Uniform, Juliett and Hotel, sending you 3
2024-10-15 00:57:16.236053 Oscar: Juliett, sending you 1
2024-10-15 00:57:16.236271 Juliett: Uniform and Hotel, sending you 2
2024-10-15 00:57:16.236576 India: Hotel we want you to join our group
2024-10-15 00:57:16.241409 Hotel: No
ChatterBot India reevaluating
2024-10-15 00:57:16.255755 Oscar: Charlie, Hotel and X-ray, sending you 2
2024-10-15 00:57:16.256097 Juliett: Charlie and X-ray, sending you 1
2024-10-15 00:57:16.256332 Romeo: Uniform, Papa and India, sending you 3
2024-10-15 00:57:16.256584 X-ray: Charlie, sending you 2
2024-10-15 00:57:16.309279 Uniform: Sending you each 2
2024-10-15 00:57:16.309674 Papa: Uniform, India and Romeo, sending you 3
2024-10-15 00:57:16.333920 India: Uniform, sending you 2
2024-10-15 00:57:16.340478 India: Papa and Romeo, sending you 3
2024-10-15 00:57:16.342055 Charlie: Oscar, Juliett, Hotel and X-ray, sending you 2
chatterbot Hotel submitting transactions
chatterbot X-ray submitting transactions
chatterbot Oscar submitting transactions
chatterbot Papa submitting transactions
chatterbot Mike submitting transactions
chatterbot Juliett submitting transactions
chatterbot Charlie submitting transactions
chatterbot Romeo submitting transactions
chatterbot India submitting transactions
chatterbot Uniform submitting transactions
ChatterBot Mike round 3
ChatterBot Oscar round 3
ChatterBot Uniform round 3
ChatterBot Juliett round 3
ChatterBot Papa round 3
ChatterBot Charlie round 3
2024-10-15 00:57:17.445574 Charlie: We should add Uniform and Mike
ChatterBot Juliett reevaluating
ChatterBot Hotel reevaluating
ChatterBot X-ray reevaluating
ChatterBot Oscar reevaluating
2024-10-15 00:57:17.482446 Juliett: No
2024-10-15 00:57:17.482722 Hotel: No
2024-10-15 00:57:17.482928 X-ray: No
2024-10-15 00:57:17.483114 Oscar: No
ChatterBot Charlie reevaluating
ChatterBot Hotel reevaluating
ChatterBot X-ray reevaluating
ChatterBot Oscar reevaluating
ChatterBot Charlie reevaluating
ChatterBot Juliett reevaluating
ChatterBot X-ray reevaluating
ChatterBot Oscar reevaluating
ChatterBot Charlie reevaluating
ChatterBot Juliett reevaluating
ChatterBot Hotel reevaluating
ChatterBot Oscar reevaluating
ChatterBot Charlie reevaluating
ChatterBot Juliett reevaluating
ChatterBot Hotel reevaluating
ChatterBot X-ray reevaluating
2024-10-15 00:57:17.702980 Juliett: We should add Oscar
2024-10-15 00:57:17.704130 X-ray: We should replace Uniform with Oscar
ChatterBot Uniform reevaluating
ChatterBot X-ray reevaluating
ChatterBot Charlie reevaluating
ChatterBot Hotel reevaluating
2024-10-15 00:57:17.732256 Uniform: No
2024-10-15 00:57:17.732651 X-ray: Yes
ChatterBot Juliett reevaluating
2024-10-15 00:57:17.739063 Charlie: Yes
ChatterBot Charlie reevaluating
2024-10-15 00:57:17.745252 Hotel: No
ChatterBot Hotel reevaluating
2024-10-15 00:57:17.753904 Juliett: No
2024-10-15 00:57:17.754347 Charlie: No
2024-10-15 00:57:17.755006 Hotel: No
ChatterBot Juliett reevaluating
ChatterBot Charlie reevaluating
ChatterBot Hotel reevaluating
ChatterBot X-ray reevaluating
ChatterBot Juliett reevaluating
ChatterBot Charlie reevaluating
ChatterBot Hotel reevaluating
ChatterBot Uniform reevaluating
ChatterBot Juliett reevaluating
ChatterBot Hotel reevaluating
ChatterBot X-ray reevaluating
ChatterBot Uniform reevaluating
ChatterBot Juliett reevaluating
ChatterBot Charlie reevaluating
ChatterBot X-ray reevaluating
ChatterBot Uniform reevaluating
ChatterBot Charlie reevaluating
ChatterBot Hotel reevaluating
ChatterBot X-ray reevaluating
ChatterBot Juliett reevaluating
ChatterBot Hotel reevaluating
ChatterBot X-ray reevaluating
ChatterBot Juliett reevaluating
ChatterBot Charlie reevaluating
ChatterBot X-ray reevaluating
ChatterBot India round 3
ChatterBot Hotel round 3
ChatterBot X-ray round 3
ChatterBot Romeo round 3
2024-10-15 00:57:17.979890 Papa: We should add Mike
ChatterBot Uniform reevaluating
ChatterBot India reevaluating
ChatterBot Romeo reevaluating
2024-10-15 00:57:17.997321 Uniform: Yes
2024-10-15 00:57:17.997513 India: Yes
2024-10-15 00:57:17.997688 Romeo: Yes
ChatterBot India reevaluating
ChatterBot Romeo reevaluating
ChatterBot Uniform reevaluating
ChatterBot Romeo reevaluating
ChatterBot Uniform reevaluating
ChatterBot India reevaluating
2024-10-15 00:57:18.053147 Charlie: We should add Uniform
ChatterBot Juliett reevaluating
ChatterBot Hotel reevaluating
ChatterBot X-ray reevaluating
ChatterBot Oscar reevaluating
2024-10-15 00:57:18.077725 Juliett: No
2024-10-15 00:57:18.078660 Hotel: Yes
2024-10-15 00:57:18.078847 X-ray: Yes
2024-10-15 00:57:18.079085 Oscar: No
ChatterBot Charlie reevaluating
ChatterBot Hotel reevaluating
ChatterBot X-ray reevaluating
ChatterBot Oscar reevaluating
ChatterBot Charlie reevaluating
ChatterBot Juliett reevaluating
ChatterBot X-ray reevaluating
ChatterBot Oscar reevaluating
ChatterBot Charlie reevaluating
ChatterBot Juliett reevaluating
ChatterBot Hotel reevaluating
ChatterBot Oscar reevaluating
ChatterBot Charlie reevaluating
ChatterBot Juliett reevaluating
ChatterBot Hotel reevaluating
ChatterBot X-ray reevaluating
2024-10-15 00:57:18.158693 Hotel: We should add Oscar and X-ray
ChatterBot Juliett reevaluating
ChatterBot Charlie reevaluating
2024-10-15 00:57:18.170649 Juliett: Yes
2024-10-15 00:57:18.170887 Charlie: Yes
ChatterBot Hotel reevaluating
ChatterBot Charlie reevaluating
ChatterBot Hotel reevaluating
ChatterBot Juliett reevaluating
2024-10-15 00:57:18.196635 Hotel: We should add Uniform and X-ray
ChatterBot Juliett reevaluating
ChatterBot Charlie reevaluating
2024-10-15 00:57:18.208854 Juliett: Yes
2024-10-15 00:57:18.209021 Charlie: Yes
ChatterBot Hotel reevaluating
ChatterBot Charlie reevaluating
ChatterBot Hotel reevaluating
ChatterBot Juliett reevaluating
2024-10-15 00:57:18.235395 X-ray: We should add Oscar
ChatterBot Juliett reevaluating
ChatterBot Charlie reevaluating
ChatterBot Hotel reevaluating
ChatterBot Uniform reevaluating
2024-10-15 00:57:18.258031 Juliett: Yes
2024-10-15 00:57:18.258914 Charlie: Yes
2024-10-15 00:57:18.259077 Hotel: Yes
2024-10-15 00:57:18.259212 Uniform: No
ChatterBot Charlie reevaluating
ChatterBot Hotel reevaluating
ChatterBot Uniform reevaluating
ChatterBot Juliett reevaluating
ChatterBot Hotel reevaluating
ChatterBot Uniform reevaluating
ChatterBot Juliett reevaluating
ChatterBot Charlie reevaluating
ChatterBot Uniform reevaluating
ChatterBot Juliett reevaluating
ChatterBot Charlie reevaluating
ChatterBot Hotel reevaluating
2024-10-15 00:57:18.357037 Papa: Mike we want you to join our group
2024-10-15 00:57:18.360072 Mike: No
ChatterBot India reevaluating
ChatterBot Romeo reevaluating
2024-10-15 00:57:18.373404 Juliett: Oscar we want you to join our group
2024-10-15 00:57:18.376993 Oscar: No
ChatterBot Hotel reevaluating
2024-10-15 00:57:18.391742 X-ray: Oscar we want you to join our group
2024-10-15 00:57:18.395103 Oscar: No
ChatterBot Charlie reevaluating
ChatterBot Hotel reevaluating
2024-10-15 00:57:18.409754 India: Mike we want you to join our group
2024-10-15 00:57:18.412733 Mike: No
2024-10-15 00:57:18.422848 Romeo: Mike we want you to join our group
2024-10-15 00:57:18.425416 Mike: No
ChatterBot India reevaluating
chatterbot Mike submitting transactions
2024-10-15 00:57:18.436686 Hotel: Oscar and X-ray we want you to join our group
2024-10-15 00:57:18.441211 X-ray: Yes
2024-10-15 00:57:18.441794 Oscar: Yes
ChatterBot Hotel reevaluating
ChatterBot Charlie reevaluating
ChatterBot Hotel reevaluating
2024-10-15 00:57:18.462161 Mike: Papa, sending you 3
2024-10-15 00:57:18.462890 Oscar: Juliett, sending you 1
2024-10-15 00:57:18.463179 Uniform: Mike, sending you 1
2024-10-15 00:57:18.465682 Charlie: Uniform we want you to join our group
2024-10-15 00:57:18.469549 Uniform: No
ChatterBot Charlie reevaluating
ChatterBot Hotel reevaluating
2024-10-15 00:57:18.523416 Papa: Mike, Uniform and India, sending you 2
2024-10-15 00:57:18.523939 Mike: India, sending you 2
2024-10-15 00:57:18.524281 Juliett: Oscar, Uniform, Charlie and X-ray, sending you 1
2024-10-15 00:57:18.524697 X-ray: Oscar, Juliett, Charlie and Hotel, sending you 2
2024-10-15 00:57:18.526382 Oscar: Charlie, Hotel and X-ray, sending you 2
2024-10-15 00:57:18.526784 Uniform: Papa and India, sending you 2
2024-10-15 00:57:18.530561 Hotel: Uniform and X-ray we want you to join our group
2024-10-15 00:57:18.572582 X-ray: Yes
2024-10-15 00:57:18.574361 Uniform: No
ChatterBot Charlie reevaluating
ChatterBot Hotel reevaluating
ChatterBot Charlie reevaluating
ChatterBot Hotel reevaluating
2024-10-15 00:57:18.663521 Mike: Romeo, sending you 1
2024-10-15 00:57:18.664962 Papa: Romeo, sending you 3
2024-10-15 00:57:18.665591 Juliett: Hotel, sending you 2
2024-10-15 00:57:18.666546 X-ray: Uniform, sending you 3
2024-10-15 00:57:18.667213 India: Mike, Papa, Hotel and Romeo, sending you 2
2024-10-15 00:57:18.668368 Romeo: Mike and Uniform, sending you 2
2024-10-15 00:57:18.669187 Uniform: Romeo, sending you 3
2024-10-15 00:57:18.670854 Charlie: Uniform and Mike we want you to join our group
2024-10-15 00:57:18.681099 Uniform: No
2024-10-15 00:57:18.681491 Mike: No
ChatterBot Charlie reevaluating
ChatterBot Hotel reevaluating
ChatterBot Charlie reevaluating
ChatterBot Hotel reevaluating
2024-10-15 00:57:18.740650 Romeo: Papa and India, sending you 3
2024-10-15 00:57:18.769670 Hotel: Uniform, Juliett and Charlie, sending you 3
2024-10-15 00:57:18.772674 Hotel: X-ray, sending you 4
2024-10-15 00:57:18.777896 Charlie: Sending you each 2
chatterbot Papa submitting transactions
chatterbot Charlie submitting transactions
chatterbot Uniform submitting transactions
chatterbot Oscar submitting transactions
chatterbot X-ray submitting transactions
chatterbot Romeo submitting transactions
chatterbot Juliett submitting transactions
chatterbot India submitting transactions
chatterbot Hotel submitting transactions
ChatterBot Mike round 4
ChatterBot Oscar round 4
ChatterBot Uniform round 4
ChatterBot Juliett round 4
ChatterBot Papa round 4
ChatterBot Charlie round 4
ChatterBot India round 4
ChatterBot Hotel round 4
2024-10-15 00:57:19.706899 Papa: We should add X-ray
ChatterBot India reevaluating
2024-10-15 00:57:19.723032 Mike: Yes
2024-10-15 00:57:19.723265 India: Yes
2024-10-15 00:57:19.723428 Romeo: Yes
2024-10-15 00:57:19.723602 Uniform: Yes
ChatterBot Papa reevaluating
ChatterBot India reevaluating
ChatterBot Papa reevaluating
ChatterBot Papa reevaluating
ChatterBot India reevaluating
ChatterBot Papa reevaluating
ChatterBot India reevaluating
ChatterBot X-ray round 4
ChatterBot Romeo round 4
2024-10-15 00:57:19.774630 Hotel: Friends?
ChatterBot X-ray reevaluating
2024-10-15 00:57:19.781327 Oscar: Yes
2024-10-15 00:57:19.781471 Charlie: Yes
2024-10-15 00:57:19.781584 X-ray: Yes
ChatterBot Hotel reevaluating
ChatterBot X-ray reevaluating
ChatterBot Hotel reevaluating
ChatterBot X-ray reevaluating
ChatterBot Hotel reevaluating
2024-10-15 00:57:19.827635 Oscar: We should drop Juliett
ChatterBot Hotel reevaluating
ChatterBot X-ray reevaluating
2024-10-15 00:57:19.865354 Hotel: Yes
2024-10-15 00:57:19.865517 Charlie: No
2024-10-15 00:57:19.865635 X-ray: No
ChatterBot X-ray reevaluating
ChatterBot Hotel reevaluating
ChatterBot X-ray reevaluating
ChatterBot Hotel reevaluating
2024-10-15 00:57:19.969741 Papa: X-ray we want you to join our group
2024-10-15 00:57:19.974168 X-ray: No
ChatterBot Papa reevaluating
ChatterBot India reevaluating
2024-10-15 00:57:19.991582 Juliett: Oscar, Uniform, Charlie and X-ray, sending you 1
2024-10-15 00:57:19.992139 Mike: Sending you each 2
2024-10-15 00:57:19.992697 Uniform: Papa and Romeo, sending you 3
2024-10-15 00:57:19.995698 Juliett: Hotel, sending you 2
2024-10-15 00:57:19.996703 Oscar: Same as last round
2024-10-15 00:57:19.998678 Uniform: India, sending you 2
2024-10-15 00:57:19.999791 Charlie: Oscar, Uniform, Juliett, Hotel and X-ray, sending you 2
2024-10-15 00:57:20.008731 Romeo: Mike, sending you 2
2024-10-15 00:57:20.011998 X-ray: Oscar, Uniform, Juliett and Charlie, sending you 2
2024-10-15 00:57:20.012940 Romeo: Uniform, Papa and India, sending you 3
2024-10-15 00:57:20.014350 Hotel: Oscar and X-ray, sending you 4
2024-10-15 00:57:20.017843 X-ray: Hotel, sending you 3
2024-10-15 00:57:20.018722 Hotel: Charlie, sending you 5
2024-10-15 00:57:20.020078 India: Mike, Uniform, Papa and Romeo, sending you 2
2024-10-15 00:57:20.020999 Papa: Mike, Uniform, India and Romeo, sending you 2
2024-10-15 00:57:20.028032 Papa: X-ray, sending you 1
chatterbot Papa submitting transactions
chatterbot Mike submitting transactions
chatterbot Oscar submitting transactions
chatterbot India submitting transactions
chatterbot X-ray submitting transactions
chatterbot Hotel submitting transactions
chatterbot Juliett submitting transactions
chatterbot Uniform submitting transactions
chatterbot Charlie submitting transactions
chatterbot Romeo submitting transactions
ChatterBot Mike round 5
ChatterBot Oscar round 5
ChatterBot Uniform round 5
ChatterBot Juliett round 5
ChatterBot Papa round 5
ChatterBot Charlie round 5
ChatterBot India round 5
ChatterBot Hotel round 5
ChatterBot X-ray round 5
ChatterBot Romeo round 5
2024-10-15 00:57:21.353740 Hotel: We should replace Charlie with Juliett
2024-10-15 00:57:21.375658 Oscar: No
2024-10-15 00:57:21.376028 X-ray: No
ChatterBot Hotel reevaluating
ChatterBot Hotel reevaluating
2024-10-15 00:57:21.402028 Mike: Same as last round
2024-10-15 00:57:21.403190 Juliett: Oscar, Uniform, Charlie and X-ray, sending you 1
2024-10-15 00:57:21.404649 Uniform: Mike, sending you 1
2024-10-15 00:57:21.420366 Juliett: Hotel, sending you 2
2024-10-15 00:57:21.421647 Uniform: Papa and India, sending you 2
2024-10-15 00:57:21.422243 Oscar: Same as last round
2024-10-15 00:57:21.423245 Charlie: Oscar, Uniform, Juliett, Hotel and X-ray, sending you 2
2024-10-15 00:57:21.423776 Romeo: Mike, sending you 2
2024-10-15 00:57:21.424768 X-ray: Oscar, Uniform, Juliett and Charlie, sending you 2
2024-10-15 00:57:21.425725 Uniform: Romeo, sending you 3
2024-10-15 00:57:21.426963 India: Mike, Uniform, Papa and Romeo, sending you 2
2024-10-15 00:57:21.431832 X-ray: Hotel, sending you 3
2024-10-15 00:57:21.433648 Romeo: Uniform, Papa and India, sending you 3
2024-10-15 00:57:21.435099 Papa: Mike, Uniform, India and Romeo, sending you 2
2024-10-15 00:57:21.451748 Papa: X-ray, sending you 1
2024-10-15 00:57:21.459116 Hotel: Sending you each 4
chatterbot Charlie submitting transactions
chatterbot Juliett submitting transactions
chatterbot Mike submitting transactions
chatterbot India submitting transactions
chatterbot Romeo submitting transactions
chatterbot Papa submitting transactions
chatterbot Uniform submitting transactions
chatterbot Oscar submitting transactions
chatterbot X-ray submitting transactions
chatterbot Hotel submitting transactions
ChatterBot Mike round 6
ChatterBot Oscar round 6
ChatterBot Uniform round 6
ChatterBot Juliett round 6
ChatterBot Papa round 6
ChatterBot Charlie round 6
ChatterBot India round 6
ChatterBot Hotel round 6
ChatterBot X-ray round 6
ChatterBot Romeo round 6
2024-10-15 00:57:22.659755 India: We should drop X-ray
ChatterBot Papa reevaluating
2024-10-15 00:57:22.676050 Papa: Yes
2024-10-15 00:57:22.676299 Mike: Yes
2024-10-15 00:57:22.676519 Romeo: Yes
2024-10-15 00:57:22.676729 Uniform: Yes
ChatterBot Papa reevaluating
ChatterBot Papa reevaluating
ChatterBot Papa reevaluating
2024-10-15 00:57:22.759476 Oscar: Same as last round
2024-10-15 00:57:22.762734 Mike: Same as last round
2024-10-15 00:57:22.763249 Juliett: Uniform and Hotel, sending you 1
2024-10-15 00:57:22.763884 X-ray: Oscar, Uniform, Juliett and Charlie, sending you 2
2024-10-15 00:57:22.765246 Papa: We should replace X-ray with Juliett
2024-10-15 00:57:22.782723 Mike: No
2024-10-15 00:57:22.782965 India: No
2024-10-15 00:57:22.783144 Romeo: No
2024-10-15 00:57:22.783312 Uniform: No
ChatterBot Papa reevaluating
ChatterBot Papa reevaluating
ChatterBot Papa reevaluating
ChatterBot Papa reevaluating
2024-10-15 00:57:22.845980 Uniform: Mike, sending you 1
2024-10-15 00:57:22.846812 Charlie: Oscar, Uniform, Juliett, Hotel and X-ray, sending you 2
2024-10-15 00:57:22.847393 Juliett: Charlie and X-ray, sending you 2
2024-10-15 00:57:22.848078 X-ray: Hotel, sending you 3
2024-10-15 00:57:22.849667 Uniform: Papa and India, sending you 2
2024-10-15 00:57:22.850677 India: Same as last round
2024-10-15 00:57:22.851753 Papa: Juliett we want you to join our group
2024-10-15 00:57:22.854808 Juliett: No
ChatterBot Papa reevaluating
2024-10-15 00:57:22.866830 Hotel: Oscar and Charlie, sending you 4
2024-10-15 00:57:22.867545 Romeo: Mike, sending you 2
2024-10-15 00:57:22.867918 Uniform: Romeo, sending you 3
2024-10-15 00:57:22.869722 Hotel: X-ray, sending you 5
2024-10-15 00:57:22.872673 Romeo: Uniform, Papa and India, sending you 3
2024-10-15 00:57:22.904690 Papa: Mike, Uniform, India and Romeo, sending you 2
2024-10-15 00:57:22.909175 Papa: Juliett, sending you 1
chatterbot Oscar submitting transactions
chatterbot Uniform submitting transactions
chatterbot Romeo submitting transactions
chatterbot X-ray submitting transactions
chatterbot Papa submitting transactions
chatterbot Charlie submitting transactions
chatterbot Mike submitting transactions
chatterbot Juliett submitting transactions
chatterbot Hotel submitting transactions
chatterbot India submitting transactions
ChatterBot Mike round 7
ChatterBot Oscar round 7
ChatterBot Uniform round 7
ChatterBot Juliett round 7
ChatterBot Papa round 7
ChatterBot Charlie round 7
ChatterBot India round 7
ChatterBot Hotel round 7
ChatterBot X-ray round 7
ChatterBot Romeo round 7
2024-10-15 00:57:23.739392 Juliett: We should drop Uniform
2024-10-15 00:57:23.748740 Charlie: No
2024-10-15 00:57:23.748912 Hotel: Yes
2024-10-15 00:57:23.749031 X-ray: Yes
2024-10-15 00:57:23.749144 Oscar: Yes
ChatterBot Oscar reevaluating
ChatterBot Oscar reevaluating
ChatterBot Hotel reevaluating
ChatterBot Oscar reevaluating
ChatterBot Hotel reevaluating
2024-10-15 00:57:23.782850 Hotel: We should replace Charlie with Juliett
ChatterBot Oscar reevaluating
2024-10-15 00:57:23.787342 Oscar: No
2024-10-15 00:57:23.787463 X-ray: No
ChatterBot Hotel reevaluating
ChatterBot Hotel reevaluating
ChatterBot Oscar reevaluating
2024-10-15 00:57:23.798663 Papa: Mike, Uniform, India and Romeo, sending you 2
2024-10-15 00:57:23.799126 Uniform: Mike, sending you 1
2024-10-15 00:57:23.800042 Mike: Same as last round
2024-10-15 00:57:23.802653 Uniform: Papa and India, sending you 2
2024-10-15 00:57:23.803687 Papa: Juliett, sending you 1
2024-10-15 00:57:23.806668 Uniform: Romeo, sending you 3
2024-10-15 00:57:23.810694 Juliett: Oscar and Hotel, sending you 1
2024-10-15 00:57:23.811688 Charlie: Oscar, Uniform, Juliett, Hotel and X-ray, sending you 2
2024-10-15 00:57:23.813659 Hotel: Oscar and Charlie, sending you 4
2024-10-15 00:57:23.813967 Romeo: Mike, sending you 2
2024-10-15 00:57:23.814671 Oscar: Same as last round
2024-10-15 00:57:23.815037 India: Same as last round
2024-10-15 00:57:23.815413 X-ray: Oscar, Charlie and Hotel, sending you 3
2024-10-15 00:57:23.815771 Juliett: Charlie and X-ray, sending you 2
2024-10-15 00:57:23.817678 Romeo: Uniform, Papa and India, sending you 3
2024-10-15 00:57:23.818653 Hotel: X-ray, sending you 5
2024-10-15 00:57:23.819005 X-ray: Juliett, sending you 2
chatterbot Uniform submitting transactions
chatterbot Juliett submitting transactions
chatterbot Mike submitting transactions
chatterbot X-ray submitting transactions
chatterbot Papa submitting transactions
chatterbot Oscar submitting transactions
chatterbot Romeo submitting transactions
chatterbot Charlie submitting transactions
chatterbot India submitting transactions
chatterbot Hotel submitting transactions
ChatterBot Mike round 8
ChatterBot Oscar round 8
ChatterBot Uniform round 8
ChatterBot Juliett round 8
ChatterBot Papa round 8
ChatterBot Charlie round 8
ChatterBot India round 8
ChatterBot Hotel round 8
ChatterBot X-ray round 8
ChatterBot Romeo round 8
2024-10-15 00:57:25.066717 Oscar: Same as last round
2024-10-15 00:57:25.068691 Juliett: Oscar and Hotel, sending you 1
2024-10-15 00:57:25.071689 Mike: Same as last round
2024-10-15 00:57:25.073705 Juliett: Charlie and X-ray, sending you 2
2024-10-15 00:57:25.080258 India: Same as last round
2024-10-15 00:57:25.081269 Hotel: Oscar and Charlie, sending you 4
2024-10-15 00:57:25.082698 Uniform: Mike, sending you 1
2024-10-15 00:57:25.084026 Papa: Mike, Uniform, India and Romeo, sending you 2
2024-10-15 00:57:25.085748 Charlie: Oscar, Uniform, Juliett, Hotel and X-ray, sending you 2
2024-10-15 00:57:25.087523 X-ray: Oscar, Charlie and Hotel, sending you 3
2024-10-15 00:57:25.088527 Hotel: X-ray, sending you 5
2024-10-15 00:57:25.090013 Romeo: Mike, sending you 2
2024-10-15 00:57:25.091359 Uniform: Papa and India, sending you 2
2024-10-15 00:57:25.092230 Papa: Juliett, sending you 1
2024-10-15 00:57:25.093931 X-ray: Juliett, sending you 2
2024-10-15 00:57:25.095226 Romeo: Uniform, Papa and India, sending you 3
2024-10-15 00:57:25.096253 Uniform: Romeo, sending you 3
chatterbot Juliett submitting transactions
chatterbot Papa submitting transactions
chatterbot Uniform submitting transactions
chatterbot X-ray submitting transactions
chatterbot Romeo submitting transactions
chatterbot Hotel submitting transactions
chatterbot Oscar submitting transactions
chatterbot Charlie submitting transactions
chatterbot India submitting transactions
chatterbot Mike submitting transactions
ChatterBot Mike round 9
ChatterBot Oscar round 9
ChatterBot Uniform round 9
ChatterBot Juliett round 9
ChatterBot Papa round 9
ChatterBot Charlie round 9
ChatterBot India round 9
ChatterBot Hotel round 9
ChatterBot X-ray round 9
ChatterBot Romeo round 9
2024-10-15 00:57:26.296676 Mike: Same as last round
2024-10-15 00:57:26.300673 Juliett: Oscar and Hotel, sending you 1
2024-10-15 00:57:26.305174 Juliett: Charlie and X-ray, sending you 2
2024-10-15 00:57:26.306747 Oscar: Charlie and X-ray, sending you 2
2024-10-15 00:57:26.308052 Uniform: Mike, sending you 1
2024-10-15 00:57:26.308733 Papa: Mike, Uniform, India and Romeo, sending you 2
2024-10-15 00:57:26.309835 X-ray: Oscar, Charlie and Hotel, sending you 3
2024-10-15 00:57:26.310695 Charlie: Oscar, Uniform, Juliett, Hotel and X-ray, sending you 2
2024-10-15 00:57:26.311947 Oscar: Hotel, sending you 1
2024-10-15 00:57:26.312498 Uniform: Papa and India, sending you 2
2024-10-15 00:57:26.313293 X-ray: Juliett, sending you 2
2024-10-15 00:57:26.314686 Papa: Juliett, sending you 1
2024-10-15 00:57:26.316507 India: Same as last round
2024-10-15 00:57:26.317049 Uniform: Romeo, sending you 3
2024-10-15 00:57:26.317537 Romeo: Mike, sending you 2
2024-10-15 00:57:26.318043 Hotel: Oscar and Charlie, sending you 4
2024-10-15 00:57:26.321753 Romeo: Uniform, Papa and India, sending you 3
2024-10-15 00:57:26.323016 Hotel: X-ray, sending you 5
chatterbot Mike submitting transactions
chatterbot Hotel submitting transactions
chatterbot Uniform submitting transactions
chatterbot Charlie submitting transactions
chatterbot India submitting transactions
chatterbot Papa submitting transactions
chatterbot Juliett submitting transactions
chatterbot Romeo submitting transactions
chatterbot X-ray submitting transactions
chatterbot Oscar submitting transactions
ChatterBot Mike round 10
ChatterBot Oscar round 10
ChatterBot Uniform round 10
ChatterBot Juliett round 10
ChatterBot Papa round 10
ChatterBot Charlie round 10
ChatterBot India round 10
ChatterBot Hotel round 10
ChatterBot X-ray round 10
ChatterBot Romeo round 10
2024-10-15 00:57:27.492021 Charlie: We should replace Uniform with India
ChatterBot Hotel reevaluating
2024-10-15 00:57:27.503934 Juliett: No
2024-10-15 00:57:27.504189 Hotel: No
2024-10-15 00:57:27.504420 X-ray: No
2024-10-15 00:57:27.504634 Oscar: No
ChatterBot Charlie reevaluating
ChatterBot Hotel reevaluating
ChatterBot Charlie reevaluating
ChatterBot Charlie reevaluating
ChatterBot Hotel reevaluating
ChatterBot Charlie reevaluating
ChatterBot Hotel reevaluating
2024-10-15 00:57:27.556019 India: We should add Juliett
ChatterBot Papa reevaluating
2024-10-15 00:57:27.563966 Papa: No
2024-10-15 00:57:27.564128 Mike: No
2024-10-15 00:57:27.564249 Romeo: No
2024-10-15 00:57:27.564377 Uniform: No
ChatterBot Papa reevaluating
ChatterBot India reevaluating
ChatterBot Papa reevaluating
ChatterBot India reevaluating
ChatterBot Papa reevaluating
ChatterBot India reevaluating
2024-10-15 00:57:27.609774 Papa: We should replace Juliett with Hotel
ChatterBot India reevaluating
2024-10-15 00:57:27.618240 Mike: No
2024-10-15 00:57:27.618392 India: No
2024-10-15 00:57:27.618536 Romeo: No
2024-10-15 00:57:27.618666 Uniform: No
ChatterBot Papa reevaluating
ChatterBot India reevaluating
ChatterBot Papa reevaluating
ChatterBot Papa reevaluating
ChatterBot India reevaluating
ChatterBot Papa reevaluating
ChatterBot India reevaluating
2024-10-15 00:57:27.659980 Hotel: Juliett we want you to join our group
2024-10-15 00:57:27.662724 Juliett: Yes
ChatterBot Charlie reevaluating
ChatterBot Hotel reevaluating
2024-10-15 00:57:27.671587 Hotel: We should replace Charlie with Juliett
2024-10-15 00:57:27.675688 Oscar: No
2024-10-15 00:57:27.675826 X-ray: No
ChatterBot Hotel reevaluating
ChatterBot Hotel reevaluating
ChatterBot Oscar reevaluating
2024-10-15 00:57:27.688655 Uniform: Mike, sending you 1
2024-10-15 00:57:27.689254 Romeo: Mike, sending you 2
2024-10-15 00:57:27.690456 Juliett: Oscar and Hotel, sending you 1
2024-10-15 00:57:27.690971 Mike: Same as last round
2024-10-15 00:57:27.693972 Uniform: Papa and India, sending you 2
2024-10-15 00:57:27.694852 Juliett: Charlie and X-ray, sending you 2
2024-10-15 00:57:27.695595 Romeo: Uniform, Papa and India, sending you 3
2024-10-15 00:57:27.696478 Oscar: Juliett we want you to join our group
2024-10-15 00:57:27.700832 Juliett: Yes
ChatterBot Oscar reevaluating
ChatterBot Hotel reevaluating
2024-10-15 00:57:27.714297 Hotel: We should replace X-ray with Juliett
ChatterBot Oscar reevaluating
ChatterBot Charlie reevaluating
2024-10-15 00:57:27.721176 Oscar: No
2024-10-15 00:57:27.721303 Charlie: No
ChatterBot Hotel reevaluating
ChatterBot Charlie reevaluating
ChatterBot Hotel reevaluating
ChatterBot Oscar reevaluating
2024-10-15 00:57:27.734934 Uniform: Romeo, sending you 3
2024-10-15 00:57:27.735520 X-ray: Oscar, Charlie and Hotel, sending you 3
2024-10-15 00:57:27.735960 India: Same as last round
2024-10-15 00:57:27.739680 Papa: Mike, Uniform, India and Romeo, sending you 2
2024-10-15 00:57:27.740677 X-ray: Juliett, sending you 2
2024-10-15 00:57:27.743690 Papa: Juliett, sending you 1
2024-10-15 00:57:27.756700 Charlie: Oscar, Uniform, Juliett, Hotel and X-ray, sending you 2
2024-10-15 00:57:27.770662 Oscar: Juliett and X-ray, sending you 2
2024-10-15 00:57:27.772671 Hotel: Juliett and Charlie, sending you 4
2024-10-15 00:57:27.774357 Oscar: Hotel, sending you 1
2024-10-15 00:57:27.776679 Hotel: X-ray, sending you 5
chatterbot Uniform submitting transactions
chatterbot India submitting transactions
chatterbot Romeo submitting transactions
chatterbot Hotel submitting transactions
chatterbot Charlie submitting transactions
chatterbot Mike submitting transactions
chatterbot Oscar submitting transactions
chatterbot Papa submitting transactions
chatterbot Juliett submitting transactions
chatterbot X-ray submitting transactions
ChatterBot Mike round 11
ChatterBot Oscar round 11
ChatterBot Uniform round 11
ChatterBot Juliett round 11
ChatterBot Papa round 11
ChatterBot Charlie round 11
ChatterBot India round 11
ChatterBot Hotel round 11
ChatterBot X-ray round 11
ChatterBot Romeo round 11
2024-10-15 00:57:28.878111 Hotel: We should replace Juliett with Oscar
2024-10-15 00:57:28.884900 Charlie: No
2024-10-15 00:57:28.885102 X-ray: No
ChatterBot Hotel reevaluating
ChatterBot Hotel reevaluating
2024-10-15 00:57:28.906959 India: We should add Oscar
ChatterBot Papa reevaluating
2024-10-15 00:57:28.917384 Papa: Yes
2024-10-15 00:57:28.917566 Mike: No
2024-10-15 00:57:28.917744 Romeo: No
2024-10-15 00:57:28.917911 Uniform: No
ChatterBot India reevaluating
ChatterBot Papa reevaluating
ChatterBot India reevaluating
ChatterBot Papa reevaluating
ChatterBot India reevaluating
ChatterBot Papa reevaluating
ChatterBot India reevaluating
2024-10-15 00:57:28.961386 Papa: We should replace Juliett with Charlie
ChatterBot India reevaluating
2024-10-15 00:57:28.972470 Mike: No
2024-10-15 00:57:28.972646 India: No
2024-10-15 00:57:28.972793 Romeo: No
2024-10-15 00:57:28.972901 Uniform: No
ChatterBot Papa reevaluating
ChatterBot India reevaluating
ChatterBot Papa reevaluating
ChatterBot Papa reevaluating
ChatterBot India reevaluating
ChatterBot Papa reevaluating
ChatterBot India reevaluating
2024-10-15 00:57:29.028010 India: We should add Charlie
ChatterBot Papa reevaluating
2024-10-15 00:57:29.037002 Papa: Yes
2024-10-15 00:57:29.037704 Mike: No
2024-10-15 00:57:29.037833 Romeo: No
2024-10-15 00:57:29.037946 Uniform: No
ChatterBot India reevaluating
ChatterBot Papa reevaluating
ChatterBot India reevaluating
ChatterBot Papa reevaluating
ChatterBot India reevaluating
ChatterBot Papa reevaluating
ChatterBot India reevaluating
2024-10-15 00:57:29.079575 Papa: We should replace Juliett with Hotel
ChatterBot India reevaluating
2024-10-15 00:57:29.089082 Mike: No
2024-10-15 00:57:29.089258 India: No
2024-10-15 00:57:29.089386 Romeo: No
2024-10-15 00:57:29.089485 Uniform: No
ChatterBot Papa reevaluating
ChatterBot India reevaluating
ChatterBot Papa reevaluating
ChatterBot Papa reevaluating
ChatterBot India reevaluating
ChatterBot Papa reevaluating
ChatterBot India reevaluating
2024-10-15 00:57:29.134927 Hotel: Oscar we want you to join our group
2024-10-15 00:57:29.137579 Oscar: No
ChatterBot Hotel reevaluating
ChatterBot Charlie reevaluating
2024-10-15 00:57:29.146070 Charlie: We should replace Uniform with India
ChatterBot Hotel reevaluating
2024-10-15 00:57:29.154927 Juliett: No
2024-10-15 00:57:29.155084 Hotel: No
2024-10-15 00:57:29.155183 X-ray: No
2024-10-15 00:57:29.155660 Oscar: No
ChatterBot Charlie reevaluating
ChatterBot Hotel reevaluating
ChatterBot Oscar reevaluating
ChatterBot Charlie reevaluating
ChatterBot Oscar reevaluating
ChatterBot Charlie reevaluating
ChatterBot Hotel reevaluating
ChatterBot Oscar reevaluating
ChatterBot Charlie reevaluating
ChatterBot Hotel reevaluating
2024-10-15 00:57:29.197728 Mike: Same as last round
2024-10-15 00:57:29.198424 Papa: Hotel we want you to join our group
ChatterBot Hotel reevaluating
2024-10-15 00:57:29.202009 Hotel: No
ChatterBot Papa reevaluating
2024-10-15 00:57:29.214239 Papa: We should replace Juliett with X-ray
2024-10-15 00:57:29.222965 Mike: No
2024-10-15 00:57:29.223107 India: No
2024-10-15 00:57:29.223232 Romeo: No
2024-10-15 00:57:29.223346 Uniform: No
ChatterBot Papa reevaluating
ChatterBot Papa reevaluating
ChatterBot Papa reevaluating
ChatterBot Papa reevaluating
2024-10-15 00:57:29.261178 Uniform: Mike, sending you 1
2024-10-15 00:57:29.263650 Juliett: Oscar and Hotel, sending you 1
2024-10-15 00:57:29.265102 Romeo: Mike, sending you 2
2024-10-15 00:57:29.265626 X-ray: Oscar, Charlie and Hotel, sending you 3
2024-10-15 00:57:29.266266 Uniform: Papa and India, sending you 2
2024-10-15 00:57:29.266836 India: Same as last round
2024-10-15 00:57:29.267687 Juliett: Charlie and X-ray, sending you 2
2024-10-15 00:57:29.269682 Romeo: Uniform, Papa and India, sending you 3
2024-10-15 00:57:29.270404 X-ray: Juliett, sending you 2
