ChatterBot Delta round 1
ChatterBot Oscar round 1
ChatterBot Papa round 1
ChatterBot Uniform round 1
ChatterBot Echo round 1
ChatterBot Juliett round 1
ChatterBot Whiskey round 1
ChatterBot X-ray round 1
ChatterBot Foxtrot round 1
ChatterBot Golf round 1
randomSelections Oscar: {Oscar, Papa, Golf, Echo, Whiskey, Juliett, X-ray, Uniform} 
2024-10-15 00:57:13.127801 Oscar: Let's form a team
ChatterBot Papa reevaluating
ChatterBot Golf reevaluating
ChatterBot Echo reevaluating
ChatterBot Whiskey reevaluating
ChatterBot Juliett reevaluating
ChatterBot X-ray reevaluating
ChatterBot Uniform reevaluating
2024-10-15 00:57:13.145807 Papa: Yes
2024-10-15 00:57:13.145992 Golf: Yes
2024-10-15 00:57:13.146129 Echo: Yes
2024-10-15 00:57:13.146267 Whiskey: Yes
2024-10-15 00:57:13.146409 Juliett: Yes
2024-10-15 00:57:13.147097 X-ray: Yes
2024-10-15 00:57:13.147222 Uniform: Yes
ChatterBot Golf reevaluating
ChatterBot Echo reevaluating
ChatterBot Whiskey reevaluating
ChatterBot Juliett reevaluating
ChatterBot X-ray reevaluating
ChatterBot Uniform reevaluating
ChatterBot Papa reevaluating
ChatterBot Echo reevaluating
ChatterBot Whiskey reevaluating
ChatterBot Juliett reevaluating
ChatterBot X-ray reevaluating
ChatterBot Uniform reevaluating
ChatterBot Papa reevaluating
ChatterBot Golf reevaluating
ChatterBot Whiskey reevaluating
ChatterBot Juliett reevaluating
ChatterBot X-ray reevaluating
ChatterBot Uniform reevaluating
ChatterBot Papa reevaluating
ChatterBot Golf reevaluating
ChatterBot Echo reevaluating
ChatterBot Juliett reevaluating
ChatterBot X-ray reevaluating
ChatterBot Uniform reevaluating
ChatterBot Papa reevaluating
ChatterBot Golf reevaluating
ChatterBot Echo reevaluating
ChatterBot Whiskey reevaluating
ChatterBot X-ray reevaluating
ChatterBot Uniform reevaluating
ChatterBot Papa reevaluating
ChatterBot Golf reevaluating
ChatterBot Echo reevaluating
ChatterBot Whiskey reevaluating
ChatterBot Juliett reevaluating
ChatterBot Uniform reevaluating
ChatterBot Papa reevaluating
ChatterBot Golf reevaluating
ChatterBot Echo reevaluating
ChatterBot Whiskey reevaluating
ChatterBot Juliett reevaluating
ChatterBot X-ray reevaluating
randomSelections Delta: {Delta, Echo, Whiskey, X-ray} 
2024-10-15 00:57:13.366900 Delta: We should group up
ChatterBot Echo reevaluating
ChatterBot Whiskey reevaluating
ChatterBot X-ray reevaluating
2024-10-15 00:57:13.372270 Echo: No
2024-10-15 00:57:13.372459 Whiskey: No
2024-10-15 00:57:13.372707 X-ray: No
ChatterBot Whiskey reevaluating
ChatterBot X-ray reevaluating
ChatterBot Echo reevaluating
ChatterBot X-ray reevaluating
ChatterBot Echo reevaluating
ChatterBot Whiskey reevaluating
randomSelections Foxtrot: {Foxtrot, Delta, Oscar, Echo, Uniform, Papa, Golf, X-ray} 
2024-10-15 00:57:13.397034 Foxtrot: Let's form a team
ChatterBot Echo reevaluating
ChatterBot Uniform reevaluating
ChatterBot Papa reevaluating
ChatterBot Golf reevaluating
ChatterBot X-ray reevaluating
2024-10-15 00:57:13.411637 Delta: No
2024-10-15 00:57:13.412728 Oscar: No
2024-10-15 00:57:13.413060 Echo: No
2024-10-15 00:57:13.413583 Uniform: No
2024-10-15 00:57:13.414420 Papa: No
2024-10-15 00:57:13.414880 Golf: No
2024-10-15 00:57:13.415140 X-ray: No
ChatterBot Echo reevaluating
ChatterBot Uniform reevaluating
ChatterBot Papa reevaluating
ChatterBot Golf reevaluating
ChatterBot X-ray reevaluating
ChatterBot Echo reevaluating
ChatterBot Uniform reevaluating
ChatterBot Papa reevaluating
ChatterBot Golf reevaluating
ChatterBot X-ray reevaluating
ChatterBot Uniform reevaluating
ChatterBot Papa reevaluating
ChatterBot Golf reevaluating
ChatterBot X-ray reevaluating
ChatterBot Echo reevaluating
ChatterBot Papa reevaluating
ChatterBot Golf reevaluating
ChatterBot X-ray reevaluating
ChatterBot Echo reevaluating
ChatterBot Uniform reevaluating
ChatterBot Golf reevaluating
ChatterBot X-ray reevaluating
ChatterBot Echo reevaluating
ChatterBot Uniform reevaluating
ChatterBot Papa reevaluating
ChatterBot X-ray reevaluating
ChatterBot Echo reevaluating
ChatterBot Uniform reevaluating
ChatterBot Papa reevaluating
ChatterBot Golf reevaluating
2024-10-15 00:57:13.549705 Whiskey: Oscar and Papa, sending you 1
2024-10-15 00:57:13.554402 Delta: Sending you each 3
2024-10-15 00:57:13.556297 Whiskey: Uniform and X-ray, sending you 2
2024-10-15 00:57:13.557158 Papa: Oscar, sending you 3
2024-10-15 00:57:13.558431 Echo: Oscar, Whiskey and X-ray, sending you 2
2024-10-15 00:57:13.559172 Juliett: Papa and X-ray, sending you 1
2024-10-15 00:57:13.560457 X-ray: Papa, Juliett and Golf, sending you 1
2024-10-15 00:57:13.561051 Foxtrot: Delta and Papa, sending you 2
2024-10-15 00:57:13.562344 Whiskey: Golf, sending you 3
2024-10-15 00:57:13.563261 Papa: Uniform, Juliett, Whiskey and X-ray, sending you 1
2024-10-15 00:57:13.564702 Oscar: Uniform and Echo, sending you 1
2024-10-15 00:57:13.565891 Echo: Papa and Uniform, sending you 1
2024-10-15 00:57:13.566589 Juliett: Uniform, sending you 4
2024-10-15 00:57:13.567830 X-ray: Uniform, Echo and Whiskey, sending you 2
2024-10-15 00:57:13.568443 Foxtrot: Oscar, sending you 1
2024-10-15 00:57:13.569600 Papa: Echo, sending you 2
2024-10-15 00:57:13.570068 Oscar: Juliett, Whiskey, X-ray and Golf, sending you 2
2024-10-15 00:57:13.571508 Golf: Oscar, Papa, Whiskey and X-ray, sending you 1
2024-10-15 00:57:13.572710 Juliett: Whiskey, sending you 2
2024-10-15 00:57:13.577695 Uniform: Echo, Whiskey and X-ray, sending you 1
2024-10-15 00:57:13.579442 Golf: Juliett, sending you 2
2024-10-15 00:57:13.580043 Juliett: Golf, sending you 3
2024-10-15 00:57:13.586634 Uniform: Golf, sending you 2
chatterbot Papa submitting transactions
chatterbot Uniform submitting transactions
chatterbot Delta submitting transactions
chatterbot Whiskey submitting transactions
chatterbot Foxtrot submitting transactions
chatterbot Echo submitting transactions
chatterbot Oscar submitting transactions
chatterbot X-ray submitting transactions
chatterbot Juliett submitting transactions
chatterbot Golf submitting transactions
ChatterBot Delta round 2
ChatterBot Oscar round 2
ChatterBot Papa round 2
ChatterBot Uniform round 2
ChatterBot Echo round 2
ChatterBot Juliett round 2
2024-10-15 00:57:15.832876 Delta: Friends?
ChatterBot Foxtrot reevaluating
2024-10-15 00:57:15.845740 Foxtrot: Yes
2024-10-15 00:57:15.850189 Foxtrot: We would work well together
2024-10-15 00:57:15.854369 Delta: Yes
ChatterBot Foxtrot reevaluating
ChatterBot Whiskey round 2
ChatterBot X-ray round 2
ChatterBot Foxtrot round 2
2024-10-15 00:57:15.896855 Uniform: Friends?
ChatterBot Whiskey reevaluating
ChatterBot X-ray reevaluating
2024-10-15 00:57:15.918096 Echo: Yes
2024-10-15 00:57:15.918371 Whiskey: Yes
2024-10-15 00:57:15.918546 X-ray: Yes
ChatterBot Uniform reevaluating
ChatterBot Whiskey reevaluating
ChatterBot X-ray reevaluating
ChatterBot Uniform reevaluating
ChatterBot X-ray reevaluating
ChatterBot Uniform reevaluating
ChatterBot Whiskey reevaluating
2024-10-15 00:57:15.988203 Juliett: Can we be friends?
ChatterBot Golf reevaluating
2024-10-15 00:57:16.021100 Oscar: No
2024-10-15 00:57:16.021359 Golf: No
2024-10-15 00:57:16.021515 Papa: Yes
ChatterBot Juliett reevaluating
ChatterBot Golf reevaluating
ChatterBot Juliett reevaluating
ChatterBot Oscar reevaluating
ChatterBot Juliett reevaluating
ChatterBot Oscar reevaluating
ChatterBot Golf reevaluating
2024-10-15 00:57:16.114469 Golf: We would work well together
2024-10-15 00:57:16.122440 Delta: No
ChatterBot Golf reevaluating
ChatterBot Golf round 2
2024-10-15 00:57:16.152978 Echo: We should drop Golf and Juliett
ChatterBot Uniform reevaluating
ChatterBot Whiskey reevaluating
ChatterBot X-ray reevaluating
ChatterBot Oscar reevaluating
2024-10-15 00:57:16.188544 Papa: No
2024-10-15 00:57:16.189179 Uniform: No
2024-10-15 00:57:16.189345 Whiskey: Yes
2024-10-15 00:57:16.189549 X-ray: Yes
2024-10-15 00:57:16.189739 Oscar: Yes
ChatterBot Uniform reevaluating
ChatterBot Whiskey reevaluating
ChatterBot X-ray reevaluating
ChatterBot Oscar reevaluating
ChatterBot Whiskey reevaluating
ChatterBot X-ray reevaluating
ChatterBot Oscar reevaluating
ChatterBot Uniform reevaluating
ChatterBot X-ray reevaluating
ChatterBot Oscar reevaluating
ChatterBot Papa reevaluating
ChatterBot Uniform reevaluating
ChatterBot Whiskey reevaluating
ChatterBot Oscar reevaluating
ChatterBot Papa reevaluating
ChatterBot Uniform reevaluating
ChatterBot Whiskey reevaluating
ChatterBot X-ray reevaluating
2024-10-15 00:57:16.505880 Golf: Let's form a team
ChatterBot Whiskey reevaluating
ChatterBot Oscar reevaluating
ChatterBot Juliett reevaluating
2024-10-15 00:57:16.528199 Whiskey: No
2024-10-15 00:57:16.528584 Oscar: No
2024-10-15 00:57:16.528976 Juliett: Yes
ChatterBot Oscar reevaluating
ChatterBot Juliett reevaluating
ChatterBot Whiskey reevaluating
ChatterBot Juliett reevaluating
ChatterBot Whiskey reevaluating
ChatterBot Oscar reevaluating
chatterbot Echo submitting transactions
chatterbot Delta submitting transactions
2024-10-15 00:57:16.638146 Delta: Sending you 3
2024-10-15 00:57:16.699945 Uniform: Echo, sending you 2
2024-10-15 00:57:16.700805 Foxtrot: Sending you each 2
2024-10-15 00:57:16.701992 Echo: Oscar, Papa, Uniform and X-ray, sending you 2
2024-10-15 00:57:16.702791 Golf: Sending you each 2
2024-10-15 00:57:16.704219 Uniform: Whiskey, sending you 4
2024-10-15 00:57:16.768934 Oscar: Papa, Echo, Whiskey and Golf, sending you 2
2024-10-15 00:57:16.769885 Juliett: Oscar and Golf, sending you 4
2024-10-15 00:57:16.770900 X-ray: Oscar, Papa, Uniform, Echo and Whiskey, sending you 2
2024-10-15 00:57:16.771469 Papa: Oscar, sending you 1
2024-10-15 00:57:16.772498 Whiskey: Uniform, sending you 2
2024-10-15 00:57:16.772965 Uniform: X-ray, sending you 3
2024-10-15 00:57:16.831863 Oscar: Uniform, Juliett and X-ray, sending you 1
2024-10-15 00:57:16.832324 Juliett: Papa, sending you 3
2024-10-15 00:57:16.832533 Papa: Uniform, Echo, Whiskey and X-ray, sending you 2
2024-10-15 00:57:16.833361 Whiskey: Echo, sending you 4
2024-10-15 00:57:16.937746 Whiskey: X-ray, sending you 3
chatterbot Golf submitting transactions
chatterbot X-ray submitting transactions
chatterbot Foxtrot submitting transactions
chatterbot Whiskey submitting transactions
chatterbot Oscar submitting transactions
chatterbot Juliett submitting transactions
chatterbot Uniform submitting transactions
chatterbot Papa submitting transactions
ChatterBot Delta round 3
ChatterBot Oscar round 3
ChatterBot Papa round 3
ChatterBot Uniform round 3
ChatterBot Echo round 3
ChatterBot Juliett round 3
ChatterBot Whiskey round 3
ChatterBot X-ray round 3
2024-10-15 00:57:17.623940 Oscar: We would work well together
2024-10-15 00:57:17.638880 Juliett: Yes
2024-10-15 00:57:17.639150 Golf: No
2024-10-15 00:57:17.639398 Papa: No
ChatterBot Oscar reevaluating
ChatterBot Oscar reevaluating
ChatterBot Foxtrot round 3
ChatterBot Golf round 3
2024-10-15 00:57:17.719217 Golf: We should replace Whiskey with Papa
ChatterBot Oscar reevaluating
2024-10-15 00:57:17.727907 Oscar: No
2024-10-15 00:57:17.728164 Juliett: Yes
ChatterBot Oscar reevaluating
2024-10-15 00:57:17.749133 Foxtrot: We should replace Whiskey with Juliett
2024-10-15 00:57:17.753874 Delta: No
ChatterBot Foxtrot reevaluating
2024-10-15 00:57:17.759543 Echo: We should drop Oscar
ChatterBot Papa reevaluating
2024-10-15 00:57:17.775909 Papa: Yes
2024-10-15 00:57:17.776893 Uniform: Yes
2024-10-15 00:57:17.777210 Whiskey: Yes
2024-10-15 00:57:17.777498 X-ray: No
ChatterBot Papa reevaluating
ChatterBot Whiskey reevaluating
ChatterBot Papa reevaluating
ChatterBot Papa reevaluating
ChatterBot Whiskey reevaluating
2024-10-15 00:57:17.851004 Golf: Papa we want you to join our group
ChatterBot Papa reevaluating
2024-10-15 00:57:17.856778 Papa: Yes
ChatterBot Oscar reevaluating
2024-10-15 00:57:17.870157 X-ray: Oscar, Papa, Uniform, Echo and Whiskey, sending you 2
2024-10-15 00:57:17.871360 Juliett: Oscar, sending you 4
2024-10-15 00:57:17.914740 Delta: Same as last round
2024-10-15 00:57:17.915473 Oscar: We should drop Juliett and Golf
ChatterBot Papa reevaluating
ChatterBot Whiskey reevaluating
2024-10-15 00:57:17.936802 Echo: Yes
2024-10-15 00:57:17.936971 Papa: Yes
2024-10-15 00:57:17.937645 Uniform: Yes
2024-10-15 00:57:17.937759 Whiskey: Yes
2024-10-15 00:57:17.937864 X-ray: Yes
ChatterBot Papa reevaluating
ChatterBot Whiskey reevaluating
ChatterBot Oscar reevaluating
ChatterBot Whiskey reevaluating
ChatterBot Oscar reevaluating
ChatterBot Papa reevaluating
ChatterBot Whiskey reevaluating
ChatterBot Oscar reevaluating
ChatterBot Papa reevaluating
ChatterBot Oscar reevaluating
ChatterBot Papa reevaluating
ChatterBot Whiskey reevaluating
ChatterBot Oscar reevaluating
2024-10-15 00:57:18.053299 Uniform: Sending you each 3
2024-10-15 00:57:18.053782 Juliett: Papa, sending you 2
2024-10-15 00:57:18.067007 Juliett: Golf, sending you 5
2024-10-15 00:57:18.067965 Golf: Oscar, Papa and Juliett, sending you 2
2024-10-15 00:57:18.068218 Echo: Sending you each 2
2024-10-15 00:57:18.096399 Foxtrot: Same as last round
2024-10-15 00:57:18.131130 Whiskey: Uniform, sending you 4
2024-10-15 00:57:18.176263 Whiskey: Echo, sending you 2
2024-10-15 00:57:18.177083 Papa: Uniform, Echo and Whiskey, sending you 2
chatterbot Delta submitting transactions
2024-10-15 00:57:18.193224 Whiskey: X-ray, sending you 3
2024-10-15 00:57:18.193649 Oscar: Sending you each 2
2024-10-15 00:57:18.194528 Papa: X-ray, sending you 3
chatterbot Juliett submitting transactions
chatterbot X-ray submitting transactions
chatterbot Foxtrot submitting transactions
chatterbot Whiskey submitting transactions
chatterbot Golf submitting transactions
chatterbot Uniform submitting transactions
chatterbot Echo submitting transactions
chatterbot Oscar submitting transactions
chatterbot Papa submitting transactions
ChatterBot Delta round 4
ChatterBot Oscar round 4
ChatterBot Papa round 4
ChatterBot Uniform round 4
ChatterBot Echo round 4
ChatterBot Juliett round 4
ChatterBot Whiskey round 4
ChatterBot X-ray round 4
2024-10-15 00:57:19.274610 Papa: We should add Oscar
2024-10-15 00:57:19.296206 Echo: No
2024-10-15 00:57:19.296496 Uniform: No
2024-10-15 00:57:19.297122 Whiskey: No
2024-10-15 00:57:19.297274 X-ray: Yes
ChatterBot Papa reevaluating
ChatterBot Papa reevaluating
ChatterBot Papa reevaluating
ChatterBot Foxtrot round 4
ChatterBot Golf round 4
2024-10-15 00:57:19.396916 Foxtrot: We should replace Whiskey with Golf
2024-10-15 00:57:19.401692 Delta: No
ChatterBot Foxtrot reevaluating
2024-10-15 00:57:19.411651 Echo: Oscar we want you to join our group
2024-10-15 00:57:19.416401 Oscar: Yes
ChatterBot Papa reevaluating
2024-10-15 00:57:19.439673 Foxtrot: We should replace Whiskey with Juliett
2024-10-15 00:57:19.444889 Delta: No
ChatterBot Foxtrot reevaluating
2024-10-15 00:57:19.450052 Delta: Same as last round
2024-10-15 00:57:19.451154 Oscar: Same as last round
2024-10-15 00:57:19.451588 Papa: Oscar we want you to join our group
2024-10-15 00:57:19.456752 Oscar: Yes
ChatterBot Papa reevaluating
2024-10-15 00:57:19.478927 Juliett: Oscar, sending you 3
2024-10-15 00:57:19.479386 Uniform: Echo, sending you 2
2024-10-15 00:57:19.480421 X-ray: Oscar, Papa, Uniform, Echo and Whiskey, sending you 2
2024-10-15 00:57:19.480824 Whiskey: Uniform, sending you 4
2024-10-15 00:57:19.486308 Juliett: Papa, sending you 2
2024-10-15 00:57:19.487309 Echo: Papa, Uniform, Whiskey and X-ray, sending you 2
2024-10-15 00:57:19.487886 Uniform: Whiskey, sending you 4
2024-10-15 00:57:19.488745 Golf: Oscar and Juliett, sending you 2
2024-10-15 00:57:19.489086 Whiskey: Echo, sending you 2
2024-10-15 00:57:19.489750 Foxtrot: Juliett we want you to join our group
2024-10-15 00:57:19.496789 Juliett: No
ChatterBot Foxtrot reevaluating
2024-10-15 00:57:19.512123 Juliett: Golf, sending you 6
2024-10-15 00:57:19.512569 Uniform: X-ray, sending you 3
2024-10-15 00:57:19.513687 Golf: Papa, sending you 1
2024-10-15 00:57:19.514069 Whiskey: X-ray, sending you 3
2024-10-15 00:57:19.531107 Papa: Oscar, Echo, Whiskey and X-ray, sending you 2
2024-10-15 00:57:19.536670 Papa: Uniform, sending you 1
2024-10-15 00:57:19.541783 Foxtrot: Sending you each 2
chatterbot Golf submitting transactions
chatterbot Uniform submitting transactions
chatterbot Delta submitting transactions
chatterbot Foxtrot submitting transactions
chatterbot Juliett submitting transactions
chatterbot Echo submitting transactions
chatterbot Whiskey submitting transactions
chatterbot Papa submitting transactions
chatterbot Oscar submitting transactions
chatterbot X-ray submitting transactions
ChatterBot Delta round 5
ChatterBot Oscar round 5
ChatterBot Papa round 5
ChatterBot Uniform round 5
ChatterBot Echo round 5
ChatterBot Juliett round 5
ChatterBot Whiskey round 5
2024-10-15 00:57:20.828667 Oscar: We should add Juliett
ChatterBot Echo reevaluating
ChatterBot Papa reevaluating
ChatterBot Uniform reevaluating
ChatterBot Whiskey reevaluating
2024-10-15 00:57:20.887938 Echo: No
2024-10-15 00:57:20.888278 Papa: No
2024-10-15 00:57:20.888541 Uniform: No
2024-10-15 00:57:20.888794 Whiskey: No
2024-10-15 00:57:20.889034 X-ray: No
ChatterBot Papa reevaluating
ChatterBot Uniform reevaluating
ChatterBot Whiskey reevaluating
ChatterBot Oscar reevaluating
ChatterBot Echo reevaluating
ChatterBot Uniform reevaluating
ChatterBot Whiskey reevaluating
ChatterBot Oscar reevaluating
ChatterBot Echo reevaluating
ChatterBot Papa reevaluating
ChatterBot Whiskey reevaluating
ChatterBot Oscar reevaluating
ChatterBot Echo reevaluating
ChatterBot Papa reevaluating
ChatterBot Uniform reevaluating
ChatterBot Oscar reevaluating
ChatterBot Echo reevaluating
ChatterBot Papa reevaluating
ChatterBot Uniform reevaluating
ChatterBot Whiskey reevaluating
ChatterBot Oscar reevaluating
2024-10-15 00:57:21.073593 Uniform: We should add Papa
2024-10-15 00:57:21.073869 Whiskey: We should add Papa
ChatterBot Echo reevaluating
ChatterBot Whiskey reevaluating
ChatterBot Uniform reevaluating
2024-10-15 00:57:21.092255 Echo: Yes
ChatterBot Echo reevaluating
2024-10-15 00:57:21.097263 Whiskey: Yes
2024-10-15 00:57:21.097507 X-ray: Yes
2024-10-15 00:57:21.101015 Uniform: Yes
2024-10-15 00:57:21.101241 Echo: Yes
2024-10-15 00:57:21.101383 X-ray: Yes
ChatterBot Uniform reevaluating
ChatterBot Whiskey reevaluating
ChatterBot Uniform reevaluating
ChatterBot Echo reevaluating
ChatterBot Uniform reevaluating
ChatterBot Echo reevaluating
ChatterBot Whiskey reevaluating
ChatterBot Echo reevaluating
ChatterBot Whiskey reevaluating
ChatterBot Uniform reevaluating
ChatterBot Whiskey reevaluating
ChatterBot Uniform reevaluating
ChatterBot Echo reevaluating
ChatterBot Whiskey reevaluating
ChatterBot X-ray round 5
ChatterBot Foxtrot round 5
ChatterBot Golf round 5
2024-10-15 00:57:21.203175 Juliett: We should group up
ChatterBot Golf reevaluating
ChatterBot Delta reevaluating
ChatterBot Foxtrot reevaluating
2024-10-15 00:57:21.214773 Golf: No
2024-10-15 00:57:21.214904 Delta: Yes
2024-10-15 00:57:21.215012 Foxtrot: Yes
ChatterBot Delta reevaluating
ChatterBot Foxtrot reevaluating
ChatterBot Golf reevaluating
ChatterBot Foxtrot reevaluating
ChatterBot Golf reevaluating
ChatterBot Delta reevaluating
2024-10-15 00:57:21.410778 Foxtrot: We should add Golf
ChatterBot Delta reevaluating
2024-10-15 00:57:21.421580 Delta: Yes
2024-10-15 00:57:21.421817 Juliett: Yes
ChatterBot Foxtrot reevaluating
ChatterBot Foxtrot reevaluating
ChatterBot Delta reevaluating
2024-10-15 00:57:21.446412 Oscar: Juliett we want you to join our group
ChatterBot Juliett reevaluating
2024-10-15 00:57:21.453005 Juliett: No
ChatterBot Oscar reevaluating
ChatterBot Whiskey reevaluating
2024-10-15 00:57:21.493749 Whiskey: We should add Oscar
ChatterBot Uniform reevaluating
ChatterBot X-ray reevaluating
2024-10-15 00:57:21.517559 Uniform: Yes
2024-10-15 00:57:21.518026 Echo: Yes
2024-10-15 00:57:21.518292 X-ray: Yes
ChatterBot Whiskey reevaluating
ChatterBot X-ray reevaluating
ChatterBot Uniform reevaluating
ChatterBot Whiskey reevaluating
ChatterBot X-ray reevaluating
ChatterBot Uniform reevaluating
ChatterBot Whiskey reevaluating
2024-10-15 00:57:21.579205 Golf: We should drop Papa
ChatterBot Oscar reevaluating
ChatterBot Juliett reevaluating
2024-10-15 00:57:21.593956 Oscar: No
2024-10-15 00:57:21.594365 Juliett: Yes
ChatterBot Golf reevaluating
ChatterBot Juliett reevaluating
ChatterBot Golf reevaluating
ChatterBot Oscar reevaluating
2024-10-15 00:57:21.612405 Delta: Juliett and Golf we want you to join our group
ChatterBot Juliett reevaluating
ChatterBot Golf reevaluating
2024-10-15 00:57:21.619999 Juliett: Yes
2024-10-15 00:57:21.620278 Golf: No
ChatterBot Golf reevaluating
ChatterBot Foxtrot reevaluating
ChatterBot Juliett reevaluating
ChatterBot Foxtrot reevaluating
chatterbot Oscar submitting transactions
2024-10-15 00:57:21.648121 Papa: Oscar, Echo, Whiskey and X-ray, sending you 2
2024-10-15 00:57:21.651670 Foxtrot: Golf we want you to join our group
ChatterBot Golf reevaluating
2024-10-15 00:57:21.658270 Golf: No
ChatterBot Juliett reevaluating
ChatterBot Foxtrot reevaluating
2024-10-15 00:57:21.672267 Echo: Papa, Uniform, Whiskey and X-ray, sending you 2
2024-10-15 00:57:21.673434 Whiskey: Papa we want you to join our group
2024-10-15 00:57:21.677878 Papa: Yes
ChatterBot Uniform reevaluating
2024-10-15 00:57:21.696687 Papa: Uniform, sending you 1
2024-10-15 00:57:21.700725 Uniform: Papa we want you to join our group
2024-10-15 00:57:21.709524 Papa: Yes
ChatterBot Uniform reevaluating
2024-10-15 00:57:21.738961 X-ray: Oscar, Papa, Uniform, Echo and Whiskey, sending you 2
2024-10-15 00:57:21.739487 Delta: Juliett and Golf, sending you 2
2024-10-15 00:57:21.743666 Juliett: Delta, sending you 1
2024-10-15 00:57:21.744691 Delta: Foxtrot, sending you 3
2024-10-15 00:57:21.745857 Whiskey: Papa, Echo and X-ray, sending you 2
2024-10-15 00:57:21.746448 Oscar: Papa, Echo, Whiskey and X-ray, sending you 2
2024-10-15 00:57:21.747107 Juliett: Foxtrot, sending you 3
2024-10-15 00:57:21.750677 Whiskey: Uniform, sending you 3
2024-10-15 00:57:21.751727 Oscar: Uniform and Juliett, sending you 1
2024-10-15 00:57:21.752294 Juliett: Golf, sending you 7
2024-10-15 00:57:21.752673 Golf: Oscar, sending you 3
2024-10-15 00:57:21.756673 Golf: Juliett, sending you 2
2024-10-15 00:57:21.762648 Foxtrot: Delta, sending you 2
2024-10-15 00:57:21.765682 Foxtrot: Juliett and Golf, sending you 1
2024-10-15 00:57:21.770807 Uniform: Papa, Echo and X-ray, sending you 2
2024-10-15 00:57:21.775673 Uniform: Whiskey, sending you 3
chatterbot Delta submitting transactions
chatterbot Echo submitting transactions
chatterbot X-ray submitting transactions
chatterbot Papa submitting transactions
chatterbot Juliett submitting transactions
chatterbot Uniform submitting transactions
chatterbot Whiskey submitting transactions
chatterbot Oscar submitting transactions
chatterbot Foxtrot submitting transactions
chatterbot Golf submitting transactions
ChatterBot Delta round 6
ChatterBot Oscar round 6
ChatterBot Papa round 6
ChatterBot Uniform round 6
ChatterBot Echo round 6
ChatterBot Juliett round 6
ChatterBot Whiskey round 6
ChatterBot X-ray round 6
ChatterBot Foxtrot round 6
ChatterBot Golf round 6
2024-10-15 00:57:22.916336 Oscar: We should drop Juliett
ChatterBot Whiskey reevaluating
2024-10-15 00:57:22.935541 Echo: Yes
2024-10-15 00:57:22.935714 Papa: Yes
2024-10-15 00:57:22.935835 Uniform: Yes
2024-10-15 00:57:22.935952 Whiskey: Yes
2024-10-15 00:57:22.936053 X-ray: Yes
ChatterBot Whiskey reevaluating
ChatterBot Whiskey reevaluating
ChatterBot Whiskey reevaluating
ChatterBot Whiskey reevaluating
ChatterBot Oscar reevaluating
2024-10-15 00:57:23.105626 Whiskey: We should replace Echo with Oscar
2024-10-15 00:57:23.209929 Uniform: No
2024-10-15 00:57:23.211216 Papa: No
2024-10-15 00:57:23.211553 X-ray: No
ChatterBot Whiskey reevaluating
ChatterBot Whiskey reevaluating
ChatterBot Whiskey reevaluating
ChatterBot Uniform reevaluating
2024-10-15 00:57:23.269210 Echo: Papa, Uniform, Whiskey and X-ray, sending you 2
2024-10-15 00:57:23.270827 Delta: Juliett and Foxtrot, sending you 3
2024-10-15 00:57:23.280339 Juliett: Delta, sending you 2
2024-10-15 00:57:23.280886 X-ray: Oscar, Papa, Uniform, Echo and Whiskey, sending you 2
2024-10-15 00:57:23.282274 Uniform: Oscar we want you to join our group
ChatterBot Oscar reevaluating
2024-10-15 00:57:23.289500 Oscar: Yes
ChatterBot Whiskey reevaluating
ChatterBot Uniform reevaluating
2024-10-15 00:57:23.313663 Delta: Golf, sending you 2
2024-10-15 00:57:23.314714 Foxtrot: Delta, sending you 2
2024-10-15 00:57:23.315180 Golf: Delta and Juliett, sending you 2
2024-10-15 00:57:23.315879 Papa: Oscar, Echo, Whiskey and X-ray, sending you 2
2024-10-15 00:57:23.317667 Juliett: Foxtrot, sending you 3
2024-10-15 00:57:23.318836 Foxtrot: Juliett and Golf, sending you 1
2024-10-15 00:57:23.319457 Golf: Foxtrot, sending you 1
2024-10-15 00:57:23.332390 Papa: Uniform, sending you 1
2024-10-15 00:57:23.334076 Juliett: Golf, sending you 6
2024-10-15 00:57:23.347028 Oscar: Papa, Echo, Whiskey and X-ray, sending you 2
2024-10-15 00:57:23.348652 Whiskey: Papa, Echo and X-ray, sending you 2
2024-10-15 00:57:23.364880 Oscar: Uniform and Juliett, sending you 1
2024-10-15 00:57:23.367369 Whiskey: Uniform, sending you 3
2024-10-15 00:57:23.373002 Uniform: Oscar, Papa and X-ray, sending you 2
2024-10-15 00:57:23.376817 Uniform: Whiskey, sending you 3
chatterbot X-ray submitting transactions
chatterbot Juliett submitting transactions
chatterbot Uniform submitting transactions
chatterbot Delta submitting transactions
chatterbot Golf submitting transactions
chatterbot Papa submitting transactions
chatterbot Echo submitting transactions
chatterbot Foxtrot submitting transactions
chatterbot Oscar submitting transactions
chatterbot Whiskey submitting transactions
ChatterBot Delta round 7
ChatterBot Oscar round 7
ChatterBot Papa round 7
ChatterBot Uniform round 7
ChatterBot Echo round 7
ChatterBot Juliett round 7
ChatterBot Whiskey round 7
ChatterBot X-ray round 7
ChatterBot Foxtrot round 7
ChatterBot Golf round 7
2024-10-15 00:57:24.416713 Foxtrot: We should add Oscar
ChatterBot Juliett reevaluating
ChatterBot Golf reevaluating
2024-10-15 00:57:24.427131 Juliett: Yes
2024-10-15 00:57:24.427270 Golf: Yes
2024-10-15 00:57:24.427378 Delta: No
ChatterBot Golf reevaluating
ChatterBot Juliett reevaluating
ChatterBot Juliett reevaluating
ChatterBot Golf reevaluating
2024-10-15 00:57:24.486212 Whiskey: We should replace Echo with Oscar
2024-10-15 00:57:24.505015 Uniform: Yes
2024-10-15 00:57:24.505222 Papa: No
2024-10-15 00:57:24.505395 X-ray: No
ChatterBot Whiskey reevaluating
ChatterBot Whiskey reevaluating
ChatterBot Whiskey reevaluating
ChatterBot Uniform reevaluating
2024-10-15 00:57:24.560589 Uniform: We should replace Oscar with Echo
ChatterBot Whiskey reevaluating
ChatterBot X-ray reevaluating
2024-10-15 00:57:24.578482 Whiskey: No
2024-10-15 00:57:24.578647 Papa: No
2024-10-15 00:57:24.578784 X-ray: No
ChatterBot Uniform reevaluating
ChatterBot X-ray reevaluating
ChatterBot Whiskey reevaluating
ChatterBot Uniform reevaluating
ChatterBot X-ray reevaluating
ChatterBot Whiskey reevaluating
ChatterBot Uniform reevaluating
2024-10-15 00:57:24.629965 Foxtrot: Oscar we want you to join our group
2024-10-15 00:57:24.633879 Oscar: No
ChatterBot Juliett reevaluating
ChatterBot Golf reevaluating
2024-10-15 00:57:24.648718 Oscar: Papa, Uniform, Echo and X-ray, sending you 2
2024-10-15 00:57:24.652672 Oscar: Juliett and Whiskey, sending you 1
2024-10-15 00:57:24.653733 Echo: Oscar, Papa, Whiskey and X-ray, sending you 2
2024-10-15 00:57:24.654382 Papa: Oscar, Echo, Whiskey and X-ray, sending you 2
2024-10-15 00:57:24.654937 Delta: Juliett and Golf, sending you 3
2024-10-15 00:57:24.655672 Golf: Oscar we want you to join our group
ChatterBot Oscar reevaluating
2024-10-15 00:57:24.661051 Oscar: No
ChatterBot Juliett reevaluating
2024-10-15 00:57:24.679445 Oscar: We should replace Juliett with Golf
ChatterBot Uniform reevaluating
ChatterBot Whiskey reevaluating
ChatterBot X-ray reevaluating
2024-10-15 00:57:24.703709 Echo: No
2024-10-15 00:57:24.703891 Papa: No
2024-10-15 00:57:24.704061 Uniform: No
2024-10-15 00:57:24.704177 Whiskey: No
2024-10-15 00:57:24.704281 X-ray: No
ChatterBot Uniform reevaluating
ChatterBot Whiskey reevaluating
ChatterBot X-ray reevaluating
ChatterBot Oscar reevaluating
ChatterBot Uniform reevaluating
ChatterBot Whiskey reevaluating
ChatterBot X-ray reevaluating
ChatterBot Oscar reevaluating
ChatterBot Whiskey reevaluating
ChatterBot X-ray reevaluating
ChatterBot Oscar reevaluating
ChatterBot Uniform reevaluating
ChatterBot X-ray reevaluating
ChatterBot Oscar reevaluating
ChatterBot Uniform reevaluating
ChatterBot Whiskey reevaluating
ChatterBot Oscar reevaluating
2024-10-15 00:57:24.991124 X-ray: We should add Golf
ChatterBot Uniform reevaluating
ChatterBot Whiskey reevaluating
ChatterBot Oscar reevaluating
2024-10-15 00:57:25.015417 Echo: No
2024-10-15 00:57:25.015769 Papa: No
2024-10-15 00:57:25.016171 Uniform: No
2024-10-15 00:57:25.017301 Whiskey: No
2024-10-15 00:57:25.017516 Oscar: No
ChatterBot Uniform reevaluating
ChatterBot Whiskey reevaluating
ChatterBot X-ray reevaluating
ChatterBot Oscar reevaluating
ChatterBot Uniform reevaluating
ChatterBot Whiskey reevaluating
ChatterBot X-ray reevaluating
ChatterBot Oscar reevaluating
ChatterBot Whiskey reevaluating
ChatterBot X-ray reevaluating
ChatterBot Oscar reevaluating
ChatterBot Uniform reevaluating
ChatterBot X-ray reevaluating
ChatterBot Oscar reevaluating
ChatterBot Uniform reevaluating
ChatterBot Whiskey reevaluating
ChatterBot X-ray reevaluating
2024-10-15 00:57:25.144583 Papa: Uniform, sending you 1
2024-10-15 00:57:25.146158 Delta: Foxtrot, sending you 4
2024-10-15 00:57:25.150704 Juliett: Oscar we want you to join our group
ChatterBot Oscar reevaluating
2024-10-15 00:57:25.156803 Oscar: No
ChatterBot Juliett reevaluating
2024-10-15 00:57:25.174380 Foxtrot: Delta, sending you 2
2024-10-15 00:57:25.178679 Foxtrot: Oscar, Juliett and Golf, sending you 1
2024-10-15 00:57:25.192509 Golf: Delta, Oscar and Foxtrot, sending you 1
2024-10-15 00:57:25.197331 X-ray: Oscar, Papa, Uniform, Echo and Whiskey, sending you 2
chatterbot Foxtrot submitting transactions
2024-10-15 00:57:25.200675 Golf: Juliett, sending you 2
2024-10-15 00:57:25.202697 Whiskey: Papa, Echo and X-ray, sending you 2
2024-10-15 00:57:25.204742 Uniform: Oscar, Papa and X-ray, sending you 2
2024-10-15 00:57:25.207658 Whiskey: Uniform, sending you 3
2024-10-15 00:57:25.208669 Uniform: Whiskey, sending you 3
2024-10-15 00:57:25.219343 Juliett: Delta, sending you 3
2024-10-15 00:57:25.223685 Juliett: Oscar and Foxtrot, sending you 2
2024-10-15 00:57:25.228679 Juliett: Golf, sending you 4
chatterbot Delta submitting transactions
chatterbot Golf submitting transactions
chatterbot Juliett submitting transactions
chatterbot Oscar submitting transactions
chatterbot Echo submitting transactions
chatterbot Oscar submitting transactions
chatterbot X-ray submitting transactions
chatterbot Papa submitting transactions
chatterbot Whiskey submitting transactions
chatterbot Uniform submitting transactions
ChatterBot Delta round 8
ChatterBot Oscar round 8
ChatterBot Papa round 8
ChatterBot Uniform round 8
ChatterBot Echo round 8
ChatterBot Juliett round 8
ChatterBot Whiskey round 8
ChatterBot X-ray round 8
ChatterBot Foxtrot round 8
ChatterBot Golf round 8
2024-10-15 00:57:26.193465 Oscar: We should replace Juliett with Foxtrot
ChatterBot Whiskey reevaluating
2024-10-15 00:57:26.217142 Echo: No
2024-10-15 00:57:26.217351 Papa: No
2024-10-15 00:57:26.217515 Uniform: No
2024-10-15 00:57:26.218232 Whiskey: No
2024-10-15 00:57:26.218371 X-ray: No
ChatterBot Whiskey reevaluating
ChatterBot Oscar reevaluating
ChatterBot Whiskey reevaluating
ChatterBot Oscar reevaluating
ChatterBot Whiskey reevaluating
ChatterBot Oscar reevaluating
ChatterBot X-ray reevaluating
ChatterBot Oscar reevaluating
ChatterBot Whiskey reevaluating
ChatterBot Oscar reevaluating
2024-10-15 00:57:26.331104 X-ray: We should add Golf
ChatterBot Whiskey reevaluating
ChatterBot Oscar reevaluating
2024-10-15 00:57:26.367042 Echo: No
2024-10-15 00:57:26.367278 Papa: No
2024-10-15 00:57:26.367432 Uniform: No
2024-10-15 00:57:26.367595 Whiskey: No
2024-10-15 00:57:26.367749 Oscar: No
ChatterBot Whiskey reevaluating
ChatterBot X-ray reevaluating
ChatterBot Oscar reevaluating
ChatterBot Whiskey reevaluating
ChatterBot X-ray reevaluating
ChatterBot Oscar reevaluating
ChatterBot Whiskey reevaluating
ChatterBot X-ray reevaluating
ChatterBot Oscar reevaluating
ChatterBot X-ray reevaluating
ChatterBot Oscar reevaluating
ChatterBot Whiskey reevaluating
ChatterBot X-ray reevaluating
chatterbot Juliett submitting transactions
2024-10-15 00:57:26.576063 X-ray: We should add Juliett
ChatterBot Whiskey reevaluating
ChatterBot Oscar reevaluating
2024-10-15 00:57:26.608019 Echo: No
2024-10-15 00:57:26.608220 Papa: No
2024-10-15 00:57:26.608396 Uniform: No
2024-10-15 00:57:26.608558 Whiskey: No
2024-10-15 00:57:26.608728 Oscar: Yes
ChatterBot Whiskey reevaluating
ChatterBot X-ray reevaluating
ChatterBot Oscar reevaluating
ChatterBot Whiskey reevaluating
ChatterBot X-ray reevaluating
ChatterBot Oscar reevaluating
ChatterBot Whiskey reevaluating
ChatterBot X-ray reevaluating
ChatterBot Oscar reevaluating
ChatterBot X-ray reevaluating
ChatterBot Oscar reevaluating
ChatterBot Whiskey reevaluating
ChatterBot X-ray reevaluating
2024-10-15 00:57:26.712957 Whiskey: We should replace Echo with Oscar
ChatterBot X-ray reevaluating
2024-10-15 00:57:26.723804 Uniform: Yes
2024-10-15 00:57:26.723910 Papa: No
2024-10-15 00:57:26.723998 X-ray: No
ChatterBot Whiskey reevaluating
ChatterBot X-ray reevaluating
ChatterBot Whiskey reevaluating
ChatterBot X-ray reevaluating
ChatterBot Whiskey reevaluating
2024-10-15 00:57:26.865686 Juliett: Delta, sending you 3
2024-10-15 00:57:26.868732 Papa: Oscar, Echo, Whiskey and X-ray, sending you 2
2024-10-15 00:57:26.869727 Delta: Juliett and Golf, sending you 3
2024-10-15 00:57:26.870217 Uniform: Oscar, Papa and X-ray, sending you 2
2024-10-15 00:57:26.871802 Juliett: Oscar and Foxtrot, sending you 2
2024-10-15 00:57:26.873713 Papa: Uniform, sending you 1
2024-10-15 00:57:26.877087 Delta: Foxtrot, sending you 4
2024-10-15 00:57:26.877679 Juliett: Golf, sending you 4
2024-10-15 00:57:26.879482 Echo: Oscar, Papa, Whiskey and X-ray, sending you 2
2024-10-15 00:57:26.880390 Oscar: Papa, Uniform, Echo and X-ray, sending you 2
2024-10-15 00:57:26.886575 Uniform: Whiskey, sending you 3
2024-10-15 00:57:26.887491 Foxtrot: Delta, Oscar, Juliett and Golf, sending you 1
2024-10-15 00:57:26.888278 X-ray: Oscar, Papa, Uniform, Echo and Whiskey, sending you 2
2024-10-15 00:57:26.890657 Oscar: Juliett and Whiskey, sending you 1
2024-10-15 00:57:26.891697 Whiskey: Papa, Echo and X-ray, sending you 2
2024-10-15 00:57:26.894377 Golf: Delta, Oscar and Foxtrot, sending you 1
2024-10-15 00:57:26.897337 Whiskey: Uniform, sending you 3
2024-10-15 00:57:26.900546 Golf: Juliett, sending you 2
chatterbot Echo submitting transactions
chatterbot Delta submitting transactions
chatterbot Juliett submitting transactions
chatterbot Uniform submitting transactions
chatterbot Golf submitting transactions
chatterbot Whiskey submitting transactions
chatterbot Foxtrot submitting transactions
chatterbot Papa submitting transactions
chatterbot Oscar submitting transactions
chatterbot X-ray submitting transactions
ChatterBot Delta round 9
ChatterBot Oscar round 9
ChatterBot Papa round 9
ChatterBot Uniform round 9
ChatterBot Echo round 9
ChatterBot Juliett round 9
ChatterBot Whiskey round 9
ChatterBot X-ray round 9
ChatterBot Foxtrot round 9
ChatterBot Golf round 9
2024-10-15 00:57:27.803362 Oscar: We should drop Juliett
2024-10-15 00:57:27.834979 Echo: Yes
2024-10-15 00:57:27.835250 Papa: Yes
2024-10-15 00:57:27.835460 Uniform: Yes
2024-10-15 00:57:27.835712 Whiskey: Yes
2024-10-15 00:57:27.835894 X-ray: Yes
ChatterBot Whiskey reevaluating
ChatterBot Oscar reevaluating
ChatterBot Whiskey reevaluating
ChatterBot Oscar reevaluating
ChatterBot Oscar reevaluating
ChatterBot Whiskey reevaluating
ChatterBot Oscar reevaluating
2024-10-15 00:57:27.977362 Oscar: We should replace Juliett with Golf
ChatterBot Whiskey reevaluating
2024-10-15 00:57:27.998927 Echo: No
2024-10-15 00:57:27.999075 Papa: No
2024-10-15 00:57:27.999186 Uniform: No
2024-10-15 00:57:27.999292 Whiskey: No
2024-10-15 00:57:27.999406 X-ray: No
ChatterBot Whiskey reevaluating
ChatterBot Oscar reevaluating
ChatterBot Whiskey reevaluating
ChatterBot Oscar reevaluating
ChatterBot Papa reevaluating
ChatterBot Whiskey reevaluating
ChatterBot Oscar reevaluating
ChatterBot Papa reevaluating
ChatterBot X-ray reevaluating
ChatterBot Oscar reevaluating
ChatterBot Papa reevaluating
ChatterBot Whiskey reevaluating
ChatterBot Oscar reevaluating
2024-10-15 00:57:28.098500 X-ray: We should add Juliett
ChatterBot Papa reevaluating
ChatterBot Whiskey reevaluating
ChatterBot Oscar reevaluating
2024-10-15 00:57:28.117485 Echo: No
2024-10-15 00:57:28.117637 Papa: No
2024-10-15 00:57:28.118303 Uniform: No
2024-10-15 00:57:28.118426 Whiskey: No
2024-10-15 00:57:28.118533 Oscar: No
ChatterBot Papa reevaluating
ChatterBot Whiskey reevaluating
ChatterBot X-ray reevaluating
ChatterBot Oscar reevaluating
ChatterBot Whiskey reevaluating
ChatterBot X-ray reevaluating
ChatterBot Oscar reevaluating
ChatterBot Papa reevaluating
ChatterBot Whiskey reevaluating
ChatterBot X-ray reevaluating
ChatterBot Oscar reevaluating
ChatterBot Papa reevaluating
ChatterBot X-ray reevaluating
ChatterBot Oscar reevaluating
ChatterBot Papa reevaluating
ChatterBot Whiskey reevaluating
ChatterBot X-ray reevaluating
2024-10-15 00:57:28.302034 Delta: Juliett and Golf, sending you 3
2024-10-15 00:57:28.303917 Whiskey: Oscar we want you to join our group
ChatterBot Oscar reevaluating
2024-10-15 00:57:28.309608 Oscar: Yes
ChatterBot Whiskey reevaluating
ChatterBot X-ray reevaluating
2024-10-15 00:57:28.332405 Uniform: Oscar, Papa and X-ray, sending you 2
2024-10-15 00:57:28.333008 Delta: Foxtrot, sending you 4
2024-10-15 00:57:28.336127 Echo: Oscar, Papa, Whiskey and X-ray, sending you 2
2024-10-15 00:57:28.338407 Uniform: Whiskey, sending you 3
2024-10-15 00:57:28.338984 Juliett: Delta, sending you 3
2024-10-15 00:57:28.339533 Papa: Oscar, Echo, Whiskey and X-ray, sending you 2
2024-10-15 00:57:28.341245 Foxtrot: Delta, Oscar, Juliett and Golf, sending you 1
2024-10-15 00:57:28.342008 Juliett: Oscar and Foxtrot, sending you 2
2024-10-15 00:57:28.345672 Papa: Uniform, sending you 1
2024-10-15 00:57:28.350053 Juliett: Golf, sending you 4
2024-10-15 00:57:28.353673 X-ray: Oscar, Papa, Uniform, Echo and Whiskey, sending you 2
2024-10-15 00:57:28.355688 Golf: Delta, Oscar and Foxtrot, sending you 1
2024-10-15 00:57:28.361790 Golf: Juliett, sending you 2
2024-10-15 00:57:28.366706 Whiskey: Papa, Echo and X-ray, sending you 2
2024-10-15 00:57:28.369700 Oscar: Papa, Uniform, Echo, Whiskey and X-ray, sending you 2
2024-10-15 00:57:28.374902 Whiskey: Uniform, sending you 3
chatterbot Delta submitting transactions
chatterbot Papa submitting transactions
chatterbot Foxtrot submitting transactions
chatterbot Oscar submitting transactions
chatterbot Whiskey submitting transactions
chatterbot Uniform submitting transactions
chatterbot X-ray submitting transactions
chatterbot Echo submitting transactions
chatterbot Golf submitting transactions
chatterbot Juliett submitting transactions
ChatterBot Delta round 10
ChatterBot Oscar round 10
ChatterBot Papa round 10
ChatterBot Uniform round 10
ChatterBot Echo round 10
ChatterBot Juliett round 10
ChatterBot Whiskey round 10
ChatterBot X-ray round 10
ChatterBot Foxtrot round 10
ChatterBot Golf round 10
2024-10-15 00:57:29.253498 Oscar: We should add Foxtrot
ChatterBot Echo reevaluating
ChatterBot Whiskey reevaluating
ChatterBot X-ray reevaluating
2024-10-15 00:57:29.275243 Echo: No
2024-10-15 00:57:29.275449 Papa: No
2024-10-15 00:57:29.275648 Uniform: No
