ChatterBot Romeo round 1
ChatterBot November round 1
ChatterBot Foxtrot round 1
ChatterBot Golf round 1
ChatterBot Mike round 1
ChatterBot Hotel round 1
ChatterBot Papa round 1
ChatterBot Uniform round 1
ChatterBot Whiskey round 1
ChatterBot India round 1
randomSelections Foxtrot: {Foxtrot, Golf, November, Romeo, Hotel, India} 
2024-10-14 18:48:09.229467 Foxtrot: We would work well together
ChatterBot Golf reevaluating
ChatterBot November reevaluating
ChatterBot Romeo reevaluating
ChatterBot Hotel reevaluating
ChatterBot India reevaluating
2024-10-14 18:48:09.240821 Golf: Yes
2024-10-14 18:48:09.241017 November: Yes
2024-10-14 18:48:09.241182 Romeo: Yes
2024-10-14 18:48:09.242012 Hotel: Yes
2024-10-14 18:48:09.242214 India: Yes
ChatterBot November reevaluating
ChatterBot Romeo reevaluating
ChatterBot Hotel reevaluating
ChatterBot India reevaluating
ChatterBot Golf reevaluating
ChatterBot Romeo reevaluating
ChatterBot Hotel reevaluating
ChatterBot India reevaluating
ChatterBot Golf reevaluating
ChatterBot November reevaluating
ChatterBot Hotel reevaluating
ChatterBot India reevaluating
ChatterBot Golf reevaluating
ChatterBot November reevaluating
ChatterBot Romeo reevaluating
ChatterBot India reevaluating
ChatterBot Golf reevaluating
ChatterBot November reevaluating
ChatterBot Romeo reevaluating
ChatterBot Hotel reevaluating
randomSelections Papa: {Papa, Foxtrot, Romeo, November, Whiskey, Golf} 
2024-10-14 18:48:09.301019 Papa: Group up?
ChatterBot Romeo reevaluating
ChatterBot November reevaluating
ChatterBot Whiskey reevaluating
ChatterBot Golf reevaluating
2024-10-14 18:48:09.309413 Foxtrot: No
2024-10-14 18:48:09.309685 Romeo: No
2024-10-14 18:48:09.309847 November: No
2024-10-14 18:48:09.310029 Whiskey: Yes
2024-10-14 18:48:09.310126 Golf: No
ChatterBot Romeo reevaluating
ChatterBot November reevaluating
ChatterBot Whiskey reevaluating
ChatterBot Golf reevaluating
ChatterBot November reevaluating
ChatterBot Whiskey reevaluating
ChatterBot Golf reevaluating
ChatterBot Romeo reevaluating
ChatterBot Whiskey reevaluating
ChatterBot Golf reevaluating
ChatterBot Romeo reevaluating
ChatterBot November reevaluating
ChatterBot Golf reevaluating
ChatterBot Romeo reevaluating
ChatterBot November reevaluating
ChatterBot Whiskey reevaluating
randomSelections Uniform: {Uniform, India, Papa, Foxtrot, November, Golf} 
2024-10-14 18:48:09.363074 Uniform: We would work well together
ChatterBot India reevaluating
ChatterBot November reevaluating
ChatterBot Golf reevaluating
2024-10-14 18:48:09.371511 India: No
2024-10-14 18:48:09.371788 Papa: No
2024-10-14 18:48:09.372018 Foxtrot: No
2024-10-14 18:48:09.373005 November: No
2024-10-14 18:48:09.373226 Golf: No
ChatterBot November reevaluating
ChatterBot Golf reevaluating
ChatterBot India reevaluating
ChatterBot November reevaluating
ChatterBot Golf reevaluating
ChatterBot India reevaluating
ChatterBot November reevaluating
ChatterBot Golf reevaluating
ChatterBot India reevaluating
ChatterBot Golf reevaluating
ChatterBot India reevaluating
ChatterBot November reevaluating
randomSelections Mike: {Mike, Golf, Uniform, Romeo, November, Whiskey} 
2024-10-14 18:48:09.438565 Mike: Can we be friends?
ChatterBot Golf reevaluating
ChatterBot Romeo reevaluating
ChatterBot November reevaluating
ChatterBot Whiskey reevaluating
2024-10-14 18:48:09.449346 Golf: No
2024-10-14 18:48:09.449546 Uniform: No
2024-10-14 18:48:09.449747 Romeo: No
2024-10-14 18:48:09.449907 November: No
2024-10-14 18:48:09.450520 Whiskey: No
ChatterBot Romeo reevaluating
ChatterBot November reevaluating
ChatterBot Whiskey reevaluating
ChatterBot Golf reevaluating
ChatterBot Romeo reevaluating
ChatterBot November reevaluating
ChatterBot Whiskey reevaluating
ChatterBot Golf reevaluating
ChatterBot November reevaluating
ChatterBot Whiskey reevaluating
ChatterBot Golf reevaluating
ChatterBot Romeo reevaluating
ChatterBot Whiskey reevaluating
ChatterBot Golf reevaluating
ChatterBot Romeo reevaluating
ChatterBot November reevaluating
2024-10-14 18:48:09.504047 Hotel: November and Foxtrot, sending you 1
2024-10-14 18:48:09.506110 India: Romeo and Foxtrot, sending you 2
2024-10-14 18:48:09.507952 Uniform: November, Foxtrot and Papa, sending you 3
2024-10-14 18:48:09.509334 India: November and Golf, sending you 4
2024-10-14 18:48:09.509959 Mike: Romeo, sending you 3
2024-10-14 18:48:09.515149 Whiskey: Romeo and Foxtrot, sending you 1
2024-10-14 18:48:09.515644 Foxtrot: Romeo, sending you 3
2024-10-14 18:48:09.516710 Uniform: Golf and India, sending you 1
2024-10-14 18:48:09.517224 India: Hotel, sending you 1
2024-10-14 18:48:09.517646 Mike: November and Whiskey, sending you 5
2024-10-14 18:48:09.518657 Papa: Romeo, November, Foxtrot, Golf and Whiskey, sending you 2
2024-10-14 18:48:09.521126 Whiskey: November, sending you 6
2024-10-14 18:48:09.522159 Foxtrot: November, Golf and Hotel, sending you 2
2024-10-14 18:48:09.522706 November: Romeo, sending you 5
2024-10-14 18:48:09.523746 Mike: Golf, sending you 1
2024-10-14 18:48:09.524180 Romeo: November, sending you 6
2024-10-14 18:48:09.525181 Golf: Romeo and India, sending you 5
2024-10-14 18:48:09.525702 Foxtrot: India, sending you 4
2024-10-14 18:48:09.526729 Whiskey: Golf, sending you 2
2024-10-14 18:48:09.526981 Mike: Uniform, sending you 2
2024-10-14 18:48:09.531777 November: Foxtrot and Hotel, sending you 1
2024-10-14 18:48:09.532215 Romeo: Foxtrot and India, sending you 2
2024-10-14 18:48:09.533171 Golf: November and Foxtrot, sending you 2
2024-10-14 18:48:09.533536 Whiskey: Papa, sending you 4
2024-10-14 18:48:09.540953 November: Golf, sending you 2
2024-10-14 18:48:09.541334 Romeo: Golf, sending you 1
2024-10-14 18:48:09.541672 Golf: Hotel, sending you 1
2024-10-14 18:48:09.545712 Romeo: Hotel, sending you 5
2024-10-14 18:48:09.546668 November: India, sending you 6
chatterbot November submitting transactions
chatterbot Mike submitting transactions
chatterbot Uniform submitting transactions
chatterbot Golf submitting transactions
chatterbot Romeo submitting transactions
chatterbot Papa submitting transactions
chatterbot Foxtrot submitting transactions
chatterbot Hotel submitting transactions
chatterbot India submitting transactions
chatterbot Whiskey submitting transactions
ChatterBot Romeo round 2
ChatterBot November round 2
ChatterBot Foxtrot round 2
ChatterBot Golf round 2
ChatterBot Mike round 2
ChatterBot Hotel round 2
ChatterBot Papa round 2
ChatterBot Uniform round 2
ChatterBot Whiskey round 2
ChatterBot India round 2
2024-10-14 18:48:11.616554 Golf: Can we be friends?
ChatterBot Romeo reevaluating
ChatterBot November reevaluating
ChatterBot Mike reevaluating
ChatterBot Foxtrot reevaluating
ChatterBot India reevaluating
ChatterBot Papa reevaluating
ChatterBot Whiskey reevaluating
2024-10-14 18:48:11.662574 Romeo: Yes
2024-10-14 18:48:11.662744 November: Yes
2024-10-14 18:48:11.662875 Mike: No
2024-10-14 18:48:11.662996 Foxtrot: Yes
2024-10-14 18:48:11.663127 India: No
2024-10-14 18:48:11.663258 Papa: No
2024-10-14 18:48:11.663383 Whiskey: Yes
ChatterBot November reevaluating
ChatterBot Mike reevaluating
ChatterBot Foxtrot reevaluating
ChatterBot India reevaluating
ChatterBot Papa reevaluating
ChatterBot Whiskey reevaluating
ChatterBot Romeo reevaluating
ChatterBot Mike reevaluating
ChatterBot Foxtrot reevaluating
ChatterBot India reevaluating
ChatterBot Papa reevaluating
ChatterBot Whiskey reevaluating
ChatterBot Romeo reevaluating
ChatterBot November reevaluating
ChatterBot Foxtrot reevaluating
ChatterBot India reevaluating
ChatterBot Papa reevaluating
ChatterBot Whiskey reevaluating
ChatterBot Romeo reevaluating
ChatterBot November reevaluating
ChatterBot Mike reevaluating
ChatterBot India reevaluating
ChatterBot Papa reevaluating
ChatterBot Whiskey reevaluating
ChatterBot Romeo reevaluating
2024-10-14 18:48:11.869296 November: Let's form a team
ChatterBot November reevaluating
ChatterBot Mike reevaluating
ChatterBot Foxtrot reevaluating
ChatterBot Papa reevaluating
ChatterBot Whiskey reevaluating
ChatterBot Romeo reevaluating
ChatterBot November reevaluating
ChatterBot Mike reevaluating
ChatterBot Foxtrot reevaluating
ChatterBot India reevaluating
ChatterBot Whiskey reevaluating
ChatterBot Romeo reevaluating
ChatterBot November reevaluating
ChatterBot Mike reevaluating
ChatterBot Foxtrot reevaluating
ChatterBot India reevaluating
ChatterBot Papa reevaluating
ChatterBot Foxtrot reevaluating
ChatterBot India reevaluating
2024-10-14 18:48:12.142015 Golf: Yes
ChatterBot Romeo reevaluating
ChatterBot Mike reevaluating
2024-10-14 18:48:12.157760 Foxtrot: Yes
2024-10-14 18:48:12.158571 India: No
ChatterBot Papa reevaluating
ChatterBot Whiskey reevaluating
2024-10-14 18:48:12.171200 Romeo: Yes
2024-10-14 18:48:12.171489 Mike: No
2024-10-14 18:48:12.171979 Papa: Yes
2024-10-14 18:48:12.172698 Whiskey: Yes
ChatterBot Foxtrot reevaluating
ChatterBot India reevaluating
ChatterBot Papa reevaluating
ChatterBot Whiskey reevaluating
ChatterBot Romeo reevaluating
ChatterBot November reevaluating
ChatterBot Mike reevaluating
ChatterBot India reevaluating
ChatterBot Papa reevaluating
ChatterBot Whiskey reevaluating
ChatterBot Romeo reevaluating
ChatterBot November reevaluating
ChatterBot Mike reevaluating
ChatterBot Foxtrot reevaluating
ChatterBot Papa reevaluating
ChatterBot Whiskey reevaluating
ChatterBot Romeo reevaluating
ChatterBot November reevaluating
ChatterBot Mike reevaluating
ChatterBot Foxtrot reevaluating
ChatterBot India reevaluating
ChatterBot Papa reevaluating
ChatterBot Whiskey reevaluating
ChatterBot November reevaluating
ChatterBot Mike reevaluating
ChatterBot Foxtrot reevaluating
ChatterBot India reevaluating
ChatterBot Papa reevaluating
ChatterBot Whiskey reevaluating
ChatterBot Romeo reevaluating
ChatterBot November reevaluating
ChatterBot Foxtrot reevaluating
ChatterBot India reevaluating
ChatterBot Whiskey reevaluating
ChatterBot Romeo reevaluating
ChatterBot November reevaluating
ChatterBot Mike reevaluating
ChatterBot Foxtrot reevaluating
ChatterBot India reevaluating
ChatterBot Papa reevaluating
ChatterBot Romeo reevaluating
ChatterBot November reevaluating
ChatterBot Mike reevaluating
2024-10-14 18:48:12.745444 Uniform: Let's form a team
ChatterBot Mike reevaluating
2024-10-14 18:48:12.758169 Mike: No
2024-10-14 18:48:12.843478 Hotel: We should add Mike
ChatterBot Foxtrot reevaluating
ChatterBot November reevaluating
ChatterBot Romeo reevaluating
ChatterBot India reevaluating
2024-10-14 18:48:12.902946 Foxtrot: Yes
2024-10-14 18:48:12.903116 Golf: Yes
2024-10-14 18:48:12.903571 November: Yes
2024-10-14 18:48:12.903716 Romeo: Yes
2024-10-14 18:48:12.903860 India: Yes
ChatterBot November reevaluating
ChatterBot Romeo reevaluating
ChatterBot India reevaluating
ChatterBot Foxtrot reevaluating
ChatterBot November reevaluating
ChatterBot Romeo reevaluating
ChatterBot India reevaluating
ChatterBot Foxtrot reevaluating
ChatterBot Romeo reevaluating
ChatterBot India reevaluating
ChatterBot Foxtrot reevaluating
ChatterBot November reevaluating
ChatterBot India reevaluating
ChatterBot Foxtrot reevaluating
ChatterBot November reevaluating
ChatterBot Romeo reevaluating
2024-10-14 18:48:13.188931 Hotel: Mike we want you to join our group
ChatterBot Mike reevaluating
2024-10-14 18:48:13.201289 Mike: No
2024-10-14 18:48:13.343487 Mike: Can we be friends?
2024-10-14 18:48:13.361067 Papa: Yes
2024-10-14 18:48:13.361431 Whiskey: Yes
ChatterBot Mike reevaluating
ChatterBot Mike reevaluating
2024-10-14 18:48:13.398081 Whiskey: Mike and India we want you to join our group
ChatterBot Mike reevaluating
2024-10-14 18:48:13.412673 Mike: No
2024-10-14 18:48:13.412907 India: Yes
ChatterBot Mike reevaluating
2024-10-14 18:48:13.518904 Papa: Mike and India we want you to join our group
ChatterBot Mike reevaluating
2024-10-14 18:48:13.533765 Mike: No
2024-10-14 18:48:13.533922 India: Yes
ChatterBot Mike reevaluating
2024-10-14 18:48:13.621055 Golf: Romeo, November, Foxtrot, Mike, Papa and Whiskey, sending you 2
chatterbot Uniform submitting transactions
chatterbot Hotel submitting transactions
chatterbot Golf submitting transactions
2024-10-14 18:48:13.634789 Romeo: November and Golf, sending you 3
2024-10-14 18:48:13.635903 Uniform: Sending you 11
2024-10-14 18:48:13.636184 Golf: India, sending you 3
2024-10-14 18:48:13.637080 Foxtrot: Romeo, Golf, Papa and India, sending you 3
2024-10-14 18:48:13.637521 November: Romeo, sending you 3
2024-10-14 18:48:13.641324 Romeo: Foxtrot, Mike, Papa, Whiskey and India, sending you 2
2024-10-14 18:48:13.642341 Whiskey: Mike, sending you 8
2024-10-14 18:48:13.642791 Foxtrot: November, sending you 2
2024-10-14 18:48:13.643914 November: Foxtrot, Golf, Mike, Papa, Whiskey and India, sending you 2
2024-10-14 18:48:13.645131 Hotel: Romeo, sending you 2
2024-10-14 18:48:13.645605 India: Romeo, sending you 2
2024-10-14 18:48:13.662202 Whiskey: Papa, sending you 5
2024-10-14 18:48:13.663373 Foxtrot: Whiskey, sending you 1
2024-10-14 18:48:13.663783 Papa: Romeo, November and Mike, sending you 1
2024-10-14 18:48:13.664150 India: November, sending you 5
2024-10-14 18:48:13.670039 Papa: Whiskey, sending you 2
2024-10-14 18:48:13.671187 Mike: Foxtrot, sending you 6
2024-10-14 18:48:13.671522 India: Foxtrot and Golf, sending you 3
2024-10-14 18:48:13.684330 Mike: Golf and India, sending you 5
2024-10-14 18:48:13.685177 India: Mike, Papa and Whiskey, sending you 1
chatterbot November submitting transactions
chatterbot Romeo submitting transactions
chatterbot Foxtrot submitting transactions
chatterbot Papa submitting transactions
chatterbot Whiskey submitting transactions
chatterbot India submitting transactions
chatterbot Mike submitting transactions
ChatterBot Romeo round 3
ChatterBot November round 3
ChatterBot Foxtrot round 3
ChatterBot Golf round 3
ChatterBot Mike round 3
ChatterBot Hotel round 3
ChatterBot Papa round 3
ChatterBot Uniform round 3
ChatterBot Whiskey round 3
ChatterBot India round 3
2024-10-14 18:48:14.717837 Uniform: We should add Whiskey
2024-10-14 18:48:14.721760 Mike: Yes
2024-10-14 18:48:14.729893 Hotel: We should drop Mike
2024-10-14 18:48:14.747928 Foxtrot: No
2024-10-14 18:48:14.748091 Golf: No
2024-10-14 18:48:14.748247 November: No
2024-10-14 18:48:14.748376 Romeo: No
2024-10-14 18:48:14.748479 India: No
2024-10-14 18:48:14.841993 Uniform: Whiskey we want you to join our group
2024-10-14 18:48:14.845239 Whiskey: No
2024-10-14 18:48:14.851958 Romeo: November, Foxtrot and Golf, sending you 3
2024-10-14 18:48:14.854703 Romeo: Mike, Papa and India, sending you 2
2024-10-14 18:48:14.856627 November: Romeo, Foxtrot, Golf, Mike, Papa and Whiskey, sending you 2
2024-10-14 18:48:14.857336 Foxtrot: Romeo, November and Golf, sending you 2
2024-10-14 18:48:14.861089 Mike: Romeo, November, Golf and India, sending you 2
2024-10-14 18:48:14.861662 Golf: Romeo, November and Foxtrot, sending you 2
2024-10-14 18:48:14.863170 Romeo: Whiskey, sending you 1
2024-10-14 18:48:14.863705 November: India, sending you 3
2024-10-14 18:48:14.864456 Foxtrot: Mike, sending you 4
2024-10-14 18:48:14.864921 Mike: Papa, sending you 1
2024-10-14 18:48:14.869347 Golf: Mike, sending you 3
2024-10-14 18:48:14.870070 Papa: Romeo, November, Foxtrot, Golf and Whiskey, sending you 2
2024-10-14 18:48:14.870749 Uniform: Mike, sending you 9
2024-10-14 18:48:14.872218 Hotel: Romeo, sending you 2
2024-10-14 18:48:14.872797 Foxtrot: Papa and Whiskey, sending you 1
2024-10-14 18:48:14.873474 India: Romeo and Mike, sending you 2
2024-10-14 18:48:14.875210 Mike: Uniform, sending you 4
2024-10-14 18:48:14.875764 Golf: Papa and Whiskey, sending you 1
2024-10-14 18:48:14.880079 Papa: India, sending you 1
2024-10-14 18:48:14.881726 Uniform: Whiskey, sending you 6
2024-10-14 18:48:14.882058 Foxtrot: India, sending you 3
2024-10-14 18:48:14.882801 Whiskey: Romeo, November and Golf, sending you 2
2024-10-14 18:48:14.885032 Mike: Whiskey, sending you 3
2024-10-14 18:48:14.885531 India: November, sending you 4
2024-10-14 18:48:14.887851 Golf: India, sending you 4
2024-10-14 18:48:14.892526 Whiskey: Foxtrot and India, sending you 1
2024-10-14 18:48:14.893227 India: Foxtrot and Golf, sending you 3
2024-10-14 18:48:14.897686 Whiskey: Mike and Papa, sending you 3
2024-10-14 18:48:14.898598 India: Papa and Whiskey, sending you 1
chatterbot Papa submitting transactions
chatterbot Mike submitting transactions
chatterbot Hotel submitting transactions
chatterbot November submitting transactions
chatterbot India submitting transactions
chatterbot Whiskey submitting transactions
chatterbot Foxtrot submitting transactions
chatterbot Romeo submitting transactions
chatterbot Uniform submitting transactions
chatterbot Golf submitting transactions
ChatterBot Romeo round 4
ChatterBot November round 4
ChatterBot Foxtrot round 4
ChatterBot Golf round 4
ChatterBot Mike round 4
ChatterBot Hotel round 4
ChatterBot Papa round 4
ChatterBot Uniform round 4
ChatterBot Whiskey round 4
ChatterBot India round 4
2024-10-14 18:48:15.874167 Mike: We should replace Papa with Foxtrot
ChatterBot Golf reevaluating
ChatterBot Uniform reevaluating
ChatterBot Whiskey reevaluating
ChatterBot India reevaluating
2024-10-14 18:48:15.893180 Romeo: No
2024-10-14 18:48:15.893379 November: No
2024-10-14 18:48:15.893508 Golf: No
2024-10-14 18:48:15.893641 Uniform: No
2024-10-14 18:48:15.893783 Whiskey: No
2024-10-14 18:48:15.893899 India: No
ChatterBot Mike reevaluating
ChatterBot Golf reevaluating
ChatterBot Uniform reevaluating
ChatterBot Whiskey reevaluating
ChatterBot India reevaluating
ChatterBot Mike reevaluating
ChatterBot Golf reevaluating
ChatterBot Uniform reevaluating
ChatterBot Whiskey reevaluating
ChatterBot India reevaluating
ChatterBot Mike reevaluating
ChatterBot Uniform reevaluating
ChatterBot Whiskey reevaluating
ChatterBot India reevaluating
ChatterBot Mike reevaluating
ChatterBot Golf reevaluating
ChatterBot Whiskey reevaluating
ChatterBot India reevaluating
ChatterBot Mike reevaluating
ChatterBot Golf reevaluating
ChatterBot Uniform reevaluating
ChatterBot India reevaluating
ChatterBot Mike reevaluating
ChatterBot Golf reevaluating
ChatterBot Uniform reevaluating
ChatterBot Whiskey reevaluating
2024-10-14 18:48:16.070369 Hotel: Can we be friends?
ChatterBot Golf reevaluating
ChatterBot Mike reevaluating
ChatterBot Papa reevaluating
ChatterBot Uniform reevaluating
ChatterBot Whiskey reevaluating
ChatterBot India reevaluating
2024-10-14 18:48:16.095635 Romeo: No
2024-10-14 18:48:16.095833 November: No
2024-10-14 18:48:16.096054 Foxtrot: No
2024-10-14 18:48:16.096321 Golf: No
2024-10-14 18:48:16.096418 Mike: No
2024-10-14 18:48:16.096690 Papa: No
2024-10-14 18:48:16.096940 Uniform: No
2024-10-14 18:48:16.097128 Whiskey: No
2024-10-14 18:48:16.097364 India: No
ChatterBot Golf reevaluating
ChatterBot Mike reevaluating
ChatterBot Papa reevaluating
ChatterBot Uniform reevaluating
ChatterBot Whiskey reevaluating
ChatterBot India reevaluating
ChatterBot Golf reevaluating
ChatterBot Mike reevaluating
ChatterBot Papa reevaluating
ChatterBot Uniform reevaluating
ChatterBot Whiskey reevaluating
ChatterBot India reevaluating
ChatterBot Golf reevaluating
ChatterBot Mike reevaluating
ChatterBot Papa reevaluating
ChatterBot Uniform reevaluating
ChatterBot Whiskey reevaluating
ChatterBot India reevaluating
ChatterBot Mike reevaluating
ChatterBot Papa reevaluating
ChatterBot Uniform reevaluating
ChatterBot Whiskey reevaluating
ChatterBot India reevaluating
ChatterBot Golf reevaluating
ChatterBot Papa reevaluating
ChatterBot Uniform reevaluating
ChatterBot Whiskey reevaluating
ChatterBot India reevaluating
ChatterBot Golf reevaluating
ChatterBot Mike reevaluating
ChatterBot Uniform reevaluating
ChatterBot Whiskey reevaluating
ChatterBot India reevaluating
ChatterBot Golf reevaluating
ChatterBot Mike reevaluating
ChatterBot Papa reevaluating
ChatterBot Whiskey reevaluating
ChatterBot India reevaluating
ChatterBot Golf reevaluating
ChatterBot Mike reevaluating
ChatterBot Papa reevaluating
ChatterBot Uniform reevaluating
ChatterBot India reevaluating
ChatterBot Golf reevaluating
ChatterBot Mike reevaluating
ChatterBot Papa reevaluating
ChatterBot Uniform reevaluating
ChatterBot Whiskey reevaluating
2024-10-14 18:48:16.297526 Papa: We should add Uniform
ChatterBot Golf reevaluating
ChatterBot Mike reevaluating
ChatterBot India reevaluating
ChatterBot Whiskey reevaluating
2024-10-14 18:48:16.313519 Golf: No
2024-10-14 18:48:16.313643 Romeo: No
2024-10-14 18:48:16.313747 November: No
2024-10-14 18:48:16.313842 Mike: Yes
2024-10-14 18:48:16.313944 Foxtrot: No
2024-10-14 18:48:16.314051 India: No
2024-10-14 18:48:16.314143 Whiskey: Yes
ChatterBot Mike reevaluating
ChatterBot India reevaluating
ChatterBot Papa reevaluating
ChatterBot Whiskey reevaluating
ChatterBot Golf reevaluating
ChatterBot Mike reevaluating
ChatterBot India reevaluating
ChatterBot Papa reevaluating
ChatterBot Whiskey reevaluating
ChatterBot Golf reevaluating
ChatterBot Mike reevaluating
ChatterBot India reevaluating
ChatterBot Papa reevaluating
ChatterBot Whiskey reevaluating
ChatterBot Golf reevaluating
ChatterBot India reevaluating
ChatterBot Papa reevaluating
ChatterBot Whiskey reevaluating
ChatterBot Golf reevaluating
ChatterBot Mike reevaluating
ChatterBot India reevaluating
ChatterBot Papa reevaluating
ChatterBot Whiskey reevaluating
ChatterBot Golf reevaluating
ChatterBot Mike reevaluating
ChatterBot Papa reevaluating
ChatterBot Whiskey reevaluating
ChatterBot Golf reevaluating
ChatterBot Mike reevaluating
ChatterBot India reevaluating
ChatterBot Papa reevaluating
2024-10-14 18:48:16.445738 November: Romeo, Foxtrot, Golf, Mike, Papa and Whiskey, sending you 2
2024-10-14 18:48:16.449846 Mike: Foxtrot we want you to join our group
2024-10-14 18:48:16.453232 Foxtrot: No
ChatterBot Mike reevaluating
ChatterBot Uniform reevaluating
2024-10-14 18:48:16.471894 Whiskey: Uniform we want you to join our group
ChatterBot Uniform reevaluating
2024-10-14 18:48:16.475531 Uniform: No
ChatterBot Whiskey reevaluating
ChatterBot Mike reevaluating
2024-10-14 18:48:16.505176 Mike: We should add Foxtrot
ChatterBot Uniform reevaluating
ChatterBot Whiskey reevaluating
2024-10-14 18:48:16.524122 Romeo: Yes
2024-10-14 18:48:16.524266 November: Yes
2024-10-14 18:48:16.524373 Golf: Yes
2024-10-14 18:48:16.524475 India: Yes
2024-10-14 18:48:16.524572 Papa: Yes
2024-10-14 18:48:16.524685 Uniform: Yes
2024-10-14 18:48:16.524860 Whiskey: Yes
ChatterBot Mike reevaluating
ChatterBot Uniform reevaluating
ChatterBot Whiskey reevaluating
ChatterBot Mike reevaluating
ChatterBot Uniform reevaluating
ChatterBot Whiskey reevaluating
ChatterBot Mike reevaluating
ChatterBot Uniform reevaluating
ChatterBot Whiskey reevaluating
ChatterBot Mike reevaluating
ChatterBot Uniform reevaluating
ChatterBot Whiskey reevaluating
ChatterBot Mike reevaluating
ChatterBot Uniform reevaluating
ChatterBot Whiskey reevaluating
ChatterBot Mike reevaluating
ChatterBot Whiskey reevaluating
ChatterBot Mike reevaluating
ChatterBot Uniform reevaluating
2024-10-14 18:48:16.629297 November: India, sending you 3
2024-10-14 18:48:16.629825 Romeo: November, sending you 4
2024-10-14 18:48:16.630501 Golf: Romeo, November, Foxtrot, Mike, Papa and Whiskey, sending you 2
2024-10-14 18:48:16.631294 Hotel: Romeo, sending you 2
2024-10-14 18:48:16.632811 Foxtrot: Romeo and India, sending you 3
2024-10-14 18:48:16.633672 Romeo: Foxtrot, Golf, Mike, Papa, Whiskey and India, sending you 2
2024-10-14 18:48:16.634575 Papa: Romeo, November, Foxtrot and Whiskey, sending you 2
2024-10-14 18:48:16.635297 India: Romeo and Mike, sending you 2
2024-10-14 18:48:16.636727 Golf: India, sending you 3
2024-10-14 18:48:16.637411 Foxtrot: November, Golf, Mike and Papa, sending you 2
2024-10-14 18:48:16.640164 Papa: Golf, Mike and India, sending you 1
2024-10-14 18:48:16.641134 India: November and Foxtrot, sending you 3
2024-10-14 18:48:16.642033 Foxtrot: Whiskey, sending you 1
2024-10-14 18:48:16.645703 India: Golf, sending you 4
2024-10-14 18:48:16.650680 Uniform: Romeo, sending you 3
2024-10-14 18:48:16.651517 India: Papa and Whiskey, sending you 1
2024-10-14 18:48:16.653672 Uniform: Golf, Whiskey and India, sending you 2
2024-10-14 18:48:16.655831 Mike: Romeo, November, Foxtrot, Golf and India, sending you 2
2024-10-14 18:48:16.659734 Uniform: Mike, sending you 6
2024-10-14 18:48:16.660217 Mike: Uniform and Whiskey, sending you 3
2024-10-14 18:48:16.667679 Whiskey: Romeo, Foxtrot, Golf and India, sending you 1
2024-10-14 18:48:16.672694 Whiskey: November, Papa and Uniform, sending you 2
2024-10-14 18:48:16.676996 Whiskey: Mike, sending you 4
chatterbot Romeo submitting transactions
chatterbot November submitting transactions
chatterbot Foxtrot submitting transactions
chatterbot India submitting transactions
chatterbot Hotel submitting transactions
chatterbot Papa submitting transactions
chatterbot Mike submitting transactions
chatterbot Uniform submitting transactions
chatterbot Whiskey submitting transactions
chatterbot Golf submitting transactions
ChatterBot Romeo round 5
ChatterBot November round 5
ChatterBot Foxtrot round 5
ChatterBot Golf round 5
ChatterBot Mike round 5
ChatterBot Hotel round 5
ChatterBot Papa round 5
ChatterBot Uniform round 5
ChatterBot Whiskey round 5
ChatterBot India round 5
2024-10-14 18:48:17.653903 Papa: We should add Uniform
ChatterBot Whiskey reevaluating
2024-10-14 18:48:17.671529 Golf: No
2024-10-14 18:48:17.671714 Romeo: No
2024-10-14 18:48:17.671924 November: No
2024-10-14 18:48:17.672086 Mike: Yes
2024-10-14 18:48:17.672354 Foxtrot: No
2024-10-14 18:48:17.672497 India: No
2024-10-14 18:48:17.673109 Whiskey: No
ChatterBot India reevaluating
ChatterBot Whiskey reevaluating
ChatterBot Mike reevaluating
ChatterBot India reevaluating
ChatterBot Papa reevaluating
ChatterBot Whiskey reevaluating
ChatterBot Mike reevaluating
ChatterBot India reevaluating
ChatterBot Papa reevaluating
ChatterBot Whiskey reevaluating
ChatterBot India reevaluating
ChatterBot Papa reevaluating
ChatterBot Whiskey reevaluating
ChatterBot Mike reevaluating
ChatterBot India reevaluating
ChatterBot Papa reevaluating
ChatterBot Whiskey reevaluating
ChatterBot Mike reevaluating
ChatterBot Papa reevaluating
ChatterBot Whiskey reevaluating
ChatterBot Mike reevaluating
ChatterBot India reevaluating
ChatterBot Papa reevaluating
2024-10-14 18:48:17.834305 Uniform: We should replace India with Papa
ChatterBot Mike reevaluating
ChatterBot Whiskey reevaluating
2024-10-14 18:48:17.848880 Romeo: No
2024-10-14 18:48:17.848998 November: No
2024-10-14 18:48:17.849089 Foxtrot: No
2024-10-14 18:48:17.849200 Golf: No
2024-10-14 18:48:17.849316 Mike: No
2024-10-14 18:48:17.849414 Whiskey: No
ChatterBot Mike reevaluating
ChatterBot Whiskey reevaluating
ChatterBot Uniform reevaluating
ChatterBot Mike reevaluating
ChatterBot Whiskey reevaluating
ChatterBot Uniform reevaluating
ChatterBot Mike reevaluating
ChatterBot Whiskey reevaluating
ChatterBot Uniform reevaluating
ChatterBot Mike reevaluating
ChatterBot Whiskey reevaluating
ChatterBot Uniform reevaluating
ChatterBot Whiskey reevaluating
ChatterBot Uniform reevaluating
ChatterBot Mike reevaluating
2024-10-14 18:48:17.943684 Foxtrot: Romeo, November, Golf, Mike and Papa, sending you 2
2024-10-14 18:48:17.947021 Mike: We should drop Papa
ChatterBot Uniform reevaluating
2024-10-14 18:48:17.968493 Romeo: No
2024-10-14 18:48:17.968726 November: No
2024-10-14 18:48:17.968926 Foxtrot: No
2024-10-14 18:48:17.969105 Golf: No
2024-10-14 18:48:17.969277 Uniform: No
2024-10-14 18:48:17.969455 Whiskey: No
2024-10-14 18:48:17.969635 India: No
ChatterBot Mike reevaluating
ChatterBot Uniform reevaluating
ChatterBot Mike reevaluating
ChatterBot Uniform reevaluating
ChatterBot Mike reevaluating
ChatterBot Uniform reevaluating
ChatterBot Mike reevaluating
ChatterBot Uniform reevaluating
ChatterBot Mike reevaluating
ChatterBot Mike reevaluating
ChatterBot Uniform reevaluating
ChatterBot Mike reevaluating
ChatterBot Uniform reevaluating
2024-10-14 18:48:18.091045 Uniform: We should replace November with Papa
ChatterBot Mike reevaluating
2024-10-14 18:48:18.105566 Romeo: No
2024-10-14 18:48:18.105739 Foxtrot: No
2024-10-14 18:48:18.105839 Golf: No
2024-10-14 18:48:18.105931 Mike: No
2024-10-14 18:48:18.106018 Whiskey: No
2024-10-14 18:48:18.106106 India: No
ChatterBot Uniform reevaluating
ChatterBot Mike reevaluating
ChatterBot Uniform reevaluating
ChatterBot Mike reevaluating
ChatterBot Uniform reevaluating
ChatterBot Mike reevaluating
ChatterBot Uniform reevaluating
ChatterBot Uniform reevaluating
ChatterBot Mike reevaluating
ChatterBot Uniform reevaluating
ChatterBot Mike reevaluating
2024-10-14 18:48:18.195789 Foxtrot: Whiskey, sending you 1
2024-10-14 18:48:18.196675 Whiskey: We should drop Uniform
ChatterBot Mike reevaluating
ChatterBot Papa reevaluating
2024-10-14 18:48:18.212257 Golf: Yes
2024-10-14 18:48:18.212410 Romeo: Yes
2024-10-14 18:48:18.212509 November: Yes
2024-10-14 18:48:18.212605 Mike: No
2024-10-14 18:48:18.212801 Foxtrot: Yes
2024-10-14 18:48:18.212946 India: Yes
2024-10-14 18:48:18.213085 Papa: Yes
ChatterBot Mike reevaluating
ChatterBot Papa reevaluating
ChatterBot Mike reevaluating
ChatterBot Papa reevaluating
ChatterBot Mike reevaluating
ChatterBot Papa reevaluating
ChatterBot Papa reevaluating
ChatterBot Mike reevaluating
ChatterBot Papa reevaluating
ChatterBot Mike reevaluating
ChatterBot Papa reevaluating
ChatterBot Mike reevaluating
2024-10-14 18:48:18.314992 Uniform: We should replace Foxtrot with Papa
ChatterBot Mike reevaluating
2024-10-14 18:48:18.326925 Mike: No
2024-10-14 18:48:18.327127 Romeo: No
2024-10-14 18:48:18.327294 November: No
2024-10-14 18:48:18.327409 Golf: No
2024-10-14 18:48:18.327520 Whiskey: No
2024-10-14 18:48:18.327674 India: No
ChatterBot Uniform reevaluating
ChatterBot Mike reevaluating
ChatterBot Uniform reevaluating
ChatterBot Mike reevaluating
ChatterBot Uniform reevaluating
ChatterBot Mike reevaluating
ChatterBot Uniform reevaluating
ChatterBot Mike reevaluating
ChatterBot Uniform reevaluating
ChatterBot Mike reevaluating
ChatterBot Uniform reevaluating
2024-10-14 18:48:18.404155 Romeo: November, sending you 4
chatterbot Romeo submitting transactions
2024-10-14 18:48:18.405058 Golf: Romeo, November, Foxtrot, Mike, Papa and Whiskey, sending you 2
2024-10-14 18:48:18.405654 Foxtrot: India, sending you 4
chatterbot Foxtrot submitting transactions
chatterbot November submitting transactions
2024-10-14 18:48:18.406522 Hotel: Romeo, sending you 2
2024-10-14 18:48:18.406982 November: Romeo, Foxtrot, Golf, Mike, Papa and Whiskey, sending you 2
2024-10-14 18:48:18.407512 India: Romeo, Mike and Papa, sending you 2
2024-10-14 18:48:18.408764 Uniform: Papa we want you to join our group
2024-10-14 18:48:18.413204 Papa: No
ChatterBot Mike reevaluating
ChatterBot Uniform reevaluating
2024-10-14 18:48:18.445298 Uniform: We should replace Golf with Papa
ChatterBot Mike reevaluating
2024-10-14 18:48:18.462868 Romeo: No
2024-10-14 18:48:18.463036 November: No
2024-10-14 18:48:18.463531 Foxtrot: No
2024-10-14 18:48:18.463662 Mike: No
2024-10-14 18:48:18.463790 Whiskey: No
2024-10-14 18:48:18.463901 India: No
ChatterBot Uniform reevaluating
ChatterBot Mike reevaluating
ChatterBot Uniform reevaluating
ChatterBot Mike reevaluating
ChatterBot Uniform reevaluating
ChatterBot Mike reevaluating
ChatterBot Uniform reevaluating
ChatterBot Uniform reevaluating
ChatterBot Mike reevaluating
ChatterBot Uniform reevaluating
ChatterBot Mike reevaluating
2024-10-14 18:48:18.550426 Romeo: Foxtrot, Golf, Mike, Papa, Whiskey and India, sending you 2
2024-10-14 18:48:18.551434 November: India, sending you 3
2024-10-14 18:48:18.552146 Golf: India, sending you 3
2024-10-14 18:48:18.552759 India: November, Foxtrot and Golf, sending you 3
chatterbot Hotel submitting transactions
2024-10-14 18:48:18.556683 Whiskey: Romeo, November, Golf and Papa, sending you 2
2024-10-14 18:48:18.557690 India: Whiskey, sending you 1
2024-10-14 18:48:18.558606 Papa: Romeo, November, Foxtrot, Golf and Whiskey, sending you 2
2024-10-14 18:48:18.561691 Whiskey: Foxtrot and India, sending you 1
2024-10-14 18:48:18.562932 Papa: Mike and India, sending you 1
2024-10-14 18:48:18.566070 Whiskey: Mike, sending you 4
2024-10-14 18:48:18.579659 Mike: Romeo, November, Foxtrot, Golf and India, sending you 2
2024-10-14 18:48:18.584677 Mike: Uniform and Whiskey, sending you 3
2024-10-14 18:48:18.585301 Uniform: Romeo, Golf and India, sending you 2
2024-10-14 18:48:18.591002 Uniform: Mike, sending you 6
2024-10-14 18:48:18.595663 Uniform: Whiskey, sending you 3
chatterbot Papa submitting transactions
chatterbot Whiskey submitting transactions
chatterbot Mike submitting transactions
chatterbot India submitting transactions
chatterbot Golf submitting transactions
chatterbot Uniform submitting transactions
ChatterBot Romeo round 6
ChatterBot November round 6
ChatterBot Foxtrot round 6
ChatterBot Golf round 6
ChatterBot Mike round 6
ChatterBot Hotel round 6
ChatterBot Papa round 6
ChatterBot Uniform round 6
ChatterBot Whiskey round 6
ChatterBot India round 6
2024-10-14 18:48:19.698567 Uniform: We should add November
2024-10-14 18:48:19.731212 Romeo: Yes
2024-10-14 18:48:19.731506 Foxtrot: Yes
2024-10-14 18:48:19.731749 Golf: Yes
2024-10-14 18:48:19.732474 Mike: Yes
2024-10-14 18:48:19.732697 Papa: Yes
2024-10-14 18:48:19.732915 Whiskey: Yes
2024-10-14 18:48:19.733120 India: Yes
ChatterBot Uniform reevaluating
ChatterBot Uniform reevaluating
ChatterBot Mike reevaluating
ChatterBot Uniform reevaluating
ChatterBot Mike reevaluating
ChatterBot Uniform reevaluating
ChatterBot Uniform reevaluating
ChatterBot Mike reevaluating
ChatterBot Uniform reevaluating
ChatterBot Mike reevaluating
ChatterBot Papa reevaluating
ChatterBot Uniform reevaluating
ChatterBot Mike reevaluating
ChatterBot Papa reevaluating
2024-10-14 18:48:19.872734 Uniform: We should replace Golf with November
ChatterBot Mike reevaluating
ChatterBot Papa reevaluating
2024-10-14 18:48:19.885153 Romeo: No
2024-10-14 18:48:19.885290 Foxtrot: No
2024-10-14 18:48:19.885392 Mike: No
2024-10-14 18:48:19.885508 Papa: No
2024-10-14 18:48:19.885676 Whiskey: No
2024-10-14 18:48:19.885798 India: No
ChatterBot Uniform reevaluating
ChatterBot Mike reevaluating
ChatterBot Papa reevaluating
ChatterBot Uniform reevaluating
ChatterBot Mike reevaluating
ChatterBot Papa reevaluating
ChatterBot Uniform reevaluating
ChatterBot Papa reevaluating
ChatterBot Uniform reevaluating
ChatterBot Mike reevaluating
ChatterBot Uniform reevaluating
ChatterBot Mike reevaluating
ChatterBot Papa reevaluating
ChatterBot Uniform reevaluating
ChatterBot Mike reevaluating
ChatterBot Papa reevaluating
2024-10-14 18:48:19.953538 Uniform: We should replace Romeo with November
2024-10-14 18:48:19.962763 Foxtrot: No
2024-10-14 18:48:19.962876 Golf: No
2024-10-14 18:48:19.962997 Mike: No
2024-10-14 18:48:19.963093 Papa: No
2024-10-14 18:48:19.963188 Whiskey: No
2024-10-14 18:48:19.963279 India: No
ChatterBot Uniform reevaluating
ChatterBot Uniform reevaluating
ChatterBot Uniform reevaluating
ChatterBot Uniform reevaluating
ChatterBot Uniform reevaluating
ChatterBot Uniform reevaluating
2024-10-14 18:48:20.028892 Romeo: November, sending you 4
2024-10-14 18:48:20.029717 Uniform: We should replace Papa with November
2024-10-14 18:48:20.041090 Romeo: No
2024-10-14 18:48:20.041233 Foxtrot: No
2024-10-14 18:48:20.041330 Golf: No
2024-10-14 18:48:20.041416 Mike: No
2024-10-14 18:48:20.041499 Whiskey: No
2024-10-14 18:48:20.041588 India: No
ChatterBot Uniform reevaluating
ChatterBot Uniform reevaluating
ChatterBot Mike reevaluating
ChatterBot Uniform reevaluating
ChatterBot Mike reevaluating
ChatterBot Uniform reevaluating
ChatterBot Uniform reevaluating
ChatterBot Mike reevaluating
ChatterBot Uniform reevaluating
ChatterBot Mike reevaluating
2024-10-14 18:48:20.122932 Uniform: We should replace Foxtrot with November
ChatterBot Mike reevaluating
2024-10-14 18:48:20.137360 Romeo: No
2024-10-14 18:48:20.137485 Golf: No
2024-10-14 18:48:20.137577 Mike: No
2024-10-14 18:48:20.137686 Papa: No
2024-10-14 18:48:20.137791 Whiskey: No
2024-10-14 18:48:20.137876 India: No
ChatterBot Uniform reevaluating
ChatterBot Mike reevaluating
ChatterBot Uniform reevaluating
ChatterBot Mike reevaluating
ChatterBot Uniform reevaluating
ChatterBot Uniform reevaluating
ChatterBot Mike reevaluating
ChatterBot Uniform reevaluating
ChatterBot Mike reevaluating
ChatterBot Uniform reevaluating
ChatterBot Mike reevaluating
2024-10-14 18:48:20.226289 Romeo: Foxtrot, Golf, Mike, Papa, Whiskey and India, sending you 2
2024-10-14 18:48:20.229500 Foxtrot: Romeo, November, Golf, Mike and Papa, sending you 2
2024-10-14 18:48:20.230942 Whiskey: Romeo, November, Golf and Papa, sending you 2
2024-10-14 18:48:20.232014 Golf: Romeo, November, Foxtrot, Mike, Papa and Whiskey, sending you 2
2024-10-14 18:48:20.233704 November: Romeo, sending you 3
2024-10-14 18:48:20.234700 Hotel: Romeo, sending you 2
2024-10-14 18:48:20.235966 Mike: We should drop Papa
ChatterBot Uniform reevaluating
2024-10-14 18:48:20.255856 Romeo: No
2024-10-14 18:48:20.256099 November: No
2024-10-14 18:48:20.256218 Foxtrot: No
2024-10-14 18:48:20.256357 Golf: No
2024-10-14 18:48:20.256967 Uniform: No
2024-10-14 18:48:20.257100 Whiskey: No
2024-10-14 18:48:20.257216 India: No
ChatterBot Uniform reevaluating
ChatterBot Mike reevaluating
ChatterBot Uniform reevaluating
ChatterBot Mike reevaluating
ChatterBot Uniform reevaluating
ChatterBot Mike reevaluating
ChatterBot Uniform reevaluating
ChatterBot Mike reevaluating
ChatterBot Mike reevaluating
ChatterBot Uniform reevaluating
ChatterBot Mike reevaluating
ChatterBot Uniform reevaluating
2024-10-14 18:48:20.366763 Foxtrot: Whiskey, sending you 1
2024-10-14 18:48:20.367574 Whiskey: Foxtrot and India, sending you 1
2024-10-14 18:48:20.368266 Golf: India, sending you 3
2024-10-14 18:48:20.369568 November: Foxtrot, Golf, Mike, Papa, Whiskey and India, sending you 2
2024-10-14 18:48:20.371164 Uniform: We should replace India with November
ChatterBot Mike reevaluating
2024-10-14 18:48:20.384321 Romeo: No
2024-10-14 18:48:20.384492 Foxtrot: No
2024-10-14 18:48:20.384596 Golf: No
2024-10-14 18:48:20.384703 Mike: No
2024-10-14 18:48:20.384811 Papa: No
2024-10-14 18:48:20.384927 Whiskey: No
ChatterBot Uniform reevaluating
ChatterBot Mike reevaluating
ChatterBot Uniform reevaluating
ChatterBot Mike reevaluating
ChatterBot Uniform reevaluating
ChatterBot Mike reevaluating
ChatterBot Uniform reevaluating
ChatterBot Uniform reevaluating
ChatterBot Mike reevaluating
ChatterBot Uniform reevaluating
ChatterBot Mike reevaluating
2024-10-14 18:48:20.483823 Foxtrot: India, sending you 4
2024-10-14 18:48:20.484545 India: Romeo, Mike and Papa, sending you 2
2024-10-14 18:48:20.485415 Whiskey: Mike, sending you 4
2024-10-14 18:48:20.486389 Papa: Romeo, November, Foxtrot, Golf, Whiskey and India, sending you 2
2024-10-14 18:48:20.488192 Uniform: November we want you to join our group
2024-10-14 18:48:20.490806 November: No
ChatterBot Uniform reevaluating
ChatterBot Mike reevaluating
2024-10-14 18:48:20.504452 India: November, Foxtrot and Golf, sending you 3
2024-10-14 18:48:20.509659 India: Whiskey, sending you 1
2024-10-14 18:48:20.540718 Uniform: Mike, sending you 8
2024-10-14 18:48:20.542691 Mike: Romeo, November, Foxtrot, Golf and India, sending you 2
2024-10-14 18:48:20.545686 Uniform: Whiskey, sending you 7
2024-10-14 18:48:20.547687 Mike: Uniform and Whiskey, sending you 3
chatterbot Whiskey submitting transactions
chatterbot India submitting transactions
chatterbot Papa submitting transactions
chatterbot Romeo submitting transactions
chatterbot Golf submitting transactions
chatterbot November submitting transactions
chatterbot Hotel submitting transactions
chatterbot Foxtrot submitting transactions
chatterbot Uniform submitting transactions
chatterbot Mike submitting transactions
ChatterBot Romeo round 7
ChatterBot November round 7
ChatterBot Foxtrot round 7
ChatterBot Golf round 7
ChatterBot Mike round 7
