ChatterBot X-ray round 1
randomSelections X-ray: {X-ray, Juliett, Mike, India, Quebec, Whiskey, Golf} 
2024-10-14 18:48:08.740152 X-ray: Let's form a team
ChatterBot Zulu round 1
ChatterBot Quebec round 1
ChatterBot Quebec reevaluating
2024-10-14 18:48:08.747962 Quebec: Yes
ChatterBot India round 1
ChatterBot India reevaluating
ChatterBot India reevaluating
2024-10-14 18:48:08.759959 India: Yes
ChatterBot Quebec reevaluating
ChatterBot Victor round 1
ChatterBot Juliett round 1
ChatterBot Juliett reevaluating
ChatterBot Juliett reevaluating
ChatterBot Juliett reevaluating
2024-10-14 18:48:08.776692 Juliett: Yes
ChatterBot India reevaluating
ChatterBot Quebec reevaluating
ChatterBot Mike round 1
ChatterBot Mike reevaluating
ChatterBot Mike reevaluating
ChatterBot Mike reevaluating
ChatterBot Mike reevaluating
2024-10-14 18:48:08.851494 Mike: Yes
ChatterBot Juliett reevaluating
ChatterBot India reevaluating
ChatterBot Quebec reevaluating
ChatterBot Oscar round 1
ChatterBot Golf round 1
ChatterBot Golf reevaluating
ChatterBot Golf reevaluating
ChatterBot Golf reevaluating
ChatterBot Golf reevaluating
ChatterBot Golf reevaluating
2024-10-14 18:48:08.879208 Golf: Yes
ChatterBot Juliett reevaluating
ChatterBot Mike reevaluating
ChatterBot India reevaluating
ChatterBot Quebec reevaluating
ChatterBot Whiskey round 1
ChatterBot Whiskey reevaluating
ChatterBot Whiskey reevaluating
ChatterBot Whiskey reevaluating
ChatterBot Whiskey reevaluating
ChatterBot Whiskey reevaluating
ChatterBot Whiskey reevaluating
2024-10-14 18:48:08.899197 Whiskey: Yes
ChatterBot Juliett reevaluating
ChatterBot Mike reevaluating
ChatterBot India reevaluating
ChatterBot Quebec reevaluating
ChatterBot Golf reevaluating
randomSelections Zulu: {Zulu, Quebec, X-ray, Whiskey, India, Mike, Juliett} 
2024-10-14 18:48:08.913265 Zulu: We would work well together
ChatterBot Quebec reevaluating
ChatterBot Whiskey reevaluating
ChatterBot India reevaluating
ChatterBot Mike reevaluating
ChatterBot Juliett reevaluating
2024-10-14 18:48:08.922642 Quebec: No
2024-10-14 18:48:08.923336 X-ray: No
2024-10-14 18:48:08.923602 Whiskey: No
2024-10-14 18:48:08.923966 India: No
2024-10-14 18:48:08.924794 Mike: No
2024-10-14 18:48:08.925136 Juliett: No
ChatterBot Whiskey reevaluating
ChatterBot India reevaluating
ChatterBot Mike reevaluating
ChatterBot Juliett reevaluating
ChatterBot Quebec reevaluating
ChatterBot Whiskey reevaluating
ChatterBot India reevaluating
ChatterBot Mike reevaluating
ChatterBot Juliett reevaluating
ChatterBot Quebec reevaluating
ChatterBot India reevaluating
ChatterBot Mike reevaluating
ChatterBot Juliett reevaluating
ChatterBot Quebec reevaluating
ChatterBot Whiskey reevaluating
ChatterBot Mike reevaluating
ChatterBot Juliett reevaluating
ChatterBot Quebec reevaluating
ChatterBot Whiskey reevaluating
ChatterBot India reevaluating
ChatterBot Juliett reevaluating
ChatterBot Quebec reevaluating
ChatterBot Whiskey reevaluating
ChatterBot India reevaluating
ChatterBot Mike reevaluating
randomSelections Victor: {Victor, X-ray, Juliett, India, Golf, Quebec} 
2024-10-14 18:48:08.991310 Victor: Group up?
ChatterBot Juliett reevaluating
ChatterBot India reevaluating
ChatterBot Golf reevaluating
ChatterBot Quebec reevaluating
2024-10-14 18:48:08.999071 X-ray: No
2024-10-14 18:48:08.999386 Juliett: No
2024-10-14 18:48:08.999676 India: No
2024-10-14 18:48:09.000417 Golf: No
2024-10-14 18:48:09.000608 Quebec: No
ChatterBot Juliett reevaluating
ChatterBot India reevaluating
ChatterBot Golf reevaluating
ChatterBot Quebec reevaluating
ChatterBot India reevaluating
ChatterBot Golf reevaluating
ChatterBot Quebec reevaluating
ChatterBot Juliett reevaluating
ChatterBot Golf reevaluating
ChatterBot Quebec reevaluating
ChatterBot Juliett reevaluating
ChatterBot India reevaluating
ChatterBot Quebec reevaluating
ChatterBot Juliett reevaluating
ChatterBot India reevaluating
ChatterBot Golf reevaluating
randomSelections Oscar: {Oscar, X-ray} 
2024-10-14 18:48:09.060827 Oscar: Let's form a team
2024-10-14 18:48:09.062911 X-ray: No
2024-10-14 18:48:09.071566 X-ray: Quebec, sending you 3
2024-10-14 18:48:09.075892 X-ray: India, sending you 8
2024-10-14 18:48:09.078866 Quebec: X-ray and Mike, sending you 4
2024-10-14 18:48:09.079326 Mike: X-ray, India and Juliett, sending you 2
2024-10-14 18:48:09.081683 X-ray: Juliett, Golf and Whiskey, sending you 1
2024-10-14 18:48:09.083128 Quebec: India, Golf and Whiskey, sending you 2
2024-10-14 18:48:09.083715 Mike: Quebec and Whiskey, sending you 1
2024-10-14 18:48:09.085383 X-ray: Mike, sending you 2
2024-10-14 18:48:09.086764 Juliett: X-ray, Quebec, India, Mike and Whiskey, sending you 1
2024-10-14 18:48:09.088200 Victor: X-ray and India, sending you 4
2024-10-14 18:48:09.088478 Mike: Golf, sending you 5
2024-10-14 18:48:09.088855 Quebec: Juliett, sending you 1
2024-10-14 18:48:09.090407 Golf: X-ray, sending you 1
2024-10-14 18:48:09.090792 Whiskey: Quebec, Juliett, Mike and Golf, sending you 1
2024-10-14 18:48:09.091176 Oscar: Sending you 12
2024-10-14 18:48:09.091441 Zulu: X-ray, Juliett and Whiskey, sending you 1
2024-10-14 18:48:09.091811 India: X-ray and Juliett, sending you 2
2024-10-14 18:48:09.093804 Juliett: Golf, sending you 2
2024-10-14 18:48:09.094241 Victor: Quebec, sending you 2
2024-10-14 18:48:09.094692 Zulu: Quebec, India and Mike, sending you 2
2024-10-14 18:48:09.096709 Golf: Quebec, India and Juliett, sending you 3
2024-10-14 18:48:09.097276 Whiskey: India, sending you 2
2024-10-14 18:48:09.097737 Victor: Juliett and Golf, sending you 3
2024-10-14 18:48:09.099479 India: Quebec, Mike and Whiskey, sending you 1
2024-10-14 18:48:09.100682 Golf: Mike, sending you 4
2024-10-14 18:48:09.102731 India: Golf, sending you 4
2024-10-14 18:48:09.105700 Golf: Whiskey, sending you 2
chatterbot Victor submitting transactions
chatterbot X-ray submitting transactions
chatterbot India submitting transactions
chatterbot Golf submitting transactions
chatterbot Mike submitting transactions
chatterbot Whiskey submitting transactions
chatterbot Juliett submitting transactions
chatterbot Quebec submitting transactions
chatterbot Oscar submitting transactions
chatterbot Zulu submitting transactions
ChatterBot X-ray round 2
ChatterBot Zulu round 2
ChatterBot Quebec round 2
ChatterBot India round 2
ChatterBot Victor round 2
2024-10-14 18:48:10.047031 X-ray: We should add Victor and Oscar
ChatterBot Juliett reevaluating
ChatterBot Mike reevaluating
ChatterBot India reevaluating
ChatterBot Quebec reevaluating
ChatterBot Whiskey reevaluating
ChatterBot Golf reevaluating
2024-10-14 18:48:10.105130 Juliett: No
2024-10-14 18:48:10.105285 Mike: No
2024-10-14 18:48:10.105391 India: No
2024-10-14 18:48:10.105495 Quebec: No
2024-10-14 18:48:10.105608 Whiskey: No
2024-10-14 18:48:10.105729 Golf: No
ChatterBot Mike reevaluating
ChatterBot India reevaluating
ChatterBot Quebec reevaluating
ChatterBot Whiskey reevaluating
ChatterBot Golf reevaluating
ChatterBot Juliett reevaluating
ChatterBot India reevaluating
ChatterBot Quebec reevaluating
ChatterBot Whiskey reevaluating
ChatterBot Golf reevaluating
ChatterBot Juliett reevaluating
ChatterBot Mike reevaluating
ChatterBot Quebec reevaluating
ChatterBot Whiskey reevaluating
ChatterBot Golf reevaluating
ChatterBot Juliett reevaluating
ChatterBot Mike reevaluating
ChatterBot India reevaluating
ChatterBot Whiskey reevaluating
ChatterBot Golf reevaluating
ChatterBot Juliett reevaluating
ChatterBot Mike reevaluating
ChatterBot India reevaluating
ChatterBot Quebec reevaluating
ChatterBot Golf reevaluating
ChatterBot Juliett reevaluating
ChatterBot Mike reevaluating
ChatterBot India reevaluating
ChatterBot Quebec reevaluating
ChatterBot Whiskey reevaluating
2024-10-14 18:48:10.521453 India: We should add Victor
ChatterBot Juliett reevaluating
ChatterBot Mike reevaluating
ChatterBot Quebec reevaluating
ChatterBot Whiskey reevaluating
ChatterBot Golf reevaluating
2024-10-14 18:48:10.617672 X-ray: Yes
2024-10-14 18:48:10.618243 Juliett: No
2024-10-14 18:48:10.618411 Mike: No
2024-10-14 18:48:10.618569 Quebec: Yes
2024-10-14 18:48:10.618765 Whiskey: No
2024-10-14 18:48:10.618942 Golf: No
ChatterBot Juliett reevaluating
ChatterBot Mike reevaluating
ChatterBot India reevaluating
ChatterBot Quebec reevaluating
ChatterBot Whiskey reevaluating
ChatterBot Golf reevaluating
ChatterBot Mike reevaluating
ChatterBot India reevaluating
ChatterBot Quebec reevaluating
ChatterBot Whiskey reevaluating
ChatterBot Golf reevaluating
ChatterBot Juliett reevaluating
ChatterBot India reevaluating
ChatterBot Quebec reevaluating
ChatterBot Whiskey reevaluating
ChatterBot Golf reevaluating
ChatterBot Juliett reevaluating
ChatterBot Mike reevaluating
ChatterBot India reevaluating
ChatterBot Whiskey reevaluating
ChatterBot Golf reevaluating
ChatterBot Juliett reevaluating
ChatterBot Mike reevaluating
ChatterBot India reevaluating
ChatterBot Quebec reevaluating
ChatterBot Golf reevaluating
ChatterBot Juliett reevaluating
ChatterBot Mike reevaluating
ChatterBot India reevaluating
ChatterBot Quebec reevaluating
ChatterBot Whiskey reevaluating
ChatterBot Juliett round 2
ChatterBot Mike round 2
2024-10-14 18:48:11.173454 Victor: Group up?
ChatterBot Zulu reevaluating
2024-10-14 18:48:11.180780 Zulu: Yes
2024-10-14 18:48:11.187479 Zulu: We should group up
2024-10-14 18:48:11.194202 Victor: Yes
ChatterBot Zulu reevaluating
ChatterBot Oscar round 2
ChatterBot Golf round 2
ChatterBot Whiskey round 2
2024-10-14 18:48:11.226435 X-ray: Victor and Oscar we want you to join our group
ChatterBot Victor reevaluating
ChatterBot Oscar reevaluating
2024-10-14 18:48:11.249298 Victor: No
2024-10-14 18:48:11.250642 Oscar: No
ChatterBot Quebec reevaluating
ChatterBot India reevaluating
ChatterBot Juliett reevaluating
ChatterBot Mike reevaluating
ChatterBot Golf reevaluating
ChatterBot Whiskey reevaluating
ChatterBot Oscar reevaluating
ChatterBot Quebec reevaluating
ChatterBot India reevaluating
ChatterBot Victor reevaluating
ChatterBot Juliett reevaluating
ChatterBot Mike reevaluating
ChatterBot Golf reevaluating
ChatterBot Whiskey reevaluating
2024-10-14 18:48:11.431667 Golf: We should add Victor
2024-10-14 18:48:11.432292 Whiskey: We should add Victor
ChatterBot X-ray reevaluating
ChatterBot Juliett reevaluating
ChatterBot Mike reevaluating
ChatterBot India reevaluating
ChatterBot Quebec reevaluating
ChatterBot Whiskey reevaluating
2024-10-14 18:48:11.477231 X-ray: Yes
ChatterBot X-ray reevaluating
2024-10-14 18:48:11.485138 Juliett: Yes
ChatterBot Juliett reevaluating
2024-10-14 18:48:11.492751 Mike: No
ChatterBot Mike reevaluating
2024-10-14 18:48:11.498914 India: Yes
ChatterBot India reevaluating
2024-10-14 18:48:11.503660 Quebec: Yes
ChatterBot Quebec reevaluating
2024-10-14 18:48:11.508789 Whiskey: Yes
ChatterBot Golf reevaluating
2024-10-14 18:48:11.514935 X-ray: Yes
2024-10-14 18:48:11.515217 Juliett: Yes
2024-10-14 18:48:11.515379 Mike: No
2024-10-14 18:48:11.515792 India: Yes
2024-10-14 18:48:11.516618 Quebec: Yes
2024-10-14 18:48:11.516917 Golf: Yes
ChatterBot Juliett reevaluating
ChatterBot Mike reevaluating
ChatterBot India reevaluating
ChatterBot Quebec reevaluating
ChatterBot Whiskey reevaluating
ChatterBot Golf reevaluating
ChatterBot X-ray reevaluating
ChatterBot Mike reevaluating
ChatterBot India reevaluating
ChatterBot Quebec reevaluating
ChatterBot Whiskey reevaluating
ChatterBot Golf reevaluating
ChatterBot X-ray reevaluating
ChatterBot Juliett reevaluating
ChatterBot India reevaluating
ChatterBot Quebec reevaluating
ChatterBot Whiskey reevaluating
ChatterBot Golf reevaluating
ChatterBot X-ray reevaluating
ChatterBot Juliett reevaluating
ChatterBot Mike reevaluating
ChatterBot Quebec reevaluating
ChatterBot Whiskey reevaluating
ChatterBot Golf reevaluating
ChatterBot X-ray reevaluating
ChatterBot Juliett reevaluating
ChatterBot Mike reevaluating
ChatterBot India reevaluating
ChatterBot Whiskey reevaluating
ChatterBot Golf reevaluating
ChatterBot X-ray reevaluating
ChatterBot Juliett reevaluating
ChatterBot Mike reevaluating
ChatterBot India reevaluating
ChatterBot Quebec reevaluating
ChatterBot Golf reevaluating
ChatterBot Juliett reevaluating
ChatterBot Mike reevaluating
ChatterBot India reevaluating
ChatterBot Quebec reevaluating
ChatterBot Whiskey reevaluating
ChatterBot Golf reevaluating
ChatterBot X-ray reevaluating
ChatterBot Mike reevaluating
ChatterBot India reevaluating
ChatterBot Quebec reevaluating
ChatterBot Whiskey reevaluating
ChatterBot Golf reevaluating
ChatterBot X-ray reevaluating
ChatterBot Juliett reevaluating
ChatterBot India reevaluating
ChatterBot Quebec reevaluating
ChatterBot Whiskey reevaluating
ChatterBot Golf reevaluating
ChatterBot X-ray reevaluating
ChatterBot Juliett reevaluating
ChatterBot Mike reevaluating
ChatterBot Quebec reevaluating
ChatterBot Whiskey reevaluating
ChatterBot Golf reevaluating
ChatterBot X-ray reevaluating
ChatterBot Juliett reevaluating
ChatterBot Mike reevaluating
ChatterBot India reevaluating
ChatterBot Whiskey reevaluating
ChatterBot Golf reevaluating
ChatterBot X-ray reevaluating
ChatterBot Juliett reevaluating
ChatterBot Mike reevaluating
ChatterBot India reevaluating
ChatterBot Quebec reevaluating
ChatterBot Whiskey reevaluating
2024-10-14 18:48:11.873022 Oscar: We should replace X-ray with Victor
2024-10-14 18:48:11.874343 India: Victor we want you to join our group
ChatterBot Victor reevaluating
2024-10-14 18:48:11.879577 Victor: No
ChatterBot Juliett reevaluating
2024-10-14 18:48:11.907529 Quebec: Victor and Zulu we want you to join our group
ChatterBot Victor reevaluating
2024-10-14 18:48:11.916604 Victor: No
2024-10-14 18:48:11.916802 Zulu: No
ChatterBot Victor reevaluating
2024-10-14 18:48:12.072515 Mike: Victor we want you to join our group
ChatterBot Victor reevaluating
2024-10-14 18:48:12.080417 Victor: No
2024-10-14 18:48:12.124847 Oscar: Victor we want you to join our group
ChatterBot Victor reevaluating
2024-10-14 18:48:12.133056 Victor: Yes
ChatterBot Oscar reevaluating
2024-10-14 18:48:12.141889 Whiskey: Victor we want you to join our group
ChatterBot Victor reevaluating
2024-10-14 18:48:12.150500 Victor: No
2024-10-14 18:48:12.198006 Golf: Victor we want you to join our group
ChatterBot Victor reevaluating
2024-10-14 18:48:12.206309 Victor: No
chatterbot Zulu submitting transactions
2024-10-14 18:48:12.248595 Juliett: Victor we want you to join our group
ChatterBot Victor reevaluating
2024-10-14 18:48:12.256396 Victor: No
2024-10-14 18:48:12.303091 Zulu: Sending you 8
chatterbot X-ray submitting transactions
2024-10-14 18:48:12.315470 X-ray: Quebec, India, Victor and Mike, sending you 2
2024-10-14 18:48:12.316680 Quebec: X-ray, sending you 4
2024-10-14 18:48:12.317038 India: X-ray, sending you 3
2024-10-14 18:48:12.322992 Quebec: Zulu and Victor, sending you 2
2024-10-14 18:48:12.324086 Whiskey: X-ray, India, Juliett and Mike, sending you 2
2024-10-14 18:48:12.324518 X-ray: Juliett, Golf and Whiskey, sending you 1
2024-10-14 18:48:12.324875 Golf: X-ray, Quebec, Victor, Juliett and Whiskey, sending you 2
2024-10-14 18:48:12.325734 India: Quebec, Victor, Juliett, Mike, Golf and Whiskey, sending you 2
2024-10-14 18:48:12.328312 Mike: X-ray, India and Juliett, sending you 2
2024-10-14 18:48:12.329755 Quebec: India, Juliett, Mike and Whiskey, sending you 1
2024-10-14 18:48:12.331078 Juliett: X-ray, Quebec and Whiskey, sending you 1
2024-10-14 18:48:12.331677 Whiskey: Quebec and Golf, sending you 4
2024-10-14 18:48:12.332233 X-ray: Oscar, sending you 5
2024-10-14 18:48:12.333446 Golf: India and Mike, sending you 3
2024-10-14 18:48:12.334709 Oscar: Sending you 11
2024-10-14 18:48:12.335060 Mike: Quebec and Golf, sending you 3
chatterbot Mike submitting transactions
2024-10-14 18:48:12.336255 Quebec: Golf, sending you 3
2024-10-14 18:48:12.336796 Juliett: India and Mike, sending you 2
2024-10-14 18:48:12.341690 Mike: Whiskey, sending you 1
2024-10-14 18:48:12.342792 Victor: Sending you 4
2024-10-14 18:48:12.343170 Juliett: Victor, sending you 4
2024-10-14 18:48:12.358207 Juliett: Golf, sending you 3
chatterbot Quebec submitting transactions
chatterbot India submitting transactions
chatterbot Golf submitting transactions
chatterbot Victor submitting transactions
chatterbot Oscar submitting transactions
chatterbot Whiskey submitting transactions
chatterbot Juliett submitting transactions
ChatterBot X-ray round 3
ChatterBot Zulu round 3
ChatterBot Quebec round 3
ChatterBot India round 3
ChatterBot Victor round 3
ChatterBot Juliett round 3
ChatterBot Mike round 3
ChatterBot Oscar round 3
ChatterBot Golf round 3
ChatterBot Whiskey round 3
2024-10-14 18:48:13.417346 Victor: We should add Zulu and Juliett
ChatterBot Oscar reevaluating
2024-10-14 18:48:13.420991 Oscar: No
2024-10-14 18:48:13.425043 Oscar: We should add Zulu and X-ray
ChatterBot Victor reevaluating
2024-10-14 18:48:13.428934 Victor: Yes
ChatterBot Oscar reevaluating
2024-10-14 18:48:13.453451 Zulu: We should add Oscar
ChatterBot Victor reevaluating
2024-10-14 18:48:13.459514 Victor: Yes
2024-10-14 18:48:13.479511 X-ray: We should drop Victor and Oscar
ChatterBot Quebec reevaluating
ChatterBot Whiskey reevaluating
2024-10-14 18:48:13.504624 Juliett: Yes
2024-10-14 18:48:13.505674 Mike: Yes
2024-10-14 18:48:13.505854 India: No
2024-10-14 18:48:13.506061 Quebec: Yes
2024-10-14 18:48:13.506223 Whiskey: Yes
2024-10-14 18:48:13.506386 Golf: Yes
ChatterBot India reevaluating
ChatterBot Quebec reevaluating
ChatterBot Whiskey reevaluating
ChatterBot India reevaluating
ChatterBot Quebec reevaluating
ChatterBot Whiskey reevaluating
ChatterBot Quebec reevaluating
ChatterBot Whiskey reevaluating
ChatterBot India reevaluating
ChatterBot Whiskey reevaluating
ChatterBot India reevaluating
ChatterBot Quebec reevaluating
ChatterBot India reevaluating
ChatterBot Quebec reevaluating
ChatterBot Whiskey reevaluating
2024-10-14 18:48:13.650095 Whiskey: We should replace Victor with Zulu
ChatterBot India reevaluating
ChatterBot Quebec reevaluating
2024-10-14 18:48:13.667177 X-ray: No
2024-10-14 18:48:13.667706 Juliett: No
2024-10-14 18:48:13.667822 Mike: No
2024-10-14 18:48:13.667923 India: Yes
2024-10-14 18:48:13.668017 Quebec: No
2024-10-14 18:48:13.668122 Golf: No
ChatterBot India reevaluating
ChatterBot Quebec reevaluating
ChatterBot Whiskey reevaluating
ChatterBot India reevaluating
ChatterBot Quebec reevaluating
ChatterBot Whiskey reevaluating
ChatterBot India reevaluating
ChatterBot Quebec reevaluating
ChatterBot Whiskey reevaluating
ChatterBot Quebec reevaluating
ChatterBot Whiskey reevaluating
ChatterBot India reevaluating
ChatterBot Whiskey reevaluating
ChatterBot India reevaluating
ChatterBot Quebec reevaluating
ChatterBot Whiskey reevaluating
chatterbot Victor submitting transactions
2024-10-14 18:48:13.778070 Juliett: We should drop Victor
ChatterBot India reevaluating
ChatterBot Quebec reevaluating
ChatterBot Whiskey reevaluating
2024-10-14 18:48:13.796177 X-ray: Yes
2024-10-14 18:48:13.796310 Mike: Yes
2024-10-14 18:48:13.796412 India: Yes
2024-10-14 18:48:13.796514 Quebec: Yes
2024-10-14 18:48:13.796607 Whiskey: Yes
2024-10-14 18:48:13.796712 Golf: Yes
ChatterBot India reevaluating
ChatterBot Quebec reevaluating
ChatterBot Whiskey reevaluating
ChatterBot India reevaluating
ChatterBot Quebec reevaluating
ChatterBot Whiskey reevaluating
ChatterBot Quebec reevaluating
ChatterBot Whiskey reevaluating
ChatterBot India reevaluating
ChatterBot Whiskey reevaluating
ChatterBot India reevaluating
ChatterBot Quebec reevaluating
ChatterBot India reevaluating
ChatterBot Quebec reevaluating
ChatterBot Whiskey reevaluating
2024-10-14 18:48:13.994511 Zulu: Oscar we want you to join our group
ChatterBot Oscar reevaluating
2024-10-14 18:48:13.998585 Oscar: Yes
ChatterBot Victor reevaluating
2024-10-14 18:48:14.005851 Victor: We should add Zulu
ChatterBot Oscar reevaluating
2024-10-14 18:48:14.009976 Oscar: Yes
ChatterBot Victor reevaluating
2024-10-14 18:48:14.019444 Whiskey: Zulu we want you to join our group
2024-10-14 18:48:14.025878 Zulu: No
ChatterBot Quebec reevaluating
ChatterBot India reevaluating
2024-10-14 18:48:14.048785 Oscar: Zulu and X-ray we want you to join our group
2024-10-14 18:48:14.055575 Zulu: No
2024-10-14 18:48:14.056467 X-ray: No
ChatterBot Victor reevaluating
ChatterBot Victor reevaluating
2024-10-14 18:48:14.078064 Quebec: We should drop Victor and Zulu
ChatterBot India reevaluating
ChatterBot Whiskey reevaluating
2024-10-14 18:48:14.096135 X-ray: Yes
2024-10-14 18:48:14.096464 Juliett: Yes
2024-10-14 18:48:14.097860 Mike: Yes
2024-10-14 18:48:14.098559 India: No
2024-10-14 18:48:14.098795 Whiskey: Yes
2024-10-14 18:48:14.099830 Golf: Yes
ChatterBot India reevaluating
ChatterBot Quebec reevaluating
ChatterBot Whiskey reevaluating
ChatterBot India reevaluating
ChatterBot Quebec reevaluating
ChatterBot Whiskey reevaluating
ChatterBot India reevaluating
ChatterBot Quebec reevaluating
ChatterBot Whiskey reevaluating
ChatterBot Quebec reevaluating
ChatterBot Whiskey reevaluating
ChatterBot India reevaluating
ChatterBot Quebec reevaluating
ChatterBot India reevaluating
ChatterBot Quebec reevaluating
ChatterBot Whiskey reevaluating
2024-10-14 18:48:14.201353 X-ray: Quebec, sending you 4
2024-10-14 18:48:14.201848 Juliett: X-ray and Whiskey, sending you 2
2024-10-14 18:48:14.202275 Zulu: Sending you each 8
2024-10-14 18:48:14.202967 Victor: Zulu and Juliett we want you to join our group
2024-10-14 18:48:14.207138 Zulu: No
2024-10-14 18:48:14.207645 Juliett: No
ChatterBot Victor reevaluating
ChatterBot Victor reevaluating
chatterbot Zulu submitting transactions
2024-10-14 18:48:14.221016 Golf: X-ray, sending you 1
2024-10-14 18:48:14.222159 X-ray: India and Mike, sending you 3
2024-10-14 18:48:14.222673 Juliett: Quebec, sending you 1
2024-10-14 18:48:14.225663 Mike: X-ray, Quebec, India, Juliett and Whiskey, sending you 2
2024-10-14 18:48:14.226524 Juliett: India, Mike and Golf, sending you 3
2024-10-14 18:48:14.227856 Golf: Quebec, India, Juliett, Mike and Whiskey, sending you 3
2024-10-14 18:48:14.228418 X-ray: Juliett, Golf and Whiskey, sending you 2
2024-10-14 18:48:14.228934 Oscar: X-ray, sending you 8
2024-10-14 18:48:14.230668 Mike: Golf, sending you 3
2024-10-14 18:48:14.232712 Oscar: Zulu, sending you 3
chatterbot Golf submitting transactions
2024-10-14 18:48:14.236679 Oscar: Victor, sending you 5
2024-10-14 18:48:14.238687 Quebec: X-ray, Mike, Golf and Whiskey, sending you 3
2024-10-14 18:48:14.241687 Whiskey: X-ray, Juliett and Mike, sending you 2
2024-10-14 18:48:14.243935 Quebec: India, sending you 2
2024-10-14 18:48:14.244679 Whiskey: Quebec and India, sending you 3
2024-10-14 18:48:14.245689 India: X-ray, sending you 4
2024-10-14 18:48:14.246851 Victor: Zulu and Oscar, sending you 3
2024-10-14 18:48:14.247670 Quebec: Juliett, sending you 1
2024-10-14 18:48:14.248385 Whiskey: Golf, sending you 4
2024-10-14 18:48:14.249663 India: Quebec, Juliett, Mike and Whiskey, sending you 2
2024-10-14 18:48:14.252035 Victor: Juliett, sending you 4
2024-10-14 18:48:14.252661 India: Golf, sending you 3
chatterbot Juliett submitting transactions
chatterbot X-ray submitting transactions
chatterbot India submitting transactions
chatterbot Mike submitting transactions
chatterbot Oscar submitting transactions
chatterbot Whiskey submitting transactions
chatterbot Quebec submitting transactions
ChatterBot X-ray round 4
ChatterBot Zulu round 4
ChatterBot Quebec round 4
ChatterBot India round 4
ChatterBot Victor round 4
ChatterBot Juliett round 4
ChatterBot Mike round 4
ChatterBot Oscar round 4
ChatterBot Golf round 4
ChatterBot Whiskey round 4
2024-10-14 18:48:15.221241 Victor: We should drop Juliett
2024-10-14 18:48:15.232674 Zulu: Yes
2024-10-14 18:48:15.232931 Oscar: Yes
2024-10-14 18:48:15.255700 India: X-ray, sending you 4
2024-10-14 18:48:15.257698 Zulu: Same as last round
2024-10-14 18:48:15.259699 India: Quebec, Juliett, Mike and Whiskey, sending you 2
2024-10-14 18:48:15.264710 India: Golf, sending you 3
2024-10-14 18:48:15.267121 X-ray: Quebec, sending you 4
2024-10-14 18:48:15.268904 Golf: X-ray, sending you 1
2024-10-14 18:48:15.269994 Quebec: X-ray, sending you 4
2024-10-14 18:48:15.271701 X-ray: India and Mike, sending you 3
2024-10-14 18:48:15.273108 Golf: Quebec, India, Juliett, Mike and Whiskey, sending you 3
2024-10-14 18:48:15.274110 Quebec: India and Mike, sending you 2
2024-10-14 18:48:15.275473 Juliett: X-ray, Mike and Whiskey, sending you 2
2024-10-14 18:48:15.276203 Whiskey: X-ray, Juliett and Mike, sending you 2
2024-10-14 18:48:15.277678 Mike: X-ray, Quebec, India, Juliett and Whiskey, sending you 2
2024-10-14 18:48:15.278433 Oscar: Sending you each 8
2024-10-14 18:48:15.279443 Victor: Same as last round
2024-10-14 18:48:15.279787 X-ray: Juliett, Golf and Whiskey, sending you 2
2024-10-14 18:48:15.280701 Quebec: Juliett, sending you 1
2024-10-14 18:48:15.282132 Juliett: Quebec, sending you 1
2024-10-14 18:48:15.283021 Whiskey: Quebec and India, sending you 3
2024-10-14 18:48:15.284465 Mike: Golf, sending you 3
2024-10-14 18:48:15.286208 Quebec: Golf and Whiskey, sending you 3
2024-10-14 18:48:15.287692 Juliett: India, sending you 3
2024-10-14 18:48:15.289687 Whiskey: Golf, sending you 4
2024-10-14 18:48:15.292693 Juliett: Golf, sending you 4
chatterbot Victor submitting transactions
chatterbot Juliett submitting transactions
chatterbot Whiskey submitting transactions
chatterbot Victor submitting transactions
chatterbot Mike submitting transactions
chatterbot India submitting transactions
chatterbot X-ray submitting transactions
chatterbot Golf submitting transactions
chatterbot Quebec submitting transactions
chatterbot Zulu submitting transactions
chatterbot Oscar submitting transactions
ChatterBot X-ray round 5
ChatterBot Zulu round 5
ChatterBot Quebec round 5
ChatterBot India round 5
ChatterBot Victor round 5
ChatterBot Juliett round 5
ChatterBot Mike round 5
ChatterBot Oscar round 5
ChatterBot Golf round 5
ChatterBot Whiskey round 5
2024-10-14 18:48:16.471675 X-ray: Quebec and Mike, sending you 3
2024-10-14 18:48:16.476900 X-ray: India, sending you 4
2024-10-14 18:48:16.478684 Mike: X-ray, Quebec, India, Juliett and Whiskey, sending you 2
2024-10-14 18:48:16.480716 Golf: X-ray, sending you 1
2024-10-14 18:48:16.482687 X-ray: Juliett, Golf and Whiskey, sending you 2
2024-10-14 18:48:16.483773 India: X-ray, sending you 4
2024-10-14 18:48:16.485086 Mike: Golf, sending you 3
2024-10-14 18:48:16.486547 Zulu: Victor, sending you 7
2024-10-14 18:48:16.486940 Juliett: X-ray, Mike and Whiskey, sending you 2
2024-10-14 18:48:16.488010 Victor: Same as last round
2024-10-14 18:48:16.488415 Whiskey: X-ray, Juliett and Mike, sending you 2
2024-10-14 18:48:16.489902 Quebec: X-ray, sending you 4
2024-10-14 18:48:16.490892 Golf: Quebec, India, Juliett, Mike and Whiskey, sending you 3
2024-10-14 18:48:16.492796 India: Quebec, Juliett, Mike and Whiskey, sending you 2
2024-10-14 18:48:16.493802 Zulu: Oscar, sending you 9
2024-10-14 18:48:16.494179 Juliett: Quebec, sending you 1
2024-10-14 18:48:16.495632 Whiskey: Quebec and India, sending you 3
2024-10-14 18:48:16.496640 Quebec: India and Mike, sending you 2
2024-10-14 18:48:16.497992 India: Golf, sending you 3
2024-10-14 18:48:16.498884 Oscar: Same as last round
2024-10-14 18:48:16.499236 Whiskey: Golf, sending you 4
2024-10-14 18:48:16.500587 Juliett: India, sending you 3
2024-10-14 18:48:16.501469 Quebec: Juliett, sending you 1
2024-10-14 18:48:16.504975 Juliett: Golf, sending you 4
2024-10-14 18:48:16.506673 Quebec: Golf and Whiskey, sending you 3
chatterbot X-ray submitting transactions
chatterbot Quebec submitting transactions
chatterbot Mike submitting transactions
chatterbot Juliett submitting transactions
chatterbot Victor submitting transactions
chatterbot Oscar submitting transactions
chatterbot Zulu submitting transactions
chatterbot Golf submitting transactions
chatterbot Whiskey submitting transactions
chatterbot India submitting transactions
ChatterBot X-ray round 6
ChatterBot Zulu round 6
ChatterBot Quebec round 6
ChatterBot India round 6
ChatterBot Victor round 6
ChatterBot Juliett round 6
ChatterBot Mike round 6
ChatterBot Oscar round 6
ChatterBot Golf round 6
ChatterBot Whiskey round 6
2024-10-14 18:48:17.749697 Zulu: Victor, sending you 7
2024-10-14 18:48:17.751701 Quebec: X-ray, sending you 4
2024-10-14 18:48:17.754891 Victor: Zulu, sending you 2
2024-10-14 18:48:17.755576 Zulu: Oscar, sending you 9
2024-10-14 18:48:17.757668 Quebec: India and Mike, sending you 2
2024-10-14 18:48:17.759657 Victor: Oscar, sending you 3
2024-10-14 18:48:17.761685 X-ray: Quebec and Mike, sending you 3
2024-10-14 18:48:17.763884 Quebec: Juliett, sending you 1
2024-10-14 18:48:17.766384 Golf: X-ray, sending you 1
2024-10-14 18:48:17.769709 X-ray: India, sending you 4
2024-10-14 18:48:17.772818 Oscar: Zulu, sending you 9
2024-10-14 18:48:17.773769 Juliett: X-ray, Mike and Whiskey, sending you 2
2024-10-14 18:48:17.777010 Mike: X-ray, Quebec, India, Juliett and Whiskey, sending you 2
2024-10-14 18:48:17.778834 Quebec: Golf and Whiskey, sending you 3
2024-10-14 18:48:17.780621 India: X-ray, sending you 4
2024-10-14 18:48:17.781345 Golf: Quebec, India, Juliett, Mike and Whiskey, sending you 3
2024-10-14 18:48:17.782877 X-ray: Juliett, Golf and Whiskey, sending you 2
2024-10-14 18:48:17.784512 Oscar: Victor, sending you 7
2024-10-14 18:48:17.784869 Juliett: Quebec, sending you 1
2024-10-14 18:48:17.786276 Mike: Golf, sending you 3
2024-10-14 18:48:17.787629 India: Quebec, Juliett, Mike and Whiskey, sending you 2
2024-10-14 18:48:17.789374 Whiskey: X-ray, Juliett and Mike, sending you 2
2024-10-14 18:48:17.791184 Juliett: India, sending you 3
2024-10-14 18:48:17.792736 India: Golf, sending you 3
2024-10-14 18:48:17.794757 Whiskey: Quebec and India, sending you 3
2024-10-14 18:48:17.796852 Juliett: Golf, sending you 4
2024-10-14 18:48:17.801287 Whiskey: Golf, sending you 4
chatterbot X-ray submitting transactions
chatterbot Mike submitting transactions
chatterbot Victor submitting transactions
chatterbot Oscar submitting transactions
chatterbot Whiskey submitting transactions
chatterbot Golf submitting transactions
chatterbot Juliett submitting transactions
chatterbot Quebec submitting transactions
chatterbot Zulu submitting transactions
chatterbot India submitting transactions
ChatterBot X-ray round 7
ChatterBot Zulu round 7
ChatterBot Quebec round 7
ChatterBot India round 7
ChatterBot Victor round 7
ChatterBot Juliett round 7
ChatterBot Mike round 7
ChatterBot Oscar round 7
ChatterBot Golf round 7
ChatterBot Whiskey round 7
2024-10-14 18:48:18.980662 Mike: X-ray, Quebec, India, Juliett and Whiskey, sending you 2
2024-10-14 18:48:18.982067 Zulu: Victor, sending you 7
2024-10-14 18:48:18.984652 Mike: Golf, sending you 3
2024-10-14 18:48:18.985665 Quebec: X-ray, sending you 4
2024-10-14 18:48:18.986694 Zulu: Oscar, sending you 9
2024-10-14 18:48:18.988664 Juliett: X-ray, Mike and Whiskey, sending you 2
2024-10-14 18:48:18.992015 Quebec: India and Mike, sending you 2
2024-10-14 18:48:18.993364 Whiskey: X-ray, Juliett and Mike, sending you 2
2024-10-14 18:48:18.994218 Juliett: Quebec, sending you 1
2024-10-14 18:48:18.995150 India: X-ray, sending you 4
2024-10-14 18:48:18.996848 Quebec: Juliett, sending you 1
2024-10-14 18:48:18.997787 Golf: X-ray, sending you 1
2024-10-14 18:48:18.998666 Whiskey: Quebec and India, sending you 3
2024-10-14 18:48:18.999560 Juliett: India, sending you 3
2024-10-14 18:48:19.001784 X-ray: Quebec and India, sending you 4
2024-10-14 18:48:19.003036 Victor: Zulu, sending you 2
2024-10-14 18:48:19.003313 India: Quebec, Juliett, Mike and Whiskey, sending you 2
2024-10-14 18:48:19.004060 Golf: Quebec, India, Juliett, Mike and Whiskey, sending you 3
2024-10-14 18:48:19.004879 Quebec: Golf and Whiskey, sending you 3
2024-10-14 18:48:19.005710 Whiskey: Golf, sending you 4
2024-10-14 18:48:19.006632 Oscar: Zulu, sending you 9
2024-10-14 18:48:19.008294 Juliett: Golf, sending you 4
2024-10-14 18:48:19.009428 X-ray: Juliett, Mike, Golf and Whiskey, sending you 2
2024-10-14 18:48:19.010187 India: Golf, sending you 3
2024-10-14 18:48:19.011078 Victor: Oscar, sending you 3
2024-10-14 18:48:19.012236 Oscar: Victor, sending you 7
chatterbot X-ray submitting transactions
chatterbot Victor submitting transactions
chatterbot Quebec submitting transactions
chatterbot Oscar submitting transactions
chatterbot Golf submitting transactions
chatterbot Zulu submitting transactions
chatterbot Juliett submitting transactions
chatterbot India submitting transactions
chatterbot Mike submitting transactions
chatterbot Whiskey submitting transactions
ChatterBot X-ray round 8
ChatterBot Zulu round 8
ChatterBot Quebec round 8
ChatterBot India round 8
ChatterBot Victor round 8
ChatterBot Juliett round 8
ChatterBot Mike round 8
ChatterBot Oscar round 8
ChatterBot Golf round 8
ChatterBot Whiskey round 8
2024-10-14 18:48:20.052665 India: X-ray, sending you 4
2024-10-14 18:48:20.054765 X-ray: Quebec and India, sending you 4
2024-10-14 18:48:20.058684 India: Quebec, Juliett, Mike and Whiskey, sending you 2
2024-10-14 18:48:20.060977 X-ray: Juliett, Mike, Golf and Whiskey, sending you 2
2024-10-14 18:48:20.062699 Victor: Sending you each 2
2024-10-14 18:48:20.064697 India: Golf, sending you 3
2024-10-14 18:48:20.065836 Quebec: X-ray, sending you 4
2024-10-14 18:48:20.066969 Oscar: Zulu, sending you 9
2024-10-14 18:48:20.069658 Oscar: Victor, sending you 7
2024-10-14 18:48:20.071789 Quebec: India and Mike, sending you 2
2024-10-14 18:48:20.072701 Whiskey: X-ray, Juliett and Mike, sending you 2
2024-10-14 18:48:20.073689 Mike: X-ray, Quebec, India, Juliett and Whiskey, sending you 2
2024-10-14 18:48:20.075160 Zulu: Victor, sending you 7
2024-10-14 18:48:20.075454 Juliett: X-ray, Mike and Whiskey, sending you 2
2024-10-14 18:48:20.076463 Whiskey: Quebec and India, sending you 3
2024-10-14 18:48:20.077439 Mike: Golf, sending you 3
2024-10-14 18:48:20.079227 Quebec: Juliett, sending you 1
2024-10-14 18:48:20.080451 Golf: X-ray, sending you 1
2024-10-14 18:48:20.081692 Zulu: Oscar, sending you 9
2024-10-14 18:48:20.082419 Juliett: Quebec, sending you 1
2024-10-14 18:48:20.083929 Whiskey: Golf, sending you 4
2024-10-14 18:48:20.085537 Quebec: Golf and Whiskey, sending you 3
2024-10-14 18:48:20.087289 Golf: Quebec, India, Juliett, Mike and Whiskey, sending you 3
2024-10-14 18:48:20.088509 Juliett: India, sending you 3
2024-10-14 18:48:20.092660 Juliett: Golf, sending you 4
chatterbot Mike submitting transactions
chatterbot Whiskey submitting transactions
chatterbot Juliett submitting transactions
chatterbot Victor submitting transactions
chatterbot Golf submitting transactions
chatterbot India submitting transactions
chatterbot Zulu submitting transactions
chatterbot X-ray submitting transactions
chatterbot Quebec submitting transactions
chatterbot Oscar submitting transactions
ChatterBot X-ray round 9
ChatterBot Zulu round 9
ChatterBot Quebec round 9
ChatterBot India round 9
ChatterBot Victor round 9
ChatterBot Juliett round 9
ChatterBot Mike round 9
ChatterBot Oscar round 9
ChatterBot Golf round 9
ChatterBot Whiskey round 9
2024-10-14 18:48:21.323668 X-ray: Quebec and India, sending you 4
2024-10-14 18:48:21.325999 Quebec: X-ray, sending you 4
2024-10-14 18:48:21.327345 India: X-ray, sending you 4
2024-10-14 18:48:21.329296 Victor: Same as last round
2024-10-14 18:48:21.329859 Zulu: Victor, sending you 7
2024-10-14 18:48:21.330379 X-ray: Juliett, Mike, Golf and Whiskey, sending you 2
2024-10-14 18:48:21.332588 Quebec: India and Mike, sending you 2
2024-10-14 18:48:21.334394 India: Quebec, Juliett, Mike and Whiskey, sending you 2
2024-10-14 18:48:21.335361 Mike: X-ray, Quebec, India, Juliett and Whiskey, sending you 2
2024-10-14 18:48:21.336475 Zulu: Oscar, sending you 9
2024-10-14 18:48:21.336888 Oscar: Zulu, sending you 9
2024-10-14 18:48:21.338013 Quebec: Juliett, sending you 1
2024-10-14 18:48:21.339163 India: Golf, sending you 3
2024-10-14 18:48:21.340565 Mike: Golf, sending you 3
2024-10-14 18:48:21.343059 Golf: X-ray, sending you 1
2024-10-14 18:48:21.344295 Oscar: Victor, sending you 7
2024-10-14 18:48:21.345337 Juliett: X-ray, Mike and Whiskey, sending you 2
2024-10-14 18:48:21.346468 Quebec: Golf and Whiskey, sending you 3
2024-10-14 18:48:21.347655 Whiskey: X-ray, Juliett and Mike, sending you 2
2024-10-14 18:48:21.349303 Golf: Quebec, India, Juliett, Mike and Whiskey, sending you 3
2024-10-14 18:48:21.350675 Juliett: Quebec, sending you 1
2024-10-14 18:48:21.353661 Whiskey: Quebec and India, sending you 3
2024-10-14 18:48:21.356753 Juliett: India, sending you 3
2024-10-14 18:48:21.358973 Whiskey: Golf, sending you 4
2024-10-14 18:48:21.362455 Juliett: Golf, sending you 4
chatterbot Whiskey submitting transactions
chatterbot Juliett submitting transactions
chatterbot X-ray submitting transactions
chatterbot Victor submitting transactions
chatterbot Oscar submitting transactions
chatterbot India submitting transactions
chatterbot Quebec submitting transactions
chatterbot Mike submitting transactions
chatterbot Golf submitting transactions
chatterbot Zulu submitting transactions
ChatterBot X-ray round 10
ChatterBot Zulu round 10
ChatterBot Quebec round 10
ChatterBot India round 10
ChatterBot Victor round 10
ChatterBot Juliett round 10
ChatterBot Mike round 10
ChatterBot Oscar round 10
ChatterBot Golf round 10
ChatterBot Whiskey round 10
2024-10-14 18:48:22.603679 Victor: Same as last round
2024-10-14 18:48:22.609670 Golf: X-ray, sending you 1
2024-10-14 18:48:22.611610 Zulu: Victor, sending you 7
2024-10-14 18:48:22.612060 X-ray: Quebec, sending you 3
2024-10-14 18:48:22.613675 India: X-ray, sending you 4
2024-10-14 18:48:22.615184 Golf: Quebec, India, Juliett, Mike and Whiskey, sending you 3
2024-10-14 18:48:22.616191 Quebec: X-ray, sending you 4
2024-10-14 18:48:22.617135 Mike: X-ray, Quebec, India, Juliett and Whiskey, sending you 2
2024-10-14 18:48:22.618594 Zulu: Oscar, sending you 9
2024-10-14 18:48:22.618913 X-ray: India, sending you 5
2024-10-14 18:48:22.619830 Juliett: X-ray, Mike and Whiskey, sending you 2
2024-10-14 18:48:22.620807 India: Quebec, Juliett, Mike and Whiskey, sending you 2
2024-10-14 18:48:22.622317 Oscar: Zulu, sending you 9
2024-10-14 18:48:22.622689 Quebec: India and Mike, sending you 2
2024-10-14 18:48:22.623742 Mike: Golf, sending you 3
2024-10-14 18:48:22.624766 X-ray: Juliett, Mike, Golf and Whiskey, sending you 2
2024-10-14 18:48:22.625818 Juliett: Quebec, sending you 1
2024-10-14 18:48:22.627737 India: Golf, sending you 3
2024-10-14 18:48:22.628732 Oscar: Victor, sending you 7
2024-10-14 18:48:22.629066 Whiskey: X-ray, Juliett and Mike, sending you 2
2024-10-14 18:48:22.630069 Quebec: Juliett, sending you 1
2024-10-14 18:48:22.631817 Juliett: India, sending you 3
2024-10-14 18:48:22.633688 Whiskey: Quebec and India, sending you 3
2024-10-14 18:48:22.635878 Quebec: Golf and Whiskey, sending you 3
2024-10-14 18:48:22.637702 Juliett: Golf, sending you 4
2024-10-14 18:48:22.639200 Whiskey: Golf, sending you 4
chatterbot X-ray submitting transactions
chatterbot India submitting transactions
chatterbot Quebec submitting transactions
chatterbot Golf submitting transactions
chatterbot Juliett submitting transactions
chatterbot Whiskey submitting transactions
chatterbot Zulu submitting transactions
chatterbot Mike submitting transactions
chatterbot Victor submitting transactions
chatterbot Oscar submitting transactions
ChatterBot X-ray round 11
ChatterBot Zulu round 11
ChatterBot Quebec round 11
ChatterBot India round 11
ChatterBot Victor round 11
ChatterBot Juliett round 11
ChatterBot Mike round 11
ChatterBot Oscar round 11
ChatterBot Golf round 11
ChatterBot Whiskey round 11
2024-10-14 18:48:23.882649 Quebec: X-ray, sending you 4
2024-10-14 18:48:23.883829 Juliett: X-ray, Mike and Whiskey, sending you 2
2024-10-14 18:48:23.885227 Zulu: Victor, sending you 7
2024-10-14 18:48:23.885515 Victor: Same as last round
2024-10-14 18:48:23.886939 Quebec: India and Mike, sending you 2
