ChatterBot Zulu round 1
ChatterBot Alpha round 1
ChatterBot Yankee round 1
ChatterBot Foxtrot round 1
ChatterBot November round 1
ChatterBot Oscar round 1
ChatterBot Bravo round 1
ChatterBot India round 1
ChatterBot Sierra round 1
ChatterBot Mike round 1
randomSelections Zulu: {Zulu, Mike, Oscar, November, Bravo, Sierra} 
2024-10-14 18:48:08.738583 Zulu: Group up?
ChatterBot Mike reevaluating
ChatterBot Oscar reevaluating
ChatterBot November reevaluating
ChatterBot Bravo reevaluating
ChatterBot Sierra reevaluating
2024-10-14 18:48:08.772715 Mike: Yes
2024-10-14 18:48:08.772973 Oscar: Yes
2024-10-14 18:48:08.773183 November: Yes
2024-10-14 18:48:08.773374 Bravo: Yes
2024-10-14 18:48:08.773577 Sierra: Yes
ChatterBot Oscar reevaluating
ChatterBot November reevaluating
ChatterBot Bravo reevaluating
ChatterBot Sierra reevaluating
ChatterBot Mike reevaluating
ChatterBot November reevaluating
ChatterBot Bravo reevaluating
ChatterBot Sierra reevaluating
ChatterBot Mike reevaluating
ChatterBot Oscar reevaluating
ChatterBot Bravo reevaluating
ChatterBot Sierra reevaluating
ChatterBot Mike reevaluating
ChatterBot Oscar reevaluating
ChatterBot November reevaluating
ChatterBot Sierra reevaluating
ChatterBot Mike reevaluating
ChatterBot Oscar reevaluating
ChatterBot November reevaluating
ChatterBot Bravo reevaluating
randomSelections Alpha: {Alpha, Bravo, Foxtrot, Zulu, Sierra, Oscar, Mike} 
2024-10-14 18:48:08.927953 Alpha: Group up?
ChatterBot Bravo reevaluating
ChatterBot Foxtrot reevaluating
ChatterBot Sierra reevaluating
ChatterBot Oscar reevaluating
ChatterBot Mike reevaluating
2024-10-14 18:48:08.942322 Bravo: No
2024-10-14 18:48:08.942586 Foxtrot: Yes
2024-10-14 18:48:08.943211 Zulu: No
2024-10-14 18:48:08.943467 Sierra: No
2024-10-14 18:48:08.943818 Oscar: No
2024-10-14 18:48:08.944522 Mike: No
ChatterBot Foxtrot reevaluating
ChatterBot Sierra reevaluating
ChatterBot Oscar reevaluating
ChatterBot Mike reevaluating
ChatterBot Bravo reevaluating
ChatterBot Sierra reevaluating
ChatterBot Oscar reevaluating
ChatterBot Mike reevaluating
ChatterBot Bravo reevaluating
ChatterBot Foxtrot reevaluating
ChatterBot Sierra reevaluating
ChatterBot Oscar reevaluating
ChatterBot Mike reevaluating
ChatterBot Bravo reevaluating
ChatterBot Foxtrot reevaluating
ChatterBot Oscar reevaluating
ChatterBot Mike reevaluating
ChatterBot Bravo reevaluating
ChatterBot Foxtrot reevaluating
ChatterBot Sierra reevaluating
ChatterBot Mike reevaluating
ChatterBot Bravo reevaluating
ChatterBot Foxtrot reevaluating
ChatterBot Sierra reevaluating
ChatterBot Oscar reevaluating
randomSelections Yankee: {Yankee, Oscar, Alpha, November, India, Bravo} 
2024-10-14 18:48:09.046195 Yankee: We would work well together
ChatterBot Oscar reevaluating
ChatterBot November reevaluating
ChatterBot India reevaluating
ChatterBot Bravo reevaluating
2024-10-14 18:48:09.059746 Oscar: No
2024-10-14 18:48:09.060225 Alpha: No
2024-10-14 18:48:09.060572 November: No
2024-10-14 18:48:09.061115 India: Yes
2024-10-14 18:48:09.062090 Bravo: No
ChatterBot November reevaluating
ChatterBot India reevaluating
ChatterBot Bravo reevaluating
ChatterBot Oscar reevaluating
ChatterBot November reevaluating
ChatterBot India reevaluating
ChatterBot Bravo reevaluating
ChatterBot Oscar reevaluating
ChatterBot India reevaluating
ChatterBot Bravo reevaluating
ChatterBot Oscar reevaluating
ChatterBot November reevaluating
ChatterBot Bravo reevaluating
ChatterBot Oscar reevaluating
ChatterBot November reevaluating
ChatterBot India reevaluating
2024-10-14 18:48:09.221232 November: Zulu, sending you 3
2024-10-14 18:48:09.223042 Alpha: Zulu and Sierra, sending you 3
2024-10-14 18:48:09.231765 Sierra: November, sending you 1
2024-10-14 18:48:09.233346 Bravo: Zulu, sending you 1
2024-10-14 18:48:09.234061 India: Alpha, sending you 1
2024-10-14 18:48:09.235012 Foxtrot: Zulu, sending you 2
2024-10-14 18:48:09.236386 Zulu: Oscar, Sierra and Mike, sending you 2
2024-10-14 18:48:09.236981 Oscar: Zulu, sending you 1
2024-10-14 18:48:09.238253 Yankee: Oscar, sending you 2
2024-10-14 18:48:09.238669 November: Oscar, sending you 4
2024-10-14 18:48:09.239097 Alpha: Foxtrot, Oscar and Mike, sending you 1
2024-10-14 18:48:09.240025 Sierra: Oscar, sending you 2
2024-10-14 18:48:09.240413 Bravo: November, sending you 6
2024-10-14 18:48:09.240804 India: Yankee and Oscar, sending you 3
2024-10-14 18:48:09.241889 Foxtrot: Alpha, sending you 1
2024-10-14 18:48:09.242279 Oscar: November and Bravo, sending you 2
2024-10-14 18:48:09.242762 Zulu: Bravo, sending you 5
2024-10-14 18:48:09.243843 Yankee: Bravo, sending you 1
2024-10-14 18:48:09.244464 November: Bravo, sending you 2
2024-10-14 18:48:09.245772 Sierra: Bravo and Mike, sending you 4
2024-10-14 18:48:09.246247 Mike: Oscar, sending you 2
2024-10-14 18:48:09.247229 India: November and Bravo, sending you 4
2024-10-14 18:48:09.247727 Foxtrot: Bravo and Sierra, sending you 4
2024-10-14 18:48:09.248249 Bravo: Oscar and Sierra, sending you 3
2024-10-14 18:48:09.249298 Oscar: Sierra, sending you 4
2024-10-14 18:48:09.249628 Yankee: India, sending you 3
2024-10-14 18:48:09.250080 November: Sierra, sending you 6
2024-10-14 18:48:09.251069 Mike: Bravo, sending you 1
2024-10-14 18:48:09.251660 Foxtrot: Mike, sending you 3
2024-10-14 18:48:09.252807 Bravo: Mike, sending you 2
2024-10-14 18:48:09.253386 Oscar: Mike, sending you 5
2024-10-14 18:48:09.256925 November: Mike, sending you 1
2024-10-14 18:48:09.257894 Mike: Sierra, sending you 3
chatterbot Mike submitting transactions
chatterbot Sierra submitting transactions
chatterbot India submitting transactions
chatterbot Bravo submitting transactions
chatterbot Yankee submitting transactions
chatterbot November submitting transactions
chatterbot Alpha submitting transactions
chatterbot Foxtrot submitting transactions
chatterbot Zulu submitting transactions
chatterbot Oscar submitting transactions
ChatterBot Zulu round 2
ChatterBot Alpha round 2
ChatterBot Yankee round 2
ChatterBot Foxtrot round 2
ChatterBot November round 2
ChatterBot Oscar round 2
ChatterBot Bravo round 2
ChatterBot India round 2
ChatterBot Sierra round 2
2024-10-14 18:48:10.324504 Bravo: We should add Foxtrot
ChatterBot Zulu reevaluating
ChatterBot Mike reevaluating
ChatterBot Oscar reevaluating
ChatterBot November reevaluating
ChatterBot Sierra reevaluating
2024-10-14 18:48:10.372011 Zulu: Yes
2024-10-14 18:48:10.372299 Mike: No
2024-10-14 18:48:10.372998 Oscar: No
2024-10-14 18:48:10.373331 November: No
2024-10-14 18:48:10.373585 Sierra: Yes
ChatterBot Mike reevaluating
ChatterBot Oscar reevaluating
ChatterBot November reevaluating
ChatterBot Sierra reevaluating
ChatterBot Zulu reevaluating
ChatterBot Oscar reevaluating
ChatterBot November reevaluating
ChatterBot Sierra reevaluating
ChatterBot Zulu reevaluating
ChatterBot Mike reevaluating
ChatterBot November reevaluating
ChatterBot Sierra reevaluating
ChatterBot Zulu reevaluating
ChatterBot Mike reevaluating
ChatterBot Oscar reevaluating
ChatterBot Sierra reevaluating
ChatterBot Zulu reevaluating
ChatterBot Mike reevaluating
ChatterBot Oscar reevaluating
ChatterBot November reevaluating
2024-10-14 18:48:10.597178 Sierra: We should add Alpha and Foxtrot
ChatterBot Zulu reevaluating
ChatterBot Mike reevaluating
ChatterBot Oscar reevaluating
ChatterBot November reevaluating
2024-10-14 18:48:10.642566 Zulu: Yes
2024-10-14 18:48:10.642783 Mike: No
2024-10-14 18:48:10.642950 Oscar: No
2024-10-14 18:48:10.643105 November: No
2024-10-14 18:48:10.643731 Bravo: No
ChatterBot Mike reevaluating
ChatterBot Oscar reevaluating
ChatterBot November reevaluating
ChatterBot Sierra reevaluating
ChatterBot Zulu reevaluating
ChatterBot Oscar reevaluating
ChatterBot November reevaluating
ChatterBot Sierra reevaluating
ChatterBot Zulu reevaluating
ChatterBot Mike reevaluating
ChatterBot November reevaluating
ChatterBot Sierra reevaluating
ChatterBot Zulu reevaluating
ChatterBot Mike reevaluating
ChatterBot Oscar reevaluating
ChatterBot Sierra reevaluating
ChatterBot Zulu reevaluating
ChatterBot Mike reevaluating
ChatterBot Oscar reevaluating
ChatterBot November reevaluating
ChatterBot Sierra reevaluating
2024-10-14 18:48:10.842603 Alpha: We should group up
ChatterBot Foxtrot reevaluating
ChatterBot Yankee reevaluating
ChatterBot India reevaluating
2024-10-14 18:48:10.856026 Foxtrot: No
2024-10-14 18:48:10.856213 Yankee: No
2024-10-14 18:48:10.856344 India: No
ChatterBot Alpha reevaluating
ChatterBot Yankee reevaluating
ChatterBot India reevaluating
ChatterBot Alpha reevaluating
ChatterBot Foxtrot reevaluating
ChatterBot India reevaluating
ChatterBot Alpha reevaluating
ChatterBot Foxtrot reevaluating
ChatterBot Yankee reevaluating
2024-10-14 18:48:10.890829 Yankee: We should group up
ChatterBot India reevaluating
ChatterBot Alpha reevaluating
2024-10-14 18:48:10.899844 India: Yes
2024-10-14 18:48:10.900017 Alpha: Yes
ChatterBot Yankee reevaluating
ChatterBot Alpha reevaluating
ChatterBot Yankee reevaluating
ChatterBot India reevaluating
ChatterBot Mike round 2
2024-10-14 18:48:10.943405 Bravo: Foxtrot we want you to join our group
ChatterBot Foxtrot reevaluating
2024-10-14 18:48:10.948157 Foxtrot: No
ChatterBot Zulu reevaluating
ChatterBot November reevaluating
ChatterBot Oscar reevaluating
ChatterBot Sierra reevaluating
ChatterBot Mike reevaluating
2024-10-14 18:48:10.971430 Mike: We should add Alpha and Foxtrot
ChatterBot Zulu reevaluating
ChatterBot Oscar reevaluating
ChatterBot November reevaluating
ChatterBot Sierra reevaluating
2024-10-14 18:48:10.990049 Zulu: Yes
2024-10-14 18:48:10.990284 Oscar: No
2024-10-14 18:48:10.990418 November: No
2024-10-14 18:48:10.991139 Bravo: No
2024-10-14 18:48:10.991249 Sierra: Yes
ChatterBot Mike reevaluating
ChatterBot Oscar reevaluating
ChatterBot November reevaluating
ChatterBot Sierra reevaluating
ChatterBot Zulu reevaluating
ChatterBot Mike reevaluating
ChatterBot November reevaluating
ChatterBot Sierra reevaluating
ChatterBot Zulu reevaluating
ChatterBot Mike reevaluating
ChatterBot Oscar reevaluating
ChatterBot Sierra reevaluating
ChatterBot Zulu reevaluating
ChatterBot Mike reevaluating
ChatterBot Oscar reevaluating
ChatterBot November reevaluating
ChatterBot Sierra reevaluating
ChatterBot Zulu reevaluating
ChatterBot Mike reevaluating
ChatterBot Oscar reevaluating
ChatterBot November reevaluating
2024-10-14 18:48:11.158729 Mike: We should add Foxtrot
ChatterBot Zulu reevaluating
2024-10-14 18:48:11.185918 Zulu: Yes
2024-10-14 18:48:11.186489 Oscar: No
2024-10-14 18:48:11.186669 November: No
2024-10-14 18:48:11.186834 Bravo: Yes
2024-10-14 18:48:11.186992 Sierra: Yes
ChatterBot Mike reevaluating
ChatterBot Zulu reevaluating
ChatterBot Mike reevaluating
ChatterBot Zulu reevaluating
ChatterBot Mike reevaluating
ChatterBot Sierra reevaluating
ChatterBot Zulu reevaluating
ChatterBot Mike reevaluating
ChatterBot Sierra reevaluating
ChatterBot Zulu reevaluating
ChatterBot Mike reevaluating
ChatterBot November reevaluating
chatterbot Bravo submitting transactions
2024-10-14 18:48:11.786071 Alpha: Yankee, sending you 5
2024-10-14 18:48:11.786757 Bravo: Zulu, sending you 4
2024-10-14 18:48:11.787203 Yankee: Alpha, sending you 4
2024-10-14 18:48:11.788073 Zulu: Alpha and Foxtrot we want you to join our group
ChatterBot Alpha reevaluating
2024-10-14 18:48:11.796505 Alpha: No
2024-10-14 18:48:11.796659 Foxtrot: No
ChatterBot Mike reevaluating
ChatterBot November reevaluating
ChatterBot Mike reevaluating
ChatterBot Alpha reevaluating
2024-10-14 18:48:11.848481 Foxtrot: Sending you 4
2024-10-14 18:48:11.848831 India: Alpha and Foxtrot, sending you 3
2024-10-14 18:48:11.849735 Sierra: Alpha and Foxtrot we want you to join our group
ChatterBot Alpha reevaluating
2024-10-14 18:48:11.858002 Alpha: No
2024-10-14 18:48:11.858204 Foxtrot: No
ChatterBot November reevaluating
ChatterBot Mike reevaluating
ChatterBot November reevaluating
ChatterBot Mike reevaluating
ChatterBot Alpha reevaluating
chatterbot Foxtrot submitting transactions
chatterbot Yankee submitting transactions
2024-10-14 18:48:11.912856 Bravo: Foxtrot and Sierra, sending you 3
2024-10-14 18:48:11.913832 Yankee: India, sending you 8
chatterbot India submitting transactions
2024-10-14 18:48:11.914289 India: Yankee, sending you 9
chatterbot Alpha submitting transactions
2024-10-14 18:48:11.999792 Oscar: Zulu, Sierra and Mike, sending you 2
2024-10-14 18:48:12.000502 Mike: Foxtrot we want you to join our group
2024-10-14 18:48:12.031769 Foxtrot: No
ChatterBot November reevaluating
ChatterBot Mike reevaluating
2024-10-14 18:48:12.071032 Bravo: November and Oscar, sending you 2
2024-10-14 18:48:12.072348 Oscar: November, sending you 5
2024-10-14 18:48:12.073188 Alpha: Sorry, I'm actually sending you 0
2024-10-14 18:48:12.074175 Alpha: Sorry, I'm actually sending you 0
2024-10-14 18:48:12.171595 Zulu: Alpha and November, sending you 3
2024-10-14 18:48:12.172965 Bravo: Mike, sending you 1
2024-10-14 18:48:12.174295 Sierra: Zulu, Alpha, Foxtrot, Oscar, Bravo and Mike, sending you 2
2024-10-14 18:48:12.175206 Oscar: Bravo, sending you 3
2024-10-14 18:48:12.176854 November: We should drop Mike
2024-10-14 18:48:12.192171 Zulu: No
2024-10-14 18:48:12.192611 Oscar: No
2024-10-14 18:48:12.193740 Bravo: No
2024-10-14 18:48:12.193945 Sierra: No
ChatterBot November reevaluating
ChatterBot November reevaluating
ChatterBot November reevaluating
ChatterBot November reevaluating
2024-10-14 18:48:12.255075 Alpha: Sending you 8
2024-10-14 18:48:12.255495 Zulu: Foxtrot, Oscar, Bravo and Sierra, sending you 2
2024-10-14 18:48:12.256390 Sierra: November, sending you 3
chatterbot Sierra submitting transactions
2024-10-14 18:48:12.288946 Zulu: Mike, sending you 1
2024-10-14 18:48:12.290556 November: We should drop Zulu
ChatterBot Mike reevaluating
2024-10-14 18:48:12.304555 Oscar: No
2024-10-14 18:48:12.304740 Bravo: No
2024-10-14 18:48:12.304895 Sierra: No
2024-10-14 18:48:12.305044 Mike: No
ChatterBot November reevaluating
ChatterBot Mike reevaluating
ChatterBot November reevaluating
ChatterBot Mike reevaluating
ChatterBot November reevaluating
ChatterBot Mike reevaluating
ChatterBot November reevaluating
ChatterBot Oscar reevaluating
2024-10-14 18:48:12.370205 Oscar: Foxtrot we want you to join our group
2024-10-14 18:48:12.377296 Foxtrot: No
ChatterBot November reevaluating
ChatterBot Oscar reevaluating
ChatterBot Sierra reevaluating
ChatterBot Mike reevaluating
2024-10-14 18:48:12.505536 Sierra: We should drop Alpha
ChatterBot November reevaluating
ChatterBot Oscar reevaluating
ChatterBot Mike reevaluating
2024-10-14 18:48:12.531093 Bravo: Yes
2024-10-14 18:48:12.531286 Zulu: No
2024-10-14 18:48:12.531440 November: Yes
2024-10-14 18:48:12.531580 Oscar: Yes
2024-10-14 18:48:12.531789 Mike: Yes
2024-10-14 18:48:12.531932 Foxtrot: No
ChatterBot November reevaluating
ChatterBot Oscar reevaluating
ChatterBot Sierra reevaluating
ChatterBot Mike reevaluating
ChatterBot November reevaluating
ChatterBot Oscar reevaluating
ChatterBot Sierra reevaluating
ChatterBot Mike reevaluating
ChatterBot Oscar reevaluating
ChatterBot Sierra reevaluating
ChatterBot Mike reevaluating
ChatterBot November reevaluating
ChatterBot Sierra reevaluating
ChatterBot Mike reevaluating
ChatterBot November reevaluating
ChatterBot Oscar reevaluating
ChatterBot Sierra reevaluating
ChatterBot November reevaluating
ChatterBot Oscar reevaluating
ChatterBot Sierra reevaluating
ChatterBot Mike reevaluating
chatterbot Alpha submitting transactions
chatterbot Oscar submitting transactions
chatterbot Zulu submitting transactions
2024-10-14 18:48:12.852560 Mike: Zulu and Bravo, sending you 2
2024-10-14 18:48:12.853005 November: Oscar, sending you 4
2024-10-14 18:48:12.869642 Mike: Foxtrot and Sierra, sending you 3
2024-10-14 18:48:12.870090 November: Bravo, sending you 7
2024-10-14 18:48:12.913958 Mike: November, sending you 1
2024-10-14 18:48:12.914409 November: Sierra, sending you 3
2024-10-14 18:48:13.019780 Mike: Oscar, sending you 4
2024-10-14 18:48:13.020265 November: Mike, sending you 2
chatterbot Sierra submitting transactions
chatterbot Oscar submitting transactions
chatterbot Mike submitting transactions
chatterbot November submitting transactions
ChatterBot Zulu round 3
ChatterBot Alpha round 3
ChatterBot Yankee round 3
ChatterBot Foxtrot round 3
ChatterBot November round 3
ChatterBot Oscar round 3
2024-10-14 18:48:13.808224 Alpha: We should add Yankee and India
2024-10-14 18:48:13.813241 Foxtrot: No
ChatterBot Bravo round 3
ChatterBot India round 3
ChatterBot Sierra round 3
ChatterBot Mike round 3
2024-10-14 18:48:13.837580 November: We should replace Mike with Zulu
ChatterBot Bravo reevaluating
ChatterBot Sierra reevaluating
2024-10-14 18:48:13.853545 Oscar: No
2024-10-14 18:48:13.854113 Bravo: No
2024-10-14 18:48:13.854280 Sierra: No
ChatterBot Bravo reevaluating
ChatterBot Sierra reevaluating
ChatterBot Sierra reevaluating
ChatterBot Bravo reevaluating
2024-10-14 18:48:13.983996 Alpha: Yankee and India we want you to join our group
ChatterBot Yankee reevaluating
ChatterBot India reevaluating
2024-10-14 18:48:13.994415 Yankee: No
2024-10-14 18:48:13.994715 India: No
ChatterBot India reevaluating
ChatterBot Yankee reevaluating
2024-10-14 18:48:14.031256 November: Zulu we want you to join our group
ChatterBot Zulu reevaluating
2024-10-14 18:48:14.035344 Zulu: Yes
ChatterBot Bravo reevaluating
ChatterBot Sierra reevaluating
2024-10-14 18:48:14.049602 Yankee: We should drop Alpha
ChatterBot India reevaluating
2024-10-14 18:48:14.053117 India: Yes
ChatterBot Yankee reevaluating
2024-10-14 18:48:14.057528 Mike: We should drop Foxtrot
ChatterBot Zulu reevaluating
ChatterBot Sierra reevaluating
2024-10-14 18:48:14.073862 Zulu: Yes
2024-10-14 18:48:14.074082 Oscar: Yes
2024-10-14 18:48:14.074281 November: Yes
2024-10-14 18:48:14.074442 Bravo: Yes
2024-10-14 18:48:14.074592 Sierra: No
ChatterBot Sierra reevaluating
ChatterBot Zulu reevaluating
ChatterBot Sierra reevaluating
ChatterBot Zulu reevaluating
ChatterBot Sierra reevaluating
ChatterBot Zulu reevaluating
ChatterBot Sierra reevaluating
ChatterBot Zulu reevaluating
2024-10-14 18:48:14.158485 Zulu: We should replace Foxtrot with Alpha
ChatterBot Sierra reevaluating
2024-10-14 18:48:14.182965 Mike: No
2024-10-14 18:48:14.183173 Oscar: No
2024-10-14 18:48:14.183340 November: No
2024-10-14 18:48:14.183500 Bravo: No
2024-10-14 18:48:14.183669 Sierra: No
ChatterBot Zulu reevaluating
ChatterBot Sierra reevaluating
ChatterBot Zulu reevaluating
ChatterBot Sierra reevaluating
ChatterBot Zulu reevaluating
ChatterBot Sierra reevaluating
ChatterBot Zulu reevaluating
ChatterBot Sierra reevaluating
ChatterBot Zulu reevaluating
2024-10-14 18:48:14.260013 Oscar: Zulu and Sierra, sending you 2
2024-10-14 18:48:14.260412 Foxtrot: Sending you 3
2024-10-14 18:48:14.263694 Oscar: November, sending you 4
2024-10-14 18:48:14.264159 November: Zulu, sending you 2
2024-10-14 18:48:14.264661 Alpha: Yankee and India, sending you 5
2024-10-14 18:48:14.267675 November: Oscar and Bravo, sending you 5
2024-10-14 18:48:14.269256 Sierra: We should drop Alpha and Foxtrot
ChatterBot Zulu reevaluating
2024-10-14 18:48:14.284057 Zulu: Yes
2024-10-14 18:48:14.284343 Mike: Yes
2024-10-14 18:48:14.284521 Oscar: Yes
2024-10-14 18:48:14.284719 November: Yes
2024-10-14 18:48:14.284892 Bravo: Yes
ChatterBot Zulu reevaluating
ChatterBot Zulu reevaluating
ChatterBot Zulu reevaluating
ChatterBot Zulu reevaluating
2024-10-14 18:48:14.383487 Oscar: Bravo and Mike, sending you 3
2024-10-14 18:48:14.384009 Alpha: Foxtrot, sending you 6
2024-10-14 18:48:14.384287 November: Sierra, sending you 4
2024-10-14 18:48:14.384521 Bravo: Zulu, Oscar and Sierra, sending you 3
2024-10-14 18:48:14.388349 India: Sending you 15
2024-10-14 18:48:14.388609 Bravo: November, sending you 4
2024-10-14 18:48:14.389102 Yankee: Same as last round
2024-10-14 18:48:14.389665 Mike: Zulu, November and Bravo, sending you 2
2024-10-14 18:48:14.392657 Bravo: Mike, sending you 2
2024-10-14 18:48:14.393966 Mike: Oscar, sending you 5
2024-10-14 18:48:14.398680 Sierra: Sending you each 3
2024-10-14 18:48:14.399280 Mike: Sierra, sending you 4
chatterbot India submitting transactions
chatterbot Oscar submitting transactions
chatterbot Alpha submitting transactions
chatterbot Sierra submitting transactions
chatterbot November submitting transactions
chatterbot Zulu submitting transactions
chatterbot Bravo submitting transactions
chatterbot Mike submitting transactions
chatterbot Foxtrot submitting transactions
chatterbot Yankee submitting transactions
ChatterBot Zulu round 4
ChatterBot Alpha round 4
ChatterBot Yankee round 4
ChatterBot Foxtrot round 4
2024-10-14 18:48:15.230514 Yankee: We should add Alpha
ChatterBot India reevaluating
2024-10-14 18:48:15.235984 India: Yes
2024-10-14 18:48:15.241448 India: We should add Alpha and Foxtrot
2024-10-14 18:48:15.244604 Yankee: No
ChatterBot India reevaluating
ChatterBot November round 4
ChatterBot Oscar round 4
ChatterBot Bravo round 4
ChatterBot India round 4
ChatterBot Sierra round 4
ChatterBot Mike round 4
2024-10-14 18:48:15.262290 Alpha: We should drop Yankee and India
2024-10-14 18:48:15.269028 Foxtrot: Yes
2024-10-14 18:48:15.274937 Yankee: Alpha we want you to join our group
ChatterBot Alpha reevaluating
2024-10-14 18:48:15.280944 Alpha: Yes
ChatterBot India reevaluating
2024-10-14 18:48:15.294944 India: We should add Alpha
2024-10-14 18:48:15.300763 Yankee: Yes
ChatterBot India reevaluating
2024-10-14 18:48:15.329703 Zulu: We should drop Foxtrot
2024-10-14 18:48:15.345392 Mike: Yes
2024-10-14 18:48:15.345651 Oscar: Yes
2024-10-14 18:48:15.345818 November: Yes
2024-10-14 18:48:15.346013 Bravo: Yes
2024-10-14 18:48:15.346154 Sierra: Yes
ChatterBot Zulu reevaluating
ChatterBot Zulu reevaluating
ChatterBot Zulu reevaluating
ChatterBot Zulu reevaluating
ChatterBot Zulu reevaluating
2024-10-14 18:48:15.437691 India: Alpha we want you to join our group
ChatterBot Alpha reevaluating
2024-10-14 18:48:15.445691 Alpha: Yes
ChatterBot India reevaluating
2024-10-14 18:48:15.461695 Bravo: Zulu, Oscar and Sierra, sending you 3
2024-10-14 18:48:15.463020 Yankee: Alpha, sending you 5
2024-10-14 18:48:15.464257 Oscar: Zulu and Sierra, sending you 2
2024-10-14 18:48:15.465321 Foxtrot: Same as last round
2024-10-14 18:48:15.465753 November: Zulu, sending you 3
2024-10-14 18:48:15.466820 Sierra: Same as last round
2024-10-14 18:48:15.467655 Bravo: November, sending you 4
2024-10-14 18:48:15.468707 Yankee: India, sending you 7
2024-10-14 18:48:15.469712 Oscar: November, sending you 4
2024-10-14 18:48:15.470719 November: Oscar and Sierra, sending you 4
2024-10-14 18:48:15.471727 Bravo: Mike, sending you 2
2024-10-14 18:48:15.473684 Oscar: Bravo and Mike, sending you 3
2024-10-14 18:48:15.475063 November: Bravo, sending you 5
2024-10-14 18:48:15.478712 Mike: Zulu and Bravo, sending you 3
2024-10-14 18:48:15.483686 Mike: November, sending you 1
2024-10-14 18:48:15.486687 Mike: Oscar and Sierra, sending you 4
2024-10-14 18:48:15.491874 Alpha: Yankee, sending you 5
2024-10-14 18:48:15.493672 India: Alpha, sending you 6
2024-10-14 18:48:15.496711 Alpha: Foxtrot, sending you 7
2024-10-14 18:48:15.497679 India: Yankee, sending you 9
2024-10-14 18:48:15.500702 Alpha: India, sending you 4
chatterbot Alpha submitting transactions
chatterbot India submitting transactions
chatterbot Sierra submitting transactions
chatterbot Yankee submitting transactions
chatterbot Foxtrot submitting transactions
chatterbot Oscar submitting transactions
chatterbot Bravo submitting transactions
chatterbot Mike submitting transactions
chatterbot Zulu submitting transactions
chatterbot November submitting transactions
ChatterBot Zulu round 5
ChatterBot Alpha round 5
ChatterBot Yankee round 5
ChatterBot Foxtrot round 5
ChatterBot November round 5
ChatterBot Oscar round 5
2024-10-14 18:48:16.514451 Foxtrot: We should add Yankee and India
ChatterBot Alpha reevaluating
2024-10-14 18:48:16.518994 Alpha: Yes
ChatterBot Bravo round 5
ChatterBot India round 5
ChatterBot Sierra round 5
ChatterBot Mike round 5
2024-10-14 18:48:16.536202 Foxtrot: Yankee and India we want you to join our group
2024-10-14 18:48:16.540633 Yankee: No
2024-10-14 18:48:16.540781 India: No
ChatterBot Alpha reevaluating
ChatterBot Alpha reevaluating
2024-10-14 18:48:16.572663 Foxtrot: Sending you each 3
2024-10-14 18:48:16.579089 Alpha: Yankee and India, sending you 5
2024-10-14 18:48:16.579723 Oscar: Zulu, sending you 2
2024-10-14 18:48:16.581680 Bravo: Zulu, Oscar and Sierra, sending you 3
2024-10-14 18:48:16.582987 Oscar: November, Bravo, Sierra and Mike, sending you 3
2024-10-14 18:48:16.583741 India: Alpha, sending you 6
2024-10-14 18:48:16.584693 Alpha: Foxtrot, sending you 6
2024-10-14 18:48:16.585659 Bravo: November, sending you 4
2024-10-14 18:48:16.587185 India: Yankee, sending you 9
2024-10-14 18:48:16.587654 Yankee: Alpha, sending you 5
2024-10-14 18:48:16.587983 November: Zulu, sending you 3
2024-10-14 18:48:16.588671 Mike: Zulu and Bravo, sending you 3
2024-10-14 18:48:16.589690 Sierra: Same as last round
2024-10-14 18:48:16.590693 Bravo: Mike, sending you 2
2024-10-14 18:48:16.592027 November: Oscar, sending you 5
2024-10-14 18:48:16.592516 Mike: November, sending you 1
2024-10-14 18:48:16.593420 Yankee: India, sending you 7
2024-10-14 18:48:16.596908 November: Bravo and Sierra, sending you 4
2024-10-14 18:48:16.597357 Mike: Oscar and Sierra, sending you 4
chatterbot Sierra submitting transactions
chatterbot Zulu submitting transactions
chatterbot India submitting transactions
chatterbot Alpha submitting transactions
chatterbot Oscar submitting transactions
chatterbot Bravo submitting transactions
chatterbot November submitting transactions
chatterbot Mike submitting transactions
chatterbot Yankee submitting transactions
chatterbot Foxtrot submitting transactions
ChatterBot Zulu round 6
ChatterBot Alpha round 6
ChatterBot Yankee round 6
ChatterBot Foxtrot round 6
ChatterBot November round 6
ChatterBot Oscar round 6
ChatterBot Bravo round 6
ChatterBot India round 6
ChatterBot Sierra round 6
ChatterBot Mike round 6
2024-10-14 18:48:17.733860 Yankee: We should add Foxtrot
2024-10-14 18:48:17.739889 India: No
2024-10-14 18:48:17.741177 Alpha: Yes
ChatterBot Yankee reevaluating
ChatterBot Yankee reevaluating
ChatterBot India reevaluating
2024-10-14 18:48:17.769774 Zulu: We should drop Foxtrot
2024-10-14 18:48:17.785195 Mike: Yes
2024-10-14 18:48:17.785394 Oscar: Yes
2024-10-14 18:48:17.785524 November: Yes
2024-10-14 18:48:17.786294 Bravo: Yes
2024-10-14 18:48:17.786461 Sierra: Yes
ChatterBot Zulu reevaluating
ChatterBot Zulu reevaluating
ChatterBot Zulu reevaluating
ChatterBot Zulu reevaluating
ChatterBot Zulu reevaluating
2024-10-14 18:48:17.866127 Alpha: Yankee, sending you 6
2024-10-14 18:48:17.868837 Alpha: Foxtrot and India, sending you 5
2024-10-14 18:48:17.871672 India: Foxtrot we want you to join our group
2024-10-14 18:48:17.875465 Foxtrot: Yes
ChatterBot Yankee reevaluating
2024-10-14 18:48:17.886688 Bravo: Zulu, Oscar and Sierra, sending you 3
2024-10-14 18:48:17.887690 November: Zulu, sending you 3
2024-10-14 18:48:17.888536 Foxtrot: Alpha and India, sending you 3
2024-10-14 18:48:17.888900 Oscar: Zulu, sending you 2
2024-10-14 18:48:17.889506 Mike: Zulu and Bravo, sending you 3
2024-10-14 18:48:17.890111 Bravo: November, sending you 4
2024-10-14 18:48:17.890685 Yankee: Foxtrot we want you to join our group
2024-10-14 18:48:17.894127 Foxtrot: Yes
ChatterBot Yankee reevaluating
2024-10-14 18:48:17.903370 Sierra: Same as last round
2024-10-14 18:48:17.904104 November: Oscar and Sierra, sending you 4
2024-10-14 18:48:17.904661 Foxtrot: Yankee, sending you 4
2024-10-14 18:48:17.904957 Oscar: November, Bravo, Sierra and Mike, sending you 3
2024-10-14 18:48:17.906226 Bravo: Mike, sending you 2
2024-10-14 18:48:17.906942 Mike: November, sending you 1
2024-10-14 18:48:17.907670 November: Bravo, sending you 5
2024-10-14 18:48:17.909693 Mike: Oscar and Sierra, sending you 4
2024-10-14 18:48:17.910367 India: Alpha, sending you 5
2024-10-14 18:48:17.914683 India: Yankee, sending you 7
2024-10-14 18:48:17.919683 India: Foxtrot, sending you 3
2024-10-14 18:48:17.927681 Yankee: Alpha, sending you 4
2024-10-14 18:48:17.932693 Yankee: Foxtrot, sending you 3
2024-10-14 18:48:17.937662 Yankee: India, sending you 6
chatterbot Alpha submitting transactions
chatterbot November submitting transactions
chatterbot Sierra submitting transactions
chatterbot Foxtrot submitting transactions
chatterbot Bravo submitting transactions
chatterbot Zulu submitting transactions
chatterbot Oscar submitting transactions
chatterbot India submitting transactions
chatterbot Mike submitting transactions
chatterbot Yankee submitting transactions
ChatterBot Zulu round 7
ChatterBot Alpha round 7
ChatterBot Yankee round 7
ChatterBot Foxtrot round 7
ChatterBot November round 7
ChatterBot Oscar round 7
ChatterBot Bravo round 7
ChatterBot India round 7
ChatterBot Sierra round 7
ChatterBot Mike round 7
2024-10-14 18:48:18.990667 Zulu: We should drop Foxtrot
2024-10-14 18:48:19.003695 Mike: Yes
2024-10-14 18:48:19.003923 Oscar: Yes
2024-10-14 18:48:19.004083 November: Yes
2024-10-14 18:48:19.004271 Bravo: Yes
2024-10-14 18:48:19.004397 Sierra: Yes
ChatterBot Zulu reevaluating
ChatterBot Zulu reevaluating
ChatterBot Zulu reevaluating
ChatterBot Zulu reevaluating
ChatterBot Zulu reevaluating
2024-10-14 18:48:19.081680 Alpha: Yankee, sending you 6
2024-10-14 18:48:19.084694 India: Alpha, sending you 5
2024-10-14 18:48:19.085288 Foxtrot: Alpha and India, sending you 3
2024-10-14 18:48:19.085753 Alpha: Foxtrot and India, sending you 5
2024-10-14 18:48:19.087111 Yankee: Alpha, sending you 4
2024-10-14 18:48:19.087596 Bravo: Zulu, Oscar and Sierra, sending you 3
2024-10-14 18:48:19.089679 India: Yankee, sending you 7
2024-10-14 18:48:19.090153 Yankee: Foxtrot, sending you 3
2024-10-14 18:48:19.090677 Foxtrot: Yankee, sending you 4
2024-10-14 18:48:19.091733 November: Sending you each 4
2024-10-14 18:48:19.092717 Bravo: November, sending you 4
2024-10-14 18:48:19.097063 India: Foxtrot, sending you 3
2024-10-14 18:48:19.098400 Yankee: India, sending you 6
2024-10-14 18:48:19.099204 Oscar: Zulu, sending you 2
2024-10-14 18:48:19.100921 Bravo: Mike, sending you 2
2024-10-14 18:48:19.103751 Sierra: Same as last round
2024-10-14 18:48:19.105753 Oscar: November, Bravo, Sierra and Mike, sending you 3
2024-10-14 18:48:19.106939 Mike: Zulu and Bravo, sending you 3
2024-10-14 18:48:19.112524 Mike: November, sending you 1
2024-10-14 18:48:19.116680 Mike: Oscar and Sierra, sending you 4
chatterbot Mike submitting transactions
chatterbot India submitting transactions
chatterbot Foxtrot submitting transactions
chatterbot Oscar submitting transactions
chatterbot Alpha submitting transactions
chatterbot Zulu submitting transactions
chatterbot November submitting transactions
chatterbot Sierra submitting transactions
chatterbot Yankee submitting transactions
chatterbot Bravo submitting transactions
ChatterBot Zulu round 8
ChatterBot Alpha round 8
ChatterBot Yankee round 8
ChatterBot Foxtrot round 8
ChatterBot November round 8
ChatterBot Oscar round 8
ChatterBot Bravo round 8
ChatterBot India round 8
ChatterBot Sierra round 8
ChatterBot Mike round 8
2024-10-14 18:48:20.235003 Zulu: We should drop Foxtrot
2024-10-14 18:48:20.248216 Mike: Yes
2024-10-14 18:48:20.248372 Oscar: Yes
2024-10-14 18:48:20.248498 November: Yes
2024-10-14 18:48:20.248611 Bravo: Yes
2024-10-14 18:48:20.248730 Sierra: Yes
ChatterBot Zulu reevaluating
ChatterBot Zulu reevaluating
ChatterBot Zulu reevaluating
ChatterBot Zulu reevaluating
ChatterBot Zulu reevaluating
2024-10-14 18:48:20.308697 Alpha: Yankee, sending you 6
2024-10-14 18:48:20.311659 Alpha: Foxtrot and India, sending you 5
2024-10-14 18:48:20.315667 November: Same as last round
2024-10-14 18:48:20.316072 Sierra: Same as last round
2024-10-14 18:48:20.318659 India: Alpha, sending you 5
2024-10-14 18:48:20.319668 Foxtrot: Alpha and India, sending you 3
2024-10-14 18:48:20.321667 Mike: Zulu and Bravo, sending you 3
2024-10-14 18:48:20.322684 Bravo: Zulu, Oscar and Sierra, sending you 3
2024-10-14 18:48:20.323936 India: Yankee, sending you 6
2024-10-14 18:48:20.324782 Foxtrot: Yankee, sending you 4
2024-10-14 18:48:20.325254 Yankee: Alpha and Foxtrot, sending you 4
2024-10-14 18:48:20.325731 Mike: November, sending you 1
2024-10-14 18:48:20.326803 Bravo: November, sending you 4
2024-10-14 18:48:20.329656 India: Foxtrot, sending you 4
2024-10-14 18:48:20.329993 Yankee: India, sending you 5
2024-10-14 18:48:20.330306 Mike: Oscar and Sierra, sending you 4
2024-10-14 18:48:20.331695 Oscar: Zulu, sending you 2
2024-10-14 18:48:20.333037 Bravo: Mike, sending you 2
2024-10-14 18:48:20.335813 Oscar: November, Bravo, Sierra and Mike, sending you 3
chatterbot Mike submitting transactions
chatterbot Yankee submitting transactions
chatterbot Alpha submitting transactions
chatterbot Zulu submitting transactions
chatterbot Bravo submitting transactions
chatterbot November submitting transactions
chatterbot Foxtrot submitting transactions
chatterbot India submitting transactions
chatterbot Sierra submitting transactions
chatterbot Oscar submitting transactions
ChatterBot Zulu round 9
ChatterBot Alpha round 9
ChatterBot Yankee round 9
ChatterBot Foxtrot round 9
ChatterBot November round 9
ChatterBot Oscar round 9
ChatterBot Bravo round 9
ChatterBot India round 9
ChatterBot Sierra round 9
ChatterBot Mike round 9
2024-10-14 18:48:21.349952 Zulu: We should drop Foxtrot
2024-10-14 18:48:21.370314 Mike: Yes
2024-10-14 18:48:21.370579 Oscar: Yes
2024-10-14 18:48:21.370812 November: Yes
2024-10-14 18:48:21.371028 Bravo: Yes
2024-10-14 18:48:21.371242 Sierra: Yes
ChatterBot Zulu reevaluating
ChatterBot Zulu reevaluating
ChatterBot Zulu reevaluating
ChatterBot Zulu reevaluating
ChatterBot Zulu reevaluating
2024-10-14 18:48:21.470704 Alpha: Yankee and India, sending you 6
2024-10-14 18:48:21.473078 Yankee: Alpha and Foxtrot, sending you 4
2024-10-14 18:48:21.474701 Alpha: Foxtrot, sending you 4
2024-10-14 18:48:21.476293 Yankee: India, sending you 5
2024-10-14 18:48:21.477748 India: Alpha, sending you 5
2024-10-14 18:48:21.481654 India: Yankee, sending you 6
2024-10-14 18:48:21.487712 India: Foxtrot, sending you 4
2024-10-14 18:48:21.488586 Bravo: Zulu, Oscar and Sierra, sending you 3
2024-10-14 18:48:21.491688 Oscar: Zulu, sending you 2
2024-10-14 18:48:21.493751 November: Same as last round
2024-10-14 18:48:21.495654 Foxtrot: Alpha and India, sending you 3
2024-10-14 18:48:21.496582 Bravo: November, sending you 4
2024-10-14 18:48:21.499098 Oscar: November, Bravo, Sierra and Mike, sending you 3
2024-10-14 18:48:21.501713 Mike: Zulu and Bravo, sending you 3
2024-10-14 18:48:21.503445 Foxtrot: Yankee, sending you 4
2024-10-14 18:48:21.504329 Sierra: Same as last round
2024-10-14 18:48:21.507103 Bravo: Mike, sending you 2
2024-10-14 18:48:21.508440 Mike: November, sending you 1
2024-10-14 18:48:21.515085 Mike: Oscar and Sierra, sending you 4
chatterbot Foxtrot submitting transactions
chatterbot November submitting transactions
chatterbot Mike submitting transactions
chatterbot Sierra submitting transactions
chatterbot India submitting transactions
chatterbot Oscar submitting transactions
chatterbot Yankee submitting transactions
chatterbot Bravo submitting transactions
chatterbot Alpha submitting transactions
chatterbot Zulu submitting transactions
ChatterBot Zulu round 10
ChatterBot Alpha round 10
ChatterBot Yankee round 10
ChatterBot Foxtrot round 10
ChatterBot November round 10
ChatterBot Oscar round 10
ChatterBot Bravo round 10
ChatterBot India round 10
ChatterBot Sierra round 10
ChatterBot Mike round 10
2024-10-14 18:48:22.632333 Zulu: We should drop Foxtrot
2024-10-14 18:48:22.645826 Mike: Yes
2024-10-14 18:48:22.646024 Oscar: Yes
2024-10-14 18:48:22.646604 November: Yes
2024-10-14 18:48:22.646784 Bravo: Yes
2024-10-14 18:48:22.646925 Sierra: Yes
ChatterBot Zulu reevaluating
ChatterBot Zulu reevaluating
ChatterBot Zulu reevaluating
ChatterBot Zulu reevaluating
ChatterBot Zulu reevaluating
ChatterBot November reevaluating
2024-10-14 18:48:22.808403 November: We should replace Oscar with Mike
ChatterBot Zulu reevaluating
2024-10-14 18:48:22.823090 Zulu: No
2024-10-14 18:48:22.823415 Bravo: No
2024-10-14 18:48:22.823794 Sierra: No
ChatterBot November reevaluating
ChatterBot November reevaluating
ChatterBot Zulu reevaluating
ChatterBot November reevaluating
ChatterBot Zulu reevaluating
2024-10-14 18:48:22.876682 Foxtrot: Alpha and India, sending you 3
2024-10-14 18:48:22.879654 Foxtrot: Yankee, sending you 4
2024-10-14 18:48:22.885652 Bravo: Zulu, Oscar and Sierra, sending you 3
2024-10-14 18:48:22.887647 Sierra: Same as last round
2024-10-14 18:48:22.890196 Alpha: Yankee and India, sending you 6
2024-10-14 18:48:22.891078 Mike: Zulu and Bravo, sending you 3
2024-10-14 18:48:22.893635 Bravo: November, sending you 4
2024-10-14 18:48:22.896179 Yankee: Alpha and Foxtrot, sending you 4
2024-10-14 18:48:22.897064 Alpha: Foxtrot, sending you 4
2024-10-14 18:48:22.898316 Mike: November, sending you 1
2024-10-14 18:48:22.901038 Oscar: Zulu, sending you 2
2024-10-14 18:48:22.902965 India: Alpha, sending you 5
2024-10-14 18:48:22.904504 Yankee: India, sending you 5
2024-10-14 18:48:22.905591 November: Same as last round
2024-10-14 18:48:22.907389 Bravo: Mike, sending you 2
2024-10-14 18:48:22.909216 Mike: Oscar and Sierra, sending you 4
2024-10-14 18:48:22.911077 Oscar: November, Bravo, Sierra and Mike, sending you 3
2024-10-14 18:48:22.912275 India: Yankee, sending you 6
2024-10-14 18:48:22.918681 India: Foxtrot, sending you 4
chatterbot Foxtrot submitting transactions
chatterbot Alpha submitting transactions
chatterbot Mike submitting transactions
chatterbot Sierra submitting transactions
chatterbot Oscar submitting transactions
chatterbot Bravo submitting transactions
chatterbot Yankee submitting transactions
chatterbot Zulu submitting transactions
chatterbot India submitting transactions
chatterbot November submitting transactions
ChatterBot Zulu round 11
ChatterBot Alpha round 11
ChatterBot Yankee round 11
ChatterBot Foxtrot round 11
ChatterBot November round 11
ChatterBot Oscar round 11
ChatterBot Bravo round 11
ChatterBot India round 11
ChatterBot Sierra round 11
2024-10-14 18:48:24.091394 November: We should replace Oscar with Mike
ChatterBot Zulu reevaluating
2024-10-14 18:48:24.100841 Zulu: No
2024-10-14 18:48:24.101023 Bravo: No
2024-10-14 18:48:24.101189 Sierra: No
ChatterBot November reevaluating
ChatterBot November reevaluating
ChatterBot Zulu reevaluating
ChatterBot November reevaluating
ChatterBot Zulu reevaluating
ChatterBot Mike round 11
2024-10-14 18:48:24.139521 November: We should replace Sierra with Mike
ChatterBot Zulu reevaluating
2024-10-14 18:48:24.147307 Zulu: No
2024-10-14 18:48:24.147440 Oscar: No
2024-10-14 18:48:24.147548 Bravo: No
ChatterBot November reevaluating
ChatterBot November reevaluating
ChatterBot Zulu reevaluating
ChatterBot November reevaluating
ChatterBot Zulu reevaluating
2024-10-14 18:48:24.170663 Yankee: Alpha and Foxtrot, sending you 4
2024-10-14 18:48:24.171262 Bravo: Zulu, Oscar and Sierra, sending you 3
2024-10-14 18:48:24.172709 Alpha: Yankee and India, sending you 6
2024-10-14 18:48:24.173713 Yankee: India, sending you 5
2024-10-14 18:48:24.174663 Bravo: November, sending you 4
2024-10-14 18:48:24.175702 Alpha: Foxtrot, sending you 4
2024-10-14 18:48:24.178656 Bravo: Mike, sending you 2
2024-10-14 18:48:24.183682 Oscar: Zulu, sending you 2
2024-10-14 18:48:24.185675 Sierra: Same as last round
2024-10-14 18:48:24.186668 India: Alpha, sending you 5
2024-10-14 18:48:24.189442 Oscar: November, Bravo, Sierra and Mike, sending you 3
2024-10-14 18:48:24.190673 India: Yankee, sending you 6
2024-10-14 18:48:24.191109 Foxtrot: Alpha and India, sending you 3
2024-10-14 18:48:24.193702 Mike: Zulu and Bravo, sending you 3
2024-10-14 18:48:24.196004 India: Foxtrot, sending you 4
