ChatterBot Delta round 1
ChatterBot Foxtrot round 1
ChatterBot Victor round 1
ChatterBot Echo round 1
ChatterBot Mike round 1
ChatterBot X-ray round 1
ChatterBot Kilo round 1
ChatterBot Romeo round 1
ChatterBot Charlie round 1
ChatterBot Oscar round 1
randomSelections Echo: {Echo, Oscar} 
2024-10-14 18:48:08.718263 Echo: We would work well together
ChatterBot Oscar reevaluating
2024-10-14 18:48:08.726026 Oscar: Yes
randomSelections Foxtrot: {Foxtrot, Echo, X-ray, Romeo, Charlie, Mike} 
2024-10-14 18:48:08.732824 Foxtrot: Let's form a team
ChatterBot X-ray reevaluating
ChatterBot Romeo reevaluating
ChatterBot Charlie reevaluating
ChatterBot Mike reevaluating
2024-10-14 18:48:08.759772 Echo: No
2024-10-14 18:48:08.760102 X-ray: Yes
2024-10-14 18:48:08.760359 Romeo: Yes
2024-10-14 18:48:08.760562 Charlie: Yes
2024-10-14 18:48:08.760808 Mike: Yes
ChatterBot X-ray reevaluating
ChatterBot Romeo reevaluating
ChatterBot Charlie reevaluating
ChatterBot Mike reevaluating
ChatterBot Romeo reevaluating
ChatterBot Charlie reevaluating
ChatterBot Mike reevaluating
ChatterBot X-ray reevaluating
ChatterBot Charlie reevaluating
ChatterBot Mike reevaluating
ChatterBot X-ray reevaluating
ChatterBot Romeo reevaluating
ChatterBot Mike reevaluating
ChatterBot X-ray reevaluating
ChatterBot Romeo reevaluating
ChatterBot Charlie reevaluating
randomSelections Victor: {Victor, Foxtrot, Romeo, Echo, Kilo, Mike, Oscar} 
2024-10-14 18:48:08.910293 Victor: Can we be friends?
ChatterBot Romeo reevaluating
ChatterBot Kilo reevaluating
ChatterBot Mike reevaluating
ChatterBot Oscar reevaluating
2024-10-14 18:48:08.924066 Foxtrot: No
2024-10-14 18:48:08.924898 Romeo: No
2024-10-14 18:48:08.925193 Echo: No
2024-10-14 18:48:08.925537 Kilo: Yes
2024-10-14 18:48:08.926203 Mike: No
2024-10-14 18:48:08.926468 Oscar: No
ChatterBot Romeo reevaluating
ChatterBot Kilo reevaluating
ChatterBot Mike reevaluating
ChatterBot Oscar reevaluating
ChatterBot Kilo reevaluating
ChatterBot Mike reevaluating
ChatterBot Oscar reevaluating
ChatterBot Romeo reevaluating
ChatterBot Kilo reevaluating
ChatterBot Mike reevaluating
ChatterBot Oscar reevaluating
ChatterBot Romeo reevaluating
ChatterBot Mike reevaluating
ChatterBot Oscar reevaluating
ChatterBot Romeo reevaluating
ChatterBot Kilo reevaluating
ChatterBot Oscar reevaluating
ChatterBot Romeo reevaluating
ChatterBot Kilo reevaluating
ChatterBot Mike reevaluating
randomSelections Delta: {Delta, Kilo, Echo, Victor, Romeo, Oscar, X-ray} 
2024-10-14 18:48:09.005606 Delta: We should group up
ChatterBot Kilo reevaluating
ChatterBot Romeo reevaluating
ChatterBot Oscar reevaluating
ChatterBot X-ray reevaluating
2024-10-14 18:48:09.015492 Kilo: No
2024-10-14 18:48:09.016346 Echo: No
2024-10-14 18:48:09.016629 Victor: No
2024-10-14 18:48:09.016852 Romeo: No
2024-10-14 18:48:09.017021 Oscar: No
2024-10-14 18:48:09.017706 X-ray: No
ChatterBot Romeo reevaluating
ChatterBot Oscar reevaluating
ChatterBot X-ray reevaluating
ChatterBot Kilo reevaluating
ChatterBot Romeo reevaluating
ChatterBot Oscar reevaluating
ChatterBot X-ray reevaluating
ChatterBot Kilo reevaluating
ChatterBot Romeo reevaluating
ChatterBot Oscar reevaluating
ChatterBot X-ray reevaluating
ChatterBot Kilo reevaluating
ChatterBot Oscar reevaluating
ChatterBot X-ray reevaluating
ChatterBot Kilo reevaluating
ChatterBot Romeo reevaluating
ChatterBot X-ray reevaluating
ChatterBot Kilo reevaluating
ChatterBot Romeo reevaluating
ChatterBot Oscar reevaluating
2024-10-14 18:48:09.097323 Mike: Foxtrot, sending you 6
2024-10-14 18:48:09.102333 Delta: Victor and X-ray, sending you 3
2024-10-14 18:48:09.102742 Mike: Echo and X-ray, sending you 2
2024-10-14 18:48:09.103688 Echo: Sending you 2
2024-10-14 18:48:09.105248 Foxtrot: Echo, sending you 4
2024-10-14 18:48:09.105702 Charlie: Foxtrot, sending you 1
2024-10-14 18:48:09.106659 Mike: Romeo, sending you 5
2024-10-14 18:48:09.108486 Delta: Echo, sending you 1
2024-10-14 18:48:09.108895 Victor: Foxtrot, sending you 2
2024-10-14 18:48:09.110969 Kilo: Foxtrot and Echo, sending you 3
2024-10-14 18:48:09.111333 Foxtrot: Mike, sending you 5
2024-10-14 18:48:09.111642 X-ray: Foxtrot, sending you 5
2024-10-14 18:48:09.112819 Charlie: Echo, sending you 3
2024-10-14 18:48:09.113083 Victor: Echo, sending you 6
2024-10-14 18:48:09.113351 Delta: Romeo and Oscar, sending you 4
2024-10-14 18:48:09.116288 Kilo: Victor, sending you 4
2024-10-14 18:48:09.117901 Oscar: Sending you 2
2024-10-14 18:48:09.118275 Foxtrot: X-ray and Romeo, sending you 2
2024-10-14 18:48:09.118825 Victor: Mike, sending you 3
2024-10-14 18:48:09.120103 X-ray: Echo and Mike, sending you 2
2024-10-14 18:48:09.120461 Charlie: Mike, sending you 2
2024-10-14 18:48:09.123997 Kilo: Mike and Oscar, sending you 2
2024-10-14 18:48:09.124353 Foxtrot: Charlie, sending you 1
2024-10-14 18:48:09.129789 Victor: Romeo, sending you 4
2024-10-14 18:48:09.130087 X-ray: Romeo and Charlie, sending you 3
2024-10-14 18:48:09.130372 Charlie: X-ray, sending you 5
2024-10-14 18:48:09.133210 Kilo: Romeo, sending you 1
2024-10-14 18:48:09.133627 Victor: Oscar, sending you 1
2024-10-14 18:48:09.204632 Charlie: Romeo, sending you 4
chatterbot Foxtrot submitting transactions
chatterbot Echo submitting transactions
chatterbot Mike submitting transactions
chatterbot Oscar submitting transactions
chatterbot Victor submitting transactions
chatterbot Delta submitting transactions
chatterbot Romeo submitting transactions
chatterbot X-ray submitting transactions
chatterbot Kilo submitting transactions
chatterbot Charlie submitting transactions
ChatterBot Delta round 2
ChatterBot Foxtrot round 2
ChatterBot Victor round 2
ChatterBot Echo round 2
ChatterBot Mike round 2
ChatterBot X-ray round 2
ChatterBot Kilo round 2
2024-10-14 18:48:10.225760 Foxtrot: Can we be friends?
ChatterBot Mike reevaluating
ChatterBot X-ray reevaluating
ChatterBot Charlie reevaluating
ChatterBot Kilo reevaluating
2024-10-14 18:48:10.320360 Mike: No
2024-10-14 18:48:10.320744 X-ray: No
2024-10-14 18:48:10.321571 Charlie: No
2024-10-14 18:48:10.321941 Kilo: No
ChatterBot X-ray reevaluating
ChatterBot Charlie reevaluating
ChatterBot Kilo reevaluating
ChatterBot Foxtrot reevaluating
ChatterBot Mike reevaluating
ChatterBot Charlie reevaluating
ChatterBot Kilo reevaluating
ChatterBot Foxtrot reevaluating
ChatterBot Mike reevaluating
ChatterBot X-ray reevaluating
ChatterBot Kilo reevaluating
ChatterBot Foxtrot reevaluating
ChatterBot Mike reevaluating
ChatterBot X-ray reevaluating
ChatterBot Charlie reevaluating
2024-10-14 18:48:10.427207 X-ray: Group up?
ChatterBot Foxtrot reevaluating
ChatterBot Mike reevaluating
ChatterBot Charlie reevaluating
ChatterBot Delta reevaluating
2024-10-14 18:48:10.458384 Foxtrot: No
2024-10-14 18:48:10.458688 Mike: No
2024-10-14 18:48:10.459341 Charlie: No
2024-10-14 18:48:10.459597 Delta: Yes
ChatterBot X-ray reevaluating
ChatterBot Mike reevaluating
ChatterBot Charlie reevaluating
ChatterBot Delta reevaluating
ChatterBot X-ray reevaluating
ChatterBot Foxtrot reevaluating
ChatterBot Charlie reevaluating
ChatterBot Delta reevaluating
ChatterBot X-ray reevaluating
ChatterBot Foxtrot reevaluating
ChatterBot Mike reevaluating
ChatterBot Delta reevaluating
ChatterBot X-ray reevaluating
ChatterBot Foxtrot reevaluating
ChatterBot Mike reevaluating
ChatterBot Charlie reevaluating
2024-10-14 18:48:10.568956 Victor: Group up?
ChatterBot Kilo reevaluating
ChatterBot Echo reevaluating
ChatterBot Delta reevaluating
ChatterBot Oscar reevaluating
2024-10-14 18:48:10.597078 Kilo: Yes
2024-10-14 18:48:10.597286 Echo: No
2024-10-14 18:48:10.597462 Delta: No
2024-10-14 18:48:10.597585 Oscar: No
ChatterBot Echo reevaluating
ChatterBot Delta reevaluating
ChatterBot Oscar reevaluating
ChatterBot Kilo reevaluating
ChatterBot Delta reevaluating
ChatterBot Oscar reevaluating
ChatterBot Kilo reevaluating
ChatterBot Echo reevaluating
ChatterBot Oscar reevaluating
ChatterBot Kilo reevaluating
ChatterBot Victor reevaluating
ChatterBot Echo reevaluating
ChatterBot Delta reevaluating
2024-10-14 18:48:10.748882 Echo: Group up?
ChatterBot Delta reevaluating
ChatterBot Victor reevaluating
ChatterBot Kilo reevaluating
2024-10-14 18:48:10.769143 Delta: Yes
2024-10-14 18:48:10.769315 Victor: Yes
2024-10-14 18:48:10.769958 Kilo: Yes
2024-10-14 18:48:10.770080 Echo: Let's form a team
ChatterBot Victor reevaluating
ChatterBot Echo reevaluating
ChatterBot Kilo reevaluating
ChatterBot Foxtrot reevaluating
ChatterBot Mike reevaluating
ChatterBot X-ray reevaluating
ChatterBot Charlie reevaluating
ChatterBot Delta reevaluating
ChatterBot Echo reevaluating
ChatterBot Kilo reevaluating
2024-10-14 18:48:10.835851 Foxtrot: Yes
2024-10-14 18:48:10.836001 Mike: Yes
2024-10-14 18:48:10.836551 X-ray: No
2024-10-14 18:48:10.836673 Charlie: No
ChatterBot Delta reevaluating
ChatterBot Victor reevaluating
ChatterBot Echo reevaluating
ChatterBot Victor reevaluating
ChatterBot Kilo reevaluating
ChatterBot Mike reevaluating
ChatterBot X-ray reevaluating
ChatterBot Charlie reevaluating
2024-10-14 18:48:10.886650 Victor: No
ChatterBot Victor reevaluating
ChatterBot Echo reevaluating
2024-10-14 18:48:10.897376 Kilo: No
ChatterBot Kilo reevaluating
ChatterBot Foxtrot reevaluating
ChatterBot X-ray reevaluating
ChatterBot Charlie reevaluating
ChatterBot Victor reevaluating
ChatterBot Echo reevaluating
ChatterBot Kilo reevaluating
ChatterBot Foxtrot reevaluating
ChatterBot Mike reevaluating
ChatterBot Charlie reevaluating
ChatterBot Victor reevaluating
ChatterBot Echo reevaluating
ChatterBot Kilo reevaluating
ChatterBot Foxtrot reevaluating
ChatterBot Mike reevaluating
ChatterBot X-ray reevaluating
2024-10-14 18:48:10.992442 Mike: Let's form a team
ChatterBot Victor reevaluating
ChatterBot Echo reevaluating
ChatterBot Kilo reevaluating
ChatterBot Foxtrot reevaluating
ChatterBot Mike reevaluating
ChatterBot X-ray reevaluating
ChatterBot Charlie reevaluating
ChatterBot Echo reevaluating
ChatterBot Kilo reevaluating
ChatterBot Foxtrot reevaluating
ChatterBot Mike reevaluating
ChatterBot X-ray reevaluating
ChatterBot Charlie reevaluating
ChatterBot Victor reevaluating
ChatterBot Echo reevaluating
ChatterBot Foxtrot reevaluating
ChatterBot X-ray reevaluating
ChatterBot Charlie reevaluating
ChatterBot Victor reevaluating
ChatterBot Echo reevaluating
ChatterBot Kilo reevaluating
2024-10-14 18:48:11.207622 Foxtrot: No
2024-10-14 18:48:11.208036 X-ray: No
2024-10-14 18:48:11.208787 Charlie: No
2024-10-14 18:48:11.209360 Victor: No
2024-10-14 18:48:11.210244 Echo: Yes
2024-10-14 18:48:11.210576 Kilo: No
ChatterBot Echo reevaluating
ChatterBot Victor reevaluating
ChatterBot Kilo reevaluating
ChatterBot Mike reevaluating
ChatterBot X-ray reevaluating
ChatterBot Charlie reevaluating
ChatterBot Echo reevaluating
ChatterBot Victor reevaluating
ChatterBot Kilo reevaluating
ChatterBot Foxtrot reevaluating
ChatterBot Mike reevaluating
ChatterBot Charlie reevaluating
ChatterBot Echo reevaluating
ChatterBot Victor reevaluating
ChatterBot Kilo reevaluating
ChatterBot Foxtrot reevaluating
ChatterBot Mike reevaluating
ChatterBot X-ray reevaluating
ChatterBot Echo reevaluating
ChatterBot Kilo reevaluating
ChatterBot Foxtrot reevaluating
ChatterBot Mike reevaluating
ChatterBot X-ray reevaluating
ChatterBot Charlie reevaluating
ChatterBot Victor reevaluating
ChatterBot Kilo reevaluating
ChatterBot Foxtrot reevaluating
ChatterBot Mike reevaluating
ChatterBot X-ray reevaluating
ChatterBot Charlie reevaluating
ChatterBot Echo reevaluating
ChatterBot Victor reevaluating
ChatterBot Foxtrot reevaluating
ChatterBot Mike reevaluating
ChatterBot X-ray reevaluating
ChatterBot Charlie reevaluating
ChatterBot Romeo round 2
ChatterBot Charlie round 2
ChatterBot Oscar round 2
2024-10-14 18:48:11.623389 Oscar: We should replace Echo with Victor
2024-10-14 18:48:11.638086 Oscar: We should group up
ChatterBot Kilo reevaluating
ChatterBot Victor reevaluating
ChatterBot Delta reevaluating
2024-10-14 18:48:11.658891 Kilo: Yes
2024-10-14 18:48:11.659056 Victor: Yes
2024-10-14 18:48:11.659203 Echo: No
2024-10-14 18:48:11.659317 Delta: Yes
ChatterBot Victor reevaluating
ChatterBot Echo reevaluating
ChatterBot Delta reevaluating
ChatterBot Oscar reevaluating
ChatterBot Kilo reevaluating
ChatterBot Echo reevaluating
ChatterBot Delta reevaluating
ChatterBot Oscar reevaluating
ChatterBot Kilo reevaluating
ChatterBot Victor reevaluating
ChatterBot Delta reevaluating
ChatterBot Oscar reevaluating
ChatterBot Kilo reevaluating
ChatterBot Victor reevaluating
ChatterBot Echo reevaluating
ChatterBot Oscar reevaluating
2024-10-14 18:48:11.758475 Charlie: We should drop Echo
ChatterBot Foxtrot reevaluating
2024-10-14 18:48:11.774310 Foxtrot: Yes
2024-10-14 18:48:11.774486 Mike: No
2024-10-14 18:48:11.774623 X-ray: Yes
2024-10-14 18:48:11.775141 Romeo: Yes
ChatterBot Charlie reevaluating
ChatterBot Foxtrot reevaluating
ChatterBot Charlie reevaluating
ChatterBot Foxtrot reevaluating
ChatterBot Mike reevaluating
ChatterBot Charlie reevaluating
ChatterBot Foxtrot reevaluating
ChatterBot Mike reevaluating
2024-10-14 18:48:11.842906 Delta: We should drop Romeo and X-ray
ChatterBot Kilo reevaluating
ChatterBot Victor reevaluating
ChatterBot Echo reevaluating
2024-10-14 18:48:11.864208 Kilo: Yes
2024-10-14 18:48:11.864406 Victor: Yes
2024-10-14 18:48:11.864539 Echo: Yes
2024-10-14 18:48:11.864672 Oscar: Yes
ChatterBot Victor reevaluating
ChatterBot Echo reevaluating
ChatterBot Delta reevaluating
ChatterBot Kilo reevaluating
ChatterBot Echo reevaluating
ChatterBot Delta reevaluating
ChatterBot Kilo reevaluating
ChatterBot Victor reevaluating
ChatterBot Delta reevaluating
ChatterBot Kilo reevaluating
ChatterBot Victor reevaluating
ChatterBot Echo reevaluating
ChatterBot Delta reevaluating
chatterbot Delta submitting transactions
2024-10-14 18:48:11.989047 X-ray: Delta, sending you 4
chatterbot Oscar submitting transactions
2024-10-14 18:48:12.131922 X-ray: Foxtrot and Mike, sending you 3
chatterbot X-ray submitting transactions
2024-10-14 18:48:12.243064 X-ray: Charlie, sending you 5
2024-10-14 18:48:12.243886 Foxtrot: Mike and X-ray, sending you 5
2024-10-14 18:48:12.244180 Oscar: Delta, Echo and Kilo, sending you 3
2024-10-14 18:48:12.244469 Kilo: Delta, Victor and Echo, sending you 4
2024-10-14 18:48:12.244774 Romeo: Foxtrot, sending you 3
chatterbot Romeo submitting transactions
2024-10-14 18:48:12.283992 Foxtrot: Kilo, sending you 3
2024-10-14 18:48:12.284359 Oscar: Victor, sending you 2
2024-10-14 18:48:12.285281 Romeo: Mike, sending you 5
2024-10-14 18:48:12.285546 Kilo: Oscar, sending you 3
2024-10-14 18:48:12.285809 Mike: Foxtrot, sending you 6
2024-10-14 18:48:12.286027 Victor: Delta, sending you 4
2024-10-14 18:48:12.286815 Echo: Delta, sending you 2
2024-10-14 18:48:12.310847 Foxtrot: Charlie, sending you 2
2024-10-14 18:48:12.311926 Romeo: X-ray and Charlie, sending you 4
2024-10-14 18:48:12.312541 Mike: X-ray and Charlie, sending you 4
2024-10-14 18:48:12.313400 Victor: Echo and Oscar, sending you 3
2024-10-14 18:48:12.313947 Echo: Victor, Kilo and Oscar, sending you 3
2024-10-14 18:48:12.314889 Delta: Sending you each 5
chatterbot Oscar submitting transactions
2024-10-14 18:48:12.322258 Mike: Romeo, sending you 2
2024-10-14 18:48:12.322713 Victor: Kilo, sending you 6
chatterbot Foxtrot submitting transactions
chatterbot Echo submitting transactions
chatterbot Delta submitting transactions
chatterbot Victor submitting transactions
chatterbot Mike submitting transactions
chatterbot Charlie submitting transactions
chatterbot Kilo submitting transactions
ChatterBot Delta round 3
ChatterBot Foxtrot round 3
ChatterBot Victor round 3
ChatterBot Echo round 3
ChatterBot Mike round 3
ChatterBot X-ray round 3
ChatterBot Kilo round 3
ChatterBot Romeo round 3
ChatterBot Charlie round 3
ChatterBot Oscar round 3
2024-10-14 18:48:13.257281 X-ray: We should replace Delta with Romeo
ChatterBot Foxtrot reevaluating
ChatterBot Mike reevaluating
ChatterBot Charlie reevaluating
2024-10-14 18:48:13.322265 Foxtrot: Yes
2024-10-14 18:48:13.323624 Mike: Yes
2024-10-14 18:48:13.323848 Charlie: Yes
ChatterBot Mike reevaluating
ChatterBot Charlie reevaluating
ChatterBot Foxtrot reevaluating
ChatterBot Charlie reevaluating
ChatterBot Foxtrot reevaluating
ChatterBot Mike reevaluating
2024-10-14 18:48:13.412224 X-ray: Romeo we want you to join our group
2024-10-14 18:48:13.417821 Romeo: Yes
ChatterBot Charlie reevaluating
ChatterBot Foxtrot reevaluating
ChatterBot Mike reevaluating
2024-10-14 18:48:13.442903 Foxtrot: We should replace Kilo with Romeo
ChatterBot Charlie reevaluating
2024-10-14 18:48:13.460071 X-ray: Yes
2024-10-14 18:48:13.461372 Mike: Yes
2024-10-14 18:48:13.462041 Charlie: Yes
ChatterBot Foxtrot reevaluating
ChatterBot Charlie reevaluating
ChatterBot Foxtrot reevaluating
ChatterBot Charlie reevaluating
ChatterBot Foxtrot reevaluating
2024-10-14 18:48:13.529934 Echo: Sending you each 3
2024-10-14 18:48:13.530303 Victor: Sending you each 4
2024-10-14 18:48:13.530581 Delta: Victor, sending you 6
2024-10-14 18:48:13.531537 Charlie: We should drop Echo
ChatterBot Foxtrot reevaluating
2024-10-14 18:48:13.543905 Foxtrot: Yes
2024-10-14 18:48:13.544081 Mike: Yes
2024-10-14 18:48:13.544219 X-ray: Yes
2024-10-14 18:48:13.544346 Romeo: Yes
ChatterBot X-ray reevaluating
ChatterBot Foxtrot reevaluating
ChatterBot X-ray reevaluating
ChatterBot Foxtrot reevaluating
ChatterBot Romeo reevaluating
ChatterBot Foxtrot reevaluating
ChatterBot X-ray reevaluating
2024-10-14 18:48:13.626505 Romeo: We should add Delta
ChatterBot Foxtrot reevaluating
ChatterBot X-ray reevaluating
2024-10-14 18:48:13.648449 Charlie: No
2024-10-14 18:48:13.648658 Foxtrot: No
2024-10-14 18:48:13.648827 Mike: No
2024-10-14 18:48:13.648971 X-ray: No
ChatterBot Foxtrot reevaluating
ChatterBot X-ray reevaluating
ChatterBot Romeo reevaluating
ChatterBot X-ray reevaluating
ChatterBot Romeo reevaluating
ChatterBot Foxtrot reevaluating
ChatterBot X-ray reevaluating
ChatterBot Romeo reevaluating
ChatterBot Foxtrot reevaluating
ChatterBot Romeo reevaluating
2024-10-14 18:48:13.735197 Delta: Echo, sending you 4
2024-10-14 18:48:13.735715 Kilo: Delta, Victor and Echo, sending you 4
2024-10-14 18:48:13.737303 Romeo: We should add Kilo
ChatterBot Foxtrot reevaluating
ChatterBot X-ray reevaluating
2024-10-14 18:48:13.757106 Charlie: No
2024-10-14 18:48:13.757308 Foxtrot: No
2024-10-14 18:48:13.757466 Mike: No
2024-10-14 18:48:13.757637 X-ray: No
ChatterBot Foxtrot reevaluating
ChatterBot X-ray reevaluating
ChatterBot Romeo reevaluating
ChatterBot X-ray reevaluating
ChatterBot Romeo reevaluating
ChatterBot Foxtrot reevaluating
ChatterBot X-ray reevaluating
ChatterBot Romeo reevaluating
ChatterBot Foxtrot reevaluating
ChatterBot Romeo reevaluating
2024-10-14 18:48:13.839742 Oscar: Delta, Victor and Kilo, sending you 3
2024-10-14 18:48:13.840912 Mike: Foxtrot, sending you 5
2024-10-14 18:48:13.841346 Delta: Kilo and Oscar, sending you 5
2024-10-14 18:48:13.841810 Kilo: Oscar, sending you 3
2024-10-14 18:48:13.844715 Oscar: Echo, sending you 4
2024-10-14 18:48:13.845730 Foxtrot: Romeo we want you to join our group
ChatterBot Romeo reevaluating
2024-10-14 18:48:13.849992 Romeo: Yes
ChatterBot Foxtrot reevaluating
2024-10-14 18:48:13.864850 Mike: X-ray and Romeo, sending you 4
2024-10-14 18:48:13.865427 Charlie: Foxtrot and Mike, sending you 3
2024-10-14 18:48:13.867680 Mike: Charlie, sending you 3
2024-10-14 18:48:13.868648 Charlie: X-ray, sending you 5
2024-10-14 18:48:13.872673 Charlie: Romeo, sending you 4
2024-10-14 18:48:13.884715 Romeo: Foxtrot and X-ray, sending you 3
chatterbot Delta submitting transactions
2024-10-14 18:48:13.888688 Romeo: Mike, sending you 6
2024-10-14 18:48:13.893320 X-ray: Foxtrot, sending you 4
2024-10-14 18:48:13.895725 Foxtrot: Mike, sending you 6
2024-10-14 18:48:13.896731 Romeo: Charlie, sending you 4
2024-10-14 18:48:13.898683 X-ray: Mike and Romeo, sending you 3
2024-10-14 18:48:13.899678 Foxtrot: X-ray, sending you 4
2024-10-14 18:48:13.904264 Foxtrot: Romeo, sending you 2
2024-10-14 18:48:13.904887 X-ray: Charlie, sending you 5
chatterbot Mike submitting transactions
2024-10-14 18:48:13.909679 Foxtrot: Charlie, sending you 3
chatterbot Victor submitting transactions
chatterbot Foxtrot submitting transactions
chatterbot Echo submitting transactions
chatterbot Kilo submitting transactions
chatterbot X-ray submitting transactions
chatterbot Charlie submitting transactions
chatterbot Oscar submitting transactions
chatterbot X-ray submitting transactions
chatterbot Romeo submitting transactions
ChatterBot Delta round 4
ChatterBot Foxtrot round 4
ChatterBot Victor round 4
ChatterBot Echo round 4
ChatterBot Mike round 4
ChatterBot X-ray round 4
ChatterBot Kilo round 4
ChatterBot Romeo round 4
ChatterBot Charlie round 4
ChatterBot Oscar round 4
2024-10-14 18:48:15.027703 Foxtrot: Mike, sending you 5
2024-10-14 18:48:15.030684 Kilo: Delta, Victor and Echo, sending you 4
2024-10-14 18:48:15.033680 Foxtrot: X-ray, sending you 4
2024-10-14 18:48:15.034649 Echo: Same as last round
2024-10-14 18:48:15.035942 Kilo: Oscar, sending you 3
2024-10-14 18:48:15.036852 Delta: Sending you each 5
2024-10-14 18:48:15.037592 Mike: Foxtrot, sending you 5
2024-10-14 18:48:15.039105 Foxtrot: Romeo and Charlie, sending you 3
2024-10-14 18:48:15.040777 Victor: Same as last round
2024-10-14 18:48:15.041677 X-ray: Foxtrot, Mike and Charlie, sending you 4
2024-10-14 18:48:15.042533 Romeo: Foxtrot, sending you 3
2024-10-14 18:48:15.043899 Charlie: Foxtrot and Mike, sending you 3
2024-10-14 18:48:15.045421 Mike: X-ray and Romeo, sending you 4
2024-10-14 18:48:15.046312 Oscar: Delta, Victor and Kilo, sending you 3
2024-10-14 18:48:15.047864 X-ray: Romeo, sending you 3
2024-10-14 18:48:15.048972 Romeo: Mike, sending you 5
2024-10-14 18:48:15.050281 Charlie: X-ray, sending you 5
2024-10-14 18:48:15.050835 Mike: Charlie, sending you 3
2024-10-14 18:48:15.052159 Oscar: Echo, sending you 4
2024-10-14 18:48:15.054680 Romeo: X-ray and Charlie, sending you 4
2024-10-14 18:48:15.055671 Charlie: Romeo, sending you 4
chatterbot Mike submitting transactions
chatterbot Charlie submitting transactions
chatterbot X-ray submitting transactions
chatterbot Echo submitting transactions
chatterbot Victor submitting transactions
chatterbot Kilo submitting transactions
chatterbot Delta submitting transactions
chatterbot Romeo submitting transactions
chatterbot Oscar submitting transactions
chatterbot Foxtrot submitting transactions
ChatterBot Delta round 5
ChatterBot Foxtrot round 5
ChatterBot Victor round 5
ChatterBot Echo round 5
ChatterBot Mike round 5
ChatterBot X-ray round 5
ChatterBot Kilo round 5
ChatterBot Romeo round 5
ChatterBot Charlie round 5
ChatterBot Oscar round 5
2024-10-14 18:48:16.032672 Delta: Same as last round
2024-10-14 18:48:16.035105 Mike: Foxtrot, sending you 5
2024-10-14 18:48:16.040673 Mike: X-ray and Romeo, sending you 4
2024-10-14 18:48:16.041926 Romeo: Foxtrot, sending you 3
2024-10-14 18:48:16.044668 Foxtrot: Mike, sending you 5
2024-10-14 18:48:16.045797 X-ray: Foxtrot, Mike and Charlie, sending you 4
2024-10-14 18:48:16.046632 Mike: Charlie, sending you 3
2024-10-14 18:48:16.047454 Charlie: Foxtrot and Mike, sending you 3
2024-10-14 18:48:16.048125 Romeo: Mike, sending you 5
2024-10-14 18:48:16.049300 Echo: Same as last round
2024-10-14 18:48:16.049982 Foxtrot: X-ray, sending you 4
2024-10-14 18:48:16.050587 X-ray: Romeo, sending you 3
2024-10-14 18:48:16.051530 Charlie: X-ray, sending you 5
2024-10-14 18:48:16.052713 Romeo: X-ray and Charlie, sending you 4
2024-10-14 18:48:16.053362 Kilo: Delta, sending you 1
2024-10-14 18:48:16.053965 Victor: Same as last round
2024-10-14 18:48:16.054600 Oscar: Delta, Victor and Kilo, sending you 3
2024-10-14 18:48:16.055996 Foxtrot: Romeo and Charlie, sending you 3
2024-10-14 18:48:16.056784 Charlie: Romeo, sending you 4
2024-10-14 18:48:16.058676 Oscar: Echo, sending you 4
chatterbot Romeo submitting transactions
chatterbot Delta submitting transactions
chatterbot Echo submitting transactions
chatterbot Oscar submitting transactions
chatterbot Foxtrot submitting transactions
chatterbot Charlie submitting transactions
chatterbot Mike submitting transactions
chatterbot X-ray submitting transactions
chatterbot Kilo submitting transactions
chatterbot Victor submitting transactions
ChatterBot Delta round 6
ChatterBot Foxtrot round 6
ChatterBot Victor round 6
ChatterBot Echo round 6
ChatterBot Mike round 6
ChatterBot X-ray round 6
ChatterBot Kilo round 6
ChatterBot Romeo round 6
ChatterBot Charlie round 6
ChatterBot Oscar round 6
2024-10-14 18:48:17.236695 Victor: Same as last round
2024-10-14 18:48:17.240714 Charlie: Foxtrot, Mike and Romeo, sending you 3
2024-10-14 18:48:17.242687 Foxtrot: Mike, sending you 3
2024-10-14 18:48:17.244668 Delta: Victor, sending you 6
2024-10-14 18:48:17.245697 Charlie: X-ray, sending you 4
2024-10-14 18:48:17.246283 Echo: Same as last round
2024-10-14 18:48:17.247648 Foxtrot: X-ray, sending you 2
2024-10-14 18:48:17.248649 Mike: I was attacked by Kilo
ChatterBot Charlie reevaluating
ChatterBot Foxtrot reevaluating
ChatterBot X-ray reevaluating
ChatterBot Romeo reevaluating
2024-10-14 18:48:17.259473 Mike: I'm keeping this round to protect myself
2024-10-14 18:48:17.260383 Mike: Ow
2024-10-14 18:48:17.260654 Delta: Echo and Oscar, sending you 5
2024-10-14 18:48:17.263654 Kilo: Delta, Victor and Echo, sending you 4
2024-10-14 18:48:17.264678 Oscar: Delta and Victor, sending you 3
2024-10-14 18:48:17.265675 Delta: Kilo, sending you 4
2024-10-14 18:48:17.268679 Kilo: Oscar, sending you 3
2024-10-14 18:48:17.269099 Oscar: Echo, sending you 4
2024-10-14 18:48:17.271661 Oscar: Kilo, sending you 2
2024-10-14 18:48:17.281685 Charlie: X-ray, sending you 5
2024-10-14 18:48:17.286673 Foxtrot: Mike, sending you 5
2024-10-14 18:48:17.287118 Charlie: Romeo, sending you 4
2024-10-14 18:48:17.291804 Foxtrot: X-ray, sending you 4
2024-10-14 18:48:17.295657 Foxtrot: Romeo and Charlie, sending you 3
chatterbot Echo submitting transactions
chatterbot Victor submitting transactions
chatterbot X-ray submitting transactions
chatterbot Oscar submitting transactions
chatterbot Foxtrot submitting transactions
chatterbot Mike submitting transactions
chatterbot Kilo submitting transactions
chatterbot Delta submitting transactions
chatterbot Romeo submitting transactions
chatterbot Charlie submitting transactions
ChatterBot Delta round 7
ChatterBot Foxtrot round 7
ChatterBot Victor round 7
ChatterBot Echo round 7
ChatterBot Mike round 7
ChatterBot X-ray round 7
ChatterBot Kilo round 7
ChatterBot Romeo round 7
ChatterBot Charlie round 7
ChatterBot Oscar round 7
2024-10-14 18:48:18.537782 Romeo: We should add Victor
ChatterBot Foxtrot reevaluating
ChatterBot X-ray reevaluating
2024-10-14 18:48:18.549820 Charlie: No
2024-10-14 18:48:18.549954 Foxtrot: Yes
2024-10-14 18:48:18.550068 Mike: No
2024-10-14 18:48:18.550179 X-ray: No
ChatterBot Foxtrot reevaluating
ChatterBot X-ray reevaluating
ChatterBot Romeo reevaluating
ChatterBot X-ray reevaluating
ChatterBot Romeo reevaluating
ChatterBot Foxtrot reevaluating
ChatterBot X-ray reevaluating
ChatterBot Romeo reevaluating
ChatterBot Foxtrot reevaluating
ChatterBot Romeo reevaluating
2024-10-14 18:48:18.615660 Delta: Sending you each 5
2024-10-14 18:48:18.618681 Echo: Same as last round
2024-10-14 18:48:18.619660 Foxtrot: Mike, sending you 4
2024-10-14 18:48:18.620163 Oscar: Delta, Victor and Kilo, sending you 3
2024-10-14 18:48:18.622710 Kilo: I was attacked by Romeo
ChatterBot Victor reevaluating
ChatterBot Echo reevaluating
ChatterBot Delta reevaluating
ChatterBot Oscar reevaluating
2024-10-14 18:48:18.635576 Kilo: I'm keeping this round to protect myself
2024-10-14 18:48:18.636768 Kilo: Ow
2024-10-14 18:48:18.637147 Foxtrot: X-ray, sending you 5
2024-10-14 18:48:18.640686 Foxtrot: Romeo and Charlie, sending you 3
2024-10-14 18:48:18.641462 Charlie: Foxtrot, sending you 4
2024-10-14 18:48:18.646667 Charlie: Mike and Romeo, sending you 3
2024-10-14 18:48:18.650663 Charlie: X-ray, sending you 5
2024-10-14 18:48:18.666668 Victor: Same as last round
chatterbot Oscar submitting transactions
chatterbot Delta submitting transactions
chatterbot Charlie submitting transactions
chatterbot X-ray submitting transactions
chatterbot Foxtrot submitting transactions
chatterbot Kilo submitting transactions
chatterbot Victor submitting transactions
chatterbot Echo submitting transactions
chatterbot Mike submitting transactions
chatterbot Romeo submitting transactions
ChatterBot Delta round 8
ChatterBot Foxtrot round 8
ChatterBot Victor round 8
ChatterBot Echo round 8
ChatterBot Mike round 8
ChatterBot X-ray round 8
ChatterBot Kilo round 8
ChatterBot Romeo round 8
ChatterBot Charlie round 8
ChatterBot Oscar round 8
2024-10-14 18:48:19.882648 Victor: Delta, sending you 3
2024-10-14 18:48:19.886994 Victor: Echo, Kilo and Oscar, sending you 2
2024-10-14 18:48:19.889653 Delta: Victor, sending you 6
2024-10-14 18:48:19.891689 Foxtrot: Mike and Romeo, sending you 3
2024-10-14 18:48:19.893682 Delta: Echo and Oscar, sending you 5
2024-10-14 18:48:19.896667 Foxtrot: X-ray, sending you 5
2024-10-14 18:48:19.897306 Echo: Delta, Victor and Kilo, sending you 3
2024-10-14 18:48:19.897895 Mike: Foxtrot, sending you 5
2024-10-14 18:48:19.898693 Charlie: Foxtrot and Romeo, sending you 4
2024-10-14 18:48:19.899230 Delta: Kilo, sending you 4
2024-10-14 18:48:19.900660 Foxtrot: Charlie, sending you 4
2024-10-14 18:48:19.901217 Mike: X-ray and Romeo, sending you 4
2024-10-14 18:48:19.901797 Echo: Oscar, sending you 4
2024-10-14 18:48:19.902656 Oscar: Delta and Victor, sending you 3
2024-10-14 18:48:19.903652 Charlie: Mike, sending you 2
2024-10-14 18:48:19.905679 Mike: Charlie, sending you 3
2024-10-14 18:48:19.907648 Oscar: Echo, sending you 4
2024-10-14 18:48:19.908677 Charlie: X-ray, sending you 5
2024-10-14 18:48:19.910660 Oscar: Kilo, sending you 2
chatterbot Oscar submitting transactions
chatterbot Victor submitting transactions
chatterbot Mike submitting transactions
chatterbot Echo submitting transactions
chatterbot Charlie submitting transactions
chatterbot X-ray submitting transactions
chatterbot Foxtrot submitting transactions
chatterbot Delta submitting transactions
chatterbot Romeo submitting transactions
chatterbot Kilo submitting transactions
ChatterBot Delta round 9
ChatterBot Foxtrot round 9
ChatterBot Victor round 9
ChatterBot Echo round 9
ChatterBot Mike round 9
ChatterBot X-ray round 9
ChatterBot Kilo round 9
ChatterBot Romeo round 9
ChatterBot Charlie round 9
ChatterBot Oscar round 9
2024-10-14 18:48:21.178907 Delta: Victor and Echo, sending you 6
2024-10-14 18:48:21.184662 Delta: Kilo, sending you 3
2024-10-14 18:48:21.185677 Foxtrot: Mike, sending you 4
2024-10-14 18:48:21.187657 Delta: Oscar, sending you 5
2024-10-14 18:48:21.190680 Foxtrot: X-ray, sending you 5
2024-10-14 18:48:21.192683 Echo: Delta and Kilo, sending you 2
2024-10-14 18:48:21.193665 Oscar: Delta, sending you 3
2024-10-14 18:48:21.194125 Kilo: Delta and Echo, sending you 3
2024-10-14 18:48:21.194530 Foxtrot: Romeo and Charlie, sending you 3
2024-10-14 18:48:21.195699 Mike: Foxtrot, sending you 5
2024-10-14 18:48:21.196272 Echo: Victor, sending you 3
2024-10-14 18:48:21.196741 Victor: Delta, Echo and Oscar, sending you 2
2024-10-14 18:48:21.197183 Kilo: Victor and Oscar, sending you 2
2024-10-14 18:48:21.197654 Charlie: Foxtrot, X-ray and Romeo, sending you 4
2024-10-14 18:48:21.198680 Oscar: Victor and Echo, sending you 4
2024-10-14 18:48:21.199426 Mike: X-ray and Romeo, sending you 4
2024-10-14 18:48:21.199943 Echo: Oscar, sending you 4
2024-10-14 18:48:21.201660 Victor: Kilo, sending you 1
2024-10-14 18:48:21.202668 Charlie: Mike, sending you 3
2024-10-14 18:48:21.203213 Mike: Charlie, sending you 3
2024-10-14 18:48:21.203706 Oscar: Kilo, sending you 1
chatterbot Oscar submitting transactions
chatterbot Echo submitting transactions
chatterbot Charlie submitting transactions
chatterbot X-ray submitting transactions
chatterbot Mike submitting transactions
chatterbot Foxtrot submitting transactions
chatterbot Kilo submitting transactions
chatterbot Delta submitting transactions
chatterbot Romeo submitting transactions
chatterbot Victor submitting transactions
ChatterBot Delta round 10
ChatterBot Foxtrot round 10
ChatterBot Victor round 10
ChatterBot Echo round 10
ChatterBot Mike round 10
ChatterBot X-ray round 10
ChatterBot Kilo round 10
ChatterBot Romeo round 10
ChatterBot Charlie round 10
ChatterBot Oscar round 10
2024-10-14 18:48:22.468697 Foxtrot: Mike, X-ray and Charlie, sending you 4
2024-10-14 18:48:22.469565 Echo: Delta, sending you 2
2024-10-14 18:48:22.472694 Foxtrot: Romeo, sending you 3
2024-10-14 18:48:22.473676 Delta: Victor and Oscar, sending you 5
2024-10-14 18:48:22.475053 Echo: Victor and Kilo, sending you 3
2024-10-14 18:48:22.475692 Mike: Foxtrot, sending you 5
2024-10-14 18:48:22.476693 Victor: Sending you each 4
2024-10-14 18:48:22.477680 Delta: Echo, sending you 6
2024-10-14 18:48:22.479188 Mike: X-ray and Romeo, sending you 4
2024-10-14 18:48:22.479793 Echo: Oscar, sending you 4
2024-10-14 18:48:22.482982 Charlie: Foxtrot, sending you 4
2024-10-14 18:48:22.483519 Delta: Kilo, sending you 4
2024-10-14 18:48:22.484047 Mike: Charlie, sending you 3
2024-10-14 18:48:22.484533 Kilo: Echo, sending you 1
2024-10-14 18:48:22.487659 Charlie: Mike and Romeo, sending you 3
2024-10-14 18:48:22.490670 Oscar: Delta, sending you 3
2024-10-14 18:48:22.491141 Charlie: X-ray, sending you 5
2024-10-14 18:48:22.494666 Oscar: Victor and Echo, sending you 4
2024-10-14 18:48:22.497674 Oscar: Kilo, sending you 2
chatterbot Mike submitting transactions
chatterbot Foxtrot submitting transactions
chatterbot Kilo submitting transactions
chatterbot Echo submitting transactions
chatterbot Romeo submitting transactions
chatterbot Delta submitting transactions
chatterbot X-ray submitting transactions
chatterbot Victor submitting transactions
chatterbot Oscar submitting transactions
chatterbot Charlie submitting transactions
ChatterBot Delta round 11
ChatterBot Foxtrot round 11
ChatterBot Victor round 11
ChatterBot Echo round 11
ChatterBot Mike round 11
ChatterBot X-ray round 11
ChatterBot Kilo round 11
ChatterBot Romeo round 11
ChatterBot Charlie round 11
ChatterBot Oscar round 11
2024-10-14 18:48:23.771686 Victor: Same as last round
2024-10-14 18:48:23.772314 Delta: Victor and Oscar, sending you 6
2024-10-14 18:48:23.775679 Delta: Echo, sending you 5
2024-10-14 18:48:23.777677 Kilo: Delta, Victor and Echo, sending you 4
2024-10-14 18:48:23.779658 Delta: Kilo, sending you 3
2024-10-14 18:48:23.780195 Foxtrot: Mike, sending you 5
2024-10-14 18:48:23.781689 Oscar: Delta and Victor, sending you 3
2024-10-14 18:48:23.782673 Kilo: Oscar, sending you 3
2024-10-14 18:48:23.785691 Foxtrot: X-ray and Charlie, sending you 4
2024-10-14 18:48:23.786657 Charlie: Foxtrot, sending you 4
2024-10-14 18:48:23.787304 Oscar: Echo, sending you 5
2024-10-14 18:48:23.789670 Echo: Delta, sending you 2
2024-10-14 18:48:23.790537 Charlie: Mike and Romeo, sending you 3
2024-10-14 18:48:23.791194 Oscar: Kilo, sending you 2
2024-10-14 18:48:23.791688 Foxtrot: Romeo, sending you 2
2024-10-14 18:48:23.792235 Mike: Foxtrot, sending you 5
2024-10-14 18:48:23.793675 Echo: Victor and Kilo, sending you 3
2024-10-14 18:48:23.794248 Charlie: X-ray, sending you 5
2024-10-14 18:48:23.796653 Mike: X-ray and Charlie, sending you 4
2024-10-14 18:48:23.798656 Echo: Oscar, sending you 4
2024-10-14 18:48:23.800655 Mike: Romeo, sending you 3
chatterbot X-ray submitting transactions
chatterbot Kilo submitting transactions
chatterbot Mike submitting transactions
chatterbot Foxtrot submitting transactions
chatterbot Charlie submitting transactions
chatterbot Romeo submitting transactions
chatterbot Delta submitting transactions
chatterbot Oscar submitting transactions
chatterbot Victor submitting transactions
chatterbot Echo submitting transactions
ChatterBot Delta round 12
ChatterBot Foxtrot round 12
ChatterBot Victor round 12
ChatterBot Echo round 12
ChatterBot Mike round 12
ChatterBot X-ray round 12
ChatterBot Kilo round 12
ChatterBot Romeo round 12
ChatterBot Charlie round 12
ChatterBot Oscar round 12
2024-10-14 18:48:24.849696 Foxtrot: Mike, sending you 5
2024-10-14 18:48:24.851609 Charlie: Foxtrot and Mike, sending you 4
2024-10-14 18:48:24.852806 Mike: Foxtrot, sending you 5
2024-10-14 18:48:24.855700 Foxtrot: X-ray and Charlie, sending you 4
2024-10-14 18:48:24.856945 Charlie: X-ray, sending you 5
2024-10-14 18:48:24.858425 Mike: X-ray and Charlie, sending you 4
2024-10-14 18:48:24.859478 Victor: Same as last round
2024-10-14 18:48:24.860446 Echo: Delta, sending you 2
2024-10-14 18:48:24.861369 Oscar: Delta and Victor, sending you 3
2024-10-14 18:48:24.862176 Charlie: Romeo, sending you 2
2024-10-14 18:48:24.863172 Foxtrot: Romeo, sending you 2
2024-10-14 18:48:24.864823 Mike: Romeo, sending you 3
2024-10-14 18:48:24.866195 Kilo: Echo, sending you 1
2024-10-14 18:48:24.867067 Oscar: Echo, sending you 5
2024-10-14 18:48:24.867659 Echo: Victor and Kilo, sending you 3
2024-10-14 18:48:24.868366 Delta: Victor, sending you 6
2024-10-14 18:48:24.872289 Oscar: Kilo, sending you 2
2024-10-14 18:48:24.873810 Echo: Oscar, sending you 4
2024-10-14 18:48:24.875083 Delta: Echo and Oscar, sending you 5
2024-10-14 18:48:24.879654 Delta: Kilo, sending you 4
chatterbot Romeo submitting transactions
chatterbot Oscar submitting transactions
chatterbot Mike submitting transactions
chatterbot Echo submitting transactions
chatterbot X-ray submitting transactions
chatterbot Delta submitting transactions
chatterbot Kilo submitting transactions
chatterbot Foxtrot submitting transactions
chatterbot Charlie submitting transactions
chatterbot Victor submitting transactions
ChatterBot Delta round 13
ChatterBot Foxtrot round 13
ChatterBot Victor round 13
ChatterBot Echo round 13
ChatterBot Mike round 13
ChatterBot X-ray round 13
ChatterBot Kilo round 13
ChatterBot Romeo round 13
ChatterBot Charlie round 13
ChatterBot Oscar round 13
2024-10-14 18:48:26.089672 Mike: Foxtrot, sending you 5
2024-10-14 18:48:26.093671 Mike: X-ray and Charlie, sending you 4
2024-10-14 18:48:26.096662 Echo: Delta and Kilo, sending you 2
2024-10-14 18:48:26.097901 Delta: Victor and Oscar, sending you 6
2024-10-14 18:48:26.098555 Mike: Romeo, sending you 3
2024-10-14 18:48:26.099660 Foxtrot: I was attacked by Kilo
ChatterBot Charlie reevaluating
ChatterBot Mike reevaluating
ChatterBot X-ray reevaluating
ChatterBot Romeo reevaluating
2024-10-14 18:48:26.110710 Foxtrot: I'm keeping this round to protect myself
2024-10-14 18:48:26.112007 Foxtrot: Ow
2024-10-14 18:48:26.112439 Oscar: Delta and Kilo, sending you 2
2024-10-14 18:48:26.113111 Echo: Victor, sending you 3
2024-10-14 18:48:26.114219 Delta: Echo, sending you 5
2024-10-14 18:48:26.115668 Oscar: Victor, sending you 3
2024-10-14 18:48:26.117667 Echo: Oscar, sending you 4
2024-10-14 18:48:26.118197 Victor: Same as last round
2024-10-14 18:48:26.118760 Delta: Kilo, sending you 3
2024-10-14 18:48:26.119330 Kilo: Delta, Victor and Echo, sending you 4
2024-10-14 18:48:26.120666 Oscar: Echo, sending you 5
2024-10-14 18:48:26.123678 Kilo: Oscar, sending you 3
2024-10-14 18:48:26.134704 Charlie: Foxtrot and Mike, sending you 4
2024-10-14 18:48:26.136680 Mike: Foxtrot, X-ray and Charlie, sending you 3
2024-10-14 18:48:26.138928 Charlie: X-ray, sending you 5
2024-10-14 18:48:26.140693 Mike: Romeo, sending you 2
2024-10-14 18:48:26.141701 Charlie: Romeo, sending you 2
chatterbot Foxtrot submitting transactions
chatterbot Kilo submitting transactions
chatterbot Oscar submitting transactions
chatterbot Mike submitting transactions
chatterbot Delta submitting transactions
chatterbot Charlie submitting transactions
chatterbot X-ray submitting transactions
chatterbot Romeo submitting transactions
chatterbot Echo submitting transactions
chatterbot Victor submitting transactions
ChatterBot Delta round 14
ChatterBot Foxtrot round 14
