ChatterBot Zulu round 1
ChatterBot Charlie round 1
ChatterBot Alpha round 1
ChatterBot Kilo round 1
ChatterBot X-ray round 1
ChatterBot Delta round 1
ChatterBot Uniform round 1
ChatterBot Mike round 1
ChatterBot India round 1
ChatterBot Bravo round 1
randomSelections Charlie: {Charlie, X-ray, Kilo, Uniform, Delta, Mike} 
2024-10-14 19:40:07.879498 Charlie: Group up?
ChatterBot X-ray reevaluating
ChatterBot Kilo reevaluating
ChatterBot Uniform reevaluating
ChatterBot Delta reevaluating
ChatterBot Mike reevaluating
2024-10-14 19:40:07.902812 X-ray: Yes
2024-10-14 19:40:07.903027 Kilo: Yes
2024-10-14 19:40:07.903234 Uniform: Yes
2024-10-14 19:40:07.904041 Delta: Yes
2024-10-14 19:40:07.904198 Mike: Yes
ChatterBot Kilo reevaluating
ChatterBot Uniform reevaluating
ChatterBot Delta reevaluating
ChatterBot Mike reevaluating
ChatterBot X-ray reevaluating
ChatterBot Uniform reevaluating
ChatterBot Delta reevaluating
ChatterBot Mike reevaluating
ChatterBot X-ray reevaluating
ChatterBot Kilo reevaluating
ChatterBot Delta reevaluating
ChatterBot Mike reevaluating
ChatterBot X-ray reevaluating
ChatterBot Kilo reevaluating
ChatterBot Uniform reevaluating
ChatterBot Mike reevaluating
ChatterBot X-ray reevaluating
ChatterBot Kilo reevaluating
ChatterBot Uniform reevaluating
ChatterBot Delta reevaluating
randomSelections Alpha: {Alpha, Bravo, X-ray, India, Kilo, Zulu} 
2024-10-14 19:40:08.022757 Alpha: Friends?
ChatterBot Bravo reevaluating
ChatterBot X-ray reevaluating
ChatterBot India reevaluating
ChatterBot Kilo reevaluating
ChatterBot Zulu reevaluating
2024-10-14 19:40:08.065498 Bravo: Yes
2024-10-14 19:40:08.065881 X-ray: No
2024-10-14 19:40:08.066332 India: Yes
2024-10-14 19:40:08.067174 Kilo: No
2024-10-14 19:40:08.067582 Zulu: Yes
ChatterBot X-ray reevaluating
ChatterBot India reevaluating
ChatterBot Kilo reevaluating
ChatterBot Zulu reevaluating
ChatterBot Bravo reevaluating
ChatterBot India reevaluating
ChatterBot Kilo reevaluating
ChatterBot Zulu reevaluating
ChatterBot Bravo reevaluating
ChatterBot X-ray reevaluating
ChatterBot Kilo reevaluating
ChatterBot Zulu reevaluating
ChatterBot Bravo reevaluating
ChatterBot X-ray reevaluating
ChatterBot India reevaluating
ChatterBot Zulu reevaluating
ChatterBot Bravo reevaluating
ChatterBot X-ray reevaluating
ChatterBot India reevaluating
ChatterBot Kilo reevaluating
2024-10-14 19:40:08.177917 India: Zulu, Alpha and X-ray, sending you 2
2024-10-14 19:40:08.179532 Zulu: Alpha and X-ray, sending you 2
2024-10-14 19:40:08.182710 Alpha: Zulu, sending you 3
2024-10-14 19:40:08.184661 Uniform: Charlie, sending you 7
2024-10-14 19:40:08.185702 Charlie: Kilo and X-ray, sending you 3
2024-10-14 19:40:08.187252 India: Kilo, sending you 5
2024-10-14 19:40:08.187715 Mike: Charlie and Kilo, sending you 3
2024-10-14 19:40:08.188324 X-ray: Charlie and Kilo, sending you 4
2024-10-14 19:40:08.189445 Zulu: Kilo and Bravo, sending you 3
2024-10-14 19:40:08.189991 Delta: Charlie, sending you 5
2024-10-14 19:40:08.190564 Alpha: Kilo and Bravo, sending you 2
2024-10-14 19:40:08.191568 Kilo: X-ray, sending you 3
2024-10-14 19:40:08.192058 Uniform: Kilo and X-ray, sending you 3
2024-10-14 19:40:08.193420 Charlie: Delta, Uniform and Mike, sending you 4
2024-10-14 19:40:08.193957 Mike: X-ray, sending you 1
2024-10-14 19:40:08.194489 India: Bravo, sending you 3
2024-10-14 19:40:08.195728 X-ray: Delta and Mike, sending you 3
2024-10-14 19:40:08.196308 Zulu: India, sending you 5
2024-10-14 19:40:08.197622 Delta: Kilo, sending you 3
2024-10-14 19:40:08.198125 Uniform: Delta, sending you 4
2024-10-14 19:40:08.198659 Alpha: X-ray, sending you 4
2024-10-14 19:40:08.200153 Kilo: Delta, sending you 4
2024-10-14 19:40:08.200719 Bravo: Zulu, sending you 1
2024-10-14 19:40:08.202080 Mike: Delta and Uniform, sending you 4
2024-10-14 19:40:08.202707 X-ray: Uniform, sending you 2
2024-10-14 19:40:08.203986 Delta: X-ray, sending you 4
2024-10-14 19:40:08.204543 Uniform: Mike, sending you 2
2024-10-14 19:40:08.205730 Alpha: India, sending you 5
2024-10-14 19:40:08.206175 Kilo: Mike, sending you 2
2024-10-14 19:40:08.207503 Bravo: Alpha, Kilo, X-ray and India, sending you 2
2024-10-14 19:40:08.208225 Delta: Uniform, sending you 1
2024-10-14 19:40:08.211755 Delta: Mike, sending you 2
chatterbot Uniform submitting transactions
chatterbot X-ray submitting transactions
chatterbot Kilo submitting transactions
chatterbot India submitting transactions
chatterbot Delta submitting transactions
chatterbot Charlie submitting transactions
chatterbot Zulu submitting transactions
chatterbot Bravo submitting transactions
chatterbot Mike submitting transactions
chatterbot Alpha submitting transactions
ChatterBot Zulu round 2
ChatterBot Charlie round 2
ChatterBot Alpha round 2
ChatterBot Kilo round 2
ChatterBot X-ray round 2
ChatterBot Delta round 2
ChatterBot Uniform round 2
ChatterBot Mike round 2
ChatterBot India round 2
ChatterBot Bravo round 2
2024-10-14 19:40:09.032855 X-ray: Can we be friends?
ChatterBot Alpha reevaluating
2024-10-14 19:40:09.037248 Alpha: No
ChatterBot X-ray reevaluating
2024-10-14 19:40:09.074068 Zulu: We should drop X-ray and Kilo
ChatterBot Alpha reevaluating
ChatterBot India reevaluating
2024-10-14 19:40:09.083 Alpha: No
2024-10-14 19:40:09.083106 India: No
2024-10-14 19:40:09.083212 Bravo: Yes
ChatterBot India reevaluating
ChatterBot Alpha reevaluating
ChatterBot Alpha reevaluating
ChatterBot India reevaluating
2024-10-14 19:40:09.102822 India: Can we be friends?
ChatterBot Alpha reevaluating
2024-10-14 19:40:09.110190 Zulu: No
2024-10-14 19:40:09.110309 Alpha: Yes
2024-10-14 19:40:09.110392 Bravo: No
2024-10-14 19:40:09.110478 Mike: No
ChatterBot India reevaluating
ChatterBot Alpha reevaluating
ChatterBot India reevaluating
ChatterBot India reevaluating
ChatterBot Alpha reevaluating
ChatterBot India reevaluating
ChatterBot Alpha reevaluating
2024-10-14 19:40:09.144655 Charlie: Kilo, sending you 2
2024-10-14 19:40:09.145681 Kilo: Charlie, X-ray, Delta and Uniform, sending you 2
2024-10-14 19:40:09.148171 Alpha: We should drop X-ray
2024-10-14 19:40:09.156927 Zulu: Yes
2024-10-14 19:40:09.157098 India: Yes
2024-10-14 19:40:09.157226 Bravo: Yes
2024-10-14 19:40:09.157359 Kilo: Yes
ChatterBot Alpha reevaluating
ChatterBot Alpha reevaluating
ChatterBot Alpha reevaluating
ChatterBot Alpha reevaluating
2024-10-14 19:40:09.194321 Charlie: X-ray and Delta, sending you 4
2024-10-14 19:40:09.194672 Kilo: Mike, sending you 1
2024-10-14 19:40:09.197838 Uniform: Charlie and Mike, sending you 6
2024-10-14 19:40:09.198537 X-ray: Sending you 14
2024-10-14 19:40:09.198737 Zulu: Alpha, sending you 7
2024-10-14 19:40:09.198987 India: Zulu and Alpha, sending you 4
2024-10-14 19:40:09.199217 Delta: Sending you each 3
2024-10-14 19:40:09.199498 Mike: Charlie, sending you 5
2024-10-14 19:40:09.199814 Charlie: Uniform, sending you 5
2024-10-14 19:40:09.201701 Zulu: India, sending you 5
2024-10-14 19:40:09.202682 Uniform: X-ray, sending you 4
2024-10-14 19:40:09.203042 India: Mike and Bravo, sending you 3
2024-10-14 19:40:09.204682 Mike: Kilo, Delta and Uniform, sending you 2
2024-10-14 19:40:09.205208 Charlie: Mike, sending you 3
2024-10-14 19:40:09.206667 Zulu: Bravo, sending you 3
2024-10-14 19:40:09.206934 Bravo: Sending you each 3
2024-10-14 19:40:09.207167 Uniform: Delta, sending you 3
2024-10-14 19:40:09.208679 Mike: X-ray, sending you 4
2024-10-14 19:40:09.219675 Alpha: Zulu, India and Bravo, sending you 5
2024-10-14 19:40:09.222665 Alpha: Kilo, sending you 1
chatterbot Charlie submitting transactions
chatterbot X-ray submitting transactions
chatterbot Bravo submitting transactions
chatterbot Delta submitting transactions
chatterbot Alpha submitting transactions
chatterbot Zulu submitting transactions
chatterbot Mike submitting transactions
chatterbot Kilo submitting transactions
chatterbot India submitting transactions
chatterbot Uniform submitting transactions
ChatterBot Zulu round 3
ChatterBot Charlie round 3
ChatterBot Alpha round 3
ChatterBot Kilo round 3
ChatterBot X-ray round 3
ChatterBot Delta round 3
ChatterBot Uniform round 3
ChatterBot Mike round 3
ChatterBot India round 3
ChatterBot Bravo round 3
2024-10-14 19:40:13.438234 X-ray: We should replace Delta with Uniform
2024-10-14 19:40:13.503681 X-ray: Uniform we want you to join our group
2024-10-14 19:40:13.535720 Uniform: Yes
2024-10-14 19:40:13.600138 Charlie: Kilo, sending you 2
2024-10-14 19:40:13.601537 Kilo: Charlie, X-ray, Delta and Mike, sending you 2
2024-10-14 19:40:13.603029 Zulu: Alpha, sending you 6
2024-10-14 19:40:13.603629 Alpha: Zulu, sending you 6
2024-10-14 19:40:13.604754 Charlie: X-ray, sending you 3
2024-10-14 19:40:13.605965 Zulu: India, sending you 5
2024-10-14 19:40:13.657454 Kilo: Uniform, sending you 1
2024-10-14 19:40:13.658952 Mike: Charlie and Uniform, sending you 4
2024-10-14 19:40:13.660488 India: Zulu and Alpha, sending you 4
2024-10-14 19:40:13.661499 Delta: Charlie, sending you 3
2024-10-14 19:40:13.662204 Alpha: Kilo, sending you 2
2024-10-14 19:40:13.663545 Uniform: Charlie, sending you 6
2024-10-14 19:40:13.664826 Bravo: Same as last round
2024-10-14 19:40:13.665311 Charlie: Delta and Mike, sending you 4
2024-10-14 19:40:13.666437 Zulu: Bravo, sending you 4
2024-10-14 19:40:13.667011 X-ray: Sending you 11
2024-10-14 19:40:13.668188 Mike: Kilo and X-ray, sending you 2
2024-10-14 19:40:13.669517 India: Mike and Bravo, sending you 3
2024-10-14 19:40:13.669994 Delta: Kilo, Uniform and Mike, sending you 2
2024-10-14 19:40:13.671046 Alpha: India and Bravo, sending you 4
2024-10-14 19:40:13.672227 Uniform: Kilo, sending you 3
2024-10-14 19:40:13.673181 Charlie: Uniform, sending you 5
2024-10-14 19:40:13.674359 Mike: Delta, sending you 3
2024-10-14 19:40:13.675745 Delta: X-ray, sending you 6
2024-10-14 19:40:13.752231 Uniform: X-ray, sending you 2
2024-10-14 19:40:13.775053 Uniform: Delta and Mike, sending you 4
chatterbot Kilo submitting transactions
chatterbot Delta submitting transactions
chatterbot Alpha submitting transactions
chatterbot Bravo submitting transactions
chatterbot X-ray submitting transactions
chatterbot Zulu submitting transactions
chatterbot Uniform submitting transactions
chatterbot Mike submitting transactions
chatterbot India submitting transactions
chatterbot Charlie submitting transactions
ChatterBot Zulu round 4
ChatterBot Charlie round 4
ChatterBot Alpha round 4
ChatterBot Kilo round 4
ChatterBot X-ray round 4
ChatterBot Delta round 4
ChatterBot Uniform round 4
ChatterBot Mike round 4
ChatterBot India round 4
ChatterBot Bravo round 4
2024-10-14 19:40:14.636200 India: We should replace Mike with Charlie
2024-10-14 19:40:14.648009 Zulu: No
2024-10-14 19:40:14.648221 Alpha: No
2024-10-14 19:40:14.648806 Bravo: No
ChatterBot India reevaluating
ChatterBot India reevaluating
ChatterBot India reevaluating
2024-10-14 19:40:14.686667 Zulu: Alpha, sending you 6
2024-10-14 19:40:14.687684 Delta: Charlie, Uniform and Mike, sending you 3
2024-10-14 19:40:14.691772 Zulu: India, sending you 5
2024-10-14 19:40:14.692151 Delta: Kilo, sending you 2
2024-10-14 19:40:14.693660 Kilo: Charlie, Delta, Uniform and Mike, sending you 2
2024-10-14 19:40:14.694689 X-ray: Sending you 12
2024-10-14 19:40:14.695671 Delta: X-ray, sending you 4
2024-10-14 19:40:14.696697 Zulu: Bravo, sending you 4
2024-10-14 19:40:14.697704 Alpha: Zulu, sending you 6
2024-10-14 19:40:14.699189 Kilo: X-ray, sending you 1
2024-10-14 19:40:14.700697 Alpha: Kilo, sending you 2
2024-10-14 19:40:14.701864 Mike: Charlie, sending you 5
2024-10-14 19:40:14.702420 Bravo: Same as last round
2024-10-14 19:40:14.703301 India: Zulu and Alpha, sending you 4
2024-10-14 19:40:14.703694 Alpha: India and Bravo, sending you 4
2024-10-14 19:40:14.705239 Charlie: Kilo, sending you 3
2024-10-14 19:40:14.705948 Mike: Kilo, sending you 2
2024-10-14 19:40:14.706367 Uniform: Charlie and X-ray, sending you 5
2024-10-14 19:40:14.707381 India: Mike and Bravo, sending you 3
2024-10-14 19:40:14.708763 Charlie: X-ray, sending you 2
2024-10-14 19:40:14.709381 Mike: X-ray, sending you 1
2024-10-14 19:40:14.710687 Uniform: Kilo, sending you 2
2024-10-14 19:40:14.712012 Charlie: Delta and Mike, sending you 4
2024-10-14 19:40:14.713735 Mike: Delta, sending you 3
2024-10-14 19:40:14.714276 Uniform: Delta, sending you 3
2024-10-14 19:40:14.715666 Charlie: Uniform, sending you 5
2024-10-14 19:40:14.717026 Mike: Uniform, sending you 4
2024-10-14 19:40:14.718875 Uniform: Mike, sending you 4
chatterbot Kilo submitting transactions
chatterbot Mike submitting transactions
chatterbot Charlie submitting transactions
chatterbot X-ray submitting transactions
chatterbot Alpha submitting transactions
chatterbot India submitting transactions
chatterbot Uniform submitting transactions
chatterbot Bravo submitting transactions
chatterbot Delta submitting transactions
chatterbot Zulu submitting transactions
ChatterBot Zulu round 5
ChatterBot Charlie round 5
ChatterBot Alpha round 5
ChatterBot Kilo round 5
ChatterBot X-ray round 5
ChatterBot Delta round 5
ChatterBot Uniform round 5
ChatterBot Mike round 5
ChatterBot India round 5
ChatterBot Bravo round 5
2024-10-14 19:40:15.786652 Zulu: Alpha, sending you 6
2024-10-14 19:40:15.787458 Alpha: Zulu, sending you 6
2024-10-14 19:40:15.789742 Mike: Charlie, sending you 4
2024-10-14 19:40:15.790546 X-ray: Sending you 14
2024-10-14 19:40:15.790869 Zulu: India, sending you 5
2024-10-14 19:40:15.791301 Alpha: Kilo, sending you 2
2024-10-14 19:40:15.791692 Delta: Sending you each 3
2024-10-14 19:40:15.792910 Charlie: Kilo, sending you 3
2024-10-14 19:40:15.793440 India: Zulu and Alpha, sending you 5
2024-10-14 19:40:15.793751 Kilo: Charlie, Delta, Uniform and Mike, sending you 2
2024-10-14 19:40:15.794159 Uniform: Charlie, sending you 4
2024-10-14 19:40:15.794701 Mike: Kilo, sending you 2
2024-10-14 19:40:15.795709 Zulu: Bravo, sending you 4
2024-10-14 19:40:15.796075 Alpha: India and Bravo, sending you 4
2024-10-14 19:40:15.796444 Charlie: X-ray, sending you 2
2024-10-14 19:40:15.796971 Bravo: Same as last round
2024-10-14 19:40:15.797859 India: Bravo, sending you 4
2024-10-14 19:40:15.798686 Kilo: X-ray, sending you 1
2024-10-14 19:40:15.799420 Uniform: Kilo, sending you 2
2024-10-14 19:40:15.800360 Mike: X-ray, sending you 1
2024-10-14 19:40:15.800991 Charlie: Delta and Mike, sending you 4
2024-10-14 19:40:15.803675 Uniform: X-ray, sending you 7
2024-10-14 19:40:15.804207 Charlie: Uniform, sending you 5
2024-10-14 19:40:15.805655 Mike: Delta, sending you 3
2024-10-14 19:40:15.807665 Uniform: Delta and Mike, sending you 3
2024-10-14 19:40:15.808665 Mike: Uniform, sending you 5
chatterbot Kilo submitting transactions
chatterbot Charlie submitting transactions
chatterbot Mike submitting transactions
chatterbot Zulu submitting transactions
chatterbot Bravo submitting transactions
chatterbot X-ray submitting transactions
chatterbot Uniform submitting transactions
chatterbot India submitting transactions
chatterbot Delta submitting transactions
chatterbot Alpha submitting transactions
ChatterBot Zulu round 6
ChatterBot Charlie round 6
ChatterBot Alpha round 6
ChatterBot Kilo round 6
ChatterBot X-ray round 6
ChatterBot Delta round 6
ChatterBot Uniform round 6
ChatterBot Mike round 6
ChatterBot India round 6
ChatterBot Bravo round 6
2024-10-14 19:40:17.047441 India: We should replace Mike with Charlie
ChatterBot Alpha reevaluating
2024-10-14 19:40:17.054499 Zulu: No
2024-10-14 19:40:17.054669 Alpha: No
2024-10-14 19:40:17.054802 Bravo: No
ChatterBot Alpha reevaluating
ChatterBot India reevaluating
ChatterBot India reevaluating
ChatterBot Alpha reevaluating
ChatterBot India reevaluating
2024-10-14 19:40:17.084674 Charlie: Kilo, sending you 3
2024-10-14 19:40:17.086715 Zulu: Alpha, sending you 6
2024-10-14 19:40:17.087777 Alpha: Delta we want you to join our group
2024-10-14 19:40:17.090499 Delta: No
ChatterBot Alpha reevaluating
ChatterBot India reevaluating
2024-10-14 19:40:17.100968 Charlie: X-ray, sending you 2
2024-10-14 19:40:17.101482 Uniform: Charlie, sending you 4
2024-10-14 19:40:17.101948 Zulu: India, sending you 5
2024-10-14 19:40:17.102235 Mike: Charlie, sending you 4
2024-10-14 19:40:17.103015 X-ray: Sending you 16
2024-10-14 19:40:17.104671 Delta: Charlie, sending you 4
2024-10-14 19:40:17.105190 Zulu: Bravo, sending you 4
2024-10-14 19:40:17.105911 Charlie: Delta and Mike, sending you 4
2024-10-14 19:40:17.106660 Uniform: Kilo, sending you 2
2024-10-14 19:40:17.107101 Mike: Kilo, sending you 2
2024-10-14 19:40:17.107592 Kilo: Charlie, Delta, Uniform and Mike, sending you 2
2024-10-14 19:40:17.109698 Delta: Kilo, sending you 2
2024-10-14 19:40:17.110795 India: Charlie we want you to join our group
2024-10-14 19:40:17.113741 Charlie: No
ChatterBot India reevaluating
ChatterBot Alpha reevaluating
2024-10-14 19:40:17.124214 Charlie: Uniform, sending you 5
2024-10-14 19:40:17.124807 Mike: X-ray, sending you 1
2024-10-14 19:40:17.125329 Uniform: X-ray, sending you 7
2024-10-14 19:40:17.125885 Kilo: X-ray, sending you 1
2024-10-14 19:40:17.126430 Delta: X-ray, Uniform and Mike, sending you 3
2024-10-14 19:40:17.128672 Mike: Delta, sending you 3
2024-10-14 19:40:17.129253 Uniform: Delta and Mike, sending you 3
2024-10-14 19:40:17.129860 Bravo: Same as last round
2024-10-14 19:40:17.131669 Mike: Uniform, sending you 5
2024-10-14 19:40:17.139678 Alpha: Zulu, sending you 6
2024-10-14 19:40:17.144672 Alpha: India and Bravo, sending you 5
2024-10-14 19:40:17.162664 India: Zulu, Alpha and Bravo, sending you 4
2024-10-14 19:40:17.165669 India: Charlie, sending you 2
chatterbot Delta submitting transactions
chatterbot Uniform submitting transactions
chatterbot Charlie submitting transactions
chatterbot Alpha submitting transactions
chatterbot Mike submitting transactions
chatterbot Kilo submitting transactions
chatterbot Zulu submitting transactions
chatterbot X-ray submitting transactions
chatterbot India submitting transactions
chatterbot Bravo submitting transactions
ChatterBot Zulu round 7
ChatterBot Charlie round 7
ChatterBot Alpha round 7
ChatterBot Kilo round 7
ChatterBot X-ray round 7
ChatterBot Delta round 7
ChatterBot Uniform round 7
ChatterBot Mike round 7
ChatterBot India round 7
ChatterBot Bravo round 7
2024-10-14 19:40:18.372987 Alpha: We should add Kilo
ChatterBot India reevaluating
2024-10-14 19:40:18.383143 Zulu: No
2024-10-14 19:40:18.383325 India: No
2024-10-14 19:40:18.383463 Bravo: No
ChatterBot India reevaluating
ChatterBot Alpha reevaluating
ChatterBot Alpha reevaluating
ChatterBot India reevaluating
2024-10-14 19:40:18.429869 India: We should replace Charlie with Delta
ChatterBot Alpha reevaluating
2024-10-14 19:40:18.440278 Zulu: No
2024-10-14 19:40:18.440469 Alpha: Yes
2024-10-14 19:40:18.440635 Bravo: No
ChatterBot Alpha reevaluating
ChatterBot India reevaluating
ChatterBot India reevaluating
ChatterBot Alpha reevaluating
ChatterBot India reevaluating
2024-10-14 19:40:18.471679 Zulu: Alpha, sending you 6
2024-10-14 19:40:18.472700 Charlie: Kilo, sending you 3
2024-10-14 19:40:18.473590 India: Delta we want you to join our group
2024-10-14 19:40:18.477042 Delta: No
ChatterBot Alpha reevaluating
ChatterBot India reevaluating
2024-10-14 19:40:18.490494 India: We should replace Charlie with X-ray
ChatterBot Alpha reevaluating
2024-10-14 19:40:18.500168 Zulu: No
2024-10-14 19:40:18.500349 Alpha: No
2024-10-14 19:40:18.500509 Bravo: No
ChatterBot Alpha reevaluating
ChatterBot India reevaluating
ChatterBot India reevaluating
ChatterBot Alpha reevaluating
ChatterBot India reevaluating
2024-10-14 19:40:18.529294 Zulu: India, sending you 5
2024-10-14 19:40:18.529583 Charlie: X-ray, sending you 2
2024-10-14 19:40:18.531691 X-ray: Same as last round
2024-10-14 19:40:18.532211 Kilo: Charlie, Delta, Uniform and Mike, sending you 2
2024-10-14 19:40:18.532788 Zulu: Bravo, sending you 4
2024-10-14 19:40:18.533109 Mike: Charlie and Uniform, sending you 4
2024-10-14 19:40:18.533591 Delta: Charlie and Uniform, sending you 4
2024-10-14 19:40:18.534051 Uniform: Charlie, sending you 4
2024-10-14 19:40:18.534498 Charlie: Delta and Mike, sending you 4
2024-10-14 19:40:18.535675 Kilo: X-ray, sending you 1
2024-10-14 19:40:18.536759 Uniform: Kilo, sending you 2
2024-10-14 19:40:18.537831 Mike: Kilo and Delta, sending you 3
2024-10-14 19:40:18.538524 Charlie: Uniform, sending you 5
2024-10-14 19:40:18.539475 Delta: Kilo and Mike, sending you 3
2024-10-14 19:40:18.540683 Mike: X-ray, sending you 1
2024-10-14 19:40:18.541653 Uniform: X-ray, sending you 7
2024-10-14 19:40:18.542726 Delta: X-ray, sending you 1
2024-10-14 19:40:18.545753 Bravo: Same as last round
2024-10-14 19:40:18.546186 Uniform: Delta and Mike, sending you 3
2024-10-14 19:40:18.558682 Alpha: Zulu, sending you 6
2024-10-14 19:40:18.560667 India: Zulu, Alpha and Bravo, sending you 4
2024-10-14 19:40:18.561682 Alpha: Delta, sending you 2
2024-10-14 19:40:18.564675 India: Delta, sending you 2
2024-10-14 19:40:18.565115 Alpha: India and Bravo, sending you 4
chatterbot Delta submitting transactions
chatterbot Uniform submitting transactions
chatterbot Zulu submitting transactions
chatterbot Alpha submitting transactions
chatterbot India submitting transactions
chatterbot Kilo submitting transactions
chatterbot Mike submitting transactions
chatterbot Charlie submitting transactions
chatterbot X-ray submitting transactions
chatterbot Bravo submitting transactions
ChatterBot Zulu round 8
ChatterBot Charlie round 8
ChatterBot Alpha round 8
ChatterBot Kilo round 8
ChatterBot X-ray round 8
ChatterBot Delta round 8
ChatterBot Uniform round 8
ChatterBot Mike round 8
ChatterBot India round 8
ChatterBot Bravo round 8
2024-10-14 19:40:19.756407 India: We should replace Delta with Uniform
2024-10-14 19:40:19.765607 Zulu: No
2024-10-14 19:40:19.765830 Alpha: No
2024-10-14 19:40:19.765998 Bravo: No
ChatterBot India reevaluating
ChatterBot India reevaluating
ChatterBot India reevaluating
2024-10-14 19:40:19.795649 Charlie: Kilo, sending you 3
2024-10-14 19:40:19.796951 Alpha: Zulu, sending you 6
2024-10-14 19:40:19.797575 X-ray: Same as last round
2024-10-14 19:40:19.797886 Kilo: Charlie, Delta, Uniform and Mike, sending you 2
2024-10-14 19:40:19.798529 Zulu: Alpha, sending you 6
2024-10-14 19:40:19.799700 Charlie: X-ray, sending you 2
2024-10-14 19:40:19.800668 Alpha: X-ray, sending you 2
2024-10-14 19:40:19.802658 Kilo: X-ray, sending you 1
2024-10-14 19:40:19.803687 Zulu: India, sending you 5
2024-10-14 19:40:19.804689 Charlie: Delta and Mike, sending you 4
2024-10-14 19:40:19.805162 Alpha: India and Bravo, sending you 4
2024-10-14 19:40:19.806673 Mike: Charlie, sending you 4
2024-10-14 19:40:19.808682 Zulu: Bravo, sending you 4
2024-10-14 19:40:19.809672 Charlie: Uniform, sending you 5
2024-10-14 19:40:19.810310 Mike: Kilo, sending you 2
2024-10-14 19:40:19.811679 Bravo: Same as last round
2024-10-14 19:40:19.813652 India: Zulu, Alpha and Bravo, sending you 4
2024-10-14 19:40:19.815677 Mike: X-ray, sending you 1
2024-10-14 19:40:19.816297 Delta: Charlie and Uniform, sending you 4
2024-10-14 19:40:19.816882 Uniform: Charlie, Delta and Mike, sending you 3
2024-10-14 19:40:19.817448 India: Delta, sending you 2
2024-10-14 19:40:19.820677 Mike: Delta, sending you 3
2024-10-14 19:40:19.821269 Delta: Kilo and Mike, sending you 3
2024-10-14 19:40:19.821897 Uniform: Kilo, sending you 2
2024-10-14 19:40:19.823669 Mike: Uniform, sending you 5
2024-10-14 19:40:19.824658 Delta: X-ray, sending you 1
2024-10-14 19:40:19.827685 Uniform: X-ray, sending you 8
chatterbot Kilo submitting transactions
chatterbot Mike submitting transactions
chatterbot X-ray submitting transactions
chatterbot Uniform submitting transactions
chatterbot Zulu submitting transactions
chatterbot Bravo submitting transactions
chatterbot Charlie submitting transactions
chatterbot India submitting transactions
chatterbot Alpha submitting transactions
chatterbot Delta submitting transactions
ChatterBot Zulu round 9
ChatterBot Charlie round 9
ChatterBot Alpha round 9
ChatterBot Kilo round 9
ChatterBot X-ray round 9
ChatterBot Delta round 9
ChatterBot Uniform round 9
ChatterBot Mike round 9
ChatterBot India round 9
ChatterBot Bravo round 9
2024-10-14 19:40:20.721675 Kilo: Charlie, Delta, Uniform and Mike, sending you 2
2024-10-14 19:40:20.722879 Alpha: Zulu, sending you 6
2024-10-14 19:40:20.724846 India: Zulu, Alpha and Bravo, sending you 4
2024-10-14 19:40:20.725702 Uniform: Charlie, Delta and Mike, sending you 3
2024-10-14 19:40:20.726631 Delta: Charlie and Uniform, sending you 4
2024-10-14 19:40:20.727579 Zulu: Alpha, sending you 6
2024-10-14 19:40:20.727911 Kilo: X-ray, sending you 1
2024-10-14 19:40:20.728384 Alpha: Delta, sending you 2
2024-10-14 19:40:20.729780 India: Kilo, sending you 2
2024-10-14 19:40:20.730681 Mike: Charlie, sending you 4
2024-10-14 19:40:20.731546 Uniform: Kilo, sending you 2
2024-10-14 19:40:20.732732 Delta: Kilo and Mike, sending you 3
2024-10-14 19:40:20.733306 Zulu: India, sending you 5
2024-10-14 19:40:20.733709 Alpha: India and Bravo, sending you 4
2024-10-14 19:40:20.735674 Charlie: Kilo, sending you 3
2024-10-14 19:40:20.736407 Mike: Kilo, sending you 2
2024-10-14 19:40:20.737462 Delta: X-ray, sending you 1
2024-10-14 19:40:20.737962 Zulu: Bravo, sending you 4
2024-10-14 19:40:20.738448 Uniform: X-ray, sending you 8
2024-10-14 19:40:20.739018 X-ray: Same as last round
2024-10-14 19:40:20.740686 Charlie: X-ray, sending you 2
2024-10-14 19:40:20.741947 Mike: X-ray, sending you 1
2024-10-14 19:40:20.742650 Bravo: Same as last round
2024-10-14 19:40:20.744665 Mike: Delta, sending you 3
2024-10-14 19:40:20.746276 Charlie: Delta and Mike, sending you 4
2024-10-14 19:40:20.747666 Mike: Uniform, sending you 5
2024-10-14 19:40:20.750913 Charlie: Uniform, sending you 5
chatterbot Uniform submitting transactions
chatterbot Mike submitting transactions
chatterbot Zulu submitting transactions
chatterbot India submitting transactions
chatterbot Alpha submitting transactions
chatterbot Delta submitting transactions
chatterbot Bravo submitting transactions
chatterbot Kilo submitting transactions
chatterbot X-ray submitting transactions
chatterbot Charlie submitting transactions
ChatterBot Zulu round 10
ChatterBot Charlie round 10
ChatterBot Alpha round 10
ChatterBot Kilo round 10
ChatterBot X-ray round 10
ChatterBot Delta round 10
ChatterBot Uniform round 10
ChatterBot Mike round 10
ChatterBot India round 10
ChatterBot Bravo round 10
2024-10-14 19:40:21.933241 India: We should replace Kilo with Mike
ChatterBot Alpha reevaluating
2024-10-14 19:40:21.941409 Zulu: No
2024-10-14 19:40:21.941603 Alpha: Yes
2024-10-14 19:40:21.941776 Bravo: No
ChatterBot Alpha reevaluating
ChatterBot India reevaluating
ChatterBot India reevaluating
ChatterBot Alpha reevaluating
ChatterBot India reevaluating
2024-10-14 19:40:21.965630 India: We should replace Kilo with Charlie
ChatterBot Alpha reevaluating
2024-10-14 19:40:21.974191 Zulu: No
2024-10-14 19:40:21.974397 Alpha: No
2024-10-14 19:40:21.974557 Bravo: No
ChatterBot Alpha reevaluating
ChatterBot India reevaluating
ChatterBot India reevaluating
ChatterBot Alpha reevaluating
ChatterBot India reevaluating
2024-10-14 19:40:22.001329 Charlie: Kilo, sending you 3
2024-10-14 19:40:22.002295 Zulu: Alpha, sending you 6
2024-10-14 19:40:22.004676 Charlie: X-ray, sending you 2
2024-10-14 19:40:22.005686 Mike: Charlie, sending you 4
2024-10-14 19:40:22.006632 Bravo: Same as last round
2024-10-14 19:40:22.007364 Zulu: India, sending you 5
2024-10-14 19:40:22.007927 X-ray: Same as last round
2024-10-14 19:40:22.008232 Delta: Charlie and Uniform, sending you 4
2024-10-14 19:40:22.009023 Uniform: Charlie, Delta and Mike, sending you 3
2024-10-14 19:40:22.009818 India: Charlie we want you to join our group
2024-10-14 19:40:22.013233 Charlie: No
ChatterBot India reevaluating
2024-10-14 19:40:22.025947 India: We should replace Kilo with Delta
2024-10-14 19:40:22.034888 Zulu: No
2024-10-14 19:40:22.035106 Alpha: No
2024-10-14 19:40:22.035278 Bravo: No
ChatterBot Alpha reevaluating
ChatterBot India reevaluating
ChatterBot India reevaluating
ChatterBot Alpha reevaluating
ChatterBot India reevaluating
2024-10-14 19:40:22.067510 Charlie: Delta and Mike, sending you 4
2024-10-14 19:40:22.068998 Mike: Kilo, sending you 2
2024-10-14 19:40:22.069669 Delta: Kilo and Mike, sending you 3
2024-10-14 19:40:22.070262 Zulu: Bravo, sending you 4
2024-10-14 19:40:22.071506 Uniform: Kilo, sending you 2
2024-10-14 19:40:22.072685 Charlie: Uniform, sending you 5
2024-10-14 19:40:22.073306 India: Delta we want you to join our group
2024-10-14 19:40:22.076019 Delta: No
ChatterBot Alpha reevaluating
ChatterBot India reevaluating
2024-10-14 19:40:22.092714 Delta: X-ray, sending you 1
2024-10-14 19:40:22.095191 Mike: X-ray, sending you 1
2024-10-14 19:40:22.097830 Uniform: X-ray, sending you 8
2024-10-14 19:40:22.100478 Kilo: Charlie, Delta, Uniform and Mike, sending you 2
2024-10-14 19:40:22.103206 India: Mike we want you to join our group
2024-10-14 19:40:22.109834 Mike: No
ChatterBot India reevaluating
ChatterBot Alpha reevaluating
2024-10-14 19:40:22.127412 Mike: Delta, sending you 3
2024-10-14 19:40:22.129089 Kilo: X-ray, sending you 1
2024-10-14 19:40:22.131701 Mike: Uniform, sending you 5
2024-10-14 19:40:22.150702 Alpha: Zulu, sending you 6
2024-10-14 19:40:22.154701 Alpha: Delta, sending you 2
2024-10-14 19:40:22.156124 India: Zulu and Alpha, sending you 5
2024-10-14 19:40:22.159703 Alpha: India and Bravo, sending you 4
2024-10-14 19:40:22.161079 India: Bravo, sending you 4
chatterbot X-ray submitting transactions
chatterbot Uniform submitting transactions
chatterbot Mike submitting transactions
chatterbot Delta submitting transactions
chatterbot Kilo submitting transactions
chatterbot Bravo submitting transactions
chatterbot Alpha submitting transactions
chatterbot Zulu submitting transactions
chatterbot Charlie submitting transactions
chatterbot India submitting transactions
ChatterBot Zulu round 11
ChatterBot Charlie round 11
ChatterBot Alpha round 11
ChatterBot Kilo round 11
ChatterBot X-ray round 11
ChatterBot Delta round 11
ChatterBot Uniform round 11
ChatterBot Mike round 11
ChatterBot India round 11
ChatterBot Bravo round 11
2024-10-14 19:40:23.213679 Zulu: Alpha, sending you 6
2024-10-14 19:40:23.217659 Zulu: India, sending you 5
2024-10-14 19:40:23.220678 Charlie: Kilo, sending you 3
2024-10-14 19:40:23.222687 Zulu: Bravo, sending you 4
2024-10-14 19:40:23.223224 India: Zulu and Alpha, sending you 5
2024-10-14 19:40:23.224275 Delta: Charlie and Uniform, sending you 4
2024-10-14 19:40:23.226105 Mike: Charlie, sending you 4
2024-10-14 19:40:23.227142 Charlie: X-ray, sending you 2
2024-10-14 19:40:23.228572 Kilo: Charlie, Delta, Uniform and Mike, sending you 2
2024-10-14 19:40:23.229505 Bravo: Same as last round
2024-10-14 19:40:23.230160 Uniform: Charlie, Delta and Mike, sending you 3
2024-10-14 19:40:23.231629 India: Bravo, sending you 4
2024-10-14 19:40:23.232357 Delta: Kilo and Mike, sending you 3
2024-10-14 19:40:23.233774 Mike: Kilo, sending you 2
2024-10-14 19:40:23.234699 Alpha: Zulu, sending you 6
2024-10-14 19:40:23.235700 Charlie: Delta and Mike, sending you 4
2024-10-14 19:40:23.236935 X-ray: Same as last round
2024-10-14 19:40:23.237983 Kilo: X-ray, sending you 1
2024-10-14 19:40:23.238953 Uniform: Kilo, sending you 2
2024-10-14 19:40:23.240071 Delta: X-ray, sending you 1
2024-10-14 19:40:23.241608 Mike: Delta, sending you 3
2024-10-14 19:40:23.242573 Charlie: Uniform, sending you 5
2024-10-14 19:40:23.244094 Alpha: Charlie, sending you 2
2024-10-14 19:40:23.244527 Uniform: X-ray, sending you 8
2024-10-14 19:40:23.246697 Mike: Uniform, sending you 6
2024-10-14 19:40:23.248087 Alpha: India and Bravo, sending you 4
chatterbot India submitting transactions
chatterbot Alpha submitting transactions
chatterbot Bravo submitting transactions
chatterbot Zulu submitting transactions
chatterbot X-ray submitting transactions
chatterbot Delta submitting transactions
chatterbot Charlie submitting transactions
chatterbot Kilo submitting transactions
chatterbot Uniform submitting transactions
chatterbot Mike submitting transactions
ChatterBot Zulu round 12
ChatterBot Charlie round 12
ChatterBot Alpha round 12
ChatterBot Kilo round 12
ChatterBot X-ray round 12
ChatterBot Delta round 12
ChatterBot Uniform round 12
ChatterBot Mike round 12
ChatterBot India round 12
ChatterBot Bravo round 12
2024-10-14 19:40:24.527669 Zulu: Alpha, sending you 6
2024-10-14 19:40:24.529685 X-ray: Same as last round
2024-10-14 19:40:24.531666 Mike: Charlie, sending you 4
2024-10-14 19:40:24.534078 Zulu: India, sending you 5
2024-10-14 19:40:24.536061 Bravo: Same as last round
2024-10-14 19:40:24.536860 Delta: Charlie and Uniform, sending you 4
2024-10-14 19:40:24.538488 Mike: Kilo, sending you 2
2024-10-14 19:40:24.540215 Charlie: Kilo, sending you 3
2024-10-14 19:40:24.541170 Zulu: Bravo, sending you 4
2024-10-14 19:40:24.542339 Kilo: Charlie, Delta, Uniform and Mike, sending you 2
2024-10-14 19:40:24.543012 Uniform: Charlie, Delta and Mike, sending you 3
2024-10-14 19:40:24.544167 Delta: Kilo and Mike, sending you 3
2024-10-14 19:40:24.545432 Mike: Delta, sending you 3
2024-10-14 19:40:24.546133 Charlie: X-ray, sending you 2
2024-10-14 19:40:24.547670 Kilo: X-ray, sending you 1
2024-10-14 19:40:24.549295 Uniform: Kilo, sending you 2
2024-10-14 19:40:24.551026 Alpha: Zulu, sending you 6
2024-10-14 19:40:24.551827 India: Zulu and Alpha, sending you 5
2024-10-14 19:40:24.552946 Delta: X-ray, sending you 1
2024-10-14 19:40:24.554989 Mike: Uniform, sending you 6
2024-10-14 19:40:24.556009 Charlie: Delta and Mike, sending you 4
2024-10-14 19:40:24.557697 Uniform: X-ray, sending you 8
2024-10-14 19:40:24.558991 Alpha: Delta, sending you 2
2024-10-14 19:40:24.559332 India: Bravo, sending you 4
2024-10-14 19:40:24.561679 Charlie: Uniform, sending you 5
2024-10-14 19:40:24.564293 Alpha: India and Bravo, sending you 4
chatterbot Bravo submitting transactions
chatterbot Delta submitting transactions
chatterbot X-ray submitting transactions
chatterbot Uniform submitting transactions
chatterbot India submitting transactions
chatterbot Mike submitting transactions
chatterbot Kilo submitting transactions
chatterbot Zulu submitting transactions
chatterbot Charlie submitting transactions
chatterbot Alpha submitting transactions
ChatterBot Zulu round 13
ChatterBot Charlie round 13
ChatterBot Alpha round 13
ChatterBot Kilo round 13
ChatterBot X-ray round 13
ChatterBot Delta round 13
ChatterBot Uniform round 13
ChatterBot Mike round 13
ChatterBot India round 13
ChatterBot Bravo round 13
2024-10-14 19:40:25.781675 Zulu: Alpha, sending you 6
2024-10-14 19:40:25.784676 Zulu: India, sending you 5
2024-10-14 19:40:25.787667 Uniform: Charlie, Delta and Mike, sending you 3
2024-10-14 19:40:25.789303 X-ray: Same as last round
2024-10-14 19:40:25.791697 Zulu: Bravo, sending you 4
2024-10-14 19:40:25.792510 Mike: Charlie, sending you 4
2024-10-14 19:40:25.794355 Uniform: Kilo, sending you 2
2024-10-14 19:40:25.796378 Charlie: Kilo, sending you 3
2024-10-14 19:40:25.797305 Delta: Charlie, sending you 4
2024-10-14 19:40:25.798582 Alpha: Zulu, sending you 6
2024-10-14 19:40:25.799010 India: Zulu and Alpha, sending you 5
2024-10-14 19:40:25.799504 Kilo: Charlie, Delta, Uniform and Mike, sending you 2
2024-10-14 19:40:25.800789 Mike: Kilo, sending you 2
2024-10-14 19:40:25.801522 Uniform: X-ray, sending you 8
2024-10-14 19:40:25.802821 Charlie: X-ray, sending you 2
2024-10-14 19:40:25.803664 India: Bravo, sending you 4
2024-10-14 19:40:25.804676 Delta: Kilo and Mike, sending you 3
2024-10-14 19:40:25.805480 Alpha: Mike, sending you 2
2024-10-14 19:40:25.805940 Mike: Delta, sending you 3
2024-10-14 19:40:25.807904 Kilo: X-ray, sending you 1
2024-10-14 19:40:25.810479 Bravo: Same as last round
2024-10-14 19:40:25.812182 Charlie: Delta and Mike, sending you 4
2024-10-14 19:40:25.813299 Alpha: India and Bravo, sending you 4
2024-10-14 19:40:25.814386 Delta: Uniform, sending you 5
2024-10-14 19:40:25.815327 Mike: Uniform, sending you 6
2024-10-14 19:40:25.816835 Charlie: Uniform, sending you 5
chatterbot Kilo submitting transactions
chatterbot Zulu submitting transactions
chatterbot X-ray submitting transactions
chatterbot India submitting transactions
chatterbot Delta submitting transactions
chatterbot Uniform submitting transactions
chatterbot Alpha submitting transactions
chatterbot Mike submitting transactions
chatterbot Bravo submitting transactions
chatterbot Charlie submitting transactions
ChatterBot Zulu round 14
ChatterBot Charlie round 14
ChatterBot Alpha round 14
ChatterBot Kilo round 14
ChatterBot X-ray round 14
ChatterBot Delta round 14
ChatterBot Uniform round 14
ChatterBot Mike round 14
ChatterBot India round 14
ChatterBot Bravo round 14
2024-10-14 19:40:27.003664 Charlie: Kilo, sending you 3
2024-10-14 19:40:27.004862 Kilo: Charlie, Delta, Uniform and Mike, sending you 2
2024-10-14 19:40:27.006658 Uniform: Charlie, Delta and Mike, sending you 3
2024-10-14 19:40:27.008149 X-ray: Same as last round
2024-10-14 19:40:27.008585 Alpha: Zulu, sending you 6
2024-10-14 19:40:27.009343 Charlie: X-ray, sending you 2
2024-10-14 19:40:27.011173 Kilo: X-ray, sending you 1
2024-10-14 19:40:27.013219 Uniform: Kilo, sending you 2
2024-10-14 19:40:27.014402 Zulu: Alpha, sending you 6
2024-10-14 19:40:27.015435 Alpha: Delta, sending you 2
2024-10-14 19:40:27.016006 Charlie: Delta and Mike, sending you 4
2024-10-14 19:40:27.016929 Uniform: X-ray, sending you 8
2024-10-14 19:40:27.018671 Mike: Charlie, sending you 4
2024-10-14 19:40:27.020437 Zulu: India, sending you 5
2024-10-14 19:40:27.021031 Alpha: India and Bravo, sending you 4
2024-10-14 19:40:27.021768 Delta: Charlie, sending you 4
2024-10-14 19:40:27.023487 Charlie: Uniform, sending you 5
2024-10-14 19:40:27.025451 India: Zulu, Alpha and Bravo, sending you 4
2024-10-14 19:40:27.026038 Mike: Kilo, sending you 2
2024-10-14 19:40:27.027016 Bravo: Same as last round
2024-10-14 19:40:27.028150 Zulu: Bravo, sending you 4
2024-10-14 19:40:27.028644 Delta: Kilo and Mike, sending you 3
2024-10-14 19:40:27.030687 India: Mike, sending you 2
2024-10-14 19:40:27.031671 Mike: Delta, sending you 3
2024-10-14 19:40:27.033681 Delta: Uniform, sending you 5
2024-10-14 19:40:27.036678 Mike: Uniform, sending you 6
chatterbot Charlie submitting transactions
chatterbot Bravo submitting transactions
chatterbot Mike submitting transactions
chatterbot Kilo submitting transactions
chatterbot Uniform submitting transactions
chatterbot Alpha submitting transactions
chatterbot Delta submitting transactions
chatterbot X-ray submitting transactions
chatterbot India submitting transactions
chatterbot Zulu submitting transactions
ChatterBot Zulu round 15
ChatterBot Charlie round 15
ChatterBot Alpha round 15
ChatterBot Kilo round 15
ChatterBot X-ray round 15
ChatterBot Delta round 15
ChatterBot Uniform round 15
ChatterBot Mike round 15
ChatterBot India round 15
ChatterBot Bravo round 15
2024-10-14 19:40:28.147086 India: We should replace Mike with Charlie
ChatterBot Alpha reevaluating
2024-10-14 19:40:28.155571 Zulu: No
2024-10-14 19:40:28.155785 Alpha: Yes
2024-10-14 19:40:28.155938 Bravo: No
ChatterBot Alpha reevaluating
ChatterBot Alpha reevaluating
2024-10-14 19:40:28.196279 India: Charlie we want you to join our group
2024-10-14 19:40:28.200806 Charlie: No
ChatterBot India reevaluating
ChatterBot Alpha reevaluating
2024-10-14 19:40:28.212072 India: We should replace Mike with X-ray
ChatterBot Alpha reevaluating
2024-10-14 19:40:28.219732 Zulu: No
2024-10-14 19:40:28.219889 Alpha: No
2024-10-14 19:40:28.220021 Bravo: No
ChatterBot Alpha reevaluating
ChatterBot India reevaluating
ChatterBot India reevaluating
ChatterBot Alpha reevaluating
ChatterBot India reevaluating
2024-10-14 19:40:28.243879 X-ray: Same as last round
2024-10-14 19:40:28.247664 Uniform: Charlie, Delta and Mike, sending you 3
2024-10-14 19:40:28.249499 Kilo: Charlie, Delta, Uniform and Mike, sending you 2
