ChatterBot Delta round 1
ChatterBot Foxtrot round 1
ChatterBot Yankee round 1
ChatterBot Tango round 1
ChatterBot Echo round 1
ChatterBot November round 1
ChatterBot Lima round 1
ChatterBot Kilo round 1
ChatterBot Oscar round 1
ChatterBot Quebec round 1
randomSelections November: {November, Yankee, Tango, Echo, Lima, Kilo} 
2024-10-14 19:40:08.300621 November: Friends?
ChatterBot Yankee reevaluating
ChatterBot Tango reevaluating
ChatterBot Echo reevaluating
ChatterBot Lima reevaluating
ChatterBot Kilo reevaluating
2024-10-14 19:40:08.315052 Yankee: Yes
2024-10-14 19:40:08.315199 Tango: Yes
2024-10-14 19:40:08.315301 Echo: Yes
2024-10-14 19:40:08.315393 Lima: Yes
2024-10-14 19:40:08.315480 Kilo: Yes
ChatterBot Tango reevaluating
ChatterBot Echo reevaluating
ChatterBot Lima reevaluating
ChatterBot Kilo reevaluating
ChatterBot Yankee reevaluating
ChatterBot Echo reevaluating
ChatterBot Lima reevaluating
ChatterBot Kilo reevaluating
ChatterBot Yankee reevaluating
ChatterBot Tango reevaluating
ChatterBot Lima reevaluating
ChatterBot Kilo reevaluating
ChatterBot Yankee reevaluating
ChatterBot Tango reevaluating
ChatterBot Echo reevaluating
ChatterBot Kilo reevaluating
ChatterBot Yankee reevaluating
ChatterBot Tango reevaluating
ChatterBot Echo reevaluating
ChatterBot Lima reevaluating
randomSelections Delta: {Delta, Foxtrot} 
2024-10-14 19:40:08.432961 Delta: We should group up
ChatterBot Foxtrot reevaluating
2024-10-14 19:40:08.435702 Foxtrot: Yes
randomSelections Quebec: {Quebec, Oscar, November, Yankee, Foxtrot, Kilo} 
2024-10-14 19:40:08.441213 Quebec: Group up?
ChatterBot Oscar reevaluating
ChatterBot Yankee reevaluating
ChatterBot Foxtrot reevaluating
ChatterBot Kilo reevaluating
2024-10-14 19:40:08.448712 Oscar: Yes
2024-10-14 19:40:08.448890 November: No
2024-10-14 19:40:08.449076 Yankee: No
2024-10-14 19:40:08.449403 Foxtrot: No
2024-10-14 19:40:08.449692 Kilo: No
ChatterBot Yankee reevaluating
ChatterBot Foxtrot reevaluating
ChatterBot Kilo reevaluating
ChatterBot Oscar reevaluating
ChatterBot Yankee reevaluating
ChatterBot Foxtrot reevaluating
ChatterBot Kilo reevaluating
ChatterBot Oscar reevaluating
ChatterBot Foxtrot reevaluating
ChatterBot Kilo reevaluating
ChatterBot Oscar reevaluating
ChatterBot Yankee reevaluating
ChatterBot Kilo reevaluating
ChatterBot Oscar reevaluating
ChatterBot Yankee reevaluating
ChatterBot Foxtrot reevaluating
2024-10-14 19:40:08.503215 Quebec: Foxtrot, sending you 4
2024-10-14 19:40:08.507545 November: Yankee and Lima, sending you 4
2024-10-14 19:40:08.508317 Lima: Yankee and Echo, sending you 2
2024-10-14 19:40:08.509763 Quebec: Yankee and November, sending you 1
2024-10-14 19:40:08.511334 Yankee: Tango and Echo, sending you 2
2024-10-14 19:40:08.513952 November: Tango and Echo, sending you 1
2024-10-14 19:40:08.514537 Quebec: Kilo, sending you 8
2024-10-14 19:40:08.516025 Kilo: Yankee and November, sending you 2
2024-10-14 19:40:08.516731 Lima: Tango, sending you 3
2024-10-14 19:40:08.519028 Echo: Yankee, sending you 4
2024-10-14 19:40:08.520372 Tango: Echo, sending you 2
2024-10-14 19:40:08.521067 Yankee: November, sending you 1
2024-10-14 19:40:08.522574 Foxtrot: Sending you 15
2024-10-14 19:40:08.522966 Delta: Sending you 7
2024-10-14 19:40:08.523508 November: Kilo, sending you 5
2024-10-14 19:40:08.525029 Quebec: Oscar, sending you 2
2024-10-14 19:40:08.526401 Kilo: Tango, sending you 3
2024-10-14 19:40:08.527155 Lima: November, sending you 5
2024-10-14 19:40:08.528492 Oscar: Foxtrot, Yankee and November, sending you 4
2024-10-14 19:40:08.529205 Echo: Tango, sending you 5
2024-10-14 19:40:08.530992 Tango: November, sending you 5
2024-10-14 19:40:08.532353 Yankee: Lima, sending you 8
2024-10-14 19:40:08.533211 Kilo: Echo, sending you 1
2024-10-14 19:40:08.534512 Lima: Kilo, sending you 4
2024-10-14 19:40:08.535160 Oscar: Kilo, sending you 1
2024-10-14 19:40:08.536716 Echo: November, Lima and Kilo, sending you 2
2024-10-14 19:40:08.541287 Yankee: Kilo, sending you 4
2024-10-14 19:40:08.542676 Kilo: Lima, sending you 4
2024-10-14 19:40:08.543560 Oscar: Quebec, sending you 3
chatterbot Oscar submitting transactions
chatterbot Lima submitting transactions
chatterbot Quebec submitting transactions
chatterbot Yankee submitting transactions
chatterbot Delta submitting transactions
chatterbot Echo submitting transactions
chatterbot Kilo submitting transactions
chatterbot Tango submitting transactions
chatterbot November submitting transactions
chatterbot Foxtrot submitting transactions
ChatterBot Delta round 2
ChatterBot Foxtrot round 2
ChatterBot Yankee round 2
ChatterBot Tango round 2
ChatterBot Echo round 2
ChatterBot November round 2
ChatterBot Lima round 2
ChatterBot Kilo round 2
ChatterBot Oscar round 2
ChatterBot Quebec round 2
2024-10-14 19:40:13.370688 Foxtrot: We should add Oscar and Quebec
2024-10-14 19:40:13.375136 Delta: No
ChatterBot Foxtrot reevaluating
2024-10-14 19:40:13.382221 Foxtrot: Can we be friends?
ChatterBot Oscar reevaluating
ChatterBot Quebec reevaluating
ChatterBot Kilo reevaluating
2024-10-14 19:40:13.404172 Delta: No
2024-10-14 19:40:13.404317 Oscar: Yes
2024-10-14 19:40:13.404476 Quebec: No
2024-10-14 19:40:13.405092 Kilo: No
ChatterBot Foxtrot reevaluating
ChatterBot Oscar reevaluating
ChatterBot Quebec reevaluating
ChatterBot Kilo reevaluating
ChatterBot Foxtrot reevaluating
ChatterBot Delta reevaluating
ChatterBot Quebec reevaluating
ChatterBot Kilo reevaluating
ChatterBot Foxtrot reevaluating
ChatterBot Delta reevaluating
ChatterBot Oscar reevaluating
ChatterBot Kilo reevaluating
ChatterBot Foxtrot reevaluating
ChatterBot Delta reevaluating
ChatterBot Oscar reevaluating
ChatterBot Quebec reevaluating
2024-10-14 19:40:13.570047 Oscar: Group up?
ChatterBot Kilo reevaluating
ChatterBot Quebec reevaluating
ChatterBot Delta reevaluating
ChatterBot Foxtrot reevaluating
2024-10-14 19:40:13.591350 Kilo: We should add Oscar and Quebec
2024-10-14 19:40:13.591605 Kilo: No
2024-10-14 19:40:13.591773 Quebec: No
2024-10-14 19:40:13.592463 Delta: No
2024-10-14 19:40:13.592647 Foxtrot: No
ChatterBot November reevaluating
ChatterBot Yankee reevaluating
ChatterBot Lima reevaluating
ChatterBot Foxtrot reevaluating
ChatterBot Delta reevaluating
ChatterBot Oscar reevaluating
ChatterBot Quebec reevaluating
2024-10-14 19:40:13.650171 November: Yes
2024-10-14 19:40:13.651017 Yankee: Yes
2024-10-14 19:40:13.651195 Tango: No
2024-10-14 19:40:13.651370 Echo: No
2024-10-14 19:40:13.651531 Lima: No
ChatterBot Foxtrot reevaluating
ChatterBot Delta reevaluating
ChatterBot Oscar reevaluating
ChatterBot Kilo reevaluating
ChatterBot Foxtrot reevaluating
ChatterBot Oscar reevaluating
ChatterBot Quebec reevaluating
ChatterBot Yankee reevaluating
ChatterBot Lima reevaluating
ChatterBot Kilo reevaluating
ChatterBot Delta reevaluating
ChatterBot Oscar reevaluating
ChatterBot Quebec reevaluating
ChatterBot November reevaluating
ChatterBot Lima reevaluating
ChatterBot Kilo reevaluating
ChatterBot November reevaluating
ChatterBot Yankee reevaluating
ChatterBot Lima reevaluating
ChatterBot Kilo reevaluating
ChatterBot November reevaluating
ChatterBot Yankee reevaluating
ChatterBot Lima reevaluating
ChatterBot Kilo reevaluating
ChatterBot November reevaluating
ChatterBot Yankee reevaluating
ChatterBot Kilo reevaluating
ChatterBot Kilo reevaluating
ChatterBot Kilo reevaluating
2024-10-14 19:40:13.853161 Yankee: Oscar and Quebec we want you to join our group
ChatterBot Oscar reevaluating
ChatterBot Quebec reevaluating
2024-10-14 19:40:13.863263 Oscar: Yes
2024-10-14 19:40:13.863899 Quebec: Yes
ChatterBot November reevaluating
ChatterBot Lima reevaluating
ChatterBot Quebec reevaluating
ChatterBot Echo reevaluating
ChatterBot November reevaluating
ChatterBot Lima reevaluating
ChatterBot Oscar reevaluating
2024-10-14 19:40:13.920431 Quebec: Group up?
ChatterBot Echo reevaluating
ChatterBot November reevaluating
ChatterBot Lima reevaluating
ChatterBot Oscar reevaluating
2024-10-14 19:40:13.948855 Yankee: Yes
2024-10-14 19:40:13.948987 Tango: No
2024-10-14 19:40:13.949118 Echo: Yes
2024-10-14 19:40:13.949224 November: Yes
2024-10-14 19:40:13.949325 Lima: Yes
2024-10-14 19:40:13.949904 Kilo: Yes
2024-10-14 19:40:13.950078 Oscar: Yes
ChatterBot Echo reevaluating
ChatterBot November reevaluating
ChatterBot Lima reevaluating
ChatterBot Oscar reevaluating
ChatterBot Quebec reevaluating
ChatterBot Echo reevaluating
ChatterBot November reevaluating
ChatterBot Lima reevaluating
ChatterBot Oscar reevaluating
ChatterBot Quebec reevaluating
ChatterBot November reevaluating
ChatterBot Lima reevaluating
ChatterBot Oscar reevaluating
ChatterBot Quebec reevaluating
ChatterBot Echo reevaluating
ChatterBot Lima reevaluating
ChatterBot Oscar reevaluating
ChatterBot Quebec reevaluating
ChatterBot Tango reevaluating
ChatterBot Echo reevaluating
ChatterBot November reevaluating
ChatterBot Oscar reevaluating
ChatterBot Quebec reevaluating
ChatterBot Tango reevaluating
ChatterBot Echo reevaluating
ChatterBot November reevaluating
ChatterBot Lima reevaluating
ChatterBot Oscar reevaluating
ChatterBot Quebec reevaluating
ChatterBot Tango reevaluating
ChatterBot Echo reevaluating
ChatterBot November reevaluating
ChatterBot Lima reevaluating
ChatterBot Quebec reevaluating
2024-10-14 19:40:14.187109 Kilo: Oscar and Quebec we want you to join our group
ChatterBot Oscar reevaluating
ChatterBot Quebec reevaluating
2024-10-14 19:40:14.202103 Oscar: Yes
2024-10-14 19:40:14.202360 Quebec: Yes
ChatterBot Tango reevaluating
ChatterBot Echo reevaluating
ChatterBot November reevaluating
ChatterBot Lima reevaluating
ChatterBot Quebec reevaluating
ChatterBot Tango reevaluating
ChatterBot Echo reevaluating
ChatterBot November reevaluating
ChatterBot Lima reevaluating
ChatterBot Oscar reevaluating
2024-10-14 19:40:14.394725 Delta: Oscar we want you to join our group
ChatterBot Oscar reevaluating
2024-10-14 19:40:14.403360 Oscar: No
ChatterBot Delta reevaluating
ChatterBot Foxtrot reevaluating
2024-10-14 19:40:14.429064 Quebec: Yankee, sending you 2
2024-10-14 19:40:14.430700 November: Tango and Lima, sending you 4
2024-10-14 19:40:14.431677 Tango: Sending you each 1
2024-10-14 19:40:14.433025 Quebec: Tango, Echo, November, Lima and Kilo, sending you 1
2024-10-14 19:40:14.434245 November: Echo and Kilo, sending you 2
2024-10-14 19:40:14.434949 Oscar: Yankee, Tango, Echo, November and Lima, sending you 2
2024-10-14 19:40:14.436680 Lima: Yankee, sending you 8
2024-10-14 19:40:14.437980 November: Oscar, sending you 3
2024-10-14 19:40:14.438954 Quebec: Oscar, sending you 9
2024-10-14 19:40:14.440097 Yankee: Tango, sending you 1
2024-10-14 19:40:14.441290 Oscar: Quebec, sending you 6
2024-10-14 19:40:14.442049 Lima: Echo, sending you 2
2024-10-14 19:40:14.443206 Kilo: Yankee, November and Lima, sending you 2
2024-10-14 19:40:14.444121 Foxtrot: Delta, sending you 6
2024-10-14 19:40:14.445238 Yankee: Echo, sending you 4
2024-10-14 19:40:14.446220 Lima: November and Kilo, sending you 4
2024-10-14 19:40:14.447653 Kilo: Tango, Echo and Oscar, sending you 1
2024-10-14 19:40:14.449210 Delta: Foxtrot, sending you 4
2024-10-14 19:40:14.449745 Foxtrot: Kilo, sending you 1
2024-10-14 19:40:14.450713 Echo: Yankee, Tango and Lima, sending you 4
2024-10-14 19:40:14.451530 Yankee: November and Oscar, sending you 3
2024-10-14 19:40:14.452561 Kilo: Quebec, sending you 3
2024-10-14 19:40:14.453231 Delta: Oscar, sending you 3
2024-10-14 19:40:14.454018 Foxtrot: Oscar and Quebec, sending you 4
2024-10-14 19:40:14.454991 Echo: November, sending you 2
2024-10-14 19:40:14.456682 Yankee: Lima, Kilo and Quebec, sending you 2
2024-10-14 19:40:14.459672 Echo: Kilo, sending you 1
chatterbot Echo submitting transactions
chatterbot Tango submitting transactions
chatterbot Foxtrot submitting transactions
chatterbot Yankee submitting transactions
chatterbot Echo submitting transactions
chatterbot Tango submitting transactions
chatterbot Quebec submitting transactions
chatterbot Oscar submitting transactions
chatterbot November submitting transactions
chatterbot Kilo submitting transactions
chatterbot Lima submitting transactions
chatterbot Delta submitting transactions
ChatterBot Delta round 3
ChatterBot Foxtrot round 3
ChatterBot Yankee round 3
ChatterBot Tango round 3
ChatterBot Echo round 3
ChatterBot November round 3
ChatterBot Lima round 3
ChatterBot Kilo round 3
ChatterBot Oscar round 3
2024-10-14 19:40:15.578620 Foxtrot: We should replace Kilo with Yankee
2024-10-14 19:40:15.590933 Quebec: No
2024-10-14 19:40:15.591128 Delta: No
2024-10-14 19:40:15.591270 Oscar: No
ChatterBot Foxtrot reevaluating
ChatterBot Foxtrot reevaluating
ChatterBot Foxtrot reevaluating
ChatterBot Quebec round 3
2024-10-14 19:40:15.650710 Tango: Same as last round
2024-10-14 19:40:15.651716 Yankee: Tango, November, Kilo, Oscar and Quebec, sending you 2
2024-10-14 19:40:15.655668 Delta: Foxtrot, sending you 3
2024-10-14 19:40:15.656931 Yankee: Echo, sending you 3
2024-10-14 19:40:15.659685 Lima: Yankee, sending you 5
2024-10-14 19:40:15.660693 Yankee: Lima, sending you 4
2024-10-14 19:40:15.661301 Delta: Oscar and Quebec, sending you 2
2024-10-14 19:40:15.661601 Echo: Yankee, sending you 4
2024-10-14 19:40:15.664669 November: Yankee, Echo, Kilo and Oscar, sending you 2
2024-10-14 19:40:15.665165 Echo: Tango, November and Kilo, sending you 2
2024-10-14 19:40:15.666123 Lima: Tango, Oscar and Quebec, sending you 1
2024-10-14 19:40:15.666771 Kilo: Yankee, November and Quebec, sending you 2
2024-10-14 19:40:15.668693 November: Tango, sending you 3
2024-10-14 19:40:15.669735 Echo: Lima, sending you 3
2024-10-14 19:40:15.670231 Lima: Echo and Kilo, sending you 3
2024-10-14 19:40:15.670697 Kilo: Tango, Echo and Oscar, sending you 1
2024-10-14 19:40:15.671745 Foxtrot: Delta, sending you 8
2024-10-14 19:40:15.672074 Oscar: Yankee, Tango, Echo, November, Lima and Kilo, sending you 2
2024-10-14 19:40:15.672854 Quebec: Yankee and Tango, sending you 2
2024-10-14 19:40:15.673663 November: Lima, sending you 4
2024-10-14 19:40:15.674073 Echo: Oscar and Quebec, sending you 1
2024-10-14 19:40:15.674465 Lima: November, sending you 4
2024-10-14 19:40:15.675325 Kilo: Lima, sending you 3
2024-10-14 19:40:15.675738 Foxtrot: Kilo, sending you 1
2024-10-14 19:40:15.677022 Oscar: Quebec, sending you 4
2024-10-14 19:40:15.678675 Quebec: Echo, November and Lima, sending you 1
2024-10-14 19:40:15.680185 Foxtrot: Oscar and Quebec, sending you 3
2024-10-14 19:40:15.683653 Quebec: Kilo, sending you 3
2024-10-14 19:40:15.688704 Quebec: Oscar, sending you 6
chatterbot Tango submitting transactions
chatterbot Delta submitting transactions
chatterbot Kilo submitting transactions
chatterbot Foxtrot submitting transactions
chatterbot Quebec submitting transactions
chatterbot Oscar submitting transactions
chatterbot Echo submitting transactions
chatterbot Lima submitting transactions
chatterbot Yankee submitting transactions
chatterbot November submitting transactions
ChatterBot Delta round 4
ChatterBot Foxtrot round 4
ChatterBot Yankee round 4
ChatterBot Tango round 4
ChatterBot Echo round 4
ChatterBot November round 4
ChatterBot Lima round 4
ChatterBot Kilo round 4
ChatterBot Oscar round 4
ChatterBot Quebec round 4
2024-10-14 19:40:16.868646 Delta: We should drop Oscar and Quebec
2024-10-14 19:40:16.872392 Foxtrot: No
2024-10-14 19:40:16.901202 Foxtrot: We should drop Kilo
ChatterBot Oscar reevaluating
2024-10-14 19:40:16.918216 Quebec: No
2024-10-14 19:40:16.918401 Delta: Yes
2024-10-14 19:40:16.918563 Oscar: No
ChatterBot Oscar reevaluating
ChatterBot Oscar reevaluating
2024-10-14 19:40:16.960692 Yankee: Tango, November, Kilo, Oscar and Quebec, sending you 2
2024-10-14 19:40:16.966694 Yankee: Echo, sending you 3
2024-10-14 19:40:16.969696 Yankee: Lima, sending you 4
2024-10-14 19:40:16.970708 Kilo: Yankee, November and Quebec, sending you 2
2024-10-14 19:40:16.972083 Tango: Same as last round
2024-10-14 19:40:16.972635 Lima: Yankee, sending you 5
2024-10-14 19:40:16.974686 Echo: Yankee, sending you 4
2024-10-14 19:40:16.976674 Kilo: Tango, Echo and Oscar, sending you 1
2024-10-14 19:40:16.977321 Lima: Tango, Oscar and Quebec, sending you 1
2024-10-14 19:40:16.977905 Echo: Tango, November and Oscar, sending you 2
2024-10-14 19:40:16.978997 November: Yankee, Tango, Echo, Kilo and Oscar, sending you 2
2024-10-14 19:40:16.979696 Quebec: Yankee, Tango, Echo and Lima, sending you 2
2024-10-14 19:40:16.980300 Kilo: Lima, sending you 3
2024-10-14 19:40:16.981227 Delta: Sending you 5
2024-10-14 19:40:16.981684 Lima: Echo and Kilo, sending you 3
2024-10-14 19:40:16.982375 Echo: Lima, sending you 3
2024-10-14 19:40:16.983699 November: Lima, sending you 4
2024-10-14 19:40:16.984388 Foxtrot: Delta, sending you 9
2024-10-14 19:40:16.984720 Quebec: November, sending you 1
2024-10-14 19:40:16.985986 Lima: November, sending you 4
2024-10-14 19:40:16.986866 November: Quebec, sending you 1
2024-10-14 19:40:16.988690 Echo: Kilo and Quebec, sending you 1
2024-10-14 19:40:16.989949 Foxtrot: Oscar and Quebec, sending you 3
2024-10-14 19:40:16.990382 Oscar: Yankee, Tango, Echo, November, Lima and Kilo, sending you 2
2024-10-14 19:40:16.991072 Quebec: Kilo, sending you 3
2024-10-14 19:40:16.993690 Oscar: Quebec, sending you 4
2024-10-14 19:40:16.995263 Quebec: Oscar, sending you 4
chatterbot Echo submitting transactions
chatterbot Kilo submitting transactions
chatterbot Delta submitting transactions
chatterbot Tango submitting transactions
chatterbot Oscar submitting transactions
chatterbot Foxtrot submitting transactions
chatterbot November submitting transactions
chatterbot Lima submitting transactions
chatterbot Quebec submitting transactions
chatterbot Yankee submitting transactions
ChatterBot Delta round 5
ChatterBot Foxtrot round 5
ChatterBot Yankee round 5
ChatterBot Tango round 5
ChatterBot Echo round 5
ChatterBot November round 5
ChatterBot Lima round 5
ChatterBot Kilo round 5
ChatterBot Oscar round 5
ChatterBot Quebec round 5
2024-10-14 19:40:18.135428 November: We should drop Tango
ChatterBot Echo reevaluating
ChatterBot Lima reevaluating
2024-10-14 19:40:18.171499 Yankee: No
2024-10-14 19:40:18.171769 Echo: Yes
2024-10-14 19:40:18.171989 Lima: Yes
2024-10-14 19:40:18.172143 Kilo: No
2024-10-14 19:40:18.172661 Oscar: No
2024-10-14 19:40:18.172817 Quebec: No
ChatterBot November reevaluating
ChatterBot Echo reevaluating
ChatterBot Lima reevaluating
ChatterBot November reevaluating
ChatterBot Yankee reevaluating
ChatterBot Lima reevaluating
ChatterBot November reevaluating
ChatterBot Yankee reevaluating
ChatterBot Echo reevaluating
ChatterBot November reevaluating
ChatterBot Yankee reevaluating
ChatterBot Echo reevaluating
ChatterBot Lima reevaluating
ChatterBot November reevaluating
ChatterBot Yankee reevaluating
ChatterBot Echo reevaluating
ChatterBot Lima reevaluating
ChatterBot November reevaluating
ChatterBot Yankee reevaluating
ChatterBot Echo reevaluating
ChatterBot Lima reevaluating
2024-10-14 19:40:18.332949 Delta: Same as last round
2024-10-14 19:40:18.333356 Foxtrot: Delta, sending you 9
2024-10-14 19:40:18.333893 Tango: Same as last round
2024-10-14 19:40:18.336669 Foxtrot: Oscar and Quebec, sending you 3
2024-10-14 19:40:18.346684 Kilo: Yankee, November and Quebec, sending you 2
2024-10-14 19:40:18.348974 Echo: Yankee, sending you 5
2024-10-14 19:40:18.350672 Lima: Yankee and November, sending you 4
2024-10-14 19:40:18.351441 November: Yankee, Echo and Kilo, sending you 2
2024-10-14 19:40:18.351844 Oscar: Yankee, Tango, Echo, November, Lima and Kilo, sending you 2
2024-10-14 19:40:18.352835 Kilo: Tango, Echo and Oscar, sending you 1
2024-10-14 19:40:18.354200 Quebec: Yankee, Tango, Echo and Lima, sending you 2
2024-10-14 19:40:18.355185 Echo: November and Oscar, sending you 2
2024-10-14 19:40:18.356076 Lima: Tango and Quebec, sending you 1
2024-10-14 19:40:18.356994 November: Lima, sending you 5
2024-10-14 19:40:18.357619 Oscar: Quebec, sending you 4
2024-10-14 19:40:18.358999 Kilo: Lima, sending you 3
2024-10-14 19:40:18.359674 Quebec: November, sending you 1
2024-10-14 19:40:18.360792 Echo: Lima, sending you 4
2024-10-14 19:40:18.361226 November: Oscar, sending you 3
2024-10-14 19:40:18.361946 Lima: Echo and Kilo, sending you 3
2024-10-14 19:40:18.363870 Yankee: Echo, Kilo and Oscar, sending you 3
2024-10-14 19:40:18.364678 Echo: Kilo and Quebec, sending you 1
2024-10-14 19:40:18.365701 Quebec: Kilo, sending you 3
2024-10-14 19:40:18.367054 November: Quebec, sending you 1
2024-10-14 19:40:18.367577 Lima: Oscar, sending you 2
2024-10-14 19:40:18.369165 Yankee: November and Quebec, sending you 2
2024-10-14 19:40:18.371665 Quebec: Oscar, sending you 4
2024-10-14 19:40:18.373704 Yankee: Lima, sending you 4
chatterbot Tango submitting transactions
chatterbot November submitting transactions
chatterbot Echo submitting transactions
chatterbot Delta submitting transactions
chatterbot Foxtrot submitting transactions
chatterbot Yankee submitting transactions
chatterbot Quebec submitting transactions
chatterbot Kilo submitting transactions
chatterbot Oscar submitting transactions
chatterbot Lima submitting transactions
ChatterBot Delta round 6
ChatterBot Foxtrot round 6
ChatterBot Yankee round 6
ChatterBot Tango round 6
ChatterBot Echo round 6
ChatterBot November round 6
ChatterBot Lima round 6
ChatterBot Kilo round 6
ChatterBot Oscar round 6
ChatterBot Quebec round 6
2024-10-14 19:40:19.562235 Foxtrot: We should drop Quebec
2024-10-14 19:40:19.567794 Delta: Yes
2024-10-14 19:40:19.568330 Oscar: No
2024-10-14 19:40:19.581655 Delta: Same as last round
2024-10-14 19:40:19.581910 Tango: Same as last round
2024-10-14 19:40:19.582882 November: Yankee, Echo, Kilo and Oscar, sending you 2
2024-10-14 19:40:19.583238 Echo: Yankee and Lima, sending you 4
2024-10-14 19:40:19.583651 Yankee: Echo, Kilo and Oscar, sending you 3
2024-10-14 19:40:19.585682 November: Lima, sending you 6
2024-10-14 19:40:19.587694 Echo: November, Oscar and Quebec, sending you 2
2024-10-14 19:40:19.588120 Yankee: November and Quebec, sending you 2
2024-10-14 19:40:19.588694 Lima: Yankee and November, sending you 4
2024-10-14 19:40:19.589697 November: Quebec, sending you 1
2024-10-14 19:40:19.590684 Yankee: Lima, sending you 4
2024-10-14 19:40:19.592161 Kilo: Yankee, November and Quebec, sending you 2
2024-10-14 19:40:19.593658 Echo: Kilo, sending you 1
2024-10-14 19:40:19.594610 Lima: Tango and Quebec, sending you 1
2024-10-14 19:40:19.595870 Foxtrot: Delta, sending you 11
2024-10-14 19:40:19.597692 Kilo: Tango, Echo and Oscar, sending you 1
2024-10-14 19:40:19.598998 Foxtrot: Oscar, sending you 4
2024-10-14 19:40:19.599670 Lima: Echo and Kilo, sending you 3
2024-10-14 19:40:19.600314 Quebec: Yankee, Tango, Echo and Lima, sending you 2
2024-10-14 19:40:19.601666 Kilo: Lima, sending you 3
2024-10-14 19:40:19.602437 Oscar: Yankee, Tango, Echo, November, Lima and Kilo, sending you 2
2024-10-14 19:40:19.604703 Lima: Oscar, sending you 2
2024-10-14 19:40:19.605908 Quebec: November, sending you 1
2024-10-14 19:40:19.607677 Oscar: Quebec, sending you 4
2024-10-14 19:40:19.610652 Quebec: Kilo, sending you 3
2024-10-14 19:40:19.613660 Quebec: Oscar, sending you 4
chatterbot Yankee submitting transactions
chatterbot Foxtrot submitting transactions
chatterbot Kilo submitting transactions
chatterbot Delta submitting transactions
chatterbot Echo submitting transactions
chatterbot November submitting transactions
chatterbot Quebec submitting transactions
chatterbot Lima submitting transactions
chatterbot Tango submitting transactions
chatterbot Oscar submitting transactions
ChatterBot Delta round 7
ChatterBot Foxtrot round 7
ChatterBot Yankee round 7
ChatterBot Tango round 7
ChatterBot Echo round 7
ChatterBot November round 7
ChatterBot Lima round 7
ChatterBot Kilo round 7
ChatterBot Oscar round 7
ChatterBot Quebec round 7
2024-10-14 19:40:20.808678 Echo: Yankee and Lima, sending you 4
2024-10-14 19:40:20.810697 Yankee: Echo, Kilo and Oscar, sending you 3
2024-10-14 19:40:20.813683 Echo: November, Oscar and Quebec, sending you 2
2024-10-14 19:40:20.815688 Yankee: November and Quebec, sending you 2
2024-10-14 19:40:20.816944 Lima: Yankee and November, sending you 4
2024-10-14 19:40:20.818365 Oscar: Yankee and Quebec, sending you 3
2024-10-14 19:40:20.819223 Delta: Sending you 4
2024-10-14 19:40:20.819882 Echo: Kilo, sending you 1
2024-10-14 19:40:20.820260 Quebec: Yankee, Tango, Echo and Lima, sending you 2
2024-10-14 19:40:20.821010 Yankee: Lima, sending you 4
2024-10-14 19:40:20.822315 Foxtrot: Sending you 15
2024-10-14 19:40:20.822687 Lima: Tango and Quebec, sending you 1
2024-10-14 19:40:20.824197 Oscar: Tango, Echo, November, Lima and Kilo, sending you 2
2024-10-14 19:40:20.824948 November: Yankee, Echo, Kilo and Oscar, sending you 2
2024-10-14 19:40:20.826310 Quebec: November, sending you 1
2024-10-14 19:40:20.828714 Lima: Echo and Kilo, sending you 3
2024-10-14 19:40:20.829741 Tango: Same as last round
2024-10-14 19:40:20.831571 November: Lima, sending you 6
2024-10-14 19:40:20.832794 Kilo: Yankee, November, Lima, Oscar and Quebec, sending you 2
2024-10-14 19:40:20.833718 Quebec: Kilo, sending you 3
2024-10-14 19:40:20.835369 Lima: Oscar, sending you 2
2024-10-14 19:40:20.836646 November: Quebec, sending you 1
2024-10-14 19:40:20.837897 Quebec: Oscar, sending you 4
2024-10-14 19:40:20.839482 Kilo: Tango and Echo, sending you 1
chatterbot Tango submitting transactions
chatterbot Delta submitting transactions
chatterbot Lima submitting transactions
chatterbot Yankee submitting transactions
chatterbot Oscar submitting transactions
chatterbot November submitting transactions
chatterbot Kilo submitting transactions
chatterbot Foxtrot submitting transactions
chatterbot Echo submitting transactions
chatterbot Quebec submitting transactions
ChatterBot Delta round 8
ChatterBot Foxtrot round 8
ChatterBot Yankee round 8
ChatterBot Tango round 8
ChatterBot Echo round 8
2024-10-14 19:40:21.998874 Foxtrot: We should add Oscar
2024-10-14 19:40:22.002062 Delta: No
ChatterBot Foxtrot reevaluating
2024-10-14 19:40:22.006747 Foxtrot: Friends?
ChatterBot Yankee reevaluating
ChatterBot November reevaluating
2024-10-14 19:40:22.036476 Yankee: No
2024-10-14 19:40:22.036735 Tango: No
2024-10-14 19:40:22.036937 Echo: No
2024-10-14 19:40:22.037109 November: No
2024-10-14 19:40:22.037264 Lima: No
2024-10-14 19:40:22.037407 Kilo: No
2024-10-14 19:40:22.037570 Oscar: No
2024-10-14 19:40:22.037729 Quebec: No
ChatterBot Foxtrot reevaluating
ChatterBot November reevaluating
ChatterBot Foxtrot reevaluating
ChatterBot Yankee reevaluating
ChatterBot November reevaluating
ChatterBot Foxtrot reevaluating
ChatterBot Yankee reevaluating
ChatterBot November reevaluating
ChatterBot Foxtrot reevaluating
ChatterBot Yankee reevaluating
ChatterBot Foxtrot reevaluating
ChatterBot Yankee reevaluating
ChatterBot November reevaluating
ChatterBot Foxtrot reevaluating
ChatterBot Yankee reevaluating
ChatterBot November reevaluating
ChatterBot Foxtrot reevaluating
ChatterBot Yankee reevaluating
ChatterBot November reevaluating
ChatterBot Foxtrot reevaluating
ChatterBot Yankee reevaluating
ChatterBot November reevaluating
ChatterBot November round 8
ChatterBot Lima round 8
ChatterBot Kilo round 8
ChatterBot Oscar round 8
ChatterBot Quebec round 8
2024-10-14 19:40:22.297080 Foxtrot: We should add Tango
2024-10-14 19:40:22.300168 Delta: No
ChatterBot Foxtrot reevaluating
2024-10-14 19:40:22.318995 Quebec: We should drop Tango
2024-10-14 19:40:22.335160 November: Yes
2024-10-14 19:40:22.335339 Yankee: Yes
2024-10-14 19:40:22.335449 Echo: Yes
2024-10-14 19:40:22.335553 Lima: No
2024-10-14 19:40:22.335668 Kilo: No
2024-10-14 19:40:22.335776 Oscar: Yes
ChatterBot Quebec reevaluating
ChatterBot Kilo reevaluating
ChatterBot Quebec reevaluating
ChatterBot Lima reevaluating
ChatterBot Kilo reevaluating
ChatterBot Quebec reevaluating
ChatterBot Kilo reevaluating
ChatterBot Quebec reevaluating
ChatterBot Yankee reevaluating
ChatterBot Lima reevaluating
ChatterBot Quebec reevaluating
ChatterBot Yankee reevaluating
ChatterBot Lima reevaluating
ChatterBot Kilo reevaluating
ChatterBot Quebec reevaluating
2024-10-14 19:40:22.433498 Delta: Same as last round
2024-10-14 19:40:22.438303 Echo: Yankee and Lima, sending you 4
2024-10-14 19:40:22.439106 Tango: Same as last round
2024-10-14 19:40:22.440365 Foxtrot: Same as last round
2024-10-14 19:40:22.442096 Echo: November, Oscar and Quebec, sending you 2
2024-10-14 19:40:22.444667 November: Yankee, Echo, Kilo and Oscar, sending you 2
2024-10-14 19:40:22.446661 Echo: Kilo, sending you 1
2024-10-14 19:40:22.448662 November: Lima, sending you 6
2024-10-14 19:40:22.453666 November: Quebec, sending you 1
2024-10-14 19:40:22.458662 Quebec: Yankee and Kilo, sending you 3
2024-10-14 19:40:22.459849 Oscar: Yankee and November, sending you 3
2024-10-14 19:40:22.461920 Yankee: Echo, Kilo and Oscar, sending you 3
2024-10-14 19:40:22.462692 Oscar: Echo, Lima and Kilo, sending you 2
2024-10-14 19:40:22.463681 Quebec: Echo, November and Lima, sending you 2
2024-10-14 19:40:22.465659 Oscar: Quebec, sending you 4
2024-10-14 19:40:22.466975 Kilo: Yankee, November, Oscar and Quebec, sending you 2
2024-10-14 19:40:22.467503 Yankee: November and Quebec, sending you 2
2024-10-14 19:40:22.468005 Lima: Yankee, sending you 4
2024-10-14 19:40:22.469694 Quebec: Oscar, sending you 4
2024-10-14 19:40:22.470261 Kilo: Echo, sending you 1
2024-10-14 19:40:22.471272 Yankee: Lima, sending you 4
2024-10-14 19:40:22.472677 Lima: Echo and Kilo, sending you 3
2024-10-14 19:40:22.474294 Kilo: Lima, sending you 3
2024-10-14 19:40:22.478690 Lima: November, sending you 5
2024-10-14 19:40:22.483675 Lima: Oscar, sending you 2
2024-10-14 19:40:22.488671 Lima: Quebec, sending you 1
chatterbot Quebec submitting transactions
chatterbot Yankee submitting transactions
chatterbot Foxtrot submitting transactions
chatterbot Lima submitting transactions
chatterbot Tango submitting transactions
chatterbot Echo submitting transactions
chatterbot Delta submitting transactions
chatterbot Oscar submitting transactions
chatterbot Kilo submitting transactions
chatterbot November submitting transactions
ChatterBot Delta round 9
ChatterBot Foxtrot round 9
ChatterBot Yankee round 9
ChatterBot Tango round 9
ChatterBot Echo round 9
ChatterBot November round 9
ChatterBot Lima round 9
ChatterBot Kilo round 9
ChatterBot Oscar round 9
ChatterBot Quebec round 9
2024-10-14 19:40:23.556050 Lima: We should drop Tango
2024-10-14 19:40:23.573686 November: Yes
2024-10-14 19:40:23.573884 Yankee: Yes
2024-10-14 19:40:23.574031 Echo: Yes
2024-10-14 19:40:23.574173 Kilo: Yes
2024-10-14 19:40:23.574413 Oscar: Yes
2024-10-14 19:40:23.574607 Quebec: Yes
2024-10-14 19:40:23.673533 Foxtrot: Echo, November, Lima and Kilo, sending you 1
2024-10-14 19:40:23.676703 Tango: Same as last round
2024-10-14 19:40:23.678264 Yankee: Echo, Kilo and Oscar, sending you 3
2024-10-14 19:40:23.678953 Delta: Sending you 3
2024-10-14 19:40:23.679288 November: Yankee, Echo, Kilo and Oscar, sending you 2
2024-10-14 19:40:23.680437 Echo: Yankee and Lima, sending you 4
2024-10-14 19:40:23.680985 Oscar: Yankee, November, Lima and Quebec, sending you 3
2024-10-14 19:40:23.681640 Foxtrot: Oscar, sending you 6
2024-10-14 19:40:23.682096 Kilo: Yankee, November, Oscar and Quebec, sending you 2
2024-10-14 19:40:23.683677 Yankee: November and Quebec, sending you 2
2024-10-14 19:40:23.684745 Oscar: Echo and Kilo, sending you 2
2024-10-14 19:40:23.686035 November: Lima, sending you 6
2024-10-14 19:40:23.686825 Echo: November, Oscar and Quebec, sending you 2
2024-10-14 19:40:23.687599 Foxtrot: Quebec, sending you 5
2024-10-14 19:40:23.688607 Kilo: Echo, sending you 1
2024-10-14 19:40:23.689711 Yankee: Lima, sending you 4
2024-10-14 19:40:23.691447 November: Quebec, sending you 1
2024-10-14 19:40:23.692495 Echo: Kilo, sending you 1
2024-10-14 19:40:23.693858 Kilo: Lima, sending you 3
2024-10-14 19:40:23.694828 Quebec: Yankee and Kilo, sending you 3
2024-10-14 19:40:23.696280 Lima: Yankee, sending you 4
2024-10-14 19:40:23.698670 Quebec: Echo, November and Lima, sending you 2
2024-10-14 19:40:23.701997 Lima: Echo and Kilo, sending you 3
2024-10-14 19:40:23.702934 Quebec: Oscar, sending you 4
2024-10-14 19:40:23.707905 Lima: November, sending you 5
2024-10-14 19:40:23.714664 Lima: Oscar, sending you 2
2024-10-14 19:40:23.720166 Lima: Quebec, sending you 1
chatterbot Quebec submitting transactions
chatterbot Yankee submitting transactions
chatterbot Delta submitting transactions
chatterbot November submitting transactions
chatterbot Foxtrot submitting transactions
chatterbot Lima submitting transactions
chatterbot Tango submitting transactions
chatterbot Oscar submitting transactions
chatterbot Kilo submitting transactions
chatterbot Echo submitting transactions
ChatterBot Delta round 10
ChatterBot Foxtrot round 10
ChatterBot Yankee round 10
ChatterBot Tango round 10
ChatterBot Echo round 10
ChatterBot November round 10
ChatterBot Lima round 10
ChatterBot Kilo round 10
ChatterBot Oscar round 10
ChatterBot Quebec round 10
2024-10-14 19:40:24.759685 Foxtrot: Sending you 15
2024-10-14 19:40:24.765210 Yankee: Echo, Kilo and Oscar, sending you 3
2024-10-14 19:40:24.767370 Quebec: Yankee and Kilo, sending you 3
2024-10-14 19:40:24.768707 Echo: Yankee and Lima, sending you 4
2024-10-14 19:40:24.770991 November: Yankee, Echo, Kilo and Oscar, sending you 2
2024-10-14 19:40:24.772771 Yankee: November and Quebec, sending you 2
2024-10-14 19:40:24.773707 Quebec: Echo, November and Lima, sending you 2
2024-10-14 19:40:24.775076 Echo: November, Oscar and Quebec, sending you 2
2024-10-14 19:40:24.778161 November: Lima, sending you 6
2024-10-14 19:40:24.780242 Yankee: Lima, sending you 4
2024-10-14 19:40:24.781715 Oscar: Yankee, November, Lima and Quebec, sending you 3
2024-10-14 19:40:24.783262 Quebec: Oscar, sending you 4
2024-10-14 19:40:24.785078 Kilo: Yankee, November, Oscar and Quebec, sending you 2
2024-10-14 19:40:24.786124 Lima: Yankee, sending you 4
2024-10-14 19:40:24.787483 Echo: Kilo, sending you 1
2024-10-14 19:40:24.789117 Delta: Same as last round
2024-10-14 19:40:24.789508 November: Quebec, sending you 1
2024-10-14 19:40:24.791242 Oscar: Echo and Kilo, sending you 2
2024-10-14 19:40:24.792795 Lima: Echo and Kilo, sending you 3
2024-10-14 19:40:24.794634 Kilo: Echo, sending you 1
2024-10-14 19:40:24.797696 Lima: November, sending you 5
2024-10-14 19:40:24.799264 Kilo: Lima, sending you 3
2024-10-14 19:40:24.803702 Lima: Oscar, sending you 2
2024-10-14 19:40:24.808679 Lima: Quebec, sending you 1
chatterbot Quebec submitting transactions
chatterbot Echo submitting transactions
chatterbot Yankee submitting transactions
chatterbot November submitting transactions
chatterbot Delta submitting transactions
chatterbot Foxtrot submitting transactions
chatterbot Lima submitting transactions
chatterbot Kilo submitting transactions
chatterbot Tango submitting transactions
chatterbot Oscar submitting transactions
ChatterBot Delta round 11
ChatterBot Foxtrot round 11
ChatterBot Yankee round 11
ChatterBot Tango round 11
ChatterBot Echo round 11
ChatterBot November round 11
ChatterBot Lima round 11
ChatterBot Kilo round 11
ChatterBot Oscar round 11
ChatterBot Quebec round 11
2024-10-14 19:40:25.949866 Tango: Sending you 3
2024-10-14 19:40:25.952703 Echo: Yankee and Lima, sending you 4
2024-10-14 19:40:25.954697 Delta: Same as last round
2024-10-14 19:40:25.955719 Lima: Yankee, sending you 4
2024-10-14 19:40:25.957711 Kilo: Yankee, November, Oscar and Quebec, sending you 2
2024-10-14 19:40:25.959384 Foxtrot: Delta, sending you 10
2024-10-14 19:40:25.961878 Echo: November, Oscar and Quebec, sending you 2
2024-10-14 19:40:25.963179 Yankee: Echo, Kilo and Oscar, sending you 3
2024-10-14 19:40:25.965455 Lima: Echo and Kilo, sending you 3
2024-10-14 19:40:25.967203 Kilo: Echo, sending you 1
2024-10-14 19:40:25.968447 Foxtrot: Echo, November, Lima, Oscar and Quebec, sending you 1
2024-10-14 19:40:25.969872 Echo: Kilo, sending you 1
2024-10-14 19:40:25.971087 November: Yankee, Echo and Kilo, sending you 2
2024-10-14 19:40:25.973058 Quebec: Yankee and Kilo, sending you 3
2024-10-14 19:40:25.975381 Yankee: November and Quebec, sending you 2
2024-10-14 19:40:25.977441 Lima: November, sending you 5
2024-10-14 19:40:25.979347 Kilo: Lima, sending you 3
2024-10-14 19:40:25.980828 Oscar: Yankee, November, Lima and Quebec, sending you 3
2024-10-14 19:40:25.982547 November: Lima, sending you 5
2024-10-14 19:40:25.984609 Quebec: Echo, November and Lima, sending you 2
2024-10-14 19:40:25.986690 Yankee: Lima, sending you 4
2024-10-14 19:40:25.988993 Lima: Oscar, sending you 2
2024-10-14 19:40:25.990902 Oscar: Echo and Kilo, sending you 2
2024-10-14 19:40:25.993151 November: Oscar, sending you 3
2024-10-14 19:40:25.994136 Quebec: Oscar, sending you 4
2024-10-14 19:40:25.995709 Lima: Quebec, sending you 1
2024-10-14 19:40:25.998642 November: Quebec, sending you 1
chatterbot November submitting transactions
chatterbot Quebec submitting transactions
chatterbot Delta submitting transactions
chatterbot Oscar submitting transactions
chatterbot Foxtrot submitting transactions
chatterbot Lima submitting transactions
chatterbot Echo submitting transactions
chatterbot Yankee submitting transactions
chatterbot Tango submitting transactions
chatterbot Kilo submitting transactions
ChatterBot Delta round 12
ChatterBot Foxtrot round 12
ChatterBot Yankee round 12
ChatterBot Tango round 12
ChatterBot Echo round 12
ChatterBot November round 12
ChatterBot Lima round 12
ChatterBot Kilo round 12
ChatterBot Oscar round 12
ChatterBot Quebec round 12
2024-10-14 19:40:27.225708 Echo: Yankee and Lima, sending you 4
2024-10-14 19:40:27.227576 Foxtrot: Delta, sending you 12
2024-10-14 19:40:27.229714 Echo: November, Oscar and Quebec, sending you 2
2024-10-14 19:40:27.231231 Oscar: Yankee, November, Lima, Kilo and Quebec, sending you 3
2024-10-14 19:40:27.233142 November: Yankee, Echo and Kilo, sending you 2
2024-10-14 19:40:27.234712 Foxtrot: Quebec, sending you 3
2024-10-14 19:40:27.235547 Delta: Same as last round
2024-10-14 19:40:27.235815 Kilo: Yankee, November, Oscar and Quebec, sending you 2
2024-10-14 19:40:27.236859 Echo: Kilo, sending you 1
2024-10-14 19:40:27.238202 Oscar: Echo, sending you 1
2024-10-14 19:40:27.238943 Quebec: Yankee, Echo, Kilo and Oscar, sending you 3
2024-10-14 19:40:27.239771 Lima: Yankee, sending you 4
2024-10-14 19:40:27.240972 November: Lima, sending you 5
2024-10-14 19:40:27.241740 Yankee: Echo, Kilo and Oscar, sending you 3
2024-10-14 19:40:27.242842 Kilo: Echo, sending you 1
2024-10-14 19:40:27.244025 Lima: Echo and Kilo, sending you 3
2024-10-14 19:40:27.244878 Quebec: November and Lima, sending you 2
2024-10-14 19:40:27.246738 November: Oscar, sending you 3
2024-10-14 19:40:27.247738 Yankee: November and Quebec, sending you 2
2024-10-14 19:40:27.249323 Kilo: Lima, sending you 3
2024-10-14 19:40:27.250645 Lima: November, sending you 5
2024-10-14 19:40:27.251817 November: Quebec, sending you 1
2024-10-14 19:40:27.252596 Yankee: Lima, sending you 4
2024-10-14 19:40:27.254681 Lima: Oscar, sending you 2
2024-10-14 19:40:27.259671 Lima: Quebec, sending you 1
chatterbot Echo submitting transactions
chatterbot Kilo submitting transactions
chatterbot Tango submitting transactions
chatterbot Quebec submitting transactions
chatterbot Yankee submitting transactions
chatterbot Delta submitting transactions
chatterbot November submitting transactions
chatterbot Foxtrot submitting transactions
chatterbot Oscar submitting transactions
chatterbot Lima submitting transactions
ChatterBot Delta round 13
ChatterBot Foxtrot round 13
ChatterBot Yankee round 13
ChatterBot Tango round 13
ChatterBot Echo round 13
ChatterBot November round 13
ChatterBot Lima round 13
ChatterBot Kilo round 13
ChatterBot Oscar round 13
ChatterBot Quebec round 13
2024-10-14 19:40:28.355125 Foxtrot: Sending you 15
2024-10-14 19:40:28.360144 Yankee: Echo and Oscar, sending you 3
