ChatterBot Tango round 1
ChatterBot Zulu round 1
ChatterBot Bravo round 1
ChatterBot Papa round 1
ChatterBot Hotel round 1
randomSelections Tango: {Tango, Kilo, Bravo, Papa, India, Uniform} 
2024-10-14 22:39:16.349596 Tango: Friends?
ChatterBot Bravo reevaluating
ChatterBot Papa reevaluating
2024-10-14 22:39:16.383589 Bravo: Yes
2024-10-14 22:39:16.383873 Papa: Yes
ChatterBot Papa reevaluating
ChatterBot Bravo reevaluating
randomSelections Zulu: {Zulu, Tango} 
2024-10-14 22:39:16.402251 Zulu: We should group up
2024-10-14 22:39:16.405022 Tango: No
ChatterBot X-ray round 1
ChatterBot Uniform round 1
ChatterBot Uniform reevaluating
ChatterBot Uniform reevaluating
ChatterBot Uniform reevaluating
2024-10-14 22:39:16.417867 Uniform: Yes
ChatterBot Bravo reevaluating
ChatterBot Papa reevaluating
ChatterBot India round 1
ChatterBot India reevaluating
ChatterBot India reevaluating
ChatterBot India reevaluating
ChatterBot India reevaluating
2024-10-14 22:39:16.437256 India: Yes
ChatterBot Bravo reevaluating
ChatterBot Papa reevaluating
ChatterBot Uniform reevaluating
ChatterBot Kilo round 1
ChatterBot Kilo reevaluating
ChatterBot Kilo reevaluating
ChatterBot Kilo reevaluating
ChatterBot Kilo reevaluating
ChatterBot Kilo reevaluating
2024-10-14 22:39:16.459641 Kilo: Yes
ChatterBot Bravo reevaluating
ChatterBot Papa reevaluating
ChatterBot India reevaluating
ChatterBot Uniform reevaluating
ChatterBot Alpha round 1
randomSelections Hotel: {Hotel, Uniform, Tango, Zulu, India, Alpha, Kilo} 
2024-10-14 22:39:16.478243 Hotel: We should group up
ChatterBot Uniform reevaluating
ChatterBot India reevaluating
ChatterBot Alpha reevaluating
ChatterBot Kilo reevaluating
2024-10-14 22:39:16.487184 Uniform: No
2024-10-14 22:39:16.487627 Tango: No
2024-10-14 22:39:16.487830 Zulu: No
2024-10-14 22:39:16.489008 India: No
2024-10-14 22:39:16.489411 Alpha: Yes
2024-10-14 22:39:16.489697 Kilo: No
ChatterBot India reevaluating
ChatterBot Alpha reevaluating
ChatterBot Kilo reevaluating
ChatterBot Uniform reevaluating
ChatterBot India reevaluating
ChatterBot Alpha reevaluating
ChatterBot Kilo reevaluating
ChatterBot Uniform reevaluating
ChatterBot India reevaluating
ChatterBot Alpha reevaluating
ChatterBot Kilo reevaluating
ChatterBot Uniform reevaluating
ChatterBot Alpha reevaluating
ChatterBot Kilo reevaluating
ChatterBot Uniform reevaluating
ChatterBot India reevaluating
ChatterBot Kilo reevaluating
ChatterBot Uniform reevaluating
ChatterBot India reevaluating
ChatterBot Alpha reevaluating
randomSelections X-ray: {X-ray, Kilo, Uniform, Papa, Alpha, Hotel, India} 
2024-10-14 22:39:16.562423 X-ray: We would work well together
ChatterBot Kilo reevaluating
ChatterBot Uniform reevaluating
ChatterBot Alpha reevaluating
ChatterBot India reevaluating
2024-10-14 22:39:16.573247 Kilo: No
2024-10-14 22:39:16.573662 Uniform: No
2024-10-14 22:39:16.573961 Papa: No
2024-10-14 22:39:16.574213 Alpha: No
2024-10-14 22:39:16.574593 Hotel: No
2024-10-14 22:39:16.575887 India: No
ChatterBot Uniform reevaluating
ChatterBot Alpha reevaluating
ChatterBot India reevaluating
ChatterBot Kilo reevaluating
ChatterBot Alpha reevaluating
ChatterBot India reevaluating
ChatterBot Kilo reevaluating
ChatterBot Uniform reevaluating
ChatterBot Alpha reevaluating
ChatterBot India reevaluating
ChatterBot Kilo reevaluating
ChatterBot Uniform reevaluating
ChatterBot India reevaluating
ChatterBot Kilo reevaluating
ChatterBot Uniform reevaluating
ChatterBot Alpha reevaluating
ChatterBot India reevaluating
ChatterBot Kilo reevaluating
ChatterBot Uniform reevaluating
ChatterBot Alpha reevaluating
2024-10-14 22:39:16.653683 Tango: Bravo, Papa and India, sending you 3
2024-10-14 22:39:16.655683 Zulu: Sending you 10
2024-10-14 22:39:16.658678 Tango: Uniform, sending you 5
2024-10-14 22:39:16.659706 Hotel: Tango and Uniform, sending you 3
2024-10-14 22:39:16.661668 Tango: Kilo, sending you 4
2024-10-14 22:39:16.666206 Hotel: Zulu and Kilo, sending you 4
2024-10-14 22:39:16.668762 Alpha: Tango, Hotel and Uniform, sending you 3
2024-10-14 22:39:16.669716 Hotel: India, sending you 2
2024-10-14 22:39:16.670694 India: Tango and Uniform, sending you 3
2024-10-14 22:39:16.671692 Papa: Tango and Bravo, sending you 4
2024-10-14 22:39:16.672935 X-ray: Papa and India, sending you 1
2024-10-14 22:39:16.673267 Alpha: Zulu, sending you 2
2024-10-14 22:39:16.673522 Uniform: Tango, sending you 8
2024-10-14 22:39:16.674863 India: Bravo, sending you 2
2024-10-14 22:39:16.675220 Kilo: Tango, sending you 1
2024-10-14 22:39:16.676681 Papa: Uniform, sending you 5
2024-10-14 22:39:16.677064 X-ray: Hotel, sending you 6
2024-10-14 22:39:16.678154 Alpha: India, sending you 1
2024-10-14 22:39:16.678673 Uniform: Bravo, sending you 2
2024-10-14 22:39:16.679009 India: Papa, sending you 5
2024-10-14 22:39:16.679364 Kilo: Bravo, sending you 4
2024-10-14 22:39:16.680281 X-ray: Uniform and Alpha, sending you 3
2024-10-14 22:39:16.680720 Papa: India and Kilo, sending you 2
2024-10-14 22:39:16.682316 India: Kilo, sending you 4
2024-10-14 22:39:16.682895 Kilo: Papa and Uniform, sending you 2
2024-10-14 22:39:16.683697 Alpha: Kilo, sending you 4
2024-10-14 22:39:16.684447 Uniform: India and Kilo, sending you 1
2024-10-14 22:39:16.684762 X-ray: Kilo, sending you 2
2024-10-14 22:39:16.687774 Kilo: India, sending you 8
chatterbot Zulu submitting transactions
chatterbot Kilo submitting transactions
chatterbot Hotel submitting transactions
chatterbot Bravo submitting transactions
chatterbot Papa submitting transactions
chatterbot X-ray submitting transactions
chatterbot Tango submitting transactions
chatterbot India submitting transactions
chatterbot Uniform submitting transactions
chatterbot Alpha submitting transactions
ChatterBot Tango round 2
ChatterBot Zulu round 2
ChatterBot Bravo round 2
ChatterBot Papa round 2
ChatterBot Hotel round 2
2024-10-14 22:39:20.185902 Tango: Can we be friends?
ChatterBot Papa reevaluating
ChatterBot Uniform reevaluating
ChatterBot India reevaluating
ChatterBot Kilo reevaluating
ChatterBot Zulu reevaluating
ChatterBot Hotel reevaluating
ChatterBot X-ray reevaluating
ChatterBot Alpha reevaluating
2024-10-14 22:39:20.286095 Papa: No
2024-10-14 22:39:20.286765 Uniform: No
2024-10-14 22:39:20.286952 India: No
2024-10-14 22:39:20.287078 Kilo: No
2024-10-14 22:39:20.287186 Zulu: No
2024-10-14 22:39:20.287302 Hotel: Yes
2024-10-14 22:39:20.287411 X-ray: No
2024-10-14 22:39:20.287593 Alpha: No
ChatterBot Uniform reevaluating
ChatterBot India reevaluating
ChatterBot Kilo reevaluating
ChatterBot Zulu reevaluating
ChatterBot Hotel reevaluating
ChatterBot X-ray reevaluating
ChatterBot Alpha reevaluating
ChatterBot Papa reevaluating
ChatterBot India reevaluating
ChatterBot Kilo reevaluating
ChatterBot Zulu reevaluating
ChatterBot Hotel reevaluating
ChatterBot X-ray reevaluating
ChatterBot Alpha reevaluating
ChatterBot Papa reevaluating
ChatterBot Uniform reevaluating
ChatterBot Kilo reevaluating
ChatterBot Zulu reevaluating
ChatterBot Hotel reevaluating
ChatterBot X-ray reevaluating
ChatterBot Alpha reevaluating
ChatterBot Papa reevaluating
ChatterBot Uniform reevaluating
ChatterBot India reevaluating
ChatterBot Zulu reevaluating
ChatterBot Hotel reevaluating
ChatterBot X-ray reevaluating
ChatterBot Alpha reevaluating
ChatterBot Papa reevaluating
ChatterBot Uniform reevaluating
ChatterBot India reevaluating
ChatterBot Kilo reevaluating
ChatterBot Hotel reevaluating
ChatterBot X-ray reevaluating
ChatterBot Alpha reevaluating
ChatterBot Papa reevaluating
ChatterBot Uniform reevaluating
ChatterBot India reevaluating
ChatterBot Kilo reevaluating
ChatterBot Zulu reevaluating
ChatterBot X-ray reevaluating
ChatterBot Alpha reevaluating
ChatterBot Papa reevaluating
ChatterBot Uniform reevaluating
ChatterBot India reevaluating
ChatterBot Kilo reevaluating
ChatterBot Zulu reevaluating
ChatterBot Hotel reevaluating
ChatterBot Alpha reevaluating
ChatterBot Papa reevaluating
ChatterBot Uniform reevaluating
ChatterBot India reevaluating
ChatterBot Kilo reevaluating
ChatterBot Zulu reevaluating
ChatterBot Hotel reevaluating
ChatterBot X-ray reevaluating
2024-10-14 22:39:21.051233 Hotel: We should add X-ray and Papa
ChatterBot Uniform reevaluating
ChatterBot Zulu reevaluating
ChatterBot India reevaluating
ChatterBot Alpha reevaluating
ChatterBot Kilo reevaluating
2024-10-14 22:39:21.109078 Uniform: No
2024-10-14 22:39:21.109295 Tango: Yes
2024-10-14 22:39:21.109408 Zulu: No
2024-10-14 22:39:21.109515 India: Yes
2024-10-14 22:39:21.109635 Alpha: No
2024-10-14 22:39:21.109735 Kilo: Yes
ChatterBot Hotel reevaluating
ChatterBot Zulu reevaluating
ChatterBot India reevaluating
ChatterBot Alpha reevaluating
ChatterBot Kilo reevaluating
ChatterBot Hotel reevaluating
ChatterBot Uniform reevaluating
ChatterBot Zulu reevaluating
ChatterBot India reevaluating
ChatterBot Alpha reevaluating
ChatterBot Kilo reevaluating
ChatterBot Hotel reevaluating
ChatterBot Uniform reevaluating
ChatterBot India reevaluating
ChatterBot Alpha reevaluating
ChatterBot Kilo reevaluating
ChatterBot Hotel reevaluating
ChatterBot Uniform reevaluating
ChatterBot Zulu reevaluating
ChatterBot Alpha reevaluating
ChatterBot Kilo reevaluating
ChatterBot Hotel reevaluating
ChatterBot Uniform reevaluating
ChatterBot Zulu reevaluating
ChatterBot India reevaluating
ChatterBot Kilo reevaluating
ChatterBot Hotel reevaluating
ChatterBot Uniform reevaluating
ChatterBot Zulu reevaluating
ChatterBot India reevaluating
ChatterBot Alpha reevaluating
ChatterBot X-ray round 2
ChatterBot Uniform round 2
ChatterBot India round 2
ChatterBot Kilo round 2
ChatterBot Alpha round 2
2024-10-14 22:39:21.445910 X-ray: We should add Zulu and Tango
ChatterBot Kilo reevaluating
ChatterBot Uniform reevaluating
ChatterBot Papa reevaluating
ChatterBot Alpha reevaluating
ChatterBot India reevaluating
2024-10-14 22:39:21.473520 Kilo: Yes
2024-10-14 22:39:21.474185 Uniform: Yes
2024-10-14 22:39:21.474329 Papa: No
2024-10-14 22:39:21.474436 Alpha: Yes
2024-10-14 22:39:21.474548 Hotel: Yes
2024-10-14 22:39:21.474683 India: Yes
ChatterBot Uniform reevaluating
ChatterBot Papa reevaluating
ChatterBot Alpha reevaluating
ChatterBot India reevaluating
ChatterBot Kilo reevaluating
ChatterBot Papa reevaluating
ChatterBot Alpha reevaluating
ChatterBot India reevaluating
ChatterBot Kilo reevaluating
ChatterBot Uniform reevaluating
ChatterBot Alpha reevaluating
ChatterBot India reevaluating
ChatterBot Kilo reevaluating
ChatterBot Uniform reevaluating
ChatterBot Papa reevaluating
ChatterBot India reevaluating
ChatterBot Kilo reevaluating
ChatterBot Uniform reevaluating
ChatterBot Papa reevaluating
ChatterBot Alpha reevaluating
ChatterBot India reevaluating
ChatterBot Kilo reevaluating
ChatterBot Uniform reevaluating
ChatterBot Papa reevaluating
ChatterBot Alpha reevaluating
2024-10-14 22:39:21.751743 Alpha: We should add X-ray and Papa
ChatterBot Uniform reevaluating
ChatterBot India reevaluating
ChatterBot Kilo reevaluating
2024-10-14 22:39:21.777803 Hotel: Yes
2024-10-14 22:39:21.778045 Uniform: Yes
2024-10-14 22:39:21.778280 Tango: Yes
2024-10-14 22:39:21.779113 Zulu: No
2024-10-14 22:39:21.779391 India: Yes
2024-10-14 22:39:21.779562 Kilo: Yes
ChatterBot Uniform reevaluating
ChatterBot India reevaluating
ChatterBot Alpha reevaluating
ChatterBot Kilo reevaluating
ChatterBot India reevaluating
ChatterBot Alpha reevaluating
ChatterBot Kilo reevaluating
ChatterBot Uniform reevaluating
ChatterBot India reevaluating
ChatterBot Alpha reevaluating
ChatterBot Kilo reevaluating
ChatterBot Uniform reevaluating
ChatterBot India reevaluating
ChatterBot Alpha reevaluating
ChatterBot Kilo reevaluating
ChatterBot Uniform reevaluating
ChatterBot Alpha reevaluating
ChatterBot Kilo reevaluating
ChatterBot Uniform reevaluating
ChatterBot India reevaluating
ChatterBot Alpha reevaluating
2024-10-14 22:39:21.968244 X-ray: Zulu and Tango we want you to join our group
2024-10-14 22:39:21.978235 Tango: Yes
2024-10-14 22:39:21.978411 Zulu: No
ChatterBot Papa reevaluating
ChatterBot Uniform reevaluating
ChatterBot India reevaluating
ChatterBot Kilo reevaluating
ChatterBot Alpha reevaluating
ChatterBot Papa reevaluating
ChatterBot Uniform reevaluating
ChatterBot India reevaluating
ChatterBot Kilo reevaluating
ChatterBot Alpha reevaluating
2024-10-14 22:39:22.054624 Tango: Zulu, sending you 5
2024-10-14 22:39:22.064277 Bravo: Tango, Uniform and India, sending you 2
2024-10-14 22:39:22.064795 Tango: Papa, Hotel, India and Alpha, sending you 2
2024-10-14 22:39:22.065770 Alpha: X-ray and Papa we want you to join our group
ChatterBot Papa reevaluating
2024-10-14 22:39:22.079698 Papa: No
2024-10-14 22:39:22.080065 X-ray: Yes
ChatterBot Papa reevaluating
ChatterBot Zulu reevaluating
2024-10-14 22:39:22.151629 Hotel: X-ray and Papa we want you to join our group
2024-10-14 22:39:22.161411 Papa: Yes
2024-10-14 22:39:22.161543 X-ray: Yes
ChatterBot Zulu reevaluating
ChatterBot Papa reevaluating
ChatterBot Zulu reevaluating
2024-10-14 22:39:22.215140 Bravo: Papa and Kilo, sending you 3
2024-10-14 22:39:22.215497 Tango: Uniform, sending you 4
chatterbot Bravo submitting transactions
chatterbot X-ray submitting transactions
2024-10-14 22:39:22.218828 Uniform: Tango, Papa, Hotel, X-ray, India and Alpha, sending you 2
2024-10-14 22:39:22.219772 Papa: X-ray we want you to join our group
2024-10-14 22:39:22.225459 X-ray: Yes
ChatterBot Papa reevaluating
2024-10-14 22:39:22.247169 X-ray: Tango, Zulu, Papa, Hotel, Uniform, India, Kilo and Alpha, sending you 2
2024-10-14 22:39:22.248231 Kilo: Tango, Hotel, India and Alpha, sending you 3
2024-10-14 22:39:22.248761 Tango: Kilo, sending you 1
2024-10-14 22:39:22.249287 India: Tango, Papa, Hotel, X-ray, Uniform and Alpha, sending you 2
chatterbot Zulu submitting transactions
2024-10-14 22:39:22.251853 Kilo: Papa and X-ray, sending you 2
2024-10-14 22:39:22.253833 India: Zulu, sending you 1
2024-10-14 22:39:22.254314 Alpha: Tango, Zulu, Papa, Hotel and Uniform, sending you 1
2024-10-14 22:39:22.254741 Hotel: Tango, Zulu, Papa, Uniform and India, sending you 1
2024-10-14 22:39:22.256690 Kilo: Uniform, sending you 1
2024-10-14 22:39:22.257793 India: Kilo, sending you 4
2024-10-14 22:39:22.258377 Alpha: X-ray, sending you 13
2024-10-14 22:39:22.259294 Hotel: X-ray, sending you 7
2024-10-14 22:39:22.263689 Hotel: Alpha, sending you 4
2024-10-14 22:39:22.275689 Papa: Tango, sending you 4
2024-10-14 22:39:22.279681 Papa: Zulu and Uniform, sending you 1
2024-10-14 22:39:22.282690 Papa: X-ray, sending you 2
2024-10-14 22:39:22.285684 Papa: India, sending you 6
2024-10-14 22:39:22.290089 Papa: Kilo, sending you 3
chatterbot Tango submitting transactions
chatterbot Hotel submitting transactions
chatterbot Papa submitting transactions
chatterbot Zulu submitting transactions
chatterbot Kilo submitting transactions
chatterbot X-ray submitting transactions
chatterbot India submitting transactions
chatterbot Alpha submitting transactions
chatterbot Uniform submitting transactions
ChatterBot Tango round 3
ChatterBot Zulu round 3
ChatterBot Bravo round 3
ChatterBot Papa round 3
ChatterBot Hotel round 3
ChatterBot X-ray round 3
ChatterBot Uniform round 3
ChatterBot India round 3
ChatterBot Kilo round 3
ChatterBot Alpha round 3
2024-10-14 22:39:23.067256 Zulu: We should group up
ChatterBot Papa reevaluating
ChatterBot Uniform reevaluating
ChatterBot India reevaluating
ChatterBot Kilo reevaluating
2024-10-14 22:39:23.111390 Tango: Yes
2024-10-14 22:39:23.111565 Papa: Yes
2024-10-14 22:39:23.111688 Uniform: Yes
2024-10-14 22:39:23.111810 India: Yes
2024-10-14 22:39:23.111936 Kilo: Yes
2024-10-14 22:39:23.112048 Hotel: Yes
2024-10-14 22:39:23.112149 X-ray: Yes
2024-10-14 22:39:23.112254 Alpha: Yes
ChatterBot Papa reevaluating
ChatterBot Uniform reevaluating
ChatterBot India reevaluating
ChatterBot Kilo reevaluating
ChatterBot Zulu reevaluating
ChatterBot Uniform reevaluating
ChatterBot India reevaluating
ChatterBot Kilo reevaluating
ChatterBot Zulu reevaluating
ChatterBot Papa reevaluating
ChatterBot India reevaluating
ChatterBot Kilo reevaluating
ChatterBot Zulu reevaluating
ChatterBot Papa reevaluating
ChatterBot Uniform reevaluating
ChatterBot Kilo reevaluating
ChatterBot Zulu reevaluating
ChatterBot Papa reevaluating
ChatterBot Uniform reevaluating
ChatterBot India reevaluating
ChatterBot Zulu reevaluating
ChatterBot Papa reevaluating
ChatterBot Uniform reevaluating
ChatterBot India reevaluating
ChatterBot Kilo reevaluating
ChatterBot Zulu reevaluating
ChatterBot Papa reevaluating
ChatterBot Uniform reevaluating
ChatterBot India reevaluating
ChatterBot Kilo reevaluating
ChatterBot Zulu reevaluating
ChatterBot Papa reevaluating
ChatterBot Uniform reevaluating
ChatterBot India reevaluating
ChatterBot Kilo reevaluating
ChatterBot Zulu reevaluating
2024-10-14 22:39:23.508785 Papa: Bravo we want you to join our group
2024-10-14 22:39:23.513576 Bravo: No
ChatterBot Zulu reevaluating
2024-10-14 22:39:23.547321 Tango: Zulu and Papa, sending you 3
2024-10-14 22:39:23.551680 Uniform: Tango, sending you 3
2024-10-14 22:39:23.552480 Bravo: Tango and Uniform, sending you 3
2024-10-14 22:39:23.553016 Tango: Hotel, India, Kilo and Alpha, sending you 2
2024-10-14 22:39:23.554675 Alpha: Tango, Uniform and India, sending you 2
2024-10-14 22:39:23.555376 X-ray: Zulu, Uniform, India and Kilo, sending you 2
2024-10-14 22:39:23.556910 Hotel: Tango, Uniform, Kilo and Alpha, sending you 2
2024-10-14 22:39:23.557686 India: Tango, Hotel, X-ray and Uniform, sending you 2
2024-10-14 22:39:23.559542 Uniform: Zulu, Hotel, X-ray, Kilo and Alpha, sending you 1
2024-10-14 22:39:23.563923 Bravo: Papa and Kilo, sending you 4
2024-10-14 22:39:23.564722 Tango: Uniform, sending you 4
2024-10-14 22:39:23.565618 Alpha: Zulu and Papa, sending you 1
2024-10-14 22:39:23.567045 X-ray: Papa, sending you 1
2024-10-14 22:39:23.567800 Hotel: Zulu, sending you 4
2024-10-14 22:39:23.569882 India: Zulu and Alpha, sending you 1
2024-10-14 22:39:23.570724 Kilo: Tango and Papa, sending you 3
2024-10-14 22:39:23.576957 Uniform: Papa and India, sending you 2
2024-10-14 22:39:23.577899 Papa: Tango, sending you 3
2024-10-14 22:39:23.579634 Bravo: India, sending you 2
2024-10-14 22:39:23.580216 X-ray: Hotel, sending you 3
2024-10-14 22:39:23.580992 Alpha: Hotel and Kilo, sending you 3
2024-10-14 22:39:23.582985 Hotel: X-ray, sending you 3
2024-10-14 22:39:23.584988 India: Papa, sending you 3
2024-10-14 22:39:23.586051 Kilo: Hotel, X-ray and Alpha, sending you 2
2024-10-14 22:39:23.589931 Papa: Bravo, X-ray, Uniform and Kilo, sending you 2
2024-10-14 22:39:23.590770 X-ray: Alpha, sending you 4
2024-10-14 22:39:23.592924 Alpha: X-ray, sending you 4
2024-10-14 22:39:23.593771 Hotel: India, sending you 1
2024-10-14 22:39:23.595920 India: Kilo, sending you 4
2024-10-14 22:39:23.598124 Kilo: Uniform, sending you 1
2024-10-14 22:39:23.598981 Papa: Hotel and Alpha, sending you 1
2024-10-14 22:39:23.604765 Kilo: India, sending you 4
2024-10-14 22:39:23.606172 Papa: India, sending you 4
chatterbot Papa submitting transactions
chatterbot Zulu submitting transactions
chatterbot Tango submitting transactions
chatterbot Uniform submitting transactions
chatterbot Alpha submitting transactions
chatterbot Bravo submitting transactions
chatterbot India submitting transactions
chatterbot X-ray submitting transactions
chatterbot Kilo submitting transactions
chatterbot Hotel submitting transactions
ChatterBot Tango round 4
ChatterBot Zulu round 4
ChatterBot Bravo round 4
ChatterBot Papa round 4
ChatterBot Hotel round 4
ChatterBot X-ray round 4
ChatterBot Uniform round 4
ChatterBot India round 4
ChatterBot Kilo round 4
2024-10-14 22:39:24.667431 Tango: We should add Bravo
ChatterBot Kilo reevaluating
ChatterBot Zulu reevaluating
2024-10-14 22:39:24.696334 Papa: Yes
2024-10-14 22:39:24.696585 Uniform: No
2024-10-14 22:39:24.696796 India: No
2024-10-14 22:39:24.696991 Kilo: Yes
2024-10-14 22:39:24.697166 Zulu: No
2024-10-14 22:39:24.697810 Hotel: No
2024-10-14 22:39:24.697967 X-ray: No
2024-10-14 22:39:24.698108 Alpha: No
ChatterBot Kilo reevaluating
ChatterBot Zulu reevaluating
ChatterBot Tango reevaluating
ChatterBot Kilo reevaluating
ChatterBot Zulu reevaluating
ChatterBot Tango reevaluating
ChatterBot Kilo reevaluating
ChatterBot Zulu reevaluating
ChatterBot Tango reevaluating
ChatterBot Zulu reevaluating
ChatterBot Tango reevaluating
ChatterBot Kilo reevaluating
ChatterBot Tango reevaluating
ChatterBot Kilo reevaluating
ChatterBot Zulu reevaluating
ChatterBot Tango reevaluating
ChatterBot Kilo reevaluating
ChatterBot Zulu reevaluating
ChatterBot Tango reevaluating
ChatterBot Kilo reevaluating
ChatterBot Zulu reevaluating
ChatterBot Alpha round 4
2024-10-14 22:39:24.938969 Hotel: Tango, Uniform, India, Kilo and Alpha, sending you 2
2024-10-14 22:39:24.940669 Papa: Tango, Bravo and India, sending you 3
2024-10-14 22:39:24.941674 Bravo: Tango and Kilo, sending you 3
2024-10-14 22:39:24.942115 Uniform: Tango, sending you 3
2024-10-14 22:39:24.942792 India: Tango, Hotel, X-ray, Uniform and Alpha, sending you 2
2024-10-14 22:39:24.944127 Hotel: Zulu and X-ray, sending you 3
2024-10-14 22:39:24.945085 Papa: Zulu and Alpha, sending you 1
2024-10-14 22:39:24.945598 Tango: Zulu, Papa and Uniform, sending you 3
2024-10-14 22:39:24.946242 Uniform: Papa, X-ray and India, sending you 2
2024-10-14 22:39:24.946875 Bravo: Papa, sending you 5
2024-10-14 22:39:24.948666 India: Zulu, sending you 1
2024-10-14 22:39:24.949345 Papa: X-ray, Uniform and Kilo, sending you 2
2024-10-14 22:39:24.949828 X-ray: Zulu, Papa, India and Kilo, sending you 2
2024-10-14 22:39:24.950667 Alpha: Tango, Uniform and India, sending you 2
2024-10-14 22:39:24.951455 Tango: Hotel, India, Kilo and Alpha, sending you 2
2024-10-14 22:39:24.952399 Bravo: Uniform and India, sending you 2
2024-10-14 22:39:24.952769 Uniform: Hotel, Kilo and Alpha, sending you 1
2024-10-14 22:39:24.953374 India: Papa and Kilo, sending you 3
2024-10-14 22:39:24.954684 X-ray: Hotel, sending you 3
2024-10-14 22:39:24.955371 Alpha: Zulu and Papa, sending you 1
2024-10-14 22:39:24.956422 Tango: X-ray, sending you 1
2024-10-14 22:39:24.958671 Kilo: Tango, Papa, Hotel, X-ray and Alpha, sending you 2
2024-10-14 22:39:24.960069 X-ray: Uniform, sending you 1
2024-10-14 22:39:24.961332 Alpha: Hotel and Kilo, sending you 3
2024-10-14 22:39:24.962666 Kilo: Zulu and Uniform, sending you 1
2024-10-14 22:39:24.965676 X-ray: Alpha, sending you 4
2024-10-14 22:39:24.966765 Alpha: X-ray, sending you 4
2024-10-14 22:39:24.968697 Kilo: India, sending you 5
chatterbot Tango submitting transactions
chatterbot Zulu submitting transactions
chatterbot Bravo submitting transactions
chatterbot Hotel submitting transactions
chatterbot Kilo submitting transactions
chatterbot X-ray submitting transactions
chatterbot India submitting transactions
chatterbot Uniform submitting transactions
chatterbot Papa submitting transactions
chatterbot Alpha submitting transactions
ChatterBot Tango round 5
ChatterBot Zulu round 5
ChatterBot Bravo round 5
ChatterBot Papa round 5
ChatterBot Hotel round 5
ChatterBot X-ray round 5
ChatterBot Uniform round 5
ChatterBot India round 5
ChatterBot Kilo round 5
ChatterBot Alpha round 5
2024-10-14 22:39:26.229672 Tango: Zulu, Papa and Uniform, sending you 3
2024-10-14 22:39:26.235664 Tango: Hotel, India, Kilo and Alpha, sending you 2
2024-10-14 22:39:26.237657 Bravo: Tango, Uniform and India, sending you 2
2024-10-14 22:39:26.238702 India: Tango, Hotel, X-ray, Uniform and Alpha, sending you 2
2024-10-14 22:39:26.239786 Tango: X-ray, sending you 1
2024-10-14 22:39:26.241346 Bravo: Papa, sending you 6
2024-10-14 22:39:26.242690 Kilo: Tango, sending you 3
2024-10-14 22:39:26.243746 Uniform: Tango, sending you 3
2024-10-14 22:39:26.244671 India: Zulu, sending you 1
2024-10-14 22:39:26.245667 Papa: Tango, Bravo and India, sending you 3
2024-10-14 22:39:26.246678 Bravo: Kilo, sending you 3
2024-10-14 22:39:26.247660 X-ray: Zulu, Papa, Uniform, India and Kilo, sending you 2
2024-10-14 22:39:26.248625 Hotel: Tango, Uniform, India, Kilo and Alpha, sending you 2
2024-10-14 22:39:26.250142 Uniform: Zulu, Hotel, X-ray, Kilo and Alpha, sending you 1
2024-10-14 22:39:26.251119 Kilo: Zulu and Uniform, sending you 1
2024-10-14 22:39:26.252041 India: Papa and Kilo, sending you 3
2024-10-14 22:39:26.252979 Papa: Zulu and Alpha, sending you 1
2024-10-14 22:39:26.253546 Alpha: Tango, Zulu, Uniform, India and Kilo, sending you 2
2024-10-14 22:39:26.254518 X-ray: Hotel and Alpha, sending you 3
2024-10-14 22:39:26.255447 Uniform: Papa and India, sending you 2
2024-10-14 22:39:26.256403 Hotel: Zulu and X-ray, sending you 3
2024-10-14 22:39:26.257767 Kilo: Papa, Hotel, X-ray and Alpha, sending you 2
2024-10-14 22:39:26.258777 Papa: X-ray, Uniform and Kilo, sending you 2
2024-10-14 22:39:26.259325 Alpha: Papa, sending you 1
2024-10-14 22:39:26.262654 Alpha: Hotel, sending you 3
2024-10-14 22:39:26.263715 Kilo: India, sending you 4
2024-10-14 22:39:26.267663 Alpha: X-ray, sending you 4
chatterbot X-ray submitting transactions
chatterbot Papa submitting transactions
chatterbot Zulu submitting transactions
chatterbot Uniform submitting transactions
chatterbot India submitting transactions
chatterbot Kilo submitting transactions
chatterbot Tango submitting transactions
chatterbot Bravo submitting transactions
chatterbot Alpha submitting transactions
chatterbot Hotel submitting transactions
ChatterBot Tango round 6
ChatterBot Zulu round 6
ChatterBot Bravo round 6
ChatterBot Papa round 6
ChatterBot Hotel round 6
ChatterBot X-ray round 6
ChatterBot Uniform round 6
ChatterBot India round 6
ChatterBot Kilo round 6
ChatterBot Alpha round 6
2024-10-14 22:39:27.525674 Tango: Zulu, Papa and Uniform, sending you 3
2024-10-14 22:39:27.528662 Tango: Hotel, India, Kilo and Alpha, sending you 2
2024-10-14 22:39:27.532645 Tango: X-ray, sending you 1
2024-10-14 22:39:27.533922 India: Tango, Hotel, X-ray, Uniform and Alpha, sending you 2
2024-10-14 22:39:27.535044 Alpha: Tango, Zulu, Hotel, Uniform, India and Kilo, sending you 2
2024-10-14 22:39:27.538655 Bravo: Tango, Uniform, India and Kilo, sending you 2
2024-10-14 22:39:27.539263 India: Zulu, sending you 1
2024-10-14 22:39:27.540685 Alpha: Papa, sending you 1
2024-10-14 22:39:27.542169 X-ray: Zulu, Papa, Uniform, India and Kilo, sending you 2
2024-10-14 22:39:27.543477 Papa: Tango, Bravo and India, sending you 3
2024-10-14 22:39:27.543979 Bravo: Papa, sending you 7
2024-10-14 22:39:27.544370 Hotel: Tango, Uniform, India, Kilo and Alpha, sending you 2
2024-10-14 22:39:27.545575 India: Papa and Kilo, sending you 3
2024-10-14 22:39:27.546626 Uniform: Tango, Papa, Hotel and India, sending you 2
2024-10-14 22:39:27.547489 Alpha: X-ray, sending you 5
2024-10-14 22:39:27.548256 X-ray: Hotel and Alpha, sending you 3
2024-10-14 22:39:27.549293 Papa: Zulu and Alpha, sending you 1
2024-10-14 22:39:27.549864 Kilo: Tango, sending you 3
2024-10-14 22:39:27.550909 Hotel: Zulu and X-ray, sending you 3
2024-10-14 22:39:27.552537 Uniform: Zulu, X-ray, Kilo and Alpha, sending you 1
2024-10-14 22:39:27.553656 Kilo: Zulu and Uniform, sending you 1
2024-10-14 22:39:27.554668 Papa: X-ray, Uniform and Kilo, sending you 2
2024-10-14 22:39:27.558666 Kilo: Papa, Hotel, X-ray and Alpha, sending you 2
2024-10-14 22:39:27.563667 Kilo: India, sending you 4
chatterbot Alpha submitting transactions
chatterbot Hotel submitting transactions
chatterbot X-ray submitting transactions
chatterbot Bravo submitting transactions
chatterbot Zulu submitting transactions
chatterbot Papa submitting transactions
chatterbot Uniform submitting transactions
chatterbot India submitting transactions
chatterbot Kilo submitting transactions
chatterbot Tango submitting transactions
ChatterBot Tango round 7
ChatterBot Zulu round 7
ChatterBot Bravo round 7
ChatterBot Papa round 7
ChatterBot Hotel round 7
ChatterBot X-ray round 7
ChatterBot Uniform round 7
ChatterBot India round 7
ChatterBot Kilo round 7
2024-10-14 22:39:28.759054 Bravo: Friends?
ChatterBot Zulu reevaluating
ChatterBot Hotel reevaluating
ChatterBot X-ray reevaluating
ChatterBot Tango reevaluating
ChatterBot Uniform reevaluating
ChatterBot India reevaluating
ChatterBot Kilo reevaluating
2024-10-14 22:39:28.793675 Papa: Yes
2024-10-14 22:39:28.793919 Zulu: No
2024-10-14 22:39:28.794133 Hotel: No
2024-10-14 22:39:28.794362 X-ray: No
2024-10-14 22:39:28.794585 Alpha: No
2024-10-14 22:39:28.795106 Tango: Yes
2024-10-14 22:39:28.795976 Uniform: No
2024-10-14 22:39:28.796169 India: Yes
2024-10-14 22:39:28.796387 Kilo: No
ChatterBot Zulu reevaluating
ChatterBot Hotel reevaluating
ChatterBot X-ray reevaluating
ChatterBot Tango reevaluating
ChatterBot Uniform reevaluating
ChatterBot India reevaluating
ChatterBot Kilo reevaluating
ChatterBot Hotel reevaluating
ChatterBot X-ray reevaluating
ChatterBot Tango reevaluating
ChatterBot Bravo reevaluating
ChatterBot Uniform reevaluating
ChatterBot India reevaluating
ChatterBot Kilo reevaluating
ChatterBot Zulu reevaluating
ChatterBot X-ray reevaluating
ChatterBot Tango reevaluating
ChatterBot Bravo reevaluating
ChatterBot Uniform reevaluating
ChatterBot India reevaluating
ChatterBot Kilo reevaluating
ChatterBot Zulu reevaluating
ChatterBot Hotel reevaluating
ChatterBot Tango reevaluating
ChatterBot Bravo reevaluating
ChatterBot Uniform reevaluating
ChatterBot India reevaluating
ChatterBot Kilo reevaluating
ChatterBot Zulu reevaluating
ChatterBot Hotel reevaluating
ChatterBot X-ray reevaluating
ChatterBot Tango reevaluating
ChatterBot Bravo reevaluating
ChatterBot Uniform reevaluating
ChatterBot India reevaluating
ChatterBot Kilo reevaluating
ChatterBot Zulu reevaluating
ChatterBot Hotel reevaluating
ChatterBot X-ray reevaluating
ChatterBot Bravo reevaluating
ChatterBot Uniform reevaluating
ChatterBot India reevaluating
ChatterBot Kilo reevaluating
ChatterBot Zulu reevaluating
ChatterBot Hotel reevaluating
ChatterBot X-ray reevaluating
ChatterBot Tango reevaluating
ChatterBot Bravo reevaluating
ChatterBot India reevaluating
ChatterBot Kilo reevaluating
ChatterBot Zulu reevaluating
ChatterBot Hotel reevaluating
ChatterBot X-ray reevaluating
ChatterBot Tango reevaluating
ChatterBot Bravo reevaluating
ChatterBot Uniform reevaluating
ChatterBot Kilo reevaluating
ChatterBot Zulu reevaluating
ChatterBot Hotel reevaluating
ChatterBot X-ray reevaluating
ChatterBot Alpha reevaluating
ChatterBot Tango reevaluating
ChatterBot Bravo reevaluating
ChatterBot Uniform reevaluating
ChatterBot India reevaluating
2024-10-14 22:39:29.042408 Alpha: We should add Bravo
2024-10-14 22:39:29.042694 Uniform: We should add Bravo
2024-10-14 22:39:29.042917 Tango: We should add Bravo
2024-10-14 22:39:29.043633 Kilo: We should add Bravo
ChatterBot Tango reevaluating
ChatterBot Uniform reevaluating
ChatterBot India reevaluating
ChatterBot Kilo reevaluating
ChatterBot Zulu reevaluating
ChatterBot Hotel reevaluating
ChatterBot X-ray reevaluating
2024-10-14 22:39:29.063610 Tango: Yes
ChatterBot Tango reevaluating
2024-10-14 22:39:29.066519 Papa: Yes
2024-10-14 22:39:29.068241 Uniform: Yes
2024-10-14 22:39:29.068420 India: Yes
ChatterBot India reevaluating
2024-10-14 22:39:29.071162 Kilo: Yes
ChatterBot Kilo reevaluating
2024-10-14 22:39:29.073763 Zulu: No
ChatterBot Zulu reevaluating
2024-10-14 22:39:29.076479 Hotel: No
ChatterBot Hotel reevaluating
2024-10-14 22:39:29.079192 X-ray: No
ChatterBot X-ray reevaluating
ChatterBot Alpha reevaluating
2024-10-14 22:39:29.085544 Tango: Yes
2024-10-14 22:39:29.085827 Papa: Yes
ChatterBot Uniform reevaluating
2024-10-14 22:39:29.091632 India: Yes
ChatterBot India reevaluating
2024-10-14 22:39:29.094456 Kilo: Yes
ChatterBot Kilo reevaluating
2024-10-14 22:39:29.097551 Zulu: No
ChatterBot Zulu reevaluating
2024-10-14 22:39:29.100277 Hotel: No
ChatterBot Hotel reevaluating
2024-10-14 22:39:29.103473 X-ray: No
ChatterBot X-ray reevaluating
2024-10-14 22:39:29.106035 Alpha: No
ChatterBot Alpha reevaluating
ChatterBot Tango reevaluating
2024-10-14 22:39:29.112472 Papa: Yes
2024-10-14 22:39:29.114668 Uniform: Yes
ChatterBot Uniform reevaluating
2024-10-14 22:39:29.117895 India: Yes
ChatterBot India reevaluating
2024-10-14 22:39:29.120916 Kilo: Yes
2024-10-14 22:39:29.121113 Zulu: No
ChatterBot Zulu reevaluating
2024-10-14 22:39:29.124181 Hotel: No
ChatterBot Hotel reevaluating
2024-10-14 22:39:29.126879 X-ray: No
ChatterBot X-ray reevaluating
2024-10-14 22:39:29.129827 Alpha: Yes
ChatterBot Alpha reevaluating
2024-10-14 22:39:29.133346 Tango: Yes
2024-10-14 22:39:29.133629 Papa: Yes
2024-10-14 22:39:29.135603 Uniform: Yes
ChatterBot Uniform reevaluating
2024-10-14 22:39:29.138426 India: Yes
ChatterBot India reevaluating
ChatterBot Kilo reevaluating
2024-10-14 22:39:29.143725 Zulu: No
ChatterBot Zulu reevaluating
2024-10-14 22:39:29.146419 Hotel: No
ChatterBot Hotel reevaluating
2024-10-14 22:39:29.149203 X-ray: No
ChatterBot X-ray reevaluating
2024-10-14 22:39:29.152256 Alpha: Yes
ChatterBot Alpha reevaluating
ChatterBot Tango reevaluating
ChatterBot Uniform reevaluating
ChatterBot India reevaluating
ChatterBot Kilo reevaluating
ChatterBot Zulu reevaluating
ChatterBot Hotel reevaluating
ChatterBot X-ray reevaluating
ChatterBot Alpha reevaluating
ChatterBot Tango reevaluating
ChatterBot India reevaluating
ChatterBot Kilo reevaluating
ChatterBot Zulu reevaluating
ChatterBot Hotel reevaluating
ChatterBot X-ray reevaluating
ChatterBot Alpha reevaluating
ChatterBot Tango reevaluating
ChatterBot Uniform reevaluating
ChatterBot Kilo reevaluating
ChatterBot Zulu reevaluating
ChatterBot Hotel reevaluating
ChatterBot X-ray reevaluating
ChatterBot Alpha reevaluating
ChatterBot Tango reevaluating
ChatterBot Uniform reevaluating
ChatterBot India reevaluating
ChatterBot Zulu reevaluating
ChatterBot Hotel reevaluating
ChatterBot X-ray reevaluating
ChatterBot Alpha reevaluating
ChatterBot Tango reevaluating
ChatterBot Uniform reevaluating
ChatterBot India reevaluating
ChatterBot Kilo reevaluating
ChatterBot Hotel reevaluating
ChatterBot X-ray reevaluating
ChatterBot Alpha reevaluating
ChatterBot Tango reevaluating
ChatterBot Uniform reevaluating
ChatterBot India reevaluating
ChatterBot Kilo reevaluating
ChatterBot Zulu reevaluating
ChatterBot X-ray reevaluating
ChatterBot Alpha reevaluating
ChatterBot Tango reevaluating
ChatterBot Uniform reevaluating
ChatterBot India reevaluating
ChatterBot Kilo reevaluating
ChatterBot Zulu reevaluating
ChatterBot Hotel reevaluating
ChatterBot Alpha reevaluating
ChatterBot Uniform reevaluating
ChatterBot India reevaluating
ChatterBot Kilo reevaluating
ChatterBot Zulu reevaluating
ChatterBot Hotel reevaluating
ChatterBot X-ray reevaluating
ChatterBot Alpha reevaluating
ChatterBot Tango reevaluating
ChatterBot Uniform reevaluating
ChatterBot India reevaluating
ChatterBot Kilo reevaluating
ChatterBot Zulu reevaluating
ChatterBot Hotel reevaluating
ChatterBot X-ray reevaluating
ChatterBot Alpha reevaluating
ChatterBot Tango reevaluating
ChatterBot Uniform reevaluating
ChatterBot Kilo reevaluating
ChatterBot Zulu reevaluating
ChatterBot Hotel reevaluating
ChatterBot X-ray reevaluating
ChatterBot Alpha reevaluating
ChatterBot Tango reevaluating
ChatterBot Uniform reevaluating
ChatterBot India reevaluating
ChatterBot Zulu reevaluating
ChatterBot Hotel reevaluating
ChatterBot X-ray reevaluating
ChatterBot Alpha reevaluating
ChatterBot Tango reevaluating
ChatterBot Uniform reevaluating
ChatterBot India reevaluating
ChatterBot Kilo reevaluating
ChatterBot Hotel reevaluating
ChatterBot X-ray reevaluating
ChatterBot Alpha reevaluating
ChatterBot Tango reevaluating
ChatterBot Uniform reevaluating
ChatterBot India reevaluating
ChatterBot Kilo reevaluating
ChatterBot Zulu reevaluating
ChatterBot X-ray reevaluating
ChatterBot Alpha reevaluating
ChatterBot Tango reevaluating
ChatterBot Uniform reevaluating
ChatterBot India reevaluating
ChatterBot Kilo reevaluating
ChatterBot Zulu reevaluating
ChatterBot Hotel reevaluating
ChatterBot Alpha reevaluating
ChatterBot Tango reevaluating
ChatterBot Uniform reevaluating
ChatterBot India reevaluating
ChatterBot Kilo reevaluating
ChatterBot Zulu reevaluating
ChatterBot Hotel reevaluating
ChatterBot X-ray reevaluating
ChatterBot Tango reevaluating
ChatterBot Uniform reevaluating
ChatterBot India reevaluating
ChatterBot Kilo reevaluating
ChatterBot Zulu reevaluating
ChatterBot Hotel reevaluating
ChatterBot X-ray reevaluating
ChatterBot Alpha reevaluating
ChatterBot Tango reevaluating
ChatterBot India reevaluating
ChatterBot Kilo reevaluating
ChatterBot Zulu reevaluating
ChatterBot Hotel reevaluating
ChatterBot X-ray reevaluating
ChatterBot Alpha reevaluating
ChatterBot Tango reevaluating
ChatterBot Uniform reevaluating
ChatterBot Kilo reevaluating
ChatterBot Zulu reevaluating
ChatterBot Hotel reevaluating
ChatterBot X-ray reevaluating
ChatterBot Alpha reevaluating
ChatterBot Tango reevaluating
ChatterBot Uniform reevaluating
ChatterBot India reevaluating
ChatterBot Zulu reevaluating
ChatterBot Hotel reevaluating
ChatterBot X-ray reevaluating
ChatterBot Alpha reevaluating
ChatterBot Tango reevaluating
ChatterBot Uniform reevaluating
ChatterBot India reevaluating
ChatterBot Kilo reevaluating
ChatterBot Hotel reevaluating
ChatterBot X-ray reevaluating
ChatterBot Alpha reevaluating
ChatterBot Tango reevaluating
ChatterBot Uniform reevaluating
ChatterBot India reevaluating
ChatterBot Kilo reevaluating
ChatterBot Zulu reevaluating
ChatterBot X-ray reevaluating
ChatterBot Alpha reevaluating
ChatterBot Tango reevaluating
ChatterBot Uniform reevaluating
ChatterBot India reevaluating
ChatterBot Kilo reevaluating
ChatterBot Zulu reevaluating
ChatterBot Hotel reevaluating
ChatterBot Alpha reevaluating
ChatterBot Tango reevaluating
ChatterBot Uniform reevaluating
ChatterBot India reevaluating
ChatterBot Kilo reevaluating
ChatterBot Zulu reevaluating
ChatterBot Hotel reevaluating
ChatterBot X-ray reevaluating
ChatterBot Uniform reevaluating
ChatterBot India reevaluating
ChatterBot Kilo reevaluating
ChatterBot Zulu reevaluating
ChatterBot Hotel reevaluating
ChatterBot X-ray reevaluating
ChatterBot Alpha reevaluating
ChatterBot Tango reevaluating
ChatterBot Uniform reevaluating
ChatterBot India reevaluating
ChatterBot Kilo reevaluating
ChatterBot Zulu reevaluating
ChatterBot Hotel reevaluating
ChatterBot X-ray reevaluating
ChatterBot Alpha reevaluating
ChatterBot Tango reevaluating
ChatterBot India reevaluating
ChatterBot Kilo reevaluating
ChatterBot Zulu reevaluating
ChatterBot Hotel reevaluating
ChatterBot X-ray reevaluating
ChatterBot Alpha reevaluating
ChatterBot Tango reevaluating
ChatterBot Uniform reevaluating
ChatterBot Kilo reevaluating
ChatterBot Zulu reevaluating
ChatterBot Hotel reevaluating
ChatterBot X-ray reevaluating
ChatterBot Alpha reevaluating
ChatterBot Tango reevaluating
ChatterBot Uniform reevaluating
ChatterBot India reevaluating
ChatterBot Kilo reevaluating
ChatterBot Hotel reevaluating
ChatterBot X-ray reevaluating
ChatterBot Alpha reevaluating
ChatterBot Tango reevaluating
ChatterBot Uniform reevaluating
ChatterBot India reevaluating
ChatterBot Kilo reevaluating
ChatterBot Zulu reevaluating
ChatterBot X-ray reevaluating
ChatterBot Alpha reevaluating
ChatterBot Tango reevaluating
ChatterBot Uniform reevaluating
ChatterBot India reevaluating
ChatterBot Kilo reevaluating
ChatterBot Zulu reevaluating
ChatterBot Hotel reevaluating
ChatterBot Alpha reevaluating
ChatterBot Tango reevaluating
ChatterBot Uniform reevaluating
ChatterBot India reevaluating
ChatterBot Kilo reevaluating
ChatterBot Zulu reevaluating
ChatterBot Hotel reevaluating
ChatterBot X-ray reevaluating
ChatterBot Alpha round 7
2024-10-14 22:39:29.826059 Tango: Bravo we want you to join our group
ChatterBot Bravo reevaluating
2024-10-14 22:39:29.829926 Bravo: Yes
ChatterBot Alpha reevaluating
2024-10-14 22:39:29.847473 Alpha: We should add Bravo
2024-10-14 22:39:29.863120 Tango: Yes
2024-10-14 22:39:29.863315 Papa: Yes
2024-10-14 22:39:29.863458 Uniform: Yes
2024-10-14 22:39:29.863572 India: Yes
2024-10-14 22:39:29.863717 Kilo: Yes
