ChatterBot Yankee round 1
ChatterBot India round 1
ChatterBot Whiskey round 1
ChatterBot Charlie round 1
ChatterBot Alpha round 1
ChatterBot Quebec round 1
ChatterBot Delta round 1
ChatterBot Mike round 1
ChatterBot Oscar round 1
ChatterBot X-ray round 1
randomSelections Yankee: {Yankee, X-ray, Mike, Oscar, India, Whiskey} 
2024-10-14 22:39:16.573778 Yankee: We should group up
ChatterBot X-ray reevaluating
ChatterBot Mike reevaluating
ChatterBot Oscar reevaluating
ChatterBot India reevaluating
ChatterBot Whiskey reevaluating
2024-10-14 22:39:16.588054 X-ray: Yes
2024-10-14 22:39:16.588376 Mike: Yes
2024-10-14 22:39:16.589225 Oscar: Yes
2024-10-14 22:39:16.589397 India: Yes
2024-10-14 22:39:16.589637 Whiskey: Yes
ChatterBot Mike reevaluating
ChatterBot Oscar reevaluating
ChatterBot India reevaluating
ChatterBot Whiskey reevaluating
ChatterBot X-ray reevaluating
ChatterBot Oscar reevaluating
ChatterBot India reevaluating
ChatterBot Whiskey reevaluating
ChatterBot X-ray reevaluating
ChatterBot Mike reevaluating
ChatterBot India reevaluating
ChatterBot Whiskey reevaluating
ChatterBot X-ray reevaluating
ChatterBot Mike reevaluating
ChatterBot Oscar reevaluating
ChatterBot Whiskey reevaluating
ChatterBot X-ray reevaluating
ChatterBot Mike reevaluating
ChatterBot Oscar reevaluating
ChatterBot India reevaluating
randomSelections Charlie: {Charlie, Whiskey, Yankee, Quebec, X-ray, India, Alpha} 
2024-10-14 22:39:16.639810 Charlie: Can we be friends?
ChatterBot Whiskey reevaluating
ChatterBot Quebec reevaluating
ChatterBot X-ray reevaluating
ChatterBot India reevaluating
ChatterBot Alpha reevaluating
2024-10-14 22:39:16.649524 Whiskey: No
2024-10-14 22:39:16.649674 Yankee: No
2024-10-14 22:39:16.649815 Quebec: Yes
2024-10-14 22:39:16.649924 X-ray: No
2024-10-14 22:39:16.650070 India: No
2024-10-14 22:39:16.650363 Alpha: Yes
ChatterBot Quebec reevaluating
ChatterBot X-ray reevaluating
ChatterBot India reevaluating
ChatterBot Alpha reevaluating
ChatterBot Whiskey reevaluating
ChatterBot Quebec reevaluating
ChatterBot X-ray reevaluating
ChatterBot India reevaluating
ChatterBot Alpha reevaluating
ChatterBot Whiskey reevaluating
ChatterBot X-ray reevaluating
ChatterBot India reevaluating
ChatterBot Alpha reevaluating
ChatterBot Whiskey reevaluating
ChatterBot Quebec reevaluating
ChatterBot India reevaluating
ChatterBot Alpha reevaluating
ChatterBot Whiskey reevaluating
ChatterBot Quebec reevaluating
ChatterBot X-ray reevaluating
ChatterBot Alpha reevaluating
ChatterBot Whiskey reevaluating
ChatterBot Quebec reevaluating
ChatterBot X-ray reevaluating
ChatterBot India reevaluating
randomSelections Delta: {Delta, Alpha, Yankee, Mike, Oscar, Whiskey, India, Charlie} 
2024-10-14 22:39:16.702987 Delta: Let's form a team
ChatterBot Alpha reevaluating
ChatterBot Mike reevaluating
ChatterBot Oscar reevaluating
ChatterBot Whiskey reevaluating
ChatterBot India reevaluating
2024-10-14 22:39:16.709904 Alpha: No
2024-10-14 22:39:16.710019 Yankee: No
2024-10-14 22:39:16.710151 Mike: No
2024-10-14 22:39:16.710313 Oscar: No
2024-10-14 22:39:16.710454 Whiskey: No
2024-10-14 22:39:16.710563 India: No
2024-10-14 22:39:16.710726 Charlie: No
ChatterBot Mike reevaluating
ChatterBot Oscar reevaluating
ChatterBot Whiskey reevaluating
ChatterBot India reevaluating
ChatterBot Alpha reevaluating
ChatterBot Mike reevaluating
ChatterBot Oscar reevaluating
ChatterBot Whiskey reevaluating
ChatterBot India reevaluating
ChatterBot Alpha reevaluating
ChatterBot Oscar reevaluating
ChatterBot Whiskey reevaluating
ChatterBot India reevaluating
ChatterBot Alpha reevaluating
ChatterBot Mike reevaluating
ChatterBot Whiskey reevaluating
ChatterBot India reevaluating
ChatterBot Alpha reevaluating
ChatterBot Mike reevaluating
ChatterBot Oscar reevaluating
ChatterBot India reevaluating
ChatterBot Alpha reevaluating
ChatterBot Mike reevaluating
ChatterBot Oscar reevaluating
ChatterBot Whiskey reevaluating
ChatterBot Alpha reevaluating
ChatterBot Mike reevaluating
ChatterBot Oscar reevaluating
ChatterBot Whiskey reevaluating
ChatterBot India reevaluating
2024-10-14 22:39:16.775712 Yankee: India and Mike, sending you 5
2024-10-14 22:39:16.779662 India: Yankee and Mike, sending you 4
2024-10-14 22:39:16.780375 Yankee: Whiskey, sending you 1
2024-10-14 22:39:16.781688 Delta: Yankee, India, Whiskey and Charlie, sending you 1
2024-10-14 22:39:16.782689 Quebec: Yankee, sending you 5
2024-10-14 22:39:16.783697 Mike: Yankee and India, sending you 2
2024-10-14 22:39:16.784030 Yankee: Oscar and X-ray, sending you 3
2024-10-14 22:39:16.784676 India: Whiskey and X-ray, sending you 3
2024-10-14 22:39:16.785083 Whiskey: Yankee and India, sending you 5
2024-10-14 22:39:16.785460 Delta: Oscar, sending you 3
2024-10-14 22:39:16.787669 Quebec: India and Whiskey, sending you 2
2024-10-14 22:39:16.787974 Alpha: Yankee and Charlie, sending you 4
2024-10-14 22:39:16.788240 Whiskey: Mike and Oscar, sending you 2
2024-10-14 22:39:16.788697 Charlie: Yankee and Alpha, sending you 1
2024-10-14 22:39:16.789098 Mike: Whiskey and X-ray, sending you 3
2024-10-14 22:39:16.789683 India: Oscar, sending you 1
2024-10-14 22:39:16.791870 Oscar: Yankee, sending you 4
2024-10-14 22:39:16.792150 Whiskey: X-ray, sending you 4
2024-10-14 22:39:16.792404 Charlie: India and Quebec, sending you 2
2024-10-14 22:39:16.792704 Quebec: Alpha, sending you 3
2024-10-14 22:39:16.793033 Alpha: Whiskey, sending you 3
2024-10-14 22:39:16.793268 Mike: Oscar, sending you 5
2024-10-14 22:39:16.794659 Oscar: India, sending you 6
2024-10-14 22:39:16.795763 Quebec: X-ray, sending you 4
2024-10-14 22:39:16.796687 Charlie: Whiskey and X-ray, sending you 5
2024-10-14 22:39:16.797677 X-ray: Yankee and Whiskey, sending you 5
2024-10-14 22:39:16.797978 Alpha: Quebec, sending you 2
2024-10-14 22:39:16.798686 Oscar: Whiskey and X-ray, sending you 2
2024-10-14 22:39:16.801661 Oscar: Mike, sending you 3
2024-10-14 22:39:16.802684 X-ray: India and Oscar, sending you 3
2024-10-14 22:39:16.807900 X-ray: Mike, sending you 2
chatterbot Yankee submitting transactions
chatterbot Charlie submitting transactions
chatterbot Mike submitting transactions
chatterbot Alpha submitting transactions
chatterbot Delta submitting transactions
chatterbot India submitting transactions
chatterbot Quebec submitting transactions
chatterbot Oscar submitting transactions
chatterbot X-ray submitting transactions
chatterbot Whiskey submitting transactions
ChatterBot Yankee round 2
ChatterBot India round 2
ChatterBot Whiskey round 2
ChatterBot Charlie round 2
ChatterBot Alpha round 2
ChatterBot Quebec round 2
ChatterBot Delta round 2
ChatterBot Mike round 2
ChatterBot Oscar round 2
ChatterBot X-ray round 2
2024-10-14 22:39:18.547375 Charlie: We would work well together
ChatterBot Alpha reevaluating
ChatterBot Quebec reevaluating
ChatterBot Delta reevaluating
2024-10-14 22:39:18.566608 Alpha: No
2024-10-14 22:39:18.567294 Quebec: Yes
2024-10-14 22:39:18.567470 Delta: Yes
ChatterBot Quebec reevaluating
ChatterBot Delta reevaluating
ChatterBot Alpha reevaluating
ChatterBot Delta reevaluating
ChatterBot Alpha reevaluating
ChatterBot Quebec reevaluating
2024-10-14 22:39:18.656051 Whiskey: Let's form a team
ChatterBot Yankee reevaluating
ChatterBot Mike reevaluating
ChatterBot Oscar reevaluating
ChatterBot X-ray reevaluating
ChatterBot Alpha reevaluating
ChatterBot Quebec reevaluating
2024-10-14 22:39:18.692294 Yankee: No
2024-10-14 22:39:18.692451 India: No
2024-10-14 22:39:18.692571 Mike: No
2024-10-14 22:39:18.692690 Oscar: No
2024-10-14 22:39:18.692802 X-ray: Yes
2024-10-14 22:39:18.692913 Charlie: No
2024-10-14 22:39:18.693014 Alpha: No
2024-10-14 22:39:18.693540 Quebec: No
ChatterBot Mike reevaluating
ChatterBot Oscar reevaluating
ChatterBot X-ray reevaluating
ChatterBot Alpha reevaluating
ChatterBot Quebec reevaluating
ChatterBot Yankee reevaluating
ChatterBot Mike reevaluating
ChatterBot Oscar reevaluating
ChatterBot X-ray reevaluating
ChatterBot Alpha reevaluating
ChatterBot Quebec reevaluating
ChatterBot Yankee reevaluating
ChatterBot Oscar reevaluating
ChatterBot X-ray reevaluating
ChatterBot Alpha reevaluating
ChatterBot Quebec reevaluating
ChatterBot Yankee reevaluating
ChatterBot Mike reevaluating
ChatterBot X-ray reevaluating
ChatterBot Alpha reevaluating
ChatterBot Quebec reevaluating
ChatterBot Yankee reevaluating
ChatterBot Mike reevaluating
ChatterBot Oscar reevaluating
ChatterBot Alpha reevaluating
ChatterBot Quebec reevaluating
ChatterBot Yankee reevaluating
ChatterBot Mike reevaluating
ChatterBot Oscar reevaluating
ChatterBot X-ray reevaluating
ChatterBot Alpha reevaluating
ChatterBot Quebec reevaluating
ChatterBot Yankee reevaluating
ChatterBot Mike reevaluating
ChatterBot Oscar reevaluating
ChatterBot X-ray reevaluating
ChatterBot Quebec reevaluating
2024-10-14 22:39:19.103148 X-ray: We should add Charlie
ChatterBot Yankee reevaluating
ChatterBot Mike reevaluating
ChatterBot Oscar reevaluating
ChatterBot X-ray reevaluating
ChatterBot Alpha reevaluating
ChatterBot Yankee reevaluating
ChatterBot Mike reevaluating
ChatterBot Oscar reevaluating
2024-10-14 22:39:19.182685 Yankee: No
2024-10-14 22:39:19.182871 Mike: No
2024-10-14 22:39:19.183029 Oscar: No
2024-10-14 22:39:19.183184 India: No
2024-10-14 22:39:19.183762 Whiskey: Yes
ChatterBot X-ray reevaluating
ChatterBot Mike reevaluating
ChatterBot Oscar reevaluating
ChatterBot Yankee reevaluating
ChatterBot X-ray reevaluating
ChatterBot Oscar reevaluating
ChatterBot Yankee reevaluating
ChatterBot X-ray reevaluating
ChatterBot Mike reevaluating
ChatterBot Yankee reevaluating
ChatterBot X-ray reevaluating
ChatterBot Mike reevaluating
ChatterBot Oscar reevaluating
ChatterBot Yankee reevaluating
ChatterBot X-ray reevaluating
ChatterBot Mike reevaluating
ChatterBot Oscar reevaluating
2024-10-14 22:39:19.359324 Oscar: We should drop Mike
ChatterBot X-ray reevaluating
2024-10-14 22:39:19.383887 Yankee: No
2024-10-14 22:39:19.384548 India: No
2024-10-14 22:39:19.384736 Whiskey: No
2024-10-14 22:39:19.384909 X-ray: No
ChatterBot Oscar reevaluating
ChatterBot X-ray reevaluating
ChatterBot Oscar reevaluating
ChatterBot X-ray reevaluating
ChatterBot Oscar reevaluating
ChatterBot Yankee reevaluating
ChatterBot X-ray reevaluating
ChatterBot Oscar reevaluating
ChatterBot Yankee reevaluating
2024-10-14 22:39:19.649299 India: Yankee, Whiskey and Oscar, sending you 4
2024-10-14 22:39:19.649754 Whiskey: Yankee, sending you 1
2024-10-14 22:39:19.650557 Alpha: Charlie and Quebec, sending you 4
2024-10-14 22:39:19.650773 Quebec: Charlie and Alpha, sending you 7
2024-10-14 22:39:19.650978 Charlie: Alpha, sending you 10
2024-10-14 22:39:19.651798 Oscar: We should drop Whiskey
ChatterBot Yankee reevaluating
ChatterBot X-ray reevaluating
2024-10-14 22:39:19.667081 Yankee: No
2024-10-14 22:39:19.667267 India: No
2024-10-14 22:39:19.667373 Mike: No
2024-10-14 22:39:19.667485 X-ray: No
ChatterBot X-ray reevaluating
ChatterBot Yankee reevaluating
ChatterBot X-ray reevaluating
ChatterBot Yankee reevaluating
ChatterBot X-ray reevaluating
ChatterBot Oscar reevaluating
ChatterBot Yankee reevaluating
chatterbot Quebec submitting transactions
2024-10-14 22:39:19.729252 India: Mike, sending you 1
2024-10-14 22:39:19.729663 Whiskey: India, Alpha, Quebec, Mike and Oscar, sending you 2
2024-10-14 22:39:19.730756 Quebec: Delta, sending you 2
2024-10-14 22:39:19.731033 Charlie: Quebec, sending you 2
2024-10-14 22:39:19.824631 Mike: Yankee, sending you 5
2024-10-14 22:39:19.825211 X-ray: Charlie we want you to join our group
2024-10-14 22:39:19.859032 Charlie: No
ChatterBot X-ray reevaluating
ChatterBot Yankee reevaluating
ChatterBot Oscar reevaluating
2024-10-14 22:39:19.921917 Delta: Sending you each 5
2024-10-14 22:39:19.922398 Whiskey: Charlie, sending you 3
2024-10-14 22:39:19.923682 India: X-ray, sending you 3
2024-10-14 22:39:19.924190 Charlie: Delta, sending you 4
2024-10-14 22:39:19.924544 Mike: India, sending you 4
2024-10-14 22:39:19.957327 Whiskey: X-ray, sending you 4
2024-10-14 22:39:19.958188 Mike: Whiskey and X-ray, sending you 2
2024-10-14 22:39:20.048230 Mike: Oscar, sending you 3
chatterbot Whiskey submitting transactions
2024-10-14 22:39:20.062651 Yankee: India and Oscar, sending you 3
2024-10-14 22:39:20.171146 X-ray: Yankee, India, Whiskey and Mike, sending you 3
2024-10-14 22:39:20.172181 Yankee: Whiskey, sending you 5
2024-10-14 22:39:20.172682 Oscar: Yankee and X-ray, sending you 4
chatterbot Charlie submitting transactions
2024-10-14 22:39:20.185165 X-ray: Charlie, sending you 4
2024-10-14 22:39:20.186089 Yankee: Mike, sending you 2
2024-10-14 22:39:20.186550 Oscar: India, sending you 2
chatterbot India submitting transactions
2024-10-14 22:39:20.200944 X-ray: Oscar, sending you 2
2024-10-14 22:39:20.201402 Yankee: X-ray, sending you 4
2024-10-14 22:39:20.202438 Oscar: Mike, sending you 7
chatterbot Yankee submitting transactions
chatterbot Alpha submitting transactions
chatterbot Mike submitting transactions
chatterbot Delta submitting transactions
chatterbot Oscar submitting transactions
chatterbot X-ray submitting transactions
ChatterBot Yankee round 3
ChatterBot India round 3
ChatterBot Whiskey round 3
ChatterBot Charlie round 3
ChatterBot Alpha round 3
2024-10-14 22:39:21.053654 Charlie: We should add Whiskey
2024-10-14 22:39:21.071343 Alpha: No
2024-10-14 22:39:21.072138 Quebec: No
2024-10-14 22:39:21.072351 Delta: No
ChatterBot Charlie reevaluating
ChatterBot Charlie reevaluating
ChatterBot Charlie reevaluating
ChatterBot Quebec round 3
ChatterBot Delta round 3
ChatterBot Mike round 3
ChatterBot Oscar round 3
ChatterBot X-ray round 3
2024-10-14 22:39:21.242520 Yankee: India, Oscar and X-ray, sending you 4
2024-10-14 22:39:21.243623 X-ray: We should drop Charlie
2024-10-14 22:39:21.257315 Yankee: Yes
2024-10-14 22:39:21.257483 Mike: Yes
2024-10-14 22:39:21.258177 Oscar: Yes
2024-10-14 22:39:21.258291 India: Yes
2024-10-14 22:39:21.258401 Whiskey: Yes
2024-10-14 22:39:21.324401 Whiskey: Yankee and India, sending you 4
2024-10-14 22:39:21.324790 Yankee: Whiskey, sending you 2
2024-10-14 22:39:21.325880 Quebec: Whiskey, sending you 3
2024-10-14 22:39:21.326340 India: Yankee, sending you 4
2024-10-14 22:39:21.326731 Charlie: Alpha, sending you 6
2024-10-14 22:39:21.327507 Alpha: Charlie and Quebec, sending you 4
2024-10-14 22:39:21.373490 Oscar: Yankee, India and X-ray, sending you 4
2024-10-14 22:39:21.373874 Whiskey: Mike, sending you 3
2024-10-14 22:39:21.374476 Delta: Charlie, sending you 8
2024-10-14 22:39:21.374779 Mike: Yankee, India and X-ray, sending you 3
2024-10-14 22:39:21.375651 Quebec: Charlie and Delta, sending you 4
2024-10-14 22:39:21.375905 India: Whiskey, Mike, Oscar and X-ray, sending you 3
2024-10-14 22:39:21.376401 Charlie: Quebec and Delta, sending you 5
2024-10-14 22:39:21.377111 Yankee: Mike, sending you 3
2024-10-14 22:39:21.377490 Alpha: Delta, sending you 3
2024-10-14 22:39:21.377884 Oscar: Mike, sending you 5
2024-10-14 22:39:21.403261 Whiskey: Oscar, sending you 2
2024-10-14 22:39:21.404071 Mike: Whiskey, sending you 2
2024-10-14 22:39:21.405204 Delta: Alpha, sending you 2
2024-10-14 22:39:21.405688 Quebec: Alpha, sending you 5
2024-10-14 22:39:21.406631 X-ray: Yankee, India and Whiskey, sending you 4
chatterbot Yankee submitting transactions
2024-10-14 22:39:21.407417 Whiskey: X-ray, sending you 5
2024-10-14 22:39:21.439395 Mike: Oscar, sending you 5
2024-10-14 22:39:21.440582 Delta: Quebec, sending you 5
2024-10-14 22:39:21.440979 X-ray: Mike and Oscar, sending you 3
chatterbot Oscar submitting transactions
chatterbot Mike submitting transactions
chatterbot India submitting transactions
chatterbot Alpha submitting transactions
chatterbot Whiskey submitting transactions
chatterbot Delta submitting transactions
chatterbot Charlie submitting transactions
chatterbot Quebec submitting transactions
chatterbot X-ray submitting transactions
ChatterBot Yankee round 4
ChatterBot India round 4
ChatterBot Whiskey round 4
ChatterBot Charlie round 4
ChatterBot Alpha round 4
ChatterBot Quebec round 4
ChatterBot Delta round 4
ChatterBot Mike round 4
ChatterBot Oscar round 4
ChatterBot X-ray round 4
2024-10-14 22:39:22.421099 Yankee: India and X-ray, sending you 4
2024-10-14 22:39:22.422820 India: Yankee, sending you 4
2024-10-14 22:39:22.423510 Whiskey: Yankee and India, sending you 4
2024-10-14 22:39:22.424140 Charlie: Alpha and Quebec, sending you 5
2024-10-14 22:39:22.425678 India: Whiskey, Mike, Oscar and X-ray, sending you 3
2024-10-14 22:39:22.426760 Yankee: Whiskey, Mike and Oscar, sending you 3
2024-10-14 22:39:22.428035 Alpha: Charlie and Quebec, sending you 4
2024-10-14 22:39:22.428670 Whiskey: Mike, sending you 3
2024-10-14 22:39:22.429243 Charlie: Delta, sending you 6
2024-10-14 22:39:22.430075 Delta: Charlie, sending you 6
2024-10-14 22:39:22.431666 Quebec: Whiskey, sending you 2
2024-10-14 22:39:22.432115 Alpha: Delta, sending you 3
2024-10-14 22:39:22.432692 Mike: Yankee, India, Whiskey and X-ray, sending you 3
2024-10-14 22:39:22.433799 Whiskey: Oscar, sending you 2
2024-10-14 22:39:22.434386 Delta: Alpha, sending you 4
2024-10-14 22:39:22.435277 Quebec: Charlie and Delta, sending you 4
2024-10-14 22:39:22.437666 Mike: Oscar, sending you 4
2024-10-14 22:39:22.438714 Oscar: Yankee and Mike, sending you 5
2024-10-14 22:39:22.439065 Whiskey: X-ray, sending you 5
2024-10-14 22:39:22.440009 Delta: Quebec, sending you 5
2024-10-14 22:39:22.440686 Quebec: Alpha, sending you 6
2024-10-14 22:39:22.441679 X-ray: Yankee, sending you 4
2024-10-14 22:39:22.442666 Oscar: India, sending you 4
2024-10-14 22:39:22.446712 X-ray: India, Mike and Oscar, sending you 3
2024-10-14 22:39:22.447447 Oscar: X-ray, sending you 3
2024-10-14 22:39:22.451081 X-ray: Whiskey, sending you 5
chatterbot Alpha submitting transactions
chatterbot Yankee submitting transactions
chatterbot Oscar submitting transactions
chatterbot India submitting transactions
chatterbot Quebec submitting transactions
chatterbot Delta submitting transactions
chatterbot Whiskey submitting transactions
chatterbot Mike submitting transactions
chatterbot X-ray submitting transactions
chatterbot Charlie submitting transactions
ChatterBot Yankee round 5
ChatterBot India round 5
ChatterBot Whiskey round 5
ChatterBot Charlie round 5
ChatterBot Alpha round 5
ChatterBot Quebec round 5
ChatterBot Delta round 5
ChatterBot Mike round 5
ChatterBot Oscar round 5
ChatterBot X-ray round 5
2024-10-14 22:39:23.697956 Oscar: Yankee, India and X-ray, sending you 4
2024-10-14 22:39:23.698884 Charlie: Alpha and Quebec, sending you 5
2024-10-14 22:39:23.699334 Alpha: Charlie and Quebec, sending you 4
2024-10-14 22:39:23.701672 Whiskey: Yankee and India, sending you 4
2024-10-14 22:39:23.702947 Oscar: Mike, sending you 5
2024-10-14 22:39:23.703442 Alpha: Delta, sending you 3
2024-10-14 22:39:23.703944 Charlie: Delta, sending you 6
2024-10-14 22:39:23.705706 India: Yankee, sending you 4
2024-10-14 22:39:23.706565 Yankee: India, Oscar and X-ray, sending you 4
2024-10-14 22:39:23.707856 Quebec: Whiskey, sending you 2
2024-10-14 22:39:23.708629 Whiskey: Mike, sending you 3
2024-10-14 22:39:23.709435 Delta: Charlie, sending you 6
2024-10-14 22:39:23.710435 India: Whiskey, Mike, Oscar and X-ray, sending you 3
2024-10-14 22:39:23.711214 Yankee: Whiskey, sending you 3
2024-10-14 22:39:23.712432 Mike: Yankee, India, Whiskey and X-ray, sending you 3
2024-10-14 22:39:23.713142 Quebec: Charlie and Alpha, sending you 5
2024-10-14 22:39:23.713657 Delta: Alpha, sending you 4
2024-10-14 22:39:23.714672 Whiskey: Oscar, sending you 2
2024-10-14 22:39:23.715698 Yankee: Mike, sending you 2
2024-10-14 22:39:23.717162 Quebec: Delta, sending you 4
2024-10-14 22:39:23.717731 Mike: Oscar, sending you 4
2024-10-14 22:39:23.718338 Delta: Quebec, sending you 5
2024-10-14 22:39:23.719476 Whiskey: X-ray, sending you 5
2024-10-14 22:39:23.720143 X-ray: Yankee, sending you 4
2024-10-14 22:39:23.723801 X-ray: India, Mike and Oscar, sending you 3
2024-10-14 22:39:23.726668 X-ray: Whiskey, sending you 5
chatterbot Yankee submitting transactions
chatterbot Oscar submitting transactions
chatterbot Whiskey submitting transactions
chatterbot X-ray submitting transactions
chatterbot India submitting transactions
chatterbot Delta submitting transactions
chatterbot Charlie submitting transactions
chatterbot Quebec submitting transactions
chatterbot Mike submitting transactions
chatterbot Alpha submitting transactions
ChatterBot Yankee round 6
ChatterBot India round 6
ChatterBot Whiskey round 6
ChatterBot Charlie round 6
ChatterBot Alpha round 6
ChatterBot Quebec round 6
ChatterBot Delta round 6
ChatterBot Mike round 6
ChatterBot Oscar round 6
ChatterBot X-ray round 6
2024-10-14 22:39:24.811692 Alpha: Charlie and Quebec, sending you 4
2024-10-14 22:39:24.812664 Whiskey: Yankee and India, sending you 4
2024-10-14 22:39:24.813835 Charlie: Alpha and Quebec, sending you 5
2024-10-14 22:39:24.814729 Yankee: India, Oscar and X-ray, sending you 4
2024-10-14 22:39:24.815771 Alpha: Delta, sending you 3
2024-10-14 22:39:24.816651 Whiskey: Mike, sending you 3
2024-10-14 22:39:24.817259 Charlie: Delta, sending you 6
2024-10-14 22:39:24.818694 Yankee: Whiskey, sending you 3
2024-10-14 22:39:24.820685 Whiskey: Oscar, sending you 2
2024-10-14 22:39:24.821592 Quebec: Whiskey, sending you 2
2024-10-14 22:39:24.822714 India: Yankee, sending you 4
2024-10-14 22:39:24.823766 Yankee: Mike, sending you 2
2024-10-14 22:39:24.824520 Delta: Charlie, sending you 6
2024-10-14 22:39:24.824931 Whiskey: X-ray, sending you 5
2024-10-14 22:39:24.825513 Oscar: Yankee and Mike, sending you 5
2024-10-14 22:39:24.827082 India: Whiskey, Mike, Oscar and X-ray, sending you 3
2024-10-14 22:39:24.827853 Quebec: Charlie and Alpha, sending you 5
2024-10-14 22:39:24.828724 X-ray: Yankee, sending you 4
2024-10-14 22:39:24.829730 Delta: Alpha, sending you 4
2024-10-14 22:39:24.830258 Oscar: India, sending you 4
2024-10-14 22:39:24.831337 Quebec: Delta, sending you 4
2024-10-14 22:39:24.835088 X-ray: India, Mike and Oscar, sending you 3
2024-10-14 22:39:24.836142 Delta: Quebec, sending you 5
2024-10-14 22:39:24.836619 Oscar: X-ray, sending you 3
2024-10-14 22:39:24.839737 X-ray: Whiskey, sending you 5
2024-10-14 22:39:24.840709 Mike: Yankee, India, Whiskey and X-ray, sending you 3
2024-10-14 22:39:24.844701 Mike: Oscar, sending you 4
chatterbot X-ray submitting transactions
chatterbot Whiskey submitting transactions
chatterbot Yankee submitting transactions
chatterbot Quebec submitting transactions
chatterbot Mike submitting transactions
chatterbot Charlie submitting transactions
chatterbot Delta submitting transactions
chatterbot India submitting transactions
chatterbot Alpha submitting transactions
chatterbot Oscar submitting transactions
ChatterBot Yankee round 7
ChatterBot India round 7
ChatterBot Whiskey round 7
ChatterBot Charlie round 7
ChatterBot Alpha round 7
ChatterBot Quebec round 7
ChatterBot Delta round 7
ChatterBot Mike round 7
ChatterBot Oscar round 7
ChatterBot X-ray round 7
2024-10-14 22:39:26.079463 Oscar: We should replace Mike with Whiskey
2024-10-14 22:39:26.087931 Yankee: No
2024-10-14 22:39:26.088112 India: No
2024-10-14 22:39:26.088258 X-ray: No
ChatterBot Oscar reevaluating
ChatterBot Oscar reevaluating
ChatterBot Oscar reevaluating
2024-10-14 22:39:26.117680 Whiskey: Yankee, India and Mike, sending you 4
2024-10-14 22:39:26.118670 India: Yankee, sending you 4
2024-10-14 22:39:26.119669 Yankee: India, Oscar and X-ray, sending you 4
2024-10-14 22:39:26.120320 Charlie: Alpha and Quebec, sending you 5
2024-10-14 22:39:26.120727 Whiskey: Oscar, sending you 1
2024-10-14 22:39:26.123654 India: Whiskey, Mike, Oscar and X-ray, sending you 3
2024-10-14 22:39:26.124663 Yankee: Whiskey, sending you 3
2024-10-14 22:39:26.125241 Whiskey: X-ray, sending you 5
2024-10-14 22:39:26.125806 Charlie: Delta, sending you 6
2024-10-14 22:39:26.126267 Mike: Yankee, India, Whiskey and X-ray, sending you 3
2024-10-14 22:39:26.127659 Yankee: Mike, sending you 2
2024-10-14 22:39:26.129670 Mike: Oscar, sending you 4
2024-10-14 22:39:26.130233 Quebec: Whiskey, sending you 1
2024-10-14 22:39:26.131659 X-ray: Yankee, sending you 4
2024-10-14 22:39:26.133667 Alpha: Charlie and Quebec, sending you 4
2024-10-14 22:39:26.134694 Quebec: Charlie, Alpha and Delta, sending you 5
2024-10-14 22:39:26.135086 X-ray: India, Mike and Oscar, sending you 3
2024-10-14 22:39:26.136661 Delta: Charlie, sending you 6
2024-10-14 22:39:26.137668 Alpha: Delta, sending you 3
2024-10-14 22:39:26.139002 X-ray: Whiskey, sending you 5
2024-10-14 22:39:26.139666 Delta: Alpha, sending you 4
2024-10-14 22:39:26.143662 Delta: Quebec, sending you 5
2024-10-14 22:39:26.143970 Oscar: Yankee and Mike, sending you 5
2024-10-14 22:39:26.147700 Oscar: India, sending you 4
2024-10-14 22:39:26.151708 Oscar: X-ray, sending you 3
chatterbot X-ray submitting transactions
chatterbot Mike submitting transactions
chatterbot Alpha submitting transactions
chatterbot Delta submitting transactions
chatterbot India submitting transactions
chatterbot Quebec submitting transactions
chatterbot Whiskey submitting transactions
chatterbot Yankee submitting transactions
chatterbot Charlie submitting transactions
chatterbot Oscar submitting transactions
ChatterBot Yankee round 8
ChatterBot India round 8
ChatterBot Whiskey round 8
ChatterBot Charlie round 8
ChatterBot Alpha round 8
ChatterBot Quebec round 8
ChatterBot Delta round 8
ChatterBot Mike round 8
ChatterBot Oscar round 8
ChatterBot X-ray round 8
2024-10-14 22:39:27.406664 Alpha: Charlie and Quebec, sending you 4
2024-10-14 22:39:27.407659 Whiskey: Yankee, India and Mike, sending you 4
2024-10-14 22:39:27.408712 India: Yankee, sending you 4
2024-10-14 22:39:27.409905 Charlie: Alpha and Quebec, sending you 5
2024-10-14 22:39:27.410691 Mike: Yankee, India, Whiskey and X-ray, sending you 3
2024-10-14 22:39:27.411652 Whiskey: Oscar, sending you 1
2024-10-14 22:39:27.412690 Alpha: Delta, sending you 3
2024-10-14 22:39:27.413199 Quebec: Charlie, sending you 6
2024-10-14 22:39:27.414677 India: Whiskey, Mike, Oscar and X-ray, sending you 3
2024-10-14 22:39:27.415804 Charlie: Delta, sending you 6
2024-10-14 22:39:27.416134 Mike: Oscar, sending you 4
2024-10-14 22:39:27.416712 Whiskey: X-ray, sending you 5
2024-10-14 22:39:27.417277 X-ray: Yankee, sending you 4
2024-10-14 22:39:27.418389 Delta: Charlie, sending you 6
2024-10-14 22:39:27.418735 Quebec: Alpha and Delta, sending you 5
2024-10-14 22:39:27.419100 Oscar: Yankee and Mike, sending you 5
2024-10-14 22:39:27.419461 Yankee: India, Oscar and X-ray, sending you 4
2024-10-14 22:39:27.420727 X-ray: India, Mike and Oscar, sending you 3
2024-10-14 22:39:27.421995 Delta: Alpha, sending you 4
2024-10-14 22:39:27.422676 Oscar: India, sending you 4
2024-10-14 22:39:27.423696 Yankee: Whiskey, sending you 3
2024-10-14 22:39:27.425656 X-ray: Whiskey, sending you 5
2024-10-14 22:39:27.426677 Delta: Quebec, sending you 5
2024-10-14 22:39:27.427037 Oscar: X-ray, sending you 3
2024-10-14 22:39:27.427980 Yankee: Mike, sending you 2
chatterbot Oscar submitting transactions
chatterbot India submitting transactions
chatterbot Quebec submitting transactions
chatterbot Delta submitting transactions
chatterbot Charlie submitting transactions
chatterbot Whiskey submitting transactions
chatterbot Mike submitting transactions
chatterbot Yankee submitting transactions
chatterbot Alpha submitting transactions
chatterbot X-ray submitting transactions
ChatterBot Yankee round 9
ChatterBot India round 9
ChatterBot Whiskey round 9
ChatterBot Charlie round 9
ChatterBot Alpha round 9
ChatterBot Quebec round 9
ChatterBot Delta round 9
ChatterBot Mike round 9
ChatterBot Oscar round 9
ChatterBot X-ray round 9
2024-10-14 22:39:28.709688 Yankee: India, Oscar and X-ray, sending you 4
2024-10-14 22:39:28.713151 India: Yankee, sending you 4
2024-10-14 22:39:28.715693 Quebec: Charlie, sending you 6
2024-10-14 22:39:28.717542 Yankee: Whiskey, sending you 3
2024-10-14 22:39:28.719580 Charlie: Alpha and Quebec, sending you 5
2024-10-14 22:39:28.720658 Whiskey: Yankee, India and Mike, sending you 4
2024-10-14 22:39:28.723899 India: Whiskey, Mike, Oscar and X-ray, sending you 3
2024-10-14 22:39:28.725435 Alpha: Charlie and Quebec, sending you 4
2024-10-14 22:39:28.726522 Oscar: Yankee and Mike, sending you 5
2024-10-14 22:39:28.727242 Quebec: Alpha and Delta, sending you 5
2024-10-14 22:39:28.728498 Delta: Charlie, sending you 6
2024-10-14 22:39:28.729238 Yankee: Mike, sending you 2
2024-10-14 22:39:28.730884 Mike: Yankee, India, Whiskey and X-ray, sending you 3
2024-10-14 22:39:28.731978 Charlie: Delta, sending you 6
2024-10-14 22:39:28.733153 Whiskey: Oscar, sending you 1
2024-10-14 22:39:28.734657 Oscar: India, sending you 4
2024-10-14 22:39:28.735324 Alpha: Delta, sending you 3
2024-10-14 22:39:28.736148 Delta: Alpha, sending you 4
2024-10-14 22:39:28.737084 Mike: Oscar, sending you 4
2024-10-14 22:39:28.737915 X-ray: Yankee, sending you 4
2024-10-14 22:39:28.739477 Oscar: X-ray, sending you 3
2024-10-14 22:39:28.740389 Whiskey: X-ray, sending you 5
2024-10-14 22:39:28.742272 Delta: Quebec, sending you 5
2024-10-14 22:39:28.743602 X-ray: India, Mike and Oscar, sending you 3
2024-10-14 22:39:28.749683 X-ray: Whiskey, sending you 5
chatterbot X-ray submitting transactions
chatterbot Charlie submitting transactions
chatterbot Quebec submitting transactions
chatterbot Oscar submitting transactions
chatterbot India submitting transactions
chatterbot Whiskey submitting transactions
chatterbot Delta submitting transactions
chatterbot Alpha submitting transactions
chatterbot Yankee submitting transactions
chatterbot Mike submitting transactions
ChatterBot Yankee round 10
ChatterBot India round 10
ChatterBot Whiskey round 10
ChatterBot Charlie round 10
ChatterBot Alpha round 10
ChatterBot Quebec round 10
ChatterBot Delta round 10
ChatterBot Mike round 10
ChatterBot Oscar round 10
ChatterBot X-ray round 10
2024-10-14 22:39:29.996366 Quebec: We should add Mike
2024-10-14 22:39:30.008528 Charlie: No
2024-10-14 22:39:30.008771 Alpha: No
2024-10-14 22:39:30.008927 Delta: No
ChatterBot Quebec reevaluating
ChatterBot Quebec reevaluating
ChatterBot Quebec reevaluating
2024-10-14 22:39:30.043199 Oscar: We should replace India with Whiskey
2024-10-14 22:39:30.050406 Yankee: No
2024-10-14 22:39:30.051072 Mike: No
2024-10-14 22:39:30.051203 X-ray: No
ChatterBot Oscar reevaluating
ChatterBot Oscar reevaluating
ChatterBot Oscar reevaluating
2024-10-14 22:39:30.077675 Alpha: Sending you each 4
2024-10-14 22:39:30.079955 Charlie: Alpha and Quebec, sending you 5
2024-10-14 22:39:30.080885 Yankee: India, Oscar and X-ray, sending you 4
2024-10-14 22:39:30.083311 Oscar: Whiskey we want you to join our group
2024-10-14 22:39:30.088149 Whiskey: Yes
ChatterBot Oscar reevaluating
2024-10-14 22:39:30.102104 Oscar: We should replace Mike with Whiskey
2024-10-14 22:39:30.112731 Yankee: No
2024-10-14 22:39:30.112921 India: No
2024-10-14 22:39:30.113053 X-ray: No
ChatterBot Oscar reevaluating
ChatterBot Oscar reevaluating
ChatterBot Oscar reevaluating
2024-10-14 22:39:30.137191 Charlie: Delta, sending you 6
2024-10-14 22:39:30.137937 Yankee: Whiskey, sending you 3
2024-10-14 22:39:30.139624 Whiskey: Yankee, India and Mike, sending you 4
2024-10-14 22:39:30.140558 Mike: Yankee, India, Whiskey and X-ray, sending you 3
2024-10-14 22:39:30.141643 India: Yankee, sending you 4
2024-10-14 22:39:30.142971 Yankee: Mike, sending you 2
2024-10-14 22:39:30.144684 Whiskey: Oscar, sending you 1
2024-10-14 22:39:30.146333 Quebec: Whiskey, sending you 1
2024-10-14 22:39:30.146795 Delta: Charlie, sending you 6
2024-10-14 22:39:30.147393 Mike: Oscar, sending you 4
2024-10-14 22:39:30.148790 India: Whiskey, Mike, Oscar and X-ray, sending you 3
2024-10-14 22:39:30.149973 X-ray: Yankee, sending you 4
2024-10-14 22:39:30.151532 Whiskey: X-ray, sending you 5
2024-10-14 22:39:30.152344 Quebec: Charlie, Alpha and Delta, sending you 5
2024-10-14 22:39:30.152796 Delta: Alpha, sending you 4
2024-10-14 22:39:30.154677 X-ray: India, Mike and Oscar, sending you 3
2024-10-14 22:39:30.156850 Delta: Quebec, sending you 5
2024-10-14 22:39:30.158678 X-ray: Whiskey, sending you 5
2024-10-14 22:39:30.170685 Oscar: Yankee, sending you 6
2024-10-14 22:39:30.175671 Oscar: India and X-ray, sending you 4
2024-10-14 22:39:30.180660 Oscar: Whiskey, sending you 3
chatterbot Charlie submitting transactions
chatterbot Yankee submitting transactions
chatterbot Alpha submitting transactions
chatterbot Oscar submitting transactions
chatterbot Delta submitting transactions
chatterbot Mike submitting transactions
chatterbot Quebec submitting transactions
chatterbot Whiskey submitting transactions
chatterbot X-ray submitting transactions
chatterbot India submitting transactions
ChatterBot Yankee round 11
ChatterBot India round 11
ChatterBot Whiskey round 11
ChatterBot Charlie round 11
ChatterBot Alpha round 11
ChatterBot Quebec round 11
ChatterBot Delta round 11
ChatterBot Mike round 11
ChatterBot Oscar round 11
ChatterBot X-ray round 11
2024-10-14 22:39:31.288350 Oscar: We should replace India with Mike
2024-10-14 22:39:31.295314 Yankee: No
2024-10-14 22:39:31.295459 Whiskey: No
2024-10-14 22:39:31.295569 X-ray: No
ChatterBot Oscar reevaluating
ChatterBot Oscar reevaluating
ChatterBot Oscar reevaluating
2024-10-14 22:39:31.336664 Mike: Yankee, India, Whiskey and X-ray, sending you 3
2024-10-14 22:39:31.338248 India: Yankee, sending you 4
2024-10-14 22:39:31.338946 Delta: Charlie, sending you 6
2024-10-14 22:39:31.339941 Yankee: India and Oscar, sending you 4
2024-10-14 22:39:31.342704 Mike: Oscar, sending you 4
2024-10-14 22:39:31.344498 India: Whiskey, Mike, Oscar and X-ray, sending you 3
2024-10-14 22:39:31.345989 Delta: Alpha, sending you 4
2024-10-14 22:39:31.346611 Whiskey: Yankee, India and Mike, sending you 4
2024-10-14 22:39:31.348114 Oscar: Yankee, sending you 6
2024-10-14 22:39:31.349133 Yankee: Whiskey, Mike and X-ray, sending you 3
2024-10-14 22:39:31.351290 X-ray: Yankee, sending you 5
2024-10-14 22:39:31.353373 Quebec: Whiskey, sending you 1
2024-10-14 22:39:31.354761 Charlie: Alpha and Quebec, sending you 5
2024-10-14 22:39:31.355378 Delta: Quebec, sending you 5
2024-10-14 22:39:31.355980 Whiskey: Oscar, sending you 1
2024-10-14 22:39:31.357495 Alpha: Same as last round
2024-10-14 22:39:31.358686 Oscar: India, sending you 5
2024-10-14 22:39:31.359654 X-ray: India, Mike and Oscar, sending you 3
2024-10-14 22:39:31.361381 Charlie: Delta, sending you 6
2024-10-14 22:39:31.362048 Quebec: Charlie, Alpha and Delta, sending you 5
2024-10-14 22:39:31.363224 Whiskey: X-ray, sending you 5
2024-10-14 22:39:31.364627 Oscar: Whiskey, sending you 2
2024-10-14 22:39:31.365890 X-ray: Whiskey, sending you 4
2024-10-14 22:39:31.369669 Oscar: X-ray, sending you 4
chatterbot Mike submitting transactions
chatterbot Delta submitting transactions
chatterbot X-ray submitting transactions
chatterbot Quebec submitting transactions
chatterbot Oscar submitting transactions
chatterbot Charlie submitting transactions
chatterbot India submitting transactions
chatterbot Alpha submitting transactions
chatterbot Yankee submitting transactions
chatterbot Whiskey submitting transactions
ChatterBot Yankee round 12
ChatterBot India round 12
ChatterBot Whiskey round 12
ChatterBot Charlie round 12
ChatterBot Alpha round 12
ChatterBot Quebec round 12
ChatterBot Delta round 12
ChatterBot Mike round 12
ChatterBot Oscar round 12
ChatterBot X-ray round 12
2024-10-14 22:39:32.418587 Quebec: We should replace Whiskey with Oscar
2024-10-14 22:39:32.425332 Charlie: No
2024-10-14 22:39:32.425499 Alpha: No
2024-10-14 22:39:32.425648 Delta: No
ChatterBot Quebec reevaluating
ChatterBot Quebec reevaluating
ChatterBot Quebec reevaluating
2024-10-14 22:39:32.454745 Quebec: We should replace Whiskey with India
2024-10-14 22:39:32.461191 Charlie: No
2024-10-14 22:39:32.461349 Alpha: No
2024-10-14 22:39:32.461488 Delta: No
ChatterBot Quebec reevaluating
ChatterBot Quebec reevaluating
ChatterBot Quebec reevaluating
2024-10-14 22:39:32.485947 Yankee: India, Oscar and X-ray, sending you 4
2024-10-14 22:39:32.487060 Alpha: Same as last round
2024-10-14 22:39:32.487567 Charlie: Alpha and Quebec, sending you 5
2024-10-14 22:39:32.488207 Mike: Yankee, India, Oscar and X-ray, sending you 3
2024-10-14 22:39:32.490197 Whiskey: Yankee and India, sending you 4
2024-10-14 22:39:32.492444 Oscar: Yankee, sending you 6
2024-10-14 22:39:32.493566 India: Yankee, sending you 4
2024-10-14 22:39:32.496037 Quebec: Oscar we want you to join our group
2024-10-14 22:39:32.501135 Oscar: No
ChatterBot Quebec reevaluating
2024-10-14 22:39:32.511852 Yankee: Whiskey, sending you 3
2024-10-14 22:39:32.513709 Charlie: Delta, sending you 6
2024-10-14 22:39:32.514546 Mike: Whiskey, sending you 4
2024-10-14 22:39:32.515740 Whiskey: Mike, sending you 3
2024-10-14 22:39:32.517216 Oscar: India, sending you 5
2024-10-14 22:39:32.517958 India: Whiskey, Mike, Oscar and X-ray, sending you 3
2024-10-14 22:39:32.519710 X-ray: Yankee, sending you 4
2024-10-14 22:39:32.521558 Yankee: Mike, sending you 2
2024-10-14 22:39:32.523490 Whiskey: Oscar, sending you 2
2024-10-14 22:39:32.525414 Oscar: Whiskey, sending you 2
2024-10-14 22:39:32.526538 Delta: Charlie, sending you 6
2024-10-14 22:39:32.527739 X-ray: India, Mike and Oscar, sending you 3
2024-10-14 22:39:32.528915 Whiskey: X-ray, sending you 5
2024-10-14 22:39:32.529721 Oscar: X-ray, sending you 4
2024-10-14 22:39:32.532663 Delta: Alpha, sending you 4
2024-10-14 22:39:32.533939 X-ray: Whiskey, sending you 5
2024-10-14 22:39:32.537002 Delta: Quebec, sending you 5
2024-10-14 22:39:32.538675 Quebec: Charlie, Alpha and Delta, sending you 5
2024-10-14 22:39:32.542660 Quebec: Oscar, sending you 1
chatterbot Delta submitting transactions
chatterbot Mike submitting transactions
chatterbot India submitting transactions
chatterbot Charlie submitting transactions
chatterbot Alpha submitting transactions
chatterbot Yankee submitting transactions
chatterbot Quebec submitting transactions
chatterbot Whiskey submitting transactions
chatterbot X-ray submitting transactions
chatterbot Oscar submitting transactions
ChatterBot Yankee round 13
ChatterBot India round 13
ChatterBot Whiskey round 13
ChatterBot Charlie round 13
ChatterBot Alpha round 13
ChatterBot Quebec round 13
ChatterBot Delta round 13
ChatterBot Mike round 13
ChatterBot Oscar round 13
ChatterBot X-ray round 13
2024-10-14 22:39:33.644964 Quebec: We should replace Oscar with Mike
2024-10-14 22:39:33.652625 Charlie: No
2024-10-14 22:39:33.652801 Alpha: No
2024-10-14 22:39:33.652923 Delta: No
ChatterBot Quebec reevaluating
ChatterBot Quebec reevaluating
ChatterBot Quebec reevaluating
2024-10-14 22:39:33.690012 Whiskey: Yankee, India and Mike, sending you 4
2024-10-14 22:39:33.692246 Alpha: Same as last round
2024-10-14 22:39:33.696283 Whiskey: Oscar, sending you 1
2024-10-14 22:39:33.698462 India: Yankee, sending you 4
2024-10-14 22:39:33.701213 Charlie: Alpha and Quebec, sending you 5
2024-10-14 22:39:33.702914 Oscar: Yankee, sending you 6
2024-10-14 22:39:33.704646 X-ray: Yankee, sending you 4
2024-10-14 22:39:33.707625 Whiskey: X-ray, sending you 5
2024-10-14 22:39:33.710247 India: Whiskey, Mike, Oscar and X-ray, sending you 3
2024-10-14 22:39:33.711737 Yankee: India, Oscar and X-ray, sending you 4
2024-10-14 22:39:33.713921 Charlie: Delta, sending you 6
2024-10-14 22:39:33.714980 Oscar: India and X-ray, sending you 4
2024-10-14 22:39:33.715914 X-ray: India, Mike and Oscar, sending you 3
2024-10-14 22:39:33.718526 Yankee: Whiskey, sending you 3
2024-10-14 22:39:33.721209 Delta: Charlie, sending you 6
2024-10-14 22:39:33.722518 Mike: Yankee, Whiskey, Oscar and X-ray, sending you 3
2024-10-14 22:39:33.725268 Oscar: Whiskey, sending you 3
2024-10-14 22:39:33.727281 Quebec: Whiskey, sending you 1
2024-10-14 22:39:33.728466 X-ray: Whiskey, sending you 5
2024-10-14 22:39:33.731447 Yankee: Mike, sending you 2
2024-10-14 22:39:33.734326 Delta: Alpha, sending you 4
