ChatterBot Lima round 1
ChatterBot Papa round 1
ChatterBot Yankee round 1
ChatterBot Echo round 1
ChatterBot India round 1
ChatterBot Quebec round 1
ChatterBot Bravo round 1
ChatterBot Kilo round 1
ChatterBot Romeo round 1
ChatterBot Charlie round 1
randomSelections India: {India, Charlie, Yankee, Echo, Romeo, Lima, Kilo} 
2024-10-14 22:22:26.334814 India: Friends?
ChatterBot Charlie reevaluating
ChatterBot Yankee reevaluating
ChatterBot Echo reevaluating
ChatterBot Romeo reevaluating
ChatterBot Lima reevaluating
ChatterBot Kilo reevaluating
2024-10-14 22:22:26.451672 Charlie: Yes
2024-10-14 22:22:26.451916 Yankee: Yes
2024-10-14 22:22:26.452058 Echo: Yes
2024-10-14 22:22:26.452208 Romeo: Yes
2024-10-14 22:22:26.452318 Lima: Yes
2024-10-14 22:22:26.452446 Kilo: Yes
ChatterBot Yankee reevaluating
ChatterBot Echo reevaluating
ChatterBot Romeo reevaluating
ChatterBot Lima reevaluating
ChatterBot Kilo reevaluating
ChatterBot Charlie reevaluating
ChatterBot Echo reevaluating
ChatterBot Romeo reevaluating
ChatterBot Lima reevaluating
ChatterBot Kilo reevaluating
ChatterBot Charlie reevaluating
ChatterBot Yankee reevaluating
ChatterBot Romeo reevaluating
ChatterBot Lima reevaluating
ChatterBot Kilo reevaluating
ChatterBot Charlie reevaluating
ChatterBot Yankee reevaluating
ChatterBot Echo reevaluating
ChatterBot Lima reevaluating
ChatterBot Kilo reevaluating
ChatterBot Charlie reevaluating
ChatterBot Yankee reevaluating
ChatterBot Echo reevaluating
ChatterBot Romeo reevaluating
ChatterBot Kilo reevaluating
ChatterBot Charlie reevaluating
ChatterBot Yankee reevaluating
ChatterBot Echo reevaluating
ChatterBot Romeo reevaluating
ChatterBot Lima reevaluating
randomSelections Papa: {Papa, India, Echo, Bravo, Lima, Kilo, Charlie} 
2024-10-14 22:22:26.524048 Papa: Group up?
ChatterBot Echo reevaluating
ChatterBot Bravo reevaluating
ChatterBot Lima reevaluating
ChatterBot Kilo reevaluating
ChatterBot Charlie reevaluating
2024-10-14 22:22:26.532703 India: No
2024-10-14 22:22:26.533279 Echo: No
2024-10-14 22:22:26.533452 Bravo: Yes
2024-10-14 22:22:26.533564 Lima: No
2024-10-14 22:22:26.533806 Kilo: No
2024-10-14 22:22:26.534007 Charlie: No
ChatterBot Echo reevaluating
ChatterBot Bravo reevaluating
ChatterBot Lima reevaluating
ChatterBot Kilo reevaluating
ChatterBot Charlie reevaluating
ChatterBot Bravo reevaluating
ChatterBot Lima reevaluating
ChatterBot Kilo reevaluating
ChatterBot Charlie reevaluating
ChatterBot Echo reevaluating
ChatterBot Lima reevaluating
ChatterBot Kilo reevaluating
ChatterBot Charlie reevaluating
ChatterBot Echo reevaluating
ChatterBot Bravo reevaluating
ChatterBot Kilo reevaluating
ChatterBot Charlie reevaluating
ChatterBot Echo reevaluating
ChatterBot Bravo reevaluating
ChatterBot Lima reevaluating
ChatterBot Charlie reevaluating
ChatterBot Echo reevaluating
ChatterBot Bravo reevaluating
ChatterBot Lima reevaluating
ChatterBot Kilo reevaluating
randomSelections Quebec: {Quebec, Romeo, Lima, Charlie, Kilo, Papa, Echo} 
2024-10-14 22:22:26.586695 Quebec: Let's form a team
ChatterBot Romeo reevaluating
ChatterBot Lima reevaluating
ChatterBot Charlie reevaluating
ChatterBot Kilo reevaluating
ChatterBot Echo reevaluating
2024-10-14 22:22:26.594398 Romeo: No
2024-10-14 22:22:26.594689 Lima: No
2024-10-14 22:22:26.595341 Charlie: No
2024-10-14 22:22:26.595519 Kilo: No
2024-10-14 22:22:26.595733 Papa: No
2024-10-14 22:22:26.595928 Echo: No
ChatterBot Lima reevaluating
ChatterBot Charlie reevaluating
ChatterBot Kilo reevaluating
ChatterBot Echo reevaluating
ChatterBot Romeo reevaluating
ChatterBot Charlie reevaluating
ChatterBot Kilo reevaluating
ChatterBot Echo reevaluating
ChatterBot Romeo reevaluating
ChatterBot Lima reevaluating
ChatterBot Kilo reevaluating
ChatterBot Echo reevaluating
ChatterBot Romeo reevaluating
ChatterBot Lima reevaluating
ChatterBot Charlie reevaluating
ChatterBot Echo reevaluating
ChatterBot Romeo reevaluating
ChatterBot Lima reevaluating
ChatterBot Charlie reevaluating
ChatterBot Kilo reevaluating
ChatterBot Echo reevaluating
ChatterBot Romeo reevaluating
ChatterBot Lima reevaluating
ChatterBot Charlie reevaluating
ChatterBot Kilo reevaluating
2024-10-14 22:22:26.685728 Lima: Yankee, Echo and Kilo, sending you 2
2024-10-14 22:22:26.687720 Papa: Lima, Echo and Charlie, sending you 4
2024-10-14 22:22:26.689379 Charlie: Lima, Yankee and Kilo, sending you 3
2024-10-14 22:22:26.690046 Echo: Lima, sending you 3
2024-10-14 22:22:26.690707 Quebec: Lima and Kilo, sending you 3
2024-10-14 22:22:26.691997 India: Lima, Echo, Kilo and Romeo, sending you 3
2024-10-14 22:22:26.692507 Lima: India, sending you 1
2024-10-14 22:22:26.694129 Papa: India, sending you 3
2024-10-14 22:22:26.696104 Charlie: Echo, sending you 5
2024-10-14 22:22:26.696950 Echo: Yankee and Kilo, sending you 2
2024-10-14 22:22:26.698743 India: Yankee and Charlie, sending you 1
2024-10-14 22:22:26.700419 Bravo: Lima, sending you 2
2024-10-14 22:22:26.701582 Quebec: Papa and Echo, sending you 1
2024-10-14 22:22:26.703433 Lima: Romeo, sending you 6
2024-10-14 22:22:26.705151 Romeo: Lima, Yankee and Charlie, sending you 4
2024-10-14 22:22:26.707577 Papa: Bravo, sending you 2
2024-10-14 22:22:26.708393 Echo: India, sending you 5
2024-10-14 22:22:26.710231 Kilo: Lima, Echo and Romeo, sending you 2
2024-10-14 22:22:26.711983 Bravo: Papa, Echo, Kilo and Charlie, sending you 3
2024-10-14 22:22:26.712926 Quebec: Romeo and Charlie, sending you 2
2024-10-14 22:22:26.714780 Lima: Charlie, sending you 3
2024-10-14 22:22:26.716306 Romeo: Echo, sending you 2
2024-10-14 22:22:26.716913 Papa: Kilo, sending you 1
2024-10-14 22:22:26.718413 Echo: Romeo and Charlie, sending you 1
2024-10-14 22:22:26.719742 Kilo: Yankee, sending you 4
2024-10-14 22:22:26.725831 Romeo: India, sending you 3
2024-10-14 22:22:26.726658 Kilo: India, sending you 6
2024-10-14 22:22:26.741121 Kilo: Charlie, sending you 1
chatterbot India submitting transactions
chatterbot Quebec submitting transactions
chatterbot Echo submitting transactions
chatterbot Lima submitting transactions
chatterbot Charlie submitting transactions
chatterbot Romeo submitting transactions
chatterbot Bravo submitting transactions
chatterbot Papa submitting transactions
chatterbot Kilo submitting transactions
chatterbot Yankee submitting transactions
ChatterBot Lima round 2
ChatterBot Papa round 2
ChatterBot Yankee round 2
ChatterBot Echo round 2
ChatterBot India round 2
2024-10-14 22:22:27.838594 Lima: Can we be friends?
ChatterBot Papa reevaluating
ChatterBot Bravo reevaluating
ChatterBot Echo reevaluating
ChatterBot India reevaluating
ChatterBot Kilo reevaluating
ChatterBot Romeo reevaluating
ChatterBot Charlie reevaluating
2024-10-14 22:22:27.905141 Papa: No
2024-10-14 22:22:27.905329 Bravo: No
2024-10-14 22:22:27.905442 Echo: Yes
2024-10-14 22:22:27.905552 India: No
2024-10-14 22:22:27.905664 Kilo: No
2024-10-14 22:22:27.905770 Romeo: No
2024-10-14 22:22:27.906430 Charlie: No
ChatterBot Bravo reevaluating
ChatterBot Echo reevaluating
ChatterBot India reevaluating
ChatterBot Kilo reevaluating
ChatterBot Romeo reevaluating
ChatterBot Charlie reevaluating
ChatterBot Papa reevaluating
ChatterBot Echo reevaluating
ChatterBot India reevaluating
ChatterBot Kilo reevaluating
ChatterBot Romeo reevaluating
ChatterBot Charlie reevaluating
ChatterBot Papa reevaluating
ChatterBot Bravo reevaluating
ChatterBot India reevaluating
ChatterBot Kilo reevaluating
ChatterBot Romeo reevaluating
ChatterBot Charlie reevaluating
ChatterBot Papa reevaluating
ChatterBot Bravo reevaluating
ChatterBot Echo reevaluating
ChatterBot Kilo reevaluating
ChatterBot Romeo reevaluating
ChatterBot Charlie reevaluating
ChatterBot Papa reevaluating
ChatterBot Bravo reevaluating
ChatterBot Echo reevaluating
ChatterBot India reevaluating
ChatterBot Romeo reevaluating
ChatterBot Charlie reevaluating
ChatterBot Papa reevaluating
ChatterBot Bravo reevaluating
ChatterBot Echo reevaluating
ChatterBot India reevaluating
ChatterBot Kilo reevaluating
ChatterBot Charlie reevaluating
ChatterBot Papa reevaluating
ChatterBot Bravo reevaluating
ChatterBot Echo reevaluating
ChatterBot India reevaluating
ChatterBot Kilo reevaluating
ChatterBot Romeo reevaluating
ChatterBot Quebec round 2
ChatterBot Bravo round 2
ChatterBot Kilo round 2
ChatterBot Romeo round 2
ChatterBot Charlie round 2
2024-10-14 22:22:28.733530 India: We should replace Yankee with Papa
ChatterBot Echo reevaluating
ChatterBot Kilo reevaluating
ChatterBot Romeo reevaluating
ChatterBot Charlie reevaluating
2024-10-14 22:22:28.789891 Lima: Yes
2024-10-14 22:22:28.791866 Echo: Yes
2024-10-14 22:22:28.792553 Kilo: Yes
2024-10-14 22:22:28.794403 Romeo: No
2024-10-14 22:22:28.795770 Charlie: Yes
ChatterBot India reevaluating
ChatterBot Echo reevaluating
ChatterBot Kilo reevaluating
ChatterBot Romeo reevaluating
ChatterBot Charlie reevaluating
ChatterBot India reevaluating
ChatterBot Kilo reevaluating
ChatterBot Romeo reevaluating
ChatterBot Charlie reevaluating
ChatterBot India reevaluating
ChatterBot Echo reevaluating
ChatterBot Romeo reevaluating
ChatterBot Charlie reevaluating
ChatterBot India reevaluating
ChatterBot Echo reevaluating
ChatterBot Kilo reevaluating
ChatterBot Charlie reevaluating
ChatterBot India reevaluating
ChatterBot Echo reevaluating
ChatterBot Kilo reevaluating
ChatterBot Romeo reevaluating
2024-10-14 22:22:29.053722 Quebec: Group up?
2024-10-14 22:22:29.062903 Yankee: No
ChatterBot Quebec reevaluating
chatterbot Lima submitting transactions
2024-10-14 22:22:29.094428 Romeo: We should replace Yankee with Quebec
ChatterBot Echo reevaluating
2024-10-14 22:22:29.128573 India: No
2024-10-14 22:22:29.129015 Lima: No
2024-10-14 22:22:29.129276 Echo: Yes
2024-10-14 22:22:29.130302 Kilo: Yes
2024-10-14 22:22:29.130531 Charlie: Yes
ChatterBot Echo reevaluating
ChatterBot Echo reevaluating
ChatterBot Echo reevaluating
ChatterBot Echo reevaluating
2024-10-14 22:22:29.307077 Papa: Romeo and Quebec we want you to join our group
ChatterBot Quebec reevaluating
2024-10-14 22:22:29.317956 Romeo: No
2024-10-14 22:22:29.318099 Quebec: No
ChatterBot Papa reevaluating
ChatterBot Echo reevaluating
ChatterBot Quebec reevaluating
ChatterBot Papa reevaluating
ChatterBot Echo reevaluating
2024-10-14 22:22:29.415049 Quebec: We should replace Papa with India
ChatterBot Echo reevaluating
ChatterBot Charlie reevaluating
2024-10-14 22:22:29.461856 Lima: No
2024-10-14 22:22:29.462079 Echo: No
2024-10-14 22:22:29.462230 Kilo: No
2024-10-14 22:22:29.462392 Romeo: Yes
2024-10-14 22:22:29.462557 Charlie: No
ChatterBot Quebec reevaluating
ChatterBot Echo reevaluating
ChatterBot Charlie reevaluating
ChatterBot Quebec reevaluating
ChatterBot Charlie reevaluating
ChatterBot Quebec reevaluating
ChatterBot Echo reevaluating
ChatterBot Charlie reevaluating
ChatterBot Quebec reevaluating
ChatterBot Echo reevaluating
ChatterBot Charlie reevaluating
ChatterBot Quebec reevaluating
ChatterBot Echo reevaluating
2024-10-14 22:22:29.618633 India: Papa we want you to join our group
ChatterBot Papa reevaluating
2024-10-14 22:22:29.625710 Papa: No
ChatterBot Echo reevaluating
ChatterBot Charlie reevaluating
2024-10-14 22:22:29.659727 Papa: We would work well together
ChatterBot Quebec reevaluating
2024-10-14 22:22:29.669758 Bravo: No
2024-10-14 22:22:29.669978 Quebec: Yes
ChatterBot Papa reevaluating
ChatterBot Quebec reevaluating
ChatterBot Papa reevaluating
2024-10-14 22:22:29.692082 Quebec: We would work well together
ChatterBot Papa reevaluating
2024-10-14 22:22:29.703719 Papa: Yes
2024-10-14 22:22:29.703879 Bravo: No
ChatterBot Quebec reevaluating
ChatterBot Papa reevaluating
ChatterBot Quebec reevaluating
2024-10-14 22:22:29.723745 Lima: Papa, sending you 4
2024-10-14 22:22:29.724800 Romeo: Quebec we want you to join our group
ChatterBot Quebec reevaluating
2024-10-14 22:22:29.730026 Quebec: No
ChatterBot Echo reevaluating
ChatterBot Charlie reevaluating
chatterbot Papa submitting transactions
chatterbot Yankee submitting transactions
2024-10-14 22:22:29.873313 Yankee: Lima, Echo and India, sending you 1
2024-10-14 22:22:29.874641 Lima: Echo, India, Bravo, Kilo and Charlie, sending you 2
2024-10-14 22:22:30.319838 Bravo: Same as last round
2024-10-14 22:22:30.320191 Yankee: Kilo, sending you 3
2024-10-14 22:22:30.321225 Kilo: Lima and Echo, sending you 2
2024-10-14 22:22:30.321740 Lima: Romeo, sending you 3
chatterbot Romeo submitting transactions
chatterbot India submitting transactions
2024-10-14 22:22:30.467706 Yankee: Romeo and Charlie, sending you 2
2024-10-14 22:22:30.468162 Kilo: Papa, sending you 1
2024-10-14 22:22:30.468465 India: Lima and Papa, sending you 2
2024-10-14 22:22:30.468761 Romeo: Lima, sending you 6
2024-10-14 22:22:30.469532 Papa: Quebec, sending you 6
chatterbot Echo submitting transactions
2024-10-14 22:22:30.557372 Kilo: India, Quebec, Bravo and Charlie, sending you 3
2024-10-14 22:22:30.558098 India: Echo, Kilo and Romeo, sending you 3
2024-10-14 22:22:30.559162 Romeo: Echo, sending you 2
2024-10-14 22:22:30.559778 Papa: Bravo, sending you 12
2024-10-14 22:22:30.560584 Charlie: Lima and Bravo, sending you 3
2024-10-14 22:22:30.560995 Echo: Lima, India, Bravo and Kilo, sending you 2
2024-10-14 22:22:30.561437 Quebec: Sending you each 6
chatterbot Bravo submitting transactions
2024-10-14 22:22:30.604256 Romeo: India, Quebec and Kilo, sending you 3
2024-10-14 22:22:30.605365 India: Charlie, sending you 1
2024-10-14 22:22:30.605759 Charlie: Papa, sending you 5
2024-10-14 22:22:30.606082 Echo: Papa and Charlie, sending you 3
2024-10-14 22:22:30.669982 Charlie: Echo, India and Kilo, sending you 1
2024-10-14 22:22:30.670936 Echo: Romeo, sending you 1
chatterbot Kilo submitting transactions
2024-10-14 22:22:30.711997 Charlie: Romeo, sending you 4
chatterbot Papa submitting transactions
chatterbot Charlie submitting transactions
chatterbot Quebec submitting transactions
ChatterBot Lima round 3
ChatterBot Papa round 3
ChatterBot Yankee round 3
ChatterBot Echo round 3
ChatterBot India round 3
ChatterBot Quebec round 3
ChatterBot Bravo round 3
ChatterBot Kilo round 3
2024-10-14 22:22:31.334117 India: We should replace Papa with Yankee
ChatterBot Echo reevaluating
ChatterBot Kilo reevaluating
ChatterBot Charlie reevaluating
2024-10-14 22:22:31.369485 Lima: Yes
2024-10-14 22:22:31.370198 Echo: Yes
2024-10-14 22:22:31.370382 Kilo: Yes
2024-10-14 22:22:31.370560 Romeo: No
2024-10-14 22:22:31.370724 Charlie: No
ChatterBot Echo reevaluating
ChatterBot Kilo reevaluating
ChatterBot Charlie reevaluating
ChatterBot Kilo reevaluating
ChatterBot Charlie reevaluating
ChatterBot Echo reevaluating
ChatterBot Charlie reevaluating
ChatterBot Echo reevaluating
ChatterBot Kilo reevaluating
ChatterBot Charlie reevaluating
ChatterBot Echo reevaluating
ChatterBot Kilo reevaluating
2024-10-14 22:22:31.544330 Charlie: We should add Yankee
ChatterBot Papa reevaluating
ChatterBot Bravo reevaluating
ChatterBot Echo reevaluating
ChatterBot Kilo reevaluating
2024-10-14 22:22:31.585798 Lima: Yes
2024-10-14 22:22:31.586032 Papa: Yes
2024-10-14 22:22:31.586693 Bravo: No
2024-10-14 22:22:31.586884 Echo: Yes
2024-10-14 22:22:31.587028 India: Yes
2024-10-14 22:22:31.587177 Kilo: Yes
2024-10-14 22:22:31.587322 Romeo: No
ChatterBot Papa reevaluating
ChatterBot Bravo reevaluating
ChatterBot Echo reevaluating
ChatterBot Kilo reevaluating
ChatterBot Charlie reevaluating
ChatterBot Bravo reevaluating
ChatterBot Echo reevaluating
ChatterBot Kilo reevaluating
ChatterBot Charlie reevaluating
ChatterBot Papa reevaluating
ChatterBot Echo reevaluating
ChatterBot Kilo reevaluating
ChatterBot Charlie reevaluating
ChatterBot Papa reevaluating
ChatterBot Bravo reevaluating
ChatterBot Kilo reevaluating
ChatterBot Charlie reevaluating
ChatterBot Papa reevaluating
ChatterBot Bravo reevaluating
ChatterBot Echo reevaluating
ChatterBot Kilo reevaluating
ChatterBot Charlie reevaluating
ChatterBot Papa reevaluating
ChatterBot Bravo reevaluating
ChatterBot Echo reevaluating
ChatterBot Charlie reevaluating
ChatterBot Papa reevaluating
ChatterBot Bravo reevaluating
ChatterBot Echo reevaluating
ChatterBot Kilo reevaluating
ChatterBot Charlie reevaluating
2024-10-14 22:22:32.015142 Bravo: We should add Quebec
ChatterBot Papa reevaluating
2024-10-14 22:22:32.021287 Papa: Yes
ChatterBot Bravo reevaluating
ChatterBot Romeo round 3
ChatterBot Charlie round 3
2024-10-14 22:22:32.058337 Quebec: We should add Romeo
ChatterBot Papa reevaluating
ChatterBot Bravo reevaluating
2024-10-14 22:22:32.070220 Papa: Yes
2024-10-14 22:22:32.070407 Bravo: No
ChatterBot Bravo reevaluating
ChatterBot Quebec reevaluating
ChatterBot Papa reevaluating
ChatterBot Quebec reevaluating
2024-10-14 22:22:32.103754 India: Yankee we want you to join our group
2024-10-14 22:22:32.109758 Yankee: Yes
ChatterBot Charlie reevaluating
ChatterBot Echo reevaluating
ChatterBot Romeo reevaluating
ChatterBot Kilo reevaluating
2024-10-14 22:22:32.144676 Romeo: We should replace Quebec with Yankee
ChatterBot Echo reevaluating
ChatterBot Kilo reevaluating
ChatterBot Charlie reevaluating
2024-10-14 22:22:32.172663 India: Yes
2024-10-14 22:22:32.172864 Lima: Yes
2024-10-14 22:22:32.173067 Echo: Yes
2024-10-14 22:22:32.173729 Kilo: Yes
2024-10-14 22:22:32.173901 Charlie: No
ChatterBot Echo reevaluating
ChatterBot Kilo reevaluating
ChatterBot Romeo reevaluating
ChatterBot Charlie reevaluating
ChatterBot Echo reevaluating
ChatterBot Kilo reevaluating
ChatterBot Romeo reevaluating
ChatterBot Charlie reevaluating
ChatterBot Kilo reevaluating
ChatterBot Romeo reevaluating
ChatterBot Charlie reevaluating
ChatterBot Echo reevaluating
ChatterBot Romeo reevaluating
ChatterBot Charlie reevaluating
ChatterBot Echo reevaluating
ChatterBot Kilo reevaluating
ChatterBot Romeo reevaluating
2024-10-14 22:22:32.333322 Bravo: Quebec we want you to join our group
ChatterBot Quebec reevaluating
2024-10-14 22:22:32.336988 Quebec: Yes
2024-10-14 22:22:32.343582 Quebec: We should add Kilo
2024-10-14 22:22:32.348806 Papa: Yes
2024-10-14 22:22:32.349498 Bravo: No
ChatterBot Quebec reevaluating
ChatterBot Quebec reevaluating
2024-10-14 22:22:32.362693 Lima: Echo and India, sending you 3
2024-10-14 22:22:32.363239 Romeo: Yankee we want you to join our group
2024-10-14 22:22:32.367229 Yankee: Yes
ChatterBot Romeo reevaluating
chatterbot India submitting transactions
2024-10-14 22:22:32.385314 Lima: Kilo, sending you 2
2024-10-14 22:22:32.428380 Echo: Lima and Charlie, sending you 3
2024-10-14 22:22:32.428896 India: Lima, Echo, Kilo and Romeo, sending you 3
2024-10-14 22:22:32.429310 Kilo: Lima, Yankee, Echo and Charlie, sending you 3
2024-10-14 22:22:32.430267 Yankee: Lima and Echo, sending you 2
2024-10-14 22:22:32.430675 Lima: Romeo, sending you 6
2024-10-14 22:22:32.431761 Papa: Lima, Echo and India, sending you 2
chatterbot Yankee submitting transactions
2024-10-14 22:22:32.432359 Echo: Yankee, sending you 1
2024-10-14 22:22:32.432712 India: Yankee, sending you 2
2024-10-14 22:22:32.471020 Kilo: India, sending you 4
2024-10-14 22:22:32.472312 Yankee: India, sending you 1
2024-10-14 22:22:32.473050 Bravo: Papa, sending you 9
2024-10-14 22:22:32.473819 Charlie: Lima and Echo, sending you 4
2024-10-14 22:22:32.474480 Lima: Charlie, sending you 4
2024-10-14 22:22:32.475062 Papa: Yankee and Kilo, sending you 1
2024-10-14 22:22:32.476284 India: Charlie, sending you 1
2024-10-14 22:22:32.476912 Echo: India, sending you 4
chatterbot Lima submitting transactions
2024-10-14 22:22:32.478082 Kilo: Romeo, sending you 1
2024-10-14 22:22:32.479278 Yankee: Kilo, Romeo and Charlie, sending you 3
2024-10-14 22:22:32.479874 Bravo: Quebec, sending you 5
2024-10-14 22:22:32.480167 Charlie: Yankee and India, sending you 2
2024-10-14 22:22:32.481179 Papa: Quebec and Charlie, sending you 3
2024-10-14 22:22:32.481664 Echo: Kilo and Romeo, sending you 2
2024-10-14 22:22:32.482088 Quebec: Papa, sending you 4
2024-10-14 22:22:32.536043 Charlie: Kilo and Romeo, sending you 3
2024-10-14 22:22:32.539838 Papa: Bravo, sending you 4
2024-10-14 22:22:32.541303 Quebec: Yankee, Echo, India and Bravo, sending you 1
chatterbot Papa submitting transactions
2024-10-14 22:22:32.542015 Romeo: Lima, sending you 5
2024-10-14 22:22:32.614591 Quebec: Kilo and Romeo, sending you 2
2024-10-14 22:22:32.615476 Romeo: Yankee and Echo, sending you 2
2024-10-14 22:22:32.642005 Romeo: India, sending you 4
2024-10-14 22:22:32.666059 Romeo: Kilo, sending you 1
2024-10-14 22:22:32.683257 Romeo: Charlie, sending you 3
chatterbot Charlie submitting transactions
chatterbot Romeo submitting transactions
chatterbot Bravo submitting transactions
chatterbot Echo submitting transactions
chatterbot Kilo submitting transactions
chatterbot Quebec submitting transactions
ChatterBot Lima round 4
ChatterBot Papa round 4
ChatterBot Yankee round 4
ChatterBot Echo round 4
ChatterBot India round 4
ChatterBot Quebec round 4
ChatterBot Bravo round 4
ChatterBot Kilo round 4
ChatterBot Romeo round 4
ChatterBot Charlie round 4
2024-10-14 22:22:33.614605 Charlie: We should add Papa
2024-10-14 22:22:33.644575 India: No
2024-10-14 22:22:33.644940 Yankee: No
2024-10-14 22:22:33.645655 Echo: No
2024-10-14 22:22:33.645883 Romeo: No
2024-10-14 22:22:33.646131 Lima: No
2024-10-14 22:22:33.646493 Kilo: No
ChatterBot Charlie reevaluating
ChatterBot Charlie reevaluating
ChatterBot Charlie reevaluating
ChatterBot Charlie reevaluating
ChatterBot Charlie reevaluating
ChatterBot Charlie reevaluating
2024-10-14 22:22:33.817498 Bravo: Papa, sending you 9
2024-10-14 22:22:33.818410 India: Lima, Echo, Kilo and Romeo, sending you 3
2024-10-14 22:22:33.819670 Echo: Lima and India, sending you 3
2024-10-14 22:22:33.821548 Quebec: Papa, sending you 5
2024-10-14 22:22:33.822131 Lima: Yankee, sending you 1
2024-10-14 22:22:33.824044 Bravo: Quebec, sending you 5
2024-10-14 22:22:33.824430 India: Yankee and Charlie, sending you 2
2024-10-14 22:22:33.826140 Echo: Yankee, sending you 1
2024-10-14 22:22:33.827647 Quebec: Bravo, sending you 4
2024-10-14 22:22:33.828036 Romeo: Lima, sending you 5
2024-10-14 22:22:33.829236 Yankee: Lima, sending you 1
2024-10-14 22:22:33.830598 Lima: Echo, India and Kilo, sending you 3
2024-10-14 22:22:33.831911 Papa: Quebec, sending you 7
2024-10-14 22:22:33.832366 Kilo: Lima, Yankee, Echo, India and Charlie, sending you 3
2024-10-14 22:22:33.833778 Quebec: Romeo, sending you 3
2024-10-14 22:22:33.834205 Echo: Kilo and Romeo, sending you 2
2024-10-14 22:22:33.835796 Romeo: Yankee, Echo and Kilo, sending you 2
2024-10-14 22:22:33.836576 Yankee: Echo and India, sending you 2
2024-10-14 22:22:33.837806 Lima: Romeo, sending you 5
2024-10-14 22:22:33.839426 Papa: Bravo, sending you 11
2024-10-14 22:22:33.839821 Kilo: Romeo, sending you 2
2024-10-14 22:22:33.841310 Romeo: India and Charlie, sending you 3
2024-10-14 22:22:33.842915 Echo: Charlie, sending you 4
2024-10-14 22:22:33.843840 Yankee: Kilo, sending you 5
2024-10-14 22:22:33.845500 Lima: Charlie, sending you 4
2024-10-14 22:22:33.850800 Charlie: Lima, sending you 4
2024-10-14 22:22:33.852184 Yankee: Romeo and Charlie, sending you 3
2024-10-14 22:22:33.856840 Charlie: Yankee, Echo, Kilo and Romeo, sending you 3
2024-10-14 22:22:33.867094 Charlie: India, sending you 2
chatterbot Yankee submitting transactions
chatterbot Kilo submitting transactions
chatterbot Papa submitting transactions
chatterbot Romeo submitting transactions
chatterbot Quebec submitting transactions
chatterbot India submitting transactions
chatterbot Charlie submitting transactions
chatterbot Lima submitting transactions
chatterbot Echo submitting transactions
chatterbot Bravo submitting transactions
ChatterBot Lima round 5
ChatterBot Papa round 5
ChatterBot Yankee round 5
ChatterBot Echo round 5
ChatterBot India round 5
ChatterBot Quebec round 5
ChatterBot Bravo round 5
ChatterBot Kilo round 5
ChatterBot Romeo round 5
ChatterBot Charlie round 5
2024-10-14 22:22:34.807349 Quebec: We should drop Romeo
2024-10-14 22:22:34.812865 Papa: Yes
2024-10-14 22:22:34.813016 Bravo: Yes
2024-10-14 22:22:34.823161 Lima: Yankee, sending you 1
2024-10-14 22:22:34.824344 Yankee: Lima, sending you 1
2024-10-14 22:22:34.826649 Lima: Echo, India and Kilo, sending you 3
2024-10-14 22:22:34.827666 Echo: Lima, India, Kilo and Charlie, sending you 3
2024-10-14 22:22:34.828442 India: Lima, Echo, Kilo and Romeo, sending you 3
2024-10-14 22:22:34.829649 Yankee: Echo and India, sending you 2
2024-10-14 22:22:34.830387 Kilo: Lima, Yankee, Echo, India and Charlie, sending you 3
2024-10-14 22:22:34.831213 Papa: Quebec, sending you 7
2024-10-14 22:22:34.832009 Bravo: Papa, sending you 9
2024-10-14 22:22:34.832345 Lima: Romeo, sending you 5
2024-10-14 22:22:34.833250 India: Yankee and Charlie, sending you 2
2024-10-14 22:22:34.834151 Echo: Yankee, sending you 1
2024-10-14 22:22:34.835436 Yankee: Kilo, sending you 5
2024-10-14 22:22:34.836219 Bravo: Quebec, sending you 5
2024-10-14 22:22:34.836555 Kilo: Romeo, sending you 2
2024-10-14 22:22:34.838123 Papa: Bravo, sending you 11
2024-10-14 22:22:34.838463 Lima: Charlie, sending you 4
2024-10-14 22:22:34.839291 Echo: Romeo, sending you 2
2024-10-14 22:22:34.840580 Quebec: Papa, sending you 7
2024-10-14 22:22:34.840937 Yankee: Romeo and Charlie, sending you 3
2024-10-14 22:22:34.843666 Quebec: Bravo, sending you 5
2024-10-14 22:22:34.844981 Charlie: Lima and Echo, sending you 4
2024-10-14 22:22:34.847693 Romeo: Lima, sending you 5
2024-10-14 22:22:34.850659 Charlie: Yankee, Kilo and Romeo, sending you 3
2024-10-14 22:22:34.851774 Romeo: Yankee, India and Charlie, sending you 3
2024-10-14 22:22:34.855829 Charlie: India, sending you 1
2024-10-14 22:22:34.857240 Romeo: Echo, sending you 2
2024-10-14 22:22:34.860667 Romeo: Kilo, sending you 1
chatterbot Echo submitting transactions
chatterbot Yankee submitting transactions
chatterbot India submitting transactions
chatterbot Bravo submitting transactions
chatterbot Romeo submitting transactions
chatterbot Charlie submitting transactions
chatterbot Papa submitting transactions
chatterbot Lima submitting transactions
chatterbot Kilo submitting transactions
chatterbot Quebec submitting transactions
ChatterBot Lima round 6
ChatterBot Papa round 6
ChatterBot Yankee round 6
ChatterBot Echo round 6
ChatterBot India round 6
ChatterBot Quebec round 6
ChatterBot Bravo round 6
ChatterBot Kilo round 6
ChatterBot Romeo round 6
ChatterBot Charlie round 6
2024-10-14 22:22:36.146680 Papa: Quebec, sending you 7
2024-10-14 22:22:36.148737 India: Lima, Echo, Kilo and Romeo, sending you 3
2024-10-14 22:22:36.149805 Bravo: Papa, sending you 9
2024-10-14 22:22:36.150584 Yankee: Lima, sending you 1
2024-10-14 22:22:36.151110 Quebec: Papa, sending you 4
2024-10-14 22:22:36.151938 Papa: Bravo, sending you 11
2024-10-14 22:22:36.152282 Lima: Yankee, sending you 1
2024-10-14 22:22:36.153026 Echo: Lima, India, Kilo and Charlie, sending you 3
2024-10-14 22:22:36.154259 Romeo: Lima, sending you 4
2024-10-14 22:22:36.155457 Kilo: Lima, Yankee, Echo, India and Charlie, sending you 3
2024-10-14 22:22:36.156167 Quebec: Bravo, sending you 3
2024-10-14 22:22:36.156931 India: Yankee and Charlie, sending you 2
2024-10-14 22:22:36.157587 Bravo: Quebec, sending you 5
2024-10-14 22:22:36.157893 Yankee: Echo and India, sending you 2
2024-10-14 22:22:36.159063 Lima: Echo, India and Kilo, sending you 3
2024-10-14 22:22:36.160166 Echo: Yankee, sending you 1
2024-10-14 22:22:36.161194 Romeo: Yankee, India and Charlie, sending you 3
2024-10-14 22:22:36.162297 Kilo: Romeo, sending you 2
2024-10-14 22:22:36.163484 Yankee: Kilo and Charlie, sending you 4
2024-10-14 22:22:36.164289 Lima: Romeo, sending you 5
2024-10-14 22:22:36.165526 Echo: Romeo, sending you 2
2024-10-14 22:22:36.166200 Romeo: Echo and Kilo, sending you 2
2024-10-14 22:22:36.167370 Charlie: Lima, sending you 4
2024-10-14 22:22:36.168777 Yankee: Romeo, sending you 3
2024-10-14 22:22:36.170438 Lima: Charlie, sending you 4
2024-10-14 22:22:36.173661 Charlie: Yankee, Echo, Kilo and Romeo, sending you 3
2024-10-14 22:22:36.179677 Charlie: India, sending you 2
chatterbot Lima submitting transactions
chatterbot Quebec submitting transactions
chatterbot Papa submitting transactions
chatterbot Charlie submitting transactions
chatterbot Bravo submitting transactions
chatterbot Romeo submitting transactions
chatterbot Kilo submitting transactions
chatterbot India submitting transactions
chatterbot Yankee submitting transactions
chatterbot Echo submitting transactions
ChatterBot Lima round 7
ChatterBot Papa round 7
ChatterBot Yankee round 7
ChatterBot Echo round 7
ChatterBot India round 7
ChatterBot Quebec round 7
ChatterBot Bravo round 7
ChatterBot Kilo round 7
ChatterBot Romeo round 7
ChatterBot Charlie round 7
2024-10-14 22:22:37.167677 Lima: I was attacked by Quebec
ChatterBot India reevaluating
ChatterBot Charlie reevaluating
ChatterBot Yankee reevaluating
ChatterBot Echo reevaluating
ChatterBot Romeo reevaluating
ChatterBot Kilo reevaluating
2024-10-14 22:22:37.193060 Lima: I'm keeping this round to protect myself
2024-10-14 22:22:37.195888 Lima: Ow
2024-10-14 22:22:37.196494 Papa: Quebec, sending you 7
2024-10-14 22:22:37.198697 Bravo: Papa, sending you 9
2024-10-14 22:22:37.200939 Papa: Bravo, sending you 11
2024-10-14 22:22:37.201705 Quebec: Papa, sending you 7
2024-10-14 22:22:37.203894 Bravo: Quebec, sending you 5
2024-10-14 22:22:37.206696 Quebec: Bravo, sending you 5
2024-10-14 22:22:37.214674 India: Lima, Echo, Kilo and Romeo, sending you 3
2024-10-14 22:22:37.217064 Kilo: Lima, Yankee, Echo, India and Charlie, sending you 3
2024-10-14 22:22:37.219411 Echo: Lima, India, Kilo and Charlie, sending you 3
2024-10-14 22:22:37.220493 India: Yankee and Charlie, sending you 2
2024-10-14 22:22:37.222577 Romeo: Lima, sending you 4
2024-10-14 22:22:37.223677 Kilo: Romeo, sending you 2
2024-10-14 22:22:37.225607 Charlie: Lima, sending you 4
2024-10-14 22:22:37.226870 Echo: Yankee, sending you 1
2024-10-14 22:22:37.228464 Romeo: Yankee, India and Charlie, sending you 3
2024-10-14 22:22:37.230152 Yankee: India, Romeo and Charlie, sending you 1
2024-10-14 22:22:37.231373 Charlie: Yankee, Echo, Kilo and Romeo, sending you 3
2024-10-14 22:22:37.232876 Echo: Romeo, sending you 2
2024-10-14 22:22:37.234730 Romeo: Echo and Kilo, sending you 2
2024-10-14 22:22:37.236325 Yankee: Kilo, sending you 2
2024-10-14 22:22:37.238272 Charlie: India, sending you 2
chatterbot Bravo submitting transactions
chatterbot Echo submitting transactions
chatterbot Charlie submitting transactions
chatterbot Papa submitting transactions
chatterbot Kilo submitting transactions
chatterbot Romeo submitting transactions
chatterbot Quebec submitting transactions
chatterbot India submitting transactions
chatterbot Lima submitting transactions
chatterbot Yankee submitting transactions
ChatterBot Lima round 8
ChatterBot Papa round 8
ChatterBot Yankee round 8
ChatterBot Echo round 8
ChatterBot India round 8
ChatterBot Quebec round 8
ChatterBot Bravo round 8
ChatterBot Kilo round 8
ChatterBot Romeo round 8
ChatterBot Charlie round 8
2024-10-14 22:22:38.340821 Quebec: We should add Kilo
2024-10-14 22:22:38.351605 Papa: No
2024-10-14 22:22:38.351857 Bravo: No
ChatterBot Quebec reevaluating
ChatterBot Quebec reevaluating
2024-10-14 22:22:38.409131 Charlie: We should add Bravo
2024-10-14 22:22:38.443304 India: No
2024-10-14 22:22:38.443814 Yankee: No
2024-10-14 22:22:38.445190 Echo: No
2024-10-14 22:22:38.445452 Romeo: No
2024-10-14 22:22:38.445709 Lima: No
2024-10-14 22:22:38.445938 Kilo: No
ChatterBot Charlie reevaluating
ChatterBot Charlie reevaluating
ChatterBot Charlie reevaluating
ChatterBot Charlie reevaluating
ChatterBot Charlie reevaluating
ChatterBot Charlie reevaluating
2024-10-14 22:22:38.628097 Echo: Lima and Romeo, sending you 2
2024-10-14 22:22:38.631539 Bravo: Papa, sending you 8
2024-10-14 22:22:38.632567 Yankee: Echo, sending you 1
2024-10-14 22:22:38.634888 Lima: Echo, India, Romeo and Charlie, sending you 1
2024-10-14 22:22:38.637806 Papa: Quebec, sending you 8
2024-10-14 22:22:38.638297 Kilo: Lima and Romeo, sending you 2
2024-10-14 22:22:38.640499 Echo: Yankee, sending you 1
2024-10-14 22:22:38.642008 Bravo: Quebec, sending you 4
2024-10-14 22:22:38.642468 Yankee: India, sending you 3
chatterbot Lima submitting transactions
2024-10-14 22:22:38.644316 Papa: Bravo, sending you 10
2024-10-14 22:22:38.645252 India: Lima, Echo, Kilo, Romeo and Charlie, sending you 3
2024-10-14 22:22:38.647004 Quebec: Sending you each 5
2024-10-14 22:22:38.647500 Kilo: Yankee, Echo and Charlie, sending you 3
2024-10-14 22:22:38.649090 Charlie: Lima, Yankee, Kilo and Romeo, sending you 3
2024-10-14 22:22:38.651359 Echo: India and Kilo, sending you 3
2024-10-14 22:22:38.653135 Romeo: Lima, sending you 5
2024-10-14 22:22:38.654814 Yankee: Kilo, Romeo and Charlie, sending you 4
2024-10-14 22:22:38.656467 India: Yankee, sending you 1
2024-10-14 22:22:38.658347 Kilo: India, sending you 4
2024-10-14 22:22:38.660787 Charlie: Echo, sending you 4
2024-10-14 22:22:38.664032 Echo: Charlie, sending you 4
2024-10-14 22:22:38.666111 Romeo: Yankee, Echo and Kilo, sending you 2
2024-10-14 22:22:38.668915 Charlie: India, sending you 2
2024-10-14 22:22:38.671237 Romeo: India and Charlie, sending you 3
chatterbot Yankee submitting transactions
chatterbot Papa submitting transactions
chatterbot Kilo submitting transactions
chatterbot Quebec submitting transactions
chatterbot Bravo submitting transactions
chatterbot Echo submitting transactions
chatterbot Charlie submitting transactions
chatterbot Romeo submitting transactions
chatterbot India submitting transactions
ChatterBot Lima round 9
ChatterBot Papa round 9
ChatterBot Yankee round 9
ChatterBot Echo round 9
ChatterBot India round 9
ChatterBot Quebec round 9
ChatterBot Bravo round 9
ChatterBot Kilo round 9
ChatterBot Romeo round 9
ChatterBot Charlie round 9
2024-10-14 22:22:39.865667 Papa: Quebec, sending you 7
2024-10-14 22:22:39.869719 Yankee: I was attacked by Bravo
ChatterBot India reevaluating
ChatterBot Charlie reevaluating
ChatterBot Echo reevaluating
ChatterBot Romeo reevaluating
ChatterBot Lima reevaluating
ChatterBot Kilo reevaluating
2024-10-14 22:22:39.909484 Yankee: I'm keeping this round to protect myself
2024-10-14 22:22:39.912640 Yankee: Ow
2024-10-14 22:22:39.912985 Papa: Bravo, sending you 11
2024-10-14 22:22:39.913960 Bravo: Papa, sending you 8
2024-10-14 22:22:39.917092 Bravo: Quebec, sending you 4
2024-10-14 22:22:39.919106 Quebec: Papa, sending you 7
2024-10-14 22:22:39.923687 Quebec: Bravo, sending you 5
2024-10-14 22:22:39.933663 Kilo: Lima and Romeo, sending you 2
2024-10-14 22:22:39.937141 Echo: Lima and Romeo, sending you 2
2024-10-14 22:22:39.951849 Charlie: Lima, Yankee, Kilo and Romeo, sending you 3
2024-10-14 22:22:39.954379 Kilo: Yankee, sending you 4
2024-10-14 22:22:39.957137 Romeo: Lima, sending you 4
2024-10-14 22:22:39.959488 India: Lima, Echo, Kilo, Romeo and Charlie, sending you 3
2024-10-14 22:22:39.961682 Lima: Echo, India and Kilo, sending you 2
2024-10-14 22:22:39.963425 Echo: Yankee, sending you 1
2024-10-14 22:22:39.965573 Charlie: Echo, sending you 4
2024-10-14 22:22:39.967565 Kilo: Echo, India and Charlie, sending you 3
2024-10-14 22:22:39.969805 Romeo: Yankee, India and Charlie, sending you 3
2024-10-14 22:22:39.972208 India: Yankee, sending you 1
2024-10-14 22:22:39.975996 Lima: Romeo and Charlie, sending you 3
2024-10-14 22:22:39.979653 Echo: India and Kilo, sending you 3
2024-10-14 22:22:39.982352 Charlie: India, sending you 2
2024-10-14 22:22:39.984917 Romeo: Echo and Kilo, sending you 2
2024-10-14 22:22:39.987896 Echo: Charlie, sending you 4
chatterbot Romeo submitting transactions
chatterbot Yankee submitting transactions
chatterbot Charlie submitting transactions
chatterbot India submitting transactions
chatterbot Lima submitting transactions
chatterbot Bravo submitting transactions
chatterbot Papa submitting transactions
chatterbot Echo submitting transactions
chatterbot Quebec submitting transactions
chatterbot Kilo submitting transactions
ChatterBot Lima round 10
ChatterBot Papa round 10
ChatterBot Yankee round 10
ChatterBot Echo round 10
ChatterBot India round 10
ChatterBot Quebec round 10
ChatterBot Bravo round 10
ChatterBot Kilo round 10
ChatterBot Romeo round 10
ChatterBot Charlie round 10
2024-10-14 22:22:41.868283 Yankee: Echo and India, sending you 1
2024-10-14 22:22:41.872974 Romeo: Lima, sending you 5
2024-10-14 22:22:41.877946 Yankee: Kilo, Romeo and Charlie, sending you 2
2024-10-14 22:22:41.881836 Papa: Quebec, sending you 8
2024-10-14 22:22:41.882900 India: Lima, Echo, Kilo, Romeo and Charlie, sending you 3
2024-10-14 22:22:41.886887 Charlie: Lima, India, Kilo and Romeo, sending you 3
2024-10-14 22:22:41.890590 Bravo: Papa, sending you 7
2024-10-14 22:22:41.892115 Romeo: Yankee, Echo and Kilo, sending you 2
2024-10-14 22:22:41.896202 Quebec: Papa, sending you 7
2024-10-14 22:22:41.897166 Echo: Lima and Romeo, sending you 2
2024-10-14 22:22:41.900680 Papa: Bravo, sending you 10
2024-10-14 22:22:41.902299 India: Yankee, sending you 1
2024-10-14 22:22:41.905754 Charlie: Yankee, sending you 2
2024-10-14 22:22:41.909422 Bravo: Quebec, sending you 5
2024-10-14 22:22:41.910755 Kilo: Lima and Romeo, sending you 2
2024-10-14 22:22:41.914989 Romeo: India and Charlie, sending you 3
2024-10-14 22:22:41.918471 Lima: Echo, India, Kilo, Romeo and Charlie, sending you 1
2024-10-14 22:22:41.921423 Lima: I was attacked by Bravo
ChatterBot India reevaluating
ChatterBot Charlie reevaluating
ChatterBot Yankee reevaluating
ChatterBot Echo reevaluating
ChatterBot Romeo reevaluating
ChatterBot Kilo reevaluating
2024-10-14 22:22:41.959761 Lima: Ow
2024-10-14 22:22:41.963091 Quebec: Bravo, sending you 5
chatterbot India submitting transactions
2024-10-14 22:22:42.269846 Yankee: India, sending you 2
2024-10-14 22:22:42.285055 Yankee: Kilo, sending you 4
2024-10-14 22:22:42.296263 Yankee: Romeo and Charlie, sending you 3
chatterbot Lima submitting transactions
chatterbot Charlie submitting transactions
chatterbot Kilo submitting transactions
chatterbot Romeo submitting transactions
chatterbot Echo submitting transactions
chatterbot Quebec submitting transactions
chatterbot Papa submitting transactions
chatterbot Yankee submitting transactions
chatterbot Bravo submitting transactions
ChatterBot Lima round 11
ChatterBot Papa round 11
ChatterBot Yankee round 11
ChatterBot Echo round 11
ChatterBot India round 11
ChatterBot Quebec round 11
ChatterBot Bravo round 11
ChatterBot Kilo round 11
ChatterBot Romeo round 11
ChatterBot Charlie round 11
2024-10-14 22:22:43.236552 Papa: We should add Kilo
2024-10-14 22:22:43.241532 Bravo: No
2024-10-14 22:22:43.241703 Quebec: No
ChatterBot Papa reevaluating
ChatterBot Papa reevaluating
2024-10-14 22:22:43.277668 Charlie: Lima, India, Kilo and Romeo, sending you 3
2024-10-14 22:22:43.280022 Yankee: I was attacked by Bravo
ChatterBot India reevaluating
ChatterBot Charlie reevaluating
ChatterBot Echo reevaluating
ChatterBot Romeo reevaluating
ChatterBot Lima reevaluating
ChatterBot Kilo reevaluating
2024-10-14 22:22:43.307171 Yankee: I'm keeping this round to protect myself
2024-10-14 22:22:43.311331 Yankee: Ow
2024-10-14 22:22:43.314963 Papa: Quebec, sending you 8
2024-10-14 22:22:43.315586 Quebec: Papa, sending you 7
2024-10-14 22:22:43.316656 Bravo: Papa, sending you 7
2024-10-14 22:22:43.317676 Papa: Bravo, sending you 10
2024-10-14 22:22:43.320705 Quebec: Bravo, sending you 5
2024-10-14 22:22:43.321280 Bravo: Quebec, sending you 5
2024-10-14 22:22:43.332675 Lima: Echo, India and Kilo, sending you 2
2024-10-14 22:22:43.338668 Lima: Romeo, sending you 4
2024-10-14 22:22:43.341694 India: Lima, Echo, Kilo, Romeo and Charlie, sending you 3
2024-10-14 22:22:43.345278 Lima: Charlie, sending you 3
2024-10-14 22:22:43.348725 India: Yankee, sending you 1
chatterbot Yankee submitting transactions
chatterbot Lima submitting transactions
chatterbot Kilo submitting transactions
chatterbot Charlie submitting transactions
chatterbot Echo submitting transactions
