ChatterBot November round 1
ChatterBot Uniform round 1
ChatterBot Zulu round 1
ChatterBot Whiskey round 1
ChatterBot Golf round 1
ChatterBot Hotel round 1
ChatterBot Papa round 1
ChatterBot Tango round 1
ChatterBot Charlie round 1
ChatterBot Lima round 1
randomSelections November: {November, Lima, Uniform, Tango, Hotel, Whiskey} 
2024-10-14 22:22:26.865551 November: Group up?
ChatterBot Lima reevaluating
ChatterBot Uniform reevaluating
ChatterBot Tango reevaluating
ChatterBot Hotel reevaluating
ChatterBot Whiskey reevaluating
2024-10-14 22:22:26.923733 Lima: Yes
2024-10-14 22:22:26.923935 Uniform: Yes
2024-10-14 22:22:26.924066 Tango: Yes
2024-10-14 22:22:26.924166 Hotel: Yes
2024-10-14 22:22:26.925195 Whiskey: Yes
ChatterBot Uniform reevaluating
ChatterBot Tango reevaluating
ChatterBot Hotel reevaluating
ChatterBot Whiskey reevaluating
ChatterBot Lima reevaluating
ChatterBot Tango reevaluating
ChatterBot Hotel reevaluating
ChatterBot Whiskey reevaluating
ChatterBot Lima reevaluating
ChatterBot Uniform reevaluating
ChatterBot Hotel reevaluating
ChatterBot Whiskey reevaluating
ChatterBot Lima reevaluating
ChatterBot Uniform reevaluating
ChatterBot Tango reevaluating
ChatterBot Whiskey reevaluating
ChatterBot Lima reevaluating
ChatterBot Uniform reevaluating
ChatterBot Tango reevaluating
ChatterBot Hotel reevaluating
randomSelections Zulu: {Zulu, Lima, Tango, Uniform, Golf, November, Hotel} 
2024-10-14 22:22:26.971746 Zulu: Can we be friends?
ChatterBot Lima reevaluating
ChatterBot Tango reevaluating
ChatterBot Uniform reevaluating
ChatterBot Golf reevaluating
ChatterBot Hotel reevaluating
2024-10-14 22:22:26.981519 Lima: No
2024-10-14 22:22:26.981759 Tango: No
2024-10-14 22:22:26.981915 Uniform: No
2024-10-14 22:22:26.982062 Golf: Yes
2024-10-14 22:22:26.982714 November: No
2024-10-14 22:22:26.982846 Hotel: No
ChatterBot Tango reevaluating
ChatterBot Uniform reevaluating
ChatterBot Golf reevaluating
ChatterBot Hotel reevaluating
ChatterBot Lima reevaluating
ChatterBot Uniform reevaluating
ChatterBot Golf reevaluating
ChatterBot Hotel reevaluating
ChatterBot Lima reevaluating
ChatterBot Tango reevaluating
ChatterBot Golf reevaluating
ChatterBot Hotel reevaluating
ChatterBot Lima reevaluating
ChatterBot Tango reevaluating
ChatterBot Uniform reevaluating
ChatterBot Hotel reevaluating
ChatterBot Lima reevaluating
ChatterBot Tango reevaluating
ChatterBot Uniform reevaluating
ChatterBot Golf reevaluating
ChatterBot Hotel reevaluating
ChatterBot Lima reevaluating
ChatterBot Tango reevaluating
ChatterBot Uniform reevaluating
ChatterBot Golf reevaluating
randomSelections Papa: {Papa, Whiskey, Uniform, November, Tango, Lima, Zulu, Golf} 
2024-10-14 22:22:27.042413 Papa: Can we be friends?
ChatterBot Whiskey reevaluating
ChatterBot Uniform reevaluating
ChatterBot Tango reevaluating
ChatterBot Lima reevaluating
ChatterBot Golf reevaluating
2024-10-14 22:22:27.051786 Whiskey: No
2024-10-14 22:22:27.051941 Uniform: No
2024-10-14 22:22:27.052981 November: No
2024-10-14 22:22:27.053157 Tango: No
2024-10-14 22:22:27.053527 Lima: No
2024-10-14 22:22:27.053725 Zulu: No
2024-10-14 22:22:27.053930 Golf: No
ChatterBot Uniform reevaluating
ChatterBot Tango reevaluating
ChatterBot Lima reevaluating
ChatterBot Golf reevaluating
ChatterBot Whiskey reevaluating
ChatterBot Tango reevaluating
ChatterBot Lima reevaluating
ChatterBot Golf reevaluating
ChatterBot Whiskey reevaluating
ChatterBot Uniform reevaluating
ChatterBot Tango reevaluating
ChatterBot Lima reevaluating
ChatterBot Golf reevaluating
ChatterBot Whiskey reevaluating
ChatterBot Uniform reevaluating
ChatterBot Lima reevaluating
ChatterBot Golf reevaluating
ChatterBot Whiskey reevaluating
ChatterBot Uniform reevaluating
ChatterBot Tango reevaluating
ChatterBot Golf reevaluating
ChatterBot Whiskey reevaluating
ChatterBot Uniform reevaluating
ChatterBot Tango reevaluating
ChatterBot Lima reevaluating
ChatterBot Golf reevaluating
ChatterBot Whiskey reevaluating
ChatterBot Uniform reevaluating
ChatterBot Tango reevaluating
ChatterBot Lima reevaluating
randomSelections Charlie: {Charlie, November, Lima, Papa, Golf, Zulu, Whiskey} 
2024-10-14 22:22:27.138448 Charlie: We would work well together
ChatterBot Lima reevaluating
ChatterBot Golf reevaluating
ChatterBot Whiskey reevaluating
2024-10-14 22:22:27.146127 November: No
2024-10-14 22:22:27.147089 Lima: No
2024-10-14 22:22:27.147283 Papa: No
2024-10-14 22:22:27.147563 Golf: No
2024-10-14 22:22:27.147841 Zulu: No
2024-10-14 22:22:27.148059 Whiskey: No
ChatterBot Lima reevaluating
ChatterBot Golf reevaluating
ChatterBot Whiskey reevaluating
ChatterBot Golf reevaluating
ChatterBot Whiskey reevaluating
ChatterBot Lima reevaluating
ChatterBot Golf reevaluating
ChatterBot Whiskey reevaluating
ChatterBot Lima reevaluating
ChatterBot Whiskey reevaluating
ChatterBot Lima reevaluating
ChatterBot Golf reevaluating
ChatterBot Whiskey reevaluating
ChatterBot Lima reevaluating
ChatterBot Golf reevaluating
2024-10-14 22:22:27.242966 Tango: November and Hotel, sending you 2
2024-10-14 22:22:27.244731 Charlie: November, Golf, Papa and Lima, sending you 2
2024-10-14 22:22:27.253645 Whiskey: November, sending you 4
2024-10-14 22:22:27.253995 Tango: Uniform, sending you 5
2024-10-14 22:22:27.254342 Zulu: November, sending you 4
2024-10-14 22:22:27.255182 November: Uniform, sending you 2
2024-10-14 22:22:27.255583 Papa: November, sending you 4
2024-10-14 22:22:27.256039 Charlie: Zulu, sending you 8
2024-10-14 22:22:27.256863 Hotel: November and Tango, sending you 3
2024-10-14 22:22:27.257244 Whiskey: Uniform, sending you 5
2024-10-14 22:22:27.257513 Tango: Whiskey, sending you 1
2024-10-14 22:22:27.258522 November: Whiskey and Tango, sending you 5
2024-10-14 22:22:27.258941 Zulu: Uniform, Hotel and Tango, sending you 2
2024-10-14 22:22:27.259873 Lima: November, sending you 3
2024-10-14 22:22:27.261408 Papa: Uniform and Golf, sending you 3
2024-10-14 22:22:27.261967 Hotel: Uniform, sending you 6
2024-10-14 22:22:27.262802 Whiskey: Tango, sending you 3
2024-10-14 22:22:27.263141 Tango: Lima, sending you 6
2024-10-14 22:22:27.263527 November: Hotel, sending you 3
2024-10-14 22:22:27.264265 Zulu: Golf, sending you 3
2024-10-14 22:22:27.264577 Lima: Uniform, sending you 2
2024-10-14 22:22:27.272690 Papa: Zulu, Whiskey and Tango, sending you 2
2024-10-14 22:22:27.273162 Hotel: Whiskey and Lima, sending you 2
2024-10-14 22:22:27.273447 November: Lima, sending you 4
2024-10-14 22:22:27.274354 Zulu: Lima, sending you 5
2024-10-14 22:22:27.274734 Whiskey: Lima, sending you 2
2024-10-14 22:22:27.275051 Lima: Whiskey and Hotel, sending you 5
2024-10-14 22:22:27.275947 Papa: Lima, sending you 1
2024-10-14 22:22:27.281044 Lima: Tango, sending you 4
chatterbot Hotel submitting transactions
chatterbot Tango submitting transactions
chatterbot November submitting transactions
chatterbot Charlie submitting transactions
chatterbot Uniform submitting transactions
chatterbot Golf submitting transactions
chatterbot Zulu submitting transactions
chatterbot Papa submitting transactions
chatterbot Whiskey submitting transactions
chatterbot Lima submitting transactions
ChatterBot November round 2
ChatterBot Uniform round 2
ChatterBot Zulu round 2
ChatterBot Whiskey round 2
ChatterBot Golf round 2
ChatterBot Hotel round 2
ChatterBot Papa round 2
ChatterBot Tango round 2
ChatterBot Charlie round 2
ChatterBot Lima round 2
2024-10-14 22:22:29.689302 Whiskey: We should replace Uniform with Papa
ChatterBot November reevaluating
ChatterBot Hotel reevaluating
ChatterBot Tango reevaluating
ChatterBot Lima reevaluating
2024-10-14 22:22:29.705585 November: Yes
2024-10-14 22:22:29.705784 Hotel: No
2024-10-14 22:22:29.705930 Tango: Yes
2024-10-14 22:22:29.706520 Lima: No
ChatterBot Hotel reevaluating
ChatterBot Tango reevaluating
ChatterBot Lima reevaluating
ChatterBot November reevaluating
ChatterBot Tango reevaluating
ChatterBot Lima reevaluating
ChatterBot November reevaluating
ChatterBot Hotel reevaluating
ChatterBot Lima reevaluating
ChatterBot November reevaluating
ChatterBot Hotel reevaluating
ChatterBot Tango reevaluating
2024-10-14 22:22:29.880848 Papa: Can we be friends?
ChatterBot Zulu reevaluating
ChatterBot Golf reevaluating
ChatterBot Charlie reevaluating
2024-10-14 22:22:29.892909 Zulu: No
2024-10-14 22:22:29.893203 Golf: Yes
2024-10-14 22:22:29.893889 Charlie: Yes
ChatterBot Golf reevaluating
ChatterBot Charlie reevaluating
ChatterBot Zulu reevaluating
ChatterBot Charlie reevaluating
ChatterBot Zulu reevaluating
ChatterBot Golf reevaluating
2024-10-14 22:22:29.927929 Golf: Group up?
ChatterBot Zulu reevaluating
ChatterBot Charlie reevaluating
2024-10-14 22:22:29.940480 Papa: Yes
2024-10-14 22:22:29.940696 Zulu: Yes
2024-10-14 22:22:29.940836 Charlie: Yes
ChatterBot Zulu reevaluating
ChatterBot Golf reevaluating
ChatterBot Charlie reevaluating
ChatterBot Golf reevaluating
ChatterBot Charlie reevaluating
ChatterBot Zulu reevaluating
ChatterBot Golf reevaluating
2024-10-14 22:22:30.000576 Whiskey: Papa we want you to join our group
2024-10-14 22:22:30.005142 Papa: No
ChatterBot November reevaluating
ChatterBot Hotel reevaluating
ChatterBot Tango reevaluating
ChatterBot Lima reevaluating
2024-10-14 22:22:30.025803 Hotel: We should replace Uniform with Zulu
ChatterBot November reevaluating
ChatterBot Tango reevaluating
ChatterBot Lima reevaluating
2024-10-14 22:22:30.042825 Whiskey: No
2024-10-14 22:22:30.043112 November: Yes
2024-10-14 22:22:30.043321 Tango: No
2024-10-14 22:22:30.043530 Lima: Yes
ChatterBot November reevaluating
ChatterBot Hotel reevaluating
ChatterBot Tango reevaluating
ChatterBot Lima reevaluating
ChatterBot Hotel reevaluating
ChatterBot Tango reevaluating
ChatterBot Lima reevaluating
ChatterBot November reevaluating
ChatterBot Hotel reevaluating
ChatterBot Lima reevaluating
ChatterBot November reevaluating
ChatterBot Hotel reevaluating
ChatterBot Tango reevaluating
2024-10-14 22:22:30.401641 Uniform: November and Lima, sending you 1
2024-10-14 22:22:30.402231 Lima: Zulu we want you to join our group
2024-10-14 22:22:30.405979 Zulu: No
ChatterBot November reevaluating
2024-10-14 22:22:30.424204 Tango: Papa we want you to join our group
2024-10-14 22:22:30.427975 Papa: No
2024-10-14 22:22:30.444766 Hotel: Zulu we want you to join our group
2024-10-14 22:22:30.448621 Zulu: No
ChatterBot Tango reevaluating
chatterbot Whiskey submitting transactions
2024-10-14 22:22:30.466397 Uniform: Whiskey and Hotel, sending you 4
2024-10-14 22:22:30.466786 Papa: Zulu, sending you 3
2024-10-14 22:22:30.554761 Charlie: Zulu, sending you 6
2024-10-14 22:22:30.555656 Zulu: Golf, sending you 2
2024-10-14 22:22:30.555963 Golf: Zulu, sending you 6
2024-10-14 22:22:30.556281 Whiskey: November and Lima, sending you 5
2024-10-14 22:22:30.556827 Papa: Golf, sending you 2
2024-10-14 22:22:30.557606 Uniform: Tango, sending you 3
2024-10-14 22:22:30.558061 Tango: Zulu we want you to join our group
2024-10-14 22:22:30.561606 Zulu: No
2024-10-14 22:22:30.580107 Charlie: Golf and Papa, sending you 5
2024-10-14 22:22:30.580382 Zulu: Papa and Charlie, sending you 4
2024-10-14 22:22:30.580621 Papa: Charlie, sending you 9
2024-10-14 22:22:30.580885 Golf: Papa, sending you 5
2024-10-14 22:22:30.581693 Whiskey: Hotel and Papa, sending you 3
2024-10-14 22:22:30.632221 November: Zulu, Whiskey, Hotel, Papa and Lima, sending you 3
2024-10-14 22:22:30.632687 Lima: November, Zulu, Whiskey and Tango, sending you 4
2024-10-14 22:22:30.633003 Hotel: November, Zulu, Whiskey and Tango, sending you 3
2024-10-14 22:22:30.633758 Golf: Charlie, sending you 4
2024-10-14 22:22:30.633998 Whiskey: Tango, sending you 2
chatterbot Golf submitting transactions
2024-10-14 22:22:30.681746 November: Tango and Charlie, sending you 2
2024-10-14 22:22:30.683027 Lima: Hotel, sending you 3
2024-10-14 22:22:30.683607 Hotel: Lima, sending you 4
2024-10-14 22:22:30.684493 Tango: November, sending you 5
2024-10-14 22:22:30.725795 Tango: Zulu, sending you 1
2024-10-14 22:22:30.749333 Tango: Whiskey and Hotel, sending you 3
2024-10-14 22:22:30.768686 Tango: Lima, sending you 4
chatterbot Zulu submitting transactions
chatterbot November submitting transactions
chatterbot Uniform submitting transactions
chatterbot Charlie submitting transactions
chatterbot Hotel submitting transactions
chatterbot Papa submitting transactions
chatterbot Lima submitting transactions
chatterbot Tango submitting transactions
ChatterBot November round 3
ChatterBot Uniform round 3
ChatterBot Zulu round 3
ChatterBot Whiskey round 3
ChatterBot Golf round 3
ChatterBot Hotel round 3
2024-10-14 22:22:31.459340 November: We should add Uniform
ChatterBot Whiskey reevaluating
ChatterBot Hotel reevaluating
ChatterBot Tango reevaluating
2024-10-14 22:22:31.487215 Whiskey: Yes
2024-10-14 22:22:31.487375 Hotel: Yes
2024-10-14 22:22:31.487490 Tango: No
2024-10-14 22:22:31.487602 Lima: No
2024-10-14 22:22:31.487729 Zulu: No
2024-10-14 22:22:31.487833 Golf: No
2024-10-14 22:22:31.488346 Papa: No
2024-10-14 22:22:31.488451 Charlie: No
ChatterBot November reevaluating
ChatterBot Hotel reevaluating
ChatterBot Tango reevaluating
ChatterBot Lima reevaluating
ChatterBot November reevaluating
ChatterBot Whiskey reevaluating
ChatterBot Tango reevaluating
ChatterBot Lima reevaluating
ChatterBot November reevaluating
ChatterBot Whiskey reevaluating
ChatterBot Hotel reevaluating
ChatterBot Lima reevaluating
ChatterBot November reevaluating
ChatterBot Whiskey reevaluating
ChatterBot Hotel reevaluating
ChatterBot Tango reevaluating
ChatterBot November reevaluating
ChatterBot Whiskey reevaluating
ChatterBot Hotel reevaluating
ChatterBot Tango reevaluating
ChatterBot Lima reevaluating
ChatterBot November reevaluating
ChatterBot Whiskey reevaluating
ChatterBot Hotel reevaluating
ChatterBot Tango reevaluating
ChatterBot Lima reevaluating
ChatterBot November reevaluating
ChatterBot Whiskey reevaluating
ChatterBot Hotel reevaluating
ChatterBot Tango reevaluating
ChatterBot Lima reevaluating
ChatterBot November reevaluating
ChatterBot Whiskey reevaluating
ChatterBot Hotel reevaluating
ChatterBot Tango reevaluating
ChatterBot Lima reevaluating
ChatterBot Papa round 3
ChatterBot Tango round 3
ChatterBot Charlie round 3
ChatterBot Lima round 3
2024-10-14 22:22:31.838348 Whiskey: We should replace Papa with Uniform
ChatterBot November reevaluating
ChatterBot Hotel reevaluating
ChatterBot Tango reevaluating
ChatterBot Lima reevaluating
2024-10-14 22:22:31.851643 November: Yes
2024-10-14 22:22:31.851840 Hotel: Yes
2024-10-14 22:22:31.852049 Tango: Yes
2024-10-14 22:22:31.852343 Lima: Yes
ChatterBot Whiskey reevaluating
ChatterBot Hotel reevaluating
ChatterBot Tango reevaluating
ChatterBot Lima reevaluating
ChatterBot Whiskey reevaluating
ChatterBot November reevaluating
ChatterBot Tango reevaluating
ChatterBot Lima reevaluating
ChatterBot Whiskey reevaluating
ChatterBot November reevaluating
ChatterBot Hotel reevaluating
ChatterBot Lima reevaluating
ChatterBot Whiskey reevaluating
ChatterBot November reevaluating
ChatterBot Hotel reevaluating
ChatterBot Tango reevaluating
2024-10-14 22:22:31.910002 Lima: We should replace Zulu with Uniform
ChatterBot Whiskey reevaluating
ChatterBot November reevaluating
ChatterBot Hotel reevaluating
ChatterBot Tango reevaluating
2024-10-14 22:22:31.924297 Whiskey: Yes
2024-10-14 22:22:31.924435 November: Yes
2024-10-14 22:22:31.924563 Hotel: Yes
2024-10-14 22:22:31.924681 Tango: Yes
ChatterBot November reevaluating
ChatterBot Hotel reevaluating
ChatterBot Tango reevaluating
ChatterBot Lima reevaluating
ChatterBot Whiskey reevaluating
ChatterBot Hotel reevaluating
ChatterBot Tango reevaluating
ChatterBot Lima reevaluating
ChatterBot Whiskey reevaluating
ChatterBot November reevaluating
ChatterBot Tango reevaluating
ChatterBot Lima reevaluating
ChatterBot Whiskey reevaluating
ChatterBot November reevaluating
ChatterBot Hotel reevaluating
ChatterBot Lima reevaluating
2024-10-14 22:22:31.994790 Whiskey: Uniform we want you to join our group
2024-10-14 22:22:31.998441 Uniform: Yes
ChatterBot Hotel reevaluating
ChatterBot Whiskey reevaluating
2024-10-14 22:22:32.013690 Lima: Uniform we want you to join our group
2024-10-14 22:22:32.017402 Uniform: Yes
2024-10-14 22:22:32.030600 Hotel: Uniform we want you to join our group
2024-10-14 22:22:32.034136 Uniform: Yes
2024-10-14 22:22:32.047547 Uniform: November, sending you 2
2024-10-14 22:22:32.047893 Golf: Zulu, sending you 5
2024-10-14 22:22:32.048698 Zulu: Sending you each 4
2024-10-14 22:22:32.048942 November: Uniform, sending you 1
2024-10-14 22:22:32.318872 Papa: Zulu, sending you 5
2024-10-14 22:22:32.319269 Tango: November and Hotel, sending you 3
2024-10-14 22:22:32.319625 Charlie: Zulu and Golf, sending you 5
2024-10-14 22:22:32.319843 Golf: Papa, sending you 4
2024-10-14 22:22:32.320561 Uniform: Whiskey, Hotel and Tango, sending you 4
2024-10-14 22:22:32.320900 November: Whiskey, sending you 5
2024-10-14 22:22:32.407086 Tango: Uniform and Whiskey, sending you 2
2024-10-14 22:22:32.407983 Papa: Golf and Charlie, sending you 6
2024-10-14 22:22:32.408259 Charlie: Papa, sending you 6
2024-10-14 22:22:32.408494 Golf: Charlie, sending you 6
2024-10-14 22:22:32.408729 Uniform: Lima, sending you 1
2024-10-14 22:22:32.409678 Lima: November, Whiskey, Hotel and Tango, sending you 4
2024-10-14 22:22:32.410003 November: Hotel, Tango and Lima, sending you 4
2024-10-14 22:22:32.410288 Hotel: November, Uniform, Whiskey and Tango, sending you 3
chatterbot Hotel submitting transactions
2024-10-14 22:22:32.449417 Tango: Papa, sending you 1
2024-10-14 22:22:32.450071 Lima: Uniform, sending you 3
2024-10-14 22:22:32.450997 Whiskey: November, sending you 4
2024-10-14 22:22:32.451373 Hotel: Lima, sending you 4
chatterbot Papa submitting transactions
2024-10-14 22:22:32.485040 Tango: Lima, sending you 5
2024-10-14 22:22:32.485648 Whiskey: Uniform, Hotel and Tango, sending you 3
2024-10-14 22:22:32.554036 Whiskey: Lima, sending you 5
chatterbot Charlie submitting transactions
chatterbot Zulu submitting transactions
chatterbot Golf submitting transactions
chatterbot Lima submitting transactions
chatterbot Tango submitting transactions
chatterbot November submitting transactions
chatterbot Whiskey submitting transactions
chatterbot Uniform submitting transactions
ChatterBot November round 4
ChatterBot Uniform round 4
ChatterBot Zulu round 4
ChatterBot Whiskey round 4
ChatterBot Golf round 4
ChatterBot Hotel round 4
ChatterBot Papa round 4
ChatterBot Tango round 4
ChatterBot Charlie round 4
ChatterBot Lima round 4
2024-10-14 22:22:33.199563 Tango: We should replace Papa with Zulu
2024-10-14 22:22:33.222295 November: No
2024-10-14 22:22:33.223102 Lima: No
2024-10-14 22:22:33.223306 Uniform: No
2024-10-14 22:22:33.223469 Hotel: No
2024-10-14 22:22:33.223655 Whiskey: No
ChatterBot Tango reevaluating
ChatterBot Tango reevaluating
ChatterBot Tango reevaluating
ChatterBot Tango reevaluating
ChatterBot Tango reevaluating
2024-10-14 22:22:33.380750 November: Uniform, sending you 2
2024-10-14 22:22:33.382247 Tango: We should drop Papa
2024-10-14 22:22:33.400754 November: Yes
2024-10-14 22:22:33.401455 Lima: Yes
2024-10-14 22:22:33.401645 Uniform: Yes
2024-10-14 22:22:33.401778 Hotel: Yes
2024-10-14 22:22:33.401891 Whiskey: Yes
ChatterBot Tango reevaluating
ChatterBot Tango reevaluating
ChatterBot Tango reevaluating
ChatterBot Tango reevaluating
ChatterBot Tango reevaluating
2024-10-14 22:22:33.582956 Whiskey: November, Uniform and Lima, sending you 4
2024-10-14 22:22:33.584378 November: Whiskey, sending you 5
2024-10-14 22:22:33.621742 Charlie: Zulu and Golf, sending you 5
2024-10-14 22:22:33.622441 Whiskey: Hotel and Tango, sending you 3
2024-10-14 22:22:33.623986 Golf: Sending you each 5
2024-10-14 22:22:33.624674 Zulu: Same as last round
2024-10-14 22:22:33.625928 Uniform: November, sending you 1
2024-10-14 22:22:33.627526 Hotel: November, Uniform, Whiskey and Tango, sending you 3
2024-10-14 22:22:33.628920 Papa: Zulu and Golf, sending you 5
2024-10-14 22:22:33.629602 November: Hotel, Tango and Lima, sending you 4
chatterbot Hotel submitting transactions
2024-10-14 22:22:33.631467 Charlie: Papa, sending you 6
2024-10-14 22:22:33.632681 Uniform: Whiskey and Hotel, sending you 4
2024-10-14 22:22:33.633938 Hotel: Lima, sending you 4
2024-10-14 22:22:33.634667 Papa: Charlie, sending you 7
2024-10-14 22:22:33.635719 Lima: November, Whiskey, Hotel and Tango, sending you 4
2024-10-14 22:22:33.677113 Uniform: Tango and Lima, sending you 3
2024-10-14 22:22:33.678775 Lima: Uniform, sending you 3
2024-10-14 22:22:33.717735 Tango: November and Lima, sending you 4
chatterbot Whiskey submitting transactions
chatterbot Golf submitting transactions
2024-10-14 22:22:33.745303 Tango: Uniform and Hotel, sending you 3
2024-10-14 22:22:33.771821 Tango: Whiskey, sending you 2
chatterbot Charlie submitting transactions
chatterbot Papa submitting transactions
chatterbot November submitting transactions
chatterbot Uniform submitting transactions
chatterbot Lima submitting transactions
chatterbot Zulu submitting transactions
chatterbot Tango submitting transactions
ChatterBot November round 5
ChatterBot Uniform round 5
ChatterBot Zulu round 5
ChatterBot Whiskey round 5
ChatterBot Golf round 5
ChatterBot Hotel round 5
ChatterBot Papa round 5
ChatterBot Tango round 5
ChatterBot Charlie round 5
ChatterBot Lima round 5
2024-10-14 22:22:34.840149 Whiskey: November, Uniform and Lima, sending you 4
2024-10-14 22:22:34.845011 Whiskey: Hotel and Tango, sending you 3
2024-10-14 22:22:34.845912 Uniform: November, sending you 1
2024-10-14 22:22:34.846670 Hotel: November, Uniform, Whiskey and Tango, sending you 3
2024-10-14 22:22:34.847870 Zulu: Same as last round
2024-10-14 22:22:34.848488 Tango: November and Lima, sending you 4
2024-10-14 22:22:34.849345 Lima: November, Whiskey, Hotel and Tango, sending you 4
2024-10-14 22:22:34.850665 Uniform: Whiskey and Hotel, sending you 4
2024-10-14 22:22:34.851491 Hotel: Lima, sending you 4
2024-10-14 22:22:34.852077 Golf: Same as last round
2024-10-14 22:22:34.853055 Tango: Uniform and Hotel, sending you 3
2024-10-14 22:22:34.853635 November: Uniform, sending you 2
2024-10-14 22:22:34.854474 Lima: Uniform, sending you 3
2024-10-14 22:22:34.855868 Uniform: Tango and Lima, sending you 3
2024-10-14 22:22:34.856830 Tango: Whiskey, sending you 2
2024-10-14 22:22:34.859217 November: Whiskey, sending you 5
2024-10-14 22:22:34.859883 Papa: Zulu, sending you 5
2024-10-14 22:22:34.860694 Charlie: Zulu and Golf, sending you 5
2024-10-14 22:22:34.863688 November: Hotel, Tango and Lima, sending you 4
2024-10-14 22:22:34.865216 Papa: Golf and Charlie, sending you 6
2024-10-14 22:22:34.865588 Charlie: Papa, sending you 6
chatterbot Whiskey submitting transactions
chatterbot Zulu submitting transactions
chatterbot Hotel submitting transactions
chatterbot Uniform submitting transactions
chatterbot Golf submitting transactions
chatterbot Charlie submitting transactions
chatterbot Tango submitting transactions
chatterbot Papa submitting transactions
chatterbot Lima submitting transactions
chatterbot November submitting transactions
ChatterBot November round 6
ChatterBot Uniform round 6
ChatterBot Zulu round 6
ChatterBot Whiskey round 6
ChatterBot Golf round 6
ChatterBot Hotel round 6
ChatterBot Papa round 6
ChatterBot Tango round 6
ChatterBot Charlie round 6
ChatterBot Lima round 6
2024-10-14 22:22:35.954586 Tango: We should add Zulu
ChatterBot Uniform reevaluating
2024-10-14 22:22:35.967667 November: No
2024-10-14 22:22:35.967847 Lima: No
2024-10-14 22:22:35.967988 Uniform: No
2024-10-14 22:22:35.968119 Hotel: No
2024-10-14 22:22:35.968239 Whiskey: No
ChatterBot Uniform reevaluating
ChatterBot Tango reevaluating
ChatterBot Uniform reevaluating
ChatterBot Tango reevaluating
ChatterBot Tango reevaluating
ChatterBot Uniform reevaluating
ChatterBot Tango reevaluating
ChatterBot Uniform reevaluating
ChatterBot Tango reevaluating
2024-10-14 22:22:36.079087 November: Uniform, sending you 1
2024-10-14 22:22:36.079854 Zulu: Same as last round
2024-10-14 22:22:36.080826 Whiskey: November, Uniform and Lima, sending you 4
2024-10-14 22:22:36.081464 Lima: November, Whiskey, Hotel and Tango, sending you 4
2024-10-14 22:22:36.087649 Hotel: November, Uniform, Whiskey and Tango, sending you 3
2024-10-14 22:22:36.088594 Papa: Zulu, sending you 5
2024-10-14 22:22:36.089726 Charlie: Zulu and Golf, sending you 5
2024-10-14 22:22:36.090227 Golf: Same as last round
2024-10-14 22:22:36.091116 November: Whiskey and Lima, sending you 5
2024-10-14 22:22:36.091985 Uniform: November, sending you 2
2024-10-14 22:22:36.093273 Whiskey: Hotel and Tango, sending you 3
2024-10-14 22:22:36.094630 Lima: Uniform, sending you 3
2024-10-14 22:22:36.096191 Hotel: Lima, sending you 4
2024-10-14 22:22:36.097335 Charlie: Papa, sending you 6
2024-10-14 22:22:36.098349 Papa: Golf and Charlie, sending you 6
2024-10-14 22:22:36.098838 November: Hotel and Tango, sending you 4
2024-10-14 22:22:36.100786 Uniform: Whiskey, sending you 4
2024-10-14 22:22:36.102188 Tango: November and Lima, sending you 4
2024-10-14 22:22:36.105511 Uniform: Hotel, Tango and Lima, sending you 3
2024-10-14 22:22:36.107256 Tango: Uniform, sending you 2
2024-10-14 22:22:36.111672 Tango: Whiskey and Hotel, sending you 3
chatterbot Tango submitting transactions
chatterbot November submitting transactions
chatterbot Papa submitting transactions
chatterbot Charlie submitting transactions
chatterbot Zulu submitting transactions
chatterbot Hotel submitting transactions
chatterbot Uniform submitting transactions
chatterbot Lima submitting transactions
chatterbot Golf submitting transactions
chatterbot Whiskey submitting transactions
ChatterBot November round 7
ChatterBot Uniform round 7
ChatterBot Zulu round 7
ChatterBot Whiskey round 7
ChatterBot Golf round 7
ChatterBot Hotel round 7
ChatterBot Papa round 7
ChatterBot Tango round 7
ChatterBot Charlie round 7
ChatterBot Lima round 7
2024-10-14 22:22:37.168968 Uniform: We should drop Whiskey
ChatterBot Tango reevaluating
2024-10-14 22:22:37.180610 November: No
2024-10-14 22:22:37.180795 Hotel: No
2024-10-14 22:22:37.180926 Tango: No
2024-10-14 22:22:37.181099 Lima: No
ChatterBot Uniform reevaluating
ChatterBot Tango reevaluating
ChatterBot Uniform reevaluating
ChatterBot Tango reevaluating
ChatterBot Uniform reevaluating
ChatterBot Uniform reevaluating
ChatterBot Tango reevaluating
2024-10-14 22:22:37.237889 Tango: We should add Golf
ChatterBot Uniform reevaluating
2024-10-14 22:22:37.249202 November: No
2024-10-14 22:22:37.249365 Lima: No
2024-10-14 22:22:37.249491 Uniform: No
2024-10-14 22:22:37.249644 Hotel: No
2024-10-14 22:22:37.249770 Whiskey: No
ChatterBot Uniform reevaluating
ChatterBot Tango reevaluating
ChatterBot Uniform reevaluating
ChatterBot Tango reevaluating
ChatterBot Tango reevaluating
ChatterBot Uniform reevaluating
ChatterBot Tango reevaluating
ChatterBot Uniform reevaluating
ChatterBot Tango reevaluating
2024-10-14 22:22:37.307660 November: Uniform, sending you 2
2024-10-14 22:22:37.309029 Zulu: Same as last round
2024-10-14 22:22:37.309669 Golf: Same as last round
2024-10-14 22:22:37.312318 Uniform: We should drop Hotel
2024-10-14 22:22:37.325552 November: No
2024-10-14 22:22:37.325757 Whiskey: No
2024-10-14 22:22:37.325940 Tango: No
2024-10-14 22:22:37.326117 Lima: No
ChatterBot Uniform reevaluating
ChatterBot Uniform reevaluating
ChatterBot Uniform reevaluating
ChatterBot Uniform reevaluating
2024-10-14 22:22:37.383305 November: Whiskey, sending you 5
2024-10-14 22:22:37.384461 Lima: November, Whiskey, Hotel and Tango, sending you 4
2024-10-14 22:22:37.386667 Charlie: Zulu and Golf, sending you 5
2024-10-14 22:22:37.387118 November: Hotel, Tango and Lima, sending you 4
2024-10-14 22:22:37.388270 Hotel: November, Uniform, Whiskey and Tango, sending you 3
2024-10-14 22:22:37.389056 Lima: Uniform, sending you 3
2024-10-14 22:22:37.390072 Whiskey: November, Uniform and Lima, sending you 4
2024-10-14 22:22:37.390757 Papa: Charlie, sending you 1
2024-10-14 22:22:37.391730 Charlie: Papa, sending you 6
2024-10-14 22:22:37.392075 Hotel: Lima, sending you 4
2024-10-14 22:22:37.395008 Whiskey: Hotel and Tango, sending you 3
2024-10-14 22:22:37.404656 Tango: November and Lima, sending you 4
2024-10-14 22:22:37.408662 Tango: Uniform, sending you 2
2024-10-14 22:22:37.411676 Uniform: November, sending you 2
2024-10-14 22:22:37.413705 Tango: Whiskey and Hotel, sending you 3
2024-10-14 22:22:37.415686 Uniform: Whiskey, sending you 4
2024-10-14 22:22:37.419749 Uniform: Hotel, Tango and Lima, sending you 3
chatterbot Tango submitting transactions
chatterbot Papa submitting transactions
chatterbot Zulu submitting transactions
chatterbot Lima submitting transactions
chatterbot November submitting transactions
chatterbot Golf submitting transactions
chatterbot Uniform submitting transactions
chatterbot Hotel submitting transactions
chatterbot Charlie submitting transactions
chatterbot Whiskey submitting transactions
ChatterBot November round 8
ChatterBot Uniform round 8
ChatterBot Zulu round 8
ChatterBot Whiskey round 8
ChatterBot Golf round 8
ChatterBot Hotel round 8
ChatterBot Papa round 8
ChatterBot Tango round 8
ChatterBot Charlie round 8
2024-10-14 22:22:38.264932 Zulu: We should add November
2024-10-14 22:22:38.277814 Papa: No
2024-10-14 22:22:38.278068 Golf: No
2024-10-14 22:22:38.278275 Charlie: No
ChatterBot Zulu reevaluating
ChatterBot Zulu reevaluating
ChatterBot Lima round 8
2024-10-14 22:22:38.351998 Zulu: We should add Lima
2024-10-14 22:22:38.366115 Papa: No
2024-10-14 22:22:38.367350 Golf: No
2024-10-14 22:22:38.367572 Charlie: No
ChatterBot Zulu reevaluating
ChatterBot Zulu reevaluating
ChatterBot Zulu reevaluating
2024-10-14 22:22:38.426961 Uniform: We should drop November
2024-10-14 22:22:38.447570 Whiskey: No
2024-10-14 22:22:38.447803 Hotel: No
2024-10-14 22:22:38.447969 Tango: No
2024-10-14 22:22:38.448123 Lima: No
ChatterBot Uniform reevaluating
ChatterBot Uniform reevaluating
ChatterBot Uniform reevaluating
2024-10-14 22:22:38.505776 Papa: Zulu, sending you 5
2024-10-14 22:22:38.506292 Golf: Same as last round
2024-10-14 22:22:38.507284 November: Uniform, sending you 1
2024-10-14 22:22:38.508947 Hotel: November, Uniform, Whiskey and Tango, sending you 3
2024-10-14 22:22:38.510567 Papa: Golf and Charlie, sending you 6
2024-10-14 22:22:38.530683 November: Whiskey, sending you 4
2024-10-14 22:22:38.531858 Tango: I was attacked by Papa
ChatterBot November reevaluating
ChatterBot Lima reevaluating
ChatterBot Uniform reevaluating
ChatterBot Hotel reevaluating
ChatterBot Whiskey reevaluating
2024-10-14 22:22:38.548543 Tango: Ow
2024-10-14 22:22:38.550213 Charlie: Zulu and Papa, sending you 5
2024-10-14 22:22:38.560391 Charlie: Golf, sending you 6
2024-10-14 22:22:38.561897 Uniform: We should drop Lima
ChatterBot November reevaluating
ChatterBot Whiskey reevaluating
ChatterBot Hotel reevaluating
2024-10-14 22:22:38.575498 November: No
2024-10-14 22:22:38.575652 Whiskey: No
2024-10-14 22:22:38.576347 Hotel: No
2024-10-14 22:22:38.576453 Tango: No
ChatterBot Uniform reevaluating
ChatterBot Whiskey reevaluating
ChatterBot Hotel reevaluating
ChatterBot Uniform reevaluating
ChatterBot November reevaluating
ChatterBot Hotel reevaluating
ChatterBot Uniform reevaluating
ChatterBot November reevaluating
ChatterBot Whiskey reevaluating
ChatterBot Uniform reevaluating
ChatterBot November reevaluating
ChatterBot Whiskey reevaluating
ChatterBot Hotel reevaluating
2024-10-14 22:22:38.700988 Uniform: Whiskey, sending you 5
2024-10-14 22:22:38.708438 Uniform: Hotel and Lima, sending you 4
2024-10-14 22:22:38.715535 Uniform: Tango, sending you 2
chatterbot Hotel submitting transactions
chatterbot November submitting transactions
chatterbot Lima submitting transactions
chatterbot Papa submitting transactions
chatterbot Tango submitting transactions
chatterbot Golf submitting transactions
chatterbot Zulu submitting transactions
chatterbot Uniform submitting transactions
chatterbot Charlie submitting transactions
chatterbot Whiskey submitting transactions
ChatterBot November round 9
ChatterBot Uniform round 9
ChatterBot Zulu round 9
ChatterBot Whiskey round 9
ChatterBot Golf round 9
ChatterBot Hotel round 9
ChatterBot Papa round 9
ChatterBot Tango round 9
2024-10-14 22:22:39.728886 Uniform: We should replace Tango with November
ChatterBot Lima reevaluating
2024-10-14 22:22:39.738561 Whiskey: No
2024-10-14 22:22:39.738736 Hotel: No
2024-10-14 22:22:39.738887 Lima: No
ChatterBot Lima reevaluating
ChatterBot Lima reevaluating
ChatterBot Charlie round 9
ChatterBot Lima round 9
2024-10-14 22:22:39.776204 Zulu: We should add Hotel
2024-10-14 22:22:39.784395 Papa: No
2024-10-14 22:22:39.784553 Golf: No
2024-10-14 22:22:39.784694 Charlie: No
ChatterBot Zulu reevaluating
ChatterBot Zulu reevaluating
ChatterBot Zulu reevaluating
2024-10-14 22:22:39.818392 Uniform: November we want you to join our group
ChatterBot November reevaluating
2024-10-14 22:22:39.823323 November: Yes
ChatterBot Lima reevaluating
2024-10-14 22:22:39.840640 Tango: We should drop Uniform
ChatterBot November reevaluating
2024-10-14 22:22:39.850858 Whiskey: No
2024-10-14 22:22:39.851050 November: No
2024-10-14 22:22:39.851150 Hotel: No
2024-10-14 22:22:39.852002 Lima: No
ChatterBot November reevaluating
ChatterBot Tango reevaluating
ChatterBot Tango reevaluating
ChatterBot November reevaluating
ChatterBot Tango reevaluating
ChatterBot November reevaluating
ChatterBot Tango reevaluating
2024-10-14 22:22:39.901691 Papa: I was attacked by Tango and Lima
ChatterBot Zulu reevaluating
ChatterBot Golf reevaluating
ChatterBot Charlie reevaluating
2024-10-14 22:22:39.914122 Papa: I'm keeping this round to protect myself
2024-10-14 22:22:39.915514 Papa: Ow
2024-10-14 22:22:39.920942 Uniform: November, sending you 2
2024-10-14 22:22:39.921810 Hotel: November, Uniform, Whiskey and Tango, sending you 3
2024-10-14 22:22:39.926709 Uniform: Whiskey, sending you 6
2024-10-14 22:22:39.927739 Hotel: Lima, sending you 4
2024-10-14 22:22:39.930743 Uniform: Hotel, sending you 4
2024-10-14 22:22:39.931820 Charlie: Zulu and Golf, sending you 5
2024-10-14 22:22:39.935705 Uniform: Lima, sending you 3
2024-10-14 22:22:39.949877 Charlie: Papa, sending you 6
2024-10-14 22:22:39.950465 Tango: November, Whiskey and Hotel, sending you 3
2024-10-14 22:22:39.966976 Zulu: Same as last round
2024-10-14 22:22:39.967777 Tango: Uniform, sending you 2
2024-10-14 22:22:39.990333 Tango: Lima, sending you 4
chatterbot Hotel submitting transactions
chatterbot Whiskey submitting transactions
chatterbot Papa submitting transactions
chatterbot Charlie submitting transactions
chatterbot Uniform submitting transactions
chatterbot November submitting transactions
chatterbot Zulu submitting transactions
chatterbot Lima submitting transactions
chatterbot Tango submitting transactions
chatterbot Golf submitting transactions
ChatterBot November round 10
ChatterBot Uniform round 10
ChatterBot Zulu round 10
ChatterBot Whiskey round 10
ChatterBot Golf round 10
ChatterBot Hotel round 10
ChatterBot Papa round 10
ChatterBot Tango round 10
ChatterBot Charlie round 10
ChatterBot Lima round 10
2024-10-14 22:22:41.168670 Charlie: Zulu and Papa, sending you 4
2024-10-14 22:22:41.169670 Papa: I was attacked by November, Whiskey and Tango
ChatterBot Zulu reevaluating
ChatterBot Golf reevaluating
ChatterBot Charlie reevaluating
2024-10-14 22:22:41.178512 Papa: I'm keeping this round to protect myself
2024-10-14 22:22:41.179318 Papa: Ow
2024-10-14 22:22:41.179814 Hotel: November, Uniform, Whiskey and Tango, sending you 3
2024-10-14 22:22:41.185006 Hotel: Lima, sending you 4
2024-10-14 22:22:41.186099 Tango: November, Whiskey and Hotel, sending you 3
2024-10-14 22:22:41.187278 Uniform: November, sending you 2
2024-10-14 22:22:41.189667 Tango: Uniform, sending you 2
2024-10-14 22:22:41.191685 Uniform: Whiskey, sending you 5
2024-10-14 22:22:41.194685 Tango: Lima, sending you 4
2024-10-14 22:22:41.196680 Uniform: Hotel and Lima, sending you 4
2024-10-14 22:22:41.203672 Golf: Zulu, sending you 5
2024-10-14 22:22:41.204683 Zulu: Same as last round
2024-10-14 22:22:41.207688 Golf: Papa, sending you 4
2024-10-14 22:22:41.212037 Golf: Charlie, sending you 6
chatterbot Papa submitting transactions
chatterbot Lima submitting transactions
chatterbot Uniform submitting transactions
chatterbot Whiskey submitting transactions
chatterbot Tango submitting transactions
chatterbot Golf submitting transactions
chatterbot November submitting transactions
chatterbot Charlie submitting transactions
chatterbot Hotel submitting transactions
chatterbot Zulu submitting transactions
ChatterBot November round 11
ChatterBot Uniform round 11
ChatterBot Zulu round 11
ChatterBot Whiskey round 11
ChatterBot Golf round 11
ChatterBot Hotel round 11
ChatterBot Papa round 11
ChatterBot Tango round 11
ChatterBot Charlie round 11
ChatterBot Lima round 11
2024-10-14 22:22:42.449766 Papa: I was attacked by November, Whiskey and Tango
ChatterBot Zulu reevaluating
ChatterBot Golf reevaluating
ChatterBot Charlie reevaluating
2024-10-14 22:22:42.461161 Papa: I'm keeping this round to protect myself
2024-10-14 22:22:42.462559 Papa: Ow
2024-10-14 22:22:42.462832 Zulu: We should add Whiskey
ChatterBot Golf reevaluating
ChatterBot Charlie reevaluating
2024-10-14 22:22:42.477090 Papa: No
2024-10-14 22:22:42.477217 Golf: No
2024-10-14 22:22:42.477367 Charlie: No
ChatterBot Zulu reevaluating
ChatterBot Golf reevaluating
ChatterBot Charlie reevaluating
ChatterBot Zulu reevaluating
ChatterBot Charlie reevaluating
ChatterBot Zulu reevaluating
ChatterBot Golf reevaluating
2024-10-14 22:22:42.523235 Uniform: November, sending you 2
2024-10-14 22:22:42.524774 Tango: November and Whiskey, sending you 3
2024-10-14 22:22:42.527734 Hotel: November, Uniform, Whiskey and Tango, sending you 3
2024-10-14 22:22:42.530537 Uniform: Whiskey, sending you 5
2024-10-14 22:22:42.532781 Tango: Uniform, sending you 1
2024-10-14 22:22:42.541429 Hotel: Lima, sending you 4
2024-10-14 22:22:42.544025 Uniform: Hotel and Lima, sending you 4
2024-10-14 22:22:42.545379 Tango: Hotel, sending you 4
2024-10-14 22:22:42.547677 Charlie: Zulu and Papa, sending you 5
2024-10-14 22:22:42.551164 Zulu: Same as last round
2024-10-14 22:22:42.551802 Tango: Lima, sending you 5
2024-10-14 22:22:42.554500 Golf: Zulu, sending you 5
2024-10-14 22:22:42.555733 Charlie: Golf, sending you 6
2024-10-14 22:22:42.560872 Golf: Papa, sending you 4
2024-10-14 22:22:42.563692 Golf: Charlie, sending you 6
chatterbot Hotel submitting transactions
chatterbot Golf submitting transactions
chatterbot November submitting transactions
chatterbot Uniform submitting transactions
chatterbot Tango submitting transactions
chatterbot Papa submitting transactions
chatterbot Whiskey submitting transactions
chatterbot Lima submitting transactions
chatterbot Zulu submitting transactions
chatterbot Charlie submitting transactions
ChatterBot November round 12
ChatterBot Uniform round 12
ChatterBot Zulu round 12
ChatterBot Whiskey round 12
ChatterBot Golf round 12
ChatterBot Hotel round 12
ChatterBot Papa round 12
ChatterBot Tango round 12
ChatterBot Charlie round 12
ChatterBot Lima round 12
2024-10-14 22:22:43.705703 Zulu: We should drop Papa
2024-10-14 22:22:43.713276 Golf: No
2024-10-14 22:22:43.713470 Charlie: No
ChatterBot Zulu reevaluating
ChatterBot Zulu reevaluating
2024-10-14 22:22:43.735718 Uniform: November, sending you 2
2024-10-14 22:22:43.740724 Uniform: Whiskey and Hotel, sending you 5
2024-10-14 22:22:43.746714 Uniform: Lima, sending you 3
2024-10-14 22:22:43.747830 Charlie: Zulu and Papa, sending you 5
2024-10-14 22:22:43.748371 Golf: Zulu, sending you 5
2024-10-14 22:22:43.749656 Papa: Zulu and Charlie, sending you 6
2024-10-14 22:22:43.750750 Charlie: Golf, sending you 6
2024-10-14 22:22:43.751540 Tango: November, Hotel and Lima, sending you 4
2024-10-14 22:22:43.754 Hotel: November, Whiskey, Tango and Lima, sending you 3
