ChatterBot Lima round 1
ChatterBot X-ray round 1
ChatterBot November round 1
ChatterBot Kilo round 1
ChatterBot India round 1
ChatterBot Victor round 1
ChatterBot Hotel round 1
ChatterBot Sierra round 1
ChatterBot Alpha round 1
ChatterBot Juliett round 1
randomSelections X-ray: {X-ray, Victor, Kilo} 
2024-10-14 22:22:27.268220 X-ray: Let's form a team
ChatterBot Victor reevaluating
ChatterBot Kilo reevaluating
2024-10-14 22:22:27.274648 Victor: Yes
2024-10-14 22:22:27.274809 Kilo: Yes
ChatterBot Kilo reevaluating
ChatterBot Victor reevaluating
randomSelections Hotel: {Hotel, Lima, India, Sierra, X-ray, Juliett, November, Victor} 
2024-10-14 22:22:27.284806 Hotel: Can we be friends?
ChatterBot Lima reevaluating
ChatterBot India reevaluating
ChatterBot Sierra reevaluating
ChatterBot Juliett reevaluating
ChatterBot November reevaluating
ChatterBot Victor reevaluating
2024-10-14 22:22:27.298282 Lima: Yes
2024-10-14 22:22:27.298497 India: Yes
2024-10-14 22:22:27.299312 Sierra: Yes
2024-10-14 22:22:27.299510 X-ray: No
2024-10-14 22:22:27.299695 Juliett: Yes
2024-10-14 22:22:27.299862 November: Yes
2024-10-14 22:22:27.300027 Victor: No
ChatterBot India reevaluating
ChatterBot Sierra reevaluating
ChatterBot Juliett reevaluating
ChatterBot November reevaluating
ChatterBot Victor reevaluating
ChatterBot Lima reevaluating
ChatterBot Sierra reevaluating
ChatterBot Juliett reevaluating
ChatterBot November reevaluating
ChatterBot Victor reevaluating
ChatterBot Lima reevaluating
ChatterBot India reevaluating
ChatterBot Juliett reevaluating
ChatterBot November reevaluating
ChatterBot Victor reevaluating
ChatterBot Lima reevaluating
ChatterBot India reevaluating
ChatterBot Sierra reevaluating
ChatterBot Juliett reevaluating
ChatterBot November reevaluating
ChatterBot Victor reevaluating
ChatterBot Lima reevaluating
ChatterBot India reevaluating
ChatterBot Sierra reevaluating
ChatterBot November reevaluating
ChatterBot Victor reevaluating
ChatterBot Lima reevaluating
ChatterBot India reevaluating
ChatterBot Sierra reevaluating
ChatterBot Juliett reevaluating
ChatterBot Victor reevaluating
ChatterBot Lima reevaluating
ChatterBot India reevaluating
ChatterBot Sierra reevaluating
ChatterBot Juliett reevaluating
ChatterBot November reevaluating
randomSelections Alpha: {Alpha, Hotel, Lima, Victor, India, Kilo, Juliett, X-ray} 
2024-10-14 22:22:27.391054 Alpha: Let's form a team
ChatterBot Lima reevaluating
ChatterBot Victor reevaluating
ChatterBot India reevaluating
ChatterBot Kilo reevaluating
ChatterBot Juliett reevaluating
2024-10-14 22:22:27.398924 Hotel: No
2024-10-14 22:22:27.399654 Lima: No
2024-10-14 22:22:27.399790 Victor: No
2024-10-14 22:22:27.399984 India: No
2024-10-14 22:22:27.400092 Kilo: No
2024-10-14 22:22:27.400197 Juliett: No
2024-10-14 22:22:27.400318 X-ray: No
ChatterBot Lima reevaluating
ChatterBot Victor reevaluating
ChatterBot India reevaluating
ChatterBot Kilo reevaluating
ChatterBot Juliett reevaluating
ChatterBot Victor reevaluating
ChatterBot India reevaluating
ChatterBot Kilo reevaluating
ChatterBot Juliett reevaluating
ChatterBot Lima reevaluating
ChatterBot India reevaluating
ChatterBot Kilo reevaluating
ChatterBot Juliett reevaluating
ChatterBot Lima reevaluating
ChatterBot Victor reevaluating
ChatterBot Kilo reevaluating
ChatterBot Juliett reevaluating
ChatterBot Lima reevaluating
ChatterBot Victor reevaluating
ChatterBot India reevaluating
ChatterBot Juliett reevaluating
ChatterBot Lima reevaluating
ChatterBot Victor reevaluating
ChatterBot India reevaluating
ChatterBot Kilo reevaluating
ChatterBot Lima reevaluating
ChatterBot Victor reevaluating
ChatterBot India reevaluating
ChatterBot Kilo reevaluating
ChatterBot Juliett reevaluating
2024-10-14 22:22:27.474716 November: Lima, Sierra and Juliett, sending you 3
2024-10-14 22:22:27.475695 Hotel: X-ray, India and Sierra, sending you 3
2024-10-14 22:22:27.476049 Victor: X-ray, sending you 5
2024-10-14 22:22:27.478678 Alpha: Lima, X-ray and Hotel, sending you 3
2024-10-14 22:22:27.479071 Hotel: November, sending you 2
2024-10-14 22:22:27.479461 Victor: Kilo, sending you 7
2024-10-14 22:22:27.479757 X-ray: Kilo and Victor, sending you 7
2024-10-14 22:22:27.480052 November: X-ray and Hotel, sending you 4
2024-10-14 22:22:27.481670 Lima: X-ray and Hotel, sending you 2
2024-10-14 22:22:27.482169 Sierra: Lima and Juliett, sending you 3
2024-10-14 22:22:27.482666 Juliett: Lima and Sierra, sending you 4
2024-10-14 22:22:27.483692 Alpha: Kilo and Juliett, sending you 4
2024-10-14 22:22:27.484147 Hotel: Victor, sending you 6
2024-10-14 22:22:27.484676 November: India, sending you 2
2024-10-14 22:22:27.484946 Lima: November, Victor and Sierra, sending you 3
2024-10-14 22:22:27.485163 Sierra: X-ray and Victor, sending you 2
2024-10-14 22:22:27.486048 India: Lima, Victor and Sierra, sending you 2
2024-10-14 22:22:27.486671 Juliett: X-ray and November, sending you 2
2024-10-14 22:22:27.487652 Alpha: Victor, sending you 2
2024-10-14 22:22:27.488680 Lima: India, sending you 1
2024-10-14 22:22:27.489135 Sierra: November and Hotel, sending you 1
2024-10-14 22:22:27.489691 India: X-ray, sending you 3
2024-10-14 22:22:27.490679 Kilo: X-ray, sending you 3
2024-10-14 22:22:27.491671 Juliett: India and Victor, sending you 1
2024-10-14 22:22:27.494732 India: November and Juliett, sending you 1
2024-10-14 22:22:27.495178 Kilo: Victor, sending you 6
2024-10-14 22:22:27.495728 Juliett: Hotel, sending you 5
chatterbot Lima submitting transactions
chatterbot Victor submitting transactions
chatterbot November submitting transactions
chatterbot Alpha submitting transactions
chatterbot Sierra submitting transactions
chatterbot Kilo submitting transactions
chatterbot X-ray submitting transactions
chatterbot Hotel submitting transactions
chatterbot India submitting transactions
chatterbot Juliett submitting transactions
ChatterBot Lima round 2
ChatterBot X-ray round 2
ChatterBot November round 2
ChatterBot Kilo round 2
ChatterBot India round 2
ChatterBot Victor round 2
ChatterBot Hotel round 2
ChatterBot Sierra round 2
ChatterBot Alpha round 2
ChatterBot Juliett round 2
2024-10-14 22:22:29.975798 Hotel: Group up?
ChatterBot Lima reevaluating
ChatterBot November reevaluating
ChatterBot India reevaluating
ChatterBot Sierra reevaluating
ChatterBot Juliett reevaluating
ChatterBot Alpha reevaluating
2024-10-14 22:22:29.997169 Lima: Yes
2024-10-14 22:22:29.997495 November: Yes
2024-10-14 22:22:29.997735 India: Yes
2024-10-14 22:22:29.997957 Sierra: No
2024-10-14 22:22:29.998564 Juliett: Yes
2024-10-14 22:22:29.998901 Alpha: No
ChatterBot November reevaluating
ChatterBot India reevaluating
ChatterBot Sierra reevaluating
ChatterBot Juliett reevaluating
ChatterBot Alpha reevaluating
ChatterBot Lima reevaluating
ChatterBot India reevaluating
ChatterBot Sierra reevaluating
ChatterBot Juliett reevaluating
ChatterBot Alpha reevaluating
ChatterBot Lima reevaluating
ChatterBot November reevaluating
ChatterBot Sierra reevaluating
ChatterBot Juliett reevaluating
ChatterBot Alpha reevaluating
ChatterBot Lima reevaluating
ChatterBot November reevaluating
ChatterBot India reevaluating
ChatterBot Juliett reevaluating
ChatterBot Alpha reevaluating
ChatterBot Lima reevaluating
2024-10-14 22:22:30.088407 November: We should group up
ChatterBot November reevaluating
ChatterBot India reevaluating
ChatterBot Sierra reevaluating
ChatterBot Alpha reevaluating
ChatterBot Lima reevaluating
ChatterBot November reevaluating
ChatterBot India reevaluating
ChatterBot Sierra reevaluating
ChatterBot Juliett reevaluating
ChatterBot Lima reevaluating
ChatterBot India reevaluating
ChatterBot Sierra reevaluating
ChatterBot Juliett reevaluating
ChatterBot Alpha reevaluating
2024-10-14 22:22:30.146321 Hotel: Yes
2024-10-14 22:22:30.146497 Lima: Yes
2024-10-14 22:22:30.146628 India: Yes
2024-10-14 22:22:30.147014 Sierra: Yes
2024-10-14 22:22:30.147134 Juliett: Yes
2024-10-14 22:22:30.147724 Alpha: Yes
ChatterBot Lima reevaluating
ChatterBot November reevaluating
ChatterBot India reevaluating
ChatterBot Sierra reevaluating
ChatterBot Juliett reevaluating
ChatterBot Alpha reevaluating
ChatterBot November reevaluating
ChatterBot India reevaluating
ChatterBot Sierra reevaluating
ChatterBot Juliett reevaluating
ChatterBot Alpha reevaluating
ChatterBot Lima reevaluating
ChatterBot November reevaluating
ChatterBot Sierra reevaluating
ChatterBot Juliett reevaluating
ChatterBot Alpha reevaluating
ChatterBot Lima reevaluating
ChatterBot November reevaluating
ChatterBot India reevaluating
ChatterBot Juliett reevaluating
ChatterBot Alpha reevaluating
ChatterBot Lima reevaluating
ChatterBot November reevaluating
ChatterBot India reevaluating
ChatterBot Sierra reevaluating
ChatterBot Alpha reevaluating
ChatterBot Lima reevaluating
ChatterBot November reevaluating
ChatterBot India reevaluating
ChatterBot Sierra reevaluating
ChatterBot Juliett reevaluating
2024-10-14 22:22:30.270723 Kilo: We should add Alpha
ChatterBot Victor reevaluating
2024-10-14 22:22:30.276561 X-ray: No
2024-10-14 22:22:30.276731 Victor: Yes
ChatterBot Victor reevaluating
2024-10-14 22:22:30.289129 Victor: Friends?
ChatterBot Alpha reevaluating
ChatterBot Lima reevaluating
ChatterBot November reevaluating
ChatterBot India reevaluating
ChatterBot Sierra reevaluating
ChatterBot Juliett reevaluating
2024-10-14 22:22:30.314931 X-ray: No
2024-10-14 22:22:30.315083 Kilo: No
2024-10-14 22:22:30.315204 Alpha: No
2024-10-14 22:22:30.315320 Lima: No
2024-10-14 22:22:30.315865 November: No
2024-10-14 22:22:30.315969 India: No
2024-10-14 22:22:30.316069 Hotel: No
2024-10-14 22:22:30.316183 Sierra: No
2024-10-14 22:22:30.316276 Juliett: No
ChatterBot Victor reevaluating
ChatterBot Alpha reevaluating
ChatterBot Lima reevaluating
ChatterBot November reevaluating
ChatterBot India reevaluating
ChatterBot Sierra reevaluating
ChatterBot Juliett reevaluating
ChatterBot Victor reevaluating
ChatterBot Alpha reevaluating
ChatterBot Lima reevaluating
ChatterBot November reevaluating
ChatterBot India reevaluating
ChatterBot Sierra reevaluating
ChatterBot Juliett reevaluating
ChatterBot Victor reevaluating
ChatterBot Lima reevaluating
ChatterBot November reevaluating
ChatterBot India reevaluating
ChatterBot Sierra reevaluating
ChatterBot Juliett reevaluating
ChatterBot Victor reevaluating
ChatterBot Alpha reevaluating
ChatterBot November reevaluating
ChatterBot India reevaluating
ChatterBot Sierra reevaluating
ChatterBot Juliett reevaluating
ChatterBot Victor reevaluating
ChatterBot Alpha reevaluating
ChatterBot Lima reevaluating
ChatterBot India reevaluating
ChatterBot Sierra reevaluating
ChatterBot Juliett reevaluating
ChatterBot Victor reevaluating
ChatterBot Alpha reevaluating
ChatterBot Lima reevaluating
ChatterBot November reevaluating
ChatterBot Sierra reevaluating
ChatterBot Juliett reevaluating
ChatterBot Victor reevaluating
ChatterBot Alpha reevaluating
ChatterBot Lima reevaluating
ChatterBot November reevaluating
ChatterBot India reevaluating
ChatterBot Sierra reevaluating
ChatterBot Juliett reevaluating
ChatterBot Victor reevaluating
ChatterBot Alpha reevaluating
ChatterBot Lima reevaluating
ChatterBot November reevaluating
ChatterBot India reevaluating
ChatterBot Juliett reevaluating
ChatterBot Victor reevaluating
ChatterBot Alpha reevaluating
ChatterBot Lima reevaluating
ChatterBot November reevaluating
ChatterBot India reevaluating
ChatterBot Sierra reevaluating
2024-10-14 22:22:30.647036 Kilo: Alpha we want you to join our group
2024-10-14 22:22:30.651917 Alpha: No
ChatterBot Victor reevaluating
2024-10-14 22:22:30.668525 November: We should drop X-ray and Victor
2024-10-14 22:22:30.686163 Lima: Yes
2024-10-14 22:22:30.686376 India: Yes
2024-10-14 22:22:30.686585 Hotel: Yes
2024-10-14 22:22:30.686809 Sierra: Yes
2024-10-14 22:22:30.687019 Juliett: Yes
ChatterBot November reevaluating
ChatterBot November reevaluating
ChatterBot November reevaluating
ChatterBot November reevaluating
ChatterBot November reevaluating
chatterbot X-ray submitting transactions
2024-10-14 22:22:30.888542 Victor: Alpha and Hotel we want you to join our group
2024-10-14 22:22:30.894412 Alpha: No
2024-10-14 22:22:30.894908 Hotel: No
ChatterBot Victor reevaluating
ChatterBot Victor reevaluating
2024-10-14 22:22:30.917581 X-ray: Kilo, sending you 6
2024-10-14 22:22:30.918478 Hotel: Lima and Alpha, sending you 3
2024-10-14 22:22:30.935443 India: Lima and Juliett, sending you 2
2024-10-14 22:22:30.935933 Lima: November, India, Alpha and Juliett, sending you 2
2024-10-14 22:22:30.936349 Alpha: Lima, sending you 4
2024-10-14 22:22:30.937252 Sierra: Lima, sending you 3
2024-10-14 22:22:30.937734 Juliett: Lima, sending you 2
2024-10-14 22:22:30.938155 Kilo: X-ray, sending you 4
2024-10-14 22:22:30.939064 X-ray: Victor, sending you 8
2024-10-14 22:22:30.939402 Hotel: November and Juliett, sending you 4
2024-10-14 22:22:30.940569 Lima: Sierra, sending you 3
2024-10-14 22:22:30.941082 India: November, sending you 4
2024-10-14 22:22:30.942008 Alpha: November, India, Hotel, Sierra and Juliett, sending you 3
2024-10-14 22:22:30.942468 Sierra: November, India, Hotel and Juliett, sending you 2
2024-10-14 22:22:30.943342 Kilo: Victor, sending you 3
2024-10-14 22:22:30.943637 Juliett: November and Sierra, sending you 4
2024-10-14 22:22:30.944053 Hotel: India, sending you 1
2024-10-14 22:22:30.949900 India: Hotel, sending you 6
2024-10-14 22:22:30.950569 Kilo: Alpha, sending you 2
2024-10-14 22:22:30.951383 Juliett: India, sending you 3
2024-10-14 22:22:30.951863 Hotel: Sierra, sending you 2
2024-10-14 22:22:30.953059 India: Sierra and Alpha, sending you 1
2024-10-14 22:22:30.967761 Juliett: Hotel, sending you 1
2024-10-14 22:22:30.969101 November: Lima, Hotel and Juliett, sending you 4
2024-10-14 22:22:30.980647 November: India and Sierra, sending you 2
2024-10-14 22:22:30.981495 Juliett: Alpha, sending you 5
2024-10-14 22:22:30.982063 Victor: X-ray, sending you 4
2024-10-14 22:22:31.009728 Victor: Kilo and Hotel, sending you 3
2024-10-14 22:22:31.025086 Victor: Alpha, sending you 2
chatterbot Lima submitting transactions
chatterbot Alpha submitting transactions
chatterbot Victor submitting transactions
chatterbot Juliett submitting transactions
chatterbot India submitting transactions
chatterbot Hotel submitting transactions
chatterbot Kilo submitting transactions
chatterbot Sierra submitting transactions
chatterbot November submitting transactions
ChatterBot Lima round 3
ChatterBot X-ray round 3
ChatterBot November round 3
ChatterBot Kilo round 3
ChatterBot India round 3
ChatterBot Victor round 3
ChatterBot Hotel round 3
ChatterBot Sierra round 3
2024-10-14 22:22:32.236952 November: We should add Alpha
ChatterBot Lima reevaluating
ChatterBot Hotel reevaluating
ChatterBot Sierra reevaluating
2024-10-14 22:22:32.251546 Lima: Yes
2024-10-14 22:22:32.251798 India: Yes
2024-10-14 22:22:32.251947 Hotel: Yes
2024-10-14 22:22:32.252101 Sierra: Yes
2024-10-14 22:22:32.252746 Juliett: Yes
ChatterBot Hotel reevaluating
ChatterBot Sierra reevaluating
ChatterBot Lima reevaluating
ChatterBot Hotel reevaluating
ChatterBot Sierra reevaluating
ChatterBot Lima reevaluating
ChatterBot Sierra reevaluating
ChatterBot Lima reevaluating
ChatterBot Hotel reevaluating
ChatterBot Lima reevaluating
ChatterBot Hotel reevaluating
ChatterBot Sierra reevaluating
ChatterBot Alpha round 3
ChatterBot Juliett round 3
2024-10-14 22:22:32.343960 November: Alpha we want you to join our group
ChatterBot Alpha reevaluating
2024-10-14 22:22:32.347955 Alpha: Yes
ChatterBot Hotel reevaluating
ChatterBot Lima reevaluating
ChatterBot Sierra reevaluating
ChatterBot Juliett reevaluating
2024-10-14 22:22:32.372213 Kilo: We should drop Alpha
ChatterBot Victor reevaluating
2024-10-14 22:22:32.378384 X-ray: Yes
2024-10-14 22:22:32.378941 Victor: Yes
ChatterBot Victor reevaluating
ChatterBot Kilo reevaluating
ChatterBot Kilo reevaluating
2024-10-14 22:22:32.433627 India: Lima, November, Hotel and Juliett, sending you 3
2024-10-14 22:22:32.434283 X-ray: Kilo, sending you 7
2024-10-14 22:22:32.471303 Hotel: Lima and Sierra, sending you 2
2024-10-14 22:22:32.472378 November: Lima and India, sending you 3
2024-10-14 22:22:32.472970 X-ray: Victor, sending you 8
2024-10-14 22:22:32.473235 Juliett: Lima, sending you 2
2024-10-14 22:22:32.474109 Sierra: Lima, sending you 3
2024-10-14 22:22:32.474539 India: Sierra and Alpha, sending you 2
2024-10-14 22:22:32.475018 Alpha: Lima, sending you 4
2024-10-14 22:22:32.475940 Lima: November, India, Hotel, Alpha and Juliett, sending you 2
2024-10-14 22:22:32.476479 Hotel: November, sending you 4
2024-10-14 22:22:32.505659 Juliett: November and Alpha, sending you 4
2024-10-14 22:22:32.506146 November: Hotel and Juliett, sending you 4
2024-10-14 22:22:32.507128 Sierra: November, India, Hotel and Juliett, sending you 2
2024-10-14 22:22:32.507515 Lima: Sierra, sending you 3
2024-10-14 22:22:32.507930 Alpha: November, sending you 1
2024-10-14 22:22:32.510726 Victor: Lima, India, Hotel, Sierra, Alpha and Juliett, sending you 1
2024-10-14 22:22:32.511278 Hotel: India, Alpha and Juliett, sending you 3
2024-10-14 22:22:32.512374 Juliett: India, Hotel and Sierra, sending you 3
2024-10-14 22:22:32.512881 November: Sierra and Alpha, sending you 2
2024-10-14 22:22:32.514279 Sierra: Alpha, sending you 1
2024-10-14 22:22:32.514853 Victor: X-ray, sending you 4
2024-10-14 22:22:32.604735 Alpha: India, sending you 2
2024-10-14 22:22:32.605533 Kilo: X-ray, sending you 5
2024-10-14 22:22:32.605969 Victor: Kilo, sending you 2
chatterbot India submitting transactions
2024-10-14 22:22:32.608754 Alpha: Hotel, sending you 5
2024-10-14 22:22:32.613166 Kilo: Victor, sending you 4
2024-10-14 22:22:32.632751 Alpha: Juliett, sending you 7
chatterbot November submitting transactions
chatterbot Lima submitting transactions
chatterbot Kilo submitting transactions
chatterbot Sierra submitting transactions
chatterbot Juliett submitting transactions
chatterbot Victor submitting transactions
chatterbot X-ray submitting transactions
chatterbot Alpha submitting transactions
chatterbot Hotel submitting transactions
ChatterBot Lima round 4
ChatterBot X-ray round 4
ChatterBot November round 4
ChatterBot Kilo round 4
ChatterBot India round 4
ChatterBot Victor round 4
ChatterBot Hotel round 4
ChatterBot Sierra round 4
ChatterBot Alpha round 4
ChatterBot Juliett round 4
2024-10-14 22:22:33.806811 Hotel: Lima and Sierra, sending you 2
2024-10-14 22:22:33.807872 November: Lima, India and Sierra, sending you 3
2024-10-14 22:22:33.808451 Kilo: X-ray, sending you 6
2024-10-14 22:22:33.808746 Juliett: Lima, sending you 2
2024-10-14 22:22:33.809716 X-ray: Sending you each 8
2024-10-14 22:22:33.810026 Alpha: Lima, sending you 3
2024-10-14 22:22:33.810417 Lima: Sending you each 2
2024-10-14 22:22:33.811439 India: Lima, November, Hotel and Juliett, sending you 3
2024-10-14 22:22:33.811976 Kilo: Victor, sending you 3
2024-10-14 22:22:33.823667 Hotel: November, sending you 4
2024-10-14 22:22:33.824239 November: Hotel and Juliett, sending you 4
2024-10-14 22:22:33.825419 Juliett: November and Alpha, sending you 4
2024-10-14 22:22:33.825986 Alpha: November and India, sending you 2
2024-10-14 22:22:33.826420 Victor: X-ray, sending you 7
2024-10-14 22:22:33.827264 Sierra: Lima and Hotel, sending you 3
2024-10-14 22:22:33.827906 India: Sierra and Alpha, sending you 2
2024-10-14 22:22:33.828894 Hotel: India, Alpha and Juliett, sending you 3
2024-10-14 22:22:33.829382 Juliett: India, Hotel and Sierra, sending you 3
2024-10-14 22:22:33.830440 November: Alpha, sending you 2
2024-10-14 22:22:33.830872 Alpha: Hotel, sending you 4
2024-10-14 22:22:33.831908 Victor: Kilo, sending you 5
2024-10-14 22:22:33.832258 Sierra: November, India and Juliett, sending you 2
2024-10-14 22:22:33.846744 Alpha: Sierra, sending you 1
2024-10-14 22:22:33.854042 Alpha: Juliett, sending you 7
chatterbot Alpha submitting transactions
chatterbot Lima submitting transactions
chatterbot November submitting transactions
chatterbot India submitting transactions
chatterbot Sierra submitting transactions
chatterbot Juliett submitting transactions
chatterbot Kilo submitting transactions
chatterbot Hotel submitting transactions
chatterbot X-ray submitting transactions
chatterbot Victor submitting transactions
ChatterBot Lima round 5
ChatterBot X-ray round 5
ChatterBot November round 5
ChatterBot Kilo round 5
ChatterBot India round 5
ChatterBot Victor round 5
ChatterBot Hotel round 5
ChatterBot Sierra round 5
ChatterBot Alpha round 5
ChatterBot Juliett round 5
2024-10-14 22:22:35.022117 Lima: Same as last round
2024-10-14 22:22:35.022942 Alpha: Lima and India, sending you 3
2024-10-14 22:22:35.024755 India: Lima, November, Hotel and Juliett, sending you 3
2024-10-14 22:22:35.025700 Kilo: X-ray, sending you 5
2024-10-14 22:22:35.026671 Alpha: November, sending you 2
2024-10-14 22:22:35.027844 India: Sierra and Alpha, sending you 2
2024-10-14 22:22:35.028649 Kilo: Victor, sending you 4
2024-10-14 22:22:35.029737 November: Lima, India and Sierra, sending you 3
2024-10-14 22:22:35.030323 Hotel: Lima, sending you 2
2024-10-14 22:22:35.030909 Juliett: Lima, November, India, Hotel and Sierra, sending you 3
2024-10-14 22:22:35.032670 Alpha: Hotel, sending you 4
2024-10-14 22:22:35.033667 November: Hotel and Juliett, sending you 4
2024-10-14 22:22:35.034632 Juliett: Alpha, sending you 4
2024-10-14 22:22:35.035182 X-ray: Same as last round
2024-10-14 22:22:35.035460 Victor: Lima, India, Hotel, Sierra, Alpha and Juliett, sending you 1
2024-10-14 22:22:35.036005 Hotel: November, India, Sierra, Alpha and Juliett, sending you 3
2024-10-14 22:22:35.036571 Sierra: Lima and Hotel, sending you 3
2024-10-14 22:22:35.037540 Alpha: Sierra, sending you 1
2024-10-14 22:22:35.038067 November: Alpha, sending you 2
2024-10-14 22:22:35.038676 Victor: X-ray, sending you 4
2024-10-14 22:22:35.039871 Sierra: November, India and Juliett, sending you 2
2024-10-14 22:22:35.041674 Alpha: Juliett, sending you 6
2024-10-14 22:22:35.042927 Victor: Kilo, sending you 2
2024-10-14 22:22:35.043391 Sierra: Alpha, sending you 1
chatterbot Kilo submitting transactions
chatterbot Sierra submitting transactions
chatterbot Juliett submitting transactions
chatterbot India submitting transactions
chatterbot X-ray submitting transactions
chatterbot Lima submitting transactions
chatterbot Hotel submitting transactions
chatterbot November submitting transactions
chatterbot Victor submitting transactions
chatterbot Alpha submitting transactions
ChatterBot Lima round 6
ChatterBot X-ray round 6
ChatterBot November round 6
ChatterBot Kilo round 6
ChatterBot India round 6
ChatterBot Victor round 6
ChatterBot Hotel round 6
ChatterBot Sierra round 6
ChatterBot Alpha round 6
ChatterBot Juliett round 6
2024-10-14 22:22:36.265693 Lima: November, India, Sierra, Alpha and Juliett, sending you 2
2024-10-14 22:22:36.267228 Hotel: Lima, sending you 2
2024-10-14 22:22:36.269679 X-ray: Sending you each 6
2024-10-14 22:22:36.270693 November: Lima, India and Sierra, sending you 3
2024-10-14 22:22:36.272061 Lima: Hotel, sending you 1
2024-10-14 22:22:36.272891 Hotel: November, India, Sierra, Alpha and Juliett, sending you 3
2024-10-14 22:22:36.274056 Alpha: Lima, November, India and Sierra, sending you 1
2024-10-14 22:22:36.274893 Kilo: X-ray, sending you 6
2024-10-14 22:22:36.275787 Victor: Lima, India, Hotel and Sierra, sending you 1
2024-10-14 22:22:36.276867 November: Hotel and Juliett, sending you 4
2024-10-14 22:22:36.277937 Sierra: Lima, Hotel and Juliett, sending you 3
2024-10-14 22:22:36.278498 Alpha: Hotel and Juliett, sending you 2
2024-10-14 22:22:36.279504 India: Lima, November, Hotel and Juliett, sending you 3
2024-10-14 22:22:36.280829 Kilo: Victor, sending you 3
2024-10-14 22:22:36.281187 Victor: X-ray, sending you 5
2024-10-14 22:22:36.281868 November: Alpha, sending you 2
2024-10-14 22:22:36.283824 Sierra: November and India, sending you 2
2024-10-14 22:22:36.284906 India: Sierra and Alpha, sending you 2
2024-10-14 22:22:36.286264 Victor: Kilo, sending you 3
2024-10-14 22:22:36.290049 Sierra: Alpha, sending you 1
2024-10-14 22:22:36.291111 Juliett: Lima, November, India, Hotel and Sierra, sending you 3
2024-10-14 22:22:36.296661 Juliett: Alpha, sending you 4
chatterbot Kilo submitting transactions
chatterbot Sierra submitting transactions
chatterbot X-ray submitting transactions
chatterbot Lima submitting transactions
chatterbot India submitting transactions
chatterbot Victor submitting transactions
chatterbot Juliett submitting transactions
chatterbot Alpha submitting transactions
chatterbot Hotel submitting transactions
chatterbot November submitting transactions
ChatterBot Lima round 7
ChatterBot X-ray round 7
ChatterBot November round 7
ChatterBot Kilo round 7
ChatterBot India round 7
ChatterBot Victor round 7
ChatterBot Hotel round 7
ChatterBot Sierra round 7
ChatterBot Alpha round 7
ChatterBot Juliett round 7
2024-10-14 22:22:37.445932 Lima: Sending you each 2
2024-10-14 22:22:37.451654 Victor: Lima, sending you 1
2024-10-14 22:22:37.454682 Victor: X-ray, sending you 4
2024-10-14 22:22:37.457099 India: Lima, November, Sierra and Alpha, sending you 2
2024-10-14 22:22:37.458349 Victor: Kilo, sending you 2
2024-10-14 22:22:37.458829 Victor: I was attacked by Alpha
ChatterBot X-ray reevaluating
ChatterBot Kilo reevaluating
ChatterBot Lima reevaluating
2024-10-14 22:22:37.472610 Victor: Ow
2024-10-14 22:22:37.473440 Alpha: Lima, sending you 3
2024-10-14 22:22:37.474286 November: Lima and India, sending you 3
2024-10-14 22:22:37.475797 India: Hotel and Juliett, sending you 3
2024-10-14 22:22:37.477649 Alpha: November and India, sending you 2
2024-10-14 22:22:37.480663 November: Hotel and Juliett, sending you 4
2024-10-14 22:22:37.481383 Sierra: Lima and Hotel, sending you 3
2024-10-14 22:22:37.482398 Hotel: Lima, sending you 2
2024-10-14 22:22:37.482995 Juliett: Lima, November, India, Hotel and Sierra, sending you 3
2024-10-14 22:22:37.483663 Alpha: Hotel, sending you 4
2024-10-14 22:22:37.484946 November: Sierra, sending you 2
2024-10-14 22:22:37.486690 Sierra: November, India and Juliett, sending you 2
2024-10-14 22:22:37.488196 Juliett: Alpha, sending you 4
2024-10-14 22:22:37.489143 Juliett: I was attacked by X-ray
ChatterBot Lima reevaluating
2024-10-14 22:22:37.514607 Juliett: Ow
2024-10-14 22:22:37.515210 Hotel: November, India, Sierra, Alpha and Juliett, sending you 3
2024-10-14 22:22:37.516578 Alpha: Sierra, sending you 1
2024-10-14 22:22:37.517442 November: Alpha, sending you 1
2024-10-14 22:22:37.518715 Sierra: Alpha, sending you 1
2024-10-14 22:22:37.519672 Alpha: Juliett, sending you 6
2024-10-14 22:22:37.521695 Kilo: X-ray, sending you 6
2024-10-14 22:22:37.523667 X-ray: Sending you each 8
2024-10-14 22:22:37.526648 Kilo: Victor, sending you 3
chatterbot India submitting transactions
chatterbot Juliett submitting transactions
chatterbot Alpha submitting transactions
chatterbot Hotel submitting transactions
chatterbot Lima submitting transactions
chatterbot X-ray submitting transactions
chatterbot November submitting transactions
chatterbot Victor submitting transactions
chatterbot Sierra submitting transactions
chatterbot Kilo submitting transactions
ChatterBot Lima round 8
ChatterBot X-ray round 8
ChatterBot November round 8
ChatterBot Kilo round 8
ChatterBot India round 8
ChatterBot Victor round 8
ChatterBot Hotel round 8
ChatterBot Sierra round 8
ChatterBot Alpha round 8
ChatterBot Juliett round 8
2024-10-14 22:22:38.607474 Victor: We should replace Lima with India
2024-10-14 22:22:38.613513 X-ray: No
2024-10-14 22:22:38.613676 Kilo: No
ChatterBot Victor reevaluating
ChatterBot Victor reevaluating
2024-10-14 22:22:38.671194 X-ray: I was attacked by November, India and Alpha
ChatterBot Victor reevaluating
ChatterBot Kilo reevaluating
2024-10-14 22:22:38.681076 X-ray: Ow
2024-10-14 22:22:38.683379 Victor: We should replace Lima with Sierra
ChatterBot Kilo reevaluating
2024-10-14 22:22:38.689195 X-ray: No
2024-10-14 22:22:38.689308 Kilo: No
ChatterBot Victor reevaluating
ChatterBot Kilo reevaluating
ChatterBot Victor reevaluating
2024-10-14 22:22:38.701646 November: Lima, Sierra and Alpha, sending you 2
2024-10-14 22:22:38.704132 Lima: Same as last round
2024-10-14 22:22:38.706719 Juliett: Lima, November, India, Hotel and Sierra, sending you 3
2024-10-14 22:22:38.709373 Alpha: Lima, sending you 3
2024-10-14 22:22:38.711946 India: Sending you each 2
2024-10-14 22:22:38.715440 Victor: Sierra we want you to join our group
2024-10-14 22:22:38.720389 Sierra: No
ChatterBot Victor reevaluating
ChatterBot Kilo reevaluating
2024-10-14 22:22:38.767395 November: India, Hotel and Juliett, sending you 3
2024-10-14 22:22:38.770410 Sierra: Lima and Hotel, sending you 3
2024-10-14 22:22:38.777599 Hotel: I was attacked by Victor
ChatterBot Lima reevaluating
ChatterBot November reevaluating
ChatterBot India reevaluating
ChatterBot Sierra reevaluating
ChatterBot Juliett reevaluating
ChatterBot Alpha reevaluating
2024-10-14 22:22:38.893132 Hotel: I'm keeping this round to protect myself
2024-10-14 22:22:38.898015 Hotel: Ow
2024-10-14 22:22:38.932463 Kilo: X-ray, sending you 6
2024-10-14 22:22:38.978739 Kilo: Victor, sending you 3
2024-10-14 22:22:38.983091 Victor: X-ray, sending you 4
2024-10-14 22:22:38.986694 Victor: Kilo, sending you 2
2024-10-14 22:22:38.994877 Victor: Sierra, sending you 1
chatterbot X-ray submitting transactions
chatterbot Alpha submitting transactions
chatterbot November submitting transactions
chatterbot Hotel submitting transactions
chatterbot Lima submitting transactions
chatterbot Juliett submitting transactions
chatterbot Kilo submitting transactions
chatterbot Victor submitting transactions
chatterbot India submitting transactions
chatterbot Sierra submitting transactions
ChatterBot Lima round 9
ChatterBot X-ray round 9
ChatterBot November round 9
ChatterBot Kilo round 9
ChatterBot India round 9
ChatterBot Victor round 9
ChatterBot Hotel round 9
ChatterBot Sierra round 9
ChatterBot Alpha round 9
ChatterBot Juliett round 9
2024-10-14 22:22:40.012747 Victor: We should replace Sierra with Hotel
2024-10-14 22:22:40.018138 X-ray: No
2024-10-14 22:22:40.018280 Kilo: No
ChatterBot Victor reevaluating
ChatterBot Victor reevaluating
2024-10-14 22:22:40.062410 X-ray: I was attacked by November, India and Alpha
ChatterBot Victor reevaluating
ChatterBot Kilo reevaluating
2024-10-14 22:22:40.071969 X-ray: I'm keeping this round to protect myself
2024-10-14 22:22:40.072778 X-ray: Ow
2024-10-14 22:22:40.073517 Victor: We should replace Sierra with November
ChatterBot Kilo reevaluating
2024-10-14 22:22:40.082025 X-ray: No
2024-10-14 22:22:40.082187 Kilo: No
ChatterBot Victor reevaluating
ChatterBot Kilo reevaluating
ChatterBot Victor reevaluating
2024-10-14 22:22:40.099359 India: November and Juliett, sending you 1
2024-10-14 22:22:40.101319 Hotel: Lima, sending you 2
2024-10-14 22:22:40.102746 November: Lima, India, Hotel and Sierra, sending you 3
2024-10-14 22:22:40.104333 Lima: November, India, Sierra, Alpha and Juliett, sending you 2
2024-10-14 22:22:40.105908 Victor: We should replace Sierra with Lima
ChatterBot Kilo reevaluating
2024-10-14 22:22:40.114845 X-ray: No
2024-10-14 22:22:40.115060 Kilo: No
ChatterBot Victor reevaluating
ChatterBot Kilo reevaluating
ChatterBot Victor reevaluating
2024-10-14 22:22:40.130727 Hotel: November, India, Sierra, Alpha and Juliett, sending you 3
2024-10-14 22:22:40.132282 November: Alpha, sending you 2
2024-10-14 22:22:40.133642 Lima: Hotel, sending you 1
2024-10-14 22:22:40.135104 Juliett: Lima, November, India, Hotel and Sierra, sending you 3
2024-10-14 22:22:40.145032 November: Juliett, sending you 4
2024-10-14 22:22:40.147631 Juliett: Alpha, sending you 4
2024-10-14 22:22:40.149374 Juliett: I was attacked by X-ray and Victor
ChatterBot Hotel reevaluating
ChatterBot Lima reevaluating
ChatterBot November reevaluating
ChatterBot India reevaluating
ChatterBot Sierra reevaluating
ChatterBot Alpha reevaluating
2024-10-14 22:22:40.286273 Juliett: Ow
2024-10-14 22:22:40.302140 Victor: Hotel we want you to join our group
ChatterBot Hotel reevaluating
2024-10-14 22:22:40.311220 Hotel: No
ChatterBot Victor reevaluating
2024-10-14 22:22:40.329206 Victor: We should replace Sierra with India
2024-10-14 22:22:40.339368 X-ray: No
2024-10-14 22:22:40.339639 Kilo: No
ChatterBot Victor reevaluating
ChatterBot Victor reevaluating
2024-10-14 22:22:40.452040 Kilo: X-ray, sending you 6
2024-10-14 22:22:40.453446 Victor: November we want you to join our group
ChatterBot November reevaluating
2024-10-14 22:22:40.460193 November: No
ChatterBot Victor reevaluating
2024-10-14 22:22:40.474936 Kilo: Victor, sending you 3
2024-10-14 22:22:40.476570 Hotel: Lima, India, Sierra, Alpha and Juliett, sending you 2
2024-10-14 22:22:40.586779 Hotel: November, sending you 4
2024-10-14 22:22:40.690483 Victor: X-ray, sending you 6
chatterbot India submitting transactions
2024-10-14 22:22:40.714107 Victor: Kilo, sending you 4
chatterbot X-ray submitting transactions
2024-10-14 22:22:40.724388 Victor: Sierra, sending you 2
chatterbot Victor submitting transactions
chatterbot Alpha submitting transactions
chatterbot Kilo submitting transactions
chatterbot Hotel submitting transactions
chatterbot Sierra submitting transactions
chatterbot Juliett submitting transactions
chatterbot Lima submitting transactions
chatterbot November submitting transactions
ChatterBot Lima round 10
ChatterBot X-ray round 10
ChatterBot November round 10
ChatterBot Kilo round 10
ChatterBot India round 10
ChatterBot Victor round 10
ChatterBot Hotel round 10
ChatterBot Sierra round 10
ChatterBot Alpha round 10
ChatterBot Juliett round 10
2024-10-14 22:22:41.393113 Victor: We should replace Sierra with November
2024-10-14 22:22:41.398229 X-ray: No
2024-10-14 22:22:41.398401 Kilo: No
ChatterBot Victor reevaluating
ChatterBot Victor reevaluating
2024-10-14 22:22:41.426685 X-ray: I was attacked by India and Alpha
ChatterBot Victor reevaluating
ChatterBot Kilo reevaluating
2024-10-14 22:22:41.432920 X-ray: I'm keeping this round to protect myself
2024-10-14 22:22:41.433593 X-ray: Ow
2024-10-14 22:22:41.434044 Victor: We should replace Sierra with India
ChatterBot Kilo reevaluating
2024-10-14 22:22:41.439462 X-ray: No
2024-10-14 22:22:41.439585 Kilo: No
ChatterBot Victor reevaluating
ChatterBot Kilo reevaluating
ChatterBot Victor reevaluating
2024-10-14 22:22:41.450083 Hotel: Lima and India, sending you 2
2024-10-14 22:22:41.450906 November: Lima, India and Sierra, sending you 3
2024-10-14 22:22:41.452697 India: Lima, November, Hotel, Sierra and Juliett, sending you 3
2024-10-14 22:22:41.455186 Hotel: November, sending you 4
2024-10-14 22:22:41.457067 November: Hotel and Juliett, sending you 4
2024-10-14 22:22:41.458837 Lima: Sending you each 2
2024-10-14 22:22:41.460046 Juliett: Lima, November, India, Hotel and Sierra, sending you 3
2024-10-14 22:22:41.461399 India: Alpha, sending you 1
2024-10-14 22:22:41.463092 Hotel: Sierra, Alpha and Juliett, sending you 3
2024-10-14 22:22:41.464328 Victor: November we want you to join our group
2024-10-14 22:22:41.469222 November: No
ChatterBot Victor reevaluating
2024-10-14 22:22:41.481846 November: Alpha, sending you 2
2024-10-14 22:22:41.483187 Juliett: Alpha, sending you 4
2024-10-14 22:22:41.488988 Kilo: X-ray, sending you 5
2024-10-14 22:22:41.493661 Kilo: Victor, sending you 4
2024-10-14 22:22:41.501657 Victor: X-ray and Kilo, sending you 3
2024-10-14 22:22:41.505690 Victor: Sierra, sending you 1
chatterbot November submitting transactions
chatterbot India submitting transactions
chatterbot X-ray submitting transactions
chatterbot Sierra submitting transactions
chatterbot Alpha submitting transactions
chatterbot Kilo submitting transactions
chatterbot Juliett submitting transactions
chatterbot Victor submitting transactions
chatterbot Lima submitting transactions
chatterbot Hotel submitting transactions
ChatterBot Lima round 11
ChatterBot X-ray round 11
ChatterBot November round 11
ChatterBot Kilo round 11
ChatterBot India round 11
ChatterBot Victor round 11
ChatterBot Hotel round 11
ChatterBot Sierra round 11
ChatterBot Alpha round 11
ChatterBot Juliett round 11
2024-10-14 22:22:42.724726 Victor: We should replace Sierra with Lima
2024-10-14 22:22:42.732848 X-ray: No
2024-10-14 22:22:42.733158 Kilo: No
2024-10-14 22:22:42.758767 Victor: Lima we want you to join our group
2024-10-14 22:22:42.762246 Lima: No
2024-10-14 22:22:42.771237 Kilo: I was attacked by Alpha
ChatterBot X-ray reevaluating
ChatterBot Victor reevaluating
2024-10-14 22:22:42.778089 Kilo: I'm keeping this round to protect myself
2024-10-14 22:22:42.779567 Kilo: Ow
2024-10-14 22:22:42.780175 November: I was attacked by Victor
ChatterBot Hotel reevaluating
ChatterBot Lima reevaluating
ChatterBot India reevaluating
ChatterBot Sierra reevaluating
ChatterBot Juliett reevaluating
ChatterBot Alpha reevaluating
2024-10-14 22:22:42.801309 November: I'm keeping this round to protect myself
2024-10-14 22:22:42.804801 November: Ow
2024-10-14 22:22:42.816004 Victor: X-ray and Kilo, sending you 3
2024-10-14 22:22:42.819659 X-ray: Sending you each 5
2024-10-14 22:22:42.821058 Victor: Sierra, sending you 1
2024-10-14 22:22:42.822245 Juliett: Lima, India, Hotel, Sierra and Alpha, sending you 3
2024-10-14 22:22:42.827815 Juliett: November, sending you 4
2024-10-14 22:22:42.830430 Lima: Same as last round
2024-10-14 22:22:42.833022 Hotel: Lima, India, Sierra, Alpha and Juliett, sending you 2
2024-10-14 22:22:42.839992 Hotel: November, sending you 3
chatterbot X-ray submitting transactions
chatterbot Sierra submitting transactions
chatterbot Alpha submitting transactions
chatterbot Lima submitting transactions
chatterbot Hotel submitting transactions
chatterbot Victor submitting transactions
chatterbot Juliett submitting transactions
chatterbot Kilo submitting transactions
chatterbot India submitting transactions
chatterbot November submitting transactions
ChatterBot Lima round 12
ChatterBot X-ray round 12
ChatterBot November round 12
ChatterBot Kilo round 12
ChatterBot India round 12
ChatterBot Victor round 12
ChatterBot Hotel round 12
ChatterBot Sierra round 12
ChatterBot Alpha round 12
ChatterBot Juliett round 12
2024-10-14 22:22:43.896681 Lima: Same as last round
2024-10-14 22:22:43.897764 Victor: I was attacked by Hotel and Alpha
ChatterBot X-ray reevaluating
ChatterBot Kilo reevaluating
ChatterBot Sierra reevaluating
2024-10-14 22:22:43.907871 Victor: Ow
2024-10-14 22:22:43.913112 Hotel: Lima, sending you 2
2024-10-14 22:22:43.918691 Hotel: November, India, Sierra, Alpha and Juliett, sending you 3
2024-10-14 22:22:43.919817 Juliett: Lima, November, India, Hotel and Sierra, sending you 3
2024-10-14 22:22:43.923660 Juliett: Alpha, sending you 4
2024-10-14 22:22:43.925670 Juliett: I was attacked by Victor
ChatterBot Hotel reevaluating
ChatterBot Lima reevaluating
ChatterBot November reevaluating
ChatterBot India reevaluating
ChatterBot Sierra reevaluating
ChatterBot Alpha reevaluating
2024-10-14 22:22:43.948245 Juliett: Ow
2024-10-14 22:22:43.949742 X-ray: Kilo, sending you 6
2024-10-14 22:22:43.950996 Kilo: X-ray, sending you 5
2024-10-14 22:22:43.954681 Kilo: Victor, sending you 4
2024-10-14 22:22:43.955718 X-ray: Victor, sending you 5
2024-10-14 22:22:43.969852 Hotel: Lima, November, India, Alpha and Juliett, sending you 2
2024-10-14 22:22:43.973677 Hotel: Sierra, sending you 4
2024-10-14 22:22:43.977654 November: Lima, India and Sierra, sending you 2
2024-10-14 22:22:43.983661 November: Hotel and Juliett, sending you 3
2024-10-14 22:22:43.988681 November: Alpha, sending you 1
chatterbot Victor submitting transactions
chatterbot Lima submitting transactions
chatterbot Hotel submitting transactions
chatterbot November submitting transactions
chatterbot Kilo submitting transactions
chatterbot X-ray submitting transactions
chatterbot Sierra submitting transactions
chatterbot India submitting transactions
