ChatterBot Juliett round 1
ChatterBot Golf round 1
ChatterBot Kilo round 1
ChatterBot Tango round 1
ChatterBot Hotel round 1
ChatterBot Whiskey round 1
ChatterBot Victor round 1
ChatterBot Zulu round 1
ChatterBot Lima round 1
ChatterBot Papa round 1
randomSelections Kilo: {Kilo, Hotel, Victor, Tango, Zulu, Juliett} 
2024-10-14 20:09:39.385962 Kilo: Group up?
ChatterBot Hotel reevaluating
ChatterBot Victor reevaluating
ChatterBot Tango reevaluating
ChatterBot Zulu reevaluating
ChatterBot Juliett reevaluating
2024-10-14 20:09:39.401473 Hotel: Yes
2024-10-14 20:09:39.402301 Victor: Yes
2024-10-14 20:09:39.402565 Tango: Yes
2024-10-14 20:09:39.402773 Zulu: Yes
2024-10-14 20:09:39.402974 Juliett: Yes
ChatterBot Victor reevaluating
ChatterBot Tango reevaluating
ChatterBot Zulu reevaluating
ChatterBot Juliett reevaluating
ChatterBot Hotel reevaluating
ChatterBot Tango reevaluating
ChatterBot Zulu reevaluating
ChatterBot Juliett reevaluating
ChatterBot Hotel reevaluating
ChatterBot Victor reevaluating
ChatterBot Zulu reevaluating
ChatterBot Juliett reevaluating
ChatterBot Hotel reevaluating
ChatterBot Victor reevaluating
ChatterBot Tango reevaluating
ChatterBot Juliett reevaluating
ChatterBot Hotel reevaluating
ChatterBot Victor reevaluating
ChatterBot Tango reevaluating
ChatterBot Zulu reevaluating
randomSelections Whiskey: {Whiskey, Hotel, Kilo, Tango, Victor, Papa} 
2024-10-14 20:09:39.472917 Whiskey: We would work well together
ChatterBot Hotel reevaluating
ChatterBot Tango reevaluating
ChatterBot Victor reevaluating
ChatterBot Papa reevaluating
2024-10-14 20:09:39.480997 Hotel: No
2024-10-14 20:09:39.481174 Kilo: No
2024-10-14 20:09:39.481448 Tango: No
2024-10-14 20:09:39.482260 Victor: No
2024-10-14 20:09:39.482497 Papa: Yes
ChatterBot Tango reevaluating
ChatterBot Victor reevaluating
ChatterBot Papa reevaluating
ChatterBot Hotel reevaluating
ChatterBot Tango reevaluating
ChatterBot Victor reevaluating
ChatterBot Papa reevaluating
ChatterBot Hotel reevaluating
ChatterBot Victor reevaluating
ChatterBot Papa reevaluating
ChatterBot Hotel reevaluating
ChatterBot Tango reevaluating
ChatterBot Papa reevaluating
ChatterBot Hotel reevaluating
ChatterBot Tango reevaluating
ChatterBot Victor reevaluating
randomSelections Golf: {Golf, Victor, Hotel, Tango, Whiskey, Kilo, Zulu, Juliett} 
2024-10-14 20:09:39.529860 Golf: Let's form a team
ChatterBot Victor reevaluating
ChatterBot Hotel reevaluating
ChatterBot Tango reevaluating
ChatterBot Zulu reevaluating
ChatterBot Juliett reevaluating
2024-10-14 20:09:39.542635 Victor: No
2024-10-14 20:09:39.542931 Hotel: No
2024-10-14 20:09:39.543158 Tango: No
2024-10-14 20:09:39.543389 Whiskey: No
2024-10-14 20:09:39.544248 Kilo: No
2024-10-14 20:09:39.544522 Zulu: No
2024-10-14 20:09:39.544712 Juliett: No
ChatterBot Hotel reevaluating
ChatterBot Tango reevaluating
ChatterBot Zulu reevaluating
ChatterBot Juliett reevaluating
ChatterBot Victor reevaluating
ChatterBot Tango reevaluating
ChatterBot Zulu reevaluating
ChatterBot Juliett reevaluating
ChatterBot Victor reevaluating
ChatterBot Hotel reevaluating
ChatterBot Zulu reevaluating
ChatterBot Juliett reevaluating
ChatterBot Victor reevaluating
ChatterBot Hotel reevaluating
ChatterBot Tango reevaluating
ChatterBot Zulu reevaluating
ChatterBot Juliett reevaluating
ChatterBot Victor reevaluating
ChatterBot Hotel reevaluating
ChatterBot Tango reevaluating
ChatterBot Zulu reevaluating
ChatterBot Juliett reevaluating
ChatterBot Victor reevaluating
ChatterBot Hotel reevaluating
ChatterBot Tango reevaluating
ChatterBot Juliett reevaluating
ChatterBot Victor reevaluating
ChatterBot Hotel reevaluating
ChatterBot Tango reevaluating
ChatterBot Zulu reevaluating
randomSelections Lima: {Lima, Golf, Hotel, Victor, Papa, Zulu} 
2024-10-14 20:09:39.749210 Lima: Friends?
ChatterBot Hotel reevaluating
ChatterBot Victor reevaluating
ChatterBot Papa reevaluating
ChatterBot Zulu reevaluating
2024-10-14 20:09:39.762806 Golf: No
2024-10-14 20:09:39.763210 Hotel: No
2024-10-14 20:09:39.764344 Victor: No
2024-10-14 20:09:39.764897 Papa: No
2024-10-14 20:09:39.765492 Zulu: No
ChatterBot Hotel reevaluating
ChatterBot Victor reevaluating
ChatterBot Papa reevaluating
ChatterBot Zulu reevaluating
ChatterBot Victor reevaluating
ChatterBot Papa reevaluating
ChatterBot Zulu reevaluating
ChatterBot Hotel reevaluating
ChatterBot Papa reevaluating
ChatterBot Zulu reevaluating
ChatterBot Hotel reevaluating
ChatterBot Victor reevaluating
ChatterBot Zulu reevaluating
ChatterBot Hotel reevaluating
ChatterBot Victor reevaluating
ChatterBot Papa reevaluating
2024-10-14 20:09:39.851218 Golf: Kilo, sending you 1
2024-10-14 20:09:39.851798 Tango: Juliett and Hotel, sending you 4
2024-10-14 20:09:39.852247 Whiskey: Kilo, Victor and Papa, sending you 2
2024-10-14 20:09:39.853293 Hotel: Juliett, Kilo and Victor, sending you 1
2024-10-14 20:09:39.853742 Lima: Golf and Zulu, sending you 1
2024-10-14 20:09:39.854839 Juliett: Kilo, Tango, Hotel and Zulu, sending you 2
2024-10-14 20:09:39.855255 Golf: Tango, sending you 3
2024-10-14 20:09:39.855717 Tango: Kilo, sending you 1
2024-10-14 20:09:39.856906 Whiskey: Tango, sending you 4
2024-10-14 20:09:39.857385 Kilo: Juliett, sending you 3
2024-10-14 20:09:39.858477 Lima: Hotel, sending you 3
2024-10-14 20:09:39.858841 Juliett: Victor, sending you 1
2024-10-14 20:09:39.859243 Hotel: Tango and Zulu, sending you 2
2024-10-14 20:09:39.860722 Golf: Hotel, Whiskey, Victor and Zulu, sending you 2
2024-10-14 20:09:39.861209 Whiskey: Hotel, sending you 3
2024-10-14 20:09:39.861659 Tango: Victor, sending you 3
2024-10-14 20:09:39.862874 Kilo: Hotel, sending you 2
2024-10-14 20:09:39.863371 Zulu: Juliett, Tango and Hotel, sending you 2
2024-10-14 20:09:39.863779 Lima: Victor and Papa, sending you 2
2024-10-14 20:09:39.864760 Victor: Juliett, sending you 1
2024-10-14 20:09:39.866699 Kilo: Victor, sending you 1
2024-10-14 20:09:39.868661 Papa: Kilo, sending you 3
2024-10-14 20:09:39.869050 Zulu: Kilo, sending you 3
2024-10-14 20:09:39.870296 Victor: Kilo, sending you 2
2024-10-14 20:09:39.870687 Kilo: Zulu, sending you 4
2024-10-14 20:09:39.871812 Papa: Hotel and Victor, sending you 4
2024-10-14 20:09:39.877797 Zulu: Victor, sending you 1
2024-10-14 20:09:39.878336 Victor: Tango, sending you 3
2024-10-14 20:09:39.878818 Papa: Whiskey, sending you 1
chatterbot Golf submitting transactions
chatterbot Kilo submitting transactions
chatterbot Lima submitting transactions
chatterbot Whiskey submitting transactions
chatterbot Victor submitting transactions
chatterbot Juliett submitting transactions
chatterbot Papa submitting transactions
chatterbot Hotel submitting transactions
chatterbot Zulu submitting transactions
chatterbot Tango submitting transactions
ChatterBot Juliett round 2
ChatterBot Golf round 2
ChatterBot Kilo round 2
ChatterBot Tango round 2
ChatterBot Hotel round 2
ChatterBot Whiskey round 2
ChatterBot Victor round 2
2024-10-14 20:09:41.056077 Golf: We would work well together
ChatterBot Lima reevaluating
2024-10-14 20:09:41.067820 Lima: Yes
2024-10-14 20:09:41.072289 Lima: Let's form a team
2024-10-14 20:09:41.077515 Golf: Yes
ChatterBot Lima reevaluating
ChatterBot Zulu round 2
ChatterBot Lima round 2
ChatterBot Papa round 2
2024-10-14 20:09:41.099635 Whiskey: Group up?
ChatterBot Papa reevaluating
ChatterBot Golf reevaluating
ChatterBot Tango reevaluating
ChatterBot Victor reevaluating
2024-10-14 20:09:41.120700 Papa: No
2024-10-14 20:09:41.120855 Golf: Yes
2024-10-14 20:09:41.120980 Tango: No
2024-10-14 20:09:41.121104 Victor: No
ChatterBot Golf reevaluating
ChatterBot Tango reevaluating
ChatterBot Victor reevaluating
ChatterBot Whiskey reevaluating
ChatterBot Papa reevaluating
ChatterBot Tango reevaluating
ChatterBot Victor reevaluating
ChatterBot Whiskey reevaluating
ChatterBot Papa reevaluating
ChatterBot Golf reevaluating
ChatterBot Victor reevaluating
ChatterBot Whiskey reevaluating
ChatterBot Papa reevaluating
ChatterBot Golf reevaluating
ChatterBot Tango reevaluating
2024-10-14 20:09:41.223192 Golf: Can we be friends?
ChatterBot Whiskey reevaluating
ChatterBot Papa reevaluating
ChatterBot Victor reevaluating
ChatterBot Tango reevaluating
2024-10-14 20:09:41.247629 Whiskey: No
2024-10-14 20:09:41.247863 Papa: No
2024-10-14 20:09:41.248041 Victor: No
2024-10-14 20:09:41.248225 Tango: No
ChatterBot Papa reevaluating
ChatterBot Golf reevaluating
ChatterBot Tango reevaluating
ChatterBot Victor reevaluating
ChatterBot Whiskey reevaluating
ChatterBot Golf reevaluating
ChatterBot Tango reevaluating
ChatterBot Victor reevaluating
2024-10-14 20:09:41.376262 Tango: We should add Golf
ChatterBot Whiskey reevaluating
ChatterBot Papa reevaluating
ChatterBot Golf reevaluating
ChatterBot Tango reevaluating
ChatterBot Whiskey reevaluating
ChatterBot Papa reevaluating
ChatterBot Golf reevaluating
ChatterBot Victor reevaluating
ChatterBot Hotel reevaluating
ChatterBot Zulu reevaluating
ChatterBot Victor reevaluating
2024-10-14 20:09:41.446541 Kilo: No
2024-10-14 20:09:41.446887 Hotel: No
2024-10-14 20:09:41.447243 Zulu: Yes
2024-10-14 20:09:41.448047 Juliett: No
2024-10-14 20:09:41.448754 Victor: Yes
ChatterBot Hotel reevaluating
ChatterBot Victor reevaluating
ChatterBot Tango reevaluating
ChatterBot Zulu reevaluating
ChatterBot Victor reevaluating
ChatterBot Tango reevaluating
ChatterBot Zulu reevaluating
ChatterBot Hotel reevaluating
ChatterBot Victor reevaluating
ChatterBot Tango reevaluating
ChatterBot Hotel reevaluating
ChatterBot Victor reevaluating
ChatterBot Tango reevaluating
ChatterBot Zulu reevaluating
ChatterBot Hotel reevaluating
ChatterBot Tango reevaluating
ChatterBot Zulu reevaluating
2024-10-14 20:09:41.593631 Juliett: We should drop Victor
ChatterBot Hotel reevaluating
ChatterBot Zulu reevaluating
ChatterBot Tango reevaluating
2024-10-14 20:09:41.613131 Kilo: Yes
2024-10-14 20:09:41.613257 Hotel: Yes
2024-10-14 20:09:41.613352 Zulu: No
2024-10-14 20:09:41.613445 Tango: No
ChatterBot Hotel reevaluating
ChatterBot Zulu reevaluating
ChatterBot Tango reevaluating
ChatterBot Zulu reevaluating
ChatterBot Tango reevaluating
ChatterBot Hotel reevaluating
ChatterBot Tango reevaluating
ChatterBot Hotel reevaluating
ChatterBot Zulu reevaluating
2024-10-14 20:09:42.000701 Tango: Golf we want you to join our group
ChatterBot Golf reevaluating
2024-10-14 20:09:42.009833 Golf: No
2024-10-14 20:09:42.144600 Lima: Same as last round
2024-10-14 20:09:42.145228 Whiskey: Golf, sending you 4
2024-10-14 20:09:42.145514 Papa: Golf, sending you 1
2024-10-14 20:09:42.145713 Victor: Sending you each 3
2024-10-14 20:09:42.145930 Kilo: Juliett, sending you 3
2024-10-14 20:09:42.146778 Juliett: Kilo, Hotel and Zulu, sending you 2
2024-10-14 20:09:42.147010 Hotel: Juliett, Kilo and Zulu, sending you 1
chatterbot Tango submitting transactions
chatterbot Kilo submitting transactions
2024-10-14 20:09:42.230089 Whiskey: Tango, Victor and Papa, sending you 3
2024-10-14 20:09:42.230464 Hotel: Tango, sending you 4
2024-10-14 20:09:42.230771 Zulu: Juliett, Kilo and Hotel, sending you 3
2024-10-14 20:09:42.231386 Tango: Juliett, Hotel and Zulu, sending you 2
2024-10-14 20:09:42.231687 Papa: Whiskey, sending you 10
2024-10-14 20:09:42.231932 Kilo: Tango and Hotel, sending you 2
2024-10-14 20:09:42.232192 Juliett: Tango, sending you 3
chatterbot Papa submitting transactions
2024-10-14 20:09:42.234808 Zulu: Tango, sending you 1
2024-10-14 20:09:42.235213 Tango: Golf and Victor, sending you 3
2024-10-14 20:09:42.365420 Kilo: Zulu, sending you 5
2024-10-14 20:09:42.366213 Golf: Tango, Whiskey and Victor, sending you 4
chatterbot Whiskey submitting transactions
chatterbot Golf submitting transactions
chatterbot Lima submitting transactions
chatterbot Hotel submitting transactions
chatterbot Juliett submitting transactions
chatterbot Zulu submitting transactions
chatterbot Victor submitting transactions
ChatterBot Juliett round 3
ChatterBot Golf round 3
ChatterBot Kilo round 3
ChatterBot Tango round 3
ChatterBot Hotel round 3
ChatterBot Whiskey round 3
ChatterBot Victor round 3
ChatterBot Zulu round 3
2024-10-14 20:09:42.837426 Golf: We should add Lima and Papa
ChatterBot Tango reevaluating
ChatterBot Victor reevaluating
ChatterBot Whiskey reevaluating
2024-10-14 20:09:42.860827 Tango: No
2024-10-14 20:09:42.861385 Victor: No
2024-10-14 20:09:42.861555 Whiskey: Yes
ChatterBot Victor reevaluating
ChatterBot Whiskey reevaluating
ChatterBot Golf reevaluating
ChatterBot Tango reevaluating
ChatterBot Whiskey reevaluating
ChatterBot Golf reevaluating
ChatterBot Tango reevaluating
ChatterBot Victor reevaluating
2024-10-14 20:09:42.933394 Victor: We should group up
ChatterBot Golf reevaluating
ChatterBot Whiskey reevaluating
ChatterBot Papa reevaluating
2024-10-14 20:09:42.959197 Golf: Yes
2024-10-14 20:09:42.959878 Whiskey: Yes
2024-10-14 20:09:42.960039 Papa: Yes
ChatterBot Victor reevaluating
ChatterBot Whiskey reevaluating
ChatterBot Papa reevaluating
ChatterBot Victor reevaluating
ChatterBot Golf reevaluating
ChatterBot Papa reevaluating
ChatterBot Victor reevaluating
ChatterBot Golf reevaluating
ChatterBot Whiskey reevaluating
ChatterBot Lima round 3
ChatterBot Papa round 3
2024-10-14 20:09:43.042040 Whiskey: We should replace Tango with Lima
ChatterBot Victor reevaluating
ChatterBot Golf reevaluating
ChatterBot Papa reevaluating
2024-10-14 20:09:43.140025 Victor: No
2024-10-14 20:09:43.140336 Golf: Yes
2024-10-14 20:09:43.141101 Papa: Yes
ChatterBot Golf reevaluating
ChatterBot Whiskey reevaluating
ChatterBot Papa reevaluating
ChatterBot Victor reevaluating
ChatterBot Whiskey reevaluating
ChatterBot Papa reevaluating
ChatterBot Victor reevaluating
ChatterBot Golf reevaluating
ChatterBot Whiskey reevaluating
chatterbot Golf submitting transactions
2024-10-14 20:09:43.204176 Papa: We should add Victor and Lima
ChatterBot Whiskey reevaluating
ChatterBot Golf reevaluating
2024-10-14 20:09:43.214357 Whiskey: Yes
2024-10-14 20:09:43.214575 Golf: Yes
ChatterBot Papa reevaluating
ChatterBot Golf reevaluating
ChatterBot Papa reevaluating
ChatterBot Whiskey reevaluating
2024-10-14 20:09:43.241586 Lima: Friends?
ChatterBot Tango reevaluating
2024-10-14 20:09:43.262638 Juliett: No
2024-10-14 20:09:43.262930 Kilo: No
2024-10-14 20:09:43.263581 Tango: Yes
2024-10-14 20:09:43.263748 Hotel: No
2024-10-14 20:09:43.263937 Zulu: No
ChatterBot Lima reevaluating
ChatterBot Tango reevaluating
ChatterBot Lima reevaluating
ChatterBot Tango reevaluating
ChatterBot Lima reevaluating
ChatterBot Lima reevaluating
ChatterBot Tango reevaluating
ChatterBot Zulu reevaluating
ChatterBot Lima reevaluating
ChatterBot Tango reevaluating
2024-10-14 20:09:43.380079 Zulu: We should add Lima
ChatterBot Tango reevaluating
2024-10-14 20:09:43.395912 Juliett: No
2024-10-14 20:09:43.396090 Kilo: No
2024-10-14 20:09:43.396214 Hotel: No
2024-10-14 20:09:43.396311 Tango: Yes
ChatterBot Zulu reevaluating
ChatterBot Tango reevaluating
ChatterBot Zulu reevaluating
ChatterBot Tango reevaluating
ChatterBot Zulu reevaluating
ChatterBot Tango reevaluating
ChatterBot Zulu reevaluating
2024-10-14 20:09:43.508817 Kilo: Juliett, sending you 4
2024-10-14 20:09:43.509194 Juliett: Kilo, sending you 3
2024-10-14 20:09:43.509928 Whiskey: Lima we want you to join our group
ChatterBot Lima reevaluating
2024-10-14 20:09:43.516605 Lima: Yes
2024-10-14 20:09:43.535653 Tango: Lima we want you to join our group
ChatterBot Lima reevaluating
2024-10-14 20:09:43.541650 Lima: No
ChatterBot Tango reevaluating
ChatterBot Zulu reevaluating
ChatterBot Golf reevaluating
2024-10-14 20:09:43.571261 Papa: Victor and Lima we want you to join our group
ChatterBot Lima reevaluating
2024-10-14 20:09:43.580802 Victor: No
2024-10-14 20:09:43.581055 Lima: Yes
ChatterBot Golf reevaluating
ChatterBot Lima reevaluating
ChatterBot Golf reevaluating
2024-10-14 20:09:43.619389 Kilo: Tango, sending you 1
2024-10-14 20:09:43.619828 Juliett: Tango, Hotel and Zulu, sending you 2
2024-10-14 20:09:43.620807 Tango: We should drop Golf
ChatterBot Zulu reevaluating
2024-10-14 20:09:43.642178 Kilo: Yes
2024-10-14 20:09:43.642723 Hotel: Yes
2024-10-14 20:09:43.642882 Victor: No
2024-10-14 20:09:43.642984 Zulu: Yes
2024-10-14 20:09:43.643107 Juliett: Yes
ChatterBot Tango reevaluating
ChatterBot Zulu reevaluating
ChatterBot Tango reevaluating
ChatterBot Zulu reevaluating
ChatterBot Tango reevaluating
ChatterBot Zulu reevaluating
ChatterBot Tango reevaluating
ChatterBot Tango reevaluating
ChatterBot Zulu reevaluating
chatterbot Victor submitting transactions
2024-10-14 20:09:43.756140 Hotel: Juliett, sending you 1
2024-10-14 20:09:43.756647 Victor: Sending you each 2
2024-10-14 20:09:43.761476 Kilo: Hotel, sending you 2
chatterbot Papa submitting transactions
2024-10-14 20:09:43.762591 Hotel: Kilo, Tango and Zulu, sending you 2
2024-10-14 20:09:43.765564 Whiskey: Golf, Victor and Lima, sending you 3
2024-10-14 20:09:43.766327 Kilo: Zulu, sending you 6
2024-10-14 20:09:43.796693 Whiskey: Papa, sending you 4
2024-10-14 20:09:43.835418 Zulu: Juliett, Tango and Hotel, sending you 2
2024-10-14 20:09:43.836182 Papa: Whiskey, sending you 9
2024-10-14 20:09:43.836655 Golf: Whiskey and Victor, sending you 3
2024-10-14 20:09:43.841424 Zulu: Kilo, sending you 4
2024-10-14 20:09:43.841969 Papa: Lima, sending you 3
2024-10-14 20:09:43.861266 Tango: Juliett, Hotel and Victor, sending you 3
2024-10-14 20:09:43.863328 Golf: Lima, sending you 4
2024-10-14 20:09:43.868097 Tango: Kilo, sending you 1
2024-10-14 20:09:43.868908 Golf: Papa, sending you 2
2024-10-14 20:09:43.876322 Tango: Zulu, sending you 2
2024-10-14 20:09:43.905886 Lima: Golf, Tango, Whiskey and Victor, sending you 2
2024-10-14 20:09:43.915963 Lima: Papa, sending you 1
chatterbot Hotel submitting transactions
chatterbot Juliett submitting transactions
chatterbot Whiskey submitting transactions
chatterbot Golf submitting transactions
chatterbot Kilo submitting transactions
chatterbot Tango submitting transactions
chatterbot Lima submitting transactions
chatterbot Golf submitting transactions
chatterbot Zulu submitting transactions
ChatterBot Juliett round 4
ChatterBot Golf round 4
ChatterBot Kilo round 4
ChatterBot Tango round 4
ChatterBot Hotel round 4
ChatterBot Whiskey round 4
ChatterBot Victor round 4
ChatterBot Zulu round 4
ChatterBot Lima round 4
ChatterBot Papa round 4
2024-10-14 20:09:45.714898 Juliett: Kilo, sending you 3
2024-10-14 20:09:45.715935 Golf: Whiskey and Victor, sending you 3
2024-10-14 20:09:45.725411 Victor: Golf, sending you 3
2024-10-14 20:09:45.725948 Juliett: Tango, Hotel and Zulu, sending you 2
2024-10-14 20:09:45.726912 Golf: Lima, sending you 4
2024-10-14 20:09:45.729544 Hotel: Juliett and Kilo, sending you 1
2024-10-14 20:09:45.730648 Kilo: Juliett, sending you 4
2024-10-14 20:09:45.731174 Zulu: Juliett, Tango and Hotel, sending you 2
2024-10-14 20:09:45.732177 Lima: Golf, sending you 3
2024-10-14 20:09:45.732630 Victor: Whiskey, sending you 2
2024-10-14 20:09:45.733381 Whiskey: Golf, Victor and Lima, sending you 3
2024-10-14 20:09:45.733801 Golf: Papa, sending you 2
2024-10-14 20:09:45.734222 Tango: Juliett and Hotel, sending you 3
2024-10-14 20:09:45.735308 Hotel: Tango, sending you 3
2024-10-14 20:09:45.735809 Kilo: Tango, sending you 1
2024-10-14 20:09:45.736836 Lima: Tango and Victor, sending you 1
2024-10-14 20:09:45.737462 Zulu: Kilo, sending you 4
2024-10-14 20:09:45.738532 Victor: Papa, sending you 1
2024-10-14 20:09:45.738968 Whiskey: Papa, sending you 4
2024-10-14 20:09:45.740109 Tango: Kilo, Victor and Zulu, sending you 2
2024-10-14 20:09:45.740829 Hotel: Zulu, sending you 2
2024-10-14 20:09:45.741874 Kilo: Hotel, sending you 3
2024-10-14 20:09:45.742337 Lima: Whiskey and Papa, sending you 2
2024-10-14 20:09:45.743205 Papa: Golf, Victor and Lima, sending you 2
2024-10-14 20:09:45.745692 Kilo: Zulu, sending you 5
2024-10-14 20:09:45.748051 Papa: Whiskey, sending you 6
chatterbot Kilo submitting transactions
chatterbot Juliett submitting transactions
chatterbot Papa submitting transactions
chatterbot Tango submitting transactions
chatterbot Zulu submitting transactions
chatterbot Hotel submitting transactions
chatterbot Victor submitting transactions
chatterbot Golf submitting transactions
chatterbot Whiskey submitting transactions
chatterbot Lima submitting transactions
ChatterBot Juliett round 5
ChatterBot Golf round 5
ChatterBot Kilo round 5
ChatterBot Tango round 5
ChatterBot Hotel round 5
ChatterBot Whiskey round 5
ChatterBot Victor round 5
ChatterBot Zulu round 5
ChatterBot Lima round 5
ChatterBot Papa round 5
2024-10-14 20:09:47.006390 Victor: We should replace Papa with Lima
2024-10-14 20:09:47.017498 Golf: No
2024-10-14 20:09:47.017926 Whiskey: No
ChatterBot Victor reevaluating
ChatterBot Victor reevaluating
2024-10-14 20:09:47.069682 Kilo: Juliett, sending you 4
2024-10-14 20:09:47.070890 Lima: Golf, sending you 3
2024-10-14 20:09:47.071506 Tango: Juliett, sending you 3
2024-10-14 20:09:47.072622 Whiskey: Golf, Victor and Lima, sending you 3
2024-10-14 20:09:47.073171 Zulu: Juliett, Tango and Hotel, sending you 2
2024-10-14 20:09:47.074529 Golf: Whiskey and Lima, sending you 3
2024-10-14 20:09:47.075263 Kilo: Tango and Hotel, sending you 2
2024-10-14 20:09:47.075834 Tango: Kilo, sending you 1
2024-10-14 20:09:47.077146 Lima: Tango and Victor, sending you 1
2024-10-14 20:09:47.077602 Whiskey: Papa, sending you 4
2024-10-14 20:09:47.078053 Juliett: Kilo, sending you 3
2024-10-14 20:09:47.079240 Zulu: Kilo, sending you 4
2024-10-14 20:09:47.079855 Golf: Victor, sending you 4
2024-10-14 20:09:47.080773 Kilo: Zulu, sending you 5
2024-10-14 20:09:47.081475 Tango: Hotel, sending you 4
2024-10-14 20:09:47.082482 Hotel: Juliett, sending you 1
2024-10-14 20:09:47.083333 Victor: Golf, sending you 3
2024-10-14 20:09:47.084549 Lima: Whiskey and Papa, sending you 2
2024-10-14 20:09:47.085477 Juliett: Tango, Hotel and Zulu, sending you 2
2024-10-14 20:09:47.086632 Golf: Papa, sending you 2
2024-10-14 20:09:47.087275 Tango: Victor and Zulu, sending you 2
2024-10-14 20:09:47.088109 Hotel: Kilo, Tango and Zulu, sending you 2
2024-10-14 20:09:47.089324 Victor: Whiskey, sending you 2
2024-10-14 20:09:47.089712 Papa: Golf, Victor and Lima, sending you 2
2024-10-14 20:09:47.093708 Victor: Papa, sending you 1
2024-10-14 20:09:47.095714 Papa: Whiskey, sending you 6
chatterbot Hotel submitting transactions
chatterbot Kilo submitting transactions
chatterbot Lima submitting transactions
chatterbot Juliett submitting transactions
chatterbot Whiskey submitting transactions
chatterbot Golf submitting transactions
chatterbot Zulu submitting transactions
chatterbot Tango submitting transactions
chatterbot Victor submitting transactions
chatterbot Papa submitting transactions
ChatterBot Juliett round 6
ChatterBot Golf round 6
ChatterBot Kilo round 6
ChatterBot Tango round 6
ChatterBot Hotel round 6
ChatterBot Whiskey round 6
ChatterBot Victor round 6
ChatterBot Zulu round 6
ChatterBot Lima round 6
2024-10-14 20:09:48.286017 Tango: We should replace Victor with Lima
2024-10-14 20:09:48.299527 Juliett: No
2024-10-14 20:09:48.299778 Kilo: No
2024-10-14 20:09:48.299918 Hotel: No
2024-10-14 20:09:48.300044 Zulu: No
ChatterBot Tango reevaluating
ChatterBot Tango reevaluating
ChatterBot Tango reevaluating
ChatterBot Papa round 6
2024-10-14 20:09:48.371607 Lima: We should drop Tango
ChatterBot Victor reevaluating
2024-10-14 20:09:48.384328 Whiskey: Yes
2024-10-14 20:09:48.384524 Golf: Yes
2024-10-14 20:09:48.384665 Victor: Yes
2024-10-14 20:09:48.384802 Papa: Yes
ChatterBot Victor reevaluating
ChatterBot Victor reevaluating
ChatterBot Lima reevaluating
ChatterBot Victor reevaluating
ChatterBot Lima reevaluating
2024-10-14 20:09:48.436561 Tango: Lima we want you to join our group
ChatterBot Lima reevaluating
2024-10-14 20:09:48.440651 Lima: No
ChatterBot Tango reevaluating
2024-10-14 20:09:48.456495 Juliett: Kilo, sending you 3
2024-10-14 20:09:48.469918 Kilo: Juliett, sending you 4
2024-10-14 20:09:48.470951 Zulu: Juliett, Tango and Hotel, sending you 2
2024-10-14 20:09:48.471455 Hotel: Juliett, sending you 1
2024-10-14 20:09:48.472248 Juliett: Tango, Hotel and Zulu, sending you 2
2024-10-14 20:09:48.472812 Whiskey: Golf, Victor and Lima, sending you 3
2024-10-14 20:09:48.473224 Golf: Whiskey and Lima, sending you 3
2024-10-14 20:09:48.474207 Victor: Lima we want you to join our group
ChatterBot Lima reevaluating
2024-10-14 20:09:48.478381 Lima: Yes
2024-10-14 20:09:48.487191 Kilo: Tango, sending you 1
2024-10-14 20:09:48.488194 Zulu: Kilo, sending you 4
2024-10-14 20:09:48.488595 Hotel: Kilo, Tango and Zulu, sending you 2
2024-10-14 20:09:48.489010 Whiskey: Papa, sending you 4
2024-10-14 20:09:48.489977 Golf: Victor, sending you 4
2024-10-14 20:09:48.490452 Papa: Golf, Victor and Lima, sending you 2
2024-10-14 20:09:48.513879 Kilo: Hotel, sending you 3
2024-10-14 20:09:48.515106 Golf: Papa, sending you 2
2024-10-14 20:09:48.515638 Papa: Whiskey, sending you 6
2024-10-14 20:09:48.530898 Kilo: Zulu, sending you 5
2024-10-14 20:09:48.532500 Victor: Golf, sending you 3
2024-10-14 20:09:48.540348 Victor: Whiskey, sending you 2
2024-10-14 20:09:48.541500 Tango: Juliett, sending you 3
2024-10-14 20:09:48.546547 Victor: Lima, sending you 1
2024-10-14 20:09:48.547066 Tango: Kilo and Zulu, sending you 2
2024-10-14 20:09:48.562999 Tango: Hotel, sending you 4
2024-10-14 20:09:48.568700 Tango: Lima, sending you 1
2024-10-14 20:09:48.569442 Lima: Golf, sending you 3
2024-10-14 20:09:48.597528 Lima: Whiskey, Victor and Papa, sending you 2
chatterbot Juliett submitting transactions
chatterbot Zulu submitting transactions
chatterbot Golf submitting transactions
chatterbot Lima submitting transactions
chatterbot Tango submitting transactions
chatterbot Papa submitting transactions
chatterbot Victor submitting transactions
chatterbot Kilo submitting transactions
chatterbot Hotel submitting transactions
chatterbot Whiskey submitting transactions
ChatterBot Juliett round 7
ChatterBot Golf round 7
ChatterBot Kilo round 7
ChatterBot Tango round 7
ChatterBot Hotel round 7
ChatterBot Whiskey round 7
ChatterBot Victor round 7
ChatterBot Zulu round 7
ChatterBot Lima round 7
ChatterBot Papa round 7
2024-10-14 20:09:49.591726 Golf: Whiskey and Lima, sending you 3
2024-10-14 20:09:49.595704 Golf: Victor, sending you 4
2024-10-14 20:09:49.598736 Golf: Papa, sending you 2
2024-10-14 20:09:49.599680 Zulu: Juliett, Tango and Hotel, sending you 2
2024-10-14 20:09:49.604959 Kilo: Juliett, sending you 4
2024-10-14 20:09:49.605700 Zulu: Kilo, sending you 4
2024-10-14 20:09:49.607140 Tango: Juliett and Zulu, sending you 3
2024-10-14 20:09:49.607972 Victor: Golf, sending you 3
2024-10-14 20:09:49.608561 Juliett: Kilo, sending you 3
2024-10-14 20:09:49.609863 Kilo: Tango, sending you 1
2024-10-14 20:09:49.610728 Whiskey: Golf, Victor and Lima, sending you 3
2024-10-14 20:09:49.612702 Tango: Kilo, sending you 2
2024-10-14 20:09:49.613801 Victor: Whiskey, sending you 2
2024-10-14 20:09:49.614141 Lima: Golf, sending you 3
2024-10-14 20:09:49.614531 Hotel: Juliett, sending you 1
2024-10-14 20:09:49.615011 Juliett: Tango, Hotel and Zulu, sending you 2
2024-10-14 20:09:49.616687 Kilo: Hotel, sending you 3
2024-10-14 20:09:49.617648 Papa: Golf, sending you 3
2024-10-14 20:09:49.619257 Whiskey: Papa, sending you 4
2024-10-14 20:09:49.620055 Tango: Hotel, sending you 4
2024-10-14 20:09:49.620898 Victor: Lima, sending you 1
2024-10-14 20:09:49.621832 Hotel: Kilo, Tango and Zulu, sending you 2
2024-10-14 20:09:49.622507 Lima: Whiskey, Victor and Papa, sending you 2
2024-10-14 20:09:49.623636 Kilo: Zulu, sending you 5
2024-10-14 20:09:49.624566 Papa: Whiskey, sending you 5
2024-10-14 20:09:49.629021 Papa: Victor and Lima, sending you 2
chatterbot Whiskey submitting transactions
chatterbot Victor submitting transactions
chatterbot Hotel submitting transactions
chatterbot Papa submitting transactions
chatterbot Zulu submitting transactions
chatterbot Juliett submitting transactions
chatterbot Tango submitting transactions
chatterbot Golf submitting transactions
chatterbot Lima submitting transactions
chatterbot Kilo submitting transactions
ChatterBot Juliett round 8
ChatterBot Golf round 8
ChatterBot Kilo round 8
ChatterBot Tango round 8
ChatterBot Hotel round 8
ChatterBot Whiskey round 8
ChatterBot Victor round 8
ChatterBot Zulu round 8
ChatterBot Lima round 8
ChatterBot Papa round 8
2024-10-14 20:09:51.113150 Lima: We should add Juliett
ChatterBot Victor reevaluating
2024-10-14 20:09:51.134350 Whiskey: No
2024-10-14 20:09:51.135069 Golf: No
2024-10-14 20:09:51.135214 Victor: No
2024-10-14 20:09:51.135341 Papa: No
ChatterBot Victor reevaluating
ChatterBot Lima reevaluating
ChatterBot Victor reevaluating
ChatterBot Lima reevaluating
ChatterBot Lima reevaluating
ChatterBot Victor reevaluating
ChatterBot Lima reevaluating
2024-10-14 20:09:51.200624 Victor: We should replace Lima with Papa
2024-10-14 20:09:51.210145 Golf: No
2024-10-14 20:09:51.210987 Whiskey: No
ChatterBot Victor reevaluating
ChatterBot Victor reevaluating
2024-10-14 20:09:51.266955 Golf: Whiskey and Lima, sending you 3
2024-10-14 20:09:51.268337 Zulu: Juliett, Tango and Hotel, sending you 2
2024-10-14 20:09:51.269279 Juliett: Kilo, sending you 3
2024-10-14 20:09:51.270274 Hotel: Juliett and Zulu, sending you 1
2024-10-14 20:09:51.271272 Whiskey: Golf, Victor and Lima, sending you 3
2024-10-14 20:09:51.271985 Golf: Victor, sending you 4
2024-10-14 20:09:51.282255 Juliett: Tango, Hotel and Zulu, sending you 2
2024-10-14 20:09:51.283941 Zulu: Kilo, sending you 4
2024-10-14 20:09:51.284603 Whiskey: Papa, sending you 4
2024-10-14 20:09:51.285638 Kilo: Juliett, sending you 4
2024-10-14 20:09:51.286392 Tango: Juliett and Zulu, sending you 3
2024-10-14 20:09:51.287321 Hotel: Kilo, sending you 2
2024-10-14 20:09:51.288691 Papa: Golf and Lima, sending you 3
2024-10-14 20:09:51.290036 Lima: Golf, sending you 3
2024-10-14 20:09:51.290981 Golf: Papa, sending you 2
2024-10-14 20:09:51.292589 Tango: Kilo, sending you 2
2024-10-14 20:09:51.293596 Kilo: Tango, sending you 1
2024-10-14 20:09:51.294299 Hotel: Tango, sending you 3
2024-10-14 20:09:51.295461 Papa: Whiskey, sending you 5
2024-10-14 20:09:51.296629 Victor: Golf, sending you 3
2024-10-14 20:09:51.297073 Lima: Whiskey, Victor and Papa, sending you 2
2024-10-14 20:09:51.298344 Tango: Hotel, sending you 4
2024-10-14 20:09:51.298882 Kilo: Hotel, sending you 3
2024-10-14 20:09:51.302923 Papa: Victor, sending you 1
2024-10-14 20:09:51.304232 Victor: Whiskey, sending you 2
2024-10-14 20:09:51.305523 Kilo: Zulu, sending you 5
2024-10-14 20:09:51.307743 Victor: Lima, sending you 1
chatterbot Golf submitting transactions
chatterbot Whiskey submitting transactions
chatterbot Hotel submitting transactions
chatterbot Juliett submitting transactions
chatterbot Zulu submitting transactions
chatterbot Papa submitting transactions
chatterbot Victor submitting transactions
chatterbot Tango submitting transactions
chatterbot Kilo submitting transactions
chatterbot Lima submitting transactions
ChatterBot Juliett round 9
ChatterBot Golf round 9
ChatterBot Kilo round 9
ChatterBot Tango round 9
ChatterBot Hotel round 9
ChatterBot Whiskey round 9
ChatterBot Victor round 9
ChatterBot Zulu round 9
ChatterBot Lima round 9
ChatterBot Papa round 9
2024-10-14 20:09:53.122668 Kilo: Juliett, sending you 4
2024-10-14 20:09:53.123487 Hotel: Juliett and Zulu, sending you 1
2024-10-14 20:09:53.124420 Juliett: Kilo, sending you 3
2024-10-14 20:09:53.125862 Kilo: Tango, sending you 1
2024-10-14 20:09:53.127989 Hotel: Kilo, sending you 2
2024-10-14 20:09:53.128752 Zulu: Juliett, Tango and Hotel, sending you 2
2024-10-14 20:09:53.129573 Juliett: Tango, Hotel and Zulu, sending you 2
2024-10-14 20:09:53.130949 Victor: Golf, sending you 3
2024-10-14 20:09:53.131711 Kilo: Hotel, sending you 3
2024-10-14 20:09:53.133225 Zulu: Kilo, sending you 4
2024-10-14 20:09:53.134083 Golf: Whiskey and Lima, sending you 3
2024-10-14 20:09:53.135244 Hotel: Tango, sending you 3
2024-10-14 20:09:53.135915 Kilo: Zulu, sending you 5
2024-10-14 20:09:53.136663 Victor: Whiskey, sending you 2
2024-10-14 20:09:53.137701 Tango: Juliett and Zulu, sending you 3
2024-10-14 20:09:53.138400 Whiskey: Golf, Victor and Lima, sending you 3
2024-10-14 20:09:53.139452 Golf: Victor, sending you 4
2024-10-14 20:09:53.140064 Victor: Lima, sending you 1
2024-10-14 20:09:53.140674 Papa: Golf and Lima, sending you 3
2024-10-14 20:09:53.141674 Lima: Golf, sending you 3
2024-10-14 20:09:53.142170 Whiskey: Papa, sending you 4
2024-10-14 20:09:53.142921 Tango: Kilo, sending you 2
2024-10-14 20:09:53.143900 Golf: Papa, sending you 2
2024-10-14 20:09:53.145698 Papa: Whiskey, sending you 6
2024-10-14 20:09:53.146296 Lima: Whiskey, Victor and Papa, sending you 2
2024-10-14 20:09:53.147692 Tango: Hotel, sending you 4
chatterbot Victor submitting transactions
chatterbot Lima submitting transactions
chatterbot Whiskey submitting transactions
chatterbot Golf submitting transactions
chatterbot Zulu submitting transactions
chatterbot Tango submitting transactions
chatterbot Juliett submitting transactions
chatterbot Papa submitting transactions
chatterbot Kilo submitting transactions
chatterbot Hotel submitting transactions
ChatterBot Juliett round 10
ChatterBot Golf round 10
ChatterBot Kilo round 10
ChatterBot Tango round 10
ChatterBot Hotel round 10
ChatterBot Whiskey round 10
ChatterBot Victor round 10
ChatterBot Zulu round 10
ChatterBot Lima round 10
ChatterBot Papa round 10
2024-10-14 20:09:54.680598 Juliett: Kilo, sending you 3
2024-10-14 20:09:54.685240 Tango: Juliett and Zulu, sending you 3
2024-10-14 20:09:54.686347 Hotel: Juliett and Zulu, sending you 1
2024-10-14 20:09:54.687506 Zulu: Juliett, Tango and Hotel, sending you 2
2024-10-14 20:09:54.688235 Kilo: Juliett and Hotel, sending you 3
2024-10-14 20:09:54.689221 Papa: Golf and Lima, sending you 3
2024-10-14 20:09:54.690300 Golf: Sending you each 3
2024-10-14 20:09:54.690867 Juliett: Tango, Hotel and Zulu, sending you 2
2024-10-14 20:09:54.691890 Victor: Golf, sending you 3
2024-10-14 20:09:54.692309 Lima: Golf, sending you 3
2024-10-14 20:09:54.693288 Whiskey: Golf, Victor and Lima, sending you 3
2024-10-14 20:09:54.693811 Tango: Kilo, sending you 2
2024-10-14 20:09:54.694657 Zulu: Kilo, sending you 4
2024-10-14 20:09:54.695213 Hotel: Kilo, sending you 2
2024-10-14 20:09:54.696372 Kilo: Tango, sending you 2
2024-10-14 20:09:54.697902 Papa: Whiskey, sending you 6
2024-10-14 20:09:54.699947 Victor: Whiskey, sending you 2
2024-10-14 20:09:54.700315 Lima: Whiskey, Victor and Papa, sending you 2
2024-10-14 20:09:54.700893 Tango: Hotel, sending you 4
2024-10-14 20:09:54.702080 Whiskey: Papa, sending you 4
2024-10-14 20:09:54.703168 Hotel: Tango, sending you 3
2024-10-14 20:09:54.703806 Kilo: Zulu, sending you 5
2024-10-14 20:09:54.705111 Victor: Lima, sending you 1
chatterbot Papa submitting transactions
chatterbot Victor submitting transactions
chatterbot Zulu submitting transactions
chatterbot Whiskey submitting transactions
chatterbot Juliett submitting transactions
chatterbot Kilo submitting transactions
chatterbot Tango submitting transactions
chatterbot Lima submitting transactions
chatterbot Hotel submitting transactions
chatterbot Golf submitting transactions
ChatterBot Juliett round 11
ChatterBot Golf round 11
ChatterBot Kilo round 11
ChatterBot Tango round 11
ChatterBot Hotel round 11
ChatterBot Whiskey round 11
ChatterBot Victor round 11
ChatterBot Zulu round 11
ChatterBot Lima round 11
ChatterBot Papa round 11
2024-10-14 20:09:55.709677 Kilo: Juliett and Hotel, sending you 3
2024-10-14 20:09:55.710872 Juliett: Kilo, sending you 3
2024-10-14 20:09:55.711385 Tango: Juliett and Zulu, sending you 3
2024-10-14 20:09:55.712675 Whiskey: Golf, Victor and Lima, sending you 3
2024-10-14 20:09:55.714288 Kilo: Tango, sending you 2
2024-10-14 20:09:55.715145 Juliett: Tango, Hotel and Zulu, sending you 2
2024-10-14 20:09:55.716249 Zulu: Juliett, Tango and Hotel, sending you 2
2024-10-14 20:09:55.716858 Tango: Kilo, sending you 2
2024-10-14 20:09:55.717746 Golf: Same as last round
2024-10-14 20:09:55.718232 Hotel: Juliett and Zulu, sending you 1
2024-10-14 20:09:55.718759 Whiskey: Papa, sending you 4
2024-10-14 20:09:55.719968 Kilo: Zulu, sending you 5
2024-10-14 20:09:55.720662 Zulu: Kilo, sending you 4
2024-10-14 20:09:55.721916 Victor: Golf, sending you 3
2024-10-14 20:09:55.722384 Papa: Golf and Lima, sending you 3
2024-10-14 20:09:55.723359 Tango: Hotel, sending you 4
2024-10-14 20:09:55.723856 Hotel: Kilo, sending you 2
2024-10-14 20:09:55.724385 Lima: Golf, sending you 3
2024-10-14 20:09:55.727113 Victor: Whiskey, sending you 2
2024-10-14 20:09:55.727664 Papa: Whiskey, sending you 5
2024-10-14 20:09:55.728210 Lima: Whiskey, Victor and Papa, sending you 2
2024-10-14 20:09:55.729250 Hotel: Tango, sending you 3
2024-10-14 20:09:55.730932 Papa: Victor, sending you 1
2024-10-14 20:09:55.732719 Victor: Lima, sending you 1
chatterbot Whiskey submitting transactions
chatterbot Lima submitting transactions
chatterbot Juliett submitting transactions
chatterbot Zulu submitting transactions
chatterbot Kilo submitting transactions
chatterbot Victor submitting transactions
chatterbot Hotel submitting transactions
chatterbot Papa submitting transactions
chatterbot Tango submitting transactions
chatterbot Golf submitting transactions
ChatterBot Juliett round 12
ChatterBot Golf round 12
ChatterBot Kilo round 12
ChatterBot Tango round 12
ChatterBot Hotel round 12
ChatterBot Whiskey round 12
ChatterBot Victor round 12
ChatterBot Zulu round 12
ChatterBot Lima round 12
ChatterBot Papa round 12
2024-10-14 20:09:57.265344 Whiskey: Golf, Victor and Lima, sending you 3
2024-10-14 20:09:57.291801 Tango: Juliett and Zulu, sending you 3
2024-10-14 20:09:57.293285 Golf: Same as last round
2024-10-14 20:09:57.294786 Juliett: Kilo, sending you 3
2024-10-14 20:09:57.295929 Lima: Golf, sending you 3
2024-10-14 20:09:57.296871 Victor: Golf, sending you 3
2024-10-14 20:09:57.297208 Whiskey: Papa, sending you 4
2024-10-14 20:09:57.297669 Hotel: Juliett and Zulu, sending you 1
2024-10-14 20:09:57.298645 Kilo: Juliett and Hotel, sending you 3
2024-10-14 20:09:57.299168 Zulu: Juliett, Tango and Hotel, sending you 2
2024-10-14 20:09:57.300194 Papa: Golf and Lima, sending you 3
2024-10-14 20:09:57.301298 Tango: Kilo, sending you 2
2024-10-14 20:09:57.302217 Juliett: Tango, Hotel and Zulu, sending you 2
2024-10-14 20:09:57.303427 Lima: Whiskey, Victor and Papa, sending you 2
2024-10-14 20:09:57.304690 Victor: Whiskey, sending you 2
2024-10-14 20:09:57.305053 Kilo: Tango, sending you 2
2024-10-14 20:09:57.306060 Hotel: Kilo, sending you 2
2024-10-14 20:09:57.306593 Zulu: Kilo, sending you 4
2024-10-14 20:09:57.307657 Papa: Whiskey, sending you 5
2024-10-14 20:09:57.308190 Tango: Hotel, sending you 4
2024-10-14 20:09:57.312480 Victor: Lima, sending you 1
2024-10-14 20:09:57.313006 Kilo: Zulu, sending you 5
2024-10-14 20:09:57.314097 Hotel: Tango, sending you 3
2024-10-14 20:09:57.314702 Papa: Victor, sending you 1
chatterbot Hotel submitting transactions
chatterbot Lima submitting transactions
chatterbot Golf submitting transactions
chatterbot Juliett submitting transactions
chatterbot Whiskey submitting transactions
chatterbot Tango submitting transactions
chatterbot Kilo submitting transactions
chatterbot Zulu submitting transactions
chatterbot Papa submitting transactions
chatterbot Victor submitting transactions
ChatterBot Juliett round 13
ChatterBot Golf round 13
ChatterBot Kilo round 13
ChatterBot Tango round 13
ChatterBot Hotel round 13
ChatterBot Whiskey round 13
ChatterBot Victor round 13
ChatterBot Zulu round 13
ChatterBot Lima round 13
ChatterBot Papa round 13
2024-10-14 20:09:58.436150 Victor: We should replace Lima with Papa
2024-10-14 20:09:58.442749 Golf: No
2024-10-14 20:09:58.442936 Whiskey: No
ChatterBot Victor reevaluating
2024-10-14 20:09:58.464864 Tango: We should replace Lima with Victor
2024-10-14 20:09:58.476135 Juliett: No
