ChatterBot Kilo round 1
ChatterBot Lima round 1
ChatterBot Victor round 1
ChatterBot Uniform round 1
ChatterBot India round 1
ChatterBot Papa round 1
ChatterBot Quebec round 1
ChatterBot Foxtrot round 1
ChatterBot November round 1
ChatterBot Delta round 1
randomSelections Uniform: {Uniform, Delta, Victor} 
2024-10-14 20:09:39.420299 Uniform: Let's form a team
ChatterBot Delta reevaluating
ChatterBot Victor reevaluating
2024-10-14 20:09:39.426667 Delta: Yes
2024-10-14 20:09:39.432733 Victor: Yes
ChatterBot Victor reevaluating
ChatterBot Delta reevaluating
randomSelections Lima: {Lima, India, Papa, Foxtrot, Quebec, Delta, Uniform, November} 
2024-10-14 20:09:39.445844 Lima: Can we be friends?
ChatterBot India reevaluating
ChatterBot Papa reevaluating
ChatterBot Foxtrot reevaluating
ChatterBot Quebec reevaluating
ChatterBot Delta reevaluating
ChatterBot November reevaluating
2024-10-14 20:09:39.462686 India: Yes
2024-10-14 20:09:39.463535 Papa: Yes
2024-10-14 20:09:39.463794 Foxtrot: Yes
2024-10-14 20:09:39.463999 Quebec: Yes
2024-10-14 20:09:39.464243 Delta: No
2024-10-14 20:09:39.464606 Uniform: No
2024-10-14 20:09:39.465968 November: Yes
ChatterBot Papa reevaluating
ChatterBot Foxtrot reevaluating
ChatterBot Quebec reevaluating
ChatterBot Delta reevaluating
ChatterBot November reevaluating
ChatterBot India reevaluating
ChatterBot Foxtrot reevaluating
ChatterBot Quebec reevaluating
ChatterBot Delta reevaluating
ChatterBot November reevaluating
ChatterBot India reevaluating
ChatterBot Papa reevaluating
ChatterBot Quebec reevaluating
ChatterBot Delta reevaluating
ChatterBot November reevaluating
ChatterBot India reevaluating
ChatterBot Papa reevaluating
ChatterBot Foxtrot reevaluating
ChatterBot Delta reevaluating
ChatterBot November reevaluating
ChatterBot India reevaluating
ChatterBot Papa reevaluating
ChatterBot Foxtrot reevaluating
ChatterBot Quebec reevaluating
ChatterBot November reevaluating
ChatterBot India reevaluating
ChatterBot Papa reevaluating
ChatterBot Foxtrot reevaluating
ChatterBot Quebec reevaluating
ChatterBot Delta reevaluating
ChatterBot November reevaluating
ChatterBot India reevaluating
ChatterBot Papa reevaluating
ChatterBot Foxtrot reevaluating
ChatterBot Quebec reevaluating
ChatterBot Delta reevaluating
randomSelections Kilo: {Kilo, India, Papa, Quebec, Uniform, Lima, Delta} 
2024-10-14 20:09:39.656278 Kilo: Group up?
ChatterBot India reevaluating
ChatterBot Papa reevaluating
ChatterBot Quebec reevaluating
ChatterBot Delta reevaluating
2024-10-14 20:09:39.665507 India: No
2024-10-14 20:09:39.665781 Papa: No
2024-10-14 20:09:39.666535 Quebec: No
2024-10-14 20:09:39.666790 Uniform: No
2024-10-14 20:09:39.666972 Lima: No
2024-10-14 20:09:39.667217 Delta: No
ChatterBot Papa reevaluating
ChatterBot Quebec reevaluating
ChatterBot Delta reevaluating
ChatterBot India reevaluating
ChatterBot Quebec reevaluating
ChatterBot Delta reevaluating
ChatterBot India reevaluating
ChatterBot Papa reevaluating
ChatterBot Delta reevaluating
ChatterBot India reevaluating
ChatterBot Papa reevaluating
ChatterBot Quebec reevaluating
ChatterBot Delta reevaluating
ChatterBot India reevaluating
ChatterBot Papa reevaluating
ChatterBot Quebec reevaluating
ChatterBot Delta reevaluating
ChatterBot India reevaluating
ChatterBot Papa reevaluating
ChatterBot Quebec reevaluating
2024-10-14 20:09:39.740882 November: Uniform and India, sending you 1
2024-10-14 20:09:39.743705 Kilo: Lima and Papa, sending you 3
2024-10-14 20:09:39.744579 Victor: Uniform, sending you 4
2024-10-14 20:09:39.746027 November: Papa, Foxtrot and Delta, sending you 2
2024-10-14 20:09:39.746813 Kilo: India and Delta, sending you 1
2024-10-14 20:09:39.750781 Victor: Delta, sending you 6
2024-10-14 20:09:39.751440 Foxtrot: Lima and Quebec, sending you 1
2024-10-14 20:09:39.753380 Delta: Victor, sending you 4
2024-10-14 20:09:39.753924 India: Uniform, sending you 3
2024-10-14 20:09:39.755429 November: Quebec, sending you 3
2024-10-14 20:09:39.755875 Kilo: Quebec, sending you 4
2024-10-14 20:09:39.757018 Quebec: Lima, sending you 2
2024-10-14 20:09:39.757491 Lima: Uniform, Quebec and Delta, sending you 3
2024-10-14 20:09:39.758705 Uniform: Victor, sending you 2
2024-10-14 20:09:39.759139 Papa: Lima, Quebec and Foxtrot, sending you 1
2024-10-14 20:09:39.760438 Foxtrot: Uniform, India, Papa and November, sending you 2
2024-10-14 20:09:39.761155 India: Papa, Foxtrot, November and Delta, sending you 2
2024-10-14 20:09:39.762289 Delta: Uniform, sending you 7
2024-10-14 20:09:39.762891 Quebec: Uniform and November, sending you 1
2024-10-14 20:09:39.764267 Lima: Foxtrot, sending you 2
2024-10-14 20:09:39.765092 Uniform: Delta, sending you 4
2024-10-14 20:09:39.766348 Papa: India and Delta, sending you 2
2024-10-14 20:09:39.766980 Foxtrot: Delta, sending you 4
2024-10-14 20:09:39.768437 Quebec: India and Delta, sending you 4
2024-10-14 20:09:39.769053 Lima: November, sending you 1
chatterbot Lima submitting transactions
chatterbot Papa submitting transactions
chatterbot Delta submitting transactions
chatterbot Kilo submitting transactions
chatterbot Uniform submitting transactions
chatterbot Victor submitting transactions
chatterbot India submitting transactions
chatterbot Foxtrot submitting transactions
chatterbot Quebec submitting transactions
chatterbot November submitting transactions
ChatterBot Kilo round 2
ChatterBot Lima round 2
ChatterBot Victor round 2
ChatterBot Uniform round 2
ChatterBot India round 2
ChatterBot Papa round 2
ChatterBot Quebec round 2
2024-10-14 20:09:42.807776 Lima: We should group up
ChatterBot Kilo reevaluating
ChatterBot Quebec reevaluating
ChatterBot India reevaluating
ChatterBot Papa reevaluating
ChatterBot Foxtrot reevaluating
ChatterBot November reevaluating
2024-10-14 20:09:42.851342 Kilo: Yes
2024-10-14 20:09:42.851541 Quebec: Yes
2024-10-14 20:09:42.851667 India: Yes
2024-10-14 20:09:42.852265 Papa: No
2024-10-14 20:09:42.852382 Foxtrot: No
2024-10-14 20:09:42.852493 November: No
ChatterBot Quebec reevaluating
ChatterBot India reevaluating
ChatterBot Papa reevaluating
ChatterBot Foxtrot reevaluating
ChatterBot November reevaluating
ChatterBot Kilo reevaluating
ChatterBot India reevaluating
ChatterBot Papa reevaluating
ChatterBot Foxtrot reevaluating
ChatterBot November reevaluating
ChatterBot Kilo reevaluating
ChatterBot Quebec reevaluating
ChatterBot Papa reevaluating
ChatterBot Foxtrot reevaluating
ChatterBot November reevaluating
ChatterBot Kilo reevaluating
ChatterBot Quebec reevaluating
ChatterBot India reevaluating
ChatterBot Foxtrot reevaluating
ChatterBot November reevaluating
ChatterBot Kilo reevaluating
2024-10-14 20:09:43.003862 Quebec: We should group up
ChatterBot Quebec reevaluating
ChatterBot India reevaluating
ChatterBot Papa reevaluating
ChatterBot November reevaluating
ChatterBot Kilo reevaluating
ChatterBot Quebec reevaluating
ChatterBot India reevaluating
ChatterBot Papa reevaluating
ChatterBot Foxtrot reevaluating
2024-10-14 20:09:43.151497 Lima: Yes
ChatterBot India reevaluating
ChatterBot Papa reevaluating
ChatterBot Kilo reevaluating
2024-10-14 20:09:43.164831 India: Yes
2024-10-14 20:09:43.165180 Papa: No
ChatterBot November reevaluating
2024-10-14 20:09:43.178419 Kilo: No
ChatterBot Kilo reevaluating
ChatterBot Quebec reevaluating
ChatterBot India reevaluating
ChatterBot Papa reevaluating
ChatterBot Foxtrot reevaluating
2024-10-14 20:09:43.208872 November: No
ChatterBot November reevaluating
ChatterBot Kilo reevaluating
ChatterBot Quebec reevaluating
ChatterBot Papa reevaluating
2024-10-14 20:09:43.252289 Foxtrot: No
ChatterBot Foxtrot reevaluating
ChatterBot November reevaluating
ChatterBot Kilo reevaluating
ChatterBot Quebec reevaluating
ChatterBot India reevaluating
ChatterBot Foxtrot reevaluating
ChatterBot November reevaluating
ChatterBot Quebec reevaluating
ChatterBot India reevaluating
ChatterBot Papa reevaluating
ChatterBot Foxtrot reevaluating
ChatterBot November reevaluating
ChatterBot Kilo reevaluating
ChatterBot Quebec reevaluating
ChatterBot India reevaluating
ChatterBot Papa reevaluating
ChatterBot Foxtrot reevaluating
ChatterBot Kilo reevaluating
ChatterBot Quebec reevaluating
ChatterBot India reevaluating
ChatterBot Papa reevaluating
ChatterBot Foxtrot reevaluating
ChatterBot November reevaluating
ChatterBot Foxtrot round 2
ChatterBot November round 2
ChatterBot Delta round 2
2024-10-14 20:09:43.476779 November: Can we be friends?
ChatterBot Foxtrot reevaluating
2024-10-14 20:09:43.496975 Lima: Yes
2024-10-14 20:09:43.497637 Kilo: Yes
2024-10-14 20:09:43.497769 Quebec: Yes
2024-10-14 20:09:43.497897 India: Yes
2024-10-14 20:09:43.498059 Papa: No
2024-10-14 20:09:43.498174 Foxtrot: Yes
ChatterBot Foxtrot reevaluating
ChatterBot Papa reevaluating
ChatterBot Foxtrot reevaluating
ChatterBot Papa reevaluating
ChatterBot Foxtrot reevaluating
ChatterBot Papa reevaluating
ChatterBot Foxtrot reevaluating
ChatterBot Foxtrot reevaluating
ChatterBot Papa reevaluating
2024-10-14 20:09:43.673866 Delta: Group up?
ChatterBot Victor reevaluating
2024-10-14 20:09:43.691414 Victor: No
2024-10-14 20:09:43.691587 Uniform: No
2024-10-14 20:09:43.691711 Kilo: No
2024-10-14 20:09:43.691881 Lima: No
2024-10-14 20:09:43.692032 Quebec: No
ChatterBot Victor reevaluating
ChatterBot Victor reevaluating
ChatterBot Victor reevaluating
ChatterBot Victor reevaluating
2024-10-14 20:09:43.874398 Lima: Kilo, sending you 7
2024-10-14 20:09:43.878477 November: Kilo, sending you 1
2024-10-14 20:09:43.879650 Lima: Papa and Foxtrot, sending you 2
2024-10-14 20:09:43.881016 Papa: India, sending you 3
2024-10-14 20:09:43.882177 Kilo: Lima, India, Papa, Quebec, Foxtrot and November, sending you 2
2024-10-14 20:09:43.882887 Quebec: Kilo, sending you 5
2024-10-14 20:09:43.884180 Uniform: Victor, sending you 2
2024-10-14 20:09:43.884647 November: Lima, India, Papa, Quebec and Foxtrot, sending you 2
2024-10-14 20:09:43.885826 Lima: Quebec, sending you 4
2024-10-14 20:09:43.887039 Papa: Foxtrot and November, sending you 2
2024-10-14 20:09:43.887675 Delta: Kilo, sending you 1
2024-10-14 20:09:43.888900 India: Kilo, Lima and November, sending you 1
2024-10-14 20:09:43.890060 Quebec: Lima and November, sending you 4
2024-10-14 20:09:43.890673 Foxtrot: Lima, India and November, sending you 4
2024-10-14 20:09:43.891865 Uniform: Delta, sending you 4
2024-10-14 20:09:43.896345 Delta: Lima, Uniform and Quebec, sending you 2
2024-10-14 20:09:43.897062 India: Papa and Foxtrot, sending you 2
2024-10-14 20:09:43.898376 Quebec: Papa, sending you 2
2024-10-14 20:09:43.899172 Foxtrot: Papa, sending you 2
2024-10-14 20:09:43.900389 Delta: Victor, sending you 4
2024-10-14 20:09:43.901683 Victor: Uniform, sending you 5
2024-10-14 20:09:43.902063 India: Quebec, sending you 4
2024-10-14 20:09:43.917318 Quebec: Foxtrot, sending you 1
2024-10-14 20:09:43.918982 Victor: Delta, sending you 8
chatterbot November submitting transactions
chatterbot Kilo submitting transactions
chatterbot Quebec submitting transactions
chatterbot Foxtrot submitting transactions
chatterbot Lima submitting transactions
chatterbot Papa submitting transactions
chatterbot Victor submitting transactions
chatterbot Delta submitting transactions
chatterbot Uniform submitting transactions
chatterbot India submitting transactions
ChatterBot Kilo round 3
ChatterBot Lima round 3
ChatterBot Victor round 3
ChatterBot Uniform round 3
ChatterBot India round 3
ChatterBot Papa round 3
ChatterBot Quebec round 3
ChatterBot Foxtrot round 3
ChatterBot November round 3
ChatterBot Delta round 3
2024-10-14 20:09:45.070915 India: We should drop Papa
2024-10-14 20:09:45.103597 Kilo: No
2024-10-14 20:09:45.103883 Lima: No
2024-10-14 20:09:45.104056 Quebec: No
2024-10-14 20:09:45.104768 Foxtrot: No
2024-10-14 20:09:45.104923 November: No
ChatterBot November reevaluating
ChatterBot November reevaluating
ChatterBot November reevaluating
ChatterBot November reevaluating
2024-10-14 20:09:45.267507 Kilo: Lima and Quebec, sending you 3
2024-10-14 20:09:45.268707 Uniform: Sending you each 3
2024-10-14 20:09:45.269097 Victor: Uniform, sending you 5
2024-10-14 20:09:45.269404 Lima: Kilo and Foxtrot, sending you 4
2024-10-14 20:09:45.426148 Kilo: India and November, sending you 2
2024-10-14 20:09:45.427599 Papa: Kilo, sending you 2
2024-10-14 20:09:45.428923 Victor: Delta, sending you 8
2024-10-14 20:09:45.429458 Lima: India and Papa, sending you 1
2024-10-14 20:09:45.430840 Quebec: Kilo, India and November, sending you 3
2024-10-14 20:09:45.432190 Delta: Kilo, Lima and Quebec, sending you 1
chatterbot Uniform submitting transactions
2024-10-14 20:09:45.433868 Kilo: Papa and Foxtrot, sending you 1
2024-10-14 20:09:45.435408 Papa: Lima, India, Quebec, Foxtrot and November, sending you 1
2024-10-14 20:09:45.436345 Lima: Quebec, sending you 5
2024-10-14 20:09:45.437749 Quebec: Lima, sending you 5
2024-10-14 20:09:45.438946 Foxtrot: Kilo and Papa, sending you 2
2024-10-14 20:09:45.440496 India: Kilo, Quebec and November, sending you 2
2024-10-14 20:09:45.441862 November: Kilo, India, Papa, Quebec and Foxtrot, sending you 2
2024-10-14 20:09:45.442754 Delta: Victor, sending you 5
2024-10-14 20:09:45.443862 Lima: November, sending you 2
2024-10-14 20:09:45.444665 Quebec: Papa and Foxtrot, sending you 1
2024-10-14 20:09:45.446143 Foxtrot: Lima, India and November, sending you 3
2024-10-14 20:09:45.447478 India: Lima, sending you 1
2024-10-14 20:09:45.448202 November: Lima, sending you 1
2024-10-14 20:09:45.449474 Delta: Uniform, sending you 3
2024-10-14 20:09:45.469334 Foxtrot: Quebec, sending you 1
2024-10-14 20:09:45.471040 India: Foxtrot, sending you 4
chatterbot Papa submitting transactions
chatterbot Quebec submitting transactions
chatterbot Foxtrot submitting transactions
chatterbot Lima submitting transactions
chatterbot Delta submitting transactions
chatterbot Kilo submitting transactions
chatterbot Victor submitting transactions
chatterbot November submitting transactions
chatterbot India submitting transactions
ChatterBot Kilo round 4
ChatterBot Lima round 4
ChatterBot Victor round 4
ChatterBot Uniform round 4
ChatterBot India round 4
ChatterBot Papa round 4
ChatterBot Quebec round 4
ChatterBot Foxtrot round 4
ChatterBot November round 4
ChatterBot Delta round 4
2024-10-14 20:09:46.284426 Delta: We would work well together
2024-10-14 20:09:46.336999 Kilo: No
2024-10-14 20:09:46.337484 Lima: No
2024-10-14 20:09:46.338351 Quebec: No
2024-10-14 20:09:46.338623 India: No
2024-10-14 20:09:46.338895 Papa: No
2024-10-14 20:09:46.339198 Foxtrot: No
2024-10-14 20:09:46.339996 November: No
ChatterBot Delta reevaluating
ChatterBot Delta reevaluating
ChatterBot Delta reevaluating
ChatterBot Delta reevaluating
ChatterBot Delta reevaluating
ChatterBot Delta reevaluating
ChatterBot Delta reevaluating
2024-10-14 20:09:46.615682 November: We should drop Papa
ChatterBot Quebec reevaluating
2024-10-14 20:09:46.638348 India: Yes
2024-10-14 20:09:46.638909 Kilo: No
2024-10-14 20:09:46.639033 Lima: No
2024-10-14 20:09:46.639137 Quebec: Yes
2024-10-14 20:09:46.639236 Foxtrot: No
ChatterBot Quebec reevaluating
ChatterBot Quebec reevaluating
ChatterBot Quebec reevaluating
ChatterBot Quebec reevaluating
2024-10-14 20:09:46.765005 India: Kilo and November, sending you 2
2024-10-14 20:09:46.765919 Kilo: Lima, sending you 3
2024-10-14 20:09:46.766444 Foxtrot: Kilo, sending you 1
2024-10-14 20:09:46.767445 Victor: Uniform, sending you 5
2024-10-14 20:09:46.767724 Lima: Kilo and Foxtrot, sending you 4
2024-10-14 20:09:46.768772 Uniform: Same as last round
2024-10-14 20:09:46.769127 Papa: Kilo, Lima, India, Quebec and Foxtrot, sending you 1
2024-10-14 20:09:46.771297 India: Lima, sending you 1
2024-10-14 20:09:46.772631 Kilo: India, Papa, Quebec and November, sending you 2
2024-10-14 20:09:46.773995 Foxtrot: Lima and India, sending you 4
2024-10-14 20:09:46.774702 Victor: Delta, sending you 8
2024-10-14 20:09:46.775642 Lima: India and Papa, sending you 1
2024-10-14 20:09:46.776311 Papa: November, sending you 2
2024-10-14 20:09:46.776956 India: Quebec and Foxtrot, sending you 3
2024-10-14 20:09:46.777811 November: Kilo, Lima, India and Quebec, sending you 2
2024-10-14 20:09:46.778263 Kilo: Foxtrot, sending you 1
2024-10-14 20:09:46.779185 Delta: Kilo, India, Papa and November, sending you 1
2024-10-14 20:09:46.779764 Foxtrot: Papa, sending you 2
2024-10-14 20:09:46.780937 Lima: Quebec, sending you 5
2024-10-14 20:09:46.781718 November: Foxtrot, sending you 3
2024-10-14 20:09:46.782847 Quebec: Kilo, India and November, sending you 3
2024-10-14 20:09:46.783395 Delta: Lima and Foxtrot, sending you 2
2024-10-14 20:09:46.783824 Foxtrot: November, sending you 3
2024-10-14 20:09:46.784947 Lima: November, sending you 2
2024-10-14 20:09:46.788938 Quebec: Lima, sending you 5
2024-10-14 20:09:46.790091 Delta: Quebec, sending you 3
2024-10-14 20:09:46.793163 Quebec: Papa and Foxtrot, sending you 1
chatterbot Lima submitting transactions
chatterbot Kilo submitting transactions
chatterbot Papa submitting transactions
chatterbot November submitting transactions
chatterbot India submitting transactions
chatterbot Quebec submitting transactions
chatterbot Delta submitting transactions
chatterbot Uniform submitting transactions
chatterbot Foxtrot submitting transactions
chatterbot Victor submitting transactions
ChatterBot Kilo round 5
ChatterBot Lima round 5
ChatterBot Victor round 5
ChatterBot Uniform round 5
ChatterBot India round 5
ChatterBot Papa round 5
ChatterBot Quebec round 5
ChatterBot Foxtrot round 5
ChatterBot November round 5
ChatterBot Delta round 5
2024-10-14 20:09:47.753329 Victor: We should add Papa
ChatterBot Delta reevaluating
2024-10-14 20:09:47.766712 Uniform: No
2024-10-14 20:09:47.766966 Delta: Yes
ChatterBot Delta reevaluating
ChatterBot Victor reevaluating
ChatterBot Victor reevaluating
2024-10-14 20:09:47.843676 Lima: Kilo, sending you 3
2024-10-14 20:09:47.845689 Uniform: Victor, sending you 4
2024-10-14 20:09:47.849666 Lima: India and Papa, sending you 1
2024-10-14 20:09:47.850836 Uniform: Delta, sending you 2
2024-10-14 20:09:47.852057 Foxtrot: Kilo, sending you 1
2024-10-14 20:09:47.855680 Lima: Quebec, sending you 6
2024-10-14 20:09:47.856992 Quebec: Kilo, India and November, sending you 3
2024-10-14 20:09:47.858014 India: Kilo and November, sending you 2
2024-10-14 20:09:47.858358 Foxtrot: Lima and India, sending you 4
2024-10-14 20:09:47.858835 Delta: Kilo, India, Papa and November, sending you 1
2024-10-14 20:09:47.859696 Lima: Foxtrot, sending you 4
2024-10-14 20:09:47.861672 Papa: Kilo and Foxtrot, sending you 2
2024-10-14 20:09:47.862419 Delta: Lima and Foxtrot, sending you 2
2024-10-14 20:09:47.862971 Quebec: Lima, sending you 5
2024-10-14 20:09:47.864005 India: Lima, sending you 1
2024-10-14 20:09:47.864381 Kilo: Lima, sending you 3
2024-10-14 20:09:47.865497 Foxtrot: Papa, sending you 2
2024-10-14 20:09:47.866161 November: Kilo, Lima, India and Foxtrot, sending you 2
2024-10-14 20:09:47.866486 Lima: November, sending you 2
2024-10-14 20:09:47.866928 Victor: Uniform, sending you 6
2024-10-14 20:09:47.867655 Papa: Lima, Quebec and November, sending you 1
2024-10-14 20:09:47.868218 India: Quebec and Foxtrot, sending you 3
2024-10-14 20:09:47.868575 Delta: Quebec, sending you 3
2024-10-14 20:09:47.868899 Quebec: Papa and Foxtrot, sending you 1
2024-10-14 20:09:47.869802 Kilo: India, Papa, Quebec and November, sending you 2
2024-10-14 20:09:47.870228 Foxtrot: November, sending you 3
2024-10-14 20:09:47.870711 November: Quebec, sending you 3
2024-10-14 20:09:47.871653 Victor: Delta, sending you 7
2024-10-14 20:09:47.872680 Kilo: Foxtrot, sending you 1
chatterbot Delta submitting transactions
chatterbot November submitting transactions
chatterbot Foxtrot submitting transactions
chatterbot Kilo submitting transactions
chatterbot Quebec submitting transactions
chatterbot Victor submitting transactions
chatterbot Uniform submitting transactions
chatterbot Papa submitting transactions
chatterbot India submitting transactions
chatterbot Lima submitting transactions
ChatterBot Kilo round 6
ChatterBot Lima round 6
ChatterBot Victor round 6
ChatterBot Uniform round 6
ChatterBot India round 6
ChatterBot Papa round 6
ChatterBot Quebec round 6
ChatterBot Foxtrot round 6
ChatterBot November round 6
ChatterBot Delta round 6
2024-10-14 20:09:49.227342 Kilo: We should drop Papa
2024-10-14 20:09:49.249472 India: Yes
2024-10-14 20:09:49.249690 Lima: No
2024-10-14 20:09:49.249919 Quebec: No
2024-10-14 20:09:49.250082 Foxtrot: No
2024-10-14 20:09:49.250311 November: Yes
ChatterBot Foxtrot reevaluating
ChatterBot Kilo reevaluating
ChatterBot Foxtrot reevaluating
ChatterBot Kilo reevaluating
ChatterBot Kilo reevaluating
ChatterBot Foxtrot reevaluating
2024-10-14 20:09:49.344688 Victor: Uniform, sending you 7
2024-10-14 20:09:49.345032 Quebec: Kilo, India and November, sending you 3
2024-10-14 20:09:49.345641 Lima: Kilo, sending you 3
2024-10-14 20:09:49.346675 Papa: Kilo and Foxtrot, sending you 2
2024-10-14 20:09:49.347358 India: Kilo and November, sending you 2
2024-10-14 20:09:49.347941 Victor: Delta, sending you 6
2024-10-14 20:09:49.350759 Quebec: Lima, sending you 5
2024-10-14 20:09:49.351528 Lima: India and Papa, sending you 1
2024-10-14 20:09:49.352235 Papa: Lima, Quebec and November, sending you 1
2024-10-14 20:09:49.353175 India: Lima, sending you 1
2024-10-14 20:09:49.353675 Quebec: Papa and Foxtrot, sending you 1
2024-10-14 20:09:49.354694 Lima: Quebec, sending you 6
2024-10-14 20:09:49.356094 India: Quebec and Foxtrot, sending you 3
2024-10-14 20:09:49.360098 Uniform: Victor, sending you 1
2024-10-14 20:09:49.360476 Lima: Foxtrot, sending you 4
2024-10-14 20:09:49.363674 November: Kilo, Lima, India and Foxtrot, sending you 2
2024-10-14 20:09:49.364668 Delta: Kilo, India, Papa and November, sending you 1
2024-10-14 20:09:49.365694 Lima: November, sending you 2
2024-10-14 20:09:49.367021 Foxtrot: Kilo and Quebec, sending you 1
2024-10-14 20:09:49.367686 Delta: Lima and Foxtrot, sending you 2
2024-10-14 20:09:49.368694 November: Quebec, sending you 3
2024-10-14 20:09:49.370826 Foxtrot: Lima, sending you 4
2024-10-14 20:09:49.371773 Kilo: Lima, sending you 3
2024-10-14 20:09:49.373116 Delta: Quebec, sending you 3
2024-10-14 20:09:49.374694 Foxtrot: India and November, sending you 3
2024-10-14 20:09:49.376623 Kilo: India, Papa, Quebec and November, sending you 2
2024-10-14 20:09:49.379663 Foxtrot: Papa, sending you 2
2024-10-14 20:09:49.381692 Kilo: Foxtrot, sending you 1
chatterbot Quebec submitting transactions
chatterbot Papa submitting transactions
chatterbot Lima submitting transactions
chatterbot Uniform submitting transactions
chatterbot Delta submitting transactions
chatterbot Foxtrot submitting transactions
chatterbot India submitting transactions
chatterbot November submitting transactions
chatterbot Victor submitting transactions
chatterbot Kilo submitting transactions
ChatterBot Kilo round 7
ChatterBot Lima round 7
ChatterBot Victor round 7
ChatterBot Uniform round 7
ChatterBot India round 7
ChatterBot Papa round 7
ChatterBot Quebec round 7
ChatterBot Foxtrot round 7
ChatterBot November round 7
ChatterBot Delta round 7
2024-10-14 20:09:50.523752 Kilo: We should drop Papa
ChatterBot Quebec reevaluating
2024-10-14 20:09:50.541694 India: Yes
2024-10-14 20:09:50.541844 Lima: No
2024-10-14 20:09:50.541969 Quebec: Yes
2024-10-14 20:09:50.542102 Foxtrot: No
2024-10-14 20:09:50.542206 November: Yes
ChatterBot Quebec reevaluating
ChatterBot Quebec reevaluating
ChatterBot Foxtrot reevaluating
ChatterBot Foxtrot reevaluating
ChatterBot Quebec reevaluating
ChatterBot Quebec reevaluating
ChatterBot Foxtrot reevaluating
2024-10-14 20:09:50.666726 India: Kilo and November, sending you 2
2024-10-14 20:09:50.667978 Kilo: I was attacked by Uniform
ChatterBot India reevaluating
ChatterBot Lima reevaluating
ChatterBot Quebec reevaluating
ChatterBot Foxtrot reevaluating
ChatterBot November reevaluating
2024-10-14 20:09:50.701407 Kilo: I'm keeping this round to protect myself
2024-10-14 20:09:50.704560 Kilo: Ow
2024-10-14 20:09:50.709249 Uniform: Victor, sending you 1
2024-10-14 20:09:50.709962 Papa: Kilo and Foxtrot, sending you 2
2024-10-14 20:09:50.710975 Victor: Uniform, sending you 8
2024-10-14 20:09:50.714683 Papa: Lima, Quebec and November, sending you 1
2024-10-14 20:09:50.715763 Victor: Delta, sending you 5
2024-10-14 20:09:50.724738 Quebec: Kilo, India and November, sending you 3
2024-10-14 20:09:50.726141 Lima: Kilo, sending you 3
2024-10-14 20:09:50.729097 Foxtrot: Kilo and Quebec, sending you 1
2024-10-14 20:09:50.733983 Quebec: Lima, sending you 5
2024-10-14 20:09:50.736491 November: Kilo, Lima, India and Foxtrot, sending you 2
2024-10-14 20:09:50.737285 Lima: India and Papa, sending you 1
2024-10-14 20:09:50.739624 Foxtrot: Lima, sending you 4
2024-10-14 20:09:50.743774 Quebec: Papa and Foxtrot, sending you 1
2024-10-14 20:09:50.744846 November: Quebec, sending you 3
2024-10-14 20:09:50.747567 Lima: Quebec, sending you 6
2024-10-14 20:09:51.064744 Foxtrot: India and November, sending you 3
2024-10-14 20:09:51.066446 Lima: Foxtrot, sending you 4
chatterbot Quebec submitting transactions
2024-10-14 20:09:51.102335 Foxtrot: Papa, sending you 2
2024-10-14 20:09:51.104084 Lima: November, sending you 2
chatterbot Foxtrot submitting transactions
chatterbot Victor submitting transactions
chatterbot Lima submitting transactions
chatterbot Kilo submitting transactions
chatterbot Papa submitting transactions
chatterbot India submitting transactions
chatterbot Delta submitting transactions
chatterbot Uniform submitting transactions
chatterbot November submitting transactions
ChatterBot Kilo round 8
ChatterBot Lima round 8
ChatterBot Victor round 8
ChatterBot Uniform round 8
ChatterBot India round 8
ChatterBot Papa round 8
ChatterBot Quebec round 8
ChatterBot Foxtrot round 8
2024-10-14 20:09:52.066173 Lima: We should add Delta
ChatterBot Quebec reevaluating
ChatterBot India reevaluating
ChatterBot Foxtrot reevaluating
2024-10-14 20:09:52.102307 Kilo: No
2024-10-14 20:09:52.102489 Quebec: Yes
2024-10-14 20:09:52.102648 India: No
2024-10-14 20:09:52.102809 Papa: No
2024-10-14 20:09:52.102929 Foxtrot: Yes
2024-10-14 20:09:52.103534 November: No
ChatterBot Quebec reevaluating
ChatterBot India reevaluating
ChatterBot Foxtrot reevaluating
ChatterBot India reevaluating
ChatterBot Foxtrot reevaluating
ChatterBot Lima reevaluating
ChatterBot Quebec reevaluating
ChatterBot Foxtrot reevaluating
ChatterBot Lima reevaluating
ChatterBot Quebec reevaluating
ChatterBot India reevaluating
ChatterBot Foxtrot reevaluating
ChatterBot Lima reevaluating
ChatterBot Kilo reevaluating
ChatterBot Quebec reevaluating
ChatterBot India reevaluating
ChatterBot Lima reevaluating
ChatterBot Kilo reevaluating
ChatterBot Quebec reevaluating
ChatterBot India reevaluating
ChatterBot Foxtrot reevaluating
ChatterBot November round 8
2024-10-14 20:09:52.252201 Victor: We should add Papa
ChatterBot Uniform reevaluating
2024-10-14 20:09:52.258639 Uniform: Yes
2024-10-14 20:09:52.258826 Delta: Yes
ChatterBot Uniform reevaluating
ChatterBot Delta round 8
2024-10-14 20:09:52.304087 Victor: Papa we want you to join our group
2024-10-14 20:09:52.308035 Papa: No
ChatterBot Uniform reevaluating
2024-10-14 20:09:52.324716 Foxtrot: Delta we want you to join our group
2024-10-14 20:09:52.331166 Delta: Yes
ChatterBot Kilo reevaluating
ChatterBot Lima reevaluating
ChatterBot Quebec reevaluating
2024-10-14 20:09:52.454393 Kilo: We should replace November with Papa
ChatterBot Lima reevaluating
ChatterBot Quebec reevaluating
2024-10-14 20:09:52.488535 Lima: No
2024-10-14 20:09:52.488743 India: No
2024-10-14 20:09:52.488938 Quebec: No
2024-10-14 20:09:52.489111 Foxtrot: No
ChatterBot Kilo reevaluating
ChatterBot India reevaluating
ChatterBot Quebec reevaluating
ChatterBot Kilo reevaluating
ChatterBot Lima reevaluating
ChatterBot Quebec reevaluating
ChatterBot Kilo reevaluating
ChatterBot Lima reevaluating
ChatterBot India reevaluating
ChatterBot Kilo reevaluating
ChatterBot Lima reevaluating
ChatterBot India reevaluating
ChatterBot Quebec reevaluating
2024-10-14 20:09:52.558048 Uniform: Papa we want you to join our group
2024-10-14 20:09:52.562362 Papa: No
2024-10-14 20:09:52.579480 Papa: Kilo and Foxtrot, sending you 2
2024-10-14 20:09:52.581831 India: We should replace Kilo with Papa
ChatterBot Lima reevaluating
ChatterBot November reevaluating
2024-10-14 20:09:52.606399 Lima: No
2024-10-14 20:09:52.606699 Quebec: No
2024-10-14 20:09:52.606969 Foxtrot: No
2024-10-14 20:09:52.607199 November: Yes
ChatterBot India reevaluating
ChatterBot Quebec reevaluating
ChatterBot November reevaluating
ChatterBot India reevaluating
ChatterBot Lima reevaluating
ChatterBot November reevaluating
ChatterBot India reevaluating
ChatterBot Lima reevaluating
ChatterBot Quebec reevaluating
ChatterBot November reevaluating
ChatterBot India reevaluating
ChatterBot Lima reevaluating
ChatterBot Quebec reevaluating
2024-10-14 20:09:52.690852 Papa: Lima, Quebec and November, sending you 1
2024-10-14 20:09:52.698532 Lima: Delta we want you to join our group
2024-10-14 20:09:52.704558 Delta: Yes
ChatterBot Kilo reevaluating
ChatterBot Lima reevaluating
ChatterBot India reevaluating
ChatterBot November reevaluating
2024-10-14 20:09:52.735588 Victor: Uniform, sending you 8
2024-10-14 20:09:52.736014 Quebec: Delta we want you to join our group
2024-10-14 20:09:52.741713 Delta: Yes
ChatterBot Kilo reevaluating
ChatterBot Lima reevaluating
ChatterBot Quebec reevaluating
ChatterBot India reevaluating
ChatterBot November reevaluating
2024-10-14 20:09:52.774043 Foxtrot: Lima, sending you 3
2024-10-14 20:09:52.775503 Victor: Papa, sending you 1
2024-10-14 20:09:52.777997 Foxtrot: India and November, sending you 2
2024-10-14 20:09:52.779317 Victor: Delta, sending you 4
2024-10-14 20:09:52.783776 November: Papa we want you to join our group
2024-10-14 20:09:52.788620 Papa: Yes
ChatterBot Lima reevaluating
ChatterBot India reevaluating
ChatterBot Quebec reevaluating
2024-10-14 20:09:52.812330 Foxtrot: Papa, Quebec and Delta, sending you 1
chatterbot Papa submitting transactions
2024-10-14 20:09:52.817653 Kilo: Lima and Quebec, sending you 3
2024-10-14 20:09:52.819007 India: Papa we want you to join our group
2024-10-14 20:09:52.823877 Papa: Yes
ChatterBot India reevaluating
ChatterBot Kilo reevaluating
ChatterBot Lima reevaluating
ChatterBot Quebec reevaluating
2024-10-14 20:09:52.849204 November: Lima, India, Papa and Foxtrot, sending you 2
2024-10-14 20:09:52.853695 November: Quebec, sending you 3
2024-10-14 20:09:52.873458 Quebec: Kilo and Delta, sending you 2
2024-10-14 20:09:52.879683 Quebec: Lima, sending you 5
2024-10-14 20:09:52.884831 Quebec: India and November, sending you 3
2024-10-14 20:09:52.890690 Quebec: Papa, sending you 1
chatterbot Foxtrot submitting transactions
chatterbot Uniform submitting transactions
chatterbot Delta submitting transactions
chatterbot November submitting transactions
chatterbot Lima submitting transactions
chatterbot Victor submitting transactions
chatterbot Kilo submitting transactions
chatterbot Quebec submitting transactions
chatterbot November submitting transactions
chatterbot India submitting transactions
ChatterBot Kilo round 9
ChatterBot Lima round 9
ChatterBot Victor round 9
ChatterBot Uniform round 9
ChatterBot India round 9
ChatterBot Papa round 9
ChatterBot Quebec round 9
ChatterBot Foxtrot round 9
ChatterBot November round 9
2024-10-14 20:09:53.997779 Kilo: We should replace India with Papa
2024-10-14 20:09:54.020681 Lima: No
2024-10-14 20:09:54.021370 Quebec: No
2024-10-14 20:09:54.021541 Foxtrot: No
2024-10-14 20:09:54.021716 November: No
ChatterBot Kilo reevaluating
ChatterBot Quebec reevaluating
ChatterBot Kilo reevaluating
ChatterBot Kilo reevaluating
ChatterBot Quebec reevaluating
ChatterBot Kilo reevaluating
ChatterBot Quebec reevaluating
ChatterBot Delta round 9
2024-10-14 20:09:54.111595 India: We should replace November with Papa
ChatterBot Kilo reevaluating
ChatterBot Quebec reevaluating
2024-10-14 20:09:54.126176 Kilo: No
2024-10-14 20:09:54.126308 Lima: No
2024-10-14 20:09:54.126407 Quebec: No
2024-10-14 20:09:54.126499 Foxtrot: No
ChatterBot Lima reevaluating
ChatterBot India reevaluating
ChatterBot Quebec reevaluating
ChatterBot Kilo reevaluating
ChatterBot India reevaluating
ChatterBot Quebec reevaluating
ChatterBot Kilo reevaluating
ChatterBot Lima reevaluating
ChatterBot India reevaluating
ChatterBot Kilo reevaluating
ChatterBot Lima reevaluating
ChatterBot India reevaluating
ChatterBot Quebec reevaluating
2024-10-14 20:09:54.352406 Kilo: Papa we want you to join our group
2024-10-14 20:09:54.357906 Papa: Yes
ChatterBot India reevaluating
ChatterBot Kilo reevaluating
ChatterBot Quebec reevaluating
2024-10-14 20:09:54.380081 Uniform: I was attacked by India, Foxtrot and Delta
ChatterBot Victor reevaluating
ChatterBot Delta reevaluating
ChatterBot Papa reevaluating
2024-10-14 20:09:54.393711 Uniform: I'm keeping this round to protect myself
2024-10-14 20:09:54.395213 Uniform: Ow
2024-10-14 20:09:54.398864 Foxtrot: Kilo, Papa and November, sending you 1
2024-10-14 20:09:54.400803 November: Lima, India, Papa and Foxtrot, sending you 2
2024-10-14 20:09:54.402445 Lima: Kilo and November, sending you 2
2024-10-14 20:09:54.404557 India: Papa we want you to join our group
ChatterBot Papa reevaluating
2024-10-14 20:09:54.412825 Papa: Yes
ChatterBot India reevaluating
ChatterBot Kilo reevaluating
2024-10-14 20:09:54.448761 Foxtrot: Lima and India, sending you 2
2024-10-14 20:09:54.453559 November: Quebec, sending you 3
2024-10-14 20:09:54.457269 Lima: India and Papa, sending you 1
2024-10-14 20:09:54.498497 Lima: Quebec, sending you 5
2024-10-14 20:09:54.500717 Quebec: Kilo and Delta, sending you 2
2024-10-14 20:09:54.501765 Delta: Lima, India, Papa and November, sending you 1
2024-10-14 20:09:54.509580 Lima: Foxtrot, sending you 3
2024-10-14 20:09:54.511430 Quebec: Lima, sending you 4
2024-10-14 20:09:54.512726 Delta: Quebec, sending you 4
2024-10-14 20:09:54.514347 Papa: Kilo, Lima, Quebec and November, sending you 1
2024-10-14 20:09:54.528821 Quebec: India and November, sending you 3
2024-10-14 20:09:54.529828 Delta: Foxtrot, sending you 3
2024-10-14 20:09:54.530896 Papa: Foxtrot, sending you 3
2024-10-14 20:09:54.545001 Quebec: Papa and Foxtrot, sending you 1
2024-10-14 20:09:54.547003 Kilo: Lima and Quebec, sending you 3
2024-10-14 20:09:54.567776 Kilo: India, Papa and Foxtrot, sending you 2
chatterbot Victor submitting transactions
chatterbot Foxtrot submitting transactions
chatterbot Lima submitting transactions
chatterbot Victor submitting transactions
chatterbot Papa submitting transactions
chatterbot November submitting transactions
chatterbot Uniform submitting transactions
chatterbot Papa submitting transactions
chatterbot Delta submitting transactions
chatterbot India submitting transactions
chatterbot Kilo submitting transactions
chatterbot Quebec submitting transactions
ChatterBot Kilo round 10
ChatterBot Lima round 10
ChatterBot Victor round 10
ChatterBot Uniform round 10
ChatterBot India round 10
ChatterBot Papa round 10
ChatterBot Quebec round 10
ChatterBot Foxtrot round 10
ChatterBot November round 10
ChatterBot Delta round 10
2024-10-14 20:09:55.593516 Lima: We should add Delta
ChatterBot Kilo reevaluating
ChatterBot India reevaluating
2024-10-14 20:09:55.633308 Kilo: No
2024-10-14 20:09:55.633561 Quebec: Yes
2024-10-14 20:09:55.633772 India: No
2024-10-14 20:09:55.633994 Papa: No
2024-10-14 20:09:55.634184 Foxtrot: Yes
2024-10-14 20:09:55.634777 November: No
ChatterBot Lima reevaluating
ChatterBot Quebec reevaluating
ChatterBot India reevaluating
ChatterBot Lima reevaluating
ChatterBot Kilo reevaluating
ChatterBot India reevaluating
ChatterBot Lima reevaluating
ChatterBot Kilo reevaluating
ChatterBot Quebec reevaluating
ChatterBot November reevaluating
ChatterBot Lima reevaluating
ChatterBot Kilo reevaluating
ChatterBot Quebec reevaluating
ChatterBot India reevaluating
ChatterBot November reevaluating
ChatterBot Lima reevaluating
ChatterBot Kilo reevaluating
ChatterBot Quebec reevaluating
ChatterBot India reevaluating
ChatterBot November reevaluating
ChatterBot Lima reevaluating
ChatterBot Kilo reevaluating
ChatterBot Quebec reevaluating
ChatterBot India reevaluating
2024-10-14 20:09:55.868400 Kilo: We should replace Quebec with November
ChatterBot Lima reevaluating
ChatterBot India reevaluating
2024-10-14 20:09:55.882310 Lima: No
2024-10-14 20:09:55.882475 India: Yes
2024-10-14 20:09:55.882980 Papa: No
2024-10-14 20:09:55.883110 Foxtrot: No
ChatterBot Kilo reevaluating
ChatterBot India reevaluating
ChatterBot Kilo reevaluating
ChatterBot Lima reevaluating
ChatterBot Kilo reevaluating
ChatterBot Lima reevaluating
ChatterBot India reevaluating
ChatterBot Kilo reevaluating
ChatterBot Lima reevaluating
ChatterBot India reevaluating
2024-10-14 20:09:56.099906 November: We should replace India with Kilo
ChatterBot Lima reevaluating
ChatterBot Quebec reevaluating
2024-10-14 20:09:56.118458 Lima: No
2024-10-14 20:09:56.118731 Papa: No
2024-10-14 20:09:56.118953 Quebec: No
2024-10-14 20:09:56.119130 Foxtrot: No
ChatterBot November reevaluating
ChatterBot Quebec reevaluating
ChatterBot November reevaluating
ChatterBot Lima reevaluating
ChatterBot Quebec reevaluating
ChatterBot November reevaluating
ChatterBot Lima reevaluating
ChatterBot November reevaluating
ChatterBot Lima reevaluating
ChatterBot Quebec reevaluating
2024-10-14 20:09:56.242422 Kilo: We should replace Foxtrot with November
ChatterBot Lima reevaluating
ChatterBot India reevaluating
ChatterBot Quebec reevaluating
2024-10-14 20:09:56.272704 Lima: No
2024-10-14 20:09:56.272978 India: No
2024-10-14 20:09:56.273727 Papa: No
2024-10-14 20:09:56.273934 Quebec: No
ChatterBot Kilo reevaluating
ChatterBot India reevaluating
ChatterBot Quebec reevaluating
ChatterBot Kilo reevaluating
ChatterBot Lima reevaluating
ChatterBot Quebec reevaluating
ChatterBot Kilo reevaluating
ChatterBot Lima reevaluating
ChatterBot India reevaluating
ChatterBot Quebec reevaluating
ChatterBot Kilo reevaluating
ChatterBot Lima reevaluating
ChatterBot India reevaluating
2024-10-14 20:09:56.438075 Quebec: We should drop Delta
ChatterBot Lima reevaluating
ChatterBot India reevaluating
2024-10-14 20:09:56.481091 Lima: Yes
2024-10-14 20:09:56.481361 Kilo: Yes
2024-10-14 20:09:56.481581 India: Yes
2024-10-14 20:09:56.481786 Papa: Yes
2024-10-14 20:09:56.481991 Foxtrot: No
2024-10-14 20:09:56.482700 November: Yes
ChatterBot Kilo reevaluating
ChatterBot India reevaluating
ChatterBot Lima reevaluating
ChatterBot India reevaluating
ChatterBot Lima reevaluating
ChatterBot Kilo reevaluating
ChatterBot Foxtrot reevaluating
ChatterBot Lima reevaluating
ChatterBot Kilo reevaluating
ChatterBot India reevaluating
ChatterBot Foxtrot reevaluating
ChatterBot Lima reevaluating
ChatterBot Kilo reevaluating
ChatterBot India reevaluating
ChatterBot Lima reevaluating
ChatterBot Kilo reevaluating
ChatterBot India reevaluating
ChatterBot Foxtrot reevaluating
2024-10-14 20:09:56.817420 Uniform: I was attacked by India and Foxtrot
ChatterBot Victor reevaluating
ChatterBot Delta reevaluating
ChatterBot Papa reevaluating
2024-10-14 20:09:56.878400 Uniform: I'm keeping this round to protect myself
2024-10-14 20:09:56.880731 Uniform: Ow
chatterbot Delta submitting transactions
chatterbot Uniform submitting transactions
2024-10-14 20:09:56.940595 November: Lima, India, Papa and Foxtrot, sending you 2
2024-10-14 20:09:57.016956 Foxtrot: Kilo, Papa and November, sending you 2
2024-10-14 20:09:57.019653 November: Quebec, sending you 3
2024-10-14 20:09:57.021273 Quebec: Kilo, India and November, sending you 3
2024-10-14 20:09:57.023736 Lima: Kilo, sending you 3
chatterbot Victor submitting transactions
2024-10-14 20:09:57.026947 Foxtrot: Lima and India, sending you 3
2024-10-14 20:09:57.031306 Quebec: Lima, sending you 5
2024-10-14 20:09:57.037047 Kilo: Lima and Quebec, sending you 3
