ChatterBot Foxtrot round 1
ChatterBot Lima round 1
ChatterBot Hotel round 1
ChatterBot November round 1
ChatterBot Quebec round 1
ChatterBot Juliett round 1
ChatterBot Uniform round 1
ChatterBot Delta round 1
ChatterBot Charlie round 1
ChatterBot Bravo round 1
randomSelections Foxtrot: {Foxtrot, Uniform, November, Charlie, Bravo, Quebec} 
2024-10-14 16:49:09.128978 Foxtrot: Let's form a team
ChatterBot Uniform reevaluating
ChatterBot November reevaluating
ChatterBot Charlie reevaluating
ChatterBot Bravo reevaluating
ChatterBot Quebec reevaluating
2024-10-14 16:49:09.226906 Uniform: Yes
2024-10-14 16:49:09.227275 November: Yes
2024-10-14 16:49:09.228800 Charlie: Yes
2024-10-14 16:49:09.229073 Bravo: Yes
2024-10-14 16:49:09.229320 Quebec: Yes
ChatterBot November reevaluating
ChatterBot Charlie reevaluating
ChatterBot Bravo reevaluating
ChatterBot Quebec reevaluating
ChatterBot Uniform reevaluating
ChatterBot Charlie reevaluating
ChatterBot Bravo reevaluating
ChatterBot Quebec reevaluating
ChatterBot Uniform reevaluating
ChatterBot November reevaluating
ChatterBot Bravo reevaluating
ChatterBot Quebec reevaluating
ChatterBot Uniform reevaluating
ChatterBot November reevaluating
ChatterBot Charlie reevaluating
ChatterBot Quebec reevaluating
ChatterBot Uniform reevaluating
ChatterBot November reevaluating
ChatterBot Charlie reevaluating
ChatterBot Bravo reevaluating
randomSelections Hotel: {Hotel, Bravo, Foxtrot, Delta, Lima, Uniform} 
2024-10-14 16:49:09.308600 Hotel: Friends?
ChatterBot Bravo reevaluating
ChatterBot Delta reevaluating
ChatterBot Lima reevaluating
ChatterBot Uniform reevaluating
2024-10-14 16:49:09.315996 Bravo: No
2024-10-14 16:49:09.316180 Foxtrot: No
2024-10-14 16:49:09.316686 Delta: Yes
2024-10-14 16:49:09.316848 Lima: Yes
2024-10-14 16:49:09.316973 Uniform: No
ChatterBot Delta reevaluating
ChatterBot Lima reevaluating
ChatterBot Uniform reevaluating
ChatterBot Bravo reevaluating
ChatterBot Delta reevaluating
ChatterBot Lima reevaluating
ChatterBot Uniform reevaluating
ChatterBot Bravo reevaluating
ChatterBot Lima reevaluating
ChatterBot Uniform reevaluating
ChatterBot Bravo reevaluating
ChatterBot Delta reevaluating
ChatterBot Uniform reevaluating
ChatterBot Bravo reevaluating
ChatterBot Delta reevaluating
ChatterBot Lima reevaluating
randomSelections Juliett: {Juliett, Charlie, Lima, Bravo, November, Hotel} 
2024-10-14 16:49:09.378302 Juliett: Can we be friends?
ChatterBot Charlie reevaluating
ChatterBot Lima reevaluating
ChatterBot Bravo reevaluating
ChatterBot November reevaluating
2024-10-14 16:49:09.388843 Charlie: No
2024-10-14 16:49:09.389041 Lima: No
2024-10-14 16:49:09.389188 Bravo: No
2024-10-14 16:49:09.389736 November: No
2024-10-14 16:49:09.389881 Hotel: No
ChatterBot Lima reevaluating
ChatterBot Bravo reevaluating
ChatterBot November reevaluating
ChatterBot Charlie reevaluating
ChatterBot Bravo reevaluating
ChatterBot November reevaluating
ChatterBot Charlie reevaluating
ChatterBot Lima reevaluating
ChatterBot November reevaluating
ChatterBot Charlie reevaluating
ChatterBot Lima reevaluating
ChatterBot Bravo reevaluating
ChatterBot Charlie reevaluating
ChatterBot Lima reevaluating
ChatterBot Bravo reevaluating
ChatterBot November reevaluating
2024-10-14 16:49:09.511977 Juliett: Lima, sending you 1
2024-10-14 16:49:09.516685 Juliett: November, sending you 2
2024-10-14 16:49:09.517809 Charlie: Foxtrot, sending you 4
2024-10-14 16:49:09.518593 Foxtrot: November, sending you 3
2024-10-14 16:49:09.519784 Quebec: Foxtrot, November, Charlie and Bravo, sending you 1
2024-10-14 16:49:09.520330 Lima: Bravo, sending you 1
2024-10-14 16:49:09.521971 Bravo: Foxtrot and Uniform, sending you 2
2024-10-14 16:49:09.522624 November: Foxtrot, sending you 4
2024-10-14 16:49:09.524037 Uniform: Foxtrot, November, Quebec and Charlie, sending you 2
2024-10-14 16:49:09.525562 Juliett: Charlie, sending you 3
2024-10-14 16:49:09.525941 Charlie: November, sending you 3
2024-10-14 16:49:09.526426 Hotel: Lima, sending you 5
2024-10-14 16:49:09.527635 Foxtrot: Quebec, Uniform and Charlie, sending you 2
2024-10-14 16:49:09.528213 Quebec: Uniform, sending you 2
2024-10-14 16:49:09.530127 Bravo: November, sending you 4
2024-10-14 16:49:09.531024 November: Quebec and Charlie, sending you 2
2024-10-14 16:49:09.532508 Charlie: Quebec and Bravo, sending you 5
2024-10-14 16:49:09.532999 Juliett: Bravo, sending you 4
2024-10-14 16:49:09.534250 Hotel: Bravo, sending you 1
2024-10-14 16:49:09.535592 November: Uniform and Bravo, sending you 3
2024-10-14 16:49:09.536228 Bravo: Quebec, sending you 1
2024-10-14 16:49:09.537293 Charlie: Uniform, sending you 1
chatterbot Foxtrot submitting transactions
chatterbot Hotel submitting transactions
chatterbot Juliett submitting transactions
chatterbot Uniform submitting transactions
chatterbot Delta submitting transactions
chatterbot Lima submitting transactions
chatterbot November submitting transactions
chatterbot Quebec submitting transactions
chatterbot Charlie submitting transactions
chatterbot Bravo submitting transactions
ChatterBot Foxtrot round 2
ChatterBot Lima round 2
2024-10-14 16:49:10.647607 Lima: Can we be friends?
ChatterBot Hotel reevaluating
ChatterBot Juliett reevaluating
ChatterBot Delta reevaluating
2024-10-14 16:49:10.691434 Hotel: No
2024-10-14 16:49:10.691583 Juliett: No
2024-10-14 16:49:10.691710 Delta: No
ChatterBot Juliett reevaluating
ChatterBot Delta reevaluating
ChatterBot Hotel reevaluating
ChatterBot Delta reevaluating
ChatterBot Hotel reevaluating
ChatterBot Juliett reevaluating
ChatterBot Hotel round 2
ChatterBot November round 2
ChatterBot Quebec round 2
ChatterBot Juliett round 2
ChatterBot Uniform round 2
ChatterBot Delta round 2
ChatterBot Charlie round 2
ChatterBot Bravo round 2
2024-10-14 16:49:10.821251 Juliett: Friends?
ChatterBot Delta reevaluating
ChatterBot Foxtrot reevaluating
2024-10-14 16:49:10.835257 Delta: No
2024-10-14 16:49:10.835600 Foxtrot: No
ChatterBot Juliett reevaluating
ChatterBot Foxtrot reevaluating
ChatterBot Juliett reevaluating
ChatterBot Delta reevaluating
2024-10-14 16:49:10.908150 Charlie: We should add Juliett
ChatterBot Foxtrot reevaluating
ChatterBot Bravo reevaluating
2024-10-14 16:49:10.942011 Foxtrot: No
2024-10-14 16:49:10.942250 Uniform: No
2024-10-14 16:49:10.942438 November: No
2024-10-14 16:49:10.943004 Bravo: Yes
2024-10-14 16:49:10.943194 Quebec: No
ChatterBot Charlie reevaluating
ChatterBot Bravo reevaluating
ChatterBot Foxtrot reevaluating
ChatterBot Charlie reevaluating
ChatterBot Bravo reevaluating
ChatterBot Foxtrot reevaluating
ChatterBot Charlie reevaluating
ChatterBot Bravo reevaluating
ChatterBot Foxtrot reevaluating
ChatterBot Charlie reevaluating
ChatterBot Foxtrot reevaluating
ChatterBot Charlie reevaluating
ChatterBot Bravo reevaluating
2024-10-14 16:49:11.127223 Quebec: We should drop Bravo
ChatterBot Foxtrot reevaluating
ChatterBot Charlie reevaluating
2024-10-14 16:49:11.155938 Foxtrot: No
2024-10-14 16:49:11.156161 November: No
2024-10-14 16:49:11.156321 Uniform: No
2024-10-14 16:49:11.156465 Charlie: No
ChatterBot Charlie reevaluating
ChatterBot Foxtrot reevaluating
ChatterBot Charlie reevaluating
ChatterBot Foxtrot reevaluating
ChatterBot Charlie reevaluating
ChatterBot Foxtrot reevaluating
2024-10-14 16:49:11.266473 Lima: Hotel, sending you 4
2024-10-14 16:49:11.703176 Lima: Juliett, sending you 1
2024-10-14 16:49:11.703628 Delta: Hotel, sending you 4
2024-10-14 16:49:11.703909 November: Foxtrot and Charlie, sending you 4
2024-10-14 16:49:11.704835 Juliett: Lima and Delta, sending you 5
2024-10-14 16:49:11.705121 Hotel: Sending you each 3
2024-10-14 16:49:11.705479 Bravo: Juliett we want you to join our group
ChatterBot Juliett reevaluating
2024-10-14 16:49:11.713337 Juliett: No
ChatterBot Foxtrot reevaluating
ChatterBot Charlie reevaluating
2024-10-14 16:49:11.754939 Juliett: We should replace Lima with Hotel
ChatterBot Delta reevaluating
2024-10-14 16:49:11.762638 Delta: No
ChatterBot Juliett reevaluating
chatterbot Juliett submitting transactions
chatterbot Lima submitting transactions
chatterbot Quebec submitting transactions
chatterbot November submitting transactions
2024-10-14 16:49:11.772208 November: Quebec, sending you 2
2024-10-14 16:49:11.773343 Juliett: We should replace Lima with Uniform
ChatterBot Delta reevaluating
2024-10-14 16:49:11.780868 Delta: No
ChatterBot Juliett reevaluating
2024-10-14 16:49:11.789302 Uniform: Foxtrot, November, Quebec and Bravo, sending you 2
2024-10-14 16:49:11.790255 Quebec: Foxtrot, November and Uniform, sending you 1
2024-10-14 16:49:11.790607 November: Uniform, sending you 3
2024-10-14 16:49:12.160725 Quebec: Charlie, sending you 3
2024-10-14 16:49:12.161201 Bravo: Foxtrot and Quebec, sending you 1
2024-10-14 16:49:12.162555 Delta: We should drop Juliett
2024-10-14 16:49:12.173488 Lima: No
2024-10-14 16:49:12.173883 Hotel: No
ChatterBot Delta reevaluating
ChatterBot Delta reevaluating
ChatterBot Lima reevaluating
2024-10-14 16:49:12.196650 November: Bravo, sending you 5
2024-10-14 16:49:12.197067 Charlie: Foxtrot, November and Uniform, sending you 5
2024-10-14 16:49:12.197382 Foxtrot: November, Uniform, Charlie and Bravo, sending you 2
2024-10-14 16:49:12.197989 Juliett: Hotel we want you to join our group
2024-10-14 16:49:12.202002 Hotel: Yes
ChatterBot Delta reevaluating
ChatterBot Juliett reevaluating
chatterbot Hotel submitting transactions
chatterbot Uniform submitting transactions
chatterbot Delta submitting transactions
2024-10-14 16:49:12.211526 Bravo: November and Juliett, sending you 2
chatterbot Bravo submitting transactions
2024-10-14 16:49:12.212040 Charlie: Quebec, sending you 3
2024-10-14 16:49:12.212358 Foxtrot: Quebec, sending you 1
2024-10-14 16:49:12.213262 Lima: We should drop Delta
ChatterBot Juliett reevaluating
2024-10-14 16:49:12.221291 Hotel: No
2024-10-14 16:49:12.221456 Juliett: No
ChatterBot Lima reevaluating
ChatterBot Juliett reevaluating
ChatterBot Lima reevaluating
ChatterBot Hotel reevaluating
2024-10-14 16:49:12.239140 Bravo: Charlie, sending you 3
2024-10-14 16:49:12.496041 Delta: Lima, Hotel and Juliett, sending you 3
2024-10-14 16:49:12.496401 Hotel: Sorry, I'm actually sending you 0
2024-10-14 16:49:12.661432 Hotel: Sending you each 3
2024-10-14 16:49:12.662380 Lima: Hotel, sending you 6
2024-10-14 16:49:12.662768 Juliett: Sorry, I'm actually sending you 0
chatterbot Foxtrot submitting transactions
chatterbot Juliett submitting transactions
2024-10-14 16:49:12.767273 Lima: Juliett, sending you 2
2024-10-14 16:49:12.767605 Juliett: Hotel and Delta, sending you 5
chatterbot Lima submitting transactions
chatterbot Charlie submitting transactions
ChatterBot Foxtrot round 3
ChatterBot Lima round 3
ChatterBot Hotel round 3
ChatterBot November round 3
ChatterBot Quebec round 3
ChatterBot Juliett round 3
ChatterBot Uniform round 3
ChatterBot Delta round 3
ChatterBot Charlie round 3
ChatterBot Bravo round 3
2024-10-14 16:49:13.192271 Juliett: We should add Lima and Bravo
ChatterBot Delta reevaluating
ChatterBot Hotel reevaluating
2024-10-14 16:49:13.201133 Delta: Yes
2024-10-14 16:49:13.201334 Hotel: Yes
ChatterBot Hotel reevaluating
ChatterBot Delta reevaluating
ChatterBot Juliett reevaluating
2024-10-14 16:49:13.217415 Hotel: We should add Delta and Foxtrot
2024-10-14 16:49:13.217863 Delta: We should add Bravo
ChatterBot Juliett reevaluating
2024-10-14 16:49:13.226079 Lima: No
ChatterBot Hotel reevaluating
2024-10-14 16:49:13.233333 Juliett: No
ChatterBot Juliett reevaluating
2024-10-14 16:49:13.238204 Lima: No
2024-10-14 16:49:13.238636 Hotel: Yes
2024-10-14 16:49:13.238805 Juliett: No
ChatterBot Hotel reevaluating
ChatterBot Juliett reevaluating
ChatterBot Hotel reevaluating
ChatterBot Delta reevaluating
ChatterBot Hotel reevaluating
ChatterBot Juliett reevaluating
ChatterBot Delta reevaluating
ChatterBot Lima reevaluating
ChatterBot Juliett reevaluating
ChatterBot Delta reevaluating
ChatterBot Lima reevaluating
ChatterBot Hotel reevaluating
2024-10-14 16:49:13.320536 Hotel: We should add Delta and Uniform
ChatterBot Lima reevaluating
ChatterBot Juliett reevaluating
2024-10-14 16:49:13.329718 Lima: Yes
2024-10-14 16:49:13.329884 Juliett: No
ChatterBot Hotel reevaluating
ChatterBot Juliett reevaluating
ChatterBot Lima reevaluating
ChatterBot Hotel reevaluating
2024-10-14 16:49:13.357563 Bravo: We should replace Juliett with Hotel
ChatterBot Quebec reevaluating
2024-10-14 16:49:13.376878 Foxtrot: No
2024-10-14 16:49:13.377100 Uniform: No
2024-10-14 16:49:13.377263 November: No
2024-10-14 16:49:13.377721 Charlie: No
2024-10-14 16:49:13.377874 Quebec: No
ChatterBot Quebec reevaluating
ChatterBot Quebec reevaluating
ChatterBot Bravo reevaluating
ChatterBot Quebec reevaluating
ChatterBot Bravo reevaluating
ChatterBot Quebec reevaluating
ChatterBot Bravo reevaluating
chatterbot Delta submitting transactions
chatterbot Hotel submitting transactions
2024-10-14 16:49:13.489577 Bravo: We should replace Juliett with Lima
ChatterBot Quebec reevaluating
2024-10-14 16:49:13.508728 Foxtrot: No
2024-10-14 16:49:13.508923 Uniform: No
2024-10-14 16:49:13.509076 November: No
2024-10-14 16:49:13.509530 Charlie: No
2024-10-14 16:49:13.509692 Quebec: No
ChatterBot Bravo reevaluating
ChatterBot Quebec reevaluating
ChatterBot Bravo reevaluating
ChatterBot Quebec reevaluating
ChatterBot Bravo reevaluating
ChatterBot Quebec reevaluating
ChatterBot Bravo reevaluating
ChatterBot Quebec reevaluating
ChatterBot Bravo reevaluating
2024-10-14 16:49:13.671707 Quebec: We should replace Foxtrot with Bravo
2024-10-14 16:49:13.682238 November: No
2024-10-14 16:49:13.682441 Uniform: No
2024-10-14 16:49:13.682588 Charlie: No
ChatterBot Quebec reevaluating
ChatterBot Quebec reevaluating
ChatterBot Quebec reevaluating
2024-10-14 16:49:13.732252 Delta: Bravo we want you to join our group
ChatterBot Bravo reevaluating
2024-10-14 16:49:13.739398 Bravo: No
ChatterBot Delta reevaluating
ChatterBot Hotel reevaluating
ChatterBot Juliett reevaluating
2024-10-14 16:49:13.768364 Delta: We should add Quebec
2024-10-14 16:49:13.769574 Hotel: We should add Delta and Quebec
ChatterBot Hotel reevaluating
ChatterBot Juliett reevaluating
2024-10-14 16:49:13.787709 Lima: No
2024-10-14 16:49:13.793283 Hotel: No
2024-10-14 16:49:13.793500 Juliett: No
ChatterBot Juliett reevaluating
2024-10-14 16:49:13.800264 Lima: No
2024-10-14 16:49:13.800413 Juliett: No
ChatterBot Hotel reevaluating
ChatterBot Juliett reevaluating
ChatterBot Delta reevaluating
ChatterBot Juliett reevaluating
ChatterBot Delta reevaluating
ChatterBot Hotel reevaluating
ChatterBot Delta reevaluating
ChatterBot Hotel reevaluating
ChatterBot Juliett reevaluating
ChatterBot Hotel reevaluating
2024-10-14 16:49:13.850031 Quebec: Bravo we want you to join our group
ChatterBot Bravo reevaluating
2024-10-14 16:49:13.855212 Bravo: Yes
2024-10-14 16:49:13.871308 Delta: We should add Uniform
ChatterBot Hotel reevaluating
ChatterBot Juliett reevaluating
2024-10-14 16:49:13.885047 Lima: No
2024-10-14 16:49:13.885259 Hotel: No
2024-10-14 16:49:13.885453 Juliett: No
ChatterBot Hotel reevaluating
ChatterBot Juliett reevaluating
ChatterBot Delta reevaluating
ChatterBot Juliett reevaluating
ChatterBot Delta reevaluating
ChatterBot Hotel reevaluating
ChatterBot Delta reevaluating
2024-10-14 16:49:13.944047 Hotel: We should add Delta and November
ChatterBot Lima reevaluating
ChatterBot Juliett reevaluating
2024-10-14 16:49:13.957102 Lima: No
2024-10-14 16:49:13.957280 Juliett: No
ChatterBot Hotel reevaluating
ChatterBot Juliett reevaluating
ChatterBot Lima reevaluating
ChatterBot Hotel reevaluating
2024-10-14 16:49:13.985605 Charlie: Foxtrot and Quebec, sending you 4
2024-10-14 16:49:13.986298 Uniform: Foxtrot, November and Charlie, sending you 2
2024-10-14 16:49:13.987257 Foxtrot: November and Uniform, sending you 2
2024-10-14 16:49:13.988478 November: Foxtrot and Bravo, sending you 4
2024-10-14 16:49:13.989157 Bravo: Lima we want you to join our group
ChatterBot Lima reevaluating
2024-10-14 16:49:13.996291 Lima: No
ChatterBot Bravo reevaluating
chatterbot Foxtrot submitting transactions
2024-10-14 16:49:14.030966 Charlie: November, sending you 5
2024-10-14 16:49:14.031519 Uniform: Quebec and Bravo, sending you 1
2024-10-14 16:49:14.032473 Foxtrot: Quebec and Bravo, sending you 1
2024-10-14 16:49:14.032997 November: Quebec, sending you 2
chatterbot Uniform submitting transactions
2024-10-14 16:49:14.186163 Charlie: Uniform, sending you 2
2024-10-14 16:49:14.186863 Foxtrot: Charlie, sending you 3
2024-10-14 16:49:14.187811 November: Uniform, sending you 3
2024-10-14 16:49:14.188532 Quebec: November, Uniform and Bravo, sending you 1
chatterbot Quebec submitting transactions
chatterbot November submitting transactions
2024-10-14 16:49:14.360543 Charlie: Bravo, sending you 3
2024-10-14 16:49:14.361035 November: Charlie, sending you 5
2024-10-14 16:49:14.361394 Quebec: Charlie, sending you 3
2024-10-14 16:49:14.362114 Hotel: Lima, sending you 3
2024-10-14 16:49:14.362392 Juliett: Lima and Bravo, sending you 2
chatterbot Charlie submitting transactions
2024-10-14 16:49:14.449398 Hotel: Juliett, sending you 2
2024-10-14 16:49:14.450290 Juliett: Hotel and Delta, sending you 3
chatterbot Lima submitting transactions
2024-10-14 16:49:14.479804 Bravo: Foxtrot, Lima, Quebec and Uniform, sending you 1
2024-10-14 16:49:14.481075 Hotel: Delta, sending you 1
2024-10-14 16:49:14.545846 Bravo: November, sending you 3
2024-10-14 16:49:14.575265 Bravo: Charlie, sending you 2
chatterbot Lima submitting transactions
chatterbot Bravo submitting transactions
chatterbot Hotel submitting transactions
chatterbot Delta submitting transactions
chatterbot Juliett submitting transactions
ChatterBot Foxtrot round 4
ChatterBot Lima round 4
ChatterBot Hotel round 4
ChatterBot November round 4
ChatterBot Quebec round 4
ChatterBot Juliett round 4
ChatterBot Uniform round 4
ChatterBot Delta round 4
ChatterBot Charlie round 4
ChatterBot Bravo round 4
2024-10-14 16:49:15.451320 Delta: We should add Quebec
ChatterBot Lima reevaluating
ChatterBot Hotel reevaluating
2024-10-14 16:49:15.468758 Lima: No
2024-10-14 16:49:15.468983 Hotel: Yes
2024-10-14 16:49:15.469548 Juliett: No
ChatterBot Hotel reevaluating
ChatterBot Delta reevaluating
ChatterBot Lima reevaluating
ChatterBot Delta reevaluating
ChatterBot Lima reevaluating
ChatterBot Hotel reevaluating
ChatterBot Delta reevaluating
2024-10-14 16:49:15.545604 Bravo: We should replace Lima with Hotel
2024-10-14 16:49:15.570400 Foxtrot: No
2024-10-14 16:49:15.571146 Uniform: No
2024-10-14 16:49:15.571338 November: No
2024-10-14 16:49:15.571519 Charlie: No
2024-10-14 16:49:15.571706 Quebec: No
ChatterBot Bravo reevaluating
ChatterBot Bravo reevaluating
ChatterBot Bravo reevaluating
ChatterBot Bravo reevaluating
ChatterBot Bravo reevaluating
2024-10-14 16:49:15.773049 Delta: We should add Foxtrot
ChatterBot Lima reevaluating
ChatterBot Hotel reevaluating
ChatterBot Juliett reevaluating
2024-10-14 16:49:15.793340 Lima: No
2024-10-14 16:49:15.794058 Hotel: No
2024-10-14 16:49:15.794431 Juliett: No
ChatterBot Hotel reevaluating
ChatterBot Juliett reevaluating
ChatterBot Delta reevaluating
ChatterBot Lima reevaluating
ChatterBot Juliett reevaluating
ChatterBot Delta reevaluating
ChatterBot Lima reevaluating
ChatterBot Hotel reevaluating
ChatterBot Delta reevaluating
2024-10-14 16:49:15.859075 Bravo: We should replace Lima with Juliett
2024-10-14 16:49:15.887274 Foxtrot: No
2024-10-14 16:49:15.887526 Uniform: No
2024-10-14 16:49:15.887716 November: No
2024-10-14 16:49:15.887901 Charlie: No
2024-10-14 16:49:15.888109 Quebec: No
ChatterBot Bravo reevaluating
ChatterBot Bravo reevaluating
ChatterBot Bravo reevaluating
ChatterBot Bravo reevaluating
ChatterBot Bravo reevaluating
2024-10-14 16:49:16.037549 November: Foxtrot and Uniform, sending you 3
2024-10-14 16:49:16.038862 Charlie: Foxtrot and Quebec, sending you 4
2024-10-14 16:49:16.039404 Foxtrot: November and Uniform, sending you 2
2024-10-14 16:49:16.040042 Uniform: Foxtrot, November and Charlie, sending you 2
2024-10-14 16:49:16.041207 Quebec: November, Uniform and Bravo, sending you 1
2024-10-14 16:49:16.041711 Bravo: Hotel we want you to join our group
ChatterBot Hotel reevaluating
2024-10-14 16:49:16.046707 Hotel: No
ChatterBot Bravo reevaluating
2024-10-14 16:49:16.077224 November: Quebec, sending you 2
2024-10-14 16:49:16.078732 Charlie: November, sending you 5
2024-10-14 16:49:16.080334 Foxtrot: Quebec and Bravo, sending you 1
2024-10-14 16:49:16.081053 Uniform: Quebec and Bravo, sending you 1
2024-10-14 16:49:16.082311 Quebec: Charlie, sending you 3
2024-10-14 16:49:16.082808 Juliett: Lima, sending you 2
2024-10-14 16:49:16.084195 Charlie: Uniform, sending you 2
2024-10-14 16:49:16.084896 November: Charlie, sending you 6
2024-10-14 16:49:16.086082 Foxtrot: Charlie, sending you 3
2024-10-14 16:49:16.146882 Juliett: Hotel, sending you 3
2024-10-14 16:49:16.147955 Charlie: Bravo, sending you 3
2024-10-14 16:49:16.149186 November: Bravo, sending you 4
chatterbot Lima submitting transactions
2024-10-14 16:49:16.174834 Juliett: Quebec, sending you 1
2024-10-14 16:49:16.175337 Hotel: Lima, Juliett and Delta, sending you 2
2024-10-14 16:49:16.176086 Bravo: Foxtrot, Lima, Quebec and Uniform, sending you 1
2024-10-14 16:49:16.179123 Juliett: Delta, sending you 4
2024-10-14 16:49:16.191142 Bravo: November, sending you 3
2024-10-14 16:49:16.199588 Bravo: Charlie, sending you 2
chatterbot Charlie submitting transactions
chatterbot Foxtrot submitting transactions
chatterbot Delta submitting transactions
chatterbot Quebec submitting transactions
chatterbot November submitting transactions
chatterbot Uniform submitting transactions
chatterbot Juliett submitting transactions
chatterbot Bravo submitting transactions
chatterbot Hotel submitting transactions
ChatterBot Foxtrot round 5
ChatterBot Lima round 5
ChatterBot Hotel round 5
ChatterBot November round 5
ChatterBot Quebec round 5
ChatterBot Juliett round 5
ChatterBot Uniform round 5
ChatterBot Delta round 5
ChatterBot Charlie round 5
ChatterBot Bravo round 5
2024-10-14 16:49:17.444117 Delta: We should add Bravo
ChatterBot Lima reevaluating
ChatterBot Hotel reevaluating
ChatterBot Juliett reevaluating
2024-10-14 16:49:17.459342 Lima: Yes
2024-10-14 16:49:17.460449 Hotel: No
2024-10-14 16:49:17.460674 Juliett: No
ChatterBot Hotel reevaluating
ChatterBot Juliett reevaluating
ChatterBot Delta reevaluating
ChatterBot Lima reevaluating
ChatterBot Juliett reevaluating
ChatterBot Delta reevaluating
ChatterBot Lima reevaluating
ChatterBot Hotel reevaluating
ChatterBot Delta reevaluating
2024-10-14 16:49:17.511828 Bravo: We should replace Lima with Hotel
ChatterBot Quebec reevaluating
2024-10-14 16:49:17.527381 Foxtrot: No
2024-10-14 16:49:17.527580 Uniform: No
2024-10-14 16:49:17.527725 November: No
2024-10-14 16:49:17.528297 Charlie: No
2024-10-14 16:49:17.528433 Quebec: No
ChatterBot Quebec reevaluating
ChatterBot Bravo reevaluating
ChatterBot Quebec reevaluating
ChatterBot Bravo reevaluating
ChatterBot Quebec reevaluating
ChatterBot Bravo reevaluating
ChatterBot Quebec reevaluating
ChatterBot Bravo reevaluating
2024-10-14 16:49:17.611694 Foxtrot: November and Uniform, sending you 2
2024-10-14 16:49:17.615695 Delta: Bravo we want you to join our group
ChatterBot Bravo reevaluating
2024-10-14 16:49:17.623054 Bravo: No
ChatterBot Delta reevaluating
ChatterBot Lima reevaluating
ChatterBot Hotel reevaluating
ChatterBot Juliett reevaluating
2024-10-14 16:49:17.649840 Delta: We should add Quebec
2024-10-14 16:49:17.650542 Hotel: We should replace Bravo with November
ChatterBot Lima reevaluating
ChatterBot Hotel reevaluating
ChatterBot Juliett reevaluating
2024-10-14 16:49:17.662510 Lima: No
ChatterBot Lima reevaluating
2024-10-14 16:49:17.666383 Hotel: No
2024-10-14 16:49:17.666902 Juliett: No
ChatterBot Juliett reevaluating
ChatterBot Delta reevaluating
2024-10-14 16:49:17.673821 Lima: No
2024-10-14 16:49:17.673956 Juliett: No
2024-10-14 16:49:17.674056 Delta: No
ChatterBot Hotel reevaluating
ChatterBot Juliett reevaluating
ChatterBot Delta reevaluating
ChatterBot Lima reevaluating
ChatterBot Juliett reevaluating
ChatterBot Delta reevaluating
ChatterBot Lima reevaluating
ChatterBot Hotel reevaluating
ChatterBot Delta reevaluating
ChatterBot Hotel reevaluating
ChatterBot Juliett reevaluating
ChatterBot Delta reevaluating
ChatterBot Lima reevaluating
ChatterBot Hotel reevaluating
ChatterBot Delta reevaluating
ChatterBot Lima reevaluating
ChatterBot Hotel reevaluating
ChatterBot Juliett reevaluating
2024-10-14 16:49:17.734477 Foxtrot: Quebec and Bravo, sending you 1
2024-10-14 16:49:17.735490 November: Foxtrot and Uniform, sending you 3
2024-10-14 16:49:17.737707 Foxtrot: Charlie, sending you 3
2024-10-14 16:49:17.738933 Charlie: Foxtrot and Quebec, sending you 4
2024-10-14 16:49:17.740120 Uniform: Foxtrot, November and Charlie, sending you 2
2024-10-14 16:49:17.740873 November: Quebec, sending you 2
2024-10-14 16:49:17.743733 Charlie: November, sending you 5
2024-10-14 16:49:17.744901 Uniform: Quebec and Bravo, sending you 1
2024-10-14 16:49:17.746191 November: Charlie, sending you 6
2024-10-14 16:49:17.749684 Charlie: Uniform, sending you 2
2024-10-14 16:49:17.751135 November: Bravo, sending you 4
chatterbot Foxtrot submitting transactions
2024-10-14 16:49:17.752114 Bravo: Foxtrot, Lima, Quebec and Uniform, sending you 1
2024-10-14 16:49:17.753695 Quebec: November, Uniform and Bravo, sending you 1
2024-10-14 16:49:17.754535 Charlie: Bravo, sending you 3
2024-10-14 16:49:17.755958 Bravo: November, sending you 3
2024-10-14 16:49:17.757674 Quebec: Charlie, sending you 3
2024-10-14 16:49:17.759691 Juliett: Lima, sending you 2
2024-10-14 16:49:17.760721 Bravo: Charlie, sending you 2
2024-10-14 16:49:17.761790 Hotel: Lima, sending you 3
2024-10-14 16:49:17.764314 Juliett: Hotel, sending you 3
2024-10-14 16:49:17.766010 Delta: Lima and Hotel, sending you 2
2024-10-14 16:49:17.767754 Hotel: Juliett, sending you 2
2024-10-14 16:49:17.768684 Delta: Juliett, sending you 4
2024-10-14 16:49:17.769688 Juliett: Delta, sending you 4
2024-10-14 16:49:17.772669 Hotel: Delta, sending you 1
2024-10-14 16:49:17.773066 Delta: Bravo, sending you 1
2024-10-14 16:49:17.773665 Juliett: Bravo, sending you 1
chatterbot November submitting transactions
chatterbot Charlie submitting transactions
chatterbot Lima submitting transactions
chatterbot Delta submitting transactions
chatterbot Quebec submitting transactions
chatterbot Juliett submitting transactions
chatterbot Uniform submitting transactions
chatterbot Bravo submitting transactions
chatterbot Hotel submitting transactions
ChatterBot Foxtrot round 6
ChatterBot Lima round 6
ChatterBot Hotel round 6
ChatterBot November round 6
ChatterBot Quebec round 6
ChatterBot Juliett round 6
ChatterBot Uniform round 6
ChatterBot Delta round 6
ChatterBot Charlie round 6
ChatterBot Bravo round 6
2024-10-14 16:49:18.838406 Quebec: We should replace Uniform with Foxtrot
ChatterBot November reevaluating
ChatterBot Bravo reevaluating
2024-10-14 16:49:18.850131 November: No
2024-10-14 16:49:18.850287 Charlie: No
2024-10-14 16:49:18.850401 Bravo: No
ChatterBot Bravo reevaluating
ChatterBot Quebec reevaluating
ChatterBot November reevaluating
ChatterBot Bravo reevaluating
ChatterBot Quebec reevaluating
ChatterBot November reevaluating
2024-10-14 16:49:18.897352 Bravo: We should replace Lima with Hotel
ChatterBot Foxtrot reevaluating
ChatterBot November reevaluating
ChatterBot Quebec reevaluating
2024-10-14 16:49:18.936532 Foxtrot: No
2024-10-14 16:49:18.936790 Uniform: No
2024-10-14 16:49:18.936995 November: No
2024-10-14 16:49:18.938559 Charlie: No
2024-10-14 16:49:18.938768 Quebec: No
ChatterBot November reevaluating
ChatterBot Bravo reevaluating
ChatterBot Quebec reevaluating
ChatterBot Foxtrot reevaluating
ChatterBot November reevaluating
ChatterBot Bravo reevaluating
ChatterBot Quebec reevaluating
ChatterBot Foxtrot reevaluating
ChatterBot Bravo reevaluating
ChatterBot Quebec reevaluating
ChatterBot Foxtrot reevaluating
ChatterBot November reevaluating
ChatterBot Bravo reevaluating
ChatterBot Quebec reevaluating
ChatterBot Foxtrot reevaluating
ChatterBot November reevaluating
ChatterBot Bravo reevaluating
2024-10-14 16:49:19.117047 Juliett: Lima, sending you 2
2024-10-14 16:49:19.119133 Delta: Lima and Hotel, sending you 2
2024-10-14 16:49:19.121928 Uniform: Foxtrot, November and Charlie, sending you 2
2024-10-14 16:49:19.125471 November: We should drop Quebec
ChatterBot Foxtrot reevaluating
ChatterBot Bravo reevaluating
2024-10-14 16:49:19.149826 Foxtrot: No
2024-10-14 16:49:19.150640 Uniform: No
2024-10-14 16:49:19.150952 Charlie: No
2024-10-14 16:49:19.151164 Bravo: No
ChatterBot Bravo reevaluating
ChatterBot November reevaluating
ChatterBot Foxtrot reevaluating
ChatterBot Bravo reevaluating
ChatterBot November reevaluating
ChatterBot Foxtrot reevaluating
ChatterBot Bravo reevaluating
ChatterBot November reevaluating
ChatterBot Foxtrot reevaluating
2024-10-14 16:49:19.238199 Bravo: We should replace Lima with Delta
ChatterBot Foxtrot reevaluating
ChatterBot November reevaluating
ChatterBot Quebec reevaluating
2024-10-14 16:49:19.265279 Foxtrot: No
2024-10-14 16:49:19.265530 Uniform: No
2024-10-14 16:49:19.265717 November: No
2024-10-14 16:49:19.265890 Charlie: No
2024-10-14 16:49:19.266045 Quebec: No
ChatterBot November reevaluating
ChatterBot Bravo reevaluating
ChatterBot Quebec reevaluating
ChatterBot Foxtrot reevaluating
ChatterBot November reevaluating
ChatterBot Bravo reevaluating
ChatterBot Quebec reevaluating
ChatterBot Foxtrot reevaluating
ChatterBot Bravo reevaluating
ChatterBot Quebec reevaluating
ChatterBot Foxtrot reevaluating
ChatterBot November reevaluating
ChatterBot Bravo reevaluating
ChatterBot Quebec reevaluating
ChatterBot Foxtrot reevaluating
ChatterBot November reevaluating
ChatterBot Bravo reevaluating
2024-10-14 16:49:19.410932 Juliett: Hotel, sending you 3
2024-10-14 16:49:19.412382 Delta: Juliett, sending you 4
2024-10-14 16:49:19.413674 Uniform: Quebec and Bravo, sending you 1
2024-10-14 16:49:19.416585 Hotel: Lima, sending you 3
2024-10-14 16:49:19.417049 Charlie: Foxtrot and Quebec, sending you 4
2024-10-14 16:49:19.418210 Juliett: Delta, sending you 4
2024-10-14 16:49:19.418694 Delta: Bravo, sending you 1
2024-10-14 16:49:19.442717 Bravo: Hotel we want you to join our group
ChatterBot Hotel reevaluating
2024-10-14 16:49:19.449574 Hotel: No
ChatterBot Bravo reevaluating
ChatterBot Foxtrot reevaluating
ChatterBot Quebec reevaluating
2024-10-14 16:49:19.483274 Charlie: November, sending you 5
2024-10-14 16:49:19.484729 Juliett: Bravo, sending you 1
chatterbot Lima submitting transactions
chatterbot Uniform submitting transactions
2024-10-14 16:49:19.491927 Charlie: Uniform, sending you 2
2024-10-14 16:49:19.493473 Bravo: Delta we want you to join our group
ChatterBot Delta reevaluating
2024-10-14 16:49:19.499104 Delta: No
ChatterBot Foxtrot reevaluating
2024-10-14 16:49:19.598362 Delta: We should replace Bravo with Uniform
ChatterBot Lima reevaluating
ChatterBot Hotel reevaluating
ChatterBot Juliett reevaluating
2024-10-14 16:49:19.613595 Lima: No
2024-10-14 16:49:19.613891 Hotel: Yes
2024-10-14 16:49:19.614866 Juliett: Yes
ChatterBot Hotel reevaluating
ChatterBot Juliett reevaluating
ChatterBot Delta reevaluating
ChatterBot Lima reevaluating
ChatterBot Juliett reevaluating
ChatterBot Delta reevaluating
ChatterBot Lima reevaluating
ChatterBot Hotel reevaluating
ChatterBot Delta reevaluating
2024-10-14 16:49:19.666511 November: Foxtrot and Uniform, sending you 3
2024-10-14 16:49:19.668831 Quebec: Foxtrot we want you to join our group
ChatterBot Foxtrot reevaluating
2024-10-14 16:49:19.674219 Foxtrot: No
ChatterBot Quebec reevaluating
ChatterBot Bravo reevaluating
2024-10-14 16:49:19.692995 Charlie: Bravo, sending you 3
chatterbot Hotel submitting transactions
chatterbot Juliett submitting transactions
2024-10-14 16:49:19.696389 November: Quebec, sending you 2
2024-10-14 16:49:19.705424 November: Charlie, sending you 6
2024-10-14 16:49:19.716809 November: Bravo, sending you 4
2024-10-14 16:49:19.719237 Juliett: Sorry, I'm actually sending you 0
2024-10-14 16:49:19.739046 Foxtrot: November, Uniform and Bravo, sending you 2
2024-10-14 16:49:19.740357 Quebec: November, Uniform and Bravo, sending you 1
2024-10-14 16:49:19.744445 Juliett: Uniform, sending you 1
2024-10-14 16:49:19.745017 Foxtrot: Charlie, sending you 3
2024-10-14 16:49:19.746241 Bravo: Foxtrot, Hotel, Quebec and Uniform, sending you 1
2024-10-14 16:49:19.746856 Quebec: Charlie, sending you 3
2024-10-14 16:49:19.752785 Bravo: November, sending you 3
2024-10-14 16:49:19.773144 Bravo: Charlie, sending you 2
chatterbot Delta submitting transactions
chatterbot Foxtrot submitting transactions
chatterbot Delta submitting transactions
chatterbot Charlie submitting transactions
chatterbot Juliett submitting transactions
chatterbot November submitting transactions
chatterbot Quebec submitting transactions
chatterbot Lima submitting transactions
chatterbot Bravo submitting transactions
ChatterBot Foxtrot round 7
ChatterBot Lima round 7
ChatterBot Hotel round 7
ChatterBot November round 7
ChatterBot Quebec round 7
ChatterBot Juliett round 7
ChatterBot Uniform round 7
ChatterBot Delta round 7
ChatterBot Charlie round 7
ChatterBot Bravo round 7
2024-10-14 16:49:20.575517 Foxtrot: We should add Quebec
ChatterBot Bravo reevaluating
2024-10-14 16:49:20.591322 November: No
2024-10-14 16:49:20.591511 Uniform: Yes
2024-10-14 16:49:20.591655 Charlie: Yes
2024-10-14 16:49:20.592167 Bravo: Yes
ChatterBot Bravo reevaluating
ChatterBot November reevaluating
ChatterBot Bravo reevaluating
ChatterBot November reevaluating
ChatterBot Bravo reevaluating
ChatterBot November reevaluating
2024-10-14 16:49:20.675402 Foxtrot: Quebec we want you to join our group
2024-10-14 16:49:20.696641 Quebec: No
ChatterBot Foxtrot reevaluating
ChatterBot November reevaluating
ChatterBot Bravo reevaluating
2024-10-14 16:49:20.751786 Bravo: We should replace Hotel with Delta
ChatterBot Foxtrot reevaluating
ChatterBot November reevaluating
2024-10-14 16:49:20.770843 Foxtrot: No
2024-10-14 16:49:20.771110 Uniform: No
2024-10-14 16:49:20.771380 November: No
2024-10-14 16:49:20.772158 Charlie: No
2024-10-14 16:49:20.772523 Quebec: No
ChatterBot November reevaluating
ChatterBot Bravo reevaluating
ChatterBot Foxtrot reevaluating
ChatterBot November reevaluating
ChatterBot Bravo reevaluating
ChatterBot Quebec reevaluating
ChatterBot Foxtrot reevaluating
ChatterBot Bravo reevaluating
ChatterBot Quebec reevaluating
ChatterBot Foxtrot reevaluating
ChatterBot November reevaluating
ChatterBot Bravo reevaluating
ChatterBot Quebec reevaluating
ChatterBot Foxtrot reevaluating
ChatterBot November reevaluating
ChatterBot Bravo reevaluating
chatterbot Hotel submitting transactions
2024-10-14 16:49:20.880039 Uniform: Foxtrot, November and Charlie, sending you 2
2024-10-14 16:49:20.883241 November: We should drop Quebec
ChatterBot Foxtrot reevaluating
2024-10-14 16:49:20.900787 Foxtrot: No
2024-10-14 16:49:20.900997 Uniform: No
2024-10-14 16:49:20.901156 Charlie: No
2024-10-14 16:49:20.901726 Bravo: No
ChatterBot Bravo reevaluating
ChatterBot November reevaluating
ChatterBot Foxtrot reevaluating
ChatterBot Bravo reevaluating
ChatterBot November reevaluating
ChatterBot Foxtrot reevaluating
ChatterBot Bravo reevaluating
ChatterBot November reevaluating
ChatterBot Foxtrot reevaluating
2024-10-14 16:49:20.966224 Uniform: Quebec and Bravo, sending you 1
chatterbot Hotel submitting transactions
2024-10-14 16:49:20.975128 Delta: Lima, sending you 3
2024-10-14 16:49:20.976268 Juliett: Lima, sending you 2
2024-10-14 16:49:20.976684 Charlie: Foxtrot and Quebec, sending you 4
2024-10-14 16:49:20.983791 Delta: Hotel, sending you 2
2024-10-14 16:49:20.985413 Juliett: Hotel, sending you 3
2024-10-14 16:49:20.986184 Charlie: November, sending you 5
2024-10-14 16:49:20.990659 Delta: Juliett, sending you 4
2024-10-14 16:49:20.992005 Juliett: Uniform, sending you 1
2024-10-14 16:49:20.992596 Bravo: Foxtrot, Quebec, Juliett, Uniform and Delta, sending you 1
2024-10-14 16:49:20.994139 Charlie: Uniform, sending you 2
2024-10-14 16:49:20.995462 November: Foxtrot and Uniform, sending you 3
2024-10-14 16:49:20.996461 Foxtrot: November, Uniform and Bravo, sending you 2
2024-10-14 16:49:20.997319 Juliett: Delta, sending you 4
2024-10-14 16:49:21.002339 Bravo: November and Charlie, sending you 2
2024-10-14 16:49:21.003023 Charlie: Bravo, sending you 3
2024-10-14 16:49:21.004368 November: Quebec, sending you 2
2024-10-14 16:49:21.005446 Foxtrot: Charlie, sending you 3
2024-10-14 16:49:21.009673 November: Charlie, sending you 6
2024-10-14 16:49:21.015289 November: Bravo, sending you 4
chatterbot Foxtrot submitting transactions
chatterbot November submitting transactions
chatterbot Lima submitting transactions
chatterbot Juliett submitting transactions
chatterbot Bravo submitting transactions
chatterbot Charlie submitting transactions
chatterbot Uniform submitting transactions
chatterbot Quebec submitting transactions
chatterbot Delta submitting transactions
ChatterBot Foxtrot round 8
ChatterBot Lima round 8
ChatterBot Hotel round 8
ChatterBot November round 8
ChatterBot Quebec round 8
ChatterBot Juliett round 8
ChatterBot Uniform round 8
ChatterBot Delta round 8
2024-10-14 16:49:21.842095 Foxtrot: We should add Quebec
ChatterBot November reevaluating
ChatterBot Bravo reevaluating
2024-10-14 16:49:21.860287 November: No
2024-10-14 16:49:21.860479 Uniform: Yes
2024-10-14 16:49:21.860639 Charlie: Yes
2024-10-14 16:49:21.860767 Bravo: Yes
ChatterBot Bravo reevaluating
ChatterBot November reevaluating
ChatterBot Bravo reevaluating
ChatterBot November reevaluating
ChatterBot Bravo reevaluating
ChatterBot November reevaluating
ChatterBot Charlie round 8
ChatterBot Bravo round 8
2024-10-14 16:49:21.999113 Quebec: We should replace Uniform with Foxtrot
ChatterBot November reevaluating
ChatterBot Bravo reevaluating
2024-10-14 16:49:22.009450 November: No
2024-10-14 16:49:22.009652 Charlie: No
2024-10-14 16:49:22.009816 Bravo: No
ChatterBot Quebec reevaluating
ChatterBot Bravo reevaluating
ChatterBot Quebec reevaluating
ChatterBot November reevaluating
ChatterBot Bravo reevaluating
ChatterBot Quebec reevaluating
ChatterBot November reevaluating
2024-10-14 16:49:22.049160 Foxtrot: Quebec we want you to join our group
ChatterBot Quebec reevaluating
2024-10-14 16:49:22.053935 Quebec: No
ChatterBot November reevaluating
ChatterBot Bravo reevaluating
2024-10-14 16:49:22.078678 Quebec: Foxtrot we want you to join our group
2024-10-14 16:49:22.082831 Foxtrot: Yes
ChatterBot Quebec reevaluating
ChatterBot November reevaluating
2024-10-14 16:49:22.097634 Bravo: We should drop Juliett
ChatterBot November reevaluating
ChatterBot Quebec reevaluating
ChatterBot Delta reevaluating
2024-10-14 16:49:22.120886 Foxtrot: Yes
2024-10-14 16:49:22.121052 November: Yes
2024-10-14 16:49:22.121208 Quebec: Yes
2024-10-14 16:49:22.121351 Uniform: Yes
2024-10-14 16:49:22.121474 Charlie: Yes
2024-10-14 16:49:22.121596 Delta: No
ChatterBot November reevaluating
ChatterBot Quebec reevaluating
ChatterBot Delta reevaluating
ChatterBot Quebec reevaluating
ChatterBot Delta reevaluating
ChatterBot November reevaluating
ChatterBot Delta reevaluating
ChatterBot November reevaluating
ChatterBot Quebec reevaluating
ChatterBot Delta reevaluating
ChatterBot November reevaluating
ChatterBot Quebec reevaluating
ChatterBot Delta reevaluating
ChatterBot November reevaluating
ChatterBot Quebec reevaluating
2024-10-14 16:49:22.255064 Uniform: Foxtrot, November and Charlie, sending you 2
2024-10-14 16:49:22.257179 Foxtrot: November and Uniform, sending you 2
2024-10-14 16:49:22.259723 Uniform: Quebec and Bravo, sending you 1
2024-10-14 16:49:22.261705 Foxtrot: Quebec and Bravo, sending you 1
2024-10-14 16:49:22.266700 Foxtrot: Charlie, sending you 3
