ChatterBot Alpha round 1
ChatterBot Delta round 1
ChatterBot Whiskey round 1
ChatterBot Golf round 1
ChatterBot Victor round 1
ChatterBot Zulu round 1
ChatterBot Romeo round 1
ChatterBot India round 1
randomSelections Whiskey: {Whiskey, India, Juliett, Delta, Romeo} 
2024-10-14 16:49:09.171255 Whiskey: Group up?
ChatterBot India reevaluating
ChatterBot Delta reevaluating
ChatterBot Romeo reevaluating
2024-10-14 16:49:09.223592 India: Yes
2024-10-14 16:49:09.223936 Delta: Yes
2024-10-14 16:49:09.224271 Romeo: Yes
ChatterBot Delta reevaluating
ChatterBot Romeo reevaluating
ChatterBot India reevaluating
ChatterBot Romeo reevaluating
ChatterBot India reevaluating
ChatterBot Delta reevaluating
randomSelections Zulu: {Zulu, Golf, Delta, Quebec, Juliett, Alpha} 
2024-10-14 16:49:09.274444 Zulu: We would work well together
ChatterBot Golf reevaluating
ChatterBot Delta reevaluating
ChatterBot Alpha reevaluating
2024-10-14 16:49:09.290013 Golf: Yes
2024-10-14 16:49:09.290448 Delta: No
2024-10-14 16:49:09.291382 Alpha: Yes
ChatterBot Delta reevaluating
ChatterBot Alpha reevaluating
ChatterBot Golf reevaluating
ChatterBot Alpha reevaluating
ChatterBot Golf reevaluating
ChatterBot Delta reevaluating
ChatterBot Juliett round 1
ChatterBot Juliett reevaluating
ChatterBot Juliett reevaluating
ChatterBot Juliett reevaluating
ChatterBot Juliett reevaluating
ChatterBot Juliett reevaluating
ChatterBot Juliett reevaluating
ChatterBot Juliett reevaluating
ChatterBot Juliett reevaluating
2024-10-14 16:49:09.348005 Juliett: Yes
2024-10-14 16:49:09.348179 Juliett: No
ChatterBot India reevaluating
ChatterBot Delta reevaluating
ChatterBot Romeo reevaluating
ChatterBot Golf reevaluating
ChatterBot Alpha reevaluating
ChatterBot Delta reevaluating
ChatterBot Quebec round 1
ChatterBot Quebec reevaluating
ChatterBot Quebec reevaluating
ChatterBot Quebec reevaluating
ChatterBot Quebec reevaluating
ChatterBot Quebec reevaluating
2024-10-14 16:49:09.379567 Quebec: Yes
ChatterBot Golf reevaluating
ChatterBot Delta reevaluating
ChatterBot Juliett reevaluating
ChatterBot Alpha reevaluating
randomSelections Victor: {Victor, Alpha, Golf, Romeo, Quebec, Zulu} 
2024-10-14 16:49:09.401364 Victor: Can we be friends?
ChatterBot Alpha reevaluating
ChatterBot Golf reevaluating
ChatterBot Romeo reevaluating
ChatterBot Quebec reevaluating
2024-10-14 16:49:09.413361 Alpha: No
2024-10-14 16:49:09.413543 Golf: No
2024-10-14 16:49:09.413697 Romeo: No
2024-10-14 16:49:09.413859 Quebec: No
2024-10-14 16:49:09.414740 Zulu: No
ChatterBot Golf reevaluating
ChatterBot Romeo reevaluating
ChatterBot Quebec reevaluating
ChatterBot Alpha reevaluating
ChatterBot Romeo reevaluating
ChatterBot Quebec reevaluating
ChatterBot Alpha reevaluating
ChatterBot Golf reevaluating
ChatterBot Quebec reevaluating
ChatterBot Alpha reevaluating
ChatterBot Golf reevaluating
ChatterBot Romeo reevaluating
ChatterBot Alpha reevaluating
ChatterBot Golf reevaluating
ChatterBot Romeo reevaluating
ChatterBot Quebec reevaluating
2024-10-14 16:49:09.537442 Zulu: Alpha, sending you 2
2024-10-14 16:49:09.538275 Golf: Alpha, sending you 1
2024-10-14 16:49:09.539738 Whiskey: Delta, sending you 1
2024-10-14 16:49:09.541725 Zulu: Delta, Golf and Quebec, sending you 1
2024-10-14 16:49:09.543027 Golf: Delta, sending you 2
2024-10-14 16:49:09.543739 Romeo: Delta and Whiskey, sending you 1
2024-10-14 16:49:09.544983 Victor: Golf and Zulu, sending you 2
2024-10-14 16:49:09.545585 Alpha: Golf, sending you 3
2024-10-14 16:49:09.546698 Juliett: Delta and Romeo, sending you 2
2024-10-14 16:49:09.547243 India: Delta, sending you 1
2024-10-14 16:49:09.548645 Delta: Juliett, sending you 1
2024-10-14 16:49:09.550113 Golf: Juliett, sending you 4
2024-10-14 16:49:09.551313 Romeo: Juliett, sending you 2
2024-10-14 16:49:09.551982 Victor: Romeo, sending you 1
2024-10-14 16:49:09.553301 Alpha: Zulu and Juliett, sending you 2
2024-10-14 16:49:09.554589 Juliett: Whiskey and India, sending you 3
2024-10-14 16:49:09.555354 India: Whiskey and Juliett, sending you 4
2024-10-14 16:49:09.556857 Golf: Quebec, sending you 3
2024-10-14 16:49:09.558085 Victor: Quebec, sending you 4
2024-10-14 16:49:09.558726 Alpha: Quebec, sending you 1
2024-10-14 16:49:09.559992 Quebec: Alpha, sending you 3
2024-10-14 16:49:09.560718 India: Romeo, sending you 5
2024-10-14 16:49:09.564653 Quebec: Golf, sending you 1
chatterbot Quebec submitting transactions
chatterbot Zulu submitting transactions
chatterbot India submitting transactions
chatterbot Juliett submitting transactions
chatterbot Whiskey submitting transactions
chatterbot Romeo submitting transactions
chatterbot Delta submitting transactions
chatterbot Victor submitting transactions
chatterbot Golf submitting transactions
chatterbot Alpha submitting transactions
ChatterBot Alpha round 2
ChatterBot Delta round 2
ChatterBot Whiskey round 2
ChatterBot Golf round 2
ChatterBot Victor round 2
ChatterBot Zulu round 2
ChatterBot Romeo round 2
ChatterBot India round 2
2024-10-14 16:49:10.676450 Victor: Friends?
ChatterBot Alpha reevaluating
ChatterBot Zulu reevaluating
2024-10-14 16:49:10.687604 Alpha: No
2024-10-14 16:49:10.687832 Zulu: Yes
ChatterBot Zulu reevaluating
ChatterBot Victor reevaluating
ChatterBot Alpha reevaluating
2024-10-14 16:49:10.717253 Zulu: Friends?
ChatterBot Alpha reevaluating
ChatterBot Golf reevaluating
ChatterBot Quebec reevaluating
ChatterBot Victor reevaluating
2024-10-14 16:49:10.756947 Alpha: No
2024-10-14 16:49:10.757079 Golf: No
2024-10-14 16:49:10.757198 Quebec: No
2024-10-14 16:49:10.757310 Victor: No
ChatterBot Zulu reevaluating
ChatterBot Golf reevaluating
ChatterBot Victor reevaluating
ChatterBot Quebec reevaluating
ChatterBot Zulu reevaluating
ChatterBot Alpha reevaluating
ChatterBot Victor reevaluating
ChatterBot Quebec reevaluating
ChatterBot Zulu reevaluating
ChatterBot Alpha reevaluating
ChatterBot Golf reevaluating
ChatterBot Victor reevaluating
ChatterBot Zulu reevaluating
ChatterBot Alpha reevaluating
ChatterBot Golf reevaluating
ChatterBot Quebec reevaluating
2024-10-14 16:49:10.916415 Golf: Let's form a team
ChatterBot Victor reevaluating
2024-10-14 16:49:10.927602 Victor: Yes
2024-10-14 16:49:10.927785 Golf: Friends?
ChatterBot Golf reevaluating
ChatterBot Alpha reevaluating
ChatterBot Zulu reevaluating
ChatterBot Quebec reevaluating
ChatterBot India reevaluating
ChatterBot Victor reevaluating
2024-10-14 16:49:10.989925 Alpha: No
2024-10-14 16:49:10.990467 Zulu: No
2024-10-14 16:49:10.990626 Quebec: No
2024-10-14 16:49:10.990764 India: No
2024-10-14 16:49:10.990947 Victor: No
ChatterBot Golf reevaluating
ChatterBot Zulu reevaluating
ChatterBot Victor reevaluating
ChatterBot Quebec reevaluating
ChatterBot India reevaluating
ChatterBot Golf reevaluating
ChatterBot Alpha reevaluating
ChatterBot Victor reevaluating
ChatterBot Quebec reevaluating
ChatterBot India reevaluating
ChatterBot Golf reevaluating
ChatterBot Alpha reevaluating
ChatterBot Zulu reevaluating
ChatterBot Victor reevaluating
ChatterBot India reevaluating
ChatterBot Golf reevaluating
ChatterBot Alpha reevaluating
ChatterBot Zulu reevaluating
ChatterBot Victor reevaluating
ChatterBot Quebec reevaluating
ChatterBot Golf reevaluating
ChatterBot Alpha reevaluating
ChatterBot Zulu reevaluating
ChatterBot Quebec reevaluating
ChatterBot India reevaluating
ChatterBot Juliett round 2
ChatterBot Quebec round 2
2024-10-14 16:49:11.190975 India: We should replace Delta with Victor
ChatterBot Romeo reevaluating
ChatterBot Juliett reevaluating
2024-10-14 16:49:11.205195 Whiskey: No
2024-10-14 16:49:11.205373 Romeo: No
2024-10-14 16:49:11.205880 Juliett: No
ChatterBot India reevaluating
ChatterBot Romeo reevaluating
ChatterBot Juliett reevaluating
ChatterBot India reevaluating
ChatterBot Juliett reevaluating
ChatterBot India reevaluating
ChatterBot Whiskey reevaluating
ChatterBot Romeo reevaluating
2024-10-14 16:49:11.249884 Romeo: Group up?
ChatterBot Whiskey reevaluating
ChatterBot India reevaluating
ChatterBot Juliett reevaluating
ChatterBot Alpha reevaluating
ChatterBot Zulu reevaluating
2024-10-14 16:49:11.275807 Whiskey: No
2024-10-14 16:49:11.275959 India: No
2024-10-14 16:49:11.276055 Juliett: No
2024-10-14 16:49:11.276149 Alpha: No
2024-10-14 16:49:11.276648 Zulu: No
ChatterBot Romeo reevaluating
ChatterBot India reevaluating
ChatterBot Juliett reevaluating
ChatterBot Alpha reevaluating
ChatterBot Zulu reevaluating
ChatterBot Romeo reevaluating
ChatterBot Whiskey reevaluating
ChatterBot Juliett reevaluating
ChatterBot Alpha reevaluating
ChatterBot Zulu reevaluating
ChatterBot Romeo reevaluating
ChatterBot Whiskey reevaluating
ChatterBot India reevaluating
ChatterBot Alpha reevaluating
ChatterBot Zulu reevaluating
ChatterBot Romeo reevaluating
ChatterBot Whiskey reevaluating
ChatterBot India reevaluating
ChatterBot Juliett reevaluating
ChatterBot Zulu reevaluating
ChatterBot Romeo reevaluating
ChatterBot Whiskey reevaluating
ChatterBot India reevaluating
ChatterBot Juliett reevaluating
ChatterBot Alpha reevaluating
2024-10-14 16:49:11.477203 Romeo: We should drop Whiskey and Delta
2024-10-14 16:49:11.486016 India: No
2024-10-14 16:49:11.486185 Juliett: No
ChatterBot Romeo reevaluating
ChatterBot Romeo reevaluating
ChatterBot India reevaluating
2024-10-14 16:49:11.505454 India: We should replace Delta with Zulu
ChatterBot Whiskey reevaluating
ChatterBot Romeo reevaluating
2024-10-14 16:49:11.518625 Whiskey: No
2024-10-14 16:49:11.519258 Romeo: No
2024-10-14 16:49:11.519380 Juliett: No
ChatterBot India reevaluating
ChatterBot Romeo reevaluating
ChatterBot India reevaluating
ChatterBot Whiskey reevaluating
ChatterBot India reevaluating
ChatterBot Whiskey reevaluating
ChatterBot Romeo reevaluating
2024-10-14 16:49:11.578658 Alpha: We should drop Delta and Juliett
ChatterBot Golf reevaluating
2024-10-14 16:49:11.600998 Zulu: Yes
2024-10-14 16:49:11.601176 Golf: Yes
2024-10-14 16:49:11.601323 Quebec: Yes
ChatterBot Golf reevaluating
ChatterBot Quebec reevaluating
ChatterBot Golf reevaluating
2024-10-14 16:49:11.648749 Delta: Whiskey, Romeo and India, sending you 1
2024-10-14 16:49:11.649719 Juliett: We should drop Delta
ChatterBot India reevaluating
ChatterBot Whiskey reevaluating
ChatterBot Romeo reevaluating
2024-10-14 16:49:11.663659 India: No
2024-10-14 16:49:11.663780 Whiskey: Yes
2024-10-14 16:49:11.663928 Romeo: Yes
ChatterBot Whiskey reevaluating
ChatterBot Romeo reevaluating
ChatterBot India reevaluating
ChatterBot Romeo reevaluating
ChatterBot India reevaluating
ChatterBot Whiskey reevaluating
2024-10-14 16:49:11.705301 Delta: Juliett, sending you 3
chatterbot Victor submitting transactions
2024-10-14 16:49:12.123262 Zulu: Alpha, sending you 3
2024-10-14 16:49:12.124066 Victor: Sending you 9
2024-10-14 16:49:12.125418 Romeo: Zulu we want you to join our group
2024-10-14 16:49:12.130928 Zulu: No
ChatterBot Romeo reevaluating
chatterbot Zulu submitting transactions
chatterbot Golf submitting transactions
chatterbot Alpha submitting transactions
2024-10-14 16:49:12.157664 Zulu: Victor, sending you 2
2024-10-14 16:49:12.158877 Quebec: Alpha and Golf, sending you 1
2024-10-14 16:49:12.353598 Alpha: Golf, sending you 1
2024-10-14 16:49:12.354510 Golf: Alpha, sending you 5
2024-10-14 16:49:12.354807 Juliett: Whiskey, sending you 1
2024-10-14 16:49:12.355261 Quebec: Victor, sending you 2
chatterbot Juliett submitting transactions
chatterbot Delta submitting transactions
chatterbot Quebec submitting transactions
2024-10-14 16:49:12.484725 Alpha: Zulu, sending you 3
2024-10-14 16:49:12.485431 Golf: Victor, sending you 3
2024-10-14 16:49:12.485696 Juliett: Romeo, sending you 3
2024-10-14 16:49:12.485985 India: Delta, Whiskey and Romeo, sending you 1
2024-10-14 16:49:12.486238 Whiskey: Romeo, sending you 1
2024-10-14 16:49:12.652499 India: Juliett, sending you 15
2024-10-14 16:49:12.653029 Alpha: Quebec, sending you 4
2024-10-14 16:49:12.653952 Golf: Zulu, sending you 2
2024-10-14 16:49:12.654310 Juliett: India, sending you 6
2024-10-14 16:49:12.655055 Whiskey: India, sending you 4
chatterbot Golf submitting transactions
2024-10-14 16:49:12.765206 Whiskey: Juliett, sending you 3
2024-10-14 16:49:12.765866 Romeo: India, sending you 3
2024-10-14 16:49:12.787335 Romeo: Juliett, sending you 1
chatterbot Whiskey submitting transactions
chatterbot India submitting transactions
chatterbot Romeo submitting transactions
ChatterBot Alpha round 3
ChatterBot Delta round 3
ChatterBot Whiskey round 3
ChatterBot Golf round 3
ChatterBot Victor round 3
ChatterBot Zulu round 3
ChatterBot Romeo round 3
ChatterBot India round 3
ChatterBot Juliett round 3
ChatterBot Quebec round 3
2024-10-14 16:49:13.691931 Golf: We should add Quebec
ChatterBot Alpha reevaluating
ChatterBot Zulu reevaluating
2024-10-14 16:49:13.703284 Alpha: Yes
2024-10-14 16:49:13.703928 Zulu: Yes
2024-10-14 16:49:13.704213 Victor: Yes
ChatterBot Zulu reevaluating
ChatterBot Golf reevaluating
ChatterBot Alpha reevaluating
ChatterBot Golf reevaluating
ChatterBot Alpha reevaluating
ChatterBot Zulu reevaluating
2024-10-14 16:49:13.776796 Whiskey: We should add Delta
ChatterBot Romeo reevaluating
2024-10-14 16:49:13.796155 India: Yes
2024-10-14 16:49:13.796372 Romeo: No
2024-10-14 16:49:13.796537 Juliett: No
ChatterBot Romeo reevaluating
ChatterBot Romeo reevaluating
2024-10-14 16:49:13.867300 Alpha: We should replace Quebec with Victor
ChatterBot Golf reevaluating
ChatterBot Zulu reevaluating
2024-10-14 16:49:13.881059 Golf: No
2024-10-14 16:49:13.881246 Zulu: Yes
ChatterBot Alpha reevaluating
ChatterBot Zulu reevaluating
ChatterBot Alpha reevaluating
ChatterBot Golf reevaluating
2024-10-14 16:49:13.938396 Whiskey: Delta we want you to join our group
2024-10-14 16:49:13.945109 Delta: Yes
ChatterBot Romeo reevaluating
2024-10-14 16:49:13.970524 Golf: Quebec we want you to join our group
ChatterBot Quebec reevaluating
2024-10-14 16:49:13.978009 Quebec: Yes
ChatterBot Zulu reevaluating
ChatterBot Alpha reevaluating
ChatterBot Golf reevaluating
2024-10-14 16:49:14.005514 Quebec: We should add Zulu
ChatterBot Alpha reevaluating
ChatterBot Golf reevaluating
2024-10-14 16:49:14.025433 Alpha: Yes
2024-10-14 16:49:14.025778 Golf: Yes
2024-10-14 16:49:14.025937 Victor: Yes
ChatterBot Quebec reevaluating
ChatterBot Golf reevaluating
ChatterBot Quebec reevaluating
ChatterBot Alpha reevaluating
ChatterBot Quebec reevaluating
ChatterBot Alpha reevaluating
ChatterBot Golf reevaluating
2024-10-14 16:49:14.088541 Romeo: Whiskey and Victor we want you to join our group
2024-10-14 16:49:14.104416 Whiskey: No
2024-10-14 16:49:14.104756 Victor: No
ChatterBot Romeo reevaluating
ChatterBot Romeo reevaluating
ChatterBot Whiskey reevaluating
2024-10-14 16:49:14.210973 Romeo: We should add Whiskey and Delta
2024-10-14 16:49:14.212248 Whiskey: We should add Victor
ChatterBot Romeo reevaluating
2024-10-14 16:49:14.231678 India: Yes
2024-10-14 16:49:14.238313 Juliett: No
2024-10-14 16:49:14.244898 Romeo: No
2024-10-14 16:49:14.245255 India: No
2024-10-14 16:49:14.245978 Juliett: No
ChatterBot Romeo reevaluating
ChatterBot Whiskey reevaluating
ChatterBot Romeo reevaluating
ChatterBot Whiskey reevaluating
ChatterBot Whiskey reevaluating
ChatterBot Romeo reevaluating
ChatterBot Romeo reevaluating
chatterbot Delta submitting transactions
2024-10-14 16:49:14.338708 Victor: Alpha, sending you 1
2024-10-14 16:49:14.339236 Delta: Whiskey and Romeo, sending you 1
2024-10-14 16:49:14.433021 India: Delta, sending you 2
2024-10-14 16:49:14.433512 Juliett: Whiskey, sending you 2
2024-10-14 16:49:14.434224 Delta: India and Juliett, sending you 3
2024-10-14 16:49:14.434588 Victor: Golf, sending you 4
2024-10-14 16:49:14.434941 Quebec: Zulu we want you to join our group
ChatterBot Zulu reevaluating
2024-10-14 16:49:14.439833 Zulu: No
ChatterBot Alpha reevaluating
ChatterBot Golf reevaluating
ChatterBot Quebec reevaluating
chatterbot Victor submitting transactions
chatterbot Zulu submitting transactions
2024-10-14 16:49:14.456589 India: Whiskey and Romeo, sending you 4
2024-10-14 16:49:14.456980 Juliett: Romeo, sending you 1
2024-10-14 16:49:14.457683 Victor: Zulu and Quebec, sending you 2
2024-10-14 16:49:14.481552 India: Juliett, sending you 8
2024-10-14 16:49:14.482632 Juliett: India, sending you 6
2024-10-14 16:49:14.483228 Zulu: We should drop Quebec
ChatterBot Golf reevaluating
ChatterBot Alpha reevaluating
2024-10-14 16:49:14.498578 Golf: No
2024-10-14 16:49:14.498912 Alpha: No
2024-10-14 16:49:14.499493 Victor: No
ChatterBot Alpha reevaluating
ChatterBot Zulu reevaluating
ChatterBot Golf reevaluating
ChatterBot Zulu reevaluating
ChatterBot Golf reevaluating
ChatterBot Alpha reevaluating
ChatterBot Zulu reevaluating
chatterbot Golf submitting transactions
chatterbot Juliett submitting transactions
2024-10-14 16:49:14.573867 Romeo: Whiskey, Victor, India and Juliett, sending you 1
2024-10-14 16:49:14.574296 Whiskey: Delta and Romeo, sending you 1
2024-10-14 16:49:14.610895 Whiskey: India and Juliett, sending you 3
2024-10-14 16:49:14.611919 Quebec: Alpha, sending you 2
2024-10-14 16:49:14.612347 Alpha: Victor we want you to join our group
2024-10-14 16:49:14.617334 Victor: Yes
ChatterBot Golf reevaluating
ChatterBot Alpha reevaluating
ChatterBot Zulu reevaluating
2024-10-14 16:49:14.635173 Quebec: Golf and Victor, sending you 1
chatterbot Quebec submitting transactions
2024-10-14 16:49:14.740033 Zulu: Quebec we want you to join our group
2024-10-14 16:49:14.747577 Quebec: Yes
ChatterBot Zulu reevaluating
ChatterBot Golf reevaluating
2024-10-14 16:49:14.824934 Alpha: Golf, sending you 4
2024-10-14 16:49:14.831316 Alpha: Victor, sending you 1
2024-10-14 16:49:14.834773 Alpha: Zulu, sending you 3
2024-10-14 16:49:14.854235 Golf: Alpha, sending you 4
2024-10-14 16:49:14.858726 Golf: Victor, Zulu and Quebec, sending you 2
chatterbot Alpha submitting transactions
chatterbot Quebec submitting transactions
chatterbot India submitting transactions
chatterbot Romeo submitting transactions
chatterbot Whiskey submitting transactions
ChatterBot Alpha round 4
ChatterBot Delta round 4
ChatterBot Whiskey round 4
ChatterBot Golf round 4
ChatterBot Victor round 4
ChatterBot Zulu round 4
ChatterBot Romeo round 4
2024-10-14 16:49:15.448544 Alpha: We should replace Zulu with Quebec
2024-10-14 16:49:15.454747 Golf: No
2024-10-14 16:49:15.455392 Victor: No
ChatterBot Alpha reevaluating
ChatterBot Alpha reevaluating
ChatterBot Golf reevaluating
ChatterBot India round 4
ChatterBot Juliett round 4
ChatterBot Quebec round 4
2024-10-14 16:49:15.480385 Zulu: We should add Quebec
ChatterBot Golf reevaluating
ChatterBot Alpha reevaluating
2024-10-14 16:49:15.491338 Golf: Yes
2024-10-14 16:49:15.491483 Alpha: Yes
2024-10-14 16:49:15.491584 Victor: Yes
ChatterBot Alpha reevaluating
ChatterBot Zulu reevaluating
ChatterBot Golf reevaluating
ChatterBot Zulu reevaluating
ChatterBot Golf reevaluating
ChatterBot Alpha reevaluating
ChatterBot Zulu reevaluating
2024-10-14 16:49:15.530732 Romeo: We should add Delta
ChatterBot India reevaluating
ChatterBot Juliett reevaluating
2024-10-14 16:49:15.543002 Whiskey: Yes
2024-10-14 16:49:15.543145 India: Yes
2024-10-14 16:49:15.543272 Juliett: Yes
2024-10-14 16:49:15.543376 Victor: No
ChatterBot Romeo reevaluating
ChatterBot India reevaluating
ChatterBot Juliett reevaluating
ChatterBot Romeo reevaluating
ChatterBot Juliett reevaluating
ChatterBot Romeo reevaluating
ChatterBot India reevaluating
ChatterBot Victor reevaluating
ChatterBot Romeo reevaluating
ChatterBot India reevaluating
ChatterBot Juliett reevaluating
2024-10-14 16:49:15.595577 Alpha: We should replace Victor with Quebec
ChatterBot Golf reevaluating
ChatterBot Zulu reevaluating
2024-10-14 16:49:15.602736 Golf: No
2024-10-14 16:49:15.602874 Zulu: No
ChatterBot Alpha reevaluating
ChatterBot Zulu reevaluating
ChatterBot Alpha reevaluating
ChatterBot Golf reevaluating
2024-10-14 16:49:15.628756 Juliett: We should replace Romeo with Delta
ChatterBot India reevaluating
2024-10-14 16:49:15.635460 Whiskey: No
2024-10-14 16:49:15.635639 India: No
ChatterBot Juliett reevaluating
ChatterBot India reevaluating
ChatterBot Juliett reevaluating
2024-10-14 16:49:15.649505 Zulu: Quebec we want you to join our group
2024-10-14 16:49:15.654287 Quebec: Yes
ChatterBot Zulu reevaluating
ChatterBot Alpha reevaluating
ChatterBot Victor reevaluating
2024-10-14 16:49:15.732148 Delta: Whiskey and Juliett, sending you 2
2024-10-14 16:49:15.733214 Juliett: Delta we want you to join our group
2024-10-14 16:49:15.737725 Delta: Yes
2024-10-14 16:49:15.747341 Whiskey: Delta and Romeo, sending you 1
2024-10-14 16:49:15.747997 Delta: Romeo, sending you 1
2024-10-14 16:49:15.749032 Alpha: Quebec we want you to join our group
2024-10-14 16:49:15.752347 Quebec: Yes
ChatterBot Victor reevaluating
2024-10-14 16:49:15.762327 Golf: Alpha, sending you 4
2024-10-14 16:49:15.763370 Quebec: Alpha and Golf, sending you 1
2024-10-14 16:49:15.763997 Whiskey: India and Juliett, sending you 3
2024-10-14 16:49:15.765205 Delta: India, sending you 3
2024-10-14 16:49:15.766500 Romeo: Delta, Whiskey, India and Juliett, sending you 1
2024-10-14 16:49:15.767627 India: Delta and Romeo, sending you 3
2024-10-14 16:49:15.768378 Golf: Victor, sending you 3
2024-10-14 16:49:15.769266 Quebec: Victor, sending you 2
2024-10-14 16:49:15.818509 India: Whiskey, sending you 4
2024-10-14 16:49:15.819678 Golf: Zulu, sending you 1
2024-10-14 16:49:15.820204 Quebec: Golf did not give me 2 like they said
ChatterBot Zulu reevaluating
ChatterBot Alpha reevaluating
ChatterBot Golf reevaluating
ChatterBot Victor reevaluating
2024-10-14 16:49:15.837004 Golf: We should add Delta
ChatterBot Zulu reevaluating
ChatterBot Alpha reevaluating
ChatterBot Victor reevaluating
2024-10-14 16:49:15.851336 Zulu: No
2024-10-14 16:49:15.851602 Alpha: No
2024-10-14 16:49:15.851899 Victor: No
2024-10-14 16:49:15.852550 Quebec: No
ChatterBot Alpha reevaluating
ChatterBot Golf reevaluating
ChatterBot Victor reevaluating
ChatterBot Zulu reevaluating
ChatterBot Golf reevaluating
ChatterBot Victor reevaluating
ChatterBot Zulu reevaluating
ChatterBot Alpha reevaluating
ChatterBot Golf reevaluating
ChatterBot Zulu reevaluating
ChatterBot Alpha reevaluating
ChatterBot Golf reevaluating
ChatterBot Victor reevaluating
2024-10-14 16:49:15.910872 India: Juliett, sending you 8
chatterbot Alpha submitting transactions
chatterbot Golf submitting transactions
2024-10-14 16:49:15.940037 Juliett: Delta and Whiskey, sending you 2
2024-10-14 16:49:15.978751 Juliett: India, sending you 6
2024-10-14 16:49:16.008904 Victor: Alpha, Zulu and Quebec, sending you 2
2024-10-14 16:49:16.010472 Golf: Alpha and Victor, sending you 3
2024-10-14 16:49:16.034389 Golf: Whiskey and Zulu, sending you 1
2024-10-14 16:49:16.035725 Victor: Golf, sending you 3
2024-10-14 16:49:16.036273 Alpha: Golf and Zulu, sending you 3
2024-10-14 16:49:16.047277 Alpha: Quebec, sending you 2
chatterbot Zulu submitting transactions
chatterbot Delta submitting transactions
chatterbot Romeo submitting transactions
chatterbot Whiskey submitting transactions
chatterbot Juliett submitting transactions
chatterbot Victor submitting transactions
chatterbot Quebec submitting transactions
chatterbot Golf submitting transactions
chatterbot India submitting transactions
chatterbot Zulu submitting transactions
chatterbot Alpha submitting transactions
ChatterBot Alpha round 5
ChatterBot Delta round 5
ChatterBot Whiskey round 5
ChatterBot Golf round 5
ChatterBot Victor round 5
ChatterBot Zulu round 5
ChatterBot Romeo round 5
ChatterBot India round 5
ChatterBot Juliett round 5
2024-10-14 16:49:17.239294 Alpha: We should replace Zulu with Victor
ChatterBot Golf reevaluating
2024-10-14 16:49:17.249750 Golf: No
2024-10-14 16:49:17.249981 Quebec: No
ChatterBot Alpha reevaluating
ChatterBot Golf reevaluating
ChatterBot Quebec round 5
2024-10-14 16:49:17.277813 Romeo: We should replace Golf with Victor
2024-10-14 16:49:17.337669 Whiskey: No
2024-10-14 16:49:17.337949 India: No
2024-10-14 16:49:17.338149 Juliett: No
2024-10-14 16:49:17.342243 Delta: No
ChatterBot Romeo reevaluating
ChatterBot Romeo reevaluating
ChatterBot Romeo reevaluating
ChatterBot Romeo reevaluating
2024-10-14 16:49:17.481289 Zulu: We should add Quebec
ChatterBot Golf reevaluating
ChatterBot Alpha reevaluating
2024-10-14 16:49:17.500318 Golf: Yes
2024-10-14 16:49:17.500512 Alpha: Yes
2024-10-14 16:49:17.500670 Victor: Yes
ChatterBot Alpha reevaluating
ChatterBot Zulu reevaluating
ChatterBot Golf reevaluating
ChatterBot Zulu reevaluating
ChatterBot Golf reevaluating
ChatterBot Alpha reevaluating
ChatterBot Zulu reevaluating
2024-10-14 16:49:17.551282 Romeo: We should replace Golf with Quebec
2024-10-14 16:49:17.563156 Whiskey: No
2024-10-14 16:49:17.563357 India: No
2024-10-14 16:49:17.563547 Juliett: No
2024-10-14 16:49:17.563721 Delta: No
ChatterBot Romeo reevaluating
ChatterBot Romeo reevaluating
ChatterBot Romeo reevaluating
ChatterBot Romeo reevaluating
2024-10-14 16:49:17.617945 Golf: We should drop Whiskey
ChatterBot Zulu reevaluating
ChatterBot Alpha reevaluating
2024-10-14 16:49:17.631214 Zulu: Yes
2024-10-14 16:49:17.631422 Alpha: Yes
2024-10-14 16:49:17.631591 Victor: Yes
2024-10-14 16:49:17.631784 Quebec: Yes
ChatterBot Alpha reevaluating
ChatterBot Golf reevaluating
ChatterBot Zulu reevaluating
ChatterBot Golf reevaluating
ChatterBot Zulu reevaluating
ChatterBot Alpha reevaluating
ChatterBot Golf reevaluating
ChatterBot Zulu reevaluating
ChatterBot Alpha reevaluating
ChatterBot Golf reevaluating
2024-10-14 16:49:17.695668 Whiskey: Delta and Romeo, sending you 1
2024-10-14 16:49:17.696829 India: Delta and Romeo, sending you 3
2024-10-14 16:49:17.697299 Zulu: Quebec we want you to join our group
2024-10-14 16:49:17.701605 Quebec: Yes
ChatterBot Zulu reevaluating
ChatterBot Golf reevaluating
2024-10-14 16:49:17.719688 Romeo: Victor we want you to join our group
ChatterBot Victor reevaluating
2024-10-14 16:49:17.725040 Victor: No
ChatterBot Romeo reevaluating
2024-10-14 16:49:17.744589 Delta: Whiskey and Juliett, sending you 2
2024-10-14 16:49:17.745135 Alpha: Victor we want you to join our group
ChatterBot Victor reevaluating
2024-10-14 16:49:17.749492 Victor: Yes
ChatterBot Golf reevaluating
2024-10-14 16:49:17.760849 Victor: We should add Zulu
ChatterBot Quebec reevaluating
ChatterBot Golf reevaluating
2024-10-14 16:49:17.772818 Quebec: No
2024-10-14 16:49:17.772968 Alpha: No
2024-10-14 16:49:17.773092 Golf: Yes
ChatterBot Golf reevaluating
ChatterBot Victor reevaluating
ChatterBot Quebec reevaluating
ChatterBot Golf reevaluating
ChatterBot Victor reevaluating
ChatterBot Quebec reevaluating
ChatterBot Victor reevaluating
2024-10-14 16:49:17.806950 Whiskey: India, sending you 4
2024-10-14 16:49:17.808233 India: Whiskey, sending you 4
2024-10-14 16:49:17.809872 Romeo: We should drop Juliett and Golf
2024-10-14 16:49:17.821709 Delta: No
2024-10-14 16:49:17.822339 Whiskey: No
2024-10-14 16:49:17.822462 India: No
ChatterBot Romeo reevaluating
ChatterBot Romeo reevaluating
ChatterBot Romeo reevaluating
ChatterBot Whiskey reevaluating
2024-10-14 16:49:17.853409 Delta: Romeo, sending you 1
2024-10-14 16:49:17.854719 Juliett: Delta and Whiskey, sending you 2
2024-10-14 16:49:17.855125 India: Juliett, sending you 8
2024-10-14 16:49:17.858694 Delta: India, sending you 3
2024-10-14 16:49:17.859848 Juliett: India, sending you 6
2024-10-14 16:49:17.861014 Whiskey: We should drop Romeo
2024-10-14 16:49:17.872238 Juliett: Yes
2024-10-14 16:49:17.872730 Delta: No
2024-10-14 16:49:17.872858 India: No
ChatterBot Delta reevaluating
ChatterBot Whiskey reevaluating
ChatterBot Whiskey reevaluating
ChatterBot Delta reevaluating
ChatterBot Whiskey reevaluating
2024-10-14 16:49:17.968655 Alpha: Golf, sending you 4
2024-10-14 16:49:17.973480 Quebec: Alpha, sending you 2
2024-10-14 16:49:17.975343 Alpha: Victor and Quebec, sending you 2
2024-10-14 16:49:17.980012 Quebec: Golf and Victor, sending you 1
2024-10-14 16:49:17.982993 Golf: Alpha, sending you 4
2024-10-14 16:49:18.012713 Golf: Victor, sending you 3
2024-10-14 16:49:18.019108 Golf: Zulu, sending you 1
2024-10-14 16:49:18.030782 Delta: Sorry, I'm actually sending you 0
2024-10-14 16:49:18.031365 Golf: Quebec, sending you 2
chatterbot Whiskey submitting transactions
2024-10-14 16:49:18.049951 Delta: Whiskey, sending you 1
2024-10-14 16:49:18.063601 Delta: India, sending you 4
2024-10-14 16:49:18.070876 Delta: Juliett, sending you 3
chatterbot Romeo submitting transactions
chatterbot Delta submitting transactions
chatterbot India submitting transactions
chatterbot Zulu submitting transactions
chatterbot Juliett submitting transactions
chatterbot Golf submitting transactions
chatterbot Delta submitting transactions
chatterbot Quebec submitting transactions
chatterbot Victor submitting transactions
chatterbot Whiskey submitting transactions
ChatterBot Alpha round 6
ChatterBot Delta round 6
ChatterBot Whiskey round 6
ChatterBot Golf round 6
ChatterBot Victor round 6
ChatterBot Zulu round 6
ChatterBot Romeo round 6
ChatterBot India round 6
ChatterBot Juliett round 6
ChatterBot Quebec round 6
2024-10-14 16:49:18.849097 Golf: We should add Romeo
ChatterBot Zulu reevaluating
ChatterBot Victor reevaluating
2024-10-14 16:49:18.861425 Zulu: No
2024-10-14 16:49:18.861580 Alpha: No
2024-10-14 16:49:18.861703 Victor: No
2024-10-14 16:49:18.861816 Quebec: No
ChatterBot Golf reevaluating
ChatterBot Victor reevaluating
ChatterBot Zulu reevaluating
ChatterBot Golf reevaluating
ChatterBot Victor reevaluating
ChatterBot Zulu reevaluating
ChatterBot Golf reevaluating
ChatterBot Zulu reevaluating
ChatterBot Golf reevaluating
ChatterBot Victor reevaluating
2024-10-14 16:49:18.916202 Zulu: We should add Quebec
2024-10-14 16:49:18.916545 Victor: We should add Zulu
ChatterBot Golf reevaluating
ChatterBot Victor reevaluating
2024-10-14 16:49:18.996219 Golf: Yes
ChatterBot Golf reevaluating
2024-10-14 16:49:19.000047 Alpha: Yes
2024-10-14 16:49:19.004795 Victor: Yes
2024-10-14 16:49:19.005110 Quebec: Yes
2024-10-14 16:49:19.005324 Golf: Yes
2024-10-14 16:49:19.005595 Alpha: No
ChatterBot Zulu reevaluating
ChatterBot Victor reevaluating
ChatterBot Golf reevaluating
ChatterBot Zulu reevaluating
ChatterBot Victor reevaluating
ChatterBot Golf reevaluating
ChatterBot Zulu reevaluating
ChatterBot Golf reevaluating
ChatterBot Victor reevaluating
ChatterBot Victor reevaluating
ChatterBot Golf reevaluating
ChatterBot Victor reevaluating
2024-10-14 16:49:19.092506 Whiskey: We should add Romeo
ChatterBot Delta reevaluating
2024-10-14 16:49:19.103184 Juliett: No
2024-10-14 16:49:19.103642 Delta: Yes
2024-10-14 16:49:19.103945 India: Yes
ChatterBot Delta reevaluating
ChatterBot Whiskey reevaluating
ChatterBot Whiskey reevaluating
ChatterBot Delta reevaluating
ChatterBot Whiskey reevaluating
chatterbot Alpha submitting transactions
2024-10-14 16:49:19.154535 Delta: Romeo we want you to join our group
ChatterBot Romeo reevaluating
2024-10-14 16:49:19.159469 Romeo: Yes
ChatterBot Whiskey reevaluating
2024-10-14 16:49:19.179908 Romeo: We should replace Golf with Quebec
ChatterBot Whiskey reevaluating
2024-10-14 16:49:19.197437 Whiskey: No
2024-10-14 16:49:19.197659 India: No
2024-10-14 16:49:19.197907 Juliett: No
2024-10-14 16:49:19.198093 Delta: No
ChatterBot Romeo reevaluating
ChatterBot Whiskey reevaluating
ChatterBot Romeo reevaluating
ChatterBot Whiskey reevaluating
ChatterBot Romeo reevaluating
ChatterBot Whiskey reevaluating
ChatterBot Romeo reevaluating
2024-10-14 16:49:19.246443 Victor: Zulu we want you to join our group
2024-10-14 16:49:19.249453 Zulu: Yes
ChatterBot Alpha reevaluating
2024-10-14 16:49:19.260827 Alpha: We should replace Victor with Zulu
ChatterBot Golf reevaluating
2024-10-14 16:49:19.266263 Golf: No
2024-10-14 16:49:19.266832 Quebec: No
ChatterBot Alpha reevaluating
ChatterBot Alpha reevaluating
ChatterBot Golf reevaluating
2024-10-14 16:49:19.280158 Zulu: Quebec we want you to join our group
2024-10-14 16:49:19.283973 Quebec: Yes
ChatterBot Alpha reevaluating
ChatterBot Golf reevaluating
2024-10-14 16:49:19.299217 Romeo: We should replace Golf with Alpha
ChatterBot Whiskey reevaluating
2024-10-14 16:49:19.314299 Whiskey: No
2024-10-14 16:49:19.314538 India: No
2024-10-14 16:49:19.314785 Juliett: No
2024-10-14 16:49:19.315037 Delta: No
ChatterBot Romeo reevaluating
ChatterBot Whiskey reevaluating
ChatterBot Romeo reevaluating
ChatterBot Whiskey reevaluating
ChatterBot Romeo reevaluating
ChatterBot Whiskey reevaluating
ChatterBot Romeo reevaluating
2024-10-14 16:49:19.371149 Quebec: Alpha and Golf, sending you 1
2024-10-14 16:49:19.371982 Juliett: Delta and Whiskey, sending you 2
2024-10-14 16:49:19.372647 Golf: We should drop Alpha
2024-10-14 16:49:19.384038 Victor: No
2024-10-14 16:49:19.384739 Zulu: No
2024-10-14 16:49:19.384953 Quebec: No
ChatterBot Golf reevaluating
ChatterBot Golf reevaluating
ChatterBot Golf reevaluating
2024-10-14 16:49:19.425270 India: Delta and Whiskey, sending you 4
2024-10-14 16:49:19.426401 Quebec: Victor, sending you 2
2024-10-14 16:49:19.427444 Juliett: India, sending you 6
2024-10-14 16:49:19.427861 Alpha: Zulu we want you to join our group
2024-10-14 16:49:19.432744 Zulu: Yes
ChatterBot Alpha reevaluating
ChatterBot Golf reevaluating
2024-10-14 16:49:19.448966 Whiskey: Romeo we want you to join our group
ChatterBot Romeo reevaluating
2024-10-14 16:49:19.455235 Romeo: No
ChatterBot Whiskey reevaluating
2024-10-14 16:49:19.474151 Delta: Whiskey and Romeo, sending you 1
2024-10-14 16:49:19.474997 India: Romeo, sending you 2
2024-10-14 16:49:19.481295 Romeo: We should drop Juliett and Golf
ChatterBot Whiskey reevaluating
2024-10-14 16:49:19.490744 Delta: No
2024-10-14 16:49:19.490881 Whiskey: No
2024-10-14 16:49:19.490996 India: No
ChatterBot Romeo reevaluating
ChatterBot Whiskey reevaluating
ChatterBot Romeo reevaluating
ChatterBot Romeo reevaluating
ChatterBot Whiskey reevaluating
2024-10-14 16:49:19.594371 Delta: India, sending you 4
2024-10-14 16:49:19.595997 India: Juliett, sending you 8
2024-10-14 16:49:19.614724 Delta: Juliett, sending you 2
2024-10-14 16:49:19.615624 Alpha: Golf, sending you 4
chatterbot Zulu submitting transactions
2024-10-14 16:49:19.617315 Golf: Alpha, sending you 4
2024-10-14 16:49:19.629205 Alpha: Victor and Quebec, sending you 2
2024-10-14 16:49:19.630192 Golf: Victor, sending you 3
2024-10-14 16:49:19.646988 Golf: Zulu, sending you 1
2024-10-14 16:49:19.662642 Golf: Quebec, sending you 2
2024-10-14 16:49:19.663828 Whiskey: Delta and Romeo, sending you 1
2024-10-14 16:49:19.687135 Whiskey: India, sending you 4
2024-10-14 16:49:19.700625 Whiskey: Juliett, sending you 2
chatterbot Romeo submitting transactions
chatterbot Juliett submitting transactions
chatterbot Golf submitting transactions
chatterbot Delta submitting transactions
chatterbot Quebec submitting transactions
chatterbot Whiskey submitting transactions
chatterbot Victor submitting transactions
chatterbot India submitting transactions
ChatterBot Alpha round 7
ChatterBot Delta round 7
ChatterBot Whiskey round 7
ChatterBot Golf round 7
ChatterBot Victor round 7
ChatterBot Zulu round 7
ChatterBot Romeo round 7
ChatterBot India round 7
ChatterBot Juliett round 7
ChatterBot Quebec round 7
2024-10-14 16:49:20.415689 Zulu: We should add Quebec
ChatterBot Alpha reevaluating
2024-10-14 16:49:20.424331 Golf: Yes
2024-10-14 16:49:20.424478 Alpha: Yes
2024-10-14 16:49:20.424594 Victor: Yes
ChatterBot Alpha reevaluating
ChatterBot Alpha reevaluating
2024-10-14 16:49:20.461318 Victor: We should add Zulu
ChatterBot Alpha reevaluating
2024-10-14 16:49:20.470313 Quebec: Yes
2024-10-14 16:49:20.470457 Alpha: Yes
2024-10-14 16:49:20.470556 Golf: Yes
ChatterBot Alpha reevaluating
ChatterBot Golf reevaluating
ChatterBot Golf reevaluating
ChatterBot Alpha reevaluating
2024-10-14 16:49:20.508859 Zulu: Quebec we want you to join our group
2024-10-14 16:49:20.511964 Quebec: Yes
ChatterBot Alpha reevaluating
ChatterBot Golf reevaluating
2024-10-14 16:49:20.523006 Victor: Zulu we want you to join our group
2024-10-14 16:49:20.525603 Zulu: Yes
ChatterBot Golf reevaluating
2024-10-14 16:49:20.536268 Romeo: We should drop Juliett and Golf
2024-10-14 16:49:20.543683 Delta: No
2024-10-14 16:49:20.543834 Whiskey: No
2024-10-14 16:49:20.544449 India: No
ChatterBot Romeo reevaluating
ChatterBot Romeo reevaluating
ChatterBot Romeo reevaluating
2024-10-14 16:49:20.568160 Alpha: Zulu we want you to join our group
2024-10-14 16:49:20.570523 Zulu: Yes
ChatterBot Golf reevaluating
2024-10-14 16:49:20.578113 Golf: We should add Romeo
2024-10-14 16:49:20.586977 Zulu: No
2024-10-14 16:49:20.587108 Alpha: No
2024-10-14 16:49:20.587215 Victor: No
2024-10-14 16:49:20.587385 Quebec: No
ChatterBot Golf reevaluating
ChatterBot Golf reevaluating
ChatterBot Quebec reevaluating
ChatterBot Golf reevaluating
ChatterBot Quebec reevaluating
ChatterBot Golf reevaluating
2024-10-14 16:49:20.631158 Juliett: Delta and Whiskey, sending you 2
2024-10-14 16:49:20.631760 Whiskey: Delta and Romeo, sending you 1
2024-10-14 16:49:20.632699 India: Delta and Whiskey, sending you 4
chatterbot Alpha submitting transactions
2024-10-14 16:49:20.635694 Delta: Whiskey and Romeo, sending you 1
2024-10-14 16:49:20.637037 Whiskey: India, sending you 4
2024-10-14 16:49:20.637745 Juliett: India, sending you 6
2024-10-14 16:49:20.638678 India: Romeo, sending you 3
2024-10-14 16:49:20.640695 Whiskey: Juliett, sending you 2
2024-10-14 16:49:20.642145 Delta: India, sending you 4
2024-10-14 16:49:20.642917 India: Juliett, sending you 7
2024-10-14 16:49:20.647673 Delta: Juliett, sending you 2
2024-10-14 16:49:20.650690 Quebec: Alpha, sending you 2
2024-10-14 16:49:20.652687 Golf: Alpha, sending you 4
2024-10-14 16:49:20.654686 Alpha: Golf and Zulu, sending you 3
2024-10-14 16:49:20.655376 Quebec: Golf and Victor, sending you 1
2024-10-14 16:49:20.657778 Golf: Victor, sending you 3
2024-10-14 16:49:20.659693 Alpha: Quebec, sending you 2
2024-10-14 16:49:20.661698 Golf: Zulu, sending you 1
2024-10-14 16:49:20.669889 Golf: Quebec, sending you 2
chatterbot Juliett submitting transactions
chatterbot Victor submitting transactions
chatterbot Whiskey submitting transactions
chatterbot Golf submitting transactions
chatterbot Romeo submitting transactions
chatterbot Zulu submitting transactions
chatterbot Delta submitting transactions
chatterbot India submitting transactions
chatterbot Alpha submitting transactions
chatterbot Quebec submitting transactions
ChatterBot Alpha round 8
ChatterBot Delta round 8
ChatterBot Whiskey round 8
ChatterBot Golf round 8
ChatterBot Victor round 8
ChatterBot Zulu round 8
ChatterBot Romeo round 8
ChatterBot India round 8
2024-10-14 16:49:21.774890 Victor: We should add Zulu and Romeo
2024-10-14 16:49:21.783582 Quebec: No
2024-10-14 16:49:21.784218 Alpha: No
2024-10-14 16:49:21.784350 Golf: No
ChatterBot Alpha reevaluating
ChatterBot Victor reevaluating
ChatterBot Alpha reevaluating
ChatterBot Victor reevaluating
ChatterBot Juliett round 8
ChatterBot Quebec round 8
2024-10-14 16:49:21.820156 Zulu: We should add Quebec
ChatterBot Golf reevaluating
ChatterBot Alpha reevaluating
ChatterBot Victor reevaluating
2024-10-14 16:49:21.829759 Golf: Yes
2024-10-14 16:49:21.829891 Alpha: Yes
2024-10-14 16:49:21.830044 Victor: Yes
ChatterBot Alpha reevaluating
ChatterBot Victor reevaluating
ChatterBot Golf reevaluating
ChatterBot Victor reevaluating
ChatterBot Golf reevaluating
ChatterBot Alpha reevaluating
2024-10-14 16:49:21.942330 Romeo: We should replace Golf with Quebec
2024-10-14 16:49:21.953375 Whiskey: No
2024-10-14 16:49:21.954191 India: No
2024-10-14 16:49:21.954480 Juliett: No
2024-10-14 16:49:21.954727 Delta: No
ChatterBot Romeo reevaluating
ChatterBot Romeo reevaluating
ChatterBot Romeo reevaluating
ChatterBot Romeo reevaluating
2024-10-14 16:49:21.998799 Victor: We should add Zulu
ChatterBot Alpha reevaluating
ChatterBot Golf reevaluating
2024-10-14 16:49:22.007807 Quebec: Yes
2024-10-14 16:49:22.008108 Alpha: No
2024-10-14 16:49:22.008294 Golf: Yes
