ChatterBot Whiskey round 1
ChatterBot November round 1
ChatterBot Tango round 1
ChatterBot Juliett round 1
ChatterBot Hotel round 1
ChatterBot Alpha round 1
ChatterBot Kilo round 1
ChatterBot Uniform round 1
ChatterBot Charlie round 1
ChatterBot Oscar round 1
randomSelections Whiskey: {Whiskey, Juliett, Kilo, Oscar, November} 
2024-10-14 16:49:09.805636 Whiskey: Friends?
ChatterBot Juliett reevaluating
ChatterBot Kilo reevaluating
ChatterBot Oscar reevaluating
ChatterBot November reevaluating
2024-10-14 16:49:09.818656 Juliett: Yes
2024-10-14 16:49:09.819352 Kilo: Yes
2024-10-14 16:49:09.819476 Oscar: Yes
2024-10-14 16:49:09.819609 November: Yes
ChatterBot Kilo reevaluating
ChatterBot Oscar reevaluating
ChatterBot November reevaluating
ChatterBot Juliett reevaluating
ChatterBot Oscar reevaluating
ChatterBot November reevaluating
ChatterBot Juliett reevaluating
ChatterBot Kilo reevaluating
ChatterBot November reevaluating
ChatterBot Juliett reevaluating
ChatterBot Kilo reevaluating
ChatterBot Oscar reevaluating
randomSelections Charlie: {Charlie, Oscar, Whiskey, Kilo} 
2024-10-14 16:49:09.852864 Charlie: Group up?
ChatterBot Oscar reevaluating
ChatterBot Kilo reevaluating
2024-10-14 16:49:09.857748 Oscar: No
2024-10-14 16:49:09.857882 Whiskey: No
2024-10-14 16:49:09.857991 Kilo: No
ChatterBot Kilo reevaluating
ChatterBot Oscar reevaluating
ChatterBot Kilo reevaluating
ChatterBot Oscar reevaluating
randomSelections Alpha: {Alpha, Whiskey, November, Oscar, Uniform, Hotel} 
2024-10-14 16:49:09.876686 Alpha: Group up?
ChatterBot November reevaluating
ChatterBot Oscar reevaluating
ChatterBot Uniform reevaluating
ChatterBot Hotel reevaluating
2024-10-14 16:49:09.884025 Whiskey: No
2024-10-14 16:49:09.884158 November: No
2024-10-14 16:49:09.884257 Oscar: No
2024-10-14 16:49:09.884882 Uniform: Yes
2024-10-14 16:49:09.884966 Hotel: Yes
ChatterBot November reevaluating
ChatterBot Oscar reevaluating
ChatterBot Uniform reevaluating
ChatterBot Hotel reevaluating
ChatterBot Oscar reevaluating
ChatterBot Uniform reevaluating
ChatterBot Hotel reevaluating
ChatterBot November reevaluating
ChatterBot Uniform reevaluating
ChatterBot Hotel reevaluating
ChatterBot November reevaluating
ChatterBot Oscar reevaluating
ChatterBot Hotel reevaluating
ChatterBot November reevaluating
ChatterBot Oscar reevaluating
ChatterBot Uniform reevaluating
randomSelections Tango: {Tango, Uniform, Juliett, Whiskey, Hotel, Kilo} 
2024-10-14 16:49:09.992210 Tango: Group up?
ChatterBot Uniform reevaluating
ChatterBot Juliett reevaluating
ChatterBot Hotel reevaluating
ChatterBot Kilo reevaluating
2024-10-14 16:49:10.000072 Uniform: No
2024-10-14 16:49:10.000282 Juliett: No
2024-10-14 16:49:10.000452 Whiskey: No
2024-10-14 16:49:10.000610 Hotel: No
2024-10-14 16:49:10.000815 Kilo: No
ChatterBot Juliett reevaluating
ChatterBot Hotel reevaluating
ChatterBot Kilo reevaluating
ChatterBot Uniform reevaluating
ChatterBot Hotel reevaluating
ChatterBot Kilo reevaluating
ChatterBot Uniform reevaluating
ChatterBot Juliett reevaluating
ChatterBot Hotel reevaluating
ChatterBot Kilo reevaluating
ChatterBot Uniform reevaluating
ChatterBot Juliett reevaluating
ChatterBot Kilo reevaluating
ChatterBot Uniform reevaluating
ChatterBot Juliett reevaluating
ChatterBot Hotel reevaluating
2024-10-14 16:49:10.045703 Whiskey: November, sending you 3
2024-10-14 16:49:10.046663 Tango: Hotel and Kilo, sending you 1
2024-10-14 16:49:10.048655 Whiskey: Juliett, sending you 2
2024-10-14 16:49:10.050688 Oscar: Whiskey and November, sending you 2
2024-10-14 16:49:10.051865 Tango: Uniform, sending you 2
2024-10-14 16:49:10.052620 Whiskey: Kilo, sending you 1
2024-10-14 16:49:10.053897 Oscar: Juliett, sending you 4
2024-10-14 16:49:10.054686 Charlie: Whiskey, sending you 4
2024-10-14 16:49:10.055316 Kilo: November, sending you 4
2024-10-14 16:49:10.057869 November: Whiskey and Juliett, sending you 2
2024-10-14 16:49:10.058671 Charlie: Kilo, sending you 1
2024-10-14 16:49:10.059186 Juliett: Whiskey and Oscar, sending you 1
2024-10-14 16:49:10.060709 Kilo: Juliett and Oscar, sending you 1
2024-10-14 16:49:10.061512 Hotel: Whiskey and Oscar, sending you 3
2024-10-14 16:49:10.063647 November: Kilo, sending you 3
2024-10-14 16:49:10.064308 Charlie: Oscar, sending you 3
2024-10-14 16:49:10.065240 Juliett: Kilo, sending you 2
2024-10-14 16:49:10.067681 Hotel: November and Alpha, sending you 1
2024-10-14 16:49:10.068301 Uniform: Whiskey, November, Hotel and Oscar, sending you 1
2024-10-14 16:49:10.069080 November: Oscar, sending you 1
2024-10-14 16:49:10.072199 Uniform: Alpha, sending you 4
chatterbot Alpha submitting transactions
chatterbot Whiskey submitting transactions
chatterbot November submitting transactions
chatterbot Kilo submitting transactions
chatterbot Tango submitting transactions
chatterbot Charlie submitting transactions
chatterbot Juliett submitting transactions
chatterbot Hotel submitting transactions
chatterbot Uniform submitting transactions
chatterbot Oscar submitting transactions
ChatterBot Whiskey round 2
ChatterBot November round 2
ChatterBot Tango round 2
ChatterBot Juliett round 2
ChatterBot Hotel round 2
ChatterBot Alpha round 2
ChatterBot Kilo round 2
ChatterBot Uniform round 2
ChatterBot Charlie round 2
ChatterBot Oscar round 2
2024-10-14 16:49:12.309475 Juliett: Let's form a team
ChatterBot Oscar reevaluating
2024-10-14 16:49:12.317649 Oscar: Yes
2024-10-14 16:49:12.333458 Tango: We should group up
ChatterBot Charlie reevaluating
2024-10-14 16:49:12.340770 Charlie: No
2024-10-14 16:49:12.347288 Charlie: Friends?
ChatterBot Hotel reevaluating
2024-10-14 16:49:12.354487 Hotel: No
ChatterBot Charlie reevaluating
2024-10-14 16:49:12.361355 Hotel: We would work well together
ChatterBot Whiskey reevaluating
ChatterBot November reevaluating
ChatterBot Kilo reevaluating
2024-10-14 16:49:12.384805 Whiskey: No
2024-10-14 16:49:12.385369 November: No
2024-10-14 16:49:12.385489 Kilo: No
ChatterBot Hotel reevaluating
ChatterBot November reevaluating
ChatterBot Kilo reevaluating
ChatterBot Hotel reevaluating
ChatterBot Whiskey reevaluating
ChatterBot Kilo reevaluating
ChatterBot Hotel reevaluating
ChatterBot Whiskey reevaluating
ChatterBot November reevaluating
2024-10-14 16:49:12.454094 Hotel: We would work well together
ChatterBot Alpha reevaluating
ChatterBot Uniform reevaluating
2024-10-14 16:49:12.470138 Alpha: Yes
2024-10-14 16:49:12.470313 Uniform: No
ChatterBot Hotel reevaluating
ChatterBot Uniform reevaluating
ChatterBot Hotel reevaluating
ChatterBot Alpha reevaluating
2024-10-14 16:49:12.504389 Uniform: Friends?
ChatterBot Hotel reevaluating
ChatterBot Alpha reevaluating
2024-10-14 16:49:12.529180 Hotel: No
2024-10-14 16:49:12.529423 Alpha: Yes
ChatterBot Alpha reevaluating
ChatterBot Uniform reevaluating
ChatterBot Hotel reevaluating
ChatterBot Uniform reevaluating
2024-10-14 16:49:12.697676 November: We should drop Juliett and Oscar
ChatterBot Kilo reevaluating
2024-10-14 16:49:12.715153 Whiskey: Yes
2024-10-14 16:49:12.718916 Kilo: Yes
ChatterBot Kilo reevaluating
ChatterBot November reevaluating
2024-10-14 16:49:12.784896 Whiskey: November, sending you 4
2024-10-14 16:49:12.785706 Tango: Sending you 4
2024-10-14 16:49:12.785962 Juliett: Sending you 4
2024-10-14 16:49:12.786215 Charlie: Sending you 8
2024-10-14 16:49:12.786469 Alpha: Hotel, sending you 1
2024-10-14 16:49:12.796508 Whiskey: Hotel, sending you 6
2024-10-14 16:49:12.797331 Oscar: Whiskey, sending you 1
2024-10-14 16:49:12.797601 Hotel: Sending you 8
2024-10-14 16:49:12.797845 Uniform: Hotel and Alpha, sending you 4
2024-10-14 16:49:12.798660 Alpha: Uniform, sending you 2
2024-10-14 16:49:12.802862 Whiskey: Kilo, sending you 1
2024-10-14 16:49:12.803128 Oscar: November and Kilo, sending you 2
2024-10-14 16:49:12.803333 November: Whiskey and Oscar, sending you 2
2024-10-14 16:49:12.806492 Oscar: Juliett, sending you 3
2024-10-14 16:49:12.807790 November: Juliett, sending you 1
2024-10-14 16:49:12.821470 Kilo: Whiskey and Charlie, sending you 1
2024-10-14 16:49:12.821713 November: Kilo, sending you 3
2024-10-14 16:49:12.831483 Kilo: November, sending you 4
chatterbot Tango submitting transactions
chatterbot Uniform submitting transactions
chatterbot November submitting transactions
chatterbot Oscar submitting transactions
chatterbot Juliett submitting transactions
chatterbot Hotel submitting transactions
chatterbot Charlie submitting transactions
chatterbot Kilo submitting transactions
chatterbot Alpha submitting transactions
chatterbot Whiskey submitting transactions
ChatterBot Whiskey round 3
ChatterBot November round 3
ChatterBot Tango round 3
ChatterBot Juliett round 3
ChatterBot Hotel round 3
ChatterBot Alpha round 3
ChatterBot Kilo round 3
ChatterBot Uniform round 3
ChatterBot Charlie round 3
ChatterBot Oscar round 3
2024-10-14 16:49:14.245822 Kilo: We should replace Charlie with Hotel
ChatterBot November reevaluating
2024-10-14 16:49:14.256570 November: Yes
2024-10-14 16:49:14.257179 Whiskey: Yes
ChatterBot November reevaluating
2024-10-14 16:49:14.282440 Charlie: We should add Hotel
ChatterBot Tango reevaluating
2024-10-14 16:49:14.287862 Tango: Yes
2024-10-14 16:49:14.293303 Tango: We should add Hotel and Whiskey
2024-10-14 16:49:14.298480 Charlie: No
ChatterBot Tango reevaluating
2024-10-14 16:49:14.303998 Tango: We should group up
ChatterBot Hotel reevaluating
ChatterBot Uniform reevaluating
2024-10-14 16:49:14.322939 Hotel: No
2024-10-14 16:49:14.323068 Charlie: No
2024-10-14 16:49:14.323155 Alpha: No
2024-10-14 16:49:14.323260 Uniform: No
ChatterBot Tango reevaluating
ChatterBot Charlie reevaluating
ChatterBot Uniform reevaluating
ChatterBot Tango reevaluating
ChatterBot Hotel reevaluating
ChatterBot Uniform reevaluating
ChatterBot Tango reevaluating
ChatterBot Hotel reevaluating
ChatterBot Charlie reevaluating
ChatterBot Uniform reevaluating
ChatterBot Tango reevaluating
ChatterBot Hotel reevaluating
ChatterBot Charlie reevaluating
2024-10-14 16:49:14.440185 Kilo: Hotel we want you to join our group
ChatterBot Hotel reevaluating
2024-10-14 16:49:14.445255 Hotel: Yes
ChatterBot November reevaluating
2024-10-14 16:49:14.460431 Uniform: We should replace Hotel with Tango
2024-10-14 16:49:14.464961 Alpha: No
ChatterBot Uniform reevaluating
2024-10-14 16:49:14.470950 Tango: Hotel and Whiskey we want you to join our group
2024-10-14 16:49:14.480636 Hotel: No
2024-10-14 16:49:14.480784 Whiskey: No
ChatterBot Tango reevaluating
ChatterBot Charlie reevaluating
ChatterBot Tango reevaluating
ChatterBot Charlie reevaluating
2024-10-14 16:49:14.510832 Juliett: Same as last round
2024-10-14 16:49:14.511066 Whiskey: November, sending you 5
2024-10-14 16:49:14.511677 Alpha: Uniform, sending you 3
2024-10-14 16:49:14.511952 Uniform: Tango we want you to join our group
ChatterBot Tango reevaluating
2024-10-14 16:49:14.517159 Tango: Yes
2024-10-14 16:49:14.526533 Whiskey: Hotel, sending you 4
2024-10-14 16:49:14.526953 Charlie: Hotel we want you to join our group
2024-10-14 16:49:14.531431 Hotel: No
ChatterBot Charlie reevaluating
ChatterBot Tango reevaluating
2024-10-14 16:49:14.541886 Tango: We should add Hotel and Uniform
ChatterBot Charlie reevaluating
2024-10-14 16:49:14.546866 Charlie: No
ChatterBot Tango reevaluating
2024-10-14 16:49:14.552057 Hotel: Whiskey, sending you 6
2024-10-14 16:49:14.552345 Oscar: Whiskey and Kilo, sending you 1
2024-10-14 16:49:14.553302 Kilo: Whiskey, sending you 2
2024-10-14 16:49:14.553543 November: Whiskey, sending you 3
2024-10-14 16:49:14.553782 Whiskey: Kilo, sending you 2
2024-10-14 16:49:14.579795 Oscar: November, sending you 2
2024-10-14 16:49:14.580553 Hotel: November and Kilo, sending you 1
2024-10-14 16:49:14.580810 Kilo: November, sending you 4
2024-10-14 16:49:14.581123 November: Hotel, sending you 1
2024-10-14 16:49:14.629699 Oscar: Juliett, sending you 4
2024-10-14 16:49:14.630500 Uniform: Tango and Alpha, sending you 4
2024-10-14 16:49:14.630845 November: Kilo, sending you 4
chatterbot Kilo submitting transactions
2024-10-14 16:49:14.809091 Charlie: Tango, sending you 7
2024-10-14 16:49:14.810584 Tango: Whiskey and Charlie, sending you 1
2024-10-14 16:49:14.822961 Charlie: Hotel, sending you 1
2024-10-14 16:49:14.823441 Tango: Hotel, sending you 2
chatterbot Hotel submitting transactions
chatterbot Uniform submitting transactions
chatterbot November submitting transactions
chatterbot Whiskey submitting transactions
chatterbot Juliett submitting transactions
chatterbot Alpha submitting transactions
chatterbot Oscar submitting transactions
chatterbot Tango submitting transactions
chatterbot Charlie submitting transactions
ChatterBot Whiskey round 4
ChatterBot November round 4
ChatterBot Tango round 4
ChatterBot Juliett round 4
ChatterBot Hotel round 4
ChatterBot Alpha round 4
ChatterBot Kilo round 4
ChatterBot Uniform round 4
ChatterBot Charlie round 4
ChatterBot Oscar round 4
2024-10-14 16:49:15.879352 Charlie: We should add Whiskey
ChatterBot Hotel reevaluating
2024-10-14 16:49:15.900236 Tango: No
2024-10-14 16:49:15.900438 Hotel: Yes
ChatterBot Charlie reevaluating
ChatterBot Hotel reevaluating
ChatterBot Charlie reevaluating
ChatterBot Tango reevaluating
2024-10-14 16:49:15.965777 Alpha: We should replace Hotel with Tango
2024-10-14 16:49:15.974808 Uniform: Yes
ChatterBot Alpha reevaluating
2024-10-14 16:49:16.008103 Kilo: We should add Oscar
ChatterBot Hotel reevaluating
2024-10-14 16:49:16.042628 Hotel: No
2024-10-14 16:49:16.042878 Whiskey: No
2024-10-14 16:49:16.043073 November: No
ChatterBot Kilo reevaluating
ChatterBot Hotel reevaluating
ChatterBot Kilo reevaluating
ChatterBot Hotel reevaluating
ChatterBot Kilo reevaluating
2024-10-14 16:49:16.163276 Oscar: We should drop Whiskey
ChatterBot Kilo reevaluating
2024-10-14 16:49:16.191332 Juliett: Yes
2024-10-14 16:49:16.192052 November: No
2024-10-14 16:49:16.192233 Kilo: No
ChatterBot Kilo reevaluating
ChatterBot Kilo reevaluating
2024-10-14 16:49:16.332588 Charlie: We should replace Hotel with Uniform
ChatterBot Tango reevaluating
2024-10-14 16:49:16.345409 Tango: No
ChatterBot Charlie reevaluating
2024-10-14 16:49:16.369808 November: Whiskey, sending you 4
2024-10-14 16:49:16.371049 Juliett: Same as last round
2024-10-14 16:49:16.371664 Charlie: Uniform we want you to join our group
ChatterBot Uniform reevaluating
2024-10-14 16:49:16.381570 Uniform: Yes
ChatterBot Charlie reevaluating
ChatterBot Tango reevaluating
2024-10-14 16:49:16.403033 Uniform: We should add Charlie
ChatterBot Alpha reevaluating
ChatterBot Tango reevaluating
2024-10-14 16:49:16.422851 Alpha: Yes
2024-10-14 16:49:16.423252 Tango: Yes
ChatterBot Uniform reevaluating
ChatterBot Tango reevaluating
ChatterBot Uniform reevaluating
ChatterBot Alpha reevaluating
2024-10-14 16:49:16.463287 Kilo: Oscar we want you to join our group
ChatterBot Oscar reevaluating
2024-10-14 16:49:16.472326 Oscar: No
ChatterBot Kilo reevaluating
2024-10-14 16:49:16.509870 Oscar: We should group up
2024-10-14 16:49:16.510607 Kilo: We should add Juliett and Oscar
ChatterBot Charlie reevaluating
2024-10-14 16:49:16.521055 Juliett: No
2024-10-14 16:49:16.521186 Charlie: No
2024-10-14 16:49:16.540124 Hotel: No
2024-10-14 16:49:16.540346 Whiskey: No
2024-10-14 16:49:16.540473 November: No
ChatterBot Oscar reevaluating
ChatterBot Charlie reevaluating
ChatterBot Oscar reevaluating
ChatterBot Kilo reevaluating
ChatterBot Kilo reevaluating
ChatterBot Kilo reevaluating
2024-10-14 16:49:16.620554 November: Hotel, sending you 1
2024-10-14 16:49:16.655607 Whiskey: November and Hotel, sending you 4
2024-10-14 16:49:16.656036 Hotel: Whiskey, sending you 6
2024-10-14 16:49:16.656303 November: Kilo, sending you 3
2024-10-14 16:49:16.657282 Uniform: Charlie we want you to join our group
ChatterBot Charlie reevaluating
2024-10-14 16:49:16.663179 Charlie: No
ChatterBot Uniform reevaluating
ChatterBot Alpha reevaluating
ChatterBot Tango reevaluating
2024-10-14 16:49:16.681302 Kilo: Juliett and Oscar we want you to join our group
ChatterBot Oscar reevaluating
2024-10-14 16:49:16.693068 Juliett: No
2024-10-14 16:49:16.693244 Oscar: No
ChatterBot Oscar reevaluating
ChatterBot Kilo reevaluating
2024-10-14 16:49:16.755991 Oscar: Group up?
ChatterBot Alpha reevaluating
ChatterBot Uniform reevaluating
2024-10-14 16:49:16.834887 Kilo: We should add Uniform
2024-10-14 16:49:16.835204 Juliett: No
2024-10-14 16:49:16.835459 Alpha: No
2024-10-14 16:49:16.836340 Uniform: No
ChatterBot Oscar reevaluating
ChatterBot Alpha reevaluating
ChatterBot Uniform reevaluating
2024-10-14 16:49:16.876351 Hotel: No
2024-10-14 16:49:16.876563 Whiskey: No
2024-10-14 16:49:16.876767 November: No
ChatterBot Oscar reevaluating
ChatterBot Uniform reevaluating
ChatterBot Oscar reevaluating
ChatterBot Alpha reevaluating
ChatterBot Kilo reevaluating
ChatterBot Kilo reevaluating
ChatterBot Kilo reevaluating
2024-10-14 16:49:16.976921 Alpha: Group up?
ChatterBot Uniform reevaluating
ChatterBot Tango reevaluating
ChatterBot Charlie reevaluating
2024-10-14 16:49:16.994917 Uniform: Yes
2024-10-14 16:49:16.995081 Tango: No
2024-10-14 16:49:16.995212 Charlie: Yes
ChatterBot Alpha reevaluating
ChatterBot Tango reevaluating
ChatterBot Charlie reevaluating
ChatterBot Uniform reevaluating
ChatterBot Alpha reevaluating
ChatterBot Charlie reevaluating
ChatterBot Uniform reevaluating
ChatterBot Alpha reevaluating
ChatterBot Tango reevaluating
2024-10-14 16:49:17.051192 Whiskey: Kilo, sending you 3
2024-10-14 16:49:17.051650 Hotel: November and Kilo, sending you 1
2024-10-14 16:49:17.052953 Kilo: We should add Charlie
2024-10-14 16:49:17.073374 Hotel: No
2024-10-14 16:49:17.073625 Whiskey: No
2024-10-14 16:49:17.073744 November: No
ChatterBot Kilo reevaluating
ChatterBot Kilo reevaluating
ChatterBot Kilo reevaluating
chatterbot Alpha submitting transactions
chatterbot Oscar submitting transactions
chatterbot November submitting transactions
chatterbot Juliett submitting transactions
2024-10-14 16:49:17.179429 Alpha: Uniform, sending you 3
2024-10-14 16:49:17.179802 Tango: Alpha and Uniform, sending you 1
2024-10-14 16:49:17.186360 Tango: Charlie, sending you 2
2024-10-14 16:49:17.186642 Uniform: Tango, sending you 2
2024-10-14 16:49:17.195482 Uniform: Alpha, sending you 5
2024-10-14 16:49:17.200175 Uniform: Charlie, sending you 1
chatterbot Whiskey submitting transactions
chatterbot Oscar submitting transactions
chatterbot Hotel submitting transactions
chatterbot Tango submitting transactions
chatterbot Uniform submitting transactions
chatterbot Charlie submitting transactions
chatterbot Kilo submitting transactions
ChatterBot Whiskey round 5
ChatterBot November round 5
ChatterBot Tango round 5
ChatterBot Juliett round 5
ChatterBot Hotel round 5
ChatterBot Alpha round 5
ChatterBot Kilo round 5
ChatterBot Uniform round 5
ChatterBot Charlie round 5
ChatterBot Oscar round 5
2024-10-14 16:49:18.266279 Kilo: We should add Oscar
2024-10-14 16:49:18.285906 Hotel: No
2024-10-14 16:49:18.286521 Whiskey: No
2024-10-14 16:49:18.286657 November: No
ChatterBot Kilo reevaluating
ChatterBot Kilo reevaluating
ChatterBot Kilo reevaluating
2024-10-14 16:49:18.365242 Alpha: We should drop Charlie
2024-10-14 16:49:18.416358 Uniform: No
2024-10-14 16:49:18.416594 Tango: No
ChatterBot Alpha reevaluating
ChatterBot Alpha reevaluating
2024-10-14 16:49:18.483519 Kilo: We should add Juliett and Oscar
2024-10-14 16:49:18.517122 Hotel: No
2024-10-14 16:49:18.517730 Whiskey: No
2024-10-14 16:49:18.518066 November: No
ChatterBot Kilo reevaluating
ChatterBot Kilo reevaluating
ChatterBot Kilo reevaluating
chatterbot Alpha submitting transactions
2024-10-14 16:49:18.626878 Juliett: Same as last round
2024-10-14 16:49:18.627266 Whiskey: November, sending you 4
2024-10-14 16:49:18.628350 Tango: Alpha and Uniform, sending you 1
2024-10-14 16:49:18.628824 Hotel: Whiskey, sending you 5
2024-10-14 16:49:18.629276 November: Whiskey, sending you 4
2024-10-14 16:49:18.640380 Whiskey: Hotel, sending you 5
2024-10-14 16:49:18.641404 Tango: Charlie, sending you 2
2024-10-14 16:49:18.641691 Hotel: November, sending you 2
2024-10-14 16:49:18.641989 Uniform: Tango, sending you 2
2024-10-14 16:49:18.642282 November: Hotel, sending you 1
2024-10-14 16:49:18.655023 Whiskey: Kilo, sending you 2
2024-10-14 16:49:18.655970 Alpha: Uniform, sending you 3
2024-10-14 16:49:18.656413 Hotel: Kilo, sending you 1
2024-10-14 16:49:18.657466 Oscar: Juliett, sending you 6
2024-10-14 16:49:18.657888 Uniform: Alpha, sending you 5
2024-10-14 16:49:18.658828 November: Kilo, sending you 3
2024-10-14 16:49:18.663504 Oscar: Charlie, sending you 2
2024-10-14 16:49:18.663850 Uniform: Charlie, sending you 1
chatterbot Uniform submitting transactions
chatterbot Hotel submitting transactions
chatterbot Tango submitting transactions
chatterbot Juliett submitting transactions
chatterbot Whiskey submitting transactions
chatterbot November submitting transactions
chatterbot Oscar submitting transactions
chatterbot Charlie submitting transactions
chatterbot Kilo submitting transactions
chatterbot Alpha submitting transactions
ChatterBot Whiskey round 6
ChatterBot November round 6
ChatterBot Tango round 6
ChatterBot Juliett round 6
ChatterBot Hotel round 6
ChatterBot Alpha round 6
ChatterBot Kilo round 6
ChatterBot Uniform round 6
ChatterBot Charlie round 6
2024-10-14 16:49:19.812514 Kilo: We should add Uniform
ChatterBot Whiskey reevaluating
ChatterBot November reevaluating
2024-10-14 16:49:19.832463 Hotel: No
2024-10-14 16:49:19.832667 Whiskey: No
2024-10-14 16:49:19.832891 November: No
ChatterBot Whiskey reevaluating
ChatterBot November reevaluating
ChatterBot Kilo reevaluating
ChatterBot November reevaluating
ChatterBot Kilo reevaluating
ChatterBot Whiskey reevaluating
ChatterBot Kilo reevaluating
ChatterBot Oscar round 6
2024-10-14 16:49:19.935643 Kilo: We should add Oscar
ChatterBot Whiskey reevaluating
ChatterBot November reevaluating
2024-10-14 16:49:19.955985 Hotel: No
2024-10-14 16:49:19.956254 Whiskey: No
2024-10-14 16:49:19.956427 November: No
ChatterBot Whiskey reevaluating
ChatterBot November reevaluating
ChatterBot Kilo reevaluating
ChatterBot November reevaluating
ChatterBot Kilo reevaluating
ChatterBot Whiskey reevaluating
ChatterBot Kilo reevaluating
2024-10-14 16:49:20.026178 Oscar: We should add Tango
2024-10-14 16:49:20.052794 Juliett: No
2024-10-14 16:49:20.053061 Charlie: Yes
ChatterBot Oscar reevaluating
ChatterBot Oscar reevaluating
2024-10-14 16:49:20.153462 Juliett: Same as last round
2024-10-14 16:49:20.154264 Hotel: Whiskey, sending you 5
2024-10-14 16:49:20.158852 Hotel: November, sending you 2
2024-10-14 16:49:20.159533 Alpha: Uniform, sending you 3
2024-10-14 16:49:20.160537 Tango: Alpha and Uniform, sending you 1
2024-10-14 16:49:20.161041 November: Whiskey, sending you 4
2024-10-14 16:49:20.162304 Uniform: Tango, sending you 2
2024-10-14 16:49:20.162926 Whiskey: November, sending you 4
2024-10-14 16:49:20.164320 Hotel: Kilo, sending you 1
2024-10-14 16:49:20.175119 Tango: Charlie, sending you 2
2024-10-14 16:49:20.175662 November: Hotel, sending you 1
2024-10-14 16:49:20.176210 Uniform: Alpha, sending you 5
2024-10-14 16:49:20.177006 Whiskey: Hotel, sending you 5
2024-10-14 16:49:20.177577 Oscar: Juliett, sending you 6
2024-10-14 16:49:20.179645 November: Kilo, sending you 3
2024-10-14 16:49:20.180913 Whiskey: Kilo, sending you 2
2024-10-14 16:49:20.182125 Uniform: Charlie, sending you 1
2024-10-14 16:49:20.182671 Oscar: Charlie, sending you 2
chatterbot Juliett submitting transactions
chatterbot Uniform submitting transactions
chatterbot Kilo submitting transactions
chatterbot Oscar submitting transactions
chatterbot Whiskey submitting transactions
chatterbot November submitting transactions
chatterbot Charlie submitting transactions
chatterbot Tango submitting transactions
chatterbot Hotel submitting transactions
ChatterBot Whiskey round 7
ChatterBot November round 7
ChatterBot Tango round 7
ChatterBot Juliett round 7
ChatterBot Hotel round 7
ChatterBot Alpha round 7
ChatterBot Kilo round 7
ChatterBot Uniform round 7
ChatterBot Charlie round 7
ChatterBot Oscar round 7
2024-10-14 16:49:21.033851 Kilo: We should add Juliett and Oscar
2024-10-14 16:49:21.046553 Hotel: No
2024-10-14 16:49:21.046731 Whiskey: No
2024-10-14 16:49:21.046867 November: No
ChatterBot Kilo reevaluating
ChatterBot Kilo reevaluating
ChatterBot Kilo reevaluating
2024-10-14 16:49:21.093651 Kilo: We should add Uniform
2024-10-14 16:49:21.105414 Hotel: No
2024-10-14 16:49:21.106060 Whiskey: No
2024-10-14 16:49:21.106206 November: No
ChatterBot Kilo reevaluating
ChatterBot Kilo reevaluating
ChatterBot Kilo reevaluating
chatterbot Alpha submitting transactions
2024-10-14 16:49:21.158081 Tango: Alpha and Uniform, sending you 1
2024-10-14 16:49:21.158694 Uniform: Tango and Charlie, sending you 2
2024-10-14 16:49:21.159496 Juliett: Sending you 3
2024-10-14 16:49:21.159820 Hotel: Whiskey, sending you 5
2024-10-14 16:49:21.160401 November: Whiskey, sending you 4
2024-10-14 16:49:21.161406 Whiskey: November and Hotel, sending you 4
2024-10-14 16:49:21.161896 Alpha: Tango, sending you 1
2024-10-14 16:49:21.163039 Tango: Charlie, sending you 2
2024-10-14 16:49:21.163515 Uniform: Alpha, sending you 4
2024-10-14 16:49:21.163954 November: Hotel, sending you 1
2024-10-14 16:49:21.164946 Hotel: November, sending you 2
2024-10-14 16:49:21.165720 Alpha: Uniform, sending you 2
2024-10-14 16:49:21.166858 Whiskey: Kilo, sending you 3
2024-10-14 16:49:21.167684 November: Kilo, sending you 3
2024-10-14 16:49:21.169945 Hotel: Kilo, sending you 1
2024-10-14 16:49:21.170453 Oscar: Juliett, sending you 6
2024-10-14 16:49:21.173815 Oscar: Charlie, sending you 2
chatterbot Alpha submitting transactions
chatterbot November submitting transactions
chatterbot Tango submitting transactions
chatterbot Charlie submitting transactions
chatterbot Hotel submitting transactions
chatterbot Uniform submitting transactions
chatterbot Whiskey submitting transactions
chatterbot Oscar submitting transactions
chatterbot Kilo submitting transactions
chatterbot Juliett submitting transactions
ChatterBot Whiskey round 8
ChatterBot November round 8
ChatterBot Tango round 8
ChatterBot Juliett round 8
ChatterBot Hotel round 8
ChatterBot Alpha round 8
ChatterBot Kilo round 8
ChatterBot Uniform round 8
ChatterBot Charlie round 8
ChatterBot Oscar round 8
2024-10-14 16:49:22.110831 Kilo: We should add Uniform
2024-10-14 16:49:22.128132 Hotel: No
2024-10-14 16:49:22.128339 Whiskey: No
2024-10-14 16:49:22.128521 November: No
ChatterBot Kilo reevaluating
ChatterBot Kilo reevaluating
ChatterBot Kilo reevaluating
2024-10-14 16:49:22.174371 Oscar: We should replace Charlie with Uniform
2024-10-14 16:49:22.179403 Juliett: No
ChatterBot Oscar reevaluating
2024-10-14 16:49:22.183653 Kilo: We should add Juliett and Oscar
2024-10-14 16:49:22.195119 Hotel: No
2024-10-14 16:49:22.195264 Whiskey: No
2024-10-14 16:49:22.195376 November: No
ChatterBot Kilo reevaluating
ChatterBot Kilo reevaluating
ChatterBot Kilo reevaluating
2024-10-14 16:49:22.234179 November: Whiskey, sending you 4
2024-10-14 16:49:22.237199 Tango: Alpha and Uniform, sending you 1
2024-10-14 16:49:22.237885 Alpha: Tango, sending you 1
2024-10-14 16:49:22.239357 Whiskey: November and Hotel, sending you 4
2024-10-14 16:49:22.240010 Juliett: Same as last round
2024-10-14 16:49:22.240293 November: Hotel, sending you 1
2024-10-14 16:49:22.241551 Hotel: Whiskey, sending you 5
2024-10-14 16:49:22.243163 Tango: Charlie, sending you 2
2024-10-14 16:49:22.243686 Alpha: Uniform, sending you 2
2024-10-14 16:49:22.244902 Whiskey: Kilo, sending you 3
2024-10-14 16:49:22.245610 November: Kilo, sending you 3
2024-10-14 16:49:22.246217 Uniform: Tango and Charlie, sending you 2
2024-10-14 16:49:22.247027 Hotel: November, sending you 2
2024-10-14 16:49:22.249902 Hotel: Kilo, sending you 1
2024-10-14 16:49:22.250678 Uniform: Alpha, sending you 4
2024-10-14 16:49:22.264666 Oscar: Juliett, sending you 6
2024-10-14 16:49:22.268663 Oscar: Charlie, sending you 2
chatterbot Tango submitting transactions
chatterbot Juliett submitting transactions
chatterbot Oscar submitting transactions
chatterbot Hotel submitting transactions
chatterbot Alpha submitting transactions
chatterbot Whiskey submitting transactions
chatterbot November submitting transactions
chatterbot Kilo submitting transactions
chatterbot Uniform submitting transactions
chatterbot Charlie submitting transactions
ChatterBot Whiskey round 9
ChatterBot November round 9
ChatterBot Tango round 9
ChatterBot Juliett round 9
ChatterBot Hotel round 9
ChatterBot Alpha round 9
ChatterBot Kilo round 9
2024-10-14 16:49:23.396388 Kilo: We should add Oscar
2024-10-14 16:49:23.412226 Hotel: No
2024-10-14 16:49:23.412558 Whiskey: No
2024-10-14 16:49:23.412817 November: No
ChatterBot Kilo reevaluating
ChatterBot Kilo reevaluating
ChatterBot Kilo reevaluating
ChatterBot Uniform round 9
ChatterBot Charlie round 9
ChatterBot Oscar round 9
2024-10-14 16:49:23.467229 Alpha: We should add Hotel
ChatterBot Tango reevaluating
ChatterBot Charlie reevaluating
2024-10-14 16:49:23.485480 Uniform: No
2024-10-14 16:49:23.486212 Tango: No
2024-10-14 16:49:23.486775 Charlie: No
ChatterBot Tango reevaluating
ChatterBot Charlie reevaluating
ChatterBot Alpha reevaluating
ChatterBot Charlie reevaluating
ChatterBot Alpha reevaluating
ChatterBot Tango reevaluating
2024-10-14 16:49:23.561907 Kilo: Oscar we want you to join our group
ChatterBot Oscar reevaluating
2024-10-14 16:49:23.566939 Oscar: No
ChatterBot Kilo reevaluating
2024-10-14 16:49:23.584380 Kilo: We should add Juliett and Oscar
2024-10-14 16:49:23.596564 Hotel: No
2024-10-14 16:49:23.597165 Whiskey: No
2024-10-14 16:49:23.597308 November: No
ChatterBot Kilo reevaluating
ChatterBot Kilo reevaluating
ChatterBot Kilo reevaluating
2024-10-14 16:49:23.638714 Tango: Hotel we want you to join our group
2024-10-14 16:49:23.645550 Hotel: No
ChatterBot Tango reevaluating
ChatterBot Alpha reevaluating
2024-10-14 16:49:23.665511 Tango: We should add Juliett and Oscar
2024-10-14 16:49:23.665878 Alpha: We should add Juliett and Oscar
ChatterBot Uniform reevaluating
ChatterBot Alpha reevaluating
ChatterBot Charlie reevaluating
2024-10-14 16:49:23.680725 Uniform: No
ChatterBot Uniform reevaluating
2024-10-14 16:49:23.685700 Alpha: No
ChatterBot Tango reevaluating
2024-10-14 16:49:23.691201 Charlie: No
ChatterBot Charlie reevaluating
2024-10-14 16:49:23.696842 Uniform: No
2024-10-14 16:49:23.696971 Tango: No
2024-10-14 16:49:23.697074 Charlie: No
ChatterBot Alpha reevaluating
ChatterBot Tango reevaluating
ChatterBot Charlie reevaluating
ChatterBot Uniform reevaluating
ChatterBot Tango reevaluating
ChatterBot Charlie reevaluating
ChatterBot Uniform reevaluating
ChatterBot Alpha reevaluating
ChatterBot Tango reevaluating
ChatterBot Alpha reevaluating
ChatterBot Tango reevaluating
ChatterBot Charlie reevaluating
ChatterBot Uniform reevaluating
ChatterBot Alpha reevaluating
ChatterBot Charlie reevaluating
ChatterBot Uniform reevaluating
ChatterBot Alpha reevaluating
ChatterBot Tango reevaluating
2024-10-14 16:49:23.794825 Alpha: We should add Kilo
ChatterBot Uniform reevaluating
ChatterBot Tango reevaluating
ChatterBot Charlie reevaluating
2024-10-14 16:49:23.809305 Uniform: No
2024-10-14 16:49:23.809431 Tango: No
2024-10-14 16:49:23.809527 Charlie: No
ChatterBot Alpha reevaluating
ChatterBot Tango reevaluating
ChatterBot Charlie reevaluating
ChatterBot Uniform reevaluating
ChatterBot Alpha reevaluating
ChatterBot Charlie reevaluating
ChatterBot Uniform reevaluating
ChatterBot Alpha reevaluating
ChatterBot Tango reevaluating
2024-10-14 16:49:23.852737 Kilo: We should add Charlie
2024-10-14 16:49:23.864419 Hotel: No
2024-10-14 16:49:23.864603 Whiskey: No
2024-10-14 16:49:23.864765 November: No
ChatterBot Kilo reevaluating
ChatterBot Kilo reevaluating
ChatterBot Kilo reevaluating
2024-10-14 16:49:23.901382 Whiskey: November and Hotel, sending you 4
2024-10-14 16:49:23.902824 Tango: We should add Juliett
ChatterBot Uniform reevaluating
ChatterBot Alpha reevaluating
ChatterBot Charlie reevaluating
2024-10-14 16:49:23.917752 Uniform: No
2024-10-14 16:49:23.917900 Alpha: No
2024-10-14 16:49:23.918047 Charlie: No
ChatterBot Alpha reevaluating
ChatterBot Tango reevaluating
ChatterBot Charlie reevaluating
ChatterBot Uniform reevaluating
ChatterBot Tango reevaluating
ChatterBot Charlie reevaluating
ChatterBot Uniform reevaluating
ChatterBot Alpha reevaluating
ChatterBot Tango reevaluating
2024-10-14 16:49:24.077219 Hotel: Whiskey, sending you 5
2024-10-14 16:49:24.079175 November: Whiskey, sending you 4
2024-10-14 16:49:24.080982 Whiskey: Kilo, sending you 3
2024-10-14 16:49:24.082812 Juliett: Same as last round
2024-10-14 16:49:24.084342 Alpha: Juliett we want you to join our group
2024-10-14 16:49:24.091844 Juliett: No
ChatterBot Alpha reevaluating
ChatterBot Charlie reevaluating
2024-10-14 16:49:24.127459 Alpha: We should add Oscar
ChatterBot Tango reevaluating
ChatterBot Charlie reevaluating
2024-10-14 16:49:24.154724 Uniform: No
2024-10-14 16:49:24.155348 Tango: No
2024-10-14 16:49:24.155629 Charlie: No
ChatterBot Alpha reevaluating
ChatterBot Tango reevaluating
ChatterBot Charlie reevaluating
ChatterBot Alpha reevaluating
ChatterBot Charlie reevaluating
ChatterBot Alpha reevaluating
ChatterBot Tango reevaluating
2024-10-14 16:49:24.238704 Hotel: November, sending you 2
2024-10-14 16:49:24.240206 Oscar: Juliett, sending you 6
2024-10-14 16:49:24.241173 November: Hotel, sending you 1
chatterbot Juliett submitting transactions
2024-10-14 16:49:24.263636 Tango: Oscar we want you to join our group
ChatterBot Oscar reevaluating
2024-10-14 16:49:24.272711 Oscar: No
ChatterBot Tango reevaluating
ChatterBot Alpha reevaluating
ChatterBot Charlie reevaluating
2024-10-14 16:49:24.308729 Hotel: Kilo, sending you 1
2024-10-14 16:49:24.310587 November: Kilo, sending you 3
chatterbot November submitting transactions
2024-10-14 16:49:24.314018 Tango: Juliett and Oscar we want you to join our group
ChatterBot Oscar reevaluating
2024-10-14 16:49:24.323991 Juliett: No
2024-10-14 16:49:24.324116 Oscar: No
ChatterBot Tango reevaluating
ChatterBot Alpha reevaluating
ChatterBot Charlie reevaluating
ChatterBot Oscar reevaluating
ChatterBot Tango reevaluating
ChatterBot Alpha reevaluating
ChatterBot Charlie reevaluating
2024-10-14 16:49:24.378069 Uniform: Tango and Charlie, sending you 2
2024-10-14 16:49:24.389607 Uniform: Alpha, sending you 4
chatterbot Oscar submitting transactions
2024-10-14 16:49:24.409251 Oscar: Sorry, I'm actually sending you 0
2024-10-14 16:49:24.409981 Oscar: Sorry, I'm actually sending you 0
2024-10-14 16:49:24.428790 Alpha: Tango, sending you 1
2024-10-14 16:49:24.429884 Oscar: Charlie, sending you 2
2024-10-14 16:49:24.430166 Tango: Hotel, Alpha, Uniform and Charlie, sending you 1
2024-10-14 16:49:24.461884 Alpha: Uniform, sending you 2
chatterbot Whiskey submitting transactions
chatterbot Kilo submitting transactions
chatterbot Hotel submitting transactions
chatterbot Charlie submitting transactions
chatterbot Alpha submitting transactions
chatterbot Uniform submitting transactions
chatterbot Tango submitting transactions
ChatterBot Whiskey round 10
ChatterBot November round 10
ChatterBot Tango round 10
ChatterBot Juliett round 10
ChatterBot Hotel round 10
ChatterBot Alpha round 10
ChatterBot Kilo round 10
ChatterBot Uniform round 10
ChatterBot Charlie round 10
ChatterBot Oscar round 10
2024-10-14 16:49:25.370527 Kilo: We should add Oscar
2024-10-14 16:49:25.382941 Hotel: No
2024-10-14 16:49:25.383263 Whiskey: No
2024-10-14 16:49:25.383456 November: No
ChatterBot Kilo reevaluating
ChatterBot Kilo reevaluating
ChatterBot Kilo reevaluating
2024-10-14 16:49:25.435738 Oscar: We should add Tango
ChatterBot Charlie reevaluating
2024-10-14 16:49:25.444585 Juliett: No
2024-10-14 16:49:25.444877 Charlie: Yes
ChatterBot Oscar reevaluating
ChatterBot Charlie reevaluating
ChatterBot Oscar reevaluating
2024-10-14 16:49:25.468 Alpha: We should add Oscar
ChatterBot Tango reevaluating
ChatterBot Charlie reevaluating
2024-10-14 16:49:25.493144 Uniform: No
2024-10-14 16:49:25.493296 Tango: Yes
2024-10-14 16:49:25.493409 Charlie: No
2024-10-14 16:49:25.493529 Juliett: Yes
ChatterBot Alpha reevaluating
ChatterBot Tango reevaluating
ChatterBot Charlie reevaluating
ChatterBot Alpha reevaluating
ChatterBot Uniform reevaluating
ChatterBot Charlie reevaluating
ChatterBot Alpha reevaluating
ChatterBot Uniform reevaluating
ChatterBot Tango reevaluating
ChatterBot Alpha reevaluating
ChatterBot Uniform reevaluating
ChatterBot Tango reevaluating
ChatterBot Charlie reevaluating
2024-10-14 16:49:25.642504 Oscar: We should replace Charlie with Alpha
2024-10-14 16:49:25.648860 Juliett: No
ChatterBot Oscar reevaluating
2024-10-14 16:49:25.657355 Uniform: We should drop Charlie
ChatterBot Alpha reevaluating
ChatterBot Tango reevaluating
2024-10-14 16:49:25.674608 Alpha: No
2024-10-14 16:49:25.674827 Tango: No
ChatterBot Uniform reevaluating
ChatterBot Tango reevaluating
ChatterBot Uniform reevaluating
ChatterBot Alpha reevaluating
2024-10-14 16:49:25.708059 Alpha: We should replace Juliett with Oscar
ChatterBot Uniform reevaluating
ChatterBot Tango reevaluating
2024-10-14 16:49:25.730910 Uniform: No
2024-10-14 16:49:25.731141 Tango: No
2024-10-14 16:49:25.731337 Charlie: No
ChatterBot Alpha reevaluating
ChatterBot Tango reevaluating
ChatterBot Uniform reevaluating
ChatterBot Alpha reevaluating
ChatterBot Charlie reevaluating
ChatterBot Uniform reevaluating
ChatterBot Alpha reevaluating
ChatterBot Tango reevaluating
chatterbot Oscar submitting transactions
2024-10-14 16:49:25.795171 Kilo: Oscar we want you to join our group
ChatterBot Oscar reevaluating
2024-10-14 16:49:25.802386 Oscar: No
ChatterBot Kilo reevaluating
2024-10-14 16:49:25.824652 Kilo: We should add Charlie
2024-10-14 16:49:25.855111 Hotel: No
2024-10-14 16:49:25.855334 Whiskey: No
2024-10-14 16:49:25.858741 November: No
ChatterBot Kilo reevaluating
ChatterBot Kilo reevaluating
ChatterBot Kilo reevaluating
2024-10-14 16:49:25.975895 Juliett: Same as last round
2024-10-14 16:49:25.976510 November: Whiskey, sending you 4
2024-10-14 16:49:25.977915 Hotel: Whiskey, sending you 5
2024-10-14 16:49:25.979397 Whiskey: November and Hotel, sending you 4
2024-10-14 16:49:25.980780 Alpha: Oscar we want you to join our group
ChatterBot Oscar reevaluating
2024-10-14 16:49:25.988167 Oscar: No
ChatterBot Tango reevaluating
ChatterBot Alpha reevaluating
ChatterBot Uniform reevaluating
ChatterBot Charlie reevaluating
2024-10-14 16:49:26.030079 Tango: We should replace Hotel with Oscar
ChatterBot Uniform reevaluating
ChatterBot Alpha reevaluating
ChatterBot Charlie reevaluating
2024-10-14 16:49:26.056498 Uniform: No
2024-10-14 16:49:26.057214 Alpha: Yes
2024-10-14 16:49:26.057427 Charlie: No
ChatterBot Alpha reevaluating
ChatterBot Tango reevaluating
ChatterBot Charlie reevaluating
ChatterBot Uniform reevaluating
ChatterBot Tango reevaluating
ChatterBot Charlie reevaluating
ChatterBot Uniform reevaluating
ChatterBot Alpha reevaluating
ChatterBot Tango reevaluating
2024-10-14 16:49:26.107363 November: Hotel, sending you 1
2024-10-14 16:49:26.108153 Whiskey: Kilo, sending you 3
2024-10-14 16:49:26.108650 Hotel: November, sending you 2
chatterbot Whiskey submitting transactions
chatterbot Hotel submitting transactions
2024-10-14 16:49:26.110672 November: Kilo, sending you 3
2024-10-14 16:49:26.113712 Hotel: Kilo, sending you 1
2024-10-14 16:49:26.122152 Alpha: Hotel we want you to join our group
2024-10-14 16:49:26.126662 Hotel: No
ChatterBot Tango reevaluating
ChatterBot Uniform reevaluating
2024-10-14 16:49:26.151491 Oscar: Juliett, sending you 6
chatterbot Juliett submitting transactions
2024-10-14 16:49:26.155659 Oscar: Charlie, sending you 2
2024-10-14 16:49:26.156686 Tango: Oscar we want you to join our group
ChatterBot Oscar reevaluating
2024-10-14 16:49:26.161213 Oscar: No
ChatterBot Tango reevaluating
ChatterBot Alpha reevaluating
ChatterBot Uniform reevaluating
