ChatterBot Victor round 1
ChatterBot Hotel round 1
ChatterBot Alpha round 1
ChatterBot Kilo round 1
ChatterBot November round 1
ChatterBot Romeo round 1
ChatterBot Golf round 1
ChatterBot Foxtrot round 1
ChatterBot Yankee round 1
ChatterBot Delta round 1
randomSelections Victor: {Victor, Yankee, Romeo, Delta, Foxtrot, Hotel, Alpha, November} 
2024-10-14 16:49:09.953462 Victor: Can we be friends?
ChatterBot Yankee reevaluating
ChatterBot Romeo reevaluating
ChatterBot Delta reevaluating
ChatterBot Foxtrot reevaluating
ChatterBot Hotel reevaluating
ChatterBot Alpha reevaluating
ChatterBot November reevaluating
2024-10-14 16:49:09.995226 Yankee: Yes
2024-10-14 16:49:09.995473 Romeo: Yes
2024-10-14 16:49:09.995626 Delta: Yes
2024-10-14 16:49:09.996326 Foxtrot: Yes
2024-10-14 16:49:09.996495 Hotel: Yes
2024-10-14 16:49:09.996713 Alpha: Yes
2024-10-14 16:49:09.996892 November: Yes
ChatterBot Romeo reevaluating
ChatterBot Delta reevaluating
ChatterBot Foxtrot reevaluating
ChatterBot Hotel reevaluating
ChatterBot Alpha reevaluating
ChatterBot November reevaluating
ChatterBot Yankee reevaluating
ChatterBot Delta reevaluating
ChatterBot Foxtrot reevaluating
ChatterBot Hotel reevaluating
ChatterBot Alpha reevaluating
ChatterBot November reevaluating
ChatterBot Yankee reevaluating
ChatterBot Romeo reevaluating
ChatterBot Foxtrot reevaluating
ChatterBot Hotel reevaluating
ChatterBot Alpha reevaluating
ChatterBot November reevaluating
ChatterBot Yankee reevaluating
ChatterBot Romeo reevaluating
ChatterBot Delta reevaluating
ChatterBot Hotel reevaluating
ChatterBot Alpha reevaluating
ChatterBot November reevaluating
ChatterBot Yankee reevaluating
ChatterBot Romeo reevaluating
ChatterBot Delta reevaluating
ChatterBot Foxtrot reevaluating
ChatterBot Alpha reevaluating
ChatterBot November reevaluating
ChatterBot Yankee reevaluating
ChatterBot Romeo reevaluating
ChatterBot Delta reevaluating
ChatterBot Foxtrot reevaluating
ChatterBot Hotel reevaluating
ChatterBot November reevaluating
ChatterBot Yankee reevaluating
ChatterBot Romeo reevaluating
ChatterBot Delta reevaluating
ChatterBot Foxtrot reevaluating
ChatterBot Hotel reevaluating
ChatterBot Alpha reevaluating
randomSelections Kilo: {Kilo, November, Delta, Foxtrot, Victor, Hotel} 
2024-10-14 16:49:10.071449 Kilo: Let's form a team
ChatterBot November reevaluating
ChatterBot Delta reevaluating
ChatterBot Foxtrot reevaluating
ChatterBot Hotel reevaluating
2024-10-14 16:49:10.078373 November: No
2024-10-14 16:49:10.078523 Delta: No
2024-10-14 16:49:10.079175 Foxtrot: No
2024-10-14 16:49:10.079342 Victor: No
2024-10-14 16:49:10.079477 Hotel: No
ChatterBot Delta reevaluating
ChatterBot Foxtrot reevaluating
ChatterBot Hotel reevaluating
ChatterBot November reevaluating
ChatterBot Foxtrot reevaluating
ChatterBot Hotel reevaluating
ChatterBot November reevaluating
ChatterBot Delta reevaluating
ChatterBot Hotel reevaluating
ChatterBot November reevaluating
ChatterBot Delta reevaluating
ChatterBot Foxtrot reevaluating
ChatterBot Hotel reevaluating
ChatterBot November reevaluating
ChatterBot Delta reevaluating
ChatterBot Foxtrot reevaluating
randomSelections Golf: {Golf, Alpha, Romeo, Hotel, Kilo, November, Yankee, Delta} 
2024-10-14 16:49:10.111244 Golf: Group up?
ChatterBot Alpha reevaluating
ChatterBot Romeo reevaluating
ChatterBot Hotel reevaluating
ChatterBot November reevaluating
ChatterBot Yankee reevaluating
ChatterBot Delta reevaluating
2024-10-14 16:49:10.117535 Alpha: No
2024-10-14 16:49:10.117652 Romeo: No
2024-10-14 16:49:10.117807 Hotel: No
2024-10-14 16:49:10.117915 Kilo: No
2024-10-14 16:49:10.118009 November: No
2024-10-14 16:49:10.118111 Yankee: No
2024-10-14 16:49:10.118258 Delta: No
ChatterBot Romeo reevaluating
ChatterBot Hotel reevaluating
ChatterBot November reevaluating
ChatterBot Yankee reevaluating
ChatterBot Delta reevaluating
ChatterBot Alpha reevaluating
ChatterBot Hotel reevaluating
ChatterBot November reevaluating
ChatterBot Yankee reevaluating
ChatterBot Delta reevaluating
ChatterBot Alpha reevaluating
ChatterBot Romeo reevaluating
ChatterBot November reevaluating
ChatterBot Yankee reevaluating
ChatterBot Delta reevaluating
ChatterBot Alpha reevaluating
ChatterBot Romeo reevaluating
ChatterBot Hotel reevaluating
ChatterBot November reevaluating
ChatterBot Yankee reevaluating
ChatterBot Delta reevaluating
ChatterBot Alpha reevaluating
ChatterBot Romeo reevaluating
ChatterBot Hotel reevaluating
ChatterBot Yankee reevaluating
ChatterBot Delta reevaluating
ChatterBot Alpha reevaluating
ChatterBot Romeo reevaluating
ChatterBot Hotel reevaluating
ChatterBot November reevaluating
ChatterBot Delta reevaluating
ChatterBot Alpha reevaluating
ChatterBot Romeo reevaluating
ChatterBot Hotel reevaluating
ChatterBot November reevaluating
ChatterBot Yankee reevaluating
2024-10-14 16:49:10.180673 Victor: Hotel, Alpha, November and Delta, sending you 2
2024-10-14 16:49:10.181651 Kilo: Victor and November, sending you 2
2024-10-14 16:49:10.182663 November: Victor, Romeo and Foxtrot, sending you 1
2024-10-14 16:49:10.183672 Alpha: Victor, sending you 3
2024-10-14 16:49:10.183951 Delta: November, sending you 1
2024-10-14 16:49:10.184193 Golf: Hotel, sending you 2
2024-10-14 16:49:10.184426 Victor: Romeo and Yankee, sending you 1
2024-10-14 16:49:10.185669 November: Yankee and Delta, sending you 3
2024-10-14 16:49:10.186664 Kilo: Hotel, sending you 4
2024-10-14 16:49:10.186983 Alpha: Hotel and Yankee, sending you 2
2024-10-14 16:49:10.187677 Victor: Foxtrot, sending you 3
2024-10-14 16:49:10.188685 Delta: Romeo, sending you 2
2024-10-14 16:49:10.189097 Golf: Kilo, Romeo and Delta, sending you 3
2024-10-14 16:49:10.191669 Kilo: Foxtrot, sending you 5
2024-10-14 16:49:10.191927 Alpha: November, Romeo and Foxtrot, sending you 1
2024-10-14 16:49:10.192213 Golf: November and Yankee, sending you 1
2024-10-14 16:49:10.192650 Hotel: Alpha, November and Romeo, sending you 2
2024-10-14 16:49:10.192949 Foxtrot: Victor and November, sending you 2
2024-10-14 16:49:10.194678 Romeo: Alpha, sending you 1
2024-10-14 16:49:10.194975 Kilo: Delta, sending you 3
2024-10-14 16:49:10.195664 Hotel: Yankee, sending you 4
2024-10-14 16:49:10.196008 Foxtrot: Hotel and Romeo, sending you 1
2024-10-14 16:49:10.197653 Romeo: November, sending you 4
2024-10-14 16:49:10.199662 Yankee: Victor and Hotel, sending you 2
2024-10-14 16:49:10.200001 Hotel: Delta, sending you 3
2024-10-14 16:49:10.200558 Foxtrot: Alpha, sending you 3
2024-10-14 16:49:10.202675 Yankee: November, sending you 3
2024-10-14 16:49:10.205663 Yankee: Romeo and Foxtrot, sending you 1
chatterbot Victor submitting transactions
chatterbot Foxtrot submitting transactions
chatterbot November submitting transactions
chatterbot Alpha submitting transactions
chatterbot Romeo submitting transactions
chatterbot Golf submitting transactions
chatterbot Hotel submitting transactions
chatterbot Delta submitting transactions
chatterbot Kilo submitting transactions
chatterbot Yankee submitting transactions
ChatterBot Victor round 2
ChatterBot Hotel round 2
ChatterBot Alpha round 2
ChatterBot Kilo round 2
ChatterBot November round 2
ChatterBot Romeo round 2
ChatterBot Golf round 2
ChatterBot Foxtrot round 2
ChatterBot Yankee round 2
ChatterBot Delta round 2
2024-10-14 16:49:11.985485 Kilo: Let's form a team
ChatterBot Victor reevaluating
ChatterBot Alpha reevaluating
ChatterBot Foxtrot reevaluating
ChatterBot Hotel reevaluating
ChatterBot November reevaluating
ChatterBot Yankee reevaluating
ChatterBot Golf reevaluating
2024-10-14 16:49:12.091433 Victor: No
2024-10-14 16:49:12.092139 Alpha: No
2024-10-14 16:49:12.092323 Foxtrot: No
2024-10-14 16:49:12.092481 Hotel: No
2024-10-14 16:49:12.092693 November: No
2024-10-14 16:49:12.092886 Yankee: No
2024-10-14 16:49:12.093518 Golf: No
ChatterBot Alpha reevaluating
ChatterBot Foxtrot reevaluating
ChatterBot Hotel reevaluating
ChatterBot November reevaluating
ChatterBot Yankee reevaluating
ChatterBot Golf reevaluating
ChatterBot Kilo reevaluating
ChatterBot Victor reevaluating
ChatterBot Foxtrot reevaluating
ChatterBot Hotel reevaluating
ChatterBot November reevaluating
ChatterBot Yankee reevaluating
ChatterBot Golf reevaluating
ChatterBot Kilo reevaluating
ChatterBot Victor reevaluating
ChatterBot Alpha reevaluating
ChatterBot Hotel reevaluating
ChatterBot November reevaluating
ChatterBot Yankee reevaluating
ChatterBot Golf reevaluating
ChatterBot Kilo reevaluating
ChatterBot Victor reevaluating
ChatterBot Alpha reevaluating
ChatterBot Foxtrot reevaluating
ChatterBot November reevaluating
ChatterBot Yankee reevaluating
ChatterBot Golf reevaluating
ChatterBot Kilo reevaluating
ChatterBot Victor reevaluating
ChatterBot Alpha reevaluating
ChatterBot Foxtrot reevaluating
ChatterBot Hotel reevaluating
ChatterBot Yankee reevaluating
ChatterBot Golf reevaluating
ChatterBot Kilo reevaluating
ChatterBot Victor reevaluating
ChatterBot Alpha reevaluating
ChatterBot Foxtrot reevaluating
ChatterBot Hotel reevaluating
ChatterBot November reevaluating
ChatterBot Golf reevaluating
ChatterBot Kilo reevaluating
ChatterBot Victor reevaluating
ChatterBot Alpha reevaluating
ChatterBot Foxtrot reevaluating
ChatterBot Hotel reevaluating
ChatterBot November reevaluating
ChatterBot Yankee reevaluating
2024-10-14 16:49:12.412055 Delta: Can we be friends?
ChatterBot Hotel reevaluating
ChatterBot November reevaluating
ChatterBot Yankee reevaluating
2024-10-14 16:49:12.429476 Hotel: No
2024-10-14 16:49:12.430047 November: No
2024-10-14 16:49:12.430160 Yankee: No
ChatterBot Delta reevaluating
ChatterBot November reevaluating
ChatterBot Yankee reevaluating
ChatterBot Delta reevaluating
ChatterBot Hotel reevaluating
ChatterBot Yankee reevaluating
ChatterBot Delta reevaluating
ChatterBot Hotel reevaluating
ChatterBot November reevaluating
2024-10-14 16:49:12.506495 Romeo: We should replace Delta with Kilo
ChatterBot Victor reevaluating
ChatterBot Alpha reevaluating
ChatterBot Foxtrot reevaluating
ChatterBot Hotel reevaluating
ChatterBot November reevaluating
ChatterBot Yankee reevaluating
2024-10-14 16:49:12.541319 Victor: Yes
2024-10-14 16:49:12.541474 Alpha: Yes
2024-10-14 16:49:12.541589 Foxtrot: Yes
2024-10-14 16:49:12.541703 Hotel: Yes
2024-10-14 16:49:12.542131 November: Yes
2024-10-14 16:49:12.542263 Yankee: No
ChatterBot Alpha reevaluating
ChatterBot Foxtrot reevaluating
ChatterBot Hotel reevaluating
ChatterBot November reevaluating
ChatterBot Yankee reevaluating
ChatterBot Victor reevaluating
ChatterBot Foxtrot reevaluating
ChatterBot Hotel reevaluating
ChatterBot November reevaluating
ChatterBot Yankee reevaluating
ChatterBot Victor reevaluating
ChatterBot Alpha reevaluating
ChatterBot Hotel reevaluating
ChatterBot November reevaluating
ChatterBot Yankee reevaluating
ChatterBot Victor reevaluating
ChatterBot Alpha reevaluating
ChatterBot Foxtrot reevaluating
ChatterBot November reevaluating
ChatterBot Yankee reevaluating
ChatterBot Victor reevaluating
ChatterBot Alpha reevaluating
ChatterBot Foxtrot reevaluating
ChatterBot Hotel reevaluating
ChatterBot Yankee reevaluating
ChatterBot Victor reevaluating
ChatterBot Alpha reevaluating
ChatterBot Foxtrot reevaluating
ChatterBot Hotel reevaluating
ChatterBot November reevaluating
2024-10-14 16:49:12.822374 Foxtrot: We should replace Romeo with Kilo
ChatterBot Victor reevaluating
ChatterBot Hotel reevaluating
ChatterBot November reevaluating
ChatterBot Yankee reevaluating
ChatterBot Delta reevaluating
2024-10-14 16:49:12.855813 Victor: Yes
2024-10-14 16:49:12.855943 Alpha: No
2024-10-14 16:49:12.856050 Hotel: Yes
2024-10-14 16:49:12.856150 November: No
2024-10-14 16:49:12.856251 Yankee: No
2024-10-14 16:49:12.856696 Delta: No
ChatterBot Foxtrot reevaluating
ChatterBot Hotel reevaluating
ChatterBot November reevaluating
ChatterBot Yankee reevaluating
ChatterBot Delta reevaluating
ChatterBot Foxtrot reevaluating
ChatterBot Victor reevaluating
ChatterBot Hotel reevaluating
ChatterBot November reevaluating
ChatterBot Yankee reevaluating
ChatterBot Delta reevaluating
ChatterBot Foxtrot reevaluating
ChatterBot Victor reevaluating
ChatterBot November reevaluating
ChatterBot Yankee reevaluating
ChatterBot Delta reevaluating
ChatterBot Foxtrot reevaluating
ChatterBot Victor reevaluating
ChatterBot Alpha reevaluating
ChatterBot Hotel reevaluating
ChatterBot Yankee reevaluating
ChatterBot Delta reevaluating
ChatterBot Foxtrot reevaluating
ChatterBot Victor reevaluating
ChatterBot Alpha reevaluating
ChatterBot Hotel reevaluating
ChatterBot November reevaluating
ChatterBot Delta reevaluating
ChatterBot Foxtrot reevaluating
ChatterBot Victor reevaluating
ChatterBot Alpha reevaluating
ChatterBot Hotel reevaluating
ChatterBot November reevaluating
ChatterBot Yankee reevaluating
2024-10-14 16:49:13.207389 Romeo: Kilo we want you to join our group
ChatterBot Kilo reevaluating
2024-10-14 16:49:13.214587 Kilo: No
ChatterBot Victor reevaluating
ChatterBot Alpha reevaluating
ChatterBot Foxtrot reevaluating
ChatterBot November reevaluating
ChatterBot Yankee reevaluating
2024-10-14 16:49:13.498145 Foxtrot: Kilo we want you to join our group
ChatterBot Kilo reevaluating
2024-10-14 16:49:13.504670 Kilo: No
ChatterBot Victor reevaluating
ChatterBot Alpha reevaluating
ChatterBot Hotel reevaluating
2024-10-14 16:49:13.543199 November: Kilo we want you to join our group
ChatterBot Kilo reevaluating
2024-10-14 16:49:13.549641 Kilo: No
ChatterBot Victor reevaluating
ChatterBot Alpha reevaluating
ChatterBot Hotel reevaluating
ChatterBot Yankee reevaluating
2024-10-14 16:49:13.762988 Delta: Hotel, sending you 2
2024-10-14 16:49:13.763714 Romeo: Victor, Hotel, Alpha, November and Foxtrot, sending you 1
2024-10-14 16:49:13.766738 Yankee: We should drop Romeo and Delta
ChatterBot Victor reevaluating
ChatterBot Alpha reevaluating
ChatterBot Foxtrot reevaluating
ChatterBot Hotel reevaluating
2024-10-14 16:49:13.816523 Victor: Yes
2024-10-14 16:49:13.816768 Alpha: No
2024-10-14 16:49:13.816942 Foxtrot: Yes
2024-10-14 16:49:13.817469 Hotel: Yes
2024-10-14 16:49:13.817638 November: No
ChatterBot Yankee reevaluating
ChatterBot Alpha reevaluating
ChatterBot Foxtrot reevaluating
ChatterBot Hotel reevaluating
ChatterBot Yankee reevaluating
ChatterBot Victor reevaluating
ChatterBot Foxtrot reevaluating
ChatterBot Hotel reevaluating
ChatterBot Yankee reevaluating
ChatterBot Victor reevaluating
ChatterBot Alpha reevaluating
ChatterBot Hotel reevaluating
ChatterBot Yankee reevaluating
ChatterBot Victor reevaluating
ChatterBot Alpha reevaluating
ChatterBot Foxtrot reevaluating
ChatterBot November reevaluating
ChatterBot Yankee reevaluating
ChatterBot Victor reevaluating
ChatterBot Alpha reevaluating
ChatterBot Foxtrot reevaluating
ChatterBot Hotel reevaluating
2024-10-14 16:49:13.984798 November: Can we be friends?
ChatterBot Alpha reevaluating
ChatterBot Victor reevaluating
ChatterBot Kilo reevaluating
ChatterBot Foxtrot reevaluating
ChatterBot Hotel reevaluating
ChatterBot Yankee reevaluating
2024-10-14 16:49:14.038878 Alpha: No
2024-10-14 16:49:14.039513 Victor: No
2024-10-14 16:49:14.039662 Kilo: No
2024-10-14 16:49:14.039819 Foxtrot: No
2024-10-14 16:49:14.039945 Hotel: No
2024-10-14 16:49:14.040076 Yankee: No
2024-10-14 16:49:14.040226 Romeo: No
2024-10-14 16:49:14.040360 Golf: No
ChatterBot Victor reevaluating
ChatterBot Kilo reevaluating
ChatterBot Foxtrot reevaluating
ChatterBot Hotel reevaluating
ChatterBot November reevaluating
ChatterBot Yankee reevaluating
ChatterBot Alpha reevaluating
ChatterBot Kilo reevaluating
ChatterBot Foxtrot reevaluating
ChatterBot Hotel reevaluating
ChatterBot November reevaluating
ChatterBot Yankee reevaluating
ChatterBot Alpha reevaluating
ChatterBot Victor reevaluating
ChatterBot Foxtrot reevaluating
ChatterBot Hotel reevaluating
ChatterBot November reevaluating
ChatterBot Yankee reevaluating
ChatterBot Alpha reevaluating
ChatterBot Victor reevaluating
ChatterBot Kilo reevaluating
ChatterBot Hotel reevaluating
ChatterBot November reevaluating
ChatterBot Yankee reevaluating
ChatterBot Alpha reevaluating
ChatterBot Victor reevaluating
ChatterBot Kilo reevaluating
ChatterBot Foxtrot reevaluating
ChatterBot November reevaluating
ChatterBot Yankee reevaluating
ChatterBot Alpha reevaluating
ChatterBot Victor reevaluating
ChatterBot Kilo reevaluating
ChatterBot Foxtrot reevaluating
ChatterBot Hotel reevaluating
ChatterBot November reevaluating
ChatterBot Alpha reevaluating
ChatterBot Victor reevaluating
ChatterBot Kilo reevaluating
ChatterBot Foxtrot reevaluating
ChatterBot Hotel reevaluating
ChatterBot November reevaluating
ChatterBot Yankee reevaluating
ChatterBot Alpha reevaluating
ChatterBot Victor reevaluating
ChatterBot Kilo reevaluating
ChatterBot Foxtrot reevaluating
ChatterBot Hotel reevaluating
ChatterBot November reevaluating
ChatterBot Yankee reevaluating
chatterbot Romeo submitting transactions
chatterbot November submitting transactions
2024-10-14 16:49:14.543969 Delta: November, sending you 1
chatterbot Delta submitting transactions
chatterbot Golf submitting transactions
chatterbot Foxtrot submitting transactions
2024-10-14 16:49:14.561579 Alpha: Kilo we want you to join our group
ChatterBot Kilo reevaluating
2024-10-14 16:49:14.572198 Kilo: No
ChatterBot Victor reevaluating
ChatterBot Alpha reevaluating
ChatterBot November reevaluating
2024-10-14 16:49:14.733511 Yankee: Hotel, sending you 4
2024-10-14 16:49:14.734682 Hotel: Victor and Alpha, sending you 3
2024-10-14 16:49:14.735652 Foxtrot: Victor, sending you 2
2024-10-14 16:49:14.811808 Yankee: Alpha, sending you 2
2024-10-14 16:49:14.812546 Foxtrot: Hotel, Alpha, November and Yankee, sending you 1
2024-10-14 16:49:14.813752 Hotel: Kilo, sending you 4
2024-10-14 16:49:14.823765 Yankee: November, sending you 3
2024-10-14 16:49:14.824925 Alpha: Victor and Hotel, sending you 2
2024-10-14 16:49:14.825736 Kilo: Victor, sending you 1
2024-10-14 16:49:14.827087 Victor: Alpha, Kilo, Foxtrot and Yankee, sending you 3
2024-10-14 16:49:14.828518 Foxtrot: Kilo, sending you 3
2024-10-14 16:49:14.828991 Hotel: Foxtrot, sending you 2
2024-10-14 16:49:14.830083 Alpha: Kilo, November and Yankee, sending you 1
2024-10-14 16:49:14.832523 Kilo: Golf, sending you 8
2024-10-14 16:49:14.834461 Alpha: Foxtrot, sending you 3
2024-10-14 16:49:14.836258 November: Victor, Hotel, Alpha, Kilo and Foxtrot, sending you 1
2024-10-14 16:49:14.891438 November: Romeo and Yankee, sending you 2
chatterbot Alpha submitting transactions
chatterbot November submitting transactions
chatterbot Victor submitting transactions
chatterbot Kilo submitting transactions
chatterbot Yankee submitting transactions
chatterbot Foxtrot submitting transactions
chatterbot Hotel submitting transactions
ChatterBot Victor round 3
ChatterBot Hotel round 3
ChatterBot Alpha round 3
ChatterBot Kilo round 3
ChatterBot November round 3
ChatterBot Romeo round 3
ChatterBot Golf round 3
ChatterBot Foxtrot round 3
ChatterBot Yankee round 3
ChatterBot Delta round 3
2024-10-14 16:49:15.957775 Hotel: We should add November and Yankee
ChatterBot Victor reevaluating
ChatterBot Alpha reevaluating
ChatterBot Kilo reevaluating
ChatterBot Foxtrot reevaluating
2024-10-14 16:49:15.990903 Victor: Yes
2024-10-14 16:49:15.991121 Alpha: Yes
2024-10-14 16:49:15.991314 Kilo: Yes
2024-10-14 16:49:15.991480 Foxtrot: Yes
ChatterBot Alpha reevaluating
ChatterBot Kilo reevaluating
ChatterBot Foxtrot reevaluating
ChatterBot Victor reevaluating
ChatterBot Kilo reevaluating
ChatterBot Foxtrot reevaluating
ChatterBot Victor reevaluating
ChatterBot Alpha reevaluating
ChatterBot Foxtrot reevaluating
ChatterBot Victor reevaluating
ChatterBot Alpha reevaluating
ChatterBot Kilo reevaluating
2024-10-14 16:49:16.130802 Victor: We should add November
2024-10-14 16:49:16.131513 Foxtrot: We should add Romeo
ChatterBot Alpha reevaluating
ChatterBot Kilo reevaluating
ChatterBot Foxtrot reevaluating
ChatterBot Yankee reevaluating
ChatterBot November reevaluating
ChatterBot Victor reevaluating
2024-10-14 16:49:16.190950 Alpha: Yes
ChatterBot Alpha reevaluating
2024-10-14 16:49:16.199159 Kilo: Yes
ChatterBot Kilo reevaluating
2024-10-14 16:49:16.207537 Foxtrot: Yes
2024-10-14 16:49:16.207802 Hotel: Yes
2024-10-14 16:49:16.215256 Yankee: Yes
ChatterBot Yankee reevaluating
2024-10-14 16:49:16.244826 November: Yes
2024-10-14 16:49:16.250112 Victor: No
2024-10-14 16:49:16.250445 Alpha: No
2024-10-14 16:49:16.250598 Kilo: No
2024-10-14 16:49:16.250781 Hotel: No
2024-10-14 16:49:16.250937 Yankee: No
ChatterBot Victor reevaluating
ChatterBot Kilo reevaluating
ChatterBot Foxtrot reevaluating
ChatterBot Yankee reevaluating
ChatterBot Victor reevaluating
ChatterBot Alpha reevaluating
ChatterBot Foxtrot reevaluating
ChatterBot Yankee reevaluating
ChatterBot November reevaluating
ChatterBot Victor reevaluating
ChatterBot Alpha reevaluating
ChatterBot Kilo reevaluating
ChatterBot Yankee reevaluating
ChatterBot November reevaluating
ChatterBot Victor reevaluating
ChatterBot Alpha reevaluating
ChatterBot Kilo reevaluating
ChatterBot Foxtrot reevaluating
ChatterBot Yankee reevaluating
ChatterBot November reevaluating
ChatterBot Victor reevaluating
ChatterBot Alpha reevaluating
ChatterBot Kilo reevaluating
ChatterBot Foxtrot reevaluating
ChatterBot November reevaluating
ChatterBot Victor reevaluating
ChatterBot Alpha reevaluating
ChatterBot Kilo reevaluating
ChatterBot Foxtrot reevaluating
ChatterBot Yankee reevaluating
ChatterBot November reevaluating
ChatterBot Alpha reevaluating
ChatterBot Kilo reevaluating
ChatterBot Foxtrot reevaluating
ChatterBot Yankee reevaluating
ChatterBot Victor reevaluating
ChatterBot Kilo reevaluating
ChatterBot Foxtrot reevaluating
ChatterBot Yankee reevaluating
ChatterBot Victor reevaluating
ChatterBot Alpha reevaluating
ChatterBot Foxtrot reevaluating
ChatterBot Yankee reevaluating
ChatterBot Victor reevaluating
ChatterBot Alpha reevaluating
ChatterBot Kilo reevaluating
ChatterBot Foxtrot reevaluating
ChatterBot Yankee reevaluating
ChatterBot Victor reevaluating
ChatterBot Alpha reevaluating
ChatterBot Kilo reevaluating
ChatterBot Foxtrot reevaluating
2024-10-14 16:49:16.651587 Delta: We should group up
2024-10-14 16:49:16.655994 Golf: No
2024-10-14 16:49:16.664966 Hotel: November and Yankee we want you to join our group
ChatterBot November reevaluating
ChatterBot Yankee reevaluating
2024-10-14 16:49:16.674484 November: Yes
2024-10-14 16:49:16.674984 Yankee: No
ChatterBot Foxtrot reevaluating
ChatterBot Victor reevaluating
ChatterBot Alpha reevaluating
ChatterBot Kilo reevaluating
ChatterBot Yankee reevaluating
ChatterBot Foxtrot reevaluating
ChatterBot Victor reevaluating
ChatterBot Alpha reevaluating
ChatterBot Kilo reevaluating
ChatterBot November reevaluating
2024-10-14 16:49:16.838251 Alpha: We should drop Golf
ChatterBot Victor reevaluating
2024-10-14 16:49:16.884044 Foxtrot: Yes
2024-10-14 16:49:16.884522 Victor: Yes
2024-10-14 16:49:16.885289 Kilo: Yes
2024-10-14 16:49:16.885624 Hotel: Yes
2024-10-14 16:49:16.885947 November: Yes
2024-10-14 16:49:16.886207 Yankee: Yes
ChatterBot Victor reevaluating
ChatterBot Victor reevaluating
ChatterBot Victor reevaluating
ChatterBot Alpha reevaluating
ChatterBot Victor reevaluating
ChatterBot Alpha reevaluating
ChatterBot Victor reevaluating
ChatterBot Alpha reevaluating
2024-10-14 16:49:17.162971 Victor: We should replace Yankee with November
ChatterBot Alpha reevaluating
2024-10-14 16:49:17.192289 Hotel: No
2024-10-14 16:49:17.192512 Alpha: No
2024-10-14 16:49:17.192696 Kilo: No
2024-10-14 16:49:17.192891 Foxtrot: No
ChatterBot Victor reevaluating
ChatterBot Alpha reevaluating
ChatterBot Victor reevaluating
ChatterBot Victor reevaluating
ChatterBot Alpha reevaluating
ChatterBot Victor reevaluating
ChatterBot Alpha reevaluating
2024-10-14 16:49:17.378708 Yankee: Victor and Foxtrot we want you to join our group
2024-10-14 16:49:17.395920 Victor: Yes
2024-10-14 16:49:17.396242 Foxtrot: Yes
ChatterBot Alpha reevaluating
ChatterBot Victor reevaluating
ChatterBot Alpha reevaluating
2024-10-14 16:49:17.477003 Victor: We should add November and Romeo
ChatterBot Alpha reevaluating
2024-10-14 16:49:17.516107 Alpha: Yes
2024-10-14 16:49:17.516368 Kilo: No
2024-10-14 16:49:17.516524 Foxtrot: No
2024-10-14 16:49:17.516726 Hotel: No
2024-10-14 16:49:17.516957 Yankee: No
ChatterBot Victor reevaluating
ChatterBot Foxtrot reevaluating
ChatterBot Victor reevaluating
ChatterBot Alpha reevaluating
ChatterBot Foxtrot reevaluating
ChatterBot Victor reevaluating
ChatterBot Alpha reevaluating
ChatterBot Victor reevaluating
ChatterBot Alpha reevaluating
ChatterBot Foxtrot reevaluating
ChatterBot Victor reevaluating
ChatterBot Alpha reevaluating
ChatterBot Foxtrot reevaluating
2024-10-14 16:49:17.642221 Alpha: We should replace Golf with Romeo
ChatterBot Foxtrot reevaluating
ChatterBot Victor reevaluating
2024-10-14 16:49:17.667272 Foxtrot: Yes
2024-10-14 16:49:17.667434 Victor: Yes
2024-10-14 16:49:17.667569 Kilo: No
2024-10-14 16:49:17.667698 Hotel: No
2024-10-14 16:49:17.667843 November: Yes
2024-10-14 16:49:17.668007 Yankee: No
ChatterBot Victor reevaluating
ChatterBot Alpha reevaluating
ChatterBot Foxtrot reevaluating
ChatterBot Alpha reevaluating
ChatterBot Foxtrot reevaluating
ChatterBot Victor reevaluating
ChatterBot Alpha reevaluating
ChatterBot Foxtrot reevaluating
ChatterBot Victor reevaluating
ChatterBot Alpha reevaluating
ChatterBot Foxtrot reevaluating
ChatterBot Victor reevaluating
ChatterBot Alpha reevaluating
ChatterBot Foxtrot reevaluating
ChatterBot Victor reevaluating
ChatterBot Alpha reevaluating
chatterbot Hotel submitting transactions
2024-10-14 16:49:17.850713 Romeo: Hotel, Alpha, November, Foxtrot and Yankee, sending you 1
2024-10-14 16:49:17.852109 Victor: November we want you to join our group
2024-10-14 16:49:17.858326 November: Yes
ChatterBot Alpha reevaluating
2024-10-14 16:49:17.886654 November: Victor, Hotel, Alpha, Kilo and Foxtrot, sending you 1
2024-10-14 16:49:17.887494 Golf: Sending you 3
2024-10-14 16:49:17.888825 Hotel: Victor, Kilo and Foxtrot, sending you 2
2024-10-14 16:49:17.889623 Foxtrot: We should drop November
ChatterBot Victor reevaluating
ChatterBot Alpha reevaluating
2024-10-14 16:49:17.978265 Victor: No
2024-10-14 16:49:17.978581 Alpha: No
2024-10-14 16:49:17.978789 Kilo: No
2024-10-14 16:49:17.978960 Hotel: No
2024-10-14 16:49:17.979658 Yankee: No
ChatterBot Alpha reevaluating
ChatterBot Victor reevaluating
ChatterBot Victor reevaluating
ChatterBot Alpha reevaluating
ChatterBot Foxtrot reevaluating
ChatterBot Victor reevaluating
ChatterBot Alpha reevaluating
ChatterBot Foxtrot reevaluating
ChatterBot Victor reevaluating
ChatterBot Alpha reevaluating
ChatterBot Foxtrot reevaluating
2024-10-14 16:49:18.150164 Delta: Sending you 3
2024-10-14 16:49:18.150659 November: Romeo and Yankee, sending you 2
2024-10-14 16:49:18.151413 Hotel: Alpha, sending you 3
chatterbot Romeo submitting transactions
chatterbot Golf submitting transactions
chatterbot Delta submitting transactions
2024-10-14 16:49:18.163560 Yankee: Victor, Hotel, Alpha and November, sending you 2
2024-10-14 16:49:18.165765 Hotel: November, sending you 1
2024-10-14 16:49:18.166524 Kilo: Victor and Foxtrot, sending you 4
2024-10-14 16:49:18.168105 Victor: November and Romeo we want you to join our group
2024-10-14 16:49:18.182337 Romeo: Yes
2024-10-14 16:49:18.182561 November: Yes
ChatterBot Victor reevaluating
ChatterBot Alpha reevaluating
ChatterBot Foxtrot reevaluating
ChatterBot Victor reevaluating
ChatterBot Alpha reevaluating
ChatterBot Foxtrot reevaluating
2024-10-14 16:49:18.264133 Yankee: Foxtrot, sending you 1
2024-10-14 16:49:18.264621 Hotel: Yankee, sending you 4
2024-10-14 16:49:18.265038 Kilo: Hotel, sending you 5
chatterbot November submitting transactions
2024-10-14 16:49:18.291692 Foxtrot: Romeo we want you to join our group
2024-10-14 16:49:18.299174 Romeo: Yes
ChatterBot Victor reevaluating
ChatterBot Foxtrot reevaluating
2024-10-14 16:49:18.354398 Kilo: Alpha, sending you 1
2024-10-14 16:49:18.360147 Kilo: November, sending you 2
2024-10-14 16:49:18.665424 Alpha: Victor and Foxtrot, sending you 2
chatterbot Kilo submitting transactions
2024-10-14 16:49:18.676991 Victor: Hotel, Kilo and November, sending you 2
2024-10-14 16:49:18.678128 Alpha: Hotel, sending you 3
2024-10-14 16:49:18.679098 Foxtrot: Victor, Alpha and Kilo, sending you 2
2024-10-14 16:49:19.158597 Victor: Alpha and Foxtrot, sending you 3
2024-10-14 16:49:19.159424 Foxtrot: Hotel, November and Romeo, sending you 1
2024-10-14 16:49:19.160715 Alpha: Kilo, November and Yankee, sending you 1
chatterbot Yankee submitting transactions
chatterbot Alpha submitting transactions
2024-10-14 16:49:19.167753 Victor: Yankee, sending you 1
chatterbot Victor submitting transactions
chatterbot Foxtrot submitting transactions
ChatterBot Victor round 4
ChatterBot Hotel round 4
ChatterBot Alpha round 4
ChatterBot Kilo round 4
ChatterBot November round 4
2024-10-14 16:49:19.696885 Alpha: We should add Romeo
2024-10-14 16:49:19.720982 Foxtrot: Yes
2024-10-14 16:49:19.721288 Victor: No
2024-10-14 16:49:19.721423 Kilo: No
2024-10-14 16:49:19.722290 Hotel: No
2024-10-14 16:49:19.722529 November: Yes
2024-10-14 16:49:19.722963 Yankee: No
ChatterBot Kilo reevaluating
ChatterBot Kilo reevaluating
ChatterBot Alpha reevaluating
ChatterBot Alpha reevaluating
ChatterBot Kilo reevaluating
ChatterBot Victor reevaluating
ChatterBot Alpha reevaluating
ChatterBot Kilo reevaluating
ChatterBot Victor reevaluating
ChatterBot Alpha reevaluating
ChatterBot Kilo reevaluating
ChatterBot Romeo round 4
ChatterBot Golf round 4
ChatterBot Foxtrot round 4
ChatterBot Yankee round 4
ChatterBot Delta round 4
2024-10-14 16:49:19.972843 Golf: We should add Delta
2024-10-14 16:49:19.978818 Kilo: No
2024-10-14 16:49:19.990918 Hotel: We should drop November
ChatterBot Victor reevaluating
ChatterBot Alpha reevaluating
2024-10-14 16:49:20.020248 Victor: No
2024-10-14 16:49:20.020514 Alpha: No
2024-10-14 16:49:20.020711 Kilo: No
2024-10-14 16:49:20.020858 Foxtrot: No
2024-10-14 16:49:20.021084 Yankee: No
ChatterBot Alpha reevaluating
ChatterBot Kilo reevaluating
ChatterBot Foxtrot reevaluating
ChatterBot Hotel reevaluating
ChatterBot Victor reevaluating
ChatterBot Kilo reevaluating
ChatterBot Foxtrot reevaluating
ChatterBot Hotel reevaluating
ChatterBot Victor reevaluating
ChatterBot Alpha reevaluating
ChatterBot Foxtrot reevaluating
ChatterBot Hotel reevaluating
ChatterBot Victor reevaluating
ChatterBot Alpha reevaluating
ChatterBot Kilo reevaluating
ChatterBot Hotel reevaluating
ChatterBot Victor reevaluating
ChatterBot Alpha reevaluating
ChatterBot Kilo reevaluating
ChatterBot Foxtrot reevaluating
ChatterBot Hotel reevaluating
2024-10-14 16:49:20.205468 Delta: We should add Romeo
2024-10-14 16:49:20.209676 Golf: No
2024-10-14 16:49:20.213484 Golf: Delta we want you to join our group
2024-10-14 16:49:20.218002 Delta: No
ChatterBot Kilo reevaluating
2024-10-14 16:49:20.226197 Delta: Romeo we want you to join our group
2024-10-14 16:49:20.230407 Romeo: No
2024-10-14 16:49:20.238140 Foxtrot: We should drop Romeo
ChatterBot Alpha reevaluating
ChatterBot Hotel reevaluating
2024-10-14 16:49:20.259593 Victor: Yes
2024-10-14 16:49:20.259754 Alpha: Yes
2024-10-14 16:49:20.259867 Kilo: Yes
2024-10-14 16:49:20.259977 Hotel: Yes
2024-10-14 16:49:20.260085 November: No
2024-10-14 16:49:20.260200 Yankee: Yes
ChatterBot Alpha reevaluating
ChatterBot Hotel reevaluating
ChatterBot Hotel reevaluating
ChatterBot Alpha reevaluating
ChatterBot Hotel reevaluating
ChatterBot Alpha reevaluating
ChatterBot Alpha reevaluating
ChatterBot Hotel reevaluating
ChatterBot Alpha reevaluating
ChatterBot Hotel reevaluating
2024-10-14 16:49:20.402722 Romeo: Hotel, Foxtrot and Yankee, sending you 1
2024-10-14 16:49:20.403896 November: Victor, Hotel, Alpha, Kilo and Foxtrot, sending you 1
chatterbot Golf submitting transactions
2024-10-14 16:49:20.406075 Yankee: Victor, Alpha and November, sending you 2
2024-10-14 16:49:20.407508 Victor: Hotel, Foxtrot and Yankee, sending you 2
2024-10-14 16:49:20.409323 Romeo: November, sending you 2
2024-10-14 16:49:20.409924 Golf: Kilo and Delta, sending you 3
2024-10-14 16:49:20.410607 November: Romeo and Yankee, sending you 2
2024-10-14 16:49:20.411052 Kilo: Victor, Hotel and Foxtrot, sending you 4
2024-10-14 16:49:20.411555 Yankee: Hotel, sending you 3
2024-10-14 16:49:20.427455 Victor: Alpha and Kilo, sending you 3
2024-10-14 16:49:20.429268 Kilo: Alpha and November, sending you 2
2024-10-14 16:49:20.447208 Victor: November, sending you 1
2024-10-14 16:49:20.448673 Foxtrot: Victor, Alpha and Kilo, sending you 2
2024-10-14 16:49:20.449626 Alpha: Victor, Hotel, Foxtrot and Yankee, sending you 2
2024-10-14 16:49:20.450987 Hotel: Victor and Foxtrot, sending you 2
2024-10-14 16:49:20.452325 Delta: Golf, sending you 3
2024-10-14 16:49:20.453288 Foxtrot: Hotel, November and Yankee, sending you 1
2024-10-14 16:49:20.458229 Hotel: Alpha, Kilo and Yankee, sending you 3
2024-10-14 16:49:20.459530 Alpha: Kilo and November, sending you 1
2024-10-14 16:49:20.463813 Hotel: November, sending you 1
chatterbot Kilo submitting transactions
chatterbot Romeo submitting transactions
chatterbot November submitting transactions
chatterbot Foxtrot submitting transactions
chatterbot Alpha submitting transactions
chatterbot Delta submitting transactions
chatterbot Hotel submitting transactions
chatterbot Victor submitting transactions
chatterbot Yankee submitting transactions
ChatterBot Victor round 5
ChatterBot Hotel round 5
ChatterBot Alpha round 5
ChatterBot Kilo round 5
ChatterBot November round 5
ChatterBot Romeo round 5
ChatterBot Golf round 5
ChatterBot Foxtrot round 5
ChatterBot Yankee round 5
ChatterBot Delta round 5
2024-10-14 16:49:21.539699 Golf: We should drop Kilo
2024-10-14 16:49:21.544792 Delta: Yes
2024-10-14 16:49:21.554081 Kilo: Victor, Hotel and Foxtrot, sending you 4
2024-10-14 16:49:21.556671 Hotel: Victor and Foxtrot, sending you 2
2024-10-14 16:49:21.557782 Alpha: Victor, Hotel, Foxtrot and Yankee, sending you 2
2024-10-14 16:49:21.558542 Romeo: Hotel, Alpha and Foxtrot, sending you 1
2024-10-14 16:49:21.559706 Victor: Hotel, Alpha, Foxtrot and Yankee, sending you 2
2024-10-14 16:49:21.560564 Kilo: Alpha and November, sending you 2
2024-10-14 16:49:21.561802 Alpha: Kilo and November, sending you 1
2024-10-14 16:49:21.562866 Hotel: Alpha, Kilo and Yankee, sending you 3
2024-10-14 16:49:21.564264 Foxtrot: Victor, Alpha and Kilo, sending you 2
2024-10-14 16:49:21.565534 Delta: Golf, sending you 3
2024-10-14 16:49:21.565907 Romeo: November, sending you 2
2024-10-14 16:49:21.566691 Victor: Kilo, sending you 3
2024-10-14 16:49:21.567834 November: Victor, Hotel, Alpha, Kilo and Foxtrot, sending you 1
2024-10-14 16:49:21.569021 Hotel: November, sending you 1
2024-10-14 16:49:21.569858 Foxtrot: Hotel, November and Yankee, sending you 1
2024-10-14 16:49:21.571037 Yankee: Victor, Hotel, Alpha and November, sending you 2
2024-10-14 16:49:21.571691 Victor: November, sending you 1
2024-10-14 16:49:21.572934 November: Romeo and Yankee, sending you 2
2024-10-14 16:49:21.573681 Golf: Same as last round
2024-10-14 16:49:21.575684 Yankee: Foxtrot, sending you 1
chatterbot Yankee submitting transactions
chatterbot Hotel submitting transactions
chatterbot Kilo submitting transactions
chatterbot Romeo submitting transactions
chatterbot Golf submitting transactions
chatterbot Foxtrot submitting transactions
chatterbot November submitting transactions
chatterbot Alpha submitting transactions
chatterbot Delta submitting transactions
chatterbot Victor submitting transactions
ChatterBot Victor round 6
ChatterBot Hotel round 6
ChatterBot Alpha round 6
ChatterBot Kilo round 6
ChatterBot November round 6
ChatterBot Romeo round 6
ChatterBot Golf round 6
ChatterBot Foxtrot round 6
ChatterBot Yankee round 6
ChatterBot Delta round 6
2024-10-14 16:49:22.828333 Victor: Hotel, Alpha, Foxtrot and Yankee, sending you 2
2024-10-14 16:49:22.832901 Alpha: Victor, Hotel, Foxtrot and Yankee, sending you 2
2024-10-14 16:49:22.834044 Victor: Kilo, sending you 3
2024-10-14 16:49:22.835462 Hotel: Victor and Foxtrot, sending you 2
2024-10-14 16:49:22.838672 Alpha: Kilo and November, sending you 1
2024-10-14 16:49:22.839780 Victor: November, sending you 1
2024-10-14 16:49:22.841057 Hotel: Alpha, Kilo and Yankee, sending you 3
2024-10-14 16:49:22.841797 November: Victor, Hotel, Alpha, Kilo and Foxtrot, sending you 1
2024-10-14 16:49:22.842901 Romeo: Hotel and Foxtrot, sending you 1
2024-10-14 16:49:22.844689 Kilo: Victor, Hotel and Foxtrot, sending you 4
2024-10-14 16:49:22.846014 Hotel: November, sending you 1
2024-10-14 16:49:22.847460 Foxtrot: Victor, Alpha and Kilo, sending you 2
2024-10-14 16:49:22.848652 Romeo: November, sending you 3
2024-10-14 16:49:22.849390 November: Romeo and Yankee, sending you 2
2024-10-14 16:49:22.850482 Golf: Same as last round
2024-10-14 16:49:22.850775 Delta: Golf, sending you 3
2024-10-14 16:49:22.851131 Yankee: Victor, Hotel, Alpha and November, sending you 2
2024-10-14 16:49:22.852224 Kilo: Alpha and November, sending you 2
2024-10-14 16:49:22.853599 Foxtrot: Hotel, November and Yankee, sending you 1
2024-10-14 16:49:22.855748 Yankee: Foxtrot, sending you 1
chatterbot Alpha submitting transactions
chatterbot November submitting transactions
chatterbot Foxtrot submitting transactions
chatterbot Hotel submitting transactions
chatterbot Yankee submitting transactions
chatterbot Kilo submitting transactions
chatterbot Delta submitting transactions
chatterbot Romeo submitting transactions
chatterbot Victor submitting transactions
chatterbot Golf submitting transactions
ChatterBot Victor round 7
ChatterBot Hotel round 7
ChatterBot Alpha round 7
ChatterBot Kilo round 7
ChatterBot November round 7
ChatterBot Romeo round 7
ChatterBot Golf round 7
ChatterBot Foxtrot round 7
ChatterBot Yankee round 7
ChatterBot Delta round 7
2024-10-14 16:49:24.588523 Golf: Same as last round
2024-10-14 16:49:24.597076 Kilo: Victor, sending you 4
2024-10-14 16:49:24.599799 Hotel: Victor and Foxtrot, sending you 2
2024-10-14 16:49:24.601228 Victor: Hotel, Alpha, Kilo, Foxtrot and Yankee, sending you 2
2024-10-14 16:49:24.607831 Foxtrot: Victor, Alpha and Kilo, sending you 2
2024-10-14 16:49:24.610472 Alpha: Victor, Hotel, Foxtrot and Yankee, sending you 2
2024-10-14 16:49:24.611765 Delta: Golf, sending you 3
2024-10-14 16:49:24.613938 November: Victor, Hotel, Alpha, Kilo and Foxtrot, sending you 1
2024-10-14 16:49:24.615098 Yankee: Victor, Hotel, Alpha and November, sending you 2
2024-10-14 16:49:24.628495 Kilo: Hotel, sending you 5
2024-10-14 16:49:24.632234 Hotel: Alpha, Kilo and Yankee, sending you 3
2024-10-14 16:49:24.635382 Victor: November, sending you 1
2024-10-14 16:49:24.641230 Foxtrot: Hotel, November and Yankee, sending you 1
2024-10-14 16:49:24.646413 Alpha: Kilo and November, sending you 1
2024-10-14 16:49:24.651989 November: Romeo and Yankee, sending you 2
2024-10-14 16:49:24.656342 Yankee: Foxtrot, sending you 1
2024-10-14 16:49:24.659747 Kilo: Alpha and November, sending you 2
2024-10-14 16:49:24.664497 Hotel: November, sending you 1
2024-10-14 16:49:24.668275 Kilo: Foxtrot, sending you 3
chatterbot Romeo submitting transactions
chatterbot Victor submitting transactions
chatterbot Delta submitting transactions
chatterbot Foxtrot submitting transactions
chatterbot Alpha submitting transactions
chatterbot Yankee submitting transactions
chatterbot Kilo submitting transactions
chatterbot Golf submitting transactions
chatterbot Hotel submitting transactions
chatterbot November submitting transactions
ChatterBot Victor round 8
ChatterBot Hotel round 8
ChatterBot Alpha round 8
ChatterBot Kilo round 8
ChatterBot November round 8
ChatterBot Romeo round 8
ChatterBot Golf round 8
ChatterBot Foxtrot round 8
ChatterBot Yankee round 8
ChatterBot Delta round 8
2024-10-14 16:49:25.765942 Alpha: We should add Romeo
ChatterBot Foxtrot reevaluating
2024-10-14 16:49:25.787201 Foxtrot: Yes
2024-10-14 16:49:25.787388 Victor: No
