ChatterBot Alpha round 1
ChatterBot Papa round 1
ChatterBot Tango round 1
ChatterBot Bravo round 1
ChatterBot Sierra round 1
ChatterBot Echo round 1
ChatterBot Oscar round 1
ChatterBot Mike round 1
ChatterBot Romeo round 1
ChatterBot X-ray round 1
randomSelections Mike: {Mike, Alpha, Echo, Tango, Sierra} 
2024-10-14 16:49:09.864581 Mike: Group up?
ChatterBot Alpha reevaluating
ChatterBot Echo reevaluating
ChatterBot Tango reevaluating
ChatterBot Sierra reevaluating
2024-10-14 16:49:09.876497 Alpha: Yes
2024-10-14 16:49:09.876686 Echo: Yes
2024-10-14 16:49:09.876813 Tango: Yes
2024-10-14 16:49:09.876936 Sierra: Yes
ChatterBot Echo reevaluating
ChatterBot Tango reevaluating
ChatterBot Sierra reevaluating
ChatterBot Alpha reevaluating
ChatterBot Tango reevaluating
ChatterBot Sierra reevaluating
ChatterBot Alpha reevaluating
ChatterBot Echo reevaluating
ChatterBot Sierra reevaluating
ChatterBot Alpha reevaluating
ChatterBot Echo reevaluating
ChatterBot Tango reevaluating
randomSelections Romeo: {Romeo, Papa, Oscar, Alpha, Tango, X-ray} 
2024-10-14 16:49:09.918051 Romeo: We would work well together
ChatterBot Papa reevaluating
ChatterBot Oscar reevaluating
ChatterBot Alpha reevaluating
ChatterBot Tango reevaluating
ChatterBot X-ray reevaluating
2024-10-14 16:49:09.962152 Papa: Yes
2024-10-14 16:49:09.962309 Oscar: Yes
2024-10-14 16:49:09.962438 Alpha: No
2024-10-14 16:49:09.962601 Tango: No
2024-10-14 16:49:09.962769 X-ray: Yes
ChatterBot Oscar reevaluating
ChatterBot Alpha reevaluating
ChatterBot Tango reevaluating
ChatterBot X-ray reevaluating
ChatterBot Papa reevaluating
ChatterBot Alpha reevaluating
ChatterBot Tango reevaluating
ChatterBot X-ray reevaluating
ChatterBot Papa reevaluating
ChatterBot Oscar reevaluating
ChatterBot Tango reevaluating
ChatterBot X-ray reevaluating
ChatterBot Papa reevaluating
ChatterBot Oscar reevaluating
ChatterBot Alpha reevaluating
ChatterBot X-ray reevaluating
ChatterBot Papa reevaluating
ChatterBot Oscar reevaluating
ChatterBot Alpha reevaluating
ChatterBot Tango reevaluating
randomSelections Bravo: {Bravo, Alpha, Romeo, Papa, X-ray, Tango, Oscar, Sierra} 
2024-10-14 16:49:10.035817 Bravo: We would work well together
ChatterBot Alpha reevaluating
ChatterBot Papa reevaluating
ChatterBot X-ray reevaluating
ChatterBot Tango reevaluating
ChatterBot Oscar reevaluating
ChatterBot Sierra reevaluating
2024-10-14 16:49:10.044069 Alpha: No
2024-10-14 16:49:10.044235 Romeo: No
2024-10-14 16:49:10.044383 Papa: No
2024-10-14 16:49:10.044514 X-ray: No
2024-10-14 16:49:10.044732 Tango: No
2024-10-14 16:49:10.045012 Oscar: No
2024-10-14 16:49:10.045812 Sierra: No
ChatterBot Papa reevaluating
ChatterBot X-ray reevaluating
ChatterBot Tango reevaluating
ChatterBot Oscar reevaluating
ChatterBot Sierra reevaluating
ChatterBot Alpha reevaluating
ChatterBot Papa reevaluating
ChatterBot X-ray reevaluating
ChatterBot Tango reevaluating
ChatterBot Oscar reevaluating
ChatterBot Sierra reevaluating
ChatterBot Alpha reevaluating
ChatterBot X-ray reevaluating
ChatterBot Tango reevaluating
ChatterBot Oscar reevaluating
ChatterBot Sierra reevaluating
ChatterBot Alpha reevaluating
ChatterBot Papa reevaluating
ChatterBot Tango reevaluating
ChatterBot Oscar reevaluating
ChatterBot Sierra reevaluating
ChatterBot Alpha reevaluating
ChatterBot Papa reevaluating
ChatterBot X-ray reevaluating
ChatterBot Oscar reevaluating
ChatterBot Sierra reevaluating
ChatterBot Alpha reevaluating
ChatterBot Papa reevaluating
ChatterBot X-ray reevaluating
ChatterBot Tango reevaluating
ChatterBot Sierra reevaluating
ChatterBot Alpha reevaluating
ChatterBot Papa reevaluating
ChatterBot X-ray reevaluating
ChatterBot Tango reevaluating
ChatterBot Oscar reevaluating
2024-10-14 16:49:10.119701 Mike: Alpha, sending you 4
2024-10-14 16:49:10.121683 Alpha: Tango and Mike, sending you 1
2024-10-14 16:49:10.122657 Mike: Sierra, sending you 1
2024-10-14 16:49:10.124804 Romeo: Alpha, sending you 3
2024-10-14 16:49:10.125107 Oscar: Alpha, Papa, Tango, Romeo and X-ray, sending you 2
2024-10-14 16:49:10.125691 Echo: Alpha and Tango, sending you 1
2024-10-14 16:49:10.126055 Alpha: Sierra, sending you 3
2024-10-14 16:49:10.127674 Mike: Echo, sending you 2
2024-10-14 16:49:10.128699 Bravo: Alpha and Sierra, sending you 3
2024-10-14 16:49:10.129015 Papa: Alpha and Tango, sending you 1
2024-10-14 16:49:10.129679 Romeo: Papa, Oscar and X-ray, sending you 2
2024-10-14 16:49:10.130706 Echo: Sierra, sending you 2
2024-10-14 16:49:10.130954 Alpha: Echo, sending you 2
2024-10-14 16:49:10.131713 Bravo: Tango and Oscar, sending you 2
2024-10-14 16:49:10.132119 Papa: Oscar and X-ray, sending you 2
2024-10-14 16:49:10.132704 Tango: Alpha and Echo, sending you 2
2024-10-14 16:49:10.133678 Sierra: Alpha, sending you 1
2024-10-14 16:49:10.133939 Echo: Mike, sending you 4
2024-10-14 16:49:10.134682 Bravo: Romeo, sending you 1
2024-10-14 16:49:10.136678 Papa: Romeo, sending you 3
2024-10-14 16:49:10.138252 Tango: Sierra, sending you 4
2024-10-14 16:49:10.138681 Sierra: Tango and Mike, sending you 2
2024-10-14 16:49:10.141678 Tango: Mike, sending you 1
2024-10-14 16:49:10.141979 Sierra: Echo, sending you 4
chatterbot Alpha submitting transactions
chatterbot Sierra submitting transactions
chatterbot Tango submitting transactions
chatterbot X-ray submitting transactions
chatterbot Oscar submitting transactions
chatterbot Romeo submitting transactions
chatterbot Echo submitting transactions
chatterbot Mike submitting transactions
chatterbot Papa submitting transactions
chatterbot Bravo submitting transactions
ChatterBot Alpha round 2
ChatterBot Papa round 2
ChatterBot Tango round 2
ChatterBot Bravo round 2
ChatterBot Sierra round 2
ChatterBot Echo round 2
ChatterBot Oscar round 2
ChatterBot Mike round 2
ChatterBot Romeo round 2
ChatterBot X-ray round 2
2024-10-14 16:49:11.786142 Alpha: Let's form a team
ChatterBot Tango reevaluating
ChatterBot Sierra reevaluating
ChatterBot Echo reevaluating
ChatterBot Mike reevaluating
ChatterBot Papa reevaluating
ChatterBot Oscar reevaluating
ChatterBot Romeo reevaluating
2024-10-14 16:49:11.820770 Tango: No
2024-10-14 16:49:11.820946 Sierra: No
2024-10-14 16:49:11.821053 Echo: No
2024-10-14 16:49:11.821152 Mike: No
2024-10-14 16:49:11.821259 Papa: No
2024-10-14 16:49:11.821352 Oscar: No
2024-10-14 16:49:11.821859 Romeo: No
ChatterBot Sierra reevaluating
ChatterBot Echo reevaluating
ChatterBot Mike reevaluating
ChatterBot Papa reevaluating
ChatterBot Oscar reevaluating
ChatterBot Romeo reevaluating
ChatterBot Tango reevaluating
ChatterBot Echo reevaluating
ChatterBot Mike reevaluating
ChatterBot Papa reevaluating
ChatterBot Oscar reevaluating
ChatterBot Romeo reevaluating
ChatterBot Tango reevaluating
ChatterBot Sierra reevaluating
ChatterBot Mike reevaluating
ChatterBot Papa reevaluating
ChatterBot Oscar reevaluating
ChatterBot Romeo reevaluating
ChatterBot Alpha reevaluating
ChatterBot Tango reevaluating
ChatterBot Sierra reevaluating
ChatterBot Echo reevaluating
ChatterBot Papa reevaluating
ChatterBot Oscar reevaluating
ChatterBot Romeo reevaluating
ChatterBot Alpha reevaluating
ChatterBot Tango reevaluating
ChatterBot Sierra reevaluating
ChatterBot Echo reevaluating
ChatterBot Mike reevaluating
ChatterBot Oscar reevaluating
ChatterBot Romeo reevaluating
ChatterBot Alpha reevaluating
ChatterBot Tango reevaluating
ChatterBot Sierra reevaluating
ChatterBot Echo reevaluating
ChatterBot Mike reevaluating
ChatterBot Papa reevaluating
ChatterBot Romeo reevaluating
ChatterBot Alpha reevaluating
ChatterBot Tango reevaluating
ChatterBot Sierra reevaluating
ChatterBot Echo reevaluating
ChatterBot Mike reevaluating
ChatterBot Papa reevaluating
ChatterBot Oscar reevaluating
2024-10-14 16:49:12.149728 Sierra: We should add Bravo
ChatterBot Mike reevaluating
ChatterBot Alpha reevaluating
ChatterBot Echo reevaluating
ChatterBot Tango reevaluating
2024-10-14 16:49:12.176989 Mike: No
2024-10-14 16:49:12.177389 Alpha: No
2024-10-14 16:49:12.177530 Echo: No
2024-10-14 16:49:12.177783 Tango: No
ChatterBot Alpha reevaluating
ChatterBot Echo reevaluating
ChatterBot Tango reevaluating
ChatterBot Sierra reevaluating
ChatterBot Mike reevaluating
ChatterBot Echo reevaluating
ChatterBot Tango reevaluating
ChatterBot Sierra reevaluating
ChatterBot Mike reevaluating
ChatterBot Alpha reevaluating
ChatterBot Tango reevaluating
ChatterBot Sierra reevaluating
ChatterBot Mike reevaluating
ChatterBot Alpha reevaluating
ChatterBot Echo reevaluating
ChatterBot Sierra reevaluating
2024-10-14 16:49:12.313896 X-ray: We should drop Alpha and Tango
2024-10-14 16:49:12.337149 Papa: Yes
2024-10-14 16:49:12.337445 Oscar: Yes
2024-10-14 16:49:12.338010 Romeo: Yes
2024-10-14 16:49:12.396675 Tango: Bravo we want you to join our group
2024-10-14 16:49:12.401571 Bravo: No
ChatterBot Tango reevaluating
2024-10-14 16:49:12.427159 Sierra: Bravo we want you to join our group
ChatterBot Bravo reevaluating
2024-10-14 16:49:12.435075 Bravo: No
2024-10-14 16:49:12.474554 Bravo: We would work well together
2024-10-14 16:49:12.482706 Mike: No
ChatterBot Bravo reevaluating
2024-10-14 16:49:12.657145 Alpha: Tango, Sierra, Echo, Oscar and Romeo, sending you 1
2024-10-14 16:49:12.658011 Romeo: Papa, sending you 4
2024-10-14 16:49:12.658337 Papa: Bravo, sending you 1
2024-10-14 16:49:12.658536 Mike: Alpha and Tango, sending you 1
2024-10-14 16:49:12.659359 Oscar: Papa, Bravo and Romeo, sending you 2
2024-10-14 16:49:12.659676 Echo: Alpha, Tango and Mike, sending you 2
2024-10-14 16:49:12.660742 Romeo: Bravo, sending you 2
2024-10-14 16:49:12.661068 Papa: Oscar and Romeo, sending you 4
2024-10-14 16:49:12.766272 Alpha: Mike, sending you 2
2024-10-14 16:49:12.766662 Mike: Sierra, sending you 2
2024-10-14 16:49:12.767332 Echo: Sierra, sending you 4
2024-10-14 16:49:12.767631 Sierra: Alpha and Bravo, sending you 2
2024-10-14 16:49:12.767889 Tango: Alpha and Echo, sending you 2
2024-10-14 16:49:12.768194 Romeo: Oscar, sending you 3
chatterbot Sierra submitting transactions
chatterbot X-ray submitting transactions
2024-10-14 16:49:12.789095 Mike: Echo, sending you 5
2024-10-14 16:49:12.789457 Sierra: Tango, sending you 3
2024-10-14 16:49:12.790444 Tango: Sierra, sending you 4
chatterbot Oscar submitting transactions
2024-10-14 16:49:12.797201 Sierra: Echo and Mike, sending you 1
2024-10-14 16:49:12.797492 Tango: Mike, sending you 1
chatterbot Papa submitting transactions
chatterbot Mike submitting transactions
chatterbot Tango submitting transactions
chatterbot Romeo submitting transactions
chatterbot Alpha submitting transactions
chatterbot Echo submitting transactions
chatterbot Bravo submitting transactions
ChatterBot Alpha round 3
ChatterBot Papa round 3
ChatterBot Tango round 3
ChatterBot Bravo round 3
ChatterBot Sierra round 3
ChatterBot Echo round 3
ChatterBot Oscar round 3
ChatterBot Mike round 3
ChatterBot Romeo round 3
ChatterBot X-ray round 3
2024-10-14 16:49:14.187015 Bravo: Group up?
2024-10-14 16:49:14.209776 Papa: Yes
2024-10-14 16:49:14.210434 Oscar: Yes
2024-10-14 16:49:14.210761 Romeo: Yes
ChatterBot Bravo reevaluating
ChatterBot Bravo reevaluating
ChatterBot Bravo reevaluating
2024-10-14 16:49:14.265456 Alpha: We should drop Papa and Oscar
2024-10-14 16:49:14.298494 Tango: Yes
2024-10-14 16:49:14.298783 Sierra: Yes
2024-10-14 16:49:14.299319 Echo: Yes
2024-10-14 16:49:14.299472 Mike: Yes
2024-10-14 16:49:14.299644 Romeo: No
ChatterBot Alpha reevaluating
ChatterBot Alpha reevaluating
ChatterBot Alpha reevaluating
ChatterBot Alpha reevaluating
ChatterBot Alpha reevaluating
2024-10-14 16:49:14.468950 Romeo: Papa, sending you 5
2024-10-14 16:49:14.469243 Tango: Alpha and Echo, sending you 2
2024-10-14 16:49:14.469542 Papa: Bravo, sending you 1
chatterbot Mike submitting transactions
2024-10-14 16:49:14.494628 Tango: Sierra, sending you 4
2024-10-14 16:49:14.495393 Oscar: Papa, Bravo and Romeo, sending you 2
2024-10-14 16:49:14.495693 Echo: Alpha, Tango and Sierra, sending you 2
2024-10-14 16:49:14.496097 Mike: Alpha and Sierra, sending you 2
2024-10-14 16:49:14.496786 Romeo: Bravo, sending you 1
2024-10-14 16:49:14.497026 Papa: Oscar, sending you 3
2024-10-14 16:49:14.497244 Sierra: Alpha and Echo, sending you 2
2024-10-14 16:49:14.497488 X-ray: Papa and Oscar, sending you 1
2024-10-14 16:49:14.498055 Bravo: Sending you each 3
2024-10-14 16:49:14.548585 Tango: Mike, sending you 1
2024-10-14 16:49:14.549107 Echo: Mike, sending you 4
2024-10-14 16:49:14.549955 Mike: Tango, sending you 1
2024-10-14 16:49:14.550468 Romeo: Oscar, sending you 3
2024-10-14 16:49:14.551421 Alpha: Tango, Sierra and Mike, sending you 2
2024-10-14 16:49:14.551944 Papa: Romeo, sending you 5
2024-10-14 16:49:14.552274 Sierra: Tango, sending you 3
chatterbot Romeo submitting transactions
2024-10-14 16:49:14.553375 X-ray: Romeo, sending you 2
2024-10-14 16:49:14.578402 Mike: Echo, sending you 4
2024-10-14 16:49:14.579156 Sierra: Bravo and Mike, sending you 1
2024-10-14 16:49:14.579458 Alpha: Echo, sending you 1
chatterbot Sierra submitting transactions
chatterbot Papa submitting transactions
chatterbot Alpha submitting transactions
chatterbot Tango submitting transactions
chatterbot Bravo submitting transactions
chatterbot X-ray submitting transactions
chatterbot Oscar submitting transactions
chatterbot Echo submitting transactions
ChatterBot Alpha round 4
ChatterBot Papa round 4
ChatterBot Tango round 4
ChatterBot Bravo round 4
ChatterBot Sierra round 4
ChatterBot Echo round 4
ChatterBot Oscar round 4
ChatterBot Mike round 4
ChatterBot Romeo round 4
ChatterBot X-ray round 4
2024-10-14 16:49:15.546966 X-ray: We should add Bravo
ChatterBot Papa reevaluating
ChatterBot Oscar reevaluating
ChatterBot Romeo reevaluating
2024-10-14 16:49:15.560660 Papa: Yes
2024-10-14 16:49:15.560835 Oscar: Yes
2024-10-14 16:49:15.560980 Romeo: Yes
ChatterBot Oscar reevaluating
ChatterBot Romeo reevaluating
ChatterBot Papa reevaluating
ChatterBot Romeo reevaluating
ChatterBot Papa reevaluating
ChatterBot Oscar reevaluating
2024-10-14 16:49:15.605963 Romeo: We should add X-ray
ChatterBot Papa reevaluating
ChatterBot Oscar reevaluating
ChatterBot Bravo reevaluating
2024-10-14 16:49:15.617993 Papa: Yes
2024-10-14 16:49:15.618179 Oscar: Yes
2024-10-14 16:49:15.618342 Bravo: Yes
ChatterBot Oscar reevaluating
ChatterBot Romeo reevaluating
ChatterBot Bravo reevaluating
ChatterBot Papa reevaluating
ChatterBot Romeo reevaluating
ChatterBot Bravo reevaluating
ChatterBot Papa reevaluating
ChatterBot Oscar reevaluating
ChatterBot Romeo reevaluating
2024-10-14 16:49:15.728514 Bravo: We should add Sierra
ChatterBot Papa reevaluating
ChatterBot Oscar reevaluating
ChatterBot Romeo reevaluating
2024-10-14 16:49:15.741781 Papa: No
2024-10-14 16:49:15.742124 Oscar: No
2024-10-14 16:49:15.742888 Romeo: No
ChatterBot Oscar reevaluating
ChatterBot Romeo reevaluating
ChatterBot Bravo reevaluating
ChatterBot Papa reevaluating
ChatterBot Romeo reevaluating
ChatterBot Bravo reevaluating
ChatterBot Papa reevaluating
ChatterBot Oscar reevaluating
ChatterBot Bravo reevaluating
2024-10-14 16:49:15.790096 X-ray: Bravo we want you to join our group
ChatterBot Bravo reevaluating
2024-10-14 16:49:15.795302 Bravo: No
ChatterBot Papa reevaluating
ChatterBot Oscar reevaluating
ChatterBot Romeo reevaluating
2024-10-14 16:49:15.882438 Echo: Alpha, Tango and Sierra, sending you 2
2024-10-14 16:49:15.882926 Tango: Alpha and Echo, sending you 2
2024-10-14 16:49:15.883202 Sierra: Alpha and Echo, sending you 2
2024-10-14 16:49:15.884139 Oscar: X-ray we want you to join our group
2024-10-14 16:49:15.888700 X-ray: Yes
ChatterBot Bravo reevaluating
2024-10-14 16:49:15.904098 Alpha: Tango, Sierra and Mike, sending you 2
2024-10-14 16:49:15.904564 Papa: X-ray we want you to join our group
2024-10-14 16:49:15.909421 X-ray: Yes
ChatterBot Bravo reevaluating
2024-10-14 16:49:15.936633 Romeo: X-ray we want you to join our group
2024-10-14 16:49:15.943763 X-ray: Yes
ChatterBot Bravo reevaluating
2024-10-14 16:49:15.962367 Tango: Sierra, sending you 4
2024-10-14 16:49:15.962865 Sierra: Tango, sending you 3
2024-10-14 16:49:15.963595 Echo: Mike, sending you 4
2024-10-14 16:49:15.964085 Alpha: Echo, sending you 1
chatterbot Sierra submitting transactions
chatterbot X-ray submitting transactions
2024-10-14 16:49:16.005416 Tango: Mike, sending you 1
2024-10-14 16:49:16.006522 X-ray: Papa, Oscar and Romeo, sending you 2
2024-10-14 16:49:16.007082 Mike: Alpha and Sierra, sending you 2
2024-10-14 16:49:16.008248 Sierra: Bravo and Mike, sending you 1
2024-10-14 16:49:16.021829 Oscar: Sending you each 2
2024-10-14 16:49:16.022516 Papa: Bravo and Oscar, sending you 2
2024-10-14 16:49:16.023599 Mike: Tango, sending you 1
2024-10-14 16:49:16.024245 Romeo: Papa, sending you 4
2024-10-14 16:49:16.043527 Papa: Romeo, sending you 4
2024-10-14 16:49:16.044585 Mike: Echo, sending you 4
2024-10-14 16:49:16.045295 Bravo: Same as last round
2024-10-14 16:49:16.046430 Romeo: Bravo and Oscar, sending you 2
2024-10-14 16:49:16.047037 Papa: X-ray, sending you 1
2024-10-14 16:49:16.053572 Romeo: X-ray, sending you 1
chatterbot Oscar submitting transactions
chatterbot Alpha submitting transactions
chatterbot Tango submitting transactions
chatterbot Papa submitting transactions
chatterbot Echo submitting transactions
chatterbot Bravo submitting transactions
chatterbot Mike submitting transactions
chatterbot Romeo submitting transactions
ChatterBot Alpha round 5
ChatterBot Papa round 5
ChatterBot Tango round 5
ChatterBot Bravo round 5
ChatterBot Sierra round 5
ChatterBot Echo round 5
ChatterBot Oscar round 5
ChatterBot Mike round 5
ChatterBot Romeo round 5
ChatterBot X-ray round 5
2024-10-14 16:49:16.872348 Bravo: We should add Sierra
2024-10-14 16:49:16.883209 Papa: No
2024-10-14 16:49:16.883853 Oscar: No
2024-10-14 16:49:16.884118 Romeo: No
ChatterBot Bravo reevaluating
ChatterBot Bravo reevaluating
ChatterBot Bravo reevaluating
2024-10-14 16:49:16.928067 Sierra: We should replace Bravo with X-ray
2024-10-14 16:49:16.944362 Mike: No
2024-10-14 16:49:16.944533 Alpha: No
2024-10-14 16:49:16.944668 Echo: No
2024-10-14 16:49:16.944852 Tango: No
ChatterBot Sierra reevaluating
ChatterBot Sierra reevaluating
ChatterBot Sierra reevaluating
ChatterBot Sierra reevaluating
2024-10-14 16:49:17.061454 Sierra: X-ray we want you to join our group
2024-10-14 16:49:17.064976 X-ray: No
ChatterBot Sierra reevaluating
2024-10-14 16:49:17.083032 Bravo: Sierra we want you to join our group
ChatterBot Sierra reevaluating
2024-10-14 16:49:17.087170 Sierra: No
ChatterBot Bravo reevaluating
2024-10-14 16:49:17.141044 Romeo: Papa, sending you 3
2024-10-14 16:49:17.141896 X-ray: Papa, Oscar and Romeo, sending you 2
2024-10-14 16:49:17.142421 Oscar: Same as last round
2024-10-14 16:49:17.143212 Alpha: Tango, Sierra and Mike, sending you 2
2024-10-14 16:49:17.143720 Echo: Alpha, Tango and Sierra, sending you 2
2024-10-14 16:49:17.144487 Papa: Bravo and Oscar, sending you 2
2024-10-14 16:49:17.144874 Tango: Alpha and Echo, sending you 2
2024-10-14 16:49:17.145346 Mike: Alpha and Sierra, sending you 2
2024-10-14 16:49:17.146375 Romeo: Bravo, Oscar and X-ray, sending you 2
2024-10-14 16:49:17.155279 Echo: Mike, sending you 4
2024-10-14 16:49:17.155800 Alpha: Echo, sending you 1
2024-10-14 16:49:17.156154 Papa: Romeo, sending you 4
2024-10-14 16:49:17.156993 Tango: Sierra, sending you 4
2024-10-14 16:49:17.157455 Mike: Tango, sending you 1
2024-10-14 16:49:17.182759 Papa: X-ray, sending you 1
2024-10-14 16:49:17.183529 Tango: Mike, sending you 1
2024-10-14 16:49:17.183938 Mike: Echo, sending you 4
2024-10-14 16:49:17.188301 Sierra: Alpha, Echo and Mike, sending you 2
2024-10-14 16:49:17.194086 Bravo: Papa, Sierra, Oscar and Romeo, sending you 3
2024-10-14 16:49:17.194466 Sierra: Tango, sending you 3
chatterbot Echo submitting transactions
chatterbot Papa submitting transactions
chatterbot Mike submitting transactions
chatterbot Alpha submitting transactions
chatterbot Oscar submitting transactions
chatterbot Sierra submitting transactions
chatterbot Tango submitting transactions
chatterbot X-ray submitting transactions
chatterbot Romeo submitting transactions
chatterbot Bravo submitting transactions
ChatterBot Alpha round 6
ChatterBot Papa round 6
ChatterBot Tango round 6
ChatterBot Bravo round 6
ChatterBot Sierra round 6
ChatterBot Echo round 6
ChatterBot Oscar round 6
ChatterBot Mike round 6
ChatterBot Romeo round 6
ChatterBot X-ray round 6
2024-10-14 16:49:18.482444 Romeo: We should add Echo
ChatterBot X-ray reevaluating
ChatterBot Bravo reevaluating
ChatterBot Oscar reevaluating
2024-10-14 16:49:18.498750 X-ray: No
2024-10-14 16:49:18.498945 Papa: No
2024-10-14 16:49:18.499111 Bravo: No
2024-10-14 16:49:18.499262 Oscar: Yes
ChatterBot Bravo reevaluating
ChatterBot Oscar reevaluating
ChatterBot Romeo reevaluating
ChatterBot X-ray reevaluating
ChatterBot Bravo reevaluating
ChatterBot Oscar reevaluating
ChatterBot Romeo reevaluating
ChatterBot X-ray reevaluating
ChatterBot Oscar reevaluating
ChatterBot Romeo reevaluating
ChatterBot X-ray reevaluating
ChatterBot Bravo reevaluating
ChatterBot Romeo reevaluating
2024-10-14 16:49:18.573986 Sierra: We should replace X-ray with Bravo
2024-10-14 16:49:18.590442 Mike: No
2024-10-14 16:49:18.590603 Alpha: No
2024-10-14 16:49:18.590738 Echo: No
2024-10-14 16:49:18.590847 Tango: No
ChatterBot Sierra reevaluating
ChatterBot Sierra reevaluating
ChatterBot Sierra reevaluating
2024-10-14 16:49:18.686444 Oscar: We should add Mike
ChatterBot X-ray reevaluating
ChatterBot Bravo reevaluating
ChatterBot Romeo reevaluating
2024-10-14 16:49:18.703915 X-ray: No
2024-10-14 16:49:18.704104 Papa: No
2024-10-14 16:49:18.704199 Bravo: No
2024-10-14 16:49:18.704292 Romeo: Yes
ChatterBot Bravo reevaluating
ChatterBot Oscar reevaluating
ChatterBot Romeo reevaluating
ChatterBot X-ray reevaluating
ChatterBot Bravo reevaluating
ChatterBot Oscar reevaluating
ChatterBot Romeo reevaluating
ChatterBot X-ray reevaluating
ChatterBot Oscar reevaluating
ChatterBot Romeo reevaluating
ChatterBot X-ray reevaluating
ChatterBot Bravo reevaluating
ChatterBot Oscar reevaluating
2024-10-14 16:49:18.769172 Romeo: We should add Alpha
ChatterBot X-ray reevaluating
ChatterBot Bravo reevaluating
ChatterBot Oscar reevaluating
2024-10-14 16:49:18.784256 X-ray: No
2024-10-14 16:49:18.784417 Papa: No
2024-10-14 16:49:18.784607 Bravo: No
2024-10-14 16:49:18.784750 Oscar: No
ChatterBot Bravo reevaluating
ChatterBot Oscar reevaluating
ChatterBot Romeo reevaluating
ChatterBot X-ray reevaluating
ChatterBot Bravo reevaluating
ChatterBot Oscar reevaluating
ChatterBot Romeo reevaluating
ChatterBot X-ray reevaluating
ChatterBot Oscar reevaluating
ChatterBot Romeo reevaluating
ChatterBot X-ray reevaluating
ChatterBot Bravo reevaluating
ChatterBot Romeo reevaluating
2024-10-14 16:49:18.850457 Bravo: We should replace Sierra with X-ray
ChatterBot Romeo reevaluating
2024-10-14 16:49:18.861549 Papa: Yes
2024-10-14 16:49:18.861674 Oscar: Yes
2024-10-14 16:49:18.861777 Romeo: Yes
ChatterBot Romeo reevaluating
ChatterBot Bravo reevaluating
ChatterBot Romeo reevaluating
ChatterBot Bravo reevaluating
ChatterBot Bravo reevaluating
2024-10-14 16:49:18.906300 Papa: Bravo, Oscar and X-ray, sending you 2
2024-10-14 16:49:18.907414 Romeo: Echo we want you to join our group
2024-10-14 16:49:18.922482 Echo: No
2024-10-14 16:49:19.004663 Sierra: Bravo we want you to join our group
2024-10-14 16:49:19.009044 Bravo: No
ChatterBot Sierra reevaluating
2024-10-14 16:49:19.030231 Papa: Romeo, sending you 3
2024-10-14 16:49:19.042074 Tango: Alpha and Echo, sending you 2
2024-10-14 16:49:19.043367 Mike: Alpha and Sierra, sending you 2
2024-10-14 16:49:19.044070 X-ray: Papa, sending you 1
2024-10-14 16:49:19.045358 Oscar: Papa, Romeo and X-ray, sending you 2
2024-10-14 16:49:19.046525 Echo: Alpha, Tango and Sierra, sending you 2
2024-10-14 16:49:19.047485 Alpha: Tango, Sierra and Mike, sending you 2
2024-10-14 16:49:19.049001 Tango: Sierra, sending you 4
2024-10-14 16:49:19.050502 Mike: Tango, sending you 1
2024-10-14 16:49:19.051813 X-ray: Oscar, sending you 3
2024-10-14 16:49:19.053197 Oscar: Bravo, sending you 1
2024-10-14 16:49:19.054051 Echo: Mike, sending you 4
2024-10-14 16:49:19.055559 Alpha: Echo, sending you 1
2024-10-14 16:49:19.057048 Tango: Mike, sending you 1
2024-10-14 16:49:19.057664 Mike: Echo, sending you 4
2024-10-14 16:49:19.059009 X-ray: Romeo, sending you 2
2024-10-14 16:49:19.060345 Romeo: Papa, sending you 3
2024-10-14 16:49:19.074947 Romeo: Bravo and Oscar, sending you 2
chatterbot Echo submitting transactions
chatterbot Tango submitting transactions
2024-10-14 16:49:19.091713 Sierra: Alpha, Echo and Mike, sending you 2
2024-10-14 16:49:19.093459 Romeo: Echo and X-ray, sending you 1
2024-10-14 16:49:19.106681 Sierra: Tango, sending you 3
chatterbot Mike submitting transactions
chatterbot Romeo submitting transactions
chatterbot X-ray submitting transactions
chatterbot Sierra submitting transactions
chatterbot Alpha submitting transactions
chatterbot Papa submitting transactions
chatterbot Bravo submitting transactions
chatterbot Oscar submitting transactions
ChatterBot Alpha round 7
ChatterBot Papa round 7
ChatterBot Tango round 7
ChatterBot Bravo round 7
ChatterBot Sierra round 7
ChatterBot Echo round 7
ChatterBot Oscar round 7
ChatterBot Mike round 7
ChatterBot Romeo round 7
ChatterBot X-ray round 7
2024-10-14 16:49:20.240171 Romeo: We should replace Echo with Tango
ChatterBot Bravo reevaluating
2024-10-14 16:49:20.266487 X-ray: No
2024-10-14 16:49:20.266668 Papa: No
2024-10-14 16:49:20.266788 Bravo: No
2024-10-14 16:49:20.266899 Oscar: No
ChatterBot Bravo reevaluating
ChatterBot Bravo reevaluating
ChatterBot Romeo reevaluating
ChatterBot Romeo reevaluating
ChatterBot Bravo reevaluating
ChatterBot Romeo reevaluating
2024-10-14 16:49:20.371203 Bravo: We should add X-ray
ChatterBot Romeo reevaluating
ChatterBot Sierra reevaluating
2024-10-14 16:49:20.397046 Papa: Yes
2024-10-14 16:49:20.397238 Oscar: Yes
2024-10-14 16:49:20.397405 Romeo: Yes
2024-10-14 16:49:20.397574 Sierra: Yes
ChatterBot Bravo reevaluating
ChatterBot Romeo reevaluating
ChatterBot Sierra reevaluating
ChatterBot Bravo reevaluating
ChatterBot Romeo reevaluating
ChatterBot Sierra reevaluating
ChatterBot Bravo reevaluating
ChatterBot Sierra reevaluating
ChatterBot Bravo reevaluating
ChatterBot Romeo reevaluating
2024-10-14 16:49:20.503214 Romeo: We should replace Echo with Mike
ChatterBot Bravo reevaluating
2024-10-14 16:49:20.523755 X-ray: No
2024-10-14 16:49:20.524021 Papa: No
2024-10-14 16:49:20.524590 Bravo: No
2024-10-14 16:49:20.524771 Oscar: No
ChatterBot Bravo reevaluating
ChatterBot Romeo reevaluating
ChatterBot Bravo reevaluating
ChatterBot Romeo reevaluating
ChatterBot Romeo reevaluating
ChatterBot Bravo reevaluating
ChatterBot Romeo reevaluating
2024-10-14 16:49:20.584660 Echo: Alpha, Tango and Sierra, sending you 2
2024-10-14 16:49:20.585722 Alpha: Tango, Sierra and Mike, sending you 2
2024-10-14 16:49:20.586400 X-ray: Papa, Oscar and Romeo, sending you 2
2024-10-14 16:49:20.586807 Papa: Bravo, Oscar and X-ray, sending you 2
2024-10-14 16:49:20.587210 Mike: Alpha and Sierra, sending you 2
2024-10-14 16:49:20.588270 Oscar: Papa and Romeo, sending you 2
2024-10-14 16:49:20.588757 Bravo: We should drop Sierra
ChatterBot Romeo reevaluating
2024-10-14 16:49:20.598196 Papa: Yes
2024-10-14 16:49:20.598327 Oscar: Yes
2024-10-14 16:49:20.598428 Romeo: Yes
ChatterBot Romeo reevaluating
ChatterBot Bravo reevaluating
ChatterBot Romeo reevaluating
ChatterBot Bravo reevaluating
ChatterBot Bravo reevaluating
2024-10-14 16:49:20.628697 Echo: Mike, sending you 4
2024-10-14 16:49:20.629260 Alpha: Echo, sending you 1
2024-10-14 16:49:20.629692 Papa: Romeo, sending you 3
2024-10-14 16:49:20.630172 Mike: Tango, sending you 1
2024-10-14 16:49:20.631113 Oscar: Bravo and X-ray, sending you 1
2024-10-14 16:49:20.633696 Tango: Alpha, Echo and Mike, sending you 2
2024-10-14 16:49:20.635720 Mike: Echo, sending you 4
2024-10-14 16:49:20.636869 Sierra: Alpha, Echo and Mike, sending you 2
2024-10-14 16:49:20.637703 Tango: Sierra, sending you 3
2024-10-14 16:49:20.640697 Sierra: Tango, sending you 3
chatterbot X-ray submitting transactions
chatterbot Papa submitting transactions
chatterbot Echo submitting transactions
chatterbot Alpha submitting transactions
chatterbot Oscar submitting transactions
chatterbot Mike submitting transactions
chatterbot Romeo submitting transactions
chatterbot Tango submitting transactions
chatterbot Sierra submitting transactions
chatterbot Bravo submitting transactions
ChatterBot Alpha round 8
ChatterBot Papa round 8
ChatterBot Tango round 8
ChatterBot Bravo round 8
ChatterBot Sierra round 8
2024-10-14 16:49:21.821869 Bravo: We should replace Sierra with X-ray
2024-10-14 16:49:21.836099 Papa: Yes
2024-10-14 16:49:21.836282 Oscar: Yes
2024-10-14 16:49:21.836428 Romeo: Yes
ChatterBot Bravo reevaluating
ChatterBot Bravo reevaluating
ChatterBot Bravo reevaluating
ChatterBot Echo round 8
ChatterBot Oscar round 8
ChatterBot Mike round 8
ChatterBot Romeo round 8
ChatterBot X-ray round 8
2024-10-14 16:49:21.988774 Romeo: We should replace Echo with Tango
ChatterBot Bravo reevaluating
2024-10-14 16:49:22.006190 X-ray: No
2024-10-14 16:49:22.006471 Papa: No
2024-10-14 16:49:22.006740 Bravo: No
2024-10-14 16:49:22.007381 Oscar: No
ChatterBot Bravo reevaluating
ChatterBot Bravo reevaluating
ChatterBot Romeo reevaluating
ChatterBot Romeo reevaluating
ChatterBot Bravo reevaluating
ChatterBot Romeo reevaluating
2024-10-14 16:49:22.086619 Alpha: Tango, Sierra and Mike, sending you 2
2024-10-14 16:49:22.089692 Bravo: X-ray we want you to join our group
2024-10-14 16:49:22.095484 X-ray: Yes
ChatterBot Bravo reevaluating
ChatterBot Romeo reevaluating
2024-10-14 16:49:22.117137 Bravo: We should add X-ray
ChatterBot Romeo reevaluating
ChatterBot Sierra reevaluating
2024-10-14 16:49:22.137519 Papa: Yes
2024-10-14 16:49:22.137731 Oscar: Yes
2024-10-14 16:49:22.137893 Romeo: Yes
2024-10-14 16:49:22.138044 Sierra: Yes
ChatterBot Bravo reevaluating
ChatterBot Romeo reevaluating
ChatterBot Sierra reevaluating
ChatterBot Bravo reevaluating
ChatterBot Romeo reevaluating
ChatterBot Sierra reevaluating
ChatterBot Bravo reevaluating
ChatterBot Sierra reevaluating
ChatterBot Bravo reevaluating
ChatterBot Romeo reevaluating
2024-10-14 16:49:22.228166 Alpha: Echo, sending you 1
2024-10-14 16:49:22.231684 Echo: Alpha, Tango and Sierra, sending you 2
2024-10-14 16:49:22.233355 Tango: Alpha, Echo and Mike, sending you 2
2024-10-14 16:49:22.234206 Papa: Bravo, Oscar and X-ray, sending you 2
2024-10-14 16:49:22.235534 Mike: Alpha and Sierra, sending you 2
2024-10-14 16:49:22.236138 Oscar: Papa and Romeo, sending you 2
2024-10-14 16:49:22.237382 Echo: Mike, sending you 4
2024-10-14 16:49:22.238076 Tango: Sierra, sending you 3
2024-10-14 16:49:22.239906 Bravo: We should drop Sierra
ChatterBot Romeo reevaluating
2024-10-14 16:49:22.255311 Papa: Yes
2024-10-14 16:49:22.255481 Oscar: Yes
2024-10-14 16:49:22.255635 Romeo: Yes
ChatterBot Romeo reevaluating
ChatterBot Bravo reevaluating
ChatterBot Romeo reevaluating
ChatterBot Bravo reevaluating
ChatterBot Bravo reevaluating
2024-10-14 16:49:22.292051 Papa: Romeo, sending you 3
2024-10-14 16:49:22.292967 Oscar: Bravo and X-ray, sending you 1
2024-10-14 16:49:22.294382 Mike: Tango, sending you 1
2024-10-14 16:49:22.297845 Sierra: Alpha, Echo and Mike, sending you 2
2024-10-14 16:49:22.298496 Mike: Echo, sending you 4
2024-10-14 16:49:22.300212 X-ray: Papa, Oscar and Romeo, sending you 2
2024-10-14 16:49:22.301673 Sierra: Tango, sending you 3
chatterbot Alpha submitting transactions
chatterbot X-ray submitting transactions
chatterbot Tango submitting transactions
chatterbot Sierra submitting transactions
chatterbot Papa submitting transactions
chatterbot Bravo submitting transactions
chatterbot Echo submitting transactions
chatterbot Oscar submitting transactions
chatterbot Mike submitting transactions
chatterbot Romeo submitting transactions
ChatterBot Alpha round 9
ChatterBot Papa round 9
ChatterBot Tango round 9
ChatterBot Bravo round 9
ChatterBot Sierra round 9
ChatterBot Echo round 9
2024-10-14 16:49:23.154316 Bravo: We should add X-ray
2024-10-14 16:49:23.168051 Papa: Yes
2024-10-14 16:49:23.168232 Oscar: Yes
2024-10-14 16:49:23.168362 Romeo: Yes
2024-10-14 16:49:23.168488 Sierra: Yes
ChatterBot Bravo reevaluating
ChatterBot Romeo reevaluating
ChatterBot Bravo reevaluating
ChatterBot Romeo reevaluating
ChatterBot Bravo reevaluating
ChatterBot Sierra reevaluating
ChatterBot Bravo reevaluating
ChatterBot Romeo reevaluating
2024-10-14 16:49:23.234608 Sierra: We should replace Bravo with X-ray
2024-10-14 16:49:23.248077 Mike: No
2024-10-14 16:49:23.248260 Alpha: No
2024-10-14 16:49:23.248428 Echo: No
2024-10-14 16:49:23.248581 Tango: No
ChatterBot Sierra reevaluating
ChatterBot Sierra reevaluating
ChatterBot Sierra reevaluating
ChatterBot Sierra reevaluating
ChatterBot Oscar round 9
ChatterBot Mike round 9
ChatterBot Romeo round 9
ChatterBot X-ray round 9
2024-10-14 16:49:23.406449 Romeo: We should replace Echo with Tango
ChatterBot Bravo reevaluating
2024-10-14 16:49:23.423108 X-ray: No
2024-10-14 16:49:23.423383 Papa: No
2024-10-14 16:49:23.423666 Bravo: No
2024-10-14 16:49:23.423938 Oscar: No
ChatterBot Bravo reevaluating
ChatterBot Romeo reevaluating
ChatterBot Bravo reevaluating
ChatterBot Romeo reevaluating
ChatterBot Romeo reevaluating
ChatterBot Bravo reevaluating
ChatterBot Romeo reevaluating
2024-10-14 16:49:23.485338 Bravo: We should replace Sierra with X-ray
ChatterBot Romeo reevaluating
2024-10-14 16:49:23.496188 Papa: Yes
2024-10-14 16:49:23.496335 Oscar: Yes
2024-10-14 16:49:23.497284 Romeo: Yes
ChatterBot Romeo reevaluating
ChatterBot Bravo reevaluating
ChatterBot Romeo reevaluating
ChatterBot Bravo reevaluating
ChatterBot Bravo reevaluating
2024-10-14 16:49:23.546591 Sierra: X-ray we want you to join our group
2024-10-14 16:49:23.550547 X-ray: No
ChatterBot Sierra reevaluating
2024-10-14 16:49:23.569726 Papa: Bravo, Oscar and X-ray, sending you 2
2024-10-14 16:49:23.571290 Romeo: Tango we want you to join our group
2024-10-14 16:49:23.576530 Tango: No
ChatterBot Romeo reevaluating
2024-10-14 16:49:23.594130 Romeo: We should replace Echo with Mike
2024-10-14 16:49:23.607357 X-ray: No
2024-10-14 16:49:23.607522 Papa: No
2024-10-14 16:49:23.607682 Bravo: No
2024-10-14 16:49:23.607847 Oscar: No
ChatterBot Bravo reevaluating
ChatterBot Romeo reevaluating
ChatterBot Bravo reevaluating
ChatterBot Romeo reevaluating
ChatterBot Romeo reevaluating
ChatterBot Bravo reevaluating
ChatterBot Romeo reevaluating
2024-10-14 16:49:23.665154 Alpha: Tango, sending you 1
2024-10-14 16:49:23.665746 Papa: Romeo, sending you 3
2024-10-14 16:49:23.668221 Echo: Alpha, Tango and Sierra, sending you 2
2024-10-14 16:49:23.670181 Alpha: Sierra, Echo and Mike, sending you 2
2024-10-14 16:49:23.671167 Oscar: Papa and Romeo, sending you 2
2024-10-14 16:49:23.672324 X-ray: Papa, Oscar and Romeo, sending you 2
2024-10-14 16:49:23.673118 Bravo: We should drop Sierra
ChatterBot Romeo reevaluating
2024-10-14 16:49:23.685297 Papa: Yes
2024-10-14 16:49:23.685452 Oscar: Yes
2024-10-14 16:49:23.685595 Romeo: Yes
ChatterBot Romeo reevaluating
ChatterBot Bravo reevaluating
ChatterBot Romeo reevaluating
ChatterBot Bravo reevaluating
ChatterBot Bravo reevaluating
2024-10-14 16:49:23.720857 Mike: Alpha, Tango and Sierra, sending you 2
2024-10-14 16:49:23.722289 Echo: Mike, sending you 4
2024-10-14 16:49:23.723735 Oscar: Bravo and X-ray, sending you 1
2024-10-14 16:49:23.725405 Mike: Echo, sending you 3
2024-10-14 16:49:23.726270 Sierra: Alpha, Echo and Mike, sending you 2
2024-10-14 16:49:23.731174 Sierra: Tango, sending you 3
chatterbot Alpha submitting transactions
chatterbot Mike submitting transactions
chatterbot Echo submitting transactions
chatterbot Romeo submitting transactions
chatterbot X-ray submitting transactions
chatterbot Sierra submitting transactions
chatterbot Oscar submitting transactions
chatterbot Papa submitting transactions
chatterbot Bravo submitting transactions
chatterbot Tango submitting transactions
ChatterBot Alpha round 10
ChatterBot Papa round 10
ChatterBot Tango round 10
ChatterBot Bravo round 10
ChatterBot Sierra round 10
ChatterBot Echo round 10
ChatterBot Oscar round 10
ChatterBot Mike round 10
ChatterBot Romeo round 10
ChatterBot X-ray round 10
2024-10-14 16:49:24.512594 Bravo: We should add X-ray
ChatterBot Romeo reevaluating
ChatterBot Sierra reevaluating
2024-10-14 16:49:24.631237 Papa: Yes
2024-10-14 16:49:24.632331 Oscar: Yes
2024-10-14 16:49:24.633497 Romeo: Yes
2024-10-14 16:49:24.633790 Sierra: Yes
ChatterBot Bravo reevaluating
ChatterBot Romeo reevaluating
ChatterBot Sierra reevaluating
ChatterBot Bravo reevaluating
ChatterBot Romeo reevaluating
ChatterBot Sierra reevaluating
ChatterBot Bravo reevaluating
ChatterBot Sierra reevaluating
ChatterBot Bravo reevaluating
ChatterBot Romeo reevaluating
2024-10-14 16:49:24.808745 Bravo: X-ray we want you to join our group
2024-10-14 16:49:24.814215 X-ray: No
ChatterBot Bravo reevaluating
ChatterBot Romeo reevaluating
2024-10-14 16:49:24.838682 Romeo: We should replace Echo with Tango
ChatterBot X-ray reevaluating
ChatterBot Bravo reevaluating
2024-10-14 16:49:24.854536 X-ray: No
2024-10-14 16:49:24.854704 Papa: No
2024-10-14 16:49:24.854846 Bravo: No
2024-10-14 16:49:24.854964 Oscar: No
ChatterBot Bravo reevaluating
ChatterBot Romeo reevaluating
ChatterBot X-ray reevaluating
ChatterBot Bravo reevaluating
ChatterBot Romeo reevaluating
ChatterBot X-ray reevaluating
ChatterBot Romeo reevaluating
ChatterBot X-ray reevaluating
ChatterBot Bravo reevaluating
ChatterBot Romeo reevaluating
2024-10-14 16:49:24.919979 Echo: Alpha, sending you 1
2024-10-14 16:49:24.920953 Mike: Alpha and Sierra, sending you 2
2024-10-14 16:49:24.922171 Sierra: Alpha, Echo and Mike, sending you 2
2024-10-14 16:49:24.923135 Alpha: Tango, sending you 1
2024-10-14 16:49:24.923946 Papa: Bravo, Oscar and X-ray, sending you 2
2024-10-14 16:49:24.925072 Oscar: Papa and Romeo, sending you 2
2024-10-14 16:49:24.926356 Romeo: Tango we want you to join our group
2024-10-14 16:49:24.933052 Tango: No
ChatterBot Romeo reevaluating
ChatterBot Bravo reevaluating
ChatterBot X-ray reevaluating
2024-10-14 16:49:24.958651 Romeo: We should replace Echo with Mike
2024-10-14 16:49:24.959005 Bravo: We should replace Sierra with X-ray
ChatterBot X-ray reevaluating
ChatterBot Bravo reevaluating
2024-10-14 16:49:24.975388 X-ray: No
2024-10-14 16:49:24.975656 Papa: No
2024-10-14 16:49:24.979055 Bravo: No
2024-10-14 16:49:24.979255 Oscar: No
ChatterBot Romeo reevaluating
2024-10-14 16:49:24.986876 Papa: Yes
2024-10-14 16:49:24.987054 Oscar: Yes
2024-10-14 16:49:24.987157 Romeo: Yes
ChatterBot Bravo reevaluating
ChatterBot Romeo reevaluating
ChatterBot X-ray reevaluating
ChatterBot Bravo reevaluating
ChatterBot Romeo reevaluating
ChatterBot X-ray reevaluating
ChatterBot Romeo reevaluating
ChatterBot X-ray reevaluating
ChatterBot Bravo reevaluating
ChatterBot Romeo reevaluating
ChatterBot Bravo reevaluating
ChatterBot Romeo reevaluating
ChatterBot Bravo reevaluating
ChatterBot Romeo reevaluating
ChatterBot Bravo reevaluating
2024-10-14 16:49:25.084363 Echo: Tango, sending you 2
2024-10-14 16:49:25.085402 Mike: Tango, sending you 1
2024-10-14 16:49:25.086246 Sierra: Tango, sending you 3
2024-10-14 16:49:25.087141 Alpha: Sierra, Echo and Mike, sending you 2
2024-10-14 16:49:25.087637 Papa: Romeo, sending you 3
2024-10-14 16:49:25.088961 Oscar: Bravo and X-ray, sending you 1
2024-10-14 16:49:25.090182 Echo: Sierra, sending you 3
2024-10-14 16:49:25.091461 Mike: Echo, sending you 4
2024-10-14 16:49:25.094726 Echo: Mike, sending you 4
2024-10-14 16:49:25.104669 X-ray: Papa, Oscar and Romeo, sending you 2
2024-10-14 16:49:25.112707 Romeo: Papa, sending you 3
2024-10-14 16:49:25.117731 Romeo: Bravo, Oscar and X-ray, sending you 2
chatterbot Papa submitting transactions
chatterbot Echo submitting transactions
