ChatterBot Whiskey round 1
ChatterBot November round 1
ChatterBot Echo round 1
ChatterBot Uniform round 1
ChatterBot Hotel round 1
ChatterBot Charlie round 1
ChatterBot Zulu round 1
ChatterBot Foxtrot round 1
ChatterBot Bravo round 1
ChatterBot Alpha round 1
randomSelections Zulu: {Zulu, Bravo, Echo, Hotel} 
2024-10-14 16:49:09.128266 Zulu: Let's form a team
ChatterBot Bravo reevaluating
ChatterBot Echo reevaluating
ChatterBot Hotel reevaluating
2024-10-14 16:49:09.180759 Bravo: Yes
2024-10-14 16:49:09.180994 Echo: Yes
2024-10-14 16:49:09.181181 Hotel: Yes
ChatterBot Echo reevaluating
ChatterBot Hotel reevaluating
ChatterBot Bravo reevaluating
ChatterBot Hotel reevaluating
ChatterBot Bravo reevaluating
ChatterBot Echo reevaluating
randomSelections Whiskey: {Whiskey, Zulu, Hotel, Echo, Uniform, Alpha} 
2024-10-14 16:49:09.244894 Whiskey: We would work well together
ChatterBot Hotel reevaluating
ChatterBot Echo reevaluating
ChatterBot Uniform reevaluating
ChatterBot Alpha reevaluating
2024-10-14 16:49:09.257454 Zulu: No
2024-10-14 16:49:09.257737 Hotel: No
2024-10-14 16:49:09.257889 Echo: No
2024-10-14 16:49:09.258030 Uniform: Yes
2024-10-14 16:49:09.258144 Alpha: Yes
ChatterBot Hotel reevaluating
ChatterBot Echo reevaluating
ChatterBot Uniform reevaluating
ChatterBot Alpha reevaluating
ChatterBot Echo reevaluating
ChatterBot Uniform reevaluating
ChatterBot Alpha reevaluating
ChatterBot Hotel reevaluating
ChatterBot Uniform reevaluating
ChatterBot Alpha reevaluating
ChatterBot Hotel reevaluating
ChatterBot Echo reevaluating
ChatterBot Alpha reevaluating
ChatterBot Hotel reevaluating
ChatterBot Echo reevaluating
ChatterBot Uniform reevaluating
randomSelections Foxtrot: {Foxtrot, Whiskey, Zulu, Alpha, November, Charlie} 
2024-10-14 16:49:09.300656 Foxtrot: Can we be friends?
ChatterBot Alpha reevaluating
ChatterBot November reevaluating
ChatterBot Charlie reevaluating
2024-10-14 16:49:09.308308 Whiskey: No
2024-10-14 16:49:09.308454 Zulu: No
2024-10-14 16:49:09.308572 Alpha: No
2024-10-14 16:49:09.308678 November: Yes
2024-10-14 16:49:09.308779 Charlie: Yes
ChatterBot Alpha reevaluating
ChatterBot November reevaluating
ChatterBot Charlie reevaluating
ChatterBot Alpha reevaluating
ChatterBot November reevaluating
ChatterBot Charlie reevaluating
ChatterBot November reevaluating
ChatterBot Charlie reevaluating
ChatterBot Alpha reevaluating
ChatterBot Charlie reevaluating
ChatterBot Alpha reevaluating
ChatterBot November reevaluating
2024-10-14 16:49:09.403673 Whiskey: Echo, Uniform and Zulu, sending you 1
2024-10-14 16:49:09.404112 Zulu: Echo, sending you 4
2024-10-14 16:49:09.404683 Echo: Hotel, sending you 2
2024-10-14 16:49:09.405536 Charlie: Whiskey, sending you 3
2024-10-14 16:49:09.407661 Echo: Zulu, sending you 1
2024-10-14 16:49:09.408987 Whiskey: Alpha, sending you 3
2024-10-14 16:49:09.409279 Zulu: Hotel, sending you 2
2024-10-14 16:49:09.410854 Charlie: Zulu, sending you 4
2024-10-14 16:49:09.411126 Echo: Bravo, sending you 6
2024-10-14 16:49:09.411941 Uniform: Whiskey, Hotel and Zulu, sending you 1
2024-10-14 16:49:09.413017 Zulu: Bravo, sending you 1
2024-10-14 16:49:09.413680 Charlie: Foxtrot, sending you 1
2024-10-14 16:49:09.415716 Uniform: Echo, sending you 4
2024-10-14 16:49:09.417694 Hotel: Echo, sending you 5
2024-10-14 16:49:09.418869 Alpha: Whiskey, Echo and Zulu, sending you 1
2024-10-14 16:49:09.419690 Charlie: Alpha, sending you 2
2024-10-14 16:49:09.420664 November: Whiskey, sending you 5
2024-10-14 16:49:09.426011 Uniform: Alpha, sending you 2
2024-10-14 16:49:09.426344 Hotel: Bravo, sending you 1
2024-10-14 16:49:09.426602 November: Charlie, sending you 2
2024-10-14 16:49:09.427394 Bravo: Echo and Hotel, sending you 4
2024-10-14 16:49:09.435680 November: Foxtrot and Alpha, sending you 1
2024-10-14 16:49:09.436048 Bravo: Zulu, sending you 6
chatterbot Uniform submitting transactions
chatterbot Zulu submitting transactions
chatterbot Bravo submitting transactions
chatterbot Whiskey submitting transactions
chatterbot Foxtrot submitting transactions
chatterbot Hotel submitting transactions
chatterbot Charlie submitting transactions
chatterbot November submitting transactions
chatterbot Echo submitting transactions
chatterbot Alpha submitting transactions
ChatterBot Whiskey round 2
ChatterBot November round 2
ChatterBot Echo round 2
ChatterBot Uniform round 2
ChatterBot Hotel round 2
ChatterBot Charlie round 2
ChatterBot Zulu round 2
ChatterBot Foxtrot round 2
2024-10-14 16:49:10.508406 Uniform: Friends?
2024-10-14 16:49:10.511872 November: No
ChatterBot Bravo round 2
ChatterBot Alpha round 2
2024-10-14 16:49:10.520226 Hotel: We should add Uniform
ChatterBot Zulu reevaluating
ChatterBot Bravo reevaluating
ChatterBot Echo reevaluating
2024-10-14 16:49:10.538802 Zulu: Yes
2024-10-14 16:49:10.538978 Bravo: Yes
2024-10-14 16:49:10.539098 Echo: Yes
ChatterBot Bravo reevaluating
ChatterBot Echo reevaluating
ChatterBot Zulu reevaluating
ChatterBot Echo reevaluating
ChatterBot Zulu reevaluating
ChatterBot Bravo reevaluating
2024-10-14 16:49:10.579149 Zulu: Friends?
2024-10-14 16:49:10.579376 Bravo: We should add Charlie
ChatterBot Whiskey reevaluating
ChatterBot November reevaluating
ChatterBot Charlie reevaluating
ChatterBot Alpha reevaluating
ChatterBot Echo reevaluating
ChatterBot Zulu reevaluating
2024-10-14 16:49:10.605610 Whiskey: Yes
2024-10-14 16:49:10.605838 November: Yes
2024-10-14 16:49:10.605936 Charlie: No
2024-10-14 16:49:10.606038 Alpha: No
2024-10-14 16:49:10.606197 Echo: No
2024-10-14 16:49:10.606337 Hotel: No
2024-10-14 16:49:10.606443 Zulu: Yes
ChatterBot Zulu reevaluating
ChatterBot November reevaluating
ChatterBot Charlie reevaluating
ChatterBot Alpha reevaluating
ChatterBot Bravo reevaluating
ChatterBot Zulu reevaluating
ChatterBot Whiskey reevaluating
ChatterBot Charlie reevaluating
ChatterBot Alpha reevaluating
ChatterBot Bravo reevaluating
ChatterBot Echo reevaluating
ChatterBot Zulu reevaluating
ChatterBot Whiskey reevaluating
ChatterBot November reevaluating
ChatterBot Alpha reevaluating
ChatterBot Bravo reevaluating
ChatterBot Echo reevaluating
ChatterBot Zulu reevaluating
ChatterBot Whiskey reevaluating
ChatterBot November reevaluating
ChatterBot Charlie reevaluating
ChatterBot Zulu reevaluating
ChatterBot Zulu reevaluating
2024-10-14 16:49:10.753139 Foxtrot: Friends?
ChatterBot Charlie reevaluating
2024-10-14 16:49:10.758245 Charlie: No
ChatterBot Foxtrot reevaluating
2024-10-14 16:49:10.762786 Charlie: We should group up
ChatterBot Whiskey reevaluating
ChatterBot November reevaluating
ChatterBot Alpha reevaluating
2024-10-14 16:49:10.780526 Whiskey: Yes
2024-10-14 16:49:10.780736 November: No
2024-10-14 16:49:10.780880 Alpha: Yes
2024-10-14 16:49:10.781026 Uniform: No
ChatterBot November reevaluating
ChatterBot Charlie reevaluating
ChatterBot Alpha reevaluating
ChatterBot Whiskey reevaluating
ChatterBot Charlie reevaluating
ChatterBot Alpha reevaluating
ChatterBot Whiskey reevaluating
ChatterBot November reevaluating
ChatterBot Charlie reevaluating
ChatterBot Whiskey reevaluating
ChatterBot November reevaluating
ChatterBot Charlie reevaluating
ChatterBot Alpha reevaluating
2024-10-14 16:49:10.860976 Hotel: Uniform we want you to join our group
ChatterBot Uniform reevaluating
2024-10-14 16:49:10.865746 Uniform: No
ChatterBot Echo reevaluating
ChatterBot Zulu reevaluating
ChatterBot Bravo reevaluating
2024-10-14 16:49:10.885553 November: We should drop Foxtrot
ChatterBot Zulu reevaluating
2024-10-14 16:49:10.903232 Zulu: Yes
2024-10-14 16:49:10.903463 Whiskey: Yes
2024-10-14 16:49:10.904053 Charlie: Yes
2024-10-14 16:49:10.904186 Alpha: Yes
ChatterBot Whiskey reevaluating
ChatterBot Zulu reevaluating
ChatterBot November reevaluating
ChatterBot Zulu reevaluating
ChatterBot Whiskey reevaluating
ChatterBot November reevaluating
ChatterBot Zulu reevaluating
ChatterBot Whiskey reevaluating
ChatterBot November reevaluating
2024-10-14 16:49:10.976717 Echo: Uniform we want you to join our group
ChatterBot Uniform reevaluating
2024-10-14 16:49:10.981786 Uniform: No
ChatterBot Zulu reevaluating
2024-10-14 16:49:10.999020 Charlie: We should drop Foxtrot and Zulu
ChatterBot Whiskey reevaluating
ChatterBot November reevaluating
2024-10-14 16:49:11.012582 Whiskey: Yes
2024-10-14 16:49:11.013172 November: Yes
2024-10-14 16:49:11.013334 Alpha: Yes
ChatterBot November reevaluating
ChatterBot Whiskey reevaluating
ChatterBot Whiskey reevaluating
ChatterBot November reevaluating
2024-10-14 16:49:11.058953 Bravo: Uniform we want you to join our group
ChatterBot Uniform reevaluating
2024-10-14 16:49:11.067406 Uniform: No
ChatterBot Zulu reevaluating
2024-10-14 16:49:11.268879 Alpha: Whiskey, Uniform and Charlie, sending you 1
2024-10-14 16:49:11.269772 Foxtrot: Sending you 4
2024-10-14 16:49:11.270046 Hotel: Echo, Uniform and Zulu, sending you 1
2024-10-14 16:49:11.709209 Hotel: Bravo, sending you 3
2024-10-14 16:49:11.709513 Whiskey: November, sending you 7
2024-10-14 16:49:11.709765 Echo: Uniform, Zulu and Bravo, sending you 2
2024-10-14 16:49:11.709976 November: Whiskey, sending you 3
2024-10-14 16:49:11.710541 Charlie: Whiskey, sending you 1
2024-10-14 16:49:11.710745 Bravo: Echo, sending you 11
chatterbot Hotel submitting transactions
chatterbot Foxtrot submitting transactions
chatterbot Charlie submitting transactions
2024-10-14 16:49:12.129710 Whiskey: Uniform and Alpha, sending you 3
2024-10-14 16:49:12.130704 November: Uniform, Charlie and Alpha, sending you 2
2024-10-14 16:49:12.131276 Zulu: Whiskey, November and Alpha, sending you 1
2024-10-14 16:49:12.132057 Echo: Hotel, sending you 3
2024-10-14 16:49:12.132556 Charlie: November, sending you 8
2024-10-14 16:49:12.133424 Bravo: Uniform, sending you 1
chatterbot Uniform submitting transactions
chatterbot Whiskey submitting transactions
chatterbot November submitting transactions
chatterbot Echo submitting transactions
2024-10-14 16:49:12.352135 Whiskey: Charlie, sending you 5
2024-10-14 16:49:12.352913 Zulu: Charlie, sending you 4
2024-10-14 16:49:12.353155 Bravo: Hotel and Zulu, sending you 3
chatterbot Alpha submitting transactions
chatterbot Bravo submitting transactions
chatterbot Zulu submitting transactions
ChatterBot Whiskey round 3
ChatterBot November round 3
ChatterBot Echo round 3
ChatterBot Uniform round 3
ChatterBot Hotel round 3
ChatterBot Charlie round 3
ChatterBot Zulu round 3
ChatterBot Foxtrot round 3
ChatterBot Bravo round 3
ChatterBot Alpha round 3
2024-10-14 16:49:12.784798 November: We should add Foxtrot
ChatterBot Alpha reevaluating
2024-10-14 16:49:12.799239 Whiskey: No
2024-10-14 16:49:12.799416 Charlie: No
2024-10-14 16:49:12.799578 Alpha: Yes
2024-10-14 16:49:12.799730 Uniform: No
ChatterBot Alpha reevaluating
ChatterBot Uniform reevaluating
ChatterBot Alpha reevaluating
ChatterBot Uniform reevaluating
ChatterBot Whiskey reevaluating
ChatterBot November reevaluating
ChatterBot Uniform reevaluating
ChatterBot Whiskey reevaluating
ChatterBot November reevaluating
ChatterBot Alpha reevaluating
2024-10-14 16:49:12.866620 Whiskey: We should replace Uniform with Foxtrot
ChatterBot November reevaluating
ChatterBot Alpha reevaluating
2024-10-14 16:49:12.884802 Charlie: No
2024-10-14 16:49:12.884977 November: Yes
2024-10-14 16:49:12.885120 Alpha: No
ChatterBot Whiskey reevaluating
ChatterBot November reevaluating
ChatterBot Alpha reevaluating
ChatterBot Whiskey reevaluating
ChatterBot Alpha reevaluating
ChatterBot Whiskey reevaluating
ChatterBot November reevaluating
2024-10-14 16:49:13.023645 Alpha: Foxtrot we want you to join our group
ChatterBot Foxtrot reevaluating
2024-10-14 16:49:13.030383 Foxtrot: Yes
ChatterBot Alpha reevaluating
ChatterBot Whiskey reevaluating
ChatterBot November reevaluating
2024-10-14 16:49:13.056516 Alpha: We should replace Uniform with Zulu
ChatterBot Whiskey reevaluating
ChatterBot November reevaluating
2024-10-14 16:49:13.134026 Charlie: No
2024-10-14 16:49:13.134443 Whiskey: No
2024-10-14 16:49:13.135186 November: No
ChatterBot Whiskey reevaluating
ChatterBot November reevaluating
ChatterBot Alpha reevaluating
ChatterBot November reevaluating
ChatterBot Alpha reevaluating
ChatterBot Whiskey reevaluating
ChatterBot Alpha reevaluating
2024-10-14 16:49:13.232514 Zulu: Echo, sending you 2
2024-10-14 16:49:13.233604 Bravo: Echo, sending you 9
2024-10-14 16:49:13.233894 Hotel: Echo and Bravo, sending you 2
2024-10-14 16:49:13.234173 Charlie: Whiskey, sending you 6
2024-10-14 16:49:13.235105 Echo: Uniform, Hotel and Zulu, sending you 2
2024-10-14 16:49:13.235400 Uniform: Whiskey, sending you 5
2024-10-14 16:49:13.236207 November: Foxtrot we want you to join our group
ChatterBot Foxtrot reevaluating
2024-10-14 16:49:13.241831 Foxtrot: Yes
ChatterBot Alpha reevaluating
ChatterBot Whiskey reevaluating
2024-10-14 16:49:13.261646 Zulu: Uniform and Hotel, sending you 1
2024-10-14 16:49:13.262528 Bravo: Uniform, sending you 1
2024-10-14 16:49:13.263885 Charlie: November, sending you 3
2024-10-14 16:49:13.265177 Echo: Bravo, sending you 3
2024-10-14 16:49:13.265702 Hotel: Uniform and Zulu, sending you 1
2024-10-14 16:49:13.265982 Uniform: November and Alpha, sending you 2
2024-10-14 16:49:13.266923 Zulu: Bravo, sending you 3
2024-10-14 16:49:13.491026 Bravo: Hotel, sending you 6
2024-10-14 16:49:13.491593 Charlie: Alpha, sending you 1
2024-10-14 16:49:13.492403 Whiskey: Foxtrot we want you to join our group
ChatterBot Foxtrot reevaluating
2024-10-14 16:49:13.499336 Foxtrot: No
ChatterBot Alpha reevaluating
ChatterBot Whiskey reevaluating
2024-10-14 16:49:13.524267 Bravo: Zulu, sending you 2
2024-10-14 16:49:13.618867 November: Whiskey and Charlie, sending you 3
2024-10-14 16:49:13.619212 Alpha: Zulu we want you to join our group
2024-10-14 16:49:13.651975 Zulu: No
ChatterBot Whiskey reevaluating
ChatterBot Alpha reevaluating
chatterbot Bravo submitting transactions
2024-10-14 16:49:13.671531 November: Foxtrot, sending you 2
chatterbot November submitting transactions
2024-10-14 16:49:13.819448 November: Alpha, sending you 1
chatterbot Hotel submitting transactions
chatterbot Charlie submitting transactions
2024-10-14 16:49:14.186607 Alpha: Whiskey, November and Charlie, sending you 1
chatterbot Uniform submitting transactions
chatterbot Echo submitting transactions
2024-10-14 16:49:14.364122 Whiskey: November, sending you 8
chatterbot Zulu submitting transactions
chatterbot Alpha submitting transactions
2024-10-14 16:49:14.453241 Whiskey: Charlie, sending you 5
chatterbot Foxtrot submitting transactions
chatterbot Whiskey submitting transactions
2024-10-14 16:49:14.494283 Whiskey: Foxtrot, sending you 2
ChatterBot Whiskey round 4
ChatterBot November round 4
ChatterBot Echo round 4
ChatterBot Uniform round 4
ChatterBot Hotel round 4
2024-10-14 16:49:14.550118 Whiskey: Alpha, sending you 3
ChatterBot Charlie round 4
ChatterBot Zulu round 4
ChatterBot Foxtrot round 4
ChatterBot Bravo round 4
ChatterBot Alpha round 4
2024-10-14 16:49:14.571449 November: We should add Uniform
ChatterBot Alpha reevaluating
ChatterBot Whiskey reevaluating
ChatterBot Foxtrot reevaluating
2024-10-14 16:49:14.589516 Alpha: Yes
2024-10-14 16:49:14.589767 Whiskey: Yes
2024-10-14 16:49:14.589940 Charlie: No
2024-10-14 16:49:14.590143 Foxtrot: Yes
ChatterBot Whiskey reevaluating
ChatterBot Foxtrot reevaluating
ChatterBot Alpha reevaluating
ChatterBot Foxtrot reevaluating
ChatterBot Alpha reevaluating
ChatterBot Whiskey reevaluating
ChatterBot Foxtrot reevaluating
ChatterBot Alpha reevaluating
ChatterBot Whiskey reevaluating
2024-10-14 16:49:14.718554 Alpha: We should add Foxtrot
ChatterBot Whiskey reevaluating
ChatterBot Uniform reevaluating
2024-10-14 16:49:14.738510 Whiskey: Yes
2024-10-14 16:49:14.738833 November: Yes
2024-10-14 16:49:14.739140 Charlie: No
2024-10-14 16:49:14.739834 Uniform: No
ChatterBot Alpha reevaluating
ChatterBot Uniform reevaluating
ChatterBot Whiskey reevaluating
ChatterBot Alpha reevaluating
ChatterBot Uniform reevaluating
ChatterBot Whiskey reevaluating
ChatterBot Alpha reevaluating
ChatterBot Uniform reevaluating
ChatterBot Whiskey reevaluating
ChatterBot Alpha reevaluating
2024-10-14 16:49:14.844100 November: Uniform we want you to join our group
ChatterBot Uniform reevaluating
2024-10-14 16:49:14.848680 Uniform: Yes
ChatterBot Whiskey reevaluating
ChatterBot Charlie reevaluating
ChatterBot Alpha reevaluating
ChatterBot Foxtrot reevaluating
2024-10-14 16:49:14.867594 Charlie: We should replace Alpha with Uniform
ChatterBot Whiskey reevaluating
2024-10-14 16:49:14.875208 Whiskey: No
2024-10-14 16:49:14.875389 November: No
ChatterBot Charlie reevaluating
ChatterBot Charlie reevaluating
ChatterBot Whiskey reevaluating
2024-10-14 16:49:15.112258 Echo: Uniform, Hotel and Zulu, sending you 2
2024-10-14 16:49:15.112758 Whiskey: Uniform we want you to join our group
2024-10-14 16:49:15.117555 Uniform: Yes
ChatterBot Charlie reevaluating
ChatterBot Alpha reevaluating
ChatterBot Foxtrot reevaluating
2024-10-14 16:49:15.138250 Uniform: Foxtrot we want you to join our group
ChatterBot Foxtrot reevaluating
2024-10-14 16:49:15.142493 Foxtrot: Yes
ChatterBot Charlie reevaluating
ChatterBot Alpha reevaluating
chatterbot November submitting transactions
2024-10-14 16:49:15.182356 Echo: Bravo, sending you 3
2024-10-14 16:49:15.247838 Bravo: Echo, sending you 8
2024-10-14 16:49:15.248999 November: Whiskey, sending you 4
chatterbot Hotel submitting transactions
2024-10-14 16:49:15.249862 Zulu: Echo, sending you 2
2024-10-14 16:49:15.250886 Hotel: Echo, sending you 2
2024-10-14 16:49:15.251970 Alpha: Foxtrot we want you to join our group
ChatterBot Foxtrot reevaluating
2024-10-14 16:49:15.259040 Foxtrot: Yes
ChatterBot Uniform reevaluating
ChatterBot Charlie reevaluating
2024-10-14 16:49:15.288580 Bravo: Uniform, sending you 1
2024-10-14 16:49:15.289418 November: Uniform, Foxtrot and Alpha, sending you 1
2024-10-14 16:49:15.290561 Zulu: Uniform and Hotel, sending you 1
2024-10-14 16:49:15.291759 Hotel: Zulu, sending you 1
2024-10-14 16:49:15.292416 Whiskey: November, sending you 6
2024-10-14 16:49:15.293607 Bravo: Hotel, sending you 5
2024-10-14 16:49:15.294933 November: Charlie, sending you 2
2024-10-14 16:49:15.295507 Zulu: Bravo, sending you 3
2024-10-14 16:49:15.296651 Hotel: Bravo, sending you 3
2024-10-14 16:49:15.297189 Whiskey: Uniform, sending you 4
2024-10-14 16:49:15.298180 Bravo: Zulu, sending you 4
2024-10-14 16:49:15.346845 Whiskey: Charlie, sending you 5
2024-10-14 16:49:15.448371 Charlie: Whiskey, sending you 5
2024-10-14 16:49:15.449091 Uniform: Sending you 9
2024-10-14 16:49:15.449878 Alpha: Whiskey, November and Uniform, sending you 1
2024-10-14 16:49:15.450331 Whiskey: Foxtrot, sending you 1
2024-10-14 16:49:15.451154 Foxtrot: Whiskey and Charlie, sending you 1
2024-10-14 16:49:15.501832 Charlie: November, sending you 4
2024-10-14 16:49:15.502236 Whiskey: Alpha, sending you 2
2024-10-14 16:49:15.503008 Foxtrot: November, sending you 2
2024-10-14 16:49:15.585101 Charlie: Alpha, sending you 1
chatterbot Echo submitting transactions
chatterbot Zulu submitting transactions
chatterbot Whiskey submitting transactions
chatterbot Bravo submitting transactions
chatterbot Uniform submitting transactions
chatterbot Uniform submitting transactions
chatterbot Charlie submitting transactions
chatterbot Foxtrot submitting transactions
chatterbot Alpha submitting transactions
ChatterBot Whiskey round 5
ChatterBot November round 5
ChatterBot Echo round 5
ChatterBot Uniform round 5
ChatterBot Hotel round 5
ChatterBot Charlie round 5
ChatterBot Zulu round 5
ChatterBot Foxtrot round 5
ChatterBot Bravo round 5
ChatterBot Alpha round 5
2024-10-14 16:49:16.669586 Whiskey: November, sending you 5
2024-10-14 16:49:16.670353 Alpha: Whiskey, November and Charlie, sending you 1
2024-10-14 16:49:16.670701 Zulu: Echo, sending you 2
2024-10-14 16:49:16.671051 November: Whiskey, sending you 4
2024-10-14 16:49:16.671966 Bravo: Echo, sending you 7
2024-10-14 16:49:16.672399 Uniform: Whiskey, sending you 5
2024-10-14 16:49:16.672881 Echo: Uniform, Hotel and Zulu, sending you 2
2024-10-14 16:49:16.673651 Hotel: Echo, sending you 2
2024-10-14 16:49:16.673971 Foxtrot: Whiskey and November, sending you 1
2024-10-14 16:49:16.674305 Charlie: Whiskey, sending you 6
2024-10-14 16:49:16.674958 Whiskey: Uniform, sending you 3
2024-10-14 16:49:16.675359 Zulu: Uniform and Hotel, sending you 1
2024-10-14 16:49:16.675683 Bravo: Uniform, sending you 1
2024-10-14 16:49:16.676434 Uniform: November and Alpha, sending you 2
2024-10-14 16:49:16.737608 November: Uniform, Foxtrot and Alpha, sending you 1
2024-10-14 16:49:16.738675 Echo: Bravo, sending you 3
2024-10-14 16:49:16.739067 Hotel: Zulu, sending you 1
2024-10-14 16:49:16.739439 Foxtrot: Uniform, sending you 2
2024-10-14 16:49:16.740137 Whiskey: Charlie, sending you 6
2024-10-14 16:49:16.740445 Charlie: November, sending you 3
2024-10-14 16:49:16.740721 Zulu: Bravo, sending you 3
2024-10-14 16:49:16.741481 Bravo: Hotel and Zulu, sending you 5
2024-10-14 16:49:16.850086 November: Charlie, sending you 2
2024-10-14 16:49:16.851739 Hotel: Bravo, sending you 3
2024-10-14 16:49:16.852387 Whiskey: Foxtrot and Alpha, sending you 2
2024-10-14 16:49:16.853393 Charlie: Alpha, sending you 1
chatterbot Bravo submitting transactions
chatterbot Foxtrot submitting transactions
chatterbot Alpha submitting transactions
chatterbot Zulu submitting transactions
chatterbot Uniform submitting transactions
chatterbot Hotel submitting transactions
chatterbot Echo submitting transactions
chatterbot Charlie submitting transactions
chatterbot Whiskey submitting transactions
chatterbot November submitting transactions
ChatterBot Whiskey round 6
ChatterBot November round 6
ChatterBot Echo round 6
ChatterBot Uniform round 6
ChatterBot Hotel round 6
ChatterBot Charlie round 6
ChatterBot Zulu round 6
ChatterBot Foxtrot round 6
ChatterBot Bravo round 6
ChatterBot Alpha round 6
2024-10-14 16:49:17.795849 Uniform: We should add Foxtrot
ChatterBot Charlie reevaluating
ChatterBot Alpha reevaluating
2024-10-14 16:49:17.816572 Whiskey: Yes
2024-10-14 16:49:17.816846 November: Yes
2024-10-14 16:49:17.817425 Charlie: No
2024-10-14 16:49:17.817607 Alpha: No
ChatterBot Charlie reevaluating
ChatterBot Alpha reevaluating
ChatterBot Uniform reevaluating
ChatterBot Charlie reevaluating
ChatterBot Alpha reevaluating
ChatterBot Uniform reevaluating
ChatterBot Alpha reevaluating
ChatterBot Uniform reevaluating
ChatterBot Charlie reevaluating
ChatterBot Uniform reevaluating
2024-10-14 16:49:17.889720 Zulu: We should drop Uniform
ChatterBot Echo reevaluating
2024-10-14 16:49:17.952848 Bravo: No
2024-10-14 16:49:17.953295 Echo: Yes
2024-10-14 16:49:17.953754 Hotel: No
ChatterBot Echo reevaluating
ChatterBot Bravo reevaluating
ChatterBot Bravo reevaluating
ChatterBot Echo reevaluating
2024-10-14 16:49:18.006656 Bravo: We should replace Uniform with Foxtrot
ChatterBot Echo reevaluating
ChatterBot Hotel reevaluating
2024-10-14 16:49:18.022810 Zulu: No
2024-10-14 16:49:18.023102 Echo: No
2024-10-14 16:49:18.023479 Hotel: Yes
ChatterBot Bravo reevaluating
ChatterBot Echo reevaluating
ChatterBot Hotel reevaluating
ChatterBot Bravo reevaluating
ChatterBot Hotel reevaluating
ChatterBot Zulu reevaluating
ChatterBot Bravo reevaluating
ChatterBot Echo reevaluating
2024-10-14 16:49:18.073687 Zulu: We should replace Uniform with Whiskey
ChatterBot Bravo reevaluating
ChatterBot Echo reevaluating
ChatterBot Hotel reevaluating
2024-10-14 16:49:18.084954 Bravo: No
2024-10-14 16:49:18.085164 Echo: No
2024-10-14 16:49:18.085282 Hotel: No
ChatterBot Zulu reevaluating
ChatterBot Echo reevaluating
ChatterBot Hotel reevaluating
ChatterBot Zulu reevaluating
ChatterBot Bravo reevaluating
ChatterBot Hotel reevaluating
ChatterBot Zulu reevaluating
ChatterBot Bravo reevaluating
ChatterBot Echo reevaluating
2024-10-14 16:49:18.119271 Uniform: We should add Zulu
ChatterBot Charlie reevaluating
ChatterBot Alpha reevaluating
2024-10-14 16:49:18.131877 Whiskey: No
2024-10-14 16:49:18.132026 November: No
2024-10-14 16:49:18.132155 Charlie: No
2024-10-14 16:49:18.132287 Alpha: No
ChatterBot Charlie reevaluating
ChatterBot Alpha reevaluating
ChatterBot Uniform reevaluating
ChatterBot Charlie reevaluating
ChatterBot Alpha reevaluating
ChatterBot Uniform reevaluating
ChatterBot Alpha reevaluating
ChatterBot Uniform reevaluating
ChatterBot Charlie reevaluating
ChatterBot Uniform reevaluating
2024-10-14 16:49:18.199496 Charlie: We should replace Alpha with Uniform
2024-10-14 16:49:18.207570 Whiskey: No
2024-10-14 16:49:18.207764 November: No
ChatterBot Charlie reevaluating
ChatterBot Charlie reevaluating
2024-10-14 16:49:18.225909 Whiskey: November and Charlie, sending you 5
2024-10-14 16:49:18.227833 Uniform: We should drop Alpha
2024-10-14 16:49:18.240789 Whiskey: No
2024-10-14 16:49:18.240999 November: No
2024-10-14 16:49:18.241199 Charlie: Yes
ChatterBot Uniform reevaluating
ChatterBot Uniform reevaluating
ChatterBot Uniform reevaluating
2024-10-14 16:49:18.278442 November: Whiskey, sending you 4
2024-10-14 16:49:18.279900 Charlie: Uniform we want you to join our group
ChatterBot Uniform reevaluating
2024-10-14 16:49:18.284576 Uniform: Yes
2024-10-14 16:49:18.298213 Uniform: We should add Echo
2024-10-14 16:49:18.313267 Whiskey: No
2024-10-14 16:49:18.313868 November: No
2024-10-14 16:49:18.314035 Charlie: No
2024-10-14 16:49:18.314192 Alpha: No
ChatterBot Uniform reevaluating
ChatterBot Alpha reevaluating
ChatterBot Uniform reevaluating
ChatterBot Alpha reevaluating
ChatterBot Uniform reevaluating
ChatterBot Uniform reevaluating
2024-10-14 16:49:18.429985 Whiskey: Uniform, sending you 4
2024-10-14 16:49:18.432530 Echo: Alpha we want you to join our group
ChatterBot Alpha reevaluating
2024-10-14 16:49:18.451596 Alpha: No
ChatterBot Zulu reevaluating
ChatterBot Bravo reevaluating
2024-10-14 16:49:18.470 November: Uniform, Foxtrot and Alpha, sending you 1
chatterbot Foxtrot submitting transactions
chatterbot Whiskey submitting transactions
2024-10-14 16:49:18.472188 Whiskey: Foxtrot and Alpha, sending you 2
2024-10-14 16:49:18.473532 Foxtrot: Sending you 4
chatterbot November submitting transactions
2024-10-14 16:49:18.481736 November: Charlie, sending you 2
2024-10-14 16:49:18.501082 Alpha: Whiskey, November and Uniform, sending you 1
2024-10-14 16:49:18.502127 Echo: Hotel, Zulu and Alpha, sending you 2
2024-10-14 16:49:18.531884 Charlie: Whiskey, sending you 6
2024-10-14 16:49:18.532478 Echo: Bravo, sending you 3
2024-10-14 16:49:18.533531 Bravo: Echo, sending you 7
2024-10-14 16:49:18.580728 Charlie: November, sending you 4
2024-10-14 16:49:18.581140 Uniform: Whiskey, sending you 6
2024-10-14 16:49:18.581400 Bravo: Uniform, sending you 1
2024-10-14 16:49:18.582194 Zulu: Echo, sending you 2
2024-10-14 16:49:18.623538 Uniform: November, sending you 3
2024-10-14 16:49:18.624579 Bravo: Hotel and Zulu, sending you 5
2024-10-14 16:49:18.625511 Zulu: Hotel, sending you 1
2024-10-14 16:49:18.633134 Zulu: Bravo, sending you 4
chatterbot Alpha submitting transactions
chatterbot Echo submitting transactions
chatterbot Hotel submitting transactions
chatterbot Bravo submitting transactions
chatterbot Charlie submitting transactions
chatterbot Zulu submitting transactions
chatterbot Uniform submitting transactions
ChatterBot Whiskey round 7
ChatterBot November round 7
ChatterBot Echo round 7
ChatterBot Uniform round 7
ChatterBot Hotel round 7
ChatterBot Charlie round 7
ChatterBot Zulu round 7
ChatterBot Foxtrot round 7
ChatterBot Bravo round 7
2024-10-14 16:49:19.983086 Uniform: We should add Foxtrot
ChatterBot November reevaluating
2024-10-14 16:49:19.995189 Whiskey: Yes
2024-10-14 16:49:19.995369 November: Yes
2024-10-14 16:49:19.995509 Charlie: No
ChatterBot November reevaluating
ChatterBot Uniform reevaluating
ChatterBot Uniform reevaluating
ChatterBot November reevaluating
ChatterBot Alpha round 7
2024-10-14 16:49:20.037507 Hotel: We should replace Uniform with Foxtrot
ChatterBot Bravo reevaluating
2024-10-14 16:49:20.114466 Zulu: No
2024-10-14 16:49:20.115314 Bravo: Yes
2024-10-14 16:49:20.115531 Echo: No
ChatterBot Bravo reevaluating
ChatterBot Hotel reevaluating
ChatterBot Hotel reevaluating
ChatterBot Bravo reevaluating
ChatterBot Hotel reevaluating
2024-10-14 16:49:20.183872 Whiskey: November and Charlie, sending you 5
2024-10-14 16:49:20.184739 Uniform: Foxtrot we want you to join our group
ChatterBot Foxtrot reevaluating
2024-10-14 16:49:20.189421 Foxtrot: Yes
ChatterBot Uniform reevaluating
2024-10-14 16:49:20.207885 November: We should drop Alpha
ChatterBot Uniform reevaluating
ChatterBot Foxtrot reevaluating
2024-10-14 16:49:20.230999 Uniform: Yes
2024-10-14 16:49:20.231380 Whiskey: No
2024-10-14 16:49:20.232214 Charlie: Yes
2024-10-14 16:49:20.232863 Foxtrot: No
ChatterBot Foxtrot reevaluating
ChatterBot Uniform reevaluating
ChatterBot Foxtrot reevaluating
ChatterBot Uniform reevaluating
ChatterBot Foxtrot reevaluating
ChatterBot Uniform reevaluating
2024-10-14 16:49:20.326265 Bravo: Foxtrot we want you to join our group
ChatterBot Foxtrot reevaluating
2024-10-14 16:49:20.333738 Foxtrot: No
ChatterBot Bravo reevaluating
ChatterBot Echo reevaluating
ChatterBot Hotel reevaluating
2024-10-14 16:49:20.353910 Echo: We should replace Alpha with Foxtrot
ChatterBot Bravo reevaluating
ChatterBot Hotel reevaluating
2024-10-14 16:49:20.364743 Zulu: No
2024-10-14 16:49:20.364893 Bravo: No
2024-10-14 16:49:20.365066 Hotel: Yes
ChatterBot Bravo reevaluating
ChatterBot Echo reevaluating
ChatterBot Hotel reevaluating
ChatterBot Zulu reevaluating
ChatterBot Echo reevaluating
ChatterBot Hotel reevaluating
ChatterBot Zulu reevaluating
ChatterBot Bravo reevaluating
ChatterBot Echo reevaluating
2024-10-14 16:49:20.414485 Zulu: We should add Foxtrot
ChatterBot Bravo reevaluating
ChatterBot Echo reevaluating
ChatterBot Hotel reevaluating
2024-10-14 16:49:20.429759 Bravo: No
2024-10-14 16:49:20.429897 Echo: Yes
2024-10-14 16:49:20.430020 Hotel: Yes
ChatterBot Zulu reevaluating
ChatterBot Echo reevaluating
ChatterBot Hotel reevaluating
ChatterBot Zulu reevaluating
ChatterBot Bravo reevaluating
ChatterBot Hotel reevaluating
ChatterBot Zulu reevaluating
ChatterBot Bravo reevaluating
ChatterBot Echo reevaluating
2024-10-14 16:49:20.463948 Charlie: Whiskey, sending you 6
2024-10-14 16:49:20.465279 Hotel: We should replace Uniform with Charlie
ChatterBot Zulu reevaluating
ChatterBot Bravo reevaluating
ChatterBot Echo reevaluating
2024-10-14 16:49:20.475460 Zulu: No
2024-10-14 16:49:20.475600 Bravo: No
2024-10-14 16:49:20.475730 Echo: No
ChatterBot Bravo reevaluating
ChatterBot Echo reevaluating
ChatterBot Hotel reevaluating
ChatterBot Zulu reevaluating
ChatterBot Echo reevaluating
ChatterBot Hotel reevaluating
ChatterBot Zulu reevaluating
ChatterBot Bravo reevaluating
ChatterBot Hotel reevaluating
2024-10-14 16:49:20.507862 Bravo: We should replace Uniform with Alpha
ChatterBot Zulu reevaluating
ChatterBot Echo reevaluating
ChatterBot Hotel reevaluating
2024-10-14 16:49:20.516837 Zulu: No
2024-10-14 16:49:20.517328 Echo: Yes
2024-10-14 16:49:20.517436 Hotel: No
ChatterBot Bravo reevaluating
ChatterBot Echo reevaluating
ChatterBot Hotel reevaluating
ChatterBot Zulu reevaluating
ChatterBot Bravo reevaluating
ChatterBot Hotel reevaluating
ChatterBot Zulu reevaluating
ChatterBot Bravo reevaluating
ChatterBot Echo reevaluating
2024-10-14 16:49:20.546414 Whiskey: Uniform, sending you 4
2024-10-14 16:49:20.547531 Charlie: November, sending you 3
2024-10-14 16:49:20.550776 Alpha: Whiskey, November and Uniform, sending you 1
2024-10-14 16:49:20.551689 Whiskey: Foxtrot and Alpha, sending you 2
2024-10-14 16:49:20.552827 Bravo: Alpha we want you to join our group
2024-10-14 16:49:20.556959 Alpha: No
ChatterBot Hotel reevaluating
ChatterBot Zulu reevaluating
ChatterBot Bravo reevaluating
2024-10-14 16:49:20.573098 Zulu: We should add Charlie
ChatterBot Bravo reevaluating
ChatterBot Hotel reevaluating
2024-10-14 16:49:20.584691 Bravo: No
2024-10-14 16:49:20.584883 Echo: No
2024-10-14 16:49:20.585035 Hotel: No
ChatterBot Zulu reevaluating
ChatterBot Hotel reevaluating
ChatterBot Zulu reevaluating
ChatterBot Bravo reevaluating
ChatterBot Hotel reevaluating
ChatterBot Zulu reevaluating
ChatterBot Bravo reevaluating
2024-10-14 16:49:20.622436 Charlie: Uniform, sending you 1
chatterbot Alpha submitting transactions
2024-10-14 16:49:20.627700 November: Whiskey and Charlie, sending you 3
2024-10-14 16:49:20.628278 Hotel: Foxtrot we want you to join our group
ChatterBot Foxtrot reevaluating
2024-10-14 16:49:20.633001 Foxtrot: No
ChatterBot Bravo reevaluating
ChatterBot Zulu reevaluating
2024-10-14 16:49:20.649088 November: Uniform, sending you 2
2024-10-14 16:49:20.654703 November: Foxtrot, sending you 1
2024-10-14 16:49:20.655551 Uniform: Whiskey, sending you 4
2024-10-14 16:49:20.661679 Uniform: November, sending you 2
2024-10-14 16:49:20.662673 Hotel: Echo, sending you 2
2024-10-14 16:49:20.669935 Hotel: Zulu, sending you 1
2024-10-14 16:49:20.670839 Uniform: Foxtrot, sending you 3
2024-10-14 16:49:20.674677 Hotel: Bravo, sending you 3
2024-10-14 16:49:20.675232 Zulu: Echo, sending you 2
2024-10-14 16:49:20.680019 Zulu: Hotel, sending you 1
2024-10-14 16:49:20.683655 Zulu: Bravo, sending you 4
2024-10-14 16:49:20.684704 Bravo: Echo, sending you 7
2024-10-14 16:49:20.691785 Bravo: Hotel and Zulu, sending you 5
2024-10-14 16:49:20.696684 Bravo: Foxtrot, sending you 1
chatterbot Uniform submitting transactions
chatterbot Charlie submitting transactions
chatterbot Whiskey submitting transactions
chatterbot November submitting transactions
chatterbot Foxtrot submitting transactions
chatterbot Bravo submitting transactions
chatterbot Echo submitting transactions
chatterbot Foxtrot submitting transactions
chatterbot Hotel submitting transactions
chatterbot Zulu submitting transactions
ChatterBot Whiskey round 8
ChatterBot November round 8
ChatterBot Echo round 8
ChatterBot Uniform round 8
ChatterBot Hotel round 8
ChatterBot Charlie round 8
ChatterBot Zulu round 8
ChatterBot Foxtrot round 8
ChatterBot Bravo round 8
ChatterBot Alpha round 8
2024-10-14 16:49:21.674294 Hotel: We should drop Foxtrot
ChatterBot Bravo reevaluating
2024-10-14 16:49:21.682643 Zulu: Yes
2024-10-14 16:49:21.682815 Bravo: Yes
2024-10-14 16:49:21.682961 Echo: Yes
ChatterBot Bravo reevaluating
ChatterBot Bravo reevaluating
2024-10-14 16:49:21.713014 Uniform: Whiskey, sending you 4
2024-10-14 16:49:21.713928 Whiskey: November and Charlie, sending you 5
2024-10-14 16:49:21.715459 November: Whiskey and Charlie, sending you 3
2024-10-14 16:49:21.716689 Uniform: November and Foxtrot, sending you 2
2024-10-14 16:49:21.717752 Whiskey: Uniform, sending you 4
2024-10-14 16:49:21.719703 November: Uniform, sending you 2
2024-10-14 16:49:21.720428 Charlie: Whiskey, sending you 6
2024-10-14 16:49:21.721525 Uniform: Charlie, sending you 1
2024-10-14 16:49:21.722078 Bravo: Alpha we want you to join our group
2024-10-14 16:49:21.728121 Alpha: No
2024-10-14 16:49:21.749691 Whiskey: Foxtrot and Alpha, sending you 2
2024-10-14 16:49:21.751130 Zulu: Echo, sending you 2
2024-10-14 16:49:21.752298 November: Foxtrot, sending you 1
2024-10-14 16:49:21.752942 Charlie: November, sending you 4
2024-10-14 16:49:21.756087 Alpha: Whiskey, November and Uniform, sending you 1
2024-10-14 16:49:21.757313 Zulu: Hotel, sending you 1
2024-10-14 16:49:21.758448 Hotel: Echo, sending you 2
2024-10-14 16:49:21.760686 Zulu: Bravo, sending you 4
2024-10-14 16:49:21.763665 Hotel: Zulu, sending you 1
2024-10-14 16:49:21.766673 Bravo: Echo and Zulu, sending you 6
2024-10-14 16:49:21.767736 Hotel: Bravo, sending you 3
2024-10-14 16:49:21.772673 Bravo: Hotel, sending you 5
2024-10-14 16:49:21.775681 Bravo: Alpha, sending you 1
chatterbot Whiskey submitting transactions
chatterbot Alpha submitting transactions
chatterbot Hotel submitting transactions
chatterbot Charlie submitting transactions
chatterbot Bravo submitting transactions
chatterbot November submitting transactions
chatterbot Foxtrot submitting transactions
chatterbot Uniform submitting transactions
chatterbot Echo submitting transactions
chatterbot Zulu submitting transactions
ChatterBot Whiskey round 9
ChatterBot November round 9
ChatterBot Echo round 9
ChatterBot Uniform round 9
ChatterBot Hotel round 9
ChatterBot Charlie round 9
ChatterBot Zulu round 9
ChatterBot Foxtrot round 9
ChatterBot Bravo round 9
ChatterBot Alpha round 9
2024-10-14 16:49:22.922680 Whiskey: November and Uniform, sending you 4
2024-10-14 16:49:22.924710 Bravo: Echo and Zulu, sending you 6
2024-10-14 16:49:22.928897 Whiskey: Charlie, sending you 6
2024-10-14 16:49:22.931674 Bravo: Hotel, sending you 5
2024-10-14 16:49:22.933687 November: Whiskey and Charlie, sending you 3
2024-10-14 16:49:22.934285 Whiskey: Foxtrot and Alpha, sending you 2
2024-10-14 16:49:22.935854 Hotel: Echo, sending you 2
2024-10-14 16:49:22.936436 Uniform: Whiskey, sending you 4
2024-10-14 16:49:22.936960 Bravo: Alpha, sending you 1
2024-10-14 16:49:22.937408 Charlie: Whiskey, sending you 5
2024-10-14 16:49:22.938685 November: Uniform, sending you 2
2024-10-14 16:49:22.940060 Uniform: November and Foxtrot, sending you 2
2024-10-14 16:49:22.940696 Hotel: Zulu, sending you 1
2024-10-14 16:49:22.941320 Zulu: Echo, sending you 2
2024-10-14 16:49:22.942391 Charlie: November, sending you 4
2024-10-14 16:49:22.943686 November: Foxtrot, sending you 1
2024-10-14 16:49:22.945039 Hotel: Bravo, sending you 3
2024-10-14 16:49:22.945741 Uniform: Charlie, sending you 1
2024-10-14 16:49:22.946906 Zulu: Hotel, sending you 1
2024-10-14 16:49:22.947533 Alpha: Whiskey, November and Uniform, sending you 1
2024-10-14 16:49:22.948240 Charlie: Uniform, sending you 1
2024-10-14 16:49:22.949684 Zulu: Bravo, sending you 4
chatterbot Foxtrot submitting transactions
chatterbot Zulu submitting transactions
chatterbot Whiskey submitting transactions
chatterbot Alpha submitting transactions
chatterbot Hotel submitting transactions
chatterbot November submitting transactions
chatterbot Uniform submitting transactions
chatterbot Echo submitting transactions
chatterbot Charlie submitting transactions
chatterbot Bravo submitting transactions
ChatterBot Whiskey round 10
ChatterBot November round 10
ChatterBot Echo round 10
ChatterBot Uniform round 10
ChatterBot Hotel round 10
ChatterBot Charlie round 10
ChatterBot Zulu round 10
ChatterBot Foxtrot round 10
ChatterBot Bravo round 10
ChatterBot Alpha round 10
2024-10-14 16:49:24.277487 Charlie: Whiskey, sending you 5
2024-10-14 16:49:24.278851 Whiskey: November and Uniform, sending you 4
2024-10-14 16:49:24.292429 Hotel: Echo, sending you 2
2024-10-14 16:49:24.293032 Whiskey: Charlie, sending you 6
2024-10-14 16:49:24.294002 Uniform: Whiskey, sending you 4
2024-10-14 16:49:24.294388 Charlie: November, sending you 4
2024-10-14 16:49:24.294792 November: Whiskey and Charlie, sending you 3
2024-10-14 16:49:24.295686 Alpha: Whiskey, November and Uniform, sending you 1
2024-10-14 16:49:24.296180 Zulu: Echo, sending you 2
2024-10-14 16:49:24.296786 Uniform: November and Foxtrot, sending you 2
2024-10-14 16:49:24.302159 Hotel: Zulu, sending you 1
2024-10-14 16:49:24.302644 Whiskey: Foxtrot and Alpha, sending you 2
2024-10-14 16:49:24.303262 November: Uniform, sending you 2
2024-10-14 16:49:24.304416 Charlie: Uniform, sending you 1
2024-10-14 16:49:24.305790 Uniform: Charlie, sending you 1
2024-10-14 16:49:24.306755 Zulu: Hotel, sending you 1
2024-10-14 16:49:24.308042 Bravo: Echo and Zulu, sending you 6
2024-10-14 16:49:24.308928 Hotel: Bravo, sending you 3
2024-10-14 16:49:24.310296 November: Foxtrot, sending you 1
2024-10-14 16:49:24.311832 Zulu: Bravo, sending you 4
2024-10-14 16:49:24.407606 Bravo: Hotel, sending you 5
2024-10-14 16:49:24.419033 Bravo: Alpha, sending you 1
chatterbot Zulu submitting transactions
chatterbot Uniform submitting transactions
chatterbot November submitting transactions
chatterbot Whiskey submitting transactions
chatterbot Bravo submitting transactions
