ChatterBot Kilo round 1
ChatterBot Juliett round 1
ChatterBot Alpha round 1
ChatterBot Yankee round 1
ChatterBot X-ray round 1
ChatterBot Bravo round 1
ChatterBot Lima round 1
ChatterBot Hotel round 1
ChatterBot Oscar round 1
ChatterBot Golf round 1
randomSelections Yankee: {Yankee, Hotel, X-ray, Juliett} 
2024-10-14 16:49:09.748936 Yankee: Let's form a team
ChatterBot Hotel reevaluating
ChatterBot X-ray reevaluating
ChatterBot Juliett reevaluating
2024-10-14 16:49:09.754165 Hotel: Yes
2024-10-14 16:49:09.754324 X-ray: Yes
2024-10-14 16:49:09.755027 Juliett: Yes
ChatterBot X-ray reevaluating
ChatterBot Juliett reevaluating
ChatterBot Hotel reevaluating
ChatterBot Juliett reevaluating
ChatterBot Hotel reevaluating
ChatterBot X-ray reevaluating
randomSelections Oscar: {Oscar, Lima, Kilo, Bravo, Alpha, Yankee} 
2024-10-14 16:49:09.773949 Oscar: Group up?
ChatterBot Lima reevaluating
ChatterBot Kilo reevaluating
ChatterBot Bravo reevaluating
ChatterBot Alpha reevaluating
2024-10-14 16:49:09.785808 Lima: Yes
2024-10-14 16:49:09.785957 Kilo: Yes
2024-10-14 16:49:09.786060 Bravo: Yes
2024-10-14 16:49:09.786171 Alpha: Yes
2024-10-14 16:49:09.786269 Yankee: No
ChatterBot Kilo reevaluating
ChatterBot Bravo reevaluating
ChatterBot Alpha reevaluating
ChatterBot Lima reevaluating
ChatterBot Bravo reevaluating
ChatterBot Alpha reevaluating
ChatterBot Lima reevaluating
ChatterBot Kilo reevaluating
ChatterBot Alpha reevaluating
ChatterBot Lima reevaluating
ChatterBot Kilo reevaluating
ChatterBot Bravo reevaluating
ChatterBot Lima reevaluating
ChatterBot Kilo reevaluating
ChatterBot Bravo reevaluating
ChatterBot Alpha reevaluating
randomSelections Golf: {Golf, Yankee, X-ray, Juliett, Kilo} 
2024-10-14 16:49:09.838062 Golf: We would work well together
ChatterBot X-ray reevaluating
ChatterBot Juliett reevaluating
ChatterBot Kilo reevaluating
2024-10-14 16:49:09.843136 Yankee: No
2024-10-14 16:49:09.843976 X-ray: No
2024-10-14 16:49:09.844130 Juliett: No
2024-10-14 16:49:09.844276 Kilo: No
ChatterBot X-ray reevaluating
ChatterBot Juliett reevaluating
ChatterBot Kilo reevaluating
ChatterBot Juliett reevaluating
ChatterBot Kilo reevaluating
ChatterBot X-ray reevaluating
ChatterBot Kilo reevaluating
ChatterBot X-ray reevaluating
ChatterBot Juliett reevaluating
2024-10-14 16:49:09.903672 Yankee: Juliett, sending you 2
2024-10-14 16:49:09.907931 X-ray: Yankee, sending you 3
2024-10-14 16:49:09.908278 Yankee: X-ray, sending you 3
2024-10-14 16:49:09.908642 Bravo: Alpha and Lima, sending you 1
2024-10-14 16:49:09.914199 Oscar: Kilo and Bravo, sending you 3
2024-10-14 16:49:09.915331 Yankee: Hotel, sending you 4
2024-10-14 16:49:09.915758 Bravo: Yankee and Oscar, sending you 3
2024-10-14 16:49:09.916674 X-ray: Hotel, sending you 1
2024-10-14 16:49:09.916991 Juliett: Yankee, X-ray and Hotel, sending you 2
2024-10-14 16:49:09.917270 Alpha: Kilo and Yankee, sending you 1
2024-10-14 16:49:09.918098 Kilo: Alpha and Bravo, sending you 4
2024-10-14 16:49:09.918472 Golf: Kilo and X-ray, sending you 2
2024-10-14 16:49:09.918884 Hotel: Juliett and Yankee, sending you 1
2024-10-14 16:49:09.919596 Lima: Kilo and Alpha, sending you 3
2024-10-14 16:49:09.920004 Oscar: Alpha, Yankee and Lima, sending you 1
2024-10-14 16:49:09.928539 Alpha: Bravo, sending you 3
2024-10-14 16:49:09.928982 Golf: Juliett, sending you 7
2024-10-14 16:49:09.932600 Kilo: Lima, sending you 2
2024-10-14 16:49:09.932940 Hotel: X-ray, sending you 2
2024-10-14 16:49:09.933744 Lima: Yankee, sending you 1
2024-10-14 16:49:09.934156 Alpha: Lima, sending you 4
2024-10-14 16:49:09.941434 Golf: Yankee, sending you 5
2024-10-14 16:49:09.941854 Kilo: Oscar, sending you 3
2024-10-14 16:49:09.942241 Lima: Bravo, sending you 2
chatterbot Alpha submitting transactions
chatterbot Bravo submitting transactions
chatterbot Hotel submitting transactions
chatterbot Lima submitting transactions
chatterbot Yankee submitting transactions
chatterbot Golf submitting transactions
chatterbot Kilo submitting transactions
chatterbot Oscar submitting transactions
chatterbot X-ray submitting transactions
chatterbot Juliett submitting transactions
ChatterBot Kilo round 2
ChatterBot Juliett round 2
ChatterBot Alpha round 2
ChatterBot Yankee round 2
ChatterBot X-ray round 2
ChatterBot Bravo round 2
ChatterBot Lima round 2
ChatterBot Hotel round 2
ChatterBot Oscar round 2
ChatterBot Golf round 2
2024-10-14 16:49:11.393759 X-ray: We should add Golf
ChatterBot Yankee reevaluating
ChatterBot Hotel reevaluating
ChatterBot Juliett reevaluating
2024-10-14 16:49:11.471264 Yankee: Yes
2024-10-14 16:49:11.471762 Hotel: Yes
2024-10-14 16:49:11.472114 Juliett: Yes
ChatterBot Hotel reevaluating
ChatterBot Juliett reevaluating
ChatterBot Yankee reevaluating
ChatterBot Juliett reevaluating
ChatterBot Yankee reevaluating
ChatterBot Hotel reevaluating
2024-10-14 16:49:11.523631 Juliett: We should add Golf and Alpha
ChatterBot Yankee reevaluating
ChatterBot Hotel reevaluating
2024-10-14 16:49:11.540919 Yankee: No
2024-10-14 16:49:11.542652 Hotel: No
2024-10-14 16:49:11.544579 X-ray: No
ChatterBot Hotel reevaluating
ChatterBot Juliett reevaluating
ChatterBot Yankee reevaluating
ChatterBot Juliett reevaluating
ChatterBot Yankee reevaluating
ChatterBot Hotel reevaluating
ChatterBot Juliett reevaluating
2024-10-14 16:49:11.617745 Juliett: We should add Golf and Oscar
ChatterBot Yankee reevaluating
ChatterBot Hotel reevaluating
2024-10-14 16:49:11.633257 Yankee: No
2024-10-14 16:49:11.633749 Hotel: No
2024-10-14 16:49:11.633871 X-ray: No
ChatterBot Hotel reevaluating
ChatterBot Juliett reevaluating
ChatterBot Yankee reevaluating
ChatterBot Juliett reevaluating
ChatterBot Yankee reevaluating
ChatterBot Hotel reevaluating
ChatterBot Juliett reevaluating
2024-10-14 16:49:11.687117 Golf: Can we be friends?
ChatterBot Yankee reevaluating
ChatterBot Hotel reevaluating
2024-10-14 16:49:11.702554 Yankee: No
2024-10-14 16:49:11.703235 X-ray: Yes
2024-10-14 16:49:11.703358 Hotel: Yes
ChatterBot Golf reevaluating
ChatterBot Hotel reevaluating
ChatterBot Golf reevaluating
ChatterBot Yankee reevaluating
ChatterBot Hotel reevaluating
ChatterBot Golf reevaluating
ChatterBot Yankee reevaluating
2024-10-14 16:49:11.780110 X-ray: Golf we want you to join our group
ChatterBot Golf reevaluating
2024-10-14 16:49:11.786509 Golf: No
ChatterBot Yankee reevaluating
ChatterBot Hotel reevaluating
ChatterBot Juliett reevaluating
2024-10-14 16:49:11.816832 Yankee: We should replace X-ray with Golf
ChatterBot Hotel reevaluating
ChatterBot Juliett reevaluating
2024-10-14 16:49:11.835640 Hotel: No
2024-10-14 16:49:11.835842 Juliett: No
ChatterBot Yankee reevaluating
ChatterBot Juliett reevaluating
ChatterBot Yankee reevaluating
ChatterBot Hotel reevaluating
2024-10-14 16:49:11.875193 Juliett: We should add Golf and Lima
ChatterBot Yankee reevaluating
ChatterBot Hotel reevaluating
2024-10-14 16:49:11.902660 Yankee: No
2024-10-14 16:49:11.902851 Hotel: No
2024-10-14 16:49:11.902998 X-ray: No
ChatterBot Hotel reevaluating
ChatterBot Juliett reevaluating
ChatterBot Yankee reevaluating
ChatterBot Juliett reevaluating
ChatterBot Yankee reevaluating
ChatterBot Hotel reevaluating
ChatterBot Juliett reevaluating
2024-10-14 16:49:11.976728 Lima: We should drop Yankee
2024-10-14 16:49:12.058792 Kilo: Yes
2024-10-14 16:49:12.059544 Alpha: Yes
2024-10-14 16:49:12.059813 Bravo: Yes
2024-10-14 16:49:12.060080 Oscar: Yes
ChatterBot Lima reevaluating
2024-10-14 16:49:12.151477 Lima: We should replace Yankee with Golf
ChatterBot Kilo reevaluating
2024-10-14 16:49:12.188363 Kilo: Yes
2024-10-14 16:49:12.188779 Alpha: No
2024-10-14 16:49:12.188942 Bravo: No
2024-10-14 16:49:12.189083 Oscar: No
ChatterBot Lima reevaluating
ChatterBot Lima reevaluating
ChatterBot Kilo reevaluating
ChatterBot Lima reevaluating
ChatterBot Kilo reevaluating
ChatterBot Lima reevaluating
ChatterBot Kilo reevaluating
2024-10-14 16:49:12.327798 Hotel: Golf we want you to join our group
ChatterBot Golf reevaluating
2024-10-14 16:49:12.337581 Golf: No
ChatterBot Yankee reevaluating
ChatterBot Juliett reevaluating
2024-10-14 16:49:12.373767 Kilo: Golf we want you to join our group
ChatterBot Golf reevaluating
2024-10-14 16:49:12.383937 Golf: No
ChatterBot Kilo reevaluating
ChatterBot Lima reevaluating
2024-10-14 16:49:12.427704 Yankee: Golf we want you to join our group
ChatterBot Golf reevaluating
2024-10-14 16:49:12.433585 Golf: No
ChatterBot Juliett reevaluating
2024-10-14 16:49:12.449265 X-ray: Juliett, Yankee, Hotel and Golf, sending you 1
2024-10-14 16:49:12.504523 Oscar: Kilo and Bravo, sending you 4
2024-10-14 16:49:12.504816 Hotel: Juliett and X-ray, sending you 1
2024-10-14 16:49:12.505096 Bravo: Sending you each 2
2024-10-14 16:49:12.505781 Alpha: Kilo, sending you 4
chatterbot Hotel submitting transactions
2024-10-14 16:49:12.675512 Oscar: Alpha, sending you 1
2024-10-14 16:49:12.676500 Hotel: Yankee, sending you 2
2024-10-14 16:49:12.676979 Alpha: Bravo and Oscar, sending you 1
2024-10-14 16:49:12.677942 Yankee: Juliett, sending you 2
2024-10-14 16:49:12.774768 Alpha: Lima, sending you 3
2024-10-14 16:49:12.775429 Juliett: Same as last round
2024-10-14 16:49:12.775804 Golf: Juliett and Hotel, sending you 6
2024-10-14 16:49:12.776057 Yankee: X-ray, sending you 3
2024-10-14 16:49:12.776632 Lima: Kilo, Bravo and Oscar, sending you 2
2024-10-14 16:49:12.776889 Kilo: Alpha, sending you 2
chatterbot X-ray submitting transactions
2024-10-14 16:49:12.792607 Yankee: Golf, sending you 4
2024-10-14 16:49:12.792951 Golf: Yankee, sending you 7
2024-10-14 16:49:12.793697 Lima: Alpha, sending you 3
2024-10-14 16:49:12.794102 Kilo: Bravo, sending you 1
2024-10-14 16:49:12.800714 Kilo: Lima, sending you 5
2024-10-14 16:49:12.805043 Kilo: Oscar, sending you 4
chatterbot Alpha submitting transactions
chatterbot Kilo submitting transactions
chatterbot Yankee submitting transactions
chatterbot Bravo submitting transactions
chatterbot Golf submitting transactions
chatterbot Oscar submitting transactions
chatterbot Lima submitting transactions
chatterbot Juliett submitting transactions
ChatterBot Kilo round 3
ChatterBot Juliett round 3
ChatterBot Alpha round 3
ChatterBot Yankee round 3
ChatterBot X-ray round 3
ChatterBot Bravo round 3
ChatterBot Lima round 3
ChatterBot Hotel round 3
ChatterBot Oscar round 3
ChatterBot Golf round 3
2024-10-14 16:49:13.993491 Yankee: We should replace Golf with Hotel
ChatterBot X-ray reevaluating
ChatterBot Juliett reevaluating
2024-10-14 16:49:14.005252 X-ray: No
2024-10-14 16:49:14.005882 Juliett: Yes
ChatterBot Yankee reevaluating
ChatterBot Juliett reevaluating
ChatterBot Yankee reevaluating
ChatterBot X-ray reevaluating
2024-10-14 16:49:14.064838 Golf: We should replace Juliett with X-ray
ChatterBot Yankee reevaluating
2024-10-14 16:49:14.075088 Yankee: Yes
2024-10-14 16:49:14.075703 Hotel: No
ChatterBot Yankee reevaluating
2024-10-14 16:49:14.144432 Golf: X-ray we want you to join our group
2024-10-14 16:49:14.171337 X-ray: Yes
ChatterBot Yankee reevaluating
2024-10-14 16:49:14.188422 Yankee: We should replace Juliett with Hotel
2024-10-14 16:49:14.198992 X-ray: No
2024-10-14 16:49:14.199291 Golf: Yes
ChatterBot Yankee reevaluating
ChatterBot Yankee reevaluating
2024-10-14 16:49:14.407034 Hotel: Sending you each 1
2024-10-14 16:49:14.407433 Juliett: Same as last round
2024-10-14 16:49:14.407705 Alpha: Kilo and Lima, sending you 3
2024-10-14 16:49:14.408302 Yankee: Hotel we want you to join our group
2024-10-14 16:49:14.411081 Hotel: Yes
ChatterBot Yankee reevaluating
2024-10-14 16:49:14.420062 X-ray: Same as last round
2024-10-14 16:49:14.420365 Oscar: Kilo and Bravo, sending you 3
2024-10-14 16:49:14.421027 Kilo: Alpha and Oscar, sending you 4
2024-10-14 16:49:14.421270 Bravo: Kilo and Lima, sending you 2
2024-10-14 16:49:14.421571 Alpha: Bravo, sending you 2
2024-10-14 16:49:14.470713 Kilo: Bravo, sending you 2
2024-10-14 16:49:14.471149 Lima: Kilo and Alpha, sending you 3
2024-10-14 16:49:14.471461 Oscar: Alpha, sending you 1
2024-10-14 16:49:14.471738 Bravo: Alpha, sending you 1
2024-10-14 16:49:14.472556 Golf: Yankee, sending you 10
2024-10-14 16:49:14.472849 Alpha: Oscar, sending you 1
2024-10-14 16:49:14.498336 Kilo: Lima, sending you 3
2024-10-14 16:49:14.498653 Lima: Bravo, sending you 2
2024-10-14 16:49:14.499014 Bravo: Oscar, sending you 3
2024-10-14 16:49:14.499670 Oscar: Lima, sending you 2
2024-10-14 16:49:14.499942 Golf: X-ray, sending you 5
2024-10-14 16:49:14.553879 Lima: Oscar, sending you 1
2024-10-14 16:49:14.555169 Golf: Hotel, sending you 4
chatterbot Bravo submitting transactions
2024-10-14 16:49:14.583563 Yankee: X-ray and Hotel, sending you 2
chatterbot Alpha submitting transactions
2024-10-14 16:49:14.632731 Yankee: Golf, sending you 5
chatterbot Hotel submitting transactions
chatterbot Kilo submitting transactions
chatterbot Juliett submitting transactions
chatterbot X-ray submitting transactions
chatterbot Oscar submitting transactions
chatterbot Golf submitting transactions
chatterbot Lima submitting transactions
chatterbot Yankee submitting transactions
ChatterBot Kilo round 4
ChatterBot Juliett round 4
ChatterBot Alpha round 4
ChatterBot Yankee round 4
ChatterBot X-ray round 4
ChatterBot Bravo round 4
ChatterBot Lima round 4
ChatterBot Hotel round 4
ChatterBot Oscar round 4
ChatterBot Golf round 4
2024-10-14 16:49:15.813685 Hotel: We should drop X-ray
ChatterBot Juliett reevaluating
2024-10-14 16:49:15.823311 Golf: Yes
2024-10-14 16:49:15.823453 Yankee: Yes
2024-10-14 16:49:15.824280 Juliett: Yes
ChatterBot Hotel reevaluating
ChatterBot Juliett reevaluating
ChatterBot Hotel reevaluating
ChatterBot Juliett reevaluating
ChatterBot Hotel reevaluating
2024-10-14 16:49:15.921173 Kilo: Alpha, Lima and Oscar, sending you 4
2024-10-14 16:49:15.921701 Yankee: X-ray and Hotel, sending you 2
2024-10-14 16:49:15.922775 Alpha: Kilo and Lima, sending you 3
2024-10-14 16:49:15.940890 Yankee: Golf, sending you 5
2024-10-14 16:49:15.941974 Bravo: Kilo and Lima, sending you 2
2024-10-14 16:49:15.942481 Lima: Kilo and Alpha, sending you 3
2024-10-14 16:49:15.943592 Kilo: Bravo, sending you 2
2024-10-14 16:49:15.944123 Alpha: Bravo, sending you 2
2024-10-14 16:49:15.944582 Oscar: Kilo and Bravo, sending you 3
2024-10-14 16:49:15.945679 X-ray: Same as last round
2024-10-14 16:49:15.946383 Golf: Yankee, sending you 9
2024-10-14 16:49:15.947019 Bravo: Alpha, sending you 1
2024-10-14 16:49:15.948012 Lima: Bravo, sending you 2
2024-10-14 16:49:15.948521 Alpha: Oscar, sending you 1
2024-10-14 16:49:15.948964 Oscar: Alpha, sending you 1
2024-10-14 16:49:15.995537 Golf: X-ray and Hotel, sending you 5
2024-10-14 16:49:15.996788 Hotel: Same as last round
2024-10-14 16:49:15.997363 Juliett: Same as last round
2024-10-14 16:49:15.998502 Lima: Oscar, sending you 1
2024-10-14 16:49:15.999606 Bravo: Oscar, sending you 3
2024-10-14 16:49:16.000093 Oscar: Lima, sending you 2
chatterbot Yankee submitting transactions
chatterbot Juliett submitting transactions
chatterbot Oscar submitting transactions
chatterbot Kilo submitting transactions
chatterbot Hotel submitting transactions
chatterbot Bravo submitting transactions
chatterbot Alpha submitting transactions
chatterbot X-ray submitting transactions
chatterbot Golf submitting transactions
chatterbot Lima submitting transactions
ChatterBot Kilo round 5
ChatterBot Juliett round 5
ChatterBot Alpha round 5
ChatterBot Yankee round 5
ChatterBot X-ray round 5
ChatterBot Bravo round 5
ChatterBot Lima round 5
ChatterBot Hotel round 5
ChatterBot Oscar round 5
ChatterBot Golf round 5
2024-10-14 16:49:17.385039 Hotel: We should drop X-ray
2024-10-14 16:49:17.394506 Golf: Yes
2024-10-14 16:49:17.394770 Yankee: Yes
2024-10-14 16:49:17.395542 Juliett: Yes
ChatterBot Hotel reevaluating
2024-10-14 16:49:17.423771 Yankee: X-ray and Hotel, sending you 2
2024-10-14 16:49:17.424834 Lima: Kilo and Alpha, sending you 3
2024-10-14 16:49:17.425764 Golf: Yankee, sending you 9
2024-10-14 16:49:17.427010 Alpha: Kilo and Lima, sending you 3
2024-10-14 16:49:17.428205 X-ray: Same as last round
2024-10-14 16:49:17.429032 Kilo: Alpha, Lima and Oscar, sending you 4
2024-10-14 16:49:17.430363 Juliett: Same as last round
2024-10-14 16:49:17.431765 Yankee: Golf, sending you 5
2024-10-14 16:49:17.432352 Golf: X-ray and Hotel, sending you 5
2024-10-14 16:49:17.433519 Lima: Bravo, sending you 2
2024-10-14 16:49:17.434773 Alpha: Bravo, sending you 2
2024-10-14 16:49:17.435437 Kilo: Bravo, sending you 2
2024-10-14 16:49:17.438645 Bravo: Kilo and Lima, sending you 2
2024-10-14 16:49:17.439801 Lima: Oscar, sending you 1
2024-10-14 16:49:17.440805 Oscar: Kilo and Bravo, sending you 3
2024-10-14 16:49:17.441349 Alpha: Oscar, sending you 1
2024-10-14 16:49:17.445495 Bravo: Alpha, sending you 1
2024-10-14 16:49:17.446414 Oscar: Alpha, sending you 1
2024-10-14 16:49:17.451020 Bravo: Oscar, sending you 3
2024-10-14 16:49:17.452088 Oscar: Lima, sending you 2
2024-10-14 16:49:17.479345 Hotel: Same as last round
chatterbot Kilo submitting transactions
chatterbot Oscar submitting transactions
chatterbot Lima submitting transactions
chatterbot Alpha submitting transactions
chatterbot Yankee submitting transactions
chatterbot Golf submitting transactions
chatterbot Juliett submitting transactions
chatterbot Bravo submitting transactions
chatterbot Hotel submitting transactions
chatterbot X-ray submitting transactions
ChatterBot Kilo round 6
ChatterBot Juliett round 6
ChatterBot Alpha round 6
ChatterBot Yankee round 6
ChatterBot X-ray round 6
ChatterBot Bravo round 6
ChatterBot Lima round 6
ChatterBot Hotel round 6
ChatterBot Oscar round 6
ChatterBot Golf round 6
2024-10-14 16:49:18.630495 Yankee: We should replace X-ray with Juliett
2024-10-14 16:49:18.638408 Golf: No
2024-10-14 16:49:18.638572 Hotel: No
ChatterBot Hotel reevaluating
2024-10-14 16:49:18.689588 Yankee: Juliett we want you to join our group
2024-10-14 16:49:18.695108 Juliett: No
ChatterBot Yankee reevaluating
ChatterBot Hotel reevaluating
2024-10-14 16:49:18.723716 Hotel: We should drop X-ray
ChatterBot Yankee reevaluating
ChatterBot Juliett reevaluating
2024-10-14 16:49:18.734055 Golf: Yes
2024-10-14 16:49:18.734407 Yankee: Yes
2024-10-14 16:49:18.734960 Juliett: Yes
ChatterBot Yankee reevaluating
ChatterBot Juliett reevaluating
ChatterBot Hotel reevaluating
ChatterBot Juliett reevaluating
ChatterBot Yankee reevaluating
ChatterBot Hotel reevaluating
2024-10-14 16:49:18.772434 X-ray: Same as last round
2024-10-14 16:49:18.810571 Lima: Kilo, sending you 3
2024-10-14 16:49:18.811005 Kilo: Alpha, Bravo and Lima, sending you 3
2024-10-14 16:49:18.811571 Alpha: Kilo and Lima, sending you 3
2024-10-14 16:49:18.812402 Oscar: Kilo and Bravo, sending you 3
2024-10-14 16:49:18.812783 Bravo: Kilo and Lima, sending you 2
2024-10-14 16:49:18.813110 Golf: Yankee, sending you 9
2024-10-14 16:49:18.813905 Lima: Alpha, Bravo and Oscar, sending you 2
2024-10-14 16:49:18.832273 Kilo: Oscar, sending you 4
2024-10-14 16:49:18.832759 Alpha: Bravo, sending you 2
2024-10-14 16:49:18.833565 Bravo: Alpha, sending you 1
2024-10-14 16:49:18.833903 Oscar: Alpha, sending you 1
2024-10-14 16:49:18.834275 Golf: X-ray and Hotel, sending you 5
2024-10-14 16:49:18.846871 Alpha: Oscar, sending you 1
2024-10-14 16:49:18.847388 Bravo: Oscar, sending you 3
2024-10-14 16:49:18.848384 Oscar: Lima, sending you 2
2024-10-14 16:49:18.848922 Hotel: Same as last round
2024-10-14 16:49:18.897501 Yankee: Juliett and Hotel, sending you 2
2024-10-14 16:49:19.015846 Yankee: Golf, sending you 5
chatterbot Juliett submitting transactions
chatterbot Oscar submitting transactions
chatterbot Lima submitting transactions
chatterbot Alpha submitting transactions
chatterbot Kilo submitting transactions
chatterbot Golf submitting transactions
chatterbot Bravo submitting transactions
chatterbot X-ray submitting transactions
chatterbot Hotel submitting transactions
chatterbot Yankee submitting transactions
ChatterBot Kilo round 7
ChatterBot Juliett round 7
ChatterBot Alpha round 7
ChatterBot Yankee round 7
ChatterBot X-ray round 7
ChatterBot Bravo round 7
ChatterBot Lima round 7
ChatterBot Hotel round 7
2024-10-14 16:49:20.020396 Yankee: We should replace Juliett with X-ray
2024-10-14 16:49:20.027610 Golf: Yes
2024-10-14 16:49:20.027844 Hotel: No
ChatterBot Yankee reevaluating
ChatterBot Hotel reevaluating
ChatterBot Yankee reevaluating
ChatterBot Oscar round 7
ChatterBot Golf round 7
2024-10-14 16:49:20.127379 Lima: We should add Juliett
2024-10-14 16:49:20.140106 Kilo: No
2024-10-14 16:49:20.140502 Alpha: No
2024-10-14 16:49:20.140780 Bravo: No
2024-10-14 16:49:20.141475 Oscar: No
ChatterBot Alpha reevaluating
ChatterBot Kilo reevaluating
ChatterBot Bravo reevaluating
ChatterBot Lima reevaluating
ChatterBot Kilo reevaluating
ChatterBot Alpha reevaluating
ChatterBot Lima reevaluating
ChatterBot Kilo reevaluating
ChatterBot Alpha reevaluating
ChatterBot Bravo reevaluating
2024-10-14 16:49:20.221232 Yankee: X-ray we want you to join our group
2024-10-14 16:49:20.227455 X-ray: Yes
ChatterBot Yankee reevaluating
ChatterBot Hotel reevaluating
2024-10-14 16:49:20.240 Bravo: Juliett we want you to join our group
ChatterBot Juliett reevaluating
2024-10-14 16:49:20.244675 Juliett: Yes
ChatterBot Bravo reevaluating
ChatterBot Kilo reevaluating
ChatterBot Alpha reevaluating
ChatterBot Lima reevaluating
ChatterBot Oscar reevaluating
2024-10-14 16:49:20.262915 Juliett: Can we be friends?
ChatterBot Bravo reevaluating
ChatterBot Kilo reevaluating
ChatterBot Alpha reevaluating
ChatterBot Lima reevaluating
ChatterBot Oscar reevaluating
2024-10-14 16:49:20.281714 Bravo: Yes
2024-10-14 16:49:20.281853 Kilo: Yes
2024-10-14 16:49:20.281982 Alpha: Yes
2024-10-14 16:49:20.282573 Lima: Yes
2024-10-14 16:49:20.282707 Oscar: Yes
ChatterBot Kilo reevaluating
ChatterBot Alpha reevaluating
ChatterBot Lima reevaluating
ChatterBot Oscar reevaluating
ChatterBot Juliett reevaluating
ChatterBot Bravo reevaluating
ChatterBot Alpha reevaluating
ChatterBot Lima reevaluating
ChatterBot Oscar reevaluating
ChatterBot Juliett reevaluating
ChatterBot Bravo reevaluating
ChatterBot Kilo reevaluating
ChatterBot Lima reevaluating
ChatterBot Oscar reevaluating
ChatterBot Juliett reevaluating
ChatterBot Bravo reevaluating
ChatterBot Kilo reevaluating
ChatterBot Alpha reevaluating
ChatterBot Oscar reevaluating
ChatterBot Juliett reevaluating
ChatterBot Bravo reevaluating
ChatterBot Kilo reevaluating
ChatterBot Alpha reevaluating
ChatterBot Lima reevaluating
ChatterBot Juliett reevaluating
2024-10-14 16:49:20.394212 Hotel: We should drop X-ray
ChatterBot Yankee reevaluating
ChatterBot Juliett reevaluating
2024-10-14 16:49:20.405484 Golf: Yes
2024-10-14 16:49:20.405659 Yankee: Yes
2024-10-14 16:49:20.405796 Juliett: Yes
ChatterBot Yankee reevaluating
ChatterBot Juliett reevaluating
ChatterBot Juliett reevaluating
ChatterBot Yankee reevaluating
ChatterBot Hotel reevaluating
2024-10-14 16:49:20.438657 Golf: I was attacked by Kilo
ChatterBot Yankee reevaluating
ChatterBot X-ray reevaluating
ChatterBot Hotel reevaluating
2024-10-14 16:49:20.449283 Golf: I'm keeping this round to protect myself
2024-10-14 16:49:20.450523 Golf: Ow
2024-10-14 16:49:20.456973 Oscar: Juliett we want you to join our group
2024-10-14 16:49:20.460967 Juliett: Yes
ChatterBot Bravo reevaluating
ChatterBot Kilo reevaluating
ChatterBot Alpha reevaluating
ChatterBot Lima reevaluating
ChatterBot Oscar reevaluating
2024-10-14 16:49:20.484671 Lima: Juliett we want you to join our group
2024-10-14 16:49:20.490131 Juliett: Yes
ChatterBot Bravo reevaluating
2024-10-14 16:49:20.512843 Juliett: Sending you each 2
2024-10-14 16:49:20.513403 Kilo: Juliett we want you to join our group
2024-10-14 16:49:20.517995 Juliett: Yes
ChatterBot Bravo reevaluating
2024-10-14 16:49:20.539799 Alpha: Juliett we want you to join our group
2024-10-14 16:49:20.544610 Juliett: Yes
ChatterBot Bravo reevaluating
ChatterBot Kilo reevaluating
2024-10-14 16:49:20.568662 X-ray: Same as last round
2024-10-14 16:49:20.571703 Hotel: Juliett and Yankee, sending you 1
2024-10-14 16:49:20.572132 Yankee: X-ray and Hotel, sending you 2
2024-10-14 16:49:20.574702 Yankee: Golf, sending you 5
2024-10-14 16:49:20.576656 Hotel: Golf, sending you 2
2024-10-14 16:49:20.579671 Oscar: Kilo, sending you 3
2024-10-14 16:49:20.580676 Lima: Kilo, Alpha, Bravo and Oscar, sending you 2
2024-10-14 16:49:20.582672 Kilo: Alpha, Bravo and Lima, sending you 3
2024-10-14 16:49:20.583661 Lima: Juliett, sending you 1
2024-10-14 16:49:20.584691 Oscar: Juliett, Alpha and Lima, sending you 1
2024-10-14 16:49:20.586650 Kilo: Oscar, sending you 4
2024-10-14 16:49:20.589675 Alpha: Kilo and Lima, sending you 3
2024-10-14 16:49:20.590611 Oscar: Bravo, sending you 2
2024-10-14 16:49:20.594087 Alpha: Juliett, Bravo and Oscar, sending you 1
2024-10-14 16:49:20.600670 Bravo: Kilo, Alpha, Lima and Oscar, sending you 2
chatterbot Oscar submitting transactions
chatterbot Golf submitting transactions
chatterbot Hotel submitting transactions
chatterbot Lima submitting transactions
chatterbot Bravo submitting transactions
chatterbot X-ray submitting transactions
chatterbot Juliett submitting transactions
chatterbot Kilo submitting transactions
chatterbot Alpha submitting transactions
chatterbot Yankee submitting transactions
ChatterBot Kilo round 8
ChatterBot Juliett round 8
ChatterBot Alpha round 8
ChatterBot Yankee round 8
2024-10-14 16:49:21.593492 Kilo: We should add Juliett
ChatterBot Bravo reevaluating
2024-10-14 16:49:21.603899 Lima: Yes
2024-10-14 16:49:21.604077 Alpha: Yes
2024-10-14 16:49:21.604202 Bravo: No
2024-10-14 16:49:21.604317 Oscar: Yes
ChatterBot Bravo reevaluating
ChatterBot Bravo reevaluating
ChatterBot Kilo reevaluating
ChatterBot Kilo reevaluating
ChatterBot Bravo reevaluating
ChatterBot X-ray round 8
ChatterBot Bravo round 8
ChatterBot Lima round 8
ChatterBot Hotel round 8
ChatterBot Oscar round 8
ChatterBot Golf round 8
2024-10-14 16:49:21.698667 Alpha: Kilo, sending you 3
2024-10-14 16:49:21.700687 Bravo: Kilo, Lima and Oscar, sending you 2
2024-10-14 16:49:21.701804 Kilo: Alpha, Lima and Oscar, sending you 4
2024-10-14 16:49:21.702694 Oscar: Kilo, sending you 3
2024-10-14 16:49:21.703802 Alpha: Juliett and Oscar, sending you 1
2024-10-14 16:49:21.704691 Golf: I was attacked by Kilo and Oscar
ChatterBot Yankee reevaluating
ChatterBot X-ray reevaluating
ChatterBot Hotel reevaluating
2024-10-14 16:49:21.720107 Golf: I'm keeping this round to protect myself
2024-10-14 16:49:21.721860 Golf: Ow
2024-10-14 16:49:21.722376 Hotel: We should add X-ray
ChatterBot Yankee reevaluating
2024-10-14 16:49:21.735943 Golf: Yes
2024-10-14 16:49:21.736108 Yankee: Yes
2024-10-14 16:49:21.736273 Juliett: Yes
ChatterBot Yankee reevaluating
ChatterBot Hotel reevaluating
ChatterBot Hotel reevaluating
ChatterBot Yankee reevaluating
ChatterBot Hotel reevaluating
2024-10-14 16:49:21.766091 Bravo: Juliett and Alpha, sending you 1
2024-10-14 16:49:21.767481 Kilo: Bravo, sending you 2
2024-10-14 16:49:21.768314 Juliett: Kilo and Bravo, sending you 1
2024-10-14 16:49:21.768789 Alpha: Bravo and Lima, sending you 2
2024-10-14 16:49:21.769770 Oscar: Juliett and Alpha, sending you 1
2024-10-14 16:49:21.774129 Juliett: Alpha, Lima and Oscar, sending you 2
2024-10-14 16:49:21.775136 Oscar: Bravo and Lima, sending you 2
2024-10-14 16:49:21.776199 Lima: Kilo, Alpha, Bravo and Oscar, sending you 2
2024-10-14 16:49:21.780070 Lima: Juliett, sending you 1
2024-10-14 16:49:21.786701 X-ray: Same as last round
chatterbot Golf submitting transactions
chatterbot Yankee submitting transactions
chatterbot X-ray submitting transactions
chatterbot Juliett submitting transactions
chatterbot Hotel submitting transactions
chatterbot Bravo submitting transactions
chatterbot Lima submitting transactions
chatterbot Oscar submitting transactions
chatterbot Alpha submitting transactions
chatterbot Kilo submitting transactions
ChatterBot Kilo round 9
ChatterBot Juliett round 9
ChatterBot Alpha round 9
ChatterBot Yankee round 9
ChatterBot X-ray round 9
ChatterBot Bravo round 9
ChatterBot Lima round 9
ChatterBot Hotel round 9
ChatterBot Oscar round 9
ChatterBot Golf round 9
2024-10-14 16:49:22.771142 Hotel: We should replace Juliett with X-ray
2024-10-14 16:49:22.784297 Golf: Yes
2024-10-14 16:49:22.784796 Yankee: Yes
ChatterBot Hotel reevaluating
ChatterBot Hotel reevaluating
2024-10-14 16:49:22.818822 Hotel: We should add X-ray
2024-10-14 16:49:22.830210 Golf: Yes
2024-10-14 16:49:22.830380 Yankee: Yes
2024-10-14 16:49:22.830493 Juliett: Yes
ChatterBot Hotel reevaluating
ChatterBot Hotel reevaluating
ChatterBot Hotel reevaluating
2024-10-14 16:49:22.861784 Juliett: Kilo, sending you 1
2024-10-14 16:49:22.864817 Bravo: Kilo, Alpha, Lima and Oscar, sending you 2
2024-10-14 16:49:22.865677 Alpha: Kilo, sending you 3
2024-10-14 16:49:22.866736 Lima: Kilo, Alpha, Bravo and Oscar, sending you 2
2024-10-14 16:49:22.867578 Juliett: Alpha, Bravo, Lima and Oscar, sending you 2
2024-10-14 16:49:22.868786 X-ray: Same as last round
2024-10-14 16:49:22.870047 Kilo: Alpha and Oscar, sending you 4
2024-10-14 16:49:22.870959 Alpha: Juliett and Oscar, sending you 1
2024-10-14 16:49:22.872234 Lima: Juliett, sending you 1
2024-10-14 16:49:22.875666 Kilo: Bravo and Lima, sending you 3
2024-10-14 16:49:22.876996 Golf: Yankee, sending you 9
2024-10-14 16:49:22.877541 Alpha: Bravo and Lima, sending you 2
2024-10-14 16:49:22.879858 Oscar: Kilo, sending you 3
2024-10-14 16:49:22.880597 Golf: X-ray and Hotel, sending you 5
2024-10-14 16:49:22.883682 Oscar: Juliett and Alpha, sending you 1
2024-10-14 16:49:22.888679 Oscar: Bravo and Lima, sending you 2
chatterbot Kilo submitting transactions
chatterbot Hotel submitting transactions
chatterbot Bravo submitting transactions
chatterbot Yankee submitting transactions
chatterbot Juliett submitting transactions
chatterbot X-ray submitting transactions
chatterbot Alpha submitting transactions
chatterbot Lima submitting transactions
chatterbot Oscar submitting transactions
chatterbot Golf submitting transactions
ChatterBot Kilo round 10
ChatterBot Juliett round 10
ChatterBot Alpha round 10
ChatterBot Yankee round 10
ChatterBot X-ray round 10
ChatterBot Bravo round 10
ChatterBot Lima round 10
ChatterBot Hotel round 10
ChatterBot Oscar round 10
ChatterBot Golf round 10
2024-10-14 16:49:24.117790 Hotel: We should replace Juliett with X-ray
2024-10-14 16:49:24.130596 Golf: Yes
2024-10-14 16:49:24.131008 Yankee: Yes
ChatterBot Hotel reevaluating
ChatterBot Hotel reevaluating
2024-10-14 16:49:24.208450 Hotel: We should drop Juliett
2024-10-14 16:49:24.216134 Golf: Yes
2024-10-14 16:49:24.216284 Yankee: Yes
ChatterBot Hotel reevaluating
ChatterBot Hotel reevaluating
2024-10-14 16:49:24.231060 Lima: Kilo, Alpha, Bravo and Oscar, sending you 2
2024-10-14 16:49:24.247708 Oscar: Kilo, sending you 3
2024-10-14 16:49:24.248778 Alpha: Kilo, sending you 3
2024-10-14 16:49:24.249528 X-ray: Juliett, Yankee, Hotel and Golf, sending you 1
2024-10-14 16:49:24.250789 Juliett: Kilo, sending you 1
2024-10-14 16:49:24.251809 Kilo: Alpha and Oscar, sending you 4
2024-10-14 16:49:24.252477 Bravo: Kilo, Alpha, Lima and Oscar, sending you 2
2024-10-14 16:49:24.253734 Lima: Juliett, sending you 1
2024-10-14 16:49:24.254321 Golf: Yankee, sending you 9
2024-10-14 16:49:24.255262 Oscar: Juliett and Alpha, sending you 1
2024-10-14 16:49:24.256444 Alpha: Juliett and Oscar, sending you 1
2024-10-14 16:49:24.257078 Juliett: Alpha and Bravo, sending you 2
2024-10-14 16:49:24.258113 Kilo: Bravo and Lima, sending you 3
2024-10-14 16:49:24.258832 Golf: X-ray and Hotel, sending you 5
2024-10-14 16:49:24.268007 Oscar: Bravo and Lima, sending you 2
2024-10-14 16:49:24.269268 Alpha: Bravo and Lima, sending you 2
2024-10-14 16:49:24.270256 Juliett: Lima and Oscar, sending you 3
chatterbot Juliett submitting transactions
chatterbot Golf submitting transactions
chatterbot Lima submitting transactions
chatterbot Bravo submitting transactions
chatterbot Yankee submitting transactions
chatterbot Oscar submitting transactions
chatterbot Kilo submitting transactions
chatterbot X-ray submitting transactions
chatterbot Alpha submitting transactions
chatterbot Hotel submitting transactions
ChatterBot Kilo round 11
ChatterBot Juliett round 11
ChatterBot Alpha round 11
ChatterBot Yankee round 11
ChatterBot X-ray round 11
ChatterBot Bravo round 11
ChatterBot Lima round 11
ChatterBot Hotel round 11
ChatterBot Oscar round 11
ChatterBot Golf round 11
2024-10-14 16:49:25.374137 Hotel: We should drop Juliett
2024-10-14 16:49:25.385907 Golf: Yes
2024-10-14 16:49:25.386290 Yankee: Yes
ChatterBot Hotel reevaluating
ChatterBot Hotel reevaluating
2024-10-14 16:49:25.402036 Hotel: We should replace Juliett with X-ray
2024-10-14 16:49:25.413554 Golf: Yes
2024-10-14 16:49:25.413881 Yankee: Yes
ChatterBot Hotel reevaluating
ChatterBot Hotel reevaluating
2024-10-14 16:49:25.444152 Oscar: Kilo, sending you 3
2024-10-14 16:49:25.445512 Juliett: Kilo, sending you 1
2024-10-14 16:49:25.447607 Lima: Kilo, Alpha, Bravo and Oscar, sending you 2
2024-10-14 16:49:25.449760 Kilo: Alpha and Oscar, sending you 4
2024-10-14 16:49:25.452052 X-ray: Juliett, Yankee, Hotel and Golf, sending you 1
2024-10-14 16:49:25.453776 Alpha: Kilo, sending you 3
2024-10-14 16:49:25.454928 Bravo: Kilo, Alpha, Lima and Oscar, sending you 2
2024-10-14 16:49:25.456746 Oscar: Juliett and Alpha, sending you 1
2024-10-14 16:49:25.458440 Juliett: Alpha, Lima and Oscar, sending you 3
2024-10-14 16:49:25.458968 Lima: Juliett, sending you 1
2024-10-14 16:49:25.460260 Kilo: Bravo and Lima, sending you 3
2024-10-14 16:49:25.460956 Alpha: Juliett and Oscar, sending you 1
2024-10-14 16:49:25.461991 Oscar: Bravo and Lima, sending you 2
2024-10-14 16:49:25.462426 Golf: Yankee, sending you 9
2024-10-14 16:49:25.462833 Juliett: Bravo, sending you 2
2024-10-14 16:49:25.465701 Alpha: Bravo and Lima, sending you 2
2024-10-14 16:49:25.467044 Golf: X-ray and Hotel, sending you 5
chatterbot Golf submitting transactions
chatterbot Lima submitting transactions
chatterbot Oscar submitting transactions
chatterbot Bravo submitting transactions
chatterbot Kilo submitting transactions
chatterbot Hotel submitting transactions
chatterbot Alpha submitting transactions
chatterbot Yankee submitting transactions
chatterbot Juliett submitting transactions
chatterbot X-ray submitting transactions
ChatterBot Kilo round 12
ChatterBot Juliett round 12
ChatterBot Alpha round 12
ChatterBot Yankee round 12
ChatterBot X-ray round 12
ChatterBot Bravo round 12
ChatterBot Lima round 12
ChatterBot Hotel round 12
ChatterBot Oscar round 12
2024-10-14 16:49:27.154005 Lima: We should add X-ray
ChatterBot Bravo reevaluating
ChatterBot Oscar reevaluating
ChatterBot Juliett reevaluating
2024-10-14 16:49:27.173536 Bravo: Yes
2024-10-14 16:49:27.173721 Kilo: Yes
2024-10-14 16:49:27.173877 Alpha: Yes
2024-10-14 16:49:27.174014 Oscar: Yes
2024-10-14 16:49:27.174144 Juliett: Yes
ChatterBot Oscar reevaluating
ChatterBot Juliett reevaluating
ChatterBot Bravo reevaluating
ChatterBot Oscar reevaluating
ChatterBot Juliett reevaluating
ChatterBot Bravo reevaluating
ChatterBot Kilo reevaluating
ChatterBot Oscar reevaluating
ChatterBot Juliett reevaluating
ChatterBot Bravo reevaluating
ChatterBot Kilo reevaluating
ChatterBot Alpha reevaluating
ChatterBot Juliett reevaluating
ChatterBot Bravo reevaluating
ChatterBot Kilo reevaluating
ChatterBot Alpha reevaluating
ChatterBot Oscar reevaluating
ChatterBot Golf round 12
2024-10-14 16:49:27.368066 Hotel: We should replace Juliett with X-ray
2024-10-14 16:49:27.377225 Golf: Yes
2024-10-14 16:49:27.378014 Yankee: Yes
ChatterBot Hotel reevaluating
ChatterBot Hotel reevaluating
2024-10-14 16:49:27.401483 Lima: X-ray we want you to join our group
2024-10-14 16:49:27.406800 X-ray: No
ChatterBot Kilo reevaluating
ChatterBot Juliett reevaluating
ChatterBot Alpha reevaluating
ChatterBot Bravo reevaluating
ChatterBot Oscar reevaluating
2024-10-14 16:49:27.475828 Juliett: X-ray we want you to join our group
2024-10-14 16:49:27.483555 X-ray: No
ChatterBot Alpha reevaluating
2024-10-14 16:49:27.517043 Hotel: We should drop Juliett
2024-10-14 16:49:27.527541 Golf: Yes
2024-10-14 16:49:27.527787 Yankee: Yes
ChatterBot Hotel reevaluating
ChatterBot Hotel reevaluating
2024-10-14 16:49:27.549916 Bravo: X-ray we want you to join our group
2024-10-14 16:49:27.555382 X-ray: No
ChatterBot Alpha reevaluating
chatterbot Lima submitting transactions
2024-10-14 16:49:27.588032 X-ray: Juliett, Yankee, Hotel and Golf, sending you 1
2024-10-14 16:49:27.589224 Lima: Kilo, Alpha, Bravo and Oscar, sending you 2
2024-10-14 16:49:27.618877 Alpha: X-ray we want you to join our group
2024-10-14 16:49:27.622328 X-ray: No
ChatterBot Alpha reevaluating
2024-10-14 16:49:27.640995 Oscar: Kilo, sending you 3
2024-10-14 16:49:27.642299 Kilo: Alpha and Oscar, sending you 4
2024-10-14 16:49:27.643093 Lima: Juliett, sending you 1
2024-10-14 16:49:27.644242 Golf: Yankee, sending you 9
2024-10-14 16:49:27.645394 Oscar: Juliett and Alpha, sending you 1
2024-10-14 16:49:27.654695 Kilo: Bravo and Lima, sending you 3
2024-10-14 16:49:27.655770 Golf: X-ray, sending you 4
2024-10-14 16:49:27.656271 Bravo: Kilo, Lima and Oscar, sending you 2
2024-10-14 16:49:27.657391 Juliett: Kilo and Bravo, sending you 1
2024-10-14 16:49:27.659265 Oscar: Bravo and Lima, sending you 2
2024-10-14 16:49:27.661050 Golf: Hotel, sending you 6
2024-10-14 16:49:27.661771 Bravo: Juliett and Alpha, sending you 1
2024-10-14 16:49:27.663467 Juliett: Alpha, X-ray, Lima and Oscar, sending you 3
2024-10-14 16:49:27.712520 Alpha: Kilo, sending you 3
2024-10-14 16:49:27.725580 Alpha: Juliett and Oscar, sending you 1
chatterbot Golf submitting transactions
2024-10-14 16:49:27.732918 Alpha: Bravo and Lima, sending you 2
chatterbot Yankee submitting transactions
chatterbot Kilo submitting transactions
chatterbot Alpha submitting transactions
chatterbot Juliett submitting transactions
chatterbot X-ray submitting transactions
chatterbot Hotel submitting transactions
chatterbot Bravo submitting transactions
chatterbot Oscar submitting transactions
ChatterBot Kilo round 13
ChatterBot Juliett round 13
ChatterBot Alpha round 13
ChatterBot Yankee round 13
ChatterBot X-ray round 13
ChatterBot Bravo round 13
ChatterBot Lima round 13
ChatterBot Hotel round 13
ChatterBot Oscar round 13
ChatterBot Golf round 13
2024-10-14 16:49:28.394591 Bravo: We should drop X-ray
ChatterBot Alpha reevaluating
2024-10-14 16:49:28.412683 Kilo: Yes
2024-10-14 16:49:28.412876 Alpha: Yes
2024-10-14 16:49:28.413013 Lima: Yes
2024-10-14 16:49:28.413125 Oscar: Yes
2024-10-14 16:49:28.413246 Juliett: Yes
ChatterBot Alpha reevaluating
ChatterBot Lima reevaluating
ChatterBot Juliett reevaluating
ChatterBot Alpha reevaluating
ChatterBot Juliett reevaluating
ChatterBot Alpha reevaluating
ChatterBot Lima reevaluating
ChatterBot Juliett reevaluating
ChatterBot Alpha reevaluating
ChatterBot Lima reevaluating
2024-10-14 16:49:28.495733 Hotel: We should drop Juliett
2024-10-14 16:49:28.502021 Golf: Yes
2024-10-14 16:49:28.502195 Yankee: Yes
ChatterBot Hotel reevaluating
ChatterBot Hotel reevaluating
2024-10-14 16:49:28.520696 Kilo: Alpha and Oscar, sending you 4
2024-10-14 16:49:28.521527 X-ray: Juliett, Yankee, Hotel and Golf, sending you 1
2024-10-14 16:49:28.525682 Kilo: Bravo and Lima, sending you 3
2024-10-14 16:49:28.532269 Golf: Yankee, sending you 8
2024-10-14 16:49:28.534731 Bravo: Kilo, Alpha, Lima and Oscar, sending you 2
2024-10-14 16:49:28.536257 Golf: X-ray, sending you 5
2024-10-14 16:49:28.536682 Oscar: Kilo, sending you 3
2024-10-14 16:49:28.537845 Lima: Kilo, Alpha, Bravo and Oscar, sending you 2
2024-10-14 16:49:28.540707 Oscar: Juliett and Alpha, sending you 1
2024-10-14 16:49:28.542620 Golf: Hotel, sending you 6
2024-10-14 16:49:28.543976 Lima: Juliett, sending you 1
2024-10-14 16:49:28.545682 Alpha: Kilo, sending you 3
2024-10-14 16:49:28.546709 Oscar: Bravo and Lima, sending you 2
