ChatterBot X-ray round 1
ChatterBot Alpha round 1
ChatterBot Yankee round 1
ChatterBot Papa round 1
ChatterBot Delta round 1
ChatterBot Tango round 1
ChatterBot Oscar round 1
ChatterBot India round 1
ChatterBot Foxtrot round 1
ChatterBot Sierra round 1
randomSelections Alpha: {Alpha, Tango, India, Sierra, Delta, Oscar} 
2024-10-14 16:49:09.600491 Alpha: We should group up
ChatterBot Tango reevaluating
ChatterBot India reevaluating
ChatterBot Sierra reevaluating
ChatterBot Delta reevaluating
ChatterBot Oscar reevaluating
2024-10-14 16:49:09.618961 Tango: Yes
2024-10-14 16:49:09.619831 India: Yes
2024-10-14 16:49:09.619963 Sierra: Yes
2024-10-14 16:49:09.620131 Delta: Yes
2024-10-14 16:49:09.620283 Oscar: Yes
ChatterBot India reevaluating
ChatterBot Sierra reevaluating
ChatterBot Delta reevaluating
ChatterBot Oscar reevaluating
ChatterBot Tango reevaluating
ChatterBot Sierra reevaluating
ChatterBot Delta reevaluating
ChatterBot Oscar reevaluating
ChatterBot Tango reevaluating
ChatterBot India reevaluating
ChatterBot Delta reevaluating
ChatterBot Oscar reevaluating
ChatterBot Tango reevaluating
ChatterBot India reevaluating
ChatterBot Sierra reevaluating
ChatterBot Oscar reevaluating
ChatterBot Tango reevaluating
ChatterBot India reevaluating
ChatterBot Sierra reevaluating
ChatterBot Delta reevaluating
randomSelections Yankee: {Yankee, Papa, Sierra, Delta, Foxtrot, Oscar} 
2024-10-14 16:49:09.665092 Yankee: Can we be friends?
ChatterBot Papa reevaluating
ChatterBot Sierra reevaluating
ChatterBot Delta reevaluating
ChatterBot Foxtrot reevaluating
ChatterBot Oscar reevaluating
2024-10-14 16:49:09.673079 Papa: Yes
2024-10-14 16:49:09.673225 Sierra: No
2024-10-14 16:49:09.673336 Delta: No
2024-10-14 16:49:09.673437 Foxtrot: Yes
2024-10-14 16:49:09.673521 Oscar: No
ChatterBot Sierra reevaluating
ChatterBot Delta reevaluating
ChatterBot Foxtrot reevaluating
ChatterBot Oscar reevaluating
ChatterBot Papa reevaluating
ChatterBot Delta reevaluating
ChatterBot Foxtrot reevaluating
ChatterBot Oscar reevaluating
ChatterBot Papa reevaluating
ChatterBot Sierra reevaluating
ChatterBot Foxtrot reevaluating
ChatterBot Oscar reevaluating
ChatterBot Papa reevaluating
ChatterBot Sierra reevaluating
ChatterBot Delta reevaluating
ChatterBot Oscar reevaluating
ChatterBot Papa reevaluating
ChatterBot Sierra reevaluating
ChatterBot Delta reevaluating
ChatterBot Foxtrot reevaluating
randomSelections X-ray: {X-ray, Tango, Foxtrot, Sierra, Oscar, Yankee} 
2024-10-14 16:49:09.712240 X-ray: Friends?
ChatterBot Tango reevaluating
ChatterBot Foxtrot reevaluating
ChatterBot Sierra reevaluating
ChatterBot Oscar reevaluating
2024-10-14 16:49:09.720410 Tango: No
2024-10-14 16:49:09.720587 Foxtrot: No
2024-10-14 16:49:09.720713 Sierra: No
2024-10-14 16:49:09.720893 Oscar: No
2024-10-14 16:49:09.721014 Yankee: No
ChatterBot Foxtrot reevaluating
ChatterBot Sierra reevaluating
ChatterBot Oscar reevaluating
ChatterBot Tango reevaluating
ChatterBot Sierra reevaluating
ChatterBot Oscar reevaluating
ChatterBot Tango reevaluating
ChatterBot Foxtrot reevaluating
ChatterBot Oscar reevaluating
ChatterBot Tango reevaluating
ChatterBot Foxtrot reevaluating
ChatterBot Sierra reevaluating
ChatterBot Tango reevaluating
ChatterBot Foxtrot reevaluating
ChatterBot Sierra reevaluating
ChatterBot Oscar reevaluating
2024-10-14 16:49:09.785704 Papa: Yankee, sending you 2
2024-10-14 16:49:09.789409 Papa: Delta, sending you 3
2024-10-14 16:49:09.789875 Delta: Alpha and Tango, sending you 1
2024-10-14 16:49:09.790372 India: Alpha, sending you 5
2024-10-14 16:49:09.791820 Tango: Alpha, India and Sierra, sending you 2
2024-10-14 16:49:09.792338 Oscar: Alpha, Tango and India, sending you 2
2024-10-14 16:49:09.792768 Alpha: Delta and Oscar, sending you 2
2024-10-14 16:49:09.794463 Yankee: Papa and Sierra, sending you 1
2024-10-14 16:49:09.795099 Delta: Oscar and Sierra, sending you 3
2024-10-14 16:49:09.795543 Papa: Oscar, Foxtrot and Sierra, sending you 1
2024-10-14 16:49:09.796960 Foxtrot: Yankee and Sierra, sending you 2
2024-10-14 16:49:09.797463 India: Delta and Oscar, sending you 4
2024-10-14 16:49:09.798778 Tango: Delta, sending you 3
2024-10-14 16:49:09.799324 Oscar: Sierra, sending you 3
2024-10-14 16:49:09.799821 Alpha: Tango, sending you 3
2024-10-14 16:49:09.801265 X-ray: Yankee, sending you 4
2024-10-14 16:49:09.801722 Yankee: Delta and Foxtrot, sending you 2
2024-10-14 16:49:09.803093 Sierra: Delta, sending you 1
2024-10-14 16:49:09.803678 India: Tango, sending you 2
2024-10-14 16:49:09.804161 Foxtrot: Papa, Delta and Oscar, sending you 1
2024-10-14 16:49:09.805371 Tango: Oscar, sending you 1
2024-10-14 16:49:09.805906 Alpha: India, sending you 1
2024-10-14 16:49:09.806388 Yankee: Oscar, sending you 3
2024-10-14 16:49:09.807437 X-ray: Tango, Foxtrot and Sierra, sending you 1
2024-10-14 16:49:09.808003 India: Sierra, sending you 1
2024-10-14 16:49:09.808998 Sierra: Tango and India, sending you 2
2024-10-14 16:49:09.820278 X-ray: Oscar, sending you 2
2024-10-14 16:49:09.821276 Sierra: Oscar, sending you 4
chatterbot Yankee submitting transactions
chatterbot Delta submitting transactions
chatterbot Tango submitting transactions
chatterbot Sierra submitting transactions
chatterbot Alpha submitting transactions
chatterbot India submitting transactions
chatterbot X-ray submitting transactions
chatterbot Papa submitting transactions
chatterbot Foxtrot submitting transactions
chatterbot Oscar submitting transactions
ChatterBot X-ray round 2
ChatterBot Alpha round 2
ChatterBot Yankee round 2
ChatterBot Papa round 2
ChatterBot Delta round 2
ChatterBot Tango round 2
ChatterBot Oscar round 2
ChatterBot India round 2
ChatterBot Foxtrot round 2
ChatterBot Sierra round 2
2024-10-14 16:49:11.803434 Yankee: We should group up
ChatterBot Papa reevaluating
ChatterBot Foxtrot reevaluating
ChatterBot X-ray reevaluating
2024-10-14 16:49:11.820047 Papa: Yes
2024-10-14 16:49:11.820634 Foxtrot: Yes
2024-10-14 16:49:11.820804 X-ray: No
ChatterBot Foxtrot reevaluating
ChatterBot X-ray reevaluating
ChatterBot Papa reevaluating
ChatterBot X-ray reevaluating
ChatterBot Papa reevaluating
ChatterBot Foxtrot reevaluating
2024-10-14 16:49:11.886608 Oscar: We should add Yankee
ChatterBot Tango reevaluating
ChatterBot Sierra reevaluating
ChatterBot Delta reevaluating
2024-10-14 16:49:11.913139 Alpha: No
2024-10-14 16:49:11.913728 Tango: No
2024-10-14 16:49:11.913913 India: No
2024-10-14 16:49:11.914073 Sierra: No
2024-10-14 16:49:11.914258 Delta: No
ChatterBot Tango reevaluating
ChatterBot Sierra reevaluating
ChatterBot Delta reevaluating
ChatterBot Oscar reevaluating
ChatterBot Sierra reevaluating
ChatterBot Delta reevaluating
ChatterBot Oscar reevaluating
ChatterBot Tango reevaluating
ChatterBot Sierra reevaluating
ChatterBot Delta reevaluating
ChatterBot Oscar reevaluating
ChatterBot Tango reevaluating
ChatterBot Delta reevaluating
ChatterBot Oscar reevaluating
ChatterBot Tango reevaluating
ChatterBot Sierra reevaluating
ChatterBot Oscar reevaluating
2024-10-14 16:49:12.123218 Delta: We should add Papa
ChatterBot Tango reevaluating
ChatterBot Sierra reevaluating
ChatterBot Oscar reevaluating
2024-10-14 16:49:12.150176 Alpha: No
2024-10-14 16:49:12.150360 Tango: No
2024-10-14 16:49:12.150492 India: No
2024-10-14 16:49:12.150610 Sierra: No
2024-10-14 16:49:12.150735 Oscar: No
ChatterBot Tango reevaluating
ChatterBot Sierra reevaluating
ChatterBot Delta reevaluating
ChatterBot Oscar reevaluating
ChatterBot Sierra reevaluating
ChatterBot Delta reevaluating
ChatterBot Oscar reevaluating
ChatterBot Tango reevaluating
ChatterBot Sierra reevaluating
ChatterBot Delta reevaluating
ChatterBot Oscar reevaluating
ChatterBot Tango reevaluating
ChatterBot Delta reevaluating
ChatterBot Oscar reevaluating
ChatterBot Tango reevaluating
ChatterBot Sierra reevaluating
ChatterBot Delta reevaluating
2024-10-14 16:49:12.321192 Delta: We should add Foxtrot
ChatterBot Tango reevaluating
ChatterBot Sierra reevaluating
ChatterBot Oscar reevaluating
2024-10-14 16:49:12.348283 Alpha: No
2024-10-14 16:49:12.348467 Tango: No
2024-10-14 16:49:12.348638 India: No
2024-10-14 16:49:12.348802 Sierra: No
2024-10-14 16:49:12.348954 Oscar: No
ChatterBot Tango reevaluating
ChatterBot Sierra reevaluating
ChatterBot Delta reevaluating
ChatterBot Oscar reevaluating
ChatterBot Sierra reevaluating
ChatterBot Delta reevaluating
ChatterBot Oscar reevaluating
ChatterBot Tango reevaluating
ChatterBot Sierra reevaluating
ChatterBot Delta reevaluating
ChatterBot Oscar reevaluating
ChatterBot Tango reevaluating
ChatterBot Delta reevaluating
ChatterBot Oscar reevaluating
ChatterBot Tango reevaluating
ChatterBot Sierra reevaluating
ChatterBot Delta reevaluating
2024-10-14 16:49:12.488858 India: We should drop Delta
ChatterBot Tango reevaluating
ChatterBot Oscar reevaluating
ChatterBot Sierra reevaluating
2024-10-14 16:49:12.510352 Alpha: No
2024-10-14 16:49:12.510513 Tango: Yes
2024-10-14 16:49:12.510672 Oscar: No
2024-10-14 16:49:12.510815 Sierra: No
ChatterBot Tango reevaluating
ChatterBot Oscar reevaluating
ChatterBot Sierra reevaluating
ChatterBot Oscar reevaluating
ChatterBot Sierra reevaluating
ChatterBot Tango reevaluating
ChatterBot Sierra reevaluating
ChatterBot Tango reevaluating
ChatterBot Oscar reevaluating
2024-10-14 16:49:12.661279 Oscar: We should add X-ray
ChatterBot Tango reevaluating
ChatterBot Sierra reevaluating
ChatterBot Delta reevaluating
2024-10-14 16:49:12.689502 Alpha: Yes
2024-10-14 16:49:12.689846 Tango: Yes
2024-10-14 16:49:12.690624 India: Yes
2024-10-14 16:49:12.690861 Sierra: Yes
2024-10-14 16:49:12.691133 Delta: Yes
ChatterBot Tango reevaluating
ChatterBot Sierra reevaluating
ChatterBot Delta reevaluating
ChatterBot Oscar reevaluating
ChatterBot Sierra reevaluating
ChatterBot Delta reevaluating
ChatterBot Oscar reevaluating
ChatterBot Tango reevaluating
ChatterBot Sierra reevaluating
ChatterBot Delta reevaluating
ChatterBot Oscar reevaluating
ChatterBot Tango reevaluating
ChatterBot Delta reevaluating
ChatterBot Oscar reevaluating
ChatterBot Tango reevaluating
ChatterBot Sierra reevaluating
ChatterBot Oscar reevaluating
2024-10-14 16:49:12.845640 Yankee: X-ray, sending you 4
2024-10-14 16:49:12.846 Alpha: Delta, sending you 1
2024-10-14 16:49:12.851375 Delta: Yankee we want you to join our group
2024-10-14 16:49:12.856743 Yankee: No
ChatterBot Delta reevaluating
ChatterBot Tango reevaluating
2024-10-14 16:49:12.887916 Oscar: X-ray we want you to join our group
2024-10-14 16:49:12.893243 X-ray: No
ChatterBot Delta reevaluating
ChatterBot Tango reevaluating
ChatterBot Sierra reevaluating
2024-10-14 16:49:12.925763 Yankee: Papa, sending you 3
2024-10-14 16:49:12.926182 Alpha: Tango and Oscar, sending you 2
2024-10-14 16:49:14.890142 Papa: Yankee and Foxtrot, sending you 4
2024-10-14 16:49:14.890741 Delta: Papa we want you to join our group
2024-10-14 16:49:14.896598 Papa: No
ChatterBot Tango reevaluating
ChatterBot Sierra reevaluating
2024-10-14 16:49:14.929247 Yankee: Foxtrot, sending you 2
2024-10-14 16:49:14.929957 Alpha: India, sending you 3
2024-10-14 16:49:14.930565 Foxtrot: X-ray and Papa, sending you 2
2024-10-14 16:49:14.931395 India: Alpha, sending you 4
chatterbot X-ray submitting transactions
chatterbot Alpha submitting transactions
chatterbot Papa submitting transactions
chatterbot India submitting transactions
chatterbot Foxtrot submitting transactions
chatterbot Yankee submitting transactions
2024-10-14 16:49:14.938897 Foxtrot: Yankee, sending you 5
2024-10-14 16:49:14.939248 India: Tango, Oscar and Sierra, sending you 5
2024-10-14 16:49:14.939984 Oscar: X-ray, Alpha and Tango, sending you 1
2024-10-14 16:49:14.940468 Tango: X-ray we want you to join our group
2024-10-14 16:49:14.945565 X-ray: No
ChatterBot Delta reevaluating
ChatterBot Tango reevaluating
ChatterBot Sierra reevaluating
2024-10-14 16:49:14.978402 Oscar: Delta, India and Sierra, sending you 2
2024-10-14 16:49:15.011715 Delta: We should drop Oscar
ChatterBot Tango reevaluating
ChatterBot Sierra reevaluating
2024-10-14 16:49:15.024640 Alpha: No
2024-10-14 16:49:15.025129 Tango: No
2024-10-14 16:49:15.025255 India: No
2024-10-14 16:49:15.025366 Sierra: No
ChatterBot Delta reevaluating
ChatterBot Tango reevaluating
ChatterBot Sierra reevaluating
ChatterBot Delta reevaluating
ChatterBot Sierra reevaluating
ChatterBot Delta reevaluating
ChatterBot Tango reevaluating
ChatterBot Sierra reevaluating
ChatterBot Delta reevaluating
ChatterBot Tango reevaluating
2024-10-14 16:49:15.184194 Sierra: Delta and Oscar, sending you 3
2024-10-14 16:49:15.184736 Tango: Alpha, sending you 3
2024-10-14 16:49:15.185170 Delta: Alpha, Yankee, Papa, Tango, Foxtrot and Sierra, sending you 1
2024-10-14 16:49:15.190185 Tango: Delta, sending you 1
2024-10-14 16:49:15.190635 Sierra: Tango, sending you 2
2024-10-14 16:49:15.268678 Delta: India, sending you 2
2024-10-14 16:49:15.270283 Tango: Oscar, India and Sierra, sending you 2
2024-10-14 16:49:15.271625 Sierra: India, sending you 1
chatterbot Delta submitting transactions
chatterbot Tango submitting transactions
chatterbot Sierra submitting transactions
chatterbot Oscar submitting transactions
ChatterBot X-ray round 3
ChatterBot Alpha round 3
ChatterBot Yankee round 3
ChatterBot Papa round 3
ChatterBot Delta round 3
ChatterBot Tango round 3
ChatterBot Oscar round 3
ChatterBot India round 3
ChatterBot Foxtrot round 3
ChatterBot Sierra round 3
2024-10-14 16:49:15.984051 X-ray: We would work well together
ChatterBot Foxtrot reevaluating
2024-10-14 16:49:15.996912 Yankee: Yes
2024-10-14 16:49:15.997217 Papa: Yes
2024-10-14 16:49:15.997434 Foxtrot: Yes
ChatterBot Foxtrot reevaluating
ChatterBot Foxtrot reevaluating
2024-10-14 16:49:16.053363 Tango: We should add X-ray
2024-10-14 16:49:16.078310 Alpha: Yes
2024-10-14 16:49:16.078721 India: Yes
2024-10-14 16:49:16.079037 Sierra: Yes
2024-10-14 16:49:16.079852 Delta: Yes
2024-10-14 16:49:16.080053 Oscar: Yes
ChatterBot Tango reevaluating
ChatterBot Delta reevaluating
ChatterBot Tango reevaluating
ChatterBot Delta reevaluating
ChatterBot Tango reevaluating
ChatterBot Delta reevaluating
ChatterBot Tango reevaluating
ChatterBot Tango reevaluating
ChatterBot Delta reevaluating
2024-10-14 16:49:16.208033 Papa: X-ray, sending you 1
2024-10-14 16:49:16.209048 Alpha: Delta and Oscar, sending you 1
2024-10-14 16:49:16.209857 Sierra: Alpha, sending you 1
2024-10-14 16:49:17.209163 Yankee: X-ray, sending you 2
2024-10-14 16:49:17.210087 X-ray: Yankee, sending you 5
2024-10-14 16:49:17.210405 Papa: Yankee, sending you 4
2024-10-14 16:49:17.210683 Alpha: Tango, sending you 2
2024-10-14 16:49:17.211504 Sierra: Delta, Tango, Oscar and India, sending you 2
2024-10-14 16:49:17.212019 Oscar: X-ray, Alpha, Delta and Tango, sending you 1
2024-10-14 16:49:17.212358 Delta: Alpha, Oscar and India, sending you 1
2024-10-14 16:49:17.212643 Tango: Alpha, Oscar and Sierra, sending you 2
2024-10-14 16:49:17.213510 India: Alpha, Tango and Oscar, sending you 5
2024-10-14 16:49:17.213759 Foxtrot: X-ray, sending you 1
chatterbot Delta submitting transactions
2024-10-14 16:49:17.240049 Yankee: Papa, sending you 3
2024-10-14 16:49:17.240369 X-ray: Papa, sending you 1
2024-10-14 16:49:17.241137 Papa: Foxtrot, sending you 3
2024-10-14 16:49:17.241517 Oscar: India, sending you 3
2024-10-14 16:49:17.241986 Alpha: India, sending you 4
2024-10-14 16:49:17.242347 Delta: Tango, sending you 2
2024-10-14 16:49:17.243225 Tango: Delta, sending you 1
2024-10-14 16:49:17.243728 India: Sierra, sending you 4
2024-10-14 16:49:17.243994 Foxtrot: Yankee and Papa, sending you 4
2024-10-14 16:49:17.244799 Yankee: Foxtrot, sending you 4
2024-10-14 16:49:17.245150 Oscar: Sierra, sending you 2
2024-10-14 16:49:17.260167 X-ray: Foxtrot, sending you 3
2024-10-14 16:49:17.260883 Delta: Sierra, sending you 3
2024-10-14 16:49:17.261356 Tango: India, sending you 3
chatterbot Foxtrot submitting transactions
chatterbot Yankee submitting transactions
chatterbot Tango submitting transactions
chatterbot Sierra submitting transactions
chatterbot Papa submitting transactions
chatterbot India submitting transactions
chatterbot X-ray submitting transactions
chatterbot Oscar submitting transactions
chatterbot Alpha submitting transactions
ChatterBot X-ray round 4
ChatterBot Alpha round 4
ChatterBot Yankee round 4
ChatterBot Papa round 4
ChatterBot Delta round 4
ChatterBot Tango round 4
ChatterBot Oscar round 4
ChatterBot India round 4
ChatterBot Foxtrot round 4
ChatterBot Sierra round 4
2024-10-14 16:49:18.160302 Delta: We should drop X-ray
2024-10-14 16:49:18.182078 Alpha: Yes
2024-10-14 16:49:18.182328 Tango: Yes
2024-10-14 16:49:18.182556 India: Yes
2024-10-14 16:49:18.182773 Sierra: Yes
2024-10-14 16:49:18.182951 Oscar: Yes
ChatterBot Delta reevaluating
ChatterBot Oscar reevaluating
ChatterBot Delta reevaluating
ChatterBot Oscar reevaluating
ChatterBot Tango reevaluating
ChatterBot Delta reevaluating
ChatterBot Oscar reevaluating
ChatterBot Tango reevaluating
ChatterBot Delta reevaluating
ChatterBot Oscar reevaluating
ChatterBot Tango reevaluating
ChatterBot Delta reevaluating
chatterbot Delta submitting transactions
2024-10-14 16:49:18.273667 Yankee: Sending you each 3
2024-10-14 16:49:18.287169 Papa: X-ray, sending you 1
2024-10-14 16:49:18.288054 Alpha: Delta, Oscar and Sierra, sending you 1
2024-10-14 16:49:18.288885 X-ray: Yankee, sending you 5
2024-10-14 16:49:18.312712 Papa: Yankee, sending you 4
2024-10-14 16:49:18.313328 Alpha: Tango, sending you 2
2024-10-14 16:49:18.314510 Sierra: Alpha, sending you 1
2024-10-14 16:49:18.315601 X-ray: Papa, sending you 1
2024-10-14 16:49:18.316078 Foxtrot: X-ray, sending you 2
2024-10-14 16:49:18.316427 India: Alpha, Tango and Oscar, sending you 5
2024-10-14 16:49:18.317571 Papa: Foxtrot, sending you 3
2024-10-14 16:49:18.318663 Alpha: India, sending you 3
2024-10-14 16:49:18.319465 Sierra: Delta, Tango, Oscar and India, sending you 2
2024-10-14 16:49:18.320774 X-ray: Foxtrot, sending you 3
2024-10-14 16:49:18.321305 Foxtrot: Yankee, sending you 4
2024-10-14 16:49:18.322053 India: Sierra, sending you 4
2024-10-14 16:49:18.330692 Foxtrot: Papa, sending you 3
2024-10-14 16:49:18.350584 Delta: Alpha, Oscar and India, sending you 1
2024-10-14 16:49:18.351836 Oscar: Alpha, Tango, India and Sierra, sending you 2
2024-10-14 16:49:18.356957 Oscar: Delta, sending you 1
2024-10-14 16:49:18.358081 Delta: Tango, sending you 2
2024-10-14 16:49:18.362296 Delta: Sierra, sending you 3
chatterbot Yankee submitting transactions
chatterbot Delta submitting transactions
chatterbot Tango submitting transactions
chatterbot Alpha submitting transactions
chatterbot Papa submitting transactions
chatterbot Sierra submitting transactions
chatterbot Oscar submitting transactions
chatterbot X-ray submitting transactions
chatterbot India submitting transactions
chatterbot Foxtrot submitting transactions
ChatterBot X-ray round 5
ChatterBot Alpha round 5
ChatterBot Yankee round 5
ChatterBot Papa round 5
ChatterBot Delta round 5
ChatterBot Tango round 5
ChatterBot Oscar round 5
ChatterBot India round 5
ChatterBot Foxtrot round 5
ChatterBot Sierra round 5
2024-10-14 16:49:19.426051 Tango: We should drop Oscar
2024-10-14 16:49:19.445873 Delta: No
2024-10-14 16:49:19.446100 Alpha: No
2024-10-14 16:49:19.446291 India: No
2024-10-14 16:49:19.446491 Sierra: No
ChatterBot Tango reevaluating
ChatterBot Delta reevaluating
ChatterBot Tango reevaluating
ChatterBot India reevaluating
ChatterBot Delta reevaluating
ChatterBot Tango reevaluating
ChatterBot Delta reevaluating
ChatterBot Tango reevaluating
ChatterBot India reevaluating
2024-10-14 16:49:19.600169 Yankee: Same as last round
2024-10-14 16:49:19.601723 Papa: X-ray, sending you 1
2024-10-14 16:49:19.602602 India: Delta we want you to join our group
ChatterBot Delta reevaluating
2024-10-14 16:49:19.609178 Delta: Yes
ChatterBot India reevaluating
2024-10-14 16:49:19.622059 Papa: Yankee, sending you 4
2024-10-14 16:49:19.632249 Sierra: Alpha, sending you 1
2024-10-14 16:49:19.633540 Alpha: Delta, Oscar and Sierra, sending you 1
2024-10-14 16:49:19.634477 X-ray: Yankee, sending you 4
2024-10-14 16:49:19.635516 Tango: Alpha, Oscar and Sierra, sending you 2
2024-10-14 16:49:19.636497 Papa: Foxtrot, sending you 3
2024-10-14 16:49:19.636915 Foxtrot: X-ray, sending you 2
2024-10-14 16:49:19.637290 Oscar: Alpha, Tango, India and Sierra, sending you 2
2024-10-14 16:49:19.638434 Sierra: Delta, Tango, Oscar and India, sending you 2
2024-10-14 16:49:19.639674 Alpha: Tango, sending you 2
2024-10-14 16:49:19.640219 Tango: Delta, sending you 1
2024-10-14 16:49:19.641126 X-ray: Papa, sending you 2
2024-10-14 16:49:19.641593 Foxtrot: Yankee, sending you 4
2024-10-14 16:49:19.642900 Oscar: Delta, sending you 1
2024-10-14 16:49:19.643605 Alpha: India, sending you 3
2024-10-14 16:49:19.644763 X-ray: Foxtrot, sending you 3
2024-10-14 16:49:19.645181 Tango: India, sending you 3
2024-10-14 16:49:19.661340 Foxtrot: Papa, sending you 3
chatterbot Yankee submitting transactions
2024-10-14 16:49:19.698916 India: Alpha, Oscar and Sierra, sending you 5
2024-10-14 16:49:19.710499 India: Delta, sending you 4
chatterbot X-ray submitting transactions
chatterbot Alpha submitting transactions
chatterbot Oscar submitting transactions
chatterbot India submitting transactions
chatterbot Delta submitting transactions
chatterbot Papa submitting transactions
chatterbot Tango submitting transactions
chatterbot Sierra submitting transactions
chatterbot Foxtrot submitting transactions
ChatterBot X-ray round 6
ChatterBot Alpha round 6
ChatterBot Yankee round 6
ChatterBot Papa round 6
ChatterBot Delta round 6
ChatterBot Tango round 6
ChatterBot Oscar round 6
ChatterBot India round 6
2024-10-14 16:49:20.704328 Delta: We should add Yankee
2024-10-14 16:49:20.749526 Alpha: No
2024-10-14 16:49:20.749915 Tango: No
2024-10-14 16:49:20.750791 India: No
2024-10-14 16:49:20.751081 Sierra: No
2024-10-14 16:49:20.751467 Oscar: No
ChatterBot Delta reevaluating
ChatterBot Delta reevaluating
ChatterBot Delta reevaluating
ChatterBot Delta reevaluating
ChatterBot Delta reevaluating
ChatterBot Foxtrot round 6
ChatterBot Sierra round 6
2024-10-14 16:49:20.849809 Delta: We should add Papa
2024-10-14 16:49:20.865006 Alpha: No
2024-10-14 16:49:20.865317 Tango: No
2024-10-14 16:49:20.866050 India: No
2024-10-14 16:49:20.866330 Sierra: No
2024-10-14 16:49:20.866644 Oscar: No
ChatterBot Delta reevaluating
ChatterBot Delta reevaluating
ChatterBot Delta reevaluating
ChatterBot India reevaluating
ChatterBot Delta reevaluating
ChatterBot India reevaluating
ChatterBot Delta reevaluating
2024-10-14 16:49:20.972425 Alpha: Delta, sending you 1
2024-10-14 16:49:20.974361 Papa: X-ray, sending you 1
2024-10-14 16:49:20.979880 Alpha: Tango and Oscar, sending you 2
2024-10-14 16:49:20.981204 Papa: Yankee, sending you 4
2024-10-14 16:49:20.981526 Yankee: Same as last round
2024-10-14 16:49:20.985306 Tango: Sending you each 2
2024-10-14 16:49:20.986457 X-ray: Yankee, sending you 4
2024-10-14 16:49:20.987487 Oscar: Alpha, Tango, India and Sierra, sending you 2
2024-10-14 16:49:20.988129 Alpha: India, sending you 3
2024-10-14 16:49:20.989070 Papa: Foxtrot, sending you 3
2024-10-14 16:49:20.989372 India: Alpha, sending you 6
2024-10-14 16:49:20.989689 X-ray: Papa, sending you 2
2024-10-14 16:49:20.997867 Oscar: Delta, sending you 1
2024-10-14 16:49:20.999216 India: Delta, sending you 3
2024-10-14 16:49:20.999721 X-ray: Foxtrot, sending you 3
chatterbot Alpha submitting transactions
2024-10-14 16:49:21.000720 Foxtrot: Sending you each 3
2024-10-14 16:49:21.001156 Sierra: Alpha, sending you 1
2024-10-14 16:49:21.006010 India: Oscar and Sierra, sending you 5
2024-10-14 16:49:21.007264 Sierra: Delta, Tango, Oscar and India, sending you 2
chatterbot Yankee submitting transactions
chatterbot Papa submitting transactions
chatterbot Delta submitting transactions
chatterbot Sierra submitting transactions
chatterbot Oscar submitting transactions
chatterbot India submitting transactions
chatterbot X-ray submitting transactions
chatterbot Tango submitting transactions
chatterbot Foxtrot submitting transactions
ChatterBot X-ray round 7
ChatterBot Alpha round 7
ChatterBot Yankee round 7
ChatterBot Papa round 7
ChatterBot Delta round 7
ChatterBot Tango round 7
ChatterBot Oscar round 7
ChatterBot India round 7
ChatterBot Foxtrot round 7
ChatterBot Sierra round 7
2024-10-14 16:49:22.233706 Yankee: Same as last round
2024-10-14 16:49:22.237713 Alpha: Delta, sending you 1
2024-10-14 16:49:22.239847 Tango: Same as last round
2024-10-14 16:49:22.241661 Papa: X-ray, sending you 2
2024-10-14 16:49:22.242196 Oscar: Alpha, Tango, India and Sierra, sending you 2
2024-10-14 16:49:22.243964 India: Alpha, Oscar and Sierra, sending you 5
2024-10-14 16:49:22.245020 Alpha: Tango and Oscar, sending you 2
2024-10-14 16:49:22.246691 Papa: Yankee and Foxtrot, sending you 3
2024-10-14 16:49:22.247473 Oscar: Delta, sending you 1
2024-10-14 16:49:22.248690 Sierra: Delta, Tango and Oscar, sending you 2
2024-10-14 16:49:22.249401 India: Delta, sending you 4
2024-10-14 16:49:22.250436 Alpha: India, sending you 3
2024-10-14 16:49:22.251581 Foxtrot: Same as last round
2024-10-14 16:49:22.252085 X-ray: Yankee, sending you 4
2024-10-14 16:49:22.252587 Sierra: India, sending you 3
2024-10-14 16:49:22.255089 X-ray: Papa, sending you 2
2024-10-14 16:49:22.259696 X-ray: Foxtrot, sending you 3
chatterbot Yankee submitting transactions
chatterbot Foxtrot submitting transactions
chatterbot Papa submitting transactions
chatterbot Tango submitting transactions
chatterbot X-ray submitting transactions
chatterbot Delta submitting transactions
chatterbot India submitting transactions
chatterbot Oscar submitting transactions
chatterbot Sierra submitting transactions
chatterbot Alpha submitting transactions
ChatterBot X-ray round 8
ChatterBot Alpha round 8
ChatterBot Yankee round 8
ChatterBot Papa round 8
ChatterBot Delta round 8
ChatterBot Tango round 8
ChatterBot Oscar round 8
ChatterBot India round 8
ChatterBot Foxtrot round 8
ChatterBot Sierra round 8
2024-10-14 16:49:23.476109 Delta: We should add Papa
ChatterBot India reevaluating
2024-10-14 16:49:23.505025 Alpha: No
2024-10-14 16:49:23.506349 Tango: No
2024-10-14 16:49:23.506698 India: No
2024-10-14 16:49:23.507 Sierra: No
2024-10-14 16:49:23.507317 Oscar: No
ChatterBot India reevaluating
ChatterBot Delta reevaluating
ChatterBot India reevaluating
ChatterBot Delta reevaluating
ChatterBot Delta reevaluating
ChatterBot India reevaluating
ChatterBot Delta reevaluating
ChatterBot India reevaluating
ChatterBot Delta reevaluating
2024-10-14 16:49:23.668717 Papa: X-ray, sending you 2
2024-10-14 16:49:23.673896 Papa: Yankee and Foxtrot, sending you 3
2024-10-14 16:49:23.675519 Sierra: Delta, Tango and Oscar, sending you 2
2024-10-14 16:49:23.677250 X-ray: Yankee, sending you 4
2024-10-14 16:49:23.679888 Alpha: Delta, sending you 1
2024-10-14 16:49:23.687352 Yankee: Same as last round
2024-10-14 16:49:23.688453 Sierra: India, sending you 3
2024-10-14 16:49:23.689362 X-ray: Papa, sending you 2
2024-10-14 16:49:23.690516 Alpha: Tango and Oscar, sending you 2
2024-10-14 16:49:23.692024 India: Alpha, Oscar and Sierra, sending you 5
2024-10-14 16:49:23.695796 Tango: Same as last round
2024-10-14 16:49:23.697188 Oscar: Alpha, Tango, India and Sierra, sending you 2
2024-10-14 16:49:23.698884 X-ray: Foxtrot, sending you 3
2024-10-14 16:49:23.699650 Foxtrot: Same as last round
2024-10-14 16:49:23.700868 Alpha: India, sending you 3
2024-10-14 16:49:23.703163 India: Delta, sending you 4
2024-10-14 16:49:23.704470 Oscar: Delta, sending you 1
chatterbot Alpha submitting transactions
chatterbot India submitting transactions
chatterbot X-ray submitting transactions
chatterbot Oscar submitting transactions
chatterbot Papa submitting transactions
chatterbot Sierra submitting transactions
chatterbot Delta submitting transactions
chatterbot Tango submitting transactions
chatterbot Yankee submitting transactions
chatterbot Foxtrot submitting transactions
ChatterBot X-ray round 9
ChatterBot Alpha round 9
ChatterBot Yankee round 9
ChatterBot Papa round 9
ChatterBot Delta round 9
ChatterBot Tango round 9
ChatterBot Oscar round 9
ChatterBot India round 9
ChatterBot Foxtrot round 9
ChatterBot Sierra round 9
2024-10-14 16:49:25.023035 Alpha: Delta, sending you 1
2024-10-14 16:49:25.024068 Papa: X-ray, sending you 2
2024-10-14 16:49:25.026897 Sierra: Delta, Tango and Oscar, sending you 2
2024-10-14 16:49:25.027639 Oscar: Alpha, Tango, India and Sierra, sending you 2
2024-10-14 16:49:25.028683 Alpha: Tango and Oscar, sending you 2
2024-10-14 16:49:25.029537 Papa: Yankee and Foxtrot, sending you 3
2024-10-14 16:49:25.031901 X-ray: Yankee, sending you 4
2024-10-14 16:49:25.032669 Sierra: India, sending you 3
2024-10-14 16:49:25.033953 Oscar: Delta, sending you 1
2024-10-14 16:49:25.034579 India: Alpha, Oscar and Sierra, sending you 5
2024-10-14 16:49:25.034947 Alpha: India, sending you 3
2024-10-14 16:49:25.035885 Yankee: Same as last round
2024-10-14 16:49:25.036197 Tango: Alpha, Delta and Oscar, sending you 2
2024-10-14 16:49:25.037076 Foxtrot: Same as last round
2024-10-14 16:49:25.037363 X-ray: Papa, sending you 2
2024-10-14 16:49:25.039676 India: Delta, sending you 4
2024-10-14 16:49:25.040661 Tango: India, sending you 1
2024-10-14 16:49:25.041827 X-ray: Foxtrot, sending you 3
2024-10-14 16:49:25.045703 Tango: Sierra, sending you 3
chatterbot Oscar submitting transactions
chatterbot Sierra submitting transactions
chatterbot X-ray submitting transactions
chatterbot India submitting transactions
chatterbot Papa submitting transactions
chatterbot Foxtrot submitting transactions
chatterbot Yankee submitting transactions
chatterbot Delta submitting transactions
chatterbot Alpha submitting transactions
chatterbot Tango submitting transactions
ChatterBot X-ray round 10
ChatterBot Alpha round 10
ChatterBot Yankee round 10
ChatterBot Papa round 10
ChatterBot Delta round 10
ChatterBot Tango round 10
ChatterBot Oscar round 10
ChatterBot India round 10
ChatterBot Foxtrot round 10
ChatterBot Sierra round 10
2024-10-14 16:49:26.268346 X-ray: We should add Alpha
2024-10-14 16:49:26.278365 Yankee: No
2024-10-14 16:49:26.278565 Papa: No
2024-10-14 16:49:26.278746 Foxtrot: No
ChatterBot X-ray reevaluating
ChatterBot X-ray reevaluating
ChatterBot X-ray reevaluating
2024-10-14 16:49:26.348675 Tango: Alpha, Delta and Oscar, sending you 2
2024-10-14 16:49:26.354694 Tango: India, sending you 1
2024-10-14 16:49:26.356075 Papa: X-ray, sending you 2
2024-10-14 16:49:26.357715 India: Alpha, Oscar and Sierra, sending you 5
2024-10-14 16:49:26.358691 Oscar: Alpha, Tango, India and Sierra, sending you 2
2024-10-14 16:49:26.360215 Tango: Sierra, sending you 3
2024-10-14 16:49:26.362094 India: Delta, sending you 4
2024-10-14 16:49:26.362593 Papa: Yankee and Foxtrot, sending you 3
2024-10-14 16:49:26.363679 Alpha: Delta, sending you 1
2024-10-14 16:49:26.365225 X-ray: Yankee, sending you 4
2024-10-14 16:49:26.365783 Oscar: Delta, sending you 1
2024-10-14 16:49:26.367162 Foxtrot: Same as last round
2024-10-14 16:49:26.368923 X-ray: Papa, sending you 2
2024-10-14 16:49:26.369517 Sierra: Delta, Tango and Oscar, sending you 2
2024-10-14 16:49:26.370998 Alpha: Tango and Oscar, sending you 2
2024-10-14 16:49:26.371992 Yankee: Same as last round
2024-10-14 16:49:26.372938 X-ray: Foxtrot, sending you 3
2024-10-14 16:49:26.373694 Sierra: India, sending you 3
2024-10-14 16:49:26.376663 Alpha: India, sending you 3
chatterbot India submitting transactions
chatterbot Alpha submitting transactions
chatterbot Sierra submitting transactions
chatterbot Yankee submitting transactions
chatterbot Foxtrot submitting transactions
chatterbot Delta submitting transactions
chatterbot X-ray submitting transactions
chatterbot Tango submitting transactions
chatterbot Oscar submitting transactions
chatterbot Papa submitting transactions
ChatterBot X-ray round 11
ChatterBot Alpha round 11
ChatterBot Yankee round 11
ChatterBot Papa round 11
ChatterBot Delta round 11
ChatterBot Tango round 11
ChatterBot Oscar round 11
ChatterBot India round 11
ChatterBot Foxtrot round 11
ChatterBot Sierra round 11
2024-10-14 16:49:27.729667 Delta: We should add Foxtrot
2024-10-14 16:49:27.743625 Alpha: No
2024-10-14 16:49:27.743807 Tango: No
2024-10-14 16:49:27.743939 India: No
2024-10-14 16:49:27.744069 Sierra: No
2024-10-14 16:49:27.744243 Oscar: No
ChatterBot Delta reevaluating
ChatterBot Delta reevaluating
ChatterBot Tango reevaluating
ChatterBot Delta reevaluating
ChatterBot Tango reevaluating
ChatterBot Delta reevaluating
ChatterBot Tango reevaluating
ChatterBot India reevaluating
ChatterBot Delta reevaluating
2024-10-14 16:49:27.805407 India: We should replace Oscar with Tango
ChatterBot Delta reevaluating
2024-10-14 16:49:27.812168 Alpha: No
2024-10-14 16:49:27.812307 Delta: No
2024-10-14 16:49:27.812414 Sierra: No
ChatterBot India reevaluating
ChatterBot Delta reevaluating
ChatterBot India reevaluating
ChatterBot India reevaluating
ChatterBot Delta reevaluating
2024-10-14 16:49:27.847875 Delta: We should drop Oscar
ChatterBot Tango reevaluating
2024-10-14 16:49:27.857507 Alpha: No
2024-10-14 16:49:27.858046 Tango: No
2024-10-14 16:49:27.858203 India: No
2024-10-14 16:49:27.858317 Sierra: No
ChatterBot Delta reevaluating
ChatterBot Tango reevaluating
ChatterBot India reevaluating
ChatterBot Delta reevaluating
ChatterBot India reevaluating
ChatterBot Delta reevaluating
ChatterBot Tango reevaluating
ChatterBot Delta reevaluating
ChatterBot Tango reevaluating
ChatterBot India reevaluating
2024-10-14 16:49:27.897688 Foxtrot: Same as last round
2024-10-14 16:49:27.898920 Alpha: Delta, sending you 1
2024-10-14 16:49:27.899819 Papa: X-ray, sending you 2
2024-10-14 16:49:27.900216 Yankee: Same as last round
2024-10-14 16:49:27.900595 X-ray: Yankee, sending you 4
2024-10-14 16:49:27.900993 Sierra: Delta, Tango and Oscar, sending you 2
2024-10-14 16:49:27.902857 India: We should replace Delta with Tango
2024-10-14 16:49:27.908804 Alpha: No
2024-10-14 16:49:27.908941 Oscar: No
2024-10-14 16:49:27.909043 Sierra: No
ChatterBot India reevaluating
ChatterBot India reevaluating
ChatterBot India reevaluating
2024-10-14 16:49:27.929559 X-ray: Papa, sending you 2
2024-10-14 16:49:27.930041 Alpha: Tango and Oscar, sending you 2
2024-10-14 16:49:27.931238 Papa: Yankee and Foxtrot, sending you 3
2024-10-14 16:49:27.931635 Sierra: India, sending you 3
2024-10-14 16:49:27.932662 India: Tango we want you to join our group
2024-10-14 16:49:27.935284 Tango: Yes
ChatterBot India reevaluating
2024-10-14 16:49:27.943375 X-ray: Foxtrot, sending you 3
2024-10-14 16:49:27.943780 Oscar: Alpha, Tango, India and Sierra, sending you 2
2024-10-14 16:49:27.945216 Alpha: India, sending you 3
2024-10-14 16:49:27.945881 Tango: Alpha, Delta and Oscar, sending you 2
2024-10-14 16:49:27.948691 Oscar: Delta, sending you 1
2024-10-14 16:49:27.949879 Tango: India, sending you 1
2024-10-14 16:49:27.956020 Tango: Sierra, sending you 3
2024-10-14 16:49:27.969679 India: Alpha, Oscar and Sierra, sending you 5
2024-10-14 16:49:27.973696 India: Tango, sending you 4
chatterbot Papa submitting transactions
chatterbot Alpha submitting transactions
chatterbot Oscar submitting transactions
chatterbot Delta submitting transactions
chatterbot India submitting transactions
chatterbot Tango submitting transactions
chatterbot Yankee submitting transactions
chatterbot Foxtrot submitting transactions
chatterbot Sierra submitting transactions
chatterbot X-ray submitting transactions
ChatterBot X-ray round 12
ChatterBot Alpha round 12
ChatterBot Yankee round 12
ChatterBot Papa round 12
ChatterBot Delta round 12
ChatterBot Tango round 12
ChatterBot Oscar round 12
ChatterBot India round 12
ChatterBot Foxtrot round 12
ChatterBot Sierra round 12
2024-10-14 16:49:29.072567 Alpha: Delta, sending you 1
2024-10-14 16:49:29.073481 Papa: X-ray, sending you 2
2024-10-14 16:49:29.166068 Alpha: Tango and Oscar, sending you 2
2024-10-14 16:49:29.167929 Tango: Alpha, Delta and Oscar, sending you 2
2024-10-14 16:49:29.169548 X-ray: Yankee, sending you 4
2024-10-14 16:49:29.170482 Papa: Yankee and Foxtrot, sending you 3
2024-10-14 16:49:29.170965 Sierra: Delta, Tango and Oscar, sending you 2
2024-10-14 16:49:29.172606 Yankee: Same as last round
2024-10-14 16:49:29.173570 Alpha: India, sending you 3
2024-10-14 16:49:29.174270 Tango: India, sending you 1
2024-10-14 16:49:29.175913 X-ray: Papa, sending you 2
2024-10-14 16:49:29.176796 Sierra: India, sending you 3
2024-10-14 16:49:29.178451 Foxtrot: Same as last round
2024-10-14 16:49:29.178960 Oscar: Alpha, Tango, India and Sierra, sending you 2
2024-10-14 16:49:29.180123 India: Alpha, Oscar and Sierra, sending you 5
2024-10-14 16:49:29.180722 Tango: Sierra, sending you 3
2024-10-14 16:49:29.181895 X-ray: Foxtrot, sending you 3
2024-10-14 16:49:29.229034 Oscar: Delta, sending you 1
2024-10-14 16:49:29.231334 India: Tango, sending you 4
chatterbot Papa submitting transactions
chatterbot Tango submitting transactions
chatterbot Yankee submitting transactions
chatterbot Oscar submitting transactions
chatterbot X-ray submitting transactions
chatterbot India submitting transactions
chatterbot Sierra submitting transactions
chatterbot Delta submitting transactions
chatterbot Foxtrot submitting transactions
chatterbot Alpha submitting transactions
ChatterBot X-ray round 13
ChatterBot Alpha round 13
ChatterBot Yankee round 13
ChatterBot Papa round 13
ChatterBot Delta round 13
ChatterBot Tango round 13
ChatterBot Oscar round 13
ChatterBot India round 13
ChatterBot Foxtrot round 13
ChatterBot Sierra round 13
2024-10-14 16:49:30.308443 Tango: We should drop Alpha
ChatterBot Delta reevaluating
2024-10-14 16:49:30.322777 Delta: No
2024-10-14 16:49:30.323002 Oscar: No
2024-10-14 16:49:30.323190 India: No
2024-10-14 16:49:30.323315 Sierra: No
ChatterBot Tango reevaluating
ChatterBot Tango reevaluating
ChatterBot Delta reevaluating
ChatterBot Tango reevaluating
ChatterBot Delta reevaluating
ChatterBot Tango reevaluating
ChatterBot Delta reevaluating
2024-10-14 16:49:30.412020 Alpha: Delta, sending you 1
2024-10-14 16:49:30.413665 Yankee: Same as last round
2024-10-14 16:49:30.467282 Alpha: Tango and Oscar, sending you 2
2024-10-14 16:49:30.470191 Papa: X-ray, sending you 2
2024-10-14 16:49:30.471506 Oscar: Alpha, Tango, India and Sierra, sending you 2
2024-10-14 16:49:30.474578 India: Alpha, Oscar and Sierra, sending you 5
2024-10-14 16:49:30.476164 Foxtrot: Same as last round
2024-10-14 16:49:30.477582 X-ray: Yankee, sending you 4
2024-10-14 16:49:30.479022 Sierra: Delta, Tango and Oscar, sending you 2
2024-10-14 16:49:30.481846 Alpha: India, sending you 3
2024-10-14 16:49:30.483744 Papa: Yankee and Foxtrot, sending you 3
2024-10-14 16:49:30.484307 Oscar: Delta, sending you 1
2024-10-14 16:49:30.487017 India: Tango, sending you 4
2024-10-14 16:49:30.488189 X-ray: Papa, sending you 2
2024-10-14 16:49:30.488863 Sierra: India, sending you 3
2024-10-14 16:49:30.490562 Tango: Sending you each 2
2024-10-14 16:49:30.546833 X-ray: Foxtrot, sending you 3
chatterbot Papa submitting transactions
chatterbot X-ray submitting transactions
chatterbot Foxtrot submitting transactions
chatterbot Oscar submitting transactions
chatterbot Alpha submitting transactions
chatterbot Yankee submitting transactions
chatterbot Sierra submitting transactions
chatterbot Delta submitting transactions
chatterbot India submitting transactions
chatterbot Tango submitting transactions
ChatterBot X-ray round 14
ChatterBot Alpha round 14
ChatterBot Yankee round 14
ChatterBot Papa round 14
ChatterBot Delta round 14
ChatterBot Tango round 14
ChatterBot Oscar round 14
ChatterBot India round 14
ChatterBot Foxtrot round 14
ChatterBot Sierra round 14
2024-10-14 16:49:31.675109 X-ray: We should add Delta
2024-10-14 16:49:31.685366 Yankee: No
2024-10-14 16:49:31.685638 Papa: No
2024-10-14 16:49:31.685810 Foxtrot: No
ChatterBot X-ray reevaluating
ChatterBot X-ray reevaluating
