ChatterBot Charlie round 1
ChatterBot Mike round 1
ChatterBot Alpha round 1
ChatterBot Juliett round 1
ChatterBot Echo round 1
ChatterBot Bravo round 1
ChatterBot Papa round 1
ChatterBot November round 1
ChatterBot Foxtrot round 1
ChatterBot India round 1
randomSelections Papa: {Papa, Mike, Charlie, Juliett, November} 
2024-10-14 16:49:09.673610 Papa: Group up?
ChatterBot Mike reevaluating
ChatterBot Charlie reevaluating
ChatterBot Juliett reevaluating
ChatterBot November reevaluating
2024-10-14 16:49:09.686005 Mike: Yes
2024-10-14 16:49:09.686156 Charlie: Yes
2024-10-14 16:49:09.686270 Juliett: Yes
2024-10-14 16:49:09.686375 November: Yes
ChatterBot Charlie reevaluating
ChatterBot Juliett reevaluating
ChatterBot November reevaluating
ChatterBot Mike reevaluating
ChatterBot Juliett reevaluating
ChatterBot November reevaluating
ChatterBot Mike reevaluating
ChatterBot Charlie reevaluating
ChatterBot November reevaluating
ChatterBot Mike reevaluating
ChatterBot Charlie reevaluating
ChatterBot Juliett reevaluating
randomSelections India: {India, November, Juliett, Papa, Bravo} 
2024-10-14 16:49:09.726711 India: We would work well together
ChatterBot November reevaluating
ChatterBot Juliett reevaluating
ChatterBot Bravo reevaluating
2024-10-14 16:49:09.736561 November: No
2024-10-14 16:49:09.736754 Juliett: No
2024-10-14 16:49:09.736925 Papa: No
2024-10-14 16:49:09.737068 Bravo: Yes
ChatterBot Juliett reevaluating
ChatterBot Bravo reevaluating
ChatterBot November reevaluating
ChatterBot Bravo reevaluating
ChatterBot November reevaluating
ChatterBot Juliett reevaluating
ChatterBot Bravo reevaluating
ChatterBot November reevaluating
ChatterBot Juliett reevaluating
randomSelections Alpha: {Alpha, Mike, Juliett, Echo, India, Papa} 
2024-10-14 16:49:09.771985 Alpha: We would work well together
ChatterBot Mike reevaluating
ChatterBot Juliett reevaluating
ChatterBot Echo reevaluating
2024-10-14 16:49:09.779051 Mike: No
2024-10-14 16:49:09.779180 Juliett: No
2024-10-14 16:49:09.779296 Echo: Yes
2024-10-14 16:49:09.779891 India: No
2024-10-14 16:49:09.780017 Papa: No
ChatterBot Juliett reevaluating
ChatterBot Echo reevaluating
ChatterBot Mike reevaluating
ChatterBot Echo reevaluating
ChatterBot Mike reevaluating
ChatterBot Juliett reevaluating
ChatterBot Mike reevaluating
ChatterBot Juliett reevaluating
ChatterBot Echo reevaluating
ChatterBot Mike reevaluating
ChatterBot Juliett reevaluating
ChatterBot Echo reevaluating
randomSelections Foxtrot: {Foxtrot, Charlie, Bravo, November, Mike, Juliett} 
2024-10-14 16:49:09.845789 Foxtrot: We should group up
ChatterBot Charlie reevaluating
ChatterBot Bravo reevaluating
ChatterBot November reevaluating
ChatterBot Mike reevaluating
ChatterBot Juliett reevaluating
2024-10-14 16:49:09.858390 Charlie: No
2024-10-14 16:49:09.858698 Bravo: No
2024-10-14 16:49:09.859664 November: No
2024-10-14 16:49:09.859866 Mike: No
2024-10-14 16:49:09.860022 Juliett: No
ChatterBot Bravo reevaluating
ChatterBot November reevaluating
ChatterBot Mike reevaluating
ChatterBot Juliett reevaluating
ChatterBot Charlie reevaluating
ChatterBot November reevaluating
ChatterBot Mike reevaluating
ChatterBot Juliett reevaluating
ChatterBot Charlie reevaluating
ChatterBot Bravo reevaluating
ChatterBot Mike reevaluating
ChatterBot Juliett reevaluating
ChatterBot Charlie reevaluating
ChatterBot Bravo reevaluating
ChatterBot November reevaluating
ChatterBot Juliett reevaluating
ChatterBot Charlie reevaluating
ChatterBot Bravo reevaluating
ChatterBot November reevaluating
ChatterBot Mike reevaluating
2024-10-14 16:49:09.944974 Alpha: Mike and Papa, sending you 1
2024-10-14 16:49:09.945422 Papa: Charlie, sending you 2
2024-10-14 16:49:09.950727 Foxtrot: Charlie, sending you 6
2024-10-14 16:49:09.951165 Alpha: Juliett, sending you 3
2024-10-14 16:49:09.951503 Juliett: Charlie and Mike, sending you 1
2024-10-14 16:49:09.951846 Echo: Alpha, Papa and India, sending you 2
2024-10-14 16:49:09.954091 Papa: Mike, sending you 3
2024-10-14 16:49:09.954399 India: Juliett and Bravo, sending you 2
2024-10-14 16:49:09.954759 Bravo: Juliett, sending you 1
2024-10-14 16:49:09.955121 Mike: Charlie, sending you 1
2024-10-14 16:49:09.957376 Juliett: Papa, sending you 4
2024-10-14 16:49:09.957715 Foxtrot: Mike, sending you 3
2024-10-14 16:49:09.958039 Alpha: Echo and India, sending you 2
2024-10-14 16:49:09.958472 Papa: November, sending you 4
2024-10-14 16:49:09.962220 India: Papa, sending you 1
2024-10-14 16:49:09.962698 November: Mike, sending you 2
2024-10-14 16:49:09.963062 Mike: Juliett, sending you 3
2024-10-14 16:49:09.963376 Foxtrot: Juliett and Bravo, sending you 1
2024-10-14 16:49:09.965342 Juliett: November, sending you 3
2024-10-14 16:49:09.965693 Charlie: Mike, sending you 3
2024-10-14 16:49:09.966117 November: Juliett, sending you 1
2024-10-14 16:49:09.968683 Mike: Papa and November, sending you 2
2024-10-14 16:49:09.969092 India: November, sending you 4
2024-10-14 16:49:09.972094 Foxtrot: November, sending you 4
2024-10-14 16:49:09.972603 Charlie: Juliett, Papa and November, sending you 2
chatterbot India submitting transactions
chatterbot Foxtrot submitting transactions
chatterbot Mike submitting transactions
chatterbot Echo submitting transactions
chatterbot Papa submitting transactions
chatterbot Charlie submitting transactions
chatterbot Bravo submitting transactions
chatterbot November submitting transactions
chatterbot Alpha submitting transactions
chatterbot Juliett submitting transactions
ChatterBot Charlie round 2
ChatterBot Mike round 2
ChatterBot Alpha round 2
ChatterBot Juliett round 2
ChatterBot Echo round 2
ChatterBot Bravo round 2
ChatterBot Papa round 2
ChatterBot November round 2
ChatterBot Foxtrot round 2
ChatterBot India round 2
2024-10-14 16:49:11.352676 Alpha: Let's form a team
ChatterBot Echo reevaluating
ChatterBot Foxtrot reevaluating
2024-10-14 16:49:11.366600 Echo: No
2024-10-14 16:49:11.366901 Foxtrot: No
ChatterBot Foxtrot reevaluating
ChatterBot Echo reevaluating
2024-10-14 16:49:11.422100 Papa: We should add Foxtrot
ChatterBot Mike reevaluating
ChatterBot Charlie reevaluating
ChatterBot Juliett reevaluating
ChatterBot November reevaluating
2024-10-14 16:49:11.487611 Mike: Yes
2024-10-14 16:49:11.488063 Charlie: Yes
2024-10-14 16:49:11.488736 Juliett: Yes
2024-10-14 16:49:11.489015 November: Yes
ChatterBot Papa reevaluating
ChatterBot Charlie reevaluating
ChatterBot Juliett reevaluating
ChatterBot November reevaluating
ChatterBot Papa reevaluating
ChatterBot Mike reevaluating
ChatterBot Juliett reevaluating
ChatterBot November reevaluating
ChatterBot Papa reevaluating
ChatterBot Mike reevaluating
ChatterBot Charlie reevaluating
ChatterBot November reevaluating
ChatterBot Papa reevaluating
ChatterBot Mike reevaluating
ChatterBot Charlie reevaluating
ChatterBot Juliett reevaluating
2024-10-14 16:49:11.610306 November: We should add Foxtrot and India
ChatterBot Papa reevaluating
ChatterBot Mike reevaluating
ChatterBot Charlie reevaluating
ChatterBot Juliett reevaluating
2024-10-14 16:49:11.638495 Papa: No
2024-10-14 16:49:11.639023 Mike: No
2024-10-14 16:49:11.639217 Charlie: No
2024-10-14 16:49:11.639389 Juliett: No
ChatterBot Mike reevaluating
ChatterBot Charlie reevaluating
ChatterBot Juliett reevaluating
ChatterBot November reevaluating
ChatterBot Papa reevaluating
ChatterBot Charlie reevaluating
ChatterBot Juliett reevaluating
ChatterBot November reevaluating
ChatterBot Papa reevaluating
ChatterBot Mike reevaluating
ChatterBot Juliett reevaluating
ChatterBot November reevaluating
ChatterBot Papa reevaluating
ChatterBot Mike reevaluating
ChatterBot Charlie reevaluating
ChatterBot November reevaluating
2024-10-14 16:49:11.752321 India: Group up?
ChatterBot Echo reevaluating
2024-10-14 16:49:11.761184 Alpha: No
2024-10-14 16:49:11.761314 Echo: Yes
ChatterBot Echo reevaluating
ChatterBot Alpha reevaluating
2024-10-14 16:49:11.776988 Echo: We would work well together
ChatterBot Alpha reevaluating
2024-10-14 16:49:11.785341 India: Yes
2024-10-14 16:49:11.785467 Alpha: No
ChatterBot Alpha reevaluating
ChatterBot Echo reevaluating
ChatterBot Echo reevaluating
2024-10-14 16:49:11.818698 Bravo: We should group up
2024-10-14 16:49:11.822326 India: No
ChatterBot Bravo reevaluating
2024-10-14 16:49:11.831207 Foxtrot: We should replace Bravo with Papa
ChatterBot Charlie reevaluating
ChatterBot Mike reevaluating
ChatterBot Juliett reevaluating
ChatterBot November reevaluating
2024-10-14 16:49:11.848968 Charlie: Yes
2024-10-14 16:49:11.849113 Mike: Yes
2024-10-14 16:49:11.849211 Juliett: Yes
2024-10-14 16:49:11.849643 November: Yes
ChatterBot Foxtrot reevaluating
ChatterBot Mike reevaluating
ChatterBot Juliett reevaluating
ChatterBot November reevaluating
ChatterBot Foxtrot reevaluating
ChatterBot Charlie reevaluating
ChatterBot Juliett reevaluating
ChatterBot November reevaluating
ChatterBot Foxtrot reevaluating
ChatterBot Charlie reevaluating
ChatterBot Mike reevaluating
ChatterBot November reevaluating
ChatterBot Foxtrot reevaluating
ChatterBot Charlie reevaluating
ChatterBot Mike reevaluating
ChatterBot Juliett reevaluating
2024-10-14 16:49:11.918676 Papa: We should replace Juliett with Foxtrot
ChatterBot Charlie reevaluating
ChatterBot Mike reevaluating
ChatterBot November reevaluating
2024-10-14 16:49:11.932103 Charlie: No
2024-10-14 16:49:11.932269 Mike: Yes
2024-10-14 16:49:11.932409 November: No
ChatterBot Papa reevaluating
ChatterBot Mike reevaluating
ChatterBot November reevaluating
ChatterBot Papa reevaluating
ChatterBot Charlie reevaluating
ChatterBot November reevaluating
ChatterBot Papa reevaluating
ChatterBot Charlie reevaluating
ChatterBot Mike reevaluating
2024-10-14 16:49:12.270254 Mike: Foxtrot we want you to join our group
2024-10-14 16:49:12.274303 Foxtrot: Yes
ChatterBot Mike reevaluating
ChatterBot Papa reevaluating
2024-10-14 16:49:12.289880 Papa: We should replace November with Foxtrot
ChatterBot Mike reevaluating
2024-10-14 16:49:12.301765 Mike: Yes
2024-10-14 16:49:12.301890 Charlie: No
2024-10-14 16:49:12.301998 Juliett: No
ChatterBot Papa reevaluating
ChatterBot Mike reevaluating
ChatterBot Papa reevaluating
ChatterBot Mike reevaluating
ChatterBot Papa reevaluating
2024-10-14 16:49:12.337173 Foxtrot: Papa we want you to join our group
ChatterBot Papa reevaluating
2024-10-14 16:49:12.341526 Papa: No
ChatterBot Mike reevaluating
2024-10-14 16:49:12.360783 Charlie: Foxtrot we want you to join our group
2024-10-14 16:49:12.364783 Foxtrot: Yes
ChatterBot Mike reevaluating
ChatterBot Papa reevaluating
2024-10-14 16:49:12.383959 Papa: We would work well together
2024-10-14 16:49:12.391119 Alpha: No
2024-10-14 16:49:12.391298 Echo: No
ChatterBot Papa reevaluating
ChatterBot Papa reevaluating
2024-10-14 16:49:12.407181 November: Foxtrot and India we want you to join our group
2024-10-14 16:49:12.414510 Foxtrot: No
2024-10-14 16:49:12.414653 India: No
ChatterBot Mike reevaluating
ChatterBot Papa reevaluating
ChatterBot Mike reevaluating
ChatterBot Papa reevaluating
2024-10-14 16:49:12.459734 Juliett: Foxtrot we want you to join our group
2024-10-14 16:49:12.463512 Foxtrot: Yes
ChatterBot Mike reevaluating
ChatterBot Papa reevaluating
2024-10-14 16:49:12.642109 Echo: Alpha, sending you 5
2024-10-14 16:49:12.643107 India: Alpha, sending you 5
2024-10-14 16:49:12.643390 Alpha: Echo, sending you 7
2024-10-14 16:49:12.643856 Bravo: Sending you 8
2024-10-14 16:49:12.645052 Papa: Foxtrot we want you to join our group
2024-10-14 16:49:12.649321 Foxtrot: Yes
ChatterBot Mike reevaluating
ChatterBot Papa reevaluating
2024-10-14 16:49:12.669020 India: Echo, sending you 4
2024-10-14 16:49:12.670149 Echo: India, sending you 1
2024-10-14 16:49:12.670433 Alpha: Foxtrot, sending you 2
2024-10-14 16:49:12.769189 Charlie: Mike, Juliett and November, sending you 1
2024-10-14 16:49:12.769526 November: Papa, Foxtrot and India, sending you 1
2024-10-14 16:49:12.769785 Foxtrot: Charlie, Mike, Juliett and Papa, sending you 4
2024-10-14 16:49:12.770701 Juliett: Charlie, sending you 2
chatterbot Juliett submitting transactions
2024-10-14 16:49:12.790888 Charlie: Papa, sending you 2
2024-10-14 16:49:12.791280 Foxtrot: November, sending you 2
2024-10-14 16:49:12.792047 Juliett: Mike, sending you 4
2024-10-14 16:49:12.798941 Juliett: Papa, November and Foxtrot, sending you 1
2024-10-14 16:49:12.799272 Charlie: Foxtrot, sending you 4
2024-10-14 16:49:12.799565 Papa: Charlie, Mike and November, sending you 2
2024-10-14 16:49:12.807179 Papa: Juliett, sending you 3
2024-10-14 16:49:12.821951 Mike: Charlie, sending you 3
chatterbot India submitting transactions
2024-10-14 16:49:12.830723 Mike: Juliett, sending you 1
2024-10-14 16:49:12.844741 Mike: Papa and Foxtrot, sending you 2
chatterbot Alpha submitting transactions
chatterbot Echo submitting transactions
chatterbot November submitting transactions
chatterbot Papa submitting transactions
chatterbot Charlie submitting transactions
chatterbot Foxtrot submitting transactions
chatterbot Bravo submitting transactions
chatterbot Mike submitting transactions
ChatterBot Charlie round 3
ChatterBot Mike round 3
ChatterBot Alpha round 3
ChatterBot Juliett round 3
ChatterBot Echo round 3
ChatterBot Bravo round 3
ChatterBot Papa round 3
ChatterBot November round 3
ChatterBot Foxtrot round 3
ChatterBot India round 3
2024-10-14 16:49:14.056065 Alpha: Friends?
ChatterBot Echo reevaluating
ChatterBot India reevaluating
ChatterBot Charlie reevaluating
2024-10-14 16:49:14.077785 Echo: No
2024-10-14 16:49:14.078542 India: No
2024-10-14 16:49:14.078731 Charlie: No
ChatterBot India reevaluating
ChatterBot Charlie reevaluating
ChatterBot Alpha reevaluating
ChatterBot Echo reevaluating
ChatterBot Charlie reevaluating
ChatterBot Alpha reevaluating
ChatterBot Echo reevaluating
ChatterBot India reevaluating
2024-10-14 16:49:14.208374 Echo: We should add Bravo
ChatterBot India reevaluating
ChatterBot Alpha reevaluating
2024-10-14 16:49:14.217173 India: No
2024-10-14 16:49:14.217883 Alpha: No
ChatterBot Alpha reevaluating
ChatterBot Echo reevaluating
ChatterBot India reevaluating
ChatterBot Echo reevaluating
2024-10-14 16:49:14.240983 Bravo: We should replace Foxtrot with India
2024-10-14 16:49:14.254524 Papa: We should replace November with Foxtrot
ChatterBot Charlie reevaluating
2024-10-14 16:49:14.267369 Mike: Yes
2024-10-14 16:49:14.267649 Charlie: No
2024-10-14 16:49:14.268404 Juliett: No
ChatterBot Charlie reevaluating
ChatterBot Charlie reevaluating
ChatterBot Papa reevaluating
2024-10-14 16:49:14.319347 Bravo: India we want you to join our group
2024-10-14 16:49:14.323361 India: No
2024-10-14 16:49:14.328028 Mike: We should drop Juliett
ChatterBot Charlie reevaluating
ChatterBot Papa reevaluating
ChatterBot Foxtrot reevaluating
2024-10-14 16:49:14.340606 Charlie: No
2024-10-14 16:49:14.340777 Papa: No
2024-10-14 16:49:14.340919 Foxtrot: No
ChatterBot Papa reevaluating
ChatterBot Foxtrot reevaluating
ChatterBot Mike reevaluating
ChatterBot Charlie reevaluating
ChatterBot Foxtrot reevaluating
ChatterBot Mike reevaluating
ChatterBot Charlie reevaluating
ChatterBot Papa reevaluating
2024-10-14 16:49:14.380627 Echo: Bravo we want you to join our group
2024-10-14 16:49:14.384425 Bravo: No
ChatterBot Echo reevaluating
ChatterBot Alpha reevaluating
2024-10-14 16:49:14.396728 November: We should drop India
ChatterBot Foxtrot reevaluating
ChatterBot Mike reevaluating
ChatterBot Papa reevaluating
2024-10-14 16:49:14.416692 Foxtrot: Yes
2024-10-14 16:49:14.417200 Charlie: Yes
2024-10-14 16:49:14.417300 Mike: Yes
2024-10-14 16:49:14.417430 Juliett: Yes
2024-10-14 16:49:14.417544 Papa: Yes
ChatterBot Charlie reevaluating
ChatterBot Mike reevaluating
ChatterBot Papa reevaluating
ChatterBot Foxtrot reevaluating
ChatterBot Mike reevaluating
ChatterBot Papa reevaluating
ChatterBot Foxtrot reevaluating
ChatterBot Charlie reevaluating
ChatterBot Papa reevaluating
ChatterBot Foxtrot reevaluating
ChatterBot Charlie reevaluating
ChatterBot Mike reevaluating
ChatterBot Papa reevaluating
ChatterBot Foxtrot reevaluating
ChatterBot Charlie reevaluating
ChatterBot Mike reevaluating
2024-10-14 16:49:14.556627 India: Alpha, sending you 4
2024-10-14 16:49:14.556974 Juliett: Charlie, Mike, Papa and Foxtrot, sending you 2
2024-10-14 16:49:14.558232 Mike: We should drop Charlie
ChatterBot Foxtrot reevaluating
2024-10-14 16:49:14.569672 Juliett: No
2024-10-14 16:49:14.569806 Papa: No
2024-10-14 16:49:14.569948 Foxtrot: No
ChatterBot Foxtrot reevaluating
ChatterBot Foxtrot reevaluating
2024-10-14 16:49:14.604602 Papa: Foxtrot we want you to join our group
ChatterBot Foxtrot reevaluating
2024-10-14 16:49:14.609243 Foxtrot: Yes
ChatterBot Charlie reevaluating
ChatterBot Papa reevaluating
2024-10-14 16:49:14.625541 Papa: Can we be friends?
ChatterBot Charlie reevaluating
ChatterBot Foxtrot reevaluating
2024-10-14 16:49:14.637374 Charlie: Yes
2024-10-14 16:49:14.637512 Juliett: Yes
2024-10-14 16:49:14.637646 Foxtrot: Yes
ChatterBot Papa reevaluating
ChatterBot Foxtrot reevaluating
ChatterBot Papa reevaluating
ChatterBot Charlie reevaluating
ChatterBot Foxtrot reevaluating
ChatterBot Papa reevaluating
ChatterBot Charlie reevaluating
2024-10-14 16:49:14.758654 India: Echo, sending you 5
2024-10-14 16:49:14.759185 Juliett: November, sending you 1
2024-10-14 16:49:14.760604 Bravo: Sending you 8
2024-10-14 16:49:14.761721 Foxtrot: We should replace November with Bravo
ChatterBot Charlie reevaluating
2024-10-14 16:49:14.784957 Mike: No
2024-10-14 16:49:14.785232 Charlie: No
2024-10-14 16:49:14.785457 Juliett: No
2024-10-14 16:49:14.786093 Papa: No
ChatterBot Charlie reevaluating
ChatterBot Foxtrot reevaluating
ChatterBot Foxtrot reevaluating
ChatterBot Charlie reevaluating
ChatterBot Foxtrot reevaluating
ChatterBot Charlie reevaluating
ChatterBot Foxtrot reevaluating
chatterbot Bravo submitting transactions
chatterbot India submitting transactions
2024-10-14 16:49:14.888470 November: Juliett, Papa and Foxtrot, sending you 1
2024-10-14 16:49:14.889190 Alpha: Echo and India, sending you 4
2024-10-14 16:49:16.086876 Echo: Alpha, sending you 4
2024-10-14 16:49:16.087861 Alpha: Papa, sending you 1
2024-10-14 16:49:16.088279 Mike: Juliett and Foxtrot, sending you 3
2024-10-14 16:49:16.089371 Foxtrot: Bravo we want you to join our group
2024-10-14 16:49:16.095263 Bravo: No
ChatterBot Foxtrot reevaluating
chatterbot Alpha submitting transactions
chatterbot Echo submitting transactions
chatterbot Juliett submitting transactions
chatterbot Mike submitting transactions
chatterbot November submitting transactions
2024-10-14 16:49:16.134819 Echo: India, sending you 2
2024-10-14 16:49:16.135227 Mike: Papa, sending you 2
2024-10-14 16:49:16.139002 Charlie: Mike, Juliett and Papa, sending you 2
2024-10-14 16:49:16.195220 Charlie: Foxtrot, sending you 3
2024-10-14 16:49:17.210704 Foxtrot: Charlie, sending you 8
chatterbot Papa submitting transactions
chatterbot Charlie submitting transactions
2024-10-14 16:49:17.222150 Foxtrot: Mike, sending you 4
2024-10-14 16:49:17.230439 Foxtrot: Juliett and November, sending you 3
chatterbot Foxtrot submitting transactions
ChatterBot Charlie round 4
ChatterBot Mike round 4
ChatterBot Alpha round 4
ChatterBot Juliett round 4
ChatterBot Echo round 4
ChatterBot Bravo round 4
ChatterBot Papa round 4
ChatterBot November round 4
ChatterBot Foxtrot round 4
ChatterBot India round 4
2024-10-14 16:49:18.095089 Alpha: We should replace Papa with Bravo
ChatterBot India reevaluating
2024-10-14 16:49:18.103460 India: Yes
2024-10-14 16:49:18.103669 Echo: Yes
ChatterBot India reevaluating
2024-10-14 16:49:18.120664 India: We should add Bravo
2024-10-14 16:49:18.128407 Alpha: Yes
2024-10-14 16:49:18.128560 Echo: Yes
ChatterBot India reevaluating
ChatterBot India reevaluating
2024-10-14 16:49:18.175277 Papa: We should replace November with Foxtrot
ChatterBot Juliett reevaluating
2024-10-14 16:49:18.187211 Mike: Yes
2024-10-14 16:49:18.187364 Charlie: Yes
2024-10-14 16:49:18.187507 Juliett: Yes
ChatterBot Charlie reevaluating
ChatterBot Juliett reevaluating
ChatterBot Juliett reevaluating
ChatterBot Charlie reevaluating
2024-10-14 16:49:18.231385 Alpha: Bravo we want you to join our group
2024-10-14 16:49:18.235377 Bravo: No
ChatterBot India reevaluating
2024-10-14 16:49:18.248495 Papa: Foxtrot we want you to join our group
2024-10-14 16:49:18.253010 Foxtrot: Yes
ChatterBot Charlie reevaluating
ChatterBot Juliett reevaluating
2024-10-14 16:49:18.271385 India: Bravo we want you to join our group
2024-10-14 16:49:18.275099 Bravo: No
2024-10-14 16:49:18.286919 Mike: Juliett and Papa, sending you 2
2024-10-14 16:49:18.287328 Echo: Alpha, sending you 3
2024-10-14 16:49:18.288243 Charlie: We should drop November
ChatterBot Juliett reevaluating
2024-10-14 16:49:18.304913 Mike: Yes
2024-10-14 16:49:18.305047 Juliett: Yes
2024-10-14 16:49:18.305173 Papa: Yes
2024-10-14 16:49:18.305290 Foxtrot: No
ChatterBot Juliett reevaluating
ChatterBot Foxtrot reevaluating
ChatterBot Charlie reevaluating
ChatterBot Foxtrot reevaluating
ChatterBot Charlie reevaluating
ChatterBot Juliett reevaluating
ChatterBot Foxtrot reevaluating
ChatterBot Charlie reevaluating
ChatterBot Juliett reevaluating
2024-10-14 16:49:18.373084 Bravo: Same as last round
2024-10-14 16:49:18.374933 November: Juliett, Papa and Foxtrot, sending you 1
2024-10-14 16:49:18.375591 Mike: Foxtrot, sending you 4
2024-10-14 16:49:18.376033 Echo: Bravo, sending you 1
2024-10-14 16:49:18.378125 Alpha: Echo and India, sending you 4
2024-10-14 16:49:18.379203 Papa: Charlie, Mike and Foxtrot, sending you 2
2024-10-14 16:49:18.383415 Echo: India, sending you 2
2024-10-14 16:49:18.383809 Alpha: Bravo, sending you 1
2024-10-14 16:49:18.678395 Papa: Juliett, sending you 3
2024-10-14 16:49:18.679472 India: Alpha, sending you 3
chatterbot Mike submitting transactions
2024-10-14 16:49:19.158642 India: Echo, sending you 2
chatterbot Foxtrot submitting transactions
chatterbot Alpha submitting transactions
chatterbot November submitting transactions
2024-10-14 16:49:19.166270 Juliett: Charlie, Papa and Foxtrot, sending you 2
2024-10-14 16:49:19.167396 India: Bravo, sending you 4
2024-10-14 16:49:19.174431 Juliett: Mike, sending you 3
chatterbot Papa submitting transactions
chatterbot Bravo submitting transactions
chatterbot Charlie submitting transactions
chatterbot India submitting transactions
chatterbot Juliett submitting transactions
chatterbot Echo submitting transactions
ChatterBot Charlie round 5
ChatterBot Mike round 5
ChatterBot Alpha round 5
ChatterBot Juliett round 5
ChatterBot Echo round 5
ChatterBot Bravo round 5
ChatterBot Papa round 5
ChatterBot November round 5
ChatterBot Foxtrot round 5
ChatterBot India round 5
2024-10-14 16:49:19.812462 Alpha: We should add November
ChatterBot Echo reevaluating
ChatterBot India reevaluating
ChatterBot Bravo reevaluating
2024-10-14 16:49:19.830292 Echo: Yes
2024-10-14 16:49:19.830942 India: No
2024-10-14 16:49:19.831131 Bravo: No
ChatterBot Alpha reevaluating
ChatterBot India reevaluating
ChatterBot Bravo reevaluating
ChatterBot Echo reevaluating
ChatterBot Alpha reevaluating
ChatterBot Bravo reevaluating
ChatterBot Echo reevaluating
ChatterBot Alpha reevaluating
ChatterBot India reevaluating
2024-10-14 16:49:19.925343 Bravo: We should add Alpha and Echo
ChatterBot India reevaluating
2024-10-14 16:49:19.931777 India: Yes
ChatterBot Bravo reevaluating
2024-10-14 16:49:19.942277 Charlie: We should drop November
ChatterBot Foxtrot reevaluating
2024-10-14 16:49:19.959691 Mike: Yes
2024-10-14 16:49:19.959868 Juliett: Yes
2024-10-14 16:49:19.960012 Papa: Yes
2024-10-14 16:49:19.960157 Foxtrot: Yes
ChatterBot Charlie reevaluating
ChatterBot Foxtrot reevaluating
ChatterBot Charlie reevaluating
ChatterBot Foxtrot reevaluating
ChatterBot Charlie reevaluating
ChatterBot Foxtrot reevaluating
ChatterBot Charlie reevaluating
ChatterBot Papa reevaluating
2024-10-14 16:49:20.119205 Alpha: We should add Charlie
ChatterBot Echo reevaluating
ChatterBot India reevaluating
ChatterBot Bravo reevaluating
2024-10-14 16:49:20.140331 Echo: No
2024-10-14 16:49:20.140644 India: No
2024-10-14 16:49:20.141345 Bravo: No
ChatterBot Alpha reevaluating
ChatterBot India reevaluating
ChatterBot Bravo reevaluating
ChatterBot Echo reevaluating
ChatterBot Alpha reevaluating
ChatterBot Bravo reevaluating
ChatterBot Echo reevaluating
ChatterBot Alpha reevaluating
ChatterBot India reevaluating
2024-10-14 16:49:20.206193 Papa: We should drop Mike
ChatterBot Charlie reevaluating
ChatterBot Foxtrot reevaluating
2024-10-14 16:49:20.225729 Charlie: No
2024-10-14 16:49:20.225965 Juliett: No
2024-10-14 16:49:20.226236 Foxtrot: No
ChatterBot Papa reevaluating
ChatterBot Foxtrot reevaluating
ChatterBot Papa reevaluating
ChatterBot Charlie reevaluating
ChatterBot Foxtrot reevaluating
ChatterBot Papa reevaluating
ChatterBot Charlie reevaluating
2024-10-14 16:49:20.289936 Bravo: Alpha and Echo we want you to join our group
ChatterBot Echo reevaluating
ChatterBot Alpha reevaluating
2024-10-14 16:49:20.303509 Echo: Yes
2024-10-14 16:49:20.303697 Alpha: Yes
ChatterBot Alpha reevaluating
ChatterBot Echo reevaluating
2024-10-14 16:49:20.341658 Alpha: We should add Papa
ChatterBot Echo reevaluating
2024-10-14 16:49:20.358943 Echo: Yes
2024-10-14 16:49:20.359568 India: No
2024-10-14 16:49:20.359743 Bravo: No
ChatterBot Alpha reevaluating
ChatterBot Echo reevaluating
ChatterBot Alpha reevaluating
ChatterBot Echo reevaluating
ChatterBot Alpha reevaluating
2024-10-14 16:49:20.404035 Mike: Juliett and Foxtrot, sending you 3
2024-10-14 16:49:20.405342 November: Juliett, Papa and Foxtrot, sending you 1
2024-10-14 16:49:20.408080 Juliett: Charlie, Mike and Foxtrot, sending you 2
2024-10-14 16:49:20.408461 Mike: Papa, sending you 2
2024-10-14 16:49:20.414584 Juliett: Papa, sending you 3
2024-10-14 16:49:20.415594 India: Alpha, sending you 3
2024-10-14 16:49:20.415952 Papa: Charlie, Mike and Foxtrot, sending you 2
2024-10-14 16:49:20.433852 Bravo: Alpha and Echo, sending you 1
2024-10-14 16:49:20.434294 Papa: Juliett, sending you 3
2024-10-14 16:49:20.435277 India: Echo, sending you 2
2024-10-14 16:49:20.455046 Bravo: India, sending you 6
2024-10-14 16:49:20.455925 India: Bravo, sending you 4
2024-10-14 16:49:20.456324 Charlie: Mike, sending you 1
2024-10-14 16:49:20.462544 Charlie: Juliett and Papa, sending you 2
2024-10-14 16:49:20.466826 Charlie: Foxtrot, sending you 4
chatterbot Juliett submitting transactions
chatterbot Foxtrot submitting transactions
chatterbot Bravo submitting transactions
chatterbot Mike submitting transactions
chatterbot November submitting transactions
chatterbot Alpha submitting transactions
chatterbot India submitting transactions
chatterbot Papa submitting transactions
chatterbot Echo submitting transactions
chatterbot Charlie submitting transactions
ChatterBot Charlie round 6
ChatterBot Mike round 6
ChatterBot Alpha round 6
ChatterBot Juliett round 6
ChatterBot Echo round 6
ChatterBot Bravo round 6
ChatterBot Papa round 6
2024-10-14 16:49:21.383004 Charlie: We should add November
ChatterBot Mike reevaluating
2024-10-14 16:49:21.401933 Mike: No
2024-10-14 16:49:21.402101 Juliett: No
2024-10-14 16:49:21.402226 Papa: No
2024-10-14 16:49:21.402333 Foxtrot: Yes
ChatterBot Charlie reevaluating
ChatterBot Papa reevaluating
ChatterBot Mike reevaluating
ChatterBot Charlie reevaluating
ChatterBot Papa reevaluating
ChatterBot Mike reevaluating
ChatterBot Charlie reevaluating
ChatterBot Mike reevaluating
ChatterBot Charlie reevaluating
ChatterBot Juliett reevaluating
ChatterBot Papa reevaluating
ChatterBot November round 6
ChatterBot Foxtrot round 6
ChatterBot India round 6
2024-10-14 16:49:21.475792 Echo: We should add November
ChatterBot Alpha reevaluating
2024-10-14 16:49:21.486583 Alpha: Yes
2024-10-14 16:49:21.487124 India: No
2024-10-14 16:49:21.487251 Bravo: No
ChatterBot Echo reevaluating
ChatterBot Echo reevaluating
ChatterBot Alpha reevaluating
ChatterBot Echo reevaluating
ChatterBot Alpha reevaluating
2024-10-14 16:49:21.524283 Mike: We should replace Juliett with Charlie
ChatterBot Papa reevaluating
2024-10-14 16:49:21.531826 Papa: No
2024-10-14 16:49:21.531967 Foxtrot: No
ChatterBot Mike reevaluating
ChatterBot Mike reevaluating
ChatterBot Papa reevaluating
2024-10-14 16:49:21.551216 Alpha: We should add Foxtrot
ChatterBot Echo reevaluating
2024-10-14 16:49:21.560722 Echo: No
2024-10-14 16:49:21.560877 India: No
2024-10-14 16:49:21.560986 Bravo: No
ChatterBot Alpha reevaluating
ChatterBot Echo reevaluating
ChatterBot Alpha reevaluating
ChatterBot Echo reevaluating
ChatterBot Alpha reevaluating
2024-10-14 16:49:21.611176 Alpha: We should add Papa
ChatterBot Echo reevaluating
2024-10-14 16:49:21.622096 Echo: No
2024-10-14 16:49:21.622272 India: No
2024-10-14 16:49:21.622389 Bravo: No
ChatterBot Alpha reevaluating
ChatterBot Echo reevaluating
ChatterBot Alpha reevaluating
ChatterBot Echo reevaluating
ChatterBot Alpha reevaluating
2024-10-14 16:49:21.658065 Juliett: November we want you to join our group
2024-10-14 16:49:21.662515 November: Yes
ChatterBot Charlie reevaluating
ChatterBot Papa reevaluating
2024-10-14 16:49:21.684672 Mike: Juliett and Papa, sending you 2
2024-10-14 16:49:21.685750 Bravo: Alpha, sending you 2
2024-10-14 16:49:21.687874 Papa: We should drop Juliett
ChatterBot Mike reevaluating
ChatterBot Charlie reevaluating
2024-10-14 16:49:21.702146 Mike: Yes
2024-10-14 16:49:21.702315 Charlie: No
2024-10-14 16:49:21.702470 Foxtrot: No
ChatterBot Charlie reevaluating
ChatterBot Papa reevaluating
ChatterBot Mike reevaluating
ChatterBot Papa reevaluating
ChatterBot Mike reevaluating
ChatterBot Charlie reevaluating
ChatterBot Papa reevaluating
2024-10-14 16:49:21.754284 Bravo: Echo, sending you 1
2024-10-14 16:49:21.758001 India: Alpha, sending you 3
2024-10-14 16:49:21.758731 Bravo: India, sending you 5
2024-10-14 16:49:21.759845 Juliett: Charlie, Mike, Papa and Foxtrot, sending you 2
2024-10-14 16:49:21.760471 November: Juliett, Papa and Foxtrot, sending you 1
2024-10-14 16:49:21.761025 India: Echo, sending you 2
2024-10-14 16:49:21.762700 Juliett: November, sending you 1
2024-10-14 16:49:21.766660 India: Bravo, sending you 4
2024-10-14 16:49:21.778666 Papa: Charlie, Mike and Foxtrot, sending you 2
2024-10-14 16:49:21.782665 Papa: Juliett, sending you 3
2024-10-14 16:49:21.784720 Charlie: Mike, sending you 1
2024-10-14 16:49:21.787677 Charlie: Juliett and Papa, sending you 2
2024-10-14 16:49:21.791662 Charlie: Foxtrot, sending you 4
chatterbot Foxtrot submitting transactions
chatterbot India submitting transactions
chatterbot Juliett submitting transactions
chatterbot Echo submitting transactions
chatterbot November submitting transactions
chatterbot Mike submitting transactions
chatterbot Bravo submitting transactions
chatterbot Charlie submitting transactions
chatterbot Alpha submitting transactions
chatterbot Papa submitting transactions
ChatterBot Charlie round 7
ChatterBot Mike round 7
ChatterBot Alpha round 7
ChatterBot Juliett round 7
ChatterBot Echo round 7
ChatterBot Bravo round 7
ChatterBot Papa round 7
ChatterBot November round 7
ChatterBot Foxtrot round 7
ChatterBot India round 7
2024-10-14 16:49:22.795015 Alpha: We should add Juliett
ChatterBot Echo reevaluating
2024-10-14 16:49:22.815276 Echo: No
2024-10-14 16:49:22.815469 India: No
2024-10-14 16:49:22.816357 Bravo: No
ChatterBot Alpha reevaluating
ChatterBot Echo reevaluating
ChatterBot Alpha reevaluating
ChatterBot Echo reevaluating
ChatterBot Alpha reevaluating
2024-10-14 16:49:22.901637 Echo: We should add November
ChatterBot Alpha reevaluating
2024-10-14 16:49:22.919293 Alpha: No
2024-10-14 16:49:22.919489 India: No
2024-10-14 16:49:22.919659 Bravo: No
ChatterBot Echo reevaluating
ChatterBot Echo reevaluating
ChatterBot Alpha reevaluating
ChatterBot Echo reevaluating
ChatterBot Alpha reevaluating
2024-10-14 16:49:22.978525 Alpha: We should add Mike
ChatterBot Echo reevaluating
2024-10-14 16:49:22.992919 Echo: No
2024-10-14 16:49:22.993126 India: No
2024-10-14 16:49:22.993293 Bravo: No
ChatterBot Alpha reevaluating
ChatterBot Echo reevaluating
ChatterBot Alpha reevaluating
ChatterBot Echo reevaluating
ChatterBot Alpha reevaluating
2024-10-14 16:49:23.042715 Charlie: Mike, sending you 1
2024-10-14 16:49:23.044680 Papa: Charlie, Mike and Foxtrot, sending you 2
2024-10-14 16:49:23.045702 Charlie: Juliett and Papa, sending you 2
2024-10-14 16:49:23.046860 Echo: November we want you to join our group
2024-10-14 16:49:23.052940 November: No
ChatterBot Echo reevaluating
ChatterBot Alpha reevaluating
2024-10-14 16:49:23.072501 Charlie: Foxtrot, sending you 4
2024-10-14 16:49:23.073127 Papa: Juliett, sending you 3
2024-10-14 16:49:23.074804 Bravo: Alpha, sending you 2
2024-10-14 16:49:23.075266 November: Juliett, Papa and Foxtrot, sending you 1
2024-10-14 16:49:23.076815 Mike: Charlie and Papa, sending you 2
2024-10-14 16:49:23.078975 Bravo: Echo, sending you 1
2024-10-14 16:49:23.079533 India: Alpha, sending you 3
2024-10-14 16:49:23.080033 Juliett: Charlie, Mike, Papa and Foxtrot, sending you 2
2024-10-14 16:49:23.081242 Alpha: November we want you to join our group
2024-10-14 16:49:23.087021 November: No
ChatterBot Echo reevaluating
ChatterBot Alpha reevaluating
2024-10-14 16:49:23.103692 Mike: Foxtrot, sending you 4
2024-10-14 16:49:23.104796 Bravo: India, sending you 5
2024-10-14 16:49:23.105310 India: Echo, sending you 2
2024-10-14 16:49:23.105814 Juliett: November, sending you 1
2024-10-14 16:49:23.108690 India: Bravo, sending you 4
2024-10-14 16:49:23.112701 Juliett: Mike did not give me 2 like they said
ChatterBot Foxtrot reevaluating
ChatterBot Charlie reevaluating
ChatterBot Mike reevaluating
ChatterBot Papa reevaluating
ChatterBot November reevaluating
2024-10-14 16:49:23.142697 Echo: Alpha, sending you 3
2024-10-14 16:49:23.145367 Papa: We should drop Mike
ChatterBot Charlie reevaluating
ChatterBot Foxtrot reevaluating
2024-10-14 16:49:23.160369 Charlie: No
2024-10-14 16:49:23.160573 Juliett: No
2024-10-14 16:49:23.161139 Foxtrot: No
ChatterBot Papa reevaluating
ChatterBot Foxtrot reevaluating
ChatterBot Papa reevaluating
ChatterBot Charlie reevaluating
ChatterBot Foxtrot reevaluating
ChatterBot Papa reevaluating
ChatterBot Charlie reevaluating
2024-10-14 16:49:23.194147 Echo: Bravo, sending you 1
2024-10-14 16:49:23.196709 Alpha: Echo, sending you 4
2024-10-14 16:49:23.199709 Echo: India, sending you 2
2024-10-14 16:49:23.201696 Alpha: Bravo and November, sending you 1
2024-10-14 16:49:23.205659 Alpha: India, sending you 3
chatterbot Charlie submitting transactions
chatterbot Juliett submitting transactions
chatterbot Mike submitting transactions
chatterbot Echo submitting transactions
chatterbot Bravo submitting transactions
chatterbot Alpha submitting transactions
chatterbot Papa submitting transactions
chatterbot Foxtrot submitting transactions
chatterbot Charlie submitting transactions
chatterbot India submitting transactions
chatterbot November submitting transactions
ChatterBot Charlie round 8
ChatterBot Mike round 8
ChatterBot Alpha round 8
ChatterBot Juliett round 8
ChatterBot Echo round 8
ChatterBot Bravo round 8
ChatterBot Papa round 8
ChatterBot November round 8
ChatterBot Foxtrot round 8
ChatterBot India round 8
2024-10-14 16:49:24.266736 Echo: We should add November
ChatterBot Alpha reevaluating
2024-10-14 16:49:24.285429 Alpha: No
2024-10-14 16:49:24.285675 India: No
2024-10-14 16:49:24.285853 Bravo: No
ChatterBot Echo reevaluating
ChatterBot Alpha reevaluating
ChatterBot Echo reevaluating
ChatterBot Alpha reevaluating
2024-10-14 16:49:24.357393 Mike: We should replace Charlie with Juliett
ChatterBot Papa reevaluating
2024-10-14 16:49:24.370755 Papa: No
2024-10-14 16:49:24.370965 Foxtrot: No
ChatterBot Mike reevaluating
ChatterBot Papa reevaluating
chatterbot Papa submitting transactions
2024-10-14 16:49:24.419758 Mike: We should replace Papa with Juliett
2024-10-14 16:49:24.432444 Charlie: No
2024-10-14 16:49:24.432638 Foxtrot: No
ChatterBot Mike reevaluating
ChatterBot Mike reevaluating
ChatterBot Charlie reevaluating
2024-10-14 16:49:24.457548 Charlie: We should add November
ChatterBot Mike reevaluating
ChatterBot Papa reevaluating
ChatterBot Foxtrot reevaluating
2024-10-14 16:49:24.474457 Mike: No
2024-10-14 16:49:24.474623 Juliett: Yes
2024-10-14 16:49:24.474778 Papa: No
2024-10-14 16:49:24.474914 Foxtrot: No
ChatterBot Charlie reevaluating
ChatterBot Papa reevaluating
ChatterBot Foxtrot reevaluating
ChatterBot Mike reevaluating
ChatterBot Charlie reevaluating
ChatterBot Papa reevaluating
ChatterBot Foxtrot reevaluating
ChatterBot Mike reevaluating
ChatterBot Charlie reevaluating
ChatterBot Foxtrot reevaluating
ChatterBot Mike reevaluating
ChatterBot Charlie reevaluating
ChatterBot Papa reevaluating
2024-10-14 16:49:24.645959 Echo: November we want you to join our group
2024-10-14 16:49:24.652438 November: No
ChatterBot Echo reevaluating
ChatterBot Alpha reevaluating
2024-10-14 16:49:24.679913 Papa: We should drop Mike
ChatterBot Charlie reevaluating
2024-10-14 16:49:24.701474 Charlie: No
2024-10-14 16:49:24.701747 Juliett: No
2024-10-14 16:49:24.702578 Foxtrot: No
ChatterBot Charlie reevaluating
ChatterBot Charlie reevaluating
2024-10-14 16:49:24.738349 Bravo: Alpha and Echo, sending you 1
2024-10-14 16:49:24.739779 Mike: Juliett we want you to join our group
2024-10-14 16:49:24.744848 Juliett: Yes
ChatterBot Mike reevaluating
ChatterBot Charlie reevaluating
2024-10-14 16:49:24.763608 Juliett: Charlie and Foxtrot, sending you 2
2024-10-14 16:49:24.766695 India: Alpha, sending you 3
2024-10-14 16:49:24.768362 Bravo: India, sending you 6
2024-10-14 16:49:24.770137 Charlie: November we want you to join our group
2024-10-14 16:49:24.777570 November: Yes
ChatterBot Charlie reevaluating
ChatterBot Mike reevaluating
2024-10-14 16:49:24.812829 November: Juliett, Papa and Foxtrot, sending you 1
2024-10-14 16:49:24.813817 Juliett: Mike and November, sending you 1
2024-10-14 16:49:24.815097 India: Echo, sending you 2
2024-10-14 16:49:24.825088 Juliett: Papa, sending you 3
2024-10-14 16:49:24.826317 India: Bravo, sending you 4
2024-10-14 16:49:24.827053 Papa: Same as last round
2024-10-14 16:49:24.828231 Echo: Alpha, sending you 3
2024-10-14 16:49:24.828843 Alpha: Echo, sending you 4
2024-10-14 16:49:24.832103 Echo: Bravo, sending you 1
2024-10-14 16:49:24.833807 Alpha: Bravo and November, sending you 1
2024-10-14 16:49:24.838806 Echo: India, sending you 2
2024-10-14 16:49:24.840273 Alpha: India, sending you 3
chatterbot Bravo submitting transactions
2024-10-14 16:49:24.843962 Charlie: Mike, Juliett and Papa, sending you 2
2024-10-14 16:49:24.849671 Charlie: Foxtrot, sending you 3
2024-10-14 16:49:24.860384 Mike: Charlie, sending you 1
2024-10-14 16:49:24.864885 Mike: Juliett, sending you 3
2024-10-14 16:49:24.875848 Mike: Foxtrot, sending you 4
chatterbot Foxtrot submitting transactions
chatterbot Mike submitting transactions
chatterbot Juliett submitting transactions
chatterbot November submitting transactions
chatterbot Papa submitting transactions
chatterbot Echo submitting transactions
chatterbot Charlie submitting transactions
chatterbot India submitting transactions
chatterbot Alpha submitting transactions
ChatterBot Charlie round 9
ChatterBot Mike round 9
ChatterBot Alpha round 9
ChatterBot Juliett round 9
ChatterBot Echo round 9
ChatterBot Bravo round 9
ChatterBot Papa round 9
ChatterBot November round 9
ChatterBot Foxtrot round 9
ChatterBot India round 9
2024-10-14 16:49:25.976600 Mike: We should replace Charlie with Papa
2024-10-14 16:49:25.990946 Juliett: No
2024-10-14 16:49:25.991522 Foxtrot: No
2024-10-14 16:49:26.057360 Mike: Papa we want you to join our group
2024-10-14 16:49:26.063736 Papa: No
ChatterBot Mike reevaluating
2024-10-14 16:49:26.082876 November: Juliett, sending you 1
2024-10-14 16:49:26.083693 Papa: Same as last round
2024-10-14 16:49:26.084713 Charlie: Mike, sending you 1
2024-10-14 16:49:26.086683 November: Foxtrot, sending you 2
2024-10-14 16:49:26.088684 Alpha: Echo, sending you 4
