ChatterBot Sierra round 1
ChatterBot Oscar round 1
ChatterBot Whiskey round 1
ChatterBot Echo round 1
ChatterBot Foxtrot round 1
ChatterBot Lima round 1
ChatterBot India round 1
randomSelections Sierra: {Sierra, Lima, India, Oscar, Mike, Whiskey, Quebec, Juliett} 
2024-10-14 16:49:09.140759 Sierra: Group up?
ChatterBot Lima reevaluating
ChatterBot India reevaluating
ChatterBot Oscar reevaluating
ChatterBot Whiskey reevaluating
2024-10-14 16:49:09.217607 Lima: Yes
2024-10-14 16:49:09.217842 India: Yes
2024-10-14 16:49:09.217997 Oscar: Yes
2024-10-14 16:49:09.219930 Whiskey: Yes
ChatterBot India reevaluating
ChatterBot Oscar reevaluating
ChatterBot Whiskey reevaluating
ChatterBot Lima reevaluating
ChatterBot Oscar reevaluating
ChatterBot Whiskey reevaluating
ChatterBot Lima reevaluating
ChatterBot India reevaluating
ChatterBot Whiskey reevaluating
ChatterBot Lima reevaluating
ChatterBot India reevaluating
ChatterBot Oscar reevaluating
randomSelections Echo: {Echo, Mike, Foxtrot, Quebec, Whiskey, Juliett} 
2024-10-14 16:49:09.265044 Echo: Friends?
ChatterBot Foxtrot reevaluating
ChatterBot Whiskey reevaluating
2024-10-14 16:49:09.271818 Foxtrot: Yes
2024-10-14 16:49:09.272130 Whiskey: No
ChatterBot Whiskey reevaluating
ChatterBot Foxtrot reevaluating
ChatterBot Juliett round 1
ChatterBot Juliett reevaluating
ChatterBot Juliett reevaluating
ChatterBot Juliett reevaluating
ChatterBot Juliett reevaluating
ChatterBot Juliett reevaluating
ChatterBot Juliett reevaluating
ChatterBot Juliett reevaluating
ChatterBot Juliett reevaluating
2024-10-14 16:49:09.316191 Juliett: Yes
2024-10-14 16:49:09.316721 Juliett: No
ChatterBot Lima reevaluating
ChatterBot India reevaluating
ChatterBot Oscar reevaluating
ChatterBot Whiskey reevaluating
ChatterBot Foxtrot reevaluating
ChatterBot Whiskey reevaluating
ChatterBot Mike round 1
ChatterBot Mike reevaluating
ChatterBot Mike reevaluating
ChatterBot Mike reevaluating
ChatterBot Mike reevaluating
ChatterBot Mike reevaluating
ChatterBot Mike reevaluating
ChatterBot Mike reevaluating
ChatterBot Mike reevaluating
ChatterBot Mike reevaluating
ChatterBot Mike reevaluating
2024-10-14 16:49:09.350763 Mike: Yes
2024-10-14 16:49:09.350917 Mike: No
ChatterBot Lima reevaluating
ChatterBot India reevaluating
ChatterBot Oscar reevaluating
ChatterBot Whiskey reevaluating
ChatterBot Juliett reevaluating
ChatterBot Foxtrot reevaluating
ChatterBot Whiskey reevaluating
ChatterBot Juliett reevaluating
ChatterBot Quebec round 1
ChatterBot Quebec reevaluating
ChatterBot Quebec reevaluating
ChatterBot Quebec reevaluating
ChatterBot Quebec reevaluating
ChatterBot Quebec reevaluating
ChatterBot Quebec reevaluating
ChatterBot Quebec reevaluating
ChatterBot Quebec reevaluating
ChatterBot Quebec reevaluating
ChatterBot Quebec reevaluating
ChatterBot Quebec reevaluating
ChatterBot Quebec reevaluating
2024-10-14 16:49:09.381196 Quebec: Yes
2024-10-14 16:49:09.381334 Quebec: No
ChatterBot Lima reevaluating
ChatterBot India reevaluating
ChatterBot Oscar reevaluating
ChatterBot Mike reevaluating
ChatterBot Whiskey reevaluating
ChatterBot Juliett reevaluating
ChatterBot Foxtrot reevaluating
ChatterBot Mike reevaluating
ChatterBot Whiskey reevaluating
ChatterBot Juliett reevaluating
2024-10-14 16:49:09.410847 Echo: Whiskey, sending you 1
2024-10-14 16:49:09.414797 Echo: Foxtrot and Mike, sending you 2
2024-10-14 16:49:09.417130 Whiskey: Sierra and Oscar, sending you 3
2024-10-14 16:49:09.421108 Foxtrot: Echo, sending you 2
2024-10-14 16:49:09.422174 Whiskey: Lima, sending you 6
2024-10-14 16:49:09.422764 Oscar: Sierra, sending you 2
2024-10-14 16:49:09.427466 Quebec: Sierra, Whiskey and Lima, sending you 4
2024-10-14 16:49:09.427964 Juliett: Sierra, sending you 3
2024-10-14 16:49:09.428388 Foxtrot: Juliett, sending you 1
2024-10-14 16:49:09.429162 Whiskey: India and Juliett, sending you 1
2024-10-14 16:49:09.429493 India: Oscar and Whiskey, sending you 1
2024-10-14 16:49:09.429845 Lima: Oscar and Juliett, sending you 1
2024-10-14 16:49:09.430946 Oscar: Whiskey, sending you 1
2024-10-14 16:49:09.431389 Quebec: Oscar and India, sending you 2
2024-10-14 16:49:09.432543 Juliett: Oscar, sending you 2
2024-10-14 16:49:09.436463 India: Juliett, sending you 2
2024-10-14 16:49:09.438367 Whiskey: Quebec, sending you 2
2024-10-14 16:49:09.438795 Mike: Sierra, Oscar, Whiskey, Lima and Quebec, sending you 1
2024-10-14 16:49:09.439212 Quebec: Juliett and Mike, sending you 1
2024-10-14 16:49:09.440931 Lima: Whiskey, India and Quebec, sending you 2
2024-10-14 16:49:09.441400 Juliett: Whiskey, India and Mike, sending you 1
2024-10-14 16:49:09.442001 Mike: India and Juliett, sending you 2
2024-10-14 16:49:09.443971 India: Mike, sending you 3
chatterbot Foxtrot submitting transactions
chatterbot Lima submitting transactions
chatterbot Echo submitting transactions
chatterbot Whiskey submitting transactions
chatterbot Sierra submitting transactions
chatterbot India submitting transactions
chatterbot Juliett submitting transactions
chatterbot Oscar submitting transactions
chatterbot Quebec submitting transactions
chatterbot Mike submitting transactions
ChatterBot Sierra round 2
ChatterBot Oscar round 2
ChatterBot Whiskey round 2
ChatterBot Echo round 2
ChatterBot Foxtrot round 2
2024-10-14 16:49:10.587441 Whiskey: We should group up
ChatterBot Lima reevaluating
ChatterBot Quebec reevaluating
2024-10-14 16:49:10.614797 Lima: No
2024-10-14 16:49:10.614977 Quebec: No
ChatterBot Quebec reevaluating
ChatterBot Lima reevaluating
2024-10-14 16:49:10.651475 Quebec: We should group up
ChatterBot Mike reevaluating
2024-10-14 16:49:10.666433 Mike: No
ChatterBot Quebec reevaluating
2024-10-14 16:49:10.680988 Mike: Friends?
ChatterBot Whiskey reevaluating
2024-10-14 16:49:10.687271 Whiskey: No
ChatterBot Mike reevaluating
ChatterBot Lima round 2
ChatterBot India round 2
2024-10-14 16:49:10.714691 Echo: We would work well together
ChatterBot Foxtrot reevaluating
ChatterBot Quebec reevaluating
2024-10-14 16:49:10.735470 Foxtrot: No
2024-10-14 16:49:10.735711 Quebec: No
ChatterBot Quebec reevaluating
ChatterBot Foxtrot reevaluating
ChatterBot Juliett round 2
2024-10-14 16:49:10.774898 Sierra: Can we be friends?
ChatterBot Whiskey reevaluating
ChatterBot Lima reevaluating
ChatterBot Quebec reevaluating
2024-10-14 16:49:10.807755 Oscar: No
2024-10-14 16:49:10.808016 Whiskey: No
2024-10-14 16:49:10.808159 Lima: No
2024-10-14 16:49:10.808317 Quebec: No
ChatterBot Whiskey reevaluating
ChatterBot Lima reevaluating
ChatterBot Quebec reevaluating
ChatterBot Lima reevaluating
ChatterBot Quebec reevaluating
ChatterBot Whiskey reevaluating
ChatterBot Quebec reevaluating
ChatterBot Whiskey reevaluating
ChatterBot Lima reevaluating
ChatterBot Mike round 2
ChatterBot Quebec round 2
2024-10-14 16:49:10.953867 Oscar: We should drop Sierra
ChatterBot Whiskey reevaluating
ChatterBot Lima reevaluating
ChatterBot Quebec reevaluating
ChatterBot Juliett reevaluating
ChatterBot Mike reevaluating
2024-10-14 16:49:10.991402 Whiskey: Yes
2024-10-14 16:49:10.991976 Lima: Yes
2024-10-14 16:49:10.992159 Quebec: Yes
2024-10-14 16:49:10.992312 India: Yes
2024-10-14 16:49:10.992457 Juliett: Yes
2024-10-14 16:49:10.992609 Mike: Yes
ChatterBot Lima reevaluating
ChatterBot Quebec reevaluating
ChatterBot Juliett reevaluating
ChatterBot Mike reevaluating
ChatterBot Whiskey reevaluating
ChatterBot Quebec reevaluating
ChatterBot Juliett reevaluating
ChatterBot Mike reevaluating
ChatterBot Whiskey reevaluating
ChatterBot Lima reevaluating
ChatterBot Juliett reevaluating
ChatterBot Mike reevaluating
ChatterBot Whiskey reevaluating
ChatterBot Lima reevaluating
ChatterBot Quebec reevaluating
ChatterBot Juliett reevaluating
ChatterBot Mike reevaluating
ChatterBot Whiskey reevaluating
ChatterBot Lima reevaluating
ChatterBot Quebec reevaluating
ChatterBot Mike reevaluating
ChatterBot Whiskey reevaluating
ChatterBot Lima reevaluating
ChatterBot Quebec reevaluating
ChatterBot Juliett reevaluating
2024-10-14 16:49:11.603043 Echo: Foxtrot, sending you 5
chatterbot India submitting transactions
chatterbot Foxtrot submitting transactions
2024-10-14 16:49:12.103291 Sierra: Quebec, sending you 1
2024-10-14 16:49:12.104342 Foxtrot: Echo, sending you 2
2024-10-14 16:49:12.104807 Lima: Whiskey, sending you 5
2024-10-14 16:49:12.105716 Oscar: Whiskey, Juliett and Quebec, sending you 1
2024-10-14 16:49:12.106364 Whiskey: Lima, sending you 7
chatterbot Echo submitting transactions
chatterbot Quebec submitting transactions
chatterbot Oscar submitting transactions
2024-10-14 16:49:12.326006 Lima: Quebec, sending you 3
2024-10-14 16:49:12.326303 Foxtrot: Quebec, sending you 1
2024-10-14 16:49:12.326531 India: Lima, Mike and Quebec, sending you 2
2024-10-14 16:49:12.327218 Juliett: Oscar, Whiskey, Lima and Quebec, sending you 1
2024-10-14 16:49:12.327488 Quebec: Oscar, India and Juliett, sending you 1
2024-10-14 16:49:12.327752 Whiskey: Quebec, sending you 11
chatterbot Sierra submitting transactions
chatterbot Lima submitting transactions
chatterbot Juliett submitting transactions
2024-10-14 16:49:12.468786 India: Juliett, sending you 1
2024-10-14 16:49:12.469218 Juliett: India and Mike, sending you 2
2024-10-14 16:49:12.469961 Quebec: Whiskey and Lima, sending you 6
2024-10-14 16:49:12.470251 Mike: India, sending you 5
chatterbot Mike submitting transactions
2024-10-14 16:49:12.532597 Quebec: Mike, sending you 3
2024-10-14 16:49:12.533369 Mike: Juliett and Quebec, sending you 2
chatterbot Whiskey submitting transactions
2024-10-14 16:49:12.545314 Mike: Echo did not give me 2 like they said
ChatterBot Oscar reevaluating
ChatterBot Whiskey reevaluating
ChatterBot Lima reevaluating
ChatterBot Quebec reevaluating
ChatterBot India reevaluating
ChatterBot Juliett reevaluating
2024-10-14 16:49:12.640042 Mike: India did not give me 3 like they said
ChatterBot Oscar reevaluating
ChatterBot Whiskey reevaluating
ChatterBot Lima reevaluating
ChatterBot Quebec reevaluating
ChatterBot India reevaluating
ChatterBot Juliett reevaluating
ChatterBot Sierra round 3
ChatterBot Oscar round 3
ChatterBot Whiskey round 3
ChatterBot Echo round 3
ChatterBot Foxtrot round 3
ChatterBot Lima round 3
ChatterBot India round 3
ChatterBot Juliett round 3
ChatterBot Mike round 3
ChatterBot Quebec round 3
2024-10-14 16:49:12.689510 Whiskey: We should add Oscar
ChatterBot Lima reevaluating
ChatterBot Quebec reevaluating
2024-10-14 16:49:12.700468 Lima: No
2024-10-14 16:49:12.700684 Quebec: Yes
ChatterBot Whiskey reevaluating
ChatterBot Quebec reevaluating
ChatterBot Whiskey reevaluating
ChatterBot Lima reevaluating
2024-10-14 16:49:12.739238 Echo: We should replace Quebec with Juliett
ChatterBot Foxtrot reevaluating
2024-10-14 16:49:12.744610 Foxtrot: No
ChatterBot Echo reevaluating
2024-10-14 16:49:12.750899 Foxtrot: We should replace Quebec with Sierra
ChatterBot Echo reevaluating
2024-10-14 16:49:12.755549 Echo: No
ChatterBot Foxtrot reevaluating
2024-10-14 16:49:12.781397 Foxtrot: We should replace Quebec with Oscar
ChatterBot Echo reevaluating
2024-10-14 16:49:12.786281 Echo: No
ChatterBot Foxtrot reevaluating
2024-10-14 16:49:12.797493 Whiskey: Lima, sending you 8
2024-10-14 16:49:12.797966 Mike: India, sending you 4
2024-10-14 16:49:12.803204 Lima: Whiskey, sending you 5
2024-10-14 16:49:12.804121 Foxtrot: Oscar we want you to join our group
2024-10-14 16:49:12.808792 Oscar: No
ChatterBot Echo reevaluating
2024-10-14 16:49:12.817383 Sierra: Oscar, sending you 1
2024-10-14 16:49:12.817686 Whiskey: Quebec, sending you 10
2024-10-14 16:49:12.818263 Mike: Juliett, sending you 2
2024-10-14 16:49:12.818671 Juliett: Oscar, Whiskey, Lima and Quebec, sending you 1
2024-10-14 16:49:12.819084 Quebec: Oscar and Juliett, sending you 1
2024-10-14 16:49:12.819963 India: Whiskey, Lima, Juliett and Quebec, sending you 1
2024-10-14 16:49:12.820250 Oscar: Whiskey, Juliett and Quebec, sending you 1
2024-10-14 16:49:12.820502 Lima: Quebec, sending you 3
2024-10-14 16:49:12.820769 Sierra: Whiskey and Quebec, sending you 2
2024-10-14 16:49:12.847403 Mike: Quebec, sending you 3
2024-10-14 16:49:12.848484 Juliett: India and Mike, sending you 2
2024-10-14 16:49:12.848962 Quebec: Whiskey, sending you 9
2024-10-14 16:49:12.850008 India: Mike, sending you 3
2024-10-14 16:49:12.865412 Quebec: Lima, sending you 3
2024-10-14 16:49:12.865786 Foxtrot: Oscar, sending you 1
2024-10-14 16:49:12.876399 Quebec: India and Mike, sending you 2
2024-10-14 16:49:12.877321 Foxtrot: Echo, sending you 2
chatterbot Quebec submitting transactions
chatterbot Juliett submitting transactions
chatterbot Sierra submitting transactions
chatterbot Lima submitting transactions
chatterbot Oscar submitting transactions
chatterbot Echo submitting transactions
chatterbot India submitting transactions
chatterbot Mike submitting transactions
chatterbot Foxtrot submitting transactions
chatterbot Whiskey submitting transactions
ChatterBot Sierra round 4
ChatterBot Oscar round 4
ChatterBot Whiskey round 4
ChatterBot Echo round 4
ChatterBot Foxtrot round 4
ChatterBot Lima round 4
ChatterBot India round 4
ChatterBot Juliett round 4
ChatterBot Mike round 4
ChatterBot Quebec round 4
2024-10-14 16:49:14.217087 Oscar: Group up?
ChatterBot Juliett reevaluating
2024-10-14 16:49:14.232116 India: No
2024-10-14 16:49:14.232788 Juliett: No
2024-10-14 16:49:14.233002 Mike: No
ChatterBot Oscar reevaluating
ChatterBot Juliett reevaluating
ChatterBot Oscar reevaluating
ChatterBot Oscar reevaluating
ChatterBot Juliett reevaluating
2024-10-14 16:49:14.303965 Foxtrot: We should replace Oscar with Sierra
ChatterBot Echo reevaluating
2024-10-14 16:49:14.309507 Echo: Yes
ChatterBot Foxtrot reevaluating
2024-10-14 16:49:14.315023 India: We should drop Oscar
ChatterBot Juliett reevaluating
ChatterBot Whiskey reevaluating
2024-10-14 16:49:14.337792 Juliett: Yes
2024-10-14 16:49:14.337949 Mike: Yes
2024-10-14 16:49:14.338061 Whiskey: No
2024-10-14 16:49:14.338719 Lima: Yes
2024-10-14 16:49:14.338882 Quebec: Yes
ChatterBot Whiskey reevaluating
ChatterBot Juliett reevaluating
ChatterBot Whiskey reevaluating
ChatterBot Juliett reevaluating
ChatterBot Juliett reevaluating
ChatterBot Whiskey reevaluating
ChatterBot Juliett reevaluating
ChatterBot Whiskey reevaluating
2024-10-14 16:49:14.452233 Foxtrot: We should replace Oscar with India
ChatterBot Echo reevaluating
2024-10-14 16:49:14.457518 Echo: No
ChatterBot Foxtrot reevaluating
2024-10-14 16:49:14.524008 Sierra: Oscar, sending you 1
2024-10-14 16:49:14.524393 Lima: Whiskey, sending you 5
2024-10-14 16:49:14.524611 Whiskey: Lima, sending you 6
2024-10-14 16:49:14.525336 India: Whiskey, Lima, Juliett and Quebec, sending you 1
2024-10-14 16:49:14.525593 Mike: India, sending you 4
2024-10-14 16:49:14.525847 Oscar: Sending you each 1
2024-10-14 16:49:14.526519 Foxtrot: Sierra we want you to join our group
2024-10-14 16:49:14.530937 Sierra: No
ChatterBot Foxtrot reevaluating
ChatterBot Echo reevaluating
2024-10-14 16:49:14.540185 Foxtrot: We should replace Oscar with Lima
ChatterBot Echo reevaluating
2024-10-14 16:49:14.544541 Echo: No
ChatterBot Foxtrot reevaluating
2024-10-14 16:49:14.550202 Quebec: Whiskey, sending you 8
2024-10-14 16:49:14.550637 Juliett: Whiskey and Lima, sending you 1
2024-10-14 16:49:14.551518 Lima: Quebec, sending you 3
2024-10-14 16:49:14.551873 Sierra: Whiskey, sending you 2
2024-10-14 16:49:14.552168 India: Mike, sending you 3
2024-10-14 16:49:14.552467 Whiskey: India and Juliett, sending you 2
2024-10-14 16:49:14.553366 Mike: Juliett, sending you 2
2024-10-14 16:49:14.553995 Quebec: Lima, sending you 4
2024-10-14 16:49:14.555066 Juliett: India, Mike and Quebec, sending you 2
2024-10-14 16:49:14.581409 Sierra: Quebec, sending you 3
2024-10-14 16:49:14.582194 Whiskey: Mike, sending you 1
2024-10-14 16:49:14.582538 Mike: Quebec, sending you 3
2024-10-14 16:49:14.583214 Quebec: India, sending you 2
2024-10-14 16:49:14.631640 Whiskey: Quebec, sending you 7
2024-10-14 16:49:14.632214 Quebec: Juliett, sending you 1
2024-10-14 16:49:14.736975 Echo: Foxtrot, sending you 5
2024-10-14 16:49:14.737537 Quebec: Mike, sending you 3
chatterbot Oscar submitting transactions
chatterbot Lima submitting transactions
2024-10-14 16:49:14.814906 Foxtrot: Sierra, sending you 1
2024-10-14 16:49:14.823821 Foxtrot: Echo, sending you 2
chatterbot Sierra submitting transactions
chatterbot India submitting transactions
chatterbot Juliett submitting transactions
chatterbot Quebec submitting transactions
chatterbot Mike submitting transactions
chatterbot Foxtrot submitting transactions
chatterbot Echo submitting transactions
chatterbot Whiskey submitting transactions
ChatterBot Sierra round 5
ChatterBot Oscar round 5
ChatterBot Whiskey round 5
2024-10-14 16:49:15.557311 Sierra: Can we be friends?
ChatterBot Oscar reevaluating
2024-10-14 16:49:15.575467 Oscar: No
2024-10-14 16:49:15.575716 India: No
2024-10-14 16:49:15.575831 Juliett: No
2024-10-14 16:49:15.575934 Mike: No
ChatterBot Sierra reevaluating
ChatterBot Sierra reevaluating
ChatterBot Oscar reevaluating
ChatterBot Sierra reevaluating
ChatterBot Oscar reevaluating
ChatterBot Sierra reevaluating
ChatterBot Oscar reevaluating
ChatterBot Echo round 5
ChatterBot Foxtrot round 5
ChatterBot Lima round 5
ChatterBot India round 5
ChatterBot Juliett round 5
ChatterBot Mike round 5
ChatterBot Quebec round 5
2024-10-14 16:49:15.816671 Sierra: Juliett, sending you 4
2024-10-14 16:49:15.896243 Oscar: Sierra, Whiskey and Quebec, sending you 1
2024-10-14 16:49:15.897190 Lima: Whiskey, sending you 5
2024-10-14 16:49:15.897443 Quebec: Whiskey, sending you 8
2024-10-14 16:49:15.897838 India: Whiskey, Lima, Juliett and Quebec, sending you 1
2024-10-14 16:49:15.898781 Foxtrot: Echo, sending you 2
2024-10-14 16:49:15.899 Sierra: Mike, sending you 2
2024-10-14 16:49:15.899212 Echo: Foxtrot, sending you 5
2024-10-14 16:49:15.899422 Mike: Whiskey, sending you 1
2024-10-14 16:49:15.900223 Whiskey: Lima, sending you 6
2024-10-14 16:49:15.900604 Lima: Quebec, sending you 3
2024-10-14 16:49:15.901310 Quebec: Lima, sending you 4
2024-10-14 16:49:15.934432 India: Mike, sending you 3
2024-10-14 16:49:15.936286 Foxtrot: Juliett, sending you 1
2024-10-14 16:49:15.936746 Mike: India and Quebec, sending you 3
2024-10-14 16:49:15.937825 Whiskey: India and Juliett, sending you 2
2024-10-14 16:49:15.938324 Juliett: Whiskey, India, Mike and Quebec, sending you 2
2024-10-14 16:49:15.938897 Quebec: India, sending you 1
2024-10-14 16:49:15.976197 Whiskey: Mike, sending you 1
2024-10-14 16:49:15.976867 Mike: Juliett, sending you 2
2024-10-14 16:49:15.978047 Quebec: Juliett, sending you 2
2024-10-14 16:49:16.008807 Whiskey: Quebec, sending you 7
2024-10-14 16:49:16.010254 Quebec: Mike, sending you 3
chatterbot Whiskey submitting transactions
chatterbot Foxtrot submitting transactions
chatterbot Sierra submitting transactions
chatterbot Echo submitting transactions
chatterbot India submitting transactions
chatterbot Juliett submitting transactions
chatterbot Quebec submitting transactions
chatterbot Oscar submitting transactions
chatterbot Mike submitting transactions
chatterbot Lima submitting transactions
ChatterBot Sierra round 6
ChatterBot Oscar round 6
ChatterBot Whiskey round 6
ChatterBot Echo round 6
ChatterBot Foxtrot round 6
ChatterBot Lima round 6
ChatterBot India round 6
ChatterBot Juliett round 6
ChatterBot Mike round 6
ChatterBot Quebec round 6
2024-10-14 16:49:17.140251 Foxtrot: We should replace Juliett with India
ChatterBot Echo reevaluating
2024-10-14 16:49:17.145874 Echo: No
ChatterBot Foxtrot reevaluating
2024-10-14 16:49:17.187073 Foxtrot: We should replace Juliett with Mike
ChatterBot Echo reevaluating
2024-10-14 16:49:17.192385 Echo: No
ChatterBot Foxtrot reevaluating
2024-10-14 16:49:17.214168 Mike: Whiskey, sending you 1
2024-10-14 16:49:17.215787 Foxtrot: India we want you to join our group
2024-10-14 16:49:17.225189 India: No
ChatterBot Foxtrot reevaluating
2024-10-14 16:49:17.245724 Foxtrot: We should add India and Mike
2024-10-14 16:49:17.262716 Echo: No
2024-10-14 16:49:17.262937 Juliett: Yes
ChatterBot Foxtrot reevaluating
ChatterBot Foxtrot reevaluating
2024-10-14 16:49:17.361432 Juliett: Whiskey, India, Mike and Quebec, sending you 2
2024-10-14 16:49:17.363367 India: Whiskey, Lima, Juliett and Quebec, sending you 1
2024-10-14 16:49:17.365509 Mike: India and Quebec, sending you 3
2024-10-14 16:49:17.366247 Lima: Whiskey, sending you 5
2024-10-14 16:49:17.367687 Foxtrot: We should replace Juliett with Sierra
2024-10-14 16:49:17.377748 Echo: No
ChatterBot Foxtrot reevaluating
2024-10-14 16:49:17.388698 Quebec: Whiskey, sending you 7
2024-10-14 16:49:17.390293 Sierra: Juliett, sending you 4
2024-10-14 16:49:17.391525 Whiskey: Lima, sending you 5
2024-10-14 16:49:17.393010 Oscar: Sending you 3
2024-10-14 16:49:17.393807 India: Mike, sending you 3
2024-10-14 16:49:17.394797 Mike: Juliett, sending you 2
2024-10-14 16:49:17.396337 Lima: Quebec, sending you 3
2024-10-14 16:49:17.397602 Quebec: Lima, sending you 4
2024-10-14 16:49:17.398787 Sierra: Mike, sending you 2
2024-10-14 16:49:17.399791 Whiskey: India and Juliett, sending you 2
2024-10-14 16:49:17.406856 Quebec: India and Juliett, sending you 2
2024-10-14 16:49:17.408694 Whiskey: Mike, sending you 1
2024-10-14 16:49:17.418333 Quebec: Mike, sending you 3
2024-10-14 16:49:17.419764 Whiskey: Quebec, sending you 8
2024-10-14 16:49:17.442580 Foxtrot: Echo, sending you 2
2024-10-14 16:49:17.447543 Foxtrot: India, sending you 1
chatterbot Quebec submitting transactions
chatterbot India submitting transactions
chatterbot Mike submitting transactions
chatterbot Sierra submitting transactions
chatterbot Juliett submitting transactions
chatterbot Oscar submitting transactions
chatterbot Lima submitting transactions
chatterbot Echo submitting transactions
chatterbot Whiskey submitting transactions
chatterbot Foxtrot submitting transactions
ChatterBot Sierra round 7
ChatterBot Oscar round 7
ChatterBot Whiskey round 7
ChatterBot Echo round 7
ChatterBot Foxtrot round 7
ChatterBot Lima round 7
ChatterBot India round 7
ChatterBot Juliett round 7
ChatterBot Mike round 7
ChatterBot Quebec round 7
2024-10-14 16:49:18.510856 Foxtrot: We should replace India with Oscar
2024-10-14 16:49:18.519676 Echo: No
2024-10-14 16:49:18.554706 Lima: We should add Mike
ChatterBot Quebec reevaluating
2024-10-14 16:49:18.579737 Whiskey: Yes
2024-10-14 16:49:18.580470 Quebec: Yes
ChatterBot Quebec reevaluating
2024-10-14 16:49:18.638992 Oscar: We should replace Foxtrot with Sierra
2024-10-14 16:49:18.654324 Juliett: We should add Foxtrot
ChatterBot Mike reevaluating
ChatterBot Quebec reevaluating
2024-10-14 16:49:18.698056 India: No
2024-10-14 16:49:18.698271 Mike: No
2024-10-14 16:49:18.698448 Whiskey: No
2024-10-14 16:49:18.698631 Lima: No
2024-10-14 16:49:18.699288 Quebec: No
ChatterBot Juliett reevaluating
ChatterBot Mike reevaluating
ChatterBot Lima reevaluating
ChatterBot Quebec reevaluating
ChatterBot Juliett reevaluating
ChatterBot Lima reevaluating
ChatterBot Quebec reevaluating
ChatterBot Juliett reevaluating
ChatterBot Mike reevaluating
ChatterBot Lima reevaluating
ChatterBot Quebec reevaluating
ChatterBot Juliett reevaluating
ChatterBot Mike reevaluating
ChatterBot Quebec reevaluating
ChatterBot Juliett reevaluating
ChatterBot Mike reevaluating
ChatterBot Lima reevaluating
2024-10-14 16:49:19.075738 Foxtrot: Oscar we want you to join our group
ChatterBot Oscar reevaluating
2024-10-14 16:49:19.085108 Oscar: No
2024-10-14 16:49:19.102029 India: We should drop Lima
ChatterBot Juliett reevaluating
ChatterBot Mike reevaluating
2024-10-14 16:49:19.147112 Juliett: No
2024-10-14 16:49:19.147357 Mike: No
2024-10-14 16:49:19.147578 Whiskey: No
2024-10-14 16:49:19.147884 Quebec: No
ChatterBot Mike reevaluating
ChatterBot Quebec reevaluating
ChatterBot Juliett reevaluating
ChatterBot Quebec reevaluating
ChatterBot Juliett reevaluating
ChatterBot Mike reevaluating
ChatterBot Quebec reevaluating
ChatterBot Juliett reevaluating
ChatterBot Mike reevaluating
2024-10-14 16:49:19.325215 Juliett: We should add Sierra
ChatterBot Mike reevaluating
ChatterBot Lima reevaluating
ChatterBot Quebec reevaluating
2024-10-14 16:49:19.375068 India: No
2024-10-14 16:49:19.375275 Mike: No
2024-10-14 16:49:19.375439 Whiskey: No
2024-10-14 16:49:19.375634 Lima: No
2024-10-14 16:49:19.375899 Quebec: No
ChatterBot Juliett reevaluating
ChatterBot Mike reevaluating
ChatterBot Lima reevaluating
ChatterBot Quebec reevaluating
ChatterBot India reevaluating
ChatterBot Juliett reevaluating
ChatterBot Lima reevaluating
ChatterBot Quebec reevaluating
ChatterBot India reevaluating
ChatterBot Juliett reevaluating
ChatterBot Mike reevaluating
ChatterBot Lima reevaluating
ChatterBot Quebec reevaluating
ChatterBot India reevaluating
ChatterBot Juliett reevaluating
ChatterBot Mike reevaluating
ChatterBot Quebec reevaluating
ChatterBot India reevaluating
ChatterBot Juliett reevaluating
ChatterBot Mike reevaluating
ChatterBot Lima reevaluating
2024-10-14 16:49:19.693216 Lima: We should add India and Mike
ChatterBot Quebec reevaluating
2024-10-14 16:49:19.708808 Whiskey: Yes
2024-10-14 16:49:19.709028 Quebec: Yes
ChatterBot Lima reevaluating
ChatterBot Quebec reevaluating
ChatterBot Lima reevaluating
2024-10-14 16:49:19.742137 Mike: We should drop India
ChatterBot Juliett reevaluating
ChatterBot Lima reevaluating
ChatterBot Quebec reevaluating
2024-10-14 16:49:19.771240 Juliett: No
2024-10-14 16:49:19.771395 Whiskey: No
2024-10-14 16:49:19.771534 Lima: No
2024-10-14 16:49:19.771679 Quebec: Yes
ChatterBot Lima reevaluating
ChatterBot Quebec reevaluating
ChatterBot Juliett reevaluating
ChatterBot Lima reevaluating
ChatterBot Quebec reevaluating
ChatterBot Juliett reevaluating
ChatterBot Quebec reevaluating
ChatterBot Juliett reevaluating
ChatterBot Lima reevaluating
2024-10-14 16:49:19.880397 Echo: Foxtrot, sending you 5
2024-10-14 16:49:19.880783 Whiskey: Lima, sending you 5
2024-10-14 16:49:19.881868 Sierra: Whiskey and Quebec, sending you 2
chatterbot Echo submitting transactions
chatterbot Oscar submitting transactions
2024-10-14 16:49:19.884790 Whiskey: India, Juliett and Mike, sending you 2
2024-10-14 16:49:19.885749 Oscar: Whiskey, Juliett and Quebec, sending you 1
2024-10-14 16:49:19.886664 India: Whiskey, Lima, Juliett and Quebec, sending you 1
2024-10-14 16:49:19.887527 Sierra: Juliett and Mike, sending you 1
2024-10-14 16:49:19.887870 Foxtrot: Oscar, sending you 1
2024-10-14 16:49:19.889037 Lima: Mike we want you to join our group
2024-10-14 16:49:19.895874 Mike: Yes
2024-10-14 16:49:19.916575 Whiskey: Quebec, sending you 7
2024-10-14 16:49:19.917944 India: Mike, sending you 3
2024-10-14 16:49:19.918603 Foxtrot: Echo, sending you 2
2024-10-14 16:49:19.921711 Quebec: Whiskey, sending you 7
2024-10-14 16:49:19.923039 Mike: Whiskey, sending you 1
2024-10-14 16:49:19.925708 Quebec: Lima, sending you 4
2024-10-14 16:49:19.926949 Mike: Juliett, sending you 3
2024-10-14 16:49:19.930071 Mike: Quebec, sending you 5
2024-10-14 16:49:19.931870 Juliett: Whiskey and Quebec, sending you 2
2024-10-14 16:49:19.932298 Quebec: India and Juliett, sending you 2
2024-10-14 16:49:19.935680 Juliett: Lima, sending you 1
2024-10-14 16:49:19.937684 Quebec: Mike, sending you 3
2024-10-14 16:49:19.957815 Juliett: Mike, sending you 3
2024-10-14 16:49:19.960989 Lima: Whiskey, sending you 4
2024-10-14 16:49:19.965700 Lima: Mike, sending you 1
2024-10-14 16:49:19.978268 Lima: Quebec, sending you 3
chatterbot Foxtrot submitting transactions
chatterbot Juliett submitting transactions
chatterbot Whiskey submitting transactions
chatterbot Sierra submitting transactions
chatterbot Lima submitting transactions
chatterbot India submitting transactions
chatterbot Quebec submitting transactions
chatterbot Mike submitting transactions
ChatterBot Sierra round 8
ChatterBot Oscar round 8
ChatterBot Whiskey round 8
ChatterBot Echo round 8
ChatterBot Foxtrot round 8
ChatterBot Lima round 8
ChatterBot India round 8
ChatterBot Juliett round 8
ChatterBot Mike round 8
ChatterBot Quebec round 8
2024-10-14 16:49:20.976107 Juliett: We should add India and Oscar
ChatterBot Quebec reevaluating
2024-10-14 16:49:21.014806 Mike: No
2024-10-14 16:49:21.015499 Whiskey: No
2024-10-14 16:49:21.015707 Lima: No
2024-10-14 16:49:21.015902 Quebec: No
ChatterBot Juliett reevaluating
ChatterBot Quebec reevaluating
ChatterBot Juliett reevaluating
ChatterBot Quebec reevaluating
ChatterBot Juliett reevaluating
ChatterBot Quebec reevaluating
ChatterBot Juliett reevaluating
2024-10-14 16:49:21.153895 Quebec: We should drop India
ChatterBot Juliett reevaluating
2024-10-14 16:49:21.195213 Mike: Yes
2024-10-14 16:49:21.195917 Juliett: Yes
2024-10-14 16:49:21.196092 Whiskey: No
2024-10-14 16:49:21.196261 Lima: Yes
ChatterBot Juliett reevaluating
ChatterBot Juliett reevaluating
ChatterBot Juliett reevaluating
2024-10-14 16:49:21.414625 Oscar: Echo, sending you 1
2024-10-14 16:49:21.415095 Sierra: Whiskey and Quebec, sending you 2
2024-10-14 16:49:21.416345 Whiskey: Lima, sending you 5
2024-10-14 16:49:21.417096 Foxtrot: Oscar, sending you 1
2024-10-14 16:49:21.417953 Echo: Foxtrot, sending you 5
chatterbot Sierra submitting transactions
2024-10-14 16:49:21.418567 Mike: Whiskey, sending you 2
2024-10-14 16:49:21.419028 Oscar: Foxtrot, sending you 2
2024-10-14 16:49:21.419975 Sierra: Juliett and Mike, sending you 1
2024-10-14 16:49:21.420539 Whiskey: India, Juliett and Mike, sending you 2
2024-10-14 16:49:21.421250 Foxtrot: Echo, sending you 2
chatterbot Echo submitting transactions
2024-10-14 16:49:21.422066 Lima: Whiskey, sending you 4
2024-10-14 16:49:21.422700 India: Whiskey, Mike and Quebec, sending you 2
2024-10-14 16:49:21.423948 Mike: Juliett, sending you 3
2024-10-14 16:49:21.425737 Whiskey: Quebec, sending you 7
2024-10-14 16:49:21.426736 Lima: Mike, sending you 1
2024-10-14 16:49:21.428035 India: Juliett, sending you 1
2024-10-14 16:49:21.428769 Mike: Quebec, sending you 4
2024-10-14 16:49:21.430705 Quebec: Whiskey, sending you 8
2024-10-14 16:49:21.432674 Lima: Quebec, sending you 3
2024-10-14 16:49:21.434689 Quebec: Lima and Mike, sending you 4
2024-10-14 16:49:21.436902 Juliett: Whiskey and Quebec, sending you 2
2024-10-14 16:49:21.439705 Quebec: Juliett, sending you 2
2024-10-14 16:49:21.440876 Juliett: Lima, sending you 1
2024-10-14 16:49:21.445911 Juliett: Mike, sending you 3
chatterbot Lima submitting transactions
chatterbot Whiskey submitting transactions
chatterbot Quebec submitting transactions
chatterbot Mike submitting transactions
chatterbot Oscar submitting transactions
chatterbot Juliett submitting transactions
chatterbot Foxtrot submitting transactions
chatterbot India submitting transactions
ChatterBot Sierra round 9
ChatterBot Oscar round 9
ChatterBot Whiskey round 9
ChatterBot Echo round 9
ChatterBot Foxtrot round 9
ChatterBot Lima round 9
ChatterBot India round 9
ChatterBot Juliett round 9
ChatterBot Mike round 9
ChatterBot Quebec round 9
2024-10-14 16:49:22.429657 Oscar: Echo, sending you 1
2024-10-14 16:49:22.430875 Sierra: Whiskey and Quebec, sending you 2
2024-10-14 16:49:22.432400 Whiskey: Lima, sending you 5
2024-10-14 16:49:22.433959 Oscar: Foxtrot, sending you 2
2024-10-14 16:49:22.434684 Sierra: Juliett and Mike, sending you 1
2024-10-14 16:49:22.436960 Lima: Whiskey, sending you 4
2024-10-14 16:49:22.437725 Whiskey: India, Juliett and Mike, sending you 2
2024-10-14 16:49:22.439207 Quebec: Whiskey, sending you 7
2024-10-14 16:49:22.439725 Mike: Whiskey, sending you 2
2024-10-14 16:49:22.440810 India: Whiskey, Mike and Quebec, sending you 2
2024-10-14 16:49:22.441771 Juliett: Whiskey, Mike and Quebec, sending you 2
2024-10-14 16:49:22.443135 Lima: Mike, sending you 1
2024-10-14 16:49:22.443780 Whiskey: Quebec, sending you 7
2024-10-14 16:49:22.445137 Quebec: Lima and Mike, sending you 4
2024-10-14 16:49:22.446133 Mike: Juliett, sending you 3
2024-10-14 16:49:22.446710 India: Juliett, sending you 1
2024-10-14 16:49:22.447156 Foxtrot: Oscar, sending you 1
2024-10-14 16:49:22.447407 Juliett: Lima and India, sending you 1
2024-10-14 16:49:22.448476 Lima: Quebec, sending you 3
2024-10-14 16:49:22.449961 Quebec: Juliett, sending you 3
2024-10-14 16:49:22.450985 Mike: Quebec, sending you 4
2024-10-14 16:49:22.452365 Foxtrot: Echo, sending you 2
chatterbot Oscar submitting transactions
chatterbot Foxtrot submitting transactions
chatterbot Juliett submitting transactions
chatterbot Lima submitting transactions
chatterbot Sierra submitting transactions
chatterbot Echo submitting transactions
chatterbot Quebec submitting transactions
chatterbot Whiskey submitting transactions
chatterbot Mike submitting transactions
chatterbot India submitting transactions
ChatterBot Sierra round 10
ChatterBot Oscar round 10
ChatterBot Whiskey round 10
ChatterBot Echo round 10
ChatterBot Foxtrot round 10
ChatterBot Lima round 10
ChatterBot India round 10
ChatterBot Juliett round 10
ChatterBot Mike round 10
ChatterBot Quebec round 10
2024-10-14 16:49:23.622404 Foxtrot: We should add Lima
ChatterBot Echo reevaluating
ChatterBot Oscar reevaluating
2024-10-14 16:49:23.634454 Echo: No
2024-10-14 16:49:23.635011 Oscar: No
ChatterBot Foxtrot reevaluating
ChatterBot Oscar reevaluating
ChatterBot Foxtrot reevaluating
ChatterBot Echo reevaluating
2024-10-14 16:49:23.704696 Foxtrot: We should add Juliett
ChatterBot Echo reevaluating
ChatterBot Oscar reevaluating
2024-10-14 16:49:23.715649 Echo: No
2024-10-14 16:49:23.715797 Oscar: Yes
ChatterBot Foxtrot reevaluating
ChatterBot Oscar reevaluating
ChatterBot Foxtrot reevaluating
ChatterBot Echo reevaluating
2024-10-14 16:49:23.734172 Foxtrot: We should add Sierra
ChatterBot Echo reevaluating
ChatterBot Oscar reevaluating
2024-10-14 16:49:23.742836 Echo: Yes
2024-10-14 16:49:23.742938 Oscar: No
ChatterBot Foxtrot reevaluating
ChatterBot Oscar reevaluating
ChatterBot Foxtrot reevaluating
ChatterBot Echo reevaluating
2024-10-14 16:49:23.760238 India: We should drop Lima
ChatterBot Juliett reevaluating
2024-10-14 16:49:23.784852 Juliett: Yes
2024-10-14 16:49:23.785077 Mike: No
2024-10-14 16:49:23.785229 Whiskey: No
2024-10-14 16:49:23.785382 Quebec: No
ChatterBot India reevaluating
ChatterBot India reevaluating
ChatterBot Juliett reevaluating
ChatterBot Whiskey reevaluating
ChatterBot India reevaluating
ChatterBot Juliett reevaluating
ChatterBot India reevaluating
ChatterBot Juliett reevaluating
ChatterBot Whiskey reevaluating
2024-10-14 16:49:23.917359 Juliett: We should add Sierra
ChatterBot India reevaluating
ChatterBot Whiskey reevaluating
2024-10-14 16:49:24.040383 India: No
2024-10-14 16:49:24.040765 Mike: No
2024-10-14 16:49:24.041184 Whiskey: No
2024-10-14 16:49:24.041877 Lima: No
2024-10-14 16:49:24.042198 Quebec: No
ChatterBot Juliett reevaluating
ChatterBot Whiskey reevaluating
ChatterBot India reevaluating
ChatterBot Juliett reevaluating
ChatterBot Whiskey reevaluating
ChatterBot India reevaluating
ChatterBot Juliett reevaluating
ChatterBot India reevaluating
ChatterBot Juliett reevaluating
ChatterBot Whiskey reevaluating
ChatterBot India reevaluating
ChatterBot Juliett reevaluating
ChatterBot Whiskey reevaluating
2024-10-14 16:49:24.201055 Foxtrot: Sierra we want you to join our group
ChatterBot Sierra reevaluating
2024-10-14 16:49:24.206175 Sierra: No
ChatterBot Foxtrot reevaluating
ChatterBot Oscar reevaluating
ChatterBot Echo reevaluating
2024-10-14 16:49:24.220018 Sierra: We would work well together
2024-10-14 16:49:24.220749 Echo: Let's form a team
ChatterBot Foxtrot reevaluating
ChatterBot Juliett reevaluating
ChatterBot Oscar reevaluating
2024-10-14 16:49:24.235157 Foxtrot: No
2024-10-14 16:49:24.235921 Juliett: No
2024-10-14 16:49:24.236035 Oscar: Yes
ChatterBot Oscar reevaluating
2024-10-14 16:49:24.241259 Oscar: No
ChatterBot Echo reevaluating
ChatterBot Oscar reevaluating
ChatterBot Juliett reevaluating
ChatterBot Sierra reevaluating
ChatterBot Echo reevaluating
ChatterBot Oscar reevaluating
ChatterBot Foxtrot reevaluating
ChatterBot Echo reevaluating
ChatterBot Foxtrot reevaluating
ChatterBot Juliett reevaluating
2024-10-14 16:49:24.297753 Lima: Whiskey, sending you 4
2024-10-14 16:49:24.298850 Quebec: Whiskey, sending you 7
2024-10-14 16:49:24.300433 Mike: Whiskey and Juliett, sending you 2
2024-10-14 16:49:24.312597 Lima: Mike, sending you 1
2024-10-14 16:49:24.314082 Quebec: Lima and Mike, sending you 4
2024-10-14 16:49:24.315449 Mike: Lima, sending you 1
2024-10-14 16:49:24.317923 Lima: Quebec, sending you 3
2024-10-14 16:49:24.325565 Quebec: Juliett, sending you 3
2024-10-14 16:49:24.326304 Echo: Oscar, sending you 1
2024-10-14 16:49:24.327149 India: Whiskey and Mike, sending you 2
2024-10-14 16:49:24.328060 Juliett: Whiskey, Mike and Quebec, sending you 2
2024-10-14 16:49:24.329505 Mike: Quebec, sending you 4
2024-10-14 16:49:24.329950 Whiskey: Lima, sending you 5
2024-10-14 16:49:24.331371 Echo: Foxtrot, sending you 4
2024-10-14 16:49:24.331679 India: Lima, Juliett and Quebec, sending you 1
2024-10-14 16:49:24.333467 Juliett: Lima and India, sending you 1
2024-10-14 16:49:24.334149 Whiskey: India, Juliett and Mike, sending you 2
2024-10-14 16:49:24.350572 Whiskey: Quebec, sending you 7
2024-10-14 16:49:24.367451 Foxtrot: Oscar, sending you 1
2024-10-14 16:49:24.388875 Foxtrot: Echo, sending you 2
chatterbot Mike submitting transactions
chatterbot Juliett submitting transactions
chatterbot Foxtrot submitting transactions
chatterbot Lima submitting transactions
chatterbot Quebec submitting transactions
chatterbot Echo submitting transactions
chatterbot Whiskey submitting transactions
chatterbot Oscar submitting transactions
chatterbot India submitting transactions
chatterbot Sierra submitting transactions
ChatterBot Sierra round 11
ChatterBot Oscar round 11
ChatterBot Whiskey round 11
ChatterBot Echo round 11
ChatterBot Foxtrot round 11
ChatterBot Lima round 11
ChatterBot India round 11
ChatterBot Juliett round 11
ChatterBot Mike round 11
ChatterBot Quebec round 11
2024-10-14 16:49:25.657527 Foxtrot: We should replace Sierra with Lima
ChatterBot Oscar reevaluating
2024-10-14 16:49:25.671006 Echo: No
2024-10-14 16:49:25.671217 Oscar: No
ChatterBot Foxtrot reevaluating
ChatterBot Oscar reevaluating
ChatterBot Foxtrot reevaluating
ChatterBot Echo reevaluating
2024-10-14 16:49:25.698974 Oscar: We should add Sierra
ChatterBot Foxtrot reevaluating
ChatterBot Echo reevaluating
2024-10-14 16:49:25.711882 Foxtrot: Yes
2024-10-14 16:49:25.712449 Echo: Yes
ChatterBot Echo reevaluating
ChatterBot Oscar reevaluating
ChatterBot Foxtrot reevaluating
ChatterBot Oscar reevaluating
2024-10-14 16:49:25.768352 Lima: We should add Juliett
ChatterBot Whiskey reevaluating
ChatterBot Quebec reevaluating
ChatterBot Mike reevaluating
2024-10-14 16:49:25.789166 Whiskey: Yes
2024-10-14 16:49:25.789406 Quebec: Yes
2024-10-14 16:49:25.789702 Mike: Yes
ChatterBot Quebec reevaluating
ChatterBot Mike reevaluating
ChatterBot Whiskey reevaluating
ChatterBot Mike reevaluating
ChatterBot Whiskey reevaluating
ChatterBot Quebec reevaluating
2024-10-14 16:49:25.925442 Oscar: Sierra we want you to join our group
ChatterBot Sierra reevaluating
2024-10-14 16:49:25.930880 Sierra: No
ChatterBot Foxtrot reevaluating
ChatterBot Echo reevaluating
2024-10-14 16:49:25.943010 Foxtrot: We should replace Sierra with India
ChatterBot Echo reevaluating
ChatterBot Oscar reevaluating
2024-10-14 16:49:25.952339 Echo: No
2024-10-14 16:49:25.952624 Oscar: Yes
ChatterBot Foxtrot reevaluating
ChatterBot Oscar reevaluating
ChatterBot Foxtrot reevaluating
ChatterBot Echo reevaluating
2024-10-14 16:49:25.969982 India: We should drop Lima
ChatterBot Mike reevaluating
ChatterBot Whiskey reevaluating
ChatterBot Quebec reevaluating
2024-10-14 16:49:25.984844 Juliett: No
2024-10-14 16:49:25.985590 Mike: No
2024-10-14 16:49:25.985870 Whiskey: No
2024-10-14 16:49:25.986260 Quebec: No
ChatterBot India reevaluating
ChatterBot Mike reevaluating
ChatterBot Whiskey reevaluating
ChatterBot Quebec reevaluating
ChatterBot India reevaluating
