ChatterBot Victor round 1
ChatterBot X-ray round 1
ChatterBot Whiskey round 1
ChatterBot Bravo round 1
ChatterBot Alpha round 1
ChatterBot November round 1
ChatterBot Sierra round 1
ChatterBot Golf round 1
ChatterBot Charlie round 1
ChatterBot Oscar round 1
randomSelections Whiskey: {Whiskey, X-ray} 
2024-10-14 16:49:09.153859 Whiskey: Friends?
ChatterBot X-ray reevaluating
2024-10-14 16:49:09.177408 X-ray: Yes
randomSelections Alpha: {Alpha, Sierra} 
2024-10-14 16:49:09.214294 Alpha: We would work well together
ChatterBot Sierra reevaluating
2024-10-14 16:49:09.220539 Sierra: Yes
randomSelections Victor: {Victor, Whiskey, Sierra, X-ray, Charlie} 
2024-10-14 16:49:09.231440 Victor: Friends?
ChatterBot Sierra reevaluating
ChatterBot X-ray reevaluating
ChatterBot Charlie reevaluating
2024-10-14 16:49:09.245822 Whiskey: No
2024-10-14 16:49:09.246232 Sierra: No
2024-10-14 16:49:09.247574 X-ray: No
2024-10-14 16:49:09.247918 Charlie: Yes
ChatterBot Sierra reevaluating
ChatterBot X-ray reevaluating
ChatterBot Charlie reevaluating
ChatterBot X-ray reevaluating
ChatterBot Charlie reevaluating
ChatterBot Sierra reevaluating
ChatterBot Charlie reevaluating
ChatterBot Sierra reevaluating
ChatterBot X-ray reevaluating
randomSelections Bravo: {Bravo, Oscar, Victor, Alpha, Whiskey, Charlie} 
2024-10-14 16:49:09.289685 Bravo: Can we be friends?
ChatterBot Oscar reevaluating
ChatterBot Charlie reevaluating
2024-10-14 16:49:09.303272 Oscar: Yes
2024-10-14 16:49:09.303461 Victor: No
2024-10-14 16:49:09.303662 Alpha: No
2024-10-14 16:49:09.303849 Whiskey: No
2024-10-14 16:49:09.304020 Charlie: No
ChatterBot Charlie reevaluating
ChatterBot Oscar reevaluating
ChatterBot Charlie reevaluating
ChatterBot Oscar reevaluating
ChatterBot Charlie reevaluating
ChatterBot Oscar reevaluating
ChatterBot Charlie reevaluating
ChatterBot Oscar reevaluating
randomSelections November: {November, Whiskey, Oscar, Charlie, Bravo, Victor} 
2024-10-14 16:49:09.360246 November: Group up?
ChatterBot Oscar reevaluating
ChatterBot Charlie reevaluating
2024-10-14 16:49:09.370721 Whiskey: No
2024-10-14 16:49:09.370911 Oscar: No
2024-10-14 16:49:09.371058 Charlie: No
2024-10-14 16:49:09.371209 Bravo: No
2024-10-14 16:49:09.371442 Victor: No
ChatterBot Oscar reevaluating
ChatterBot Charlie reevaluating
ChatterBot Charlie reevaluating
ChatterBot Oscar reevaluating
ChatterBot Oscar reevaluating
ChatterBot Charlie reevaluating
ChatterBot Oscar reevaluating
ChatterBot Charlie reevaluating
randomSelections Golf: {Golf, Sierra, Alpha, November, Bravo, Oscar} 
2024-10-14 16:49:09.429780 Golf: Group up?
ChatterBot Sierra reevaluating
ChatterBot Oscar reevaluating
2024-10-14 16:49:09.463536 Sierra: No
2024-10-14 16:49:09.463745 Alpha: No
2024-10-14 16:49:09.464018 November: No
2024-10-14 16:49:09.464250 Bravo: No
2024-10-14 16:49:09.467283 Oscar: No
ChatterBot Oscar reevaluating
ChatterBot Sierra reevaluating
ChatterBot Oscar reevaluating
ChatterBot Sierra reevaluating
ChatterBot Oscar reevaluating
ChatterBot Sierra reevaluating
ChatterBot Oscar reevaluating
ChatterBot Sierra reevaluating
2024-10-14 16:49:09.569093 Alpha: Sending you 9
2024-10-14 16:49:09.570565 Victor: X-ray and Charlie, sending you 3
2024-10-14 16:49:09.571477 Golf: Bravo, November and Oscar, sending you 1
2024-10-14 16:49:09.573573 X-ray: Sending you 12
2024-10-14 16:49:09.574944 Whiskey: Sending you 4
2024-10-14 16:49:09.575396 Victor: Whiskey and Sierra, sending you 1
2024-10-14 16:49:09.576764 Golf: Alpha, sending you 2
2024-10-14 16:49:09.580277 November: Whiskey, Bravo and Oscar, sending you 1
2024-10-14 16:49:09.582012 Oscar: Victor and Charlie, sending you 1
2024-10-14 16:49:09.583748 Golf: Sierra, sending you 4
2024-10-14 16:49:09.584865 Charlie: X-ray, sending you 2
2024-10-14 16:49:09.597692 Oscar: Whiskey, sending you 2
2024-10-14 16:49:09.598243 Sierra: Sending you 6
2024-10-14 16:49:09.600440 Charlie: Whiskey, sending you 3
2024-10-14 16:49:09.602938 Oscar: Bravo, sending you 5
2024-10-14 16:49:09.607073 Charlie: Sierra, sending you 4
2024-10-14 16:49:09.609046 Oscar: Alpha, sending you 7
chatterbot Whiskey submitting transactions
chatterbot Charlie submitting transactions
chatterbot X-ray submitting transactions
chatterbot Oscar submitting transactions
chatterbot Bravo submitting transactions
chatterbot November submitting transactions
chatterbot Sierra submitting transactions
chatterbot Golf submitting transactions
chatterbot Alpha submitting transactions
chatterbot Victor submitting transactions
ChatterBot Victor round 2
ChatterBot X-ray round 2
ChatterBot Whiskey round 2
ChatterBot Bravo round 2
2024-10-14 16:49:10.552359 X-ray: We should add Victor and Charlie
ChatterBot Whiskey reevaluating
2024-10-14 16:49:10.557880 Whiskey: No
ChatterBot Alpha round 2
ChatterBot November round 2
ChatterBot Sierra round 2
ChatterBot Golf round 2
ChatterBot Charlie round 2
ChatterBot Oscar round 2
2024-10-14 16:49:10.589522 Bravo: Friends?
ChatterBot Oscar reevaluating
ChatterBot November reevaluating
2024-10-14 16:49:10.599221 Oscar: No
2024-10-14 16:49:10.599404 November: No
ChatterBot Bravo reevaluating
ChatterBot November reevaluating
ChatterBot Bravo reevaluating
ChatterBot Oscar reevaluating
2024-10-14 16:49:10.617154 November: Let's form a team
ChatterBot Golf reevaluating
2024-10-14 16:49:10.621737 Golf: No
ChatterBot November reevaluating
2024-10-14 16:49:10.626336 X-ray: Victor and Charlie we want you to join our group
ChatterBot Charlie reevaluating
2024-10-14 16:49:10.634644 Victor: Yes
2024-10-14 16:49:10.634847 Charlie: No
ChatterBot Whiskey reevaluating
ChatterBot Charlie reevaluating
ChatterBot Whiskey reevaluating
2024-10-14 16:49:10.673244 Charlie: Friends?
ChatterBot Oscar reevaluating
2024-10-14 16:49:10.688979 Victor: No
2024-10-14 16:49:10.689145 Oscar: No
ChatterBot Charlie reevaluating
ChatterBot Oscar reevaluating
ChatterBot Charlie reevaluating
2024-10-14 16:49:10.722972 Oscar: Group up?
ChatterBot November reevaluating
2024-10-14 16:49:10.731137 November: No
ChatterBot Oscar reevaluating
2024-10-14 16:49:10.748693 Alpha: We should add Golf and Oscar
ChatterBot Sierra reevaluating
2024-10-14 16:49:10.758169 Sierra: Yes
ChatterBot Alpha reevaluating
2024-10-14 16:49:10.793466 Victor: We should drop Sierra
ChatterBot Charlie reevaluating
2024-10-14 16:49:10.818853 X-ray: Yes
2024-10-14 16:49:10.819061 Whiskey: Yes
2024-10-14 16:49:10.819295 Charlie: Yes
ChatterBot Charlie reevaluating
ChatterBot Charlie reevaluating
2024-10-14 16:49:10.916426 Alpha: We should replace Sierra with Golf
2024-10-14 16:49:10.976741 Golf: We should drop November and Bravo
ChatterBot Alpha reevaluating
2024-10-14 16:49:10.992694 Alpha: Yes
2024-10-14 16:49:10.993152 Sierra: Yes
2024-10-14 16:49:10.993362 Oscar: No
ChatterBot Alpha reevaluating
ChatterBot Alpha reevaluating
chatterbot Bravo submitting transactions
2024-10-14 16:49:11.117313 Whiskey: Sending you 3
2024-10-14 16:49:11.118053 X-ray: Victor, sending you 4
2024-10-14 16:49:11.118368 November: Sending you 3
2024-10-14 16:49:11.118664 Oscar: Sending you 18
2024-10-14 16:49:11.119313 Charlie: Victor, sending you 6
2024-10-14 16:49:11.119587 Bravo: November, sending you 3
2024-10-14 16:49:11.119886 Alpha: Golf and Oscar we want you to join our group
ChatterBot Golf reevaluating
2024-10-14 16:49:11.138585 Golf: No
2024-10-14 16:49:11.138805 Oscar: No
ChatterBot Alpha reevaluating
ChatterBot Golf reevaluating
ChatterBot Alpha reevaluating
2024-10-14 16:49:11.193507 Sierra: Alpha, sending you 6
2024-10-14 16:49:11.194331 Victor: X-ray and Charlie, sending you 3
2024-10-14 16:49:11.194850 X-ray: Whiskey, sending you 5
2024-10-14 16:49:11.195154 Charlie: Oscar, sending you 3
2024-10-14 16:49:11.195771 Bravo: Oscar, sending you 6
chatterbot Oscar submitting transactions
chatterbot X-ray submitting transactions
2024-10-14 16:49:11.600429 Sierra: Golf, sending you 3
2024-10-14 16:49:11.601313 Victor: Whiskey, sending you 2
2024-10-14 16:49:11.601708 X-ray: Charlie, sending you 3
chatterbot Sierra submitting transactions
chatterbot Victor submitting transactions
chatterbot November submitting transactions
chatterbot Whiskey submitting transactions
chatterbot Charlie submitting transactions
2024-10-14 16:49:12.101713 Sierra: Oscar, sending you 1
chatterbot Alpha submitting transactions
2024-10-14 16:49:12.468476 Golf: Sending you each 3
2024-10-14 16:49:12.468821 Alpha: Sierra, sending you 3
chatterbot Golf submitting transactions
2024-10-14 16:49:12.481863 Alpha: Golf, sending you 2
ChatterBot Victor round 3
ChatterBot X-ray round 3
ChatterBot Whiskey round 3
2024-10-14 16:49:12.534684 Alpha: Oscar, sending you 4
ChatterBot Bravo round 3
ChatterBot Alpha round 3
ChatterBot November round 3
ChatterBot Sierra round 3
ChatterBot Golf round 3
ChatterBot Charlie round 3
ChatterBot Oscar round 3
2024-10-14 16:49:12.542051 Golf: We should replace Oscar with November
ChatterBot Sierra reevaluating
2024-10-14 16:49:12.549627 Alpha: No
2024-10-14 16:49:12.549780 Sierra: No
ChatterBot Golf reevaluating
ChatterBot Sierra reevaluating
ChatterBot Golf reevaluating
2024-10-14 16:49:12.635848 X-ray: We should add Golf
ChatterBot Victor reevaluating
ChatterBot Charlie reevaluating
2024-10-14 16:49:12.652776 Whiskey: No
2024-10-14 16:49:12.653085 Victor: No
2024-10-14 16:49:12.653780 Charlie: No
ChatterBot X-ray reevaluating
ChatterBot Victor reevaluating
ChatterBot Charlie reevaluating
ChatterBot X-ray reevaluating
ChatterBot Charlie reevaluating
ChatterBot X-ray reevaluating
ChatterBot Victor reevaluating
2024-10-14 16:49:12.727262 November: We should add Bravo and Oscar
ChatterBot Golf reevaluating
2024-10-14 16:49:12.732403 Golf: No
ChatterBot November reevaluating
2024-10-14 16:49:12.738626 November: Let's form a team
ChatterBot Bravo reevaluating
ChatterBot Oscar reevaluating
2024-10-14 16:49:12.748601 Bravo: Yes
2024-10-14 16:49:12.748813 Oscar: Yes
ChatterBot Oscar reevaluating
ChatterBot November reevaluating
ChatterBot Bravo reevaluating
ChatterBot November reevaluating
2024-10-14 16:49:12.767317 Oscar: Group up?
ChatterBot Golf reevaluating
ChatterBot Sierra reevaluating
ChatterBot November reevaluating
ChatterBot Bravo reevaluating
2024-10-14 16:49:12.790934 Golf: Yes
2024-10-14 16:49:12.791115 Sierra: No
2024-10-14 16:49:12.791238 Alpha: No
2024-10-14 16:49:12.791369 November: No
2024-10-14 16:49:12.791501 Bravo: No
ChatterBot Sierra reevaluating
ChatterBot November reevaluating
ChatterBot Bravo reevaluating
ChatterBot Oscar reevaluating
ChatterBot Golf reevaluating
ChatterBot November reevaluating
ChatterBot Bravo reevaluating
ChatterBot Oscar reevaluating
ChatterBot Golf reevaluating
ChatterBot Sierra reevaluating
ChatterBot November reevaluating
ChatterBot Bravo reevaluating
ChatterBot Oscar reevaluating
ChatterBot Golf reevaluating
ChatterBot Sierra reevaluating
ChatterBot Bravo reevaluating
ChatterBot Oscar reevaluating
ChatterBot Golf reevaluating
ChatterBot Sierra reevaluating
ChatterBot November reevaluating
ChatterBot Oscar reevaluating
2024-10-14 16:49:12.911851 Bravo: We should add Golf
ChatterBot Oscar reevaluating
ChatterBot November reevaluating
2024-10-14 16:49:12.920308 Oscar: Yes
2024-10-14 16:49:12.920497 November: Yes
ChatterBot Bravo reevaluating
ChatterBot November reevaluating
ChatterBot Bravo reevaluating
ChatterBot Oscar reevaluating
2024-10-14 16:49:12.971446 Charlie: We should add X-ray and Whiskey
ChatterBot Victor reevaluating
ChatterBot Oscar reevaluating
2024-10-14 16:49:12.986755 Victor: Yes
2024-10-14 16:49:12.986945 Oscar: No
ChatterBot Charlie reevaluating
ChatterBot Oscar reevaluating
ChatterBot Charlie reevaluating
ChatterBot Victor reevaluating
2024-10-14 16:49:13.021050 X-ray: We should add Bravo
ChatterBot Victor reevaluating
ChatterBot Charlie reevaluating
2024-10-14 16:49:13.045257 Whiskey: No
2024-10-14 16:49:13.045457 Victor: No
2024-10-14 16:49:13.045637 Charlie: Yes
ChatterBot X-ray reevaluating
ChatterBot Victor reevaluating
ChatterBot Charlie reevaluating
ChatterBot X-ray reevaluating
ChatterBot Charlie reevaluating
ChatterBot X-ray reevaluating
ChatterBot Victor reevaluating
2024-10-14 16:49:13.186496 Golf: November we want you to join our group
ChatterBot November reevaluating
2024-10-14 16:49:13.195305 November: Yes
ChatterBot Golf reevaluating
2024-10-14 16:49:13.217763 November: We would work well together
ChatterBot Golf reevaluating
ChatterBot Bravo reevaluating
ChatterBot Oscar reevaluating
2024-10-14 16:49:13.248265 Golf: No
2024-10-14 16:49:13.248428 Sierra: No
2024-10-14 16:49:13.249089 Alpha: No
2024-10-14 16:49:13.249283 Bravo: No
2024-10-14 16:49:13.249498 Oscar: Yes
ChatterBot November reevaluating
ChatterBot Bravo reevaluating
ChatterBot Oscar reevaluating
ChatterBot Golf reevaluating
ChatterBot November reevaluating
ChatterBot Bravo reevaluating
ChatterBot Oscar reevaluating
ChatterBot Golf reevaluating
ChatterBot November reevaluating
ChatterBot Bravo reevaluating
ChatterBot Oscar reevaluating
ChatterBot Golf reevaluating
ChatterBot Sierra reevaluating
ChatterBot November reevaluating
ChatterBot Oscar reevaluating
ChatterBot Golf reevaluating
ChatterBot Sierra reevaluating
ChatterBot November reevaluating
ChatterBot Bravo reevaluating
2024-10-14 16:49:13.361704 Charlie: X-ray and Whiskey we want you to join our group
ChatterBot X-ray reevaluating
2024-10-14 16:49:13.371150 X-ray: Yes
2024-10-14 16:49:13.371345 Whiskey: No
ChatterBot Oscar reevaluating
ChatterBot Charlie reevaluating
ChatterBot X-ray reevaluating
ChatterBot Oscar reevaluating
2024-10-14 16:49:13.407300 X-ray: We should add Oscar
ChatterBot Charlie reevaluating
2024-10-14 16:49:13.420880 Whiskey: No
2024-10-14 16:49:13.421023 Victor: No
2024-10-14 16:49:13.421527 Charlie: Yes
ChatterBot X-ray reevaluating
ChatterBot Charlie reevaluating
ChatterBot X-ray reevaluating
ChatterBot Charlie reevaluating
ChatterBot X-ray reevaluating
chatterbot Whiskey submitting transactions
2024-10-14 16:49:13.465976 Bravo: Golf we want you to join our group
ChatterBot Golf reevaluating
2024-10-14 16:49:13.470374 Golf: No
ChatterBot November reevaluating
2024-10-14 16:49:13.483405 Whiskey: Same as last round
2024-10-14 16:49:13.484067 Alpha: Sierra, sending you 5
chatterbot Alpha submitting transactions
2024-10-14 16:49:13.559904 Victor: X-ray, sending you 3
2024-10-14 16:49:13.560770 Sierra: Alpha, sending you 6
2024-10-14 16:49:13.561136 Alpha: Golf and Oscar, sending you 2
2024-10-14 16:49:13.561393 November: Bravo and Oscar we want you to join our group
ChatterBot Oscar reevaluating
2024-10-14 16:49:13.570304 Bravo: Yes
2024-10-14 16:49:13.571018 Oscar: No
ChatterBot November reevaluating
ChatterBot Oscar reevaluating
ChatterBot Golf reevaluating
ChatterBot November reevaluating
ChatterBot Golf reevaluating
2024-10-14 16:49:13.662700 Golf: We should add Bravo and November
ChatterBot Alpha reevaluating
ChatterBot Sierra reevaluating
ChatterBot Oscar reevaluating
2024-10-14 16:49:13.687244 Alpha: No
2024-10-14 16:49:13.687552 Sierra: No
2024-10-14 16:49:13.688333 Oscar: No
ChatterBot Golf reevaluating
ChatterBot Sierra reevaluating
ChatterBot Oscar reevaluating
ChatterBot Golf reevaluating
ChatterBot Alpha reevaluating
ChatterBot Oscar reevaluating
ChatterBot Golf reevaluating
ChatterBot Alpha reevaluating
ChatterBot Sierra reevaluating
2024-10-14 16:49:13.760733 Victor: Whiskey, sending you 1
2024-10-14 16:49:13.925576 Charlie: Victor, sending you 5
2024-10-14 16:49:13.925873 Bravo: November and Golf, sending you 2
2024-10-14 16:49:13.926152 Victor: Charlie, sending you 4
2024-10-14 16:49:14.066824 Charlie: X-ray, sending you 3
2024-10-14 16:49:14.067534 Bravo: Oscar, sending you 5
2024-10-14 16:49:14.285985 November: Bravo, sending you 1
2024-10-14 16:49:14.286730 Charlie: Bravo, sending you 1
2024-10-14 16:49:14.287044 Oscar: Bravo, sending you 9
chatterbot Bravo submitting transactions
chatterbot Victor submitting transactions
chatterbot Sierra submitting transactions
2024-10-14 16:49:14.427717 November: Oscar, sending you 2
2024-10-14 16:49:14.428407 Oscar: November, sending you 3
2024-10-14 16:49:14.474753 Oscar: Golf, sending you 6
chatterbot Charlie submitting transactions
chatterbot Golf submitting transactions
chatterbot X-ray submitting transactions
chatterbot Alpha submitting transactions
chatterbot November submitting transactions
chatterbot Oscar submitting transactions
ChatterBot Victor round 4
ChatterBot X-ray round 4
ChatterBot Whiskey round 4
ChatterBot Bravo round 4
ChatterBot Alpha round 4
ChatterBot November round 4
ChatterBot Sierra round 4
2024-10-14 16:49:15.047719 Bravo: We should add Alpha and Sierra
ChatterBot Oscar reevaluating
ChatterBot Golf reevaluating
2024-10-14 16:49:15.068422 November: No
2024-10-14 16:49:15.068645 Oscar: No
2024-10-14 16:49:15.068823 Golf: Yes
ChatterBot Bravo reevaluating
ChatterBot Oscar reevaluating
ChatterBot Golf reevaluating
ChatterBot Bravo reevaluating
ChatterBot Golf reevaluating
ChatterBot Bravo reevaluating
ChatterBot Oscar reevaluating
ChatterBot Golf round 4
2024-10-14 16:49:15.143486 X-ray: We should add November
ChatterBot Charlie reevaluating
2024-10-14 16:49:15.206254 Whiskey: No
2024-10-14 16:49:15.206514 Victor: No
2024-10-14 16:49:15.206741 Charlie: No
ChatterBot X-ray reevaluating
ChatterBot Charlie reevaluating
ChatterBot X-ray reevaluating
ChatterBot Charlie reevaluating
ChatterBot X-ray reevaluating
ChatterBot Charlie round 4
ChatterBot Oscar round 4
2024-10-14 16:49:15.340339 Sierra: We should add Bravo and November
ChatterBot Golf reevaluating
ChatterBot Oscar reevaluating
2024-10-14 16:49:15.362690 Golf: Yes
2024-10-14 16:49:15.362881 Alpha: No
2024-10-14 16:49:15.363073 Oscar: Yes
ChatterBot Oscar reevaluating
ChatterBot Golf reevaluating
ChatterBot Sierra reevaluating
ChatterBot Oscar reevaluating
ChatterBot Golf reevaluating
ChatterBot Sierra reevaluating
2024-10-14 16:49:15.432030 Oscar: We should add Alpha and Sierra
ChatterBot Bravo reevaluating
ChatterBot Golf reevaluating
2024-10-14 16:49:15.445175 Bravo: No
2024-10-14 16:49:15.445404 November: No
2024-10-14 16:49:15.445529 Golf: Yes
ChatterBot Oscar reevaluating
ChatterBot Golf reevaluating
ChatterBot Bravo reevaluating
ChatterBot Oscar reevaluating
ChatterBot Golf reevaluating
ChatterBot Bravo reevaluating
ChatterBot Oscar reevaluating
2024-10-14 16:49:15.502199 Alpha: We should drop Oscar
ChatterBot Sierra reevaluating
2024-10-14 16:49:15.510946 Golf: No
2024-10-14 16:49:15.511068 Sierra: No
ChatterBot Sierra reevaluating
2024-10-14 16:49:15.528728 Golf: Bravo and November we want you to join our group
ChatterBot Bravo reevaluating
2024-10-14 16:49:15.537575 November: No
2024-10-14 16:49:15.537728 Bravo: No
ChatterBot Sierra reevaluating
ChatterBot Bravo reevaluating
ChatterBot Golf reevaluating
ChatterBot Sierra reevaluating
ChatterBot Oscar reevaluating
2024-10-14 16:49:15.579339 X-ray: November we want you to join our group
2024-10-14 16:49:15.583757 November: No
ChatterBot X-ray reevaluating
ChatterBot Charlie reevaluating
2024-10-14 16:49:15.604012 X-ray: We should add Golf
ChatterBot Charlie reevaluating
2024-10-14 16:49:15.618962 Whiskey: No
2024-10-14 16:49:15.619136 Victor: No
2024-10-14 16:49:15.619273 Charlie: No
ChatterBot X-ray reevaluating
ChatterBot Charlie reevaluating
ChatterBot X-ray reevaluating
ChatterBot Charlie reevaluating
ChatterBot X-ray reevaluating
2024-10-14 16:49:15.728190 Whiskey: Same as last round
2024-10-14 16:49:15.729381 Oscar: We should drop Golf
ChatterBot Bravo reevaluating
2024-10-14 16:49:15.738705 Bravo: No
2024-10-14 16:49:15.738930 November: No
ChatterBot Oscar reevaluating
ChatterBot Bravo reevaluating
ChatterBot Oscar reevaluating
2024-10-14 16:49:15.758664 Sierra: Bravo and November we want you to join our group
2024-10-14 16:49:15.767008 November: No
2024-10-14 16:49:15.767691 Bravo: No
ChatterBot Golf reevaluating
ChatterBot Alpha reevaluating
ChatterBot Oscar reevaluating
ChatterBot Golf reevaluating
ChatterBot Alpha reevaluating
ChatterBot Oscar reevaluating
2024-10-14 16:49:15.819247 X-ray: We should add Oscar
ChatterBot Charlie reevaluating
2024-10-14 16:49:15.845253 Whiskey: No
2024-10-14 16:49:15.845675 Victor: No
2024-10-14 16:49:15.846608 Charlie: No
ChatterBot X-ray reevaluating
ChatterBot Charlie reevaluating
ChatterBot X-ray reevaluating
ChatterBot Charlie reevaluating
ChatterBot X-ray reevaluating
2024-10-14 16:49:15.925898 Victor: X-ray, sending you 3
2024-10-14 16:49:15.926910 November: Bravo, sending you 1
chatterbot Alpha submitting transactions
2024-10-14 16:49:15.943884 November: Oscar, sending you 2
2024-10-14 16:49:15.944414 Victor: Whiskey, sending you 1
2024-10-14 16:49:15.992702 Oscar: Bravo, sending you 10
2024-10-14 16:49:15.993229 Bravo: November, sending you 2
2024-10-14 16:49:15.993604 Victor: Charlie, sending you 4
2024-10-14 16:49:15.994796 Alpha: Sierra, sending you 5
chatterbot Whiskey submitting transactions
2024-10-14 16:49:16.016654 Bravo: Golf, sending you 1
2024-10-14 16:49:16.017080 Oscar: November and Golf, sending you 4
2024-10-14 16:49:16.017977 Alpha: Golf and Oscar, sending you 2
2024-10-14 16:49:16.018588 Golf: Bravo and November, sending you 1
2024-10-14 16:49:16.041222 Bravo: Oscar, sending you 6
2024-10-14 16:49:16.042495 Golf: Alpha and Oscar, sending you 2
2024-10-14 16:49:16.049299 Golf: Sierra, sending you 3
chatterbot Oscar submitting transactions
chatterbot Golf submitting transactions
chatterbot Alpha submitting transactions
chatterbot Sierra submitting transactions
chatterbot Charlie submitting transactions
chatterbot X-ray submitting transactions
chatterbot November submitting transactions
chatterbot Victor submitting transactions
chatterbot Bravo submitting transactions
ChatterBot Victor round 5
ChatterBot X-ray round 5
ChatterBot Whiskey round 5
ChatterBot Bravo round 5
ChatterBot Alpha round 5
ChatterBot November round 5
ChatterBot Sierra round 5
ChatterBot Golf round 5
ChatterBot Charlie round 5
ChatterBot Oscar round 5
2024-10-14 16:49:16.689783 Whiskey: We should add Victor
ChatterBot X-ray reevaluating
2024-10-14 16:49:16.693468 X-ray: Yes
2024-10-14 16:49:16.696907 X-ray: We should add November
ChatterBot Victor reevaluating
ChatterBot Charlie reevaluating
2024-10-14 16:49:16.706559 Whiskey: No
2024-10-14 16:49:16.706703 Victor: No
2024-10-14 16:49:16.706872 Charlie: Yes
ChatterBot X-ray reevaluating
ChatterBot Victor reevaluating
ChatterBot Charlie reevaluating
ChatterBot X-ray reevaluating
ChatterBot Charlie reevaluating
ChatterBot X-ray reevaluating
ChatterBot Victor reevaluating
2024-10-14 16:49:16.766625 Alpha: We should drop Oscar
2024-10-14 16:49:16.807320 Golf: No
2024-10-14 16:49:16.807603 Sierra: Yes
2024-10-14 16:49:16.844194 Whiskey: Victor we want you to join our group
ChatterBot Victor reevaluating
2024-10-14 16:49:16.848717 Victor: Yes
ChatterBot X-ray reevaluating
2024-10-14 16:49:16.857287 Charlie: We should drop Whiskey and Bravo
ChatterBot X-ray reevaluating
2024-10-14 16:49:16.864058 Victor: No
2024-10-14 16:49:16.864784 X-ray: No
ChatterBot X-ray reevaluating
ChatterBot Charlie reevaluating
2024-10-14 16:49:16.971956 Charlie: We should drop Bravo
2024-10-14 16:49:16.982576 X-ray: Yes
2024-10-14 16:49:16.983270 Whiskey: Yes
2024-10-14 16:49:16.983418 Victor: Yes
ChatterBot Charlie reevaluating
ChatterBot Charlie reevaluating
ChatterBot Whiskey reevaluating
ChatterBot Charlie reevaluating
2024-10-14 16:49:17.013969 Whiskey: We should add Victor and Charlie
2024-10-14 16:49:17.017783 X-ray: Yes
ChatterBot Whiskey reevaluating
2024-10-14 16:49:17.021808 X-ray: November we want you to join our group
2024-10-14 16:49:17.024987 November: No
ChatterBot X-ray reevaluating
ChatterBot Whiskey reevaluating
ChatterBot Charlie reevaluating
2024-10-14 16:49:17.040814 X-ray: We should add Golf
ChatterBot Whiskey reevaluating
ChatterBot Charlie reevaluating
2024-10-14 16:49:17.052659 Whiskey: No
2024-10-14 16:49:17.052787 Victor: No
2024-10-14 16:49:17.052893 Charlie: No
ChatterBot X-ray reevaluating
ChatterBot Charlie reevaluating
ChatterBot X-ray reevaluating
ChatterBot Whiskey reevaluating
ChatterBot Charlie reevaluating
ChatterBot X-ray reevaluating
ChatterBot Whiskey reevaluating
2024-10-14 16:49:17.087601 Victor: X-ray, sending you 3
2024-10-14 16:49:17.136501 November: Bravo, sending you 1
2024-10-14 16:49:17.136876 Bravo: November, sending you 2
2024-10-14 16:49:17.137589 Oscar: Bravo, sending you 9
chatterbot Golf submitting transactions
2024-10-14 16:49:17.137981 Golf: Bravo and November, sending you 1
2024-10-14 16:49:17.138929 Alpha: Sierra, sending you 6
2024-10-14 16:49:17.139264 Victor: Whiskey, sending you 1
2024-10-14 16:49:17.140311 November: Oscar, sending you 2
2024-10-14 16:49:17.140635 Bravo: Golf, sending you 1
2024-10-14 16:49:17.153922 Golf: Alpha and Oscar, sending you 2
2024-10-14 16:49:17.154579 Oscar: November, sending you 5
2024-10-14 16:49:17.155632 Alpha: Golf, sending you 3
2024-10-14 16:49:17.156002 Victor: Charlie, sending you 4
2024-10-14 16:49:17.157125 Bravo: Oscar, sending you 6
2024-10-14 16:49:17.157691 Golf: Sierra, sending you 3
2024-10-14 16:49:17.183846 Oscar: Golf, sending you 4
2024-10-14 16:49:17.189061 X-ray: Victor and Whiskey, sending you 4
2024-10-14 16:49:17.189455 Charlie: Victor, sending you 5
2024-10-14 16:49:17.195476 Whiskey: Victor, sending you 2
2024-10-14 16:49:17.195911 X-ray: November, sending you 1
2024-10-14 16:49:17.196208 Charlie: X-ray, sending you 4
2024-10-14 16:49:17.198661 Whiskey: X-ray, sending you 3
2024-10-14 16:49:17.200348 X-ray: Charlie, sending you 3
chatterbot November submitting transactions
chatterbot Bravo submitting transactions
chatterbot Charlie submitting transactions
chatterbot Victor submitting transactions
chatterbot Oscar submitting transactions
chatterbot Sierra submitting transactions
chatterbot Alpha submitting transactions
chatterbot Whiskey submitting transactions
chatterbot X-ray submitting transactions
ChatterBot Victor round 6
ChatterBot X-ray round 6
ChatterBot Whiskey round 6
ChatterBot Bravo round 6
ChatterBot Alpha round 6
ChatterBot November round 6
ChatterBot Sierra round 6
ChatterBot Golf round 6
ChatterBot Charlie round 6
ChatterBot Oscar round 6
2024-10-14 16:49:18.189087 Charlie: We should add Whiskey and November
2024-10-14 16:49:18.199294 Victor: No
2024-10-14 16:49:18.199500 X-ray: Yes
ChatterBot Charlie reevaluating
ChatterBot Charlie reevaluating
2024-10-14 16:49:18.229176 Oscar: We should add Alpha and Sierra
ChatterBot Golf reevaluating
2024-10-14 16:49:18.240763 Bravo: No
2024-10-14 16:49:18.240932 November: No
2024-10-14 16:49:18.241049 Golf: Yes
ChatterBot Oscar reevaluating
ChatterBot Golf reevaluating
ChatterBot Oscar reevaluating
ChatterBot Golf reevaluating
ChatterBot Oscar reevaluating
2024-10-14 16:49:18.273024 Sierra: We should drop Oscar
ChatterBot Golf reevaluating
2024-10-14 16:49:18.279461 Golf: No
2024-10-14 16:49:18.279591 Alpha: Yes
ChatterBot Golf reevaluating
2024-10-14 16:49:18.308089 Victor: X-ray, sending you 3
2024-10-14 16:49:18.308749 November: Bravo, sending you 1
2024-10-14 16:49:18.309627 Whiskey: Victor, sending you 2
2024-10-14 16:49:18.309954 Bravo: November, sending you 2
2024-10-14 16:49:18.310755 X-ray: Victor and Whiskey, sending you 4
2024-10-14 16:49:18.385972 Victor: Whiskey, sending you 1
2024-10-14 16:49:18.386665 Whiskey: X-ray, sending you 3
2024-10-14 16:49:18.387047 November: Oscar, sending you 2
2024-10-14 16:49:18.387542 Bravo: Golf, sending you 1
2024-10-14 16:49:18.392741 X-ray: November, sending you 1
2024-10-14 16:49:18.393439 Alpha: Sierra, sending you 6
2024-10-14 16:49:18.395059 Victor: Charlie, sending you 4
2024-10-14 16:49:18.395886 X-ray: Charlie, sending you 3
2024-10-14 16:49:18.398733 Bravo: Oscar, sending you 6
2024-10-14 16:49:18.399347 Alpha: Golf, sending you 3
2024-10-14 16:49:18.399723 Charlie: Victor, sending you 5
2024-10-14 16:49:18.400223 Oscar: Bravo, sending you 9
2024-10-14 16:49:18.404924 Golf: Bravo and November, sending you 1
2024-10-14 16:49:18.405698 Charlie: X-ray, sending you 4
2024-10-14 16:49:18.415891 Golf: Alpha and Oscar, sending you 2
2024-10-14 16:49:18.416796 Oscar: November, sending you 5
2024-10-14 16:49:18.441867 Golf: Sierra, sending you 3
2024-10-14 16:49:18.448757 Oscar: Golf, sending you 4
chatterbot Bravo submitting transactions
chatterbot November submitting transactions
chatterbot Alpha submitting transactions
chatterbot Whiskey submitting transactions
chatterbot Victor submitting transactions
chatterbot X-ray submitting transactions
chatterbot Charlie submitting transactions
chatterbot Sierra submitting transactions
chatterbot Golf submitting transactions
chatterbot Oscar submitting transactions
ChatterBot Victor round 7
ChatterBot X-ray round 7
ChatterBot Whiskey round 7
ChatterBot Bravo round 7
ChatterBot Alpha round 7
ChatterBot November round 7
ChatterBot Sierra round 7
ChatterBot Golf round 7
ChatterBot Charlie round 7
ChatterBot Oscar round 7
2024-10-14 16:49:19.788500 Whiskey: We should add Charlie
ChatterBot X-ray reevaluating
2024-10-14 16:49:19.800743 Victor: Yes
2024-10-14 16:49:19.801005 X-ray: Yes
ChatterBot Whiskey reevaluating
ChatterBot X-ray reevaluating
ChatterBot Whiskey reevaluating
2024-10-14 16:49:19.857851 Sierra: We should drop Oscar
2024-10-14 16:49:19.867439 Golf: No
2024-10-14 16:49:19.867684 Alpha: Yes
ChatterBot Alpha reevaluating
2024-10-14 16:49:19.887760 Alpha: We should add Oscar
2024-10-14 16:49:19.898499 Golf: Yes
2024-10-14 16:49:19.898733 Sierra: No
ChatterBot Alpha reevaluating
ChatterBot Alpha reevaluating
2024-10-14 16:49:19.921570 Oscar: We should drop Golf
2024-10-14 16:49:19.931947 Bravo: No
2024-10-14 16:49:19.932153 November: No
2024-10-14 16:49:19.951726 Alpha: Oscar we want you to join our group
ChatterBot Oscar reevaluating
2024-10-14 16:49:19.957857 Oscar: No
ChatterBot Alpha reevaluating
2024-10-14 16:49:19.974638 November: Bravo, sending you 1
2024-10-14 16:49:19.975192 Charlie: Victor, sending you 5
2024-10-14 16:49:19.976122 Golf: Bravo and November, sending you 1
2024-10-14 16:49:19.976914 Bravo: November, sending you 2
2024-10-14 16:49:19.977796 X-ray: Victor and Whiskey, sending you 4
2024-10-14 16:49:19.978305 Victor: X-ray and Charlie, sending you 3
2024-10-14 16:49:19.979655 November: Oscar, sending you 2
2024-10-14 16:49:19.980128 Golf: Alpha and Oscar, sending you 2
2024-10-14 16:49:19.981410 Charlie: X-ray, sending you 4
2024-10-14 16:49:19.981992 X-ray: November, sending you 1
2024-10-14 16:49:19.983027 Bravo: Golf, sending you 1
2024-10-14 16:49:19.983767 Victor: Whiskey, sending you 2
2024-10-14 16:49:19.984855 Whiskey: Victor, sending you 2
2024-10-14 16:49:19.985231 Golf: Sierra, sending you 3
2024-10-14 16:49:19.986846 X-ray: Charlie, sending you 3
2024-10-14 16:49:19.987312 Bravo: Oscar, sending you 6
2024-10-14 16:49:20.003622 Whiskey: X-ray, sending you 3
2024-10-14 16:49:20.004287 Alpha: Sierra, sending you 6
2024-10-14 16:49:20.025983 Oscar: Bravo, sending you 9
2024-10-14 16:49:20.027391 Alpha: Golf, sending you 3
2024-10-14 16:49:20.035507 Oscar: November, sending you 5
2024-10-14 16:49:20.232236 Oscar: Golf, sending you 4
chatterbot Oscar submitting transactions
chatterbot Sierra submitting transactions
chatterbot X-ray submitting transactions
chatterbot Bravo submitting transactions
chatterbot Victor submitting transactions
chatterbot Golf submitting transactions
chatterbot Alpha submitting transactions
chatterbot Whiskey submitting transactions
chatterbot November submitting transactions
chatterbot Charlie submitting transactions
ChatterBot Victor round 8
ChatterBot X-ray round 8
ChatterBot Whiskey round 8
ChatterBot Bravo round 8
ChatterBot Alpha round 8
ChatterBot November round 8
2024-10-14 16:49:20.687181 Whiskey: We should add Charlie
2024-10-14 16:49:20.723536 Victor: Yes
2024-10-14 16:49:20.728158 X-ray: Yes
ChatterBot Whiskey reevaluating
ChatterBot Whiskey reevaluating
ChatterBot Sierra round 8
ChatterBot Golf round 8
ChatterBot Charlie round 8
ChatterBot Oscar round 8
2024-10-14 16:49:20.776407 Charlie: We should add Whiskey and Alpha
2024-10-14 16:49:20.783524 Victor: No
2024-10-14 16:49:20.783776 X-ray: No
ChatterBot Charlie reevaluating
ChatterBot X-ray reevaluating
ChatterBot Charlie reevaluating
2024-10-14 16:49:20.812647 X-ray: We should drop November
ChatterBot Whiskey reevaluating
ChatterBot Charlie reevaluating
2024-10-14 16:49:20.823950 Whiskey: Yes
2024-10-14 16:49:20.824893 Victor: Yes
2024-10-14 16:49:20.825340 Charlie: Yes
ChatterBot X-ray reevaluating
ChatterBot Charlie reevaluating
ChatterBot X-ray reevaluating
ChatterBot Whiskey reevaluating
ChatterBot Charlie reevaluating
ChatterBot X-ray reevaluating
ChatterBot Whiskey reevaluating
2024-10-14 16:49:20.883173 Sierra: We should drop Oscar
ChatterBot Alpha reevaluating
2024-10-14 16:49:20.895961 Golf: No
2024-10-14 16:49:20.896738 Alpha: Yes
ChatterBot Alpha reevaluating
2024-10-14 16:49:20.918772 Oscar: We should drop Golf
2024-10-14 16:49:20.929506 Bravo: No
2024-10-14 16:49:20.929721 November: No
ChatterBot Oscar reevaluating
2024-10-14 16:49:20.944420 Victor: X-ray and Charlie, sending you 3
2024-10-14 16:49:20.950604 Bravo: November and Golf, sending you 2
2024-10-14 16:49:20.951241 November: Bravo, sending you 1
2024-10-14 16:49:20.951566 Victor: Whiskey, sending you 2
2024-10-14 16:49:20.952518 Golf: Bravo and November, sending you 1
2024-10-14 16:49:20.966022 Bravo: Oscar, sending you 5
2024-10-14 16:49:20.966621 November: Oscar, sending you 2
2024-10-14 16:49:20.967060 Charlie: Victor, sending you 5
2024-10-14 16:49:20.967941 Golf: Alpha and Oscar, sending you 2
2024-10-14 16:49:20.972639 Alpha: Sierra, sending you 6
2024-10-14 16:49:20.973919 Golf: Sierra, sending you 3
2024-10-14 16:49:20.974427 Charlie: X-ray, sending you 4
2024-10-14 16:49:20.974861 Oscar: Bravo, sending you 9
2024-10-14 16:49:20.981879 Alpha: Golf, sending you 3
2024-10-14 16:49:20.983192 Oscar: November, sending you 5
2024-10-14 16:49:20.990771 Oscar: Golf, sending you 4
chatterbot Oscar submitting transactions
chatterbot Sierra submitting transactions
chatterbot Bravo submitting transactions
chatterbot Golf submitting transactions
chatterbot Alpha submitting transactions
chatterbot Charlie submitting transactions
chatterbot Whiskey submitting transactions
chatterbot November submitting transactions
chatterbot X-ray submitting transactions
chatterbot Victor submitting transactions
ChatterBot Victor round 9
ChatterBot X-ray round 9
ChatterBot Whiskey round 9
ChatterBot Bravo round 9
ChatterBot Alpha round 9
ChatterBot November round 9
ChatterBot Sierra round 9
ChatterBot Golf round 9
ChatterBot Charlie round 9
ChatterBot Oscar round 9
2024-10-14 16:49:21.946887 Sierra: We should drop Oscar
2024-10-14 16:49:21.958476 Golf: No
2024-10-14 16:49:21.958788 Alpha: Yes
2024-10-14 16:49:21.978582 Victor: X-ray and Charlie, sending you 3
2024-10-14 16:49:21.980082 Oscar: We should drop Golf
ChatterBot Bravo reevaluating
2024-10-14 16:49:21.990184 Bravo: No
2024-10-14 16:49:21.990977 November: No
ChatterBot Bravo reevaluating
2024-10-14 16:49:22.010863 X-ray: Victor and Whiskey, sending you 4
2024-10-14 16:49:22.012164 Victor: Whiskey, sending you 2
2024-10-14 16:49:22.014673 Alpha: Sierra, sending you 6
2024-10-14 16:49:22.015500 November: Bravo, sending you 1
2024-10-14 16:49:22.016561 X-ray: November, sending you 1
2024-10-14 16:49:22.018706 Charlie: Victor, sending you 5
2024-10-14 16:49:22.019630 Golf: Bravo and November, sending you 1
2024-10-14 16:49:22.021783 Whiskey: Sending you each 3
2024-10-14 16:49:22.023301 November: Oscar, sending you 2
2024-10-14 16:49:22.024531 Alpha: Golf, sending you 3
2024-10-14 16:49:22.026035 Charlie: X-ray, sending you 4
2024-10-14 16:49:22.026877 X-ray: Charlie, sending you 3
2024-10-14 16:49:22.028263 Golf: Alpha and Oscar, sending you 2
2024-10-14 16:49:22.029268 Oscar: Bravo, sending you 11
2024-10-14 16:49:22.033700 Golf: Sierra, sending you 3
2024-10-14 16:49:22.036409 Oscar: November, sending you 7
2024-10-14 16:49:22.043695 Bravo: November and Golf, sending you 2
2024-10-14 16:49:22.047995 Bravo: Oscar, sending you 5
chatterbot Alpha submitting transactions
chatterbot Victor submitting transactions
chatterbot Oscar submitting transactions
chatterbot X-ray submitting transactions
chatterbot Golf submitting transactions
chatterbot Whiskey submitting transactions
chatterbot Charlie submitting transactions
chatterbot Bravo submitting transactions
chatterbot November submitting transactions
chatterbot Sierra submitting transactions
ChatterBot Victor round 10
ChatterBot X-ray round 10
ChatterBot Whiskey round 10
ChatterBot Bravo round 10
ChatterBot Alpha round 10
ChatterBot November round 10
ChatterBot Sierra round 10
ChatterBot Golf round 10
ChatterBot Charlie round 10
2024-10-14 16:49:23.110381 Alpha: We should add Oscar
2024-10-14 16:49:23.117102 Golf: Yes
2024-10-14 16:49:23.117288 Sierra: No
ChatterBot Alpha reevaluating
ChatterBot Alpha reevaluating
ChatterBot Oscar round 10
2024-10-14 16:49:23.155189 Sierra: We should drop Oscar
ChatterBot Alpha reevaluating
2024-10-14 16:49:23.161875 Golf: No
2024-10-14 16:49:23.162033 Alpha: No
ChatterBot Alpha reevaluating
2024-10-14 16:49:23.183671 X-ray: Victor, Whiskey and Charlie, sending you 4
2024-10-14 16:49:23.184663 Whiskey: Victor, sending you 3
2024-10-14 16:49:23.184946 Bravo: November and Golf, sending you 2
2024-10-14 16:49:23.185383 November: Bravo, sending you 1
2024-10-14 16:49:23.185758 Victor: X-ray and Charlie, sending you 3
2024-10-14 16:49:23.186780 Golf: Bravo and November, sending you 1
2024-10-14 16:49:23.189673 Whiskey: X-ray, sending you 4
2024-10-14 16:49:23.190275 Bravo: Oscar, sending you 5
2024-10-14 16:49:23.191351 November: Oscar, sending you 2
2024-10-14 16:49:23.192034 Victor: Whiskey, sending you 2
2024-10-14 16:49:23.192881 Golf: Alpha and Oscar, sending you 2
2024-10-14 16:49:23.198656 Golf: Sierra, sending you 3
2024-10-14 16:49:23.199596 Charlie: Victor, sending you 5
2024-10-14 16:49:23.203672 Charlie: X-ray, sending you 4
2024-10-14 16:49:23.204247 Oscar: Bravo, sending you 11
2024-10-14 16:49:23.205668 Alpha: Sierra, sending you 6
2024-10-14 16:49:23.209007 Oscar: November, sending you 7
2024-10-14 16:49:23.210828 Alpha: Golf, sending you 3
chatterbot November submitting transactions
chatterbot X-ray submitting transactions
chatterbot Oscar submitting transactions
chatterbot Victor submitting transactions
chatterbot Charlie submitting transactions
chatterbot Whiskey submitting transactions
chatterbot Bravo submitting transactions
chatterbot Sierra submitting transactions
chatterbot Golf submitting transactions
chatterbot Alpha submitting transactions
ChatterBot Victor round 11
ChatterBot X-ray round 11
ChatterBot Whiskey round 11
ChatterBot Bravo round 11
ChatterBot Alpha round 11
ChatterBot November round 11
ChatterBot Sierra round 11
ChatterBot Golf round 11
ChatterBot Charlie round 11
ChatterBot Oscar round 11
2024-10-14 16:49:24.329368 Whiskey: We should add Charlie
ChatterBot X-ray reevaluating
2024-10-14 16:49:24.341652 Victor: Yes
2024-10-14 16:49:24.342313 X-ray: Yes
ChatterBot Whiskey reevaluating
ChatterBot X-ray reevaluating
ChatterBot Whiskey reevaluating
2024-10-14 16:49:24.399033 Alpha: We should add Oscar
2024-10-14 16:49:24.409634 Golf: Yes
2024-10-14 16:49:24.409858 Sierra: No
ChatterBot Alpha reevaluating
ChatterBot Alpha reevaluating
2024-10-14 16:49:24.458395 Charlie: We should add Whiskey and Oscar
ChatterBot X-ray reevaluating
2024-10-14 16:49:24.467936 Victor: No
2024-10-14 16:49:24.468114 X-ray: No
ChatterBot Charlie reevaluating
ChatterBot X-ray reevaluating
ChatterBot Charlie reevaluating
2024-10-14 16:49:24.490550 X-ray: We should replace November with Golf
ChatterBot Whiskey reevaluating
ChatterBot Charlie reevaluating
2024-10-14 16:49:24.505751 Whiskey: No
2024-10-14 16:49:24.506028 Victor: No
2024-10-14 16:49:24.506185 Charlie: No
ChatterBot Charlie reevaluating
ChatterBot X-ray reevaluating
