ChatterBot Golf round 1
ChatterBot Delta round 1
ChatterBot Whiskey round 1
ChatterBot Hotel round 1
ChatterBot Echo round 1
ChatterBot Victor round 1
ChatterBot Kilo round 1
ChatterBot Uniform round 1
ChatterBot Mike round 1
ChatterBot Tango round 1
randomSelections Whiskey: {Whiskey, Mike, Uniform, Victor, Golf, Tango} 
2024-10-14 16:49:09.434995 Whiskey: Friends?
ChatterBot Mike reevaluating
ChatterBot Uniform reevaluating
ChatterBot Victor reevaluating
ChatterBot Golf reevaluating
ChatterBot Tango reevaluating
2024-10-14 16:49:09.493406 Mike: Yes
2024-10-14 16:49:09.493663 Uniform: Yes
2024-10-14 16:49:09.493802 Victor: Yes
2024-10-14 16:49:09.493932 Golf: Yes
2024-10-14 16:49:09.494058 Tango: Yes
ChatterBot Uniform reevaluating
ChatterBot Victor reevaluating
ChatterBot Golf reevaluating
ChatterBot Tango reevaluating
ChatterBot Mike reevaluating
ChatterBot Victor reevaluating
ChatterBot Golf reevaluating
ChatterBot Tango reevaluating
ChatterBot Mike reevaluating
ChatterBot Uniform reevaluating
ChatterBot Golf reevaluating
ChatterBot Tango reevaluating
ChatterBot Mike reevaluating
ChatterBot Uniform reevaluating
ChatterBot Victor reevaluating
ChatterBot Tango reevaluating
ChatterBot Mike reevaluating
ChatterBot Uniform reevaluating
ChatterBot Victor reevaluating
ChatterBot Golf reevaluating
randomSelections Kilo: {Kilo, Mike, Hotel, Tango, Uniform, Whiskey} 
2024-10-14 16:49:09.546373 Kilo: We should group up
ChatterBot Mike reevaluating
ChatterBot Hotel reevaluating
ChatterBot Tango reevaluating
ChatterBot Uniform reevaluating
2024-10-14 16:49:09.553715 Mike: No
2024-10-14 16:49:09.553911 Hotel: Yes
2024-10-14 16:49:09.554021 Tango: No
2024-10-14 16:49:09.554792 Uniform: No
2024-10-14 16:49:09.555084 Whiskey: No
ChatterBot Hotel reevaluating
ChatterBot Tango reevaluating
ChatterBot Uniform reevaluating
ChatterBot Mike reevaluating
ChatterBot Tango reevaluating
ChatterBot Uniform reevaluating
ChatterBot Mike reevaluating
ChatterBot Hotel reevaluating
ChatterBot Uniform reevaluating
ChatterBot Mike reevaluating
ChatterBot Hotel reevaluating
ChatterBot Tango reevaluating
ChatterBot Mike reevaluating
ChatterBot Hotel reevaluating
ChatterBot Tango reevaluating
ChatterBot Uniform reevaluating
randomSelections Delta: {Delta, Uniform, Mike, Kilo, Whiskey, Tango} 
2024-10-14 16:49:09.611483 Delta: Can we be friends?
ChatterBot Uniform reevaluating
ChatterBot Mike reevaluating
ChatterBot Tango reevaluating
2024-10-14 16:49:09.620094 Uniform: No
2024-10-14 16:49:09.620248 Mike: No
2024-10-14 16:49:09.620372 Kilo: No
2024-10-14 16:49:09.620527 Whiskey: No
2024-10-14 16:49:09.620646 Tango: No
ChatterBot Mike reevaluating
ChatterBot Tango reevaluating
ChatterBot Uniform reevaluating
ChatterBot Tango reevaluating
ChatterBot Uniform reevaluating
ChatterBot Mike reevaluating
ChatterBot Tango reevaluating
ChatterBot Uniform reevaluating
ChatterBot Mike reevaluating
ChatterBot Tango reevaluating
ChatterBot Uniform reevaluating
ChatterBot Mike reevaluating
randomSelections Echo: {Echo, Uniform, Whiskey, Golf, Tango, Kilo} 
2024-10-14 16:49:09.661413 Echo: Let's form a team
ChatterBot Uniform reevaluating
ChatterBot Golf reevaluating
ChatterBot Tango reevaluating
2024-10-14 16:49:09.667632 Uniform: No
2024-10-14 16:49:09.667751 Whiskey: No
2024-10-14 16:49:09.667867 Golf: No
2024-10-14 16:49:09.667991 Tango: No
2024-10-14 16:49:09.668530 Kilo: No
ChatterBot Golf reevaluating
ChatterBot Tango reevaluating
ChatterBot Uniform reevaluating
ChatterBot Golf reevaluating
ChatterBot Tango reevaluating
ChatterBot Uniform reevaluating
ChatterBot Tango reevaluating
ChatterBot Uniform reevaluating
ChatterBot Golf reevaluating
ChatterBot Uniform reevaluating
ChatterBot Golf reevaluating
ChatterBot Tango reevaluating
2024-10-14 16:49:09.711825 Victor: Golf and Mike, sending you 2
2024-10-14 16:49:09.714704 Echo: Golf, sending you 4
2024-10-14 16:49:09.715651 Victor: Whiskey, sending you 3
2024-10-14 16:49:09.717042 Whiskey: Golf, Uniform and Tango, sending you 1
2024-10-14 16:49:09.717389 Uniform: Golf, sending you 2
2024-10-14 16:49:09.717731 Delta: Whiskey and Mike, sending you 1
2024-10-14 16:49:09.719011 Victor: Uniform, sending you 4
2024-10-14 16:49:09.719247 Mike: Golf, Whiskey and Victor, sending you 2
2024-10-14 16:49:09.720698 Echo: Whiskey, sending you 2
2024-10-14 16:49:09.721147 Whiskey: Victor, sending you 2
2024-10-14 16:49:09.722490 Uniform: Whiskey and Tango, sending you 3
2024-10-14 16:49:09.722865 Tango: Whiskey, Victor and Mike, sending you 1
2024-10-14 16:49:09.723171 Kilo: Whiskey and Hotel, sending you 2
2024-10-14 16:49:09.723517 Golf: Uniform and Tango, sending you 4
2024-10-14 16:49:09.724421 Victor: Tango, sending you 5
2024-10-14 16:49:09.724744 Mike: Uniform and Tango, sending you 1
2024-10-14 16:49:09.725025 Delta: Kilo and Uniform, sending you 2
2024-10-14 16:49:09.725262 Echo: Kilo, sending you 3
2024-10-14 16:49:09.726073 Hotel: Whiskey and Kilo, sending you 2
2024-10-14 16:49:09.726299 Uniform: Mike, sending you 1
2024-10-14 16:49:09.726533 Tango: Uniform, sending you 4
2024-10-14 16:49:09.741559 Kilo: Uniform, sending you 4
2024-10-14 16:49:09.742015 Golf: Mike, sending you 1
2024-10-14 16:49:09.742824 Delta: Tango, sending you 3
2024-10-14 16:49:09.743197 Hotel: Uniform, sending you 1
2024-10-14 16:49:09.743599 Echo: Uniform, sending you 1
2024-10-14 16:49:09.750249 Kilo: Mike and Tango, sending you 1
chatterbot Delta submitting transactions
chatterbot Kilo submitting transactions
chatterbot Echo submitting transactions
chatterbot Golf submitting transactions
chatterbot Mike submitting transactions
chatterbot Whiskey submitting transactions
chatterbot Uniform submitting transactions
chatterbot Victor submitting transactions
chatterbot Hotel submitting transactions
chatterbot Tango submitting transactions
ChatterBot Golf round 2
ChatterBot Delta round 2
ChatterBot Whiskey round 2
ChatterBot Hotel round 2
ChatterBot Echo round 2
ChatterBot Victor round 2
ChatterBot Kilo round 2
ChatterBot Uniform round 2
ChatterBot Mike round 2
ChatterBot Tango round 2
2024-10-14 16:49:11.273886 Golf: We should add Echo
ChatterBot Whiskey reevaluating
ChatterBot Mike reevaluating
ChatterBot Uniform reevaluating
ChatterBot Victor reevaluating
ChatterBot Tango reevaluating
2024-10-14 16:49:11.311846 Whiskey: Yes
2024-10-14 16:49:11.312063 Mike: No
2024-10-14 16:49:11.312240 Uniform: No
2024-10-14 16:49:11.312392 Victor: No
2024-10-14 16:49:11.312525 Tango: No
ChatterBot Mike reevaluating
ChatterBot Uniform reevaluating
ChatterBot Victor reevaluating
ChatterBot Tango reevaluating
ChatterBot Whiskey reevaluating
ChatterBot Uniform reevaluating
ChatterBot Victor reevaluating
ChatterBot Tango reevaluating
ChatterBot Whiskey reevaluating
ChatterBot Mike reevaluating
ChatterBot Victor reevaluating
ChatterBot Tango reevaluating
ChatterBot Whiskey reevaluating
ChatterBot Mike reevaluating
ChatterBot Uniform reevaluating
ChatterBot Tango reevaluating
ChatterBot Whiskey reevaluating
ChatterBot Mike reevaluating
ChatterBot Uniform reevaluating
ChatterBot Victor reevaluating
2024-10-14 16:49:11.578392 Echo: Friends?
ChatterBot Hotel reevaluating
ChatterBot Kilo reevaluating
2024-10-14 16:49:11.598933 Hotel: No
2024-10-14 16:49:11.599140 Kilo: No
2024-10-14 16:49:11.599691 Golf: No
ChatterBot Echo reevaluating
ChatterBot Kilo reevaluating
ChatterBot Echo reevaluating
ChatterBot Hotel reevaluating
ChatterBot Echo reevaluating
ChatterBot Hotel reevaluating
ChatterBot Kilo reevaluating
2024-10-14 16:49:11.659337 Kilo: Can we be friends?
ChatterBot Hotel reevaluating
ChatterBot Delta reevaluating
2024-10-14 16:49:11.673119 Hotel: Yes
ChatterBot Echo reevaluating
2024-10-14 16:49:11.679689 Delta: Yes
2024-10-14 16:49:11.679924 Echo: Yes
ChatterBot Echo reevaluating
ChatterBot Kilo reevaluating
ChatterBot Delta reevaluating
ChatterBot Hotel reevaluating
ChatterBot Echo reevaluating
ChatterBot Kilo reevaluating
ChatterBot Hotel reevaluating
ChatterBot Kilo reevaluating
ChatterBot Delta reevaluating
2024-10-14 16:49:11.737966 Delta: Group up?
ChatterBot Hotel reevaluating
ChatterBot Echo reevaluating
ChatterBot Kilo reevaluating
2024-10-14 16:49:11.759224 Hotel: Yes
2024-10-14 16:49:11.759714 Echo: No
2024-10-14 16:49:11.759877 Kilo: Yes
ChatterBot Echo reevaluating
ChatterBot Kilo reevaluating
ChatterBot Delta reevaluating
ChatterBot Hotel reevaluating
ChatterBot Kilo reevaluating
ChatterBot Delta reevaluating
ChatterBot Hotel reevaluating
ChatterBot Echo reevaluating
ChatterBot Delta reevaluating
2024-10-14 16:49:11.855943 Uniform: We should add Delta
ChatterBot Whiskey reevaluating
ChatterBot Mike reevaluating
ChatterBot Victor reevaluating
ChatterBot Tango reevaluating
2024-10-14 16:49:11.895671 Whiskey: No
2024-10-14 16:49:11.896374 Mike: No
2024-10-14 16:49:11.896552 Victor: No
2024-10-14 16:49:11.896684 Golf: No
2024-10-14 16:49:11.896817 Tango: No
ChatterBot Mike reevaluating
ChatterBot Uniform reevaluating
ChatterBot Victor reevaluating
ChatterBot Tango reevaluating
ChatterBot Whiskey reevaluating
ChatterBot Uniform reevaluating
ChatterBot Victor reevaluating
ChatterBot Tango reevaluating
ChatterBot Whiskey reevaluating
ChatterBot Mike reevaluating
ChatterBot Uniform reevaluating
ChatterBot Tango reevaluating
ChatterBot Whiskey reevaluating
ChatterBot Mike reevaluating
ChatterBot Uniform reevaluating
ChatterBot Victor reevaluating
ChatterBot Tango reevaluating
ChatterBot Whiskey reevaluating
ChatterBot Mike reevaluating
ChatterBot Uniform reevaluating
ChatterBot Victor reevaluating
2024-10-14 16:49:12.157935 Golf: Echo we want you to join our group
ChatterBot Echo reevaluating
2024-10-14 16:49:12.167607 Echo: No
ChatterBot Whiskey reevaluating
ChatterBot Victor reevaluating
ChatterBot Mike reevaluating
ChatterBot Uniform reevaluating
ChatterBot Tango reevaluating
2024-10-14 16:49:12.359415 Uniform: Echo we want you to join our group
ChatterBot Echo reevaluating
2024-10-14 16:49:12.364746 Echo: No
ChatterBot Whiskey reevaluating
ChatterBot Tango reevaluating
2024-10-14 16:49:12.397444 Whiskey: We should add Hotel
ChatterBot Mike reevaluating
ChatterBot Uniform reevaluating
ChatterBot Tango reevaluating
2024-10-14 16:49:12.425715 Mike: No
2024-10-14 16:49:12.425989 Uniform: No
2024-10-14 16:49:12.426163 Victor: No
2024-10-14 16:49:12.426364 Golf: No
2024-10-14 16:49:12.426522 Tango: No
ChatterBot Whiskey reevaluating
ChatterBot Uniform reevaluating
ChatterBot Tango reevaluating
ChatterBot Whiskey reevaluating
ChatterBot Mike reevaluating
ChatterBot Tango reevaluating
ChatterBot Whiskey reevaluating
ChatterBot Mike reevaluating
ChatterBot Uniform reevaluating
ChatterBot Tango reevaluating
ChatterBot Whiskey reevaluating
ChatterBot Mike reevaluating
ChatterBot Uniform reevaluating
ChatterBot Tango reevaluating
ChatterBot Whiskey reevaluating
ChatterBot Mike reevaluating
ChatterBot Uniform reevaluating
2024-10-14 16:49:12.685178 Whiskey: We should add Kilo
ChatterBot Mike reevaluating
ChatterBot Uniform reevaluating
ChatterBot Tango reevaluating
2024-10-14 16:49:12.714545 Mike: No
2024-10-14 16:49:12.717846 Uniform: Yes
2024-10-14 16:49:12.719019 Victor: No
2024-10-14 16:49:12.719345 Golf: No
2024-10-14 16:49:12.719620 Tango: No
ChatterBot Whiskey reevaluating
ChatterBot Uniform reevaluating
ChatterBot Tango reevaluating
ChatterBot Whiskey reevaluating
ChatterBot Mike reevaluating
ChatterBot Tango reevaluating
ChatterBot Whiskey reevaluating
ChatterBot Mike reevaluating
ChatterBot Uniform reevaluating
ChatterBot Tango reevaluating
ChatterBot Whiskey reevaluating
ChatterBot Mike reevaluating
ChatterBot Uniform reevaluating
ChatterBot Tango reevaluating
ChatterBot Whiskey reevaluating
ChatterBot Mike reevaluating
ChatterBot Uniform reevaluating
chatterbot Hotel submitting transactions
chatterbot Golf submitting transactions
2024-10-14 16:49:12.864205 Hotel: Echo, sending you 1
2024-10-14 16:49:12.866665 Delta: Sending you each 3
2024-10-14 16:49:12.866885 Hotel: Kilo, sending you 4
2024-10-14 16:49:14.894439 Golf: Echo, sending you 3
2024-10-14 16:49:14.894942 Kilo: Delta and Hotel, sending you 3
2024-10-14 16:49:14.896181 Tango: We should drop Whiskey
ChatterBot Mike reevaluating
2024-10-14 16:49:14.932024 Victor: No
2024-10-14 16:49:14.932729 Mike: No
2024-10-14 16:49:14.932946 Golf: No
2024-10-14 16:49:14.933167 Uniform: No
ChatterBot Tango reevaluating
ChatterBot Mike reevaluating
ChatterBot Tango reevaluating
ChatterBot Tango reevaluating
ChatterBot Mike reevaluating
ChatterBot Tango reevaluating
ChatterBot Mike reevaluating
2024-10-14 16:49:15.057357 Whiskey: Delta we want you to join our group
2024-10-14 16:49:15.061621 Delta: No
ChatterBot Whiskey reevaluating
ChatterBot Mike reevaluating
ChatterBot Tango reevaluating
chatterbot Delta submitting transactions
chatterbot Kilo submitting transactions
chatterbot Victor submitting transactions
chatterbot Echo submitting transactions
2024-10-14 16:49:15.094415 Kilo: Echo, sending you 4
2024-10-14 16:49:15.094764 Golf: Victor, Uniform and Mike, sending you 2
2024-10-14 16:49:15.104212 Victor: Golf and Uniform, sending you 1
2024-10-14 16:49:15.104763 Echo: Delta and Kilo, sending you 3
2024-10-14 16:49:15.105480 Whiskey: Echo we want you to join our group
2024-10-14 16:49:15.109890 Echo: No
ChatterBot Whiskey reevaluating
ChatterBot Mike reevaluating
ChatterBot Tango reevaluating
2024-10-14 16:49:15.143552 Victor: Whiskey and Mike, sending you 6
2024-10-14 16:49:15.144005 Echo: Hotel, sending you 4
2024-10-14 16:49:15.236247 Uniform: Golf, Victor and Tango, sending you 2
2024-10-14 16:49:15.237426 Victor: Tango, sending you 3
2024-10-14 16:49:15.238237 Mike: Echo we want you to join our group
2024-10-14 16:49:15.244792 Echo: No
ChatterBot Whiskey reevaluating
ChatterBot Mike reevaluating
ChatterBot Tango reevaluating
2024-10-14 16:49:15.279140 Uniform: Whiskey, Echo and Mike, sending you 1
2024-10-14 16:49:15.459033 Tango: Golf and Uniform, sending you 2
2024-10-14 16:49:15.459883 Mike: Golf, Victor, Uniform and Tango, sending you 2
2024-10-14 16:49:15.509464 Tango: Whiskey and Mike, sending you 1
2024-10-14 16:49:15.510328 Whiskey: Delta, Victor, Uniform, Mike and Tango, sending you 1
2024-10-14 16:49:15.589346 Tango: Victor, sending you 3
chatterbot Uniform submitting transactions
chatterbot Whiskey submitting transactions
chatterbot Mike submitting transactions
chatterbot Tango submitting transactions
ChatterBot Golf round 3
ChatterBot Delta round 3
ChatterBot Whiskey round 3
ChatterBot Hotel round 3
ChatterBot Echo round 3
ChatterBot Victor round 3
ChatterBot Kilo round 3
ChatterBot Uniform round 3
ChatterBot Mike round 3
ChatterBot Tango round 3
2024-10-14 16:49:16.650805 Echo: We should add Golf
ChatterBot Kilo reevaluating
ChatterBot Delta reevaluating
2024-10-14 16:49:16.666434 Hotel: No
2024-10-14 16:49:16.666654 Kilo: No
2024-10-14 16:49:16.667204 Delta: Yes
ChatterBot Kilo reevaluating
ChatterBot Delta reevaluating
ChatterBot Delta reevaluating
ChatterBot Kilo reevaluating
2024-10-14 16:49:16.729278 Golf: We should drop Echo
ChatterBot Whiskey reevaluating
ChatterBot Mike reevaluating
ChatterBot Tango reevaluating
2024-10-14 16:49:16.754534 Whiskey: No
2024-10-14 16:49:16.754765 Mike: Yes
2024-10-14 16:49:16.754945 Uniform: Yes
2024-10-14 16:49:16.755135 Victor: Yes
2024-10-14 16:49:16.755311 Tango: Yes
ChatterBot Mike reevaluating
ChatterBot Golf reevaluating
ChatterBot Tango reevaluating
ChatterBot Whiskey reevaluating
ChatterBot Golf reevaluating
ChatterBot Tango reevaluating
ChatterBot Whiskey reevaluating
ChatterBot Mike reevaluating
ChatterBot Golf reevaluating
ChatterBot Tango reevaluating
ChatterBot Whiskey reevaluating
ChatterBot Mike reevaluating
ChatterBot Golf reevaluating
ChatterBot Tango reevaluating
ChatterBot Whiskey reevaluating
ChatterBot Mike reevaluating
ChatterBot Golf reevaluating
2024-10-14 16:49:16.933849 Whiskey: We should replace Delta with Echo
ChatterBot Mike reevaluating
ChatterBot Golf reevaluating
ChatterBot Tango reevaluating
2024-10-14 16:49:16.958845 Mike: No
2024-10-14 16:49:16.959136 Uniform: No
2024-10-14 16:49:16.959324 Victor: No
2024-10-14 16:49:16.959498 Golf: No
2024-10-14 16:49:16.959753 Tango: No
ChatterBot Whiskey reevaluating
ChatterBot Golf reevaluating
ChatterBot Tango reevaluating
ChatterBot Whiskey reevaluating
ChatterBot Mike reevaluating
ChatterBot Golf reevaluating
ChatterBot Tango reevaluating
ChatterBot Whiskey reevaluating
ChatterBot Mike reevaluating
ChatterBot Golf reevaluating
ChatterBot Tango reevaluating
ChatterBot Whiskey reevaluating
ChatterBot Mike reevaluating
ChatterBot Tango reevaluating
ChatterBot Whiskey reevaluating
ChatterBot Mike reevaluating
ChatterBot Golf reevaluating
2024-10-14 16:49:17.067470 Echo: Golf we want you to join our group
ChatterBot Golf reevaluating
2024-10-14 16:49:17.073370 Golf: No
ChatterBot Delta reevaluating
ChatterBot Kilo reevaluating
2024-10-14 16:49:17.096060 Whiskey: We should drop Delta
ChatterBot Victor reevaluating
ChatterBot Golf reevaluating
ChatterBot Tango reevaluating
2024-10-14 16:49:17.121911 Mike: Yes
2024-10-14 16:49:17.122114 Uniform: Yes
2024-10-14 16:49:17.122288 Victor: Yes
2024-10-14 16:49:17.122480 Golf: Yes
2024-10-14 16:49:17.123148 Tango: Yes
ChatterBot Whiskey reevaluating
ChatterBot Victor reevaluating
ChatterBot Golf reevaluating
ChatterBot Tango reevaluating
ChatterBot Whiskey reevaluating
ChatterBot Victor reevaluating
ChatterBot Golf reevaluating
ChatterBot Tango reevaluating
ChatterBot Whiskey reevaluating
ChatterBot Golf reevaluating
ChatterBot Tango reevaluating
ChatterBot Whiskey reevaluating
ChatterBot Victor reevaluating
ChatterBot Tango reevaluating
ChatterBot Whiskey reevaluating
ChatterBot Victor reevaluating
ChatterBot Golf reevaluating
2024-10-14 16:49:17.239470 Hotel: Delta, sending you 1
2024-10-14 16:49:17.428357 Hotel: Echo and Kilo, sending you 2
2024-10-14 16:49:17.429878 Uniform: Golf and Victor, sending you 2
2024-10-14 16:49:17.432025 Tango: We should drop Whiskey
ChatterBot Golf reevaluating
2024-10-14 16:49:17.452355 Victor: No
2024-10-14 16:49:17.452668 Mike: No
2024-10-14 16:49:17.453359 Golf: No
2024-10-14 16:49:17.453668 Uniform: No
ChatterBot Golf reevaluating
ChatterBot Golf reevaluating
ChatterBot Golf reevaluating
2024-10-14 16:49:17.535108 Whiskey: Echo we want you to join our group
2024-10-14 16:49:17.539711 Echo: No
ChatterBot Golf reevaluating
ChatterBot Whiskey reevaluating
ChatterBot Tango reevaluating
chatterbot Echo submitting transactions
2024-10-14 16:49:17.569978 Uniform: Whiskey and Mike, sending you 1
2024-10-14 16:49:17.571126 Echo: Golf, Delta and Kilo, sending you 3
2024-10-14 16:49:17.574216 Uniform: Tango, sending you 3
2024-10-14 16:49:17.574758 Victor: Golf, sending you 2
2024-10-14 16:49:17.575248 Mike: Golf and Victor, sending you 2
2024-10-14 16:49:17.576351 Kilo: Delta and Echo, sending you 3
2024-10-14 16:49:17.576735 Delta: Hotel, sending you 1
2024-10-14 16:49:17.577440 Echo: Hotel, sending you 1
2024-10-14 16:49:17.578880 Victor: Whiskey and Uniform, sending you 3
2024-10-14 16:49:17.579673 Mike: Whiskey, Uniform and Tango, sending you 1
2024-10-14 16:49:17.580727 Kilo: Hotel, sending you 4
2024-10-14 16:49:17.581041 Delta: Echo and Kilo, sending you 4
2024-10-14 16:49:17.582738 Victor: Mike, sending you 4
2024-10-14 16:49:17.585684 Golf: Whiskey, Victor and Tango, sending you 1
2024-10-14 16:49:17.586663 Victor: Tango, sending you 5
2024-10-14 16:49:17.589690 Golf: Echo, Uniform and Mike, sending you 2
2024-10-14 16:49:17.598287 Tango: Golf and Uniform, sending you 2
2024-10-14 16:49:17.602766 Tango: Whiskey and Mike, sending you 1
2024-10-14 16:49:17.603689 Whiskey: Victor, sending you 2
2024-10-14 16:49:17.607677 Tango: Victor, sending you 3
2024-10-14 16:49:17.608965 Whiskey: Uniform, Mike and Tango, sending you 1
chatterbot Kilo submitting transactions
chatterbot Hotel submitting transactions
chatterbot Victor submitting transactions
chatterbot Uniform submitting transactions
chatterbot Mike submitting transactions
chatterbot Tango submitting transactions
chatterbot Delta submitting transactions
chatterbot Victor submitting transactions
chatterbot Whiskey submitting transactions
chatterbot Golf submitting transactions
ChatterBot Golf round 4
ChatterBot Delta round 4
ChatterBot Whiskey round 4
ChatterBot Hotel round 4
ChatterBot Echo round 4
ChatterBot Victor round 4
ChatterBot Kilo round 4
ChatterBot Uniform round 4
ChatterBot Mike round 4
ChatterBot Tango round 4
2024-10-14 16:49:18.796003 Kilo: We should add Golf
2024-10-14 16:49:18.805103 Hotel: No
2024-10-14 16:49:18.805287 Echo: Yes
2024-10-14 16:49:18.805400 Delta: No
ChatterBot Kilo reevaluating
ChatterBot Kilo reevaluating
ChatterBot Delta reevaluating
ChatterBot Kilo reevaluating
2024-10-14 16:49:18.854748 Kilo: We should add Victor
ChatterBot Delta reevaluating
2024-10-14 16:49:18.863783 Hotel: No
2024-10-14 16:49:18.863959 Echo: No
2024-10-14 16:49:18.864406 Delta: Yes
ChatterBot Kilo reevaluating
ChatterBot Delta reevaluating
ChatterBot Kilo reevaluating
ChatterBot Delta reevaluating
ChatterBot Kilo reevaluating
2024-10-14 16:49:18.892926 Whiskey: We should drop Echo
2024-10-14 16:49:18.906777 Mike: Yes
2024-10-14 16:49:18.907277 Uniform: Yes
2024-10-14 16:49:18.907409 Victor: Yes
2024-10-14 16:49:18.907522 Golf: No
2024-10-14 16:49:18.907646 Tango: Yes
ChatterBot Tango reevaluating
ChatterBot Tango reevaluating
ChatterBot Tango reevaluating
ChatterBot Whiskey reevaluating
ChatterBot Tango reevaluating
ChatterBot Whiskey reevaluating
ChatterBot Golf reevaluating
2024-10-14 16:49:19.053905 Delta: Golf we want you to join our group
ChatterBot Golf reevaluating
2024-10-14 16:49:19.058620 Golf: No
ChatterBot Delta reevaluating
ChatterBot Kilo reevaluating
2024-10-14 16:49:19.073268 Hotel: Delta and Echo, sending you 1
2024-10-14 16:49:19.074096 Tango: We should drop Whiskey
ChatterBot Golf reevaluating
2024-10-14 16:49:19.086770 Victor: No
2024-10-14 16:49:19.087541 Mike: No
2024-10-14 16:49:19.087764 Golf: No
2024-10-14 16:49:19.088043 Uniform: No
ChatterBot Tango reevaluating
ChatterBot Golf reevaluating
ChatterBot Tango reevaluating
ChatterBot Golf reevaluating
ChatterBot Tango reevaluating
ChatterBot Tango reevaluating
ChatterBot Golf reevaluating
2024-10-14 16:49:19.145530 Mike: Golf and Victor, sending you 2
2024-10-14 16:49:19.146123 Uniform: Golf and Victor, sending you 2
2024-10-14 16:49:19.147162 Echo: Golf and Hotel, sending you 2
2024-10-14 16:49:19.147591 Hotel: Kilo, sending you 3
2024-10-14 16:49:19.148216 Kilo: Victor we want you to join our group
2024-10-14 16:49:19.152272 Victor: No
ChatterBot Kilo reevaluating
ChatterBot Delta reevaluating
2024-10-14 16:49:19.165530 Victor: Golf, sending you 2
2024-10-14 16:49:19.166327 Echo: Delta and Kilo, sending you 3
2024-10-14 16:49:19.167237 Mike: Whiskey, Uniform and Tango, sending you 1
2024-10-14 16:49:19.167709 Uniform: Whiskey and Mike, sending you 1
2024-10-14 16:49:19.172454 Whiskey: Victor, sending you 2
2024-10-14 16:49:19.172851 Victor: Whiskey and Uniform, sending you 3
2024-10-14 16:49:19.173735 Uniform: Tango, sending you 3
2024-10-14 16:49:19.177324 Whiskey: Uniform, Mike and Tango, sending you 1
2024-10-14 16:49:19.177815 Victor: Mike, sending you 4
2024-10-14 16:49:19.182023 Victor: Tango, sending you 5
2024-10-14 16:49:19.185765 Tango: Golf, sending you 2
2024-10-14 16:49:19.187668 Delta: Hotel, sending you 1
2024-10-14 16:49:19.189667 Tango: Victor and Uniform, sending you 3
2024-10-14 16:49:19.190495 Golf: Whiskey, sending you 1
2024-10-14 16:49:19.192042 Delta: Echo and Kilo, sending you 4
2024-10-14 16:49:19.192671 Tango: Mike, sending you 1
2024-10-14 16:49:19.193700 Kilo: Delta, sending you 4
2024-10-14 16:49:19.195659 Golf: Victor, Uniform, Mike and Tango, sending you 2
2024-10-14 16:49:19.198685 Kilo: Hotel and Echo, sending you 3
chatterbot Uniform submitting transactions
chatterbot Tango submitting transactions
chatterbot Victor submitting transactions
chatterbot Mike submitting transactions
chatterbot Hotel submitting transactions
chatterbot Delta submitting transactions
chatterbot Echo submitting transactions
chatterbot Kilo submitting transactions
chatterbot Whiskey submitting transactions
chatterbot Golf submitting transactions
ChatterBot Golf round 5
ChatterBot Delta round 5
ChatterBot Whiskey round 5
ChatterBot Hotel round 5
ChatterBot Echo round 5
ChatterBot Victor round 5
ChatterBot Kilo round 5
ChatterBot Uniform round 5
ChatterBot Mike round 5
ChatterBot Tango round 5
2024-10-14 16:49:20.294661 Golf: We should add Echo
ChatterBot Tango reevaluating
2024-10-14 16:49:20.321148 Whiskey: No
2024-10-14 16:49:20.321399 Mike: No
2024-10-14 16:49:20.321575 Uniform: No
2024-10-14 16:49:20.321809 Victor: No
2024-10-14 16:49:20.322568 Tango: No
ChatterBot Golf reevaluating
ChatterBot Tango reevaluating
ChatterBot Golf reevaluating
ChatterBot Tango reevaluating
ChatterBot Golf reevaluating
ChatterBot Tango reevaluating
ChatterBot Golf reevaluating
ChatterBot Tango reevaluating
ChatterBot Golf reevaluating
2024-10-14 16:49:20.462728 Kilo: We should add Victor
2024-10-14 16:49:20.476322 Hotel: No
2024-10-14 16:49:20.476526 Echo: No
2024-10-14 16:49:20.476690 Delta: No
ChatterBot Delta reevaluating
ChatterBot Kilo reevaluating
ChatterBot Delta reevaluating
ChatterBot Kilo reevaluating
2024-10-14 16:49:20.516205 Whiskey: We should drop Echo
ChatterBot Golf reevaluating
ChatterBot Tango reevaluating
2024-10-14 16:49:20.537750 Mike: Yes
2024-10-14 16:49:20.537950 Uniform: Yes
2024-10-14 16:49:20.538091 Victor: Yes
2024-10-14 16:49:20.538233 Golf: No
2024-10-14 16:49:20.538371 Tango: Yes
ChatterBot Golf reevaluating
ChatterBot Tango reevaluating
ChatterBot Golf reevaluating
ChatterBot Tango reevaluating
ChatterBot Golf reevaluating
ChatterBot Tango reevaluating
ChatterBot Whiskey reevaluating
ChatterBot Tango reevaluating
ChatterBot Whiskey reevaluating
ChatterBot Golf reevaluating
2024-10-14 16:49:20.649740 Tango: We should add Whiskey
2024-10-14 16:49:20.650540 Whiskey: We should replace Echo with Delta
ChatterBot Golf reevaluating
2024-10-14 16:49:20.707257 Victor: Yes
2024-10-14 16:49:20.707423 Mike: Yes
2024-10-14 16:49:20.707555 Golf: Yes
2024-10-14 16:49:20.708732 Uniform: Yes
ChatterBot Golf reevaluating
ChatterBot Tango reevaluating
2024-10-14 16:49:20.758924 Mike: No
2024-10-14 16:49:20.759291 Uniform: No
2024-10-14 16:49:20.759510 Victor: No
2024-10-14 16:49:20.760301 Golf: No
2024-10-14 16:49:20.760624 Tango: No
ChatterBot Tango reevaluating
ChatterBot Golf reevaluating
ChatterBot Tango reevaluating
ChatterBot Golf reevaluating
ChatterBot Whiskey reevaluating
ChatterBot Tango reevaluating
ChatterBot Whiskey reevaluating
ChatterBot Tango reevaluating
ChatterBot Golf reevaluating
ChatterBot Whiskey reevaluating
ChatterBot Tango reevaluating
ChatterBot Golf reevaluating
ChatterBot Whiskey reevaluating
ChatterBot Tango reevaluating
ChatterBot Golf reevaluating
ChatterBot Whiskey reevaluating
ChatterBot Tango reevaluating
ChatterBot Golf reevaluating
ChatterBot Tango reevaluating
ChatterBot Golf reevaluating
2024-10-14 16:49:20.988146 Tango: Whiskey we want you to join our group
ChatterBot Whiskey reevaluating
2024-10-14 16:49:20.996221 Whiskey: Yes
ChatterBot Golf reevaluating
2024-10-14 16:49:21.018705 Echo: Golf and Hotel, sending you 2
2024-10-14 16:49:21.021940 Hotel: Delta, sending you 1
2024-10-14 16:49:21.022442 Echo: Delta and Kilo, sending you 3
2024-10-14 16:49:21.022867 Mike: Golf and Victor, sending you 2
2024-10-14 16:49:21.024304 Uniform: Golf and Victor, sending you 2
2024-10-14 16:49:21.025414 Golf: Echo we want you to join our group
ChatterBot Echo reevaluating
2024-10-14 16:49:21.031662 Echo: No
ChatterBot Golf reevaluating
ChatterBot Whiskey reevaluating
2024-10-14 16:49:21.050565 Echo: We should replace Golf with Victor
ChatterBot Kilo reevaluating
ChatterBot Delta reevaluating
2024-10-14 16:49:21.064039 Hotel: No
2024-10-14 16:49:21.064356 Kilo: No
2024-10-14 16:49:21.064544 Delta: Yes
ChatterBot Echo reevaluating
ChatterBot Kilo reevaluating
ChatterBot Delta reevaluating
ChatterBot Echo reevaluating
ChatterBot Delta reevaluating
ChatterBot Echo reevaluating
ChatterBot Kilo reevaluating
2024-10-14 16:49:21.116902 Victor: Golf, Whiskey, Uniform and Mike, sending you 3
2024-10-14 16:49:21.117988 Hotel: Echo and Kilo, sending you 2
2024-10-14 16:49:21.118770 Mike: Whiskey, Uniform and Tango, sending you 1
2024-10-14 16:49:21.119933 Uniform: Whiskey and Mike, sending you 1
2024-10-14 16:49:21.123223 Victor: Tango, sending you 5
2024-10-14 16:49:21.125828 Kilo: Victor we want you to join our group
2024-10-14 16:49:21.131163 Victor: No
ChatterBot Kilo reevaluating
ChatterBot Delta reevaluating
ChatterBot Echo reevaluating
2024-10-14 16:49:21.149307 Uniform: Tango, sending you 3
2024-10-14 16:49:21.149960 Tango: Golf, Whiskey and Mike, sending you 1
2024-10-14 16:49:21.153665 Tango: Victor, sending you 4
2024-10-14 16:49:21.154953 Golf: Whiskey, sending you 1
2024-10-14 16:49:21.158059 Tango: Uniform, sending you 2
2024-10-14 16:49:21.159012 Golf: Victor, Uniform, Mike and Tango, sending you 2
2024-10-14 16:49:21.165662 Kilo: Delta, sending you 4
2024-10-14 16:49:21.171673 Kilo: Hotel and Echo, sending you 3
2024-10-14 16:49:21.172052 Whiskey: Victor, sending you 2
2024-10-14 16:49:21.175678 Whiskey: Uniform, Mike and Tango, sending you 1
chatterbot Mike submitting transactions
chatterbot Tango submitting transactions
chatterbot Kilo submitting transactions
chatterbot Hotel submitting transactions
chatterbot Uniform submitting transactions
chatterbot Delta submitting transactions
chatterbot Victor submitting transactions
chatterbot Golf submitting transactions
chatterbot Echo submitting transactions
chatterbot Whiskey submitting transactions
ChatterBot Golf round 6
ChatterBot Delta round 6
ChatterBot Whiskey round 6
ChatterBot Hotel round 6
ChatterBot Echo round 6
ChatterBot Victor round 6
ChatterBot Kilo round 6
ChatterBot Uniform round 6
2024-10-14 16:49:22.124920 Whiskey: We should add Hotel
2024-10-14 16:49:22.139626 Mike: No
2024-10-14 16:49:22.139829 Uniform: No
2024-10-14 16:49:22.139974 Victor: No
2024-10-14 16:49:22.140118 Golf: No
2024-10-14 16:49:22.140277 Tango: No
ChatterBot Whiskey reevaluating
ChatterBot Whiskey reevaluating
ChatterBot Whiskey reevaluating
ChatterBot Whiskey reevaluating
ChatterBot Whiskey reevaluating
ChatterBot Golf reevaluating
2024-10-14 16:49:22.216193 Golf: We should add Echo
ChatterBot Whiskey reevaluating
2024-10-14 16:49:22.237779 Whiskey: No
2024-10-14 16:49:22.237954 Mike: No
2024-10-14 16:49:22.238090 Uniform: No
2024-10-14 16:49:22.238227 Victor: No
2024-10-14 16:49:22.238337 Tango: No
ChatterBot Golf reevaluating
ChatterBot Whiskey reevaluating
ChatterBot Golf reevaluating
ChatterBot Whiskey reevaluating
ChatterBot Golf reevaluating
ChatterBot Whiskey reevaluating
ChatterBot Golf reevaluating
ChatterBot Whiskey reevaluating
ChatterBot Golf reevaluating
ChatterBot Mike round 6
ChatterBot Tango round 6
2024-10-14 16:49:22.326559 Delta: We should replace Victor with Whiskey
2024-10-14 16:49:22.333671 Hotel: No
2024-10-14 16:49:22.333835 Echo: No
2024-10-14 16:49:22.333952 Kilo: No
ChatterBot Kilo reevaluating
ChatterBot Delta reevaluating
ChatterBot Kilo reevaluating
ChatterBot Delta reevaluating
ChatterBot Delta reevaluating
chatterbot Kilo submitting transactions
chatterbot Delta submitting transactions
chatterbot Echo submitting transactions
2024-10-14 16:49:22.382443 Kilo: We should drop Hotel
ChatterBot Delta reevaluating
ChatterBot Echo reevaluating
2024-10-14 16:49:22.387425 Delta: No
2024-10-14 16:49:22.388115 Echo: No
ChatterBot Kilo reevaluating
ChatterBot Echo reevaluating
ChatterBot Kilo reevaluating
ChatterBot Delta reevaluating
2024-10-14 16:49:22.399855 Kilo: We should add Victor
ChatterBot Echo reevaluating
ChatterBot Delta reevaluating
2024-10-14 16:49:22.407551 Hotel: No
2024-10-14 16:49:22.407710 Echo: No
2024-10-14 16:49:22.407833 Delta: No
ChatterBot Echo reevaluating
ChatterBot Kilo reevaluating
ChatterBot Delta reevaluating
ChatterBot Kilo reevaluating
ChatterBot Delta reevaluating
ChatterBot Echo reevaluating
ChatterBot Kilo reevaluating
2024-10-14 16:49:22.444680 Victor: Golf, Whiskey, Uniform and Mike, sending you 3
2024-10-14 16:49:22.446207 Hotel: Delta, sending you 1
2024-10-14 16:49:22.450072 Delta: Whiskey we want you to join our group
ChatterBot Whiskey reevaluating
2024-10-14 16:49:22.454693 Whiskey: No
ChatterBot Delta reevaluating
ChatterBot Echo reevaluating
ChatterBot Kilo reevaluating
2024-10-14 16:49:22.469418 Echo: We should replace Golf with Whiskey
ChatterBot Kilo reevaluating
ChatterBot Delta reevaluating
2024-10-14 16:49:22.478435 Hotel: No
2024-10-14 16:49:22.478595 Kilo: No
2024-10-14 16:49:22.478748 Delta: Yes
ChatterBot Echo reevaluating
ChatterBot Kilo reevaluating
ChatterBot Delta reevaluating
ChatterBot Echo reevaluating
ChatterBot Delta reevaluating
ChatterBot Echo reevaluating
ChatterBot Kilo reevaluating
2024-10-14 16:49:22.510144 Victor: Tango, sending you 5
2024-10-14 16:49:22.511640 Hotel: Echo and Kilo, sending you 2
2024-10-14 16:49:22.512223 Mike: Golf and Victor, sending you 2
2024-10-14 16:49:22.513119 Golf: Whiskey, sending you 1
2024-10-14 16:49:22.516656 Mike: Whiskey, Uniform and Tango, sending you 1
2024-10-14 16:49:22.517644 Golf: Victor, Uniform, Mike and Tango, sending you 2
2024-10-14 16:49:22.518917 Kilo: Victor we want you to join our group
2024-10-14 16:49:22.521793 Victor: No
ChatterBot Kilo reevaluating
ChatterBot Echo reevaluating
2024-10-14 16:49:22.534101 Uniform: Golf and Victor, sending you 2
2024-10-14 16:49:22.534828 Tango: Golf and Uniform, sending you 2
2024-10-14 16:49:22.536256 Delta: We should drop Victor
ChatterBot Echo reevaluating
ChatterBot Kilo reevaluating
2024-10-14 16:49:22.546093 Hotel: Yes
2024-10-14 16:49:22.546248 Echo: Yes
2024-10-14 16:49:22.546722 Kilo: Yes
ChatterBot Echo reevaluating
ChatterBot Kilo reevaluating
ChatterBot Delta reevaluating
ChatterBot Kilo reevaluating
ChatterBot Delta reevaluating
ChatterBot Echo reevaluating
ChatterBot Delta reevaluating
2024-10-14 16:49:22.573333 Uniform: Whiskey and Mike, sending you 1
2024-10-14 16:49:22.573999 Tango: Whiskey and Mike, sending you 1
2024-10-14 16:49:22.578668 Uniform: Tango, sending you 3
2024-10-14 16:49:22.579583 Tango: Victor, sending you 3
2024-10-14 16:49:22.581672 Echo: Whiskey we want you to join our group
ChatterBot Whiskey reevaluating
2024-10-14 16:49:22.586262 Whiskey: No
ChatterBot Echo reevaluating
ChatterBot Kilo reevaluating
2024-10-14 16:49:22.620009 Kilo: Delta, sending you 4
2024-10-14 16:49:22.622677 Kilo: Hotel and Echo, sending you 3
2024-10-14 16:49:22.624656 Echo: Golf and Hotel, sending you 2
2024-10-14 16:49:22.631135 Echo: Delta and Kilo, sending you 3
chatterbot Echo submitting transactions
chatterbot Tango submitting transactions
chatterbot Victor submitting transactions
chatterbot Hotel submitting transactions
chatterbot Whiskey submitting transactions
chatterbot Golf submitting transactions
chatterbot Mike submitting transactions
chatterbot Uniform submitting transactions
chatterbot Kilo submitting transactions
ChatterBot Golf round 7
ChatterBot Delta round 7
ChatterBot Whiskey round 7
ChatterBot Hotel round 7
ChatterBot Echo round 7
ChatterBot Victor round 7
ChatterBot Kilo round 7
ChatterBot Uniform round 7
ChatterBot Mike round 7
chatterbot Delta submitting transactions
ChatterBot Tango round 7
2024-10-14 16:49:23.637164 Delta: We should replace Victor with Whiskey
ChatterBot Echo reevaluating
2024-10-14 16:49:23.651218 Hotel: No
2024-10-14 16:49:23.651442 Echo: No
2024-10-14 16:49:23.651929 Kilo: No
ChatterBot Echo reevaluating
ChatterBot Kilo reevaluating
ChatterBot Kilo reevaluating
ChatterBot Delta reevaluating
ChatterBot Echo reevaluating
ChatterBot Delta reevaluating
2024-10-14 16:49:23.689110 Hotel: We should add Whiskey
ChatterBot Echo reevaluating
ChatterBot Kilo reevaluating
ChatterBot Delta reevaluating
2024-10-14 16:49:23.702481 Echo: No
2024-10-14 16:49:23.702647 Kilo: No
2024-10-14 16:49:23.702756 Delta: No
ChatterBot Hotel reevaluating
ChatterBot Kilo reevaluating
ChatterBot Delta reevaluating
ChatterBot Hotel reevaluating
ChatterBot Echo reevaluating
ChatterBot Delta reevaluating
ChatterBot Hotel reevaluating
ChatterBot Echo reevaluating
ChatterBot Kilo reevaluating
2024-10-14 16:49:23.761556 Tango: We should drop Mike
ChatterBot Whiskey reevaluating
2024-10-14 16:49:23.779788 Golf: No
2024-10-14 16:49:23.780053 Whiskey: No
2024-10-14 16:49:23.780215 Victor: No
2024-10-14 16:49:23.780890 Uniform: No
ChatterBot Tango reevaluating
ChatterBot Whiskey reevaluating
ChatterBot Tango reevaluating
ChatterBot Golf reevaluating
ChatterBot Tango reevaluating
ChatterBot Golf reevaluating
ChatterBot Whiskey reevaluating
ChatterBot Tango reevaluating
ChatterBot Golf reevaluating
ChatterBot Whiskey reevaluating
2024-10-14 16:49:23.861219 Delta: We should drop Victor
ChatterBot Hotel reevaluating
2024-10-14 16:49:23.875793 Hotel: Yes
2024-10-14 16:49:23.876020 Echo: Yes
2024-10-14 16:49:23.876208 Kilo: Yes
ChatterBot Kilo reevaluating
ChatterBot Hotel reevaluating
ChatterBot Kilo reevaluating
ChatterBot Hotel reevaluating
ChatterBot Echo reevaluating
2024-10-14 16:49:23.952189 Echo: We should replace Golf with Whiskey
ChatterBot Hotel reevaluating
ChatterBot Kilo reevaluating
ChatterBot Delta reevaluating
2024-10-14 16:49:24.014867 Hotel: No
2024-10-14 16:49:24.015124 Kilo: No
2024-10-14 16:49:24.016032 Delta: Yes
ChatterBot Echo reevaluating
ChatterBot Kilo reevaluating
ChatterBot Delta reevaluating
ChatterBot Hotel reevaluating
ChatterBot Echo reevaluating
ChatterBot Delta reevaluating
ChatterBot Hotel reevaluating
ChatterBot Echo reevaluating
ChatterBot Kilo reevaluating
2024-10-14 16:49:24.066074 Uniform: Golf and Victor, sending you 2
2024-10-14 16:49:24.069620 Mike: Golf and Victor, sending you 2
2024-10-14 16:49:24.072398 Victor: Golf, Whiskey, Uniform and Mike, sending you 3
2024-10-14 16:49:24.074635 Uniform: Whiskey and Mike, sending you 1
2024-10-14 16:49:24.077193 Mike: Whiskey, Uniform and Tango, sending you 1
2024-10-14 16:49:24.080433 Victor: Tango, sending you 5
2024-10-14 16:49:24.082830 Tango: Golf and Uniform, sending you 2
2024-10-14 16:49:24.085069 Uniform: Tango, sending you 3
2024-10-14 16:49:24.087713 Tango: Whiskey and Mike, sending you 1
2024-10-14 16:49:24.131105 Echo: Golf, sending you 1
2024-10-14 16:49:24.132670 Hotel: Delta, sending you 1
2024-10-14 16:49:24.134349 Tango: Victor, sending you 3
2024-10-14 16:49:24.137656 Echo: Delta, sending you 3
2024-10-14 16:49:24.138354 Hotel: Echo and Kilo, sending you 2
2024-10-14 16:49:24.165879 Echo: Hotel, sending you 2
chatterbot Tango submitting transactions
2024-10-14 16:49:24.183746 Echo: Kilo, sending you 4
chatterbot Golf submitting transactions
chatterbot Uniform submitting transactions
chatterbot Victor submitting transactions
chatterbot Hotel submitting transactions
chatterbot Whiskey submitting transactions
chatterbot Mike submitting transactions
chatterbot Kilo submitting transactions
chatterbot Echo submitting transactions
ChatterBot Golf round 8
ChatterBot Delta round 8
ChatterBot Whiskey round 8
ChatterBot Hotel round 8
ChatterBot Echo round 8
ChatterBot Victor round 8
ChatterBot Kilo round 8
ChatterBot Uniform round 8
ChatterBot Mike round 8
ChatterBot Tango round 8
2024-10-14 16:49:25.286308 Whiskey: We should add Echo
ChatterBot Golf reevaluating
2024-10-14 16:49:25.328537 Mike: No
2024-10-14 16:49:25.328792 Uniform: No
2024-10-14 16:49:25.329669 Victor: No
2024-10-14 16:49:25.329912 Golf: No
2024-10-14 16:49:25.330259 Tango: No
ChatterBot Golf reevaluating
ChatterBot Whiskey reevaluating
ChatterBot Golf reevaluating
ChatterBot Whiskey reevaluating
ChatterBot Golf reevaluating
ChatterBot Whiskey reevaluating
ChatterBot Tango reevaluating
ChatterBot Whiskey reevaluating
ChatterBot Golf reevaluating
