ChatterBot X-ray round 1
ChatterBot Victor round 1
ChatterBot Oscar round 1
ChatterBot Lima round 1
ChatterBot Bravo round 1
ChatterBot Golf round 1
ChatterBot Uniform round 1
ChatterBot November round 1
ChatterBot India round 1
ChatterBot Whiskey round 1
randomSelections Oscar: {Oscar, India, Lima, Uniform, Victor, November} 
2024-10-14 16:49:09.129031 Oscar: We should group up
ChatterBot India reevaluating
ChatterBot Lima reevaluating
ChatterBot Uniform reevaluating
ChatterBot Victor reevaluating
ChatterBot November reevaluating
2024-10-14 16:49:09.221215 India: Yes
2024-10-14 16:49:09.221581 Lima: Yes
2024-10-14 16:49:09.223161 Uniform: Yes
2024-10-14 16:49:09.223335 Victor: Yes
2024-10-14 16:49:09.223490 November: Yes
ChatterBot Lima reevaluating
ChatterBot Uniform reevaluating
ChatterBot Victor reevaluating
ChatterBot November reevaluating
ChatterBot India reevaluating
ChatterBot Uniform reevaluating
ChatterBot Victor reevaluating
ChatterBot November reevaluating
ChatterBot India reevaluating
ChatterBot Lima reevaluating
ChatterBot Victor reevaluating
ChatterBot November reevaluating
ChatterBot India reevaluating
ChatterBot Lima reevaluating
ChatterBot Uniform reevaluating
ChatterBot November reevaluating
ChatterBot India reevaluating
ChatterBot Lima reevaluating
ChatterBot Uniform reevaluating
ChatterBot Victor reevaluating
randomSelections Golf: {Golf, Uniform, India, Lima, Victor, November} 
2024-10-14 16:49:09.297236 Golf: Can we be friends?
ChatterBot Uniform reevaluating
ChatterBot India reevaluating
ChatterBot Lima reevaluating
ChatterBot Victor reevaluating
ChatterBot November reevaluating
2024-10-14 16:49:09.311149 Uniform: No
2024-10-14 16:49:09.311347 India: No
2024-10-14 16:49:09.311513 Lima: No
2024-10-14 16:49:09.311660 Victor: No
2024-10-14 16:49:09.311818 November: No
ChatterBot India reevaluating
ChatterBot Lima reevaluating
ChatterBot Victor reevaluating
ChatterBot November reevaluating
ChatterBot Uniform reevaluating
ChatterBot Lima reevaluating
ChatterBot Victor reevaluating
ChatterBot November reevaluating
ChatterBot Uniform reevaluating
ChatterBot India reevaluating
ChatterBot Victor reevaluating
ChatterBot November reevaluating
ChatterBot Uniform reevaluating
ChatterBot India reevaluating
ChatterBot Lima reevaluating
ChatterBot November reevaluating
ChatterBot Uniform reevaluating
ChatterBot India reevaluating
ChatterBot Lima reevaluating
ChatterBot Victor reevaluating
randomSelections X-ray: {X-ray, Lima, November, India, Oscar, Whiskey} 
2024-10-14 16:49:09.378948 X-ray: Group up?
ChatterBot Lima reevaluating
ChatterBot November reevaluating
ChatterBot India reevaluating
ChatterBot Whiskey reevaluating
2024-10-14 16:49:09.390625 Lima: No
2024-10-14 16:49:09.391192 November: No
2024-10-14 16:49:09.391336 India: No
2024-10-14 16:49:09.391475 Oscar: No
2024-10-14 16:49:09.391609 Whiskey: Yes
ChatterBot November reevaluating
ChatterBot India reevaluating
ChatterBot Whiskey reevaluating
ChatterBot Lima reevaluating
ChatterBot India reevaluating
ChatterBot Whiskey reevaluating
ChatterBot Lima reevaluating
ChatterBot November reevaluating
ChatterBot Whiskey reevaluating
ChatterBot Lima reevaluating
ChatterBot November reevaluating
ChatterBot India reevaluating
ChatterBot Whiskey reevaluating
ChatterBot Lima reevaluating
ChatterBot November reevaluating
ChatterBot India reevaluating
randomSelections Bravo: {Bravo, Golf, Oscar, Uniform, Lima} 
2024-10-14 16:49:09.503342 Bravo: Group up?
ChatterBot Uniform reevaluating
ChatterBot Lima reevaluating
2024-10-14 16:49:09.513943 Golf: No
2024-10-14 16:49:09.514194 Oscar: No
2024-10-14 16:49:09.514683 Uniform: No
2024-10-14 16:49:09.514910 Lima: No
ChatterBot Uniform reevaluating
ChatterBot Lima reevaluating
ChatterBot Uniform reevaluating
ChatterBot Lima reevaluating
ChatterBot Lima reevaluating
ChatterBot Uniform reevaluating
2024-10-14 16:49:09.579773 Golf: Lima and Uniform, sending you 1
2024-10-14 16:49:09.581401 Whiskey: X-ray, sending you 3
2024-10-14 16:49:09.581859 Victor: Oscar and Lima, sending you 1
2024-10-14 16:49:09.582326 November: Victor, sending you 2
2024-10-14 16:49:09.582791 India: Victor, sending you 3
2024-10-14 16:49:09.583891 X-ray: Oscar and Lima, sending you 3
2024-10-14 16:49:09.584534 Uniform: Victor, Lima, November and India, sending you 1
2024-10-14 16:49:09.586047 Golf: India, sending you 2
2024-10-14 16:49:09.586856 Oscar: Victor, sending you 2
2024-10-14 16:49:09.588330 Whiskey: Oscar, Lima and India, sending you 2
2024-10-14 16:49:09.588937 Victor: Uniform and November, sending you 2
2024-10-14 16:49:09.590629 Bravo: Oscar, sending you 2
2024-10-14 16:49:09.591388 X-ray: India, sending you 2
2024-10-14 16:49:09.592879 November: Oscar, Lima and Uniform, sending you 1
2024-10-14 16:49:09.593577 India: Oscar and Lima, sending you 1
2024-10-14 16:49:09.595101 Oscar: Uniform, sending you 1
2024-10-14 16:49:09.595949 Bravo: Lima, sending you 3
2024-10-14 16:49:09.597621 Victor: India, sending you 3
2024-10-14 16:49:09.598164 November: India, sending you 4
2024-10-14 16:49:09.600685 X-ray: Whiskey, sending you 1
2024-10-14 16:49:09.602927 India: Uniform and November, sending you 2
2024-10-14 16:49:09.604912 Oscar: November, sending you 5
2024-10-14 16:49:09.605975 Bravo: Golf, sending you 6
2024-10-14 16:49:09.608936 Oscar: India, sending you 4
2024-10-14 16:49:09.611689 Bravo: Uniform, sending you 5
chatterbot X-ray submitting transactions
chatterbot November submitting transactions
chatterbot Whiskey submitting transactions
chatterbot Bravo submitting transactions
chatterbot Lima submitting transactions
chatterbot Golf submitting transactions
chatterbot Uniform submitting transactions
chatterbot Oscar submitting transactions
chatterbot Victor submitting transactions
chatterbot India submitting transactions
ChatterBot X-ray round 2
ChatterBot Victor round 2
ChatterBot Oscar round 2
ChatterBot Lima round 2
ChatterBot Bravo round 2
2024-10-14 16:49:10.543870 X-ray: Friends?
ChatterBot Whiskey reevaluating
ChatterBot Bravo reevaluating
2024-10-14 16:49:10.558298 Whiskey: No
2024-10-14 16:49:10.558465 Bravo: Yes
ChatterBot X-ray reevaluating
ChatterBot Bravo reevaluating
ChatterBot X-ray reevaluating
ChatterBot Whiskey reevaluating
ChatterBot Golf round 2
2024-10-14 16:49:10.588727 Bravo: We should group up
ChatterBot Oscar reevaluating
ChatterBot November reevaluating
ChatterBot India reevaluating
2024-10-14 16:49:10.613108 Victor: No
2024-10-14 16:49:10.613284 Oscar: No
2024-10-14 16:49:10.613385 November: No
2024-10-14 16:49:10.613484 India: No
ChatterBot Bravo reevaluating
ChatterBot Oscar reevaluating
ChatterBot November reevaluating
ChatterBot India reevaluating
ChatterBot Bravo reevaluating
ChatterBot November reevaluating
ChatterBot India reevaluating
ChatterBot Bravo reevaluating
ChatterBot Victor reevaluating
ChatterBot Oscar reevaluating
ChatterBot India reevaluating
ChatterBot Bravo reevaluating
ChatterBot Victor reevaluating
ChatterBot Oscar reevaluating
ChatterBot November reevaluating
ChatterBot Uniform round 2
ChatterBot November round 2
ChatterBot India round 2
ChatterBot Whiskey round 2
2024-10-14 16:49:10.761072 Lima: We should drop Uniform
ChatterBot Victor reevaluating
ChatterBot Oscar reevaluating
ChatterBot November reevaluating
ChatterBot India reevaluating
2024-10-14 16:49:10.779363 Victor: No
2024-10-14 16:49:10.779487 Oscar: No
2024-10-14 16:49:10.779582 November: No
2024-10-14 16:49:10.779688 India: No
ChatterBot Lima reevaluating
ChatterBot Oscar reevaluating
ChatterBot November reevaluating
ChatterBot India reevaluating
ChatterBot Lima reevaluating
ChatterBot Victor reevaluating
ChatterBot November reevaluating
ChatterBot India reevaluating
ChatterBot Lima reevaluating
ChatterBot Victor reevaluating
ChatterBot Oscar reevaluating
ChatterBot India reevaluating
ChatterBot Lima reevaluating
ChatterBot Victor reevaluating
ChatterBot Oscar reevaluating
ChatterBot November reevaluating
2024-10-14 16:49:10.846672 Golf: Friends?
ChatterBot Bravo reevaluating
ChatterBot Uniform reevaluating
ChatterBot Lima reevaluating
2024-10-14 16:49:10.860130 Bravo: No
2024-10-14 16:49:10.860289 Uniform: No
2024-10-14 16:49:10.860454 Lima: No
ChatterBot Uniform reevaluating
ChatterBot Lima reevaluating
ChatterBot Golf reevaluating
ChatterBot Bravo reevaluating
ChatterBot Lima reevaluating
ChatterBot Golf reevaluating
ChatterBot Bravo reevaluating
ChatterBot Uniform reevaluating
2024-10-14 16:49:10.898321 Uniform: Can we be friends?
ChatterBot Bravo reevaluating
ChatterBot Golf reevaluating
2024-10-14 16:49:10.907162 Bravo: Yes
2024-10-14 16:49:10.907268 Golf: Yes
ChatterBot Uniform reevaluating
ChatterBot Golf reevaluating
ChatterBot Uniform reevaluating
ChatterBot Bravo reevaluating
2024-10-14 16:49:10.942576 Bravo: We should drop Oscar
ChatterBot Golf reevaluating
ChatterBot Lima reevaluating
2024-10-14 16:49:10.955104 Golf: Yes
2024-10-14 16:49:10.955235 Uniform: No
2024-10-14 16:49:10.955343 Lima: Yes
ChatterBot Bravo reevaluating
ChatterBot Uniform reevaluating
ChatterBot Lima reevaluating
ChatterBot Golf reevaluating
ChatterBot Bravo reevaluating
ChatterBot Lima reevaluating
ChatterBot Golf reevaluating
ChatterBot Bravo reevaluating
ChatterBot Uniform reevaluating
2024-10-14 16:49:10.993285 Victor: We should drop Lima
ChatterBot Uniform reevaluating
2024-10-14 16:49:11.008393 Oscar: Yes
2024-10-14 16:49:11.008519 November: Yes
2024-10-14 16:49:11.008640 India: Yes
2024-10-14 16:49:11.008752 Uniform: Yes
ChatterBot Victor reevaluating
ChatterBot Uniform reevaluating
ChatterBot Victor reevaluating
ChatterBot Uniform reevaluating
ChatterBot Victor reevaluating
ChatterBot November reevaluating
ChatterBot Uniform reevaluating
ChatterBot Victor reevaluating
ChatterBot November reevaluating
2024-10-14 16:49:11.076296 X-ray: Uniform, sending you 2
2024-10-14 16:49:11.264765 X-ray: Whiskey, sending you 7
2024-10-14 16:49:11.699233 Lima: X-ray, sending you 5
2024-10-14 16:49:11.699634 Whiskey: X-ray, sending you 5
chatterbot Whiskey submitting transactions
chatterbot Bravo submitting transactions
chatterbot India submitting transactions
2024-10-14 16:49:12.119583 November: Victor and India, sending you 2
2024-10-14 16:49:12.120661 Whiskey: Bravo, sending you 4
2024-10-14 16:49:12.121213 Uniform: Sending you 9
2024-10-14 16:49:12.121946 Lima: Whiskey, sending you 4
2024-10-14 16:49:12.122349 India: Victor, sending you 2
2024-10-14 16:49:12.123120 Oscar: Victor, November and India, sending you 4
chatterbot Victor submitting transactions
chatterbot November submitting transactions
chatterbot X-ray submitting transactions
chatterbot Golf submitting transactions
chatterbot Lima submitting transactions
2024-10-14 16:49:12.125168 November: Oscar, sending you 4
2024-10-14 16:49:12.334104 India: Oscar and November, sending you 3
2024-10-14 16:49:12.334483 Victor: Oscar, Uniform and November, sending you 2
2024-10-14 16:49:12.335275 November: Uniform, sending you 1
chatterbot Oscar submitting transactions
chatterbot Uniform submitting transactions
2024-10-14 16:49:12.348733 India: Uniform, sending you 1
2024-10-14 16:49:12.349019 Victor: India, sending you 3
2024-10-14 16:49:12.349668 Golf: Lima and Uniform, sending you 1
ChatterBot X-ray round 3
ChatterBot Victor round 3
ChatterBot Oscar round 3
ChatterBot Lima round 3
ChatterBot Bravo round 3
ChatterBot Golf round 3
ChatterBot Uniform round 3
2024-10-14 16:49:12.484267 India: X-ray did not give me 2 like they said
ChatterBot Oscar reevaluating
ChatterBot November reevaluating
ChatterBot Uniform reevaluating
2024-10-14 16:49:12.499386 India: Golf did not give me 2 like they said
ChatterBot Victor reevaluating
ChatterBot Oscar reevaluating
ChatterBot November reevaluating
ChatterBot Uniform reevaluating
2024-10-14 16:49:12.513246 India: Uniform did not give me 1 like they said
ChatterBot Victor reevaluating
ChatterBot Oscar reevaluating
ChatterBot November reevaluating
ChatterBot Uniform reevaluating
2024-10-14 16:49:12.528445 India: November did not give me 4 like they said
ChatterBot Uniform reevaluating
2024-10-14 16:49:12.533088 India: Whiskey did not give me 2 like they said
ChatterBot Oscar reevaluating
ChatterBot Victor reevaluating
ChatterBot November reevaluating
ChatterBot Victor reevaluating
ChatterBot Oscar reevaluating
ChatterBot November reevaluating
ChatterBot Uniform reevaluating
2024-10-14 16:49:12.585479 Golf: Bravo, sending you 2
ChatterBot November round 3
ChatterBot India round 3
ChatterBot Whiskey round 3
2024-10-14 16:49:12.629889 X-ray: We should group up
ChatterBot Lima reevaluating
ChatterBot Whiskey reevaluating
ChatterBot Bravo reevaluating
ChatterBot Golf reevaluating
ChatterBot Uniform reevaluating
2024-10-14 16:49:12.649701 Lima: No
2024-10-14 16:49:12.649876 Whiskey: No
2024-10-14 16:49:12.650597 Bravo: No
2024-10-14 16:49:12.650797 Golf: No
2024-10-14 16:49:12.650968 Uniform: No
ChatterBot X-ray reevaluating
ChatterBot Whiskey reevaluating
ChatterBot Bravo reevaluating
ChatterBot Golf reevaluating
ChatterBot Uniform reevaluating
ChatterBot X-ray reevaluating
ChatterBot Lima reevaluating
ChatterBot Bravo reevaluating
ChatterBot Golf reevaluating
ChatterBot Uniform reevaluating
ChatterBot X-ray reevaluating
ChatterBot Lima reevaluating
ChatterBot Whiskey reevaluating
ChatterBot Golf reevaluating
ChatterBot Uniform reevaluating
ChatterBot X-ray reevaluating
ChatterBot Lima reevaluating
ChatterBot Whiskey reevaluating
ChatterBot Bravo reevaluating
ChatterBot Uniform reevaluating
ChatterBot X-ray reevaluating
ChatterBot Lima reevaluating
ChatterBot Whiskey reevaluating
ChatterBot Bravo reevaluating
ChatterBot Golf reevaluating
2024-10-14 16:49:12.756641 Golf: We should group up
ChatterBot X-ray reevaluating
ChatterBot Lima reevaluating
ChatterBot Whiskey reevaluating
2024-10-14 16:49:12.767508 X-ray: Yes
2024-10-14 16:49:12.767644 Lima: Yes
2024-10-14 16:49:12.767766 Whiskey: Yes
ChatterBot Golf reevaluating
ChatterBot Lima reevaluating
ChatterBot Whiskey reevaluating
ChatterBot Golf reevaluating
ChatterBot X-ray reevaluating
ChatterBot Whiskey reevaluating
ChatterBot Golf reevaluating
ChatterBot X-ray reevaluating
ChatterBot Lima reevaluating
2024-10-14 16:49:12.821518 Oscar: Golf we want you to join our group
2024-10-14 16:49:12.825594 Golf: No
ChatterBot Oscar reevaluating
ChatterBot November reevaluating
2024-10-14 16:49:12.838991 Uniform: Golf we want you to join our group
2024-10-14 16:49:12.842602 Golf: No
ChatterBot Uniform reevaluating
ChatterBot Bravo reevaluating
2024-10-14 16:49:12.850260 India: We should drop Uniform
ChatterBot Oscar reevaluating
ChatterBot Victor reevaluating
ChatterBot November reevaluating
2024-10-14 16:49:12.860917 Oscar: Yes
2024-10-14 16:49:12.861059 Victor: No
2024-10-14 16:49:12.861170 November: Yes
ChatterBot Victor reevaluating
ChatterBot November reevaluating
ChatterBot Oscar reevaluating
ChatterBot November reevaluating
ChatterBot Oscar reevaluating
ChatterBot Victor reevaluating
2024-10-14 16:49:12.890403 Lima: Golf we want you to join our group
ChatterBot Golf reevaluating
2024-10-14 16:49:12.894465 Golf: No
ChatterBot X-ray reevaluating
ChatterBot Lima reevaluating
2024-10-14 16:49:12.919097 Whiskey: Sending you each 3
2024-10-14 16:49:15.106275 Uniform: Same as last round
2024-10-14 16:49:15.106665 India: Sending you each 3
2024-10-14 16:49:15.109777 November: We should replace Uniform with X-ray
ChatterBot Oscar reevaluating
2024-10-14 16:49:15.121824 Oscar: No
2024-10-14 16:49:15.122014 Victor: No
2024-10-14 16:49:15.122146 India: No
ChatterBot November reevaluating
ChatterBot Oscar reevaluating
ChatterBot November reevaluating
ChatterBot Oscar reevaluating
ChatterBot November reevaluating
2024-10-14 16:49:15.159788 Golf: Lima and Uniform, sending you 1
2024-10-14 16:49:15.160367 Bravo: X-ray, sending you 4
2024-10-14 16:49:15.160769 Lima: X-ray, Bravo, Golf and Whiskey, sending you 2
2024-10-14 16:49:15.162487 X-ray: Lima and Whiskey, sending you 4
2024-10-14 16:49:15.163173 November: We should replace Uniform with Bravo
ChatterBot Oscar reevaluating
ChatterBot Victor reevaluating
2024-10-14 16:49:15.231391 Oscar: No
2024-10-14 16:49:15.232201 Victor: No
2024-10-14 16:49:15.232559 India: No
ChatterBot Victor reevaluating
ChatterBot November reevaluating
ChatterBot Oscar reevaluating
ChatterBot November reevaluating
ChatterBot Oscar reevaluating
ChatterBot Victor reevaluating
ChatterBot November reevaluating
2024-10-14 16:49:15.267184 Bravo: Golf, sending you 5
2024-10-14 16:49:15.268302 Lima: Uniform, sending you 1
2024-10-14 16:49:15.268741 X-ray: Golf, sending you 1
2024-10-14 16:49:15.298310 November: Bravo we want you to join our group
ChatterBot Bravo reevaluating
2024-10-14 16:49:15.305694 Bravo: No
ChatterBot Oscar reevaluating
ChatterBot November reevaluating
2024-10-14 16:49:15.331157 Oscar: We should replace Uniform with Lima
ChatterBot November reevaluating
2024-10-14 16:49:15.349215 Victor: No
2024-10-14 16:49:15.350117 November: No
2024-10-14 16:49:15.350370 India: No
ChatterBot Oscar reevaluating
ChatterBot November reevaluating
ChatterBot Oscar reevaluating
ChatterBot Oscar reevaluating
ChatterBot November reevaluating
chatterbot India submitting transactions
chatterbot Whiskey submitting transactions
2024-10-14 16:49:15.458715 Bravo: Sorry, I'm actually sending you 0
2024-10-14 16:49:15.509059 Bravo: Golf, sending you 4
2024-10-14 16:49:15.588621 Bravo: Uniform, sending you 9
chatterbot Lima submitting transactions
2024-10-14 16:49:15.647848 Bravo: Whiskey, sending you 6
2024-10-14 16:49:15.648732 November: Victor, sending you 2
2024-10-14 16:49:15.649258 Oscar: Victor, sending you 3
2024-10-14 16:49:15.758444 November: Oscar, sending you 4
2024-10-14 16:49:15.759080 Oscar: Golf, sending you 1
chatterbot Victor submitting transactions
chatterbot Bravo submitting transactions
chatterbot Victor submitting transactions
chatterbot Golf submitting transactions
2024-10-14 16:49:15.815193 November: India, sending you 3
2024-10-14 16:49:15.816167 Oscar: November and India, sending you 4
chatterbot Uniform submitting transactions
chatterbot X-ray submitting transactions
chatterbot November submitting transactions
chatterbot Oscar submitting transactions
chatterbot Bravo submitting transactions
ChatterBot X-ray round 4
ChatterBot Victor round 4
ChatterBot Oscar round 4
ChatterBot Lima round 4
ChatterBot Bravo round 4
ChatterBot Golf round 4
ChatterBot Uniform round 4
ChatterBot November round 4
2024-10-14 16:49:16.582515 X-ray: We should add Bravo and Uniform
ChatterBot Golf reevaluating
ChatterBot Lima reevaluating
2024-10-14 16:49:16.597772 Golf: No
2024-10-14 16:49:16.597988 Lima: No
2024-10-14 16:49:16.598115 Whiskey: No
ChatterBot X-ray reevaluating
ChatterBot Lima reevaluating
ChatterBot Golf reevaluating
ChatterBot X-ray reevaluating
ChatterBot Golf reevaluating
ChatterBot X-ray reevaluating
ChatterBot Lima reevaluating
ChatterBot India round 4
ChatterBot Whiskey round 4
2024-10-14 16:49:16.657165 Bravo: We should replace Whiskey with Lima
ChatterBot Uniform reevaluating
ChatterBot Golf reevaluating
2024-10-14 16:49:16.664780 Uniform: No
2024-10-14 16:49:16.664941 Golf: No
ChatterBot Golf reevaluating
ChatterBot Uniform reevaluating
2024-10-14 16:49:16.678412 Uniform: We should add Golf
2024-10-14 16:49:16.681941 Bravo: Yes
ChatterBot Uniform reevaluating
2024-10-14 16:49:16.704282 Bravo: Lima we want you to join our group
2024-10-14 16:49:16.708112 Lima: No
ChatterBot Uniform reevaluating
2024-10-14 16:49:16.718258 Lima: We should drop Bravo and Uniform
ChatterBot X-ray reevaluating
2024-10-14 16:49:16.728067 Golf: Yes
2024-10-14 16:49:16.728655 X-ray: No
2024-10-14 16:49:16.728789 Whiskey: Yes
ChatterBot X-ray reevaluating
ChatterBot X-ray reevaluating
2024-10-14 16:49:16.757754 Uniform: Golf we want you to join our group
2024-10-14 16:49:16.761334 Golf: No
2024-10-14 16:49:16.793447 Oscar: Victor, sending you 3
2024-10-14 16:49:16.862315 November: Victor, sending you 2
2024-10-14 16:49:16.863397 Oscar: Golf, sending you 1
2024-10-14 16:49:16.863926 Golf: X-ray and Lima, sending you 1
2024-10-14 16:49:16.864966 Bravo: Lima and Golf, sending you 5
2024-10-14 16:49:16.865427 Whiskey: Same as last round
2024-10-14 16:49:16.866444 India: Same as last round
2024-10-14 16:49:16.867106 X-ray: Victor we want you to join our group
ChatterBot Victor reevaluating
2024-10-14 16:49:16.872149 Victor: No
ChatterBot X-ray reevaluating
2024-10-14 16:49:16.882541 Victor: We should replace Bravo with Golf
2024-10-14 16:49:16.892214 Oscar: Yes
2024-10-14 16:49:16.892519 November: No
2024-10-14 16:49:16.893162 India: No
ChatterBot Victor reevaluating
ChatterBot November reevaluating
ChatterBot Oscar reevaluating
ChatterBot Victor reevaluating
ChatterBot Oscar reevaluating
ChatterBot Victor reevaluating
ChatterBot November reevaluating
2024-10-14 16:49:16.926972 Golf: Whiskey, sending you 2
2024-10-14 16:49:16.927835 Bravo: Uniform, sending you 9
2024-10-14 16:49:16.928353 Uniform: Bravo, sending you 6
2024-10-14 16:49:16.929741 Victor: We should replace Bravo with X-ray
ChatterBot Oscar reevaluating
ChatterBot November reevaluating
2024-10-14 16:49:16.941744 Oscar: No
2024-10-14 16:49:16.942017 November: Yes
2024-10-14 16:49:16.942293 India: No
ChatterBot Victor reevaluating
ChatterBot November reevaluating
ChatterBot Oscar reevaluating
ChatterBot Victor reevaluating
ChatterBot Oscar reevaluating
ChatterBot Victor reevaluating
ChatterBot November reevaluating
2024-10-14 16:49:16.976882 Lima: X-ray, sending you 4
2024-10-14 16:49:16.977367 Uniform: Golf, sending you 3
2024-10-14 16:49:17.035019 Lima: Golf, sending you 2
2024-10-14 16:49:17.035990 X-ray: Lima and Whiskey, sending you 4
2024-10-14 16:49:17.036291 Victor: Golf we want you to join our group
2024-10-14 16:49:17.040135 Golf: No
ChatterBot Oscar reevaluating
ChatterBot Victor reevaluating
ChatterBot November reevaluating
2024-10-14 16:49:17.055726 Lima: Whiskey, sending you 3
2024-10-14 16:49:17.056536 X-ray: Golf, sending you 1
2024-10-14 16:49:17.079029 November: We should drop Lima and Whiskey
ChatterBot Victor reevaluating
ChatterBot Oscar reevaluating
2024-10-14 16:49:17.091727 Victor: Yes
2024-10-14 16:49:17.091889 Oscar: Yes
2024-10-14 16:49:17.092016 India: Yes
2024-10-14 16:49:17.092729 X-ray: No
ChatterBot November reevaluating
ChatterBot Oscar reevaluating
ChatterBot X-ray reevaluating
ChatterBot November reevaluating
ChatterBot Victor reevaluating
ChatterBot X-ray reevaluating
ChatterBot November reevaluating
ChatterBot Victor reevaluating
ChatterBot Oscar reevaluating
ChatterBot X-ray reevaluating
ChatterBot November reevaluating
ChatterBot Victor reevaluating
ChatterBot Oscar reevaluating
chatterbot Golf submitting transactions
2024-10-14 16:49:17.160061 Oscar: We should drop Golf
ChatterBot Victor reevaluating
ChatterBot November reevaluating
2024-10-14 16:49:17.169905 Victor: Yes
2024-10-14 16:49:17.170092 November: Yes
2024-10-14 16:49:17.170208 India: Yes
ChatterBot Oscar reevaluating
ChatterBot November reevaluating
ChatterBot Oscar reevaluating
ChatterBot Victor reevaluating
ChatterBot Oscar reevaluating
ChatterBot Victor reevaluating
ChatterBot November reevaluating
chatterbot Bravo submitting transactions
chatterbot Uniform submitting transactions
chatterbot India submitting transactions
chatterbot Lima submitting transactions
chatterbot Oscar submitting transactions
chatterbot November submitting transactions
chatterbot Whiskey submitting transactions
chatterbot X-ray submitting transactions
chatterbot Victor submitting transactions
ChatterBot X-ray round 5
ChatterBot Victor round 5
ChatterBot Oscar round 5
ChatterBot Lima round 5
ChatterBot Bravo round 5
ChatterBot Golf round 5
ChatterBot Uniform round 5
ChatterBot November round 5
ChatterBot India round 5
ChatterBot Whiskey round 5
2024-10-14 16:49:18.770969 Uniform: We should drop Golf
2024-10-14 16:49:18.776983 Bravo: No
2024-10-14 16:49:18.783437 November: We should drop Lima and Whiskey
ChatterBot Victor reevaluating
ChatterBot X-ray reevaluating
2024-10-14 16:49:18.808595 Victor: Yes
2024-10-14 16:49:18.809236 Oscar: Yes
2024-10-14 16:49:18.809409 India: Yes
2024-10-14 16:49:18.809571 X-ray: No
ChatterBot X-ray reevaluating
ChatterBot Victor reevaluating
ChatterBot X-ray reevaluating
ChatterBot November reevaluating
ChatterBot Victor reevaluating
ChatterBot Oscar reevaluating
ChatterBot X-ray reevaluating
ChatterBot November reevaluating
ChatterBot Victor reevaluating
ChatterBot Oscar reevaluating
2024-10-14 16:49:18.913335 X-ray: We should add Bravo and Uniform
2024-10-14 16:49:18.997256 Golf: No
2024-10-14 16:49:18.998560 Lima: No
2024-10-14 16:49:18.998985 Whiskey: No
ChatterBot X-ray reevaluating
ChatterBot X-ray reevaluating
ChatterBot X-ray reevaluating
2024-10-14 16:49:19.071653 Bravo: Lima, sending you 4
2024-10-14 16:49:19.072459 Golf: X-ray and Lima, sending you 1
2024-10-14 16:49:19.073435 Lima: X-ray, sending you 4
2024-10-14 16:49:19.074043 X-ray: Bravo and Uniform we want you to join our group
2024-10-14 16:49:19.081828 Bravo: No
2024-10-14 16:49:19.082944 Uniform: No
ChatterBot X-ray reevaluating
ChatterBot X-ray reevaluating
2024-10-14 16:49:19.136514 X-ray: We should replace Golf with Bravo
2024-10-14 16:49:19.144691 Lima: No
2024-10-14 16:49:19.144832 Whiskey: No
ChatterBot X-ray reevaluating
ChatterBot X-ray reevaluating
2024-10-14 16:49:19.161020 Golf: Whiskey, sending you 2
2024-10-14 16:49:19.161930 Bravo: Golf, sending you 5
2024-10-14 16:49:19.162228 Lima: Golf, sending you 2
2024-10-14 16:49:19.162645 Whiskey: Same as last round
chatterbot India submitting transactions
2024-10-14 16:49:19.163920 India: Same as last round
2024-10-14 16:49:19.169112 Uniform: Sending you 9
2024-10-14 16:49:19.169493 Golf: Oscar did not give me 1 like they said
ChatterBot X-ray reevaluating
ChatterBot Lima reevaluating
ChatterBot Whiskey reevaluating
2024-10-14 16:49:19.188915 Bravo: Uniform, sending you 10
2024-10-14 16:49:19.211964 X-ray: Lima and Whiskey, sending you 3
2024-10-14 16:49:19.215671 X-ray: Bravo, Golf and Uniform, sending you 1
chatterbot Bravo submitting transactions
chatterbot Golf submitting transactions
chatterbot Lima submitting transactions
chatterbot Lima submitting transactions
chatterbot Whiskey submitting transactions
chatterbot November submitting transactions
chatterbot Oscar submitting transactions
chatterbot Uniform submitting transactions
chatterbot Victor submitting transactions
chatterbot Whiskey submitting transactions
chatterbot X-ray submitting transactions
ChatterBot X-ray round 6
ChatterBot Victor round 6
ChatterBot Oscar round 6
ChatterBot Lima round 6
ChatterBot Bravo round 6
ChatterBot Golf round 6
ChatterBot Uniform round 6
2024-10-14 16:49:20.321950 Lima: We should add Bravo and Uniform
ChatterBot Golf reevaluating
ChatterBot Whiskey reevaluating
2024-10-14 16:49:20.334482 Golf: Yes
2024-10-14 16:49:20.335109 X-ray: Yes
2024-10-14 16:49:20.335224 Whiskey: No
ChatterBot Whiskey reevaluating
ChatterBot Golf reevaluating
ChatterBot Whiskey reevaluating
ChatterBot Golf reevaluating
ChatterBot November round 6
ChatterBot India round 6
ChatterBot Whiskey round 6
2024-10-14 16:49:20.385593 Bravo: We should add X-ray and Whiskey
ChatterBot Golf reevaluating
2024-10-14 16:49:20.396610 Golf: Yes
2024-10-14 16:49:20.396753 Uniform: No
2024-10-14 16:49:20.396877 Lima: Yes
ChatterBot Golf reevaluating
ChatterBot Golf reevaluating
2024-10-14 16:49:20.430947 Lima: Bravo and Uniform we want you to join our group
2024-10-14 16:49:20.438346 Bravo: Yes
2024-10-14 16:49:20.438503 Uniform: No
ChatterBot Whiskey reevaluating
ChatterBot Golf reevaluating
ChatterBot Whiskey reevaluating
ChatterBot Golf reevaluating
2024-10-14 16:49:20.475138 Whiskey: We should add Bravo and Uniform
ChatterBot Golf reevaluating
ChatterBot X-ray reevaluating
2024-10-14 16:49:20.485947 Golf: Yes
2024-10-14 16:49:20.486108 X-ray: No
2024-10-14 16:49:20.486226 Lima: Yes
ChatterBot X-ray reevaluating
ChatterBot Whiskey reevaluating
ChatterBot Golf reevaluating
ChatterBot Whiskey reevaluating
ChatterBot Golf reevaluating
ChatterBot X-ray reevaluating
ChatterBot Whiskey reevaluating
2024-10-14 16:49:20.536834 Bravo: X-ray and Whiskey we want you to join our group
ChatterBot X-ray reevaluating
2024-10-14 16:49:20.548562 X-ray: Yes
2024-10-14 16:49:20.548751 Whiskey: Yes
ChatterBot Golf reevaluating
ChatterBot X-ray reevaluating
ChatterBot Golf reevaluating
2024-10-14 16:49:20.599395 November: We should drop Lima and Whiskey
ChatterBot Victor reevaluating
ChatterBot Oscar reevaluating
ChatterBot X-ray reevaluating
2024-10-14 16:49:20.617423 Victor: Yes
2024-10-14 16:49:20.617556 Oscar: Yes
2024-10-14 16:49:20.617687 India: Yes
2024-10-14 16:49:20.617829 X-ray: No
ChatterBot November reevaluating
ChatterBot Oscar reevaluating
ChatterBot X-ray reevaluating
ChatterBot November reevaluating
ChatterBot Victor reevaluating
ChatterBot X-ray reevaluating
ChatterBot November reevaluating
ChatterBot Victor reevaluating
ChatterBot Oscar reevaluating
ChatterBot X-ray reevaluating
ChatterBot November reevaluating
ChatterBot Victor reevaluating
ChatterBot Oscar reevaluating
2024-10-14 16:49:20.747009 Whiskey: Bravo and Uniform we want you to join our group
2024-10-14 16:49:20.756278 Bravo: Yes
2024-10-14 16:49:20.756516 Uniform: No
ChatterBot X-ray reevaluating
ChatterBot Golf reevaluating
ChatterBot X-ray reevaluating
ChatterBot Golf reevaluating
2024-10-14 16:49:20.806210 Victor: Uniform we want you to join our group
2024-10-14 16:49:20.811478 Uniform: No
ChatterBot Victor reevaluating
ChatterBot Oscar reevaluating
ChatterBot November reevaluating
2024-10-14 16:49:20.837779 Lima: X-ray, sending you 3
2024-10-14 16:49:20.838418 Uniform: Same as last round
2024-10-14 16:49:20.839247 Golf: Bravo and Uniform we want you to join our group
2024-10-14 16:49:20.848048 Bravo: Yes
2024-10-14 16:49:20.848531 Uniform: No
ChatterBot Golf reevaluating
ChatterBot Golf reevaluating
2024-10-14 16:49:20.895710 Lima: Bravo and Whiskey, sending you 2
2024-10-14 16:49:20.901870 India: Same as last round
2024-10-14 16:49:20.902357 Lima: Golf and Uniform, sending you 1
2024-10-14 16:49:20.903327 Bravo: X-ray, sending you 2
2024-10-14 16:49:20.903746 Whiskey: X-ray, Lima, Bravo and Golf, sending you 2
2024-10-14 16:49:20.907241 Whiskey: Uniform, sending you 1
2024-10-14 16:49:20.913976 Bravo: Lima, Golf and Whiskey, sending you 3
2024-10-14 16:49:20.926135 Bravo: Uniform, sending you 8
2024-10-14 16:49:20.927755 X-ray: Lima and Whiskey, sending you 3
chatterbot India submitting transactions
2024-10-14 16:49:20.933345 X-ray: Bravo, Golf and Uniform, sending you 1
2024-10-14 16:49:20.942371 Golf: Lima, Bravo, Uniform and Whiskey, sending you 1
chatterbot Whiskey submitting transactions
chatterbot Oscar submitting transactions
chatterbot November submitting transactions
chatterbot Golf submitting transactions
chatterbot Uniform submitting transactions
chatterbot Bravo submitting transactions
chatterbot Victor submitting transactions
chatterbot Lima submitting transactions
chatterbot X-ray submitting transactions
ChatterBot X-ray round 7
ChatterBot Victor round 7
ChatterBot Oscar round 7
ChatterBot Lima round 7
ChatterBot Bravo round 7
ChatterBot Golf round 7
ChatterBot Uniform round 7
ChatterBot November round 7
ChatterBot India round 7
ChatterBot Whiskey round 7
2024-10-14 16:49:21.926146 Victor: We should replace Bravo with X-ray
ChatterBot Oscar reevaluating
ChatterBot November reevaluating
2024-10-14 16:49:21.948608 Oscar: No
2024-10-14 16:49:21.948824 November: Yes
2024-10-14 16:49:21.948979 India: No
ChatterBot Victor reevaluating
ChatterBot November reevaluating
ChatterBot Oscar reevaluating
ChatterBot Victor reevaluating
ChatterBot Oscar reevaluating
ChatterBot Victor reevaluating
ChatterBot November reevaluating
2024-10-14 16:49:21.993972 Uniform: We should group up
2024-10-14 16:49:22.018502 X-ray: Yes
2024-10-14 16:49:22.019094 Lima: Yes
2024-10-14 16:49:22.019455 Whiskey: Yes
2024-10-14 16:49:22.020537 Bravo: Yes
2024-10-14 16:49:22.020837 Golf: Yes
ChatterBot Uniform reevaluating
ChatterBot Uniform reevaluating
ChatterBot Uniform reevaluating
ChatterBot X-ray reevaluating
ChatterBot Uniform reevaluating
ChatterBot X-ray reevaluating
ChatterBot Uniform reevaluating
2024-10-14 16:49:22.129203 X-ray: We should drop Uniform
2024-10-14 16:49:22.149295 Lima: No
2024-10-14 16:49:22.149522 Golf: No
2024-10-14 16:49:22.149699 Whiskey: No
2024-10-14 16:49:22.149868 Bravo: No
ChatterBot X-ray reevaluating
ChatterBot X-ray reevaluating
ChatterBot X-ray reevaluating
ChatterBot X-ray reevaluating
2024-10-14 16:49:22.240281 November: We should drop Lima and Whiskey
ChatterBot Victor reevaluating
ChatterBot Oscar reevaluating
ChatterBot X-ray reevaluating
2024-10-14 16:49:22.257136 Victor: Yes
2024-10-14 16:49:22.257277 Oscar: Yes
2024-10-14 16:49:22.257397 India: Yes
2024-10-14 16:49:22.257501 X-ray: No
ChatterBot Oscar reevaluating
ChatterBot X-ray reevaluating
ChatterBot Victor reevaluating
ChatterBot X-ray reevaluating
ChatterBot Victor reevaluating
ChatterBot Oscar reevaluating
ChatterBot X-ray reevaluating
ChatterBot Victor reevaluating
ChatterBot Oscar reevaluating
2024-10-14 16:49:22.339696 Bravo: X-ray, sending you 2
2024-10-14 16:49:22.341045 Uniform: X-ray, Lima, Golf and Whiskey, sending you 1
2024-10-14 16:49:22.341691 India: Same as last round
2024-10-14 16:49:22.342178 Golf: X-ray, Lima, Bravo and Whiskey, sending you 1
2024-10-14 16:49:22.342776 Whiskey: X-ray, Lima, Bravo and Golf, sending you 2
2024-10-14 16:49:22.343985 Lima: X-ray, sending you 3
2024-10-14 16:49:22.344746 Bravo: Lima, Golf and Whiskey, sending you 3
2024-10-14 16:49:22.345982 Uniform: Bravo, sending you 5
2024-10-14 16:49:22.346705 Whiskey: Uniform, sending you 1
2024-10-14 16:49:22.348700 Lima: Bravo and Whiskey, sending you 2
2024-10-14 16:49:22.349937 Bravo: Uniform, sending you 8
chatterbot November submitting transactions
2024-10-14 16:49:22.354683 Lima: Golf and Uniform, sending you 1
2024-10-14 16:49:22.371703 X-ray: Lima and Whiskey, sending you 3
2024-10-14 16:49:22.374706 X-ray: Bravo, Golf and Uniform, sending you 1
chatterbot Uniform submitting transactions
chatterbot India submitting transactions
chatterbot Golf submitting transactions
chatterbot Whiskey submitting transactions
chatterbot Victor submitting transactions
chatterbot Oscar submitting transactions
chatterbot Lima submitting transactions
chatterbot Bravo submitting transactions
chatterbot X-ray submitting transactions
ChatterBot X-ray round 8
ChatterBot Victor round 8
ChatterBot Oscar round 8
ChatterBot Lima round 8
ChatterBot Bravo round 8
ChatterBot Golf round 8
ChatterBot Uniform round 8
ChatterBot November round 8
ChatterBot India round 8
ChatterBot Whiskey round 8
2024-10-14 16:49:23.416859 Victor: We should replace Bravo with X-ray
2024-10-14 16:49:23.432289 Oscar: No
2024-10-14 16:49:23.432756 November: Yes
2024-10-14 16:49:23.433481 India: No
ChatterBot Victor reevaluating
ChatterBot Victor reevaluating
ChatterBot Oscar reevaluating
ChatterBot Victor reevaluating
2024-10-14 16:49:23.486557 Oscar: We should replace Golf with X-ray
ChatterBot Victor reevaluating
2024-10-14 16:49:23.498325 Victor: No
2024-10-14 16:49:23.499071 November: Yes
2024-10-14 16:49:23.499305 India: No
ChatterBot Oscar reevaluating
ChatterBot Oscar reevaluating
ChatterBot Victor reevaluating
ChatterBot Oscar reevaluating
ChatterBot Victor reevaluating
2024-10-14 16:49:23.552640 X-ray: We should add November
ChatterBot Lima reevaluating
ChatterBot Golf reevaluating
2024-10-14 16:49:23.583990 Lima: No
2024-10-14 16:49:23.584188 Whiskey: No
2024-10-14 16:49:23.584314 Bravo: No
2024-10-14 16:49:23.584447 Golf: No
2024-10-14 16:49:23.584578 Uniform: No
ChatterBot X-ray reevaluating
ChatterBot Golf reevaluating
ChatterBot X-ray reevaluating
ChatterBot Lima reevaluating
ChatterBot Golf reevaluating
ChatterBot X-ray reevaluating
ChatterBot Lima reevaluating
ChatterBot Golf reevaluating
ChatterBot X-ray reevaluating
ChatterBot Lima reevaluating
ChatterBot X-ray reevaluating
ChatterBot Lima reevaluating
ChatterBot Golf reevaluating
2024-10-14 16:49:23.745484 Bravo: We should drop Golf
ChatterBot X-ray reevaluating
ChatterBot Lima reevaluating
2024-10-14 16:49:23.772419 X-ray: No
2024-10-14 16:49:23.772691 Lima: No
2024-10-14 16:49:23.772909 Whiskey: No
2024-10-14 16:49:23.773114 Uniform: Yes
ChatterBot Lima reevaluating
ChatterBot X-ray reevaluating
ChatterBot X-ray reevaluating
ChatterBot Lima reevaluating
ChatterBot X-ray reevaluating
ChatterBot Lima reevaluating
2024-10-14 16:49:23.887042 November: We should drop Lima and Whiskey
ChatterBot Victor reevaluating
ChatterBot Oscar reevaluating
ChatterBot X-ray reevaluating
2024-10-14 16:49:23.915173 Victor: Yes
2024-10-14 16:49:23.915414 Oscar: Yes
2024-10-14 16:49:23.915570 India: Yes
2024-10-14 16:49:23.915756 X-ray: No
ChatterBot Oscar reevaluating
ChatterBot X-ray reevaluating
ChatterBot Victor reevaluating
ChatterBot X-ray reevaluating
ChatterBot Victor reevaluating
ChatterBot Oscar reevaluating
ChatterBot X-ray reevaluating
ChatterBot Victor reevaluating
ChatterBot Oscar reevaluating
2024-10-14 16:49:24.110679 X-ray: We should add Victor
ChatterBot Lima reevaluating
2024-10-14 16:49:24.150381 Lima: Yes
2024-10-14 16:49:24.151140 Whiskey: No
2024-10-14 16:49:24.151366 Bravo: No
2024-10-14 16:49:24.151553 Golf: No
2024-10-14 16:49:24.151738 Uniform: No
ChatterBot X-ray reevaluating
ChatterBot Whiskey reevaluating
ChatterBot X-ray reevaluating
ChatterBot Lima reevaluating
ChatterBot Golf reevaluating
ChatterBot X-ray reevaluating
ChatterBot Lima reevaluating
ChatterBot Whiskey reevaluating
ChatterBot Golf reevaluating
ChatterBot X-ray reevaluating
ChatterBot Lima reevaluating
ChatterBot Whiskey reevaluating
ChatterBot X-ray reevaluating
ChatterBot Lima reevaluating
ChatterBot Whiskey reevaluating
ChatterBot Golf reevaluating
chatterbot Bravo submitting transactions
2024-10-14 16:49:24.360977 India: Same as last round
2024-10-14 16:49:24.362749 X-ray: November we want you to join our group
2024-10-14 16:49:24.370211 November: No
ChatterBot X-ray reevaluating
2024-10-14 16:49:24.399248 X-ray: We should add Oscar
ChatterBot Lima reevaluating
2024-10-14 16:49:24.428273 Lima: No
2024-10-14 16:49:24.428495 Whiskey: No
2024-10-14 16:49:24.428690 Bravo: No
2024-10-14 16:49:24.428858 Golf: No
2024-10-14 16:49:24.429620 Uniform: No
ChatterBot X-ray reevaluating
ChatterBot Uniform reevaluating
ChatterBot X-ray reevaluating
ChatterBot Lima reevaluating
ChatterBot Golf reevaluating
ChatterBot Uniform reevaluating
ChatterBot X-ray reevaluating
ChatterBot Lima reevaluating
ChatterBot Golf reevaluating
ChatterBot Uniform reevaluating
ChatterBot X-ray reevaluating
ChatterBot Lima reevaluating
ChatterBot Uniform reevaluating
ChatterBot X-ray reevaluating
ChatterBot Lima reevaluating
ChatterBot Golf reevaluating
chatterbot Victor submitting transactions
chatterbot November submitting transactions
2024-10-14 16:49:24.673209 Bravo: X-ray, sending you 3
2024-10-14 16:49:24.677978 Whiskey: X-ray, Lima, Bravo and Golf, sending you 2
2024-10-14 16:49:24.682957 Lima: Victor we want you to join our group
ChatterBot Victor reevaluating
2024-10-14 16:49:24.697812 Victor: No
ChatterBot Lima reevaluating
ChatterBot X-ray reevaluating
ChatterBot Golf reevaluating
2024-10-14 16:49:24.745088 Bravo: Lima and Whiskey, sending you 4
2024-10-14 16:49:24.746683 Whiskey: Uniform, sending you 1
chatterbot Uniform submitting transactions
chatterbot Oscar submitting transactions
2024-10-14 16:49:24.748838 Victor: X-ray we want you to join our group
ChatterBot X-ray reevaluating
2024-10-14 16:49:24.755708 X-ray: No
ChatterBot Victor reevaluating
ChatterBot Oscar reevaluating
2024-10-14 16:49:24.779437 Golf: We should drop Lima
ChatterBot X-ray reevaluating
2024-10-14 16:49:24.811658 Bravo: No
2024-10-14 16:49:24.811884 Uniform: No
2024-10-14 16:49:24.812510 X-ray: No
