ChatterBot X-ray round 1
ChatterBot Romeo round 1
ChatterBot Bravo round 1
ChatterBot Tango round 1
ChatterBot Alpha round 1
ChatterBot Golf round 1
ChatterBot Kilo round 1
ChatterBot Charlie round 1
ChatterBot Uniform round 1
ChatterBot Lima round 1
randomSelections X-ray: {X-ray, Golf, Lima, Kilo, Alpha, Romeo} 
2024-10-14 17:50:08.854935 X-ray: We should group up
ChatterBot Golf reevaluating
ChatterBot Lima reevaluating
ChatterBot Kilo reevaluating
ChatterBot Alpha reevaluating
ChatterBot Romeo reevaluating
2024-10-14 17:50:08.881247 Golf: Yes
2024-10-14 17:50:08.881474 Lima: Yes
2024-10-14 17:50:08.881643 Kilo: Yes
2024-10-14 17:50:08.881839 Alpha: Yes
2024-10-14 17:50:08.882022 Romeo: Yes
ChatterBot Lima reevaluating
ChatterBot Kilo reevaluating
ChatterBot Alpha reevaluating
ChatterBot Romeo reevaluating
ChatterBot Golf reevaluating
ChatterBot Kilo reevaluating
ChatterBot Alpha reevaluating
ChatterBot Romeo reevaluating
ChatterBot Golf reevaluating
ChatterBot Lima reevaluating
ChatterBot Alpha reevaluating
ChatterBot Romeo reevaluating
ChatterBot Golf reevaluating
ChatterBot Lima reevaluating
ChatterBot Kilo reevaluating
ChatterBot Romeo reevaluating
ChatterBot Golf reevaluating
ChatterBot Lima reevaluating
ChatterBot Kilo reevaluating
ChatterBot Alpha reevaluating
randomSelections Bravo: {Bravo, Uniform, X-ray, Romeo, Kilo, Charlie, Tango} 
2024-10-14 17:50:09.034385 Bravo: We should group up
ChatterBot Uniform reevaluating
ChatterBot Romeo reevaluating
ChatterBot Kilo reevaluating
ChatterBot Charlie reevaluating
ChatterBot Tango reevaluating
2024-10-14 17:50:09.044486 Uniform: Yes
2024-10-14 17:50:09.044869 X-ray: No
2024-10-14 17:50:09.045691 Romeo: No
2024-10-14 17:50:09.046118 Kilo: No
2024-10-14 17:50:09.046383 Charlie: Yes
2024-10-14 17:50:09.046529 Tango: Yes
ChatterBot Romeo reevaluating
ChatterBot Kilo reevaluating
ChatterBot Charlie reevaluating
ChatterBot Tango reevaluating
ChatterBot Uniform reevaluating
ChatterBot Romeo reevaluating
ChatterBot Kilo reevaluating
ChatterBot Charlie reevaluating
ChatterBot Tango reevaluating
ChatterBot Uniform reevaluating
ChatterBot Kilo reevaluating
ChatterBot Charlie reevaluating
ChatterBot Tango reevaluating
ChatterBot Uniform reevaluating
ChatterBot Romeo reevaluating
ChatterBot Charlie reevaluating
ChatterBot Tango reevaluating
ChatterBot Uniform reevaluating
ChatterBot Romeo reevaluating
ChatterBot Kilo reevaluating
ChatterBot Tango reevaluating
ChatterBot Uniform reevaluating
ChatterBot Romeo reevaluating
ChatterBot Kilo reevaluating
ChatterBot Charlie reevaluating
2024-10-14 17:50:09.136284 Alpha: X-ray and Golf, sending you 6
2024-10-14 17:50:09.137839 Golf: X-ray, Romeo and Kilo, sending you 4
2024-10-14 17:50:09.138654 X-ray: Romeo and Lima, sending you 1
2024-10-14 17:50:09.139826 Tango: X-ray, sending you 4
2024-10-14 17:50:09.140263 Romeo: X-ray, Alpha and Lima, sending you 2
2024-10-14 17:50:09.141665 Kilo: X-ray, sending you 5
2024-10-14 17:50:09.141942 Bravo: X-ray and Kilo, sending you 4
2024-10-14 17:50:09.142279 Lima: X-ray, Romeo and Golf, sending you 1
2024-10-14 17:50:09.142611 Alpha: Romeo and Kilo, sending you 1
2024-10-14 17:50:09.142976 Tango: Romeo and Kilo, sending you 2
2024-10-14 17:50:09.144188 Golf: Alpha and Lima, sending you 3
2024-10-14 17:50:09.145876 X-ray: Alpha and Golf, sending you 2
2024-10-14 17:50:09.146370 Romeo: Golf and Kilo, sending you 3
2024-10-14 17:50:09.146934 Lima: Alpha, sending you 2
2024-10-14 17:50:09.147464 Kilo: Romeo and Alpha, sending you 1
2024-10-14 17:50:09.148833 Bravo: Tango and Charlie, sending you 3
2024-10-14 17:50:09.149416 Alpha: Lima, sending you 2
2024-10-14 17:50:09.150768 Tango: Bravo, sending you 5
2024-10-14 17:50:09.151361 X-ray: Kilo, sending you 4
2024-10-14 17:50:09.151905 Lima: Kilo, sending you 4
2024-10-14 17:50:09.153246 Bravo: Uniform, sending you 2
2024-10-14 17:50:09.153858 Kilo: Golf and Lima, sending you 3
2024-10-14 17:50:09.155714 Tango: Charlie, sending you 6
2024-10-14 17:50:09.157072 Uniform: X-ray and Charlie, sending you 2
2024-10-14 17:50:09.159683 Tango: Uniform, sending you 1
2024-10-14 17:50:09.160130 Uniform: Romeo and Bravo, sending you 1
2024-10-14 17:50:09.163356 Uniform: Tango, sending you 7
2024-10-14 17:50:09.167950 Uniform: Kilo, sending you 3
chatterbot Bravo submitting transactions
chatterbot Kilo submitting transactions
chatterbot Alpha submitting transactions
chatterbot Lima submitting transactions
chatterbot X-ray submitting transactions
chatterbot Romeo submitting transactions
chatterbot Golf submitting transactions
chatterbot Charlie submitting transactions
chatterbot Tango submitting transactions
chatterbot Uniform submitting transactions
ChatterBot X-ray round 2
ChatterBot Romeo round 2
ChatterBot Bravo round 2
ChatterBot Tango round 2
ChatterBot Alpha round 2
ChatterBot Golf round 2
2024-10-14 17:50:10.326789 Tango: Group up?
ChatterBot Bravo reevaluating
ChatterBot Charlie reevaluating
ChatterBot Uniform reevaluating
2024-10-14 17:50:10.354959 Bravo: Yes
2024-10-14 17:50:10.355275 Charlie: No
2024-10-14 17:50:10.355481 Uniform: No
ChatterBot Charlie reevaluating
ChatterBot Uniform reevaluating
ChatterBot Bravo reevaluating
ChatterBot Uniform reevaluating
ChatterBot Bravo reevaluating
ChatterBot Charlie reevaluating
2024-10-14 17:50:10.433752 Charlie: We should group up
ChatterBot Bravo reevaluating
2024-10-14 17:50:10.438291 Bravo: Yes
ChatterBot Charlie reevaluating
ChatterBot Kilo round 2
ChatterBot Charlie round 2
ChatterBot Uniform round 2
ChatterBot Lima round 2
2024-10-14 17:50:10.493056 Uniform: We should group up
ChatterBot Charlie reevaluating
2024-10-14 17:50:10.508294 Tango: Yes
2024-10-14 17:50:10.508518 Bravo: Yes
2024-10-14 17:50:10.508715 Charlie: Yes
ChatterBot Charlie reevaluating
ChatterBot Charlie reevaluating
2024-10-14 17:50:10.563115 Romeo: We should drop Lima
2024-10-14 17:50:10.582476 X-ray: No
2024-10-14 17:50:10.582704 Alpha: No
2024-10-14 17:50:10.583339 Golf: No
2024-10-14 17:50:10.583518 Kilo: No
ChatterBot Romeo reevaluating
ChatterBot Romeo reevaluating
ChatterBot Romeo reevaluating
ChatterBot Romeo reevaluating
2024-10-14 17:50:10.855685 Alpha: X-ray, Romeo and Lima, sending you 3
2024-10-14 17:50:10.856575 Tango: Bravo, sending you 6
2024-10-14 17:50:10.856960 Golf: X-ray, sending you 3
2024-10-14 17:50:10.858056 Romeo: We should drop X-ray
2024-10-14 17:50:10.876477 Alpha: Yes
2024-10-14 17:50:10.876699 Golf: Yes
2024-10-14 17:50:10.876849 Kilo: Yes
2024-10-14 17:50:10.877041 Lima: Yes
ChatterBot Romeo reevaluating
ChatterBot Kilo reevaluating
ChatterBot Romeo reevaluating
ChatterBot Kilo reevaluating
ChatterBot Romeo reevaluating
ChatterBot Romeo reevaluating
ChatterBot Kilo reevaluating
2024-10-14 17:50:10.958473 Tango: Charlie, sending you 4
2024-10-14 17:50:10.958930 Alpha: Golf, sending you 5
2024-10-14 17:50:10.959789 Golf: Romeo and Kilo, sending you 4
2024-10-14 17:50:10.960189 Charlie: Bravo, sending you 2
2024-10-14 17:50:10.960936 Bravo: Tango, sending you 5
2024-10-14 17:50:10.961343 X-ray: Romeo, sending you 2
2024-10-14 17:50:10.961787 Uniform: Bravo, sending you 8
2024-10-14 17:50:11.222342 Lima: X-ray, sending you 1
2024-10-14 17:50:11.223254 Alpha: Kilo, sending you 2
2024-10-14 17:50:11.223770 Charlie: Tango, sending you 3
2024-10-14 17:50:11.224194 Tango: Uniform, sending you 10
2024-10-14 17:50:11.225004 Golf: Alpha, sending you 7
2024-10-14 17:50:11.225415 Bravo: Charlie, sending you 3
2024-10-14 17:50:11.225788 Uniform: Tango, sending you 5
2024-10-14 17:50:11.226557 X-ray: Alpha, sending you 4
chatterbot Golf submitting transactions
2024-10-14 17:50:11.227862 Lima: Romeo, Alpha, Golf and Kilo, sending you 2
2024-10-14 17:50:11.228303 Charlie: Uniform, sending you 1
2024-10-14 17:50:11.228665 Bravo: Uniform, sending you 4
2024-10-14 17:50:11.229411 Uniform: Charlie, sending you 3
chatterbot Tango submitting transactions
2024-10-14 17:50:11.571788 Kilo: X-ray, sending you 4
2024-10-14 17:50:11.572627 X-ray: Golf and Kilo, sending you 3
chatterbot Bravo submitting transactions
chatterbot Uniform submitting transactions
2024-10-14 17:50:11.819596 Kilo: Romeo, sending you 2
2024-10-14 17:50:11.820142 X-ray: Lima, sending you 1
chatterbot Charlie submitting transactions
chatterbot Alpha submitting transactions
chatterbot X-ray submitting transactions
2024-10-14 17:50:12.041038 Kilo: Alpha, sending you 1
2024-10-14 17:50:12.041724 Romeo: Alpha, Kilo and Lima, sending you 2
chatterbot Lima submitting transactions
2024-10-14 17:50:12.145256 Kilo: Golf and Lima, sending you 3
2024-10-14 17:50:12.146175 Romeo: Golf, sending you 6
chatterbot Romeo submitting transactions
chatterbot Kilo submitting transactions
ChatterBot X-ray round 3
ChatterBot Romeo round 3
ChatterBot Bravo round 3
ChatterBot Tango round 3
ChatterBot Alpha round 3
ChatterBot Golf round 3
ChatterBot Kilo round 3
ChatterBot Charlie round 3
ChatterBot Uniform round 3
ChatterBot Lima round 3
2024-10-14 17:50:12.339771 X-ray: Romeo, sending you 1
2024-10-14 17:50:12.347495 X-ray: Alpha and Golf, sending you 3
2024-10-14 17:50:12.347987 Romeo: Alpha and Kilo, sending you 3
2024-10-14 17:50:12.348277 Bravo: Sending you each 4
2024-10-14 17:50:12.348980 Tango: Bravo, sending you 7
2024-10-14 17:50:12.349268 Charlie: Bravo and Uniform, sending you 2
2024-10-14 17:50:12.349549 Kilo: X-ray, Golf and Lima, sending you 3
2024-10-14 17:50:12.351121 Golf: X-ray and Kilo, sending you 3
2024-10-14 17:50:12.352202 X-ray: Kilo, sending you 4
2024-10-14 17:50:12.352685 Romeo: Golf, sending you 4
2024-10-14 17:50:12.353051 Charlie: Tango, sending you 3
2024-10-14 17:50:12.354047 Tango: Charlie, sending you 5
2024-10-14 17:50:12.354364 Alpha: X-ray, sending you 4
2024-10-14 17:50:12.354919 Kilo: Romeo and Alpha, sending you 2
2024-10-14 17:50:12.355941 Uniform: Bravo, sending you 5
2024-10-14 17:50:12.356396 Lima: X-ray, sending you 1
2024-10-14 17:50:12.358640 Golf: Romeo, sending you 4
2024-10-14 17:50:12.359108 X-ray: Lima, sending you 2
2024-10-14 17:50:12.359985 Romeo: Lima, sending you 2
2024-10-14 17:50:12.360331 Tango: Uniform, sending you 8
2024-10-14 17:50:12.360718 Alpha: Romeo and Lima, sending you 3
2024-10-14 17:50:12.361555 Uniform: Tango, sending you 8
2024-10-14 17:50:12.361901 Lima: Romeo, Alpha, Golf and Kilo, sending you 2
2024-10-14 17:50:12.362384 Golf: Alpha, sending you 6
2024-10-14 17:50:12.367627 Alpha: Golf, sending you 5
2024-10-14 17:50:12.368196 Uniform: Charlie, sending you 3
2024-10-14 17:50:12.368992 Golf: Lima, sending you 2
2024-10-14 17:50:12.375482 Alpha: Kilo, sending you 1
chatterbot Uniform submitting transactions
chatterbot Bravo submitting transactions
chatterbot Golf submitting transactions
chatterbot Lima submitting transactions
chatterbot Kilo submitting transactions
chatterbot Charlie submitting transactions
chatterbot Romeo submitting transactions
chatterbot Alpha submitting transactions
chatterbot Tango submitting transactions
chatterbot X-ray submitting transactions
ChatterBot X-ray round 4
ChatterBot Romeo round 4
ChatterBot Bravo round 4
ChatterBot Tango round 4
ChatterBot Alpha round 4
ChatterBot Golf round 4
ChatterBot Kilo round 4
ChatterBot Charlie round 4
ChatterBot Uniform round 4
ChatterBot Lima round 4
2024-10-14 17:50:14.174713 Romeo: Alpha and Kilo, sending you 3
2024-10-14 17:50:14.178714 Romeo: Golf, sending you 4
2024-10-14 17:50:14.182349 X-ray: Romeo, sending you 1
2024-10-14 17:50:14.182994 Romeo: Lima, sending you 2
2024-10-14 17:50:14.183445 Bravo: Same as last round
2024-10-14 17:50:14.186576 X-ray: Alpha and Kilo, sending you 4
2024-10-14 17:50:14.187257 Uniform: Bravo, sending you 5
2024-10-14 17:50:14.187621 Alpha: X-ray, Romeo and Lima, sending you 3
2024-10-14 17:50:14.189687 Kilo: X-ray, sending you 5
2024-10-14 17:50:14.191108 X-ray: Golf, sending you 3
2024-10-14 17:50:14.191624 Uniform: Tango, sending you 7
2024-10-14 17:50:14.192011 Alpha: Golf, sending you 5
2024-10-14 17:50:14.193704 Tango: Bravo and Charlie, sending you 6
2024-10-14 17:50:14.195231 Golf: X-ray, sending you 3
2024-10-14 17:50:14.195871 X-ray: Lima, sending you 2
2024-10-14 17:50:14.196478 Alpha: Kilo, sending you 2
2024-10-14 17:50:14.196976 Kilo: Romeo and Lima, sending you 2
2024-10-14 17:50:14.197528 Uniform: Charlie, sending you 4
2024-10-14 17:50:14.197940 Charlie: Bravo and Tango, sending you 3
2024-10-14 17:50:14.199094 Tango: Uniform, sending you 8
2024-10-14 17:50:14.199477 Lima: X-ray, Romeo, Alpha and Kilo, sending you 2
2024-10-14 17:50:14.199934 Golf: Romeo and Alpha, sending you 5
2024-10-14 17:50:14.200315 Kilo: Alpha, sending you 1
2024-10-14 17:50:14.203002 Charlie: Uniform, sending you 2
2024-10-14 17:50:14.203688 Lima: Golf, sending you 1
2024-10-14 17:50:14.204445 Golf: Kilo, sending you 4
2024-10-14 17:50:14.205010 Kilo: Golf, sending you 3
2024-10-14 17:50:14.207671 Golf: Lima, sending you 2
chatterbot Bravo submitting transactions
chatterbot X-ray submitting transactions
chatterbot Alpha submitting transactions
chatterbot Romeo submitting transactions
chatterbot Uniform submitting transactions
chatterbot Tango submitting transactions
chatterbot Lima submitting transactions
chatterbot Charlie submitting transactions
chatterbot Kilo submitting transactions
chatterbot Golf submitting transactions
ChatterBot X-ray round 5
ChatterBot Romeo round 5
ChatterBot Bravo round 5
ChatterBot Tango round 5
ChatterBot Alpha round 5
ChatterBot Golf round 5
ChatterBot Kilo round 5
ChatterBot Charlie round 5
ChatterBot Uniform round 5
ChatterBot Lima round 5
2024-10-14 17:50:15.368653 Romeo: Alpha and Kilo, sending you 3
2024-10-14 17:50:15.369014 Bravo: Same as last round
2024-10-14 17:50:15.371675 Romeo: Golf, sending you 4
2024-10-14 17:50:15.374679 Charlie: Bravo, sending you 3
2024-10-14 17:50:15.375676 X-ray: Romeo, sending you 1
2024-10-14 17:50:15.376684 Romeo: Lima, sending you 2
2024-10-14 17:50:15.377699 Charlie: Tango, sending you 4
2024-10-14 17:50:15.378676 X-ray: Alpha and Golf, sending you 3
2024-10-14 17:50:15.380665 Charlie: Uniform, sending you 2
2024-10-14 17:50:15.381667 Alpha: X-ray and Golf, sending you 4
2024-10-14 17:50:15.382502 Golf: X-ray, Romeo and Kilo, sending you 4
2024-10-14 17:50:15.383652 X-ray: Kilo, sending you 5
2024-10-14 17:50:15.384692 Alpha: Romeo and Lima, sending you 3
2024-10-14 17:50:15.385683 Golf: Alpha, sending you 5
2024-10-14 17:50:15.387680 X-ray: Lima, sending you 2
2024-10-14 17:50:15.388678 Alpha: Kilo, sending you 2
2024-10-14 17:50:15.390703 Tango: Bravo and Charlie, sending you 6
2024-10-14 17:50:15.391149 Golf: Lima, sending you 2
2024-10-14 17:50:15.391808 Kilo: X-ray, sending you 4
2024-10-14 17:50:15.393671 Tango: Uniform, sending you 8
2024-10-14 17:50:15.394658 Kilo: Romeo, Alpha and Lima, sending you 2
2024-10-14 17:50:15.396695 Lima: X-ray, Romeo, Alpha and Kilo, sending you 2
2024-10-14 17:50:15.397670 Kilo: Golf, sending you 3
2024-10-14 17:50:15.398706 Uniform: Bravo, sending you 5
2024-10-14 17:50:15.399708 Lima: Golf, sending you 1
2024-10-14 17:50:15.403664 Uniform: Tango, sending you 7
2024-10-14 17:50:15.408715 Uniform: Charlie, sending you 4
chatterbot Bravo submitting transactions
chatterbot Alpha submitting transactions
chatterbot Charlie submitting transactions
chatterbot Lima submitting transactions
chatterbot Romeo submitting transactions
chatterbot Tango submitting transactions
chatterbot Uniform submitting transactions
chatterbot Golf submitting transactions
chatterbot Kilo submitting transactions
chatterbot X-ray submitting transactions
ChatterBot X-ray round 6
ChatterBot Romeo round 6
ChatterBot Bravo round 6
ChatterBot Tango round 6
ChatterBot Alpha round 6
ChatterBot Golf round 6
ChatterBot Kilo round 6
ChatterBot Charlie round 6
ChatterBot Uniform round 6
ChatterBot Lima round 6
2024-10-14 17:50:16.470691 Alpha: X-ray, Romeo and Lima, sending you 3
2024-10-14 17:50:16.474653 Alpha: Golf, sending you 5
2024-10-14 17:50:16.476675 Golf: X-ray and Kilo, sending you 4
2024-10-14 17:50:16.477659 Lima: X-ray, Romeo, Alpha and Kilo, sending you 2
2024-10-14 17:50:16.478158 Alpha: Kilo, sending you 2
2024-10-14 17:50:16.478688 Romeo: Alpha and Kilo, sending you 3
2024-10-14 17:50:16.479667 X-ray: Romeo, sending you 1
2024-10-14 17:50:16.480219 Golf: Romeo and Alpha, sending you 5
2024-10-14 17:50:16.482698 Lima: Golf, sending you 1
2024-10-14 17:50:16.483262 Romeo: Golf, sending you 4
2024-10-14 17:50:16.483676 Kilo: X-ray, sending you 4
2024-10-14 17:50:16.484678 X-ray: Alpha, sending you 4
2024-10-14 17:50:16.485138 Golf: Lima, sending you 1
2024-10-14 17:50:16.485580 Bravo: Tango and Uniform, sending you 4
2024-10-14 17:50:16.485970 Romeo: Lima, sending you 2
2024-10-14 17:50:16.486671 Charlie: Bravo and Uniform, sending you 3
2024-10-14 17:50:16.487656 Kilo: Romeo, Alpha and Lima, sending you 2
2024-10-14 17:50:16.488812 Uniform: Bravo, sending you 5
2024-10-14 17:50:16.489126 X-ray: Golf, sending you 3
2024-10-14 17:50:16.489566 Bravo: Charlie, sending you 5
2024-10-14 17:50:16.489879 Tango: Bravo and Charlie, sending you 6
2024-10-14 17:50:16.490673 Charlie: Tango, sending you 4
2024-10-14 17:50:16.491684 Kilo: Golf, sending you 3
2024-10-14 17:50:16.492675 Uniform: Tango, sending you 7
2024-10-14 17:50:16.493670 X-ray: Kilo, sending you 5
2024-10-14 17:50:16.494673 Tango: Uniform, sending you 8
2024-10-14 17:50:16.496694 Uniform: Charlie, sending you 4
2024-10-14 17:50:16.497044 X-ray: Lima, sending you 2
chatterbot Lima submitting transactions
chatterbot X-ray submitting transactions
chatterbot Alpha submitting transactions
chatterbot Charlie submitting transactions
chatterbot Bravo submitting transactions
chatterbot Uniform submitting transactions
chatterbot Golf submitting transactions
chatterbot Romeo submitting transactions
chatterbot Tango submitting transactions
chatterbot Kilo submitting transactions
ChatterBot X-ray round 7
ChatterBot Romeo round 7
ChatterBot Bravo round 7
ChatterBot Tango round 7
ChatterBot Alpha round 7
ChatterBot Golf round 7
ChatterBot Kilo round 7
ChatterBot Charlie round 7
ChatterBot Uniform round 7
ChatterBot Lima round 7
2024-10-14 17:50:17.756669 Romeo: Alpha and Kilo, sending you 3
2024-10-14 17:50:17.760655 Charlie: Bravo and Tango, sending you 4
2024-10-14 17:50:17.761019 Romeo: Golf, sending you 4
2024-10-14 17:50:17.761668 X-ray: Romeo, sending you 1
2024-10-14 17:50:17.764697 Bravo: Tango and Uniform, sending you 4
2024-10-14 17:50:17.765040 Charlie: Uniform, sending you 3
2024-10-14 17:50:17.765325 Romeo: Lima, sending you 2
2024-10-14 17:50:17.766656 X-ray: Alpha, Golf and Kilo, sending you 4
2024-10-14 17:50:17.768080 Tango: Bravo and Charlie, sending you 6
2024-10-14 17:50:17.768395 Bravo: Charlie, sending you 5
2024-10-14 17:50:17.768699 Kilo: X-ray, sending you 4
2024-10-14 17:50:17.769170 Alpha: X-ray and Golf, sending you 4
2024-10-14 17:50:17.769641 Golf: X-ray and Kilo, sending you 4
2024-10-14 17:50:17.770694 X-ray: Lima, sending you 2
2024-10-14 17:50:17.771652 Lima: X-ray, Romeo, Alpha and Kilo, sending you 2
2024-10-14 17:50:17.772171 Tango: Uniform, sending you 8
2024-10-14 17:50:17.772431 Kilo: Romeo, Alpha and Lima, sending you 2
2024-10-14 17:50:17.772850 Alpha: Romeo and Lima, sending you 3
2024-10-14 17:50:17.773659 Golf: Romeo and Alpha, sending you 5
2024-10-14 17:50:17.775672 Uniform: Bravo, sending you 5
2024-10-14 17:50:17.776652 Lima: Golf, sending you 1
2024-10-14 17:50:17.777659 Kilo: Golf, sending you 3
2024-10-14 17:50:17.778158 Alpha: Kilo, sending you 2
2024-10-14 17:50:17.779174 Golf: Lima, sending you 1
2024-10-14 17:50:17.779652 Uniform: Tango, sending you 7
2024-10-14 17:50:17.783662 Uniform: Charlie, sending you 4
chatterbot Golf submitting transactions
chatterbot Uniform submitting transactions
chatterbot Alpha submitting transactions
chatterbot Bravo submitting transactions
chatterbot Lima submitting transactions
chatterbot Kilo submitting transactions
chatterbot Romeo submitting transactions
chatterbot X-ray submitting transactions
chatterbot Tango submitting transactions
chatterbot Charlie submitting transactions
ChatterBot X-ray round 8
ChatterBot Romeo round 8
ChatterBot Bravo round 8
ChatterBot Tango round 8
ChatterBot Alpha round 8
ChatterBot Golf round 8
ChatterBot Kilo round 8
ChatterBot Charlie round 8
ChatterBot Uniform round 8
ChatterBot Lima round 8
2024-10-14 17:50:18.902753 Tango: Bravo and Charlie, sending you 6
2024-10-14 17:50:18.903321 X-ray: Romeo, sending you 1
2024-10-14 17:50:18.905738 Romeo: Alpha and Kilo, sending you 3
2024-10-14 17:50:18.906282 Tango: Uniform, sending you 8
2024-10-14 17:50:18.906724 Alpha: X-ray and Golf, sending you 4
2024-10-14 17:50:18.907753 X-ray: Alpha, Golf and Kilo, sending you 4
2024-10-14 17:50:18.911299 Charlie: Bravo, sending you 4
2024-10-14 17:50:18.912156 Romeo: Golf, sending you 4
2024-10-14 17:50:18.912989 Golf: X-ray and Kilo, sending you 4
2024-10-14 17:50:18.915101 Alpha: Romeo and Lima, sending you 3
2024-10-14 17:50:18.916579 Bravo: Tango and Uniform, sending you 4
2024-10-14 17:50:18.918513 X-ray: Lima, sending you 3
2024-10-14 17:50:18.919965 Charlie: Tango, sending you 5
2024-10-14 17:50:18.921607 Romeo: Lima, sending you 2
2024-10-14 17:50:18.922510 Golf: Romeo and Alpha, sending you 5
2024-10-14 17:50:18.924984 Alpha: Kilo, sending you 2
2024-10-14 17:50:18.926438 Uniform: Bravo, sending you 5
2024-10-14 17:50:18.928158 Bravo: Charlie, sending you 5
2024-10-14 17:50:18.929035 Charlie: Uniform, sending you 3
2024-10-14 17:50:18.929829 Lima: X-ray, Romeo, Alpha and Kilo, sending you 2
2024-10-14 17:50:18.932455 Golf: Lima, sending you 1
2024-10-14 17:50:18.933607 Kilo: X-ray, sending you 4
2024-10-14 17:50:18.935641 Uniform: Tango, sending you 7
2024-10-14 17:50:18.936383 Lima: Golf, sending you 1
2024-10-14 17:50:18.938462 Kilo: Romeo and Golf, sending you 3
2024-10-14 17:50:18.942924 Uniform: Charlie, sending you 4
2024-10-14 17:50:18.943776 Kilo: Alpha, sending you 1
2024-10-14 17:50:18.949715 Kilo: Lima, sending you 2
chatterbot Uniform submitting transactions
chatterbot Bravo submitting transactions
chatterbot Golf submitting transactions
chatterbot Lima submitting transactions
chatterbot Romeo submitting transactions
chatterbot X-ray submitting transactions
chatterbot Tango submitting transactions
chatterbot Alpha submitting transactions
chatterbot Kilo submitting transactions
chatterbot Charlie submitting transactions
ChatterBot X-ray round 9
ChatterBot Romeo round 9
ChatterBot Bravo round 9
ChatterBot Tango round 9
ChatterBot Alpha round 9
ChatterBot Golf round 9
ChatterBot Kilo round 9
ChatterBot Charlie round 9
ChatterBot Uniform round 9
ChatterBot Lima round 9
2024-10-14 17:50:20.141652 Golf: X-ray and Kilo, sending you 4
2024-10-14 17:50:20.142706 Tango: Bravo and Charlie, sending you 6
2024-10-14 17:50:20.143668 Romeo: Alpha and Kilo, sending you 3
2024-10-14 17:50:20.144072 Charlie: Bravo, sending you 4
2024-10-14 17:50:20.145683 Bravo: Tango and Uniform, sending you 4
2024-10-14 17:50:20.146166 Golf: Romeo and Alpha, sending you 5
2024-10-14 17:50:20.146858 X-ray: Romeo, sending you 1
2024-10-14 17:50:20.147561 Uniform: Bravo and Charlie, sending you 5
2024-10-14 17:50:20.147951 Tango: Uniform, sending you 8
2024-10-14 17:50:20.148373 Charlie: Tango, sending you 5
2024-10-14 17:50:20.150256 Romeo: Golf, sending you 4
2024-10-14 17:50:20.150869 Bravo: Charlie, sending you 5
2024-10-14 17:50:20.151398 Alpha: X-ray and Golf, sending you 4
2024-10-14 17:50:20.152285 X-ray: Alpha, Golf and Kilo, sending you 4
2024-10-14 17:50:20.153240 Lima: X-ray, Romeo, Alpha and Kilo, sending you 2
2024-10-14 17:50:20.154120 Golf: Lima, sending you 1
2024-10-14 17:50:20.154962 Uniform: Tango, sending you 6
2024-10-14 17:50:20.155534 Charlie: Uniform, sending you 3
2024-10-14 17:50:20.156098 Kilo: X-ray, sending you 4
2024-10-14 17:50:20.157043 Romeo: Lima, sending you 2
2024-10-14 17:50:20.157586 Alpha: Romeo and Lima, sending you 3
2024-10-14 17:50:20.158495 X-ray: Lima, sending you 3
2024-10-14 17:50:20.159397 Lima: Golf, sending you 1
2024-10-14 17:50:20.160325 Kilo: Romeo and Golf, sending you 3
2024-10-14 17:50:20.161220 Alpha: Kilo, sending you 2
2024-10-14 17:50:20.165686 Kilo: Alpha, sending you 1
2024-10-14 17:50:20.170671 Kilo: Lima, sending you 2
chatterbot X-ray submitting transactions
chatterbot Lima submitting transactions
chatterbot Bravo submitting transactions
chatterbot Golf submitting transactions
chatterbot Charlie submitting transactions
chatterbot Alpha submitting transactions
chatterbot Tango submitting transactions
chatterbot Kilo submitting transactions
chatterbot Romeo submitting transactions
chatterbot Uniform submitting transactions
ChatterBot X-ray round 10
ChatterBot Romeo round 10
ChatterBot Bravo round 10
ChatterBot Tango round 10
ChatterBot Alpha round 10
ChatterBot Golf round 10
ChatterBot Kilo round 10
ChatterBot Charlie round 10
ChatterBot Uniform round 10
ChatterBot Lima round 10
2024-10-14 17:50:21.361664 X-ray: Romeo, sending you 1
2024-10-14 17:50:21.363681 Romeo: Alpha and Kilo, sending you 3
2024-10-14 17:50:21.364661 Kilo: X-ray, Romeo and Golf, sending you 3
2024-10-14 17:50:21.366672 Romeo: Golf, sending you 4
2024-10-14 17:50:21.367659 X-ray: Alpha, Golf and Kilo, sending you 4
2024-10-14 17:50:21.368490 Alpha: X-ray and Golf, sending you 4
2024-10-14 17:50:21.369167 Kilo: Alpha and Lima, sending you 2
2024-10-14 17:50:21.369805 Tango: Bravo, sending you 6
2024-10-14 17:50:21.370300 Romeo: Lima, sending you 2
2024-10-14 17:50:21.371672 Alpha: Romeo and Lima, sending you 3
2024-10-14 17:50:21.372651 Uniform: Bravo and Charlie, sending you 5
2024-10-14 17:50:21.373029 X-ray: Lima, sending you 3
2024-10-14 17:50:21.373672 Tango: Charlie and Uniform, sending you 7
2024-10-14 17:50:21.374056 Lima: X-ray, Romeo, Alpha and Kilo, sending you 2
2024-10-14 17:50:21.375961 Alpha: Kilo, sending you 2
2024-10-14 17:50:21.377038 Uniform: Tango, sending you 6
2024-10-14 17:50:21.377462 Charlie: Bravo and Tango, sending you 5
2024-10-14 17:50:21.377942 Bravo: Tango and Uniform, sending you 4
2024-10-14 17:50:21.378422 Golf: X-ray and Kilo, sending you 4
2024-10-14 17:50:21.379206 Lima: Golf, sending you 1
2024-10-14 17:50:21.380647 Bravo: Charlie, sending you 5
2024-10-14 17:50:21.381662 Charlie: Uniform, sending you 3
2024-10-14 17:50:21.382682 Golf: Romeo and Alpha, sending you 5
2024-10-14 17:50:21.386985 Golf: Lima, sending you 1
chatterbot Bravo submitting transactions
chatterbot Tango submitting transactions
chatterbot Kilo submitting transactions
chatterbot Alpha submitting transactions
chatterbot X-ray submitting transactions
chatterbot Uniform submitting transactions
chatterbot Charlie submitting transactions
chatterbot Lima submitting transactions
chatterbot Romeo submitting transactions
chatterbot Golf submitting transactions
ChatterBot X-ray round 11
ChatterBot Romeo round 11
ChatterBot Bravo round 11
ChatterBot Tango round 11
ChatterBot Alpha round 11
ChatterBot Golf round 11
ChatterBot Kilo round 11
ChatterBot Charlie round 11
ChatterBot Uniform round 11
ChatterBot Lima round 11
2024-10-14 17:50:22.530659 X-ray: Romeo, sending you 1
2024-10-14 17:50:22.535688 X-ray: Alpha, Golf and Kilo, sending you 4
2024-10-14 17:50:22.536733 Tango: Bravo, sending you 6
2024-10-14 17:50:22.537595 Golf: X-ray and Kilo, sending you 4
2024-10-14 17:50:22.538424 Bravo: Tango and Uniform, sending you 4
2024-10-14 17:50:22.538890 Charlie: Bravo and Tango, sending you 5
2024-10-14 17:50:22.539667 Lima: X-ray, Romeo, Alpha and Kilo, sending you 2
2024-10-14 17:50:22.540530 Tango: Charlie and Uniform, sending you 7
2024-10-14 17:50:22.541032 X-ray: Lima, sending you 3
2024-10-14 17:50:22.542274 Bravo: Charlie, sending you 5
2024-10-14 17:50:22.542757 Golf: Romeo and Alpha, sending you 5
2024-10-14 17:50:22.543555 Charlie: Uniform, sending you 3
2024-10-14 17:50:22.543990 Lima: Golf, sending you 1
2024-10-14 17:50:22.544862 Alpha: X-ray and Golf, sending you 4
2024-10-14 17:50:22.546240 Golf: Lima, sending you 1
2024-10-14 17:50:22.548658 Uniform: Bravo and Charlie, sending you 5
2024-10-14 17:50:22.549134 Romeo: Alpha and Kilo, sending you 3
2024-10-14 17:50:22.549712 Alpha: Romeo and Lima, sending you 3
2024-10-14 17:50:22.550688 Kilo: X-ray, Romeo and Golf, sending you 3
2024-10-14 17:50:22.552475 Uniform: Tango, sending you 6
2024-10-14 17:50:22.553089 Romeo: Golf, sending you 4
2024-10-14 17:50:22.554663 Alpha: Kilo, sending you 2
2024-10-14 17:50:22.555966 Kilo: Alpha and Lima, sending you 2
2024-10-14 17:50:22.556686 Romeo: Lima, sending you 2
chatterbot Romeo submitting transactions
chatterbot Golf submitting transactions
chatterbot Charlie submitting transactions
chatterbot Alpha submitting transactions
chatterbot Uniform submitting transactions
chatterbot Kilo submitting transactions
chatterbot Bravo submitting transactions
chatterbot Lima submitting transactions
chatterbot X-ray submitting transactions
chatterbot Tango submitting transactions
ChatterBot X-ray round 12
ChatterBot Romeo round 12
ChatterBot Bravo round 12
ChatterBot Tango round 12
ChatterBot Alpha round 12
ChatterBot Golf round 12
ChatterBot Kilo round 12
ChatterBot Charlie round 12
ChatterBot Uniform round 12
ChatterBot Lima round 12
2024-10-14 17:50:23.481684 Charlie: Bravo and Tango, sending you 5
2024-10-14 17:50:23.484680 Charlie: Uniform, sending you 4
2024-10-14 17:50:23.485704 Tango: Bravo, sending you 6
2024-10-14 17:50:23.487681 Romeo: Alpha and Kilo, sending you 3
2024-10-14 17:50:23.488732 Bravo: Tango and Uniform, sending you 4
2024-10-14 17:50:23.489229 Kilo: X-ray, Romeo and Golf, sending you 3
2024-10-14 17:50:23.490148 Tango: Charlie and Uniform, sending you 7
2024-10-14 17:50:23.490894 Alpha: X-ray and Golf, sending you 4
2024-10-14 17:50:23.492679 X-ray: Romeo, sending you 1
2024-10-14 17:50:23.493674 Romeo: Golf, sending you 4
2024-10-14 17:50:23.494474 Uniform: Bravo and Charlie, sending you 5
2024-10-14 17:50:23.495009 Bravo: Charlie, sending you 5
2024-10-14 17:50:23.495414 Kilo: Alpha and Lima, sending you 2
2024-10-14 17:50:23.496197 X-ray: Alpha, Golf and Kilo, sending you 4
2024-10-14 17:50:23.496939 Alpha: Romeo and Lima, sending you 3
2024-10-14 17:50:23.498148 Golf: X-ray and Kilo, sending you 4
2024-10-14 17:50:23.498899 Romeo: Lima, sending you 2
2024-10-14 17:50:23.499325 Uniform: Tango, sending you 6
2024-10-14 17:50:23.499800 Lima: X-ray, Romeo, Alpha and Kilo, sending you 2
2024-10-14 17:50:23.500860 X-ray: Lima, sending you 3
2024-10-14 17:50:23.501722 Alpha: Kilo, sending you 2
2024-10-14 17:50:23.502674 Golf: Romeo and Alpha, sending you 5
2024-10-14 17:50:23.505672 Lima: Golf, sending you 1
2024-10-14 17:50:23.508656 Golf: Lima, sending you 1
chatterbot X-ray submitting transactions
chatterbot Uniform submitting transactions
chatterbot Bravo submitting transactions
chatterbot Alpha submitting transactions
chatterbot Charlie submitting transactions
chatterbot Lima submitting transactions
chatterbot Golf submitting transactions
chatterbot Romeo submitting transactions
chatterbot Tango submitting transactions
chatterbot Kilo submitting transactions
ChatterBot X-ray round 13
ChatterBot Romeo round 13
ChatterBot Bravo round 13
ChatterBot Tango round 13
ChatterBot Alpha round 13
ChatterBot Golf round 13
ChatterBot Kilo round 13
ChatterBot Charlie round 13
ChatterBot Uniform round 13
ChatterBot Lima round 13
2024-10-14 17:50:24.654666 X-ray: Romeo, sending you 1
2024-10-14 17:50:24.656709 Romeo: Alpha and Kilo, sending you 3
2024-10-14 17:50:24.659670 Kilo: X-ray, Romeo and Golf, sending you 3
2024-10-14 17:50:24.660698 Alpha: X-ray and Golf, sending you 4
2024-10-14 17:50:24.661967 X-ray: Alpha, Golf and Kilo, sending you 4
2024-10-14 17:50:24.662710 Romeo: Golf, sending you 4
2024-10-14 17:50:24.663695 Kilo: Alpha and Lima, sending you 2
2024-10-14 17:50:24.665767 Alpha: Romeo and Lima, sending you 3
2024-10-14 17:50:24.666813 Golf: X-ray and Kilo, sending you 4
2024-10-14 17:50:24.668498 X-ray: Lima, sending you 3
2024-10-14 17:50:24.669438 Romeo: Lima, sending you 2
2024-10-14 17:50:24.669959 Charlie: Bravo and Tango, sending you 5
2024-10-14 17:50:24.671079 Tango: Bravo, sending you 6
2024-10-14 17:50:24.671683 Alpha: Kilo, sending you 2
2024-10-14 17:50:24.673281 Bravo: Tango and Uniform, sending you 4
2024-10-14 17:50:24.673689 Lima: X-ray, Romeo, Alpha and Kilo, sending you 2
2024-10-14 17:50:24.674368 Golf: Romeo and Alpha, sending you 5
2024-10-14 17:50:24.674988 Charlie: Uniform, sending you 4
2024-10-14 17:50:24.675719 Tango: Charlie and Uniform, sending you 7
2024-10-14 17:50:24.676077 Uniform: Bravo and Charlie, sending you 5
2024-10-14 17:50:24.677696 Golf: Lima, sending you 1
2024-10-14 17:50:24.679288 Bravo: Charlie, sending you 5
2024-10-14 17:50:24.679793 Lima: Golf, sending you 1
2024-10-14 17:50:24.680890 Uniform: Tango, sending you 6
chatterbot Alpha submitting transactions
chatterbot Golf submitting transactions
chatterbot Kilo submitting transactions
chatterbot Romeo submitting transactions
chatterbot Bravo submitting transactions
chatterbot X-ray submitting transactions
chatterbot Charlie submitting transactions
chatterbot Tango submitting transactions
chatterbot Lima submitting transactions
chatterbot Uniform submitting transactions
ChatterBot X-ray round 14
ChatterBot Romeo round 14
ChatterBot Bravo round 14
ChatterBot Tango round 14
ChatterBot Alpha round 14
ChatterBot Golf round 14
ChatterBot Kilo round 14
ChatterBot Charlie round 14
ChatterBot Uniform round 14
ChatterBot Lima round 14
2024-10-14 17:50:26.005697 Alpha: X-ray, Romeo, Kilo and Lima, sending you 3
2024-10-14 17:50:26.007681 Lima: X-ray, Romeo, Alpha and Kilo, sending you 2
2024-10-14 17:50:26.009381 Romeo: Alpha and Kilo, sending you 3
2024-10-14 17:50:26.010657 Kilo: X-ray, Romeo and Golf, sending you 3
2024-10-14 17:50:26.012334 Bravo: Tango and Uniform, sending you 4
2024-10-14 17:50:26.014420 Charlie: Bravo, sending you 5
2024-10-14 17:50:26.015672 Alpha: Golf, sending you 4
2024-10-14 17:50:26.018235 Lima: Golf, sending you 1
2024-10-14 17:50:26.020792 Golf: X-ray and Kilo, sending you 4
2024-10-14 17:50:26.023365 Romeo: Golf, sending you 4
2024-10-14 17:50:26.024265 X-ray: Romeo, sending you 1
2024-10-14 17:50:26.026142 Kilo: Alpha and Lima, sending you 2
2024-10-14 17:50:26.028373 Bravo: Charlie, sending you 5
2024-10-14 17:50:26.029295 Charlie: Tango, sending you 6
2024-10-14 17:50:26.030894 Tango: Bravo, sending you 6
2024-10-14 17:50:26.031912 Uniform: Bravo and Charlie, sending you 5
2024-10-14 17:50:26.033527 Golf: Romeo and Alpha, sending you 5
2024-10-14 17:50:26.035097 Romeo: Lima, sending you 2
2024-10-14 17:50:26.036730 X-ray: Alpha, Golf and Kilo, sending you 4
2024-10-14 17:50:26.040641 Tango: Charlie and Uniform, sending you 7
2024-10-14 17:50:26.041828 Charlie: Uniform, sending you 4
2024-10-14 17:50:26.043607 Uniform: Tango, sending you 6
2024-10-14 17:50:26.045548 Golf: Lima, sending you 1
2024-10-14 17:50:26.049261 X-ray: Lima, sending you 3
chatterbot Alpha submitting transactions
chatterbot Lima submitting transactions
chatterbot Bravo submitting transactions
chatterbot Romeo submitting transactions
chatterbot Kilo submitting transactions
chatterbot X-ray submitting transactions
chatterbot Tango submitting transactions
chatterbot Uniform submitting transactions
chatterbot Golf submitting transactions
chatterbot Charlie submitting transactions
ChatterBot X-ray round 15
ChatterBot Romeo round 15
ChatterBot Bravo round 15
ChatterBot Tango round 15
ChatterBot Alpha round 15
ChatterBot Golf round 15
ChatterBot Kilo round 15
ChatterBot Charlie round 15
ChatterBot Uniform round 15
ChatterBot Lima round 15
2024-10-14 17:50:27.287680 X-ray: Romeo, sending you 1
2024-10-14 17:50:27.289246 Bravo: Tango and Uniform, sending you 4
2024-10-14 17:50:27.291010 Romeo: Alpha and Kilo, sending you 3
2024-10-14 17:50:27.294566 X-ray: Alpha, Golf and Kilo, sending you 4
2024-10-14 17:50:27.296373 Bravo: Charlie, sending you 5
2024-10-14 17:50:27.297834 Romeo: Golf, sending you 4
2024-10-14 17:50:27.298680 Alpha: X-ray, Romeo, Kilo and Lima, sending you 3
2024-10-14 17:50:27.299713 X-ray: Lima, sending you 3
2024-10-14 17:50:27.301546 Golf: X-ray and Kilo, sending you 4
2024-10-14 17:50:27.302329 Lima: X-ray, Romeo, Alpha and Kilo, sending you 2
2024-10-14 17:50:27.303177 Romeo: Lima, sending you 2
2024-10-14 17:50:27.304263 Tango: Bravo, sending you 6
2024-10-14 17:50:27.304736 Alpha: Golf, sending you 4
2024-10-14 17:50:27.305524 Charlie: Bravo, sending you 5
2024-10-14 17:50:27.306016 Kilo: X-ray, Romeo and Golf, sending you 3
2024-10-14 17:50:27.306755 Golf: Romeo and Alpha, sending you 5
2024-10-14 17:50:27.308029 Lima: Golf, sending you 1
2024-10-14 17:50:27.308840 Tango: Charlie and Uniform, sending you 7
2024-10-14 17:50:27.309666 Charlie: Tango, sending you 6
2024-10-14 17:50:27.311668 Kilo: Alpha and Lima, sending you 2
2024-10-14 17:50:27.312861 Golf: Lima, sending you 1
2024-10-14 17:50:27.314028 Uniform: Bravo and Charlie, sending you 5
2024-10-14 17:50:27.314435 Charlie: Uniform, sending you 4
2024-10-14 17:50:27.318664 Uniform: Tango, sending you 6
chatterbot Bravo submitting transactions
chatterbot Tango submitting transactions
chatterbot Charlie submitting transactions
chatterbot Lima submitting transactions
chatterbot Golf submitting transactions
chatterbot Kilo submitting transactions
chatterbot Romeo submitting transactions
chatterbot Alpha submitting transactions
chatterbot X-ray submitting transactions
chatterbot Uniform submitting transactions
ChatterBot X-ray round 16
ChatterBot Romeo round 16
ChatterBot Bravo round 16
ChatterBot Tango round 16
ChatterBot Alpha round 16
ChatterBot Golf round 16
ChatterBot Kilo round 16
ChatterBot Charlie round 16
ChatterBot Uniform round 16
ChatterBot Lima round 16
2024-10-14 17:50:28.470672 Bravo: Tango and Uniform, sending you 4
2024-10-14 17:50:28.471669 Tango: Bravo, sending you 6
2024-10-14 17:50:28.472684 Kilo: X-ray, Romeo and Golf, sending you 3
2024-10-14 17:50:28.475416 Romeo: Alpha and Kilo, sending you 3
2024-10-14 17:50:28.476224 Bravo: Charlie, sending you 5
2024-10-14 17:50:28.477058 X-ray: Romeo, sending you 1
2024-10-14 17:50:28.478722 Alpha: X-ray, Romeo, Kilo and Lima, sending you 3
2024-10-14 17:50:28.480511 Tango: Charlie and Uniform, sending you 7
2024-10-14 17:50:28.482222 Romeo: Golf, sending you 4
2024-10-14 17:50:28.483453 Kilo: Alpha and Lima, sending you 2
2024-10-14 17:50:28.484787 Charlie: Bravo, sending you 5
2024-10-14 17:50:28.485542 Golf: X-ray and Kilo, sending you 4
2024-10-14 17:50:28.486665 Alpha: Golf, sending you 4
2024-10-14 17:50:28.488726 Uniform: Bravo and Charlie, sending you 5
2024-10-14 17:50:28.489425 X-ray: Alpha, Golf and Kilo, sending you 4
2024-10-14 17:50:28.490573 Romeo: Lima, sending you 2
2024-10-14 17:50:28.491233 Charlie: Tango, sending you 6
2024-10-14 17:50:28.491873 Lima: X-ray, Romeo, Alpha and Kilo, sending you 2
2024-10-14 17:50:28.494102 Golf: Romeo and Alpha, sending you 5
2024-10-14 17:50:28.495301 Uniform: Tango, sending you 6
2024-10-14 17:50:28.496 X-ray: Lima, sending you 3
2024-10-14 17:50:28.496788 Charlie: Uniform, sending you 4
2024-10-14 17:50:28.497240 Lima: Golf, sending you 1
2024-10-14 17:50:28.498067 Golf: Lima, sending you 1
chatterbot Uniform submitting transactions
chatterbot X-ray submitting transactions
chatterbot Kilo submitting transactions
chatterbot Alpha submitting transactions
chatterbot Bravo submitting transactions
chatterbot Golf submitting transactions
chatterbot Lima submitting transactions
chatterbot Romeo submitting transactions
chatterbot Tango submitting transactions
chatterbot Charlie submitting transactions
ChatterBot X-ray round 17
ChatterBot Romeo round 17
ChatterBot Bravo round 17
ChatterBot Tango round 17
ChatterBot Alpha round 17
ChatterBot Golf round 17
ChatterBot Kilo round 17
ChatterBot Charlie round 17
ChatterBot Uniform round 17
ChatterBot Lima round 17
