ChatterBot Romeo round 1
ChatterBot Kilo round 1
ChatterBot India round 1
randomSelections Kilo: {Kilo, Romeo, Oscar, Sierra, Bravo} 
2024-10-14 17:50:08.844082 Kilo: Can we be friends?
ChatterBot Romeo reevaluating
2024-10-14 17:50:08.853767 Romeo: Yes
ChatterBot Uniform round 1
ChatterBot Sierra round 1
ChatterBot Sierra reevaluating
ChatterBot Sierra reevaluating
2024-10-14 17:50:08.867914 Sierra: Yes
ChatterBot Romeo reevaluating
ChatterBot Victor round 1
ChatterBot Oscar round 1
ChatterBot Oscar reevaluating
ChatterBot Oscar reevaluating
ChatterBot Oscar reevaluating
2024-10-14 17:50:08.892775 Oscar: Yes
ChatterBot Romeo reevaluating
ChatterBot Sierra reevaluating
ChatterBot Whiskey round 1
ChatterBot Echo round 1
ChatterBot Bravo round 1
ChatterBot Bravo reevaluating
ChatterBot Bravo reevaluating
ChatterBot Bravo reevaluating
ChatterBot Bravo reevaluating
2024-10-14 17:50:08.986716 Bravo: Yes
ChatterBot Romeo reevaluating
ChatterBot Oscar reevaluating
ChatterBot Sierra reevaluating
randomSelections India: {India, Echo, Whiskey, Uniform, Sierra, Oscar} 
2024-10-14 17:50:09.011667 India: Let's form a team
ChatterBot Echo reevaluating
ChatterBot Whiskey reevaluating
ChatterBot Uniform reevaluating
ChatterBot Sierra reevaluating
ChatterBot Oscar reevaluating
2024-10-14 17:50:09.028445 Echo: Yes
2024-10-14 17:50:09.029274 Whiskey: Yes
2024-10-14 17:50:09.029452 Uniform: Yes
2024-10-14 17:50:09.029655 Sierra: No
2024-10-14 17:50:09.029906 Oscar: No
ChatterBot Whiskey reevaluating
ChatterBot Uniform reevaluating
ChatterBot Sierra reevaluating
ChatterBot Oscar reevaluating
ChatterBot Echo reevaluating
ChatterBot Uniform reevaluating
ChatterBot Sierra reevaluating
ChatterBot Oscar reevaluating
ChatterBot Echo reevaluating
ChatterBot Whiskey reevaluating
ChatterBot Sierra reevaluating
ChatterBot Oscar reevaluating
ChatterBot Echo reevaluating
ChatterBot Whiskey reevaluating
ChatterBot Uniform reevaluating
ChatterBot Oscar reevaluating
ChatterBot Echo reevaluating
ChatterBot Whiskey reevaluating
ChatterBot Uniform reevaluating
ChatterBot Sierra reevaluating
randomSelections Victor: {Victor, Kilo, Echo, Sierra} 
2024-10-14 17:50:09.102746 Victor: We would work well together
ChatterBot Echo reevaluating
ChatterBot Sierra reevaluating
2024-10-14 17:50:09.110540 Kilo: No
2024-10-14 17:50:09.110979 Echo: No
2024-10-14 17:50:09.111370 Sierra: No
ChatterBot Echo reevaluating
ChatterBot Sierra reevaluating
ChatterBot Sierra reevaluating
ChatterBot Echo reevaluating
2024-10-14 17:50:09.148673 Kilo: Romeo, Sierra and Bravo, sending you 4
2024-10-14 17:50:09.153736 Kilo: Oscar, sending you 2
2024-10-14 17:50:09.154868 India: Uniform and Oscar, sending you 2
2024-10-14 17:50:09.157714 Sierra: Romeo and Bravo, sending you 3
2024-10-14 17:50:09.159475 Romeo: Kilo, sending you 6
2024-10-14 17:50:09.160014 India: Sierra, sending you 5
2024-10-14 17:50:09.162116 Echo: India, sending you 4
2024-10-14 17:50:09.162781 Sierra: Kilo, sending you 1
2024-10-14 17:50:09.163301 India: Whiskey, sending you 4
2024-10-14 17:50:09.164863 Romeo: Sierra and Oscar, sending you 2
2024-10-14 17:50:09.165784 Uniform: India, sending you 3
2024-10-14 17:50:09.167058 Sierra: Oscar, sending you 2
2024-10-14 17:50:09.167508 Echo: Uniform and Oscar, sending you 1
2024-10-14 17:50:09.169643 Victor: Kilo, sending you 3
2024-10-14 17:50:09.170176 Romeo: Bravo, sending you 3
2024-10-14 17:50:09.170705 Bravo: Romeo, sending you 3
2024-10-14 17:50:09.172139 Whiskey: India, sending you 3
2024-10-14 17:50:09.172808 Uniform: Sierra, sending you 1
2024-10-14 17:50:09.174037 Echo: Sierra and Whiskey, sending you 3
2024-10-14 17:50:09.174723 Victor: Sierra and Echo, sending you 4
2024-10-14 17:50:09.175844 Whiskey: Uniform and Oscar, sending you 2
2024-10-14 17:50:09.177723 Bravo: Kilo and Sierra, sending you 4
2024-10-14 17:50:09.178158 Uniform: Oscar, sending you 4
2024-10-14 17:50:09.181138 Whiskey: Sierra, sending you 1
2024-10-14 17:50:09.182466 Uniform: Whiskey and Echo, sending you 2
2024-10-14 17:50:09.182927 Bravo: Oscar, sending you 1
2024-10-14 17:50:09.184689 Whiskey: Echo, sending you 4
chatterbot India submitting transactions
chatterbot Oscar submitting transactions
chatterbot Uniform submitting transactions
chatterbot Bravo submitting transactions
chatterbot Victor submitting transactions
chatterbot Kilo submitting transactions
chatterbot Sierra submitting transactions
chatterbot Romeo submitting transactions
chatterbot Echo submitting transactions
chatterbot Whiskey submitting transactions
ChatterBot Romeo round 2
ChatterBot Kilo round 2
ChatterBot India round 2
ChatterBot Uniform round 2
ChatterBot Sierra round 2
ChatterBot Victor round 2
ChatterBot Oscar round 2
ChatterBot Whiskey round 2
ChatterBot Echo round 2
ChatterBot Bravo round 2
2024-10-14 17:50:10.350483 Echo: We would work well together
ChatterBot India reevaluating
ChatterBot Uniform reevaluating
ChatterBot Whiskey reevaluating
ChatterBot Victor reevaluating
2024-10-14 17:50:10.370044 India: No
2024-10-14 17:50:10.370292 Uniform: No
2024-10-14 17:50:10.370552 Whiskey: Yes
2024-10-14 17:50:10.370897 Victor: Yes
ChatterBot Uniform reevaluating
ChatterBot Whiskey reevaluating
ChatterBot Victor reevaluating
ChatterBot India reevaluating
ChatterBot Whiskey reevaluating
ChatterBot Victor reevaluating
ChatterBot India reevaluating
ChatterBot Uniform reevaluating
ChatterBot Victor reevaluating
ChatterBot India reevaluating
ChatterBot Uniform reevaluating
ChatterBot Whiskey reevaluating
2024-10-14 17:50:10.492130 Sierra: Friends?
ChatterBot India reevaluating
ChatterBot Uniform reevaluating
ChatterBot Whiskey reevaluating
2024-10-14 17:50:10.522070 India: No
2024-10-14 17:50:10.522266 Uniform: No
2024-10-14 17:50:10.522418 Whiskey: No
2024-10-14 17:50:10.522917 Echo: No
ChatterBot Uniform reevaluating
ChatterBot Whiskey reevaluating
ChatterBot India reevaluating
ChatterBot Whiskey reevaluating
ChatterBot India reevaluating
ChatterBot Uniform reevaluating
ChatterBot India reevaluating
ChatterBot Uniform reevaluating
ChatterBot Whiskey reevaluating
2024-10-14 17:50:10.652932 Romeo: We should drop Oscar
ChatterBot Kilo reevaluating
ChatterBot Sierra reevaluating
ChatterBot Bravo reevaluating
2024-10-14 17:50:10.676602 Kilo: Yes
2024-10-14 17:50:10.676823 Sierra: Yes
2024-10-14 17:50:10.676980 Bravo: Yes
ChatterBot Sierra reevaluating
ChatterBot Bravo reevaluating
ChatterBot Kilo reevaluating
ChatterBot Bravo reevaluating
ChatterBot Kilo reevaluating
ChatterBot Sierra reevaluating
2024-10-14 17:50:10.752079 Oscar: We should group up
ChatterBot India reevaluating
ChatterBot Uniform reevaluating
ChatterBot Whiskey reevaluating
2024-10-14 17:50:10.782258 India: No
2024-10-14 17:50:10.782852 Uniform: No
2024-10-14 17:50:10.783055 Whiskey: No
2024-10-14 17:50:10.783286 Echo: No
ChatterBot Uniform reevaluating
ChatterBot Whiskey reevaluating
ChatterBot India reevaluating
ChatterBot Whiskey reevaluating
ChatterBot India reevaluating
ChatterBot Uniform reevaluating
ChatterBot India reevaluating
ChatterBot Uniform reevaluating
ChatterBot Whiskey reevaluating
2024-10-14 17:50:11.133314 Uniform: We should drop Sierra and Oscar
ChatterBot India reevaluating
2024-10-14 17:50:11.155191 India: Yes
2024-10-14 17:50:11.155879 Whiskey: Yes
2024-10-14 17:50:11.156052 Echo: Yes
ChatterBot India reevaluating
ChatterBot India reevaluating
2024-10-14 17:50:11.568774 Victor: India, Uniform and Whiskey, sending you 3
2024-10-14 17:50:11.569163 Whiskey: India and Echo, sending you 4
2024-10-14 17:50:11.569789 Sierra: India, sending you 3
2024-10-14 17:50:11.570041 Bravo: Sending you each 4
2024-10-14 17:50:11.570286 Echo: Uniform, sending you 2
2024-10-14 17:50:11.570498 Oscar: India and Whiskey, sending you 3
2024-10-14 17:50:11.571155 Romeo: Kilo, sending you 7
chatterbot Sierra submitting transactions
chatterbot Echo submitting transactions
2024-10-14 17:50:11.814981 Whiskey: Uniform, sending you 3
2024-10-14 17:50:11.815447 Victor: Echo, sending you 2
2024-10-14 17:50:11.816424 Sierra: Uniform, Whiskey and Echo, sending you 2
2024-10-14 17:50:11.816832 Echo: Victor and Whiskey, sending you 5
2024-10-14 17:50:11.817193 Romeo: Sierra and Bravo, sending you 5
2024-10-14 17:50:11.817906 Oscar: Uniform, sending you 5
2024-10-14 17:50:11.818231 Uniform: India, sending you 5
chatterbot Romeo submitting transactions
2024-10-14 17:50:11.818687 Whiskey: Victor, sending you 1
chatterbot Bravo submitting transactions
2024-10-14 17:50:12.032287 Uniform: Whiskey, sending you 4
2024-10-14 17:50:12.033310 Oscar: Echo, sending you 2
2024-10-14 17:50:12.033856 India: Uniform and Whiskey, sending you 4
chatterbot Uniform submitting transactions
chatterbot Victor submitting transactions
chatterbot Oscar submitting transactions
chatterbot India submitting transactions
2024-10-14 17:50:12.143873 Uniform: Echo, sending you 3
2024-10-14 17:50:12.144653 India: Echo, sending you 5
chatterbot Whiskey submitting transactions
chatterbot Kilo submitting transactions
ChatterBot Romeo round 3
ChatterBot Kilo round 3
ChatterBot India round 3
ChatterBot Uniform round 3
ChatterBot Sierra round 3
2024-10-14 17:50:12.276209 India: We should add Oscar and Sierra
ChatterBot Uniform reevaluating
2024-10-14 17:50:12.298244 Echo: No
2024-10-14 17:50:12.298864 Uniform: No
2024-10-14 17:50:12.299052 Whiskey: No
2024-10-14 17:50:12.299211 Victor: No
ChatterBot Uniform reevaluating
ChatterBot Uniform reevaluating
ChatterBot Uniform reevaluating
ChatterBot Victor round 3
ChatterBot Oscar round 3
ChatterBot Whiskey round 3
ChatterBot Echo round 3
ChatterBot Bravo round 3
2024-10-14 17:50:12.402353 India: Oscar and Sierra we want you to join our group
ChatterBot Oscar reevaluating
2024-10-14 17:50:12.411626 Oscar: No
2024-10-14 17:50:12.411855 Sierra: No
ChatterBot Uniform reevaluating
ChatterBot Victor reevaluating
ChatterBot Whiskey reevaluating
ChatterBot Echo reevaluating
ChatterBot Uniform reevaluating
ChatterBot Victor reevaluating
ChatterBot Oscar reevaluating
ChatterBot Whiskey reevaluating
ChatterBot Echo reevaluating
2024-10-14 17:50:12.536585 Whiskey: We should add Oscar
2024-10-14 17:50:12.537749 Echo: We should add Oscar and Sierra
ChatterBot Echo reevaluating
ChatterBot Uniform reevaluating
ChatterBot Victor reevaluating
2024-10-14 17:50:12.552316 Echo: Yes
2024-10-14 17:50:12.552529 India: Yes
2024-10-14 17:50:12.555597 Uniform: Yes
ChatterBot Uniform reevaluating
ChatterBot Whiskey reevaluating
2024-10-14 17:50:12.562667 Victor: No
ChatterBot Victor reevaluating
2024-10-14 17:50:12.566817 India: Yes
2024-10-14 17:50:12.567021 Uniform: No
2024-10-14 17:50:12.567527 Whiskey: No
2024-10-14 17:50:12.567694 Victor: No
ChatterBot Uniform reevaluating
ChatterBot Whiskey reevaluating
ChatterBot Victor reevaluating
ChatterBot Echo reevaluating
ChatterBot Uniform reevaluating
ChatterBot Whiskey reevaluating
ChatterBot Victor reevaluating
ChatterBot Echo reevaluating
ChatterBot Whiskey reevaluating
ChatterBot Victor reevaluating
ChatterBot Echo reevaluating
ChatterBot Uniform reevaluating
ChatterBot Whiskey reevaluating
ChatterBot Echo reevaluating
ChatterBot Uniform reevaluating
ChatterBot Whiskey reevaluating
ChatterBot Victor reevaluating
ChatterBot Echo reevaluating
ChatterBot Whiskey reevaluating
ChatterBot Victor reevaluating
ChatterBot Echo reevaluating
ChatterBot Uniform reevaluating
ChatterBot Victor reevaluating
ChatterBot Echo reevaluating
ChatterBot Uniform reevaluating
ChatterBot Whiskey reevaluating
2024-10-14 17:50:12.746413 Uniform: Oscar we want you to join our group
2024-10-14 17:50:12.750752 Oscar: Yes
ChatterBot Whiskey reevaluating
ChatterBot Echo reevaluating
chatterbot Sierra submitting transactions
2024-10-14 17:50:12.794762 Kilo: Romeo, sending you 6
2024-10-14 17:50:12.795517 Sierra: Sending you each 3
2024-10-14 17:50:12.795823 Romeo: Kilo, sending you 7
2024-10-14 17:50:12.796173 India: Uniform and Whiskey, sending you 3
2024-10-14 17:50:12.797267 Whiskey: Oscar we want you to join our group
2024-10-14 17:50:12.802881 Oscar: No
2024-10-14 17:50:12.825990 Echo: Oscar and Sierra we want you to join our group
2024-10-14 17:50:12.835151 Oscar: No
2024-10-14 17:50:12.835374 Sierra: No
ChatterBot Whiskey reevaluating
ChatterBot Whiskey reevaluating
2024-10-14 17:50:12.892459 Kilo: Sierra, sending you 3
2024-10-14 17:50:12.893001 India: Sierra, Oscar and Echo, sending you 2
2024-10-14 17:50:12.894066 Romeo: Sierra, sending you 4
2024-10-14 17:50:12.935307 Oscar: India and Whiskey, sending you 3
2024-10-14 17:50:12.935871 Uniform: India and Whiskey, sending you 3
2024-10-14 17:50:12.936261 Bravo: Romeo, sending you 4
2024-10-14 17:50:12.937071 Victor: India and Uniform, sending you 1
2024-10-14 17:50:12.937474 Kilo: Bravo, sending you 5
2024-10-14 17:50:12.938255 India: Victor, sending you 1
2024-10-14 17:50:12.938648 Romeo: Bravo, sending you 6
2024-10-14 17:50:12.938997 Whiskey: Oscar and Sierra we want you to join our group
2024-10-14 17:50:12.948185 Oscar: No
2024-10-14 17:50:12.948754 Sierra: No
ChatterBot Whiskey reevaluating
ChatterBot Whiskey reevaluating
2024-10-14 17:50:13.006407 Oscar: Uniform, sending you 5
2024-10-14 17:50:13.006869 Uniform: Oscar, sending you 4
2024-10-14 17:50:13.007583 Bravo: Kilo, sending you 5
2024-10-14 17:50:13.007922 Victor: Whiskey, sending you 2
chatterbot Kilo submitting transactions
2024-10-14 17:50:13.087597 Echo: India, Uniform and Victor, sending you 2
2024-10-14 17:50:13.088265 Oscar: Echo, sending you 2
2024-10-14 17:50:13.088707 Bravo: Sierra, sending you 3
2024-10-14 17:50:13.090632 Victor: Echo, sending you 7
2024-10-14 17:50:13.091104 Uniform: Echo, sending you 2
chatterbot Romeo submitting transactions
chatterbot Oscar submitting transactions
2024-10-14 17:50:13.091812 Echo: Sierra and Oscar, sending you 1
2024-10-14 17:50:13.148067 Echo: Whiskey, sending you 4
2024-10-14 17:50:13.228819 Whiskey: India and Echo, sending you 3
2024-10-14 17:50:13.262643 Whiskey: Uniform, Victor and Oscar, sending you 2
chatterbot Victor submitting transactions
chatterbot Uniform submitting transactions
chatterbot Whiskey submitting transactions
chatterbot India submitting transactions
chatterbot Bravo submitting transactions
chatterbot Echo submitting transactions
ChatterBot Romeo round 4
ChatterBot Kilo round 4
ChatterBot India round 4
ChatterBot Uniform round 4
ChatterBot Sierra round 4
ChatterBot Victor round 4
2024-10-14 17:50:13.785329 Victor: We should replace Uniform with Oscar
ChatterBot Whiskey reevaluating
2024-10-14 17:50:13.796790 India: No
2024-10-14 17:50:13.797127 Whiskey: No
2024-10-14 17:50:13.797367 Echo: No
ChatterBot Victor reevaluating
ChatterBot Whiskey reevaluating
ChatterBot Victor reevaluating
ChatterBot Victor reevaluating
ChatterBot Whiskey reevaluating
ChatterBot Oscar round 4
ChatterBot Whiskey round 4
ChatterBot Echo round 4
ChatterBot Bravo round 4
2024-10-14 17:50:13.842357 India: We should drop Sierra
ChatterBot Whiskey reevaluating
ChatterBot Victor reevaluating
2024-10-14 17:50:13.856745 Whiskey: Yes
2024-10-14 17:50:13.857267 Uniform: Yes
2024-10-14 17:50:13.858222 Victor: Yes
2024-10-14 17:50:13.858864 Oscar: Yes
2024-10-14 17:50:13.860578 Echo: No
ChatterBot Victor reevaluating
ChatterBot Whiskey reevaluating
ChatterBot Victor reevaluating
ChatterBot Echo reevaluating
ChatterBot Whiskey reevaluating
ChatterBot Echo reevaluating
ChatterBot Whiskey reevaluating
ChatterBot Victor reevaluating
ChatterBot Echo reevaluating
ChatterBot Whiskey reevaluating
ChatterBot Victor reevaluating
2024-10-14 17:50:13.941661 Romeo: Kilo and Bravo, sending you 6
2024-10-14 17:50:13.946670 Romeo: Sierra, sending you 5
2024-10-14 17:50:13.947699 India: Uniform, sending you 5
2024-10-14 17:50:13.948152 Bravo: Sending you each 4
2024-10-14 17:50:13.950057 Victor: India, sending you 2
2024-10-14 17:50:13.950672 Uniform: India and Whiskey, sending you 3
2024-10-14 17:50:13.951113 Sierra: Same as last round
2024-10-14 17:50:13.951445 Oscar: India and Whiskey, sending you 3
2024-10-14 17:50:13.951854 India: Victor, sending you 1
2024-10-14 17:50:13.952665 Kilo: Romeo, sending you 6
2024-10-14 17:50:13.954680 Victor: Whiskey, sending you 3
2024-10-14 17:50:13.955672 Uniform: Oscar, sending you 4
2024-10-14 17:50:13.956140 Kilo: Sierra, sending you 3
2024-10-14 17:50:13.956671 Oscar: Uniform, sending you 5
2024-10-14 17:50:13.957058 India: Oscar and Echo, sending you 2
2024-10-14 17:50:13.957916 Whiskey: India and Echo, sending you 3
2024-10-14 17:50:13.958660 Echo: India and Uniform, sending you 2
2024-10-14 17:50:13.958976 Kilo: Bravo, sending you 5
2024-10-14 17:50:13.959660 Victor: Echo, sending you 6
2024-10-14 17:50:13.960425 Uniform: Echo, sending you 2
2024-10-14 17:50:13.960782 Oscar: Echo, sending you 2
2024-10-14 17:50:13.961682 India: Whiskey, sending you 3
2024-10-14 17:50:13.962044 Whiskey: Uniform, Victor and Oscar, sending you 2
2024-10-14 17:50:13.962768 Echo: Victor, sending you 4
2024-10-14 17:50:13.965661 Echo: Oscar, sending you 1
2024-10-14 17:50:13.968670 Echo: Whiskey, sending you 3
chatterbot Echo submitting transactions
chatterbot Oscar submitting transactions
chatterbot Uniform submitting transactions
chatterbot India submitting transactions
chatterbot Sierra submitting transactions
chatterbot Whiskey submitting transactions
chatterbot Victor submitting transactions
chatterbot Romeo submitting transactions
chatterbot Bravo submitting transactions
chatterbot Kilo submitting transactions
ChatterBot Romeo round 5
ChatterBot Kilo round 5
ChatterBot India round 5
ChatterBot Uniform round 5
ChatterBot Sierra round 5
ChatterBot Victor round 5
ChatterBot Oscar round 5
ChatterBot Whiskey round 5
ChatterBot Echo round 5
ChatterBot Bravo round 5
2024-10-14 17:50:15.118768 Echo: We should add Sierra
ChatterBot Victor reevaluating
2024-10-14 17:50:15.129617 Whiskey: No
2024-10-14 17:50:15.129779 India: No
2024-10-14 17:50:15.129894 Uniform: No
2024-10-14 17:50:15.130010 Victor: No
2024-10-14 17:50:15.130119 Oscar: No
ChatterBot Victor reevaluating
ChatterBot Echo reevaluating
ChatterBot Victor reevaluating
ChatterBot Echo reevaluating
ChatterBot Victor reevaluating
ChatterBot Echo reevaluating
ChatterBot Echo reevaluating
ChatterBot Victor reevaluating
ChatterBot Echo reevaluating
2024-10-14 17:50:15.187805 Echo: We should add Kilo
ChatterBot Victor reevaluating
2024-10-14 17:50:15.197598 Whiskey: No
2024-10-14 17:50:15.197738 India: No
2024-10-14 17:50:15.197837 Uniform: No
2024-10-14 17:50:15.197932 Victor: No
2024-10-14 17:50:15.198028 Oscar: No
ChatterBot Victor reevaluating
ChatterBot Echo reevaluating
ChatterBot Victor reevaluating
ChatterBot Echo reevaluating
ChatterBot Victor reevaluating
ChatterBot Echo reevaluating
ChatterBot Echo reevaluating
ChatterBot Victor reevaluating
ChatterBot Echo reevaluating
2024-10-14 17:50:15.256699 Victor: We should replace Uniform with Oscar
ChatterBot Echo reevaluating
2024-10-14 17:50:15.263146 India: No
2024-10-14 17:50:15.263235 Whiskey: No
2024-10-14 17:50:15.263322 Echo: No
ChatterBot Victor reevaluating
ChatterBot Echo reevaluating
ChatterBot Victor reevaluating
ChatterBot Echo reevaluating
ChatterBot Victor reevaluating
2024-10-14 17:50:15.283695 Kilo: Romeo, sending you 6
2024-10-14 17:50:15.286688 Sierra: Same as last round
2024-10-14 17:50:15.287041 Oscar: India and Whiskey, sending you 3
2024-10-14 17:50:15.287454 Uniform: India and Whiskey, sending you 3
2024-10-14 17:50:15.287831 Kilo: Sierra, sending you 3
2024-10-14 17:50:15.288113 Romeo: Kilo and Bravo, sending you 6
2024-10-14 17:50:15.289049 Whiskey: India and Echo, sending you 3
2024-10-14 17:50:15.289636 India: Uniform, Oscar and Whiskey, sending you 3
2024-10-14 17:50:15.290679 Romeo: Sierra, sending you 5
2024-10-14 17:50:15.291689 Oscar: Uniform, sending you 5
2024-10-14 17:50:15.292102 Whiskey: Uniform, Victor and Oscar, sending you 2
2024-10-14 17:50:15.292822 Victor: Oscar we want you to join our group
2024-10-14 17:50:15.296620 Oscar: No
2024-10-14 17:50:15.308664 Uniform: Oscar, sending you 4
2024-10-14 17:50:15.309153 Kilo: Bravo, sending you 5
2024-10-14 17:50:15.309532 India: Victor and Echo, sending you 2
2024-10-14 17:50:15.310029 Oscar: Echo, sending you 2
2024-10-14 17:50:15.310392 Bravo: Same as last round
2024-10-14 17:50:15.312669 Uniform: Echo, sending you 2
2024-10-14 17:50:15.315678 Echo: India and Uniform, sending you 2
2024-10-14 17:50:15.318670 Echo: Victor, sending you 4
2024-10-14 17:50:15.323666 Echo: Oscar, sending you 1
2024-10-14 17:50:15.324682 Victor: India, sending you 2
2024-10-14 17:50:15.326654 Echo: Whiskey, sending you 3
2024-10-14 17:50:15.328661 Victor: Oscar, sending you 1
2024-10-14 17:50:15.332652 Victor: Whiskey, sending you 3
2024-10-14 17:50:15.337657 Victor: Echo, sending you 5
chatterbot Sierra submitting transactions
chatterbot Oscar submitting transactions
chatterbot Victor submitting transactions
chatterbot Echo submitting transactions
chatterbot Whiskey submitting transactions
chatterbot Romeo submitting transactions
chatterbot Kilo submitting transactions
chatterbot Bravo submitting transactions
chatterbot India submitting transactions
chatterbot Uniform submitting transactions
ChatterBot Romeo round 6
ChatterBot Kilo round 6
ChatterBot India round 6
ChatterBot Uniform round 6
ChatterBot Sierra round 6
ChatterBot Victor round 6
ChatterBot Oscar round 6
ChatterBot Whiskey round 6
ChatterBot Echo round 6
ChatterBot Bravo round 6
2024-10-14 17:50:16.327297 Echo: We should add Sierra
ChatterBot Victor reevaluating
2024-10-14 17:50:16.342031 Whiskey: No
2024-10-14 17:50:16.342264 India: No
2024-10-14 17:50:16.342436 Uniform: No
2024-10-14 17:50:16.342563 Victor: No
2024-10-14 17:50:16.342707 Oscar: No
ChatterBot Victor reevaluating
ChatterBot Victor reevaluating
ChatterBot Echo reevaluating
ChatterBot Victor reevaluating
ChatterBot Echo reevaluating
ChatterBot Echo reevaluating
ChatterBot Victor reevaluating
ChatterBot Echo reevaluating
2024-10-14 17:50:16.405251 Victor: We should replace Oscar with Uniform
ChatterBot Echo reevaluating
2024-10-14 17:50:16.411178 India: No
2024-10-14 17:50:16.411310 Whiskey: No
2024-10-14 17:50:16.411417 Echo: No
ChatterBot Victor reevaluating
ChatterBot Echo reevaluating
ChatterBot Victor reevaluating
ChatterBot Echo reevaluating
ChatterBot Victor reevaluating
2024-10-14 17:50:16.430121 Kilo: Romeo and Bravo, sending you 5
2024-10-14 17:50:16.433705 Kilo: Sierra, sending you 4
2024-10-14 17:50:16.434058 Uniform: India and Whiskey, sending you 3
2024-10-14 17:50:16.434453 Oscar: India and Whiskey, sending you 3
2024-10-14 17:50:16.435649 Victor: Uniform we want you to join our group
2024-10-14 17:50:16.438714 Uniform: No
ChatterBot Echo reevaluating
2024-10-14 17:50:16.450685 India: Uniform, Oscar and Whiskey, sending you 3
2024-10-14 17:50:16.451111 Romeo: Kilo and Bravo, sending you 6
2024-10-14 17:50:16.451750 Uniform: Oscar, sending you 4
2024-10-14 17:50:16.452051 Oscar: Uniform, sending you 5
2024-10-14 17:50:16.454664 Uniform: Echo, sending you 2
2024-10-14 17:50:16.455047 Oscar: Echo, sending you 2
2024-10-14 17:50:16.455384 Whiskey: India and Echo, sending you 3
2024-10-14 17:50:16.455810 Bravo: Same as last round
2024-10-14 17:50:16.456135 India: Victor and Echo, sending you 2
2024-10-14 17:50:16.456513 Romeo: Sierra, sending you 5
2024-10-14 17:50:16.456780 Sierra: Same as last round
2024-10-14 17:50:16.460664 Whiskey: Uniform, Victor and Oscar, sending you 2
2024-10-14 17:50:16.466658 Victor: India and Whiskey, sending you 3
2024-10-14 17:50:16.469654 Victor: Echo, sending you 5
2024-10-14 17:50:16.478671 Echo: India and Uniform, sending you 2
2024-10-14 17:50:16.481671 Echo: Victor, sending you 4
2024-10-14 17:50:16.485670 Echo: Oscar, sending you 1
2024-10-14 17:50:16.490667 Echo: Whiskey, sending you 3
chatterbot Kilo submitting transactions
chatterbot Victor submitting transactions
chatterbot Echo submitting transactions
chatterbot Uniform submitting transactions
chatterbot Romeo submitting transactions
chatterbot Sierra submitting transactions
chatterbot Bravo submitting transactions
chatterbot Oscar submitting transactions
chatterbot India submitting transactions
chatterbot Whiskey submitting transactions
ChatterBot Romeo round 7
ChatterBot Kilo round 7
ChatterBot India round 7
ChatterBot Uniform round 7
ChatterBot Sierra round 7
ChatterBot Victor round 7
ChatterBot Oscar round 7
ChatterBot Whiskey round 7
ChatterBot Echo round 7
ChatterBot Bravo round 7
2024-10-14 17:50:17.576817 Echo: We should add Bravo
2024-10-14 17:50:17.586798 Whiskey: No
2024-10-14 17:50:17.586978 India: No
2024-10-14 17:50:17.587100 Uniform: No
2024-10-14 17:50:17.587208 Victor: No
2024-10-14 17:50:17.587318 Oscar: No
ChatterBot Victor reevaluating
ChatterBot Oscar reevaluating
ChatterBot Echo reevaluating
ChatterBot Victor reevaluating
ChatterBot Oscar reevaluating
ChatterBot Echo reevaluating
ChatterBot Victor reevaluating
ChatterBot Oscar reevaluating
ChatterBot Echo reevaluating
ChatterBot Oscar reevaluating
ChatterBot Echo reevaluating
ChatterBot Victor reevaluating
ChatterBot Echo reevaluating
2024-10-14 17:50:17.643290 Oscar: We should add Victor
ChatterBot Echo reevaluating
2024-10-14 17:50:17.654814 India: Yes
2024-10-14 17:50:17.654970 Uniform: No
2024-10-14 17:50:17.655109 Whiskey: Yes
2024-10-14 17:50:17.655734 Echo: Yes
ChatterBot Oscar reevaluating
ChatterBot Echo reevaluating
ChatterBot Oscar reevaluating
ChatterBot Echo reevaluating
ChatterBot Oscar reevaluating
ChatterBot Echo reevaluating
ChatterBot Oscar reevaluating
2024-10-14 17:50:17.704709 Oscar: Victor we want you to join our group
ChatterBot Victor reevaluating
2024-10-14 17:50:17.708678 Victor: No
ChatterBot Echo reevaluating
2024-10-14 17:50:17.723420 Victor: We should replace Uniform with Oscar
2024-10-14 17:50:17.723714 Echo: We should add Romeo
ChatterBot Echo reevaluating
ChatterBot Victor reevaluating
2024-10-14 17:50:17.740455 India: No
2024-10-14 17:50:17.742690 Whiskey: No
2024-10-14 17:50:17.745619 Echo: No
2024-10-14 17:50:17.745836 Uniform: No
2024-10-14 17:50:17.746004 Oscar: No
2024-10-14 17:50:17.746137 Victor: No
2024-10-14 17:50:17.746292 India: No
2024-10-14 17:50:17.746406 Whiskey: No
ChatterBot Victor reevaluating
ChatterBot Echo reevaluating
ChatterBot Victor reevaluating
ChatterBot Echo reevaluating
ChatterBot Victor reevaluating
ChatterBot Victor reevaluating
ChatterBot Echo reevaluating
ChatterBot Victor reevaluating
ChatterBot Echo reevaluating
ChatterBot Echo reevaluating
ChatterBot Victor reevaluating
ChatterBot Echo reevaluating
ChatterBot Victor reevaluating
ChatterBot Echo reevaluating
2024-10-14 17:50:17.812455 Uniform: India and Whiskey, sending you 3
2024-10-14 17:50:17.815709 Sierra: Same as last round
2024-10-14 17:50:17.816174 Romeo: Kilo and Bravo, sending you 6
2024-10-14 17:50:17.816463 Kilo: Romeo and Bravo, sending you 5
2024-10-14 17:50:17.816769 Uniform: Oscar, sending you 4
2024-10-14 17:50:17.817217 Whiskey: India and Echo, sending you 3
2024-10-14 17:50:17.817748 India: Uniform, Oscar and Whiskey, sending you 3
2024-10-14 17:50:17.818360 Bravo: Same as last round
2024-10-14 17:50:17.820706 Romeo: Sierra, sending you 5
2024-10-14 17:50:17.821084 Uniform: Echo, sending you 2
2024-10-14 17:50:17.821510 Whiskey: Uniform, Victor and Oscar, sending you 2
2024-10-14 17:50:17.822072 India: Victor and Echo, sending you 2
2024-10-14 17:50:17.822630 Kilo: Sierra, sending you 4
2024-10-14 17:50:17.829666 Echo: India, Uniform and Oscar, sending you 2
2024-10-14 17:50:17.832663 Oscar: India and Whiskey, sending you 3
2024-10-14 17:50:17.833701 Echo: Victor and Whiskey, sending you 3
2024-10-14 17:50:17.835682 Oscar: Uniform, sending you 4
2024-10-14 17:50:17.839703 Oscar: Victor, sending you 1
2024-10-14 17:50:17.840669 Victor: India and Whiskey, sending you 3
2024-10-14 17:50:17.842696 Oscar: Echo, sending you 2
2024-10-14 17:50:17.845681 Victor: Echo, sending you 5
chatterbot India submitting transactions
chatterbot Echo submitting transactions
chatterbot Whiskey submitting transactions
chatterbot Sierra submitting transactions
chatterbot Uniform submitting transactions
chatterbot Romeo submitting transactions
chatterbot Bravo submitting transactions
chatterbot Oscar submitting transactions
chatterbot Kilo submitting transactions
chatterbot Victor submitting transactions
ChatterBot Romeo round 8
ChatterBot Kilo round 8
ChatterBot India round 8
ChatterBot Uniform round 8
ChatterBot Sierra round 8
ChatterBot Victor round 8
ChatterBot Oscar round 8
ChatterBot Whiskey round 8
ChatterBot Echo round 8
2024-10-14 17:50:18.879970 Victor: We should replace Uniform with Oscar
2024-10-14 17:50:18.891292 India: No
2024-10-14 17:50:18.891550 Whiskey: No
2024-10-14 17:50:18.891870 Echo: No
ChatterBot Victor reevaluating
ChatterBot Victor reevaluating
ChatterBot Bravo round 8
2024-10-14 17:50:19.015708 India: Uniform, Oscar and Whiskey, sending you 3
2024-10-14 17:50:19.016798 Victor: Oscar we want you to join our group
2024-10-14 17:50:19.019881 Oscar: Yes
ChatterBot Victor reevaluating
2024-10-14 17:50:19.030380 India: Victor and Echo, sending you 2
2024-10-14 17:50:19.032682 Romeo: Kilo and Bravo, sending you 6
2024-10-14 17:50:19.033352 Uniform: India and Whiskey, sending you 3
2024-10-14 17:50:19.034071 Bravo: Same as last round
2024-10-14 17:50:19.034655 Kilo: Romeo and Bravo, sending you 5
2024-10-14 17:50:19.035370 Sierra: Same as last round
2024-10-14 17:50:19.035897 Oscar: India and Whiskey, sending you 3
2024-10-14 17:50:19.036748 Echo: India, Uniform and Oscar, sending you 2
2024-10-14 17:50:19.037600 Whiskey: India and Echo, sending you 3
2024-10-14 17:50:19.038208 Romeo: Sierra, sending you 5
2024-10-14 17:50:19.038741 Uniform: Oscar, sending you 4
2024-10-14 17:50:19.039562 Kilo: Sierra, sending you 4
2024-10-14 17:50:19.041659 Oscar: Uniform, sending you 4
2024-10-14 17:50:19.042464 Echo: Victor and Whiskey, sending you 3
2024-10-14 17:50:19.043178 Uniform: Echo, sending you 2
2024-10-14 17:50:19.043661 Whiskey: Uniform, Victor and Oscar, sending you 2
2024-10-14 17:50:19.045665 Oscar: Victor, sending you 1
2024-10-14 17:50:19.048668 Oscar: Echo, sending you 2
2024-10-14 17:50:19.062653 Victor: India, sending you 2
2024-10-14 17:50:19.066661 Victor: Oscar, sending you 1
2024-10-14 17:50:19.069666 Victor: Whiskey, sending you 3
2024-10-14 17:50:19.073663 Victor: Echo, sending you 5
chatterbot Sierra submitting transactions
chatterbot Kilo submitting transactions
chatterbot India submitting transactions
chatterbot Uniform submitting transactions
chatterbot Whiskey submitting transactions
chatterbot Romeo submitting transactions
chatterbot Echo submitting transactions
chatterbot Victor submitting transactions
chatterbot Oscar submitting transactions
chatterbot Bravo submitting transactions
ChatterBot Romeo round 9
ChatterBot Kilo round 9
ChatterBot India round 9
ChatterBot Uniform round 9
ChatterBot Sierra round 9
ChatterBot Victor round 9
ChatterBot Oscar round 9
ChatterBot Whiskey round 9
ChatterBot Echo round 9
2024-10-14 17:50:19.896582 Echo: We should add Sierra
2024-10-14 17:50:19.920471 Whiskey: No
2024-10-14 17:50:19.920862 India: No
2024-10-14 17:50:19.921181 Uniform: No
2024-10-14 17:50:19.921493 Victor: No
2024-10-14 17:50:19.922292 Oscar: No
ChatterBot Echo reevaluating
ChatterBot Echo reevaluating
ChatterBot Echo reevaluating
ChatterBot Echo reevaluating
ChatterBot Echo reevaluating
ChatterBot Bravo round 9
2024-10-14 17:50:20.025674 Whiskey: India and Echo, sending you 3
2024-10-14 17:50:20.030690 Victor: India and Whiskey, sending you 3
2024-10-14 17:50:20.031136 Whiskey: Uniform, Victor and Oscar, sending you 2
2024-10-14 17:50:20.031883 India: Uniform, Oscar and Whiskey, sending you 3
2024-10-14 17:50:20.032525 Romeo: Kilo and Bravo, sending you 6
2024-10-14 17:50:20.032936 Kilo: Romeo and Bravo, sending you 5
2024-10-14 17:50:20.033295 Sierra: Same as last round
2024-10-14 17:50:20.033687 Echo: India, Uniform and Oscar, sending you 2
2024-10-14 17:50:20.034694 Uniform: India and Whiskey, sending you 3
2024-10-14 17:50:20.035670 Victor: Oscar, sending you 1
2024-10-14 17:50:20.035956 Romeo: Sierra, sending you 5
2024-10-14 17:50:20.036199 Oscar: India and Whiskey, sending you 3
2024-10-14 17:50:20.036679 Bravo: Same as last round
2024-10-14 17:50:20.037007 India: Victor and Echo, sending you 2
2024-10-14 17:50:20.037655 Kilo: Sierra, sending you 4
2024-10-14 17:50:20.037962 Echo: Victor and Whiskey, sending you 3
2024-10-14 17:50:20.038657 Uniform: Oscar, sending you 4
2024-10-14 17:50:20.039686 Oscar: Uniform, sending you 4
2024-10-14 17:50:20.040693 Victor: Echo, sending you 4
2024-10-14 17:50:20.041669 Uniform: Echo, sending you 2
2024-10-14 17:50:20.044662 Oscar: Victor, sending you 1
2024-10-14 17:50:20.047677 Oscar: Echo, sending you 2
chatterbot Victor submitting transactions
chatterbot Kilo submitting transactions
chatterbot India submitting transactions
chatterbot Uniform submitting transactions
chatterbot Whiskey submitting transactions
chatterbot Romeo submitting transactions
chatterbot Bravo submitting transactions
chatterbot Sierra submitting transactions
chatterbot Oscar submitting transactions
chatterbot Echo submitting transactions
ChatterBot Romeo round 10
ChatterBot Kilo round 10
ChatterBot India round 10
ChatterBot Uniform round 10
ChatterBot Sierra round 10
ChatterBot Victor round 10
ChatterBot Oscar round 10
ChatterBot Whiskey round 10
ChatterBot Echo round 10
ChatterBot Bravo round 10
2024-10-14 17:50:21.272660 Kilo: Romeo and Bravo, sending you 5
2024-10-14 17:50:21.275661 Kilo: Sierra, sending you 4
2024-10-14 17:50:21.278646 Romeo: Kilo and Bravo, sending you 6
2024-10-14 17:50:21.281665 Echo: India, Uniform and Oscar, sending you 2
2024-10-14 17:50:21.282671 Bravo: Same as last round
2024-10-14 17:50:21.283129 Romeo: Sierra, sending you 5
2024-10-14 17:50:21.285652 Uniform: India and Whiskey, sending you 3
2024-10-14 17:50:21.286139 Sierra: Same as last round
2024-10-14 17:50:21.286667 Echo: Victor and Whiskey, sending you 3
2024-10-14 17:50:21.288151 Whiskey: India and Echo, sending you 3
2024-10-14 17:50:21.289652 India: Uniform, Oscar and Whiskey, sending you 3
2024-10-14 17:50:21.290863 Victor: India and Whiskey, sending you 3
2024-10-14 17:50:21.291330 Uniform: Oscar, sending you 4
2024-10-14 17:50:21.293675 Whiskey: Uniform, Victor and Oscar, sending you 2
2024-10-14 17:50:21.294742 Victor: Oscar, sending you 1
2024-10-14 17:50:21.295345 Oscar: India and Whiskey, sending you 3
2024-10-14 17:50:21.296238 India: Victor and Echo, sending you 2
2024-10-14 17:50:21.296893 Uniform: Echo, sending you 2
2024-10-14 17:50:21.298659 Oscar: Uniform, sending you 4
2024-10-14 17:50:21.299663 Victor: Echo, sending you 4
2024-10-14 17:50:21.301652 Oscar: Victor, sending you 1
2024-10-14 17:50:21.305694 Oscar: Echo, sending you 2
chatterbot Sierra submitting transactions
chatterbot Oscar submitting transactions
chatterbot India submitting transactions
chatterbot Whiskey submitting transactions
chatterbot Bravo submitting transactions
chatterbot Victor submitting transactions
chatterbot Echo submitting transactions
chatterbot Romeo submitting transactions
chatterbot Uniform submitting transactions
chatterbot Kilo submitting transactions
ChatterBot Romeo round 11
ChatterBot Kilo round 11
ChatterBot India round 11
ChatterBot Uniform round 11
ChatterBot Sierra round 11
ChatterBot Victor round 11
ChatterBot Oscar round 11
ChatterBot Whiskey round 11
ChatterBot Echo round 11
ChatterBot Bravo round 11
2024-10-14 17:50:22.444658 India: Uniform, Oscar and Whiskey, sending you 3
2024-10-14 17:50:22.446626 Romeo: Kilo and Bravo, sending you 6
2024-10-14 17:50:22.448715 India: Victor and Echo, sending you 2
2024-10-14 17:50:22.451664 Romeo: Sierra, sending you 5
2024-10-14 17:50:22.453478 Sierra: Same as last round
2024-10-14 17:50:22.454135 Whiskey: India and Echo, sending you 3
2024-10-14 17:50:22.455558 Echo: India, Uniform and Oscar, sending you 2
2024-10-14 17:50:22.456743 Kilo: Romeo and Bravo, sending you 5
2024-10-14 17:50:22.457514 Oscar: India and Whiskey, sending you 3
2024-10-14 17:50:22.459527 Whiskey: Uniform, Victor and Oscar, sending you 2
2024-10-14 17:50:22.461043 Victor: India and Whiskey, sending you 3
2024-10-14 17:50:22.461924 Echo: Victor and Whiskey, sending you 3
2024-10-14 17:50:22.463815 Kilo: Sierra, sending you 4
2024-10-14 17:50:22.464729 Uniform: India and Whiskey, sending you 3
2024-10-14 17:50:22.465509 Oscar: Uniform, sending you 4
2024-10-14 17:50:22.466238 Bravo: Same as last round
2024-10-14 17:50:22.466637 Victor: Oscar, sending you 1
2024-10-14 17:50:22.468665 Uniform: Oscar, sending you 4
2024-10-14 17:50:22.469674 Oscar: Victor, sending you 1
2024-10-14 17:50:22.470868 Victor: Echo, sending you 4
2024-10-14 17:50:22.473882 Uniform: Echo, sending you 2
2024-10-14 17:50:22.474655 Oscar: Echo, sending you 2
chatterbot Oscar submitting transactions
chatterbot Victor submitting transactions
chatterbot Kilo submitting transactions
chatterbot Bravo submitting transactions
chatterbot Whiskey submitting transactions
chatterbot Uniform submitting transactions
chatterbot Sierra submitting transactions
chatterbot India submitting transactions
chatterbot Echo submitting transactions
chatterbot Romeo submitting transactions
ChatterBot Romeo round 12
ChatterBot Kilo round 12
ChatterBot India round 12
ChatterBot Uniform round 12
ChatterBot Sierra round 12
ChatterBot Victor round 12
ChatterBot Oscar round 12
ChatterBot Whiskey round 12
ChatterBot Echo round 12
ChatterBot Bravo round 12
2024-10-14 17:50:23.667100 Echo: We should add Kilo
2024-10-14 17:50:23.677506 Whiskey: No
2024-10-14 17:50:23.677739 India: No
2024-10-14 17:50:23.677902 Uniform: No
2024-10-14 17:50:23.678049 Victor: No
2024-10-14 17:50:23.678179 Oscar: No
ChatterBot Echo reevaluating
ChatterBot Echo reevaluating
ChatterBot Echo reevaluating
ChatterBot Echo reevaluating
ChatterBot Echo reevaluating
2024-10-14 17:50:23.737662 Romeo: Kilo and Bravo, sending you 6
2024-10-14 17:50:23.742654 Romeo: Sierra, sending you 5
2024-10-14 17:50:23.743668 Kilo: Romeo and Bravo, sending you 5
2024-10-14 17:50:23.748672 Kilo: Sierra, sending you 4
2024-10-14 17:50:23.749690 Uniform: India and Whiskey, sending you 3
2024-10-14 17:50:23.750583 Oscar: India and Whiskey, sending you 3
2024-10-14 17:50:23.751610 Whiskey: India and Echo, sending you 3
2024-10-14 17:50:23.752664 Uniform: Oscar, sending you 4
2024-10-14 17:50:23.754371 Oscar: Uniform, sending you 4
2024-10-14 17:50:23.755639 Echo: India, Uniform and Oscar, sending you 2
2024-10-14 17:50:23.757327 Whiskey: Uniform, Victor and Oscar, sending you 2
2024-10-14 17:50:23.758705 Victor: India and Whiskey, sending you 3
2024-10-14 17:50:23.759793 Sierra: Same as last round
2024-10-14 17:50:23.760372 Bravo: Same as last round
2024-10-14 17:50:23.760900 Uniform: Echo, sending you 2
2024-10-14 17:50:23.761640 Oscar: Victor, sending you 1
2024-10-14 17:50:23.762990 India: Uniform, Oscar and Whiskey, sending you 3
2024-10-14 17:50:23.764414 Echo: Victor and Whiskey, sending you 3
2024-10-14 17:50:23.765175 Victor: Oscar, sending you 1
2024-10-14 17:50:23.767676 Oscar: Echo, sending you 2
2024-10-14 17:50:23.769251 India: Victor and Echo, sending you 2
2024-10-14 17:50:23.770606 Victor: Echo, sending you 4
chatterbot Sierra submitting transactions
chatterbot Victor submitting transactions
chatterbot India submitting transactions
chatterbot Whiskey submitting transactions
chatterbot Kilo submitting transactions
chatterbot Uniform submitting transactions
chatterbot Echo submitting transactions
chatterbot Romeo submitting transactions
chatterbot Oscar submitting transactions
chatterbot Bravo submitting transactions
ChatterBot Romeo round 13
ChatterBot Kilo round 13
ChatterBot India round 13
ChatterBot Uniform round 13
ChatterBot Sierra round 13
ChatterBot Victor round 13
ChatterBot Oscar round 13
ChatterBot Whiskey round 13
ChatterBot Echo round 13
ChatterBot Bravo round 13
