ChatterBot Charlie round 1
ChatterBot Victor round 1
ChatterBot Golf round 1
ChatterBot Foxtrot round 1
ChatterBot Hotel round 1
ChatterBot Yankee round 1
ChatterBot November round 1
ChatterBot Kilo round 1
ChatterBot Papa round 1
ChatterBot Lima round 1
randomSelections Yankee: {Yankee, Kilo, Lima, Hotel, Golf, Foxtrot} 
2024-10-15 00:41:28.419411 Yankee: Can we be friends?
ChatterBot Kilo reevaluating
ChatterBot Lima reevaluating
ChatterBot Hotel reevaluating
ChatterBot Golf reevaluating
ChatterBot Foxtrot reevaluating
2024-10-15 00:41:28.433490 Kilo: Yes
2024-10-15 00:41:28.436028 Lima: Yes
2024-10-15 00:41:28.441439 Hotel: Yes
2024-10-15 00:41:28.442802 Golf: Yes
2024-10-15 00:41:28.443128 Foxtrot: Yes
ChatterBot Lima reevaluating
ChatterBot Hotel reevaluating
ChatterBot Golf reevaluating
ChatterBot Foxtrot reevaluating
ChatterBot Kilo reevaluating
ChatterBot Hotel reevaluating
ChatterBot Golf reevaluating
ChatterBot Foxtrot reevaluating
ChatterBot Kilo reevaluating
ChatterBot Lima reevaluating
ChatterBot Golf reevaluating
ChatterBot Foxtrot reevaluating
ChatterBot Kilo reevaluating
ChatterBot Lima reevaluating
ChatterBot Hotel reevaluating
ChatterBot Foxtrot reevaluating
ChatterBot Kilo reevaluating
ChatterBot Lima reevaluating
ChatterBot Hotel reevaluating
ChatterBot Golf reevaluating
randomSelections Charlie: {Charlie, Victor, November, Yankee, Foxtrot, Kilo, Golf, Papa} 
2024-10-15 00:41:28.519670 Charlie: We would work well together
ChatterBot Victor reevaluating
ChatterBot November reevaluating
ChatterBot Foxtrot reevaluating
ChatterBot Kilo reevaluating
ChatterBot Golf reevaluating
ChatterBot Papa reevaluating
2024-10-15 00:41:28.539901 Victor: Yes
2024-10-15 00:41:28.540077 November: Yes
2024-10-15 00:41:28.540242 Yankee: No
2024-10-15 00:41:28.540926 Foxtrot: No
2024-10-15 00:41:28.541121 Kilo: No
2024-10-15 00:41:28.541342 Golf: No
2024-10-15 00:41:28.541487 Papa: Yes
ChatterBot November reevaluating
ChatterBot Foxtrot reevaluating
ChatterBot Kilo reevaluating
ChatterBot Golf reevaluating
ChatterBot Papa reevaluating
ChatterBot Victor reevaluating
ChatterBot Foxtrot reevaluating
ChatterBot Kilo reevaluating
ChatterBot Golf reevaluating
ChatterBot Papa reevaluating
ChatterBot Victor reevaluating
ChatterBot November reevaluating
ChatterBot Foxtrot reevaluating
ChatterBot Kilo reevaluating
ChatterBot Golf reevaluating
ChatterBot Papa reevaluating
ChatterBot Victor reevaluating
ChatterBot November reevaluating
ChatterBot Kilo reevaluating
ChatterBot Golf reevaluating
ChatterBot Papa reevaluating
ChatterBot Victor reevaluating
ChatterBot November reevaluating
ChatterBot Foxtrot reevaluating
ChatterBot Golf reevaluating
ChatterBot Papa reevaluating
ChatterBot Victor reevaluating
ChatterBot November reevaluating
ChatterBot Foxtrot reevaluating
ChatterBot Kilo reevaluating
ChatterBot Papa reevaluating
ChatterBot Victor reevaluating
ChatterBot November reevaluating
ChatterBot Foxtrot reevaluating
ChatterBot Kilo reevaluating
ChatterBot Golf reevaluating
2024-10-15 00:41:28.781609 Golf: Foxtrot, Hotel, Kilo and Lima, sending you 2
2024-10-15 00:41:28.786970 Charlie: Victor, sending you 3
2024-10-15 00:41:28.788117 Yankee: Golf and Lima, sending you 3
2024-10-15 00:41:28.788472 Hotel: Golf, sending you 4
2024-10-15 00:41:28.789430 Golf: Yankee, sending you 1
2024-10-15 00:41:28.790177 Foxtrot: Golf, sending you 4
2024-10-15 00:41:28.791480 Papa: Golf, sending you 1
2024-10-15 00:41:28.793014 Victor: Charlie, Golf, Foxtrot, Yankee and Papa, sending you 1
2024-10-15 00:41:28.793641 Lima: Foxtrot and Yankee, sending you 3
2024-10-15 00:41:28.794992 November: Charlie, Golf and Papa, sending you 2
2024-10-15 00:41:28.795762 Hotel: Foxtrot, sending you 1
2024-10-15 00:41:28.796939 Charlie: Golf and Foxtrot, sending you 1
2024-10-15 00:41:28.797734 Yankee: Foxtrot, sending you 2
2024-10-15 00:41:28.799099 Foxtrot: Kilo, sending you 2
2024-10-15 00:41:28.800390 Papa: November, sending you 2
2024-10-15 00:41:28.801734 Lima: Hotel, sending you 2
2024-10-15 00:41:28.802559 November: Foxtrot, Yankee and Kilo, sending you 3
2024-10-15 00:41:28.803917 Hotel: Yankee, sending you 2
2024-10-15 00:41:28.804402 Yankee: Hotel and Kilo, sending you 4
2024-10-15 00:41:28.806428 Charlie: Yankee, November and Papa, sending you 2
2024-10-15 00:41:28.807358 Foxtrot: Lima, sending you 1
2024-10-15 00:41:28.808565 Hotel: Kilo, sending you 3
chatterbot Foxtrot submitting transactions
chatterbot Victor submitting transactions
chatterbot Charlie submitting transactions
chatterbot Yankee submitting transactions
chatterbot Lima submitting transactions
chatterbot Kilo submitting transactions
chatterbot November submitting transactions
chatterbot Papa submitting transactions
chatterbot Hotel submitting transactions
chatterbot Golf submitting transactions
ChatterBot Charlie round 2
ChatterBot Victor round 2
ChatterBot Golf round 2
2024-10-15 00:41:30.015157 Charlie: Group up?
ChatterBot November reevaluating
ChatterBot Papa reevaluating
ChatterBot Victor reevaluating
2024-10-15 00:41:30.056497 November: No
2024-10-15 00:41:30.056721 Papa: No
2024-10-15 00:41:30.056872 Victor: Yes
ChatterBot Papa reevaluating
ChatterBot Victor reevaluating
ChatterBot November reevaluating
ChatterBot Victor reevaluating
ChatterBot November reevaluating
ChatterBot Papa reevaluating
ChatterBot Foxtrot round 2
ChatterBot Hotel round 2
ChatterBot Yankee round 2
ChatterBot November round 2
ChatterBot Kilo round 2
ChatterBot Papa round 2
ChatterBot Lima round 2
2024-10-15 00:41:30.209355 Foxtrot: Can we be friends?
ChatterBot Golf reevaluating
ChatterBot Lima reevaluating
ChatterBot Papa reevaluating
2024-10-15 00:41:30.261321 Golf: Yes
2024-10-15 00:41:30.261505 Hotel: No
2024-10-15 00:41:30.261662 Yankee: No
2024-10-15 00:41:30.262294 Lima: No
2024-10-15 00:41:30.262433 Charlie: No
2024-10-15 00:41:30.262586 November: No
2024-10-15 00:41:30.262760 Papa: No
ChatterBot Lima reevaluating
ChatterBot Papa reevaluating
ChatterBot Golf reevaluating
ChatterBot Lima reevaluating
ChatterBot Papa reevaluating
ChatterBot Golf reevaluating
ChatterBot Lima reevaluating
ChatterBot Papa reevaluating
ChatterBot Golf reevaluating
ChatterBot Papa reevaluating
ChatterBot Golf reevaluating
ChatterBot Lima reevaluating
ChatterBot Papa reevaluating
ChatterBot Golf reevaluating
ChatterBot Lima reevaluating
ChatterBot Papa reevaluating
ChatterBot Golf reevaluating
ChatterBot Lima reevaluating
2024-10-15 00:41:30.823511 Yankee: We should drop Kilo
ChatterBot Golf reevaluating
ChatterBot Lima reevaluating
2024-10-15 00:41:30.859338 Golf: Yes
2024-10-15 00:41:30.859541 Foxtrot: Yes
2024-10-15 00:41:30.859744 Hotel: Yes
2024-10-15 00:41:30.859904 Lima: Yes
ChatterBot Lima reevaluating
ChatterBot Golf reevaluating
ChatterBot Lima reevaluating
ChatterBot Golf reevaluating
ChatterBot Lima reevaluating
ChatterBot Golf reevaluating
2024-10-15 00:41:31.007152 Charlie: Victor, sending you 4
2024-10-15 00:41:31.007908 Victor: Charlie, sending you 4
2024-10-15 00:41:31.008578 Lima: We should drop Kilo and Foxtrot
ChatterBot Golf reevaluating
2024-10-15 00:41:31.024713 Golf: No
2024-10-15 00:41:31.024912 Hotel: No
2024-10-15 00:41:31.025054 Yankee: No
ChatterBot Lima reevaluating
ChatterBot Lima reevaluating
ChatterBot Golf reevaluating
ChatterBot Lima reevaluating
ChatterBot Golf reevaluating
2024-10-15 00:41:31.073145 Charlie: November, sending you 5
2024-10-15 00:41:31.073464 November: Charlie and Papa, sending you 3
2024-10-15 00:41:31.074119 Victor: November and Papa, sending you 2
2024-10-15 00:41:31.074341 Yankee: Golf, sending you 3
2024-10-15 00:41:31.101887 Foxtrot: Charlie, Golf, Hotel, Yankee, November, Papa and Lima, sending you 1
2024-10-15 00:41:31.102804 Charlie: Papa, sending you 2
2024-10-15 00:41:31.103125 Papa: Charlie, sending you 4
2024-10-15 00:41:31.103411 Kilo: Yankee, sending you 1
2024-10-15 00:41:31.104311 Yankee: Foxtrot, sending you 2
2024-10-15 00:41:31.104632 Hotel: Golf and Lima, sending you 3
chatterbot Yankee submitting transactions
2024-10-15 00:41:31.116598 Papa: Victor, sending you 2
2024-10-15 00:41:31.117399 Yankee: Hotel, sending you 5
2024-10-15 00:41:31.117684 Hotel: Yankee, sending you 4
2024-10-15 00:41:31.135636 Papa: November, sending you 3
2024-10-15 00:41:31.136305 Yankee: Lima, sending you 6
2024-10-15 00:41:31.136559 Golf: Charlie, November, Papa and Lima, sending you 1
2024-10-15 00:41:31.226270 Golf: Foxtrot, Hotel and Yankee, sending you 2
chatterbot Victor submitting transactions
chatterbot November submitting transactions
chatterbot Papa submitting transactions
chatterbot Charlie submitting transactions
chatterbot Hotel submitting transactions
chatterbot Foxtrot submitting transactions
chatterbot Kilo submitting transactions
chatterbot Lima submitting transactions
chatterbot Golf submitting transactions
ChatterBot Charlie round 3
ChatterBot Victor round 3
ChatterBot Golf round 3
ChatterBot Foxtrot round 3
ChatterBot Hotel round 3
ChatterBot Yankee round 3
ChatterBot November round 3
ChatterBot Kilo round 3
ChatterBot Papa round 3
ChatterBot Lima round 3
2024-10-15 00:41:32.489437 Charlie: We should add Foxtrot
ChatterBot November reevaluating
ChatterBot Papa reevaluating
ChatterBot Victor reevaluating
2024-10-15 00:41:32.501201 November: Yes
2024-10-15 00:41:32.501371 Papa: Yes
2024-10-15 00:41:32.501483 Victor: No
ChatterBot Papa reevaluating
ChatterBot Victor reevaluating
ChatterBot November reevaluating
ChatterBot Victor reevaluating
ChatterBot Charlie reevaluating
ChatterBot November reevaluating
ChatterBot Papa reevaluating
2024-10-15 00:41:32.547848 Golf: We should add Victor
ChatterBot Foxtrot reevaluating
ChatterBot Lima reevaluating
ChatterBot Charlie reevaluating
ChatterBot November reevaluating
ChatterBot Papa reevaluating
2024-10-15 00:41:32.574779 Foxtrot: Yes
2024-10-15 00:41:32.574926 Hotel: No
2024-10-15 00:41:32.575041 Yankee: No
2024-10-15 00:41:32.575165 Lima: No
2024-10-15 00:41:32.575684 Charlie: Yes
2024-10-15 00:41:32.575788 November: Yes
2024-10-15 00:41:32.575899 Papa: Yes
ChatterBot Lima reevaluating
ChatterBot Charlie reevaluating
ChatterBot November reevaluating
ChatterBot Papa reevaluating
ChatterBot Foxtrot reevaluating
ChatterBot Lima reevaluating
ChatterBot Charlie reevaluating
ChatterBot November reevaluating
ChatterBot Papa reevaluating
ChatterBot Foxtrot reevaluating
ChatterBot Lima reevaluating
ChatterBot Charlie reevaluating
ChatterBot November reevaluating
ChatterBot Papa reevaluating
ChatterBot Foxtrot reevaluating
ChatterBot Charlie reevaluating
ChatterBot November reevaluating
ChatterBot Papa reevaluating
ChatterBot Foxtrot reevaluating
ChatterBot Lima reevaluating
ChatterBot November reevaluating
ChatterBot Papa reevaluating
ChatterBot Foxtrot reevaluating
ChatterBot Lima reevaluating
ChatterBot Charlie reevaluating
ChatterBot Papa reevaluating
ChatterBot Foxtrot reevaluating
ChatterBot Lima reevaluating
ChatterBot Charlie reevaluating
ChatterBot November reevaluating
2024-10-15 00:41:33.026528 Charlie: We should add Golf
ChatterBot November reevaluating
ChatterBot Papa reevaluating
ChatterBot Victor reevaluating
2024-10-15 00:41:33.047627 November: No
2024-10-15 00:41:33.048647 Papa: No
2024-10-15 00:41:33.048993 Victor: No
ChatterBot Charlie reevaluating
ChatterBot Papa reevaluating
ChatterBot Victor reevaluating
ChatterBot Charlie reevaluating
ChatterBot November reevaluating
ChatterBot Victor reevaluating
ChatterBot Charlie reevaluating
ChatterBot November reevaluating
ChatterBot Papa reevaluating
2024-10-15 00:41:33.118752 Golf: Victor we want you to join our group
2024-10-15 00:41:33.126354 Victor: No
ChatterBot Foxtrot reevaluating
ChatterBot Lima reevaluating
ChatterBot Charlie reevaluating
ChatterBot November reevaluating
chatterbot Yankee submitting transactions
2024-10-15 00:41:33.209392 Yankee: Golf, sending you 4
2024-10-15 00:41:33.209926 Charlie: Foxtrot we want you to join our group
ChatterBot Foxtrot reevaluating
2024-10-15 00:41:33.214948 Foxtrot: Yes
2024-10-15 00:41:33.233693 November: Foxtrot we want you to join our group
2024-10-15 00:41:33.240227 Foxtrot: Yes
ChatterBot Papa reevaluating
2024-10-15 00:41:33.259210 Lima: We should drop Kilo and Foxtrot
2024-10-15 00:41:33.278159 Golf: No
2024-10-15 00:41:33.278984 Hotel: No
2024-10-15 00:41:33.279146 Yankee: No
2024-10-15 00:41:33.332764 Yankee: Foxtrot, sending you 2
2024-10-15 00:41:33.333713 Foxtrot: Victor we want you to join our group
2024-10-15 00:41:33.340197 Victor: No
ChatterBot Lima reevaluating
ChatterBot Papa reevaluating
2024-10-15 00:41:33.390906 Victor: Charlie, sending you 4
2024-10-15 00:41:33.391354 Hotel: Golf, sending you 3
2024-10-15 00:41:33.392345 Yankee: Hotel and Lima, sending you 5
2024-10-15 00:41:33.392737 Kilo: Yankee, sending you 2
2024-10-15 00:41:33.393773 Golf: Victor, November, Papa and Lima, sending you 1
2024-10-15 00:41:33.397497 Lima: We should drop Kilo and Golf
2024-10-15 00:41:33.407962 Foxtrot: No
2024-10-15 00:41:33.408165 Hotel: No
2024-10-15 00:41:33.408822 Yankee: No
ChatterBot Lima reevaluating
ChatterBot Lima reevaluating
ChatterBot Lima reevaluating
2024-10-15 00:41:33.443156 Victor: November, sending you 2
2024-10-15 00:41:33.443946 Hotel: Foxtrot, sending you 1
2024-10-15 00:41:33.444270 Golf: Foxtrot, Hotel and Yankee, sending you 2
2024-10-15 00:41:33.444640 Charlie: Victor, November and Papa, sending you 3
chatterbot Hotel submitting transactions
2024-10-15 00:41:33.446647 Victor: Papa, sending you 3
2024-10-15 00:41:33.448720 Hotel: Yankee, sending you 4
2024-10-15 00:41:33.449852 Charlie: Foxtrot, sending you 2
2024-10-15 00:41:33.450404 November: Charlie and Papa, sending you 3
2024-10-15 00:41:33.450774 Foxtrot: Charlie, Victor, Golf, Hotel, Yankee, November and Lima, sending you 1
2024-10-15 00:41:33.453690 Hotel: Lima, sending you 2
2024-10-15 00:41:33.455667 November: Victor, sending you 2
2024-10-15 00:41:33.461905 November: Foxtrot, sending you 1
2024-10-15 00:41:33.467652 Papa: Sending you each 3
chatterbot Kilo submitting transactions
chatterbot Victor submitting transactions
chatterbot Golf submitting transactions
chatterbot November submitting transactions
chatterbot Charlie submitting transactions
chatterbot Foxtrot submitting transactions
chatterbot Lima submitting transactions
chatterbot Papa submitting transactions
ChatterBot Charlie round 4
ChatterBot Victor round 4
ChatterBot Golf round 4
ChatterBot Foxtrot round 4
ChatterBot Hotel round 4
ChatterBot Yankee round 4
ChatterBot November round 4
ChatterBot Kilo round 4
ChatterBot Papa round 4
ChatterBot Lima round 4
2024-10-15 00:41:34.423835 Yankee: We should add Kilo
ChatterBot Lima reevaluating
2024-10-15 00:41:34.444504 Golf: No
2024-10-15 00:41:34.444714 Foxtrot: No
2024-10-15 00:41:34.444882 Hotel: No
2024-10-15 00:41:34.445044 Lima: No
ChatterBot Yankee reevaluating
ChatterBot Lima reevaluating
ChatterBot Yankee reevaluating
ChatterBot Lima reevaluating
ChatterBot Yankee reevaluating
ChatterBot Lima reevaluating
ChatterBot Yankee reevaluating
2024-10-15 00:41:34.536440 Papa: We should add Foxtrot
2024-10-15 00:41:34.550467 Charlie: Yes
2024-10-15 00:41:34.550697 November: Yes
2024-10-15 00:41:34.551355 Victor: No
2024-10-15 00:41:34.582656 Papa: Foxtrot we want you to join our group
2024-10-15 00:41:34.586297 Foxtrot: Yes
2024-10-15 00:41:34.598566 Charlie: Victor, November and Papa, sending you 3
2024-10-15 00:41:34.599032 Lima: We should drop Kilo and Foxtrot
ChatterBot Yankee reevaluating
2024-10-15 00:41:34.608343 Golf: No
2024-10-15 00:41:34.608884 Hotel: No
2024-10-15 00:41:34.608997 Yankee: No
ChatterBot Yankee reevaluating
ChatterBot Yankee reevaluating
2024-10-15 00:41:34.642481 Foxtrot: Charlie, Victor, Golf, Hotel, Yankee, November and Lima, sending you 1
2024-10-15 00:41:34.643085 Charlie: Foxtrot, sending you 2
2024-10-15 00:41:34.645688 Golf: Charlie, Victor, Foxtrot, November, Papa and Lima, sending you 1
2024-10-15 00:41:34.647147 Victor: Charlie and Papa, sending you 4
2024-10-15 00:41:34.647681 November: Charlie, Victor and Papa, sending you 3
2024-10-15 00:41:34.647994 Hotel: Golf, sending you 3
2024-10-15 00:41:34.648364 Kilo: Yankee, sending you 2
2024-10-15 00:41:34.649705 Victor: November, sending you 2
2024-10-15 00:41:34.650672 Golf: Hotel and Yankee, sending you 2
2024-10-15 00:41:34.651244 November: Foxtrot, sending you 1
2024-10-15 00:41:34.651668 Hotel: Foxtrot, sending you 2
2024-10-15 00:41:34.655654 Hotel: Yankee, sending you 4
2024-10-15 00:41:34.656703 Papa: Charlie and November, sending you 3
2024-10-15 00:41:34.659675 Lima: Golf and Hotel, sending you 2
2024-10-15 00:41:34.660440 Hotel: Lima, sending you 1
2024-10-15 00:41:34.661659 Yankee: Golf, sending you 4
2024-10-15 00:41:34.662053 Papa: Victor, sending you 2
2024-10-15 00:41:34.663120 Lima: Yankee, sending you 4
2024-10-15 00:41:34.664672 Yankee: Foxtrot, sending you 2
2024-10-15 00:41:34.665920 Papa: Foxtrot, sending you 1
2024-10-15 00:41:34.669685 Yankee: Hotel and Lima, sending you 5
chatterbot November submitting transactions
chatterbot Golf submitting transactions
chatterbot Lima submitting transactions
chatterbot Hotel submitting transactions
chatterbot Victor submitting transactions
chatterbot Papa submitting transactions
chatterbot Charlie submitting transactions
chatterbot Kilo submitting transactions
chatterbot Foxtrot submitting transactions
chatterbot Yankee submitting transactions
ChatterBot Charlie round 5
ChatterBot Victor round 5
ChatterBot Golf round 5
ChatterBot Foxtrot round 5
ChatterBot Hotel round 5
ChatterBot Yankee round 5
ChatterBot November round 5
ChatterBot Kilo round 5
ChatterBot Papa round 5
ChatterBot Lima round 5
2024-10-15 00:41:35.839674 Victor: Charlie, sending you 5
2024-10-15 00:41:35.843695 Golf: Charlie, Foxtrot, November and Papa, sending you 1
2024-10-15 00:41:35.845596 Hotel: Golf, Foxtrot and Lima, sending you 2
2024-10-15 00:41:35.846517 Victor: November and Papa, sending you 3
2024-10-15 00:41:35.848036 Charlie: Victor, November and Papa, sending you 3
2024-10-15 00:41:35.848675 November: Charlie, Victor and Papa, sending you 3
2024-10-15 00:41:35.850185 Papa: Charlie, sending you 2
2024-10-15 00:41:35.850953 Foxtrot: Charlie, Golf, Hotel, Yankee, November, Papa and Lima, sending you 1
2024-10-15 00:41:35.852975 Golf: Hotel, Yankee and Lima, sending you 2
2024-10-15 00:41:35.854541 Hotel: Yankee, sending you 4
2024-10-15 00:41:35.855190 Kilo: Yankee, sending you 2
2024-10-15 00:41:35.856536 Charlie: Foxtrot, sending you 2
2024-10-15 00:41:35.857067 November: Foxtrot, sending you 2
2024-10-15 00:41:35.857594 Papa: Victor and November, sending you 3
2024-10-15 00:41:35.858961 Lima: Golf and Hotel, sending you 2
2024-10-15 00:41:35.860724 Yankee: Golf, sending you 4
2024-10-15 00:41:35.863512 Papa: Foxtrot, sending you 1
2024-10-15 00:41:35.864940 Lima: Yankee, sending you 4
2024-10-15 00:41:35.865727 Yankee: Foxtrot, sending you 2
2024-10-15 00:41:35.869681 Yankee: Hotel and Lima, sending you 5
chatterbot Victor submitting transactions
chatterbot Kilo submitting transactions
chatterbot Lima submitting transactions
chatterbot Golf submitting transactions
chatterbot Charlie submitting transactions
chatterbot Hotel submitting transactions
chatterbot Papa submitting transactions
chatterbot Yankee submitting transactions
chatterbot Foxtrot submitting transactions
chatterbot November submitting transactions
ChatterBot Charlie round 6
ChatterBot Victor round 6
ChatterBot Golf round 6
ChatterBot Foxtrot round 6
ChatterBot Hotel round 6
ChatterBot Yankee round 6
ChatterBot November round 6
ChatterBot Kilo round 6
ChatterBot Papa round 6
ChatterBot Lima round 6
2024-10-15 00:41:37.042116 Yankee: We should add Kilo
2024-10-15 00:41:37.056959 Golf: No
2024-10-15 00:41:37.057213 Foxtrot: No
2024-10-15 00:41:37.057487 Hotel: No
2024-10-15 00:41:37.057743 Lima: No
ChatterBot Yankee reevaluating
ChatterBot Yankee reevaluating
ChatterBot Yankee reevaluating
ChatterBot Yankee reevaluating
2024-10-15 00:41:37.125829 Lima: We should replace Golf with Foxtrot
ChatterBot Yankee reevaluating
2024-10-15 00:41:37.133170 Hotel: No
2024-10-15 00:41:37.133323 Yankee: No
ChatterBot Lima reevaluating
ChatterBot Yankee reevaluating
ChatterBot Lima reevaluating
2024-10-15 00:41:37.157656 Hotel: Golf, Foxtrot and Lima, sending you 2
2024-10-15 00:41:37.158967 Lima: Foxtrot we want you to join our group
2024-10-15 00:41:37.161642 Foxtrot: Yes
ChatterBot Lima reevaluating
ChatterBot Yankee reevaluating
2024-10-15 00:41:37.171566 November: Charlie and Papa, sending you 3
2024-10-15 00:41:37.172898 Victor: Charlie and Papa, sending you 4
2024-10-15 00:41:37.173246 Hotel: Yankee, sending you 4
2024-10-15 00:41:37.175692 Victor: November, sending you 3
2024-10-15 00:41:37.176771 November: Victor and Foxtrot, sending you 2
2024-10-15 00:41:37.177315 Foxtrot: Charlie, Golf, Hotel, Yankee, November, Papa and Lima, sending you 1
2024-10-15 00:41:37.178047 Papa: Charlie, sending you 2
2024-10-15 00:41:37.178994 Golf: Charlie, Foxtrot, November and Papa, sending you 1
2024-10-15 00:41:37.180139 Charlie: Victor, November and Papa, sending you 3
2024-10-15 00:41:37.181391 Kilo: Yankee, sending you 2
2024-10-15 00:41:37.182182 Papa: Victor and November, sending you 3
2024-10-15 00:41:37.182785 Golf: Hotel, Yankee and Lima, sending you 2
2024-10-15 00:41:37.184693 Charlie: Foxtrot, sending you 2
2024-10-15 00:41:37.187790 Papa: Foxtrot, sending you 1
2024-10-15 00:41:37.188607 Yankee: Golf, sending you 4
2024-10-15 00:41:37.191673 Yankee: Foxtrot, sending you 2
2024-10-15 00:41:37.196684 Yankee: Hotel and Lima, sending you 5
2024-10-15 00:41:37.204966 Lima: Foxtrot and Hotel, sending you 2
2024-10-15 00:41:37.207723 Lima: Yankee, sending you 4
chatterbot Papa submitting transactions
chatterbot Charlie submitting transactions
chatterbot Victor submitting transactions
chatterbot Yankee submitting transactions
chatterbot Golf submitting transactions
chatterbot Kilo submitting transactions
chatterbot Hotel submitting transactions
chatterbot November submitting transactions
chatterbot Foxtrot submitting transactions
chatterbot Lima submitting transactions
ChatterBot Charlie round 7
ChatterBot Victor round 7
ChatterBot Golf round 7
ChatterBot Foxtrot round 7
ChatterBot Hotel round 7
ChatterBot Yankee round 7
ChatterBot November round 7
ChatterBot Kilo round 7
ChatterBot Papa round 7
ChatterBot Lima round 7
2024-10-15 00:41:38.171659 Victor: Charlie and Papa, sending you 4
2024-10-15 00:41:38.173290 Foxtrot: Charlie, Golf, Hotel, Yankee, November, Papa and Lima, sending you 1
2024-10-15 00:41:38.174712 Golf: Charlie, Foxtrot, November, Papa and Lima, sending you 1
2024-10-15 00:41:38.176671 Victor: November, sending you 3
2024-10-15 00:41:38.178680 Golf: Hotel, sending you 2
2024-10-15 00:41:38.182681 November: Charlie and Papa, sending you 3
2024-10-15 00:41:38.183662 Golf: Yankee, sending you 3
2024-10-15 00:41:38.185217 Charlie: Victor, November and Papa, sending you 3
2024-10-15 00:41:38.185733 Yankee: Golf, sending you 4
2024-10-15 00:41:38.186357 November: Victor, sending you 2
2024-10-15 00:41:38.187672 Kilo: Yankee, sending you 2
2024-10-15 00:41:38.189687 Charlie: Foxtrot, sending you 2
2024-10-15 00:41:38.190186 November: Foxtrot, sending you 1
2024-10-15 00:41:38.190583 Lima: Foxtrot and Hotel, sending you 2
2024-10-15 00:41:38.191672 Yankee: Foxtrot, sending you 2
2024-10-15 00:41:38.192385 Hotel: Golf, Foxtrot and Lima, sending you 2
2024-10-15 00:41:38.193765 Lima: Yankee, sending you 4
2024-10-15 00:41:38.195998 Hotel: Yankee, sending you 4
2024-10-15 00:41:38.196707 Papa: Charlie, Foxtrot and November, sending you 2
2024-10-15 00:41:38.197153 Yankee: Hotel and Lima, sending you 5
2024-10-15 00:41:38.199677 Papa: Victor, sending you 3
chatterbot Charlie submitting transactions
chatterbot Kilo submitting transactions
chatterbot Yankee submitting transactions
chatterbot Golf submitting transactions
chatterbot Papa submitting transactions
chatterbot Foxtrot submitting transactions
chatterbot November submitting transactions
chatterbot Hotel submitting transactions
chatterbot Lima submitting transactions
chatterbot Victor submitting transactions
ChatterBot Charlie round 8
ChatterBot Victor round 8
ChatterBot Golf round 8
ChatterBot Foxtrot round 8
ChatterBot Hotel round 8
ChatterBot Yankee round 8
ChatterBot November round 8
ChatterBot Kilo round 8
ChatterBot Papa round 8
ChatterBot Lima round 8
2024-10-15 00:41:39.278670 Yankee: Golf, sending you 4
2024-10-15 00:41:39.282679 Victor: Charlie and Papa, sending you 4
2024-10-15 00:41:39.283193 Yankee: Foxtrot, sending you 2
2024-10-15 00:41:39.284382 Kilo: Yankee, sending you 2
2024-10-15 00:41:39.285686 Foxtrot: Charlie, Golf, Hotel, Yankee, November, Papa and Lima, sending you 1
2024-10-15 00:41:39.286377 Victor: November, sending you 3
2024-10-15 00:41:39.287300 Golf: Charlie, Foxtrot, November, Papa and Lima, sending you 1
2024-10-15 00:41:39.287947 Yankee: Hotel and Lima, sending you 5
2024-10-15 00:41:39.289672 Charlie: Victor, November and Papa, sending you 3
2024-10-15 00:41:39.292689 Golf: Hotel, sending you 2
2024-10-15 00:41:39.293269 Hotel: Golf, Foxtrot and Lima, sending you 2
2024-10-15 00:41:39.293755 Lima: Foxtrot and Hotel, sending you 2
2024-10-15 00:41:39.294147 November: Charlie and Papa, sending you 3
2024-10-15 00:41:39.295258 Charlie: Foxtrot, sending you 2
2024-10-15 00:41:39.296678 Golf: Yankee, sending you 3
2024-10-15 00:41:39.297148 Hotel: Yankee, sending you 4
2024-10-15 00:41:39.298863 Lima: Yankee, sending you 4
2024-10-15 00:41:39.299675 November: Victor, sending you 2
2024-10-15 00:41:39.300676 Papa: Charlie, Foxtrot and November, sending you 2
2024-10-15 00:41:39.303677 November: Foxtrot, sending you 1
2024-10-15 00:41:39.305867 Papa: Victor, sending you 3
chatterbot Hotel submitting transactions
chatterbot Golf submitting transactions
chatterbot Lima submitting transactions
chatterbot Victor submitting transactions
chatterbot Charlie submitting transactions
chatterbot Yankee submitting transactions
chatterbot Foxtrot submitting transactions
chatterbot Kilo submitting transactions
chatterbot Papa submitting transactions
chatterbot November submitting transactions
ChatterBot Charlie round 9
ChatterBot Victor round 9
ChatterBot Golf round 9
ChatterBot Foxtrot round 9
ChatterBot Hotel round 9
ChatterBot Yankee round 9
ChatterBot November round 9
ChatterBot Kilo round 9
ChatterBot Papa round 9
ChatterBot Lima round 9
2024-10-15 00:41:40.491084 Lima: We should replace Foxtrot with Golf
2024-10-15 00:41:40.497360 Hotel: No
2024-10-15 00:41:40.497507 Yankee: No
ChatterBot Lima reevaluating
2024-10-15 00:41:40.515649 Victor: Charlie and Papa, sending you 4
2024-10-15 00:41:40.516706 Charlie: Victor, November and Papa, sending you 3
2024-10-15 00:41:40.519673 Charlie: Foxtrot, sending you 2
2024-10-15 00:41:40.520670 Victor: November, sending you 3
2024-10-15 00:41:40.525683 Golf: Charlie, Foxtrot, November, Papa and Lima, sending you 1
2024-10-15 00:41:40.526929 November: Charlie and Papa, sending you 3
2024-10-15 00:41:40.528530 Foxtrot: Charlie, Golf, Hotel, Yankee, November, Papa and Lima, sending you 1
2024-10-15 00:41:40.529800 Yankee: Golf, sending you 4
2024-10-15 00:41:40.530643 Hotel: Golf, Foxtrot and Lima, sending you 2
2024-10-15 00:41:40.532083 Golf: Hotel, sending you 2
2024-10-15 00:41:40.532841 November: Victor and Foxtrot, sending you 2
2024-10-15 00:41:40.533668 Lima: Foxtrot and Hotel, sending you 2
2024-10-15 00:41:40.534986 Papa: Charlie, Foxtrot and November, sending you 2
2024-10-15 00:41:40.535672 Yankee: Foxtrot, sending you 2
2024-10-15 00:41:40.536507 Hotel: Yankee, sending you 4
2024-10-15 00:41:40.537972 Golf: Yankee, sending you 3
2024-10-15 00:41:40.538874 Lima: Yankee, sending you 4
2024-10-15 00:41:40.539251 Papa: Victor, sending you 3
2024-10-15 00:41:40.539718 Yankee: Hotel and Lima, sending you 5
2024-10-15 00:41:40.543698 Kilo: Yankee, sending you 2
chatterbot Hotel submitting transactions
chatterbot Kilo submitting transactions
chatterbot Papa submitting transactions
chatterbot Yankee submitting transactions
chatterbot Golf submitting transactions
chatterbot Victor submitting transactions
chatterbot November submitting transactions
chatterbot Lima submitting transactions
chatterbot Charlie submitting transactions
chatterbot Foxtrot submitting transactions
ChatterBot Charlie round 10
ChatterBot Victor round 10
ChatterBot Golf round 10
ChatterBot Foxtrot round 10
ChatterBot Hotel round 10
ChatterBot Yankee round 10
ChatterBot November round 10
ChatterBot Kilo round 10
ChatterBot Papa round 10
ChatterBot Lima round 10
2024-10-15 00:41:41.706649 Lima: We should replace Foxtrot with Golf
2024-10-15 00:41:41.711291 Hotel: No
2024-10-15 00:41:41.711454 Yankee: No
2024-10-15 00:41:41.724431 Lima: Golf we want you to join our group
ChatterBot Golf reevaluating
2024-10-15 00:41:41.728358 Golf: Yes
2024-10-15 00:41:41.736019 Hotel: Golf, Foxtrot and Lima, sending you 2
2024-10-15 00:41:41.736561 Victor: Charlie and Papa, sending you 4
2024-10-15 00:41:41.738672 Hotel: Yankee, sending you 4
2024-10-15 00:41:41.740664 Victor: November, sending you 3
2024-10-15 00:41:41.741693 Yankee: Golf, sending you 4
2024-10-15 00:41:41.742183 November: Charlie and Papa, sending you 3
2024-10-15 00:41:41.742687 Foxtrot: Charlie, Golf, Hotel, Yankee, November, Papa and Lima, sending you 1
2024-10-15 00:41:41.744371 Kilo: Foxtrot, Hotel and Yankee, sending you 1
2024-10-15 00:41:41.745011 Charlie: Victor, November and Papa, sending you 3
2024-10-15 00:41:41.746697 Yankee: Foxtrot, sending you 2
2024-10-15 00:41:41.747355 November: Victor and Foxtrot, sending you 2
2024-10-15 00:41:41.749679 Papa: Charlie, Foxtrot and November, sending you 2
2024-10-15 00:41:41.750152 Charlie: Foxtrot, sending you 2
2024-10-15 00:41:41.750659 Yankee: Hotel and Lima, sending you 5
2024-10-15 00:41:41.753653 Papa: Victor, sending you 3
2024-10-15 00:41:41.756691 Lima: Golf and Hotel, sending you 2
2024-10-15 00:41:41.760229 Lima: Yankee, sending you 4
chatterbot Yankee submitting transactions
chatterbot Golf submitting transactions
chatterbot November submitting transactions
chatterbot Papa submitting transactions
chatterbot Victor submitting transactions
chatterbot Kilo submitting transactions
chatterbot Charlie submitting transactions
chatterbot Hotel submitting transactions
chatterbot Foxtrot submitting transactions
chatterbot Lima submitting transactions
ChatterBot Charlie round 11
ChatterBot Victor round 11
ChatterBot Golf round 11
ChatterBot Foxtrot round 11
ChatterBot Hotel round 11
ChatterBot Yankee round 11
ChatterBot November round 11
ChatterBot Kilo round 11
ChatterBot Papa round 11
ChatterBot Lima round 11
2024-10-15 00:41:42.983824 Golf: We should replace November with Charlie
ChatterBot Foxtrot reevaluating
2024-10-15 00:41:43.000301 Yankee: No
2024-10-15 00:41:43.000543 Foxtrot: Yes
2024-10-15 00:41:43.000746 Hotel: No
2024-10-15 00:41:43.000899 Lima: No
ChatterBot Golf reevaluating
ChatterBot Foxtrot reevaluating
ChatterBot Golf reevaluating
ChatterBot Golf reevaluating
ChatterBot Foxtrot reevaluating
ChatterBot Golf reevaluating
ChatterBot Foxtrot reevaluating
2024-10-15 00:41:43.126668 Victor: Charlie and Papa, sending you 4
2024-10-15 00:41:43.131859 Golf: Charlie we want you to join our group
2024-10-15 00:41:43.137043 Charlie: No
ChatterBot Golf reevaluating
ChatterBot Foxtrot reevaluating
2024-10-15 00:41:43.154143 Golf: We should replace November with Papa
ChatterBot Foxtrot reevaluating
2024-10-15 00:41:43.167095 Yankee: No
2024-10-15 00:41:43.167413 Foxtrot: Yes
2024-10-15 00:41:43.167680 Hotel: No
2024-10-15 00:41:43.167934 Lima: No
ChatterBot Golf reevaluating
ChatterBot Foxtrot reevaluating
ChatterBot Golf reevaluating
ChatterBot Golf reevaluating
ChatterBot Foxtrot reevaluating
ChatterBot Golf reevaluating
ChatterBot Foxtrot reevaluating
2024-10-15 00:41:43.219047 Victor: November, sending you 3
2024-10-15 00:41:43.219792 November: Charlie and Papa, sending you 3
2024-10-15 00:41:43.220312 Yankee: Golf, sending you 4
2024-10-15 00:41:43.223360 Hotel: Golf, Foxtrot and Lima, sending you 2
2024-10-15 00:41:43.224172 November: Victor and Foxtrot, sending you 2
2024-10-15 00:41:43.224890 Yankee: Foxtrot, sending you 2
2024-10-15 00:41:43.225449 Charlie: Victor, November and Papa, sending you 3
2024-10-15 00:41:43.225893 Kilo: Yankee, sending you 2
2024-10-15 00:41:43.226367 Lima: Golf and Hotel, sending you 2
2024-10-15 00:41:43.226759 Papa: Charlie, Foxtrot and November, sending you 2
2024-10-15 00:41:43.227930 Hotel: Yankee, sending you 4
2024-10-15 00:41:43.229679 Yankee: Hotel and Lima, sending you 5
2024-10-15 00:41:43.230685 Charlie: Foxtrot, sending you 2
2024-10-15 00:41:43.231821 Lima: Yankee, sending you 4
2024-10-15 00:41:43.233685 Papa: Victor, sending you 3
2024-10-15 00:41:43.239726 Foxtrot: Sorry, I'm actually sending you 0
2024-10-15 00:41:43.240085 Foxtrot: Sorry, I'm actually sending you 0
2024-10-15 00:41:43.247666 Foxtrot: Yankee and Papa, sending you 2
chatterbot Lima submitting transactions
chatterbot Victor submitting transactions
chatterbot Papa submitting transactions
chatterbot Foxtrot submitting transactions
chatterbot Golf submitting transactions
chatterbot Yankee submitting transactions
chatterbot Kilo submitting transactions
chatterbot Charlie submitting transactions
chatterbot November submitting transactions
chatterbot Hotel submitting transactions
ChatterBot Charlie round 12
ChatterBot Victor round 12
ChatterBot Golf round 12
ChatterBot Foxtrot round 12
ChatterBot Hotel round 12
ChatterBot Yankee round 12
ChatterBot November round 12
ChatterBot Kilo round 12
ChatterBot Papa round 12
ChatterBot Lima round 12
2024-10-15 00:41:44.163699 Foxtrot: Golf, Hotel and Lima, sending you 1
2024-10-15 00:41:44.166709 Yankee: Golf, sending you 4
2024-10-15 00:41:44.170068 Foxtrot: Yankee and Papa, sending you 2
2024-10-15 00:41:44.171709 Yankee: Foxtrot, sending you 2
2024-10-15 00:41:44.173476 November: Charlie and Papa, sending you 3
2024-10-15 00:41:44.174984 Kilo: Yankee, sending you 2
2024-10-15 00:41:44.177241 Hotel: Golf, Foxtrot and Lima, sending you 2
2024-10-15 00:41:44.178589 Yankee: Hotel and Lima, sending you 5
2024-10-15 00:41:44.179817 November: Victor and Foxtrot, sending you 2
2024-10-15 00:41:44.180886 Charlie: Victor, November and Papa, sending you 3
2024-10-15 00:41:44.181769 Victor: Charlie and Papa, sending you 4
2024-10-15 00:41:44.183478 Papa: Charlie, Foxtrot and November, sending you 2
2024-10-15 00:41:44.184526 Hotel: Yankee, sending you 4
2024-10-15 00:41:44.185704 Charlie: Foxtrot, sending you 2
2024-10-15 00:41:44.186382 Victor: November, sending you 3
2024-10-15 00:41:44.186872 Papa: Victor, sending you 3
2024-10-15 00:41:44.187699 Lima: Golf and Hotel, sending you 2
2024-10-15 00:41:44.192667 Lima: Yankee, sending you 4
chatterbot Foxtrot submitting transactions
chatterbot Yankee submitting transactions
chatterbot Lima submitting transactions
chatterbot November submitting transactions
chatterbot Victor submitting transactions
chatterbot Kilo submitting transactions
chatterbot Charlie submitting transactions
chatterbot Papa submitting transactions
chatterbot Hotel submitting transactions
chatterbot Golf submitting transactions
ChatterBot Charlie round 13
ChatterBot Victor round 13
ChatterBot Golf round 13
ChatterBot Foxtrot round 13
ChatterBot Hotel round 13
ChatterBot Yankee round 13
ChatterBot November round 13
ChatterBot Kilo round 13
ChatterBot Papa round 13
2024-10-15 00:41:45.388211 Golf: We should replace November with Papa
2024-10-15 00:41:45.405011 Yankee: No
2024-10-15 00:41:45.405249 Foxtrot: Yes
2024-10-15 00:41:45.405448 Hotel: No
2024-10-15 00:41:45.405609 Lima: No
ChatterBot Golf reevaluating
ChatterBot Golf reevaluating
ChatterBot Golf reevaluating
ChatterBot Golf reevaluating
ChatterBot Lima round 13
2024-10-15 00:41:45.479701 Golf: Papa we want you to join our group
2024-10-15 00:41:45.483484 Papa: No
ChatterBot Foxtrot reevaluating
ChatterBot Golf reevaluating
2024-10-15 00:41:45.501952 Foxtrot: We should replace Papa with Charlie
ChatterBot Golf reevaluating
2024-10-15 00:41:45.514845 Yankee: No
2024-10-15 00:41:45.515083 Golf: Yes
2024-10-15 00:41:45.515212 Hotel: No
2024-10-15 00:41:45.515381 Lima: No
ChatterBot Golf reevaluating
ChatterBot Foxtrot reevaluating
ChatterBot Foxtrot reevaluating
ChatterBot Golf reevaluating
ChatterBot Foxtrot reevaluating
ChatterBot Golf reevaluating
ChatterBot Foxtrot reevaluating
2024-10-15 00:41:45.562362 Golf: We should replace November with Charlie
ChatterBot Foxtrot reevaluating
2024-10-15 00:41:45.573243 Yankee: No
2024-10-15 00:41:45.573886 Foxtrot: No
2024-10-15 00:41:45.574005 Hotel: No
2024-10-15 00:41:45.574110 Lima: No
ChatterBot Golf reevaluating
ChatterBot Foxtrot reevaluating
ChatterBot Golf reevaluating
ChatterBot Golf reevaluating
ChatterBot Foxtrot reevaluating
ChatterBot Golf reevaluating
ChatterBot Foxtrot reevaluating
2024-10-15 00:41:45.623657 Victor: Charlie and Papa, sending you 4
2024-10-15 00:41:45.624689 Charlie: Victor, November and Papa, sending you 3
2024-10-15 00:41:45.625255 Kilo: Yankee, sending you 2
2024-10-15 00:41:45.625880 Yankee: Golf and Hotel, sending you 4
2024-10-15 00:41:45.627427 November: Charlie and Papa, sending you 3
2024-10-15 00:41:45.628306 Hotel: Golf, Foxtrot and Lima, sending you 2
2024-10-15 00:41:45.629062 Papa: Charlie, Foxtrot and November, sending you 2
2024-10-15 00:41:45.629619 Charlie: Foxtrot, sending you 2
2024-10-15 00:41:45.630261 Victor: November, sending you 3
2024-10-15 00:41:45.631304 Golf: Charlie we want you to join our group
2024-10-15 00:41:45.635060 Charlie: No
ChatterBot Foxtrot reevaluating
2024-10-15 00:41:45.652467 Yankee: Foxtrot, sending you 3
2024-10-15 00:41:45.653215 November: Victor, sending you 2
2024-10-15 00:41:45.654012 Hotel: Yankee, sending you 4
2024-10-15 00:41:45.654584 Papa: Victor, sending you 3
chatterbot Hotel submitting transactions
2024-10-15 00:41:45.655732 Yankee: Lima, sending you 5
2024-10-15 00:41:45.657671 Foxtrot: Charlie we want you to join our group
2024-10-15 00:41:45.661988 Charlie: No
ChatterBot Foxtrot reevaluating
2024-10-15 00:41:45.677558 November: Foxtrot, sending you 1
2024-10-15 00:41:45.678318 Lima: Golf and Hotel, sending you 2
2024-10-15 00:41:45.683207 Lima: Yankee, sending you 4
2024-10-15 00:41:45.704671 Foxtrot: Charlie and Yankee, sending you 2
2024-10-15 00:41:45.708663 Foxtrot: Golf, Hotel and Lima, sending you 1
chatterbot Kilo submitting transactions
chatterbot Charlie submitting transactions
chatterbot Victor submitting transactions
chatterbot Lima submitting transactions
chatterbot November submitting transactions
chatterbot Yankee submitting transactions
chatterbot Papa submitting transactions
chatterbot Foxtrot submitting transactions
chatterbot Golf submitting transactions
ChatterBot Charlie round 14
ChatterBot Victor round 14
ChatterBot Golf round 14
ChatterBot Foxtrot round 14
ChatterBot Hotel round 14
ChatterBot Yankee round 14
ChatterBot November round 14
ChatterBot Kilo round 14
ChatterBot Papa round 14
ChatterBot Lima round 14
2024-10-15 00:41:46.801165 Kilo: We would work well together
ChatterBot Charlie reevaluating
ChatterBot November reevaluating
ChatterBot Papa reevaluating
2024-10-15 00:41:46.815041 Charlie: Yes
2024-10-15 00:41:46.815240 Victor: No
2024-10-15 00:41:46.815423 November: Yes
2024-10-15 00:41:46.815569 Papa: Yes
ChatterBot November reevaluating
ChatterBot Papa reevaluating
ChatterBot Charlie reevaluating
ChatterBot November reevaluating
ChatterBot Papa reevaluating
ChatterBot Charlie reevaluating
ChatterBot Papa reevaluating
ChatterBot Charlie reevaluating
ChatterBot November reevaluating
2024-10-15 00:41:46.873217 Golf: We should replace November with Charlie
ChatterBot Foxtrot reevaluating
2024-10-15 00:41:46.885065 Yankee: No
2024-10-15 00:41:46.885306 Foxtrot: No
