ChatterBot November round 1
ChatterBot Quebec round 1
ChatterBot Lima round 1
ChatterBot Tango round 1
ChatterBot Whiskey round 1
ChatterBot Foxtrot round 1
ChatterBot Victor round 1
ChatterBot Charlie round 1
ChatterBot Kilo round 1
ChatterBot Yankee round 1
randomSelections November: {November, Foxtrot, Victor, Quebec, Whiskey, Kilo, Charlie} 
2024-10-15 00:41:28.016992 November: We should group up
ChatterBot Foxtrot reevaluating
ChatterBot Victor reevaluating
ChatterBot Quebec reevaluating
ChatterBot Whiskey reevaluating
ChatterBot Kilo reevaluating
ChatterBot Charlie reevaluating
2024-10-15 00:41:28.139741 Foxtrot: Yes
2024-10-15 00:41:28.140049 Victor: Yes
2024-10-15 00:41:28.141200 Quebec: Yes
2024-10-15 00:41:28.141620 Whiskey: Yes
2024-10-15 00:41:28.141908 Kilo: Yes
2024-10-15 00:41:28.142297 Charlie: Yes
ChatterBot Victor reevaluating
ChatterBot Quebec reevaluating
ChatterBot Whiskey reevaluating
ChatterBot Kilo reevaluating
ChatterBot Charlie reevaluating
ChatterBot Foxtrot reevaluating
ChatterBot Quebec reevaluating
ChatterBot Whiskey reevaluating
ChatterBot Kilo reevaluating
ChatterBot Charlie reevaluating
ChatterBot Foxtrot reevaluating
ChatterBot Victor reevaluating
ChatterBot Whiskey reevaluating
ChatterBot Kilo reevaluating
ChatterBot Charlie reevaluating
ChatterBot Foxtrot reevaluating
ChatterBot Victor reevaluating
ChatterBot Quebec reevaluating
ChatterBot Kilo reevaluating
ChatterBot Charlie reevaluating
ChatterBot Foxtrot reevaluating
ChatterBot Victor reevaluating
ChatterBot Quebec reevaluating
ChatterBot Whiskey reevaluating
ChatterBot Charlie reevaluating
ChatterBot Foxtrot reevaluating
ChatterBot Victor reevaluating
ChatterBot Quebec reevaluating
ChatterBot Whiskey reevaluating
ChatterBot Kilo reevaluating
randomSelections Tango: {Tango, Whiskey, Yankee, Charlie, November, Lima, Quebec, Kilo} 
2024-10-15 00:41:28.235817 Tango: Can we be friends?
ChatterBot Whiskey reevaluating
ChatterBot Yankee reevaluating
ChatterBot Charlie reevaluating
ChatterBot Lima reevaluating
ChatterBot Quebec reevaluating
ChatterBot Kilo reevaluating
2024-10-15 00:41:28.246802 Whiskey: No
2024-10-15 00:41:28.247565 Yankee: Yes
2024-10-15 00:41:28.247723 Charlie: No
2024-10-15 00:41:28.248014 November: No
2024-10-15 00:41:28.248272 Lima: Yes
2024-10-15 00:41:28.248420 Quebec: No
2024-10-15 00:41:28.249158 Kilo: No
ChatterBot Yankee reevaluating
ChatterBot Charlie reevaluating
ChatterBot Lima reevaluating
ChatterBot Quebec reevaluating
ChatterBot Kilo reevaluating
ChatterBot Whiskey reevaluating
ChatterBot Charlie reevaluating
ChatterBot Lima reevaluating
ChatterBot Quebec reevaluating
ChatterBot Kilo reevaluating
ChatterBot Whiskey reevaluating
ChatterBot Yankee reevaluating
ChatterBot Lima reevaluating
ChatterBot Quebec reevaluating
ChatterBot Kilo reevaluating
ChatterBot Whiskey reevaluating
ChatterBot Yankee reevaluating
ChatterBot Charlie reevaluating
ChatterBot Lima reevaluating
ChatterBot Quebec reevaluating
ChatterBot Kilo reevaluating
ChatterBot Whiskey reevaluating
ChatterBot Yankee reevaluating
ChatterBot Charlie reevaluating
ChatterBot Quebec reevaluating
ChatterBot Kilo reevaluating
ChatterBot Whiskey reevaluating
ChatterBot Yankee reevaluating
ChatterBot Charlie reevaluating
ChatterBot Lima reevaluating
ChatterBot Kilo reevaluating
ChatterBot Whiskey reevaluating
ChatterBot Yankee reevaluating
ChatterBot Charlie reevaluating
ChatterBot Lima reevaluating
ChatterBot Quebec reevaluating
2024-10-15 00:41:28.350860 Foxtrot: Quebec and Charlie, sending you 2
2024-10-15 00:41:28.352949 November: Quebec, Charlie and Kilo, sending you 1
2024-10-15 00:41:28.354035 Quebec: November, Victor and Charlie, sending you 1
2024-10-15 00:41:28.355456 Victor: November, sending you 3
2024-10-15 00:41:28.356026 Whiskey: November, Victor, Charlie and Kilo, sending you 2
2024-10-15 00:41:28.357599 Foxtrot: Whiskey, sending you 1
2024-10-15 00:41:28.359330 Lima: November, Quebec, Whiskey, Charlie and Yankee, sending you 1
2024-10-15 00:41:28.360512 Yankee: November, Quebec and Whiskey, sending you 2
2024-10-15 00:41:28.362174 November: Foxtrot, sending you 2
2024-10-15 00:41:28.363429 Tango: Quebec, sending you 1
2024-10-15 00:41:28.364074 Quebec: Whiskey, sending you 2
2024-10-15 00:41:28.365630 Charlie: November, Foxtrot and Kilo, sending you 3
2024-10-15 00:41:28.366582 Victor: Quebec, Whiskey and Charlie, sending you 1
2024-10-15 00:41:28.368630 Foxtrot: Victor, sending you 6
2024-10-15 00:41:28.370735 Lima: Tango, sending you 4
2024-10-15 00:41:28.371540 Yankee: Lima, Charlie and Kilo, sending you 3
2024-10-15 00:41:28.373742 November: Victor, sending you 3
2024-10-15 00:41:28.376288 Tango: Whiskey and Charlie, sending you 3
2024-10-15 00:41:28.377271 Charlie: Quebec and Whiskey, sending you 2
2024-10-15 00:41:28.379484 Quebec: Foxtrot and Kilo, sending you 3
2024-10-15 00:41:28.380355 Victor: Foxtrot and Kilo, sending you 2
2024-10-15 00:41:28.382855 Lima: Kilo, sending you 2
2024-10-15 00:41:28.383811 Yankee: Tango, sending you 1
2024-10-15 00:41:28.385468 Tango: Yankee, sending you 2
2024-10-15 00:41:28.386209 Charlie: Victor, sending you 1
chatterbot Tango submitting transactions
chatterbot November submitting transactions
chatterbot Whiskey submitting transactions
chatterbot Lima submitting transactions
chatterbot Charlie submitting transactions
chatterbot Quebec submitting transactions
chatterbot Foxtrot submitting transactions
chatterbot Victor submitting transactions
chatterbot Yankee submitting transactions
chatterbot Kilo submitting transactions
ChatterBot November round 2
ChatterBot Quebec round 2
ChatterBot Lima round 2
ChatterBot Tango round 2
ChatterBot Whiskey round 2
ChatterBot Foxtrot round 2
ChatterBot Victor round 2
2024-10-15 00:41:29.573921 Lima: We would work well together
ChatterBot Tango reevaluating
ChatterBot Yankee reevaluating
ChatterBot Whiskey reevaluating
2024-10-15 00:41:29.607027 Tango: No
2024-10-15 00:41:29.607733 Yankee: No
2024-10-15 00:41:29.607921 Whiskey: No
ChatterBot Yankee reevaluating
ChatterBot Whiskey reevaluating
ChatterBot Tango reevaluating
ChatterBot Whiskey reevaluating
ChatterBot Tango reevaluating
ChatterBot Yankee reevaluating
ChatterBot Charlie round 2
ChatterBot Kilo round 2
ChatterBot Yankee round 2
2024-10-15 00:41:29.742671 Whiskey: We should replace Kilo with Tango
2024-10-15 00:41:29.770021 November: No
2024-10-15 00:41:29.770240 Quebec: No
2024-10-15 00:41:29.770442 Foxtrot: No
2024-10-15 00:41:29.770633 Victor: No
2024-10-15 00:41:29.770845 Charlie: No
ChatterBot Whiskey reevaluating
ChatterBot Whiskey reevaluating
ChatterBot Whiskey reevaluating
ChatterBot Whiskey reevaluating
ChatterBot Whiskey reevaluating
2024-10-15 00:41:29.927119 November: We should drop Kilo
ChatterBot Whiskey reevaluating
2024-10-15 00:41:29.957075 Whiskey: Yes
2024-10-15 00:41:29.957303 Quebec: Yes
2024-10-15 00:41:29.957860 Foxtrot: Yes
2024-10-15 00:41:29.958006 Victor: Yes
2024-10-15 00:41:29.958139 Charlie: Yes
ChatterBot Whiskey reevaluating
ChatterBot Whiskey reevaluating
ChatterBot Whiskey reevaluating
ChatterBot Whiskey reevaluating
2024-10-15 00:41:30.247971 Lima: Tango and Whiskey, sending you 1
2024-10-15 00:41:30.248327 Tango: Lima, sending you 6
2024-10-15 00:41:30.249142 Whiskey: Tango we want you to join our group
2024-10-15 00:41:30.252477 Tango: No
2024-10-15 00:41:30.274800 Lima: Yankee, sending you 9
2024-10-15 00:41:30.275085 Tango: Yankee, sending you 3
2024-10-15 00:41:30.601161 November: Quebec, Whiskey, Victor and Charlie, sending you 2
2024-10-15 00:41:30.602222 Kilo: Quebec and Charlie, sending you 1
2024-10-15 00:41:30.602688 Quebec: November, sending you 2
2024-10-15 00:41:30.603115 Yankee: Lima, sending you 7
2024-10-15 00:41:30.604037 Foxtrot: November and Victor, sending you 2
chatterbot Victor submitting transactions
chatterbot Lima submitting transactions
chatterbot Kilo submitting transactions
chatterbot Quebec submitting transactions
chatterbot November submitting transactions
chatterbot Foxtrot submitting transactions
2024-10-15 00:41:30.830344 Victor: November and Whiskey, sending you 2
2024-10-15 00:41:30.831305 Quebec: Foxtrot and Charlie, sending you 4
2024-10-15 00:41:30.831700 Foxtrot: Quebec and Charlie, sending you 3
2024-10-15 00:41:30.832470 Whiskey: Quebec, Tango and Charlie, sending you 2
2024-10-15 00:41:30.832839 Yankee: Tango, sending you 9
2024-10-15 00:41:30.833160 Charlie: November, Quebec and Victor, sending you 2
chatterbot Charlie submitting transactions
2024-10-15 00:41:30.995070 Victor: Quebec and Charlie, sending you 1
2024-10-15 00:41:30.995863 Quebec: Victor, sending you 1
2024-10-15 00:41:30.996244 Foxtrot: Whiskey, sending you 1
2024-10-15 00:41:30.996536 Charlie: Whiskey and Foxtrot, sending you 3
2024-10-15 00:41:30.996819 Whiskey: Foxtrot and Victor, sending you 1
2024-10-15 00:41:31.030196 Victor: Foxtrot, sending you 4
chatterbot Tango submitting transactions
chatterbot Yankee submitting transactions
chatterbot Whiskey submitting transactions
ChatterBot November round 3
ChatterBot Quebec round 3
ChatterBot Lima round 3
ChatterBot Tango round 3
ChatterBot Whiskey round 3
ChatterBot Foxtrot round 3
ChatterBot Victor round 3
ChatterBot Charlie round 3
2024-10-15 00:41:31.566982 Lima: We should replace Whiskey with Kilo
2024-10-15 00:41:31.574567 Tango: No
2024-10-15 00:41:31.575351 Yankee: No
ChatterBot Lima reevaluating
ChatterBot Kilo round 3
ChatterBot Yankee round 3
2024-10-15 00:41:31.746659 Kilo: Let's form a team
2024-10-15 00:41:31.752742 Victor: No
ChatterBot Kilo reevaluating
2024-10-15 00:41:31.759440 Kilo: Group up?
ChatterBot Lima reevaluating
2024-10-15 00:41:31.774212 Lima: Yes
2024-10-15 00:41:31.774530 Tango: No
2024-10-15 00:41:31.775197 Yankee: No
ChatterBot Kilo reevaluating
ChatterBot Kilo reevaluating
ChatterBot Lima reevaluating
ChatterBot Kilo reevaluating
ChatterBot Lima reevaluating
2024-10-15 00:41:31.819600 Whiskey: We should drop Tango
2024-10-15 00:41:31.841600 November: Yes
2024-10-15 00:41:31.841960 Quebec: Yes
2024-10-15 00:41:31.842164 Foxtrot: Yes
2024-10-15 00:41:31.842368 Victor: Yes
2024-10-15 00:41:31.842673 Charlie: Yes
2024-10-15 00:41:31.959128 Tango: Lima, sending you 4
2024-10-15 00:41:31.971008 Quebec: November and Whiskey, sending you 2
2024-10-15 00:41:31.971921 November: Quebec, Foxtrot, Victor and Charlie, sending you 2
2024-10-15 00:41:31.973909 Tango: Yankee, sending you 5
2024-10-15 00:41:31.992868 Quebec: Foxtrot and Charlie, sending you 3
2024-10-15 00:41:31.994565 Whiskey: November, Quebec and Foxtrot, sending you 1
2024-10-15 00:41:31.995365 Yankee: Lima, sending you 9
2024-10-15 00:41:32.002736 Kilo: Sending you 5
2024-10-15 00:41:32.003074 Foxtrot: November, sending you 2
2024-10-15 00:41:32.004840 Charlie: November and Victor, sending you 2
2024-10-15 00:41:32.006276 Quebec: Victor, sending you 1
2024-10-15 00:41:32.006798 Victor: November, Whiskey and Charlie, sending you 2
2024-10-15 00:41:32.008647 Whiskey: Victor, sending you 2
2024-10-15 00:41:32.009470 Yankee: Tango, sending you 7
2024-10-15 00:41:32.010774 Foxtrot: Quebec, Victor and Charlie, sending you 3
2024-10-15 00:41:32.011591 Charlie: Quebec, Whiskey and Foxtrot, sending you 3
2024-10-15 00:41:32.013163 Victor: Quebec, sending you 1
2024-10-15 00:41:32.014390 Whiskey: Charlie, sending you 3
2024-10-15 00:41:32.031593 Victor: Foxtrot, sending you 3
chatterbot Whiskey submitting transactions
chatterbot Yankee submitting transactions
chatterbot Victor submitting transactions
chatterbot Charlie submitting transactions
chatterbot Kilo submitting transactions
chatterbot Quebec submitting transactions
chatterbot Lima submitting transactions
chatterbot Tango submitting transactions
chatterbot Foxtrot submitting transactions
chatterbot November submitting transactions
ChatterBot November round 4
ChatterBot Quebec round 4
ChatterBot Lima round 4
ChatterBot Tango round 4
ChatterBot Whiskey round 4
ChatterBot Foxtrot round 4
ChatterBot Victor round 4
ChatterBot Charlie round 4
ChatterBot Kilo round 4
ChatterBot Yankee round 4
2024-10-15 00:41:32.897026 Lima: We should replace Whiskey with Kilo
ChatterBot Yankee reevaluating
2024-10-15 00:41:32.904771 Tango: No
2024-10-15 00:41:32.904945 Yankee: Yes
ChatterBot Lima reevaluating
ChatterBot Yankee reevaluating
ChatterBot Lima reevaluating
2024-10-15 00:41:32.920992 Yankee: We should add Kilo
ChatterBot Lima reevaluating
2024-10-15 00:41:32.931326 Tango: No
2024-10-15 00:41:32.931711 Lima: Yes
ChatterBot Lima reevaluating
ChatterBot Yankee reevaluating
ChatterBot Yankee reevaluating
2024-10-15 00:41:32.955942 Kilo: We should add Lima and Tango
ChatterBot Yankee reevaluating
2024-10-15 00:41:32.960099 Yankee: Yes
2024-10-15 00:41:32.988316 Kilo: Lima and Tango we want you to join our group
ChatterBot Lima reevaluating
2024-10-15 00:41:33.001677 Lima: Yes
2024-10-15 00:41:33.002675 Tango: No
ChatterBot Kilo reevaluating
ChatterBot Kilo reevaluating
ChatterBot Lima reevaluating
2024-10-15 00:41:33.028522 Kilo: We should replace Yankee with Whiskey
2024-10-15 00:41:33.029821 Yankee: Kilo we want you to join our group
ChatterBot Kilo reevaluating
2024-10-15 00:41:33.034235 Kilo: No
ChatterBot Lima reevaluating
2024-10-15 00:41:33.047336 Whiskey: November and Foxtrot, sending you 1
2024-10-15 00:41:33.048909 Victor: November, Whiskey and Charlie, sending you 2
2024-10-15 00:41:33.050690 Tango: Lima, sending you 4
2024-10-15 00:41:33.058568 Quebec: November, sending you 2
2024-10-15 00:41:33.059624 Victor: Quebec, sending you 1
2024-10-15 00:41:33.059974 Whiskey: Quebec, Victor and Charlie, sending you 2
2024-10-15 00:41:33.060773 Lima: Kilo we want you to join our group
ChatterBot Kilo reevaluating
2024-10-15 00:41:33.064721 Kilo: Yes
2024-10-15 00:41:33.075773 Charlie: November, Quebec and Victor, sending you 2
2024-10-15 00:41:33.076753 Foxtrot: November, sending you 2
2024-10-15 00:41:33.077085 November: Quebec, Foxtrot, Victor and Charlie, sending you 2
2024-10-15 00:41:33.077485 Tango: Yankee, sending you 5
2024-10-15 00:41:33.078219 Quebec: Whiskey and Victor, sending you 1
2024-10-15 00:41:33.078529 Victor: Foxtrot, sending you 3
2024-10-15 00:41:33.083834 Charlie: Whiskey and Foxtrot, sending you 3
2024-10-15 00:41:33.084740 Foxtrot: Quebec, Victor and Charlie, sending you 3
2024-10-15 00:41:33.085080 Quebec: Foxtrot, sending you 4
2024-10-15 00:41:33.085431 Yankee: Lima, sending you 7
2024-10-15 00:41:33.090044 Quebec: Charlie, sending you 3
2024-10-15 00:41:33.117549 Yankee: Tango, sending you 5
2024-10-15 00:41:33.126272 Lima: Tango, sending you 4
2024-10-15 00:41:33.127218 Kilo: Lima, sending you 4
2024-10-15 00:41:33.127434 Yankee: Kilo, sending you 4
2024-10-15 00:41:33.139490 Lima: Kilo, sending you 1
2024-10-15 00:41:33.139757 Kilo: Tango, sending you 1
2024-10-15 00:41:33.165846 Kilo: Yankee, sending you 3
2024-10-15 00:41:33.166826 Lima: Yankee, sending you 6
chatterbot Tango submitting transactions
chatterbot Victor submitting transactions
chatterbot Foxtrot submitting transactions
chatterbot Whiskey submitting transactions
chatterbot Charlie submitting transactions
chatterbot Yankee submitting transactions
chatterbot November submitting transactions
chatterbot Quebec submitting transactions
chatterbot Lima submitting transactions
chatterbot Kilo submitting transactions
ChatterBot November round 5
ChatterBot Quebec round 5
ChatterBot Lima round 5
ChatterBot Tango round 5
ChatterBot Whiskey round 5
ChatterBot Foxtrot round 5
ChatterBot Victor round 5
ChatterBot Charlie round 5
ChatterBot Kilo round 5
ChatterBot Yankee round 5
2024-10-15 00:41:34.231724 Lima: We should add Whiskey
ChatterBot Kilo reevaluating
ChatterBot Tango reevaluating
ChatterBot Yankee reevaluating
2024-10-15 00:41:34.243276 Kilo: No
2024-10-15 00:41:34.243429 Tango: No
2024-10-15 00:41:34.243557 Yankee: No
ChatterBot Lima reevaluating
ChatterBot Tango reevaluating
ChatterBot Yankee reevaluating
ChatterBot Kilo reevaluating
ChatterBot Lima reevaluating
ChatterBot Yankee reevaluating
ChatterBot Kilo reevaluating
ChatterBot Lima reevaluating
ChatterBot Tango reevaluating
2024-10-15 00:41:34.288351 Kilo: We should drop Tango
ChatterBot Lima reevaluating
2024-10-15 00:41:34.295538 Lima: No
2024-10-15 00:41:34.295726 Yankee: No
ChatterBot Lima reevaluating
2024-10-15 00:41:34.310231 Tango: Kilo we want you to join our group
2024-10-15 00:41:34.313161 Kilo: No
ChatterBot Lima reevaluating
ChatterBot Tango reevaluating
2024-10-15 00:41:34.321687 Lima: We should add November
ChatterBot Tango reevaluating
2024-10-15 00:41:34.328747 Kilo: No
2024-10-15 00:41:34.328871 Tango: No
2024-10-15 00:41:34.328971 Yankee: No
ChatterBot Lima reevaluating
ChatterBot Tango reevaluating
ChatterBot Lima reevaluating
ChatterBot Lima reevaluating
ChatterBot Tango reevaluating
2024-10-15 00:41:34.352924 November: Quebec, Foxtrot, Victor and Charlie, sending you 2
2024-10-15 00:41:34.353342 Victor: November, Whiskey and Charlie, sending you 2
2024-10-15 00:41:34.354784 Foxtrot: November, Whiskey, Victor and Charlie, sending you 2
2024-10-15 00:41:34.355260 Quebec: November and Whiskey, sending you 2
2024-10-15 00:41:34.355749 Charlie: November, Quebec, Whiskey and Victor, sending you 2
2024-10-15 00:41:34.356693 Whiskey: November and Foxtrot, sending you 1
2024-10-15 00:41:34.358097 Yankee: Lima, sending you 7
2024-10-15 00:41:34.358713 Victor: Quebec, sending you 1
2024-10-15 00:41:34.359279 Foxtrot: Quebec, sending you 3
2024-10-15 00:41:34.360703 Quebec: Foxtrot and Charlie, sending you 3
2024-10-15 00:41:34.361168 Charlie: Foxtrot, sending you 3
2024-10-15 00:41:34.361583 Yankee: Tango, sending you 5
2024-10-15 00:41:34.362673 Whiskey: Quebec, Victor and Charlie, sending you 2
2024-10-15 00:41:34.363692 Victor: Foxtrot, sending you 3
2024-10-15 00:41:34.365005 Quebec: Victor, sending you 1
2024-10-15 00:41:34.365814 Yankee: Kilo, sending you 4
2024-10-15 00:41:34.369660 Kilo: Lima, sending you 3
2024-10-15 00:41:34.373699 Lima: Tango, sending you 4
2024-10-15 00:41:34.374701 Kilo: Yankee, sending you 5
2024-10-15 00:41:34.379661 Lima: Kilo, sending you 2
2024-10-15 00:41:34.384667 Lima: Yankee, sending you 5
2024-10-15 00:41:34.391674 Tango: Lima, sending you 3
2024-10-15 00:41:34.396664 Tango: Kilo, sending you 2
2024-10-15 00:41:34.401664 Tango: Yankee, sending you 4
chatterbot Quebec submitting transactions
chatterbot Kilo submitting transactions
chatterbot Lima submitting transactions
chatterbot Whiskey submitting transactions
chatterbot Yankee submitting transactions
chatterbot Tango submitting transactions
chatterbot Victor submitting transactions
chatterbot November submitting transactions
chatterbot Foxtrot submitting transactions
chatterbot Charlie submitting transactions
ChatterBot November round 6
ChatterBot Quebec round 6
ChatterBot Lima round 6
ChatterBot Tango round 6
ChatterBot Whiskey round 6
ChatterBot Foxtrot round 6
ChatterBot Victor round 6
ChatterBot Charlie round 6
ChatterBot Kilo round 6
ChatterBot Yankee round 6
2024-10-15 00:41:35.510196 Kilo: We should add Tango
2024-10-15 00:41:35.516872 Lima: Yes
2024-10-15 00:41:35.517042 Yankee: Yes
2024-10-15 00:41:35.533255 Kilo: Tango we want you to join our group
2024-10-15 00:41:35.536776 Tango: Yes
2024-10-15 00:41:35.544995 Lima: Tango, sending you 3
2024-10-15 00:41:35.548678 Tango: Lima, sending you 3
2024-10-15 00:41:35.549067 November: Quebec, Foxtrot, Victor and Charlie, sending you 2
2024-10-15 00:41:35.549662 Lima: Kilo, sending you 2
2024-10-15 00:41:35.549992 Foxtrot: November, Whiskey, Victor and Charlie, sending you 2
2024-10-15 00:41:35.550915 Whiskey: November and Foxtrot, sending you 1
2024-10-15 00:41:35.551371 Quebec: November and Whiskey, sending you 2
2024-10-15 00:41:35.551765 Victor: Sending you each 2
2024-10-15 00:41:35.552310 Tango: Kilo, sending you 2
2024-10-15 00:41:35.552763 Lima: Yankee, sending you 6
2024-10-15 00:41:35.553774 Foxtrot: Quebec, sending you 3
2024-10-15 00:41:35.554663 Whiskey: Quebec, Victor and Charlie, sending you 2
2024-10-15 00:41:35.555709 Quebec: Foxtrot and Charlie, sending you 3
2024-10-15 00:41:35.556963 Tango: Yankee, sending you 4
2024-10-15 00:41:35.557690 Yankee: Lima, sending you 6
2024-10-15 00:41:35.560685 Quebec: Victor, sending you 1
2024-10-15 00:41:35.562225 Yankee: Tango and Kilo, sending you 5
2024-10-15 00:41:35.562704 Kilo: Lima, sending you 3
2024-10-15 00:41:35.565668 Charlie: November and Foxtrot, sending you 3
2024-10-15 00:41:35.566986 Kilo: Tango, sending you 1
2024-10-15 00:41:35.570691 Charlie: Quebec, Whiskey and Victor, sending you 2
2024-10-15 00:41:35.571245 Kilo: Yankee, sending you 4
chatterbot Kilo submitting transactions
chatterbot Victor submitting transactions
chatterbot Yankee submitting transactions
chatterbot Tango submitting transactions
chatterbot Foxtrot submitting transactions
chatterbot November submitting transactions
chatterbot Charlie submitting transactions
chatterbot Whiskey submitting transactions
chatterbot Quebec submitting transactions
chatterbot Lima submitting transactions
ChatterBot November round 7
ChatterBot Quebec round 7
ChatterBot Lima round 7
ChatterBot Tango round 7
ChatterBot Whiskey round 7
ChatterBot Foxtrot round 7
ChatterBot Victor round 7
ChatterBot Charlie round 7
ChatterBot Kilo round 7
ChatterBot Yankee round 7
2024-10-15 00:41:36.807803 November: Quebec, Foxtrot, Victor and Charlie, sending you 2
2024-10-15 00:41:36.814711 Quebec: November, Whiskey and Charlie, sending you 2
2024-10-15 00:41:36.815851 Tango: Lima, sending you 3
2024-10-15 00:41:36.820397 Quebec: Foxtrot, sending you 4
2024-10-15 00:41:36.821037 Charlie: November, Quebec and Foxtrot, sending you 3
2024-10-15 00:41:36.821573 Foxtrot: November and Victor, sending you 2
2024-10-15 00:41:36.822099 Tango: Kilo, sending you 2
2024-10-15 00:41:36.822634 Lima: Tango and Kilo, sending you 3
2024-10-15 00:41:36.824094 Victor: Same as last round
2024-10-15 00:41:36.825087 Quebec: Victor, sending you 1
2024-10-15 00:41:36.825779 Whiskey: November and Foxtrot, sending you 1
2024-10-15 00:41:36.826399 Charlie: Whiskey and Victor, sending you 2
2024-10-15 00:41:36.827797 Foxtrot: Quebec and Charlie, sending you 3
2024-10-15 00:41:36.828479 Tango: Yankee, sending you 4
2024-10-15 00:41:36.829009 Lima: Yankee, sending you 5
2024-10-15 00:41:36.829427 Kilo: Lima and Tango, sending you 2
2024-10-15 00:41:36.829924 Whiskey: Quebec, Victor and Charlie, sending you 2
2024-10-15 00:41:36.831817 Foxtrot: Whiskey, sending you 1
2024-10-15 00:41:36.832741 Yankee: Lima, sending you 6
2024-10-15 00:41:36.833192 Kilo: Yankee, sending you 4
2024-10-15 00:41:36.837695 Yankee: Tango and Kilo, sending you 5
chatterbot Victor submitting transactions
chatterbot Lima submitting transactions
chatterbot Charlie submitting transactions
chatterbot Tango submitting transactions
chatterbot Quebec submitting transactions
chatterbot November submitting transactions
chatterbot Foxtrot submitting transactions
chatterbot Kilo submitting transactions
chatterbot Whiskey submitting transactions
chatterbot Yankee submitting transactions
ChatterBot November round 8
ChatterBot Quebec round 8
ChatterBot Lima round 8
ChatterBot Tango round 8
ChatterBot Whiskey round 8
ChatterBot Foxtrot round 8
ChatterBot Victor round 8
ChatterBot Charlie round 8
ChatterBot Kilo round 8
ChatterBot Yankee round 8
2024-10-15 00:41:37.929687 Whiskey: November and Foxtrot, sending you 1
2024-10-15 00:41:37.931854 Tango: Lima, sending you 3
2024-10-15 00:41:37.932698 Whiskey: Quebec, Victor and Charlie, sending you 2
2024-10-15 00:41:37.937088 Tango: Kilo, sending you 2
2024-10-15 00:41:37.939722 November: Quebec, Foxtrot, Victor and Charlie, sending you 2
2024-10-15 00:41:37.940625 Tango: Yankee, sending you 4
2024-10-15 00:41:37.941691 Quebec: November, Whiskey, Victor and Charlie, sending you 2
2024-10-15 00:41:37.942922 Lima: Tango and Kilo, sending you 3
2024-10-15 00:41:37.943701 Victor: Same as last round
2024-10-15 00:41:37.944389 Foxtrot: November and Victor, sending you 2
2024-10-15 00:41:37.944921 Kilo: Lima and Yankee, sending you 3
2024-10-15 00:41:37.945709 Lima: Yankee, sending you 5
2024-10-15 00:41:37.947675 Quebec: Foxtrot, sending you 3
2024-10-15 00:41:37.948744 Foxtrot: Quebec and Charlie, sending you 3
2024-10-15 00:41:37.949687 Kilo: Tango, sending you 2
2024-10-15 00:41:37.950685 Charlie: November, Quebec and Foxtrot, sending you 3
2024-10-15 00:41:37.952678 Yankee: Lima, sending you 6
2024-10-15 00:41:37.953073 Foxtrot: Whiskey, sending you 1
2024-10-15 00:41:37.955682 Charlie: Whiskey and Victor, sending you 2
2024-10-15 00:41:37.957686 Yankee: Tango and Kilo, sending you 5
chatterbot Quebec submitting transactions
chatterbot Lima submitting transactions
chatterbot Whiskey submitting transactions
chatterbot Foxtrot submitting transactions
chatterbot November submitting transactions
chatterbot Charlie submitting transactions
chatterbot Victor submitting transactions
chatterbot Yankee submitting transactions
chatterbot Tango submitting transactions
chatterbot Kilo submitting transactions
ChatterBot November round 9
ChatterBot Quebec round 9
ChatterBot Lima round 9
ChatterBot Tango round 9
ChatterBot Whiskey round 9
ChatterBot Foxtrot round 9
ChatterBot Victor round 9
ChatterBot Charlie round 9
ChatterBot Kilo round 9
ChatterBot Yankee round 9
2024-10-15 00:41:39.177666 Quebec: November and Whiskey, sending you 2
2024-10-15 00:41:39.182199 Quebec: Foxtrot and Charlie, sending you 3
2024-10-15 00:41:39.183607 Lima: Tango and Kilo, sending you 3
2024-10-15 00:41:39.186692 Charlie: November, Quebec and Foxtrot, sending you 3
2024-10-15 00:41:39.187701 Quebec: Victor, sending you 1
2024-10-15 00:41:39.188630 Lima: Yankee, sending you 5
2024-10-15 00:41:39.189235 November: Quebec, Foxtrot, Victor and Charlie, sending you 2
2024-10-15 00:41:39.190668 Foxtrot: November and Victor, sending you 2
2024-10-15 00:41:39.191567 Charlie: Whiskey and Victor, sending you 2
2024-10-15 00:41:39.192471 Kilo: Lima and Yankee, sending you 3
2024-10-15 00:41:39.193070 Whiskey: November and Foxtrot, sending you 1
2024-10-15 00:41:39.193947 Yankee: Lima, sending you 6
2024-10-15 00:41:39.194662 Victor: Same as last round
2024-10-15 00:41:39.195736 Foxtrot: Quebec and Charlie, sending you 3
2024-10-15 00:41:39.196544 Tango: Lima, sending you 3
2024-10-15 00:41:39.197888 Kilo: Tango, sending you 2
2024-10-15 00:41:39.198253 Whiskey: Quebec, Victor and Charlie, sending you 2
2024-10-15 00:41:39.198816 Yankee: Tango and Kilo, sending you 5
2024-10-15 00:41:39.199135 Foxtrot: Whiskey, sending you 1
2024-10-15 00:41:39.201686 Tango: Kilo, sending you 2
2024-10-15 00:41:39.206689 Tango: Yankee, sending you 4
chatterbot November submitting transactions
chatterbot Kilo submitting transactions
chatterbot Lima submitting transactions
chatterbot Whiskey submitting transactions
chatterbot Yankee submitting transactions
chatterbot Quebec submitting transactions
chatterbot Foxtrot submitting transactions
chatterbot Tango submitting transactions
chatterbot Victor submitting transactions
chatterbot Charlie submitting transactions
ChatterBot November round 10
ChatterBot Quebec round 10
ChatterBot Lima round 10
ChatterBot Tango round 10
ChatterBot Whiskey round 10
ChatterBot Foxtrot round 10
ChatterBot Victor round 10
ChatterBot Charlie round 10
ChatterBot Kilo round 10
ChatterBot Yankee round 10
2024-10-15 00:41:40.423199 Tango: We should drop Kilo
2024-10-15 00:41:40.428392 Lima: No
2024-10-15 00:41:40.428582 Yankee: No
ChatterBot Tango reevaluating
ChatterBot Tango reevaluating
2024-10-15 00:41:40.447811 Foxtrot: November and Victor, sending you 2
2024-10-15 00:41:40.449025 November: Quebec, Foxtrot, Victor and Charlie, sending you 2
2024-10-15 00:41:40.449473 Lima: Tango and Kilo, sending you 3
2024-10-15 00:41:40.449837 Quebec: November and Whiskey, sending you 2
2024-10-15 00:41:40.453683 Foxtrot: Quebec and Charlie, sending you 3
2024-10-15 00:41:40.454805 Quebec: Foxtrot and Charlie, sending you 3
2024-10-15 00:41:40.456373 Lima: Yankee, sending you 5
2024-10-15 00:41:40.458679 Quebec: Victor, sending you 1
2024-10-15 00:41:40.459861 Foxtrot: Whiskey, sending you 1
2024-10-15 00:41:40.460664 Kilo: Lima and Yankee, sending you 3
2024-10-15 00:41:40.462038 Victor: Same as last round
2024-10-15 00:41:40.463700 Whiskey: November and Foxtrot, sending you 1
2024-10-15 00:41:40.466697 Kilo: Tango, sending you 2
2024-10-15 00:41:40.467701 Whiskey: Quebec, Victor and Charlie, sending you 2
2024-10-15 00:41:40.469031 Charlie: November, Quebec and Foxtrot, sending you 3
2024-10-15 00:41:40.470853 Tango: Lima, sending you 4
2024-10-15 00:41:40.471713 Yankee: Lima, sending you 6
2024-10-15 00:41:40.474670 Charlie: Whiskey and Victor, sending you 2
2024-10-15 00:41:40.475726 Tango: Yankee, sending you 5
2024-10-15 00:41:40.476226 Yankee: Tango and Kilo, sending you 5
chatterbot Whiskey submitting transactions
chatterbot November submitting transactions
chatterbot Tango submitting transactions
chatterbot Yankee submitting transactions
chatterbot Victor submitting transactions
chatterbot Foxtrot submitting transactions
chatterbot Kilo submitting transactions
chatterbot Quebec submitting transactions
chatterbot Lima submitting transactions
chatterbot Charlie submitting transactions
ChatterBot November round 11
ChatterBot Quebec round 11
ChatterBot Lima round 11
ChatterBot Tango round 11
ChatterBot Whiskey round 11
ChatterBot Foxtrot round 11
ChatterBot Victor round 11
ChatterBot Charlie round 11
ChatterBot Kilo round 11
ChatterBot Yankee round 11
2024-10-15 00:41:41.651505 Tango: We should add Kilo
2024-10-15 00:41:41.655849 Lima: Yes
2024-10-15 00:41:41.656027 Yankee: Yes
2024-10-15 00:41:41.679969 Tango: Kilo we want you to join our group
2024-10-15 00:41:41.682842 Kilo: Yes
2024-10-15 00:41:41.691667 November: Quebec, Foxtrot, Victor and Charlie, sending you 2
2024-10-15 00:41:41.692396 Quebec: November and Whiskey, sending you 2
2024-10-15 00:41:41.693122 Whiskey: November and Foxtrot, sending you 1
2024-10-15 00:41:41.695685 Quebec: Foxtrot and Charlie, sending you 3
2024-10-15 00:41:41.696683 Whiskey: Quebec, Victor and Charlie, sending you 2
2024-10-15 00:41:41.698674 Foxtrot: November and Victor, sending you 2
2024-10-15 00:41:41.700687 Quebec: Victor, sending you 1
2024-10-15 00:41:41.701945 Victor: Same as last round
2024-10-15 00:41:41.702607 Foxtrot: Quebec and Charlie, sending you 3
2024-10-15 00:41:41.705667 Foxtrot: Whiskey, sending you 1
2024-10-15 00:41:41.706458 Tango: Lima, sending you 3
2024-10-15 00:41:41.707109 Yankee: Lima, sending you 6
2024-10-15 00:41:41.709666 Lima: Tango and Kilo, sending you 3
2024-10-15 00:41:41.710112 Tango: Kilo, sending you 2
2024-10-15 00:41:41.712018 Charlie: November, Quebec and Foxtrot, sending you 3
2024-10-15 00:41:41.713057 Yankee: Tango and Kilo, sending you 5
2024-10-15 00:41:41.713730 Kilo: Lima and Yankee, sending you 3
2024-10-15 00:41:41.714326 Tango: Yankee, sending you 4
2024-10-15 00:41:41.715263 Lima: Yankee, sending you 5
2024-10-15 00:41:41.716710 Charlie: Whiskey and Victor, sending you 2
2024-10-15 00:41:41.717687 Kilo: Tango, sending you 2
chatterbot Tango submitting transactions
chatterbot Victor submitting transactions
chatterbot Lima submitting transactions
chatterbot Yankee submitting transactions
chatterbot Whiskey submitting transactions
chatterbot Quebec submitting transactions
chatterbot Kilo submitting transactions
chatterbot Charlie submitting transactions
chatterbot Foxtrot submitting transactions
chatterbot November submitting transactions
ChatterBot November round 12
ChatterBot Quebec round 12
ChatterBot Lima round 12
ChatterBot Tango round 12
ChatterBot Whiskey round 12
ChatterBot Foxtrot round 12
ChatterBot Victor round 12
ChatterBot Charlie round 12
ChatterBot Kilo round 12
ChatterBot Yankee round 12
2024-10-15 00:41:42.936696 November: Quebec, Foxtrot, Victor and Charlie, sending you 2
2024-10-15 00:41:42.943309 Lima: Tango and Kilo, sending you 3
2024-10-15 00:41:42.943973 Tango: Lima, sending you 3
2024-10-15 00:41:42.944683 Foxtrot: November and Victor, sending you 2
2024-10-15 00:41:42.946705 Lima: Yankee, sending you 5
2024-10-15 00:41:42.948005 Kilo: Lima and Yankee, sending you 3
2024-10-15 00:41:42.948545 Whiskey: November and Foxtrot, sending you 1
2024-10-15 00:41:42.949328 Victor: Same as last round
2024-10-15 00:41:42.950176 Tango: Kilo, sending you 2
2024-10-15 00:41:42.951382 Foxtrot: Quebec and Charlie, sending you 3
2024-10-15 00:41:42.952674 Kilo: Tango, sending you 2
2024-10-15 00:41:42.953188 Whiskey: Quebec, Victor and Charlie, sending you 2
2024-10-15 00:41:42.953939 Charlie: November, Quebec and Foxtrot, sending you 3
2024-10-15 00:41:42.954652 Yankee: Lima, sending you 6
2024-10-15 00:41:42.955880 Foxtrot: Whiskey, sending you 1
2024-10-15 00:41:42.956590 Quebec: November and Whiskey, sending you 2
2024-10-15 00:41:42.957303 Tango: Yankee, sending you 4
2024-10-15 00:41:42.960395 Charlie: Whiskey and Victor, sending you 2
2024-10-15 00:41:42.961217 Yankee: Tango and Kilo, sending you 5
2024-10-15 00:41:42.961770 Quebec: Foxtrot and Charlie, sending you 3
2024-10-15 00:41:42.965707 Quebec: Victor, sending you 1
chatterbot November submitting transactions
chatterbot Yankee submitting transactions
chatterbot Whiskey submitting transactions
chatterbot Tango submitting transactions
chatterbot Victor submitting transactions
chatterbot Kilo submitting transactions
chatterbot Charlie submitting transactions
chatterbot Lima submitting transactions
chatterbot Quebec submitting transactions
chatterbot Foxtrot submitting transactions
ChatterBot November round 13
ChatterBot Quebec round 13
ChatterBot Lima round 13
ChatterBot Tango round 13
ChatterBot Whiskey round 13
ChatterBot Foxtrot round 13
ChatterBot Victor round 13
ChatterBot Charlie round 13
ChatterBot Kilo round 13
ChatterBot Yankee round 13
2024-10-15 00:41:44.151737 Foxtrot: November and Victor, sending you 2
2024-10-15 00:41:44.153654 Quebec: November and Victor, sending you 2
2024-10-15 00:41:44.157699 Foxtrot: Quebec and Charlie, sending you 3
2024-10-15 00:41:44.158946 Quebec: Whiskey, sending you 1
2024-10-15 00:41:44.160934 Charlie: November, Quebec and Foxtrot, sending you 3
2024-10-15 00:41:44.161909 Victor: Same as last round
2024-10-15 00:41:44.163225 Foxtrot: Whiskey, sending you 1
2024-10-15 00:41:44.165189 Quebec: Foxtrot and Charlie, sending you 3
2024-10-15 00:41:44.166392 Kilo: Lima and Yankee, sending you 3
2024-10-15 00:41:44.167276 Charlie: Whiskey and Victor, sending you 2
2024-10-15 00:41:44.170686 November: Quebec, Foxtrot, Victor and Charlie, sending you 2
2024-10-15 00:41:44.171922 Whiskey: November and Foxtrot, sending you 1
2024-10-15 00:41:44.173570 Tango: Lima, sending you 3
2024-10-15 00:41:44.174707 Kilo: Tango, sending you 2
2024-10-15 00:41:44.176396 Lima: Tango and Kilo, sending you 3
2024-10-15 00:41:44.177521 Whiskey: Quebec, Victor and Charlie, sending you 2
2024-10-15 00:41:44.178979 Tango: Kilo, sending you 2
2024-10-15 00:41:44.180101 Lima: Yankee, sending you 5
2024-10-15 00:41:44.181736 Yankee: Lima, sending you 6
2024-10-15 00:41:44.183738 Tango: Yankee, sending you 4
2024-10-15 00:41:44.187663 Yankee: Tango and Kilo, sending you 5
chatterbot Quebec submitting transactions
chatterbot Lima submitting transactions
chatterbot Foxtrot submitting transactions
chatterbot Victor submitting transactions
chatterbot November submitting transactions
chatterbot Kilo submitting transactions
chatterbot Charlie submitting transactions
chatterbot Tango submitting transactions
chatterbot Whiskey submitting transactions
chatterbot Yankee submitting transactions
ChatterBot November round 14
ChatterBot Quebec round 14
ChatterBot Lima round 14
ChatterBot Tango round 14
ChatterBot Whiskey round 14
ChatterBot Foxtrot round 14
ChatterBot Victor round 14
ChatterBot Charlie round 14
ChatterBot Kilo round 14
ChatterBot Yankee round 14
2024-10-15 00:41:45.458676 Quebec: November and Victor, sending you 2
2024-10-15 00:41:45.459628 Whiskey: November and Foxtrot, sending you 1
2024-10-15 00:41:45.460731 Lima: Tango and Kilo, sending you 3
2024-10-15 00:41:45.461852 Victor: Same as last round
2024-10-15 00:41:45.463073 Quebec: Whiskey, sending you 1
2024-10-15 00:41:45.464807 Foxtrot: November and Victor, sending you 2
2024-10-15 00:41:45.465754 Whiskey: Quebec, Victor and Charlie, sending you 2
2024-10-15 00:41:45.466770 Tango: Lima, sending you 3
2024-10-15 00:41:45.468333 Kilo: Lima and Yankee, sending you 3
2024-10-15 00:41:45.468930 Lima: Yankee, sending you 5
2024-10-15 00:41:45.469511 Charlie: November, Quebec and Foxtrot, sending you 3
2024-10-15 00:41:45.470887 Quebec: Foxtrot and Charlie, sending you 3
2024-10-15 00:41:45.471957 Foxtrot: Quebec and Charlie, sending you 3
2024-10-15 00:41:45.473591 Yankee: Lima, sending you 6
2024-10-15 00:41:45.474573 Tango: Kilo, sending you 2
2024-10-15 00:41:45.475375 November: Quebec, Foxtrot, Victor and Charlie, sending you 2
2024-10-15 00:41:45.477297 Kilo: Tango, sending you 2
2024-10-15 00:41:45.477886 Charlie: Whiskey and Victor, sending you 2
2024-10-15 00:41:45.479431 Foxtrot: Whiskey, sending you 1
2024-10-15 00:41:45.480386 Yankee: Tango and Kilo, sending you 5
2024-10-15 00:41:45.481223 Tango: Yankee, sending you 4
chatterbot Victor submitting transactions
chatterbot Charlie submitting transactions
chatterbot Lima submitting transactions
chatterbot Yankee submitting transactions
chatterbot November submitting transactions
chatterbot Quebec submitting transactions
chatterbot Whiskey submitting transactions
chatterbot Kilo submitting transactions
chatterbot Tango submitting transactions
chatterbot Foxtrot submitting transactions
ChatterBot November round 15
ChatterBot Quebec round 15
ChatterBot Lima round 15
ChatterBot Tango round 15
ChatterBot Whiskey round 15
ChatterBot Foxtrot round 15
ChatterBot Victor round 15
ChatterBot Charlie round 15
ChatterBot Kilo round 15
ChatterBot Yankee round 15
2024-10-15 00:41:46.688664 Foxtrot: November and Victor, sending you 2
2024-10-15 00:41:46.689739 November: Quebec, Foxtrot, Victor and Charlie, sending you 2
2024-10-15 00:41:46.693211 Whiskey: November and Foxtrot, sending you 1
2024-10-15 00:41:46.694526 Foxtrot: Quebec and Charlie, sending you 3
2024-10-15 00:41:46.697274 Victor: Same as last round
2024-10-15 00:41:46.699254 Whiskey: Quebec, Victor and Charlie, sending you 2
2024-10-15 00:41:46.700920 Foxtrot: Whiskey, sending you 1
2024-10-15 00:41:46.704232 Lima: Tango and Kilo, sending you 3
2024-10-15 00:41:46.705030 Quebec: November and Victor, sending you 2
2024-10-15 00:41:46.707357 Tango: Lima, sending you 3
2024-10-15 00:41:46.708103 Charlie: November, Quebec and Foxtrot, sending you 3
2024-10-15 00:41:46.709158 Kilo: Lima and Yankee, sending you 3
2024-10-15 00:41:46.710459 Lima: Yankee, sending you 5
2024-10-15 00:41:46.711186 Quebec: Whiskey, sending you 1
2024-10-15 00:41:46.713060 Tango: Kilo, sending you 2
2024-10-15 00:41:46.713723 Charlie: Whiskey and Victor, sending you 2
2024-10-15 00:41:46.715329 Kilo: Tango, sending you 2
2024-10-15 00:41:46.716796 Yankee: Lima, sending you 6
2024-10-15 00:41:46.717540 Quebec: Foxtrot and Charlie, sending you 3
2024-10-15 00:41:46.719248 Tango: Yankee, sending you 4
2024-10-15 00:41:46.720005 Yankee: Tango and Kilo, sending you 5
chatterbot Victor submitting transactions
chatterbot Lima submitting transactions
chatterbot Quebec submitting transactions
chatterbot Foxtrot submitting transactions
chatterbot November submitting transactions
chatterbot Charlie submitting transactions
chatterbot Kilo submitting transactions
chatterbot Whiskey submitting transactions
chatterbot Yankee submitting transactions
chatterbot Tango submitting transactions
ChatterBot November round 16
ChatterBot Quebec round 16
ChatterBot Lima round 16
ChatterBot Tango round 16
ChatterBot Whiskey round 16
ChatterBot Foxtrot round 16
ChatterBot Victor round 16
