ChatterBot Romeo round 1
ChatterBot November round 1
ChatterBot Victor round 1
ChatterBot Oscar round 1
ChatterBot Kilo round 1
ChatterBot Sierra round 1
ChatterBot Quebec round 1
ChatterBot Echo round 1
ChatterBot India round 1
ChatterBot Alpha round 1
randomSelections Romeo: {Romeo} 
randomSelections November: {November, Alpha, Victor, Echo, Romeo, Sierra} 
2024-10-15 00:41:28.446255 November: Group up?
ChatterBot Alpha reevaluating
ChatterBot Victor reevaluating
ChatterBot Echo reevaluating
ChatterBot Sierra reevaluating
2024-10-15 00:41:28.461552 Alpha: Yes
2024-10-15 00:41:28.461782 Victor: Yes
2024-10-15 00:41:28.462047 Echo: Yes
2024-10-15 00:41:28.462313 Romeo: No
2024-10-15 00:41:28.463421 Sierra: Yes
ChatterBot Victor reevaluating
ChatterBot Echo reevaluating
ChatterBot Sierra reevaluating
ChatterBot Alpha reevaluating
ChatterBot Echo reevaluating
ChatterBot Sierra reevaluating
ChatterBot Alpha reevaluating
ChatterBot Victor reevaluating
ChatterBot Sierra reevaluating
ChatterBot Alpha reevaluating
ChatterBot Victor reevaluating
ChatterBot Echo reevaluating
ChatterBot Sierra reevaluating
ChatterBot Alpha reevaluating
ChatterBot Victor reevaluating
ChatterBot Echo reevaluating
randomSelections Kilo: {Kilo, Sierra, Victor, November, Oscar, Echo} 
2024-10-15 00:41:28.534 Kilo: Friends?
ChatterBot Sierra reevaluating
ChatterBot Victor reevaluating
ChatterBot Oscar reevaluating
ChatterBot Echo reevaluating
2024-10-15 00:41:28.546747 Sierra: No
2024-10-15 00:41:28.546936 Victor: No
2024-10-15 00:41:28.547895 November: No
2024-10-15 00:41:28.548121 Oscar: Yes
2024-10-15 00:41:28.548300 Echo: No
ChatterBot Victor reevaluating
ChatterBot Oscar reevaluating
ChatterBot Echo reevaluating
ChatterBot Sierra reevaluating
ChatterBot Oscar reevaluating
ChatterBot Echo reevaluating
ChatterBot Sierra reevaluating
ChatterBot Victor reevaluating
ChatterBot Oscar reevaluating
ChatterBot Echo reevaluating
ChatterBot Sierra reevaluating
ChatterBot Victor reevaluating
ChatterBot Echo reevaluating
ChatterBot Sierra reevaluating
ChatterBot Victor reevaluating
ChatterBot Oscar reevaluating
randomSelections Quebec: {Quebec, Victor, Alpha, Romeo, Oscar, Echo} 
2024-10-15 00:41:28.724295 Quebec: We should group up
ChatterBot Victor reevaluating
ChatterBot Alpha reevaluating
ChatterBot Oscar reevaluating
ChatterBot Echo reevaluating
2024-10-15 00:41:28.732141 Victor: No
2024-10-15 00:41:28.732352 Alpha: No
2024-10-15 00:41:28.732631 Romeo: No
2024-10-15 00:41:28.733417 Oscar: No
2024-10-15 00:41:28.733608 Echo: No
ChatterBot Alpha reevaluating
ChatterBot Oscar reevaluating
ChatterBot Echo reevaluating
ChatterBot Victor reevaluating
ChatterBot Oscar reevaluating
ChatterBot Echo reevaluating
ChatterBot Victor reevaluating
ChatterBot Alpha reevaluating
ChatterBot Oscar reevaluating
ChatterBot Echo reevaluating
ChatterBot Victor reevaluating
ChatterBot Alpha reevaluating
ChatterBot Echo reevaluating
ChatterBot Victor reevaluating
ChatterBot Alpha reevaluating
ChatterBot Oscar reevaluating
randomSelections India: {India, November, Romeo, Kilo, Echo, Quebec, Sierra} 
2024-10-15 00:41:28.784268 India: We would work well together
ChatterBot Echo reevaluating
ChatterBot Sierra reevaluating
2024-10-15 00:41:28.793789 November: No
2024-10-15 00:41:28.794080 Romeo: No
2024-10-15 00:41:28.795193 Kilo: No
2024-10-15 00:41:28.795488 Echo: No
2024-10-15 00:41:28.795909 Quebec: No
2024-10-15 00:41:28.796698 Sierra: No
ChatterBot Echo reevaluating
ChatterBot Sierra reevaluating
ChatterBot Echo reevaluating
ChatterBot Sierra reevaluating
ChatterBot Echo reevaluating
ChatterBot Sierra reevaluating
ChatterBot Sierra reevaluating
ChatterBot Echo reevaluating
ChatterBot Sierra reevaluating
ChatterBot Echo reevaluating
2024-10-15 00:41:28.872464 Alpha: Romeo, Victor and Sierra, sending you 3
2024-10-15 00:41:28.874387 November: Victor, sending you 4
2024-10-15 00:41:28.875344 Oscar: November, Kilo and Echo, sending you 2
2024-10-15 00:41:28.877008 Sierra: Romeo and Alpha, sending you 2
2024-10-15 00:41:28.878761 Kilo: November, sending you 1
2024-10-15 00:41:28.880351 Alpha: November and Echo, sending you 1
2024-10-15 00:41:28.882100 Victor: Romeo and November, sending you 2
2024-10-15 00:41:28.883077 Quebec: Romeo and Echo, sending you 1
2024-10-15 00:41:28.884508 November: Sierra, sending you 3
2024-10-15 00:41:28.885221 Oscar: Victor, sending you 4
2024-10-15 00:41:28.887 Sierra: Victor, sending you 1
2024-10-15 00:41:28.888278 India: November, sending you 2
2024-10-15 00:41:28.888990 Kilo: Victor, Oscar and Sierra, sending you 3
2024-10-15 00:41:28.890365 Quebec: Victor, sending you 3
2024-10-15 00:41:28.891177 Victor: Sierra and Echo, sending you 1
2024-10-15 00:41:28.893067 November: Echo and Alpha, sending you 2
2024-10-15 00:41:28.893991 Echo: Romeo, Victor and Sierra, sending you 3
2024-10-15 00:41:28.896038 India: Sierra, sending you 3
2024-10-15 00:41:28.898034 Quebec: Oscar and Alpha, sending you 2
2024-10-15 00:41:28.900223 Victor: Alpha, sending you 4
2024-10-15 00:41:28.903260 India: Quebec, sending you 1
2024-10-15 00:41:28.909315 India: Echo, sending you 4
chatterbot Oscar submitting transactions
chatterbot November submitting transactions
chatterbot Victor submitting transactions
chatterbot Quebec submitting transactions
chatterbot Echo submitting transactions
chatterbot Sierra submitting transactions
chatterbot Kilo submitting transactions
chatterbot Romeo submitting transactions
chatterbot India submitting transactions
chatterbot Alpha submitting transactions
ChatterBot Romeo round 2
ChatterBot November round 2
ChatterBot Victor round 2
ChatterBot Oscar round 2
ChatterBot Kilo round 2
ChatterBot Sierra round 2
ChatterBot Quebec round 2
2024-10-15 00:41:31.335137 November: We should replace Romeo with India
ChatterBot Victor reevaluating
ChatterBot Sierra reevaluating
ChatterBot Alpha reevaluating
ChatterBot Echo reevaluating
2024-10-15 00:41:31.375299 Victor: No
2024-10-15 00:41:31.375506 Sierra: Yes
2024-10-15 00:41:31.375645 Alpha: No
2024-10-15 00:41:31.375757 Echo: Yes
ChatterBot November reevaluating
ChatterBot Sierra reevaluating
ChatterBot Alpha reevaluating
ChatterBot Echo reevaluating
ChatterBot November reevaluating
ChatterBot Victor reevaluating
ChatterBot Alpha reevaluating
ChatterBot Echo reevaluating
ChatterBot November reevaluating
ChatterBot Victor reevaluating
ChatterBot Sierra reevaluating
ChatterBot Echo reevaluating
ChatterBot November reevaluating
ChatterBot Victor reevaluating
ChatterBot Sierra reevaluating
ChatterBot Alpha reevaluating
ChatterBot Echo round 2
2024-10-15 00:41:31.552743 Romeo: Let's form a team
ChatterBot November reevaluating
ChatterBot Victor reevaluating
ChatterBot Sierra reevaluating
ChatterBot Alpha reevaluating
2024-10-15 00:41:31.621729 November: No
2024-10-15 00:41:31.621958 Victor: No
2024-10-15 00:41:31.622101 Sierra: No
2024-10-15 00:41:31.622249 Alpha: No
ChatterBot Victor reevaluating
ChatterBot Sierra reevaluating
ChatterBot Alpha reevaluating
ChatterBot November reevaluating
ChatterBot Sierra reevaluating
ChatterBot Alpha reevaluating
ChatterBot November reevaluating
ChatterBot Victor reevaluating
ChatterBot Alpha reevaluating
ChatterBot November reevaluating
ChatterBot Victor reevaluating
ChatterBot Sierra reevaluating
ChatterBot India round 2
ChatterBot Alpha round 2
2024-10-15 00:41:31.925001 Oscar: We would work well together
ChatterBot Kilo reevaluating
ChatterBot Quebec reevaluating
2024-10-15 00:41:31.947527 Kilo: Yes
2024-10-15 00:41:31.947959 Quebec: No
ChatterBot Quebec reevaluating
ChatterBot Kilo reevaluating
2024-10-15 00:41:31.993055 Quebec: Group up?
ChatterBot India reevaluating
2024-10-15 00:41:32.004910 India: No
ChatterBot Quebec reevaluating
2024-10-15 00:41:32.050625 Echo: We should replace Romeo with India
ChatterBot November reevaluating
ChatterBot Victor reevaluating
ChatterBot Sierra reevaluating
ChatterBot Alpha reevaluating
2024-10-15 00:41:32.076104 November: Yes
2024-10-15 00:41:32.076268 Victor: No
2024-10-15 00:41:32.076382 Sierra: Yes
2024-10-15 00:41:32.076502 Alpha: No
ChatterBot Victor reevaluating
ChatterBot Sierra reevaluating
ChatterBot Alpha reevaluating
ChatterBot Echo reevaluating
ChatterBot November reevaluating
ChatterBot Sierra reevaluating
ChatterBot Alpha reevaluating
ChatterBot Echo reevaluating
ChatterBot November reevaluating
ChatterBot Victor reevaluating
ChatterBot Alpha reevaluating
ChatterBot Echo reevaluating
ChatterBot November reevaluating
ChatterBot Victor reevaluating
ChatterBot Sierra reevaluating
ChatterBot Echo reevaluating
2024-10-15 00:41:32.194149 Victor: We should drop Romeo
ChatterBot November reevaluating
2024-10-15 00:41:32.216801 November: Yes
2024-10-15 00:41:32.216978 Sierra: Yes
2024-10-15 00:41:32.217087 Alpha: Yes
2024-10-15 00:41:32.217189 Echo: Yes
ChatterBot November reevaluating
ChatterBot Alpha reevaluating
ChatterBot November reevaluating
ChatterBot November reevaluating
ChatterBot Alpha reevaluating
2024-10-15 00:41:32.306350 Echo: India we want you to join our group
ChatterBot India reevaluating
2024-10-15 00:41:32.312829 India: No
ChatterBot November reevaluating
ChatterBot Sierra reevaluating
ChatterBot Alpha reevaluating
2024-10-15 00:41:32.341351 Romeo: November, sending you 1
2024-10-15 00:41:32.343770 Oscar: Sending you each 5
2024-10-15 00:41:32.344710 Romeo: Victor, Sierra and Alpha, sending you 3
2024-10-15 00:41:32.345962 Kilo: Oscar, sending you 6
2024-10-15 00:41:32.346263 Quebec: Sending you 9
2024-10-15 00:41:32.349696 Kilo: Quebec, sending you 4
2024-10-15 00:41:32.361203 Echo: November, sending you 2
2024-10-15 00:41:32.363318 Alpha: November, Sierra and Quebec, sending you 2
2024-10-15 00:41:32.365416 November: Victor, sending you 3
2024-10-15 00:41:32.365797 Victor: November, Echo and Alpha, sending you 3
2024-10-15 00:41:32.366125 Echo: Victor, Sierra and Alpha, sending you 1
2024-10-15 00:41:32.366487 Sierra: November, Echo and Alpha, sending you 3
2024-10-15 00:41:32.367675 Alpha: Victor, sending you 5
2024-10-15 00:41:32.369689 November: Sierra, Echo, India and Alpha, sending you 2
2024-10-15 00:41:32.370147 Echo: India, sending you 4
2024-10-15 00:41:32.371096 Victor: Sierra, sending you 1
2024-10-15 00:41:32.371468 Sierra: Victor, sending you 2
chatterbot Kilo submitting transactions
chatterbot Romeo submitting transactions
chatterbot Quebec submitting transactions
chatterbot Oscar submitting transactions
chatterbot November submitting transactions
chatterbot India submitting transactions
chatterbot Alpha submitting transactions
chatterbot Echo submitting transactions
chatterbot Sierra submitting transactions
chatterbot Victor submitting transactions
ChatterBot Romeo round 3
ChatterBot November round 3
ChatterBot Victor round 3
ChatterBot Oscar round 3
ChatterBot Kilo round 3
ChatterBot Sierra round 3
ChatterBot Quebec round 3
ChatterBot Echo round 3
2024-10-15 00:41:33.925629 Romeo: We should replace November with Echo
ChatterBot Victor reevaluating
ChatterBot Sierra reevaluating
ChatterBot Alpha reevaluating
2024-10-15 00:41:33.982078 Victor: No
2024-10-15 00:41:33.982541 Sierra: No
2024-10-15 00:41:33.982767 Alpha: No
ChatterBot Sierra reevaluating
ChatterBot Alpha reevaluating
ChatterBot Victor reevaluating
ChatterBot Alpha reevaluating
ChatterBot Romeo reevaluating
ChatterBot Victor reevaluating
ChatterBot Sierra reevaluating
ChatterBot India round 3
2024-10-15 00:41:34.036412 Kilo: We should add India
ChatterBot Quebec reevaluating
2024-10-15 00:41:34.043318 Oscar: No
2024-10-15 00:41:34.043632 Quebec: Yes
ChatterBot Kilo reevaluating
ChatterBot Quebec reevaluating
ChatterBot Oscar reevaluating
ChatterBot Kilo reevaluating
ChatterBot Alpha round 3
2024-10-15 00:41:34.067484 Romeo: We should replace Sierra with Echo
ChatterBot Victor reevaluating
ChatterBot Alpha reevaluating
2024-10-15 00:41:34.077091 November: No
2024-10-15 00:41:34.077334 Victor: No
2024-10-15 00:41:34.077556 Alpha: No
ChatterBot Romeo reevaluating
ChatterBot Victor reevaluating
ChatterBot Alpha reevaluating
ChatterBot Romeo reevaluating
ChatterBot Alpha reevaluating
ChatterBot Romeo reevaluating
ChatterBot Victor reevaluating
2024-10-15 00:41:34.115749 November: We should drop India
2024-10-15 00:41:34.127031 Victor: Yes
2024-10-15 00:41:34.127326 Sierra: Yes
2024-10-15 00:41:34.127652 Alpha: Yes
2024-10-15 00:41:34.127976 Echo: Yes
2024-10-15 00:41:34.175051 Kilo: India we want you to join our group
2024-10-15 00:41:34.180092 India: No
ChatterBot Kilo reevaluating
2024-10-15 00:41:34.192452 Romeo: Echo we want you to join our group
2024-10-15 00:41:34.196895 Echo: No
ChatterBot Romeo reevaluating
2024-10-15 00:41:34.215307 Sierra: November, Echo and Alpha, sending you 3
2024-10-15 00:41:34.215923 Quebec: Oscar, sending you 5
2024-10-15 00:41:34.216463 Kilo: We should drop Quebec
ChatterBot Oscar reevaluating
2024-10-15 00:41:34.221229 Oscar: Yes
ChatterBot Kilo reevaluating
2024-10-15 00:41:34.225745 Victor: November and Alpha, sending you 3
2024-10-15 00:41:34.226125 Sierra: Victor, sending you 2
2024-10-15 00:41:34.226968 Quebec: Kilo, sending you 4
2024-10-15 00:41:34.227267 November: Victor, Sierra and Alpha, sending you 3
2024-10-15 00:41:34.229022 Echo: November and Sierra, sending you 2
2024-10-15 00:41:34.229663 Victor: Sierra and Echo, sending you 2
2024-10-15 00:41:34.230269 India: Sending you 10
2024-10-15 00:41:34.231695 Alpha: Romeo and November, sending you 2
2024-10-15 00:41:34.232286 November: Echo, sending you 2
2024-10-15 00:41:34.232834 Echo: Victor, sending you 4
2024-10-15 00:41:34.236448 Alpha: Victor, sending you 4
2024-10-15 00:41:34.236957 Echo: Alpha, sending you 1
2024-10-15 00:41:34.240666 Alpha: Sierra, sending you 3
2024-10-15 00:41:34.241177 Romeo: November, sending you 1
2024-10-15 00:41:34.245699 Romeo: Victor, Sierra and Alpha, sending you 3
2024-10-15 00:41:34.250662 Kilo: Sending you 9
chatterbot Sierra submitting transactions
chatterbot India submitting transactions
chatterbot Victor submitting transactions
chatterbot Echo submitting transactions
chatterbot Quebec submitting transactions
chatterbot Romeo submitting transactions
chatterbot November submitting transactions
chatterbot Oscar submitting transactions
chatterbot Alpha submitting transactions
chatterbot Kilo submitting transactions
ChatterBot Romeo round 4
ChatterBot November round 4
ChatterBot Victor round 4
ChatterBot Oscar round 4
ChatterBot Kilo round 4
ChatterBot Sierra round 4
ChatterBot Quebec round 4
ChatterBot Echo round 4
ChatterBot India round 4
ChatterBot Alpha round 4
2024-10-15 00:41:35.441791 Kilo: We should add Romeo
ChatterBot Oscar reevaluating
2024-10-15 00:41:35.446390 Oscar: No
ChatterBot Kilo reevaluating
2024-10-15 00:41:35.455106 Sierra: We should add Romeo
2024-10-15 00:41:35.469277 November: No
2024-10-15 00:41:35.469473 Victor: No
2024-10-15 00:41:35.469625 Alpha: Yes
2024-10-15 00:41:35.469774 Echo: No
ChatterBot November reevaluating
2024-10-15 00:41:35.533320 Sierra: Romeo we want you to join our group
ChatterBot Romeo reevaluating
2024-10-15 00:41:35.536968 Romeo: No
ChatterBot November reevaluating
2024-10-15 00:41:35.551968 Romeo: We should replace Victor with Echo
ChatterBot November reevaluating
2024-10-15 00:41:35.562720 November: No
2024-10-15 00:41:35.562859 Sierra: No
2024-10-15 00:41:35.562946 Alpha: No
ChatterBot Romeo reevaluating
ChatterBot Romeo reevaluating
ChatterBot November reevaluating
ChatterBot Romeo reevaluating
ChatterBot November reevaluating
2024-10-15 00:41:35.604299 Romeo: We should replace Sierra with Echo
ChatterBot November reevaluating
2024-10-15 00:41:35.612891 November: No
2024-10-15 00:41:35.613037 Victor: No
2024-10-15 00:41:35.613552 Alpha: No
ChatterBot Romeo reevaluating
ChatterBot Romeo reevaluating
ChatterBot November reevaluating
ChatterBot Romeo reevaluating
ChatterBot November reevaluating
2024-10-15 00:41:35.761573 Victor: November and Alpha, sending you 3
2024-10-15 00:41:35.765751 Victor: Sierra and Echo, sending you 2
2024-10-15 00:41:35.767030 Quebec: Oscar and Kilo, sending you 2
2024-10-15 00:41:35.768387 India: Same as last round
2024-10-15 00:41:35.768737 Kilo: Same as last round
2024-10-15 00:41:35.769079 Echo: November, sending you 2
2024-10-15 00:41:35.771127 Romeo: Echo we want you to join our group
2024-10-15 00:41:35.776844 Echo: No
ChatterBot Romeo reevaluating
ChatterBot November reevaluating
2024-10-15 00:41:35.793260 Sierra: Romeo, November, Victor and Echo, sending you 2
2024-10-15 00:41:35.793906 Alpha: Romeo and November, sending you 2
2024-10-15 00:41:35.795046 Quebec: India, sending you 5
2024-10-15 00:41:35.795448 Echo: Victor and Sierra, sending you 3
chatterbot Kilo submitting transactions
2024-10-15 00:41:35.796986 Sierra: Alpha, sending you 3
2024-10-15 00:41:35.799034 Alpha: Victor and Sierra, sending you 3
2024-10-15 00:41:35.800135 Echo: Alpha, sending you 1
2024-10-15 00:41:35.805311 Alpha: Echo, sending you 1
2024-10-15 00:41:35.812932 Romeo: November, sending you 1
2024-10-15 00:41:35.817687 Romeo: Victor and Sierra, sending you 2
2024-10-15 00:41:35.821287 Romeo: Alpha, sending you 5
2024-10-15 00:41:35.821945 November: Victor, Sierra and Alpha, sending you 3
2024-10-15 00:41:35.826674 November: Echo, sending you 2
chatterbot India submitting transactions
chatterbot Victor submitting transactions
chatterbot Quebec submitting transactions
chatterbot Oscar submitting transactions
chatterbot November submitting transactions
chatterbot Echo submitting transactions
chatterbot Sierra submitting transactions
chatterbot Alpha submitting transactions
chatterbot Romeo submitting transactions
ChatterBot Romeo round 5
ChatterBot November round 5
ChatterBot Victor round 5
ChatterBot Oscar round 5
ChatterBot Kilo round 5
ChatterBot Sierra round 5
ChatterBot Quebec round 5
ChatterBot Echo round 5
ChatterBot India round 5
ChatterBot Alpha round 5
2024-10-15 00:41:36.933895 Sierra: We should drop Romeo
2024-10-15 00:41:36.955735 November: Yes
2024-10-15 00:41:36.955956 Victor: Yes
2024-10-15 00:41:36.956105 Alpha: No
2024-10-15 00:41:36.956227 Echo: Yes
2024-10-15 00:41:37.008322 November: Victor, Sierra and Alpha, sending you 3
2024-10-15 00:41:37.011695 Romeo: November, sending you 1
2024-10-15 00:41:37.013676 November: Echo, sending you 2
2024-10-15 00:41:37.015729 Romeo: Victor, sending you 2
2024-10-15 00:41:37.019366 Sierra: November, Echo and Alpha, sending you 3
2024-10-15 00:41:37.020021 Romeo: Sierra, sending you 3
2024-10-15 00:41:37.023706 Sierra: Victor, sending you 2
2024-10-15 00:41:37.024701 Romeo: Alpha, sending you 4
2024-10-15 00:41:37.025500 Kilo: Same as last round
2024-10-15 00:41:37.028715 Quebec: Oscar, sending you 3
2024-10-15 00:41:37.029201 Alpha: Romeo and November, sending you 2
2024-10-15 00:41:37.029881 Victor: November and Alpha, sending you 3
2024-10-15 00:41:37.032722 Echo: November, sending you 2
2024-10-15 00:41:37.033494 India: Same as last round
2024-10-15 00:41:37.034973 Quebec: Kilo, sending you 2
2024-10-15 00:41:37.035427 Alpha: Victor and Sierra, sending you 3
2024-10-15 00:41:37.036216 Victor: Sierra and Echo, sending you 2
2024-10-15 00:41:37.037797 Echo: Victor and Sierra, sending you 3
2024-10-15 00:41:37.038709 Quebec: India, sending you 4
2024-10-15 00:41:37.041102 Alpha: Echo, sending you 1
2024-10-15 00:41:37.041883 Echo: Alpha, sending you 1
chatterbot Victor submitting transactions
chatterbot November submitting transactions
chatterbot Alpha submitting transactions
chatterbot Quebec submitting transactions
chatterbot India submitting transactions
chatterbot Oscar submitting transactions
chatterbot Sierra submitting transactions
chatterbot Kilo submitting transactions
chatterbot Romeo submitting transactions
chatterbot Echo submitting transactions
ChatterBot Romeo round 6
ChatterBot November round 6
ChatterBot Victor round 6
ChatterBot Oscar round 6
ChatterBot Kilo round 6
ChatterBot Sierra round 6
ChatterBot Quebec round 6
ChatterBot Echo round 6
ChatterBot India round 6
ChatterBot Alpha round 6
2024-10-15 00:41:38.192289 Kilo: We should add Quebec and India
ChatterBot Oscar reevaluating
2024-10-15 00:41:38.197161 Oscar: Yes
2024-10-15 00:41:38.231506 Kilo: Quebec and India we want you to join our group
2024-10-15 00:41:38.244733 Quebec: Yes
2024-10-15 00:41:38.244978 India: No
ChatterBot Oscar reevaluating
ChatterBot India reevaluating
ChatterBot Oscar reevaluating
2024-10-15 00:41:38.284370 India: We should add Oscar and Kilo
2024-10-15 00:41:38.289092 Quebec: Yes
ChatterBot India reevaluating
2024-10-15 00:41:38.295677 November: Victor, Sierra and Alpha, sending you 3
2024-10-15 00:41:38.297673 Romeo: November, sending you 1
2024-10-15 00:41:38.298547 Echo: November, sending you 2
2024-10-15 00:41:38.300671 November: Echo, sending you 2
2024-10-15 00:41:38.301669 India: Oscar and Kilo we want you to join our group
2024-10-15 00:41:38.311645 Kilo: Yes
2024-10-15 00:41:38.312289 Oscar: Yes
2024-10-15 00:41:38.345270 Romeo: Victor, sending you 2
2024-10-15 00:41:38.345833 Echo: Victor and Sierra, sending you 3
2024-10-15 00:41:38.346360 Kilo: Oscar, sending you 4
2024-10-15 00:41:38.348656 Romeo: Sierra, sending you 3
2024-10-15 00:41:38.349693 Echo: Alpha, sending you 1
2024-10-15 00:41:38.350338 Victor: November and Alpha, sending you 3
2024-10-15 00:41:38.351453 Quebec: Oscar, sending you 3
2024-10-15 00:41:38.351820 Kilo: Quebec and India, sending you 3
2024-10-15 00:41:38.352270 Sierra: November, Echo and Alpha, sending you 3
2024-10-15 00:41:38.353205 Alpha: Romeo and November, sending you 2
2024-10-15 00:41:38.353734 Romeo: Alpha, sending you 4
2024-10-15 00:41:38.355686 Victor: Sierra and Echo, sending you 2
2024-10-15 00:41:38.356742 Quebec: Kilo, sending you 2
2024-10-15 00:41:38.358367 Sierra: Victor, sending you 2
2024-10-15 00:41:38.359058 Alpha: Victor and Sierra, sending you 3
2024-10-15 00:41:38.361042 Quebec: India, sending you 4
2024-10-15 00:41:38.361710 Alpha: Echo, sending you 1
2024-10-15 00:41:38.364694 India: Oscar, sending you 2
2024-10-15 00:41:38.369673 India: Quebec, sending you 8
chatterbot India submitting transactions
chatterbot November submitting transactions
chatterbot Quebec submitting transactions
chatterbot Victor submitting transactions
chatterbot Echo submitting transactions
chatterbot Romeo submitting transactions
chatterbot Alpha submitting transactions
chatterbot Oscar submitting transactions
chatterbot Sierra submitting transactions
chatterbot Kilo submitting transactions
ChatterBot Romeo round 7
ChatterBot November round 7
ChatterBot Victor round 7
ChatterBot Oscar round 7
ChatterBot Kilo round 7
ChatterBot Sierra round 7
ChatterBot Quebec round 7
ChatterBot Echo round 7
ChatterBot India round 7
ChatterBot Alpha round 7
2024-10-15 00:41:39.504337 Alpha: We should drop Romeo
2024-10-15 00:41:39.515700 November: Yes
2024-10-15 00:41:39.515870 Victor: Yes
2024-10-15 00:41:39.515996 Sierra: Yes
2024-10-15 00:41:39.516112 Echo: Yes
ChatterBot Alpha reevaluating
ChatterBot Alpha reevaluating
ChatterBot Alpha reevaluating
ChatterBot Alpha reevaluating
2024-10-15 00:41:39.571678 November: Victor, Sierra and Alpha, sending you 3
2024-10-15 00:41:39.572338 Echo: November, Victor and Alpha, sending you 2
2024-10-15 00:41:39.572899 Kilo: Oscar, sending you 4
2024-10-15 00:41:39.573808 Victor: November and Alpha, sending you 3
2024-10-15 00:41:39.574415 Sierra: November, Echo and Alpha, sending you 3
2024-10-15 00:41:39.574915 India: Oscar, sending you 1
2024-10-15 00:41:39.575223 Romeo: November, sending you 1
2024-10-15 00:41:39.576256 November: Echo, sending you 2
2024-10-15 00:41:39.577663 Echo: Sierra, sending you 3
2024-10-15 00:41:39.578245 Kilo: Quebec and India, sending you 3
2024-10-15 00:41:39.578714 Victor: Sierra and Echo, sending you 2
2024-10-15 00:41:39.580037 Sierra: Victor, sending you 2
2024-10-15 00:41:39.580851 India: Kilo, sending you 2
2024-10-15 00:41:39.581193 Romeo: Victor and Sierra, sending you 2
2024-10-15 00:41:39.581780 Quebec: Oscar, sending you 3
2024-10-15 00:41:39.583735 India: Quebec, sending you 7
2024-10-15 00:41:39.586061 Quebec: Kilo, sending you 2
2024-10-15 00:41:39.586710 Romeo: Alpha, sending you 5
2024-10-15 00:41:39.590691 Quebec: India, sending you 4
2024-10-15 00:41:39.597190 Alpha: Romeo and November, sending you 2
2024-10-15 00:41:39.602650 Alpha: Victor and Sierra, sending you 3
2024-10-15 00:41:39.607976 Alpha: Echo, sending you 1
chatterbot Quebec submitting transactions
chatterbot Victor submitting transactions
chatterbot Oscar submitting transactions
chatterbot Echo submitting transactions
chatterbot Sierra submitting transactions
chatterbot Kilo submitting transactions
chatterbot Alpha submitting transactions
chatterbot Romeo submitting transactions
chatterbot November submitting transactions
chatterbot India submitting transactions
ChatterBot Romeo round 8
ChatterBot November round 8
ChatterBot Victor round 8
ChatterBot Oscar round 8
ChatterBot Kilo round 8
ChatterBot Sierra round 8
ChatterBot Quebec round 8
ChatterBot Echo round 8
2024-10-15 00:41:40.660018 Romeo: We should replace Victor with Echo
ChatterBot Alpha reevaluating
2024-10-15 00:41:40.672899 November: No
2024-10-15 00:41:40.673134 Sierra: No
2024-10-15 00:41:40.673332 Alpha: No
ChatterBot Romeo reevaluating
ChatterBot Alpha reevaluating
ChatterBot Romeo reevaluating
ChatterBot Alpha reevaluating
ChatterBot Romeo reevaluating
ChatterBot India round 8
ChatterBot Alpha round 8
2024-10-15 00:41:40.741249 Romeo: We should replace November with Echo
ChatterBot Alpha reevaluating
2024-10-15 00:41:40.753587 Victor: No
2024-10-15 00:41:40.753890 Sierra: No
2024-10-15 00:41:40.754050 Alpha: No
ChatterBot Romeo reevaluating
ChatterBot Alpha reevaluating
ChatterBot Romeo reevaluating
ChatterBot Alpha reevaluating
ChatterBot Romeo reevaluating
2024-10-15 00:41:40.799160 Romeo: Echo we want you to join our group
2024-10-15 00:41:40.802369 Echo: No
ChatterBot Romeo reevaluating
2024-10-15 00:41:40.813088 November: Victor, Sierra and Alpha, sending you 3
2024-10-15 00:41:40.813736 Alpha: We should drop Romeo
2024-10-15 00:41:40.823283 November: Yes
2024-10-15 00:41:40.823416 Victor: Yes
2024-10-15 00:41:40.823535 Sierra: Yes
2024-10-15 00:41:40.823665 Echo: Yes
ChatterBot Alpha reevaluating
ChatterBot Alpha reevaluating
ChatterBot Alpha reevaluating
ChatterBot Alpha reevaluating
2024-10-15 00:41:40.868152 November: Echo, sending you 2
2024-10-15 00:41:40.868575 Echo: November, Victor and Alpha, sending you 2
2024-10-15 00:41:40.870644 India: Oscar and Kilo, sending you 2
2024-10-15 00:41:40.871674 Quebec: Oscar, sending you 3
2024-10-15 00:41:40.872240 Echo: Sierra, sending you 3
2024-10-15 00:41:40.872895 Victor: November and Alpha, sending you 3
2024-10-15 00:41:40.873862 Kilo: Oscar, sending you 4
2024-10-15 00:41:40.874157 Sierra: November, Echo and Alpha, sending you 3
2024-10-15 00:41:40.874643 India: Quebec, sending you 6
2024-10-15 00:41:40.875671 Quebec: Kilo, sending you 2
2024-10-15 00:41:40.876878 Victor: Sierra and Echo, sending you 2
2024-10-15 00:41:40.877652 Sierra: Victor, sending you 2
2024-10-15 00:41:40.878957 Kilo: Quebec and India, sending you 3
2024-10-15 00:41:40.880682 Quebec: India, sending you 4
2024-10-15 00:41:40.890678 Romeo: November, sending you 1
2024-10-15 00:41:40.893656 Romeo: Sierra and Echo, sending you 2
2024-10-15 00:41:40.896694 Romeo: Alpha, sending you 5
2024-10-15 00:41:40.903410 Alpha: November and Sierra, sending you 3
2024-10-15 00:41:40.907693 Alpha: Victor, sending you 4
2024-10-15 00:41:40.913253 Alpha: Echo, sending you 1
chatterbot Alpha submitting transactions
chatterbot Kilo submitting transactions
chatterbot India submitting transactions
chatterbot Echo submitting transactions
chatterbot Oscar submitting transactions
chatterbot Victor submitting transactions
chatterbot Sierra submitting transactions
chatterbot November submitting transactions
chatterbot Quebec submitting transactions
chatterbot Romeo submitting transactions
ChatterBot Romeo round 9
ChatterBot November round 9
ChatterBot Victor round 9
ChatterBot Oscar round 9
ChatterBot Kilo round 9
ChatterBot Sierra round 9
2024-10-15 00:41:41.989263 Romeo: We should replace Sierra with Victor
2024-10-15 00:41:42.001143 November: No
2024-10-15 00:41:42.001325 Echo: No
2024-10-15 00:41:42.001451 Alpha: No
ChatterBot Romeo reevaluating
ChatterBot Romeo reevaluating
ChatterBot Romeo reevaluating
ChatterBot Quebec round 9
ChatterBot Echo round 9
ChatterBot India round 9
ChatterBot Alpha round 9
2024-10-15 00:41:42.062215 Alpha: We should add Romeo
ChatterBot Echo reevaluating
2024-10-15 00:41:42.073488 November: No
2024-10-15 00:41:42.073643 Victor: No
2024-10-15 00:41:42.073786 Sierra: No
2024-10-15 00:41:42.073897 Echo: Yes
ChatterBot Echo reevaluating
ChatterBot Echo reevaluating
ChatterBot Alpha reevaluating
ChatterBot Echo reevaluating
ChatterBot November reevaluating
ChatterBot Alpha reevaluating
2024-10-15 00:41:42.126667 November: Romeo we want you to join our group
ChatterBot Romeo reevaluating
2024-10-15 00:41:42.130580 Romeo: No
ChatterBot November reevaluating
ChatterBot Alpha reevaluating
2024-10-15 00:41:42.144017 Romeo: We should replace Echo with Victor
ChatterBot November reevaluating
ChatterBot Alpha reevaluating
2024-10-15 00:41:42.152712 November: No
2024-10-15 00:41:42.152844 Sierra: No
2024-10-15 00:41:42.152972 Alpha: No
ChatterBot Romeo reevaluating
ChatterBot Alpha reevaluating
ChatterBot Romeo reevaluating
ChatterBot November reevaluating
ChatterBot Alpha reevaluating
ChatterBot Romeo reevaluating
ChatterBot November reevaluating
2024-10-15 00:41:42.181666 Sierra: November, Echo and Alpha, sending you 3
2024-10-15 00:41:42.182669 Quebec: Oscar, sending you 3
2024-10-15 00:41:42.183029 Kilo: Oscar, sending you 4
2024-10-15 00:41:42.183685 Victor: November and Alpha, sending you 3
2024-10-15 00:41:42.184257 Echo: November, Victor and Alpha, sending you 2
2024-10-15 00:41:42.186662 Sierra: Victor, sending you 2
2024-10-15 00:41:42.187180 Kilo: Quebec and India, sending you 3
2024-10-15 00:41:42.187464 Victor: Sierra and Echo, sending you 2
2024-10-15 00:41:42.187962 Quebec: Kilo, sending you 2
2024-10-15 00:41:42.188950 Romeo: Victor we want you to join our group
2024-10-15 00:41:42.191926 Victor: No
ChatterBot Romeo reevaluating
ChatterBot November reevaluating
ChatterBot Sierra reevaluating
ChatterBot Alpha reevaluating
2024-10-15 00:41:42.204601 Romeo: We should replace November with Victor
ChatterBot Sierra reevaluating
ChatterBot Alpha reevaluating
2024-10-15 00:41:42.213367 Sierra: No
2024-10-15 00:41:42.213515 Echo: No
2024-10-15 00:41:42.213647 Alpha: No
ChatterBot Romeo reevaluating
ChatterBot Alpha reevaluating
ChatterBot Romeo reevaluating
ChatterBot Sierra reevaluating
ChatterBot Alpha reevaluating
ChatterBot Romeo reevaluating
ChatterBot Sierra reevaluating
2024-10-15 00:41:42.317860 Echo: Sierra, sending you 3
2024-10-15 00:41:42.319758 India: Oscar and Kilo, sending you 2
2024-10-15 00:41:42.320286 Quebec: India, sending you 4
2024-10-15 00:41:42.322692 India: Quebec, sending you 6
2024-10-15 00:41:42.328877 Alpha: Romeo we want you to join our group
ChatterBot Romeo reevaluating
2024-10-15 00:41:42.349319 Romeo: No
ChatterBot November reevaluating
ChatterBot Alpha reevaluating
ChatterBot Sierra reevaluating
chatterbot Quebec submitting transactions
2024-10-15 00:41:42.403022 November: Victor, Sierra and Alpha, sending you 3
2024-10-15 00:41:42.407657 November: Echo, sending you 2
2024-10-15 00:41:42.408505 Alpha: Romeo and November, sending you 2
2024-10-15 00:41:42.413663 Alpha: Victor and Sierra, sending you 3
2024-10-15 00:41:42.418673 Alpha: Echo, sending you 1
2024-10-15 00:41:42.422660 Romeo: Victor, sending you 1
2024-10-15 00:41:42.428664 Romeo: Sierra and Echo, sending you 2
2024-10-15 00:41:42.434657 Romeo: Alpha, sending you 5
chatterbot Kilo submitting transactions
chatterbot Victor submitting transactions
chatterbot Romeo submitting transactions
chatterbot November submitting transactions
chatterbot Alpha submitting transactions
chatterbot Oscar submitting transactions
chatterbot Echo submitting transactions
chatterbot India submitting transactions
chatterbot Sierra submitting transactions
ChatterBot Romeo round 10
ChatterBot November round 10
ChatterBot Victor round 10
ChatterBot Oscar round 10
ChatterBot Kilo round 10
ChatterBot Sierra round 10
ChatterBot Quebec round 10
ChatterBot Echo round 10
ChatterBot India round 10
ChatterBot Alpha round 10
2024-10-15 00:41:43.520598 Romeo: We should replace Echo with November
ChatterBot Victor reevaluating
ChatterBot Sierra reevaluating
2024-10-15 00:41:43.536126 Victor: No
2024-10-15 00:41:43.536341 Sierra: No
2024-10-15 00:41:43.536522 Alpha: No
ChatterBot Romeo reevaluating
ChatterBot Sierra reevaluating
ChatterBot Romeo reevaluating
ChatterBot Victor reevaluating
ChatterBot Romeo reevaluating
ChatterBot Victor reevaluating
ChatterBot Sierra reevaluating
2024-10-15 00:41:43.577242 Victor: We should add Romeo
ChatterBot November reevaluating
ChatterBot Sierra reevaluating
2024-10-15 00:41:43.588726 November: Yes
2024-10-15 00:41:43.588914 Sierra: Yes
2024-10-15 00:41:43.589030 Alpha: Yes
2024-10-15 00:41:43.589127 Echo: No
ChatterBot Victor reevaluating
ChatterBot Sierra reevaluating
ChatterBot Echo reevaluating
ChatterBot November reevaluating
ChatterBot Victor reevaluating
ChatterBot Echo reevaluating
ChatterBot November reevaluating
ChatterBot Victor reevaluating
ChatterBot Sierra reevaluating
ChatterBot Echo reevaluating
ChatterBot November reevaluating
ChatterBot Victor reevaluating
ChatterBot Sierra reevaluating
2024-10-15 00:41:43.680703 Sierra: Romeo we want you to join our group
ChatterBot Romeo reevaluating
2024-10-15 00:41:43.684513 Romeo: No
ChatterBot November reevaluating
ChatterBot Victor reevaluating
ChatterBot Echo reevaluating
2024-10-15 00:41:43.698845 Romeo: We should replace Victor with November
ChatterBot Echo reevaluating
2024-10-15 00:41:43.707223 Sierra: No
2024-10-15 00:41:43.707340 Echo: No
2024-10-15 00:41:43.707447 Alpha: No
ChatterBot Romeo reevaluating
ChatterBot Echo reevaluating
ChatterBot Romeo reevaluating
ChatterBot Romeo reevaluating
ChatterBot Echo reevaluating
2024-10-15 00:41:43.734876 Victor: Romeo we want you to join our group
ChatterBot Romeo reevaluating
2024-10-15 00:41:43.738549 Romeo: No
ChatterBot November reevaluating
ChatterBot Victor reevaluating
2024-10-15 00:41:43.754343 Kilo: Oscar, sending you 4
2024-10-15 00:41:43.754732 India: Oscar and Kilo, sending you 2
2024-10-15 00:41:43.755384 Quebec: Oscar, sending you 3
2024-10-15 00:41:43.755644 Alpha: Romeo and November, sending you 2
2024-10-15 00:41:43.756119 Echo: Romeo we want you to join our group
ChatterBot Romeo reevaluating
2024-10-15 00:41:43.759352 Romeo: No
ChatterBot November reevaluating
ChatterBot Victor reevaluating
ChatterBot Sierra reevaluating
2024-10-15 00:41:43.785798 Kilo: Quebec and India, sending you 3
2024-10-15 00:41:43.786295 India: Quebec, sending you 6
2024-10-15 00:41:43.786877 Quebec: Kilo, sending you 2
2024-10-15 00:41:43.787480 Alpha: Victor and Sierra, sending you 3
2024-10-15 00:41:43.790673 Quebec: India, sending you 4
2024-10-15 00:41:43.793683 Alpha: Echo, sending you 1
2024-10-15 00:41:43.799662 Sierra: November, Echo and Alpha, sending you 3
2024-10-15 00:41:43.805670 Sierra: Victor, sending you 2
2024-10-15 00:41:43.806337 Echo: Romeo and Alpha, sending you 1
2024-10-15 00:41:43.808660 November: Victor, Sierra and Alpha, sending you 3
2024-10-15 00:41:43.810681 Romeo: Victor, sending you 1
2024-10-15 00:41:43.811697 Echo: November and Victor, sending you 2
2024-10-15 00:41:43.812669 November: Echo, sending you 2
2024-10-15 00:41:43.813893 Romeo: Sierra and Echo, sending you 2
2024-10-15 00:41:43.816708 Echo: Sierra, sending you 3
2024-10-15 00:41:43.817536 Romeo: Alpha, sending you 5
2024-10-15 00:41:43.824692 Victor: Sending you each 2
chatterbot India submitting transactions
chatterbot November submitting transactions
chatterbot Quebec submitting transactions
chatterbot Sierra submitting transactions
chatterbot Alpha submitting transactions
chatterbot Victor submitting transactions
chatterbot Oscar submitting transactions
chatterbot Romeo submitting transactions
chatterbot Kilo submitting transactions
chatterbot Echo submitting transactions
ChatterBot Romeo round 11
ChatterBot November round 11
ChatterBot Victor round 11
ChatterBot Oscar round 11
ChatterBot Kilo round 11
ChatterBot Sierra round 11
ChatterBot Quebec round 11
ChatterBot Echo round 11
ChatterBot India round 11
ChatterBot Alpha round 11
2024-10-15 00:41:44.986910 November: We should add Romeo
ChatterBot Sierra reevaluating
2024-10-15 00:41:45.001743 Victor: Yes
2024-10-15 00:41:45.002883 Sierra: Yes
2024-10-15 00:41:45.003148 Alpha: Yes
2024-10-15 00:41:45.003343 Echo: Yes
ChatterBot November reevaluating
ChatterBot Sierra reevaluating
ChatterBot November reevaluating
ChatterBot November reevaluating
ChatterBot Sierra reevaluating
ChatterBot November reevaluating
ChatterBot Sierra reevaluating
2024-10-15 00:41:45.080678 Sierra: Romeo we want you to join our group
ChatterBot Romeo reevaluating
2024-10-15 00:41:45.088002 Romeo: No
ChatterBot November reevaluating
2024-10-15 00:41:45.104482 Romeo: We should replace Victor with November
ChatterBot Sierra reevaluating
2024-10-15 00:41:45.115604 Sierra: No
2024-10-15 00:41:45.115881 Echo: No
2024-10-15 00:41:45.116139 Alpha: No
ChatterBot Romeo reevaluating
ChatterBot Romeo reevaluating
ChatterBot Sierra reevaluating
ChatterBot Romeo reevaluating
ChatterBot Sierra reevaluating
2024-10-15 00:41:45.146050 November: Romeo we want you to join our group
ChatterBot Romeo reevaluating
2024-10-15 00:41:45.157398 Romeo: No
ChatterBot November reevaluating
2024-10-15 00:41:45.176141 Romeo: We should replace Sierra with November
2024-10-15 00:41:45.186373 Victor: No
2024-10-15 00:41:45.186704 Echo: No
2024-10-15 00:41:45.187044 Alpha: No
ChatterBot Romeo reevaluating
ChatterBot Romeo reevaluating
ChatterBot Romeo reevaluating
2024-10-15 00:41:45.215603 Quebec: Oscar, sending you 3
2024-10-15 00:41:45.216112 India: Oscar, sending you 3
2024-10-15 00:41:45.216535 Alpha: Romeo and November, sending you 2
2024-10-15 00:41:45.217322 Kilo: Oscar, sending you 4
2024-10-15 00:41:45.217622 Victor: Same as last round
2024-10-15 00:41:45.219246 Quebec: Kilo, sending you 2
2024-10-15 00:41:45.219687 India: Kilo, sending you 2
2024-10-15 00:41:45.220703 Alpha: Victor and Sierra, sending you 3
2024-10-15 00:41:45.223346 Echo: Romeo and Alpha, sending you 1
2024-10-15 00:41:45.224350 Kilo: Quebec and India, sending you 3
2024-10-15 00:41:45.224857 India: Quebec, sending you 5
2024-10-15 00:41:45.226022 Romeo: November we want you to join our group
ChatterBot November reevaluating
2024-10-15 00:41:45.232777 November: Yes
ChatterBot Romeo reevaluating
2024-10-15 00:41:45.252977 Romeo: We should replace Echo with November
2024-10-15 00:41:45.268910 Victor: No
2024-10-15 00:41:45.269123 Sierra: No
2024-10-15 00:41:45.269280 Alpha: No
ChatterBot Romeo reevaluating
ChatterBot Romeo reevaluating
ChatterBot Romeo reevaluating
2024-10-15 00:41:45.317784 Quebec: India, sending you 4
2024-10-15 00:41:45.318419 Alpha: Echo, sending you 1
2024-10-15 00:41:45.320691 Echo: November and Victor, sending you 2
chatterbot Victor submitting transactions
2024-10-15 00:41:45.324668 Echo: Sierra, sending you 3
2024-10-15 00:41:45.347805 November: Romeo, Victor, Echo and Alpha, sending you 2
2024-10-15 00:41:45.353658 November: Sierra, sending you 3
2024-10-15 00:41:45.355090 Romeo: November, sending you 1
2024-10-15 00:41:45.359673 Romeo: Victor and Sierra, sending you 2
2024-10-15 00:41:45.364672 Romeo: Alpha, sending you 5
chatterbot Romeo submitting transactions
chatterbot India submitting transactions
chatterbot Sierra submitting transactions
chatterbot Quebec submitting transactions
chatterbot Echo submitting transactions
