ChatterBot Yankee round 1
ChatterBot Juliett round 1
ChatterBot X-ray round 1
ChatterBot Whiskey round 1
randomSelections Yankee: {Yankee, Juliett, Hotel, November} 
2024-10-15 00:41:28.866858 Yankee: Let's form a team
ChatterBot Juliett reevaluating
2024-10-15 00:41:28.871105 Juliett: Yes
randomSelections Whiskey: {Whiskey, X-ray, Juliett, November, Yankee, Tango} 
2024-10-15 00:41:28.877101 Whiskey: Friends?
ChatterBot X-ray reevaluating
ChatterBot Juliett reevaluating
2024-10-15 00:41:28.886268 X-ray: Yes
2024-10-15 00:41:28.886691 Juliett: No
2024-10-15 00:41:28.887332 Yankee: No
ChatterBot Juliett reevaluating
ChatterBot X-ray reevaluating
ChatterBot X-ray reevaluating
ChatterBot Juliett reevaluating
ChatterBot Hotel round 1
ChatterBot Hotel reevaluating
ChatterBot Hotel reevaluating
2024-10-15 00:41:28.918879 Hotel: Yes
ChatterBot Juliett reevaluating
ChatterBot Tango round 1
ChatterBot Tango reevaluating
ChatterBot Tango reevaluating
ChatterBot Tango reevaluating
ChatterBot Tango reevaluating
2024-10-15 00:41:28.937447 Tango: Yes
ChatterBot X-ray reevaluating
ChatterBot Juliett reevaluating
ChatterBot Echo round 1
ChatterBot November round 1
ChatterBot November reevaluating
ChatterBot November reevaluating
ChatterBot November reevaluating
ChatterBot November reevaluating
ChatterBot November reevaluating
ChatterBot November reevaluating
ChatterBot November reevaluating
ChatterBot November reevaluating
2024-10-15 00:41:28.974376 November: Yes
2024-10-15 00:41:28.974634 November: No
ChatterBot Juliett reevaluating
ChatterBot Hotel reevaluating
ChatterBot X-ray reevaluating
ChatterBot Tango reevaluating
ChatterBot Juliett reevaluating
ChatterBot Kilo round 1
ChatterBot Delta round 1
randomSelections Echo: {Echo, Hotel, Whiskey, Yankee, Juliett, X-ray, Delta} 
2024-10-15 00:41:29.012025 Echo: Group up?
ChatterBot Hotel reevaluating
ChatterBot X-ray reevaluating
ChatterBot Delta reevaluating
2024-10-15 00:41:29.023666 Hotel: No
2024-10-15 00:41:29.023915 Whiskey: No
2024-10-15 00:41:29.024530 Yankee: No
2024-10-15 00:41:29.024713 Juliett: No
2024-10-15 00:41:29.024878 X-ray: No
2024-10-15 00:41:29.025023 Delta: Yes
ChatterBot X-ray reevaluating
ChatterBot Delta reevaluating
ChatterBot Hotel reevaluating
ChatterBot X-ray reevaluating
ChatterBot Delta reevaluating
ChatterBot Hotel reevaluating
ChatterBot X-ray reevaluating
ChatterBot Delta reevaluating
ChatterBot Hotel reevaluating
ChatterBot X-ray reevaluating
ChatterBot Delta reevaluating
ChatterBot Hotel reevaluating
ChatterBot Delta reevaluating
ChatterBot Hotel reevaluating
ChatterBot X-ray reevaluating
randomSelections Kilo: {Kilo, Echo, Whiskey, Delta, November, Hotel, Juliett, Tango} 
2024-10-15 00:41:29.070887 Kilo: We should group up
ChatterBot Delta reevaluating
ChatterBot November reevaluating
ChatterBot Hotel reevaluating
2024-10-15 00:41:29.077675 Echo: No
2024-10-15 00:41:29.077834 Whiskey: No
2024-10-15 00:41:29.077969 Delta: No
2024-10-15 00:41:29.078077 November: No
2024-10-15 00:41:29.078208 Hotel: No
2024-10-15 00:41:29.078342 Juliett: No
2024-10-15 00:41:29.078476 Tango: No
ChatterBot Delta reevaluating
ChatterBot November reevaluating
ChatterBot Hotel reevaluating
ChatterBot Delta reevaluating
ChatterBot November reevaluating
ChatterBot Hotel reevaluating
ChatterBot November reevaluating
ChatterBot Hotel reevaluating
ChatterBot Delta reevaluating
ChatterBot Hotel reevaluating
ChatterBot Delta reevaluating
ChatterBot November reevaluating
ChatterBot Delta reevaluating
ChatterBot November reevaluating
ChatterBot Hotel reevaluating
ChatterBot Delta reevaluating
ChatterBot November reevaluating
ChatterBot Hotel reevaluating
2024-10-15 00:41:29.123682 Yankee: Juliett, sending you 5
2024-10-15 00:41:29.124686 Whiskey: Juliett and November, sending you 3
2024-10-15 00:41:29.126670 Yankee: Hotel, sending you 3
2024-10-15 00:41:29.128695 Whiskey: X-ray and Tango, sending you 2
2024-10-15 00:41:29.130653 Tango: Yankee, X-ray and Whiskey, sending you 2
2024-10-15 00:41:29.131684 Yankee: November, sending you 2
2024-10-15 00:41:29.133665 Echo: Yankee and Juliett, sending you 3
2024-10-15 00:41:29.134022 Tango: Juliett and November, sending you 1
2024-10-15 00:41:29.134686 Kilo: Juliett, sending you 1
2024-10-15 00:41:29.135666 X-ray: Juliett and Tango, sending you 3
2024-10-15 00:41:29.137669 Echo: X-ray and Whiskey, sending you 2
2024-10-15 00:41:29.138014 Kilo: Echo, sending you 4
2024-10-15 00:41:29.138675 Juliett: Yankee, sending you 6
2024-10-15 00:41:29.139660 X-ray: Whiskey, sending you 2
2024-10-15 00:41:29.140656 November: Yankee, sending you 2
2024-10-15 00:41:29.141700 Kilo: Delta, sending you 2
2024-10-15 00:41:29.142684 Echo: Hotel and Delta, sending you 1
2024-10-15 00:41:29.142949 Juliett: Hotel, sending you 2
2024-10-15 00:41:29.143660 November: Juliett, sending you 1
2024-10-15 00:41:29.145680 Delta: Yankee, X-ray and Hotel, sending you 1
2024-10-15 00:41:29.147653 Hotel: Yankee, sending you 5
2024-10-15 00:41:29.147865 November: Hotel, sending you 4
2024-10-15 00:41:29.149657 Delta: Juliett and Whiskey, sending you 2
2024-10-15 00:41:29.152645 Hotel: Juliett and November, sending you 2
2024-10-15 00:41:29.152872 Delta: Echo, sending you 4
chatterbot Kilo submitting transactions
chatterbot Yankee submitting transactions
chatterbot Tango submitting transactions
chatterbot Hotel submitting transactions
chatterbot X-ray submitting transactions
chatterbot Juliett submitting transactions
chatterbot Delta submitting transactions
chatterbot November submitting transactions
chatterbot Echo submitting transactions
chatterbot Whiskey submitting transactions
ChatterBot Yankee round 2
ChatterBot Juliett round 2
ChatterBot X-ray round 2
ChatterBot Whiskey round 2
ChatterBot Hotel round 2
ChatterBot Tango round 2
ChatterBot Echo round 2
ChatterBot November round 2
ChatterBot Kilo round 2
ChatterBot Delta round 2
2024-10-15 00:41:30.510511 Tango: Group up?
ChatterBot X-ray reevaluating
ChatterBot Whiskey reevaluating
ChatterBot Kilo reevaluating
2024-10-15 00:41:30.521373 X-ray: Yes
2024-10-15 00:41:30.521627 Whiskey: Yes
2024-10-15 00:41:30.521834 Kilo: No
ChatterBot Whiskey reevaluating
ChatterBot Kilo reevaluating
ChatterBot X-ray reevaluating
ChatterBot Kilo reevaluating
ChatterBot X-ray reevaluating
ChatterBot Whiskey reevaluating
2024-10-15 00:41:30.552548 Whiskey: We should group up
ChatterBot X-ray reevaluating
ChatterBot Echo reevaluating
ChatterBot Kilo reevaluating
ChatterBot Delta reevaluating
2024-10-15 00:41:30.570606 X-ray: Yes
2024-10-15 00:41:30.570837 Tango: No
2024-10-15 00:41:30.571648 Echo: No
2024-10-15 00:41:30.572074 Kilo: No
2024-10-15 00:41:30.572317 Delta: No
ChatterBot Whiskey reevaluating
ChatterBot Echo reevaluating
ChatterBot Kilo reevaluating
ChatterBot Delta reevaluating
ChatterBot X-ray reevaluating
ChatterBot Whiskey reevaluating
ChatterBot Echo reevaluating
ChatterBot Kilo reevaluating
ChatterBot Delta reevaluating
ChatterBot X-ray reevaluating
ChatterBot Whiskey reevaluating
ChatterBot Kilo reevaluating
ChatterBot Delta reevaluating
ChatterBot X-ray reevaluating
ChatterBot Whiskey reevaluating
ChatterBot Echo reevaluating
ChatterBot Delta reevaluating
ChatterBot X-ray reevaluating
ChatterBot Whiskey reevaluating
ChatterBot Echo reevaluating
ChatterBot Kilo reevaluating
2024-10-15 00:41:30.997967 Yankee: Juliett and Hotel, sending you 4
2024-10-15 00:41:30.998336 Kilo: X-ray, sending you 3
2024-10-15 00:41:30.999130 Echo: Sending you each 6
2024-10-15 00:41:30.999347 Juliett: Yankee, sending you 4
2024-10-15 00:41:30.999632 Tango: X-ray, sending you 4
2024-10-15 00:41:30.999880 X-ray: Whiskey, Tango and Echo, sending you 2
2024-10-15 00:41:31.000140 November: Yankee and Hotel, sending you 3
chatterbot Yankee submitting transactions
2024-10-15 00:41:31.031330 Yankee: November, sending you 2
2024-10-15 00:41:31.031609 Kilo: Whiskey and Tango, sending you 2
2024-10-15 00:41:31.031848 Juliett: Hotel and November, sending you 2
2024-10-15 00:41:31.032068 Whiskey: X-ray, Tango and Echo, sending you 3
2024-10-15 00:41:31.032809 Hotel: Sending you each 3
2024-10-15 00:41:31.033027 Tango: Whiskey, sending you 3
2024-10-15 00:41:31.033215 X-ray: Kilo and Delta, sending you 1
2024-10-15 00:41:31.033456 Delta: Echo, sending you 5
2024-10-15 00:41:31.033661 November: Juliett, sending you 1
2024-10-15 00:41:31.076832 Whiskey: Delta, sending you 2
2024-10-15 00:41:31.077730 Tango: Kilo, sending you 1
2024-10-15 00:41:31.078137 Delta: Kilo, sending you 4
chatterbot Echo submitting transactions
chatterbot X-ray submitting transactions
chatterbot Juliett submitting transactions
chatterbot Kilo submitting transactions
chatterbot Delta submitting transactions
chatterbot Tango submitting transactions
chatterbot Hotel submitting transactions
chatterbot November submitting transactions
chatterbot Whiskey submitting transactions
ChatterBot Yankee round 3
ChatterBot Juliett round 3
ChatterBot X-ray round 3
ChatterBot Whiskey round 3
ChatterBot Hotel round 3
ChatterBot Tango round 3
ChatterBot Echo round 3
ChatterBot November round 3
ChatterBot Kilo round 3
ChatterBot Delta round 3
2024-10-15 00:41:32.042923 Kilo: We should add Echo and Delta
2024-10-15 00:41:32.052582 Tango: Yes
2024-10-15 00:41:32.052757 X-ray: Yes
2024-10-15 00:41:32.052871 Whiskey: Yes
2024-10-15 00:41:32.091736 Delta: Friends?
ChatterBot Echo reevaluating
2024-10-15 00:41:32.108813 X-ray: Yes
2024-10-15 00:41:32.108983 Whiskey: Yes
2024-10-15 00:41:32.109097 Tango: Yes
2024-10-15 00:41:32.109210 Echo: Yes
2024-10-15 00:41:32.109327 Kilo: Yes
ChatterBot Echo reevaluating
ChatterBot Echo reevaluating
ChatterBot Echo reevaluating
ChatterBot Echo reevaluating
2024-10-15 00:41:32.196425 Kilo: Echo and Delta we want you to join our group
ChatterBot Echo reevaluating
2024-10-15 00:41:32.204048 Echo: Yes
2024-10-15 00:41:32.204207 Delta: Yes
ChatterBot Echo reevaluating
2024-10-15 00:41:32.238663 November: Yankee and Juliett, sending you 2
2024-10-15 00:41:32.239537 Hotel: Same as last round
2024-10-15 00:41:32.239915 X-ray: Whiskey, Tango and Kilo, sending you 2
2024-10-15 00:41:32.240357 Tango: X-ray, sending you 2
2024-10-15 00:41:32.241221 Yankee: Juliett, sending you 4
2024-10-15 00:41:32.241576 Whiskey: X-ray and Tango, sending you 3
2024-10-15 00:41:32.242085 Juliett: Yankee and Hotel, sending you 3
2024-10-15 00:41:32.242992 X-ray: Echo and Delta, sending you 1
2024-10-15 00:41:32.243676 November: Hotel, sending you 3
2024-10-15 00:41:32.244482 Tango: Whiskey, sending you 3
2024-10-15 00:41:32.245676 Yankee: Hotel and November, sending you 3
2024-10-15 00:41:32.246750 Juliett: November, sending you 2
2024-10-15 00:41:32.247110 Whiskey: Echo and Delta, sending you 1
2024-10-15 00:41:32.248675 Kilo: X-ray, Whiskey and Tango, sending you 1
2024-10-15 00:41:32.249984 Tango: Echo, Kilo and Delta, sending you 1
2024-10-15 00:41:32.250493 Whiskey: Kilo, sending you 2
2024-10-15 00:41:32.253341 Echo: X-ray, Whiskey and Kilo, sending you 2
2024-10-15 00:41:32.254927 Kilo: Echo and Delta, sending you 2
2024-10-15 00:41:32.255683 Delta: X-ray, Whiskey and Kilo, sending you 2
2024-10-15 00:41:32.258850 Echo: Delta, sending you 6
2024-10-15 00:41:32.260684 Delta: Tango, sending you 1
2024-10-15 00:41:32.266093 Delta: Echo, sending you 4
chatterbot Yankee submitting transactions
chatterbot Kilo submitting transactions
chatterbot Juliett submitting transactions
chatterbot X-ray submitting transactions
chatterbot Delta submitting transactions
chatterbot November submitting transactions
chatterbot Whiskey submitting transactions
chatterbot Hotel submitting transactions
chatterbot Tango submitting transactions
chatterbot Echo submitting transactions
ChatterBot Yankee round 4
ChatterBot Juliett round 4
ChatterBot X-ray round 4
ChatterBot Whiskey round 4
ChatterBot Hotel round 4
ChatterBot Tango round 4
ChatterBot Echo round 4
ChatterBot November round 4
ChatterBot Kilo round 4
ChatterBot Delta round 4
2024-10-15 00:41:33.251540 Tango: X-ray, sending you 2
2024-10-15 00:41:33.252669 Delta: X-ray, Whiskey and Kilo, sending you 2
2024-10-15 00:41:33.253775 X-ray: Whiskey, sending you 3
2024-10-15 00:41:33.254290 Echo: X-ray and Whiskey, sending you 2
2024-10-15 00:41:33.255237 November: Yankee and Hotel, sending you 3
2024-10-15 00:41:33.255583 Juliett: Yankee and Hotel, sending you 3
2024-10-15 00:41:33.256016 Hotel: Same as last round
2024-10-15 00:41:33.256942 Kilo: X-ray, Whiskey and Tango, sending you 1
2024-10-15 00:41:33.257551 Whiskey: X-ray and Tango, sending you 3
2024-10-15 00:41:33.258577 Tango: Whiskey, sending you 3
2024-10-15 00:41:33.259019 Delta: Tango, sending you 1
2024-10-15 00:41:33.259935 X-ray: Tango, sending you 2
2024-10-15 00:41:33.260429 November: Juliett, sending you 1
2024-10-15 00:41:33.260805 Echo: Kilo, sending you 3
2024-10-15 00:41:33.261772 Juliett: November, sending you 2
2024-10-15 00:41:33.262127 Kilo: Echo and Delta, sending you 2
2024-10-15 00:41:33.263020 Yankee: Juliett, sending you 4
2024-10-15 00:41:33.263337 Tango: Echo, Kilo and Delta, sending you 1
2024-10-15 00:41:33.263849 Whiskey: Echo and Delta, sending you 2
2024-10-15 00:41:33.264825 Delta: Echo, sending you 4
2024-10-15 00:41:33.265265 X-ray: Echo, Kilo and Delta, sending you 1
2024-10-15 00:41:33.265710 Echo: Delta, sending you 5
2024-10-15 00:41:33.266719 Yankee: Hotel and November, sending you 3
2024-10-15 00:41:33.268444 Whiskey: Kilo, sending you 1
chatterbot Yankee submitting transactions
chatterbot Delta submitting transactions
chatterbot Tango submitting transactions
chatterbot November submitting transactions
chatterbot Kilo submitting transactions
chatterbot Echo submitting transactions
chatterbot Whiskey submitting transactions
chatterbot Hotel submitting transactions
chatterbot Juliett submitting transactions
chatterbot X-ray submitting transactions
ChatterBot Yankee round 5
ChatterBot Juliett round 5
ChatterBot X-ray round 5
ChatterBot Whiskey round 5
ChatterBot Hotel round 5
ChatterBot Tango round 5
ChatterBot Echo round 5
ChatterBot November round 5
ChatterBot Kilo round 5
ChatterBot Delta round 5
2024-10-15 00:41:34.348680 X-ray: Whiskey, sending you 3
2024-10-15 00:41:34.351284 Juliett: Yankee and Hotel, sending you 3
2024-10-15 00:41:34.351736 Yankee: Juliett, sending you 4
2024-10-15 00:41:34.354746 X-ray: Tango, sending you 2
2024-10-15 00:41:34.355684 Hotel: Same as last round
2024-10-15 00:41:34.356156 Juliett: November, sending you 2
2024-10-15 00:41:34.356695 Yankee: Hotel and November, sending you 3
2024-10-15 00:41:34.357574 November: Yankee and Hotel, sending you 3
2024-10-15 00:41:34.359950 X-ray: Echo, Kilo and Delta, sending you 1
2024-10-15 00:41:34.361734 November: Juliett, sending you 1
2024-10-15 00:41:34.362688 Kilo: X-ray, Whiskey and Tango, sending you 1
2024-10-15 00:41:34.366684 Kilo: Echo and Delta, sending you 2
2024-10-15 00:41:34.368024 Delta: X-ray, Whiskey and Kilo, sending you 2
2024-10-15 00:41:34.368725 Echo: X-ray, Whiskey and Kilo, sending you 2
2024-10-15 00:41:34.369987 Tango: X-ray, sending you 2
2024-10-15 00:41:34.370507 Whiskey: X-ray and Tango, sending you 3
2024-10-15 00:41:34.371844 Delta: Tango, sending you 1
2024-10-15 00:41:34.373698 Echo: Tango, sending you 1
2024-10-15 00:41:34.374762 Tango: Whiskey, sending you 3
2024-10-15 00:41:34.375394 Delta: Echo, sending you 4
2024-10-15 00:41:34.376070 Whiskey: Echo and Delta, sending you 2
2024-10-15 00:41:34.379189 Echo: Delta, sending you 5
2024-10-15 00:41:34.379986 Tango: Echo, Kilo and Delta, sending you 1
2024-10-15 00:41:34.381686 Whiskey: Kilo, sending you 1
chatterbot X-ray submitting transactions
chatterbot Tango submitting transactions
chatterbot November submitting transactions
chatterbot Kilo submitting transactions
chatterbot Echo submitting transactions
chatterbot Hotel submitting transactions
chatterbot Whiskey submitting transactions
chatterbot Juliett submitting transactions
chatterbot Delta submitting transactions
chatterbot Yankee submitting transactions
ChatterBot Yankee round 6
ChatterBot Juliett round 6
ChatterBot X-ray round 6
ChatterBot Whiskey round 6
ChatterBot Hotel round 6
ChatterBot Tango round 6
ChatterBot Echo round 6
ChatterBot November round 6
ChatterBot Kilo round 6
ChatterBot Delta round 6
2024-10-15 00:41:35.533670 Yankee: Juliett, sending you 4
2024-10-15 00:41:35.535667 Juliett: Yankee and Hotel, sending you 3
2024-10-15 00:41:35.538663 Yankee: Hotel and November, sending you 3
2024-10-15 00:41:35.540662 Juliett: November, sending you 2
2024-10-15 00:41:35.543069 Kilo: X-ray, Whiskey and Tango, sending you 1
2024-10-15 00:41:35.543710 X-ray: Whiskey, sending you 3
2024-10-15 00:41:35.544352 Echo: X-ray, Whiskey and Kilo, sending you 2
2024-10-15 00:41:35.545046 Tango: X-ray, sending you 2
2024-10-15 00:41:35.546706 Hotel: Same as last round
2024-10-15 00:41:35.547671 X-ray: Tango, sending you 2
2024-10-15 00:41:35.548682 Echo: Tango, sending you 1
2024-10-15 00:41:35.549115 Kilo: Echo and Delta, sending you 2
2024-10-15 00:41:35.549498 November: Yankee and Hotel, sending you 3
2024-10-15 00:41:35.550911 Tango: Whiskey, sending you 3
2024-10-15 00:41:35.551510 Whiskey: X-ray, sending you 3
2024-10-15 00:41:35.552175 X-ray: Echo, Kilo and Delta, sending you 1
2024-10-15 00:41:35.552813 Echo: Delta, sending you 5
2024-10-15 00:41:35.553746 Delta: X-ray, Whiskey and Kilo, sending you 2
2024-10-15 00:41:35.554696 November: Juliett, sending you 1
2024-10-15 00:41:35.555288 Tango: Echo, Kilo and Delta, sending you 1
2024-10-15 00:41:35.556743 Whiskey: Tango, Echo and Delta, sending you 2
2024-10-15 00:41:35.557689 Delta: Tango, sending you 1
2024-10-15 00:41:35.560672 Whiskey: Kilo, sending you 1
2024-10-15 00:41:35.562073 Delta: Echo, sending you 4
chatterbot Kilo submitting transactions
chatterbot November submitting transactions
chatterbot Yankee submitting transactions
chatterbot X-ray submitting transactions
chatterbot Tango submitting transactions
chatterbot Delta submitting transactions
chatterbot Whiskey submitting transactions
chatterbot Hotel submitting transactions
chatterbot Echo submitting transactions
chatterbot Juliett submitting transactions
ChatterBot Yankee round 7
ChatterBot Juliett round 7
ChatterBot X-ray round 7
ChatterBot Whiskey round 7
ChatterBot Hotel round 7
ChatterBot Tango round 7
ChatterBot Echo round 7
2024-10-15 00:41:36.605024 Yankee: We should add Delta
2024-10-15 00:41:36.620547 Juliett: No
2024-10-15 00:41:36.620859 Hotel: No
2024-10-15 00:41:36.621082 November: No
ChatterBot Yankee reevaluating
ChatterBot Yankee reevaluating
ChatterBot Yankee reevaluating
ChatterBot November round 7
ChatterBot Kilo round 7
2024-10-15 00:41:36.666775 Hotel: We should add Echo
ChatterBot Yankee reevaluating
2024-10-15 00:41:36.674364 Yankee: Yes
2024-10-15 00:41:36.674530 Juliett: No
2024-10-15 00:41:36.674667 November: No
ChatterBot Hotel reevaluating
ChatterBot Yankee reevaluating
ChatterBot Hotel reevaluating
ChatterBot Yankee reevaluating
ChatterBot Hotel reevaluating
ChatterBot Delta round 7
2024-10-15 00:41:36.739667 Yankee: Juliett, sending you 4
2024-10-15 00:41:36.740257 Whiskey: X-ray, sending you 3
2024-10-15 00:41:36.741674 X-ray: Whiskey, Tango and Echo, sending you 2
2024-10-15 00:41:36.743322 Juliett: Yankee and Hotel, sending you 3
2024-10-15 00:41:36.743871 Yankee: Hotel and November, sending you 3
2024-10-15 00:41:36.744506 November: Yankee and Juliett, sending you 2
2024-10-15 00:41:36.745121 Whiskey: Tango, Echo and Delta, sending you 2
2024-10-15 00:41:36.745929 Echo: X-ray, Whiskey and Kilo, sending you 2
2024-10-15 00:41:36.747564 X-ray: Kilo and Delta, sending you 1
2024-10-15 00:41:36.748579 Kilo: X-ray, Whiskey and Tango, sending you 1
2024-10-15 00:41:36.749445 Juliett: November, sending you 2
2024-10-15 00:41:36.750007 November: Hotel, sending you 3
2024-10-15 00:41:36.751391 Whiskey: Kilo, sending you 1
2024-10-15 00:41:36.752490 Echo: Tango, sending you 1
2024-10-15 00:41:36.753373 Hotel: Same as last round
2024-10-15 00:41:36.754695 Tango: X-ray, sending you 2
2024-10-15 00:41:36.755919 Kilo: Echo and Delta, sending you 2
2024-10-15 00:41:36.758630 Echo: Delta, sending you 5
2024-10-15 00:41:36.759686 Tango: Whiskey, sending you 3
2024-10-15 00:41:36.762272 Delta: X-ray, Whiskey and Kilo, sending you 2
2024-10-15 00:41:36.763013 Tango: Echo, Kilo and Delta, sending you 1
2024-10-15 00:41:36.767673 Delta: Tango, sending you 1
2024-10-15 00:41:36.773456 Delta: Echo, sending you 4
chatterbot Yankee submitting transactions
chatterbot Juliett submitting transactions
chatterbot X-ray submitting transactions
chatterbot Delta submitting transactions
chatterbot Tango submitting transactions
chatterbot November submitting transactions
chatterbot Kilo submitting transactions
chatterbot Echo submitting transactions
chatterbot Whiskey submitting transactions
chatterbot Hotel submitting transactions
ChatterBot Yankee round 8
ChatterBot Juliett round 8
ChatterBot X-ray round 8
ChatterBot Whiskey round 8
ChatterBot Hotel round 8
ChatterBot Tango round 8
ChatterBot Echo round 8
ChatterBot November round 8
ChatterBot Kilo round 8
ChatterBot Delta round 8
2024-10-15 00:41:37.782670 Whiskey: X-ray, sending you 3
2024-10-15 00:41:37.783887 Juliett: Yankee and Hotel, sending you 3
2024-10-15 00:41:37.784801 X-ray: Whiskey, Tango, Echo and Delta, sending you 2
2024-10-15 00:41:37.787661 Juliett: November, sending you 2
2024-10-15 00:41:37.788664 Whiskey: Tango, Echo and Delta, sending you 2
2024-10-15 00:41:37.791685 November: Yankee and Juliett, sending you 2
2024-10-15 00:41:37.792573 Yankee: Juliett, sending you 4
2024-10-15 00:41:37.793194 Hotel: Same as last round
2024-10-15 00:41:37.795335 November: Hotel, sending you 3
2024-10-15 00:41:37.796158 Echo: X-ray, Whiskey and Kilo, sending you 2
2024-10-15 00:41:37.797241 Yankee: Hotel and November, sending you 3
2024-10-15 00:41:37.797935 Whiskey: Kilo, sending you 1
2024-10-15 00:41:37.799033 Tango: X-ray, sending you 2
2024-10-15 00:41:37.799964 Echo: Tango, sending you 1
2024-10-15 00:41:37.802663 Delta: X-ray, Whiskey and Kilo, sending you 2
2024-10-15 00:41:37.803642 Tango: Whiskey, sending you 3
2024-10-15 00:41:37.805722 Kilo: X-ray, Whiskey and Tango, sending you 1
2024-10-15 00:41:37.806569 Echo: Delta, sending you 5
2024-10-15 00:41:37.807690 Delta: Tango, sending you 1
2024-10-15 00:41:37.808658 Kilo: Echo and Delta, sending you 2
2024-10-15 00:41:37.809670 Tango: Echo, Kilo and Delta, sending you 1
2024-10-15 00:41:37.810661 Delta: Echo, sending you 4
chatterbot Whiskey submitting transactions
chatterbot Tango submitting transactions
chatterbot Yankee submitting transactions
chatterbot Hotel submitting transactions
chatterbot Juliett submitting transactions
chatterbot Echo submitting transactions
chatterbot Delta submitting transactions
chatterbot X-ray submitting transactions
chatterbot Kilo submitting transactions
chatterbot November submitting transactions
ChatterBot Yankee round 9
ChatterBot Juliett round 9
ChatterBot X-ray round 9
ChatterBot Whiskey round 9
ChatterBot Hotel round 9
ChatterBot Tango round 9
ChatterBot Echo round 9
ChatterBot November round 9
ChatterBot Kilo round 9
ChatterBot Delta round 9
2024-10-15 00:41:38.910350 Yankee: Juliett, sending you 4
2024-10-15 00:41:38.913700 Yankee: Hotel and November, sending you 3
2024-10-15 00:41:38.917648 Hotel: Same as last round
2024-10-15 00:41:38.924658 X-ray: Whiskey, Tango, Echo and Delta, sending you 2
2024-10-15 00:41:38.925700 Tango: X-ray, sending you 2
2024-10-15 00:41:38.926743 November: Yankee and Juliett, sending you 2
2024-10-15 00:41:38.927339 Whiskey: X-ray, sending you 3
2024-10-15 00:41:38.929338 Juliett: Yankee and Hotel, sending you 3
2024-10-15 00:41:38.930725 Kilo: X-ray, Whiskey and Tango, sending you 1
2024-10-15 00:41:38.931694 Tango: Whiskey, sending you 3
2024-10-15 00:41:38.932334 November: Hotel, sending you 3
2024-10-15 00:41:38.932780 Whiskey: Tango, Echo and Delta, sending you 2
2024-10-15 00:41:38.933320 Juliett: November, sending you 2
2024-10-15 00:41:38.934652 Kilo: Echo and Delta, sending you 2
2024-10-15 00:41:38.935129 Tango: Echo, Kilo and Delta, sending you 1
2024-10-15 00:41:38.937706 Whiskey: Kilo, sending you 1
2024-10-15 00:41:38.939183 Echo: X-ray, Whiskey and Kilo, sending you 2
2024-10-15 00:41:38.942715 Delta: X-ray, Whiskey and Kilo, sending you 2
2024-10-15 00:41:38.944851 Echo: Tango, sending you 1
2024-10-15 00:41:38.949660 Delta: Tango, sending you 1
2024-10-15 00:41:38.950696 Echo: Delta, sending you 5
2024-10-15 00:41:38.953675 Delta: Echo, sending you 4
chatterbot Hotel submitting transactions
chatterbot Yankee submitting transactions
chatterbot Echo submitting transactions
chatterbot November submitting transactions
chatterbot Tango submitting transactions
chatterbot Kilo submitting transactions
chatterbot Whiskey submitting transactions
chatterbot X-ray submitting transactions
chatterbot Delta submitting transactions
chatterbot Juliett submitting transactions
ChatterBot Yankee round 10
ChatterBot Juliett round 10
ChatterBot X-ray round 10
ChatterBot Whiskey round 10
ChatterBot Hotel round 10
ChatterBot Tango round 10
ChatterBot Echo round 10
ChatterBot November round 10
2024-10-15 00:41:40.127659 Yankee: We should add Tango
2024-10-15 00:41:40.138950 Juliett: No
2024-10-15 00:41:40.139762 Hotel: No
2024-10-15 00:41:40.140444 November: No
ChatterBot Yankee reevaluating
ChatterBot Yankee reevaluating
ChatterBot Yankee reevaluating
ChatterBot Kilo round 10
ChatterBot Delta round 10
2024-10-15 00:41:40.206680 Juliett: Yankee and Hotel, sending you 3
2024-10-15 00:41:40.212664 Juliett: November, sending you 2
2024-10-15 00:41:40.213596 X-ray: Whiskey, Tango, Echo and Delta, sending you 2
2024-10-15 00:41:40.216697 Tango: X-ray, sending you 2
2024-10-15 00:41:40.220660 Echo: X-ray, Whiskey and Kilo, sending you 2
2024-10-15 00:41:40.221679 Whiskey: X-ray, sending you 3
2024-10-15 00:41:40.222483 Kilo: X-ray, Whiskey and Tango, sending you 1
2024-10-15 00:41:40.223211 November: Yankee and Juliett, sending you 2
2024-10-15 00:41:40.223658 Tango: Whiskey, sending you 3
2024-10-15 00:41:40.224971 Hotel: Same as last round
2024-10-15 00:41:40.225434 Yankee: Juliett, sending you 4
2024-10-15 00:41:40.225933 Whiskey: Tango, Echo and Delta, sending you 2
2024-10-15 00:41:40.226679 Echo: Tango, sending you 1
2024-10-15 00:41:40.227392 November: Hotel, sending you 3
2024-10-15 00:41:40.227838 Kilo: Echo and Delta, sending you 2
2024-10-15 00:41:40.228543 Tango: Echo, Kilo and Delta, sending you 1
2024-10-15 00:41:40.229358 Delta: X-ray, Whiskey and Kilo, sending you 2
2024-10-15 00:41:40.230659 Yankee: Hotel and November, sending you 3
2024-10-15 00:41:40.231659 Whiskey: Kilo, sending you 1
2024-10-15 00:41:40.232293 Echo: Delta, sending you 5
2024-10-15 00:41:40.233669 Delta: Tango, sending you 1
2024-10-15 00:41:40.238692 Delta: Echo, sending you 4
chatterbot Whiskey submitting transactions
chatterbot November submitting transactions
chatterbot Yankee submitting transactions
chatterbot Juliett submitting transactions
chatterbot Hotel submitting transactions
chatterbot Tango submitting transactions
chatterbot Delta submitting transactions
chatterbot Echo submitting transactions
chatterbot X-ray submitting transactions
chatterbot Kilo submitting transactions
ChatterBot Yankee round 11
ChatterBot Juliett round 11
ChatterBot X-ray round 11
ChatterBot Whiskey round 11
ChatterBot Hotel round 11
ChatterBot Tango round 11
ChatterBot Echo round 11
ChatterBot November round 11
ChatterBot Kilo round 11
ChatterBot Delta round 11
2024-10-15 00:41:41.495662 Juliett: Yankee and Hotel, sending you 3
2024-10-15 00:41:41.498671 Juliett: November, sending you 2
2024-10-15 00:41:41.500675 Hotel: Same as last round
2024-10-15 00:41:41.502682 Whiskey: X-ray, sending you 3
2024-10-15 00:41:41.504689 Tango: X-ray, sending you 3
2024-10-15 00:41:41.506201 X-ray: Whiskey, Tango, Echo and Delta, sending you 2
2024-10-15 00:41:41.506991 Delta: X-ray, Whiskey, Tango and Kilo, sending you 2
2024-10-15 00:41:41.507921 Whiskey: Tango, Echo and Delta, sending you 2
2024-10-15 00:41:41.509198 Kilo: X-ray, Whiskey and Tango, sending you 1
2024-10-15 00:41:41.510198 Tango: Whiskey, sending you 2
2024-10-15 00:41:41.511688 Delta: Echo, sending you 3
2024-10-15 00:41:41.512466 Echo: X-ray, Whiskey and Kilo, sending you 2
2024-10-15 00:41:41.513174 Yankee: Juliett, sending you 4
2024-10-15 00:41:41.513674 Whiskey: Kilo, sending you 1
2024-10-15 00:41:41.514813 Kilo: Echo and Delta, sending you 2
2024-10-15 00:41:41.515519 November: Yankee and Juliett, sending you 2
2024-10-15 00:41:41.515979 Tango: Echo, Kilo and Delta, sending you 1
2024-10-15 00:41:41.516702 Yankee: Hotel and November, sending you 3
2024-10-15 00:41:41.517091 Echo: Tango, sending you 1
2024-10-15 00:41:41.518671 November: Hotel, sending you 3
2024-10-15 00:41:41.521659 Echo: Delta, sending you 5
chatterbot Yankee submitting transactions
chatterbot Juliett submitting transactions
chatterbot Whiskey submitting transactions
chatterbot X-ray submitting transactions
chatterbot Echo submitting transactions
chatterbot Delta submitting transactions
chatterbot Kilo submitting transactions
chatterbot November submitting transactions
chatterbot Hotel submitting transactions
chatterbot Tango submitting transactions
ChatterBot Yankee round 12
ChatterBot Juliett round 12
ChatterBot X-ray round 12
ChatterBot Whiskey round 12
ChatterBot Hotel round 12
ChatterBot Tango round 12
ChatterBot Echo round 12
ChatterBot November round 12
ChatterBot Kilo round 12
ChatterBot Delta round 12
2024-10-15 00:41:42.768032 Whiskey: X-ray, sending you 3
2024-10-15 00:41:42.769659 Echo: X-ray, Whiskey and Kilo, sending you 2
2024-10-15 00:41:42.770367 Tango: X-ray, sending you 3
2024-10-15 00:41:42.771672 Whiskey: Tango, Echo and Delta, sending you 2
2024-10-15 00:41:42.773662 Juliett: Yankee and Hotel, sending you 3
2024-10-15 00:41:42.774103 Echo: Tango, sending you 1
2024-10-15 00:41:42.774825 Hotel: Same as last round
2024-10-15 00:41:42.775778 Whiskey: Kilo, sending you 1
2024-10-15 00:41:42.776460 Tango: Whiskey, sending you 2
2024-10-15 00:41:42.777153 X-ray: Whiskey, Tango, Echo and Delta, sending you 2
2024-10-15 00:41:42.777955 Yankee: Juliett, sending you 4
2024-10-15 00:41:42.778382 Juliett: November, sending you 2
2024-10-15 00:41:42.779675 Echo: Delta, sending you 5
2024-10-15 00:41:42.780464 Tango: Echo, Kilo and Delta, sending you 1
2024-10-15 00:41:42.782132 Kilo: X-ray, Whiskey and Tango, sending you 1
2024-10-15 00:41:42.782792 Delta: X-ray, Whiskey, Tango and Kilo, sending you 2
2024-10-15 00:41:42.783452 Yankee: Hotel and November, sending you 3
2024-10-15 00:41:42.786689 November: Yankee and Juliett, sending you 2
2024-10-15 00:41:42.787699 Kilo: Echo and Delta, sending you 2
2024-10-15 00:41:42.788951 Delta: Echo, sending you 3
2024-10-15 00:41:42.789755 November: Hotel, sending you 3
chatterbot Yankee submitting transactions
chatterbot Delta submitting transactions
chatterbot Echo submitting transactions
chatterbot November submitting transactions
chatterbot Kilo submitting transactions
chatterbot X-ray submitting transactions
chatterbot Juliett submitting transactions
chatterbot Whiskey submitting transactions
chatterbot Hotel submitting transactions
chatterbot Tango submitting transactions
ChatterBot Yankee round 13
ChatterBot Juliett round 13
ChatterBot X-ray round 13
ChatterBot Whiskey round 13
ChatterBot Hotel round 13
ChatterBot Tango round 13
ChatterBot Echo round 13
ChatterBot November round 13
ChatterBot Kilo round 13
2024-10-15 00:41:43.953963 Hotel: We should add Kilo
ChatterBot November reevaluating
2024-10-15 00:41:43.961954 Yankee: No
2024-10-15 00:41:43.962129 Juliett: No
2024-10-15 00:41:43.962274 November: Yes
ChatterBot Hotel reevaluating
ChatterBot November reevaluating
ChatterBot Hotel reevaluating
ChatterBot November reevaluating
ChatterBot Hotel reevaluating
ChatterBot Delta round 13
2024-10-15 00:41:44.012945 Yankee: Juliett, sending you 4
2024-10-15 00:41:44.018052 Yankee: Hotel and November, sending you 3
2024-10-15 00:41:44.018488 X-ray: Whiskey, Tango, Echo and Delta, sending you 2
2024-10-15 00:41:44.019657 Echo: X-ray, Whiskey and Kilo, sending you 2
2024-10-15 00:41:44.020670 Tango: X-ray, Whiskey and Delta, sending you 2
2024-10-15 00:41:44.021473 November: Yankee and Juliett, sending you 2
2024-10-15 00:41:44.021826 Juliett: Yankee and Hotel, sending you 3
2024-10-15 00:41:44.023942 Whiskey: X-ray, sending you 3
2024-10-15 00:41:44.024889 Tango: Echo and Kilo, sending you 1
2024-10-15 00:41:44.025676 Echo: Tango, sending you 1
2024-10-15 00:41:44.026465 Juliett: November, sending you 2
2024-10-15 00:41:44.026910 Hotel: Same as last round
2024-10-15 00:41:44.027327 November: Hotel, sending you 3
2024-10-15 00:41:44.027764 Whiskey: Tango, Echo and Delta, sending you 2
2024-10-15 00:41:44.029673 Kilo: X-ray, Whiskey and Tango, sending you 1
2024-10-15 00:41:44.030486 Echo: Delta, sending you 5
2024-10-15 00:41:44.031270 Whiskey: Kilo, sending you 1
2024-10-15 00:41:44.033687 Delta: X-ray, Whiskey, Tango and Kilo, sending you 2
2024-10-15 00:41:44.034799 Kilo: Echo and Delta, sending you 2
2024-10-15 00:41:44.038679 Delta: Echo, sending you 3
chatterbot X-ray submitting transactions
chatterbot Yankee submitting transactions
chatterbot Juliett submitting transactions
chatterbot Delta submitting transactions
chatterbot Whiskey submitting transactions
chatterbot Hotel submitting transactions
chatterbot Tango submitting transactions
chatterbot Kilo submitting transactions
chatterbot Echo submitting transactions
chatterbot November submitting transactions
ChatterBot Yankee round 14
ChatterBot Juliett round 14
ChatterBot X-ray round 14
ChatterBot Whiskey round 14
ChatterBot Hotel round 14
ChatterBot Tango round 14
ChatterBot Echo round 14
ChatterBot November round 14
ChatterBot Kilo round 14
ChatterBot Delta round 14
2024-10-15 00:41:45.333695 Hotel: Same as last round
2024-10-15 00:41:45.339847 X-ray: Whiskey, Tango, Echo and Delta, sending you 2
2024-10-15 00:41:45.341240 Whiskey: X-ray, sending you 3
2024-10-15 00:41:45.343332 Yankee: Juliett, sending you 4
2024-10-15 00:41:45.344113 November: Yankee and Juliett, sending you 2
2024-10-15 00:41:45.345451 Juliett: Yankee and Hotel, sending you 3
2024-10-15 00:41:45.346683 Whiskey: Tango, Echo and Delta, sending you 2
2024-10-15 00:41:45.349026 Yankee: Hotel and November, sending you 3
2024-10-15 00:41:45.349872 November: Hotel, sending you 3
2024-10-15 00:41:45.351330 Juliett: November, sending you 2
2024-10-15 00:41:45.352128 Kilo: X-ray, Whiskey and Tango, sending you 1
2024-10-15 00:41:45.354305 Tango: X-ray, Whiskey and Delta, sending you 2
2024-10-15 00:41:45.356539 Whiskey: Kilo, sending you 1
2024-10-15 00:41:45.357965 Delta: X-ray, Whiskey, Tango and Kilo, sending you 2
2024-10-15 00:41:45.360057 Echo: X-ray, Whiskey and Kilo, sending you 2
2024-10-15 00:41:45.361257 Kilo: Echo and Delta, sending you 2
2024-10-15 00:41:45.363103 Tango: Echo and Kilo, sending you 1
2024-10-15 00:41:45.364303 Delta: Echo, sending you 3
2024-10-15 00:41:45.365392 Echo: Tango, sending you 1
2024-10-15 00:41:45.370663 Echo: Delta, sending you 5
chatterbot Hotel submitting transactions
chatterbot Delta submitting transactions
chatterbot Kilo submitting transactions
chatterbot Juliett submitting transactions
chatterbot November submitting transactions
chatterbot Whiskey submitting transactions
chatterbot Echo submitting transactions
chatterbot Tango submitting transactions
chatterbot X-ray submitting transactions
chatterbot Yankee submitting transactions
ChatterBot Yankee round 15
ChatterBot Juliett round 15
ChatterBot X-ray round 15
ChatterBot Whiskey round 15
ChatterBot Hotel round 15
ChatterBot Tango round 15
ChatterBot Echo round 15
ChatterBot November round 15
ChatterBot Kilo round 15
ChatterBot Delta round 15
2024-10-15 00:41:46.562660 Yankee: Juliett, sending you 4
2024-10-15 00:41:46.566683 Yankee: Hotel and November, sending you 3
2024-10-15 00:41:46.567645 November: Yankee and Juliett, sending you 2
2024-10-15 00:41:46.569164 Delta: X-ray, Whiskey, Tango and Kilo, sending you 2
2024-10-15 00:41:46.570709 Tango: X-ray, Whiskey and Delta, sending you 2
2024-10-15 00:41:46.571912 Echo: X-ray, Whiskey and Kilo, sending you 2
2024-10-15 00:41:46.572621 November: Hotel, sending you 3
2024-10-15 00:41:46.575666 Delta: Echo, sending you 3
2024-10-15 00:41:46.576543 Kilo: X-ray, Whiskey and Tango, sending you 1
2024-10-15 00:41:46.577313 Tango: Echo and Kilo, sending you 1
2024-10-15 00:41:46.578749 X-ray: Whiskey, Tango, Echo and Delta, sending you 2
2024-10-15 00:41:46.579511 Echo: Tango, sending you 1
2024-10-15 00:41:46.580107 Whiskey: X-ray and Tango, sending you 3
2024-10-15 00:41:46.581264 Hotel: Same as last round
2024-10-15 00:41:46.581720 Juliett: Yankee and Hotel, sending you 3
2024-10-15 00:41:46.582094 Kilo: Echo and Delta, sending you 2
2024-10-15 00:41:46.582776 Echo: Delta, sending you 5
2024-10-15 00:41:46.584690 Whiskey: Echo and Delta, sending you 2
2024-10-15 00:41:46.586994 Juliett: November, sending you 2
2024-10-15 00:41:46.591660 Whiskey: Kilo, sending you 1
chatterbot Hotel submitting transactions
chatterbot November submitting transactions
chatterbot Tango submitting transactions
chatterbot Juliett submitting transactions
chatterbot X-ray submitting transactions
chatterbot Whiskey submitting transactions
chatterbot Echo submitting transactions
chatterbot Yankee submitting transactions
chatterbot Delta submitting transactions
chatterbot Kilo submitting transactions
ChatterBot Yankee round 16
ChatterBot Juliett round 16
ChatterBot X-ray round 16
ChatterBot Whiskey round 16
ChatterBot Hotel round 16
ChatterBot Tango round 16
ChatterBot Echo round 16
ChatterBot November round 16
ChatterBot Kilo round 16
ChatterBot Delta round 16
2024-10-15 00:41:47.760686 Yankee: Juliett, sending you 4
2024-10-15 00:41:47.766671 Yankee: Hotel and November, sending you 3
2024-10-15 00:41:47.772679 Hotel: Same as last round
2024-10-15 00:41:47.775670 Whiskey: X-ray, sending you 3
2024-10-15 00:41:47.776695 Delta: X-ray, Whiskey, Tango and Kilo, sending you 2
2024-10-15 00:41:47.778089 November: Yankee and Juliett, sending you 2
2024-10-15 00:41:47.778817 Juliett: Yankee and Hotel, sending you 3
2024-10-15 00:41:47.779700 X-ray: Whiskey, Tango, Echo and Delta, sending you 2
2024-10-15 00:41:47.781199 Echo: X-ray, sending you 3
2024-10-15 00:41:47.782285 Delta: Echo, sending you 3
2024-10-15 00:41:47.783739 Whiskey: Tango, Echo and Delta, sending you 2
2024-10-15 00:41:47.784854 November: Hotel, sending you 3
2024-10-15 00:41:47.785509 Tango: X-ray, Whiskey and Delta, sending you 2
2024-10-15 00:41:47.787031 Juliett: November, sending you 2
2024-10-15 00:41:47.787651 Echo: Whiskey and Kilo, sending you 2
2024-10-15 00:41:47.788764 Kilo: X-ray, Whiskey and Tango, sending you 1
2024-10-15 00:41:47.790312 Whiskey: Kilo, sending you 1
2024-10-15 00:41:47.791676 Tango: Echo and Kilo, sending you 1
2024-10-15 00:41:47.793154 Echo: Tango, sending you 1
2024-10-15 00:41:47.794003 Kilo: Echo and Delta, sending you 2
2024-10-15 00:41:47.796673 Echo: Delta, sending you 4
chatterbot Tango submitting transactions
chatterbot Yankee submitting transactions
chatterbot Echo submitting transactions
chatterbot Whiskey submitting transactions
chatterbot Hotel submitting transactions
chatterbot Juliett submitting transactions
chatterbot Kilo submitting transactions
chatterbot Delta submitting transactions
chatterbot X-ray submitting transactions
chatterbot November submitting transactions
ChatterBot Yankee round 17
ChatterBot Juliett round 17
ChatterBot X-ray round 17
ChatterBot Whiskey round 17
ChatterBot Hotel round 17
ChatterBot Tango round 17
ChatterBot Echo round 17
ChatterBot November round 17
ChatterBot Kilo round 17
ChatterBot Delta round 17
