ChatterBot November round 1
ChatterBot Sierra round 1
ChatterBot Lima round 1
ChatterBot Juliett round 1
ChatterBot Charlie round 1
ChatterBot Delta round 1
ChatterBot Zulu round 1
ChatterBot Oscar round 1
ChatterBot X-ray round 1
ChatterBot Uniform round 1
randomSelections Charlie: {Charlie, Sierra, X-ray, Oscar, Zulu, Uniform, November} 
2024-10-15 00:41:28.764336 Charlie: We would work well together
ChatterBot Sierra reevaluating
ChatterBot X-ray reevaluating
ChatterBot Oscar reevaluating
ChatterBot Zulu reevaluating
ChatterBot Uniform reevaluating
ChatterBot November reevaluating
2024-10-15 00:41:28.784885 Sierra: Yes
2024-10-15 00:41:28.785158 X-ray: Yes
2024-10-15 00:41:28.786087 Oscar: Yes
2024-10-15 00:41:28.786257 Zulu: Yes
2024-10-15 00:41:28.786422 Uniform: Yes
2024-10-15 00:41:28.786539 November: Yes
ChatterBot X-ray reevaluating
ChatterBot Oscar reevaluating
ChatterBot Zulu reevaluating
ChatterBot Uniform reevaluating
ChatterBot November reevaluating
ChatterBot Sierra reevaluating
ChatterBot Oscar reevaluating
ChatterBot Zulu reevaluating
ChatterBot Uniform reevaluating
ChatterBot November reevaluating
ChatterBot Sierra reevaluating
ChatterBot X-ray reevaluating
ChatterBot Zulu reevaluating
ChatterBot Uniform reevaluating
ChatterBot November reevaluating
ChatterBot Sierra reevaluating
ChatterBot X-ray reevaluating
ChatterBot Oscar reevaluating
ChatterBot Uniform reevaluating
ChatterBot November reevaluating
ChatterBot Sierra reevaluating
ChatterBot X-ray reevaluating
ChatterBot Oscar reevaluating
ChatterBot Zulu reevaluating
ChatterBot November reevaluating
ChatterBot Sierra reevaluating
ChatterBot X-ray reevaluating
ChatterBot Oscar reevaluating
ChatterBot Zulu reevaluating
ChatterBot Uniform reevaluating
randomSelections Lima: {Lima, X-ray, Juliett, November, Sierra, Oscar, Uniform} 
2024-10-15 00:41:28.898029 Lima: We would work well together
ChatterBot X-ray reevaluating
ChatterBot Juliett reevaluating
ChatterBot November reevaluating
ChatterBot Sierra reevaluating
ChatterBot Oscar reevaluating
ChatterBot Uniform reevaluating
2024-10-15 00:41:28.913932 X-ray: No
2024-10-15 00:41:28.915368 Juliett: Yes
2024-10-15 00:41:28.915654 November: No
2024-10-15 00:41:28.916407 Sierra: No
2024-10-15 00:41:28.917899 Oscar: No
2024-10-15 00:41:28.918439 Uniform: No
ChatterBot Juliett reevaluating
ChatterBot November reevaluating
ChatterBot Sierra reevaluating
ChatterBot Oscar reevaluating
ChatterBot Uniform reevaluating
ChatterBot X-ray reevaluating
ChatterBot November reevaluating
ChatterBot Sierra reevaluating
ChatterBot Oscar reevaluating
ChatterBot Uniform reevaluating
ChatterBot X-ray reevaluating
ChatterBot Juliett reevaluating
ChatterBot Sierra reevaluating
ChatterBot Oscar reevaluating
ChatterBot Uniform reevaluating
ChatterBot X-ray reevaluating
ChatterBot Juliett reevaluating
ChatterBot November reevaluating
ChatterBot Oscar reevaluating
ChatterBot Uniform reevaluating
ChatterBot X-ray reevaluating
ChatterBot Juliett reevaluating
ChatterBot November reevaluating
ChatterBot Sierra reevaluating
ChatterBot Uniform reevaluating
ChatterBot X-ray reevaluating
ChatterBot Juliett reevaluating
ChatterBot November reevaluating
ChatterBot Sierra reevaluating
ChatterBot Oscar reevaluating
randomSelections Delta: {Delta, November, Lima, Charlie, Oscar, Juliett, Zulu} 
2024-10-15 00:41:29.017786 Delta: Friends?
ChatterBot November reevaluating
ChatterBot Oscar reevaluating
ChatterBot Juliett reevaluating
ChatterBot Zulu reevaluating
2024-10-15 00:41:29.029036 November: No
2024-10-15 00:41:29.029185 Lima: No
2024-10-15 00:41:29.029849 Charlie: No
2024-10-15 00:41:29.030090 Oscar: No
2024-10-15 00:41:29.030252 Juliett: No
2024-10-15 00:41:29.030415 Zulu: No
ChatterBot Oscar reevaluating
ChatterBot Juliett reevaluating
ChatterBot Zulu reevaluating
ChatterBot November reevaluating
ChatterBot Oscar reevaluating
ChatterBot Juliett reevaluating
ChatterBot Zulu reevaluating
ChatterBot November reevaluating
ChatterBot Oscar reevaluating
ChatterBot Juliett reevaluating
ChatterBot Zulu reevaluating
ChatterBot November reevaluating
ChatterBot Juliett reevaluating
ChatterBot Zulu reevaluating
ChatterBot November reevaluating
ChatterBot Oscar reevaluating
ChatterBot Zulu reevaluating
ChatterBot November reevaluating
ChatterBot Oscar reevaluating
ChatterBot Juliett reevaluating
2024-10-15 00:41:29.112667 Charlie: November, Sierra and Zulu, sending you 1
2024-10-15 00:41:29.113016 Lima: November, Sierra, Oscar, X-ray and Uniform, sending you 1
2024-10-15 00:41:29.115682 Delta: November, Zulu and Oscar, sending you 2
2024-10-15 00:41:29.116044 X-ray: November and Uniform, sending you 2
2024-10-15 00:41:29.116283 Lima: Juliett, sending you 2
2024-10-15 00:41:29.116710 Charlie: Oscar and Uniform, sending you 2
2024-10-15 00:41:29.118667 Oscar: November, sending you 3
2024-10-15 00:41:29.119692 Sierra: November, Zulu, X-ray and Uniform, sending you 3
2024-10-15 00:41:29.120064 Delta: Lima and Charlie, sending you 1
2024-10-15 00:41:29.120295 November: Sierra and Oscar, sending you 1
2024-10-15 00:41:29.120527 Charlie: X-ray, sending you 4
2024-10-15 00:41:29.120812 X-ray: Sierra, Zulu and Oscar, sending you 1
2024-10-15 00:41:29.121686 Uniform: November and Charlie, sending you 2
2024-10-15 00:41:29.121982 Zulu: Sierra, Charlie and X-ray, sending you 1
2024-10-15 00:41:29.122710 Oscar: Zulu, sending you 1
2024-10-15 00:41:29.123061 November: Charlie, Zulu and Uniform, sending you 2
2024-10-15 00:41:29.124681 Sierra: Charlie, sending you 2
2024-10-15 00:41:29.125192 X-ray: Charlie, sending you 3
2024-10-15 00:41:29.125698 Uniform: Zulu, sending you 1
2024-10-15 00:41:29.126720 Oscar: Uniform, sending you 2
2024-10-15 00:41:29.129661 Uniform: Oscar and X-ray, sending you 3
chatterbot Lima submitting transactions
chatterbot Zulu submitting transactions
chatterbot Sierra submitting transactions
chatterbot Uniform submitting transactions
chatterbot Juliett submitting transactions
chatterbot Charlie submitting transactions
chatterbot Oscar submitting transactions
chatterbot X-ray submitting transactions
chatterbot Delta submitting transactions
chatterbot November submitting transactions
ChatterBot November round 2
ChatterBot Sierra round 2
ChatterBot Lima round 2
ChatterBot Juliett round 2
ChatterBot Charlie round 2
ChatterBot Delta round 2
ChatterBot Zulu round 2
2024-10-15 00:41:30.197217 Lima: We would work well together
ChatterBot Delta reevaluating
2024-10-15 00:41:30.203567 Delta: Yes
2024-10-15 00:41:30.209040 Delta: Let's form a team
2024-10-15 00:41:30.214601 Lima: Yes
ChatterBot Delta reevaluating
ChatterBot Oscar round 2
ChatterBot X-ray round 2
ChatterBot Uniform round 2
2024-10-15 00:41:30.233503 Juliett: Friends?
2024-10-15 00:41:30.238631 Lima: No
2024-10-15 00:41:30.269407 X-ray: Friends?
2024-10-15 00:41:30.287226 Sierra: Yes
2024-10-15 00:41:30.287805 Charlie: Yes
2024-10-15 00:41:30.287928 Zulu: Yes
2024-10-15 00:41:30.713868 November: Sierra, sending you 3
2024-10-15 00:41:30.714980 Sierra: November, Charlie, Zulu and X-ray, sending you 3
2024-10-15 00:41:30.715442 Lima: Sending you 6
chatterbot Lima submitting transactions
2024-10-15 00:41:30.887984 November: Charlie, sending you 1
2024-10-15 00:41:30.888488 Oscar: November and X-ray, sending you 2
2024-10-15 00:41:30.889276 Charlie: November, Sierra and Uniform, sending you 2
2024-10-15 00:41:30.889698 Sierra: Oscar and Uniform, sending you 2
2024-10-15 00:41:30.890717 Delta: Sending you 8
2024-10-15 00:41:30.891064 Zulu: November and Sierra, sending you 2
2024-10-15 00:41:30.891495 X-ray: Sierra and Zulu, sending you 2
chatterbot Juliett submitting transactions
2024-10-15 00:41:30.892566 November: Oscar, sending you 4
2024-10-15 00:41:31.003655 Oscar: Sierra, sending you 1
2024-10-15 00:41:31.004506 Charlie: Zulu, sending you 1
2024-10-15 00:41:31.004778 Zulu: Charlie, Oscar, X-ray and Uniform, sending you 1
2024-10-15 00:41:31.005078 Uniform: November, Sierra, Charlie, Oscar and X-ray, sending you 2
2024-10-15 00:41:31.005361 X-ray: Charlie, sending you 3
2024-10-15 00:41:31.006065 November: X-ray and Uniform, sending you 2
2024-10-15 00:41:31.049118 Oscar: Charlie, sending you 3
2024-10-15 00:41:31.049497 Charlie: X-ray, sending you 4
2024-10-15 00:41:31.050314 Uniform: Zulu, sending you 1
chatterbot Sierra submitting transactions
2024-10-15 00:41:31.084501 Oscar: Uniform, sending you 4
chatterbot November submitting transactions
chatterbot X-ray submitting transactions
chatterbot Zulu submitting transactions
chatterbot Charlie submitting transactions
chatterbot Delta submitting transactions
chatterbot Uniform submitting transactions
chatterbot Oscar submitting transactions
ChatterBot November round 3
ChatterBot Sierra round 3
ChatterBot Lima round 3
ChatterBot Juliett round 3
ChatterBot Charlie round 3
ChatterBot Delta round 3
ChatterBot Zulu round 3
ChatterBot Oscar round 3
ChatterBot X-ray round 3
ChatterBot Uniform round 3
2024-10-15 00:41:31.792489 Lima: We should add Juliett
ChatterBot Delta reevaluating
2024-10-15 00:41:31.799964 Delta: No
ChatterBot Lima reevaluating
2024-10-15 00:41:31.834665 Juliett: Sending you 3
2024-10-15 00:41:31.839794 Delta: Lima, sending you 6
2024-10-15 00:41:31.843689 Delta: Juliett, sending you 2
2024-10-15 00:41:31.847699 Oscar: November and Uniform, sending you 3
2024-10-15 00:41:31.849039 Charlie: November and Zulu, sending you 1
2024-10-15 00:41:31.850288 X-ray: November, Sierra, Charlie and Uniform, sending you 2
2024-10-15 00:41:31.850741 Uniform: November, Sierra and Charlie, sending you 2
2024-10-15 00:41:31.851357 Zulu: November, Charlie, Oscar and Uniform, sending you 1
2024-10-15 00:41:31.852497 Lima: Sending you 7
2024-10-15 00:41:31.852993 November: Sierra and Oscar, sending you 3
2024-10-15 00:41:31.854138 Sierra: November, Charlie, Zulu, X-ray and Uniform, sending you 3
2024-10-15 00:41:31.855325 Oscar: Sierra and Charlie, sending you 2
2024-10-15 00:41:31.856061 Charlie: Sierra, Oscar and Uniform, sending you 2
2024-10-15 00:41:31.857406 X-ray: Oscar, sending you 1
2024-10-15 00:41:31.857760 Uniform: Zulu and X-ray, sending you 1
2024-10-15 00:41:31.859058 Zulu: Sierra, sending you 3
2024-10-15 00:41:31.859882 November: Charlie and Uniform, sending you 2
2024-10-15 00:41:31.861227 Sierra: Oscar, sending you 1
2024-10-15 00:41:31.862479 Oscar: Zulu and X-ray, sending you 1
2024-10-15 00:41:31.863501 Charlie: X-ray, sending you 3
2024-10-15 00:41:31.864905 Uniform: Oscar, sending you 3
2024-10-15 00:41:31.866227 Zulu: X-ray, sending you 2
2024-10-15 00:41:31.867202 November: Zulu and X-ray, sending you 1
chatterbot Uniform submitting transactions
chatterbot Zulu submitting transactions
chatterbot Lima submitting transactions
chatterbot November submitting transactions
chatterbot Oscar submitting transactions
chatterbot X-ray submitting transactions
chatterbot Delta submitting transactions
chatterbot Juliett submitting transactions
chatterbot Charlie submitting transactions
chatterbot Sierra submitting transactions
ChatterBot November round 4
ChatterBot Sierra round 4
ChatterBot Lima round 4
ChatterBot Juliett round 4
ChatterBot Charlie round 4
ChatterBot Delta round 4
ChatterBot Zulu round 4
ChatterBot Oscar round 4
ChatterBot X-ray round 4
2024-10-15 00:41:33.073568 Lima: We should add Juliett
2024-10-15 00:41:33.077122 Delta: Yes
ChatterBot Uniform round 4
2024-10-15 00:41:33.088265 Juliett: We should replace Lima with Delta
2024-10-15 00:41:33.111825 Lima: Juliett we want you to join our group
2024-10-15 00:41:33.115512 Juliett: No
2024-10-15 00:41:33.126137 Juliett: Delta we want you to join our group
2024-10-15 00:41:33.129973 Delta: Yes
2024-10-15 00:41:33.182181 Lima: Juliett, sending you 2
2024-10-15 00:41:33.182601 Oscar: November and Uniform, sending you 3
2024-10-15 00:41:33.183143 Uniform: November, Sierra, Charlie, Oscar and X-ray, sending you 2
2024-10-15 00:41:33.184037 Sierra: November, Charlie, Zulu, X-ray and Uniform, sending you 3
2024-10-15 00:41:33.184483 November: Sierra and Oscar, sending you 3
2024-10-15 00:41:33.185450 Zulu: November, Oscar, X-ray and Uniform, sending you 1
2024-10-15 00:41:33.185844 Delta: Lima, sending you 6
2024-10-15 00:41:33.186089 Charlie: November, Sierra, Oscar and Uniform, sending you 2
2024-10-15 00:41:33.186933 X-ray: November, Sierra, Charlie and Uniform, sending you 2
2024-10-15 00:41:33.187248 Lima: Delta, sending you 5
2024-10-15 00:41:33.211076 Oscar: Sierra and Charlie, sending you 2
2024-10-15 00:41:33.211671 Uniform: Zulu, sending you 1
2024-10-15 00:41:33.212691 Sierra: Oscar, sending you 1
2024-10-15 00:41:33.213101 November: Charlie, X-ray and Uniform, sending you 2
2024-10-15 00:41:33.213499 Zulu: Sierra, sending you 3
2024-10-15 00:41:33.214428 Delta: Juliett, sending you 2
2024-10-15 00:41:33.214698 Charlie: X-ray, sending you 3
2024-10-15 00:41:33.215133 X-ray: Oscar, sending you 1
2024-10-15 00:41:33.216019 Juliett: Sending you 5
2024-10-15 00:41:33.216336 Oscar: Zulu and X-ray, sending you 1
2024-10-15 00:41:33.223877 Zulu: Charlie, sending you 2
chatterbot Zulu submitting transactions
chatterbot Lima submitting transactions
chatterbot Charlie submitting transactions
chatterbot November submitting transactions
chatterbot Juliett submitting transactions
chatterbot X-ray submitting transactions
chatterbot Sierra submitting transactions
chatterbot Oscar submitting transactions
chatterbot Uniform submitting transactions
chatterbot Delta submitting transactions
ChatterBot November round 5
ChatterBot Sierra round 5
ChatterBot Lima round 5
ChatterBot Juliett round 5
ChatterBot Charlie round 5
ChatterBot Delta round 5
ChatterBot Zulu round 5
ChatterBot Oscar round 5
ChatterBot X-ray round 5
ChatterBot Uniform round 5
2024-10-15 00:41:34.252481 Juliett: We should add Lima
2024-10-15 00:41:34.255085 Delta: Yes
2024-10-15 00:41:34.265696 X-ray: We should replace Uniform with Zulu
ChatterBot Charlie reevaluating
2024-10-15 00:41:34.275018 November: No
2024-10-15 00:41:34.275182 Sierra: No
2024-10-15 00:41:34.275291 Charlie: No
2024-10-15 00:41:34.275395 Oscar: No
ChatterBot X-ray reevaluating
ChatterBot Charlie reevaluating
ChatterBot X-ray reevaluating
ChatterBot Charlie reevaluating
ChatterBot X-ray reevaluating
ChatterBot X-ray reevaluating
ChatterBot Charlie reevaluating
2024-10-15 00:41:34.312649 Juliett: Lima we want you to join our group
2024-10-15 00:41:34.314357 Lima: Yes
2024-10-15 00:41:34.318696 Charlie: We should drop Zulu
ChatterBot X-ray reevaluating
2024-10-15 00:41:34.328646 X-ray: Yes
2024-10-15 00:41:34.328800 November: No
2024-10-15 00:41:34.328929 Sierra: No
2024-10-15 00:41:34.329069 Oscar: No
2024-10-15 00:41:34.329170 Uniform: No
ChatterBot November reevaluating
ChatterBot Charlie reevaluating
ChatterBot X-ray reevaluating
ChatterBot Charlie reevaluating
ChatterBot X-ray reevaluating
ChatterBot November reevaluating
ChatterBot Charlie reevaluating
ChatterBot X-ray reevaluating
ChatterBot November reevaluating
ChatterBot Charlie reevaluating
ChatterBot X-ray reevaluating
ChatterBot November reevaluating
ChatterBot Charlie reevaluating
2024-10-15 00:41:34.386495 Lima: Juliett, sending you 2
2024-10-15 00:41:34.386765 Sierra: November, Charlie, Zulu, X-ray and Uniform, sending you 3
2024-10-15 00:41:34.388902 Delta: Lima, sending you 5
2024-10-15 00:41:34.390725 Lima: Delta, sending you 5
2024-10-15 00:41:34.391699 Sierra: Oscar, sending you 1
2024-10-15 00:41:34.392802 Oscar: November and Uniform, sending you 3
2024-10-15 00:41:34.394050 Zulu: November, Charlie, Oscar, X-ray and Uniform, sending you 1
2024-10-15 00:41:34.394931 Uniform: November, Sierra, Charlie, Oscar and X-ray, sending you 2
2024-10-15 00:41:34.395570 Delta: Juliett, sending you 3
2024-10-15 00:41:34.396585 X-ray: Zulu we want you to join our group
2024-10-15 00:41:34.399834 Zulu: Yes
ChatterBot X-ray reevaluating
ChatterBot November reevaluating
2024-10-15 00:41:34.414208 Oscar: Sierra, Charlie and X-ray, sending you 2
2024-10-15 00:41:34.415218 Uniform: Zulu, sending you 1
2024-10-15 00:41:34.415729 Juliett: Sending you each 4
2024-10-15 00:41:34.416023 Zulu: Sierra, sending you 4
2024-10-15 00:41:34.422629 November: We should drop X-ray
2024-10-15 00:41:34.435556 Sierra: Yes
2024-10-15 00:41:34.435736 Charlie: Yes
2024-10-15 00:41:34.435872 Zulu: Yes
2024-10-15 00:41:34.436005 Oscar: Yes
2024-10-15 00:41:34.436162 Uniform: Yes
ChatterBot November reevaluating
ChatterBot November reevaluating
ChatterBot November reevaluating
ChatterBot Oscar reevaluating
ChatterBot November reevaluating
ChatterBot Sierra reevaluating
ChatterBot Uniform reevaluating
ChatterBot November reevaluating
ChatterBot Sierra reevaluating
ChatterBot Oscar reevaluating
2024-10-15 00:41:34.499665 Charlie: November, Sierra, Oscar, X-ray and Uniform, sending you 2
2024-10-15 00:41:34.504809 Charlie: Zulu, sending you 1
2024-10-15 00:41:34.513781 X-ray: November, Sierra, Charlie and Zulu, sending you 2
2024-10-15 00:41:34.515766 Sierra: Sorry, I'm actually sending you 0
2024-10-15 00:41:34.516900 X-ray: Oscar, sending you 1
2024-10-15 00:41:34.520168 Uniform: Sorry, I'm actually sending you 0
2024-10-15 00:41:34.520463 Sierra: November, sending you 4
2024-10-15 00:41:34.522930 Uniform: November, Sierra, Charlie and Zulu, sending you 2
2024-10-15 00:41:34.523738 Oscar: Sorry, I'm actually sending you 0
2024-10-15 00:41:34.524023 Sierra: Charlie, Zulu, Oscar and Uniform, sending you 3
2024-10-15 00:41:34.527668 Uniform: Oscar, sending you 3
2024-10-15 00:41:34.529669 Oscar: Sierra, Charlie and Zulu, sending you 2
chatterbot Juliett submitting transactions
chatterbot November submitting transactions
chatterbot X-ray submitting transactions
chatterbot Zulu submitting transactions
chatterbot Uniform submitting transactions
chatterbot Lima submitting transactions
chatterbot Delta submitting transactions
chatterbot Charlie submitting transactions
chatterbot Sierra submitting transactions
chatterbot Oscar submitting transactions
ChatterBot November round 6
ChatterBot Sierra round 6
ChatterBot Lima round 6
ChatterBot Juliett round 6
ChatterBot Charlie round 6
ChatterBot Delta round 6
ChatterBot Zulu round 6
ChatterBot Oscar round 6
ChatterBot X-ray round 6
ChatterBot Uniform round 6
2024-10-15 00:41:35.553083 X-ray: We should replace November with Uniform
2024-10-15 00:41:35.561998 Sierra: No
2024-10-15 00:41:35.562147 Charlie: No
2024-10-15 00:41:35.562265 Zulu: No
2024-10-15 00:41:35.562375 Oscar: No
ChatterBot X-ray reevaluating
ChatterBot X-ray reevaluating
ChatterBot X-ray reevaluating
ChatterBot X-ray reevaluating
2024-10-15 00:41:35.597351 November: We should drop X-ray
ChatterBot Charlie reevaluating
2024-10-15 00:41:35.607276 Sierra: Yes
2024-10-15 00:41:35.607414 Charlie: Yes
2024-10-15 00:41:35.607517 Zulu: Yes
2024-10-15 00:41:35.607617 Oscar: Yes
2024-10-15 00:41:35.607759 Uniform: Yes
ChatterBot November reevaluating
ChatterBot Charlie reevaluating
ChatterBot November reevaluating
ChatterBot November reevaluating
ChatterBot Charlie reevaluating
ChatterBot November reevaluating
ChatterBot Charlie reevaluating
ChatterBot November reevaluating
ChatterBot Charlie reevaluating
2024-10-15 00:41:35.824406 X-ray: We should replace Charlie with Uniform
ChatterBot November reevaluating
2024-10-15 00:41:35.839249 November: No
2024-10-15 00:41:35.839479 Sierra: No
2024-10-15 00:41:35.839659 Zulu: No
2024-10-15 00:41:35.840045 Oscar: No
ChatterBot X-ray reevaluating
ChatterBot X-ray reevaluating
ChatterBot November reevaluating
ChatterBot X-ray reevaluating
ChatterBot November reevaluating
ChatterBot X-ray reevaluating
ChatterBot November reevaluating
2024-10-15 00:41:35.891468 Sierra: November, sending you 4
2024-10-15 00:41:35.895044 Sierra: Charlie, Zulu, Oscar and Uniform, sending you 3
2024-10-15 00:41:35.895823 Delta: Lima, sending you 5
2024-10-15 00:41:35.896532 Lima: Juliett, sending you 2
2024-10-15 00:41:35.897904 Juliett: Same as last round
2024-10-15 00:41:35.898676 Zulu: November, Charlie, Oscar and X-ray, sending you 1
2024-10-15 00:41:35.900421 Oscar: November and Uniform, sending you 3
2024-10-15 00:41:35.901326 Delta: Juliett, sending you 3
2024-10-15 00:41:35.901794 X-ray: Uniform we want you to join our group
2024-10-15 00:41:35.905383 Uniform: No
ChatterBot X-ray reevaluating
ChatterBot November reevaluating
2024-10-15 00:41:35.919212 Lima: Delta, sending you 5
2024-10-15 00:41:35.919659 Zulu: Sierra, sending you 3
2024-10-15 00:41:35.921062 Oscar: Sierra, Charlie and Zulu, sending you 2
2024-10-15 00:41:35.925186 Charlie: November, Oscar and Uniform, sending you 2
2024-10-15 00:41:35.926156 Uniform: November, Sierra, Charlie and Zulu, sending you 2
2024-10-15 00:41:35.927611 Zulu: Uniform, sending you 2
2024-10-15 00:41:35.928729 Charlie: Sierra, sending you 4
2024-10-15 00:41:35.929923 Uniform: Oscar, sending you 3
2024-10-15 00:41:35.933731 Charlie: Zulu, sending you 1
2024-10-15 00:41:35.953001 X-ray: Sierra, Zulu and Uniform, sending you 2
2024-10-15 00:41:35.957685 X-ray: Charlie, sending you 3
2024-10-15 00:41:35.963065 X-ray: Oscar, sending you 1
chatterbot Lima submitting transactions
chatterbot Uniform submitting transactions
chatterbot Zulu submitting transactions
chatterbot Delta submitting transactions
chatterbot November submitting transactions
chatterbot Juliett submitting transactions
chatterbot X-ray submitting transactions
chatterbot Oscar submitting transactions
chatterbot Sierra submitting transactions
chatterbot Charlie submitting transactions
ChatterBot November round 7
ChatterBot Sierra round 7
ChatterBot Lima round 7
ChatterBot Juliett round 7
ChatterBot Charlie round 7
ChatterBot Delta round 7
ChatterBot Zulu round 7
ChatterBot Oscar round 7
ChatterBot X-ray round 7
ChatterBot Uniform round 7
2024-10-15 00:41:36.791949 November: We should drop X-ray
2024-10-15 00:41:36.811169 Sierra: Yes
2024-10-15 00:41:36.811403 Charlie: Yes
2024-10-15 00:41:36.811602 Zulu: Yes
2024-10-15 00:41:36.811789 Oscar: Yes
2024-10-15 00:41:36.812546 Uniform: Yes
ChatterBot November reevaluating
ChatterBot November reevaluating
ChatterBot November reevaluating
ChatterBot Charlie reevaluating
ChatterBot November reevaluating
ChatterBot Charlie reevaluating
ChatterBot November reevaluating
ChatterBot Charlie reevaluating
ChatterBot Zulu reevaluating
2024-10-15 00:41:36.908931 X-ray: We would work well together
ChatterBot Lima reevaluating
ChatterBot Delta reevaluating
2024-10-15 00:41:36.917476 Lima: Yes
2024-10-15 00:41:36.917655 Juliett: No
2024-10-15 00:41:36.917844 Delta: Yes
ChatterBot Delta reevaluating
ChatterBot Lima reevaluating
ChatterBot Delta reevaluating
ChatterBot Lima reevaluating
2024-10-15 00:41:36.952824 Juliett: Same as last round
2024-10-15 00:41:36.959689 Sierra: November, sending you 4
2024-10-15 00:41:36.961370 Zulu: November, Charlie, Oscar and X-ray, sending you 1
2024-10-15 00:41:36.962583 Uniform: November, Sierra, Charlie and Zulu, sending you 2
2024-10-15 00:41:36.963775 X-ray: Lima, sending you 3
2024-10-15 00:41:36.966016 Sierra: Charlie, Zulu, Oscar and Uniform, sending you 3
2024-10-15 00:41:36.966775 Zulu: Sierra, sending you 3
2024-10-15 00:41:36.969066 Uniform: Oscar, sending you 3
2024-10-15 00:41:36.969503 X-ray: Juliett and Delta, sending you 2
2024-10-15 00:41:36.969793 Oscar: November and Uniform, sending you 3
2024-10-15 00:41:36.971963 Zulu: Uniform, sending you 2
2024-10-15 00:41:36.973694 Oscar: Sierra, Charlie and Zulu, sending you 2
chatterbot X-ray submitting transactions
chatterbot Juliett submitting transactions
chatterbot Charlie submitting transactions
chatterbot Zulu submitting transactions
chatterbot Sierra submitting transactions
chatterbot Uniform submitting transactions
chatterbot November submitting transactions
chatterbot Delta submitting transactions
chatterbot Oscar submitting transactions
chatterbot Lima submitting transactions
ChatterBot November round 8
ChatterBot Sierra round 8
ChatterBot Lima round 8
ChatterBot Juliett round 8
ChatterBot Charlie round 8
ChatterBot Delta round 8
ChatterBot Zulu round 8
ChatterBot Oscar round 8
2024-10-15 00:41:38.151119 Lima: We should add X-ray
2024-10-15 00:41:38.158159 Delta: Yes
2024-10-15 00:41:38.158389 Juliett: Yes
ChatterBot Lima reevaluating
ChatterBot Juliett reevaluating
ChatterBot Lima reevaluating
ChatterBot X-ray round 8
ChatterBot Uniform round 8
2024-10-15 00:41:38.204132 November: We should drop X-ray
ChatterBot Charlie reevaluating
2024-10-15 00:41:38.218952 Sierra: Yes
2024-10-15 00:41:38.219168 Charlie: Yes
2024-10-15 00:41:38.219293 Zulu: Yes
2024-10-15 00:41:38.219402 Oscar: Yes
2024-10-15 00:41:38.219532 Uniform: Yes
ChatterBot November reevaluating
ChatterBot Charlie reevaluating
ChatterBot November reevaluating
ChatterBot November reevaluating
ChatterBot Charlie reevaluating
ChatterBot November reevaluating
ChatterBot Charlie reevaluating
ChatterBot November reevaluating
ChatterBot Charlie reevaluating
2024-10-15 00:41:38.286880 Delta: X-ray we want you to join our group
2024-10-15 00:41:38.289410 X-ray: Yes
ChatterBot Lima reevaluating
2024-10-15 00:41:38.296562 Juliett: X-ray we want you to join our group
2024-10-15 00:41:38.299135 X-ray: Yes
ChatterBot Lima reevaluating
ChatterBot Juliett reevaluating
2024-10-15 00:41:38.311675 Sierra: November, sending you 4
2024-10-15 00:41:38.313010 Lima: X-ray we want you to join our group
2024-10-15 00:41:38.316665 X-ray: Yes
ChatterBot Lima reevaluating
2024-10-15 00:41:38.328964 Sierra: Charlie, Zulu, Oscar and Uniform, sending you 3
2024-10-15 00:41:38.332686 Zulu: November and Charlie, sending you 1
2024-10-15 00:41:38.333685 Charlie: November, Oscar and Uniform, sending you 2
2024-10-15 00:41:38.334909 Delta: Lima, sending you 4
2024-10-15 00:41:38.335255 Oscar: November and Uniform, sending you 3
2024-10-15 00:41:38.335770 X-ray: Lima and Delta, sending you 3
2024-10-15 00:41:38.336082 Uniform: November, Sierra, Charlie and Zulu, sending you 2
2024-10-15 00:41:38.336527 Zulu: Sierra, sending you 3
2024-10-15 00:41:38.338254 Charlie: Sierra, sending you 4
2024-10-15 00:41:38.339011 Delta: Juliett, sending you 3
2024-10-15 00:41:38.339338 Oscar: Sierra, Charlie and Zulu, sending you 2
2024-10-15 00:41:38.340079 X-ray: Juliett, sending you 2
2024-10-15 00:41:38.341434 Uniform: Oscar, sending you 3
2024-10-15 00:41:38.341966 Zulu: Oscar and Uniform, sending you 2
2024-10-15 00:41:38.342505 Delta: X-ray, sending you 1
2024-10-15 00:41:38.342859 Charlie: Zulu, sending you 1
2024-10-15 00:41:38.351702 Juliett: Same as last round
2024-10-15 00:41:38.353663 Lima: Juliett, sending you 2
2024-10-15 00:41:38.358260 Lima: Delta, sending you 4
2024-10-15 00:41:38.361659 Lima: X-ray, sending you 1
chatterbot November submitting transactions
chatterbot X-ray submitting transactions
chatterbot Zulu submitting transactions
chatterbot Sierra submitting transactions
chatterbot Delta submitting transactions
chatterbot Uniform submitting transactions
chatterbot Oscar submitting transactions
chatterbot Charlie submitting transactions
chatterbot Lima submitting transactions
chatterbot Juliett submitting transactions
ChatterBot November round 9
ChatterBot Sierra round 9
ChatterBot Lima round 9
ChatterBot Juliett round 9
ChatterBot Charlie round 9
ChatterBot Delta round 9
ChatterBot Zulu round 9
ChatterBot Oscar round 9
ChatterBot X-ray round 9
ChatterBot Uniform round 9
2024-10-15 00:41:39.198011 Juliett: We should add X-ray
2024-10-15 00:41:39.201922 Delta: Yes
2024-10-15 00:41:39.202107 Lima: Yes
2024-10-15 00:41:39.223158 November: We should drop X-ray
2024-10-15 00:41:39.231755 Sierra: Yes
2024-10-15 00:41:39.232650 Charlie: Yes
2024-10-15 00:41:39.232807 Zulu: Yes
2024-10-15 00:41:39.232913 Oscar: Yes
2024-10-15 00:41:39.233017 Uniform: Yes
ChatterBot November reevaluating
ChatterBot November reevaluating
ChatterBot November reevaluating
ChatterBot November reevaluating
ChatterBot November reevaluating
2024-10-15 00:41:39.281315 Juliett: X-ray we want you to join our group
2024-10-15 00:41:39.283089 X-ray: Yes
2024-10-15 00:41:39.291672 Sierra: November, sending you 4
2024-10-15 00:41:39.295209 Sierra: Charlie, Zulu, Oscar and Uniform, sending you 3
2024-10-15 00:41:39.302694 Oscar: November and Uniform, sending you 3
2024-10-15 00:41:39.303725 Juliett: Lima and Delta, sending you 3
2024-10-15 00:41:39.304695 Charlie: November, Oscar and Uniform, sending you 2
2024-10-15 00:41:39.305875 Lima: Juliett and X-ray, sending you 2
2024-10-15 00:41:39.306708 X-ray: Lima and Delta, sending you 3
2024-10-15 00:41:39.307660 Delta: Lima and Juliett, sending you 3
2024-10-15 00:41:39.308031 Oscar: Sierra, Charlie and Zulu, sending you 2
2024-10-15 00:41:39.308599 Zulu: November and Charlie, sending you 1
2024-10-15 00:41:39.309628 Juliett: X-ray, sending you 2
2024-10-15 00:41:39.309971 Charlie: Sierra, sending you 4
2024-10-15 00:41:39.310463 Lima: Delta, sending you 3
2024-10-15 00:41:39.310831 Uniform: November, Sierra, Charlie and Zulu, sending you 2
2024-10-15 00:41:39.311308 Delta: X-ray, sending you 2
2024-10-15 00:41:39.311709 X-ray: Juliett, sending you 2
2024-10-15 00:41:39.312244 Zulu: Sierra, sending you 3
2024-10-15 00:41:39.313838 Charlie: Zulu, sending you 1
2024-10-15 00:41:39.314708 Uniform: Oscar, sending you 3
2024-10-15 00:41:39.318660 Zulu: Oscar and Uniform, sending you 2
chatterbot Charlie submitting transactions
chatterbot Zulu submitting transactions
chatterbot Oscar submitting transactions
chatterbot Uniform submitting transactions
chatterbot Lima submitting transactions
chatterbot November submitting transactions
chatterbot Sierra submitting transactions
chatterbot X-ray submitting transactions
chatterbot Juliett submitting transactions
chatterbot Delta submitting transactions
ChatterBot November round 10
ChatterBot Sierra round 10
ChatterBot Lima round 10
ChatterBot Juliett round 10
ChatterBot Charlie round 10
ChatterBot Delta round 10
ChatterBot Zulu round 10
ChatterBot Oscar round 10
ChatterBot X-ray round 10
ChatterBot Uniform round 10
2024-10-15 00:41:40.452407 November: We should drop X-ray
2024-10-15 00:41:40.466176 Sierra: Yes
2024-10-15 00:41:40.466367 Charlie: Yes
2024-10-15 00:41:40.466508 Zulu: Yes
2024-10-15 00:41:40.466637 Oscar: Yes
2024-10-15 00:41:40.466813 Uniform: Yes
ChatterBot November reevaluating
ChatterBot November reevaluating
ChatterBot November reevaluating
ChatterBot November reevaluating
ChatterBot November reevaluating
2024-10-15 00:41:40.535663 Juliett: Lima and Delta, sending you 3
2024-10-15 00:41:40.536307 Sierra: November, sending you 4
2024-10-15 00:41:40.541252 Juliett: X-ray, sending you 2
2024-10-15 00:41:40.541731 X-ray: Lima and Delta, sending you 3
2024-10-15 00:41:40.542204 Sierra: Charlie, Zulu, Oscar and Uniform, sending you 3
2024-10-15 00:41:40.543752 Uniform: November, Sierra, Charlie and Zulu, sending you 2
2024-10-15 00:41:40.545255 X-ray: Juliett, sending you 2
2024-10-15 00:41:40.546688 Charlie: November, Oscar and Uniform, sending you 2
2024-10-15 00:41:40.548686 Uniform: Oscar, sending you 3
2024-10-15 00:41:40.549667 Lima: Juliett and X-ray, sending you 2
2024-10-15 00:41:40.550700 Zulu: November and Charlie, sending you 1
2024-10-15 00:41:40.551697 Charlie: Sierra, sending you 4
2024-10-15 00:41:40.553760 Delta: Lima and Juliett, sending you 3
2024-10-15 00:41:40.554220 Lima: Delta, sending you 3
2024-10-15 00:41:40.554679 Oscar: November and Uniform, sending you 3
2024-10-15 00:41:40.555674 Zulu: Sierra, sending you 3
2024-10-15 00:41:40.556980 Charlie: Zulu, sending you 1
2024-10-15 00:41:40.557780 Delta: X-ray, sending you 2
2024-10-15 00:41:40.558203 Oscar: Sierra, Charlie and Zulu, sending you 2
2024-10-15 00:41:40.559693 Zulu: Oscar and Uniform, sending you 2
chatterbot Zulu submitting transactions
chatterbot Charlie submitting transactions
chatterbot Oscar submitting transactions
chatterbot Delta submitting transactions
chatterbot Lima submitting transactions
chatterbot Juliett submitting transactions
chatterbot November submitting transactions
chatterbot X-ray submitting transactions
chatterbot Uniform submitting transactions
chatterbot Sierra submitting transactions
ChatterBot November round 11
ChatterBot Sierra round 11
ChatterBot Lima round 11
ChatterBot Juliett round 11
ChatterBot Charlie round 11
ChatterBot Delta round 11
ChatterBot Zulu round 11
ChatterBot Oscar round 11
ChatterBot X-ray round 11
ChatterBot Uniform round 11
2024-10-15 00:41:41.676278 November: We should drop X-ray
2024-10-15 00:41:41.688322 Sierra: Yes
2024-10-15 00:41:41.688505 Charlie: Yes
2024-10-15 00:41:41.688647 Zulu: Yes
2024-10-15 00:41:41.688779 Oscar: Yes
2024-10-15 00:41:41.688907 Uniform: Yes
ChatterBot November reevaluating
ChatterBot November reevaluating
ChatterBot November reevaluating
ChatterBot November reevaluating
ChatterBot November reevaluating
2024-10-15 00:41:41.741678 Sierra: November, sending you 4
2024-10-15 00:41:41.742340 Juliett: Lima and Delta, sending you 3
2024-10-15 00:41:41.742742 Zulu: November and Charlie, sending you 1
2024-10-15 00:41:41.744073 Charlie: November, Oscar and Uniform, sending you 2
2024-10-15 00:41:41.745660 Juliett: X-ray, sending you 2
2024-10-15 00:41:41.746931 Sierra: Charlie, Zulu, Oscar and Uniform, sending you 3
2024-10-15 00:41:41.748876 Charlie: Sierra, sending you 4
2024-10-15 00:41:41.749900 Lima: Juliett and X-ray, sending you 2
2024-10-15 00:41:41.750391 Zulu: Sierra, sending you 3
2024-10-15 00:41:41.753678 Charlie: Zulu, sending you 1
2024-10-15 00:41:41.754667 Lima: Delta, sending you 3
2024-10-15 00:41:41.755006 Zulu: Oscar and Uniform, sending you 2
2024-10-15 00:41:41.756675 X-ray: Sending you each 3
2024-10-15 00:41:41.757651 Delta: Lima and Juliett, sending you 3
2024-10-15 00:41:41.758062 Oscar: November and Uniform, sending you 3
2024-10-15 00:41:41.760239 Uniform: November, Sierra, Charlie and Zulu, sending you 2
2024-10-15 00:41:41.762677 Delta: X-ray, sending you 2
2024-10-15 00:41:41.763416 Oscar: Sierra, Charlie and Zulu, sending you 2
2024-10-15 00:41:41.765049 Uniform: Oscar, sending you 3
chatterbot Sierra submitting transactions
chatterbot Juliett submitting transactions
chatterbot Delta submitting transactions
chatterbot Charlie submitting transactions
chatterbot Lima submitting transactions
chatterbot X-ray submitting transactions
chatterbot Oscar submitting transactions
chatterbot Zulu submitting transactions
chatterbot November submitting transactions
chatterbot Uniform submitting transactions
ChatterBot November round 12
ChatterBot Sierra round 12
ChatterBot Lima round 12
ChatterBot Juliett round 12
ChatterBot Charlie round 12
ChatterBot Delta round 12
ChatterBot Zulu round 12
ChatterBot Oscar round 12
ChatterBot X-ray round 12
ChatterBot Uniform round 12
2024-10-15 00:41:42.918318 November: We should drop X-ray
2024-10-15 00:41:42.929177 Sierra: Yes
2024-10-15 00:41:42.929413 Charlie: Yes
2024-10-15 00:41:42.929555 Zulu: Yes
2024-10-15 00:41:42.929696 Oscar: Yes
2024-10-15 00:41:42.929819 Uniform: Yes
ChatterBot November reevaluating
ChatterBot November reevaluating
ChatterBot November reevaluating
ChatterBot November reevaluating
ChatterBot November reevaluating
2024-10-15 00:41:43.003522 Charlie: November, Oscar and Uniform, sending you 2
2024-10-15 00:41:43.006732 Charlie: Sierra, sending you 4
2024-10-15 00:41:43.007663 Oscar: November and Uniform, sending you 3
2024-10-15 00:41:43.010770 Zulu: November and Charlie, sending you 1
2024-10-15 00:41:43.014045 Juliett: Lima and Delta, sending you 3
2024-10-15 00:41:43.014854 Delta: Lima and Juliett, sending you 3
2024-10-15 00:41:43.016507 Uniform: November, Sierra, Charlie and Zulu, sending you 2
2024-10-15 00:41:43.019388 Charlie: Zulu, sending you 1
2024-10-15 00:41:43.020773 Oscar: Sierra, Charlie and Zulu, sending you 2
2024-10-15 00:41:43.023033 Zulu: Sierra, sending you 3
2024-10-15 00:41:43.024221 Juliett: X-ray, sending you 2
2024-10-15 00:41:43.026887 Delta: X-ray, sending you 2
2024-10-15 00:41:43.027577 Uniform: Oscar, sending you 3
2024-10-15 00:41:43.030280 X-ray: Same as last round
2024-10-15 00:41:43.030901 Sierra: November, sending you 4
2024-10-15 00:41:43.032950 Lima: Juliett and X-ray, sending you 2
2024-10-15 00:41:43.033782 Zulu: Oscar and Uniform, sending you 2
2024-10-15 00:41:43.036729 Sierra: Charlie, Zulu, Oscar and Uniform, sending you 3
2024-10-15 00:41:43.038940 Lima: Delta, sending you 3
chatterbot Charlie submitting transactions
chatterbot Delta submitting transactions
chatterbot Sierra submitting transactions
chatterbot Lima submitting transactions
chatterbot November submitting transactions
chatterbot Uniform submitting transactions
chatterbot Oscar submitting transactions
chatterbot Zulu submitting transactions
chatterbot Juliett submitting transactions
chatterbot X-ray submitting transactions
ChatterBot November round 13
ChatterBot Sierra round 13
ChatterBot Lima round 13
ChatterBot Juliett round 13
ChatterBot Charlie round 13
ChatterBot Delta round 13
ChatterBot Zulu round 13
ChatterBot Oscar round 13
ChatterBot X-ray round 13
ChatterBot Uniform round 13
2024-10-15 00:41:44.178750 November: We should drop X-ray
2024-10-15 00:41:44.197865 Sierra: Yes
2024-10-15 00:41:44.198049 Charlie: Yes
2024-10-15 00:41:44.198194 Zulu: Yes
2024-10-15 00:41:44.198331 Oscar: Yes
2024-10-15 00:41:44.198460 Uniform: Yes
ChatterBot November reevaluating
ChatterBot November reevaluating
ChatterBot November reevaluating
ChatterBot November reevaluating
ChatterBot November reevaluating
2024-10-15 00:41:44.250693 Charlie: November, Oscar and Uniform, sending you 2
2024-10-15 00:41:44.255127 Charlie: Sierra, sending you 4
2024-10-15 00:41:44.256711 Lima: Juliett and X-ray, sending you 2
2024-10-15 00:41:44.257677 Oscar: November, Sierra and Uniform, sending you 3
2024-10-15 00:41:44.260678 Charlie: Zulu, sending you 1
2024-10-15 00:41:44.262079 Lima: Delta, sending you 3
2024-10-15 00:41:44.262584 Sierra: November, sending you 4
2024-10-15 00:41:44.263981 Oscar: Charlie, sending you 2
2024-10-15 00:41:44.264507 Zulu: November and Charlie, sending you 1
2024-10-15 00:41:44.265664 Uniform: November, Sierra, Charlie and Zulu, sending you 2
2024-10-15 00:41:44.267758 Oscar: Zulu, sending you 1
2024-10-15 00:41:44.269509 Sierra: Charlie, Zulu, Oscar and Uniform, sending you 3
2024-10-15 00:41:44.271198 Delta: Lima and Juliett, sending you 3
2024-10-15 00:41:44.271659 Zulu: Sierra, sending you 3
2024-10-15 00:41:44.273073 Juliett: Lima and Delta, sending you 3
2024-10-15 00:41:44.273463 Uniform: Oscar, sending you 3
2024-10-15 00:41:44.274658 Delta: X-ray, sending you 2
2024-10-15 00:41:44.275684 Zulu: Oscar and Uniform, sending you 2
2024-10-15 00:41:44.277690 Juliett: X-ray, sending you 2
2024-10-15 00:41:44.279688 X-ray: Lima, sending you 4
2024-10-15 00:41:44.283688 X-ray: Juliett and Delta, sending you 3
chatterbot Sierra submitting transactions
chatterbot Zulu submitting transactions
chatterbot Lima submitting transactions
chatterbot November submitting transactions
chatterbot X-ray submitting transactions
chatterbot Oscar submitting transactions
chatterbot Uniform submitting transactions
chatterbot Charlie submitting transactions
chatterbot Juliett submitting transactions
chatterbot Delta submitting transactions
ChatterBot November round 14
ChatterBot Sierra round 14
ChatterBot Lima round 14
ChatterBot Juliett round 14
ChatterBot Charlie round 14
ChatterBot Delta round 14
ChatterBot Zulu round 14
ChatterBot Oscar round 14
ChatterBot X-ray round 14
ChatterBot Uniform round 14
2024-10-15 00:41:45.414411 November: We should drop X-ray
2024-10-15 00:41:45.428194 Sierra: Yes
2024-10-15 00:41:45.428391 Charlie: Yes
2024-10-15 00:41:45.429139 Zulu: Yes
2024-10-15 00:41:45.429293 Oscar: Yes
2024-10-15 00:41:45.429431 Uniform: Yes
ChatterBot November reevaluating
ChatterBot November reevaluating
ChatterBot November reevaluating
ChatterBot November reevaluating
ChatterBot November reevaluating
2024-10-15 00:41:45.510775 Sierra: November, sending you 4
