ChatterBot Sierra round 1
ChatterBot Alpha round 1
ChatterBot Yankee round 1
ChatterBot Juliett round 1
ChatterBot Charlie round 1
ChatterBot Mike round 1
ChatterBot Kilo round 1
ChatterBot Hotel round 1
ChatterBot Zulu round 1
ChatterBot Lima round 1
randomSelections Alpha: {Alpha, Yankee, Kilo, Sierra, Zulu, Juliett} 
2024-10-14 13:54:04.962057 Alpha: We should group up
ChatterBot Yankee reevaluating
ChatterBot Kilo reevaluating
ChatterBot Sierra reevaluating
ChatterBot Zulu reevaluating
ChatterBot Juliett reevaluating
2024-10-14 13:54:04.978057 Yankee: Yes
2024-10-14 13:54:04.978223 Kilo: Yes
2024-10-14 13:54:04.978362 Sierra: Yes
2024-10-14 13:54:04.978487 Zulu: Yes
2024-10-14 13:54:04.978602 Juliett: Yes
ChatterBot Kilo reevaluating
ChatterBot Sierra reevaluating
ChatterBot Zulu reevaluating
ChatterBot Juliett reevaluating
ChatterBot Yankee reevaluating
ChatterBot Sierra reevaluating
ChatterBot Zulu reevaluating
ChatterBot Juliett reevaluating
ChatterBot Yankee reevaluating
ChatterBot Kilo reevaluating
ChatterBot Zulu reevaluating
ChatterBot Juliett reevaluating
ChatterBot Yankee reevaluating
ChatterBot Kilo reevaluating
ChatterBot Sierra reevaluating
ChatterBot Juliett reevaluating
ChatterBot Yankee reevaluating
ChatterBot Kilo reevaluating
ChatterBot Sierra reevaluating
ChatterBot Zulu reevaluating
randomSelections Mike: {Mike, Hotel, Alpha, Yankee, Lima, Charlie} 
2024-10-14 13:54:05.046226 Mike: We should group up
ChatterBot Hotel reevaluating
ChatterBot Yankee reevaluating
ChatterBot Lima reevaluating
ChatterBot Charlie reevaluating
2024-10-14 13:54:05.060476 Hotel: Yes
2024-10-14 13:54:05.060626 Alpha: No
2024-10-14 13:54:05.060782 Yankee: No
2024-10-14 13:54:05.060957 Lima: Yes
2024-10-14 13:54:05.061113 Charlie: Yes
ChatterBot Yankee reevaluating
ChatterBot Lima reevaluating
ChatterBot Charlie reevaluating
ChatterBot Hotel reevaluating
ChatterBot Yankee reevaluating
ChatterBot Lima reevaluating
ChatterBot Charlie reevaluating
ChatterBot Hotel reevaluating
ChatterBot Lima reevaluating
ChatterBot Charlie reevaluating
ChatterBot Hotel reevaluating
ChatterBot Yankee reevaluating
ChatterBot Charlie reevaluating
ChatterBot Hotel reevaluating
ChatterBot Yankee reevaluating
ChatterBot Lima reevaluating
2024-10-14 13:54:05.131696 Alpha: Sierra and Juliett, sending you 2
2024-10-14 13:54:05.134725 Alpha: Yankee, sending you 1
2024-10-14 13:54:05.135941 Sierra: Yankee, sending you 3
2024-10-14 13:54:05.136685 Juliett: Sierra and Zulu, sending you 1
2024-10-14 13:54:05.137697 Mike: Alpha and Hotel, sending you 4
2024-10-14 13:54:05.138139 Alpha: Kilo, sending you 3
2024-10-14 13:54:05.139101 Yankee: Sierra, sending you 1
2024-10-14 13:54:05.139534 Sierra: Juliett, sending you 1
2024-10-14 13:54:05.139891 Charlie: Alpha, sending you 5
2024-10-14 13:54:05.140879 Juliett: Alpha and Yankee, sending you 3
2024-10-14 13:54:05.141208 Mike: Yankee, sending you 3
2024-10-14 13:54:05.141689 Zulu: Sierra, Alpha and Kilo, sending you 3
2024-10-14 13:54:05.142534 Alpha: Zulu, sending you 5
2024-10-14 13:54:05.142820 Hotel: Alpha, sending you 4
2024-10-14 13:54:05.143893 Lima: Alpha and Yankee, sending you 4
2024-10-14 13:54:05.144695 Kilo: Sierra, sending you 2
2024-10-14 13:54:05.145026 Charlie: Yankee, sending you 1
2024-10-14 13:54:05.145759 Juliett: Kilo, sending you 2
2024-10-14 13:54:05.146019 Mike: Lima, sending you 1
2024-10-14 13:54:05.146707 Zulu: Yankee, sending you 5
2024-10-14 13:54:05.147465 Hotel: Yankee, sending you 5
2024-10-14 13:54:05.147774 Lima: Charlie and Hotel, sending you 2
2024-10-14 13:54:05.148033 Kilo: Alpha, sending you 3
2024-10-14 13:54:05.149026 Charlie: Mike, sending you 2
2024-10-14 13:54:05.149674 Zulu: Juliett, sending you 1
2024-10-14 13:54:05.150718 Hotel: Charlie and Mike, sending you 2
2024-10-14 13:54:05.151725 Lima: Mike, sending you 3
2024-10-14 13:54:05.152599 Kilo: Yankee, sending you 1
2024-10-14 13:54:05.152973 Charlie: Hotel, sending you 4
2024-10-14 13:54:05.154656 Hotel: Lima, sending you 3
2024-10-14 13:54:05.155763 Kilo: Juliett and Zulu, sending you 4
2024-10-14 13:54:05.157674 Charlie: Lima, sending you 3
chatterbot Juliett submitting transactions
chatterbot Alpha submitting transactions
chatterbot Mike submitting transactions
chatterbot Lima submitting transactions
chatterbot Hotel submitting transactions
chatterbot Sierra submitting transactions
chatterbot Yankee submitting transactions
chatterbot Charlie submitting transactions
chatterbot Kilo submitting transactions
chatterbot Zulu submitting transactions
ChatterBot Sierra round 2
ChatterBot Alpha round 2
ChatterBot Yankee round 2
ChatterBot Juliett round 2
ChatterBot Charlie round 2
ChatterBot Mike round 2
ChatterBot Kilo round 2
ChatterBot Hotel round 2
ChatterBot Zulu round 2
ChatterBot Lima round 2
2024-10-14 13:54:06.757323 Alpha: Group up?
ChatterBot Kilo reevaluating
ChatterBot Zulu reevaluating
ChatterBot Mike reevaluating
ChatterBot Hotel reevaluating
ChatterBot Lima reevaluating
2024-10-14 13:54:06.839860 Juliett: No
2024-10-14 13:54:06.840418 Kilo: No
2024-10-14 13:54:06.841143 Zulu: No
2024-10-14 13:54:06.841469 Charlie: No
2024-10-14 13:54:06.841768 Mike: No
2024-10-14 13:54:06.841954 Hotel: No
2024-10-14 13:54:06.842164 Lima: No
ChatterBot Kilo reevaluating
ChatterBot Zulu reevaluating
ChatterBot Mike reevaluating
ChatterBot Hotel reevaluating
ChatterBot Lima reevaluating
ChatterBot Zulu reevaluating
ChatterBot Mike reevaluating
ChatterBot Hotel reevaluating
ChatterBot Lima reevaluating
ChatterBot Kilo reevaluating
ChatterBot Mike reevaluating
ChatterBot Hotel reevaluating
ChatterBot Lima reevaluating
ChatterBot Kilo reevaluating
ChatterBot Zulu reevaluating
ChatterBot Mike reevaluating
ChatterBot Hotel reevaluating
ChatterBot Lima reevaluating
ChatterBot Kilo reevaluating
ChatterBot Zulu reevaluating
ChatterBot Hotel reevaluating
ChatterBot Lima reevaluating
ChatterBot Kilo reevaluating
ChatterBot Zulu reevaluating
ChatterBot Mike reevaluating
ChatterBot Lima reevaluating
ChatterBot Kilo reevaluating
ChatterBot Zulu reevaluating
ChatterBot Mike reevaluating
ChatterBot Hotel reevaluating
2024-10-14 13:54:07.159427 Yankee: Friends?
ChatterBot Mike reevaluating
ChatterBot Hotel reevaluating
ChatterBot Lima reevaluating
2024-10-14 13:54:07.183479 Charlie: Yes
2024-10-14 13:54:07.183678 Mike: Yes
2024-10-14 13:54:07.183826 Hotel: Yes
2024-10-14 13:54:07.183982 Lima: Yes
ChatterBot Mike reevaluating
ChatterBot Hotel reevaluating
ChatterBot Lima reevaluating
ChatterBot Hotel reevaluating
ChatterBot Lima reevaluating
ChatterBot Mike reevaluating
ChatterBot Lima reevaluating
ChatterBot Mike reevaluating
ChatterBot Hotel reevaluating
2024-10-14 13:54:07.320481 Charlie: We should drop Alpha
ChatterBot Mike reevaluating
ChatterBot Hotel reevaluating
ChatterBot Lima reevaluating
2024-10-14 13:54:07.337269 Yankee: Yes
2024-10-14 13:54:07.337463 Mike: Yes
2024-10-14 13:54:07.337662 Hotel: Yes
2024-10-14 13:54:07.337866 Lima: Yes
ChatterBot Mike reevaluating
ChatterBot Hotel reevaluating
ChatterBot Lima reevaluating
ChatterBot Hotel reevaluating
ChatterBot Lima reevaluating
ChatterBot Mike reevaluating
ChatterBot Lima reevaluating
ChatterBot Mike reevaluating
ChatterBot Hotel reevaluating
2024-10-14 13:54:07.402668 Juliett: We should drop Yankee
ChatterBot Kilo reevaluating
ChatterBot Zulu reevaluating
ChatterBot Sierra reevaluating
2024-10-14 13:54:07.417847 Alpha: Yes
2024-10-14 13:54:07.417985 Kilo: Yes
2024-10-14 13:54:07.418502 Zulu: Yes
2024-10-14 13:54:07.418609 Sierra: Yes
ChatterBot Kilo reevaluating
ChatterBot Zulu reevaluating
ChatterBot Sierra reevaluating
ChatterBot Zulu reevaluating
ChatterBot Sierra reevaluating
ChatterBot Kilo reevaluating
ChatterBot Sierra reevaluating
ChatterBot Kilo reevaluating
ChatterBot Zulu reevaluating
chatterbot Charlie submitting transactions
2024-10-14 13:54:08.180107 Yankee: Hotel, sending you 1
2024-10-14 13:54:08.180453 Charlie: Yankee and Mike, sending you 1
2024-10-14 13:54:08.180729 Alpha: Juliett, Charlie, Mike, Kilo, Hotel and Lima, sending you 2
chatterbot Juliett submitting transactions
2024-10-14 13:54:08.242494 Mike: Yankee, sending you 2
2024-10-14 13:54:08.243564 Alpha: Zulu, sending you 1
2024-10-14 13:54:08.244077 Charlie: Hotel and Lima, sending you 7
2024-10-14 13:54:08.276876 Mike: Charlie and Hotel, sending you 3
2024-10-14 13:54:08.277309 Lima: Yankee, sending you 1
2024-10-14 13:54:08.278098 Hotel: Yankee, sending you 2
2024-10-14 13:54:08.278423 Kilo: Sierra, sending you 2
2024-10-14 13:54:08.278766 Sierra: Alpha and Kilo, sending you 4
2024-10-14 13:54:08.279097 Zulu: Sierra, sending you 1
2024-10-14 13:54:08.279901 Mike: Lima, sending you 4
2024-10-14 13:54:08.295720 Lima: Charlie and Hotel, sending you 4
2024-10-14 13:54:08.296141 Hotel: Charlie and Mike, sending you 5
2024-10-14 13:54:08.296953 Kilo: Alpha, sending you 5
2024-10-14 13:54:08.297327 Zulu: Alpha, sending you 7
2024-10-14 13:54:08.297670 Sierra: Juliett, sending you 2
chatterbot Alpha submitting transactions
2024-10-14 13:54:08.307416 Lima: Mike, sending you 3
2024-10-14 13:54:08.307787 Hotel: Lima, sending you 4
2024-10-14 13:54:08.308652 Kilo: Juliett and Zulu, sending you 4
2024-10-14 13:54:08.309073 Zulu: Juliett, sending you 2
2024-10-14 13:54:08.309423 Sierra: Zulu, sending you 5
2024-10-14 13:54:08.314229 Zulu: Kilo, sending you 6
chatterbot Mike submitting transactions
chatterbot Kilo submitting transactions
chatterbot Yankee submitting transactions
chatterbot Sierra submitting transactions
chatterbot Zulu submitting transactions
chatterbot Lima submitting transactions
chatterbot Hotel submitting transactions
ChatterBot Sierra round 3
ChatterBot Alpha round 3
ChatterBot Yankee round 3
ChatterBot Juliett round 3
ChatterBot Charlie round 3
ChatterBot Mike round 3
ChatterBot Kilo round 3
ChatterBot Hotel round 3
ChatterBot Zulu round 3
ChatterBot Lima round 3
2024-10-14 13:54:09.392216 Lima: We should replace Yankee with Alpha
ChatterBot Charlie reevaluating
ChatterBot Hotel reevaluating
2024-10-14 13:54:09.403847 Charlie: Yes
2024-10-14 13:54:09.404013 Mike: No
2024-10-14 13:54:09.404141 Hotel: Yes
ChatterBot Lima reevaluating
ChatterBot Hotel reevaluating
ChatterBot Lima reevaluating
ChatterBot Charlie reevaluating
ChatterBot Hotel reevaluating
ChatterBot Lima reevaluating
ChatterBot Charlie reevaluating
2024-10-14 13:54:09.442482 Lima: We should replace Yankee with Kilo
ChatterBot Charlie reevaluating
ChatterBot Hotel reevaluating
2024-10-14 13:54:09.454558 Charlie: No
2024-10-14 13:54:09.454718 Mike: No
2024-10-14 13:54:09.454835 Hotel: No
ChatterBot Lima reevaluating
ChatterBot Hotel reevaluating
ChatterBot Lima reevaluating
ChatterBot Charlie reevaluating
ChatterBot Hotel reevaluating
ChatterBot Lima reevaluating
ChatterBot Charlie reevaluating
2024-10-14 13:54:09.676651 Alpha: Sierra, Juliett and Mike, sending you 2
2024-10-14 13:54:09.677759 Zulu: Sierra, sending you 4
2024-10-14 13:54:09.678131 Kilo: Sierra, Alpha and Zulu, sending you 4
2024-10-14 13:54:09.679497 Juliett: Sierra, Alpha and Zulu, sending you 2
2024-10-14 13:54:09.680044 Yankee: Hotel, sending you 1
2024-10-14 13:54:09.680973 Mike: Yankee, sending you 1
2024-10-14 13:54:09.681261 Sierra: Alpha and Juliett, sending you 3
2024-10-14 13:54:09.681654 Charlie: Alpha we want you to join our group
2024-10-14 13:54:09.685917 Alpha: No
ChatterBot Charlie reevaluating
ChatterBot Hotel reevaluating
ChatterBot Lima reevaluating
chatterbot Alpha submitting transactions
2024-10-14 13:54:09.704998 Zulu: Alpha, sending you 5
2024-10-14 13:54:09.705373 Alpha: Kilo, sending you 3
2024-10-14 13:54:09.706246 Kilo: Juliett, sending you 2
2024-10-14 13:54:09.706634 Juliett: Kilo, sending you 4
2024-10-14 13:54:09.706892 Mike: Charlie, sending you 3
2024-10-14 13:54:09.707162 Sierra: Kilo, sending you 5
2024-10-14 13:54:09.708095 Zulu: Juliett, sending you 1
2024-10-14 13:54:09.819126 Lima: Alpha we want you to join our group
ChatterBot Alpha reevaluating
2024-10-14 13:54:09.825335 Alpha: No
ChatterBot Charlie reevaluating
ChatterBot Hotel reevaluating
ChatterBot Lima reevaluating
2024-10-14 13:54:09.844672 Mike: Hotel and Lima, sending you 4
2024-10-14 13:54:09.845099 Sierra: Zulu, sending you 4
2024-10-14 13:54:09.845734 Zulu: Kilo, sending you 6
chatterbot Kilo submitting transactions
2024-10-14 13:54:10.013193 Hotel: Alpha we want you to join our group
ChatterBot Alpha reevaluating
2024-10-14 13:54:10.018697 Alpha: No
ChatterBot Charlie reevaluating
ChatterBot Hotel reevaluating
ChatterBot Lima reevaluating
2024-10-14 13:54:10.036769 Alpha: We should replace Charlie with Mike
2024-10-14 13:54:10.037362 Lima: We should replace Yankee with Sierra
ChatterBot Zulu reevaluating
ChatterBot Charlie reevaluating
ChatterBot Hotel reevaluating
2024-10-14 13:54:10.067118 Juliett: No
2024-10-14 13:54:10.067299 Kilo: No
2024-10-14 13:54:10.067452 Zulu: No
2024-10-14 13:54:10.067608 Sierra: No
2024-10-14 13:54:10.068300 Charlie: No
2024-10-14 13:54:10.068485 Mike: No
2024-10-14 13:54:10.068674 Hotel: No
ChatterBot Alpha reevaluating
ChatterBot Zulu reevaluating
ChatterBot Lima reevaluating
ChatterBot Hotel reevaluating
ChatterBot Alpha reevaluating
ChatterBot Zulu reevaluating
ChatterBot Lima reevaluating
ChatterBot Charlie reevaluating
ChatterBot Hotel reevaluating
ChatterBot Alpha reevaluating
ChatterBot Lima reevaluating
ChatterBot Charlie reevaluating
ChatterBot Alpha reevaluating
ChatterBot Zulu reevaluating
chatterbot Zulu submitting transactions
chatterbot Juliett submitting transactions
chatterbot Sierra submitting transactions
2024-10-14 13:54:10.200563 Alpha: Mike we want you to join our group
2024-10-14 13:54:10.205076 Mike: No
ChatterBot Alpha reevaluating
2024-10-14 13:54:10.224008 Lima: We should drop Yankee
ChatterBot Charlie reevaluating
ChatterBot Hotel reevaluating
2024-10-14 13:54:10.236742 Charlie: Yes
2024-10-14 13:54:10.236888 Mike: No
2024-10-14 13:54:10.237010 Hotel: Yes
ChatterBot Lima reevaluating
ChatterBot Mike reevaluating
ChatterBot Hotel reevaluating
ChatterBot Lima reevaluating
ChatterBot Charlie reevaluating
ChatterBot Hotel reevaluating
ChatterBot Lima reevaluating
ChatterBot Charlie reevaluating
ChatterBot Mike reevaluating
chatterbot Mike submitting transactions
2024-10-14 13:54:10.297678 Mike: Alpha we want you to join our group
ChatterBot Alpha reevaluating
2024-10-14 13:54:10.302485 Alpha: No
ChatterBot Charlie reevaluating
ChatterBot Lima reevaluating
chatterbot Yankee submitting transactions
2024-10-14 13:54:10.392907 Lima: Kilo we want you to join our group
2024-10-14 13:54:10.397403 Kilo: No
ChatterBot Lima reevaluating
ChatterBot Charlie reevaluating
2024-10-14 13:54:10.414504 Mike: Sorry, I'm actually sending you 0
2024-10-14 13:54:10.425140 Mike: Alpha and Charlie, sending you 2
2024-10-14 13:54:10.426352 Lima: Sierra we want you to join our group
2024-10-14 13:54:10.433013 Sierra: No
ChatterBot Lima reevaluating
ChatterBot Charlie reevaluating
ChatterBot Hotel reevaluating
2024-10-14 13:54:10.451867 Mike: Hotel, sending you 5
2024-10-14 13:54:10.458959 Mike: Lima, sending you 3
2024-10-14 13:54:10.459849 Hotel: Sierra we want you to join our group
2024-10-14 13:54:10.463652 Sierra: No
ChatterBot Lima reevaluating
ChatterBot Charlie reevaluating
ChatterBot Hotel reevaluating
2024-10-14 13:54:10.559976 Charlie: Alpha, sending you 2
2024-10-14 13:54:10.560799 Hotel: Sierra, sending you 3
2024-10-14 13:54:10.572554 Hotel: Charlie, sending you 5
2024-10-14 13:54:10.572865 Charlie: Mike, sending you 3
2024-10-14 13:54:10.582876 Hotel: Mike and Lima, sending you 4
2024-10-14 13:54:10.583436 Charlie: Hotel, sending you 6
2024-10-14 13:54:10.586682 Charlie: Lima, sending you 5
chatterbot Charlie submitting transactions
chatterbot Mike submitting transactions
chatterbot Lima submitting transactions
chatterbot Alpha submitting transactions
chatterbot Zulu submitting transactions
chatterbot Hotel submitting transactions
ChatterBot Sierra round 4
ChatterBot Alpha round 4
ChatterBot Yankee round 4
ChatterBot Juliett round 4
ChatterBot Charlie round 4
ChatterBot Mike round 4
ChatterBot Kilo round 4
ChatterBot Hotel round 4
ChatterBot Zulu round 4
ChatterBot Lima round 4
2024-10-14 13:54:11.558659 Hotel: We should replace Sierra with Alpha
2024-10-14 13:54:11.572253 Lima: No
2024-10-14 13:54:11.572829 Charlie: Yes
2024-10-14 13:54:11.572980 Mike: Yes
ChatterBot Lima reevaluating
ChatterBot Lima reevaluating
ChatterBot Hotel reevaluating
2024-10-14 13:54:11.611404 Lima: We should add Alpha
ChatterBot Hotel reevaluating
2024-10-14 13:54:11.624908 Charlie: Yes
2024-10-14 13:54:11.625056 Mike: Yes
2024-10-14 13:54:11.625256 Hotel: No
ChatterBot Lima reevaluating
ChatterBot Hotel reevaluating
ChatterBot Lima reevaluating
ChatterBot Hotel reevaluating
ChatterBot Lima reevaluating
2024-10-14 13:54:11.681763 Hotel: Alpha we want you to join our group
2024-10-14 13:54:11.687204 Alpha: No
ChatterBot Hotel reevaluating
ChatterBot Lima reevaluating
2024-10-14 13:54:11.708877 Zulu: Sierra, sending you 4
2024-10-14 13:54:11.709389 Alpha: Sierra, Juliett and Mike, sending you 2
2024-10-14 13:54:11.710260 Sierra: Alpha and Juliett, sending you 3
2024-10-14 13:54:11.710808 Charlie: Alpha, sending you 2
2024-10-14 13:54:11.711777 Kilo: Sierra, Alpha and Zulu, sending you 4
2024-10-14 13:54:11.712170 Yankee: Hotel, sending you 1
2024-10-14 13:54:11.712605 Juliett: Sierra and Zulu, sending you 2
2024-10-14 13:54:11.713677 Zulu: Alpha and Kilo, sending you 5
2024-10-14 13:54:11.714183 Lima: Alpha we want you to join our group
2024-10-14 13:54:11.718562 Alpha: No
ChatterBot Lima reevaluating
2024-10-14 13:54:11.738884 Sierra: Kilo, sending you 5
2024-10-14 13:54:11.739353 Alpha: Kilo, sending you 3
2024-10-14 13:54:11.739833 Kilo: Juliett, sending you 3
2024-10-14 13:54:11.740653 Juliett: Alpha and Kilo, sending you 3
2024-10-14 13:54:11.741006 Charlie: Mike and Lima, sending you 3
2024-10-14 13:54:11.741412 Zulu: Juliett, sending you 2
2024-10-14 13:54:11.742686 Sierra: Zulu, sending you 4
2024-10-14 13:54:11.743715 Alpha: Zulu, sending you 4
2024-10-14 13:54:11.744682 Mike: Alpha and Charlie, sending you 3
2024-10-14 13:54:11.745666 Charlie: Hotel, sending you 8
2024-10-14 13:54:11.749851 Mike: Hotel, sending you 4
2024-10-14 13:54:11.752687 Mike: Lima, sending you 2
2024-10-14 13:54:11.759656 Hotel: Alpha, sending you 3
2024-10-14 13:54:11.762715 Lima: Sending you each 4
2024-10-14 13:54:11.764655 Hotel: Charlie, sending you 5
2024-10-14 13:54:11.769665 Hotel: Mike and Lima, sending you 4
chatterbot Juliett submitting transactions
chatterbot Sierra submitting transactions
chatterbot Yankee submitting transactions
chatterbot Hotel submitting transactions
chatterbot Kilo submitting transactions
chatterbot Zulu submitting transactions
chatterbot Alpha submitting transactions
chatterbot Mike submitting transactions
chatterbot Charlie submitting transactions
chatterbot Lima submitting transactions
ChatterBot Sierra round 5
ChatterBot Alpha round 5
ChatterBot Yankee round 5
ChatterBot Juliett round 5
ChatterBot Charlie round 5
ChatterBot Mike round 5
ChatterBot Kilo round 5
ChatterBot Hotel round 5
ChatterBot Zulu round 5
ChatterBot Lima round 5
2024-10-14 13:54:12.999986 Mike: We should add Yankee
ChatterBot Charlie reevaluating
ChatterBot Hotel reevaluating
ChatterBot Alpha reevaluating
2024-10-14 13:54:13.020673 Charlie: Yes
2024-10-14 13:54:13.020965 Hotel: Yes
2024-10-14 13:54:13.021200 Lima: No
2024-10-14 13:54:13.021453 Alpha: No
ChatterBot Hotel reevaluating
ChatterBot Alpha reevaluating
ChatterBot Charlie reevaluating
ChatterBot Alpha reevaluating
ChatterBot Charlie reevaluating
ChatterBot Hotel reevaluating
ChatterBot Alpha reevaluating
ChatterBot Charlie reevaluating
ChatterBot Hotel reevaluating
2024-10-14 13:54:13.114754 Mike: Yankee we want you to join our group
2024-10-14 13:54:13.118798 Yankee: No
ChatterBot Hotel reevaluating
ChatterBot Alpha reevaluating
ChatterBot Charlie reevaluating
2024-10-14 13:54:13.137676 Sierra: Alpha and Juliett, sending you 3
2024-10-14 13:54:13.138148 Yankee: Zulu, sending you 1
2024-10-14 13:54:13.141680 Sierra: Kilo, sending you 5
2024-10-14 13:54:13.143657 Charlie: Yankee we want you to join our group
2024-10-14 13:54:13.146445 Yankee: No
ChatterBot Hotel reevaluating
ChatterBot Charlie reevaluating
2024-10-14 13:54:13.157710 Sierra: Zulu, sending you 4
2024-10-14 13:54:13.160659 Zulu: Sierra, sending you 4
2024-10-14 13:54:13.161694 Kilo: Sierra, Alpha and Zulu, sending you 4
2024-10-14 13:54:13.162666 Lima: Same as last round
2024-10-14 13:54:13.163037 Mike: Alpha and Charlie, sending you 2
2024-10-14 13:54:13.164438 Alpha: Sierra, Juliett and Mike, sending you 2
2024-10-14 13:54:13.164878 Zulu: Alpha and Kilo, sending you 5
2024-10-14 13:54:13.165702 Kilo: Juliett, sending you 3
2024-10-14 13:54:13.166097 Mike: Yankee, sending you 1
2024-10-14 13:54:13.166691 Hotel: Yankee we want you to join our group
2024-10-14 13:54:13.169766 Yankee: No
ChatterBot Hotel reevaluating
ChatterBot Charlie reevaluating
2024-10-14 13:54:13.182267 Mike: Hotel, sending you 4
2024-10-14 13:54:13.182664 Alpha: Kilo, sending you 3
2024-10-14 13:54:13.182964 Zulu: Juliett, sending you 2
2024-10-14 13:54:13.186682 Mike: Lima, sending you 3
2024-10-14 13:54:13.187254 Alpha: Zulu, sending you 4
2024-10-14 13:54:13.199669 Charlie: Alpha and Yankee, sending you 1
2024-10-14 13:54:13.203686 Charlie: Mike, sending you 3
2024-10-14 13:54:13.206667 Charlie: Hotel, sending you 7
2024-10-14 13:54:13.210663 Charlie: Lima, sending you 4
2024-10-14 13:54:13.214647 Hotel: Alpha, sending you 2
2024-10-14 13:54:13.217657 Hotel: Yankee and Lima, sending you 3
2024-10-14 13:54:13.222733 Hotel: Charlie and Mike, sending you 4
chatterbot Zulu submitting transactions
chatterbot Juliett submitting transactions
chatterbot Sierra submitting transactions
chatterbot Kilo submitting transactions
chatterbot Mike submitting transactions
chatterbot Charlie submitting transactions
chatterbot Hotel submitting transactions
chatterbot Lima submitting transactions
chatterbot Alpha submitting transactions
chatterbot Yankee submitting transactions
ChatterBot Sierra round 6
ChatterBot Alpha round 6
ChatterBot Yankee round 6
ChatterBot Juliett round 6
ChatterBot Charlie round 6
ChatterBot Mike round 6
ChatterBot Kilo round 6
ChatterBot Hotel round 6
ChatterBot Zulu round 6
ChatterBot Lima round 6
2024-10-14 13:54:14.264814 Zulu: We should add Yankee
2024-10-14 13:54:14.277162 Juliett: No
2024-10-14 13:54:14.277334 Alpha: No
2024-10-14 13:54:14.277464 Kilo: No
2024-10-14 13:54:14.277585 Sierra: No
ChatterBot Zulu reevaluating
ChatterBot Zulu reevaluating
2024-10-14 13:54:14.321543 Mike: We should drop Yankee
2024-10-14 13:54:14.331074 Charlie: No
2024-10-14 13:54:14.331216 Hotel: Yes
2024-10-14 13:54:14.331342 Lima: Yes
2024-10-14 13:54:14.331472 Alpha: Yes
ChatterBot Charlie reevaluating
ChatterBot Lima reevaluating
ChatterBot Charlie reevaluating
ChatterBot Charlie reevaluating
ChatterBot Lima reevaluating
2024-10-14 13:54:14.385692 Alpha: Sierra, Juliett and Mike, sending you 2
2024-10-14 13:54:14.387671 Yankee: Hotel, sending you 1
2024-10-14 13:54:14.390661 Alpha: Kilo, sending you 3
2024-10-14 13:54:14.393011 Kilo: Sierra, Alpha and Zulu, sending you 4
2024-10-14 13:54:14.393671 Alpha: Zulu, sending you 4
2024-10-14 13:54:14.394669 Juliett: Sierra, Alpha and Kilo, sending you 3
2024-10-14 13:54:14.395791 Kilo: Juliett, sending you 3
2024-10-14 13:54:14.398797 Lima: Zulu we want you to join our group
ChatterBot Zulu reevaluating
2024-10-14 13:54:14.403681 Zulu: No
ChatterBot Lima reevaluating
ChatterBot Charlie reevaluating
2024-10-14 13:54:14.421501 Juliett: Zulu, sending you 1
2024-10-14 13:54:14.425676 Hotel: Alpha, sending you 3
2024-10-14 13:54:14.426641 Sierra: Alpha, Kilo and Zulu, sending you 4
2024-10-14 13:54:14.427224 Mike: Alpha, Charlie, Hotel and Lima, sending you 3
2024-10-14 13:54:14.428788 Charlie: We should drop Yankee and Alpha
ChatterBot Lima reevaluating
2024-10-14 13:54:14.438819 Lima: Yes
2024-10-14 13:54:14.438981 Mike: No
2024-10-14 13:54:14.439105 Hotel: No
ChatterBot Charlie reevaluating
ChatterBot Mike reevaluating
ChatterBot Lima reevaluating
ChatterBot Charlie reevaluating
ChatterBot Lima reevaluating
ChatterBot Charlie reevaluating
ChatterBot Mike reevaluating
2024-10-14 13:54:14.470029 Hotel: Charlie, sending you 5
2024-10-14 13:54:14.470455 Sierra: Juliett, sending you 3
2024-10-14 13:54:14.475489 Hotel: Mike and Lima, sending you 4
2024-10-14 13:54:14.476322 Zulu: Sierra, sending you 4
2024-10-14 13:54:14.481674 Zulu: Alpha and Kilo, sending you 5
2024-10-14 13:54:14.484976 Zulu: Juliett, sending you 2
2024-10-14 13:54:14.497713 Lima: Alpha, sending you 2
2024-10-14 13:54:14.503714 Lima: Charlie, sending you 3
2024-10-14 13:54:14.507668 Lima: Mike and Hotel, sending you 4
chatterbot Alpha submitting transactions
chatterbot Juliett submitting transactions
chatterbot Sierra submitting transactions
chatterbot Yankee submitting transactions
chatterbot Kilo submitting transactions
chatterbot Lima submitting transactions
chatterbot Zulu submitting transactions
chatterbot Mike submitting transactions
chatterbot Charlie submitting transactions
chatterbot Hotel submitting transactions
ChatterBot Sierra round 7
ChatterBot Alpha round 7
ChatterBot Yankee round 7
ChatterBot Juliett round 7
ChatterBot Charlie round 7
ChatterBot Mike round 7
ChatterBot Kilo round 7
ChatterBot Hotel round 7
ChatterBot Zulu round 7
ChatterBot Lima round 7
2024-10-14 13:54:15.532781 Hotel: We should replace Alpha with Kilo
ChatterBot Lima reevaluating
ChatterBot Charlie reevaluating
ChatterBot Mike reevaluating
2024-10-14 13:54:15.545137 Lima: No
2024-10-14 13:54:15.545336 Charlie: No
2024-10-14 13:54:15.545491 Mike: No
ChatterBot Charlie reevaluating
ChatterBot Mike reevaluating
ChatterBot Lima reevaluating
ChatterBot Mike reevaluating
ChatterBot Hotel reevaluating
ChatterBot Lima reevaluating
ChatterBot Charlie reevaluating
ChatterBot Hotel reevaluating
2024-10-14 13:54:15.586401 Charlie: We should drop Alpha
ChatterBot Mike reevaluating
ChatterBot Hotel reevaluating
ChatterBot Lima reevaluating
2024-10-14 13:54:15.596562 Yankee: Yes
2024-10-14 13:54:15.596709 Mike: Yes
2024-10-14 13:54:15.596833 Hotel: No
2024-10-14 13:54:15.596943 Lima: Yes
ChatterBot Charlie reevaluating
ChatterBot Mike reevaluating
ChatterBot Hotel reevaluating
ChatterBot Lima reevaluating
ChatterBot Charlie reevaluating
ChatterBot Hotel reevaluating
ChatterBot Lima reevaluating
ChatterBot Charlie reevaluating
ChatterBot Mike reevaluating
ChatterBot Lima reevaluating
ChatterBot Charlie reevaluating
ChatterBot Mike reevaluating
ChatterBot Hotel reevaluating
2024-10-14 13:54:15.636851 Juliett: Sierra, Alpha and Kilo, sending you 3
2024-10-14 13:54:15.637384 Alpha: Sierra, Juliett and Mike, sending you 2
2024-10-14 13:54:15.639662 Juliett: Zulu, sending you 1
2024-10-14 13:54:15.640688 Sierra: Alpha and Juliett, sending you 3
2024-10-14 13:54:15.641065 Kilo: Sierra, Alpha and Zulu, sending you 4
2024-10-14 13:54:15.642666 Alpha: Kilo, sending you 3
2024-10-14 13:54:15.642955 Yankee: Hotel, sending you 1
2024-10-14 13:54:15.643924 Hotel: Kilo we want you to join our group
2024-10-14 13:54:15.646246 Kilo: No
ChatterBot Mike reevaluating
ChatterBot Hotel reevaluating
2024-10-14 13:54:15.658641 Sierra: Kilo, sending you 5
2024-10-14 13:54:15.659684 Kilo: Juliett, sending you 3
2024-10-14 13:54:15.660208 Alpha: Zulu, sending you 4
2024-10-14 13:54:15.662283 Sierra: Zulu, sending you 4
2024-10-14 13:54:15.663022 Zulu: Sierra, sending you 4
2024-10-14 13:54:15.665652 Zulu: Alpha and Kilo, sending you 5
2024-10-14 13:54:15.669705 Zulu: Juliett, sending you 2
2024-10-14 13:54:15.684686 Hotel: Charlie and Lima, sending you 4
2024-10-14 13:54:15.685979 Mike: Alpha and Lima, sending you 3
2024-10-14 13:54:15.686482 Lima: Charlie, sending you 3
2024-10-14 13:54:15.686903 Charlie: Mike, sending you 4
2024-10-14 13:54:15.689687 Hotel: Mike, sending you 5
2024-10-14 13:54:15.690452 Mike: Charlie, sending you 2
2024-10-14 13:54:15.690957 Lima: Mike, sending you 5
2024-10-14 13:54:15.691403 Charlie: Hotel, sending you 7
2024-10-14 13:54:15.694697 Hotel: Kilo, sending you 3
2024-10-14 13:54:15.695215 Mike: Hotel, sending you 4
2024-10-14 13:54:15.696080 Lima: Hotel, sending you 4
2024-10-14 13:54:15.696521 Charlie: Lima, sending you 5
chatterbot Hotel submitting transactions
chatterbot Alpha submitting transactions
chatterbot Juliett submitting transactions
chatterbot Kilo submitting transactions
chatterbot Mike submitting transactions
chatterbot Sierra submitting transactions
chatterbot Yankee submitting transactions
chatterbot Charlie submitting transactions
chatterbot Zulu submitting transactions
chatterbot Lima submitting transactions
ChatterBot Sierra round 8
ChatterBot Alpha round 8
ChatterBot Yankee round 8
ChatterBot Juliett round 8
ChatterBot Charlie round 8
ChatterBot Mike round 8
ChatterBot Kilo round 8
ChatterBot Hotel round 8
ChatterBot Zulu round 8
ChatterBot Lima round 8
2024-10-14 13:54:16.830565 Hotel: We should replace Kilo with Yankee
ChatterBot Mike reevaluating
2024-10-14 13:54:16.838783 Lima: No
2024-10-14 13:54:16.838964 Charlie: Yes
2024-10-14 13:54:16.839109 Mike: Yes
ChatterBot Mike reevaluating
ChatterBot Mike reevaluating
ChatterBot Hotel reevaluating
ChatterBot Hotel reevaluating
2024-10-14 13:54:16.863291 Hotel: We should replace Kilo with Zulu
ChatterBot Mike reevaluating
2024-10-14 13:54:16.869693 Lima: No
2024-10-14 13:54:16.869879 Charlie: No
2024-10-14 13:54:16.869994 Mike: No
ChatterBot Mike reevaluating
ChatterBot Hotel reevaluating
ChatterBot Mike reevaluating
ChatterBot Hotel reevaluating
ChatterBot Hotel reevaluating
2024-10-14 13:54:16.890982 Charlie: Mike, sending you 4
2024-10-14 13:54:16.893660 Kilo: Sierra, Alpha and Zulu, sending you 4
2024-10-14 13:54:16.894678 Sierra: Alpha and Juliett, sending you 3
2024-10-14 13:54:16.895198 Yankee: Hotel, sending you 1
2024-10-14 13:54:16.895787 Charlie: Hotel, sending you 7
2024-10-14 13:54:16.896685 Alpha: Sierra, Juliett and Mike, sending you 2
2024-10-14 13:54:16.897111 Juliett: Sierra, Alpha and Kilo, sending you 3
2024-10-14 13:54:16.897567 Zulu: Sierra, sending you 4
2024-10-14 13:54:16.898676 Kilo: Juliett, sending you 3
2024-10-14 13:54:16.899407 Sierra: Kilo, sending you 5
2024-10-14 13:54:16.899920 Hotel: Yankee we want you to join our group
2024-10-14 13:54:16.903645 Yankee: Yes
ChatterBot Mike reevaluating
ChatterBot Hotel reevaluating
2024-10-14 13:54:16.919544 Mike: We should replace Alpha with Yankee
ChatterBot Hotel reevaluating
2024-10-14 13:54:16.937065 Lima: No
2024-10-14 13:54:16.937283 Charlie: Yes
2024-10-14 13:54:16.937477 Hotel: Yes
ChatterBot Mike reevaluating
ChatterBot Hotel reevaluating
ChatterBot Mike reevaluating
ChatterBot Hotel reevaluating
ChatterBot Lima reevaluating
ChatterBot Mike reevaluating
2024-10-14 13:54:16.971980 Lima: We should add Yankee
ChatterBot Mike reevaluating
ChatterBot Hotel reevaluating
2024-10-14 13:54:16.979968 Charlie: Yes
2024-10-14 13:54:16.980069 Mike: Yes
2024-10-14 13:54:16.980166 Hotel: Yes
ChatterBot Lima reevaluating
ChatterBot Mike reevaluating
ChatterBot Hotel reevaluating
ChatterBot Lima reevaluating
ChatterBot Hotel reevaluating
ChatterBot Lima reevaluating
ChatterBot Mike reevaluating
2024-10-14 13:54:17.075960 Charlie: Lima, sending you 5
2024-10-14 13:54:17.076941 Juliett: Zulu, sending you 1
2024-10-14 13:54:17.078222 Zulu: Alpha, sending you 6
2024-10-14 13:54:17.078872 Alpha: Kilo, sending you 3
2024-10-14 13:54:17.080190 Sierra: Zulu, sending you 4
2024-10-14 13:54:17.082720 Zulu: Juliett, sending you 1
2024-10-14 13:54:17.085580 Alpha: Zulu, sending you 4
2024-10-14 13:54:17.088670 Zulu: Kilo, sending you 5
2024-10-14 13:54:17.090491 Mike: Yankee we want you to join our group
2024-10-14 13:54:17.094418 Yankee: Yes
ChatterBot Mike reevaluating
ChatterBot Hotel reevaluating
ChatterBot Lima reevaluating
2024-10-14 13:54:17.115841 Lima: We should drop Yankee
2024-10-14 13:54:17.130324 Charlie: No
2024-10-14 13:54:17.130535 Mike: No
2024-10-14 13:54:17.130718 Hotel: No
ChatterBot Lima reevaluating
ChatterBot Lima reevaluating
ChatterBot Lima reevaluating
chatterbot Juliett submitting transactions
chatterbot Kilo submitting transactions
2024-10-14 13:54:17.192665 Mike: Yankee, sending you 1
2024-10-14 13:54:17.195672 Mike: Charlie, sending you 3
2024-10-14 13:54:17.200657 Mike: Hotel and Lima, sending you 4
2024-10-14 13:54:17.201941 Hotel: Yankee, sending you 3
2024-10-14 13:54:17.204650 Hotel: Charlie, sending you 5
2024-10-14 13:54:17.208676 Hotel: Mike and Lima, sending you 4
chatterbot Zulu submitting transactions
chatterbot Charlie submitting transactions
chatterbot Yankee submitting transactions
chatterbot Mike submitting transactions
chatterbot Hotel submitting transactions
chatterbot Sierra submitting transactions
chatterbot Alpha submitting transactions
chatterbot Lima submitting transactions
ChatterBot Sierra round 9
ChatterBot Alpha round 9
ChatterBot Yankee round 9
ChatterBot Juliett round 9
ChatterBot Charlie round 9
ChatterBot Mike round 9
ChatterBot Kilo round 9
ChatterBot Hotel round 9
ChatterBot Zulu round 9
ChatterBot Lima round 9
2024-10-14 13:54:18.251097 Lima: We should drop Yankee
2024-10-14 13:54:18.260072 Charlie: No
2024-10-14 13:54:18.260297 Mike: No
2024-10-14 13:54:18.260427 Hotel: No
ChatterBot Lima reevaluating
ChatterBot Lima reevaluating
ChatterBot Lima reevaluating
2024-10-14 13:54:18.290675 Juliett: Sierra, Alpha and Kilo, sending you 3
2024-10-14 13:54:18.291657 Sierra: Alpha and Juliett, sending you 3
2024-10-14 13:54:18.293684 Juliett: Zulu, sending you 1
2024-10-14 13:54:18.297011 Sierra: Kilo, sending you 5
2024-10-14 13:54:18.298678 Kilo: Sierra, Alpha and Zulu, sending you 4
2024-10-14 13:54:18.301675 Mike: Yankee, sending you 1
2024-10-14 13:54:18.302691 Sierra: Zulu, sending you 4
2024-10-14 13:54:18.303999 Kilo: Juliett, sending you 3
2024-10-14 13:54:18.304665 Charlie: Yankee, sending you 1
2024-10-14 13:54:18.305195 Mike: Charlie, sending you 3
2024-10-14 13:54:18.306681 Hotel: Yankee, sending you 3
2024-10-14 13:54:18.307679 Charlie: Mike and Lima, sending you 4
2024-10-14 13:54:18.309673 Zulu: Sierra, sending you 4
2024-10-14 13:54:18.310318 Hotel: Charlie, sending you 5
2024-10-14 13:54:18.311248 Mike: Hotel and Lima, sending you 4
2024-10-14 13:54:18.312259 Yankee: Hotel, sending you 1
2024-10-14 13:54:18.313076 Alpha: Sierra, Juliett and Mike, sending you 2
2024-10-14 13:54:18.313737 Charlie: Hotel, sending you 7
2024-10-14 13:54:18.314841 Zulu: Alpha, sending you 6
2024-10-14 13:54:18.315661 Hotel: Mike and Lima, sending you 4
2024-10-14 13:54:18.318263 Alpha: Kilo, sending you 3
2024-10-14 13:54:18.319252 Zulu: Juliett, sending you 1
2024-10-14 13:54:18.321687 Alpha: Zulu, sending you 4
2024-10-14 13:54:18.324678 Zulu: Kilo, sending you 5
chatterbot Zulu submitting transactions
chatterbot Kilo submitting transactions
chatterbot Lima submitting transactions
chatterbot Yankee submitting transactions
chatterbot Alpha submitting transactions
chatterbot Mike submitting transactions
chatterbot Hotel submitting transactions
chatterbot Juliett submitting transactions
chatterbot Charlie submitting transactions
chatterbot Sierra submitting transactions
ChatterBot Sierra round 10
ChatterBot Alpha round 10
ChatterBot Yankee round 10
ChatterBot Juliett round 10
ChatterBot Charlie round 10
ChatterBot Mike round 10
ChatterBot Kilo round 10
ChatterBot Hotel round 10
ChatterBot Zulu round 10
ChatterBot Lima round 10
2024-10-14 13:54:19.461696 Yankee: Hotel, sending you 1
2024-10-14 13:54:19.463436 Sierra: Alpha and Juliett, sending you 3
2024-10-14 13:54:19.464574 Charlie: Yankee, sending you 1
2024-10-14 13:54:19.465571 Alpha: Sierra, Juliett and Mike, sending you 2
2024-10-14 13:54:19.466921 Juliett: Sierra, Alpha and Kilo, sending you 3
2024-10-14 13:54:19.467967 Lima: We should drop Yankee
2024-10-14 13:54:19.477840 Charlie: No
2024-10-14 13:54:19.477991 Mike: No
2024-10-14 13:54:19.478132 Hotel: No
ChatterBot Lima reevaluating
ChatterBot Lima reevaluating
ChatterBot Lima reevaluating
2024-10-14 13:54:19.506652 Sierra: Kilo, sending you 5
2024-10-14 13:54:19.507136 Charlie: Mike and Lima, sending you 4
2024-10-14 13:54:19.507549 Alpha: Kilo, sending you 3
2024-10-14 13:54:19.508186 Juliett: Zulu, sending you 1
2024-10-14 13:54:19.509655 Charlie: Hotel, sending you 7
2024-10-14 13:54:19.510503 Hotel: Yankee, sending you 2
2024-10-14 13:54:19.511197 Kilo: Sierra, Alpha and Zulu, sending you 4
2024-10-14 13:54:19.511755 Sierra: Zulu, sending you 4
2024-10-14 13:54:19.512893 Alpha: Zulu, sending you 4
2024-10-14 13:54:19.513451 Mike: Yankee, sending you 1
2024-10-14 13:54:19.514097 Hotel: Charlie, sending you 4
2024-10-14 13:54:19.515669 Kilo: Juliett, sending you 3
2024-10-14 13:54:19.517710 Mike: Charlie, sending you 3
2024-10-14 13:54:19.518690 Zulu: Sierra, sending you 4
2024-10-14 13:54:19.519535 Hotel: Mike and Lima, sending you 3
2024-10-14 13:54:19.520709 Mike: Hotel and Lima, sending you 4
2024-10-14 13:54:19.522717 Zulu: Alpha, sending you 6
2024-10-14 13:54:19.525669 Zulu: Juliett, sending you 1
2024-10-14 13:54:19.529672 Zulu: Kilo, sending you 5
chatterbot Yankee submitting transactions
chatterbot Alpha submitting transactions
chatterbot Hotel submitting transactions
chatterbot Mike submitting transactions
chatterbot Juliett submitting transactions
chatterbot Lima submitting transactions
chatterbot Zulu submitting transactions
chatterbot Charlie submitting transactions
chatterbot Kilo submitting transactions
chatterbot Sierra submitting transactions
ChatterBot Sierra round 11
ChatterBot Alpha round 11
ChatterBot Yankee round 11
ChatterBot Juliett round 11
ChatterBot Charlie round 11
ChatterBot Mike round 11
ChatterBot Kilo round 11
ChatterBot Hotel round 11
ChatterBot Zulu round 11
ChatterBot Lima round 11
2024-10-14 13:54:20.608579 Yankee: Hotel, sending you 1
2024-10-14 13:54:20.611232 Juliett: Sierra, Alpha and Kilo, sending you 3
2024-10-14 13:54:20.624197 Alpha: Sierra, Juliett and Mike, sending you 2
2024-10-14 13:54:20.626314 Hotel: Yankee, sending you 2
2024-10-14 13:54:20.627378 Juliett: Zulu, sending you 1
2024-10-14 13:54:20.628842 Sierra: Alpha and Juliett, sending you 3
2024-10-14 13:54:20.630528 Charlie: Yankee, sending you 1
2024-10-14 13:54:20.631393 Mike: Yankee, sending you 1
2024-10-14 13:54:20.633384 Kilo: Sierra, Alpha and Zulu, sending you 4
2024-10-14 13:54:20.634045 Zulu: I was attacked by Hotel
ChatterBot Juliett reevaluating
ChatterBot Alpha reevaluating
ChatterBot Kilo reevaluating
ChatterBot Sierra reevaluating
2024-10-14 13:54:20.653219 Zulu: I'm keeping this round to protect myself
2024-10-14 13:54:20.656050 Zulu: Ow
2024-10-14 13:54:20.656552 Hotel: Charlie, sending you 4
2024-10-14 13:54:20.658100 Charlie: Mike, sending you 5
2024-10-14 13:54:20.658846 Mike: Charlie, sending you 3
2024-10-14 13:54:20.662674 Hotel: Mike and Lima, sending you 3
2024-10-14 13:54:20.664941 Charlie: Hotel, sending you 6
2024-10-14 13:54:20.666705 Mike: Hotel and Lima, sending you 4
2024-10-14 13:54:20.669671 Charlie: Lima, sending you 4
chatterbot Yankee submitting transactions
chatterbot Juliett submitting transactions
chatterbot Lima submitting transactions
chatterbot Alpha submitting transactions
chatterbot Hotel submitting transactions
chatterbot Charlie submitting transactions
chatterbot Mike submitting transactions
chatterbot Sierra submitting transactions
chatterbot Zulu submitting transactions
chatterbot Kilo submitting transactions
ChatterBot Sierra round 12
ChatterBot Alpha round 12
ChatterBot Yankee round 12
ChatterBot Juliett round 12
ChatterBot Charlie round 12
ChatterBot Mike round 12
ChatterBot Kilo round 12
ChatterBot Hotel round 12
ChatterBot Zulu round 12
ChatterBot Lima round 12
2024-10-14 13:54:21.963774 Lima: We should drop Yankee
ChatterBot Charlie reevaluating
