ChatterBot India round 1
ChatterBot Papa round 1
ChatterBot Delta round 1
ChatterBot Uniform round 1
ChatterBot Bravo round 1
ChatterBot Mike round 1
ChatterBot Kilo round 1
ChatterBot Oscar round 1
ChatterBot X-ray round 1
ChatterBot Hotel round 1
randomSelections Delta: {Delta, Mike, Hotel, Oscar, Papa, Uniform} 
2024-10-14 13:54:04.986164 Delta: Group up?
ChatterBot Mike reevaluating
ChatterBot Hotel reevaluating
ChatterBot Oscar reevaluating
ChatterBot Papa reevaluating
ChatterBot Uniform reevaluating
2024-10-14 13:54:05.003469 Mike: Yes
2024-10-14 13:54:05.003702 Hotel: Yes
2024-10-14 13:54:05.003892 Oscar: Yes
2024-10-14 13:54:05.004058 Papa: Yes
2024-10-14 13:54:05.004228 Uniform: Yes
ChatterBot Hotel reevaluating
ChatterBot Oscar reevaluating
ChatterBot Papa reevaluating
ChatterBot Uniform reevaluating
ChatterBot Mike reevaluating
ChatterBot Oscar reevaluating
ChatterBot Papa reevaluating
ChatterBot Uniform reevaluating
ChatterBot Mike reevaluating
ChatterBot Hotel reevaluating
ChatterBot Papa reevaluating
ChatterBot Uniform reevaluating
ChatterBot Mike reevaluating
ChatterBot Hotel reevaluating
ChatterBot Oscar reevaluating
ChatterBot Uniform reevaluating
ChatterBot Mike reevaluating
ChatterBot Hotel reevaluating
ChatterBot Oscar reevaluating
ChatterBot Papa reevaluating
randomSelections India: {India, Oscar, Papa, Mike, Kilo, Delta} 
2024-10-14 13:54:05.074165 India: Group up?
ChatterBot Oscar reevaluating
ChatterBot Papa reevaluating
ChatterBot Mike reevaluating
ChatterBot Kilo reevaluating
2024-10-14 13:54:05.081922 Oscar: No
2024-10-14 13:54:05.082064 Papa: No
2024-10-14 13:54:05.082199 Mike: No
2024-10-14 13:54:05.082324 Kilo: Yes
2024-10-14 13:54:05.082435 Delta: No
ChatterBot Papa reevaluating
ChatterBot Mike reevaluating
ChatterBot Kilo reevaluating
ChatterBot Oscar reevaluating
ChatterBot Mike reevaluating
ChatterBot Kilo reevaluating
ChatterBot Oscar reevaluating
ChatterBot Papa reevaluating
ChatterBot Kilo reevaluating
ChatterBot Oscar reevaluating
ChatterBot Papa reevaluating
ChatterBot Mike reevaluating
ChatterBot Oscar reevaluating
ChatterBot Papa reevaluating
ChatterBot Mike reevaluating
ChatterBot Kilo reevaluating
randomSelections X-ray: {X-ray, Delta, Hotel, Bravo, Uniform, Kilo, Papa, Oscar} 
2024-10-14 13:54:05.127673 X-ray: We would work well together
ChatterBot Hotel reevaluating
ChatterBot Bravo reevaluating
ChatterBot Uniform reevaluating
ChatterBot Kilo reevaluating
ChatterBot Papa reevaluating
ChatterBot Oscar reevaluating
2024-10-14 13:54:05.137531 Delta: No
2024-10-14 13:54:05.137677 Hotel: No
2024-10-14 13:54:05.137876 Bravo: Yes
2024-10-14 13:54:05.137998 Uniform: No
2024-10-14 13:54:05.138157 Kilo: No
2024-10-14 13:54:05.138397 Papa: No
2024-10-14 13:54:05.138571 Oscar: No
ChatterBot Hotel reevaluating
ChatterBot Bravo reevaluating
ChatterBot Uniform reevaluating
ChatterBot Kilo reevaluating
ChatterBot Papa reevaluating
ChatterBot Oscar reevaluating
ChatterBot Bravo reevaluating
ChatterBot Uniform reevaluating
ChatterBot Kilo reevaluating
ChatterBot Papa reevaluating
ChatterBot Oscar reevaluating
ChatterBot Hotel reevaluating
ChatterBot Uniform reevaluating
ChatterBot Kilo reevaluating
ChatterBot Papa reevaluating
ChatterBot Oscar reevaluating
ChatterBot Hotel reevaluating
ChatterBot Bravo reevaluating
ChatterBot Kilo reevaluating
ChatterBot Papa reevaluating
ChatterBot Oscar reevaluating
ChatterBot Hotel reevaluating
ChatterBot Bravo reevaluating
ChatterBot Uniform reevaluating
ChatterBot Papa reevaluating
ChatterBot Oscar reevaluating
ChatterBot Hotel reevaluating
ChatterBot Bravo reevaluating
ChatterBot Uniform reevaluating
ChatterBot Kilo reevaluating
ChatterBot Oscar reevaluating
ChatterBot Hotel reevaluating
ChatterBot Bravo reevaluating
ChatterBot Uniform reevaluating
ChatterBot Kilo reevaluating
ChatterBot Papa reevaluating
2024-10-14 13:54:05.214685 India: Papa and Delta, sending you 3
2024-10-14 13:54:05.217706 India: Mike, sending you 5
2024-10-14 13:54:05.218677 X-ray: Delta, sending you 1
2024-10-14 13:54:05.219090 Papa: Delta and Oscar, sending you 1
2024-10-14 13:54:05.219740 Delta: Papa, Uniform, Mike, Oscar and Hotel, sending you 1
2024-10-14 13:54:05.220699 Kilo: India and Papa, sending you 5
2024-10-14 13:54:05.221688 India: Kilo, sending you 2
2024-10-14 13:54:05.223946 Uniform: Papa, sending you 5
2024-10-14 13:54:05.224344 X-ray: Uniform and Kilo, sending you 2
2024-10-14 13:54:05.224608 Papa: Uniform and Hotel, sending you 2
2024-10-14 13:54:05.224908 Bravo: Papa, Oscar and X-ray, sending you 2
2024-10-14 13:54:05.225242 Oscar: Papa, sending you 2
2024-10-14 13:54:05.225532 Mike: Papa, sending you 3
2024-10-14 13:54:05.225798 Kilo: Delta and Oscar, sending you 3
2024-10-14 13:54:05.226052 India: Oscar, sending you 4
2024-10-14 13:54:05.226291 Hotel: Papa, Delta and Mike, sending you 3
2024-10-14 13:54:05.226697 X-ray: Bravo, Oscar and Hotel, sending you 4
2024-10-14 13:54:05.227674 Uniform: Delta, sending you 7
2024-10-14 13:54:05.228052 Oscar: Delta and Uniform, sending you 4
2024-10-14 13:54:05.228668 Mike: Delta, sending you 2
2024-10-14 13:54:05.228947 Kilo: Mike, sending you 1
2024-10-14 13:54:05.229193 Hotel: Uniform, sending you 2
2024-10-14 13:54:05.229702 Papa: Mike, sending you 4
2024-10-14 13:54:05.230112 Bravo: Delta and Uniform, sending you 1
2024-10-14 13:54:05.231686 Uniform: Mike and Hotel, sending you 1
2024-10-14 13:54:05.231993 Oscar: Mike, sending you 3
2024-10-14 13:54:05.232203 Hotel: Oscar, sending you 5
2024-10-14 13:54:05.232663 Bravo: Kilo, sending you 5
2024-10-14 13:54:05.233686 Mike: Uniform, sending you 1
2024-10-14 13:54:05.234674 Uniform: Oscar, sending you 2
2024-10-14 13:54:05.236670 Oscar: Hotel, sending you 1
2024-10-14 13:54:05.236959 Bravo: Hotel, sending you 3
2024-10-14 13:54:05.237224 Mike: Oscar and Hotel, sending you 5
chatterbot Oscar submitting transactions
chatterbot Bravo submitting transactions
chatterbot Delta submitting transactions
chatterbot Mike submitting transactions
chatterbot Hotel submitting transactions
chatterbot India submitting transactions
chatterbot Kilo submitting transactions
chatterbot Papa submitting transactions
chatterbot X-ray submitting transactions
chatterbot Uniform submitting transactions
ChatterBot India round 2
ChatterBot Papa round 2
ChatterBot Delta round 2
ChatterBot Uniform round 2
ChatterBot Bravo round 2
ChatterBot Mike round 2
ChatterBot Kilo round 2
ChatterBot Oscar round 2
ChatterBot X-ray round 2
2024-10-14 13:54:06.703297 India: Let's form a team
ChatterBot Kilo reevaluating
2024-10-14 13:54:06.711411 Kilo: Yes
2024-10-14 13:54:06.718710 Kilo: Friends?
ChatterBot India reevaluating
ChatterBot Bravo reevaluating
ChatterBot X-ray reevaluating
ChatterBot Delta reevaluating
2024-10-14 13:54:06.749349 India: No
2024-10-14 13:54:06.749561 Bravo: Yes
2024-10-14 13:54:06.749752 X-ray: No
2024-10-14 13:54:06.749905 Delta: No
ChatterBot Kilo reevaluating
ChatterBot Bravo reevaluating
ChatterBot X-ray reevaluating
ChatterBot Delta reevaluating
ChatterBot Kilo reevaluating
ChatterBot India reevaluating
ChatterBot X-ray reevaluating
ChatterBot Delta reevaluating
ChatterBot Kilo reevaluating
ChatterBot India reevaluating
ChatterBot Bravo reevaluating
ChatterBot Delta reevaluating
ChatterBot Kilo reevaluating
ChatterBot India reevaluating
ChatterBot Bravo reevaluating
ChatterBot X-ray reevaluating
2024-10-14 13:54:06.916358 Bravo: We should group up
ChatterBot Delta reevaluating
ChatterBot X-ray reevaluating
ChatterBot India reevaluating
ChatterBot Kilo reevaluating
2024-10-14 13:54:06.944903 Delta: No
2024-10-14 13:54:06.945057 X-ray: Yes
2024-10-14 13:54:06.945156 India: No
2024-10-14 13:54:06.945244 Kilo: Yes
ChatterBot Kilo reevaluating
ChatterBot India reevaluating
ChatterBot Bravo reevaluating
ChatterBot X-ray reevaluating
ChatterBot Kilo reevaluating
ChatterBot India reevaluating
ChatterBot Bravo reevaluating
ChatterBot Delta reevaluating
ChatterBot Kilo reevaluating
ChatterBot Bravo reevaluating
ChatterBot X-ray reevaluating
ChatterBot Delta reevaluating
ChatterBot India reevaluating
ChatterBot Bravo reevaluating
ChatterBot X-ray reevaluating
ChatterBot Delta reevaluating
2024-10-14 13:54:07.072097 Mike: We should add India and Kilo
ChatterBot Delta reevaluating
ChatterBot Hotel reevaluating
ChatterBot Oscar reevaluating
ChatterBot Papa reevaluating
ChatterBot Uniform reevaluating
2024-10-14 13:54:07.118338 Delta: Yes
2024-10-14 13:54:07.118500 Hotel: No
2024-10-14 13:54:07.118679 Oscar: Yes
2024-10-14 13:54:07.118840 Papa: Yes
2024-10-14 13:54:07.118994 Uniform: No
ChatterBot Hotel reevaluating
ChatterBot Oscar reevaluating
ChatterBot Papa reevaluating
ChatterBot Uniform reevaluating
ChatterBot Delta reevaluating
ChatterBot Oscar reevaluating
ChatterBot Papa reevaluating
ChatterBot Uniform reevaluating
ChatterBot Delta reevaluating
ChatterBot Hotel reevaluating
ChatterBot Papa reevaluating
ChatterBot Uniform reevaluating
ChatterBot Delta reevaluating
ChatterBot Hotel reevaluating
ChatterBot Oscar reevaluating
ChatterBot Uniform reevaluating
ChatterBot Delta reevaluating
ChatterBot Hotel reevaluating
ChatterBot Oscar reevaluating
ChatterBot Papa reevaluating
ChatterBot Hotel round 2
2024-10-14 13:54:07.449828 Mike: India and Kilo we want you to join our group
2024-10-14 13:54:07.465671 India: No
2024-10-14 13:54:07.465896 Kilo: No
ChatterBot Papa reevaluating
ChatterBot Delta reevaluating
ChatterBot Uniform reevaluating
ChatterBot Oscar reevaluating
ChatterBot Hotel reevaluating
ChatterBot Papa reevaluating
ChatterBot Delta reevaluating
ChatterBot Uniform reevaluating
ChatterBot Oscar reevaluating
ChatterBot Hotel reevaluating
2024-10-14 13:54:07.569590 Hotel: We should add Bravo and X-ray
ChatterBot Delta reevaluating
ChatterBot Oscar reevaluating
ChatterBot Papa reevaluating
ChatterBot Uniform reevaluating
2024-10-14 13:54:07.605887 Delta: Yes
2024-10-14 13:54:07.606079 Mike: No
2024-10-14 13:54:07.606552 Oscar: Yes
2024-10-14 13:54:07.606730 Papa: No
2024-10-14 13:54:07.606893 Uniform: No
ChatterBot Hotel reevaluating
ChatterBot Oscar reevaluating
ChatterBot Papa reevaluating
ChatterBot Uniform reevaluating
ChatterBot Delta reevaluating
ChatterBot Hotel reevaluating
ChatterBot Oscar reevaluating
ChatterBot Papa reevaluating
ChatterBot Uniform reevaluating
ChatterBot Delta reevaluating
ChatterBot Hotel reevaluating
ChatterBot Papa reevaluating
ChatterBot Uniform reevaluating
ChatterBot Delta reevaluating
ChatterBot Hotel reevaluating
ChatterBot Oscar reevaluating
ChatterBot Uniform reevaluating
ChatterBot Delta reevaluating
ChatterBot Hotel reevaluating
ChatterBot Oscar reevaluating
ChatterBot Papa reevaluating
2024-10-14 13:54:07.850210 Delta: India and Kilo we want you to join our group
2024-10-14 13:54:07.864987 India: No
2024-10-14 13:54:07.865677 Kilo: No
ChatterBot Oscar reevaluating
ChatterBot Oscar reevaluating
2024-10-14 13:54:07.945706 Papa: India and Kilo we want you to join our group
2024-10-14 13:54:07.955775 India: No
2024-10-14 13:54:07.955957 Kilo: No
2024-10-14 13:54:08.082998 India: Bravo and X-ray, sending you 2
2024-10-14 13:54:08.084554 Hotel: Bravo and X-ray we want you to join our group
2024-10-14 13:54:08.100478 Bravo: No
2024-10-14 13:54:08.100692 X-ray: No
ChatterBot X-ray reevaluating
chatterbot Kilo submitting transactions
2024-10-14 13:54:08.199421 Oscar: India and Kilo we want you to join our group
2024-10-14 13:54:08.214363 India: No
2024-10-14 13:54:08.214579 Kilo: No
2024-10-14 13:54:08.308277 India: Kilo, sending you 7
2024-10-14 13:54:08.308689 Kilo: India and X-ray, sending you 4
2024-10-14 13:54:08.309226 Bravo: India, Delta and Kilo, sending you 2
2024-10-14 13:54:08.310215 Mike: India, sending you 4
chatterbot X-ray submitting transactions
2024-10-14 13:54:08.311184 Uniform: Papa, Delta, Mike and Hotel, sending you 3
2024-10-14 13:54:08.312336 Kilo: Delta, sending you 2
2024-10-14 13:54:08.314938 Bravo: X-ray, sending you 6
2024-10-14 13:54:08.315336 Delta: Papa, Mike, Oscar and Hotel, sending you 1
2024-10-14 13:54:08.316401 Mike: Papa, Oscar and Hotel, sending you 3
2024-10-14 13:54:08.317412 Uniform: Oscar, sending you 5
2024-10-14 13:54:08.319633 Kilo: Bravo, sending you 6
2024-10-14 13:54:08.335657 Mike: Delta, Uniform and Kilo, sending you 1
2024-10-14 13:54:08.336579 Hotel: Papa, Delta, Uniform, Bravo and Oscar, sending you 2
2024-10-14 13:54:08.336979 Papa: India, Delta, Mike, Oscar and Hotel, sending you 1
2024-10-14 13:54:08.340778 Papa: Uniform, sending you 3
2024-10-14 13:54:08.342005 Hotel: Mike and X-ray, sending you 3
2024-10-14 13:54:08.342489 Oscar: India, Papa, Delta, Uniform, Mike, Kilo and Hotel, sending you 2
2024-10-14 13:54:08.351023 Papa: Kilo, sending you 2
chatterbot India submitting transactions
chatterbot Mike submitting transactions
chatterbot Delta submitting transactions
chatterbot X-ray submitting transactions
chatterbot Papa submitting transactions
chatterbot Bravo submitting transactions
chatterbot Hotel submitting transactions
chatterbot Oscar submitting transactions
chatterbot Uniform submitting transactions
ChatterBot India round 3
ChatterBot Papa round 3
ChatterBot Delta round 3
ChatterBot Uniform round 3
ChatterBot Bravo round 3
ChatterBot Mike round 3
ChatterBot Kilo round 3
ChatterBot Oscar round 3
ChatterBot X-ray round 3
ChatterBot Hotel round 3
2024-10-14 13:54:09.747632 Kilo: We should group up
ChatterBot Mike reevaluating
ChatterBot Hotel reevaluating
ChatterBot Bravo reevaluating
ChatterBot X-ray reevaluating
2024-10-14 13:54:09.781426 Delta: No
2024-10-14 13:54:09.781572 Papa: No
2024-10-14 13:54:09.781690 Uniform: No
2024-10-14 13:54:09.781800 Mike: No
2024-10-14 13:54:09.781903 Oscar: No
2024-10-14 13:54:09.782012 Hotel: No
2024-10-14 13:54:09.782586 India: No
2024-10-14 13:54:09.782702 Bravo: No
2024-10-14 13:54:09.782807 X-ray: No
ChatterBot Mike reevaluating
ChatterBot Hotel reevaluating
ChatterBot Kilo reevaluating
ChatterBot Bravo reevaluating
ChatterBot X-ray reevaluating
ChatterBot Mike reevaluating
ChatterBot Hotel reevaluating
ChatterBot Kilo reevaluating
ChatterBot Bravo reevaluating
ChatterBot X-ray reevaluating
ChatterBot Mike reevaluating
ChatterBot Hotel reevaluating
ChatterBot Kilo reevaluating
ChatterBot Bravo reevaluating
ChatterBot X-ray reevaluating
ChatterBot Hotel reevaluating
ChatterBot Kilo reevaluating
ChatterBot Bravo reevaluating
ChatterBot X-ray reevaluating
ChatterBot Mike reevaluating
ChatterBot Hotel reevaluating
ChatterBot Kilo reevaluating
ChatterBot Bravo reevaluating
ChatterBot X-ray reevaluating
ChatterBot Mike reevaluating
ChatterBot Kilo reevaluating
ChatterBot Bravo reevaluating
ChatterBot X-ray reevaluating
ChatterBot Mike reevaluating
ChatterBot Hotel reevaluating
ChatterBot Kilo reevaluating
ChatterBot Bravo reevaluating
ChatterBot X-ray reevaluating
ChatterBot Mike reevaluating
ChatterBot Hotel reevaluating
ChatterBot Kilo reevaluating
ChatterBot X-ray reevaluating
ChatterBot Mike reevaluating
ChatterBot Hotel reevaluating
ChatterBot Kilo reevaluating
ChatterBot Bravo reevaluating
2024-10-14 13:54:10.217864 Papa: We should drop India and Kilo
ChatterBot Mike reevaluating
ChatterBot Hotel reevaluating
2024-10-14 13:54:10.247732 Delta: Yes
2024-10-14 13:54:10.247938 Mike: Yes
2024-10-14 13:54:10.248090 Hotel: Yes
2024-10-14 13:54:10.248242 Oscar: No
2024-10-14 13:54:10.248396 Uniform: Yes
ChatterBot Mike reevaluating
ChatterBot Hotel reevaluating
ChatterBot Hotel reevaluating
ChatterBot Oscar reevaluating
ChatterBot Mike reevaluating
ChatterBot Oscar reevaluating
ChatterBot Mike reevaluating
ChatterBot Hotel reevaluating
ChatterBot Mike reevaluating
ChatterBot Hotel reevaluating
ChatterBot Oscar reevaluating
2024-10-14 13:54:10.451824 X-ray: We should replace Uniform with Hotel
ChatterBot Kilo reevaluating
ChatterBot Bravo reevaluating
2024-10-14 13:54:10.473548 India: No
2024-10-14 13:54:10.473754 Kilo: No
2024-10-14 13:54:10.473915 Bravo: No
ChatterBot Kilo reevaluating
ChatterBot Bravo reevaluating
ChatterBot X-ray reevaluating
ChatterBot Bravo reevaluating
ChatterBot X-ray reevaluating
ChatterBot Kilo reevaluating
ChatterBot X-ray reevaluating
2024-10-14 13:54:10.561327 X-ray: Hotel we want you to join our group
2024-10-14 13:54:10.566323 Hotel: No
ChatterBot X-ray reevaluating
ChatterBot Kilo reevaluating
2024-10-14 13:54:10.588245 India: Bravo, sending you 4
2024-10-14 13:54:10.588663 Uniform: Papa, sending you 4
2024-10-14 13:54:10.590465 Hotel: We should drop Bravo and X-ray
ChatterBot Oscar reevaluating
2024-10-14 13:54:10.611298 Delta: Yes
2024-10-14 13:54:10.611468 Mike: Yes
2024-10-14 13:54:10.611607 Oscar: Yes
2024-10-14 13:54:10.611722 Papa: Yes
2024-10-14 13:54:10.611836 Uniform: Yes
ChatterBot Oscar reevaluating
ChatterBot Oscar reevaluating
ChatterBot Oscar reevaluating
ChatterBot Oscar reevaluating
2024-10-14 13:54:10.749361 India: Kilo, sending you 7
2024-10-14 13:54:10.750174 Uniform: Delta, sending you 2
2024-10-14 13:54:10.753859 Bravo: India, sending you 3
2024-10-14 13:54:10.755241 Papa: Delta, sending you 1
2024-10-14 13:54:10.757022 India: X-ray, sending you 3
2024-10-14 13:54:10.758910 Delta: Papa and Oscar, sending you 1
2024-10-14 13:54:10.760895 Mike: Papa and Uniform, sending you 3
2024-10-14 13:54:10.764321 Uniform: Mike and Hotel, sending you 3
2024-10-14 13:54:10.767718 Bravo: Delta, sending you 2
2024-10-14 13:54:10.768518 Papa: Uniform, sending you 3
2024-10-14 13:54:10.771084 Mike: Delta, sending you 2
2024-10-14 13:54:10.773152 Uniform: Oscar, sending you 5
2024-10-14 13:54:10.774928 Kilo: India, sending you 6
2024-10-14 13:54:10.776540 Bravo: Kilo, sending you 4
2024-10-14 13:54:10.777189 Hotel: Papa, Delta, Uniform and Oscar, sending you 3
2024-10-14 13:54:10.778751 Papa: Mike, Oscar and Hotel, sending you 2
2024-10-14 13:54:10.780810 Mike: Oscar and Hotel, sending you 4
2024-10-14 13:54:10.782466 Kilo: Delta, sending you 2
2024-10-14 13:54:10.783582 Bravo: X-ray, sending you 5
2024-10-14 13:54:10.784345 Hotel: Mike, sending you 4
2024-10-14 13:54:10.832836 Oscar: Papa and Delta, sending you 2
2024-10-14 13:54:10.833895 Kilo: Bravo, sending you 5
chatterbot Delta submitting transactions
2024-10-14 13:54:10.868033 Kilo: X-ray, sending you 3
2024-10-14 13:54:10.868402 Oscar: Uniform and Hotel, sending you 3
chatterbot India submitting transactions
2024-10-14 13:54:10.940907 Oscar: Mike, sending you 4
chatterbot Uniform submitting transactions
chatterbot X-ray submitting transactions
chatterbot Oscar submitting transactions
chatterbot Papa submitting transactions
chatterbot Kilo submitting transactions
chatterbot Bravo submitting transactions
chatterbot Mike submitting transactions
chatterbot Hotel submitting transactions
ChatterBot India round 4
ChatterBot Papa round 4
ChatterBot Delta round 4
ChatterBot Uniform round 4
ChatterBot Bravo round 4
ChatterBot Mike round 4
ChatterBot Kilo round 4
ChatterBot Oscar round 4
ChatterBot X-ray round 4
ChatterBot Hotel round 4
2024-10-14 13:54:11.772758 X-ray: We should replace Uniform with Delta
ChatterBot Kilo reevaluating
2024-10-14 13:54:11.783783 India: No
2024-10-14 13:54:11.783975 Kilo: Yes
2024-10-14 13:54:11.784543 Bravo: Yes
ChatterBot Kilo reevaluating
ChatterBot Bravo reevaluating
ChatterBot X-ray reevaluating
ChatterBot Kilo reevaluating
ChatterBot X-ray reevaluating
2024-10-14 13:54:11.809988 Kilo: We should replace Delta with Papa
ChatterBot Bravo reevaluating
ChatterBot X-ray reevaluating
2024-10-14 13:54:11.817442 India: No
2024-10-14 13:54:11.817548 Bravo: No
2024-10-14 13:54:11.817656 X-ray: No
ChatterBot Kilo reevaluating
ChatterBot Bravo reevaluating
ChatterBot X-ray reevaluating
ChatterBot Kilo reevaluating
ChatterBot X-ray reevaluating
ChatterBot Kilo reevaluating
ChatterBot Bravo reevaluating
2024-10-14 13:54:11.841223 X-ray: We should replace Uniform with Hotel
ChatterBot Kilo reevaluating
ChatterBot Bravo reevaluating
2024-10-14 13:54:11.847743 India: No
2024-10-14 13:54:11.847860 Kilo: No
2024-10-14 13:54:11.847999 Bravo: No
ChatterBot Kilo reevaluating
ChatterBot Bravo reevaluating
ChatterBot X-ray reevaluating
ChatterBot Bravo reevaluating
ChatterBot X-ray reevaluating
ChatterBot Kilo reevaluating
ChatterBot X-ray reevaluating
2024-10-14 13:54:11.869856 Uniform: Papa, Oscar and Hotel, sending you 4
2024-10-14 13:54:11.872668 India: Bravo, sending you 5
2024-10-14 13:54:11.873192 Uniform: Delta, sending you 2
2024-10-14 13:54:11.874675 X-ray: Hotel we want you to join our group
2024-10-14 13:54:11.877262 Hotel: No
ChatterBot X-ray reevaluating
ChatterBot Bravo reevaluating
2024-10-14 13:54:11.888566 Papa: Delta, sending you 1
2024-10-14 13:54:11.889724 Mike: Papa and Uniform, sending you 3
2024-10-14 13:54:11.890865 Oscar: Papa and Delta, sending you 2
2024-10-14 13:54:11.891286 India: Kilo, sending you 7
2024-10-14 13:54:11.891537 Uniform: Mike, sending you 3
2024-10-14 13:54:11.892852 Bravo: We should drop Delta
ChatterBot Kilo reevaluating
2024-10-14 13:54:11.926896 India: Yes
2024-10-14 13:54:11.927068 Kilo: Yes
2024-10-14 13:54:11.927188 X-ray: Yes
ChatterBot Kilo reevaluating
ChatterBot Kilo reevaluating
2024-10-14 13:54:11.956712 Papa: Uniform, sending you 3
2024-10-14 13:54:11.957381 Mike: Delta, sending you 1
2024-10-14 13:54:11.957869 India: X-ray, sending you 3
2024-10-14 13:54:11.958241 Oscar: Uniform, sending you 4
2024-10-14 13:54:11.959423 Hotel: Papa, Uniform and Oscar, sending you 3
2024-10-14 13:54:11.960077 Papa: Mike, Oscar and Hotel, sending you 2
2024-10-14 13:54:11.960683 Mike: Oscar, sending you 5
2024-10-14 13:54:11.963683 Oscar: Mike and Hotel, sending you 3
2024-10-14 13:54:11.965887 Hotel: Delta, sending you 2
2024-10-14 13:54:11.967615 Mike: Hotel, sending you 4
2024-10-14 13:54:11.969674 Hotel: Mike, sending you 5
2024-10-14 13:54:11.971659 Bravo: India, sending you 4
2024-10-14 13:54:11.974699 Bravo: Kilo and X-ray, sending you 5
2024-10-14 13:54:11.975811 Kilo: Oscar we want you to join our group
2024-10-14 13:54:11.980726 Oscar: No
ChatterBot Kilo reevaluating
2024-10-14 13:54:12.002992 Kilo: Papa we want you to join our group
2024-10-14 13:54:12.005425 Papa: No
ChatterBot Kilo reevaluating
2024-10-14 13:54:12.054656 Kilo: India, sending you 6
2024-10-14 13:54:12.059670 Kilo: Papa, sending you 2
2024-10-14 13:54:12.063684 Kilo: Bravo, sending you 5
2024-10-14 13:54:12.066649 Kilo: X-ray, sending you 4
chatterbot Papa submitting transactions
chatterbot Hotel submitting transactions
chatterbot Mike submitting transactions
chatterbot India submitting transactions
chatterbot Oscar submitting transactions
chatterbot X-ray submitting transactions
chatterbot Bravo submitting transactions
chatterbot Kilo submitting transactions
chatterbot Delta submitting transactions
chatterbot Uniform submitting transactions
ChatterBot India round 5
ChatterBot Papa round 5
ChatterBot Delta round 5
ChatterBot Uniform round 5
ChatterBot Bravo round 5
ChatterBot Mike round 5
ChatterBot Kilo round 5
ChatterBot Oscar round 5
ChatterBot X-ray round 5
ChatterBot Hotel round 5
2024-10-14 13:54:13.028258 X-ray: We should replace Uniform with Hotel
2024-10-14 13:54:13.040291 India: No
2024-10-14 13:54:13.040593 Kilo: No
2024-10-14 13:54:13.040771 Bravo: No
ChatterBot X-ray reevaluating
ChatterBot X-ray reevaluating
ChatterBot X-ray reevaluating
2024-10-14 13:54:13.094704 X-ray: Hotel we want you to join our group
2024-10-14 13:54:13.098791 Hotel: No
ChatterBot X-ray reevaluating
ChatterBot Kilo reevaluating
2024-10-14 13:54:13.115661 Papa: Delta, sending you 1
2024-10-14 13:54:13.117032 Oscar: Papa, Uniform, Mike and Hotel, sending you 3
2024-10-14 13:54:13.117783 Bravo: Sending you each 5
2024-10-14 13:54:13.118211 Uniform: Papa, Oscar and Hotel, sending you 4
2024-10-14 13:54:13.118920 Mike: Papa and Uniform, sending you 3
2024-10-14 13:54:13.119982 India: Bravo, sending you 5
2024-10-14 13:54:13.120444 Papa: Uniform, sending you 3
2024-10-14 13:54:13.121667 Oscar: Delta, sending you 2
2024-10-14 13:54:13.122377 Uniform: Delta, sending you 2
2024-10-14 13:54:13.123658 Papa: Mike, Oscar and Hotel, sending you 2
2024-10-14 13:54:13.124686 Mike: Delta, sending you 1
2024-10-14 13:54:13.125589 India: Kilo, sending you 7
2024-10-14 13:54:13.126425 Hotel: Papa, Uniform and Oscar, sending you 3
2024-10-14 13:54:13.127072 Uniform: Mike, sending you 3
2024-10-14 13:54:13.127729 Mike: Oscar, sending you 4
2024-10-14 13:54:13.129676 India: X-ray, sending you 4
2024-10-14 13:54:13.130073 Hotel: Delta, sending you 2
2024-10-14 13:54:13.132719 Mike: Hotel, sending you 5
2024-10-14 13:54:13.133352 Hotel: Mike, sending you 5
chatterbot India submitting transactions
chatterbot Oscar submitting transactions
chatterbot Kilo submitting transactions
chatterbot Papa submitting transactions
chatterbot Mike submitting transactions
chatterbot Bravo submitting transactions
chatterbot X-ray submitting transactions
chatterbot Uniform submitting transactions
chatterbot Delta submitting transactions
chatterbot Hotel submitting transactions
ChatterBot India round 6
ChatterBot Papa round 6
ChatterBot Delta round 6
ChatterBot Uniform round 6
ChatterBot Bravo round 6
ChatterBot Mike round 6
ChatterBot Kilo round 6
ChatterBot Oscar round 6
ChatterBot X-ray round 6
ChatterBot Hotel round 6
2024-10-14 13:54:14.241366 X-ray: We should replace Uniform with Delta
ChatterBot Kilo reevaluating
2024-10-14 13:54:14.254756 India: No
2024-10-14 13:54:14.254999 Kilo: No
2024-10-14 13:54:14.255145 Bravo: No
ChatterBot Kilo reevaluating
ChatterBot X-ray reevaluating
ChatterBot X-ray reevaluating
ChatterBot Kilo reevaluating
ChatterBot X-ray reevaluating
2024-10-14 13:54:14.308323 X-ray: We should replace Uniform with Mike
ChatterBot Kilo reevaluating
2024-10-14 13:54:14.321809 India: No
2024-10-14 13:54:14.322324 Kilo: No
2024-10-14 13:54:14.322496 Bravo: No
ChatterBot Kilo reevaluating
ChatterBot X-ray reevaluating
ChatterBot X-ray reevaluating
ChatterBot Kilo reevaluating
ChatterBot X-ray reevaluating
2024-10-14 13:54:14.353308 X-ray: We should replace Uniform with Hotel
2024-10-14 13:54:14.360644 India: No
2024-10-14 13:54:14.360762 Kilo: No
2024-10-14 13:54:14.360861 Bravo: No
ChatterBot Kilo reevaluating
ChatterBot X-ray reevaluating
ChatterBot X-ray reevaluating
ChatterBot Kilo reevaluating
ChatterBot X-ray reevaluating
2024-10-14 13:54:14.385153 X-ray: We should replace Uniform with Papa
ChatterBot Kilo reevaluating
2024-10-14 13:54:14.393387 India: No
2024-10-14 13:54:14.393516 Kilo: Yes
2024-10-14 13:54:14.393621 Bravo: No
ChatterBot Kilo reevaluating
ChatterBot X-ray reevaluating
ChatterBot X-ray reevaluating
ChatterBot Kilo reevaluating
ChatterBot X-ray reevaluating
2024-10-14 13:54:14.418855 Papa: Delta, sending you 1
2024-10-14 13:54:14.421687 India: Bravo, sending you 6
2024-10-14 13:54:14.422135 Bravo: Same as last round
2024-10-14 13:54:14.422833 Papa: Uniform, sending you 3
2024-10-14 13:54:14.423502 Mike: Papa and Uniform, sending you 3
2024-10-14 13:54:14.424131 Oscar: Papa, Uniform, Mike and Hotel, sending you 3
2024-10-14 13:54:14.425240 Hotel: Papa, Uniform and Oscar, sending you 3
2024-10-14 13:54:14.426207 Uniform: Papa, Oscar and Hotel, sending you 4
2024-10-14 13:54:14.426967 India: Kilo, sending you 7
2024-10-14 13:54:14.427391 Papa: Mike, Oscar and Hotel, sending you 2
2024-10-14 13:54:14.428476 Mike: Delta, sending you 1
2024-10-14 13:54:14.429155 X-ray: Hotel we want you to join our group
2024-10-14 13:54:14.433709 Hotel: No
ChatterBot X-ray reevaluating
ChatterBot Kilo reevaluating
2024-10-14 13:54:14.452807 Oscar: Delta, sending you 2
2024-10-14 13:54:14.453806 Uniform: Delta, sending you 2
2024-10-14 13:54:14.454292 India: X-ray, sending you 4
2024-10-14 13:54:14.454688 Hotel: Delta, sending you 2
2024-10-14 13:54:14.455715 Mike: Oscar, sending you 4
2024-10-14 13:54:14.458678 Uniform: Mike, sending you 3
2024-10-14 13:54:14.459206 Mike: Hotel, sending you 5
2024-10-14 13:54:14.460686 Hotel: Mike, sending you 5
chatterbot India submitting transactions
chatterbot Hotel submitting transactions
chatterbot Bravo submitting transactions
chatterbot Kilo submitting transactions
chatterbot X-ray submitting transactions
chatterbot Uniform submitting transactions
chatterbot Papa submitting transactions
chatterbot Delta submitting transactions
chatterbot Oscar submitting transactions
chatterbot Mike submitting transactions
ChatterBot India round 7
ChatterBot Papa round 7
ChatterBot Delta round 7
ChatterBot Uniform round 7
ChatterBot Bravo round 7
ChatterBot Mike round 7
ChatterBot Kilo round 7
ChatterBot Oscar round 7
ChatterBot X-ray round 7
ChatterBot Hotel round 7
2024-10-14 13:54:15.521832 X-ray: We should drop Uniform
ChatterBot Kilo reevaluating
2024-10-14 13:54:15.530233 India: Yes
2024-10-14 13:54:15.530404 Kilo: Yes
2024-10-14 13:54:15.530987 Bravo: Yes
ChatterBot Kilo reevaluating
ChatterBot X-ray reevaluating
ChatterBot X-ray reevaluating
ChatterBot Kilo reevaluating
ChatterBot X-ray reevaluating
2024-10-14 13:54:15.555825 Bravo: Same as last round
2024-10-14 13:54:15.558742 Mike: Papa and Uniform, sending you 3
2024-10-14 13:54:15.561328 Papa: Delta, sending you 1
2024-10-14 13:54:15.562002 Uniform: Papa, Oscar and Hotel, sending you 4
2024-10-14 13:54:15.562539 Hotel: Papa, Uniform and Oscar, sending you 3
2024-10-14 13:54:15.563048 India: Bravo, sending you 6
2024-10-14 13:54:15.563403 Oscar: Papa, Uniform, Mike and Hotel, sending you 3
2024-10-14 13:54:15.564002 Mike: Delta, sending you 1
2024-10-14 13:54:15.564686 Papa: Uniform, sending you 3
2024-10-14 13:54:15.566252 Uniform: Delta, sending you 2
2024-10-14 13:54:15.567008 Hotel: Delta, sending you 2
2024-10-14 13:54:15.567696 India: Kilo, sending you 7
2024-10-14 13:54:15.568072 Oscar: Delta, sending you 2
2024-10-14 13:54:15.568793 Mike: Oscar, sending you 4
2024-10-14 13:54:15.569398 Papa: Mike, Oscar and Hotel, sending you 2
2024-10-14 13:54:15.570773 Uniform: Mike, sending you 3
2024-10-14 13:54:15.571646 Hotel: Mike, sending you 5
2024-10-14 13:54:15.572158 Mike: Hotel, sending you 5
2024-10-14 13:54:15.572679 India: X-ray, sending you 4
chatterbot Papa submitting transactions
chatterbot India submitting transactions
chatterbot Delta submitting transactions
chatterbot X-ray submitting transactions
chatterbot Bravo submitting transactions
chatterbot Kilo submitting transactions
chatterbot Uniform submitting transactions
chatterbot Oscar submitting transactions
chatterbot Mike submitting transactions
chatterbot Hotel submitting transactions
ChatterBot India round 8
ChatterBot Papa round 8
ChatterBot Delta round 8
ChatterBot Uniform round 8
ChatterBot Bravo round 8
ChatterBot Mike round 8
ChatterBot Kilo round 8
ChatterBot Oscar round 8
ChatterBot X-ray round 8
ChatterBot Hotel round 8
2024-10-14 13:54:16.663206 X-ray: We should replace Uniform with Papa
2024-10-14 13:54:16.675905 India: No
2024-10-14 13:54:16.676075 Kilo: Yes
2024-10-14 13:54:16.676206 Bravo: No
ChatterBot X-ray reevaluating
ChatterBot X-ray reevaluating
ChatterBot X-ray reevaluating
2024-10-14 13:54:16.711822 X-ray: We should drop Uniform
2024-10-14 13:54:16.720499 India: Yes
2024-10-14 13:54:16.720656 Kilo: Yes
2024-10-14 13:54:16.720806 Bravo: Yes
ChatterBot X-ray reevaluating
ChatterBot X-ray reevaluating
ChatterBot X-ray reevaluating
2024-10-14 13:54:16.746351 India: Bravo, sending you 6
2024-10-14 13:54:16.749665 Oscar: Papa, Uniform, Mike and Hotel, sending you 3
2024-10-14 13:54:16.750866 Papa: Delta, sending you 1
2024-10-14 13:54:16.752054 India: Kilo, sending you 7
2024-10-14 13:54:16.752504 Mike: Papa and Uniform, sending you 3
2024-10-14 13:54:16.753146 Bravo: Same as last round
2024-10-14 13:54:16.753552 Uniform: Papa, Oscar and Hotel, sending you 4
2024-10-14 13:54:16.754619 Oscar: Delta, sending you 2
2024-10-14 13:54:16.755675 India: X-ray, sending you 4
2024-10-14 13:54:16.756141 Mike: Delta, sending you 1
2024-10-14 13:54:16.757224 Papa: Uniform, sending you 3
2024-10-14 13:54:16.757954 Uniform: Delta, sending you 2
2024-10-14 13:54:16.760772 Mike: Oscar, sending you 4
2024-10-14 13:54:16.761697 Papa: Mike, Oscar and Hotel, sending you 2
2024-10-14 13:54:16.763669 Uniform: Mike, sending you 3
2024-10-14 13:54:16.765005 Mike: Hotel, sending you 5
2024-10-14 13:54:16.768664 Hotel: Papa, Uniform and Oscar, sending you 3
2024-10-14 13:54:16.771692 Hotel: Delta, sending you 2
2024-10-14 13:54:16.774658 Hotel: Mike, sending you 5
chatterbot Uniform submitting transactions
chatterbot Hotel submitting transactions
chatterbot Bravo submitting transactions
chatterbot Delta submitting transactions
chatterbot Oscar submitting transactions
chatterbot India submitting transactions
chatterbot X-ray submitting transactions
chatterbot Papa submitting transactions
chatterbot Kilo submitting transactions
chatterbot Mike submitting transactions
ChatterBot India round 9
ChatterBot Papa round 9
ChatterBot Delta round 9
ChatterBot Uniform round 9
ChatterBot Bravo round 9
ChatterBot Mike round 9
ChatterBot Kilo round 9
ChatterBot Oscar round 9
ChatterBot X-ray round 9
ChatterBot Hotel round 9
2024-10-14 13:54:17.949062 X-ray: We should replace Uniform with Papa
ChatterBot Kilo reevaluating
2024-10-14 13:54:17.971042 India: No
2024-10-14 13:54:17.971578 Kilo: No
2024-10-14 13:54:17.971869 Bravo: No
ChatterBot Kilo reevaluating
ChatterBot X-ray reevaluating
ChatterBot X-ray reevaluating
ChatterBot Kilo reevaluating
ChatterBot X-ray reevaluating
2024-10-14 13:54:18.064096 X-ray: Papa we want you to join our group
2024-10-14 13:54:18.067640 Papa: No
ChatterBot X-ray reevaluating
2024-10-14 13:54:18.083667 Oscar: Papa, Uniform, Mike and Hotel, sending you 3
2024-10-14 13:54:18.085204 India: Bravo, sending you 6
2024-10-14 13:54:18.085686 Mike: Papa and Uniform, sending you 3
2024-10-14 13:54:18.086556 Hotel: Papa, Uniform and Oscar, sending you 3
2024-10-14 13:54:18.087677 Bravo: Same as last round
2024-10-14 13:54:18.088115 Papa: Delta, sending you 1
2024-10-14 13:54:18.088853 Uniform: Papa, Oscar and Hotel, sending you 4
2024-10-14 13:54:18.089518 Oscar: Delta, sending you 2
2024-10-14 13:54:18.090952 X-ray: We should drop Uniform
ChatterBot Kilo reevaluating
2024-10-14 13:54:18.101287 India: Yes
2024-10-14 13:54:18.101530 Kilo: Yes
2024-10-14 13:54:18.101690 Bravo: Yes
ChatterBot Kilo reevaluating
ChatterBot X-ray reevaluating
ChatterBot X-ray reevaluating
ChatterBot Kilo reevaluating
ChatterBot X-ray reevaluating
2024-10-14 13:54:18.132121 India: Kilo, sending you 7
2024-10-14 13:54:18.132875 Mike: Delta, sending you 1
2024-10-14 13:54:18.133921 Papa: Uniform, sending you 3
2024-10-14 13:54:18.135349 Hotel: Delta, sending you 2
2024-10-14 13:54:18.136223 Uniform: Delta, sending you 2
2024-10-14 13:54:18.137173 India: X-ray, sending you 4
2024-10-14 13:54:18.138362 Mike: Oscar, sending you 4
2024-10-14 13:54:18.139665 Papa: Mike, Oscar and Hotel, sending you 2
2024-10-14 13:54:18.141621 Hotel: Mike, sending you 5
2024-10-14 13:54:18.142979 Uniform: Mike, sending you 3
2024-10-14 13:54:18.143984 Mike: Hotel, sending you 5
chatterbot Mike submitting transactions
chatterbot Delta submitting transactions
chatterbot Uniform submitting transactions
chatterbot Bravo submitting transactions
chatterbot Kilo submitting transactions
chatterbot X-ray submitting transactions
chatterbot India submitting transactions
chatterbot Hotel submitting transactions
chatterbot Papa submitting transactions
chatterbot Oscar submitting transactions
ChatterBot India round 10
ChatterBot Papa round 10
ChatterBot Delta round 10
ChatterBot Uniform round 10
ChatterBot Bravo round 10
ChatterBot Mike round 10
ChatterBot Kilo round 10
ChatterBot Oscar round 10
ChatterBot X-ray round 10
ChatterBot Hotel round 10
2024-10-14 13:54:19.291543 Mike: We should drop Delta
ChatterBot Hotel reevaluating
2024-10-14 13:54:19.305345 Papa: No
2024-10-14 13:54:19.305498 Uniform: No
2024-10-14 13:54:19.305638 Oscar: No
2024-10-14 13:54:19.305765 Hotel: Yes
ChatterBot Mike reevaluating
ChatterBot Hotel reevaluating
ChatterBot Mike reevaluating
ChatterBot Hotel reevaluating
ChatterBot Mike reevaluating
ChatterBot Hotel reevaluating
ChatterBot Mike reevaluating
ChatterBot Oscar reevaluating
2024-10-14 13:54:19.358506 X-ray: We should drop Uniform
ChatterBot Kilo reevaluating
2024-10-14 13:54:19.367084 India: Yes
2024-10-14 13:54:19.367244 Kilo: Yes
2024-10-14 13:54:19.367363 Bravo: Yes
ChatterBot Kilo reevaluating
ChatterBot X-ray reevaluating
ChatterBot X-ray reevaluating
ChatterBot Kilo reevaluating
ChatterBot X-ray reevaluating
2024-10-14 13:54:19.395676 Papa: Delta, sending you 1
2024-10-14 13:54:19.396968 Uniform: Papa, Oscar and Hotel, sending you 4
2024-10-14 13:54:19.398159 India: Bravo, sending you 6
2024-10-14 13:54:19.398771 Bravo: Same as last round
2024-10-14 13:54:19.400725 Uniform: Delta, sending you 2
2024-10-14 13:54:19.401681 Papa: Uniform, sending you 3
2024-10-14 13:54:19.402686 India: Kilo, sending you 7
2024-10-14 13:54:19.405668 Uniform: Mike, sending you 3
2024-10-14 13:54:19.407060 Papa: Mike, Oscar and Hotel, sending you 2
2024-10-14 13:54:19.407630 Hotel: Papa, Uniform and Oscar, sending you 3
2024-10-14 13:54:19.408649 India: X-ray, sending you 4
2024-10-14 13:54:19.410676 Hotel: Delta, sending you 2
2024-10-14 13:54:19.414689 Mike: Papa and Uniform, sending you 3
2024-10-14 13:54:19.417016 Hotel: Mike, sending you 5
2024-10-14 13:54:19.418650 Mike: Delta, sending you 1
2024-10-14 13:54:19.422654 Mike: Oscar, sending you 4
2024-10-14 13:54:19.427669 Mike: Hotel, sending you 5
chatterbot Bravo submitting transactions
chatterbot Papa submitting transactions
chatterbot Hotel submitting transactions
chatterbot Kilo submitting transactions
chatterbot Delta submitting transactions
chatterbot India submitting transactions
chatterbot Oscar submitting transactions
chatterbot Uniform submitting transactions
chatterbot X-ray submitting transactions
chatterbot Mike submitting transactions
ChatterBot India round 11
ChatterBot Papa round 11
ChatterBot Delta round 11
ChatterBot Uniform round 11
ChatterBot Bravo round 11
ChatterBot Mike round 11
ChatterBot Kilo round 11
ChatterBot Oscar round 11
ChatterBot X-ray round 11
ChatterBot Hotel round 11
2024-10-14 13:54:20.633848 Bravo: We should add Mike
ChatterBot India reevaluating
ChatterBot Kilo reevaluating
ChatterBot X-ray reevaluating
2024-10-14 13:54:20.650387 India: Yes
2024-10-14 13:54:20.650568 Kilo: Yes
2024-10-14 13:54:20.650726 X-ray: No
ChatterBot Kilo reevaluating
ChatterBot X-ray reevaluating
ChatterBot India reevaluating
ChatterBot X-ray reevaluating
ChatterBot India reevaluating
ChatterBot Kilo reevaluating
ChatterBot Bravo reevaluating
2024-10-14 13:54:20.705587 Oscar: We should add Kilo
ChatterBot Papa reevaluating
2024-10-14 13:54:20.718235 Mike: No
2024-10-14 13:54:20.718382 Papa: Yes
2024-10-14 13:54:20.718497 Uniform: No
2024-10-14 13:54:20.718607 Hotel: No
ChatterBot Papa reevaluating
ChatterBot Oscar reevaluating
ChatterBot Oscar reevaluating
ChatterBot Papa reevaluating
ChatterBot Oscar reevaluating
ChatterBot Papa reevaluating
ChatterBot Oscar reevaluating
2024-10-14 13:54:20.788406 Bravo: We should add Hotel
ChatterBot India reevaluating
ChatterBot Kilo reevaluating
ChatterBot X-ray reevaluating
2024-10-14 13:54:20.803719 India: No
2024-10-14 13:54:20.803897 Kilo: No
2024-10-14 13:54:20.804109 X-ray: Yes
ChatterBot Kilo reevaluating
ChatterBot Bravo reevaluating
ChatterBot X-ray reevaluating
ChatterBot India reevaluating
ChatterBot Bravo reevaluating
ChatterBot X-ray reevaluating
ChatterBot India reevaluating
ChatterBot Kilo reevaluating
ChatterBot Bravo reevaluating
2024-10-14 13:54:20.848246 X-ray: We should replace Uniform with Mike
ChatterBot India reevaluating
ChatterBot Kilo reevaluating
ChatterBot Bravo reevaluating
2024-10-14 13:54:20.862058 India: Yes
2024-10-14 13:54:20.862214 Kilo: Yes
2024-10-14 13:54:20.862725 Bravo: Yes
ChatterBot Kilo reevaluating
ChatterBot Bravo reevaluating
ChatterBot X-ray reevaluating
ChatterBot India reevaluating
ChatterBot Bravo reevaluating
ChatterBot X-ray reevaluating
