ChatterBot Zulu round 1
ChatterBot Mike round 1
ChatterBot Charlie round 1
ChatterBot Yankee round 1
ChatterBot Papa round 1
ChatterBot Golf round 1
ChatterBot November round 1
ChatterBot Sierra round 1
randomSelections Charlie: {Charlie, Foxtrot, Yankee, Victor, November, Sierra} 
2024-10-14 13:54:04.762022 Charlie: Can we be friends?
ChatterBot Yankee reevaluating
ChatterBot November reevaluating
ChatterBot Sierra reevaluating
2024-10-14 13:54:04.773273 Yankee: Yes
2024-10-14 13:54:04.774366 November: Yes
2024-10-14 13:54:04.774565 Sierra: Yes
ChatterBot November reevaluating
ChatterBot Sierra reevaluating
ChatterBot Yankee reevaluating
ChatterBot Sierra reevaluating
ChatterBot Yankee reevaluating
ChatterBot November reevaluating
ChatterBot Foxtrot round 1
ChatterBot Foxtrot reevaluating
ChatterBot Foxtrot reevaluating
ChatterBot Foxtrot reevaluating
ChatterBot Foxtrot reevaluating
2024-10-14 13:54:04.813372 Foxtrot: Yes
ChatterBot Yankee reevaluating
ChatterBot November reevaluating
ChatterBot Sierra reevaluating
ChatterBot Victor round 1
ChatterBot Victor reevaluating
ChatterBot Victor reevaluating
ChatterBot Victor reevaluating
ChatterBot Victor reevaluating
ChatterBot Victor reevaluating
2024-10-14 13:54:04.839794 Victor: Yes
ChatterBot Foxtrot reevaluating
ChatterBot Yankee reevaluating
ChatterBot November reevaluating
ChatterBot Sierra reevaluating
randomSelections Papa: {Papa, Yankee, Golf, Charlie, November, Sierra} 
2024-10-14 13:54:04.859494 Papa: Let's form a team
ChatterBot Yankee reevaluating
ChatterBot Golf reevaluating
ChatterBot November reevaluating
ChatterBot Sierra reevaluating
2024-10-14 13:54:04.871116 Yankee: No
2024-10-14 13:54:04.871293 Golf: Yes
2024-10-14 13:54:04.871441 Charlie: No
2024-10-14 13:54:04.872016 November: No
2024-10-14 13:54:04.872152 Sierra: No
ChatterBot Golf reevaluating
ChatterBot November reevaluating
ChatterBot Sierra reevaluating
ChatterBot Yankee reevaluating
ChatterBot November reevaluating
ChatterBot Sierra reevaluating
ChatterBot Yankee reevaluating
ChatterBot Golf reevaluating
ChatterBot November reevaluating
ChatterBot Sierra reevaluating
ChatterBot Yankee reevaluating
ChatterBot Golf reevaluating
ChatterBot Sierra reevaluating
ChatterBot Yankee reevaluating
ChatterBot Golf reevaluating
ChatterBot November reevaluating
randomSelections Zulu: {Zulu, Mike, Foxtrot, Papa, November, Charlie} 
2024-10-14 13:54:04.932038 Zulu: We should group up
ChatterBot Mike reevaluating
ChatterBot Foxtrot reevaluating
ChatterBot November reevaluating
2024-10-14 13:54:04.944189 Mike: Yes
2024-10-14 13:54:04.944359 Foxtrot: No
2024-10-14 13:54:04.944499 Papa: No
2024-10-14 13:54:04.944661 November: No
2024-10-14 13:54:04.944819 Charlie: No
ChatterBot Foxtrot reevaluating
ChatterBot November reevaluating
ChatterBot Mike reevaluating
ChatterBot November reevaluating
ChatterBot Mike reevaluating
ChatterBot Foxtrot reevaluating
ChatterBot November reevaluating
ChatterBot Mike reevaluating
ChatterBot Foxtrot reevaluating
ChatterBot Mike reevaluating
ChatterBot Foxtrot reevaluating
ChatterBot November reevaluating
2024-10-14 13:54:05.029715 Yankee: Charlie, sending you 4
2024-10-14 13:54:05.030128 Mike: Zulu, sending you 4
2024-10-14 13:54:05.031758 November: Charlie, sending you 4
2024-10-14 13:54:05.032209 Charlie: Yankee, November and Foxtrot, sending you 4
2024-10-14 13:54:05.032673 Mike: Charlie and Papa, sending you 2
2024-10-14 13:54:05.034678 Yankee: November, sending you 5
2024-10-14 13:54:05.035998 November: Yankee, sending you 3
2024-10-14 13:54:05.036407 Golf: Charlie, sending you 1
2024-10-14 13:54:05.036862 Charlie: Sierra, sending you 3
2024-10-14 13:54:05.037990 Mike: November, sending you 3
2024-10-14 13:54:05.038467 Foxtrot: Charlie and Sierra, sending you 2
2024-10-14 13:54:05.039630 Zulu: Mike and Charlie, sending you 2
2024-10-14 13:54:05.040072 Yankee: Sierra, sending you 3
2024-10-14 13:54:05.040708 November: Sierra, sending you 5
2024-10-14 13:54:05.041695 Mike: Foxtrot, sending you 1
2024-10-14 13:54:05.042117 Golf: Yankee, sending you 6
2024-10-14 13:54:05.043727 Victor: Charlie, sending you 2
2024-10-14 13:54:05.044153 Yankee: Foxtrot, sending you 1
2024-10-14 13:54:05.045428 Foxtrot: Yankee, sending you 1
2024-10-14 13:54:05.045775 Zulu: Papa, sending you 4
2024-10-14 13:54:05.046106 November: Foxtrot and Victor, sending you 2
2024-10-14 13:54:05.047265 Victor: Yankee and Foxtrot, sending you 1
2024-10-14 13:54:05.050204 Golf: Papa and Sierra, sending you 2
2024-10-14 13:54:05.050574 Yankee: Victor, sending you 2
2024-10-14 13:54:05.051590 Foxtrot: November, sending you 4
2024-10-14 13:54:05.051932 Zulu: November, sending you 1
2024-10-14 13:54:05.052652 Golf: November, sending you 4
chatterbot Golf submitting transactions
chatterbot Victor submitting transactions
chatterbot Foxtrot submitting transactions
chatterbot Charlie submitting transactions
chatterbot Papa submitting transactions
chatterbot November submitting transactions
chatterbot Sierra submitting transactions
chatterbot Mike submitting transactions
chatterbot Yankee submitting transactions
chatterbot Zulu submitting transactions
ChatterBot Zulu round 2
ChatterBot Mike round 2
ChatterBot Charlie round 2
ChatterBot Yankee round 2
ChatterBot Papa round 2
ChatterBot Golf round 2
ChatterBot November round 2
2024-10-14 13:54:07.224782 Mike: Can we be friends?
ChatterBot Zulu reevaluating
ChatterBot Papa reevaluating
2024-10-14 13:54:07.265620 Zulu: Yes
2024-10-14 13:54:07.265828 Papa: Yes
ChatterBot Papa reevaluating
ChatterBot Zulu reevaluating
2024-10-14 13:54:07.293499 Papa: Can we be friends?
ChatterBot Zulu reevaluating
ChatterBot Golf reevaluating
2024-10-14 13:54:07.305465 Zulu: Yes
2024-10-14 13:54:07.306190 Mike: No
2024-10-14 13:54:07.306389 Golf: No
ChatterBot Mike reevaluating
ChatterBot Papa reevaluating
ChatterBot Golf reevaluating
ChatterBot Zulu reevaluating
ChatterBot Papa reevaluating
ChatterBot Golf reevaluating
ChatterBot Zulu reevaluating
ChatterBot Mike reevaluating
ChatterBot Papa reevaluating
ChatterBot Sierra round 2
ChatterBot Foxtrot round 2
2024-10-14 13:54:07.360278 Charlie: We should replace Sierra with Golf
ChatterBot Yankee reevaluating
ChatterBot November reevaluating
ChatterBot Foxtrot reevaluating
ChatterBot Victor reevaluating
2024-10-14 13:54:07.385970 Yankee: Yes
2024-10-14 13:54:07.386185 November: Yes
2024-10-14 13:54:07.386305 Foxtrot: Yes
2024-10-14 13:54:07.386422 Victor: No
ChatterBot November reevaluating
ChatterBot Foxtrot reevaluating
ChatterBot Victor reevaluating
ChatterBot Yankee reevaluating
ChatterBot Foxtrot reevaluating
ChatterBot Victor reevaluating
ChatterBot Yankee reevaluating
ChatterBot November reevaluating
ChatterBot Victor reevaluating
ChatterBot Yankee reevaluating
ChatterBot November reevaluating
ChatterBot Foxtrot reevaluating
ChatterBot Victor round 2
2024-10-14 13:54:07.503719 Sierra: We should replace Victor with Golf
ChatterBot Yankee reevaluating
ChatterBot November reevaluating
ChatterBot Foxtrot reevaluating
2024-10-14 13:54:07.521034 Charlie: No
2024-10-14 13:54:07.521176 Yankee: No
2024-10-14 13:54:07.521277 November: No
2024-10-14 13:54:07.521370 Foxtrot: No
ChatterBot Yankee reevaluating
ChatterBot November reevaluating
ChatterBot Foxtrot reevaluating
ChatterBot November reevaluating
ChatterBot Foxtrot reevaluating
ChatterBot Yankee reevaluating
ChatterBot Foxtrot reevaluating
ChatterBot Yankee reevaluating
ChatterBot November reevaluating
2024-10-14 13:54:07.594014 Charlie: Golf we want you to join our group
2024-10-14 13:54:07.598327 Golf: No
ChatterBot Yankee reevaluating
ChatterBot November reevaluating
ChatterBot Foxtrot reevaluating
ChatterBot Victor reevaluating
2024-10-14 13:54:07.620317 Victor: We should replace Sierra with Golf
ChatterBot Yankee reevaluating
ChatterBot November reevaluating
ChatterBot Foxtrot reevaluating
2024-10-14 13:54:07.681707 Charlie: Yes
2024-10-14 13:54:07.681897 Yankee: Yes
2024-10-14 13:54:07.682783 November: Yes
2024-10-14 13:54:07.683064 Foxtrot: Yes
ChatterBot Yankee reevaluating
ChatterBot November reevaluating
ChatterBot Foxtrot reevaluating
ChatterBot Victor reevaluating
ChatterBot November reevaluating
ChatterBot Foxtrot reevaluating
ChatterBot Victor reevaluating
ChatterBot Yankee reevaluating
ChatterBot Foxtrot reevaluating
ChatterBot Victor reevaluating
ChatterBot Yankee reevaluating
ChatterBot November reevaluating
ChatterBot Victor reevaluating
2024-10-14 13:54:07.760788 Sierra: Golf we want you to join our group
ChatterBot Golf reevaluating
2024-10-14 13:54:07.765337 Golf: No
ChatterBot Yankee reevaluating
ChatterBot November reevaluating
ChatterBot Foxtrot reevaluating
2024-10-14 13:54:07.980805 Mike: Zulu, sending you 6
2024-10-14 13:54:07.981605 Zulu: Mike, sending you 7
2024-10-14 13:54:07.981933 Yankee: Golf we want you to join our group
ChatterBot Golf reevaluating
2024-10-14 13:54:07.989309 Golf: Yes
ChatterBot Yankee reevaluating
2024-10-14 13:54:08.008954 Papa: Zulu, sending you 6
2024-10-14 13:54:08.009295 Victor: Golf we want you to join our group
ChatterBot Golf reevaluating
2024-10-14 13:54:08.013629 Golf: No
2024-10-14 13:54:08.076747 Golf: We should replace Sierra with Foxtrot
2024-10-14 13:54:08.093047 Charlie: Yes
2024-10-14 13:54:08.093364 Yankee: Yes
2024-10-14 13:54:08.093576 November: Yes
2024-10-14 13:54:08.093757 Papa: No
ChatterBot Golf reevaluating
ChatterBot Golf reevaluating
ChatterBot Golf reevaluating
ChatterBot Golf reevaluating
2024-10-14 13:54:08.160395 Foxtrot: Golf we want you to join our group
ChatterBot Golf reevaluating
2024-10-14 13:54:08.165510 Golf: No
2024-10-14 13:54:08.185023 November: Golf we want you to join our group
ChatterBot Golf reevaluating
2024-10-14 13:54:08.189914 Golf: No
2024-10-14 13:54:08.209170 Mike: Papa and Golf, sending you 2
2024-10-14 13:54:08.209518 Zulu: Papa and Golf, sending you 3
2024-10-14 13:54:08.209835 Papa: Mike, sending you 5
chatterbot Mike submitting transactions
chatterbot Sierra submitting transactions
chatterbot Charlie submitting transactions
2024-10-14 13:54:08.260403 Sierra: Charlie and Yankee, sending you 2
2024-10-14 13:54:08.260789 Papa: Golf, sending you 4
2024-10-14 13:54:08.261415 Charlie: Yankee and November, sending you 4
chatterbot Papa submitting transactions
2024-10-14 13:54:08.282960 Sierra: Golf and Foxtrot, sending you 1
2024-10-14 13:54:08.283321 Charlie: Golf, sending you 1
2024-10-14 13:54:08.283689 Foxtrot: Charlie, sending you 5
2024-10-14 13:54:08.284375 Victor: Charlie and Golf, sending you 2
2024-10-14 13:54:08.284683 November: Charlie, Yankee, Golf and Foxtrot, sending you 4
2024-10-14 13:54:08.298792 Sierra: November, sending you 4
2024-10-14 13:54:08.299271 Foxtrot: Yankee and Victor, sending you 3
2024-10-14 13:54:08.300080 Charlie: Foxtrot and Victor, sending you 3
2024-10-14 13:54:08.300553 Victor: Yankee and November, sending you 5
2024-10-14 13:54:08.301790 Golf: Sending you each 4
2024-10-14 13:54:08.302138 Yankee: Charlie, sending you 4
2024-10-14 13:54:08.311114 Foxtrot: Golf, sending you 1
2024-10-14 13:54:08.312295 Victor: Foxtrot, sending you 1
2024-10-14 13:54:08.312958 Yankee: Golf, sending you 6
chatterbot Zulu submitting transactions
2024-10-14 13:54:08.316527 Foxtrot: November, sending you 4
2024-10-14 13:54:08.317445 Yankee: November, sending you 3
2024-10-14 13:54:08.320747 Yankee: Foxtrot and Victor, sending you 2
chatterbot Foxtrot submitting transactions
chatterbot Golf submitting transactions
chatterbot Victor submitting transactions
chatterbot Yankee submitting transactions
chatterbot November submitting transactions
ChatterBot Zulu round 3
ChatterBot Mike round 3
ChatterBot Charlie round 3
ChatterBot Yankee round 3
ChatterBot Papa round 3
ChatterBot Golf round 3
ChatterBot November round 3
ChatterBot Sierra round 3
2024-10-14 13:54:09.622629 Charlie: We should add Sierra
ChatterBot Golf reevaluating
ChatterBot Yankee reevaluating
ChatterBot November reevaluating
2024-10-14 13:54:09.653629 Golf: Yes
2024-10-14 13:54:09.654717 Yankee: Yes
2024-10-14 13:54:09.655090 November: Yes
2024-10-14 13:54:09.656648 Foxtrot: No
2024-10-14 13:54:09.657077 Victor: No
ChatterBot Yankee reevaluating
ChatterBot November reevaluating
ChatterBot Golf reevaluating
ChatterBot November reevaluating
ChatterBot Golf reevaluating
ChatterBot Yankee reevaluating
ChatterBot Golf reevaluating
ChatterBot Yankee reevaluating
ChatterBot November reevaluating
ChatterBot Golf reevaluating
ChatterBot Yankee reevaluating
ChatterBot November reevaluating
2024-10-14 13:54:09.798988 Golf: We should add Sierra and Victor
ChatterBot Yankee reevaluating
ChatterBot November reevaluating
2024-10-14 13:54:09.821279 Charlie: Yes
2024-10-14 13:54:09.821503 Yankee: Yes
2024-10-14 13:54:09.821678 November: Yes
2024-10-14 13:54:09.822215 Foxtrot: No
ChatterBot Golf reevaluating
ChatterBot Yankee reevaluating
ChatterBot November reevaluating
ChatterBot Golf reevaluating
ChatterBot November reevaluating
ChatterBot Golf reevaluating
ChatterBot Yankee reevaluating
ChatterBot Golf reevaluating
ChatterBot Yankee reevaluating
ChatterBot November reevaluating
ChatterBot Foxtrot round 3
ChatterBot Victor round 3
2024-10-14 13:54:09.982159 Sierra: We should add Victor
ChatterBot Yankee reevaluating
ChatterBot Golf reevaluating
ChatterBot November reevaluating
ChatterBot Foxtrot reevaluating
2024-10-14 13:54:10.009866 Charlie: Yes
2024-10-14 13:54:10.010218 Yankee: Yes
2024-10-14 13:54:10.010505 Golf: Yes
2024-10-14 13:54:10.011511 November: Yes
2024-10-14 13:54:10.011809 Foxtrot: Yes
ChatterBot Yankee reevaluating
ChatterBot Golf reevaluating
ChatterBot November reevaluating
ChatterBot Foxtrot reevaluating
ChatterBot Golf reevaluating
ChatterBot November reevaluating
ChatterBot Foxtrot reevaluating
ChatterBot Yankee reevaluating
ChatterBot November reevaluating
ChatterBot Foxtrot reevaluating
ChatterBot Yankee reevaluating
ChatterBot Golf reevaluating
ChatterBot Foxtrot reevaluating
ChatterBot Yankee reevaluating
ChatterBot Golf reevaluating
ChatterBot November reevaluating
2024-10-14 13:54:10.143355 Foxtrot: We should add Sierra
ChatterBot Golf reevaluating
ChatterBot Yankee reevaluating
ChatterBot November reevaluating
ChatterBot Victor reevaluating
2024-10-14 13:54:10.168746 Golf: Yes
2024-10-14 13:54:10.169310 Charlie: Yes
2024-10-14 13:54:10.169457 Yankee: Yes
2024-10-14 13:54:10.169599 November: Yes
2024-10-14 13:54:10.169748 Victor: Yes
ChatterBot Yankee reevaluating
ChatterBot November reevaluating
ChatterBot Foxtrot reevaluating
ChatterBot Victor reevaluating
ChatterBot Golf reevaluating
ChatterBot Yankee reevaluating
ChatterBot November reevaluating
ChatterBot Foxtrot reevaluating
ChatterBot Victor reevaluating
ChatterBot Golf reevaluating
ChatterBot November reevaluating
ChatterBot Foxtrot reevaluating
ChatterBot Victor reevaluating
ChatterBot Golf reevaluating
ChatterBot Yankee reevaluating
ChatterBot Foxtrot reevaluating
ChatterBot Victor reevaluating
ChatterBot Golf reevaluating
ChatterBot Yankee reevaluating
ChatterBot November reevaluating
ChatterBot Foxtrot reevaluating
2024-10-14 13:54:10.300108 Zulu: We should drop Golf
ChatterBot Papa reevaluating
2024-10-14 13:54:10.309761 Mike: Yes
2024-10-14 13:54:10.309930 Papa: Yes
ChatterBot Papa reevaluating
2024-10-14 13:54:10.368373 Papa: We should replace Golf with Sierra
2024-10-14 13:54:10.374329 Mike: No
2024-10-14 13:54:10.375131 Zulu: No
ChatterBot Papa reevaluating
ChatterBot Papa reevaluating
2024-10-14 13:54:10.386796 Charlie: Sierra we want you to join our group
2024-10-14 13:54:10.390171 Sierra: Yes
ChatterBot Yankee reevaluating
ChatterBot Golf reevaluating
ChatterBot November reevaluating
ChatterBot Foxtrot reevaluating
ChatterBot Victor reevaluating
2024-10-14 13:54:10.418622 Sierra: Victor we want you to join our group
ChatterBot Victor reevaluating
2024-10-14 13:54:10.422844 Victor: Yes
ChatterBot Golf reevaluating
ChatterBot Foxtrot reevaluating
2024-10-14 13:54:10.442114 Papa: We should replace Golf with Victor
2024-10-14 13:54:10.447127 Mike: No
2024-10-14 13:54:10.447297 Zulu: No
ChatterBot Papa reevaluating
ChatterBot Papa reevaluating
2024-10-14 13:54:10.460201 November: Sierra we want you to join our group
2024-10-14 13:54:10.463502 Sierra: Yes
ChatterBot Golf reevaluating
2024-10-14 13:54:10.479065 Yankee: Sierra we want you to join our group
2024-10-14 13:54:10.482247 Sierra: Yes
ChatterBot Golf reevaluating
2024-10-14 13:54:10.497509 Foxtrot: Sierra we want you to join our group
2024-10-14 13:54:10.500683 Sierra: Yes
2024-10-14 13:54:10.516279 Papa: Sierra we want you to join our group
2024-10-14 13:54:10.518893 Sierra: No
ChatterBot Zulu reevaluating
ChatterBot Mike reevaluating
2024-10-14 13:54:10.529069 Golf: Sierra and Victor we want you to join our group
2024-10-14 13:54:10.534930 Sierra: Yes
2024-10-14 13:54:10.535066 Victor: Yes
2024-10-14 13:54:10.578572 Charlie: Yankee, November and Foxtrot, sending you 3
2024-10-14 13:54:10.579866 Mike: Sierra we want you to join our group
2024-10-14 13:54:10.583436 Sierra: No
ChatterBot Zulu reevaluating
ChatterBot Mike reevaluating
2024-10-14 13:54:10.592320 Victor: Charlie and Yankee, sending you 4
2024-10-14 13:54:10.593244 Sierra: Charlie and Yankee, sending you 3
2024-10-14 13:54:10.593591 Charlie: Golf, Sierra and Victor, sending you 2
2024-10-14 13:54:10.594723 November: Charlie, Yankee, Golf and Foxtrot, sending you 3
2024-10-14 13:54:10.595690 Yankee: Charlie and Golf, sending you 4
2024-10-14 13:54:10.597398 Victor: Golf and Sierra, sending you 1
2024-10-14 13:54:10.598509 Sierra: Golf and Foxtrot, sending you 2
2024-10-14 13:54:10.599030 Papa: Zulu, sending you 7
2024-10-14 13:54:10.599356 Foxtrot: Charlie and November, sending you 4
2024-10-14 13:54:10.600327 November: Sierra and Victor, sending you 2
2024-10-14 13:54:10.601117 Zulu: We should drop Sierra
ChatterBot Mike reevaluating
ChatterBot Papa reevaluating
2024-10-14 13:54:10.609851 Mike: Yes
2024-10-14 13:54:10.610062 Papa: Yes
ChatterBot Zulu reevaluating
ChatterBot Papa reevaluating
ChatterBot Mike reevaluating
ChatterBot Zulu reevaluating
2024-10-14 13:54:10.627015 Yankee: November and Victor, sending you 3
2024-10-14 13:54:10.628094 Victor: November, sending you 2
2024-10-14 13:54:10.628539 Sierra: November, sending you 5
2024-10-14 13:54:10.629408 Foxtrot: Yankee and Victor, sending you 2
chatterbot Charlie submitting transactions
2024-10-14 13:54:10.634512 Golf: Charlie, Sierra and Foxtrot, sending you 1
2024-10-14 13:54:10.635708 Victor: Foxtrot, sending you 3
2024-10-14 13:54:10.637141 Papa: Victor we want you to join our group
2024-10-14 13:54:10.641848 Victor: No
ChatterBot Papa reevaluating
ChatterBot Zulu reevaluating
ChatterBot Mike reevaluating
2024-10-14 13:54:10.659175 Yankee: Sierra, sending you 1
2024-10-14 13:54:10.660346 Foxtrot: Golf, sending you 3
2024-10-14 13:54:10.661586 Golf: Yankee, sending you 7
2024-10-14 13:54:10.670698 Yankee: Foxtrot, sending you 2
2024-10-14 13:54:10.671401 Foxtrot: Sierra, sending you 1
2024-10-14 13:54:10.672032 Golf: November, sending you 4
2024-10-14 13:54:11.268882 Golf: Victor, sending you 2
chatterbot Mike submitting transactions
chatterbot November submitting transactions
chatterbot Victor submitting transactions
chatterbot Yankee submitting transactions
chatterbot Golf submitting transactions
chatterbot Zulu submitting transactions
chatterbot Sierra submitting transactions
2024-10-14 13:54:11.402860 Mike: Sending you each 6
chatterbot Foxtrot submitting transactions
chatterbot Papa submitting transactions
ChatterBot Zulu round 4
ChatterBot Mike round 4
ChatterBot Charlie round 4
ChatterBot Yankee round 4
ChatterBot Papa round 4
ChatterBot Golf round 4
ChatterBot November round 4
ChatterBot Sierra round 4
ChatterBot Foxtrot round 4
ChatterBot Victor round 4
2024-10-14 13:54:11.685560 Yankee: Charlie, November and Victor, sending you 3
2024-10-14 13:54:11.689038 Mike: Same as last round
2024-10-14 13:54:11.689349 Victor: Charlie, Yankee, November and Foxtrot, sending you 3
2024-10-14 13:54:11.690453 Foxtrot: Charlie and November, sending you 4
2024-10-14 13:54:11.691394 November: Charlie, Yankee, Golf, Sierra and Foxtrot, sending you 3
2024-10-14 13:54:11.692869 Charlie: Yankee, November and Foxtrot, sending you 3
2024-10-14 13:54:11.693542 Yankee: Golf, sending you 4
2024-10-14 13:54:11.694832 Zulu: Same as last round
2024-10-14 13:54:11.695263 Golf: Charlie, Sierra and Foxtrot, sending you 2
2024-10-14 13:54:11.696424 Sierra: Charlie, sending you 4
2024-10-14 13:54:11.697049 Victor: Golf, sending you 2
2024-10-14 13:54:11.698326 Foxtrot: Yankee, Golf, Sierra and Victor, sending you 2
2024-10-14 13:54:11.699490 November: Victor, sending you 1
2024-10-14 13:54:11.700318 Charlie: Golf, Sierra and Victor, sending you 2
2024-10-14 13:54:11.701833 Yankee: Sierra and Foxtrot, sending you 2
2024-10-14 13:54:11.702438 Sierra: Yankee, sending you 3
2024-10-14 13:54:11.703483 Golf: Yankee, sending you 5
2024-10-14 13:54:11.704056 Victor: Sierra, sending you 1
2024-10-14 13:54:11.706659 Golf: November, sending you 4
2024-10-14 13:54:11.707677 Sierra: Golf and Foxtrot, sending you 2
2024-10-14 13:54:11.710192 Golf: Victor, sending you 1
2024-10-14 13:54:11.714539 Sierra: November, sending you 6
2024-10-14 13:54:11.718678 Sierra: Victor, sending you 1
chatterbot Zulu submitting transactions
chatterbot Mike submitting transactions
chatterbot Foxtrot submitting transactions
chatterbot November submitting transactions
chatterbot Charlie submitting transactions
chatterbot Victor submitting transactions
chatterbot Mike submitting transactions
chatterbot Yankee submitting transactions
chatterbot Golf submitting transactions
chatterbot Sierra submitting transactions
chatterbot Zulu submitting transactions
chatterbot Papa submitting transactions
ChatterBot Zulu round 5
ChatterBot Mike round 5
ChatterBot Charlie round 5
ChatterBot Yankee round 5
ChatterBot Papa round 5
ChatterBot Golf round 5
ChatterBot November round 5
ChatterBot Sierra round 5
ChatterBot Foxtrot round 5
ChatterBot Victor round 5
2024-10-14 13:54:12.886672 Mike: Zulu, sending you 5
2024-10-14 13:54:12.890683 Mike: Papa, sending you 6
2024-10-14 13:54:12.893733 Foxtrot: Charlie and November, sending you 4
2024-10-14 13:54:12.894975 Zulu: Same as last round
2024-10-14 13:54:12.895724 Yankee: Charlie, November and Victor, sending you 3
2024-10-14 13:54:12.899210 Victor: Charlie, Yankee and Foxtrot, sending you 3
2024-10-14 13:54:12.900345 Foxtrot: Yankee, Golf, Sierra and Victor, sending you 2
2024-10-14 13:54:12.901286 Sierra: Charlie, sending you 4
2024-10-14 13:54:12.903005 Yankee: Golf, sending you 4
2024-10-14 13:54:12.903695 Charlie: Yankee, November and Foxtrot, sending you 3
2024-10-14 13:54:12.905129 Victor: Golf, November and Sierra, sending you 2
2024-10-14 13:54:12.906049 Golf: Charlie, Sierra and Foxtrot, sending you 2
2024-10-14 13:54:12.907227 Sierra: Yankee, Golf and Foxtrot, sending you 3
2024-10-14 13:54:12.907886 November: Charlie, Yankee, Golf, Sierra and Foxtrot, sending you 3
2024-10-14 13:54:12.908551 Yankee: Sierra and Foxtrot, sending you 2
2024-10-14 13:54:12.909118 Charlie: Golf, Sierra and Victor, sending you 2
2024-10-14 13:54:12.911680 Golf: Yankee, sending you 5
2024-10-14 13:54:12.912229 November: Victor, sending you 1
2024-10-14 13:54:12.912689 Sierra: November, sending you 5
2024-10-14 13:54:12.916693 Golf: November, sending you 4
2024-10-14 13:54:12.917747 Sierra: Victor, sending you 1
2024-10-14 13:54:12.923016 Golf: Victor, sending you 1
chatterbot November submitting transactions
chatterbot Sierra submitting transactions
chatterbot Victor submitting transactions
chatterbot Mike submitting transactions
chatterbot Charlie submitting transactions
chatterbot Papa submitting transactions
chatterbot Golf submitting transactions
chatterbot Zulu submitting transactions
chatterbot Yankee submitting transactions
chatterbot Foxtrot submitting transactions
ChatterBot Zulu round 6
ChatterBot Mike round 6
ChatterBot Charlie round 6
ChatterBot Yankee round 6
ChatterBot Papa round 6
ChatterBot Golf round 6
ChatterBot November round 6
ChatterBot Sierra round 6
ChatterBot Foxtrot round 6
ChatterBot Victor round 6
2024-10-14 13:54:14.107765 Papa: We should replace Victor with Foxtrot
2024-10-14 13:54:14.113086 Mike: No
2024-10-14 13:54:14.113240 Zulu: No
ChatterBot Papa reevaluating
ChatterBot Papa reevaluating
2024-10-14 13:54:14.146668 Mike: Zulu, sending you 5
2024-10-14 13:54:14.151684 Mike: Papa, sending you 6
2024-10-14 13:54:14.153906 Golf: Charlie, Sierra, Foxtrot and Victor, sending you 2
2024-10-14 13:54:14.154780 Yankee: Charlie, November and Victor, sending you 3
2024-10-14 13:54:14.155685 Zulu: Same as last round
2024-10-14 13:54:14.157677 Golf: Yankee and November, sending you 4
2024-10-14 13:54:14.158750 Yankee: Golf, sending you 4
2024-10-14 13:54:14.160653 Sierra: Charlie, sending you 4
2024-10-14 13:54:14.161718 Yankee: Sierra and Foxtrot, sending you 2
2024-10-14 13:54:14.162923 November: Charlie, Yankee, Golf, Sierra and Foxtrot, sending you 3
2024-10-14 13:54:14.163717 Sierra: Yankee, Golf and Foxtrot, sending you 3
2024-10-14 13:54:14.166682 Charlie: Yankee, November and Foxtrot, sending you 3
2024-10-14 13:54:14.167591 November: Victor, sending you 1
2024-10-14 13:54:14.168541 Victor: Charlie, Yankee and Foxtrot, sending you 3
2024-10-14 13:54:14.169194 Sierra: November, sending you 5
2024-10-14 13:54:14.170080 Charlie: Golf, Sierra and Victor, sending you 2
2024-10-14 13:54:14.172684 Victor: Golf, November and Sierra, sending you 2
2024-10-14 13:54:14.173426 Foxtrot: Charlie and Victor, sending you 3
2024-10-14 13:54:14.174013 Sierra: Victor, sending you 1
2024-10-14 13:54:14.178680 Foxtrot: Yankee, Golf and Sierra, sending you 2
2024-10-14 13:54:14.183701 Foxtrot: November, sending you 4
chatterbot Papa submitting transactions
chatterbot November submitting transactions
chatterbot Golf submitting transactions
chatterbot Charlie submitting transactions
chatterbot Victor submitting transactions
chatterbot Yankee submitting transactions
chatterbot Foxtrot submitting transactions
chatterbot Sierra submitting transactions
chatterbot Mike submitting transactions
chatterbot Zulu submitting transactions
ChatterBot Zulu round 7
ChatterBot Mike round 7
ChatterBot Charlie round 7
ChatterBot Yankee round 7
ChatterBot Papa round 7
ChatterBot Golf round 7
ChatterBot November round 7
ChatterBot Sierra round 7
ChatterBot Foxtrot round 7
ChatterBot Victor round 7
2024-10-14 13:54:15.368365 Papa: We should drop Victor
2024-10-14 13:54:15.373729 Mike: Yes
2024-10-14 13:54:15.374444 Zulu: Yes
ChatterBot Papa reevaluating
ChatterBot Papa reevaluating
2024-10-14 13:54:15.407782 Golf: Charlie, Sierra, Foxtrot and Victor, sending you 2
2024-10-14 13:54:15.411694 Sierra: Charlie, Yankee, Golf and Foxtrot, sending you 3
2024-10-14 13:54:15.414083 Golf: Yankee and November, sending you 4
2024-10-14 13:54:15.415943 Yankee: Charlie, November and Victor, sending you 3
2024-10-14 13:54:15.417984 Mike: Sending you each 5
2024-10-14 13:54:15.418668 Charlie: Yankee, November and Foxtrot, sending you 3
2024-10-14 13:54:15.421352 Sierra: November, sending you 5
2024-10-14 13:54:15.423409 Yankee: Golf, sending you 4
2024-10-14 13:54:15.424633 November: Charlie, Yankee, Golf, Sierra and Foxtrot, sending you 3
2024-10-14 13:54:15.425625 Charlie: Golf, Sierra and Victor, sending you 2
2024-10-14 13:54:15.427007 Zulu: Same as last round
2024-10-14 13:54:15.427299 Foxtrot: Charlie and Victor, sending you 3
2024-10-14 13:54:15.427914 Sierra: Victor, sending you 2
2024-10-14 13:54:15.429318 Yankee: Sierra and Foxtrot, sending you 2
2024-10-14 13:54:15.430044 Victor: Charlie, Yankee and Foxtrot, sending you 3
2024-10-14 13:54:15.430762 November: Victor, sending you 1
2024-10-14 13:54:15.432106 Foxtrot: Yankee, Golf and Sierra, sending you 2
2024-10-14 13:54:15.434779 Victor: Golf, November and Sierra, sending you 2
2024-10-14 13:54:15.436696 Foxtrot: November, sending you 4
chatterbot Mike submitting transactions
chatterbot Golf submitting transactions
chatterbot Yankee submitting transactions
chatterbot Charlie submitting transactions
chatterbot Foxtrot submitting transactions
chatterbot Zulu submitting transactions
chatterbot Sierra submitting transactions
chatterbot November submitting transactions
chatterbot Victor submitting transactions
chatterbot Papa submitting transactions
ChatterBot Zulu round 8
ChatterBot Mike round 8
ChatterBot Charlie round 8
ChatterBot Yankee round 8
ChatterBot Papa round 8
ChatterBot Golf round 8
ChatterBot November round 8
ChatterBot Sierra round 8
ChatterBot Foxtrot round 8
ChatterBot Victor round 8
2024-10-14 13:54:16.680788 Papa: We should drop Victor
2024-10-14 13:54:16.686047 Mike: Yes
2024-10-14 13:54:16.686189 Zulu: Yes
ChatterBot Papa reevaluating
ChatterBot Papa reevaluating
2024-10-14 13:54:16.698658 Mike: Zulu, sending you 4
2024-10-14 13:54:16.699254 Golf: Charlie, Sierra, Foxtrot and Victor, sending you 2
2024-10-14 13:54:16.700874 Zulu: Same as last round
2024-10-14 13:54:16.701901 Charlie: Yankee, November and Foxtrot, sending you 3
2024-10-14 13:54:16.703093 Mike: Papa, sending you 5
2024-10-14 13:54:16.703459 Golf: Yankee and November, sending you 4
2024-10-14 13:54:16.707682 Charlie: Golf, Sierra and Victor, sending you 2
2024-10-14 13:54:16.708397 November: Charlie, Yankee, Golf, Sierra and Foxtrot, sending you 3
2024-10-14 13:54:16.710676 Victor: Charlie, Yankee and Foxtrot, sending you 3
2024-10-14 13:54:16.711708 November: Victor, sending you 1
2024-10-14 13:54:16.712906 Foxtrot: Charlie and Victor, sending you 3
2024-10-14 13:54:16.713534 Yankee: Charlie, November and Victor, sending you 3
2024-10-14 13:54:16.714079 Sierra: Charlie, Yankee, Golf and Foxtrot, sending you 3
2024-10-14 13:54:16.715683 Victor: Golf, November and Sierra, sending you 2
2024-10-14 13:54:16.716701 Foxtrot: Yankee, Golf and Sierra, sending you 2
2024-10-14 13:54:16.718270 Yankee: Golf, sending you 4
2024-10-14 13:54:16.719607 Sierra: November, sending you 5
2024-10-14 13:54:16.722676 Foxtrot: November, sending you 4
2024-10-14 13:54:16.724246 Sierra: Victor, sending you 2
2024-10-14 13:54:16.724829 Yankee: Sierra and Foxtrot, sending you 2
chatterbot Papa submitting transactions
chatterbot Golf submitting transactions
chatterbot Charlie submitting transactions
chatterbot Sierra submitting transactions
chatterbot Foxtrot submitting transactions
chatterbot Zulu submitting transactions
chatterbot Yankee submitting transactions
chatterbot Victor submitting transactions
chatterbot Mike submitting transactions
chatterbot November submitting transactions
ChatterBot Zulu round 9
ChatterBot Mike round 9
ChatterBot Charlie round 9
ChatterBot Yankee round 9
ChatterBot Papa round 9
ChatterBot Golf round 9
ChatterBot November round 9
ChatterBot Sierra round 9
2024-10-14 13:54:17.783072 Papa: We should replace Victor with Foxtrot
2024-10-14 13:54:17.788510 Mike: No
2024-10-14 13:54:17.788711 Zulu: No
ChatterBot Papa reevaluating
ChatterBot Papa reevaluating
ChatterBot Foxtrot round 9
ChatterBot Victor round 9
2024-10-14 13:54:17.821776 Papa: We should drop Victor
2024-10-14 13:54:17.826570 Mike: Yes
2024-10-14 13:54:17.826733 Zulu: Yes
ChatterBot Papa reevaluating
ChatterBot Papa reevaluating
2024-10-14 13:54:17.836507 Mike: Zulu, sending you 4
2024-10-14 13:54:17.838701 Zulu: Same as last round
2024-10-14 13:54:17.839683 Mike: Papa, sending you 5
2024-10-14 13:54:17.840416 Yankee: Charlie, November and Victor, sending you 3
2024-10-14 13:54:17.841727 Charlie: Yankee, November and Foxtrot, sending you 3
2024-10-14 13:54:17.843199 November: Charlie, Yankee, Golf, Sierra and Foxtrot, sending you 3
2024-10-14 13:54:17.845044 Golf: Charlie, Sierra, Foxtrot and Victor, sending you 2
2024-10-14 13:54:17.845991 Yankee: Golf, sending you 4
2024-10-14 13:54:17.846728 Charlie: Golf, Sierra and Victor, sending you 2
2024-10-14 13:54:17.847859 November: Victor, sending you 1
2024-10-14 13:54:17.848705 Victor: Charlie, Yankee and Foxtrot, sending you 3
2024-10-14 13:54:17.850177 Golf: Yankee, sending you 5
2024-10-14 13:54:17.851698 Yankee: Sierra and Foxtrot, sending you 2
2024-10-14 13:54:17.853575 Foxtrot: Charlie and Victor, sending you 3
2024-10-14 13:54:17.855028 Victor: Golf, November and Sierra, sending you 2
2024-10-14 13:54:17.856795 Sierra: Charlie, Yankee, Golf and Foxtrot, sending you 3
2024-10-14 13:54:17.857928 Golf: November, sending you 3
2024-10-14 13:54:17.859356 Foxtrot: Yankee, Golf and Sierra, sending you 2
2024-10-14 13:54:17.861130 Sierra: November, sending you 5
2024-10-14 13:54:17.865692 Foxtrot: November, sending you 4
2024-10-14 13:54:17.867821 Sierra: Victor, sending you 2
chatterbot Sierra submitting transactions
chatterbot Charlie submitting transactions
chatterbot November submitting transactions
chatterbot Victor submitting transactions
chatterbot Yankee submitting transactions
chatterbot Mike submitting transactions
chatterbot Golf submitting transactions
chatterbot Foxtrot submitting transactions
chatterbot Zulu submitting transactions
chatterbot Papa submitting transactions
ChatterBot Zulu round 10
ChatterBot Mike round 10
ChatterBot Charlie round 10
ChatterBot Yankee round 10
ChatterBot Papa round 10
ChatterBot Golf round 10
ChatterBot November round 10
ChatterBot Sierra round 10
ChatterBot Foxtrot round 10
ChatterBot Victor round 10
2024-10-14 13:54:19.040388 Papa: We should drop Victor
2024-10-14 13:54:19.047101 Mike: Yes
2024-10-14 13:54:19.047284 Zulu: Yes
ChatterBot Papa reevaluating
ChatterBot Papa reevaluating
2024-10-14 13:54:19.061709 Charlie: Yankee, November and Foxtrot, sending you 3
2024-10-14 13:54:19.063796 November: Charlie, Yankee, Golf, Sierra and Foxtrot, sending you 3
2024-10-14 13:54:19.065579 Mike: Zulu, sending you 4
2024-10-14 13:54:19.066108 Golf: Charlie, Sierra, Foxtrot and Victor, sending you 2
2024-10-14 13:54:19.068799 Zulu: Same as last round
2024-10-14 13:54:19.069386 Charlie: Golf, Sierra and Victor, sending you 2
2024-10-14 13:54:19.071445 November: Victor, sending you 1
2024-10-14 13:54:19.072963 Mike: Papa, sending you 5
2024-10-14 13:54:19.073242 Golf: Yankee, sending you 5
2024-10-14 13:54:19.073950 Foxtrot: Charlie and Victor, sending you 3
2024-10-14 13:54:19.075148 Yankee: Charlie and November, sending you 3
2024-10-14 13:54:19.078665 Golf: November, sending you 3
2024-10-14 13:54:19.080400 Foxtrot: Yankee, Golf and Sierra, sending you 2
2024-10-14 13:54:19.081549 Yankee: Golf, sending you 5
2024-10-14 13:54:19.083378 Victor: Charlie, Yankee and Foxtrot, sending you 3
2024-10-14 13:54:19.085246 Sierra: Charlie, Yankee, Golf and Foxtrot, sending you 3
2024-10-14 13:54:19.086270 Foxtrot: November, sending you 4
2024-10-14 13:54:19.088115 Yankee: Sierra, Foxtrot and Victor, sending you 2
2024-10-14 13:54:19.090220 Victor: Golf, November and Sierra, sending you 2
2024-10-14 13:54:19.092229 Sierra: November, sending you 5
2024-10-14 13:54:19.097701 Sierra: Victor, sending you 2
chatterbot Victor submitting transactions
chatterbot Mike submitting transactions
chatterbot Zulu submitting transactions
chatterbot Charlie submitting transactions
chatterbot Sierra submitting transactions
chatterbot Foxtrot submitting transactions
chatterbot Yankee submitting transactions
chatterbot November submitting transactions
chatterbot Papa submitting transactions
chatterbot Golf submitting transactions
ChatterBot Zulu round 11
ChatterBot Mike round 11
ChatterBot Charlie round 11
ChatterBot Yankee round 11
ChatterBot Papa round 11
ChatterBot Golf round 11
ChatterBot November round 11
ChatterBot Sierra round 11
ChatterBot Foxtrot round 11
ChatterBot Victor round 11
2024-10-14 13:54:20.297931 Papa: We should drop Victor
2024-10-14 13:54:20.305543 Mike: Yes
2024-10-14 13:54:20.305763 Zulu: Yes
ChatterBot Papa reevaluating
ChatterBot Papa reevaluating
2024-10-14 13:54:20.320944 Papa: We should replace Victor with Foxtrot
2024-10-14 13:54:20.327370 Mike: No
2024-10-14 13:54:20.327576 Zulu: No
ChatterBot Papa reevaluating
ChatterBot Papa reevaluating
2024-10-14 13:54:20.348693 Yankee: Charlie and November, sending you 3
2024-10-14 13:54:20.350334 Zulu: Same as last round
2024-10-14 13:54:20.351190 Charlie: Yankee, November and Foxtrot, sending you 3
2024-10-14 13:54:20.354948 Yankee: Golf, sending you 5
2024-10-14 13:54:20.356205 Charlie: Golf, Sierra and Victor, sending you 2
2024-10-14 13:54:20.359676 Yankee: Sierra, Foxtrot and Victor, sending you 2
2024-10-14 13:54:20.361185 Mike: Zulu, sending you 4
2024-10-14 13:54:20.365701 Sierra: Charlie, Yankee, Golf and Foxtrot, sending you 3
2024-10-14 13:54:20.367944 November: Charlie, Yankee, Golf, Sierra and Foxtrot, sending you 3
2024-10-14 13:54:20.369323 Mike: Papa, sending you 5
2024-10-14 13:54:20.370168 Foxtrot: Charlie and Victor, sending you 3
2024-10-14 13:54:20.371379 Golf: Charlie, Sierra, Foxtrot and Victor, sending you 2
2024-10-14 13:54:20.372935 Victor: Charlie, Yankee and Foxtrot, sending you 3
2024-10-14 13:54:20.374633 Sierra: November, sending you 5
2024-10-14 13:54:20.376217 November: Victor, sending you 1
2024-10-14 13:54:20.377694 Foxtrot: Yankee, Golf and Sierra, sending you 2
2024-10-14 13:54:20.378936 Victor: Golf, November and Sierra, sending you 2
2024-10-14 13:54:20.380533 Golf: Yankee, sending you 5
2024-10-14 13:54:20.382480 Sierra: Victor, sending you 2
2024-10-14 13:54:20.384138 Foxtrot: November, sending you 4
2024-10-14 13:54:20.385296 Golf: November, sending you 3
chatterbot Golf submitting transactions
chatterbot Foxtrot submitting transactions
chatterbot Papa submitting transactions
chatterbot Zulu submitting transactions
chatterbot Charlie submitting transactions
chatterbot Sierra submitting transactions
chatterbot Mike submitting transactions
chatterbot Victor submitting transactions
chatterbot November submitting transactions
chatterbot Yankee submitting transactions
ChatterBot Zulu round 12
ChatterBot Mike round 12
ChatterBot Charlie round 12
ChatterBot Yankee round 12
ChatterBot Papa round 12
ChatterBot Golf round 12
ChatterBot November round 12
ChatterBot Sierra round 12
ChatterBot Foxtrot round 12
ChatterBot Victor round 12
2024-10-14 13:54:21.529704 Papa: We should drop Victor
2024-10-14 13:54:21.535944 Mike: Yes
2024-10-14 13:54:21.536110 Zulu: Yes
ChatterBot Papa reevaluating
ChatterBot Papa reevaluating
2024-10-14 13:54:21.556676 Mike: Zulu, sending you 4
2024-10-14 13:54:21.558102 Charlie: Yankee, November and Foxtrot, sending you 3
2024-10-14 13:54:21.559389 Yankee: Charlie and November, sending you 3
2024-10-14 13:54:21.561247 Golf: Charlie, Sierra, Foxtrot and Victor, sending you 2
2024-10-14 13:54:21.562644 Mike: Papa, sending you 5
2024-10-14 13:54:21.563071 Charlie: Golf, Sierra and Victor, sending you 2
2024-10-14 13:54:21.564729 Yankee: Golf, sending you 5
2024-10-14 13:54:21.566890 Golf: Yankee, sending you 5
2024-10-14 13:54:21.568184 Sierra: Charlie, Yankee, Golf and Foxtrot, sending you 3
2024-10-14 13:54:21.569818 Yankee: Sierra, Foxtrot and Victor, sending you 2
2024-10-14 13:54:21.570955 Zulu: Same as last round
2024-10-14 13:54:21.571680 Foxtrot: Charlie and Victor, sending you 3
2024-10-14 13:54:21.573037 Golf: November, sending you 3
2024-10-14 13:54:21.574062 November: Charlie, Yankee, Golf, Sierra and Foxtrot, sending you 3
2024-10-14 13:54:21.575151 Sierra: November, sending you 5
2024-10-14 13:54:21.576329 Foxtrot: Yankee, Golf and Sierra, sending you 2
2024-10-14 13:54:21.577676 November: Victor, sending you 1
2024-10-14 13:54:21.579109 Sierra: Victor, sending you 2
2024-10-14 13:54:21.581670 Foxtrot: November, sending you 4
2024-10-14 13:54:21.588972 Victor: Charlie, Yankee and Foxtrot, sending you 3
2024-10-14 13:54:21.592695 Victor: Golf, November and Sierra, sending you 2
chatterbot November submitting transactions
chatterbot Sierra submitting transactions
chatterbot Foxtrot submitting transactions
chatterbot Victor submitting transactions
