ChatterBot Alpha round 1
ChatterBot Juliett round 1
ChatterBot November round 1
ChatterBot Delta round 1
ChatterBot X-ray round 1
ChatterBot Yankee round 1
ChatterBot Uniform round 1
ChatterBot Bravo round 1
ChatterBot Lima round 1
ChatterBot Echo round 1
randomSelections November: {November, Alpha, Delta, Uniform, Bravo, Juliett} 
2024-10-14 13:54:04.707282 November: We would work well together
ChatterBot Alpha reevaluating
ChatterBot Delta reevaluating
ChatterBot Uniform reevaluating
ChatterBot Bravo reevaluating
ChatterBot Juliett reevaluating
2024-10-14 13:54:04.718404 Alpha: Yes
2024-10-14 13:54:04.718566 Delta: Yes
2024-10-14 13:54:04.718674 Uniform: Yes
2024-10-14 13:54:04.718784 Bravo: Yes
2024-10-14 13:54:04.718902 Juliett: Yes
ChatterBot Delta reevaluating
ChatterBot Uniform reevaluating
ChatterBot Bravo reevaluating
ChatterBot Juliett reevaluating
ChatterBot Alpha reevaluating
ChatterBot Uniform reevaluating
ChatterBot Bravo reevaluating
ChatterBot Juliett reevaluating
ChatterBot Alpha reevaluating
ChatterBot Delta reevaluating
ChatterBot Bravo reevaluating
ChatterBot Juliett reevaluating
ChatterBot Alpha reevaluating
ChatterBot Delta reevaluating
ChatterBot Uniform reevaluating
ChatterBot Juliett reevaluating
ChatterBot Alpha reevaluating
ChatterBot Delta reevaluating
ChatterBot Uniform reevaluating
ChatterBot Bravo reevaluating
randomSelections Lima: {Lima, November, Bravo, Alpha, Uniform, X-ray, Yankee, Echo} 
2024-10-14 13:54:04.775137 Lima: Can we be friends?
ChatterBot Bravo reevaluating
ChatterBot Alpha reevaluating
ChatterBot Uniform reevaluating
ChatterBot X-ray reevaluating
ChatterBot Yankee reevaluating
ChatterBot Echo reevaluating
2024-10-14 13:54:04.788347 November: No
2024-10-14 13:54:04.788538 Bravo: No
2024-10-14 13:54:04.788749 Alpha: No
2024-10-14 13:54:04.788871 Uniform: No
2024-10-14 13:54:04.789018 X-ray: Yes
2024-10-14 13:54:04.789181 Yankee: Yes
2024-10-14 13:54:04.789271 Echo: Yes
ChatterBot Bravo reevaluating
ChatterBot Alpha reevaluating
ChatterBot Uniform reevaluating
ChatterBot X-ray reevaluating
ChatterBot Yankee reevaluating
ChatterBot Echo reevaluating
ChatterBot Alpha reevaluating
ChatterBot Uniform reevaluating
ChatterBot X-ray reevaluating
ChatterBot Yankee reevaluating
ChatterBot Echo reevaluating
ChatterBot Bravo reevaluating
ChatterBot Uniform reevaluating
ChatterBot X-ray reevaluating
ChatterBot Yankee reevaluating
ChatterBot Echo reevaluating
ChatterBot Bravo reevaluating
ChatterBot Alpha reevaluating
ChatterBot X-ray reevaluating
ChatterBot Yankee reevaluating
ChatterBot Echo reevaluating
ChatterBot Bravo reevaluating
ChatterBot Alpha reevaluating
ChatterBot Uniform reevaluating
ChatterBot Yankee reevaluating
ChatterBot Echo reevaluating
ChatterBot Bravo reevaluating
ChatterBot Alpha reevaluating
ChatterBot Uniform reevaluating
ChatterBot X-ray reevaluating
ChatterBot Echo reevaluating
ChatterBot Bravo reevaluating
ChatterBot Alpha reevaluating
ChatterBot Uniform reevaluating
ChatterBot X-ray reevaluating
ChatterBot Yankee reevaluating
2024-10-14 13:54:04.895052 Bravo: Alpha, Juliett, November, Delta and Uniform, sending you 1
2024-10-14 13:54:04.895473 Uniform: Alpha, Juliett and Bravo, sending you 2
2024-10-14 13:54:04.895771 Juliett: Alpha, sending you 5
2024-10-14 13:54:04.901564 Uniform: November and Delta, sending you 3
2024-10-14 13:54:04.902306 Juliett: November and Bravo, sending you 2
2024-10-14 13:54:04.902595 Alpha: Juliett, Uniform and Bravo, sending you 1
2024-10-14 13:54:04.902897 November: Alpha and Delta, sending you 2
2024-10-14 13:54:04.903541 Lima: Alpha, X-ray and Echo, sending you 1
2024-10-14 13:54:04.903833 X-ray: Alpha, November and Yankee, sending you 4
2024-10-14 13:54:04.904105 Echo: Alpha, sending you 4
2024-10-14 13:54:04.912715 Juliett: Delta, sending you 3
2024-10-14 13:54:04.913092 November: Juliett, sending you 5
2024-10-14 13:54:04.914092 Delta: Alpha, sending you 4
2024-10-14 13:54:04.914419 X-ray: Uniform and Echo, sending you 2
2024-10-14 13:54:04.914835 Alpha: November, sending you 3
2024-10-14 13:54:04.915715 Echo: X-ray, Bravo and Lima, sending you 1
2024-10-14 13:54:04.916070 Lima: November and Bravo, sending you 2
2024-10-14 13:54:04.916811 Juliett: Uniform, sending you 1
2024-10-14 13:54:04.917216 Delta: Juliett, sending you 3
2024-10-14 13:54:04.922731 November: Uniform, sending you 4
2024-10-14 13:54:04.923072 X-ray: Lima, sending you 1
2024-10-14 13:54:04.923780 Alpha: Delta, sending you 4
2024-10-14 13:54:04.924116 Lima: Uniform, sending you 3
2024-10-14 13:54:04.924490 Echo: Yankee, sending you 6
2024-10-14 13:54:04.925206 Delta: November, sending you 6
2024-10-14 13:54:04.929303 November: Bravo, sending you 3
2024-10-14 13:54:04.929649 Echo: Uniform, sending you 2
2024-10-14 13:54:04.929992 Delta: Bravo, sending you 2
chatterbot Juliett submitting transactions
chatterbot November submitting transactions
chatterbot Lima submitting transactions
chatterbot Yankee submitting transactions
chatterbot Delta submitting transactions
chatterbot Alpha submitting transactions
chatterbot Bravo submitting transactions
chatterbot Uniform submitting transactions
chatterbot Echo submitting transactions
chatterbot X-ray submitting transactions
ChatterBot Alpha round 2
ChatterBot Juliett round 2
ChatterBot November round 2
ChatterBot Delta round 2
ChatterBot X-ray round 2
ChatterBot Yankee round 2
ChatterBot Uniform round 2
ChatterBot Bravo round 2
ChatterBot Lima round 2
2024-10-14 13:54:05.965709 November: We should add X-ray
ChatterBot Delta reevaluating
ChatterBot Uniform reevaluating
ChatterBot Bravo reevaluating
2024-10-14 13:54:05.993321 Alpha: Yes
2024-10-14 13:54:05.994019 Delta: Yes
2024-10-14 13:54:05.994216 Uniform: Yes
2024-10-14 13:54:05.994374 Bravo: Yes
2024-10-14 13:54:05.994536 Juliett: Yes
ChatterBot November reevaluating
ChatterBot Delta reevaluating
ChatterBot Uniform reevaluating
ChatterBot Bravo reevaluating
ChatterBot November reevaluating
ChatterBot Uniform reevaluating
ChatterBot Bravo reevaluating
ChatterBot November reevaluating
ChatterBot Alpha reevaluating
ChatterBot Delta reevaluating
ChatterBot Bravo reevaluating
ChatterBot November reevaluating
ChatterBot Alpha reevaluating
ChatterBot Delta reevaluating
ChatterBot Uniform reevaluating
ChatterBot November reevaluating
ChatterBot Alpha reevaluating
ChatterBot Delta reevaluating
ChatterBot Uniform reevaluating
ChatterBot Bravo reevaluating
ChatterBot Echo round 2
2024-10-14 13:54:06.128777 X-ray: We would work well together
ChatterBot Yankee reevaluating
ChatterBot Lima reevaluating
ChatterBot Echo reevaluating
ChatterBot Bravo reevaluating
2024-10-14 13:54:06.148431 Yankee: No
2024-10-14 13:54:06.149 Lima: Yes
2024-10-14 13:54:06.149169 Echo: Yes
2024-10-14 13:54:06.149376 Bravo: No
ChatterBot Lima reevaluating
ChatterBot Echo reevaluating
ChatterBot Bravo reevaluating
ChatterBot Yankee reevaluating
ChatterBot Echo reevaluating
ChatterBot Bravo reevaluating
ChatterBot Yankee reevaluating
ChatterBot Lima reevaluating
ChatterBot Bravo reevaluating
ChatterBot Yankee reevaluating
ChatterBot Lima reevaluating
ChatterBot Echo reevaluating
2024-10-14 13:54:06.252220 Echo: Can we be friends?
ChatterBot Yankee reevaluating
ChatterBot Lima reevaluating
ChatterBot Uniform reevaluating
2024-10-14 13:54:06.270119 X-ray: No
2024-10-14 13:54:06.270608 Yankee: No
2024-10-14 13:54:06.270764 Lima: No
2024-10-14 13:54:06.270896 Uniform: No
ChatterBot Echo reevaluating
ChatterBot Yankee reevaluating
ChatterBot Lima reevaluating
ChatterBot Uniform reevaluating
ChatterBot Echo reevaluating
ChatterBot Lima reevaluating
ChatterBot Uniform reevaluating
ChatterBot Echo reevaluating
ChatterBot Yankee reevaluating
ChatterBot Uniform reevaluating
ChatterBot Echo reevaluating
ChatterBot Yankee reevaluating
ChatterBot Lima reevaluating
2024-10-14 13:54:06.349704 November: X-ray we want you to join our group
2024-10-14 13:54:06.353983 X-ray: No
ChatterBot November reevaluating
ChatterBot Alpha reevaluating
2024-10-14 13:54:06.380689 Juliett: Alpha, Uniform and Bravo, sending you 2
2024-10-14 13:54:06.381252 Uniform: X-ray we want you to join our group
ChatterBot X-ray reevaluating
2024-10-14 13:54:06.386440 X-ray: No
ChatterBot November reevaluating
ChatterBot Alpha reevaluating
2024-10-14 13:54:06.431085 Bravo: Lima we want you to join our group
2024-10-14 13:54:06.450655 Lima: No
ChatterBot Alpha reevaluating
ChatterBot November reevaluating
2024-10-14 13:54:06.481834 Juliett: November, sending you 4
2024-10-14 13:54:06.848987 Delta: Alpha, sending you 4
2024-10-14 13:54:06.850299 Juliett: Delta, sending you 3
2024-10-14 13:54:06.850876 Lima: X-ray and Echo, sending you 3
2024-10-14 13:54:06.851751 Alpha: X-ray we want you to join our group
ChatterBot X-ray reevaluating
2024-10-14 13:54:06.856462 X-ray: No
ChatterBot November reevaluating
ChatterBot Alpha reevaluating
chatterbot Juliett submitting transactions
2024-10-14 13:54:06.875543 Delta: Juliett, November and Uniform, sending you 3
2024-10-14 13:54:06.876795 Lima: Yankee and Bravo, sending you 2
2024-10-14 13:54:07.813240 Bravo: Sending you each 1
2024-10-14 13:54:07.813594 Yankee: X-ray, sending you 7
2024-10-14 13:54:07.813828 Echo: X-ray, sending you 6
2024-10-14 13:54:07.814133 Uniform: Alpha, Juliett and Bravo, sending you 2
2024-10-14 13:54:07.814821 Delta: Bravo, sending you 2
chatterbot Delta submitting transactions
chatterbot Lima submitting transactions
chatterbot Bravo submitting transactions
chatterbot Yankee submitting transactions
chatterbot Uniform submitting transactions
2024-10-14 13:54:08.080217 Echo: Yankee and Uniform, sending you 2
2024-10-14 13:54:08.081332 Yankee: Lima, sending you 1
2024-10-14 13:54:08.082360 Uniform: November, sending you 5
chatterbot Echo submitting transactions
chatterbot November submitting transactions
2024-10-14 13:54:08.202284 Echo: Lima, sending you 5
2024-10-14 13:54:08.202675 Yankee: Echo, sending you 11
2024-10-14 13:54:08.203362 Uniform: Delta, sending you 1
2024-10-14 13:54:08.203664 X-ray: Yankee and Bravo, sending you 3
2024-10-14 13:54:08.258104 X-ray: Lima and Echo, sending you 7
2024-10-14 13:54:08.258793 Alpha: Juliett, November, Delta, X-ray and Uniform, sending you 2
2024-10-14 13:54:08.259278 Uniform: X-ray, sending you 3
2024-10-14 13:54:08.259964 November: Alpha, X-ray and Uniform, sending you 3
2024-10-14 13:54:08.285158 November: Juliett, sending you 2
2024-10-14 13:54:08.302641 November: Delta, sending you 4
chatterbot Alpha submitting transactions
2024-10-14 13:54:08.312171 November: Bravo, sending you 1
chatterbot X-ray submitting transactions
ChatterBot Alpha round 3
ChatterBot Juliett round 3
ChatterBot November round 3
ChatterBot Delta round 3
ChatterBot X-ray round 3
ChatterBot Yankee round 3
ChatterBot Uniform round 3
ChatterBot Bravo round 3
ChatterBot Lima round 3
ChatterBot Echo round 3
2024-10-14 13:54:08.825539 Bravo: We should replace Lima with X-ray
2024-10-14 13:54:08.840193 November: No
2024-10-14 13:54:08.840394 Alpha: No
2024-10-14 13:54:08.840504 Delta: No
2024-10-14 13:54:08.840637 Uniform: No
2024-10-14 13:54:08.840815 Juliett: No
ChatterBot Bravo reevaluating
2024-10-14 13:54:08.906247 Bravo: Let's form a team
ChatterBot Yankee reevaluating
ChatterBot Echo reevaluating
2024-10-14 13:54:08.929773 Alpha: No
2024-10-14 13:54:08.929930 Juliett: No
2024-10-14 13:54:08.930357 November: No
2024-10-14 13:54:08.930453 Delta: No
2024-10-14 13:54:08.930539 Uniform: No
2024-10-14 13:54:08.930632 X-ray: No
2024-10-14 13:54:08.930757 Yankee: No
2024-10-14 13:54:08.930856 Lima: No
2024-10-14 13:54:08.930960 Echo: No
ChatterBot Bravo reevaluating
ChatterBot Yankee reevaluating
ChatterBot Echo reevaluating
ChatterBot Bravo reevaluating
ChatterBot Yankee reevaluating
ChatterBot Echo reevaluating
ChatterBot Bravo reevaluating
ChatterBot Yankee reevaluating
ChatterBot Echo reevaluating
ChatterBot Bravo reevaluating
ChatterBot Yankee reevaluating
ChatterBot Echo reevaluating
ChatterBot Bravo reevaluating
ChatterBot Yankee reevaluating
ChatterBot Echo reevaluating
ChatterBot Bravo reevaluating
ChatterBot Yankee reevaluating
ChatterBot Echo reevaluating
ChatterBot Bravo reevaluating
ChatterBot Echo reevaluating
ChatterBot Bravo reevaluating
ChatterBot Yankee reevaluating
ChatterBot Echo reevaluating
ChatterBot Bravo reevaluating
ChatterBot Yankee reevaluating
2024-10-14 13:54:09.270429 November: We should drop X-ray
ChatterBot Bravo reevaluating
2024-10-14 13:54:09.284202 Alpha: Yes
2024-10-14 13:54:09.284373 Delta: Yes
2024-10-14 13:54:09.284482 Uniform: Yes
2024-10-14 13:54:09.285007 Bravo: Yes
2024-10-14 13:54:09.285104 Juliett: Yes
ChatterBot Bravo reevaluating
ChatterBot Bravo reevaluating
ChatterBot Bravo reevaluating
ChatterBot Bravo reevaluating
chatterbot Delta submitting transactions
2024-10-14 13:54:09.706245 November: Alpha and Juliett, sending you 3
2024-10-14 13:54:09.706796 Lima: X-ray and Echo, sending you 3
2024-10-14 13:54:09.707109 X-ray: Yankee, sending you 7
2024-10-14 13:54:09.707996 Delta: Alpha, Juliett and Uniform, sending you 3
2024-10-14 13:54:09.708693 Juliett: Alpha, Uniform and Bravo, sending you 2
2024-10-14 13:54:09.709079 Yankee: X-ray, sending you 7
chatterbot X-ray submitting transactions
2024-10-14 13:54:09.710366 Lima: Yankee and Bravo, sending you 2
2024-10-14 13:54:09.846745 November: Delta and Uniform, sending you 4
2024-10-14 13:54:09.847927 X-ray: Bravo, sending you 2
2024-10-14 13:54:09.848286 Juliett: November, sending you 4
2024-10-14 13:54:09.849086 Uniform: Alpha, Juliett and Delta, sending you 3
2024-10-14 13:54:09.849449 Alpha: Sending you each 2
2024-10-14 13:54:09.849788 Bravo: Same as last round
2024-10-14 13:54:09.850426 Delta: November, sending you 4
2024-10-14 13:54:09.850793 Yankee: Bravo, sending you 1
2024-10-14 13:54:09.851035 Echo: X-ray, sending you 5
chatterbot Lima submitting transactions
chatterbot Echo submitting transactions
chatterbot Alpha submitting transactions
2024-10-14 13:54:09.851936 November: Bravo, sending you 2
2024-10-14 13:54:09.852235 X-ray: Lima, sending you 5
2024-10-14 13:54:10.041099 Uniform: November, sending you 4
2024-10-14 13:54:10.042690 Juliett: Delta, sending you 3
2024-10-14 13:54:10.044349 Yankee: Lima, sending you 3
2024-10-14 13:54:10.045470 Delta: Bravo, sending you 2
2024-10-14 13:54:10.046810 Echo: Yankee, sending you 6
2024-10-14 13:54:10.047423 X-ray: Echo, sending you 6
chatterbot Yankee submitting transactions
2024-10-14 13:54:10.048930 Uniform: Bravo, sending you 2
2024-10-14 13:54:10.050348 Yankee: Echo, sending you 8
2024-10-14 13:54:10.050789 Echo: Bravo, sending you 2
2024-10-14 13:54:10.116002 Echo: Lima, sending you 3
chatterbot Juliett submitting transactions
chatterbot November submitting transactions
chatterbot Bravo submitting transactions
chatterbot Uniform submitting transactions
ChatterBot Alpha round 4
ChatterBot Juliett round 4
ChatterBot November round 4
ChatterBot Delta round 4
ChatterBot X-ray round 4
ChatterBot Yankee round 4
ChatterBot Uniform round 4
ChatterBot Bravo round 4
ChatterBot Lima round 4
ChatterBot Echo round 4
2024-10-14 13:54:10.433646 Bravo: We should drop Lima
2024-10-14 13:54:10.447167 November: Yes
2024-10-14 13:54:10.447383 Alpha: Yes
2024-10-14 13:54:10.447525 Delta: Yes
2024-10-14 13:54:10.448189 Uniform: Yes
2024-10-14 13:54:10.448323 Juliett: Yes
2024-10-14 13:54:10.548094 Delta: Alpha, Juliett and Uniform, sending you 3
2024-10-14 13:54:10.548757 Juliett: Alpha and Bravo, sending you 2
2024-10-14 13:54:10.549835 X-ray: Yankee, sending you 7
2024-10-14 13:54:10.550198 Alpha: Same as last round
2024-10-14 13:54:10.550665 November: Alpha and Juliett, sending you 3
2024-10-14 13:54:10.551601 Lima: X-ray and Echo, sending you 3
2024-10-14 13:54:10.551949 Uniform: Alpha, Juliett and Delta, sending you 3
2024-10-14 13:54:10.552402 Yankee: X-ray, sending you 8
2024-10-14 13:54:10.553235 Juliett: November, Delta and Uniform, sending you 3
2024-10-14 13:54:10.553692 X-ray: Bravo, sending you 2
2024-10-14 13:54:10.553985 Delta: November, sending you 4
2024-10-14 13:54:10.554943 November: Delta and Uniform, sending you 4
2024-10-14 13:54:10.555671 Lima: Yankee and Bravo, sending you 2
2024-10-14 13:54:10.556359 Uniform: November, sending you 4
2024-10-14 13:54:10.556816 Yankee: Bravo, sending you 1
2024-10-14 13:54:10.557122 Echo: X-ray, sending you 5
2024-10-14 13:54:10.557862 Bravo: Same as last round
2024-10-14 13:54:10.558310 X-ray: Lima, sending you 5
2024-10-14 13:54:10.558602 Delta: Bravo, sending you 2
2024-10-14 13:54:10.559371 November: Bravo, sending you 2
2024-10-14 13:54:10.565764 Uniform: Bravo, sending you 2
2024-10-14 13:54:10.566568 Yankee: Lima, sending you 3
2024-10-14 13:54:10.567537 Echo: Yankee, sending you 6
2024-10-14 13:54:10.568072 X-ray: Echo, sending you 6
2024-10-14 13:54:10.578560 Echo: Bravo, sending you 2
2024-10-14 13:54:10.579774 Yankee: Echo, sending you 7
2024-10-14 13:54:10.585029 Echo: Lima, sending you 3
chatterbot Juliett submitting transactions
chatterbot Delta submitting transactions
chatterbot Yankee submitting transactions
chatterbot X-ray submitting transactions
chatterbot Lima submitting transactions
chatterbot Bravo submitting transactions
chatterbot Uniform submitting transactions
chatterbot November submitting transactions
chatterbot Alpha submitting transactions
chatterbot Echo submitting transactions
ChatterBot Alpha round 5
ChatterBot Juliett round 5
ChatterBot November round 5
ChatterBot Delta round 5
ChatterBot X-ray round 5
ChatterBot Yankee round 5
ChatterBot Uniform round 5
ChatterBot Bravo round 5
ChatterBot Lima round 5
ChatterBot Echo round 5
2024-10-14 13:54:11.756677 Alpha: Same as last round
2024-10-14 13:54:11.759677 Bravo: Same as last round
2024-10-14 13:54:11.762030 Uniform: Alpha, Juliett and Delta, sending you 3
2024-10-14 13:54:11.762727 Delta: Alpha, Juliett and Uniform, sending you 3
2024-10-14 13:54:11.763718 Yankee: X-ray, sending you 8
2024-10-14 13:54:11.764690 November: Alpha and Juliett, sending you 3
2024-10-14 13:54:11.765202 Uniform: November, sending you 4
2024-10-14 13:54:11.766095 Juliett: Alpha and Bravo, sending you 2
2024-10-14 13:54:11.766688 Delta: November, sending you 4
2024-10-14 13:54:11.768039 November: Delta and Uniform, sending you 4
2024-10-14 13:54:11.768793 Yankee: Bravo, sending you 1
2024-10-14 13:54:11.769677 Uniform: Bravo, sending you 2
2024-10-14 13:54:11.770979 Juliett: November, Delta and Uniform, sending you 3
2024-10-14 13:54:11.771536 Delta: Bravo, sending you 2
2024-10-14 13:54:11.772451 X-ray: Yankee, sending you 7
2024-10-14 13:54:11.772883 November: Bravo, sending you 2
2024-10-14 13:54:11.773821 Yankee: Lima, sending you 3
2024-10-14 13:54:11.775674 Lima: X-ray and Echo, sending you 3
2024-10-14 13:54:11.777655 X-ray: Bravo, sending you 2
2024-10-14 13:54:11.778142 Yankee: Echo, sending you 7
2024-10-14 13:54:11.779061 Lima: Yankee and Bravo, sending you 2
2024-10-14 13:54:11.779709 Echo: X-ray and Yankee, sending you 5
2024-10-14 13:54:11.780668 X-ray: Lima, sending you 5
2024-10-14 13:54:11.783669 Echo: Lima, sending you 4
2024-10-14 13:54:11.785646 X-ray: Echo, sending you 6
chatterbot Bravo submitting transactions
chatterbot November submitting transactions
chatterbot Yankee submitting transactions
chatterbot X-ray submitting transactions
chatterbot Echo submitting transactions
chatterbot Alpha submitting transactions
chatterbot Delta submitting transactions
chatterbot Lima submitting transactions
chatterbot Juliett submitting transactions
chatterbot Uniform submitting transactions
ChatterBot Alpha round 6
ChatterBot Juliett round 6
ChatterBot November round 6
ChatterBot Delta round 6
ChatterBot X-ray round 6
ChatterBot Yankee round 6
ChatterBot Uniform round 6
ChatterBot Bravo round 6
ChatterBot Lima round 6
ChatterBot Echo round 6
2024-10-14 13:54:13.061699 Juliett: Alpha and Bravo, sending you 2
2024-10-14 13:54:13.066936 Juliett: November, Delta and Uniform, sending you 3
2024-10-14 13:54:13.067805 November: Alpha and Juliett, sending you 3
2024-10-14 13:54:13.069656 Uniform: Alpha, Juliett and Delta, sending you 3
2024-10-14 13:54:13.070953 Alpha: Same as last round
2024-10-14 13:54:13.071558 Echo: X-ray and Yankee, sending you 5
2024-10-14 13:54:13.071977 X-ray: Yankee, sending you 8
2024-10-14 13:54:13.072325 Bravo: Same as last round
2024-10-14 13:54:13.073212 Uniform: November, sending you 4
2024-10-14 13:54:13.073875 November: Delta and Uniform, sending you 4
2024-10-14 13:54:13.075045 Echo: Lima, sending you 4
2024-10-14 13:54:13.075671 Delta: Alpha, Juliett and Uniform, sending you 3
2024-10-14 13:54:13.076963 X-ray: Lima, sending you 5
2024-10-14 13:54:13.077411 Yankee: X-ray, sending you 8
2024-10-14 13:54:13.079080 Uniform: Bravo, sending you 2
2024-10-14 13:54:13.079780 Lima: X-ray and Echo, sending you 3
2024-10-14 13:54:13.080297 November: Bravo, sending you 2
2024-10-14 13:54:13.081286 X-ray: Echo, sending you 7
2024-10-14 13:54:13.081790 Delta: November, sending you 4
2024-10-14 13:54:13.082411 Yankee: Bravo, sending you 1
2024-10-14 13:54:13.083670 Lima: Yankee and Bravo, sending you 2
2024-10-14 13:54:13.085663 Yankee: Lima, sending you 3
2024-10-14 13:54:13.086685 Delta: Bravo, sending you 2
2024-10-14 13:54:13.089668 Yankee: Echo, sending you 7
chatterbot Lima submitting transactions
chatterbot Bravo submitting transactions
chatterbot Delta submitting transactions
chatterbot X-ray submitting transactions
chatterbot Uniform submitting transactions
chatterbot November submitting transactions
chatterbot Juliett submitting transactions
chatterbot Echo submitting transactions
chatterbot Yankee submitting transactions
chatterbot Alpha submitting transactions
ChatterBot Alpha round 7
ChatterBot Juliett round 7
ChatterBot November round 7
ChatterBot Delta round 7
ChatterBot X-ray round 7
ChatterBot Yankee round 7
ChatterBot Uniform round 7
ChatterBot Bravo round 7
ChatterBot Lima round 7
ChatterBot Echo round 7
2024-10-14 13:54:14.145805 Yankee: We should drop Bravo
2024-10-14 13:54:14.152548 X-ray: No
2024-10-14 13:54:14.152735 Lima: No
2024-10-14 13:54:14.152847 Echo: No
ChatterBot Yankee reevaluating
ChatterBot Yankee reevaluating
ChatterBot Yankee reevaluating
2024-10-14 13:54:14.172982 Alpha: Same as last round
2024-10-14 13:54:14.173723 Delta: Alpha, Juliett and Uniform, sending you 3
2024-10-14 13:54:14.178024 Lima: X-ray and Echo, sending you 3
2024-10-14 13:54:14.178681 November: Alpha and Juliett, sending you 3
2024-10-14 13:54:14.179452 Delta: November, sending you 4
2024-10-14 13:54:14.180137 Bravo: Same as last round
2024-10-14 13:54:14.181212 Juliett: Alpha and Bravo, sending you 2
2024-10-14 13:54:14.181974 Lima: Yankee and Bravo, sending you 2
2024-10-14 13:54:14.183686 November: Delta and Uniform, sending you 4
2024-10-14 13:54:14.184493 Delta: Bravo, sending you 2
2024-10-14 13:54:14.185278 Juliett: November, Delta and Uniform, sending you 3
2024-10-14 13:54:14.186663 November: Bravo, sending you 2
2024-10-14 13:54:14.190864 Uniform: Alpha, Juliett and Delta, sending you 3
2024-10-14 13:54:14.191917 X-ray: Yankee, sending you 8
2024-10-14 13:54:14.194735 Uniform: November, sending you 4
2024-10-14 13:54:14.196671 X-ray: Lima, sending you 5
2024-10-14 13:54:14.198011 Echo: X-ray and Yankee, sending you 5
2024-10-14 13:54:14.199684 Uniform: Bravo, sending you 2
2024-10-14 13:54:14.200789 Echo: Lima, sending you 4
2024-10-14 13:54:14.201695 X-ray: Echo, sending you 7
chatterbot Delta submitting transactions
chatterbot Juliett submitting transactions
chatterbot X-ray submitting transactions
chatterbot Yankee submitting transactions
chatterbot Alpha submitting transactions
chatterbot Bravo submitting transactions
chatterbot Lima submitting transactions
chatterbot November submitting transactions
chatterbot Echo submitting transactions
chatterbot Uniform submitting transactions
ChatterBot Alpha round 8
ChatterBot Juliett round 8
ChatterBot November round 8
ChatterBot Delta round 8
ChatterBot X-ray round 8
ChatterBot Yankee round 8
ChatterBot Uniform round 8
ChatterBot Bravo round 8
ChatterBot Lima round 8
ChatterBot Echo round 8
2024-10-14 13:54:15.402653 November: Alpha and Juliett, sending you 3
2024-10-14 13:54:15.406774 November: Delta and Uniform, sending you 4
2024-10-14 13:54:15.408687 Juliett: Alpha and Bravo, sending you 2
2024-10-14 13:54:15.410021 X-ray: Yankee, sending you 8
2024-10-14 13:54:15.411755 November: Bravo, sending you 2
2024-10-14 13:54:15.414697 Juliett: November, Delta and Uniform, sending you 3
2024-10-14 13:54:15.416337 Alpha: Same as last round
2024-10-14 13:54:15.418023 X-ray: Lima, sending you 5
2024-10-14 13:54:15.419361 Bravo: Same as last round
2024-10-14 13:54:15.421634 Uniform: Alpha, Juliett and Delta, sending you 3
2024-10-14 13:54:15.423442 Delta: Alpha, Juliett and Uniform, sending you 3
2024-10-14 13:54:15.424489 Echo: X-ray and Yankee, sending you 5
2024-10-14 13:54:15.425170 X-ray: Echo, sending you 7
2024-10-14 13:54:15.426222 Yankee: X-ray, sending you 8
2024-10-14 13:54:15.427721 Uniform: November, sending you 4
2024-10-14 13:54:15.429404 Lima: X-ray and Echo, sending you 3
2024-10-14 13:54:15.429945 Delta: November, sending you 4
2024-10-14 13:54:15.430597 Echo: Lima, sending you 4
2024-10-14 13:54:15.431090 Yankee: Bravo, sending you 1
2024-10-14 13:54:15.433667 Uniform: Bravo, sending you 2
2024-10-14 13:54:15.434932 Lima: Yankee and Bravo, sending you 2
2024-10-14 13:54:15.435494 Delta: Bravo, sending you 2
2024-10-14 13:54:15.436684 Yankee: Lima, sending you 3
2024-10-14 13:54:15.440672 Yankee: Echo, sending you 7
chatterbot Lima submitting transactions
chatterbot Yankee submitting transactions
chatterbot X-ray submitting transactions
chatterbot Alpha submitting transactions
chatterbot Delta submitting transactions
chatterbot Echo submitting transactions
chatterbot Bravo submitting transactions
chatterbot November submitting transactions
chatterbot Juliett submitting transactions
chatterbot Uniform submitting transactions
ChatterBot Alpha round 9
ChatterBot Juliett round 9
ChatterBot November round 9
ChatterBot Delta round 9
ChatterBot X-ray round 9
ChatterBot Yankee round 9
ChatterBot Uniform round 9
ChatterBot Bravo round 9
ChatterBot Lima round 9
ChatterBot Echo round 9
2024-10-14 13:54:16.666674 Juliett: Alpha and Bravo, sending you 2
2024-10-14 13:54:16.672967 Juliett: November, Delta and Uniform, sending you 3
2024-10-14 13:54:16.674185 Yankee: X-ray, sending you 8
2024-10-14 13:54:16.675285 Bravo: Same as last round
2024-10-14 13:54:16.676593 Delta: Alpha, Juliett and Uniform, sending you 3
2024-10-14 13:54:16.677660 November: Alpha and Juliett, sending you 3
2024-10-14 13:54:16.678850 Echo: X-ray and Yankee, sending you 5
2024-10-14 13:54:16.679680 Yankee: Bravo, sending you 1
2024-10-14 13:54:16.680683 Alpha: Same as last round
2024-10-14 13:54:16.682171 Delta: November, sending you 4
2024-10-14 13:54:16.683268 X-ray: Yankee, sending you 8
2024-10-14 13:54:16.684233 Lima: X-ray and Echo, sending you 3
2024-10-14 13:54:16.684862 November: Delta and Uniform, sending you 4
2024-10-14 13:54:16.686118 Echo: Lima, sending you 4
2024-10-14 13:54:16.686697 Yankee: Lima, sending you 3
2024-10-14 13:54:16.687160 Uniform: Alpha, Juliett and Delta, sending you 3
2024-10-14 13:54:16.688322 X-ray: Lima, sending you 5
2024-10-14 13:54:16.688841 Delta: Bravo, sending you 2
2024-10-14 13:54:16.689967 Lima: Yankee and Bravo, sending you 2
2024-10-14 13:54:16.690788 Yankee: Echo, sending you 7
2024-10-14 13:54:16.691746 November: Bravo, sending you 2
2024-10-14 13:54:16.692678 Uniform: November, sending you 4
2024-10-14 13:54:16.693853 X-ray: Echo, sending you 7
2024-10-14 13:54:16.697680 Uniform: Bravo, sending you 2
chatterbot Delta submitting transactions
chatterbot Yankee submitting transactions
chatterbot Juliett submitting transactions
chatterbot Lima submitting transactions
chatterbot X-ray submitting transactions
chatterbot Uniform submitting transactions
chatterbot Alpha submitting transactions
chatterbot Echo submitting transactions
chatterbot November submitting transactions
chatterbot Bravo submitting transactions
ChatterBot Alpha round 10
ChatterBot Juliett round 10
ChatterBot November round 10
ChatterBot Delta round 10
ChatterBot X-ray round 10
ChatterBot Yankee round 10
ChatterBot Uniform round 10
ChatterBot Bravo round 10
ChatterBot Lima round 10
ChatterBot Echo round 10
2024-10-14 13:54:17.932989 Yankee: We should drop Bravo
2024-10-14 13:54:17.942300 X-ray: No
2024-10-14 13:54:17.942666 Lima: No
2024-10-14 13:54:17.942817 Echo: No
ChatterBot Yankee reevaluating
ChatterBot Yankee reevaluating
ChatterBot Yankee reevaluating
2024-10-14 13:54:17.971684 November: Alpha and Juliett, sending you 3
2024-10-14 13:54:17.974511 X-ray: Yankee, sending you 8
2024-10-14 13:54:17.976469 Juliett: Alpha and Bravo, sending you 2
2024-10-14 13:54:17.978459 Alpha: Same as last round
2024-10-14 13:54:17.980703 November: Delta and Uniform, sending you 4
2024-10-14 13:54:17.983223 X-ray: Lima, sending you 5
2024-10-14 13:54:17.985386 Juliett: November, Delta and Uniform, sending you 3
2024-10-14 13:54:17.987866 Bravo: Same as last round
2024-10-14 13:54:17.990357 Lima: X-ray and Echo, sending you 3
2024-10-14 13:54:17.991679 November: Bravo, sending you 2
2024-10-14 13:54:17.993877 X-ray: Echo, sending you 7
2024-10-14 13:54:17.996698 Lima: Yankee and Bravo, sending you 2
2024-10-14 13:54:17.998930 Uniform: Alpha, Juliett and Delta, sending you 3
2024-10-14 13:54:18.001801 Echo: X-ray and Yankee, sending you 5
2024-10-14 13:54:18.004673 Uniform: November, sending you 4
2024-10-14 13:54:18.007667 Echo: Lima, sending you 4
2024-10-14 13:54:18.009438 Yankee: X-ray, sending you 8
2024-10-14 13:54:18.010511 Uniform: Bravo, sending you 2
2024-10-14 13:54:18.013022 Yankee: Bravo, sending you 1
2024-10-14 13:54:18.018013 Yankee: Lima, sending you 3
2024-10-14 13:54:18.023666 Yankee: Echo, sending you 7
chatterbot X-ray submitting transactions
chatterbot Delta submitting transactions
chatterbot November submitting transactions
chatterbot Bravo submitting transactions
chatterbot Alpha submitting transactions
chatterbot Uniform submitting transactions
chatterbot Yankee submitting transactions
chatterbot Lima submitting transactions
chatterbot Juliett submitting transactions
chatterbot Echo submitting transactions
ChatterBot Alpha round 11
ChatterBot Juliett round 11
ChatterBot November round 11
ChatterBot Delta round 11
ChatterBot X-ray round 11
ChatterBot Yankee round 11
ChatterBot Uniform round 11
ChatterBot Bravo round 11
ChatterBot Lima round 11
ChatterBot Echo round 11
2024-10-14 13:54:19.112678 Yankee: X-ray, sending you 6
2024-10-14 13:54:19.115696 November: Alpha, Juliett and Delta, sending you 3
2024-10-14 13:54:19.117675 Yankee: Lima, sending you 3
2024-10-14 13:54:19.119687 November: Uniform, sending you 5
2024-10-14 13:54:19.122666 Yankee: Echo, sending you 5
2024-10-14 13:54:19.123572 Lima: X-ray and Echo, sending you 3
2024-10-14 13:54:19.124929 X-ray: Yankee, sending you 8
2024-10-14 13:54:19.125805 November: Bravo, sending you 2
2024-10-14 13:54:19.126792 Alpha: Same as last round
2024-10-14 13:54:19.128005 Uniform: Alpha, Juliett and Delta, sending you 3
2024-10-14 13:54:19.128996 Echo: I was attacked by Delta
ChatterBot X-ray reevaluating
ChatterBot Yankee reevaluating
ChatterBot Lima reevaluating
ChatterBot Bravo reevaluating
2024-10-14 13:54:19.141851 Echo: I'm keeping this round to protect myself
2024-10-14 13:54:19.143536 Echo: Ow
2024-10-14 13:54:19.143912 Bravo: We should add Yankee
ChatterBot Alpha reevaluating
2024-10-14 13:54:19.158702 November: No
2024-10-14 13:54:19.158948 Alpha: Yes
2024-10-14 13:54:19.159091 Delta: No
2024-10-14 13:54:19.159227 Uniform: No
2024-10-14 13:54:19.159344 Juliett: No
ChatterBot Alpha reevaluating
ChatterBot Bravo reevaluating
ChatterBot Bravo reevaluating
ChatterBot Alpha reevaluating
ChatterBot Bravo reevaluating
ChatterBot Alpha reevaluating
ChatterBot Bravo reevaluating
ChatterBot Alpha reevaluating
ChatterBot Bravo reevaluating
2024-10-14 13:54:19.226380 Juliett: Alpha, November and Uniform, sending you 3
2024-10-14 13:54:19.228397 Delta: Alpha, Juliett and Uniform, sending you 3
2024-10-14 13:54:19.230476 Uniform: November, sending you 4
2024-10-14 13:54:19.232483 Yankee: We should drop Bravo
ChatterBot X-ray reevaluating
ChatterBot Lima reevaluating
2024-10-14 13:54:19.241523 X-ray: No
2024-10-14 13:54:19.241694 Lima: Yes
2024-10-14 13:54:19.241819 Echo: No
ChatterBot Yankee reevaluating
ChatterBot Lima reevaluating
ChatterBot Yankee reevaluating
ChatterBot X-ray reevaluating
ChatterBot Echo reevaluating
ChatterBot Yankee reevaluating
ChatterBot X-ray reevaluating
ChatterBot Lima reevaluating
2024-10-14 13:54:19.270307 Echo: We should replace Bravo with Uniform
ChatterBot Yankee reevaluating
ChatterBot X-ray reevaluating
ChatterBot Lima reevaluating
2024-10-14 13:54:19.278875 Yankee: No
2024-10-14 13:54:19.278993 X-ray: No
2024-10-14 13:54:19.279083 Lima: No
ChatterBot X-ray reevaluating
ChatterBot Lima reevaluating
ChatterBot Echo reevaluating
ChatterBot Yankee reevaluating
ChatterBot Lima reevaluating
ChatterBot Echo reevaluating
ChatterBot Yankee reevaluating
ChatterBot X-ray reevaluating
ChatterBot Echo reevaluating
2024-10-14 13:54:19.305090 Juliett: Delta and Bravo, sending you 2
2024-10-14 13:54:19.306589 Delta: November, sending you 4
2024-10-14 13:54:19.308115 Uniform: Bravo, sending you 2
2024-10-14 13:54:19.309130 X-ray: We should replace Bravo with Alpha
ChatterBot Yankee reevaluating
ChatterBot Echo reevaluating
2024-10-14 13:54:19.318175 Yankee: No
2024-10-14 13:54:19.318304 Lima: No
2024-10-14 13:54:19.318411 Echo: No
ChatterBot X-ray reevaluating
ChatterBot Echo reevaluating
ChatterBot Yankee reevaluating
ChatterBot X-ray reevaluating
ChatterBot Echo reevaluating
ChatterBot Yankee reevaluating
ChatterBot X-ray reevaluating
ChatterBot Lima reevaluating
2024-10-14 13:54:19.344001 Lima: We should replace Bravo with Juliett
ChatterBot Yankee reevaluating
ChatterBot X-ray reevaluating
ChatterBot Echo reevaluating
2024-10-14 13:54:19.351570 Yankee: No
2024-10-14 13:54:19.351992 X-ray: No
2024-10-14 13:54:19.352113 Echo: No
ChatterBot X-ray reevaluating
ChatterBot Lima reevaluating
ChatterBot Echo reevaluating
ChatterBot Yankee reevaluating
ChatterBot Lima reevaluating
ChatterBot Echo reevaluating
ChatterBot Yankee reevaluating
ChatterBot X-ray reevaluating
ChatterBot Lima reevaluating
2024-10-14 13:54:19.377081 Delta: Bravo, sending you 2
2024-10-14 13:54:19.383669 Lima: Uniform we want you to join our group
2024-10-14 13:54:19.387848 Uniform: No
ChatterBot Echo reevaluating
ChatterBot X-ray reevaluating
ChatterBot Yankee reevaluating
ChatterBot Lima reevaluating
chatterbot November submitting transactions
2024-10-14 13:54:19.407774 Echo: Alpha we want you to join our group
2024-10-14 13:54:19.411975 Alpha: No
ChatterBot Echo reevaluating
ChatterBot X-ray reevaluating
ChatterBot Yankee reevaluating
ChatterBot Lima reevaluating
2024-10-14 13:54:19.424467 Echo: We should replace Bravo with November
ChatterBot Yankee reevaluating
ChatterBot X-ray reevaluating
ChatterBot Lima reevaluating
2024-10-14 13:54:19.433360 Yankee: No
2024-10-14 13:54:19.433502 X-ray: No
2024-10-14 13:54:19.433636 Lima: No
ChatterBot X-ray reevaluating
ChatterBot Lima reevaluating
ChatterBot Echo reevaluating
ChatterBot Yankee reevaluating
ChatterBot Lima reevaluating
ChatterBot Echo reevaluating
ChatterBot Yankee reevaluating
ChatterBot X-ray reevaluating
ChatterBot Echo reevaluating
chatterbot Uniform submitting transactions
2024-10-14 13:54:19.463659 Lima: Alpha we want you to join our group
2024-10-14 13:54:19.467020 Alpha: No
ChatterBot Echo reevaluating
ChatterBot X-ray reevaluating
ChatterBot Yankee reevaluating
ChatterBot Lima reevaluating
2024-10-14 13:54:19.483668 X-ray: Alpha we want you to join our group
2024-10-14 13:54:19.487293 Alpha: No
ChatterBot Echo reevaluating
ChatterBot X-ray reevaluating
ChatterBot Yankee reevaluating
ChatterBot Lima reevaluating
2024-10-14 13:54:19.508660 X-ray: Uniform we want you to join our group
2024-10-14 13:54:19.511527 Uniform: No
ChatterBot Echo reevaluating
ChatterBot X-ray reevaluating
ChatterBot Yankee reevaluating
ChatterBot Lima reevaluating
2024-10-14 13:54:19.529761 Echo: Juliett we want you to join our group
2024-10-14 13:54:19.533546 Juliett: No
ChatterBot Echo reevaluating
ChatterBot X-ray reevaluating
ChatterBot Yankee reevaluating
ChatterBot Lima reevaluating
2024-10-14 13:54:19.576792 Yankee: X-ray, sending you 9
2024-10-14 13:54:19.578770 Lima: Sorry, I'm actually sending you 0
2024-10-14 13:54:19.585694 Yankee: Echo, sending you 7
2024-10-14 13:54:19.587056 Lima: Yankee and Uniform, sending you 2
chatterbot Delta submitting transactions
chatterbot Alpha submitting transactions
chatterbot Juliett submitting transactions
chatterbot Yankee submitting transactions
chatterbot Lima submitting transactions
chatterbot X-ray submitting transactions
chatterbot Bravo submitting transactions
chatterbot Echo submitting transactions
ChatterBot Alpha round 12
ChatterBot Juliett round 12
ChatterBot November round 12
ChatterBot Delta round 12
ChatterBot X-ray round 12
ChatterBot Yankee round 12
ChatterBot Uniform round 12
ChatterBot Bravo round 12
ChatterBot Lima round 12
ChatterBot Echo round 12
2024-10-14 13:54:20.650132 X-ray: We should replace Bravo with Alpha
ChatterBot Lima reevaluating
ChatterBot Echo reevaluating
2024-10-14 13:54:20.669562 Yankee: No
2024-10-14 13:54:20.669819 Lima: Yes
2024-10-14 13:54:20.670034 Echo: Yes
ChatterBot X-ray reevaluating
ChatterBot Lima reevaluating
ChatterBot Echo reevaluating
ChatterBot X-ray reevaluating
ChatterBot Echo reevaluating
ChatterBot X-ray reevaluating
ChatterBot Lima reevaluating
2024-10-14 13:54:20.708701 Lima: We should replace Uniform with Alpha
ChatterBot X-ray reevaluating
ChatterBot Echo reevaluating
2024-10-14 13:54:20.716461 Yankee: No
2024-10-14 13:54:20.716577 X-ray: Yes
2024-10-14 13:54:20.716677 Echo: No
ChatterBot X-ray reevaluating
ChatterBot Lima reevaluating
ChatterBot Echo reevaluating
ChatterBot Yankee reevaluating
ChatterBot Lima reevaluating
ChatterBot Echo reevaluating
ChatterBot Yankee reevaluating
ChatterBot X-ray reevaluating
ChatterBot Lima reevaluating
2024-10-14 13:54:20.746331 Juliett: We should add Lima
ChatterBot Bravo reevaluating
2024-10-14 13:54:20.758219 November: No
2024-10-14 13:54:20.758852 Alpha: No
2024-10-14 13:54:20.759005 Delta: No
2024-10-14 13:54:20.759126 Uniform: No
2024-10-14 13:54:20.759241 Bravo: Yes
ChatterBot Bravo reevaluating
ChatterBot Juliett reevaluating
ChatterBot Bravo reevaluating
ChatterBot Juliett reevaluating
ChatterBot Bravo reevaluating
ChatterBot Juliett reevaluating
ChatterBot Bravo reevaluating
ChatterBot Juliett reevaluating
ChatterBot Juliett reevaluating
2024-10-14 13:54:20.847150 Bravo: We should add X-ray
ChatterBot Juliett reevaluating
2024-10-14 13:54:20.868253 November: Yes
2024-10-14 13:54:20.868446 Alpha: Yes
2024-10-14 13:54:20.868606 Delta: Yes
2024-10-14 13:54:20.869200 Uniform: Yes
2024-10-14 13:54:20.869405 Juliett: Yes
ChatterBot Bravo reevaluating
ChatterBot Juliett reevaluating
ChatterBot Bravo reevaluating
ChatterBot Juliett reevaluating
ChatterBot November reevaluating
ChatterBot Alpha reevaluating
ChatterBot Bravo reevaluating
ChatterBot Juliett reevaluating
ChatterBot November reevaluating
ChatterBot Alpha reevaluating
ChatterBot Bravo reevaluating
ChatterBot Juliett reevaluating
ChatterBot November reevaluating
ChatterBot Alpha reevaluating
ChatterBot Bravo reevaluating
2024-10-14 13:54:20.969679 Echo: We should replace Juliett with Alpha
ChatterBot Yankee reevaluating
ChatterBot X-ray reevaluating
2024-10-14 13:54:20.978525 Yankee: No
2024-10-14 13:54:20.978684 X-ray: Yes
2024-10-14 13:54:20.978801 Lima: No
ChatterBot X-ray reevaluating
ChatterBot Lima reevaluating
ChatterBot Yankee reevaluating
ChatterBot Lima reevaluating
