ChatterBot Kilo round 1
ChatterBot Foxtrot round 1
ChatterBot Hotel round 1
ChatterBot Yankee round 1
ChatterBot Bravo round 1
ChatterBot Lima round 1
ChatterBot Oscar round 1
ChatterBot November round 1
ChatterBot Echo round 1
ChatterBot Whiskey round 1
randomSelections Bravo: {Bravo, Foxtrot, Echo, Hotel, Kilo, Yankee} 
2024-10-14 13:54:04.431089 Bravo: We should group up
ChatterBot Foxtrot reevaluating
ChatterBot Echo reevaluating
ChatterBot Hotel reevaluating
ChatterBot Kilo reevaluating
ChatterBot Yankee reevaluating
2024-10-14 13:54:04.451975 Foxtrot: Yes
2024-10-14 13:54:04.452204 Echo: Yes
2024-10-14 13:54:04.452386 Hotel: Yes
2024-10-14 13:54:04.452655 Kilo: Yes
2024-10-14 13:54:04.452870 Yankee: Yes
ChatterBot Echo reevaluating
ChatterBot Hotel reevaluating
ChatterBot Kilo reevaluating
ChatterBot Yankee reevaluating
ChatterBot Foxtrot reevaluating
ChatterBot Hotel reevaluating
ChatterBot Kilo reevaluating
ChatterBot Yankee reevaluating
ChatterBot Foxtrot reevaluating
ChatterBot Echo reevaluating
ChatterBot Kilo reevaluating
ChatterBot Yankee reevaluating
ChatterBot Foxtrot reevaluating
ChatterBot Echo reevaluating
ChatterBot Hotel reevaluating
ChatterBot Yankee reevaluating
ChatterBot Foxtrot reevaluating
ChatterBot Echo reevaluating
ChatterBot Hotel reevaluating
ChatterBot Kilo reevaluating
randomSelections Whiskey: {Whiskey, November, Yankee, Echo, Lima, Kilo} 
2024-10-14 13:54:04.549193 Whiskey: We should group up
ChatterBot November reevaluating
ChatterBot Yankee reevaluating
ChatterBot Echo reevaluating
ChatterBot Lima reevaluating
ChatterBot Kilo reevaluating
2024-10-14 13:54:04.561156 November: Yes
2024-10-14 13:54:04.561752 Yankee: No
2024-10-14 13:54:04.561930 Echo: No
2024-10-14 13:54:04.562085 Lima: Yes
2024-10-14 13:54:04.562202 Kilo: No
ChatterBot Yankee reevaluating
ChatterBot Echo reevaluating
ChatterBot Lima reevaluating
ChatterBot Kilo reevaluating
ChatterBot November reevaluating
ChatterBot Echo reevaluating
ChatterBot Lima reevaluating
ChatterBot Kilo reevaluating
ChatterBot November reevaluating
ChatterBot Yankee reevaluating
ChatterBot Lima reevaluating
ChatterBot Kilo reevaluating
ChatterBot November reevaluating
ChatterBot Yankee reevaluating
ChatterBot Echo reevaluating
ChatterBot Kilo reevaluating
ChatterBot November reevaluating
ChatterBot Yankee reevaluating
ChatterBot Echo reevaluating
ChatterBot Lima reevaluating
randomSelections Oscar: {Oscar, Hotel, November, Lima, Whiskey, Yankee} 
2024-10-14 13:54:04.626185 Oscar: Can we be friends?
ChatterBot Hotel reevaluating
ChatterBot November reevaluating
ChatterBot Lima reevaluating
ChatterBot Yankee reevaluating
2024-10-14 13:54:04.637543 Hotel: No
2024-10-14 13:54:04.637738 November: No
2024-10-14 13:54:04.638298 Lima: No
2024-10-14 13:54:04.638487 Whiskey: No
2024-10-14 13:54:04.638640 Yankee: No
ChatterBot November reevaluating
ChatterBot Lima reevaluating
ChatterBot Yankee reevaluating
ChatterBot Hotel reevaluating
ChatterBot Lima reevaluating
ChatterBot Yankee reevaluating
ChatterBot Hotel reevaluating
ChatterBot November reevaluating
ChatterBot Yankee reevaluating
ChatterBot Hotel reevaluating
ChatterBot November reevaluating
ChatterBot Lima reevaluating
ChatterBot Yankee reevaluating
ChatterBot Hotel reevaluating
ChatterBot November reevaluating
ChatterBot Lima reevaluating
2024-10-14 13:54:04.706553 Whiskey: Kilo, sending you 1
2024-10-14 13:54:04.709682 Kilo: Foxtrot, sending you 2
2024-10-14 13:54:04.711075 Lima: Kilo, sending you 3
2024-10-14 13:54:04.711477 November: Kilo, sending you 3
2024-10-14 13:54:04.711779 Yankee: Kilo, sending you 4
2024-10-14 13:54:04.712601 Whiskey: Yankee, sending you 4
2024-10-14 13:54:04.712901 Bravo: Kilo and Hotel, sending you 2
2024-10-14 13:54:04.714169 Oscar: Hotel, Yankee and Whiskey, sending you 1
2024-10-14 13:54:04.714625 Kilo: Hotel and Echo, sending you 3
2024-10-14 13:54:04.715436 Foxtrot: Kilo, sending you 1
2024-10-14 13:54:04.715876 November: Lima, Echo and Whiskey, sending you 2
2024-10-14 13:54:04.716305 Yankee: Foxtrot, sending you 3
2024-10-14 13:54:04.717110 Lima: Yankee and November, sending you 5
2024-10-14 13:54:04.717507 Bravo: Foxtrot and Echo, sending you 3
2024-10-14 13:54:04.718352 Whiskey: Lima, sending you 2
2024-10-14 13:54:04.718793 Hotel: Kilo and Foxtrot, sending you 1
2024-10-14 13:54:04.719862 Oscar: Lima and November, sending you 3
2024-10-14 13:54:04.720305 Kilo: Bravo, sending you 1
2024-10-14 13:54:04.721274 Foxtrot: Hotel and Echo, sending you 5
2024-10-14 13:54:04.721650 Yankee: Hotel, sending you 6
2024-10-14 13:54:04.722142 Echo: Foxtrot, sending you 2
2024-10-14 13:54:04.723145 Lima: Echo, sending you 1
2024-10-14 13:54:04.723528 Bravo: Yankee, sending you 1
2024-10-14 13:54:04.724385 Whiskey: November, sending you 3
2024-10-14 13:54:04.724976 Hotel: Yankee and Bravo, sending you 2
2024-10-14 13:54:04.725874 Yankee: Bravo and Echo, sending you 2
2024-10-14 13:54:04.726359 Lima: Whiskey, sending you 2
2024-10-14 13:54:04.727317 Foxtrot: Yankee and Bravo, sending you 3
2024-10-14 13:54:04.727880 Echo: Yankee and Bravo, sending you 1
2024-10-14 13:54:04.728974 Whiskey: Echo, sending you 6
2024-10-14 13:54:04.730708 Hotel: Echo, sending you 3
chatterbot Bravo submitting transactions
chatterbot Whiskey submitting transactions
chatterbot Foxtrot submitting transactions
chatterbot Lima submitting transactions
chatterbot Echo submitting transactions
chatterbot Kilo submitting transactions
chatterbot November submitting transactions
chatterbot Oscar submitting transactions
chatterbot Yankee submitting transactions
chatterbot Hotel submitting transactions
ChatterBot Kilo round 2
ChatterBot Foxtrot round 2
ChatterBot Hotel round 2
ChatterBot Yankee round 2
ChatterBot Bravo round 2
2024-10-14 13:54:05.850185 Hotel: We should add Oscar
ChatterBot Bravo reevaluating
ChatterBot Foxtrot reevaluating
ChatterBot Echo reevaluating
ChatterBot Kilo reevaluating
ChatterBot Yankee reevaluating
2024-10-14 13:54:05.930234 Bravo: No
2024-10-14 13:54:05.931006 Foxtrot: No
2024-10-14 13:54:05.931203 Echo: No
2024-10-14 13:54:05.931434 Kilo: No
2024-10-14 13:54:05.931710 Yankee: No
ChatterBot Foxtrot reevaluating
ChatterBot Echo reevaluating
ChatterBot Kilo reevaluating
ChatterBot Yankee reevaluating
ChatterBot Bravo reevaluating
ChatterBot Echo reevaluating
ChatterBot Hotel reevaluating
ChatterBot Kilo reevaluating
ChatterBot Yankee reevaluating
ChatterBot Bravo reevaluating
ChatterBot Foxtrot reevaluating
ChatterBot Hotel reevaluating
ChatterBot Kilo reevaluating
ChatterBot Yankee reevaluating
ChatterBot Bravo reevaluating
ChatterBot Foxtrot reevaluating
ChatterBot Echo reevaluating
ChatterBot Hotel reevaluating
ChatterBot Yankee reevaluating
ChatterBot Bravo reevaluating
ChatterBot Foxtrot reevaluating
ChatterBot Echo reevaluating
ChatterBot Hotel reevaluating
ChatterBot Kilo reevaluating
ChatterBot Lima round 2
ChatterBot Oscar round 2
ChatterBot November round 2
2024-10-14 13:54:06.062852 Kilo: We should add Whiskey
ChatterBot Bravo reevaluating
ChatterBot Foxtrot reevaluating
ChatterBot Echo reevaluating
ChatterBot Hotel reevaluating
ChatterBot Yankee reevaluating
2024-10-14 13:54:06.086194 Bravo: No
2024-10-14 13:54:06.086318 Foxtrot: No
2024-10-14 13:54:06.086423 Echo: No
2024-10-14 13:54:06.086520 Hotel: Yes
2024-10-14 13:54:06.086624 Yankee: No
ChatterBot Foxtrot reevaluating
ChatterBot Echo reevaluating
ChatterBot Hotel reevaluating
ChatterBot Kilo reevaluating
ChatterBot Yankee reevaluating
ChatterBot Bravo reevaluating
ChatterBot Echo reevaluating
ChatterBot Hotel reevaluating
ChatterBot Kilo reevaluating
ChatterBot Yankee reevaluating
ChatterBot Bravo reevaluating
ChatterBot Foxtrot reevaluating
ChatterBot Hotel reevaluating
ChatterBot Kilo reevaluating
ChatterBot Yankee reevaluating
ChatterBot Bravo reevaluating
ChatterBot Foxtrot reevaluating
ChatterBot Echo reevaluating
ChatterBot Kilo reevaluating
ChatterBot Yankee reevaluating
ChatterBot Bravo reevaluating
ChatterBot Foxtrot reevaluating
ChatterBot Echo reevaluating
ChatterBot Hotel reevaluating
ChatterBot Kilo reevaluating
ChatterBot Echo round 2
ChatterBot Whiskey round 2
2024-10-14 13:54:06.209666 Oscar: Let's form a team
ChatterBot Lima reevaluating
ChatterBot Whiskey reevaluating
2024-10-14 13:54:06.216799 Lima: Yes
2024-10-14 13:54:06.216970 Whiskey: Yes
ChatterBot Whiskey reevaluating
ChatterBot Lima reevaluating
2024-10-14 13:54:06.232827 November: We would work well together
ChatterBot Lima reevaluating
ChatterBot Oscar reevaluating
ChatterBot Whiskey reevaluating
2024-10-14 13:54:06.245535 Lima: No
2024-10-14 13:54:06.245671 Oscar: No
2024-10-14 13:54:06.245761 Whiskey: No
2024-10-14 13:54:06.245843 Yankee: No
ChatterBot November reevaluating
ChatterBot Oscar reevaluating
ChatterBot Whiskey reevaluating
ChatterBot November reevaluating
ChatterBot Lima reevaluating
ChatterBot Whiskey reevaluating
ChatterBot November reevaluating
ChatterBot Lima reevaluating
ChatterBot Oscar reevaluating
ChatterBot November reevaluating
ChatterBot Lima reevaluating
ChatterBot Oscar reevaluating
ChatterBot Whiskey reevaluating
2024-10-14 13:54:06.306687 Hotel: Oscar we want you to join our group
ChatterBot Oscar reevaluating
2024-10-14 13:54:06.309967 Oscar: No
ChatterBot Hotel reevaluating
2024-10-14 13:54:06.326617 Hotel: We should add Lima
ChatterBot Foxtrot reevaluating
ChatterBot Echo reevaluating
2024-10-14 13:54:06.340749 Bravo: No
2024-10-14 13:54:06.340901 Foxtrot: No
2024-10-14 13:54:06.341032 Echo: No
2024-10-14 13:54:06.341152 Kilo: No
2024-10-14 13:54:06.341264 Yankee: No
ChatterBot Foxtrot reevaluating
ChatterBot Echo reevaluating
ChatterBot Hotel reevaluating
ChatterBot Echo reevaluating
ChatterBot Hotel reevaluating
ChatterBot Foxtrot reevaluating
ChatterBot Hotel reevaluating
ChatterBot Foxtrot reevaluating
ChatterBot Echo reevaluating
ChatterBot Hotel reevaluating
ChatterBot Foxtrot reevaluating
ChatterBot Echo reevaluating
ChatterBot Hotel reevaluating
2024-10-14 13:54:06.453163 Oscar: We should drop Hotel and Yankee
ChatterBot November reevaluating
2024-10-14 13:54:06.464694 Lima: Yes
2024-10-14 13:54:06.464950 November: Yes
2024-10-14 13:54:06.465076 Whiskey: Yes
ChatterBot November reevaluating
ChatterBot November reevaluating
2024-10-14 13:54:06.493536 Bravo: Kilo and Echo, sending you 1
2024-10-14 13:54:06.495125 Foxtrot: We should drop Echo
2024-10-14 13:54:06.506895 Kilo: No
2024-10-14 13:54:06.507066 Hotel: No
2024-10-14 13:54:06.508090 Yankee: No
2024-10-14 13:54:06.508329 Bravo: No
2024-10-14 13:54:06.556483 Bravo: Foxtrot and Hotel, sending you 3
2024-10-14 13:54:07.481771 Kilo: Foxtrot and Hotel, sending you 3
2024-10-14 13:54:07.482190 Whiskey: Kilo, sending you 3
2024-10-14 13:54:07.482909 Lima: Oscar, sending you 6
2024-10-14 13:54:07.483136 Yankee: Kilo, sending you 1
2024-10-14 13:54:07.483460 Echo: Kilo, Hotel and Bravo, sending you 3
2024-10-14 13:54:07.484141 Bravo: Yankee, sending you 2
chatterbot Lima submitting transactions
chatterbot Yankee submitting transactions
chatterbot Whiskey submitting transactions
chatterbot Bravo submitting transactions
chatterbot Kilo submitting transactions
2024-10-14 13:54:07.880842 Kilo: Yankee, sending you 6
2024-10-14 13:54:07.881740 Whiskey: Lima, sending you 5
2024-10-14 13:54:07.882021 Lima: November and Whiskey, sending you 5
2024-10-14 13:54:07.882248 Yankee: Foxtrot, sending you 6
2024-10-14 13:54:07.883074 Echo: Foxtrot, sending you 4
2024-10-14 13:54:07.883492 November: Lima, sending you 4
2024-10-14 13:54:07.883770 Foxtrot: Kilo, sending you 4
2024-10-14 13:54:07.884435 Oscar: Sending you each 3
chatterbot Echo submitting transactions
chatterbot Foxtrot submitting transactions
chatterbot Oscar submitting transactions
chatterbot November submitting transactions
2024-10-14 13:54:07.885064 Kilo: Bravo, sending you 4
2024-10-14 13:54:07.885702 Whiskey: Oscar and November, sending you 4
2024-10-14 13:54:07.885993 Yankee: Hotel, sending you 4
2024-10-14 13:54:08.167499 November: Oscar and Whiskey, sending you 2
2024-10-14 13:54:08.168383 Echo: Yankee, sending you 2
2024-10-14 13:54:08.168815 Foxtrot: Hotel, sending you 3
2024-10-14 13:54:08.169126 Hotel: Kilo, sending you 3
2024-10-14 13:54:08.169391 Kilo: Echo, sending you 1
2024-10-14 13:54:08.170123 Yankee: Bravo and Echo, sending you 3
chatterbot Hotel submitting transactions
2024-10-14 13:54:08.183655 November: Echo, sending you 1
2024-10-14 13:54:08.183910 Foxtrot: Yankee and Bravo, sending you 5
2024-10-14 13:54:08.184643 Hotel: Foxtrot, sending you 4
2024-10-14 13:54:08.184882 Yankee: Lima did not give me 5 like they said
ChatterBot Bravo reevaluating
ChatterBot Foxtrot reevaluating
ChatterBot Echo reevaluating
ChatterBot Hotel reevaluating
ChatterBot Kilo reevaluating
2024-10-14 13:54:08.201912 Yankee: Oscar did not give me 1 like they said
ChatterBot Bravo reevaluating
ChatterBot Foxtrot reevaluating
ChatterBot Echo reevaluating
ChatterBot Hotel reevaluating
ChatterBot Kilo reevaluating
2024-10-14 13:54:08.218595 Yankee: Whiskey did not give me 4 like they said
ChatterBot Bravo reevaluating
ChatterBot Foxtrot reevaluating
ChatterBot Echo reevaluating
ChatterBot Hotel reevaluating
ChatterBot Kilo reevaluating
ChatterBot Kilo round 3
ChatterBot Foxtrot round 3
ChatterBot Hotel round 3
ChatterBot Yankee round 3
ChatterBot Bravo round 3
ChatterBot Lima round 3
ChatterBot Oscar round 3
ChatterBot November round 3
ChatterBot Echo round 3
ChatterBot Whiskey round 3
2024-10-14 13:54:08.242458 Foxtrot: We should replace Kilo with Echo
ChatterBot Hotel reevaluating
ChatterBot Bravo reevaluating
2024-10-14 13:54:08.251749 Hotel: No
2024-10-14 13:54:08.251896 Yankee: No
2024-10-14 13:54:08.252014 Bravo: No
ChatterBot Foxtrot reevaluating
ChatterBot Bravo reevaluating
ChatterBot Foxtrot reevaluating
ChatterBot Hotel reevaluating
ChatterBot Bravo reevaluating
ChatterBot Foxtrot reevaluating
ChatterBot Hotel reevaluating
2024-10-14 13:54:08.309093 Foxtrot: We should add Echo
ChatterBot Hotel reevaluating
ChatterBot Bravo reevaluating
2024-10-14 13:54:08.328588 Kilo: Yes
2024-10-14 13:54:08.328912 Hotel: Yes
2024-10-14 13:54:08.329091 Yankee: Yes
2024-10-14 13:54:08.329251 Bravo: Yes
ChatterBot Foxtrot reevaluating
ChatterBot Hotel reevaluating
ChatterBot Bravo reevaluating
ChatterBot Foxtrot reevaluating
ChatterBot Bravo reevaluating
ChatterBot Foxtrot reevaluating
ChatterBot Hotel reevaluating
ChatterBot Bravo reevaluating
ChatterBot Foxtrot reevaluating
ChatterBot Hotel reevaluating
2024-10-14 13:54:08.442357 Foxtrot: Echo we want you to join our group
2024-10-14 13:54:08.445795 Echo: Yes
ChatterBot Foxtrot reevaluating
ChatterBot Hotel reevaluating
2024-10-14 13:54:08.461576 Foxtrot: We should replace Bravo with Echo
ChatterBot Hotel reevaluating
2024-10-14 13:54:08.470993 Kilo: No
2024-10-14 13:54:08.471946 Hotel: No
2024-10-14 13:54:08.472115 Yankee: No
ChatterBot Foxtrot reevaluating
ChatterBot Hotel reevaluating
ChatterBot Foxtrot reevaluating
ChatterBot Foxtrot reevaluating
ChatterBot Hotel reevaluating
2024-10-14 13:54:08.512767 Oscar: Lima and Whiskey, sending you 3
2024-10-14 13:54:08.513073 Bravo: Kilo, Hotel, Yankee and Echo, sending you 2
2024-10-14 13:54:08.513609 Whiskey: Lima, sending you 6
2024-10-14 13:54:08.514429 November: Lima and Whiskey, sending you 3
2024-10-14 13:54:08.514736 Yankee: Kilo, Foxtrot and Hotel, sending you 4
2024-10-14 13:54:08.515239 Kilo: Foxtrot, Hotel and Yankee, sending you 4
2024-10-14 13:54:08.516362 Oscar: November, sending you 2
2024-10-14 13:54:08.516652 Bravo: Foxtrot, sending you 3
2024-10-14 13:54:08.528823 Whiskey: Oscar and November, sending you 5
2024-10-14 13:54:08.529689 November: Oscar, sending you 2
2024-10-14 13:54:08.529998 Echo: Sending you each 3
2024-10-14 13:54:08.530864 Yankee: Bravo, sending you 2
2024-10-14 13:54:08.531214 Kilo: Bravo, sending you 2
2024-10-14 13:54:08.531584 Lima: Oscar and November, sending you 5
2024-10-14 13:54:08.534371 November: Echo, sending you 1
2024-10-14 13:54:08.535038 Yankee: Echo, sending you 3
2024-10-14 13:54:08.535902 Kilo: Echo, sending you 3
2024-10-14 13:54:08.536706 Lima: Whiskey, sending you 6
2024-10-14 13:54:08.543822 Foxtrot: Hotel, Bravo and Echo, sending you 4
2024-10-14 13:54:08.547569 Foxtrot: Yankee, sending you 5
chatterbot Whiskey submitting transactions
chatterbot Yankee submitting transactions
chatterbot Lima submitting transactions
chatterbot Bravo submitting transactions
chatterbot Foxtrot submitting transactions
chatterbot Echo submitting transactions
chatterbot Oscar submitting transactions
chatterbot Kilo submitting transactions
chatterbot November submitting transactions
chatterbot Hotel submitting transactions
ChatterBot Kilo round 4
ChatterBot Foxtrot round 4
ChatterBot Hotel round 4
ChatterBot Yankee round 4
ChatterBot Bravo round 4
ChatterBot Lima round 4
ChatterBot Oscar round 4
ChatterBot November round 4
ChatterBot Echo round 4
ChatterBot Whiskey round 4
2024-10-14 13:54:09.711099 Foxtrot: We should add Kilo
2024-10-14 13:54:09.722366 Hotel: Yes
2024-10-14 13:54:09.722539 Yankee: Yes
2024-10-14 13:54:09.722674 Bravo: Yes
2024-10-14 13:54:09.722805 Echo: Yes
ChatterBot Foxtrot reevaluating
ChatterBot Foxtrot reevaluating
ChatterBot Foxtrot reevaluating
ChatterBot Foxtrot reevaluating
2024-10-14 13:54:09.890960 Foxtrot: Kilo we want you to join our group
2024-10-14 13:54:09.894537 Kilo: Yes
ChatterBot Foxtrot reevaluating
2024-10-14 13:54:09.907730 Foxtrot: We should replace Bravo with Kilo
2024-10-14 13:54:09.915199 Hotel: No
2024-10-14 13:54:09.915375 Yankee: No
2024-10-14 13:54:09.915531 Echo: No
ChatterBot Foxtrot reevaluating
ChatterBot Foxtrot reevaluating
ChatterBot Foxtrot reevaluating
2024-10-14 13:54:09.993818 Kilo: Foxtrot, sending you 2
2024-10-14 13:54:10.098323 Bravo: Kilo, Hotel, Yankee and Echo, sending you 2
2024-10-14 13:54:10.099455 Yankee: Kilo, Foxtrot and Hotel, sending you 4
2024-10-14 13:54:10.099923 Whiskey: Lima, sending you 6
2024-10-14 13:54:10.100235 November: Lima and Whiskey, sending you 3
2024-10-14 13:54:10.100988 Echo: Same as last round
2024-10-14 13:54:10.101428 Kilo: Hotel, Yankee and Echo, sending you 4
2024-10-14 13:54:10.102273 Oscar: Lima and Whiskey, sending you 3
2024-10-14 13:54:10.102728 Bravo: Foxtrot, sending you 3
2024-10-14 13:54:10.103128 Yankee: Bravo, sending you 2
2024-10-14 13:54:10.103942 Whiskey: Oscar and November, sending you 5
2024-10-14 13:54:10.185309 Oscar: November, sending you 2
2024-10-14 13:54:10.185752 November: Oscar, sending you 2
2024-10-14 13:54:10.186513 Kilo: Bravo, sending you 3
2024-10-14 13:54:10.187292 Lima: Oscar and November, sending you 5
2024-10-14 13:54:10.188097 Yankee: Echo, sending you 3
chatterbot Hotel submitting transactions
2024-10-14 13:54:10.205365 November: Echo, sending you 1
2024-10-14 13:54:10.205851 Lima: Whiskey, sending you 6
2024-10-14 13:54:10.256893 Foxtrot: Kilo, Hotel and Echo, sending you 4
2024-10-14 13:54:10.275441 Foxtrot: Yankee, sending you 5
chatterbot Whiskey submitting transactions
chatterbot Lima submitting transactions
chatterbot November submitting transactions
chatterbot Bravo submitting transactions
chatterbot Oscar submitting transactions
chatterbot Echo submitting transactions
chatterbot Foxtrot submitting transactions
chatterbot Kilo submitting transactions
chatterbot Yankee submitting transactions
ChatterBot Kilo round 5
ChatterBot Foxtrot round 5
ChatterBot Hotel round 5
ChatterBot Yankee round 5
ChatterBot Bravo round 5
ChatterBot Lima round 5
ChatterBot Oscar round 5
ChatterBot November round 5
ChatterBot Echo round 5
ChatterBot Whiskey round 5
2024-10-14 13:54:11.014786 November: We should replace Echo with Bravo
2024-10-14 13:54:11.022010 Lima: No
2024-10-14 13:54:11.022219 Oscar: No
2024-10-14 13:54:11.022338 Whiskey: No
ChatterBot November reevaluating
ChatterBot November reevaluating
ChatterBot November reevaluating
2024-10-14 13:54:11.134030 Foxtrot: Kilo, Hotel and Echo, sending you 4
2024-10-14 13:54:11.138991 Oscar: Lima, sending you 3
2024-10-14 13:54:11.140119 Foxtrot: Yankee, sending you 5
2024-10-14 13:54:11.140837 Kilo: Foxtrot, Bravo and Echo, sending you 3
2024-10-14 13:54:11.142104 Lima: Oscar and November, sending you 5
2024-10-14 13:54:11.142668 Echo: Same as last round
2024-10-14 13:54:11.145885 Whiskey: Lima, sending you 6
2024-10-14 13:54:11.147236 Yankee: Kilo, Foxtrot and Hotel, sending you 4
2024-10-14 13:54:11.150562 Oscar: November and Whiskey, sending you 2
2024-10-14 13:54:11.152480 Kilo: Hotel and Yankee, sending you 4
2024-10-14 13:54:11.154629 Lima: Whiskey, sending you 6
2024-10-14 13:54:11.156800 Whiskey: Oscar and November, sending you 5
2024-10-14 13:54:11.159932 Yankee: Bravo, sending you 2
2024-10-14 13:54:11.161606 Bravo: Kilo, Foxtrot, Hotel and Yankee, sending you 2
2024-10-14 13:54:11.163535 November: Lima, sending you 4
2024-10-14 13:54:11.186163 Yankee: Echo, sending you 3
2024-10-14 13:54:11.187457 Bravo: Echo, sending you 3
2024-10-14 13:54:11.187962 November: Oscar, sending you 2
2024-10-14 13:54:11.197530 November: Whiskey, sending you 3
chatterbot Echo submitting transactions
chatterbot Yankee submitting transactions
chatterbot Foxtrot submitting transactions
chatterbot Whiskey submitting transactions
chatterbot November submitting transactions
chatterbot Hotel submitting transactions
chatterbot Kilo submitting transactions
chatterbot Oscar submitting transactions
chatterbot Lima submitting transactions
chatterbot Bravo submitting transactions
ChatterBot Kilo round 6
ChatterBot Foxtrot round 6
ChatterBot Hotel round 6
ChatterBot Yankee round 6
ChatterBot Bravo round 6
ChatterBot Lima round 6
ChatterBot Oscar round 6
ChatterBot November round 6
ChatterBot Echo round 6
ChatterBot Whiskey round 6
2024-10-14 13:54:12.322192 November: We should add Bravo
2024-10-14 13:54:12.330073 Lima: No
2024-10-14 13:54:12.330607 Oscar: No
2024-10-14 13:54:12.330768 Whiskey: No
ChatterBot November reevaluating
ChatterBot November reevaluating
2024-10-14 13:54:12.358057 November: We should add Kilo
2024-10-14 13:54:12.365781 Lima: No
2024-10-14 13:54:12.365947 Oscar: No
2024-10-14 13:54:12.366070 Whiskey: No
ChatterBot November reevaluating
ChatterBot November reevaluating
ChatterBot November reevaluating
2024-10-14 13:54:12.435738 Yankee: Kilo, Foxtrot and Hotel, sending you 4
2024-10-14 13:54:12.437774 Kilo: Foxtrot, Hotel, Bravo and Echo, sending you 3
2024-10-14 13:54:12.440850 Foxtrot: Kilo, Hotel and Echo, sending you 4
2024-10-14 13:54:12.441856 Bravo: Kilo, Foxtrot, Hotel and Yankee, sending you 2
2024-10-14 13:54:12.443911 Oscar: Sending you each 2
2024-10-14 13:54:12.445443 Echo: Same as last round
2024-10-14 13:54:12.447326 Lima: Oscar and November, sending you 5
2024-10-14 13:54:12.447994 Yankee: Bravo, sending you 2
2024-10-14 13:54:12.449947 Kilo: Yankee, sending you 5
2024-10-14 13:54:12.451993 Foxtrot: Yankee, sending you 5
2024-10-14 13:54:12.453162 Bravo: Echo, sending you 3
2024-10-14 13:54:12.455908 Whiskey: Lima, sending you 6
2024-10-14 13:54:12.456661 Lima: Whiskey, sending you 6
2024-10-14 13:54:12.457974 Yankee: Echo, sending you 3
2024-10-14 13:54:12.462010 Whiskey: Oscar and November, sending you 5
chatterbot Yankee submitting transactions
chatterbot Whiskey submitting transactions
chatterbot Bravo submitting transactions
chatterbot Kilo submitting transactions
chatterbot Oscar submitting transactions
chatterbot Hotel submitting transactions
chatterbot Foxtrot submitting transactions
chatterbot November submitting transactions
chatterbot Echo submitting transactions
chatterbot Lima submitting transactions
ChatterBot Kilo round 7
ChatterBot Foxtrot round 7
ChatterBot Hotel round 7
ChatterBot Yankee round 7
ChatterBot Bravo round 7
ChatterBot Lima round 7
ChatterBot Oscar round 7
ChatterBot November round 7
ChatterBot Echo round 7
ChatterBot Whiskey round 7
2024-10-14 13:54:13.601676 Foxtrot: Kilo, Hotel and Echo, sending you 4
2024-10-14 13:54:13.602703 Bravo: Kilo, Hotel and Yankee, sending you 2
2024-10-14 13:54:13.605710 Echo: Same as last round
2024-10-14 13:54:13.606445 Foxtrot: Yankee, sending you 5
2024-10-14 13:54:13.606881 Bravo: Foxtrot, sending you 1
2024-10-14 13:54:13.607522 Whiskey: Lima, sending you 6
2024-10-14 13:54:13.607862 Kilo: Foxtrot and Yankee, sending you 4
2024-10-14 13:54:13.608688 November: Lima, sending you 4
2024-10-14 13:54:13.609683 Bravo: Echo, sending you 3
2024-10-14 13:54:13.611677 Lima: Oscar and November, sending you 5
2024-10-14 13:54:13.612230 Kilo: Hotel, Bravo and Echo, sending you 3
2024-10-14 13:54:13.612916 Whiskey: Oscar and November, sending you 5
2024-10-14 13:54:13.613472 Yankee: Kilo, Foxtrot and Hotel, sending you 4
2024-10-14 13:54:13.614139 November: Oscar, sending you 2
2024-10-14 13:54:13.614665 Oscar: Same as last round
2024-10-14 13:54:13.615699 Lima: Whiskey, sending you 6
2024-10-14 13:54:13.616669 Yankee: Bravo, sending you 2
2024-10-14 13:54:13.617387 November: Whiskey, sending you 3
2024-10-14 13:54:13.621670 Yankee: Echo, sending you 3
chatterbot Hotel submitting transactions
chatterbot Bravo submitting transactions
chatterbot Oscar submitting transactions
chatterbot Foxtrot submitting transactions
chatterbot Whiskey submitting transactions
chatterbot Yankee submitting transactions
chatterbot Lima submitting transactions
chatterbot Kilo submitting transactions
chatterbot November submitting transactions
chatterbot Echo submitting transactions
ChatterBot Kilo round 8
ChatterBot Foxtrot round 8
ChatterBot Hotel round 8
ChatterBot Yankee round 8
ChatterBot Bravo round 8
2024-10-14 13:54:14.813131 Hotel: We should replace November with Whiskey
2024-10-14 13:54:14.829724 Bravo: No
2024-10-14 13:54:14.829947 Foxtrot: No
2024-10-14 13:54:14.830141 Echo: No
2024-10-14 13:54:14.830315 Kilo: No
2024-10-14 13:54:14.830483 Yankee: No
ChatterBot Hotel reevaluating
ChatterBot Hotel reevaluating
ChatterBot Hotel reevaluating
ChatterBot Hotel reevaluating
ChatterBot Hotel reevaluating
ChatterBot Lima round 8
ChatterBot Oscar round 8
ChatterBot November round 8
ChatterBot Echo round 8
ChatterBot Whiskey round 8
2024-10-14 13:54:14.923318 Hotel: We should replace November with Oscar
2024-10-14 13:54:14.938252 Bravo: No
2024-10-14 13:54:14.938462 Foxtrot: No
2024-10-14 13:54:14.938991 Echo: No
2024-10-14 13:54:14.939176 Kilo: No
2024-10-14 13:54:14.939384 Yankee: No
ChatterBot Hotel reevaluating
ChatterBot Hotel reevaluating
ChatterBot Hotel reevaluating
ChatterBot Hotel reevaluating
ChatterBot Hotel reevaluating
2024-10-14 13:54:15.018601 November: We should add Foxtrot
2024-10-14 13:54:15.023379 Lima: No
2024-10-14 13:54:15.023517 Oscar: No
2024-10-14 13:54:15.023633 Whiskey: No
ChatterBot November reevaluating
ChatterBot November reevaluating
ChatterBot November reevaluating
2024-10-14 13:54:15.047666 Yankee: Kilo, Foxtrot and Hotel, sending you 4
2024-10-14 13:54:15.048673 Kilo: Foxtrot and Yankee, sending you 4
2024-10-14 13:54:15.050666 Yankee: Bravo, sending you 2
2024-10-14 13:54:15.052067 Hotel: Whiskey we want you to join our group
2024-10-14 13:54:15.054289 Whiskey: No
ChatterBot Hotel reevaluating
2024-10-14 13:54:15.067635 Kilo: Hotel, Bravo and Echo, sending you 3
2024-10-14 13:54:15.068525 Yankee: Echo, sending you 3
2024-10-14 13:54:15.071648 Lima: Oscar, sending you 4
2024-10-14 13:54:15.071971 Bravo: Kilo and Echo, sending you 3
2024-10-14 13:54:15.072685 Oscar: Same as last round
2024-10-14 13:54:15.072980 Foxtrot: Kilo, Hotel and Echo, sending you 4
2024-10-14 13:54:15.073259 Echo: Same as last round
2024-10-14 13:54:15.075036 Bravo: Foxtrot, sending you 1
2024-10-14 13:54:15.076039 Lima: November, sending you 5
2024-10-14 13:54:15.076660 Foxtrot: Yankee, sending you 5
2024-10-14 13:54:15.078682 Lima: Whiskey, sending you 7
2024-10-14 13:54:15.079672 Bravo: Hotel and Yankee, sending you 2
2024-10-14 13:54:15.085665 November: Lima, sending you 4
2024-10-14 13:54:15.087667 Whiskey: Lima, sending you 6
2024-10-14 13:54:15.089682 November: Oscar, sending you 2
2024-10-14 13:54:15.091663 Whiskey: Oscar and November, sending you 5
2024-10-14 13:54:15.094657 November: Whiskey, sending you 3
chatterbot Bravo submitting transactions
chatterbot November submitting transactions
chatterbot Echo submitting transactions
chatterbot Kilo submitting transactions
chatterbot Foxtrot submitting transactions
chatterbot Oscar submitting transactions
chatterbot Lima submitting transactions
chatterbot Whiskey submitting transactions
chatterbot Yankee submitting transactions
chatterbot Hotel submitting transactions
ChatterBot Kilo round 9
ChatterBot Foxtrot round 9
ChatterBot Hotel round 9
ChatterBot Yankee round 9
ChatterBot Bravo round 9
ChatterBot Lima round 9
ChatterBot Oscar round 9
ChatterBot November round 9
ChatterBot Echo round 9
ChatterBot Whiskey round 9
2024-10-14 13:54:16.357686 Foxtrot: Kilo, Hotel and Echo, sending you 4
2024-10-14 13:54:16.358657 Yankee: Kilo, Foxtrot and Hotel, sending you 4
2024-10-14 13:54:16.360696 Kilo: Foxtrot and Yankee, sending you 4
2024-10-14 13:54:16.361705 Lima: Oscar, sending you 4
2024-10-14 13:54:16.362169 Foxtrot: Yankee, sending you 5
2024-10-14 13:54:16.362928 Yankee: Bravo, sending you 2
2024-10-14 13:54:16.363888 Oscar: Same as last round
2024-10-14 13:54:16.364502 Bravo: Kilo and Echo, sending you 3
2024-10-14 13:54:16.366158 Kilo: Hotel, Bravo and Echo, sending you 3
2024-10-14 13:54:16.366993 Lima: November and Whiskey, sending you 6
2024-10-14 13:54:16.367391 Whiskey: Lima, sending you 6
2024-10-14 13:54:16.367810 November: Lima, sending you 4
2024-10-14 13:54:16.368191 Yankee: Echo, sending you 3
2024-10-14 13:54:16.368847 Bravo: Foxtrot, sending you 1
2024-10-14 13:54:16.370709 November: Oscar, sending you 2
2024-10-14 13:54:16.371102 Echo: Same as last round
2024-10-14 13:54:16.373423 Whiskey: Oscar and November, sending you 5
2024-10-14 13:54:16.373934 Bravo: Hotel and Yankee, sending you 2
2024-10-14 13:54:16.374880 November: Whiskey, sending you 3
chatterbot November submitting transactions
chatterbot Hotel submitting transactions
chatterbot Oscar submitting transactions
chatterbot Yankee submitting transactions
chatterbot Whiskey submitting transactions
chatterbot Lima submitting transactions
chatterbot Kilo submitting transactions
chatterbot Bravo submitting transactions
chatterbot Foxtrot submitting transactions
chatterbot Echo submitting transactions
ChatterBot Kilo round 10
ChatterBot Foxtrot round 10
ChatterBot Hotel round 10
ChatterBot Yankee round 10
ChatterBot Bravo round 10
ChatterBot Lima round 10
ChatterBot Oscar round 10
ChatterBot November round 10
ChatterBot Echo round 10
ChatterBot Whiskey round 10
2024-10-14 13:54:17.609607 Hotel: We should replace November with Oscar
2024-10-14 13:54:17.619933 Bravo: No
2024-10-14 13:54:17.620427 Foxtrot: No
2024-10-14 13:54:17.620577 Echo: No
2024-10-14 13:54:17.620790 Kilo: No
2024-10-14 13:54:17.620992 Yankee: No
ChatterBot Hotel reevaluating
ChatterBot Hotel reevaluating
ChatterBot Hotel reevaluating
ChatterBot Hotel reevaluating
ChatterBot Hotel reevaluating
2024-10-14 13:54:17.710664 Kilo: Foxtrot and Yankee, sending you 4
2024-10-14 13:54:17.713662 Echo: Same as last round
2024-10-14 13:54:17.714489 Kilo: Hotel, Bravo and Echo, sending you 3
2024-10-14 13:54:17.715585 Bravo: Kilo and Echo, sending you 3
2024-10-14 13:54:17.718660 Bravo: Foxtrot, sending you 1
2024-10-14 13:54:17.719669 Whiskey: Lima, sending you 6
2024-10-14 13:54:17.721677 Yankee: Kilo, Foxtrot and Hotel, sending you 4
2024-10-14 13:54:17.722713 Bravo: Hotel and Yankee, sending you 2
2024-10-14 13:54:17.723363 Whiskey: Oscar and November, sending you 5
2024-10-14 13:54:17.723748 November: Lima, sending you 4
2024-10-14 13:54:17.724221 Foxtrot: Kilo, Hotel and Echo, sending you 4
2024-10-14 13:54:17.724997 Oscar: Same as last round
2024-10-14 13:54:17.725428 Lima: Oscar, sending you 4
2024-10-14 13:54:17.727683 Yankee: Bravo, sending you 2
2024-10-14 13:54:17.728762 November: Oscar, sending you 2
2024-10-14 13:54:17.729364 Lima: November and Whiskey, sending you 6
2024-10-14 13:54:17.730453 Foxtrot: Yankee, sending you 5
2024-10-14 13:54:17.731666 November: Whiskey, sending you 3
2024-10-14 13:54:17.733012 Yankee: Echo, sending you 3
chatterbot Lima submitting transactions
chatterbot Hotel submitting transactions
chatterbot Bravo submitting transactions
chatterbot November submitting transactions
chatterbot Echo submitting transactions
chatterbot Foxtrot submitting transactions
chatterbot Kilo submitting transactions
chatterbot Oscar submitting transactions
chatterbot Yankee submitting transactions
chatterbot Whiskey submitting transactions
ChatterBot Kilo round 11
ChatterBot Foxtrot round 11
ChatterBot Hotel round 11
ChatterBot Yankee round 11
ChatterBot Bravo round 11
ChatterBot Lima round 11
ChatterBot Oscar round 11
ChatterBot November round 11
ChatterBot Echo round 11
ChatterBot Whiskey round 11
2024-10-14 13:54:18.694300 November: We should add Hotel
2024-10-14 13:54:18.701095 Lima: No
2024-10-14 13:54:18.701266 Oscar: No
2024-10-14 13:54:18.701407 Whiskey: No
ChatterBot November reevaluating
ChatterBot November reevaluating
ChatterBot Whiskey reevaluating
ChatterBot November reevaluating
2024-10-14 13:54:18.722666 Foxtrot: Kilo, Hotel and Echo, sending you 4
2024-10-14 13:54:18.723188 Kilo: Foxtrot and Yankee, sending you 4
2024-10-14 13:54:18.725827 Foxtrot: Yankee, sending you 5
2024-10-14 13:54:18.728825 Kilo: Hotel, Bravo and Echo, sending you 3
2024-10-14 13:54:18.729680 Oscar: Same as last round
2024-10-14 13:54:18.733648 Echo: Same as last round
2024-10-14 13:54:18.734653 Bravo: Kilo and Echo, sending you 3
2024-10-14 13:54:18.735638 Yankee: Kilo, Foxtrot and Hotel, sending you 4
2024-10-14 13:54:18.737771 Whiskey: Bravo, sending you 3
2024-10-14 13:54:18.738547 Lima: Oscar, sending you 4
2024-10-14 13:54:18.739659 Bravo: Foxtrot, sending you 1
2024-10-14 13:54:18.740368 Yankee: Bravo, sending you 2
2024-10-14 13:54:18.741672 Whiskey: Lima, sending you 5
2024-10-14 13:54:18.744679 Lima: November and Whiskey, sending you 6
2024-10-14 13:54:18.745268 Bravo: Hotel and Yankee, sending you 2
2024-10-14 13:54:18.746514 Yankee: Echo, sending you 3
2024-10-14 13:54:18.747184 Whiskey: Oscar and November, sending you 4
2024-10-14 13:54:18.749650 November: Lima, sending you 4
2024-10-14 13:54:18.752670 November: Oscar, sending you 2
2024-10-14 13:54:18.756666 November: Whiskey, sending you 3
chatterbot Yankee submitting transactions
chatterbot Oscar submitting transactions
chatterbot Kilo submitting transactions
chatterbot Echo submitting transactions
chatterbot Whiskey submitting transactions
chatterbot Lima submitting transactions
chatterbot Hotel submitting transactions
chatterbot November submitting transactions
chatterbot Bravo submitting transactions
chatterbot Foxtrot submitting transactions
ChatterBot Kilo round 12
ChatterBot Foxtrot round 12
ChatterBot Hotel round 12
ChatterBot Yankee round 12
ChatterBot Bravo round 12
ChatterBot Lima round 12
ChatterBot Oscar round 12
ChatterBot November round 12
ChatterBot Echo round 12
ChatterBot Whiskey round 12
2024-10-14 13:54:19.939678 Foxtrot: Kilo, Hotel and Echo, sending you 4
2024-10-14 13:54:19.944678 Lima: Oscar, sending you 4
2024-10-14 13:54:19.945705 Foxtrot: Yankee, sending you 5
2024-10-14 13:54:19.946903 Kilo: Foxtrot and Yankee, sending you 4
2024-10-14 13:54:19.948156 Oscar: Same as last round
2024-10-14 13:54:19.949278 Lima: November and Whiskey, sending you 6
2024-10-14 13:54:19.950096 Bravo: Kilo and Echo, sending you 3
2024-10-14 13:54:19.951530 Echo: Same as last round
2024-10-14 13:54:19.952722 Yankee: Kilo, Foxtrot and Hotel, sending you 4
2024-10-14 13:54:19.954257 Kilo: Hotel, Bravo and Echo, sending you 3
2024-10-14 13:54:19.956004 Bravo: Foxtrot, sending you 1
2024-10-14 13:54:19.958023 Yankee: Bravo, sending you 2
2024-10-14 13:54:19.960150 November: Lima, sending you 4
2024-10-14 13:54:19.960818 Bravo: Hotel and Yankee, sending you 2
2024-10-14 13:54:19.962666 Yankee: Echo, sending you 3
2024-10-14 13:54:19.964668 Whiskey: Lima, sending you 6
2024-10-14 13:54:19.965683 November: Oscar, sending you 2
2024-10-14 13:54:19.967667 Whiskey: Oscar and November, sending you 5
2024-10-14 13:54:19.970671 November: Whiskey, sending you 3
chatterbot Foxtrot submitting transactions
chatterbot Whiskey submitting transactions
chatterbot Bravo submitting transactions
chatterbot Lima submitting transactions
chatterbot November submitting transactions
chatterbot Kilo submitting transactions
chatterbot Yankee submitting transactions
chatterbot Echo submitting transactions
chatterbot Oscar submitting transactions
chatterbot Hotel submitting transactions
ChatterBot Kilo round 13
ChatterBot Foxtrot round 13
ChatterBot Hotel round 13
ChatterBot Yankee round 13
ChatterBot Bravo round 13
ChatterBot Lima round 13
ChatterBot Oscar round 13
ChatterBot November round 13
ChatterBot Echo round 13
2024-10-14 13:54:20.955695 Hotel: We should replace November with Oscar
2024-10-14 13:54:20.969342 Bravo: No
2024-10-14 13:54:20.969558 Foxtrot: No
2024-10-14 13:54:20.969745 Echo: No
2024-10-14 13:54:20.969945 Kilo: No
2024-10-14 13:54:20.970113 Yankee: No
ChatterBot Hotel reevaluating
ChatterBot Hotel reevaluating
ChatterBot Hotel reevaluating
ChatterBot Hotel reevaluating
ChatterBot Hotel reevaluating
ChatterBot Whiskey round 13
2024-10-14 13:54:21.161976 Hotel: Oscar we want you to join our group
2024-10-14 13:54:21.168792 Oscar: No
ChatterBot Hotel reevaluating
2024-10-14 13:54:21.202035 Yankee: Kilo, Foxtrot and Hotel, sending you 4
2024-10-14 13:54:21.205760 Oscar: Same as last round
2024-10-14 13:54:21.206504 Lima: Oscar, sending you 4
2024-10-14 13:54:21.208086 Foxtrot: Kilo, Hotel and Echo, sending you 4
2024-10-14 13:54:21.209835 November: Lima, sending you 4
2024-10-14 13:54:21.210250 Echo: Same as last round
2024-10-14 13:54:21.212768 Whiskey: Lima, sending you 6
2024-10-14 13:54:21.213417 Kilo: Foxtrot and Yankee, sending you 4
2024-10-14 13:54:21.215396 Bravo: Kilo and Echo, sending you 3
2024-10-14 13:54:21.218025 Yankee: Bravo, sending you 2
2024-10-14 13:54:21.220108 Lima: November and Whiskey, sending you 6
2024-10-14 13:54:21.220673 Foxtrot: Yankee, sending you 5
2024-10-14 13:54:21.222225 November: Oscar, sending you 2
2024-10-14 13:54:21.223528 Whiskey: Oscar and November, sending you 5
2024-10-14 13:54:21.224979 Kilo: Hotel, Bravo and Echo, sending you 3
2024-10-14 13:54:21.227093 Bravo: Foxtrot, sending you 1
2024-10-14 13:54:21.228416 Yankee: Echo, sending you 3
2024-10-14 13:54:21.229248 November: Whiskey, sending you 3
2024-10-14 13:54:21.233786 Bravo: Hotel and Yankee, sending you 2
chatterbot Lima submitting transactions
chatterbot Yankee submitting transactions
chatterbot Echo submitting transactions
chatterbot Whiskey submitting transactions
chatterbot Hotel submitting transactions
chatterbot Kilo submitting transactions
chatterbot November submitting transactions
chatterbot Bravo submitting transactions
chatterbot Foxtrot submitting transactions
chatterbot Oscar submitting transactions
ChatterBot Kilo round 14
ChatterBot Foxtrot round 14
ChatterBot Hotel round 14
ChatterBot Yankee round 14
ChatterBot Bravo round 14
ChatterBot Lima round 14
ChatterBot Oscar round 14
2024-10-14 13:54:22.240191 Hotel: We should replace November with Whiskey
2024-10-14 13:54:22.254018 Bravo: No
2024-10-14 13:54:22.254216 Foxtrot: No
2024-10-14 13:54:22.254385 Echo: No
2024-10-14 13:54:22.254525 Kilo: No
2024-10-14 13:54:22.254677 Yankee: No
ChatterBot Hotel reevaluating
ChatterBot Hotel reevaluating
ChatterBot Hotel reevaluating
ChatterBot Hotel reevaluating
ChatterBot Hotel reevaluating
ChatterBot November round 14
ChatterBot Echo round 14
ChatterBot Whiskey round 14
2024-10-14 13:54:22.338935 November: We should add Echo
ChatterBot Whiskey reevaluating
2024-10-14 13:54:22.350095 Lima: No
2024-10-14 13:54:22.350283 Oscar: No
2024-10-14 13:54:22.350463 Whiskey: Yes
ChatterBot November reevaluating
